500111070,20231002,1,18,7,1,25.04177,121.58735,11
500111070,20231002,2,18,7,1,25.04177,121.58735,11
500111070,20231002,3,18,7,1,25.04177,121.58735,11
500111070,20231002,4,18,7,1,25.04177,121.58735,11
500111070,20231002,5,18,7,1,25.04177,121.58735,11
500111070,20231002,6,18,7,1,25.04177,121.58735,11
500111070,20231002,7,18,7,1,25.04177,121.58735,11
500111070,20231002,8,18,7,1,25.04177,121.58735,11
500111070,20231002,9,18,7,1,25.04177,121.58735,11
500111070,20231002,10,18,7,1,25.04177,121.58735,11
500111070,20231002,11,18,6,1,25.04177,121.58735,12
500111070,20231002,12,18,6,1,25.04177,121.58735,12
500111070,20231002,13,18,6,1,25.04177,121.58735,12
500111070,20231002,14,18,6,1,25.04177,121.58735,12
500111070,20231002,15,18,6,1,25.04177,121.58735,12
500111070,20231002,16,18,6,1,25.04177,121.58735,12
500111070,20231002,17,18,6,1,25.04177,121.58735,12
500111070,20231002,18,18,6,1,25.04177,121.58735,12
500111070,20231002,19,18,6,1,25.04177,121.58735,12
500111070,20231002,21,18,6,1,25.04177,121.58735,12
500111070,20231002,22,18,6,1,25.04177,121.58735,12
500111070,20231002,23,18,6,1,25.04177,121.58735,12
500111070,20231002,24,18,6,1,25.04177,121.58735,12
500111070,20231002,25,18,6,1,25.04177,121.58735,12
500111070,20231002,26,18,6,1,25.04177,121.58735,12
500111070,20231002,27,18,6,1,25.04177,121.58735,12
500111070,20231002,28,18,6,1,25.04177,121.58735,12
500111070,20231002,29,18,6,1,25.04177,121.58735,12
500111070,20231002,30,18,5,1,25.04177,121.58735,13
500111070,20231002,31,18,4,1,25.04177,121.58735,14
500111070,20231002,32,18,4,1,25.04177,121.58735,14
500111070,20231002,33,18,4,1,25.04177,121.58735,14
500111070,20231002,34,18,4,1,25.04177,121.58735,14
500111070,20231002,35,18,4,1,25.04177,121.58735,14
500111070,20231002,36,18,4,1,25.04177,121.58735,14
500111070,20231002,37,18,4,1,25.04177,121.58735,14
500111070,20231002,38,18,4,1,25.04177,121.58735,14
500111070,20231002,39,18,4,1,25.04177,121.58735,14
500111070,20231002,40,18,4,1,25.04177,121.58735,14
500111070,20231002,41,18,4,1,25.04177,121.58735,14
500111070,20231002,42,18,4,1,25.04177,121.58735,14
500111070,20231002,43,18,4,1,25.04177,121.58735,14
500111070,20231002,44,18,4,1,25.04177,121.58735,14
500111070,20231002,45,18,4,1,25.04177,121.58735,14
500111070,20231002,46,18,4,1,25.04177,121.58735,14
500111070,20231002,47,18,4,1,25.04177,121.58735,14
500111070,20231002,48,18,4,1,25.04177,121.58735,14
500111070,20231002,49,18,4,1,25.04177,121.58735,14
500111070,20231002,50,18,4,1,25.04177,121.58735,14
500111070,20231002,51,18,4,1,25.04177,121.58735,14
500111070,20231002,52,18,4,1,25.04177,121.58735,14
500111070,20231002,53,18,4,1,25.04177,121.58735,14
500111070,20231002,54,18,4,1,25.04177,121.58735,14
500111070,20231002,55,18,4,1,25.04177,121.58735,14
500111070,20231002,56,18,4,1,25.04177,121.58735,14
500111070,20231002,57,18,4,1,25.04177,121.58735,14
500111070,20231002,58,18,4,1,25.04177,121.58735,14
500111070,20231002,59,18,4,1,25.04177,121.58735,14
500111070,20231002,60,18,4,1,25.04177,121.58735,14
500111070,20231002,61,18,4,1,25.04177,121.58735,14
500111070,20231002,62,18,4,1,25.04177,121.58735,14
500111070,20231002,63,18,4,1,25.04177,121.58735,14
500111070,20231002,64,18,4,1,25.04177,121.58735,14
500111070,20231002,65,18,4,1,25.04177,121.58735,14
500111070,20231002,66,18,4,1,25.04177,121.58735,14
500111070,20231002,67,18,4,1,25.04177,121.58735,14
500111070,20231002,68,18,4,1,25.04177,121.58735,14
500111070,20231002,69,18,4,1,25.04177,121.58735,14
500111070,20231002,70,18,4,1,25.04177,121.58735,14
500111070,20231002,71,18,4,1,25.04177,121.58735,14
500111070,20231002,72,18,4,1,25.04177,121.58735,14
500111070,20231002,73,18,4,1,25.04177,121.58735,14
500111070,20231002,74,18,4,1,25.04177,121.58735,14
500111070,20231002,75,18,4,1,25.04177,121.58735,14
500111070,20231002,76,18,4,1,25.04177,121.58735,14
500111070,20231002,77,18,4,1,25.04177,121.58735,14
500111070,20231002,78,18,4,1,25.04177,121.58735,14
500111070,20231002,79,18,4,1,25.04177,121.58735,14
500111070,20231002,81,18,4,1,25.04177,121.58735,14
500111070,20231002,82,18,4,1,25.04177,121.58735,14
500111070,20231002,83,18,4,1,25.04177,121.58735,14
500111070,20231002,84,18,4,1,25.04177,121.58735,14
500111070,20231002,85,18,6,1,25.04177,121.58735,12
500111070,20231002,86,18,8,1,25.04177,121.58735,10
500111070,20231002,87,18,8,1,25.04177,121.58735,10
500111070,20231002,88,18,8,1,25.04177,121.58735,10
500111070,20231002,89,18,8,1,25.04177,121.58735,10
500111070,20231002,90,18,8,1,25.04177,121.58735,10
500111070,20231002,91,18,8,1,25.04177,121.58735,10
500111070,20231002,92,18,8,1,25.04177,121.58735,10
500111070,20231002,93,18,8,1,25.04177,121.58735,10
500111070,20231002,94,18,8,1,25.04177,121.58735,10
500111070,20231002,95,18,8,1,25.04177,121.58735,10
500111070,20231002,96,18,8,1,25.04177,121.58735,10
500111070,20231002,97,18,8,1,25.04177,121.58735,10
500111070,20231002,98,18,8,1,25.04177,121.58735,10
500111070,20231002,99,18,8,1,25.04177,121.58735,10
500111070,20231002,100,18,8,1,25.04177,121.58735,10
500111070,20231002,101,18,8,1,25.04177,121.58735,10
500111070,20231002,102,18,8,1,25.04177,121.58735,10
500111070,20231002,103,18,8,1,25.04177,121.58735,10
500111070,20231002,104,18,8,1,25.04177,121.58735,10
500111070,20231002,105,18,8,1,25.04177,121.58735,10
500111070,20231002,106,18,8,1,25.04177,121.58735,10
500111070,20231002,107,18,8,1,25.04177,121.58735,10
500111070,20231002,108,18,8,1,25.04177,121.58735,10
500111070,20231002,109,18,8,1,25.04177,121.58735,10
500111070,20231002,110,18,8,1,25.04177,121.58735,10
500111070,20231002,111,18,8,1,25.04177,121.58735,10
500111070,20231002,112,18,8,1,25.04177,121.58735,10
500111070,20231002,113,18,8,1,25.04177,121.58735,10
500111070,20231002,114,18,8,1,25.04177,121.58735,10
500111070,20231002,115,18,8,1,25.04177,121.58735,10
500111070,20231002,116,18,8,1,25.04177,121.58735,10
500111070,20231002,117,18,8,1,25.04177,121.58735,10
500111070,20231002,118,18,8,1,25.04177,121.58735,10
500111070,20231002,119,18,8,1,25.04177,121.58735,10
500111070,20231002,121,18,8,1,25.04177,121.58735,10
500111070,20231002,122,18,8,1,25.04177,121.58735,10
500111070,20231002,123,18,8,1,25.04177,121.58735,10
500111070,20231002,124,18,8,1,25.04177,121.58735,10
500111070,20231002,125,18,8,1,25.04177,121.58735,10
500111070,20231002,126,18,8,1,25.04177,121.58735,10
500111070,20231002,127,18,8,1,25.04177,121.58735,10
500111070,20231002,128,18,8,1,25.04177,121.58735,10
500111070,20231002,129,18,8,1,25.04177,121.58735,10
500111070,20231002,130,18,8,1,25.04177,121.58735,10
500111070,20231002,131,18,8,1,25.04177,121.58735,10
500111070,20231002,132,18,8,1,25.04177,121.58735,10
500111070,20231002,133,18,8,1,25.04177,121.58735,10
500111070,20231002,134,18,8,1,25.04177,121.58735,10
500111070,20231002,135,18,8,1,25.04177,121.58735,10
500111070,20231002,136,18,8,1,25.04177,121.58735,10
500111070,20231002,137,18,8,1,25.04177,121.58735,10
500111070,20231002,138,18,8,1,25.04177,121.58735,10
500111070,20231002,139,18,8,1,25.04177,121.58735,10
500111070,20231002,141,18,8,1,25.04177,121.58735,10
500111070,20231002,142,18,8,1,25.04177,121.58735,10
500111070,20231002,143,18,8,1,25.04177,121.58735,10
500111070,20231002,144,18,8,1,25.04177,121.58735,10
500111070,20231002,145,18,8,1,25.04177,121.58735,10
500111070,20231002,146,18,8,1,25.04177,121.58735,10
500111070,20231002,147,18,8,1,25.04177,121.58735,10
500111070,20231002,148,18,8,1,25.04177,121.58735,10
500111070,20231002,149,18,8,1,25.04177,121.58735,10
500111070,20231002,150,18,8,1,25.04177,121.58735,10
500111070,20231002,151,18,8,1,25.04177,121.58735,10
500111070,20231002,152,18,8,1,25.04177,121.58735,10
500111070,20231002,153,18,8,1,25.04177,121.58735,10
500111070,20231002,154,18,7,1,25.04177,121.58735,11
500111070,20231002,155,18,6,1,25.04177,121.58735,12
500111070,20231002,156,18,6,1,25.04177,121.58735,12
500111070,20231002,157,18,6,1,25.04177,121.58735,12
500111070,20231002,158,18,6,1,25.04177,121.58735,12
500111070,20231002,159,18,6,1,25.04177,121.58735,12
500111070,20231002,160,18,6,1,25.04177,121.58735,12
500111070,20231002,161,18,6,1,25.04177,121.58735,12
500111070,20231002,162,18,6,1,25.04177,121.58735,12
500111070,20231002,163,18,6,1,25.04177,121.58735,12
500111070,20231002,164,18,6,1,25.04177,121.58735,12
500111070,20231002,165,18,6,1,25.04177,121.58735,12
500111070,20231002,166,18,6,1,25.04177,121.58735,12
500111070,20231002,167,18,6,1,25.04177,121.58735,12
500111070,20231002,168,18,6,1,25.04177,121.58735,12
500111070,20231002,169,18,6,1,25.04177,121.58735,12
500111070,20231002,170,18,5,1,25.04177,121.58735,13
500111070,20231002,171,18,5,1,25.04177,121.58735,13
500111070,20231002,172,18,5,1,25.04177,121.58735,13
500111070,20231002,173,18,5,1,25.04177,121.58735,13
500111070,20231002,174,18,5,1,25.04177,121.58735,13
500111070,20231002,175,18,5,1,25.04177,121.58735,13
500111070,20231002,176,18,5,1,25.04177,121.58735,13
500111070,20231002,177,18,5,1,25.04177,121.58735,13
500111070,20231002,178,18,5,1,25.04177,121.58735,13
500111070,20231002,179,18,5,1,25.04177,121.58735,13
500111070,20231002,180,18,5,1,25.04177,121.58735,13
500111070,20231002,181,18,5,1,25.04177,121.58735,13
500111070,20231002,182,18,5,1,25.04177,121.58735,13
500111070,20231002,183,18,5,1,25.04177,121.58735,13
500111070,20231002,184,18,5,1,25.04177,121.58735,13
500111070,20231002,185,18,5,1,25.04177,121.58735,13
500111070,20231002,186,18,5,1,25.04177,121.58735,13
500111070,20231002,187,18,5,1,25.04177,121.58735,13
500111070,20231002,188,18,5,1,25.04177,121.58735,13
500111070,20231002,189,18,5,1,25.04177,121.58735,13
500111070,20231002,190,18,5,1,25.04177,121.58735,13
500111070,20231002,191,18,5,1,25.04177,121.58735,13
500111070,20231002,192,18,5,1,25.04177,121.58735,13
500111070,20231002,193,18,5,1,25.04177,121.58735,13
500111070,20231002,194,18,5,1,25.04177,121.58735,13
500111070,20231002,195,18,5,1,25.04177,121.58735,13
500111070,20231002,196,18,5,1,25.04177,121.58735,13
500111070,20231002,197,18,5,1,25.04177,121.58735,13
500111070,20231002,198,18,5,1,25.04177,121.58735,13
500111070,20231002,199,18,5,1,25.04177,121.58735,13
500111070,20231002,201,18,5,1,25.04177,121.58735,13
500111070,20231002,202,18,5,1,25.04177,121.58735,13
500111070,20231002,203,18,5,1,25.04177,121.58735,13
500111070,20231002,204,18,5,1,25.04177,121.58735,13
500111070,20231002,205,18,5,1,25.04177,121.58735,13
500111070,20231002,206,18,5,1,25.04177,121.58735,13
500111070,20231002,207,18,5,1,25.04177,121.58735,13
500111070,20231002,208,18,5,1,25.04177,121.58735,13
500111070,20231002,209,18,5,1,25.04177,121.58735,13
500111070,20231002,210,18,5,1,25.04177,121.58735,13
500111070,20231002,211,18,5,1,25.04177,121.58735,13
500111070,20231002,212,18,5,1,25.04177,121.58735,13
500111070,20231002,213,18,5,1,25.04177,121.58735,13
500111070,20231002,214,18,5,1,25.04177,121.58735,13
500111070,20231002,215,18,5,1,25.04177,121.58735,13
500111070,20231002,216,18,5,1,25.04177,121.58735,13
500111070,20231002,217,18,5,1,25.04177,121.58735,13
500111070,20231002,218,18,5,1,25.04177,121.58735,13
500111070,20231002,219,18,5,1,25.04177,121.58735,13
500111070,20231002,220,18,5,1,25.04177,121.58735,13
500111070,20231002,221,18,5,1,25.04177,121.58735,13
500111070,20231002,222,18,5,1,25.04177,121.58735,13
500111070,20231002,223,18,5,1,25.04177,121.58735,13
500111070,20231002,224,18,5,1,25.04177,121.58735,13
500111070,20231002,225,18,5,1,25.04177,121.58735,13
500111070,20231002,226,18,5,1,25.04177,121.58735,13
500111070,20231002,227,18,5,1,25.04177,121.58735,13
500111070,20231002,228,18,5,1,25.04177,121.58735,13
500111070,20231002,229,18,5,1,25.04177,121.58735,13
500111070,20231002,230,18,5,1,25.04177,121.58735,13
500111070,20231002,231,18,5,1,25.04177,121.58735,13
500111070,20231002,232,18,5,1,25.04177,121.58735,13
500111070,20231002,233,18,5,1,25.04177,121.58735,13
500111070,20231002,234,18,5,1,25.04177,121.58735,13
500111070,20231002,235,18,5,1,25.04177,121.58735,13
500111070,20231002,236,18,5,1,25.04177,121.58735,13
500111070,20231002,237,18,5,1,25.04177,121.58735,13
500111070,20231002,238,18,5,1,25.04177,121.58735,13
500111070,20231002,239,18,5,1,25.04177,121.58735,13
500111070,20231002,240,18,5,1,25.04177,121.58735,13
500111070,20231002,241,18,5,1,25.04177,121.58735,13
500111070,20231002,242,18,5,1,25.04177,121.58735,13
500111070,20231002,243,18,5,1,25.04177,121.58735,13
500111070,20231002,244,18,5,1,25.04177,121.58735,13
500111070,20231002,245,18,5,1,25.04177,121.58735,13
500111070,20231002,246,18,5,1,25.04177,121.58735,13
500111070,20231002,247,18,5,1,25.04177,121.58735,13
500111070,20231002,248,18,5,1,25.04177,121.58735,13
500111070,20231002,249,18,5,1,25.04177,121.58735,13
500111070,20231002,250,18,5,1,25.04177,121.58735,13
500111070,20231002,251,18,5,1,25.04177,121.58735,13
500111070,20231002,252,18,5,1,25.04177,121.58735,13
500111070,20231002,253,18,5,1,25.04177,121.58735,13
500111070,20231002,254,18,5,1,25.04177,121.58735,13
500111070,20231002,255,18,5,1,25.04177,121.58735,13
500111070,20231002,256,18,5,1,25.04177,121.58735,13
500111070,20231002,257,18,5,1,25.04177,121.58735,13
500111070,20231002,258,18,5,1,25.04177,121.58735,13
500111070,20231002,259,18,5,1,25.04177,121.58735,13
500111070,20231002,261,18,5,1,25.04177,121.58735,13
500111070,20231002,262,18,5,1,25.04177,121.58735,13
500111070,20231002,264,18,5,1,25.04177,121.58735,13
500111070,20231002,265,18,5,1,25.04177,121.58735,13
500111070,20231002,266,18,5,1,25.04177,121.58735,13
500111070,20231002,267,18,5,1,25.04177,121.58735,13
500111070,20231002,268,18,5,1,25.04177,121.58735,13
500111070,20231002,269,18,5,1,25.04177,121.58735,13
500111070,20231002,270,18,5,1,25.04177,121.58735,13
500111070,20231002,271,18,5,1,25.04177,121.58735,13
500111070,20231002,272,18,5,1,25.04177,121.58735,13
500111070,20231002,273,18,5,1,25.04177,121.58735,13
500111070,20231002,274,18,5,1,25.04177,121.58735,13
500111070,20231002,275,18,5,1,25.04177,121.58735,13
500111070,20231002,276,18,5,1,25.04177,121.58735,13
500111070,20231002,277,18,5,1,25.04177,121.58735,13
500111070,20231002,278,18,5,1,25.04177,121.58735,13
500111070,20231002,279,18,5,1,25.04177,121.58735,13
500111070,20231002,280,18,5,1,25.04177,121.58735,13
500111070,20231002,281,18,5,1,25.04177,121.58735,13
500111070,20231002,282,18,5,1,25.04177,121.58735,13
500111070,20231002,283,18,5,1,25.04177,121.58735,13
500111070,20231002,284,18,5,1,25.04177,121.58735,13
500111070,20231002,285,18,4,1,25.04177,121.58735,14
500111070,20231002,286,18,4,1,25.04177,121.58735,14
500111070,20231002,287,18,4,1,25.04177,121.58735,14
500111070,20231002,288,18,4,1,25.04177,121.58735,14
500111070,20231002,289,18,4,1,25.04177,121.58735,14
500111070,20231002,290,18,4,1,25.04177,121.58735,14
500111070,20231002,291,18,4,1,25.04177,121.58735,14
500111070,20231002,292,18,4,1,25.04177,121.58735,14
500111070,20231002,293,18,4,1,25.04177,121.58735,14
500111070,20231002,294,18,4,1,25.04177,121.58735,14
500111070,20231002,295,18,4,1,25.04177,121.58735,14
500111070,20231002,296,18,4,1,25.04177,121.58735,14
500111070,20231002,297,18,4,1,25.04177,121.58735,14
500111070,20231002,298,18,4,1,25.04177,121.58735,14
500111070,20231002,299,18,4,1,25.04177,121.58735,14
500111070,20231002,300,18,4,1,25.04177,121.58735,14
500111070,20231002,301,18,4,1,25.04177,121.58735,14
500111070,20231002,302,18,4,1,25.04177,121.58735,14
500111070,20231002,303,18,4,1,25.04177,121.58735,14
500111070,20231002,304,18,4,1,25.04177,121.58735,14
500111070,20231002,305,18,4,1,25.04177,121.58735,14
500111070,20231002,306,18,4,1,25.04177,121.58735,14
500111070,20231002,307,18,4,1,25.04177,121.58735,14
500111070,20231002,308,18,4,1,25.04177,121.58735,14
500111070,20231002,309,18,4,1,25.04177,121.58735,14
500111070,20231002,310,18,4,1,25.04177,121.58735,14
500111070,20231002,311,18,4,1,25.04177,121.58735,14
500111070,20231002,312,18,4,1,25.04177,121.58735,14
500111070,20231002,313,18,4,1,25.04177,121.58735,14
500111070,20231002,314,18,4,1,25.04177,121.58735,14
500111070,20231002,315,18,4,1,25.04177,121.58735,14
500111070,20231002,316,18,4,1,25.04177,121.58735,14
500111070,20231002,317,18,4,1,25.04177,121.58735,14
500111070,20231002,318,18,4,1,25.04177,121.58735,14
500111070,20231002,319,18,4,1,25.04177,121.58735,14
500111070,20231002,321,18,5,1,25.04177,121.58735,13
500111070,20231002,322,18,5,1,25.04177,121.58735,13
500111070,20231002,323,18,5,1,25.04177,121.58735,13
500111070,20231002,324,18,5,1,25.04177,121.58735,13
500111070,20231002,325,18,5,1,25.04177,121.58735,13
500111070,20231002,326,18,5,1,25.04177,121.58735,13
500111070,20231002,327,18,5,1,25.04177,121.58735,13
500111070,20231002,328,18,5,1,25.04177,121.58735,13
500111070,20231002,329,18,5,1,25.04177,121.58735,13
500111070,20231002,330,18,5,1,25.04177,121.58735,13
500111070,20231002,331,18,5,1,25.04177,121.58735,13
500111070,20231002,332,18,5,1,25.04177,121.58735,13
500111070,20231002,333,18,5,1,25.04177,121.58735,13
500111070,20231002,334,18,5,1,25.04177,121.58735,13
500111070,20231002,335,18,5,1,25.04177,121.58735,13
500111070,20231002,336,18,5,1,25.04177,121.58735,13
500111070,20231002,337,18,5,1,25.04177,121.58735,13
500111070,20231002,338,18,5,1,25.04177,121.58735,13
500111070,20231002,339,18,5,1,25.04177,121.58735,13
500111070,20231002,340,18,5,1,25.04177,121.58735,13
500111070,20231002,341,18,5,1,25.04177,121.58735,13
500111070,20231002,342,18,5,1,25.04177,121.58735,13
500111070,20231002,343,18,5,1,25.04177,121.58735,13
500111070,20231002,344,18,5,1,25.04177,121.58735,13
500111070,20231002,345,18,5,1,25.04177,121.58735,13
500111070,20231002,346,18,5,1,25.04177,121.58735,13
500111070,20231002,347,18,5,1,25.04177,121.58735,13
500111070,20231002,348,18,5,1,25.04177,121.58735,13
500111070,20231002,349,18,5,1,25.04177,121.58735,13
500111070,20231002,350,18,5,1,25.04177,121.58735,13
500111070,20231002,351,18,5,1,25.04177,121.58735,13
500111070,20231002,352,18,5,1,25.04177,121.58735,13
500111070,20231002,353,18,5,1,25.04177,121.58735,13
500111070,20231002,354,18,5,1,25.04177,121.58735,13
500111070,20231002,355,18,5,1,25.04177,121.58735,13
500111070,20231002,356,18,5,1,25.04177,121.58735,13
500111070,20231002,357,18,5,1,25.04177,121.58735,13
500111070,20231002,358,18,5,1,25.04177,121.58735,13
500111070,20231002,359,18,5,1,25.04177,121.58735,13
500111070,20231002,360,18,5,1,25.04177,121.58735,13
500111070,20231002,361,18,5,1,25.04177,121.58735,13
500111070,20231002,362,18,5,1,25.04177,121.58735,13
500111070,20231002,363,18,5,1,25.04177,121.58735,13
500111070,20231002,364,18,5,1,25.04177,121.58735,13
500111070,20231002,365,18,5,1,25.04177,121.58735,13
500111070,20231002,366,18,5,1,25.04177,121.58735,13
500111070,20231002,367,18,5,1,25.04177,121.58735,13
500111070,20231002,368,18,5,1,25.04177,121.58735,13
500111070,20231002,369,18,6,1,25.04177,121.58735,12
500111070,20231002,370,18,6,1,25.04177,121.58735,12
500111070,20231002,371,18,6,1,25.04177,121.58735,12
500111070,20231002,372,18,6,1,25.04177,121.58735,12
500111070,20231002,373,18,6,1,25.04177,121.58735,12
500111070,20231002,374,18,6,1,25.04177,121.58735,12
500111070,20231002,375,18,6,1,25.04177,121.58735,12
500111070,20231002,376,18,6,1,25.04177,121.58735,12
500111070,20231002,377,18,6,1,25.04177,121.58735,12
500111070,20231002,378,18,6,1,25.04177,121.58735,12
500111070,20231002,379,18,6,1,25.04177,121.58735,12
500111070,20231002,381,18,7,1,25.04177,121.58735,11
500111070,20231002,382,18,7,1,25.04177,121.58735,11
500111070,20231002,383,18,7,1,25.04177,121.58735,11
500111070,20231002,384,18,7,1,25.04177,121.58735,11
500111070,20231002,385,18,7,1,25.04177,121.58735,11
500111070,20231002,386,18,7,1,25.04177,121.58735,11
500111070,20231002,387,18,8,1,25.04177,121.58735,10
500111070,20231002,388,18,8,1,25.04177,121.58735,10
500111070,20231002,389,18,7,1,25.04177,121.58735,11
500111070,20231002,390,18,7,1,25.04177,121.58735,11
500111070,20231002,391,18,7,1,25.04177,121.58735,11
500111070,20231002,392,18,7,1,25.04177,121.58735,11
500111070,20231002,393,18,7,1,25.04177,121.58735,11
500111070,20231002,394,18,8,1,25.04177,121.58735,10
500111070,20231002,395,18,8,1,25.04177,121.58735,10
500111070,20231002,396,18,8,1,25.04177,121.58735,10
500111070,20231002,397,18,9,1,25.04177,121.58735,9
500111070,20231002,398,18,9,1,25.04177,121.58735,9
500111070,20231002,399,18,9,1,25.04177,121.58735,9
500111070,20231002,400,18,9,1,25.04177,121.58735,9
500111070,20231002,401,18,9,1,25.04177,121.58735,9
500111070,20231002,402,18,10,1,25.04177,121.58735,8
500111070,20231002,403,18,10,1,25.04177,121.58735,8
500111070,20231002,404,18,10,1,25.04177,121.58735,8
500111070,20231002,405,18,10,1,25.04177,121.58735,8
500111070,20231002,406,18,10,1,25.04177,121.58735,8
500111070,20231002,407,18,10,1,25.04177,121.58735,8
500111070,20231002,408,18,10,1,25.04177,121.58735,8
500111070,20231002,409,18,10,1,25.04177,121.58735,8
500111070,20231002,410,18,10,1,25.04177,121.58735,8
500111070,20231002,411,18,10,1,25.04177,121.58735,8
500111070,20231002,412,18,10,1,25.04177,121.58735,8
500111070,20231002,413,18,10,1,25.04177,121.58735,8
500111070,20231002,414,18,10,1,25.04177,121.58735,8
500111070,20231002,415,18,10,1,25.04177,121.58735,8
500111070,20231002,416,18,10,1,25.04177,121.58735,8
500111070,20231002,417,18,11,1,25.04177,121.58735,7
500111070,20231002,418,18,12,1,25.04177,121.58735,6
500111070,20231002,419,18,12,1,25.04177,121.58735,6
500111070,20231002,421,18,13,1,25.04177,121.58735,5
500111070,20231002,422,18,13,1,25.04177,121.58735,5
500111070,20231002,423,18,13,1,25.04177,121.58735,5
500111070,20231002,424,18,13,1,25.04177,121.58735,5
500111070,20231002,425,18,13,1,25.04177,121.58735,5
500111070,20231002,426,18,15,1,25.04177,121.58735,3
500111070,20231002,427,18,15,1,25.04177,121.58735,3
500111070,20231002,428,18,15,1,25.04177,121.58735,3
500111070,20231002,429,18,16,1,25.04177,121.58735,2
500111070,20231002,430,18,17,1,25.04177,121.58735,1
500111070,20231002,431,18,17,1,25.04177,121.58735,1
500111070,20231002,432,18,17,1,25.04177,121.58735,1
500111070,20231002,433,18,17,1,25.04177,121.58735,1
500111070,20231002,434,18,18,1,25.04177,121.58735,0
500111070,20231002,435,18,18,1,25.04177,121.58735,0
500111070,20231002,436,18,18,1,25.04177,121.58735,0
500111070,20231002,437,18,18,1,25.04177,121.58735,0
500111070,20231002,438,18,18,1,25.04177,121.58735,0
500111070,20231002,439,18,18,1,25.04177,121.58735,0
500111070,20231002,441,18,18,1,25.04177,121.58735,0
500111070,20231002,442,18,18,1,25.04177,121.58735,0
500111070,20231002,443,18,18,1,25.04177,121.58735,0
500111070,20231002,444,18,18,1,25.04177,121.58735,0
500111070,20231002,445,18,17,1,25.04177,121.58735,1
500111070,20231002,446,18,17,1,25.04177,121.58735,1
500111070,20231002,447,18,17,1,25.04177,121.58735,1
500111070,20231002,448,18,18,1,25.04177,121.58735,0
500111070,20231002,449,18,18,1,25.04177,121.58735,0
500111070,20231002,451,18,18,1,25.04177,121.58735,0
500111070,20231002,452,18,18,1,25.04177,121.58735,0
500111070,20231002,453,18,18,1,25.04177,121.58735,0
500111070,20231002,454,18,18,1,25.04177,121.58735,0
500111070,20231002,455,18,18,1,25.04177,121.58735,0
500111070,20231002,456,18,18,1,25.04177,121.58735,0
500111070,20231002,457,18,18,1,25.04177,121.58735,0
500111070,20231002,458,18,18,1,25.04177,121.58735,0
500111070,20231002,459,18,18,1,25.04177,121.58735,0
500111070,20231002,460,18,18,1,25.04177,121.58735,0
500111070,20231002,461,18,18,1,25.04177,121.58735,0
500111070,20231002,462,18,18,1,25.04177,121.58735,0
500111070,20231002,463,18,18,1,25.04177,121.58735,0
500111070,20231002,464,18,18,1,25.04177,121.58735,0
500111070,20231002,465,18,18,1,25.04177,121.58735,0
500111070,20231002,466,18,18,1,25.04177,121.58735,0
500111070,20231002,467,18,18,1,25.04177,121.58735,0
500111070,20231002,468,18,18,1,25.04177,121.58735,0
500111070,20231002,469,18,17,1,25.04177,121.58735,1
500111070,20231002,470,18,17,1,25.04177,121.58735,1
500111070,20231002,471,18,17,1,25.04177,121.58735,1
500111070,20231002,472,18,17,1,25.04177,121.58735,1
500111070,20231002,473,18,17,1,25.04177,121.58735,1
500111070,20231002,474,18,17,1,25.04177,121.58735,1
500111070,20231002,475,18,17,1,25.04177,121.58735,1
500111070,20231002,476,18,17,1,25.04177,121.58735,1
500111070,20231002,477,18,16,1,25.04177,121.58735,2
500111070,20231002,478,18,15,1,25.04177,121.58735,3
500111070,20231002,479,18,15,1,25.04177,121.58735,3
500111070,20231002,481,18,15,1,25.04177,121.58735,3
500111070,20231002,482,18,15,1,25.04177,121.58735,3
500111070,20231002,483,18,15,1,25.04177,121.58735,3
500111070,20231002,484,18,15,1,25.04177,121.58735,3
500111070,20231002,485,18,15,1,25.04177,121.58735,3
500111070,20231002,486,18,15,1,25.04177,121.58735,3
500111070,20231002,487,18,15,1,25.04177,121.58735,3
500111070,20231002,488,18,15,1,25.04177,121.58735,3
500111070,20231002,489,18,14,1,25.04177,121.58735,4
500111070,20231002,490,18,14,1,25.04177,121.58735,4
500111070,20231002,491,18,14,1,25.04177,121.58735,4
500111070,20231002,492,18,14,1,25.04177,121.58735,4
500111070,20231002,493,18,14,1,25.04177,121.58735,4
500111070,20231002,494,18,14,1,25.04177,121.58735,4
500111070,20231002,495,18,14,1,25.04177,121.58735,4
500111070,20231002,496,18,13,1,25.04177,121.58735,5
500111070,20231002,497,18,13,1,25.04177,121.58735,5
500111070,20231002,498,18,13,1,25.04177,121.58735,5
500111070,20231002,499,18,13,1,25.04177,121.58735,5
500111070,20231002,501,18,13,1,25.04177,121.58735,5
500111070,20231002,502,18,14,1,25.04177,121.58735,4
500111070,20231002,503,18,16,1,25.04177,121.58735,2
500111070,20231002,504,18,16,1,25.04177,121.58735,2
500111070,20231002,505,18,16,1,25.04177,121.58735,2
500111070,20231002,506,18,16,1,25.04177,121.58735,2
500111070,20231002,507,18,17,1,25.04177,121.58735,1
500111070,20231002,508,18,17,1,25.04177,121.58735,1
500111070,20231002,509,18,17,1,25.04177,121.58735,1
500111070,20231002,512,18,18,1,25.04177,121.58735,0
500111070,20231002,513,18,18,1,25.04177,121.58735,0
500111070,20231002,514,18,18,1,25.04177,121.58735,0
500111070,20231002,515,18,18,1,25.04177,121.58735,0
500111070,20231002,516,18,18,1,25.04177,121.58735,0
500111070,20231002,517,18,18,1,25.04177,121.58735,0
500111070,20231002,518,18,18,1,25.04177,121.58735,0
500111070,20231002,519,18,18,1,25.04177,121.58735,0
500111070,20231002,521,18,18,1,25.04177,121.58735,0
500111070,20231002,522,18,18,1,25.04177,121.58735,0
500111070,20231002,523,18,18,1,25.04177,121.58735,0
500111070,20231002,524,18,18,1,25.04177,121.58735,0
500111070,20231002,525,18,18,1,25.04177,121.58735,0
500111070,20231002,526,18,18,1,25.04177,121.58735,0
500111070,20231002,528,18,18,1,25.04177,121.58735,0
500111070,20231002,529,18,18,1,25.04177,121.58735,0
500111070,20231002,531,18,18,1,25.04177,121.58735,0
500111070,20231002,532,18,18,1,25.04177,121.58735,0
500111070,20231002,533,18,18,1,25.04177,121.58735,0
500111070,20231002,534,18,18,1,25.04177,121.58735,0
500111070,20231002,535,18,18,1,25.04177,121.58735,0
500111070,20231002,536,18,18,1,25.04177,121.58735,0
500111070,20231002,537,18,18,1,25.04177,121.58735,0
500111070,20231002,538,18,18,1,25.04177,121.58735,0
500111070,20231002,539,18,18,1,25.04177,121.58735,0
500111070,20231002,541,18,18,1,25.04177,121.58735,0
500111070,20231002,542,18,18,1,25.04177,121.58735,0
500111070,20231002,543,18,18,1,25.04177,121.58735,0
500111070,20231002,544,18,18,1,25.04177,121.58735,0
500111070,20231002,545,18,18,1,25.04177,121.58735,0
500111070,20231002,546,18,18,1,25.04177,121.58735,0
500111070,20231002,547,18,18,1,25.04177,121.58735,0
500111070,20231002,548,18,18,1,25.04177,121.58735,0
500111070,20231002,549,18,18,1,25.04177,121.58735,0
500111070,20231002,550,18,18,1,25.04177,121.58735,0
500111070,20231002,552,18,18,1,25.04177,121.58735,0
500111070,20231002,553,18,18,1,25.04177,121.58735,0
500111070,20231002,554,18,18,1,25.04177,121.58735,0
500111070,20231002,555,18,18,1,25.04177,121.58735,0
500111070,20231002,556,18,18,1,25.04177,121.58735,0
500111070,20231002,557,18,18,1,25.04177,121.58735,0
500111070,20231002,558,18,18,1,25.04177,121.58735,0
500111070,20231002,559,18,18,1,25.04177,121.58735,0
500111070,20231002,561,18,18,1,25.04177,121.58735,0
500111070,20231002,562,18,18,1,25.04177,121.58735,0
500111070,20231002,563,18,18,1,25.04177,121.58735,0
500111070,20231002,564,18,18,1,25.04177,121.58735,0
500111070,20231002,565,18,18,1,25.04177,121.58735,0
500111070,20231002,566,18,18,1,25.04177,121.58735,0
500111070,20231002,567,18,18,1,25.04177,121.58735,0
500111070,20231002,568,18,18,1,25.04177,121.58735,0
500111070,20231002,569,18,18,1,25.04177,121.58735,0
500111070,20231002,571,18,18,1,25.04177,121.58735,0
500111070,20231002,572,18,18,1,25.04177,121.58735,0
500111070,20231002,573,18,18,1,25.04177,121.58735,0
500111070,20231002,574,18,18,1,25.04177,121.58735,0
500111070,20231002,575,18,18,1,25.04177,121.58735,0
500111070,20231002,576,18,18,1,25.04177,121.58735,0
500111070,20231002,577,18,18,1,25.04177,121.58735,0
500111070,20231002,578,18,18,1,25.04177,121.58735,0
500111070,20231002,579,18,18,1,25.04177,121.58735,0
500111070,20231002,581,18,18,1,25.04177,121.58735,0
500111070,20231002,582,18,18,1,25.04177,121.58735,0
500111070,20231002,583,18,18,1,25.04177,121.58735,0
500111070,20231002,584,18,18,1,25.04177,121.58735,0
500111070,20231002,585,18,18,1,25.04177,121.58735,0
500111070,20231002,586,18,18,1,25.04177,121.58735,0
500111070,20231002,587,18,18,1,25.04177,121.58735,0
500111070,20231002,588,18,18,1,25.04177,121.58735,0
500111070,20231002,589,18,18,1,25.04177,121.58735,0
500111070,20231002,591,18,18,1,25.04177,121.58735,0
500111070,20231002,592,18,18,1,25.04177,121.58735,0
500111070,20231002,593,18,18,1,25.04177,121.58735,0
500111070,20231002,594,18,18,1,25.04177,121.58735,0
500111070,20231002,595,18,18,1,25.04177,121.58735,0
500111070,20231002,596,18,18,1,25.04177,121.58735,0
500111070,20231002,597,18,18,1,25.04177,121.58735,0
500111070,20231002,598,18,18,1,25.04177,121.58735,0
500111070,20231002,599,18,18,1,25.04177,121.58735,0
500111070,20231002,601,18,18,1,25.04177,121.58735,0
500111070,20231002,602,18,18,1,25.04177,121.58735,0
500111070,20231002,603,18,18,1,25.04177,121.58735,0
500111070,20231002,604,18,18,1,25.04177,121.58735,0
500111070,20231002,605,18,18,1,25.04177,121.58735,0
500111070,20231002,606,18,18,1,25.04177,121.58735,0
500111070,20231002,607,18,18,1,25.04177,121.58735,0
500111070,20231002,608,18,18,1,25.04177,121.58735,0
500111070,20231002,609,18,18,1,25.04177,121.58735,0
500111070,20231002,610,18,18,1,25.04177,121.58735,0
500111070,20231002,611,18,18,1,25.04177,121.58735,0
500111070,20231002,612,18,18,1,25.04177,121.58735,0
500111070,20231002,613,18,18,1,25.04177,121.58735,0
500111070,20231002,614,18,18,1,25.04177,121.58735,0
500111070,20231002,615,18,18,1,25.04177,121.58735,0
500111070,20231002,617,18,18,1,25.04177,121.58735,0
500111070,20231002,618,18,18,1,25.04177,121.58735,0
500111070,20231002,619,18,18,1,25.04177,121.58735,0
500111070,20231002,621,18,18,1,25.04177,121.58735,0
500111070,20231002,622,18,18,1,25.04177,121.58735,0
500111070,20231002,623,18,18,1,25.04177,121.58735,0
500111070,20231002,624,18,18,1,25.04177,121.58735,0
500111070,20231002,625,18,18,1,25.04177,121.58735,0
500111070,20231002,627,18,18,1,25.04177,121.58735,0
500111070,20231002,628,18,18,1,25.04177,121.58735,0
500111070,20231002,629,18,18,1,25.04177,121.58735,0
500111070,20231002,631,18,18,1,25.04177,121.58735,0
500111070,20231002,632,18,18,1,25.04177,121.58735,0
500111070,20231002,634,18,18,1,25.04177,121.58735,0
500111070,20231002,635,18,18,1,25.04177,121.58735,0
500111070,20231002,637,18,18,1,25.04177,121.58735,0
500111070,20231002,638,18,18,1,25.04177,121.58735,0
500111070,20231002,639,18,18,1,25.04177,121.58735,0
500111070,20231002,640,18,18,1,25.04177,121.58735,0
500111070,20231002,641,18,18,1,25.04177,121.58735,0
500111070,20231002,642,18,18,1,25.04177,121.58735,0
500111070,20231002,643,18,18,1,25.04177,121.58735,0
500111070,20231002,644,18,18,1,25.04177,121.58735,0
500111070,20231002,645,18,18,1,25.04177,121.58735,0
500111070,20231002,646,18,17,1,25.04177,121.58735,1
500111070,20231002,647,18,17,1,25.04177,121.58735,1
500111070,20231002,648,18,17,1,25.04177,121.58735,1
500111070,20231002,649,18,17,1,25.04177,121.58735,1
500111070,20231002,650,18,17,1,25.04177,121.58735,1
500111070,20231002,651,18,17,1,25.04177,121.58735,1
500111070,20231002,652,18,17,1,25.04177,121.58735,1
500111070,20231002,653,18,17,1,25.04177,121.58735,1
500111070,20231002,654,18,17,1,25.04177,121.58735,1
500111070,20231002,655,18,17,1,25.04177,121.58735,1
500111070,20231002,656,18,17,1,25.04177,121.58735,1
500111070,20231002,657,18,17,1,25.04177,121.58735,1
500111070,20231002,658,18,17,1,25.04177,121.58735,1
500111070,20231002,659,18,17,1,25.04177,121.58735,1
500111070,20231002,661,18,17,1,25.04177,121.58735,1
500111070,20231002,662,18,17,1,25.04177,121.58735,1
500111070,20231002,663,18,17,1,25.04177,121.58735,1
500111070,20231002,664,18,17,1,25.04177,121.58735,1
500111070,20231002,665,18,17,1,25.04177,121.58735,1
500111070,20231002,666,18,17,1,25.04177,121.58735,1
500111070,20231002,667,18,17,1,25.04177,121.58735,1
500111070,20231002,668,18,18,1,25.04177,121.58735,0
500111070,20231002,669,18,18,1,25.04177,121.58735,0
500111070,20231002,671,18,18,1,25.04177,121.58735,0
500111070,20231002,672,18,18,1,25.04177,121.58735,0
500111070,20231002,673,18,18,1,25.04177,121.58735,0
500111070,20231002,674,18,18,1,25.04177,121.58735,0
500111070,20231002,675,18,18,1,25.04177,121.58735,0
500111070,20231002,676,18,18,1,25.04177,121.58735,0
500111070,20231002,677,18,18,1,25.04177,121.58735,0
500111070,20231002,678,18,18,1,25.04177,121.58735,0
500111070,20231002,679,18,18,1,25.04177,121.58735,0
500111070,20231002,681,18,17,1,25.04177,121.58735,1
500111070,20231002,682,18,17,1,25.04177,121.58735,1
500111070,20231002,683,18,17,1,25.04177,121.58735,1
500111070,20231002,684,18,17,1,25.04177,121.58735,1
500111070,20231002,685,18,17,1,25.04177,121.58735,1
500111070,20231002,686,18,17,1,25.04177,121.58735,1
500111070,20231002,687,18,17,1,25.04177,121.58735,1
500111070,20231002,688,18,17,1,25.04177,121.58735,1
500111070,20231002,689,18,17,1,25.04177,121.58735,1
500111070,20231002,690,18,17,1,25.04177,121.58735,1
500111070,20231002,691,18,18,1,25.04177,121.58735,0
500111070,20231002,692,18,18,1,25.04177,121.58735,0
500111070,20231002,693,18,17,1,25.04177,121.58735,1
500111070,20231002,694,18,14,1,25.04177,121.58735,4
500111070,20231002,695,18,14,1,25.04177,121.58735,4
500111070,20231002,696,18,14,1,25.04177,121.58735,4
500111070,20231002,697,18,13,1,25.04177,121.58735,5
500111070,20231002,698,18,14,1,25.04177,121.58735,4
500111070,20231002,699,18,16,1,25.04177,121.58735,2
500111070,20231002,700,18,16,1,25.04177,121.58735,2
500111070,20231002,701,18,16,1,25.04177,121.58735,2
500111070,20231002,702,18,16,1,25.04177,121.58735,2
500111070,20231002,703,18,16,1,25.04177,121.58735,2
500111070,20231002,704,18,17,1,25.04177,121.58735,1
500111070,20231002,705,18,17,1,25.04177,121.58735,1
500111070,20231002,706,18,17,1,25.04177,121.58735,1
500111070,20231002,707,18,17,1,25.04177,121.58735,1
500111070,20231002,708,18,17,1,25.04177,121.58735,1
500111070,20231002,709,18,17,1,25.04177,121.58735,1
500111070,20231002,710,18,16,1,25.04177,121.58735,2
500111070,20231002,711,18,16,1,25.04177,121.58735,2
500111070,20231002,712,18,16,1,25.04177,121.58735,2
500111070,20231002,713,18,16,1,25.04177,121.58735,2
500111070,20231002,714,18,16,1,25.04177,121.58735,2
500111070,20231002,715,18,16,1,25.04177,121.58735,2
500111070,20231002,716,18,16,1,25.04177,121.58735,2
500111070,20231002,717,18,16,1,25.04177,121.58735,2
500111070,20231002,718,18,16,1,25.04177,121.58735,2
500111070,20231002,719,18,16,1,25.04177,121.58735,2
500111070,20231002,721,18,16,1,25.04177,121.58735,2
500111070,20231002,722,18,16,1,25.04177,121.58735,2
500111070,20231002,723,18,16,1,25.04177,121.58735,2
500111070,20231002,724,18,16,1,25.04177,121.58735,2
500111070,20231002,725,18,16,1,25.04177,121.58735,2
500111070,20231002,726,18,16,1,25.04177,121.58735,2
500111070,20231002,727,18,16,1,25.04177,121.58735,2
500111070,20231002,728,18,16,1,25.04177,121.58735,2
500111070,20231002,729,18,16,1,25.04177,121.58735,2
500111070,20231002,730,18,17,1,25.04177,121.58735,1
500111070,20231002,731,18,17,1,25.04177,121.58735,1
500111070,20231002,732,18,17,1,25.04177,121.58735,1
500111070,20231002,733,18,18,1,25.04177,121.58735,0
500111070,20231002,734,18,18,1,25.04177,121.58735,0
500111070,20231002,735,18,18,1,25.04177,121.58735,0
500111070,20231002,736,18,18,1,25.04177,121.58735,0
500111070,20231002,737,18,18,1,25.04177,121.58735,0
500111070,20231002,738,18,18,1,25.04177,121.58735,0
500111070,20231002,739,18,18,1,25.04177,121.58735,0
500111070,20231002,741,18,17,1,25.04177,121.58735,1
500111070,20231002,742,18,17,1,25.04177,121.58735,1
500111070,20231002,743,18,17,1,25.04177,121.58735,1
500111070,20231002,744,18,17,1,25.04177,121.58735,1
500111070,20231002,745,18,17,1,25.04177,121.58735,1
500111070,20231002,746,18,17,1,25.04177,121.58735,1
500111070,20231002,747,18,16,1,25.04177,121.58735,2
500111070,20231002,748,18,16,1,25.04177,121.58735,2
500111070,20231002,749,18,16,1,25.04177,121.58735,2
500111070,20231002,751,18,16,1,25.04177,121.58735,2
500111070,20231002,752,18,17,1,25.04177,121.58735,1
500111070,20231002,753,18,17,1,25.04177,121.58735,1
500111070,20231002,754,18,17,1,25.04177,121.58735,1
500111070,20231002,755,18,17,1,25.04177,121.58735,1
500111070,20231002,756,18,17,1,25.04177,121.58735,1
500111070,20231002,757,18,17,1,25.04177,121.58735,1
500111070,20231002,758,18,17,1,25.04177,121.58735,1
500111070,20231002,759,18,17,1,25.04177,121.58735,1
500111070,20231002,760,18,17,1,25.04177,121.58735,1
500111070,20231002,761,18,17,1,25.04177,121.58735,1
500111070,20231002,762,18,17,1,25.04177,121.58735,1
500111070,20231002,763,18,17,1,25.04177,121.58735,1
500111070,20231002,764,18,17,1,25.04177,121.58735,1
500111070,20231002,765,18,17,1,25.04177,121.58735,1
500111070,20231002,766,18,17,1,25.04177,121.58735,1
500111070,20231002,767,18,17,1,25.04177,121.58735,1
500111070,20231002,768,18,16,1,25.04177,121.58735,2
500111070,20231002,769,18,16,1,25.04177,121.58735,2
500111070,20231002,770,18,16,1,25.04177,121.58735,2
500111070,20231002,771,18,16,1,25.04177,121.58735,2
500111070,20231002,772,18,16,1,25.04177,121.58735,2
500111070,20231002,773,18,16,1,25.04177,121.58735,2
500111070,20231002,774,18,16,1,25.04177,121.58735,2
500111070,20231002,775,18,16,1,25.04177,121.58735,2
500111070,20231002,776,18,16,1,25.04177,121.58735,2
500111070,20231002,777,18,16,1,25.04177,121.58735,2
500111070,20231002,778,18,16,1,25.04177,121.58735,2
500111070,20231002,779,18,16,1,25.04177,121.58735,2
500111070,20231002,781,18,16,1,25.04177,121.58735,2
500111070,20231002,782,18,16,1,25.04177,121.58735,2
500111070,20231002,783,18,15,1,25.04177,121.58735,3
500111070,20231002,784,18,14,1,25.04177,121.58735,4
500111070,20231002,785,18,14,1,25.04177,121.58735,4
500111070,20231002,786,18,15,1,25.04177,121.58735,3
500111070,20231002,787,18,15,1,25.04177,121.58735,3
500111070,20231002,788,18,15,1,25.04177,121.58735,3
500111070,20231002,789,18,15,1,25.04177,121.58735,3
500111070,20231002,790,18,15,1,25.04177,121.58735,3
500111070,20231002,791,18,15,1,25.04177,121.58735,3
500111070,20231002,792,18,15,1,25.04177,121.58735,3
500111070,20231002,793,18,15,1,25.04177,121.58735,3
500111070,20231002,794,18,15,1,25.04177,121.58735,3
500111070,20231002,795,18,15,1,25.04177,121.58735,3
500111070,20231002,796,18,15,1,25.04177,121.58735,3
500111070,20231002,797,18,16,1,25.04177,121.58735,2
500111070,20231002,798,18,16,1,25.04177,121.58735,2
500111070,20231002,799,18,16,1,25.04177,121.58735,2
500111070,20231002,801,18,15,1,25.04177,121.58735,3
500111070,20231002,802,18,16,1,25.04177,121.58735,2
500111070,20231002,803,18,16,1,25.04177,121.58735,2
500111070,20231002,804,18,16,1,25.04177,121.58735,2
500111070,20231002,805,18,16,1,25.04177,121.58735,2
500111070,20231002,806,18,16,1,25.04177,121.58735,2
500111070,20231002,807,18,16,1,25.04177,121.58735,2
500111070,20231002,808,18,16,1,25.04177,121.58735,2
500111070,20231002,809,18,16,1,25.04177,121.58735,2
500111070,20231002,810,18,16,1,25.04177,121.58735,2
500111070,20231002,811,18,16,1,25.04177,121.58735,2
500111070,20231002,812,18,16,1,25.04177,121.58735,2
500111070,20231002,813,18,16,1,25.04177,121.58735,2
500111070,20231002,814,18,16,1,25.04177,121.58735,2
500111070,20231002,815,18,16,1,25.04177,121.58735,2
500111070,20231002,816,18,16,1,25.04177,121.58735,2
500111070,20231002,817,18,16,1,25.04177,121.58735,2
500111070,20231002,818,18,16,1,25.04177,121.58735,2
500111070,20231002,819,18,16,1,25.04177,121.58735,2
500111070,20231002,820,18,16,1,25.04177,121.58735,2
500111070,20231002,821,18,16,1,25.04177,121.58735,2
500111070,20231002,822,18,18,1,25.04177,121.58735,0
500111070,20231002,823,18,18,1,25.04177,121.58735,0
500111070,20231002,824,18,18,1,25.04177,121.58735,0
500111070,20231002,825,18,18,1,25.04177,121.58735,0
500111070,20231002,826,18,18,1,25.04177,121.58735,0
500111070,20231002,827,18,18,1,25.04177,121.58735,0
500111070,20231002,828,18,18,1,25.04177,121.58735,0
500111070,20231002,829,18,18,1,25.04177,121.58735,0
500111070,20231002,830,18,17,1,25.04177,121.58735,1
500111070,20231002,831,18,17,1,25.04177,121.58735,1
500111070,20231002,832,18,17,1,25.04177,121.58735,1
500111070,20231002,833,18,17,1,25.04177,121.58735,1
500111070,20231002,834,18,17,1,25.04177,121.58735,1
500111070,20231002,835,18,17,1,25.04177,121.58735,1
500111070,20231002,836,18,17,1,25.04177,121.58735,1
500111070,20231002,837,18,17,1,25.04177,121.58735,1
500111070,20231002,838,18,17,1,25.04177,121.58735,1
500111070,20231002,839,18,17,1,25.04177,121.58735,1
500111070,20231002,841,18,17,1,25.04177,121.58735,1
500111070,20231002,842,18,17,1,25.04177,121.58735,1
500111070,20231002,843,18,17,1,25.04177,121.58735,1
500111070,20231002,844,18,16,1,25.04177,121.58735,2
500111070,20231002,845,18,16,1,25.04177,121.58735,2
500111070,20231002,846,18,15,1,25.04177,121.58735,3
500111070,20231002,847,18,15,1,25.04177,121.58735,3
500111070,20231002,848,18,15,1,25.04177,121.58735,3
500111070,20231002,849,18,15,1,25.04177,121.58735,3
500111070,20231002,850,18,15,1,25.04177,121.58735,3
500111070,20231002,851,18,15,1,25.04177,121.58735,3
500111070,20231002,852,18,15,1,25.04177,121.58735,3
500111070,20231002,853,18,15,1,25.04177,121.58735,3
500111070,20231002,854,18,15,1,25.04177,121.58735,3
500111070,20231002,855,18,14,1,25.04177,121.58735,4
500111070,20231002,856,18,14,1,25.04177,121.58735,4
500111070,20231002,857,18,14,1,25.04177,121.58735,4
500111070,20231002,858,18,14,1,25.04177,121.58735,4
500111070,20231002,859,18,14,1,25.04177,121.58735,4
500111070,20231002,861,18,13,1,25.04177,121.58735,5
500111070,20231002,862,18,13,1,25.04177,121.58735,5
500111070,20231002,863,18,13,1,25.04177,121.58735,5
500111070,20231002,865,18,13,1,25.04177,121.58735,5
500111070,20231002,866,18,13,1,25.04177,121.58735,5
500111070,20231002,867,18,13,1,25.04177,121.58735,5
500111070,20231002,868,18,13,1,25.04177,121.58735,5
500111070,20231002,869,18,13,1,25.04177,121.58735,5
500111070,20231002,871,18,13,1,25.04177,121.58735,5
500111070,20231002,872,18,13,1,25.04177,121.58735,5
500111070,20231002,873,18,13,1,25.04177,121.58735,5
500111070,20231002,874,18,13,1,25.04177,121.58735,5
500111070,20231002,875,18,13,1,25.04177,121.58735,5
500111070,20231002,876,18,13,1,25.04177,121.58735,5
500111070,20231002,877,18,13,1,25.04177,121.58735,5
500111070,20231002,878,18,13,1,25.04177,121.58735,5
500111070,20231002,879,18,13,1,25.04177,121.58735,5
500111070,20231002,880,18,13,1,25.04177,121.58735,5
500111070,20231002,881,18,13,1,25.04177,121.58735,5
500111070,20231002,882,18,13,1,25.04177,121.58735,5
500111070,20231002,883,18,13,1,25.04177,121.58735,5
500111070,20231002,884,18,13,1,25.04177,121.58735,5
500111070,20231002,885,18,13,1,25.04177,121.58735,5
500111070,20231002,886,18,13,1,25.04177,121.58735,5
500111070,20231002,887,18,13,1,25.04177,121.58735,5
500111070,20231002,888,18,13,1,25.04177,121.58735,5
500111070,20231002,889,18,13,1,25.04177,121.58735,5
500111070,20231002,890,18,13,1,25.04177,121.58735,5
500111070,20231002,891,18,13,1,25.04177,121.58735,5
500111070,20231002,892,18,13,1,25.04177,121.58735,5
500111070,20231002,893,18,13,1,25.04177,121.58735,5
500111070,20231002,894,18,13,1,25.04177,121.58735,5
500111070,20231002,895,18,13,1,25.04177,121.58735,5
500111070,20231002,896,18,13,1,25.04177,121.58735,5
500111070,20231002,897,18,14,1,25.04177,121.58735,4
500111070,20231002,898,18,14,1,25.04177,121.58735,4
500111070,20231002,899,18,14,1,25.04177,121.58735,4
500111070,20231002,901,18,12,1,25.04177,121.58735,6
500111070,20231002,902,18,12,1,25.04177,121.58735,6
500111070,20231002,903,18,12,1,25.04177,121.58735,6
500111070,20231002,904,18,12,1,25.04177,121.58735,6
500111070,20231002,905,18,12,1,25.04177,121.58735,6
500111070,20231002,906,18,12,1,25.04177,121.58735,6
500111070,20231002,907,18,12,1,25.04177,121.58735,6
500111070,20231002,908,18,12,1,25.04177,121.58735,6
500111070,20231002,909,18,12,1,25.04177,121.58735,6
500111070,20231002,910,18,12,1,25.04177,121.58735,6
500111070,20231002,911,18,12,1,25.04177,121.58735,6
500111070,20231002,912,18,12,1,25.04177,121.58735,6
500111070,20231002,913,18,13,1,25.04177,121.58735,5
500111070,20231002,914,18,12,1,25.04177,121.58735,6
500111070,20231002,915,18,12,1,25.04177,121.58735,6
500111070,20231002,916,18,12,1,25.04177,121.58735,6
500111070,20231002,917,18,12,1,25.04177,121.58735,6
500111070,20231002,918,18,12,1,25.04177,121.58735,6
500111070,20231002,919,18,12,1,25.04177,121.58735,6
500111070,20231002,921,18,13,1,25.04177,121.58735,5
500111070,20231002,922,18,13,1,25.04177,121.58735,5
500111070,20231002,923,18,13,1,25.04177,121.58735,5
500111070,20231002,924,18,15,1,25.04177,121.58735,3
500111070,20231002,925,18,15,1,25.04177,121.58735,3
500111070,20231002,926,18,15,1,25.04177,121.58735,3
500111070,20231002,927,18,14,1,25.04177,121.58735,4
500111070,20231002,928,18,14,1,25.04177,121.58735,4
500111070,20231002,929,18,13,1,25.04177,121.58735,5
500111070,20231002,931,18,13,1,25.04177,121.58735,5
500111070,20231002,932,18,13,1,25.04177,121.58735,5
500111070,20231002,933,18,12,1,25.04177,121.58735,6
500111070,20231002,934,18,12,1,25.04177,121.58735,6
500111070,20231002,935,18,12,1,25.04177,121.58735,6
500111070,20231002,936,18,12,1,25.04177,121.58735,6
500111070,20231002,937,18,12,1,25.04177,121.58735,6
500111070,20231002,938,18,12,1,25.04177,121.58735,6
500111070,20231002,939,18,12,1,25.04177,121.58735,6
500111070,20231002,940,18,12,1,25.04177,121.58735,6
500111070,20231002,941,18,12,1,25.04177,121.58735,6
500111070,20231002,942,18,12,1,25.04177,121.58735,6
500111070,20231002,943,18,12,1,25.04177,121.58735,6
500111070,20231002,944,18,13,1,25.04177,121.58735,5
500111070,20231002,945,18,13,1,25.04177,121.58735,5
500111070,20231002,946,18,13,1,25.04177,121.58735,5
500111070,20231002,947,18,13,1,25.04177,121.58735,5
500111070,20231002,948,18,13,1,25.04177,121.58735,5
500111070,20231002,949,18,13,1,25.04177,121.58735,5
500111070,20231002,950,18,13,1,25.04177,121.58735,5
500111070,20231002,951,18,13,1,25.04177,121.58735,5
500111070,20231002,952,18,13,1,25.04177,121.58735,5
500111070,20231002,953,18,13,1,25.04177,121.58735,5
500111070,20231002,954,18,12,1,25.04177,121.58735,6
500111070,20231002,955,18,13,1,25.04177,121.58735,5
500111070,20231002,956,18,13,1,25.04177,121.58735,5
500111070,20231002,957,18,13,1,25.04177,121.58735,5
500111070,20231002,958,18,13,1,25.04177,121.58735,5
500111070,20231002,959,18,13,1,25.04177,121.58735,5
500111070,20231002,961,18,15,1,25.04177,121.58735,3
500111070,20231002,962,18,15,1,25.04177,121.58735,3
500111070,20231002,963,18,15,1,25.04177,121.58735,3
500111070,20231002,964,18,15,1,25.04177,121.58735,3
500111070,20231002,965,18,15,1,25.04177,121.58735,3
500111070,20231002,966,18,15,1,25.04177,121.58735,3
500111070,20231002,967,18,15,1,25.04177,121.58735,3
500111070,20231002,968,18,15,1,25.04177,121.58735,3
500111070,20231002,969,18,15,1,25.04177,121.58735,3
500111070,20231002,970,18,16,1,25.04177,121.58735,2
500111070,20231002,971,18,16,1,25.04177,121.58735,2
500111070,20231002,972,18,16,1,25.04177,121.58735,2
500111070,20231002,973,18,17,1,25.04177,121.58735,1
500111070,20231002,974,18,17,1,25.04177,121.58735,1
500111070,20231002,975,18,17,1,25.04177,121.58735,1
500111070,20231002,976,18,17,1,25.04177,121.58735,1
500111070,20231002,977,18,17,1,25.04177,121.58735,1
500111070,20231002,978,18,16,1,25.04177,121.58735,2
500111070,20231002,979,18,16,1,25.04177,121.58735,2
500111070,20231002,981,18,16,1,25.04177,121.58735,2
500111070,20231002,982,18,16,1,25.04177,121.58735,2
500111070,20231002,983,18,17,1,25.04177,121.58735,1
500111070,20231002,984,18,17,1,25.04177,121.58735,1
500111070,20231002,985,18,17,1,25.04177,121.58735,1
500111070,20231002,986,18,17,1,25.04177,121.58735,1
500111070,20231002,987,18,18,1,25.04177,121.58735,0
500111070,20231002,988,18,18,1,25.04177,121.58735,0
500111070,20231002,989,18,18,1,25.04177,121.58735,0
500111070,20231002,991,18,18,1,25.04177,121.58735,0
500111070,20231002,992,18,17,1,25.04177,121.58735,1
500111070,20231002,993,18,17,1,25.04177,121.58735,1
500111070,20231002,994,18,16,1,25.04177,121.58735,2
500111070,20231002,995,18,16,1,25.04177,121.58735,2
500111070,20231002,996,18,16,1,25.04177,121.58735,2
500111070,20231002,997,18,15,1,25.04177,121.58735,3
500111070,20231002,998,18,14,1,25.04177,121.58735,4
500111070,20231002,999,18,14,1,25.04177,121.58735,4
500111070,20231002,1000,18,14,1,25.04177,121.58735,4
500111070,20231002,1001,18,14,1,25.04177,121.58735,4
500111070,20231002,1002,18,14,1,25.04177,121.58735,4
500111070,20231002,1003,18,14,1,25.04177,121.58735,4
500111070,20231002,1004,18,14,1,25.04177,121.58735,4
500111070,20231002,1005,18,14,1,25.04177,121.58735,4
500111070,20231002,1006,18,13,1,25.04177,121.58735,5
500111070,20231002,1007,18,14,1,25.04177,121.58735,4
500111070,20231002,1008,18,13,1,25.04177,121.58735,5
500111070,20231002,1009,18,12,1,25.04177,121.58735,6
500111070,20231002,1010,18,12,1,25.04177,121.58735,6
500111070,20231002,1011,18,12,1,25.04177,121.58735,6
500111070,20231002,1012,18,12,1,25.04177,121.58735,6
500111070,20231002,1013,18,11,1,25.04177,121.58735,7
500111070,20231002,1014,18,11,1,25.04177,121.58735,7
500111070,20231002,1015,18,11,1,25.04177,121.58735,7
500111070,20231002,1016,18,11,1,25.04177,121.58735,7
500111070,20231002,1017,18,12,1,25.04177,121.58735,6
500111070,20231002,1018,18,12,1,25.04177,121.58735,6
500111070,20231002,1019,18,12,1,25.04177,121.58735,6
500111070,20231002,1022,18,12,1,25.04177,121.58735,6
500111070,20231002,1023,18,12,1,25.04177,121.58735,6
500111070,20231002,1024,18,13,1,25.04177,121.58735,5
500111070,20231002,1025,18,13,1,25.04177,121.58735,5
500111070,20231002,1026,18,13,1,25.04177,121.58735,5
500111070,20231002,1027,18,14,1,25.04177,121.58735,4
500111070,20231002,1028,18,13,1,25.04177,121.58735,5
500111070,20231002,1029,18,14,1,25.04177,121.58735,4
500111070,20231002,1030,18,14,1,25.04177,121.58735,4
500111070,20231002,1031,18,14,1,25.04177,121.58735,4
500111070,20231002,1032,18,14,1,25.04177,121.58735,4
500111070,20231002,1033,18,13,1,25.04177,121.58735,5
500111070,20231002,1034,18,13,1,25.04177,121.58735,5
500111070,20231002,1035,18,13,1,25.04177,121.58735,5
500111070,20231002,1036,18,13,1,25.04177,121.58735,5
500111070,20231002,1037,18,12,1,25.04177,121.58735,6
500111070,20231002,1038,18,10,1,25.04177,121.58735,8
500111070,20231002,1039,18,9,1,25.04177,121.58735,9
500111070,20231002,1041,18,8,1,25.04177,121.58735,10
500111070,20231002,1042,18,8,1,25.04177,121.58735,10
500111070,20231002,1043,18,9,1,25.04177,121.58735,9
500111070,20231002,1044,18,9,1,25.04177,121.58735,9
500111070,20231002,1045,18,7,1,25.04177,121.58735,11
500111070,20231002,1046,18,7,1,25.04177,121.58735,11
500111070,20231002,1047,18,7,1,25.04177,121.58735,11
500111070,20231002,1048,18,7,1,25.04177,121.58735,11
500111070,20231002,1049,18,7,1,25.04177,121.58735,11
500111070,20231002,1051,18,6,1,25.04177,121.58735,12
500111070,20231002,1052,18,5,1,25.04177,121.58735,13
500111070,20231002,1053,18,5,1,25.04177,121.58735,13
500111070,20231002,1054,18,5,1,25.04177,121.58735,13
500111070,20231002,1055,18,5,1,25.04177,121.58735,13
500111070,20231002,1056,18,5,1,25.04177,121.58735,13
500111070,20231002,1057,18,5,1,25.04177,121.58735,13
500111070,20231002,1058,18,5,1,25.04177,121.58735,13
500111070,20231002,1059,18,4,1,25.04177,121.58735,14
500111070,20231002,1060,18,4,1,25.04177,121.58735,14
500111070,20231002,1061,18,3,1,25.04177,121.58735,15
500111070,20231002,1062,18,3,1,25.04177,121.58735,15
500111070,20231002,1063,18,3,1,25.04177,121.58735,15
500111070,20231002,1064,18,4,1,25.04177,121.58735,14
500111070,20231002,1065,18,4,1,25.04177,121.58735,14
500111070,20231002,1066,18,3,1,25.04177,121.58735,15
500111070,20231002,1067,18,2,1,25.04177,121.58735,16
500111070,20231002,1068,18,1,1,25.04177,121.58735,17
500111070,20231002,1069,18,1,1,25.04177,121.58735,17
500111070,20231002,1070,18,1,1,25.04177,121.58735,17
500111070,20231002,1071,18,1,1,25.04177,121.58735,17
500111070,20231002,1072,18,2,1,25.04177,121.58735,16
500111070,20231002,1073,18,2,1,25.04177,121.58735,16
500111070,20231002,1074,18,2,1,25.04177,121.58735,16
500111070,20231002,1075,18,2,1,25.04177,121.58735,16
500111070,20231002,1076,18,2,1,25.04177,121.58735,16
500111070,20231002,1077,18,2,1,25.04177,121.58735,16
500111070,20231002,1078,18,2,1,25.04177,121.58735,16
500111070,20231002,1079,18,2,1,25.04177,121.58735,16
500111070,20231002,1081,18,0,1,25.04177,121.58735,18
500111070,20231002,1082,18,0,1,25.04177,121.58735,18
500111070,20231002,1083,18,0,1,25.04177,121.58735,18
500111070,20231002,1084,18,0,1,25.04177,121.58735,18
500111070,20231002,1085,18,0,1,25.04177,121.58735,18
500111070,20231002,1086,18,0,1,25.04177,121.58735,18
500111070,20231002,1087,18,0,1,25.04177,121.58735,18
500111070,20231002,1088,18,0,1,25.04177,121.58735,18
500111070,20231002,1089,18,0,1,25.04177,121.58735,18
500111070,20231002,1090,18,0,1,25.04177,121.58735,18
500111070,20231002,1091,18,2,1,25.04177,121.58735,16
500111070,20231002,1092,18,1,1,25.04177,121.58735,17
500111070,20231002,1093,18,1,1,25.04177,121.58735,17
500111070,20231002,1094,18,1,1,25.04177,121.58735,17
500111070,20231002,1095,18,1,1,25.04177,121.58735,17
500111070,20231002,1096,18,1,1,25.04177,121.58735,17
500111070,20231002,1097,18,1,1,25.04177,121.58735,17
500111070,20231002,1098,18,2,1,25.04177,121.58735,16
500111070,20231002,1099,18,2,1,25.04177,121.58735,16
500111070,20231002,1101,18,2,1,25.04177,121.58735,16
500111070,20231002,1102,18,2,1,25.04177,121.58735,16
500111070,20231002,1103,18,4,1,25.04177,121.58735,14
500111070,20231002,1104,18,4,1,25.04177,121.58735,14
500111070,20231002,1105,18,4,1,25.04177,121.58735,14
500111070,20231002,1106,18,4,1,25.04177,121.58735,14
500111070,20231002,1107,18,4,1,25.04177,121.58735,14
500111070,20231002,1108,18,5,1,25.04177,121.58735,13
500111070,20231002,1109,18,5,1,25.04177,121.58735,13
500111070,20231002,1111,18,5,1,25.04177,121.58735,13
500111070,20231002,1112,18,4,1,25.04177,121.58735,14
500111070,20231002,1113,18,4,1,25.04177,121.58735,14
500111070,20231002,1114,18,4,1,25.04177,121.58735,14
500111070,20231002,1115,18,4,1,25.04177,121.58735,14
500111070,20231002,1116,18,4,1,25.04177,121.58735,14
500111070,20231002,1117,18,4,1,25.04177,121.58735,14
500111070,20231002,1118,18,4,1,25.04177,121.58735,14
500111070,20231002,1119,18,4,1,25.04177,121.58735,14
500111070,20231002,1120,18,3,1,25.04177,121.58735,15
500111070,20231002,1121,18,3,1,25.04177,121.58735,15
500111070,20231002,1122,18,3,1,25.04177,121.58735,15
500111070,20231002,1123,18,4,1,25.04177,121.58735,14
500111070,20231002,1124,18,4,1,25.04177,121.58735,14
500111070,20231002,1125,18,2,1,25.04177,121.58735,16
500111070,20231002,1126,18,2,1,25.04177,121.58735,16
500111070,20231002,1127,18,1,1,25.04177,121.58735,17
500111070,20231002,1128,18,3,1,25.04177,121.58735,15
500111070,20231002,1129,18,5,1,25.04177,121.58735,13
500111070,20231002,1130,18,9,1,25.04177,121.58735,9
500111070,20231002,1131,18,8,1,25.04177,121.58735,10
500111070,20231002,1132,18,10,1,25.04177,121.58735,8
500111070,20231002,1133,18,12,1,25.04177,121.58735,6
500111070,20231002,1134,18,16,1,25.04177,121.58735,2
500111070,20231002,1135,18,16,1,25.04177,121.58735,2
500111070,20231002,1136,18,18,1,25.04177,121.58735,0
500111070,20231002,1138,18,17,1,25.04177,121.58735,1
500111070,20231002,1139,18,16,1,25.04177,121.58735,2
500111070,20231002,1141,18,16,1,25.04177,121.58735,2
500111070,20231002,1142,18,16,1,25.04177,121.58735,2
500111070,20231002,1143,18,15,1,25.04177,121.58735,3
500111070,20231002,1144,18,15,1,25.04177,121.58735,3
500111070,20231002,1145,18,13,1,25.04177,121.58735,5
500111070,20231002,1146,18,13,1,25.04177,121.58735,5
500111070,20231002,1147,18,13,1,25.04177,121.58735,5
500111070,20231002,1148,18,13,1,25.04177,121.58735,5
500111070,20231002,1149,18,13,1,25.04177,121.58735,5
500111070,20231002,1150,18,14,1,25.04177,121.58735,4
500111070,20231002,1151,18,14,1,25.04177,121.58735,4
500111070,20231002,1152,18,14,1,25.04177,121.58735,4
500111070,20231002,1153,18,13,1,25.04177,121.58735,5
500111070,20231002,1154,18,13,1,25.04177,121.58735,5
500111070,20231002,1155,18,13,1,25.04177,121.58735,5
500111070,20231002,1156,18,13,1,25.04177,121.58735,5
500111070,20231002,1157,18,13,1,25.04177,121.58735,5
500111070,20231002,1158,18,13,1,25.04177,121.58735,5
500111070,20231002,1159,18,13,1,25.04177,121.58735,5
500111070,20231002,1161,18,13,1,25.04177,121.58735,5
500111070,20231002,1162,18,14,1,25.04177,121.58735,4
500111070,20231002,1163,18,14,1,25.04177,121.58735,4
500111070,20231002,1164,18,14,1,25.04177,121.58735,4
500111070,20231002,1165,18,15,1,25.04177,121.58735,3
500111070,20231002,1166,18,15,1,25.04177,121.58735,3
500111070,20231002,1167,18,14,1,25.04177,121.58735,4
500111070,20231002,1168,18,14,1,25.04177,121.58735,4
500111070,20231002,1169,18,15,1,25.04177,121.58735,3
500111070,20231002,1171,18,15,1,25.04177,121.58735,3
500111070,20231002,1172,18,14,1,25.04177,121.58735,4
500111070,20231002,1173,18,13,1,25.04177,121.58735,5
500111070,20231002,1174,18,13,1,25.04177,121.58735,5
500111070,20231002,1175,18,13,1,25.04177,121.58735,5
500111070,20231002,1176,18,12,1,25.04177,121.58735,6
500111070,20231002,1177,18,14,1,25.04177,121.58735,4
500111070,20231002,1178,18,18,1,25.04177,121.58735,0
500111070,20231002,1179,18,18,1,25.04177,121.58735,0
500111070,20231002,1180,18,18,1,25.04177,121.58735,0
500111070,20231002,1181,18,18,1,25.04177,121.58735,0
500111070,20231002,1182,18,18,1,25.04177,121.58735,0
500111070,20231002,1183,18,17,1,25.04177,121.58735,1
500111070,20231002,1184,18,17,1,25.04177,121.58735,1
500111070,20231002,1185,18,16,1,25.04177,121.58735,2
500111070,20231002,1186,18,16,1,25.04177,121.58735,2
500111070,20231002,1187,18,16,1,25.04177,121.58735,2
500111070,20231002,1188,18,16,1,25.04177,121.58735,2
500111070,20231002,1189,18,15,1,25.04177,121.58735,3
500111070,20231002,1190,18,15,1,25.04177,121.58735,3
500111070,20231002,1191,18,14,1,25.04177,121.58735,4
500111070,20231002,1192,18,14,1,25.04177,121.58735,4
500111070,20231002,1193,18,14,1,25.04177,121.58735,4
500111070,20231002,1194,18,14,1,25.04177,121.58735,4
500111070,20231002,1195,18,14,1,25.04177,121.58735,4
500111070,20231002,1196,18,14,1,25.04177,121.58735,4
500111070,20231002,1197,18,14,1,25.04177,121.58735,4
500111070,20231002,1198,18,14,1,25.04177,121.58735,4
500111070,20231002,1199,18,14,1,25.04177,121.58735,4
500111070,20231002,1201,18,14,1,25.04177,121.58735,4
500111070,20231002,1202,18,14,1,25.04177,121.58735,4
500111070,20231002,1203,18,13,1,25.04177,121.58735,5
500111070,20231002,1204,18,13,1,25.04177,121.58735,5
500111070,20231002,1205,18,12,1,25.04177,121.58735,6
500111070,20231002,1206,18,12,1,25.04177,121.58735,6
500111070,20231002,1207,18,12,1,25.04177,121.58735,6
500111070,20231002,1208,18,12,1,25.04177,121.58735,6
500111070,20231002,1209,18,13,1,25.04177,121.58735,5
500111070,20231002,1210,18,13,1,25.04177,121.58735,5
500111070,20231002,1211,18,13,1,25.04177,121.58735,5
500111070,20231002,1212,18,13,1,25.04177,121.58735,5
500111070,20231002,1213,18,12,1,25.04177,121.58735,6
500111070,20231002,1214,18,12,1,25.04177,121.58735,6
500111070,20231002,1215,18,12,1,25.04177,121.58735,6
500111070,20231002,1216,18,11,1,25.04177,121.58735,7
500111070,20231002,1217,18,10,1,25.04177,121.58735,8
500111070,20231002,1218,18,10,1,25.04177,121.58735,8
500111070,20231002,1219,18,10,1,25.04177,121.58735,8
500111070,20231002,1221,18,10,1,25.04177,121.58735,8
500111070,20231002,1222,18,10,1,25.04177,121.58735,8
500111070,20231002,1223,18,10,1,25.04177,121.58735,8
500111070,20231002,1224,18,10,1,25.04177,121.58735,8
500111070,20231002,1225,18,10,1,25.04177,121.58735,8
500111070,20231002,1226,18,11,1,25.04177,121.58735,7
500111070,20231002,1227,18,11,1,25.04177,121.58735,7
500111070,20231002,1228,18,12,1,25.04177,121.58735,6
500111070,20231002,1229,18,11,1,25.04177,121.58735,7
500111070,20231002,1231,18,12,1,25.04177,121.58735,6
500111070,20231002,1232,18,12,1,25.04177,121.58735,6
500111070,20231002,1233,18,12,1,25.04177,121.58735,6
500111070,20231002,1234,18,12,1,25.04177,121.58735,6
500111070,20231002,1235,18,12,1,25.04177,121.58735,6
500111070,20231002,1236,18,12,1,25.04177,121.58735,6
500111070,20231002,1237,18,12,1,25.04177,121.58735,6
500111070,20231002,1238,18,12,1,25.04177,121.58735,6
500111070,20231002,1239,18,12,1,25.04177,121.58735,6
500111070,20231002,1240,18,12,1,25.04177,121.58735,6
500111070,20231002,1241,18,12,1,25.04177,121.58735,6
500111070,20231002,1242,18,12,1,25.04177,121.58735,6
500111070,20231002,1243,18,12,1,25.04177,121.58735,6
500111070,20231002,1244,18,12,1,25.04177,121.58735,6
500111070,20231002,1245,18,12,1,25.04177,121.58735,6
500111070,20231002,1246,18,11,1,25.04177,121.58735,7
500111070,20231002,1247,18,11,1,25.04177,121.58735,7
500111070,20231002,1248,18,10,1,25.04177,121.58735,8
500111070,20231002,1249,18,10,1,25.04177,121.58735,8
500111070,20231002,1250,18,10,1,25.04177,121.58735,8
500111070,20231002,1251,18,12,1,25.04177,121.58735,6
500111070,20231002,1252,18,12,1,25.04177,121.58735,6
500111070,20231002,1253,18,12,1,25.04177,121.58735,6
500111070,20231002,1254,18,12,1,25.04177,121.58735,6
500111070,20231002,1255,18,12,1,25.04177,121.58735,6
500111070,20231002,1256,18,10,1,25.04177,121.58735,8
500111070,20231002,1257,18,10,1,25.04177,121.58735,8
500111070,20231002,1258,18,9,1,25.04177,121.58735,9
500111070,20231002,1259,18,9,1,25.04177,121.58735,9
500111070,20231002,1261,18,10,1,25.04177,121.58735,8
500111070,20231002,1262,18,9,1,25.04177,121.58735,9
500111070,20231002,1263,18,9,1,25.04177,121.58735,9
500111070,20231002,1264,18,8,1,25.04177,121.58735,10
500111070,20231002,1265,18,8,1,25.04177,121.58735,10
500111070,20231002,1266,18,7,1,25.04177,121.58735,11
500111070,20231002,1267,18,7,1,25.04177,121.58735,11
500111070,20231002,1268,18,7,1,25.04177,121.58735,11
500111070,20231002,1269,18,8,1,25.04177,121.58735,10
500111070,20231002,1270,18,7,1,25.04177,121.58735,11
500111070,20231002,1271,18,6,1,25.04177,121.58735,12
500111070,20231002,1272,18,6,1,25.04177,121.58735,12
500111070,20231002,1273,18,6,1,25.04177,121.58735,12
500111070,20231002,1274,18,8,1,25.04177,121.58735,10
500111070,20231002,1275,18,12,1,25.04177,121.58735,6
500111070,20231002,1276,18,14,1,25.04177,121.58735,4
500111070,20231002,1277,18,14,1,25.04177,121.58735,4
500111070,20231002,1278,18,14,1,25.04177,121.58735,4
500111070,20231002,1279,18,13,1,25.04177,121.58735,5
500111070,20231002,1281,18,13,1,25.04177,121.58735,5
500111070,20231002,1282,18,13,1,25.04177,121.58735,5
500111070,20231002,1283,18,13,1,25.04177,121.58735,5
500111070,20231002,1284,18,13,1,25.04177,121.58735,5
500111070,20231002,1285,18,13,1,25.04177,121.58735,5
500111070,20231002,1286,18,14,1,25.04177,121.58735,4
500111070,20231002,1287,18,14,1,25.04177,121.58735,4
500111070,20231002,1288,18,14,1,25.04177,121.58735,4
500111070,20231002,1289,18,14,1,25.04177,121.58735,4
500111070,20231002,1291,18,14,1,25.04177,121.58735,4
500111070,20231002,1292,18,14,1,25.04177,121.58735,4
500111070,20231002,1293,18,14,1,25.04177,121.58735,4
500111070,20231002,1294,18,13,1,25.04177,121.58735,5
500111070,20231002,1295,18,13,1,25.04177,121.58735,5
500111070,20231002,1296,18,13,1,25.04177,121.58735,5
500111070,20231002,1297,18,13,1,25.04177,121.58735,5
500111070,20231002,1298,18,13,1,25.04177,121.58735,5
500111070,20231002,1299,18,13,1,25.04177,121.58735,5
500111070,20231002,1300,18,12,1,25.04177,121.58735,6
500111070,20231002,1301,18,12,1,25.04177,121.58735,6
500111070,20231002,1302,18,12,1,25.04177,121.58735,6
500111070,20231002,1303,18,12,1,25.04177,121.58735,6
500111070,20231002,1304,18,12,1,25.04177,121.58735,6
500111070,20231002,1305,18,10,1,25.04177,121.58735,8
500111070,20231002,1306,18,10,1,25.04177,121.58735,8
500111070,20231002,1307,18,10,1,25.04177,121.58735,8
500111070,20231002,1308,18,10,1,25.04177,121.58735,8
500111070,20231002,1309,18,10,1,25.04177,121.58735,8
500111070,20231002,1310,18,10,1,25.04177,121.58735,8
500111070,20231002,1311,18,10,1,25.04177,121.58735,8
500111070,20231002,1312,18,10,1,25.04177,121.58735,8
500111070,20231002,1313,18,10,1,25.04177,121.58735,8
500111070,20231002,1314,18,10,1,25.04177,121.58735,8
500111070,20231002,1315,18,9,1,25.04177,121.58735,9
500111070,20231002,1316,18,9,1,25.04177,121.58735,9
500111070,20231002,1317,18,9,1,25.04177,121.58735,9
500111070,20231002,1318,18,8,1,25.04177,121.58735,10
500111070,20231002,1319,18,8,1,25.04177,121.58735,10
500111070,20231002,1321,18,9,1,25.04177,121.58735,9
500111070,20231002,1322,18,9,1,25.04177,121.58735,9
500111070,20231002,1323,18,8,1,25.04177,121.58735,10
500111070,20231002,1324,18,8,1,25.04177,121.58735,10
500111070,20231002,1325,18,7,1,25.04177,121.58735,11
500111070,20231002,1326,18,7,1,25.04177,121.58735,11
500111070,20231002,1327,18,7,1,25.04177,121.58735,11
500111070,20231002,1328,18,7,1,25.04177,121.58735,11
500111070,20231002,1329,18,7,1,25.04177,121.58735,11
500111070,20231002,1330,18,7,1,25.04177,121.58735,11
500111070,20231002,1331,18,7,1,25.04177,121.58735,11
500111070,20231002,1332,18,7,1,25.04177,121.58735,11
500111070,20231002,1333,18,7,1,25.04177,121.58735,11
500111070,20231002,1334,18,7,1,25.04177,121.58735,11
500111070,20231002,1335,18,7,1,25.04177,121.58735,11
500111070,20231002,1336,18,7,1,25.04177,121.58735,11
500111070,20231002,1337,18,7,1,25.04177,121.58735,11
500111070,20231002,1338,18,7,1,25.04177,121.58735,11
500111070,20231002,1339,18,5,1,25.04177,121.58735,13
500111070,20231002,1341,18,3,1,25.04177,121.58735,15
500111070,20231002,1342,18,3,1,25.04177,121.58735,15
500111070,20231002,1343,18,3,1,25.04177,121.58735,15
500111070,20231002,1344,18,3,1,25.04177,121.58735,15
500111070,20231002,1345,18,3,1,25.04177,121.58735,15
500111070,20231002,1346,18,2,1,25.04177,121.58735,16
500111070,20231002,1347,18,2,1,25.04177,121.58735,16
500111070,20231002,1348,18,2,1,25.04177,121.58735,16
500111070,20231002,1349,18,2,1,25.04177,121.58735,16
500111070,20231002,1350,18,2,1,25.04177,121.58735,16
500111070,20231002,1351,18,2,1,25.04177,121.58735,16
500111070,20231002,1352,18,2,1,25.04177,121.58735,16
500111070,20231002,1353,18,2,1,25.04177,121.58735,16
500111070,20231002,1354,18,2,1,25.04177,121.58735,16
500111070,20231002,1355,18,2,1,25.04177,121.58735,16
500111070,20231002,1356,18,2,1,25.04177,121.58735,16
500111070,20231002,1357,18,2,1,25.04177,121.58735,16
500111070,20231002,1358,18,2,1,25.04177,121.58735,16
500111070,20231002,1359,18,2,1,25.04177,121.58735,16
500111070,20231002,1360,18,2,1,25.04177,121.58735,16
500111070,20231002,1361,18,2,1,25.04177,121.58735,16
500111070,20231002,1362,18,2,1,25.04177,121.58735,16
500111070,20231002,1363,18,2,1,25.04177,121.58735,16
500111070,20231002,1364,18,2,1,25.04177,121.58735,16
500111070,20231002,1365,18,2,1,25.04177,121.58735,16
500111070,20231002,1366,18,2,1,25.04177,121.58735,16
500111070,20231002,1367,18,2,1,25.04177,121.58735,16
500111070,20231002,1368,18,2,1,25.04177,121.58735,16
500111070,20231002,1369,18,2,1,25.04177,121.58735,16
500111070,20231002,1370,18,2,1,25.04177,121.58735,16
500111070,20231002,1371,18,2,1,25.04177,121.58735,16
500111070,20231002,1372,18,2,1,25.04177,121.58735,16
500111070,20231002,1373,18,2,1,25.04177,121.58735,16
500111070,20231002,1374,18,2,1,25.04177,121.58735,16
500111070,20231002,1375,18,2,1,25.04177,121.58735,16
500111070,20231002,1376,18,2,1,25.04177,121.58735,16
500111070,20231002,1377,18,1,1,25.04177,121.58735,17
500111070,20231002,1378,18,1,1,25.04177,121.58735,17
500111070,20231002,1379,18,1,1,25.04177,121.58735,17
500111070,20231002,1381,18,1,1,25.04177,121.58735,17
500111070,20231002,1382,18,1,1,25.04177,121.58735,17
500111070,20231002,1383,18,2,1,25.04177,121.58735,16
500111070,20231002,1384,18,2,1,25.04177,121.58735,16
500111070,20231002,1385,18,2,1,25.04177,121.58735,16
500111070,20231002,1386,18,2,1,25.04177,121.58735,16
500111070,20231002,1387,18,2,1,25.04177,121.58735,16
500111070,20231002,1388,18,2,1,25.04177,121.58735,16
500111070,20231002,1389,18,2,1,25.04177,121.58735,16
500111070,20231002,1390,18,3,1,25.04177,121.58735,15
500111070,20231002,1391,18,3,1,25.04177,121.58735,15
500111070,20231002,1392,18,3,1,25.04177,121.58735,15
500111070,20231002,1393,18,3,1,25.04177,121.58735,15
500111070,20231002,1394,18,3,1,25.04177,121.58735,15
500111070,20231002,1395,18,3,1,25.04177,121.58735,15
500111070,20231002,1397,18,3,1,25.04177,121.58735,15
500111070,20231002,1398,18,3,1,25.04177,121.58735,15
500111070,20231002,1399,18,3,1,25.04177,121.58735,15
500111070,20231002,1401,18,3,1,25.04177,121.58735,15
500111070,20231002,1402,18,3,1,25.04177,121.58735,15
500111070,20231002,1403,18,3,1,25.04177,121.58735,15
500111070,20231002,1404,18,3,1,25.04177,121.58735,15
500111070,20231002,1405,18,3,1,25.04177,121.58735,15
500111070,20231002,1406,18,3,1,25.04177,121.58735,15
500111070,20231002,1407,18,3,1,25.04177,121.58735,15
500111070,20231002,1408,18,3,1,25.04177,121.58735,15
500111070,20231002,1409,18,6,1,25.04177,121.58735,12
500111070,20231002,1410,18,8,1,25.04177,121.58735,10
500111070,20231002,1411,18,10,1,25.04177,121.58735,8
500111070,20231002,1412,18,10,1,25.04177,121.58735,8
500111070,20231002,1413,18,10,1,25.04177,121.58735,8
500111070,20231002,1414,18,10,1,25.04177,121.58735,8
500111070,20231002,1415,18,10,1,25.04177,121.58735,8
500111070,20231002,1416,18,10,1,25.04177,121.58735,8
500111070,20231002,1417,18,10,1,25.04177,121.58735,8
500111070,20231002,1418,18,10,1,25.04177,121.58735,8
500111070,20231002,1419,18,10,1,25.04177,121.58735,8
500111070,20231002,1420,18,9,1,25.04177,121.58735,9
500111070,20231002,1421,18,9,1,25.04177,121.58735,9
500111070,20231002,1422,18,9,1,25.04177,121.58735,9
500111070,20231002,1423,18,9,1,25.04177,121.58735,9
500111070,20231002,1424,18,9,1,25.04177,121.58735,9
500111070,20231002,1425,18,9,1,25.04177,121.58735,9
500111070,20231002,1426,18,9,1,25.04177,121.58735,9
500111070,20231002,1427,18,9,1,25.04177,121.58735,9
500111070,20231002,1428,18,9,1,25.04177,121.58735,9
500111070,20231002,1429,18,9,1,25.04177,121.58735,9
500111070,20231002,1430,18,9,1,25.04177,121.58735,9
500111070,20231002,1431,18,9,1,25.04177,121.58735,9
500111070,20231002,1432,18,9,1,25.04177,121.58735,9
500111070,20231002,1433,18,9,1,25.04177,121.58735,9
500111070,20231002,1434,18,9,1,25.04177,121.58735,9
500111070,20231002,1435,18,9,1,25.04177,121.58735,9
500111070,20231002,1436,18,9,1,25.04177,121.58735,9
500111070,20231002,1437,18,9,1,25.04177,121.58735,9
500111070,20231002,1438,18,9,1,25.04177,121.58735,9
500111070,20231002,1439,18,9,1,25.04177,121.58735,9
500111070,20231003,1,18,9,1,25.04177,121.58735,9
500111070,20231003,2,18,9,1,25.04177,121.58735,9
500111070,20231003,3,18,9,1,25.04177,121.58735,9
500111070,20231003,4,18,9,1,25.04177,121.58735,9
500111070,20231003,5,18,9,1,25.04177,121.58735,9
500111070,20231003,6,18,9,1,25.04177,121.58735,9
500111070,20231003,7,18,9,1,25.04177,121.58735,9
500111070,20231003,8,18,9,1,25.04177,121.58735,9
500111070,20231003,9,18,9,1,25.04177,121.58735,9
500111070,20231003,10,18,9,1,25.04177,121.58735,9
500111070,20231003,11,18,9,1,25.04177,121.58735,9
500111070,20231003,12,18,9,1,25.04177,121.58735,9
500111070,20231003,13,18,9,1,25.04177,121.58735,9
500111070,20231003,14,18,9,1,25.04177,121.58735,9
500111070,20231003,15,18,9,1,25.04177,121.58735,9
500111070,20231003,16,18,9,1,25.04177,121.58735,9
500111070,20231003,17,18,9,1,25.04177,121.58735,9
500111070,20231003,18,18,8,1,25.04177,121.58735,10
500111070,20231003,19,18,8,1,25.04177,121.58735,10
500111070,20231003,21,18,8,1,25.04177,121.58735,10
500111070,20231003,22,18,8,1,25.04177,121.58735,10
500111070,20231003,23,18,7,1,25.04177,121.58735,11
500111070,20231003,24,18,7,1,25.04177,121.58735,11
500111070,20231003,25,18,7,1,25.04177,121.58735,11
500111070,20231003,26,18,7,1,25.04177,121.58735,11
500111070,20231003,27,18,7,1,25.04177,121.58735,11
500111070,20231003,28,18,7,1,25.04177,121.58735,11
500111070,20231003,29,18,7,1,25.04177,121.58735,11
500111070,20231003,30,18,8,1,25.04177,121.58735,10
500111070,20231003,31,18,8,1,25.04177,121.58735,10
500111070,20231003,32,18,8,1,25.04177,121.58735,10
500111070,20231003,33,18,8,1,25.04177,121.58735,10
500111070,20231003,34,18,7,1,25.04177,121.58735,11
500111070,20231003,35,18,7,1,25.04177,121.58735,11
500111070,20231003,36,18,7,1,25.04177,121.58735,11
500111070,20231003,37,18,7,1,25.04177,121.58735,11
500111070,20231003,38,18,7,1,25.04177,121.58735,11
500111070,20231003,39,18,7,1,25.04177,121.58735,11
500111070,20231003,40,18,7,1,25.04177,121.58735,11
500111070,20231003,41,18,7,1,25.04177,121.58735,11
500111070,20231003,42,18,7,1,25.04177,121.58735,11
500111070,20231003,43,18,7,1,25.04177,121.58735,11
500111070,20231003,44,18,7,1,25.04177,121.58735,11
500111070,20231003,45,18,7,1,25.04177,121.58735,11
500111070,20231003,46,18,7,1,25.04177,121.58735,11
500111070,20231003,47,18,7,1,25.04177,121.58735,11
500111070,20231003,48,18,7,1,25.04177,121.58735,11
500111070,20231003,49,18,7,1,25.04177,121.58735,11
500111070,20231003,50,18,7,1,25.04177,121.58735,11
500111070,20231003,51,18,7,1,25.04177,121.58735,11
500111070,20231003,52,18,7,1,25.04177,121.58735,11
500111070,20231003,53,18,7,1,25.04177,121.58735,11
500111070,20231003,54,18,7,1,25.04177,121.58735,11
500111070,20231003,55,18,7,1,25.04177,121.58735,11
500111070,20231003,56,18,7,1,25.04177,121.58735,11
500111070,20231003,57,18,7,1,25.04177,121.58735,11
500111070,20231003,58,18,7,1,25.04177,121.58735,11
500111070,20231003,59,18,7,1,25.04177,121.58735,11
500111070,20231003,60,18,7,1,25.04177,121.58735,11
500111070,20231003,61,18,7,1,25.04177,121.58735,11
500111070,20231003,62,18,7,1,25.04177,121.58735,11
500111070,20231003,63,18,7,1,25.04177,121.58735,11
500111070,20231003,64,18,7,1,25.04177,121.58735,11
500111070,20231003,65,18,7,1,25.04177,121.58735,11
500111070,20231003,66,18,7,1,25.04177,121.58735,11
500111070,20231003,67,18,7,1,25.04177,121.58735,11
500111070,20231003,68,18,7,1,25.04177,121.58735,11
500111070,20231003,69,18,7,1,25.04177,121.58735,11
500111070,20231003,70,18,7,1,25.04177,121.58735,11
500111070,20231003,71,18,7,1,25.04177,121.58735,11
500111070,20231003,72,18,7,1,25.04177,121.58735,11
500111070,20231003,73,18,7,1,25.04177,121.58735,11
500111070,20231003,74,18,7,1,25.04177,121.58735,11
500111070,20231003,75,18,7,1,25.04177,121.58735,11
500111070,20231003,76,18,7,1,25.04177,121.58735,11
500111070,20231003,77,18,7,1,25.04177,121.58735,11
500111070,20231003,78,18,7,1,25.04177,121.58735,11
500111070,20231003,79,18,7,1,25.04177,121.58735,11
500111070,20231003,81,18,7,1,25.04177,121.58735,11
500111070,20231003,82,18,7,1,25.04177,121.58735,11
500111070,20231003,83,18,7,1,25.04177,121.58735,11
500111070,20231003,84,18,7,1,25.04177,121.58735,11
500111070,20231003,85,18,7,1,25.04177,121.58735,11
500111070,20231003,86,18,7,1,25.04177,121.58735,11
500111070,20231003,87,18,7,1,25.04177,121.58735,11
500111070,20231003,88,18,7,1,25.04177,121.58735,11
500111070,20231003,89,18,7,1,25.04177,121.58735,11
500111070,20231003,90,18,7,1,25.04177,121.58735,11
500111070,20231003,91,18,7,1,25.04177,121.58735,11
500111070,20231003,92,18,7,1,25.04177,121.58735,11
500111070,20231003,93,18,7,1,25.04177,121.58735,11
500111070,20231003,94,18,7,1,25.04177,121.58735,11
500111070,20231003,95,18,7,1,25.04177,121.58735,11
500111070,20231003,96,18,7,1,25.04177,121.58735,11
500111070,20231003,97,18,7,1,25.04177,121.58735,11
500111070,20231003,98,18,7,1,25.04177,121.58735,11
500111070,20231003,99,18,7,1,25.04177,121.58735,11
500111070,20231003,100,18,7,1,25.04177,121.58735,11
500111070,20231003,101,18,7,1,25.04177,121.58735,11
500111070,20231003,102,18,7,1,25.04177,121.58735,11
500111070,20231003,103,18,7,1,25.04177,121.58735,11
500111070,20231003,104,18,7,1,25.04177,121.58735,11
500111070,20231003,105,18,7,1,25.04177,121.58735,11
500111070,20231003,106,18,7,1,25.04177,121.58735,11
500111070,20231003,107,18,7,1,25.04177,121.58735,11
500111070,20231003,108,18,7,1,25.04177,121.58735,11
500111070,20231003,109,18,7,1,25.04177,121.58735,11
500111070,20231003,110,18,7,1,25.04177,121.58735,11
500111070,20231003,111,18,7,1,25.04177,121.58735,11
500111070,20231003,112,18,7,1,25.04177,121.58735,11
500111070,20231003,113,18,7,1,25.04177,121.58735,11
500111070,20231003,114,18,7,1,25.04177,121.58735,11
500111070,20231003,115,18,7,1,25.04177,121.58735,11
500111070,20231003,116,18,7,1,25.04177,121.58735,11
500111070,20231003,117,18,7,1,25.04177,121.58735,11
500111070,20231003,118,18,7,1,25.04177,121.58735,11
500111070,20231003,119,18,7,1,25.04177,121.58735,11
500111070,20231003,121,18,7,1,25.04177,121.58735,11
500111070,20231003,122,18,7,1,25.04177,121.58735,11
500111070,20231003,123,18,7,1,25.04177,121.58735,11
500111070,20231003,124,18,7,1,25.04177,121.58735,11
500111070,20231003,125,18,7,1,25.04177,121.58735,11
500111070,20231003,126,18,7,1,25.04177,121.58735,11
500111070,20231003,127,18,7,1,25.04177,121.58735,11
500111070,20231003,128,18,7,1,25.04177,121.58735,11
500111070,20231003,129,18,7,1,25.04177,121.58735,11
500111070,20231003,130,18,7,1,25.04177,121.58735,11
500111070,20231003,131,18,7,1,25.04177,121.58735,11
500111070,20231003,132,18,7,1,25.04177,121.58735,11
500111070,20231003,133,18,7,1,25.04177,121.58735,11
500111070,20231003,134,18,7,1,25.04177,121.58735,11
500111070,20231003,135,18,7,1,25.04177,121.58735,11
500111070,20231003,136,18,7,1,25.04177,121.58735,11
500111070,20231003,137,18,7,1,25.04177,121.58735,11
500111070,20231003,138,18,7,1,25.04177,121.58735,11
500111070,20231003,139,18,7,1,25.04177,121.58735,11
500111070,20231003,141,18,7,1,25.04177,121.58735,11
500111070,20231003,142,18,7,1,25.04177,121.58735,11
500111070,20231003,143,18,7,1,25.04177,121.58735,11
500111070,20231003,144,18,7,1,25.04177,121.58735,11
500111070,20231003,145,18,7,1,25.04177,121.58735,11
500111070,20231003,146,18,7,1,25.04177,121.58735,11
500111070,20231003,147,18,6,1,25.04177,121.58735,12
500111070,20231003,148,18,6,1,25.04177,121.58735,12
500111070,20231003,149,18,6,1,25.04177,121.58735,12
500111070,20231003,150,18,6,1,25.04177,121.58735,12
500111070,20231003,151,18,6,1,25.04177,121.58735,12
500111070,20231003,152,18,6,1,25.04177,121.58735,12
500111070,20231003,153,18,6,1,25.04177,121.58735,12
500111070,20231003,154,18,6,1,25.04177,121.58735,12
500111070,20231003,155,18,6,1,25.04177,121.58735,12
500111070,20231003,156,18,6,1,25.04177,121.58735,12
500111070,20231003,157,18,6,1,25.04177,121.58735,12
500111070,20231003,158,18,6,1,25.04177,121.58735,12
500111070,20231003,159,18,6,1,25.04177,121.58735,12
500111070,20231003,160,18,6,1,25.04177,121.58735,12
500111070,20231003,161,18,6,1,25.04177,121.58735,12
500111070,20231003,162,18,6,1,25.04177,121.58735,12
500111070,20231003,163,18,6,1,25.04177,121.58735,12
500111070,20231003,164,18,6,1,25.04177,121.58735,12
500111070,20231003,165,18,6,1,25.04177,121.58735,12
500111070,20231003,166,18,6,1,25.04177,121.58735,12
500111070,20231003,167,18,6,1,25.04177,121.58735,12
500111070,20231003,168,18,5,1,25.04177,121.58735,13
500111070,20231003,169,18,5,1,25.04177,121.58735,13
500111070,20231003,170,18,5,1,25.04177,121.58735,13
500111070,20231003,171,18,5,1,25.04177,121.58735,13
500111070,20231003,172,18,5,1,25.04177,121.58735,13
500111070,20231003,173,18,5,1,25.04177,121.58735,13
500111070,20231003,174,18,5,1,25.04177,121.58735,13
500111070,20231003,175,18,5,1,25.04177,121.58735,13
500111070,20231003,176,18,5,1,25.04177,121.58735,13
500111070,20231003,177,18,5,1,25.04177,121.58735,13
500111070,20231003,178,18,5,1,25.04177,121.58735,13
500111070,20231003,179,18,5,1,25.04177,121.58735,13
500111070,20231003,180,18,5,1,25.04177,121.58735,13
500111070,20231003,181,18,5,1,25.04177,121.58735,13
500111070,20231003,182,18,5,1,25.04177,121.58735,13
500111070,20231003,183,18,5,1,25.04177,121.58735,13
500111070,20231003,184,18,5,1,25.04177,121.58735,13
500111070,20231003,185,18,5,1,25.04177,121.58735,13
500111070,20231003,186,18,5,1,25.04177,121.58735,13
500111070,20231003,187,18,5,1,25.04177,121.58735,13
500111070,20231003,188,18,5,1,25.04177,121.58735,13
500111070,20231003,189,18,5,1,25.04177,121.58735,13
500111070,20231003,190,18,5,1,25.04177,121.58735,13
500111070,20231003,191,18,6,1,25.04177,121.58735,12
500111070,20231003,192,18,7,1,25.04177,121.58735,11
500111070,20231003,193,18,7,1,25.04177,121.58735,11
500111070,20231003,194,18,7,1,25.04177,121.58735,11
500111070,20231003,195,18,7,1,25.04177,121.58735,11
500111070,20231003,196,18,7,1,25.04177,121.58735,11
500111070,20231003,197,18,7,1,25.04177,121.58735,11
500111070,20231003,198,18,7,1,25.04177,121.58735,11
500111070,20231003,199,18,7,1,25.04177,121.58735,11
500111070,20231003,201,18,7,1,25.04177,121.58735,11
500111070,20231003,202,18,7,1,25.04177,121.58735,11
500111070,20231003,203,18,7,1,25.04177,121.58735,11
500111070,20231003,204,18,7,1,25.04177,121.58735,11
500111070,20231003,205,18,7,1,25.04177,121.58735,11
500111070,20231003,206,18,7,1,25.04177,121.58735,11
500111070,20231003,207,18,7,1,25.04177,121.58735,11
500111070,20231003,208,18,7,1,25.04177,121.58735,11
500111070,20231003,209,18,7,1,25.04177,121.58735,11
500111070,20231003,210,18,7,1,25.04177,121.58735,11
500111070,20231003,211,18,7,1,25.04177,121.58735,11
500111070,20231003,212,18,7,1,25.04177,121.58735,11
500111070,20231003,213,18,7,1,25.04177,121.58735,11
500111070,20231003,214,18,7,1,25.04177,121.58735,11
500111070,20231003,215,18,7,1,25.04177,121.58735,11
500111070,20231003,216,18,7,1,25.04177,121.58735,11
500111070,20231003,217,18,7,1,25.04177,121.58735,11
500111070,20231003,218,18,7,1,25.04177,121.58735,11
500111070,20231003,219,18,7,1,25.04177,121.58735,11
500111070,20231003,220,18,7,1,25.04177,121.58735,11
500111070,20231003,221,18,7,1,25.04177,121.58735,11
500111070,20231003,222,18,7,1,25.04177,121.58735,11
500111070,20231003,223,18,7,1,25.04177,121.58735,11
500111070,20231003,224,18,7,1,25.04177,121.58735,11
500111070,20231003,225,18,7,1,25.04177,121.58735,11
500111070,20231003,226,18,7,1,25.04177,121.58735,11
500111070,20231003,227,18,7,1,25.04177,121.58735,11
500111070,20231003,228,18,7,1,25.04177,121.58735,11
500111070,20231003,229,18,7,1,25.04177,121.58735,11
500111070,20231003,230,18,7,1,25.04177,121.58735,11
500111070,20231003,231,18,7,1,25.04177,121.58735,11
500111070,20231003,232,18,7,1,25.04177,121.58735,11
500111070,20231003,233,18,7,1,25.04177,121.58735,11
500111070,20231003,234,18,7,1,25.04177,121.58735,11
500111070,20231003,235,18,7,1,25.04177,121.58735,11
500111070,20231003,236,18,7,1,25.04177,121.58735,11
500111070,20231003,237,18,7,1,25.04177,121.58735,11
500111070,20231003,238,18,7,1,25.04177,121.58735,11
500111070,20231003,239,18,7,1,25.04177,121.58735,11
500111070,20231003,241,18,7,1,25.04177,121.58735,11
500111070,20231003,242,18,7,1,25.04177,121.58735,11
500111070,20231003,243,18,7,1,25.04177,121.58735,11
500111070,20231003,245,18,7,1,25.04177,121.58735,11
500111070,20231003,246,18,7,1,25.04177,121.58735,11
500111070,20231003,247,18,7,1,25.04177,121.58735,11
500111070,20231003,248,18,7,1,25.04177,121.58735,11
500111070,20231003,249,18,7,1,25.04177,121.58735,11
500111070,20231003,250,18,7,1,25.04177,121.58735,11
500111070,20231003,251,18,7,1,25.04177,121.58735,11
500111070,20231003,252,18,7,1,25.04177,121.58735,11
500111070,20231003,253,18,7,1,25.04177,121.58735,11
500111070,20231003,254,18,7,1,25.04177,121.58735,11
500111070,20231003,255,18,7,1,25.04177,121.58735,11
500111070,20231003,256,18,7,1,25.04177,121.58735,11
500111070,20231003,257,18,7,1,25.04177,121.58735,11
500111070,20231003,258,18,7,1,25.04177,121.58735,11
500111070,20231003,259,18,7,1,25.04177,121.58735,11
500111070,20231003,261,18,7,1,25.04177,121.58735,11
500111070,20231003,262,18,7,1,25.04177,121.58735,11
500111070,20231003,263,18,7,1,25.04177,121.58735,11
500111070,20231003,264,18,7,1,25.04177,121.58735,11
500111070,20231003,265,18,7,1,25.04177,121.58735,11
500111070,20231003,266,18,7,1,25.04177,121.58735,11
500111070,20231003,267,18,7,1,25.04177,121.58735,11
500111070,20231003,268,18,7,1,25.04177,121.58735,11
500111070,20231003,269,18,7,1,25.04177,121.58735,11
500111070,20231003,270,18,7,1,25.04177,121.58735,11
500111070,20231003,271,18,7,1,25.04177,121.58735,11
500111070,20231003,272,18,7,1,25.04177,121.58735,11
500111070,20231003,273,18,7,1,25.04177,121.58735,11
500111070,20231003,274,18,7,1,25.04177,121.58735,11
500111070,20231003,275,18,7,1,25.04177,121.58735,11
500111070,20231003,276,18,7,1,25.04177,121.58735,11
500111070,20231003,277,18,7,1,25.04177,121.58735,11
500111070,20231003,278,18,7,1,25.04177,121.58735,11
500111070,20231003,279,18,7,1,25.04177,121.58735,11
500111070,20231003,280,18,7,1,25.04177,121.58735,11
500111070,20231003,281,18,7,1,25.04177,121.58735,11
500111070,20231003,282,18,7,1,25.04177,121.58735,11
500111070,20231003,283,18,7,1,25.04177,121.58735,11
500111070,20231003,284,18,7,1,25.04177,121.58735,11
500111070,20231003,285,18,7,1,25.04177,121.58735,11
500111070,20231003,286,18,7,1,25.04177,121.58735,11
500111070,20231003,287,18,7,1,25.04177,121.58735,11
500111070,20231003,288,18,7,1,25.04177,121.58735,11
500111070,20231003,289,18,7,1,25.04177,121.58735,11
500111070,20231003,290,18,7,1,25.04177,121.58735,11
500111070,20231003,291,18,7,1,25.04177,121.58735,11
500111070,20231003,292,18,7,1,25.04177,121.58735,11
500111070,20231003,293,18,7,1,25.04177,121.58735,11
500111070,20231003,294,18,7,1,25.04177,121.58735,11
500111070,20231003,295,18,7,1,25.04177,121.58735,11
500111070,20231003,296,18,7,1,25.04177,121.58735,11
500111070,20231003,297,18,7,1,25.04177,121.58735,11
500111070,20231003,298,18,7,1,25.04177,121.58735,11
500111070,20231003,299,18,7,1,25.04177,121.58735,11
500111070,20231003,300,18,7,1,25.04177,121.58735,11
500111070,20231003,301,18,7,1,25.04177,121.58735,11
500111070,20231003,302,18,7,1,25.04177,121.58735,11
500111070,20231003,303,18,7,1,25.04177,121.58735,11
500111070,20231003,304,18,7,1,25.04177,121.58735,11
500111070,20231003,305,18,7,1,25.04177,121.58735,11
500111070,20231003,306,18,7,1,25.04177,121.58735,11
500111070,20231003,307,18,7,1,25.04177,121.58735,11
500111070,20231003,308,18,7,1,25.04177,121.58735,11
500111070,20231003,309,18,7,1,25.04177,121.58735,11
500111070,20231003,310,18,7,1,25.04177,121.58735,11
500111070,20231003,311,18,7,1,25.04177,121.58735,11
500111070,20231003,312,18,7,1,25.04177,121.58735,11
500111070,20231003,313,18,7,1,25.04177,121.58735,11
500111070,20231003,314,18,7,1,25.04177,121.58735,11
500111070,20231003,315,18,7,1,25.04177,121.58735,11
500111070,20231003,316,18,7,1,25.04177,121.58735,11
500111070,20231003,317,18,7,1,25.04177,121.58735,11
500111070,20231003,318,18,7,1,25.04177,121.58735,11
500111070,20231003,319,18,7,1,25.04177,121.58735,11
500111070,20231003,321,18,7,1,25.04177,121.58735,11
500111070,20231003,322,18,7,1,25.04177,121.58735,11
500111070,20231003,323,18,7,1,25.04177,121.58735,11
500111070,20231003,324,18,7,1,25.04177,121.58735,11
500111070,20231003,325,18,7,1,25.04177,121.58735,11
500111070,20231003,326,18,7,1,25.04177,121.58735,11
500111070,20231003,327,18,7,1,25.04177,121.58735,11
500111070,20231003,328,18,7,1,25.04177,121.58735,11
500111070,20231003,329,18,7,1,25.04177,121.58735,11
500111070,20231003,330,18,7,1,25.04177,121.58735,11
500111070,20231003,331,18,7,1,25.04177,121.58735,11
500111070,20231003,332,18,7,1,25.04177,121.58735,11
500111070,20231003,333,18,7,1,25.04177,121.58735,11
500111070,20231003,334,18,7,1,25.04177,121.58735,11
500111070,20231003,335,18,7,1,25.04177,121.58735,11
500111070,20231003,336,18,7,1,25.04177,121.58735,11
500111070,20231003,337,18,7,1,25.04177,121.58735,11
500111070,20231003,338,18,7,1,25.04177,121.58735,11
500111070,20231003,339,18,7,1,25.04177,121.58735,11
500111070,20231003,340,18,7,1,25.04177,121.58735,11
500111070,20231003,341,18,7,1,25.04177,121.58735,11
500111070,20231003,342,18,7,1,25.04177,121.58735,11
500111070,20231003,343,18,7,1,25.04177,121.58735,11
500111070,20231003,344,18,7,1,25.04177,121.58735,11
500111070,20231003,345,18,7,1,25.04177,121.58735,11
500111070,20231003,346,18,7,1,25.04177,121.58735,11
500111070,20231003,347,18,7,1,25.04177,121.58735,11
500111070,20231003,348,18,7,1,25.04177,121.58735,11
500111070,20231003,349,18,7,1,25.04177,121.58735,11
500111070,20231003,350,18,7,1,25.04177,121.58735,11
500111070,20231003,351,18,8,1,25.04177,121.58735,10
500111070,20231003,352,18,8,1,25.04177,121.58735,10
500111070,20231003,353,18,8,1,25.04177,121.58735,10
500111070,20231003,354,18,8,1,25.04177,121.58735,10
500111070,20231003,355,18,8,1,25.04177,121.58735,10
500111070,20231003,356,18,8,1,25.04177,121.58735,10
500111070,20231003,357,18,10,1,25.04177,121.58735,8
500111070,20231003,358,18,10,1,25.04177,121.58735,8
500111070,20231003,359,18,10,1,25.04177,121.58735,8
500111070,20231003,360,18,10,1,25.04177,121.58735,8
500111070,20231003,361,18,10,1,25.04177,121.58735,8
500111070,20231003,362,18,11,1,25.04177,121.58735,7
500111070,20231003,363,18,11,1,25.04177,121.58735,7
500111070,20231003,364,18,11,1,25.04177,121.58735,7
500111070,20231003,365,18,11,1,25.04177,121.58735,7
500111070,20231003,366,18,11,1,25.04177,121.58735,7
500111070,20231003,367,18,11,1,25.04177,121.58735,7
500111070,20231003,368,18,12,1,25.04177,121.58735,6
500111070,20231003,369,18,13,1,25.04177,121.58735,5
500111070,20231003,370,18,13,1,25.04177,121.58735,5
500111070,20231003,371,18,13,1,25.04177,121.58735,5
500111070,20231003,372,18,13,1,25.04177,121.58735,5
500111070,20231003,373,18,13,1,25.04177,121.58735,5
500111070,20231003,374,18,13,1,25.04177,121.58735,5
500111070,20231003,375,18,13,1,25.04177,121.58735,5
500111070,20231003,376,18,13,1,25.04177,121.58735,5
500111070,20231003,377,18,13,1,25.04177,121.58735,5
500111070,20231003,378,18,13,1,25.04177,121.58735,5
500111070,20231003,379,18,13,1,25.04177,121.58735,5
500111070,20231003,381,18,13,1,25.04177,121.58735,5
500111070,20231003,382,18,13,1,25.04177,121.58735,5
500111070,20231003,383,18,13,1,25.04177,121.58735,5
500111070,20231003,384,18,13,1,25.04177,121.58735,5
500111070,20231003,385,18,13,1,25.04177,121.58735,5
500111070,20231003,386,18,13,1,25.04177,121.58735,5
500111070,20231003,387,18,12,1,25.04177,121.58735,6
500111070,20231003,388,18,13,1,25.04177,121.58735,5
500111070,20231003,389,18,13,1,25.04177,121.58735,5
500111070,20231003,390,18,13,1,25.04177,121.58735,5
500111070,20231003,391,18,14,1,25.04177,121.58735,4
500111070,20231003,392,18,15,1,25.04177,121.58735,3
500111070,20231003,393,18,15,1,25.04177,121.58735,3
500111070,20231003,394,18,16,1,25.04177,121.58735,2
500111070,20231003,395,18,16,1,25.04177,121.58735,2
500111070,20231003,396,18,16,1,25.04177,121.58735,2
500111070,20231003,397,18,16,1,25.04177,121.58735,2
500111070,20231003,398,18,16,1,25.04177,121.58735,2
500111070,20231003,399,18,16,1,25.04177,121.58735,2
500111070,20231003,400,18,16,1,25.04177,121.58735,2
500111070,20231003,401,18,16,1,25.04177,121.58735,2
500111070,20231003,402,18,16,1,25.04177,121.58735,2
500111070,20231003,403,18,16,1,25.04177,121.58735,2
500111070,20231003,404,18,16,1,25.04177,121.58735,2
500111070,20231003,405,18,16,1,25.04177,121.58735,2
500111070,20231003,406,18,16,1,25.04177,121.58735,2
500111070,20231003,407,18,16,1,25.04177,121.58735,2
500111070,20231003,408,18,16,1,25.04177,121.58735,2
500111070,20231003,409,18,16,1,25.04177,121.58735,2
500111070,20231003,410,18,17,1,25.04177,121.58735,1
500111070,20231003,411,18,17,1,25.04177,121.58735,1
500111070,20231003,412,18,17,1,25.04177,121.58735,1
500111070,20231003,413,18,18,1,25.04177,121.58735,0
500111070,20231003,414,18,18,1,25.04177,121.58735,0
500111070,20231003,415,18,18,1,25.04177,121.58735,0
500111070,20231003,416,18,18,1,25.04177,121.58735,0
500111070,20231003,417,18,18,1,25.04177,121.58735,0
500111070,20231003,418,18,18,1,25.04177,121.58735,0
500111070,20231003,419,18,18,1,25.04177,121.58735,0
500111070,20231003,421,18,18,1,25.04177,121.58735,0
500111070,20231003,422,18,18,1,25.04177,121.58735,0
500111070,20231003,423,18,18,1,25.04177,121.58735,0
500111070,20231003,424,18,18,1,25.04177,121.58735,0
500111070,20231003,425,18,18,1,25.04177,121.58735,0
500111070,20231003,426,18,18,1,25.04177,121.58735,0
500111070,20231003,427,18,18,1,25.04177,121.58735,0
500111070,20231003,428,18,18,1,25.04177,121.58735,0
500111070,20231003,429,18,18,1,25.04177,121.58735,0
500111070,20231003,430,18,18,1,25.04177,121.58735,0
500111070,20231003,431,18,18,1,25.04177,121.58735,0
500111070,20231003,432,18,18,1,25.04177,121.58735,0
500111070,20231003,433,18,18,1,25.04177,121.58735,0
500111070,20231003,434,18,18,1,25.04177,121.58735,0
500111070,20231003,435,18,18,1,25.04177,121.58735,0
500111070,20231003,436,18,18,1,25.04177,121.58735,0
500111070,20231003,437,18,18,1,25.04177,121.58735,0
500111070,20231003,438,18,18,1,25.04177,121.58735,0
500111070,20231003,439,18,18,1,25.04177,121.58735,0
500111070,20231003,441,18,18,1,25.04177,121.58735,0
500111070,20231003,442,18,18,1,25.04177,121.58735,0
500111070,20231003,443,18,18,1,25.04177,121.58735,0
500111070,20231003,444,18,18,1,25.04177,121.58735,0
500111070,20231003,445,18,18,1,25.04177,121.58735,0
500111070,20231003,446,18,18,1,25.04177,121.58735,0
500111070,20231003,447,18,18,1,25.04177,121.58735,0
500111070,20231003,448,18,18,1,25.04177,121.58735,0
500111070,20231003,449,18,18,1,25.04177,121.58735,0
500111070,20231003,451,18,18,1,25.04177,121.58735,0
500111070,20231003,452,18,18,1,25.04177,121.58735,0
500111070,20231003,453,18,18,1,25.04177,121.58735,0
500111070,20231003,454,18,18,1,25.04177,121.58735,0
500111070,20231003,455,18,18,1,25.04177,121.58735,0
500111070,20231003,456,18,18,1,25.04177,121.58735,0
500111070,20231003,457,18,18,1,25.04177,121.58735,0
500111070,20231003,458,18,18,1,25.04177,121.58735,0
500111070,20231003,459,18,18,1,25.04177,121.58735,0
500111070,20231003,460,18,10,1,25.04177,121.58735,8
500111070,20231003,461,18,6,1,25.04177,121.58735,12
500111070,20231003,462,18,4,1,25.04177,121.58735,14
500111070,20231003,463,18,3,1,25.04177,121.58735,15
500111070,20231003,464,18,0,1,25.04177,121.58735,18
500111070,20231003,465,18,0,1,25.04177,121.58735,18
500111070,20231003,466,18,0,1,25.04177,121.58735,18
500111070,20231003,467,18,0,1,25.04177,121.58735,18
500111070,20231003,468,18,0,1,25.04177,121.58735,18
500111070,20231003,469,18,1,1,25.04177,121.58735,17
500111070,20231003,470,18,3,1,25.04177,121.58735,15
500111070,20231003,471,18,3,1,25.04177,121.58735,15
500111070,20231003,472,18,4,1,25.04177,121.58735,14
500111070,20231003,473,18,5,1,25.04177,121.58735,13
500111070,20231003,474,18,5,1,25.04177,121.58735,13
500111070,20231003,475,18,5,1,25.04177,121.58735,13
500111070,20231003,476,18,5,1,25.04177,121.58735,13
500111070,20231003,477,18,2,1,25.04177,121.58735,16
500111070,20231003,478,18,2,1,25.04177,121.58735,16
500111070,20231003,479,18,2,1,25.04177,121.58735,16
500111070,20231003,481,18,3,1,25.04177,121.58735,15
500111070,20231003,482,18,3,1,25.04177,121.58735,15
500111070,20231003,483,18,3,1,25.04177,121.58735,15
500111070,20231003,484,18,5,1,25.04177,121.58735,13
500111070,20231003,485,18,6,1,25.04177,121.58735,12
500111070,20231003,486,18,7,1,25.04177,121.58735,11
500111070,20231003,487,18,7,1,25.04177,121.58735,11
500111070,20231003,488,18,7,1,25.04177,121.58735,11
500111070,20231003,489,18,8,1,25.04177,121.58735,10
500111070,20231003,490,18,7,1,25.04177,121.58735,11
500111070,20231003,491,18,7,1,25.04177,121.58735,11
500111070,20231003,492,18,7,1,25.04177,121.58735,11
500111070,20231003,493,18,7,1,25.04177,121.58735,11
500111070,20231003,494,18,7,1,25.04177,121.58735,11
500111070,20231003,495,18,7,1,25.04177,121.58735,11
500111070,20231003,496,18,7,1,25.04177,121.58735,11
500111070,20231003,497,18,7,1,25.04177,121.58735,11
500111070,20231003,498,18,7,1,25.04177,121.58735,11
500111070,20231003,499,18,7,1,25.04177,121.58735,11
500111070,20231003,501,18,7,1,25.04177,121.58735,11
500111070,20231003,502,18,7,1,25.04177,121.58735,11
500111070,20231003,503,18,7,1,25.04177,121.58735,11
500111070,20231003,504,18,8,1,25.04177,121.58735,10
500111070,20231003,505,18,8,1,25.04177,121.58735,10
500111070,20231003,506,18,8,1,25.04177,121.58735,10
500111070,20231003,507,18,8,1,25.04177,121.58735,10
500111070,20231003,509,18,8,1,25.04177,121.58735,10
500111070,20231003,511,18,10,1,25.04177,121.58735,8
500111070,20231003,512,18,10,1,25.04177,121.58735,8
500111070,20231003,513,18,10,1,25.04177,121.58735,8
500111070,20231003,514,18,10,1,25.04177,121.58735,8
500111070,20231003,515,18,11,1,25.04177,121.58735,7
500111070,20231003,516,18,11,1,25.04177,121.58735,7
500111070,20231003,517,18,11,1,25.04177,121.58735,7
500111070,20231003,518,18,11,1,25.04177,121.58735,7
500111070,20231003,520,18,12,1,25.04177,121.58735,6
500111070,20231003,521,18,12,1,25.04177,121.58735,6
500111070,20231003,522,18,12,1,25.04177,121.58735,6
500111070,20231003,523,18,12,1,25.04177,121.58735,6
500111070,20231003,524,18,12,1,25.04177,121.58735,6
500111070,20231003,525,18,12,1,25.04177,121.58735,6
500111070,20231003,526,18,15,1,25.04177,121.58735,3
500111070,20231003,527,18,15,1,25.04177,121.58735,3
500111070,20231003,528,18,15,1,25.04177,121.58735,3
500111070,20231003,529,18,15,1,25.04177,121.58735,3
500111070,20231003,530,18,15,1,25.04177,121.58735,3
500111070,20231003,531,18,15,1,25.04177,121.58735,3
500111070,20231003,532,18,16,1,25.04177,121.58735,2
500111070,20231003,533,18,17,1,25.04177,121.58735,1
500111070,20231003,534,18,17,1,25.04177,121.58735,1
500111070,20231003,535,18,17,1,25.04177,121.58735,1
500111070,20231003,536,18,17,1,25.04177,121.58735,1
500111070,20231003,537,18,17,1,25.04177,121.58735,1
500111070,20231003,538,18,17,1,25.04177,121.58735,1
500111070,20231003,539,18,17,1,25.04177,121.58735,1
500111070,20231003,541,18,17,1,25.04177,121.58735,1
500111070,20231003,542,18,15,1,25.04177,121.58735,3
500111070,20231003,543,18,15,1,25.04177,121.58735,3
500111070,20231003,544,18,15,1,25.04177,121.58735,3
500111070,20231003,545,18,15,1,25.04177,121.58735,3
500111070,20231003,546,18,14,1,25.04177,121.58735,4
500111070,20231003,547,18,12,1,25.04177,121.58735,6
500111070,20231003,548,18,12,1,25.04177,121.58735,6
500111070,20231003,549,18,13,1,25.04177,121.58735,5
500111070,20231003,550,18,14,1,25.04177,121.58735,4
500111070,20231003,551,18,14,1,25.04177,121.58735,4
500111070,20231003,552,18,14,1,25.04177,121.58735,4
500111070,20231003,553,18,16,1,25.04177,121.58735,2
500111070,20231003,554,18,16,1,25.04177,121.58735,2
500111070,20231003,555,18,16,1,25.04177,121.58735,2
500111070,20231003,556,18,16,1,25.04177,121.58735,2
500111070,20231003,557,18,16,1,25.04177,121.58735,2
500111070,20231003,558,18,16,1,25.04177,121.58735,2
500111070,20231003,559,18,17,1,25.04177,121.58735,1
500111070,20231003,561,18,16,1,25.04177,121.58735,2
500111070,20231003,562,18,16,1,25.04177,121.58735,2
500111070,20231003,563,18,16,1,25.04177,121.58735,2
500111070,20231003,564,18,16,1,25.04177,121.58735,2
500111070,20231003,565,18,16,1,25.04177,121.58735,2
500111070,20231003,566,18,16,1,25.04177,121.58735,2
500111070,20231003,567,18,16,1,25.04177,121.58735,2
500111070,20231003,568,18,16,1,25.04177,121.58735,2
500111070,20231003,569,18,16,1,25.04177,121.58735,2
500111070,20231003,571,18,16,1,25.04177,121.58735,2
500111070,20231003,572,18,16,1,25.04177,121.58735,2
500111070,20231003,573,18,17,1,25.04177,121.58735,1
500111070,20231003,574,18,17,1,25.04177,121.58735,1
500111070,20231003,575,18,17,1,25.04177,121.58735,1
500111070,20231003,576,18,17,1,25.04177,121.58735,1
500111070,20231003,577,18,17,1,25.04177,121.58735,1
500111070,20231003,578,18,17,1,25.04177,121.58735,1
500111070,20231003,579,18,17,1,25.04177,121.58735,1
500111070,20231003,580,18,17,1,25.04177,121.58735,1
500111070,20231003,581,18,17,1,25.04177,121.58735,1
500111070,20231003,582,18,17,1,25.04177,121.58735,1
500111070,20231003,583,18,17,1,25.04177,121.58735,1
500111070,20231003,584,18,17,1,25.04177,121.58735,1
500111070,20231003,585,18,17,1,25.04177,121.58735,1
500111070,20231003,586,18,17,1,25.04177,121.58735,1
500111070,20231003,587,18,17,1,25.04177,121.58735,1
500111070,20231003,588,18,17,1,25.04177,121.58735,1
500111070,20231003,589,18,17,1,25.04177,121.58735,1
500111070,20231003,590,18,17,1,25.04177,121.58735,1
500111070,20231003,591,18,17,1,25.04177,121.58735,1
500111070,20231003,592,18,17,1,25.04177,121.58735,1
500111070,20231003,593,18,17,1,25.04177,121.58735,1
500111070,20231003,594,18,17,1,25.04177,121.58735,1
500111070,20231003,595,18,17,1,25.04177,121.58735,1
500111070,20231003,596,18,17,1,25.04177,121.58735,1
500111070,20231003,597,18,17,1,25.04177,121.58735,1
500111070,20231003,598,18,17,1,25.04177,121.58735,1
500111070,20231003,599,18,17,1,25.04177,121.58735,1
500111070,20231003,601,18,17,1,25.04177,121.58735,1
500111070,20231003,602,18,17,1,25.04177,121.58735,1
500111070,20231003,603,18,17,1,25.04177,121.58735,1
500111070,20231003,604,18,17,1,25.04177,121.58735,1
500111070,20231003,605,18,17,1,25.04177,121.58735,1
500111070,20231003,606,18,17,1,25.04177,121.58735,1
500111070,20231003,607,18,17,1,25.04177,121.58735,1
500111070,20231003,608,18,17,1,25.04177,121.58735,1
500111070,20231003,609,18,17,1,25.04177,121.58735,1
500111070,20231003,610,18,17,1,25.04177,121.58735,1
500111070,20231003,611,18,17,1,25.04177,121.58735,1
500111070,20231003,612,18,17,1,25.04177,121.58735,1
500111070,20231003,613,18,17,1,25.04177,121.58735,1
500111070,20231003,614,18,17,1,25.04177,121.58735,1
500111070,20231003,615,18,17,1,25.04177,121.58735,1
500111070,20231003,616,18,16,1,25.04177,121.58735,2
500111070,20231003,617,18,16,1,25.04177,121.58735,2
500111070,20231003,618,18,16,1,25.04177,121.58735,2
500111070,20231003,619,18,16,1,25.04177,121.58735,2
500111070,20231003,621,18,16,1,25.04177,121.58735,2
500111070,20231003,622,18,16,1,25.04177,121.58735,2
500111070,20231003,623,18,16,1,25.04177,121.58735,2
500111070,20231003,624,18,17,1,25.04177,121.58735,1
500111070,20231003,625,18,17,1,25.04177,121.58735,1
500111070,20231003,626,18,17,1,25.04177,121.58735,1
500111070,20231003,627,18,17,1,25.04177,121.58735,1
500111070,20231003,628,18,17,1,25.04177,121.58735,1
500111070,20231003,629,18,17,1,25.04177,121.58735,1
500111070,20231003,630,18,17,1,25.04177,121.58735,1
500111070,20231003,631,18,17,1,25.04177,121.58735,1
500111070,20231003,632,18,17,1,25.04177,121.58735,1
500111070,20231003,633,18,17,1,25.04177,121.58735,1
500111070,20231003,634,18,17,1,25.04177,121.58735,1
500111070,20231003,635,18,17,1,25.04177,121.58735,1
500111070,20231003,636,18,17,1,25.04177,121.58735,1
500111070,20231003,637,18,17,1,25.04177,121.58735,1
500111070,20231003,638,18,17,1,25.04177,121.58735,1
500111070,20231003,639,18,17,1,25.04177,121.58735,1
500111070,20231003,640,18,17,1,25.04177,121.58735,1
500111070,20231003,641,18,17,1,25.04177,121.58735,1
500111070,20231003,642,18,17,1,25.04177,121.58735,1
500111070,20231003,643,18,17,1,25.04177,121.58735,1
500111070,20231003,644,18,17,1,25.04177,121.58735,1
500111070,20231003,645,18,17,1,25.04177,121.58735,1
500111070,20231003,646,18,17,1,25.04177,121.58735,1
500111070,20231003,647,18,17,1,25.04177,121.58735,1
500111070,20231003,648,18,17,1,25.04177,121.58735,1
500111070,20231003,649,18,17,1,25.04177,121.58735,1
500111070,20231003,650,18,17,1,25.04177,121.58735,1
500111070,20231003,651,18,17,1,25.04177,121.58735,1
500111070,20231003,652,18,17,1,25.04177,121.58735,1
500111070,20231003,653,18,17,1,25.04177,121.58735,1
500111070,20231003,654,18,17,1,25.04177,121.58735,1
500111070,20231003,655,18,17,1,25.04177,121.58735,1
500111070,20231003,656,18,17,1,25.04177,121.58735,1
500111070,20231003,657,18,17,1,25.04177,121.58735,1
500111070,20231003,658,18,17,1,25.04177,121.58735,1
500111070,20231003,659,18,17,1,25.04177,121.58735,1
500111070,20231003,661,18,17,1,25.04177,121.58735,1
500111070,20231003,662,18,17,1,25.04177,121.58735,1
500111070,20231003,663,18,17,1,25.04177,121.58735,1
500111070,20231003,664,18,17,1,25.04177,121.58735,1
500111070,20231003,665,18,17,1,25.04177,121.58735,1
500111070,20231003,666,18,17,1,25.04177,121.58735,1
500111070,20231003,667,18,17,1,25.04177,121.58735,1
500111070,20231003,668,18,17,1,25.04177,121.58735,1
500111070,20231003,669,18,17,1,25.04177,121.58735,1
500111070,20231003,670,18,17,1,25.04177,121.58735,1
500111070,20231003,671,18,17,1,25.04177,121.58735,1
500111070,20231003,672,18,17,1,25.04177,121.58735,1
500111070,20231003,673,18,17,1,25.04177,121.58735,1
500111070,20231003,674,18,17,1,25.04177,121.58735,1
500111070,20231003,675,18,17,1,25.04177,121.58735,1
500111070,20231003,676,18,17,1,25.04177,121.58735,1
500111070,20231003,677,18,17,1,25.04177,121.58735,1
500111070,20231003,678,18,17,1,25.04177,121.58735,1
500111070,20231003,679,18,17,1,25.04177,121.58735,1
500111070,20231003,681,18,17,1,25.04177,121.58735,1
500111070,20231003,682,18,17,1,25.04177,121.58735,1
500111070,20231003,683,18,16,1,25.04177,121.58735,2
500111070,20231003,684,18,16,1,25.04177,121.58735,2
500111070,20231003,685,18,16,1,25.04177,121.58735,2
500111070,20231003,686,18,16,1,25.04177,121.58735,2
500111070,20231003,687,18,16,1,25.04177,121.58735,2
500111070,20231003,688,18,16,1,25.04177,121.58735,2
500111070,20231003,689,18,16,1,25.04177,121.58735,2
500111070,20231003,690,18,16,1,25.04177,121.58735,2
500111070,20231003,691,18,16,1,25.04177,121.58735,2
500111070,20231003,692,18,16,1,25.04177,121.58735,2
500111070,20231003,693,18,16,1,25.04177,121.58735,2
500111070,20231003,694,18,16,1,25.04177,121.58735,2
500111070,20231003,695,18,16,1,25.04177,121.58735,2
500111070,20231003,696,18,16,1,25.04177,121.58735,2
500111070,20231003,697,18,16,1,25.04177,121.58735,2
500111070,20231003,698,18,16,1,25.04177,121.58735,2
500111070,20231003,699,18,16,1,25.04177,121.58735,2
500111070,20231003,700,18,15,1,25.04177,121.58735,3
500111070,20231003,701,18,15,1,25.04177,121.58735,3
500111070,20231003,702,18,15,1,25.04177,121.58735,3
500111070,20231003,703,18,15,1,25.04177,121.58735,3
500111070,20231003,704,18,15,1,25.04177,121.58735,3
500111070,20231003,705,18,15,1,25.04177,121.58735,3
500111070,20231003,706,18,15,1,25.04177,121.58735,3
500111070,20231003,707,18,15,1,25.04177,121.58735,3
500111070,20231003,708,18,15,1,25.04177,121.58735,3
500111070,20231003,709,18,15,1,25.04177,121.58735,3
500111070,20231003,710,18,15,1,25.04177,121.58735,3
500111070,20231003,711,18,15,1,25.04177,121.58735,3
500111070,20231003,712,18,15,1,25.04177,121.58735,3
500111070,20231003,713,18,15,1,25.04177,121.58735,3
500111070,20231003,714,18,15,1,25.04177,121.58735,3
500111070,20231003,715,18,15,1,25.04177,121.58735,3
500111070,20231003,716,18,15,1,25.04177,121.58735,3
500111070,20231003,717,18,15,1,25.04177,121.58735,3
500111070,20231003,718,18,15,1,25.04177,121.58735,3
500111070,20231003,719,18,15,1,25.04177,121.58735,3
500111070,20231003,721,18,16,1,25.04177,121.58735,2
500111070,20231003,722,18,16,1,25.04177,121.58735,2
500111070,20231003,723,18,16,1,25.04177,121.58735,2
500111070,20231003,724,18,16,1,25.04177,121.58735,2
500111070,20231003,725,18,16,1,25.04177,121.58735,2
500111070,20231003,726,18,16,1,25.04177,121.58735,2
500111070,20231003,727,18,16,1,25.04177,121.58735,2
500111070,20231003,728,18,16,1,25.04177,121.58735,2
500111070,20231003,729,18,16,1,25.04177,121.58735,2
500111070,20231003,730,18,16,1,25.04177,121.58735,2
500111070,20231003,731,18,16,1,25.04177,121.58735,2
500111070,20231003,732,18,16,1,25.04177,121.58735,2
500111070,20231003,733,18,16,1,25.04177,121.58735,2
500111070,20231003,734,18,16,1,25.04177,121.58735,2
500111070,20231003,735,18,16,1,25.04177,121.58735,2
500111070,20231003,736,18,16,1,25.04177,121.58735,2
500111070,20231003,737,18,16,1,25.04177,121.58735,2
500111070,20231003,738,18,16,1,25.04177,121.58735,2
500111070,20231003,739,18,16,1,25.04177,121.58735,2
500111070,20231003,741,18,16,1,25.04177,121.58735,2
500111070,20231003,742,18,16,1,25.04177,121.58735,2
500111070,20231003,743,18,16,1,25.04177,121.58735,2
500111070,20231003,744,18,16,1,25.04177,121.58735,2
500111070,20231003,745,18,16,1,25.04177,121.58735,2
500111070,20231003,746,18,16,1,25.04177,121.58735,2
500111070,20231003,747,18,16,1,25.04177,121.58735,2
500111070,20231003,748,18,16,1,25.04177,121.58735,2
500111070,20231003,749,18,16,1,25.04177,121.58735,2
500111070,20231003,750,18,16,1,25.04177,121.58735,2
500111070,20231003,751,18,16,1,25.04177,121.58735,2
500111070,20231003,752,18,16,1,25.04177,121.58735,2
500111070,20231003,753,18,16,1,25.04177,121.58735,2
500111070,20231003,754,18,17,1,25.04177,121.58735,1
500111070,20231003,755,18,17,1,25.04177,121.58735,1
500111070,20231003,756,18,17,1,25.04177,121.58735,1
500111070,20231003,757,18,17,1,25.04177,121.58735,1
500111070,20231003,758,18,17,1,25.04177,121.58735,1
500111070,20231003,759,18,17,1,25.04177,121.58735,1
500111070,20231003,760,18,16,1,25.04177,121.58735,2
500111070,20231003,761,18,16,1,25.04177,121.58735,2
500111070,20231003,762,18,15,1,25.04177,121.58735,3
500111070,20231003,763,18,15,1,25.04177,121.58735,3
500111070,20231003,764,18,15,1,25.04177,121.58735,3
500111070,20231003,765,18,15,1,25.04177,121.58735,3
500111070,20231003,766,18,15,1,25.04177,121.58735,3
500111070,20231003,767,18,15,1,25.04177,121.58735,3
500111070,20231003,768,18,15,1,25.04177,121.58735,3
500111070,20231003,769,18,15,1,25.04177,121.58735,3
500111070,20231003,770,18,15,1,25.04177,121.58735,3
500111070,20231003,771,18,15,1,25.04177,121.58735,3
500111070,20231003,772,18,15,1,25.04177,121.58735,3
500111070,20231003,773,18,15,1,25.04177,121.58735,3
500111070,20231003,774,18,15,1,25.04177,121.58735,3
500111070,20231003,775,18,15,1,25.04177,121.58735,3
500111070,20231003,776,18,15,1,25.04177,121.58735,3
500111070,20231003,777,18,15,1,25.04177,121.58735,3
500111070,20231003,779,18,15,1,25.04177,121.58735,3
500111070,20231003,781,18,15,1,25.04177,121.58735,3
500111070,20231003,782,18,15,1,25.04177,121.58735,3
500111070,20231003,783,18,15,1,25.04177,121.58735,3
500111070,20231003,784,18,15,1,25.04177,121.58735,3
500111070,20231003,785,18,15,1,25.04177,121.58735,3
500111070,20231003,786,18,15,1,25.04177,121.58735,3
500111070,20231003,787,18,15,1,25.04177,121.58735,3
500111070,20231003,788,18,15,1,25.04177,121.58735,3
500111070,20231003,789,18,15,1,25.04177,121.58735,3
500111070,20231003,790,18,14,1,25.04177,121.58735,4
500111070,20231003,791,18,14,1,25.04177,121.58735,4
500111070,20231003,792,18,14,1,25.04177,121.58735,4
500111070,20231003,793,18,14,1,25.04177,121.58735,4
500111070,20231003,794,18,15,1,25.04177,121.58735,3
500111070,20231003,795,18,15,1,25.04177,121.58735,3
500111070,20231003,796,18,14,1,25.04177,121.58735,4
500111070,20231003,797,18,13,1,25.04177,121.58735,5
500111070,20231003,798,18,14,1,25.04177,121.58735,4
500111070,20231003,799,18,14,1,25.04177,121.58735,4
500111070,20231003,801,18,16,1,25.04177,121.58735,2
500111070,20231003,802,18,16,1,25.04177,121.58735,2
500111070,20231003,803,18,15,1,25.04177,121.58735,3
500111070,20231003,804,18,15,1,25.04177,121.58735,3
500111070,20231003,805,18,16,1,25.04177,121.58735,2
500111070,20231003,806,18,16,1,25.04177,121.58735,2
500111070,20231003,807,18,16,1,25.04177,121.58735,2
500111070,20231003,808,18,16,1,25.04177,121.58735,2
500111070,20231003,809,18,17,1,25.04177,121.58735,1
500111070,20231003,811,18,17,1,25.04177,121.58735,1
500111070,20231003,812,18,16,1,25.04177,121.58735,2
500111070,20231003,813,18,16,1,25.04177,121.58735,2
500111070,20231003,814,18,16,1,25.04177,121.58735,2
500111070,20231003,815,18,15,1,25.04177,121.58735,3
500111070,20231003,816,18,15,1,25.04177,121.58735,3
500111070,20231003,817,18,15,1,25.04177,121.58735,3
500111070,20231003,818,18,15,1,25.04177,121.58735,3
500111070,20231003,819,18,15,1,25.04177,121.58735,3
500111070,20231003,820,18,15,1,25.04177,121.58735,3
500111070,20231003,821,18,15,1,25.04177,121.58735,3
500111070,20231003,822,18,15,1,25.04177,121.58735,3
500111070,20231003,823,18,15,1,25.04177,121.58735,3
500111070,20231003,824,18,15,1,25.04177,121.58735,3
500111070,20231003,825,18,15,1,25.04177,121.58735,3
500111070,20231003,826,18,15,1,25.04177,121.58735,3
500111070,20231003,827,18,15,1,25.04177,121.58735,3
500111070,20231003,828,18,15,1,25.04177,121.58735,3
500111070,20231003,829,18,15,1,25.04177,121.58735,3
500111070,20231003,830,18,16,1,25.04177,121.58735,2
500111070,20231003,831,18,15,1,25.04177,121.58735,3
500111070,20231003,832,18,15,1,25.04177,121.58735,3
500111070,20231003,833,18,15,1,25.04177,121.58735,3
500111070,20231003,834,18,15,1,25.04177,121.58735,3
500111070,20231003,835,18,15,1,25.04177,121.58735,3
500111070,20231003,836,18,15,1,25.04177,121.58735,3
500111070,20231003,837,18,15,1,25.04177,121.58735,3
500111070,20231003,838,18,15,1,25.04177,121.58735,3
500111070,20231003,839,18,15,1,25.04177,121.58735,3
500111070,20231003,841,18,15,1,25.04177,121.58735,3
500111070,20231003,842,18,15,1,25.04177,121.58735,3
500111070,20231003,843,18,16,1,25.04177,121.58735,2
500111070,20231003,844,18,16,1,25.04177,121.58735,2
500111070,20231003,845,18,15,1,25.04177,121.58735,3
500111070,20231003,846,18,15,1,25.04177,121.58735,3
500111070,20231003,847,18,15,1,25.04177,121.58735,3
500111070,20231003,848,18,15,1,25.04177,121.58735,3
500111070,20231003,849,18,15,1,25.04177,121.58735,3
500111070,20231003,850,18,15,1,25.04177,121.58735,3
500111070,20231003,851,18,15,1,25.04177,121.58735,3
500111070,20231003,852,18,15,1,25.04177,121.58735,3
500111070,20231003,853,18,15,1,25.04177,121.58735,3
500111070,20231003,854,18,15,1,25.04177,121.58735,3
500111070,20231003,855,18,15,1,25.04177,121.58735,3
500111070,20231003,856,18,14,1,25.04177,121.58735,4
500111070,20231003,857,18,15,1,25.04177,121.58735,3
500111070,20231003,858,18,15,1,25.04177,121.58735,3
500111070,20231003,859,18,15,1,25.04177,121.58735,3
500111070,20231003,861,18,15,1,25.04177,121.58735,3
500111070,20231003,862,18,15,1,25.04177,121.58735,3
500111070,20231003,863,18,15,1,25.04177,121.58735,3
500111070,20231003,864,18,15,1,25.04177,121.58735,3
500111070,20231003,865,18,15,1,25.04177,121.58735,3
500111070,20231003,866,18,15,1,25.04177,121.58735,3
500111070,20231003,867,18,15,1,25.04177,121.58735,3
500111070,20231003,868,18,15,1,25.04177,121.58735,3
500111070,20231003,869,18,15,1,25.04177,121.58735,3
500111070,20231003,870,18,15,1,25.04177,121.58735,3
500111070,20231003,871,18,15,1,25.04177,121.58735,3
500111070,20231003,872,18,15,1,25.04177,121.58735,3
500111070,20231003,873,18,15,1,25.04177,121.58735,3
500111070,20231003,874,18,15,1,25.04177,121.58735,3
500111070,20231003,875,18,15,1,25.04177,121.58735,3
500111070,20231003,876,18,15,1,25.04177,121.58735,3
500111070,20231003,877,18,16,1,25.04177,121.58735,2
500111070,20231003,878,18,16,1,25.04177,121.58735,2
500111070,20231003,879,18,16,1,25.04177,121.58735,2
500111070,20231003,880,18,16,1,25.04177,121.58735,2
500111070,20231003,881,18,16,1,25.04177,121.58735,2
500111070,20231003,882,18,16,1,25.04177,121.58735,2
500111070,20231003,883,18,16,1,25.04177,121.58735,2
500111070,20231003,884,18,16,1,25.04177,121.58735,2
500111070,20231003,885,18,14,1,25.04177,121.58735,4
500111070,20231003,886,18,14,1,25.04177,121.58735,4
500111070,20231003,887,18,14,1,25.04177,121.58735,4
500111070,20231003,888,18,14,1,25.04177,121.58735,4
500111070,20231003,889,18,14,1,25.04177,121.58735,4
500111070,20231003,890,18,14,1,25.04177,121.58735,4
500111070,20231003,891,18,14,1,25.04177,121.58735,4
500111070,20231003,892,18,14,1,25.04177,121.58735,4
500111070,20231003,893,18,14,1,25.04177,121.58735,4
500111070,20231003,894,18,14,1,25.04177,121.58735,4
500111070,20231003,895,18,14,1,25.04177,121.58735,4
500111070,20231003,896,18,14,1,25.04177,121.58735,4
500111070,20231003,897,18,14,1,25.04177,121.58735,4
500111070,20231003,898,18,14,1,25.04177,121.58735,4
500111070,20231003,899,18,14,1,25.04177,121.58735,4
500111070,20231003,901,18,14,1,25.04177,121.58735,4
500111070,20231003,902,18,14,1,25.04177,121.58735,4
500111070,20231003,903,18,14,1,25.04177,121.58735,4
500111070,20231003,904,18,14,1,25.04177,121.58735,4
500111070,20231003,905,18,14,1,25.04177,121.58735,4
500111070,20231003,906,18,14,1,25.04177,121.58735,4
500111070,20231003,907,18,14,1,25.04177,121.58735,4
500111070,20231003,908,18,14,1,25.04177,121.58735,4
500111070,20231003,909,18,14,1,25.04177,121.58735,4
500111070,20231003,910,18,14,1,25.04177,121.58735,4
500111070,20231003,911,18,14,1,25.04177,121.58735,4
500111070,20231003,912,18,14,1,25.04177,121.58735,4
500111070,20231003,913,18,14,1,25.04177,121.58735,4
500111070,20231003,914,18,14,1,25.04177,121.58735,4
500111070,20231003,915,18,14,1,25.04177,121.58735,4
500111070,20231003,916,18,15,1,25.04177,121.58735,3
500111070,20231003,917,18,15,1,25.04177,121.58735,3
500111070,20231003,918,18,15,1,25.04177,121.58735,3
500111070,20231003,919,18,15,1,25.04177,121.58735,3
500111070,20231003,921,18,14,1,25.04177,121.58735,4
500111070,20231003,922,18,14,1,25.04177,121.58735,4
500111070,20231003,923,18,14,1,25.04177,121.58735,4
500111070,20231003,924,18,14,1,25.04177,121.58735,4
500111070,20231003,925,18,14,1,25.04177,121.58735,4
500111070,20231003,926,18,14,1,25.04177,121.58735,4
500111070,20231003,927,18,14,1,25.04177,121.58735,4
500111070,20231003,928,18,14,1,25.04177,121.58735,4
500111070,20231003,929,18,14,1,25.04177,121.58735,4
500111070,20231003,930,18,14,1,25.04177,121.58735,4
500111070,20231003,931,18,14,1,25.04177,121.58735,4
500111070,20231003,932,18,14,1,25.04177,121.58735,4
500111070,20231003,933,18,14,1,25.04177,121.58735,4
500111070,20231003,934,18,14,1,25.04177,121.58735,4
500111070,20231003,935,18,14,1,25.04177,121.58735,4
500111070,20231003,936,18,14,1,25.04177,121.58735,4
500111070,20231003,937,18,14,1,25.04177,121.58735,4
500111070,20231003,938,18,14,1,25.04177,121.58735,4
500111070,20231003,939,18,14,1,25.04177,121.58735,4
500111070,20231003,940,18,14,1,25.04177,121.58735,4
500111070,20231003,941,18,14,1,25.04177,121.58735,4
500111070,20231003,942,18,14,1,25.04177,121.58735,4
500111070,20231003,943,18,14,1,25.04177,121.58735,4
500111070,20231003,944,18,14,1,25.04177,121.58735,4
500111070,20231003,945,18,14,1,25.04177,121.58735,4
500111070,20231003,946,18,14,1,25.04177,121.58735,4
500111070,20231003,947,18,15,1,25.04177,121.58735,3
500111070,20231003,948,18,15,1,25.04177,121.58735,3
500111070,20231003,949,18,15,1,25.04177,121.58735,3
500111070,20231003,950,18,15,1,25.04177,121.58735,3
500111070,20231003,951,18,15,1,25.04177,121.58735,3
500111070,20231003,952,18,15,1,25.04177,121.58735,3
500111070,20231003,953,18,15,1,25.04177,121.58735,3
500111070,20231003,954,18,15,1,25.04177,121.58735,3
500111070,20231003,955,18,15,1,25.04177,121.58735,3
500111070,20231003,956,18,15,1,25.04177,121.58735,3
500111070,20231003,957,18,15,1,25.04177,121.58735,3
500111070,20231003,958,18,15,1,25.04177,121.58735,3
500111070,20231003,959,18,15,1,25.04177,121.58735,3
500111070,20231003,961,18,15,1,25.04177,121.58735,3
500111070,20231003,962,18,15,1,25.04177,121.58735,3
500111070,20231003,963,18,15,1,25.04177,121.58735,3
500111070,20231003,964,18,15,1,25.04177,121.58735,3
500111070,20231003,965,18,15,1,25.04177,121.58735,3
500111070,20231003,966,18,14,1,25.04177,121.58735,4
500111070,20231003,967,18,15,1,25.04177,121.58735,3
500111070,20231003,968,18,15,1,25.04177,121.58735,3
500111070,20231003,969,18,14,1,25.04177,121.58735,4
500111070,20231003,970,18,14,1,25.04177,121.58735,4
500111070,20231003,971,18,14,1,25.04177,121.58735,4
500111070,20231003,972,18,14,1,25.04177,121.58735,4
500111070,20231003,973,18,13,1,25.04177,121.58735,5
500111070,20231003,974,18,13,1,25.04177,121.58735,5
500111070,20231003,975,18,13,1,25.04177,121.58735,5
500111070,20231003,976,18,14,1,25.04177,121.58735,4
500111070,20231003,977,18,14,1,25.04177,121.58735,4
500111070,20231003,978,18,14,1,25.04177,121.58735,4
500111070,20231003,979,18,14,1,25.04177,121.58735,4
500111070,20231003,981,18,14,1,25.04177,121.58735,4
500111070,20231003,982,18,14,1,25.04177,121.58735,4
500111070,20231003,983,18,14,1,25.04177,121.58735,4
500111070,20231003,984,18,14,1,25.04177,121.58735,4
500111070,20231003,985,18,14,1,25.04177,121.58735,4
500111070,20231003,986,18,14,1,25.04177,121.58735,4
500111070,20231003,987,18,14,1,25.04177,121.58735,4
500111070,20231003,988,18,14,1,25.04177,121.58735,4
500111070,20231003,989,18,13,1,25.04177,121.58735,5
500111070,20231003,991,18,13,1,25.04177,121.58735,5
500111070,20231003,992,18,13,1,25.04177,121.58735,5
500111070,20231003,993,18,13,1,25.04177,121.58735,5
500111070,20231003,994,18,13,1,25.04177,121.58735,5
500111070,20231003,995,18,13,1,25.04177,121.58735,5
500111070,20231003,996,18,13,1,25.04177,121.58735,5
500111070,20231003,997,18,13,1,25.04177,121.58735,5
500111070,20231003,998,18,12,1,25.04177,121.58735,6
500111070,20231003,999,18,12,1,25.04177,121.58735,6
500111070,20231003,1000,18,12,1,25.04177,121.58735,6
500111070,20231003,1001,18,12,1,25.04177,121.58735,6
500111070,20231003,1002,18,12,1,25.04177,121.58735,6
500111070,20231003,1003,18,12,1,25.04177,121.58735,6
500111070,20231003,1004,18,12,1,25.04177,121.58735,6
500111070,20231003,1005,18,12,1,25.04177,121.58735,6
500111070,20231003,1006,18,12,1,25.04177,121.58735,6
500111070,20231003,1007,18,13,1,25.04177,121.58735,5
500111070,20231003,1008,18,13,1,25.04177,121.58735,5
500111070,20231003,1009,18,13,1,25.04177,121.58735,5
500111070,20231003,1010,18,13,1,25.04177,121.58735,5
500111070,20231003,1011,18,13,1,25.04177,121.58735,5
500111070,20231003,1012,18,13,1,25.04177,121.58735,5
500111070,20231003,1013,18,13,1,25.04177,121.58735,5
500111070,20231003,1014,18,13,1,25.04177,121.58735,5
500111070,20231003,1015,18,13,1,25.04177,121.58735,5
500111070,20231003,1016,18,13,1,25.04177,121.58735,5
500111070,20231003,1017,18,13,1,25.04177,121.58735,5
500111070,20231003,1018,18,13,1,25.04177,121.58735,5
500111070,20231003,1019,18,13,1,25.04177,121.58735,5
500111070,20231003,1021,18,13,1,25.04177,121.58735,5
500111070,20231003,1022,18,13,1,25.04177,121.58735,5
500111070,20231003,1023,18,13,1,25.04177,121.58735,5
500111070,20231003,1024,18,13,1,25.04177,121.58735,5
500111070,20231003,1025,18,13,1,25.04177,121.58735,5
500111070,20231003,1026,18,12,1,25.04177,121.58735,6
500111070,20231003,1027,18,12,1,25.04177,121.58735,6
500111070,20231003,1028,18,12,1,25.04177,121.58735,6
500111070,20231003,1029,18,12,1,25.04177,121.58735,6
500111070,20231003,1030,18,12,1,25.04177,121.58735,6
500111070,20231003,1031,18,12,1,25.04177,121.58735,6
500111070,20231003,1032,18,12,1,25.04177,121.58735,6
500111070,20231003,1033,18,12,1,25.04177,121.58735,6
500111070,20231003,1034,18,12,1,25.04177,121.58735,6
500111070,20231003,1035,18,13,1,25.04177,121.58735,5
500111070,20231003,1036,18,13,1,25.04177,121.58735,5
500111070,20231003,1037,18,12,1,25.04177,121.58735,6
500111070,20231003,1038,18,12,1,25.04177,121.58735,6
500111070,20231003,1039,18,12,1,25.04177,121.58735,6
500111070,20231003,1041,18,12,1,25.04177,121.58735,6
500111070,20231003,1042,18,12,1,25.04177,121.58735,6
500111070,20231003,1043,18,12,1,25.04177,121.58735,6
500111070,20231003,1044,18,12,1,25.04177,121.58735,6
500111070,20231003,1045,18,12,1,25.04177,121.58735,6
500111070,20231003,1046,18,12,1,25.04177,121.58735,6
500111070,20231003,1047,18,12,1,25.04177,121.58735,6
500111070,20231003,1048,18,12,1,25.04177,121.58735,6
500111070,20231003,1049,18,12,1,25.04177,121.58735,6
500111070,20231003,1051,18,12,1,25.04177,121.58735,6
500111070,20231003,1052,18,11,1,25.04177,121.58735,7
500111070,20231003,1053,18,11,1,25.04177,121.58735,7
500111070,20231003,1054,18,11,1,25.04177,121.58735,7
500111070,20231003,1055,18,10,1,25.04177,121.58735,8
500111070,20231003,1056,18,10,1,25.04177,121.58735,8
500111070,20231003,1057,18,11,1,25.04177,121.58735,7
500111070,20231003,1058,18,11,1,25.04177,121.58735,7
500111070,20231003,1060,18,11,1,25.04177,121.58735,7
500111070,20231003,1061,18,11,1,25.04177,121.58735,7
500111070,20231003,1062,18,11,1,25.04177,121.58735,7
500111070,20231003,1063,18,11,1,25.04177,121.58735,7
500111070,20231003,1064,18,11,1,25.04177,121.58735,7
500111070,20231003,1065,18,11,1,25.04177,121.58735,7
500111070,20231003,1066,18,12,1,25.04177,121.58735,6
500111070,20231003,1067,18,12,1,25.04177,121.58735,6
500111070,20231003,1068,18,12,1,25.04177,121.58735,6
500111070,20231003,1069,18,12,1,25.04177,121.58735,6
500111070,20231003,1070,18,12,1,25.04177,121.58735,6
500111070,20231003,1071,18,12,1,25.04177,121.58735,6
500111070,20231003,1072,18,12,1,25.04177,121.58735,6
500111070,20231003,1073,18,12,1,25.04177,121.58735,6
500111070,20231003,1074,18,12,1,25.04177,121.58735,6
500111070,20231003,1075,18,12,1,25.04177,121.58735,6
500111070,20231003,1076,18,12,1,25.04177,121.58735,6
500111070,20231003,1077,18,12,1,25.04177,121.58735,6
500111070,20231003,1078,18,12,1,25.04177,121.58735,6
500111070,20231003,1079,18,13,1,25.04177,121.58735,5
500111070,20231003,1081,18,14,1,25.04177,121.58735,4
500111070,20231003,1082,18,14,1,25.04177,121.58735,4
500111070,20231003,1083,18,14,1,25.04177,121.58735,4
500111070,20231003,1084,18,14,1,25.04177,121.58735,4
500111070,20231003,1085,18,14,1,25.04177,121.58735,4
500111070,20231003,1086,18,14,1,25.04177,121.58735,4
500111070,20231003,1087,18,14,1,25.04177,121.58735,4
500111070,20231003,1088,18,14,1,25.04177,121.58735,4
500111070,20231003,1089,18,14,1,25.04177,121.58735,4
500111070,20231003,1090,18,13,1,25.04177,121.58735,5
500111070,20231003,1091,18,13,1,25.04177,121.58735,5
500111070,20231003,1092,18,14,1,25.04177,121.58735,4
500111070,20231003,1093,18,14,1,25.04177,121.58735,4
500111070,20231003,1094,18,14,1,25.04177,121.58735,4
500111070,20231003,1095,18,14,1,25.04177,121.58735,4
500111070,20231003,1096,18,14,1,25.04177,121.58735,4
500111070,20231003,1097,18,14,1,25.04177,121.58735,4
500111070,20231003,1098,18,14,1,25.04177,121.58735,4
500111070,20231003,1099,18,14,1,25.04177,121.58735,4
500111070,20231003,1101,18,14,1,25.04177,121.58735,4
500111070,20231003,1102,18,15,1,25.04177,121.58735,3
500111070,20231003,1103,18,15,1,25.04177,121.58735,3
500111070,20231003,1104,18,15,1,25.04177,121.58735,3
500111070,20231003,1105,18,15,1,25.04177,121.58735,3
500111070,20231003,1106,18,15,1,25.04177,121.58735,3
500111070,20231003,1107,18,15,1,25.04177,121.58735,3
500111070,20231003,1108,18,16,1,25.04177,121.58735,2
500111070,20231003,1109,18,16,1,25.04177,121.58735,2
500111070,20231003,1111,18,16,1,25.04177,121.58735,2
500111070,20231003,1112,18,16,1,25.04177,121.58735,2
500111070,20231003,1113,18,16,1,25.04177,121.58735,2
500111070,20231003,1114,18,16,1,25.04177,121.58735,2
500111070,20231003,1115,18,15,1,25.04177,121.58735,3
500111070,20231003,1116,18,15,1,25.04177,121.58735,3
500111070,20231003,1117,18,15,1,25.04177,121.58735,3
500111070,20231003,1118,18,16,1,25.04177,121.58735,2
500111070,20231003,1119,18,16,1,25.04177,121.58735,2
500111070,20231003,1120,18,16,1,25.04177,121.58735,2
500111070,20231003,1121,18,16,1,25.04177,121.58735,2
500111070,20231003,1122,18,16,1,25.04177,121.58735,2
500111070,20231003,1123,18,16,1,25.04177,121.58735,2
500111070,20231003,1124,18,16,1,25.04177,121.58735,2
500111070,20231003,1125,18,16,1,25.04177,121.58735,2
500111070,20231003,1126,18,16,1,25.04177,121.58735,2
500111070,20231003,1127,18,16,1,25.04177,121.58735,2
500111070,20231003,1128,18,16,1,25.04177,121.58735,2
500111070,20231003,1129,18,16,1,25.04177,121.58735,2
500111070,20231003,1130,18,16,1,25.04177,121.58735,2
500111070,20231003,1131,18,16,1,25.04177,121.58735,2
500111070,20231003,1132,18,16,1,25.04177,121.58735,2
500111070,20231003,1133,18,16,1,25.04177,121.58735,2
500111070,20231003,1134,18,16,1,25.04177,121.58735,2
500111070,20231003,1135,18,16,1,25.04177,121.58735,2
500111070,20231003,1136,18,16,1,25.04177,121.58735,2
500111070,20231003,1137,18,16,1,25.04177,121.58735,2
500111070,20231003,1138,18,16,1,25.04177,121.58735,2
500111070,20231003,1139,18,16,1,25.04177,121.58735,2
500111070,20231003,1141,18,15,1,25.04177,121.58735,3
500111070,20231003,1142,18,15,1,25.04177,121.58735,3
500111070,20231003,1143,18,15,1,25.04177,121.58735,3
500111070,20231003,1144,18,15,1,25.04177,121.58735,3
500111070,20231003,1145,18,15,1,25.04177,121.58735,3
500111070,20231003,1146,18,15,1,25.04177,121.58735,3
500111070,20231003,1147,18,15,1,25.04177,121.58735,3
500111070,20231003,1148,18,15,1,25.04177,121.58735,3
500111070,20231003,1149,18,15,1,25.04177,121.58735,3
500111070,20231003,1150,18,15,1,25.04177,121.58735,3
500111070,20231003,1151,18,15,1,25.04177,121.58735,3
500111070,20231003,1152,18,15,1,25.04177,121.58735,3
500111070,20231003,1153,18,15,1,25.04177,121.58735,3
500111070,20231003,1154,18,15,1,25.04177,121.58735,3
500111070,20231003,1155,18,15,1,25.04177,121.58735,3
500111070,20231003,1156,18,15,1,25.04177,121.58735,3
500111070,20231003,1157,18,14,1,25.04177,121.58735,4
500111070,20231003,1158,18,14,1,25.04177,121.58735,4
500111070,20231003,1159,18,14,1,25.04177,121.58735,4
500111070,20231003,1161,18,14,1,25.04177,121.58735,4
500111070,20231003,1162,18,14,1,25.04177,121.58735,4
500111070,20231003,1163,18,14,1,25.04177,121.58735,4
500111070,20231003,1164,18,14,1,25.04177,121.58735,4
500111070,20231003,1165,18,14,1,25.04177,121.58735,4
500111070,20231003,1166,18,14,1,25.04177,121.58735,4
500111070,20231003,1167,18,14,1,25.04177,121.58735,4
500111070,20231003,1168,18,14,1,25.04177,121.58735,4
500111070,20231003,1169,18,14,1,25.04177,121.58735,4
500111070,20231003,1171,18,14,1,25.04177,121.58735,4
500111070,20231003,1172,18,14,1,25.04177,121.58735,4
500111070,20231003,1173,18,14,1,25.04177,121.58735,4
500111070,20231003,1174,18,14,1,25.04177,121.58735,4
500111070,20231003,1175,18,14,1,25.04177,121.58735,4
500111070,20231003,1176,18,14,1,25.04177,121.58735,4
500111070,20231003,1177,18,14,1,25.04177,121.58735,4
500111070,20231003,1178,18,14,1,25.04177,121.58735,4
500111070,20231003,1179,18,14,1,25.04177,121.58735,4
500111070,20231003,1180,18,14,1,25.04177,121.58735,4
500111070,20231003,1181,18,14,1,25.04177,121.58735,4
500111070,20231003,1182,18,14,1,25.04177,121.58735,4
500111070,20231003,1183,18,14,1,25.04177,121.58735,4
500111070,20231003,1184,18,14,1,25.04177,121.58735,4
500111070,20231003,1185,18,14,1,25.04177,121.58735,4
500111070,20231003,1186,18,14,1,25.04177,121.58735,4
500111070,20231003,1187,18,14,1,25.04177,121.58735,4
500111070,20231003,1188,18,13,1,25.04177,121.58735,5
500111070,20231003,1189,18,13,1,25.04177,121.58735,5
500111070,20231003,1190,18,13,1,25.04177,121.58735,5
500111070,20231003,1191,18,13,1,25.04177,121.58735,5
500111070,20231003,1192,18,13,1,25.04177,121.58735,5
500111070,20231003,1193,18,13,1,25.04177,121.58735,5
500111070,20231003,1194,18,13,1,25.04177,121.58735,5
500111070,20231003,1195,18,13,1,25.04177,121.58735,5
500111070,20231003,1196,18,13,1,25.04177,121.58735,5
500111070,20231003,1197,18,13,1,25.04177,121.58735,5
500111070,20231003,1198,18,13,1,25.04177,121.58735,5
500111070,20231003,1199,18,13,1,25.04177,121.58735,5
500111070,20231003,1201,18,13,1,25.04177,121.58735,5
500111070,20231003,1202,18,13,1,25.04177,121.58735,5
500111070,20231003,1203,18,13,1,25.04177,121.58735,5
500111070,20231003,1204,18,13,1,25.04177,121.58735,5
500111070,20231003,1205,18,13,1,25.04177,121.58735,5
500111070,20231003,1206,18,13,1,25.04177,121.58735,5
500111070,20231003,1207,18,13,1,25.04177,121.58735,5
500111070,20231003,1208,18,13,1,25.04177,121.58735,5
500111070,20231003,1209,18,13,1,25.04177,121.58735,5
500111070,20231003,1210,18,13,1,25.04177,121.58735,5
500111070,20231003,1211,18,13,1,25.04177,121.58735,5
500111070,20231003,1212,18,13,1,25.04177,121.58735,5
500111070,20231003,1213,18,13,1,25.04177,121.58735,5
500111070,20231003,1214,18,13,1,25.04177,121.58735,5
500111070,20231003,1215,18,13,1,25.04177,121.58735,5
500111070,20231003,1216,18,13,1,25.04177,121.58735,5
500111070,20231003,1217,18,14,1,25.04177,121.58735,4
500111070,20231003,1218,18,14,1,25.04177,121.58735,4
500111070,20231003,1219,18,14,1,25.04177,121.58735,4
500111070,20231003,1221,18,14,1,25.04177,121.58735,4
500111070,20231003,1222,18,14,1,25.04177,121.58735,4
500111070,20231003,1223,18,14,1,25.04177,121.58735,4
500111070,20231003,1224,18,14,1,25.04177,121.58735,4
500111070,20231003,1225,18,14,1,25.04177,121.58735,4
500111070,20231003,1226,18,14,1,25.04177,121.58735,4
500111070,20231003,1227,18,14,1,25.04177,121.58735,4
500111070,20231003,1228,18,14,1,25.04177,121.58735,4
500111070,20231003,1229,18,14,1,25.04177,121.58735,4
500111070,20231003,1230,18,14,1,25.04177,121.58735,4
500111070,20231003,1231,18,14,1,25.04177,121.58735,4
500111070,20231003,1232,18,14,1,25.04177,121.58735,4
500111070,20231003,1233,18,14,1,25.04177,121.58735,4
500111070,20231003,1234,18,14,1,25.04177,121.58735,4
500111070,20231003,1235,18,13,1,25.04177,121.58735,5
500111070,20231003,1236,18,13,1,25.04177,121.58735,5
500111070,20231003,1237,18,13,1,25.04177,121.58735,5
500111070,20231003,1238,18,13,1,25.04177,121.58735,5
500111070,20231003,1239,18,13,1,25.04177,121.58735,5
500111070,20231003,1240,18,13,1,25.04177,121.58735,5
500111070,20231003,1241,18,13,1,25.04177,121.58735,5
500111070,20231003,1242,18,13,1,25.04177,121.58735,5
500111070,20231003,1243,18,13,1,25.04177,121.58735,5
500111070,20231003,1244,18,13,1,25.04177,121.58735,5
500111070,20231003,1245,18,13,1,25.04177,121.58735,5
500111070,20231003,1246,18,13,1,25.04177,121.58735,5
500111070,20231003,1247,18,13,1,25.04177,121.58735,5
500111070,20231003,1248,18,13,1,25.04177,121.58735,5
500111070,20231003,1249,18,13,1,25.04177,121.58735,5
500111070,20231003,1250,18,13,1,25.04177,121.58735,5
500111070,20231003,1251,18,13,1,25.04177,121.58735,5
500111070,20231003,1252,18,13,1,25.04177,121.58735,5
500111070,20231003,1253,18,13,1,25.04177,121.58735,5
500111070,20231003,1254,18,13,1,25.04177,121.58735,5
500111070,20231003,1255,18,13,1,25.04177,121.58735,5
500111070,20231003,1256,18,12,1,25.04177,121.58735,6
500111070,20231003,1257,18,12,1,25.04177,121.58735,6
500111070,20231003,1258,18,12,1,25.04177,121.58735,6
500111070,20231003,1259,18,12,1,25.04177,121.58735,6
500111070,20231003,1261,18,12,1,25.04177,121.58735,6
500111070,20231003,1262,18,12,1,25.04177,121.58735,6
500111070,20231003,1263,18,12,1,25.04177,121.58735,6
500111070,20231003,1264,18,12,1,25.04177,121.58735,6
500111070,20231003,1265,18,12,1,25.04177,121.58735,6
500111070,20231003,1266,18,12,1,25.04177,121.58735,6
500111070,20231003,1267,18,12,1,25.04177,121.58735,6
500111070,20231003,1268,18,12,1,25.04177,121.58735,6
500111070,20231003,1269,18,12,1,25.04177,121.58735,6
500111070,20231003,1270,18,12,1,25.04177,121.58735,6
500111070,20231003,1271,18,12,1,25.04177,121.58735,6
500111070,20231003,1272,18,12,1,25.04177,121.58735,6
500111070,20231003,1273,18,12,1,25.04177,121.58735,6
500111070,20231003,1274,18,12,1,25.04177,121.58735,6
500111070,20231003,1275,18,12,1,25.04177,121.58735,6
500111070,20231003,1276,18,12,1,25.04177,121.58735,6
500111070,20231003,1277,18,12,1,25.04177,121.58735,6
500111070,20231003,1278,18,12,1,25.04177,121.58735,6
500111070,20231003,1279,18,12,1,25.04177,121.58735,6
500111070,20231003,1281,18,12,1,25.04177,121.58735,6
500111070,20231003,1282,18,12,1,25.04177,121.58735,6
500111070,20231003,1283,18,12,1,25.04177,121.58735,6
500111070,20231003,1284,18,12,1,25.04177,121.58735,6
500111070,20231003,1285,18,12,1,25.04177,121.58735,6
500111070,20231003,1286,18,11,1,25.04177,121.58735,7
500111070,20231003,1287,18,11,1,25.04177,121.58735,7
500111070,20231003,1288,18,11,1,25.04177,121.58735,7
500111070,20231003,1289,18,11,1,25.04177,121.58735,7
500111070,20231003,1290,18,11,1,25.04177,121.58735,7
500111070,20231003,1291,18,11,1,25.04177,121.58735,7
500111070,20231003,1292,18,11,1,25.04177,121.58735,7
500111070,20231003,1293,18,11,1,25.04177,121.58735,7
500111070,20231003,1294,18,11,1,25.04177,121.58735,7
500111070,20231003,1295,18,11,1,25.04177,121.58735,7
500111070,20231003,1296,18,11,1,25.04177,121.58735,7
500111070,20231003,1297,18,11,1,25.04177,121.58735,7
500111070,20231003,1298,18,11,1,25.04177,121.58735,7
500111070,20231003,1299,18,11,1,25.04177,121.58735,7
500111070,20231003,1300,18,11,1,25.04177,121.58735,7
500111070,20231003,1301,18,11,1,25.04177,121.58735,7
500111070,20231003,1302,18,11,1,25.04177,121.58735,7
500111070,20231003,1303,18,11,1,25.04177,121.58735,7
500111070,20231003,1304,18,11,1,25.04177,121.58735,7
500111070,20231003,1305,18,11,1,25.04177,121.58735,7
500111070,20231003,1306,18,11,1,25.04177,121.58735,7
500111070,20231003,1307,18,11,1,25.04177,121.58735,7
500111070,20231003,1308,18,11,1,25.04177,121.58735,7
500111070,20231003,1309,18,11,1,25.04177,121.58735,7
500111070,20231003,1310,18,11,1,25.04177,121.58735,7
500111070,20231003,1311,18,11,1,25.04177,121.58735,7
500111070,20231003,1312,18,11,1,25.04177,121.58735,7
500111070,20231003,1313,18,11,1,25.04177,121.58735,7
500111070,20231003,1314,18,11,1,25.04177,121.58735,7
500111070,20231003,1315,18,11,1,25.04177,121.58735,7
500111070,20231003,1316,18,11,1,25.04177,121.58735,7
500111070,20231003,1317,18,11,1,25.04177,121.58735,7
500111070,20231003,1318,18,11,1,25.04177,121.58735,7
500111070,20231003,1319,18,11,1,25.04177,121.58735,7
500111070,20231003,1321,18,11,1,25.04177,121.58735,7
500111070,20231003,1322,18,11,1,25.04177,121.58735,7
500111070,20231003,1323,18,11,1,25.04177,121.58735,7
500111070,20231003,1324,18,11,1,25.04177,121.58735,7
500111070,20231003,1325,18,11,1,25.04177,121.58735,7
500111070,20231003,1326,18,11,1,25.04177,121.58735,7
500111070,20231003,1327,18,11,1,25.04177,121.58735,7
500111070,20231003,1328,18,11,1,25.04177,121.58735,7
500111070,20231003,1329,18,11,1,25.04177,121.58735,7
500111070,20231003,1330,18,11,1,25.04177,121.58735,7
500111070,20231003,1331,18,11,1,25.04177,121.58735,7
500111070,20231003,1332,18,11,1,25.04177,121.58735,7
500111070,20231003,1333,18,11,1,25.04177,121.58735,7
500111070,20231003,1334,18,11,1,25.04177,121.58735,7
500111070,20231003,1335,18,11,1,25.04177,121.58735,7
500111070,20231003,1336,18,10,1,25.04177,121.58735,8
500111070,20231003,1337,18,10,1,25.04177,121.58735,8
500111070,20231003,1338,18,10,1,25.04177,121.58735,8
500111070,20231003,1339,18,10,1,25.04177,121.58735,8
500111070,20231003,1341,18,10,1,25.04177,121.58735,8
500111070,20231003,1342,18,10,1,25.04177,121.58735,8
500111070,20231003,1343,18,10,1,25.04177,121.58735,8
500111070,20231003,1344,18,10,1,25.04177,121.58735,8
500111070,20231003,1345,18,10,1,25.04177,121.58735,8
500111070,20231003,1346,18,10,1,25.04177,121.58735,8
500111070,20231003,1347,18,10,1,25.04177,121.58735,8
500111070,20231003,1348,18,10,1,25.04177,121.58735,8
500111070,20231003,1349,18,10,1,25.04177,121.58735,8
500111070,20231003,1350,18,10,1,25.04177,121.58735,8
500111070,20231003,1352,18,10,1,25.04177,121.58735,8
500111070,20231003,1353,18,10,1,25.04177,121.58735,8
500111070,20231003,1354,18,10,1,25.04177,121.58735,8
500111070,20231003,1355,18,10,1,25.04177,121.58735,8
500111070,20231003,1356,18,10,1,25.04177,121.58735,8
500111070,20231003,1357,18,10,1,25.04177,121.58735,8
500111070,20231003,1358,18,10,1,25.04177,121.58735,8
500111070,20231003,1359,18,10,1,25.04177,121.58735,8
500111070,20231003,1360,18,9,1,25.04177,121.58735,9
500111070,20231003,1361,18,9,1,25.04177,121.58735,9
500111070,20231003,1362,18,9,1,25.04177,121.58735,9
500111070,20231003,1363,18,9,1,25.04177,121.58735,9
500111070,20231003,1364,18,9,1,25.04177,121.58735,9
500111070,20231003,1365,18,9,1,25.04177,121.58735,9
500111070,20231003,1366,18,9,1,25.04177,121.58735,9
500111070,20231003,1367,18,9,1,25.04177,121.58735,9
500111070,20231003,1368,18,9,1,25.04177,121.58735,9
500111070,20231003,1369,18,9,1,25.04177,121.58735,9
500111070,20231003,1370,18,9,1,25.04177,121.58735,9
500111070,20231003,1371,18,9,1,25.04177,121.58735,9
500111070,20231003,1372,18,9,1,25.04177,121.58735,9
500111070,20231003,1373,18,9,1,25.04177,121.58735,9
500111070,20231003,1374,18,9,1,25.04177,121.58735,9
500111070,20231003,1375,18,9,1,25.04177,121.58735,9
500111070,20231003,1376,18,9,1,25.04177,121.58735,9
500111070,20231003,1377,18,9,1,25.04177,121.58735,9
500111070,20231003,1378,18,8,1,25.04177,121.58735,10
500111070,20231003,1379,18,7,1,25.04177,121.58735,11
500111070,20231003,1381,18,7,1,25.04177,121.58735,11
500111070,20231003,1382,18,7,1,25.04177,121.58735,11
500111070,20231003,1383,18,7,1,25.04177,121.58735,11
500111070,20231003,1384,18,7,1,25.04177,121.58735,11
500111070,20231003,1385,18,7,1,25.04177,121.58735,11
500111070,20231003,1386,18,7,1,25.04177,121.58735,11
500111070,20231003,1387,18,8,1,25.04177,121.58735,10
500111070,20231003,1388,18,8,1,25.04177,121.58735,10
500111070,20231003,1389,18,8,1,25.04177,121.58735,10
500111070,20231003,1390,18,8,1,25.04177,121.58735,10
500111070,20231003,1391,18,6,1,25.04177,121.58735,12
500111070,20231003,1392,18,7,1,25.04177,121.58735,11
500111070,20231003,1393,18,7,1,25.04177,121.58735,11
500111070,20231003,1394,18,6,1,25.04177,121.58735,12
500111070,20231003,1395,18,6,1,25.04177,121.58735,12
500111070,20231003,1396,18,6,1,25.04177,121.58735,12
500111070,20231003,1397,18,6,1,25.04177,121.58735,12
500111070,20231003,1398,18,6,1,25.04177,121.58735,12
500111070,20231003,1399,18,6,1,25.04177,121.58735,12
500111070,20231003,1401,18,6,1,25.04177,121.58735,12
500111070,20231003,1402,18,6,1,25.04177,121.58735,12
500111070,20231003,1403,18,5,1,25.04177,121.58735,13
500111070,20231003,1404,18,5,1,25.04177,121.58735,13
500111070,20231003,1405,18,5,1,25.04177,121.58735,13
500111070,20231003,1406,18,5,1,25.04177,121.58735,13
500111070,20231003,1407,18,5,1,25.04177,121.58735,13
500111070,20231003,1408,18,5,1,25.04177,121.58735,13
500111070,20231003,1409,18,5,1,25.04177,121.58735,13
500111070,20231003,1410,18,5,1,25.04177,121.58735,13
500111070,20231003,1411,18,5,1,25.04177,121.58735,13
500111070,20231003,1412,18,5,1,25.04177,121.58735,13
500111070,20231003,1413,18,5,1,25.04177,121.58735,13
500111070,20231003,1414,18,5,1,25.04177,121.58735,13
500111070,20231003,1415,18,5,1,25.04177,121.58735,13
500111070,20231003,1416,18,5,1,25.04177,121.58735,13
500111070,20231003,1417,18,5,1,25.04177,121.58735,13
500111070,20231003,1418,18,5,1,25.04177,121.58735,13
500111070,20231003,1419,18,5,1,25.04177,121.58735,13
500111070,20231003,1420,18,5,1,25.04177,121.58735,13
500111070,20231003,1421,18,5,1,25.04177,121.58735,13
500111070,20231003,1422,18,5,1,25.04177,121.58735,13
500111070,20231003,1423,18,5,1,25.04177,121.58735,13
500111070,20231003,1424,18,5,1,25.04177,121.58735,13
500111070,20231003,1425,18,5,1,25.04177,121.58735,13
500111070,20231003,1426,18,6,1,25.04177,121.58735,12
500111070,20231003,1427,18,6,1,25.04177,121.58735,12
500111070,20231003,1428,18,5,1,25.04177,121.58735,13
500111070,20231003,1429,18,5,1,25.04177,121.58735,13
500111070,20231003,1430,18,5,1,25.04177,121.58735,13
500111070,20231003,1431,18,5,1,25.04177,121.58735,13
500111070,20231003,1432,18,5,1,25.04177,121.58735,13
500111070,20231003,1433,18,5,1,25.04177,121.58735,13
500111070,20231003,1434,18,5,1,25.04177,121.58735,13
500111070,20231003,1435,18,5,1,25.04177,121.58735,13
500111070,20231003,1436,18,5,1,25.04177,121.58735,13
500111070,20231003,1437,18,5,1,25.04177,121.58735,13
500111070,20231003,1438,18,5,1,25.04177,121.58735,13
500111070,20231003,1439,18,5,1,25.04177,121.58735,13
500111070,20231004,1,18,5,1,25.04177,121.58735,13
500111070,20231004,2,18,5,1,25.04177,121.58735,13
500111070,20231004,3,18,5,1,25.04177,121.58735,13
500111070,20231004,4,18,5,1,25.04177,121.58735,13
500111070,20231004,5,18,5,1,25.04177,121.58735,13
500111070,20231004,6,18,5,1,25.04177,121.58735,13
500111070,20231004,7,18,5,1,25.04177,121.58735,13
500111070,20231004,8,18,5,1,25.04177,121.58735,13
500111070,20231004,9,18,5,1,25.04177,121.58735,13
500111070,20231004,10,18,5,1,25.04177,121.58735,13
500111070,20231004,11,18,5,1,25.04177,121.58735,13
500111070,20231004,12,18,5,1,25.04177,121.58735,13
500111070,20231004,13,18,5,1,25.04177,121.58735,13
500111070,20231004,14,18,5,1,25.04177,121.58735,13
500111070,20231004,15,18,5,1,25.04177,121.58735,13
500111070,20231004,16,18,5,1,25.04177,121.58735,13
500111070,20231004,17,18,5,1,25.04177,121.58735,13
500111070,20231004,18,18,5,1,25.04177,121.58735,13
500111070,20231004,19,18,5,1,25.04177,121.58735,13
500111070,20231004,21,18,5,1,25.04177,121.58735,13
500111070,20231004,22,18,5,1,25.04177,121.58735,13
500111070,20231004,23,18,4,1,25.04177,121.58735,14
500111070,20231004,24,18,4,1,25.04177,121.58735,14
500111070,20231004,25,18,4,1,25.04177,121.58735,14
500111070,20231004,26,18,4,1,25.04177,121.58735,14
500111070,20231004,27,18,4,1,25.04177,121.58735,14
500111070,20231004,28,18,4,1,25.04177,121.58735,14
500111070,20231004,29,18,4,1,25.04177,121.58735,14
500111070,20231004,30,18,4,1,25.04177,121.58735,14
500111070,20231004,31,18,4,1,25.04177,121.58735,14
500111070,20231004,32,18,4,1,25.04177,121.58735,14
500111070,20231004,33,18,4,1,25.04177,121.58735,14
500111070,20231004,34,18,4,1,25.04177,121.58735,14
500111070,20231004,35,18,4,1,25.04177,121.58735,14
500111070,20231004,36,18,3,1,25.04177,121.58735,15
500111070,20231004,37,18,3,1,25.04177,121.58735,15
500111070,20231004,38,18,3,1,25.04177,121.58735,15
500111070,20231004,39,18,3,1,25.04177,121.58735,15
500111070,20231004,40,18,3,1,25.04177,121.58735,15
500111070,20231004,41,18,3,1,25.04177,121.58735,15
500111070,20231004,42,18,3,1,25.04177,121.58735,15
500111070,20231004,43,18,3,1,25.04177,121.58735,15
500111070,20231004,44,18,3,1,25.04177,121.58735,15
500111070,20231004,45,18,3,1,25.04177,121.58735,15
500111070,20231004,46,18,3,1,25.04177,121.58735,15
500111070,20231004,47,18,3,1,25.04177,121.58735,15
500111070,20231004,48,18,3,1,25.04177,121.58735,15
500111070,20231004,49,18,3,1,25.04177,121.58735,15
500111070,20231004,50,18,3,1,25.04177,121.58735,15
500111070,20231004,51,18,3,1,25.04177,121.58735,15
500111070,20231004,52,18,3,1,25.04177,121.58735,15
500111070,20231004,53,18,3,1,25.04177,121.58735,15
500111070,20231004,54,18,3,1,25.04177,121.58735,15
500111070,20231004,55,18,3,1,25.04177,121.58735,15
500111070,20231004,56,18,3,1,25.04177,121.58735,15
500111070,20231004,57,18,3,1,25.04177,121.58735,15
500111070,20231004,58,18,3,1,25.04177,121.58735,15
500111070,20231004,59,18,3,1,25.04177,121.58735,15
500111070,20231004,60,18,3,1,25.04177,121.58735,15
500111070,20231004,61,18,3,1,25.04177,121.58735,15
500111070,20231004,62,18,3,1,25.04177,121.58735,15
500111070,20231004,63,18,3,1,25.04177,121.58735,15
500111070,20231004,64,18,3,1,25.04177,121.58735,15
500111070,20231004,65,18,3,1,25.04177,121.58735,15
500111070,20231004,66,18,3,1,25.04177,121.58735,15
500111070,20231004,67,18,3,1,25.04177,121.58735,15
500111070,20231004,68,18,3,1,25.04177,121.58735,15
500111070,20231004,69,18,3,1,25.04177,121.58735,15
500111070,20231004,70,18,3,1,25.04177,121.58735,15
500111070,20231004,71,18,3,1,25.04177,121.58735,15
500111070,20231004,72,18,3,1,25.04177,121.58735,15
500111070,20231004,73,18,3,1,25.04177,121.58735,15
500111070,20231004,74,18,3,1,25.04177,121.58735,15
500111070,20231004,75,18,3,1,25.04177,121.58735,15
500111070,20231004,76,18,3,1,25.04177,121.58735,15
500111070,20231004,77,18,3,1,25.04177,121.58735,15
500111070,20231004,78,18,3,1,25.04177,121.58735,15
500111070,20231004,79,18,3,1,25.04177,121.58735,15
500111070,20231004,81,18,3,1,25.04177,121.58735,15
500111070,20231004,82,18,3,1,25.04177,121.58735,15
500111070,20231004,83,18,3,1,25.04177,121.58735,15
500111070,20231004,84,18,3,1,25.04177,121.58735,15
500111070,20231004,85,18,3,1,25.04177,121.58735,15
500111070,20231004,86,18,3,1,25.04177,121.58735,15
500111070,20231004,87,18,3,1,25.04177,121.58735,15
500111070,20231004,88,18,3,1,25.04177,121.58735,15
500111070,20231004,89,18,3,1,25.04177,121.58735,15
500111070,20231004,90,18,3,1,25.04177,121.58735,15
500111070,20231004,91,18,3,1,25.04177,121.58735,15
500111070,20231004,92,18,3,1,25.04177,121.58735,15
500111070,20231004,93,18,3,1,25.04177,121.58735,15
500111070,20231004,94,18,3,1,25.04177,121.58735,15
500111070,20231004,95,18,3,1,25.04177,121.58735,15
500111070,20231004,96,18,3,1,25.04177,121.58735,15
500111070,20231004,97,18,3,1,25.04177,121.58735,15
500111070,20231004,98,18,3,1,25.04177,121.58735,15
500111070,20231004,99,18,3,1,25.04177,121.58735,15
500111070,20231004,100,18,3,1,25.04177,121.58735,15
500111070,20231004,101,18,3,1,25.04177,121.58735,15
500111070,20231004,102,18,3,1,25.04177,121.58735,15
500111070,20231004,103,18,3,1,25.04177,121.58735,15
500111070,20231004,104,18,3,1,25.04177,121.58735,15
500111070,20231004,105,18,3,1,25.04177,121.58735,15
500111070,20231004,106,18,3,1,25.04177,121.58735,15
500111070,20231004,107,18,3,1,25.04177,121.58735,15
500111070,20231004,108,18,3,1,25.04177,121.58735,15
500111070,20231004,109,18,3,1,25.04177,121.58735,15
500111070,20231004,110,18,3,1,25.04177,121.58735,15
500111070,20231004,111,18,3,1,25.04177,121.58735,15
500111070,20231004,112,18,3,1,25.04177,121.58735,15
500111070,20231004,113,18,3,1,25.04177,121.58735,15
500111070,20231004,114,18,3,1,25.04177,121.58735,15
500111070,20231004,115,18,3,1,25.04177,121.58735,15
500111070,20231004,116,18,3,1,25.04177,121.58735,15
500111070,20231004,117,18,3,1,25.04177,121.58735,15
500111070,20231004,118,18,3,1,25.04177,121.58735,15
500111070,20231004,119,18,3,1,25.04177,121.58735,15
500111070,20231004,121,18,3,1,25.04177,121.58735,15
500111070,20231004,122,18,3,1,25.04177,121.58735,15
500111070,20231004,123,18,3,1,25.04177,121.58735,15
500111070,20231004,124,18,3,1,25.04177,121.58735,15
500111070,20231004,125,18,3,1,25.04177,121.58735,15
500111070,20231004,126,18,3,1,25.04177,121.58735,15
500111070,20231004,127,18,3,1,25.04177,121.58735,15
500111070,20231004,128,18,3,1,25.04177,121.58735,15
500111070,20231004,129,18,3,1,25.04177,121.58735,15
500111070,20231004,130,18,3,1,25.04177,121.58735,15
500111070,20231004,131,18,3,1,25.04177,121.58735,15
500111070,20231004,132,18,3,1,25.04177,121.58735,15
500111070,20231004,133,18,3,1,25.04177,121.58735,15
500111070,20231004,134,18,3,1,25.04177,121.58735,15
500111070,20231004,135,18,3,1,25.04177,121.58735,15
500111070,20231004,136,18,3,1,25.04177,121.58735,15
500111070,20231004,137,18,3,1,25.04177,121.58735,15
500111070,20231004,138,18,3,1,25.04177,121.58735,15
500111070,20231004,139,18,3,1,25.04177,121.58735,15
500111070,20231004,141,18,3,1,25.04177,121.58735,15
500111070,20231004,142,18,3,1,25.04177,121.58735,15
500111070,20231004,143,18,3,1,25.04177,121.58735,15
500111070,20231004,144,18,3,1,25.04177,121.58735,15
500111070,20231004,145,18,3,1,25.04177,121.58735,15
500111070,20231004,146,18,3,1,25.04177,121.58735,15
500111070,20231004,147,18,3,1,25.04177,121.58735,15
500111070,20231004,148,18,3,1,25.04177,121.58735,15
500111070,20231004,149,18,3,1,25.04177,121.58735,15
500111070,20231004,150,18,2,1,25.04177,121.58735,16
500111070,20231004,151,18,2,1,25.04177,121.58735,16
500111070,20231004,152,18,2,1,25.04177,121.58735,16
500111070,20231004,153,18,2,1,25.04177,121.58735,16
500111070,20231004,154,18,2,1,25.04177,121.58735,16
500111070,20231004,155,18,2,1,25.04177,121.58735,16
500111070,20231004,156,18,2,1,25.04177,121.58735,16
500111070,20231004,157,18,2,1,25.04177,121.58735,16
500111070,20231004,158,18,2,1,25.04177,121.58735,16
500111070,20231004,159,18,2,1,25.04177,121.58735,16
500111070,20231004,160,18,2,1,25.04177,121.58735,16
500111070,20231004,161,18,2,1,25.04177,121.58735,16
500111070,20231004,162,18,2,1,25.04177,121.58735,16
500111070,20231004,163,18,2,1,25.04177,121.58735,16
500111070,20231004,164,18,2,1,25.04177,121.58735,16
500111070,20231004,165,18,2,1,25.04177,121.58735,16
500111070,20231004,166,18,2,1,25.04177,121.58735,16
500111070,20231004,167,18,2,1,25.04177,121.58735,16
500111070,20231004,168,18,2,1,25.04177,121.58735,16
500111070,20231004,169,18,0,1,25.04177,121.58735,18
500111070,20231004,170,18,0,1,25.04177,121.58735,18
500111070,20231004,171,18,0,1,25.04177,121.58735,18
500111070,20231004,172,18,0,1,25.04177,121.58735,18
500111070,20231004,173,18,0,1,25.04177,121.58735,18
500111070,20231004,174,18,0,1,25.04177,121.58735,18
500111070,20231004,175,18,0,1,25.04177,121.58735,18
500111070,20231004,176,18,0,1,25.04177,121.58735,18
500111070,20231004,177,18,0,1,25.04177,121.58735,18
500111070,20231004,178,18,0,1,25.04177,121.58735,18
500111070,20231004,179,18,0,1,25.04177,121.58735,18
500111070,20231004,180,18,0,1,25.04177,121.58735,18
500111070,20231004,181,18,0,1,25.04177,121.58735,18
500111070,20231004,182,18,0,1,25.04177,121.58735,18
500111070,20231004,183,18,0,1,25.04177,121.58735,18
500111070,20231004,184,18,0,1,25.04177,121.58735,18
500111070,20231004,185,18,0,1,25.04177,121.58735,18
500111070,20231004,186,18,0,1,25.04177,121.58735,18
500111070,20231004,187,18,0,1,25.04177,121.58735,18
500111070,20231004,188,18,0,1,25.04177,121.58735,18
500111070,20231004,189,18,0,1,25.04177,121.58735,18
500111070,20231004,190,18,0,1,25.04177,121.58735,18
500111070,20231004,191,18,0,1,25.04177,121.58735,18
500111070,20231004,192,18,0,1,25.04177,121.58735,18
500111070,20231004,193,18,0,1,25.04177,121.58735,18
500111070,20231004,194,18,0,1,25.04177,121.58735,18
500111070,20231004,195,18,0,1,25.04177,121.58735,18
500111070,20231004,196,18,0,1,25.04177,121.58735,18
500111070,20231004,197,18,0,1,25.04177,121.58735,18
500111070,20231004,198,18,0,1,25.04177,121.58735,18
500111070,20231004,199,18,0,1,25.04177,121.58735,18
500111070,20231004,201,18,0,1,25.04177,121.58735,18
500111070,20231004,202,18,0,1,25.04177,121.58735,18
500111070,20231004,203,18,0,1,25.04177,121.58735,18
500111070,20231004,204,18,0,1,25.04177,121.58735,18
500111070,20231004,205,18,0,1,25.04177,121.58735,18
500111070,20231004,206,18,0,1,25.04177,121.58735,18
500111070,20231004,207,18,0,1,25.04177,121.58735,18
500111070,20231004,208,18,0,1,25.04177,121.58735,18
500111070,20231004,209,18,0,1,25.04177,121.58735,18
500111070,20231004,210,18,0,1,25.04177,121.58735,18
500111070,20231004,211,18,0,1,25.04177,121.58735,18
500111070,20231004,212,18,0,1,25.04177,121.58735,18
500111070,20231004,213,18,0,1,25.04177,121.58735,18
500111070,20231004,214,18,0,1,25.04177,121.58735,18
500111070,20231004,216,18,0,1,25.04177,121.58735,18
500111070,20231004,217,18,0,1,25.04177,121.58735,18
500111070,20231004,218,18,0,1,25.04177,121.58735,18
500111070,20231004,219,18,0,1,25.04177,121.58735,18
500111070,20231004,220,18,0,1,25.04177,121.58735,18
500111070,20231004,221,18,0,1,25.04177,121.58735,18
500111070,20231004,222,18,0,1,25.04177,121.58735,18
500111070,20231004,223,18,0,1,25.04177,121.58735,18
500111070,20231004,224,18,0,1,25.04177,121.58735,18
500111070,20231004,225,18,0,1,25.04177,121.58735,18
500111070,20231004,226,18,0,1,25.04177,121.58735,18
500111070,20231004,227,18,0,1,25.04177,121.58735,18
500111070,20231004,228,18,0,1,25.04177,121.58735,18
500111070,20231004,229,18,0,1,25.04177,121.58735,18
500111070,20231004,230,18,0,1,25.04177,121.58735,18
500111070,20231004,231,18,0,1,25.04177,121.58735,18
500111070,20231004,232,18,0,1,25.04177,121.58735,18
500111070,20231004,233,18,0,1,25.04177,121.58735,18
500111070,20231004,234,18,0,1,25.04177,121.58735,18
500111070,20231004,235,18,0,1,25.04177,121.58735,18
500111070,20231004,236,18,0,1,25.04177,121.58735,18
500111070,20231004,237,18,0,1,25.04177,121.58735,18
500111070,20231004,238,18,0,1,25.04177,121.58735,18
500111070,20231004,239,18,0,1,25.04177,121.58735,18
500111070,20231004,240,18,0,1,25.04177,121.58735,18
500111070,20231004,241,18,0,1,25.04177,121.58735,18
500111070,20231004,242,18,0,1,25.04177,121.58735,18
500111070,20231004,243,18,0,1,25.04177,121.58735,18
500111070,20231004,244,18,0,1,25.04177,121.58735,18
500111070,20231004,245,18,0,1,25.04177,121.58735,18
500111070,20231004,246,18,0,1,25.04177,121.58735,18
500111070,20231004,247,18,0,1,25.04177,121.58735,18
500111070,20231004,248,18,0,1,25.04177,121.58735,18
500111070,20231004,249,18,0,1,25.04177,121.58735,18
500111070,20231004,250,18,0,1,25.04177,121.58735,18
500111070,20231004,251,18,0,1,25.04177,121.58735,18
500111070,20231004,252,18,0,1,25.04177,121.58735,18
500111070,20231004,253,18,0,1,25.04177,121.58735,18
500111070,20231004,254,18,0,1,25.04177,121.58735,18
500111070,20231004,255,18,0,1,25.04177,121.58735,18
500111070,20231004,256,18,0,1,25.04177,121.58735,18
500111070,20231004,257,18,0,1,25.04177,121.58735,18
500111070,20231004,258,18,0,1,25.04177,121.58735,18
500111070,20231004,259,18,0,1,25.04177,121.58735,18
500111070,20231004,261,18,0,1,25.04177,121.58735,18
500111070,20231004,262,18,0,1,25.04177,121.58735,18
500111070,20231004,263,18,0,1,25.04177,121.58735,18
500111070,20231004,264,18,0,1,25.04177,121.58735,18
500111070,20231004,265,18,0,1,25.04177,121.58735,18
500111070,20231004,266,18,0,1,25.04177,121.58735,18
500111070,20231004,267,18,0,1,25.04177,121.58735,18
500111070,20231004,268,18,0,1,25.04177,121.58735,18
500111070,20231004,269,18,0,1,25.04177,121.58735,18
500111070,20231004,270,18,0,1,25.04177,121.58735,18
500111070,20231004,271,18,0,1,25.04177,121.58735,18
500111070,20231004,272,18,0,1,25.04177,121.58735,18
500111070,20231004,273,18,0,1,25.04177,121.58735,18
500111070,20231004,274,18,0,1,25.04177,121.58735,18
500111070,20231004,275,18,0,1,25.04177,121.58735,18
500111070,20231004,276,18,0,1,25.04177,121.58735,18
500111070,20231004,277,18,0,1,25.04177,121.58735,18
500111070,20231004,278,18,0,1,25.04177,121.58735,18
500111070,20231004,279,18,0,1,25.04177,121.58735,18
500111070,20231004,280,18,0,1,25.04177,121.58735,18
500111070,20231004,281,18,0,1,25.04177,121.58735,18
500111070,20231004,282,18,0,1,25.04177,121.58735,18
500111070,20231004,283,18,0,1,25.04177,121.58735,18
500111070,20231004,284,18,0,1,25.04177,121.58735,18
500111070,20231004,285,18,0,1,25.04177,121.58735,18
500111070,20231004,286,18,0,1,25.04177,121.58735,18
500111070,20231004,287,18,0,1,25.04177,121.58735,18
500111070,20231004,288,18,0,1,25.04177,121.58735,18
500111070,20231004,289,18,0,1,25.04177,121.58735,18
500111070,20231004,290,18,0,1,25.04177,121.58735,18
500111070,20231004,291,18,0,1,25.04177,121.58735,18
500111070,20231004,292,18,0,1,25.04177,121.58735,18
500111070,20231004,293,18,0,1,25.04177,121.58735,18
500111070,20231004,294,18,0,1,25.04177,121.58735,18
500111070,20231004,295,18,0,1,25.04177,121.58735,18
500111070,20231004,296,18,0,1,25.04177,121.58735,18
500111070,20231004,297,18,0,1,25.04177,121.58735,18
500111070,20231004,298,18,0,1,25.04177,121.58735,18
500111070,20231004,299,18,0,1,25.04177,121.58735,18
500111070,20231004,300,18,0,1,25.04177,121.58735,18
500111070,20231004,301,18,0,1,25.04177,121.58735,18
500111070,20231004,302,18,0,1,25.04177,121.58735,18
500111070,20231004,303,18,0,1,25.04177,121.58735,18
500111070,20231004,304,18,0,1,25.04177,121.58735,18
500111070,20231004,305,18,0,1,25.04177,121.58735,18
500111070,20231004,306,18,0,1,25.04177,121.58735,18
500111070,20231004,307,18,0,1,25.04177,121.58735,18
500111070,20231004,308,18,0,1,25.04177,121.58735,18
500111070,20231004,309,18,0,1,25.04177,121.58735,18
500111070,20231004,310,18,0,1,25.04177,121.58735,18
500111070,20231004,311,18,0,1,25.04177,121.58735,18
500111070,20231004,312,18,0,1,25.04177,121.58735,18
500111070,20231004,313,18,0,1,25.04177,121.58735,18
500111070,20231004,314,18,0,1,25.04177,121.58735,18
500111070,20231004,315,18,0,1,25.04177,121.58735,18
500111070,20231004,316,18,0,1,25.04177,121.58735,18
500111070,20231004,317,18,0,1,25.04177,121.58735,18
500111070,20231004,318,18,0,1,25.04177,121.58735,18
500111070,20231004,319,18,0,1,25.04177,121.58735,18
500111070,20231004,321,18,0,1,25.04177,121.58735,18
500111070,20231004,322,18,0,1,25.04177,121.58735,18
500111070,20231004,323,18,0,1,25.04177,121.58735,18
500111070,20231004,324,18,0,1,25.04177,121.58735,18
500111070,20231004,325,18,0,1,25.04177,121.58735,18
500111070,20231004,326,18,0,1,25.04177,121.58735,18
500111070,20231004,327,18,0,1,25.04177,121.58735,18
500111070,20231004,328,18,0,1,25.04177,121.58735,18
500111070,20231004,329,18,0,1,25.04177,121.58735,18
500111070,20231004,330,18,0,1,25.04177,121.58735,18
500111070,20231004,331,18,0,1,25.04177,121.58735,18
500111070,20231004,332,18,0,1,25.04177,121.58735,18
500111070,20231004,333,18,0,1,25.04177,121.58735,18
500111070,20231004,334,18,0,1,25.04177,121.58735,18
500111070,20231004,335,18,0,1,25.04177,121.58735,18
500111070,20231004,336,18,0,1,25.04177,121.58735,18
500111070,20231004,337,18,0,1,25.04177,121.58735,18
500111070,20231004,338,18,0,1,25.04177,121.58735,18
500111070,20231004,339,18,0,1,25.04177,121.58735,18
500111070,20231004,340,18,0,1,25.04177,121.58735,18
500111070,20231004,341,18,1,1,25.04177,121.58735,17
500111070,20231004,342,18,1,1,25.04177,121.58735,17
500111070,20231004,343,18,1,1,25.04177,121.58735,17
500111070,20231004,344,18,1,1,25.04177,121.58735,17
500111070,20231004,345,18,1,1,25.04177,121.58735,17
500111070,20231004,346,18,1,1,25.04177,121.58735,17
500111070,20231004,347,18,1,1,25.04177,121.58735,17
500111070,20231004,348,18,1,1,25.04177,121.58735,17
500111070,20231004,349,18,1,1,25.04177,121.58735,17
500111070,20231004,350,18,1,1,25.04177,121.58735,17
500111070,20231004,351,18,1,1,25.04177,121.58735,17
500111070,20231004,352,18,1,1,25.04177,121.58735,17
500111070,20231004,353,18,1,1,25.04177,121.58735,17
500111070,20231004,354,18,1,1,25.04177,121.58735,17
500111070,20231004,355,18,1,1,25.04177,121.58735,17
500111070,20231004,356,18,1,1,25.04177,121.58735,17
500111070,20231004,357,18,1,1,25.04177,121.58735,17
500111070,20231004,358,18,1,1,25.04177,121.58735,17
500111070,20231004,359,18,1,1,25.04177,121.58735,17
500111070,20231004,360,18,1,1,25.04177,121.58735,17
500111070,20231004,361,18,1,1,25.04177,121.58735,17
500111070,20231004,362,18,1,1,25.04177,121.58735,17
500111070,20231004,363,18,1,1,25.04177,121.58735,17
500111070,20231004,364,18,2,1,25.04177,121.58735,16
500111070,20231004,365,18,2,1,25.04177,121.58735,16
500111070,20231004,366,18,2,1,25.04177,121.58735,16
500111070,20231004,367,18,2,1,25.04177,121.58735,16
500111070,20231004,368,18,2,1,25.04177,121.58735,16
500111070,20231004,369,18,2,1,25.04177,121.58735,16
500111070,20231004,370,18,2,1,25.04177,121.58735,16
500111070,20231004,371,18,3,1,25.04177,121.58735,15
500111070,20231004,372,18,3,1,25.04177,121.58735,15
500111070,20231004,373,18,3,1,25.04177,121.58735,15
500111070,20231004,374,18,3,1,25.04177,121.58735,15
500111070,20231004,375,18,3,1,25.04177,121.58735,15
500111070,20231004,376,18,3,1,25.04177,121.58735,15
500111070,20231004,377,18,3,1,25.04177,121.58735,15
500111070,20231004,378,18,3,1,25.04177,121.58735,15
500111070,20231004,379,18,3,1,25.04177,121.58735,15
500111070,20231004,381,18,4,1,25.04177,121.58735,14
500111070,20231004,382,18,4,1,25.04177,121.58735,14
500111070,20231004,383,18,4,1,25.04177,121.58735,14
500111070,20231004,384,18,4,1,25.04177,121.58735,14
500111070,20231004,385,18,4,1,25.04177,121.58735,14
500111070,20231004,386,18,4,1,25.04177,121.58735,14
500111070,20231004,387,18,4,1,25.04177,121.58735,14
500111070,20231004,388,18,4,1,25.04177,121.58735,14
500111070,20231004,389,18,3,1,25.04177,121.58735,15
500111070,20231004,390,18,4,1,25.04177,121.58735,14
500111070,20231004,391,18,4,1,25.04177,121.58735,14
500111070,20231004,392,18,4,1,25.04177,121.58735,14
500111070,20231004,393,18,4,1,25.04177,121.58735,14
500111070,20231004,394,18,4,1,25.04177,121.58735,14
500111070,20231004,395,18,4,1,25.04177,121.58735,14
500111070,20231004,396,18,4,1,25.04177,121.58735,14
500111070,20231004,397,18,4,1,25.04177,121.58735,14
500111070,20231004,398,18,4,1,25.04177,121.58735,14
500111070,20231004,399,18,4,1,25.04177,121.58735,14
500111070,20231004,400,18,4,1,25.04177,121.58735,14
500111070,20231004,401,18,4,1,25.04177,121.58735,14
500111070,20231004,402,18,5,1,25.04177,121.58735,13
500111070,20231004,403,18,5,1,25.04177,121.58735,13
500111070,20231004,404,18,5,1,25.04177,121.58735,13
500111070,20231004,405,18,5,1,25.04177,121.58735,13
500111070,20231004,406,18,5,1,25.04177,121.58735,13
500111070,20231004,407,18,5,1,25.04177,121.58735,13
500111070,20231004,408,18,5,1,25.04177,121.58735,13
500111070,20231004,409,18,5,1,25.04177,121.58735,13
500111070,20231004,410,18,5,1,25.04177,121.58735,13
500111070,20231004,411,18,5,1,25.04177,121.58735,13
500111070,20231004,412,18,5,1,25.04177,121.58735,13
500111070,20231004,413,18,5,1,25.04177,121.58735,13
500111070,20231004,414,18,5,1,25.04177,121.58735,13
500111070,20231004,415,18,5,1,25.04177,121.58735,13
500111070,20231004,416,18,5,1,25.04177,121.58735,13
500111070,20231004,417,18,5,1,25.04177,121.58735,13
500111070,20231004,418,18,5,1,25.04177,121.58735,13
500111070,20231004,419,18,5,1,25.04177,121.58735,13
500111070,20231004,421,18,5,1,25.04177,121.58735,13
500111070,20231004,422,18,5,1,25.04177,121.58735,13
500111070,20231004,423,18,6,1,25.04177,121.58735,12
500111070,20231004,424,18,6,1,25.04177,121.58735,12
500111070,20231004,425,18,6,1,25.04177,121.58735,12
500111070,20231004,426,18,7,1,25.04177,121.58735,11
500111070,20231004,427,18,7,1,25.04177,121.58735,11
500111070,20231004,428,18,7,1,25.04177,121.58735,11
500111070,20231004,429,18,10,1,25.04177,121.58735,8
500111070,20231004,430,18,11,1,25.04177,121.58735,7
500111070,20231004,431,18,11,1,25.04177,121.58735,7
500111070,20231004,432,18,11,1,25.04177,121.58735,7
500111070,20231004,433,18,10,1,25.04177,121.58735,8
500111070,20231004,434,18,10,1,25.04177,121.58735,8
500111070,20231004,435,18,11,1,25.04177,121.58735,7
500111070,20231004,436,18,11,1,25.04177,121.58735,7
500111070,20231004,437,18,11,1,25.04177,121.58735,7
500111070,20231004,438,18,11,1,25.04177,121.58735,7
500111070,20231004,439,18,11,1,25.04177,121.58735,7
500111070,20231004,441,18,12,1,25.04177,121.58735,6
500111070,20231004,442,18,11,1,25.04177,121.58735,7
500111070,20231004,443,18,11,1,25.04177,121.58735,7
500111070,20231004,444,18,11,1,25.04177,121.58735,7
500111070,20231004,445,18,12,1,25.04177,121.58735,6
500111070,20231004,446,18,12,1,25.04177,121.58735,6
500111070,20231004,447,18,14,1,25.04177,121.58735,4
500111070,20231004,448,18,13,1,25.04177,121.58735,5
500111070,20231004,449,18,13,1,25.04177,121.58735,5
500111070,20231004,451,18,13,1,25.04177,121.58735,5
500111070,20231004,452,18,13,1,25.04177,121.58735,5
500111070,20231004,453,18,13,1,25.04177,121.58735,5
500111070,20231004,454,18,13,1,25.04177,121.58735,5
500111070,20231004,455,18,13,1,25.04177,121.58735,5
500111070,20231004,456,18,15,1,25.04177,121.58735,3
500111070,20231004,457,18,16,1,25.04177,121.58735,2
500111070,20231004,458,18,16,1,25.04177,121.58735,2
500111070,20231004,459,18,16,1,25.04177,121.58735,2
500111070,20231004,460,18,16,1,25.04177,121.58735,2
500111070,20231004,461,18,16,1,25.04177,121.58735,2
500111070,20231004,462,18,16,1,25.04177,121.58735,2
500111070,20231004,463,18,16,1,25.04177,121.58735,2
500111070,20231004,464,18,16,1,25.04177,121.58735,2
500111070,20231004,465,18,17,1,25.04177,121.58735,1
500111070,20231004,466,18,17,1,25.04177,121.58735,1
500111070,20231004,467,18,17,1,25.04177,121.58735,1
500111070,20231004,468,18,17,1,25.04177,121.58735,1
500111070,20231004,469,18,17,1,25.04177,121.58735,1
500111070,20231004,470,18,17,1,25.04177,121.58735,1
500111070,20231004,471,18,17,1,25.04177,121.58735,1
500111070,20231004,472,18,17,1,25.04177,121.58735,1
500111070,20231004,473,18,17,1,25.04177,121.58735,1
500111070,20231004,474,18,17,1,25.04177,121.58735,1
500111070,20231004,475,18,17,1,25.04177,121.58735,1
500111070,20231004,476,18,18,1,25.04177,121.58735,0
500111070,20231004,477,18,18,1,25.04177,121.58735,0
500111070,20231004,478,18,18,1,25.04177,121.58735,0
500111070,20231004,479,18,17,1,25.04177,121.58735,1
500111070,20231004,481,18,18,1,25.04177,121.58735,0
500111070,20231004,482,18,18,1,25.04177,121.58735,0
500111070,20231004,483,18,18,1,25.04177,121.58735,0
500111070,20231004,484,18,18,1,25.04177,121.58735,0
500111070,20231004,485,18,18,1,25.04177,121.58735,0
500111070,20231004,486,18,18,1,25.04177,121.58735,0
500111070,20231004,487,18,18,1,25.04177,121.58735,0
500111070,20231004,488,18,18,1,25.04177,121.58735,0
500111070,20231004,489,18,18,1,25.04177,121.58735,0
500111070,20231004,490,18,18,1,25.04177,121.58735,0
500111070,20231004,491,18,18,1,25.04177,121.58735,0
500111070,20231004,492,18,17,1,25.04177,121.58735,1
500111070,20231004,493,18,16,1,25.04177,121.58735,2
500111070,20231004,494,18,16,1,25.04177,121.58735,2
500111070,20231004,495,18,17,1,25.04177,121.58735,1
500111070,20231004,496,18,18,1,25.04177,121.58735,0
500111070,20231004,497,18,18,1,25.04177,121.58735,0
500111070,20231004,499,18,18,1,25.04177,121.58735,0
500111070,20231004,501,18,18,1,25.04177,121.58735,0
500111070,20231004,502,18,18,1,25.04177,121.58735,0
500111070,20231004,503,18,18,1,25.04177,121.58735,0
500111070,20231004,504,18,18,1,25.04177,121.58735,0
500111070,20231004,505,18,18,1,25.04177,121.58735,0
500111070,20231004,506,18,18,1,25.04177,121.58735,0
500111070,20231004,507,18,18,1,25.04177,121.58735,0
500111070,20231004,508,18,17,1,25.04177,121.58735,1
500111070,20231004,509,18,17,1,25.04177,121.58735,1
500111070,20231004,511,18,17,1,25.04177,121.58735,1
500111070,20231004,512,18,17,1,25.04177,121.58735,1
500111070,20231004,513,18,18,1,25.04177,121.58735,0
500111070,20231004,514,18,18,1,25.04177,121.58735,0
500111070,20231004,515,18,18,1,25.04177,121.58735,0
500111070,20231004,516,18,18,1,25.04177,121.58735,0
500111070,20231004,517,18,18,1,25.04177,121.58735,0
500111070,20231004,518,18,18,1,25.04177,121.58735,0
500111070,20231004,519,18,18,1,25.04177,121.58735,0
500111070,20231004,520,18,18,1,25.04177,121.58735,0
500111070,20231004,521,18,18,1,25.04177,121.58735,0
500111070,20231004,522,18,18,1,25.04177,121.58735,0
500111070,20231004,523,18,18,1,25.04177,121.58735,0
500111070,20231004,524,18,18,1,25.04177,121.58735,0
500111070,20231004,525,18,18,1,25.04177,121.58735,0
500111070,20231004,526,18,14,1,25.04177,121.58735,4
500111070,20231004,527,18,13,1,25.04177,121.58735,5
500111070,20231004,528,18,13,1,25.04177,121.58735,5
500111070,20231004,529,18,11,1,25.04177,121.58735,7
500111070,20231004,530,18,11,1,25.04177,121.58735,7
500111070,20231004,531,18,11,1,25.04177,121.58735,7
500111070,20231004,532,18,13,1,25.04177,121.58735,5
500111070,20231004,533,18,13,1,25.04177,121.58735,5
500111070,20231004,534,18,13,1,25.04177,121.58735,5
500111070,20231004,535,18,13,1,25.04177,121.58735,5
500111070,20231004,536,18,14,1,25.04177,121.58735,4
500111070,20231004,537,18,15,1,25.04177,121.58735,3
500111070,20231004,538,18,15,1,25.04177,121.58735,3
500111070,20231004,539,18,15,1,25.04177,121.58735,3
500111070,20231004,541,18,15,1,25.04177,121.58735,3
500111070,20231004,542,18,15,1,25.04177,121.58735,3
500111070,20231004,543,18,15,1,25.04177,121.58735,3
500111070,20231004,544,18,15,1,25.04177,121.58735,3
500111070,20231004,545,18,15,1,25.04177,121.58735,3
500111070,20231004,546,18,15,1,25.04177,121.58735,3
500111070,20231004,547,18,15,1,25.04177,121.58735,3
500111070,20231004,548,18,15,1,25.04177,121.58735,3
500111070,20231004,549,18,15,1,25.04177,121.58735,3
500111070,20231004,550,18,15,1,25.04177,121.58735,3
500111070,20231004,551,18,15,1,25.04177,121.58735,3
500111070,20231004,552,18,15,1,25.04177,121.58735,3
500111070,20231004,553,18,15,1,25.04177,121.58735,3
500111070,20231004,554,18,15,1,25.04177,121.58735,3
500111070,20231004,555,18,15,1,25.04177,121.58735,3
500111070,20231004,556,18,15,1,25.04177,121.58735,3
500111070,20231004,557,18,15,1,25.04177,121.58735,3
500111070,20231004,558,18,17,1,25.04177,121.58735,1
500111070,20231004,559,18,17,1,25.04177,121.58735,1
500111070,20231004,561,18,18,1,25.04177,121.58735,0
500111070,20231004,562,18,18,1,25.04177,121.58735,0
500111070,20231004,563,18,18,1,25.04177,121.58735,0
500111070,20231004,564,18,18,1,25.04177,121.58735,0
500111070,20231004,565,18,18,1,25.04177,121.58735,0
500111070,20231004,566,18,18,1,25.04177,121.58735,0
500111070,20231004,567,18,18,1,25.04177,121.58735,0
500111070,20231004,568,18,16,1,25.04177,121.58735,2
500111070,20231004,569,18,17,1,25.04177,121.58735,1
500111070,20231004,570,18,17,1,25.04177,121.58735,1
500111070,20231004,571,18,17,1,25.04177,121.58735,1
500111070,20231004,572,18,17,1,25.04177,121.58735,1
500111070,20231004,573,18,16,1,25.04177,121.58735,2
500111070,20231004,574,18,15,1,25.04177,121.58735,3
500111070,20231004,575,18,15,1,25.04177,121.58735,3
500111070,20231004,576,18,15,1,25.04177,121.58735,3
500111070,20231004,577,18,15,1,25.04177,121.58735,3
500111070,20231004,578,18,15,1,25.04177,121.58735,3
500111070,20231004,579,18,15,1,25.04177,121.58735,3
500111070,20231004,580,18,15,1,25.04177,121.58735,3
500111070,20231004,581,18,15,1,25.04177,121.58735,3
500111070,20231004,582,18,15,1,25.04177,121.58735,3
500111070,20231004,583,18,15,1,25.04177,121.58735,3
500111070,20231004,584,18,15,1,25.04177,121.58735,3
500111070,20231004,585,18,15,1,25.04177,121.58735,3
500111070,20231004,586,18,15,1,25.04177,121.58735,3
500111070,20231004,587,18,15,1,25.04177,121.58735,3
500111070,20231004,588,18,15,1,25.04177,121.58735,3
500111070,20231004,589,18,15,1,25.04177,121.58735,3
500111070,20231004,590,18,15,1,25.04177,121.58735,3
500111070,20231004,591,18,15,1,25.04177,121.58735,3
500111070,20231004,592,18,14,1,25.04177,121.58735,4
500111070,20231004,593,18,14,1,25.04177,121.58735,4
500111070,20231004,594,18,14,1,25.04177,121.58735,4
500111070,20231004,595,18,14,1,25.04177,121.58735,4
500111070,20231004,596,18,14,1,25.04177,121.58735,4
500111070,20231004,597,18,14,1,25.04177,121.58735,4
500111070,20231004,598,18,14,1,25.04177,121.58735,4
500111070,20231004,599,18,14,1,25.04177,121.58735,4
500111070,20231004,601,18,14,1,25.04177,121.58735,4
500111070,20231004,602,18,14,1,25.04177,121.58735,4
500111070,20231004,603,18,14,1,25.04177,121.58735,4
500111070,20231004,604,18,14,1,25.04177,121.58735,4
500111070,20231004,605,18,14,1,25.04177,121.58735,4
500111070,20231004,606,18,14,1,25.04177,121.58735,4
500111070,20231004,607,18,14,1,25.04177,121.58735,4
500111070,20231004,608,18,14,1,25.04177,121.58735,4
500111070,20231004,609,18,14,1,25.04177,121.58735,4
500111070,20231004,610,18,14,1,25.04177,121.58735,4
500111070,20231004,611,18,14,1,25.04177,121.58735,4
500111070,20231004,612,18,14,1,25.04177,121.58735,4
500111070,20231004,613,18,14,1,25.04177,121.58735,4
500111070,20231004,614,18,14,1,25.04177,121.58735,4
500111070,20231004,615,18,14,1,25.04177,121.58735,4
500111070,20231004,616,18,14,1,25.04177,121.58735,4
500111070,20231004,617,18,14,1,25.04177,121.58735,4
500111070,20231004,618,18,14,1,25.04177,121.58735,4
500111070,20231004,619,18,14,1,25.04177,121.58735,4
500111070,20231004,621,18,14,1,25.04177,121.58735,4
500111070,20231004,622,18,14,1,25.04177,121.58735,4
500111070,20231004,623,18,14,1,25.04177,121.58735,4
500111070,20231004,624,18,14,1,25.04177,121.58735,4
500111070,20231004,625,18,14,1,25.04177,121.58735,4
500111070,20231004,626,18,15,1,25.04177,121.58735,3
500111070,20231004,627,18,15,1,25.04177,121.58735,3
500111070,20231004,628,18,15,1,25.04177,121.58735,3
500111070,20231004,629,18,15,1,25.04177,121.58735,3
500111070,20231004,630,18,16,1,25.04177,121.58735,2
500111070,20231004,631,18,17,1,25.04177,121.58735,1
500111070,20231004,632,18,17,1,25.04177,121.58735,1
500111070,20231004,633,18,17,1,25.04177,121.58735,1
500111070,20231004,634,18,17,1,25.04177,121.58735,1
500111070,20231004,635,18,17,1,25.04177,121.58735,1
500111070,20231004,636,18,17,1,25.04177,121.58735,1
500111070,20231004,637,18,17,1,25.04177,121.58735,1
500111070,20231004,638,18,17,1,25.04177,121.58735,1
500111070,20231004,639,18,17,1,25.04177,121.58735,1
500111070,20231004,640,18,17,1,25.04177,121.58735,1
500111070,20231004,641,18,16,1,25.04177,121.58735,2
500111070,20231004,642,18,16,1,25.04177,121.58735,2
500111070,20231004,643,18,16,1,25.04177,121.58735,2
500111070,20231004,644,18,16,1,25.04177,121.58735,2
500111070,20231004,645,18,16,1,25.04177,121.58735,2
500111070,20231004,646,18,16,1,25.04177,121.58735,2
500111070,20231004,647,18,16,1,25.04177,121.58735,2
500111070,20231004,648,18,16,1,25.04177,121.58735,2
500111070,20231004,649,18,16,1,25.04177,121.58735,2
500111070,20231004,650,18,16,1,25.04177,121.58735,2
500111070,20231004,651,18,16,1,25.04177,121.58735,2
500111070,20231004,652,18,16,1,25.04177,121.58735,2
500111070,20231004,653,18,16,1,25.04177,121.58735,2
500111070,20231004,654,18,16,1,25.04177,121.58735,2
500111070,20231004,655,18,16,1,25.04177,121.58735,2
500111070,20231004,656,18,17,1,25.04177,121.58735,1
500111070,20231004,657,18,17,1,25.04177,121.58735,1
500111070,20231004,658,18,17,1,25.04177,121.58735,1
500111070,20231004,659,18,17,1,25.04177,121.58735,1
500111070,20231004,661,18,17,1,25.04177,121.58735,1
500111070,20231004,662,18,17,1,25.04177,121.58735,1
500111070,20231004,663,18,17,1,25.04177,121.58735,1
500111070,20231004,664,18,17,1,25.04177,121.58735,1
500111070,20231004,665,18,17,1,25.04177,121.58735,1
500111070,20231004,666,18,18,1,25.04177,121.58735,0
500111070,20231004,667,18,18,1,25.04177,121.58735,0
500111070,20231004,668,18,18,1,25.04177,121.58735,0
500111070,20231004,669,18,18,1,25.04177,121.58735,0
500111070,20231004,670,18,18,1,25.04177,121.58735,0
500111070,20231004,671,18,18,1,25.04177,121.58735,0
500111070,20231004,672,18,18,1,25.04177,121.58735,0
500111070,20231004,673,18,18,1,25.04177,121.58735,0
500111070,20231004,674,18,18,1,25.04177,121.58735,0
500111070,20231004,675,18,18,1,25.04177,121.58735,0
500111070,20231004,676,18,18,1,25.04177,121.58735,0
500111070,20231004,677,18,18,1,25.04177,121.58735,0
500111070,20231004,678,18,18,1,25.04177,121.58735,0
500111070,20231004,679,18,18,1,25.04177,121.58735,0
500111070,20231004,681,18,18,1,25.04177,121.58735,0
500111070,20231004,682,18,18,1,25.04177,121.58735,0
500111070,20231004,683,18,18,1,25.04177,121.58735,0
500111070,20231004,684,18,18,1,25.04177,121.58735,0
500111070,20231004,685,18,18,1,25.04177,121.58735,0
500111070,20231004,686,18,18,1,25.04177,121.58735,0
500111070,20231004,687,18,18,1,25.04177,121.58735,0
500111070,20231004,688,18,18,1,25.04177,121.58735,0
500111070,20231004,689,18,18,1,25.04177,121.58735,0
500111070,20231004,690,18,18,1,25.04177,121.58735,0
500111070,20231004,691,18,18,1,25.04177,121.58735,0
500111070,20231004,692,18,18,1,25.04177,121.58735,0
500111070,20231004,693,18,18,1,25.04177,121.58735,0
500111070,20231004,694,18,18,1,25.04177,121.58735,0
500111070,20231004,695,18,18,1,25.04177,121.58735,0
500111070,20231004,696,18,18,1,25.04177,121.58735,0
500111070,20231004,697,18,18,1,25.04177,121.58735,0
500111070,20231004,698,18,18,1,25.04177,121.58735,0
500111070,20231004,699,18,18,1,25.04177,121.58735,0
500111070,20231004,700,18,18,1,25.04177,121.58735,0
500111070,20231004,701,18,18,1,25.04177,121.58735,0
500111070,20231004,702,18,18,1,25.04177,121.58735,0
500111070,20231004,703,18,18,1,25.04177,121.58735,0
500111070,20231004,704,18,18,1,25.04177,121.58735,0
500111070,20231004,705,18,18,1,25.04177,121.58735,0
500111070,20231004,706,18,18,1,25.04177,121.58735,0
500111070,20231004,707,18,18,1,25.04177,121.58735,0
500111070,20231004,708,18,18,1,25.04177,121.58735,0
500111070,20231004,709,18,18,1,25.04177,121.58735,0
500111070,20231004,710,18,18,1,25.04177,121.58735,0
500111070,20231004,711,18,18,1,25.04177,121.58735,0
500111070,20231004,712,18,18,1,25.04177,121.58735,0
500111070,20231004,713,18,18,1,25.04177,121.58735,0
500111070,20231004,714,18,18,1,25.04177,121.58735,0
500111070,20231004,715,18,18,1,25.04177,121.58735,0
500111070,20231004,716,18,18,1,25.04177,121.58735,0
500111070,20231004,717,18,18,1,25.04177,121.58735,0
500111070,20231004,718,18,18,1,25.04177,121.58735,0
500111070,20231004,719,18,18,1,25.04177,121.58735,0
500111070,20231004,721,18,18,1,25.04177,121.58735,0
500111070,20231004,722,18,18,1,25.04177,121.58735,0
500111070,20231004,723,18,18,1,25.04177,121.58735,0
500111070,20231004,724,18,18,1,25.04177,121.58735,0
500111070,20231004,725,18,18,1,25.04177,121.58735,0
500111070,20231004,726,18,18,1,25.04177,121.58735,0
500111070,20231004,727,18,18,1,25.04177,121.58735,0
500111070,20231004,728,18,18,1,25.04177,121.58735,0
500111070,20231004,729,18,18,1,25.04177,121.58735,0
500111070,20231004,730,18,18,1,25.04177,121.58735,0
500111070,20231004,731,18,18,1,25.04177,121.58735,0
500111070,20231004,732,18,18,1,25.04177,121.58735,0
500111070,20231004,733,18,18,1,25.04177,121.58735,0
500111070,20231004,734,18,18,1,25.04177,121.58735,0
500111070,20231004,735,18,18,1,25.04177,121.58735,0
500111070,20231004,736,18,18,1,25.04177,121.58735,0
500111070,20231004,737,18,18,1,25.04177,121.58735,0
500111070,20231004,738,18,18,1,25.04177,121.58735,0
500111070,20231004,739,18,18,1,25.04177,121.58735,0
500111070,20231004,741,18,18,1,25.04177,121.58735,0
500111070,20231004,742,18,18,1,25.04177,121.58735,0
500111070,20231004,743,18,18,1,25.04177,121.58735,0
500111070,20231004,744,18,18,1,25.04177,121.58735,0
500111070,20231004,745,18,18,1,25.04177,121.58735,0
500111070,20231004,746,18,18,1,25.04177,121.58735,0
500111070,20231004,747,18,18,1,25.04177,121.58735,0
500111070,20231004,748,18,18,1,25.04177,121.58735,0
500111070,20231004,749,18,18,1,25.04177,121.58735,0
500111070,20231004,750,18,18,1,25.04177,121.58735,0
500111070,20231004,751,18,18,1,25.04177,121.58735,0
500111070,20231004,752,18,18,1,25.04177,121.58735,0
500111070,20231004,753,18,18,1,25.04177,121.58735,0
500111070,20231004,754,18,18,1,25.04177,121.58735,0
500111070,20231004,755,18,18,1,25.04177,121.58735,0
500111070,20231004,756,18,18,1,25.04177,121.58735,0
500111070,20231004,757,18,18,1,25.04177,121.58735,0
500111070,20231004,758,18,18,1,25.04177,121.58735,0
500111070,20231004,759,18,18,1,25.04177,121.58735,0
500111070,20231004,760,18,18,1,25.04177,121.58735,0
500111070,20231004,761,18,18,1,25.04177,121.58735,0
500111070,20231004,762,18,18,1,25.04177,121.58735,0
500111070,20231004,763,18,18,1,25.04177,121.58735,0
500111070,20231004,764,18,18,1,25.04177,121.58735,0
500111070,20231004,765,18,18,1,25.04177,121.58735,0
500111070,20231004,766,18,18,1,25.04177,121.58735,0
500111070,20231004,767,18,18,1,25.04177,121.58735,0
500111070,20231004,768,18,18,1,25.04177,121.58735,0
500111070,20231004,769,18,18,1,25.04177,121.58735,0
500111070,20231004,770,18,18,1,25.04177,121.58735,0
500111070,20231004,771,18,18,1,25.04177,121.58735,0
500111070,20231004,772,18,18,1,25.04177,121.58735,0
500111070,20231004,773,18,18,1,25.04177,121.58735,0
500111070,20231004,774,18,18,1,25.04177,121.58735,0
500111070,20231004,775,18,18,1,25.04177,121.58735,0
500111070,20231004,776,18,18,1,25.04177,121.58735,0
500111070,20231004,777,18,18,1,25.04177,121.58735,0
500111070,20231004,778,18,18,1,25.04177,121.58735,0
500111070,20231004,779,18,18,1,25.04177,121.58735,0
500111070,20231004,781,18,18,1,25.04177,121.58735,0
500111070,20231004,782,18,18,1,25.04177,121.58735,0
500111070,20231004,783,18,18,1,25.04177,121.58735,0
500111070,20231004,784,18,18,1,25.04177,121.58735,0
500111070,20231004,785,18,18,1,25.04177,121.58735,0
500111070,20231004,786,18,18,1,25.04177,121.58735,0
500111070,20231004,787,18,18,1,25.04177,121.58735,0
500111070,20231004,788,18,18,1,25.04177,121.58735,0
500111070,20231004,789,18,18,1,25.04177,121.58735,0
500111070,20231004,790,18,18,1,25.04177,121.58735,0
500111070,20231004,791,18,18,1,25.04177,121.58735,0
500111070,20231004,792,18,18,1,25.04177,121.58735,0
500111070,20231004,793,18,18,1,25.04177,121.58735,0
500111070,20231004,794,18,18,1,25.04177,121.58735,0
500111070,20231004,795,18,18,1,25.04177,121.58735,0
500111070,20231004,796,18,18,1,25.04177,121.58735,0
500111070,20231004,797,18,18,1,25.04177,121.58735,0
500111070,20231004,799,18,18,1,25.04177,121.58735,0
500111070,20231004,801,18,18,1,25.04177,121.58735,0
500111070,20231004,802,18,18,1,25.04177,121.58735,0
500111070,20231004,803,18,18,1,25.04177,121.58735,0
500111070,20231004,804,18,18,1,25.04177,121.58735,0
500111070,20231004,805,18,18,1,25.04177,121.58735,0
500111070,20231004,806,18,18,1,25.04177,121.58735,0
500111070,20231004,807,18,18,1,25.04177,121.58735,0
500111070,20231004,808,18,18,1,25.04177,121.58735,0
500111070,20231004,809,18,18,1,25.04177,121.58735,0
500111070,20231004,810,18,18,1,25.04177,121.58735,0
500111070,20231004,811,18,18,1,25.04177,121.58735,0
500111070,20231004,812,18,18,1,25.04177,121.58735,0
500111070,20231004,813,18,18,1,25.04177,121.58735,0
500111070,20231004,814,18,18,1,25.04177,121.58735,0
500111070,20231004,815,18,18,1,25.04177,121.58735,0
500111070,20231004,816,18,18,1,25.04177,121.58735,0
500111070,20231004,817,18,18,1,25.04177,121.58735,0
500111070,20231004,818,18,18,1,25.04177,121.58735,0
500111070,20231004,819,18,18,1,25.04177,121.58735,0
500111070,20231004,820,18,18,1,25.04177,121.58735,0
500111070,20231004,821,18,18,1,25.04177,121.58735,0
500111070,20231004,822,18,18,1,25.04177,121.58735,0
500111070,20231004,823,18,18,1,25.04177,121.58735,0
500111070,20231004,824,18,18,1,25.04177,121.58735,0
500111070,20231004,825,18,18,1,25.04177,121.58735,0
500111070,20231004,826,18,18,1,25.04177,121.58735,0
500111070,20231004,827,18,18,1,25.04177,121.58735,0
500111070,20231004,828,18,18,1,25.04177,121.58735,0
500111070,20231004,829,18,18,1,25.04177,121.58735,0
500111070,20231004,830,18,18,1,25.04177,121.58735,0
500111070,20231004,831,18,18,1,25.04177,121.58735,0
500111070,20231004,832,18,18,1,25.04177,121.58735,0
500111070,20231004,833,18,17,1,25.04177,121.58735,1
500111070,20231004,834,18,17,1,25.04177,121.58735,1
500111070,20231004,835,18,17,1,25.04177,121.58735,1
500111070,20231004,836,18,17,1,25.04177,121.58735,1
500111070,20231004,837,18,17,1,25.04177,121.58735,1
500111070,20231004,838,18,17,1,25.04177,121.58735,1
500111070,20231004,839,18,17,1,25.04177,121.58735,1
500111070,20231004,840,18,17,1,25.04177,121.58735,1
500111070,20231004,841,18,17,1,25.04177,121.58735,1
500111070,20231004,842,18,17,1,25.04177,121.58735,1
500111070,20231004,843,18,17,1,25.04177,121.58735,1
500111070,20231004,844,18,17,1,25.04177,121.58735,1
500111070,20231004,845,18,17,1,25.04177,121.58735,1
500111070,20231004,846,18,17,1,25.04177,121.58735,1
500111070,20231004,847,18,17,1,25.04177,121.58735,1
500111070,20231004,848,18,17,1,25.04177,121.58735,1
500111070,20231004,849,18,17,1,25.04177,121.58735,1
500111070,20231004,850,18,17,1,25.04177,121.58735,1
500111070,20231004,851,18,17,1,25.04177,121.58735,1
500111070,20231004,852,18,17,1,25.04177,121.58735,1
500111070,20231004,853,18,17,1,25.04177,121.58735,1
500111070,20231004,854,18,17,1,25.04177,121.58735,1
500111070,20231004,855,18,17,1,25.04177,121.58735,1
500111070,20231004,856,18,17,1,25.04177,121.58735,1
500111070,20231004,857,18,17,1,25.04177,121.58735,1
500111070,20231004,858,18,17,1,25.04177,121.58735,1
500111070,20231004,859,18,17,1,25.04177,121.58735,1
500111070,20231004,861,18,17,1,25.04177,121.58735,1
500111070,20231004,862,18,17,1,25.04177,121.58735,1
500111070,20231004,863,18,17,1,25.04177,121.58735,1
500111070,20231004,864,18,17,1,25.04177,121.58735,1
500111070,20231004,865,18,17,1,25.04177,121.58735,1
500111070,20231004,866,18,17,1,25.04177,121.58735,1
500111070,20231004,867,18,17,1,25.04177,121.58735,1
500111070,20231004,868,18,17,1,25.04177,121.58735,1
500111070,20231004,869,18,17,1,25.04177,121.58735,1
500111070,20231004,870,18,17,1,25.04177,121.58735,1
500111070,20231004,871,18,17,1,25.04177,121.58735,1
500111070,20231004,872,18,17,1,25.04177,121.58735,1
500111070,20231004,873,18,17,1,25.04177,121.58735,1
500111070,20231004,874,18,17,1,25.04177,121.58735,1
500111070,20231004,875,18,17,1,25.04177,121.58735,1
500111070,20231004,876,18,17,1,25.04177,121.58735,1
500111070,20231004,877,18,17,1,25.04177,121.58735,1
500111070,20231004,878,18,17,1,25.04177,121.58735,1
500111070,20231004,879,18,17,1,25.04177,121.58735,1
500111070,20231004,880,18,17,1,25.04177,121.58735,1
500111070,20231004,881,18,17,1,25.04177,121.58735,1
500111070,20231004,882,18,17,1,25.04177,121.58735,1
500111070,20231004,883,18,17,1,25.04177,121.58735,1
500111070,20231004,884,18,17,1,25.04177,121.58735,1
500111070,20231004,885,18,17,1,25.04177,121.58735,1
500111070,20231004,886,18,17,1,25.04177,121.58735,1
500111070,20231004,887,18,17,1,25.04177,121.58735,1
500111070,20231004,888,18,17,1,25.04177,121.58735,1
500111070,20231004,889,18,17,1,25.04177,121.58735,1
500111070,20231004,890,18,17,1,25.04177,121.58735,1
500111070,20231004,891,18,17,1,25.04177,121.58735,1
500111070,20231004,892,18,17,1,25.04177,121.58735,1
500111070,20231004,893,18,17,1,25.04177,121.58735,1
500111070,20231004,894,18,17,1,25.04177,121.58735,1
500111070,20231004,895,18,17,1,25.04177,121.58735,1
500111070,20231004,896,18,17,1,25.04177,121.58735,1
500111070,20231004,897,18,17,1,25.04177,121.58735,1
500111070,20231004,898,18,17,1,25.04177,121.58735,1
500111070,20231004,899,18,17,1,25.04177,121.58735,1
500111070,20231004,901,18,17,1,25.04177,121.58735,1
500111070,20231004,902,18,17,1,25.04177,121.58735,1
500111070,20231004,903,18,17,1,25.04177,121.58735,1
500111070,20231004,904,18,17,1,25.04177,121.58735,1
500111070,20231004,905,18,17,1,25.04177,121.58735,1
500111070,20231004,906,18,17,1,25.04177,121.58735,1
500111070,20231004,907,18,17,1,25.04177,121.58735,1
500111070,20231004,908,18,17,1,25.04177,121.58735,1
500111070,20231004,909,18,17,1,25.04177,121.58735,1
500111070,20231004,910,18,17,1,25.04177,121.58735,1
500111070,20231004,911,18,17,1,25.04177,121.58735,1
500111070,20231004,912,18,17,1,25.04177,121.58735,1
500111070,20231004,913,18,17,1,25.04177,121.58735,1
500111070,20231004,914,18,17,1,25.04177,121.58735,1
500111070,20231004,915,18,17,1,25.04177,121.58735,1
500111070,20231004,916,18,17,1,25.04177,121.58735,1
500111070,20231004,917,18,17,1,25.04177,121.58735,1
500111070,20231004,918,18,17,1,25.04177,121.58735,1
500111070,20231004,919,18,17,1,25.04177,121.58735,1
500111070,20231004,921,18,17,1,25.04177,121.58735,1
500111070,20231004,922,18,17,1,25.04177,121.58735,1
500111070,20231004,923,18,17,1,25.04177,121.58735,1
500111070,20231004,924,18,17,1,25.04177,121.58735,1
500111070,20231004,925,18,17,1,25.04177,121.58735,1
500111070,20231004,926,18,17,1,25.04177,121.58735,1
500111070,20231004,927,18,17,1,25.04177,121.58735,1
500111070,20231004,928,18,17,1,25.04177,121.58735,1
500111070,20231004,929,18,17,1,25.04177,121.58735,1
500111070,20231004,930,18,17,1,25.04177,121.58735,1
500111070,20231004,931,18,17,1,25.04177,121.58735,1
500111070,20231004,932,18,17,1,25.04177,121.58735,1
500111070,20231004,933,18,17,1,25.04177,121.58735,1
500111070,20231004,934,18,17,1,25.04177,121.58735,1
500111070,20231004,935,18,17,1,25.04177,121.58735,1
500111070,20231004,936,18,17,1,25.04177,121.58735,1
500111070,20231004,937,18,17,1,25.04177,121.58735,1
500111070,20231004,938,18,17,1,25.04177,121.58735,1
500111070,20231004,939,18,17,1,25.04177,121.58735,1
500111070,20231004,940,18,17,1,25.04177,121.58735,1
500111070,20231004,941,18,17,1,25.04177,121.58735,1
500111070,20231004,942,18,17,1,25.04177,121.58735,1
500111070,20231004,943,18,17,1,25.04177,121.58735,1
500111070,20231004,944,18,17,1,25.04177,121.58735,1
500111070,20231004,945,18,17,1,25.04177,121.58735,1
500111070,20231004,946,18,17,1,25.04177,121.58735,1
500111070,20231004,947,18,17,1,25.04177,121.58735,1
500111070,20231004,948,18,17,1,25.04177,121.58735,1
500111070,20231004,949,18,17,1,25.04177,121.58735,1
500111070,20231004,950,18,17,1,25.04177,121.58735,1
500111070,20231004,951,18,17,1,25.04177,121.58735,1
500111070,20231004,952,18,17,1,25.04177,121.58735,1
500111070,20231004,953,18,17,1,25.04177,121.58735,1
500111070,20231004,954,18,18,1,25.04177,121.58735,0
500111070,20231004,955,18,18,1,25.04177,121.58735,0
500111070,20231004,956,18,18,1,25.04177,121.58735,0
500111070,20231004,957,18,18,1,25.04177,121.58735,0
500111070,20231004,958,18,18,1,25.04177,121.58735,0
500111070,20231004,959,18,18,1,25.04177,121.58735,0
500111070,20231004,961,18,18,1,25.04177,121.58735,0
500111070,20231004,962,18,18,1,25.04177,121.58735,0
500111070,20231004,963,18,18,1,25.04177,121.58735,0
500111070,20231004,964,18,18,1,25.04177,121.58735,0
500111070,20231004,965,18,18,1,25.04177,121.58735,0
500111070,20231004,966,18,18,1,25.04177,121.58735,0
500111070,20231004,967,18,18,1,25.04177,121.58735,0
500111070,20231004,968,18,18,1,25.04177,121.58735,0
500111070,20231004,969,18,18,1,25.04177,121.58735,0
500111070,20231004,970,18,18,1,25.04177,121.58735,0
500111070,20231004,971,18,18,1,25.04177,121.58735,0
500111070,20231004,972,18,18,1,25.04177,121.58735,0
500111070,20231004,973,18,18,1,25.04177,121.58735,0
500111070,20231004,974,18,18,1,25.04177,121.58735,0
500111070,20231004,975,18,18,1,25.04177,121.58735,0
500111070,20231004,976,18,18,1,25.04177,121.58735,0
500111070,20231004,977,18,18,1,25.04177,121.58735,0
500111070,20231004,978,18,18,1,25.04177,121.58735,0
500111070,20231004,979,18,18,1,25.04177,121.58735,0
500111070,20231004,981,18,18,1,25.04177,121.58735,0
500111070,20231004,982,18,18,1,25.04177,121.58735,0
500111070,20231004,983,18,18,1,25.04177,121.58735,0
500111070,20231004,984,18,18,1,25.04177,121.58735,0
500111070,20231004,985,18,18,1,25.04177,121.58735,0
500111070,20231004,986,18,18,1,25.04177,121.58735,0
500111070,20231004,987,18,18,1,25.04177,121.58735,0
500111070,20231004,988,18,18,1,25.04177,121.58735,0
500111070,20231004,989,18,18,1,25.04177,121.58735,0
500111070,20231004,990,18,18,1,25.04177,121.58735,0
500111070,20231004,991,18,18,1,25.04177,121.58735,0
500111070,20231004,992,18,18,1,25.04177,121.58735,0
500111070,20231004,993,18,18,1,25.04177,121.58735,0
500111070,20231004,994,18,18,1,25.04177,121.58735,0
500111070,20231004,995,18,18,1,25.04177,121.58735,0
500111070,20231004,996,18,18,1,25.04177,121.58735,0
500111070,20231004,997,18,18,1,25.04177,121.58735,0
500111070,20231004,998,18,18,1,25.04177,121.58735,0
500111070,20231004,999,18,18,1,25.04177,121.58735,0
500111070,20231004,1000,18,17,1,25.04177,121.58735,1
500111070,20231004,1001,18,17,1,25.04177,121.58735,1
500111070,20231004,1002,18,17,1,25.04177,121.58735,1
500111070,20231004,1003,18,17,1,25.04177,121.58735,1
500111070,20231004,1004,18,17,1,25.04177,121.58735,1
500111070,20231004,1005,18,17,1,25.04177,121.58735,1
500111070,20231004,1006,18,17,1,25.04177,121.58735,1
500111070,20231004,1007,18,17,1,25.04177,121.58735,1
500111070,20231004,1008,18,17,1,25.04177,121.58735,1
500111070,20231004,1009,18,17,1,25.04177,121.58735,1
500111070,20231004,1010,18,17,1,25.04177,121.58735,1
500111070,20231004,1011,18,17,1,25.04177,121.58735,1
500111070,20231004,1012,18,17,1,25.04177,121.58735,1
500111070,20231004,1013,18,17,1,25.04177,121.58735,1
500111070,20231004,1014,18,17,1,25.04177,121.58735,1
500111070,20231004,1015,18,17,1,25.04177,121.58735,1
500111070,20231004,1016,18,17,1,25.04177,121.58735,1
500111070,20231004,1017,18,17,1,25.04177,121.58735,1
500111070,20231004,1018,18,17,1,25.04177,121.58735,1
500111070,20231004,1019,18,17,1,25.04177,121.58735,1
500111070,20231004,1021,18,17,1,25.04177,121.58735,1
500111070,20231004,1022,18,17,1,25.04177,121.58735,1
500111070,20231004,1023,18,17,1,25.04177,121.58735,1
500111070,20231004,1024,18,17,1,25.04177,121.58735,1
500111070,20231004,1025,18,17,1,25.04177,121.58735,1
500111070,20231004,1026,18,17,1,25.04177,121.58735,1
500111070,20231004,1027,18,17,1,25.04177,121.58735,1
500111070,20231004,1028,18,17,1,25.04177,121.58735,1
500111070,20231004,1029,18,17,1,25.04177,121.58735,1
500111070,20231004,1030,18,17,1,25.04177,121.58735,1
500111070,20231004,1031,18,17,1,25.04177,121.58735,1
500111070,20231004,1032,18,17,1,25.04177,121.58735,1
500111070,20231004,1033,18,17,1,25.04177,121.58735,1
500111070,20231004,1034,18,17,1,25.04177,121.58735,1
500111070,20231004,1035,18,17,1,25.04177,121.58735,1
500111070,20231004,1036,18,17,1,25.04177,121.58735,1
500111070,20231004,1037,18,17,1,25.04177,121.58735,1
500111070,20231004,1038,18,17,1,25.04177,121.58735,1
500111070,20231004,1039,18,17,1,25.04177,121.58735,1
500111070,20231004,1041,18,16,1,25.04177,121.58735,2
500111070,20231004,1042,18,16,1,25.04177,121.58735,2
500111070,20231004,1043,18,16,1,25.04177,121.58735,2
500111070,20231004,1044,18,16,1,25.04177,121.58735,2
500111070,20231004,1045,18,16,1,25.04177,121.58735,2
500111070,20231004,1046,18,16,1,25.04177,121.58735,2
500111070,20231004,1047,18,16,1,25.04177,121.58735,2
500111070,20231004,1048,18,16,1,25.04177,121.58735,2
500111070,20231004,1049,18,16,1,25.04177,121.58735,2
500111070,20231004,1051,18,16,1,25.04177,121.58735,2
500111070,20231004,1052,18,16,1,25.04177,121.58735,2
500111070,20231004,1053,18,16,1,25.04177,121.58735,2
500111070,20231004,1054,18,16,1,25.04177,121.58735,2
500111070,20231004,1055,18,16,1,25.04177,121.58735,2
500111070,20231004,1056,18,16,1,25.04177,121.58735,2
500111070,20231004,1057,18,16,1,25.04177,121.58735,2
500111070,20231004,1058,18,16,1,25.04177,121.58735,2
500111070,20231004,1059,18,16,1,25.04177,121.58735,2
500111070,20231004,1060,18,16,1,25.04177,121.58735,2
500111070,20231004,1061,18,16,1,25.04177,121.58735,2
500111070,20231004,1062,18,16,1,25.04177,121.58735,2
500111070,20231004,1063,18,16,1,25.04177,121.58735,2
500111070,20231004,1064,18,16,1,25.04177,121.58735,2
500111070,20231004,1065,18,15,1,25.04177,121.58735,3
500111070,20231004,1066,18,14,1,25.04177,121.58735,4
500111070,20231004,1067,18,14,1,25.04177,121.58735,4
500111070,20231004,1068,18,14,1,25.04177,121.58735,4
500111070,20231004,1069,18,14,1,25.04177,121.58735,4
500111070,20231004,1070,18,14,1,25.04177,121.58735,4
500111070,20231004,1071,18,14,1,25.04177,121.58735,4
500111070,20231004,1072,18,14,1,25.04177,121.58735,4
500111070,20231004,1073,18,14,1,25.04177,121.58735,4
500111070,20231004,1074,18,14,1,25.04177,121.58735,4
500111070,20231004,1075,18,14,1,25.04177,121.58735,4
500111070,20231004,1076,18,14,1,25.04177,121.58735,4
500111070,20231004,1077,18,14,1,25.04177,121.58735,4
500111070,20231004,1078,18,14,1,25.04177,121.58735,4
500111070,20231004,1079,18,14,1,25.04177,121.58735,4
500111070,20231004,1081,18,13,1,25.04177,121.58735,5
500111070,20231004,1082,18,13,1,25.04177,121.58735,5
500111070,20231004,1084,18,13,1,25.04177,121.58735,5
500111070,20231004,1085,18,13,1,25.04177,121.58735,5
500111070,20231004,1086,18,13,1,25.04177,121.58735,5
500111070,20231004,1087,18,13,1,25.04177,121.58735,5
500111070,20231004,1088,18,13,1,25.04177,121.58735,5
500111070,20231004,1089,18,13,1,25.04177,121.58735,5
500111070,20231004,1090,18,13,1,25.04177,121.58735,5
500111070,20231004,1091,18,13,1,25.04177,121.58735,5
500111070,20231004,1092,18,12,1,25.04177,121.58735,6
500111070,20231004,1093,18,12,1,25.04177,121.58735,6
500111070,20231004,1094,18,12,1,25.04177,121.58735,6
500111070,20231004,1095,18,11,1,25.04177,121.58735,7
500111070,20231004,1096,18,11,1,25.04177,121.58735,7
500111070,20231004,1097,18,11,1,25.04177,121.58735,7
500111070,20231004,1098,18,11,1,25.04177,121.58735,7
500111070,20231004,1099,18,11,1,25.04177,121.58735,7
500111070,20231004,1101,18,10,1,25.04177,121.58735,8
500111070,20231004,1102,18,9,1,25.04177,121.58735,9
500111070,20231004,1103,18,9,1,25.04177,121.58735,9
500111070,20231004,1104,18,9,1,25.04177,121.58735,9
500111070,20231004,1105,18,9,1,25.04177,121.58735,9
500111070,20231004,1106,18,9,1,25.04177,121.58735,9
500111070,20231004,1107,18,9,1,25.04177,121.58735,9
500111070,20231004,1108,18,7,1,25.04177,121.58735,11
500111070,20231004,1109,18,8,1,25.04177,121.58735,10
500111070,20231004,1111,18,8,1,25.04177,121.58735,10
500111070,20231004,1112,18,8,1,25.04177,121.58735,10
500111070,20231004,1113,18,8,1,25.04177,121.58735,10
500111070,20231004,1114,18,8,1,25.04177,121.58735,10
500111070,20231004,1115,18,8,1,25.04177,121.58735,10
500111070,20231004,1116,18,8,1,25.04177,121.58735,10
500111070,20231004,1117,18,8,1,25.04177,121.58735,10
500111070,20231004,1118,18,8,1,25.04177,121.58735,10
500111070,20231004,1119,18,8,1,25.04177,121.58735,10
500111070,20231004,1120,18,8,1,25.04177,121.58735,10
500111070,20231004,1121,18,8,1,25.04177,121.58735,10
500111070,20231004,1122,18,8,1,25.04177,121.58735,10
500111070,20231004,1123,18,8,1,25.04177,121.58735,10
500111070,20231004,1124,18,8,1,25.04177,121.58735,10
500111070,20231004,1125,18,8,1,25.04177,121.58735,10
500111070,20231004,1126,18,8,1,25.04177,121.58735,10
500111070,20231004,1127,18,8,1,25.04177,121.58735,10
500111070,20231004,1128,18,8,1,25.04177,121.58735,10
500111070,20231004,1129,18,8,1,25.04177,121.58735,10
500111070,20231004,1130,18,8,1,25.04177,121.58735,10
500111070,20231004,1131,18,8,1,25.04177,121.58735,10
500111070,20231004,1132,18,8,1,25.04177,121.58735,10
500111070,20231004,1133,18,8,1,25.04177,121.58735,10
500111070,20231004,1134,18,8,1,25.04177,121.58735,10
500111070,20231004,1135,18,8,1,25.04177,121.58735,10
500111070,20231004,1136,18,8,1,25.04177,121.58735,10
500111070,20231004,1137,18,8,1,25.04177,121.58735,10
500111070,20231004,1138,18,8,1,25.04177,121.58735,10
500111070,20231004,1139,18,8,1,25.04177,121.58735,10
500111070,20231004,1141,18,8,1,25.04177,121.58735,10
500111070,20231004,1142,18,7,1,25.04177,121.58735,11
500111070,20231004,1143,18,7,1,25.04177,121.58735,11
500111070,20231004,1144,18,7,1,25.04177,121.58735,11
500111070,20231004,1145,18,7,1,25.04177,121.58735,11
500111070,20231004,1146,18,7,1,25.04177,121.58735,11
500111070,20231004,1147,18,7,1,25.04177,121.58735,11
500111070,20231004,1148,18,7,1,25.04177,121.58735,11
500111070,20231004,1149,18,7,1,25.04177,121.58735,11
500111070,20231004,1150,18,7,1,25.04177,121.58735,11
500111070,20231004,1151,18,7,1,25.04177,121.58735,11
500111070,20231004,1152,18,7,1,25.04177,121.58735,11
500111070,20231004,1153,18,7,1,25.04177,121.58735,11
500111070,20231004,1154,18,7,1,25.04177,121.58735,11
500111070,20231004,1155,18,7,1,25.04177,121.58735,11
500111070,20231004,1156,18,7,1,25.04177,121.58735,11
500111070,20231004,1157,18,7,1,25.04177,121.58735,11
500111070,20231004,1158,18,7,1,25.04177,121.58735,11
500111070,20231004,1159,18,7,1,25.04177,121.58735,11
500111070,20231004,1161,18,7,1,25.04177,121.58735,11
500111070,20231004,1162,18,6,1,25.04177,121.58735,12
500111070,20231004,1163,18,6,1,25.04177,121.58735,12
500111070,20231004,1164,18,6,1,25.04177,121.58735,12
500111070,20231004,1165,18,6,1,25.04177,121.58735,12
500111070,20231004,1166,18,6,1,25.04177,121.58735,12
500111070,20231004,1167,18,6,1,25.04177,121.58735,12
500111070,20231004,1168,18,6,1,25.04177,121.58735,12
500111070,20231004,1169,18,6,1,25.04177,121.58735,12
500111070,20231004,1170,18,6,1,25.04177,121.58735,12
500111070,20231004,1171,18,6,1,25.04177,121.58735,12
500111070,20231004,1172,18,6,1,25.04177,121.58735,12
500111070,20231004,1173,18,6,1,25.04177,121.58735,12
500111070,20231004,1174,18,6,1,25.04177,121.58735,12
500111070,20231004,1175,18,6,1,25.04177,121.58735,12
500111070,20231004,1176,18,6,1,25.04177,121.58735,12
500111070,20231004,1177,18,6,1,25.04177,121.58735,12
500111070,20231004,1178,18,6,1,25.04177,121.58735,12
500111070,20231004,1179,18,8,1,25.04177,121.58735,10
500111070,20231004,1180,18,12,1,25.04177,121.58735,6
500111070,20231004,1181,18,12,1,25.04177,121.58735,6
500111070,20231004,1182,18,12,1,25.04177,121.58735,6
500111070,20231004,1183,18,12,1,25.04177,121.58735,6
500111070,20231004,1184,18,12,1,25.04177,121.58735,6
500111070,20231004,1185,18,12,1,25.04177,121.58735,6
500111070,20231004,1186,18,12,1,25.04177,121.58735,6
500111070,20231004,1187,18,12,1,25.04177,121.58735,6
500111070,20231004,1188,18,12,1,25.04177,121.58735,6
500111070,20231004,1189,18,12,1,25.04177,121.58735,6
500111070,20231004,1190,18,12,1,25.04177,121.58735,6
500111070,20231004,1191,18,12,1,25.04177,121.58735,6
500111070,20231004,1192,18,12,1,25.04177,121.58735,6
500111070,20231004,1193,18,12,1,25.04177,121.58735,6
500111070,20231004,1194,18,12,1,25.04177,121.58735,6
500111070,20231004,1195,18,12,1,25.04177,121.58735,6
500111070,20231004,1196,18,12,1,25.04177,121.58735,6
500111070,20231004,1197,18,12,1,25.04177,121.58735,6
500111070,20231004,1198,18,12,1,25.04177,121.58735,6
500111070,20231004,1199,18,12,1,25.04177,121.58735,6
500111070,20231004,1201,18,12,1,25.04177,121.58735,6
500111070,20231004,1202,18,11,1,25.04177,121.58735,7
500111070,20231004,1203,18,11,1,25.04177,121.58735,7
500111070,20231004,1204,18,11,1,25.04177,121.58735,7
500111070,20231004,1205,18,11,1,25.04177,121.58735,7
500111070,20231004,1206,18,11,1,25.04177,121.58735,7
500111070,20231004,1207,18,11,1,25.04177,121.58735,7
500111070,20231004,1208,18,11,1,25.04177,121.58735,7
500111070,20231004,1209,18,11,1,25.04177,121.58735,7
500111070,20231004,1210,18,11,1,25.04177,121.58735,7
500111070,20231004,1211,18,11,1,25.04177,121.58735,7
500111070,20231004,1212,18,11,1,25.04177,121.58735,7
500111070,20231004,1213,18,11,1,25.04177,121.58735,7
500111070,20231004,1214,18,11,1,25.04177,121.58735,7
500111070,20231004,1215,18,11,1,25.04177,121.58735,7
500111070,20231004,1216,18,11,1,25.04177,121.58735,7
500111070,20231004,1217,18,11,1,25.04177,121.58735,7
500111070,20231004,1218,18,11,1,25.04177,121.58735,7
500111070,20231004,1219,18,11,1,25.04177,121.58735,7
500111070,20231004,1221,18,11,1,25.04177,121.58735,7
500111070,20231004,1222,18,11,1,25.04177,121.58735,7
500111070,20231004,1223,18,11,1,25.04177,121.58735,7
500111070,20231004,1224,18,11,1,25.04177,121.58735,7
500111070,20231004,1225,18,11,1,25.04177,121.58735,7
500111070,20231004,1226,18,11,1,25.04177,121.58735,7
500111070,20231004,1227,18,11,1,25.04177,121.58735,7
500111070,20231004,1228,18,11,1,25.04177,121.58735,7
500111070,20231004,1229,18,11,1,25.04177,121.58735,7
500111070,20231004,1230,18,11,1,25.04177,121.58735,7
500111070,20231004,1231,18,11,1,25.04177,121.58735,7
500111070,20231004,1232,18,11,1,25.04177,121.58735,7
500111070,20231004,1233,18,11,1,25.04177,121.58735,7
500111070,20231004,1234,18,11,1,25.04177,121.58735,7
500111070,20231004,1235,18,11,1,25.04177,121.58735,7
500111070,20231004,1236,18,11,1,25.04177,121.58735,7
500111070,20231004,1237,18,11,1,25.04177,121.58735,7
500111070,20231004,1238,18,11,1,25.04177,121.58735,7
500111070,20231004,1239,18,11,1,25.04177,121.58735,7
500111070,20231004,1240,18,11,1,25.04177,121.58735,7
500111070,20231004,1241,18,11,1,25.04177,121.58735,7
500111070,20231004,1242,18,11,1,25.04177,121.58735,7
500111070,20231004,1243,18,11,1,25.04177,121.58735,7
500111070,20231004,1244,18,11,1,25.04177,121.58735,7
500111070,20231004,1245,18,11,1,25.04177,121.58735,7
500111070,20231004,1246,18,11,1,25.04177,121.58735,7
500111070,20231004,1247,18,11,1,25.04177,121.58735,7
500111070,20231004,1248,18,11,1,25.04177,121.58735,7
500111070,20231004,1249,18,12,1,25.04177,121.58735,6
500111070,20231004,1250,18,12,1,25.04177,121.58735,6
500111070,20231004,1251,18,12,1,25.04177,121.58735,6
500111070,20231004,1252,18,12,1,25.04177,121.58735,6
500111070,20231004,1253,18,12,1,25.04177,121.58735,6
500111070,20231004,1254,18,12,1,25.04177,121.58735,6
500111070,20231004,1255,18,12,1,25.04177,121.58735,6
500111070,20231004,1256,18,12,1,25.04177,121.58735,6
500111070,20231004,1257,18,12,1,25.04177,121.58735,6
500111070,20231004,1258,18,12,1,25.04177,121.58735,6
500111070,20231004,1259,18,12,1,25.04177,121.58735,6
500111070,20231004,1261,18,12,1,25.04177,121.58735,6
500111070,20231004,1262,18,12,1,25.04177,121.58735,6
500111070,20231004,1263,18,12,1,25.04177,121.58735,6
500111070,20231004,1264,18,12,1,25.04177,121.58735,6
500111070,20231004,1265,18,12,1,25.04177,121.58735,6
500111070,20231004,1266,18,12,1,25.04177,121.58735,6
500111070,20231004,1267,18,12,1,25.04177,121.58735,6
500111070,20231004,1268,18,12,1,25.04177,121.58735,6
500111070,20231004,1269,18,12,1,25.04177,121.58735,6
500111070,20231004,1270,18,12,1,25.04177,121.58735,6
500111070,20231004,1271,18,12,1,25.04177,121.58735,6
500111070,20231004,1272,18,12,1,25.04177,121.58735,6
500111070,20231004,1273,18,12,1,25.04177,121.58735,6
500111070,20231004,1274,18,12,1,25.04177,121.58735,6
500111070,20231004,1275,18,12,1,25.04177,121.58735,6
500111070,20231004,1276,18,12,1,25.04177,121.58735,6
500111070,20231004,1277,18,12,1,25.04177,121.58735,6
500111070,20231004,1278,18,12,1,25.04177,121.58735,6
500111070,20231004,1279,18,12,1,25.04177,121.58735,6
500111070,20231004,1281,18,12,1,25.04177,121.58735,6
500111070,20231004,1282,18,12,1,25.04177,121.58735,6
500111070,20231004,1283,18,12,1,25.04177,121.58735,6
500111070,20231004,1284,18,12,1,25.04177,121.58735,6
500111070,20231004,1285,18,11,1,25.04177,121.58735,7
500111070,20231004,1286,18,11,1,25.04177,121.58735,7
500111070,20231004,1287,18,11,1,25.04177,121.58735,7
500111070,20231004,1288,18,11,1,25.04177,121.58735,7
500111070,20231004,1289,18,11,1,25.04177,121.58735,7
500111070,20231004,1290,18,11,1,25.04177,121.58735,7
500111070,20231004,1291,18,11,1,25.04177,121.58735,7
500111070,20231004,1292,18,11,1,25.04177,121.58735,7
500111070,20231004,1293,18,11,1,25.04177,121.58735,7
500111070,20231004,1294,18,11,1,25.04177,121.58735,7
500111070,20231004,1295,18,11,1,25.04177,121.58735,7
500111070,20231004,1296,18,11,1,25.04177,121.58735,7
500111070,20231004,1297,18,11,1,25.04177,121.58735,7
500111070,20231004,1298,18,11,1,25.04177,121.58735,7
500111070,20231004,1299,18,11,1,25.04177,121.58735,7
500111070,20231004,1300,18,11,1,25.04177,121.58735,7
500111070,20231004,1301,18,11,1,25.04177,121.58735,7
500111070,20231004,1302,18,11,1,25.04177,121.58735,7
500111070,20231004,1303,18,11,1,25.04177,121.58735,7
500111070,20231004,1304,18,11,1,25.04177,121.58735,7
500111070,20231004,1305,18,11,1,25.04177,121.58735,7
500111070,20231004,1306,18,11,1,25.04177,121.58735,7
500111070,20231004,1307,18,11,1,25.04177,121.58735,7
500111070,20231004,1308,18,11,1,25.04177,121.58735,7
500111070,20231004,1309,18,11,1,25.04177,121.58735,7
500111070,20231004,1310,18,11,1,25.04177,121.58735,7
500111070,20231004,1311,18,11,1,25.04177,121.58735,7
500111070,20231004,1312,18,11,1,25.04177,121.58735,7
500111070,20231004,1313,18,11,1,25.04177,121.58735,7
500111070,20231004,1314,18,11,1,25.04177,121.58735,7
500111070,20231004,1315,18,11,1,25.04177,121.58735,7
500111070,20231004,1316,18,11,1,25.04177,121.58735,7
500111070,20231004,1317,18,11,1,25.04177,121.58735,7
500111070,20231004,1318,18,11,1,25.04177,121.58735,7
500111070,20231004,1319,18,11,1,25.04177,121.58735,7
500111070,20231004,1321,18,11,1,25.04177,121.58735,7
500111070,20231004,1322,18,11,1,25.04177,121.58735,7
500111070,20231004,1323,18,11,1,25.04177,121.58735,7
500111070,20231004,1324,18,11,1,25.04177,121.58735,7
500111070,20231004,1325,18,11,1,25.04177,121.58735,7
500111070,20231004,1326,18,10,1,25.04177,121.58735,8
500111070,20231004,1327,18,10,1,25.04177,121.58735,8
500111070,20231004,1328,18,9,1,25.04177,121.58735,9
500111070,20231004,1329,18,9,1,25.04177,121.58735,9
500111070,20231004,1330,18,9,1,25.04177,121.58735,9
500111070,20231004,1331,18,9,1,25.04177,121.58735,9
500111070,20231004,1332,18,9,1,25.04177,121.58735,9
500111070,20231004,1333,18,9,1,25.04177,121.58735,9
500111070,20231004,1334,18,9,1,25.04177,121.58735,9
500111070,20231004,1335,18,9,1,25.04177,121.58735,9
500111070,20231004,1336,18,9,1,25.04177,121.58735,9
500111070,20231004,1337,18,9,1,25.04177,121.58735,9
500111070,20231004,1338,18,9,1,25.04177,121.58735,9
500111070,20231004,1339,18,9,1,25.04177,121.58735,9
500111070,20231004,1341,18,9,1,25.04177,121.58735,9
500111070,20231004,1342,18,9,1,25.04177,121.58735,9
500111070,20231004,1343,18,9,1,25.04177,121.58735,9
500111070,20231004,1344,18,9,1,25.04177,121.58735,9
500111070,20231004,1345,18,9,1,25.04177,121.58735,9
500111070,20231004,1346,18,9,1,25.04177,121.58735,9
500111070,20231004,1347,18,9,1,25.04177,121.58735,9
500111070,20231004,1348,18,9,1,25.04177,121.58735,9
500111070,20231004,1349,18,9,1,25.04177,121.58735,9
500111070,20231004,1350,18,9,1,25.04177,121.58735,9
500111070,20231004,1351,18,9,1,25.04177,121.58735,9
500111070,20231004,1352,18,9,1,25.04177,121.58735,9
500111070,20231004,1353,18,9,1,25.04177,121.58735,9
500111070,20231004,1354,18,9,1,25.04177,121.58735,9
500111070,20231004,1355,18,9,1,25.04177,121.58735,9
500111070,20231004,1356,18,8,1,25.04177,121.58735,10
500111070,20231004,1357,18,8,1,25.04177,121.58735,10
500111070,20231004,1358,18,8,1,25.04177,121.58735,10
500111070,20231004,1359,18,8,1,25.04177,121.58735,10
500111070,20231004,1360,18,8,1,25.04177,121.58735,10
500111070,20231004,1361,18,8,1,25.04177,121.58735,10
500111070,20231004,1362,18,8,1,25.04177,121.58735,10
500111070,20231004,1363,18,8,1,25.04177,121.58735,10
500111070,20231004,1364,18,8,1,25.04177,121.58735,10
500111070,20231004,1365,18,8,1,25.04177,121.58735,10
500111070,20231004,1366,18,8,1,25.04177,121.58735,10
500111070,20231004,1367,18,8,1,25.04177,121.58735,10
500111070,20231004,1368,18,8,1,25.04177,121.58735,10
500111070,20231004,1369,18,7,1,25.04177,121.58735,11
500111070,20231004,1371,18,7,1,25.04177,121.58735,11
500111070,20231004,1372,18,7,1,25.04177,121.58735,11
500111070,20231004,1373,18,7,1,25.04177,121.58735,11
500111070,20231004,1374,18,7,1,25.04177,121.58735,11
500111070,20231004,1375,18,7,1,25.04177,121.58735,11
500111070,20231004,1376,18,7,1,25.04177,121.58735,11
500111070,20231004,1377,18,7,1,25.04177,121.58735,11
500111070,20231004,1378,18,7,1,25.04177,121.58735,11
500111070,20231004,1379,18,7,1,25.04177,121.58735,11
500111070,20231004,1381,18,7,1,25.04177,121.58735,11
500111070,20231004,1382,18,7,1,25.04177,121.58735,11
500111070,20231004,1383,18,7,1,25.04177,121.58735,11
500111070,20231004,1384,18,7,1,25.04177,121.58735,11
500111070,20231004,1385,18,7,1,25.04177,121.58735,11
500111070,20231004,1386,18,7,1,25.04177,121.58735,11
500111070,20231004,1387,18,6,1,25.04177,121.58735,12
500111070,20231004,1388,18,6,1,25.04177,121.58735,12
500111070,20231004,1389,18,6,1,25.04177,121.58735,12
500111070,20231004,1390,18,6,1,25.04177,121.58735,12
500111070,20231004,1391,18,6,1,25.04177,121.58735,12
500111070,20231004,1392,18,6,1,25.04177,121.58735,12
500111070,20231004,1393,18,6,1,25.04177,121.58735,12
500111070,20231004,1394,18,6,1,25.04177,121.58735,12
500111070,20231004,1395,18,6,1,25.04177,121.58735,12
500111070,20231004,1396,18,6,1,25.04177,121.58735,12
500111070,20231004,1397,18,6,1,25.04177,121.58735,12
500111070,20231004,1398,18,6,1,25.04177,121.58735,12
500111070,20231004,1399,18,6,1,25.04177,121.58735,12
500111070,20231004,1401,18,6,1,25.04177,121.58735,12
500111070,20231004,1402,18,6,1,25.04177,121.58735,12
500111070,20231004,1403,18,6,1,25.04177,121.58735,12
500111070,20231004,1404,18,6,1,25.04177,121.58735,12
500111070,20231004,1405,18,6,1,25.04177,121.58735,12
500111070,20231004,1406,18,6,1,25.04177,121.58735,12
500111070,20231004,1407,18,6,1,25.04177,121.58735,12
500111070,20231004,1408,18,6,1,25.04177,121.58735,12
500111070,20231004,1409,18,6,1,25.04177,121.58735,12
500111070,20231004,1410,18,6,1,25.04177,121.58735,12
500111070,20231004,1411,18,6,1,25.04177,121.58735,12
500111070,20231004,1412,18,6,1,25.04177,121.58735,12
500111070,20231004,1413,18,6,1,25.04177,121.58735,12
500111070,20231004,1414,18,6,1,25.04177,121.58735,12
500111070,20231004,1415,18,6,1,25.04177,121.58735,12
500111070,20231004,1416,18,6,1,25.04177,121.58735,12
500111070,20231004,1417,18,6,1,25.04177,121.58735,12
500111070,20231004,1418,18,6,1,25.04177,121.58735,12
500111070,20231004,1419,18,6,1,25.04177,121.58735,12
500111070,20231004,1420,18,6,1,25.04177,121.58735,12
500111070,20231004,1421,18,6,1,25.04177,121.58735,12
500111070,20231004,1422,18,6,1,25.04177,121.58735,12
500111070,20231004,1423,18,6,1,25.04177,121.58735,12
500111070,20231004,1424,18,6,1,25.04177,121.58735,12
500111070,20231004,1425,18,6,1,25.04177,121.58735,12
500111070,20231004,1426,18,6,1,25.04177,121.58735,12
500111070,20231004,1427,18,6,1,25.04177,121.58735,12
500111070,20231004,1428,18,6,1,25.04177,121.58735,12
500111070,20231004,1429,18,6,1,25.04177,121.58735,12
500111070,20231004,1430,18,6,1,25.04177,121.58735,12
500111070,20231004,1431,18,6,1,25.04177,121.58735,12
500111070,20231004,1432,18,6,1,25.04177,121.58735,12
500111070,20231004,1433,18,6,1,25.04177,121.58735,12
500111070,20231004,1434,18,6,1,25.04177,121.58735,12
500111070,20231004,1435,18,6,1,25.04177,121.58735,12
500111070,20231004,1436,18,6,1,25.04177,121.58735,12
500111070,20231004,1437,18,6,1,25.04177,121.58735,12
500111070,20231004,1438,18,6,1,25.04177,121.58735,12
500111070,20231004,1439,18,6,1,25.04177,121.58735,12
500111070,20231005,1,18,7,1,25.04177,121.58735,11
500111070,20231005,2,18,7,1,25.04177,121.58735,11
500111070,20231005,3,18,7,1,25.04177,121.58735,11
500111070,20231005,4,18,7,1,25.04177,121.58735,11
500111070,20231005,5,18,7,1,25.04177,121.58735,11
500111070,20231005,6,18,7,1,25.04177,121.58735,11
500111070,20231005,7,18,7,1,25.04177,121.58735,11
500111070,20231005,8,18,7,1,25.04177,121.58735,11
500111070,20231005,9,18,7,1,25.04177,121.58735,11
500111070,20231005,10,18,7,1,25.04177,121.58735,11
500111070,20231005,11,18,7,1,25.04177,121.58735,11
500111070,20231005,12,18,7,1,25.04177,121.58735,11
500111070,20231005,13,18,7,1,25.04177,121.58735,11
500111070,20231005,14,18,7,1,25.04177,121.58735,11
500111070,20231005,15,18,7,1,25.04177,121.58735,11
500111070,20231005,16,18,7,1,25.04177,121.58735,11
500111070,20231005,17,18,7,1,25.04177,121.58735,11
500111070,20231005,18,18,7,1,25.04177,121.58735,11
500111070,20231005,19,18,7,1,25.04177,121.58735,11
500111070,20231005,21,18,7,1,25.04177,121.58735,11
500111070,20231005,22,18,7,1,25.04177,121.58735,11
500111070,20231005,23,18,7,1,25.04177,121.58735,11
500111070,20231005,24,18,7,1,25.04177,121.58735,11
500111070,20231005,25,18,7,1,25.04177,121.58735,11
500111070,20231005,26,18,7,1,25.04177,121.58735,11
500111070,20231005,27,18,7,1,25.04177,121.58735,11
500111070,20231005,28,18,7,1,25.04177,121.58735,11
500111070,20231005,29,18,7,1,25.04177,121.58735,11
500111070,20231005,30,18,7,1,25.04177,121.58735,11
500111070,20231005,31,18,7,1,25.04177,121.58735,11
500111070,20231005,32,18,7,1,25.04177,121.58735,11
500111070,20231005,33,18,7,1,25.04177,121.58735,11
500111070,20231005,34,18,7,1,25.04177,121.58735,11
500111070,20231005,35,18,7,1,25.04177,121.58735,11
500111070,20231005,36,18,7,1,25.04177,121.58735,11
500111070,20231005,37,18,7,1,25.04177,121.58735,11
500111070,20231005,38,18,7,1,25.04177,121.58735,11
500111070,20231005,39,18,7,1,25.04177,121.58735,11
500111070,20231005,40,18,7,1,25.04177,121.58735,11
500111070,20231005,41,18,7,1,25.04177,121.58735,11
500111070,20231005,42,18,7,1,25.04177,121.58735,11
500111070,20231005,43,18,7,1,25.04177,121.58735,11
500111070,20231005,44,18,7,1,25.04177,121.58735,11
500111070,20231005,45,18,7,1,25.04177,121.58735,11
500111070,20231005,46,18,7,1,25.04177,121.58735,11
500111070,20231005,47,18,7,1,25.04177,121.58735,11
500111070,20231005,48,18,7,1,25.04177,121.58735,11
500111070,20231005,49,18,7,1,25.04177,121.58735,11
500111070,20231005,50,18,7,1,25.04177,121.58735,11
500111070,20231005,51,18,7,1,25.04177,121.58735,11
500111070,20231005,52,18,7,1,25.04177,121.58735,11
500111070,20231005,53,18,7,1,25.04177,121.58735,11
500111070,20231005,54,18,7,1,25.04177,121.58735,11
500111070,20231005,55,18,7,1,25.04177,121.58735,11
500111070,20231005,56,18,7,1,25.04177,121.58735,11
500111070,20231005,57,18,6,1,25.04177,121.58735,12
500111070,20231005,58,18,6,1,25.04177,121.58735,12
500111070,20231005,59,18,6,1,25.04177,121.58735,12
500111070,20231005,61,18,6,1,25.04177,121.58735,12
500111070,20231005,62,18,6,1,25.04177,121.58735,12
500111070,20231005,63,18,6,1,25.04177,121.58735,12
500111070,20231005,64,18,6,1,25.04177,121.58735,12
500111070,20231005,65,18,6,1,25.04177,121.58735,12
500111070,20231005,66,18,6,1,25.04177,121.58735,12
500111070,20231005,67,18,6,1,25.04177,121.58735,12
500111070,20231005,68,18,6,1,25.04177,121.58735,12
500111070,20231005,69,18,6,1,25.04177,121.58735,12
500111070,20231005,70,18,6,1,25.04177,121.58735,12
500111070,20231005,71,18,6,1,25.04177,121.58735,12
500111070,20231005,72,18,6,1,25.04177,121.58735,12
500111070,20231005,73,18,6,1,25.04177,121.58735,12
500111070,20231005,74,18,6,1,25.04177,121.58735,12
500111070,20231005,75,18,6,1,25.04177,121.58735,12
500111070,20231005,76,18,6,1,25.04177,121.58735,12
500111070,20231005,77,18,6,1,25.04177,121.58735,12
500111070,20231005,78,18,6,1,25.04177,121.58735,12
500111070,20231005,79,18,6,1,25.04177,121.58735,12
500111070,20231005,81,18,6,1,25.04177,121.58735,12
500111070,20231005,82,18,6,1,25.04177,121.58735,12
500111070,20231005,83,18,6,1,25.04177,121.58735,12
500111070,20231005,84,18,6,1,25.04177,121.58735,12
500111070,20231005,85,18,6,1,25.04177,121.58735,12
500111070,20231005,86,18,6,1,25.04177,121.58735,12
500111070,20231005,87,18,6,1,25.04177,121.58735,12
500111070,20231005,88,18,6,1,25.04177,121.58735,12
500111070,20231005,89,18,6,1,25.04177,121.58735,12
500111070,20231005,90,18,6,1,25.04177,121.58735,12
500111070,20231005,91,18,6,1,25.04177,121.58735,12
500111070,20231005,92,18,6,1,25.04177,121.58735,12
500111070,20231005,93,18,6,1,25.04177,121.58735,12
500111070,20231005,94,18,6,1,25.04177,121.58735,12
500111070,20231005,95,18,6,1,25.04177,121.58735,12
500111070,20231005,96,18,6,1,25.04177,121.58735,12
500111070,20231005,97,18,6,1,25.04177,121.58735,12
500111070,20231005,98,18,6,1,25.04177,121.58735,12
500111070,20231005,99,18,6,1,25.04177,121.58735,12
500111070,20231005,100,18,6,1,25.04177,121.58735,12
500111070,20231005,101,18,6,1,25.04177,121.58735,12
500111070,20231005,102,18,6,1,25.04177,121.58735,12
500111070,20231005,103,18,6,1,25.04177,121.58735,12
500111070,20231005,104,18,6,1,25.04177,121.58735,12
500111070,20231005,105,18,6,1,25.04177,121.58735,12
500111070,20231005,106,18,6,1,25.04177,121.58735,12
500111070,20231005,107,18,6,1,25.04177,121.58735,12
500111070,20231005,108,18,6,1,25.04177,121.58735,12
500111070,20231005,109,18,6,1,25.04177,121.58735,12
500111070,20231005,110,18,6,1,25.04177,121.58735,12
500111070,20231005,111,18,6,1,25.04177,121.58735,12
500111070,20231005,112,18,6,1,25.04177,121.58735,12
500111070,20231005,113,18,6,1,25.04177,121.58735,12
500111070,20231005,114,18,6,1,25.04177,121.58735,12
500111070,20231005,115,18,6,1,25.04177,121.58735,12
500111070,20231005,116,18,6,1,25.04177,121.58735,12
500111070,20231005,117,18,6,1,25.04177,121.58735,12
500111070,20231005,118,18,6,1,25.04177,121.58735,12
500111070,20231005,119,18,6,1,25.04177,121.58735,12
500111070,20231005,121,18,6,1,25.04177,121.58735,12
500111070,20231005,122,18,6,1,25.04177,121.58735,12
500111070,20231005,123,18,6,1,25.04177,121.58735,12
500111070,20231005,124,18,6,1,25.04177,121.58735,12
500111070,20231005,125,18,6,1,25.04177,121.58735,12
500111070,20231005,126,18,6,1,25.04177,121.58735,12
500111070,20231005,127,18,6,1,25.04177,121.58735,12
500111070,20231005,128,18,6,1,25.04177,121.58735,12
500111070,20231005,129,18,6,1,25.04177,121.58735,12
500111070,20231005,130,18,6,1,25.04177,121.58735,12
500111070,20231005,131,18,6,1,25.04177,121.58735,12
500111070,20231005,132,18,6,1,25.04177,121.58735,12
500111070,20231005,133,18,6,1,25.04177,121.58735,12
500111070,20231005,134,18,6,1,25.04177,121.58735,12
500111070,20231005,135,18,6,1,25.04177,121.58735,12
500111070,20231005,136,18,6,1,25.04177,121.58735,12
500111070,20231005,137,18,6,1,25.04177,121.58735,12
500111070,20231005,138,18,6,1,25.04177,121.58735,12
500111070,20231005,139,18,6,1,25.04177,121.58735,12
500111070,20231005,141,18,6,1,25.04177,121.58735,12
500111070,20231005,142,18,6,1,25.04177,121.58735,12
500111070,20231005,143,18,6,1,25.04177,121.58735,12
500111070,20231005,144,18,6,1,25.04177,121.58735,12
500111070,20231005,145,18,6,1,25.04177,121.58735,12
500111070,20231005,146,18,6,1,25.04177,121.58735,12
500111070,20231005,147,18,6,1,25.04177,121.58735,12
500111070,20231005,148,18,6,1,25.04177,121.58735,12
500111070,20231005,149,18,6,1,25.04177,121.58735,12
500111070,20231005,150,18,6,1,25.04177,121.58735,12
500111070,20231005,151,18,6,1,25.04177,121.58735,12
500111070,20231005,152,18,6,1,25.04177,121.58735,12
500111070,20231005,153,18,6,1,25.04177,121.58735,12
500111070,20231005,154,18,6,1,25.04177,121.58735,12
500111070,20231005,155,18,6,1,25.04177,121.58735,12
500111070,20231005,156,18,6,1,25.04177,121.58735,12
500111070,20231005,157,18,6,1,25.04177,121.58735,12
500111070,20231005,158,18,6,1,25.04177,121.58735,12
500111070,20231005,159,18,6,1,25.04177,121.58735,12
500111070,20231005,160,18,6,1,25.04177,121.58735,12
500111070,20231005,161,18,6,1,25.04177,121.58735,12
500111070,20231005,162,18,6,1,25.04177,121.58735,12
500111070,20231005,163,18,6,1,25.04177,121.58735,12
500111070,20231005,164,18,6,1,25.04177,121.58735,12
500111070,20231005,165,18,5,1,25.04177,121.58735,13
500111070,20231005,166,18,4,1,25.04177,121.58735,14
500111070,20231005,167,18,4,1,25.04177,121.58735,14
500111070,20231005,168,18,4,1,25.04177,121.58735,14
500111070,20231005,169,18,4,1,25.04177,121.58735,14
500111070,20231005,170,18,4,1,25.04177,121.58735,14
500111070,20231005,171,18,3,1,25.04177,121.58735,15
500111070,20231005,172,18,3,1,25.04177,121.58735,15
500111070,20231005,173,18,3,1,25.04177,121.58735,15
500111070,20231005,174,18,3,1,25.04177,121.58735,15
500111070,20231005,175,18,3,1,25.04177,121.58735,15
500111070,20231005,176,18,3,1,25.04177,121.58735,15
500111070,20231005,177,18,3,1,25.04177,121.58735,15
500111070,20231005,178,18,3,1,25.04177,121.58735,15
500111070,20231005,179,18,3,1,25.04177,121.58735,15
500111070,20231005,180,18,3,1,25.04177,121.58735,15
500111070,20231005,181,18,3,1,25.04177,121.58735,15
500111070,20231005,182,18,3,1,25.04177,121.58735,15
500111070,20231005,183,18,3,1,25.04177,121.58735,15
500111070,20231005,184,18,3,1,25.04177,121.58735,15
500111070,20231005,185,18,3,1,25.04177,121.58735,15
500111070,20231005,186,18,3,1,25.04177,121.58735,15
500111070,20231005,187,18,3,1,25.04177,121.58735,15
500111070,20231005,188,18,3,1,25.04177,121.58735,15
500111070,20231005,189,18,3,1,25.04177,121.58735,15
500111070,20231005,190,18,3,1,25.04177,121.58735,15
500111070,20231005,191,18,3,1,25.04177,121.58735,15
500111070,20231005,192,18,3,1,25.04177,121.58735,15
500111070,20231005,193,18,3,1,25.04177,121.58735,15
500111070,20231005,194,18,3,1,25.04177,121.58735,15
500111070,20231005,195,18,3,1,25.04177,121.58735,15
500111070,20231005,196,18,3,1,25.04177,121.58735,15
500111070,20231005,197,18,3,1,25.04177,121.58735,15
500111070,20231005,198,18,3,1,25.04177,121.58735,15
500111070,20231005,199,18,3,1,25.04177,121.58735,15
500111070,20231005,201,18,3,1,25.04177,121.58735,15
500111070,20231005,202,18,3,1,25.04177,121.58735,15
500111070,20231005,203,18,3,1,25.04177,121.58735,15
500111070,20231005,204,18,3,1,25.04177,121.58735,15
500111070,20231005,205,18,3,1,25.04177,121.58735,15
500111070,20231005,206,18,3,1,25.04177,121.58735,15
500111070,20231005,207,18,3,1,25.04177,121.58735,15
500111070,20231005,208,18,3,1,25.04177,121.58735,15
500111070,20231005,209,18,3,1,25.04177,121.58735,15
500111070,20231005,210,18,3,1,25.04177,121.58735,15
500111070,20231005,211,18,3,1,25.04177,121.58735,15
500111070,20231005,212,18,3,1,25.04177,121.58735,15
500111070,20231005,213,18,3,1,25.04177,121.58735,15
500111070,20231005,214,18,3,1,25.04177,121.58735,15
500111070,20231005,215,18,3,1,25.04177,121.58735,15
500111070,20231005,216,18,3,1,25.04177,121.58735,15
500111070,20231005,217,18,3,1,25.04177,121.58735,15
500111070,20231005,218,18,3,1,25.04177,121.58735,15
500111070,20231005,220,18,3,1,25.04177,121.58735,15
500111070,20231005,221,18,3,1,25.04177,121.58735,15
500111070,20231005,222,18,3,1,25.04177,121.58735,15
500111070,20231005,223,18,3,1,25.04177,121.58735,15
500111070,20231005,224,18,3,1,25.04177,121.58735,15
500111070,20231005,225,18,3,1,25.04177,121.58735,15
500111070,20231005,226,18,3,1,25.04177,121.58735,15
500111070,20231005,227,18,3,1,25.04177,121.58735,15
500111070,20231005,228,18,3,1,25.04177,121.58735,15
500111070,20231005,229,18,3,1,25.04177,121.58735,15
500111070,20231005,230,18,3,1,25.04177,121.58735,15
500111070,20231005,231,18,3,1,25.04177,121.58735,15
500111070,20231005,232,18,3,1,25.04177,121.58735,15
500111070,20231005,233,18,3,1,25.04177,121.58735,15
500111070,20231005,234,18,3,1,25.04177,121.58735,15
500111070,20231005,235,18,3,1,25.04177,121.58735,15
500111070,20231005,236,18,3,1,25.04177,121.58735,15
500111070,20231005,237,18,3,1,25.04177,121.58735,15
500111070,20231005,238,18,3,1,25.04177,121.58735,15
500111070,20231005,239,18,3,1,25.04177,121.58735,15
500111070,20231005,240,18,3,1,25.04177,121.58735,15
500111070,20231005,241,18,3,1,25.04177,121.58735,15
500111070,20231005,242,18,3,1,25.04177,121.58735,15
500111070,20231005,243,18,3,1,25.04177,121.58735,15
500111070,20231005,244,18,3,1,25.04177,121.58735,15
500111070,20231005,245,18,3,1,25.04177,121.58735,15
500111070,20231005,246,18,3,1,25.04177,121.58735,15
500111070,20231005,247,18,3,1,25.04177,121.58735,15
500111070,20231005,248,18,3,1,25.04177,121.58735,15
500111070,20231005,249,18,3,1,25.04177,121.58735,15
500111070,20231005,250,18,3,1,25.04177,121.58735,15
500111070,20231005,251,18,3,1,25.04177,121.58735,15
500111070,20231005,252,18,3,1,25.04177,121.58735,15
500111070,20231005,253,18,3,1,25.04177,121.58735,15
500111070,20231005,254,18,3,1,25.04177,121.58735,15
500111070,20231005,255,18,3,1,25.04177,121.58735,15
500111070,20231005,256,18,3,1,25.04177,121.58735,15
500111070,20231005,257,18,3,1,25.04177,121.58735,15
500111070,20231005,258,18,3,1,25.04177,121.58735,15
500111070,20231005,259,18,3,1,25.04177,121.58735,15
500111070,20231005,261,18,3,1,25.04177,121.58735,15
500111070,20231005,262,18,3,1,25.04177,121.58735,15
500111070,20231005,263,18,3,1,25.04177,121.58735,15
500111070,20231005,264,18,3,1,25.04177,121.58735,15
500111070,20231005,265,18,3,1,25.04177,121.58735,15
500111070,20231005,266,18,3,1,25.04177,121.58735,15
500111070,20231005,267,18,3,1,25.04177,121.58735,15
500111070,20231005,268,18,3,1,25.04177,121.58735,15
500111070,20231005,269,18,3,1,25.04177,121.58735,15
500111070,20231005,270,18,3,1,25.04177,121.58735,15
500111070,20231005,271,18,3,1,25.04177,121.58735,15
500111070,20231005,272,18,3,1,25.04177,121.58735,15
500111070,20231005,273,18,3,1,25.04177,121.58735,15
500111070,20231005,274,18,3,1,25.04177,121.58735,15
500111070,20231005,275,18,3,1,25.04177,121.58735,15
500111070,20231005,276,18,3,1,25.04177,121.58735,15
500111070,20231005,277,18,3,1,25.04177,121.58735,15
500111070,20231005,278,18,3,1,25.04177,121.58735,15
500111070,20231005,279,18,3,1,25.04177,121.58735,15
500111070,20231005,280,18,3,1,25.04177,121.58735,15
500111070,20231005,281,18,3,1,25.04177,121.58735,15
500111070,20231005,282,18,3,1,25.04177,121.58735,15
500111070,20231005,283,18,3,1,25.04177,121.58735,15
500111070,20231005,284,18,3,1,25.04177,121.58735,15
500111070,20231005,285,18,3,1,25.04177,121.58735,15
500111070,20231005,286,18,3,1,25.04177,121.58735,15
500111070,20231005,287,18,3,1,25.04177,121.58735,15
500111070,20231005,288,18,3,1,25.04177,121.58735,15
500111070,20231005,289,18,3,1,25.04177,121.58735,15
500111070,20231005,290,18,3,1,25.04177,121.58735,15
500111070,20231005,291,18,3,1,25.04177,121.58735,15
500111070,20231005,292,18,3,1,25.04177,121.58735,15
500111070,20231005,293,18,3,1,25.04177,121.58735,15
500111070,20231005,294,18,3,1,25.04177,121.58735,15
500111070,20231005,295,18,3,1,25.04177,121.58735,15
500111070,20231005,296,18,3,1,25.04177,121.58735,15
500111070,20231005,297,18,3,1,25.04177,121.58735,15
500111070,20231005,298,18,3,1,25.04177,121.58735,15
500111070,20231005,299,18,3,1,25.04177,121.58735,15
500111070,20231005,300,18,3,1,25.04177,121.58735,15
500111070,20231005,301,18,3,1,25.04177,121.58735,15
500111070,20231005,302,18,3,1,25.04177,121.58735,15
500111070,20231005,303,18,3,1,25.04177,121.58735,15
500111070,20231005,304,18,3,1,25.04177,121.58735,15
500111070,20231005,305,18,3,1,25.04177,121.58735,15
500111070,20231005,306,18,3,1,25.04177,121.58735,15
500111070,20231005,307,18,3,1,25.04177,121.58735,15
500111070,20231005,308,18,3,1,25.04177,121.58735,15
500111070,20231005,309,18,3,1,25.04177,121.58735,15
500111070,20231005,310,18,3,1,25.04177,121.58735,15
500111070,20231005,311,18,3,1,25.04177,121.58735,15
500111070,20231005,312,18,3,1,25.04177,121.58735,15
500111070,20231005,313,18,3,1,25.04177,121.58735,15
500111070,20231005,314,18,3,1,25.04177,121.58735,15
500111070,20231005,315,18,3,1,25.04177,121.58735,15
500111070,20231005,316,18,3,1,25.04177,121.58735,15
500111070,20231005,317,18,3,1,25.04177,121.58735,15
500111070,20231005,318,18,3,1,25.04177,121.58735,15
500111070,20231005,319,18,3,1,25.04177,121.58735,15
500111070,20231005,321,18,3,1,25.04177,121.58735,15
500111070,20231005,322,18,3,1,25.04177,121.58735,15
500111070,20231005,323,18,3,1,25.04177,121.58735,15
500111070,20231005,324,18,3,1,25.04177,121.58735,15
500111070,20231005,325,18,3,1,25.04177,121.58735,15
500111070,20231005,326,18,3,1,25.04177,121.58735,15
500111070,20231005,327,18,3,1,25.04177,121.58735,15
500111070,20231005,328,18,3,1,25.04177,121.58735,15
500111070,20231005,329,18,3,1,25.04177,121.58735,15
500111070,20231005,330,18,3,1,25.04177,121.58735,15
500111070,20231005,331,18,3,1,25.04177,121.58735,15
500111070,20231005,332,18,3,1,25.04177,121.58735,15
500111070,20231005,333,18,3,1,25.04177,121.58735,15
500111070,20231005,334,18,3,1,25.04177,121.58735,15
500111070,20231005,335,18,3,1,25.04177,121.58735,15
500111070,20231005,336,18,3,1,25.04177,121.58735,15
500111070,20231005,337,18,3,1,25.04177,121.58735,15
500111070,20231005,338,18,3,1,25.04177,121.58735,15
500111070,20231005,339,18,3,1,25.04177,121.58735,15
500111070,20231005,340,18,3,1,25.04177,121.58735,15
500111070,20231005,341,18,3,1,25.04177,121.58735,15
500111070,20231005,342,18,3,1,25.04177,121.58735,15
500111070,20231005,343,18,3,1,25.04177,121.58735,15
500111070,20231005,344,18,3,1,25.04177,121.58735,15
500111070,20231005,345,18,3,1,25.04177,121.58735,15
500111070,20231005,346,18,3,1,25.04177,121.58735,15
500111070,20231005,347,18,3,1,25.04177,121.58735,15
500111070,20231005,348,18,3,1,25.04177,121.58735,15
500111070,20231005,349,18,3,1,25.04177,121.58735,15
500111070,20231005,350,18,3,1,25.04177,121.58735,15
500111070,20231005,351,18,3,1,25.04177,121.58735,15
500111070,20231005,352,18,3,1,25.04177,121.58735,15
500111070,20231005,353,18,3,1,25.04177,121.58735,15
500111070,20231005,354,18,3,1,25.04177,121.58735,15
500111070,20231005,355,18,3,1,25.04177,121.58735,15
500111070,20231005,356,18,3,1,25.04177,121.58735,15
500111070,20231005,357,18,3,1,25.04177,121.58735,15
500111070,20231005,358,18,3,1,25.04177,121.58735,15
500111070,20231005,359,18,3,1,25.04177,121.58735,15
500111070,20231005,360,18,3,1,25.04177,121.58735,15
500111070,20231005,361,18,3,1,25.04177,121.58735,15
500111070,20231005,362,18,3,1,25.04177,121.58735,15
500111070,20231005,363,18,3,1,25.04177,121.58735,15
500111070,20231005,364,18,3,1,25.04177,121.58735,15
500111070,20231005,365,18,3,1,25.04177,121.58735,15
500111070,20231005,366,18,3,1,25.04177,121.58735,15
500111070,20231005,367,18,3,1,25.04177,121.58735,15
500111070,20231005,368,18,3,1,25.04177,121.58735,15
500111070,20231005,369,18,3,1,25.04177,121.58735,15
500111070,20231005,370,18,3,1,25.04177,121.58735,15
500111070,20231005,371,18,3,1,25.04177,121.58735,15
500111070,20231005,372,18,3,1,25.04177,121.58735,15
500111070,20231005,373,18,3,1,25.04177,121.58735,15
500111070,20231005,374,18,3,1,25.04177,121.58735,15
500111070,20231005,375,18,3,1,25.04177,121.58735,15
500111070,20231005,376,18,3,1,25.04177,121.58735,15
500111070,20231005,377,18,3,1,25.04177,121.58735,15
500111070,20231005,378,18,3,1,25.04177,121.58735,15
500111070,20231005,379,18,3,1,25.04177,121.58735,15
500111070,20231005,381,18,4,1,25.04177,121.58735,14
500111070,20231005,382,18,4,1,25.04177,121.58735,14
500111070,20231005,383,18,4,1,25.04177,121.58735,14
500111070,20231005,384,18,4,1,25.04177,121.58735,14
500111070,20231005,385,18,4,1,25.04177,121.58735,14
500111070,20231005,386,18,5,1,25.04177,121.58735,13
500111070,20231005,387,18,5,1,25.04177,121.58735,13
500111070,20231005,388,18,5,1,25.04177,121.58735,13
500111070,20231005,389,18,5,1,25.04177,121.58735,13
500111070,20231005,390,18,5,1,25.04177,121.58735,13
500111070,20231005,391,18,5,1,25.04177,121.58735,13
500111070,20231005,392,18,5,1,25.04177,121.58735,13
500111070,20231005,393,18,5,1,25.04177,121.58735,13
500111070,20231005,394,18,5,1,25.04177,121.58735,13
500111070,20231005,395,18,5,1,25.04177,121.58735,13
500111070,20231005,396,18,5,1,25.04177,121.58735,13
500111070,20231005,397,18,5,1,25.04177,121.58735,13
500111070,20231005,398,18,5,1,25.04177,121.58735,13
500111070,20231005,399,18,5,1,25.04177,121.58735,13
500111070,20231005,400,18,5,1,25.04177,121.58735,13
500111070,20231005,401,18,5,1,25.04177,121.58735,13
500111070,20231005,402,18,5,1,25.04177,121.58735,13
500111070,20231005,403,18,5,1,25.04177,121.58735,13
500111070,20231005,404,18,5,1,25.04177,121.58735,13
500111070,20231005,405,18,5,1,25.04177,121.58735,13
500111070,20231005,406,18,5,1,25.04177,121.58735,13
500111070,20231005,407,18,5,1,25.04177,121.58735,13
500111070,20231005,408,18,5,1,25.04177,121.58735,13
500111070,20231005,409,18,5,1,25.04177,121.58735,13
500111070,20231005,410,18,5,1,25.04177,121.58735,13
500111070,20231005,411,18,5,1,25.04177,121.58735,13
500111070,20231005,412,18,5,1,25.04177,121.58735,13
500111070,20231005,413,18,5,1,25.04177,121.58735,13
500111070,20231005,414,18,5,1,25.04177,121.58735,13
500111070,20231005,415,18,5,1,25.04177,121.58735,13
500111070,20231005,416,18,5,1,25.04177,121.58735,13
500111070,20231005,417,18,5,1,25.04177,121.58735,13
500111070,20231005,418,18,5,1,25.04177,121.58735,13
500111070,20231005,419,18,5,1,25.04177,121.58735,13
500111070,20231005,421,18,7,1,25.04177,121.58735,11
500111070,20231005,422,18,7,1,25.04177,121.58735,11
500111070,20231005,423,18,8,1,25.04177,121.58735,10
500111070,20231005,424,18,9,1,25.04177,121.58735,9
500111070,20231005,425,18,9,1,25.04177,121.58735,9
500111070,20231005,426,18,9,1,25.04177,121.58735,9
500111070,20231005,427,18,9,1,25.04177,121.58735,9
500111070,20231005,428,18,10,1,25.04177,121.58735,8
500111070,20231005,429,18,10,1,25.04177,121.58735,8
500111070,20231005,430,18,10,1,25.04177,121.58735,8
500111070,20231005,431,18,10,1,25.04177,121.58735,8
500111070,20231005,432,18,10,1,25.04177,121.58735,8
500111070,20231005,433,18,10,1,25.04177,121.58735,8
500111070,20231005,434,18,10,1,25.04177,121.58735,8
500111070,20231005,435,18,10,1,25.04177,121.58735,8
500111070,20231005,436,18,10,1,25.04177,121.58735,8
500111070,20231005,437,18,10,1,25.04177,121.58735,8
500111070,20231005,438,18,10,1,25.04177,121.58735,8
500111070,20231005,439,18,10,1,25.04177,121.58735,8
500111070,20231005,441,18,10,1,25.04177,121.58735,8
500111070,20231005,442,18,10,1,25.04177,121.58735,8
500111070,20231005,443,18,10,1,25.04177,121.58735,8
500111070,20231005,444,18,10,1,25.04177,121.58735,8
500111070,20231005,445,18,10,1,25.04177,121.58735,8
500111070,20231005,446,18,11,1,25.04177,121.58735,7
500111070,20231005,447,18,11,1,25.04177,121.58735,7
500111070,20231005,448,18,11,1,25.04177,121.58735,7
500111070,20231005,449,18,11,1,25.04177,121.58735,7
500111070,20231005,450,18,11,1,25.04177,121.58735,7
500111070,20231005,451,18,11,1,25.04177,121.58735,7
500111070,20231005,452,18,11,1,25.04177,121.58735,7
500111070,20231005,453,18,11,1,25.04177,121.58735,7
500111070,20231005,454,18,11,1,25.04177,121.58735,7
500111070,20231005,455,18,11,1,25.04177,121.58735,7
500111070,20231005,456,18,11,1,25.04177,121.58735,7
500111070,20231005,457,18,11,1,25.04177,121.58735,7
500111070,20231005,458,18,11,1,25.04177,121.58735,7
500111070,20231005,459,18,11,1,25.04177,121.58735,7
500111070,20231005,460,18,11,1,25.04177,121.58735,7
500111070,20231005,461,18,11,1,25.04177,121.58735,7
500111070,20231005,462,18,11,1,25.04177,121.58735,7
500111070,20231005,463,18,11,1,25.04177,121.58735,7
500111070,20231005,464,18,11,1,25.04177,121.58735,7
500111070,20231005,465,18,11,1,25.04177,121.58735,7
500111070,20231005,466,18,11,1,25.04177,121.58735,7
500111070,20231005,467,18,11,1,25.04177,121.58735,7
500111070,20231005,468,18,11,1,25.04177,121.58735,7
500111070,20231005,469,18,12,1,25.04177,121.58735,6
500111070,20231005,470,18,12,1,25.04177,121.58735,6
500111070,20231005,471,18,12,1,25.04177,121.58735,6
500111070,20231005,472,18,12,1,25.04177,121.58735,6
500111070,20231005,473,18,12,1,25.04177,121.58735,6
500111070,20231005,474,18,12,1,25.04177,121.58735,6
500111070,20231005,475,18,12,1,25.04177,121.58735,6
500111070,20231005,476,18,12,1,25.04177,121.58735,6
500111070,20231005,477,18,12,1,25.04177,121.58735,6
500111070,20231005,478,18,12,1,25.04177,121.58735,6
500111070,20231005,479,18,13,1,25.04177,121.58735,5
500111070,20231005,481,18,13,1,25.04177,121.58735,5
500111070,20231005,482,18,13,1,25.04177,121.58735,5
500111070,20231005,483,18,13,1,25.04177,121.58735,5
500111070,20231005,484,18,13,1,25.04177,121.58735,5
500111070,20231005,485,18,13,1,25.04177,121.58735,5
500111070,20231005,486,18,13,1,25.04177,121.58735,5
500111070,20231005,487,18,13,1,25.04177,121.58735,5
500111070,20231005,488,18,13,1,25.04177,121.58735,5
500111070,20231005,489,18,13,1,25.04177,121.58735,5
500111070,20231005,490,18,13,1,25.04177,121.58735,5
500111070,20231005,491,18,13,1,25.04177,121.58735,5
500111070,20231005,492,18,13,1,25.04177,121.58735,5
500111070,20231005,493,18,13,1,25.04177,121.58735,5
500111070,20231005,494,18,13,1,25.04177,121.58735,5
500111070,20231005,495,18,13,1,25.04177,121.58735,5
500111070,20231005,496,18,13,1,25.04177,121.58735,5
500111070,20231005,497,18,13,1,25.04177,121.58735,5
500111070,20231005,498,18,13,1,25.04177,121.58735,5
500111070,20231005,499,18,13,1,25.04177,121.58735,5
500111070,20231005,501,18,13,1,25.04177,121.58735,5
500111070,20231005,502,18,13,1,25.04177,121.58735,5
500111070,20231005,503,18,13,1,25.04177,121.58735,5
500111070,20231005,504,18,13,1,25.04177,121.58735,5
500111070,20231005,505,18,13,1,25.04177,121.58735,5
500111070,20231005,506,18,13,1,25.04177,121.58735,5
500111070,20231005,507,18,13,1,25.04177,121.58735,5
500111070,20231005,508,18,13,1,25.04177,121.58735,5
500111070,20231005,509,18,13,1,25.04177,121.58735,5
500111070,20231005,510,18,13,1,25.04177,121.58735,5
500111070,20231005,512,18,13,1,25.04177,121.58735,5
500111070,20231005,513,18,10,1,25.04177,121.58735,8
500111070,20231005,514,18,7,1,25.04177,121.58735,11
500111070,20231005,515,18,7,1,25.04177,121.58735,11
500111070,20231005,516,18,7,1,25.04177,121.58735,11
500111070,20231005,517,18,7,1,25.04177,121.58735,11
500111070,20231005,518,18,7,1,25.04177,121.58735,11
500111070,20231005,519,18,7,1,25.04177,121.58735,11
500111070,20231005,520,18,7,1,25.04177,121.58735,11
500111070,20231005,521,18,7,1,25.04177,121.58735,11
500111070,20231005,522,18,7,1,25.04177,121.58735,11
500111070,20231005,523,18,8,1,25.04177,121.58735,10
500111070,20231005,524,18,8,1,25.04177,121.58735,10
500111070,20231005,525,18,8,1,25.04177,121.58735,10
500111070,20231005,526,18,8,1,25.04177,121.58735,10
500111070,20231005,527,18,9,1,25.04177,121.58735,9
500111070,20231005,528,18,9,1,25.04177,121.58735,9
500111070,20231005,529,18,9,1,25.04177,121.58735,9
500111070,20231005,530,18,9,1,25.04177,121.58735,9
500111070,20231005,531,18,10,1,25.04177,121.58735,8
500111070,20231005,532,18,10,1,25.04177,121.58735,8
500111070,20231005,533,18,10,1,25.04177,121.58735,8
500111070,20231005,534,18,11,1,25.04177,121.58735,7
500111070,20231005,535,18,11,1,25.04177,121.58735,7
500111070,20231005,536,18,11,1,25.04177,121.58735,7
500111070,20231005,537,18,12,1,25.04177,121.58735,6
500111070,20231005,538,18,12,1,25.04177,121.58735,6
500111070,20231005,539,18,13,1,25.04177,121.58735,5
500111070,20231005,541,18,13,1,25.04177,121.58735,5
500111070,20231005,542,18,13,1,25.04177,121.58735,5
500111070,20231005,543,18,12,1,25.04177,121.58735,6
500111070,20231005,544,18,12,1,25.04177,121.58735,6
500111070,20231005,545,18,12,1,25.04177,121.58735,6
500111070,20231005,546,18,12,1,25.04177,121.58735,6
500111070,20231005,547,18,12,1,25.04177,121.58735,6
500111070,20231005,548,18,12,1,25.04177,121.58735,6
500111070,20231005,549,18,12,1,25.04177,121.58735,6
500111070,20231005,550,18,12,1,25.04177,121.58735,6
500111070,20231005,551,18,12,1,25.04177,121.58735,6
500111070,20231005,552,18,12,1,25.04177,121.58735,6
500111070,20231005,553,18,12,1,25.04177,121.58735,6
500111070,20231005,554,18,12,1,25.04177,121.58735,6
500111070,20231005,555,18,12,1,25.04177,121.58735,6
500111070,20231005,556,18,12,1,25.04177,121.58735,6
500111070,20231005,557,18,12,1,25.04177,121.58735,6
500111070,20231005,558,18,12,1,25.04177,121.58735,6
500111070,20231005,559,18,12,1,25.04177,121.58735,6
500111070,20231005,561,18,13,1,25.04177,121.58735,5
500111070,20231005,562,18,14,1,25.04177,121.58735,4
500111070,20231005,563,18,14,1,25.04177,121.58735,4
500111070,20231005,564,18,14,1,25.04177,121.58735,4
500111070,20231005,565,18,15,1,25.04177,121.58735,3
500111070,20231005,566,18,15,1,25.04177,121.58735,3
500111070,20231005,567,18,16,1,25.04177,121.58735,2
500111070,20231005,568,18,16,1,25.04177,121.58735,2
500111070,20231005,569,18,16,1,25.04177,121.58735,2
500111070,20231005,570,18,16,1,25.04177,121.58735,2
500111070,20231005,571,18,16,1,25.04177,121.58735,2
500111070,20231005,572,18,16,1,25.04177,121.58735,2
500111070,20231005,573,18,16,1,25.04177,121.58735,2
500111070,20231005,574,18,16,1,25.04177,121.58735,2
500111070,20231005,575,18,16,1,25.04177,121.58735,2
500111070,20231005,576,18,17,1,25.04177,121.58735,1
500111070,20231005,577,18,17,1,25.04177,121.58735,1
500111070,20231005,578,18,18,1,25.04177,121.58735,0
500111070,20231005,579,18,18,1,25.04177,121.58735,0
500111070,20231005,580,18,18,1,25.04177,121.58735,0
500111070,20231005,581,18,18,1,25.04177,121.58735,0
500111070,20231005,582,18,18,1,25.04177,121.58735,0
500111070,20231005,583,18,18,1,25.04177,121.58735,0
500111070,20231005,584,18,18,1,25.04177,121.58735,0
500111070,20231005,585,18,18,1,25.04177,121.58735,0
500111070,20231005,586,18,18,1,25.04177,121.58735,0
500111070,20231005,587,18,18,1,25.04177,121.58735,0
500111070,20231005,588,18,18,1,25.04177,121.58735,0
500111070,20231005,589,18,18,1,25.04177,121.58735,0
500111070,20231005,590,18,18,1,25.04177,121.58735,0
500111070,20231005,591,18,18,1,25.04177,121.58735,0
500111070,20231005,592,18,18,1,25.04177,121.58735,0
500111070,20231005,593,18,18,1,25.04177,121.58735,0
500111070,20231005,594,18,18,1,25.04177,121.58735,0
500111070,20231005,595,18,18,1,25.04177,121.58735,0
500111070,20231005,596,18,18,1,25.04177,121.58735,0
500111070,20231005,597,18,18,1,25.04177,121.58735,0
500111070,20231005,599,18,18,1,25.04177,121.58735,0
500111070,20231005,601,18,18,1,25.04177,121.58735,0
500111070,20231005,602,18,18,1,25.04177,121.58735,0
500111070,20231005,603,18,18,1,25.04177,121.58735,0
500111070,20231005,604,18,17,1,25.04177,121.58735,1
500111070,20231005,605,18,17,1,25.04177,121.58735,1
500111070,20231005,606,18,17,1,25.04177,121.58735,1
500111070,20231005,607,18,17,1,25.04177,121.58735,1
500111070,20231005,608,18,16,1,25.04177,121.58735,2
500111070,20231005,609,18,16,1,25.04177,121.58735,2
500111070,20231005,610,18,16,1,25.04177,121.58735,2
500111070,20231005,611,18,16,1,25.04177,121.58735,2
500111070,20231005,612,18,16,1,25.04177,121.58735,2
500111070,20231005,613,18,16,1,25.04177,121.58735,2
500111070,20231005,614,18,16,1,25.04177,121.58735,2
500111070,20231005,615,18,16,1,25.04177,121.58735,2
500111070,20231005,616,18,17,1,25.04177,121.58735,1
500111070,20231005,617,18,17,1,25.04177,121.58735,1
500111070,20231005,618,18,17,1,25.04177,121.58735,1
500111070,20231005,619,18,16,1,25.04177,121.58735,2
500111070,20231005,621,18,17,1,25.04177,121.58735,1
500111070,20231005,622,18,17,1,25.04177,121.58735,1
500111070,20231005,623,18,18,1,25.04177,121.58735,0
500111070,20231005,624,18,18,1,25.04177,121.58735,0
500111070,20231005,625,18,18,1,25.04177,121.58735,0
500111070,20231005,626,18,18,1,25.04177,121.58735,0
500111070,20231005,627,18,18,1,25.04177,121.58735,0
500111070,20231005,628,18,18,1,25.04177,121.58735,0
500111070,20231005,629,18,18,1,25.04177,121.58735,0
500111070,20231005,630,18,18,1,25.04177,121.58735,0
500111070,20231005,631,18,18,1,25.04177,121.58735,0
500111070,20231005,632,18,18,1,25.04177,121.58735,0
500111070,20231005,633,18,18,1,25.04177,121.58735,0
500111070,20231005,634,18,18,1,25.04177,121.58735,0
500111070,20231005,635,18,18,1,25.04177,121.58735,0
500111070,20231005,636,18,18,1,25.04177,121.58735,0
500111070,20231005,637,18,18,1,25.04177,121.58735,0
500111070,20231005,638,18,18,1,25.04177,121.58735,0
500111070,20231005,639,18,18,1,25.04177,121.58735,0
500111070,20231005,640,18,18,1,25.04177,121.58735,0
500111070,20231005,641,18,18,1,25.04177,121.58735,0
500111070,20231005,642,18,18,1,25.04177,121.58735,0
500111070,20231005,643,18,18,1,25.04177,121.58735,0
500111070,20231005,644,18,18,1,25.04177,121.58735,0
500111070,20231005,645,18,18,1,25.04177,121.58735,0
500111070,20231005,646,18,18,1,25.04177,121.58735,0
500111070,20231005,647,18,18,1,25.04177,121.58735,0
500111070,20231005,648,18,18,1,25.04177,121.58735,0
500111070,20231005,649,18,17,1,25.04177,121.58735,1
500111070,20231005,650,18,17,1,25.04177,121.58735,1
500111070,20231005,651,18,17,1,25.04177,121.58735,1
500111070,20231005,652,18,17,1,25.04177,121.58735,1
500111070,20231005,653,18,17,1,25.04177,121.58735,1
500111070,20231005,654,18,17,1,25.04177,121.58735,1
500111070,20231005,655,18,17,1,25.04177,121.58735,1
500111070,20231005,656,18,17,1,25.04177,121.58735,1
500111070,20231005,657,18,17,1,25.04177,121.58735,1
500111070,20231005,658,18,17,1,25.04177,121.58735,1
500111070,20231005,659,18,17,1,25.04177,121.58735,1
500111070,20231005,661,18,17,1,25.04177,121.58735,1
500111070,20231005,662,18,17,1,25.04177,121.58735,1
500111070,20231005,663,18,17,1,25.04177,121.58735,1
500111070,20231005,664,18,17,1,25.04177,121.58735,1
500111070,20231005,665,18,17,1,25.04177,121.58735,1
500111070,20231005,666,18,17,1,25.04177,121.58735,1
500111070,20231005,667,18,17,1,25.04177,121.58735,1
500111070,20231005,668,18,18,1,25.04177,121.58735,0
500111070,20231005,669,18,18,1,25.04177,121.58735,0
500111070,20231005,670,18,18,1,25.04177,121.58735,0
500111070,20231005,671,18,18,1,25.04177,121.58735,0
500111070,20231005,672,18,18,1,25.04177,121.58735,0
500111070,20231005,673,18,18,1,25.04177,121.58735,0
500111070,20231005,674,18,18,1,25.04177,121.58735,0
500111070,20231005,675,18,18,1,25.04177,121.58735,0
500111070,20231005,676,18,18,1,25.04177,121.58735,0
500111070,20231005,677,18,18,1,25.04177,121.58735,0
500111070,20231005,678,18,18,1,25.04177,121.58735,0
500111070,20231005,679,18,18,1,25.04177,121.58735,0
500111070,20231005,681,18,18,1,25.04177,121.58735,0
500111070,20231005,682,18,18,1,25.04177,121.58735,0
500111070,20231005,683,18,18,1,25.04177,121.58735,0
500111070,20231005,684,18,18,1,25.04177,121.58735,0
500111070,20231005,685,18,18,1,25.04177,121.58735,0
500111070,20231005,686,18,18,1,25.04177,121.58735,0
500111070,20231005,687,18,18,1,25.04177,121.58735,0
500111070,20231005,688,18,18,1,25.04177,121.58735,0
500111070,20231005,689,18,17,1,25.04177,121.58735,1
500111070,20231005,690,18,17,1,25.04177,121.58735,1
500111070,20231005,691,18,17,1,25.04177,121.58735,1
500111070,20231005,692,18,17,1,25.04177,121.58735,1
500111070,20231005,693,18,17,1,25.04177,121.58735,1
500111070,20231005,694,18,17,1,25.04177,121.58735,1
500111070,20231005,695,18,17,1,25.04177,121.58735,1
500111070,20231005,696,18,17,1,25.04177,121.58735,1
500111070,20231005,697,18,17,1,25.04177,121.58735,1
500111070,20231005,698,18,17,1,25.04177,121.58735,1
500111070,20231005,699,18,18,1,25.04177,121.58735,0
500111070,20231005,700,18,18,1,25.04177,121.58735,0
500111070,20231005,701,18,18,1,25.04177,121.58735,0
500111070,20231005,702,18,18,1,25.04177,121.58735,0
500111070,20231005,703,18,18,1,25.04177,121.58735,0
500111070,20231005,704,18,18,1,25.04177,121.58735,0
500111070,20231005,705,18,18,1,25.04177,121.58735,0
500111070,20231005,706,18,18,1,25.04177,121.58735,0
500111070,20231005,707,18,17,1,25.04177,121.58735,1
500111070,20231005,708,18,17,1,25.04177,121.58735,1
500111070,20231005,709,18,17,1,25.04177,121.58735,1
500111070,20231005,710,18,17,1,25.04177,121.58735,1
500111070,20231005,711,18,17,1,25.04177,121.58735,1
500111070,20231005,712,18,17,1,25.04177,121.58735,1
500111070,20231005,713,18,17,1,25.04177,121.58735,1
500111070,20231005,714,18,17,1,25.04177,121.58735,1
500111070,20231005,715,18,17,1,25.04177,121.58735,1
500111070,20231005,716,18,17,1,25.04177,121.58735,1
500111070,20231005,717,18,17,1,25.04177,121.58735,1
500111070,20231005,718,18,17,1,25.04177,121.58735,1
500111070,20231005,719,18,17,1,25.04177,121.58735,1
500111070,20231005,721,18,18,1,25.04177,121.58735,0
500111070,20231005,722,18,18,1,25.04177,121.58735,0
500111070,20231005,723,18,18,1,25.04177,121.58735,0
500111070,20231005,724,18,18,1,25.04177,121.58735,0
500111070,20231005,725,18,18,1,25.04177,121.58735,0
500111070,20231005,726,18,18,1,25.04177,121.58735,0
500111070,20231005,727,18,18,1,25.04177,121.58735,0
500111070,20231005,728,18,18,1,25.04177,121.58735,0
500111070,20231005,729,18,18,1,25.04177,121.58735,0
500111070,20231005,730,18,18,1,25.04177,121.58735,0
500111070,20231005,731,18,18,1,25.04177,121.58735,0
500111070,20231005,732,18,18,1,25.04177,121.58735,0
500111070,20231005,733,18,18,1,25.04177,121.58735,0
500111070,20231005,734,18,18,1,25.04177,121.58735,0
500111070,20231005,735,18,18,1,25.04177,121.58735,0
500111070,20231005,736,18,18,1,25.04177,121.58735,0
500111070,20231005,737,18,18,1,25.04177,121.58735,0
500111070,20231005,738,18,18,1,25.04177,121.58735,0
500111070,20231005,739,18,18,1,25.04177,121.58735,0
500111070,20231005,741,18,18,1,25.04177,121.58735,0
500111070,20231005,742,18,18,1,25.04177,121.58735,0
500111070,20231005,743,18,18,1,25.04177,121.58735,0
500111070,20231005,744,18,18,1,25.04177,121.58735,0
500111070,20231005,745,18,18,1,25.04177,121.58735,0
500111070,20231005,746,18,18,1,25.04177,121.58735,0
500111070,20231005,747,18,18,1,25.04177,121.58735,0
500111070,20231005,748,18,18,1,25.04177,121.58735,0
500111070,20231005,749,18,18,1,25.04177,121.58735,0
500111070,20231005,750,18,18,1,25.04177,121.58735,0
500111070,20231005,751,18,18,1,25.04177,121.58735,0
500111070,20231005,752,18,17,1,25.04177,121.58735,1
500111070,20231005,753,18,17,1,25.04177,121.58735,1
500111070,20231005,754,18,17,1,25.04177,121.58735,1
500111070,20231005,755,18,17,1,25.04177,121.58735,1
500111070,20231005,756,18,17,1,25.04177,121.58735,1
500111070,20231005,757,18,18,1,25.04177,121.58735,0
500111070,20231005,758,18,18,1,25.04177,121.58735,0
500111070,20231005,759,18,18,1,25.04177,121.58735,0
500111070,20231005,760,18,18,1,25.04177,121.58735,0
500111070,20231005,761,18,18,1,25.04177,121.58735,0
500111070,20231005,762,18,18,1,25.04177,121.58735,0
500111070,20231005,763,18,18,1,25.04177,121.58735,0
500111070,20231005,764,18,18,1,25.04177,121.58735,0
500111070,20231005,765,18,18,1,25.04177,121.58735,0
500111070,20231005,766,18,18,1,25.04177,121.58735,0
500111070,20231005,767,18,18,1,25.04177,121.58735,0
500111070,20231005,768,18,18,1,25.04177,121.58735,0
500111070,20231005,769,18,18,1,25.04177,121.58735,0
500111070,20231005,770,18,18,1,25.04177,121.58735,0
500111070,20231005,771,18,18,1,25.04177,121.58735,0
500111070,20231005,772,18,18,1,25.04177,121.58735,0
500111070,20231005,773,18,18,1,25.04177,121.58735,0
500111070,20231005,774,18,18,1,25.04177,121.58735,0
500111070,20231005,775,18,18,1,25.04177,121.58735,0
500111070,20231005,776,18,18,1,25.04177,121.58735,0
500111070,20231005,777,18,18,1,25.04177,121.58735,0
500111070,20231005,778,18,18,1,25.04177,121.58735,0
500111070,20231005,779,18,18,1,25.04177,121.58735,0
500111070,20231005,781,18,18,1,25.04177,121.58735,0
500111070,20231005,782,18,18,1,25.04177,121.58735,0
500111070,20231005,783,18,18,1,25.04177,121.58735,0
500111070,20231005,784,18,18,1,25.04177,121.58735,0
500111070,20231005,785,18,18,1,25.04177,121.58735,0
500111070,20231005,786,18,18,1,25.04177,121.58735,0
500111070,20231005,787,18,18,1,25.04177,121.58735,0
500111070,20231005,788,18,18,1,25.04177,121.58735,0
500111070,20231005,789,18,18,1,25.04177,121.58735,0
500111070,20231005,790,18,18,1,25.04177,121.58735,0
500111070,20231005,791,18,18,1,25.04177,121.58735,0
500111070,20231005,792,18,18,1,25.04177,121.58735,0
500111070,20231005,793,18,18,1,25.04177,121.58735,0
500111070,20231005,794,18,18,1,25.04177,121.58735,0
500111070,20231005,795,18,18,1,25.04177,121.58735,0
500111070,20231005,796,18,18,1,25.04177,121.58735,0
500111070,20231005,797,18,18,1,25.04177,121.58735,0
500111070,20231005,798,18,18,1,25.04177,121.58735,0
500111070,20231005,799,18,18,1,25.04177,121.58735,0
500111070,20231005,801,18,18,1,25.04177,121.58735,0
500111070,20231005,802,18,18,1,25.04177,121.58735,0
500111070,20231005,803,18,18,1,25.04177,121.58735,0
500111070,20231005,804,18,18,1,25.04177,121.58735,0
500111070,20231005,805,18,18,1,25.04177,121.58735,0
500111070,20231005,806,18,18,1,25.04177,121.58735,0
500111070,20231005,807,18,18,1,25.04177,121.58735,0
500111070,20231005,808,18,18,1,25.04177,121.58735,0
500111070,20231005,809,18,18,1,25.04177,121.58735,0
500111070,20231005,810,18,18,1,25.04177,121.58735,0
500111070,20231005,811,18,18,1,25.04177,121.58735,0
500111070,20231005,812,18,18,1,25.04177,121.58735,0
500111070,20231005,814,18,18,1,25.04177,121.58735,0
500111070,20231005,815,18,18,1,25.04177,121.58735,0
500111070,20231005,816,18,18,1,25.04177,121.58735,0
500111070,20231005,817,18,18,1,25.04177,121.58735,0
500111070,20231005,818,18,17,1,25.04177,121.58735,1
500111070,20231005,819,18,17,1,25.04177,121.58735,1
500111070,20231005,820,18,17,1,25.04177,121.58735,1
500111070,20231005,821,18,17,1,25.04177,121.58735,1
500111070,20231005,822,18,17,1,25.04177,121.58735,1
500111070,20231005,823,18,17,1,25.04177,121.58735,1
500111070,20231005,824,18,17,1,25.04177,121.58735,1
500111070,20231005,825,18,17,1,25.04177,121.58735,1
500111070,20231005,826,18,17,1,25.04177,121.58735,1
500111070,20231005,827,18,17,1,25.04177,121.58735,1
500111070,20231005,828,18,17,1,25.04177,121.58735,1
500111070,20231005,829,18,17,1,25.04177,121.58735,1
500111070,20231005,830,18,17,1,25.04177,121.58735,1
500111070,20231005,831,18,17,1,25.04177,121.58735,1
500111070,20231005,832,18,17,1,25.04177,121.58735,1
500111070,20231005,833,18,17,1,25.04177,121.58735,1
500111070,20231005,834,18,17,1,25.04177,121.58735,1
500111070,20231005,835,18,17,1,25.04177,121.58735,1
500111070,20231005,836,18,17,1,25.04177,121.58735,1
500111070,20231005,837,18,17,1,25.04177,121.58735,1
500111070,20231005,838,18,17,1,25.04177,121.58735,1
500111070,20231005,839,18,17,1,25.04177,121.58735,1
500111070,20231005,841,18,17,1,25.04177,121.58735,1
500111070,20231005,842,18,18,1,25.04177,121.58735,0
500111070,20231005,843,18,18,1,25.04177,121.58735,0
500111070,20231005,844,18,18,1,25.04177,121.58735,0
500111070,20231005,845,18,18,1,25.04177,121.58735,0
500111070,20231005,846,18,18,1,25.04177,121.58735,0
500111070,20231005,847,18,18,1,25.04177,121.58735,0
500111070,20231005,848,18,18,1,25.04177,121.58735,0
500111070,20231005,849,18,18,1,25.04177,121.58735,0
500111070,20231005,850,18,18,1,25.04177,121.58735,0
500111070,20231005,851,18,18,1,25.04177,121.58735,0
500111070,20231005,852,18,18,1,25.04177,121.58735,0
500111070,20231005,853,18,18,1,25.04177,121.58735,0
500111070,20231005,854,18,18,1,25.04177,121.58735,0
500111070,20231005,855,18,18,1,25.04177,121.58735,0
500111070,20231005,856,18,18,1,25.04177,121.58735,0
500111070,20231005,857,18,18,1,25.04177,121.58735,0
500111070,20231005,858,18,18,1,25.04177,121.58735,0
500111070,20231005,859,18,18,1,25.04177,121.58735,0
500111070,20231005,861,18,18,1,25.04177,121.58735,0
500111070,20231005,862,18,18,1,25.04177,121.58735,0
500111070,20231005,863,18,18,1,25.04177,121.58735,0
500111070,20231005,864,18,18,1,25.04177,121.58735,0
500111070,20231005,865,18,18,1,25.04177,121.58735,0
500111070,20231005,866,18,18,1,25.04177,121.58735,0
500111070,20231005,867,18,18,1,25.04177,121.58735,0
500111070,20231005,868,18,18,1,25.04177,121.58735,0
500111070,20231005,869,18,18,1,25.04177,121.58735,0
500111070,20231005,870,18,18,1,25.04177,121.58735,0
500111070,20231005,871,18,18,1,25.04177,121.58735,0
500111070,20231005,872,18,18,1,25.04177,121.58735,0
500111070,20231005,873,18,18,1,25.04177,121.58735,0
500111070,20231005,874,18,18,1,25.04177,121.58735,0
500111070,20231005,875,18,18,1,25.04177,121.58735,0
500111070,20231005,876,18,18,1,25.04177,121.58735,0
500111070,20231005,877,18,18,1,25.04177,121.58735,0
500111070,20231005,878,18,18,1,25.04177,121.58735,0
500111070,20231005,879,18,18,1,25.04177,121.58735,0
500111070,20231005,880,18,18,1,25.04177,121.58735,0
500111070,20231005,881,18,18,1,25.04177,121.58735,0
500111070,20231005,882,18,18,1,25.04177,121.58735,0
500111070,20231005,883,18,18,1,25.04177,121.58735,0
500111070,20231005,884,18,18,1,25.04177,121.58735,0
500111070,20231005,885,18,18,1,25.04177,121.58735,0
500111070,20231005,886,18,18,1,25.04177,121.58735,0
500111070,20231005,887,18,18,1,25.04177,121.58735,0
500111070,20231005,888,18,18,1,25.04177,121.58735,0
500111070,20231005,889,18,18,1,25.04177,121.58735,0
500111070,20231005,890,18,18,1,25.04177,121.58735,0
500111070,20231005,891,18,18,1,25.04177,121.58735,0
500111070,20231005,892,18,18,1,25.04177,121.58735,0
500111070,20231005,893,18,18,1,25.04177,121.58735,0
500111070,20231005,894,18,18,1,25.04177,121.58735,0
500111070,20231005,895,18,18,1,25.04177,121.58735,0
500111070,20231005,896,18,18,1,25.04177,121.58735,0
500111070,20231005,897,18,18,1,25.04177,121.58735,0
500111070,20231005,898,18,18,1,25.04177,121.58735,0
500111070,20231005,899,18,17,1,25.04177,121.58735,1
500111070,20231005,901,18,17,1,25.04177,121.58735,1
500111070,20231005,902,18,16,1,25.04177,121.58735,2
500111070,20231005,903,18,16,1,25.04177,121.58735,2
500111070,20231005,904,18,16,1,25.04177,121.58735,2
500111070,20231005,905,18,16,1,25.04177,121.58735,2
500111070,20231005,906,18,16,1,25.04177,121.58735,2
500111070,20231005,907,18,16,1,25.04177,121.58735,2
500111070,20231005,908,18,16,1,25.04177,121.58735,2
500111070,20231005,909,18,16,1,25.04177,121.58735,2
500111070,20231005,910,18,16,1,25.04177,121.58735,2
500111070,20231005,911,18,16,1,25.04177,121.58735,2
500111070,20231005,912,18,16,1,25.04177,121.58735,2
500111070,20231005,913,18,16,1,25.04177,121.58735,2
500111070,20231005,914,18,16,1,25.04177,121.58735,2
500111070,20231005,915,18,16,1,25.04177,121.58735,2
500111070,20231005,916,18,16,1,25.04177,121.58735,2
500111070,20231005,917,18,17,1,25.04177,121.58735,1
500111070,20231005,918,18,17,1,25.04177,121.58735,1
500111070,20231005,919,18,17,1,25.04177,121.58735,1
500111070,20231005,921,18,17,1,25.04177,121.58735,1
500111070,20231005,922,18,17,1,25.04177,121.58735,1
500111070,20231005,923,18,17,1,25.04177,121.58735,1
500111070,20231005,924,18,17,1,25.04177,121.58735,1
500111070,20231005,925,18,17,1,25.04177,121.58735,1
500111070,20231005,926,18,17,1,25.04177,121.58735,1
500111070,20231005,927,18,17,1,25.04177,121.58735,1
500111070,20231005,928,18,17,1,25.04177,121.58735,1
500111070,20231005,929,18,18,1,25.04177,121.58735,0
500111070,20231005,930,18,18,1,25.04177,121.58735,0
500111070,20231005,931,18,18,1,25.04177,121.58735,0
500111070,20231005,932,18,18,1,25.04177,121.58735,0
500111070,20231005,933,18,18,1,25.04177,121.58735,0
500111070,20231005,934,18,18,1,25.04177,121.58735,0
500111070,20231005,935,18,18,1,25.04177,121.58735,0
500111070,20231005,936,18,18,1,25.04177,121.58735,0
500111070,20231005,937,18,18,1,25.04177,121.58735,0
500111070,20231005,938,18,18,1,25.04177,121.58735,0
500111070,20231005,939,18,18,1,25.04177,121.58735,0
500111070,20231005,940,18,18,1,25.04177,121.58735,0
500111070,20231005,941,18,18,1,25.04177,121.58735,0
500111070,20231005,942,18,18,1,25.04177,121.58735,0
500111070,20231005,943,18,18,1,25.04177,121.58735,0
500111070,20231005,944,18,18,1,25.04177,121.58735,0
500111070,20231005,945,18,18,1,25.04177,121.58735,0
500111070,20231005,946,18,18,1,25.04177,121.58735,0
500111070,20231005,947,18,18,1,25.04177,121.58735,0
500111070,20231005,948,18,18,1,25.04177,121.58735,0
500111070,20231005,949,18,18,1,25.04177,121.58735,0
500111070,20231005,950,18,18,1,25.04177,121.58735,0
500111070,20231005,951,18,18,1,25.04177,121.58735,0
500111070,20231005,952,18,18,1,25.04177,121.58735,0
500111070,20231005,953,18,18,1,25.04177,121.58735,0
500111070,20231005,954,18,18,1,25.04177,121.58735,0
500111070,20231005,955,18,18,1,25.04177,121.58735,0
500111070,20231005,956,18,18,1,25.04177,121.58735,0
500111070,20231005,957,18,18,1,25.04177,121.58735,0
500111070,20231005,958,18,18,1,25.04177,121.58735,0
500111070,20231005,959,18,18,1,25.04177,121.58735,0
500111070,20231005,961,18,18,1,25.04177,121.58735,0
500111070,20231005,962,18,18,1,25.04177,121.58735,0
500111070,20231005,963,18,18,1,25.04177,121.58735,0
500111070,20231005,964,18,18,1,25.04177,121.58735,0
500111070,20231005,965,18,18,1,25.04177,121.58735,0
500111070,20231005,966,18,18,1,25.04177,121.58735,0
500111070,20231005,967,18,17,1,25.04177,121.58735,1
500111070,20231005,968,18,17,1,25.04177,121.58735,1
500111070,20231005,969,18,17,1,25.04177,121.58735,1
500111070,20231005,970,18,17,1,25.04177,121.58735,1
500111070,20231005,971,18,17,1,25.04177,121.58735,1
500111070,20231005,972,18,17,1,25.04177,121.58735,1
500111070,20231005,973,18,17,1,25.04177,121.58735,1
500111070,20231005,974,18,18,1,25.04177,121.58735,0
500111070,20231005,975,18,18,1,25.04177,121.58735,0
500111070,20231005,976,18,18,1,25.04177,121.58735,0
500111070,20231005,977,18,18,1,25.04177,121.58735,0
500111070,20231005,978,18,18,1,25.04177,121.58735,0
500111070,20231005,979,18,17,1,25.04177,121.58735,1
500111070,20231005,981,18,17,1,25.04177,121.58735,1
500111070,20231005,982,18,17,1,25.04177,121.58735,1
500111070,20231005,983,18,17,1,25.04177,121.58735,1
500111070,20231005,984,18,16,1,25.04177,121.58735,2
500111070,20231005,985,18,16,1,25.04177,121.58735,2
500111070,20231005,986,18,16,1,25.04177,121.58735,2
500111070,20231005,987,18,16,1,25.04177,121.58735,2
500111070,20231005,988,18,16,1,25.04177,121.58735,2
500111070,20231005,989,18,16,1,25.04177,121.58735,2
500111070,20231005,990,18,16,1,25.04177,121.58735,2
500111070,20231005,991,18,16,1,25.04177,121.58735,2
500111070,20231005,992,18,16,1,25.04177,121.58735,2
500111070,20231005,993,18,16,1,25.04177,121.58735,2
500111070,20231005,994,18,15,1,25.04177,121.58735,3
500111070,20231005,995,18,15,1,25.04177,121.58735,3
500111070,20231005,996,18,16,1,25.04177,121.58735,2
500111070,20231005,997,18,16,1,25.04177,121.58735,2
500111070,20231005,998,18,18,1,25.04177,121.58735,0
500111070,20231005,999,18,18,1,25.04177,121.58735,0
500111070,20231005,1000,18,18,1,25.04177,121.58735,0
500111070,20231005,1001,18,18,1,25.04177,121.58735,0
500111070,20231005,1002,18,18,1,25.04177,121.58735,0
500111070,20231005,1003,18,17,1,25.04177,121.58735,1
500111070,20231005,1004,18,17,1,25.04177,121.58735,1
500111070,20231005,1005,18,17,1,25.04177,121.58735,1
500111070,20231005,1006,18,17,1,25.04177,121.58735,1
500111070,20231005,1007,18,16,1,25.04177,121.58735,2
500111070,20231005,1008,18,16,1,25.04177,121.58735,2
500111070,20231005,1009,18,16,1,25.04177,121.58735,2
500111070,20231005,1010,18,16,1,25.04177,121.58735,2
500111070,20231005,1011,18,16,1,25.04177,121.58735,2
500111070,20231005,1012,18,16,1,25.04177,121.58735,2
500111070,20231005,1013,18,16,1,25.04177,121.58735,2
500111070,20231005,1014,18,16,1,25.04177,121.58735,2
500111070,20231005,1015,18,16,1,25.04177,121.58735,2
500111070,20231005,1016,18,17,1,25.04177,121.58735,1
500111070,20231005,1017,18,16,1,25.04177,121.58735,2
500111070,20231005,1018,18,16,1,25.04177,121.58735,2
500111070,20231005,1019,18,16,1,25.04177,121.58735,2
500111070,20231005,1021,18,16,1,25.04177,121.58735,2
500111070,20231005,1022,18,16,1,25.04177,121.58735,2
500111070,20231005,1023,18,16,1,25.04177,121.58735,2
500111070,20231005,1024,18,15,1,25.04177,121.58735,3
500111070,20231005,1025,18,15,1,25.04177,121.58735,3
500111070,20231005,1026,18,14,1,25.04177,121.58735,4
500111070,20231005,1027,18,14,1,25.04177,121.58735,4
500111070,20231005,1028,18,14,1,25.04177,121.58735,4
500111070,20231005,1029,18,14,1,25.04177,121.58735,4
500111070,20231005,1030,18,14,1,25.04177,121.58735,4
500111070,20231005,1031,18,14,1,25.04177,121.58735,4
500111070,20231005,1032,18,14,1,25.04177,121.58735,4
500111070,20231005,1033,18,14,1,25.04177,121.58735,4
500111070,20231005,1034,18,13,1,25.04177,121.58735,5
500111070,20231005,1035,18,13,1,25.04177,121.58735,5
500111070,20231005,1036,18,14,1,25.04177,121.58735,4
500111070,20231005,1037,18,15,1,25.04177,121.58735,3
500111070,20231005,1038,18,15,1,25.04177,121.58735,3
500111070,20231005,1039,18,16,1,25.04177,121.58735,2
500111070,20231005,1041,18,16,1,25.04177,121.58735,2
500111070,20231005,1042,18,16,1,25.04177,121.58735,2
500111070,20231005,1043,18,16,1,25.04177,121.58735,2
500111070,20231005,1044,18,15,1,25.04177,121.58735,3
500111070,20231005,1045,18,15,1,25.04177,121.58735,3
500111070,20231005,1046,18,15,1,25.04177,121.58735,3
500111070,20231005,1047,18,15,1,25.04177,121.58735,3
500111070,20231005,1048,18,15,1,25.04177,121.58735,3
500111070,20231005,1049,18,15,1,25.04177,121.58735,3
500111070,20231005,1051,18,15,1,25.04177,121.58735,3
500111070,20231005,1052,18,15,1,25.04177,121.58735,3
500111070,20231005,1053,18,15,1,25.04177,121.58735,3
500111070,20231005,1054,18,15,1,25.04177,121.58735,3
500111070,20231005,1055,18,15,1,25.04177,121.58735,3
500111070,20231005,1056,18,15,1,25.04177,121.58735,3
500111070,20231005,1057,18,15,1,25.04177,121.58735,3
500111070,20231005,1058,18,15,1,25.04177,121.58735,3
500111070,20231005,1059,18,15,1,25.04177,121.58735,3
500111070,20231005,1060,18,15,1,25.04177,121.58735,3
500111070,20231005,1061,18,15,1,25.04177,121.58735,3
500111070,20231005,1062,18,15,1,25.04177,121.58735,3
500111070,20231005,1063,18,15,1,25.04177,121.58735,3
500111070,20231005,1064,18,15,1,25.04177,121.58735,3
500111070,20231005,1065,18,15,1,25.04177,121.58735,3
500111070,20231005,1066,18,15,1,25.04177,121.58735,3
500111070,20231005,1067,18,15,1,25.04177,121.58735,3
500111070,20231005,1068,18,15,1,25.04177,121.58735,3
500111070,20231005,1069,18,15,1,25.04177,121.58735,3
500111070,20231005,1070,18,16,1,25.04177,121.58735,2
500111070,20231005,1071,18,16,1,25.04177,121.58735,2
500111070,20231005,1072,18,16,1,25.04177,121.58735,2
500111070,20231005,1073,18,16,1,25.04177,121.58735,2
500111070,20231005,1074,18,16,1,25.04177,121.58735,2
500111070,20231005,1075,18,16,1,25.04177,121.58735,2
500111070,20231005,1076,18,16,1,25.04177,121.58735,2
500111070,20231005,1077,18,16,1,25.04177,121.58735,2
500111070,20231005,1078,18,16,1,25.04177,121.58735,2
500111070,20231005,1079,18,16,1,25.04177,121.58735,2
500111070,20231005,1081,18,16,1,25.04177,121.58735,2
500111070,20231005,1082,18,16,1,25.04177,121.58735,2
500111070,20231005,1083,18,16,1,25.04177,121.58735,2
500111070,20231005,1084,18,16,1,25.04177,121.58735,2
500111070,20231005,1085,18,16,1,25.04177,121.58735,2
500111070,20231005,1086,18,16,1,25.04177,121.58735,2
500111070,20231005,1087,18,16,1,25.04177,121.58735,2
500111070,20231005,1088,18,16,1,25.04177,121.58735,2
500111070,20231005,1089,18,16,1,25.04177,121.58735,2
500111070,20231005,1090,18,16,1,25.04177,121.58735,2
500111070,20231005,1091,18,16,1,25.04177,121.58735,2
500111070,20231005,1092,18,16,1,25.04177,121.58735,2
500111070,20231005,1093,18,16,1,25.04177,121.58735,2
500111070,20231005,1094,18,16,1,25.04177,121.58735,2
500111070,20231005,1095,18,16,1,25.04177,121.58735,2
500111070,20231005,1096,18,16,1,25.04177,121.58735,2
500111070,20231005,1097,18,17,1,25.04177,121.58735,1
500111070,20231005,1098,18,16,1,25.04177,121.58735,2
500111070,20231005,1099,18,16,1,25.04177,121.58735,2
500111070,20231005,1101,18,16,1,25.04177,121.58735,2
500111070,20231005,1102,18,16,1,25.04177,121.58735,2
500111070,20231005,1104,18,16,1,25.04177,121.58735,2
500111070,20231005,1105,18,16,1,25.04177,121.58735,2
500111070,20231005,1106,18,16,1,25.04177,121.58735,2
500111070,20231005,1107,18,16,1,25.04177,121.58735,2
500111070,20231005,1108,18,16,1,25.04177,121.58735,2
500111070,20231005,1109,18,16,1,25.04177,121.58735,2
500111070,20231005,1110,18,16,1,25.04177,121.58735,2
500111070,20231005,1111,18,16,1,25.04177,121.58735,2
500111070,20231005,1112,18,16,1,25.04177,121.58735,2
500111070,20231005,1113,18,16,1,25.04177,121.58735,2
500111070,20231005,1114,18,16,1,25.04177,121.58735,2
500111070,20231005,1115,18,16,1,25.04177,121.58735,2
500111070,20231005,1116,18,16,1,25.04177,121.58735,2
500111070,20231005,1117,18,16,1,25.04177,121.58735,2
500111070,20231005,1118,18,16,1,25.04177,121.58735,2
500111070,20231005,1119,18,16,1,25.04177,121.58735,2
500111070,20231005,1120,18,16,1,25.04177,121.58735,2
500111070,20231005,1121,18,16,1,25.04177,121.58735,2
500111070,20231005,1122,18,16,1,25.04177,121.58735,2
500111070,20231005,1123,18,16,1,25.04177,121.58735,2
500111070,20231005,1124,18,16,1,25.04177,121.58735,2
500111070,20231005,1125,18,16,1,25.04177,121.58735,2
500111070,20231005,1126,18,16,1,25.04177,121.58735,2
500111070,20231005,1127,18,16,1,25.04177,121.58735,2
500111070,20231005,1128,18,16,1,25.04177,121.58735,2
500111070,20231005,1129,18,16,1,25.04177,121.58735,2
500111070,20231005,1130,18,16,1,25.04177,121.58735,2
500111070,20231005,1131,18,16,1,25.04177,121.58735,2
500111070,20231005,1132,18,16,1,25.04177,121.58735,2
500111070,20231005,1133,18,16,1,25.04177,121.58735,2
500111070,20231005,1134,18,16,1,25.04177,121.58735,2
500111070,20231005,1135,18,16,1,25.04177,121.58735,2
500111070,20231005,1136,18,16,1,25.04177,121.58735,2
500111070,20231005,1137,18,16,1,25.04177,121.58735,2
500111070,20231005,1138,18,16,1,25.04177,121.58735,2
500111070,20231005,1139,18,16,1,25.04177,121.58735,2
500111070,20231005,1141,18,15,1,25.04177,121.58735,3
500111070,20231005,1142,18,15,1,25.04177,121.58735,3
500111070,20231005,1143,18,15,1,25.04177,121.58735,3
500111070,20231005,1144,18,15,1,25.04177,121.58735,3
500111070,20231005,1145,18,15,1,25.04177,121.58735,3
500111070,20231005,1146,18,15,1,25.04177,121.58735,3
500111070,20231005,1147,18,15,1,25.04177,121.58735,3
500111070,20231005,1148,18,15,1,25.04177,121.58735,3
500111070,20231005,1149,18,15,1,25.04177,121.58735,3
500111070,20231005,1150,18,15,1,25.04177,121.58735,3
500111070,20231005,1151,18,15,1,25.04177,121.58735,3
500111070,20231005,1152,18,15,1,25.04177,121.58735,3
500111070,20231005,1153,18,15,1,25.04177,121.58735,3
500111070,20231005,1154,18,15,1,25.04177,121.58735,3
500111070,20231005,1155,18,15,1,25.04177,121.58735,3
500111070,20231005,1156,18,15,1,25.04177,121.58735,3
500111070,20231005,1157,18,15,1,25.04177,121.58735,3
500111070,20231005,1158,18,15,1,25.04177,121.58735,3
500111070,20231005,1159,18,15,1,25.04177,121.58735,3
500111070,20231005,1161,18,14,1,25.04177,121.58735,4
500111070,20231005,1162,18,14,1,25.04177,121.58735,4
500111070,20231005,1163,18,14,1,25.04177,121.58735,4
500111070,20231005,1164,18,14,1,25.04177,121.58735,4
500111070,20231005,1165,18,14,1,25.04177,121.58735,4
500111070,20231005,1166,18,14,1,25.04177,121.58735,4
500111070,20231005,1167,18,14,1,25.04177,121.58735,4
500111070,20231005,1168,18,14,1,25.04177,121.58735,4
500111070,20231005,1169,18,14,1,25.04177,121.58735,4
500111070,20231005,1170,18,14,1,25.04177,121.58735,4
500111070,20231005,1171,18,14,1,25.04177,121.58735,4
500111070,20231005,1172,18,14,1,25.04177,121.58735,4
500111070,20231005,1173,18,14,1,25.04177,121.58735,4
500111070,20231005,1174,18,14,1,25.04177,121.58735,4
500111070,20231005,1175,18,14,1,25.04177,121.58735,4
500111070,20231005,1176,18,14,1,25.04177,121.58735,4
500111070,20231005,1177,18,14,1,25.04177,121.58735,4
500111070,20231005,1178,18,14,1,25.04177,121.58735,4
500111070,20231005,1179,18,14,1,25.04177,121.58735,4
500111070,20231005,1180,18,14,1,25.04177,121.58735,4
500111070,20231005,1181,18,14,1,25.04177,121.58735,4
500111070,20231005,1182,18,14,1,25.04177,121.58735,4
500111070,20231005,1183,18,13,1,25.04177,121.58735,5
500111070,20231005,1184,18,13,1,25.04177,121.58735,5
500111070,20231005,1185,18,13,1,25.04177,121.58735,5
500111070,20231005,1186,18,13,1,25.04177,121.58735,5
500111070,20231005,1187,18,13,1,25.04177,121.58735,5
500111070,20231005,1188,18,13,1,25.04177,121.58735,5
500111070,20231005,1189,18,13,1,25.04177,121.58735,5
500111070,20231005,1190,18,13,1,25.04177,121.58735,5
500111070,20231005,1191,18,13,1,25.04177,121.58735,5
500111070,20231005,1192,18,13,1,25.04177,121.58735,5
500111070,20231005,1193,18,13,1,25.04177,121.58735,5
500111070,20231005,1194,18,13,1,25.04177,121.58735,5
500111070,20231005,1195,18,13,1,25.04177,121.58735,5
500111070,20231005,1196,18,13,1,25.04177,121.58735,5
500111070,20231005,1197,18,13,1,25.04177,121.58735,5
500111070,20231005,1198,18,13,1,25.04177,121.58735,5
500111070,20231005,1199,18,13,1,25.04177,121.58735,5
500111070,20231005,1201,18,13,1,25.04177,121.58735,5
500111070,20231005,1202,18,13,1,25.04177,121.58735,5
500111070,20231005,1203,18,13,1,25.04177,121.58735,5
500111070,20231005,1204,18,13,1,25.04177,121.58735,5
500111070,20231005,1205,18,13,1,25.04177,121.58735,5
500111070,20231005,1206,18,12,1,25.04177,121.58735,6
500111070,20231005,1207,18,12,1,25.04177,121.58735,6
500111070,20231005,1208,18,12,1,25.04177,121.58735,6
500111070,20231005,1209,18,12,1,25.04177,121.58735,6
500111070,20231005,1210,18,12,1,25.04177,121.58735,6
500111070,20231005,1211,18,12,1,25.04177,121.58735,6
500111070,20231005,1212,18,12,1,25.04177,121.58735,6
500111070,20231005,1213,18,12,1,25.04177,121.58735,6
500111070,20231005,1214,18,12,1,25.04177,121.58735,6
500111070,20231005,1215,18,12,1,25.04177,121.58735,6
500111070,20231005,1216,18,12,1,25.04177,121.58735,6
500111070,20231005,1217,18,12,1,25.04177,121.58735,6
500111070,20231005,1218,18,12,1,25.04177,121.58735,6
500111070,20231005,1219,18,12,1,25.04177,121.58735,6
500111070,20231005,1221,18,12,1,25.04177,121.58735,6
500111070,20231005,1222,18,12,1,25.04177,121.58735,6
500111070,20231005,1223,18,12,1,25.04177,121.58735,6
500111070,20231005,1224,18,12,1,25.04177,121.58735,6
500111070,20231005,1225,18,12,1,25.04177,121.58735,6
500111070,20231005,1226,18,12,1,25.04177,121.58735,6
500111070,20231005,1227,18,12,1,25.04177,121.58735,6
500111070,20231005,1228,18,12,1,25.04177,121.58735,6
500111070,20231005,1229,18,12,1,25.04177,121.58735,6
500111070,20231005,1230,18,12,1,25.04177,121.58735,6
500111070,20231005,1231,18,12,1,25.04177,121.58735,6
500111070,20231005,1232,18,12,1,25.04177,121.58735,6
500111070,20231005,1233,18,12,1,25.04177,121.58735,6
500111070,20231005,1234,18,12,1,25.04177,121.58735,6
500111070,20231005,1235,18,12,1,25.04177,121.58735,6
500111070,20231005,1236,18,12,1,25.04177,121.58735,6
500111070,20231005,1237,18,12,1,25.04177,121.58735,6
500111070,20231005,1238,18,12,1,25.04177,121.58735,6
500111070,20231005,1239,18,12,1,25.04177,121.58735,6
500111070,20231005,1240,18,12,1,25.04177,121.58735,6
500111070,20231005,1241,18,12,1,25.04177,121.58735,6
500111070,20231005,1242,18,12,1,25.04177,121.58735,6
500111070,20231005,1243,18,12,1,25.04177,121.58735,6
500111070,20231005,1244,18,12,1,25.04177,121.58735,6
500111070,20231005,1245,18,12,1,25.04177,121.58735,6
500111070,20231005,1246,18,12,1,25.04177,121.58735,6
500111070,20231005,1247,18,12,1,25.04177,121.58735,6
500111070,20231005,1248,18,11,1,25.04177,121.58735,7
500111070,20231005,1249,18,11,1,25.04177,121.58735,7
500111070,20231005,1250,18,10,1,25.04177,121.58735,8
500111070,20231005,1251,18,10,1,25.04177,121.58735,8
500111070,20231005,1252,18,10,1,25.04177,121.58735,8
500111070,20231005,1253,18,10,1,25.04177,121.58735,8
500111070,20231005,1254,18,10,1,25.04177,121.58735,8
500111070,20231005,1255,18,10,1,25.04177,121.58735,8
500111070,20231005,1256,18,11,1,25.04177,121.58735,7
500111070,20231005,1257,18,11,1,25.04177,121.58735,7
500111070,20231005,1258,18,11,1,25.04177,121.58735,7
500111070,20231005,1259,18,12,1,25.04177,121.58735,6
500111070,20231005,1261,18,12,1,25.04177,121.58735,6
500111070,20231005,1262,18,12,1,25.04177,121.58735,6
500111070,20231005,1263,18,12,1,25.04177,121.58735,6
500111070,20231005,1264,18,12,1,25.04177,121.58735,6
500111070,20231005,1265,18,12,1,25.04177,121.58735,6
500111070,20231005,1266,18,12,1,25.04177,121.58735,6
500111070,20231005,1267,18,12,1,25.04177,121.58735,6
500111070,20231005,1268,18,10,1,25.04177,121.58735,8
500111070,20231005,1269,18,10,1,25.04177,121.58735,8
500111070,20231005,1270,18,10,1,25.04177,121.58735,8
500111070,20231005,1271,18,10,1,25.04177,121.58735,8
500111070,20231005,1272,18,10,1,25.04177,121.58735,8
500111070,20231005,1273,18,10,1,25.04177,121.58735,8
500111070,20231005,1274,18,9,1,25.04177,121.58735,9
500111070,20231005,1275,18,9,1,25.04177,121.58735,9
500111070,20231005,1276,18,9,1,25.04177,121.58735,9
500111070,20231005,1277,18,9,1,25.04177,121.58735,9
500111070,20231005,1278,18,9,1,25.04177,121.58735,9
500111070,20231005,1279,18,9,1,25.04177,121.58735,9
500111070,20231005,1281,18,9,1,25.04177,121.58735,9
500111070,20231005,1282,18,9,1,25.04177,121.58735,9
500111070,20231005,1283,18,8,1,25.04177,121.58735,10
500111070,20231005,1284,18,8,1,25.04177,121.58735,10
500111070,20231005,1285,18,8,1,25.04177,121.58735,10
500111070,20231005,1286,18,7,1,25.04177,121.58735,11
500111070,20231005,1287,18,7,1,25.04177,121.58735,11
500111070,20231005,1288,18,7,1,25.04177,121.58735,11
500111070,20231005,1289,18,7,1,25.04177,121.58735,11
500111070,20231005,1290,18,7,1,25.04177,121.58735,11
500111070,20231005,1291,18,7,1,25.04177,121.58735,11
500111070,20231005,1292,18,7,1,25.04177,121.58735,11
500111070,20231005,1293,18,7,1,25.04177,121.58735,11
500111070,20231005,1294,18,7,1,25.04177,121.58735,11
500111070,20231005,1295,18,7,1,25.04177,121.58735,11
500111070,20231005,1296,18,7,1,25.04177,121.58735,11
500111070,20231005,1297,18,7,1,25.04177,121.58735,11
500111070,20231005,1298,18,7,1,25.04177,121.58735,11
500111070,20231005,1299,18,7,1,25.04177,121.58735,11
500111070,20231005,1300,18,7,1,25.04177,121.58735,11
500111070,20231005,1301,18,6,1,25.04177,121.58735,12
500111070,20231005,1302,18,6,1,25.04177,121.58735,12
500111070,20231005,1303,18,6,1,25.04177,121.58735,12
500111070,20231005,1304,18,6,1,25.04177,121.58735,12
500111070,20231005,1305,18,6,1,25.04177,121.58735,12
500111070,20231005,1306,18,5,1,25.04177,121.58735,13
500111070,20231005,1307,18,4,1,25.04177,121.58735,14
500111070,20231005,1308,18,3,1,25.04177,121.58735,15
500111070,20231005,1309,18,3,1,25.04177,121.58735,15
500111070,20231005,1310,18,3,1,25.04177,121.58735,15
500111070,20231005,1311,18,3,1,25.04177,121.58735,15
500111070,20231005,1312,18,3,1,25.04177,121.58735,15
500111070,20231005,1313,18,3,1,25.04177,121.58735,15
500111070,20231005,1314,18,1,1,25.04177,121.58735,17
500111070,20231005,1315,18,1,1,25.04177,121.58735,17
500111070,20231005,1316,18,1,1,25.04177,121.58735,17
500111070,20231005,1317,18,1,1,25.04177,121.58735,17
500111070,20231005,1318,18,1,1,25.04177,121.58735,17
500111070,20231005,1319,18,1,1,25.04177,121.58735,17
500111070,20231005,1321,18,1,1,25.04177,121.58735,17
500111070,20231005,1322,18,1,1,25.04177,121.58735,17
500111070,20231005,1323,18,1,1,25.04177,121.58735,17
500111070,20231005,1324,18,1,1,25.04177,121.58735,17
500111070,20231005,1325,18,1,1,25.04177,121.58735,17
500111070,20231005,1326,18,1,1,25.04177,121.58735,17
500111070,20231005,1327,18,1,1,25.04177,121.58735,17
500111070,20231005,1328,18,1,1,25.04177,121.58735,17
500111070,20231005,1329,18,1,1,25.04177,121.58735,17
500111070,20231005,1330,18,1,1,25.04177,121.58735,17
500111070,20231005,1331,18,1,1,25.04177,121.58735,17
500111070,20231005,1332,18,1,1,25.04177,121.58735,17
500111070,20231005,1333,18,1,1,25.04177,121.58735,17
500111070,20231005,1334,18,7,1,25.04177,121.58735,11
500111070,20231005,1335,18,7,1,25.04177,121.58735,11
500111070,20231005,1336,18,7,1,25.04177,121.58735,11
500111070,20231005,1337,18,12,1,25.04177,121.58735,6
500111070,20231005,1338,18,12,1,25.04177,121.58735,6
500111070,20231005,1339,18,13,1,25.04177,121.58735,5
500111070,20231005,1341,18,15,1,25.04177,121.58735,3
500111070,20231005,1342,18,15,1,25.04177,121.58735,3
500111070,20231005,1343,18,15,1,25.04177,121.58735,3
500111070,20231005,1344,18,15,1,25.04177,121.58735,3
500111070,20231005,1345,18,15,1,25.04177,121.58735,3
500111070,20231005,1346,18,15,1,25.04177,121.58735,3
500111070,20231005,1347,18,15,1,25.04177,121.58735,3
500111070,20231005,1348,18,15,1,25.04177,121.58735,3
500111070,20231005,1349,18,15,1,25.04177,121.58735,3
500111070,20231005,1350,18,15,1,25.04177,121.58735,3
500111070,20231005,1351,18,15,1,25.04177,121.58735,3
500111070,20231005,1352,18,15,1,25.04177,121.58735,3
500111070,20231005,1353,18,15,1,25.04177,121.58735,3
500111070,20231005,1354,18,15,1,25.04177,121.58735,3
500111070,20231005,1355,18,15,1,25.04177,121.58735,3
500111070,20231005,1356,18,15,1,25.04177,121.58735,3
500111070,20231005,1357,18,14,1,25.04177,121.58735,4
500111070,20231005,1358,18,14,1,25.04177,121.58735,4
500111070,20231005,1359,18,14,1,25.04177,121.58735,4
500111070,20231005,1360,18,14,1,25.04177,121.58735,4
500111070,20231005,1361,18,14,1,25.04177,121.58735,4
500111070,20231005,1362,18,14,1,25.04177,121.58735,4
500111070,20231005,1363,18,13,1,25.04177,121.58735,5
500111070,20231005,1364,18,13,1,25.04177,121.58735,5
500111070,20231005,1365,18,13,1,25.04177,121.58735,5
500111070,20231005,1366,18,13,1,25.04177,121.58735,5
500111070,20231005,1367,18,13,1,25.04177,121.58735,5
500111070,20231005,1368,18,12,1,25.04177,121.58735,6
500111070,20231005,1369,18,12,1,25.04177,121.58735,6
500111070,20231005,1370,18,12,1,25.04177,121.58735,6
500111070,20231005,1371,18,12,1,25.04177,121.58735,6
500111070,20231005,1372,18,12,1,25.04177,121.58735,6
500111070,20231005,1373,18,12,1,25.04177,121.58735,6
500111070,20231005,1374,18,12,1,25.04177,121.58735,6
500111070,20231005,1375,18,12,1,25.04177,121.58735,6
500111070,20231005,1376,18,12,1,25.04177,121.58735,6
500111070,20231005,1377,18,12,1,25.04177,121.58735,6
500111070,20231005,1378,18,12,1,25.04177,121.58735,6
500111070,20231005,1379,18,12,1,25.04177,121.58735,6
500111070,20231005,1381,18,12,1,25.04177,121.58735,6
500111070,20231005,1382,18,12,1,25.04177,121.58735,6
500111070,20231005,1383,18,12,1,25.04177,121.58735,6
500111070,20231005,1384,18,12,1,25.04177,121.58735,6
500111070,20231005,1385,18,12,1,25.04177,121.58735,6
500111070,20231005,1386,18,12,1,25.04177,121.58735,6
500111070,20231005,1387,18,12,1,25.04177,121.58735,6
500111070,20231005,1388,18,12,1,25.04177,121.58735,6
500111070,20231005,1389,18,11,1,25.04177,121.58735,7
500111070,20231005,1390,18,11,1,25.04177,121.58735,7
500111070,20231005,1391,18,11,1,25.04177,121.58735,7
500111070,20231005,1392,18,12,1,25.04177,121.58735,6
500111070,20231005,1393,18,12,1,25.04177,121.58735,6
500111070,20231005,1394,18,12,1,25.04177,121.58735,6
500111070,20231005,1395,18,12,1,25.04177,121.58735,6
500111070,20231005,1396,18,12,1,25.04177,121.58735,6
500111070,20231005,1397,18,12,1,25.04177,121.58735,6
500111070,20231005,1398,18,12,1,25.04177,121.58735,6
500111070,20231005,1399,18,12,1,25.04177,121.58735,6
500111070,20231005,1401,18,12,1,25.04177,121.58735,6
500111070,20231005,1402,18,12,1,25.04177,121.58735,6
500111070,20231005,1403,18,12,1,25.04177,121.58735,6
500111070,20231005,1404,18,12,1,25.04177,121.58735,6
500111070,20231005,1405,18,12,1,25.04177,121.58735,6
500111070,20231005,1406,18,12,1,25.04177,121.58735,6
500111070,20231005,1408,18,12,1,25.04177,121.58735,6
500111070,20231005,1409,18,12,1,25.04177,121.58735,6
500111070,20231005,1410,18,12,1,25.04177,121.58735,6
500111070,20231005,1411,18,12,1,25.04177,121.58735,6
500111070,20231005,1412,18,12,1,25.04177,121.58735,6
500111070,20231005,1413,18,13,1,25.04177,121.58735,5
500111070,20231005,1414,18,13,1,25.04177,121.58735,5
500111070,20231005,1415,18,13,1,25.04177,121.58735,5
500111070,20231005,1416,18,13,1,25.04177,121.58735,5
500111070,20231005,1417,18,13,1,25.04177,121.58735,5
500111070,20231005,1418,18,13,1,25.04177,121.58735,5
500111070,20231005,1419,18,13,1,25.04177,121.58735,5
500111070,20231005,1420,18,13,1,25.04177,121.58735,5
500111070,20231005,1421,18,13,1,25.04177,121.58735,5
500111070,20231005,1422,18,13,1,25.04177,121.58735,5
500111070,20231005,1423,18,13,1,25.04177,121.58735,5
500111070,20231005,1424,18,13,1,25.04177,121.58735,5
500111070,20231005,1425,18,13,1,25.04177,121.58735,5
500111070,20231005,1426,18,14,1,25.04177,121.58735,4
500111070,20231005,1427,18,14,1,25.04177,121.58735,4
500111070,20231005,1428,18,14,1,25.04177,121.58735,4
500111070,20231005,1429,18,14,1,25.04177,121.58735,4
500111070,20231005,1430,18,13,1,25.04177,121.58735,5
500111070,20231005,1431,18,13,1,25.04177,121.58735,5
500111070,20231005,1432,18,13,1,25.04177,121.58735,5
500111070,20231005,1433,18,13,1,25.04177,121.58735,5
500111070,20231005,1434,18,13,1,25.04177,121.58735,5
500111070,20231005,1435,18,13,1,25.04177,121.58735,5
500111070,20231005,1436,18,13,1,25.04177,121.58735,5
500111070,20231005,1437,18,13,1,25.04177,121.58735,5
500111070,20231005,1438,18,13,1,25.04177,121.58735,5
500111070,20231005,1439,18,13,1,25.04177,121.58735,5
500111070,20231006,1,18,13,1,25.04177,121.58735,5
500111070,20231006,2,18,13,1,25.04177,121.58735,5
500111070,20231006,3,18,13,1,25.04177,121.58735,5
500111070,20231006,4,18,13,1,25.04177,121.58735,5
500111070,20231006,5,18,13,1,25.04177,121.58735,5
500111070,20231006,6,18,13,1,25.04177,121.58735,5
500111070,20231006,7,18,13,1,25.04177,121.58735,5
500111070,20231006,8,18,13,1,25.04177,121.58735,5
500111070,20231006,9,18,13,1,25.04177,121.58735,5
500111070,20231006,10,18,13,1,25.04177,121.58735,5
500111070,20231006,11,18,13,1,25.04177,121.58735,5
500111070,20231006,12,18,13,1,25.04177,121.58735,5
500111070,20231006,13,18,14,1,25.04177,121.58735,4
500111070,20231006,14,18,14,1,25.04177,121.58735,4
500111070,20231006,15,18,14,1,25.04177,121.58735,4
500111070,20231006,16,18,14,1,25.04177,121.58735,4
500111070,20231006,17,18,14,1,25.04177,121.58735,4
500111070,20231006,18,18,14,1,25.04177,121.58735,4
500111070,20231006,19,18,14,1,25.04177,121.58735,4
500111070,20231006,21,18,13,1,25.04177,121.58735,5
500111070,20231006,22,18,13,1,25.04177,121.58735,5
500111070,20231006,23,18,13,1,25.04177,121.58735,5
500111070,20231006,24,18,13,1,25.04177,121.58735,5
500111070,20231006,25,18,13,1,25.04177,121.58735,5
500111070,20231006,26,18,13,1,25.04177,121.58735,5
500111070,20231006,27,18,13,1,25.04177,121.58735,5
500111070,20231006,28,18,13,1,25.04177,121.58735,5
500111070,20231006,29,18,13,1,25.04177,121.58735,5
500111070,20231006,30,18,13,1,25.04177,121.58735,5
500111070,20231006,31,18,13,1,25.04177,121.58735,5
500111070,20231006,32,18,13,1,25.04177,121.58735,5
500111070,20231006,33,18,13,1,25.04177,121.58735,5
500111070,20231006,34,18,13,1,25.04177,121.58735,5
500111070,20231006,35,18,13,1,25.04177,121.58735,5
500111070,20231006,36,18,12,1,25.04177,121.58735,6
500111070,20231006,37,18,12,1,25.04177,121.58735,6
500111070,20231006,38,18,12,1,25.04177,121.58735,6
500111070,20231006,39,18,12,1,25.04177,121.58735,6
500111070,20231006,40,18,12,1,25.04177,121.58735,6
500111070,20231006,41,18,12,1,25.04177,121.58735,6
500111070,20231006,42,18,12,1,25.04177,121.58735,6
500111070,20231006,43,18,12,1,25.04177,121.58735,6
500111070,20231006,44,18,12,1,25.04177,121.58735,6
500111070,20231006,45,18,12,1,25.04177,121.58735,6
500111070,20231006,46,18,12,1,25.04177,121.58735,6
500111070,20231006,47,18,12,1,25.04177,121.58735,6
500111070,20231006,48,18,12,1,25.04177,121.58735,6
500111070,20231006,49,18,12,1,25.04177,121.58735,6
500111070,20231006,50,18,12,1,25.04177,121.58735,6
500111070,20231006,51,18,12,1,25.04177,121.58735,6
500111070,20231006,52,18,12,1,25.04177,121.58735,6
500111070,20231006,53,18,12,1,25.04177,121.58735,6
500111070,20231006,54,18,12,1,25.04177,121.58735,6
500111070,20231006,55,18,12,1,25.04177,121.58735,6
500111070,20231006,56,18,12,1,25.04177,121.58735,6
500111070,20231006,57,18,12,1,25.04177,121.58735,6
500111070,20231006,58,18,12,1,25.04177,121.58735,6
500111070,20231006,59,18,12,1,25.04177,121.58735,6
500111070,20231006,61,18,12,1,25.04177,121.58735,6
500111070,20231006,62,18,12,1,25.04177,121.58735,6
500111070,20231006,63,18,12,1,25.04177,121.58735,6
500111070,20231006,64,18,12,1,25.04177,121.58735,6
500111070,20231006,65,18,12,1,25.04177,121.58735,6
500111070,20231006,66,18,12,1,25.04177,121.58735,6
500111070,20231006,67,18,12,1,25.04177,121.58735,6
500111070,20231006,68,18,13,1,25.04177,121.58735,5
500111070,20231006,69,18,15,1,25.04177,121.58735,3
500111070,20231006,70,18,15,1,25.04177,121.58735,3
500111070,20231006,71,18,15,1,25.04177,121.58735,3
500111070,20231006,72,18,15,1,25.04177,121.58735,3
500111070,20231006,73,18,15,1,25.04177,121.58735,3
500111070,20231006,74,18,15,1,25.04177,121.58735,3
500111070,20231006,75,18,15,1,25.04177,121.58735,3
500111070,20231006,76,18,15,1,25.04177,121.58735,3
500111070,20231006,77,18,15,1,25.04177,121.58735,3
500111070,20231006,78,18,15,1,25.04177,121.58735,3
500111070,20231006,79,18,15,1,25.04177,121.58735,3
500111070,20231006,81,18,15,1,25.04177,121.58735,3
500111070,20231006,82,18,15,1,25.04177,121.58735,3
500111070,20231006,83,18,15,1,25.04177,121.58735,3
500111070,20231006,84,18,15,1,25.04177,121.58735,3
500111070,20231006,85,18,15,1,25.04177,121.58735,3
500111070,20231006,86,18,15,1,25.04177,121.58735,3
500111070,20231006,87,18,15,1,25.04177,121.58735,3
500111070,20231006,88,18,15,1,25.04177,121.58735,3
500111070,20231006,89,18,15,1,25.04177,121.58735,3
500111070,20231006,90,18,15,1,25.04177,121.58735,3
500111070,20231006,91,18,15,1,25.04177,121.58735,3
500111070,20231006,92,18,15,1,25.04177,121.58735,3
500111070,20231006,93,18,15,1,25.04177,121.58735,3
500111070,20231006,94,18,15,1,25.04177,121.58735,3
500111070,20231006,95,18,15,1,25.04177,121.58735,3
500111070,20231006,96,18,15,1,25.04177,121.58735,3
500111070,20231006,97,18,15,1,25.04177,121.58735,3
500111070,20231006,98,18,15,1,25.04177,121.58735,3
500111070,20231006,99,18,15,1,25.04177,121.58735,3
500111070,20231006,100,18,15,1,25.04177,121.58735,3
500111070,20231006,101,18,15,1,25.04177,121.58735,3
500111070,20231006,102,18,15,1,25.04177,121.58735,3
500111070,20231006,103,18,15,1,25.04177,121.58735,3
500111070,20231006,104,18,15,1,25.04177,121.58735,3
500111070,20231006,105,18,15,1,25.04177,121.58735,3
500111070,20231006,106,18,15,1,25.04177,121.58735,3
500111070,20231006,107,18,15,1,25.04177,121.58735,3
500111070,20231006,108,18,15,1,25.04177,121.58735,3
500111070,20231006,109,18,15,1,25.04177,121.58735,3
500111070,20231006,110,18,15,1,25.04177,121.58735,3
500111070,20231006,111,18,15,1,25.04177,121.58735,3
500111070,20231006,112,18,15,1,25.04177,121.58735,3
500111070,20231006,113,18,15,1,25.04177,121.58735,3
500111070,20231006,114,18,15,1,25.04177,121.58735,3
500111070,20231006,115,18,15,1,25.04177,121.58735,3
500111070,20231006,116,18,15,1,25.04177,121.58735,3
500111070,20231006,117,18,15,1,25.04177,121.58735,3
500111070,20231006,118,18,15,1,25.04177,121.58735,3
500111070,20231006,119,18,15,1,25.04177,121.58735,3
500111070,20231006,121,18,15,1,25.04177,121.58735,3
500111070,20231006,122,18,15,1,25.04177,121.58735,3
500111070,20231006,123,18,15,1,25.04177,121.58735,3
500111070,20231006,124,18,15,1,25.04177,121.58735,3
500111070,20231006,125,18,15,1,25.04177,121.58735,3
500111070,20231006,126,18,15,1,25.04177,121.58735,3
500111070,20231006,127,18,15,1,25.04177,121.58735,3
500111070,20231006,128,18,15,1,25.04177,121.58735,3
500111070,20231006,129,18,15,1,25.04177,121.58735,3
500111070,20231006,130,18,15,1,25.04177,121.58735,3
500111070,20231006,131,18,15,1,25.04177,121.58735,3
500111070,20231006,132,18,15,1,25.04177,121.58735,3
500111070,20231006,133,18,15,1,25.04177,121.58735,3
500111070,20231006,134,18,16,1,25.04177,121.58735,2
500111070,20231006,135,18,16,1,25.04177,121.58735,2
500111070,20231006,136,18,16,1,25.04177,121.58735,2
500111070,20231006,137,18,16,1,25.04177,121.58735,2
500111070,20231006,138,18,16,1,25.04177,121.58735,2
500111070,20231006,139,18,16,1,25.04177,121.58735,2
500111070,20231006,141,18,16,1,25.04177,121.58735,2
500111070,20231006,142,18,16,1,25.04177,121.58735,2
500111070,20231006,143,18,16,1,25.04177,121.58735,2
500111070,20231006,144,18,16,1,25.04177,121.58735,2
500111070,20231006,145,18,16,1,25.04177,121.58735,2
500111070,20231006,146,18,16,1,25.04177,121.58735,2
500111070,20231006,147,18,16,1,25.04177,121.58735,2
500111070,20231006,148,18,16,1,25.04177,121.58735,2
500111070,20231006,149,18,16,1,25.04177,121.58735,2
500111070,20231006,150,18,16,1,25.04177,121.58735,2
500111070,20231006,151,18,16,1,25.04177,121.58735,2
500111070,20231006,152,18,16,1,25.04177,121.58735,2
500111070,20231006,153,18,16,1,25.04177,121.58735,2
500111070,20231006,154,18,16,1,25.04177,121.58735,2
500111070,20231006,155,18,16,1,25.04177,121.58735,2
500111070,20231006,156,18,16,1,25.04177,121.58735,2
500111070,20231006,157,18,16,1,25.04177,121.58735,2
500111070,20231006,158,18,16,1,25.04177,121.58735,2
500111070,20231006,159,18,16,1,25.04177,121.58735,2
500111070,20231006,160,18,16,1,25.04177,121.58735,2
500111070,20231006,161,18,16,1,25.04177,121.58735,2
500111070,20231006,162,18,16,1,25.04177,121.58735,2
500111070,20231006,163,18,14,1,25.04177,121.58735,4
500111070,20231006,164,18,14,1,25.04177,121.58735,4
500111070,20231006,165,18,14,1,25.04177,121.58735,4
500111070,20231006,166,18,14,1,25.04177,121.58735,4
500111070,20231006,167,18,14,1,25.04177,121.58735,4
500111070,20231006,168,18,14,1,25.04177,121.58735,4
500111070,20231006,169,18,14,1,25.04177,121.58735,4
500111070,20231006,170,18,14,1,25.04177,121.58735,4
500111070,20231006,171,18,14,1,25.04177,121.58735,4
500111070,20231006,172,18,13,1,25.04177,121.58735,5
500111070,20231006,173,18,13,1,25.04177,121.58735,5
500111070,20231006,174,18,13,1,25.04177,121.58735,5
500111070,20231006,175,18,13,1,25.04177,121.58735,5
500111070,20231006,176,18,13,1,25.04177,121.58735,5
500111070,20231006,177,18,13,1,25.04177,121.58735,5
500111070,20231006,178,18,13,1,25.04177,121.58735,5
500111070,20231006,179,18,13,1,25.04177,121.58735,5
500111070,20231006,180,18,13,1,25.04177,121.58735,5
500111070,20231006,181,18,13,1,25.04177,121.58735,5
500111070,20231006,182,18,13,1,25.04177,121.58735,5
500111070,20231006,183,18,13,1,25.04177,121.58735,5
500111070,20231006,184,18,13,1,25.04177,121.58735,5
500111070,20231006,185,18,13,1,25.04177,121.58735,5
500111070,20231006,186,18,13,1,25.04177,121.58735,5
500111070,20231006,187,18,13,1,25.04177,121.58735,5
500111070,20231006,188,18,13,1,25.04177,121.58735,5
500111070,20231006,189,18,13,1,25.04177,121.58735,5
500111070,20231006,190,18,13,1,25.04177,121.58735,5
500111070,20231006,191,18,13,1,25.04177,121.58735,5
500111070,20231006,192,18,13,1,25.04177,121.58735,5
500111070,20231006,193,18,13,1,25.04177,121.58735,5
500111070,20231006,194,18,13,1,25.04177,121.58735,5
500111070,20231006,195,18,13,1,25.04177,121.58735,5
500111070,20231006,196,18,13,1,25.04177,121.58735,5
500111070,20231006,197,18,13,1,25.04177,121.58735,5
500111070,20231006,198,18,13,1,25.04177,121.58735,5
500111070,20231006,199,18,13,1,25.04177,121.58735,5
500111070,20231006,201,18,13,1,25.04177,121.58735,5
500111070,20231006,202,18,13,1,25.04177,121.58735,5
500111070,20231006,203,18,13,1,25.04177,121.58735,5
500111070,20231006,204,18,13,1,25.04177,121.58735,5
500111070,20231006,205,18,13,1,25.04177,121.58735,5
500111070,20231006,206,18,13,1,25.04177,121.58735,5
500111070,20231006,207,18,13,1,25.04177,121.58735,5
500111070,20231006,208,18,13,1,25.04177,121.58735,5
500111070,20231006,209,18,13,1,25.04177,121.58735,5
500111070,20231006,210,18,13,1,25.04177,121.58735,5
500111070,20231006,211,18,13,1,25.04177,121.58735,5
500111070,20231006,212,18,13,1,25.04177,121.58735,5
500111070,20231006,213,18,13,1,25.04177,121.58735,5
500111070,20231006,214,18,13,1,25.04177,121.58735,5
500111070,20231006,215,18,13,1,25.04177,121.58735,5
500111070,20231006,216,18,13,1,25.04177,121.58735,5
500111070,20231006,217,18,13,1,25.04177,121.58735,5
500111070,20231006,218,18,13,1,25.04177,121.58735,5
500111070,20231006,219,18,13,1,25.04177,121.58735,5
500111070,20231006,220,18,13,1,25.04177,121.58735,5
500111070,20231006,221,18,13,1,25.04177,121.58735,5
500111070,20231006,222,18,13,1,25.04177,121.58735,5
500111070,20231006,223,18,13,1,25.04177,121.58735,5
500111070,20231006,224,18,13,1,25.04177,121.58735,5
500111070,20231006,225,18,13,1,25.04177,121.58735,5
500111070,20231006,226,18,13,1,25.04177,121.58735,5
500111070,20231006,227,18,13,1,25.04177,121.58735,5
500111070,20231006,228,18,13,1,25.04177,121.58735,5
500111070,20231006,229,18,13,1,25.04177,121.58735,5
500111070,20231006,230,18,13,1,25.04177,121.58735,5
500111070,20231006,231,18,13,1,25.04177,121.58735,5
500111070,20231006,232,18,13,1,25.04177,121.58735,5
500111070,20231006,233,18,13,1,25.04177,121.58735,5
500111070,20231006,234,18,13,1,25.04177,121.58735,5
500111070,20231006,235,18,13,1,25.04177,121.58735,5
500111070,20231006,236,18,13,1,25.04177,121.58735,5
500111070,20231006,237,18,13,1,25.04177,121.58735,5
500111070,20231006,238,18,13,1,25.04177,121.58735,5
500111070,20231006,239,18,13,1,25.04177,121.58735,5
500111070,20231006,241,18,13,1,25.04177,121.58735,5
500111070,20231006,242,18,13,1,25.04177,121.58735,5
500111070,20231006,243,18,13,1,25.04177,121.58735,5
500111070,20231006,244,18,13,1,25.04177,121.58735,5
500111070,20231006,245,18,13,1,25.04177,121.58735,5
500111070,20231006,246,18,13,1,25.04177,121.58735,5
500111070,20231006,247,18,13,1,25.04177,121.58735,5
500111070,20231006,248,18,13,1,25.04177,121.58735,5
500111070,20231006,249,18,13,1,25.04177,121.58735,5
500111070,20231006,250,18,13,1,25.04177,121.58735,5
500111070,20231006,251,18,13,1,25.04177,121.58735,5
500111070,20231006,252,18,13,1,25.04177,121.58735,5
500111070,20231006,253,18,13,1,25.04177,121.58735,5
500111070,20231006,254,18,13,1,25.04177,121.58735,5
500111070,20231006,255,18,13,1,25.04177,121.58735,5
500111070,20231006,256,18,13,1,25.04177,121.58735,5
500111070,20231006,257,18,13,1,25.04177,121.58735,5
500111070,20231006,258,18,13,1,25.04177,121.58735,5
500111070,20231006,259,18,13,1,25.04177,121.58735,5
500111070,20231006,261,18,13,1,25.04177,121.58735,5
500111070,20231006,262,18,13,1,25.04177,121.58735,5
500111070,20231006,264,18,13,1,25.04177,121.58735,5
500111070,20231006,265,18,13,1,25.04177,121.58735,5
500111070,20231006,266,18,13,1,25.04177,121.58735,5
500111070,20231006,267,18,13,1,25.04177,121.58735,5
500111070,20231006,268,18,13,1,25.04177,121.58735,5
500111070,20231006,269,18,13,1,25.04177,121.58735,5
500111070,20231006,270,18,13,1,25.04177,121.58735,5
500111070,20231006,271,18,13,1,25.04177,121.58735,5
500111070,20231006,272,18,13,1,25.04177,121.58735,5
500111070,20231006,273,18,13,1,25.04177,121.58735,5
500111070,20231006,274,18,13,1,25.04177,121.58735,5
500111070,20231006,275,18,13,1,25.04177,121.58735,5
500111070,20231006,276,18,13,1,25.04177,121.58735,5
500111070,20231006,277,18,13,1,25.04177,121.58735,5
500111070,20231006,278,18,13,1,25.04177,121.58735,5
500111070,20231006,279,18,13,1,25.04177,121.58735,5
500111070,20231006,280,18,13,1,25.04177,121.58735,5
500111070,20231006,281,18,13,1,25.04177,121.58735,5
500111070,20231006,282,18,13,1,25.04177,121.58735,5
500111070,20231006,283,18,13,1,25.04177,121.58735,5
500111070,20231006,284,18,13,1,25.04177,121.58735,5
500111070,20231006,285,18,13,1,25.04177,121.58735,5
500111070,20231006,286,18,13,1,25.04177,121.58735,5
500111070,20231006,287,18,13,1,25.04177,121.58735,5
500111070,20231006,288,18,13,1,25.04177,121.58735,5
500111070,20231006,289,18,13,1,25.04177,121.58735,5
500111070,20231006,290,18,13,1,25.04177,121.58735,5
500111070,20231006,291,18,13,1,25.04177,121.58735,5
500111070,20231006,292,18,13,1,25.04177,121.58735,5
500111070,20231006,293,18,13,1,25.04177,121.58735,5
500111070,20231006,294,18,13,1,25.04177,121.58735,5
500111070,20231006,295,18,13,1,25.04177,121.58735,5
500111070,20231006,296,18,13,1,25.04177,121.58735,5
500111070,20231006,297,18,13,1,25.04177,121.58735,5
500111070,20231006,298,18,13,1,25.04177,121.58735,5
500111070,20231006,299,18,13,1,25.04177,121.58735,5
500111070,20231006,300,18,13,1,25.04177,121.58735,5
500111070,20231006,301,18,13,1,25.04177,121.58735,5
500111070,20231006,302,18,13,1,25.04177,121.58735,5
500111070,20231006,303,18,13,1,25.04177,121.58735,5
500111070,20231006,304,18,13,1,25.04177,121.58735,5
500111070,20231006,305,18,13,1,25.04177,121.58735,5
500111070,20231006,306,18,13,1,25.04177,121.58735,5
500111070,20231006,307,18,13,1,25.04177,121.58735,5
500111070,20231006,308,18,13,1,25.04177,121.58735,5
500111070,20231006,309,18,13,1,25.04177,121.58735,5
500111070,20231006,310,18,13,1,25.04177,121.58735,5
500111070,20231006,311,18,13,1,25.04177,121.58735,5
500111070,20231006,312,18,13,1,25.04177,121.58735,5
500111070,20231006,313,18,13,1,25.04177,121.58735,5
500111070,20231006,314,18,13,1,25.04177,121.58735,5
500111070,20231006,315,18,13,1,25.04177,121.58735,5
500111070,20231006,316,18,13,1,25.04177,121.58735,5
500111070,20231006,317,18,13,1,25.04177,121.58735,5
500111070,20231006,318,18,13,1,25.04177,121.58735,5
500111070,20231006,319,18,13,1,25.04177,121.58735,5
500111070,20231006,321,18,13,1,25.04177,121.58735,5
500111070,20231006,322,18,13,1,25.04177,121.58735,5
500111070,20231006,323,18,14,1,25.04177,121.58735,4
500111070,20231006,324,18,14,1,25.04177,121.58735,4
500111070,20231006,325,18,14,1,25.04177,121.58735,4
500111070,20231006,326,18,14,1,25.04177,121.58735,4
500111070,20231006,327,18,14,1,25.04177,121.58735,4
500111070,20231006,328,18,14,1,25.04177,121.58735,4
500111070,20231006,329,18,14,1,25.04177,121.58735,4
500111070,20231006,330,18,14,1,25.04177,121.58735,4
500111070,20231006,331,18,14,1,25.04177,121.58735,4
500111070,20231006,332,18,14,1,25.04177,121.58735,4
500111070,20231006,333,18,14,1,25.04177,121.58735,4
500111070,20231006,334,18,14,1,25.04177,121.58735,4
500111070,20231006,335,18,14,1,25.04177,121.58735,4
500111070,20231006,336,18,14,1,25.04177,121.58735,4
500111070,20231006,337,18,14,1,25.04177,121.58735,4
500111070,20231006,338,18,14,1,25.04177,121.58735,4
500111070,20231006,339,18,14,1,25.04177,121.58735,4
500111070,20231006,340,18,14,1,25.04177,121.58735,4
500111070,20231006,341,18,14,1,25.04177,121.58735,4
500111070,20231006,342,18,14,1,25.04177,121.58735,4
500111070,20231006,343,18,14,1,25.04177,121.58735,4
500111070,20231006,344,18,14,1,25.04177,121.58735,4
500111070,20231006,345,18,14,1,25.04177,121.58735,4
500111070,20231006,346,18,14,1,25.04177,121.58735,4
500111070,20231006,347,18,14,1,25.04177,121.58735,4
500111070,20231006,348,18,14,1,25.04177,121.58735,4
500111070,20231006,349,18,14,1,25.04177,121.58735,4
500111070,20231006,350,18,14,1,25.04177,121.58735,4
500111070,20231006,351,18,14,1,25.04177,121.58735,4
500111070,20231006,352,18,14,1,25.04177,121.58735,4
500111070,20231006,353,18,14,1,25.04177,121.58735,4
500111070,20231006,354,18,14,1,25.04177,121.58735,4
500111070,20231006,355,18,14,1,25.04177,121.58735,4
500111070,20231006,356,18,14,1,25.04177,121.58735,4
500111070,20231006,357,18,14,1,25.04177,121.58735,4
500111070,20231006,358,18,14,1,25.04177,121.58735,4
500111070,20231006,359,18,15,1,25.04177,121.58735,3
500111070,20231006,360,18,15,1,25.04177,121.58735,3
500111070,20231006,361,18,15,1,25.04177,121.58735,3
500111070,20231006,362,18,15,1,25.04177,121.58735,3
500111070,20231006,363,18,15,1,25.04177,121.58735,3
500111070,20231006,364,18,15,1,25.04177,121.58735,3
500111070,20231006,365,18,15,1,25.04177,121.58735,3
500111070,20231006,366,18,15,1,25.04177,121.58735,3
500111070,20231006,367,18,15,1,25.04177,121.58735,3
500111070,20231006,368,18,15,1,25.04177,121.58735,3
500111070,20231006,369,18,15,1,25.04177,121.58735,3
500111070,20231006,370,18,15,1,25.04177,121.58735,3
500111070,20231006,371,18,15,1,25.04177,121.58735,3
500111070,20231006,372,18,16,1,25.04177,121.58735,2
500111070,20231006,373,18,16,1,25.04177,121.58735,2
500111070,20231006,374,18,16,1,25.04177,121.58735,2
500111070,20231006,375,18,16,1,25.04177,121.58735,2
500111070,20231006,376,18,16,1,25.04177,121.58735,2
500111070,20231006,377,18,16,1,25.04177,121.58735,2
500111070,20231006,378,18,16,1,25.04177,121.58735,2
500111070,20231006,379,18,16,1,25.04177,121.58735,2
500111070,20231006,381,18,16,1,25.04177,121.58735,2
500111070,20231006,382,18,16,1,25.04177,121.58735,2
500111070,20231006,383,18,16,1,25.04177,121.58735,2
500111070,20231006,384,18,16,1,25.04177,121.58735,2
500111070,20231006,385,18,16,1,25.04177,121.58735,2
500111070,20231006,386,18,16,1,25.04177,121.58735,2
500111070,20231006,387,18,16,1,25.04177,121.58735,2
500111070,20231006,388,18,16,1,25.04177,121.58735,2
500111070,20231006,389,18,16,1,25.04177,121.58735,2
500111070,20231006,390,18,16,1,25.04177,121.58735,2
500111070,20231006,391,18,16,1,25.04177,121.58735,2
500111070,20231006,392,18,16,1,25.04177,121.58735,2
500111070,20231006,393,18,16,1,25.04177,121.58735,2
500111070,20231006,394,18,16,1,25.04177,121.58735,2
500111070,20231006,395,18,16,1,25.04177,121.58735,2
500111070,20231006,396,18,16,1,25.04177,121.58735,2
500111070,20231006,397,18,16,1,25.04177,121.58735,2
500111070,20231006,398,18,16,1,25.04177,121.58735,2
500111070,20231006,399,18,16,1,25.04177,121.58735,2
500111070,20231006,400,18,17,1,25.04177,121.58735,1
500111070,20231006,401,18,17,1,25.04177,121.58735,1
500111070,20231006,402,18,17,1,25.04177,121.58735,1
500111070,20231006,403,18,17,1,25.04177,121.58735,1
500111070,20231006,404,18,17,1,25.04177,121.58735,1
500111070,20231006,405,18,17,1,25.04177,121.58735,1
500111070,20231006,406,18,17,1,25.04177,121.58735,1
500111070,20231006,407,18,17,1,25.04177,121.58735,1
500111070,20231006,408,18,18,1,25.04177,121.58735,0
500111070,20231006,409,18,18,1,25.04177,121.58735,0
500111070,20231006,410,18,18,1,25.04177,121.58735,0
500111070,20231006,411,18,18,1,25.04177,121.58735,0
500111070,20231006,412,18,18,1,25.04177,121.58735,0
500111070,20231006,413,18,18,1,25.04177,121.58735,0
500111070,20231006,414,18,18,1,25.04177,121.58735,0
500111070,20231006,415,18,18,1,25.04177,121.58735,0
500111070,20231006,416,18,18,1,25.04177,121.58735,0
500111070,20231006,417,18,18,1,25.04177,121.58735,0
500111070,20231006,418,18,18,1,25.04177,121.58735,0
500111070,20231006,419,18,18,1,25.04177,121.58735,0
500111070,20231006,421,18,18,1,25.04177,121.58735,0
500111070,20231006,422,18,18,1,25.04177,121.58735,0
500111070,20231006,423,18,18,1,25.04177,121.58735,0
500111070,20231006,424,18,18,1,25.04177,121.58735,0
500111070,20231006,425,18,18,1,25.04177,121.58735,0
500111070,20231006,426,18,12,1,25.04177,121.58735,6
500111070,20231006,427,18,8,1,25.04177,121.58735,10
500111070,20231006,428,18,5,1,25.04177,121.58735,13
500111070,20231006,429,18,6,1,25.04177,121.58735,12
500111070,20231006,430,18,6,1,25.04177,121.58735,12
500111070,20231006,431,18,6,1,25.04177,121.58735,12
500111070,20231006,432,18,6,1,25.04177,121.58735,12
500111070,20231006,433,18,6,1,25.04177,121.58735,12
500111070,20231006,434,18,6,1,25.04177,121.58735,12
500111070,20231006,435,18,6,1,25.04177,121.58735,12
500111070,20231006,436,18,6,1,25.04177,121.58735,12
500111070,20231006,437,18,6,1,25.04177,121.58735,12
500111070,20231006,438,18,7,1,25.04177,121.58735,11
500111070,20231006,439,18,7,1,25.04177,121.58735,11
500111070,20231006,441,18,7,1,25.04177,121.58735,11
500111070,20231006,442,18,5,1,25.04177,121.58735,13
500111070,20231006,443,18,5,1,25.04177,121.58735,13
500111070,20231006,444,18,6,1,25.04177,121.58735,12
500111070,20231006,445,18,6,1,25.04177,121.58735,12
500111070,20231006,446,18,7,1,25.04177,121.58735,11
500111070,20231006,447,18,8,1,25.04177,121.58735,10
500111070,20231006,448,18,8,1,25.04177,121.58735,10
500111070,20231006,449,18,8,1,25.04177,121.58735,10
500111070,20231006,451,18,8,1,25.04177,121.58735,10
500111070,20231006,452,18,9,1,25.04177,121.58735,9
500111070,20231006,453,18,9,1,25.04177,121.58735,9
500111070,20231006,454,18,9,1,25.04177,121.58735,9
500111070,20231006,455,18,10,1,25.04177,121.58735,8
500111070,20231006,456,18,10,1,25.04177,121.58735,8
500111070,20231006,457,18,10,1,25.04177,121.58735,8
500111070,20231006,458,18,11,1,25.04177,121.58735,7
500111070,20231006,459,18,13,1,25.04177,121.58735,5
500111070,20231006,460,18,14,1,25.04177,121.58735,4
500111070,20231006,461,18,15,1,25.04177,121.58735,3
500111070,20231006,462,18,15,1,25.04177,121.58735,3
500111070,20231006,463,18,15,1,25.04177,121.58735,3
500111070,20231006,464,18,15,1,25.04177,121.58735,3
500111070,20231006,465,18,15,1,25.04177,121.58735,3
500111070,20231006,466,18,16,1,25.04177,121.58735,2
500111070,20231006,467,18,16,1,25.04177,121.58735,2
500111070,20231006,468,18,16,1,25.04177,121.58735,2
500111070,20231006,469,18,16,1,25.04177,121.58735,2
500111070,20231006,470,18,15,1,25.04177,121.58735,3
500111070,20231006,471,18,14,1,25.04177,121.58735,4
500111070,20231006,472,18,14,1,25.04177,121.58735,4
500111070,20231006,473,18,14,1,25.04177,121.58735,4
500111070,20231006,474,18,15,1,25.04177,121.58735,3
500111070,20231006,475,18,15,1,25.04177,121.58735,3
500111070,20231006,476,18,15,1,25.04177,121.58735,3
500111070,20231006,477,18,15,1,25.04177,121.58735,3
500111070,20231006,478,18,15,1,25.04177,121.58735,3
500111070,20231006,479,18,15,1,25.04177,121.58735,3
500111070,20231006,481,18,15,1,25.04177,121.58735,3
500111070,20231006,484,18,16,1,25.04177,121.58735,2
500111070,20231006,485,18,16,1,25.04177,121.58735,2
500111070,20231006,486,18,15,1,25.04177,121.58735,3
500111070,20231006,487,18,14,1,25.04177,121.58735,4
500111070,20231006,488,18,16,1,25.04177,121.58735,2
500111070,20231006,489,18,16,1,25.04177,121.58735,2
500111070,20231006,490,18,16,1,25.04177,121.58735,2
500111070,20231006,491,18,18,1,25.04177,121.58735,0
500111070,20231006,492,18,18,1,25.04177,121.58735,0
500111070,20231006,493,18,18,1,25.04177,121.58735,0
500111070,20231006,494,18,18,1,25.04177,121.58735,0
500111070,20231006,495,18,18,1,25.04177,121.58735,0
500111070,20231006,496,18,18,1,25.04177,121.58735,0
500111070,20231006,497,18,18,1,25.04177,121.58735,0
500111070,20231006,498,18,17,1,25.04177,121.58735,1
500111070,20231006,499,18,17,1,25.04177,121.58735,1
500111070,20231006,501,18,17,1,25.04177,121.58735,1
500111070,20231006,502,18,17,1,25.04177,121.58735,1
500111070,20231006,503,18,17,1,25.04177,121.58735,1
500111070,20231006,504,18,17,1,25.04177,121.58735,1
500111070,20231006,505,18,18,1,25.04177,121.58735,0
500111070,20231006,506,18,18,1,25.04177,121.58735,0
500111070,20231006,507,18,18,1,25.04177,121.58735,0
500111070,20231006,508,18,18,1,25.04177,121.58735,0
500111070,20231006,509,18,18,1,25.04177,121.58735,0
500111070,20231006,511,18,18,1,25.04177,121.58735,0
500111070,20231006,512,18,18,1,25.04177,121.58735,0
500111070,20231006,513,18,18,1,25.04177,121.58735,0
500111070,20231006,514,18,18,1,25.04177,121.58735,0
500111070,20231006,515,18,18,1,25.04177,121.58735,0
500111070,20231006,516,18,18,1,25.04177,121.58735,0
500111070,20231006,517,18,18,1,25.04177,121.58735,0
500111070,20231006,518,18,18,1,25.04177,121.58735,0
500111070,20231006,519,18,18,1,25.04177,121.58735,0
500111070,20231006,520,18,18,1,25.04177,121.58735,0
500111070,20231006,521,18,18,1,25.04177,121.58735,0
500111070,20231006,522,18,18,1,25.04177,121.58735,0
500111070,20231006,523,18,18,1,25.04177,121.58735,0
500111070,20231006,524,18,18,1,25.04177,121.58735,0
500111070,20231006,525,18,18,1,25.04177,121.58735,0
500111070,20231006,526,18,18,1,25.04177,121.58735,0
500111070,20231006,527,18,18,1,25.04177,121.58735,0
500111070,20231006,528,18,18,1,25.04177,121.58735,0
500111070,20231006,529,18,18,1,25.04177,121.58735,0
500111070,20231006,530,18,18,1,25.04177,121.58735,0
500111070,20231006,531,18,18,1,25.04177,121.58735,0
500111070,20231006,532,18,18,1,25.04177,121.58735,0
500111070,20231006,533,18,18,1,25.04177,121.58735,0
500111070,20231006,534,18,18,1,25.04177,121.58735,0
500111070,20231006,535,18,18,1,25.04177,121.58735,0
500111070,20231006,536,18,18,1,25.04177,121.58735,0
500111070,20231006,537,18,18,1,25.04177,121.58735,0
500111070,20231006,538,18,18,1,25.04177,121.58735,0
500111070,20231006,539,18,18,1,25.04177,121.58735,0
500111070,20231006,541,18,18,1,25.04177,121.58735,0
500111070,20231006,542,18,18,1,25.04177,121.58735,0
500111070,20231006,543,18,18,1,25.04177,121.58735,0
500111070,20231006,544,18,18,1,25.04177,121.58735,0
500111070,20231006,545,18,17,1,25.04177,121.58735,1
500111070,20231006,546,18,17,1,25.04177,121.58735,1
500111070,20231006,547,18,17,1,25.04177,121.58735,1
500111070,20231006,548,18,17,1,25.04177,121.58735,1
500111070,20231006,549,18,17,1,25.04177,121.58735,1
500111070,20231006,550,18,17,1,25.04177,121.58735,1
500111070,20231006,551,18,17,1,25.04177,121.58735,1
500111070,20231006,552,18,18,1,25.04177,121.58735,0
500111070,20231006,553,18,18,1,25.04177,121.58735,0
500111070,20231006,554,18,18,1,25.04177,121.58735,0
500111070,20231006,555,18,18,1,25.04177,121.58735,0
500111070,20231006,556,18,18,1,25.04177,121.58735,0
500111070,20231006,557,18,18,1,25.04177,121.58735,0
500111070,20231006,558,18,18,1,25.04177,121.58735,0
500111070,20231006,559,18,18,1,25.04177,121.58735,0
500111070,20231006,561,18,18,1,25.04177,121.58735,0
500111070,20231006,562,18,18,1,25.04177,121.58735,0
500111070,20231006,563,18,17,1,25.04177,121.58735,1
500111070,20231006,564,18,17,1,25.04177,121.58735,1
500111070,20231006,565,18,18,1,25.04177,121.58735,0
500111070,20231006,566,18,18,1,25.04177,121.58735,0
500111070,20231006,567,18,18,1,25.04177,121.58735,0
500111070,20231006,568,18,18,1,25.04177,121.58735,0
500111070,20231006,569,18,18,1,25.04177,121.58735,0
500111070,20231006,571,18,18,1,25.04177,121.58735,0
500111070,20231006,572,18,18,1,25.04177,121.58735,0
500111070,20231006,573,18,18,1,25.04177,121.58735,0
500111070,20231006,574,18,18,1,25.04177,121.58735,0
500111070,20231006,575,18,18,1,25.04177,121.58735,0
500111070,20231006,576,18,18,1,25.04177,121.58735,0
500111070,20231006,577,18,17,1,25.04177,121.58735,1
500111070,20231006,578,18,17,1,25.04177,121.58735,1
500111070,20231006,579,18,17,1,25.04177,121.58735,1
500111070,20231006,580,18,17,1,25.04177,121.58735,1
500111070,20231006,581,18,17,1,25.04177,121.58735,1
500111070,20231006,582,18,18,1,25.04177,121.58735,0
500111070,20231006,583,18,18,1,25.04177,121.58735,0
500111070,20231006,584,18,18,1,25.04177,121.58735,0
500111070,20231006,585,18,18,1,25.04177,121.58735,0
500111070,20231006,586,18,18,1,25.04177,121.58735,0
500111070,20231006,587,18,18,1,25.04177,121.58735,0
500111070,20231006,588,18,18,1,25.04177,121.58735,0
500111070,20231006,589,18,18,1,25.04177,121.58735,0
500111070,20231006,590,18,18,1,25.04177,121.58735,0
500111070,20231006,591,18,18,1,25.04177,121.58735,0
500111070,20231006,592,18,18,1,25.04177,121.58735,0
500111070,20231006,593,18,18,1,25.04177,121.58735,0
500111070,20231006,594,18,18,1,25.04177,121.58735,0
500111070,20231006,595,18,18,1,25.04177,121.58735,0
500111070,20231006,596,18,18,1,25.04177,121.58735,0
500111070,20231006,597,18,18,1,25.04177,121.58735,0
500111070,20231006,598,18,18,1,25.04177,121.58735,0
500111070,20231006,599,18,18,1,25.04177,121.58735,0
500111070,20231006,601,18,18,1,25.04177,121.58735,0
500111070,20231006,602,18,18,1,25.04177,121.58735,0
500111070,20231006,603,18,18,1,25.04177,121.58735,0
500111070,20231006,604,18,18,1,25.04177,121.58735,0
500111070,20231006,605,18,18,1,25.04177,121.58735,0
500111070,20231006,606,18,18,1,25.04177,121.58735,0
500111070,20231006,607,18,18,1,25.04177,121.58735,0
500111070,20231006,608,18,18,1,25.04177,121.58735,0
500111070,20231006,609,18,18,1,25.04177,121.58735,0
500111070,20231006,610,18,18,1,25.04177,121.58735,0
500111070,20231006,611,18,18,1,25.04177,121.58735,0
500111070,20231006,612,18,18,1,25.04177,121.58735,0
500111070,20231006,613,18,18,1,25.04177,121.58735,0
500111070,20231006,614,18,18,1,25.04177,121.58735,0
500111070,20231006,615,18,18,1,25.04177,121.58735,0
500111070,20231006,616,18,18,1,25.04177,121.58735,0
500111070,20231006,617,18,18,1,25.04177,121.58735,0
500111070,20231006,618,18,18,1,25.04177,121.58735,0
500111070,20231006,619,18,18,1,25.04177,121.58735,0
500111070,20231006,621,18,18,1,25.04177,121.58735,0
500111070,20231006,622,18,18,1,25.04177,121.58735,0
500111070,20231006,623,18,18,1,25.04177,121.58735,0
500111070,20231006,624,18,18,1,25.04177,121.58735,0
500111070,20231006,625,18,18,1,25.04177,121.58735,0
500111070,20231006,626,18,18,1,25.04177,121.58735,0
500111070,20231006,627,18,18,1,25.04177,121.58735,0
500111070,20231006,628,18,17,1,25.04177,121.58735,1
500111070,20231006,629,18,17,1,25.04177,121.58735,1
500111070,20231006,630,18,17,1,25.04177,121.58735,1
500111070,20231006,631,18,18,1,25.04177,121.58735,0
500111070,20231006,632,18,18,1,25.04177,121.58735,0
500111070,20231006,633,18,18,1,25.04177,121.58735,0
500111070,20231006,634,18,18,1,25.04177,121.58735,0
500111070,20231006,635,18,18,1,25.04177,121.58735,0
500111070,20231006,636,18,18,1,25.04177,121.58735,0
500111070,20231006,637,18,18,1,25.04177,121.58735,0
500111070,20231006,638,18,18,1,25.04177,121.58735,0
500111070,20231006,639,18,18,1,25.04177,121.58735,0
500111070,20231006,640,18,18,1,25.04177,121.58735,0
500111070,20231006,641,18,18,1,25.04177,121.58735,0
500111070,20231006,642,18,18,1,25.04177,121.58735,0
500111070,20231006,643,18,18,1,25.04177,121.58735,0
500111070,20231006,644,18,18,1,25.04177,121.58735,0
500111070,20231006,645,18,18,1,25.04177,121.58735,0
500111070,20231006,646,18,18,1,25.04177,121.58735,0
500111070,20231006,647,18,18,1,25.04177,121.58735,0
500111070,20231006,648,18,18,1,25.04177,121.58735,0
500111070,20231006,649,18,17,1,25.04177,121.58735,1
500111070,20231006,650,18,17,1,25.04177,121.58735,1
500111070,20231006,651,18,17,1,25.04177,121.58735,1
500111070,20231006,652,18,17,1,25.04177,121.58735,1
500111070,20231006,653,18,17,1,25.04177,121.58735,1
500111070,20231006,654,18,17,1,25.04177,121.58735,1
500111070,20231006,655,18,17,1,25.04177,121.58735,1
500111070,20231006,656,18,17,1,25.04177,121.58735,1
500111070,20231006,657,18,17,1,25.04177,121.58735,1
500111070,20231006,658,18,17,1,25.04177,121.58735,1
500111070,20231006,659,18,17,1,25.04177,121.58735,1
500111070,20231006,661,18,17,1,25.04177,121.58735,1
500111070,20231006,662,18,17,1,25.04177,121.58735,1
500111070,20231006,663,18,17,1,25.04177,121.58735,1
500111070,20231006,664,18,17,1,25.04177,121.58735,1
500111070,20231006,665,18,17,1,25.04177,121.58735,1
500111070,20231006,666,18,17,1,25.04177,121.58735,1
500111070,20231006,667,18,17,1,25.04177,121.58735,1
500111070,20231006,668,18,18,1,25.04177,121.58735,0
500111070,20231006,669,18,18,1,25.04177,121.58735,0
500111070,20231006,670,18,18,1,25.04177,121.58735,0
500111070,20231006,671,18,18,1,25.04177,121.58735,0
500111070,20231006,672,18,18,1,25.04177,121.58735,0
500111070,20231006,673,18,18,1,25.04177,121.58735,0
500111070,20231006,674,18,18,1,25.04177,121.58735,0
500111070,20231006,675,18,18,1,25.04177,121.58735,0
500111070,20231006,676,18,18,1,25.04177,121.58735,0
500111070,20231006,677,18,18,1,25.04177,121.58735,0
500111070,20231006,678,18,18,1,25.04177,121.58735,0
500111070,20231006,679,18,18,1,25.04177,121.58735,0
500111070,20231006,681,18,18,1,25.04177,121.58735,0
500111070,20231006,682,18,18,1,25.04177,121.58735,0
500111070,20231006,683,18,18,1,25.04177,121.58735,0
500111070,20231006,684,18,18,1,25.04177,121.58735,0
500111070,20231006,685,18,18,1,25.04177,121.58735,0
500111070,20231006,686,18,18,1,25.04177,121.58735,0
500111070,20231006,687,18,18,1,25.04177,121.58735,0
500111070,20231006,688,18,18,1,25.04177,121.58735,0
500111070,20231006,689,18,18,1,25.04177,121.58735,0
500111070,20231006,690,18,18,1,25.04177,121.58735,0
500111070,20231006,691,18,18,1,25.04177,121.58735,0
500111070,20231006,692,18,18,1,25.04177,121.58735,0
500111070,20231006,693,18,18,1,25.04177,121.58735,0
500111070,20231006,694,18,18,1,25.04177,121.58735,0
500111070,20231006,695,18,18,1,25.04177,121.58735,0
500111070,20231006,696,18,18,1,25.04177,121.58735,0
500111070,20231006,697,18,17,1,25.04177,121.58735,1
500111070,20231006,698,18,17,1,25.04177,121.58735,1
500111070,20231006,699,18,18,1,25.04177,121.58735,0
500111070,20231006,700,18,18,1,25.04177,121.58735,0
500111070,20231006,701,18,18,1,25.04177,121.58735,0
500111070,20231006,702,18,18,1,25.04177,121.58735,0
500111070,20231006,703,18,18,1,25.04177,121.58735,0
500111070,20231006,704,18,18,1,25.04177,121.58735,0
500111070,20231006,705,18,18,1,25.04177,121.58735,0
500111070,20231006,706,18,18,1,25.04177,121.58735,0
500111070,20231006,707,18,18,1,25.04177,121.58735,0
500111070,20231006,708,18,18,1,25.04177,121.58735,0
500111070,20231006,709,18,18,1,25.04177,121.58735,0
500111070,20231006,710,18,18,1,25.04177,121.58735,0
500111070,20231006,711,18,18,1,25.04177,121.58735,0
500111070,20231006,712,18,18,1,25.04177,121.58735,0
500111070,20231006,713,18,18,1,25.04177,121.58735,0
500111070,20231006,714,18,18,1,25.04177,121.58735,0
500111070,20231006,715,18,18,1,25.04177,121.58735,0
500111070,20231006,716,18,18,1,25.04177,121.58735,0
500111070,20231006,717,18,18,1,25.04177,121.58735,0
500111070,20231006,718,18,18,1,25.04177,121.58735,0
500111070,20231006,719,18,18,1,25.04177,121.58735,0
500111070,20231006,721,18,17,1,25.04177,121.58735,1
500111070,20231006,722,18,17,1,25.04177,121.58735,1
500111070,20231006,723,18,17,1,25.04177,121.58735,1
500111070,20231006,724,18,17,1,25.04177,121.58735,1
500111070,20231006,725,18,17,1,25.04177,121.58735,1
500111070,20231006,726,18,17,1,25.04177,121.58735,1
500111070,20231006,727,18,17,1,25.04177,121.58735,1
500111070,20231006,728,18,17,1,25.04177,121.58735,1
500111070,20231006,729,18,17,1,25.04177,121.58735,1
500111070,20231006,730,18,17,1,25.04177,121.58735,1
500111070,20231006,731,18,17,1,25.04177,121.58735,1
500111070,20231006,732,18,18,1,25.04177,121.58735,0
500111070,20231006,733,18,17,1,25.04177,121.58735,1
500111070,20231006,734,18,17,1,25.04177,121.58735,1
500111070,20231006,735,18,17,1,25.04177,121.58735,1
500111070,20231006,736,18,18,1,25.04177,121.58735,0
500111070,20231006,737,18,18,1,25.04177,121.58735,0
500111070,20231006,738,18,18,1,25.04177,121.58735,0
500111070,20231006,739,18,18,1,25.04177,121.58735,0
500111070,20231006,741,18,18,1,25.04177,121.58735,0
500111070,20231006,742,18,18,1,25.04177,121.58735,0
500111070,20231006,743,18,18,1,25.04177,121.58735,0
500111070,20231006,744,18,18,1,25.04177,121.58735,0
500111070,20231006,745,18,18,1,25.04177,121.58735,0
500111070,20231006,746,18,18,1,25.04177,121.58735,0
500111070,20231006,747,18,18,1,25.04177,121.58735,0
500111070,20231006,748,18,18,1,25.04177,121.58735,0
500111070,20231006,749,18,18,1,25.04177,121.58735,0
500111070,20231006,750,18,18,1,25.04177,121.58735,0
500111070,20231006,751,18,18,1,25.04177,121.58735,0
500111070,20231006,752,18,18,1,25.04177,121.58735,0
500111070,20231006,753,18,18,1,25.04177,121.58735,0
500111070,20231006,754,18,18,1,25.04177,121.58735,0
500111070,20231006,755,18,18,1,25.04177,121.58735,0
500111070,20231006,756,18,18,1,25.04177,121.58735,0
500111070,20231006,757,18,18,1,25.04177,121.58735,0
500111070,20231006,758,18,18,1,25.04177,121.58735,0
500111070,20231006,759,18,18,1,25.04177,121.58735,0
500111070,20231006,760,18,18,1,25.04177,121.58735,0
500111070,20231006,761,18,18,1,25.04177,121.58735,0
500111070,20231006,762,18,18,1,25.04177,121.58735,0
500111070,20231006,763,18,18,1,25.04177,121.58735,0
500111070,20231006,764,18,18,1,25.04177,121.58735,0
500111070,20231006,765,18,18,1,25.04177,121.58735,0
500111070,20231006,766,18,18,1,25.04177,121.58735,0
500111070,20231006,767,18,18,1,25.04177,121.58735,0
500111070,20231006,768,18,18,1,25.04177,121.58735,0
500111070,20231006,769,18,17,1,25.04177,121.58735,1
500111070,20231006,770,18,17,1,25.04177,121.58735,1
500111070,20231006,771,18,17,1,25.04177,121.58735,1
500111070,20231006,772,18,18,1,25.04177,121.58735,0
500111070,20231006,773,18,18,1,25.04177,121.58735,0
500111070,20231006,774,18,18,1,25.04177,121.58735,0
500111070,20231006,775,18,18,1,25.04177,121.58735,0
500111070,20231006,776,18,18,1,25.04177,121.58735,0
500111070,20231006,777,18,18,1,25.04177,121.58735,0
500111070,20231006,778,18,17,1,25.04177,121.58735,1
500111070,20231006,779,18,17,1,25.04177,121.58735,1
500111070,20231006,781,18,17,1,25.04177,121.58735,1
500111070,20231006,782,18,17,1,25.04177,121.58735,1
500111070,20231006,783,18,18,1,25.04177,121.58735,0
500111070,20231006,784,18,18,1,25.04177,121.58735,0
500111070,20231006,785,18,18,1,25.04177,121.58735,0
500111070,20231006,786,18,18,1,25.04177,121.58735,0
500111070,20231006,787,18,18,1,25.04177,121.58735,0
500111070,20231006,788,18,18,1,25.04177,121.58735,0
500111070,20231006,789,18,18,1,25.04177,121.58735,0
500111070,20231006,790,18,18,1,25.04177,121.58735,0
500111070,20231006,791,18,18,1,25.04177,121.58735,0
500111070,20231006,792,18,18,1,25.04177,121.58735,0
500111070,20231006,793,18,18,1,25.04177,121.58735,0
500111070,20231006,794,18,18,1,25.04177,121.58735,0
500111070,20231006,795,18,18,1,25.04177,121.58735,0
500111070,20231006,796,18,18,1,25.04177,121.58735,0
500111070,20231006,797,18,18,1,25.04177,121.58735,0
500111070,20231006,798,18,18,1,25.04177,121.58735,0
500111070,20231006,799,18,18,1,25.04177,121.58735,0
500111070,20231006,801,18,18,1,25.04177,121.58735,0
500111070,20231006,802,18,18,1,25.04177,121.58735,0
500111070,20231006,803,18,18,1,25.04177,121.58735,0
500111070,20231006,804,18,18,1,25.04177,121.58735,0
500111070,20231006,805,18,18,1,25.04177,121.58735,0
500111070,20231006,806,18,18,1,25.04177,121.58735,0
500111070,20231006,807,18,18,1,25.04177,121.58735,0
500111070,20231006,808,18,18,1,25.04177,121.58735,0
500111070,20231006,809,18,18,1,25.04177,121.58735,0
500111070,20231006,810,18,18,1,25.04177,121.58735,0
500111070,20231006,811,18,18,1,25.04177,121.58735,0
500111070,20231006,812,18,18,1,25.04177,121.58735,0
500111070,20231006,813,18,18,1,25.04177,121.58735,0
500111070,20231006,814,18,18,1,25.04177,121.58735,0
500111070,20231006,815,18,18,1,25.04177,121.58735,0
500111070,20231006,816,18,18,1,25.04177,121.58735,0
500111070,20231006,817,18,18,1,25.04177,121.58735,0
500111070,20231006,818,18,18,1,25.04177,121.58735,0
500111070,20231006,819,18,18,1,25.04177,121.58735,0
500111070,20231006,820,18,18,1,25.04177,121.58735,0
500111070,20231006,821,18,18,1,25.04177,121.58735,0
500111070,20231006,822,18,18,1,25.04177,121.58735,0
500111070,20231006,823,18,18,1,25.04177,121.58735,0
500111070,20231006,824,18,18,1,25.04177,121.58735,0
500111070,20231006,825,18,18,1,25.04177,121.58735,0
500111070,20231006,826,18,18,1,25.04177,121.58735,0
500111070,20231006,827,18,18,1,25.04177,121.58735,0
500111070,20231006,828,18,18,1,25.04177,121.58735,0
500111070,20231006,829,18,18,1,25.04177,121.58735,0
500111070,20231006,830,18,18,1,25.04177,121.58735,0
500111070,20231006,831,18,18,1,25.04177,121.58735,0
500111070,20231006,832,18,18,1,25.04177,121.58735,0
500111070,20231006,833,18,18,1,25.04177,121.58735,0
500111070,20231006,834,18,18,1,25.04177,121.58735,0
500111070,20231006,835,18,18,1,25.04177,121.58735,0
500111070,20231006,836,18,18,1,25.04177,121.58735,0
500111070,20231006,837,18,18,1,25.04177,121.58735,0
500111070,20231006,838,18,18,1,25.04177,121.58735,0
500111070,20231006,839,18,18,1,25.04177,121.58735,0
500111070,20231006,841,18,18,1,25.04177,121.58735,0
500111070,20231006,842,18,18,1,25.04177,121.58735,0
500111070,20231006,843,18,18,1,25.04177,121.58735,0
500111070,20231006,844,18,18,1,25.04177,121.58735,0
500111070,20231006,845,18,18,1,25.04177,121.58735,0
500111070,20231006,846,18,18,1,25.04177,121.58735,0
500111070,20231006,847,18,17,1,25.04177,121.58735,1
500111070,20231006,848,18,16,1,25.04177,121.58735,2
500111070,20231006,849,18,16,1,25.04177,121.58735,2
500111070,20231006,850,18,16,1,25.04177,121.58735,2
500111070,20231006,851,18,17,1,25.04177,121.58735,1
500111070,20231006,852,18,17,1,25.04177,121.58735,1
500111070,20231006,853,18,17,1,25.04177,121.58735,1
500111070,20231006,854,18,16,1,25.04177,121.58735,2
500111070,20231006,855,18,16,1,25.04177,121.58735,2
500111070,20231006,856,18,17,1,25.04177,121.58735,1
500111070,20231006,857,18,17,1,25.04177,121.58735,1
500111070,20231006,858,18,17,1,25.04177,121.58735,1
500111070,20231006,859,18,17,1,25.04177,121.58735,1
500111070,20231006,861,18,17,1,25.04177,121.58735,1
500111070,20231006,862,18,17,1,25.04177,121.58735,1
500111070,20231006,863,18,17,1,25.04177,121.58735,1
500111070,20231006,864,18,17,1,25.04177,121.58735,1
500111070,20231006,865,18,17,1,25.04177,121.58735,1
500111070,20231006,866,18,17,1,25.04177,121.58735,1
500111070,20231006,868,18,18,1,25.04177,121.58735,0
500111070,20231006,869,18,18,1,25.04177,121.58735,0
500111070,20231006,870,18,18,1,25.04177,121.58735,0
500111070,20231006,871,18,18,1,25.04177,121.58735,0
500111070,20231006,872,18,18,1,25.04177,121.58735,0
500111070,20231006,873,18,18,1,25.04177,121.58735,0
500111070,20231006,874,18,18,1,25.04177,121.58735,0
500111070,20231006,875,18,18,1,25.04177,121.58735,0
500111070,20231006,876,18,18,1,25.04177,121.58735,0
500111070,20231006,877,18,18,1,25.04177,121.58735,0
500111070,20231006,878,18,18,1,25.04177,121.58735,0
500111070,20231006,879,18,18,1,25.04177,121.58735,0
500111070,20231006,880,18,18,1,25.04177,121.58735,0
500111070,20231006,881,18,18,1,25.04177,121.58735,0
500111070,20231006,882,18,18,1,25.04177,121.58735,0
500111070,20231006,883,18,17,1,25.04177,121.58735,1
500111070,20231006,884,18,17,1,25.04177,121.58735,1
500111070,20231006,885,18,17,1,25.04177,121.58735,1
500111070,20231006,886,18,17,1,25.04177,121.58735,1
500111070,20231006,887,18,17,1,25.04177,121.58735,1
500111070,20231006,888,18,17,1,25.04177,121.58735,1
500111070,20231006,889,18,17,1,25.04177,121.58735,1
500111070,20231006,890,18,17,1,25.04177,121.58735,1
500111070,20231006,891,18,17,1,25.04177,121.58735,1
500111070,20231006,892,18,17,1,25.04177,121.58735,1
500111070,20231006,893,18,17,1,25.04177,121.58735,1
500111070,20231006,894,18,17,1,25.04177,121.58735,1
500111070,20231006,895,18,17,1,25.04177,121.58735,1
500111070,20231006,896,18,17,1,25.04177,121.58735,1
500111070,20231006,897,18,17,1,25.04177,121.58735,1
500111070,20231006,898,18,17,1,25.04177,121.58735,1
500111070,20231006,899,18,17,1,25.04177,121.58735,1
500111070,20231006,901,18,18,1,25.04177,121.58735,0
500111070,20231006,902,18,18,1,25.04177,121.58735,0
500111070,20231006,903,18,18,1,25.04177,121.58735,0
500111070,20231006,904,18,18,1,25.04177,121.58735,0
500111070,20231006,905,18,18,1,25.04177,121.58735,0
500111070,20231006,906,18,18,1,25.04177,121.58735,0
500111070,20231006,907,18,18,1,25.04177,121.58735,0
500111070,20231006,908,18,18,1,25.04177,121.58735,0
500111070,20231006,909,18,18,1,25.04177,121.58735,0
500111070,20231006,910,18,18,1,25.04177,121.58735,0
500111070,20231006,911,18,18,1,25.04177,121.58735,0
500111070,20231006,912,18,18,1,25.04177,121.58735,0
500111070,20231006,913,18,18,1,25.04177,121.58735,0
500111070,20231006,914,18,18,1,25.04177,121.58735,0
500111070,20231006,915,18,18,1,25.04177,121.58735,0
500111070,20231006,916,18,18,1,25.04177,121.58735,0
500111070,20231006,917,18,18,1,25.04177,121.58735,0
500111070,20231006,918,18,18,1,25.04177,121.58735,0
500111070,20231006,919,18,18,1,25.04177,121.58735,0
500111070,20231006,921,18,18,1,25.04177,121.58735,0
500111070,20231006,922,18,18,1,25.04177,121.58735,0
500111070,20231006,923,18,18,1,25.04177,121.58735,0
500111070,20231006,924,18,17,1,25.04177,121.58735,1
500111070,20231006,925,18,16,1,25.04177,121.58735,2
500111070,20231006,926,18,16,1,25.04177,121.58735,2
500111070,20231006,927,18,16,1,25.04177,121.58735,2
500111070,20231006,928,18,17,1,25.04177,121.58735,1
500111070,20231006,929,18,17,1,25.04177,121.58735,1
500111070,20231006,931,18,17,1,25.04177,121.58735,1
500111070,20231006,932,18,17,1,25.04177,121.58735,1
500111070,20231006,933,18,17,1,25.04177,121.58735,1
500111070,20231006,934,18,17,1,25.04177,121.58735,1
500111070,20231006,935,18,17,1,25.04177,121.58735,1
500111070,20231006,936,18,17,1,25.04177,121.58735,1
500111070,20231006,937,18,18,1,25.04177,121.58735,0
500111070,20231006,938,18,18,1,25.04177,121.58735,0
500111070,20231006,939,18,17,1,25.04177,121.58735,1
500111070,20231006,940,18,17,1,25.04177,121.58735,1
500111070,20231006,941,18,17,1,25.04177,121.58735,1
500111070,20231006,942,18,17,1,25.04177,121.58735,1
500111070,20231006,943,18,17,1,25.04177,121.58735,1
500111070,20231006,944,18,17,1,25.04177,121.58735,1
500111070,20231006,945,18,17,1,25.04177,121.58735,1
500111070,20231006,946,18,17,1,25.04177,121.58735,1
500111070,20231006,947,18,17,1,25.04177,121.58735,1
500111070,20231006,948,18,17,1,25.04177,121.58735,1
500111070,20231006,949,18,16,1,25.04177,121.58735,2
500111070,20231006,950,18,16,1,25.04177,121.58735,2
500111070,20231006,951,18,16,1,25.04177,121.58735,2
500111070,20231006,952,18,15,1,25.04177,121.58735,3
500111070,20231006,953,18,15,1,25.04177,121.58735,3
500111070,20231006,954,18,16,1,25.04177,121.58735,2
500111070,20231006,955,18,16,1,25.04177,121.58735,2
500111070,20231006,956,18,16,1,25.04177,121.58735,2
500111070,20231006,957,18,17,1,25.04177,121.58735,1
500111070,20231006,958,18,17,1,25.04177,121.58735,1
500111070,20231006,959,18,17,1,25.04177,121.58735,1
500111070,20231006,961,18,17,1,25.04177,121.58735,1
500111070,20231006,962,18,16,1,25.04177,121.58735,2
500111070,20231006,963,18,16,1,25.04177,121.58735,2
500111070,20231006,964,18,16,1,25.04177,121.58735,2
500111070,20231006,965,18,16,1,25.04177,121.58735,2
500111070,20231006,966,18,16,1,25.04177,121.58735,2
500111070,20231006,967,18,17,1,25.04177,121.58735,1
500111070,20231006,968,18,17,1,25.04177,121.58735,1
500111070,20231006,969,18,17,1,25.04177,121.58735,1
500111070,20231006,970,18,17,1,25.04177,121.58735,1
500111070,20231006,971,18,17,1,25.04177,121.58735,1
500111070,20231006,972,18,17,1,25.04177,121.58735,1
500111070,20231006,973,18,17,1,25.04177,121.58735,1
500111070,20231006,974,18,17,1,25.04177,121.58735,1
500111070,20231006,975,18,17,1,25.04177,121.58735,1
500111070,20231006,976,18,17,1,25.04177,121.58735,1
500111070,20231006,977,18,17,1,25.04177,121.58735,1
500111070,20231006,978,18,17,1,25.04177,121.58735,1
500111070,20231006,979,18,17,1,25.04177,121.58735,1
500111070,20231006,981,18,17,1,25.04177,121.58735,1
500111070,20231006,982,18,16,1,25.04177,121.58735,2
500111070,20231006,983,18,16,1,25.04177,121.58735,2
500111070,20231006,984,18,15,1,25.04177,121.58735,3
500111070,20231006,985,18,15,1,25.04177,121.58735,3
500111070,20231006,986,18,15,1,25.04177,121.58735,3
500111070,20231006,987,18,15,1,25.04177,121.58735,3
500111070,20231006,988,18,15,1,25.04177,121.58735,3
500111070,20231006,989,18,15,1,25.04177,121.58735,3
500111070,20231006,991,18,15,1,25.04177,121.58735,3
500111070,20231006,992,18,15,1,25.04177,121.58735,3
500111070,20231006,993,18,15,1,25.04177,121.58735,3
500111070,20231006,994,18,15,1,25.04177,121.58735,3
500111070,20231006,995,18,15,1,25.04177,121.58735,3
500111070,20231006,996,18,15,1,25.04177,121.58735,3
500111070,20231006,997,18,15,1,25.04177,121.58735,3
500111070,20231006,998,18,16,1,25.04177,121.58735,2
500111070,20231006,999,18,15,1,25.04177,121.58735,3
500111070,20231006,1000,18,16,1,25.04177,121.58735,2
500111070,20231006,1001,18,16,1,25.04177,121.58735,2
500111070,20231006,1002,18,16,1,25.04177,121.58735,2
500111070,20231006,1003,18,16,1,25.04177,121.58735,2
500111070,20231006,1004,18,16,1,25.04177,121.58735,2
500111070,20231006,1005,18,16,1,25.04177,121.58735,2
500111070,20231006,1006,18,16,1,25.04177,121.58735,2
500111070,20231006,1007,18,16,1,25.04177,121.58735,2
500111070,20231006,1008,18,16,1,25.04177,121.58735,2
500111070,20231006,1009,18,15,1,25.04177,121.58735,3
500111070,20231006,1010,18,15,1,25.04177,121.58735,3
500111070,20231006,1011,18,15,1,25.04177,121.58735,3
500111070,20231006,1012,18,15,1,25.04177,121.58735,3
500111070,20231006,1013,18,15,1,25.04177,121.58735,3
500111070,20231006,1014,18,15,1,25.04177,121.58735,3
500111070,20231006,1015,18,15,1,25.04177,121.58735,3
500111070,20231006,1016,18,16,1,25.04177,121.58735,2
500111070,20231006,1017,18,16,1,25.04177,121.58735,2
500111070,20231006,1018,18,15,1,25.04177,121.58735,3
500111070,20231006,1019,18,15,1,25.04177,121.58735,3
500111070,20231006,1021,18,15,1,25.04177,121.58735,3
500111070,20231006,1022,18,15,1,25.04177,121.58735,3
500111070,20231006,1023,18,15,1,25.04177,121.58735,3
500111070,20231006,1024,18,15,1,25.04177,121.58735,3
500111070,20231006,1025,18,15,1,25.04177,121.58735,3
500111070,20231006,1026,18,16,1,25.04177,121.58735,2
500111070,20231006,1027,18,16,1,25.04177,121.58735,2
500111070,20231006,1028,18,15,1,25.04177,121.58735,3
500111070,20231006,1029,18,16,1,25.04177,121.58735,2
500111070,20231006,1030,18,16,1,25.04177,121.58735,2
500111070,20231006,1031,18,16,1,25.04177,121.58735,2
500111070,20231006,1032,18,18,1,25.04177,121.58735,0
500111070,20231006,1033,18,18,1,25.04177,121.58735,0
500111070,20231006,1034,18,17,1,25.04177,121.58735,1
500111070,20231006,1035,18,17,1,25.04177,121.58735,1
500111070,20231006,1036,18,16,1,25.04177,121.58735,2
500111070,20231006,1037,18,16,1,25.04177,121.58735,2
500111070,20231006,1038,18,16,1,25.04177,121.58735,2
500111070,20231006,1039,18,16,1,25.04177,121.58735,2
500111070,20231006,1041,18,15,1,25.04177,121.58735,3
500111070,20231006,1042,18,15,1,25.04177,121.58735,3
500111070,20231006,1043,18,15,1,25.04177,121.58735,3
500111070,20231006,1044,18,15,1,25.04177,121.58735,3
500111070,20231006,1045,18,15,1,25.04177,121.58735,3
500111070,20231006,1046,18,16,1,25.04177,121.58735,2
500111070,20231006,1047,18,16,1,25.04177,121.58735,2
500111070,20231006,1048,18,16,1,25.04177,121.58735,2
500111070,20231006,1049,18,15,1,25.04177,121.58735,3
500111070,20231006,1051,18,17,1,25.04177,121.58735,1
500111070,20231006,1052,18,17,1,25.04177,121.58735,1
500111070,20231006,1053,18,16,1,25.04177,121.58735,2
500111070,20231006,1054,18,16,1,25.04177,121.58735,2
500111070,20231006,1055,18,16,1,25.04177,121.58735,2
500111070,20231006,1056,18,16,1,25.04177,121.58735,2
500111070,20231006,1057,18,16,1,25.04177,121.58735,2
500111070,20231006,1058,18,15,1,25.04177,121.58735,3
500111070,20231006,1059,18,15,1,25.04177,121.58735,3
500111070,20231006,1060,18,15,1,25.04177,121.58735,3
500111070,20231006,1061,18,15,1,25.04177,121.58735,3
500111070,20231006,1062,18,15,1,25.04177,121.58735,3
500111070,20231006,1063,18,14,1,25.04177,121.58735,4
500111070,20231006,1064,18,13,1,25.04177,121.58735,5
500111070,20231006,1065,18,13,1,25.04177,121.58735,5
500111070,20231006,1066,18,13,1,25.04177,121.58735,5
500111070,20231006,1067,18,12,1,25.04177,121.58735,6
500111070,20231006,1068,18,12,1,25.04177,121.58735,6
500111070,20231006,1069,18,12,1,25.04177,121.58735,6
500111070,20231006,1070,18,11,1,25.04177,121.58735,7
500111070,20231006,1071,18,11,1,25.04177,121.58735,7
500111070,20231006,1072,18,10,1,25.04177,121.58735,8
500111070,20231006,1073,18,11,1,25.04177,121.58735,7
500111070,20231006,1074,18,11,1,25.04177,121.58735,7
500111070,20231006,1075,18,11,1,25.04177,121.58735,7
500111070,20231006,1076,18,12,1,25.04177,121.58735,6
500111070,20231006,1077,18,10,1,25.04177,121.58735,8
500111070,20231006,1078,18,9,1,25.04177,121.58735,9
500111070,20231006,1079,18,9,1,25.04177,121.58735,9
500111070,20231006,1081,18,8,1,25.04177,121.58735,10
500111070,20231006,1082,18,8,1,25.04177,121.58735,10
500111070,20231006,1083,18,10,1,25.04177,121.58735,8
500111070,20231006,1084,18,10,1,25.04177,121.58735,8
500111070,20231006,1085,18,9,1,25.04177,121.58735,9
500111070,20231006,1086,18,9,1,25.04177,121.58735,9
500111070,20231006,1087,18,9,1,25.04177,121.58735,9
500111070,20231006,1088,18,9,1,25.04177,121.58735,9
500111070,20231006,1089,18,9,1,25.04177,121.58735,9
500111070,20231006,1090,18,9,1,25.04177,121.58735,9
500111070,20231006,1091,18,9,1,25.04177,121.58735,9
500111070,20231006,1092,18,9,1,25.04177,121.58735,9
500111070,20231006,1093,18,9,1,25.04177,121.58735,9
500111070,20231006,1094,18,9,1,25.04177,121.58735,9
500111070,20231006,1095,18,9,1,25.04177,121.58735,9
500111070,20231006,1096,18,8,1,25.04177,121.58735,10
500111070,20231006,1097,18,8,1,25.04177,121.58735,10
500111070,20231006,1098,18,8,1,25.04177,121.58735,10
500111070,20231006,1099,18,8,1,25.04177,121.58735,10
500111070,20231006,1101,18,8,1,25.04177,121.58735,10
500111070,20231006,1102,18,8,1,25.04177,121.58735,10
500111070,20231006,1103,18,8,1,25.04177,121.58735,10
500111070,20231006,1104,18,9,1,25.04177,121.58735,9
500111070,20231006,1105,18,8,1,25.04177,121.58735,10
500111070,20231006,1106,18,8,1,25.04177,121.58735,10
500111070,20231006,1107,18,8,1,25.04177,121.58735,10
500111070,20231006,1108,18,9,1,25.04177,121.58735,9
500111070,20231006,1109,18,10,1,25.04177,121.58735,8
500111070,20231006,1111,18,9,1,25.04177,121.58735,9
500111070,20231006,1112,18,8,1,25.04177,121.58735,10
500111070,20231006,1113,18,8,1,25.04177,121.58735,10
500111070,20231006,1114,18,8,1,25.04177,121.58735,10
500111070,20231006,1115,18,9,1,25.04177,121.58735,9
500111070,20231006,1116,18,8,1,25.04177,121.58735,10
500111070,20231006,1117,18,8,1,25.04177,121.58735,10
500111070,20231006,1118,18,7,1,25.04177,121.58735,11
500111070,20231006,1119,18,6,1,25.04177,121.58735,12
500111070,20231006,1120,18,5,1,25.04177,121.58735,13
500111070,20231006,1121,18,4,1,25.04177,121.58735,14
500111070,20231006,1122,18,4,1,25.04177,121.58735,14
500111070,20231006,1123,18,4,1,25.04177,121.58735,14
500111070,20231006,1124,18,3,1,25.04177,121.58735,15
500111070,20231006,1125,18,3,1,25.04177,121.58735,15
500111070,20231006,1126,18,3,1,25.04177,121.58735,15
500111070,20231006,1127,18,2,1,25.04177,121.58735,16
500111070,20231006,1128,18,1,1,25.04177,121.58735,17
500111070,20231006,1129,18,1,1,25.04177,121.58735,17
500111070,20231006,1130,18,0,1,25.04177,121.58735,18
500111070,20231006,1131,18,0,1,25.04177,121.58735,18
500111070,20231006,1132,18,0,1,25.04177,121.58735,18
500111070,20231006,1133,18,1,1,25.04177,121.58735,17
500111070,20231006,1134,18,1,1,25.04177,121.58735,17
500111070,20231006,1135,18,1,1,25.04177,121.58735,17
500111070,20231006,1136,18,1,1,25.04177,121.58735,17
500111070,20231006,1137,18,1,1,25.04177,121.58735,17
500111070,20231006,1138,18,1,1,25.04177,121.58735,17
500111070,20231006,1139,18,1,1,25.04177,121.58735,17
500111070,20231006,1141,18,1,1,25.04177,121.58735,17
500111070,20231006,1142,18,1,1,25.04177,121.58735,17
500111070,20231006,1143,18,1,1,25.04177,121.58735,17
500111070,20231006,1144,18,1,1,25.04177,121.58735,17
500111070,20231006,1145,18,1,1,25.04177,121.58735,17
500111070,20231006,1146,18,1,1,25.04177,121.58735,17
500111070,20231006,1147,18,1,1,25.04177,121.58735,17
500111070,20231006,1148,18,0,1,25.04177,121.58735,18
500111070,20231006,1149,18,0,1,25.04177,121.58735,18
500111070,20231006,1150,18,1,1,25.04177,121.58735,17
500111070,20231006,1151,18,0,1,25.04177,121.58735,18
500111070,20231006,1152,18,0,1,25.04177,121.58735,18
500111070,20231006,1153,18,0,1,25.04177,121.58735,18
500111070,20231006,1154,18,0,1,25.04177,121.58735,18
500111070,20231006,1155,18,0,1,25.04177,121.58735,18
500111070,20231006,1156,18,0,1,25.04177,121.58735,18
500111070,20231006,1157,18,0,1,25.04177,121.58735,18
500111070,20231006,1158,18,0,1,25.04177,121.58735,18
500111070,20231006,1159,18,0,1,25.04177,121.58735,18
500111070,20231006,1161,18,0,1,25.04177,121.58735,18
500111070,20231006,1162,18,0,1,25.04177,121.58735,18
500111070,20231006,1163,18,0,1,25.04177,121.58735,18
500111070,20231006,1164,18,0,1,25.04177,121.58735,18
500111070,20231006,1165,18,1,1,25.04177,121.58735,17
500111070,20231006,1166,18,1,1,25.04177,121.58735,17
500111070,20231006,1167,18,1,1,25.04177,121.58735,17
500111070,20231006,1168,18,0,1,25.04177,121.58735,18
500111070,20231006,1169,18,0,1,25.04177,121.58735,18
500111070,20231006,1172,18,0,1,25.04177,121.58735,18
500111070,20231006,1174,18,0,1,25.04177,121.58735,18
500111070,20231006,1175,18,0,1,25.04177,121.58735,18
500111070,20231006,1176,18,0,1,25.04177,121.58735,18
500111070,20231006,1177,18,0,1,25.04177,121.58735,18
500111070,20231006,1178,18,0,1,25.04177,121.58735,18
500111070,20231006,1179,18,0,1,25.04177,121.58735,18
500111070,20231006,1180,18,0,1,25.04177,121.58735,18
500111070,20231006,1181,18,0,1,25.04177,121.58735,18
500111070,20231006,1182,18,0,1,25.04177,121.58735,18
500111070,20231006,1183,18,0,1,25.04177,121.58735,18
500111070,20231006,1184,18,0,1,25.04177,121.58735,18
500111070,20231006,1185,18,0,1,25.04177,121.58735,18
500111070,20231006,1186,18,0,1,25.04177,121.58735,18
500111070,20231006,1187,18,0,1,25.04177,121.58735,18
500111070,20231006,1188,18,0,1,25.04177,121.58735,18
500111070,20231006,1189,18,0,1,25.04177,121.58735,18
500111070,20231006,1190,18,0,1,25.04177,121.58735,18
500111070,20231006,1191,18,0,1,25.04177,121.58735,18
500111070,20231006,1192,18,0,1,25.04177,121.58735,18
500111070,20231006,1193,18,0,1,25.04177,121.58735,18
500111070,20231006,1194,18,0,1,25.04177,121.58735,18
500111070,20231006,1195,18,0,1,25.04177,121.58735,18
500111070,20231006,1196,18,0,1,25.04177,121.58735,18
500111070,20231006,1197,18,0,1,25.04177,121.58735,18
500111070,20231006,1198,18,0,1,25.04177,121.58735,18
500111070,20231006,1199,18,0,1,25.04177,121.58735,18
500111070,20231006,1201,18,0,1,25.04177,121.58735,18
500111070,20231006,1202,18,0,1,25.04177,121.58735,18
500111070,20231006,1203,18,0,1,25.04177,121.58735,18
500111070,20231006,1204,18,0,1,25.04177,121.58735,18
500111070,20231006,1205,18,0,1,25.04177,121.58735,18
500111070,20231006,1206,18,0,1,25.04177,121.58735,18
500111070,20231006,1207,18,0,1,25.04177,121.58735,18
500111070,20231006,1208,18,0,1,25.04177,121.58735,18
500111070,20231006,1209,18,0,1,25.04177,121.58735,18
500111070,20231006,1210,18,0,1,25.04177,121.58735,18
500111070,20231006,1211,18,0,1,25.04177,121.58735,18
500111070,20231006,1212,18,0,1,25.04177,121.58735,18
500111070,20231006,1213,18,0,1,25.04177,121.58735,18
500111070,20231006,1214,18,0,1,25.04177,121.58735,18
500111070,20231006,1215,18,0,1,25.04177,121.58735,18
500111070,20231006,1216,18,0,1,25.04177,121.58735,18
500111070,20231006,1217,18,0,1,25.04177,121.58735,18
500111070,20231006,1218,18,0,1,25.04177,121.58735,18
500111070,20231006,1219,18,0,1,25.04177,121.58735,18
500111070,20231006,1221,18,0,1,25.04177,121.58735,18
500111070,20231006,1222,18,0,1,25.04177,121.58735,18
500111070,20231006,1223,18,0,1,25.04177,121.58735,18
500111070,20231006,1224,18,0,1,25.04177,121.58735,18
500111070,20231006,1225,18,0,1,25.04177,121.58735,18
500111070,20231006,1226,18,0,1,25.04177,121.58735,18
500111070,20231006,1227,18,0,1,25.04177,121.58735,18
500111070,20231006,1228,18,0,1,25.04177,121.58735,18
500111070,20231006,1229,18,0,1,25.04177,121.58735,18
500111070,20231006,1230,18,0,1,25.04177,121.58735,18
500111070,20231006,1231,18,0,1,25.04177,121.58735,18
500111070,20231006,1232,18,0,1,25.04177,121.58735,18
500111070,20231006,1233,18,0,1,25.04177,121.58735,18
500111070,20231006,1234,18,1,1,25.04177,121.58735,17
500111070,20231006,1235,18,1,1,25.04177,121.58735,17
500111070,20231006,1236,18,1,1,25.04177,121.58735,17
500111070,20231006,1237,18,1,1,25.04177,121.58735,17
500111070,20231006,1238,18,0,1,25.04177,121.58735,18
500111070,20231006,1239,18,0,1,25.04177,121.58735,18
500111070,20231006,1240,18,0,1,25.04177,121.58735,18
500111070,20231006,1241,18,0,1,25.04177,121.58735,18
500111070,20231006,1242,18,2,1,25.04177,121.58735,16
500111070,20231006,1243,18,4,1,25.04177,121.58735,14
500111070,20231006,1244,18,6,1,25.04177,121.58735,12
500111070,20231006,1245,18,6,1,25.04177,121.58735,12
500111070,20231006,1246,18,5,1,25.04177,121.58735,13
500111070,20231006,1247,18,5,1,25.04177,121.58735,13
500111070,20231006,1248,18,5,1,25.04177,121.58735,13
500111070,20231006,1249,18,5,1,25.04177,121.58735,13
500111070,20231006,1250,18,5,1,25.04177,121.58735,13
500111070,20231006,1251,18,5,1,25.04177,121.58735,13
500111070,20231006,1252,18,6,1,25.04177,121.58735,12
500111070,20231006,1253,18,6,1,25.04177,121.58735,12
500111070,20231006,1254,18,6,1,25.04177,121.58735,12
500111070,20231006,1255,18,6,1,25.04177,121.58735,12
500111070,20231006,1256,18,6,1,25.04177,121.58735,12
500111070,20231006,1257,18,6,1,25.04177,121.58735,12
500111070,20231006,1258,18,6,1,25.04177,121.58735,12
500111070,20231006,1259,18,6,1,25.04177,121.58735,12
500111070,20231006,1261,18,6,1,25.04177,121.58735,12
500111070,20231006,1262,18,6,1,25.04177,121.58735,12
500111070,20231006,1263,18,6,1,25.04177,121.58735,12
500111070,20231006,1264,18,6,1,25.04177,121.58735,12
500111070,20231006,1265,18,6,1,25.04177,121.58735,12
500111070,20231006,1266,18,6,1,25.04177,121.58735,12
500111070,20231006,1267,18,6,1,25.04177,121.58735,12
500111070,20231006,1268,18,6,1,25.04177,121.58735,12
500111070,20231006,1269,18,6,1,25.04177,121.58735,12
500111070,20231006,1270,18,7,1,25.04177,121.58735,11
500111070,20231006,1271,18,7,1,25.04177,121.58735,11
500111070,20231006,1272,18,7,1,25.04177,121.58735,11
500111070,20231006,1273,18,6,1,25.04177,121.58735,12
500111070,20231006,1274,18,6,1,25.04177,121.58735,12
500111070,20231006,1275,18,5,1,25.04177,121.58735,13
500111070,20231006,1276,18,5,1,25.04177,121.58735,13
500111070,20231006,1277,18,5,1,25.04177,121.58735,13
500111070,20231006,1278,18,5,1,25.04177,121.58735,13
500111070,20231006,1279,18,5,1,25.04177,121.58735,13
500111070,20231006,1281,18,5,1,25.04177,121.58735,13
500111070,20231006,1282,18,5,1,25.04177,121.58735,13
500111070,20231006,1283,18,5,1,25.04177,121.58735,13
500111070,20231006,1284,18,5,1,25.04177,121.58735,13
500111070,20231006,1285,18,5,1,25.04177,121.58735,13
500111070,20231006,1286,18,5,1,25.04177,121.58735,13
500111070,20231006,1287,18,5,1,25.04177,121.58735,13
500111070,20231006,1288,18,5,1,25.04177,121.58735,13
500111070,20231006,1289,18,6,1,25.04177,121.58735,12
500111070,20231006,1290,18,6,1,25.04177,121.58735,12
500111070,20231006,1291,18,6,1,25.04177,121.58735,12
500111070,20231006,1292,18,6,1,25.04177,121.58735,12
500111070,20231006,1293,18,6,1,25.04177,121.58735,12
500111070,20231006,1294,18,6,1,25.04177,121.58735,12
500111070,20231006,1295,18,6,1,25.04177,121.58735,12
500111070,20231006,1296,18,6,1,25.04177,121.58735,12
500111070,20231006,1297,18,6,1,25.04177,121.58735,12
500111070,20231006,1298,18,6,1,25.04177,121.58735,12
500111070,20231006,1299,18,6,1,25.04177,121.58735,12
500111070,20231006,1300,18,6,1,25.04177,121.58735,12
500111070,20231006,1301,18,6,1,25.04177,121.58735,12
500111070,20231006,1302,18,6,1,25.04177,121.58735,12
500111070,20231006,1303,18,6,1,25.04177,121.58735,12
500111070,20231006,1304,18,6,1,25.04177,121.58735,12
500111070,20231006,1305,18,6,1,25.04177,121.58735,12
500111070,20231006,1306,18,6,1,25.04177,121.58735,12
500111070,20231006,1307,18,6,1,25.04177,121.58735,12
500111070,20231006,1308,18,6,1,25.04177,121.58735,12
500111070,20231006,1309,18,6,1,25.04177,121.58735,12
500111070,20231006,1310,18,6,1,25.04177,121.58735,12
500111070,20231006,1311,18,6,1,25.04177,121.58735,12
500111070,20231006,1312,18,6,1,25.04177,121.58735,12
500111070,20231006,1313,18,6,1,25.04177,121.58735,12
500111070,20231006,1314,18,6,1,25.04177,121.58735,12
500111070,20231006,1315,18,6,1,25.04177,121.58735,12
500111070,20231006,1316,18,6,1,25.04177,121.58735,12
500111070,20231006,1317,18,6,1,25.04177,121.58735,12
500111070,20231006,1318,18,6,1,25.04177,121.58735,12
500111070,20231006,1319,18,6,1,25.04177,121.58735,12
500111070,20231006,1321,18,6,1,25.04177,121.58735,12
500111070,20231006,1322,18,6,1,25.04177,121.58735,12
500111070,20231006,1323,18,6,1,25.04177,121.58735,12
500111070,20231006,1324,18,6,1,25.04177,121.58735,12
500111070,20231006,1325,18,6,1,25.04177,121.58735,12
500111070,20231006,1326,18,6,1,25.04177,121.58735,12
500111070,20231006,1327,18,6,1,25.04177,121.58735,12
500111070,20231006,1328,18,6,1,25.04177,121.58735,12
500111070,20231006,1329,18,6,1,25.04177,121.58735,12
500111070,20231006,1330,18,6,1,25.04177,121.58735,12
500111070,20231006,1331,18,6,1,25.04177,121.58735,12
500111070,20231006,1332,18,6,1,25.04177,121.58735,12
500111070,20231006,1333,18,8,1,25.04177,121.58735,10
500111070,20231006,1334,18,10,1,25.04177,121.58735,8
500111070,20231006,1335,18,11,1,25.04177,121.58735,7
500111070,20231006,1336,18,12,1,25.04177,121.58735,6
500111070,20231006,1337,18,12,1,25.04177,121.58735,6
500111070,20231006,1338,18,12,1,25.04177,121.58735,6
500111070,20231006,1339,18,12,1,25.04177,121.58735,6
500111070,20231006,1341,18,12,1,25.04177,121.58735,6
500111070,20231006,1342,18,11,1,25.04177,121.58735,7
500111070,20231006,1343,18,11,1,25.04177,121.58735,7
500111070,20231006,1344,18,11,1,25.04177,121.58735,7
500111070,20231006,1345,18,11,1,25.04177,121.58735,7
500111070,20231006,1346,18,11,1,25.04177,121.58735,7
500111070,20231006,1347,18,11,1,25.04177,121.58735,7
500111070,20231006,1348,18,11,1,25.04177,121.58735,7
500111070,20231006,1349,18,11,1,25.04177,121.58735,7
500111070,20231006,1350,18,11,1,25.04177,121.58735,7
500111070,20231006,1351,18,11,1,25.04177,121.58735,7
500111070,20231006,1352,18,11,1,25.04177,121.58735,7
500111070,20231006,1353,18,11,1,25.04177,121.58735,7
500111070,20231006,1354,18,11,1,25.04177,121.58735,7
500111070,20231006,1355,18,11,1,25.04177,121.58735,7
500111070,20231006,1356,18,10,1,25.04177,121.58735,8
500111070,20231006,1357,18,9,1,25.04177,121.58735,9
500111070,20231006,1358,18,9,1,25.04177,121.58735,9
500111070,20231006,1359,18,9,1,25.04177,121.58735,9
500111070,20231006,1360,18,9,1,25.04177,121.58735,9
500111070,20231006,1361,18,9,1,25.04177,121.58735,9
500111070,20231006,1362,18,9,1,25.04177,121.58735,9
500111070,20231006,1363,18,8,1,25.04177,121.58735,10
500111070,20231006,1364,18,8,1,25.04177,121.58735,10
500111070,20231006,1365,18,8,1,25.04177,121.58735,10
500111070,20231006,1366,18,7,1,25.04177,121.58735,11
500111070,20231006,1367,18,7,1,25.04177,121.58735,11
500111070,20231006,1368,18,7,1,25.04177,121.58735,11
500111070,20231006,1369,18,7,1,25.04177,121.58735,11
500111070,20231006,1370,18,7,1,25.04177,121.58735,11
500111070,20231006,1371,18,7,1,25.04177,121.58735,11
500111070,20231006,1372,18,6,1,25.04177,121.58735,12
500111070,20231006,1373,18,6,1,25.04177,121.58735,12
500111070,20231006,1374,18,6,1,25.04177,121.58735,12
500111070,20231006,1375,18,6,1,25.04177,121.58735,12
500111070,20231006,1376,18,6,1,25.04177,121.58735,12
500111070,20231006,1377,18,6,1,25.04177,121.58735,12
500111070,20231006,1378,18,6,1,25.04177,121.58735,12
500111070,20231006,1379,18,6,1,25.04177,121.58735,12
500111070,20231006,1381,18,6,1,25.04177,121.58735,12
500111070,20231006,1382,18,6,1,25.04177,121.58735,12
500111070,20231006,1383,18,6,1,25.04177,121.58735,12
500111070,20231006,1384,18,6,1,25.04177,121.58735,12
500111070,20231006,1385,18,6,1,25.04177,121.58735,12
500111070,20231006,1386,18,6,1,25.04177,121.58735,12
500111070,20231006,1387,18,6,1,25.04177,121.58735,12
500111070,20231006,1388,18,7,1,25.04177,121.58735,11
500111070,20231006,1389,18,7,1,25.04177,121.58735,11
500111070,20231006,1390,18,6,1,25.04177,121.58735,12
500111070,20231006,1391,18,6,1,25.04177,121.58735,12
500111070,20231006,1392,18,6,1,25.04177,121.58735,12
500111070,20231006,1393,18,6,1,25.04177,121.58735,12
500111070,20231006,1394,18,6,1,25.04177,121.58735,12
500111070,20231006,1395,18,6,1,25.04177,121.58735,12
500111070,20231006,1396,18,8,1,25.04177,121.58735,10
500111070,20231006,1397,18,8,1,25.04177,121.58735,10
500111070,20231006,1398,18,8,1,25.04177,121.58735,10
500111070,20231006,1399,18,8,1,25.04177,121.58735,10
500111070,20231006,1401,18,8,1,25.04177,121.58735,10
500111070,20231006,1402,18,8,1,25.04177,121.58735,10
500111070,20231006,1403,18,8,1,25.04177,121.58735,10
500111070,20231006,1404,18,8,1,25.04177,121.58735,10
500111070,20231006,1405,18,8,1,25.04177,121.58735,10
500111070,20231006,1406,18,8,1,25.04177,121.58735,10
500111070,20231006,1407,18,8,1,25.04177,121.58735,10
500111070,20231006,1408,18,8,1,25.04177,121.58735,10
500111070,20231006,1409,18,8,1,25.04177,121.58735,10
500111070,20231006,1410,18,8,1,25.04177,121.58735,10
500111070,20231006,1411,18,6,1,25.04177,121.58735,12
500111070,20231006,1412,18,6,1,25.04177,121.58735,12
500111070,20231006,1413,18,6,1,25.04177,121.58735,12
500111070,20231006,1414,18,6,1,25.04177,121.58735,12
500111070,20231006,1415,18,6,1,25.04177,121.58735,12
500111070,20231006,1416,18,6,1,25.04177,121.58735,12
500111070,20231006,1417,18,6,1,25.04177,121.58735,12
500111070,20231006,1418,18,6,1,25.04177,121.58735,12
500111070,20231006,1419,18,6,1,25.04177,121.58735,12
500111070,20231006,1420,18,6,1,25.04177,121.58735,12
500111070,20231006,1421,18,5,1,25.04177,121.58735,13
500111070,20231006,1422,18,5,1,25.04177,121.58735,13
500111070,20231006,1423,18,5,1,25.04177,121.58735,13
500111070,20231006,1424,18,5,1,25.04177,121.58735,13
500111070,20231006,1425,18,5,1,25.04177,121.58735,13
500111070,20231006,1426,18,5,1,25.04177,121.58735,13
500111070,20231006,1427,18,5,1,25.04177,121.58735,13
500111070,20231006,1428,18,5,1,25.04177,121.58735,13
500111070,20231006,1429,18,5,1,25.04177,121.58735,13
500111070,20231006,1430,18,5,1,25.04177,121.58735,13
500111070,20231006,1431,18,6,1,25.04177,121.58735,12
500111070,20231006,1432,18,6,1,25.04177,121.58735,12
500111070,20231006,1433,18,6,1,25.04177,121.58735,12
500111070,20231006,1434,18,6,1,25.04177,121.58735,12
500111070,20231006,1435,18,6,1,25.04177,121.58735,12
500111070,20231006,1436,18,6,1,25.04177,121.58735,12
500111070,20231006,1437,18,6,1,25.04177,121.58735,12
500111070,20231006,1438,18,6,1,25.04177,121.58735,12
500111070,20231006,1439,18,6,1,25.04177,121.58735,12
500111070,20231007,1,18,6,1,25.04177,121.58735,12
500111070,20231007,2,18,6,1,25.04177,121.58735,12
500111070,20231007,3,18,6,1,25.04177,121.58735,12
500111070,20231007,4,18,6,1,25.04177,121.58735,12
500111070,20231007,5,18,6,1,25.04177,121.58735,12
500111070,20231007,6,18,6,1,25.04177,121.58735,12
500111070,20231007,7,18,6,1,25.04177,121.58735,12
500111070,20231007,8,18,6,1,25.04177,121.58735,12
500111070,20231007,9,18,6,1,25.04177,121.58735,12
500111070,20231007,10,18,6,1,25.04177,121.58735,12
500111070,20231007,11,18,5,1,25.04177,121.58735,13
500111070,20231007,12,18,4,1,25.04177,121.58735,14
500111070,20231007,13,18,3,1,25.04177,121.58735,15
500111070,20231007,14,18,3,1,25.04177,121.58735,15
500111070,20231007,15,18,3,1,25.04177,121.58735,15
500111070,20231007,16,18,3,1,25.04177,121.58735,15
500111070,20231007,17,18,4,1,25.04177,121.58735,14
500111070,20231007,18,18,4,1,25.04177,121.58735,14
500111070,20231007,19,18,4,1,25.04177,121.58735,14
500111070,20231007,21,18,4,1,25.04177,121.58735,14
500111070,20231007,22,18,4,1,25.04177,121.58735,14
500111070,20231007,23,18,4,1,25.04177,121.58735,14
500111070,20231007,24,18,4,1,25.04177,121.58735,14
500111070,20231007,25,18,4,1,25.04177,121.58735,14
500111070,20231007,26,18,4,1,25.04177,121.58735,14
500111070,20231007,27,18,4,1,25.04177,121.58735,14
500111070,20231007,28,18,4,1,25.04177,121.58735,14
500111070,20231007,29,18,4,1,25.04177,121.58735,14
500111070,20231007,30,18,4,1,25.04177,121.58735,14
500111070,20231007,32,18,4,1,25.04177,121.58735,14
500111070,20231007,33,18,4,1,25.04177,121.58735,14
500111070,20231007,34,18,4,1,25.04177,121.58735,14
500111070,20231007,35,18,5,1,25.04177,121.58735,13
500111070,20231007,36,18,5,1,25.04177,121.58735,13
500111070,20231007,37,18,5,1,25.04177,121.58735,13
500111070,20231007,38,18,5,1,25.04177,121.58735,13
500111070,20231007,39,18,4,1,25.04177,121.58735,14
500111070,20231007,40,18,4,1,25.04177,121.58735,14
500111070,20231007,41,18,4,1,25.04177,121.58735,14
500111070,20231007,42,18,4,1,25.04177,121.58735,14
500111070,20231007,43,18,4,1,25.04177,121.58735,14
500111070,20231007,44,18,4,1,25.04177,121.58735,14
500111070,20231007,45,18,4,1,25.04177,121.58735,14
500111070,20231007,46,18,4,1,25.04177,121.58735,14
500111070,20231007,47,18,4,1,25.04177,121.58735,14
500111070,20231007,48,18,4,1,25.04177,121.58735,14
500111070,20231007,49,18,4,1,25.04177,121.58735,14
500111070,20231007,50,18,4,1,25.04177,121.58735,14
500111070,20231007,52,18,4,1,25.04177,121.58735,14
500111070,20231007,53,18,4,1,25.04177,121.58735,14
500111070,20231007,54,18,4,1,25.04177,121.58735,14
500111070,20231007,55,18,4,1,25.04177,121.58735,14
500111070,20231007,56,18,4,1,25.04177,121.58735,14
500111070,20231007,57,18,4,1,25.04177,121.58735,14
500111070,20231007,58,18,4,1,25.04177,121.58735,14
500111070,20231007,59,18,4,1,25.04177,121.58735,14
500111070,20231007,60,18,4,1,25.04177,121.58735,14
500111070,20231007,61,18,4,1,25.04177,121.58735,14
500111070,20231007,62,18,3,1,25.04177,121.58735,15
500111070,20231007,63,18,3,1,25.04177,121.58735,15
500111070,20231007,64,18,3,1,25.04177,121.58735,15
500111070,20231007,65,18,3,1,25.04177,121.58735,15
500111070,20231007,66,18,3,1,25.04177,121.58735,15
500111070,20231007,67,18,3,1,25.04177,121.58735,15
500111070,20231007,68,18,3,1,25.04177,121.58735,15
500111070,20231007,69,18,3,1,25.04177,121.58735,15
500111070,20231007,70,18,3,1,25.04177,121.58735,15
500111070,20231007,71,18,3,1,25.04177,121.58735,15
500111070,20231007,72,18,3,1,25.04177,121.58735,15
500111070,20231007,73,18,3,1,25.04177,121.58735,15
500111070,20231007,74,18,3,1,25.04177,121.58735,15
500111070,20231007,75,18,3,1,25.04177,121.58735,15
500111070,20231007,76,18,3,1,25.04177,121.58735,15
500111070,20231007,77,18,3,1,25.04177,121.58735,15
500111070,20231007,78,18,3,1,25.04177,121.58735,15
500111070,20231007,79,18,3,1,25.04177,121.58735,15
500111070,20231007,81,18,3,1,25.04177,121.58735,15
500111070,20231007,82,18,3,1,25.04177,121.58735,15
500111070,20231007,84,18,3,1,25.04177,121.58735,15
500111070,20231007,85,18,3,1,25.04177,121.58735,15
500111070,20231007,86,18,3,1,25.04177,121.58735,15
500111070,20231007,88,18,3,1,25.04177,121.58735,15
500111070,20231007,89,18,3,1,25.04177,121.58735,15
500111070,20231007,90,18,3,1,25.04177,121.58735,15
500111070,20231007,91,18,3,1,25.04177,121.58735,15
500111070,20231007,92,18,3,1,25.04177,121.58735,15
500111070,20231007,93,18,3,1,25.04177,121.58735,15
500111070,20231007,94,18,3,1,25.04177,121.58735,15
500111070,20231007,95,18,3,1,25.04177,121.58735,15
500111070,20231007,96,18,3,1,25.04177,121.58735,15
500111070,20231007,97,18,3,1,25.04177,121.58735,15
500111070,20231007,98,18,3,1,25.04177,121.58735,15
500111070,20231007,99,18,3,1,25.04177,121.58735,15
500111070,20231007,100,18,3,1,25.04177,121.58735,15
500111070,20231007,101,18,3,1,25.04177,121.58735,15
500111070,20231007,102,18,3,1,25.04177,121.58735,15
500111070,20231007,103,18,3,1,25.04177,121.58735,15
500111070,20231007,104,18,3,1,25.04177,121.58735,15
500111070,20231007,105,18,3,1,25.04177,121.58735,15
500111070,20231007,106,18,3,1,25.04177,121.58735,15
500111070,20231007,107,18,3,1,25.04177,121.58735,15
500111070,20231007,108,18,3,1,25.04177,121.58735,15
500111070,20231007,109,18,3,1,25.04177,121.58735,15
500111070,20231007,110,18,3,1,25.04177,121.58735,15
500111070,20231007,111,18,3,1,25.04177,121.58735,15
500111070,20231007,112,18,3,1,25.04177,121.58735,15
500111070,20231007,113,18,3,1,25.04177,121.58735,15
500111070,20231007,114,18,3,1,25.04177,121.58735,15
500111070,20231007,115,18,3,1,25.04177,121.58735,15
500111070,20231007,116,18,3,1,25.04177,121.58735,15
500111070,20231007,117,18,3,1,25.04177,121.58735,15
500111070,20231007,118,18,3,1,25.04177,121.58735,15
500111070,20231007,119,18,3,1,25.04177,121.58735,15
500111070,20231007,121,18,3,1,25.04177,121.58735,15
500111070,20231007,122,18,3,1,25.04177,121.58735,15
500111070,20231007,123,18,3,1,25.04177,121.58735,15
500111070,20231007,124,18,3,1,25.04177,121.58735,15
500111070,20231007,125,18,3,1,25.04177,121.58735,15
500111070,20231007,126,18,3,1,25.04177,121.58735,15
500111070,20231007,127,18,3,1,25.04177,121.58735,15
500111070,20231007,128,18,3,1,25.04177,121.58735,15
500111070,20231007,129,18,3,1,25.04177,121.58735,15
500111070,20231007,130,18,3,1,25.04177,121.58735,15
500111070,20231007,131,18,3,1,25.04177,121.58735,15
500111070,20231007,132,18,3,1,25.04177,121.58735,15
500111070,20231007,133,18,3,1,25.04177,121.58735,15
500111070,20231007,134,18,3,1,25.04177,121.58735,15
500111070,20231007,135,18,3,1,25.04177,121.58735,15
500111070,20231007,137,18,3,1,25.04177,121.58735,15
500111070,20231007,138,18,3,1,25.04177,121.58735,15
500111070,20231007,139,18,3,1,25.04177,121.58735,15
500111070,20231007,141,18,3,1,25.04177,121.58735,15
500111070,20231007,142,18,3,1,25.04177,121.58735,15
500111070,20231007,143,18,3,1,25.04177,121.58735,15
500111070,20231007,144,18,3,1,25.04177,121.58735,15
500111070,20231007,145,18,3,1,25.04177,121.58735,15
500111070,20231007,146,18,3,1,25.04177,121.58735,15
500111070,20231007,147,18,3,1,25.04177,121.58735,15
500111070,20231007,148,18,3,1,25.04177,121.58735,15
500111070,20231007,149,18,3,1,25.04177,121.58735,15
500111070,20231007,150,18,3,1,25.04177,121.58735,15
500111070,20231007,151,18,3,1,25.04177,121.58735,15
500111070,20231007,152,18,3,1,25.04177,121.58735,15
500111070,20231007,153,18,3,1,25.04177,121.58735,15
500111070,20231007,154,18,3,1,25.04177,121.58735,15
500111070,20231007,155,18,3,1,25.04177,121.58735,15
500111070,20231007,156,18,3,1,25.04177,121.58735,15
500111070,20231007,157,18,3,1,25.04177,121.58735,15
500111070,20231007,158,18,3,1,25.04177,121.58735,15
500111070,20231007,159,18,2,1,25.04177,121.58735,16
500111070,20231007,160,18,2,1,25.04177,121.58735,16
500111070,20231007,161,18,1,1,25.04177,121.58735,17
500111070,20231007,162,18,1,1,25.04177,121.58735,17
500111070,20231007,163,18,1,1,25.04177,121.58735,17
500111070,20231007,164,18,1,1,25.04177,121.58735,17
500111070,20231007,165,18,1,1,25.04177,121.58735,17
500111070,20231007,166,18,1,1,25.04177,121.58735,17
500111070,20231007,167,18,1,1,25.04177,121.58735,17
500111070,20231007,168,18,1,1,25.04177,121.58735,17
500111070,20231007,169,18,1,1,25.04177,121.58735,17
500111070,20231007,170,18,0,1,25.04177,121.58735,18
500111070,20231007,171,18,0,1,25.04177,121.58735,18
500111070,20231007,172,18,0,1,25.04177,121.58735,18
500111070,20231007,173,18,0,1,25.04177,121.58735,18
500111070,20231007,174,18,0,1,25.04177,121.58735,18
500111070,20231007,175,18,0,1,25.04177,121.58735,18
500111070,20231007,176,18,0,1,25.04177,121.58735,18
500111070,20231007,177,18,0,1,25.04177,121.58735,18
500111070,20231007,178,18,0,1,25.04177,121.58735,18
500111070,20231007,179,18,0,1,25.04177,121.58735,18
500111070,20231007,180,18,0,1,25.04177,121.58735,18
500111070,20231007,181,18,0,1,25.04177,121.58735,18
500111070,20231007,182,18,0,1,25.04177,121.58735,18
500111070,20231007,183,18,0,1,25.04177,121.58735,18
500111070,20231007,184,18,0,1,25.04177,121.58735,18
500111070,20231007,185,18,0,1,25.04177,121.58735,18
500111070,20231007,186,18,0,1,25.04177,121.58735,18
500111070,20231007,187,18,0,1,25.04177,121.58735,18
500111070,20231007,188,18,0,1,25.04177,121.58735,18
500111070,20231007,189,18,0,1,25.04177,121.58735,18
500111070,20231007,190,18,0,1,25.04177,121.58735,18
500111070,20231007,191,18,0,1,25.04177,121.58735,18
500111070,20231007,192,18,0,1,25.04177,121.58735,18
500111070,20231007,193,18,0,1,25.04177,121.58735,18
500111070,20231007,194,18,0,1,25.04177,121.58735,18
500111070,20231007,195,18,0,1,25.04177,121.58735,18
500111070,20231007,196,18,0,1,25.04177,121.58735,18
500111070,20231007,197,18,0,1,25.04177,121.58735,18
500111070,20231007,198,18,0,1,25.04177,121.58735,18
500111070,20231007,199,18,0,1,25.04177,121.58735,18
500111070,20231007,201,18,0,1,25.04177,121.58735,18
500111070,20231007,202,18,0,1,25.04177,121.58735,18
500111070,20231007,203,18,0,1,25.04177,121.58735,18
500111070,20231007,204,18,0,1,25.04177,121.58735,18
500111070,20231007,205,18,2,1,25.04177,121.58735,16
500111070,20231007,206,18,4,1,25.04177,121.58735,14
500111070,20231007,207,18,4,1,25.04177,121.58735,14
500111070,20231007,208,18,4,1,25.04177,121.58735,14
500111070,20231007,209,18,4,1,25.04177,121.58735,14
500111070,20231007,210,18,4,1,25.04177,121.58735,14
500111070,20231007,211,18,4,1,25.04177,121.58735,14
500111070,20231007,212,18,4,1,25.04177,121.58735,14
500111070,20231007,213,18,4,1,25.04177,121.58735,14
500111070,20231007,214,18,4,1,25.04177,121.58735,14
500111070,20231007,215,18,4,1,25.04177,121.58735,14
500111070,20231007,216,18,4,1,25.04177,121.58735,14
500111070,20231007,217,18,4,1,25.04177,121.58735,14
500111070,20231007,218,18,4,1,25.04177,121.58735,14
500111070,20231007,219,18,4,1,25.04177,121.58735,14
500111070,20231007,220,18,4,1,25.04177,121.58735,14
500111070,20231007,221,18,4,1,25.04177,121.58735,14
500111070,20231007,222,18,4,1,25.04177,121.58735,14
500111070,20231007,223,18,4,1,25.04177,121.58735,14
500111070,20231007,224,18,4,1,25.04177,121.58735,14
500111070,20231007,225,18,4,1,25.04177,121.58735,14
500111070,20231007,226,18,4,1,25.04177,121.58735,14
500111070,20231007,227,18,4,1,25.04177,121.58735,14
500111070,20231007,228,18,4,1,25.04177,121.58735,14
500111070,20231007,229,18,4,1,25.04177,121.58735,14
500111070,20231007,230,18,4,1,25.04177,121.58735,14
500111070,20231007,231,18,4,1,25.04177,121.58735,14
500111070,20231007,232,18,4,1,25.04177,121.58735,14
500111070,20231007,233,18,4,1,25.04177,121.58735,14
500111070,20231007,234,18,4,1,25.04177,121.58735,14
500111070,20231007,235,18,4,1,25.04177,121.58735,14
500111070,20231007,236,18,4,1,25.04177,121.58735,14
500111070,20231007,237,18,4,1,25.04177,121.58735,14
500111070,20231007,238,18,4,1,25.04177,121.58735,14
500111070,20231007,239,18,4,1,25.04177,121.58735,14
500111070,20231007,240,18,4,1,25.04177,121.58735,14
500111070,20231007,241,18,4,1,25.04177,121.58735,14
500111070,20231007,242,18,3,1,25.04177,121.58735,15
500111070,20231007,243,18,3,1,25.04177,121.58735,15
500111070,20231007,244,18,3,1,25.04177,121.58735,15
500111070,20231007,245,18,3,1,25.04177,121.58735,15
500111070,20231007,246,18,3,1,25.04177,121.58735,15
500111070,20231007,247,18,2,1,25.04177,121.58735,16
500111070,20231007,248,18,2,1,25.04177,121.58735,16
500111070,20231007,249,18,2,1,25.04177,121.58735,16
500111070,20231007,250,18,2,1,25.04177,121.58735,16
500111070,20231007,251,18,2,1,25.04177,121.58735,16
500111070,20231007,252,18,2,1,25.04177,121.58735,16
500111070,20231007,253,18,2,1,25.04177,121.58735,16
500111070,20231007,254,18,2,1,25.04177,121.58735,16
500111070,20231007,255,18,2,1,25.04177,121.58735,16
500111070,20231007,256,18,2,1,25.04177,121.58735,16
500111070,20231007,257,18,2,1,25.04177,121.58735,16
500111070,20231007,258,18,2,1,25.04177,121.58735,16
500111070,20231007,259,18,2,1,25.04177,121.58735,16
500111070,20231007,261,18,2,1,25.04177,121.58735,16
500111070,20231007,262,18,2,1,25.04177,121.58735,16
500111070,20231007,263,18,2,1,25.04177,121.58735,16
500111070,20231007,264,18,2,1,25.04177,121.58735,16
500111070,20231007,265,18,2,1,25.04177,121.58735,16
500111070,20231007,266,18,2,1,25.04177,121.58735,16
500111070,20231007,267,18,2,1,25.04177,121.58735,16
500111070,20231007,268,18,2,1,25.04177,121.58735,16
500111070,20231007,269,18,2,1,25.04177,121.58735,16
500111070,20231007,270,18,2,1,25.04177,121.58735,16
500111070,20231007,271,18,2,1,25.04177,121.58735,16
500111070,20231007,272,18,2,1,25.04177,121.58735,16
500111070,20231007,273,18,2,1,25.04177,121.58735,16
500111070,20231007,274,18,2,1,25.04177,121.58735,16
500111070,20231007,275,18,2,1,25.04177,121.58735,16
500111070,20231007,276,18,2,1,25.04177,121.58735,16
500111070,20231007,277,18,2,1,25.04177,121.58735,16
500111070,20231007,278,18,2,1,25.04177,121.58735,16
500111070,20231007,279,18,2,1,25.04177,121.58735,16
500111070,20231007,280,18,2,1,25.04177,121.58735,16
500111070,20231007,281,18,2,1,25.04177,121.58735,16
500111070,20231007,282,18,2,1,25.04177,121.58735,16
500111070,20231007,283,18,2,1,25.04177,121.58735,16
500111070,20231007,284,18,2,1,25.04177,121.58735,16
500111070,20231007,285,18,2,1,25.04177,121.58735,16
500111070,20231007,286,18,2,1,25.04177,121.58735,16
500111070,20231007,287,18,2,1,25.04177,121.58735,16
500111070,20231007,288,18,2,1,25.04177,121.58735,16
500111070,20231007,289,18,3,1,25.04177,121.58735,15
500111070,20231007,290,18,3,1,25.04177,121.58735,15
500111070,20231007,291,18,3,1,25.04177,121.58735,15
500111070,20231007,292,18,3,1,25.04177,121.58735,15
500111070,20231007,293,18,3,1,25.04177,121.58735,15
500111070,20231007,294,18,3,1,25.04177,121.58735,15
500111070,20231007,295,18,3,1,25.04177,121.58735,15
500111070,20231007,296,18,3,1,25.04177,121.58735,15
500111070,20231007,297,18,3,1,25.04177,121.58735,15
500111070,20231007,298,18,3,1,25.04177,121.58735,15
500111070,20231007,299,18,3,1,25.04177,121.58735,15
500111070,20231007,300,18,3,1,25.04177,121.58735,15
500111070,20231007,301,18,2,1,25.04177,121.58735,16
500111070,20231007,302,18,2,1,25.04177,121.58735,16
500111070,20231007,303,18,2,1,25.04177,121.58735,16
500111070,20231007,304,18,2,1,25.04177,121.58735,16
500111070,20231007,305,18,2,1,25.04177,121.58735,16
500111070,20231007,306,18,2,1,25.04177,121.58735,16
500111070,20231007,307,18,2,1,25.04177,121.58735,16
500111070,20231007,308,18,2,1,25.04177,121.58735,16
500111070,20231007,309,18,2,1,25.04177,121.58735,16
500111070,20231007,310,18,2,1,25.04177,121.58735,16
500111070,20231007,311,18,2,1,25.04177,121.58735,16
500111070,20231007,312,18,2,1,25.04177,121.58735,16
500111070,20231007,313,18,2,1,25.04177,121.58735,16
500111070,20231007,314,18,2,1,25.04177,121.58735,16
500111070,20231007,315,18,2,1,25.04177,121.58735,16
500111070,20231007,316,18,2,1,25.04177,121.58735,16
500111070,20231007,317,18,2,1,25.04177,121.58735,16
500111070,20231007,318,18,2,1,25.04177,121.58735,16
500111070,20231007,319,18,2,1,25.04177,121.58735,16
500111070,20231007,321,18,2,1,25.04177,121.58735,16
500111070,20231007,322,18,2,1,25.04177,121.58735,16
500111070,20231007,323,18,2,1,25.04177,121.58735,16
500111070,20231007,324,18,2,1,25.04177,121.58735,16
500111070,20231007,325,18,2,1,25.04177,121.58735,16
500111070,20231007,326,18,2,1,25.04177,121.58735,16
500111070,20231007,327,18,2,1,25.04177,121.58735,16
500111070,20231007,328,18,2,1,25.04177,121.58735,16
500111070,20231007,329,18,2,1,25.04177,121.58735,16
500111070,20231007,330,18,2,1,25.04177,121.58735,16
500111070,20231007,331,18,2,1,25.04177,121.58735,16
500111070,20231007,332,18,2,1,25.04177,121.58735,16
500111070,20231007,333,18,2,1,25.04177,121.58735,16
500111070,20231007,334,18,2,1,25.04177,121.58735,16
500111070,20231007,335,18,2,1,25.04177,121.58735,16
500111070,20231007,336,18,2,1,25.04177,121.58735,16
500111070,20231007,337,18,2,1,25.04177,121.58735,16
500111070,20231007,338,18,2,1,25.04177,121.58735,16
500111070,20231007,339,18,2,1,25.04177,121.58735,16
500111070,20231007,340,18,2,1,25.04177,121.58735,16
500111070,20231007,341,18,2,1,25.04177,121.58735,16
500111070,20231007,342,18,2,1,25.04177,121.58735,16
500111070,20231007,343,18,2,1,25.04177,121.58735,16
500111070,20231007,344,18,2,1,25.04177,121.58735,16
500111070,20231007,345,18,2,1,25.04177,121.58735,16
500111070,20231007,346,18,2,1,25.04177,121.58735,16
500111070,20231007,347,18,2,1,25.04177,121.58735,16
500111070,20231007,348,18,2,1,25.04177,121.58735,16
500111070,20231007,349,18,2,1,25.04177,121.58735,16
500111070,20231007,350,18,2,1,25.04177,121.58735,16
500111070,20231007,351,18,2,1,25.04177,121.58735,16
500111070,20231007,352,18,2,1,25.04177,121.58735,16
500111070,20231007,353,18,2,1,25.04177,121.58735,16
500111070,20231007,354,18,3,1,25.04177,121.58735,15
500111070,20231007,355,18,3,1,25.04177,121.58735,15
500111070,20231007,356,18,2,1,25.04177,121.58735,16
500111070,20231007,357,18,2,1,25.04177,121.58735,16
500111070,20231007,358,18,2,1,25.04177,121.58735,16
500111070,20231007,359,18,2,1,25.04177,121.58735,16
500111070,20231007,360,18,2,1,25.04177,121.58735,16
500111070,20231007,361,18,3,1,25.04177,121.58735,15
500111070,20231007,362,18,3,1,25.04177,121.58735,15
500111070,20231007,363,18,3,1,25.04177,121.58735,15
500111070,20231007,364,18,3,1,25.04177,121.58735,15
500111070,20231007,365,18,3,1,25.04177,121.58735,15
500111070,20231007,366,18,3,1,25.04177,121.58735,15
500111070,20231007,367,18,3,1,25.04177,121.58735,15
500111070,20231007,368,18,3,1,25.04177,121.58735,15
500111070,20231007,369,18,3,1,25.04177,121.58735,15
500111070,20231007,370,18,3,1,25.04177,121.58735,15
500111070,20231007,371,18,3,1,25.04177,121.58735,15
500111070,20231007,372,18,3,1,25.04177,121.58735,15
500111070,20231007,373,18,3,1,25.04177,121.58735,15
500111070,20231007,374,18,3,1,25.04177,121.58735,15
500111070,20231007,375,18,3,1,25.04177,121.58735,15
500111070,20231007,376,18,3,1,25.04177,121.58735,15
500111070,20231007,377,18,3,1,25.04177,121.58735,15
500111070,20231007,379,18,3,1,25.04177,121.58735,15
500111070,20231007,381,18,3,1,25.04177,121.58735,15
500111070,20231007,382,18,3,1,25.04177,121.58735,15
500111070,20231007,383,18,3,1,25.04177,121.58735,15
500111070,20231007,384,18,3,1,25.04177,121.58735,15
500111070,20231007,385,18,4,1,25.04177,121.58735,14
500111070,20231007,386,18,4,1,25.04177,121.58735,14
500111070,20231007,387,18,4,1,25.04177,121.58735,14
500111070,20231007,388,18,4,1,25.04177,121.58735,14
500111070,20231007,389,18,4,1,25.04177,121.58735,14
500111070,20231007,390,18,4,1,25.04177,121.58735,14
500111070,20231007,391,18,4,1,25.04177,121.58735,14
500111070,20231007,392,18,4,1,25.04177,121.58735,14
500111070,20231007,393,18,4,1,25.04177,121.58735,14
500111070,20231007,394,18,4,1,25.04177,121.58735,14
500111070,20231007,395,18,4,1,25.04177,121.58735,14
500111070,20231007,396,18,4,1,25.04177,121.58735,14
500111070,20231007,397,18,5,1,25.04177,121.58735,13
500111070,20231007,398,18,5,1,25.04177,121.58735,13
500111070,20231007,399,18,5,1,25.04177,121.58735,13
500111070,20231007,400,18,5,1,25.04177,121.58735,13
500111070,20231007,401,18,5,1,25.04177,121.58735,13
500111070,20231007,402,18,5,1,25.04177,121.58735,13
500111070,20231007,403,18,5,1,25.04177,121.58735,13
500111070,20231007,404,18,5,1,25.04177,121.58735,13
500111070,20231007,405,18,5,1,25.04177,121.58735,13
500111070,20231007,406,18,5,1,25.04177,121.58735,13
500111070,20231007,407,18,5,1,25.04177,121.58735,13
500111070,20231007,408,18,5,1,25.04177,121.58735,13
500111070,20231007,409,18,5,1,25.04177,121.58735,13
500111070,20231007,410,18,5,1,25.04177,121.58735,13
500111070,20231007,411,18,5,1,25.04177,121.58735,13
500111070,20231007,412,18,5,1,25.04177,121.58735,13
500111070,20231007,413,18,5,1,25.04177,121.58735,13
500111070,20231007,414,18,5,1,25.04177,121.58735,13
500111070,20231007,415,18,5,1,25.04177,121.58735,13
500111070,20231007,416,18,6,1,25.04177,121.58735,12
500111070,20231007,417,18,6,1,25.04177,121.58735,12
500111070,20231007,418,18,6,1,25.04177,121.58735,12
500111070,20231007,419,18,6,1,25.04177,121.58735,12
500111070,20231007,420,18,6,1,25.04177,121.58735,12
500111070,20231007,421,18,6,1,25.04177,121.58735,12
500111070,20231007,422,18,6,1,25.04177,121.58735,12
500111070,20231007,423,18,6,1,25.04177,121.58735,12
500111070,20231007,424,18,6,1,25.04177,121.58735,12
500111070,20231007,425,18,5,1,25.04177,121.58735,13
500111070,20231007,426,18,5,1,25.04177,121.58735,13
500111070,20231007,427,18,5,1,25.04177,121.58735,13
500111070,20231007,428,18,5,1,25.04177,121.58735,13
500111070,20231007,429,18,5,1,25.04177,121.58735,13
500111070,20231007,430,18,5,1,25.04177,121.58735,13
500111070,20231007,431,18,7,1,25.04177,121.58735,11
500111070,20231007,432,18,7,1,25.04177,121.58735,11
500111070,20231007,433,18,7,1,25.04177,121.58735,11
500111070,20231007,434,18,7,1,25.04177,121.58735,11
500111070,20231007,435,18,7,1,25.04177,121.58735,11
500111070,20231007,436,18,7,1,25.04177,121.58735,11
500111070,20231007,437,18,7,1,25.04177,121.58735,11
500111070,20231007,438,18,7,1,25.04177,121.58735,11
500111070,20231007,439,18,7,1,25.04177,121.58735,11
500111070,20231007,441,18,6,1,25.04177,121.58735,12
500111070,20231007,442,18,5,1,25.04177,121.58735,13
500111070,20231007,443,18,6,1,25.04177,121.58735,12
500111070,20231007,444,18,6,1,25.04177,121.58735,12
500111070,20231007,445,18,6,1,25.04177,121.58735,12
500111070,20231007,446,18,6,1,25.04177,121.58735,12
500111070,20231007,447,18,6,1,25.04177,121.58735,12
500111070,20231007,448,18,7,1,25.04177,121.58735,11
500111070,20231007,449,18,7,1,25.04177,121.58735,11
500111070,20231007,450,18,7,1,25.04177,121.58735,11
500111070,20231007,451,18,6,1,25.04177,121.58735,12
500111070,20231007,452,18,6,1,25.04177,121.58735,12
500111070,20231007,453,18,6,1,25.04177,121.58735,12
500111070,20231007,454,18,6,1,25.04177,121.58735,12
500111070,20231007,455,18,6,1,25.04177,121.58735,12
500111070,20231007,456,18,6,1,25.04177,121.58735,12
500111070,20231007,457,18,6,1,25.04177,121.58735,12
500111070,20231007,458,18,7,1,25.04177,121.58735,11
500111070,20231007,459,18,7,1,25.04177,121.58735,11
500111070,20231007,460,18,7,1,25.04177,121.58735,11
500111070,20231007,461,18,7,1,25.04177,121.58735,11
500111070,20231007,462,18,7,1,25.04177,121.58735,11
500111070,20231007,463,18,7,1,25.04177,121.58735,11
500111070,20231007,464,18,7,1,25.04177,121.58735,11
500111070,20231007,465,18,7,1,25.04177,121.58735,11
500111070,20231007,466,18,7,1,25.04177,121.58735,11
500111070,20231007,467,18,7,1,25.04177,121.58735,11
500111070,20231007,468,18,7,1,25.04177,121.58735,11
500111070,20231007,469,18,6,1,25.04177,121.58735,12
500111070,20231007,470,18,6,1,25.04177,121.58735,12
500111070,20231007,471,18,6,1,25.04177,121.58735,12
500111070,20231007,472,18,6,1,25.04177,121.58735,12
500111070,20231007,473,18,6,1,25.04177,121.58735,12
500111070,20231007,474,18,6,1,25.04177,121.58735,12
500111070,20231007,475,18,6,1,25.04177,121.58735,12
500111070,20231007,476,18,6,1,25.04177,121.58735,12
500111070,20231007,477,18,5,1,25.04177,121.58735,13
500111070,20231007,478,18,5,1,25.04177,121.58735,13
500111070,20231007,479,18,5,1,25.04177,121.58735,13
500111070,20231007,481,18,5,1,25.04177,121.58735,13
500111070,20231007,482,18,5,1,25.04177,121.58735,13
500111070,20231007,483,18,5,1,25.04177,121.58735,13
500111070,20231007,484,18,5,1,25.04177,121.58735,13
500111070,20231007,485,18,5,1,25.04177,121.58735,13
500111070,20231007,486,18,5,1,25.04177,121.58735,13
500111070,20231007,487,18,5,1,25.04177,121.58735,13
500111070,20231007,488,18,5,1,25.04177,121.58735,13
500111070,20231007,489,18,5,1,25.04177,121.58735,13
500111070,20231007,490,18,5,1,25.04177,121.58735,13
500111070,20231007,491,18,5,1,25.04177,121.58735,13
500111070,20231007,492,18,5,1,25.04177,121.58735,13
500111070,20231007,493,18,5,1,25.04177,121.58735,13
500111070,20231007,494,18,5,1,25.04177,121.58735,13
500111070,20231007,495,18,5,1,25.04177,121.58735,13
500111070,20231007,496,18,6,1,25.04177,121.58735,12
500111070,20231007,497,18,6,1,25.04177,121.58735,12
500111070,20231007,498,18,6,1,25.04177,121.58735,12
500111070,20231007,499,18,6,1,25.04177,121.58735,12
500111070,20231007,501,18,6,1,25.04177,121.58735,12
500111070,20231007,502,18,6,1,25.04177,121.58735,12
500111070,20231007,503,18,6,1,25.04177,121.58735,12
500111070,20231007,504,18,6,1,25.04177,121.58735,12
500111070,20231007,505,18,6,1,25.04177,121.58735,12
500111070,20231007,506,18,6,1,25.04177,121.58735,12
500111070,20231007,507,18,6,1,25.04177,121.58735,12
500111070,20231007,508,18,6,1,25.04177,121.58735,12
500111070,20231007,509,18,6,1,25.04177,121.58735,12
500111070,20231007,511,18,7,1,25.04177,121.58735,11
500111070,20231007,512,18,7,1,25.04177,121.58735,11
500111070,20231007,513,18,7,1,25.04177,121.58735,11
500111070,20231007,514,18,7,1,25.04177,121.58735,11
500111070,20231007,515,18,7,1,25.04177,121.58735,11
500111070,20231007,516,18,7,1,25.04177,121.58735,11
500111070,20231007,517,18,7,1,25.04177,121.58735,11
500111070,20231007,518,18,7,1,25.04177,121.58735,11
500111070,20231007,519,18,7,1,25.04177,121.58735,11
500111070,20231007,520,18,7,1,25.04177,121.58735,11
500111070,20231007,521,18,7,1,25.04177,121.58735,11
500111070,20231007,522,18,9,1,25.04177,121.58735,9
500111070,20231007,523,18,9,1,25.04177,121.58735,9
500111070,20231007,524,18,9,1,25.04177,121.58735,9
500111070,20231007,525,18,9,1,25.04177,121.58735,9
500111070,20231007,526,18,9,1,25.04177,121.58735,9
500111070,20231007,527,18,9,1,25.04177,121.58735,9
500111070,20231007,528,18,9,1,25.04177,121.58735,9
500111070,20231007,529,18,9,1,25.04177,121.58735,9
500111070,20231007,530,18,9,1,25.04177,121.58735,9
500111070,20231007,531,18,10,1,25.04177,121.58735,8
500111070,20231007,532,18,10,1,25.04177,121.58735,8
500111070,20231007,533,18,10,1,25.04177,121.58735,8
500111070,20231007,534,18,10,1,25.04177,121.58735,8
500111070,20231007,535,18,10,1,25.04177,121.58735,8
500111070,20231007,536,18,10,1,25.04177,121.58735,8
500111070,20231007,537,18,10,1,25.04177,121.58735,8
500111070,20231007,538,18,10,1,25.04177,121.58735,8
500111070,20231007,539,18,11,1,25.04177,121.58735,7
500111070,20231007,541,18,11,1,25.04177,121.58735,7
500111070,20231007,542,18,11,1,25.04177,121.58735,7
500111070,20231007,543,18,11,1,25.04177,121.58735,7
500111070,20231007,544,18,12,1,25.04177,121.58735,6
500111070,20231007,545,18,12,1,25.04177,121.58735,6
500111070,20231007,546,18,12,1,25.04177,121.58735,6
500111070,20231007,547,18,13,1,25.04177,121.58735,5
500111070,20231007,548,18,13,1,25.04177,121.58735,5
500111070,20231007,549,18,13,1,25.04177,121.58735,5
500111070,20231007,550,18,13,1,25.04177,121.58735,5
500111070,20231007,551,18,13,1,25.04177,121.58735,5
500111070,20231007,552,18,13,1,25.04177,121.58735,5
500111070,20231007,553,18,14,1,25.04177,121.58735,4
500111070,20231007,554,18,14,1,25.04177,121.58735,4
500111070,20231007,555,18,15,1,25.04177,121.58735,3
500111070,20231007,556,18,16,1,25.04177,121.58735,2
500111070,20231007,557,18,16,1,25.04177,121.58735,2
500111070,20231007,558,18,16,1,25.04177,121.58735,2
500111070,20231007,559,18,17,1,25.04177,121.58735,1
500111070,20231007,561,18,17,1,25.04177,121.58735,1
500111070,20231007,562,18,16,1,25.04177,121.58735,2
500111070,20231007,563,18,16,1,25.04177,121.58735,2
500111070,20231007,564,18,15,1,25.04177,121.58735,3
500111070,20231007,565,18,14,1,25.04177,121.58735,4
500111070,20231007,566,18,15,1,25.04177,121.58735,3
500111070,20231007,567,18,10,1,25.04177,121.58735,8
500111070,20231007,568,18,7,1,25.04177,121.58735,11
500111070,20231007,569,18,6,1,25.04177,121.58735,12
500111070,20231007,571,18,6,1,25.04177,121.58735,12
500111070,20231007,572,18,6,1,25.04177,121.58735,12
500111070,20231007,573,18,6,1,25.04177,121.58735,12
500111070,20231007,574,18,6,1,25.04177,121.58735,12
500111070,20231007,575,18,6,1,25.04177,121.58735,12
500111070,20231007,576,18,6,1,25.04177,121.58735,12
500111070,20231007,577,18,6,1,25.04177,121.58735,12
500111070,20231007,578,18,6,1,25.04177,121.58735,12
500111070,20231007,579,18,6,1,25.04177,121.58735,12
500111070,20231007,580,18,6,1,25.04177,121.58735,12
500111070,20231007,581,18,6,1,25.04177,121.58735,12
500111070,20231007,582,18,6,1,25.04177,121.58735,12
500111070,20231007,583,18,7,1,25.04177,121.58735,11
500111070,20231007,584,18,7,1,25.04177,121.58735,11
500111070,20231007,585,18,7,1,25.04177,121.58735,11
500111070,20231007,586,18,8,1,25.04177,121.58735,10
500111070,20231007,587,18,7,1,25.04177,121.58735,11
500111070,20231007,588,18,7,1,25.04177,121.58735,11
500111070,20231007,589,18,7,1,25.04177,121.58735,11
500111070,20231007,590,18,7,1,25.04177,121.58735,11
500111070,20231007,591,18,8,1,25.04177,121.58735,10
500111070,20231007,592,18,8,1,25.04177,121.58735,10
500111070,20231007,593,18,9,1,25.04177,121.58735,9
500111070,20231007,594,18,9,1,25.04177,121.58735,9
500111070,20231007,595,18,9,1,25.04177,121.58735,9
500111070,20231007,596,18,9,1,25.04177,121.58735,9
500111070,20231007,597,18,9,1,25.04177,121.58735,9
500111070,20231007,598,18,9,1,25.04177,121.58735,9
500111070,20231007,599,18,10,1,25.04177,121.58735,8
500111070,20231007,601,18,10,1,25.04177,121.58735,8
500111070,20231007,602,18,10,1,25.04177,121.58735,8
500111070,20231007,603,18,10,1,25.04177,121.58735,8
500111070,20231007,604,18,11,1,25.04177,121.58735,7
500111070,20231007,605,18,11,1,25.04177,121.58735,7
500111070,20231007,606,18,11,1,25.04177,121.58735,7
500111070,20231007,607,18,9,1,25.04177,121.58735,9
500111070,20231007,608,18,9,1,25.04177,121.58735,9
500111070,20231007,609,18,9,1,25.04177,121.58735,9
500111070,20231007,610,18,9,1,25.04177,121.58735,9
500111070,20231007,611,18,9,1,25.04177,121.58735,9
500111070,20231007,612,18,9,1,25.04177,121.58735,9
500111070,20231007,613,18,10,1,25.04177,121.58735,8
500111070,20231007,614,18,10,1,25.04177,121.58735,8
500111070,20231007,615,18,10,1,25.04177,121.58735,8
500111070,20231007,616,18,10,1,25.04177,121.58735,8
500111070,20231007,617,18,10,1,25.04177,121.58735,8
500111070,20231007,618,18,10,1,25.04177,121.58735,8
500111070,20231007,619,18,11,1,25.04177,121.58735,7
500111070,20231007,621,18,11,1,25.04177,121.58735,7
500111070,20231007,622,18,11,1,25.04177,121.58735,7
500111070,20231007,623,18,10,1,25.04177,121.58735,8
500111070,20231007,624,18,10,1,25.04177,121.58735,8
500111070,20231007,625,18,11,1,25.04177,121.58735,7
500111070,20231007,626,18,12,1,25.04177,121.58735,6
500111070,20231007,627,18,12,1,25.04177,121.58735,6
500111070,20231007,628,18,12,1,25.04177,121.58735,6
500111070,20231007,629,18,12,1,25.04177,121.58735,6
500111070,20231007,631,18,13,1,25.04177,121.58735,5
500111070,20231007,632,18,13,1,25.04177,121.58735,5
500111070,20231007,633,18,13,1,25.04177,121.58735,5
500111070,20231007,634,18,13,1,25.04177,121.58735,5
500111070,20231007,635,18,13,1,25.04177,121.58735,5
500111070,20231007,636,18,13,1,25.04177,121.58735,5
500111070,20231007,637,18,13,1,25.04177,121.58735,5
500111070,20231007,638,18,13,1,25.04177,121.58735,5
500111070,20231007,639,18,12,1,25.04177,121.58735,6
500111070,20231007,640,18,12,1,25.04177,121.58735,6
500111070,20231007,641,18,12,1,25.04177,121.58735,6
500111070,20231007,642,18,12,1,25.04177,121.58735,6
500111070,20231007,643,18,12,1,25.04177,121.58735,6
500111070,20231007,644,18,12,1,25.04177,121.58735,6
500111070,20231007,645,18,12,1,25.04177,121.58735,6
500111070,20231007,646,18,12,1,25.04177,121.58735,6
500111070,20231007,647,18,12,1,25.04177,121.58735,6
500111070,20231007,648,18,12,1,25.04177,121.58735,6
500111070,20231007,649,18,12,1,25.04177,121.58735,6
500111070,20231007,650,18,12,1,25.04177,121.58735,6
500111070,20231007,651,18,12,1,25.04177,121.58735,6
500111070,20231007,652,18,12,1,25.04177,121.58735,6
500111070,20231007,653,18,12,1,25.04177,121.58735,6
500111070,20231007,654,18,12,1,25.04177,121.58735,6
500111070,20231007,655,18,12,1,25.04177,121.58735,6
500111070,20231007,656,18,12,1,25.04177,121.58735,6
500111070,20231007,657,18,11,1,25.04177,121.58735,7
500111070,20231007,658,18,11,1,25.04177,121.58735,7
500111070,20231007,659,18,11,1,25.04177,121.58735,7
500111070,20231007,661,18,11,1,25.04177,121.58735,7
500111070,20231007,662,18,11,1,25.04177,121.58735,7
500111070,20231007,663,18,11,1,25.04177,121.58735,7
500111070,20231007,664,18,11,1,25.04177,121.58735,7
500111070,20231007,665,18,11,1,25.04177,121.58735,7
500111070,20231007,666,18,11,1,25.04177,121.58735,7
500111070,20231007,667,18,12,1,25.04177,121.58735,6
500111070,20231007,668,18,14,1,25.04177,121.58735,4
500111070,20231007,669,18,14,1,25.04177,121.58735,4
500111070,20231007,670,18,14,1,25.04177,121.58735,4
500111070,20231007,671,18,15,1,25.04177,121.58735,3
500111070,20231007,672,18,15,1,25.04177,121.58735,3
500111070,20231007,673,18,15,1,25.04177,121.58735,3
500111070,20231007,674,18,15,1,25.04177,121.58735,3
500111070,20231007,675,18,15,1,25.04177,121.58735,3
500111070,20231007,676,18,16,1,25.04177,121.58735,2
500111070,20231007,677,18,15,1,25.04177,121.58735,3
500111070,20231007,678,18,15,1,25.04177,121.58735,3
500111070,20231007,679,18,15,1,25.04177,121.58735,3
500111070,20231007,681,18,16,1,25.04177,121.58735,2
500111070,20231007,682,18,16,1,25.04177,121.58735,2
500111070,20231007,683,18,16,1,25.04177,121.58735,2
500111070,20231007,684,18,16,1,25.04177,121.58735,2
500111070,20231007,685,18,16,1,25.04177,121.58735,2
500111070,20231007,686,18,16,1,25.04177,121.58735,2
500111070,20231007,687,18,16,1,25.04177,121.58735,2
500111070,20231007,688,18,16,1,25.04177,121.58735,2
500111070,20231007,689,18,16,1,25.04177,121.58735,2
500111070,20231007,691,18,16,1,25.04177,121.58735,2
500111070,20231007,692,18,17,1,25.04177,121.58735,1
500111070,20231007,693,18,17,1,25.04177,121.58735,1
500111070,20231007,694,18,16,1,25.04177,121.58735,2
500111070,20231007,695,18,18,1,25.04177,121.58735,0
500111070,20231007,696,18,18,1,25.04177,121.58735,0
500111070,20231007,697,18,18,1,25.04177,121.58735,0
500111070,20231007,698,18,18,1,25.04177,121.58735,0
500111070,20231007,699,18,18,1,25.04177,121.58735,0
500111070,20231007,701,18,18,1,25.04177,121.58735,0
500111070,20231007,702,18,18,1,25.04177,121.58735,0
500111070,20231007,703,18,18,1,25.04177,121.58735,0
500111070,20231007,704,18,18,1,25.04177,121.58735,0
500111070,20231007,705,18,18,1,25.04177,121.58735,0
500111070,20231007,706,18,18,1,25.04177,121.58735,0
500111070,20231007,707,18,18,1,25.04177,121.58735,0
500111070,20231007,708,18,17,1,25.04177,121.58735,1
500111070,20231007,709,18,16,1,25.04177,121.58735,2
500111070,20231007,710,18,16,1,25.04177,121.58735,2
500111070,20231007,711,18,16,1,25.04177,121.58735,2
500111070,20231007,712,18,16,1,25.04177,121.58735,2
500111070,20231007,713,18,16,1,25.04177,121.58735,2
500111070,20231007,714,18,16,1,25.04177,121.58735,2
500111070,20231007,715,18,16,1,25.04177,121.58735,2
500111070,20231007,716,18,15,1,25.04177,121.58735,3
500111070,20231007,717,18,15,1,25.04177,121.58735,3
500111070,20231007,718,18,15,1,25.04177,121.58735,3
500111070,20231007,719,18,15,1,25.04177,121.58735,3
500111070,20231007,722,18,15,1,25.04177,121.58735,3
500111070,20231007,723,18,15,1,25.04177,121.58735,3
500111070,20231007,724,18,14,1,25.04177,121.58735,4
500111070,20231007,725,18,14,1,25.04177,121.58735,4
500111070,20231007,726,18,14,1,25.04177,121.58735,4
500111070,20231007,727,18,14,1,25.04177,121.58735,4
500111070,20231007,728,18,14,1,25.04177,121.58735,4
500111070,20231007,729,18,14,1,25.04177,121.58735,4
500111070,20231007,730,18,15,1,25.04177,121.58735,3
500111070,20231007,731,18,15,1,25.04177,121.58735,3
500111070,20231007,732,18,15,1,25.04177,121.58735,3
500111070,20231007,733,18,16,1,25.04177,121.58735,2
500111070,20231007,734,18,16,1,25.04177,121.58735,2
500111070,20231007,735,18,16,1,25.04177,121.58735,2
500111070,20231007,736,18,16,1,25.04177,121.58735,2
500111070,20231007,737,18,16,1,25.04177,121.58735,2
500111070,20231007,738,18,17,1,25.04177,121.58735,1
500111070,20231007,739,18,18,1,25.04177,121.58735,0
500111070,20231007,741,18,17,1,25.04177,121.58735,1
500111070,20231007,742,18,16,1,25.04177,121.58735,2
500111070,20231007,743,18,16,1,25.04177,121.58735,2
500111070,20231007,744,18,16,1,25.04177,121.58735,2
500111070,20231007,745,18,16,1,25.04177,121.58735,2
500111070,20231007,746,18,16,1,25.04177,121.58735,2
500111070,20231007,747,18,16,1,25.04177,121.58735,2
500111070,20231007,748,18,16,1,25.04177,121.58735,2
500111070,20231007,749,18,15,1,25.04177,121.58735,3
500111070,20231007,751,18,17,1,25.04177,121.58735,1
500111070,20231007,752,18,17,1,25.04177,121.58735,1
500111070,20231007,753,18,17,1,25.04177,121.58735,1
500111070,20231007,754,18,17,1,25.04177,121.58735,1
500111070,20231007,755,18,18,1,25.04177,121.58735,0
500111070,20231007,756,18,18,1,25.04177,121.58735,0
500111070,20231007,757,18,18,1,25.04177,121.58735,0
500111070,20231007,758,18,18,1,25.04177,121.58735,0
500111070,20231007,759,18,18,1,25.04177,121.58735,0
500111070,20231007,760,18,18,1,25.04177,121.58735,0
500111070,20231007,761,18,17,1,25.04177,121.58735,1
500111070,20231007,762,18,17,1,25.04177,121.58735,1
500111070,20231007,763,18,17,1,25.04177,121.58735,1
500111070,20231007,764,18,18,1,25.04177,121.58735,0
500111070,20231007,765,18,18,1,25.04177,121.58735,0
500111070,20231007,766,18,18,1,25.04177,121.58735,0
500111070,20231007,767,18,18,1,25.04177,121.58735,0
500111070,20231007,768,18,18,1,25.04177,121.58735,0
500111070,20231007,769,18,18,1,25.04177,121.58735,0
500111070,20231007,770,18,18,1,25.04177,121.58735,0
500111070,20231007,771,18,18,1,25.04177,121.58735,0
500111070,20231007,772,18,17,1,25.04177,121.58735,1
500111070,20231007,773,18,16,1,25.04177,121.58735,2
500111070,20231007,774,18,16,1,25.04177,121.58735,2
500111070,20231007,775,18,16,1,25.04177,121.58735,2
500111070,20231007,776,18,16,1,25.04177,121.58735,2
500111070,20231007,777,18,16,1,25.04177,121.58735,2
500111070,20231007,778,18,16,1,25.04177,121.58735,2
500111070,20231007,779,18,16,1,25.04177,121.58735,2
500111070,20231007,781,18,16,1,25.04177,121.58735,2
500111070,20231007,782,18,16,1,25.04177,121.58735,2
500111070,20231007,783,18,16,1,25.04177,121.58735,2
500111070,20231007,784,18,16,1,25.04177,121.58735,2
500111070,20231007,785,18,16,1,25.04177,121.58735,2
500111070,20231007,786,18,16,1,25.04177,121.58735,2
500111070,20231007,787,18,16,1,25.04177,121.58735,2
500111070,20231007,788,18,17,1,25.04177,121.58735,1
500111070,20231007,789,18,17,1,25.04177,121.58735,1
500111070,20231007,790,18,17,1,25.04177,121.58735,1
500111070,20231007,791,18,17,1,25.04177,121.58735,1
500111070,20231007,792,18,17,1,25.04177,121.58735,1
500111070,20231007,793,18,17,1,25.04177,121.58735,1
500111070,20231007,794,18,17,1,25.04177,121.58735,1
500111070,20231007,795,18,17,1,25.04177,121.58735,1
500111070,20231007,796,18,17,1,25.04177,121.58735,1
500111070,20231007,797,18,17,1,25.04177,121.58735,1
500111070,20231007,798,18,16,1,25.04177,121.58735,2
500111070,20231007,799,18,15,1,25.04177,121.58735,3
500111070,20231007,801,18,15,1,25.04177,121.58735,3
500111070,20231007,802,18,15,1,25.04177,121.58735,3
500111070,20231007,803,18,15,1,25.04177,121.58735,3
500111070,20231007,804,18,15,1,25.04177,121.58735,3
500111070,20231007,805,18,15,1,25.04177,121.58735,3
500111070,20231007,806,18,15,1,25.04177,121.58735,3
500111070,20231007,807,18,14,1,25.04177,121.58735,4
500111070,20231007,808,18,15,1,25.04177,121.58735,3
500111070,20231007,809,18,15,1,25.04177,121.58735,3
500111070,20231007,811,18,15,1,25.04177,121.58735,3
500111070,20231007,812,18,16,1,25.04177,121.58735,2
500111070,20231007,813,18,16,1,25.04177,121.58735,2
500111070,20231007,814,18,17,1,25.04177,121.58735,1
500111070,20231007,815,18,18,1,25.04177,121.58735,0
500111070,20231007,816,18,18,1,25.04177,121.58735,0
500111070,20231007,817,18,18,1,25.04177,121.58735,0
500111070,20231007,818,18,18,1,25.04177,121.58735,0
500111070,20231007,819,18,18,1,25.04177,121.58735,0
500111070,20231007,820,18,18,1,25.04177,121.58735,0
500111070,20231007,821,18,18,1,25.04177,121.58735,0
500111070,20231007,822,18,17,1,25.04177,121.58735,1
500111070,20231007,823,18,17,1,25.04177,121.58735,1
500111070,20231007,824,18,17,1,25.04177,121.58735,1
500111070,20231007,825,18,17,1,25.04177,121.58735,1
500111070,20231007,826,18,17,1,25.04177,121.58735,1
500111070,20231007,827,18,17,1,25.04177,121.58735,1
500111070,20231007,828,18,17,1,25.04177,121.58735,1
500111070,20231007,829,18,17,1,25.04177,121.58735,1
500111070,20231007,830,18,17,1,25.04177,121.58735,1
500111070,20231007,831,18,17,1,25.04177,121.58735,1
500111070,20231007,832,18,17,1,25.04177,121.58735,1
500111070,20231007,833,18,17,1,25.04177,121.58735,1
500111070,20231007,834,18,17,1,25.04177,121.58735,1
500111070,20231007,835,18,18,1,25.04177,121.58735,0
500111070,20231007,836,18,18,1,25.04177,121.58735,0
500111070,20231007,837,18,18,1,25.04177,121.58735,0
500111070,20231007,838,18,18,1,25.04177,121.58735,0
500111070,20231007,839,18,18,1,25.04177,121.58735,0
500111070,20231007,841,18,18,1,25.04177,121.58735,0
500111070,20231007,842,18,18,1,25.04177,121.58735,0
500111070,20231007,843,18,18,1,25.04177,121.58735,0
500111070,20231007,844,18,18,1,25.04177,121.58735,0
500111070,20231007,845,18,17,1,25.04177,121.58735,1
500111070,20231007,846,18,16,1,25.04177,121.58735,2
500111070,20231007,847,18,16,1,25.04177,121.58735,2
500111070,20231007,848,18,16,1,25.04177,121.58735,2
500111070,20231007,849,18,16,1,25.04177,121.58735,2
500111070,20231007,850,18,16,1,25.04177,121.58735,2
500111070,20231007,851,18,16,1,25.04177,121.58735,2
500111070,20231007,852,18,16,1,25.04177,121.58735,2
500111070,20231007,853,18,16,1,25.04177,121.58735,2
500111070,20231007,854,18,16,1,25.04177,121.58735,2
500111070,20231007,855,18,16,1,25.04177,121.58735,2
500111070,20231007,856,18,16,1,25.04177,121.58735,2
500111070,20231007,857,18,16,1,25.04177,121.58735,2
500111070,20231007,858,18,16,1,25.04177,121.58735,2
500111070,20231007,859,18,16,1,25.04177,121.58735,2
500111070,20231007,861,18,16,1,25.04177,121.58735,2
500111070,20231007,862,18,17,1,25.04177,121.58735,1
500111070,20231007,863,18,17,1,25.04177,121.58735,1
500111070,20231007,864,18,17,1,25.04177,121.58735,1
500111070,20231007,865,18,16,1,25.04177,121.58735,2
500111070,20231007,866,18,16,1,25.04177,121.58735,2
500111070,20231007,867,18,16,1,25.04177,121.58735,2
500111070,20231007,868,18,16,1,25.04177,121.58735,2
500111070,20231007,869,18,16,1,25.04177,121.58735,2
500111070,20231007,871,18,13,1,25.04177,121.58735,5
500111070,20231007,872,18,14,1,25.04177,121.58735,4
500111070,20231007,873,18,14,1,25.04177,121.58735,4
500111070,20231007,874,18,14,1,25.04177,121.58735,4
500111070,20231007,875,18,14,1,25.04177,121.58735,4
500111070,20231007,876,18,14,1,25.04177,121.58735,4
500111070,20231007,877,18,15,1,25.04177,121.58735,3
500111070,20231007,878,18,15,1,25.04177,121.58735,3
500111070,20231007,879,18,15,1,25.04177,121.58735,3
500111070,20231007,880,18,15,1,25.04177,121.58735,3
500111070,20231007,881,18,15,1,25.04177,121.58735,3
500111070,20231007,882,18,15,1,25.04177,121.58735,3
500111070,20231007,883,18,16,1,25.04177,121.58735,2
500111070,20231007,884,18,16,1,25.04177,121.58735,2
500111070,20231007,885,18,16,1,25.04177,121.58735,2
500111070,20231007,886,18,17,1,25.04177,121.58735,1
500111070,20231007,887,18,17,1,25.04177,121.58735,1
500111070,20231007,888,18,18,1,25.04177,121.58735,0
500111070,20231007,889,18,18,1,25.04177,121.58735,0
500111070,20231007,890,18,18,1,25.04177,121.58735,0
500111070,20231007,891,18,18,1,25.04177,121.58735,0
500111070,20231007,892,18,18,1,25.04177,121.58735,0
500111070,20231007,893,18,18,1,25.04177,121.58735,0
500111070,20231007,894,18,17,1,25.04177,121.58735,1
500111070,20231007,895,18,17,1,25.04177,121.58735,1
500111070,20231007,896,18,17,1,25.04177,121.58735,1
500111070,20231007,897,18,17,1,25.04177,121.58735,1
500111070,20231007,898,18,17,1,25.04177,121.58735,1
500111070,20231007,899,18,17,1,25.04177,121.58735,1
500111070,20231007,901,18,17,1,25.04177,121.58735,1
500111070,20231007,902,18,17,1,25.04177,121.58735,1
500111070,20231007,903,18,16,1,25.04177,121.58735,2
500111070,20231007,904,18,16,1,25.04177,121.58735,2
500111070,20231007,905,18,16,1,25.04177,121.58735,2
500111070,20231007,906,18,16,1,25.04177,121.58735,2
500111070,20231007,907,18,16,1,25.04177,121.58735,2
500111070,20231007,908,18,15,1,25.04177,121.58735,3
500111070,20231007,909,18,15,1,25.04177,121.58735,3
500111070,20231007,910,18,16,1,25.04177,121.58735,2
500111070,20231007,911,18,17,1,25.04177,121.58735,1
500111070,20231007,912,18,17,1,25.04177,121.58735,1
500111070,20231007,913,18,17,1,25.04177,121.58735,1
500111070,20231007,914,18,17,1,25.04177,121.58735,1
500111070,20231007,915,18,18,1,25.04177,121.58735,0
500111070,20231007,916,18,18,1,25.04177,121.58735,0
500111070,20231007,917,18,18,1,25.04177,121.58735,0
500111070,20231007,918,18,18,1,25.04177,121.58735,0
500111070,20231007,919,18,18,1,25.04177,121.58735,0
500111070,20231007,921,18,18,1,25.04177,121.58735,0
500111070,20231007,922,18,18,1,25.04177,121.58735,0
500111070,20231007,923,18,18,1,25.04177,121.58735,0
500111070,20231007,924,18,18,1,25.04177,121.58735,0
500111070,20231007,925,18,18,1,25.04177,121.58735,0
500111070,20231007,926,18,18,1,25.04177,121.58735,0
500111070,20231007,927,18,18,1,25.04177,121.58735,0
500111070,20231007,928,18,18,1,25.04177,121.58735,0
500111070,20231007,929,18,17,1,25.04177,121.58735,1
500111070,20231007,931,18,17,1,25.04177,121.58735,1
500111070,20231007,932,18,17,1,25.04177,121.58735,1
500111070,20231007,933,18,17,1,25.04177,121.58735,1
500111070,20231007,934,18,17,1,25.04177,121.58735,1
500111070,20231007,935,18,17,1,25.04177,121.58735,1
500111070,20231007,936,18,17,1,25.04177,121.58735,1
500111070,20231007,937,18,18,1,25.04177,121.58735,0
500111070,20231007,938,18,18,1,25.04177,121.58735,0
500111070,20231007,939,18,18,1,25.04177,121.58735,0
500111070,20231007,940,18,18,1,25.04177,121.58735,0
500111070,20231007,941,18,18,1,25.04177,121.58735,0
500111070,20231007,942,18,18,1,25.04177,121.58735,0
500111070,20231007,943,18,18,1,25.04177,121.58735,0
500111070,20231007,944,18,18,1,25.04177,121.58735,0
500111070,20231007,945,18,18,1,25.04177,121.58735,0
500111070,20231007,946,18,18,1,25.04177,121.58735,0
500111070,20231007,947,18,18,1,25.04177,121.58735,0
500111070,20231007,948,18,18,1,25.04177,121.58735,0
500111070,20231007,949,18,18,1,25.04177,121.58735,0
500111070,20231007,950,18,18,1,25.04177,121.58735,0
500111070,20231007,951,18,18,1,25.04177,121.58735,0
500111070,20231007,952,18,18,1,25.04177,121.58735,0
500111070,20231007,953,18,17,1,25.04177,121.58735,1
500111070,20231007,954,18,17,1,25.04177,121.58735,1
500111070,20231007,955,18,17,1,25.04177,121.58735,1
500111070,20231007,956,18,17,1,25.04177,121.58735,1
500111070,20231007,957,18,17,1,25.04177,121.58735,1
500111070,20231007,958,18,17,1,25.04177,121.58735,1
500111070,20231007,959,18,17,1,25.04177,121.58735,1
500111070,20231007,961,18,17,1,25.04177,121.58735,1
500111070,20231007,962,18,17,1,25.04177,121.58735,1
500111070,20231007,963,18,17,1,25.04177,121.58735,1
500111070,20231007,964,18,17,1,25.04177,121.58735,1
500111070,20231007,965,18,17,1,25.04177,121.58735,1
500111070,20231007,966,18,16,1,25.04177,121.58735,2
500111070,20231007,967,18,16,1,25.04177,121.58735,2
500111070,20231007,968,18,17,1,25.04177,121.58735,1
500111070,20231007,969,18,16,1,25.04177,121.58735,2
500111070,20231007,970,18,16,1,25.04177,121.58735,2
500111070,20231007,971,18,16,1,25.04177,121.58735,2
500111070,20231007,972,18,16,1,25.04177,121.58735,2
500111070,20231007,973,18,16,1,25.04177,121.58735,2
500111070,20231007,974,18,16,1,25.04177,121.58735,2
500111070,20231007,975,18,17,1,25.04177,121.58735,1
500111070,20231007,976,18,17,1,25.04177,121.58735,1
500111070,20231007,977,18,17,1,25.04177,121.58735,1
500111070,20231007,978,18,17,1,25.04177,121.58735,1
500111070,20231007,979,18,17,1,25.04177,121.58735,1
500111070,20231007,981,18,17,1,25.04177,121.58735,1
500111070,20231007,982,18,17,1,25.04177,121.58735,1
500111070,20231007,983,18,17,1,25.04177,121.58735,1
500111070,20231007,984,18,17,1,25.04177,121.58735,1
500111070,20231007,985,18,17,1,25.04177,121.58735,1
500111070,20231007,986,18,16,1,25.04177,121.58735,2
500111070,20231007,987,18,16,1,25.04177,121.58735,2
500111070,20231007,988,18,16,1,25.04177,121.58735,2
500111070,20231007,989,18,16,1,25.04177,121.58735,2
500111070,20231007,991,18,16,1,25.04177,121.58735,2
500111070,20231007,992,18,16,1,25.04177,121.58735,2
500111070,20231007,993,18,16,1,25.04177,121.58735,2
500111070,20231007,994,18,16,1,25.04177,121.58735,2
500111070,20231007,995,18,16,1,25.04177,121.58735,2
500111070,20231007,996,18,16,1,25.04177,121.58735,2
500111070,20231007,997,18,16,1,25.04177,121.58735,2
500111070,20231007,998,18,16,1,25.04177,121.58735,2
500111070,20231007,999,18,16,1,25.04177,121.58735,2
500111070,20231007,1000,18,16,1,25.04177,121.58735,2
500111070,20231007,1001,18,16,1,25.04177,121.58735,2
500111070,20231007,1002,18,16,1,25.04177,121.58735,2
500111070,20231007,1003,18,16,1,25.04177,121.58735,2
500111070,20231007,1004,18,16,1,25.04177,121.58735,2
500111070,20231007,1005,18,16,1,25.04177,121.58735,2
500111070,20231007,1006,18,15,1,25.04177,121.58735,3
500111070,20231007,1007,18,15,1,25.04177,121.58735,3
500111070,20231007,1008,18,15,1,25.04177,121.58735,3
500111070,20231007,1009,18,15,1,25.04177,121.58735,3
500111070,20231007,1010,18,15,1,25.04177,121.58735,3
500111070,20231007,1011,18,15,1,25.04177,121.58735,3
500111070,20231007,1012,18,14,1,25.04177,121.58735,4
500111070,20231007,1013,18,14,1,25.04177,121.58735,4
500111070,20231007,1014,18,15,1,25.04177,121.58735,3
500111070,20231007,1015,18,15,1,25.04177,121.58735,3
500111070,20231007,1016,18,15,1,25.04177,121.58735,3
500111070,20231007,1017,18,15,1,25.04177,121.58735,3
500111070,20231007,1018,18,16,1,25.04177,121.58735,2
500111070,20231007,1019,18,16,1,25.04177,121.58735,2
500111070,20231007,1021,18,16,1,25.04177,121.58735,2
500111070,20231007,1022,18,16,1,25.04177,121.58735,2
500111070,20231007,1023,18,16,1,25.04177,121.58735,2
500111070,20231007,1024,18,16,1,25.04177,121.58735,2
500111070,20231007,1025,18,16,1,25.04177,121.58735,2
500111070,20231007,1026,18,16,1,25.04177,121.58735,2
500111070,20231007,1028,18,17,1,25.04177,121.58735,1
500111070,20231007,1029,18,17,1,25.04177,121.58735,1
500111070,20231007,1030,18,17,1,25.04177,121.58735,1
500111070,20231007,1031,18,17,1,25.04177,121.58735,1
500111070,20231007,1032,18,17,1,25.04177,121.58735,1
500111070,20231007,1033,18,18,1,25.04177,121.58735,0
500111070,20231007,1034,18,18,1,25.04177,121.58735,0
500111070,20231007,1035,18,18,1,25.04177,121.58735,0
500111070,20231007,1036,18,18,1,25.04177,121.58735,0
500111070,20231007,1037,18,17,1,25.04177,121.58735,1
500111070,20231007,1038,18,17,1,25.04177,121.58735,1
500111070,20231007,1039,18,17,1,25.04177,121.58735,1
500111070,20231007,1041,18,16,1,25.04177,121.58735,2
500111070,20231007,1042,18,16,1,25.04177,121.58735,2
500111070,20231007,1043,18,16,1,25.04177,121.58735,2
500111070,20231007,1044,18,16,1,25.04177,121.58735,2
500111070,20231007,1045,18,16,1,25.04177,121.58735,2
500111070,20231007,1046,18,16,1,25.04177,121.58735,2
500111070,20231007,1047,18,16,1,25.04177,121.58735,2
500111070,20231007,1048,18,16,1,25.04177,121.58735,2
500111070,20231007,1049,18,16,1,25.04177,121.58735,2
500111070,20231007,1051,18,16,1,25.04177,121.58735,2
500111070,20231007,1052,18,17,1,25.04177,121.58735,1
500111070,20231007,1053,18,17,1,25.04177,121.58735,1
500111070,20231007,1054,18,17,1,25.04177,121.58735,1
500111070,20231007,1055,18,17,1,25.04177,121.58735,1
500111070,20231007,1056,18,17,1,25.04177,121.58735,1
500111070,20231007,1057,18,17,1,25.04177,121.58735,1
500111070,20231007,1058,18,16,1,25.04177,121.58735,2
500111070,20231007,1059,18,16,1,25.04177,121.58735,2
500111070,20231007,1060,18,16,1,25.04177,121.58735,2
500111070,20231007,1061,18,15,1,25.04177,121.58735,3
500111070,20231007,1062,18,15,1,25.04177,121.58735,3
500111070,20231007,1063,18,15,1,25.04177,121.58735,3
500111070,20231007,1064,18,15,1,25.04177,121.58735,3
500111070,20231007,1065,18,16,1,25.04177,121.58735,2
500111070,20231007,1066,18,17,1,25.04177,121.58735,1
500111070,20231007,1067,18,17,1,25.04177,121.58735,1
500111070,20231007,1068,18,17,1,25.04177,121.58735,1
500111070,20231007,1069,18,17,1,25.04177,121.58735,1
500111070,20231007,1070,18,17,1,25.04177,121.58735,1
500111070,20231007,1071,18,17,1,25.04177,121.58735,1
500111070,20231007,1072,18,17,1,25.04177,121.58735,1
500111070,20231007,1073,18,17,1,25.04177,121.58735,1
500111070,20231007,1074,18,17,1,25.04177,121.58735,1
500111070,20231007,1075,18,17,1,25.04177,121.58735,1
500111070,20231007,1076,18,17,1,25.04177,121.58735,1
500111070,20231007,1077,18,17,1,25.04177,121.58735,1
500111070,20231007,1078,18,17,1,25.04177,121.58735,1
500111070,20231007,1079,18,16,1,25.04177,121.58735,2
500111070,20231007,1081,18,16,1,25.04177,121.58735,2
500111070,20231007,1082,18,16,1,25.04177,121.58735,2
500111070,20231007,1083,18,16,1,25.04177,121.58735,2
500111070,20231007,1084,18,16,1,25.04177,121.58735,2
500111070,20231007,1085,18,16,1,25.04177,121.58735,2
500111070,20231007,1086,18,16,1,25.04177,121.58735,2
500111070,20231007,1087,18,16,1,25.04177,121.58735,2
500111070,20231007,1088,18,16,1,25.04177,121.58735,2
500111070,20231007,1089,18,16,1,25.04177,121.58735,2
500111070,20231007,1090,18,16,1,25.04177,121.58735,2
500111070,20231007,1091,18,16,1,25.04177,121.58735,2
500111070,20231007,1092,18,16,1,25.04177,121.58735,2
500111070,20231007,1093,18,16,1,25.04177,121.58735,2
500111070,20231007,1094,18,15,1,25.04177,121.58735,3
500111070,20231007,1095,18,14,1,25.04177,121.58735,4
500111070,20231007,1096,18,14,1,25.04177,121.58735,4
500111070,20231007,1097,18,14,1,25.04177,121.58735,4
500111070,20231007,1098,18,15,1,25.04177,121.58735,3
500111070,20231007,1099,18,16,1,25.04177,121.58735,2
500111070,20231007,1101,18,15,1,25.04177,121.58735,3
500111070,20231007,1102,18,15,1,25.04177,121.58735,3
500111070,20231007,1103,18,15,1,25.04177,121.58735,3
500111070,20231007,1104,18,15,1,25.04177,121.58735,3
500111070,20231007,1105,18,15,1,25.04177,121.58735,3
500111070,20231007,1106,18,15,1,25.04177,121.58735,3
500111070,20231007,1107,18,15,1,25.04177,121.58735,3
500111070,20231007,1108,18,16,1,25.04177,121.58735,2
500111070,20231007,1109,18,16,1,25.04177,121.58735,2
500111070,20231007,1111,18,16,1,25.04177,121.58735,2
500111070,20231007,1112,18,16,1,25.04177,121.58735,2
500111070,20231007,1113,18,16,1,25.04177,121.58735,2
500111070,20231007,1114,18,17,1,25.04177,121.58735,1
500111070,20231007,1115,18,16,1,25.04177,121.58735,2
500111070,20231007,1116,18,16,1,25.04177,121.58735,2
500111070,20231007,1117,18,16,1,25.04177,121.58735,2
500111070,20231007,1118,18,16,1,25.04177,121.58735,2
500111070,20231007,1119,18,15,1,25.04177,121.58735,3
500111070,20231007,1120,18,14,1,25.04177,121.58735,4
500111070,20231007,1121,18,14,1,25.04177,121.58735,4
500111070,20231007,1122,18,14,1,25.04177,121.58735,4
500111070,20231007,1123,18,14,1,25.04177,121.58735,4
500111070,20231007,1124,18,14,1,25.04177,121.58735,4
500111070,20231007,1125,18,15,1,25.04177,121.58735,3
500111070,20231007,1126,18,15,1,25.04177,121.58735,3
500111070,20231007,1127,18,15,1,25.04177,121.58735,3
500111070,20231007,1128,18,15,1,25.04177,121.58735,3
500111070,20231007,1129,18,14,1,25.04177,121.58735,4
500111070,20231007,1130,18,14,1,25.04177,121.58735,4
500111070,20231007,1131,18,14,1,25.04177,121.58735,4
500111070,20231007,1132,18,14,1,25.04177,121.58735,4
500111070,20231007,1133,18,14,1,25.04177,121.58735,4
500111070,20231007,1134,18,14,1,25.04177,121.58735,4
500111070,20231007,1135,18,14,1,25.04177,121.58735,4
500111070,20231007,1136,18,14,1,25.04177,121.58735,4
500111070,20231007,1137,18,14,1,25.04177,121.58735,4
500111070,20231007,1138,18,14,1,25.04177,121.58735,4
500111070,20231007,1139,18,14,1,25.04177,121.58735,4
500111070,20231007,1141,18,14,1,25.04177,121.58735,4
500111070,20231007,1142,18,14,1,25.04177,121.58735,4
500111070,20231007,1143,18,14,1,25.04177,121.58735,4
500111070,20231007,1144,18,13,1,25.04177,121.58735,5
500111070,20231007,1145,18,12,1,25.04177,121.58735,6
500111070,20231007,1146,18,12,1,25.04177,121.58735,6
500111070,20231007,1147,18,12,1,25.04177,121.58735,6
500111070,20231007,1148,18,12,1,25.04177,121.58735,6
500111070,20231007,1149,18,12,1,25.04177,121.58735,6
500111070,20231007,1150,18,12,1,25.04177,121.58735,6
500111070,20231007,1151,18,12,1,25.04177,121.58735,6
500111070,20231007,1152,18,12,1,25.04177,121.58735,6
500111070,20231007,1153,18,12,1,25.04177,121.58735,6
500111070,20231007,1154,18,12,1,25.04177,121.58735,6
500111070,20231007,1155,18,12,1,25.04177,121.58735,6
500111070,20231007,1156,18,12,1,25.04177,121.58735,6
500111070,20231007,1157,18,12,1,25.04177,121.58735,6
500111070,20231007,1158,18,12,1,25.04177,121.58735,6
500111070,20231007,1159,18,12,1,25.04177,121.58735,6
500111070,20231007,1161,18,11,1,25.04177,121.58735,7
500111070,20231007,1162,18,11,1,25.04177,121.58735,7
500111070,20231007,1163,18,11,1,25.04177,121.58735,7
500111070,20231007,1164,18,11,1,25.04177,121.58735,7
500111070,20231007,1165,18,11,1,25.04177,121.58735,7
500111070,20231007,1166,18,11,1,25.04177,121.58735,7
500111070,20231007,1167,18,11,1,25.04177,121.58735,7
500111070,20231007,1168,18,11,1,25.04177,121.58735,7
500111070,20231007,1169,18,11,1,25.04177,121.58735,7
500111070,20231007,1170,18,11,1,25.04177,121.58735,7
500111070,20231007,1171,18,11,1,25.04177,121.58735,7
500111070,20231007,1172,18,11,1,25.04177,121.58735,7
500111070,20231007,1173,18,11,1,25.04177,121.58735,7
500111070,20231007,1174,18,11,1,25.04177,121.58735,7
500111070,20231007,1175,18,10,1,25.04177,121.58735,8
500111070,20231007,1176,18,10,1,25.04177,121.58735,8
500111070,20231007,1177,18,10,1,25.04177,121.58735,8
500111070,20231007,1178,18,10,1,25.04177,121.58735,8
500111070,20231007,1179,18,10,1,25.04177,121.58735,8
500111070,20231007,1180,18,10,1,25.04177,121.58735,8
500111070,20231007,1181,18,10,1,25.04177,121.58735,8
500111070,20231007,1182,18,10,1,25.04177,121.58735,8
500111070,20231007,1183,18,10,1,25.04177,121.58735,8
500111070,20231007,1184,18,10,1,25.04177,121.58735,8
500111070,20231007,1185,18,10,1,25.04177,121.58735,8
500111070,20231007,1186,18,10,1,25.04177,121.58735,8
500111070,20231007,1187,18,10,1,25.04177,121.58735,8
500111070,20231007,1188,18,10,1,25.04177,121.58735,8
500111070,20231007,1189,18,10,1,25.04177,121.58735,8
500111070,20231007,1190,18,10,1,25.04177,121.58735,8
500111070,20231007,1191,18,10,1,25.04177,121.58735,8
500111070,20231007,1192,18,10,1,25.04177,121.58735,8
500111070,20231007,1193,18,10,1,25.04177,121.58735,8
500111070,20231007,1194,18,10,1,25.04177,121.58735,8
500111070,20231007,1195,18,10,1,25.04177,121.58735,8
500111070,20231007,1196,18,10,1,25.04177,121.58735,8
500111070,20231007,1197,18,10,1,25.04177,121.58735,8
500111070,20231007,1198,18,10,1,25.04177,121.58735,8
500111070,20231007,1199,18,10,1,25.04177,121.58735,8
500111070,20231007,1201,18,10,1,25.04177,121.58735,8
500111070,20231007,1202,18,10,1,25.04177,121.58735,8
500111070,20231007,1203,18,10,1,25.04177,121.58735,8
500111070,20231007,1204,18,10,1,25.04177,121.58735,8
500111070,20231007,1205,18,10,1,25.04177,121.58735,8
500111070,20231007,1206,18,10,1,25.04177,121.58735,8
500111070,20231007,1207,18,9,1,25.04177,121.58735,9
500111070,20231007,1208,18,9,1,25.04177,121.58735,9
500111070,20231007,1209,18,9,1,25.04177,121.58735,9
500111070,20231007,1210,18,9,1,25.04177,121.58735,9
500111070,20231007,1211,18,9,1,25.04177,121.58735,9
500111070,20231007,1212,18,9,1,25.04177,121.58735,9
500111070,20231007,1213,18,9,1,25.04177,121.58735,9
500111070,20231007,1214,18,9,1,25.04177,121.58735,9
500111070,20231007,1215,18,9,1,25.04177,121.58735,9
500111070,20231007,1216,18,9,1,25.04177,121.58735,9
500111070,20231007,1217,18,9,1,25.04177,121.58735,9
500111070,20231007,1218,18,9,1,25.04177,121.58735,9
500111070,20231007,1219,18,9,1,25.04177,121.58735,9
500111070,20231007,1221,18,9,1,25.04177,121.58735,9
500111070,20231007,1222,18,9,1,25.04177,121.58735,9
500111070,20231007,1223,18,9,1,25.04177,121.58735,9
500111070,20231007,1224,18,9,1,25.04177,121.58735,9
500111070,20231007,1225,18,9,1,25.04177,121.58735,9
500111070,20231007,1226,18,9,1,25.04177,121.58735,9
500111070,20231007,1227,18,9,1,25.04177,121.58735,9
500111070,20231007,1228,18,9,1,25.04177,121.58735,9
500111070,20231007,1229,18,9,1,25.04177,121.58735,9
500111070,20231007,1230,18,9,1,25.04177,121.58735,9
500111070,20231007,1231,18,9,1,25.04177,121.58735,9
500111070,20231007,1232,18,9,1,25.04177,121.58735,9
500111070,20231007,1233,18,9,1,25.04177,121.58735,9
500111070,20231007,1234,18,9,1,25.04177,121.58735,9
500111070,20231007,1235,18,9,1,25.04177,121.58735,9
500111070,20231007,1236,18,9,1,25.04177,121.58735,9
500111070,20231007,1237,18,9,1,25.04177,121.58735,9
500111070,20231007,1238,18,9,1,25.04177,121.58735,9
500111070,20231007,1239,18,9,1,25.04177,121.58735,9
500111070,20231007,1240,18,9,1,25.04177,121.58735,9
500111070,20231007,1241,18,8,1,25.04177,121.58735,10
500111070,20231007,1242,18,8,1,25.04177,121.58735,10
500111070,20231007,1243,18,9,1,25.04177,121.58735,9
500111070,20231007,1244,18,9,1,25.04177,121.58735,9
500111070,20231007,1245,18,10,1,25.04177,121.58735,8
500111070,20231007,1246,18,10,1,25.04177,121.58735,8
500111070,20231007,1247,18,10,1,25.04177,121.58735,8
500111070,20231007,1248,18,10,1,25.04177,121.58735,8
500111070,20231007,1249,18,10,1,25.04177,121.58735,8
500111070,20231007,1250,18,10,1,25.04177,121.58735,8
500111070,20231007,1251,18,10,1,25.04177,121.58735,8
500111070,20231007,1252,18,10,1,25.04177,121.58735,8
500111070,20231007,1253,18,10,1,25.04177,121.58735,8
500111070,20231007,1254,18,10,1,25.04177,121.58735,8
500111070,20231007,1255,18,10,1,25.04177,121.58735,8
500111070,20231007,1256,18,10,1,25.04177,121.58735,8
500111070,20231007,1257,18,10,1,25.04177,121.58735,8
500111070,20231007,1258,18,9,1,25.04177,121.58735,9
500111070,20231007,1259,18,9,1,25.04177,121.58735,9
500111070,20231007,1261,18,9,1,25.04177,121.58735,9
500111070,20231007,1262,18,9,1,25.04177,121.58735,9
500111070,20231007,1263,18,9,1,25.04177,121.58735,9
500111070,20231007,1264,18,9,1,25.04177,121.58735,9
500111070,20231007,1265,18,9,1,25.04177,121.58735,9
500111070,20231007,1266,18,9,1,25.04177,121.58735,9
500111070,20231007,1267,18,9,1,25.04177,121.58735,9
500111070,20231007,1268,18,9,1,25.04177,121.58735,9
500111070,20231007,1269,18,9,1,25.04177,121.58735,9
500111070,20231007,1270,18,9,1,25.04177,121.58735,9
500111070,20231007,1271,18,9,1,25.04177,121.58735,9
500111070,20231007,1272,18,9,1,25.04177,121.58735,9
500111070,20231007,1273,18,9,1,25.04177,121.58735,9
500111070,20231007,1274,18,9,1,25.04177,121.58735,9
500111070,20231007,1275,18,9,1,25.04177,121.58735,9
500111070,20231007,1276,18,9,1,25.04177,121.58735,9
500111070,20231007,1277,18,9,1,25.04177,121.58735,9
500111070,20231007,1278,18,9,1,25.04177,121.58735,9
500111070,20231007,1279,18,9,1,25.04177,121.58735,9
500111070,20231007,1281,18,9,1,25.04177,121.58735,9
500111070,20231007,1282,18,9,1,25.04177,121.58735,9
500111070,20231007,1283,18,9,1,25.04177,121.58735,9
500111070,20231007,1284,18,9,1,25.04177,121.58735,9
500111070,20231007,1285,18,9,1,25.04177,121.58735,9
500111070,20231007,1286,18,9,1,25.04177,121.58735,9
500111070,20231007,1287,18,9,1,25.04177,121.58735,9
500111070,20231007,1288,18,9,1,25.04177,121.58735,9
500111070,20231007,1289,18,9,1,25.04177,121.58735,9
500111070,20231007,1290,18,9,1,25.04177,121.58735,9
500111070,20231007,1291,18,9,1,25.04177,121.58735,9
500111070,20231007,1292,18,9,1,25.04177,121.58735,9
500111070,20231007,1293,18,9,1,25.04177,121.58735,9
500111070,20231007,1294,18,9,1,25.04177,121.58735,9
500111070,20231007,1295,18,9,1,25.04177,121.58735,9
500111070,20231007,1296,18,9,1,25.04177,121.58735,9
500111070,20231007,1297,18,9,1,25.04177,121.58735,9
500111070,20231007,1298,18,9,1,25.04177,121.58735,9
500111070,20231007,1299,18,9,1,25.04177,121.58735,9
500111070,20231007,1300,18,9,1,25.04177,121.58735,9
500111070,20231007,1301,18,9,1,25.04177,121.58735,9
500111070,20231007,1302,18,9,1,25.04177,121.58735,9
500111070,20231007,1303,18,9,1,25.04177,121.58735,9
500111070,20231007,1304,18,9,1,25.04177,121.58735,9
500111070,20231007,1305,18,9,1,25.04177,121.58735,9
500111070,20231007,1306,18,9,1,25.04177,121.58735,9
500111070,20231007,1307,18,9,1,25.04177,121.58735,9
500111070,20231007,1308,18,9,1,25.04177,121.58735,9
500111070,20231007,1309,18,9,1,25.04177,121.58735,9
500111070,20231007,1310,18,9,1,25.04177,121.58735,9
500111070,20231007,1311,18,9,1,25.04177,121.58735,9
500111070,20231007,1312,18,9,1,25.04177,121.58735,9
500111070,20231007,1313,18,9,1,25.04177,121.58735,9
500111070,20231007,1314,18,9,1,25.04177,121.58735,9
500111070,20231007,1315,18,9,1,25.04177,121.58735,9
500111070,20231007,1316,18,9,1,25.04177,121.58735,9
500111070,20231007,1317,18,9,1,25.04177,121.58735,9
500111070,20231007,1318,18,9,1,25.04177,121.58735,9
500111070,20231007,1319,18,9,1,25.04177,121.58735,9
500111070,20231007,1321,18,9,1,25.04177,121.58735,9
500111070,20231007,1322,18,9,1,25.04177,121.58735,9
500111070,20231007,1323,18,9,1,25.04177,121.58735,9
500111070,20231007,1324,18,9,1,25.04177,121.58735,9
500111070,20231007,1325,18,9,1,25.04177,121.58735,9
500111070,20231007,1326,18,9,1,25.04177,121.58735,9
500111070,20231007,1327,18,9,1,25.04177,121.58735,9
500111070,20231007,1328,18,9,1,25.04177,121.58735,9
500111070,20231007,1329,18,9,1,25.04177,121.58735,9
500111070,20231007,1330,18,9,1,25.04177,121.58735,9
500111070,20231007,1331,18,9,1,25.04177,121.58735,9
500111070,20231007,1332,18,9,1,25.04177,121.58735,9
500111070,20231007,1333,18,9,1,25.04177,121.58735,9
500111070,20231007,1334,18,9,1,25.04177,121.58735,9
500111070,20231007,1335,18,9,1,25.04177,121.58735,9
500111070,20231007,1337,18,9,1,25.04177,121.58735,9
500111070,20231007,1338,18,9,1,25.04177,121.58735,9
500111070,20231007,1339,18,9,1,25.04177,121.58735,9
500111070,20231007,1341,18,9,1,25.04177,121.58735,9
500111070,20231007,1342,18,9,1,25.04177,121.58735,9
500111070,20231007,1343,18,9,1,25.04177,121.58735,9
500111070,20231007,1344,18,9,1,25.04177,121.58735,9
500111070,20231007,1345,18,9,1,25.04177,121.58735,9
500111070,20231007,1346,18,9,1,25.04177,121.58735,9
500111070,20231007,1347,18,9,1,25.04177,121.58735,9
500111070,20231007,1348,18,9,1,25.04177,121.58735,9
500111070,20231007,1349,18,9,1,25.04177,121.58735,9
500111070,20231007,1350,18,9,1,25.04177,121.58735,9
500111070,20231007,1351,18,9,1,25.04177,121.58735,9
500111070,20231007,1352,18,9,1,25.04177,121.58735,9
500111070,20231007,1353,18,9,1,25.04177,121.58735,9
500111070,20231007,1354,18,9,1,25.04177,121.58735,9
500111070,20231007,1355,18,9,1,25.04177,121.58735,9
500111070,20231007,1356,18,8,1,25.04177,121.58735,10
500111070,20231007,1357,18,8,1,25.04177,121.58735,10
500111070,20231007,1358,18,8,1,25.04177,121.58735,10
500111070,20231007,1359,18,8,1,25.04177,121.58735,10
500111070,20231007,1360,18,8,1,25.04177,121.58735,10
500111070,20231007,1361,18,8,1,25.04177,121.58735,10
500111070,20231007,1362,18,8,1,25.04177,121.58735,10
500111070,20231007,1363,18,7,1,25.04177,121.58735,11
500111070,20231007,1364,18,7,1,25.04177,121.58735,11
500111070,20231007,1365,18,7,1,25.04177,121.58735,11
500111070,20231007,1366,18,7,1,25.04177,121.58735,11
500111070,20231007,1367,18,7,1,25.04177,121.58735,11
500111070,20231007,1368,18,7,1,25.04177,121.58735,11
500111070,20231007,1369,18,7,1,25.04177,121.58735,11
500111070,20231007,1370,18,7,1,25.04177,121.58735,11
500111070,20231007,1371,18,7,1,25.04177,121.58735,11
500111070,20231007,1372,18,7,1,25.04177,121.58735,11
500111070,20231007,1373,18,7,1,25.04177,121.58735,11
500111070,20231007,1374,18,7,1,25.04177,121.58735,11
500111070,20231007,1375,18,7,1,25.04177,121.58735,11
500111070,20231007,1376,18,7,1,25.04177,121.58735,11
500111070,20231007,1377,18,7,1,25.04177,121.58735,11
500111070,20231007,1378,18,7,1,25.04177,121.58735,11
500111070,20231007,1379,18,7,1,25.04177,121.58735,11
500111070,20231007,1381,18,7,1,25.04177,121.58735,11
500111070,20231007,1382,18,7,1,25.04177,121.58735,11
500111070,20231007,1383,18,7,1,25.04177,121.58735,11
500111070,20231007,1384,18,7,1,25.04177,121.58735,11
500111070,20231007,1385,18,7,1,25.04177,121.58735,11
500111070,20231007,1386,18,7,1,25.04177,121.58735,11
500111070,20231007,1387,18,7,1,25.04177,121.58735,11
500111070,20231007,1388,18,7,1,25.04177,121.58735,11
500111070,20231007,1389,18,7,1,25.04177,121.58735,11
500111070,20231007,1390,18,7,1,25.04177,121.58735,11
500111070,20231007,1391,18,7,1,25.04177,121.58735,11
500111070,20231007,1392,18,7,1,25.04177,121.58735,11
500111070,20231007,1393,18,7,1,25.04177,121.58735,11
500111070,20231007,1394,18,6,1,25.04177,121.58735,12
500111070,20231007,1395,18,6,1,25.04177,121.58735,12
500111070,20231007,1396,18,6,1,25.04177,121.58735,12
500111070,20231007,1397,18,6,1,25.04177,121.58735,12
500111070,20231007,1398,18,6,1,25.04177,121.58735,12
500111070,20231007,1399,18,6,1,25.04177,121.58735,12
500111070,20231007,1401,18,6,1,25.04177,121.58735,12
500111070,20231007,1402,18,6,1,25.04177,121.58735,12
500111070,20231007,1403,18,7,1,25.04177,121.58735,11
500111070,20231007,1404,18,7,1,25.04177,121.58735,11
500111070,20231007,1405,18,7,1,25.04177,121.58735,11
500111070,20231007,1406,18,7,1,25.04177,121.58735,11
500111070,20231007,1407,18,7,1,25.04177,121.58735,11
500111070,20231007,1408,18,7,1,25.04177,121.58735,11
500111070,20231007,1409,18,7,1,25.04177,121.58735,11
500111070,20231007,1410,18,7,1,25.04177,121.58735,11
500111070,20231007,1411,18,7,1,25.04177,121.58735,11
500111070,20231007,1412,18,7,1,25.04177,121.58735,11
500111070,20231007,1413,18,7,1,25.04177,121.58735,11
500111070,20231007,1414,18,7,1,25.04177,121.58735,11
500111070,20231007,1415,18,7,1,25.04177,121.58735,11
500111070,20231007,1416,18,7,1,25.04177,121.58735,11
500111070,20231007,1417,18,7,1,25.04177,121.58735,11
500111070,20231007,1418,18,7,1,25.04177,121.58735,11
500111070,20231007,1419,18,7,1,25.04177,121.58735,11
500111070,20231007,1420,18,7,1,25.04177,121.58735,11
500111070,20231007,1421,18,7,1,25.04177,121.58735,11
500111070,20231007,1422,18,7,1,25.04177,121.58735,11
500111070,20231007,1423,18,7,1,25.04177,121.58735,11
500111070,20231007,1424,18,8,1,25.04177,121.58735,10
500111070,20231007,1425,18,8,1,25.04177,121.58735,10
500111070,20231007,1426,18,8,1,25.04177,121.58735,10
500111070,20231007,1427,18,8,1,25.04177,121.58735,10
500111070,20231007,1428,18,8,1,25.04177,121.58735,10
500111070,20231007,1429,18,8,1,25.04177,121.58735,10
500111070,20231007,1430,18,8,1,25.04177,121.58735,10
500111070,20231007,1431,18,8,1,25.04177,121.58735,10
500111070,20231007,1432,18,8,1,25.04177,121.58735,10
500111070,20231007,1433,18,8,1,25.04177,121.58735,10
500111070,20231007,1434,18,8,1,25.04177,121.58735,10
500111070,20231007,1435,18,8,1,25.04177,121.58735,10
500111070,20231007,1436,18,8,1,25.04177,121.58735,10
500111070,20231007,1437,18,8,1,25.04177,121.58735,10
500111070,20231007,1438,18,8,1,25.04177,121.58735,10
500111070,20231007,1439,18,8,1,25.04177,121.58735,10
500111070,20231008,1,18,8,1,25.04177,121.58735,10
500111070,20231008,2,18,7,1,25.04177,121.58735,11
500111070,20231008,3,18,7,1,25.04177,121.58735,11
500111070,20231008,4,18,7,1,25.04177,121.58735,11
500111070,20231008,5,18,7,1,25.04177,121.58735,11
500111070,20231008,6,18,7,1,25.04177,121.58735,11
500111070,20231008,7,18,7,1,25.04177,121.58735,11
500111070,20231008,8,18,7,1,25.04177,121.58735,11
500111070,20231008,9,18,7,1,25.04177,121.58735,11
500111070,20231008,10,18,7,1,25.04177,121.58735,11
500111070,20231008,11,18,7,1,25.04177,121.58735,11
500111070,20231008,12,18,7,1,25.04177,121.58735,11
500111070,20231008,13,18,7,1,25.04177,121.58735,11
500111070,20231008,14,18,7,1,25.04177,121.58735,11
500111070,20231008,15,18,7,1,25.04177,121.58735,11
500111070,20231008,16,18,7,1,25.04177,121.58735,11
500111070,20231008,17,18,7,1,25.04177,121.58735,11
500111070,20231008,18,18,7,1,25.04177,121.58735,11
500111070,20231008,19,18,7,1,25.04177,121.58735,11
500111070,20231008,21,18,7,1,25.04177,121.58735,11
500111070,20231008,22,18,7,1,25.04177,121.58735,11
500111070,20231008,23,18,7,1,25.04177,121.58735,11
500111070,20231008,24,18,7,1,25.04177,121.58735,11
500111070,20231008,25,18,7,1,25.04177,121.58735,11
500111070,20231008,26,18,7,1,25.04177,121.58735,11
500111070,20231008,27,18,7,1,25.04177,121.58735,11
500111070,20231008,28,18,7,1,25.04177,121.58735,11
500111070,20231008,29,18,7,1,25.04177,121.58735,11
500111070,20231008,30,18,7,1,25.04177,121.58735,11
500111070,20231008,31,18,7,1,25.04177,121.58735,11
500111070,20231008,32,18,7,1,25.04177,121.58735,11
500111070,20231008,33,18,7,1,25.04177,121.58735,11
500111070,20231008,34,18,7,1,25.04177,121.58735,11
500111070,20231008,35,18,7,1,25.04177,121.58735,11
500111070,20231008,36,18,7,1,25.04177,121.58735,11
500111070,20231008,37,18,7,1,25.04177,121.58735,11
500111070,20231008,38,18,7,1,25.04177,121.58735,11
500111070,20231008,39,18,7,1,25.04177,121.58735,11
500111070,20231008,40,18,7,1,25.04177,121.58735,11
500111070,20231008,41,18,7,1,25.04177,121.58735,11
500111070,20231008,42,18,7,1,25.04177,121.58735,11
500111070,20231008,43,18,7,1,25.04177,121.58735,11
500111070,20231008,44,18,7,1,25.04177,121.58735,11
500111070,20231008,45,18,7,1,25.04177,121.58735,11
500111070,20231008,46,18,6,1,25.04177,121.58735,12
500111070,20231008,47,18,6,1,25.04177,121.58735,12
500111070,20231008,48,18,6,1,25.04177,121.58735,12
500111070,20231008,49,18,6,1,25.04177,121.58735,12
500111070,20231008,50,18,6,1,25.04177,121.58735,12
500111070,20231008,51,18,6,1,25.04177,121.58735,12
500111070,20231008,52,18,6,1,25.04177,121.58735,12
500111070,20231008,53,18,6,1,25.04177,121.58735,12
500111070,20231008,54,18,6,1,25.04177,121.58735,12
500111070,20231008,55,18,6,1,25.04177,121.58735,12
500111070,20231008,56,18,6,1,25.04177,121.58735,12
500111070,20231008,57,18,6,1,25.04177,121.58735,12
500111070,20231008,58,18,5,1,25.04177,121.58735,13
500111070,20231008,59,18,5,1,25.04177,121.58735,13
500111070,20231008,60,18,5,1,25.04177,121.58735,13
500111070,20231008,61,18,5,1,25.04177,121.58735,13
500111070,20231008,62,18,5,1,25.04177,121.58735,13
500111070,20231008,63,18,5,1,25.04177,121.58735,13
500111070,20231008,64,18,5,1,25.04177,121.58735,13
500111070,20231008,65,18,5,1,25.04177,121.58735,13
500111070,20231008,66,18,5,1,25.04177,121.58735,13
500111070,20231008,67,18,5,1,25.04177,121.58735,13
500111070,20231008,68,18,5,1,25.04177,121.58735,13
500111070,20231008,69,18,5,1,25.04177,121.58735,13
500111070,20231008,70,18,5,1,25.04177,121.58735,13
500111070,20231008,71,18,5,1,25.04177,121.58735,13
500111070,20231008,72,18,5,1,25.04177,121.58735,13
500111070,20231008,73,18,5,1,25.04177,121.58735,13
500111070,20231008,74,18,5,1,25.04177,121.58735,13
500111070,20231008,75,18,5,1,25.04177,121.58735,13
500111070,20231008,76,18,5,1,25.04177,121.58735,13
500111070,20231008,77,18,5,1,25.04177,121.58735,13
500111070,20231008,78,18,5,1,25.04177,121.58735,13
500111070,20231008,79,18,5,1,25.04177,121.58735,13
500111070,20231008,81,18,5,1,25.04177,121.58735,13
500111070,20231008,82,18,5,1,25.04177,121.58735,13
500111070,20231008,83,18,5,1,25.04177,121.58735,13
500111070,20231008,84,18,5,1,25.04177,121.58735,13
500111070,20231008,85,18,5,1,25.04177,121.58735,13
500111070,20231008,86,18,5,1,25.04177,121.58735,13
500111070,20231008,87,18,5,1,25.04177,121.58735,13
500111070,20231008,88,18,5,1,25.04177,121.58735,13
500111070,20231008,89,18,5,1,25.04177,121.58735,13
500111070,20231008,90,18,5,1,25.04177,121.58735,13
500111070,20231008,91,18,5,1,25.04177,121.58735,13
500111070,20231008,92,18,5,1,25.04177,121.58735,13
500111070,20231008,93,18,5,1,25.04177,121.58735,13
500111070,20231008,94,18,5,1,25.04177,121.58735,13
500111070,20231008,95,18,5,1,25.04177,121.58735,13
500111070,20231008,96,18,5,1,25.04177,121.58735,13
500111070,20231008,97,18,5,1,25.04177,121.58735,13
500111070,20231008,98,18,5,1,25.04177,121.58735,13
500111070,20231008,99,18,5,1,25.04177,121.58735,13
500111070,20231008,100,18,5,1,25.04177,121.58735,13
500111070,20231008,101,18,5,1,25.04177,121.58735,13
500111070,20231008,102,18,5,1,25.04177,121.58735,13
500111070,20231008,103,18,5,1,25.04177,121.58735,13
500111070,20231008,104,18,5,1,25.04177,121.58735,13
500111070,20231008,105,18,5,1,25.04177,121.58735,13
500111070,20231008,106,18,5,1,25.04177,121.58735,13
500111070,20231008,107,18,5,1,25.04177,121.58735,13
500111070,20231008,108,18,5,1,25.04177,121.58735,13
500111070,20231008,109,18,5,1,25.04177,121.58735,13
500111070,20231008,110,18,5,1,25.04177,121.58735,13
500111070,20231008,111,18,5,1,25.04177,121.58735,13
500111070,20231008,112,18,5,1,25.04177,121.58735,13
500111070,20231008,113,18,5,1,25.04177,121.58735,13
500111070,20231008,114,18,5,1,25.04177,121.58735,13
500111070,20231008,115,18,5,1,25.04177,121.58735,13
500111070,20231008,116,18,5,1,25.04177,121.58735,13
500111070,20231008,117,18,5,1,25.04177,121.58735,13
500111070,20231008,118,18,5,1,25.04177,121.58735,13
500111070,20231008,119,18,5,1,25.04177,121.58735,13
500111070,20231008,121,18,5,1,25.04177,121.58735,13
500111070,20231008,122,18,5,1,25.04177,121.58735,13
500111070,20231008,123,18,5,1,25.04177,121.58735,13
500111070,20231008,124,18,5,1,25.04177,121.58735,13
500111070,20231008,125,18,5,1,25.04177,121.58735,13
500111070,20231008,126,18,5,1,25.04177,121.58735,13
500111070,20231008,127,18,5,1,25.04177,121.58735,13
500111070,20231008,128,18,5,1,25.04177,121.58735,13
500111070,20231008,129,18,5,1,25.04177,121.58735,13
500111070,20231008,130,18,5,1,25.04177,121.58735,13
500111070,20231008,131,18,5,1,25.04177,121.58735,13
500111070,20231008,132,18,5,1,25.04177,121.58735,13
500111070,20231008,133,18,5,1,25.04177,121.58735,13
500111070,20231008,134,18,5,1,25.04177,121.58735,13
500111070,20231008,135,18,5,1,25.04177,121.58735,13
500111070,20231008,136,18,5,1,25.04177,121.58735,13
500111070,20231008,137,18,5,1,25.04177,121.58735,13
500111070,20231008,138,18,5,1,25.04177,121.58735,13
500111070,20231008,139,18,5,1,25.04177,121.58735,13
500111070,20231008,141,18,5,1,25.04177,121.58735,13
500111070,20231008,142,18,5,1,25.04177,121.58735,13
500111070,20231008,143,18,5,1,25.04177,121.58735,13
500111070,20231008,144,18,5,1,25.04177,121.58735,13
500111070,20231008,145,18,5,1,25.04177,121.58735,13
500111070,20231008,146,18,5,1,25.04177,121.58735,13
500111070,20231008,147,18,5,1,25.04177,121.58735,13
500111070,20231008,148,18,6,1,25.04177,121.58735,12
500111070,20231008,149,18,6,1,25.04177,121.58735,12
500111070,20231008,150,18,6,1,25.04177,121.58735,12
500111070,20231008,151,18,6,1,25.04177,121.58735,12
500111070,20231008,152,18,6,1,25.04177,121.58735,12
500111070,20231008,153,18,6,1,25.04177,121.58735,12
500111070,20231008,154,18,6,1,25.04177,121.58735,12
500111070,20231008,155,18,6,1,25.04177,121.58735,12
500111070,20231008,156,18,6,1,25.04177,121.58735,12
500111070,20231008,157,18,6,1,25.04177,121.58735,12
500111070,20231008,158,18,6,1,25.04177,121.58735,12
500111070,20231008,159,18,6,1,25.04177,121.58735,12
500111070,20231008,160,18,5,1,25.04177,121.58735,13
500111070,20231008,161,18,4,1,25.04177,121.58735,14
500111070,20231008,162,18,4,1,25.04177,121.58735,14
500111070,20231008,163,18,4,1,25.04177,121.58735,14
500111070,20231008,164,18,4,1,25.04177,121.58735,14
500111070,20231008,165,18,4,1,25.04177,121.58735,14
500111070,20231008,166,18,4,1,25.04177,121.58735,14
500111070,20231008,167,18,3,1,25.04177,121.58735,15
500111070,20231008,168,18,3,1,25.04177,121.58735,15
500111070,20231008,169,18,3,1,25.04177,121.58735,15
500111070,20231008,170,18,3,1,25.04177,121.58735,15
500111070,20231008,171,18,3,1,25.04177,121.58735,15
500111070,20231008,172,18,3,1,25.04177,121.58735,15
500111070,20231008,173,18,3,1,25.04177,121.58735,15
500111070,20231008,174,18,3,1,25.04177,121.58735,15
500111070,20231008,175,18,3,1,25.04177,121.58735,15
500111070,20231008,176,18,3,1,25.04177,121.58735,15
500111070,20231008,177,18,3,1,25.04177,121.58735,15
500111070,20231008,178,18,3,1,25.04177,121.58735,15
500111070,20231008,179,18,3,1,25.04177,121.58735,15
500111070,20231008,180,18,3,1,25.04177,121.58735,15
500111070,20231008,182,18,3,1,25.04177,121.58735,15
500111070,20231008,183,18,3,1,25.04177,121.58735,15
500111070,20231008,184,18,3,1,25.04177,121.58735,15
500111070,20231008,185,18,3,1,25.04177,121.58735,15
500111070,20231008,186,18,3,1,25.04177,121.58735,15
500111070,20231008,187,18,3,1,25.04177,121.58735,15
500111070,20231008,188,18,3,1,25.04177,121.58735,15
500111070,20231008,189,18,3,1,25.04177,121.58735,15
500111070,20231008,190,18,3,1,25.04177,121.58735,15
500111070,20231008,191,18,3,1,25.04177,121.58735,15
500111070,20231008,192,18,3,1,25.04177,121.58735,15
500111070,20231008,193,18,3,1,25.04177,121.58735,15
500111070,20231008,194,18,3,1,25.04177,121.58735,15
500111070,20231008,195,18,3,1,25.04177,121.58735,15
500111070,20231008,196,18,3,1,25.04177,121.58735,15
500111070,20231008,197,18,3,1,25.04177,121.58735,15
500111070,20231008,198,18,3,1,25.04177,121.58735,15
500111070,20231008,199,18,3,1,25.04177,121.58735,15
500111070,20231008,201,18,3,1,25.04177,121.58735,15
500111070,20231008,202,18,3,1,25.04177,121.58735,15
500111070,20231008,203,18,3,1,25.04177,121.58735,15
500111070,20231008,204,18,3,1,25.04177,121.58735,15
500111070,20231008,205,18,3,1,25.04177,121.58735,15
500111070,20231008,206,18,3,1,25.04177,121.58735,15
500111070,20231008,207,18,3,1,25.04177,121.58735,15
500111070,20231008,208,18,3,1,25.04177,121.58735,15
500111070,20231008,209,18,3,1,25.04177,121.58735,15
500111070,20231008,210,18,3,1,25.04177,121.58735,15
500111070,20231008,212,18,3,1,25.04177,121.58735,15
500111070,20231008,213,18,3,1,25.04177,121.58735,15
500111070,20231008,214,18,3,1,25.04177,121.58735,15
500111070,20231008,215,18,3,1,25.04177,121.58735,15
500111070,20231008,216,18,3,1,25.04177,121.58735,15
500111070,20231008,217,18,3,1,25.04177,121.58735,15
500111070,20231008,218,18,3,1,25.04177,121.58735,15
500111070,20231008,219,18,3,1,25.04177,121.58735,15
500111070,20231008,220,18,3,1,25.04177,121.58735,15
500111070,20231008,221,18,3,1,25.04177,121.58735,15
500111070,20231008,222,18,3,1,25.04177,121.58735,15
500111070,20231008,223,18,3,1,25.04177,121.58735,15
500111070,20231008,224,18,3,1,25.04177,121.58735,15
500111070,20231008,225,18,3,1,25.04177,121.58735,15
500111070,20231008,226,18,3,1,25.04177,121.58735,15
500111070,20231008,227,18,3,1,25.04177,121.58735,15
500111070,20231008,228,18,3,1,25.04177,121.58735,15
500111070,20231008,229,18,3,1,25.04177,121.58735,15
500111070,20231008,230,18,3,1,25.04177,121.58735,15
500111070,20231008,231,18,3,1,25.04177,121.58735,15
500111070,20231008,232,18,3,1,25.04177,121.58735,15
500111070,20231008,233,18,3,1,25.04177,121.58735,15
500111070,20231008,234,18,3,1,25.04177,121.58735,15
500111070,20231008,235,18,3,1,25.04177,121.58735,15
500111070,20231008,236,18,3,1,25.04177,121.58735,15
500111070,20231008,237,18,3,1,25.04177,121.58735,15
500111070,20231008,238,18,3,1,25.04177,121.58735,15
500111070,20231008,239,18,3,1,25.04177,121.58735,15
500111070,20231008,240,18,3,1,25.04177,121.58735,15
500111070,20231008,241,18,3,1,25.04177,121.58735,15
500111070,20231008,242,18,3,1,25.04177,121.58735,15
500111070,20231008,243,18,3,1,25.04177,121.58735,15
500111070,20231008,244,18,3,1,25.04177,121.58735,15
500111070,20231008,245,18,3,1,25.04177,121.58735,15
500111070,20231008,246,18,3,1,25.04177,121.58735,15
500111070,20231008,247,18,3,1,25.04177,121.58735,15
500111070,20231008,248,18,3,1,25.04177,121.58735,15
500111070,20231008,249,18,3,1,25.04177,121.58735,15
500111070,20231008,250,18,3,1,25.04177,121.58735,15
500111070,20231008,251,18,3,1,25.04177,121.58735,15
500111070,20231008,252,18,3,1,25.04177,121.58735,15
500111070,20231008,253,18,3,1,25.04177,121.58735,15
500111070,20231008,254,18,3,1,25.04177,121.58735,15
500111070,20231008,255,18,3,1,25.04177,121.58735,15
500111070,20231008,256,18,3,1,25.04177,121.58735,15
500111070,20231008,257,18,3,1,25.04177,121.58735,15
500111070,20231008,258,18,3,1,25.04177,121.58735,15
500111070,20231008,259,18,3,1,25.04177,121.58735,15
500111070,20231008,261,18,3,1,25.04177,121.58735,15
500111070,20231008,262,18,3,1,25.04177,121.58735,15
500111070,20231008,263,18,3,1,25.04177,121.58735,15
500111070,20231008,264,18,3,1,25.04177,121.58735,15
500111070,20231008,265,18,3,1,25.04177,121.58735,15
500111070,20231008,266,18,3,1,25.04177,121.58735,15
500111070,20231008,267,18,3,1,25.04177,121.58735,15
500111070,20231008,268,18,3,1,25.04177,121.58735,15
500111070,20231008,269,18,3,1,25.04177,121.58735,15
500111070,20231008,270,18,3,1,25.04177,121.58735,15
500111070,20231008,271,18,3,1,25.04177,121.58735,15
500111070,20231008,272,18,3,1,25.04177,121.58735,15
500111070,20231008,273,18,3,1,25.04177,121.58735,15
500111070,20231008,274,18,3,1,25.04177,121.58735,15
500111070,20231008,275,18,3,1,25.04177,121.58735,15
500111070,20231008,276,18,3,1,25.04177,121.58735,15
500111070,20231008,277,18,3,1,25.04177,121.58735,15
500111070,20231008,278,18,3,1,25.04177,121.58735,15
500111070,20231008,279,18,3,1,25.04177,121.58735,15
500111070,20231008,280,18,3,1,25.04177,121.58735,15
500111070,20231008,281,18,3,1,25.04177,121.58735,15
500111070,20231008,282,18,3,1,25.04177,121.58735,15
500111070,20231008,283,18,3,1,25.04177,121.58735,15
500111070,20231008,284,18,3,1,25.04177,121.58735,15
500111070,20231008,285,18,3,1,25.04177,121.58735,15
500111070,20231008,286,18,3,1,25.04177,121.58735,15
500111070,20231008,287,18,3,1,25.04177,121.58735,15
500111070,20231008,288,18,3,1,25.04177,121.58735,15
500111070,20231008,289,18,3,1,25.04177,121.58735,15
500111070,20231008,290,18,3,1,25.04177,121.58735,15
500111070,20231008,291,18,3,1,25.04177,121.58735,15
500111070,20231008,292,18,3,1,25.04177,121.58735,15
500111070,20231008,293,18,3,1,25.04177,121.58735,15
500111070,20231008,294,18,3,1,25.04177,121.58735,15
500111070,20231008,295,18,3,1,25.04177,121.58735,15
500111070,20231008,296,18,3,1,25.04177,121.58735,15
500111070,20231008,297,18,3,1,25.04177,121.58735,15
500111070,20231008,298,18,3,1,25.04177,121.58735,15
500111070,20231008,299,18,3,1,25.04177,121.58735,15
500111070,20231008,300,18,3,1,25.04177,121.58735,15
500111070,20231008,301,18,3,1,25.04177,121.58735,15
500111070,20231008,302,18,3,1,25.04177,121.58735,15
500111070,20231008,303,18,3,1,25.04177,121.58735,15
500111070,20231008,304,18,3,1,25.04177,121.58735,15
500111070,20231008,305,18,3,1,25.04177,121.58735,15
500111070,20231008,306,18,3,1,25.04177,121.58735,15
500111070,20231008,307,18,3,1,25.04177,121.58735,15
500111070,20231008,308,18,3,1,25.04177,121.58735,15
500111070,20231008,309,18,3,1,25.04177,121.58735,15
500111070,20231008,310,18,3,1,25.04177,121.58735,15
500111070,20231008,311,18,2,1,25.04177,121.58735,16
500111070,20231008,312,18,2,1,25.04177,121.58735,16
500111070,20231008,313,18,2,1,25.04177,121.58735,16
500111070,20231008,314,18,2,1,25.04177,121.58735,16
500111070,20231008,315,18,2,1,25.04177,121.58735,16
500111070,20231008,316,18,2,1,25.04177,121.58735,16
500111070,20231008,317,18,2,1,25.04177,121.58735,16
500111070,20231008,318,18,2,1,25.04177,121.58735,16
500111070,20231008,319,18,2,1,25.04177,121.58735,16
500111070,20231008,321,18,2,1,25.04177,121.58735,16
500111070,20231008,322,18,2,1,25.04177,121.58735,16
500111070,20231008,323,18,2,1,25.04177,121.58735,16
500111070,20231008,324,18,2,1,25.04177,121.58735,16
500111070,20231008,325,18,2,1,25.04177,121.58735,16
500111070,20231008,326,18,2,1,25.04177,121.58735,16
500111070,20231008,327,18,2,1,25.04177,121.58735,16
500111070,20231008,328,18,2,1,25.04177,121.58735,16
500111070,20231008,329,18,2,1,25.04177,121.58735,16
500111070,20231008,330,18,2,1,25.04177,121.58735,16
500111070,20231008,331,18,2,1,25.04177,121.58735,16
500111070,20231008,332,18,2,1,25.04177,121.58735,16
500111070,20231008,333,18,2,1,25.04177,121.58735,16
500111070,20231008,334,18,2,1,25.04177,121.58735,16
500111070,20231008,335,18,2,1,25.04177,121.58735,16
500111070,20231008,336,18,2,1,25.04177,121.58735,16
500111070,20231008,337,18,2,1,25.04177,121.58735,16
500111070,20231008,338,18,2,1,25.04177,121.58735,16
500111070,20231008,339,18,2,1,25.04177,121.58735,16
500111070,20231008,340,18,2,1,25.04177,121.58735,16
500111070,20231008,341,18,2,1,25.04177,121.58735,16
500111070,20231008,342,18,2,1,25.04177,121.58735,16
500111070,20231008,343,18,2,1,25.04177,121.58735,16
500111070,20231008,344,18,2,1,25.04177,121.58735,16
500111070,20231008,345,18,2,1,25.04177,121.58735,16
500111070,20231008,346,18,2,1,25.04177,121.58735,16
500111070,20231008,347,18,2,1,25.04177,121.58735,16
500111070,20231008,348,18,2,1,25.04177,121.58735,16
500111070,20231008,349,18,2,1,25.04177,121.58735,16
500111070,20231008,350,18,2,1,25.04177,121.58735,16
500111070,20231008,351,18,2,1,25.04177,121.58735,16
500111070,20231008,352,18,2,1,25.04177,121.58735,16
500111070,20231008,353,18,2,1,25.04177,121.58735,16
500111070,20231008,354,18,2,1,25.04177,121.58735,16
500111070,20231008,355,18,2,1,25.04177,121.58735,16
500111070,20231008,356,18,2,1,25.04177,121.58735,16
500111070,20231008,357,18,2,1,25.04177,121.58735,16
500111070,20231008,358,18,2,1,25.04177,121.58735,16
500111070,20231008,359,18,2,1,25.04177,121.58735,16
500111070,20231008,360,18,2,1,25.04177,121.58735,16
500111070,20231008,361,18,2,1,25.04177,121.58735,16
500111070,20231008,362,18,2,1,25.04177,121.58735,16
500111070,20231008,363,18,2,1,25.04177,121.58735,16
500111070,20231008,364,18,2,1,25.04177,121.58735,16
500111070,20231008,365,18,2,1,25.04177,121.58735,16
500111070,20231008,366,18,2,1,25.04177,121.58735,16
500111070,20231008,367,18,2,1,25.04177,121.58735,16
500111070,20231008,368,18,2,1,25.04177,121.58735,16
500111070,20231008,369,18,2,1,25.04177,121.58735,16
500111070,20231008,370,18,2,1,25.04177,121.58735,16
500111070,20231008,371,18,2,1,25.04177,121.58735,16
500111070,20231008,372,18,2,1,25.04177,121.58735,16
500111070,20231008,373,18,2,1,25.04177,121.58735,16
500111070,20231008,374,18,2,1,25.04177,121.58735,16
500111070,20231008,375,18,2,1,25.04177,121.58735,16
500111070,20231008,376,18,2,1,25.04177,121.58735,16
500111070,20231008,377,18,2,1,25.04177,121.58735,16
500111070,20231008,378,18,2,1,25.04177,121.58735,16
500111070,20231008,379,18,2,1,25.04177,121.58735,16
500111070,20231008,381,18,2,1,25.04177,121.58735,16
500111070,20231008,382,18,2,1,25.04177,121.58735,16
500111070,20231008,383,18,2,1,25.04177,121.58735,16
500111070,20231008,384,18,2,1,25.04177,121.58735,16
500111070,20231008,385,18,2,1,25.04177,121.58735,16
500111070,20231008,386,18,2,1,25.04177,121.58735,16
500111070,20231008,387,18,2,1,25.04177,121.58735,16
500111070,20231008,388,18,2,1,25.04177,121.58735,16
500111070,20231008,389,18,2,1,25.04177,121.58735,16
500111070,20231008,390,18,2,1,25.04177,121.58735,16
500111070,20231008,391,18,2,1,25.04177,121.58735,16
500111070,20231008,392,18,2,1,25.04177,121.58735,16
500111070,20231008,393,18,2,1,25.04177,121.58735,16
500111070,20231008,394,18,2,1,25.04177,121.58735,16
500111070,20231008,395,18,3,1,25.04177,121.58735,15
500111070,20231008,396,18,2,1,25.04177,121.58735,16
500111070,20231008,397,18,2,1,25.04177,121.58735,16
500111070,20231008,398,18,2,1,25.04177,121.58735,16
500111070,20231008,399,18,2,1,25.04177,121.58735,16
500111070,20231008,400,18,2,1,25.04177,121.58735,16
500111070,20231008,401,18,2,1,25.04177,121.58735,16
500111070,20231008,402,18,2,1,25.04177,121.58735,16
500111070,20231008,403,18,2,1,25.04177,121.58735,16
500111070,20231008,404,18,2,1,25.04177,121.58735,16
500111070,20231008,405,18,2,1,25.04177,121.58735,16
500111070,20231008,406,18,2,1,25.04177,121.58735,16
500111070,20231008,407,18,2,1,25.04177,121.58735,16
500111070,20231008,408,18,2,1,25.04177,121.58735,16
500111070,20231008,409,18,2,1,25.04177,121.58735,16
500111070,20231008,410,18,2,1,25.04177,121.58735,16
500111070,20231008,411,18,2,1,25.04177,121.58735,16
500111070,20231008,412,18,2,1,25.04177,121.58735,16
500111070,20231008,413,18,2,1,25.04177,121.58735,16
500111070,20231008,414,18,2,1,25.04177,121.58735,16
500111070,20231008,415,18,2,1,25.04177,121.58735,16
500111070,20231008,416,18,2,1,25.04177,121.58735,16
500111070,20231008,417,18,2,1,25.04177,121.58735,16
500111070,20231008,418,18,2,1,25.04177,121.58735,16
500111070,20231008,419,18,2,1,25.04177,121.58735,16
500111070,20231008,420,18,2,1,25.04177,121.58735,16
500111070,20231008,421,18,2,1,25.04177,121.58735,16
500111070,20231008,422,18,2,1,25.04177,121.58735,16
500111070,20231008,423,18,2,1,25.04177,121.58735,16
500111070,20231008,424,18,2,1,25.04177,121.58735,16
500111070,20231008,425,18,2,1,25.04177,121.58735,16
500111070,20231008,426,18,2,1,25.04177,121.58735,16
500111070,20231008,427,18,2,1,25.04177,121.58735,16
500111070,20231008,428,18,3,1,25.04177,121.58735,15
500111070,20231008,429,18,3,1,25.04177,121.58735,15
500111070,20231008,430,18,3,1,25.04177,121.58735,15
500111070,20231008,431,18,3,1,25.04177,121.58735,15
500111070,20231008,432,18,3,1,25.04177,121.58735,15
500111070,20231008,433,18,3,1,25.04177,121.58735,15
500111070,20231008,434,18,3,1,25.04177,121.58735,15
500111070,20231008,435,18,3,1,25.04177,121.58735,15
500111070,20231008,436,18,3,1,25.04177,121.58735,15
500111070,20231008,437,18,3,1,25.04177,121.58735,15
500111070,20231008,438,18,3,1,25.04177,121.58735,15
500111070,20231008,439,18,3,1,25.04177,121.58735,15
500111070,20231008,441,18,3,1,25.04177,121.58735,15
500111070,20231008,442,18,2,1,25.04177,121.58735,16
500111070,20231008,443,18,3,1,25.04177,121.58735,15
500111070,20231008,444,18,3,1,25.04177,121.58735,15
500111070,20231008,445,18,3,1,25.04177,121.58735,15
500111070,20231008,446,18,3,1,25.04177,121.58735,15
500111070,20231008,447,18,3,1,25.04177,121.58735,15
500111070,20231008,448,18,3,1,25.04177,121.58735,15
500111070,20231008,449,18,2,1,25.04177,121.58735,16
500111070,20231008,450,18,2,1,25.04177,121.58735,16
500111070,20231008,451,18,2,1,25.04177,121.58735,16
500111070,20231008,452,18,2,1,25.04177,121.58735,16
500111070,20231008,453,18,2,1,25.04177,121.58735,16
500111070,20231008,454,18,2,1,25.04177,121.58735,16
500111070,20231008,455,18,2,1,25.04177,121.58735,16
500111070,20231008,456,18,2,1,25.04177,121.58735,16
500111070,20231008,457,18,2,1,25.04177,121.58735,16
500111070,20231008,458,18,3,1,25.04177,121.58735,15
500111070,20231008,459,18,3,1,25.04177,121.58735,15
500111070,20231008,460,18,3,1,25.04177,121.58735,15
500111070,20231008,461,18,4,1,25.04177,121.58735,14
500111070,20231008,462,18,4,1,25.04177,121.58735,14
500111070,20231008,463,18,4,1,25.04177,121.58735,14
500111070,20231008,464,18,4,1,25.04177,121.58735,14
500111070,20231008,465,18,4,1,25.04177,121.58735,14
500111070,20231008,466,18,4,1,25.04177,121.58735,14
500111070,20231008,467,18,4,1,25.04177,121.58735,14
500111070,20231008,468,18,4,1,25.04177,121.58735,14
500111070,20231008,469,18,4,1,25.04177,121.58735,14
500111070,20231008,470,18,4,1,25.04177,121.58735,14
500111070,20231008,471,18,4,1,25.04177,121.58735,14
500111070,20231008,472,18,4,1,25.04177,121.58735,14
500111070,20231008,473,18,4,1,25.04177,121.58735,14
500111070,20231008,474,18,4,1,25.04177,121.58735,14
500111070,20231008,475,18,4,1,25.04177,121.58735,14
500111070,20231008,476,18,4,1,25.04177,121.58735,14
500111070,20231008,477,18,4,1,25.04177,121.58735,14
500111070,20231008,478,18,4,1,25.04177,121.58735,14
500111070,20231008,479,18,4,1,25.04177,121.58735,14
500111070,20231008,481,18,5,1,25.04177,121.58735,13
500111070,20231008,482,18,5,1,25.04177,121.58735,13
500111070,20231008,483,18,5,1,25.04177,121.58735,13
500111070,20231008,484,18,5,1,25.04177,121.58735,13
500111070,20231008,486,18,5,1,25.04177,121.58735,13
500111070,20231008,487,18,5,1,25.04177,121.58735,13
500111070,20231008,488,18,5,1,25.04177,121.58735,13
500111070,20231008,489,18,6,1,25.04177,121.58735,12
500111070,20231008,490,18,6,1,25.04177,121.58735,12
500111070,20231008,491,18,6,1,25.04177,121.58735,12
500111070,20231008,492,18,6,1,25.04177,121.58735,12
500111070,20231008,493,18,6,1,25.04177,121.58735,12
500111070,20231008,494,18,6,1,25.04177,121.58735,12
500111070,20231008,495,18,6,1,25.04177,121.58735,12
500111070,20231008,496,18,6,1,25.04177,121.58735,12
500111070,20231008,497,18,6,1,25.04177,121.58735,12
500111070,20231008,498,18,7,1,25.04177,121.58735,11
500111070,20231008,499,18,8,1,25.04177,121.58735,10
500111070,20231008,501,18,8,1,25.04177,121.58735,10
500111070,20231008,502,18,8,1,25.04177,121.58735,10
500111070,20231008,503,18,8,1,25.04177,121.58735,10
500111070,20231008,504,18,7,1,25.04177,121.58735,11
500111070,20231008,505,18,7,1,25.04177,121.58735,11
500111070,20231008,506,18,7,1,25.04177,121.58735,11
500111070,20231008,507,18,7,1,25.04177,121.58735,11
500111070,20231008,508,18,7,1,25.04177,121.58735,11
500111070,20231008,509,18,7,1,25.04177,121.58735,11
500111070,20231008,510,18,7,1,25.04177,121.58735,11
500111070,20231008,511,18,8,1,25.04177,121.58735,10
500111070,20231008,512,18,6,1,25.04177,121.58735,12
500111070,20231008,513,18,5,1,25.04177,121.58735,13
500111070,20231008,514,18,5,1,25.04177,121.58735,13
500111070,20231008,515,18,5,1,25.04177,121.58735,13
500111070,20231008,516,18,5,1,25.04177,121.58735,13
500111070,20231008,517,18,5,1,25.04177,121.58735,13
500111070,20231008,518,18,5,1,25.04177,121.58735,13
500111070,20231008,519,18,5,1,25.04177,121.58735,13
500111070,20231008,520,18,5,1,25.04177,121.58735,13
500111070,20231008,521,18,6,1,25.04177,121.58735,12
500111070,20231008,522,18,6,1,25.04177,121.58735,12
500111070,20231008,523,18,6,1,25.04177,121.58735,12
500111070,20231008,524,18,6,1,25.04177,121.58735,12
500111070,20231008,525,18,6,1,25.04177,121.58735,12
500111070,20231008,526,18,6,1,25.04177,121.58735,12
500111070,20231008,527,18,6,1,25.04177,121.58735,12
500111070,20231008,528,18,6,1,25.04177,121.58735,12
500111070,20231008,529,18,6,1,25.04177,121.58735,12
500111070,20231008,530,18,5,1,25.04177,121.58735,13
500111070,20231008,531,18,5,1,25.04177,121.58735,13
500111070,20231008,532,18,8,1,25.04177,121.58735,10
500111070,20231008,533,18,8,1,25.04177,121.58735,10
500111070,20231008,534,18,8,1,25.04177,121.58735,10
500111070,20231008,535,18,8,1,25.04177,121.58735,10
500111070,20231008,536,18,8,1,25.04177,121.58735,10
500111070,20231008,537,18,8,1,25.04177,121.58735,10
500111070,20231008,538,18,8,1,25.04177,121.58735,10
500111070,20231008,539,18,8,1,25.04177,121.58735,10
500111070,20231008,541,18,8,1,25.04177,121.58735,10
500111070,20231008,542,18,8,1,25.04177,121.58735,10
500111070,20231008,543,18,8,1,25.04177,121.58735,10
500111070,20231008,544,18,8,1,25.04177,121.58735,10
500111070,20231008,545,18,8,1,25.04177,121.58735,10
500111070,20231008,546,18,8,1,25.04177,121.58735,10
500111070,20231008,547,18,8,1,25.04177,121.58735,10
500111070,20231008,548,18,8,1,25.04177,121.58735,10
500111070,20231008,549,18,8,1,25.04177,121.58735,10
500111070,20231008,550,18,9,1,25.04177,121.58735,9
500111070,20231008,551,18,9,1,25.04177,121.58735,9
500111070,20231008,552,18,9,1,25.04177,121.58735,9
500111070,20231008,553,18,9,1,25.04177,121.58735,9
500111070,20231008,554,18,9,1,25.04177,121.58735,9
500111070,20231008,555,18,9,1,25.04177,121.58735,9
500111070,20231008,556,18,9,1,25.04177,121.58735,9
500111070,20231008,557,18,9,1,25.04177,121.58735,9
500111070,20231008,558,18,9,1,25.04177,121.58735,9
500111070,20231008,559,18,9,1,25.04177,121.58735,9
500111070,20231008,561,18,9,1,25.04177,121.58735,9
500111070,20231008,562,18,9,1,25.04177,121.58735,9
500111070,20231008,563,18,9,1,25.04177,121.58735,9
500111070,20231008,564,18,9,1,25.04177,121.58735,9
500111070,20231008,565,18,9,1,25.04177,121.58735,9
500111070,20231008,566,18,9,1,25.04177,121.58735,9
500111070,20231008,567,18,9,1,25.04177,121.58735,9
500111070,20231008,568,18,9,1,25.04177,121.58735,9
500111070,20231008,569,18,9,1,25.04177,121.58735,9
500111070,20231008,571,18,9,1,25.04177,121.58735,9
500111070,20231008,572,18,9,1,25.04177,121.58735,9
500111070,20231008,573,18,9,1,25.04177,121.58735,9
500111070,20231008,574,18,9,1,25.04177,121.58735,9
500111070,20231008,575,18,9,1,25.04177,121.58735,9
500111070,20231008,576,18,9,1,25.04177,121.58735,9
500111070,20231008,577,18,9,1,25.04177,121.58735,9
500111070,20231008,578,18,9,1,25.04177,121.58735,9
500111070,20231008,579,18,9,1,25.04177,121.58735,9
500111070,20231008,580,18,9,1,25.04177,121.58735,9
500111070,20231008,581,18,9,1,25.04177,121.58735,9
500111070,20231008,582,18,9,1,25.04177,121.58735,9
500111070,20231008,583,18,9,1,25.04177,121.58735,9
500111070,20231008,584,18,9,1,25.04177,121.58735,9
500111070,20231008,585,18,9,1,25.04177,121.58735,9
500111070,20231008,586,18,9,1,25.04177,121.58735,9
500111070,20231008,587,18,9,1,25.04177,121.58735,9
500111070,20231008,588,18,9,1,25.04177,121.58735,9
500111070,20231008,589,18,9,1,25.04177,121.58735,9
500111070,20231008,590,18,9,1,25.04177,121.58735,9
500111070,20231008,591,18,9,1,25.04177,121.58735,9
500111070,20231008,592,18,9,1,25.04177,121.58735,9
500111070,20231008,593,18,9,1,25.04177,121.58735,9
500111070,20231008,594,18,9,1,25.04177,121.58735,9
500111070,20231008,595,18,9,1,25.04177,121.58735,9
500111070,20231008,596,18,9,1,25.04177,121.58735,9
500111070,20231008,597,18,9,1,25.04177,121.58735,9
500111070,20231008,598,18,9,1,25.04177,121.58735,9
500111070,20231008,599,18,9,1,25.04177,121.58735,9
500111070,20231008,601,18,9,1,25.04177,121.58735,9
500111070,20231008,602,18,9,1,25.04177,121.58735,9
500111070,20231008,603,18,9,1,25.04177,121.58735,9
500111070,20231008,604,18,9,1,25.04177,121.58735,9
500111070,20231008,605,18,9,1,25.04177,121.58735,9
500111070,20231008,606,18,9,1,25.04177,121.58735,9
500111070,20231008,607,18,9,1,25.04177,121.58735,9
500111070,20231008,608,18,9,1,25.04177,121.58735,9
500111070,20231008,609,18,10,1,25.04177,121.58735,8
500111070,20231008,610,18,10,1,25.04177,121.58735,8
500111070,20231008,611,18,10,1,25.04177,121.58735,8
500111070,20231008,612,18,10,1,25.04177,121.58735,8
500111070,20231008,613,18,10,1,25.04177,121.58735,8
500111070,20231008,614,18,10,1,25.04177,121.58735,8
500111070,20231008,615,18,10,1,25.04177,121.58735,8
500111070,20231008,616,18,10,1,25.04177,121.58735,8
500111070,20231008,617,18,10,1,25.04177,121.58735,8
500111070,20231008,618,18,10,1,25.04177,121.58735,8
500111070,20231008,619,18,10,1,25.04177,121.58735,8
500111070,20231008,621,18,10,1,25.04177,121.58735,8
500111070,20231008,622,18,10,1,25.04177,121.58735,8
500111070,20231008,623,18,10,1,25.04177,121.58735,8
500111070,20231008,624,18,10,1,25.04177,121.58735,8
500111070,20231008,625,18,10,1,25.04177,121.58735,8
500111070,20231008,626,18,10,1,25.04177,121.58735,8
500111070,20231008,627,18,10,1,25.04177,121.58735,8
500111070,20231008,628,18,10,1,25.04177,121.58735,8
500111070,20231008,629,18,10,1,25.04177,121.58735,8
500111070,20231008,631,18,10,1,25.04177,121.58735,8
500111070,20231008,632,18,10,1,25.04177,121.58735,8
500111070,20231008,633,18,10,1,25.04177,121.58735,8
500111070,20231008,634,18,10,1,25.04177,121.58735,8
500111070,20231008,635,18,10,1,25.04177,121.58735,8
500111070,20231008,636,18,10,1,25.04177,121.58735,8
500111070,20231008,637,18,10,1,25.04177,121.58735,8
500111070,20231008,638,18,10,1,25.04177,121.58735,8
500111070,20231008,639,18,10,1,25.04177,121.58735,8
500111070,20231008,640,18,10,1,25.04177,121.58735,8
500111070,20231008,641,18,11,1,25.04177,121.58735,7
500111070,20231008,642,18,11,1,25.04177,121.58735,7
500111070,20231008,643,18,11,1,25.04177,121.58735,7
500111070,20231008,644,18,11,1,25.04177,121.58735,7
500111070,20231008,645,18,11,1,25.04177,121.58735,7
500111070,20231008,646,18,12,1,25.04177,121.58735,6
500111070,20231008,647,18,12,1,25.04177,121.58735,6
500111070,20231008,648,18,12,1,25.04177,121.58735,6
500111070,20231008,649,18,12,1,25.04177,121.58735,6
500111070,20231008,650,18,12,1,25.04177,121.58735,6
500111070,20231008,651,18,12,1,25.04177,121.58735,6
500111070,20231008,652,18,12,1,25.04177,121.58735,6
500111070,20231008,653,18,12,1,25.04177,121.58735,6
500111070,20231008,654,18,12,1,25.04177,121.58735,6
500111070,20231008,655,18,12,1,25.04177,121.58735,6
500111070,20231008,656,18,12,1,25.04177,121.58735,6
500111070,20231008,657,18,12,1,25.04177,121.58735,6
500111070,20231008,658,18,12,1,25.04177,121.58735,6
500111070,20231008,659,18,12,1,25.04177,121.58735,6
500111070,20231008,661,18,12,1,25.04177,121.58735,6
500111070,20231008,662,18,12,1,25.04177,121.58735,6
500111070,20231008,663,18,12,1,25.04177,121.58735,6
500111070,20231008,664,18,12,1,25.04177,121.58735,6
500111070,20231008,665,18,12,1,25.04177,121.58735,6
500111070,20231008,666,18,12,1,25.04177,121.58735,6
500111070,20231008,667,18,12,1,25.04177,121.58735,6
500111070,20231008,668,18,12,1,25.04177,121.58735,6
500111070,20231008,669,18,12,1,25.04177,121.58735,6
500111070,20231008,670,18,12,1,25.04177,121.58735,6
500111070,20231008,671,18,11,1,25.04177,121.58735,7
500111070,20231008,672,18,11,1,25.04177,121.58735,7
500111070,20231008,673,18,11,1,25.04177,121.58735,7
500111070,20231008,674,18,11,1,25.04177,121.58735,7
500111070,20231008,675,18,11,1,25.04177,121.58735,7
500111070,20231008,676,18,11,1,25.04177,121.58735,7
500111070,20231008,677,18,11,1,25.04177,121.58735,7
500111070,20231008,678,18,11,1,25.04177,121.58735,7
500111070,20231008,679,18,11,1,25.04177,121.58735,7
500111070,20231008,681,18,11,1,25.04177,121.58735,7
500111070,20231008,682,18,11,1,25.04177,121.58735,7
500111070,20231008,683,18,11,1,25.04177,121.58735,7
500111070,20231008,684,18,11,1,25.04177,121.58735,7
500111070,20231008,685,18,11,1,25.04177,121.58735,7
500111070,20231008,686,18,11,1,25.04177,121.58735,7
500111070,20231008,687,18,11,1,25.04177,121.58735,7
500111070,20231008,688,18,11,1,25.04177,121.58735,7
500111070,20231008,689,18,11,1,25.04177,121.58735,7
500111070,20231008,691,18,11,1,25.04177,121.58735,7
500111070,20231008,692,18,12,1,25.04177,121.58735,6
500111070,20231008,693,18,12,1,25.04177,121.58735,6
500111070,20231008,694,18,12,1,25.04177,121.58735,6
500111070,20231008,695,18,12,1,25.04177,121.58735,6
500111070,20231008,696,18,12,1,25.04177,121.58735,6
500111070,20231008,697,18,12,1,25.04177,121.58735,6
500111070,20231008,698,18,12,1,25.04177,121.58735,6
500111070,20231008,699,18,12,1,25.04177,121.58735,6
500111070,20231008,700,18,12,1,25.04177,121.58735,6
500111070,20231008,701,18,11,1,25.04177,121.58735,7
500111070,20231008,702,18,11,1,25.04177,121.58735,7
500111070,20231008,703,18,11,1,25.04177,121.58735,7
500111070,20231008,704,18,11,1,25.04177,121.58735,7
500111070,20231008,705,18,11,1,25.04177,121.58735,7
500111070,20231008,706,18,12,1,25.04177,121.58735,6
500111070,20231008,707,18,13,1,25.04177,121.58735,5
500111070,20231008,708,18,13,1,25.04177,121.58735,5
500111070,20231008,709,18,13,1,25.04177,121.58735,5
500111070,20231008,710,18,13,1,25.04177,121.58735,5
500111070,20231008,711,18,13,1,25.04177,121.58735,5
500111070,20231008,712,18,13,1,25.04177,121.58735,5
500111070,20231008,713,18,13,1,25.04177,121.58735,5
500111070,20231008,714,18,13,1,25.04177,121.58735,5
500111070,20231008,715,18,13,1,25.04177,121.58735,5
500111070,20231008,716,18,13,1,25.04177,121.58735,5
500111070,20231008,717,18,13,1,25.04177,121.58735,5
500111070,20231008,718,18,13,1,25.04177,121.58735,5
500111070,20231008,719,18,13,1,25.04177,121.58735,5
500111070,20231008,721,18,13,1,25.04177,121.58735,5
500111070,20231008,722,18,13,1,25.04177,121.58735,5
500111070,20231008,723,18,13,1,25.04177,121.58735,5
500111070,20231008,724,18,13,1,25.04177,121.58735,5
500111070,20231008,725,18,13,1,25.04177,121.58735,5
500111070,20231008,726,18,13,1,25.04177,121.58735,5
500111070,20231008,727,18,13,1,25.04177,121.58735,5
500111070,20231008,728,18,13,1,25.04177,121.58735,5
500111070,20231008,729,18,13,1,25.04177,121.58735,5
500111070,20231008,730,18,15,1,25.04177,121.58735,3
500111070,20231008,731,18,15,1,25.04177,121.58735,3
500111070,20231008,732,18,15,1,25.04177,121.58735,3
500111070,20231008,733,18,15,1,25.04177,121.58735,3
500111070,20231008,734,18,15,1,25.04177,121.58735,3
500111070,20231008,735,18,15,1,25.04177,121.58735,3
500111070,20231008,736,18,15,1,25.04177,121.58735,3
500111070,20231008,737,18,15,1,25.04177,121.58735,3
500111070,20231008,738,18,15,1,25.04177,121.58735,3
500111070,20231008,739,18,15,1,25.04177,121.58735,3
500111070,20231008,741,18,15,1,25.04177,121.58735,3
500111070,20231008,742,18,15,1,25.04177,121.58735,3
500111070,20231008,743,18,15,1,25.04177,121.58735,3
500111070,20231008,744,18,15,1,25.04177,121.58735,3
500111070,20231008,745,18,15,1,25.04177,121.58735,3
500111070,20231008,746,18,15,1,25.04177,121.58735,3
500111070,20231008,747,18,15,1,25.04177,121.58735,3
500111070,20231008,748,18,15,1,25.04177,121.58735,3
500111070,20231008,749,18,15,1,25.04177,121.58735,3
500111070,20231008,751,18,15,1,25.04177,121.58735,3
500111070,20231008,752,18,15,1,25.04177,121.58735,3
500111070,20231008,754,18,15,1,25.04177,121.58735,3
500111070,20231008,755,18,16,1,25.04177,121.58735,2
500111070,20231008,756,18,16,1,25.04177,121.58735,2
500111070,20231008,757,18,16,1,25.04177,121.58735,2
500111070,20231008,758,18,16,1,25.04177,121.58735,2
500111070,20231008,759,18,16,1,25.04177,121.58735,2
500111070,20231008,760,18,16,1,25.04177,121.58735,2
500111070,20231008,761,18,18,1,25.04177,121.58735,0
500111070,20231008,762,18,18,1,25.04177,121.58735,0
500111070,20231008,763,18,18,1,25.04177,121.58735,0
500111070,20231008,764,18,18,1,25.04177,121.58735,0
500111070,20231008,765,18,18,1,25.04177,121.58735,0
500111070,20231008,766,18,18,1,25.04177,121.58735,0
500111070,20231008,767,18,18,1,25.04177,121.58735,0
500111070,20231008,768,18,18,1,25.04177,121.58735,0
500111070,20231008,769,18,17,1,25.04177,121.58735,1
500111070,20231008,770,18,17,1,25.04177,121.58735,1
500111070,20231008,771,18,17,1,25.04177,121.58735,1
500111070,20231008,772,18,18,1,25.04177,121.58735,0
500111070,20231008,773,18,17,1,25.04177,121.58735,1
500111070,20231008,774,18,17,1,25.04177,121.58735,1
500111070,20231008,775,18,17,1,25.04177,121.58735,1
500111070,20231008,776,18,17,1,25.04177,121.58735,1
500111070,20231008,777,18,17,1,25.04177,121.58735,1
500111070,20231008,778,18,17,1,25.04177,121.58735,1
500111070,20231008,779,18,17,1,25.04177,121.58735,1
500111070,20231008,781,18,17,1,25.04177,121.58735,1
500111070,20231008,782,18,17,1,25.04177,121.58735,1
500111070,20231008,783,18,17,1,25.04177,121.58735,1
500111070,20231008,784,18,18,1,25.04177,121.58735,0
500111070,20231008,785,18,18,1,25.04177,121.58735,0
500111070,20231008,786,18,18,1,25.04177,121.58735,0
500111070,20231008,787,18,18,1,25.04177,121.58735,0
500111070,20231008,788,18,18,1,25.04177,121.58735,0
500111070,20231008,789,18,18,1,25.04177,121.58735,0
500111070,20231008,790,18,17,1,25.04177,121.58735,1
500111070,20231008,791,18,17,1,25.04177,121.58735,1
500111070,20231008,792,18,17,1,25.04177,121.58735,1
500111070,20231008,793,18,17,1,25.04177,121.58735,1
500111070,20231008,794,18,17,1,25.04177,121.58735,1
500111070,20231008,795,18,17,1,25.04177,121.58735,1
500111070,20231008,796,18,17,1,25.04177,121.58735,1
500111070,20231008,797,18,17,1,25.04177,121.58735,1
500111070,20231008,798,18,17,1,25.04177,121.58735,1
500111070,20231008,799,18,17,1,25.04177,121.58735,1
500111070,20231008,801,18,17,1,25.04177,121.58735,1
500111070,20231008,802,18,17,1,25.04177,121.58735,1
500111070,20231008,803,18,17,1,25.04177,121.58735,1
500111070,20231008,804,18,17,1,25.04177,121.58735,1
500111070,20231008,805,18,17,1,25.04177,121.58735,1
500111070,20231008,806,18,17,1,25.04177,121.58735,1
500111070,20231008,807,18,17,1,25.04177,121.58735,1
500111070,20231008,808,18,17,1,25.04177,121.58735,1
500111070,20231008,809,18,17,1,25.04177,121.58735,1
500111070,20231008,811,18,17,1,25.04177,121.58735,1
500111070,20231008,812,18,17,1,25.04177,121.58735,1
500111070,20231008,813,18,17,1,25.04177,121.58735,1
500111070,20231008,814,18,16,1,25.04177,121.58735,2
500111070,20231008,815,18,16,1,25.04177,121.58735,2
500111070,20231008,816,18,16,1,25.04177,121.58735,2
500111070,20231008,817,18,16,1,25.04177,121.58735,2
500111070,20231008,818,18,16,1,25.04177,121.58735,2
500111070,20231008,819,18,16,1,25.04177,121.58735,2
500111070,20231008,820,18,17,1,25.04177,121.58735,1
500111070,20231008,821,18,18,1,25.04177,121.58735,0
500111070,20231008,822,18,18,1,25.04177,121.58735,0
500111070,20231008,823,18,18,1,25.04177,121.58735,0
500111070,20231008,824,18,18,1,25.04177,121.58735,0
500111070,20231008,825,18,18,1,25.04177,121.58735,0
500111070,20231008,826,18,18,1,25.04177,121.58735,0
500111070,20231008,827,18,18,1,25.04177,121.58735,0
500111070,20231008,828,18,18,1,25.04177,121.58735,0
500111070,20231008,829,18,18,1,25.04177,121.58735,0
500111070,20231008,830,18,18,1,25.04177,121.58735,0
500111070,20231008,831,18,18,1,25.04177,121.58735,0
500111070,20231008,832,18,17,1,25.04177,121.58735,1
500111070,20231008,833,18,17,1,25.04177,121.58735,1
500111070,20231008,834,18,17,1,25.04177,121.58735,1
500111070,20231008,835,18,17,1,25.04177,121.58735,1
500111070,20231008,836,18,17,1,25.04177,121.58735,1
500111070,20231008,837,18,17,1,25.04177,121.58735,1
500111070,20231008,838,18,17,1,25.04177,121.58735,1
500111070,20231008,839,18,17,1,25.04177,121.58735,1
500111070,20231008,841,18,17,1,25.04177,121.58735,1
500111070,20231008,842,18,17,1,25.04177,121.58735,1
500111070,20231008,843,18,17,1,25.04177,121.58735,1
500111070,20231008,844,18,17,1,25.04177,121.58735,1
500111070,20231008,845,18,17,1,25.04177,121.58735,1
500111070,20231008,846,18,17,1,25.04177,121.58735,1
500111070,20231008,847,18,17,1,25.04177,121.58735,1
500111070,20231008,848,18,17,1,25.04177,121.58735,1
500111070,20231008,849,18,17,1,25.04177,121.58735,1
500111070,20231008,850,18,18,1,25.04177,121.58735,0
500111070,20231008,851,18,18,1,25.04177,121.58735,0
500111070,20231008,852,18,18,1,25.04177,121.58735,0
500111070,20231008,853,18,18,1,25.04177,121.58735,0
500111070,20231008,854,18,18,1,25.04177,121.58735,0
500111070,20231008,855,18,18,1,25.04177,121.58735,0
500111070,20231008,856,18,17,1,25.04177,121.58735,1
500111070,20231008,857,18,17,1,25.04177,121.58735,1
500111070,20231008,858,18,17,1,25.04177,121.58735,1
500111070,20231008,859,18,17,1,25.04177,121.58735,1
500111070,20231008,861,18,16,1,25.04177,121.58735,2
500111070,20231008,862,18,16,1,25.04177,121.58735,2
500111070,20231008,863,18,16,1,25.04177,121.58735,2
500111070,20231008,864,18,16,1,25.04177,121.58735,2
500111070,20231008,865,18,16,1,25.04177,121.58735,2
500111070,20231008,866,18,16,1,25.04177,121.58735,2
500111070,20231008,867,18,16,1,25.04177,121.58735,2
500111070,20231008,868,18,15,1,25.04177,121.58735,3
500111070,20231008,869,18,15,1,25.04177,121.58735,3
500111070,20231008,871,18,15,1,25.04177,121.58735,3
500111070,20231008,872,18,15,1,25.04177,121.58735,3
500111070,20231008,873,18,15,1,25.04177,121.58735,3
500111070,20231008,874,18,15,1,25.04177,121.58735,3
500111070,20231008,875,18,15,1,25.04177,121.58735,3
500111070,20231008,876,18,15,1,25.04177,121.58735,3
500111070,20231008,877,18,15,1,25.04177,121.58735,3
500111070,20231008,878,18,15,1,25.04177,121.58735,3
500111070,20231008,879,18,15,1,25.04177,121.58735,3
500111070,20231008,880,18,15,1,25.04177,121.58735,3
500111070,20231008,881,18,15,1,25.04177,121.58735,3
500111070,20231008,882,18,15,1,25.04177,121.58735,3
500111070,20231008,883,18,15,1,25.04177,121.58735,3
500111070,20231008,884,18,15,1,25.04177,121.58735,3
500111070,20231008,885,18,15,1,25.04177,121.58735,3
500111070,20231008,886,18,15,1,25.04177,121.58735,3
500111070,20231008,887,18,15,1,25.04177,121.58735,3
500111070,20231008,888,18,15,1,25.04177,121.58735,3
500111070,20231008,889,18,15,1,25.04177,121.58735,3
500111070,20231008,890,18,15,1,25.04177,121.58735,3
500111070,20231008,891,18,15,1,25.04177,121.58735,3
500111070,20231008,892,18,15,1,25.04177,121.58735,3
500111070,20231008,893,18,15,1,25.04177,121.58735,3
500111070,20231008,894,18,15,1,25.04177,121.58735,3
500111070,20231008,895,18,15,1,25.04177,121.58735,3
500111070,20231008,896,18,14,1,25.04177,121.58735,4
500111070,20231008,897,18,14,1,25.04177,121.58735,4
500111070,20231008,898,18,14,1,25.04177,121.58735,4
500111070,20231008,899,18,14,1,25.04177,121.58735,4
500111070,20231008,901,18,14,1,25.04177,121.58735,4
500111070,20231008,902,18,14,1,25.04177,121.58735,4
500111070,20231008,903,18,12,1,25.04177,121.58735,6
500111070,20231008,904,18,12,1,25.04177,121.58735,6
500111070,20231008,905,18,12,1,25.04177,121.58735,6
500111070,20231008,906,18,12,1,25.04177,121.58735,6
500111070,20231008,907,18,12,1,25.04177,121.58735,6
500111070,20231008,908,18,12,1,25.04177,121.58735,6
500111070,20231008,909,18,12,1,25.04177,121.58735,6
500111070,20231008,910,18,12,1,25.04177,121.58735,6
500111070,20231008,911,18,12,1,25.04177,121.58735,6
500111070,20231008,912,18,12,1,25.04177,121.58735,6
500111070,20231008,913,18,12,1,25.04177,121.58735,6
500111070,20231008,914,18,13,1,25.04177,121.58735,5
500111070,20231008,915,18,13,1,25.04177,121.58735,5
500111070,20231008,916,18,13,1,25.04177,121.58735,5
500111070,20231008,917,18,12,1,25.04177,121.58735,6
500111070,20231008,918,18,10,1,25.04177,121.58735,8
500111070,20231008,919,18,10,1,25.04177,121.58735,8
500111070,20231008,921,18,10,1,25.04177,121.58735,8
500111070,20231008,922,18,11,1,25.04177,121.58735,7
500111070,20231008,923,18,11,1,25.04177,121.58735,7
500111070,20231008,924,18,11,1,25.04177,121.58735,7
500111070,20231008,925,18,11,1,25.04177,121.58735,7
500111070,20231008,926,18,12,1,25.04177,121.58735,6
500111070,20231008,927,18,12,1,25.04177,121.58735,6
500111070,20231008,928,18,12,1,25.04177,121.58735,6
500111070,20231008,929,18,12,1,25.04177,121.58735,6
500111070,20231008,931,18,12,1,25.04177,121.58735,6
500111070,20231008,932,18,12,1,25.04177,121.58735,6
500111070,20231008,933,18,9,1,25.04177,121.58735,9
500111070,20231008,934,18,9,1,25.04177,121.58735,9
500111070,20231008,935,18,8,1,25.04177,121.58735,10
500111070,20231008,936,18,8,1,25.04177,121.58735,10
500111070,20231008,937,18,8,1,25.04177,121.58735,10
500111070,20231008,938,18,7,1,25.04177,121.58735,11
500111070,20231008,939,18,7,1,25.04177,121.58735,11
500111070,20231008,940,18,7,1,25.04177,121.58735,11
500111070,20231008,941,18,7,1,25.04177,121.58735,11
500111070,20231008,942,18,7,1,25.04177,121.58735,11
500111070,20231008,943,18,7,1,25.04177,121.58735,11
500111070,20231008,944,18,6,1,25.04177,121.58735,12
500111070,20231008,945,18,7,1,25.04177,121.58735,11
500111070,20231008,946,18,7,1,25.04177,121.58735,11
500111070,20231008,947,18,7,1,25.04177,121.58735,11
500111070,20231008,948,18,7,1,25.04177,121.58735,11
500111070,20231008,949,18,7,1,25.04177,121.58735,11
500111070,20231008,950,18,7,1,25.04177,121.58735,11
500111070,20231008,951,18,7,1,25.04177,121.58735,11
500111070,20231008,952,18,7,1,25.04177,121.58735,11
500111070,20231008,953,18,7,1,25.04177,121.58735,11
500111070,20231008,954,18,7,1,25.04177,121.58735,11
500111070,20231008,955,18,7,1,25.04177,121.58735,11
500111070,20231008,956,18,7,1,25.04177,121.58735,11
500111070,20231008,957,18,7,1,25.04177,121.58735,11
500111070,20231008,958,18,8,1,25.04177,121.58735,10
500111070,20231008,959,18,8,1,25.04177,121.58735,10
500111070,20231008,961,18,8,1,25.04177,121.58735,10
500111070,20231008,962,18,7,1,25.04177,121.58735,11
500111070,20231008,963,18,7,1,25.04177,121.58735,11
500111070,20231008,964,18,7,1,25.04177,121.58735,11
500111070,20231008,965,18,7,1,25.04177,121.58735,11
500111070,20231008,966,18,7,1,25.04177,121.58735,11
500111070,20231008,967,18,7,1,25.04177,121.58735,11
500111070,20231008,968,18,7,1,25.04177,121.58735,11
500111070,20231008,969,18,7,1,25.04177,121.58735,11
500111070,20231008,970,18,7,1,25.04177,121.58735,11
500111070,20231008,971,18,7,1,25.04177,121.58735,11
500111070,20231008,972,18,8,1,25.04177,121.58735,10
500111070,20231008,973,18,9,1,25.04177,121.58735,9
500111070,20231008,974,18,9,1,25.04177,121.58735,9
500111070,20231008,975,18,9,1,25.04177,121.58735,9
500111070,20231008,976,18,9,1,25.04177,121.58735,9
500111070,20231008,977,18,8,1,25.04177,121.58735,10
500111070,20231008,978,18,8,1,25.04177,121.58735,10
500111070,20231008,979,18,8,1,25.04177,121.58735,10
500111070,20231008,981,18,8,1,25.04177,121.58735,10
500111070,20231008,982,18,10,1,25.04177,121.58735,8
500111070,20231008,983,18,10,1,25.04177,121.58735,8
500111070,20231008,984,18,10,1,25.04177,121.58735,8
500111070,20231008,985,18,10,1,25.04177,121.58735,8
500111070,20231008,986,18,10,1,25.04177,121.58735,8
500111070,20231008,987,18,10,1,25.04177,121.58735,8
500111070,20231008,988,18,10,1,25.04177,121.58735,8
500111070,20231008,989,18,10,1,25.04177,121.58735,8
500111070,20231008,991,18,11,1,25.04177,121.58735,7
500111070,20231008,992,18,11,1,25.04177,121.58735,7
500111070,20231008,993,18,11,1,25.04177,121.58735,7
500111070,20231008,994,18,11,1,25.04177,121.58735,7
500111070,20231008,995,18,11,1,25.04177,121.58735,7
500111070,20231008,996,18,12,1,25.04177,121.58735,6
500111070,20231008,997,18,12,1,25.04177,121.58735,6
500111070,20231008,998,18,12,1,25.04177,121.58735,6
500111070,20231008,999,18,12,1,25.04177,121.58735,6
500111070,20231008,1000,18,12,1,25.04177,121.58735,6
500111070,20231008,1001,18,13,1,25.04177,121.58735,5
500111070,20231008,1002,18,13,1,25.04177,121.58735,5
500111070,20231008,1003,18,13,1,25.04177,121.58735,5
500111070,20231008,1004,18,13,1,25.04177,121.58735,5
500111070,20231008,1005,18,13,1,25.04177,121.58735,5
500111070,20231008,1006,18,13,1,25.04177,121.58735,5
500111070,20231008,1007,18,13,1,25.04177,121.58735,5
500111070,20231008,1008,18,13,1,25.04177,121.58735,5
500111070,20231008,1009,18,13,1,25.04177,121.58735,5
500111070,20231008,1010,18,14,1,25.04177,121.58735,4
500111070,20231008,1011,18,14,1,25.04177,121.58735,4
500111070,20231008,1012,18,14,1,25.04177,121.58735,4
500111070,20231008,1013,18,14,1,25.04177,121.58735,4
500111070,20231008,1014,18,14,1,25.04177,121.58735,4
500111070,20231008,1015,18,14,1,25.04177,121.58735,4
500111070,20231008,1016,18,14,1,25.04177,121.58735,4
500111070,20231008,1017,18,14,1,25.04177,121.58735,4
500111070,20231008,1018,18,14,1,25.04177,121.58735,4
500111070,20231008,1019,18,14,1,25.04177,121.58735,4
500111070,20231008,1021,18,13,1,25.04177,121.58735,5
500111070,20231008,1022,18,13,1,25.04177,121.58735,5
500111070,20231008,1023,18,13,1,25.04177,121.58735,5
500111070,20231008,1024,18,12,1,25.04177,121.58735,6
500111070,20231008,1025,18,10,1,25.04177,121.58735,8
500111070,20231008,1026,18,10,1,25.04177,121.58735,8
500111070,20231008,1027,18,10,1,25.04177,121.58735,8
500111070,20231008,1028,18,11,1,25.04177,121.58735,7
500111070,20231008,1029,18,11,1,25.04177,121.58735,7
500111070,20231008,1030,18,11,1,25.04177,121.58735,7
500111070,20231008,1031,18,11,1,25.04177,121.58735,7
500111070,20231008,1032,18,11,1,25.04177,121.58735,7
500111070,20231008,1033,18,11,1,25.04177,121.58735,7
500111070,20231008,1034,18,11,1,25.04177,121.58735,7
500111070,20231008,1035,18,11,1,25.04177,121.58735,7
500111070,20231008,1036,18,11,1,25.04177,121.58735,7
500111070,20231008,1037,18,11,1,25.04177,121.58735,7
500111070,20231008,1038,18,11,1,25.04177,121.58735,7
500111070,20231008,1039,18,11,1,25.04177,121.58735,7
500111070,20231008,1041,18,11,1,25.04177,121.58735,7
500111070,20231008,1042,18,11,1,25.04177,121.58735,7
500111070,20231008,1043,18,10,1,25.04177,121.58735,8
500111070,20231008,1044,18,10,1,25.04177,121.58735,8
500111070,20231008,1045,18,10,1,25.04177,121.58735,8
500111070,20231008,1046,18,10,1,25.04177,121.58735,8
500111070,20231008,1047,18,10,1,25.04177,121.58735,8
500111070,20231008,1048,18,10,1,25.04177,121.58735,8
500111070,20231008,1049,18,10,1,25.04177,121.58735,8
500111070,20231008,1051,18,10,1,25.04177,121.58735,8
500111070,20231008,1052,18,10,1,25.04177,121.58735,8
500111070,20231008,1053,18,10,1,25.04177,121.58735,8
500111070,20231008,1054,18,10,1,25.04177,121.58735,8
500111070,20231008,1055,18,10,1,25.04177,121.58735,8
500111070,20231008,1056,18,9,1,25.04177,121.58735,9
500111070,20231008,1057,18,9,1,25.04177,121.58735,9
500111070,20231008,1058,18,9,1,25.04177,121.58735,9
500111070,20231008,1059,18,9,1,25.04177,121.58735,9
500111070,20231008,1060,18,9,1,25.04177,121.58735,9
500111070,20231008,1061,18,9,1,25.04177,121.58735,9
500111070,20231008,1062,18,9,1,25.04177,121.58735,9
500111070,20231008,1063,18,9,1,25.04177,121.58735,9
500111070,20231008,1064,18,9,1,25.04177,121.58735,9
500111070,20231008,1065,18,9,1,25.04177,121.58735,9
500111070,20231008,1066,18,9,1,25.04177,121.58735,9
500111070,20231008,1067,18,9,1,25.04177,121.58735,9
500111070,20231008,1068,18,9,1,25.04177,121.58735,9
500111070,20231008,1069,18,9,1,25.04177,121.58735,9
500111070,20231008,1070,18,9,1,25.04177,121.58735,9
500111070,20231008,1071,18,10,1,25.04177,121.58735,8
500111070,20231008,1072,18,10,1,25.04177,121.58735,8
500111070,20231008,1073,18,10,1,25.04177,121.58735,8
500111070,20231008,1074,18,10,1,25.04177,121.58735,8
500111070,20231008,1075,18,10,1,25.04177,121.58735,8
500111070,20231008,1076,18,10,1,25.04177,121.58735,8
500111070,20231008,1077,18,10,1,25.04177,121.58735,8
500111070,20231008,1078,18,10,1,25.04177,121.58735,8
500111070,20231008,1079,18,10,1,25.04177,121.58735,8
500111070,20231008,1081,18,10,1,25.04177,121.58735,8
500111070,20231008,1082,18,10,1,25.04177,121.58735,8
500111070,20231008,1083,18,10,1,25.04177,121.58735,8
500111070,20231008,1084,18,10,1,25.04177,121.58735,8
500111070,20231008,1085,18,10,1,25.04177,121.58735,8
500111070,20231008,1086,18,10,1,25.04177,121.58735,8
500111070,20231008,1087,18,10,1,25.04177,121.58735,8
500111070,20231008,1088,18,10,1,25.04177,121.58735,8
500111070,20231008,1089,18,10,1,25.04177,121.58735,8
500111070,20231008,1090,18,10,1,25.04177,121.58735,8
500111070,20231008,1091,18,10,1,25.04177,121.58735,8
500111070,20231008,1092,18,10,1,25.04177,121.58735,8
500111070,20231008,1093,18,10,1,25.04177,121.58735,8
500111070,20231008,1094,18,10,1,25.04177,121.58735,8
500111070,20231008,1095,18,10,1,25.04177,121.58735,8
500111070,20231008,1096,18,10,1,25.04177,121.58735,8
500111070,20231008,1097,18,10,1,25.04177,121.58735,8
500111070,20231008,1098,18,10,1,25.04177,121.58735,8
500111070,20231008,1099,18,10,1,25.04177,121.58735,8
500111070,20231008,1101,18,10,1,25.04177,121.58735,8
500111070,20231008,1102,18,10,1,25.04177,121.58735,8
500111070,20231008,1103,18,10,1,25.04177,121.58735,8
500111070,20231008,1104,18,10,1,25.04177,121.58735,8
500111070,20231008,1105,18,10,1,25.04177,121.58735,8
500111070,20231008,1106,18,10,1,25.04177,121.58735,8
500111070,20231008,1107,18,10,1,25.04177,121.58735,8
500111070,20231008,1108,18,10,1,25.04177,121.58735,8
500111070,20231008,1109,18,10,1,25.04177,121.58735,8
500111070,20231008,1110,18,10,1,25.04177,121.58735,8
500111070,20231008,1111,18,10,1,25.04177,121.58735,8
500111070,20231008,1112,18,10,1,25.04177,121.58735,8
500111070,20231008,1113,18,10,1,25.04177,121.58735,8
500111070,20231008,1114,18,10,1,25.04177,121.58735,8
500111070,20231008,1115,18,10,1,25.04177,121.58735,8
500111070,20231008,1116,18,10,1,25.04177,121.58735,8
500111070,20231008,1117,18,10,1,25.04177,121.58735,8
500111070,20231008,1118,18,10,1,25.04177,121.58735,8
500111070,20231008,1119,18,10,1,25.04177,121.58735,8
500111070,20231008,1120,18,10,1,25.04177,121.58735,8
500111070,20231008,1121,18,10,1,25.04177,121.58735,8
500111070,20231008,1122,18,10,1,25.04177,121.58735,8
500111070,20231008,1123,18,10,1,25.04177,121.58735,8
500111070,20231008,1124,18,10,1,25.04177,121.58735,8
500111070,20231008,1125,18,10,1,25.04177,121.58735,8
500111070,20231008,1126,18,10,1,25.04177,121.58735,8
500111070,20231008,1127,18,10,1,25.04177,121.58735,8
500111070,20231008,1128,18,10,1,25.04177,121.58735,8
500111070,20231008,1129,18,10,1,25.04177,121.58735,8
500111070,20231008,1130,18,10,1,25.04177,121.58735,8
500111070,20231008,1131,18,10,1,25.04177,121.58735,8
500111070,20231008,1132,18,10,1,25.04177,121.58735,8
500111070,20231008,1133,18,10,1,25.04177,121.58735,8
500111070,20231008,1134,18,10,1,25.04177,121.58735,8
500111070,20231008,1135,18,10,1,25.04177,121.58735,8
500111070,20231008,1136,18,10,1,25.04177,121.58735,8
500111070,20231008,1137,18,10,1,25.04177,121.58735,8
500111070,20231008,1138,18,10,1,25.04177,121.58735,8
500111070,20231008,1139,18,10,1,25.04177,121.58735,8
500111070,20231008,1141,18,10,1,25.04177,121.58735,8
500111070,20231008,1142,18,10,1,25.04177,121.58735,8
500111070,20231008,1143,18,10,1,25.04177,121.58735,8
500111070,20231008,1144,18,10,1,25.04177,121.58735,8
500111070,20231008,1145,18,10,1,25.04177,121.58735,8
500111070,20231008,1146,18,10,1,25.04177,121.58735,8
500111070,20231008,1147,18,10,1,25.04177,121.58735,8
500111070,20231008,1148,18,10,1,25.04177,121.58735,8
500111070,20231008,1149,18,10,1,25.04177,121.58735,8
500111070,20231008,1150,18,10,1,25.04177,121.58735,8
500111070,20231008,1151,18,10,1,25.04177,121.58735,8
500111070,20231008,1152,18,10,1,25.04177,121.58735,8
500111070,20231008,1153,18,10,1,25.04177,121.58735,8
500111070,20231008,1154,18,10,1,25.04177,121.58735,8
500111070,20231008,1155,18,10,1,25.04177,121.58735,8
500111070,20231008,1156,18,9,1,25.04177,121.58735,9
500111070,20231008,1157,18,9,1,25.04177,121.58735,9
500111070,20231008,1158,18,9,1,25.04177,121.58735,9
500111070,20231008,1159,18,8,1,25.04177,121.58735,10
500111070,20231008,1161,18,11,1,25.04177,121.58735,7
500111070,20231008,1162,18,11,1,25.04177,121.58735,7
500111070,20231008,1163,18,11,1,25.04177,121.58735,7
500111070,20231008,1164,18,11,1,25.04177,121.58735,7
500111070,20231008,1165,18,11,1,25.04177,121.58735,7
500111070,20231008,1166,18,11,1,25.04177,121.58735,7
500111070,20231008,1167,18,11,1,25.04177,121.58735,7
500111070,20231008,1168,18,11,1,25.04177,121.58735,7
500111070,20231008,1169,18,11,1,25.04177,121.58735,7
500111070,20231008,1170,18,11,1,25.04177,121.58735,7
500111070,20231008,1171,18,11,1,25.04177,121.58735,7
500111070,20231008,1172,18,11,1,25.04177,121.58735,7
500111070,20231008,1173,18,11,1,25.04177,121.58735,7
500111070,20231008,1174,18,11,1,25.04177,121.58735,7
500111070,20231008,1175,18,11,1,25.04177,121.58735,7
500111070,20231008,1176,18,11,1,25.04177,121.58735,7
500111070,20231008,1177,18,11,1,25.04177,121.58735,7
500111070,20231008,1178,18,11,1,25.04177,121.58735,7
500111070,20231008,1179,18,11,1,25.04177,121.58735,7
500111070,20231008,1180,18,11,1,25.04177,121.58735,7
500111070,20231008,1181,18,11,1,25.04177,121.58735,7
500111070,20231008,1182,18,11,1,25.04177,121.58735,7
500111070,20231008,1183,18,11,1,25.04177,121.58735,7
500111070,20231008,1184,18,11,1,25.04177,121.58735,7
500111070,20231008,1185,18,11,1,25.04177,121.58735,7
500111070,20231008,1186,18,11,1,25.04177,121.58735,7
500111070,20231008,1187,18,11,1,25.04177,121.58735,7
500111070,20231008,1188,18,11,1,25.04177,121.58735,7
500111070,20231008,1189,18,11,1,25.04177,121.58735,7
500111070,20231008,1190,18,11,1,25.04177,121.58735,7
500111070,20231008,1191,18,11,1,25.04177,121.58735,7
500111070,20231008,1192,18,11,1,25.04177,121.58735,7
500111070,20231008,1193,18,11,1,25.04177,121.58735,7
500111070,20231008,1194,18,11,1,25.04177,121.58735,7
500111070,20231008,1195,18,11,1,25.04177,121.58735,7
500111070,20231008,1196,18,11,1,25.04177,121.58735,7
500111070,20231008,1197,18,11,1,25.04177,121.58735,7
500111070,20231008,1198,18,11,1,25.04177,121.58735,7
500111070,20231008,1199,18,11,1,25.04177,121.58735,7
500111070,20231008,1201,18,11,1,25.04177,121.58735,7
500111070,20231008,1202,18,11,1,25.04177,121.58735,7
500111070,20231008,1203,18,11,1,25.04177,121.58735,7
500111070,20231008,1204,18,11,1,25.04177,121.58735,7
500111070,20231008,1205,18,11,1,25.04177,121.58735,7
500111070,20231008,1206,18,11,1,25.04177,121.58735,7
500111070,20231008,1207,18,11,1,25.04177,121.58735,7
500111070,20231008,1208,18,11,1,25.04177,121.58735,7
500111070,20231008,1209,18,11,1,25.04177,121.58735,7
500111070,20231008,1210,18,11,1,25.04177,121.58735,7
500111070,20231008,1211,18,11,1,25.04177,121.58735,7
500111070,20231008,1212,18,11,1,25.04177,121.58735,7
500111070,20231008,1213,18,11,1,25.04177,121.58735,7
500111070,20231008,1214,18,11,1,25.04177,121.58735,7
500111070,20231008,1215,18,11,1,25.04177,121.58735,7
500111070,20231008,1216,18,11,1,25.04177,121.58735,7
500111070,20231008,1217,18,11,1,25.04177,121.58735,7
500111070,20231008,1218,18,11,1,25.04177,121.58735,7
500111070,20231008,1219,18,11,1,25.04177,121.58735,7
500111070,20231008,1221,18,11,1,25.04177,121.58735,7
500111070,20231008,1222,18,11,1,25.04177,121.58735,7
500111070,20231008,1223,18,11,1,25.04177,121.58735,7
500111070,20231008,1224,18,11,1,25.04177,121.58735,7
500111070,20231008,1225,18,11,1,25.04177,121.58735,7
500111070,20231008,1226,18,11,1,25.04177,121.58735,7
500111070,20231008,1227,18,11,1,25.04177,121.58735,7
500111070,20231008,1228,18,11,1,25.04177,121.58735,7
500111070,20231008,1229,18,11,1,25.04177,121.58735,7
500111070,20231008,1230,18,11,1,25.04177,121.58735,7
500111070,20231008,1231,18,11,1,25.04177,121.58735,7
500111070,20231008,1232,18,11,1,25.04177,121.58735,7
500111070,20231008,1233,18,11,1,25.04177,121.58735,7
500111070,20231008,1234,18,11,1,25.04177,121.58735,7
500111070,20231008,1235,18,11,1,25.04177,121.58735,7
500111070,20231008,1236,18,11,1,25.04177,121.58735,7
500111070,20231008,1237,18,11,1,25.04177,121.58735,7
500111070,20231008,1238,18,11,1,25.04177,121.58735,7
500111070,20231008,1239,18,11,1,25.04177,121.58735,7
500111070,20231008,1240,18,11,1,25.04177,121.58735,7
500111070,20231008,1241,18,11,1,25.04177,121.58735,7
500111070,20231008,1242,18,11,1,25.04177,121.58735,7
500111070,20231008,1243,18,11,1,25.04177,121.58735,7
500111070,20231008,1244,18,11,1,25.04177,121.58735,7
500111070,20231008,1245,18,11,1,25.04177,121.58735,7
500111070,20231008,1246,18,11,1,25.04177,121.58735,7
500111070,20231008,1247,18,11,1,25.04177,121.58735,7
500111070,20231008,1248,18,11,1,25.04177,121.58735,7
500111070,20231008,1249,18,11,1,25.04177,121.58735,7
500111070,20231008,1250,18,11,1,25.04177,121.58735,7
500111070,20231008,1251,18,11,1,25.04177,121.58735,7
500111070,20231008,1252,18,11,1,25.04177,121.58735,7
500111070,20231008,1253,18,11,1,25.04177,121.58735,7
500111070,20231008,1254,18,11,1,25.04177,121.58735,7
500111070,20231008,1255,18,11,1,25.04177,121.58735,7
500111070,20231008,1256,18,11,1,25.04177,121.58735,7
500111070,20231008,1257,18,11,1,25.04177,121.58735,7
500111070,20231008,1258,18,11,1,25.04177,121.58735,7
500111070,20231008,1259,18,11,1,25.04177,121.58735,7
500111070,20231008,1261,18,11,1,25.04177,121.58735,7
500111070,20231008,1262,18,11,1,25.04177,121.58735,7
500111070,20231008,1263,18,11,1,25.04177,121.58735,7
500111070,20231008,1264,18,11,1,25.04177,121.58735,7
500111070,20231008,1265,18,11,1,25.04177,121.58735,7
500111070,20231008,1266,18,11,1,25.04177,121.58735,7
500111070,20231008,1267,18,11,1,25.04177,121.58735,7
500111070,20231008,1268,18,11,1,25.04177,121.58735,7
500111070,20231008,1269,18,11,1,25.04177,121.58735,7
500111070,20231008,1270,18,11,1,25.04177,121.58735,7
500111070,20231008,1271,18,11,1,25.04177,121.58735,7
500111070,20231008,1272,18,11,1,25.04177,121.58735,7
500111070,20231008,1273,18,11,1,25.04177,121.58735,7
500111070,20231008,1274,18,11,1,25.04177,121.58735,7
500111070,20231008,1275,18,11,1,25.04177,121.58735,7
500111070,20231008,1276,18,11,1,25.04177,121.58735,7
500111070,20231008,1277,18,11,1,25.04177,121.58735,7
500111070,20231008,1278,18,11,1,25.04177,121.58735,7
500111070,20231008,1279,18,11,1,25.04177,121.58735,7
500111070,20231008,1281,18,11,1,25.04177,121.58735,7
500111070,20231008,1282,18,11,1,25.04177,121.58735,7
500111070,20231008,1283,18,11,1,25.04177,121.58735,7
500111070,20231008,1284,18,11,1,25.04177,121.58735,7
500111070,20231008,1285,18,11,1,25.04177,121.58735,7
500111070,20231008,1286,18,11,1,25.04177,121.58735,7
500111070,20231008,1287,18,11,1,25.04177,121.58735,7
500111070,20231008,1288,18,11,1,25.04177,121.58735,7
500111070,20231008,1289,18,11,1,25.04177,121.58735,7
500111070,20231008,1290,18,11,1,25.04177,121.58735,7
500111070,20231008,1291,18,11,1,25.04177,121.58735,7
500111070,20231008,1292,18,11,1,25.04177,121.58735,7
500111070,20231008,1293,18,11,1,25.04177,121.58735,7
500111070,20231008,1294,18,11,1,25.04177,121.58735,7
500111070,20231008,1295,18,11,1,25.04177,121.58735,7
500111070,20231008,1296,18,11,1,25.04177,121.58735,7
500111070,20231008,1297,18,11,1,25.04177,121.58735,7
500111070,20231008,1298,18,11,1,25.04177,121.58735,7
500111070,20231008,1299,18,11,1,25.04177,121.58735,7
500111070,20231008,1300,18,11,1,25.04177,121.58735,7
500111070,20231008,1301,18,11,1,25.04177,121.58735,7
500111070,20231008,1302,18,11,1,25.04177,121.58735,7
500111070,20231008,1303,18,11,1,25.04177,121.58735,7
500111070,20231008,1304,18,11,1,25.04177,121.58735,7
500111070,20231008,1305,18,11,1,25.04177,121.58735,7
500111070,20231008,1306,18,11,1,25.04177,121.58735,7
500111070,20231008,1307,18,11,1,25.04177,121.58735,7
500111070,20231008,1308,18,11,1,25.04177,121.58735,7
500111070,20231008,1309,18,11,1,25.04177,121.58735,7
500111070,20231008,1310,18,11,1,25.04177,121.58735,7
500111070,20231008,1311,18,11,1,25.04177,121.58735,7
500111070,20231008,1312,18,11,1,25.04177,121.58735,7
500111070,20231008,1313,18,11,1,25.04177,121.58735,7
500111070,20231008,1314,18,11,1,25.04177,121.58735,7
500111070,20231008,1315,18,11,1,25.04177,121.58735,7
500111070,20231008,1316,18,11,1,25.04177,121.58735,7
500111070,20231008,1317,18,11,1,25.04177,121.58735,7
500111070,20231008,1318,18,11,1,25.04177,121.58735,7
500111070,20231008,1319,18,11,1,25.04177,121.58735,7
500111070,20231008,1321,18,11,1,25.04177,121.58735,7
500111070,20231008,1322,18,11,1,25.04177,121.58735,7
500111070,20231008,1323,18,11,1,25.04177,121.58735,7
500111070,20231008,1324,18,11,1,25.04177,121.58735,7
500111070,20231008,1325,18,11,1,25.04177,121.58735,7
500111070,20231008,1326,18,11,1,25.04177,121.58735,7
500111070,20231008,1327,18,11,1,25.04177,121.58735,7
500111070,20231008,1328,18,11,1,25.04177,121.58735,7
500111070,20231008,1329,18,11,1,25.04177,121.58735,7
500111070,20231008,1330,18,11,1,25.04177,121.58735,7
500111070,20231008,1331,18,10,1,25.04177,121.58735,8
500111070,20231008,1332,18,10,1,25.04177,121.58735,8
500111070,20231008,1333,18,10,1,25.04177,121.58735,8
500111070,20231008,1334,18,10,1,25.04177,121.58735,8
500111070,20231008,1335,18,10,1,25.04177,121.58735,8
500111070,20231008,1336,18,10,1,25.04177,121.58735,8
500111070,20231008,1337,18,10,1,25.04177,121.58735,8
500111070,20231008,1338,18,10,1,25.04177,121.58735,8
500111070,20231008,1339,18,10,1,25.04177,121.58735,8
500111070,20231008,1341,18,10,1,25.04177,121.58735,8
500111070,20231008,1342,18,10,1,25.04177,121.58735,8
500111070,20231008,1343,18,10,1,25.04177,121.58735,8
500111070,20231008,1344,18,10,1,25.04177,121.58735,8
500111070,20231008,1345,18,10,1,25.04177,121.58735,8
500111070,20231008,1346,18,10,1,25.04177,121.58735,8
500111070,20231008,1347,18,10,1,25.04177,121.58735,8
500111070,20231008,1348,18,9,1,25.04177,121.58735,9
500111070,20231008,1349,18,9,1,25.04177,121.58735,9
500111070,20231008,1350,18,9,1,25.04177,121.58735,9
500111070,20231008,1352,18,9,1,25.04177,121.58735,9
500111070,20231008,1353,18,9,1,25.04177,121.58735,9
500111070,20231008,1354,18,9,1,25.04177,121.58735,9
500111070,20231008,1355,18,9,1,25.04177,121.58735,9
500111070,20231008,1356,18,9,1,25.04177,121.58735,9
500111070,20231008,1357,18,9,1,25.04177,121.58735,9
500111070,20231008,1358,18,9,1,25.04177,121.58735,9
500111070,20231008,1359,18,9,1,25.04177,121.58735,9
500111070,20231008,1360,18,9,1,25.04177,121.58735,9
500111070,20231008,1361,18,9,1,25.04177,121.58735,9
500111070,20231008,1362,18,9,1,25.04177,121.58735,9
500111070,20231008,1363,18,9,1,25.04177,121.58735,9
500111070,20231008,1364,18,8,1,25.04177,121.58735,10
500111070,20231008,1365,18,8,1,25.04177,121.58735,10
500111070,20231008,1366,18,8,1,25.04177,121.58735,10
500111070,20231008,1367,18,8,1,25.04177,121.58735,10
500111070,20231008,1368,18,8,1,25.04177,121.58735,10
500111070,20231008,1369,18,8,1,25.04177,121.58735,10
500111070,20231008,1370,18,8,1,25.04177,121.58735,10
500111070,20231008,1371,18,8,1,25.04177,121.58735,10
500111070,20231008,1372,18,8,1,25.04177,121.58735,10
500111070,20231008,1373,18,8,1,25.04177,121.58735,10
500111070,20231008,1374,18,8,1,25.04177,121.58735,10
500111070,20231008,1375,18,8,1,25.04177,121.58735,10
500111070,20231008,1376,18,8,1,25.04177,121.58735,10
500111070,20231008,1377,18,7,1,25.04177,121.58735,11
500111070,20231008,1378,18,7,1,25.04177,121.58735,11
500111070,20231008,1379,18,7,1,25.04177,121.58735,11
500111070,20231008,1380,18,7,1,25.04177,121.58735,11
500111070,20231008,1381,18,7,1,25.04177,121.58735,11
500111070,20231008,1382,18,7,1,25.04177,121.58735,11
500111070,20231008,1383,18,7,1,25.04177,121.58735,11
500111070,20231008,1384,18,7,1,25.04177,121.58735,11
500111070,20231008,1385,18,7,1,25.04177,121.58735,11
500111070,20231008,1386,18,7,1,25.04177,121.58735,11
500111070,20231008,1387,18,8,1,25.04177,121.58735,10
500111070,20231008,1388,18,8,1,25.04177,121.58735,10
500111070,20231008,1389,18,8,1,25.04177,121.58735,10
500111070,20231008,1390,18,8,1,25.04177,121.58735,10
500111070,20231008,1391,18,8,1,25.04177,121.58735,10
500111070,20231008,1392,18,8,1,25.04177,121.58735,10
500111070,20231008,1393,18,8,1,25.04177,121.58735,10
500111070,20231008,1394,18,8,1,25.04177,121.58735,10
500111070,20231008,1395,18,8,1,25.04177,121.58735,10
500111070,20231008,1396,18,8,1,25.04177,121.58735,10
500111070,20231008,1397,18,8,1,25.04177,121.58735,10
500111070,20231008,1398,18,8,1,25.04177,121.58735,10
500111070,20231008,1399,18,8,1,25.04177,121.58735,10
500111070,20231008,1401,18,8,1,25.04177,121.58735,10
500111070,20231008,1402,18,8,1,25.04177,121.58735,10
500111070,20231008,1403,18,8,1,25.04177,121.58735,10
500111070,20231008,1404,18,8,1,25.04177,121.58735,10
500111070,20231008,1405,18,8,1,25.04177,121.58735,10
500111070,20231008,1406,18,8,1,25.04177,121.58735,10
500111070,20231008,1407,18,8,1,25.04177,121.58735,10
500111070,20231008,1408,18,8,1,25.04177,121.58735,10
500111070,20231008,1409,18,8,1,25.04177,121.58735,10
500111070,20231008,1410,18,8,1,25.04177,121.58735,10
500111070,20231008,1411,18,8,1,25.04177,121.58735,10
500111070,20231008,1412,18,8,1,25.04177,121.58735,10
500111070,20231008,1413,18,8,1,25.04177,121.58735,10
500111070,20231008,1414,18,8,1,25.04177,121.58735,10
500111070,20231008,1415,18,8,1,25.04177,121.58735,10
500111070,20231008,1416,18,8,1,25.04177,121.58735,10
500111070,20231008,1417,18,8,1,25.04177,121.58735,10
500111070,20231008,1418,18,8,1,25.04177,121.58735,10
500111070,20231008,1419,18,8,1,25.04177,121.58735,10
500111070,20231008,1420,18,8,1,25.04177,121.58735,10
500111070,20231008,1421,18,8,1,25.04177,121.58735,10
500111070,20231008,1422,18,7,1,25.04177,121.58735,11
500111070,20231008,1423,18,7,1,25.04177,121.58735,11
500111070,20231008,1424,18,7,1,25.04177,121.58735,11
500111070,20231008,1425,18,7,1,25.04177,121.58735,11
500111070,20231008,1426,18,7,1,25.04177,121.58735,11
500111070,20231008,1427,18,7,1,25.04177,121.58735,11
500111070,20231008,1428,18,7,1,25.04177,121.58735,11
500111070,20231008,1429,18,7,1,25.04177,121.58735,11
500111070,20231008,1430,18,6,1,25.04177,121.58735,12
500111070,20231008,1431,18,6,1,25.04177,121.58735,12
500111070,20231008,1432,18,7,1,25.04177,121.58735,11
500111070,20231008,1433,18,7,1,25.04177,121.58735,11
500111070,20231008,1434,18,7,1,25.04177,121.58735,11
500111070,20231008,1435,18,7,1,25.04177,121.58735,11
500111070,20231008,1436,18,7,1,25.04177,121.58735,11
500111070,20231008,1437,18,7,1,25.04177,121.58735,11
500111070,20231008,1438,18,7,1,25.04177,121.58735,11
500111070,20231008,1439,18,7,1,25.04177,121.58735,11
500111070,20231009,0,18,7,1,25.04177,121.58735,11
500111070,20231009,1,18,7,1,25.04177,121.58735,11
500111070,20231009,2,18,7,1,25.04177,121.58735,11
500111070,20231009,3,18,7,1,25.04177,121.58735,11
500111070,20231009,4,18,7,1,25.04177,121.58735,11
500111070,20231009,5,18,7,1,25.04177,121.58735,11
500111070,20231009,6,18,7,1,25.04177,121.58735,11
500111070,20231009,7,18,7,1,25.04177,121.58735,11
500111070,20231009,8,18,8,1,25.04177,121.58735,10
500111070,20231009,9,18,8,1,25.04177,121.58735,10
500111070,20231009,10,18,8,1,25.04177,121.58735,10
500111070,20231009,11,18,8,1,25.04177,121.58735,10
500111070,20231009,12,18,8,1,25.04177,121.58735,10
500111070,20231009,13,18,8,1,25.04177,121.58735,10
500111070,20231009,14,18,8,1,25.04177,121.58735,10
500111070,20231009,15,18,8,1,25.04177,121.58735,10
500111070,20231009,16,18,8,1,25.04177,121.58735,10
500111070,20231009,17,18,8,1,25.04177,121.58735,10
500111070,20231009,18,18,8,1,25.04177,121.58735,10
500111070,20231009,19,18,8,1,25.04177,121.58735,10
500111070,20231009,21,18,8,1,25.04177,121.58735,10
500111070,20231009,22,18,8,1,25.04177,121.58735,10
500111070,20231009,23,18,8,1,25.04177,121.58735,10
500111070,20231009,24,18,8,1,25.04177,121.58735,10
500111070,20231009,25,18,8,1,25.04177,121.58735,10
500111070,20231009,26,18,8,1,25.04177,121.58735,10
500111070,20231009,27,18,8,1,25.04177,121.58735,10
500111070,20231009,28,18,8,1,25.04177,121.58735,10
500111070,20231009,29,18,8,1,25.04177,121.58735,10
500111070,20231009,30,18,8,1,25.04177,121.58735,10
500111070,20231009,31,18,8,1,25.04177,121.58735,10
500111070,20231009,32,18,8,1,25.04177,121.58735,10
500111070,20231009,33,18,8,1,25.04177,121.58735,10
500111070,20231009,34,18,7,1,25.04177,121.58735,11
500111070,20231009,35,18,7,1,25.04177,121.58735,11
500111070,20231009,36,18,7,1,25.04177,121.58735,11
500111070,20231009,37,18,7,1,25.04177,121.58735,11
500111070,20231009,38,18,7,1,25.04177,121.58735,11
500111070,20231009,39,18,7,1,25.04177,121.58735,11
500111070,20231009,40,18,7,1,25.04177,121.58735,11
500111070,20231009,41,18,7,1,25.04177,121.58735,11
500111070,20231009,42,18,7,1,25.04177,121.58735,11
500111070,20231009,43,18,7,1,25.04177,121.58735,11
500111070,20231009,44,18,7,1,25.04177,121.58735,11
500111070,20231009,45,18,7,1,25.04177,121.58735,11
500111070,20231009,46,18,7,1,25.04177,121.58735,11
500111070,20231009,47,18,6,1,25.04177,121.58735,12
500111070,20231009,48,18,6,1,25.04177,121.58735,12
500111070,20231009,49,18,6,1,25.04177,121.58735,12
500111070,20231009,50,18,6,1,25.04177,121.58735,12
500111070,20231009,51,18,6,1,25.04177,121.58735,12
500111070,20231009,52,18,6,1,25.04177,121.58735,12
500111070,20231009,53,18,6,1,25.04177,121.58735,12
500111070,20231009,54,18,6,1,25.04177,121.58735,12
500111070,20231009,55,18,6,1,25.04177,121.58735,12
500111070,20231009,56,18,6,1,25.04177,121.58735,12
500111070,20231009,57,18,6,1,25.04177,121.58735,12
500111070,20231009,58,18,6,1,25.04177,121.58735,12
500111070,20231009,59,18,6,1,25.04177,121.58735,12
500111070,20231009,61,18,6,1,25.04177,121.58735,12
500111070,20231009,62,18,6,1,25.04177,121.58735,12
500111070,20231009,63,18,6,1,25.04177,121.58735,12
500111070,20231009,64,18,6,1,25.04177,121.58735,12
500111070,20231009,65,18,6,1,25.04177,121.58735,12
500111070,20231009,66,18,6,1,25.04177,121.58735,12
500111070,20231009,67,18,6,1,25.04177,121.58735,12
500111070,20231009,68,18,6,1,25.04177,121.58735,12
500111070,20231009,69,18,6,1,25.04177,121.58735,12
500111070,20231009,70,18,6,1,25.04177,121.58735,12
500111070,20231009,71,18,6,1,25.04177,121.58735,12
500111070,20231009,72,18,6,1,25.04177,121.58735,12
500111070,20231009,73,18,6,1,25.04177,121.58735,12
500111070,20231009,74,18,6,1,25.04177,121.58735,12
500111070,20231009,75,18,6,1,25.04177,121.58735,12
500111070,20231009,76,18,6,1,25.04177,121.58735,12
500111070,20231009,77,18,6,1,25.04177,121.58735,12
500111070,20231009,78,18,6,1,25.04177,121.58735,12
500111070,20231009,79,18,6,1,25.04177,121.58735,12
500111070,20231009,81,18,6,1,25.04177,121.58735,12
500111070,20231009,82,18,6,1,25.04177,121.58735,12
500111070,20231009,83,18,7,1,25.04177,121.58735,11
500111070,20231009,84,18,7,1,25.04177,121.58735,11
500111070,20231009,85,18,7,1,25.04177,121.58735,11
500111070,20231009,86,18,7,1,25.04177,121.58735,11
500111070,20231009,87,18,7,1,25.04177,121.58735,11
500111070,20231009,88,18,7,1,25.04177,121.58735,11
500111070,20231009,89,18,7,1,25.04177,121.58735,11
500111070,20231009,90,18,7,1,25.04177,121.58735,11
500111070,20231009,91,18,7,1,25.04177,121.58735,11
500111070,20231009,92,18,7,1,25.04177,121.58735,11
500111070,20231009,93,18,7,1,25.04177,121.58735,11
500111070,20231009,94,18,7,1,25.04177,121.58735,11
500111070,20231009,95,18,7,1,25.04177,121.58735,11
500111070,20231009,96,18,7,1,25.04177,121.58735,11
500111070,20231009,97,18,7,1,25.04177,121.58735,11
500111070,20231009,98,18,7,1,25.04177,121.58735,11
500111070,20231009,99,18,7,1,25.04177,121.58735,11
500111070,20231009,100,18,7,1,25.04177,121.58735,11
500111070,20231009,101,18,7,1,25.04177,121.58735,11
500111070,20231009,102,18,7,1,25.04177,121.58735,11
500111070,20231009,103,18,7,1,25.04177,121.58735,11
500111070,20231009,104,18,7,1,25.04177,121.58735,11
500111070,20231009,105,18,7,1,25.04177,121.58735,11
500111070,20231009,106,18,7,1,25.04177,121.58735,11
500111070,20231009,107,18,7,1,25.04177,121.58735,11
500111070,20231009,108,18,7,1,25.04177,121.58735,11
500111070,20231009,109,18,7,1,25.04177,121.58735,11
500111070,20231009,110,18,7,1,25.04177,121.58735,11
500111070,20231009,111,18,7,1,25.04177,121.58735,11
500111070,20231009,112,18,7,1,25.04177,121.58735,11
500111070,20231009,113,18,7,1,25.04177,121.58735,11
500111070,20231009,114,18,7,1,25.04177,121.58735,11
500111070,20231009,115,18,7,1,25.04177,121.58735,11
500111070,20231009,116,18,7,1,25.04177,121.58735,11
500111070,20231009,117,18,7,1,25.04177,121.58735,11
500111070,20231009,118,18,7,1,25.04177,121.58735,11
500111070,20231009,119,18,7,1,25.04177,121.58735,11
500111070,20231009,121,18,7,1,25.04177,121.58735,11
500111070,20231009,122,18,7,1,25.04177,121.58735,11
500111070,20231009,123,18,7,1,25.04177,121.58735,11
500111070,20231009,124,18,7,1,25.04177,121.58735,11
500111070,20231009,125,18,7,1,25.04177,121.58735,11
500111070,20231009,126,18,7,1,25.04177,121.58735,11
500111070,20231009,127,18,7,1,25.04177,121.58735,11
500111070,20231009,128,18,7,1,25.04177,121.58735,11
500111070,20231009,129,18,7,1,25.04177,121.58735,11
500111070,20231009,130,18,7,1,25.04177,121.58735,11
500111070,20231009,131,18,7,1,25.04177,121.58735,11
500111070,20231009,132,18,7,1,25.04177,121.58735,11
500111070,20231009,133,18,7,1,25.04177,121.58735,11
500111070,20231009,134,18,7,1,25.04177,121.58735,11
500111070,20231009,135,18,7,1,25.04177,121.58735,11
500111070,20231009,136,18,7,1,25.04177,121.58735,11
500111070,20231009,137,18,7,1,25.04177,121.58735,11
500111070,20231009,138,18,7,1,25.04177,121.58735,11
500111070,20231009,139,18,7,1,25.04177,121.58735,11
500111070,20231009,141,18,7,1,25.04177,121.58735,11
500111070,20231009,142,18,7,1,25.04177,121.58735,11
500111070,20231009,143,18,7,1,25.04177,121.58735,11
500111070,20231009,144,18,6,1,25.04177,121.58735,12
500111070,20231009,145,18,6,1,25.04177,121.58735,12
500111070,20231009,146,18,6,1,25.04177,121.58735,12
500111070,20231009,147,18,6,1,25.04177,121.58735,12
500111070,20231009,148,18,6,1,25.04177,121.58735,12
500111070,20231009,149,18,6,1,25.04177,121.58735,12
500111070,20231009,150,18,6,1,25.04177,121.58735,12
500111070,20231009,151,18,6,1,25.04177,121.58735,12
500111070,20231009,152,18,6,1,25.04177,121.58735,12
500111070,20231009,153,18,6,1,25.04177,121.58735,12
500111070,20231009,154,18,6,1,25.04177,121.58735,12
500111070,20231009,155,18,6,1,25.04177,121.58735,12
500111070,20231009,156,18,6,1,25.04177,121.58735,12
500111070,20231009,157,18,6,1,25.04177,121.58735,12
500111070,20231009,158,18,6,1,25.04177,121.58735,12
500111070,20231009,159,18,6,1,25.04177,121.58735,12
500111070,20231009,160,18,6,1,25.04177,121.58735,12
500111070,20231009,161,18,6,1,25.04177,121.58735,12
500111070,20231009,162,18,6,1,25.04177,121.58735,12
500111070,20231009,163,18,6,1,25.04177,121.58735,12
500111070,20231009,164,18,6,1,25.04177,121.58735,12
500111070,20231009,165,18,6,1,25.04177,121.58735,12
500111070,20231009,166,18,6,1,25.04177,121.58735,12
500111070,20231009,167,18,6,1,25.04177,121.58735,12
500111070,20231009,168,18,6,1,25.04177,121.58735,12
500111070,20231009,169,18,6,1,25.04177,121.58735,12
500111070,20231009,170,18,5,1,25.04177,121.58735,13
500111070,20231009,171,18,5,1,25.04177,121.58735,13
500111070,20231009,172,18,4,1,25.04177,121.58735,14
500111070,20231009,173,18,4,1,25.04177,121.58735,14
500111070,20231009,174,18,4,1,25.04177,121.58735,14
500111070,20231009,175,18,4,1,25.04177,121.58735,14
500111070,20231009,176,18,4,1,25.04177,121.58735,14
500111070,20231009,177,18,4,1,25.04177,121.58735,14
500111070,20231009,178,18,4,1,25.04177,121.58735,14
500111070,20231009,179,18,4,1,25.04177,121.58735,14
500111070,20231009,180,18,4,1,25.04177,121.58735,14
500111070,20231009,181,18,4,1,25.04177,121.58735,14
500111070,20231009,182,18,4,1,25.04177,121.58735,14
500111070,20231009,183,18,4,1,25.04177,121.58735,14
500111070,20231009,184,18,4,1,25.04177,121.58735,14
500111070,20231009,185,18,4,1,25.04177,121.58735,14
500111070,20231009,186,18,4,1,25.04177,121.58735,14
500111070,20231009,187,18,4,1,25.04177,121.58735,14
500111070,20231009,188,18,4,1,25.04177,121.58735,14
500111070,20231009,189,18,4,1,25.04177,121.58735,14
500111070,20231009,190,18,4,1,25.04177,121.58735,14
500111070,20231009,191,18,4,1,25.04177,121.58735,14
500111070,20231009,192,18,4,1,25.04177,121.58735,14
500111070,20231009,193,18,4,1,25.04177,121.58735,14
500111070,20231009,194,18,4,1,25.04177,121.58735,14
500111070,20231009,195,18,4,1,25.04177,121.58735,14
500111070,20231009,196,18,4,1,25.04177,121.58735,14
500111070,20231009,197,18,4,1,25.04177,121.58735,14
500111070,20231009,198,18,4,1,25.04177,121.58735,14
500111070,20231009,199,18,4,1,25.04177,121.58735,14
500111070,20231009,201,18,4,1,25.04177,121.58735,14
500111070,20231009,202,18,4,1,25.04177,121.58735,14
500111070,20231009,203,18,4,1,25.04177,121.58735,14
500111070,20231009,204,18,4,1,25.04177,121.58735,14
500111070,20231009,205,18,4,1,25.04177,121.58735,14
500111070,20231009,206,18,4,1,25.04177,121.58735,14
500111070,20231009,207,18,4,1,25.04177,121.58735,14
500111070,20231009,208,18,4,1,25.04177,121.58735,14
500111070,20231009,209,18,4,1,25.04177,121.58735,14
500111070,20231009,210,18,4,1,25.04177,121.58735,14
500111070,20231009,211,18,4,1,25.04177,121.58735,14
500111070,20231009,212,18,4,1,25.04177,121.58735,14
500111070,20231009,213,18,4,1,25.04177,121.58735,14
500111070,20231009,214,18,4,1,25.04177,121.58735,14
500111070,20231009,215,18,4,1,25.04177,121.58735,14
500111070,20231009,216,18,4,1,25.04177,121.58735,14
500111070,20231009,217,18,4,1,25.04177,121.58735,14
500111070,20231009,218,18,4,1,25.04177,121.58735,14
500111070,20231009,219,18,4,1,25.04177,121.58735,14
500111070,20231009,221,18,4,1,25.04177,121.58735,14
500111070,20231009,222,18,4,1,25.04177,121.58735,14
500111070,20231009,223,18,4,1,25.04177,121.58735,14
500111070,20231009,224,18,4,1,25.04177,121.58735,14
500111070,20231009,225,18,4,1,25.04177,121.58735,14
500111070,20231009,226,18,4,1,25.04177,121.58735,14
500111070,20231009,227,18,4,1,25.04177,121.58735,14
500111070,20231009,228,18,4,1,25.04177,121.58735,14
500111070,20231009,229,18,4,1,25.04177,121.58735,14
500111070,20231009,230,18,4,1,25.04177,121.58735,14
500111070,20231009,231,18,4,1,25.04177,121.58735,14
500111070,20231009,232,18,4,1,25.04177,121.58735,14
500111070,20231009,233,18,4,1,25.04177,121.58735,14
500111070,20231009,234,18,4,1,25.04177,121.58735,14
500111070,20231009,235,18,4,1,25.04177,121.58735,14
500111070,20231009,236,18,4,1,25.04177,121.58735,14
500111070,20231009,237,18,4,1,25.04177,121.58735,14
500111070,20231009,238,18,4,1,25.04177,121.58735,14
500111070,20231009,239,18,4,1,25.04177,121.58735,14
500111070,20231009,241,18,4,1,25.04177,121.58735,14
500111070,20231009,242,18,4,1,25.04177,121.58735,14
500111070,20231009,243,18,4,1,25.04177,121.58735,14
500111070,20231009,244,18,4,1,25.04177,121.58735,14
500111070,20231009,245,18,4,1,25.04177,121.58735,14
500111070,20231009,246,18,4,1,25.04177,121.58735,14
500111070,20231009,247,18,4,1,25.04177,121.58735,14
500111070,20231009,248,18,4,1,25.04177,121.58735,14
500111070,20231009,249,18,4,1,25.04177,121.58735,14
500111070,20231009,250,18,4,1,25.04177,121.58735,14
500111070,20231009,251,18,4,1,25.04177,121.58735,14
500111070,20231009,252,18,4,1,25.04177,121.58735,14
500111070,20231009,253,18,4,1,25.04177,121.58735,14
500111070,20231009,254,18,4,1,25.04177,121.58735,14
500111070,20231009,255,18,4,1,25.04177,121.58735,14
500111070,20231009,256,18,4,1,25.04177,121.58735,14
500111070,20231009,257,18,4,1,25.04177,121.58735,14
500111070,20231009,258,18,4,1,25.04177,121.58735,14
500111070,20231009,259,18,4,1,25.04177,121.58735,14
500111070,20231009,261,18,4,1,25.04177,121.58735,14
500111070,20231009,262,18,4,1,25.04177,121.58735,14
500111070,20231009,263,18,4,1,25.04177,121.58735,14
500111070,20231009,264,18,4,1,25.04177,121.58735,14
500111070,20231009,265,18,4,1,25.04177,121.58735,14
500111070,20231009,266,18,4,1,25.04177,121.58735,14
500111070,20231009,267,18,4,1,25.04177,121.58735,14
500111070,20231009,268,18,4,1,25.04177,121.58735,14
500111070,20231009,269,18,4,1,25.04177,121.58735,14
500111070,20231009,270,18,4,1,25.04177,121.58735,14
500111070,20231009,271,18,4,1,25.04177,121.58735,14
500111070,20231009,272,18,4,1,25.04177,121.58735,14
500111070,20231009,273,18,4,1,25.04177,121.58735,14
500111070,20231009,274,18,4,1,25.04177,121.58735,14
500111070,20231009,275,18,4,1,25.04177,121.58735,14
500111070,20231009,276,18,4,1,25.04177,121.58735,14
500111070,20231009,277,18,4,1,25.04177,121.58735,14
500111070,20231009,278,18,4,1,25.04177,121.58735,14
500111070,20231009,279,18,4,1,25.04177,121.58735,14
500111070,20231009,280,18,4,1,25.04177,121.58735,14
500111070,20231009,281,18,4,1,25.04177,121.58735,14
500111070,20231009,282,18,4,1,25.04177,121.58735,14
500111070,20231009,283,18,4,1,25.04177,121.58735,14
500111070,20231009,284,18,4,1,25.04177,121.58735,14
500111070,20231009,285,18,4,1,25.04177,121.58735,14
500111070,20231009,286,18,4,1,25.04177,121.58735,14
500111070,20231009,287,18,4,1,25.04177,121.58735,14
500111070,20231009,288,18,4,1,25.04177,121.58735,14
500111070,20231009,289,18,4,1,25.04177,121.58735,14
500111070,20231009,290,18,4,1,25.04177,121.58735,14
500111070,20231009,291,18,4,1,25.04177,121.58735,14
500111070,20231009,292,18,4,1,25.04177,121.58735,14
500111070,20231009,293,18,4,1,25.04177,121.58735,14
500111070,20231009,294,18,4,1,25.04177,121.58735,14
500111070,20231009,295,18,4,1,25.04177,121.58735,14
500111070,20231009,296,18,4,1,25.04177,121.58735,14
500111070,20231009,297,18,4,1,25.04177,121.58735,14
500111070,20231009,298,18,4,1,25.04177,121.58735,14
500111070,20231009,299,18,4,1,25.04177,121.58735,14
500111070,20231009,300,18,4,1,25.04177,121.58735,14
500111070,20231009,301,18,4,1,25.04177,121.58735,14
500111070,20231009,302,18,4,1,25.04177,121.58735,14
500111070,20231009,303,18,4,1,25.04177,121.58735,14
500111070,20231009,304,18,4,1,25.04177,121.58735,14
500111070,20231009,305,18,4,1,25.04177,121.58735,14
500111070,20231009,306,18,4,1,25.04177,121.58735,14
500111070,20231009,307,18,4,1,25.04177,121.58735,14
500111070,20231009,308,18,4,1,25.04177,121.58735,14
500111070,20231009,309,18,4,1,25.04177,121.58735,14
500111070,20231009,310,18,4,1,25.04177,121.58735,14
500111070,20231009,311,18,4,1,25.04177,121.58735,14
500111070,20231009,312,18,4,1,25.04177,121.58735,14
500111070,20231009,313,18,4,1,25.04177,121.58735,14
500111070,20231009,314,18,4,1,25.04177,121.58735,14
500111070,20231009,315,18,4,1,25.04177,121.58735,14
500111070,20231009,316,18,4,1,25.04177,121.58735,14
500111070,20231009,317,18,4,1,25.04177,121.58735,14
500111070,20231009,318,18,4,1,25.04177,121.58735,14
500111070,20231009,319,18,4,1,25.04177,121.58735,14
500111070,20231009,321,18,4,1,25.04177,121.58735,14
500111070,20231009,322,18,4,1,25.04177,121.58735,14
500111070,20231009,323,18,4,1,25.04177,121.58735,14
500111070,20231009,324,18,4,1,25.04177,121.58735,14
500111070,20231009,325,18,4,1,25.04177,121.58735,14
500111070,20231009,326,18,4,1,25.04177,121.58735,14
500111070,20231009,327,18,4,1,25.04177,121.58735,14
500111070,20231009,328,18,4,1,25.04177,121.58735,14
500111070,20231009,329,18,4,1,25.04177,121.58735,14
500111070,20231009,330,18,4,1,25.04177,121.58735,14
500111070,20231009,331,18,4,1,25.04177,121.58735,14
500111070,20231009,332,18,4,1,25.04177,121.58735,14
500111070,20231009,333,18,4,1,25.04177,121.58735,14
500111070,20231009,334,18,4,1,25.04177,121.58735,14
500111070,20231009,335,18,4,1,25.04177,121.58735,14
500111070,20231009,336,18,4,1,25.04177,121.58735,14
500111070,20231009,337,18,4,1,25.04177,121.58735,14
500111070,20231009,338,18,4,1,25.04177,121.58735,14
500111070,20231009,339,18,4,1,25.04177,121.58735,14
500111070,20231009,340,18,4,1,25.04177,121.58735,14
500111070,20231009,341,18,4,1,25.04177,121.58735,14
500111070,20231009,342,18,4,1,25.04177,121.58735,14
500111070,20231009,343,18,4,1,25.04177,121.58735,14
500111070,20231009,344,18,3,1,25.04177,121.58735,15
500111070,20231009,345,18,4,1,25.04177,121.58735,14
500111070,20231009,346,18,4,1,25.04177,121.58735,14
500111070,20231009,347,18,4,1,25.04177,121.58735,14
500111070,20231009,348,18,4,1,25.04177,121.58735,14
500111070,20231009,349,18,4,1,25.04177,121.58735,14
500111070,20231009,350,18,4,1,25.04177,121.58735,14
500111070,20231009,351,18,4,1,25.04177,121.58735,14
500111070,20231009,352,18,4,1,25.04177,121.58735,14
500111070,20231009,353,18,4,1,25.04177,121.58735,14
500111070,20231009,354,18,4,1,25.04177,121.58735,14
500111070,20231009,355,18,4,1,25.04177,121.58735,14
500111070,20231009,356,18,4,1,25.04177,121.58735,14
500111070,20231009,357,18,4,1,25.04177,121.58735,14
500111070,20231009,358,18,5,1,25.04177,121.58735,13
500111070,20231009,359,18,5,1,25.04177,121.58735,13
500111070,20231009,360,18,5,1,25.04177,121.58735,13
500111070,20231009,361,18,5,1,25.04177,121.58735,13
500111070,20231009,362,18,5,1,25.04177,121.58735,13
500111070,20231009,363,18,5,1,25.04177,121.58735,13
500111070,20231009,364,18,5,1,25.04177,121.58735,13
500111070,20231009,365,18,5,1,25.04177,121.58735,13
500111070,20231009,366,18,5,1,25.04177,121.58735,13
500111070,20231009,367,18,7,1,25.04177,121.58735,11
500111070,20231009,368,18,7,1,25.04177,121.58735,11
500111070,20231009,369,18,7,1,25.04177,121.58735,11
500111070,20231009,370,18,7,1,25.04177,121.58735,11
500111070,20231009,371,18,7,1,25.04177,121.58735,11
500111070,20231009,372,18,7,1,25.04177,121.58735,11
500111070,20231009,373,18,7,1,25.04177,121.58735,11
500111070,20231009,374,18,7,1,25.04177,121.58735,11
500111070,20231009,375,18,7,1,25.04177,121.58735,11
500111070,20231009,376,18,7,1,25.04177,121.58735,11
500111070,20231009,377,18,7,1,25.04177,121.58735,11
500111070,20231009,378,18,7,1,25.04177,121.58735,11
500111070,20231009,379,18,7,1,25.04177,121.58735,11
500111070,20231009,381,18,7,1,25.04177,121.58735,11
500111070,20231009,382,18,7,1,25.04177,121.58735,11
500111070,20231009,383,18,7,1,25.04177,121.58735,11
500111070,20231009,384,18,7,1,25.04177,121.58735,11
500111070,20231009,385,18,7,1,25.04177,121.58735,11
500111070,20231009,386,18,7,1,25.04177,121.58735,11
500111070,20231009,387,18,7,1,25.04177,121.58735,11
500111070,20231009,388,18,7,1,25.04177,121.58735,11
500111070,20231009,389,18,7,1,25.04177,121.58735,11
500111070,20231009,390,18,7,1,25.04177,121.58735,11
500111070,20231009,391,18,7,1,25.04177,121.58735,11
500111070,20231009,392,18,7,1,25.04177,121.58735,11
500111070,20231009,393,18,7,1,25.04177,121.58735,11
500111070,20231009,394,18,7,1,25.04177,121.58735,11
500111070,20231009,395,18,7,1,25.04177,121.58735,11
500111070,20231009,396,18,7,1,25.04177,121.58735,11
500111070,20231009,397,18,7,1,25.04177,121.58735,11
500111070,20231009,398,18,7,1,25.04177,121.58735,11
500111070,20231009,399,18,7,1,25.04177,121.58735,11
500111070,20231009,400,18,7,1,25.04177,121.58735,11
500111070,20231009,401,18,7,1,25.04177,121.58735,11
500111070,20231009,402,18,7,1,25.04177,121.58735,11
500111070,20231009,403,18,7,1,25.04177,121.58735,11
500111070,20231009,404,18,7,1,25.04177,121.58735,11
500111070,20231009,405,18,7,1,25.04177,121.58735,11
500111070,20231009,406,18,7,1,25.04177,121.58735,11
500111070,20231009,407,18,7,1,25.04177,121.58735,11
500111070,20231009,408,18,7,1,25.04177,121.58735,11
500111070,20231009,409,18,7,1,25.04177,121.58735,11
500111070,20231009,410,18,7,1,25.04177,121.58735,11
500111070,20231009,411,18,7,1,25.04177,121.58735,11
500111070,20231009,412,18,7,1,25.04177,121.58735,11
500111070,20231009,413,18,7,1,25.04177,121.58735,11
500111070,20231009,414,18,7,1,25.04177,121.58735,11
500111070,20231009,415,18,7,1,25.04177,121.58735,11
500111070,20231009,416,18,7,1,25.04177,121.58735,11
500111070,20231009,417,18,7,1,25.04177,121.58735,11
500111070,20231009,418,18,7,1,25.04177,121.58735,11
500111070,20231009,419,18,7,1,25.04177,121.58735,11
500111070,20231009,420,18,7,1,25.04177,121.58735,11
500111070,20231009,421,18,7,1,25.04177,121.58735,11
500111070,20231009,422,18,7,1,25.04177,121.58735,11
500111070,20231009,423,18,7,1,25.04177,121.58735,11
500111070,20231009,424,18,7,1,25.04177,121.58735,11
500111070,20231009,425,18,7,1,25.04177,121.58735,11
500111070,20231009,426,18,7,1,25.04177,121.58735,11
500111070,20231009,427,18,7,1,25.04177,121.58735,11
500111070,20231009,428,18,8,1,25.04177,121.58735,10
500111070,20231009,429,18,8,1,25.04177,121.58735,10
500111070,20231009,430,18,8,1,25.04177,121.58735,10
500111070,20231009,431,18,8,1,25.04177,121.58735,10
500111070,20231009,432,18,8,1,25.04177,121.58735,10
500111070,20231009,433,18,8,1,25.04177,121.58735,10
500111070,20231009,434,18,8,1,25.04177,121.58735,10
500111070,20231009,435,18,8,1,25.04177,121.58735,10
500111070,20231009,436,18,8,1,25.04177,121.58735,10
500111070,20231009,437,18,8,1,25.04177,121.58735,10
500111070,20231009,438,18,8,1,25.04177,121.58735,10
500111070,20231009,439,18,8,1,25.04177,121.58735,10
500111070,20231009,441,18,8,1,25.04177,121.58735,10
500111070,20231009,442,18,8,1,25.04177,121.58735,10
500111070,20231009,443,18,8,1,25.04177,121.58735,10
500111070,20231009,444,18,8,1,25.04177,121.58735,10
500111070,20231009,445,18,8,1,25.04177,121.58735,10
500111070,20231009,446,18,8,1,25.04177,121.58735,10
500111070,20231009,447,18,8,1,25.04177,121.58735,10
500111070,20231009,448,18,8,1,25.04177,121.58735,10
500111070,20231009,449,18,8,1,25.04177,121.58735,10
500111070,20231009,450,18,7,1,25.04177,121.58735,11
500111070,20231009,451,18,7,1,25.04177,121.58735,11
500111070,20231009,452,18,7,1,25.04177,121.58735,11
500111070,20231009,453,18,7,1,25.04177,121.58735,11
500111070,20231009,454,18,7,1,25.04177,121.58735,11
500111070,20231009,455,18,7,1,25.04177,121.58735,11
500111070,20231009,456,18,7,1,25.04177,121.58735,11
500111070,20231009,457,18,7,1,25.04177,121.58735,11
500111070,20231009,458,18,7,1,25.04177,121.58735,11
500111070,20231009,459,18,7,1,25.04177,121.58735,11
500111070,20231009,460,18,7,1,25.04177,121.58735,11
500111070,20231009,461,18,7,1,25.04177,121.58735,11
500111070,20231009,462,18,7,1,25.04177,121.58735,11
500111070,20231009,463,18,7,1,25.04177,121.58735,11
500111070,20231009,464,18,7,1,25.04177,121.58735,11
500111070,20231009,465,18,7,1,25.04177,121.58735,11
500111070,20231009,466,18,7,1,25.04177,121.58735,11
500111070,20231009,467,18,7,1,25.04177,121.58735,11
500111070,20231009,468,18,7,1,25.04177,121.58735,11
500111070,20231009,469,18,7,1,25.04177,121.58735,11
500111070,20231009,470,18,7,1,25.04177,121.58735,11
500111070,20231009,471,18,7,1,25.04177,121.58735,11
500111070,20231009,472,18,7,1,25.04177,121.58735,11
500111070,20231009,473,18,7,1,25.04177,121.58735,11
500111070,20231009,474,18,7,1,25.04177,121.58735,11
500111070,20231009,475,18,7,1,25.04177,121.58735,11
500111070,20231009,476,18,7,1,25.04177,121.58735,11
500111070,20231009,477,18,7,1,25.04177,121.58735,11
500111070,20231009,478,18,7,1,25.04177,121.58735,11
500111070,20231009,479,18,7,1,25.04177,121.58735,11
500111070,20231009,481,18,7,1,25.04177,121.58735,11
500111070,20231009,482,18,7,1,25.04177,121.58735,11
500111070,20231009,483,18,7,1,25.04177,121.58735,11
500111070,20231009,484,18,7,1,25.04177,121.58735,11
500111070,20231009,485,18,7,1,25.04177,121.58735,11
500111070,20231009,486,18,7,1,25.04177,121.58735,11
500111070,20231009,487,18,5,1,25.04177,121.58735,13
500111070,20231009,488,18,5,1,25.04177,121.58735,13
500111070,20231009,489,18,5,1,25.04177,121.58735,13
500111070,20231009,490,18,5,1,25.04177,121.58735,13
500111070,20231009,491,18,5,1,25.04177,121.58735,13
500111070,20231009,492,18,5,1,25.04177,121.58735,13
500111070,20231009,493,18,5,1,25.04177,121.58735,13
500111070,20231009,494,18,5,1,25.04177,121.58735,13
500111070,20231009,495,18,5,1,25.04177,121.58735,13
500111070,20231009,496,18,5,1,25.04177,121.58735,13
500111070,20231009,497,18,5,1,25.04177,121.58735,13
500111070,20231009,498,18,5,1,25.04177,121.58735,13
500111070,20231009,499,18,5,1,25.04177,121.58735,13
500111070,20231009,501,18,5,1,25.04177,121.58735,13
500111070,20231009,502,18,5,1,25.04177,121.58735,13
500111070,20231009,503,18,5,1,25.04177,121.58735,13
500111070,20231009,504,18,5,1,25.04177,121.58735,13
500111070,20231009,505,18,5,1,25.04177,121.58735,13
500111070,20231009,506,18,5,1,25.04177,121.58735,13
500111070,20231009,507,18,5,1,25.04177,121.58735,13
500111070,20231009,508,18,4,1,25.04177,121.58735,14
500111070,20231009,509,18,4,1,25.04177,121.58735,14
500111070,20231009,510,18,4,1,25.04177,121.58735,14
500111070,20231009,511,18,4,1,25.04177,121.58735,14
500111070,20231009,512,18,4,1,25.04177,121.58735,14
500111070,20231009,513,18,4,1,25.04177,121.58735,14
500111070,20231009,514,18,4,1,25.04177,121.58735,14
500111070,20231009,515,18,4,1,25.04177,121.58735,14
500111070,20231009,516,18,4,1,25.04177,121.58735,14
500111070,20231009,517,18,5,1,25.04177,121.58735,13
500111070,20231009,518,18,5,1,25.04177,121.58735,13
500111070,20231009,519,18,5,1,25.04177,121.58735,13
500111070,20231009,520,18,5,1,25.04177,121.58735,13
500111070,20231009,521,18,5,1,25.04177,121.58735,13
500111070,20231009,522,18,6,1,25.04177,121.58735,12
500111070,20231009,523,18,7,1,25.04177,121.58735,11
500111070,20231009,524,18,7,1,25.04177,121.58735,11
500111070,20231009,525,18,7,1,25.04177,121.58735,11
500111070,20231009,526,18,7,1,25.04177,121.58735,11
500111070,20231009,527,18,7,1,25.04177,121.58735,11
500111070,20231009,528,18,7,1,25.04177,121.58735,11
500111070,20231009,529,18,7,1,25.04177,121.58735,11
500111070,20231009,530,18,7,1,25.04177,121.58735,11
500111070,20231009,532,18,7,1,25.04177,121.58735,11
500111070,20231009,533,18,7,1,25.04177,121.58735,11
500111070,20231009,534,18,7,1,25.04177,121.58735,11
500111070,20231009,535,18,7,1,25.04177,121.58735,11
500111070,20231009,536,18,7,1,25.04177,121.58735,11
500111070,20231009,537,18,7,1,25.04177,121.58735,11
500111070,20231009,538,18,7,1,25.04177,121.58735,11
500111070,20231009,539,18,7,1,25.04177,121.58735,11
500111070,20231009,541,18,7,1,25.04177,121.58735,11
500111070,20231009,542,18,7,1,25.04177,121.58735,11
500111070,20231009,543,18,7,1,25.04177,121.58735,11
500111070,20231009,544,18,7,1,25.04177,121.58735,11
500111070,20231009,545,18,7,1,25.04177,121.58735,11
500111070,20231009,546,18,7,1,25.04177,121.58735,11
500111070,20231009,547,18,6,1,25.04177,121.58735,12
500111070,20231009,548,18,6,1,25.04177,121.58735,12
500111070,20231009,549,18,6,1,25.04177,121.58735,12
500111070,20231009,550,18,6,1,25.04177,121.58735,12
500111070,20231009,551,18,6,1,25.04177,121.58735,12
500111070,20231009,552,18,6,1,25.04177,121.58735,12
500111070,20231009,553,18,6,1,25.04177,121.58735,12
500111070,20231009,554,18,6,1,25.04177,121.58735,12
500111070,20231009,555,18,6,1,25.04177,121.58735,12
500111070,20231009,556,18,6,1,25.04177,121.58735,12
500111070,20231009,557,18,6,1,25.04177,121.58735,12
500111070,20231009,558,18,6,1,25.04177,121.58735,12
500111070,20231009,559,18,6,1,25.04177,121.58735,12
500111070,20231009,561,18,6,1,25.04177,121.58735,12
500111070,20231009,562,18,6,1,25.04177,121.58735,12
500111070,20231009,563,18,6,1,25.04177,121.58735,12
500111070,20231009,564,18,6,1,25.04177,121.58735,12
500111070,20231009,565,18,6,1,25.04177,121.58735,12
500111070,20231009,566,18,6,1,25.04177,121.58735,12
500111070,20231009,567,18,6,1,25.04177,121.58735,12
500111070,20231009,568,18,6,1,25.04177,121.58735,12
500111070,20231009,569,18,6,1,25.04177,121.58735,12
500111070,20231009,570,18,6,1,25.04177,121.58735,12
500111070,20231009,571,18,6,1,25.04177,121.58735,12
500111070,20231009,572,18,6,1,25.04177,121.58735,12
500111070,20231009,573,18,6,1,25.04177,121.58735,12
500111070,20231009,574,18,6,1,25.04177,121.58735,12
500111070,20231009,575,18,6,1,25.04177,121.58735,12
500111070,20231009,576,18,7,1,25.04177,121.58735,11
500111070,20231009,577,18,7,1,25.04177,121.58735,11
500111070,20231009,578,18,7,1,25.04177,121.58735,11
500111070,20231009,579,18,7,1,25.04177,121.58735,11
500111070,20231009,580,18,7,1,25.04177,121.58735,11
500111070,20231009,581,18,7,1,25.04177,121.58735,11
500111070,20231009,582,18,7,1,25.04177,121.58735,11
500111070,20231009,583,18,7,1,25.04177,121.58735,11
500111070,20231009,584,18,7,1,25.04177,121.58735,11
500111070,20231009,585,18,7,1,25.04177,121.58735,11
500111070,20231009,586,18,7,1,25.04177,121.58735,11
500111070,20231009,587,18,7,1,25.04177,121.58735,11
500111070,20231009,588,18,7,1,25.04177,121.58735,11
500111070,20231009,589,18,7,1,25.04177,121.58735,11
500111070,20231009,590,18,7,1,25.04177,121.58735,11
500111070,20231009,591,18,7,1,25.04177,121.58735,11
500111070,20231009,592,18,7,1,25.04177,121.58735,11
500111070,20231009,593,18,7,1,25.04177,121.58735,11
500111070,20231009,594,18,7,1,25.04177,121.58735,11
500111070,20231009,595,18,7,1,25.04177,121.58735,11
500111070,20231009,596,18,7,1,25.04177,121.58735,11
500111070,20231009,597,18,7,1,25.04177,121.58735,11
500111070,20231009,598,18,7,1,25.04177,121.58735,11
500111070,20231009,599,18,7,1,25.04177,121.58735,11
500111070,20231009,601,18,7,1,25.04177,121.58735,11
500111070,20231009,602,18,7,1,25.04177,121.58735,11
500111070,20231009,603,18,7,1,25.04177,121.58735,11
500111070,20231009,604,18,7,1,25.04177,121.58735,11
500111070,20231009,605,18,7,1,25.04177,121.58735,11
500111070,20231009,606,18,7,1,25.04177,121.58735,11
500111070,20231009,607,18,7,1,25.04177,121.58735,11
500111070,20231009,608,18,7,1,25.04177,121.58735,11
500111070,20231009,609,18,7,1,25.04177,121.58735,11
500111070,20231009,610,18,7,1,25.04177,121.58735,11
500111070,20231009,611,18,7,1,25.04177,121.58735,11
500111070,20231009,612,18,7,1,25.04177,121.58735,11
500111070,20231009,613,18,7,1,25.04177,121.58735,11
500111070,20231009,614,18,7,1,25.04177,121.58735,11
500111070,20231009,615,18,7,1,25.04177,121.58735,11
500111070,20231009,616,18,7,1,25.04177,121.58735,11
500111070,20231009,617,18,7,1,25.04177,121.58735,11
500111070,20231009,618,18,7,1,25.04177,121.58735,11
500111070,20231009,619,18,7,1,25.04177,121.58735,11
500111070,20231009,621,18,7,1,25.04177,121.58735,11
500111070,20231009,622,18,7,1,25.04177,121.58735,11
500111070,20231009,623,18,7,1,25.04177,121.58735,11
500111070,20231009,624,18,7,1,25.04177,121.58735,11
500111070,20231009,625,18,7,1,25.04177,121.58735,11
500111070,20231009,626,18,7,1,25.04177,121.58735,11
500111070,20231009,627,18,7,1,25.04177,121.58735,11
500111070,20231009,628,18,7,1,25.04177,121.58735,11
500111070,20231009,629,18,7,1,25.04177,121.58735,11
500111070,20231009,630,18,7,1,25.04177,121.58735,11
500111070,20231009,631,18,7,1,25.04177,121.58735,11
500111070,20231009,632,18,7,1,25.04177,121.58735,11
500111070,20231009,633,18,7,1,25.04177,121.58735,11
500111070,20231009,634,18,7,1,25.04177,121.58735,11
500111070,20231009,635,18,7,1,25.04177,121.58735,11
500111070,20231009,636,18,7,1,25.04177,121.58735,11
500111070,20231009,637,18,7,1,25.04177,121.58735,11
500111070,20231009,638,18,7,1,25.04177,121.58735,11
500111070,20231009,639,18,7,1,25.04177,121.58735,11
500111070,20231009,640,18,7,1,25.04177,121.58735,11
500111070,20231009,641,18,7,1,25.04177,121.58735,11
500111070,20231009,642,18,7,1,25.04177,121.58735,11
500111070,20231009,643,18,8,1,25.04177,121.58735,10
500111070,20231009,644,18,8,1,25.04177,121.58735,10
500111070,20231009,645,18,8,1,25.04177,121.58735,10
500111070,20231009,646,18,8,1,25.04177,121.58735,10
500111070,20231009,647,18,8,1,25.04177,121.58735,10
500111070,20231009,648,18,8,1,25.04177,121.58735,10
500111070,20231009,649,18,8,1,25.04177,121.58735,10
500111070,20231009,650,18,8,1,25.04177,121.58735,10
500111070,20231009,651,18,8,1,25.04177,121.58735,10
500111070,20231009,652,18,8,1,25.04177,121.58735,10
500111070,20231009,653,18,8,1,25.04177,121.58735,10
500111070,20231009,654,18,8,1,25.04177,121.58735,10
500111070,20231009,655,18,8,1,25.04177,121.58735,10
500111070,20231009,656,18,8,1,25.04177,121.58735,10
500111070,20231009,657,18,8,1,25.04177,121.58735,10
500111070,20231009,658,18,8,1,25.04177,121.58735,10
500111070,20231009,659,18,8,1,25.04177,121.58735,10
500111070,20231009,661,18,8,1,25.04177,121.58735,10
500111070,20231009,662,18,8,1,25.04177,121.58735,10
500111070,20231009,663,18,8,1,25.04177,121.58735,10
500111070,20231009,664,18,8,1,25.04177,121.58735,10
500111070,20231009,665,18,8,1,25.04177,121.58735,10
500111070,20231009,666,18,8,1,25.04177,121.58735,10
500111070,20231009,667,18,8,1,25.04177,121.58735,10
500111070,20231009,668,18,8,1,25.04177,121.58735,10
500111070,20231009,669,18,9,1,25.04177,121.58735,9
500111070,20231009,670,18,9,1,25.04177,121.58735,9
500111070,20231009,671,18,9,1,25.04177,121.58735,9
500111070,20231009,672,18,8,1,25.04177,121.58735,10
500111070,20231009,673,18,8,1,25.04177,121.58735,10
500111070,20231009,674,18,8,1,25.04177,121.58735,10
500111070,20231009,675,18,8,1,25.04177,121.58735,10
500111070,20231009,676,18,8,1,25.04177,121.58735,10
500111070,20231009,677,18,8,1,25.04177,121.58735,10
500111070,20231009,678,18,8,1,25.04177,121.58735,10
500111070,20231009,679,18,8,1,25.04177,121.58735,10
500111070,20231009,681,18,8,1,25.04177,121.58735,10
500111070,20231009,682,18,8,1,25.04177,121.58735,10
500111070,20231009,683,18,8,1,25.04177,121.58735,10
500111070,20231009,684,18,8,1,25.04177,121.58735,10
500111070,20231009,685,18,6,1,25.04177,121.58735,12
500111070,20231009,686,18,6,1,25.04177,121.58735,12
500111070,20231009,687,18,6,1,25.04177,121.58735,12
500111070,20231009,688,18,6,1,25.04177,121.58735,12
500111070,20231009,689,18,6,1,25.04177,121.58735,12
500111070,20231009,690,18,6,1,25.04177,121.58735,12
500111070,20231009,691,18,5,1,25.04177,121.58735,13
500111070,20231009,692,18,5,1,25.04177,121.58735,13
500111070,20231009,693,18,5,1,25.04177,121.58735,13
500111070,20231009,694,18,5,1,25.04177,121.58735,13
500111070,20231009,695,18,5,1,25.04177,121.58735,13
500111070,20231009,696,18,5,1,25.04177,121.58735,13
500111070,20231009,697,18,5,1,25.04177,121.58735,13
500111070,20231009,698,18,5,1,25.04177,121.58735,13
500111070,20231009,699,18,5,1,25.04177,121.58735,13
500111070,20231009,700,18,5,1,25.04177,121.58735,13
500111070,20231009,701,18,5,1,25.04177,121.58735,13
500111070,20231009,702,18,5,1,25.04177,121.58735,13
500111070,20231009,703,18,5,1,25.04177,121.58735,13
500111070,20231009,704,18,5,1,25.04177,121.58735,13
500111070,20231009,705,18,5,1,25.04177,121.58735,13
500111070,20231009,706,18,5,1,25.04177,121.58735,13
500111070,20231009,707,18,5,1,25.04177,121.58735,13
500111070,20231009,708,18,5,1,25.04177,121.58735,13
500111070,20231009,709,18,5,1,25.04177,121.58735,13
500111070,20231009,710,18,5,1,25.04177,121.58735,13
500111070,20231009,711,18,5,1,25.04177,121.58735,13
500111070,20231009,712,18,5,1,25.04177,121.58735,13
500111070,20231009,713,18,5,1,25.04177,121.58735,13
500111070,20231009,714,18,5,1,25.04177,121.58735,13
500111070,20231009,715,18,5,1,25.04177,121.58735,13
500111070,20231009,716,18,5,1,25.04177,121.58735,13
500111070,20231009,717,18,5,1,25.04177,121.58735,13
500111070,20231009,718,18,5,1,25.04177,121.58735,13
500111070,20231009,719,18,5,1,25.04177,121.58735,13
500111070,20231009,721,18,5,1,25.04177,121.58735,13
500111070,20231009,722,18,5,1,25.04177,121.58735,13
500111070,20231009,723,18,5,1,25.04177,121.58735,13
500111070,20231009,724,18,5,1,25.04177,121.58735,13
500111070,20231009,725,18,5,1,25.04177,121.58735,13
500111070,20231009,726,18,5,1,25.04177,121.58735,13
500111070,20231009,727,18,5,1,25.04177,121.58735,13
500111070,20231009,728,18,5,1,25.04177,121.58735,13
500111070,20231009,729,18,5,1,25.04177,121.58735,13
500111070,20231009,730,18,5,1,25.04177,121.58735,13
500111070,20231009,731,18,5,1,25.04177,121.58735,13
500111070,20231009,732,18,5,1,25.04177,121.58735,13
500111070,20231009,733,18,4,1,25.04177,121.58735,14
500111070,20231009,734,18,4,1,25.04177,121.58735,14
500111070,20231009,735,18,4,1,25.04177,121.58735,14
500111070,20231009,736,18,4,1,25.04177,121.58735,14
500111070,20231009,737,18,4,1,25.04177,121.58735,14
500111070,20231009,738,18,4,1,25.04177,121.58735,14
500111070,20231009,739,18,4,1,25.04177,121.58735,14
500111070,20231009,741,18,4,1,25.04177,121.58735,14
500111070,20231009,742,18,4,1,25.04177,121.58735,14
500111070,20231009,743,18,4,1,25.04177,121.58735,14
500111070,20231009,744,18,4,1,25.04177,121.58735,14
500111070,20231009,745,18,4,1,25.04177,121.58735,14
500111070,20231009,746,18,4,1,25.04177,121.58735,14
500111070,20231009,747,18,4,1,25.04177,121.58735,14
500111070,20231009,748,18,4,1,25.04177,121.58735,14
500111070,20231009,749,18,4,1,25.04177,121.58735,14
500111070,20231009,751,18,4,1,25.04177,121.58735,14
500111070,20231009,752,18,4,1,25.04177,121.58735,14
500111070,20231009,753,18,4,1,25.04177,121.58735,14
500111070,20231009,754,18,4,1,25.04177,121.58735,14
500111070,20231009,755,18,4,1,25.04177,121.58735,14
500111070,20231009,756,18,4,1,25.04177,121.58735,14
500111070,20231009,757,18,4,1,25.04177,121.58735,14
500111070,20231009,758,18,4,1,25.04177,121.58735,14
500111070,20231009,759,18,4,1,25.04177,121.58735,14
500111070,20231009,760,18,4,1,25.04177,121.58735,14
500111070,20231009,761,18,5,1,25.04177,121.58735,13
500111070,20231009,762,18,5,1,25.04177,121.58735,13
500111070,20231009,763,18,5,1,25.04177,121.58735,13
500111070,20231009,764,18,5,1,25.04177,121.58735,13
500111070,20231009,765,18,5,1,25.04177,121.58735,13
500111070,20231009,766,18,5,1,25.04177,121.58735,13
500111070,20231009,767,18,5,1,25.04177,121.58735,13
500111070,20231009,768,18,5,1,25.04177,121.58735,13
500111070,20231009,769,18,5,1,25.04177,121.58735,13
500111070,20231009,770,18,5,1,25.04177,121.58735,13
500111070,20231009,771,18,5,1,25.04177,121.58735,13
500111070,20231009,772,18,5,1,25.04177,121.58735,13
500111070,20231009,773,18,5,1,25.04177,121.58735,13
500111070,20231009,774,18,5,1,25.04177,121.58735,13
500111070,20231009,775,18,5,1,25.04177,121.58735,13
500111070,20231009,776,18,5,1,25.04177,121.58735,13
500111070,20231009,777,18,5,1,25.04177,121.58735,13
500111070,20231009,778,18,5,1,25.04177,121.58735,13
500111070,20231009,779,18,5,1,25.04177,121.58735,13
500111070,20231009,781,18,5,1,25.04177,121.58735,13
500111070,20231009,782,18,5,1,25.04177,121.58735,13
500111070,20231009,783,18,5,1,25.04177,121.58735,13
500111070,20231009,784,18,5,1,25.04177,121.58735,13
500111070,20231009,785,18,5,1,25.04177,121.58735,13
500111070,20231009,786,18,5,1,25.04177,121.58735,13
500111070,20231009,787,18,5,1,25.04177,121.58735,13
500111070,20231009,788,18,5,1,25.04177,121.58735,13
500111070,20231009,789,18,5,1,25.04177,121.58735,13
500111070,20231009,790,18,4,1,25.04177,121.58735,14
500111070,20231009,791,18,3,1,25.04177,121.58735,15
500111070,20231009,792,18,3,1,25.04177,121.58735,15
500111070,20231009,793,18,3,1,25.04177,121.58735,15
500111070,20231009,794,18,3,1,25.04177,121.58735,15
500111070,20231009,795,18,3,1,25.04177,121.58735,15
500111070,20231009,796,18,3,1,25.04177,121.58735,15
500111070,20231009,797,18,3,1,25.04177,121.58735,15
500111070,20231009,798,18,3,1,25.04177,121.58735,15
500111070,20231009,799,18,3,1,25.04177,121.58735,15
500111070,20231009,801,18,3,1,25.04177,121.58735,15
500111070,20231009,802,18,3,1,25.04177,121.58735,15
500111070,20231009,803,18,3,1,25.04177,121.58735,15
500111070,20231009,804,18,3,1,25.04177,121.58735,15
500111070,20231009,805,18,3,1,25.04177,121.58735,15
500111070,20231009,806,18,3,1,25.04177,121.58735,15
500111070,20231009,807,18,3,1,25.04177,121.58735,15
500111070,20231009,808,18,3,1,25.04177,121.58735,15
500111070,20231009,809,18,3,1,25.04177,121.58735,15
500111070,20231009,811,18,3,1,25.04177,121.58735,15
500111070,20231009,812,18,3,1,25.04177,121.58735,15
500111070,20231009,813,18,3,1,25.04177,121.58735,15
500111070,20231009,814,18,3,1,25.04177,121.58735,15
500111070,20231009,815,18,3,1,25.04177,121.58735,15
500111070,20231009,816,18,3,1,25.04177,121.58735,15
500111070,20231009,817,18,3,1,25.04177,121.58735,15
500111070,20231009,818,18,3,1,25.04177,121.58735,15
500111070,20231009,819,18,3,1,25.04177,121.58735,15
500111070,20231009,820,18,3,1,25.04177,121.58735,15
500111070,20231009,821,18,3,1,25.04177,121.58735,15
500111070,20231009,822,18,3,1,25.04177,121.58735,15
500111070,20231009,823,18,3,1,25.04177,121.58735,15
500111070,20231009,824,18,3,1,25.04177,121.58735,15
500111070,20231009,825,18,3,1,25.04177,121.58735,15
500111070,20231009,826,18,3,1,25.04177,121.58735,15
500111070,20231009,827,18,3,1,25.04177,121.58735,15
500111070,20231009,828,18,3,1,25.04177,121.58735,15
500111070,20231009,829,18,3,1,25.04177,121.58735,15
500111070,20231009,830,18,3,1,25.04177,121.58735,15
500111070,20231009,831,18,3,1,25.04177,121.58735,15
500111070,20231009,832,18,3,1,25.04177,121.58735,15
500111070,20231009,833,18,3,1,25.04177,121.58735,15
500111070,20231009,834,18,3,1,25.04177,121.58735,15
500111070,20231009,835,18,3,1,25.04177,121.58735,15
500111070,20231009,836,18,3,1,25.04177,121.58735,15
500111070,20231009,837,18,3,1,25.04177,121.58735,15
500111070,20231009,838,18,3,1,25.04177,121.58735,15
500111070,20231009,839,18,3,1,25.04177,121.58735,15
500111070,20231009,842,18,3,1,25.04177,121.58735,15
500111070,20231009,843,18,3,1,25.04177,121.58735,15
500111070,20231009,844,18,3,1,25.04177,121.58735,15
500111070,20231009,845,18,3,1,25.04177,121.58735,15
500111070,20231009,846,18,3,1,25.04177,121.58735,15
500111070,20231009,847,18,3,1,25.04177,121.58735,15
500111070,20231009,848,18,3,1,25.04177,121.58735,15
500111070,20231009,849,18,3,1,25.04177,121.58735,15
500111070,20231009,850,18,3,1,25.04177,121.58735,15
500111070,20231009,851,18,3,1,25.04177,121.58735,15
500111070,20231009,852,18,3,1,25.04177,121.58735,15
500111070,20231009,853,18,3,1,25.04177,121.58735,15
500111070,20231009,854,18,3,1,25.04177,121.58735,15
500111070,20231009,855,18,3,1,25.04177,121.58735,15
500111070,20231009,856,18,2,1,25.04177,121.58735,16
500111070,20231009,857,18,2,1,25.04177,121.58735,16
500111070,20231009,858,18,2,1,25.04177,121.58735,16
500111070,20231009,859,18,2,1,25.04177,121.58735,16
500111070,20231009,861,18,2,1,25.04177,121.58735,16
500111070,20231009,862,18,2,1,25.04177,121.58735,16
500111070,20231009,863,18,2,1,25.04177,121.58735,16
500111070,20231009,864,18,2,1,25.04177,121.58735,16
500111070,20231009,865,18,2,1,25.04177,121.58735,16
500111070,20231009,866,18,2,1,25.04177,121.58735,16
500111070,20231009,867,18,2,1,25.04177,121.58735,16
500111070,20231009,868,18,2,1,25.04177,121.58735,16
500111070,20231009,869,18,2,1,25.04177,121.58735,16
500111070,20231009,870,18,2,1,25.04177,121.58735,16
500111070,20231009,871,18,2,1,25.04177,121.58735,16
500111070,20231009,872,18,2,1,25.04177,121.58735,16
500111070,20231009,873,18,2,1,25.04177,121.58735,16
500111070,20231009,874,18,2,1,25.04177,121.58735,16
500111070,20231009,875,18,2,1,25.04177,121.58735,16
500111070,20231009,876,18,2,1,25.04177,121.58735,16
500111070,20231009,877,18,2,1,25.04177,121.58735,16
500111070,20231009,878,18,2,1,25.04177,121.58735,16
500111070,20231009,879,18,2,1,25.04177,121.58735,16
500111070,20231009,880,18,2,1,25.04177,121.58735,16
500111070,20231009,881,18,2,1,25.04177,121.58735,16
500111070,20231009,882,18,2,1,25.04177,121.58735,16
500111070,20231009,883,18,2,1,25.04177,121.58735,16
500111070,20231009,884,18,2,1,25.04177,121.58735,16
500111070,20231009,885,18,2,1,25.04177,121.58735,16
500111070,20231009,886,18,2,1,25.04177,121.58735,16
500111070,20231009,887,18,2,1,25.04177,121.58735,16
500111070,20231009,888,18,2,1,25.04177,121.58735,16
500111070,20231009,889,18,2,1,25.04177,121.58735,16
500111070,20231009,890,18,2,1,25.04177,121.58735,16
500111070,20231009,891,18,2,1,25.04177,121.58735,16
500111070,20231009,892,18,2,1,25.04177,121.58735,16
500111070,20231009,893,18,2,1,25.04177,121.58735,16
500111070,20231009,894,18,2,1,25.04177,121.58735,16
500111070,20231009,895,18,2,1,25.04177,121.58735,16
500111070,20231009,896,18,2,1,25.04177,121.58735,15
500111070,20231009,897,18,2,1,25.04177,121.58735,15
500111070,20231009,898,18,2,1,25.04177,121.58735,15
500111070,20231009,899,18,2,1,25.04177,121.58735,15
500111070,20231009,901,18,2,1,25.04177,121.58735,15
500111070,20231009,902,18,2,1,25.04177,121.58735,16
500111070,20231009,903,18,2,1,25.04177,121.58735,16
500111070,20231009,904,18,2,1,25.04177,121.58735,16
500111070,20231009,905,18,2,1,25.04177,121.58735,16
500111070,20231009,906,18,2,1,25.04177,121.58735,16
500111070,20231009,907,18,2,1,25.04177,121.58735,16
500111070,20231009,908,18,2,1,25.04177,121.58735,16
500111070,20231009,909,18,2,1,25.04177,121.58735,16
500111070,20231009,910,18,2,1,25.04177,121.58735,16
500111070,20231009,911,18,2,1,25.04177,121.58735,16
500111070,20231009,912,18,2,1,25.04177,121.58735,16
500111070,20231009,913,18,2,1,25.04177,121.58735,16
500111070,20231009,914,18,2,1,25.04177,121.58735,16
500111070,20231009,915,18,2,1,25.04177,121.58735,16
500111070,20231009,916,18,2,1,25.04177,121.58735,16
500111070,20231009,917,18,2,1,25.04177,121.58735,16
500111070,20231009,918,18,2,1,25.04177,121.58735,16
500111070,20231009,919,18,2,1,25.04177,121.58735,16
500111070,20231009,921,18,2,1,25.04177,121.58735,16
500111070,20231009,922,18,2,1,25.04177,121.58735,16
500111070,20231009,923,18,2,1,25.04177,121.58735,16
500111070,20231009,924,18,2,1,25.04177,121.58735,16
500111070,20231009,925,18,2,1,25.04177,121.58735,16
500111070,20231009,926,18,2,1,25.04177,121.58735,16
500111070,20231009,927,18,2,1,25.04177,121.58735,16
500111070,20231009,928,18,2,1,25.04177,121.58735,16
500111070,20231009,929,18,2,1,25.04177,121.58735,16
500111070,20231009,930,18,2,1,25.04177,121.58735,16
500111070,20231009,931,18,2,1,25.04177,121.58735,16
500111070,20231009,932,18,2,1,25.04177,121.58735,16
500111070,20231009,933,18,2,1,25.04177,121.58735,16
500111070,20231009,934,18,2,1,25.04177,121.58735,16
500111070,20231009,935,18,2,1,25.04177,121.58735,16
500111070,20231009,936,18,2,1,25.04177,121.58735,16
500111070,20231009,937,18,2,1,25.04177,121.58735,16
500111070,20231009,938,18,2,1,25.04177,121.58735,16
500111070,20231009,939,18,2,1,25.04177,121.58735,16
500111070,20231009,940,18,2,1,25.04177,121.58735,16
500111070,20231009,941,18,2,1,25.04177,121.58735,16
500111070,20231009,942,18,2,1,25.04177,121.58735,16
500111070,20231009,943,18,2,1,25.04177,121.58735,16
500111070,20231009,944,18,2,1,25.04177,121.58735,16
500111070,20231009,945,18,2,1,25.04177,121.58735,16
500111070,20231009,946,18,2,1,25.04177,121.58735,16
500111070,20231009,947,18,2,1,25.04177,121.58735,16
500111070,20231009,948,18,2,1,25.04177,121.58735,16
500111070,20231009,949,18,2,1,25.04177,121.58735,16
500111070,20231009,950,18,1,1,25.04177,121.58735,17
500111070,20231009,951,18,1,1,25.04177,121.58735,17
500111070,20231009,952,18,1,1,25.04177,121.58735,17
500111070,20231009,953,18,1,1,25.04177,121.58735,17
500111070,20231009,954,18,1,1,25.04177,121.58735,17
500111070,20231009,955,18,1,1,25.04177,121.58735,17
500111070,20231009,956,18,1,1,25.04177,121.58735,17
500111070,20231009,957,18,2,1,25.04177,121.58735,16
500111070,20231009,958,18,2,1,25.04177,121.58735,16
500111070,20231009,959,18,2,1,25.04177,121.58735,16
500111070,20231009,961,18,2,1,25.04177,121.58735,16
500111070,20231009,962,18,2,1,25.04177,121.58735,16
500111070,20231009,963,18,2,1,25.04177,121.58735,16
500111070,20231009,964,18,2,1,25.04177,121.58735,16
500111070,20231009,965,18,2,1,25.04177,121.58735,16
500111070,20231009,966,18,2,1,25.04177,121.58735,16
500111070,20231009,967,18,2,1,25.04177,121.58735,16
500111070,20231009,968,18,2,1,25.04177,121.58735,16
500111070,20231009,969,18,2,1,25.04177,121.58735,16
500111070,20231009,970,18,2,1,25.04177,121.58735,16
500111070,20231009,971,18,2,1,25.04177,121.58735,16
500111070,20231009,972,18,2,1,25.04177,121.58735,16
500111070,20231009,973,18,2,1,25.04177,121.58735,16
500111070,20231009,974,18,3,1,25.04177,121.58735,15
500111070,20231009,975,18,4,1,25.04177,121.58735,14
500111070,20231009,976,18,6,1,25.04177,121.58735,12
500111070,20231009,977,18,10,1,25.04177,121.58735,8
500111070,20231009,978,18,12,1,25.04177,121.58735,6
500111070,20231009,979,18,14,1,25.04177,121.58735,4
500111070,20231009,981,18,16,1,25.04177,121.58735,2
500111070,20231009,982,18,16,1,25.04177,121.58735,2
500111070,20231009,983,18,16,1,25.04177,121.58735,2
500111070,20231009,984,18,16,1,25.04177,121.58735,2
500111070,20231009,985,18,16,1,25.04177,121.58735,2
500111070,20231009,986,18,16,1,25.04177,121.58735,2
500111070,20231009,987,18,16,1,25.04177,121.58735,2
500111070,20231009,988,18,16,1,25.04177,121.58735,2
500111070,20231009,989,18,15,1,25.04177,121.58735,3
500111070,20231009,991,18,15,1,25.04177,121.58735,3
500111070,20231009,992,18,15,1,25.04177,121.58735,3
500111070,20231009,993,18,15,1,25.04177,121.58735,3
500111070,20231009,994,18,15,1,25.04177,121.58735,3
500111070,20231009,995,18,15,1,25.04177,121.58735,3
500111070,20231009,996,18,14,1,25.04177,121.58735,4
500111070,20231009,997,18,13,1,25.04177,121.58735,5
500111070,20231009,998,18,13,1,25.04177,121.58735,5
500111070,20231009,999,18,13,1,25.04177,121.58735,5
500111070,20231009,1000,18,13,1,25.04177,121.58735,5
500111070,20231009,1001,18,13,1,25.04177,121.58735,5
500111070,20231009,1002,18,13,1,25.04177,121.58735,5
500111070,20231009,1003,18,13,1,25.04177,121.58735,5
500111070,20231009,1004,18,13,1,25.04177,121.58735,5
500111070,20231009,1005,18,13,1,25.04177,121.58735,5
500111070,20231009,1006,18,13,1,25.04177,121.58735,5
500111070,20231009,1007,18,13,1,25.04177,121.58735,5
500111070,20231009,1008,18,13,1,25.04177,121.58735,5
500111070,20231009,1009,18,13,1,25.04177,121.58735,5
500111070,20231009,1010,18,13,1,25.04177,121.58735,5
500111070,20231009,1011,18,13,1,25.04177,121.58735,5
500111070,20231009,1012,18,13,1,25.04177,121.58735,5
500111070,20231009,1013,18,13,1,25.04177,121.58735,5
500111070,20231009,1014,18,13,1,25.04177,121.58735,5
500111070,20231009,1015,18,13,1,25.04177,121.58735,5
500111070,20231009,1016,18,13,1,25.04177,121.58735,5
500111070,20231009,1017,18,13,1,25.04177,121.58735,5
500111070,20231009,1018,18,13,1,25.04177,121.58735,5
500111070,20231009,1019,18,13,1,25.04177,121.58735,5
500111070,20231009,1021,18,13,1,25.04177,121.58735,5
500111070,20231009,1022,18,13,1,25.04177,121.58735,5
500111070,20231009,1023,18,13,1,25.04177,121.58735,5
500111070,20231009,1024,18,13,1,25.04177,121.58735,5
500111070,20231009,1025,18,13,1,25.04177,121.58735,5
500111070,20231009,1026,18,13,1,25.04177,121.58735,5
500111070,20231009,1027,18,13,1,25.04177,121.58735,5
500111070,20231009,1028,18,13,1,25.04177,121.58735,5
500111070,20231009,1029,18,13,1,25.04177,121.58735,5
500111070,20231009,1030,18,13,1,25.04177,121.58735,5
500111070,20231009,1031,18,13,1,25.04177,121.58735,5
500111070,20231009,1032,18,13,1,25.04177,121.58735,5
500111070,20231009,1033,18,13,1,25.04177,121.58735,5
500111070,20231009,1034,18,13,1,25.04177,121.58735,5
500111070,20231009,1035,18,13,1,25.04177,121.58735,5
500111070,20231009,1036,18,13,1,25.04177,121.58735,5
500111070,20231009,1037,18,13,1,25.04177,121.58735,5
500111070,20231009,1038,18,13,1,25.04177,121.58735,5
500111070,20231009,1039,18,13,1,25.04177,121.58735,5
500111070,20231009,1041,18,13,1,25.04177,121.58735,5
500111070,20231009,1042,18,13,1,25.04177,121.58735,5
500111070,20231009,1043,18,13,1,25.04177,121.58735,5
500111070,20231009,1044,18,13,1,25.04177,121.58735,5
500111070,20231009,1045,18,13,1,25.04177,121.58735,5
500111070,20231009,1046,18,13,1,25.04177,121.58735,5
500111070,20231009,1047,18,13,1,25.04177,121.58735,5
500111070,20231009,1048,18,13,1,25.04177,121.58735,5
500111070,20231009,1049,18,13,1,25.04177,121.58735,5
500111070,20231009,1051,18,13,1,25.04177,121.58735,5
500111070,20231009,1052,18,13,1,25.04177,121.58735,5
500111070,20231009,1053,18,13,1,25.04177,121.58735,5
500111070,20231009,1054,18,13,1,25.04177,121.58735,5
500111070,20231009,1055,18,13,1,25.04177,121.58735,5
500111070,20231009,1056,18,13,1,25.04177,121.58735,5
500111070,20231009,1057,18,13,1,25.04177,121.58735,5
500111070,20231009,1058,18,13,1,25.04177,121.58735,5
500111070,20231009,1059,18,13,1,25.04177,121.58735,5
500111070,20231009,1060,18,13,1,25.04177,121.58735,5
500111070,20231009,1061,18,13,1,25.04177,121.58735,5
500111070,20231009,1062,18,13,1,25.04177,121.58735,5
500111070,20231009,1063,18,13,1,25.04177,121.58735,5
500111070,20231009,1064,18,13,1,25.04177,121.58735,5
500111070,20231009,1065,18,13,1,25.04177,121.58735,5
500111070,20231009,1066,18,13,1,25.04177,121.58735,5
500111070,20231009,1067,18,13,1,25.04177,121.58735,5
500111070,20231009,1068,18,15,1,25.04177,121.58735,3
500111070,20231009,1069,18,15,1,25.04177,121.58735,3
500111070,20231009,1070,18,14,1,25.04177,121.58735,4
500111070,20231009,1071,18,14,1,25.04177,121.58735,4
500111070,20231009,1072,18,14,1,25.04177,121.58735,4
500111070,20231009,1073,18,14,1,25.04177,121.58735,4
500111070,20231009,1074,18,14,1,25.04177,121.58735,4
500111070,20231009,1075,18,14,1,25.04177,121.58735,4
500111070,20231009,1076,18,14,1,25.04177,121.58735,4
500111070,20231009,1077,18,14,1,25.04177,121.58735,4
500111070,20231009,1078,18,14,1,25.04177,121.58735,4
500111070,20231009,1079,18,14,1,25.04177,121.58735,4
500111070,20231009,1081,18,14,1,25.04177,121.58735,4
500111070,20231009,1082,18,14,1,25.04177,121.58735,4
500111070,20231009,1083,18,14,1,25.04177,121.58735,4
500111070,20231009,1084,18,14,1,25.04177,121.58735,4
500111070,20231009,1085,18,14,1,25.04177,121.58735,4
500111070,20231009,1086,18,14,1,25.04177,121.58735,4
500111070,20231009,1087,18,15,1,25.04177,121.58735,3
500111070,20231009,1088,18,15,1,25.04177,121.58735,3
500111070,20231009,1089,18,15,1,25.04177,121.58735,3
500111070,20231009,1090,18,15,1,25.04177,121.58735,3
500111070,20231009,1091,18,15,1,25.04177,121.58735,3
500111070,20231009,1092,18,15,1,25.04177,121.58735,3
500111070,20231009,1093,18,15,1,25.04177,121.58735,3
500111070,20231009,1094,18,15,1,25.04177,121.58735,3
500111070,20231009,1095,18,15,1,25.04177,121.58735,3
500111070,20231009,1096,18,15,1,25.04177,121.58735,3
500111070,20231009,1097,18,15,1,25.04177,121.58735,3
500111070,20231009,1098,18,15,1,25.04177,121.58735,3
500111070,20231009,1099,18,15,1,25.04177,121.58735,3
500111070,20231009,1101,18,15,1,25.04177,121.58735,3
500111070,20231009,1102,18,15,1,25.04177,121.58735,3
500111070,20231009,1103,18,15,1,25.04177,121.58735,3
500111070,20231009,1104,18,15,1,25.04177,121.58735,3
500111070,20231009,1105,18,15,1,25.04177,121.58735,3
500111070,20231009,1106,18,15,1,25.04177,121.58735,3
500111070,20231009,1107,18,15,1,25.04177,121.58735,3
500111070,20231009,1108,18,14,1,25.04177,121.58735,4
500111070,20231009,1109,18,14,1,25.04177,121.58735,4
500111070,20231009,1111,18,14,1,25.04177,121.58735,4
500111070,20231009,1112,18,15,1,25.04177,121.58735,3
500111070,20231009,1113,18,15,1,25.04177,121.58735,3
500111070,20231009,1114,18,15,1,25.04177,121.58735,3
500111070,20231009,1115,18,15,1,25.04177,121.58735,3
500111070,20231009,1116,18,14,1,25.04177,121.58735,4
500111070,20231009,1117,18,14,1,25.04177,121.58735,4
500111070,20231009,1118,18,14,1,25.04177,121.58735,4
500111070,20231009,1119,18,14,1,25.04177,121.58735,4
500111070,20231009,1120,18,14,1,25.04177,121.58735,4
500111070,20231009,1121,18,14,1,25.04177,121.58735,4
500111070,20231009,1122,18,14,1,25.04177,121.58735,4
500111070,20231009,1123,18,14,1,25.04177,121.58735,4
500111070,20231009,1124,18,14,1,25.04177,121.58735,4
500111070,20231009,1125,18,14,1,25.04177,121.58735,4
500111070,20231009,1126,18,14,1,25.04177,121.58735,4
500111070,20231009,1127,18,14,1,25.04177,121.58735,4
500111070,20231009,1128,18,14,1,25.04177,121.58735,4
500111070,20231009,1129,18,14,1,25.04177,121.58735,4
500111070,20231009,1130,18,14,1,25.04177,121.58735,4
500111070,20231009,1131,18,14,1,25.04177,121.58735,4
500111070,20231009,1132,18,14,1,25.04177,121.58735,4
500111070,20231009,1133,18,14,1,25.04177,121.58735,4
500111070,20231009,1134,18,14,1,25.04177,121.58735,4
500111070,20231009,1135,18,14,1,25.04177,121.58735,4
500111070,20231009,1136,18,14,1,25.04177,121.58735,4
500111070,20231009,1137,18,14,1,25.04177,121.58735,4
500111070,20231009,1138,18,14,1,25.04177,121.58735,4
500111070,20231009,1139,18,14,1,25.04177,121.58735,4
500111070,20231009,1141,18,14,1,25.04177,121.58735,4
500111070,20231009,1142,18,14,1,25.04177,121.58735,4
500111070,20231009,1143,18,14,1,25.04177,121.58735,4
500111070,20231009,1144,18,14,1,25.04177,121.58735,4
500111070,20231009,1145,18,14,1,25.04177,121.58735,4
500111070,20231009,1146,18,14,1,25.04177,121.58735,4
500111070,20231009,1148,18,14,1,25.04177,121.58735,4
500111070,20231009,1149,18,14,1,25.04177,121.58735,4
500111070,20231009,1150,18,14,1,25.04177,121.58735,4
500111070,20231009,1151,18,14,1,25.04177,121.58735,4
500111070,20231009,1152,18,13,1,25.04177,121.58735,5
500111070,20231009,1153,18,13,1,25.04177,121.58735,5
500111070,20231009,1154,18,12,1,25.04177,121.58735,6
500111070,20231009,1155,18,11,1,25.04177,121.58735,7
500111070,20231009,1156,18,11,1,25.04177,121.58735,7
500111070,20231009,1157,18,11,1,25.04177,121.58735,7
500111070,20231009,1158,18,11,1,25.04177,121.58735,7
500111070,20231009,1159,18,11,1,25.04177,121.58735,7
500111070,20231009,1161,18,10,1,25.04177,121.58735,8
500111070,20231009,1162,18,10,1,25.04177,121.58735,8
500111070,20231009,1163,18,9,1,25.04177,121.58735,9
500111070,20231009,1164,18,9,1,25.04177,121.58735,9
500111070,20231009,1165,18,9,1,25.04177,121.58735,9
500111070,20231009,1166,18,9,1,25.04177,121.58735,9
500111070,20231009,1167,18,9,1,25.04177,121.58735,9
500111070,20231009,1168,18,9,1,25.04177,121.58735,9
500111070,20231009,1169,18,9,1,25.04177,121.58735,9
500111070,20231009,1171,18,9,1,25.04177,121.58735,9
500111070,20231009,1172,18,9,1,25.04177,121.58735,9
500111070,20231009,1173,18,9,1,25.04177,121.58735,9
500111070,20231009,1174,18,9,1,25.04177,121.58735,9
500111070,20231009,1175,18,9,1,25.04177,121.58735,9
500111070,20231009,1176,18,9,1,25.04177,121.58735,9
500111070,20231009,1177,18,9,1,25.04177,121.58735,9
500111070,20231009,1178,18,9,1,25.04177,121.58735,9
500111070,20231009,1179,18,9,1,25.04177,121.58735,9
500111070,20231009,1180,18,9,1,25.04177,121.58735,9
500111070,20231009,1181,18,9,1,25.04177,121.58735,9
500111070,20231009,1182,18,9,1,25.04177,121.58735,9
500111070,20231009,1183,18,9,1,25.04177,121.58735,9
500111070,20231009,1184,18,9,1,25.04177,121.58735,9
500111070,20231009,1185,18,9,1,25.04177,121.58735,9
500111070,20231009,1186,18,9,1,25.04177,121.58735,9
500111070,20231009,1187,18,9,1,25.04177,121.58735,9
500111070,20231009,1188,18,9,1,25.04177,121.58735,9
500111070,20231009,1189,18,9,1,25.04177,121.58735,9
500111070,20231009,1190,18,9,1,25.04177,121.58735,9
500111070,20231009,1191,18,9,1,25.04177,121.58735,9
500111070,20231009,1192,18,9,1,25.04177,121.58735,9
500111070,20231009,1193,18,9,1,25.04177,121.58735,9
500111070,20231009,1194,18,9,1,25.04177,121.58735,9
500111070,20231009,1195,18,9,1,25.04177,121.58735,9
500111070,20231009,1196,18,9,1,25.04177,121.58735,9
500111070,20231009,1197,18,8,1,25.04177,121.58735,10
500111070,20231009,1198,18,8,1,25.04177,121.58735,10
500111070,20231009,1199,18,8,1,25.04177,121.58735,10
500111070,20231009,1201,18,7,1,25.04177,121.58735,11
500111070,20231009,1202,18,7,1,25.04177,121.58735,11
500111070,20231009,1203,18,7,1,25.04177,121.58735,11
500111070,20231009,1204,18,7,1,25.04177,121.58735,11
500111070,20231009,1205,18,7,1,25.04177,121.58735,11
500111070,20231009,1206,18,7,1,25.04177,121.58735,11
500111070,20231009,1207,18,7,1,25.04177,121.58735,11
500111070,20231009,1208,18,7,1,25.04177,121.58735,11
500111070,20231009,1209,18,7,1,25.04177,121.58735,11
500111070,20231009,1210,18,7,1,25.04177,121.58735,11
500111070,20231009,1211,18,7,1,25.04177,121.58735,11
500111070,20231009,1212,18,7,1,25.04177,121.58735,11
500111070,20231009,1213,18,7,1,25.04177,121.58735,11
500111070,20231009,1214,18,7,1,25.04177,121.58735,11
500111070,20231009,1215,18,7,1,25.04177,121.58735,11
500111070,20231009,1216,18,7,1,25.04177,121.58735,11
500111070,20231009,1217,18,7,1,25.04177,121.58735,11
500111070,20231009,1218,18,7,1,25.04177,121.58735,11
500111070,20231009,1219,18,7,1,25.04177,121.58735,11
500111070,20231009,1221,18,7,1,25.04177,121.58735,11
500111070,20231009,1222,18,7,1,25.04177,121.58735,11
500111070,20231009,1223,18,7,1,25.04177,121.58735,11
500111070,20231009,1224,18,7,1,25.04177,121.58735,11
500111070,20231009,1225,18,7,1,25.04177,121.58735,11
500111070,20231009,1226,18,7,1,25.04177,121.58735,11
500111070,20231009,1227,18,7,1,25.04177,121.58735,11
500111070,20231009,1228,18,7,1,25.04177,121.58735,11
500111070,20231009,1229,18,7,1,25.04177,121.58735,11
500111070,20231009,1230,18,7,1,25.04177,121.58735,11
500111070,20231009,1231,18,7,1,25.04177,121.58735,11
500111070,20231009,1232,18,7,1,25.04177,121.58735,11
500111070,20231009,1233,18,7,1,25.04177,121.58735,11
500111070,20231009,1234,18,7,1,25.04177,121.58735,11
500111070,20231009,1235,18,7,1,25.04177,121.58735,11
500111070,20231009,1236,18,7,1,25.04177,121.58735,11
500111070,20231009,1237,18,7,1,25.04177,121.58735,11
500111070,20231009,1238,18,7,1,25.04177,121.58735,11
500111070,20231009,1239,18,7,1,25.04177,121.58735,11
500111070,20231009,1240,18,7,1,25.04177,121.58735,11
500111070,20231009,1241,18,7,1,25.04177,121.58735,11
500111070,20231009,1242,18,7,1,25.04177,121.58735,11
500111070,20231009,1243,18,7,1,25.04177,121.58735,11
500111070,20231009,1244,18,7,1,25.04177,121.58735,11
500111070,20231009,1245,18,10,1,25.04177,121.58735,8
500111070,20231009,1246,18,13,1,25.04177,121.58735,5
500111070,20231009,1247,18,14,1,25.04177,121.58735,4
500111070,20231009,1248,18,14,1,25.04177,121.58735,4
500111070,20231009,1249,18,16,1,25.04177,121.58735,2
500111070,20231009,1250,18,16,1,25.04177,121.58735,2
500111070,20231009,1251,18,16,1,25.04177,121.58735,2
500111070,20231009,1252,18,16,1,25.04177,121.58735,2
500111070,20231009,1253,18,16,1,25.04177,121.58735,2
500111070,20231009,1254,18,16,1,25.04177,121.58735,2
500111070,20231009,1255,18,16,1,25.04177,121.58735,2
500111070,20231009,1256,18,15,1,25.04177,121.58735,3
500111070,20231009,1257,18,15,1,25.04177,121.58735,3
500111070,20231009,1258,18,15,1,25.04177,121.58735,3
500111070,20231009,1259,18,14,1,25.04177,121.58735,4
500111070,20231009,1261,18,14,1,25.04177,121.58735,4
500111070,20231009,1262,18,14,1,25.04177,121.58735,4
500111070,20231009,1263,18,14,1,25.04177,121.58735,4
500111070,20231009,1264,18,13,1,25.04177,121.58735,5
500111070,20231009,1265,18,13,1,25.04177,121.58735,5
500111070,20231009,1266,18,13,1,25.04177,121.58735,5
500111070,20231009,1267,18,13,1,25.04177,121.58735,5
500111070,20231009,1268,18,13,1,25.04177,121.58735,5
500111070,20231009,1269,18,13,1,25.04177,121.58735,5
500111070,20231009,1270,18,13,1,25.04177,121.58735,5
500111070,20231009,1271,18,13,1,25.04177,121.58735,5
500111070,20231009,1272,18,13,1,25.04177,121.58735,5
500111070,20231009,1273,18,13,1,25.04177,121.58735,5
500111070,20231009,1274,18,13,1,25.04177,121.58735,5
500111070,20231009,1275,18,14,1,25.04177,121.58735,4
500111070,20231009,1276,18,13,1,25.04177,121.58735,5
500111070,20231009,1277,18,13,1,25.04177,121.58735,5
500111070,20231009,1278,18,13,1,25.04177,121.58735,5
500111070,20231009,1279,18,12,1,25.04177,121.58735,6
500111070,20231009,1281,18,12,1,25.04177,121.58735,6
500111070,20231009,1282,18,12,1,25.04177,121.58735,6
500111070,20231009,1283,18,12,1,25.04177,121.58735,6
500111070,20231009,1284,18,12,1,25.04177,121.58735,6
500111070,20231009,1285,18,14,1,25.04177,121.58735,4
500111070,20231009,1286,18,16,1,25.04177,121.58735,2
500111070,20231009,1287,18,18,1,25.04177,121.58735,0
500111070,20231009,1288,18,18,1,25.04177,121.58735,0
500111070,20231009,1289,18,18,1,25.04177,121.58735,0
500111070,20231009,1290,18,18,1,25.04177,121.58735,0
500111070,20231009,1291,18,18,1,25.04177,121.58735,0
500111070,20231009,1292,18,18,1,25.04177,121.58735,0
500111070,20231009,1293,18,18,1,25.04177,121.58735,0
500111070,20231009,1294,18,18,1,25.04177,121.58735,0
500111070,20231009,1295,18,18,1,25.04177,121.58735,0
500111070,20231009,1296,18,18,1,25.04177,121.58735,0
500111070,20231009,1297,18,18,1,25.04177,121.58735,0
500111070,20231009,1298,18,18,1,25.04177,121.58735,0
500111070,20231009,1299,18,18,1,25.04177,121.58735,0
500111070,20231009,1300,18,18,1,25.04177,121.58735,0
500111070,20231009,1301,18,18,1,25.04177,121.58735,0
500111070,20231009,1302,18,18,1,25.04177,121.58735,0
500111070,20231009,1303,18,18,1,25.04177,121.58735,0
500111070,20231009,1304,18,17,1,25.04177,121.58735,1
500111070,20231009,1305,18,17,1,25.04177,121.58735,1
500111070,20231009,1306,18,17,1,25.04177,121.58735,1
500111070,20231009,1307,18,17,1,25.04177,121.58735,1
500111070,20231009,1308,18,17,1,25.04177,121.58735,1
500111070,20231009,1309,18,17,1,25.04177,121.58735,1
500111070,20231009,1310,18,17,1,25.04177,121.58735,1
500111070,20231009,1311,18,17,1,25.04177,121.58735,1
500111070,20231009,1312,18,17,1,25.04177,121.58735,1
500111070,20231009,1313,18,17,1,25.04177,121.58735,1
500111070,20231009,1314,18,17,1,25.04177,121.58735,1
500111070,20231009,1315,18,17,1,25.04177,121.58735,1
500111070,20231009,1316,18,17,1,25.04177,121.58735,1
500111070,20231009,1317,18,17,1,25.04177,121.58735,1
500111070,20231009,1318,18,17,1,25.04177,121.58735,1
500111070,20231009,1319,18,17,1,25.04177,121.58735,1
500111070,20231009,1321,18,17,1,25.04177,121.58735,1
500111070,20231009,1322,18,17,1,25.04177,121.58735,1
500111070,20231009,1323,18,17,1,25.04177,121.58735,1
500111070,20231009,1324,18,17,1,25.04177,121.58735,1
500111070,20231009,1325,18,17,1,25.04177,121.58735,1
500111070,20231009,1326,18,17,1,25.04177,121.58735,1
500111070,20231009,1327,18,17,1,25.04177,121.58735,1
500111070,20231009,1328,18,17,1,25.04177,121.58735,1
500111070,20231009,1329,18,17,1,25.04177,121.58735,1
500111070,20231009,1330,18,17,1,25.04177,121.58735,1
500111070,20231009,1331,18,17,1,25.04177,121.58735,1
500111070,20231009,1332,18,17,1,25.04177,121.58735,1
500111070,20231009,1333,18,17,1,25.04177,121.58735,1
500111070,20231009,1334,18,17,1,25.04177,121.58735,1
500111070,20231009,1335,18,17,1,25.04177,121.58735,1
500111070,20231009,1336,18,17,1,25.04177,121.58735,1
500111070,20231009,1337,18,17,1,25.04177,121.58735,1
500111070,20231009,1338,18,17,1,25.04177,121.58735,1
500111070,20231009,1339,18,17,1,25.04177,121.58735,1
500111070,20231009,1341,18,17,1,25.04177,121.58735,1
500111070,20231009,1342,18,17,1,25.04177,121.58735,1
500111070,20231009,1343,18,17,1,25.04177,121.58735,1
500111070,20231009,1344,18,17,1,25.04177,121.58735,1
500111070,20231009,1345,18,17,1,25.04177,121.58735,1
500111070,20231009,1346,18,17,1,25.04177,121.58735,1
500111070,20231009,1347,18,17,1,25.04177,121.58735,1
500111070,20231009,1348,18,17,1,25.04177,121.58735,1
500111070,20231009,1349,18,17,1,25.04177,121.58735,1
500111070,20231009,1350,18,17,1,25.04177,121.58735,1
500111070,20231009,1351,18,17,1,25.04177,121.58735,1
500111070,20231009,1352,18,17,1,25.04177,121.58735,1
500111070,20231009,1353,18,17,1,25.04177,121.58735,1
500111070,20231009,1354,18,16,1,25.04177,121.58735,2
500111070,20231009,1355,18,16,1,25.04177,121.58735,2
500111070,20231009,1356,18,16,1,25.04177,121.58735,2
500111070,20231009,1357,18,16,1,25.04177,121.58735,2
500111070,20231009,1358,18,16,1,25.04177,121.58735,2
500111070,20231009,1359,18,16,1,25.04177,121.58735,2
500111070,20231009,1360,18,16,1,25.04177,121.58735,2
500111070,20231009,1361,18,16,1,25.04177,121.58735,2
500111070,20231009,1362,18,16,1,25.04177,121.58735,2
500111070,20231009,1363,18,16,1,25.04177,121.58735,2
500111070,20231009,1364,18,16,1,25.04177,121.58735,2
500111070,20231009,1365,18,16,1,25.04177,121.58735,2
500111070,20231009,1366,18,16,1,25.04177,121.58735,2
500111070,20231009,1367,18,16,1,25.04177,121.58735,2
500111070,20231009,1368,18,16,1,25.04177,121.58735,2
500111070,20231009,1369,18,16,1,25.04177,121.58735,2
500111070,20231009,1370,18,16,1,25.04177,121.58735,2
500111070,20231009,1371,18,16,1,25.04177,121.58735,2
500111070,20231009,1372,18,16,1,25.04177,121.58735,2
500111070,20231009,1373,18,16,1,25.04177,121.58735,2
500111070,20231009,1374,18,16,1,25.04177,121.58735,2
500111070,20231009,1375,18,16,1,25.04177,121.58735,2
500111070,20231009,1376,18,16,1,25.04177,121.58735,2
500111070,20231009,1377,18,16,1,25.04177,121.58735,2
500111070,20231009,1378,18,16,1,25.04177,121.58735,2
500111070,20231009,1379,18,16,1,25.04177,121.58735,2
500111070,20231009,1381,18,16,1,25.04177,121.58735,2
500111070,20231009,1382,18,16,1,25.04177,121.58735,2
500111070,20231009,1383,18,16,1,25.04177,121.58735,2
500111070,20231009,1384,18,16,1,25.04177,121.58735,2
500111070,20231009,1385,18,16,1,25.04177,121.58735,2
500111070,20231009,1386,18,16,1,25.04177,121.58735,2
500111070,20231009,1387,18,16,1,25.04177,121.58735,2
500111070,20231009,1388,18,16,1,25.04177,121.58735,2
500111070,20231009,1389,18,16,1,25.04177,121.58735,2
500111070,20231009,1390,18,17,1,25.04177,121.58735,1
500111070,20231009,1391,18,17,1,25.04177,121.58735,1
500111070,20231009,1392,18,17,1,25.04177,121.58735,1
500111070,20231009,1393,18,17,1,25.04177,121.58735,1
500111070,20231009,1394,18,17,1,25.04177,121.58735,1
500111070,20231009,1395,18,17,1,25.04177,121.58735,1
500111070,20231009,1396,18,17,1,25.04177,121.58735,1
500111070,20231009,1397,18,17,1,25.04177,121.58735,1
500111070,20231009,1398,18,17,1,25.04177,121.58735,1
500111070,20231009,1399,18,17,1,25.04177,121.58735,1
500111070,20231009,1401,18,16,1,25.04177,121.58735,2
500111070,20231009,1402,18,16,1,25.04177,121.58735,2
500111070,20231009,1403,18,16,1,25.04177,121.58735,2
500111070,20231009,1404,18,16,1,25.04177,121.58735,2
500111070,20231009,1405,18,16,1,25.04177,121.58735,2
500111070,20231009,1406,18,16,1,25.04177,121.58735,2
500111070,20231009,1407,18,16,1,25.04177,121.58735,2
500111070,20231009,1408,18,16,1,25.04177,121.58735,2
500111070,20231009,1409,18,16,1,25.04177,121.58735,2
500111070,20231009,1410,18,16,1,25.04177,121.58735,2
500111070,20231009,1411,18,16,1,25.04177,121.58735,2
500111070,20231009,1412,18,16,1,25.04177,121.58735,2
500111070,20231009,1413,18,16,1,25.04177,121.58735,2
500111070,20231009,1414,18,16,1,25.04177,121.58735,2
500111070,20231009,1415,18,16,1,25.04177,121.58735,2
500111070,20231009,1416,18,16,1,25.04177,121.58735,2
500111070,20231009,1417,18,16,1,25.04177,121.58735,2
500111070,20231009,1418,18,17,1,25.04177,121.58735,1
500111070,20231009,1419,18,16,1,25.04177,121.58735,2
500111070,20231009,1420,18,16,1,25.04177,121.58735,2
500111070,20231009,1421,18,16,1,25.04177,121.58735,2
500111070,20231009,1422,18,16,1,25.04177,121.58735,2
500111070,20231009,1423,18,16,1,25.04177,121.58735,2
500111070,20231009,1424,18,16,1,25.04177,121.58735,2
500111070,20231009,1425,18,16,1,25.04177,121.58735,2
500111070,20231009,1426,18,16,1,25.04177,121.58735,2
500111070,20231009,1427,18,15,1,25.04177,121.58735,3
500111070,20231009,1428,18,15,1,25.04177,121.58735,3
500111070,20231009,1429,18,15,1,25.04177,121.58735,3
500111070,20231009,1430,18,15,1,25.04177,121.58735,3
500111070,20231009,1431,18,15,1,25.04177,121.58735,3
500111070,20231009,1432,18,15,1,25.04177,121.58735,3
500111070,20231009,1433,18,15,1,25.04177,121.58735,3
500111070,20231009,1434,18,15,1,25.04177,121.58735,3
500111070,20231009,1435,18,15,1,25.04177,121.58735,3
500111070,20231009,1436,18,14,1,25.04177,121.58735,4
500111070,20231009,1437,18,14,1,25.04177,121.58735,4
500111070,20231009,1438,18,13,1,25.04177,121.58735,5
500111070,20231009,1439,18,13,1,25.04177,121.58735,5
500111070,20231010,1,18,13,1,25.04177,121.58735,5
500111070,20231010,2,18,13,1,25.04177,121.58735,5
500111070,20231010,3,18,13,1,25.04177,121.58735,5
500111070,20231010,4,18,13,1,25.04177,121.58735,5
500111070,20231010,5,18,13,1,25.04177,121.58735,5
500111070,20231010,6,18,13,1,25.04177,121.58735,5
500111070,20231010,7,18,13,1,25.04177,121.58735,5
500111070,20231010,8,18,13,1,25.04177,121.58735,5
500111070,20231010,9,18,13,1,25.04177,121.58735,5
500111070,20231010,10,18,13,1,25.04177,121.58735,5
500111070,20231010,11,18,13,1,25.04177,121.58735,5
500111070,20231010,12,18,13,1,25.04177,121.58735,5
500111070,20231010,13,18,13,1,25.04177,121.58735,5
500111070,20231010,14,18,13,1,25.04177,121.58735,5
500111070,20231010,15,18,14,1,25.04177,121.58735,4
500111070,20231010,16,18,13,1,25.04177,121.58735,5
500111070,20231010,17,18,13,1,25.04177,121.58735,5
500111070,20231010,18,18,13,1,25.04177,121.58735,5
500111070,20231010,19,18,13,1,25.04177,121.58735,5
500111070,20231010,21,18,13,1,25.04177,121.58735,5
500111070,20231010,22,18,13,1,25.04177,121.58735,5
500111070,20231010,23,18,13,1,25.04177,121.58735,5
500111070,20231010,24,18,13,1,25.04177,121.58735,5
500111070,20231010,25,18,13,1,25.04177,121.58735,5
500111070,20231010,26,18,13,1,25.04177,121.58735,5
500111070,20231010,27,18,13,1,25.04177,121.58735,5
500111070,20231010,28,18,13,1,25.04177,121.58735,5
500111070,20231010,29,18,13,1,25.04177,121.58735,5
500111070,20231010,30,18,13,1,25.04177,121.58735,5
500111070,20231010,31,18,13,1,25.04177,121.58735,5
500111070,20231010,32,18,13,1,25.04177,121.58735,5
500111070,20231010,33,18,13,1,25.04177,121.58735,5
500111070,20231010,34,18,13,1,25.04177,121.58735,5
500111070,20231010,35,18,13,1,25.04177,121.58735,5
500111070,20231010,36,18,13,1,25.04177,121.58735,5
500111070,20231010,37,18,13,1,25.04177,121.58735,5
500111070,20231010,38,18,13,1,25.04177,121.58735,5
500111070,20231010,39,18,12,1,25.04177,121.58735,6
500111070,20231010,40,18,12,1,25.04177,121.58735,6
500111070,20231010,41,18,12,1,25.04177,121.58735,6
500111070,20231010,42,18,12,1,25.04177,121.58735,6
500111070,20231010,43,18,12,1,25.04177,121.58735,6
500111070,20231010,44,18,12,1,25.04177,121.58735,6
500111070,20231010,45,18,12,1,25.04177,121.58735,6
500111070,20231010,46,18,12,1,25.04177,121.58735,6
500111070,20231010,47,18,12,1,25.04177,121.58735,6
500111070,20231010,48,18,12,1,25.04177,121.58735,6
500111070,20231010,49,18,12,1,25.04177,121.58735,6
500111070,20231010,50,18,12,1,25.04177,121.58735,6
500111070,20231010,51,18,12,1,25.04177,121.58735,6
500111070,20231010,52,18,12,1,25.04177,121.58735,6
500111070,20231010,53,18,12,1,25.04177,121.58735,6
500111070,20231010,54,18,12,1,25.04177,121.58735,6
500111070,20231010,55,18,12,1,25.04177,121.58735,6
500111070,20231010,56,18,12,1,25.04177,121.58735,6
500111070,20231010,57,18,12,1,25.04177,121.58735,6
500111070,20231010,58,18,12,1,25.04177,121.58735,6
500111070,20231010,59,18,12,1,25.04177,121.58735,6
500111070,20231010,60,18,12,1,25.04177,121.58735,6
500111070,20231010,61,18,12,1,25.04177,121.58735,6
500111070,20231010,62,18,12,1,25.04177,121.58735,6
500111070,20231010,63,18,12,1,25.04177,121.58735,6
500111070,20231010,64,18,12,1,25.04177,121.58735,6
500111070,20231010,65,18,12,1,25.04177,121.58735,6
500111070,20231010,66,18,12,1,25.04177,121.58735,6
500111070,20231010,67,18,12,1,25.04177,121.58735,6
500111070,20231010,68,18,12,1,25.04177,121.58735,6
500111070,20231010,69,18,12,1,25.04177,121.58735,6
500111070,20231010,70,18,12,1,25.04177,121.58735,6
500111070,20231010,71,18,12,1,25.04177,121.58735,6
500111070,20231010,72,18,12,1,25.04177,121.58735,6
500111070,20231010,73,18,12,1,25.04177,121.58735,6
500111070,20231010,74,18,12,1,25.04177,121.58735,6
500111070,20231010,75,18,12,1,25.04177,121.58735,6
500111070,20231010,76,18,12,1,25.04177,121.58735,6
500111070,20231010,77,18,12,1,25.04177,121.58735,6
500111070,20231010,78,18,12,1,25.04177,121.58735,6
500111070,20231010,79,18,12,1,25.04177,121.58735,6
500111070,20231010,81,18,12,1,25.04177,121.58735,6
500111070,20231010,82,18,12,1,25.04177,121.58735,6
500111070,20231010,83,18,12,1,25.04177,121.58735,6
500111070,20231010,84,18,12,1,25.04177,121.58735,6
500111070,20231010,85,18,12,1,25.04177,121.58735,6
500111070,20231010,86,18,12,1,25.04177,121.58735,6
500111070,20231010,87,18,12,1,25.04177,121.58735,6
500111070,20231010,88,18,12,1,25.04177,121.58735,6
500111070,20231010,89,18,12,1,25.04177,121.58735,6
500111070,20231010,90,18,12,1,25.04177,121.58735,6
500111070,20231010,91,18,12,1,25.04177,121.58735,6
500111070,20231010,92,18,12,1,25.04177,121.58735,6
500111070,20231010,93,18,12,1,25.04177,121.58735,6
500111070,20231010,94,18,12,1,25.04177,121.58735,6
500111070,20231010,95,18,12,1,25.04177,121.58735,6
500111070,20231010,96,18,12,1,25.04177,121.58735,6
500111070,20231010,97,18,12,1,25.04177,121.58735,6
500111070,20231010,98,18,12,1,25.04177,121.58735,6
500111070,20231010,99,18,12,1,25.04177,121.58735,6
500111070,20231010,100,18,12,1,25.04177,121.58735,6
500111070,20231010,101,18,12,1,25.04177,121.58735,6
500111070,20231010,102,18,12,1,25.04177,121.58735,6
500111070,20231010,103,18,12,1,25.04177,121.58735,6
500111070,20231010,104,18,12,1,25.04177,121.58735,6
500111070,20231010,105,18,12,1,25.04177,121.58735,6
500111070,20231010,106,18,12,1,25.04177,121.58735,6
500111070,20231010,107,18,12,1,25.04177,121.58735,6
500111070,20231010,108,18,12,1,25.04177,121.58735,6
500111070,20231010,109,18,12,1,25.04177,121.58735,6
500111070,20231010,110,18,12,1,25.04177,121.58735,6
500111070,20231010,111,18,12,1,25.04177,121.58735,6
500111070,20231010,112,18,12,1,25.04177,121.58735,6
500111070,20231010,113,18,12,1,25.04177,121.58735,6
500111070,20231010,114,18,12,1,25.04177,121.58735,6
500111070,20231010,115,18,12,1,25.04177,121.58735,6
500111070,20231010,116,18,12,1,25.04177,121.58735,6
500111070,20231010,117,18,12,1,25.04177,121.58735,6
500111070,20231010,118,18,12,1,25.04177,121.58735,6
500111070,20231010,119,18,12,1,25.04177,121.58735,6
500111070,20231010,121,18,12,1,25.04177,121.58735,6
500111070,20231010,122,18,12,1,25.04177,121.58735,6
500111070,20231010,123,18,12,1,25.04177,121.58735,6
500111070,20231010,124,18,12,1,25.04177,121.58735,6
500111070,20231010,125,18,12,1,25.04177,121.58735,6
500111070,20231010,126,18,12,1,25.04177,121.58735,6
500111070,20231010,127,18,12,1,25.04177,121.58735,6
500111070,20231010,128,18,12,1,25.04177,121.58735,6
500111070,20231010,129,18,12,1,25.04177,121.58735,6
500111070,20231010,130,18,12,1,25.04177,121.58735,6
500111070,20231010,131,18,12,1,25.04177,121.58735,6
500111070,20231010,132,18,12,1,25.04177,121.58735,6
500111070,20231010,133,18,12,1,25.04177,121.58735,6
500111070,20231010,134,18,12,1,25.04177,121.58735,6
500111070,20231010,135,18,11,1,25.04177,121.58735,7
500111070,20231010,136,18,11,1,25.04177,121.58735,7
500111070,20231010,137,18,11,1,25.04177,121.58735,7
500111070,20231010,138,18,11,1,25.04177,121.58735,7
500111070,20231010,139,18,11,1,25.04177,121.58735,7
500111070,20231010,141,18,11,1,25.04177,121.58735,7
500111070,20231010,142,18,11,1,25.04177,121.58735,7
500111070,20231010,143,18,11,1,25.04177,121.58735,7
500111070,20231010,144,18,11,1,25.04177,121.58735,7
500111070,20231010,145,18,11,1,25.04177,121.58735,7
500111070,20231010,146,18,11,1,25.04177,121.58735,7
500111070,20231010,147,18,11,1,25.04177,121.58735,7
500111070,20231010,148,18,11,1,25.04177,121.58735,7
500111070,20231010,149,18,11,1,25.04177,121.58735,7
500111070,20231010,150,18,11,1,25.04177,121.58735,7
500111070,20231010,151,18,11,1,25.04177,121.58735,7
500111070,20231010,152,18,11,1,25.04177,121.58735,7
500111070,20231010,153,18,11,1,25.04177,121.58735,7
500111070,20231010,154,18,11,1,25.04177,121.58735,7
500111070,20231010,155,18,11,1,25.04177,121.58735,7
500111070,20231010,156,18,11,1,25.04177,121.58735,7
500111070,20231010,157,18,11,1,25.04177,121.58735,7
500111070,20231010,158,18,11,1,25.04177,121.58735,7
500111070,20231010,159,18,11,1,25.04177,121.58735,7
500111070,20231010,160,18,11,1,25.04177,121.58735,7
500111070,20231010,161,18,11,1,25.04177,121.58735,7
500111070,20231010,162,18,11,1,25.04177,121.58735,7
500111070,20231010,163,18,11,1,25.04177,121.58735,7
500111070,20231010,164,18,11,1,25.04177,121.58735,7
500111070,20231010,165,18,11,1,25.04177,121.58735,7
500111070,20231010,166,18,11,1,25.04177,121.58735,7
500111070,20231010,167,18,11,1,25.04177,121.58735,7
500111070,20231010,168,18,11,1,25.04177,121.58735,7
500111070,20231010,169,18,11,1,25.04177,121.58735,7
500111070,20231010,170,18,11,1,25.04177,121.58735,7
500111070,20231010,171,18,11,1,25.04177,121.58735,7
500111070,20231010,172,18,11,1,25.04177,121.58735,7
500111070,20231010,173,18,11,1,25.04177,121.58735,7
500111070,20231010,174,18,11,1,25.04177,121.58735,7
500111070,20231010,175,18,11,1,25.04177,121.58735,7
500111070,20231010,176,18,11,1,25.04177,121.58735,7
500111070,20231010,177,18,11,1,25.04177,121.58735,7
500111070,20231010,178,18,11,1,25.04177,121.58735,7
500111070,20231010,179,18,11,1,25.04177,121.58735,7
500111070,20231010,180,18,11,1,25.04177,121.58735,7
500111070,20231010,181,18,11,1,25.04177,121.58735,7
500111070,20231010,182,18,11,1,25.04177,121.58735,7
500111070,20231010,183,18,11,1,25.04177,121.58735,7
500111070,20231010,184,18,11,1,25.04177,121.58735,7
500111070,20231010,185,18,11,1,25.04177,121.58735,7
500111070,20231010,186,18,11,1,25.04177,121.58735,7
500111070,20231010,187,18,11,1,25.04177,121.58735,7
500111070,20231010,188,18,11,1,25.04177,121.58735,7
500111070,20231010,189,18,11,1,25.04177,121.58735,7
500111070,20231010,190,18,11,1,25.04177,121.58735,7
500111070,20231010,191,18,11,1,25.04177,121.58735,7
500111070,20231010,192,18,11,1,25.04177,121.58735,7
500111070,20231010,193,18,11,1,25.04177,121.58735,7
500111070,20231010,194,18,11,1,25.04177,121.58735,7
500111070,20231010,195,18,11,1,25.04177,121.58735,7
500111070,20231010,196,18,11,1,25.04177,121.58735,7
500111070,20231010,197,18,11,1,25.04177,121.58735,7
500111070,20231010,198,18,11,1,25.04177,121.58735,7
500111070,20231010,199,18,11,1,25.04177,121.58735,7
500111070,20231010,201,18,11,1,25.04177,121.58735,7
500111070,20231010,202,18,11,1,25.04177,121.58735,7
500111070,20231010,203,18,11,1,25.04177,121.58735,7
500111070,20231010,204,18,11,1,25.04177,121.58735,7
500111070,20231010,205,18,11,1,25.04177,121.58735,7
500111070,20231010,206,18,11,1,25.04177,121.58735,7
500111070,20231010,207,18,11,1,25.04177,121.58735,7
500111070,20231010,208,18,11,1,25.04177,121.58735,7
500111070,20231010,209,18,10,1,25.04177,121.58735,8
500111070,20231010,210,18,10,1,25.04177,121.58735,8
500111070,20231010,211,18,10,1,25.04177,121.58735,8
500111070,20231010,212,18,10,1,25.04177,121.58735,8
500111070,20231010,213,18,10,1,25.04177,121.58735,8
500111070,20231010,214,18,10,1,25.04177,121.58735,8
500111070,20231010,215,18,10,1,25.04177,121.58735,8
500111070,20231010,216,18,10,1,25.04177,121.58735,8
500111070,20231010,217,18,10,1,25.04177,121.58735,8
500111070,20231010,218,18,9,1,25.04177,121.58735,9
500111070,20231010,219,18,9,1,25.04177,121.58735,9
500111070,20231010,220,18,9,1,25.04177,121.58735,9
500111070,20231010,221,18,8,1,25.04177,121.58735,10
500111070,20231010,222,18,8,1,25.04177,121.58735,10
500111070,20231010,223,18,8,1,25.04177,121.58735,10
500111070,20231010,224,18,8,1,25.04177,121.58735,10
500111070,20231010,225,18,8,1,25.04177,121.58735,10
500111070,20231010,226,18,8,1,25.04177,121.58735,10
500111070,20231010,227,18,8,1,25.04177,121.58735,10
500111070,20231010,228,18,8,1,25.04177,121.58735,10
500111070,20231010,229,18,8,1,25.04177,121.58735,10
500111070,20231010,230,18,8,1,25.04177,121.58735,10
500111070,20231010,231,18,8,1,25.04177,121.58735,10
500111070,20231010,232,18,8,1,25.04177,121.58735,10
500111070,20231010,233,18,8,1,25.04177,121.58735,10
500111070,20231010,234,18,8,1,25.04177,121.58735,10
500111070,20231010,235,18,8,1,25.04177,121.58735,10
500111070,20231010,236,18,8,1,25.04177,121.58735,10
500111070,20231010,237,18,8,1,25.04177,121.58735,10
500111070,20231010,238,18,8,1,25.04177,121.58735,10
500111070,20231010,239,18,8,1,25.04177,121.58735,10
500111070,20231010,240,18,8,1,25.04177,121.58735,10
500111070,20231010,241,18,8,1,25.04177,121.58735,10
500111070,20231010,242,18,8,1,25.04177,121.58735,10
500111070,20231010,243,18,8,1,25.04177,121.58735,10
500111070,20231010,244,18,8,1,25.04177,121.58735,10
500111070,20231010,245,18,7,1,25.04177,121.58735,11
500111070,20231010,246,18,7,1,25.04177,121.58735,11
500111070,20231010,247,18,7,1,25.04177,121.58735,11
500111070,20231010,248,18,7,1,25.04177,121.58735,11
500111070,20231010,249,18,7,1,25.04177,121.58735,11
500111070,20231010,250,18,7,1,25.04177,121.58735,11
500111070,20231010,251,18,7,1,25.04177,121.58735,11
500111070,20231010,252,18,7,1,25.04177,121.58735,11
500111070,20231010,253,18,7,1,25.04177,121.58735,11
500111070,20231010,254,18,7,1,25.04177,121.58735,11
500111070,20231010,255,18,7,1,25.04177,121.58735,11
500111070,20231010,256,18,7,1,25.04177,121.58735,11
500111070,20231010,257,18,7,1,25.04177,121.58735,11
500111070,20231010,258,18,7,1,25.04177,121.58735,11
500111070,20231010,259,18,7,1,25.04177,121.58735,11
500111070,20231010,261,18,7,1,25.04177,121.58735,11
500111070,20231010,262,18,7,1,25.04177,121.58735,11
500111070,20231010,263,18,7,1,25.04177,121.58735,11
500111070,20231010,264,18,7,1,25.04177,121.58735,11
500111070,20231010,265,18,7,1,25.04177,121.58735,11
500111070,20231010,266,18,7,1,25.04177,121.58735,11
500111070,20231010,267,18,7,1,25.04177,121.58735,11
500111070,20231010,268,18,7,1,25.04177,121.58735,11
500111070,20231010,269,18,7,1,25.04177,121.58735,11
500111070,20231010,270,18,7,1,25.04177,121.58735,11
500111070,20231010,271,18,7,1,25.04177,121.58735,11
500111070,20231010,272,18,7,1,25.04177,121.58735,11
500111070,20231010,273,18,7,1,25.04177,121.58735,11
500111070,20231010,274,18,7,1,25.04177,121.58735,11
500111070,20231010,275,18,7,1,25.04177,121.58735,11
500111070,20231010,276,18,7,1,25.04177,121.58735,11
500111070,20231010,277,18,7,1,25.04177,121.58735,11
500111070,20231010,278,18,7,1,25.04177,121.58735,11
500111070,20231010,279,18,7,1,25.04177,121.58735,11
500111070,20231010,280,18,7,1,25.04177,121.58735,11
500111070,20231010,281,18,7,1,25.04177,121.58735,11
500111070,20231010,282,18,7,1,25.04177,121.58735,11
500111070,20231010,283,18,7,1,25.04177,121.58735,11
500111070,20231010,284,18,7,1,25.04177,121.58735,11
500111070,20231010,285,18,7,1,25.04177,121.58735,11
500111070,20231010,287,18,7,1,25.04177,121.58735,11
500111070,20231010,288,18,7,1,25.04177,121.58735,11
500111070,20231010,289,18,7,1,25.04177,121.58735,11
500111070,20231010,290,18,7,1,25.04177,121.58735,11
500111070,20231010,291,18,7,1,25.04177,121.58735,11
500111070,20231010,292,18,7,1,25.04177,121.58735,11
500111070,20231010,293,18,7,1,25.04177,121.58735,11
500111070,20231010,294,18,7,1,25.04177,121.58735,11
500111070,20231010,295,18,7,1,25.04177,121.58735,11
500111070,20231010,296,18,7,1,25.04177,121.58735,11
500111070,20231010,297,18,7,1,25.04177,121.58735,11
500111070,20231010,298,18,7,1,25.04177,121.58735,11
500111070,20231010,299,18,7,1,25.04177,121.58735,11
500111070,20231010,300,18,7,1,25.04177,121.58735,11
500111070,20231010,301,18,7,1,25.04177,121.58735,11
500111070,20231010,302,18,7,1,25.04177,121.58735,11
500111070,20231010,303,18,7,1,25.04177,121.58735,11
500111070,20231010,304,18,7,1,25.04177,121.58735,11
500111070,20231010,305,18,7,1,25.04177,121.58735,11
500111070,20231010,306,18,7,1,25.04177,121.58735,11
500111070,20231010,307,18,7,1,25.04177,121.58735,11
500111070,20231010,308,18,7,1,25.04177,121.58735,11
500111070,20231010,309,18,7,1,25.04177,121.58735,11
500111070,20231010,310,18,7,1,25.04177,121.58735,11
500111070,20231010,311,18,7,1,25.04177,121.58735,11
500111070,20231010,312,18,7,1,25.04177,121.58735,11
500111070,20231010,313,18,7,1,25.04177,121.58735,11
500111070,20231010,314,18,7,1,25.04177,121.58735,11
500111070,20231010,315,18,7,1,25.04177,121.58735,11
500111070,20231010,316,18,7,1,25.04177,121.58735,11
500111070,20231010,317,18,7,1,25.04177,121.58735,11
500111070,20231010,318,18,7,1,25.04177,121.58735,11
500111070,20231010,319,18,7,1,25.04177,121.58735,11
500111070,20231010,321,18,7,1,25.04177,121.58735,11
500111070,20231010,322,18,7,1,25.04177,121.58735,11
500111070,20231010,323,18,7,1,25.04177,121.58735,11
500111070,20231010,324,18,7,1,25.04177,121.58735,11
500111070,20231010,325,18,7,1,25.04177,121.58735,11
500111070,20231010,326,18,7,1,25.04177,121.58735,11
500111070,20231010,327,18,7,1,25.04177,121.58735,11
500111070,20231010,328,18,7,1,25.04177,121.58735,11
500111070,20231010,329,18,7,1,25.04177,121.58735,11
500111070,20231010,330,18,7,1,25.04177,121.58735,11
500111070,20231010,331,18,7,1,25.04177,121.58735,11
500111070,20231010,332,18,7,1,25.04177,121.58735,11
500111070,20231010,333,18,7,1,25.04177,121.58735,11
500111070,20231010,334,18,7,1,25.04177,121.58735,11
500111070,20231010,335,18,7,1,25.04177,121.58735,11
500111070,20231010,336,18,7,1,25.04177,121.58735,11
500111070,20231010,337,18,7,1,25.04177,121.58735,11
500111070,20231010,338,18,7,1,25.04177,121.58735,11
500111070,20231010,339,18,7,1,25.04177,121.58735,11
500111070,20231010,340,18,7,1,25.04177,121.58735,11
500111070,20231010,341,18,7,1,25.04177,121.58735,11
500111070,20231010,342,18,7,1,25.04177,121.58735,11
500111070,20231010,343,18,7,1,25.04177,121.58735,11
500111070,20231010,344,18,7,1,25.04177,121.58735,11
500111070,20231010,345,18,7,1,25.04177,121.58735,11
500111070,20231010,346,18,7,1,25.04177,121.58735,11
500111070,20231010,347,18,7,1,25.04177,121.58735,11
500111070,20231010,348,18,7,1,25.04177,121.58735,11
500111070,20231010,349,18,7,1,25.04177,121.58735,11
500111070,20231010,350,18,7,1,25.04177,121.58735,11
500111070,20231010,351,18,7,1,25.04177,121.58735,11
500111070,20231010,352,18,7,1,25.04177,121.58735,11
500111070,20231010,353,18,7,1,25.04177,121.58735,11
500111070,20231010,354,18,7,1,25.04177,121.58735,11
500111070,20231010,355,18,7,1,25.04177,121.58735,11
500111070,20231010,356,18,7,1,25.04177,121.58735,11
500111070,20231010,357,18,7,1,25.04177,121.58735,11
500111070,20231010,358,18,7,1,25.04177,121.58735,11
500111070,20231010,359,18,7,1,25.04177,121.58735,11
500111070,20231010,360,18,7,1,25.04177,121.58735,11
500111070,20231010,361,18,7,1,25.04177,121.58735,11
500111070,20231010,362,18,7,1,25.04177,121.58735,11
500111070,20231010,363,18,7,1,25.04177,121.58735,11
500111070,20231010,364,18,7,1,25.04177,121.58735,11
500111070,20231010,365,18,7,1,25.04177,121.58735,11
500111070,20231010,366,18,7,1,25.04177,121.58735,11
500111070,20231010,367,18,7,1,25.04177,121.58735,11
500111070,20231010,368,18,7,1,25.04177,121.58735,11
500111070,20231010,369,18,7,1,25.04177,121.58735,11
500111070,20231010,370,18,7,1,25.04177,121.58735,11
500111070,20231010,371,18,7,1,25.04177,121.58735,11
500111070,20231010,372,18,7,1,25.04177,121.58735,11
500111070,20231010,373,18,8,1,25.04177,121.58735,10
500111070,20231010,374,18,8,1,25.04177,121.58735,10
500111070,20231010,375,18,8,1,25.04177,121.58735,10
500111070,20231010,376,18,8,1,25.04177,121.58735,10
500111070,20231010,377,18,8,1,25.04177,121.58735,10
500111070,20231010,378,18,8,1,25.04177,121.58735,10
500111070,20231010,379,18,8,1,25.04177,121.58735,10
500111070,20231010,381,18,8,1,25.04177,121.58735,10
500111070,20231010,382,18,8,1,25.04177,121.58735,10
500111070,20231010,383,18,8,1,25.04177,121.58735,10
500111070,20231010,384,18,8,1,25.04177,121.58735,10
500111070,20231010,385,18,8,1,25.04177,121.58735,10
500111070,20231010,386,18,8,1,25.04177,121.58735,10
500111070,20231010,387,18,8,1,25.04177,121.58735,10
500111070,20231010,388,18,8,1,25.04177,121.58735,10
500111070,20231010,389,18,8,1,25.04177,121.58735,10
500111070,20231010,390,18,8,1,25.04177,121.58735,10
500111070,20231010,391,18,8,1,25.04177,121.58735,10
500111070,20231010,392,18,8,1,25.04177,121.58735,10
500111070,20231010,393,18,8,1,25.04177,121.58735,10
500111070,20231010,394,18,8,1,25.04177,121.58735,10
500111070,20231010,395,18,8,1,25.04177,121.58735,10
500111070,20231010,396,18,8,1,25.04177,121.58735,10
500111070,20231010,397,18,8,1,25.04177,121.58735,10
500111070,20231010,398,18,8,1,25.04177,121.58735,10
500111070,20231010,399,18,8,1,25.04177,121.58735,10
500111070,20231010,400,18,8,1,25.04177,121.58735,10
500111070,20231010,401,18,8,1,25.04177,121.58735,10
500111070,20231010,402,18,8,1,25.04177,121.58735,10
500111070,20231010,403,18,8,1,25.04177,121.58735,10
500111070,20231010,404,18,6,1,25.04177,121.58735,12
500111070,20231010,405,18,6,1,25.04177,121.58735,12
500111070,20231010,406,18,6,1,25.04177,121.58735,12
500111070,20231010,407,18,6,1,25.04177,121.58735,12
500111070,20231010,408,18,6,1,25.04177,121.58735,12
500111070,20231010,409,18,6,1,25.04177,121.58735,12
500111070,20231010,410,18,6,1,25.04177,121.58735,12
500111070,20231010,411,18,6,1,25.04177,121.58735,12
500111070,20231010,412,18,6,1,25.04177,121.58735,12
500111070,20231010,413,18,6,1,25.04177,121.58735,12
500111070,20231010,414,18,6,1,25.04177,121.58735,12
500111070,20231010,415,18,6,1,25.04177,121.58735,12
500111070,20231010,416,18,6,1,25.04177,121.58735,12
500111070,20231010,417,18,6,1,25.04177,121.58735,12
500111070,20231010,418,18,6,1,25.04177,121.58735,12
500111070,20231010,419,18,6,1,25.04177,121.58735,12
500111070,20231010,420,18,6,1,25.04177,121.58735,12
500111070,20231010,421,18,6,1,25.04177,121.58735,12
500111070,20231010,422,18,6,1,25.04177,121.58735,12
500111070,20231010,423,18,6,1,25.04177,121.58735,12
500111070,20231010,424,18,6,1,25.04177,121.58735,12
500111070,20231010,425,18,6,1,25.04177,121.58735,12
500111070,20231010,426,18,6,1,25.04177,121.58735,12
500111070,20231010,427,18,6,1,25.04177,121.58735,12
500111070,20231010,428,18,6,1,25.04177,121.58735,12
500111070,20231010,429,18,6,1,25.04177,121.58735,12
500111070,20231010,430,18,6,1,25.04177,121.58735,12
500111070,20231010,431,18,6,1,25.04177,121.58735,12
500111070,20231010,432,18,6,1,25.04177,121.58735,12
500111070,20231010,433,18,6,1,25.04177,121.58735,12
500111070,20231010,434,18,6,1,25.04177,121.58735,12
500111070,20231010,435,18,6,1,25.04177,121.58735,12
500111070,20231010,436,18,6,1,25.04177,121.58735,12
500111070,20231010,437,18,6,1,25.04177,121.58735,12
500111070,20231010,438,18,6,1,25.04177,121.58735,12
500111070,20231010,439,18,6,1,25.04177,121.58735,12
500111070,20231010,441,18,6,1,25.04177,121.58735,12
500111070,20231010,442,18,6,1,25.04177,121.58735,12
500111070,20231010,443,18,6,1,25.04177,121.58735,12
500111070,20231010,444,18,6,1,25.04177,121.58735,12
500111070,20231010,445,18,6,1,25.04177,121.58735,12
500111070,20231010,446,18,6,1,25.04177,121.58735,12
500111070,20231010,447,18,6,1,25.04177,121.58735,12
500111070,20231010,448,18,6,1,25.04177,121.58735,12
500111070,20231010,449,18,6,1,25.04177,121.58735,12
500111070,20231010,450,18,6,1,25.04177,121.58735,12
500111070,20231010,451,18,6,1,25.04177,121.58735,12
500111070,20231010,452,18,6,1,25.04177,121.58735,12
500111070,20231010,453,18,6,1,25.04177,121.58735,12
500111070,20231010,454,18,6,1,25.04177,121.58735,12
500111070,20231010,455,18,6,1,25.04177,121.58735,12
500111070,20231010,456,18,6,1,25.04177,121.58735,12
500111070,20231010,457,18,6,1,25.04177,121.58735,12
500111070,20231010,458,18,6,1,25.04177,121.58735,12
500111070,20231010,459,18,6,1,25.04177,121.58735,12
500111070,20231010,460,18,6,1,25.04177,121.58735,12
500111070,20231010,461,18,6,1,25.04177,121.58735,12
500111070,20231010,462,18,5,1,25.04177,121.58735,13
500111070,20231010,463,18,5,1,25.04177,121.58735,13
500111070,20231010,464,18,5,1,25.04177,121.58735,13
500111070,20231010,465,18,5,1,25.04177,121.58735,13
500111070,20231010,466,18,5,1,25.04177,121.58735,13
500111070,20231010,467,18,5,1,25.04177,121.58735,13
500111070,20231010,468,18,5,1,25.04177,121.58735,13
500111070,20231010,469,18,5,1,25.04177,121.58735,13
500111070,20231010,470,18,5,1,25.04177,121.58735,13
500111070,20231010,471,18,5,1,25.04177,121.58735,13
500111070,20231010,472,18,5,1,25.04177,121.58735,13
500111070,20231010,473,18,5,1,25.04177,121.58735,13
500111070,20231010,474,18,5,1,25.04177,121.58735,13
500111070,20231010,475,18,5,1,25.04177,121.58735,13
500111070,20231010,476,18,5,1,25.04177,121.58735,13
500111070,20231010,477,18,5,1,25.04177,121.58735,13
500111070,20231010,478,18,5,1,25.04177,121.58735,13
500111070,20231010,479,18,6,1,25.04177,121.58735,12
500111070,20231010,481,18,7,1,25.04177,121.58735,11
500111070,20231010,482,18,7,1,25.04177,121.58735,11
500111070,20231010,483,18,7,1,25.04177,121.58735,11
500111070,20231010,484,18,7,1,25.04177,121.58735,11
500111070,20231010,485,18,7,1,25.04177,121.58735,11
500111070,20231010,486,18,7,1,25.04177,121.58735,11
500111070,20231010,487,18,7,1,25.04177,121.58735,11
500111070,20231010,488,18,7,1,25.04177,121.58735,11
500111070,20231010,489,18,7,1,25.04177,121.58735,11
500111070,20231010,490,18,7,1,25.04177,121.58735,11
500111070,20231010,491,18,7,1,25.04177,121.58735,11
500111070,20231010,492,18,7,1,25.04177,121.58735,11
500111070,20231010,493,18,7,1,25.04177,121.58735,11
500111070,20231010,494,18,7,1,25.04177,121.58735,11
500111070,20231010,495,18,7,1,25.04177,121.58735,11
500111070,20231010,496,18,7,1,25.04177,121.58735,11
500111070,20231010,497,18,7,1,25.04177,121.58735,11
500111070,20231010,498,18,7,1,25.04177,121.58735,11
500111070,20231010,499,18,5,1,25.04177,121.58735,13
500111070,20231010,501,18,1,1,25.04177,121.58735,17
500111070,20231010,502,18,1,1,25.04177,121.58735,17
500111070,20231010,505,18,1,1,25.04177,121.58735,17
500111070,20231010,506,18,1,1,25.04177,121.58735,17
500111070,20231010,507,18,1,1,25.04177,121.58735,17
500111070,20231010,509,18,1,1,25.04177,121.58735,17
500111070,20231010,510,18,1,1,25.04177,121.58735,17
500111070,20231010,511,18,1,1,25.04177,121.58735,17
500111070,20231010,512,18,1,1,25.04177,121.58735,17
500111070,20231010,513,18,1,1,25.04177,121.58735,17
500111070,20231010,514,18,1,1,25.04177,121.58735,17
500111070,20231010,515,18,1,1,25.04177,121.58735,17
500111070,20231010,516,18,1,1,25.04177,121.58735,17
500111070,20231010,517,18,1,1,25.04177,121.58735,17
500111070,20231010,518,18,1,1,25.04177,121.58735,17
500111070,20231010,519,18,1,1,25.04177,121.58735,17
500111070,20231010,520,18,1,1,25.04177,121.58735,17
500111070,20231010,521,18,1,1,25.04177,121.58735,17
500111070,20231010,522,18,1,1,25.04177,121.58735,17
500111070,20231010,523,18,1,1,25.04177,121.58735,17
500111070,20231010,524,18,1,1,25.04177,121.58735,17
500111070,20231010,525,18,1,1,25.04177,121.58735,17
500111070,20231010,526,18,1,1,25.04177,121.58735,17
500111070,20231010,527,18,1,1,25.04177,121.58735,17
500111070,20231010,528,18,0,1,25.04177,121.58735,18
500111070,20231010,529,18,0,1,25.04177,121.58735,18
500111070,20231010,530,18,0,1,25.04177,121.58735,18
500111070,20231010,531,18,0,1,25.04177,121.58735,18
500111070,20231010,532,18,0,1,25.04177,121.58735,18
500111070,20231010,533,18,0,1,25.04177,121.58735,18
500111070,20231010,534,18,0,1,25.04177,121.58735,18
500111070,20231010,535,18,0,1,25.04177,121.58735,18
500111070,20231010,536,18,0,1,25.04177,121.58735,18
500111070,20231010,537,18,0,1,25.04177,121.58735,18
500111070,20231010,538,18,0,1,25.04177,121.58735,18
500111070,20231010,539,18,0,1,25.04177,121.58735,18
500111070,20231010,541,18,0,1,25.04177,121.58735,18
500111070,20231010,542,18,0,1,25.04177,121.58735,18
500111070,20231010,543,18,0,1,25.04177,121.58735,18
500111070,20231010,544,18,0,1,25.04177,121.58735,18
500111070,20231010,545,18,0,1,25.04177,121.58735,18
500111070,20231010,546,18,0,1,25.04177,121.58735,18
500111070,20231010,547,18,0,1,25.04177,121.58735,18
500111070,20231010,548,18,0,1,25.04177,121.58735,18
500111070,20231010,549,18,0,1,25.04177,121.58735,18
500111070,20231010,550,18,0,1,25.04177,121.58735,18
500111070,20231010,551,18,0,1,25.04177,121.58735,18
500111070,20231010,552,18,0,1,25.04177,121.58735,18
500111070,20231010,553,18,0,1,25.04177,121.58735,18
500111070,20231010,554,18,0,1,25.04177,121.58735,18
500111070,20231010,555,18,0,1,25.04177,121.58735,18
500111070,20231010,556,18,0,1,25.04177,121.58735,18
500111070,20231010,557,18,0,1,25.04177,121.58735,18
500111070,20231010,558,18,0,1,25.04177,121.58735,18
500111070,20231010,559,18,0,1,25.04177,121.58735,18
500111070,20231010,561,18,1,1,25.04177,121.58735,17
500111070,20231010,562,18,1,1,25.04177,121.58735,17
500111070,20231010,563,18,1,1,25.04177,121.58735,17
500111070,20231010,564,18,1,1,25.04177,121.58735,17
500111070,20231010,565,18,1,1,25.04177,121.58735,17
500111070,20231010,566,18,1,1,25.04177,121.58735,17
500111070,20231010,567,18,1,1,25.04177,121.58735,17
500111070,20231010,568,18,1,1,25.04177,121.58735,17
500111070,20231010,569,18,1,1,25.04177,121.58735,17
500111070,20231010,570,18,1,1,25.04177,121.58735,17
500111070,20231010,571,18,1,1,25.04177,121.58735,17
500111070,20231010,572,18,1,1,25.04177,121.58735,17
500111070,20231010,573,18,1,1,25.04177,121.58735,17
500111070,20231010,574,18,0,1,25.04177,121.58735,18
500111070,20231010,576,18,0,1,25.04177,121.58735,18
500111070,20231010,577,18,0,1,25.04177,121.58735,18
500111070,20231010,578,18,0,1,25.04177,121.58735,18
500111070,20231010,579,18,0,1,25.04177,121.58735,18
500111070,20231010,580,18,1,1,25.04177,121.58735,17
500111070,20231010,581,18,1,1,25.04177,121.58735,17
500111070,20231010,582,18,1,1,25.04177,121.58735,17
500111070,20231010,583,18,1,1,25.04177,121.58735,17
500111070,20231010,584,18,1,1,25.04177,121.58735,17
500111070,20231010,585,18,1,1,25.04177,121.58735,17
500111070,20231010,586,18,1,1,25.04177,121.58735,17
500111070,20231010,587,18,1,1,25.04177,121.58735,17
500111070,20231010,588,18,1,1,25.04177,121.58735,17
500111070,20231010,589,18,1,1,25.04177,121.58735,17
500111070,20231010,590,18,1,1,25.04177,121.58735,17
500111070,20231010,591,18,1,1,25.04177,121.58735,17
500111070,20231010,592,18,1,1,25.04177,121.58735,17
500111070,20231010,593,18,1,1,25.04177,121.58735,17
500111070,20231010,594,18,1,1,25.04177,121.58735,17
500111070,20231010,595,18,1,1,25.04177,121.58735,17
500111070,20231010,596,18,1,1,25.04177,121.58735,17
500111070,20231010,597,18,1,1,25.04177,121.58735,17
500111070,20231010,598,18,1,1,25.04177,121.58735,17
500111070,20231010,599,18,1,1,25.04177,121.58735,17
500111070,20231010,603,18,2,1,25.04177,121.58735,16
500111070,20231010,604,18,2,1,25.04177,121.58735,16
500111070,20231010,605,18,1,1,25.04177,121.58735,17
500111070,20231010,606,18,1,1,25.04177,121.58735,17
500111070,20231010,607,18,1,1,25.04177,121.58735,17
500111070,20231010,608,18,1,1,25.04177,121.58735,17
500111070,20231010,609,18,1,1,25.04177,121.58735,17
500111070,20231010,610,18,1,1,25.04177,121.58735,17
500111070,20231010,611,18,1,1,25.04177,121.58735,17
500111070,20231010,612,18,1,1,25.04177,121.58735,17
500111070,20231010,613,18,1,1,25.04177,121.58735,17
500111070,20231010,614,18,1,1,25.04177,121.58735,17
500111070,20231010,615,18,1,1,25.04177,121.58735,17
500111070,20231010,616,18,0,1,25.04177,121.58735,18
500111070,20231010,617,18,0,1,25.04177,121.58735,18
500111070,20231010,618,18,0,1,25.04177,121.58735,18
500111070,20231010,619,18,0,1,25.04177,121.58735,18
500111070,20231010,621,18,3,1,25.04177,121.58735,15
500111070,20231010,622,18,3,1,25.04177,121.58735,15
500111070,20231010,623,18,3,1,25.04177,121.58735,15
500111070,20231010,624,18,3,1,25.04177,121.58735,15
500111070,20231010,625,18,3,1,25.04177,121.58735,15
500111070,20231010,626,18,3,1,25.04177,121.58735,15
500111070,20231010,627,18,3,1,25.04177,121.58735,15
500111070,20231010,628,18,3,1,25.04177,121.58735,15
500111070,20231010,629,18,3,1,25.04177,121.58735,15
500111070,20231010,631,18,3,1,25.04177,121.58735,15
500111070,20231010,632,18,3,1,25.04177,121.58735,15
500111070,20231010,633,18,4,1,25.04177,121.58735,14
500111070,20231010,634,18,5,1,25.04177,121.58735,13
500111070,20231010,635,18,6,1,25.04177,121.58735,12
500111070,20231010,636,18,6,1,25.04177,121.58735,12
500111070,20231010,637,18,6,1,25.04177,121.58735,12
500111070,20231010,638,18,6,1,25.04177,121.58735,12
500111070,20231010,639,18,6,1,25.04177,121.58735,12
500111070,20231010,640,18,6,1,25.04177,121.58735,12
500111070,20231010,641,18,6,1,25.04177,121.58735,12
500111070,20231010,642,18,6,1,25.04177,121.58735,12
500111070,20231010,643,18,6,1,25.04177,121.58735,12
500111070,20231010,644,18,6,1,25.04177,121.58735,12
500111070,20231010,645,18,6,1,25.04177,121.58735,12
500111070,20231010,646,18,6,1,25.04177,121.58735,12
500111070,20231010,647,18,6,1,25.04177,121.58735,12
500111070,20231010,648,18,6,1,25.04177,121.58735,12
500111070,20231010,649,18,6,1,25.04177,121.58735,12
500111070,20231010,650,18,6,1,25.04177,121.58735,12
500111070,20231010,651,18,8,1,25.04177,121.58735,10
500111070,20231010,652,18,10,1,25.04177,121.58735,8
500111070,20231010,653,18,11,1,25.04177,121.58735,7
500111070,20231010,654,18,7,1,25.04177,121.58735,11
500111070,20231010,655,18,7,1,25.04177,121.58735,11
500111070,20231010,656,18,6,1,25.04177,121.58735,12
500111070,20231010,657,18,6,1,25.04177,121.58735,12
500111070,20231010,658,18,7,1,25.04177,121.58735,11
500111070,20231010,659,18,6,1,25.04177,121.58735,12
500111070,20231010,661,18,5,1,25.04177,121.58735,13
500111070,20231010,662,18,5,1,25.04177,121.58735,13
500111070,20231010,663,18,5,1,25.04177,121.58735,13
500111070,20231010,664,18,5,1,25.04177,121.58735,13
500111070,20231010,665,18,5,1,25.04177,121.58735,13
500111070,20231010,666,18,5,1,25.04177,121.58735,13
500111070,20231010,667,18,5,1,25.04177,121.58735,13
500111070,20231010,668,18,5,1,25.04177,121.58735,13
500111070,20231010,669,18,4,1,25.04177,121.58735,14
500111070,20231010,670,18,4,1,25.04177,121.58735,14
500111070,20231010,671,18,4,1,25.04177,121.58735,14
500111070,20231010,672,18,4,1,25.04177,121.58735,14
500111070,20231010,673,18,4,1,25.04177,121.58735,14
500111070,20231010,674,18,4,1,25.04177,121.58735,14
500111070,20231010,675,18,4,1,25.04177,121.58735,14
500111070,20231010,676,18,4,1,25.04177,121.58735,14
500111070,20231010,677,18,4,1,25.04177,121.58735,14
500111070,20231010,678,18,5,1,25.04177,121.58735,13
500111070,20231010,679,18,5,1,25.04177,121.58735,13
500111070,20231010,681,18,6,1,25.04177,121.58735,12
500111070,20231010,682,18,6,1,25.04177,121.58735,12
500111070,20231010,683,18,6,1,25.04177,121.58735,12
500111070,20231010,684,18,6,1,25.04177,121.58735,12
500111070,20231010,685,18,6,1,25.04177,121.58735,12
500111070,20231010,686,18,6,1,25.04177,121.58735,12
500111070,20231010,687,18,6,1,25.04177,121.58735,12
500111070,20231010,688,18,6,1,25.04177,121.58735,12
500111070,20231010,689,18,6,1,25.04177,121.58735,12
500111070,20231010,690,18,6,1,25.04177,121.58735,12
500111070,20231010,691,18,6,1,25.04177,121.58735,12
500111070,20231010,692,18,6,1,25.04177,121.58735,12
500111070,20231010,693,18,6,1,25.04177,121.58735,12
500111070,20231010,694,18,6,1,25.04177,121.58735,12
500111070,20231010,695,18,6,1,25.04177,121.58735,12
500111070,20231010,696,18,6,1,25.04177,121.58735,12
500111070,20231010,697,18,6,1,25.04177,121.58735,12
500111070,20231010,698,18,6,1,25.04177,121.58735,12
500111070,20231010,699,18,5,1,25.04177,121.58735,13
500111070,20231010,700,18,5,1,25.04177,121.58735,13
500111070,20231010,701,18,5,1,25.04177,121.58735,13
500111070,20231010,702,18,6,1,25.04177,121.58735,12
500111070,20231010,703,18,6,1,25.04177,121.58735,12
500111070,20231010,704,18,6,1,25.04177,121.58735,12
500111070,20231010,705,18,6,1,25.04177,121.58735,12
500111070,20231010,706,18,6,1,25.04177,121.58735,12
500111070,20231010,707,18,6,1,25.04177,121.58735,12
500111070,20231010,708,18,6,1,25.04177,121.58735,12
500111070,20231010,709,18,6,1,25.04177,121.58735,12
500111070,20231010,710,18,6,1,25.04177,121.58735,12
500111070,20231010,711,18,6,1,25.04177,121.58735,12
500111070,20231010,712,18,6,1,25.04177,121.58735,12
500111070,20231010,713,18,6,1,25.04177,121.58735,12
500111070,20231010,714,18,6,1,25.04177,121.58735,12
500111070,20231010,715,18,6,1,25.04177,121.58735,12
500111070,20231010,716,18,6,1,25.04177,121.58735,12
500111070,20231010,717,18,7,1,25.04177,121.58735,11
500111070,20231010,718,18,8,1,25.04177,121.58735,10
500111070,20231010,719,18,8,1,25.04177,121.58735,10
500111070,20231010,721,18,8,1,25.04177,121.58735,10
500111070,20231010,722,18,8,1,25.04177,121.58735,10
500111070,20231010,723,18,8,1,25.04177,121.58735,10
500111070,20231010,724,18,8,1,25.04177,121.58735,10
500111070,20231010,725,18,8,1,25.04177,121.58735,10
500111070,20231010,726,18,8,1,25.04177,121.58735,10
500111070,20231010,727,18,8,1,25.04177,121.58735,10
500111070,20231010,728,18,8,1,25.04177,121.58735,10
500111070,20231010,729,18,8,1,25.04177,121.58735,10
500111070,20231010,730,18,8,1,25.04177,121.58735,10
500111070,20231010,731,18,8,1,25.04177,121.58735,10
500111070,20231010,732,18,8,1,25.04177,121.58735,10
500111070,20231010,733,18,8,1,25.04177,121.58735,10
500111070,20231010,734,18,8,1,25.04177,121.58735,10
500111070,20231010,735,18,8,1,25.04177,121.58735,10
500111070,20231010,736,18,8,1,25.04177,121.58735,10
500111070,20231010,737,18,8,1,25.04177,121.58735,10
500111070,20231010,738,18,8,1,25.04177,121.58735,10
500111070,20231010,739,18,8,1,25.04177,121.58735,10
500111070,20231010,741,18,8,1,25.04177,121.58735,10
500111070,20231010,742,18,8,1,25.04177,121.58735,10
500111070,20231010,743,18,8,1,25.04177,121.58735,10
500111070,20231010,744,18,8,1,25.04177,121.58735,10
500111070,20231010,745,18,8,1,25.04177,121.58735,10
500111070,20231010,746,18,8,1,25.04177,121.58735,10
500111070,20231010,747,18,8,1,25.04177,121.58735,10
500111070,20231010,748,18,8,1,25.04177,121.58735,10
500111070,20231010,749,18,8,1,25.04177,121.58735,10
500111070,20231010,751,18,8,1,25.04177,121.58735,10
500111070,20231010,752,18,8,1,25.04177,121.58735,10
500111070,20231010,753,18,8,1,25.04177,121.58735,10
500111070,20231010,754,18,8,1,25.04177,121.58735,10
500111070,20231010,755,18,8,1,25.04177,121.58735,10
500111070,20231010,756,18,8,1,25.04177,121.58735,10
500111070,20231010,757,18,8,1,25.04177,121.58735,10
500111070,20231010,758,18,8,1,25.04177,121.58735,10
500111070,20231010,759,18,8,1,25.04177,121.58735,10
500111070,20231010,760,18,8,1,25.04177,121.58735,10
500111070,20231010,761,18,9,1,25.04177,121.58735,9
500111070,20231010,762,18,9,1,25.04177,121.58735,9
500111070,20231010,763,18,9,1,25.04177,121.58735,9
500111070,20231010,764,18,9,1,25.04177,121.58735,9
500111070,20231010,765,18,9,1,25.04177,121.58735,9
500111070,20231010,766,18,9,1,25.04177,121.58735,9
500111070,20231010,767,18,9,1,25.04177,121.58735,9
500111070,20231010,768,18,9,1,25.04177,121.58735,9
500111070,20231010,769,18,9,1,25.04177,121.58735,9
500111070,20231010,770,18,9,1,25.04177,121.58735,9
500111070,20231010,771,18,9,1,25.04177,121.58735,9
500111070,20231010,772,18,9,1,25.04177,121.58735,9
500111070,20231010,773,18,9,1,25.04177,121.58735,9
500111070,20231010,774,18,8,1,25.04177,121.58735,10
500111070,20231010,775,18,8,1,25.04177,121.58735,10
500111070,20231010,776,18,8,1,25.04177,121.58735,10
500111070,20231010,777,18,8,1,25.04177,121.58735,10
500111070,20231010,778,18,8,1,25.04177,121.58735,10
500111070,20231010,779,18,8,1,25.04177,121.58735,10
500111070,20231010,781,18,8,1,25.04177,121.58735,10
500111070,20231010,782,18,9,1,25.04177,121.58735,9
500111070,20231010,783,18,9,1,25.04177,121.58735,9
500111070,20231010,784,18,9,1,25.04177,121.58735,9
500111070,20231010,785,18,9,1,25.04177,121.58735,9
500111070,20231010,786,18,9,1,25.04177,121.58735,9
500111070,20231010,787,18,9,1,25.04177,121.58735,9
500111070,20231010,788,18,9,1,25.04177,121.58735,9
500111070,20231010,789,18,9,1,25.04177,121.58735,9
500111070,20231010,790,18,9,1,25.04177,121.58735,9
500111070,20231010,791,18,9,1,25.04177,121.58735,9
500111070,20231010,792,18,9,1,25.04177,121.58735,9
500111070,20231010,793,18,9,1,25.04177,121.58735,9
500111070,20231010,794,18,9,1,25.04177,121.58735,9
500111070,20231010,795,18,9,1,25.04177,121.58735,9
500111070,20231010,796,18,8,1,25.04177,121.58735,10
500111070,20231010,798,18,8,1,25.04177,121.58735,10
500111070,20231010,799,18,8,1,25.04177,121.58735,10
500111070,20231010,801,18,8,1,25.04177,121.58735,10
500111070,20231010,802,18,8,1,25.04177,121.58735,10
500111070,20231010,803,18,8,1,25.04177,121.58735,10
500111070,20231010,804,18,8,1,25.04177,121.58735,10
500111070,20231010,805,18,7,1,25.04177,121.58735,11
500111070,20231010,806,18,7,1,25.04177,121.58735,11
500111070,20231010,807,18,6,1,25.04177,121.58735,12
500111070,20231010,808,18,6,1,25.04177,121.58735,12
500111070,20231010,809,18,6,1,25.04177,121.58735,12
500111070,20231010,811,18,5,1,25.04177,121.58735,13
500111070,20231010,812,18,5,1,25.04177,121.58735,13
500111070,20231010,813,18,5,1,25.04177,121.58735,13
500111070,20231010,814,18,5,1,25.04177,121.58735,13
500111070,20231010,815,18,5,1,25.04177,121.58735,13
500111070,20231010,816,18,5,1,25.04177,121.58735,13
500111070,20231010,817,18,5,1,25.04177,121.58735,13
500111070,20231010,818,18,5,1,25.04177,121.58735,13
500111070,20231010,819,18,5,1,25.04177,121.58735,13
500111070,20231010,820,18,5,1,25.04177,121.58735,13
500111070,20231010,821,18,5,1,25.04177,121.58735,13
500111070,20231010,822,18,5,1,25.04177,121.58735,13
500111070,20231010,823,18,5,1,25.04177,121.58735,13
500111070,20231010,824,18,5,1,25.04177,121.58735,13
500111070,20231010,825,18,5,1,25.04177,121.58735,13
500111070,20231010,826,18,5,1,25.04177,121.58735,13
500111070,20231010,827,18,5,1,25.04177,121.58735,13
500111070,20231010,828,18,5,1,25.04177,121.58735,13
500111070,20231010,829,18,5,1,25.04177,121.58735,13
500111070,20231010,830,18,5,1,25.04177,121.58735,13
500111070,20231010,831,18,5,1,25.04177,121.58735,13
500111070,20231010,832,18,5,1,25.04177,121.58735,13
500111070,20231010,833,18,5,1,25.04177,121.58735,13
500111070,20231010,834,18,5,1,25.04177,121.58735,13
500111070,20231010,835,18,5,1,25.04177,121.58735,13
500111070,20231010,836,18,5,1,25.04177,121.58735,13
500111070,20231010,837,18,5,1,25.04177,121.58735,13
500111070,20231010,838,18,4,1,25.04177,121.58735,14
500111070,20231010,839,18,3,1,25.04177,121.58735,15
500111070,20231010,841,18,3,1,25.04177,121.58735,15
500111070,20231010,842,18,4,1,25.04177,121.58735,14
500111070,20231010,843,18,4,1,25.04177,121.58735,14
500111070,20231010,844,18,4,1,25.04177,121.58735,14
500111070,20231010,845,18,4,1,25.04177,121.58735,14
500111070,20231010,846,18,4,1,25.04177,121.58735,14
500111070,20231010,847,18,5,1,25.04177,121.58735,13
500111070,20231010,848,18,5,1,25.04177,121.58735,13
500111070,20231010,849,18,6,1,25.04177,121.58735,12
500111070,20231010,850,18,6,1,25.04177,121.58735,12
500111070,20231010,851,18,6,1,25.04177,121.58735,12
500111070,20231010,852,18,8,1,25.04177,121.58735,10
500111070,20231010,853,18,8,1,25.04177,121.58735,10
500111070,20231010,854,18,8,1,25.04177,121.58735,10
500111070,20231010,855,18,8,1,25.04177,121.58735,10
500111070,20231010,856,18,8,1,25.04177,121.58735,10
500111070,20231010,857,18,8,1,25.04177,121.58735,10
500111070,20231010,858,18,8,1,25.04177,121.58735,10
500111070,20231010,859,18,7,1,25.04177,121.58735,11
500111070,20231010,861,18,7,1,25.04177,121.58735,11
500111070,20231010,862,18,7,1,25.04177,121.58735,11
500111070,20231010,863,18,7,1,25.04177,121.58735,11
500111070,20231010,864,18,7,1,25.04177,121.58735,11
500111070,20231010,865,18,8,1,25.04177,121.58735,10
500111070,20231010,866,18,8,1,25.04177,121.58735,10
500111070,20231010,867,18,8,1,25.04177,121.58735,10
500111070,20231010,868,18,8,1,25.04177,121.58735,10
500111070,20231010,869,18,9,1,25.04177,121.58735,9
500111070,20231010,871,18,9,1,25.04177,121.58735,9
500111070,20231010,872,18,9,1,25.04177,121.58735,9
500111070,20231010,873,18,9,1,25.04177,121.58735,9
500111070,20231010,874,18,9,1,25.04177,121.58735,9
500111070,20231010,875,18,9,1,25.04177,121.58735,9
500111070,20231010,876,18,9,1,25.04177,121.58735,9
500111070,20231010,877,18,9,1,25.04177,121.58735,9
500111070,20231010,878,18,9,1,25.04177,121.58735,9
500111070,20231010,879,18,9,1,25.04177,121.58735,9
500111070,20231010,880,18,9,1,25.04177,121.58735,9
500111070,20231010,881,18,9,1,25.04177,121.58735,9
500111070,20231010,882,18,9,1,25.04177,121.58735,9
500111070,20231010,883,18,9,1,25.04177,121.58735,9
500111070,20231010,884,18,9,1,25.04177,121.58735,9
500111070,20231010,885,18,9,1,25.04177,121.58735,9
500111070,20231010,886,18,9,1,25.04177,121.58735,9
500111070,20231010,887,18,9,1,25.04177,121.58735,9
500111070,20231010,888,18,9,1,25.04177,121.58735,9
500111070,20231010,889,18,9,1,25.04177,121.58735,9
500111070,20231010,890,18,9,1,25.04177,121.58735,9
500111070,20231010,891,18,9,1,25.04177,121.58735,9
500111070,20231010,892,18,9,1,25.04177,121.58735,9
500111070,20231010,893,18,9,1,25.04177,121.58735,9
500111070,20231010,894,18,9,1,25.04177,121.58735,9
500111070,20231010,895,18,9,1,25.04177,121.58735,9
500111070,20231010,896,18,9,1,25.04177,121.58735,9
500111070,20231010,897,18,9,1,25.04177,121.58735,9
500111070,20231010,898,18,9,1,25.04177,121.58735,9
500111070,20231010,899,18,9,1,25.04177,121.58735,9
500111070,20231010,901,18,9,1,25.04177,121.58735,9
500111070,20231010,902,18,9,1,25.04177,121.58735,9
500111070,20231010,903,18,9,1,25.04177,121.58735,9
500111070,20231010,904,18,9,1,25.04177,121.58735,9
500111070,20231010,905,18,9,1,25.04177,121.58735,9
500111070,20231010,906,18,9,1,25.04177,121.58735,9
500111070,20231010,907,18,9,1,25.04177,121.58735,9
500111070,20231010,908,18,9,1,25.04177,121.58735,9
500111070,20231010,909,18,9,1,25.04177,121.58735,9
500111070,20231010,910,18,9,1,25.04177,121.58735,9
500111070,20231010,911,18,9,1,25.04177,121.58735,9
500111070,20231010,912,18,9,1,25.04177,121.58735,9
500111070,20231010,913,18,9,1,25.04177,121.58735,9
500111070,20231010,914,18,9,1,25.04177,121.58735,9
500111070,20231010,915,18,9,1,25.04177,121.58735,9
500111070,20231010,916,18,9,1,25.04177,121.58735,9
500111070,20231010,918,18,9,1,25.04177,121.58735,9
500111070,20231010,919,18,9,1,25.04177,121.58735,9
500111070,20231010,921,18,9,1,25.04177,121.58735,9
500111070,20231010,922,18,9,1,25.04177,121.58735,9
500111070,20231010,923,18,9,1,25.04177,121.58735,9
500111070,20231010,924,18,9,1,25.04177,121.58735,9
500111070,20231010,925,18,9,1,25.04177,121.58735,9
500111070,20231010,926,18,9,1,25.04177,121.58735,9
500111070,20231010,927,18,9,1,25.04177,121.58735,9
500111070,20231010,928,18,9,1,25.04177,121.58735,9
500111070,20231010,929,18,9,1,25.04177,121.58735,9
500111070,20231010,930,18,9,1,25.04177,121.58735,9
500111070,20231010,931,18,10,1,25.04177,121.58735,8
500111070,20231010,932,18,10,1,25.04177,121.58735,8
500111070,20231010,933,18,10,1,25.04177,121.58735,8
500111070,20231010,934,18,10,1,25.04177,121.58735,8
500111070,20231010,935,18,10,1,25.04177,121.58735,8
500111070,20231010,936,18,10,1,25.04177,121.58735,8
500111070,20231010,937,18,10,1,25.04177,121.58735,8
500111070,20231010,938,18,10,1,25.04177,121.58735,8
500111070,20231010,939,18,10,1,25.04177,121.58735,8
500111070,20231010,940,18,10,1,25.04177,121.58735,8
500111070,20231010,941,18,10,1,25.04177,121.58735,8
500111070,20231010,942,18,10,1,25.04177,121.58735,8
500111070,20231010,943,18,10,1,25.04177,121.58735,8
500111070,20231010,944,18,10,1,25.04177,121.58735,8
500111070,20231010,945,18,10,1,25.04177,121.58735,8
500111070,20231010,946,18,10,1,25.04177,121.58735,8
500111070,20231010,947,18,10,1,25.04177,121.58735,8
500111070,20231010,948,18,9,1,25.04177,121.58735,9
500111070,20231010,949,18,9,1,25.04177,121.58735,9
500111070,20231010,950,18,9,1,25.04177,121.58735,9
500111070,20231010,951,18,9,1,25.04177,121.58735,9
500111070,20231010,952,18,9,1,25.04177,121.58735,9
500111070,20231010,953,18,9,1,25.04177,121.58735,9
500111070,20231010,954,18,9,1,25.04177,121.58735,9
500111070,20231010,955,18,9,1,25.04177,121.58735,9
500111070,20231010,956,18,8,1,25.04177,121.58735,10
500111070,20231010,957,18,8,1,25.04177,121.58735,10
500111070,20231010,958,18,8,1,25.04177,121.58735,10
500111070,20231010,959,18,8,1,25.04177,121.58735,10
500111070,20231010,961,18,8,1,25.04177,121.58735,10
500111070,20231010,962,18,8,1,25.04177,121.58735,10
500111070,20231010,963,18,8,1,25.04177,121.58735,10
500111070,20231010,964,18,8,1,25.04177,121.58735,10
500111070,20231010,965,18,8,1,25.04177,121.58735,10
500111070,20231010,966,18,7,1,25.04177,121.58735,11
500111070,20231010,967,18,7,1,25.04177,121.58735,11
500111070,20231010,968,18,7,1,25.04177,121.58735,11
500111070,20231010,969,18,7,1,25.04177,121.58735,11
500111070,20231010,970,18,7,1,25.04177,121.58735,11
500111070,20231010,971,18,7,1,25.04177,121.58735,11
500111070,20231010,972,18,7,1,25.04177,121.58735,11
500111070,20231010,973,18,7,1,25.04177,121.58735,11
500111070,20231010,974,18,7,1,25.04177,121.58735,11
500111070,20231010,975,18,7,1,25.04177,121.58735,11
500111070,20231010,976,18,7,1,25.04177,121.58735,11
500111070,20231010,977,18,6,1,25.04177,121.58735,12
500111070,20231010,978,18,6,1,25.04177,121.58735,12
500111070,20231010,979,18,6,1,25.04177,121.58735,12
500111070,20231010,981,18,6,1,25.04177,121.58735,12
500111070,20231010,982,18,6,1,25.04177,121.58735,12
500111070,20231010,983,18,6,1,25.04177,121.58735,12
500111070,20231010,984,18,6,1,25.04177,121.58735,12
500111070,20231010,985,18,6,1,25.04177,121.58735,12
500111070,20231010,986,18,6,1,25.04177,121.58735,12
500111070,20231010,987,18,6,1,25.04177,121.58735,12
500111070,20231010,988,18,7,1,25.04177,121.58735,11
500111070,20231010,989,18,7,1,25.04177,121.58735,11
500111070,20231010,991,18,7,1,25.04177,121.58735,11
500111070,20231010,992,18,7,1,25.04177,121.58735,11
500111070,20231010,993,18,7,1,25.04177,121.58735,11
500111070,20231010,994,18,7,1,25.04177,121.58735,11
500111070,20231010,995,18,7,1,25.04177,121.58735,11
500111070,20231010,996,18,7,1,25.04177,121.58735,11
500111070,20231010,997,18,7,1,25.04177,121.58735,11
500111070,20231010,998,18,7,1,25.04177,121.58735,11
500111070,20231010,999,18,7,1,25.04177,121.58735,11
500111070,20231010,1000,18,7,1,25.04177,121.58735,11
500111070,20231010,1001,18,7,1,25.04177,121.58735,11
500111070,20231010,1002,18,8,1,25.04177,121.58735,10
500111070,20231010,1003,18,8,1,25.04177,121.58735,10
500111070,20231010,1004,18,8,1,25.04177,121.58735,10
500111070,20231010,1005,18,8,1,25.04177,121.58735,10
500111070,20231010,1006,18,8,1,25.04177,121.58735,10
500111070,20231010,1007,18,8,1,25.04177,121.58735,10
500111070,20231010,1008,18,8,1,25.04177,121.58735,10
500111070,20231010,1009,18,8,1,25.04177,121.58735,10
500111070,20231010,1010,18,8,1,25.04177,121.58735,10
500111070,20231010,1011,18,9,1,25.04177,121.58735,9
500111070,20231010,1012,18,9,1,25.04177,121.58735,9
500111070,20231010,1013,18,9,1,25.04177,121.58735,9
500111070,20231010,1014,18,10,1,25.04177,121.58735,8
500111070,20231010,1015,18,10,1,25.04177,121.58735,8
500111070,20231010,1016,18,10,1,25.04177,121.58735,8
500111070,20231010,1017,18,10,1,25.04177,121.58735,8
500111070,20231010,1018,18,10,1,25.04177,121.58735,8
500111070,20231010,1019,18,10,1,25.04177,121.58735,8
500111070,20231010,1021,18,9,1,25.04177,121.58735,9
500111070,20231010,1022,18,9,1,25.04177,121.58735,9
500111070,20231010,1023,18,9,1,25.04177,121.58735,9
500111070,20231010,1024,18,9,1,25.04177,121.58735,9
500111070,20231010,1025,18,9,1,25.04177,121.58735,9
500111070,20231010,1026,18,9,1,25.04177,121.58735,9
500111070,20231010,1027,18,9,1,25.04177,121.58735,9
500111070,20231010,1028,18,9,1,25.04177,121.58735,9
500111070,20231010,1029,18,9,1,25.04177,121.58735,9
500111070,20231010,1030,18,9,1,25.04177,121.58735,9
500111070,20231010,1031,18,10,1,25.04177,121.58735,8
500111070,20231010,1032,18,10,1,25.04177,121.58735,8
500111070,20231010,1033,18,10,1,25.04177,121.58735,8
500111070,20231010,1034,18,10,1,25.04177,121.58735,8
500111070,20231010,1035,18,10,1,25.04177,121.58735,8
500111070,20231010,1036,18,10,1,25.04177,121.58735,8
500111070,20231010,1037,18,10,1,25.04177,121.58735,8
500111070,20231010,1038,18,10,1,25.04177,121.58735,8
500111070,20231010,1039,18,10,1,25.04177,121.58735,8
500111070,20231010,1041,18,10,1,25.04177,121.58735,8
500111070,20231010,1042,18,10,1,25.04177,121.58735,8
500111070,20231010,1043,18,10,1,25.04177,121.58735,8
500111070,20231010,1044,18,10,1,25.04177,121.58735,8
500111070,20231010,1045,18,9,1,25.04177,121.58735,9
500111070,20231010,1046,18,9,1,25.04177,121.58735,9
500111070,20231010,1047,18,9,1,25.04177,121.58735,9
500111070,20231010,1048,18,9,1,25.04177,121.58735,9
500111070,20231010,1049,18,9,1,25.04177,121.58735,9
500111070,20231010,1051,18,10,1,25.04177,121.58735,8
500111070,20231010,1052,18,10,1,25.04177,121.58735,8
500111070,20231010,1053,18,10,1,25.04177,121.58735,8
500111070,20231010,1054,18,10,1,25.04177,121.58735,8
500111070,20231010,1055,18,10,1,25.04177,121.58735,8
500111070,20231010,1056,18,10,1,25.04177,121.58735,8
500111070,20231010,1057,18,10,1,25.04177,121.58735,8
500111070,20231010,1058,18,10,1,25.04177,121.58735,8
500111070,20231010,1059,18,10,1,25.04177,121.58735,8
500111070,20231010,1060,18,10,1,25.04177,121.58735,8
500111070,20231010,1061,18,10,1,25.04177,121.58735,8
500111070,20231010,1063,18,10,1,25.04177,121.58735,8
500111070,20231010,1064,18,10,1,25.04177,121.58735,8
500111070,20231010,1065,18,10,1,25.04177,121.58735,8
500111070,20231010,1066,18,10,1,25.04177,121.58735,8
500111070,20231010,1067,18,10,1,25.04177,121.58735,8
500111070,20231010,1068,18,10,1,25.04177,121.58735,8
500111070,20231010,1069,18,10,1,25.04177,121.58735,8
500111070,20231010,1070,18,10,1,25.04177,121.58735,8
500111070,20231010,1071,18,10,1,25.04177,121.58735,8
500111070,20231010,1072,18,10,1,25.04177,121.58735,8
500111070,20231010,1073,18,10,1,25.04177,121.58735,8
500111070,20231010,1074,18,9,1,25.04177,121.58735,9
500111070,20231010,1075,18,9,1,25.04177,121.58735,9
500111070,20231010,1076,18,9,1,25.04177,121.58735,9
500111070,20231010,1077,18,9,1,25.04177,121.58735,9
500111070,20231010,1078,18,9,1,25.04177,121.58735,9
500111070,20231010,1079,18,9,1,25.04177,121.58735,9
500111070,20231010,1081,18,8,1,25.04177,121.58735,10
500111070,20231010,1082,18,8,1,25.04177,121.58735,10
500111070,20231010,1083,18,8,1,25.04177,121.58735,10
500111070,20231010,1084,18,8,1,25.04177,121.58735,10
500111070,20231010,1085,18,8,1,25.04177,121.58735,10
500111070,20231010,1086,18,8,1,25.04177,121.58735,10
500111070,20231010,1087,18,8,1,25.04177,121.58735,10
500111070,20231010,1088,18,8,1,25.04177,121.58735,10
500111070,20231010,1089,18,8,1,25.04177,121.58735,10
500111070,20231010,1090,18,8,1,25.04177,121.58735,10
500111070,20231010,1091,18,8,1,25.04177,121.58735,10
500111070,20231010,1092,18,8,1,25.04177,121.58735,10
500111070,20231010,1093,18,8,1,25.04177,121.58735,10
500111070,20231010,1094,18,8,1,25.04177,121.58735,10
500111070,20231010,1095,18,8,1,25.04177,121.58735,10
500111070,20231010,1096,18,8,1,25.04177,121.58735,10
500111070,20231010,1097,18,8,1,25.04177,121.58735,10
500111070,20231010,1098,18,8,1,25.04177,121.58735,10
500111070,20231010,1099,18,8,1,25.04177,121.58735,10
500111070,20231010,1101,18,8,1,25.04177,121.58735,10
500111070,20231010,1102,18,8,1,25.04177,121.58735,10
500111070,20231010,1103,18,8,1,25.04177,121.58735,10
500111070,20231010,1104,18,8,1,25.04177,121.58735,10
500111070,20231010,1105,18,8,1,25.04177,121.58735,10
500111070,20231010,1106,18,8,1,25.04177,121.58735,10
500111070,20231010,1107,18,8,1,25.04177,121.58735,10
500111070,20231010,1108,18,8,1,25.04177,121.58735,10
500111070,20231010,1109,18,8,1,25.04177,121.58735,10
500111070,20231010,1111,18,8,1,25.04177,121.58735,10
500111070,20231010,1112,18,8,1,25.04177,121.58735,10
500111070,20231010,1113,18,8,1,25.04177,121.58735,10
500111070,20231010,1114,18,8,1,25.04177,121.58735,10
500111070,20231010,1115,18,8,1,25.04177,121.58735,10
500111070,20231010,1116,18,8,1,25.04177,121.58735,10
500111070,20231010,1117,18,8,1,25.04177,121.58735,10
500111070,20231010,1118,18,8,1,25.04177,121.58735,10
500111070,20231010,1119,18,8,1,25.04177,121.58735,10
500111070,20231010,1120,18,8,1,25.04177,121.58735,10
500111070,20231010,1121,18,8,1,25.04177,121.58735,10
500111070,20231010,1122,18,8,1,25.04177,121.58735,10
500111070,20231010,1123,18,8,1,25.04177,121.58735,10
500111070,20231010,1124,18,8,1,25.04177,121.58735,10
500111070,20231010,1125,18,8,1,25.04177,121.58735,10
500111070,20231010,1126,18,8,1,25.04177,121.58735,10
500111070,20231010,1127,18,8,1,25.04177,121.58735,10
500111070,20231010,1128,18,8,1,25.04177,121.58735,10
500111070,20231010,1129,18,8,1,25.04177,121.58735,10
500111070,20231010,1130,18,8,1,25.04177,121.58735,10
500111070,20231010,1131,18,7,1,25.04177,121.58735,11
500111070,20231010,1132,18,7,1,25.04177,121.58735,11
500111070,20231010,1133,18,7,1,25.04177,121.58735,11
500111070,20231010,1134,18,7,1,25.04177,121.58735,11
500111070,20231010,1135,18,7,1,25.04177,121.58735,11
500111070,20231010,1136,18,6,1,25.04177,121.58735,12
500111070,20231010,1137,18,6,1,25.04177,121.58735,12
500111070,20231010,1138,18,6,1,25.04177,121.58735,12
500111070,20231010,1139,18,6,1,25.04177,121.58735,12
500111070,20231010,1141,18,6,1,25.04177,121.58735,12
500111070,20231010,1142,18,6,1,25.04177,121.58735,12
500111070,20231010,1143,18,5,1,25.04177,121.58735,13
500111070,20231010,1144,18,5,1,25.04177,121.58735,13
500111070,20231010,1145,18,5,1,25.04177,121.58735,13
500111070,20231010,1146,18,5,1,25.04177,121.58735,13
500111070,20231010,1147,18,5,1,25.04177,121.58735,13
500111070,20231010,1148,18,5,1,25.04177,121.58735,13
500111070,20231010,1149,18,5,1,25.04177,121.58735,13
500111070,20231010,1150,18,5,1,25.04177,121.58735,13
500111070,20231010,1151,18,4,1,25.04177,121.58735,14
500111070,20231010,1152,18,4,1,25.04177,121.58735,14
500111070,20231010,1153,18,4,1,25.04177,121.58735,14
500111070,20231010,1154,18,4,1,25.04177,121.58735,14
500111070,20231010,1155,18,4,1,25.04177,121.58735,14
500111070,20231010,1156,18,4,1,25.04177,121.58735,14
500111070,20231010,1157,18,4,1,25.04177,121.58735,14
500111070,20231010,1158,18,4,1,25.04177,121.58735,14
500111070,20231010,1159,18,4,1,25.04177,121.58735,14
500111070,20231010,1161,18,4,1,25.04177,121.58735,14
500111070,20231010,1162,18,4,1,25.04177,121.58735,14
500111070,20231010,1163,18,4,1,25.04177,121.58735,14
500111070,20231010,1164,18,4,1,25.04177,121.58735,14
500111070,20231010,1165,18,4,1,25.04177,121.58735,14
500111070,20231010,1166,18,4,1,25.04177,121.58735,14
500111070,20231010,1167,18,4,1,25.04177,121.58735,14
500111070,20231010,1168,18,4,1,25.04177,121.58735,14
500111070,20231010,1169,18,4,1,25.04177,121.58735,14
500111070,20231010,1170,18,4,1,25.04177,121.58735,14
500111070,20231010,1171,18,4,1,25.04177,121.58735,14
500111070,20231010,1172,18,4,1,25.04177,121.58735,14
500111070,20231010,1173,18,4,1,25.04177,121.58735,14
500111070,20231010,1174,18,4,1,25.04177,121.58735,14
500111070,20231010,1175,18,4,1,25.04177,121.58735,14
500111070,20231010,1176,18,4,1,25.04177,121.58735,14
500111070,20231010,1177,18,4,1,25.04177,121.58735,14
500111070,20231010,1178,18,4,1,25.04177,121.58735,14
500111070,20231010,1179,18,4,1,25.04177,121.58735,14
500111070,20231010,1180,18,4,1,25.04177,121.58735,14
500111070,20231010,1181,18,4,1,25.04177,121.58735,14
500111070,20231010,1182,18,4,1,25.04177,121.58735,14
500111070,20231010,1183,18,4,1,25.04177,121.58735,14
500111070,20231010,1184,18,4,1,25.04177,121.58735,14
500111070,20231010,1185,18,4,1,25.04177,121.58735,14
500111070,20231010,1186,18,4,1,25.04177,121.58735,14
500111070,20231010,1187,18,4,1,25.04177,121.58735,14
500111070,20231010,1188,18,4,1,25.04177,121.58735,14
500111070,20231010,1189,18,4,1,25.04177,121.58735,14
500111070,20231010,1190,18,4,1,25.04177,121.58735,14
500111070,20231010,1191,18,4,1,25.04177,121.58735,14
500111070,20231010,1192,18,4,1,25.04177,121.58735,14
500111070,20231010,1193,18,4,1,25.04177,121.58735,14
500111070,20231010,1194,18,4,1,25.04177,121.58735,14
500111070,20231010,1195,18,4,1,25.04177,121.58735,14
500111070,20231010,1196,18,4,1,25.04177,121.58735,14
500111070,20231010,1197,18,4,1,25.04177,121.58735,14
500111070,20231010,1198,18,4,1,25.04177,121.58735,14
500111070,20231010,1199,18,4,1,25.04177,121.58735,14
500111070,20231010,1201,18,4,1,25.04177,121.58735,14
500111070,20231010,1202,18,4,1,25.04177,121.58735,14
500111070,20231010,1203,18,4,1,25.04177,121.58735,14
500111070,20231010,1204,18,4,1,25.04177,121.58735,14
500111070,20231010,1205,18,4,1,25.04177,121.58735,14
500111070,20231010,1206,18,4,1,25.04177,121.58735,14
500111070,20231010,1207,18,4,1,25.04177,121.58735,14
500111070,20231010,1208,18,4,1,25.04177,121.58735,14
500111070,20231010,1209,18,4,1,25.04177,121.58735,14
500111070,20231010,1210,18,4,1,25.04177,121.58735,14
500111070,20231010,1211,18,4,1,25.04177,121.58735,14
500111070,20231010,1212,18,3,1,25.04177,121.58735,15
500111070,20231010,1213,18,3,1,25.04177,121.58735,15
500111070,20231010,1214,18,3,1,25.04177,121.58735,15
500111070,20231010,1215,18,3,1,25.04177,121.58735,15
500111070,20231010,1216,18,3,1,25.04177,121.58735,15
500111070,20231010,1217,18,3,1,25.04177,121.58735,15
500111070,20231010,1218,18,3,1,25.04177,121.58735,15
500111070,20231010,1219,18,3,1,25.04177,121.58735,15
500111070,20231010,1221,18,3,1,25.04177,121.58735,15
500111070,20231010,1222,18,3,1,25.04177,121.58735,15
500111070,20231010,1223,18,3,1,25.04177,121.58735,15
500111070,20231010,1224,18,3,1,25.04177,121.58735,15
500111070,20231010,1225,18,3,1,25.04177,121.58735,15
500111070,20231010,1226,18,3,1,25.04177,121.58735,15
500111070,20231010,1227,18,3,1,25.04177,121.58735,15
500111070,20231010,1228,18,3,1,25.04177,121.58735,15
500111070,20231010,1229,18,3,1,25.04177,121.58735,15
500111070,20231010,1230,18,3,1,25.04177,121.58735,15
500111070,20231010,1231,18,3,1,25.04177,121.58735,15
500111070,20231010,1232,18,3,1,25.04177,121.58735,15
500111070,20231010,1233,18,3,1,25.04177,121.58735,15
500111070,20231010,1234,18,3,1,25.04177,121.58735,15
500111070,20231010,1235,18,3,1,25.04177,121.58735,15
500111070,20231010,1236,18,3,1,25.04177,121.58735,15
500111070,20231010,1237,18,3,1,25.04177,121.58735,15
500111070,20231010,1238,18,3,1,25.04177,121.58735,15
500111070,20231010,1239,18,3,1,25.04177,121.58735,15
500111070,20231010,1240,18,3,1,25.04177,121.58735,15
500111070,20231010,1241,18,3,1,25.04177,121.58735,15
500111070,20231010,1242,18,3,1,25.04177,121.58735,15
500111070,20231010,1243,18,3,1,25.04177,121.58735,15
500111070,20231010,1244,18,3,1,25.04177,121.58735,15
500111070,20231010,1245,18,3,1,25.04177,121.58735,15
500111070,20231010,1246,18,3,1,25.04177,121.58735,15
500111070,20231010,1247,18,3,1,25.04177,121.58735,15
500111070,20231010,1248,18,3,1,25.04177,121.58735,15
500111070,20231010,1249,18,3,1,25.04177,121.58735,15
500111070,20231010,1250,18,3,1,25.04177,121.58735,15
500111070,20231010,1251,18,3,1,25.04177,121.58735,15
500111070,20231010,1252,18,3,1,25.04177,121.58735,15
500111070,20231010,1253,18,2,1,25.04177,121.58735,16
500111070,20231010,1254,18,2,1,25.04177,121.58735,16
500111070,20231010,1255,18,2,1,25.04177,121.58735,16
500111070,20231010,1256,18,2,1,25.04177,121.58735,16
500111070,20231010,1257,18,2,1,25.04177,121.58735,16
500111070,20231010,1258,18,2,1,25.04177,121.58735,16
500111070,20231010,1259,18,2,1,25.04177,121.58735,16
500111070,20231010,1261,18,2,1,25.04177,121.58735,16
500111070,20231010,1262,18,2,1,25.04177,121.58735,16
500111070,20231010,1263,18,2,1,25.04177,121.58735,16
500111070,20231010,1264,18,2,1,25.04177,121.58735,16
500111070,20231010,1265,18,2,1,25.04177,121.58735,16
500111070,20231010,1266,18,2,1,25.04177,121.58735,16
500111070,20231010,1267,18,2,1,25.04177,121.58735,16
500111070,20231010,1268,18,2,1,25.04177,121.58735,16
500111070,20231010,1269,18,2,1,25.04177,121.58735,16
500111070,20231010,1270,18,0,1,25.04177,121.58735,18
500111070,20231010,1271,18,0,1,25.04177,121.58735,18
500111070,20231010,1272,18,0,1,25.04177,121.58735,18
500111070,20231010,1273,18,0,1,25.04177,121.58735,18
500111070,20231010,1274,18,0,1,25.04177,121.58735,18
500111070,20231010,1275,18,0,1,25.04177,121.58735,18
500111070,20231010,1276,18,0,1,25.04177,121.58735,18
500111070,20231010,1277,18,0,1,25.04177,121.58735,18
500111070,20231010,1278,18,0,1,25.04177,121.58735,18
500111070,20231010,1279,18,0,1,25.04177,121.58735,18
500111070,20231010,1281,18,0,1,25.04177,121.58735,18
500111070,20231010,1282,18,0,1,25.04177,121.58735,18
500111070,20231010,1283,18,0,1,25.04177,121.58735,18
500111070,20231010,1284,18,0,1,25.04177,121.58735,18
500111070,20231010,1285,18,0,1,25.04177,121.58735,18
500111070,20231010,1286,18,0,1,25.04177,121.58735,18
500111070,20231010,1287,18,0,1,25.04177,121.58735,18
500111070,20231010,1288,18,0,1,25.04177,121.58735,18
500111070,20231010,1289,18,0,1,25.04177,121.58735,18
500111070,20231010,1291,18,0,1,25.04177,121.58735,18
500111070,20231010,1292,18,0,1,25.04177,121.58735,18
500111070,20231010,1293,18,0,1,25.04177,121.58735,18
500111070,20231010,1294,18,0,1,25.04177,121.58735,18
500111070,20231010,1295,18,0,1,25.04177,121.58735,18
500111070,20231010,1296,18,0,1,25.04177,121.58735,18
500111070,20231010,1297,18,0,1,25.04177,121.58735,18
500111070,20231010,1298,18,0,1,25.04177,121.58735,18
500111070,20231010,1299,18,0,1,25.04177,121.58735,18
500111070,20231010,1300,18,0,1,25.04177,121.58735,18
500111070,20231010,1301,18,0,1,25.04177,121.58735,18
500111070,20231010,1302,18,0,1,25.04177,121.58735,18
500111070,20231010,1303,18,0,1,25.04177,121.58735,18
500111070,20231010,1304,18,0,1,25.04177,121.58735,18
500111070,20231010,1305,18,0,1,25.04177,121.58735,18
500111070,20231010,1306,18,0,1,25.04177,121.58735,18
500111070,20231010,1307,18,0,1,25.04177,121.58735,18
500111070,20231010,1308,18,0,1,25.04177,121.58735,18
500111070,20231010,1309,18,0,1,25.04177,121.58735,18
500111070,20231010,1310,18,0,1,25.04177,121.58735,18
500111070,20231010,1311,18,0,1,25.04177,121.58735,18
500111070,20231010,1312,18,0,1,25.04177,121.58735,18
500111070,20231010,1313,18,0,1,25.04177,121.58735,18
500111070,20231010,1314,18,0,1,25.04177,121.58735,18
500111070,20231010,1315,18,0,1,25.04177,121.58735,18
500111070,20231010,1316,18,0,1,25.04177,121.58735,18
500111070,20231010,1317,18,0,1,25.04177,121.58735,18
500111070,20231010,1318,18,0,1,25.04177,121.58735,18
500111070,20231010,1319,18,0,1,25.04177,121.58735,18
500111070,20231010,1321,18,0,1,25.04177,121.58735,18
500111070,20231010,1322,18,0,1,25.04177,121.58735,18
500111070,20231010,1323,18,0,1,25.04177,121.58735,18
500111070,20231010,1324,18,0,1,25.04177,121.58735,18
500111070,20231010,1325,18,0,1,25.04177,121.58735,18
500111070,20231010,1326,18,0,1,25.04177,121.58735,18
500111070,20231010,1327,18,0,1,25.04177,121.58735,18
500111070,20231010,1328,18,0,1,25.04177,121.58735,18
500111070,20231010,1329,18,0,1,25.04177,121.58735,18
500111070,20231010,1330,18,0,1,25.04177,121.58735,18
500111070,20231010,1331,18,0,1,25.04177,121.58735,18
500111070,20231010,1332,18,0,1,25.04177,121.58735,18
500111070,20231010,1333,18,0,1,25.04177,121.58735,18
500111070,20231010,1334,18,0,1,25.04177,121.58735,18
500111070,20231010,1335,18,0,1,25.04177,121.58735,18
500111070,20231010,1336,18,0,1,25.04177,121.58735,18
500111070,20231010,1337,18,0,1,25.04177,121.58735,18
500111070,20231010,1338,18,0,1,25.04177,121.58735,18
500111070,20231010,1339,18,0,1,25.04177,121.58735,18
500111070,20231010,1341,18,0,1,25.04177,121.58735,18
500111070,20231010,1342,18,0,1,25.04177,121.58735,18
500111070,20231010,1343,18,0,1,25.04177,121.58735,18
500111070,20231010,1344,18,0,1,25.04177,121.58735,18
500111070,20231010,1346,18,0,1,25.04177,121.58735,18
500111070,20231010,1347,18,0,1,25.04177,121.58735,18
500111070,20231010,1348,18,0,1,25.04177,121.58735,18
500111070,20231010,1349,18,0,1,25.04177,121.58735,18
500111070,20231010,1350,18,0,1,25.04177,121.58735,18
500111070,20231010,1351,18,0,1,25.04177,121.58735,18
500111070,20231010,1352,18,0,1,25.04177,121.58735,18
500111070,20231010,1353,18,0,1,25.04177,121.58735,18
500111070,20231010,1354,18,0,1,25.04177,121.58735,18
500111070,20231010,1355,18,0,1,25.04177,121.58735,18
500111070,20231010,1356,18,0,1,25.04177,121.58735,18
500111070,20231010,1357,18,0,1,25.04177,121.58735,18
500111070,20231010,1358,18,0,1,25.04177,121.58735,18
500111070,20231010,1359,18,0,1,25.04177,121.58735,18
500111070,20231010,1360,18,0,1,25.04177,121.58735,18
500111070,20231010,1361,18,0,1,25.04177,121.58735,18
500111070,20231010,1362,18,0,1,25.04177,121.58735,18
500111070,20231010,1363,18,0,1,25.04177,121.58735,18
500111070,20231010,1364,18,0,1,25.04177,121.58735,18
500111070,20231010,1365,18,0,1,25.04177,121.58735,18
500111070,20231010,1366,18,0,1,25.04177,121.58735,18
500111070,20231010,1367,18,0,1,25.04177,121.58735,18
500111070,20231010,1368,18,0,1,25.04177,121.58735,18
500111070,20231010,1369,18,0,1,25.04177,121.58735,18
500111070,20231010,1370,18,0,1,25.04177,121.58735,18
500111070,20231010,1371,18,0,1,25.04177,121.58735,18
500111070,20231010,1372,18,0,1,25.04177,121.58735,18
500111070,20231010,1373,18,0,1,25.04177,121.58735,18
500111070,20231010,1374,18,0,1,25.04177,121.58735,18
500111070,20231010,1375,18,0,1,25.04177,121.58735,18
500111070,20231010,1376,18,0,1,25.04177,121.58735,18
500111070,20231010,1377,18,0,1,25.04177,121.58735,18
500111070,20231010,1378,18,0,1,25.04177,121.58735,18
500111070,20231010,1379,18,1,1,25.04177,121.58735,17
500111070,20231010,1381,18,1,1,25.04177,121.58735,17
500111070,20231010,1382,18,1,1,25.04177,121.58735,17
500111070,20231010,1383,18,1,1,25.04177,121.58735,17
500111070,20231010,1384,18,1,1,25.04177,121.58735,17
500111070,20231010,1385,18,1,1,25.04177,121.58735,17
500111070,20231010,1386,18,1,1,25.04177,121.58735,17
500111070,20231010,1387,18,1,1,25.04177,121.58735,17
500111070,20231010,1388,18,2,1,25.04177,121.58735,16
500111070,20231010,1389,18,2,1,25.04177,121.58735,16
500111070,20231010,1390,18,1,1,25.04177,121.58735,17
500111070,20231010,1391,18,1,1,25.04177,121.58735,17
500111070,20231010,1392,18,1,1,25.04177,121.58735,17
500111070,20231010,1393,18,1,1,25.04177,121.58735,17
500111070,20231010,1394,18,1,1,25.04177,121.58735,17
500111070,20231010,1395,18,1,1,25.04177,121.58735,17
500111070,20231010,1396,18,1,1,25.04177,121.58735,17
500111070,20231010,1397,18,1,1,25.04177,121.58735,17
500111070,20231010,1398,18,1,1,25.04177,121.58735,17
500111070,20231010,1399,18,1,1,25.04177,121.58735,17
500111070,20231010,1401,18,1,1,25.04177,121.58735,17
500111070,20231010,1402,18,2,1,25.04177,121.58735,16
500111070,20231010,1403,18,2,1,25.04177,121.58735,16
500111070,20231010,1404,18,2,1,25.04177,121.58735,16
500111070,20231010,1405,18,2,1,25.04177,121.58735,16
500111070,20231010,1406,18,2,1,25.04177,121.58735,16
500111070,20231010,1407,18,2,1,25.04177,121.58735,16
500111070,20231010,1408,18,2,1,25.04177,121.58735,16
500111070,20231010,1409,18,2,1,25.04177,121.58735,16
500111070,20231010,1410,18,1,1,25.04177,121.58735,17
500111070,20231010,1411,18,1,1,25.04177,121.58735,17
500111070,20231010,1412,18,0,1,25.04177,121.58735,18
500111070,20231010,1413,18,0,1,25.04177,121.58735,18
500111070,20231010,1414,18,0,1,25.04177,121.58735,18
500111070,20231010,1415,18,0,1,25.04177,121.58735,18
500111070,20231010,1416,18,0,1,25.04177,121.58735,18
500111070,20231010,1417,18,0,1,25.04177,121.58735,18
500111070,20231010,1418,18,0,1,25.04177,121.58735,18
500111070,20231010,1419,18,0,1,25.04177,121.58735,18
500111070,20231010,1420,18,0,1,25.04177,121.58735,18
500111070,20231010,1421,18,0,1,25.04177,121.58735,18
500111070,20231010,1422,18,0,1,25.04177,121.58735,18
500111070,20231010,1423,18,0,1,25.04177,121.58735,18
500111070,20231010,1424,18,0,1,25.04177,121.58735,18
500111070,20231010,1425,18,0,1,25.04177,121.58735,18
500111070,20231010,1426,18,0,1,25.04177,121.58735,18
500111070,20231010,1427,18,0,1,25.04177,121.58735,18
500111070,20231010,1428,18,0,1,25.04177,121.58735,18
500111070,20231010,1429,18,0,1,25.04177,121.58735,18
500111070,20231010,1430,18,0,1,25.04177,121.58735,18
500111070,20231010,1431,18,0,1,25.04177,121.58735,18
500111070,20231010,1432,18,0,1,25.04177,121.58735,18
500111070,20231010,1433,18,0,1,25.04177,121.58735,18
500111070,20231010,1434,18,0,1,25.04177,121.58735,18
500111070,20231010,1435,18,0,1,25.04177,121.58735,18
500111070,20231010,1436,18,0,1,25.04177,121.58735,18
500111070,20231010,1437,18,0,1,25.04177,121.58735,18
500111070,20231010,1438,18,0,1,25.04177,121.58735,18
500111070,20231010,1439,18,0,1,25.04177,121.58735,18
500111070,20231011,0,18,0,1,25.04177,121.58735,18
500111070,20231011,1,18,0,1,25.04177,121.58735,18
500111070,20231011,2,18,0,1,25.04177,121.58735,18
500111070,20231011,3,18,0,1,25.04177,121.58735,18
500111070,20231011,4,18,0,1,25.04177,121.58735,18
500111070,20231011,5,18,0,1,25.04177,121.58735,18
500111070,20231011,6,18,0,1,25.04177,121.58735,18
500111070,20231011,7,18,0,1,25.04177,121.58735,18
500111070,20231011,8,18,0,1,25.04177,121.58735,18
500111070,20231011,9,18,0,1,25.04177,121.58735,18
500111070,20231011,10,18,0,1,25.04177,121.58735,18
500111070,20231011,11,18,0,1,25.04177,121.58735,18
500111070,20231011,12,18,0,1,25.04177,121.58735,18
500111070,20231011,13,18,0,1,25.04177,121.58735,18
500111070,20231011,14,18,0,1,25.04177,121.58735,18
500111070,20231011,15,18,0,1,25.04177,121.58735,18
500111070,20231011,16,18,0,1,25.04177,121.58735,18
500111070,20231011,17,18,0,1,25.04177,121.58735,18
500111070,20231011,18,18,3,1,25.04177,121.58735,15
500111070,20231011,19,18,3,1,25.04177,121.58735,15
500111070,20231011,21,18,6,1,25.04177,121.58735,12
500111070,20231011,22,18,6,1,25.04177,121.58735,12
500111070,20231011,23,18,5,1,25.04177,121.58735,12
500111070,20231011,24,18,5,1,25.04177,121.58735,12
500111070,20231011,25,18,5,1,25.04177,121.58735,12
500111070,20231011,26,18,5,1,25.04177,121.58735,12
500111070,20231011,27,18,5,1,25.04177,121.58735,12
500111070,20231011,28,18,5,1,25.04177,121.58735,12
500111070,20231011,29,18,5,1,25.04177,121.58735,12
500111070,20231011,30,18,5,1,25.04177,121.58735,12
500111070,20231011,31,18,5,1,25.04177,121.58735,12
500111070,20231011,32,18,5,1,25.04177,121.58735,12
500111070,20231011,33,18,5,1,25.04177,121.58735,12
500111070,20231011,34,18,5,1,25.04177,121.58735,12
500111070,20231011,35,18,5,1,25.04177,121.58735,12
500111070,20231011,36,18,5,1,25.04177,121.58735,12
500111070,20231011,37,18,5,1,25.04177,121.58735,12
500111070,20231011,38,18,5,1,25.04177,121.58735,12
500111070,20231011,39,18,5,1,25.04177,121.58735,12
500111070,20231011,40,18,5,1,25.04177,121.58735,12
500111070,20231011,41,18,5,1,25.04177,121.58735,12
500111070,20231011,42,18,5,1,25.04177,121.58735,12
500111070,20231011,43,18,5,1,25.04177,121.58735,12
500111070,20231011,44,18,5,1,25.04177,121.58735,12
500111070,20231011,45,18,5,1,25.04177,121.58735,12
500111070,20231011,46,18,4,1,25.04177,121.58735,13
500111070,20231011,47,18,4,1,25.04177,121.58735,13
500111070,20231011,48,18,4,1,25.04177,121.58735,13
500111070,20231011,49,18,4,1,25.04177,121.58735,13
500111070,20231011,50,18,4,1,25.04177,121.58735,13
500111070,20231011,51,18,4,1,25.04177,121.58735,13
500111070,20231011,52,18,4,1,25.04177,121.58735,13
500111070,20231011,53,18,4,1,25.04177,121.58735,13
500111070,20231011,54,18,4,1,25.04177,121.58735,13
500111070,20231011,55,18,4,1,25.04177,121.58735,13
500111070,20231011,56,18,4,1,25.04177,121.58735,13
500111070,20231011,57,18,4,1,25.04177,121.58735,13
500111070,20231011,58,18,4,1,25.04177,121.58735,13
500111070,20231011,59,18,4,1,25.04177,121.58735,13
500111070,20231011,61,18,4,1,25.04177,121.58735,13
500111070,20231011,62,18,4,1,25.04177,121.58735,13
500111070,20231011,63,18,4,1,25.04177,121.58735,13
500111070,20231011,64,18,3,1,25.04177,121.58735,14
500111070,20231011,65,18,3,1,25.04177,121.58735,14
500111070,20231011,66,18,3,1,25.04177,121.58735,14
500111070,20231011,67,18,3,1,25.04177,121.58735,14
500111070,20231011,68,18,3,1,25.04177,121.58735,14
500111070,20231011,69,18,3,1,25.04177,121.58735,14
500111070,20231011,70,18,3,1,25.04177,121.58735,14
500111070,20231011,71,18,3,1,25.04177,121.58735,14
500111070,20231011,72,18,3,1,25.04177,121.58735,14
500111070,20231011,73,18,3,1,25.04177,121.58735,14
500111070,20231011,74,18,3,1,25.04177,121.58735,14
500111070,20231011,75,18,3,1,25.04177,121.58735,14
500111070,20231011,76,18,3,1,25.04177,121.58735,14
500111070,20231011,77,18,3,1,25.04177,121.58735,14
500111070,20231011,78,18,3,1,25.04177,121.58735,14
500111070,20231011,79,18,3,1,25.04177,121.58735,14
500111070,20231011,81,18,3,1,25.04177,121.58735,14
500111070,20231011,82,18,3,1,25.04177,121.58735,14
500111070,20231011,83,18,3,1,25.04177,121.58735,14
500111070,20231011,84,18,3,1,25.04177,121.58735,14
500111070,20231011,85,18,3,1,25.04177,121.58735,14
500111070,20231011,86,18,3,1,25.04177,121.58735,14
500111070,20231011,87,18,3,1,25.04177,121.58735,14
500111070,20231011,88,18,3,1,25.04177,121.58735,14
500111070,20231011,89,18,3,1,25.04177,121.58735,14
500111070,20231011,90,18,3,1,25.04177,121.58735,14
500111070,20231011,91,18,3,1,25.04177,121.58735,14
500111070,20231011,92,18,3,1,25.04177,121.58735,14
500111070,20231011,93,18,3,1,25.04177,121.58735,14
500111070,20231011,94,18,3,1,25.04177,121.58735,14
500111070,20231011,95,18,3,1,25.04177,121.58735,14
500111070,20231011,96,18,3,1,25.04177,121.58735,14
500111070,20231011,97,18,3,1,25.04177,121.58735,14
500111070,20231011,98,18,3,1,25.04177,121.58735,14
500111070,20231011,99,18,3,1,25.04177,121.58735,14
500111070,20231011,100,18,3,1,25.04177,121.58735,14
500111070,20231011,101,18,3,1,25.04177,121.58735,14
500111070,20231011,102,18,3,1,25.04177,121.58735,14
500111070,20231011,103,18,3,1,25.04177,121.58735,14
500111070,20231011,104,18,3,1,25.04177,121.58735,14
500111070,20231011,105,18,3,1,25.04177,121.58735,14
500111070,20231011,106,18,3,1,25.04177,121.58735,14
500111070,20231011,107,18,3,1,25.04177,121.58735,14
500111070,20231011,108,18,3,1,25.04177,121.58735,14
500111070,20231011,109,18,3,1,25.04177,121.58735,14
500111070,20231011,110,18,3,1,25.04177,121.58735,14
500111070,20231011,111,18,3,1,25.04177,121.58735,14
500111070,20231011,112,18,3,1,25.04177,121.58735,14
500111070,20231011,113,18,3,1,25.04177,121.58735,14
500111070,20231011,114,18,3,1,25.04177,121.58735,14
500111070,20231011,115,18,3,1,25.04177,121.58735,14
500111070,20231011,116,18,3,1,25.04177,121.58735,14
500111070,20231011,117,18,3,1,25.04177,121.58735,14
500111070,20231011,118,18,2,1,25.04177,121.58735,15
500111070,20231011,119,18,2,1,25.04177,121.58735,15
500111070,20231011,121,18,2,1,25.04177,121.58735,15
500111070,20231011,122,18,2,1,25.04177,121.58735,15
500111070,20231011,123,18,2,1,25.04177,121.58735,15
500111070,20231011,124,18,2,1,25.04177,121.58735,15
500111070,20231011,125,18,2,1,25.04177,121.58735,15
500111070,20231011,126,18,2,1,25.04177,121.58735,15
500111070,20231011,127,18,2,1,25.04177,121.58735,15
500111070,20231011,128,18,2,1,25.04177,121.58735,15
500111070,20231011,129,18,2,1,25.04177,121.58735,15
500111070,20231011,130,18,2,1,25.04177,121.58735,15
500111070,20231011,131,18,2,1,25.04177,121.58735,15
500111070,20231011,132,18,2,1,25.04177,121.58735,15
500111070,20231011,133,18,2,1,25.04177,121.58735,15
500111070,20231011,134,18,2,1,25.04177,121.58735,15
500111070,20231011,135,18,2,1,25.04177,121.58735,15
500111070,20231011,136,18,2,1,25.04177,121.58735,15
500111070,20231011,137,18,2,1,25.04177,121.58735,15
500111070,20231011,138,18,2,1,25.04177,121.58735,15
500111070,20231011,139,18,2,1,25.04177,121.58735,15
500111070,20231011,141,18,2,1,25.04177,121.58735,15
500111070,20231011,142,18,2,1,25.04177,121.58735,15
500111070,20231011,143,18,2,1,25.04177,121.58735,15
500111070,20231011,145,18,2,1,25.04177,121.58735,15
500111070,20231011,146,18,2,1,25.04177,121.58735,15
500111070,20231011,147,18,2,1,25.04177,121.58735,15
500111070,20231011,148,18,2,1,25.04177,121.58735,15
500111070,20231011,149,18,2,1,25.04177,121.58735,15
500111070,20231011,150,18,2,1,25.04177,121.58735,15
500111070,20231011,151,18,1,1,25.04177,121.58735,16
500111070,20231011,152,18,1,1,25.04177,121.58735,16
500111070,20231011,153,18,1,1,25.04177,121.58735,16
500111070,20231011,154,18,1,1,25.04177,121.58735,16
500111070,20231011,155,18,1,1,25.04177,121.58735,16
500111070,20231011,156,18,1,1,25.04177,121.58735,16
500111070,20231011,157,18,1,1,25.04177,121.58735,16
500111070,20231011,158,18,1,1,25.04177,121.58735,16
500111070,20231011,159,18,1,1,25.04177,121.58735,16
500111070,20231011,160,18,1,1,25.04177,121.58735,16
500111070,20231011,161,18,1,1,25.04177,121.58735,16
500111070,20231011,162,18,1,1,25.04177,121.58735,16
500111070,20231011,163,18,1,1,25.04177,121.58735,16
500111070,20231011,164,18,1,1,25.04177,121.58735,16
500111070,20231011,165,18,1,1,25.04177,121.58735,16
500111070,20231011,166,18,1,1,25.04177,121.58735,16
500111070,20231011,167,18,1,1,25.04177,121.58735,16
500111070,20231011,168,18,1,1,25.04177,121.58735,16
500111070,20231011,169,18,1,1,25.04177,121.58735,16
500111070,20231011,170,18,1,1,25.04177,121.58735,16
500111070,20231011,171,18,1,1,25.04177,121.58735,16
500111070,20231011,172,18,1,1,25.04177,121.58735,16
500111070,20231011,173,18,1,1,25.04177,121.58735,16
500111070,20231011,174,18,1,1,25.04177,121.58735,16
500111070,20231011,175,18,1,1,25.04177,121.58735,16
500111070,20231011,176,18,1,1,25.04177,121.58735,16
500111070,20231011,177,18,1,1,25.04177,121.58735,16
500111070,20231011,178,18,1,1,25.04177,121.58735,16
500111070,20231011,179,18,1,1,25.04177,121.58735,16
500111070,20231011,180,18,1,1,25.04177,121.58735,16
500111070,20231011,181,18,1,1,25.04177,121.58735,16
500111070,20231011,182,18,1,1,25.04177,121.58735,16
500111070,20231011,183,18,1,1,25.04177,121.58735,16
500111070,20231011,184,18,1,1,25.04177,121.58735,16
500111070,20231011,185,18,1,1,25.04177,121.58735,16
500111070,20231011,186,18,1,1,25.04177,121.58735,16
500111070,20231011,187,18,1,1,25.04177,121.58735,16
500111070,20231011,188,18,1,1,25.04177,121.58735,16
500111070,20231011,189,18,1,1,25.04177,121.58735,16
500111070,20231011,190,18,0,1,25.04177,121.58735,17
500111070,20231011,191,18,0,1,25.04177,121.58735,17
500111070,20231011,192,18,0,1,25.04177,121.58735,17
500111070,20231011,193,18,0,1,25.04177,121.58735,17
500111070,20231011,194,18,0,1,25.04177,121.58735,17
500111070,20231011,195,18,0,1,25.04177,121.58735,17
500111070,20231011,196,18,0,1,25.04177,121.58735,17
500111070,20231011,197,18,0,1,25.04177,121.58735,17
500111070,20231011,198,18,0,1,25.04177,121.58735,17
500111070,20231011,199,18,0,1,25.04177,121.58735,17
500111070,20231011,201,18,0,1,25.04177,121.58735,17
500111070,20231011,202,18,0,1,25.04177,121.58735,17
500111070,20231011,203,18,0,1,25.04177,121.58735,17
500111070,20231011,204,18,0,1,25.04177,121.58735,17
500111070,20231011,205,18,0,1,25.04177,121.58735,17
500111070,20231011,206,18,0,1,25.04177,121.58735,17
500111070,20231011,207,18,0,1,25.04177,121.58735,17
500111070,20231011,208,18,0,1,25.04177,121.58735,17
500111070,20231011,209,18,0,1,25.04177,121.58735,17
500111070,20231011,211,18,0,1,25.04177,121.58735,17
500111070,20231011,212,18,0,1,25.04177,121.58735,17
500111070,20231011,213,18,0,1,25.04177,121.58735,17
500111070,20231011,214,18,0,1,25.04177,121.58735,17
500111070,20231011,215,18,0,1,25.04177,121.58735,17
500111070,20231011,216,18,0,1,25.04177,121.58735,17
500111070,20231011,217,18,0,1,25.04177,121.58735,17
500111070,20231011,218,18,0,1,25.04177,121.58735,17
500111070,20231011,219,18,0,1,25.04177,121.58735,17
500111070,20231011,220,18,0,1,25.04177,121.58735,17
500111070,20231011,221,18,0,1,25.04177,121.58735,17
500111070,20231011,222,18,0,1,25.04177,121.58735,17
500111070,20231011,223,18,0,1,25.04177,121.58735,17
500111070,20231011,224,18,0,1,25.04177,121.58735,17
500111070,20231011,225,18,0,1,25.04177,121.58735,17
500111070,20231011,226,18,0,1,25.04177,121.58735,17
500111070,20231011,227,18,0,1,25.04177,121.58735,17
500111070,20231011,228,18,0,1,25.04177,121.58735,17
500111070,20231011,229,18,0,1,25.04177,121.58735,17
500111070,20231011,230,18,0,1,25.04177,121.58735,17
500111070,20231011,231,18,0,1,25.04177,121.58735,17
500111070,20231011,232,18,0,1,25.04177,121.58735,17
500111070,20231011,233,18,0,1,25.04177,121.58735,17
500111070,20231011,234,18,0,1,25.04177,121.58735,17
500111070,20231011,235,18,0,1,25.04177,121.58735,17
500111070,20231011,236,18,0,1,25.04177,121.58735,17
500111070,20231011,237,18,0,1,25.04177,121.58735,17
500111070,20231011,238,18,0,1,25.04177,121.58735,17
500111070,20231011,239,18,0,1,25.04177,121.58735,17
500111070,20231011,241,18,0,1,25.04177,121.58735,17
500111070,20231011,242,18,0,1,25.04177,121.58735,17
500111070,20231011,243,18,0,1,25.04177,121.58735,17
500111070,20231011,244,18,0,1,25.04177,121.58735,17
500111070,20231011,245,18,0,1,25.04177,121.58735,17
500111070,20231011,246,18,0,1,25.04177,121.58735,17
500111070,20231011,247,18,0,1,25.04177,121.58735,17
500111070,20231011,248,18,0,1,25.04177,121.58735,17
500111070,20231011,249,18,0,1,25.04177,121.58735,17
500111070,20231011,250,18,0,1,25.04177,121.58735,17
500111070,20231011,251,18,0,1,25.04177,121.58735,17
500111070,20231011,252,18,0,1,25.04177,121.58735,17
500111070,20231011,253,18,0,1,25.04177,121.58735,17
500111070,20231011,254,18,0,1,25.04177,121.58735,17
500111070,20231011,255,18,0,1,25.04177,121.58735,17
500111070,20231011,256,18,0,1,25.04177,121.58735,17
500111070,20231011,257,18,0,1,25.04177,121.58735,17
500111070,20231011,258,18,0,1,25.04177,121.58735,17
500111070,20231011,259,18,0,1,25.04177,121.58735,17
500111070,20231011,261,18,0,1,25.04177,121.58735,17
500111070,20231011,262,18,0,1,25.04177,121.58735,17
500111070,20231011,263,18,0,1,25.04177,121.58735,17
500111070,20231011,264,18,0,1,25.04177,121.58735,17
500111070,20231011,265,18,0,1,25.04177,121.58735,17
500111070,20231011,266,18,0,1,25.04177,121.58735,17
500111070,20231011,267,18,0,1,25.04177,121.58735,17
500111070,20231011,268,18,0,1,25.04177,121.58735,17
500111070,20231011,269,18,0,1,25.04177,121.58735,17
500111070,20231011,270,18,0,1,25.04177,121.58735,17
500111070,20231011,271,18,0,1,25.04177,121.58735,17
500111070,20231011,272,18,0,1,25.04177,121.58735,17
500111070,20231011,273,18,0,1,25.04177,121.58735,17
500111070,20231011,274,18,0,1,25.04177,121.58735,17
500111070,20231011,275,18,0,1,25.04177,121.58735,17
500111070,20231011,276,18,0,1,25.04177,121.58735,17
500111070,20231011,277,18,0,1,25.04177,121.58735,17
500111070,20231011,278,18,0,1,25.04177,121.58735,17
500111070,20231011,279,18,0,1,25.04177,121.58735,17
500111070,20231011,280,18,0,1,25.04177,121.58735,17
500111070,20231011,281,18,0,1,25.04177,121.58735,17
500111070,20231011,282,18,0,1,25.04177,121.58735,17
500111070,20231011,283,18,0,1,25.04177,121.58735,17
500111070,20231011,284,18,0,1,25.04177,121.58735,17
500111070,20231011,285,18,0,1,25.04177,121.58735,17
500111070,20231011,286,18,0,1,25.04177,121.58735,17
500111070,20231011,287,18,0,1,25.04177,121.58735,17
500111070,20231011,288,18,0,1,25.04177,121.58735,17
500111070,20231011,289,18,0,1,25.04177,121.58735,17
500111070,20231011,290,18,0,1,25.04177,121.58735,17
500111070,20231011,291,18,0,1,25.04177,121.58735,17
500111070,20231011,292,18,0,1,25.04177,121.58735,17
500111070,20231011,293,18,0,1,25.04177,121.58735,17
500111070,20231011,294,18,0,1,25.04177,121.58735,17
500111070,20231011,295,18,0,1,25.04177,121.58735,17
500111070,20231011,296,18,0,1,25.04177,121.58735,17
500111070,20231011,297,18,0,1,25.04177,121.58735,17
500111070,20231011,298,18,0,1,25.04177,121.58735,17
500111070,20231011,299,18,0,1,25.04177,121.58735,17
500111070,20231011,300,18,0,1,25.04177,121.58735,17
500111070,20231011,301,18,0,1,25.04177,121.58735,17
500111070,20231011,302,18,0,1,25.04177,121.58735,17
500111070,20231011,303,18,0,1,25.04177,121.58735,17
500111070,20231011,304,18,0,1,25.04177,121.58735,17
500111070,20231011,305,18,0,1,25.04177,121.58735,17
500111070,20231011,306,18,0,1,25.04177,121.58735,17
500111070,20231011,307,18,0,1,25.04177,121.58735,17
500111070,20231011,308,18,0,1,25.04177,121.58735,17
500111070,20231011,309,18,0,1,25.04177,121.58735,17
500111070,20231011,310,18,0,1,25.04177,121.58735,17
500111070,20231011,311,18,0,1,25.04177,121.58735,17
500111070,20231011,312,18,0,1,25.04177,121.58735,17
500111070,20231011,313,18,0,1,25.04177,121.58735,17
500111070,20231011,314,18,0,1,25.04177,121.58735,17
500111070,20231011,315,18,0,1,25.04177,121.58735,17
500111070,20231011,316,18,1,1,25.04177,121.58735,16
500111070,20231011,317,18,1,1,25.04177,121.58735,16
500111070,20231011,318,18,1,1,25.04177,121.58735,16
500111070,20231011,319,18,1,1,25.04177,121.58735,16
500111070,20231011,321,18,1,1,25.04177,121.58735,16
500111070,20231011,322,18,1,1,25.04177,121.58735,16
500111070,20231011,323,18,1,1,25.04177,121.58735,16
500111070,20231011,324,18,1,1,25.04177,121.58735,16
500111070,20231011,325,18,1,1,25.04177,121.58735,16
500111070,20231011,326,18,1,1,25.04177,121.58735,16
500111070,20231011,327,18,1,1,25.04177,121.58735,16
500111070,20231011,328,18,1,1,25.04177,121.58735,16
500111070,20231011,329,18,1,1,25.04177,121.58735,16
500111070,20231011,330,18,1,1,25.04177,121.58735,16
500111070,20231011,331,18,1,1,25.04177,121.58735,16
500111070,20231011,332,18,1,1,25.04177,121.58735,16
500111070,20231011,333,18,1,1,25.04177,121.58735,16
500111070,20231011,334,18,1,1,25.04177,121.58735,16
500111070,20231011,335,18,1,1,25.04177,121.58735,16
500111070,20231011,336,18,1,1,25.04177,121.58735,16
500111070,20231011,337,18,1,1,25.04177,121.58735,16
500111070,20231011,338,18,1,1,25.04177,121.58735,16
500111070,20231011,339,18,1,1,25.04177,121.58735,16
500111070,20231011,340,18,1,1,25.04177,121.58735,16
500111070,20231011,341,18,1,1,25.04177,121.58735,16
500111070,20231011,342,18,1,1,25.04177,121.58735,16
500111070,20231011,343,18,1,1,25.04177,121.58735,16
500111070,20231011,344,18,1,1,25.04177,121.58735,16
500111070,20231011,345,18,1,1,25.04177,121.58735,16
500111070,20231011,346,18,1,1,25.04177,121.58735,16
500111070,20231011,347,18,1,1,25.04177,121.58735,16
500111070,20231011,348,18,1,1,25.04177,121.58735,16
500111070,20231011,349,18,1,1,25.04177,121.58735,16
500111070,20231011,350,18,1,1,25.04177,121.58735,16
500111070,20231011,351,18,1,1,25.04177,121.58735,16
500111070,20231011,352,18,1,1,25.04177,121.58735,16
500111070,20231011,353,18,1,1,25.04177,121.58735,16
500111070,20231011,354,18,1,1,25.04177,121.58735,16
500111070,20231011,355,18,1,1,25.04177,121.58735,16
500111070,20231011,356,18,1,1,25.04177,121.58735,16
500111070,20231011,357,18,1,1,25.04177,121.58735,16
500111070,20231011,358,18,1,1,25.04177,121.58735,16
500111070,20231011,359,18,1,1,25.04177,121.58735,16
500111070,20231011,360,18,1,1,25.04177,121.58735,16
500111070,20231011,361,18,1,1,25.04177,121.58735,16
500111070,20231011,362,18,1,1,25.04177,121.58735,16
500111070,20231011,363,18,1,1,25.04177,121.58735,16
500111070,20231011,364,18,1,1,25.04177,121.58735,16
500111070,20231011,365,18,1,1,25.04177,121.58735,16
500111070,20231011,366,18,1,1,25.04177,121.58735,16
500111070,20231011,367,18,1,1,25.04177,121.58735,16
500111070,20231011,368,18,2,1,25.04177,121.58735,15
500111070,20231011,369,18,2,1,25.04177,121.58735,15
500111070,20231011,370,18,2,1,25.04177,121.58735,15
500111070,20231011,371,18,2,1,25.04177,121.58735,15
500111070,20231011,372,18,2,1,25.04177,121.58735,15
500111070,20231011,373,18,3,1,25.04177,121.58735,14
500111070,20231011,374,18,3,1,25.04177,121.58735,14
500111070,20231011,375,18,3,1,25.04177,121.58735,14
500111070,20231011,376,18,3,1,25.04177,121.58735,14
500111070,20231011,377,18,3,1,25.04177,121.58735,14
500111070,20231011,378,18,3,1,25.04177,121.58735,14
500111070,20231011,379,18,3,1,25.04177,121.58735,14
500111070,20231011,381,18,3,1,25.04177,121.58735,14
500111070,20231011,382,18,2,1,25.04177,121.58735,15
500111070,20231011,383,18,2,1,25.04177,121.58735,15
500111070,20231011,384,18,2,1,25.04177,121.58735,15
500111070,20231011,385,18,2,1,25.04177,121.58735,15
500111070,20231011,386,18,2,1,25.04177,121.58735,15
500111070,20231011,387,18,2,1,25.04177,121.58735,15
500111070,20231011,388,18,2,1,25.04177,121.58735,15
500111070,20231011,389,18,2,1,25.04177,121.58735,15
500111070,20231011,390,18,2,1,25.04177,121.58735,15
500111070,20231011,391,18,2,1,25.04177,121.58735,15
500111070,20231011,392,18,2,1,25.04177,121.58735,15
500111070,20231011,393,18,2,1,25.04177,121.58735,15
500111070,20231011,394,18,2,1,25.04177,121.58735,15
500111070,20231011,395,18,2,1,25.04177,121.58735,15
500111070,20231011,396,18,2,1,25.04177,121.58735,15
500111070,20231011,397,18,1,1,25.04177,121.58735,16
500111070,20231011,398,18,1,1,25.04177,121.58735,16
500111070,20231011,399,18,0,1,25.04177,121.58735,17
500111070,20231011,400,18,0,1,25.04177,121.58735,17
500111070,20231011,401,18,0,1,25.04177,121.58735,17
500111070,20231011,402,18,0,1,25.04177,121.58735,17
500111070,20231011,403,18,0,1,25.04177,121.58735,17
500111070,20231011,404,18,0,1,25.04177,121.58735,17
500111070,20231011,405,18,0,1,25.04177,121.58735,17
500111070,20231011,406,18,0,1,25.04177,121.58735,17
500111070,20231011,407,18,0,1,25.04177,121.58735,17
500111070,20231011,408,18,1,1,25.04177,121.58735,16
500111070,20231011,409,18,1,1,25.04177,121.58735,16
500111070,20231011,410,18,1,1,25.04177,121.58735,16
500111070,20231011,411,18,1,1,25.04177,121.58735,16
500111070,20231011,412,18,1,1,25.04177,121.58735,16
500111070,20231011,413,18,1,1,25.04177,121.58735,16
500111070,20231011,414,18,1,1,25.04177,121.58735,16
500111070,20231011,415,18,1,1,25.04177,121.58735,16
500111070,20231011,416,18,1,1,25.04177,121.58735,16
500111070,20231011,417,18,2,1,25.04177,121.58735,15
500111070,20231011,418,18,2,1,25.04177,121.58735,15
500111070,20231011,419,18,2,1,25.04177,121.58735,15
500111070,20231011,421,18,2,1,25.04177,121.58735,15
500111070,20231011,422,18,2,1,25.04177,121.58735,15
500111070,20231011,423,18,3,1,25.04177,121.58735,14
500111070,20231011,424,18,3,1,25.04177,121.58735,14
500111070,20231011,425,18,3,1,25.04177,121.58735,14
500111070,20231011,426,18,2,1,25.04177,121.58735,15
500111070,20231011,427,18,2,1,25.04177,121.58735,15
500111070,20231011,428,18,2,1,25.04177,121.58735,15
500111070,20231011,429,18,2,1,25.04177,121.58735,15
500111070,20231011,430,18,4,1,25.04177,121.58735,13
500111070,20231011,431,18,4,1,25.04177,121.58735,13
500111070,20231011,432,18,4,1,25.04177,121.58735,13
500111070,20231011,433,18,4,1,25.04177,121.58735,13
500111070,20231011,434,18,4,1,25.04177,121.58735,13
500111070,20231011,435,18,5,1,25.04177,121.58735,12
500111070,20231011,436,18,5,1,25.04177,121.58735,12
500111070,20231011,437,18,6,1,25.04177,121.58735,11
500111070,20231011,438,18,7,1,25.04177,121.58735,10
500111070,20231011,439,18,7,1,25.04177,121.58735,10
500111070,20231011,441,18,8,1,25.04177,121.58735,9
500111070,20231011,442,18,8,1,25.04177,121.58735,9
500111070,20231011,443,18,8,1,25.04177,121.58735,9
500111070,20231011,444,18,8,1,25.04177,121.58735,9
500111070,20231011,445,18,8,1,25.04177,121.58735,9
500111070,20231011,446,18,8,1,25.04177,121.58735,9
500111070,20231011,447,18,9,1,25.04177,121.58735,8
500111070,20231011,448,18,9,1,25.04177,121.58735,8
500111070,20231011,449,18,10,1,25.04177,121.58735,7
500111070,20231011,451,18,10,1,25.04177,121.58735,7
500111070,20231011,452,18,11,1,25.04177,121.58735,6
500111070,20231011,453,18,13,1,25.04177,121.58735,4
500111070,20231011,454,18,13,1,25.04177,121.58735,4
500111070,20231011,455,18,13,1,25.04177,121.58735,4
500111070,20231011,456,18,13,1,25.04177,121.58735,4
500111070,20231011,457,18,13,1,25.04177,121.58735,4
500111070,20231011,458,18,15,1,25.04177,121.58735,2
500111070,20231011,459,18,15,1,25.04177,121.58735,2
500111070,20231011,460,18,14,1,25.04177,121.58735,3
500111070,20231011,461,18,14,1,25.04177,121.58735,3
500111070,20231011,462,18,15,1,25.04177,121.58735,2
500111070,20231011,463,18,15,1,25.04177,121.58735,2
500111070,20231011,464,18,16,1,25.04177,121.58735,1
500111070,20231011,465,18,16,1,25.04177,121.58735,1
500111070,20231011,466,18,16,1,25.04177,121.58735,1
500111070,20231011,467,18,17,1,25.04177,121.58735,0
500111070,20231011,468,18,16,1,25.04177,121.58735,1
500111070,20231011,469,18,17,1,25.04177,121.58735,0
500111070,20231011,470,18,17,1,25.04177,121.58735,0
500111070,20231011,471,18,17,1,25.04177,121.58735,0
500111070,20231011,472,18,17,1,25.04177,121.58735,0
500111070,20231011,473,18,17,1,25.04177,121.58735,0
500111070,20231011,474,18,17,1,25.04177,121.58735,0
500111070,20231011,475,18,16,1,25.04177,121.58735,1
500111070,20231011,476,18,16,1,25.04177,121.58735,1
500111070,20231011,477,18,16,1,25.04177,121.58735,1
500111070,20231011,478,18,16,1,25.04177,121.58735,1
500111070,20231011,479,18,16,1,25.04177,121.58735,1
500111070,20231011,481,18,17,1,25.04177,121.58735,0
500111070,20231011,482,18,17,1,25.04177,121.58735,0
500111070,20231011,483,18,17,1,25.04177,121.58735,0
500111070,20231011,484,18,17,1,25.04177,121.58735,0
500111070,20231011,485,18,17,1,25.04177,121.58735,0
500111070,20231011,486,18,17,1,25.04177,121.58735,0
500111070,20231011,487,18,17,1,25.04177,121.58735,0
500111070,20231011,488,18,17,1,25.04177,121.58735,0
500111070,20231011,489,18,17,1,25.04177,121.58735,0
500111070,20231011,490,18,17,1,25.04177,121.58735,0
500111070,20231011,491,18,17,1,25.04177,121.58735,0
500111070,20231011,492,18,16,1,25.04177,121.58735,1
500111070,20231011,493,18,13,1,25.04177,121.58735,4
500111070,20231011,494,18,12,1,25.04177,121.58735,5
500111070,20231011,495,18,10,1,25.04177,121.58735,7
500111070,20231011,496,18,7,1,25.04177,121.58735,10
500111070,20231011,497,18,3,1,25.04177,121.58735,14
500111070,20231011,498,18,3,1,25.04177,121.58735,14
500111070,20231011,499,18,3,1,25.04177,121.58735,14
500111070,20231011,501,18,3,1,25.04177,121.58735,14
500111070,20231011,502,18,4,1,25.04177,121.58735,13
500111070,20231011,503,18,4,1,25.04177,121.58735,13
500111070,20231011,504,18,4,1,25.04177,121.58735,13
500111070,20231011,505,18,5,1,25.04177,121.58735,12
500111070,20231011,506,18,5,1,25.04177,121.58735,12
500111070,20231011,507,18,6,1,25.04177,121.58735,11
500111070,20231011,508,18,6,1,25.04177,121.58735,11
500111070,20231011,509,18,7,1,25.04177,121.58735,10
500111070,20231011,511,18,8,1,25.04177,121.58735,9
500111070,20231011,513,18,8,1,25.04177,121.58735,9
500111070,20231011,514,18,8,1,25.04177,121.58735,9
500111070,20231011,515,18,8,1,25.04177,121.58735,9
500111070,20231011,516,18,10,1,25.04177,121.58735,7
500111070,20231011,517,18,10,1,25.04177,121.58735,7
500111070,20231011,518,18,10,1,25.04177,121.58735,7
500111070,20231011,519,18,7,1,25.04177,121.58735,10
500111070,20231011,520,18,4,1,25.04177,121.58735,13
500111070,20231011,521,18,2,1,25.04177,121.58735,15
500111070,20231011,522,18,2,1,25.04177,121.58735,15
500111070,20231011,523,18,2,1,25.04177,121.58735,15
500111070,20231011,524,18,2,1,25.04177,121.58735,15
500111070,20231011,525,18,3,1,25.04177,121.58735,14
500111070,20231011,526,18,4,1,25.04177,121.58735,13
500111070,20231011,527,18,4,1,25.04177,121.58735,13
500111070,20231011,528,18,5,1,25.04177,121.58735,12
500111070,20231011,529,18,5,1,25.04177,121.58735,12
500111070,20231011,530,18,6,1,25.04177,121.58735,11
500111070,20231011,531,18,6,1,25.04177,121.58735,11
500111070,20231011,532,18,6,1,25.04177,121.58735,11
500111070,20231011,533,18,7,1,25.04177,121.58735,10
500111070,20231011,534,18,7,1,25.04177,121.58735,10
500111070,20231011,535,18,7,1,25.04177,121.58735,10
500111070,20231011,536,18,7,1,25.04177,121.58735,10
500111070,20231011,537,18,7,1,25.04177,121.58735,10
500111070,20231011,538,18,7,1,25.04177,121.58735,10
500111070,20231011,539,18,7,1,25.04177,121.58735,10
500111070,20231011,541,18,7,1,25.04177,121.58735,10
500111070,20231011,542,18,7,1,25.04177,121.58735,10
500111070,20231011,543,18,7,1,25.04177,121.58735,10
500111070,20231011,544,18,7,1,25.04177,121.58735,10
500111070,20231011,545,18,7,1,25.04177,121.58735,10
500111070,20231011,546,18,7,1,25.04177,121.58735,10
500111070,20231011,547,18,6,1,25.04177,121.58735,11
500111070,20231011,548,18,6,1,25.04177,121.58735,11
500111070,20231011,549,18,6,1,25.04177,121.58735,11
500111070,20231011,550,18,6,1,25.04177,121.58735,11
500111070,20231011,551,18,6,1,25.04177,121.58735,11
500111070,20231011,552,18,6,1,25.04177,121.58735,11
500111070,20231011,553,18,6,1,25.04177,121.58735,11
500111070,20231011,554,18,6,1,25.04177,121.58735,11
500111070,20231011,555,18,6,1,25.04177,121.58735,11
500111070,20231011,556,18,6,1,25.04177,121.58735,11
500111070,20231011,557,18,5,1,25.04177,121.58735,12
500111070,20231011,558,18,5,1,25.04177,121.58735,12
500111070,20231011,559,18,5,1,25.04177,121.58735,12
500111070,20231011,561,18,5,1,25.04177,121.58735,12
500111070,20231011,562,18,5,1,25.04177,121.58735,12
500111070,20231011,563,18,5,1,25.04177,121.58735,12
500111070,20231011,564,18,7,1,25.04177,121.58735,10
500111070,20231011,565,18,8,1,25.04177,121.58735,9
500111070,20231011,566,18,8,1,25.04177,121.58735,9
500111070,20231011,567,18,8,1,25.04177,121.58735,9
500111070,20231011,568,18,8,1,25.04177,121.58735,9
500111070,20231011,569,18,9,1,25.04177,121.58735,8
500111070,20231011,571,18,10,1,25.04177,121.58735,7
500111070,20231011,572,18,10,1,25.04177,121.58735,7
500111070,20231011,573,18,10,1,25.04177,121.58735,7
500111070,20231011,574,18,10,1,25.04177,121.58735,7
500111070,20231011,575,18,10,1,25.04177,121.58735,7
500111070,20231011,576,18,10,1,25.04177,121.58735,7
500111070,20231011,577,18,10,1,25.04177,121.58735,7
500111070,20231011,578,18,10,1,25.04177,121.58735,7
500111070,20231011,579,18,10,1,25.04177,121.58735,7
500111070,20231011,580,18,10,1,25.04177,121.58735,7
500111070,20231011,581,18,10,1,25.04177,121.58735,7
500111070,20231011,582,18,10,1,25.04177,121.58735,7
500111070,20231011,583,18,10,1,25.04177,121.58735,7
500111070,20231011,584,18,11,1,25.04177,121.58735,6
500111070,20231011,585,18,11,1,25.04177,121.58735,6
500111070,20231011,586,18,11,1,25.04177,121.58735,6
500111070,20231011,587,18,11,1,25.04177,121.58735,6
500111070,20231011,588,18,11,1,25.04177,121.58735,6
500111070,20231011,589,18,10,1,25.04177,121.58735,7
500111070,20231011,590,18,10,1,25.04177,121.58735,7
500111070,20231011,591,18,10,1,25.04177,121.58735,7
500111070,20231011,592,18,10,1,25.04177,121.58735,7
500111070,20231011,593,18,10,1,25.04177,121.58735,7
500111070,20231011,594,18,12,1,25.04177,121.58735,5
500111070,20231011,595,18,12,1,25.04177,121.58735,5
500111070,20231011,596,18,12,1,25.04177,121.58735,5
500111070,20231011,597,18,12,1,25.04177,121.58735,5
500111070,20231011,598,18,12,1,25.04177,121.58735,5
500111070,20231011,599,18,12,1,25.04177,121.58735,5
500111070,20231011,601,18,12,1,25.04177,121.58735,5
500111070,20231011,602,18,12,1,25.04177,121.58735,5
500111070,20231011,603,18,12,1,25.04177,121.58735,5
500111070,20231011,604,18,12,1,25.04177,121.58735,5
500111070,20231011,605,18,12,1,25.04177,121.58735,5
500111070,20231011,606,18,12,1,25.04177,121.58735,6
500111070,20231011,607,18,12,1,25.04177,121.58735,6
500111070,20231011,608,18,12,1,25.04177,121.58735,6
500111070,20231011,609,18,12,1,25.04177,121.58735,6
500111070,20231011,610,18,12,1,25.04177,121.58735,6
500111070,20231011,611,18,12,1,25.04177,121.58735,6
500111070,20231011,612,18,12,1,25.04177,121.58735,6
500111070,20231011,613,18,11,1,25.04177,121.58735,7
500111070,20231011,614,18,11,1,25.04177,121.58735,7
500111070,20231011,615,18,11,1,25.04177,121.58735,7
500111070,20231011,616,18,11,1,25.04177,121.58735,7
500111070,20231011,617,18,11,1,25.04177,121.58735,7
500111070,20231011,618,18,12,1,25.04177,121.58735,6
500111070,20231011,619,18,12,1,25.04177,121.58735,6
500111070,20231011,621,18,11,1,25.04177,121.58735,7
500111070,20231011,622,18,11,1,25.04177,121.58735,7
500111070,20231011,623,18,12,1,25.04177,121.58735,6
500111070,20231011,624,18,12,1,25.04177,121.58735,6
500111070,20231011,625,18,11,1,25.04177,121.58735,7
500111070,20231011,626,18,9,1,25.04177,121.58735,9
500111070,20231011,627,18,9,1,25.04177,121.58735,9
500111070,20231011,628,18,9,1,25.04177,121.58735,9
500111070,20231011,629,18,9,1,25.04177,121.58735,9
500111070,20231011,631,18,9,1,25.04177,121.58735,9
500111070,20231011,632,18,9,1,25.04177,121.58735,9
500111070,20231011,633,18,9,1,25.04177,121.58735,9
500111070,20231011,634,18,9,1,25.04177,121.58735,9
500111070,20231011,635,18,9,1,25.04177,121.58735,9
500111070,20231011,636,18,10,1,25.04177,121.58735,8
500111070,20231011,637,18,10,1,25.04177,121.58735,8
500111070,20231011,638,18,10,1,25.04177,121.58735,8
500111070,20231011,639,18,10,1,25.04177,121.58735,8
500111070,20231011,640,18,10,1,25.04177,121.58735,8
500111070,20231011,641,18,10,1,25.04177,121.58735,8
500111070,20231011,642,18,10,1,25.04177,121.58735,8
500111070,20231011,643,18,11,1,25.04177,121.58735,7
500111070,20231011,644,18,11,1,25.04177,121.58735,7
500111070,20231011,645,18,11,1,25.04177,121.58735,7
500111070,20231011,646,18,12,1,25.04177,121.58735,6
500111070,20231011,647,18,12,1,25.04177,121.58735,6
500111070,20231011,648,18,12,1,25.04177,121.58735,6
500111070,20231011,649,18,12,1,25.04177,121.58735,6
500111070,20231011,650,18,12,1,25.04177,121.58735,6
500111070,20231011,651,18,12,1,25.04177,121.58735,6
500111070,20231011,652,18,12,1,25.04177,121.58735,6
500111070,20231011,653,18,12,1,25.04177,121.58735,6
500111070,20231011,654,18,12,1,25.04177,121.58735,6
500111070,20231011,655,18,12,1,25.04177,121.58735,6
500111070,20231011,656,18,12,1,25.04177,121.58735,6
500111070,20231011,657,18,12,1,25.04177,121.58735,6
500111070,20231011,658,18,12,1,25.04177,121.58735,6
500111070,20231011,659,18,12,1,25.04177,121.58735,6
500111070,20231011,661,18,12,1,25.04177,121.58735,6
500111070,20231011,662,18,12,1,25.04177,121.58735,6
500111070,20231011,663,18,12,1,25.04177,121.58735,6
500111070,20231011,664,18,12,1,25.04177,121.58735,6
500111070,20231011,665,18,12,1,25.04177,121.58735,6
500111070,20231011,666,18,12,1,25.04177,121.58735,6
500111070,20231011,667,18,12,1,25.04177,121.58735,6
500111070,20231011,668,18,12,1,25.04177,121.58735,6
500111070,20231011,669,18,12,1,25.04177,121.58735,6
500111070,20231011,670,18,12,1,25.04177,121.58735,6
500111070,20231011,671,18,12,1,25.04177,121.58735,6
500111070,20231011,672,18,12,1,25.04177,121.58735,6
500111070,20231011,673,18,12,1,25.04177,121.58735,6
500111070,20231011,674,18,12,1,25.04177,121.58735,6
500111070,20231011,675,18,12,1,25.04177,121.58735,6
500111070,20231011,676,18,12,1,25.04177,121.58735,6
500111070,20231011,677,18,12,1,25.04177,121.58735,6
500111070,20231011,678,18,12,1,25.04177,121.58735,6
500111070,20231011,679,18,12,1,25.04177,121.58735,6
500111070,20231011,681,18,12,1,25.04177,121.58735,6
500111070,20231011,682,18,12,1,25.04177,121.58735,6
500111070,20231011,683,18,12,1,25.04177,121.58735,6
500111070,20231011,684,18,13,1,25.04177,121.58735,5
500111070,20231011,685,18,13,1,25.04177,121.58735,5
500111070,20231011,686,18,13,1,25.04177,121.58735,5
500111070,20231011,687,18,13,1,25.04177,121.58735,5
500111070,20231011,688,18,13,1,25.04177,121.58735,5
500111070,20231011,689,18,13,1,25.04177,121.58735,5
500111070,20231011,690,18,13,1,25.04177,121.58735,5
500111070,20231011,691,18,13,1,25.04177,121.58735,5
500111070,20231011,692,18,12,1,25.04177,121.58735,6
500111070,20231011,693,18,12,1,25.04177,121.58735,6
500111070,20231011,694,18,13,1,25.04177,121.58735,5
500111070,20231011,695,18,13,1,25.04177,121.58735,5
500111070,20231011,696,18,13,1,25.04177,121.58735,5
500111070,20231011,697,18,13,1,25.04177,121.58735,5
500111070,20231011,698,18,13,1,25.04177,121.58735,5
500111070,20231011,699,18,14,1,25.04177,121.58735,4
500111070,20231011,700,18,14,1,25.04177,121.58735,4
500111070,20231011,701,18,14,1,25.04177,121.58735,4
500111070,20231011,702,18,14,1,25.04177,121.58735,4
500111070,20231011,703,18,14,1,25.04177,121.58735,4
500111070,20231011,704,18,14,1,25.04177,121.58735,4
500111070,20231011,705,18,15,1,25.04177,121.58735,3
500111070,20231011,706,18,15,1,25.04177,121.58735,3
500111070,20231011,707,18,15,1,25.04177,121.58735,3
500111070,20231011,708,18,14,1,25.04177,121.58735,4
500111070,20231011,709,18,14,1,25.04177,121.58735,4
500111070,20231011,710,18,14,1,25.04177,121.58735,4
500111070,20231011,711,18,14,1,25.04177,121.58735,4
500111070,20231011,712,18,14,1,25.04177,121.58735,4
500111070,20231011,713,18,14,1,25.04177,121.58735,4
500111070,20231011,714,18,14,1,25.04177,121.58735,4
500111070,20231011,715,18,14,1,25.04177,121.58735,4
500111070,20231011,716,18,14,1,25.04177,121.58735,4
500111070,20231011,717,18,14,1,25.04177,121.58735,4
500111070,20231011,718,18,13,1,25.04177,121.58735,5
500111070,20231011,719,18,13,1,25.04177,121.58735,5
500111070,20231011,721,18,13,1,25.04177,121.58735,5
500111070,20231011,722,18,13,1,25.04177,121.58735,5
500111070,20231011,723,18,13,1,25.04177,121.58735,5
500111070,20231011,724,18,13,1,25.04177,121.58735,5
500111070,20231011,725,18,14,1,25.04177,121.58735,4
500111070,20231011,726,18,14,1,25.04177,121.58735,4
500111070,20231011,727,18,14,1,25.04177,121.58735,4
500111070,20231011,728,18,14,1,25.04177,121.58735,4
500111070,20231011,729,18,14,1,25.04177,121.58735,4
500111070,20231011,730,18,14,1,25.04177,121.58735,4
500111070,20231011,731,18,14,1,25.04177,121.58735,4
500111070,20231011,732,18,14,1,25.04177,121.58735,4
500111070,20231011,733,18,14,1,25.04177,121.58735,4
500111070,20231011,734,18,14,1,25.04177,121.58735,4
500111070,20231011,735,18,14,1,25.04177,121.58735,4
500111070,20231011,736,18,14,1,25.04177,121.58735,4
500111070,20231011,737,18,14,1,25.04177,121.58735,4
500111070,20231011,738,18,14,1,25.04177,121.58735,4
500111070,20231011,739,18,14,1,25.04177,121.58735,4
500111070,20231011,741,18,13,1,25.04177,121.58735,5
500111070,20231011,742,18,14,1,25.04177,121.58735,4
500111070,20231011,743,18,14,1,25.04177,121.58735,4
500111070,20231011,744,18,14,1,25.04177,121.58735,4
500111070,20231011,745,18,14,1,25.04177,121.58735,4
500111070,20231011,746,18,14,1,25.04177,121.58735,4
500111070,20231011,747,18,14,1,25.04177,121.58735,4
500111070,20231011,748,18,14,1,25.04177,121.58735,4
500111070,20231011,749,18,14,1,25.04177,121.58735,4
500111070,20231011,751,18,14,1,25.04177,121.58735,4
500111070,20231011,752,18,14,1,25.04177,121.58735,4
500111070,20231011,753,18,14,1,25.04177,121.58735,4
500111070,20231011,754,18,14,1,25.04177,121.58735,4
500111070,20231011,755,18,14,1,25.04177,121.58735,4
500111070,20231011,756,18,14,1,25.04177,121.58735,4
500111070,20231011,757,18,14,1,25.04177,121.58735,4
500111070,20231011,758,18,14,1,25.04177,121.58735,4
500111070,20231011,759,18,14,1,25.04177,121.58735,4
500111070,20231011,760,18,14,1,25.04177,121.58735,4
500111070,20231011,761,18,14,1,25.04177,121.58735,4
500111070,20231011,762,18,14,1,25.04177,121.58735,4
500111070,20231011,763,18,14,1,25.04177,121.58735,4
500111070,20231011,764,18,14,1,25.04177,121.58735,4
500111070,20231011,765,18,14,1,25.04177,121.58735,4
500111070,20231011,766,18,14,1,25.04177,121.58735,4
500111070,20231011,767,18,14,1,25.04177,121.58735,4
500111070,20231011,768,18,14,1,25.04177,121.58735,4
500111070,20231011,769,18,14,1,25.04177,121.58735,4
500111070,20231011,770,18,14,1,25.04177,121.58735,4
500111070,20231011,771,18,14,1,25.04177,121.58735,4
500111070,20231011,772,18,14,1,25.04177,121.58735,4
500111070,20231011,773,18,14,1,25.04177,121.58735,4
500111070,20231011,774,18,14,1,25.04177,121.58735,4
500111070,20231011,775,18,14,1,25.04177,121.58735,4
500111070,20231011,776,18,14,1,25.04177,121.58735,4
500111070,20231011,777,18,14,1,25.04177,121.58735,4
500111070,20231011,778,18,14,1,25.04177,121.58735,4
500111070,20231011,779,18,14,1,25.04177,121.58735,4
500111070,20231011,781,18,14,1,25.04177,121.58735,4
500111070,20231011,782,18,14,1,25.04177,121.58735,4
500111070,20231011,783,18,14,1,25.04177,121.58735,4
500111070,20231011,784,18,14,1,25.04177,121.58735,4
500111070,20231011,785,18,14,1,25.04177,121.58735,4
500111070,20231011,786,18,14,1,25.04177,121.58735,4
500111070,20231011,787,18,14,1,25.04177,121.58735,4
500111070,20231011,788,18,14,1,25.04177,121.58735,4
500111070,20231011,789,18,14,1,25.04177,121.58735,4
500111070,20231011,790,18,14,1,25.04177,121.58735,4
500111070,20231011,791,18,14,1,25.04177,121.58735,4
500111070,20231011,792,18,14,1,25.04177,121.58735,4
500111070,20231011,793,18,14,1,25.04177,121.58735,4
500111070,20231011,794,18,14,1,25.04177,121.58735,4
500111070,20231011,795,18,14,1,25.04177,121.58735,4
500111070,20231011,796,18,14,1,25.04177,121.58735,4
500111070,20231011,797,18,14,1,25.04177,121.58735,4
500111070,20231011,798,18,14,1,25.04177,121.58735,4
500111070,20231011,799,18,14,1,25.04177,121.58735,4
500111070,20231011,801,18,14,1,25.04177,121.58735,4
500111070,20231011,802,18,14,1,25.04177,121.58735,4
500111070,20231011,803,18,14,1,25.04177,121.58735,4
500111070,20231011,804,18,14,1,25.04177,121.58735,4
500111070,20231011,805,18,14,1,25.04177,121.58735,4
500111070,20231011,806,18,14,1,25.04177,121.58735,4
500111070,20231011,807,18,14,1,25.04177,121.58735,4
500111070,20231011,808,18,14,1,25.04177,121.58735,4
500111070,20231011,809,18,14,1,25.04177,121.58735,4
500111070,20231011,811,18,13,1,25.04177,121.58735,5
500111070,20231011,812,18,13,1,25.04177,121.58735,5
500111070,20231011,813,18,13,1,25.04177,121.58735,5
500111070,20231011,814,18,13,1,25.04177,121.58735,5
500111070,20231011,815,18,13,1,25.04177,121.58735,5
500111070,20231011,817,18,13,1,25.04177,121.58735,5
500111070,20231011,818,18,13,1,25.04177,121.58735,5
500111070,20231011,819,18,13,1,25.04177,121.58735,5
500111070,20231011,820,18,13,1,25.04177,121.58735,5
500111070,20231011,821,18,13,1,25.04177,121.58735,5
500111070,20231011,822,18,13,1,25.04177,121.58735,5
500111070,20231011,823,18,13,1,25.04177,121.58735,5
500111070,20231011,824,18,13,1,25.04177,121.58735,5
500111070,20231011,825,18,13,1,25.04177,121.58735,5
500111070,20231011,826,18,12,1,25.04177,121.58735,6
500111070,20231011,827,18,12,1,25.04177,121.58735,6
500111070,20231011,828,18,12,1,25.04177,121.58735,6
500111070,20231011,829,18,11,1,25.04177,121.58735,7
500111070,20231011,830,18,11,1,25.04177,121.58735,7
500111070,20231011,831,18,11,1,25.04177,121.58735,7
500111070,20231011,832,18,11,1,25.04177,121.58735,7
500111070,20231011,833,18,11,1,25.04177,121.58735,7
500111070,20231011,834,18,11,1,25.04177,121.58735,7
500111070,20231011,835,18,11,1,25.04177,121.58735,7
500111070,20231011,836,18,11,1,25.04177,121.58735,7
500111070,20231011,837,18,11,1,25.04177,121.58735,7
500111070,20231011,838,18,11,1,25.04177,121.58735,7
500111070,20231011,839,18,11,1,25.04177,121.58735,7
500111070,20231011,841,18,11,1,25.04177,121.58735,7
500111070,20231011,842,18,11,1,25.04177,121.58735,7
500111070,20231011,843,18,11,1,25.04177,121.58735,7
500111070,20231011,844,18,11,1,25.04177,121.58735,7
500111070,20231011,845,18,11,1,25.04177,121.58735,7
500111070,20231011,846,18,11,1,25.04177,121.58735,7
500111070,20231011,847,18,11,1,25.04177,121.58735,7
500111070,20231011,848,18,11,1,25.04177,121.58735,7
500111070,20231011,849,18,11,1,25.04177,121.58735,7
500111070,20231011,850,18,11,1,25.04177,121.58735,7
500111070,20231011,851,18,11,1,25.04177,121.58735,7
500111070,20231011,852,18,11,1,25.04177,121.58735,7
500111070,20231011,853,18,11,1,25.04177,121.58735,7
500111070,20231011,854,18,11,1,25.04177,121.58735,7
500111070,20231011,855,18,11,1,25.04177,121.58735,7
500111070,20231011,856,18,11,1,25.04177,121.58735,7
500111070,20231011,857,18,11,1,25.04177,121.58735,7
500111070,20231011,858,18,11,1,25.04177,121.58735,7
500111070,20231011,859,18,11,1,25.04177,121.58735,7
500111070,20231011,861,18,11,1,25.04177,121.58735,7
500111070,20231011,862,18,12,1,25.04177,121.58735,6
500111070,20231011,865,18,13,1,25.04177,121.58735,5
500111070,20231011,866,18,13,1,25.04177,121.58735,5
500111070,20231011,867,18,13,1,25.04177,121.58735,5
500111070,20231011,868,18,13,1,25.04177,121.58735,5
500111070,20231011,869,18,13,1,25.04177,121.58735,5
500111070,20231011,870,18,13,1,25.04177,121.58735,5
500111070,20231011,872,18,14,1,25.04177,121.58735,4
500111070,20231011,873,18,14,1,25.04177,121.58735,4
500111070,20231011,874,18,14,1,25.04177,121.58735,4
500111070,20231011,875,18,14,1,25.04177,121.58735,4
500111070,20231011,876,18,14,1,25.04177,121.58735,4
500111070,20231011,877,18,14,1,25.04177,121.58735,4
500111070,20231011,878,18,14,1,25.04177,121.58735,4
500111070,20231011,880,18,14,1,25.04177,121.58735,4
500111070,20231011,881,18,14,1,25.04177,121.58735,4
500111070,20231011,882,18,14,1,25.04177,121.58735,4
500111070,20231011,883,18,14,1,25.04177,121.58735,4
500111070,20231011,885,18,13,1,25.04177,121.58735,5
500111070,20231011,886,18,13,1,25.04177,121.58735,5
500111070,20231011,887,18,13,1,25.04177,121.58735,5
500111070,20231011,888,18,13,1,25.04177,121.58735,5
500111070,20231011,890,18,14,1,25.04177,121.58735,4
500111070,20231011,891,18,14,1,25.04177,121.58735,4
500111070,20231011,892,18,14,1,25.04177,121.58735,4
500111070,20231011,893,18,14,1,25.04177,121.58735,4
500111070,20231011,894,18,14,1,25.04177,121.58735,4
500111070,20231011,895,18,14,1,25.04177,121.58735,4
500111070,20231011,896,18,14,1,25.04177,121.58735,4
500111070,20231011,897,18,14,1,25.04177,121.58735,4
500111070,20231011,899,18,14,1,25.04177,121.58735,4
500111070,20231011,901,18,13,1,25.04177,121.58735,5
500111070,20231011,902,18,13,1,25.04177,121.58735,5
500111070,20231011,903,18,12,1,25.04177,121.58735,6
500111070,20231011,905,18,13,1,25.04177,121.58735,5
500111070,20231011,906,18,13,1,25.04177,121.58735,5
500111070,20231011,907,18,13,1,25.04177,121.58735,5
500111070,20231011,908,18,13,1,25.04177,121.58735,5
500111070,20231011,909,18,13,1,25.04177,121.58735,5
500111070,20231011,911,18,13,1,25.04177,121.58735,5
500111070,20231011,912,18,13,1,25.04177,121.58735,5
500111070,20231011,913,18,13,1,25.04177,121.58735,5
500111070,20231011,914,18,12,1,25.04177,121.58735,6
500111070,20231011,915,18,12,1,25.04177,121.58735,6
500111070,20231011,916,18,12,1,25.04177,121.58735,6
500111070,20231011,918,18,11,1,25.04177,121.58735,7
500111070,20231011,919,18,11,1,25.04177,121.58735,7
500111070,20231011,921,18,11,1,25.04177,121.58735,7
500111070,20231011,922,18,11,1,25.04177,121.58735,7
500111070,20231011,924,18,10,1,25.04177,121.58735,8
500111070,20231011,925,18,10,1,25.04177,121.58735,8
500111070,20231011,926,18,10,1,25.04177,121.58735,8
500111070,20231011,927,18,10,1,25.04177,121.58735,8
500111070,20231011,928,18,10,1,25.04177,121.58735,8
500111070,20231011,929,18,10,1,25.04177,121.58735,8
500111070,20231011,930,18,10,1,25.04177,121.58735,8
500111070,20231011,931,18,10,1,25.04177,121.58735,8
500111070,20231011,932,18,10,1,25.04177,121.58735,8
500111070,20231011,934,18,11,1,25.04177,121.58735,7
500111070,20231011,935,18,12,1,25.04177,121.58735,6
500111070,20231011,936,18,12,1,25.04177,121.58735,6
500111070,20231011,937,18,12,1,25.04177,121.58735,6
500111070,20231011,938,18,12,1,25.04177,121.58735,6
500111070,20231011,939,18,12,1,25.04177,121.58735,6
500111070,20231011,940,18,13,1,25.04177,121.58735,5
500111070,20231011,941,18,13,1,25.04177,121.58735,5
500111070,20231011,942,18,13,1,25.04177,121.58735,5
500111070,20231011,943,18,13,1,25.04177,121.58735,5
500111070,20231011,945,18,13,1,25.04177,121.58735,5
500111070,20231011,946,18,13,1,25.04177,121.58735,5
500111070,20231011,947,18,12,1,25.04177,121.58735,6
500111070,20231011,948,18,12,1,25.04177,121.58735,6
500111070,20231011,949,18,12,1,25.04177,121.58735,6
500111070,20231011,950,18,12,1,25.04177,121.58735,6
500111070,20231011,952,18,12,1,25.04177,121.58735,6
500111070,20231011,953,18,12,1,25.04177,121.58735,6
500111070,20231011,954,18,11,1,25.04177,121.58735,7
500111070,20231011,955,18,11,1,25.04177,121.58735,7
500111070,20231011,956,18,11,1,25.04177,121.58735,7
500111070,20231011,957,18,11,1,25.04177,121.58735,7
500111070,20231011,958,18,12,1,25.04177,121.58735,6
500111070,20231011,959,18,12,1,25.04177,121.58735,6
500111070,20231011,961,18,12,1,25.04177,121.58735,6
500111070,20231011,962,18,13,1,25.04177,121.58735,5
500111070,20231011,963,18,14,1,25.04177,121.58735,4
500111070,20231011,964,18,14,1,25.04177,121.58735,4
500111070,20231011,965,18,14,1,25.04177,121.58735,4
500111070,20231011,966,18,14,1,25.04177,121.58735,4
500111070,20231011,967,18,14,1,25.04177,121.58735,4
500111070,20231011,969,18,14,1,25.04177,121.58735,4
500111070,20231011,970,18,14,1,25.04177,121.58735,4
500111070,20231011,971,18,14,1,25.04177,121.58735,4
500111070,20231011,972,18,15,1,25.04177,121.58735,3
500111070,20231011,973,18,15,1,25.04177,121.58735,3
500111070,20231011,974,18,16,1,25.04177,121.58735,2
500111070,20231011,976,18,16,1,25.04177,121.58735,2
500111070,20231011,977,18,16,1,25.04177,121.58735,2
500111070,20231011,978,18,16,1,25.04177,121.58735,2
500111070,20231011,979,18,16,1,25.04177,121.58735,2
500111070,20231011,981,18,16,1,25.04177,121.58735,2
500111070,20231011,982,18,16,1,25.04177,121.58735,2
500111070,20231011,983,18,16,1,25.04177,121.58735,2
500111070,20231011,985,18,16,1,25.04177,121.58735,2
500111070,20231011,986,18,16,1,25.04177,121.58735,2
500111070,20231011,987,18,16,1,25.04177,121.58735,2
500111070,20231011,988,18,16,1,25.04177,121.58735,2
500111070,20231011,989,18,16,1,25.04177,121.58735,2
500111070,20231011,992,18,16,1,25.04177,121.58735,2
500111070,20231011,993,18,16,1,25.04177,121.58735,2
500111070,20231011,994,18,16,1,25.04177,121.58735,2
500111070,20231011,995,18,16,1,25.04177,121.58735,2
500111070,20231011,996,18,16,1,25.04177,121.58735,2
500111070,20231011,997,18,16,1,25.04177,121.58735,2
500111070,20231011,998,18,16,1,25.04177,121.58735,2
500111070,20231011,999,18,16,1,25.04177,121.58735,2
500111070,20231011,1000,18,16,1,25.04177,121.58735,2
500111070,20231011,1001,18,15,1,25.04177,121.58735,3
500111070,20231011,1002,18,16,1,25.04177,121.58735,2
500111070,20231011,1003,18,16,1,25.04177,121.58735,2
500111070,20231011,1004,18,16,1,25.04177,121.58735,2
500111070,20231011,1005,18,16,1,25.04177,121.58735,2
500111070,20231011,1006,18,16,1,25.04177,121.58735,2
500111070,20231011,1008,18,16,1,25.04177,121.58735,2
500111070,20231011,1009,18,16,1,25.04177,121.58735,2
500111070,20231011,1010,18,16,1,25.04177,121.58735,2
500111070,20231011,1011,18,15,1,25.04177,121.58735,3
500111070,20231011,1012,18,16,1,25.04177,121.58735,2
500111070,20231011,1013,18,16,1,25.04177,121.58735,2
500111070,20231011,1014,18,16,1,25.04177,121.58735,2
500111070,20231011,1015,18,16,1,25.04177,121.58735,2
500111070,20231011,1016,18,15,1,25.04177,121.58735,3
500111070,20231011,1017,18,15,1,25.04177,121.58735,3
500111070,20231011,1018,18,14,1,25.04177,121.58735,4
500111070,20231011,1019,18,14,1,25.04177,121.58735,4
500111070,20231011,1021,18,13,1,25.04177,121.58735,5
500111070,20231011,1022,18,13,1,25.04177,121.58735,5
500111070,20231011,1024,18,14,1,25.04177,121.58735,4
500111070,20231011,1025,18,14,1,25.04177,121.58735,4
500111070,20231011,1026,18,14,1,25.04177,121.58735,4
500111070,20231011,1027,18,13,1,25.04177,121.58735,5
500111070,20231011,1028,18,13,1,25.04177,121.58735,5
500111070,20231011,1029,18,13,1,25.04177,121.58735,5
500111070,20231011,1030,18,13,1,25.04177,121.58735,5
500111070,20231011,1031,18,14,1,25.04177,121.58735,4
500111070,20231011,1032,18,14,1,25.04177,121.58735,4
500111070,20231011,1033,18,14,1,25.04177,121.58735,4
500111070,20231011,1034,18,14,1,25.04177,121.58735,4
500111070,20231011,1035,18,15,1,25.04177,121.58735,3
500111070,20231011,1036,18,15,1,25.04177,121.58735,3
500111070,20231011,1037,18,15,1,25.04177,121.58735,3
500111070,20231011,1038,18,14,1,25.04177,121.58735,4
500111070,20231011,1039,18,14,1,25.04177,121.58735,4
500111070,20231011,1041,18,15,1,25.04177,121.58735,3
500111070,20231011,1042,18,14,1,25.04177,121.58735,4
500111070,20231011,1043,18,14,1,25.04177,121.58735,4
500111070,20231011,1044,18,14,1,25.04177,121.58735,4
500111070,20231011,1046,18,12,1,25.04177,121.58735,6
500111070,20231011,1047,18,12,1,25.04177,121.58735,6
500111070,20231011,1048,18,12,1,25.04177,121.58735,6
500111070,20231011,1049,18,12,1,25.04177,121.58735,6
500111070,20231011,1051,18,12,1,25.04177,121.58735,6
500111070,20231011,1052,18,12,1,25.04177,121.58735,6
500111070,20231011,1053,18,11,1,25.04177,121.58735,7
500111070,20231011,1054,18,11,1,25.04177,121.58735,7
500111070,20231011,1055,18,11,1,25.04177,121.58735,7
500111070,20231011,1056,18,11,1,25.04177,121.58735,7
500111070,20231011,1057,18,11,1,25.04177,121.58735,7
500111070,20231011,1058,18,11,1,25.04177,121.58735,7
500111070,20231011,1059,18,11,1,25.04177,121.58735,7
500111070,20231011,1060,18,11,1,25.04177,121.58735,7
500111070,20231011,1061,18,11,1,25.04177,121.58735,7
500111070,20231011,1062,18,12,1,25.04177,121.58735,6
500111070,20231011,1063,18,12,1,25.04177,121.58735,6
500111070,20231011,1064,18,11,1,25.04177,121.58735,7
500111070,20231011,1065,18,12,1,25.04177,121.58735,6
500111070,20231011,1066,18,12,1,25.04177,121.58735,6
500111070,20231011,1067,18,12,1,25.04177,121.58735,6
500111070,20231011,1068,18,10,1,25.04177,121.58735,8
500111070,20231011,1069,18,10,1,25.04177,121.58735,8
500111070,20231011,1070,18,9,1,25.04177,121.58735,9
500111070,20231011,1071,18,9,1,25.04177,121.58735,9
500111070,20231011,1072,18,8,1,25.04177,121.58735,10
500111070,20231011,1073,18,8,1,25.04177,121.58735,10
500111070,20231011,1074,18,7,1,25.04177,121.58735,11
500111070,20231011,1075,18,7,1,25.04177,121.58735,11
500111070,20231011,1076,18,7,1,25.04177,121.58735,11
500111070,20231011,1077,18,7,1,25.04177,121.58735,11
500111070,20231011,1078,18,9,1,25.04177,121.58735,9
500111070,20231011,1079,18,8,1,25.04177,121.58735,10
500111070,20231011,1082,18,8,1,25.04177,121.58735,10
500111070,20231011,1083,18,7,1,25.04177,121.58735,11
500111070,20231011,1084,18,7,1,25.04177,121.58735,11
500111070,20231011,1085,18,7,1,25.04177,121.58735,11
500111070,20231011,1086,18,7,1,25.04177,121.58735,11
500111070,20231011,1087,18,7,1,25.04177,121.58735,11
500111070,20231011,1088,18,7,1,25.04177,121.58735,11
500111070,20231011,1089,18,7,1,25.04177,121.58735,11
500111070,20231011,1090,18,6,1,25.04177,121.58735,12
500111070,20231011,1091,18,6,1,25.04177,121.58735,12
500111070,20231011,1092,18,6,1,25.04177,121.58735,12
500111070,20231011,1093,18,6,1,25.04177,121.58735,12
500111070,20231011,1094,18,5,1,25.04177,121.58735,13
500111070,20231011,1095,18,5,1,25.04177,121.58735,13
500111070,20231011,1096,18,5,1,25.04177,121.58735,13
500111070,20231011,1097,18,5,1,25.04177,121.58735,13
500111070,20231011,1098,18,5,1,25.04177,121.58735,13
500111070,20231011,1099,18,4,1,25.04177,121.58735,14
500111070,20231011,1101,18,4,1,25.04177,121.58735,14
500111070,20231011,1102,18,5,1,25.04177,121.58735,13
500111070,20231011,1103,18,5,1,25.04177,121.58735,13
500111070,20231011,1104,18,5,1,25.04177,121.58735,13
500111070,20231011,1105,18,4,1,25.04177,121.58735,14
500111070,20231011,1106,18,4,1,25.04177,121.58735,14
500111070,20231011,1107,18,4,1,25.04177,121.58735,14
500111070,20231011,1108,18,4,1,25.04177,121.58735,14
500111070,20231011,1109,18,3,1,25.04177,121.58735,15
500111070,20231011,1111,18,2,1,25.04177,121.58735,16
500111070,20231011,1112,18,2,1,25.04177,121.58735,16
500111070,20231011,1113,18,3,1,25.04177,121.58735,15
500111070,20231011,1114,18,3,1,25.04177,121.58735,15
500111070,20231011,1115,18,4,1,25.04177,121.58735,14
500111070,20231011,1116,18,4,1,25.04177,121.58735,14
500111070,20231011,1118,18,4,1,25.04177,121.58735,14
500111070,20231011,1119,18,4,1,25.04177,121.58735,14
500111070,20231011,1120,18,4,1,25.04177,121.58735,14
500111070,20231011,1121,18,4,1,25.04177,121.58735,14
500111070,20231011,1122,18,4,1,25.04177,121.58735,14
500111070,20231011,1123,18,4,1,25.04177,121.58735,14
500111070,20231011,1124,18,4,1,25.04177,121.58735,14
500111070,20231011,1125,18,4,1,25.04177,121.58735,14
500111070,20231011,1126,18,4,1,25.04177,121.58735,14
500111070,20231011,1127,18,4,1,25.04177,121.58735,14
500111070,20231011,1128,18,3,1,25.04177,121.58735,15
500111070,20231011,1129,18,3,1,25.04177,121.58735,15
500111070,20231011,1130,18,3,1,25.04177,121.58735,15
500111070,20231011,1131,18,3,1,25.04177,121.58735,15
500111070,20231011,1132,18,3,1,25.04177,121.58735,15
500111070,20231011,1133,18,2,1,25.04177,121.58735,16
500111070,20231011,1134,18,1,1,25.04177,121.58735,17
500111070,20231011,1135,18,1,1,25.04177,121.58735,17
500111070,20231011,1136,18,7,1,25.04177,121.58735,11
500111070,20231011,1137,18,9,1,25.04177,121.58735,9
500111070,20231011,1138,18,11,1,25.04177,121.58735,7
500111070,20231011,1139,18,12,1,25.04177,121.58735,6
500111070,20231011,1141,18,14,1,25.04177,121.58735,4
500111070,20231011,1142,18,13,1,25.04177,121.58735,5
500111070,20231011,1143,18,13,1,25.04177,121.58735,5
500111070,20231011,1144,18,13,1,25.04177,121.58735,5
500111070,20231011,1145,18,15,1,25.04177,121.58735,3
500111070,20231011,1146,18,15,1,25.04177,121.58735,3
500111070,20231011,1147,18,15,1,25.04177,121.58735,3
500111070,20231011,1148,18,15,1,25.04177,121.58735,3
500111070,20231011,1149,18,15,1,25.04177,121.58735,3
500111070,20231011,1150,18,15,1,25.04177,121.58735,3
500111070,20231011,1151,18,15,1,25.04177,121.58735,3
500111070,20231011,1152,18,15,1,25.04177,121.58735,3
500111070,20231011,1153,18,15,1,25.04177,121.58735,3
500111070,20231011,1154,18,15,1,25.04177,121.58735,3
500111070,20231011,1155,18,15,1,25.04177,121.58735,3
500111070,20231011,1156,18,15,1,25.04177,121.58735,3
500111070,20231011,1157,18,15,1,25.04177,121.58735,3
500111070,20231011,1158,18,15,1,25.04177,121.58735,3
500111070,20231011,1159,18,16,1,25.04177,121.58735,2
500111070,20231011,1161,18,16,1,25.04177,121.58735,2
500111070,20231011,1162,18,16,1,25.04177,121.58735,2
500111070,20231011,1163,18,16,1,25.04177,121.58735,2
500111070,20231011,1164,18,16,1,25.04177,121.58735,2
500111070,20231011,1165,18,16,1,25.04177,121.58735,2
500111070,20231011,1166,18,16,1,25.04177,121.58735,2
500111070,20231011,1167,18,16,1,25.04177,121.58735,2
500111070,20231011,1168,18,15,1,25.04177,121.58735,3
500111070,20231011,1169,18,15,1,25.04177,121.58735,3
500111070,20231011,1171,18,15,1,25.04177,121.58735,2
500111070,20231011,1172,18,15,1,25.04177,121.58735,2
500111070,20231011,1173,18,15,1,25.04177,121.58735,2
500111070,20231011,1174,18,15,1,25.04177,121.58735,2
500111070,20231011,1175,18,15,1,25.04177,121.58735,2
500111070,20231011,1176,18,15,1,25.04177,121.58735,2
500111070,20231011,1177,18,15,1,25.04177,121.58735,2
500111070,20231011,1178,18,15,1,25.04177,121.58735,2
500111070,20231011,1179,18,16,1,25.04177,121.58735,1
500111070,20231011,1180,18,16,1,25.04177,121.58735,1
500111070,20231011,1181,18,16,1,25.04177,121.58735,1
500111070,20231011,1182,18,16,1,25.04177,121.58735,1
500111070,20231011,1183,18,16,1,25.04177,121.58735,1
500111070,20231011,1184,18,16,1,25.04177,121.58735,1
500111070,20231011,1185,18,16,1,25.04177,121.58735,1
500111070,20231011,1186,18,15,1,25.04177,121.58735,2
500111070,20231011,1187,18,15,1,25.04177,121.58735,2
500111070,20231011,1188,18,15,1,25.04177,121.58735,2
500111070,20231011,1189,18,15,1,25.04177,121.58735,2
500111070,20231011,1190,18,15,1,25.04177,121.58735,2
500111070,20231011,1191,18,15,1,25.04177,121.58735,2
500111070,20231011,1192,18,15,1,25.04177,121.58735,2
500111070,20231011,1193,18,14,1,25.04177,121.58735,3
500111070,20231011,1194,18,14,1,25.04177,121.58735,3
500111070,20231011,1195,18,14,1,25.04177,121.58735,3
500111070,20231011,1196,18,14,1,25.04177,121.58735,3
500111070,20231011,1197,18,14,1,25.04177,121.58735,3
500111070,20231011,1198,18,13,1,25.04177,121.58735,4
500111070,20231011,1199,18,14,1,25.04177,121.58735,3
500111070,20231011,1201,18,14,1,25.04177,121.58735,3
500111070,20231011,1202,18,14,1,25.04177,121.58735,3
500111070,20231011,1203,18,13,1,25.04177,121.58735,4
500111070,20231011,1204,18,13,1,25.04177,121.58735,4
500111070,20231011,1205,18,13,1,25.04177,121.58735,4
500111070,20231011,1206,18,13,1,25.04177,121.58735,4
500111070,20231011,1207,18,13,1,25.04177,121.58735,4
500111070,20231011,1208,18,13,1,25.04177,121.58735,4
500111070,20231011,1209,18,13,1,25.04177,121.58735,4
500111070,20231011,1210,18,13,1,25.04177,121.58735,4
500111070,20231011,1211,18,13,1,25.04177,121.58735,4
500111070,20231011,1212,18,13,1,25.04177,121.58735,4
500111070,20231011,1213,18,13,1,25.04177,121.58735,4
500111070,20231011,1214,18,12,1,25.04177,121.58735,5
500111070,20231011,1215,18,12,1,25.04177,121.58735,5
500111070,20231011,1216,18,12,1,25.04177,121.58735,5
500111070,20231011,1217,18,12,1,25.04177,121.58735,5
500111070,20231011,1218,18,12,1,25.04177,121.58735,5
500111070,20231011,1219,18,12,1,25.04177,121.58735,5
500111070,20231011,1221,18,12,1,25.04177,121.58735,5
500111070,20231011,1222,18,12,1,25.04177,121.58735,5
500111070,20231011,1223,18,12,1,25.04177,121.58735,5
500111070,20231011,1224,18,12,1,25.04177,121.58735,5
500111070,20231011,1225,18,12,1,25.04177,121.58735,5
500111070,20231011,1226,18,12,1,25.04177,121.58735,5
500111070,20231011,1227,18,11,1,25.04177,121.58735,6
500111070,20231011,1228,18,11,1,25.04177,121.58735,6
500111070,20231011,1229,18,11,1,25.04177,121.58735,6
500111070,20231011,1230,18,11,1,25.04177,121.58735,6
500111070,20231011,1231,18,11,1,25.04177,121.58735,6
500111070,20231011,1232,18,11,1,25.04177,121.58735,6
500111070,20231011,1233,18,11,1,25.04177,121.58735,6
500111070,20231011,1234,18,11,1,25.04177,121.58735,6
500111070,20231011,1235,18,13,1,25.04177,121.58735,4
500111070,20231011,1236,18,13,1,25.04177,121.58735,4
500111070,20231011,1237,18,13,1,25.04177,121.58735,4
500111070,20231011,1238,18,13,1,25.04177,121.58735,4
500111070,20231011,1239,18,13,1,25.04177,121.58735,4
500111070,20231015,1407,18,4,1,25.04177,121.58735,14
500111070,20231015,1408,18,4,1,25.04177,121.58735,14
500111070,20231015,1409,18,4,1,25.04177,121.58735,14
500111070,20231015,1410,18,4,1,25.04177,121.58735,14
500111070,20231015,1411,18,4,1,25.04177,121.58735,14
500111070,20231015,1412,18,4,1,25.04177,121.58735,14
500111070,20231015,1413,18,4,1,25.04177,121.58735,14
500111070,20231015,1414,18,4,1,25.04177,121.58735,14
500111070,20231015,1415,18,4,1,25.04177,121.58735,14
500111070,20231015,1416,18,4,1,25.04177,121.58735,14
500111070,20231015,1417,18,4,1,25.04177,121.58735,14
500111070,20231015,1418,18,4,1,25.04177,121.58735,14
500111070,20231015,1419,18,4,1,25.04177,121.58735,14
500111070,20231015,1420,18,4,1,25.04177,121.58735,14
500111070,20231015,1421,18,10,1,25.04177,121.58735,8
500111070,20231015,1422,18,10,1,25.04177,121.58735,8
500111070,20231015,1423,18,10,1,25.04177,121.58735,8
500111070,20231015,1424,18,12,1,25.04177,121.58735,6
500111070,20231015,1425,18,12,1,25.04177,121.58735,6
500111070,20231015,1426,18,12,1,25.04177,121.58735,6
500111070,20231015,1427,18,12,1,25.04177,121.58735,6
500111070,20231015,1429,18,12,1,25.04177,121.58735,6
500111070,20231015,1430,18,12,1,25.04177,121.58735,6
500111070,20231015,1431,18,12,1,25.04177,121.58735,6
500111070,20231015,1432,18,12,1,25.04177,121.58735,6
500111070,20231015,1433,18,12,1,25.04177,121.58735,6
500111070,20231015,1434,18,12,1,25.04177,121.58735,6
500111070,20231015,1435,18,12,1,25.04177,121.58735,6
500111070,20231015,1436,18,12,1,25.04177,121.58735,6
500111070,20231015,1437,18,12,1,25.04177,121.58735,6
500111070,20231015,1438,18,12,1,25.04177,121.58735,6
500111070,20231015,1439,18,12,1,25.04177,121.58735,6
500111070,20231016,0,18,12,1,25.04177,121.58735,6
500111070,20231016,1,18,11,1,25.04177,121.58735,7
500111070,20231016,2,18,11,1,25.04177,121.58735,7
500111070,20231016,3,18,11,1,25.04177,121.58735,7
500111070,20231016,4,18,11,1,25.04177,121.58735,7
500111070,20231016,5,18,11,1,25.04177,121.58735,7
500111070,20231016,6,18,11,1,25.04177,121.58735,7
500111070,20231016,7,18,11,1,25.04177,121.58735,7
500111070,20231016,8,18,11,1,25.04177,121.58735,7
500111070,20231016,9,18,11,1,25.04177,121.58735,7
500111070,20231016,11,18,11,1,25.04177,121.58735,7
500111070,20231016,12,18,11,1,25.04177,121.58735,7
500111070,20231016,13,18,11,1,25.04177,121.58735,7
500111070,20231016,14,18,11,1,25.04177,121.58735,7
500111070,20231016,15,18,11,1,25.04177,121.58735,7
500111070,20231016,16,18,11,1,25.04177,121.58735,7
500111070,20231016,17,18,11,1,25.04177,121.58735,7
500111070,20231016,18,18,11,1,25.04177,121.58735,7
500111070,20231016,19,18,11,1,25.04177,121.58735,7
500111070,20231016,21,18,11,1,25.04177,121.58735,7
500111070,20231016,22,18,11,1,25.04177,121.58735,7
500111070,20231016,24,18,11,1,25.04177,121.58735,7
500111070,20231016,25,18,11,1,25.04177,121.58735,7
500111070,20231016,26,18,10,1,25.04177,121.58735,8
500111070,20231016,27,18,10,1,25.04177,121.58735,8
500111070,20231016,28,18,10,1,25.04177,121.58735,8
500111070,20231016,29,18,10,1,25.04177,121.58735,8
500111070,20231016,31,18,10,1,25.04177,121.58735,8
500111070,20231016,32,18,10,1,25.04177,121.58735,8
500111070,20231016,33,18,10,1,25.04177,121.58735,8
500111070,20231016,34,18,10,1,25.04177,121.58735,8
500111070,20231016,35,18,10,1,25.04177,121.58735,8
500111070,20231016,36,18,10,1,25.04177,121.58735,8
500111070,20231016,38,18,10,1,25.04177,121.58735,8
500111070,20231016,40,18,10,1,25.04177,121.58735,8
500111070,20231016,41,18,10,1,25.04177,121.58735,8
500111070,20231016,42,18,10,1,25.04177,121.58735,8
500111070,20231016,43,18,10,1,25.04177,121.58735,8
500111070,20231016,44,18,10,1,25.04177,121.58735,8
500111070,20231016,45,18,10,1,25.04177,121.58735,8
500111070,20231016,46,18,9,1,25.04177,121.58735,9
500111070,20231016,47,18,8,1,25.04177,121.58735,10
500111070,20231016,48,18,8,1,25.04177,121.58735,10
500111070,20231016,49,18,8,1,25.04177,121.58735,10
500111070,20231016,51,18,7,1,25.04177,121.58735,11
500111070,20231016,52,18,7,1,25.04177,121.58735,11
500111070,20231016,53,18,7,1,25.04177,121.58735,11
500111070,20231016,54,18,7,1,25.04177,121.58735,11
500111070,20231016,55,18,7,1,25.04177,121.58735,11
500111070,20231016,56,18,6,1,25.04177,121.58735,12
500111070,20231016,57,18,7,1,25.04177,121.58735,11
500111070,20231016,58,18,7,1,25.04177,121.58735,11
500111070,20231016,59,18,7,1,25.04177,121.58735,11
500111070,20231016,60,18,7,1,25.04177,121.58735,11
500111070,20231016,61,18,7,1,25.04177,121.58735,11
500111070,20231016,62,18,7,1,25.04177,121.58735,11
500111070,20231016,63,18,6,1,25.04177,121.58735,12
500111070,20231016,64,18,6,1,25.04177,121.58735,12
500111070,20231016,65,18,6,1,25.04177,121.58735,12
500111070,20231016,66,18,6,1,25.04177,121.58735,12
500111070,20231016,67,18,6,1,25.04177,121.58735,12
500111070,20231016,68,18,6,1,25.04177,121.58735,12
500111070,20231016,69,18,6,1,25.04177,121.58735,12
500111070,20231016,70,18,6,1,25.04177,121.58735,12
500111070,20231016,71,18,6,1,25.04177,121.58735,12
500111070,20231016,72,18,6,1,25.04177,121.58735,12
500111070,20231016,73,18,6,1,25.04177,121.58735,12
500111070,20231016,74,18,6,1,25.04177,121.58735,12
500111070,20231016,75,18,6,1,25.04177,121.58735,12
500111070,20231016,76,18,6,1,25.04177,121.58735,12
500111070,20231016,77,18,6,1,25.04177,121.58735,12
500111070,20231016,78,18,6,1,25.04177,121.58735,12
500111070,20231016,79,18,6,1,25.04177,121.58735,12
500111070,20231016,81,18,6,1,25.04177,121.58735,12
500111070,20231016,82,18,6,1,25.04177,121.58735,12
500111070,20231016,83,18,6,1,25.04177,121.58735,12
500111070,20231016,84,18,6,1,25.04177,121.58735,12
500111070,20231016,85,18,6,1,25.04177,121.58735,12
500111070,20231016,86,18,6,1,25.04177,121.58735,12
500111070,20231016,87,18,6,1,25.04177,121.58735,12
500111070,20231016,88,18,6,1,25.04177,121.58735,12
500111070,20231016,89,18,6,1,25.04177,121.58735,12
500111070,20231016,90,18,6,1,25.04177,121.58735,12
500111070,20231016,91,18,6,1,25.04177,121.58735,12
500111070,20231016,92,18,6,1,25.04177,121.58735,12
500111070,20231016,93,18,6,1,25.04177,121.58735,12
500111070,20231016,94,18,6,1,25.04177,121.58735,12
500111070,20231016,95,18,6,1,25.04177,121.58735,12
500111070,20231016,96,18,6,1,25.04177,121.58735,12
500111070,20231016,97,18,6,1,25.04177,121.58735,12
500111070,20231016,98,18,6,1,25.04177,121.58735,12
500111070,20231016,99,18,5,1,25.04177,121.58735,13
500111070,20231016,100,18,5,1,25.04177,121.58735,13
500111070,20231016,101,18,5,1,25.04177,121.58735,13
500111070,20231016,102,18,5,1,25.04177,121.58735,13
500111070,20231016,103,18,5,1,25.04177,121.58735,13
500111070,20231016,104,18,5,1,25.04177,121.58735,13
500111070,20231016,105,18,5,1,25.04177,121.58735,13
500111070,20231016,106,18,5,1,25.04177,121.58735,13
500111070,20231016,107,18,5,1,25.04177,121.58735,13
500111070,20231016,108,18,5,1,25.04177,121.58735,13
500111070,20231016,109,18,5,1,25.04177,121.58735,13
500111070,20231016,110,18,5,1,25.04177,121.58735,13
500111070,20231016,111,18,5,1,25.04177,121.58735,13
500111070,20231016,112,18,5,1,25.04177,121.58735,13
500111070,20231016,113,18,5,1,25.04177,121.58735,13
500111070,20231016,114,18,5,1,25.04177,121.58735,13
500111070,20231016,115,18,5,1,25.04177,121.58735,13
500111070,20231016,116,18,5,1,25.04177,121.58735,13
500111070,20231016,117,18,5,1,25.04177,121.58735,13
500111070,20231016,118,18,5,1,25.04177,121.58735,13
500111070,20231016,119,18,5,1,25.04177,121.58735,13
500111070,20231016,121,18,5,1,25.04177,121.58735,13
500111070,20231016,122,18,5,1,25.04177,121.58735,13
500111070,20231016,123,18,5,1,25.04177,121.58735,13
500111070,20231016,124,18,5,1,25.04177,121.58735,13
500111070,20231016,125,18,5,1,25.04177,121.58735,13
500111070,20231016,126,18,5,1,25.04177,121.58735,13
500111070,20231016,127,18,5,1,25.04177,121.58735,13
500111070,20231016,129,18,5,1,25.04177,121.58735,13
500111070,20231016,130,18,5,1,25.04177,121.58735,13
500111070,20231016,131,18,5,1,25.04177,121.58735,13
500111070,20231016,132,18,5,1,25.04177,121.58735,13
500111070,20231016,133,18,5,1,25.04177,121.58735,13
500111070,20231016,134,18,5,1,25.04177,121.58735,13
500111070,20231016,135,18,5,1,25.04177,121.58735,13
500111070,20231016,136,18,5,1,25.04177,121.58735,13
500111070,20231016,137,18,4,1,25.04177,121.58735,14
500111070,20231016,138,18,4,1,25.04177,121.58735,14
500111070,20231016,139,18,4,1,25.04177,121.58735,14
500111070,20231016,141,18,4,1,25.04177,121.58735,14
500111070,20231016,142,18,4,1,25.04177,121.58735,14
500111070,20231016,143,18,4,1,25.04177,121.58735,14
500111070,20231016,144,18,3,1,25.04177,121.58735,15
500111070,20231016,145,18,3,1,25.04177,121.58735,15
500111070,20231016,146,18,3,1,25.04177,121.58735,15
500111070,20231016,147,18,3,1,25.04177,121.58735,15
500111070,20231016,148,18,3,1,25.04177,121.58735,15
500111070,20231016,149,18,3,1,25.04177,121.58735,15
500111070,20231016,150,18,3,1,25.04177,121.58735,15
500111070,20231016,151,18,3,1,25.04177,121.58735,15
500111070,20231016,152,18,3,1,25.04177,121.58735,15
500111070,20231016,153,18,3,1,25.04177,121.58735,15
500111070,20231016,154,18,3,1,25.04177,121.58735,15
500111070,20231016,155,18,3,1,25.04177,121.58735,15
500111070,20231016,156,18,3,1,25.04177,121.58735,15
500111070,20231016,157,18,3,1,25.04177,121.58735,15
500111070,20231016,158,18,3,1,25.04177,121.58735,15
500111070,20231016,159,18,3,1,25.04177,121.58735,15
500111070,20231016,160,18,3,1,25.04177,121.58735,15
500111070,20231016,161,18,3,1,25.04177,121.58735,15
500111070,20231016,162,18,3,1,25.04177,121.58735,15
500111070,20231016,163,18,3,1,25.04177,121.58735,15
500111070,20231016,164,18,3,1,25.04177,121.58735,15
500111070,20231016,165,18,3,1,25.04177,121.58735,15
500111070,20231016,166,18,2,1,25.04177,121.58735,16
500111070,20231016,167,18,2,1,25.04177,121.58735,16
500111070,20231016,168,18,1,1,25.04177,121.58735,17
500111070,20231016,169,18,1,1,25.04177,121.58735,17
500111070,20231016,170,18,1,1,25.04177,121.58735,17
500111070,20231016,171,18,1,1,25.04177,121.58735,17
500111070,20231016,172,18,1,1,25.04177,121.58735,17
500111070,20231016,173,18,1,1,25.04177,121.58735,17
500111070,20231016,174,18,1,1,25.04177,121.58735,17
500111070,20231016,175,18,1,1,25.04177,121.58735,17
500111070,20231016,176,18,1,1,25.04177,121.58735,17
500111070,20231016,177,18,1,1,25.04177,121.58735,17
500111070,20231016,178,18,1,1,25.04177,121.58735,17
500111070,20231016,179,18,1,1,25.04177,121.58735,17
500111070,20231016,180,18,1,1,25.04177,121.58735,17
500111070,20231016,181,18,1,1,25.04177,121.58735,17
500111070,20231016,182,18,1,1,25.04177,121.58735,17
500111070,20231016,183,18,1,1,25.04177,121.58735,17
500111070,20231016,184,18,1,1,25.04177,121.58735,17
500111070,20231016,185,18,1,1,25.04177,121.58735,17
500111070,20231016,186,18,1,1,25.04177,121.58735,17
500111070,20231016,187,18,1,1,25.04177,121.58735,17
500111070,20231016,188,18,1,1,25.04177,121.58735,17
500111070,20231016,189,18,1,1,25.04177,121.58735,17
500111070,20231016,190,18,1,1,25.04177,121.58735,17
500111070,20231016,191,18,1,1,25.04177,121.58735,17
500111070,20231016,192,18,1,1,25.04177,121.58735,17
500111070,20231016,193,18,1,1,25.04177,121.58735,17
500111070,20231016,194,18,1,1,25.04177,121.58735,17
500111070,20231016,195,18,1,1,25.04177,121.58735,17
500111070,20231016,196,18,1,1,25.04177,121.58735,17
500111070,20231016,197,18,1,1,25.04177,121.58735,17
500111070,20231016,198,18,1,1,25.04177,121.58735,17
500111070,20231016,199,18,1,1,25.04177,121.58735,17
500111070,20231016,201,18,1,1,25.04177,121.58735,17
500111070,20231016,202,18,1,1,25.04177,121.58735,17
500111070,20231016,203,18,1,1,25.04177,121.58735,17
500111070,20231016,204,18,1,1,25.04177,121.58735,17
500111070,20231016,205,18,1,1,25.04177,121.58735,17
500111070,20231016,206,18,1,1,25.04177,121.58735,17
500111070,20231016,207,18,1,1,25.04177,121.58735,17
500111070,20231016,208,18,1,1,25.04177,121.58735,17
500111070,20231016,209,18,1,1,25.04177,121.58735,17
500111070,20231016,210,18,1,1,25.04177,121.58735,17
500111070,20231016,211,18,1,1,25.04177,121.58735,17
500111070,20231016,212,18,1,1,25.04177,121.58735,17
500111070,20231016,213,18,1,1,25.04177,121.58735,17
500111070,20231016,214,18,1,1,25.04177,121.58735,17
500111070,20231016,215,18,1,1,25.04177,121.58735,17
500111070,20231016,216,18,1,1,25.04177,121.58735,17
500111070,20231016,217,18,1,1,25.04177,121.58735,17
500111070,20231016,218,18,1,1,25.04177,121.58735,17
500111070,20231016,219,18,1,1,25.04177,121.58735,17
500111070,20231016,220,18,1,1,25.04177,121.58735,17
500111070,20231016,221,18,1,1,25.04177,121.58735,17
500111070,20231016,222,18,1,1,25.04177,121.58735,17
500111070,20231016,223,18,1,1,25.04177,121.58735,17
500111070,20231016,224,18,1,1,25.04177,121.58735,17
500111070,20231016,225,18,1,1,25.04177,121.58735,17
500111070,20231016,226,18,1,1,25.04177,121.58735,17
500111070,20231016,227,18,1,1,25.04177,121.58735,17
500111070,20231016,228,18,1,1,25.04177,121.58735,17
500111070,20231016,229,18,1,1,25.04177,121.58735,17
500111070,20231016,230,18,1,1,25.04177,121.58735,17
500111070,20231016,231,18,1,1,25.04177,121.58735,17
500111070,20231016,232,18,1,1,25.04177,121.58735,17
500111070,20231016,233,18,1,1,25.04177,121.58735,17
500111070,20231016,234,18,1,1,25.04177,121.58735,17
500111070,20231016,235,18,1,1,25.04177,121.58735,17
500111070,20231016,236,18,1,1,25.04177,121.58735,17
500111070,20231016,237,18,1,1,25.04177,121.58735,17
500111070,20231016,238,18,1,1,25.04177,121.58735,17
500111070,20231016,239,18,1,1,25.04177,121.58735,17
500111070,20231016,240,18,1,1,25.04177,121.58735,17
500111070,20231016,241,18,1,1,25.04177,121.58735,17
500111070,20231016,242,18,1,1,25.04177,121.58735,17
500111070,20231016,243,18,2,1,25.04177,121.58735,16
500111070,20231016,244,18,2,1,25.04177,121.58735,16
500111070,20231016,245,18,2,1,25.04177,121.58735,16
500111070,20231016,246,18,2,1,25.04177,121.58735,16
500111070,20231016,247,18,2,1,25.04177,121.58735,16
500111070,20231016,248,18,2,1,25.04177,121.58735,16
500111070,20231016,249,18,2,1,25.04177,121.58735,16
500111070,20231016,250,18,2,1,25.04177,121.58735,16
500111070,20231016,251,18,2,1,25.04177,121.58735,16
500111070,20231016,252,18,2,1,25.04177,121.58735,16
500111070,20231016,253,18,2,1,25.04177,121.58735,16
500111070,20231016,254,18,2,1,25.04177,121.58735,16
500111070,20231016,255,18,2,1,25.04177,121.58735,16
500111070,20231016,256,18,2,1,25.04177,121.58735,16
500111070,20231016,257,18,2,1,25.04177,121.58735,16
500111070,20231016,258,18,2,1,25.04177,121.58735,16
500111070,20231016,259,18,2,1,25.04177,121.58735,16
500111070,20231016,261,18,2,1,25.04177,121.58735,16
500111070,20231016,262,18,2,1,25.04177,121.58735,16
500111070,20231016,263,18,2,1,25.04177,121.58735,16
500111070,20231016,264,18,2,1,25.04177,121.58735,16
500111070,20231016,265,18,2,1,25.04177,121.58735,16
500111070,20231016,266,18,2,1,25.04177,121.58735,16
500111070,20231016,267,18,2,1,25.04177,121.58735,16
500111070,20231016,268,18,2,1,25.04177,121.58735,16
500111070,20231016,269,18,2,1,25.04177,121.58735,16
500111070,20231016,270,18,2,1,25.04177,121.58735,16
500111070,20231016,271,18,2,1,25.04177,121.58735,16
500111070,20231016,272,18,2,1,25.04177,121.58735,16
500111070,20231016,273,18,2,1,25.04177,121.58735,16
500111070,20231016,274,18,2,1,25.04177,121.58735,16
500111070,20231016,275,18,2,1,25.04177,121.58735,16
500111070,20231016,276,18,2,1,25.04177,121.58735,16
500111070,20231016,277,18,2,1,25.04177,121.58735,16
500111070,20231016,278,18,2,1,25.04177,121.58735,16
500111070,20231016,279,18,2,1,25.04177,121.58735,16
500111070,20231016,280,18,2,1,25.04177,121.58735,16
500111070,20231016,281,18,2,1,25.04177,121.58735,16
500111070,20231016,282,18,2,1,25.04177,121.58735,16
500111070,20231016,283,18,2,1,25.04177,121.58735,16
500111070,20231016,284,18,2,1,25.04177,121.58735,16
500111070,20231016,285,18,2,1,25.04177,121.58735,16
500111070,20231016,286,18,2,1,25.04177,121.58735,16
500111070,20231016,287,18,2,1,25.04177,121.58735,16
500111070,20231016,288,18,2,1,25.04177,121.58735,16
500111070,20231016,289,18,2,1,25.04177,121.58735,16
500111070,20231016,290,18,2,1,25.04177,121.58735,16
500111070,20231016,291,18,2,1,25.04177,121.58735,16
500111070,20231016,292,18,2,1,25.04177,121.58735,16
500111070,20231016,293,18,2,1,25.04177,121.58735,16
500111070,20231016,294,18,2,1,25.04177,121.58735,16
500111070,20231016,295,18,2,1,25.04177,121.58735,16
500111070,20231016,296,18,2,1,25.04177,121.58735,16
500111070,20231016,297,18,2,1,25.04177,121.58735,16
500111070,20231016,298,18,2,1,25.04177,121.58735,16
500111070,20231016,299,18,2,1,25.04177,121.58735,16
500111070,20231016,300,18,2,1,25.04177,121.58735,16
500111070,20231016,301,18,2,1,25.04177,121.58735,16
500111070,20231016,302,18,2,1,25.04177,121.58735,16
500111070,20231016,304,18,2,1,25.04177,121.58735,16
500111070,20231016,305,18,2,1,25.04177,121.58735,16
500111070,20231016,306,18,2,1,25.04177,121.58735,16
500111070,20231016,307,18,2,1,25.04177,121.58735,16
500111070,20231016,308,18,2,1,25.04177,121.58735,16
500111070,20231016,309,18,2,1,25.04177,121.58735,16
500111070,20231016,310,18,2,1,25.04177,121.58735,16
500111070,20231016,311,18,2,1,25.04177,121.58735,16
500111070,20231016,312,18,2,1,25.04177,121.58735,16
500111070,20231016,313,18,2,1,25.04177,121.58735,16
500111070,20231016,314,18,2,1,25.04177,121.58735,16
500111070,20231016,315,18,2,1,25.04177,121.58735,16
500111070,20231016,316,18,2,1,25.04177,121.58735,16
500111070,20231016,317,18,2,1,25.04177,121.58735,16
500111070,20231016,318,18,2,1,25.04177,121.58735,16
500111070,20231016,319,18,2,1,25.04177,121.58735,16
500111070,20231016,321,18,2,1,25.04177,121.58735,16
500111070,20231016,322,18,2,1,25.04177,121.58735,16
500111070,20231016,324,18,2,1,25.04177,121.58735,16
500111070,20231016,325,18,2,1,25.04177,121.58735,16
500111070,20231016,326,18,2,1,25.04177,121.58735,16
500111070,20231016,327,18,2,1,25.04177,121.58735,16
500111070,20231016,328,18,2,1,25.04177,121.58735,16
500111070,20231016,329,18,2,1,25.04177,121.58735,16
500111070,20231016,330,18,2,1,25.04177,121.58735,16
500111070,20231016,331,18,2,1,25.04177,121.58735,16
500111070,20231016,332,18,2,1,25.04177,121.58735,16
500111070,20231016,333,18,2,1,25.04177,121.58735,16
500111070,20231016,334,18,2,1,25.04177,121.58735,16
500111070,20231016,335,18,2,1,25.04177,121.58735,16
500111070,20231016,336,18,2,1,25.04177,121.58735,16
500111070,20231016,337,18,2,1,25.04177,121.58735,16
500111070,20231016,338,18,2,1,25.04177,121.58735,16
500111070,20231016,339,18,2,1,25.04177,121.58735,16
500111070,20231016,340,18,2,1,25.04177,121.58735,16
500111070,20231016,341,18,2,1,25.04177,121.58735,16
500111070,20231016,342,18,2,1,25.04177,121.58735,16
500111070,20231016,343,18,2,1,25.04177,121.58735,16
500111070,20231016,344,18,2,1,25.04177,121.58735,16
500111070,20231016,345,18,2,1,25.04177,121.58735,16
500111070,20231016,346,18,2,1,25.04177,121.58735,16
500111070,20231016,347,18,2,1,25.04177,121.58735,16
500111070,20231016,348,18,2,1,25.04177,121.58735,16
500111070,20231016,349,18,2,1,25.04177,121.58735,16
500111070,20231016,350,18,2,1,25.04177,121.58735,16
500111070,20231016,351,18,2,1,25.04177,121.58735,16
500111070,20231016,352,18,2,1,25.04177,121.58735,16
500111070,20231016,353,18,2,1,25.04177,121.58735,16
500111070,20231016,354,18,2,1,25.04177,121.58735,16
500111070,20231016,355,18,2,1,25.04177,121.58735,16
500111070,20231016,356,18,3,1,25.04177,121.58735,15
500111070,20231016,357,18,3,1,25.04177,121.58735,15
500111070,20231016,358,18,3,1,25.04177,121.58735,15
500111070,20231016,359,18,3,1,25.04177,121.58735,15
500111070,20231016,360,18,3,1,25.04177,121.58735,15
500111070,20231016,361,18,3,1,25.04177,121.58735,15
500111070,20231016,362,18,3,1,25.04177,121.58735,15
500111070,20231016,363,18,3,1,25.04177,121.58735,15
500111070,20231016,364,18,3,1,25.04177,121.58735,15
500111070,20231016,365,18,3,1,25.04177,121.58735,15
500111070,20231016,366,18,3,1,25.04177,121.58735,15
500111070,20231016,367,18,3,1,25.04177,121.58735,15
500111070,20231016,368,18,3,1,25.04177,121.58735,15
500111070,20231016,369,18,4,1,25.04177,121.58735,14
500111070,20231016,371,18,4,1,25.04177,121.58735,14
500111070,20231016,372,18,4,1,25.04177,121.58735,14
500111070,20231016,373,18,4,1,25.04177,121.58735,14
500111070,20231016,374,18,4,1,25.04177,121.58735,14
500111070,20231016,375,18,4,1,25.04177,121.58735,14
500111070,20231016,376,18,4,1,25.04177,121.58735,14
500111070,20231016,377,18,4,1,25.04177,121.58735,14
500111070,20231016,378,18,4,1,25.04177,121.58735,14
500111070,20231016,379,18,4,1,25.04177,121.58735,14
500111070,20231016,381,18,4,1,25.04177,121.58735,14
500111070,20231016,382,18,4,1,25.04177,121.58735,14
500111070,20231016,383,18,3,1,25.04177,121.58735,15
500111070,20231016,384,18,3,1,25.04177,121.58735,15
500111070,20231016,385,18,2,1,25.04177,121.58735,16
500111070,20231016,386,18,2,1,25.04177,121.58735,16
500111070,20231016,387,18,2,1,25.04177,121.58735,16
500111070,20231016,388,18,2,1,25.04177,121.58735,16
500111070,20231016,389,18,2,1,25.04177,121.58735,16
500111070,20231016,390,18,2,1,25.04177,121.58735,16
500111070,20231016,391,18,2,1,25.04177,121.58735,16
500111070,20231016,392,18,3,1,25.04177,121.58735,15
500111070,20231016,393,18,3,1,25.04177,121.58735,15
500111070,20231016,394,18,3,1,25.04177,121.58735,15
500111070,20231016,395,18,3,1,25.04177,121.58735,15
500111070,20231016,396,18,3,1,25.04177,121.58735,15
500111070,20231016,397,18,3,1,25.04177,121.58735,15
500111070,20231016,398,18,3,1,25.04177,121.58735,15
500111070,20231016,399,18,3,1,25.04177,121.58735,15
500111070,20231016,400,18,4,1,25.04177,121.58735,14
500111070,20231016,401,18,4,1,25.04177,121.58735,14
500111070,20231016,402,18,4,1,25.04177,121.58735,14
500111070,20231016,403,18,4,1,25.04177,121.58735,14
500111070,20231016,404,18,4,1,25.04177,121.58735,14
500111070,20231016,405,18,4,1,25.04177,121.58735,14
500111070,20231016,406,18,4,1,25.04177,121.58735,14
500111070,20231016,407,18,5,1,25.04177,121.58735,13
500111070,20231016,408,18,4,1,25.04177,121.58735,14
500111070,20231016,409,18,4,1,25.04177,121.58735,14
500111070,20231016,410,18,4,1,25.04177,121.58735,14
500111070,20231016,411,18,4,1,25.04177,121.58735,14
500111070,20231016,412,18,4,1,25.04177,121.58735,14
500111070,20231016,413,18,4,1,25.04177,121.58735,14
500111070,20231016,414,18,4,1,25.04177,121.58735,14
500111070,20231016,415,18,4,1,25.04177,121.58735,14
500111070,20231016,416,18,5,1,25.04177,121.58735,13
500111070,20231016,417,18,5,1,25.04177,121.58735,13
500111070,20231016,418,18,5,1,25.04177,121.58735,13
500111070,20231016,419,18,5,1,25.04177,121.58735,13
500111070,20231016,421,18,6,1,25.04177,121.58735,12
500111070,20231016,422,18,9,1,25.04177,121.58735,9
500111070,20231016,423,18,9,1,25.04177,121.58735,9
500111070,20231016,424,18,9,1,25.04177,121.58735,9
500111070,20231016,425,18,9,1,25.04177,121.58735,9
500111070,20231016,426,18,9,1,25.04177,121.58735,9
500111070,20231016,427,18,11,1,25.04177,121.58735,7
500111070,20231016,428,18,11,1,25.04177,121.58735,7
500111070,20231016,429,18,11,1,25.04177,121.58735,7
500111070,20231016,430,18,11,1,25.04177,121.58735,7
500111070,20231016,431,18,11,1,25.04177,121.58735,7
500111070,20231016,432,18,13,1,25.04177,121.58735,5
500111070,20231016,433,18,13,1,25.04177,121.58735,5
500111070,20231016,434,18,14,1,25.04177,121.58735,4
500111070,20231016,435,18,14,1,25.04177,121.58735,4
500111070,20231016,436,18,14,1,25.04177,121.58735,4
500111070,20231016,437,18,15,1,25.04177,121.58735,3
500111070,20231016,438,18,15,1,25.04177,121.58735,3
500111070,20231016,439,18,15,1,25.04177,121.58735,3
500111070,20231016,441,18,16,1,25.04177,121.58735,2
500111070,20231016,442,18,16,1,25.04177,121.58735,2
500111070,20231016,443,18,16,1,25.04177,121.58735,2
500111070,20231016,444,18,17,1,25.04177,121.58735,1
500111070,20231016,445,18,17,1,25.04177,121.58735,1
500111070,20231016,446,18,17,1,25.04177,121.58735,1
500111070,20231016,447,18,17,1,25.04177,121.58735,1
500111070,20231016,448,18,18,1,25.04177,121.58735,0
500111070,20231016,449,18,18,1,25.04177,121.58735,0
500111070,20231016,451,18,18,1,25.04177,121.58735,0
500111070,20231016,452,18,18,1,25.04177,121.58735,0
500111070,20231016,453,18,17,1,25.04177,121.58735,1
500111070,20231016,454,18,18,1,25.04177,121.58735,0
500111070,20231016,455,18,18,1,25.04177,121.58735,0
500111070,20231016,456,18,18,1,25.04177,121.58735,0
500111070,20231016,457,18,18,1,25.04177,121.58735,0
500111070,20231016,458,18,18,1,25.04177,121.58735,0
500111070,20231016,459,18,18,1,25.04177,121.58735,0
500111070,20231016,460,18,18,1,25.04177,121.58735,0
500111070,20231016,461,18,18,1,25.04177,121.58735,0
500111070,20231016,462,18,18,1,25.04177,121.58735,0
500111070,20231016,463,18,18,1,25.04177,121.58735,0
500111070,20231016,464,18,18,1,25.04177,121.58735,0
500111070,20231016,465,18,16,1,25.04177,121.58735,2
500111070,20231016,466,18,12,1,25.04177,121.58735,6
500111070,20231016,467,18,10,1,25.04177,121.58735,8
500111070,20231016,468,18,6,1,25.04177,121.58735,12
500111070,20231016,469,18,4,1,25.04177,121.58735,14
500111070,20231016,470,18,2,1,25.04177,121.58735,16
500111070,20231016,471,18,0,1,25.04177,121.58735,18
500111070,20231016,472,18,0,1,25.04177,121.58735,18
500111070,20231016,473,18,1,1,25.04177,121.58735,17
500111070,20231016,474,18,2,1,25.04177,121.58735,16
500111070,20231016,475,18,2,1,25.04177,121.58735,16
500111070,20231016,476,18,3,1,25.04177,121.58735,15
500111070,20231016,477,18,3,1,25.04177,121.58735,15
500111070,20231016,478,18,3,1,25.04177,121.58735,15
500111070,20231016,479,18,7,1,25.04177,121.58735,11
500111070,20231016,481,18,7,1,25.04177,121.58735,11
500111070,20231016,482,18,7,1,25.04177,121.58735,11
500111070,20231016,483,18,7,1,25.04177,121.58735,11
500111070,20231016,484,18,7,1,25.04177,121.58735,11
500111070,20231016,485,18,10,1,25.04177,121.58735,8
500111070,20231016,486,18,11,1,25.04177,121.58735,7
500111070,20231016,487,18,12,1,25.04177,121.58735,6
500111070,20231016,488,18,12,1,25.04177,121.58735,6
500111070,20231016,489,18,12,1,25.04177,121.58735,6
500111070,20231016,490,18,13,1,25.04177,121.58735,5
500111070,20231016,491,18,13,1,25.04177,121.58735,5
500111070,20231016,492,18,13,1,25.04177,121.58735,5
500111070,20231016,493,18,13,1,25.04177,121.58735,5
500111070,20231016,494,18,14,1,25.04177,121.58735,4
500111070,20231016,495,18,15,1,25.04177,121.58735,3
500111070,20231016,496,18,15,1,25.04177,121.58735,3
500111070,20231016,497,18,15,1,25.04177,121.58735,3
500111070,20231016,498,18,15,1,25.04177,121.58735,3
500111070,20231016,499,18,16,1,25.04177,121.58735,2
500111070,20231016,501,18,18,1,25.04177,121.58735,0
500111070,20231016,502,18,18,1,25.04177,121.58735,0
500111070,20231016,503,18,18,1,25.04177,121.58735,0
500111070,20231016,504,18,18,1,25.04177,121.58735,0
500111070,20231016,505,18,18,1,25.04177,121.58735,0
500111070,20231016,506,18,18,1,25.04177,121.58735,0
500111070,20231016,507,18,18,1,25.04177,121.58735,0
500111070,20231016,508,18,17,1,25.04177,121.58735,1
500111070,20231016,509,18,17,1,25.04177,121.58735,1
500111070,20231016,511,18,17,1,25.04177,121.58735,1
500111070,20231016,512,18,17,1,25.04177,121.58735,1
500111070,20231016,513,18,18,1,25.04177,121.58735,0
500111070,20231016,514,18,18,1,25.04177,121.58735,0
500111070,20231016,515,18,18,1,25.04177,121.58735,0
500111070,20231016,516,18,18,1,25.04177,121.58735,0
500111070,20231016,517,18,18,1,25.04177,121.58735,0
500111070,20231016,518,18,18,1,25.04177,121.58735,0
500111070,20231016,519,18,18,1,25.04177,121.58735,0
500111070,20231016,520,18,18,1,25.04177,121.58735,0
500111070,20231016,521,18,18,1,25.04177,121.58735,0
500111070,20231016,522,18,18,1,25.04177,121.58735,0
500111070,20231016,523,18,18,1,25.04177,121.58735,0
500111070,20231016,524,18,18,1,25.04177,121.58735,0
500111070,20231016,525,18,18,1,25.04177,121.58735,0
500111070,20231016,526,18,18,1,25.04177,121.58735,0
500111070,20231016,527,18,18,1,25.04177,121.58735,0
500111070,20231016,528,18,18,1,25.04177,121.58735,0
500111070,20231016,529,18,18,1,25.04177,121.58735,0
500111070,20231016,530,18,18,1,25.04177,121.58735,0
500111070,20231016,531,18,17,1,25.04177,121.58735,1
500111070,20231016,532,18,17,1,25.04177,121.58735,1
500111070,20231016,533,18,17,1,25.04177,121.58735,1
500111070,20231016,534,18,17,1,25.04177,121.58735,1
500111070,20231016,535,18,17,1,25.04177,121.58735,1
500111070,20231016,536,18,18,1,25.04177,121.58735,0
500111070,20231016,537,18,18,1,25.04177,121.58735,0
500111070,20231016,538,18,18,1,25.04177,121.58735,0
500111070,20231016,539,18,18,1,25.04177,121.58735,0
500111070,20231016,541,18,18,1,25.04177,121.58735,0
500111070,20231016,542,18,18,1,25.04177,121.58735,0
500111070,20231016,543,18,18,1,25.04177,121.58735,0
500111070,20231016,544,18,18,1,25.04177,121.58735,0
500111070,20231016,545,18,18,1,25.04177,121.58735,0
500111070,20231016,546,18,18,1,25.04177,121.58735,0
500111070,20231016,547,18,18,1,25.04177,121.58735,0
500111070,20231016,548,18,18,1,25.04177,121.58735,0
500111070,20231016,549,18,18,1,25.04177,121.58735,0
500111070,20231016,550,18,18,1,25.04177,121.58735,0
500111070,20231016,551,18,18,1,25.04177,121.58735,0
500111070,20231016,552,18,18,1,25.04177,121.58735,0
500111070,20231016,553,18,18,1,25.04177,121.58735,0
500111070,20231016,554,18,18,1,25.04177,121.58735,0
500111070,20231016,555,18,18,1,25.04177,121.58735,0
500111070,20231016,556,18,18,1,25.04177,121.58735,0
500111070,20231016,557,18,18,1,25.04177,121.58735,0
500111070,20231016,558,18,16,1,25.04177,121.58735,2
500111070,20231016,559,18,14,1,25.04177,121.58735,4
500111070,20231016,561,18,14,1,25.04177,121.58735,4
500111070,20231016,562,18,14,1,25.04177,121.58735,4
500111070,20231016,563,18,14,1,25.04177,121.58735,4
500111070,20231016,564,18,14,1,25.04177,121.58735,4
500111070,20231016,565,18,14,1,25.04177,121.58735,4
500111070,20231016,566,18,14,1,25.04177,121.58735,4
500111070,20231016,567,18,14,1,25.04177,121.58735,4
500111070,20231016,568,18,15,1,25.04177,121.58735,3
500111070,20231016,569,18,16,1,25.04177,121.58735,2
500111070,20231016,571,18,16,1,25.04177,121.58735,2
500111070,20231016,572,18,16,1,25.04177,121.58735,2
500111070,20231016,573,18,16,1,25.04177,121.58735,2
500111070,20231016,574,18,16,1,25.04177,121.58735,2
500111070,20231016,575,18,16,1,25.04177,121.58735,2
500111070,20231016,576,18,17,1,25.04177,121.58735,1
500111070,20231016,577,18,17,1,25.04177,121.58735,1
500111070,20231016,578,18,17,1,25.04177,121.58735,1
500111070,20231016,579,18,17,1,25.04177,121.58735,1
500111070,20231016,580,18,17,1,25.04177,121.58735,1
500111070,20231016,581,18,17,1,25.04177,121.58735,1
500111070,20231016,582,18,18,1,25.04177,121.58735,0
500111070,20231016,583,18,18,1,25.04177,121.58735,0
500111070,20231016,584,18,17,1,25.04177,121.58735,1
500111070,20231016,585,18,17,1,25.04177,121.58735,1
500111070,20231016,586,18,17,1,25.04177,121.58735,1
500111070,20231016,587,18,17,1,25.04177,121.58735,1
500111070,20231016,588,18,17,1,25.04177,121.58735,1
500111070,20231016,589,18,17,1,25.04177,121.58735,1
500111070,20231016,590,18,17,1,25.04177,121.58735,1
500111070,20231016,591,18,18,1,25.04177,121.58735,0
500111070,20231016,592,18,18,1,25.04177,121.58735,0
500111070,20231016,593,18,18,1,25.04177,121.58735,0
500111070,20231016,594,18,18,1,25.04177,121.58735,0
500111070,20231016,595,18,18,1,25.04177,121.58735,0
500111070,20231016,596,18,18,1,25.04177,121.58735,0
500111070,20231016,597,18,18,1,25.04177,121.58735,0
500111070,20231016,598,18,18,1,25.04177,121.58735,0
500111070,20231016,599,18,18,1,25.04177,121.58735,0
500111070,20231016,601,18,18,1,25.04177,121.58735,0
500111070,20231016,602,18,18,1,25.04177,121.58735,0
500111070,20231016,603,18,18,1,25.04177,121.58735,0
500111070,20231016,604,18,18,1,25.04177,121.58735,0
500111070,20231016,605,18,18,1,25.04177,121.58735,0
500111070,20231016,606,18,18,1,25.04177,121.58735,0
500111070,20231016,607,18,18,1,25.04177,121.58735,0
500111070,20231016,609,18,18,1,25.04177,121.58735,0
500111070,20231016,611,18,18,1,25.04177,121.58735,0
500111070,20231016,612,18,18,1,25.04177,121.58735,0
500111070,20231016,613,18,18,1,25.04177,121.58735,0
500111070,20231016,614,18,18,1,25.04177,121.58735,0
500111070,20231016,615,18,18,1,25.04177,121.58735,0
500111070,20231016,616,18,18,1,25.04177,121.58735,0
500111070,20231016,617,18,18,1,25.04177,121.58735,0
500111070,20231016,618,18,17,1,25.04177,121.58735,1
500111070,20231016,619,18,17,1,25.04177,121.58735,1
500111070,20231016,621,18,18,1,25.04177,121.58735,0
500111070,20231016,622,18,18,1,25.04177,121.58735,0
500111070,20231016,623,18,18,1,25.04177,121.58735,0
500111070,20231016,624,18,18,1,25.04177,121.58735,0
500111070,20231016,625,18,18,1,25.04177,121.58735,0
500111070,20231016,626,18,18,1,25.04177,121.58735,0
500111070,20231016,627,18,18,1,25.04177,121.58735,0
500111070,20231016,628,18,18,1,25.04177,121.58735,0
500111070,20231016,629,18,18,1,25.04177,121.58735,0
500111070,20231016,631,18,18,1,25.04177,121.58735,0
500111070,20231016,632,18,18,1,25.04177,121.58735,0
500111070,20231016,633,18,18,1,25.04177,121.58735,0
500111070,20231016,634,18,18,1,25.04177,121.58735,0
500111070,20231016,635,18,18,1,25.04177,121.58735,0
500111070,20231016,636,18,18,1,25.04177,121.58735,0
500111070,20231016,637,18,17,1,25.04177,121.58735,1
500111070,20231016,638,18,17,1,25.04177,121.58735,1
500111070,20231016,639,18,17,1,25.04177,121.58735,1
500111070,20231016,640,18,17,1,25.04177,121.58735,1
500111070,20231016,641,18,18,1,25.04177,121.58735,0
500111070,20231016,642,18,18,1,25.04177,121.58735,0
500111070,20231016,643,18,18,1,25.04177,121.58735,0
500111070,20231016,644,18,18,1,25.04177,121.58735,0
500111070,20231016,645,18,18,1,25.04177,121.58735,0
500111070,20231016,646,18,18,1,25.04177,121.58735,0
500111070,20231016,647,18,18,1,25.04177,121.58735,0
500111070,20231016,648,18,18,1,25.04177,121.58735,0
500111070,20231016,649,18,18,1,25.04177,121.58735,0
500111070,20231016,650,18,18,1,25.04177,121.58735,0
500111070,20231016,651,18,18,1,25.04177,121.58735,0
500111070,20231016,652,18,18,1,25.04177,121.58735,0
500111070,20231016,653,18,18,1,25.04177,121.58735,0
500111070,20231016,654,18,18,1,25.04177,121.58735,0
500111070,20231016,655,18,18,1,25.04177,121.58735,0
500111070,20231016,656,18,18,1,25.04177,121.58735,0
500111070,20231016,657,18,18,1,25.04177,121.58735,0
500111070,20231016,658,18,18,1,25.04177,121.58735,0
500111070,20231016,659,18,18,1,25.04177,121.58735,0
500111070,20231016,661,18,18,1,25.04177,121.58735,0
500111070,20231016,662,18,18,1,25.04177,121.58735,0
500111070,20231016,663,18,18,1,25.04177,121.58735,0
500111070,20231016,664,18,18,1,25.04177,121.58735,0
500111070,20231016,665,18,18,1,25.04177,121.58735,0
500111070,20231016,666,18,18,1,25.04177,121.58735,0
500111070,20231016,667,18,18,1,25.04177,121.58735,0
500111070,20231016,668,18,18,1,25.04177,121.58735,0
500111070,20231016,669,18,18,1,25.04177,121.58735,0
500111070,20231016,670,18,18,1,25.04177,121.58735,0
500111070,20231016,671,18,17,1,25.04177,121.58735,1
500111070,20231016,672,18,17,1,25.04177,121.58735,1
500111070,20231016,674,18,17,1,25.04177,121.58735,1
500111070,20231016,675,18,18,1,25.04177,121.58735,0
500111070,20231016,676,18,18,1,25.04177,121.58735,0
500111070,20231016,677,18,17,1,25.04177,121.58735,1
500111070,20231016,678,18,17,1,25.04177,121.58735,1
500111070,20231016,679,18,16,1,25.04177,121.58735,2
500111070,20231016,681,18,16,1,25.04177,121.58735,2
500111070,20231016,682,18,16,1,25.04177,121.58735,2
500111070,20231016,683,18,16,1,25.04177,121.58735,2
500111070,20231016,684,18,16,1,25.04177,121.58735,2
500111070,20231016,685,18,16,1,25.04177,121.58735,2
500111070,20231016,686,18,16,1,25.04177,121.58735,2
500111070,20231016,687,18,16,1,25.04177,121.58735,2
500111070,20231016,688,18,16,1,25.04177,121.58735,2
500111070,20231016,689,18,16,1,25.04177,121.58735,2
500111070,20231016,690,18,16,1,25.04177,121.58735,2
500111070,20231016,691,18,15,1,25.04177,121.58735,3
500111070,20231016,692,18,15,1,25.04177,121.58735,3
500111070,20231016,693,18,15,1,25.04177,121.58735,3
500111070,20231016,694,18,15,1,25.04177,121.58735,3
500111070,20231016,696,18,15,1,25.04177,121.58735,3
500111070,20231016,697,18,15,1,25.04177,121.58735,3
500111070,20231016,698,18,15,1,25.04177,121.58735,3
500111070,20231016,699,18,16,1,25.04177,121.58735,2
500111070,20231016,700,18,16,1,25.04177,121.58735,2
500111070,20231016,701,18,16,1,25.04177,121.58735,2
500111070,20231016,702,18,16,1,25.04177,121.58735,2
500111070,20231016,703,18,16,1,25.04177,121.58735,2
500111070,20231016,704,18,16,1,25.04177,121.58735,2
500111070,20231016,705,18,16,1,25.04177,121.58735,2
500111070,20231016,706,18,16,1,25.04177,121.58735,2
500111070,20231016,707,18,16,1,25.04177,121.58735,2
500111070,20231016,708,18,16,1,25.04177,121.58735,2
500111070,20231016,709,18,16,1,25.04177,121.58735,2
500111070,20231016,710,18,16,1,25.04177,121.58735,2
500111070,20231016,711,18,16,1,25.04177,121.58735,2
500111070,20231016,712,18,16,1,25.04177,121.58735,2
500111070,20231016,713,18,16,1,25.04177,121.58735,2
500111070,20231016,714,18,16,1,25.04177,121.58735,2
500111070,20231016,715,18,16,1,25.04177,121.58735,2
500111070,20231016,716,18,17,1,25.04177,121.58735,1
500111070,20231016,717,18,18,1,25.04177,121.58735,0
500111070,20231016,718,18,18,1,25.04177,121.58735,0
500111070,20231016,719,18,18,1,25.04177,121.58735,0
500111070,20231016,721,18,18,1,25.04177,121.58735,0
500111070,20231016,722,18,18,1,25.04177,121.58735,0
500111070,20231016,723,18,18,1,25.04177,121.58735,0
500111070,20231016,724,18,18,1,25.04177,121.58735,0
500111070,20231016,725,18,18,1,25.04177,121.58735,0
500111070,20231016,726,18,18,1,25.04177,121.58735,0
500111070,20231016,727,18,18,1,25.04177,121.58735,0
500111070,20231016,728,18,18,1,25.04177,121.58735,0
500111070,20231016,729,18,18,1,25.04177,121.58735,0
500111070,20231016,730,18,18,1,25.04177,121.58735,0
500111070,20231016,731,18,18,1,25.04177,121.58735,0
500111070,20231016,732,18,18,1,25.04177,121.58735,0
500111070,20231016,733,18,18,1,25.04177,121.58735,0
500111070,20231016,734,18,18,1,25.04177,121.58735,0
500111070,20231016,735,18,18,1,25.04177,121.58735,0
500111070,20231016,736,18,18,1,25.04177,121.58735,0
500111070,20231016,737,18,18,1,25.04177,121.58735,0
500111070,20231016,738,18,18,1,25.04177,121.58735,0
500111070,20231016,739,18,18,1,25.04177,121.58735,0
500111070,20231016,741,18,18,1,25.04177,121.58735,0
500111070,20231016,742,18,18,1,25.04177,121.58735,0
500111070,20231016,743,18,18,1,25.04177,121.58735,0
500111070,20231016,744,18,18,1,25.04177,121.58735,0
500111070,20231016,746,18,18,1,25.04177,121.58735,0
500111070,20231016,747,18,18,1,25.04177,121.58735,0
500111070,20231016,748,18,18,1,25.04177,121.58735,0
500111070,20231016,749,18,17,1,25.04177,121.58735,1
500111070,20231016,751,18,17,1,25.04177,121.58735,1
500111070,20231016,752,18,17,1,25.04177,121.58735,1
500111070,20231016,753,18,17,1,25.04177,121.58735,1
500111070,20231016,754,18,17,1,25.04177,121.58735,1
500111070,20231016,755,18,17,1,25.04177,121.58735,1
500111070,20231016,756,18,17,1,25.04177,121.58735,1
500111070,20231016,757,18,17,1,25.04177,121.58735,1
500111070,20231016,758,18,16,1,25.04177,121.58735,2
500111070,20231016,759,18,16,1,25.04177,121.58735,2
500111070,20231016,760,18,16,1,25.04177,121.58735,2
500111070,20231016,761,18,16,1,25.04177,121.58735,2
500111070,20231016,762,18,16,1,25.04177,121.58735,2
500111070,20231016,763,18,16,1,25.04177,121.58735,2
500111070,20231016,764,18,16,1,25.04177,121.58735,2
500111070,20231016,765,18,17,1,25.04177,121.58735,1
500111070,20231016,766,18,18,1,25.04177,121.58735,0
500111070,20231016,767,18,18,1,25.04177,121.58735,0
500111070,20231016,768,18,18,1,25.04177,121.58735,0
500111070,20231016,769,18,18,1,25.04177,121.58735,0
500111070,20231016,770,18,18,1,25.04177,121.58735,0
500111070,20231016,771,18,18,1,25.04177,121.58735,0
500111070,20231016,772,18,17,1,25.04177,121.58735,1
500111070,20231016,773,18,18,1,25.04177,121.58735,0
500111070,20231016,774,18,17,1,25.04177,121.58735,1
500111070,20231016,775,18,17,1,25.04177,121.58735,1
500111070,20231016,776,18,17,1,25.04177,121.58735,1
500111070,20231016,777,18,17,1,25.04177,121.58735,1
500111070,20231016,778,18,17,1,25.04177,121.58735,1
500111070,20231016,779,18,17,1,25.04177,121.58735,1
500111070,20231016,781,18,17,1,25.04177,121.58735,1
500111070,20231016,782,18,17,1,25.04177,121.58735,1
500111070,20231016,783,18,18,1,25.04177,121.58735,0
500111070,20231016,784,18,17,1,25.04177,121.58735,1
500111070,20231016,785,18,17,1,25.04177,121.58735,1
500111070,20231016,786,18,17,1,25.04177,121.58735,1
500111070,20231016,787,18,17,1,25.04177,121.58735,1
500111070,20231016,788,18,17,1,25.04177,121.58735,1
500111070,20231016,789,18,17,1,25.04177,121.58735,1
500111070,20231016,790,18,17,1,25.04177,121.58735,1
500111070,20231016,791,18,17,1,25.04177,121.58735,1
500111070,20231016,792,18,17,1,25.04177,121.58735,1
500111070,20231016,793,18,16,1,25.04177,121.58735,2
500111070,20231016,794,18,18,1,25.04177,121.58735,0
500111070,20231016,795,18,18,1,25.04177,121.58735,0
500111070,20231016,796,18,18,1,25.04177,121.58735,0
500111070,20231016,797,18,18,1,25.04177,121.58735,0
500111070,20231016,798,18,18,1,25.04177,121.58735,0
500111070,20231016,799,18,17,1,25.04177,121.58735,1
500111070,20231016,801,18,17,1,25.04177,121.58735,1
500111070,20231016,802,18,17,1,25.04177,121.58735,1
500111070,20231016,803,18,18,1,25.04177,121.58735,0
500111070,20231016,804,18,16,1,25.04177,121.58735,2
500111070,20231016,805,18,16,1,25.04177,121.58735,2
500111070,20231016,806,18,16,1,25.04177,121.58735,2
500111070,20231016,807,18,16,1,25.04177,121.58735,2
500111070,20231016,808,18,16,1,25.04177,121.58735,2
500111070,20231016,809,18,16,1,25.04177,121.58735,2
500111070,20231016,810,18,16,1,25.04177,121.58735,2
500111070,20231016,811,18,16,1,25.04177,121.58735,2
500111070,20231016,812,18,16,1,25.04177,121.58735,2
500111070,20231016,813,18,16,1,25.04177,121.58735,2
500111070,20231016,814,18,16,1,25.04177,121.58735,2
500111070,20231016,815,18,16,1,25.04177,121.58735,2
500111070,20231016,816,18,16,1,25.04177,121.58735,2
500111070,20231016,817,18,16,1,25.04177,121.58735,2
500111070,20231016,818,18,16,1,25.04177,121.58735,2
500111070,20231016,819,18,16,1,25.04177,121.58735,2
500111070,20231016,820,18,16,1,25.04177,121.58735,2
500111070,20231016,821,18,16,1,25.04177,121.58735,2
500111070,20231016,822,18,16,1,25.04177,121.58735,2
500111070,20231016,823,18,16,1,25.04177,121.58735,2
500111070,20231016,824,18,16,1,25.04177,121.58735,2
500111070,20231016,825,18,16,1,25.04177,121.58735,2
500111070,20231016,826,18,16,1,25.04177,121.58735,2
500111070,20231016,827,18,17,1,25.04177,121.58735,1
500111070,20231016,828,18,17,1,25.04177,121.58735,1
500111070,20231016,829,18,17,1,25.04177,121.58735,1
500111070,20231016,830,18,17,1,25.04177,121.58735,1
500111070,20231016,831,18,17,1,25.04177,121.58735,1
500111070,20231016,832,18,17,1,25.04177,121.58735,1
500111070,20231016,833,18,17,1,25.04177,121.58735,1
500111070,20231016,834,18,17,1,25.04177,121.58735,1
500111070,20231016,835,18,17,1,25.04177,121.58735,1
500111070,20231016,836,18,18,1,25.04177,121.58735,0
500111070,20231016,837,18,18,1,25.04177,121.58735,0
500111070,20231016,838,18,18,1,25.04177,121.58735,0
500111070,20231016,839,18,18,1,25.04177,121.58735,0
500111070,20231016,841,18,18,1,25.04177,121.58735,0
500111070,20231016,842,18,18,1,25.04177,121.58735,0
500111070,20231016,843,18,17,1,25.04177,121.58735,1
500111070,20231016,844,18,17,1,25.04177,121.58735,1
500111070,20231016,845,18,17,1,25.04177,121.58735,1
500111070,20231016,846,18,17,1,25.04177,121.58735,1
500111070,20231016,847,18,17,1,25.04177,121.58735,1
500111070,20231016,848,18,17,1,25.04177,121.58735,1
500111070,20231016,849,18,17,1,25.04177,121.58735,1
500111070,20231016,850,18,17,1,25.04177,121.58735,1
500111070,20231016,851,18,17,1,25.04177,121.58735,1
500111070,20231016,852,18,17,1,25.04177,121.58735,1
500111070,20231016,853,18,17,1,25.04177,121.58735,1
500111070,20231016,854,18,17,1,25.04177,121.58735,1
500111070,20231016,855,18,17,1,25.04177,121.58735,1
500111070,20231016,856,18,17,1,25.04177,121.58735,1
500111070,20231016,857,18,17,1,25.04177,121.58735,1
500111070,20231016,858,18,17,1,25.04177,121.58735,1
500111070,20231016,859,18,17,1,25.04177,121.58735,1
500111070,20231016,861,18,17,1,25.04177,121.58735,1
500111070,20231016,862,18,17,1,25.04177,121.58735,1
500111070,20231016,863,18,17,1,25.04177,121.58735,1
500111070,20231016,864,18,18,1,25.04177,121.58735,0
500111070,20231016,865,18,18,1,25.04177,121.58735,0
500111070,20231016,866,18,18,1,25.04177,121.58735,0
500111070,20231016,867,18,18,1,25.04177,121.58735,0
500111070,20231016,868,18,18,1,25.04177,121.58735,0
500111070,20231016,869,18,18,1,25.04177,121.58735,0
500111070,20231016,870,18,18,1,25.04177,121.58735,0
500111070,20231016,871,18,18,1,25.04177,121.58735,0
500111070,20231016,872,18,18,1,25.04177,121.58735,0
500111070,20231016,873,18,18,1,25.04177,121.58735,0
500111070,20231016,874,18,18,1,25.04177,121.58735,0
500111070,20231016,875,18,18,1,25.04177,121.58735,0
500111070,20231016,876,18,18,1,25.04177,121.58735,0
500111070,20231016,877,18,18,1,25.04177,121.58735,0
500111070,20231016,878,18,18,1,25.04177,121.58735,0
500111070,20231016,879,18,18,1,25.04177,121.58735,0
500111070,20231016,880,18,18,1,25.04177,121.58735,0
500111070,20231016,881,18,18,1,25.04177,121.58735,0
500111070,20231016,882,18,18,1,25.04177,121.58735,0
500111070,20231016,883,18,18,1,25.04177,121.58735,0
500111070,20231016,884,18,18,1,25.04177,121.58735,0
500111070,20231016,885,18,18,1,25.04177,121.58735,0
500111070,20231016,886,18,18,1,25.04177,121.58735,0
500111070,20231016,887,18,18,1,25.04177,121.58735,0
500111070,20231016,888,18,18,1,25.04177,121.58735,0
500111070,20231016,889,18,18,1,25.04177,121.58735,0
500111070,20231016,890,18,18,1,25.04177,121.58735,0
500111070,20231016,891,18,18,1,25.04177,121.58735,0
500111070,20231016,892,18,18,1,25.04177,121.58735,0
500111070,20231016,893,18,18,1,25.04177,121.58735,0
500111070,20231016,894,18,18,1,25.04177,121.58735,0
500111070,20231016,895,18,18,1,25.04177,121.58735,0
500111070,20231016,896,18,18,1,25.04177,121.58735,0
500111070,20231016,897,18,18,1,25.04177,121.58735,0
500111070,20231016,898,18,17,1,25.04177,121.58735,1
500111070,20231016,899,18,17,1,25.04177,121.58735,1
500111070,20231016,901,18,17,1,25.04177,121.58735,1
500111070,20231016,902,18,17,1,25.04177,121.58735,1
500111070,20231016,903,18,17,1,25.04177,121.58735,1
500111070,20231016,904,18,17,1,25.04177,121.58735,1
500111070,20231016,905,18,17,1,25.04177,121.58735,1
500111070,20231016,906,18,17,1,25.04177,121.58735,1
500111070,20231016,907,18,17,1,25.04177,121.58735,1
500111070,20231016,908,18,17,1,25.04177,121.58735,1
500111070,20231016,909,18,17,1,25.04177,121.58735,1
500111070,20231016,910,18,17,1,25.04177,121.58735,1
500111070,20231016,911,18,17,1,25.04177,121.58735,1
500111070,20231016,912,18,17,1,25.04177,121.58735,1
500111070,20231016,913,18,17,1,25.04177,121.58735,1
500111070,20231016,914,18,17,1,25.04177,121.58735,1
500111070,20231016,915,18,17,1,25.04177,121.58735,1
500111070,20231016,916,18,17,1,25.04177,121.58735,1
500111070,20231016,917,18,17,1,25.04177,121.58735,1
500111070,20231016,918,18,16,1,25.04177,121.58735,2
500111070,20231016,919,18,16,1,25.04177,121.58735,2
500111070,20231016,922,18,16,1,25.04177,121.58735,2
500111070,20231016,923,18,17,1,25.04177,121.58735,1
500111070,20231016,924,18,17,1,25.04177,121.58735,1
500111070,20231016,926,18,17,1,25.04177,121.58735,1
500111070,20231016,927,18,17,1,25.04177,121.58735,1
500111070,20231016,928,18,16,1,25.04177,121.58735,2
500111070,20231016,929,18,16,1,25.04177,121.58735,2
500111070,20231016,930,18,16,1,25.04177,121.58735,2
500111070,20231016,931,18,16,1,25.04177,121.58735,2
500111070,20231016,932,18,16,1,25.04177,121.58735,2
500111070,20231016,933,18,16,1,25.04177,121.58735,2
500111070,20231016,934,18,16,1,25.04177,121.58735,2
500111070,20231016,935,18,16,1,25.04177,121.58735,2
500111070,20231016,937,18,16,1,25.04177,121.58735,2
500111070,20231016,938,18,16,1,25.04177,121.58735,2
500111070,20231016,939,18,16,1,25.04177,121.58735,2
500111070,20231016,941,18,16,1,25.04177,121.58735,2
500111070,20231016,942,18,16,1,25.04177,121.58735,2
500111070,20231016,943,18,16,1,25.04177,121.58735,2
500111070,20231016,944,18,16,1,25.04177,121.58735,2
500111070,20231016,945,18,16,1,25.04177,121.58735,2
500111070,20231016,946,18,16,1,25.04177,121.58735,2
500111070,20231016,947,18,16,1,25.04177,121.58735,2
500111070,20231016,948,18,15,1,25.04177,121.58735,3
500111070,20231016,949,18,15,1,25.04177,121.58735,3
500111070,20231016,951,18,15,1,25.04177,121.58735,3
500111070,20231016,953,18,15,1,25.04177,121.58735,3
500111070,20231016,954,18,15,1,25.04177,121.58735,3
500111070,20231016,956,18,16,1,25.04177,121.58735,2
500111070,20231016,957,18,16,1,25.04177,121.58735,2
500111070,20231016,958,18,16,1,25.04177,121.58735,2
500111070,20231016,959,18,16,1,25.04177,121.58735,2
500111070,20231016,961,18,16,1,25.04177,121.58735,2
500111070,20231016,962,18,16,1,25.04177,121.58735,2
500111070,20231016,963,18,16,1,25.04177,121.58735,2
500111070,20231016,964,18,16,1,25.04177,121.58735,2
500111070,20231016,965,18,16,1,25.04177,121.58735,2
500111070,20231016,966,18,16,1,25.04177,121.58735,2
500111070,20231016,967,18,16,1,25.04177,121.58735,2
500111070,20231016,968,18,16,1,25.04177,121.58735,2
500111070,20231016,969,18,16,1,25.04177,121.58735,2
500111070,20231016,970,18,16,1,25.04177,121.58735,2
500111070,20231016,971,18,16,1,25.04177,121.58735,2
500111070,20231016,972,18,16,1,25.04177,121.58735,2
500111070,20231016,973,18,16,1,25.04177,121.58735,2
500111070,20231016,974,18,16,1,25.04177,121.58735,2
500111070,20231016,975,18,16,1,25.04177,121.58735,2
500111070,20231016,976,18,17,1,25.04177,121.58735,1
500111070,20231016,977,18,17,1,25.04177,121.58735,1
500111070,20231016,978,18,16,1,25.04177,121.58735,2
500111070,20231016,979,18,15,1,25.04177,121.58735,3
500111070,20231016,981,18,15,1,25.04177,121.58735,3
500111070,20231016,982,18,16,1,25.04177,121.58735,2
500111070,20231016,983,18,16,1,25.04177,121.58735,2
500111070,20231016,984,18,16,1,25.04177,121.58735,2
500111070,20231016,985,18,16,1,25.04177,121.58735,2
500111070,20231016,986,18,16,1,25.04177,121.58735,2
500111070,20231016,987,18,16,1,25.04177,121.58735,2
500111070,20231016,988,18,16,1,25.04177,121.58735,2
500111070,20231016,989,18,16,1,25.04177,121.58735,2
500111070,20231016,991,18,16,1,25.04177,121.58735,2
500111070,20231016,992,18,16,1,25.04177,121.58735,2
500111070,20231016,993,18,16,1,25.04177,121.58735,2
500111070,20231016,994,18,16,1,25.04177,121.58735,2
500111070,20231016,995,18,16,1,25.04177,121.58735,2
500111070,20231016,996,18,16,1,25.04177,121.58735,2
500111070,20231016,997,18,17,1,25.04177,121.58735,1
500111070,20231016,998,18,17,1,25.04177,121.58735,1
500111070,20231016,999,18,17,1,25.04177,121.58735,1
500111070,20231016,1000,18,17,1,25.04177,121.58735,1
500111070,20231016,1001,18,17,1,25.04177,121.58735,1
500111070,20231016,1002,18,17,1,25.04177,121.58735,1
500111070,20231016,1003,18,17,1,25.04177,121.58735,1
500111070,20231016,1004,18,17,1,25.04177,121.58735,1
500111070,20231016,1005,18,17,1,25.04177,121.58735,1
500111070,20231016,1006,18,17,1,25.04177,121.58735,1
500111070,20231016,1007,18,17,1,25.04177,121.58735,1
500111070,20231016,1008,18,17,1,25.04177,121.58735,1
500111070,20231016,1009,18,18,1,25.04177,121.58735,0
500111070,20231016,1010,18,17,1,25.04177,121.58735,1
500111070,20231016,1011,18,17,1,25.04177,121.58735,1
500111070,20231016,1012,18,17,1,25.04177,121.58735,1
500111070,20231016,1013,18,16,1,25.04177,121.58735,2
500111070,20231016,1014,18,16,1,25.04177,121.58735,2
500111070,20231016,1015,18,16,1,25.04177,121.58735,2
500111070,20231016,1016,18,16,1,25.04177,121.58735,2
500111070,20231016,1017,18,15,1,25.04177,121.58735,3
500111070,20231016,1018,18,15,1,25.04177,121.58735,3
500111070,20231016,1019,18,15,1,25.04177,121.58735,3
500111070,20231016,1021,18,15,1,25.04177,121.58735,3
500111070,20231016,1022,18,15,1,25.04177,121.58735,3
500111070,20231016,1023,18,14,1,25.04177,121.58735,4
500111070,20231016,1024,18,12,1,25.04177,121.58735,6
500111070,20231016,1025,18,12,1,25.04177,121.58735,6
500111070,20231016,1026,18,12,1,25.04177,121.58735,6
500111070,20231016,1027,18,12,1,25.04177,121.58735,6
500111070,20231016,1028,18,13,1,25.04177,121.58735,5
500111070,20231016,1029,18,12,1,25.04177,121.58735,6
500111070,20231016,1031,18,12,1,25.04177,121.58735,6
500111070,20231016,1032,18,12,1,25.04177,121.58735,6
500111070,20231016,1033,18,12,1,25.04177,121.58735,6
500111070,20231016,1034,18,11,1,25.04177,121.58735,7
500111070,20231016,1035,18,10,1,25.04177,121.58735,8
500111070,20231016,1036,18,10,1,25.04177,121.58735,8
500111070,20231016,1037,18,10,1,25.04177,121.58735,8
500111070,20231016,1038,18,10,1,25.04177,121.58735,8
500111070,20231016,1039,18,10,1,25.04177,121.58735,8
500111070,20231016,1042,18,9,1,25.04177,121.58735,9
500111070,20231016,1043,18,9,1,25.04177,121.58735,9
500111070,20231016,1044,18,9,1,25.04177,121.58735,9
500111070,20231016,1046,18,9,1,25.04177,121.58735,9
500111070,20231016,1047,18,10,1,25.04177,121.58735,8
500111070,20231016,1048,18,9,1,25.04177,121.58735,9
500111070,20231016,1049,18,8,1,25.04177,121.58735,10
500111070,20231016,1051,18,8,1,25.04177,121.58735,10
500111070,20231016,1052,18,8,1,25.04177,121.58735,10
500111070,20231016,1053,18,8,1,25.04177,121.58735,10
500111070,20231016,1054,18,8,1,25.04177,121.58735,10
500111070,20231016,1055,18,9,1,25.04177,121.58735,9
500111070,20231016,1056,18,9,1,25.04177,121.58735,9
500111070,20231016,1057,18,9,1,25.04177,121.58735,9
500111070,20231016,1058,18,9,1,25.04177,121.58735,9
500111070,20231016,1059,18,8,1,25.04177,121.58735,10
500111070,20231016,1060,18,7,1,25.04177,121.58735,11
500111070,20231016,1061,18,7,1,25.04177,121.58735,11
500111070,20231016,1062,18,7,1,25.04177,121.58735,11
500111070,20231016,1063,18,6,1,25.04177,121.58735,12
500111070,20231016,1064,18,5,1,25.04177,121.58735,13
500111070,20231016,1065,18,5,1,25.04177,121.58735,13
500111070,20231016,1066,18,5,1,25.04177,121.58735,13
500111070,20231016,1067,18,5,1,25.04177,121.58735,13
500111070,20231016,1068,18,5,1,25.04177,121.58735,13
500111070,20231016,1069,18,4,1,25.04177,121.58735,14
500111070,20231016,1071,18,0,1,25.04177,121.58735,18
500111070,20231016,1072,18,1,1,25.04177,121.58735,17
500111070,20231016,1073,18,1,1,25.04177,121.58735,17
500111070,20231016,1074,18,1,1,25.04177,121.58735,17
500111070,20231016,1076,18,1,1,25.04177,121.58735,17
500111070,20231016,1077,18,1,1,25.04177,121.58735,17
500111070,20231016,1078,18,2,1,25.04177,121.58735,16
500111070,20231016,1079,18,2,1,25.04177,121.58735,16
500111070,20231016,1081,18,2,1,25.04177,121.58735,16
500111070,20231016,1082,18,2,1,25.04177,121.58735,16
500111070,20231016,1083,18,2,1,25.04177,121.58735,16
500111070,20231016,1084,18,2,1,25.04177,121.58735,16
500111070,20231016,1085,18,2,1,25.04177,121.58735,16
500111070,20231016,1086,18,0,1,25.04177,121.58735,18
500111070,20231016,1087,18,0,1,25.04177,121.58735,18
500111070,20231016,1088,18,1,1,25.04177,121.58735,17
500111070,20231016,1089,18,1,1,25.04177,121.58735,17
500111070,20231016,1090,18,0,1,25.04177,121.58735,18
500111070,20231016,1091,18,0,1,25.04177,121.58735,18
500111070,20231016,1092,18,0,1,25.04177,121.58735,18
500111070,20231016,1093,18,0,1,25.04177,121.58735,18
500111070,20231016,1094,18,0,1,25.04177,121.58735,18
500111070,20231016,1095,18,0,1,25.04177,121.58735,18
500111070,20231016,1096,18,0,1,25.04177,121.58735,18
500111070,20231016,1097,18,0,1,25.04177,121.58735,18
500111070,20231016,1098,18,0,1,25.04177,121.58735,18
500111070,20231016,1099,18,0,1,25.04177,121.58735,18
500111070,20231016,1101,18,0,1,25.04177,121.58735,18
500111070,20231016,1102,18,0,1,25.04177,121.58735,18
500111070,20231016,1103,18,0,1,25.04177,121.58735,18
500111070,20231016,1104,18,4,1,25.04177,121.58735,14
500111070,20231016,1105,18,6,1,25.04177,121.58735,12
500111070,20231016,1106,18,7,1,25.04177,121.58735,11
500111070,20231016,1107,18,9,1,25.04177,121.58735,9
500111070,20231016,1108,18,12,1,25.04177,121.58735,6
500111070,20231016,1109,18,12,1,25.04177,121.58735,6
500111070,20231016,1111,18,17,1,25.04177,121.58735,1
500111070,20231016,1112,18,16,1,25.04177,121.58735,2
500111070,20231016,1113,18,16,1,25.04177,121.58735,2
500111070,20231016,1114,18,15,1,25.04177,121.58735,3
500111070,20231016,1115,18,16,1,25.04177,121.58735,2
500111070,20231016,1116,18,17,1,25.04177,121.58735,1
500111070,20231016,1117,18,17,1,25.04177,121.58735,1
500111070,20231016,1118,18,16,1,25.04177,121.58735,2
500111070,20231016,1119,18,16,1,25.04177,121.58735,2
500111070,20231016,1120,18,15,1,25.04177,121.58735,3
500111070,20231016,1121,18,15,1,25.04177,121.58735,3
500111070,20231016,1122,18,15,1,25.04177,121.58735,3
500111070,20231016,1123,18,15,1,25.04177,121.58735,3
500111070,20231016,1124,18,14,1,25.04177,121.58735,4
500111070,20231016,1125,18,14,1,25.04177,121.58735,4
500111070,20231016,1126,18,14,1,25.04177,121.58735,4
500111070,20231016,1127,18,14,1,25.04177,121.58735,4
500111070,20231016,1128,18,14,1,25.04177,121.58735,4
500111070,20231016,1129,18,14,1,25.04177,121.58735,4
500111070,20231016,1130,18,14,1,25.04177,121.58735,4
500111070,20231016,1131,18,14,1,25.04177,121.58735,4
500111070,20231016,1132,18,14,1,25.04177,121.58735,4
500111070,20231016,1133,18,14,1,25.04177,121.58735,4
500111070,20231016,1134,18,15,1,25.04177,121.58735,3
500111070,20231016,1135,18,15,1,25.04177,121.58735,3
500111070,20231016,1136,18,15,1,25.04177,121.58735,3
500111070,20231016,1137,18,15,1,25.04177,121.58735,3
500111070,20231016,1138,18,15,1,25.04177,121.58735,3
500111070,20231016,1139,18,15,1,25.04177,121.58735,3
500111070,20231016,1141,18,13,1,25.04177,121.58735,5
500111070,20231016,1142,18,13,1,25.04177,121.58735,5
500111070,20231016,1143,18,13,1,25.04177,121.58735,5
500111070,20231016,1144,18,12,1,25.04177,121.58735,6
500111070,20231016,1145,18,12,1,25.04177,121.58735,6
500111070,20231016,1146,18,12,1,25.04177,121.58735,6
500111070,20231016,1147,18,11,1,25.04177,121.58735,7
500111070,20231016,1148,18,11,1,25.04177,121.58735,7
500111070,20231016,1149,18,11,1,25.04177,121.58735,7
500111070,20231016,1150,18,11,1,25.04177,121.58735,7
500111070,20231016,1151,18,12,1,25.04177,121.58735,6
500111070,20231016,1152,18,12,1,25.04177,121.58735,6
500111070,20231016,1153,18,12,1,25.04177,121.58735,6
500111070,20231016,1154,18,13,1,25.04177,121.58735,5
500111070,20231016,1155,18,13,1,25.04177,121.58735,5
500111070,20231016,1156,18,13,1,25.04177,121.58735,5
500111070,20231016,1157,18,13,1,25.04177,121.58735,5
500111070,20231016,1158,18,13,1,25.04177,121.58735,5
500111070,20231016,1159,18,13,1,25.04177,121.58735,5
500111070,20231016,1161,18,13,1,25.04177,121.58735,5
500111070,20231016,1162,18,13,1,25.04177,121.58735,5
500111070,20231016,1163,18,13,1,25.04177,121.58735,5
500111070,20231016,1164,18,13,1,25.04177,121.58735,5
500111070,20231016,1165,18,13,1,25.04177,121.58735,5
500111070,20231016,1166,18,13,1,25.04177,121.58735,5
500111070,20231016,1167,18,13,1,25.04177,121.58735,5
500111070,20231016,1168,18,13,1,25.04177,121.58735,5
500111070,20231016,1169,18,12,1,25.04177,121.58735,6
500111070,20231016,1171,18,11,1,25.04177,121.58735,7
500111070,20231016,1172,18,13,1,25.04177,121.58735,5
500111070,20231016,1173,18,13,1,25.04177,121.58735,5
500111070,20231016,1174,18,13,1,25.04177,121.58735,5
500111070,20231016,1175,18,13,1,25.04177,121.58735,5
500111070,20231016,1176,18,11,1,25.04177,121.58735,7
500111070,20231016,1177,18,10,1,25.04177,121.58735,8
500111070,20231016,1178,18,11,1,25.04177,121.58735,7
500111070,20231016,1179,18,11,1,25.04177,121.58735,7
500111070,20231016,1180,18,11,1,25.04177,121.58735,7
500111070,20231016,1181,18,11,1,25.04177,121.58735,7
500111070,20231016,1182,18,9,1,25.04177,121.58735,9
500111070,20231016,1183,18,9,1,25.04177,121.58735,9
500111070,20231016,1184,18,10,1,25.04177,121.58735,8
500111070,20231016,1185,18,11,1,25.04177,121.58735,7
500111070,20231016,1186,18,11,1,25.04177,121.58735,7
500111070,20231016,1187,18,9,1,25.04177,121.58735,9
500111070,20231016,1188,18,9,1,25.04177,121.58735,9
500111070,20231016,1189,18,9,1,25.04177,121.58735,9
500111070,20231016,1190,18,13,1,25.04177,121.58735,5
500111070,20231016,1191,18,15,1,25.04177,121.58735,3
500111070,20231016,1192,18,14,1,25.04177,121.58735,4
500111070,20231016,1193,18,14,1,25.04177,121.58735,4
500111070,20231016,1194,18,14,1,25.04177,121.58735,4
500111070,20231016,1195,18,14,1,25.04177,121.58735,4
500111070,20231016,1196,18,18,1,25.04177,121.58735,0
500111070,20231016,1197,18,18,1,25.04177,121.58735,0
500111070,20231016,1198,18,17,1,25.04177,121.58735,1
500111070,20231016,1199,18,17,1,25.04177,121.58735,1
500111070,20231016,1201,18,15,1,25.04177,121.58735,3
500111070,20231016,1202,18,15,1,25.04177,121.58735,3
500111070,20231016,1203,18,15,1,25.04177,121.58735,3
500111070,20231016,1204,18,15,1,25.04177,121.58735,3
500111070,20231016,1205,18,15,1,25.04177,121.58735,3
500111070,20231016,1206,18,15,1,25.04177,121.58735,3
500111070,20231016,1207,18,14,1,25.04177,121.58735,4
500111070,20231016,1208,18,14,1,25.04177,121.58735,4
500111070,20231016,1209,18,14,1,25.04177,121.58735,4
500111070,20231016,1210,18,14,1,25.04177,121.58735,4
500111070,20231016,1211,18,14,1,25.04177,121.58735,4
500111070,20231016,1212,18,14,1,25.04177,121.58735,4
500111070,20231016,1213,18,14,1,25.04177,121.58735,4
500111070,20231016,1214,18,14,1,25.04177,121.58735,4
500111070,20231016,1215,18,14,1,25.04177,121.58735,4
500111070,20231016,1216,18,14,1,25.04177,121.58735,4
500111070,20231016,1217,18,14,1,25.04177,121.58735,4
500111070,20231016,1218,18,14,1,25.04177,121.58735,4
500111070,20231016,1219,18,13,1,25.04177,121.58735,5
500111070,20231016,1221,18,13,1,25.04177,121.58735,5
500111070,20231016,1222,18,13,1,25.04177,121.58735,5
500111070,20231016,1224,18,13,1,25.04177,121.58735,5
500111070,20231016,1225,18,13,1,25.04177,121.58735,5
500111070,20231016,1226,18,13,1,25.04177,121.58735,5
500111070,20231016,1227,18,15,1,25.04177,121.58735,3
500111070,20231016,1228,18,15,1,25.04177,121.58735,3
500111070,20231016,1229,18,15,1,25.04177,121.58735,3
500111070,20231016,1231,18,15,1,25.04177,121.58735,3
500111070,20231016,1232,18,15,1,25.04177,121.58735,3
500111070,20231016,1233,18,15,1,25.04177,121.58735,3
500111070,20231016,1234,18,15,1,25.04177,121.58735,3
500111070,20231016,1235,18,16,1,25.04177,121.58735,2
500111070,20231016,1236,18,16,1,25.04177,121.58735,2
500111070,20231016,1237,18,16,1,25.04177,121.58735,2
500111070,20231016,1238,18,16,1,25.04177,121.58735,2
500111070,20231016,1239,18,17,1,25.04177,121.58735,1
500111070,20231016,1240,18,16,1,25.04177,121.58735,2
500111070,20231016,1241,18,15,1,25.04177,121.58735,3
500111070,20231016,1242,18,15,1,25.04177,121.58735,3
500111070,20231016,1243,18,16,1,25.04177,121.58735,2
500111070,20231016,1244,18,16,1,25.04177,121.58735,2
500111070,20231016,1245,18,16,1,25.04177,121.58735,2
500111070,20231016,1246,18,16,1,25.04177,121.58735,2
500111070,20231016,1247,18,16,1,25.04177,121.58735,2
500111070,20231016,1248,18,16,1,25.04177,121.58735,2
500111070,20231016,1249,18,16,1,25.04177,121.58735,2
500111070,20231016,1250,18,16,1,25.04177,121.58735,2
500111070,20231016,1251,18,16,1,25.04177,121.58735,2
500111070,20231016,1252,18,16,1,25.04177,121.58735,2
500111070,20231016,1253,18,15,1,25.04177,121.58735,3
500111070,20231016,1254,18,15,1,25.04177,121.58735,3
500111070,20231016,1255,18,15,1,25.04177,121.58735,3
500111070,20231016,1256,18,15,1,25.04177,121.58735,3
500111070,20231016,1257,18,15,1,25.04177,121.58735,3
500111070,20231016,1258,18,14,1,25.04177,121.58735,4
500111070,20231016,1259,18,14,1,25.04177,121.58735,4
500111070,20231016,1261,18,14,1,25.04177,121.58735,4
500111070,20231016,1262,18,13,1,25.04177,121.58735,5
500111070,20231016,1263,18,13,1,25.04177,121.58735,5
500111070,20231016,1264,18,13,1,25.04177,121.58735,5
500111070,20231016,1265,18,12,1,25.04177,121.58735,6
500111070,20231016,1266,18,12,1,25.04177,121.58735,6
500111070,20231016,1267,18,12,1,25.04177,121.58735,6
500111070,20231016,1268,18,11,1,25.04177,121.58735,7
500111070,20231016,1269,18,10,1,25.04177,121.58735,8
500111070,20231016,1270,18,10,1,25.04177,121.58735,8
500111070,20231016,1271,18,10,1,25.04177,121.58735,8
500111070,20231016,1272,18,10,1,25.04177,121.58735,8
500111070,20231016,1273,18,10,1,25.04177,121.58735,8
500111070,20231016,1274,18,11,1,25.04177,121.58735,7
500111070,20231016,1275,18,10,1,25.04177,121.58735,8
500111070,20231016,1276,18,10,1,25.04177,121.58735,8
500111070,20231016,1277,18,10,1,25.04177,121.58735,8
500111070,20231016,1278,18,10,1,25.04177,121.58735,8
500111070,20231016,1279,18,10,1,25.04177,121.58735,8
500111070,20231016,1281,18,10,1,25.04177,121.58735,8
500111070,20231016,1282,18,10,1,25.04177,121.58735,8
500111070,20231016,1283,18,10,1,25.04177,121.58735,8
500111070,20231016,1284,18,9,1,25.04177,121.58735,9
500111070,20231016,1285,18,9,1,25.04177,121.58735,9
500111070,20231016,1286,18,9,1,25.04177,121.58735,9
500111070,20231016,1287,18,8,1,25.04177,121.58735,10
500111070,20231016,1288,18,7,1,25.04177,121.58735,11
500111070,20231016,1289,18,7,1,25.04177,121.58735,11
500111070,20231016,1291,18,7,1,25.04177,121.58735,11
500111070,20231016,1292,18,7,1,25.04177,121.58735,11
500111070,20231016,1293,18,7,1,25.04177,121.58735,11
500111070,20231016,1294,18,6,1,25.04177,121.58735,12
500111070,20231016,1295,18,6,1,25.04177,121.58735,12
500111070,20231016,1296,18,6,1,25.04177,121.58735,12
500111070,20231016,1297,18,5,1,25.04177,121.58735,13
500111070,20231016,1298,18,5,1,25.04177,121.58735,13
500111070,20231016,1299,18,5,1,25.04177,121.58735,13
500111070,20231016,1300,18,5,1,25.04177,121.58735,13
500111070,20231016,1301,18,5,1,25.04177,121.58735,13
500111070,20231016,1302,18,5,1,25.04177,121.58735,13
500111070,20231016,1303,18,5,1,25.04177,121.58735,13
500111070,20231016,1304,18,5,1,25.04177,121.58735,13
500111070,20231016,1305,18,5,1,25.04177,121.58735,13
500111070,20231016,1306,18,5,1,25.04177,121.58735,13
500111070,20231016,1307,18,5,1,25.04177,121.58735,13
500111070,20231016,1308,18,5,1,25.04177,121.58735,13
500111070,20231016,1309,18,5,1,25.04177,121.58735,13
500111070,20231016,1310,18,6,1,25.04177,121.58735,12
500111070,20231016,1311,18,6,1,25.04177,121.58735,12
500111070,20231016,1312,18,6,1,25.04177,121.58735,12
500111070,20231016,1313,18,5,1,25.04177,121.58735,13
500111070,20231016,1314,18,5,1,25.04177,121.58735,13
500111070,20231016,1315,18,5,1,25.04177,121.58735,13
500111070,20231016,1316,18,5,1,25.04177,121.58735,13
500111070,20231016,1317,18,5,1,25.04177,121.58735,13
500111070,20231016,1318,18,5,1,25.04177,121.58735,13
500111070,20231016,1319,18,5,1,25.04177,121.58735,13
500111070,20231016,1321,18,6,1,25.04177,121.58735,12
500111070,20231016,1322,18,6,1,25.04177,121.58735,12
500111070,20231016,1323,18,6,1,25.04177,121.58735,12
500111070,20231016,1324,18,6,1,25.04177,121.58735,12
500111070,20231016,1325,18,6,1,25.04177,121.58735,12
500111070,20231016,1326,18,6,1,25.04177,121.58735,12
500111070,20231016,1327,18,6,1,25.04177,121.58735,12
500111070,20231016,1328,18,6,1,25.04177,121.58735,12
500111070,20231016,1329,18,6,1,25.04177,121.58735,12
500111070,20231016,1330,18,6,1,25.04177,121.58735,12
500111070,20231016,1331,18,6,1,25.04177,121.58735,12
500111070,20231016,1332,18,6,1,25.04177,121.58735,12
500111070,20231016,1333,18,5,1,25.04177,121.58735,13
500111070,20231016,1334,18,5,1,25.04177,121.58735,13
500111070,20231016,1335,18,4,1,25.04177,121.58735,14
500111070,20231016,1336,18,4,1,25.04177,121.58735,14
500111070,20231016,1337,18,3,1,25.04177,121.58735,15
500111070,20231016,1338,18,3,1,25.04177,121.58735,15
500111070,20231016,1339,18,3,1,25.04177,121.58735,15
500111070,20231016,1341,18,3,1,25.04177,121.58735,15
500111070,20231016,1342,18,3,1,25.04177,121.58735,15
500111070,20231016,1343,18,2,1,25.04177,121.58735,16
500111070,20231016,1344,18,2,1,25.04177,121.58735,16
500111070,20231016,1345,18,2,1,25.04177,121.58735,16
500111070,20231016,1346,18,2,1,25.04177,121.58735,16
500111070,20231016,1347,18,2,1,25.04177,121.58735,16
500111070,20231016,1348,18,2,1,25.04177,121.58735,16
500111070,20231016,1349,18,2,1,25.04177,121.58735,16
500111070,20231016,1350,18,2,1,25.04177,121.58735,16
500111070,20231016,1351,18,2,1,25.04177,121.58735,16
500111070,20231016,1352,18,2,1,25.04177,121.58735,16
500111070,20231016,1353,18,2,1,25.04177,121.58735,16
500111070,20231016,1354,18,1,1,25.04177,121.58735,17
500111070,20231016,1355,18,1,1,25.04177,121.58735,17
500111070,20231016,1356,18,1,1,25.04177,121.58735,17
500111070,20231016,1357,18,5,1,25.04177,121.58735,13
500111070,20231016,1358,18,7,1,25.04177,121.58735,11
500111070,20231016,1359,18,13,1,25.04177,121.58735,5
500111070,20231016,1360,18,13,1,25.04177,121.58735,5
500111070,20231016,1361,18,13,1,25.04177,121.58735,5
500111070,20231016,1362,18,13,1,25.04177,121.58735,5
500111070,20231016,1363,18,13,1,25.04177,121.58735,5
500111070,20231016,1364,18,13,1,25.04177,121.58735,5
500111070,20231016,1365,18,13,1,25.04177,121.58735,5
500111070,20231016,1366,18,13,1,25.04177,121.58735,5
500111070,20231016,1367,18,13,1,25.04177,121.58735,5
500111070,20231016,1368,18,13,1,25.04177,121.58735,5
500111070,20231016,1369,18,13,1,25.04177,121.58735,5
500111070,20231016,1370,18,13,1,25.04177,121.58735,5
500111070,20231016,1371,18,13,1,25.04177,121.58735,5
500111070,20231016,1372,18,12,1,25.04177,121.58735,6
500111070,20231016,1373,18,12,1,25.04177,121.58735,6
500111070,20231016,1374,18,12,1,25.04177,121.58735,6
500111070,20231016,1375,18,12,1,25.04177,121.58735,6
500111070,20231016,1376,18,12,1,25.04177,121.58735,6
500111070,20231016,1377,18,12,1,25.04177,121.58735,6
500111070,20231016,1378,18,12,1,25.04177,121.58735,6
500111070,20231016,1379,18,12,1,25.04177,121.58735,6
500111070,20231016,1381,18,12,1,25.04177,121.58735,6
500111070,20231016,1382,18,12,1,25.04177,121.58735,6
500111070,20231016,1383,18,12,1,25.04177,121.58735,6
500111070,20231016,1384,18,12,1,25.04177,121.58735,6
500111070,20231016,1385,18,12,1,25.04177,121.58735,6
500111070,20231016,1386,18,12,1,25.04177,121.58735,6
500111070,20231016,1387,18,12,1,25.04177,121.58735,6
500111070,20231016,1388,18,12,1,25.04177,121.58735,6
500111070,20231016,1389,18,12,1,25.04177,121.58735,6
500111070,20231016,1390,18,12,1,25.04177,121.58735,6
500111070,20231016,1391,18,12,1,25.04177,121.58735,6
500111070,20231016,1392,18,12,1,25.04177,121.58735,6
500111070,20231016,1393,18,11,1,25.04177,121.58735,7
500111070,20231016,1394,18,11,1,25.04177,121.58735,7
500111070,20231016,1395,18,12,1,25.04177,121.58735,6
500111070,20231016,1396,18,12,1,25.04177,121.58735,6
500111070,20231016,1397,18,12,1,25.04177,121.58735,6
500111070,20231016,1398,18,12,1,25.04177,121.58735,6
500111070,20231016,1399,18,12,1,25.04177,121.58735,6
500111070,20231016,1401,18,12,1,25.04177,121.58735,6
500111070,20231016,1402,18,14,1,25.04177,121.58735,4
500111070,20231016,1403,18,14,1,25.04177,121.58735,4
500111070,20231016,1404,18,13,1,25.04177,121.58735,5
500111070,20231016,1405,18,13,1,25.04177,121.58735,5
500111070,20231016,1406,18,13,1,25.04177,121.58735,5
500111070,20231016,1407,18,13,1,25.04177,121.58735,5
500111070,20231016,1408,18,13,1,25.04177,121.58735,5
500111070,20231016,1409,18,13,1,25.04177,121.58735,5
500111070,20231016,1410,18,13,1,25.04177,121.58735,5
500111070,20231016,1411,18,13,1,25.04177,121.58735,5
500111070,20231016,1412,18,13,1,25.04177,121.58735,5
500111070,20231016,1413,18,13,1,25.04177,121.58735,5
500111070,20231016,1414,18,12,1,25.04177,121.58735,6
500111070,20231016,1415,18,12,1,25.04177,121.58735,6
500111070,20231016,1416,18,12,1,25.04177,121.58735,6
500111070,20231016,1417,18,12,1,25.04177,121.58735,6
500111070,20231016,1418,18,12,1,25.04177,121.58735,6
500111070,20231016,1419,18,12,1,25.04177,121.58735,6
500111070,20231016,1420,18,13,1,25.04177,121.58735,5
500111070,20231016,1421,18,13,1,25.04177,121.58735,5
500111070,20231016,1422,18,13,1,25.04177,121.58735,5
500111070,20231016,1423,18,13,1,25.04177,121.58735,5
500111070,20231016,1424,18,13,1,25.04177,121.58735,5
500111070,20231016,1425,18,13,1,25.04177,121.58735,5
500111070,20231016,1426,18,13,1,25.04177,121.58735,5
500111070,20231016,1427,18,13,1,25.04177,121.58735,5
500111070,20231016,1428,18,13,1,25.04177,121.58735,5
500111070,20231016,1429,18,13,1,25.04177,121.58735,5
500111070,20231016,1430,18,13,1,25.04177,121.58735,5
500111070,20231016,1431,18,13,1,25.04177,121.58735,5
500111070,20231016,1432,18,13,1,25.04177,121.58735,5
500111070,20231016,1433,18,13,1,25.04177,121.58735,5
500111070,20231016,1434,18,13,1,25.04177,121.58735,5
500111070,20231016,1435,18,13,1,25.04177,121.58735,5
500111070,20231016,1436,18,13,1,25.04177,121.58735,5
500111070,20231016,1437,18,13,1,25.04177,121.58735,5
500111070,20231016,1438,18,13,1,25.04177,121.58735,5
500111070,20231016,1439,18,13,1,25.04177,121.58735,5
500111070,20231017,1,18,13,1,25.04177,121.58735,5
500111070,20231017,2,18,13,1,25.04177,121.58735,5
500111070,20231017,3,18,13,1,25.04177,121.58735,5
500111070,20231017,4,18,13,1,25.04177,121.58735,5
500111070,20231017,5,18,13,1,25.04177,121.58735,5
500111070,20231017,6,18,13,1,25.04177,121.58735,5
500111070,20231017,7,18,13,1,25.04177,121.58735,5
500111070,20231017,8,18,13,1,25.04177,121.58735,5
500111070,20231017,9,18,13,1,25.04177,121.58735,5
500111070,20231017,10,18,13,1,25.04177,121.58735,5
500111070,20231017,11,18,13,1,25.04177,121.58735,5
500111070,20231017,12,18,13,1,25.04177,121.58735,5
500111070,20231017,13,18,13,1,25.04177,121.58735,5
500111070,20231017,14,18,13,1,25.04177,121.58735,5
500111070,20231017,15,18,13,1,25.04177,121.58735,5
500111070,20231017,16,18,13,1,25.04177,121.58735,5
500111070,20231017,17,18,13,1,25.04177,121.58735,5
500111070,20231017,18,18,13,1,25.04177,121.58735,5
500111070,20231017,19,18,13,1,25.04177,121.58735,5
500111070,20231017,21,18,13,1,25.04177,121.58735,5
500111070,20231017,22,18,13,1,25.04177,121.58735,5
500111070,20231017,23,18,13,1,25.04177,121.58735,5
500111070,20231017,24,18,13,1,25.04177,121.58735,5
500111070,20231017,25,18,13,1,25.04177,121.58735,5
500111070,20231017,26,18,13,1,25.04177,121.58735,5
500111070,20231017,27,18,13,1,25.04177,121.58735,5
500111070,20231017,28,18,13,1,25.04177,121.58735,5
500111070,20231017,29,18,13,1,25.04177,121.58735,5
500111070,20231017,30,18,13,1,25.04177,121.58735,5
500111070,20231017,31,18,13,1,25.04177,121.58735,5
500111070,20231017,32,18,13,1,25.04177,121.58735,5
500111070,20231017,33,18,13,1,25.04177,121.58735,5
500111070,20231017,34,18,13,1,25.04177,121.58735,5
500111070,20231017,35,18,13,1,25.04177,121.58735,5
500111070,20231017,36,18,13,1,25.04177,121.58735,5
500111070,20231017,37,18,13,1,25.04177,121.58735,5
500111070,20231017,38,18,13,1,25.04177,121.58735,5
500111070,20231017,39,18,13,1,25.04177,121.58735,5
500111070,20231017,40,18,12,1,25.04177,121.58735,6
500111070,20231017,41,18,12,1,25.04177,121.58735,6
500111070,20231017,42,18,12,1,25.04177,121.58735,6
500111070,20231017,43,18,12,1,25.04177,121.58735,6
500111070,20231017,44,18,12,1,25.04177,121.58735,6
500111070,20231017,45,18,12,1,25.04177,121.58735,6
500111070,20231017,46,18,12,1,25.04177,121.58735,6
500111070,20231017,47,18,12,1,25.04177,121.58735,6
500111070,20231017,48,18,12,1,25.04177,121.58735,6
500111070,20231017,49,18,12,1,25.04177,121.58735,6
500111070,20231017,50,18,12,1,25.04177,121.58735,6
500111070,20231017,51,18,12,1,25.04177,121.58735,6
500111070,20231017,52,18,12,1,25.04177,121.58735,6
500111070,20231017,53,18,12,1,25.04177,121.58735,6
500111070,20231017,54,18,12,1,25.04177,121.58735,6
500111070,20231017,55,18,12,1,25.04177,121.58735,6
500111070,20231017,56,18,12,1,25.04177,121.58735,6
500111070,20231017,57,18,12,1,25.04177,121.58735,6
500111070,20231017,58,18,12,1,25.04177,121.58735,6
500111070,20231017,59,18,12,1,25.04177,121.58735,6
500111070,20231017,61,18,12,1,25.04177,121.58735,6
500111070,20231017,62,18,12,1,25.04177,121.58735,6
500111070,20231017,63,18,12,1,25.04177,121.58735,6
500111070,20231017,64,18,12,1,25.04177,121.58735,6
500111070,20231017,65,18,12,1,25.04177,121.58735,6
500111070,20231017,66,18,12,1,25.04177,121.58735,6
500111070,20231017,67,18,12,1,25.04177,121.58735,6
500111070,20231017,68,18,12,1,25.04177,121.58735,6
500111070,20231017,69,18,12,1,25.04177,121.58735,6
500111070,20231017,70,18,12,1,25.04177,121.58735,6
500111070,20231017,71,18,12,1,25.04177,121.58735,6
500111070,20231017,72,18,12,1,25.04177,121.58735,6
500111070,20231017,73,18,12,1,25.04177,121.58735,6
500111070,20231017,74,18,12,1,25.04177,121.58735,6
500111070,20231017,75,18,12,1,25.04177,121.58735,6
500111070,20231017,76,18,12,1,25.04177,121.58735,6
500111070,20231017,77,18,12,1,25.04177,121.58735,6
500111070,20231017,78,18,12,1,25.04177,121.58735,6
500111070,20231017,79,18,12,1,25.04177,121.58735,6
500111070,20231017,81,18,12,1,25.04177,121.58735,6
500111070,20231017,82,18,12,1,25.04177,121.58735,6
500111070,20231017,83,18,12,1,25.04177,121.58735,6
500111070,20231017,84,18,12,1,25.04177,121.58735,6
500111070,20231017,85,18,12,1,25.04177,121.58735,6
500111070,20231017,86,18,12,1,25.04177,121.58735,6
500111070,20231017,87,18,12,1,25.04177,121.58735,6
500111070,20231017,88,18,12,1,25.04177,121.58735,6
500111070,20231017,89,18,12,1,25.04177,121.58735,6
500111070,20231017,90,18,12,1,25.04177,121.58735,6
500111070,20231017,91,18,12,1,25.04177,121.58735,6
500111070,20231017,92,18,12,1,25.04177,121.58735,6
500111070,20231017,93,18,12,1,25.04177,121.58735,6
500111070,20231017,94,18,12,1,25.04177,121.58735,6
500111070,20231017,95,18,12,1,25.04177,121.58735,6
500111070,20231017,96,18,12,1,25.04177,121.58735,6
500111070,20231017,97,18,12,1,25.04177,121.58735,6
500111070,20231017,99,18,12,1,25.04177,121.58735,6
500111070,20231017,100,18,12,1,25.04177,121.58735,6
500111070,20231017,101,18,12,1,25.04177,121.58735,6
500111070,20231017,102,18,13,1,25.04177,121.58735,5
500111070,20231017,103,18,13,1,25.04177,121.58735,5
500111070,20231017,104,18,13,1,25.04177,121.58735,5
500111070,20231017,105,18,13,1,25.04177,121.58735,5
500111070,20231017,106,18,13,1,25.04177,121.58735,5
500111070,20231017,107,18,13,1,25.04177,121.58735,5
500111070,20231017,108,18,13,1,25.04177,121.58735,5
500111070,20231017,109,18,13,1,25.04177,121.58735,5
500111070,20231017,110,18,13,1,25.04177,121.58735,5
500111070,20231017,111,18,13,1,25.04177,121.58735,5
500111070,20231017,112,18,13,1,25.04177,121.58735,5
500111070,20231017,113,18,13,1,25.04177,121.58735,5
500111070,20231017,114,18,13,1,25.04177,121.58735,5
500111070,20231017,115,18,13,1,25.04177,121.58735,5
500111070,20231017,116,18,13,1,25.04177,121.58735,5
500111070,20231017,117,18,13,1,25.04177,121.58735,5
500111070,20231017,118,18,13,1,25.04177,121.58735,5
500111070,20231017,119,18,13,1,25.04177,121.58735,5
500111070,20231017,121,18,13,1,25.04177,121.58735,5
500111070,20231017,122,18,13,1,25.04177,121.58735,5
500111070,20231017,123,18,13,1,25.04177,121.58735,5
500111070,20231017,124,18,13,1,25.04177,121.58735,5
500111070,20231017,125,18,13,1,25.04177,121.58735,5
500111070,20231017,126,18,13,1,25.04177,121.58735,5
500111070,20231017,127,18,13,1,25.04177,121.58735,5
500111070,20231017,128,18,13,1,25.04177,121.58735,5
500111070,20231017,129,18,13,1,25.04177,121.58735,5
500111070,20231017,130,18,13,1,25.04177,121.58735,5
500111070,20231017,131,18,13,1,25.04177,121.58735,5
500111070,20231017,132,18,13,1,25.04177,121.58735,5
500111070,20231017,133,18,13,1,25.04177,121.58735,5
500111070,20231017,134,18,13,1,25.04177,121.58735,5
500111070,20231017,135,18,13,1,25.04177,121.58735,5
500111070,20231017,136,18,13,1,25.04177,121.58735,5
500111070,20231017,137,18,13,1,25.04177,121.58735,5
500111070,20231017,138,18,13,1,25.04177,121.58735,5
500111070,20231017,139,18,13,1,25.04177,121.58735,5
500111070,20231017,141,18,13,1,25.04177,121.58735,5
500111070,20231017,142,18,13,1,25.04177,121.58735,5
500111070,20231017,143,18,13,1,25.04177,121.58735,5
500111070,20231017,144,18,13,1,25.04177,121.58735,5
500111070,20231017,145,18,13,1,25.04177,121.58735,5
500111070,20231017,146,18,13,1,25.04177,121.58735,5
500111070,20231017,147,18,13,1,25.04177,121.58735,5
500111070,20231017,148,18,13,1,25.04177,121.58735,5
500111070,20231017,149,18,13,1,25.04177,121.58735,5
500111070,20231017,150,18,13,1,25.04177,121.58735,5
500111070,20231017,151,18,13,1,25.04177,121.58735,5
500111070,20231017,152,18,13,1,25.04177,121.58735,5
500111070,20231017,153,18,13,1,25.04177,121.58735,5
500111070,20231017,154,18,13,1,25.04177,121.58735,5
500111070,20231017,155,18,13,1,25.04177,121.58735,5
500111070,20231017,156,18,13,1,25.04177,121.58735,5
500111070,20231017,157,18,13,1,25.04177,121.58735,5
500111070,20231017,158,18,13,1,25.04177,121.58735,5
500111070,20231017,159,18,13,1,25.04177,121.58735,5
500111070,20231017,160,18,13,1,25.04177,121.58735,5
500111070,20231017,161,18,13,1,25.04177,121.58735,5
500111070,20231017,162,18,13,1,25.04177,121.58735,5
500111070,20231017,163,18,13,1,25.04177,121.58735,5
500111070,20231017,164,18,13,1,25.04177,121.58735,5
500111070,20231017,165,18,13,1,25.04177,121.58735,5
500111070,20231017,166,18,13,1,25.04177,121.58735,5
500111070,20231017,167,18,13,1,25.04177,121.58735,5
500111070,20231017,168,18,13,1,25.04177,121.58735,5
500111070,20231017,169,18,13,1,25.04177,121.58735,5
500111070,20231017,170,18,13,1,25.04177,121.58735,5
500111070,20231017,171,18,13,1,25.04177,121.58735,5
500111070,20231017,172,18,13,1,25.04177,121.58735,5
500111070,20231017,173,18,13,1,25.04177,121.58735,5
500111070,20231017,174,18,13,1,25.04177,121.58735,5
500111070,20231017,175,18,13,1,25.04177,121.58735,5
500111070,20231017,176,18,13,1,25.04177,121.58735,5
500111070,20231017,177,18,13,1,25.04177,121.58735,5
500111070,20231017,178,18,13,1,25.04177,121.58735,5
500111070,20231017,179,18,13,1,25.04177,121.58735,5
500111070,20231017,180,18,13,1,25.04177,121.58735,5
500111070,20231017,182,18,13,1,25.04177,121.58735,5
500111070,20231017,183,18,13,1,25.04177,121.58735,5
500111070,20231017,184,18,13,1,25.04177,121.58735,5
500111070,20231017,185,18,13,1,25.04177,121.58735,5
500111070,20231017,186,18,13,1,25.04177,121.58735,5
500111070,20231017,187,18,13,1,25.04177,121.58735,5
500111070,20231017,188,18,13,1,25.04177,121.58735,5
500111070,20231017,189,18,13,1,25.04177,121.58735,5
500111070,20231017,190,18,13,1,25.04177,121.58735,5
500111070,20231017,191,18,13,1,25.04177,121.58735,5
500111070,20231017,192,18,13,1,25.04177,121.58735,5
500111070,20231017,193,18,13,1,25.04177,121.58735,5
500111070,20231017,194,18,13,1,25.04177,121.58735,5
500111070,20231017,195,18,13,1,25.04177,121.58735,5
500111070,20231017,196,18,13,1,25.04177,121.58735,5
500111070,20231017,197,18,13,1,25.04177,121.58735,5
500111070,20231017,198,18,13,1,25.04177,121.58735,5
500111070,20231017,199,18,13,1,25.04177,121.58735,5
500111070,20231017,201,18,13,1,25.04177,121.58735,5
500111070,20231017,202,18,13,1,25.04177,121.58735,5
500111070,20231017,203,18,13,1,25.04177,121.58735,5
500111070,20231017,204,18,13,1,25.04177,121.58735,5
500111070,20231017,205,18,13,1,25.04177,121.58735,5
500111070,20231017,206,18,13,1,25.04177,121.58735,5
500111070,20231017,207,18,13,1,25.04177,121.58735,5
500111070,20231017,208,18,13,1,25.04177,121.58735,5
500111070,20231017,209,18,13,1,25.04177,121.58735,5
500111070,20231017,211,18,13,1,25.04177,121.58735,5
500111070,20231017,212,18,13,1,25.04177,121.58735,5
500111070,20231017,213,18,13,1,25.04177,121.58735,5
500111070,20231017,214,18,13,1,25.04177,121.58735,5
500111070,20231017,215,18,13,1,25.04177,121.58735,5
500111070,20231017,216,18,13,1,25.04177,121.58735,5
500111070,20231017,217,18,13,1,25.04177,121.58735,5
500111070,20231017,218,18,13,1,25.04177,121.58735,5
500111070,20231017,219,18,13,1,25.04177,121.58735,5
500111070,20231017,220,18,13,1,25.04177,121.58735,5
500111070,20231017,221,18,13,1,25.04177,121.58735,5
500111070,20231017,222,18,13,1,25.04177,121.58735,5
500111070,20231017,223,18,13,1,25.04177,121.58735,5
500111070,20231017,224,18,13,1,25.04177,121.58735,5
500111070,20231017,225,18,13,1,25.04177,121.58735,5
500111070,20231017,226,18,13,1,25.04177,121.58735,5
500111070,20231017,227,18,13,1,25.04177,121.58735,5
500111070,20231017,228,18,13,1,25.04177,121.58735,5
500111070,20231017,229,18,13,1,25.04177,121.58735,5
500111070,20231017,230,18,13,1,25.04177,121.58735,5
500111070,20231017,231,18,13,1,25.04177,121.58735,5
500111070,20231017,232,18,13,1,25.04177,121.58735,5
500111070,20231017,233,18,13,1,25.04177,121.58735,5
500111070,20231017,234,18,13,1,25.04177,121.58735,5
500111070,20231017,235,18,13,1,25.04177,121.58735,5
500111070,20231017,236,18,13,1,25.04177,121.58735,5
500111070,20231017,237,18,13,1,25.04177,121.58735,5
500111070,20231017,238,18,13,1,25.04177,121.58735,5
500111070,20231017,239,18,13,1,25.04177,121.58735,5
500111070,20231017,240,18,13,1,25.04177,121.58735,5
500111070,20231017,241,18,13,1,25.04177,121.58735,5
500111070,20231017,242,18,13,1,25.04177,121.58735,5
500111070,20231017,243,18,13,1,25.04177,121.58735,5
500111070,20231017,244,18,13,1,25.04177,121.58735,5
500111070,20231017,245,18,13,1,25.04177,121.58735,5
500111070,20231017,246,18,13,1,25.04177,121.58735,5
500111070,20231017,247,18,13,1,25.04177,121.58735,5
500111070,20231017,248,18,13,1,25.04177,121.58735,5
500111070,20231017,249,18,13,1,25.04177,121.58735,5
500111070,20231017,250,18,13,1,25.04177,121.58735,5
500111070,20231017,251,18,13,1,25.04177,121.58735,5
500111070,20231017,252,18,13,1,25.04177,121.58735,5
500111070,20231017,253,18,13,1,25.04177,121.58735,5
500111070,20231017,254,18,13,1,25.04177,121.58735,5
500111070,20231017,255,18,13,1,25.04177,121.58735,5
500111070,20231017,256,18,13,1,25.04177,121.58735,5
500111070,20231017,257,18,13,1,25.04177,121.58735,5
500111070,20231017,258,18,13,1,25.04177,121.58735,5
500111070,20231017,259,18,13,1,25.04177,121.58735,5
500111070,20231017,261,18,13,1,25.04177,121.58735,5
500111070,20231017,262,18,13,1,25.04177,121.58735,5
500111070,20231017,263,18,13,1,25.04177,121.58735,5
500111070,20231017,264,18,13,1,25.04177,121.58735,5
500111070,20231017,265,18,13,1,25.04177,121.58735,5
500111070,20231017,266,18,13,1,25.04177,121.58735,5
500111070,20231017,267,18,13,1,25.04177,121.58735,5
500111070,20231017,268,18,13,1,25.04177,121.58735,5
500111070,20231017,269,18,13,1,25.04177,121.58735,5
500111070,20231017,270,18,13,1,25.04177,121.58735,5
500111070,20231017,271,18,13,1,25.04177,121.58735,5
500111070,20231017,272,18,13,1,25.04177,121.58735,5
500111070,20231017,273,18,13,1,25.04177,121.58735,5
500111070,20231017,274,18,13,1,25.04177,121.58735,5
500111070,20231017,275,18,13,1,25.04177,121.58735,5
500111070,20231017,276,18,13,1,25.04177,121.58735,5
500111070,20231017,277,18,13,1,25.04177,121.58735,5
500111070,20231017,278,18,13,1,25.04177,121.58735,5
500111070,20231017,279,18,13,1,25.04177,121.58735,5
500111070,20231017,280,18,13,1,25.04177,121.58735,5
500111070,20231017,281,18,13,1,25.04177,121.58735,5
500111070,20231017,282,18,13,1,25.04177,121.58735,5
500111070,20231017,283,18,13,1,25.04177,121.58735,5
500111070,20231017,284,18,13,1,25.04177,121.58735,5
500111070,20231017,285,18,13,1,25.04177,121.58735,5
500111070,20231017,286,18,13,1,25.04177,121.58735,5
500111070,20231017,287,18,13,1,25.04177,121.58735,5
500111070,20231017,288,18,13,1,25.04177,121.58735,5
500111070,20231017,289,18,13,1,25.04177,121.58735,5
500111070,20231017,290,18,13,1,25.04177,121.58735,5
500111070,20231017,291,18,13,1,25.04177,121.58735,5
500111070,20231017,292,18,13,1,25.04177,121.58735,5
500111070,20231017,293,18,13,1,25.04177,121.58735,5
500111070,20231017,294,18,13,1,25.04177,121.58735,5
500111070,20231017,295,18,13,1,25.04177,121.58735,5
500111070,20231017,296,18,13,1,25.04177,121.58735,5
500111070,20231017,297,18,13,1,25.04177,121.58735,5
500111070,20231017,298,18,13,1,25.04177,121.58735,5
500111070,20231017,299,18,13,1,25.04177,121.58735,5
500111070,20231017,300,18,13,1,25.04177,121.58735,5
500111070,20231017,301,18,13,1,25.04177,121.58735,5
500111070,20231017,302,18,13,1,25.04177,121.58735,5
500111070,20231017,303,18,13,1,25.04177,121.58735,5
500111070,20231017,304,18,13,1,25.04177,121.58735,5
500111070,20231017,305,18,13,1,25.04177,121.58735,5
500111070,20231017,306,18,13,1,25.04177,121.58735,5
500111070,20231017,307,18,13,1,25.04177,121.58735,5
500111070,20231017,308,18,13,1,25.04177,121.58735,5
500111070,20231017,309,18,13,1,25.04177,121.58735,5
500111070,20231017,310,18,13,1,25.04177,121.58735,5
500111070,20231017,311,18,13,1,25.04177,121.58735,5
500111070,20231017,312,18,13,1,25.04177,121.58735,5
500111070,20231017,313,18,13,1,25.04177,121.58735,5
500111070,20231017,314,18,13,1,25.04177,121.58735,5
500111070,20231017,315,18,13,1,25.04177,121.58735,5
500111070,20231017,316,18,13,1,25.04177,121.58735,5
500111070,20231017,317,18,13,1,25.04177,121.58735,5
500111070,20231017,318,18,13,1,25.04177,121.58735,5
500111070,20231017,319,18,13,1,25.04177,121.58735,5
500111070,20231017,321,18,13,1,25.04177,121.58735,5
500111070,20231017,322,18,13,1,25.04177,121.58735,5
500111070,20231017,323,18,13,1,25.04177,121.58735,5
500111070,20231017,324,18,13,1,25.04177,121.58735,5
500111070,20231017,325,18,13,1,25.04177,121.58735,5
500111070,20231017,326,18,13,1,25.04177,121.58735,5
500111070,20231017,327,18,13,1,25.04177,121.58735,5
500111070,20231017,328,18,13,1,25.04177,121.58735,5
500111070,20231017,329,18,13,1,25.04177,121.58735,5
500111070,20231017,330,18,13,1,25.04177,121.58735,5
500111070,20231017,331,18,12,1,25.04177,121.58735,6
500111070,20231017,332,18,12,1,25.04177,121.58735,6
500111070,20231017,334,18,13,1,25.04177,121.58735,5
500111070,20231017,335,18,13,1,25.04177,121.58735,5
500111070,20231017,336,18,13,1,25.04177,121.58735,5
500111070,20231017,337,18,13,1,25.04177,121.58735,5
500111070,20231017,338,18,13,1,25.04177,121.58735,5
500111070,20231017,339,18,13,1,25.04177,121.58735,5
500111070,20231017,340,18,13,1,25.04177,121.58735,5
500111070,20231017,341,18,13,1,25.04177,121.58735,5
500111070,20231017,342,18,13,1,25.04177,121.58735,5
500111070,20231017,343,18,13,1,25.04177,121.58735,5
500111070,20231017,344,18,13,1,25.04177,121.58735,5
500111070,20231017,345,18,14,1,25.04177,121.58735,4
500111070,20231017,346,18,14,1,25.04177,121.58735,4
500111070,20231017,347,18,12,1,25.04177,121.58735,6
500111070,20231017,348,18,12,1,25.04177,121.58735,6
500111070,20231017,349,18,12,1,25.04177,121.58735,6
500111070,20231017,350,18,12,1,25.04177,121.58735,6
500111070,20231017,351,18,12,1,25.04177,121.58735,6
500111070,20231017,352,18,12,1,25.04177,121.58735,6
500111070,20231017,353,18,11,1,25.04177,121.58735,7
500111070,20231017,354,18,11,1,25.04177,121.58735,7
500111070,20231017,355,18,11,1,25.04177,121.58735,7
500111070,20231017,356,18,11,1,25.04177,121.58735,7
500111070,20231017,357,18,12,1,25.04177,121.58735,6
500111070,20231017,358,18,12,1,25.04177,121.58735,6
500111070,20231017,359,18,12,1,25.04177,121.58735,6
500111070,20231017,360,18,12,1,25.04177,121.58735,6
500111070,20231017,361,18,12,1,25.04177,121.58735,6
500111070,20231017,362,18,12,1,25.04177,121.58735,6
500111070,20231017,363,18,12,1,25.04177,121.58735,6
500111070,20231017,364,18,12,1,25.04177,121.58735,6
500111070,20231017,365,18,12,1,25.04177,121.58735,6
500111070,20231017,366,18,12,1,25.04177,121.58735,6
500111070,20231017,367,18,12,1,25.04177,121.58735,6
500111070,20231017,368,18,12,1,25.04177,121.58735,6
500111070,20231017,369,18,12,1,25.04177,121.58735,6
500111070,20231017,370,18,13,1,25.04177,121.58735,5
500111070,20231017,371,18,13,1,25.04177,121.58735,5
500111070,20231017,372,18,13,1,25.04177,121.58735,5
500111070,20231017,373,18,13,1,25.04177,121.58735,5
500111070,20231017,374,18,13,1,25.04177,121.58735,5
500111070,20231017,375,18,13,1,25.04177,121.58735,5
500111070,20231017,376,18,13,1,25.04177,121.58735,5
500111070,20231017,377,18,13,1,25.04177,121.58735,5
500111070,20231017,378,18,13,1,25.04177,121.58735,5
500111070,20231017,379,18,13,1,25.04177,121.58735,5
500111070,20231017,381,18,14,1,25.04177,121.58735,4
500111070,20231017,382,18,15,1,25.04177,121.58735,3
500111070,20231017,383,18,15,1,25.04177,121.58735,3
500111070,20231017,384,18,15,1,25.04177,121.58735,3
500111070,20231017,385,18,14,1,25.04177,121.58735,4
500111070,20231017,386,18,14,1,25.04177,121.58735,4
500111070,20231017,387,18,14,1,25.04177,121.58735,4
500111070,20231017,388,18,14,1,25.04177,121.58735,4
500111070,20231017,389,18,14,1,25.04177,121.58735,4
500111070,20231017,390,18,14,1,25.04177,121.58735,4
500111070,20231017,391,18,15,1,25.04177,121.58735,3
500111070,20231017,392,18,15,1,25.04177,121.58735,3
500111070,20231017,393,18,15,1,25.04177,121.58735,3
500111070,20231017,394,18,15,1,25.04177,121.58735,3
500111070,20231017,395,18,16,1,25.04177,121.58735,2
500111070,20231017,396,18,17,1,25.04177,121.58735,1
500111070,20231017,397,18,17,1,25.04177,121.58735,1
500111070,20231017,398,18,17,1,25.04177,121.58735,1
500111070,20231017,399,18,17,1,25.04177,121.58735,1
500111070,20231017,400,18,17,1,25.04177,121.58735,1
500111070,20231017,401,18,17,1,25.04177,121.58735,1
500111070,20231017,402,18,17,1,25.04177,121.58735,1
500111070,20231017,403,18,17,1,25.04177,121.58735,1
500111070,20231017,404,18,17,1,25.04177,121.58735,1
500111070,20231017,405,18,17,1,25.04177,121.58735,1
500111070,20231017,406,18,17,1,25.04177,121.58735,1
500111070,20231017,407,18,17,1,25.04177,121.58735,1
500111070,20231017,408,18,17,1,25.04177,121.58735,1
500111070,20231017,409,18,17,1,25.04177,121.58735,1
500111070,20231017,410,18,17,1,25.04177,121.58735,1
500111070,20231017,411,18,17,1,25.04177,121.58735,1
500111070,20231017,412,18,17,1,25.04177,121.58735,1
500111070,20231017,413,18,17,1,25.04177,121.58735,1
500111070,20231017,414,18,17,1,25.04177,121.58735,1
500111070,20231017,415,18,17,1,25.04177,121.58735,1
500111070,20231017,416,18,18,1,25.04177,121.58735,0
500111070,20231017,417,18,18,1,25.04177,121.58735,0
500111070,20231017,418,18,18,1,25.04177,121.58735,0
500111070,20231017,419,18,18,1,25.04177,121.58735,0
500111070,20231017,421,18,18,1,25.04177,121.58735,0
500111070,20231017,422,18,18,1,25.04177,121.58735,0
500111070,20231017,423,18,18,1,25.04177,121.58735,0
500111070,20231017,424,18,18,1,25.04177,121.58735,0
500111070,20231017,425,18,18,1,25.04177,121.58735,0
500111070,20231017,426,18,18,1,25.04177,121.58735,0
500111070,20231017,427,18,18,1,25.04177,121.58735,0
500111070,20231017,428,18,18,1,25.04177,121.58735,0
500111070,20231017,429,18,18,1,25.04177,121.58735,0
500111070,20231017,430,18,18,1,25.04177,121.58735,0
500111070,20231017,431,18,18,1,25.04177,121.58735,0
500111070,20231017,432,18,18,1,25.04177,121.58735,0
500111070,20231017,433,18,18,1,25.04177,121.58735,0
500111070,20231017,434,18,18,1,25.04177,121.58735,0
500111070,20231017,435,18,18,1,25.04177,121.58735,0
500111070,20231017,436,18,18,1,25.04177,121.58735,0
500111070,20231017,437,18,18,1,25.04177,121.58735,0
500111070,20231017,438,18,18,1,25.04177,121.58735,0
500111070,20231017,439,18,18,1,25.04177,121.58735,0
500111070,20231017,441,18,18,1,25.04177,121.58735,0
500111070,20231017,442,18,18,1,25.04177,121.58735,0
500111070,20231017,443,18,18,1,25.04177,121.58735,0
500111070,20231017,444,18,18,1,25.04177,121.58735,0
500111070,20231017,445,18,18,1,25.04177,121.58735,0
500111070,20231017,446,18,18,1,25.04177,121.58735,0
500111070,20231017,447,18,18,1,25.04177,121.58735,0
500111070,20231017,448,18,18,1,25.04177,121.58735,0
500111070,20231017,449,18,17,1,25.04177,121.58735,1
500111070,20231017,451,18,18,1,25.04177,121.58735,0
500111070,20231017,452,18,18,1,25.04177,121.58735,0
500111070,20231017,453,18,18,1,25.04177,121.58735,0
500111070,20231017,454,18,18,1,25.04177,121.58735,0
500111070,20231017,455,18,18,1,25.04177,121.58735,0
500111070,20231017,456,18,18,1,25.04177,121.58735,0
500111070,20231017,457,18,18,1,25.04177,121.58735,0
500111070,20231017,458,18,18,1,25.04177,121.58735,0
500111070,20231017,459,18,18,1,25.04177,121.58735,0
500111070,20231017,460,18,18,1,25.04177,121.58735,0
500111070,20231017,461,18,18,1,25.04177,121.58735,0
500111070,20231017,462,18,18,1,25.04177,121.58735,0
500111070,20231017,463,18,18,1,25.04177,121.58735,0
500111070,20231017,464,18,18,1,25.04177,121.58735,0
500111070,20231017,465,18,18,1,25.04177,121.58735,0
500111070,20231017,466,18,18,1,25.04177,121.58735,0
500111070,20231017,467,18,18,1,25.04177,121.58735,0
500111070,20231017,468,18,18,1,25.04177,121.58735,0
500111070,20231017,469,18,18,1,25.04177,121.58735,0
500111070,20231017,470,18,18,1,25.04177,121.58735,0
500111070,20231017,471,18,18,1,25.04177,121.58735,0
500111070,20231017,472,18,18,1,25.04177,121.58735,0
500111070,20231017,473,18,18,1,25.04177,121.58735,0
500111070,20231017,474,18,18,1,25.04177,121.58735,0
500111070,20231017,475,18,18,1,25.04177,121.58735,0
500111070,20231017,476,18,18,1,25.04177,121.58735,0
500111070,20231017,477,18,18,1,25.04177,121.58735,0
500111070,20231017,478,18,18,1,25.04177,121.58735,0
500111070,20231017,479,18,18,1,25.04177,121.58735,0
500111070,20231017,481,18,18,1,25.04177,121.58735,0
500111070,20231017,482,18,18,1,25.04177,121.58735,0
500111070,20231017,483,18,18,1,25.04177,121.58735,0
500111070,20231017,484,18,18,1,25.04177,121.58735,0
500111070,20231017,485,18,18,1,25.04177,121.58735,0
500111070,20231017,486,18,18,1,25.04177,121.58735,0
500111070,20231017,487,18,17,1,25.04177,121.58735,1
500111070,20231017,488,18,18,1,25.04177,121.58735,0
500111070,20231017,489,18,18,1,25.04177,121.58735,0
500111070,20231017,490,18,18,1,25.04177,121.58735,0
500111070,20231017,491,18,18,1,25.04177,121.58735,0
500111070,20231017,492,18,18,1,25.04177,121.58735,0
500111070,20231017,493,18,18,1,25.04177,121.58735,0
500111070,20231017,494,18,18,1,25.04177,121.58735,0
500111070,20231017,495,18,18,1,25.04177,121.58735,0
500111070,20231017,496,18,18,1,25.04177,121.58735,0
500111070,20231017,497,18,18,1,25.04177,121.58735,0
500111070,20231017,498,18,18,1,25.04177,121.58735,0
500111070,20231017,499,18,18,1,25.04177,121.58735,0
500111070,20231017,501,18,18,1,25.04177,121.58735,0
500111070,20231017,502,18,18,1,25.04177,121.58735,0
500111070,20231017,503,18,18,1,25.04177,121.58735,0
500111070,20231017,504,18,18,1,25.04177,121.58735,0
500111070,20231017,505,18,18,1,25.04177,121.58735,0
500111070,20231017,506,18,18,1,25.04177,121.58735,0
500111070,20231017,507,18,18,1,25.04177,121.58735,0
500111070,20231017,508,18,18,1,25.04177,121.58735,0
500111070,20231017,509,18,18,1,25.04177,121.58735,0
500111070,20231017,511,18,18,1,25.04177,121.58735,0
500111070,20231017,512,18,18,1,25.04177,121.58735,0
500111070,20231017,513,18,18,1,25.04177,121.58735,0
500111070,20231017,514,18,18,1,25.04177,121.58735,0
500111070,20231017,515,18,18,1,25.04177,121.58735,0
500111070,20231017,516,18,18,1,25.04177,121.58735,0
500111070,20231017,517,18,18,1,25.04177,121.58735,0
500111070,20231017,518,18,18,1,25.04177,121.58735,0
500111070,20231017,519,18,18,1,25.04177,121.58735,0
500111070,20231017,520,18,18,1,25.04177,121.58735,0
500111070,20231017,521,18,18,1,25.04177,121.58735,0
500111070,20231017,522,18,18,1,25.04177,121.58735,0
500111070,20231017,523,18,18,1,25.04177,121.58735,0
500111070,20231017,524,18,18,1,25.04177,121.58735,0
500111070,20231017,525,18,17,1,25.04177,121.58735,1
500111070,20231017,526,18,13,1,25.04177,121.58735,5
500111070,20231017,527,18,9,1,25.04177,121.58735,9
500111070,20231017,528,18,7,1,25.04177,121.58735,11
500111070,20231017,529,18,6,1,25.04177,121.58735,12
500111070,20231017,530,18,2,1,25.04177,121.58735,16
500111070,20231017,531,18,2,1,25.04177,121.58735,16
500111070,20231017,532,18,2,1,25.04177,121.58735,16
500111070,20231017,533,18,2,1,25.04177,121.58735,16
500111070,20231017,534,18,3,1,25.04177,121.58735,15
500111070,20231017,535,18,3,1,25.04177,121.58735,15
500111070,20231017,536,18,4,1,25.04177,121.58735,14
500111070,20231017,537,18,4,1,25.04177,121.58735,14
500111070,20231017,538,18,4,1,25.04177,121.58735,14
500111070,20231017,539,18,4,1,25.04177,121.58735,14
500111070,20231017,541,18,5,1,25.04177,121.58735,13
500111070,20231017,542,18,6,1,25.04177,121.58735,12
500111070,20231017,543,18,6,1,25.04177,121.58735,12
500111070,20231017,544,18,7,1,25.04177,121.58735,11
500111070,20231017,545,18,7,1,25.04177,121.58735,11
500111070,20231017,546,18,7,1,25.04177,121.58735,11
500111070,20231017,547,18,7,1,25.04177,121.58735,11
500111070,20231017,548,18,7,1,25.04177,121.58735,11
500111070,20231017,549,18,7,1,25.04177,121.58735,11
500111070,20231017,550,18,7,1,25.04177,121.58735,11
500111070,20231017,551,18,7,1,25.04177,121.58735,11
500111070,20231017,552,18,7,1,25.04177,121.58735,11
500111070,20231017,553,18,7,1,25.04177,121.58735,11
500111070,20231017,554,18,7,1,25.04177,121.58735,11
500111070,20231017,555,18,8,1,25.04177,121.58735,10
500111070,20231017,556,18,8,1,25.04177,121.58735,10
500111070,20231017,557,18,8,1,25.04177,121.58735,10
500111070,20231017,558,18,8,1,25.04177,121.58735,10
500111070,20231017,559,18,9,1,25.04177,121.58735,9
500111070,20231017,561,18,9,1,25.04177,121.58735,9
500111070,20231017,562,18,9,1,25.04177,121.58735,9
500111070,20231017,563,18,10,1,25.04177,121.58735,8
500111070,20231017,564,18,10,1,25.04177,121.58735,8
500111070,20231017,565,18,11,1,25.04177,121.58735,7
500111070,20231017,566,18,11,1,25.04177,121.58735,7
500111070,20231017,567,18,11,1,25.04177,121.58735,7
500111070,20231017,568,18,11,1,25.04177,121.58735,7
500111070,20231017,569,18,11,1,25.04177,121.58735,7
500111070,20231017,571,18,11,1,25.04177,121.58735,7
500111070,20231017,572,18,11,1,25.04177,121.58735,7
500111070,20231017,573,18,11,1,25.04177,121.58735,7
500111070,20231017,574,18,11,1,25.04177,121.58735,7
500111070,20231017,575,18,10,1,25.04177,121.58735,8
500111070,20231017,576,18,10,1,25.04177,121.58735,8
500111070,20231017,577,18,10,1,25.04177,121.58735,8
500111070,20231017,578,18,10,1,25.04177,121.58735,8
500111070,20231017,579,18,11,1,25.04177,121.58735,7
500111070,20231017,580,18,12,1,25.04177,121.58735,6
500111070,20231017,581,18,12,1,25.04177,121.58735,6
500111070,20231017,582,18,12,1,25.04177,121.58735,6
500111070,20231017,583,18,12,1,25.04177,121.58735,6
500111070,20231017,584,18,11,1,25.04177,121.58735,7
500111070,20231017,585,18,11,1,25.04177,121.58735,7
500111070,20231017,586,18,11,1,25.04177,121.58735,7
500111070,20231017,587,18,11,1,25.04177,121.58735,7
500111070,20231017,588,18,13,1,25.04177,121.58735,5
500111070,20231017,589,18,15,1,25.04177,121.58735,3
500111070,20231017,590,18,15,1,25.04177,121.58735,3
500111070,20231017,591,18,15,1,25.04177,121.58735,3
500111070,20231017,592,18,15,1,25.04177,121.58735,3
500111070,20231017,593,18,16,1,25.04177,121.58735,2
500111070,20231017,594,18,16,1,25.04177,121.58735,2
500111070,20231017,595,18,16,1,25.04177,121.58735,2
500111070,20231017,596,18,15,1,25.04177,121.58735,3
500111070,20231017,597,18,15,1,25.04177,121.58735,3
500111070,20231017,598,18,15,1,25.04177,121.58735,3
500111070,20231017,599,18,13,1,25.04177,121.58735,5
500111070,20231017,601,18,11,1,25.04177,121.58735,7
500111070,20231017,602,18,9,1,25.04177,121.58735,9
500111070,20231017,603,18,8,1,25.04177,121.58735,10
500111070,20231017,604,18,7,1,25.04177,121.58735,11
500111070,20231017,605,18,6,1,25.04177,121.58735,12
500111070,20231017,606,18,6,1,25.04177,121.58735,12
500111070,20231017,607,18,6,1,25.04177,121.58735,12
500111070,20231017,608,18,6,1,25.04177,121.58735,12
500111070,20231017,609,18,6,1,25.04177,121.58735,12
500111070,20231017,610,18,7,1,25.04177,121.58735,11
500111070,20231017,611,18,7,1,25.04177,121.58735,11
500111070,20231017,612,18,6,1,25.04177,121.58735,12
500111070,20231017,613,18,6,1,25.04177,121.58735,12
500111070,20231017,614,18,6,1,25.04177,121.58735,12
500111070,20231017,616,18,6,1,25.04177,121.58735,12
500111070,20231017,617,18,6,1,25.04177,121.58735,12
500111070,20231017,618,18,6,1,25.04177,121.58735,12
500111070,20231017,619,18,6,1,25.04177,121.58735,12
500111070,20231017,622,18,7,1,25.04177,121.58735,11
500111070,20231017,623,18,7,1,25.04177,121.58735,11
500111070,20231017,624,18,7,1,25.04177,121.58735,11
500111070,20231017,625,18,8,1,25.04177,121.58735,10
500111070,20231017,626,18,8,1,25.04177,121.58735,10
500111070,20231017,627,18,9,1,25.04177,121.58735,9
500111070,20231017,628,18,9,1,25.04177,121.58735,9
500111070,20231017,629,18,9,1,25.04177,121.58735,9
500111070,20231017,631,18,10,1,25.04177,121.58735,8
500111070,20231017,632,18,10,1,25.04177,121.58735,8
500111070,20231017,633,18,9,1,25.04177,121.58735,9
500111070,20231017,634,18,9,1,25.04177,121.58735,9
500111070,20231017,635,18,9,1,25.04177,121.58735,9
500111070,20231017,636,18,9,1,25.04177,121.58735,9
500111070,20231017,637,18,9,1,25.04177,121.58735,9
500111070,20231017,638,18,9,1,25.04177,121.58735,9
500111070,20231017,639,18,9,1,25.04177,121.58735,9
500111070,20231017,640,18,9,1,25.04177,121.58735,9
500111070,20231017,641,18,9,1,25.04177,121.58735,9
500111070,20231017,642,18,9,1,25.04177,121.58735,9
500111070,20231017,643,18,9,1,25.04177,121.58735,9
500111070,20231017,644,18,10,1,25.04177,121.58735,8
500111070,20231017,645,18,10,1,25.04177,121.58735,8
500111070,20231017,646,18,10,1,25.04177,121.58735,8
500111070,20231017,647,18,10,1,25.04177,121.58735,8
500111070,20231017,648,18,10,1,25.04177,121.58735,8
500111070,20231017,649,18,10,1,25.04177,121.58735,8
500111070,20231017,650,18,10,1,25.04177,121.58735,8
500111070,20231017,651,18,10,1,25.04177,121.58735,8
500111070,20231017,652,18,10,1,25.04177,121.58735,8
500111070,20231017,654,18,10,1,25.04177,121.58735,8
500111070,20231017,655,18,10,1,25.04177,121.58735,8
500111070,20231017,656,18,10,1,25.04177,121.58735,8
500111070,20231017,657,18,10,1,25.04177,121.58735,8
500111070,20231017,658,18,10,1,25.04177,121.58735,8
500111070,20231017,659,18,11,1,25.04177,121.58735,7
500111070,20231017,661,18,11,1,25.04177,121.58735,7
500111070,20231017,662,18,11,1,25.04177,121.58735,7
500111070,20231017,663,18,11,1,25.04177,121.58735,7
500111070,20231017,664,18,11,1,25.04177,121.58735,7
500111070,20231017,665,18,11,1,25.04177,121.58735,7
500111070,20231017,666,18,11,1,25.04177,121.58735,7
500111070,20231017,667,18,11,1,25.04177,121.58735,7
500111070,20231017,668,18,11,1,25.04177,121.58735,7
500111070,20231017,669,18,11,1,25.04177,121.58735,7
500111070,20231017,670,18,11,1,25.04177,121.58735,7
500111070,20231017,671,18,12,1,25.04177,121.58735,6
500111070,20231017,672,18,12,1,25.04177,121.58735,6
500111070,20231017,673,18,12,1,25.04177,121.58735,6
500111070,20231017,674,18,12,1,25.04177,121.58735,6
500111070,20231017,675,18,12,1,25.04177,121.58735,6
500111070,20231017,676,18,12,1,25.04177,121.58735,6
500111070,20231017,677,18,12,1,25.04177,121.58735,6
500111070,20231017,679,18,14,1,25.04177,121.58735,4
500111070,20231017,681,18,14,1,25.04177,121.58735,4
500111070,20231017,682,18,14,1,25.04177,121.58735,4
500111070,20231017,683,18,14,1,25.04177,121.58735,4
500111070,20231017,684,18,14,1,25.04177,121.58735,4
500111070,20231017,685,18,14,1,25.04177,121.58735,4
500111070,20231017,686,18,14,1,25.04177,121.58735,4
500111070,20231017,687,18,14,1,25.04177,121.58735,4
500111070,20231017,688,18,14,1,25.04177,121.58735,4
500111070,20231017,689,18,13,1,25.04177,121.58735,5
500111070,20231017,690,18,13,1,25.04177,121.58735,5
500111070,20231017,691,18,13,1,25.04177,121.58735,5
500111070,20231017,692,18,13,1,25.04177,121.58735,5
500111070,20231017,693,18,13,1,25.04177,121.58735,5
500111070,20231017,694,18,13,1,25.04177,121.58735,5
500111070,20231017,695,18,13,1,25.04177,121.58735,5
500111070,20231017,696,18,13,1,25.04177,121.58735,5
500111070,20231017,697,18,13,1,25.04177,121.58735,5
500111070,20231017,698,18,13,1,25.04177,121.58735,5
500111070,20231017,699,18,13,1,25.04177,121.58735,5
500111070,20231017,700,18,13,1,25.04177,121.58735,5
500111070,20231017,701,18,13,1,25.04177,121.58735,5
500111070,20231017,702,18,13,1,25.04177,121.58735,5
500111070,20231017,703,18,13,1,25.04177,121.58735,5
500111070,20231017,704,18,13,1,25.04177,121.58735,5
500111070,20231017,705,18,13,1,25.04177,121.58735,5
500111070,20231017,706,18,13,1,25.04177,121.58735,5
500111070,20231017,707,18,13,1,25.04177,121.58735,5
500111070,20231017,708,18,13,1,25.04177,121.58735,5
500111070,20231017,709,18,13,1,25.04177,121.58735,5
500111070,20231017,710,18,13,1,25.04177,121.58735,5
500111070,20231017,711,18,12,1,25.04177,121.58735,6
500111070,20231017,712,18,13,1,25.04177,121.58735,5
500111070,20231017,713,18,13,1,25.04177,121.58735,5
500111070,20231017,714,18,13,1,25.04177,121.58735,5
500111070,20231017,715,18,13,1,25.04177,121.58735,5
500111070,20231017,716,18,13,1,25.04177,121.58735,5
500111070,20231017,717,18,13,1,25.04177,121.58735,5
500111070,20231017,718,18,13,1,25.04177,121.58735,5
500111070,20231017,719,18,13,1,25.04177,121.58735,5
500111070,20231017,721,18,13,1,25.04177,121.58735,5
500111070,20231017,722,18,14,1,25.04177,121.58735,4
500111070,20231017,723,18,14,1,25.04177,121.58735,4
500111070,20231017,724,18,14,1,25.04177,121.58735,4
500111070,20231017,725,18,14,1,25.04177,121.58735,4
500111070,20231017,726,18,14,1,25.04177,121.58735,4
500111070,20231017,727,18,14,1,25.04177,121.58735,4
500111070,20231017,728,18,14,1,25.04177,121.58735,4
500111070,20231017,729,18,13,1,25.04177,121.58735,5
500111070,20231017,730,18,13,1,25.04177,121.58735,5
500111070,20231017,731,18,13,1,25.04177,121.58735,5
500111070,20231017,732,18,14,1,25.04177,121.58735,4
500111070,20231017,733,18,14,1,25.04177,121.58735,4
500111070,20231017,734,18,14,1,25.04177,121.58735,4
500111070,20231017,735,18,14,1,25.04177,121.58735,4
500111070,20231017,736,18,13,1,25.04177,121.58735,5
500111070,20231017,737,18,13,1,25.04177,121.58735,5
500111070,20231017,738,18,13,1,25.04177,121.58735,5
500111070,20231017,739,18,14,1,25.04177,121.58735,4
500111070,20231017,741,18,14,1,25.04177,121.58735,4
500111070,20231017,742,18,14,1,25.04177,121.58735,4
500111070,20231017,743,18,14,1,25.04177,121.58735,4
500111070,20231017,744,18,15,1,25.04177,121.58735,3
500111070,20231017,745,18,15,1,25.04177,121.58735,3
500111070,20231017,746,18,15,1,25.04177,121.58735,3
500111070,20231017,747,18,15,1,25.04177,121.58735,3
500111070,20231017,748,18,14,1,25.04177,121.58735,4
500111070,20231017,749,18,14,1,25.04177,121.58735,4
500111070,20231017,751,18,14,1,25.04177,121.58735,4
500111070,20231017,752,18,14,1,25.04177,121.58735,4
500111070,20231017,753,18,14,1,25.04177,121.58735,4
500111070,20231017,754,18,14,1,25.04177,121.58735,4
500111070,20231017,755,18,14,1,25.04177,121.58735,4
500111070,20231017,756,18,14,1,25.04177,121.58735,4
500111070,20231017,757,18,14,1,25.04177,121.58735,4
500111070,20231017,758,18,14,1,25.04177,121.58735,4
500111070,20231017,759,18,14,1,25.04177,121.58735,4
500111070,20231017,760,18,14,1,25.04177,121.58735,4
500111070,20231017,761,18,14,1,25.04177,121.58735,4
500111070,20231017,762,18,14,1,25.04177,121.58735,4
500111070,20231017,763,18,14,1,25.04177,121.58735,4
500111070,20231017,764,18,14,1,25.04177,121.58735,4
500111070,20231017,765,18,14,1,25.04177,121.58735,4
500111070,20231017,766,18,15,1,25.04177,121.58735,3
500111070,20231017,767,18,15,1,25.04177,121.58735,3
500111070,20231017,768,18,15,1,25.04177,121.58735,3
500111070,20231017,769,18,15,1,25.04177,121.58735,3
500111070,20231017,770,18,15,1,25.04177,121.58735,3
500111070,20231017,771,18,15,1,25.04177,121.58735,3
500111070,20231017,772,18,15,1,25.04177,121.58735,3
500111070,20231017,773,18,15,1,25.04177,121.58735,3
500111070,20231017,774,18,15,1,25.04177,121.58735,3
500111070,20231017,775,18,15,1,25.04177,121.58735,3
500111070,20231017,776,18,15,1,25.04177,121.58735,3
500111070,20231017,777,18,15,1,25.04177,121.58735,3
500111070,20231017,778,18,15,1,25.04177,121.58735,3
500111070,20231017,779,18,15,1,25.04177,121.58735,3
500111070,20231017,781,18,16,1,25.04177,121.58735,2
500111070,20231017,782,18,16,1,25.04177,121.58735,2
500111070,20231017,783,18,16,1,25.04177,121.58735,2
500111070,20231017,784,18,16,1,25.04177,121.58735,2
500111070,20231017,785,18,16,1,25.04177,121.58735,2
500111070,20231017,786,18,16,1,25.04177,121.58735,2
500111070,20231017,787,18,16,1,25.04177,121.58735,2
500111070,20231017,788,18,16,1,25.04177,121.58735,2
500111070,20231017,789,18,16,1,25.04177,121.58735,2
500111070,20231017,790,18,16,1,25.04177,121.58735,2
500111070,20231017,791,18,16,1,25.04177,121.58735,2
500111070,20231017,792,18,16,1,25.04177,121.58735,2
500111070,20231017,793,18,16,1,25.04177,121.58735,2
500111070,20231017,794,18,17,1,25.04177,121.58735,1
500111070,20231017,795,18,18,1,25.04177,121.58735,0
500111070,20231017,796,18,18,1,25.04177,121.58735,0
500111070,20231017,797,18,18,1,25.04177,121.58735,0
500111070,20231017,798,18,18,1,25.04177,121.58735,0
500111070,20231017,799,18,18,1,25.04177,121.58735,0
500111070,20231017,801,18,18,1,25.04177,121.58735,0
500111070,20231017,802,18,18,1,25.04177,121.58735,0
500111070,20231017,803,18,18,1,25.04177,121.58735,0
500111070,20231017,804,18,18,1,25.04177,121.58735,0
500111070,20231017,805,18,17,1,25.04177,121.58735,1
500111070,20231017,806,18,17,1,25.04177,121.58735,1
500111070,20231017,807,18,17,1,25.04177,121.58735,1
500111070,20231017,808,18,17,1,25.04177,121.58735,1
500111070,20231017,809,18,17,1,25.04177,121.58735,1
500111070,20231017,811,18,17,1,25.04177,121.58735,1
500111070,20231017,812,18,17,1,25.04177,121.58735,1
500111070,20231017,813,18,17,1,25.04177,121.58735,1
500111070,20231017,814,18,17,1,25.04177,121.58735,1
500111070,20231017,815,18,17,1,25.04177,121.58735,1
500111070,20231017,816,18,17,1,25.04177,121.58735,1
500111070,20231017,817,18,17,1,25.04177,121.58735,1
500111070,20231017,818,18,17,1,25.04177,121.58735,1
500111070,20231017,819,18,17,1,25.04177,121.58735,1
500111070,20231017,820,18,17,1,25.04177,121.58735,1
500111070,20231017,821,18,17,1,25.04177,121.58735,1
500111070,20231017,822,18,17,1,25.04177,121.58735,1
500111070,20231017,823,18,17,1,25.04177,121.58735,1
500111070,20231017,824,18,17,1,25.04177,121.58735,1
500111070,20231017,825,18,17,1,25.04177,121.58735,1
500111070,20231017,826,18,17,1,25.04177,121.58735,1
500111070,20231017,827,18,17,1,25.04177,121.58735,1
500111070,20231017,828,18,17,1,25.04177,121.58735,1
500111070,20231017,829,18,17,1,25.04177,121.58735,1
500111070,20231017,830,18,17,1,25.04177,121.58735,1
500111070,20231017,831,18,17,1,25.04177,121.58735,1
500111070,20231017,832,18,17,1,25.04177,121.58735,1
500111070,20231017,833,18,18,1,25.04177,121.58735,0
500111070,20231017,834,18,18,1,25.04177,121.58735,0
500111070,20231017,835,18,18,1,25.04177,121.58735,0
500111070,20231017,836,18,18,1,25.04177,121.58735,0
500111070,20231017,837,18,18,1,25.04177,121.58735,0
500111070,20231017,838,18,18,1,25.04177,121.58735,0
500111070,20231017,839,18,18,1,25.04177,121.58735,0
500111070,20231017,841,18,18,1,25.04177,121.58735,0
500111070,20231017,842,18,18,1,25.04177,121.58735,0
500111070,20231017,843,18,18,1,25.04177,121.58735,0
500111070,20231017,844,18,18,1,25.04177,121.58735,0
500111070,20231017,845,18,18,1,25.04177,121.58735,0
500111070,20231017,846,18,18,1,25.04177,121.58735,0
500111070,20231017,847,18,18,1,25.04177,121.58735,0
500111070,20231017,848,18,18,1,25.04177,121.58735,0
500111070,20231017,849,18,18,1,25.04177,121.58735,0
500111070,20231017,850,18,17,1,25.04177,121.58735,1
500111070,20231017,851,18,17,1,25.04177,121.58735,1
500111070,20231017,852,18,17,1,25.04177,121.58735,1
500111070,20231017,853,18,17,1,25.04177,121.58735,1
500111070,20231017,854,18,17,1,25.04177,121.58735,1
500111070,20231017,855,18,17,1,25.04177,121.58735,1
500111070,20231017,856,18,17,1,25.04177,121.58735,1
500111070,20231017,857,18,17,1,25.04177,121.58735,1
500111070,20231017,858,18,17,1,25.04177,121.58735,1
500111070,20231017,859,18,17,1,25.04177,121.58735,1
500111070,20231017,861,18,17,1,25.04177,121.58735,1
500111070,20231017,862,18,17,1,25.04177,121.58735,1
500111070,20231017,863,18,17,1,25.04177,121.58735,1
500111070,20231017,864,18,17,1,25.04177,121.58735,1
500111070,20231017,865,18,17,1,25.04177,121.58735,1
500111070,20231017,866,18,17,1,25.04177,121.58735,1
500111070,20231017,867,18,17,1,25.04177,121.58735,1
500111070,20231017,868,18,17,1,25.04177,121.58735,1
500111070,20231017,869,18,17,1,25.04177,121.58735,1
500111070,20231017,870,18,17,1,25.04177,121.58735,1
500111070,20231017,871,18,17,1,25.04177,121.58735,1
500111070,20231017,872,18,17,1,25.04177,121.58735,1
500111070,20231017,873,18,17,1,25.04177,121.58735,1
500111070,20231017,874,18,17,1,25.04177,121.58735,1
500111070,20231017,875,18,17,1,25.04177,121.58735,1
500111070,20231017,876,18,17,1,25.04177,121.58735,1
500111070,20231017,877,18,17,1,25.04177,121.58735,1
500111070,20231017,878,18,17,1,25.04177,121.58735,1
500111070,20231017,879,18,17,1,25.04177,121.58735,1
500111070,20231017,880,18,17,1,25.04177,121.58735,1
500111070,20231017,881,18,17,1,25.04177,121.58735,1
500111070,20231017,882,18,17,1,25.04177,121.58735,1
500111070,20231017,883,18,18,1,25.04177,121.58735,0
500111070,20231017,884,18,18,1,25.04177,121.58735,0
500111070,20231017,885,18,18,1,25.04177,121.58735,0
500111070,20231017,886,18,18,1,25.04177,121.58735,0
500111070,20231017,887,18,18,1,25.04177,121.58735,0
500111070,20231017,888,18,18,1,25.04177,121.58735,0
500111070,20231017,889,18,18,1,25.04177,121.58735,0
500111070,20231017,890,18,18,1,25.04177,121.58735,0
500111070,20231017,891,18,18,1,25.04177,121.58735,0
500111070,20231017,892,18,18,1,25.04177,121.58735,0
500111070,20231017,893,18,18,1,25.04177,121.58735,0
500111070,20231017,894,18,18,1,25.04177,121.58735,0
500111070,20231017,895,18,18,1,25.04177,121.58735,0
500111070,20231017,896,18,18,1,25.04177,121.58735,0
500111070,20231017,897,18,18,1,25.04177,121.58735,0
500111070,20231017,898,18,18,1,25.04177,121.58735,0
500111070,20231017,899,18,18,1,25.04177,121.58735,0
500111070,20231017,901,18,18,1,25.04177,121.58735,0
500111070,20231017,902,18,18,1,25.04177,121.58735,0
500111070,20231017,904,18,18,1,25.04177,121.58735,0
500111070,20231017,905,18,18,1,25.04177,121.58735,0
500111070,20231017,906,18,18,1,25.04177,121.58735,0
500111070,20231017,907,18,18,1,25.04177,121.58735,0
500111070,20231017,908,18,18,1,25.04177,121.58735,0
500111070,20231017,909,18,18,1,25.04177,121.58735,0
500111070,20231017,910,18,17,1,25.04177,121.58735,1
500111070,20231017,911,18,17,1,25.04177,121.58735,1
500111070,20231017,912,18,17,1,25.04177,121.58735,1
500111070,20231017,913,18,17,1,25.04177,121.58735,1
500111070,20231017,914,18,17,1,25.04177,121.58735,1
500111070,20231017,915,18,17,1,25.04177,121.58735,1
500111070,20231017,916,18,17,1,25.04177,121.58735,1
500111070,20231017,917,18,17,1,25.04177,121.58735,1
500111070,20231017,918,18,17,1,25.04177,121.58735,1
500111070,20231017,919,18,17,1,25.04177,121.58735,1
500111070,20231017,921,18,17,1,25.04177,121.58735,1
500111070,20231017,922,18,17,1,25.04177,121.58735,1
500111070,20231017,923,18,17,1,25.04177,121.58735,1
500111070,20231017,924,18,17,1,25.04177,121.58735,1
500111070,20231017,925,18,17,1,25.04177,121.58735,1
500111070,20231017,926,18,17,1,25.04177,121.58735,1
500111070,20231017,927,18,17,1,25.04177,121.58735,1
500111070,20231017,928,18,17,1,25.04177,121.58735,1
500111070,20231017,929,18,17,1,25.04177,121.58735,1
500111070,20231017,930,18,17,1,25.04177,121.58735,1
500111070,20231017,931,18,17,1,25.04177,121.58735,1
500111070,20231017,932,18,17,1,25.04177,121.58735,1
500111070,20231017,933,18,18,1,25.04177,121.58735,0
500111070,20231017,934,18,18,1,25.04177,121.58735,0
500111070,20231017,935,18,18,1,25.04177,121.58735,0
500111070,20231017,936,18,18,1,25.04177,121.58735,0
500111070,20231017,937,18,18,1,25.04177,121.58735,0
500111070,20231017,938,18,18,1,25.04177,121.58735,0
500111070,20231017,939,18,18,1,25.04177,121.58735,0
500111070,20231017,940,18,18,1,25.04177,121.58735,0
500111070,20231017,941,18,18,1,25.04177,121.58735,0
500111070,20231017,942,18,18,1,25.04177,121.58735,0
500111070,20231017,943,18,18,1,25.04177,121.58735,0
500111070,20231017,944,18,18,1,25.04177,121.58735,0
500111070,20231017,945,18,18,1,25.04177,121.58735,0
500111070,20231017,946,18,18,1,25.04177,121.58735,0
500111070,20231017,947,18,18,1,25.04177,121.58735,0
500111070,20231017,948,18,18,1,25.04177,121.58735,0
500111070,20231017,949,18,18,1,25.04177,121.58735,0
500111070,20231017,950,18,18,1,25.04177,121.58735,0
500111070,20231017,951,18,18,1,25.04177,121.58735,0
500111070,20231017,952,18,18,1,25.04177,121.58735,0
500111070,20231017,953,18,18,1,25.04177,121.58735,0
500111070,20231017,954,18,18,1,25.04177,121.58735,0
500111070,20231017,955,18,18,1,25.04177,121.58735,0
500111070,20231017,956,18,18,1,25.04177,121.58735,0
500111070,20231017,957,18,18,1,25.04177,121.58735,0
500111070,20231017,958,18,18,1,25.04177,121.58735,0
500111070,20231017,959,18,18,1,25.04177,121.58735,0
500111070,20231017,961,18,18,1,25.04177,121.58735,0
500111070,20231017,962,18,18,1,25.04177,121.58735,0
500111070,20231017,963,18,18,1,25.04177,121.58735,0
500111070,20231017,964,18,18,1,25.04177,121.58735,0
500111070,20231017,965,18,18,1,25.04177,121.58735,0
500111070,20231017,966,18,18,1,25.04177,121.58735,0
500111070,20231017,967,18,18,1,25.04177,121.58735,0
500111070,20231017,968,18,18,1,25.04177,121.58735,0
500111070,20231017,969,18,18,1,25.04177,121.58735,0
500111070,20231017,971,18,18,1,25.04177,121.58735,0
500111070,20231017,972,18,18,1,25.04177,121.58735,0
500111070,20231017,973,18,18,1,25.04177,121.58735,0
500111070,20231017,974,18,18,1,25.04177,121.58735,0
500111070,20231017,975,18,18,1,25.04177,121.58735,0
500111070,20231017,977,18,18,1,25.04177,121.58735,0
500111070,20231017,978,18,18,1,25.04177,121.58735,0
500111070,20231017,979,18,18,1,25.04177,121.58735,0
500111070,20231017,981,18,18,1,25.04177,121.58735,0
500111070,20231017,982,18,18,1,25.04177,121.58735,0
500111070,20231017,983,18,17,1,25.04177,121.58735,1
500111070,20231017,984,18,17,1,25.04177,121.58735,1
500111070,20231017,985,18,17,1,25.04177,121.58735,1
500111070,20231017,986,18,17,1,25.04177,121.58735,1
500111070,20231017,987,18,17,1,25.04177,121.58735,1
500111070,20231017,988,18,17,1,25.04177,121.58735,1
500111070,20231017,989,18,18,1,25.04177,121.58735,0
500111070,20231017,991,18,18,1,25.04177,121.58735,0
500111070,20231017,992,18,18,1,25.04177,121.58735,0
500111070,20231017,993,18,18,1,25.04177,121.58735,0
500111070,20231017,994,18,17,1,25.04177,121.58735,1
500111070,20231017,995,18,17,1,25.04177,121.58735,1
500111070,20231017,996,18,17,1,25.04177,121.58735,1
500111070,20231017,997,18,17,1,25.04177,121.58735,1
500111070,20231017,998,18,17,1,25.04177,121.58735,1
500111070,20231017,999,18,17,1,25.04177,121.58735,1
500111070,20231017,1001,18,17,1,25.04177,121.58735,1
500111070,20231017,1002,18,16,1,25.04177,121.58735,2
500111070,20231017,1003,18,16,1,25.04177,121.58735,2
500111070,20231017,1004,18,16,1,25.04177,121.58735,2
500111070,20231017,1005,18,16,1,25.04177,121.58735,2
500111070,20231017,1006,18,16,1,25.04177,121.58735,2
500111070,20231017,1007,18,16,1,25.04177,121.58735,2
500111070,20231017,1008,18,16,1,25.04177,121.58735,2
500111070,20231017,1009,18,17,1,25.04177,121.58735,1
500111070,20231017,1010,18,17,1,25.04177,121.58735,1
500111070,20231017,1011,18,17,1,25.04177,121.58735,1
500111070,20231017,1012,18,17,1,25.04177,121.58735,1
500111070,20231017,1013,18,17,1,25.04177,121.58735,1
500111070,20231017,1015,18,17,1,25.04177,121.58735,1
500111070,20231017,1016,18,17,1,25.04177,121.58735,1
500111070,20231017,1017,18,16,1,25.04177,121.58735,2
500111070,20231017,1018,18,16,1,25.04177,121.58735,2
500111070,20231017,1019,18,15,1,25.04177,121.58735,3
500111070,20231017,1021,18,15,1,25.04177,121.58735,3
500111070,20231017,1022,18,15,1,25.04177,121.58735,3
500111070,20231017,1023,18,14,1,25.04177,121.58735,4
500111070,20231017,1025,18,14,1,25.04177,121.58735,4
500111070,20231017,1026,18,14,1,25.04177,121.58735,4
500111070,20231017,1027,18,15,1,25.04177,121.58735,3
500111070,20231017,1028,18,15,1,25.04177,121.58735,3
500111070,20231017,1029,18,15,1,25.04177,121.58735,3
500111070,20231017,1030,18,17,1,25.04177,121.58735,1
500111070,20231017,1031,18,16,1,25.04177,121.58735,2
500111070,20231017,1032,18,16,1,25.04177,121.58735,2
500111070,20231017,1033,18,16,1,25.04177,121.58735,2
500111070,20231017,1034,18,16,1,25.04177,121.58735,2
500111070,20231017,1035,18,16,1,25.04177,121.58735,2
500111070,20231017,1036,18,16,1,25.04177,121.58735,2
500111070,20231017,1037,18,16,1,25.04177,121.58735,2
500111070,20231017,1038,18,17,1,25.04177,121.58735,1
500111070,20231017,1039,18,17,1,25.04177,121.58735,1
500111070,20231017,1041,18,18,1,25.04177,121.58735,0
500111070,20231017,1042,18,18,1,25.04177,121.58735,0
500111070,20231017,1043,18,18,1,25.04177,121.58735,0
500111070,20231017,1044,18,18,1,25.04177,121.58735,0
500111070,20231017,1045,18,18,1,25.04177,121.58735,0
500111070,20231017,1046,18,18,1,25.04177,121.58735,0
500111070,20231017,1047,18,18,1,25.04177,121.58735,0
500111070,20231017,1048,18,17,1,25.04177,121.58735,1
500111070,20231017,1049,18,16,1,25.04177,121.58735,2
500111070,20231017,1051,18,15,1,25.04177,121.58735,3
500111070,20231017,1052,18,15,1,25.04177,121.58735,3
500111070,20231017,1053,18,15,1,25.04177,121.58735,3
500111070,20231017,1054,18,15,1,25.04177,121.58735,3
500111070,20231017,1055,18,15,1,25.04177,121.58735,3
500111070,20231017,1056,18,15,1,25.04177,121.58735,3
500111070,20231017,1057,18,15,1,25.04177,121.58735,3
500111070,20231017,1058,18,14,1,25.04177,121.58735,4
500111070,20231017,1059,18,14,1,25.04177,121.58735,4
500111070,20231017,1060,18,15,1,25.04177,121.58735,3
500111070,20231017,1061,18,15,1,25.04177,121.58735,3
500111070,20231017,1062,18,14,1,25.04177,121.58735,4
500111070,20231017,1063,18,14,1,25.04177,121.58735,4
500111070,20231017,1064,18,14,1,25.04177,121.58735,4
500111070,20231017,1065,18,14,1,25.04177,121.58735,4
500111070,20231017,1066,18,14,1,25.04177,121.58735,4
500111070,20231017,1067,18,14,1,25.04177,121.58735,4
500111070,20231017,1068,18,12,1,25.04177,121.58735,6
500111070,20231017,1069,18,12,1,25.04177,121.58735,6
500111070,20231017,1070,18,12,1,25.04177,121.58735,6
500111070,20231017,1071,18,10,1,25.04177,121.58735,8
500111070,20231017,1072,18,7,1,25.04177,121.58735,11
500111070,20231017,1073,18,7,1,25.04177,121.58735,11
500111070,20231017,1074,18,8,1,25.04177,121.58735,10
500111070,20231017,1075,18,8,1,25.04177,121.58735,10
500111070,20231017,1076,18,6,1,25.04177,121.58735,12
500111070,20231017,1077,18,6,1,25.04177,121.58735,12
500111070,20231017,1078,18,6,1,25.04177,121.58735,12
500111070,20231017,1079,18,3,1,25.04177,121.58735,15
500111070,20231017,1081,18,2,1,25.04177,121.58735,16
500111070,20231017,1082,18,2,1,25.04177,121.58735,16
500111070,20231017,1083,18,1,1,25.04177,121.58735,17
500111070,20231017,1084,18,1,1,25.04177,121.58735,17
500111070,20231017,1085,18,1,1,25.04177,121.58735,17
500111070,20231017,1086,18,1,1,25.04177,121.58735,17
500111070,20231017,1087,18,0,1,25.04177,121.58735,18
500111070,20231017,1088,18,0,1,25.04177,121.58735,18
500111070,20231017,1089,18,0,1,25.04177,121.58735,18
500111070,20231017,1090,18,0,1,25.04177,121.58735,18
500111070,20231017,1091,18,0,1,25.04177,121.58735,18
500111070,20231017,1092,18,0,1,25.04177,121.58735,18
500111070,20231017,1093,18,0,1,25.04177,121.58735,18
500111070,20231017,1094,18,0,1,25.04177,121.58735,18
500111070,20231017,1095,18,0,1,25.04177,121.58735,18
500111070,20231017,1096,18,0,1,25.04177,121.58735,18
500111070,20231017,1097,18,0,1,25.04177,121.58735,18
500111070,20231017,1098,18,0,1,25.04177,121.58735,18
500111070,20231017,1099,18,0,1,25.04177,121.58735,18
500111070,20231017,1101,18,0,1,25.04177,121.58735,18
500111070,20231017,1102,18,0,1,25.04177,121.58735,18
500111070,20231017,1103,18,0,1,25.04177,121.58735,18
500111070,20231017,1104,18,0,1,25.04177,121.58735,18
500111070,20231017,1105,18,0,1,25.04177,121.58735,18
500111070,20231017,1106,18,0,1,25.04177,121.58735,18
500111070,20231017,1107,18,0,1,25.04177,121.58735,18
500111070,20231017,1108,18,0,1,25.04177,121.58735,18
500111070,20231017,1109,18,1,1,25.04177,121.58735,17
500111070,20231017,1111,18,0,1,25.04177,121.58735,18
500111070,20231017,1112,18,0,1,25.04177,121.58735,18
500111070,20231017,1113,18,1,1,25.04177,121.58735,17
500111070,20231017,1114,18,1,1,25.04177,121.58735,17
500111070,20231017,1115,18,1,1,25.04177,121.58735,17
500111070,20231017,1116,18,0,1,25.04177,121.58735,18
500111070,20231017,1117,18,0,1,25.04177,121.58735,18
500111070,20231017,1118,18,0,1,25.04177,121.58735,18
500111070,20231017,1119,18,0,1,25.04177,121.58735,18
500111070,20231017,1120,18,0,1,25.04177,121.58735,18
500111070,20231017,1121,18,0,1,25.04177,121.58735,18
500111070,20231017,1122,18,0,1,25.04177,121.58735,18
500111070,20231017,1123,18,1,1,25.04177,121.58735,17
500111070,20231017,1124,18,1,1,25.04177,121.58735,17
500111070,20231017,1125,18,1,1,25.04177,121.58735,17
500111070,20231017,1126,18,1,1,25.04177,121.58735,17
500111070,20231017,1127,18,1,1,25.04177,121.58735,17
500111070,20231017,1128,18,1,1,25.04177,121.58735,17
500111070,20231017,1129,18,0,1,25.04177,121.58735,18
500111070,20231017,1130,18,3,1,25.04177,121.58735,15
500111070,20231017,1131,18,3,1,25.04177,121.58735,15
500111070,20231017,1132,18,3,1,25.04177,121.58735,15
500111070,20231017,1133,18,3,1,25.04177,121.58735,15
500111070,20231017,1134,18,3,1,25.04177,121.58735,15
500111070,20231017,1135,18,3,1,25.04177,121.58735,15
500111070,20231017,1136,18,3,1,25.04177,121.58735,15
500111070,20231017,1137,18,3,1,25.04177,121.58735,15
500111070,20231017,1138,18,3,1,25.04177,121.58735,15
500111070,20231017,1139,18,3,1,25.04177,121.58735,15
500111070,20231017,1141,18,3,1,25.04177,121.58735,15
500111070,20231017,1142,18,3,1,25.04177,121.58735,15
500111070,20231017,1143,18,2,1,25.04177,121.58735,16
500111070,20231017,1144,18,2,1,25.04177,121.58735,16
500111070,20231017,1145,18,2,1,25.04177,121.58735,16
500111070,20231017,1146,18,2,1,25.04177,121.58735,16
500111070,20231017,1147,18,2,1,25.04177,121.58735,16
500111070,20231017,1148,18,2,1,25.04177,121.58735,16
500111070,20231017,1149,18,1,1,25.04177,121.58735,17
500111070,20231017,1150,18,1,1,25.04177,121.58735,17
500111070,20231017,1151,18,1,1,25.04177,121.58735,17
500111070,20231017,1152,18,1,1,25.04177,121.58735,17
500111070,20231017,1153,18,1,1,25.04177,121.58735,17
500111070,20231017,1154,18,0,1,25.04177,121.58735,18
500111070,20231017,1155,18,0,1,25.04177,121.58735,18
500111070,20231017,1156,18,0,1,25.04177,121.58735,18
500111070,20231017,1157,18,0,1,25.04177,121.58735,18
500111070,20231017,1158,18,0,1,25.04177,121.58735,18
500111070,20231017,1159,18,1,1,25.04177,121.58735,17
500111070,20231017,1161,18,1,1,25.04177,121.58735,17
500111070,20231017,1162,18,1,1,25.04177,121.58735,17
500111070,20231017,1163,18,1,1,25.04177,121.58735,17
500111070,20231017,1164,18,3,1,25.04177,121.58735,15
500111070,20231017,1165,18,3,1,25.04177,121.58735,15
500111070,20231017,1166,18,3,1,25.04177,121.58735,15
500111070,20231017,1167,18,3,1,25.04177,121.58735,15
500111070,20231017,1168,18,3,1,25.04177,121.58735,15
500111070,20231017,1169,18,2,1,25.04177,121.58735,16
500111070,20231017,1171,18,2,1,25.04177,121.58735,16
500111070,20231017,1172,18,2,1,25.04177,121.58735,16
500111070,20231017,1173,18,2,1,25.04177,121.58735,16
500111070,20231017,1174,18,2,1,25.04177,121.58735,16
500111070,20231017,1175,18,2,1,25.04177,121.58735,16
500111070,20231017,1176,18,2,1,25.04177,121.58735,16
500111070,20231017,1177,18,2,1,25.04177,121.58735,16
500111070,20231017,1178,18,2,1,25.04177,121.58735,16
500111070,20231017,1179,18,2,1,25.04177,121.58735,16
500111070,20231017,1180,18,2,1,25.04177,121.58735,16
500111070,20231017,1181,18,2,1,25.04177,121.58735,16
500111070,20231017,1182,18,2,1,25.04177,121.58735,16
500111070,20231017,1183,18,2,1,25.04177,121.58735,16
500111070,20231017,1184,18,2,1,25.04177,121.58735,16
500111070,20231017,1185,18,1,1,25.04177,121.58735,17
500111070,20231017,1186,18,1,1,25.04177,121.58735,17
500111070,20231017,1187,18,0,1,25.04177,121.58735,18
500111070,20231017,1188,18,0,1,25.04177,121.58735,18
500111070,20231017,1190,18,0,1,25.04177,121.58735,18
500111070,20231017,1191,18,0,1,25.04177,121.58735,18
500111070,20231017,1192,18,0,1,25.04177,121.58735,18
500111070,20231017,1193,18,0,1,25.04177,121.58735,18
500111070,20231017,1194,18,0,1,25.04177,121.58735,18
500111070,20231017,1195,18,0,1,25.04177,121.58735,18
500111070,20231017,1196,18,1,1,25.04177,121.58735,17
500111070,20231017,1197,18,1,1,25.04177,121.58735,17
500111070,20231017,1198,18,1,1,25.04177,121.58735,17
500111070,20231017,1199,18,1,1,25.04177,121.58735,17
500111070,20231017,1201,18,1,1,25.04177,121.58735,17
500111070,20231017,1202,18,1,1,25.04177,121.58735,17
500111070,20231017,1203,18,1,1,25.04177,121.58735,17
500111070,20231017,1204,18,2,1,25.04177,121.58735,16
500111070,20231017,1205,18,2,1,25.04177,121.58735,16
500111070,20231017,1206,18,2,1,25.04177,121.58735,16
500111070,20231017,1207,18,2,1,25.04177,121.58735,16
500111070,20231017,1208,18,3,1,25.04177,121.58735,15
500111070,20231017,1209,18,5,1,25.04177,121.58735,13
500111070,20231017,1210,18,6,1,25.04177,121.58735,12
500111070,20231017,1211,18,8,1,25.04177,121.58735,10
500111070,20231017,1212,18,8,1,25.04177,121.58735,10
500111070,20231017,1213,18,8,1,25.04177,121.58735,10
500111070,20231017,1214,18,7,1,25.04177,121.58735,11
500111070,20231017,1215,18,8,1,25.04177,121.58735,10
500111070,20231017,1216,18,8,1,25.04177,121.58735,10
500111070,20231017,1217,18,8,1,25.04177,121.58735,10
500111070,20231017,1218,18,8,1,25.04177,121.58735,10
500111070,20231017,1219,18,8,1,25.04177,121.58735,10
500111070,20231017,1221,18,8,1,25.04177,121.58735,10
500111070,20231017,1222,18,8,1,25.04177,121.58735,10
500111070,20231017,1223,18,8,1,25.04177,121.58735,10
500111070,20231017,1224,18,8,1,25.04177,121.58735,10
500111070,20231017,1225,18,8,1,25.04177,121.58735,10
500111070,20231017,1226,18,8,1,25.04177,121.58735,10
500111070,20231017,1227,18,8,1,25.04177,121.58735,10
500111070,20231017,1228,18,7,1,25.04177,121.58735,11
500111070,20231017,1229,18,7,1,25.04177,121.58735,11
500111070,20231017,1231,18,6,1,25.04177,121.58735,12
500111070,20231017,1232,18,6,1,25.04177,121.58735,12
500111070,20231017,1233,18,6,1,25.04177,121.58735,12
500111070,20231017,1234,18,6,1,25.04177,121.58735,12
500111070,20231017,1235,18,5,1,25.04177,121.58735,13
500111070,20231017,1236,18,5,1,25.04177,121.58735,13
500111070,20231017,1237,18,5,1,25.04177,121.58735,13
500111070,20231017,1238,18,5,1,25.04177,121.58735,13
500111070,20231017,1239,18,5,1,25.04177,121.58735,13
500111070,20231017,1240,18,5,1,25.04177,121.58735,13
500111070,20231017,1241,18,5,1,25.04177,121.58735,13
500111070,20231017,1242,18,5,1,25.04177,121.58735,13
500111070,20231017,1243,18,5,1,25.04177,121.58735,13
500111070,20231017,1244,18,5,1,25.04177,121.58735,13
500111070,20231017,1245,18,5,1,25.04177,121.58735,13
500111070,20231017,1246,18,5,1,25.04177,121.58735,13
500111070,20231017,1247,18,6,1,25.04177,121.58735,12
500111070,20231017,1248,18,5,1,25.04177,121.58735,13
500111070,20231017,1249,18,4,1,25.04177,121.58735,14
500111070,20231017,1250,18,5,1,25.04177,121.58735,13
500111070,20231017,1251,18,4,1,25.04177,121.58735,14
500111070,20231017,1252,18,5,1,25.04177,121.58735,13
500111070,20231017,1253,18,5,1,25.04177,121.58735,13
500111070,20231017,1254,18,5,1,25.04177,121.58735,13
500111070,20231017,1255,18,5,1,25.04177,121.58735,13
500111070,20231017,1256,18,5,1,25.04177,121.58735,13
500111070,20231017,1257,18,4,1,25.04177,121.58735,14
500111070,20231017,1258,18,3,1,25.04177,121.58735,15
500111070,20231017,1259,18,3,1,25.04177,121.58735,15
500111070,20231017,1261,18,4,1,25.04177,121.58735,14
500111070,20231017,1262,18,4,1,25.04177,121.58735,14
500111070,20231017,1263,18,3,1,25.04177,121.58735,15
500111070,20231017,1264,18,2,1,25.04177,121.58735,16
500111070,20231017,1265,18,2,1,25.04177,121.58735,16
500111070,20231017,1266,18,2,1,25.04177,121.58735,16
500111070,20231017,1267,18,1,1,25.04177,121.58735,17
500111070,20231017,1268,18,1,1,25.04177,121.58735,17
500111070,20231017,1269,18,1,1,25.04177,121.58735,17
500111070,20231017,1270,18,1,1,25.04177,121.58735,17
500111070,20231017,1271,18,0,1,25.04177,121.58735,18
500111070,20231017,1272,18,0,1,25.04177,121.58735,18
500111070,20231017,1273,18,0,1,25.04177,121.58735,18
500111070,20231017,1274,18,0,1,25.04177,121.58735,18
500111070,20231017,1275,18,1,1,25.04177,121.58735,17
500111070,20231017,1276,18,0,1,25.04177,121.58735,18
500111070,20231017,1277,18,0,1,25.04177,121.58735,18
500111070,20231017,1278,18,0,1,25.04177,121.58735,18
500111070,20231017,1279,18,0,1,25.04177,121.58735,18
500111070,20231017,1281,18,0,1,25.04177,121.58735,18
500111070,20231017,1282,18,0,1,25.04177,121.58735,18
500111070,20231017,1283,18,0,1,25.04177,121.58735,18
500111070,20231017,1284,18,0,1,25.04177,121.58735,18
500111070,20231017,1285,18,0,1,25.04177,121.58735,18
500111070,20231017,1286,18,0,1,25.04177,121.58735,18
500111070,20231017,1287,18,0,1,25.04177,121.58735,18
500111070,20231017,1288,18,0,1,25.04177,121.58735,18
500111070,20231017,1289,18,0,1,25.04177,121.58735,18
500111070,20231017,1291,18,0,1,25.04177,121.58735,18
500111070,20231017,1292,18,0,1,25.04177,121.58735,18
500111070,20231017,1293,18,0,1,25.04177,121.58735,18
500111070,20231017,1294,18,0,1,25.04177,121.58735,18
500111070,20231017,1295,18,0,1,25.04177,121.58735,18
500111070,20231017,1296,18,0,1,25.04177,121.58735,18
500111070,20231017,1297,18,0,1,25.04177,121.58735,18
500111070,20231017,1298,18,0,1,25.04177,121.58735,18
500111070,20231017,1299,18,0,1,25.04177,121.58735,18
500111070,20231017,1300,18,0,1,25.04177,121.58735,18
500111070,20231017,1301,18,0,1,25.04177,121.58735,18
500111070,20231017,1302,18,0,1,25.04177,121.58735,18
500111070,20231017,1303,18,0,1,25.04177,121.58735,18
500111070,20231017,1304,18,0,1,25.04177,121.58735,18
500111070,20231017,1305,18,0,1,25.04177,121.58735,18
500111070,20231017,1306,18,0,1,25.04177,121.58735,18
500111070,20231017,1307,18,0,1,25.04177,121.58735,18
500111070,20231017,1308,18,0,1,25.04177,121.58735,18
500111070,20231017,1309,18,0,1,25.04177,121.58735,18
500111070,20231017,1310,18,0,1,25.04177,121.58735,18
500111070,20231017,1311,18,0,1,25.04177,121.58735,18
500111070,20231017,1312,18,0,1,25.04177,121.58735,18
500111070,20231017,1313,18,0,1,25.04177,121.58735,18
500111070,20231017,1314,18,0,1,25.04177,121.58735,18
500111070,20231017,1315,18,0,1,25.04177,121.58735,18
500111070,20231017,1316,18,1,1,25.04177,121.58735,17
500111070,20231017,1317,18,1,1,25.04177,121.58735,17
500111070,20231017,1318,18,1,1,25.04177,121.58735,17
500111070,20231017,1319,18,1,1,25.04177,121.58735,17
500111070,20231017,1321,18,1,1,25.04177,121.58735,17
500111070,20231017,1322,18,1,1,25.04177,121.58735,17
500111070,20231017,1323,18,1,1,25.04177,121.58735,17
500111070,20231017,1324,18,1,1,25.04177,121.58735,17
500111070,20231017,1325,18,1,1,25.04177,121.58735,17
500111070,20231017,1326,18,1,1,25.04177,121.58735,17
500111070,20231017,1327,18,1,1,25.04177,121.58735,17
500111070,20231017,1328,18,1,1,25.04177,121.58735,17
500111070,20231017,1329,18,1,1,25.04177,121.58735,17
500111070,20231017,1330,18,1,1,25.04177,121.58735,17
500111070,20231017,1331,18,2,1,25.04177,121.58735,16
500111070,20231017,1332,18,2,1,25.04177,121.58735,16
500111070,20231017,1333,18,2,1,25.04177,121.58735,16
500111070,20231017,1334,18,3,1,25.04177,121.58735,15
500111070,20231017,1335,18,3,1,25.04177,121.58735,15
500111070,20231017,1336,18,3,1,25.04177,121.58735,15
500111070,20231017,1337,18,3,1,25.04177,121.58735,15
500111070,20231017,1338,18,3,1,25.04177,121.58735,15
500111070,20231017,1339,18,3,1,25.04177,121.58735,15
500111070,20231017,1341,18,3,1,25.04177,121.58735,15
500111070,20231017,1342,18,2,1,25.04177,121.58735,16
500111070,20231017,1343,18,2,1,25.04177,121.58735,16
500111070,20231017,1344,18,2,1,25.04177,121.58735,16
500111070,20231017,1345,18,2,1,25.04177,121.58735,16
500111070,20231017,1346,18,2,1,25.04177,121.58735,16
500111070,20231017,1347,18,2,1,25.04177,121.58735,16
500111070,20231017,1348,18,2,1,25.04177,121.58735,16
500111070,20231017,1349,18,2,1,25.04177,121.58735,16
500111070,20231017,1350,18,2,1,25.04177,121.58735,16
500111070,20231017,1351,18,1,1,25.04177,121.58735,17
500111070,20231017,1352,18,1,1,25.04177,121.58735,17
500111070,20231017,1353,18,1,1,25.04177,121.58735,17
500111070,20231017,1354,18,1,1,25.04177,121.58735,17
500111070,20231017,1355,18,1,1,25.04177,121.58735,17
500111070,20231017,1356,18,1,1,25.04177,121.58735,17
500111070,20231017,1357,18,0,1,25.04177,121.58735,18
500111070,20231017,1358,18,0,1,25.04177,121.58735,18
500111070,20231017,1359,18,0,1,25.04177,121.58735,18
500111070,20231017,1360,18,0,1,25.04177,121.58735,18
500111070,20231017,1361,18,0,1,25.04177,121.58735,18
500111070,20231017,1362,18,2,1,25.04177,121.58735,16
500111070,20231017,1363,18,6,1,25.04177,121.58735,12
500111070,20231017,1364,18,8,1,25.04177,121.58735,10
500111070,20231017,1365,18,8,1,25.04177,121.58735,10
500111070,20231017,1366,18,10,1,25.04177,121.58735,8
500111070,20231017,1367,18,10,1,25.04177,121.58735,8
500111070,20231017,1368,18,12,1,25.04177,121.58735,6
500111070,20231017,1369,18,14,1,25.04177,121.58735,4
500111070,20231017,1370,18,15,1,25.04177,121.58735,3
500111070,20231017,1371,18,15,1,25.04177,121.58735,3
500111070,20231017,1372,18,15,1,25.04177,121.58735,3
500111070,20231017,1373,18,15,1,25.04177,121.58735,3
500111070,20231017,1374,18,15,1,25.04177,121.58735,3
500111070,20231017,1375,18,15,1,25.04177,121.58735,3
500111070,20231017,1376,18,15,1,25.04177,121.58735,3
500111070,20231017,1377,18,15,1,25.04177,121.58735,3
500111070,20231017,1378,18,15,1,25.04177,121.58735,3
500111070,20231017,1379,18,15,1,25.04177,121.58735,3
500111070,20231017,1381,18,15,1,25.04177,121.58735,3
500111070,20231017,1382,18,15,1,25.04177,121.58735,3
500111070,20231017,1383,18,15,1,25.04177,121.58735,3
500111070,20231017,1384,18,16,1,25.04177,121.58735,2
500111070,20231017,1385,18,16,1,25.04177,121.58735,2
500111070,20231017,1386,18,16,1,25.04177,121.58735,2
500111070,20231017,1387,18,16,1,25.04177,121.58735,2
500111070,20231017,1388,18,16,1,25.04177,121.58735,2
500111070,20231017,1389,18,16,1,25.04177,121.58735,2
500111070,20231017,1390,18,16,1,25.04177,121.58735,2
500111070,20231017,1391,18,15,1,25.04177,121.58735,3
500111070,20231017,1392,18,15,1,25.04177,121.58735,3
500111070,20231017,1393,18,15,1,25.04177,121.58735,3
500111070,20231017,1394,18,15,1,25.04177,121.58735,3
500111070,20231017,1395,18,15,1,25.04177,121.58735,3
500111070,20231017,1396,18,15,1,25.04177,121.58735,3
500111070,20231017,1397,18,15,1,25.04177,121.58735,3
500111070,20231017,1398,18,15,1,25.04177,121.58735,3
500111070,20231017,1399,18,15,1,25.04177,121.58735,3
500111070,20231017,1401,18,15,1,25.04177,121.58735,3
500111070,20231017,1402,18,15,1,25.04177,121.58735,3
500111070,20231017,1403,18,15,1,25.04177,121.58735,3
500111070,20231017,1404,18,15,1,25.04177,121.58735,3
500111070,20231017,1405,18,15,1,25.04177,121.58735,3
500111070,20231017,1406,18,15,1,25.04177,121.58735,3
500111070,20231017,1407,18,15,1,25.04177,121.58735,3
500111070,20231017,1408,18,15,1,25.04177,121.58735,3
500111070,20231017,1409,18,14,1,25.04177,121.58735,4
500111070,20231017,1410,18,14,1,25.04177,121.58735,4
500111070,20231017,1411,18,14,1,25.04177,121.58735,4
500111070,20231017,1412,18,14,1,25.04177,121.58735,4
500111070,20231017,1413,18,14,1,25.04177,121.58735,4
500111070,20231017,1414,18,14,1,25.04177,121.58735,4
500111070,20231017,1415,18,14,1,25.04177,121.58735,4
500111070,20231017,1416,18,14,1,25.04177,121.58735,4
500111070,20231017,1417,18,14,1,25.04177,121.58735,4
500111070,20231017,1418,18,14,1,25.04177,121.58735,4
500111070,20231017,1419,18,14,1,25.04177,121.58735,4
500111070,20231017,1420,18,14,1,25.04177,121.58735,4
500111070,20231017,1421,18,14,1,25.04177,121.58735,4
500111070,20231017,1422,18,14,1,25.04177,121.58735,4
500111070,20231017,1423,18,15,1,25.04177,121.58735,3
500111070,20231017,1424,18,15,1,25.04177,121.58735,3
500111070,20231017,1425,18,15,1,25.04177,121.58735,3
500111070,20231017,1426,18,15,1,25.04177,121.58735,3
500111070,20231017,1427,18,15,1,25.04177,121.58735,3
500111070,20231017,1428,18,15,1,25.04177,121.58735,3
500111070,20231017,1429,18,14,1,25.04177,121.58735,4
500111070,20231017,1430,18,14,1,25.04177,121.58735,4
500111070,20231017,1431,18,14,1,25.04177,121.58735,4
500111070,20231017,1432,18,14,1,25.04177,121.58735,4
500111070,20231017,1433,18,14,1,25.04177,121.58735,4
500111070,20231017,1434,18,14,1,25.04177,121.58735,4
500111070,20231017,1435,18,14,1,25.04177,121.58735,4
500111070,20231017,1436,18,14,1,25.04177,121.58735,4
500111070,20231017,1437,18,14,1,25.04177,121.58735,4
500111070,20231017,1438,18,14,1,25.04177,121.58735,4
500111070,20231017,1439,18,14,1,25.04177,121.58735,4
500111070,20231018,1,18,14,1,25.04177,121.58735,4
500111070,20231018,2,18,14,1,25.04177,121.58735,4
500111070,20231018,3,18,13,1,25.04177,121.58735,5
500111070,20231018,4,18,13,1,25.04177,121.58735,5
500111070,20231018,5,18,13,1,25.04177,121.58735,5
500111070,20231018,6,18,13,1,25.04177,121.58735,5
500111070,20231018,7,18,13,1,25.04177,121.58735,5
500111070,20231018,8,18,13,1,25.04177,121.58735,5
500111070,20231018,9,18,13,1,25.04177,121.58735,5
500111070,20231018,10,18,13,1,25.04177,121.58735,5
500111070,20231018,11,18,13,1,25.04177,121.58735,5
500111070,20231018,12,18,13,1,25.04177,121.58735,5
500111070,20231018,13,18,13,1,25.04177,121.58735,5
500111070,20231018,14,18,13,1,25.04177,121.58735,5
500111070,20231018,15,18,13,1,25.04177,121.58735,5
500111070,20231018,16,18,13,1,25.04177,121.58735,5
500111070,20231018,17,18,13,1,25.04177,121.58735,5
500111070,20231018,18,18,13,1,25.04177,121.58735,5
500111070,20231018,19,18,13,1,25.04177,121.58735,5
500111070,20231018,21,18,12,1,25.04177,121.58735,6
500111070,20231018,22,18,12,1,25.04177,121.58735,6
500111070,20231018,23,18,12,1,25.04177,121.58735,6
500111070,20231018,24,18,12,1,25.04177,121.58735,6
500111070,20231018,25,18,12,1,25.04177,121.58735,6
500111070,20231018,26,18,12,1,25.04177,121.58735,6
500111070,20231018,27,18,12,1,25.04177,121.58735,6
500111070,20231018,28,18,12,1,25.04177,121.58735,6
500111070,20231018,29,18,12,1,25.04177,121.58735,6
500111070,20231018,30,18,12,1,25.04177,121.58735,6
500111070,20231018,31,18,12,1,25.04177,121.58735,6
500111070,20231018,32,18,12,1,25.04177,121.58735,6
500111070,20231018,33,18,12,1,25.04177,121.58735,6
500111070,20231018,34,18,12,1,25.04177,121.58735,6
500111070,20231018,35,18,12,1,25.04177,121.58735,6
500111070,20231018,36,18,12,1,25.04177,121.58735,6
500111070,20231018,37,18,12,1,25.04177,121.58735,6
500111070,20231018,38,18,12,1,25.04177,121.58735,6
500111070,20231018,39,18,11,1,25.04177,121.58735,7
500111070,20231018,40,18,11,1,25.04177,121.58735,7
500111070,20231018,41,18,11,1,25.04177,121.58735,7
500111070,20231018,42,18,11,1,25.04177,121.58735,7
500111070,20231018,43,18,11,1,25.04177,121.58735,7
500111070,20231018,44,18,11,1,25.04177,121.58735,7
500111070,20231018,45,18,11,1,25.04177,121.58735,7
500111070,20231018,46,18,11,1,25.04177,121.58735,7
500111070,20231018,47,18,11,1,25.04177,121.58735,7
500111070,20231018,48,18,11,1,25.04177,121.58735,7
500111070,20231018,49,18,11,1,25.04177,121.58735,7
500111070,20231018,50,18,11,1,25.04177,121.58735,7
500111070,20231018,51,18,11,1,25.04177,121.58735,7
500111070,20231018,52,18,11,1,25.04177,121.58735,7
500111070,20231018,53,18,11,1,25.04177,121.58735,7
500111070,20231018,54,18,11,1,25.04177,121.58735,7
500111070,20231018,55,18,11,1,25.04177,121.58735,7
500111070,20231018,56,18,11,1,25.04177,121.58735,7
500111070,20231018,57,18,11,1,25.04177,121.58735,7
500111070,20231018,58,18,11,1,25.04177,121.58735,7
500111070,20231018,59,18,11,1,25.04177,121.58735,7
500111070,20231018,61,18,11,1,25.04177,121.58735,7
500111070,20231018,62,18,11,1,25.04177,121.58735,7
500111070,20231018,63,18,11,1,25.04177,121.58735,7
500111070,20231018,64,18,11,1,25.04177,121.58735,7
500111070,20231018,65,18,11,1,25.04177,121.58735,7
500111070,20231018,66,18,11,1,25.04177,121.58735,7
500111070,20231018,67,18,11,1,25.04177,121.58735,7
500111070,20231018,68,18,11,1,25.04177,121.58735,7
500111070,20231018,69,18,11,1,25.04177,121.58735,7
500111070,20231018,70,18,11,1,25.04177,121.58735,7
500111070,20231018,71,18,11,1,25.04177,121.58735,7
500111070,20231018,72,18,11,1,25.04177,121.58735,7
500111070,20231018,73,18,11,1,25.04177,121.58735,7
500111070,20231018,75,18,11,1,25.04177,121.58735,7
500111070,20231018,76,18,11,1,25.04177,121.58735,7
500111070,20231018,77,18,11,1,25.04177,121.58735,7
500111070,20231018,78,18,11,1,25.04177,121.58735,7
500111070,20231018,79,18,11,1,25.04177,121.58735,7
500111070,20231018,81,18,11,1,25.04177,121.58735,7
500111070,20231018,82,18,11,1,25.04177,121.58735,7
500111070,20231018,83,18,11,1,25.04177,121.58735,7
500111070,20231018,84,18,11,1,25.04177,121.58735,7
500111070,20231018,85,18,11,1,25.04177,121.58735,7
500111070,20231018,86,18,11,1,25.04177,121.58735,7
500111070,20231018,87,18,11,1,25.04177,121.58735,7
500111070,20231018,88,18,11,1,25.04177,121.58735,7
500111070,20231018,89,18,11,1,25.04177,121.58735,7
500111070,20231018,90,18,11,1,25.04177,121.58735,7
500111070,20231018,91,18,11,1,25.04177,121.58735,7
500111070,20231018,92,18,11,1,25.04177,121.58735,7
500111070,20231018,93,18,11,1,25.04177,121.58735,7
500111070,20231018,94,18,11,1,25.04177,121.58735,7
500111070,20231018,95,18,11,1,25.04177,121.58735,7
500111070,20231018,96,18,11,1,25.04177,121.58735,7
500111070,20231018,97,18,11,1,25.04177,121.58735,7
500111070,20231018,98,18,11,1,25.04177,121.58735,7
500111070,20231018,99,18,11,1,25.04177,121.58735,7
500111070,20231018,100,18,11,1,25.04177,121.58735,7
500111070,20231018,101,18,11,1,25.04177,121.58735,7
500111070,20231018,102,18,11,1,25.04177,121.58735,7
500111070,20231018,103,18,11,1,25.04177,121.58735,7
500111070,20231018,104,18,10,1,25.04177,121.58735,8
500111070,20231018,105,18,10,1,25.04177,121.58735,8
500111070,20231018,106,18,10,1,25.04177,121.58735,8
500111070,20231018,107,18,10,1,25.04177,121.58735,8
500111070,20231018,108,18,10,1,25.04177,121.58735,8
500111070,20231018,109,18,10,1,25.04177,121.58735,8
500111070,20231018,110,18,10,1,25.04177,121.58735,8
500111070,20231018,111,18,10,1,25.04177,121.58735,8
500111070,20231018,112,18,10,1,25.04177,121.58735,8
500111070,20231018,113,18,10,1,25.04177,121.58735,8
500111070,20231018,114,18,10,1,25.04177,121.58735,8
500111070,20231018,115,18,10,1,25.04177,121.58735,8
500111070,20231018,116,18,10,1,25.04177,121.58735,8
500111070,20231018,117,18,10,1,25.04177,121.58735,8
500111070,20231018,118,18,10,1,25.04177,121.58735,8
500111070,20231018,119,18,10,1,25.04177,121.58735,8
500111070,20231018,121,18,10,1,25.04177,121.58735,8
500111070,20231018,122,18,10,1,25.04177,121.58735,8
500111070,20231018,123,18,10,1,25.04177,121.58735,8
500111070,20231018,124,18,10,1,25.04177,121.58735,8
500111070,20231018,125,18,10,1,25.04177,121.58735,8
500111070,20231018,126,18,10,1,25.04177,121.58735,8
500111070,20231018,127,18,10,1,25.04177,121.58735,8
500111070,20231018,128,18,10,1,25.04177,121.58735,8
500111070,20231018,129,18,10,1,25.04177,121.58735,8
500111070,20231018,130,18,10,1,25.04177,121.58735,8
500111070,20231018,131,18,10,1,25.04177,121.58735,8
500111070,20231018,132,18,10,1,25.04177,121.58735,8
500111070,20231018,133,18,10,1,25.04177,121.58735,8
500111070,20231018,134,18,10,1,25.04177,121.58735,8
500111070,20231018,135,18,10,1,25.04177,121.58735,8
500111070,20231018,136,18,10,1,25.04177,121.58735,8
500111070,20231018,137,18,10,1,25.04177,121.58735,8
500111070,20231018,138,18,10,1,25.04177,121.58735,8
500111070,20231018,139,18,10,1,25.04177,121.58735,8
500111070,20231018,141,18,10,1,25.04177,121.58735,8
500111070,20231018,142,18,10,1,25.04177,121.58735,8
500111070,20231018,143,18,10,1,25.04177,121.58735,8
500111070,20231018,144,18,10,1,25.04177,121.58735,8
500111070,20231018,145,18,10,1,25.04177,121.58735,8
500111070,20231018,146,18,10,1,25.04177,121.58735,8
500111070,20231018,147,18,10,1,25.04177,121.58735,8
500111070,20231018,148,18,10,1,25.04177,121.58735,8
500111070,20231018,149,18,10,1,25.04177,121.58735,8
500111070,20231018,150,18,10,1,25.04177,121.58735,8
500111070,20231018,151,18,10,1,25.04177,121.58735,8
500111070,20231018,152,18,10,1,25.04177,121.58735,8
500111070,20231018,153,18,10,1,25.04177,121.58735,8
500111070,20231018,154,18,10,1,25.04177,121.58735,8
500111070,20231018,155,18,10,1,25.04177,121.58735,8
500111070,20231018,156,18,10,1,25.04177,121.58735,8
500111070,20231018,157,18,10,1,25.04177,121.58735,8
500111070,20231018,158,18,10,1,25.04177,121.58735,8
500111070,20231018,159,18,10,1,25.04177,121.58735,8
500111070,20231018,160,18,10,1,25.04177,121.58735,8
500111070,20231018,161,18,10,1,25.04177,121.58735,8
500111070,20231018,162,18,10,1,25.04177,121.58735,8
500111070,20231018,163,18,10,1,25.04177,121.58735,8
500111070,20231018,164,18,10,1,25.04177,121.58735,8
500111070,20231018,165,18,10,1,25.04177,121.58735,8
500111070,20231018,166,18,10,1,25.04177,121.58735,8
500111070,20231018,167,18,10,1,25.04177,121.58735,8
500111070,20231018,168,18,10,1,25.04177,121.58735,8
500111070,20231018,169,18,10,1,25.04177,121.58735,8
500111070,20231018,170,18,10,1,25.04177,121.58735,8
500111070,20231018,171,18,10,1,25.04177,121.58735,8
500111070,20231018,172,18,10,1,25.04177,121.58735,8
500111070,20231018,173,18,10,1,25.04177,121.58735,8
500111070,20231018,174,18,10,1,25.04177,121.58735,8
500111070,20231018,175,18,10,1,25.04177,121.58735,8
500111070,20231018,176,18,10,1,25.04177,121.58735,8
500111070,20231018,177,18,10,1,25.04177,121.58735,8
500111070,20231018,178,18,10,1,25.04177,121.58735,8
500111070,20231018,179,18,10,1,25.04177,121.58735,8
500111070,20231018,181,18,10,1,25.04177,121.58735,8
500111070,20231018,182,18,10,1,25.04177,121.58735,8
500111070,20231018,183,18,10,1,25.04177,121.58735,8
500111070,20231018,184,18,10,1,25.04177,121.58735,8
500111070,20231018,185,18,10,1,25.04177,121.58735,8
500111070,20231018,186,18,10,1,25.04177,121.58735,8
500111070,20231018,187,18,10,1,25.04177,121.58735,8
500111070,20231018,188,18,10,1,25.04177,121.58735,8
500111070,20231018,189,18,10,1,25.04177,121.58735,8
500111070,20231018,190,18,10,1,25.04177,121.58735,8
500111070,20231018,191,18,10,1,25.04177,121.58735,8
500111070,20231018,192,18,10,1,25.04177,121.58735,8
500111070,20231018,193,18,10,1,25.04177,121.58735,8
500111070,20231018,194,18,10,1,25.04177,121.58735,8
500111070,20231018,195,18,10,1,25.04177,121.58735,8
500111070,20231018,196,18,10,1,25.04177,121.58735,8
500111070,20231018,197,18,10,1,25.04177,121.58735,8
500111070,20231018,198,18,10,1,25.04177,121.58735,8
500111070,20231018,199,18,10,1,25.04177,121.58735,8
500111070,20231018,201,18,10,1,25.04177,121.58735,8
500111070,20231018,202,18,10,1,25.04177,121.58735,8
500111070,20231018,203,18,10,1,25.04177,121.58735,8
500111070,20231018,204,18,10,1,25.04177,121.58735,8
500111070,20231018,205,18,10,1,25.04177,121.58735,8
500111070,20231018,206,18,9,1,25.04177,121.58735,9
500111070,20231018,207,18,9,1,25.04177,121.58735,9
500111070,20231018,208,18,9,1,25.04177,121.58735,9
500111070,20231018,209,18,9,1,25.04177,121.58735,9
500111070,20231018,210,18,9,1,25.04177,121.58735,9
500111070,20231018,211,18,9,1,25.04177,121.58735,9
500111070,20231018,212,18,9,1,25.04177,121.58735,9
500111070,20231018,213,18,9,1,25.04177,121.58735,9
500111070,20231018,214,18,9,1,25.04177,121.58735,9
500111070,20231018,215,18,9,1,25.04177,121.58735,9
500111070,20231018,216,18,9,1,25.04177,121.58735,9
500111070,20231018,217,18,9,1,25.04177,121.58735,9
500111070,20231018,218,18,9,1,25.04177,121.58735,9
500111070,20231018,219,18,9,1,25.04177,121.58735,9
500111070,20231018,220,18,9,1,25.04177,121.58735,9
500111070,20231018,221,18,9,1,25.04177,121.58735,9
500111070,20231018,222,18,9,1,25.04177,121.58735,9
500111070,20231018,223,18,9,1,25.04177,121.58735,9
500111070,20231018,224,18,9,1,25.04177,121.58735,9
500111070,20231018,225,18,9,1,25.04177,121.58735,9
500111070,20231018,226,18,9,1,25.04177,121.58735,9
500111070,20231018,227,18,9,1,25.04177,121.58735,9
500111070,20231018,228,18,9,1,25.04177,121.58735,9
500111070,20231018,229,18,9,1,25.04177,121.58735,9
500111070,20231018,230,18,9,1,25.04177,121.58735,9
500111070,20231018,231,18,9,1,25.04177,121.58735,9
500111070,20231018,232,18,9,1,25.04177,121.58735,9
500111070,20231018,233,18,9,1,25.04177,121.58735,9
500111070,20231018,234,18,9,1,25.04177,121.58735,9
500111070,20231018,235,18,9,1,25.04177,121.58735,9
500111070,20231018,236,18,9,1,25.04177,121.58735,9
500111070,20231018,237,18,9,1,25.04177,121.58735,9
500111070,20231018,238,18,9,1,25.04177,121.58735,9
500111070,20231018,239,18,9,1,25.04177,121.58735,9
500111070,20231018,240,18,9,1,25.04177,121.58735,9
500111070,20231018,241,18,9,1,25.04177,121.58735,9
500111070,20231018,242,18,9,1,25.04177,121.58735,9
500111070,20231018,243,18,9,1,25.04177,121.58735,9
500111070,20231018,244,18,9,1,25.04177,121.58735,9
500111070,20231018,245,18,9,1,25.04177,121.58735,9
500111070,20231018,246,18,9,1,25.04177,121.58735,9
500111070,20231018,247,18,9,1,25.04177,121.58735,9
500111070,20231018,248,18,9,1,25.04177,121.58735,9
500111070,20231018,249,18,9,1,25.04177,121.58735,9
500111070,20231018,250,18,9,1,25.04177,121.58735,9
500111070,20231018,251,18,9,1,25.04177,121.58735,9
500111070,20231018,252,18,9,1,25.04177,121.58735,9
500111070,20231018,253,18,9,1,25.04177,121.58735,9
500111070,20231018,254,18,9,1,25.04177,121.58735,9
500111070,20231018,255,18,9,1,25.04177,121.58735,9
500111070,20231018,256,18,9,1,25.04177,121.58735,9
500111070,20231018,257,18,9,1,25.04177,121.58735,9
500111070,20231018,258,18,9,1,25.04177,121.58735,9
500111070,20231018,259,18,9,1,25.04177,121.58735,9
500111070,20231018,261,18,9,1,25.04177,121.58735,9
500111070,20231018,262,18,9,1,25.04177,121.58735,9
500111070,20231018,263,18,9,1,25.04177,121.58735,9
500111070,20231018,264,18,9,1,25.04177,121.58735,9
500111070,20231018,265,18,9,1,25.04177,121.58735,9
500111070,20231018,266,18,9,1,25.04177,121.58735,9
500111070,20231018,267,18,9,1,25.04177,121.58735,9
500111070,20231018,268,18,9,1,25.04177,121.58735,9
500111070,20231018,269,18,9,1,25.04177,121.58735,9
500111070,20231018,270,18,9,1,25.04177,121.58735,9
500111070,20231018,271,18,9,1,25.04177,121.58735,9
500111070,20231018,272,18,9,1,25.04177,121.58735,9
500111070,20231018,273,18,9,1,25.04177,121.58735,9
500111070,20231018,274,18,9,1,25.04177,121.58735,9
500111070,20231018,275,18,9,1,25.04177,121.58735,9
500111070,20231018,276,18,9,1,25.04177,121.58735,9
500111070,20231018,277,18,9,1,25.04177,121.58735,9
500111070,20231018,278,18,9,1,25.04177,121.58735,9
500111070,20231018,279,18,9,1,25.04177,121.58735,9
500111070,20231018,280,18,9,1,25.04177,121.58735,9
500111070,20231018,281,18,9,1,25.04177,121.58735,9
500111070,20231018,282,18,9,1,25.04177,121.58735,9
500111070,20231018,283,18,9,1,25.04177,121.58735,9
500111070,20231018,284,18,9,1,25.04177,121.58735,9
500111070,20231018,285,18,9,1,25.04177,121.58735,9
500111070,20231018,286,18,9,1,25.04177,121.58735,9
500111070,20231018,287,18,9,1,25.04177,121.58735,9
500111070,20231018,288,18,9,1,25.04177,121.58735,9
500111070,20231018,289,18,9,1,25.04177,121.58735,9
500111070,20231018,290,18,9,1,25.04177,121.58735,9
500111070,20231018,291,18,9,1,25.04177,121.58735,9
500111070,20231018,292,18,9,1,25.04177,121.58735,9
500111070,20231018,293,18,9,1,25.04177,121.58735,9
500111070,20231018,294,18,9,1,25.04177,121.58735,9
500111070,20231018,295,18,9,1,25.04177,121.58735,9
500111070,20231018,296,18,9,1,25.04177,121.58735,9
500111070,20231018,297,18,9,1,25.04177,121.58735,9
500111070,20231018,298,18,9,1,25.04177,121.58735,9
500111070,20231018,299,18,9,1,25.04177,121.58735,9
500111070,20231018,300,18,9,1,25.04177,121.58735,9
500111070,20231018,301,18,9,1,25.04177,121.58735,9
500111070,20231018,302,18,9,1,25.04177,121.58735,9
500111070,20231018,303,18,9,1,25.04177,121.58735,9
500111070,20231018,304,18,9,1,25.04177,121.58735,9
500111070,20231018,305,18,9,1,25.04177,121.58735,9
500111070,20231018,306,18,9,1,25.04177,121.58735,9
500111070,20231018,307,18,9,1,25.04177,121.58735,9
500111070,20231018,308,18,9,1,25.04177,121.58735,9
500111070,20231018,309,18,9,1,25.04177,121.58735,9
500111070,20231018,310,18,9,1,25.04177,121.58735,9
500111070,20231018,311,18,9,1,25.04177,121.58735,9
500111070,20231018,312,18,9,1,25.04177,121.58735,9
500111070,20231018,313,18,9,1,25.04177,121.58735,9
500111070,20231018,314,18,9,1,25.04177,121.58735,9
500111070,20231018,315,18,9,1,25.04177,121.58735,9
500111070,20231018,316,18,9,1,25.04177,121.58735,9
500111070,20231018,317,18,9,1,25.04177,121.58735,9
500111070,20231018,318,18,9,1,25.04177,121.58735,9
500111070,20231018,319,18,9,1,25.04177,121.58735,9
500111070,20231018,321,18,9,1,25.04177,121.58735,9
500111070,20231018,322,18,9,1,25.04177,121.58735,9
500111070,20231018,323,18,9,1,25.04177,121.58735,9
500111070,20231018,324,18,9,1,25.04177,121.58735,9
500111070,20231018,325,18,9,1,25.04177,121.58735,9
500111070,20231018,326,18,9,1,25.04177,121.58735,9
500111070,20231018,327,18,9,1,25.04177,121.58735,9
500111070,20231018,328,18,9,1,25.04177,121.58735,9
500111070,20231018,329,18,9,1,25.04177,121.58735,9
500111070,20231018,330,18,9,1,25.04177,121.58735,9
500111070,20231018,331,18,9,1,25.04177,121.58735,9
500111070,20231018,332,18,9,1,25.04177,121.58735,9
500111070,20231018,333,18,9,1,25.04177,121.58735,9
500111070,20231018,334,18,9,1,25.04177,121.58735,9
500111070,20231018,335,18,9,1,25.04177,121.58735,9
500111070,20231018,336,18,9,1,25.04177,121.58735,9
500111070,20231018,337,18,9,1,25.04177,121.58735,9
500111070,20231018,338,18,9,1,25.04177,121.58735,9
500111070,20231018,339,18,9,1,25.04177,121.58735,9
500111070,20231018,340,18,9,1,25.04177,121.58735,9
500111070,20231018,341,18,9,1,25.04177,121.58735,9
500111070,20231018,342,18,9,1,25.04177,121.58735,9
500111070,20231018,343,18,9,1,25.04177,121.58735,9
500111070,20231018,344,18,9,1,25.04177,121.58735,9
500111070,20231018,345,18,9,1,25.04177,121.58735,9
500111070,20231018,346,18,9,1,25.04177,121.58735,9
500111070,20231018,347,18,9,1,25.04177,121.58735,9
500111070,20231018,348,18,9,1,25.04177,121.58735,9
500111070,20231018,349,18,9,1,25.04177,121.58735,9
500111070,20231018,350,18,9,1,25.04177,121.58735,9
500111070,20231018,351,18,9,1,25.04177,121.58735,9
500111070,20231018,353,18,10,1,25.04177,121.58735,8
500111070,20231018,354,18,10,1,25.04177,121.58735,8
500111070,20231018,355,18,10,1,25.04177,121.58735,8
500111070,20231018,356,18,10,1,25.04177,121.58735,8
500111070,20231018,357,18,10,1,25.04177,121.58735,8
500111070,20231018,358,18,10,1,25.04177,121.58735,8
500111070,20231018,359,18,10,1,25.04177,121.58735,8
500111070,20231018,360,18,10,1,25.04177,121.58735,8
500111070,20231018,361,18,10,1,25.04177,121.58735,8
500111070,20231018,362,18,10,1,25.04177,121.58735,8
500111070,20231018,363,18,10,1,25.04177,121.58735,8
500111070,20231018,364,18,10,1,25.04177,121.58735,8
500111070,20231018,365,18,10,1,25.04177,121.58735,8
500111070,20231018,366,18,10,1,25.04177,121.58735,8
500111070,20231018,367,18,10,1,25.04177,121.58735,8
500111070,20231018,368,18,10,1,25.04177,121.58735,8
500111070,20231018,369,18,10,1,25.04177,121.58735,8
500111070,20231018,370,18,11,1,25.04177,121.58735,7
500111070,20231018,371,18,12,1,25.04177,121.58735,6
500111070,20231018,372,18,12,1,25.04177,121.58735,6
500111070,20231018,373,18,12,1,25.04177,121.58735,6
500111070,20231018,374,18,12,1,25.04177,121.58735,6
500111070,20231018,375,18,12,1,25.04177,121.58735,6
500111070,20231018,376,18,12,1,25.04177,121.58735,6
500111070,20231018,377,18,12,1,25.04177,121.58735,6
500111070,20231018,378,18,12,1,25.04177,121.58735,6
500111070,20231018,379,18,13,1,25.04177,121.58735,5
500111070,20231018,381,18,13,1,25.04177,121.58735,5
500111070,20231018,382,18,13,1,25.04177,121.58735,5
500111070,20231018,383,18,13,1,25.04177,121.58735,5
500111070,20231018,384,18,13,1,25.04177,121.58735,5
500111070,20231018,385,18,13,1,25.04177,121.58735,5
500111070,20231018,386,18,12,1,25.04177,121.58735,6
500111070,20231018,387,18,12,1,25.04177,121.58735,6
500111070,20231018,388,18,12,1,25.04177,121.58735,6
500111070,20231018,389,18,12,1,25.04177,121.58735,6
500111070,20231018,390,18,12,1,25.04177,121.58735,6
500111070,20231018,391,18,15,1,25.04177,121.58735,3
500111070,20231018,392,18,15,1,25.04177,121.58735,3
500111070,20231018,393,18,15,1,25.04177,121.58735,3
500111070,20231018,394,18,15,1,25.04177,121.58735,3
500111070,20231018,395,18,15,1,25.04177,121.58735,3
500111070,20231018,396,18,15,1,25.04177,121.58735,3
500111070,20231018,397,18,15,1,25.04177,121.58735,3
500111070,20231018,398,18,15,1,25.04177,121.58735,3
500111070,20231018,399,18,16,1,25.04177,121.58735,2
500111070,20231018,400,18,16,1,25.04177,121.58735,2
500111070,20231018,401,18,16,1,25.04177,121.58735,2
500111070,20231018,402,18,16,1,25.04177,121.58735,2
500111070,20231018,403,18,16,1,25.04177,121.58735,2
500111070,20231018,404,18,16,1,25.04177,121.58735,2
500111070,20231018,405,18,17,1,25.04177,121.58735,1
500111070,20231018,406,18,17,1,25.04177,121.58735,1
500111070,20231018,407,18,17,1,25.04177,121.58735,1
500111070,20231018,408,18,17,1,25.04177,121.58735,1
500111070,20231018,409,18,17,1,25.04177,121.58735,1
500111070,20231018,410,18,17,1,25.04177,121.58735,1
500111070,20231018,411,18,17,1,25.04177,121.58735,1
500111070,20231018,412,18,17,1,25.04177,121.58735,1
500111070,20231018,413,18,17,1,25.04177,121.58735,1
500111070,20231018,414,18,17,1,25.04177,121.58735,1
500111070,20231018,415,18,17,1,25.04177,121.58735,1
500111070,20231018,416,18,17,1,25.04177,121.58735,1
500111070,20231018,417,18,18,1,25.04177,121.58735,0
500111070,20231018,418,18,18,1,25.04177,121.58735,0
500111070,20231018,419,18,18,1,25.04177,121.58735,0
500111070,20231018,421,18,18,1,25.04177,121.58735,0
500111070,20231018,422,18,18,1,25.04177,121.58735,0
500111070,20231018,423,18,18,1,25.04177,121.58735,0
500111070,20231018,424,18,18,1,25.04177,121.58735,0
500111070,20231018,425,18,18,1,25.04177,121.58735,0
500111070,20231018,426,18,18,1,25.04177,121.58735,0
500111070,20231018,427,18,18,1,25.04177,121.58735,0
500111070,20231018,428,18,18,1,25.04177,121.58735,0
500111070,20231018,429,18,18,1,25.04177,121.58735,0
500111070,20231018,430,18,18,1,25.04177,121.58735,0
500111070,20231018,431,18,18,1,25.04177,121.58735,0
500111070,20231018,432,18,18,1,25.04177,121.58735,0
500111070,20231018,433,18,18,1,25.04177,121.58735,0
500111070,20231018,434,18,18,1,25.04177,121.58735,0
500111070,20231018,435,18,18,1,25.04177,121.58735,0
500111070,20231018,436,18,18,1,25.04177,121.58735,0
500111070,20231018,437,18,18,1,25.04177,121.58735,0
500111070,20231018,438,18,18,1,25.04177,121.58735,0
500111070,20231018,439,18,18,1,25.04177,121.58735,0
500111070,20231018,441,18,18,1,25.04177,121.58735,0
500111070,20231018,442,18,18,1,25.04177,121.58735,0
500111070,20231018,443,18,18,1,25.04177,121.58735,0
500111070,20231018,444,18,18,1,25.04177,121.58735,0
500111070,20231018,445,18,18,1,25.04177,121.58735,0
500111070,20231018,446,18,18,1,25.04177,121.58735,0
500111070,20231018,447,18,18,1,25.04177,121.58735,0
500111070,20231018,448,18,18,1,25.04177,121.58735,0
500111070,20231018,449,18,18,1,25.04177,121.58735,0
500111070,20231018,451,18,18,1,25.04177,121.58735,0
500111070,20231018,452,18,18,1,25.04177,121.58735,0
500111070,20231018,453,18,18,1,25.04177,121.58735,0
500111070,20231018,454,18,18,1,25.04177,121.58735,0
500111070,20231018,455,18,18,1,25.04177,121.58735,0
500111070,20231018,456,18,18,1,25.04177,121.58735,0
500111070,20231018,457,18,18,1,25.04177,121.58735,0
500111070,20231018,458,18,18,1,25.04177,121.58735,0
500111070,20231018,459,18,18,1,25.04177,121.58735,0
500111070,20231018,460,18,18,1,25.04177,121.58735,0
500111070,20231018,461,18,18,1,25.04177,121.58735,0
500111070,20231018,462,18,18,1,25.04177,121.58735,0
500111070,20231018,463,18,18,1,25.04177,121.58735,0
500111070,20231018,464,18,18,1,25.04177,121.58735,0
500111070,20231018,465,18,18,1,25.04177,121.58735,0
500111070,20231018,466,18,18,1,25.04177,121.58735,0
500111070,20231018,467,18,18,1,25.04177,121.58735,0
500111070,20231018,468,18,18,1,25.04177,121.58735,0
500111070,20231018,469,18,18,1,25.04177,121.58735,0
500111070,20231018,470,18,18,1,25.04177,121.58735,0
500111070,20231018,471,18,18,1,25.04177,121.58735,0
500111070,20231018,472,18,18,1,25.04177,121.58735,0
500111070,20231018,473,18,18,1,25.04177,121.58735,0
500111070,20231018,474,18,18,1,25.04177,121.58735,0
500111070,20231018,475,18,18,1,25.04177,121.58735,0
500111070,20231018,476,18,18,1,25.04177,121.58735,0
500111070,20231018,477,18,18,1,25.04177,121.58735,0
500111070,20231018,478,18,18,1,25.04177,121.58735,0
500111070,20231018,479,18,18,1,25.04177,121.58735,0
500111070,20231018,481,18,18,1,25.04177,121.58735,0
500111070,20231018,482,18,18,1,25.04177,121.58735,0
500111070,20231018,483,18,18,1,25.04177,121.58735,0
500111070,20231018,484,18,17,1,25.04177,121.58735,1
500111070,20231018,486,18,17,1,25.04177,121.58735,1
500111070,20231018,487,18,18,1,25.04177,121.58735,0
500111070,20231018,488,18,18,1,25.04177,121.58735,0
500111070,20231018,489,18,18,1,25.04177,121.58735,0
500111070,20231018,490,18,18,1,25.04177,121.58735,0
500111070,20231018,491,18,18,1,25.04177,121.58735,0
500111070,20231018,492,18,18,1,25.04177,121.58735,0
500111070,20231018,493,18,18,1,25.04177,121.58735,0
500111070,20231018,494,18,18,1,25.04177,121.58735,0
500111070,20231018,495,18,18,1,25.04177,121.58735,0
500111070,20231018,496,18,18,1,25.04177,121.58735,0
500111070,20231018,497,18,18,1,25.04177,121.58735,0
500111070,20231018,498,18,18,1,25.04177,121.58735,0
500111070,20231018,499,18,18,1,25.04177,121.58735,0
500111070,20231018,501,18,18,1,25.04177,121.58735,0
500111070,20231018,502,18,18,1,25.04177,121.58735,0
500111070,20231018,503,18,18,1,25.04177,121.58735,0
500111070,20231018,504,18,18,1,25.04177,121.58735,0
500111070,20231018,505,18,18,1,25.04177,121.58735,0
500111070,20231018,506,18,18,1,25.04177,121.58735,0
500111070,20231018,507,18,18,1,25.04177,121.58735,0
500111070,20231018,508,18,18,1,25.04177,121.58735,0
500111070,20231018,509,18,18,1,25.04177,121.58735,0
500111070,20231018,511,18,18,1,25.04177,121.58735,0
500111070,20231018,512,18,18,1,25.04177,121.58735,0
500111070,20231018,513,18,18,1,25.04177,121.58735,0
500111070,20231018,514,18,18,1,25.04177,121.58735,0
500111070,20231018,515,18,18,1,25.04177,121.58735,0
500111070,20231018,516,18,18,1,25.04177,121.58735,0
500111070,20231018,517,18,18,1,25.04177,121.58735,0
500111070,20231018,518,18,17,1,25.04177,121.58735,1
500111070,20231018,519,18,17,1,25.04177,121.58735,1
500111070,20231018,520,18,18,1,25.04177,121.58735,0
500111070,20231018,521,18,18,1,25.04177,121.58735,0
500111070,20231018,522,18,18,1,25.04177,121.58735,0
500111070,20231018,523,18,16,1,25.04177,121.58735,2
500111070,20231018,524,18,16,1,25.04177,121.58735,2
500111070,20231018,525,18,12,1,25.04177,121.58735,6
500111070,20231018,526,18,10,1,25.04177,121.58735,8
500111070,20231018,527,18,6,1,25.04177,121.58735,12
500111070,20231018,528,18,4,1,25.04177,121.58735,14
500111070,20231018,529,18,2,1,25.04177,121.58735,16
500111070,20231018,530,18,1,1,25.04177,121.58735,17
500111070,20231018,531,18,0,1,25.04177,121.58735,18
500111070,20231018,532,18,0,1,25.04177,121.58735,18
500111070,20231018,533,18,0,1,25.04177,121.58735,18
500111070,20231018,534,18,0,1,25.04177,121.58735,18
500111070,20231018,535,18,0,1,25.04177,121.58735,18
500111070,20231018,536,18,0,1,25.04177,121.58735,18
500111070,20231018,537,18,0,1,25.04177,121.58735,18
500111070,20231018,538,18,0,1,25.04177,121.58735,18
500111070,20231018,539,18,0,1,25.04177,121.58735,18
500111070,20231018,541,18,1,1,25.04177,121.58735,17
500111070,20231018,542,18,1,1,25.04177,121.58735,17
500111070,20231018,543,18,1,1,25.04177,121.58735,17
500111070,20231018,544,18,0,1,25.04177,121.58735,18
500111070,20231018,545,18,0,1,25.04177,121.58735,18
500111070,20231018,546,18,0,1,25.04177,121.58735,18
500111070,20231018,547,18,0,1,25.04177,121.58735,18
500111070,20231018,548,18,0,1,25.04177,121.58735,18
500111070,20231018,549,18,0,1,25.04177,121.58735,18
500111070,20231018,550,18,0,1,25.04177,121.58735,18
500111070,20231018,551,18,0,1,25.04177,121.58735,18
500111070,20231018,552,18,0,1,25.04177,121.58735,18
500111070,20231018,553,18,0,1,25.04177,121.58735,18
500111070,20231018,554,18,1,1,25.04177,121.58735,17
500111070,20231018,555,18,1,1,25.04177,121.58735,17
500111070,20231018,556,18,1,1,25.04177,121.58735,17
500111070,20231018,557,18,1,1,25.04177,121.58735,17
500111070,20231018,558,18,1,1,25.04177,121.58735,17
500111070,20231018,559,18,2,1,25.04177,121.58735,16
500111070,20231018,561,18,3,1,25.04177,121.58735,15
500111070,20231018,562,18,4,1,25.04177,121.58735,14
500111070,20231018,563,18,4,1,25.04177,121.58735,14
500111070,20231018,564,18,4,1,25.04177,121.58735,14
500111070,20231018,565,18,4,1,25.04177,121.58735,14
500111070,20231018,566,18,4,1,25.04177,121.58735,14
500111070,20231018,567,18,4,1,25.04177,121.58735,14
500111070,20231018,568,18,4,1,25.04177,121.58735,14
500111070,20231018,569,18,4,1,25.04177,121.58735,14
500111070,20231018,571,18,5,1,25.04177,121.58735,13
500111070,20231018,572,18,5,1,25.04177,121.58735,13
500111070,20231018,573,18,5,1,25.04177,121.58735,13
500111070,20231018,574,18,5,1,25.04177,121.58735,13
500111070,20231018,575,18,5,1,25.04177,121.58735,13
500111070,20231018,576,18,6,1,25.04177,121.58735,12
500111070,20231018,577,18,6,1,25.04177,121.58735,12
500111070,20231018,578,18,8,1,25.04177,121.58735,10
500111070,20231018,579,18,7,1,25.04177,121.58735,11
500111070,20231018,580,18,9,1,25.04177,121.58735,9
500111070,20231018,581,18,9,1,25.04177,121.58735,9
500111070,20231018,582,18,9,1,25.04177,121.58735,9
500111070,20231018,583,18,9,1,25.04177,121.58735,9
500111070,20231018,584,18,9,1,25.04177,121.58735,9
500111070,20231018,585,18,10,1,25.04177,121.58735,8
500111070,20231018,586,18,10,1,25.04177,121.58735,8
500111070,20231018,587,18,10,1,25.04177,121.58735,8
500111070,20231018,588,18,10,1,25.04177,121.58735,8
500111070,20231018,589,18,9,1,25.04177,121.58735,9
500111070,20231018,590,18,9,1,25.04177,121.58735,9
500111070,20231018,591,18,9,1,25.04177,121.58735,9
500111070,20231018,592,18,9,1,25.04177,121.58735,9
500111070,20231018,593,18,10,1,25.04177,121.58735,8
500111070,20231018,594,18,10,1,25.04177,121.58735,8
500111070,20231018,595,18,10,1,25.04177,121.58735,8
500111070,20231018,596,18,10,1,25.04177,121.58735,8
500111070,20231018,597,18,10,1,25.04177,121.58735,8
500111070,20231018,598,18,10,1,25.04177,121.58735,8
500111070,20231018,599,18,10,1,25.04177,121.58735,8
500111070,20231018,601,18,11,1,25.04177,121.58735,7
500111070,20231018,602,18,11,1,25.04177,121.58735,7
500111070,20231018,603,18,11,1,25.04177,121.58735,7
500111070,20231018,604,18,11,1,25.04177,121.58735,7
500111070,20231018,605,18,11,1,25.04177,121.58735,7
500111070,20231018,606,18,11,1,25.04177,121.58735,7
500111070,20231018,607,18,12,1,25.04177,121.58735,6
500111070,20231018,608,18,13,1,25.04177,121.58735,5
500111070,20231018,609,18,13,1,25.04177,121.58735,5
500111070,20231018,610,18,13,1,25.04177,121.58735,5
500111070,20231018,611,18,13,1,25.04177,121.58735,5
500111070,20231018,612,18,13,1,25.04177,121.58735,5
500111070,20231018,613,18,13,1,25.04177,121.58735,5
500111070,20231018,614,18,13,1,25.04177,121.58735,5
500111070,20231018,615,18,13,1,25.04177,121.58735,5
500111070,20231018,616,18,13,1,25.04177,121.58735,5
500111070,20231018,617,18,14,1,25.04177,121.58735,4
500111070,20231018,618,18,14,1,25.04177,121.58735,4
500111070,20231018,619,18,14,1,25.04177,121.58735,4
500111070,20231018,621,18,14,1,25.04177,121.58735,4
500111070,20231018,622,18,14,1,25.04177,121.58735,4
500111070,20231018,623,18,14,1,25.04177,121.58735,4
500111070,20231018,624,18,14,1,25.04177,121.58735,4
500111070,20231018,625,18,14,1,25.04177,121.58735,4
500111070,20231018,626,18,15,1,25.04177,121.58735,3
500111070,20231018,627,18,15,1,25.04177,121.58735,3
500111070,20231018,628,18,15,1,25.04177,121.58735,3
500111070,20231018,629,18,15,1,25.04177,121.58735,3
500111070,20231018,631,18,15,1,25.04177,121.58735,3
500111070,20231018,632,18,16,1,25.04177,121.58735,2
500111070,20231018,633,18,16,1,25.04177,121.58735,2
500111070,20231018,634,18,16,1,25.04177,121.58735,2
500111070,20231018,635,18,16,1,25.04177,121.58735,2
500111070,20231018,636,18,16,1,25.04177,121.58735,2
500111070,20231018,637,18,16,1,25.04177,121.58735,2
500111070,20231018,638,18,16,1,25.04177,121.58735,2
500111070,20231018,639,18,16,1,25.04177,121.58735,2
500111070,20231018,640,18,16,1,25.04177,121.58735,2
500111070,20231018,641,18,16,1,25.04177,121.58735,2
500111070,20231018,642,18,16,1,25.04177,121.58735,2
500111070,20231018,643,18,16,1,25.04177,121.58735,2
500111070,20231018,644,18,16,1,25.04177,121.58735,2
500111070,20231018,646,18,16,1,25.04177,121.58735,2
500111070,20231018,647,18,16,1,25.04177,121.58735,2
500111070,20231018,649,18,16,1,25.04177,121.58735,2
500111070,20231018,650,18,16,1,25.04177,121.58735,2
500111070,20231018,651,18,16,1,25.04177,121.58735,2
500111070,20231018,652,18,16,1,25.04177,121.58735,2
500111070,20231018,653,18,16,1,25.04177,121.58735,2
500111070,20231018,654,18,16,1,25.04177,121.58735,2
500111070,20231018,655,18,16,1,25.04177,121.58735,2
500111070,20231018,656,18,17,1,25.04177,121.58735,1
500111070,20231018,657,18,18,1,25.04177,121.58735,0
500111070,20231018,658,18,18,1,25.04177,121.58735,0
500111070,20231018,659,18,18,1,25.04177,121.58735,0
500111070,20231018,661,18,18,1,25.04177,121.58735,0
500111070,20231018,662,18,18,1,25.04177,121.58735,0
500111070,20231018,663,18,18,1,25.04177,121.58735,0
500111070,20231018,664,18,18,1,25.04177,121.58735,0
500111070,20231018,665,18,18,1,25.04177,121.58735,0
500111070,20231018,666,18,18,1,25.04177,121.58735,0
500111070,20231018,667,18,18,1,25.04177,121.58735,0
500111070,20231018,668,18,18,1,25.04177,121.58735,0
500111070,20231018,669,18,18,1,25.04177,121.58735,0
500111070,20231018,670,18,18,1,25.04177,121.58735,0
500111070,20231018,671,18,18,1,25.04177,121.58735,0
500111070,20231018,672,18,18,1,25.04177,121.58735,0
500111070,20231018,673,18,18,1,25.04177,121.58735,0
500111070,20231018,674,18,18,1,25.04177,121.58735,0
500111070,20231018,675,18,18,1,25.04177,121.58735,0
500111070,20231018,676,18,18,1,25.04177,121.58735,0
500111070,20231018,677,18,18,1,25.04177,121.58735,0
500111070,20231018,678,18,18,1,25.04177,121.58735,0
500111070,20231018,679,18,18,1,25.04177,121.58735,0
500111070,20231018,681,18,16,1,25.04177,121.58735,2
500111070,20231018,682,18,16,1,25.04177,121.58735,2
500111070,20231018,683,18,16,1,25.04177,121.58735,2
500111070,20231018,684,18,16,1,25.04177,121.58735,2
500111070,20231018,685,18,16,1,25.04177,121.58735,2
500111070,20231018,686,18,16,1,25.04177,121.58735,2
500111070,20231018,687,18,16,1,25.04177,121.58735,2
500111070,20231018,688,18,16,1,25.04177,121.58735,2
500111070,20231018,689,18,16,1,25.04177,121.58735,2
500111070,20231018,691,18,16,1,25.04177,121.58735,2
500111070,20231018,692,18,16,1,25.04177,121.58735,2
500111070,20231018,693,18,16,1,25.04177,121.58735,2
500111070,20231018,694,18,16,1,25.04177,121.58735,2
500111070,20231018,695,18,16,1,25.04177,121.58735,2
500111070,20231018,696,18,16,1,25.04177,121.58735,2
500111070,20231018,697,18,16,1,25.04177,121.58735,2
500111070,20231018,698,18,16,1,25.04177,121.58735,2
500111070,20231018,699,18,16,1,25.04177,121.58735,2
500111070,20231018,700,18,16,1,25.04177,121.58735,2
500111070,20231018,701,18,16,1,25.04177,121.58735,2
500111070,20231018,702,18,16,1,25.04177,121.58735,2
500111070,20231018,703,18,16,1,25.04177,121.58735,2
500111070,20231018,704,18,16,1,25.04177,121.58735,2
500111070,20231018,705,18,16,1,25.04177,121.58735,2
500111070,20231018,706,18,16,1,25.04177,121.58735,2
500111070,20231018,707,18,17,1,25.04177,121.58735,1
500111070,20231018,708,18,17,1,25.04177,121.58735,1
500111070,20231018,709,18,17,1,25.04177,121.58735,1
500111070,20231018,710,18,17,1,25.04177,121.58735,1
500111070,20231018,711,18,16,1,25.04177,121.58735,2
500111070,20231018,712,18,16,1,25.04177,121.58735,2
500111070,20231018,713,18,16,1,25.04177,121.58735,2
500111070,20231018,714,18,15,1,25.04177,121.58735,3
500111070,20231018,715,18,15,1,25.04177,121.58735,3
500111070,20231018,716,18,15,1,25.04177,121.58735,3
500111070,20231018,717,18,15,1,25.04177,121.58735,3
500111070,20231018,718,18,15,1,25.04177,121.58735,3
500111070,20231018,719,18,15,1,25.04177,121.58735,3
500111070,20231018,721,18,15,1,25.04177,121.58735,3
500111070,20231018,722,18,15,1,25.04177,121.58735,3
500111070,20231018,723,18,14,1,25.04177,121.58735,4
500111070,20231018,724,18,14,1,25.04177,121.58735,4
500111070,20231018,725,18,14,1,25.04177,121.58735,4
500111070,20231018,726,18,14,1,25.04177,121.58735,4
500111070,20231018,728,18,14,1,25.04177,121.58735,4
500111070,20231018,729,18,14,1,25.04177,121.58735,4
500111070,20231018,730,18,14,1,25.04177,121.58735,4
500111070,20231018,731,18,14,1,25.04177,121.58735,4
500111070,20231018,732,18,14,1,25.04177,121.58735,4
500111070,20231018,733,18,14,1,25.04177,121.58735,4
500111070,20231018,734,18,14,1,25.04177,121.58735,4
500111070,20231018,735,18,14,1,25.04177,121.58735,4
500111070,20231018,736,18,14,1,25.04177,121.58735,4
500111070,20231018,737,18,14,1,25.04177,121.58735,4
500111070,20231018,738,18,14,1,25.04177,121.58735,4
500111070,20231018,739,18,14,1,25.04177,121.58735,4
500111070,20231018,741,18,14,1,25.04177,121.58735,4
500111070,20231018,742,18,14,1,25.04177,121.58735,4
500111070,20231018,743,18,14,1,25.04177,121.58735,4
500111070,20231018,744,18,15,1,25.04177,121.58735,3
500111070,20231018,745,18,15,1,25.04177,121.58735,3
500111070,20231018,746,18,15,1,25.04177,121.58735,3
500111070,20231018,747,18,15,1,25.04177,121.58735,3
500111070,20231018,748,18,15,1,25.04177,121.58735,3
500111070,20231018,749,18,15,1,25.04177,121.58735,3
500111070,20231018,751,18,15,1,25.04177,121.58735,3
500111070,20231018,752,18,15,1,25.04177,121.58735,3
500111070,20231018,753,18,15,1,25.04177,121.58735,3
500111070,20231018,754,18,15,1,25.04177,121.58735,3
500111070,20231018,755,18,15,1,25.04177,121.58735,3
500111070,20231018,756,18,15,1,25.04177,121.58735,3
500111070,20231018,757,18,15,1,25.04177,121.58735,3
500111070,20231018,758,18,15,1,25.04177,121.58735,3
500111070,20231018,759,18,15,1,25.04177,121.58735,3
500111070,20231018,760,18,15,1,25.04177,121.58735,3
500111070,20231018,761,18,16,1,25.04177,121.58735,2
500111070,20231018,762,18,16,1,25.04177,121.58735,2
500111070,20231018,763,18,17,1,25.04177,121.58735,1
500111070,20231018,764,18,17,1,25.04177,121.58735,1
500111070,20231018,765,18,17,1,25.04177,121.58735,1
500111070,20231018,766,18,17,1,25.04177,121.58735,1
500111070,20231018,767,18,18,1,25.04177,121.58735,0
500111070,20231018,768,18,18,1,25.04177,121.58735,0
500111070,20231018,769,18,17,1,25.04177,121.58735,1
500111070,20231018,770,18,17,1,25.04177,121.58735,1
500111070,20231018,771,18,17,1,25.04177,121.58735,1
500111070,20231018,772,18,18,1,25.04177,121.58735,0
500111070,20231018,773,18,18,1,25.04177,121.58735,0
500111070,20231018,774,18,18,1,25.04177,121.58735,0
500111070,20231018,775,18,18,1,25.04177,121.58735,0
500111070,20231018,776,18,18,1,25.04177,121.58735,0
500111070,20231018,777,18,18,1,25.04177,121.58735,0
500111070,20231018,778,18,18,1,25.04177,121.58735,0
500111070,20231018,779,18,18,1,25.04177,121.58735,0
500111070,20231018,781,18,18,1,25.04177,121.58735,0
500111070,20231018,782,18,18,1,25.04177,121.58735,0
500111070,20231018,783,18,18,1,25.04177,121.58735,0
500111070,20231018,784,18,18,1,25.04177,121.58735,0
500111070,20231018,785,18,18,1,25.04177,121.58735,0
500111070,20231018,786,18,18,1,25.04177,121.58735,0
500111070,20231018,787,18,18,1,25.04177,121.58735,0
500111070,20231018,788,18,18,1,25.04177,121.58735,0
500111070,20231018,789,18,18,1,25.04177,121.58735,0
500111070,20231018,790,18,18,1,25.04177,121.58735,0
500111070,20231018,791,18,18,1,25.04177,121.58735,0
500111070,20231018,792,18,18,1,25.04177,121.58735,0
500111070,20231018,793,18,18,1,25.04177,121.58735,0
500111070,20231018,794,18,18,1,25.04177,121.58735,0
500111070,20231018,795,18,18,1,25.04177,121.58735,0
500111070,20231018,796,18,18,1,25.04177,121.58735,0
500111070,20231018,797,18,18,1,25.04177,121.58735,0
500111070,20231018,798,18,18,1,25.04177,121.58735,0
500111070,20231018,799,18,18,1,25.04177,121.58735,0
500111070,20231018,801,18,18,1,25.04177,121.58735,0
500111070,20231018,802,18,18,1,25.04177,121.58735,0
500111070,20231018,803,18,18,1,25.04177,121.58735,0
500111070,20231018,804,18,18,1,25.04177,121.58735,0
500111070,20231018,805,18,18,1,25.04177,121.58735,0
500111070,20231018,806,18,18,1,25.04177,121.58735,0
500111070,20231018,807,18,18,1,25.04177,121.58735,0
500111070,20231018,808,18,18,1,25.04177,121.58735,0
500111070,20231018,809,18,18,1,25.04177,121.58735,0
500111070,20231018,811,18,18,1,25.04177,121.58735,0
500111070,20231018,812,18,18,1,25.04177,121.58735,0
500111070,20231018,813,18,17,1,25.04177,121.58735,1
500111070,20231018,814,18,17,1,25.04177,121.58735,1
500111070,20231018,815,18,17,1,25.04177,121.58735,1
500111070,20231018,816,18,17,1,25.04177,121.58735,1
500111070,20231018,817,18,17,1,25.04177,121.58735,1
500111070,20231018,818,18,17,1,25.04177,121.58735,1
500111070,20231018,819,18,16,1,25.04177,121.58735,2
500111070,20231018,820,18,16,1,25.04177,121.58735,2
500111070,20231018,821,18,16,1,25.04177,121.58735,2
500111070,20231018,822,18,16,1,25.04177,121.58735,2
500111070,20231018,823,18,16,1,25.04177,121.58735,2
500111070,20231018,824,18,16,1,25.04177,121.58735,2
500111070,20231018,825,18,16,1,25.04177,121.58735,2
500111070,20231018,826,18,16,1,25.04177,121.58735,2
500111070,20231018,827,18,15,1,25.04177,121.58735,3
500111070,20231018,828,18,15,1,25.04177,121.58735,3
500111070,20231018,829,18,15,1,25.04177,121.58735,3
500111070,20231018,830,18,15,1,25.04177,121.58735,3
500111070,20231018,831,18,15,1,25.04177,121.58735,3
500111070,20231018,832,18,15,1,25.04177,121.58735,3
500111070,20231018,833,18,15,1,25.04177,121.58735,3
500111070,20231018,834,18,15,1,25.04177,121.58735,3
500111070,20231018,835,18,15,1,25.04177,121.58735,3
500111070,20231018,836,18,15,1,25.04177,121.58735,3
500111070,20231018,837,18,15,1,25.04177,121.58735,3
500111070,20231018,838,18,15,1,25.04177,121.58735,3
500111070,20231018,839,18,15,1,25.04177,121.58735,3
500111070,20231018,841,18,15,1,25.04177,121.58735,3
500111070,20231018,842,18,15,1,25.04177,121.58735,3
500111070,20231018,843,18,15,1,25.04177,121.58735,3
500111070,20231018,844,18,15,1,25.04177,121.58735,3
500111070,20231018,845,18,16,1,25.04177,121.58735,2
500111070,20231018,846,18,16,1,25.04177,121.58735,2
500111070,20231018,847,18,17,1,25.04177,121.58735,1
500111070,20231018,848,18,17,1,25.04177,121.58735,1
500111070,20231018,849,18,17,1,25.04177,121.58735,1
500111070,20231018,850,18,16,1,25.04177,121.58735,2
500111070,20231018,851,18,16,1,25.04177,121.58735,2
500111070,20231018,852,18,17,1,25.04177,121.58735,1
500111070,20231018,853,18,17,1,25.04177,121.58735,1
500111070,20231018,854,18,17,1,25.04177,121.58735,1
500111070,20231018,855,18,17,1,25.04177,121.58735,1
500111070,20231018,856,18,17,1,25.04177,121.58735,1
500111070,20231018,857,18,17,1,25.04177,121.58735,1
500111070,20231018,858,18,17,1,25.04177,121.58735,1
500111070,20231018,859,18,17,1,25.04177,121.58735,1
500111070,20231018,861,18,17,1,25.04177,121.58735,1
500111070,20231018,862,18,17,1,25.04177,121.58735,1
500111070,20231018,863,18,17,1,25.04177,121.58735,1
500111070,20231018,864,18,17,1,25.04177,121.58735,1
500111070,20231018,865,18,17,1,25.04177,121.58735,1
500111070,20231018,866,18,16,1,25.04177,121.58735,2
500111070,20231018,867,18,16,1,25.04177,121.58735,2
500111070,20231018,868,18,16,1,25.04177,121.58735,2
500111070,20231018,869,18,17,1,25.04177,121.58735,1
500111070,20231018,870,18,17,1,25.04177,121.58735,1
500111070,20231018,871,18,17,1,25.04177,121.58735,1
500111070,20231018,872,18,17,1,25.04177,121.58735,1
500111070,20231018,873,18,17,1,25.04177,121.58735,1
500111070,20231018,874,18,17,1,25.04177,121.58735,1
500111070,20231018,875,18,17,1,25.04177,121.58735,1
500111070,20231018,876,18,17,1,25.04177,121.58735,1
500111070,20231018,877,18,17,1,25.04177,121.58735,1
500111070,20231018,878,18,17,1,25.04177,121.58735,1
500111070,20231018,879,18,17,1,25.04177,121.58735,1
500111070,20231018,880,18,17,1,25.04177,121.58735,1
500111070,20231018,881,18,17,1,25.04177,121.58735,1
500111070,20231018,882,18,17,1,25.04177,121.58735,1
500111070,20231018,883,18,17,1,25.04177,121.58735,1
500111070,20231018,884,18,17,1,25.04177,121.58735,1
500111070,20231018,885,18,17,1,25.04177,121.58735,1
500111070,20231018,886,18,17,1,25.04177,121.58735,1
500111070,20231018,887,18,17,1,25.04177,121.58735,1
500111070,20231018,888,18,17,1,25.04177,121.58735,1
500111070,20231018,889,18,17,1,25.04177,121.58735,1
500111070,20231018,890,18,17,1,25.04177,121.58735,1
500111070,20231018,891,18,17,1,25.04177,121.58735,1
500111070,20231018,892,18,17,1,25.04177,121.58735,1
500111070,20231018,893,18,17,1,25.04177,121.58735,1
500111070,20231018,894,18,17,1,25.04177,121.58735,1
500111070,20231018,895,18,17,1,25.04177,121.58735,1
500111070,20231018,896,18,17,1,25.04177,121.58735,1
500111070,20231018,897,18,16,1,25.04177,121.58735,2
500111070,20231018,898,18,16,1,25.04177,121.58735,2
500111070,20231018,899,18,16,1,25.04177,121.58735,2
500111070,20231018,901,18,16,1,25.04177,121.58735,2
500111070,20231018,902,18,16,1,25.04177,121.58735,2
500111070,20231018,903,18,16,1,25.04177,121.58735,2
500111070,20231018,904,18,16,1,25.04177,121.58735,2
500111070,20231018,905,18,16,1,25.04177,121.58735,2
500111070,20231018,906,18,16,1,25.04177,121.58735,2
500111070,20231018,907,18,16,1,25.04177,121.58735,2
500111070,20231018,908,18,16,1,25.04177,121.58735,2
500111070,20231018,909,18,16,1,25.04177,121.58735,2
500111070,20231018,910,18,16,1,25.04177,121.58735,2
500111070,20231018,911,18,16,1,25.04177,121.58735,2
500111070,20231018,912,18,16,1,25.04177,121.58735,2
500111070,20231018,913,18,16,1,25.04177,121.58735,2
500111070,20231018,914,18,16,1,25.04177,121.58735,2
500111070,20231018,915,18,16,1,25.04177,121.58735,2
500111070,20231018,916,18,16,1,25.04177,121.58735,2
500111070,20231018,917,18,16,1,25.04177,121.58735,2
500111070,20231018,918,18,16,1,25.04177,121.58735,2
500111070,20231018,919,18,16,1,25.04177,121.58735,2
500111070,20231018,921,18,16,1,25.04177,121.58735,2
500111070,20231018,922,18,16,1,25.04177,121.58735,2
500111070,20231018,923,18,16,1,25.04177,121.58735,2
500111070,20231018,924,18,17,1,25.04177,121.58735,1
500111070,20231018,925,18,17,1,25.04177,121.58735,1
500111070,20231018,926,18,18,1,25.04177,121.58735,0
500111070,20231018,927,18,18,1,25.04177,121.58735,0
500111070,20231018,928,18,18,1,25.04177,121.58735,0
500111070,20231018,929,18,18,1,25.04177,121.58735,0
500111070,20231018,931,18,18,1,25.04177,121.58735,0
500111070,20231018,932,18,18,1,25.04177,121.58735,0
500111070,20231018,933,18,18,1,25.04177,121.58735,0
500111070,20231018,934,18,18,1,25.04177,121.58735,0
500111070,20231018,935,18,18,1,25.04177,121.58735,0
500111070,20231018,936,18,17,1,25.04177,121.58735,1
500111070,20231018,937,18,17,1,25.04177,121.58735,1
500111070,20231018,938,18,17,1,25.04177,121.58735,1
500111070,20231018,939,18,18,1,25.04177,121.58735,0
500111070,20231018,940,18,18,1,25.04177,121.58735,0
500111070,20231018,941,18,18,1,25.04177,121.58735,0
500111070,20231018,942,18,18,1,25.04177,121.58735,0
500111070,20231018,943,18,18,1,25.04177,121.58735,0
500111070,20231018,944,18,18,1,25.04177,121.58735,0
500111070,20231018,946,18,18,1,25.04177,121.58735,0
500111070,20231018,948,18,18,1,25.04177,121.58735,0
500111070,20231018,949,18,18,1,25.04177,121.58735,0
500111070,20231018,950,18,18,1,25.04177,121.58735,0
500111070,20231018,952,18,18,1,25.04177,121.58735,0
500111070,20231018,953,18,18,1,25.04177,121.58735,0
500111070,20231018,954,18,18,1,25.04177,121.58735,0
500111070,20231018,955,18,18,1,25.04177,121.58735,0
500111070,20231018,956,18,18,1,25.04177,121.58735,0
500111070,20231018,957,18,18,1,25.04177,121.58735,0
500111070,20231018,958,18,18,1,25.04177,121.58735,0
500111070,20231018,959,18,18,1,25.04177,121.58735,0
500111070,20231018,961,18,18,1,25.04177,121.58735,0
500111070,20231018,962,18,18,1,25.04177,121.58735,0
500111070,20231018,963,18,18,1,25.04177,121.58735,0
500111070,20231018,964,18,18,1,25.04177,121.58735,0
500111070,20231018,965,18,18,1,25.04177,121.58735,0
500111070,20231018,966,18,18,1,25.04177,121.58735,0
500111070,20231018,967,18,18,1,25.04177,121.58735,0
500111070,20231018,968,18,18,1,25.04177,121.58735,0
500111070,20231018,969,18,18,1,25.04177,121.58735,0
500111070,20231018,971,18,18,1,25.04177,121.58735,0
500111070,20231018,972,18,18,1,25.04177,121.58735,0
500111070,20231018,973,18,18,1,25.04177,121.58735,0
500111070,20231018,974,18,17,1,25.04177,121.58735,1
500111070,20231018,975,18,16,1,25.04177,121.58735,2
500111070,20231018,976,18,16,1,25.04177,121.58735,2
500111070,20231018,977,18,16,1,25.04177,121.58735,2
500111070,20231018,978,18,16,1,25.04177,121.58735,2
500111070,20231018,979,18,16,1,25.04177,121.58735,2
500111070,20231018,981,18,16,1,25.04177,121.58735,2
500111070,20231018,982,18,16,1,25.04177,121.58735,2
500111070,20231018,983,18,16,1,25.04177,121.58735,2
500111070,20231018,984,18,15,1,25.04177,121.58735,3
500111070,20231018,985,18,14,1,25.04177,121.58735,4
500111070,20231018,986,18,14,1,25.04177,121.58735,4
500111070,20231018,987,18,14,1,25.04177,121.58735,4
500111070,20231018,988,18,14,1,25.04177,121.58735,4
500111070,20231018,989,18,14,1,25.04177,121.58735,4
500111070,20231018,991,18,14,1,25.04177,121.58735,4
500111070,20231018,992,18,14,1,25.04177,121.58735,4
500111070,20231018,993,18,14,1,25.04177,121.58735,4
500111070,20231018,994,18,14,1,25.04177,121.58735,4
500111070,20231018,995,18,14,1,25.04177,121.58735,4
500111070,20231018,996,18,14,1,25.04177,121.58735,4
500111070,20231018,997,18,14,1,25.04177,121.58735,4
500111070,20231018,998,18,13,1,25.04177,121.58735,5
500111070,20231018,999,18,13,1,25.04177,121.58735,5
500111070,20231018,1001,18,12,1,25.04177,121.58735,6
500111070,20231018,1002,18,12,1,25.04177,121.58735,6
500111070,20231018,1003,18,12,1,25.04177,121.58735,6
500111070,20231018,1004,18,10,1,25.04177,121.58735,8
500111070,20231018,1005,18,10,1,25.04177,121.58735,8
500111070,20231018,1006,18,10,1,25.04177,121.58735,8
500111070,20231018,1007,18,10,1,25.04177,121.58735,8
500111070,20231018,1008,18,9,1,25.04177,121.58735,9
500111070,20231018,1009,18,9,1,25.04177,121.58735,9
500111070,20231018,1011,18,9,1,25.04177,121.58735,9
500111070,20231018,1012,18,10,1,25.04177,121.58735,8
500111070,20231018,1013,18,9,1,25.04177,121.58735,9
500111070,20231018,1014,18,9,1,25.04177,121.58735,9
500111070,20231018,1015,18,9,1,25.04177,121.58735,9
500111070,20231018,1016,18,8,1,25.04177,121.58735,10
500111070,20231018,1017,18,8,1,25.04177,121.58735,10
500111070,20231018,1018,18,8,1,25.04177,121.58735,10
500111070,20231018,1019,18,8,1,25.04177,121.58735,10
500111070,20231018,1021,18,8,1,25.04177,121.58735,10
500111070,20231018,1022,18,8,1,25.04177,121.58735,10
500111070,20231018,1023,18,8,1,25.04177,121.58735,10
500111070,20231018,1024,18,8,1,25.04177,121.58735,10
500111070,20231018,1025,18,8,1,25.04177,121.58735,10
500111070,20231018,1026,18,8,1,25.04177,121.58735,10
500111070,20231018,1027,18,8,1,25.04177,121.58735,10
500111070,20231018,1028,18,9,1,25.04177,121.58735,9
500111070,20231018,1029,18,9,1,25.04177,121.58735,9
500111070,20231018,1031,18,8,1,25.04177,121.58735,10
500111070,20231018,1032,18,9,1,25.04177,121.58735,9
500111070,20231018,1033,18,9,1,25.04177,121.58735,9
500111070,20231018,1034,18,9,1,25.04177,121.58735,9
500111070,20231018,1035,18,9,1,25.04177,121.58735,9
500111070,20231018,1036,18,9,1,25.04177,121.58735,9
500111070,20231018,1037,18,9,1,25.04177,121.58735,9
500111070,20231018,1038,18,9,1,25.04177,121.58735,9
500111070,20231018,1039,18,9,1,25.04177,121.58735,9
500111070,20231018,1041,18,9,1,25.04177,121.58735,9
500111070,20231018,1042,18,9,1,25.04177,121.58735,9
500111070,20231018,1043,18,9,1,25.04177,121.58735,9
500111070,20231018,1044,18,9,1,25.04177,121.58735,9
500111070,20231018,1045,18,9,1,25.04177,121.58735,9
500111070,20231018,1046,18,9,1,25.04177,121.58735,9
500111070,20231018,1047,18,9,1,25.04177,121.58735,9
500111070,20231018,1048,18,9,1,25.04177,121.58735,9
500111070,20231018,1049,18,8,1,25.04177,121.58735,10
500111070,20231018,1051,18,8,1,25.04177,121.58735,10
500111070,20231018,1052,18,7,1,25.04177,121.58735,11
500111070,20231018,1053,18,7,1,25.04177,121.58735,11
500111070,20231018,1054,18,7,1,25.04177,121.58735,11
500111070,20231018,1055,18,8,1,25.04177,121.58735,10
500111070,20231018,1056,18,8,1,25.04177,121.58735,10
500111070,20231018,1057,18,8,1,25.04177,121.58735,10
500111070,20231018,1058,18,8,1,25.04177,121.58735,10
500111070,20231018,1059,18,8,1,25.04177,121.58735,10
500111070,20231018,1061,18,8,1,25.04177,121.58735,10
500111070,20231018,1062,18,9,1,25.04177,121.58735,9
500111070,20231018,1063,18,10,1,25.04177,121.58735,8
500111070,20231018,1064,18,10,1,25.04177,121.58735,8
500111070,20231018,1065,18,9,1,25.04177,121.58735,9
500111070,20231018,1066,18,8,1,25.04177,121.58735,10
500111070,20231018,1067,18,7,1,25.04177,121.58735,11
500111070,20231018,1068,18,7,1,25.04177,121.58735,11
500111070,20231018,1069,18,7,1,25.04177,121.58735,11
500111070,20231018,1070,18,7,1,25.04177,121.58735,11
500111070,20231018,1071,18,7,1,25.04177,121.58735,11
500111070,20231018,1072,18,7,1,25.04177,121.58735,11
500111070,20231018,1073,18,7,1,25.04177,121.58735,11
500111070,20231018,1074,18,7,1,25.04177,121.58735,11
500111070,20231018,1075,18,7,1,25.04177,121.58735,11
500111070,20231018,1076,18,8,1,25.04177,121.58735,10
500111070,20231018,1077,18,8,1,25.04177,121.58735,10
500111070,20231018,1078,18,7,1,25.04177,121.58735,11
500111070,20231018,1079,18,7,1,25.04177,121.58735,11
500111070,20231018,1081,18,5,1,25.04177,121.58735,13
500111070,20231018,1082,18,5,1,25.04177,121.58735,13
500111070,20231018,1083,18,5,1,25.04177,121.58735,13
500111070,20231018,1084,18,5,1,25.04177,121.58735,13
500111070,20231018,1085,18,5,1,25.04177,121.58735,13
500111070,20231018,1086,18,4,1,25.04177,121.58735,14
500111070,20231018,1087,18,4,1,25.04177,121.58735,14
500111070,20231018,1088,18,3,1,25.04177,121.58735,15
500111070,20231018,1089,18,3,1,25.04177,121.58735,15
500111070,20231018,1090,18,3,1,25.04177,121.58735,15
500111070,20231018,1091,18,3,1,25.04177,121.58735,15
500111070,20231018,1092,18,3,1,25.04177,121.58735,15
500111070,20231018,1093,18,3,1,25.04177,121.58735,15
500111070,20231018,1094,18,3,1,25.04177,121.58735,15
500111070,20231018,1095,18,1,1,25.04177,121.58735,17
500111070,20231018,1096,18,1,1,25.04177,121.58735,17
500111070,20231018,1097,18,0,1,25.04177,121.58735,18
500111070,20231018,1098,18,0,1,25.04177,121.58735,18
500111070,20231018,1099,18,0,1,25.04177,121.58735,18
500111070,20231018,1101,18,0,1,25.04177,121.58735,18
500111070,20231018,1102,18,0,1,25.04177,121.58735,18
500111070,20231018,1103,18,0,1,25.04177,121.58735,18
500111070,20231018,1104,18,0,1,25.04177,121.58735,18
500111070,20231018,1105,18,0,1,25.04177,121.58735,18
500111070,20231018,1106,18,0,1,25.04177,121.58735,18
500111070,20231018,1107,18,0,1,25.04177,121.58735,18
500111070,20231018,1108,18,0,1,25.04177,121.58735,18
500111070,20231018,1109,18,0,1,25.04177,121.58735,18
500111070,20231018,1111,18,0,1,25.04177,121.58735,18
500111070,20231018,1112,18,0,1,25.04177,121.58735,18
500111070,20231018,1113,18,1,1,25.04177,121.58735,17
500111070,20231018,1114,18,1,1,25.04177,121.58735,17
500111070,20231018,1115,18,1,1,25.04177,121.58735,17
500111070,20231018,1116,18,1,1,25.04177,121.58735,17
500111070,20231018,1117,18,1,1,25.04177,121.58735,17
500111070,20231018,1118,18,0,1,25.04177,121.58735,18
500111070,20231018,1119,18,0,1,25.04177,121.58735,18
500111070,20231018,1120,18,0,1,25.04177,121.58735,18
500111070,20231018,1121,18,0,1,25.04177,121.58735,18
500111070,20231018,1122,18,0,1,25.04177,121.58735,18
500111070,20231018,1123,18,0,1,25.04177,121.58735,18
500111070,20231018,1124,18,0,1,25.04177,121.58735,18
500111070,20231018,1125,18,0,1,25.04177,121.58735,18
500111070,20231018,1126,18,0,1,25.04177,121.58735,18
500111070,20231018,1127,18,0,1,25.04177,121.58735,18
500111070,20231018,1128,18,0,1,25.04177,121.58735,18
500111070,20231018,1129,18,0,1,25.04177,121.58735,18
500111070,20231018,1130,18,0,1,25.04177,121.58735,18
500111070,20231018,1131,18,0,1,25.04177,121.58735,18
500111070,20231018,1132,18,0,1,25.04177,121.58735,18
500111070,20231018,1133,18,0,1,25.04177,121.58735,18
500111070,20231018,1134,18,0,1,25.04177,121.58735,18
500111070,20231018,1135,18,0,1,25.04177,121.58735,18
500111070,20231018,1136,18,0,1,25.04177,121.58735,18
500111070,20231018,1137,18,0,1,25.04177,121.58735,18
500111070,20231018,1138,18,0,1,25.04177,121.58735,18
500111070,20231018,1139,18,0,1,25.04177,121.58735,18
500111070,20231018,1141,18,0,1,25.04177,121.58735,18
500111070,20231018,1142,18,1,1,25.04177,121.58735,17
500111070,20231018,1143,18,1,1,25.04177,121.58735,17
500111070,20231018,1144,18,1,1,25.04177,121.58735,17
500111070,20231018,1145,18,1,1,25.04177,121.58735,17
500111070,20231018,1146,18,0,1,25.04177,121.58735,18
500111070,20231018,1147,18,4,1,25.04177,121.58735,14
500111070,20231018,1148,18,8,1,25.04177,121.58735,10
500111070,20231018,1149,18,12,1,25.04177,121.58735,6
500111070,20231018,1150,18,17,1,25.04177,121.58735,1
500111070,20231018,1151,18,18,1,25.04177,121.58735,0
500111070,20231018,1152,18,18,1,25.04177,121.58735,0
500111070,20231018,1153,18,18,1,25.04177,121.58735,0
500111070,20231018,1154,18,18,1,25.04177,121.58735,0
500111070,20231018,1155,18,18,1,25.04177,121.58735,0
500111070,20231018,1156,18,18,1,25.04177,121.58735,0
500111070,20231018,1157,18,18,1,25.04177,121.58735,0
500111070,20231018,1158,18,18,1,25.04177,121.58735,0
500111070,20231018,1159,18,18,1,25.04177,121.58735,0
500111070,20231018,1161,18,18,1,25.04177,121.58735,0
500111070,20231018,1162,18,16,1,25.04177,121.58735,2
500111070,20231018,1163,18,16,1,25.04177,121.58735,2
500111070,20231018,1164,18,16,1,25.04177,121.58735,2
500111070,20231018,1165,18,16,1,25.04177,121.58735,2
500111070,20231018,1166,18,17,1,25.04177,121.58735,1
500111070,20231018,1167,18,16,1,25.04177,121.58735,2
500111070,20231018,1168,18,16,1,25.04177,121.58735,2
500111070,20231018,1169,18,16,1,25.04177,121.58735,2
500111070,20231018,1171,18,16,1,25.04177,121.58735,2
500111070,20231018,1172,18,16,1,25.04177,121.58735,2
500111070,20231018,1173,18,15,1,25.04177,121.58735,3
500111070,20231018,1174,18,15,1,25.04177,121.58735,3
500111070,20231018,1175,18,15,1,25.04177,121.58735,3
500111070,20231018,1176,18,15,1,25.04177,121.58735,3
500111070,20231018,1177,18,15,1,25.04177,121.58735,3
500111070,20231018,1178,18,16,1,25.04177,121.58735,2
500111070,20231018,1179,18,16,1,25.04177,121.58735,2
500111070,20231018,1180,18,16,1,25.04177,121.58735,2
500111070,20231018,1181,18,16,1,25.04177,121.58735,2
500111070,20231018,1182,18,16,1,25.04177,121.58735,2
500111070,20231018,1183,18,16,1,25.04177,121.58735,2
500111070,20231018,1184,18,16,1,25.04177,121.58735,2
500111070,20231018,1185,18,16,1,25.04177,121.58735,2
500111070,20231018,1186,18,15,1,25.04177,121.58735,3
500111070,20231018,1187,18,14,1,25.04177,121.58735,4
500111070,20231018,1188,18,13,1,25.04177,121.58735,5
500111070,20231018,1189,18,13,1,25.04177,121.58735,5
500111070,20231018,1190,18,13,1,25.04177,121.58735,5
500111070,20231018,1191,18,14,1,25.04177,121.58735,4
500111070,20231018,1192,18,13,1,25.04177,121.58735,5
500111070,20231018,1193,18,13,1,25.04177,121.58735,5
500111070,20231018,1194,18,13,1,25.04177,121.58735,5
500111070,20231018,1195,18,13,1,25.04177,121.58735,5
500111070,20231018,1196,18,13,1,25.04177,121.58735,5
500111070,20231018,1197,18,13,1,25.04177,121.58735,5
500111070,20231018,1198,18,13,1,25.04177,121.58735,5
500111070,20231018,1199,18,13,1,25.04177,121.58735,5
500111070,20231018,1201,18,13,1,25.04177,121.58735,5
500111070,20231018,1202,18,13,1,25.04177,121.58735,5
500111070,20231018,1203,18,13,1,25.04177,121.58735,5
500111070,20231018,1204,18,13,1,25.04177,121.58735,5
500111070,20231018,1205,18,13,1,25.04177,121.58735,5
500111070,20231018,1206,18,13,1,25.04177,121.58735,5
500111070,20231018,1207,18,13,1,25.04177,121.58735,5
500111070,20231018,1208,18,13,1,25.04177,121.58735,5
500111070,20231018,1209,18,13,1,25.04177,121.58735,5
500111070,20231018,1210,18,13,1,25.04177,121.58735,5
500111070,20231018,1211,18,13,1,25.04177,121.58735,5
500111070,20231018,1212,18,13,1,25.04177,121.58735,5
500111070,20231018,1213,18,11,1,25.04177,121.58735,7
500111070,20231018,1214,18,12,1,25.04177,121.58735,6
500111070,20231018,1215,18,12,1,25.04177,121.58735,6
500111070,20231018,1216,18,12,1,25.04177,121.58735,6
500111070,20231018,1217,18,12,1,25.04177,121.58735,6
500111070,20231018,1218,18,11,1,25.04177,121.58735,7
500111070,20231018,1219,18,11,1,25.04177,121.58735,7
500111070,20231018,1221,18,11,1,25.04177,121.58735,7
500111070,20231018,1222,18,11,1,25.04177,121.58735,7
500111070,20231018,1223,18,10,1,25.04177,121.58735,8
500111070,20231018,1225,18,10,1,25.04177,121.58735,8
500111070,20231018,1226,18,10,1,25.04177,121.58735,8
500111070,20231018,1227,18,10,1,25.04177,121.58735,8
500111070,20231018,1228,18,9,1,25.04177,121.58735,9
500111070,20231018,1229,18,9,1,25.04177,121.58735,9
500111070,20231018,1231,18,10,1,25.04177,121.58735,8
500111070,20231018,1232,18,10,1,25.04177,121.58735,8
500111070,20231018,1233,18,10,1,25.04177,121.58735,8
500111070,20231018,1234,18,10,1,25.04177,121.58735,8
500111070,20231018,1235,18,8,1,25.04177,121.58735,10
500111070,20231018,1236,18,8,1,25.04177,121.58735,10
500111070,20231018,1237,18,8,1,25.04177,121.58735,10
500111070,20231018,1238,18,8,1,25.04177,121.58735,10
500111070,20231018,1239,18,10,1,25.04177,121.58735,8
500111070,20231018,1240,18,11,1,25.04177,121.58735,7
500111070,20231018,1241,18,12,1,25.04177,121.58735,6
500111070,20231018,1242,18,14,1,25.04177,121.58735,4
500111070,20231018,1243,18,16,1,25.04177,121.58735,2
500111070,20231018,1244,18,16,1,25.04177,121.58735,2
500111070,20231018,1245,18,16,1,25.04177,121.58735,2
500111070,20231018,1246,18,17,1,25.04177,121.58735,1
500111070,20231018,1247,18,17,1,25.04177,121.58735,1
500111070,20231018,1248,18,16,1,25.04177,121.58735,2
500111070,20231018,1249,18,16,1,25.04177,121.58735,2
500111070,20231018,1251,18,16,1,25.04177,121.58735,2
500111070,20231018,1252,18,16,1,25.04177,121.58735,2
500111070,20231018,1253,18,16,1,25.04177,121.58735,2
500111070,20231018,1254,18,16,1,25.04177,121.58735,2
500111070,20231018,1255,18,16,1,25.04177,121.58735,2
500111070,20231018,1256,18,16,1,25.04177,121.58735,2
500111070,20231018,1257,18,16,1,25.04177,121.58735,2
500111070,20231018,1258,18,15,1,25.04177,121.58735,3
500111070,20231018,1259,18,15,1,25.04177,121.58735,3
500111070,20231018,1261,18,15,1,25.04177,121.58735,3
500111070,20231018,1262,18,15,1,25.04177,121.58735,3
500111070,20231018,1263,18,15,1,25.04177,121.58735,3
500111070,20231018,1264,18,15,1,25.04177,121.58735,3
500111070,20231018,1265,18,15,1,25.04177,121.58735,3
500111070,20231018,1266,18,15,1,25.04177,121.58735,3
500111070,20231018,1267,18,15,1,25.04177,121.58735,3
500111070,20231018,1268,18,15,1,25.04177,121.58735,3
500111070,20231018,1269,18,15,1,25.04177,121.58735,3
500111070,20231018,1270,18,15,1,25.04177,121.58735,3
500111070,20231018,1271,18,16,1,25.04177,121.58735,2
500111070,20231018,1272,18,16,1,25.04177,121.58735,2
500111070,20231018,1273,18,16,1,25.04177,121.58735,2
500111070,20231018,1274,18,16,1,25.04177,121.58735,2
500111070,20231018,1275,18,16,1,25.04177,121.58735,2
500111070,20231018,1276,18,16,1,25.04177,121.58735,2
500111070,20231018,1277,18,16,1,25.04177,121.58735,2
500111070,20231018,1278,18,16,1,25.04177,121.58735,2
500111070,20231018,1279,18,16,1,25.04177,121.58735,2
500111070,20231018,1281,18,13,1,25.04177,121.58735,5
500111070,20231018,1282,18,13,1,25.04177,121.58735,5
500111070,20231018,1283,18,13,1,25.04177,121.58735,5
500111070,20231018,1284,18,13,1,25.04177,121.58735,5
500111070,20231018,1285,18,13,1,25.04177,121.58735,5
500111070,20231018,1286,18,13,1,25.04177,121.58735,5
500111070,20231018,1287,18,13,1,25.04177,121.58735,5
500111070,20231018,1288,18,13,1,25.04177,121.58735,5
500111070,20231018,1289,18,13,1,25.04177,121.58735,5
500111070,20231018,1291,18,13,1,25.04177,121.58735,5
500111070,20231018,1292,18,13,1,25.04177,121.58735,5
500111070,20231018,1293,18,13,1,25.04177,121.58735,5
500111070,20231018,1294,18,13,1,25.04177,121.58735,5
500111070,20231018,1295,18,11,1,25.04177,121.58735,7
500111070,20231018,1296,18,11,1,25.04177,121.58735,7
500111070,20231018,1297,18,11,1,25.04177,121.58735,7
500111070,20231018,1298,18,11,1,25.04177,121.58735,7
500111070,20231018,1299,18,11,1,25.04177,121.58735,7
500111070,20231018,1300,18,11,1,25.04177,121.58735,7
500111070,20231018,1301,18,11,1,25.04177,121.58735,7
500111070,20231018,1302,18,11,1,25.04177,121.58735,7
500111070,20231018,1303,18,11,1,25.04177,121.58735,7
500111070,20231018,1304,18,11,1,25.04177,121.58735,7
500111070,20231018,1305,18,11,1,25.04177,121.58735,7
500111070,20231018,1306,18,11,1,25.04177,121.58735,7
500111070,20231018,1307,18,10,1,25.04177,121.58735,8
500111070,20231018,1308,18,9,1,25.04177,121.58735,9
500111070,20231018,1309,18,9,1,25.04177,121.58735,9
500111070,20231018,1310,18,9,1,25.04177,121.58735,9
500111070,20231018,1311,18,9,1,25.04177,121.58735,9
500111070,20231018,1312,18,9,1,25.04177,121.58735,9
500111070,20231018,1313,18,9,1,25.04177,121.58735,9
500111070,20231018,1314,18,9,1,25.04177,121.58735,9
500111070,20231018,1315,18,9,1,25.04177,121.58735,9
500111070,20231018,1316,18,9,1,25.04177,121.58735,9
500111070,20231018,1317,18,9,1,25.04177,121.58735,9
500111070,20231018,1318,18,10,1,25.04177,121.58735,8
500111070,20231018,1319,18,10,1,25.04177,121.58735,8
500111070,20231018,1321,18,9,1,25.04177,121.58735,9
500111070,20231018,1322,18,9,1,25.04177,121.58735,9
500111070,20231018,1323,18,8,1,25.04177,121.58735,10
500111070,20231018,1324,18,8,1,25.04177,121.58735,10
500111070,20231018,1325,18,7,1,25.04177,121.58735,11
500111070,20231018,1326,18,7,1,25.04177,121.58735,11
500111070,20231018,1327,18,7,1,25.04177,121.58735,11
500111070,20231018,1328,18,7,1,25.04177,121.58735,11
500111070,20231018,1329,18,7,1,25.04177,121.58735,11
500111070,20231018,1330,18,7,1,25.04177,121.58735,11
500111070,20231018,1331,18,6,1,25.04177,121.58735,12
500111070,20231018,1332,18,5,1,25.04177,121.58735,13
500111070,20231018,1333,18,5,1,25.04177,121.58735,13
500111070,20231018,1334,18,5,1,25.04177,121.58735,13
500111070,20231018,1335,18,5,1,25.04177,121.58735,13
500111070,20231018,1336,18,4,1,25.04177,121.58735,14
500111070,20231018,1337,18,4,1,25.04177,121.58735,14
500111070,20231018,1338,18,3,1,25.04177,121.58735,15
500111070,20231018,1339,18,2,1,25.04177,121.58735,16
500111070,20231018,1341,18,2,1,25.04177,121.58735,16
500111070,20231018,1342,18,2,1,25.04177,121.58735,16
500111070,20231018,1343,18,2,1,25.04177,121.58735,16
500111070,20231018,1344,18,2,1,25.04177,121.58735,16
500111070,20231018,1345,18,2,1,25.04177,121.58735,16
500111070,20231018,1346,18,2,1,25.04177,121.58735,16
500111070,20231018,1347,18,2,1,25.04177,121.58735,16
500111070,20231018,1348,18,2,1,25.04177,121.58735,16
500111070,20231018,1349,18,2,1,25.04177,121.58735,16
500111070,20231018,1351,18,2,1,25.04177,121.58735,16
500111070,20231018,1352,18,2,1,25.04177,121.58735,16
500111070,20231018,1353,18,2,1,25.04177,121.58735,16
500111070,20231018,1354,18,2,1,25.04177,121.58735,16
500111070,20231018,1355,18,1,1,25.04177,121.58735,17
500111070,20231018,1356,18,1,1,25.04177,121.58735,17
500111070,20231018,1357,18,1,1,25.04177,121.58735,17
500111070,20231018,1358,18,1,1,25.04177,121.58735,17
500111070,20231018,1359,18,1,1,25.04177,121.58735,17
500111070,20231018,1360,18,1,1,25.04177,121.58735,17
500111070,20231018,1361,18,1,1,25.04177,121.58735,17
500111070,20231018,1362,18,1,1,25.04177,121.58735,17
500111070,20231018,1363,18,1,1,25.04177,121.58735,17
500111070,20231018,1364,18,1,1,25.04177,121.58735,17
500111070,20231018,1365,18,1,1,25.04177,121.58735,17
500111070,20231018,1366,18,1,1,25.04177,121.58735,17
500111070,20231018,1367,18,1,1,25.04177,121.58735,17
500111070,20231018,1368,18,0,1,25.04177,121.58735,18
500111070,20231018,1369,18,0,1,25.04177,121.58735,18
500111070,20231018,1370,18,0,1,25.04177,121.58735,18
500111070,20231018,1371,18,0,1,25.04177,121.58735,18
500111070,20231018,1372,18,0,1,25.04177,121.58735,18
500111070,20231018,1373,18,0,1,25.04177,121.58735,18
500111070,20231018,1374,18,0,1,25.04177,121.58735,18
500111070,20231018,1375,18,0,1,25.04177,121.58735,18
500111070,20231018,1376,18,0,1,25.04177,121.58735,18
500111070,20231018,1377,18,0,1,25.04177,121.58735,18
500111070,20231018,1378,18,0,1,25.04177,121.58735,18
500111070,20231018,1379,18,0,1,25.04177,121.58735,18
500111070,20231018,1381,18,2,1,25.04177,121.58735,16
500111070,20231018,1382,18,6,1,25.04177,121.58735,12
500111070,20231018,1383,18,6,1,25.04177,121.58735,12
500111070,20231018,1384,18,10,1,25.04177,121.58735,8
500111070,20231018,1385,18,12,1,25.04177,121.58735,6
500111070,20231018,1386,18,12,1,25.04177,121.58735,6
500111070,20231018,1387,18,14,1,25.04177,121.58735,4
500111070,20231018,1388,18,14,1,25.04177,121.58735,4
500111070,20231018,1389,18,14,1,25.04177,121.58735,4
500111070,20231018,1390,18,14,1,25.04177,121.58735,4
500111070,20231018,1391,18,14,1,25.04177,121.58735,4
500111070,20231018,1392,18,14,1,25.04177,121.58735,4
500111070,20231018,1393,18,14,1,25.04177,121.58735,4
500111070,20231018,1394,18,14,1,25.04177,121.58735,4
500111070,20231018,1395,18,14,1,25.04177,121.58735,4
500111070,20231018,1396,18,14,1,25.04177,121.58735,4
500111070,20231018,1397,18,14,1,25.04177,121.58735,4
500111070,20231018,1398,18,14,1,25.04177,121.58735,4
500111070,20231018,1399,18,14,1,25.04177,121.58735,4
500111070,20231018,1401,18,14,1,25.04177,121.58735,4
500111070,20231018,1402,18,14,1,25.04177,121.58735,4
500111070,20231018,1403,18,14,1,25.04177,121.58735,4
500111070,20231018,1404,18,14,1,25.04177,121.58735,4
500111070,20231018,1405,18,14,1,25.04177,121.58735,4
500111070,20231018,1406,18,14,1,25.04177,121.58735,4
500111070,20231018,1407,18,14,1,25.04177,121.58735,4
500111070,20231018,1408,18,14,1,25.04177,121.58735,4
500111070,20231018,1409,18,14,1,25.04177,121.58735,4
500111070,20231018,1410,18,14,1,25.04177,121.58735,4
500111070,20231018,1411,18,14,1,25.04177,121.58735,4
500111070,20231018,1412,18,13,1,25.04177,121.58735,5
500111070,20231018,1413,18,13,1,25.04177,121.58735,5
500111070,20231018,1414,18,12,1,25.04177,121.58735,6
500111070,20231018,1415,18,12,1,25.04177,121.58735,6
500111070,20231018,1416,18,12,1,25.04177,121.58735,6
500111070,20231018,1417,18,12,1,25.04177,121.58735,6
500111070,20231018,1418,18,11,1,25.04177,121.58735,7
500111070,20231018,1419,18,11,1,25.04177,121.58735,7
500111070,20231018,1420,18,11,1,25.04177,121.58735,7
500111070,20231018,1421,18,11,1,25.04177,121.58735,7
500111070,20231018,1422,18,10,1,25.04177,121.58735,8
500111070,20231018,1423,18,10,1,25.04177,121.58735,8
500111070,20231018,1424,18,10,1,25.04177,121.58735,8
500111070,20231018,1425,18,10,1,25.04177,121.58735,8
500111070,20231018,1426,18,10,1,25.04177,121.58735,8
500111070,20231018,1427,18,10,1,25.04177,121.58735,8
500111070,20231018,1428,18,10,1,25.04177,121.58735,8
500111070,20231018,1429,18,10,1,25.04177,121.58735,8
500111070,20231018,1430,18,10,1,25.04177,121.58735,8
500111070,20231018,1431,18,10,1,25.04177,121.58735,8
500111070,20231018,1432,18,10,1,25.04177,121.58735,8
500111070,20231018,1433,18,10,1,25.04177,121.58735,8
500111070,20231018,1434,18,10,1,25.04177,121.58735,8
500111070,20231018,1435,18,10,1,25.04177,121.58735,8
500111070,20231018,1436,18,10,1,25.04177,121.58735,8
500111070,20231018,1437,18,10,1,25.04177,121.58735,8
500111070,20231018,1438,18,10,1,25.04177,121.58735,8
500111070,20231018,1439,18,11,1,25.04177,121.58735,7
500111070,20231019,1,18,11,1,25.04177,121.58735,7
500111070,20231019,2,18,11,1,25.04177,121.58735,7
500111070,20231019,3,18,11,1,25.04177,121.58735,7
500111070,20231019,4,18,11,1,25.04177,121.58735,7
500111070,20231019,5,18,11,1,25.04177,121.58735,7
500111070,20231019,6,18,11,1,25.04177,121.58735,7
500111070,20231019,7,18,11,1,25.04177,121.58735,7
500111070,20231019,8,18,11,1,25.04177,121.58735,7
500111070,20231019,9,18,11,1,25.04177,121.58735,7
500111070,20231019,10,18,11,1,25.04177,121.58735,7
500111070,20231019,11,18,11,1,25.04177,121.58735,7
500111070,20231019,12,18,11,1,25.04177,121.58735,7
500111070,20231019,13,18,11,1,25.04177,121.58735,7
500111070,20231019,14,18,11,1,25.04177,121.58735,7
500111070,20231019,15,18,11,1,25.04177,121.58735,7
500111070,20231019,16,18,11,1,25.04177,121.58735,7
500111070,20231019,17,18,11,1,25.04177,121.58735,7
500111070,20231019,18,18,11,1,25.04177,121.58735,7
500111070,20231019,19,18,11,1,25.04177,121.58735,7
500111070,20231019,21,18,11,1,25.04177,121.58735,7
500111070,20231019,22,18,11,1,25.04177,121.58735,7
500111070,20231019,23,18,11,1,25.04177,121.58735,7
500111070,20231019,24,18,11,1,25.04177,121.58735,7
500111070,20231019,25,18,11,1,25.04177,121.58735,7
500111070,20231019,26,18,11,1,25.04177,121.58735,7
500111070,20231019,27,18,11,1,25.04177,121.58735,7
500111070,20231019,28,18,11,1,25.04177,121.58735,7
500111070,20231019,29,18,11,1,25.04177,121.58735,7
500111070,20231019,30,18,12,1,25.04177,121.58735,6
500111070,20231019,31,18,11,1,25.04177,121.58735,7
500111070,20231019,32,18,11,1,25.04177,121.58735,7
500111070,20231019,33,18,11,1,25.04177,121.58735,7
500111070,20231019,34,18,11,1,25.04177,121.58735,7
500111070,20231019,35,18,11,1,25.04177,121.58735,7
500111070,20231019,36,18,11,1,25.04177,121.58735,7
500111070,20231019,37,18,11,1,25.04177,121.58735,7
500111070,20231019,38,18,10,1,25.04177,121.58735,8
500111070,20231019,39,18,10,1,25.04177,121.58735,8
500111070,20231019,40,18,10,1,25.04177,121.58735,8
500111070,20231019,41,18,10,1,25.04177,121.58735,8
500111070,20231019,42,18,10,1,25.04177,121.58735,8
500111070,20231019,43,18,10,1,25.04177,121.58735,8
500111070,20231019,44,18,10,1,25.04177,121.58735,8
500111070,20231019,45,18,10,1,25.04177,121.58735,8
500111070,20231019,46,18,9,1,25.04177,121.58735,9
500111070,20231019,47,18,9,1,25.04177,121.58735,9
500111070,20231019,48,18,9,1,25.04177,121.58735,9
500111070,20231019,49,18,9,1,25.04177,121.58735,9
500111070,20231019,50,18,9,1,25.04177,121.58735,9
500111070,20231019,51,18,9,1,25.04177,121.58735,9
500111070,20231019,52,18,9,1,25.04177,121.58735,9
500111070,20231019,53,18,9,1,25.04177,121.58735,9
500111070,20231019,54,18,9,1,25.04177,121.58735,9
500111070,20231019,55,18,9,1,25.04177,121.58735,9
500111070,20231019,56,18,9,1,25.04177,121.58735,9
500111070,20231019,57,18,9,1,25.04177,121.58735,9
500111070,20231019,58,18,9,1,25.04177,121.58735,9
500111070,20231019,59,18,9,1,25.04177,121.58735,9
500111070,20231019,61,18,9,1,25.04177,121.58735,9
500111070,20231019,62,18,9,1,25.04177,121.58735,9
500111070,20231019,63,18,9,1,25.04177,121.58735,9
500111070,20231019,64,18,9,1,25.04177,121.58735,9
500111070,20231019,65,18,9,1,25.04177,121.58735,9
500111070,20231019,66,18,9,1,25.04177,121.58735,9
500111070,20231019,67,18,9,1,25.04177,121.58735,9
500111070,20231019,68,18,9,1,25.04177,121.58735,9
500111070,20231019,69,18,9,1,25.04177,121.58735,9
500111070,20231019,70,18,9,1,25.04177,121.58735,9
500111070,20231019,71,18,9,1,25.04177,121.58735,9
500111070,20231019,72,18,9,1,25.04177,121.58735,9
500111070,20231019,73,18,9,1,25.04177,121.58735,9
500111070,20231019,74,18,9,1,25.04177,121.58735,9
500111070,20231019,75,18,9,1,25.04177,121.58735,9
500111070,20231019,76,18,9,1,25.04177,121.58735,9
500111070,20231019,77,18,9,1,25.04177,121.58735,9
500111070,20231019,78,18,9,1,25.04177,121.58735,9
500111070,20231019,79,18,9,1,25.04177,121.58735,9
500111070,20231019,81,18,9,1,25.04177,121.58735,9
500111070,20231019,82,18,9,1,25.04177,121.58735,9
500111070,20231019,83,18,9,1,25.04177,121.58735,9
500111070,20231019,84,18,9,1,25.04177,121.58735,9
500111070,20231019,85,18,9,1,25.04177,121.58735,9
500111070,20231019,86,18,9,1,25.04177,121.58735,9
500111070,20231019,87,18,9,1,25.04177,121.58735,9
500111070,20231019,88,18,9,1,25.04177,121.58735,9
500111070,20231019,90,18,9,1,25.04177,121.58735,9
500111070,20231019,91,18,9,1,25.04177,121.58735,9
500111070,20231019,92,18,9,1,25.04177,121.58735,9
500111070,20231019,93,18,9,1,25.04177,121.58735,9
500111070,20231019,94,18,9,1,25.04177,121.58735,9
500111070,20231019,95,18,9,1,25.04177,121.58735,9
500111070,20231019,96,18,9,1,25.04177,121.58735,9
500111070,20231019,97,18,9,1,25.04177,121.58735,9
500111070,20231019,98,18,9,1,25.04177,121.58735,9
500111070,20231019,99,18,9,1,25.04177,121.58735,9
500111070,20231019,100,18,9,1,25.04177,121.58735,9
500111070,20231019,101,18,9,1,25.04177,121.58735,9
500111070,20231019,102,18,9,1,25.04177,121.58735,9
500111070,20231019,103,18,9,1,25.04177,121.58735,9
500111070,20231019,104,18,9,1,25.04177,121.58735,9
500111070,20231019,105,18,9,1,25.04177,121.58735,9
500111070,20231019,106,18,9,1,25.04177,121.58735,9
500111070,20231019,107,18,9,1,25.04177,121.58735,9
500111070,20231019,108,18,9,1,25.04177,121.58735,9
500111070,20231019,109,18,9,1,25.04177,121.58735,9
500111070,20231019,110,18,9,1,25.04177,121.58735,9
500111070,20231019,111,18,9,1,25.04177,121.58735,9
500111070,20231019,112,18,9,1,25.04177,121.58735,9
500111070,20231019,113,18,9,1,25.04177,121.58735,9
500111070,20231019,114,18,9,1,25.04177,121.58735,9
500111070,20231019,115,18,9,1,25.04177,121.58735,9
500111070,20231019,116,18,9,1,25.04177,121.58735,9
500111070,20231019,117,18,9,1,25.04177,121.58735,9
500111070,20231019,118,18,9,1,25.04177,121.58735,9
500111070,20231019,119,18,9,1,25.04177,121.58735,9
500111070,20231019,121,18,9,1,25.04177,121.58735,9
500111070,20231019,122,18,9,1,25.04177,121.58735,9
500111070,20231019,123,18,9,1,25.04177,121.58735,9
500111070,20231019,124,18,9,1,25.04177,121.58735,9
500111070,20231019,125,18,9,1,25.04177,121.58735,9
500111070,20231019,126,18,9,1,25.04177,121.58735,9
500111070,20231019,127,18,7,1,25.04177,121.58735,11
500111070,20231019,128,18,7,1,25.04177,121.58735,11
500111070,20231019,129,18,7,1,25.04177,121.58735,11
500111070,20231019,130,18,7,1,25.04177,121.58735,11
500111070,20231019,131,18,7,1,25.04177,121.58735,11
500111070,20231019,132,18,7,1,25.04177,121.58735,11
500111070,20231019,133,18,7,1,25.04177,121.58735,11
500111070,20231019,134,18,7,1,25.04177,121.58735,11
500111070,20231019,135,18,7,1,25.04177,121.58735,11
500111070,20231019,136,18,7,1,25.04177,121.58735,11
500111070,20231019,137,18,7,1,25.04177,121.58735,11
500111070,20231019,138,18,7,1,25.04177,121.58735,11
500111070,20231019,139,18,7,1,25.04177,121.58735,11
500111070,20231019,141,18,7,1,25.04177,121.58735,11
500111070,20231019,142,18,7,1,25.04177,121.58735,11
500111070,20231019,143,18,7,1,25.04177,121.58735,11
500111070,20231019,144,18,7,1,25.04177,121.58735,11
500111070,20231019,145,18,7,1,25.04177,121.58735,11
500111070,20231019,146,18,7,1,25.04177,121.58735,11
500111070,20231019,147,18,7,1,25.04177,121.58735,11
500111070,20231019,148,18,7,1,25.04177,121.58735,11
500111070,20231019,149,18,7,1,25.04177,121.58735,11
500111070,20231019,150,18,6,1,25.04177,121.58735,12
500111070,20231019,151,18,6,1,25.04177,121.58735,12
500111070,20231019,152,18,6,1,25.04177,121.58735,12
500111070,20231019,153,18,6,1,25.04177,121.58735,12
500111070,20231019,154,18,6,1,25.04177,121.58735,12
500111070,20231019,155,18,6,1,25.04177,121.58735,12
500111070,20231019,156,18,6,1,25.04177,121.58735,12
500111070,20231019,157,18,6,1,25.04177,121.58735,12
500111070,20231019,158,18,6,1,25.04177,121.58735,12
500111070,20231019,159,18,6,1,25.04177,121.58735,12
500111070,20231019,160,18,6,1,25.04177,121.58735,12
500111070,20231019,161,18,6,1,25.04177,121.58735,12
500111070,20231019,162,18,6,1,25.04177,121.58735,12
500111070,20231019,163,18,6,1,25.04177,121.58735,12
500111070,20231019,164,18,6,1,25.04177,121.58735,12
500111070,20231019,165,18,6,1,25.04177,121.58735,12
500111070,20231019,166,18,6,1,25.04177,121.58735,12
500111070,20231019,167,18,6,1,25.04177,121.58735,12
500111070,20231019,168,18,6,1,25.04177,121.58735,12
500111070,20231019,169,18,6,1,25.04177,121.58735,12
500111070,20231019,170,18,6,1,25.04177,121.58735,12
500111070,20231019,171,18,6,1,25.04177,121.58735,12
500111070,20231019,172,18,6,1,25.04177,121.58735,12
500111070,20231019,173,18,5,1,25.04177,121.58735,13
500111070,20231019,174,18,5,1,25.04177,121.58735,13
500111070,20231019,175,18,5,1,25.04177,121.58735,13
500111070,20231019,176,18,5,1,25.04177,121.58735,13
500111070,20231019,177,18,5,1,25.04177,121.58735,13
500111070,20231019,178,18,4,1,25.04177,121.58735,14
500111070,20231019,179,18,4,1,25.04177,121.58735,14
500111070,20231019,181,18,4,1,25.04177,121.58735,14
500111070,20231019,182,18,4,1,25.04177,121.58735,14
500111070,20231019,183,18,4,1,25.04177,121.58735,14
500111070,20231019,184,18,4,1,25.04177,121.58735,14
500111070,20231019,185,18,4,1,25.04177,121.58735,14
500111070,20231019,186,18,4,1,25.04177,121.58735,14
500111070,20231019,187,18,4,1,25.04177,121.58735,14
500111070,20231019,188,18,4,1,25.04177,121.58735,14
500111070,20231019,189,18,4,1,25.04177,121.58735,14
500111070,20231019,190,18,4,1,25.04177,121.58735,14
500111070,20231019,191,18,4,1,25.04177,121.58735,14
500111070,20231019,192,18,4,1,25.04177,121.58735,14
500111070,20231019,193,18,4,1,25.04177,121.58735,14
500111070,20231019,194,18,4,1,25.04177,121.58735,14
500111070,20231019,195,18,4,1,25.04177,121.58735,14
500111070,20231019,196,18,4,1,25.04177,121.58735,14
500111070,20231019,197,18,4,1,25.04177,121.58735,14
500111070,20231019,198,18,4,1,25.04177,121.58735,14
500111070,20231019,199,18,4,1,25.04177,121.58735,14
500111070,20231019,201,18,4,1,25.04177,121.58735,14
500111070,20231019,202,18,4,1,25.04177,121.58735,14
500111070,20231019,203,18,4,1,25.04177,121.58735,14
500111070,20231019,204,18,4,1,25.04177,121.58735,14
500111070,20231019,205,18,4,1,25.04177,121.58735,14
500111070,20231019,206,18,4,1,25.04177,121.58735,14
500111070,20231019,207,18,4,1,25.04177,121.58735,14
500111070,20231019,208,18,4,1,25.04177,121.58735,14
500111070,20231019,209,18,4,1,25.04177,121.58735,14
500111070,20231019,210,18,4,1,25.04177,121.58735,14
500111070,20231019,211,18,4,1,25.04177,121.58735,14
500111070,20231019,212,18,4,1,25.04177,121.58735,14
500111070,20231019,213,18,4,1,25.04177,121.58735,14
500111070,20231019,214,18,4,1,25.04177,121.58735,14
500111070,20231019,215,18,4,1,25.04177,121.58735,14
500111070,20231019,216,18,4,1,25.04177,121.58735,14
500111070,20231019,217,18,4,1,25.04177,121.58735,14
500111070,20231019,218,18,4,1,25.04177,121.58735,14
500111070,20231019,219,18,4,1,25.04177,121.58735,14
500111070,20231019,220,18,4,1,25.04177,121.58735,14
500111070,20231019,221,18,4,1,25.04177,121.58735,14
500111070,20231019,222,18,4,1,25.04177,121.58735,14
500111070,20231019,223,18,4,1,25.04177,121.58735,14
500111070,20231019,224,18,4,1,25.04177,121.58735,14
500111070,20231019,225,18,4,1,25.04177,121.58735,14
500111070,20231019,226,18,4,1,25.04177,121.58735,14
500111070,20231019,227,18,4,1,25.04177,121.58735,14
500111070,20231019,228,18,4,1,25.04177,121.58735,14
500111070,20231019,229,18,4,1,25.04177,121.58735,14
500111070,20231019,230,18,4,1,25.04177,121.58735,14
500111070,20231019,231,18,4,1,25.04177,121.58735,14
500111070,20231019,232,18,4,1,25.04177,121.58735,14
500111070,20231019,233,18,4,1,25.04177,121.58735,14
500111070,20231019,234,18,4,1,25.04177,121.58735,14
500111070,20231019,235,18,4,1,25.04177,121.58735,14
500111070,20231019,236,18,4,1,25.04177,121.58735,14
500111070,20231019,237,18,4,1,25.04177,121.58735,14
500111070,20231019,238,18,4,1,25.04177,121.58735,14
500111070,20231019,239,18,4,1,25.04177,121.58735,14
500111070,20231019,240,18,4,1,25.04177,121.58735,14
500111070,20231019,241,18,4,1,25.04177,121.58735,14
500111070,20231019,242,18,4,1,25.04177,121.58735,14
500111070,20231019,243,18,4,1,25.04177,121.58735,14
500111070,20231019,244,18,4,1,25.04177,121.58735,14
500111070,20231019,245,18,4,1,25.04177,121.58735,14
500111070,20231019,246,18,4,1,25.04177,121.58735,14
500111070,20231019,247,18,4,1,25.04177,121.58735,14
500111070,20231019,248,18,4,1,25.04177,121.58735,14
500111070,20231019,249,18,4,1,25.04177,121.58735,14
500111070,20231019,250,18,4,1,25.04177,121.58735,14
500111070,20231019,251,18,4,1,25.04177,121.58735,14
500111070,20231019,252,18,4,1,25.04177,121.58735,14
500111070,20231019,253,18,4,1,25.04177,121.58735,14
500111070,20231019,254,18,4,1,25.04177,121.58735,14
500111070,20231019,255,18,4,1,25.04177,121.58735,14
500111070,20231019,256,18,4,1,25.04177,121.58735,14
500111070,20231019,257,18,4,1,25.04177,121.58735,14
500111070,20231019,258,18,4,1,25.04177,121.58735,14
500111070,20231019,259,18,4,1,25.04177,121.58735,14
500111070,20231019,261,18,4,1,25.04177,121.58735,14
500111070,20231019,262,18,4,1,25.04177,121.58735,14
500111070,20231019,263,18,4,1,25.04177,121.58735,14
500111070,20231019,264,18,4,1,25.04177,121.58735,14
500111070,20231019,265,18,4,1,25.04177,121.58735,14
500111070,20231019,266,18,4,1,25.04177,121.58735,14
500111070,20231019,267,18,4,1,25.04177,121.58735,14
500111070,20231019,268,18,4,1,25.04177,121.58735,14
500111070,20231019,269,18,4,1,25.04177,121.58735,14
500111070,20231019,270,18,4,1,25.04177,121.58735,14
500111070,20231019,271,18,4,1,25.04177,121.58735,14
500111070,20231019,272,18,4,1,25.04177,121.58735,14
500111070,20231019,273,18,4,1,25.04177,121.58735,14
500111070,20231019,274,18,4,1,25.04177,121.58735,14
500111070,20231019,275,18,4,1,25.04177,121.58735,14
500111070,20231019,276,18,4,1,25.04177,121.58735,14
500111070,20231019,277,18,4,1,25.04177,121.58735,14
500111070,20231019,278,18,4,1,25.04177,121.58735,14
500111070,20231019,279,18,4,1,25.04177,121.58735,14
500111070,20231019,280,18,4,1,25.04177,121.58735,14
500111070,20231019,281,18,4,1,25.04177,121.58735,14
500111070,20231019,282,18,4,1,25.04177,121.58735,14
500111070,20231019,283,18,4,1,25.04177,121.58735,14
500111070,20231019,284,18,4,1,25.04177,121.58735,14
500111070,20231019,285,18,4,1,25.04177,121.58735,14
500111070,20231019,286,18,4,1,25.04177,121.58735,14
500111070,20231019,287,18,4,1,25.04177,121.58735,14
500111070,20231019,288,18,4,1,25.04177,121.58735,14
500111070,20231019,289,18,4,1,25.04177,121.58735,14
500111070,20231019,290,18,4,1,25.04177,121.58735,14
500111070,20231019,291,18,4,1,25.04177,121.58735,14
500111070,20231019,292,18,4,1,25.04177,121.58735,14
500111070,20231019,293,18,4,1,25.04177,121.58735,14
500111070,20231019,294,18,4,1,25.04177,121.58735,14
500111070,20231019,295,18,4,1,25.04177,121.58735,14
500111070,20231019,296,18,4,1,25.04177,121.58735,14
500111070,20231019,297,18,4,1,25.04177,121.58735,14
500111070,20231019,298,18,4,1,25.04177,121.58735,14
500111070,20231019,299,18,4,1,25.04177,121.58735,14
500111070,20231019,300,18,4,1,25.04177,121.58735,14
500111070,20231019,301,18,4,1,25.04177,121.58735,14
500111070,20231019,302,18,4,1,25.04177,121.58735,14
500111070,20231019,303,18,4,1,25.04177,121.58735,14
500111070,20231019,304,18,4,1,25.04177,121.58735,14
500111070,20231019,305,18,4,1,25.04177,121.58735,14
500111070,20231019,306,18,4,1,25.04177,121.58735,14
500111070,20231019,307,18,4,1,25.04177,121.58735,14
500111070,20231019,308,18,4,1,25.04177,121.58735,14
500111070,20231019,309,18,4,1,25.04177,121.58735,14
500111070,20231019,310,18,4,1,25.04177,121.58735,14
500111070,20231019,311,18,4,1,25.04177,121.58735,14
500111070,20231019,312,18,4,1,25.04177,121.58735,14
500111070,20231019,313,18,4,1,25.04177,121.58735,14
500111070,20231019,314,18,4,1,25.04177,121.58735,14
500111070,20231019,315,18,4,1,25.04177,121.58735,14
500111070,20231019,316,18,4,1,25.04177,121.58735,14
500111070,20231019,317,18,4,1,25.04177,121.58735,14
500111070,20231019,318,18,4,1,25.04177,121.58735,14
500111070,20231019,319,18,4,1,25.04177,121.58735,14
500111070,20231019,321,18,4,1,25.04177,121.58735,14
500111070,20231019,322,18,4,1,25.04177,121.58735,14
500111070,20231019,323,18,4,1,25.04177,121.58735,14
500111070,20231019,324,18,4,1,25.04177,121.58735,14
500111070,20231019,325,18,4,1,25.04177,121.58735,14
500111070,20231019,326,18,4,1,25.04177,121.58735,14
500111070,20231019,327,18,4,1,25.04177,121.58735,14
500111070,20231019,328,18,4,1,25.04177,121.58735,14
500111070,20231019,329,18,4,1,25.04177,121.58735,14
500111070,20231019,330,18,4,1,25.04177,121.58735,14
500111070,20231019,331,18,4,1,25.04177,121.58735,14
500111070,20231019,332,18,4,1,25.04177,121.58735,14
500111070,20231019,333,18,4,1,25.04177,121.58735,14
500111070,20231019,334,18,4,1,25.04177,121.58735,14
500111070,20231019,335,18,4,1,25.04177,121.58735,14
500111070,20231019,336,18,4,1,25.04177,121.58735,14
500111070,20231019,337,18,4,1,25.04177,121.58735,14
500111070,20231019,338,18,4,1,25.04177,121.58735,14
500111070,20231019,339,18,4,1,25.04177,121.58735,14
500111070,20231019,340,18,4,1,25.04177,121.58735,14
500111070,20231019,341,18,4,1,25.04177,121.58735,14
500111070,20231019,342,18,4,1,25.04177,121.58735,14
500111070,20231019,343,18,4,1,25.04177,121.58735,14
500111070,20231019,344,18,4,1,25.04177,121.58735,14
500111070,20231019,345,18,4,1,25.04177,121.58735,14
500111070,20231019,346,18,4,1,25.04177,121.58735,14
500111070,20231019,347,18,4,1,25.04177,121.58735,14
500111070,20231019,348,18,4,1,25.04177,121.58735,14
500111070,20231019,349,18,4,1,25.04177,121.58735,14
500111070,20231019,350,18,4,1,25.04177,121.58735,14
500111070,20231019,351,18,4,1,25.04177,121.58735,14
500111070,20231019,352,18,4,1,25.04177,121.58735,14
500111070,20231019,353,18,4,1,25.04177,121.58735,14
500111070,20231019,354,18,4,1,25.04177,121.58735,14
500111070,20231019,355,18,4,1,25.04177,121.58735,14
500111070,20231019,356,18,4,1,25.04177,121.58735,14
500111070,20231019,357,18,4,1,25.04177,121.58735,14
500111070,20231019,358,18,4,1,25.04177,121.58735,14
500111070,20231019,359,18,4,1,25.04177,121.58735,14
500111070,20231019,360,18,4,1,25.04177,121.58735,14
500111070,20231019,361,18,4,1,25.04177,121.58735,14
500111070,20231019,362,18,4,1,25.04177,121.58735,14
500111070,20231019,363,18,4,1,25.04177,121.58735,14
500111070,20231019,364,18,4,1,25.04177,121.58735,14
500111070,20231019,365,18,4,1,25.04177,121.58735,14
500111070,20231019,366,18,4,1,25.04177,121.58735,14
500111070,20231019,367,18,4,1,25.04177,121.58735,14
500111070,20231019,368,18,4,1,25.04177,121.58735,14
500111070,20231019,369,18,4,1,25.04177,121.58735,14
500111070,20231019,370,18,4,1,25.04177,121.58735,14
500111070,20231019,371,18,4,1,25.04177,121.58735,14
500111070,20231019,372,18,4,1,25.04177,121.58735,14
500111070,20231019,373,18,5,1,25.04177,121.58735,13
500111070,20231019,374,18,5,1,25.04177,121.58735,13
500111070,20231019,375,18,5,1,25.04177,121.58735,13
500111070,20231019,376,18,5,1,25.04177,121.58735,13
500111070,20231019,377,18,5,1,25.04177,121.58735,13
500111070,20231019,378,18,5,1,25.04177,121.58735,13
500111070,20231019,379,18,6,1,25.04177,121.58735,12
500111070,20231019,381,18,6,1,25.04177,121.58735,12
500111070,20231019,382,18,5,1,25.04177,121.58735,13
500111070,20231019,383,18,5,1,25.04177,121.58735,13
500111070,20231019,384,18,5,1,25.04177,121.58735,13
500111070,20231019,385,18,5,1,25.04177,121.58735,13
500111070,20231019,386,18,5,1,25.04177,121.58735,13
500111070,20231019,387,18,5,1,25.04177,121.58735,13
500111070,20231019,388,18,5,1,25.04177,121.58735,13
500111070,20231019,389,18,5,1,25.04177,121.58735,13
500111070,20231019,390,18,5,1,25.04177,121.58735,13
500111070,20231019,392,18,6,1,25.04177,121.58735,12
500111070,20231019,393,18,8,1,25.04177,121.58735,10
500111070,20231019,394,18,8,1,25.04177,121.58735,10
500111070,20231019,395,18,8,1,25.04177,121.58735,10
500111070,20231019,396,18,7,1,25.04177,121.58735,11
500111070,20231019,397,18,7,1,25.04177,121.58735,11
500111070,20231019,398,18,7,1,25.04177,121.58735,11
500111070,20231019,399,18,7,1,25.04177,121.58735,11
500111070,20231019,400,18,7,1,25.04177,121.58735,11
500111070,20231019,401,18,8,1,25.04177,121.58735,10
500111070,20231019,402,18,8,1,25.04177,121.58735,10
500111070,20231019,403,18,8,1,25.04177,121.58735,10
500111070,20231019,404,18,8,1,25.04177,121.58735,10
500111070,20231019,405,18,8,1,25.04177,121.58735,10
500111070,20231019,406,18,8,1,25.04177,121.58735,10
500111070,20231019,407,18,8,1,25.04177,121.58735,10
500111070,20231019,408,18,8,1,25.04177,121.58735,10
500111070,20231019,409,18,8,1,25.04177,121.58735,10
500111070,20231019,410,18,8,1,25.04177,121.58735,10
500111070,20231019,411,18,8,1,25.04177,121.58735,10
500111070,20231019,412,18,8,1,25.04177,121.58735,10
500111070,20231019,413,18,8,1,25.04177,121.58735,10
500111070,20231019,414,18,8,1,25.04177,121.58735,10
500111070,20231019,415,18,8,1,25.04177,121.58735,10
500111070,20231019,416,18,9,1,25.04177,121.58735,9
500111070,20231019,417,18,10,1,25.04177,121.58735,8
500111070,20231019,418,18,10,1,25.04177,121.58735,8
500111070,20231019,419,18,10,1,25.04177,121.58735,8
500111070,20231019,421,18,10,1,25.04177,121.58735,8
500111070,20231019,422,18,10,1,25.04177,121.58735,8
500111070,20231019,423,18,9,1,25.04177,121.58735,9
500111070,20231019,424,18,10,1,25.04177,121.58735,8
500111070,20231019,425,18,11,1,25.04177,121.58735,7
500111070,20231019,426,18,11,1,25.04177,121.58735,7
500111070,20231019,427,18,11,1,25.04177,121.58735,7
500111070,20231019,428,18,11,1,25.04177,121.58735,7
500111070,20231019,429,18,11,1,25.04177,121.58735,7
500111070,20231019,430,18,12,1,25.04177,121.58735,6
500111070,20231019,431,18,13,1,25.04177,121.58735,5
500111070,20231019,432,18,13,1,25.04177,121.58735,5
500111070,20231019,433,18,14,1,25.04177,121.58735,4
500111070,20231019,434,18,14,1,25.04177,121.58735,4
500111070,20231019,435,18,14,1,25.04177,121.58735,4
500111070,20231019,436,18,15,1,25.04177,121.58735,3
500111070,20231019,437,18,15,1,25.04177,121.58735,3
500111070,20231019,438,18,15,1,25.04177,121.58735,3
500111070,20231019,439,18,15,1,25.04177,121.58735,3
500111070,20231019,441,18,15,1,25.04177,121.58735,3
500111070,20231019,442,18,16,1,25.04177,121.58735,2
500111070,20231019,443,18,16,1,25.04177,121.58735,2
500111070,20231019,444,18,17,1,25.04177,121.58735,1
500111070,20231019,445,18,17,1,25.04177,121.58735,1
500111070,20231019,446,18,17,1,25.04177,121.58735,1
500111070,20231019,447,18,17,1,25.04177,121.58735,1
500111070,20231019,448,18,17,1,25.04177,121.58735,1
500111070,20231019,449,18,17,1,25.04177,121.58735,1
500111070,20231019,451,18,17,1,25.04177,121.58735,1
500111070,20231019,452,18,17,1,25.04177,121.58735,1
500111070,20231019,453,18,17,1,25.04177,121.58735,1
500111070,20231019,454,18,18,1,25.04177,121.58735,0
500111070,20231019,455,18,18,1,25.04177,121.58735,0
500111070,20231019,456,18,18,1,25.04177,121.58735,0
500111070,20231019,457,18,18,1,25.04177,121.58735,0
500111070,20231019,458,18,18,1,25.04177,121.58735,0
500111070,20231019,459,18,18,1,25.04177,121.58735,0
500111070,20231019,461,18,17,1,25.04177,121.58735,1
500111070,20231019,462,18,17,1,25.04177,121.58735,1
500111070,20231019,463,18,18,1,25.04177,121.58735,0
500111070,20231019,464,18,18,1,25.04177,121.58735,0
500111070,20231019,465,18,18,1,25.04177,121.58735,0
500111070,20231019,466,18,18,1,25.04177,121.58735,0
500111070,20231019,467,18,18,1,25.04177,121.58735,0
500111070,20231019,468,18,18,1,25.04177,121.58735,0
500111070,20231019,469,18,18,1,25.04177,121.58735,0
500111070,20231019,471,18,18,1,25.04177,121.58735,0
500111070,20231019,472,18,18,1,25.04177,121.58735,0
500111070,20231019,473,18,18,1,25.04177,121.58735,0
500111070,20231019,474,18,18,1,25.04177,121.58735,0
500111070,20231019,475,18,18,1,25.04177,121.58735,0
500111070,20231019,476,18,18,1,25.04177,121.58735,0
500111070,20231019,477,18,18,1,25.04177,121.58735,0
500111070,20231019,478,18,18,1,25.04177,121.58735,0
500111070,20231019,479,18,18,1,25.04177,121.58735,0
500111070,20231019,481,18,17,1,25.04177,121.58735,1
500111070,20231019,482,18,17,1,25.04177,121.58735,1
500111070,20231019,483,18,17,1,25.04177,121.58735,1
500111070,20231019,484,18,17,1,25.04177,121.58735,1
500111070,20231019,485,18,17,1,25.04177,121.58735,1
500111070,20231019,486,18,18,1,25.04177,121.58735,0
500111070,20231019,487,18,18,1,25.04177,121.58735,0
500111070,20231019,488,18,18,1,25.04177,121.58735,0
500111070,20231019,489,18,18,1,25.04177,121.58735,0
500111070,20231019,491,18,18,1,25.04177,121.58735,0
500111070,20231019,492,18,18,1,25.04177,121.58735,0
500111070,20231019,493,18,18,1,25.04177,121.58735,0
500111070,20231019,494,18,18,1,25.04177,121.58735,0
500111070,20231019,495,18,18,1,25.04177,121.58735,0
500111070,20231019,496,18,18,1,25.04177,121.58735,0
500111070,20231019,497,18,18,1,25.04177,121.58735,0
500111070,20231019,498,18,18,1,25.04177,121.58735,0
500111070,20231019,499,18,18,1,25.04177,121.58735,0
500111070,20231019,501,18,18,1,25.04177,121.58735,0
500111070,20231019,502,18,18,1,25.04177,121.58735,0
500111070,20231019,503,18,18,1,25.04177,121.58735,0
500111070,20231019,504,18,18,1,25.04177,121.58735,0
500111070,20231019,505,18,18,1,25.04177,121.58735,0
500111070,20231019,506,18,18,1,25.04177,121.58735,0
500111070,20231019,507,18,18,1,25.04177,121.58735,0
500111070,20231019,508,18,18,1,25.04177,121.58735,0
500111070,20231019,509,18,18,1,25.04177,121.58735,0
500111070,20231019,511,18,18,1,25.04177,121.58735,0
500111070,20231019,512,18,18,1,25.04177,121.58735,0
500111070,20231019,513,18,18,1,25.04177,121.58735,0
500111070,20231019,514,18,18,1,25.04177,121.58735,0
500111070,20231019,515,18,18,1,25.04177,121.58735,0
500111070,20231019,516,18,18,1,25.04177,121.58735,0
500111070,20231019,517,18,18,1,25.04177,121.58735,0
500111070,20231019,518,18,16,1,25.04177,121.58735,2
500111070,20231019,519,18,12,1,25.04177,121.58735,6
500111070,20231019,520,18,11,1,25.04177,121.58735,7
500111070,20231019,521,18,9,1,25.04177,121.58735,9
500111070,20231019,522,18,7,1,25.04177,121.58735,11
500111070,20231019,523,18,5,1,25.04177,121.58735,13
500111070,20231019,524,18,3,1,25.04177,121.58735,15
500111070,20231019,525,18,2,1,25.04177,121.58735,16
500111070,20231019,526,18,2,1,25.04177,121.58735,16
500111070,20231019,527,18,2,1,25.04177,121.58735,16
500111070,20231019,528,18,2,1,25.04177,121.58735,16
500111070,20231019,529,18,2,1,25.04177,121.58735,16
500111070,20231019,530,18,2,1,25.04177,121.58735,16
500111070,20231019,531,18,2,1,25.04177,121.58735,16
500111070,20231019,532,18,2,1,25.04177,121.58735,16
500111070,20231019,533,18,2,1,25.04177,121.58735,16
500111070,20231019,534,18,2,1,25.04177,121.58735,16
500111070,20231019,535,18,2,1,25.04177,121.58735,16
500111070,20231019,536,18,2,1,25.04177,121.58735,16
500111070,20231019,537,18,2,1,25.04177,121.58735,16
500111070,20231019,538,18,2,1,25.04177,121.58735,16
500111070,20231019,539,18,2,1,25.04177,121.58735,16
500111070,20231019,541,18,2,1,25.04177,121.58735,16
500111070,20231019,542,18,2,1,25.04177,121.58735,16
500111070,20231019,543,18,2,1,25.04177,121.58735,16
500111070,20231019,544,18,2,1,25.04177,121.58735,16
500111070,20231019,545,18,2,1,25.04177,121.58735,16
500111070,20231019,546,18,2,1,25.04177,121.58735,16
500111070,20231019,547,18,2,1,25.04177,121.58735,16
500111070,20231019,548,18,3,1,25.04177,121.58735,15
500111070,20231019,549,18,3,1,25.04177,121.58735,15
500111070,20231019,550,18,3,1,25.04177,121.58735,15
500111070,20231019,551,18,3,1,25.04177,121.58735,15
500111070,20231019,552,18,3,1,25.04177,121.58735,15
500111070,20231019,553,18,4,1,25.04177,121.58735,14
500111070,20231019,554,18,4,1,25.04177,121.58735,14
500111070,20231019,555,18,4,1,25.04177,121.58735,14
500111070,20231019,556,18,4,1,25.04177,121.58735,14
500111070,20231019,557,18,4,1,25.04177,121.58735,14
500111070,20231019,558,18,5,1,25.04177,121.58735,13
500111070,20231019,559,18,5,1,25.04177,121.58735,13
500111070,20231019,561,18,6,1,25.04177,121.58735,12
500111070,20231019,562,18,7,1,25.04177,121.58735,11
500111070,20231019,563,18,7,1,25.04177,121.58735,11
500111070,20231019,564,18,7,1,25.04177,121.58735,11
500111070,20231019,565,18,8,1,25.04177,121.58735,10
500111070,20231019,566,18,8,1,25.04177,121.58735,10
500111070,20231019,567,18,8,1,25.04177,121.58735,10
500111070,20231019,568,18,8,1,25.04177,121.58735,10
500111070,20231019,569,18,8,1,25.04177,121.58735,10
500111070,20231019,571,18,10,1,25.04177,121.58735,8
500111070,20231019,572,18,10,1,25.04177,121.58735,8
500111070,20231019,573,18,11,1,25.04177,121.58735,7
500111070,20231019,574,18,11,1,25.04177,121.58735,7
500111070,20231019,575,18,11,1,25.04177,121.58735,7
500111070,20231019,576,18,11,1,25.04177,121.58735,7
500111070,20231019,577,18,11,1,25.04177,121.58735,7
500111070,20231019,578,18,11,1,25.04177,121.58735,7
500111070,20231019,579,18,11,1,25.04177,121.58735,7
500111070,20231019,580,18,11,1,25.04177,121.58735,7
500111070,20231019,581,18,12,1,25.04177,121.58735,6
500111070,20231019,582,18,10,1,25.04177,121.58735,8
500111070,20231019,583,18,6,1,25.04177,121.58735,12
500111070,20231019,584,18,5,1,25.04177,121.58735,13
500111070,20231019,585,18,5,1,25.04177,121.58735,13
500111070,20231019,586,18,5,1,25.04177,121.58735,13
500111070,20231019,587,18,6,1,25.04177,121.58735,12
500111070,20231019,588,18,6,1,25.04177,121.58735,12
500111070,20231019,589,18,6,1,25.04177,121.58735,12
500111070,20231019,590,18,5,1,25.04177,121.58735,13
500111070,20231019,591,18,5,1,25.04177,121.58735,13
500111070,20231019,592,18,5,1,25.04177,121.58735,13
500111070,20231019,593,18,5,1,25.04177,121.58735,13
500111070,20231019,594,18,5,1,25.04177,121.58735,13
500111070,20231019,595,18,5,1,25.04177,121.58735,13
500111070,20231019,596,18,4,1,25.04177,121.58735,14
500111070,20231019,597,18,4,1,25.04177,121.58735,14
500111070,20231019,598,18,4,1,25.04177,121.58735,14
500111070,20231019,599,18,4,1,25.04177,121.58735,14
500111070,20231019,601,18,4,1,25.04177,121.58735,14
500111070,20231019,602,18,4,1,25.04177,121.58735,14
500111070,20231019,603,18,4,1,25.04177,121.58735,14
500111070,20231019,604,18,4,1,25.04177,121.58735,14
500111070,20231019,605,18,4,1,25.04177,121.58735,14
500111070,20231019,606,18,4,1,25.04177,121.58735,14
500111070,20231019,607,18,4,1,25.04177,121.58735,14
500111070,20231019,608,18,5,1,25.04177,121.58735,13
500111070,20231019,609,18,5,1,25.04177,121.58735,13
500111070,20231019,610,18,5,1,25.04177,121.58735,13
500111070,20231019,611,18,5,1,25.04177,121.58735,13
500111070,20231019,612,18,5,1,25.04177,121.58735,13
500111070,20231019,613,18,7,1,25.04177,121.58735,11
500111070,20231019,614,18,7,1,25.04177,121.58735,11
500111070,20231019,615,18,7,1,25.04177,121.58735,11
500111070,20231019,616,18,7,1,25.04177,121.58735,11
500111070,20231019,617,18,8,1,25.04177,121.58735,10
500111070,20231019,618,18,9,1,25.04177,121.58735,9
500111070,20231019,619,18,9,1,25.04177,121.58735,9
500111070,20231019,621,18,11,1,25.04177,121.58735,7
500111070,20231019,622,18,12,1,25.04177,121.58735,6
500111070,20231019,623,18,12,1,25.04177,121.58735,6
500111070,20231019,624,18,12,1,25.04177,121.58735,6
500111070,20231019,625,18,12,1,25.04177,121.58735,6
500111070,20231019,626,18,13,1,25.04177,121.58735,5
500111070,20231019,627,18,12,1,25.04177,121.58735,6
500111070,20231019,628,18,12,1,25.04177,121.58735,6
500111070,20231019,629,18,12,1,25.04177,121.58735,6
500111070,20231019,631,18,13,1,25.04177,121.58735,5
500111070,20231019,632,18,13,1,25.04177,121.58735,5
500111070,20231019,633,18,13,1,25.04177,121.58735,5
500111070,20231019,634,18,13,1,25.04177,121.58735,5
500111070,20231019,635,18,13,1,25.04177,121.58735,5
500111070,20231019,636,18,13,1,25.04177,121.58735,5
500111070,20231019,637,18,13,1,25.04177,121.58735,5
500111070,20231019,638,18,13,1,25.04177,121.58735,5
500111070,20231019,639,18,14,1,25.04177,121.58735,4
500111070,20231019,640,18,14,1,25.04177,121.58735,4
500111070,20231019,641,18,14,1,25.04177,121.58735,4
500111070,20231019,642,18,14,1,25.04177,121.58735,4
500111070,20231019,643,18,14,1,25.04177,121.58735,4
500111070,20231019,644,18,13,1,25.04177,121.58735,5
500111070,20231019,645,18,13,1,25.04177,121.58735,5
500111070,20231019,646,18,13,1,25.04177,121.58735,5
500111070,20231019,647,18,13,1,25.04177,121.58735,5
500111070,20231019,648,18,13,1,25.04177,121.58735,5
500111070,20231019,649,18,13,1,25.04177,121.58735,5
500111070,20231019,650,18,13,1,25.04177,121.58735,5
500111070,20231019,651,18,14,1,25.04177,121.58735,4
500111070,20231019,652,18,14,1,25.04177,121.58735,4
500111070,20231019,653,18,15,1,25.04177,121.58735,3
500111070,20231019,654,18,14,1,25.04177,121.58735,4
500111070,20231019,655,18,14,1,25.04177,121.58735,4
500111070,20231019,656,18,14,1,25.04177,121.58735,4
500111070,20231019,657,18,14,1,25.04177,121.58735,4
500111070,20231019,658,18,14,1,25.04177,121.58735,4
500111070,20231019,659,18,14,1,25.04177,121.58735,4
500111070,20231019,661,18,14,1,25.04177,121.58735,4
500111070,20231019,662,18,14,1,25.04177,121.58735,4
500111070,20231019,663,18,14,1,25.04177,121.58735,4
500111070,20231019,664,18,14,1,25.04177,121.58735,4
500111070,20231019,665,18,14,1,25.04177,121.58735,4
500111070,20231019,666,18,14,1,25.04177,121.58735,4
500111070,20231019,667,18,14,1,25.04177,121.58735,4
500111070,20231019,668,18,14,1,25.04177,121.58735,4
500111070,20231019,669,18,14,1,25.04177,121.58735,4
500111070,20231019,670,18,14,1,25.04177,121.58735,4
500111070,20231019,671,18,14,1,25.04177,121.58735,4
500111070,20231019,672,18,14,1,25.04177,121.58735,4
500111070,20231019,673,18,14,1,25.04177,121.58735,4
500111070,20231019,674,18,14,1,25.04177,121.58735,4
500111070,20231019,675,18,14,1,25.04177,121.58735,4
500111070,20231019,676,18,14,1,25.04177,121.58735,4
500111070,20231019,677,18,15,1,25.04177,121.58735,3
500111070,20231019,678,18,14,1,25.04177,121.58735,4
500111070,20231019,679,18,14,1,25.04177,121.58735,4
500111070,20231019,681,18,14,1,25.04177,121.58735,4
500111070,20231019,682,18,14,1,25.04177,121.58735,4
500111070,20231019,683,18,14,1,25.04177,121.58735,4
500111070,20231019,684,18,14,1,25.04177,121.58735,4
500111070,20231019,685,18,14,1,25.04177,121.58735,4
500111070,20231019,686,18,14,1,25.04177,121.58735,4
500111070,20231019,687,18,14,1,25.04177,121.58735,4
500111070,20231019,688,18,14,1,25.04177,121.58735,4
500111070,20231019,689,18,15,1,25.04177,121.58735,3
500111070,20231019,690,18,15,1,25.04177,121.58735,3
500111070,20231019,691,18,15,1,25.04177,121.58735,3
500111070,20231019,692,18,15,1,25.04177,121.58735,3
500111070,20231019,694,18,16,1,25.04177,121.58735,2
500111070,20231019,695,18,16,1,25.04177,121.58735,2
500111070,20231019,696,18,16,1,25.04177,121.58735,2
500111070,20231019,697,18,16,1,25.04177,121.58735,2
500111070,20231019,698,18,16,1,25.04177,121.58735,2
500111070,20231019,699,18,16,1,25.04177,121.58735,2
500111070,20231019,700,18,16,1,25.04177,121.58735,2
500111070,20231019,701,18,16,1,25.04177,121.58735,2
500111070,20231019,702,18,16,1,25.04177,121.58735,2
500111070,20231019,703,18,16,1,25.04177,121.58735,2
500111070,20231019,704,18,16,1,25.04177,121.58735,2
500111070,20231019,705,18,16,1,25.04177,121.58735,2
500111070,20231019,706,18,16,1,25.04177,121.58735,2
500111070,20231019,707,18,16,1,25.04177,121.58735,2
500111070,20231019,708,18,16,1,25.04177,121.58735,2
500111070,20231019,709,18,16,1,25.04177,121.58735,2
500111070,20231019,710,18,17,1,25.04177,121.58735,1
500111070,20231019,711,18,17,1,25.04177,121.58735,1
500111070,20231019,712,18,17,1,25.04177,121.58735,1
500111070,20231019,713,18,17,1,25.04177,121.58735,1
500111070,20231019,714,18,17,1,25.04177,121.58735,1
500111070,20231019,715,18,17,1,25.04177,121.58735,1
500111070,20231019,716,18,17,1,25.04177,121.58735,1
500111070,20231019,717,18,17,1,25.04177,121.58735,1
500111070,20231019,718,18,17,1,25.04177,121.58735,1
500111070,20231019,719,18,18,1,25.04177,121.58735,0
500111070,20231019,721,18,18,1,25.04177,121.58735,0
500111070,20231019,722,18,18,1,25.04177,121.58735,0
500111070,20231019,723,18,18,1,25.04177,121.58735,0
500111070,20231019,724,18,18,1,25.04177,121.58735,0
500111070,20231019,725,18,18,1,25.04177,121.58735,0
500111070,20231019,726,18,18,1,25.04177,121.58735,0
500111070,20231019,727,18,18,1,25.04177,121.58735,0
500111070,20231019,728,18,18,1,25.04177,121.58735,0
500111070,20231019,729,18,18,1,25.04177,121.58735,0
500111070,20231019,730,18,18,1,25.04177,121.58735,0
500111070,20231019,731,18,18,1,25.04177,121.58735,0
500111070,20231019,732,18,18,1,25.04177,121.58735,0
500111070,20231019,733,18,18,1,25.04177,121.58735,0
500111070,20231019,734,18,18,1,25.04177,121.58735,0
500111070,20231019,735,18,18,1,25.04177,121.58735,0
500111070,20231019,736,18,18,1,25.04177,121.58735,0
500111070,20231019,737,18,18,1,25.04177,121.58735,0
500111070,20231019,738,18,17,1,25.04177,121.58735,1
500111070,20231019,739,18,16,1,25.04177,121.58735,2
500111070,20231019,741,18,16,1,25.04177,121.58735,2
500111070,20231019,742,18,15,1,25.04177,121.58735,3
500111070,20231019,743,18,15,1,25.04177,121.58735,3
500111070,20231019,744,18,15,1,25.04177,121.58735,3
500111070,20231019,745,18,15,1,25.04177,121.58735,3
500111070,20231019,746,18,15,1,25.04177,121.58735,3
500111070,20231019,747,18,15,1,25.04177,121.58735,3
500111070,20231019,748,18,15,1,25.04177,121.58735,3
500111070,20231019,749,18,15,1,25.04177,121.58735,3
500111070,20231019,751,18,15,1,25.04177,121.58735,3
500111070,20231019,752,18,15,1,25.04177,121.58735,3
500111070,20231019,753,18,15,1,25.04177,121.58735,3
500111070,20231019,754,18,15,1,25.04177,121.58735,3
500111070,20231019,755,18,15,1,25.04177,121.58735,3
500111070,20231019,756,18,15,1,25.04177,121.58735,3
500111070,20231019,757,18,15,1,25.04177,121.58735,3
500111070,20231019,758,18,16,1,25.04177,121.58735,2
500111070,20231019,759,18,16,1,25.04177,121.58735,2
500111070,20231019,760,18,16,1,25.04177,121.58735,2
500111070,20231019,761,18,16,1,25.04177,121.58735,2
500111070,20231019,762,18,16,1,25.04177,121.58735,2
500111070,20231019,763,18,17,1,25.04177,121.58735,1
500111070,20231019,764,18,17,1,25.04177,121.58735,1
500111070,20231019,765,18,17,1,25.04177,121.58735,1
500111070,20231019,766,18,17,1,25.04177,121.58735,1
500111070,20231019,767,18,17,1,25.04177,121.58735,1
500111070,20231019,768,18,17,1,25.04177,121.58735,1
500111070,20231019,769,18,17,1,25.04177,121.58735,1
500111070,20231019,770,18,17,1,25.04177,121.58735,1
500111070,20231019,771,18,17,1,25.04177,121.58735,1
500111070,20231019,772,18,17,1,25.04177,121.58735,1
500111070,20231019,773,18,17,1,25.04177,121.58735,1
500111070,20231019,774,18,17,1,25.04177,121.58735,1
500111070,20231019,775,18,17,1,25.04177,121.58735,1
500111070,20231019,776,18,17,1,25.04177,121.58735,1
500111070,20231019,777,18,17,1,25.04177,121.58735,1
500111070,20231019,778,18,17,1,25.04177,121.58735,1
500111070,20231019,779,18,17,1,25.04177,121.58735,1
500111070,20231019,781,18,17,1,25.04177,121.58735,1
500111070,20231019,782,18,17,1,25.04177,121.58735,1
500111070,20231019,783,18,17,1,25.04177,121.58735,1
500111070,20231019,784,18,17,1,25.04177,121.58735,1
500111070,20231019,785,18,17,1,25.04177,121.58735,1
500111070,20231019,786,18,17,1,25.04177,121.58735,1
500111070,20231019,787,18,18,1,25.04177,121.58735,0
500111070,20231019,788,18,18,1,25.04177,121.58735,0
500111070,20231019,789,18,18,1,25.04177,121.58735,0
500111070,20231019,790,18,18,1,25.04177,121.58735,0
500111070,20231019,791,18,18,1,25.04177,121.58735,0
500111070,20231019,792,18,18,1,25.04177,121.58735,0
500111070,20231019,793,18,18,1,25.04177,121.58735,0
500111070,20231019,794,18,18,1,25.04177,121.58735,0
500111070,20231019,795,18,18,1,25.04177,121.58735,0
500111070,20231019,796,18,18,1,25.04177,121.58735,0
500111070,20231019,797,18,18,1,25.04177,121.58735,0
500111070,20231019,798,18,18,1,25.04177,121.58735,0
500111070,20231019,799,18,18,1,25.04177,121.58735,0
500111070,20231019,801,18,18,1,25.04177,121.58735,0
500111070,20231019,802,18,18,1,25.04177,121.58735,0
500111070,20231019,803,18,18,1,25.04177,121.58735,0
500111070,20231019,804,18,18,1,25.04177,121.58735,0
500111070,20231019,805,18,18,1,25.04177,121.58735,0
500111070,20231019,806,18,18,1,25.04177,121.58735,0
500111070,20231019,807,18,18,1,25.04177,121.58735,0
500111070,20231019,808,18,18,1,25.04177,121.58735,0
500111070,20231019,809,18,18,1,25.04177,121.58735,0
500111070,20231019,810,18,18,1,25.04177,121.58735,0
500111070,20231019,811,18,18,1,25.04177,121.58735,0
500111070,20231019,812,18,18,1,25.04177,121.58735,0
500111070,20231019,813,18,18,1,25.04177,121.58735,0
500111070,20231019,814,18,18,1,25.04177,121.58735,0
500111070,20231019,815,18,17,1,25.04177,121.58735,1
500111070,20231019,816,18,17,1,25.04177,121.58735,1
500111070,20231019,817,18,16,1,25.04177,121.58735,2
500111070,20231019,818,18,16,1,25.04177,121.58735,2
500111070,20231019,819,18,16,1,25.04177,121.58735,2
500111070,20231019,820,18,16,1,25.04177,121.58735,2
500111070,20231019,821,18,16,1,25.04177,121.58735,2
500111070,20231019,822,18,16,1,25.04177,121.58735,2
500111070,20231019,823,18,16,1,25.04177,121.58735,2
500111070,20231019,824,18,16,1,25.04177,121.58735,2
500111070,20231019,825,18,17,1,25.04177,121.58735,1
500111070,20231019,826,18,17,1,25.04177,121.58735,1
500111070,20231019,827,18,17,1,25.04177,121.58735,1
500111070,20231019,828,18,17,1,25.04177,121.58735,1
500111070,20231019,829,18,17,1,25.04177,121.58735,1
500111070,20231019,830,18,17,1,25.04177,121.58735,1
500111070,20231019,831,18,17,1,25.04177,121.58735,1
500111070,20231019,832,18,17,1,25.04177,121.58735,1
500111070,20231019,833,18,17,1,25.04177,121.58735,1
500111070,20231019,834,18,17,1,25.04177,121.58735,1
500111070,20231019,835,18,17,1,25.04177,121.58735,1
500111070,20231019,836,18,17,1,25.04177,121.58735,1
500111070,20231019,837,18,17,1,25.04177,121.58735,1
500111070,20231019,838,18,17,1,25.04177,121.58735,1
500111070,20231019,839,18,17,1,25.04177,121.58735,1
500111070,20231019,841,18,17,1,25.04177,121.58735,1
500111070,20231019,842,18,17,1,25.04177,121.58735,1
500111070,20231019,843,18,17,1,25.04177,121.58735,1
500111070,20231019,844,18,17,1,25.04177,121.58735,1
500111070,20231019,845,18,17,1,25.04177,121.58735,1
500111070,20231019,846,18,17,1,25.04177,121.58735,1
500111070,20231019,847,18,17,1,25.04177,121.58735,1
500111070,20231019,848,18,17,1,25.04177,121.58735,1
500111070,20231019,849,18,17,1,25.04177,121.58735,1
500111070,20231019,850,18,17,1,25.04177,121.58735,1
500111070,20231019,851,18,17,1,25.04177,121.58735,1
500111070,20231019,852,18,17,1,25.04177,121.58735,1
500111070,20231019,853,18,17,1,25.04177,121.58735,1
500111070,20231019,854,18,17,1,25.04177,121.58735,1
500111070,20231019,855,18,17,1,25.04177,121.58735,1
500111070,20231019,856,18,17,1,25.04177,121.58735,1
500111070,20231019,857,18,18,1,25.04177,121.58735,0
500111070,20231019,858,18,18,1,25.04177,121.58735,0
500111070,20231019,859,18,18,1,25.04177,121.58735,0
500111070,20231019,861,18,18,1,25.04177,121.58735,0
500111070,20231019,862,18,18,1,25.04177,121.58735,0
500111070,20231019,863,18,18,1,25.04177,121.58735,0
500111070,20231019,864,18,18,1,25.04177,121.58735,0
500111070,20231019,865,18,18,1,25.04177,121.58735,0
500111070,20231019,866,18,18,1,25.04177,121.58735,0
500111070,20231019,867,18,18,1,25.04177,121.58735,0
500111070,20231019,868,18,18,1,25.04177,121.58735,0
500111070,20231019,869,18,18,1,25.04177,121.58735,0
500111070,20231019,870,18,18,1,25.04177,121.58735,0
500111070,20231019,871,18,18,1,25.04177,121.58735,0
500111070,20231019,872,18,18,1,25.04177,121.58735,0
500111070,20231019,873,18,18,1,25.04177,121.58735,0
500111070,20231019,874,18,18,1,25.04177,121.58735,0
500111070,20231019,875,18,18,1,25.04177,121.58735,0
500111070,20231019,876,18,18,1,25.04177,121.58735,0
500111070,20231019,877,18,18,1,25.04177,121.58735,0
500111070,20231019,878,18,18,1,25.04177,121.58735,0
500111070,20231019,879,18,18,1,25.04177,121.58735,0
500111070,20231019,880,18,18,1,25.04177,121.58735,0
500111070,20231019,881,18,18,1,25.04177,121.58735,0
500111070,20231019,882,18,18,1,25.04177,121.58735,0
500111070,20231019,883,18,18,1,25.04177,121.58735,0
500111070,20231019,884,18,18,1,25.04177,121.58735,0
500111070,20231019,885,18,18,1,25.04177,121.58735,0
500111070,20231019,886,18,18,1,25.04177,121.58735,0
500111070,20231019,887,18,18,1,25.04177,121.58735,0
500111070,20231019,888,18,18,1,25.04177,121.58735,0
500111070,20231019,889,18,18,1,25.04177,121.58735,0
500111070,20231019,890,18,18,1,25.04177,121.58735,0
500111070,20231019,891,18,18,1,25.04177,121.58735,0
500111070,20231019,892,18,18,1,25.04177,121.58735,0
500111070,20231019,893,18,18,1,25.04177,121.58735,0
500111070,20231019,894,18,18,1,25.04177,121.58735,0
500111070,20231019,895,18,18,1,25.04177,121.58735,0
500111070,20231019,896,18,18,1,25.04177,121.58735,0
500111070,20231019,897,18,18,1,25.04177,121.58735,0
500111070,20231019,898,18,18,1,25.04177,121.58735,0
500111070,20231019,899,18,18,1,25.04177,121.58735,0
500111070,20231019,901,18,17,1,25.04177,121.58735,1
500111070,20231019,902,18,17,1,25.04177,121.58735,1
500111070,20231019,903,18,17,1,25.04177,121.58735,1
500111070,20231019,904,18,17,1,25.04177,121.58735,1
500111070,20231019,905,18,17,1,25.04177,121.58735,1
500111070,20231019,906,18,17,1,25.04177,121.58735,1
500111070,20231019,907,18,17,1,25.04177,121.58735,1
500111070,20231019,908,18,17,1,25.04177,121.58735,1
500111070,20231019,909,18,16,1,25.04177,121.58735,2
500111070,20231019,910,18,16,1,25.04177,121.58735,2
500111070,20231019,911,18,16,1,25.04177,121.58735,2
500111070,20231019,912,18,16,1,25.04177,121.58735,2
500111070,20231019,913,18,16,1,25.04177,121.58735,2
500111070,20231019,914,18,16,1,25.04177,121.58735,2
500111070,20231019,915,18,16,1,25.04177,121.58735,2
500111070,20231019,916,18,16,1,25.04177,121.58735,2
500111070,20231019,917,18,16,1,25.04177,121.58735,2
500111070,20231019,918,18,16,1,25.04177,121.58735,2
500111070,20231019,919,18,16,1,25.04177,121.58735,2
500111070,20231019,921,18,15,1,25.04177,121.58735,3
500111070,20231019,922,18,16,1,25.04177,121.58735,2
500111070,20231019,923,18,16,1,25.04177,121.58735,2
500111070,20231019,924,18,16,1,25.04177,121.58735,2
500111070,20231019,925,18,15,1,25.04177,121.58735,3
500111070,20231019,926,18,15,1,25.04177,121.58735,3
500111070,20231019,927,18,15,1,25.04177,121.58735,3
500111070,20231019,928,18,15,1,25.04177,121.58735,3
500111070,20231019,929,18,15,1,25.04177,121.58735,3
500111070,20231019,931,18,15,1,25.04177,121.58735,3
500111070,20231019,932,18,16,1,25.04177,121.58735,2
500111070,20231019,933,18,16,1,25.04177,121.58735,2
500111070,20231019,934,18,17,1,25.04177,121.58735,1
500111070,20231019,935,18,17,1,25.04177,121.58735,1
500111070,20231019,936,18,17,1,25.04177,121.58735,1
500111070,20231019,937,18,17,1,25.04177,121.58735,1
500111070,20231019,938,18,17,1,25.04177,121.58735,1
500111070,20231019,939,18,17,1,25.04177,121.58735,1
500111070,20231019,940,18,17,1,25.04177,121.58735,1
500111070,20231019,941,18,17,1,25.04177,121.58735,1
500111070,20231019,942,18,17,1,25.04177,121.58735,1
500111070,20231019,943,18,17,1,25.04177,121.58735,1
500111070,20231019,944,18,17,1,25.04177,121.58735,1
500111070,20231019,945,18,16,1,25.04177,121.58735,2
500111070,20231019,946,18,16,1,25.04177,121.58735,2
500111070,20231019,947,18,16,1,25.04177,121.58735,2
500111070,20231019,948,18,16,1,25.04177,121.58735,2
500111070,20231019,949,18,16,1,25.04177,121.58735,2
500111070,20231019,950,18,16,1,25.04177,121.58735,2
500111070,20231019,951,18,17,1,25.04177,121.58735,1
500111070,20231019,952,18,17,1,25.04177,121.58735,1
500111070,20231019,953,18,18,1,25.04177,121.58735,0
500111070,20231019,954,18,18,1,25.04177,121.58735,0
500111070,20231019,955,18,18,1,25.04177,121.58735,0
500111070,20231019,956,18,18,1,25.04177,121.58735,0
500111070,20231019,957,18,18,1,25.04177,121.58735,0
500111070,20231019,958,18,18,1,25.04177,121.58735,0
500111070,20231019,959,18,18,1,25.04177,121.58735,0
500111070,20231019,961,18,18,1,25.04177,121.58735,0
500111070,20231019,962,18,18,1,25.04177,121.58735,0
500111070,20231019,963,18,18,1,25.04177,121.58735,0
500111070,20231019,964,18,18,1,25.04177,121.58735,0
500111070,20231019,965,18,18,1,25.04177,121.58735,0
500111070,20231019,966,18,18,1,25.04177,121.58735,0
500111070,20231019,967,18,18,1,25.04177,121.58735,0
500111070,20231019,968,18,18,1,25.04177,121.58735,0
500111070,20231019,969,18,18,1,25.04177,121.58735,0
500111070,20231019,970,18,18,1,25.04177,121.58735,0
500111070,20231019,971,18,18,1,25.04177,121.58735,0
500111070,20231019,972,18,18,1,25.04177,121.58735,0
500111070,20231019,973,18,18,1,25.04177,121.58735,0
500111070,20231019,974,18,18,1,25.04177,121.58735,0
500111070,20231019,975,18,18,1,25.04177,121.58735,0
500111070,20231019,976,18,18,1,25.04177,121.58735,0
500111070,20231019,977,18,17,1,25.04177,121.58735,1
500111070,20231019,978,18,17,1,25.04177,121.58735,1
500111070,20231019,979,18,18,1,25.04177,121.58735,0
500111070,20231019,981,18,18,1,25.04177,121.58735,0
500111070,20231019,982,18,18,1,25.04177,121.58735,0
500111070,20231019,983,18,17,1,25.04177,121.58735,1
500111070,20231019,984,18,17,1,25.04177,121.58735,1
500111070,20231019,985,18,17,1,25.04177,121.58735,1
500111070,20231019,986,18,17,1,25.04177,121.58735,1
500111070,20231019,987,18,16,1,25.04177,121.58735,2
500111070,20231019,988,18,16,1,25.04177,121.58735,2
500111070,20231019,989,18,16,1,25.04177,121.58735,2
500111070,20231019,991,18,15,1,25.04177,121.58735,3
500111070,20231019,992,18,15,1,25.04177,121.58735,3
500111070,20231019,993,18,15,1,25.04177,121.58735,3
500111070,20231019,994,18,16,1,25.04177,121.58735,2
500111070,20231019,995,18,17,1,25.04177,121.58735,1
500111070,20231019,996,18,16,1,25.04177,121.58735,2
500111070,20231019,997,18,16,1,25.04177,121.58735,2
500111070,20231019,998,18,16,1,25.04177,121.58735,2
500111070,20231019,999,18,15,1,25.04177,121.58735,3
500111070,20231019,1000,18,15,1,25.04177,121.58735,3
500111070,20231019,1001,18,15,1,25.04177,121.58735,3
500111070,20231019,1003,18,15,1,25.04177,121.58735,3
500111070,20231019,1004,18,13,1,25.04177,121.58735,5
500111070,20231019,1005,18,13,1,25.04177,121.58735,5
500111070,20231019,1006,18,13,1,25.04177,121.58735,5
500111070,20231019,1007,18,13,1,25.04177,121.58735,5
500111070,20231019,1008,18,13,1,25.04177,121.58735,5
500111070,20231019,1009,18,13,1,25.04177,121.58735,5
500111070,20231019,1011,18,13,1,25.04177,121.58735,5
500111070,20231019,1012,18,13,1,25.04177,121.58735,5
500111070,20231019,1013,18,13,1,25.04177,121.58735,5
500111070,20231019,1014,18,13,1,25.04177,121.58735,5
500111070,20231019,1015,18,13,1,25.04177,121.58735,5
500111070,20231019,1016,18,13,1,25.04177,121.58735,5
500111070,20231019,1017,18,13,1,25.04177,121.58735,5
500111070,20231019,1018,18,13,1,25.04177,121.58735,5
500111070,20231019,1019,18,13,1,25.04177,121.58735,5
500111070,20231019,1021,18,13,1,25.04177,121.58735,5
500111070,20231019,1022,18,12,1,25.04177,121.58735,6
500111070,20231019,1023,18,12,1,25.04177,121.58735,6
500111070,20231019,1024,18,12,1,25.04177,121.58735,6
500111070,20231019,1025,18,12,1,25.04177,121.58735,6
500111070,20231019,1026,18,13,1,25.04177,121.58735,5
500111070,20231019,1027,18,12,1,25.04177,121.58735,6
500111070,20231019,1028,18,12,1,25.04177,121.58735,6
500111070,20231019,1029,18,12,1,25.04177,121.58735,6
500111070,20231019,1031,18,12,1,25.04177,121.58735,6
500111070,20231019,1032,18,12,1,25.04177,121.58735,6
500111070,20231019,1033,18,12,1,25.04177,121.58735,6
500111070,20231019,1034,18,12,1,25.04177,121.58735,6
500111070,20231019,1035,18,13,1,25.04177,121.58735,5
500111070,20231019,1036,18,14,1,25.04177,121.58735,4
500111070,20231019,1037,18,14,1,25.04177,121.58735,4
500111070,20231019,1038,18,14,1,25.04177,121.58735,4
500111070,20231019,1039,18,13,1,25.04177,121.58735,5
500111070,20231019,1041,18,13,1,25.04177,121.58735,5
500111070,20231019,1043,18,13,1,25.04177,121.58735,5
500111070,20231019,1044,18,12,1,25.04177,121.58735,6
500111070,20231019,1045,18,11,1,25.04177,121.58735,7
500111070,20231019,1046,18,11,1,25.04177,121.58735,7
500111070,20231019,1047,18,11,1,25.04177,121.58735,7
500111070,20231019,1048,18,11,1,25.04177,121.58735,7
500111070,20231019,1049,18,11,1,25.04177,121.58735,7
500111070,20231019,1051,18,11,1,25.04177,121.58735,7
500111070,20231019,1052,18,11,1,25.04177,121.58735,7
500111070,20231019,1053,18,11,1,25.04177,121.58735,7
500111070,20231019,1054,18,10,1,25.04177,121.58735,8
500111070,20231019,1055,18,10,1,25.04177,121.58735,8
500111070,20231019,1056,18,10,1,25.04177,121.58735,8
500111070,20231019,1057,18,10,1,25.04177,121.58735,8
500111070,20231019,1058,18,10,1,25.04177,121.58735,8
500111070,20231019,1059,18,10,1,25.04177,121.58735,8
500111070,20231019,1061,18,10,1,25.04177,121.58735,8
500111070,20231019,1062,18,10,1,25.04177,121.58735,8
500111070,20231019,1063,18,9,1,25.04177,121.58735,9
500111070,20231019,1064,18,9,1,25.04177,121.58735,9
500111070,20231019,1065,18,9,1,25.04177,121.58735,9
500111070,20231019,1066,18,6,1,25.04177,121.58735,12
500111070,20231019,1067,18,6,1,25.04177,121.58735,12
500111070,20231019,1068,18,6,1,25.04177,121.58735,12
500111070,20231019,1069,18,5,1,25.04177,121.58735,13
500111070,20231019,1071,18,4,1,25.04177,121.58735,14
500111070,20231019,1072,18,4,1,25.04177,121.58735,14
500111070,20231019,1073,18,4,1,25.04177,121.58735,14
500111070,20231019,1074,18,4,1,25.04177,121.58735,14
500111070,20231019,1075,18,4,1,25.04177,121.58735,14
500111070,20231019,1076,18,4,1,25.04177,121.58735,14
500111070,20231019,1077,18,4,1,25.04177,121.58735,14
500111070,20231019,1078,18,4,1,25.04177,121.58735,14
500111070,20231019,1079,18,4,1,25.04177,121.58735,14
500111070,20231019,1081,18,4,1,25.04177,121.58735,14
500111070,20231019,1082,18,5,1,25.04177,121.58735,13
500111070,20231019,1083,18,4,1,25.04177,121.58735,14
500111070,20231019,1084,18,3,1,25.04177,121.58735,15
500111070,20231019,1085,18,3,1,25.04177,121.58735,15
500111070,20231019,1086,18,4,1,25.04177,121.58735,14
500111070,20231019,1087,18,5,1,25.04177,121.58735,13
500111070,20231019,1088,18,5,1,25.04177,121.58735,13
500111070,20231019,1089,18,6,1,25.04177,121.58735,12
500111070,20231019,1091,18,4,1,25.04177,121.58735,14
500111070,20231019,1092,18,2,1,25.04177,121.58735,16
500111070,20231019,1093,18,2,1,25.04177,121.58735,16
500111070,20231019,1094,18,1,1,25.04177,121.58735,17
500111070,20231019,1095,18,1,1,25.04177,121.58735,17
500111070,20231019,1096,18,1,1,25.04177,121.58735,17
500111070,20231019,1097,18,1,1,25.04177,121.58735,17
500111070,20231019,1098,18,1,1,25.04177,121.58735,17
500111070,20231019,1099,18,1,1,25.04177,121.58735,17
500111070,20231019,1101,18,1,1,25.04177,121.58735,17
500111070,20231019,1102,18,1,1,25.04177,121.58735,17
500111070,20231019,1103,18,0,1,25.04177,121.58735,18
500111070,20231019,1104,18,1,1,25.04177,121.58735,17
500111070,20231019,1105,18,1,1,25.04177,121.58735,17
500111070,20231019,1106,18,1,1,25.04177,121.58735,17
500111070,20231019,1107,18,1,1,25.04177,121.58735,17
500111070,20231019,1108,18,0,1,25.04177,121.58735,18
500111070,20231019,1109,18,0,1,25.04177,121.58735,18
500111070,20231019,1111,18,1,1,25.04177,121.58735,17
500111070,20231019,1112,18,1,1,25.04177,121.58735,17
500111070,20231019,1113,18,0,1,25.04177,121.58735,18
500111070,20231019,1114,18,0,1,25.04177,121.58735,18
500111070,20231019,1115,18,0,1,25.04177,121.58735,18
500111070,20231019,1116,18,0,1,25.04177,121.58735,18
500111070,20231019,1117,18,0,1,25.04177,121.58735,18
500111070,20231019,1118,18,0,1,25.04177,121.58735,18
500111070,20231019,1119,18,0,1,25.04177,121.58735,18
500111070,20231019,1121,18,8,1,25.04177,121.58735,10
500111070,20231019,1122,18,11,1,25.04177,121.58735,7
500111070,20231019,1123,18,14,1,25.04177,121.58735,4
500111070,20231019,1124,18,17,1,25.04177,121.58735,1
500111070,20231019,1125,18,18,1,25.04177,121.58735,0
500111070,20231019,1126,18,18,1,25.04177,121.58735,0
500111070,20231019,1127,18,18,1,25.04177,121.58735,0
500111070,20231019,1128,18,18,1,25.04177,121.58735,0
500111070,20231019,1129,18,18,1,25.04177,121.58735,0
500111070,20231019,1130,18,18,1,25.04177,121.58735,0
500111070,20231019,1131,18,16,1,25.04177,121.58735,2
500111070,20231019,1132,18,16,1,25.04177,121.58735,2
500111070,20231019,1133,18,16,1,25.04177,121.58735,2
500111070,20231019,1134,18,16,1,25.04177,121.58735,2
500111070,20231019,1135,18,16,1,25.04177,121.58735,2
500111070,20231019,1136,18,17,1,25.04177,121.58735,1
500111070,20231019,1137,18,17,1,25.04177,121.58735,1
500111070,20231019,1138,18,17,1,25.04177,121.58735,1
500111070,20231019,1139,18,17,1,25.04177,121.58735,1
500111070,20231019,1141,18,17,1,25.04177,121.58735,1
500111070,20231019,1142,18,17,1,25.04177,121.58735,1
500111070,20231019,1143,18,18,1,25.04177,121.58735,0
500111070,20231019,1144,18,18,1,25.04177,121.58735,0
500111070,20231019,1145,18,18,1,25.04177,121.58735,0
500111070,20231019,1146,18,18,1,25.04177,121.58735,0
500111070,20231019,1147,18,18,1,25.04177,121.58735,0
500111070,20231019,1148,18,18,1,25.04177,121.58735,0
500111070,20231019,1149,18,18,1,25.04177,121.58735,0
500111070,20231019,1150,18,18,1,25.04177,121.58735,0
500111070,20231019,1151,18,18,1,25.04177,121.58735,0
500111070,20231019,1152,18,18,1,25.04177,121.58735,0
500111070,20231019,1153,18,18,1,25.04177,121.58735,0
500111070,20231019,1154,18,18,1,25.04177,121.58735,0
500111070,20231019,1155,18,17,1,25.04177,121.58735,1
500111070,20231019,1156,18,17,1,25.04177,121.58735,1
500111070,20231019,1157,18,17,1,25.04177,121.58735,1
500111070,20231019,1158,18,17,1,25.04177,121.58735,1
500111070,20231019,1159,18,17,1,25.04177,121.58735,1
500111070,20231019,1161,18,17,1,25.04177,121.58735,1
500111070,20231019,1162,18,17,1,25.04177,121.58735,1
500111070,20231019,1163,18,17,1,25.04177,121.58735,1
500111070,20231019,1164,18,16,1,25.04177,121.58735,2
500111070,20231019,1165,18,16,1,25.04177,121.58735,2
500111070,20231019,1166,18,17,1,25.04177,121.58735,1
500111070,20231019,1167,18,17,1,25.04177,121.58735,1
500111070,20231019,1168,18,16,1,25.04177,121.58735,2
500111070,20231019,1169,18,16,1,25.04177,121.58735,2
500111070,20231019,1171,18,16,1,25.04177,121.58735,2
500111070,20231019,1172,18,16,1,25.04177,121.58735,2
500111070,20231019,1173,18,16,1,25.04177,121.58735,2
500111070,20231019,1174,18,16,1,25.04177,121.58735,2
500111070,20231019,1175,18,16,1,25.04177,121.58735,2
500111070,20231019,1176,18,16,1,25.04177,121.58735,2
500111070,20231019,1177,18,16,1,25.04177,121.58735,2
500111070,20231019,1178,18,16,1,25.04177,121.58735,2
500111070,20231019,1179,18,16,1,25.04177,121.58735,2
500111070,20231019,1180,18,14,1,25.04177,121.58735,4
500111070,20231019,1181,18,15,1,25.04177,121.58735,3
500111070,20231019,1182,18,15,1,25.04177,121.58735,3
500111070,20231019,1183,18,15,1,25.04177,121.58735,3
500111070,20231019,1184,18,15,1,25.04177,121.58735,3
500111070,20231019,1185,18,15,1,25.04177,121.58735,3
500111070,20231019,1186,18,15,1,25.04177,121.58735,3
500111070,20231019,1187,18,15,1,25.04177,121.58735,3
500111070,20231019,1188,18,14,1,25.04177,121.58735,4
500111070,20231019,1189,18,14,1,25.04177,121.58735,4
500111070,20231019,1190,18,14,1,25.04177,121.58735,4
500111070,20231019,1191,18,13,1,25.04177,121.58735,5
500111070,20231019,1192,18,13,1,25.04177,121.58735,5
500111070,20231019,1193,18,12,1,25.04177,121.58735,6
500111070,20231019,1194,18,12,1,25.04177,121.58735,6
500111070,20231019,1195,18,12,1,25.04177,121.58735,6
500111070,20231019,1196,18,12,1,25.04177,121.58735,6
500111070,20231019,1197,18,12,1,25.04177,121.58735,6
500111070,20231019,1198,18,12,1,25.04177,121.58735,6
500111070,20231019,1199,18,12,1,25.04177,121.58735,6
500111070,20231019,1201,18,11,1,25.04177,121.58735,7
500111070,20231019,1202,18,10,1,25.04177,121.58735,8
500111070,20231019,1203,18,10,1,25.04177,121.58735,8
500111070,20231019,1204,18,10,1,25.04177,121.58735,8
500111070,20231019,1205,18,10,1,25.04177,121.58735,8
500111070,20231019,1206,18,9,1,25.04177,121.58735,9
500111070,20231019,1207,18,9,1,25.04177,121.58735,9
500111070,20231019,1208,18,9,1,25.04177,121.58735,9
500111070,20231019,1209,18,9,1,25.04177,121.58735,9
500111070,20231019,1210,18,9,1,25.04177,121.58735,9
500111070,20231019,1211,18,9,1,25.04177,121.58735,9
500111070,20231019,1212,18,9,1,25.04177,121.58735,9
500111070,20231019,1213,18,9,1,25.04177,121.58735,9
500111070,20231019,1214,18,8,1,25.04177,121.58735,10
500111070,20231019,1215,18,8,1,25.04177,121.58735,10
500111070,20231019,1216,18,10,1,25.04177,121.58735,8
500111070,20231019,1217,18,10,1,25.04177,121.58735,8
500111070,20231019,1218,18,10,1,25.04177,121.58735,8
500111070,20231019,1219,18,10,1,25.04177,121.58735,8
500111070,20231019,1221,18,11,1,25.04177,121.58735,7
500111070,20231019,1222,18,11,1,25.04177,121.58735,7
500111070,20231019,1223,18,11,1,25.04177,121.58735,7
500111070,20231019,1224,18,11,1,25.04177,121.58735,7
500111070,20231019,1225,18,11,1,25.04177,121.58735,7
500111070,20231019,1226,18,10,1,25.04177,121.58735,8
500111070,20231019,1227,18,9,1,25.04177,121.58735,9
500111070,20231019,1228,18,9,1,25.04177,121.58735,9
500111070,20231019,1229,18,9,1,25.04177,121.58735,9
500111070,20231019,1231,18,9,1,25.04177,121.58735,9
500111070,20231019,1232,18,9,1,25.04177,121.58735,9
500111070,20231019,1233,18,9,1,25.04177,121.58735,9
500111070,20231019,1234,18,8,1,25.04177,121.58735,10
500111070,20231019,1235,18,8,1,25.04177,121.58735,10
500111070,20231019,1236,18,8,1,25.04177,121.58735,10
500111070,20231019,1237,18,9,1,25.04177,121.58735,9
500111070,20231019,1238,18,10,1,25.04177,121.58735,8
500111070,20231019,1239,18,10,1,25.04177,121.58735,8
500111070,20231019,1240,18,10,1,25.04177,121.58735,8
500111070,20231019,1241,18,9,1,25.04177,121.58735,9
500111070,20231019,1242,18,9,1,25.04177,121.58735,9
500111070,20231019,1243,18,9,1,25.04177,121.58735,9
500111070,20231019,1244,18,9,1,25.04177,121.58735,9
500111070,20231019,1245,18,9,1,25.04177,121.58735,9
500111070,20231019,1246,18,7,1,25.04177,121.58735,11
500111070,20231019,1247,18,7,1,25.04177,121.58735,11
500111070,20231019,1248,18,7,1,25.04177,121.58735,11
500111070,20231019,1249,18,7,1,25.04177,121.58735,11
500111070,20231019,1250,18,7,1,25.04177,121.58735,11
500111070,20231019,1251,18,6,1,25.04177,121.58735,12
500111070,20231019,1252,18,6,1,25.04177,121.58735,12
500111070,20231019,1253,18,6,1,25.04177,121.58735,12
500111070,20231019,1254,18,6,1,25.04177,121.58735,12
500111070,20231019,1255,18,6,1,25.04177,121.58735,12
500111070,20231019,1256,18,6,1,25.04177,121.58735,12
500111070,20231019,1257,18,6,1,25.04177,121.58735,12
500111070,20231019,1258,18,4,1,25.04177,121.58735,14
500111070,20231019,1259,18,1,1,25.04177,121.58735,17
500111070,20231019,1261,18,1,1,25.04177,121.58735,17
500111070,20231019,1262,18,0,1,25.04177,121.58735,18
500111070,20231019,1263,18,0,1,25.04177,121.58735,18
500111070,20231019,1264,18,0,1,25.04177,121.58735,18
500111070,20231019,1265,18,0,1,25.04177,121.58735,18
500111070,20231019,1266,18,0,1,25.04177,121.58735,18
500111070,20231019,1267,18,0,1,25.04177,121.58735,18
500111070,20231019,1268,18,0,1,25.04177,121.58735,18
500111070,20231019,1269,18,0,1,25.04177,121.58735,18
500111070,20231019,1270,18,0,1,25.04177,121.58735,18
500111070,20231019,1271,18,0,1,25.04177,121.58735,18
500111070,20231019,1272,18,0,1,25.04177,121.58735,18
500111070,20231019,1273,18,0,1,25.04177,121.58735,18
500111070,20231019,1274,18,0,1,25.04177,121.58735,18
500111070,20231019,1275,18,0,1,25.04177,121.58735,18
500111070,20231019,1276,18,0,1,25.04177,121.58735,18
500111070,20231019,1277,18,1,1,25.04177,121.58735,17
500111070,20231019,1278,18,1,1,25.04177,121.58735,17
500111070,20231019,1279,18,1,1,25.04177,121.58735,17
500111070,20231019,1281,18,2,1,25.04177,121.58735,16
500111070,20231019,1282,18,2,1,25.04177,121.58735,16
500111070,20231019,1283,18,2,1,25.04177,121.58735,16
500111070,20231019,1284,18,2,1,25.04177,121.58735,16
500111070,20231019,1285,18,2,1,25.04177,121.58735,16
500111070,20231019,1286,18,3,1,25.04177,121.58735,15
500111070,20231019,1287,18,4,1,25.04177,121.58735,14
500111070,20231019,1288,18,4,1,25.04177,121.58735,14
500111070,20231019,1289,18,4,1,25.04177,121.58735,14
500111070,20231019,1291,18,8,1,25.04177,121.58735,10
500111070,20231019,1292,18,10,1,25.04177,121.58735,8
500111070,20231019,1293,18,13,1,25.04177,121.58735,5
500111070,20231019,1294,18,14,1,25.04177,121.58735,4
500111070,20231019,1295,18,15,1,25.04177,121.58735,3
500111070,20231019,1296,18,16,1,25.04177,121.58735,2
500111070,20231019,1297,18,17,1,25.04177,121.58735,1
500111070,20231019,1298,18,17,1,25.04177,121.58735,1
500111070,20231019,1300,18,17,1,25.04177,121.58735,1
500111070,20231019,1301,18,17,1,25.04177,121.58735,1
500111070,20231019,1302,18,17,1,25.04177,121.58735,1
500111070,20231019,1303,18,17,1,25.04177,121.58735,1
500111070,20231019,1304,18,16,1,25.04177,121.58735,2
500111070,20231019,1305,18,15,1,25.04177,121.58735,3
500111070,20231019,1306,18,15,1,25.04177,121.58735,3
500111070,20231019,1307,18,16,1,25.04177,121.58735,2
500111070,20231019,1308,18,16,1,25.04177,121.58735,2
500111070,20231019,1309,18,16,1,25.04177,121.58735,2
500111070,20231019,1310,18,16,1,25.04177,121.58735,2
500111070,20231019,1311,18,16,1,25.04177,121.58735,2
500111070,20231019,1312,18,16,1,25.04177,121.58735,2
500111070,20231019,1313,18,16,1,25.04177,121.58735,2
500111070,20231019,1314,18,16,1,25.04177,121.58735,2
500111070,20231019,1315,18,16,1,25.04177,121.58735,2
500111070,20231019,1316,18,15,1,25.04177,121.58735,3
500111070,20231019,1317,18,15,1,25.04177,121.58735,3
500111070,20231019,1318,18,15,1,25.04177,121.58735,3
500111070,20231019,1319,18,15,1,25.04177,121.58735,3
500111070,20231019,1321,18,15,1,25.04177,121.58735,3
500111070,20231019,1322,18,15,1,25.04177,121.58735,3
500111070,20231019,1323,18,15,1,25.04177,121.58735,3
500111070,20231019,1324,18,15,1,25.04177,121.58735,3
500111070,20231019,1325,18,15,1,25.04177,121.58735,3
500111070,20231019,1326,18,15,1,25.04177,121.58735,3
500111070,20231019,1327,18,15,1,25.04177,121.58735,3
500111070,20231019,1328,18,15,1,25.04177,121.58735,3
500111070,20231019,1329,18,13,1,25.04177,121.58735,5
500111070,20231019,1330,18,11,1,25.04177,121.58735,7
500111070,20231019,1331,18,11,1,25.04177,121.58735,7
500111070,20231019,1332,18,11,1,25.04177,121.58735,7
500111070,20231019,1333,18,11,1,25.04177,121.58735,7
500111070,20231019,1334,18,11,1,25.04177,121.58735,7
500111070,20231019,1335,18,11,1,25.04177,121.58735,7
500111070,20231019,1336,18,11,1,25.04177,121.58735,7
500111070,20231019,1337,18,11,1,25.04177,121.58735,7
500111070,20231019,1338,18,11,1,25.04177,121.58735,7
500111070,20231019,1339,18,11,1,25.04177,121.58735,7
500111070,20231019,1341,18,11,1,25.04177,121.58735,7
500111070,20231019,1342,18,11,1,25.04177,121.58735,7
500111070,20231019,1343,18,11,1,25.04177,121.58735,7
500111070,20231019,1344,18,11,1,25.04177,121.58735,7
500111070,20231019,1345,18,11,1,25.04177,121.58735,7
500111070,20231019,1346,18,11,1,25.04177,121.58735,7
500111070,20231019,1347,18,10,1,25.04177,121.58735,8
500111070,20231019,1348,18,10,1,25.04177,121.58735,8
500111070,20231019,1349,18,9,1,25.04177,121.58735,9
500111070,20231019,1350,18,9,1,25.04177,121.58735,9
500111070,20231019,1351,18,9,1,25.04177,121.58735,9
500111070,20231019,1352,18,9,1,25.04177,121.58735,9
500111070,20231019,1353,18,8,1,25.04177,121.58735,10
500111070,20231019,1354,18,8,1,25.04177,121.58735,10
500111070,20231019,1355,18,8,1,25.04177,121.58735,10
500111070,20231019,1356,18,8,1,25.04177,121.58735,10
500111070,20231019,1357,18,7,1,25.04177,121.58735,11
500111070,20231019,1358,18,7,1,25.04177,121.58735,11
500111070,20231019,1359,18,7,1,25.04177,121.58735,11
500111070,20231019,1360,18,7,1,25.04177,121.58735,11
500111070,20231019,1361,18,7,1,25.04177,121.58735,11
500111070,20231019,1362,18,7,1,25.04177,121.58735,11
500111070,20231019,1363,18,7,1,25.04177,121.58735,11
500111070,20231019,1364,18,7,1,25.04177,121.58735,11
500111070,20231019,1365,18,7,1,25.04177,121.58735,11
500111070,20231019,1366,18,7,1,25.04177,121.58735,11
500111070,20231019,1367,18,7,1,25.04177,121.58735,11
500111070,20231019,1368,18,7,1,25.04177,121.58735,11
500111070,20231019,1369,18,7,1,25.04177,121.58735,11
500111070,20231019,1370,18,7,1,25.04177,121.58735,11
500111070,20231019,1371,18,7,1,25.04177,121.58735,11
500111070,20231019,1372,18,7,1,25.04177,121.58735,11
500111070,20231019,1373,18,6,1,25.04177,121.58735,12
500111070,20231019,1374,18,6,1,25.04177,121.58735,12
500111070,20231019,1375,18,6,1,25.04177,121.58735,12
500111070,20231019,1376,18,6,1,25.04177,121.58735,12
500111070,20231019,1377,18,6,1,25.04177,121.58735,12
500111070,20231019,1378,18,6,1,25.04177,121.58735,12
500111070,20231019,1379,18,6,1,25.04177,121.58735,12
500111070,20231019,1381,18,6,1,25.04177,121.58735,12
500111070,20231019,1382,18,6,1,25.04177,121.58735,12
500111070,20231019,1383,18,6,1,25.04177,121.58735,12
500111070,20231019,1384,18,6,1,25.04177,121.58735,12
500111070,20231019,1385,18,6,1,25.04177,121.58735,12
500111070,20231019,1386,18,6,1,25.04177,121.58735,12
500111070,20231019,1387,18,6,1,25.04177,121.58735,12
500111070,20231019,1388,18,6,1,25.04177,121.58735,12
500111070,20231019,1389,18,6,1,25.04177,121.58735,12
500111070,20231019,1390,18,6,1,25.04177,121.58735,12
500111070,20231019,1391,18,6,1,25.04177,121.58735,12
500111070,20231019,1392,18,6,1,25.04177,121.58735,12
500111070,20231019,1393,18,6,1,25.04177,121.58735,12
500111070,20231019,1394,18,6,1,25.04177,121.58735,12
500111070,20231019,1395,18,6,1,25.04177,121.58735,12
500111070,20231019,1396,18,6,1,25.04177,121.58735,12
500111070,20231019,1397,18,6,1,25.04177,121.58735,12
500111070,20231019,1398,18,6,1,25.04177,121.58735,12
500111070,20231019,1399,18,7,1,25.04177,121.58735,11
500111070,20231019,1401,18,7,1,25.04177,121.58735,11
500111070,20231019,1402,18,7,1,25.04177,121.58735,11
500111070,20231019,1403,18,7,1,25.04177,121.58735,11
500111070,20231019,1404,18,7,1,25.04177,121.58735,11
500111070,20231019,1405,18,7,1,25.04177,121.58735,11
500111070,20231019,1406,18,7,1,25.04177,121.58735,11
500111070,20231019,1407,18,7,1,25.04177,121.58735,11
500111070,20231019,1408,18,7,1,25.04177,121.58735,11
500111070,20231019,1409,18,7,1,25.04177,121.58735,11
500111070,20231019,1410,18,6,1,25.04177,121.58735,12
500111070,20231019,1411,18,5,1,25.04177,121.58735,13
500111070,20231019,1412,18,5,1,25.04177,121.58735,13
500111070,20231019,1413,18,5,1,25.04177,121.58735,13
500111070,20231019,1414,18,5,1,25.04177,121.58735,13
500111070,20231019,1415,18,5,1,25.04177,121.58735,13
500111070,20231019,1416,18,5,1,25.04177,121.58735,13
500111070,20231019,1417,18,5,1,25.04177,121.58735,13
500111070,20231019,1418,18,5,1,25.04177,121.58735,13
500111070,20231019,1419,18,4,1,25.04177,121.58735,14
500111070,20231019,1420,18,4,1,25.04177,121.58735,14
500111070,20231019,1421,18,4,1,25.04177,121.58735,14
500111070,20231019,1422,18,4,1,25.04177,121.58735,14
500111070,20231019,1423,18,5,1,25.04177,121.58735,13
500111070,20231019,1424,18,5,1,25.04177,121.58735,13
500111070,20231019,1425,18,5,1,25.04177,121.58735,13
500111070,20231019,1426,18,7,1,25.04177,121.58735,11
500111070,20231019,1427,18,10,1,25.04177,121.58735,8
500111070,20231019,1428,18,10,1,25.04177,121.58735,8
500111070,20231019,1429,18,10,1,25.04177,121.58735,8
500111070,20231019,1430,18,10,1,25.04177,121.58735,8
500111070,20231019,1431,18,10,1,25.04177,121.58735,8
500111070,20231019,1432,18,11,1,25.04177,121.58735,7
500111070,20231019,1433,18,11,1,25.04177,121.58735,7
500111070,20231019,1434,18,11,1,25.04177,121.58735,7
500111070,20231019,1435,18,11,1,25.04177,121.58735,7
500111070,20231019,1436,18,12,1,25.04177,121.58735,6
500111070,20231019,1437,18,12,1,25.04177,121.58735,6
500111070,20231019,1438,18,11,1,25.04177,121.58735,7
500111070,20231019,1439,18,11,1,25.04177,121.58735,7
500111070,20231020,1,18,10,1,25.04177,121.58735,8
500111070,20231020,2,18,10,1,25.04177,121.58735,8
500111070,20231020,3,18,10,1,25.04177,121.58735,8
500111070,20231020,4,18,10,1,25.04177,121.58735,8
500111070,20231020,5,18,10,1,25.04177,121.58735,8
500111070,20231020,6,18,10,1,25.04177,121.58735,8
500111070,20231020,7,18,10,1,25.04177,121.58735,8
500111070,20231020,8,18,10,1,25.04177,121.58735,8
500111070,20231020,10,18,10,1,25.04177,121.58735,8
500111070,20231020,11,18,10,1,25.04177,121.58735,8
500111070,20231020,12,18,10,1,25.04177,121.58735,8
500111070,20231020,13,18,10,1,25.04177,121.58735,8
500111070,20231020,14,18,10,1,25.04177,121.58735,8
500111070,20231020,15,18,10,1,25.04177,121.58735,8
500111070,20231020,16,18,10,1,25.04177,121.58735,8
500111070,20231020,17,18,10,1,25.04177,121.58735,8
500111070,20231020,18,18,10,1,25.04177,121.58735,8
500111070,20231020,19,18,10,1,25.04177,121.58735,8
500111070,20231020,21,18,10,1,25.04177,121.58735,8
500111070,20231020,22,18,10,1,25.04177,121.58735,8
500111070,20231020,23,18,10,1,25.04177,121.58735,8
500111070,20231020,24,18,10,1,25.04177,121.58735,8
500111070,20231020,25,18,10,1,25.04177,121.58735,8
500111070,20231020,26,18,10,1,25.04177,121.58735,8
500111070,20231020,27,18,10,1,25.04177,121.58735,8
500111070,20231020,28,18,10,1,25.04177,121.58735,8
500111070,20231020,29,18,10,1,25.04177,121.58735,8
500111070,20231020,31,18,10,1,25.04177,121.58735,8
500111070,20231020,32,18,10,1,25.04177,121.58735,8
500111070,20231020,34,18,9,1,25.04177,121.58735,9
500111070,20231020,35,18,9,1,25.04177,121.58735,9
500111070,20231020,36,18,9,1,25.04177,121.58735,9
500111070,20231020,37,18,9,1,25.04177,121.58735,9
500111070,20231020,38,18,9,1,25.04177,121.58735,9
500111070,20231020,39,18,9,1,25.04177,121.58735,9
500111070,20231020,41,18,9,1,25.04177,121.58735,9
500111070,20231020,42,18,9,1,25.04177,121.58735,9
500111070,20231020,43,18,9,1,25.04177,121.58735,9
500111070,20231020,44,18,9,1,25.04177,121.58735,9
500111070,20231020,45,18,9,1,25.04177,121.58735,9
500111070,20231020,46,18,8,1,25.04177,121.58735,10
500111070,20231020,47,18,8,1,25.04177,121.58735,10
500111070,20231020,48,18,8,1,25.04177,121.58735,10
500111070,20231020,49,18,8,1,25.04177,121.58735,10
500111070,20231020,50,18,8,1,25.04177,121.58735,10
500111070,20231020,51,18,8,1,25.04177,121.58735,10
500111070,20231020,52,18,8,1,25.04177,121.58735,10
500111070,20231020,53,18,8,1,25.04177,121.58735,10
500111070,20231020,54,18,8,1,25.04177,121.58735,10
500111070,20231020,55,18,8,1,25.04177,121.58735,10
500111070,20231020,56,18,8,1,25.04177,121.58735,10
500111070,20231020,57,18,8,1,25.04177,121.58735,10
500111070,20231020,58,18,8,1,25.04177,121.58735,10
500111070,20231020,59,18,8,1,25.04177,121.58735,10
500111070,20231020,61,18,8,1,25.04177,121.58735,10
500111070,20231020,62,18,8,1,25.04177,121.58735,10
500111070,20231020,63,18,8,1,25.04177,121.58735,10
500111070,20231020,64,18,8,1,25.04177,121.58735,10
500111070,20231020,65,18,8,1,25.04177,121.58735,10
500111070,20231020,66,18,8,1,25.04177,121.58735,10
500111070,20231020,67,18,8,1,25.04177,121.58735,10
500111070,20231020,68,18,8,1,25.04177,121.58735,10
500111070,20231020,69,18,8,1,25.04177,121.58735,10
500111070,20231020,70,18,8,1,25.04177,121.58735,10
500111070,20231020,71,18,8,1,25.04177,121.58735,10
500111070,20231020,72,18,8,1,25.04177,121.58735,10
500111070,20231020,73,18,8,1,25.04177,121.58735,10
500111070,20231020,74,18,8,1,25.04177,121.58735,10
500111070,20231020,75,18,8,1,25.04177,121.58735,10
500111070,20231020,76,18,8,1,25.04177,121.58735,10
500111070,20231020,77,18,8,1,25.04177,121.58735,10
500111070,20231020,78,18,8,1,25.04177,121.58735,10
500111070,20231020,79,18,8,1,25.04177,121.58735,10
500111070,20231020,81,18,8,1,25.04177,121.58735,10
500111070,20231020,82,18,8,1,25.04177,121.58735,10
500111070,20231020,83,18,8,1,25.04177,121.58735,10
500111070,20231020,84,18,8,1,25.04177,121.58735,10
500111070,20231020,85,18,8,1,25.04177,121.58735,10
500111070,20231020,86,18,8,1,25.04177,121.58735,10
500111070,20231020,87,18,8,1,25.04177,121.58735,10
500111070,20231020,88,18,8,1,25.04177,121.58735,10
500111070,20231020,89,18,8,1,25.04177,121.58735,10
500111070,20231020,90,18,8,1,25.04177,121.58735,10
500111070,20231020,91,18,8,1,25.04177,121.58735,10
500111070,20231020,92,18,8,1,25.04177,121.58735,10
500111070,20231020,93,18,8,1,25.04177,121.58735,10
500111070,20231020,94,18,8,1,25.04177,121.58735,10
500111070,20231020,95,18,8,1,25.04177,121.58735,10
500111070,20231020,96,18,8,1,25.04177,121.58735,10
500111070,20231020,97,18,8,1,25.04177,121.58735,10
500111070,20231020,98,18,8,1,25.04177,121.58735,10
500111070,20231020,99,18,8,1,25.04177,121.58735,10
500111070,20231020,100,18,8,1,25.04177,121.58735,10
500111070,20231020,101,18,8,1,25.04177,121.58735,10
500111070,20231020,102,18,8,1,25.04177,121.58735,10
500111070,20231020,103,18,8,1,25.04177,121.58735,10
500111070,20231020,104,18,8,1,25.04177,121.58735,10
500111070,20231020,105,18,8,1,25.04177,121.58735,10
500111070,20231020,106,18,8,1,25.04177,121.58735,10
500111070,20231020,107,18,8,1,25.04177,121.58735,10
500111070,20231020,108,18,8,1,25.04177,121.58735,10
500111070,20231020,109,18,8,1,25.04177,121.58735,10
500111070,20231020,110,18,8,1,25.04177,121.58735,10
500111070,20231020,111,18,8,1,25.04177,121.58735,10
500111070,20231020,112,18,8,1,25.04177,121.58735,10
500111070,20231020,113,18,8,1,25.04177,121.58735,10
500111070,20231020,114,18,8,1,25.04177,121.58735,10
500111070,20231020,115,18,8,1,25.04177,121.58735,10
500111070,20231020,116,18,8,1,25.04177,121.58735,10
500111070,20231020,117,18,8,1,25.04177,121.58735,10
500111070,20231020,118,18,8,1,25.04177,121.58735,10
500111070,20231020,119,18,8,1,25.04177,121.58735,10
500111070,20231020,121,18,8,1,25.04177,121.58735,10
500111070,20231020,122,18,8,1,25.04177,121.58735,10
500111070,20231020,123,18,8,1,25.04177,121.58735,10
500111070,20231020,124,18,8,1,25.04177,121.58735,10
500111070,20231020,125,18,8,1,25.04177,121.58735,10
500111070,20231020,126,18,8,1,25.04177,121.58735,10
500111070,20231020,127,18,8,1,25.04177,121.58735,10
500111070,20231020,128,18,8,1,25.04177,121.58735,10
500111070,20231020,129,18,8,1,25.04177,121.58735,10
500111070,20231020,130,18,8,1,25.04177,121.58735,10
500111070,20231020,131,18,8,1,25.04177,121.58735,10
500111070,20231020,132,18,8,1,25.04177,121.58735,10
500111070,20231020,133,18,8,1,25.04177,121.58735,10
500111070,20231020,134,18,8,1,25.04177,121.58735,10
500111070,20231020,135,18,8,1,25.04177,121.58735,10
500111070,20231020,136,18,8,1,25.04177,121.58735,10
500111070,20231020,137,18,8,1,25.04177,121.58735,10
500111070,20231020,138,18,8,1,25.04177,121.58735,10
500111070,20231020,139,18,8,1,25.04177,121.58735,10
500111070,20231020,141,18,8,1,25.04177,121.58735,10
500111070,20231020,142,18,8,1,25.04177,121.58735,10
500111070,20231020,143,18,8,1,25.04177,121.58735,10
500111070,20231020,144,18,8,1,25.04177,121.58735,10
500111070,20231020,145,18,8,1,25.04177,121.58735,10
500111070,20231020,146,18,8,1,25.04177,121.58735,10
500111070,20231020,147,18,8,1,25.04177,121.58735,10
500111070,20231020,148,18,8,1,25.04177,121.58735,10
500111070,20231020,149,18,8,1,25.04177,121.58735,10
500111070,20231020,150,18,8,1,25.04177,121.58735,10
500111070,20231020,151,18,8,1,25.04177,121.58735,10
500111070,20231020,152,18,8,1,25.04177,121.58735,10
500111070,20231020,153,18,8,1,25.04177,121.58735,10
500111070,20231020,154,18,8,1,25.04177,121.58735,10
500111070,20231020,155,18,8,1,25.04177,121.58735,10
500111070,20231020,156,18,8,1,25.04177,121.58735,10
500111070,20231020,157,18,8,1,25.04177,121.58735,10
500111070,20231020,158,18,8,1,25.04177,121.58735,10
500111070,20231020,159,18,8,1,25.04177,121.58735,10
500111070,20231020,160,18,8,1,25.04177,121.58735,10
500111070,20231020,161,18,8,1,25.04177,121.58735,10
500111070,20231020,162,18,8,1,25.04177,121.58735,10
500111070,20231020,163,18,8,1,25.04177,121.58735,10
500111070,20231020,164,18,7,1,25.04177,121.58735,11
500111070,20231020,165,18,7,1,25.04177,121.58735,11
500111070,20231020,166,18,7,1,25.04177,121.58735,11
500111070,20231020,167,18,7,1,25.04177,121.58735,11
500111070,20231020,168,18,6,1,25.04177,121.58735,12
500111070,20231020,169,18,6,1,25.04177,121.58735,12
500111070,20231020,170,18,6,1,25.04177,121.58735,12
500111070,20231020,171,18,6,1,25.04177,121.58735,12
500111070,20231020,172,18,6,1,25.04177,121.58735,12
500111070,20231020,173,18,6,1,25.04177,121.58735,12
500111070,20231020,174,18,6,1,25.04177,121.58735,12
500111070,20231020,175,18,6,1,25.04177,121.58735,12
500111070,20231020,176,18,6,1,25.04177,121.58735,12
500111070,20231020,177,18,6,1,25.04177,121.58735,12
500111070,20231020,178,18,6,1,25.04177,121.58735,12
500111070,20231020,179,18,6,1,25.04177,121.58735,12
500111070,20231020,180,18,6,1,25.04177,121.58735,12
500111070,20231020,181,18,6,1,25.04177,121.58735,12
500111070,20231020,182,18,6,1,25.04177,121.58735,12
500111070,20231020,183,18,6,1,25.04177,121.58735,12
500111070,20231020,184,18,6,1,25.04177,121.58735,12
500111070,20231020,185,18,6,1,25.04177,121.58735,12
500111070,20231020,186,18,6,1,25.04177,121.58735,12
500111070,20231020,187,18,6,1,25.04177,121.58735,12
500111070,20231020,188,18,6,1,25.04177,121.58735,12
500111070,20231020,189,18,6,1,25.04177,121.58735,12
500111070,20231020,190,18,6,1,25.04177,121.58735,12
500111070,20231020,191,18,6,1,25.04177,121.58735,12
500111070,20231020,192,18,6,1,25.04177,121.58735,12
500111070,20231020,193,18,6,1,25.04177,121.58735,12
500111070,20231020,194,18,6,1,25.04177,121.58735,12
500111070,20231020,195,18,6,1,25.04177,121.58735,12
500111070,20231020,196,18,6,1,25.04177,121.58735,12
500111070,20231020,197,18,6,1,25.04177,121.58735,12
500111070,20231020,198,18,6,1,25.04177,121.58735,12
500111070,20231020,199,18,6,1,25.04177,121.58735,12
500111070,20231020,201,18,6,1,25.04177,121.58735,12
500111070,20231020,202,18,6,1,25.04177,121.58735,12
500111070,20231020,203,18,6,1,25.04177,121.58735,12
500111070,20231020,204,18,6,1,25.04177,121.58735,12
500111070,20231020,205,18,6,1,25.04177,121.58735,12
500111070,20231020,206,18,6,1,25.04177,121.58735,12
500111070,20231020,207,18,6,1,25.04177,121.58735,12
500111070,20231020,208,18,6,1,25.04177,121.58735,12
500111070,20231020,209,18,6,1,25.04177,121.58735,12
500111070,20231020,210,18,6,1,25.04177,121.58735,12
500111070,20231020,211,18,6,1,25.04177,121.58735,12
500111070,20231020,212,18,6,1,25.04177,121.58735,12
500111070,20231020,213,18,6,1,25.04177,121.58735,12
500111070,20231020,214,18,6,1,25.04177,121.58735,12
500111070,20231020,215,18,6,1,25.04177,121.58735,12
500111070,20231020,216,18,6,1,25.04177,121.58735,12
500111070,20231020,217,18,6,1,25.04177,121.58735,12
500111070,20231020,218,18,6,1,25.04177,121.58735,12
500111070,20231020,219,18,6,1,25.04177,121.58735,12
500111070,20231020,220,18,6,1,25.04177,121.58735,12
500111070,20231020,221,18,6,1,25.04177,121.58735,12
500111070,20231020,222,18,6,1,25.04177,121.58735,12
500111070,20231020,223,18,6,1,25.04177,121.58735,12
500111070,20231020,224,18,6,1,25.04177,121.58735,12
500111070,20231020,225,18,6,1,25.04177,121.58735,12
500111070,20231020,226,18,6,1,25.04177,121.58735,12
500111070,20231020,227,18,6,1,25.04177,121.58735,12
500111070,20231020,228,18,6,1,25.04177,121.58735,12
500111070,20231020,229,18,6,1,25.04177,121.58735,12
500111070,20231020,230,18,6,1,25.04177,121.58735,12
500111070,20231020,231,18,6,1,25.04177,121.58735,12
500111070,20231020,232,18,6,1,25.04177,121.58735,12
500111070,20231020,233,18,6,1,25.04177,121.58735,12
500111070,20231020,234,18,6,1,25.04177,121.58735,12
500111070,20231020,235,18,6,1,25.04177,121.58735,12
500111070,20231020,236,18,6,1,25.04177,121.58735,12
500111070,20231020,237,18,6,1,25.04177,121.58735,12
500111070,20231020,238,18,6,1,25.04177,121.58735,12
500111070,20231020,239,18,6,1,25.04177,121.58735,12
500111070,20231020,240,18,6,1,25.04177,121.58735,12
500111070,20231020,241,18,6,1,25.04177,121.58735,12
500111070,20231020,242,18,6,1,25.04177,121.58735,12
500111070,20231020,243,18,6,1,25.04177,121.58735,12
500111070,20231020,244,18,6,1,25.04177,121.58735,12
500111070,20231020,245,18,6,1,25.04177,121.58735,12
500111070,20231020,246,18,6,1,25.04177,121.58735,12
500111070,20231020,247,18,6,1,25.04177,121.58735,12
500111070,20231020,248,18,6,1,25.04177,121.58735,12
500111070,20231020,249,18,6,1,25.04177,121.58735,12
500111070,20231020,250,18,6,1,25.04177,121.58735,12
500111070,20231020,251,18,6,1,25.04177,121.58735,12
500111070,20231020,252,18,6,1,25.04177,121.58735,12
500111070,20231020,253,18,6,1,25.04177,121.58735,12
500111070,20231020,254,18,6,1,25.04177,121.58735,12
500111070,20231020,255,18,6,1,25.04177,121.58735,12
500111070,20231020,256,18,6,1,25.04177,121.58735,12
500111070,20231020,257,18,6,1,25.04177,121.58735,12
500111070,20231020,258,18,6,1,25.04177,121.58735,12
500111070,20231020,259,18,6,1,25.04177,121.58735,12
500111070,20231020,261,18,6,1,25.04177,121.58735,12
500111070,20231020,262,18,6,1,25.04177,121.58735,12
500111070,20231020,264,18,6,1,25.04177,121.58735,12
500111070,20231020,265,18,6,1,25.04177,121.58735,12
500111070,20231020,266,18,6,1,25.04177,121.58735,12
500111070,20231020,267,18,6,1,25.04177,121.58735,12
500111070,20231020,268,18,6,1,25.04177,121.58735,12
500111070,20231020,269,18,6,1,25.04177,121.58735,12
500111070,20231020,270,18,6,1,25.04177,121.58735,12
500111070,20231020,271,18,6,1,25.04177,121.58735,12
500111070,20231020,272,18,6,1,25.04177,121.58735,12
500111070,20231020,273,18,6,1,25.04177,121.58735,12
500111070,20231020,274,18,6,1,25.04177,121.58735,12
500111070,20231020,275,18,6,1,25.04177,121.58735,12
500111070,20231020,276,18,6,1,25.04177,121.58735,12
500111070,20231020,277,18,6,1,25.04177,121.58735,12
500111070,20231020,278,18,6,1,25.04177,121.58735,12
500111070,20231020,279,18,6,1,25.04177,121.58735,12
500111070,20231020,280,18,6,1,25.04177,121.58735,12
500111070,20231020,281,18,6,1,25.04177,121.58735,12
500111070,20231020,282,18,6,1,25.04177,121.58735,12
500111070,20231020,283,18,6,1,25.04177,121.58735,12
500111070,20231020,284,18,6,1,25.04177,121.58735,12
500111070,20231020,285,18,6,1,25.04177,121.58735,12
500111070,20231020,286,18,6,1,25.04177,121.58735,12
500111070,20231020,287,18,6,1,25.04177,121.58735,12
500111070,20231020,288,18,6,1,25.04177,121.58735,12
500111070,20231020,289,18,6,1,25.04177,121.58735,12
500111070,20231020,290,18,6,1,25.04177,121.58735,12
500111070,20231020,291,18,6,1,25.04177,121.58735,12
500111070,20231020,292,18,6,1,25.04177,121.58735,12
500111070,20231020,293,18,6,1,25.04177,121.58735,12
500111070,20231020,294,18,6,1,25.04177,121.58735,12
500111070,20231020,295,18,6,1,25.04177,121.58735,12
500111070,20231020,296,18,6,1,25.04177,121.58735,12
500111070,20231020,297,18,6,1,25.04177,121.58735,12
500111070,20231020,298,18,6,1,25.04177,121.58735,12
500111070,20231020,299,18,6,1,25.04177,121.58735,12
500111070,20231020,300,18,6,1,25.04177,121.58735,12
500111070,20231020,301,18,6,1,25.04177,121.58735,12
500111070,20231020,302,18,6,1,25.04177,121.58735,12
500111070,20231020,303,18,6,1,25.04177,121.58735,12
500111070,20231020,304,18,6,1,25.04177,121.58735,12
500111070,20231020,305,18,6,1,25.04177,121.58735,12
500111070,20231020,306,18,6,1,25.04177,121.58735,12
500111070,20231020,307,18,6,1,25.04177,121.58735,12
500111070,20231020,308,18,6,1,25.04177,121.58735,12
500111070,20231020,309,18,6,1,25.04177,121.58735,12
500111070,20231020,310,18,6,1,25.04177,121.58735,12
500111070,20231020,311,18,6,1,25.04177,121.58735,12
500111070,20231020,312,18,6,1,25.04177,121.58735,12
500111070,20231020,313,18,6,1,25.04177,121.58735,12
500111070,20231020,314,18,6,1,25.04177,121.58735,12
500111070,20231020,315,18,6,1,25.04177,121.58735,12
500111070,20231020,316,18,6,1,25.04177,121.58735,12
500111070,20231020,317,18,6,1,25.04177,121.58735,12
500111070,20231020,318,18,6,1,25.04177,121.58735,12
500111070,20231020,319,18,6,1,25.04177,121.58735,12
500111070,20231020,321,18,6,1,25.04177,121.58735,12
500111070,20231020,322,18,6,1,25.04177,121.58735,12
500111070,20231020,323,18,6,1,25.04177,121.58735,12
500111070,20231020,324,18,6,1,25.04177,121.58735,12
500111070,20231020,325,18,6,1,25.04177,121.58735,12
500111070,20231020,326,18,6,1,25.04177,121.58735,12
500111070,20231020,327,18,6,1,25.04177,121.58735,12
500111070,20231020,328,18,6,1,25.04177,121.58735,12
500111070,20231020,329,18,6,1,25.04177,121.58735,12
500111070,20231020,330,18,6,1,25.04177,121.58735,12
500111070,20231020,331,18,6,1,25.04177,121.58735,12
500111070,20231020,332,18,6,1,25.04177,121.58735,12
500111070,20231020,333,18,6,1,25.04177,121.58735,12
500111070,20231020,334,18,6,1,25.04177,121.58735,12
500111070,20231020,335,18,6,1,25.04177,121.58735,12
500111070,20231020,336,18,6,1,25.04177,121.58735,12
500111070,20231020,337,18,6,1,25.04177,121.58735,12
500111070,20231020,338,18,6,1,25.04177,121.58735,12
500111070,20231020,339,18,6,1,25.04177,121.58735,12
500111070,20231020,340,18,6,1,25.04177,121.58735,12
500111070,20231020,341,18,6,1,25.04177,121.58735,12
500111070,20231020,342,18,6,1,25.04177,121.58735,12
500111070,20231020,343,18,6,1,25.04177,121.58735,12
500111070,20231020,344,18,6,1,25.04177,121.58735,12
500111070,20231020,345,18,6,1,25.04177,121.58735,12
500111070,20231020,346,18,6,1,25.04177,121.58735,12
500111070,20231020,347,18,6,1,25.04177,121.58735,12
500111070,20231020,348,18,6,1,25.04177,121.58735,12
500111070,20231020,349,18,6,1,25.04177,121.58735,12
500111070,20231020,350,18,6,1,25.04177,121.58735,12
500111070,20231020,351,18,6,1,25.04177,121.58735,12
500111070,20231020,352,18,6,1,25.04177,121.58735,12
500111070,20231020,353,18,7,1,25.04177,121.58735,11
500111070,20231020,354,18,7,1,25.04177,121.58735,11
500111070,20231020,355,18,7,1,25.04177,121.58735,11
500111070,20231020,356,18,7,1,25.04177,121.58735,11
500111070,20231020,357,18,7,1,25.04177,121.58735,11
500111070,20231020,358,18,7,1,25.04177,121.58735,11
500111070,20231020,359,18,7,1,25.04177,121.58735,11
500111070,20231020,361,18,7,1,25.04177,121.58735,11
500111070,20231020,362,18,7,1,25.04177,121.58735,11
500111070,20231020,363,18,7,1,25.04177,121.58735,11
500111070,20231020,364,18,7,1,25.04177,121.58735,11
500111070,20231020,365,18,7,1,25.04177,121.58735,11
500111070,20231020,366,18,7,1,25.04177,121.58735,11
500111070,20231020,367,18,7,1,25.04177,121.58735,11
500111070,20231020,368,18,7,1,25.04177,121.58735,11
500111070,20231020,369,18,7,1,25.04177,121.58735,11
500111070,20231020,370,18,7,1,25.04177,121.58735,11
500111070,20231020,371,18,7,1,25.04177,121.58735,11
500111070,20231020,372,18,7,1,25.04177,121.58735,11
500111070,20231020,373,18,8,1,25.04177,121.58735,10
500111070,20231020,374,18,8,1,25.04177,121.58735,10
500111070,20231020,375,18,8,1,25.04177,121.58735,10
500111070,20231020,376,18,8,1,25.04177,121.58735,10
500111070,20231020,377,18,8,1,25.04177,121.58735,10
500111070,20231020,378,18,8,1,25.04177,121.58735,10
500111070,20231020,379,18,9,1,25.04177,121.58735,9
500111070,20231020,381,18,9,1,25.04177,121.58735,9
500111070,20231020,382,18,9,1,25.04177,121.58735,9
500111070,20231020,383,18,9,1,25.04177,121.58735,9
500111070,20231020,384,18,9,1,25.04177,121.58735,9
500111070,20231020,385,18,9,1,25.04177,121.58735,9
500111070,20231020,386,18,9,1,25.04177,121.58735,9
500111070,20231020,387,18,9,1,25.04177,121.58735,9
500111070,20231020,388,18,9,1,25.04177,121.58735,9
500111070,20231020,389,18,10,1,25.04177,121.58735,8
500111070,20231020,390,18,10,1,25.04177,121.58735,8
500111070,20231020,391,18,10,1,25.04177,121.58735,8
500111070,20231020,392,18,10,1,25.04177,121.58735,8
500111070,20231020,393,18,9,1,25.04177,121.58735,9
500111070,20231020,394,18,9,1,25.04177,121.58735,9
500111070,20231020,395,18,9,1,25.04177,121.58735,9
500111070,20231020,396,18,9,1,25.04177,121.58735,9
500111070,20231020,397,18,9,1,25.04177,121.58735,9
500111070,20231020,398,18,8,1,25.04177,121.58735,10
500111070,20231020,399,18,8,1,25.04177,121.58735,10
500111070,20231020,400,18,8,1,25.04177,121.58735,10
500111070,20231020,401,18,8,1,25.04177,121.58735,10
500111070,20231020,402,18,8,1,25.04177,121.58735,10
500111070,20231020,403,18,8,1,25.04177,121.58735,10
500111070,20231020,404,18,8,1,25.04177,121.58735,10
500111070,20231020,405,18,8,1,25.04177,121.58735,10
500111070,20231020,406,18,8,1,25.04177,121.58735,10
500111070,20231020,407,18,8,1,25.04177,121.58735,10
500111070,20231020,408,18,9,1,25.04177,121.58735,9
500111070,20231020,409,18,9,1,25.04177,121.58735,9
500111070,20231020,410,18,9,1,25.04177,121.58735,9
500111070,20231020,411,18,9,1,25.04177,121.58735,9
500111070,20231020,412,18,9,1,25.04177,121.58735,9
500111070,20231020,413,18,9,1,25.04177,121.58735,9
500111070,20231020,414,18,9,1,25.04177,121.58735,9
500111070,20231020,415,18,9,1,25.04177,121.58735,9
500111070,20231020,416,18,10,1,25.04177,121.58735,8
500111070,20231020,417,18,10,1,25.04177,121.58735,8
500111070,20231020,418,18,10,1,25.04177,121.58735,8
500111070,20231020,419,18,10,1,25.04177,121.58735,8
500111070,20231020,421,18,11,1,25.04177,121.58735,7
500111070,20231020,422,18,12,1,25.04177,121.58735,6
500111070,20231020,423,18,13,1,25.04177,121.58735,5
500111070,20231020,424,18,13,1,25.04177,121.58735,5
500111070,20231020,425,18,13,1,25.04177,121.58735,5
500111070,20231020,426,18,13,1,25.04177,121.58735,5
500111070,20231020,427,18,13,1,25.04177,121.58735,5
500111070,20231020,428,18,13,1,25.04177,121.58735,5
500111070,20231020,429,18,13,1,25.04177,121.58735,5
500111070,20231020,430,18,13,1,25.04177,121.58735,5
500111070,20231020,431,18,13,1,25.04177,121.58735,5
500111070,20231020,432,18,13,1,25.04177,121.58735,5
500111070,20231020,433,18,14,1,25.04177,121.58735,4
500111070,20231020,434,18,14,1,25.04177,121.58735,4
500111070,20231020,435,18,15,1,25.04177,121.58735,3
500111070,20231020,436,18,15,1,25.04177,121.58735,3
500111070,20231020,437,18,16,1,25.04177,121.58735,2
500111070,20231020,438,18,16,1,25.04177,121.58735,2
500111070,20231020,439,18,17,1,25.04177,121.58735,1
500111070,20231020,441,18,17,1,25.04177,121.58735,1
500111070,20231020,442,18,17,1,25.04177,121.58735,1
500111070,20231020,443,18,17,1,25.04177,121.58735,1
500111070,20231020,444,18,17,1,25.04177,121.58735,1
500111070,20231020,445,18,17,1,25.04177,121.58735,1
500111070,20231020,446,18,17,1,25.04177,121.58735,1
500111070,20231020,447,18,17,1,25.04177,121.58735,1
500111070,20231020,448,18,17,1,25.04177,121.58735,1
500111070,20231020,449,18,17,1,25.04177,121.58735,1
500111070,20231020,451,18,17,1,25.04177,121.58735,1
500111070,20231020,452,18,17,1,25.04177,121.58735,1
500111070,20231020,453,18,18,1,25.04177,121.58735,0
500111070,20231020,454,18,18,1,25.04177,121.58735,0
500111070,20231020,455,18,18,1,25.04177,121.58735,0
500111070,20231020,456,18,18,1,25.04177,121.58735,0
500111070,20231020,457,18,18,1,25.04177,121.58735,0
500111070,20231020,458,18,18,1,25.04177,121.58735,0
500111070,20231020,459,18,18,1,25.04177,121.58735,0
500111070,20231020,460,18,18,1,25.04177,121.58735,0
500111070,20231020,461,18,18,1,25.04177,121.58735,0
500111070,20231020,462,18,18,1,25.04177,121.58735,0
500111070,20231020,463,18,18,1,25.04177,121.58735,0
500111070,20231020,464,18,18,1,25.04177,121.58735,0
500111070,20231020,465,18,18,1,25.04177,121.58735,0
500111070,20231020,466,18,18,1,25.04177,121.58735,0
500111070,20231020,467,18,18,1,25.04177,121.58735,0
500111070,20231020,468,18,18,1,25.04177,121.58735,0
500111070,20231020,469,18,18,1,25.04177,121.58735,0
500111070,20231020,470,18,18,1,25.04177,121.58735,0
500111070,20231020,471,18,18,1,25.04177,121.58735,0
500111070,20231020,472,18,18,1,25.04177,121.58735,0
500111070,20231020,473,18,18,1,25.04177,121.58735,0
500111070,20231020,474,18,18,1,25.04177,121.58735,0
500111070,20231020,475,18,18,1,25.04177,121.58735,0
500111070,20231020,476,18,18,1,25.04177,121.58735,0
500111070,20231020,477,18,18,1,25.04177,121.58735,0
500111070,20231020,478,18,18,1,25.04177,121.58735,0
500111070,20231020,479,18,18,1,25.04177,121.58735,0
500111070,20231020,481,18,18,1,25.04177,121.58735,0
500111070,20231020,482,18,18,1,25.04177,121.58735,0
500111070,20231020,483,18,18,1,25.04177,121.58735,0
500111070,20231020,484,18,18,1,25.04177,121.58735,0
500111070,20231020,485,18,18,1,25.04177,121.58735,0
500111070,20231020,486,18,18,1,25.04177,121.58735,0
500111070,20231020,487,18,18,1,25.04177,121.58735,0
500111070,20231020,488,18,18,1,25.04177,121.58735,0
500111070,20231020,489,18,18,1,25.04177,121.58735,0
500111070,20231020,490,18,18,1,25.04177,121.58735,0
500111070,20231020,491,18,18,1,25.04177,121.58735,0
500111070,20231020,492,18,18,1,25.04177,121.58735,0
500111070,20231020,493,18,18,1,25.04177,121.58735,0
500111070,20231020,494,18,18,1,25.04177,121.58735,0
500111070,20231020,495,18,18,1,25.04177,121.58735,0
500111070,20231020,496,18,17,1,25.04177,121.58735,1
500111070,20231020,497,18,17,1,25.04177,121.58735,1
500111070,20231020,498,18,18,1,25.04177,121.58735,0
500111070,20231020,499,18,18,1,25.04177,121.58735,0
500111070,20231020,501,18,18,1,25.04177,121.58735,0
500111070,20231020,502,18,18,1,25.04177,121.58735,0
500111070,20231020,503,18,18,1,25.04177,121.58735,0
500111070,20231020,504,18,18,1,25.04177,121.58735,0
500111070,20231020,505,18,18,1,25.04177,121.58735,0
500111070,20231020,506,18,18,1,25.04177,121.58735,0
500111070,20231020,507,18,18,1,25.04177,121.58735,0
500111070,20231020,508,18,18,1,25.04177,121.58735,0
500111070,20231020,509,18,18,1,25.04177,121.58735,0
500111070,20231020,511,18,18,1,25.04177,121.58735,0
500111070,20231020,512,18,18,1,25.04177,121.58735,0
500111070,20231020,513,18,18,1,25.04177,121.58735,0
500111070,20231020,514,18,18,1,25.04177,121.58735,0
500111070,20231020,515,18,17,1,25.04177,121.58735,1
500111070,20231020,516,18,17,1,25.04177,121.58735,1
500111070,20231020,517,18,17,1,25.04177,121.58735,1
500111070,20231020,518,18,18,1,25.04177,121.58735,0
500111070,20231020,519,18,17,1,25.04177,121.58735,1
500111070,20231020,520,18,12,1,25.04177,121.58735,6
500111070,20231020,521,18,11,1,25.04177,121.58735,7
500111070,20231020,522,18,7,1,25.04177,121.58735,11
500111070,20231020,523,18,5,1,25.04177,121.58735,13
500111070,20231020,524,18,3,1,25.04177,121.58735,15
500111070,20231020,525,18,3,1,25.04177,121.58735,15
500111070,20231020,526,18,1,1,25.04177,121.58735,17
500111070,20231020,527,18,0,1,25.04177,121.58735,18
500111070,20231020,528,18,0,1,25.04177,121.58735,18
500111070,20231020,529,18,1,1,25.04177,121.58735,17
500111070,20231020,530,18,3,1,25.04177,121.58735,15
500111070,20231020,531,18,3,1,25.04177,121.58735,15
500111070,20231020,532,18,3,1,25.04177,121.58735,15
500111070,20231020,533,18,3,1,25.04177,121.58735,15
500111070,20231020,534,18,3,1,25.04177,121.58735,15
500111070,20231020,535,18,3,1,25.04177,121.58735,15
500111070,20231020,536,18,4,1,25.04177,121.58735,14
500111070,20231020,537,18,6,1,25.04177,121.58735,12
500111070,20231020,538,18,6,1,25.04177,121.58735,12
500111070,20231020,539,18,7,1,25.04177,121.58735,11
500111070,20231020,541,18,7,1,25.04177,121.58735,11
500111070,20231020,542,18,7,1,25.04177,121.58735,11
500111070,20231020,543,18,4,1,25.04177,121.58735,14
500111070,20231020,544,18,3,1,25.04177,121.58735,15
500111070,20231020,545,18,1,1,25.04177,121.58735,17
500111070,20231020,546,18,1,1,25.04177,121.58735,17
500111070,20231020,547,18,1,1,25.04177,121.58735,17
500111070,20231020,548,18,1,1,25.04177,121.58735,17
500111070,20231020,549,18,1,1,25.04177,121.58735,17
500111070,20231020,550,18,1,1,25.04177,121.58735,17
500111070,20231020,551,18,1,1,25.04177,121.58735,17
500111070,20231020,552,18,1,1,25.04177,121.58735,17
500111070,20231020,553,18,1,1,25.04177,121.58735,17
500111070,20231020,554,18,2,1,25.04177,121.58735,16
500111070,20231020,555,18,2,1,25.04177,121.58735,16
500111070,20231020,556,18,2,1,25.04177,121.58735,16
500111070,20231020,557,18,2,1,25.04177,121.58735,16
500111070,20231020,558,18,2,1,25.04177,121.58735,16
500111070,20231020,559,18,4,1,25.04177,121.58735,14
500111070,20231020,561,18,4,1,25.04177,121.58735,14
500111070,20231020,562,18,4,1,25.04177,121.58735,14
500111070,20231020,563,18,4,1,25.04177,121.58735,14
500111070,20231020,564,18,6,1,25.04177,121.58735,12
500111070,20231020,565,18,8,1,25.04177,121.58735,10
500111070,20231020,566,18,8,1,25.04177,121.58735,10
500111070,20231020,567,18,8,1,25.04177,121.58735,10
500111070,20231020,568,18,8,1,25.04177,121.58735,10
500111070,20231020,569,18,8,1,25.04177,121.58735,10
500111070,20231020,571,18,7,1,25.04177,121.58735,11
500111070,20231020,572,18,9,1,25.04177,121.58735,9
500111070,20231020,573,18,9,1,25.04177,121.58735,9
500111070,20231020,574,18,9,1,25.04177,121.58735,9
500111070,20231020,575,18,9,1,25.04177,121.58735,9
500111070,20231020,576,18,9,1,25.04177,121.58735,9
500111070,20231020,577,18,9,1,25.04177,121.58735,9
500111070,20231020,578,18,9,1,25.04177,121.58735,9
500111070,20231020,579,18,8,1,25.04177,121.58735,10
500111070,20231020,580,18,8,1,25.04177,121.58735,10
500111070,20231020,581,18,7,1,25.04177,121.58735,11
500111070,20231020,582,18,7,1,25.04177,121.58735,11
500111070,20231020,583,18,7,1,25.04177,121.58735,11
500111070,20231020,584,18,8,1,25.04177,121.58735,10
500111070,20231020,585,18,8,1,25.04177,121.58735,10
500111070,20231020,586,18,8,1,25.04177,121.58735,10
500111070,20231020,587,18,8,1,25.04177,121.58735,10
500111070,20231020,588,18,8,1,25.04177,121.58735,10
500111070,20231020,589,18,8,1,25.04177,121.58735,10
500111070,20231020,590,18,9,1,25.04177,121.58735,9
500111070,20231020,591,18,9,1,25.04177,121.58735,9
500111070,20231020,592,18,10,1,25.04177,121.58735,8
500111070,20231020,593,18,12,1,25.04177,121.58735,6
500111070,20231020,594,18,12,1,25.04177,121.58735,6
500111070,20231020,595,18,12,1,25.04177,121.58735,6
500111070,20231020,596,18,12,1,25.04177,121.58735,6
500111070,20231020,597,18,13,1,25.04177,121.58735,5
500111070,20231020,598,18,13,1,25.04177,121.58735,5
500111070,20231020,599,18,13,1,25.04177,121.58735,5
500111070,20231020,601,18,13,1,25.04177,121.58735,5
500111070,20231020,602,18,14,1,25.04177,121.58735,4
500111070,20231020,603,18,14,1,25.04177,121.58735,4
500111070,20231020,604,18,14,1,25.04177,121.58735,4
500111070,20231020,605,18,14,1,25.04177,121.58735,4
500111070,20231020,606,18,15,1,25.04177,121.58735,3
500111070,20231020,607,18,16,1,25.04177,121.58735,2
500111070,20231020,608,18,16,1,25.04177,121.58735,2
500111070,20231020,609,18,16,1,25.04177,121.58735,2
500111070,20231020,610,18,16,1,25.04177,121.58735,2
500111070,20231020,611,18,16,1,25.04177,121.58735,2
500111070,20231020,612,18,16,1,25.04177,121.58735,2
500111070,20231020,613,18,16,1,25.04177,121.58735,2
500111070,20231020,614,18,16,1,25.04177,121.58735,2
500111070,20231020,615,18,16,1,25.04177,121.58735,2
500111070,20231020,616,18,15,1,25.04177,121.58735,3
500111070,20231020,617,18,15,1,25.04177,121.58735,3
500111070,20231020,618,18,15,1,25.04177,121.58735,3
500111070,20231020,619,18,15,1,25.04177,121.58735,3
500111070,20231020,621,18,14,1,25.04177,121.58735,4
500111070,20231020,622,18,14,1,25.04177,121.58735,4
500111070,20231020,623,18,14,1,25.04177,121.58735,4
500111070,20231020,624,18,14,1,25.04177,121.58735,4
500111070,20231020,625,18,14,1,25.04177,121.58735,4
500111070,20231020,626,18,14,1,25.04177,121.58735,4
500111070,20231020,627,18,15,1,25.04177,121.58735,3
500111070,20231020,628,18,15,1,25.04177,121.58735,3
500111070,20231020,629,18,15,1,25.04177,121.58735,3
500111070,20231020,631,18,16,1,25.04177,121.58735,2
500111070,20231020,632,18,17,1,25.04177,121.58735,1
500111070,20231020,633,18,17,1,25.04177,121.58735,1
500111070,20231020,634,18,16,1,25.04177,121.58735,2
500111070,20231020,635,18,15,1,25.04177,121.58735,3
500111070,20231020,636,18,15,1,25.04177,121.58735,3
500111070,20231020,638,18,15,1,25.04177,121.58735,3
500111070,20231020,639,18,16,1,25.04177,121.58735,2
500111070,20231020,640,18,17,1,25.04177,121.58735,1
500111070,20231020,641,18,17,1,25.04177,121.58735,1
500111070,20231020,642,18,17,1,25.04177,121.58735,1
500111070,20231020,643,18,17,1,25.04177,121.58735,1
500111070,20231020,644,18,17,1,25.04177,121.58735,1
500111070,20231020,645,18,17,1,25.04177,121.58735,1
500111070,20231020,646,18,17,1,25.04177,121.58735,1
500111070,20231020,647,18,17,1,25.04177,121.58735,1
500111070,20231020,648,18,17,1,25.04177,121.58735,1
500111070,20231020,649,18,17,1,25.04177,121.58735,1
500111070,20231020,650,18,17,1,25.04177,121.58735,1
500111070,20231020,651,18,17,1,25.04177,121.58735,1
500111070,20231020,652,18,17,1,25.04177,121.58735,1
500111070,20231020,653,18,17,1,25.04177,121.58735,1
500111070,20231020,654,18,17,1,25.04177,121.58735,1
500111070,20231020,655,18,17,1,25.04177,121.58735,1
500111070,20231020,656,18,16,1,25.04177,121.58735,2
500111070,20231020,657,18,16,1,25.04177,121.58735,2
500111070,20231020,658,18,16,1,25.04177,121.58735,2
500111070,20231020,659,18,16,1,25.04177,121.58735,2
500111070,20231020,661,18,16,1,25.04177,121.58735,2
500111070,20231020,662,18,16,1,25.04177,121.58735,2
500111070,20231020,663,18,16,1,25.04177,121.58735,2
500111070,20231020,664,18,17,1,25.04177,121.58735,1
500111070,20231020,665,18,17,1,25.04177,121.58735,1
500111070,20231020,666,18,13,1,25.04177,121.58735,5
500111070,20231020,667,18,9,1,25.04177,121.58735,9
500111070,20231020,668,18,7,1,25.04177,121.58735,11
500111070,20231020,669,18,8,1,25.04177,121.58735,10
500111070,20231020,670,18,8,1,25.04177,121.58735,10
500111070,20231020,671,18,8,1,25.04177,121.58735,10
500111070,20231020,672,18,8,1,25.04177,121.58735,10
500111070,20231020,673,18,8,1,25.04177,121.58735,10
500111070,20231020,674,18,8,1,25.04177,121.58735,10
500111070,20231020,675,18,8,1,25.04177,121.58735,10
500111070,20231020,676,18,8,1,25.04177,121.58735,10
500111070,20231020,677,18,8,1,25.04177,121.58735,10
500111070,20231020,678,18,8,1,25.04177,121.58735,10
500111070,20231020,679,18,8,1,25.04177,121.58735,10
500111070,20231020,681,18,8,1,25.04177,121.58735,10
500111070,20231020,682,18,8,1,25.04177,121.58735,10
500111070,20231020,683,18,8,1,25.04177,121.58735,10
500111070,20231020,684,18,8,1,25.04177,121.58735,10
500111070,20231020,685,18,8,1,25.04177,121.58735,10
500111070,20231020,686,18,8,1,25.04177,121.58735,10
500111070,20231020,687,18,8,1,25.04177,121.58735,10
500111070,20231020,688,18,8,1,25.04177,121.58735,10
500111070,20231020,689,18,8,1,25.04177,121.58735,10
500111070,20231020,691,18,9,1,25.04177,121.58735,9
500111070,20231020,692,18,9,1,25.04177,121.58735,9
500111070,20231020,693,18,9,1,25.04177,121.58735,9
500111070,20231020,694,18,9,1,25.04177,121.58735,9
500111070,20231020,695,18,9,1,25.04177,121.58735,9
500111070,20231020,696,18,8,1,25.04177,121.58735,10
500111070,20231020,697,18,9,1,25.04177,121.58735,9
500111070,20231020,698,18,9,1,25.04177,121.58735,9
500111070,20231020,699,18,9,1,25.04177,121.58735,9
500111070,20231020,700,18,9,1,25.04177,121.58735,9
500111070,20231020,701,18,10,1,25.04177,121.58735,8
500111070,20231020,702,18,10,1,25.04177,121.58735,8
500111070,20231020,703,18,10,1,25.04177,121.58735,8
500111070,20231020,704,18,10,1,25.04177,121.58735,8
500111070,20231020,705,18,10,1,25.04177,121.58735,8
500111070,20231020,706,18,10,1,25.04177,121.58735,8
500111070,20231020,707,18,11,1,25.04177,121.58735,7
500111070,20231020,708,18,11,1,25.04177,121.58735,7
500111070,20231020,709,18,11,1,25.04177,121.58735,7
500111070,20231020,710,18,11,1,25.04177,121.58735,7
500111070,20231020,711,18,10,1,25.04177,121.58735,8
500111070,20231020,712,18,10,1,25.04177,121.58735,8
500111070,20231020,713,18,10,1,25.04177,121.58735,8
500111070,20231020,714,18,10,1,25.04177,121.58735,8
500111070,20231020,715,18,10,1,25.04177,121.58735,8
500111070,20231020,716,18,10,1,25.04177,121.58735,8
500111070,20231020,717,18,10,1,25.04177,121.58735,8
500111070,20231020,718,18,10,1,25.04177,121.58735,8
500111070,20231020,719,18,10,1,25.04177,121.58735,8
500111070,20231020,721,18,12,1,25.04177,121.58735,6
500111070,20231020,722,18,12,1,25.04177,121.58735,6
500111070,20231020,723,18,13,1,25.04177,121.58735,5
500111070,20231020,724,18,13,1,25.04177,121.58735,5
500111070,20231020,725,18,13,1,25.04177,121.58735,5
500111070,20231020,726,18,13,1,25.04177,121.58735,5
500111070,20231020,727,18,14,1,25.04177,121.58735,4
500111070,20231020,728,18,14,1,25.04177,121.58735,4
500111070,20231020,729,18,14,1,25.04177,121.58735,4
500111070,20231020,730,18,14,1,25.04177,121.58735,4
500111070,20231020,731,18,14,1,25.04177,121.58735,4
500111070,20231020,732,18,14,1,25.04177,121.58735,4
500111070,20231020,733,18,14,1,25.04177,121.58735,4
500111070,20231020,734,18,14,1,25.04177,121.58735,4
500111070,20231020,735,18,14,1,25.04177,121.58735,4
500111070,20231020,736,18,14,1,25.04177,121.58735,4
500111070,20231020,737,18,14,1,25.04177,121.58735,4
500111070,20231020,738,18,14,1,25.04177,121.58735,4
500111070,20231020,739,18,14,1,25.04177,121.58735,4
500111070,20231020,741,18,14,1,25.04177,121.58735,4
500111070,20231020,742,18,13,1,25.04177,121.58735,5
500111070,20231020,743,18,13,1,25.04177,121.58735,5
500111070,20231020,744,18,14,1,25.04177,121.58735,4
500111070,20231020,745,18,15,1,25.04177,121.58735,3
500111070,20231020,746,18,16,1,25.04177,121.58735,2
500111070,20231020,747,18,16,1,25.04177,121.58735,2
500111070,20231020,748,18,17,1,25.04177,121.58735,1
500111070,20231020,749,18,17,1,25.04177,121.58735,1
500111070,20231020,751,18,17,1,25.04177,121.58735,1
500111070,20231020,752,18,17,1,25.04177,121.58735,1
500111070,20231020,753,18,17,1,25.04177,121.58735,1
500111070,20231020,754,18,17,1,25.04177,121.58735,1
500111070,20231020,755,18,17,1,25.04177,121.58735,1
500111070,20231020,756,18,17,1,25.04177,121.58735,1
500111070,20231020,757,18,17,1,25.04177,121.58735,1
500111070,20231020,758,18,17,1,25.04177,121.58735,1
500111070,20231020,759,18,17,1,25.04177,121.58735,1
500111070,20231020,760,18,17,1,25.04177,121.58735,1
500111070,20231020,761,18,17,1,25.04177,121.58735,1
500111070,20231020,762,18,17,1,25.04177,121.58735,1
500111070,20231020,763,18,17,1,25.04177,121.58735,1
500111070,20231020,764,18,17,1,25.04177,121.58735,1
500111070,20231020,765,18,17,1,25.04177,121.58735,1
500111070,20231020,766,18,17,1,25.04177,121.58735,1
500111070,20231020,767,18,17,1,25.04177,121.58735,1
500111070,20231020,768,18,17,1,25.04177,121.58735,1
500111070,20231020,769,18,17,1,25.04177,121.58735,1
500111070,20231020,770,18,18,1,25.04177,121.58735,0
500111070,20231020,771,18,17,1,25.04177,121.58735,1
500111070,20231020,772,18,18,1,25.04177,121.58735,0
500111070,20231020,773,18,18,1,25.04177,121.58735,0
500111070,20231020,774,18,18,1,25.04177,121.58735,0
500111070,20231020,775,18,18,1,25.04177,121.58735,0
500111070,20231020,776,18,18,1,25.04177,121.58735,0
500111070,20231020,777,18,18,1,25.04177,121.58735,0
500111070,20231020,778,18,18,1,25.04177,121.58735,0
500111070,20231020,779,18,18,1,25.04177,121.58735,0
500111070,20231020,781,18,18,1,25.04177,121.58735,0
500111070,20231020,782,18,18,1,25.04177,121.58735,0
500111070,20231020,783,18,18,1,25.04177,121.58735,0
500111070,20231020,784,18,18,1,25.04177,121.58735,0
500111070,20231020,785,18,18,1,25.04177,121.58735,0
500111070,20231020,786,18,18,1,25.04177,121.58735,0
500111070,20231020,787,18,18,1,25.04177,121.58735,0
500111070,20231020,788,18,18,1,25.04177,121.58735,0
500111070,20231020,789,18,18,1,25.04177,121.58735,0
500111070,20231020,790,18,17,1,25.04177,121.58735,1
500111070,20231020,791,18,17,1,25.04177,121.58735,1
500111070,20231020,792,18,17,1,25.04177,121.58735,1
500111070,20231020,793,18,17,1,25.04177,121.58735,1
500111070,20231020,794,18,17,1,25.04177,121.58735,1
500111070,20231020,795,18,17,1,25.04177,121.58735,1
500111070,20231020,796,18,17,1,25.04177,121.58735,1
500111070,20231020,797,18,18,1,25.04177,121.58735,0
500111070,20231020,798,18,18,1,25.04177,121.58735,0
500111070,20231020,799,18,18,1,25.04177,121.58735,0
500111070,20231020,801,18,18,1,25.04177,121.58735,0
500111070,20231020,802,18,18,1,25.04177,121.58735,0
500111070,20231020,803,18,18,1,25.04177,121.58735,0
500111070,20231020,804,18,18,1,25.04177,121.58735,0
500111070,20231020,805,18,18,1,25.04177,121.58735,0
500111070,20231020,806,18,18,1,25.04177,121.58735,0
500111070,20231020,807,18,18,1,25.04177,121.58735,0
500111070,20231020,808,18,18,1,25.04177,121.58735,0
500111070,20231020,809,18,18,1,25.04177,121.58735,0
500111070,20231020,810,18,18,1,25.04177,121.58735,0
500111070,20231020,811,18,18,1,25.04177,121.58735,0
500111070,20231020,812,18,18,1,25.04177,121.58735,0
500111070,20231020,813,18,18,1,25.04177,121.58735,0
500111070,20231020,814,18,18,1,25.04177,121.58735,0
500111070,20231020,815,18,18,1,25.04177,121.58735,0
500111070,20231020,816,18,18,1,25.04177,121.58735,0
500111070,20231020,817,18,18,1,25.04177,121.58735,0
500111070,20231020,818,18,18,1,25.04177,121.58735,0
500111070,20231020,819,18,18,1,25.04177,121.58735,0
500111070,20231020,820,18,18,1,25.04177,121.58735,0
500111070,20231020,821,18,18,1,25.04177,121.58735,0
500111070,20231020,822,18,18,1,25.04177,121.58735,0
500111070,20231020,823,18,18,1,25.04177,121.58735,0
500111070,20231020,824,18,18,1,25.04177,121.58735,0
500111070,20231020,825,18,18,1,25.04177,121.58735,0
500111070,20231020,826,18,18,1,25.04177,121.58735,0
500111070,20231020,827,18,18,1,25.04177,121.58735,0
500111070,20231020,828,18,18,1,25.04177,121.58735,0
500111070,20231020,829,18,18,1,25.04177,121.58735,0
500111070,20231020,830,18,18,1,25.04177,121.58735,0
500111070,20231020,831,18,18,1,25.04177,121.58735,0
500111070,20231020,832,18,18,1,25.04177,121.58735,0
500111070,20231020,833,18,18,1,25.04177,121.58735,0
500111070,20231020,834,18,18,1,25.04177,121.58735,0
500111070,20231020,835,18,18,1,25.04177,121.58735,0
500111070,20231020,836,18,18,1,25.04177,121.58735,0
500111070,20231020,837,18,18,1,25.04177,121.58735,0
500111070,20231020,838,18,18,1,25.04177,121.58735,0
500111070,20231020,839,18,18,1,25.04177,121.58735,0
500111070,20231020,841,18,18,1,25.04177,121.58735,0
500111070,20231020,842,18,18,1,25.04177,121.58735,0
500111070,20231020,843,18,18,1,25.04177,121.58735,0
500111070,20231020,844,18,18,1,25.04177,121.58735,0
500111070,20231020,845,18,18,1,25.04177,121.58735,0
500111070,20231020,846,18,17,1,25.04177,121.58735,1
500111070,20231020,847,18,17,1,25.04177,121.58735,1
500111070,20231020,848,18,17,1,25.04177,121.58735,1
500111070,20231020,849,18,17,1,25.04177,121.58735,1
500111070,20231020,850,18,17,1,25.04177,121.58735,1
500111070,20231020,851,18,17,1,25.04177,121.58735,1
500111070,20231020,852,18,16,1,25.04177,121.58735,2
500111070,20231020,853,18,16,1,25.04177,121.58735,2
500111070,20231020,854,18,16,1,25.04177,121.58735,2
500111070,20231020,855,18,17,1,25.04177,121.58735,1
500111070,20231020,856,18,17,1,25.04177,121.58735,1
500111070,20231020,857,18,17,1,25.04177,121.58735,1
500111070,20231020,858,18,17,1,25.04177,121.58735,1
500111070,20231020,859,18,17,1,25.04177,121.58735,1
500111070,20231020,861,18,17,1,25.04177,121.58735,1
500111070,20231020,862,18,17,1,25.04177,121.58735,1
500111070,20231020,863,18,17,1,25.04177,121.58735,1
500111070,20231020,864,18,17,1,25.04177,121.58735,1
500111070,20231020,865,18,17,1,25.04177,121.58735,1
500111070,20231020,866,18,17,1,25.04177,121.58735,1
500111070,20231020,867,18,17,1,25.04177,121.58735,1
500111070,20231020,868,18,17,1,25.04177,121.58735,1
500111070,20231020,869,18,16,1,25.04177,121.58735,2
500111070,20231020,870,18,16,1,25.04177,121.58735,2
500111070,20231020,871,18,16,1,25.04177,121.58735,2
500111070,20231020,872,18,16,1,25.04177,121.58735,2
500111070,20231020,873,18,16,1,25.04177,121.58735,2
500111070,20231020,874,18,16,1,25.04177,121.58735,2
500111070,20231020,875,18,16,1,25.04177,121.58735,2
500111070,20231020,876,18,16,1,25.04177,121.58735,2
500111070,20231020,877,18,16,1,25.04177,121.58735,2
500111070,20231020,878,18,16,1,25.04177,121.58735,2
500111070,20231020,879,18,16,1,25.04177,121.58735,2
500111070,20231020,880,18,16,1,25.04177,121.58735,2
500111070,20231020,881,18,16,1,25.04177,121.58735,2
500111070,20231020,882,18,16,1,25.04177,121.58735,2
500111070,20231020,883,18,16,1,25.04177,121.58735,2
500111070,20231020,884,18,16,1,25.04177,121.58735,2
500111070,20231020,885,18,16,1,25.04177,121.58735,2
500111070,20231020,886,18,16,1,25.04177,121.58735,2
500111070,20231020,887,18,16,1,25.04177,121.58735,2
500111070,20231020,888,18,15,1,25.04177,121.58735,3
500111070,20231020,889,18,15,1,25.04177,121.58735,3
500111070,20231020,890,18,15,1,25.04177,121.58735,3
500111070,20231020,891,18,15,1,25.04177,121.58735,3
500111070,20231020,892,18,15,1,25.04177,121.58735,3
500111070,20231020,893,18,15,1,25.04177,121.58735,3
500111070,20231020,894,18,15,1,25.04177,121.58735,3
500111070,20231020,895,18,15,1,25.04177,121.58735,3
500111070,20231020,896,18,15,1,25.04177,121.58735,3
500111070,20231020,897,18,15,1,25.04177,121.58735,3
500111070,20231020,898,18,15,1,25.04177,121.58735,3
500111070,20231020,899,18,15,1,25.04177,121.58735,3
500111070,20231020,901,18,15,1,25.04177,121.58735,3
500111070,20231020,902,18,15,1,25.04177,121.58735,3
500111070,20231020,903,18,15,1,25.04177,121.58735,3
500111070,20231020,904,18,15,1,25.04177,121.58735,3
500111070,20231020,905,18,15,1,25.04177,121.58735,3
500111070,20231020,906,18,15,1,25.04177,121.58735,3
500111070,20231020,907,18,15,1,25.04177,121.58735,3
500111070,20231020,908,18,15,1,25.04177,121.58735,3
500111070,20231020,909,18,15,1,25.04177,121.58735,3
500111070,20231020,910,18,15,1,25.04177,121.58735,3
500111070,20231020,911,18,15,1,25.04177,121.58735,3
500111070,20231020,912,18,15,1,25.04177,121.58735,3
500111070,20231020,913,18,15,1,25.04177,121.58735,3
500111070,20231020,914,18,15,1,25.04177,121.58735,3
500111070,20231020,915,18,15,1,25.04177,121.58735,3
500111070,20231020,916,18,15,1,25.04177,121.58735,3
500111070,20231020,917,18,15,1,25.04177,121.58735,3
500111070,20231020,918,18,15,1,25.04177,121.58735,3
500111070,20231020,919,18,15,1,25.04177,121.58735,3
500111070,20231020,921,18,15,1,25.04177,121.58735,3
500111070,20231020,922,18,15,1,25.04177,121.58735,3
500111070,20231020,923,18,14,1,25.04177,121.58735,4
500111070,20231020,924,18,14,1,25.04177,121.58735,4
500111070,20231020,925,18,14,1,25.04177,121.58735,4
500111070,20231020,926,18,14,1,25.04177,121.58735,4
500111070,20231020,927,18,14,1,25.04177,121.58735,4
500111070,20231020,928,18,15,1,25.04177,121.58735,3
500111070,20231020,929,18,15,1,25.04177,121.58735,3
500111070,20231020,930,18,15,1,25.04177,121.58735,3
500111070,20231020,931,18,15,1,25.04177,121.58735,3
500111070,20231020,932,18,15,1,25.04177,121.58735,3
500111070,20231020,933,18,15,1,25.04177,121.58735,3
500111070,20231020,934,18,15,1,25.04177,121.58735,3
500111070,20231020,935,18,15,1,25.04177,121.58735,3
500111070,20231020,936,18,15,1,25.04177,121.58735,3
500111070,20231020,938,18,15,1,25.04177,121.58735,3
500111070,20231020,939,18,15,1,25.04177,121.58735,3
500111070,20231020,940,18,15,1,25.04177,121.58735,3
500111070,20231020,941,18,15,1,25.04177,121.58735,3
500111070,20231020,942,18,15,1,25.04177,121.58735,3
500111070,20231020,943,18,15,1,25.04177,121.58735,3
500111070,20231020,944,18,14,1,25.04177,121.58735,4
500111070,20231020,945,18,14,1,25.04177,121.58735,4
500111070,20231020,946,18,14,1,25.04177,121.58735,4
500111070,20231020,947,18,14,1,25.04177,121.58735,4
500111070,20231020,948,18,15,1,25.04177,121.58735,3
500111070,20231020,949,18,15,1,25.04177,121.58735,3
500111070,20231020,950,18,15,1,25.04177,121.58735,3
500111070,20231020,951,18,15,1,25.04177,121.58735,3
500111070,20231020,952,18,15,1,25.04177,121.58735,3
500111070,20231020,953,18,15,1,25.04177,121.58735,3
500111070,20231020,954,18,15,1,25.04177,121.58735,3
500111070,20231020,955,18,15,1,25.04177,121.58735,3
500111070,20231020,956,18,15,1,25.04177,121.58735,3
500111070,20231020,957,18,15,1,25.04177,121.58735,3
500111070,20231020,958,18,15,1,25.04177,121.58735,3
500111070,20231020,959,18,15,1,25.04177,121.58735,3
500111070,20231020,961,18,16,1,25.04177,121.58735,2
500111070,20231020,962,18,16,1,25.04177,121.58735,2
500111070,20231020,963,18,16,1,25.04177,121.58735,2
500111070,20231020,964,18,16,1,25.04177,121.58735,2
500111070,20231020,965,18,16,1,25.04177,121.58735,2
500111070,20231020,966,18,15,1,25.04177,121.58735,3
500111070,20231020,967,18,15,1,25.04177,121.58735,3
500111070,20231020,968,18,15,1,25.04177,121.58735,3
500111070,20231020,969,18,15,1,25.04177,121.58735,3
500111070,20231020,970,18,16,1,25.04177,121.58735,2
500111070,20231020,971,18,16,1,25.04177,121.58735,2
500111070,20231020,972,18,16,1,25.04177,121.58735,2
500111070,20231020,973,18,16,1,25.04177,121.58735,2
500111070,20231020,974,18,16,1,25.04177,121.58735,2
500111070,20231020,975,18,15,1,25.04177,121.58735,3
500111070,20231020,976,18,14,1,25.04177,121.58735,4
500111070,20231020,977,18,14,1,25.04177,121.58735,4
500111070,20231020,978,18,14,1,25.04177,121.58735,4
500111070,20231020,979,18,14,1,25.04177,121.58735,4
500111070,20231020,981,18,12,1,25.04177,121.58735,6
500111070,20231020,982,18,12,1,25.04177,121.58735,6
500111070,20231020,983,18,12,1,25.04177,121.58735,6
500111070,20231020,984,18,12,1,25.04177,121.58735,6
500111070,20231020,985,18,12,1,25.04177,121.58735,6
500111070,20231020,986,18,12,1,25.04177,121.58735,6
500111070,20231020,987,18,12,1,25.04177,121.58735,6
500111070,20231020,988,18,12,1,25.04177,121.58735,6
500111070,20231020,989,18,12,1,25.04177,121.58735,6
500111070,20231020,991,18,12,1,25.04177,121.58735,6
500111070,20231020,992,18,12,1,25.04177,121.58735,6
500111070,20231020,993,18,12,1,25.04177,121.58735,6
500111070,20231020,994,18,12,1,25.04177,121.58735,6
500111070,20231020,995,18,12,1,25.04177,121.58735,6
500111070,20231020,996,18,12,1,25.04177,121.58735,6
500111070,20231020,997,18,12,1,25.04177,121.58735,6
500111070,20231020,998,18,12,1,25.04177,121.58735,6
500111070,20231020,999,18,12,1,25.04177,121.58735,6
500111070,20231020,1000,18,12,1,25.04177,121.58735,6
500111070,20231020,1001,18,12,1,25.04177,121.58735,6
500111070,20231020,1002,18,12,1,25.04177,121.58735,6
500111070,20231020,1003,18,11,1,25.04177,121.58735,7
500111070,20231020,1004,18,11,1,25.04177,121.58735,7
500111070,20231020,1005,18,11,1,25.04177,121.58735,7
500111070,20231020,1006,18,11,1,25.04177,121.58735,7
500111070,20231020,1007,18,11,1,25.04177,121.58735,7
500111070,20231020,1008,18,11,1,25.04177,121.58735,7
500111070,20231020,1009,18,11,1,25.04177,121.58735,7
500111070,20231020,1010,18,11,1,25.04177,121.58735,7
500111070,20231020,1011,18,11,1,25.04177,121.58735,7
500111070,20231020,1012,18,11,1,25.04177,121.58735,7
500111070,20231020,1013,18,11,1,25.04177,121.58735,7
500111070,20231020,1014,18,11,1,25.04177,121.58735,7
500111070,20231020,1015,18,10,1,25.04177,121.58735,8
500111070,20231020,1016,18,10,1,25.04177,121.58735,8
500111070,20231020,1017,18,10,1,25.04177,121.58735,8
500111070,20231020,1018,18,10,1,25.04177,121.58735,8
500111070,20231020,1019,18,10,1,25.04177,121.58735,8
500111070,20231020,1021,18,9,1,25.04177,121.58735,9
500111070,20231020,1022,18,9,1,25.04177,121.58735,9
500111070,20231020,1023,18,9,1,25.04177,121.58735,9
500111070,20231020,1024,18,9,1,25.04177,121.58735,9
500111070,20231020,1025,18,9,1,25.04177,121.58735,9
500111070,20231020,1026,18,9,1,25.04177,121.58735,9
500111070,20231020,1027,18,9,1,25.04177,121.58735,9
500111070,20231020,1028,18,9,1,25.04177,121.58735,9
500111070,20231020,1029,18,10,1,25.04177,121.58735,8
500111070,20231020,1030,18,12,1,25.04177,121.58735,6
500111070,20231020,1031,18,14,1,25.04177,121.58735,4
500111070,20231020,1032,18,16,1,25.04177,121.58735,2
500111070,20231020,1033,18,17,1,25.04177,121.58735,1
500111070,20231020,1034,18,17,1,25.04177,121.58735,1
500111070,20231020,1035,18,16,1,25.04177,121.58735,2
500111070,20231020,1036,18,16,1,25.04177,121.58735,2
500111070,20231020,1037,18,17,1,25.04177,121.58735,1
500111070,20231020,1038,18,18,1,25.04177,121.58735,0
500111070,20231020,1039,18,18,1,25.04177,121.58735,0
500111070,20231020,1041,18,18,1,25.04177,121.58735,0
500111070,20231020,1042,18,18,1,25.04177,121.58735,0
500111070,20231020,1043,18,18,1,25.04177,121.58735,0
500111070,20231020,1044,18,18,1,25.04177,121.58735,0
500111070,20231020,1045,18,18,1,25.04177,121.58735,0
500111070,20231020,1046,18,18,1,25.04177,121.58735,0
500111070,20231020,1047,18,18,1,25.04177,121.58735,0
500111070,20231020,1048,18,17,1,25.04177,121.58735,1
500111070,20231020,1049,18,17,1,25.04177,121.58735,1
500111070,20231020,1051,18,17,1,25.04177,121.58735,1
500111070,20231020,1052,18,17,1,25.04177,121.58735,1
500111070,20231020,1053,18,17,1,25.04177,121.58735,1
500111070,20231020,1054,18,18,1,25.04177,121.58735,0
500111070,20231020,1055,18,18,1,25.04177,121.58735,0
500111070,20231020,1056,18,18,1,25.04177,121.58735,0
500111070,20231020,1057,18,18,1,25.04177,121.58735,0
500111070,20231020,1058,18,18,1,25.04177,121.58735,0
500111070,20231020,1059,18,18,1,25.04177,121.58735,0
500111070,20231020,1060,18,18,1,25.04177,121.58735,0
500111070,20231020,1061,18,18,1,25.04177,121.58735,0
500111070,20231020,1062,18,18,1,25.04177,121.58735,0
500111070,20231020,1063,18,18,1,25.04177,121.58735,0
500111070,20231020,1064,18,18,1,25.04177,121.58735,0
500111070,20231020,1065,18,17,1,25.04177,121.58735,1
500111070,20231020,1066,18,17,1,25.04177,121.58735,1
500111070,20231020,1067,18,16,1,25.04177,121.58735,2
500111070,20231020,1068,18,15,1,25.04177,121.58735,3
500111070,20231020,1069,18,14,1,25.04177,121.58735,4
500111070,20231020,1070,18,14,1,25.04177,121.58735,4
500111070,20231020,1071,18,14,1,25.04177,121.58735,4
500111070,20231020,1072,18,14,1,25.04177,121.58735,4
500111070,20231020,1073,18,14,1,25.04177,121.58735,4
500111070,20231020,1074,18,14,1,25.04177,121.58735,4
500111070,20231020,1075,18,14,1,25.04177,121.58735,4
500111070,20231020,1076,18,13,1,25.04177,121.58735,5
500111070,20231020,1077,18,13,1,25.04177,121.58735,5
500111070,20231020,1078,18,13,1,25.04177,121.58735,5
500111070,20231020,1079,18,13,1,25.04177,121.58735,5
500111070,20231020,1081,18,13,1,25.04177,121.58735,5
500111070,20231020,1082,18,13,1,25.04177,121.58735,5
500111070,20231020,1083,18,13,1,25.04177,121.58735,5
500111070,20231020,1084,18,14,1,25.04177,121.58735,4
500111070,20231020,1085,18,14,1,25.04177,121.58735,4
500111070,20231020,1086,18,14,1,25.04177,121.58735,4
500111070,20231020,1087,18,14,1,25.04177,121.58735,4
500111070,20231020,1088,18,14,1,25.04177,121.58735,4
500111070,20231020,1089,18,14,1,25.04177,121.58735,4
500111070,20231020,1090,18,14,1,25.04177,121.58735,4
500111070,20231020,1091,18,14,1,25.04177,121.58735,4
500111070,20231020,1092,18,14,1,25.04177,121.58735,4
500111070,20231020,1093,18,14,1,25.04177,121.58735,4
500111070,20231020,1094,18,14,1,25.04177,121.58735,4
500111070,20231020,1095,18,14,1,25.04177,121.58735,4
500111070,20231020,1096,18,12,1,25.04177,121.58735,6
500111070,20231020,1097,18,12,1,25.04177,121.58735,6
500111070,20231020,1098,18,12,1,25.04177,121.58735,6
500111070,20231020,1099,18,12,1,25.04177,121.58735,6
500111070,20231020,1101,18,12,1,25.04177,121.58735,6
500111070,20231020,1102,18,12,1,25.04177,121.58735,6
500111070,20231020,1103,18,11,1,25.04177,121.58735,7
500111070,20231020,1104,18,11,1,25.04177,121.58735,7
500111070,20231020,1105,18,11,1,25.04177,121.58735,7
500111070,20231020,1106,18,11,1,25.04177,121.58735,7
500111070,20231020,1107,18,11,1,25.04177,121.58735,7
500111070,20231020,1108,18,12,1,25.04177,121.58735,6
500111070,20231020,1109,18,11,1,25.04177,121.58735,7
500111070,20231020,1111,18,11,1,25.04177,121.58735,7
500111070,20231020,1112,18,11,1,25.04177,121.58735,7
500111070,20231020,1113,18,11,1,25.04177,121.58735,7
500111070,20231020,1114,18,11,1,25.04177,121.58735,7
500111070,20231020,1115,18,11,1,25.04177,121.58735,7
500111070,20231020,1116,18,11,1,25.04177,121.58735,7
500111070,20231020,1117,18,11,1,25.04177,121.58735,7
500111070,20231020,1118,18,11,1,25.04177,121.58735,7
500111070,20231020,1119,18,11,1,25.04177,121.58735,7
500111070,20231020,1120,18,11,1,25.04177,121.58735,7
500111070,20231020,1121,18,12,1,25.04177,121.58735,6
500111070,20231020,1122,18,11,1,25.04177,121.58735,7
500111070,20231020,1123,18,11,1,25.04177,121.58735,7
500111070,20231020,1124,18,11,1,25.04177,121.58735,7
500111070,20231020,1125,18,11,1,25.04177,121.58735,7
500111070,20231020,1126,18,11,1,25.04177,121.58735,7
500111070,20231020,1127,18,11,1,25.04177,121.58735,7
500111070,20231020,1128,18,12,1,25.04177,121.58735,6
500111070,20231020,1129,18,12,1,25.04177,121.58735,6
500111070,20231020,1130,18,12,1,25.04177,121.58735,6
500111070,20231020,1131,18,12,1,25.04177,121.58735,6
500111070,20231020,1132,18,11,1,25.04177,121.58735,7
500111070,20231020,1133,18,11,1,25.04177,121.58735,7
500111070,20231020,1134,18,11,1,25.04177,121.58735,7
500111070,20231020,1135,18,11,1,25.04177,121.58735,7
500111070,20231020,1136,18,10,1,25.04177,121.58735,8
500111070,20231020,1137,18,10,1,25.04177,121.58735,8
500111070,20231020,1138,18,10,1,25.04177,121.58735,8
500111070,20231020,1139,18,10,1,25.04177,121.58735,8
500111070,20231020,1141,18,10,1,25.04177,121.58735,8
500111070,20231020,1142,18,9,1,25.04177,121.58735,9
500111070,20231020,1143,18,9,1,25.04177,121.58735,9
500111070,20231020,1144,18,9,1,25.04177,121.58735,9
500111070,20231020,1145,18,9,1,25.04177,121.58735,9
500111070,20231020,1146,18,9,1,25.04177,121.58735,9
500111070,20231020,1147,18,9,1,25.04177,121.58735,9
500111070,20231020,1148,18,9,1,25.04177,121.58735,9
500111070,20231020,1149,18,9,1,25.04177,121.58735,9
500111070,20231020,1150,18,9,1,25.04177,121.58735,9
500111070,20231020,1151,18,9,1,25.04177,121.58735,9
500111070,20231020,1152,18,9,1,25.04177,121.58735,9
500111070,20231020,1153,18,9,1,25.04177,121.58735,9
500111070,20231020,1154,18,8,1,25.04177,121.58735,10
500111070,20231020,1155,18,8,1,25.04177,121.58735,10
500111070,20231020,1156,18,8,1,25.04177,121.58735,10
500111070,20231020,1157,18,8,1,25.04177,121.58735,10
500111070,20231020,1158,18,8,1,25.04177,121.58735,10
500111070,20231020,1159,18,8,1,25.04177,121.58735,10
500111070,20231020,1161,18,8,1,25.04177,121.58735,10
500111070,20231020,1162,18,8,1,25.04177,121.58735,10
500111070,20231020,1163,18,8,1,25.04177,121.58735,10
500111070,20231020,1164,18,8,1,25.04177,121.58735,10
500111070,20231020,1165,18,8,1,25.04177,121.58735,10
500111070,20231020,1166,18,8,1,25.04177,121.58735,10
500111070,20231020,1167,18,8,1,25.04177,121.58735,10
500111070,20231020,1168,18,8,1,25.04177,121.58735,10
500111070,20231020,1169,18,8,1,25.04177,121.58735,10
500111070,20231020,1171,18,9,1,25.04177,121.58735,9
500111070,20231020,1172,18,9,1,25.04177,121.58735,9
500111070,20231020,1173,18,9,1,25.04177,121.58735,9
500111070,20231020,1174,18,9,1,25.04177,121.58735,9
500111070,20231020,1175,18,9,1,25.04177,121.58735,9
500111070,20231020,1176,18,9,1,25.04177,121.58735,9
500111070,20231020,1177,18,9,1,25.04177,121.58735,9
500111070,20231020,1178,18,9,1,25.04177,121.58735,9
500111070,20231020,1179,18,9,1,25.04177,121.58735,9
500111070,20231020,1180,18,9,1,25.04177,121.58735,9
500111070,20231020,1181,18,9,1,25.04177,121.58735,9
500111070,20231020,1182,18,10,1,25.04177,121.58735,8
500111070,20231020,1183,18,9,1,25.04177,121.58735,9
500111070,20231020,1184,18,9,1,25.04177,121.58735,9
500111070,20231020,1185,18,9,1,25.04177,121.58735,9
500111070,20231020,1186,18,9,1,25.04177,121.58735,9
500111070,20231020,1187,18,9,1,25.04177,121.58735,9
500111070,20231020,1188,18,9,1,25.04177,121.58735,9
500111070,20231020,1189,18,9,1,25.04177,121.58735,9
500111070,20231020,1190,18,9,1,25.04177,121.58735,9
500111070,20231020,1191,18,9,1,25.04177,121.58735,9
500111070,20231020,1192,18,9,1,25.04177,121.58735,9
500111070,20231020,1193,18,9,1,25.04177,121.58735,9
500111070,20231020,1194,18,9,1,25.04177,121.58735,9
500111070,20231020,1195,18,9,1,25.04177,121.58735,9
500111070,20231020,1196,18,8,1,25.04177,121.58735,10
500111070,20231020,1197,18,8,1,25.04177,121.58735,10
500111070,20231020,1198,18,8,1,25.04177,121.58735,10
500111070,20231020,1199,18,9,1,25.04177,121.58735,9
500111070,20231020,1201,18,9,1,25.04177,121.58735,9
500111070,20231020,1202,18,9,1,25.04177,121.58735,9
500111070,20231020,1203,18,9,1,25.04177,121.58735,9
500111070,20231020,1204,18,9,1,25.04177,121.58735,9
500111070,20231020,1205,18,9,1,25.04177,121.58735,9
500111070,20231020,1206,18,9,1,25.04177,121.58735,9
500111070,20231020,1207,18,9,1,25.04177,121.58735,9
500111070,20231020,1208,18,9,1,25.04177,121.58735,9
500111070,20231020,1209,18,9,1,25.04177,121.58735,9
500111070,20231020,1210,18,9,1,25.04177,121.58735,9
500111070,20231020,1211,18,9,1,25.04177,121.58735,9
500111070,20231020,1212,18,9,1,25.04177,121.58735,9
500111070,20231020,1213,18,9,1,25.04177,121.58735,9
500111070,20231020,1214,18,9,1,25.04177,121.58735,9
500111070,20231020,1215,18,9,1,25.04177,121.58735,9
500111070,20231020,1216,18,9,1,25.04177,121.58735,9
500111070,20231020,1217,18,9,1,25.04177,121.58735,9
500111070,20231020,1218,18,9,1,25.04177,121.58735,9
500111070,20231020,1219,18,9,1,25.04177,121.58735,9
500111070,20231020,1221,18,8,1,25.04177,121.58735,10
500111070,20231020,1222,18,9,1,25.04177,121.58735,9
500111070,20231020,1223,18,9,1,25.04177,121.58735,9
500111070,20231020,1224,18,8,1,25.04177,121.58735,10
500111070,20231020,1225,18,8,1,25.04177,121.58735,10
500111070,20231020,1226,18,8,1,25.04177,121.58735,10
500111070,20231020,1227,18,8,1,25.04177,121.58735,10
500111070,20231020,1228,18,8,1,25.04177,121.58735,10
500111070,20231020,1230,18,8,1,25.04177,121.58735,10
500111070,20231020,1231,18,8,1,25.04177,121.58735,10
500111070,20231020,1232,18,8,1,25.04177,121.58735,10
500111070,20231020,1233,18,8,1,25.04177,121.58735,10
500111070,20231020,1234,18,8,1,25.04177,121.58735,10
500111070,20231020,1235,18,8,1,25.04177,121.58735,10
500111070,20231020,1236,18,8,1,25.04177,121.58735,10
500111070,20231020,1237,18,8,1,25.04177,121.58735,10
500111070,20231020,1238,18,12,1,25.04177,121.58735,6
500111070,20231020,1239,18,14,1,25.04177,121.58735,4
500111070,20231020,1240,18,13,1,25.04177,121.58735,5
500111070,20231020,1241,18,12,1,25.04177,121.58735,6
500111070,20231020,1242,18,12,1,25.04177,121.58735,6
500111070,20231020,1243,18,12,1,25.04177,121.58735,6
500111070,20231020,1244,18,12,1,25.04177,121.58735,6
500111070,20231020,1245,18,12,1,25.04177,121.58735,6
500111070,20231020,1246,18,12,1,25.04177,121.58735,6
500111070,20231020,1247,18,12,1,25.04177,121.58735,6
500111070,20231020,1248,18,12,1,25.04177,121.58735,6
500111070,20231020,1249,18,12,1,25.04177,121.58735,6
500111070,20231020,1250,18,11,1,25.04177,121.58735,7
500111070,20231020,1251,18,11,1,25.04177,121.58735,7
500111070,20231020,1252,18,11,1,25.04177,121.58735,7
500111070,20231020,1253,18,11,1,25.04177,121.58735,7
500111070,20231020,1254,18,11,1,25.04177,121.58735,7
500111070,20231020,1255,18,11,1,25.04177,121.58735,7
500111070,20231020,1256,18,11,1,25.04177,121.58735,7
500111070,20231020,1257,18,10,1,25.04177,121.58735,8
500111070,20231020,1258,18,10,1,25.04177,121.58735,8
500111070,20231020,1259,18,9,1,25.04177,121.58735,9
500111070,20231020,1261,18,8,1,25.04177,121.58735,10
500111070,20231020,1262,18,8,1,25.04177,121.58735,10
500111070,20231020,1263,18,8,1,25.04177,121.58735,10
500111070,20231020,1264,18,8,1,25.04177,121.58735,10
500111070,20231020,1265,18,8,1,25.04177,121.58735,10
500111070,20231020,1266,18,9,1,25.04177,121.58735,9
500111070,20231020,1267,18,9,1,25.04177,121.58735,9
500111070,20231020,1268,18,8,1,25.04177,121.58735,10
500111070,20231020,1269,18,8,1,25.04177,121.58735,10
500111070,20231020,1270,18,8,1,25.04177,121.58735,10
500111070,20231020,1271,18,8,1,25.04177,121.58735,10
500111070,20231020,1272,18,8,1,25.04177,121.58735,10
500111070,20231020,1273,18,8,1,25.04177,121.58735,10
500111070,20231020,1274,18,8,1,25.04177,121.58735,10
500111070,20231020,1275,18,8,1,25.04177,121.58735,10
500111070,20231020,1276,18,6,1,25.04177,121.58735,12
500111070,20231020,1277,18,6,1,25.04177,121.58735,12
500111070,20231020,1278,18,6,1,25.04177,121.58735,12
500111070,20231020,1279,18,6,1,25.04177,121.58735,12
500111070,20231020,1281,18,5,1,25.04177,121.58735,13
500111070,20231020,1282,18,5,1,25.04177,121.58735,13
500111070,20231020,1283,18,5,1,25.04177,121.58735,13
500111070,20231020,1284,18,5,1,25.04177,121.58735,13
500111070,20231020,1285,18,5,1,25.04177,121.58735,13
500111070,20231020,1286,18,5,1,25.04177,121.58735,13
500111070,20231020,1287,18,5,1,25.04177,121.58735,13
500111070,20231020,1288,18,5,1,25.04177,121.58735,13
500111070,20231020,1289,18,5,1,25.04177,121.58735,13
500111070,20231020,1291,18,5,1,25.04177,121.58735,13
500111070,20231020,1292,18,5,1,25.04177,121.58735,13
500111070,20231020,1293,18,5,1,25.04177,121.58735,13
500111070,20231020,1294,18,5,1,25.04177,121.58735,13
500111070,20231020,1295,18,5,1,25.04177,121.58735,13
500111070,20231020,1296,18,5,1,25.04177,121.58735,13
500111070,20231020,1297,18,5,1,25.04177,121.58735,13
500111070,20231020,1298,18,5,1,25.04177,121.58735,13
500111070,20231020,1299,18,5,1,25.04177,121.58735,13
500111070,20231020,1300,18,4,1,25.04177,121.58735,14
500111070,20231020,1301,18,4,1,25.04177,121.58735,14
500111070,20231020,1302,18,4,1,25.04177,121.58735,14
500111070,20231020,1303,18,3,1,25.04177,121.58735,15
500111070,20231020,1304,18,3,1,25.04177,121.58735,15
500111070,20231020,1305,18,3,1,25.04177,121.58735,15
500111070,20231020,1306,18,2,1,25.04177,121.58735,16
500111070,20231020,1307,18,2,1,25.04177,121.58735,16
500111070,20231020,1308,18,2,1,25.04177,121.58735,16
500111070,20231020,1309,18,2,1,25.04177,121.58735,16
500111070,20231020,1310,18,2,1,25.04177,121.58735,16
500111070,20231020,1311,18,2,1,25.04177,121.58735,16
500111070,20231020,1312,18,0,1,25.04177,121.58735,18
500111070,20231020,1313,18,0,1,25.04177,121.58735,18
500111070,20231020,1314,18,0,1,25.04177,121.58735,18
500111070,20231020,1315,18,0,1,25.04177,121.58735,18
500111070,20231020,1316,18,0,1,25.04177,121.58735,18
500111070,20231020,1317,18,0,1,25.04177,121.58735,18
500111070,20231020,1318,18,0,1,25.04177,121.58735,18
500111070,20231020,1319,18,0,1,25.04177,121.58735,18
500111070,20231020,1321,18,0,1,25.04177,121.58735,18
500111070,20231020,1322,18,0,1,25.04177,121.58735,18
500111070,20231020,1323,18,0,1,25.04177,121.58735,18
500111070,20231020,1324,18,0,1,25.04177,121.58735,18
500111070,20231020,1325,18,0,1,25.04177,121.58735,18
500111070,20231020,1326,18,0,1,25.04177,121.58735,18
500111070,20231020,1327,18,0,1,25.04177,121.58735,18
500111070,20231020,1328,18,0,1,25.04177,121.58735,18
500111070,20231020,1329,18,0,1,25.04177,121.58735,18
500111070,20231020,1330,18,0,1,25.04177,121.58735,18
500111070,20231020,1331,18,0,1,25.04177,121.58735,18
500111070,20231020,1332,18,0,1,25.04177,121.58735,18
500111070,20231020,1333,18,0,1,25.04177,121.58735,18
500111070,20231020,1334,18,0,1,25.04177,121.58735,18
500111070,20231020,1335,18,0,1,25.04177,121.58735,18
500111070,20231020,1336,18,0,1,25.04177,121.58735,18
500111070,20231020,1337,18,0,1,25.04177,121.58735,18
500111070,20231020,1338,18,0,1,25.04177,121.58735,18
500111070,20231020,1339,18,4,1,25.04177,121.58735,14
500111070,20231020,1341,18,8,1,25.04177,121.58735,10
500111070,20231020,1342,18,8,1,25.04177,121.58735,10
500111070,20231020,1343,18,12,1,25.04177,121.58735,6
500111070,20231020,1344,18,15,1,25.04177,121.58735,3
500111070,20231020,1345,18,15,1,25.04177,121.58735,3
500111070,20231020,1346,18,15,1,25.04177,121.58735,3
500111070,20231020,1347,18,15,1,25.04177,121.58735,3
500111070,20231020,1348,18,11,1,25.04177,121.58735,3
500111070,20231020,1349,18,11,1,25.04177,121.58735,3
500111070,20231020,1350,18,11,1,25.04177,121.58735,3
500111070,20231020,1351,18,12,1,25.04177,121.58735,2
500111070,20231020,1352,18,12,1,25.04177,121.58735,2
500111070,20231020,1353,18,12,1,25.04177,121.58735,2
500111070,20231020,1354,18,12,1,25.04177,121.58735,2
500111070,20231020,1355,18,12,1,25.04177,121.58735,2
500111070,20231020,1356,18,12,1,25.04177,121.58735,2
500111070,20231020,1357,18,12,1,25.04177,121.58735,2
500111070,20231020,1358,18,12,1,25.04177,121.58735,2
500111070,20231020,1359,18,12,1,25.04177,121.58735,2
500111070,20231020,1360,18,12,1,25.04177,121.58735,2
500111070,20231020,1361,18,11,1,25.04177,121.58735,3
500111070,20231020,1362,18,12,1,25.04177,121.58735,2
500111070,20231020,1363,18,12,1,25.04177,121.58735,2
500111070,20231020,1364,18,12,1,25.04177,121.58735,2
500111070,20231020,1365,18,12,1,25.04177,121.58735,2
500111070,20231020,1366,18,12,1,25.04177,121.58735,2
500111070,20231020,1367,18,12,1,25.04177,121.58735,2
500111070,20231020,1368,18,12,1,25.04177,121.58735,2
500111070,20231020,1369,18,12,1,25.04177,121.58735,2
500111070,20231020,1370,18,12,1,25.04177,121.58735,2
500111070,20231020,1371,18,12,1,25.04177,121.58735,2
500111070,20231020,1372,18,11,1,25.04177,121.58735,3
500111070,20231020,1373,18,11,1,25.04177,121.58735,3
500111070,20231020,1374,18,11,1,25.04177,121.58735,3
500111070,20231020,1375,18,11,1,25.04177,121.58735,3
500111070,20231020,1376,18,11,1,25.04177,121.58735,3
500111070,20231020,1377,18,11,1,25.04177,121.58735,3
500111070,20231020,1378,18,11,1,25.04177,121.58735,3
500111070,20231020,1379,18,11,1,25.04177,121.58735,3
500111070,20231020,1381,18,11,1,25.04177,121.58735,3
500111070,20231020,1382,18,11,1,25.04177,121.58735,3
500111070,20231020,1383,18,11,1,25.04177,121.58735,3
500111070,20231020,1384,18,11,1,25.04177,121.58735,3
500111070,20231020,1385,18,11,1,25.04177,121.58735,3
500111070,20231020,1386,18,11,1,25.04177,121.58735,3
500111070,20231020,1387,18,11,1,25.04177,121.58735,3
500111070,20231020,1388,18,11,1,25.04177,121.58735,3
500111070,20231020,1389,18,12,1,25.04177,121.58735,2
500111070,20231020,1390,18,12,1,25.04177,121.58735,2
500111070,20231020,1391,18,12,1,25.04177,121.58735,2
500111070,20231020,1392,18,12,1,25.04177,121.58735,2
500111070,20231020,1393,18,12,1,25.04177,121.58735,2
500111070,20231020,1394,18,12,1,25.04177,121.58735,2
500111070,20231020,1395,18,12,1,25.04177,121.58735,2
500111070,20231020,1396,18,12,1,25.04177,121.58735,2
500111070,20231020,1397,18,12,1,25.04177,121.58735,2
500111070,20231020,1398,18,12,1,25.04177,121.58735,2
500111070,20231020,1399,18,12,1,25.04177,121.58735,2
500111070,20231020,1401,18,12,1,25.04177,121.58735,2
500111070,20231020,1402,18,12,1,25.04177,121.58735,2
500111070,20231020,1403,18,12,1,25.04177,121.58735,2
500111070,20231020,1404,18,12,1,25.04177,121.58735,2
500111070,20231020,1405,18,12,1,25.04177,121.58735,2
500111070,20231020,1406,18,12,1,25.04177,121.58735,2
500111070,20231020,1407,18,12,1,25.04177,121.58735,2
500111070,20231020,1408,18,12,1,25.04177,121.58735,2
500111070,20231020,1409,18,12,1,25.04177,121.58735,2
500111070,20231020,1410,18,12,1,25.04177,121.58735,2
500111070,20231020,1411,18,12,1,25.04177,121.58735,2
500111070,20231020,1412,18,12,1,25.04177,121.58735,2
500111070,20231020,1413,18,12,1,25.04177,121.58735,2
500111070,20231020,1414,18,12,1,25.04177,121.58735,2
500111070,20231020,1415,18,14,1,25.04177,121.58735,0
500111070,20231020,1416,18,14,1,25.04177,121.58735,0
500111070,20231020,1417,18,14,1,25.04177,121.58735,0
500111070,20231020,1418,18,14,1,25.04177,121.58735,0
500111070,20231020,1419,18,14,1,25.04177,121.58735,0
500111070,20231020,1420,18,14,1,25.04177,121.58735,0
500111070,20231020,1421,18,14,1,25.04177,121.58735,0
500111070,20231020,1422,18,14,1,25.04177,121.58735,0
500111070,20231020,1423,18,14,1,25.04177,121.58735,0
500111070,20231020,1424,18,14,1,25.04177,121.58735,0
500111070,20231020,1425,18,14,1,25.04177,121.58735,0
500111070,20231020,1426,18,14,1,25.04177,121.58735,0
500111070,20231020,1427,18,14,1,25.04177,121.58735,0
500111070,20231020,1428,18,14,1,25.04177,121.58735,0
500111070,20231020,1429,18,13,1,25.04177,121.58735,1
500111070,20231020,1430,18,13,1,25.04177,121.58735,1
500111070,20231020,1431,18,13,1,25.04177,121.58735,1
500111070,20231020,1432,18,13,1,25.04177,121.58735,1
500111070,20231020,1433,18,13,1,25.04177,121.58735,1
500111070,20231020,1434,18,13,1,25.04177,121.58735,1
500111070,20231020,1435,18,13,1,25.04177,121.58735,1
500111070,20231020,1436,18,13,1,25.04177,121.58735,1
500111070,20231020,1437,18,12,1,25.04177,121.58735,2
500111070,20231020,1438,18,12,1,25.04177,121.58735,2
500111070,20231020,1439,18,12,1,25.04177,121.58735,2
500111070,20231025,0,18,7,1,25.04177,121.58735,5
500111070,20231025,1,18,7,1,25.04177,121.58735,5
500111070,20231025,2,18,7,1,25.04177,121.58735,5
500111070,20231025,3,18,7,1,25.04177,121.58735,5
500111070,20231025,4,18,7,1,25.04177,121.58735,5
500111070,20231025,5,18,7,1,25.04177,121.58735,5
500111070,20231025,6,18,7,1,25.04177,121.58735,5
500111070,20231025,7,18,7,1,25.04177,121.58735,5
500111070,20231025,8,18,7,1,25.04177,121.58735,5
500111070,20231025,9,18,7,1,25.04177,121.58735,5
500111070,20231025,10,18,7,1,25.04177,121.58735,5
500111070,20231025,11,18,7,1,25.04177,121.58735,5
500111070,20231025,12,18,7,1,25.04177,121.58735,5
500111070,20231025,13,18,7,1,25.04177,121.58735,5
500111070,20231025,14,18,7,1,25.04177,121.58735,5
500111070,20231025,15,18,7,1,25.04177,121.58735,5
500111070,20231025,16,18,7,1,25.04177,121.58735,5
500111070,20231025,17,18,7,1,25.04177,121.58735,5
500111070,20231025,18,18,7,1,25.04177,121.58735,5
500111070,20231025,19,18,7,1,25.04177,121.58735,5
500111070,20231025,21,18,7,1,25.04177,121.58735,5
500111070,20231025,22,18,7,1,25.04177,121.58735,5
500111070,20231025,23,18,7,1,25.04177,121.58735,5
500111070,20231025,24,18,7,1,25.04177,121.58735,5
500111070,20231025,25,18,7,1,25.04177,121.58735,5
500111070,20231025,26,18,7,1,25.04177,121.58735,5
500111070,20231025,27,18,7,1,25.04177,121.58735,5
500111070,20231025,28,18,7,1,25.04177,121.58735,5
500111070,20231025,29,18,7,1,25.04177,121.58735,5
500111070,20231025,30,18,7,1,25.04177,121.58735,5
500111070,20231025,31,18,7,1,25.04177,121.58735,5
500111070,20231025,32,18,7,1,25.04177,121.58735,5
500111070,20231025,33,18,7,1,25.04177,121.58735,5
500111070,20231025,34,18,7,1,25.04177,121.58735,5
500111070,20231025,35,18,7,1,25.04177,121.58735,5
500111070,20231025,36,18,7,1,25.04177,121.58735,5
500111070,20231025,37,18,7,1,25.04177,121.58735,5
500111070,20231025,38,18,6,1,25.04177,121.58735,6
500111070,20231025,39,18,6,1,25.04177,121.58735,6
500111070,20231025,40,18,6,1,25.04177,121.58735,6
500111070,20231025,41,18,6,1,25.04177,121.58735,6
500111070,20231025,42,18,6,1,25.04177,121.58735,6
500111070,20231025,43,18,6,1,25.04177,121.58735,6
500111070,20231025,44,18,6,1,25.04177,121.58735,6
500111070,20231025,45,18,6,1,25.04177,121.58735,6
500111070,20231025,46,18,6,1,25.04177,121.58735,6
500111070,20231025,47,18,6,1,25.04177,121.58735,6
500111070,20231025,48,18,6,1,25.04177,121.58735,6
500111070,20231025,49,18,6,1,25.04177,121.58735,6
500111070,20231025,50,18,6,1,25.04177,121.58735,6
500111070,20231025,51,18,6,1,25.04177,121.58735,6
500111070,20231025,52,18,6,1,25.04177,121.58735,6
500111070,20231025,53,18,6,1,25.04177,121.58735,6
500111070,20231025,54,18,6,1,25.04177,121.58735,6
500111070,20231025,55,18,6,1,25.04177,121.58735,6
500111070,20231025,56,18,6,1,25.04177,121.58735,6
500111070,20231025,57,18,6,1,25.04177,121.58735,6
500111070,20231025,58,18,5,1,25.04177,121.58735,7
500111070,20231025,59,18,6,1,25.04177,121.58735,6
500111070,20231025,60,18,6,1,25.04177,121.58735,6
500111070,20231025,61,18,6,1,25.04177,121.58735,6
500111070,20231025,62,18,6,1,25.04177,121.58735,6
500111070,20231025,63,18,6,1,25.04177,121.58735,6
500111070,20231025,64,18,6,1,25.04177,121.58735,6
500111070,20231025,65,18,6,1,25.04177,121.58735,6
500111070,20231025,66,18,6,1,25.04177,121.58735,6
500111070,20231025,67,18,6,1,25.04177,121.58735,6
500111070,20231025,68,18,6,1,25.04177,121.58735,6
500111070,20231025,69,18,6,1,25.04177,121.58735,6
500111070,20231025,70,18,6,1,25.04177,121.58735,6
500111070,20231025,71,18,6,1,25.04177,121.58735,6
500111070,20231025,72,18,6,1,25.04177,121.58735,6
500111070,20231025,73,18,6,1,25.04177,121.58735,6
500111070,20231025,74,18,5,1,25.04177,121.58735,7
500111070,20231025,75,18,5,1,25.04177,121.58735,7
500111070,20231025,76,18,5,1,25.04177,121.58735,7
500111070,20231025,77,18,5,1,25.04177,121.58735,7
500111070,20231025,78,18,5,1,25.04177,121.58735,7
500111070,20231025,79,18,4,1,25.04177,121.58735,8
500111070,20231025,81,18,4,1,25.04177,121.58735,8
500111070,20231025,82,18,4,1,25.04177,121.58735,8
500111070,20231025,83,18,4,1,25.04177,121.58735,8
500111070,20231025,84,18,4,1,25.04177,121.58735,8
500111070,20231025,85,18,4,1,25.04177,121.58735,8
500111070,20231025,86,18,4,1,25.04177,121.58735,8
500111070,20231025,87,18,4,1,25.04177,121.58735,8
500111070,20231025,88,18,4,1,25.04177,121.58735,8
500111070,20231025,89,18,4,1,25.04177,121.58735,8
500111070,20231025,90,18,4,1,25.04177,121.58735,8
500111070,20231025,91,18,4,1,25.04177,121.58735,8
500111070,20231025,92,18,4,1,25.04177,121.58735,8
500111070,20231025,93,18,4,1,25.04177,121.58735,8
500111070,20231025,94,18,4,1,25.04177,121.58735,8
500111070,20231025,95,18,4,1,25.04177,121.58735,8
500111070,20231025,96,18,4,1,25.04177,121.58735,8
500111070,20231025,97,18,4,1,25.04177,121.58735,8
500111070,20231025,98,18,4,1,25.04177,121.58735,8
500111070,20231025,100,18,4,1,25.04177,121.58735,8
500111070,20231025,101,18,4,1,25.04177,121.58735,8
500111070,20231025,102,18,4,1,25.04177,121.58735,8
500111070,20231025,103,18,4,1,25.04177,121.58735,8
500111070,20231025,104,18,4,1,25.04177,121.58735,8
500111070,20231025,105,18,4,1,25.04177,121.58735,8
500111070,20231025,106,18,4,1,25.04177,121.58735,8
500111070,20231025,107,18,5,1,25.04177,121.58735,7
500111070,20231025,108,18,5,1,25.04177,121.58735,7
500111070,20231025,109,18,5,1,25.04177,121.58735,7
500111070,20231025,110,18,5,1,25.04177,121.58735,7
500111070,20231025,111,18,5,1,25.04177,121.58735,7
500111070,20231025,112,18,5,1,25.04177,121.58735,7
500111070,20231025,113,18,5,1,25.04177,121.58735,7
500111070,20231025,114,18,5,1,25.04177,121.58735,7
500111070,20231025,115,18,5,1,25.04177,121.58735,7
500111070,20231025,116,18,5,1,25.04177,121.58735,7
500111070,20231025,117,18,5,1,25.04177,121.58735,7
500111070,20231025,118,18,5,1,25.04177,121.58735,7
500111070,20231025,119,18,5,1,25.04177,121.58735,7
500111070,20231025,121,18,5,1,25.04177,121.58735,7
500111070,20231025,122,18,5,1,25.04177,121.58735,7
500111070,20231025,123,18,5,1,25.04177,121.58735,7
500111070,20231025,124,18,5,1,25.04177,121.58735,7
500111070,20231025,125,18,5,1,25.04177,121.58735,7
500111070,20231025,126,18,5,1,25.04177,121.58735,7
500111070,20231025,127,18,5,1,25.04177,121.58735,7
500111070,20231025,128,18,5,1,25.04177,121.58735,7
500111070,20231025,129,18,5,1,25.04177,121.58735,7
500111070,20231025,130,18,5,1,25.04177,121.58735,7
500111070,20231025,131,18,5,1,25.04177,121.58735,7
500111070,20231025,132,18,5,1,25.04177,121.58735,7
500111070,20231025,133,18,5,1,25.04177,121.58735,7
500111070,20231025,134,18,5,1,25.04177,121.58735,7
500111070,20231025,135,18,5,1,25.04177,121.58735,7
500111070,20231025,136,18,5,1,25.04177,121.58735,7
500111070,20231025,137,18,5,1,25.04177,121.58735,7
500111070,20231025,138,18,5,1,25.04177,121.58735,7
500111070,20231025,139,18,5,1,25.04177,121.58735,7
500111070,20231025,141,18,5,1,25.04177,121.58735,7
500111070,20231025,142,18,5,1,25.04177,121.58735,7
500111070,20231025,143,18,5,1,25.04177,121.58735,7
500111070,20231025,144,18,5,1,25.04177,121.58735,7
500111070,20231025,145,18,5,1,25.04177,121.58735,7
500111070,20231025,146,18,5,1,25.04177,121.58735,7
500111070,20231025,147,18,5,1,25.04177,121.58735,7
500111070,20231025,148,18,5,1,25.04177,121.58735,7
500111070,20231025,149,18,5,1,25.04177,121.58735,7
500111070,20231025,150,18,5,1,25.04177,121.58735,7
500111070,20231025,151,18,5,1,25.04177,121.58735,7
500111070,20231025,152,18,5,1,25.04177,121.58735,7
500111070,20231025,153,18,5,1,25.04177,121.58735,7
500111070,20231025,154,18,5,1,25.04177,121.58735,7
500111070,20231025,155,18,4,1,25.04177,121.58735,8
500111070,20231025,156,18,4,1,25.04177,121.58735,8
500111070,20231025,157,18,4,1,25.04177,121.58735,8
500111070,20231025,158,18,4,1,25.04177,121.58735,8
500111070,20231025,159,18,4,1,25.04177,121.58735,8
500111070,20231025,160,18,4,1,25.04177,121.58735,8
500111070,20231025,161,18,4,1,25.04177,121.58735,8
500111070,20231025,162,18,4,1,25.04177,121.58735,8
500111070,20231025,163,18,4,1,25.04177,121.58735,8
500111070,20231025,164,18,4,1,25.04177,121.58735,8
500111070,20231025,165,18,4,1,25.04177,121.58735,8
500111070,20231025,166,18,4,1,25.04177,121.58735,8
500111070,20231025,167,18,4,1,25.04177,121.58735,8
500111070,20231025,168,18,4,1,25.04177,121.58735,8
500111070,20231025,169,18,4,1,25.04177,121.58735,8
500111070,20231025,170,18,4,1,25.04177,121.58735,8
500111070,20231025,171,18,4,1,25.04177,121.58735,8
500111070,20231025,172,18,4,1,25.04177,121.58735,8
500111070,20231025,173,18,4,1,25.04177,121.58735,8
500111070,20231025,174,18,4,1,25.04177,121.58735,8
500111070,20231025,175,18,4,1,25.04177,121.58735,8
500111070,20231025,176,18,4,1,25.04177,121.58735,8
500111070,20231025,177,18,4,1,25.04177,121.58735,8
500111070,20231025,178,18,4,1,25.04177,121.58735,8
500111070,20231025,179,18,4,1,25.04177,121.58735,8
500111070,20231025,180,18,4,1,25.04177,121.58735,8
500111070,20231025,181,18,4,1,25.04177,121.58735,8
500111070,20231025,182,18,4,1,25.04177,121.58735,8
500111070,20231025,183,18,4,1,25.04177,121.58735,8
500111070,20231025,184,18,4,1,25.04177,121.58735,8
500111070,20231025,185,18,4,1,25.04177,121.58735,8
500111070,20231025,186,18,4,1,25.04177,121.58735,8
500111070,20231025,187,18,4,1,25.04177,121.58735,8
500111070,20231025,188,18,4,1,25.04177,121.58735,8
500111070,20231025,189,18,4,1,25.04177,121.58735,8
500111070,20231025,190,18,4,1,25.04177,121.58735,8
500111070,20231025,191,18,4,1,25.04177,121.58735,8
500111070,20231025,192,18,4,1,25.04177,121.58735,8
500111070,20231025,193,18,4,1,25.04177,121.58735,8
500111070,20231025,194,18,4,1,25.04177,121.58735,8
500111070,20231025,195,18,4,1,25.04177,121.58735,8
500111070,20231025,196,18,4,1,25.04177,121.58735,8
500111070,20231025,197,18,4,1,25.04177,121.58735,8
500111070,20231025,198,18,4,1,25.04177,121.58735,8
500111070,20231025,199,18,4,1,25.04177,121.58735,8
500111070,20231025,201,18,4,1,25.04177,121.58735,8
500111070,20231025,202,18,4,1,25.04177,121.58735,8
500111070,20231025,203,18,4,1,25.04177,121.58735,8
500111070,20231025,204,18,4,1,25.04177,121.58735,8
500111070,20231025,205,18,4,1,25.04177,121.58735,8
500111070,20231025,206,18,4,1,25.04177,121.58735,8
500111070,20231025,207,18,4,1,25.04177,121.58735,8
500111070,20231025,208,18,4,1,25.04177,121.58735,8
500111070,20231025,209,18,4,1,25.04177,121.58735,8
500111070,20231025,210,18,4,1,25.04177,121.58735,8
500111070,20231025,211,18,4,1,25.04177,121.58735,8
500111070,20231025,212,18,3,1,25.04177,121.58735,9
500111070,20231025,213,18,3,1,25.04177,121.58735,9
500111070,20231025,214,18,3,1,25.04177,121.58735,9
500111070,20231025,215,18,3,1,25.04177,121.58735,9
500111070,20231025,216,18,3,1,25.04177,121.58735,9
500111070,20231025,217,18,3,1,25.04177,121.58735,9
500111070,20231025,218,18,3,1,25.04177,121.58735,9
500111070,20231025,219,18,3,1,25.04177,121.58735,9
500111070,20231025,220,18,3,1,25.04177,121.58735,9
500111070,20231025,221,18,3,1,25.04177,121.58735,9
500111070,20231025,222,18,3,1,25.04177,121.58735,9
500111070,20231025,223,18,3,1,25.04177,121.58735,9
500111070,20231025,224,18,3,1,25.04177,121.58735,9
500111070,20231025,225,18,3,1,25.04177,121.58735,9
500111070,20231025,226,18,3,1,25.04177,121.58735,9
500111070,20231025,227,18,3,1,25.04177,121.58735,9
500111070,20231025,228,18,3,1,25.04177,121.58735,9
500111070,20231025,229,18,3,1,25.04177,121.58735,9
500111070,20231025,230,18,3,1,25.04177,121.58735,9
500111070,20231025,231,18,3,1,25.04177,121.58735,9
500111070,20231025,232,18,3,1,25.04177,121.58735,9
500111070,20231025,233,18,3,1,25.04177,121.58735,9
500111070,20231025,234,18,3,1,25.04177,121.58735,9
500111070,20231025,235,18,3,1,25.04177,121.58735,9
500111070,20231025,236,18,3,1,25.04177,121.58735,9
500111070,20231025,237,18,3,1,25.04177,121.58735,9
500111070,20231025,238,18,3,1,25.04177,121.58735,9
500111070,20231025,239,18,3,1,25.04177,121.58735,9
500111070,20231025,241,18,7,1,25.04177,121.58735,9
500111070,20231025,242,18,7,1,25.04177,121.58735,9
500111070,20231025,243,18,7,1,25.04177,121.58735,9
500111070,20231025,244,18,7,1,25.04177,121.58735,9
500111070,20231025,245,18,7,1,25.04177,121.58735,9
500111070,20231025,246,18,7,1,25.04177,121.58735,9
500111070,20231025,247,18,7,1,25.04177,121.58735,9
500111070,20231025,248,18,7,1,25.04177,121.58735,9
500111070,20231025,249,18,7,1,25.04177,121.58735,9
500111070,20231025,250,18,7,1,25.04177,121.58735,9
500111070,20231025,251,18,7,1,25.04177,121.58735,9
500111070,20231025,252,18,7,1,25.04177,121.58735,9
500111070,20231025,253,18,6,1,25.04177,121.58735,10
500111070,20231025,254,18,6,1,25.04177,121.58735,10
500111070,20231025,255,18,6,1,25.04177,121.58735,10
500111070,20231025,256,18,6,1,25.04177,121.58735,10
500111070,20231025,257,18,6,1,25.04177,121.58735,10
500111070,20231025,258,18,6,1,25.04177,121.58735,10
500111070,20231025,259,18,6,1,25.04177,121.58735,10
500111070,20231025,261,18,6,1,25.04177,121.58735,10
500111070,20231025,262,18,6,1,25.04177,121.58735,10
500111070,20231025,263,18,6,1,25.04177,121.58735,10
500111070,20231025,264,18,6,1,25.04177,121.58735,10
500111070,20231025,265,18,6,1,25.04177,121.58735,10
500111070,20231025,266,18,6,1,25.04177,121.58735,10
500111070,20231025,267,18,6,1,25.04177,121.58735,10
500111070,20231025,268,18,6,1,25.04177,121.58735,10
500111070,20231025,269,18,6,1,25.04177,121.58735,10
500111070,20231025,270,18,6,1,25.04177,121.58735,10
500111070,20231025,271,18,6,1,25.04177,121.58735,10
500111070,20231025,272,18,6,1,25.04177,121.58735,10
500111070,20231025,273,18,6,1,25.04177,121.58735,10
500111070,20231025,274,18,6,1,25.04177,121.58735,10
500111070,20231025,275,18,6,1,25.04177,121.58735,10
500111070,20231025,276,18,6,1,25.04177,121.58735,10
500111070,20231025,277,18,6,1,25.04177,121.58735,10
500111070,20231025,278,18,6,1,25.04177,121.58735,10
500111070,20231025,279,18,6,1,25.04177,121.58735,10
500111070,20231025,280,18,6,1,25.04177,121.58735,10
500111070,20231025,281,18,6,1,25.04177,121.58735,10
500111070,20231025,282,18,6,1,25.04177,121.58735,10
500111070,20231025,283,18,6,1,25.04177,121.58735,10
500111070,20231025,284,18,6,1,25.04177,121.58735,10
500111070,20231025,285,18,6,1,25.04177,121.58735,10
500111070,20231025,286,18,6,1,25.04177,121.58735,10
500111070,20231025,287,18,6,1,25.04177,121.58735,10
500111070,20231025,288,18,6,1,25.04177,121.58735,10
500111070,20231025,289,18,6,1,25.04177,121.58735,10
500111070,20231025,290,18,6,1,25.04177,121.58735,10
500111070,20231025,291,18,6,1,25.04177,121.58735,10
500111070,20231025,292,18,6,1,25.04177,121.58735,10
500111070,20231025,293,18,6,1,25.04177,121.58735,10
500111070,20231025,294,18,6,1,25.04177,121.58735,10
500111070,20231025,295,18,6,1,25.04177,121.58735,10
500111070,20231025,296,18,6,1,25.04177,121.58735,10
500111070,20231025,297,18,6,1,25.04177,121.58735,10
500111070,20231025,298,18,6,1,25.04177,121.58735,10
500111070,20231025,299,18,6,1,25.04177,121.58735,10
500111070,20231025,300,18,6,1,25.04177,121.58735,10
500111070,20231025,301,18,6,1,25.04177,121.58735,10
500111070,20231025,302,18,6,1,25.04177,121.58735,10
500111070,20231025,303,18,6,1,25.04177,121.58735,10
500111070,20231025,304,18,6,1,25.04177,121.58735,10
500111070,20231025,305,18,6,1,25.04177,121.58735,10
500111070,20231025,306,18,6,1,25.04177,121.58735,10
500111070,20231025,307,18,6,1,25.04177,121.58735,10
500111070,20231025,308,18,6,1,25.04177,121.58735,10
500111070,20231025,309,18,6,1,25.04177,121.58735,10
500111070,20231025,310,18,6,1,25.04177,121.58735,10
500111070,20231025,311,18,6,1,25.04177,121.58735,10
500111070,20231025,312,18,6,1,25.04177,121.58735,10
500111070,20231025,313,18,6,1,25.04177,121.58735,10
500111070,20231025,314,18,7,1,25.04177,121.58735,9
500111070,20231025,315,18,7,1,25.04177,121.58735,9
500111070,20231025,316,18,7,1,25.04177,121.58735,9
500111070,20231025,317,18,7,1,25.04177,121.58735,9
500111070,20231025,318,18,7,1,25.04177,121.58735,9
500111070,20231025,319,18,7,1,25.04177,121.58735,9
500111070,20231025,321,18,7,1,25.04177,121.58735,9
500111070,20231025,322,18,7,1,25.04177,121.58735,9
500111070,20231025,323,18,7,1,25.04177,121.58735,9
500111070,20231025,324,18,7,1,25.04177,121.58735,9
500111070,20231025,325,18,7,1,25.04177,121.58735,9
500111070,20231025,326,18,7,1,25.04177,121.58735,9
500111070,20231025,327,18,7,1,25.04177,121.58735,9
500111070,20231025,328,18,7,1,25.04177,121.58735,9
500111070,20231025,329,18,7,1,25.04177,121.58735,9
500111070,20231025,330,18,7,1,25.04177,121.58735,9
500111070,20231025,331,18,7,1,25.04177,121.58735,9
500111070,20231025,332,18,7,1,25.04177,121.58735,9
500111070,20231025,333,18,7,1,25.04177,121.58735,9
500111070,20231025,334,18,7,1,25.04177,121.58735,9
500111070,20231025,335,18,7,1,25.04177,121.58735,9
500111070,20231025,336,18,7,1,25.04177,121.58735,9
500111070,20231025,337,18,7,1,25.04177,121.58735,9
500111070,20231025,338,18,7,1,25.04177,121.58735,9
500111070,20231025,339,18,7,1,25.04177,121.58735,9
500111070,20231025,340,18,7,1,25.04177,121.58735,9
500111070,20231025,341,18,7,1,25.04177,121.58735,9
500111070,20231025,342,18,7,1,25.04177,121.58735,9
500111070,20231025,343,18,7,1,25.04177,121.58735,9
500111070,20231025,344,18,7,1,25.04177,121.58735,9
500111070,20231025,345,18,7,1,25.04177,121.58735,9
500111070,20231025,346,18,7,1,25.04177,121.58735,9
500111070,20231025,347,18,7,1,25.04177,121.58735,9
500111070,20231025,348,18,7,1,25.04177,121.58735,9
500111070,20231025,349,18,7,1,25.04177,121.58735,9
500111070,20231025,350,18,7,1,25.04177,121.58735,9
500111070,20231025,351,18,7,1,25.04177,121.58735,9
500111070,20231025,352,18,7,1,25.04177,121.58735,9
500111070,20231025,353,18,7,1,25.04177,121.58735,9
500111070,20231025,354,18,7,1,25.04177,121.58735,9
500111070,20231025,355,18,7,1,25.04177,121.58735,9
500111070,20231025,356,18,7,1,25.04177,121.58735,9
500111070,20231025,357,18,8,1,25.04177,121.58735,8
500111070,20231025,358,18,8,1,25.04177,121.58735,8
500111070,20231025,359,18,8,1,25.04177,121.58735,8
500111070,20231025,360,18,8,1,25.04177,121.58735,8
500111070,20231025,361,18,8,1,25.04177,121.58735,8
500111070,20231025,362,18,8,1,25.04177,121.58735,8
500111070,20231025,363,18,8,1,25.04177,121.58735,8
500111070,20231025,364,18,8,1,25.04177,121.58735,8
500111070,20231025,365,18,8,1,25.04177,121.58735,8
500111070,20231025,366,18,8,1,25.04177,121.58735,8
500111070,20231025,367,18,8,1,25.04177,121.58735,8
500111070,20231025,368,18,8,1,25.04177,121.58735,8
500111070,20231025,369,18,8,1,25.04177,121.58735,8
500111070,20231025,370,18,8,1,25.04177,121.58735,8
500111070,20231025,371,18,8,1,25.04177,121.58735,8
500111070,20231025,372,18,8,1,25.04177,121.58735,8
500111070,20231025,373,18,8,1,25.04177,121.58735,8
500111070,20231025,374,18,8,1,25.04177,121.58735,8
500111070,20231025,375,18,8,1,25.04177,121.58735,8
500111070,20231025,376,18,8,1,25.04177,121.58735,8
500111070,20231025,378,18,8,1,25.04177,121.58735,8
500111070,20231025,379,18,7,1,25.04177,121.58735,9
500111070,20231025,381,18,6,1,25.04177,121.58735,10
500111070,20231025,382,18,6,1,25.04177,121.58735,10
500111070,20231025,383,18,8,1,25.04177,121.58735,8
500111070,20231025,384,18,8,1,25.04177,121.58735,8
500111070,20231025,385,18,7,1,25.04177,121.58735,9
500111070,20231025,386,18,7,1,25.04177,121.58735,9
500111070,20231025,387,18,7,1,25.04177,121.58735,9
500111070,20231025,388,18,7,1,25.04177,121.58735,9
500111070,20231025,389,18,7,1,25.04177,121.58735,9
500111070,20231025,390,18,7,1,25.04177,121.58735,9
500111070,20231025,391,18,7,1,25.04177,121.58735,9
500111070,20231025,392,18,7,1,25.04177,121.58735,9
500111070,20231025,393,18,7,1,25.04177,121.58735,9
500111070,20231025,394,18,7,1,25.04177,121.58735,9
500111070,20231025,395,18,7,1,25.04177,121.58735,9
500111070,20231025,396,18,7,1,25.04177,121.58735,9
500111070,20231025,397,18,7,1,25.04177,121.58735,9
500111070,20231025,399,18,7,1,25.04177,121.58735,9
500111070,20231025,400,18,8,1,25.04177,121.58735,8
500111070,20231025,401,18,8,1,25.04177,121.58735,8
500111070,20231025,402,18,8,1,25.04177,121.58735,8
500111070,20231025,403,18,8,1,25.04177,121.58735,8
500111070,20231025,404,18,8,1,25.04177,121.58735,8
500111070,20231025,405,18,8,1,25.04177,121.58735,8
500111070,20231025,406,18,9,1,25.04177,121.58735,7
500111070,20231025,407,18,10,1,25.04177,121.58735,6
500111070,20231025,408,18,10,1,25.04177,121.58735,6
500111070,20231025,409,18,10,1,25.04177,121.58735,6
500111070,20231025,410,18,10,1,25.04177,121.58735,6
500111070,20231025,411,18,10,1,25.04177,121.58735,6
500111070,20231025,412,18,10,1,25.04177,121.58735,6
500111070,20231025,413,18,10,1,25.04177,121.58735,6
500111070,20231025,414,18,10,1,25.04177,121.58735,6
500111070,20231025,415,18,10,1,25.04177,121.58735,6
500111070,20231025,416,18,11,1,25.04177,121.58735,5
500111070,20231025,417,18,11,1,25.04177,121.58735,5
500111070,20231025,418,18,11,1,25.04177,121.58735,5
500111070,20231025,419,18,11,1,25.04177,121.58735,5
500111070,20231025,421,18,11,1,25.04177,121.58735,5
500111070,20231025,422,18,11,1,25.04177,121.58735,5
500111070,20231025,423,18,11,1,25.04177,121.58735,5
500111070,20231025,425,18,12,1,25.04177,121.58735,4
500111070,20231025,426,18,12,1,25.04177,121.58735,4
500111070,20231025,427,18,12,1,25.04177,121.58735,4
500111070,20231025,428,18,13,1,25.04177,121.58735,3
500111070,20231025,429,18,14,1,25.04177,121.58735,2
500111070,20231025,430,18,15,1,25.04177,121.58735,1
500111070,20231025,431,18,15,1,25.04177,121.58735,1
500111070,20231025,432,18,15,1,25.04177,121.58735,1
500111070,20231025,433,18,15,1,25.04177,121.58735,1
500111070,20231025,434,18,15,1,25.04177,121.58735,1
500111070,20231025,435,18,15,1,25.04177,121.58735,1
500111070,20231025,436,18,15,1,25.04177,121.58735,1
500111070,20231025,437,18,14,1,25.04177,121.58735,2
500111070,20231025,438,18,14,1,25.04177,121.58735,2
500111070,20231025,439,18,14,1,25.04177,121.58735,2
500111070,20231025,441,18,14,1,25.04177,121.58735,2
500111070,20231025,442,18,14,1,25.04177,121.58735,2
500111070,20231025,443,18,14,1,25.04177,121.58735,2
500111070,20231025,444,18,14,1,25.04177,121.58735,2
500111070,20231025,445,18,15,1,25.04177,121.58735,1
500111070,20231025,446,18,14,1,25.04177,121.58735,2
500111070,20231025,447,18,14,1,25.04177,121.58735,2
500111070,20231025,448,18,14,1,25.04177,121.58735,2
500111070,20231025,449,18,14,1,25.04177,121.58735,2
500111070,20231025,451,18,16,1,25.04177,121.58735,0
500111070,20231025,452,18,16,1,25.04177,121.58735,0
500111070,20231025,453,18,16,1,25.04177,121.58735,0
500111070,20231025,454,18,16,1,25.04177,121.58735,0
500111070,20231025,455,18,16,1,25.04177,121.58735,0
500111070,20231025,456,18,16,1,25.04177,121.58735,0
500111070,20231025,457,18,16,1,25.04177,121.58735,0
500111070,20231025,458,18,16,1,25.04177,121.58735,0
500111070,20231025,459,18,16,1,25.04177,121.58735,0
500111070,20231025,460,18,16,1,25.04177,121.58735,0
500111070,20231025,461,18,12,1,25.04177,121.58735,4
500111070,20231025,462,18,10,1,25.04177,121.58735,6
500111070,20231025,463,18,7,1,25.04177,121.58735,9
500111070,20231025,464,18,4,1,25.04177,121.58735,12
500111070,20231025,465,18,1,1,25.04177,121.58735,15
500111070,20231025,466,18,1,1,25.04177,121.58735,15
500111070,20231025,467,18,1,1,25.04177,121.58735,15
500111070,20231025,468,18,2,1,25.04177,121.58735,14
500111070,20231025,469,18,2,1,25.04177,121.58735,14
500111070,20231025,470,18,3,1,25.04177,121.58735,13
500111070,20231025,471,18,3,1,25.04177,121.58735,13
500111070,20231025,472,18,3,1,25.04177,121.58735,13
500111070,20231025,473,18,5,1,25.04177,121.58735,11
500111070,20231025,474,18,5,1,25.04177,121.58735,11
500111070,20231025,475,18,5,1,25.04177,121.58735,11
500111070,20231025,476,18,5,1,25.04177,121.58735,11
500111070,20231025,477,18,5,1,25.04177,121.58735,11
500111070,20231025,478,18,5,1,25.04177,121.58735,11
500111070,20231025,479,18,5,1,25.04177,121.58735,11
500111070,20231025,481,18,6,1,25.04177,121.58735,10
500111070,20231025,482,18,6,1,25.04177,121.58735,10
500111070,20231025,483,18,6,1,25.04177,121.58735,10
500111070,20231025,484,18,7,1,25.04177,121.58735,9
500111070,20231025,485,18,7,1,25.04177,121.58735,9
500111070,20231025,486,18,9,1,25.04177,121.58735,7
500111070,20231025,487,18,9,1,25.04177,121.58735,7
500111070,20231025,488,18,9,1,25.04177,121.58735,7
500111070,20231025,489,18,10,1,25.04177,121.58735,6
500111070,20231025,490,18,10,1,25.04177,121.58735,6
500111070,20231025,491,18,10,1,25.04177,121.58735,6
500111070,20231025,492,18,10,1,25.04177,121.58735,6
500111070,20231025,493,18,11,1,25.04177,121.58735,5
500111070,20231025,494,18,11,1,25.04177,121.58735,5
500111070,20231025,495,18,11,1,25.04177,121.58735,5
500111070,20231025,496,18,12,1,25.04177,121.58735,4
500111070,20231025,497,18,12,1,25.04177,121.58735,4
500111070,20231025,498,18,10,1,25.04177,121.58735,6
500111070,20231025,499,18,10,1,25.04177,121.58735,6
500111070,20231025,501,18,14,1,25.04177,121.58735,2
500111070,20231025,502,18,14,1,25.04177,121.58735,2
500111070,20231025,503,18,15,1,25.04177,121.58735,1
500111070,20231025,504,18,16,1,25.04177,121.58735,0
500111070,20231025,505,18,16,1,25.04177,121.58735,0
500111070,20231025,506,18,16,1,25.04177,121.58735,0
500111070,20231025,507,18,16,1,25.04177,121.58735,0
500111070,20231025,508,18,16,1,25.04177,121.58735,0
500111070,20231025,509,18,16,1,25.04177,121.58735,0
500111070,20231025,511,18,16,1,25.04177,121.58735,0
500111070,20231025,512,18,16,1,25.04177,121.58735,0
500111070,20231025,513,18,15,1,25.04177,121.58735,1
500111070,20231025,514,18,15,1,25.04177,121.58735,1
500111070,20231025,515,18,15,1,25.04177,121.58735,1
500111070,20231025,516,18,15,1,25.04177,121.58735,1
500111070,20231025,517,18,16,1,25.04177,121.58735,0
500111070,20231025,518,18,16,1,25.04177,121.58735,0
500111070,20231025,519,18,16,1,25.04177,121.58735,0
500111070,20231025,520,18,16,1,25.04177,121.58735,0
500111070,20231025,521,18,16,1,25.04177,121.58735,0
500111070,20231025,522,18,16,1,25.04177,121.58735,0
500111070,20231025,523,18,16,1,25.04177,121.58735,0
500111070,20231025,524,18,15,1,25.04177,121.58735,1
500111070,20231025,525,18,15,1,25.04177,121.58735,1
500111070,20231025,526,18,16,1,25.04177,121.58735,0
500111070,20231025,527,18,16,1,25.04177,121.58735,0
500111070,20231025,528,18,16,1,25.04177,121.58735,0
500111070,20231025,529,18,16,1,25.04177,121.58735,0
500111070,20231025,530,18,16,1,25.04177,121.58735,0
500111070,20231025,531,18,16,1,25.04177,121.58735,0
500111070,20231025,532,18,16,1,25.04177,121.58735,0
500111070,20231025,533,18,16,1,25.04177,121.58735,0
500111070,20231025,534,18,16,1,25.04177,121.58735,0
500111070,20231025,535,18,16,1,25.04177,121.58735,0
500111070,20231025,536,18,16,1,25.04177,121.58735,0
500111070,20231025,537,18,16,1,25.04177,121.58735,0
500111070,20231025,538,18,16,1,25.04177,121.58735,0
500111070,20231025,539,18,16,1,25.04177,121.58735,0
500111070,20231025,541,18,16,1,25.04177,121.58735,0
500111070,20231025,542,18,16,1,25.04177,121.58735,0
500111070,20231025,543,18,13,1,25.04177,121.58735,3
500111070,20231025,544,18,14,1,25.04177,121.58735,2
500111070,20231025,545,18,15,1,25.04177,121.58735,1
500111070,20231025,546,18,15,1,25.04177,121.58735,1
500111070,20231025,547,18,15,1,25.04177,121.58735,1
500111070,20231025,548,18,15,1,25.04177,121.58735,1
500111070,20231025,549,18,15,1,25.04177,121.58735,1
500111070,20231025,550,18,15,1,25.04177,121.58735,1
500111070,20231025,551,18,15,1,25.04177,121.58735,1
500111070,20231025,552,18,15,1,25.04177,121.58735,1
500111070,20231025,553,18,15,1,25.04177,121.58735,1
500111070,20231025,554,18,15,1,25.04177,121.58735,1
500111070,20231025,555,18,15,1,25.04177,121.58735,1
500111070,20231025,556,18,15,1,25.04177,121.58735,1
500111070,20231025,557,18,15,1,25.04177,121.58735,1
500111070,20231025,558,18,15,1,25.04177,121.58735,1
500111070,20231025,559,18,16,1,25.04177,121.58735,0
500111070,20231025,561,18,16,1,25.04177,121.58735,0
500111070,20231025,562,18,16,1,25.04177,121.58735,0
500111070,20231025,563,18,16,1,25.04177,121.58735,0
500111070,20231025,564,18,16,1,25.04177,121.58735,0
500111070,20231025,565,18,16,1,25.04177,121.58735,0
500111070,20231025,566,18,16,1,25.04177,121.58735,0
500111070,20231025,567,18,15,1,25.04177,121.58735,1
500111070,20231025,568,18,15,1,25.04177,121.58735,1
500111070,20231025,569,18,16,1,25.04177,121.58735,0
500111070,20231025,571,18,16,1,25.04177,121.58735,0
500111070,20231025,572,18,16,1,25.04177,121.58735,0
500111070,20231025,573,18,16,1,25.04177,121.58735,0
500111070,20231025,574,18,16,1,25.04177,121.58735,0
500111070,20231025,575,18,16,1,25.04177,121.58735,0
500111070,20231025,576,18,16,1,25.04177,121.58735,0
500111070,20231025,577,18,16,1,25.04177,121.58735,0
500111070,20231025,578,18,16,1,25.04177,121.58735,0
500111070,20231025,579,18,16,1,25.04177,121.58735,0
500111070,20231025,580,18,16,1,25.04177,121.58735,0
500111070,20231025,581,18,16,1,25.04177,121.58735,0
500111070,20231025,582,18,16,1,25.04177,121.58735,0
500111070,20231025,583,18,16,1,25.04177,121.58735,0
500111070,20231025,584,18,16,1,25.04177,121.58735,0
500111070,20231025,585,18,16,1,25.04177,121.58735,0
500111070,20231025,586,18,16,1,25.04177,121.58735,0
500111070,20231025,587,18,16,1,25.04177,121.58735,0
500111070,20231025,588,18,16,1,25.04177,121.58735,0
500111070,20231025,589,18,16,1,25.04177,121.58735,0
500111070,20231025,590,18,16,1,25.04177,121.58735,0
500111070,20231025,591,18,16,1,25.04177,121.58735,0
500111070,20231025,592,18,16,1,25.04177,121.58735,0
500111070,20231025,593,18,16,1,25.04177,121.58735,0
500111070,20231025,594,18,16,1,25.04177,121.58735,0
500111070,20231025,595,18,16,1,25.04177,121.58735,0
500111070,20231025,596,18,16,1,25.04177,121.58735,0
500111070,20231025,597,18,16,1,25.04177,121.58735,0
500111070,20231025,598,18,16,1,25.04177,121.58735,0
500111070,20231025,599,18,16,1,25.04177,121.58735,0
500111070,20231025,601,18,16,1,25.04177,121.58735,0
500111070,20231025,602,18,16,1,25.04177,121.58735,0
500111070,20231025,603,18,16,1,25.04177,121.58735,0
500111070,20231025,604,18,16,1,25.04177,121.58735,0
500111070,20231025,605,18,16,1,25.04177,121.58735,0
500111070,20231025,606,18,16,1,25.04177,121.58735,0
500111070,20231025,607,18,16,1,25.04177,121.58735,0
500111070,20231025,608,18,16,1,25.04177,121.58735,0
500111070,20231025,609,18,16,1,25.04177,121.58735,0
500111070,20231025,610,18,16,1,25.04177,121.58735,0
500111070,20231025,611,18,16,1,25.04177,121.58735,0
500111070,20231025,612,18,16,1,25.04177,121.58735,0
500111070,20231025,613,18,16,1,25.04177,121.58735,0
500111070,20231025,614,18,16,1,25.04177,121.58735,0
500111070,20231025,615,18,16,1,25.04177,121.58735,0
500111070,20231025,616,18,16,1,25.04177,121.58735,0
500111070,20231025,617,18,16,1,25.04177,121.58735,0
500111070,20231025,618,18,16,1,25.04177,121.58735,0
500111070,20231025,619,18,16,1,25.04177,121.58735,0
500111070,20231025,621,18,16,1,25.04177,121.58735,0
500111070,20231025,622,18,16,1,25.04177,121.58735,0
500111070,20231025,623,18,16,1,25.04177,121.58735,0
500111070,20231025,624,18,16,1,25.04177,121.58735,0
500111070,20231025,625,18,16,1,25.04177,121.58735,0
500111070,20231025,626,18,16,1,25.04177,121.58735,0
500111070,20231025,627,18,16,1,25.04177,121.58735,0
500111070,20231025,628,18,16,1,25.04177,121.58735,0
500111070,20231025,629,18,15,1,25.04177,121.58735,1
500111070,20231025,631,18,15,1,25.04177,121.58735,1
500111070,20231025,632,18,16,1,25.04177,121.58735,0
500111070,20231025,633,18,16,1,25.04177,121.58735,0
500111070,20231025,634,18,16,1,25.04177,121.58735,0
500111070,20231025,635,18,16,1,25.04177,121.58735,0
500111070,20231025,636,18,15,1,25.04177,121.58735,1
500111070,20231025,637,18,15,1,25.04177,121.58735,1
500111070,20231025,638,18,15,1,25.04177,121.58735,1
500111070,20231025,639,18,15,1,25.04177,121.58735,1
500111070,20231025,640,18,16,1,25.04177,121.58735,0
500111070,20231025,641,18,15,1,25.04177,121.58735,1
500111070,20231025,642,18,15,1,25.04177,121.58735,1
500111070,20231025,643,18,15,1,25.04177,121.58735,1
500111070,20231025,644,18,15,1,25.04177,121.58735,1
500111070,20231025,645,18,15,1,25.04177,121.58735,1
500111070,20231025,646,18,15,1,25.04177,121.58735,1
500111070,20231025,647,18,15,1,25.04177,121.58735,1
500111070,20231025,648,18,15,1,25.04177,121.58735,1
500111070,20231025,649,18,15,1,25.04177,121.58735,1
500111070,20231025,650,18,15,1,25.04177,121.58735,1
500111070,20231025,651,18,15,1,25.04177,121.58735,1
500111070,20231025,652,18,15,1,25.04177,121.58735,1
500111070,20231025,653,18,15,1,25.04177,121.58735,1
500111070,20231025,654,18,14,1,25.04177,121.58735,2
500111070,20231025,655,18,14,1,25.04177,121.58735,2
500111070,20231025,656,18,14,1,25.04177,121.58735,2
500111070,20231025,657,18,14,1,25.04177,121.58735,2
500111070,20231025,658,18,14,1,25.04177,121.58735,2
500111070,20231025,659,18,14,1,25.04177,121.58735,2
500111070,20231025,661,18,14,1,25.04177,121.58735,2
500111070,20231025,662,18,14,1,25.04177,121.58735,2
500111070,20231025,663,18,14,1,25.04177,121.58735,2
500111070,20231025,664,18,14,1,25.04177,121.58735,2
500111070,20231025,665,18,14,1,25.04177,121.58735,2
500111070,20231025,667,18,14,1,25.04177,121.58735,2
500111070,20231025,668,18,14,1,25.04177,121.58735,2
500111070,20231025,669,18,14,1,25.04177,121.58735,2
500111070,20231025,670,18,14,1,25.04177,121.58735,2
500111070,20231025,671,18,14,1,25.04177,121.58735,2
500111070,20231025,672,18,15,1,25.04177,121.58735,1
500111070,20231025,673,18,15,1,25.04177,121.58735,1
500111070,20231025,674,18,16,1,25.04177,121.58735,0
500111070,20231025,675,18,16,1,25.04177,121.58735,0
500111070,20231025,676,18,16,1,25.04177,121.58735,0
500111070,20231025,677,18,16,1,25.04177,121.58735,0
500111070,20231025,678,18,16,1,25.04177,121.58735,0
500111070,20231025,679,18,16,1,25.04177,121.58735,0
500111070,20231025,681,18,16,1,25.04177,121.58735,0
500111070,20231025,682,18,16,1,25.04177,121.58735,0
500111070,20231025,683,18,16,1,25.04177,121.58735,0
500111070,20231025,684,18,16,1,25.04177,121.58735,0
500111070,20231025,685,18,16,1,25.04177,121.58735,0
500111070,20231025,686,18,16,1,25.04177,121.58735,0
500111070,20231025,687,18,16,1,25.04177,121.58735,0
500111070,20231025,688,18,16,1,25.04177,121.58735,0
500111070,20231025,689,18,16,1,25.04177,121.58735,0
500111070,20231025,690,18,16,1,25.04177,121.58735,0
500111070,20231025,691,18,16,1,25.04177,121.58735,0
500111070,20231025,692,18,16,1,25.04177,121.58735,0
500111070,20231025,693,18,16,1,25.04177,121.58735,0
500111070,20231025,694,18,15,1,25.04177,121.58735,1
500111070,20231025,695,18,15,1,25.04177,121.58735,1
500111070,20231025,696,18,15,1,25.04177,121.58735,1
500111070,20231025,697,18,15,1,25.04177,121.58735,1
500111070,20231025,698,18,15,1,25.04177,121.58735,1
500111070,20231025,699,18,15,1,25.04177,121.58735,1
500111070,20231025,700,18,15,1,25.04177,121.58735,1
500111070,20231025,701,18,15,1,25.04177,121.58735,1
500111070,20231025,702,18,15,1,25.04177,121.58735,1
500111070,20231025,703,18,15,1,25.04177,121.58735,1
500111070,20231025,704,18,15,1,25.04177,121.58735,1
500111070,20231025,705,18,15,1,25.04177,121.58735,1
500111070,20231025,706,18,15,1,25.04177,121.58735,1
500111070,20231025,707,18,15,1,25.04177,121.58735,1
500111070,20231025,708,18,15,1,25.04177,121.58735,1
500111070,20231025,709,18,15,1,25.04177,121.58735,1
500111070,20231025,710,18,15,1,25.04177,121.58735,1
500111070,20231025,711,18,15,1,25.04177,121.58735,1
500111070,20231025,712,18,15,1,25.04177,121.58735,1
500111070,20231025,713,18,16,1,25.04177,121.58735,0
500111070,20231025,714,18,16,1,25.04177,121.58735,0
500111070,20231025,715,18,16,1,25.04177,121.58735,0
500111070,20231025,716,18,16,1,25.04177,121.58735,0
500111070,20231025,717,18,16,1,25.04177,121.58735,0
500111070,20231025,718,18,16,1,25.04177,121.58735,0
500111070,20231025,719,18,16,1,25.04177,121.58735,0
500111070,20231025,721,18,16,1,25.04177,121.58735,0
500111070,20231025,722,18,16,1,25.04177,121.58735,0
500111070,20231025,723,18,16,1,25.04177,121.58735,0
500111070,20231025,724,18,16,1,25.04177,121.58735,0
500111070,20231025,725,18,16,1,25.04177,121.58735,0
500111070,20231025,726,18,16,1,25.04177,121.58735,0
500111070,20231025,727,18,16,1,25.04177,121.58735,0
500111070,20231025,728,18,16,1,25.04177,121.58735,0
500111070,20231025,729,18,16,1,25.04177,121.58735,0
500111070,20231025,730,18,16,1,25.04177,121.58735,0
500111070,20231025,731,18,16,1,25.04177,121.58735,0
500111070,20231025,732,18,16,1,25.04177,121.58735,0
500111070,20231025,733,18,16,1,25.04177,121.58735,0
500111070,20231025,734,18,15,1,25.04177,121.58735,1
500111070,20231025,735,18,15,1,25.04177,121.58735,1
500111070,20231025,736,18,15,1,25.04177,121.58735,1
500111070,20231025,737,18,15,1,25.04177,121.58735,1
500111070,20231025,738,18,15,1,25.04177,121.58735,1
500111070,20231025,739,18,15,1,25.04177,121.58735,1
500111070,20231025,741,18,15,1,25.04177,121.58735,1
500111070,20231025,742,18,15,1,25.04177,121.58735,1
500111070,20231025,743,18,15,1,25.04177,121.58735,1
500111070,20231025,744,18,16,1,25.04177,121.58735,0
500111070,20231025,745,18,16,1,25.04177,121.58735,0
500111070,20231025,746,18,16,1,25.04177,121.58735,0
500111070,20231025,747,18,16,1,25.04177,121.58735,0
500111070,20231025,748,18,16,1,25.04177,121.58735,0
500111070,20231025,749,18,16,1,25.04177,121.58735,0
500111070,20231025,751,18,16,1,25.04177,121.58735,0
500111070,20231025,752,18,16,1,25.04177,121.58735,0
500111070,20231025,753,18,16,1,25.04177,121.58735,0
500111070,20231025,754,18,16,1,25.04177,121.58735,0
500111070,20231025,755,18,16,1,25.04177,121.58735,0
500111070,20231025,756,18,16,1,25.04177,121.58735,0
500111070,20231025,757,18,16,1,25.04177,121.58735,0
500111070,20231025,758,18,16,1,25.04177,121.58735,0
500111070,20231025,759,18,16,1,25.04177,121.58735,0
500111070,20231025,760,18,16,1,25.04177,121.58735,0
500111070,20231025,761,18,16,1,25.04177,121.58735,0
500111070,20231025,762,18,16,1,25.04177,121.58735,0
500111070,20231025,763,18,16,1,25.04177,121.58735,0
500111070,20231025,764,18,16,1,25.04177,121.58735,0
500111070,20231025,765,18,16,1,25.04177,121.58735,0
500111070,20231025,766,18,16,1,25.04177,121.58735,0
500111070,20231025,767,18,16,1,25.04177,121.58735,0
500111070,20231025,768,18,16,1,25.04177,121.58735,0
500111070,20231025,769,18,15,1,25.04177,121.58735,1
500111070,20231025,770,18,15,1,25.04177,121.58735,1
500111070,20231025,771,18,15,1,25.04177,121.58735,1
500111070,20231025,772,18,15,1,25.04177,121.58735,1
500111070,20231025,773,18,15,1,25.04177,121.58735,1
500111070,20231025,774,18,15,1,25.04177,121.58735,1
500111070,20231025,775,18,15,1,25.04177,121.58735,1
500111070,20231025,776,18,15,1,25.04177,121.58735,1
500111070,20231025,777,18,15,1,25.04177,121.58735,1
500111070,20231025,778,18,15,1,25.04177,121.58735,1
500111070,20231025,779,18,15,1,25.04177,121.58735,1
500111070,20231025,781,18,15,1,25.04177,121.58735,1
500111070,20231025,782,18,15,1,25.04177,121.58735,1
500111070,20231025,783,18,15,1,25.04177,121.58735,1
500111070,20231025,784,18,15,1,25.04177,121.58735,1
500111070,20231025,785,18,15,1,25.04177,121.58735,1
500111070,20231025,786,18,15,1,25.04177,121.58735,1
500111070,20231025,787,18,15,1,25.04177,121.58735,1
500111070,20231025,788,18,15,1,25.04177,121.58735,1
500111070,20231025,789,18,15,1,25.04177,121.58735,1
500111070,20231025,790,18,15,1,25.04177,121.58735,1
500111070,20231025,791,18,15,1,25.04177,121.58735,1
500111070,20231025,792,18,15,1,25.04177,121.58735,1
500111070,20231025,793,18,15,1,25.04177,121.58735,1
500111070,20231025,794,18,15,1,25.04177,121.58735,1
500111070,20231025,795,18,15,1,25.04177,121.58735,1
500111070,20231025,796,18,15,1,25.04177,121.58735,1
500111070,20231025,797,18,15,1,25.04177,121.58735,1
500111070,20231025,798,18,14,1,25.04177,121.58735,2
500111070,20231025,799,18,14,1,25.04177,121.58735,2
500111070,20231025,801,18,13,1,25.04177,121.58735,3
500111070,20231025,802,18,13,1,25.04177,121.58735,3
500111070,20231025,803,18,13,1,25.04177,121.58735,3
500111070,20231025,804,18,13,1,25.04177,121.58735,3
500111070,20231025,805,18,13,1,25.04177,121.58735,3
500111070,20231025,806,18,13,1,25.04177,121.58735,3
500111070,20231025,807,18,13,1,25.04177,121.58735,3
500111070,20231025,808,18,13,1,25.04177,121.58735,3
500111070,20231025,809,18,13,1,25.04177,121.58735,3
500111070,20231025,811,18,13,1,25.04177,121.58735,3
500111070,20231025,812,18,12,1,25.04177,121.58735,4
500111070,20231025,813,18,12,1,25.04177,121.58735,4
500111070,20231025,814,18,12,1,25.04177,121.58735,4
500111070,20231025,815,18,12,1,25.04177,121.58735,4
500111070,20231025,816,18,12,1,25.04177,121.58735,4
500111070,20231025,817,18,14,1,25.04177,121.58735,2
500111070,20231025,818,18,14,1,25.04177,121.58735,2
500111070,20231025,819,18,15,1,25.04177,121.58735,1
500111070,20231025,820,18,15,1,25.04177,121.58735,1
500111070,20231025,821,18,15,1,25.04177,121.58735,1
500111070,20231025,822,18,15,1,25.04177,121.58735,1
500111070,20231025,823,18,15,1,25.04177,121.58735,1
500111070,20231025,824,18,15,1,25.04177,121.58735,1
500111070,20231025,825,18,16,1,25.04177,121.58735,0
500111070,20231025,826,18,16,1,25.04177,121.58735,0
500111070,20231025,827,18,16,1,25.04177,121.58735,0
500111070,20231025,828,18,16,1,25.04177,121.58735,0
500111070,20231025,829,18,16,1,25.04177,121.58735,0
500111070,20231025,830,18,15,1,25.04177,121.58735,1
500111070,20231025,831,18,15,1,25.04177,121.58735,1
500111070,20231025,832,18,15,1,25.04177,121.58735,1
500111070,20231025,833,18,15,1,25.04177,121.58735,1
500111070,20231025,834,18,15,1,25.04177,121.58735,1
500111070,20231025,835,18,15,1,25.04177,121.58735,1
500111070,20231025,836,18,16,1,25.04177,121.58735,0
500111070,20231025,837,18,16,1,25.04177,121.58735,0
500111070,20231025,838,18,15,1,25.04177,121.58735,1
500111070,20231025,839,18,14,1,25.04177,121.58735,2
500111070,20231025,841,18,14,1,25.04177,121.58735,2
500111070,20231025,842,18,15,1,25.04177,121.58735,1
500111070,20231025,843,18,15,1,25.04177,121.58735,1
500111070,20231025,844,18,15,1,25.04177,121.58735,1
500111070,20231025,845,18,15,1,25.04177,121.58735,1
500111070,20231025,846,18,13,1,25.04177,121.58735,3
500111070,20231025,847,18,13,1,25.04177,121.58735,3
500111070,20231025,848,18,13,1,25.04177,121.58735,3
500111070,20231025,849,18,14,1,25.04177,121.58735,2
500111070,20231025,850,18,15,1,25.04177,121.58735,1
500111070,20231025,851,18,15,1,25.04177,121.58735,1
500111070,20231025,852,18,15,1,25.04177,121.58735,1
500111070,20231025,853,18,15,1,25.04177,121.58735,1
500111070,20231025,854,18,15,1,25.04177,121.58735,1
500111070,20231025,855,18,15,1,25.04177,121.58735,1
500111070,20231025,856,18,15,1,25.04177,121.58735,1
500111070,20231025,857,18,15,1,25.04177,121.58735,1
500111070,20231025,858,18,15,1,25.04177,121.58735,1
500111070,20231025,859,18,16,1,25.04177,121.58735,0
500111070,20231025,861,18,16,1,25.04177,121.58735,0
500111070,20231025,862,18,16,1,25.04177,121.58735,0
500111070,20231025,863,18,16,1,25.04177,121.58735,0
500111070,20231025,864,18,16,1,25.04177,121.58735,0
500111070,20231025,865,18,16,1,25.04177,121.58735,0
500111070,20231025,866,18,16,1,25.04177,121.58735,0
500111070,20231025,867,18,16,1,25.04177,121.58735,0
500111070,20231025,868,18,16,1,25.04177,121.58735,0
500111070,20231025,869,18,16,1,25.04177,121.58735,0
500111070,20231025,870,18,16,1,25.04177,121.58735,0
500111070,20231025,871,18,16,1,25.04177,121.58735,0
500111070,20231025,872,18,16,1,25.04177,121.58735,0
500111070,20231025,874,18,16,1,25.04177,121.58735,0
500111070,20231025,875,18,16,1,25.04177,121.58735,0
500111070,20231025,876,18,16,1,25.04177,121.58735,0
500111070,20231025,877,18,16,1,25.04177,121.58735,0
500111070,20231025,878,18,16,1,25.04177,121.58735,0
500111070,20231025,879,18,16,1,25.04177,121.58735,0
500111070,20231025,880,18,16,1,25.04177,121.58735,0
500111070,20231025,881,18,16,1,25.04177,121.58735,0
500111070,20231025,882,18,16,1,25.04177,121.58735,0
500111070,20231025,883,18,16,1,25.04177,121.58735,0
500111070,20231025,884,18,16,1,25.04177,121.58735,0
500111070,20231025,885,18,16,1,25.04177,121.58735,0
500111070,20231025,886,18,16,1,25.04177,121.58735,0
500111070,20231025,887,18,16,1,25.04177,121.58735,0
500111070,20231025,888,18,16,1,25.04177,121.58735,0
500111070,20231025,889,18,16,1,25.04177,121.58735,0
500111070,20231025,890,18,16,1,25.04177,121.58735,0
500111070,20231025,891,18,16,1,25.04177,121.58735,0
500111070,20231025,892,18,15,1,25.04177,121.58735,1
500111070,20231025,893,18,15,1,25.04177,121.58735,1
500111070,20231025,894,18,15,1,25.04177,121.58735,1
500111070,20231025,895,18,15,1,25.04177,121.58735,1
500111070,20231025,896,18,15,1,25.04177,121.58735,1
500111070,20231025,897,18,15,1,25.04177,121.58735,1
500111070,20231025,898,18,15,1,25.04177,121.58735,1
500111070,20231025,899,18,15,1,25.04177,121.58735,1
500111070,20231025,901,18,15,1,25.04177,121.58735,1
500111070,20231025,902,18,15,1,25.04177,121.58735,1
500111070,20231025,907,18,15,1,25.04177,121.58735,1
500111070,20231025,908,18,15,1,25.04177,121.58735,1
500111070,20231025,909,18,15,1,25.04177,121.58735,1
500111070,20231025,910,18,15,1,25.04177,121.58735,1
500111070,20231025,911,18,15,1,25.04177,121.58735,1
500111070,20231025,912,18,15,1,25.04177,121.58735,1
500111070,20231025,913,18,15,1,25.04177,121.58735,1
500111070,20231025,914,18,15,1,25.04177,121.58735,1
500111070,20231025,915,18,15,1,25.04177,121.58735,1
500111070,20231025,916,18,15,1,25.04177,121.58735,1
500111070,20231025,917,18,15,1,25.04177,121.58735,1
500111070,20231025,918,18,16,1,25.04177,121.58735,0
500111070,20231025,919,18,16,1,25.04177,121.58735,0
500111070,20231025,921,18,15,1,25.04177,121.58735,1
500111070,20231025,922,18,15,1,25.04177,121.58735,1
500111070,20231025,923,18,15,1,25.04177,121.58735,1
500111070,20231025,924,18,15,1,25.04177,121.58735,1
500111070,20231025,925,18,15,1,25.04177,121.58735,1
500111070,20231025,926,18,15,1,25.04177,121.58735,1
500111070,20231025,927,18,15,1,25.04177,121.58735,1
500111070,20231025,928,18,16,1,25.04177,121.58735,0
500111070,20231025,929,18,16,1,25.04177,121.58735,0
500111070,20231025,931,18,16,1,25.04177,121.58735,0
500111070,20231025,932,18,16,1,25.04177,121.58735,0
500111070,20231025,933,18,16,1,25.04177,121.58735,0
500111070,20231025,934,18,16,1,25.04177,121.58735,0
500111070,20231025,935,18,16,1,25.04177,121.58735,0
500111070,20231025,936,18,16,1,25.04177,121.58735,0
500111070,20231025,937,18,16,1,25.04177,121.58735,0
500111070,20231025,938,18,16,1,25.04177,121.58735,0
500111070,20231025,939,18,16,1,25.04177,121.58735,0
500111070,20231025,940,18,16,1,25.04177,121.58735,0
500111070,20231025,941,18,16,1,25.04177,121.58735,0
500111070,20231025,942,18,16,1,25.04177,121.58735,0
500111070,20231025,943,18,16,1,25.04177,121.58735,0
500111070,20231025,944,18,15,1,25.04177,121.58735,1
500111070,20231025,945,18,15,1,25.04177,121.58735,1
500111070,20231025,946,18,15,1,25.04177,121.58735,1
500111070,20231025,947,18,15,1,25.04177,121.58735,1
500111070,20231025,948,18,15,1,25.04177,121.58735,1
500111070,20231025,949,18,15,1,25.04177,121.58735,1
500111070,20231025,950,18,15,1,25.04177,121.58735,1
500111070,20231025,951,18,16,1,25.04177,121.58735,0
500111070,20231025,952,18,16,1,25.04177,121.58735,0
500111070,20231025,953,18,16,1,25.04177,121.58735,0
500111070,20231025,954,18,16,1,25.04177,121.58735,0
500111070,20231025,955,18,16,1,25.04177,121.58735,0
500111070,20231025,956,18,15,1,25.04177,121.58735,1
500111070,20231025,957,18,15,1,25.04177,121.58735,1
500111070,20231025,958,18,15,1,25.04177,121.58735,1
500111070,20231025,959,18,15,1,25.04177,121.58735,1
500111070,20231025,961,18,15,1,25.04177,121.58735,1
500111070,20231025,962,18,15,1,25.04177,121.58735,1
500111070,20231025,963,18,15,1,25.04177,121.58735,1
500111070,20231025,964,18,15,1,25.04177,121.58735,1
500111070,20231025,965,18,15,1,25.04177,121.58735,1
500111070,20231025,966,18,15,1,25.04177,121.58735,1
500111070,20231025,967,18,15,1,25.04177,121.58735,1
500111070,20231025,968,18,15,1,25.04177,121.58735,1
500111070,20231025,969,18,15,1,25.04177,121.58735,1
500111070,20231025,970,18,15,1,25.04177,121.58735,1
500111070,20231025,971,18,15,1,25.04177,121.58735,1
500111070,20231025,972,18,15,1,25.04177,121.58735,1
500111070,20231025,973,18,15,1,25.04177,121.58735,1
500111070,20231025,974,18,15,1,25.04177,121.58735,1
500111070,20231025,975,18,15,1,25.04177,121.58735,1
500111070,20231025,976,18,15,1,25.04177,121.58735,1
500111070,20231025,977,18,16,1,25.04177,121.58735,0
500111070,20231025,978,18,16,1,25.04177,121.58735,0
500111070,20231025,979,18,16,1,25.04177,121.58735,0
500111070,20231025,981,18,16,1,25.04177,121.58735,0
500111070,20231025,982,18,16,1,25.04177,121.58735,0
500111070,20231025,983,18,16,1,25.04177,121.58735,0
500111070,20231025,984,18,16,1,25.04177,121.58735,0
500111070,20231025,985,18,16,1,25.04177,121.58735,0
500111070,20231025,986,18,16,1,25.04177,121.58735,0
500111070,20231025,987,18,16,1,25.04177,121.58735,0
500111070,20231025,988,18,16,1,25.04177,121.58735,0
500111070,20231025,989,18,16,1,25.04177,121.58735,0
500111070,20231025,991,18,16,1,25.04177,121.58735,0
500111070,20231025,992,18,16,1,25.04177,121.58735,0
500111070,20231025,993,18,16,1,25.04177,121.58735,0
500111070,20231025,994,18,16,1,25.04177,121.58735,0
500111070,20231025,995,18,16,1,25.04177,121.58735,0
500111070,20231025,996,18,16,1,25.04177,121.58735,0
500111070,20231025,997,18,16,1,25.04177,121.58735,0
500111070,20231025,998,18,16,1,25.04177,121.58735,0
500111070,20231025,999,18,16,1,25.04177,121.58735,0
500111070,20231025,1000,18,16,1,25.04177,121.58735,0
500111070,20231025,1001,18,16,1,25.04177,121.58735,0
500111070,20231025,1002,18,15,1,25.04177,121.58735,1
500111070,20231025,1003,18,15,1,25.04177,121.58735,1
500111070,20231025,1004,18,15,1,25.04177,121.58735,1
500111070,20231025,1005,18,15,1,25.04177,121.58735,1
500111070,20231025,1006,18,15,1,25.04177,121.58735,1
500111070,20231025,1007,18,15,1,25.04177,121.58735,1
500111070,20231025,1008,18,15,1,25.04177,121.58735,1
500111070,20231025,1009,18,15,1,25.04177,121.58735,1
500111070,20231025,1010,18,15,1,25.04177,121.58735,1
500111070,20231025,1011,18,15,1,25.04177,121.58735,1
500111070,20231025,1012,18,15,1,25.04177,121.58735,1
500111070,20231025,1013,18,15,1,25.04177,121.58735,1
500111070,20231025,1014,18,15,1,25.04177,121.58735,1
500111070,20231025,1015,18,15,1,25.04177,121.58735,1
500111070,20231025,1016,18,15,1,25.04177,121.58735,1
500111070,20231025,1017,18,15,1,25.04177,121.58735,1
500111070,20231025,1018,18,15,1,25.04177,121.58735,1
500111070,20231025,1019,18,15,1,25.04177,121.58735,1
500111070,20231025,1021,18,14,1,25.04177,121.58735,2
500111070,20231025,1022,18,14,1,25.04177,121.58735,2
500111070,20231025,1023,18,14,1,25.04177,121.58735,2
500111070,20231025,1024,18,14,1,25.04177,121.58735,2
500111070,20231025,1025,18,14,1,25.04177,121.58735,2
500111070,20231025,1026,18,14,1,25.04177,121.58735,2
500111070,20231025,1027,18,13,1,25.04177,121.58735,3
500111070,20231025,1028,18,13,1,25.04177,121.58735,3
500111070,20231025,1029,18,13,1,25.04177,121.58735,3
500111070,20231025,1030,18,13,1,25.04177,121.58735,3
500111070,20231025,1031,18,13,1,25.04177,121.58735,3
500111070,20231025,1032,18,13,1,25.04177,121.58735,3
500111070,20231025,1033,18,13,1,25.04177,121.58735,3
500111070,20231025,1034,18,13,1,25.04177,121.58735,3
500111070,20231025,1035,18,13,1,25.04177,121.58735,3
500111070,20231025,1036,18,13,1,25.04177,121.58735,3
500111070,20231025,1037,18,14,1,25.04177,121.58735,2
500111070,20231025,1038,18,13,1,25.04177,121.58735,3
500111070,20231025,1039,18,13,1,25.04177,121.58735,3
500111070,20231025,1041,18,12,1,25.04177,121.58735,4
500111070,20231025,1042,18,12,1,25.04177,121.58735,4
500111070,20231025,1043,18,12,1,25.04177,121.58735,4
500111070,20231025,1044,18,12,1,25.04177,121.58735,4
500111070,20231025,1046,18,10,1,25.04177,121.58735,6
500111070,20231025,1047,18,10,1,25.04177,121.58735,6
500111070,20231025,1048,18,12,1,25.04177,121.58735,4
500111070,20231025,1049,18,11,1,25.04177,121.58735,5
500111070,20231025,1051,18,11,1,25.04177,121.58735,5
500111070,20231025,1052,18,11,1,25.04177,121.58735,5
500111070,20231025,1053,18,11,1,25.04177,121.58735,5
500111070,20231025,1054,18,11,1,25.04177,121.58735,5
500111070,20231025,1055,18,11,1,25.04177,121.58735,5
500111070,20231025,1056,18,11,1,25.04177,121.58735,5
500111070,20231025,1057,18,13,1,25.04177,121.58735,3
500111070,20231025,1058,18,13,1,25.04177,121.58735,3
500111070,20231025,1059,18,12,1,25.04177,121.58735,4
500111070,20231025,1061,18,12,1,25.04177,121.58735,4
500111070,20231025,1062,18,12,1,25.04177,121.58735,4
500111070,20231025,1063,18,12,1,25.04177,121.58735,4
500111070,20231025,1064,18,13,1,25.04177,121.58735,3
500111070,20231025,1065,18,14,1,25.04177,121.58735,2
500111070,20231025,1066,18,13,1,25.04177,121.58735,3
500111070,20231025,1067,18,13,1,25.04177,121.58735,3
500111070,20231025,1068,18,13,1,25.04177,121.58735,3
500111070,20231025,1069,18,13,1,25.04177,121.58735,3
500111070,20231025,1071,18,14,1,25.04177,121.58735,2
500111070,20231025,1072,18,14,1,25.04177,121.58735,2
500111070,20231025,1073,18,14,1,25.04177,121.58735,2
500111070,20231025,1075,18,14,1,25.04177,121.58735,2
500111070,20231025,1076,18,14,1,25.04177,121.58735,2
500111070,20231025,1077,18,13,1,25.04177,121.58735,3
500111070,20231025,1078,18,13,1,25.04177,121.58735,3
500111070,20231025,1079,18,13,1,25.04177,121.58735,3
500111070,20231025,1081,18,13,1,25.04177,121.58735,3
500111070,20231025,1082,18,13,1,25.04177,121.58735,3
500111070,20231025,1083,18,12,1,25.04177,121.58735,4
500111070,20231025,1084,18,12,1,25.04177,121.58735,4
500111070,20231025,1085,18,12,1,25.04177,121.58735,4
500111070,20231025,1086,18,11,1,25.04177,121.58735,5
500111070,20231025,1087,18,11,1,25.04177,121.58735,5
500111070,20231025,1088,18,11,1,25.04177,121.58735,5
500111070,20231025,1089,18,11,1,25.04177,121.58735,5
500111070,20231025,1091,18,10,1,25.04177,121.58735,6
500111070,20231025,1092,18,11,1,25.04177,121.58735,5
500111070,20231025,1093,18,10,1,25.04177,121.58735,6
500111070,20231025,1094,18,10,1,25.04177,121.58735,6
500111070,20231025,1095,18,10,1,25.04177,121.58735,6
500111070,20231025,1096,18,10,1,25.04177,121.58735,6
500111070,20231025,1097,18,10,1,25.04177,121.58735,6
500111070,20231025,1098,18,10,1,25.04177,121.58735,6
500111070,20231025,1099,18,10,1,25.04177,121.58735,6
500111070,20231025,1101,18,9,1,25.04177,121.58735,7
500111070,20231025,1102,18,9,1,25.04177,121.58735,7
500111070,20231025,1103,18,9,1,25.04177,121.58735,7
500111070,20231025,1104,18,9,1,25.04177,121.58735,7
500111070,20231025,1105,18,9,1,25.04177,121.58735,7
500111070,20231025,1106,18,8,1,25.04177,121.58735,8
500111070,20231025,1107,18,7,1,25.04177,121.58735,9
500111070,20231025,1108,18,7,1,25.04177,121.58735,9
500111070,20231025,1109,18,6,1,25.04177,121.58735,10
500111070,20231025,1111,18,7,1,25.04177,121.58735,9
500111070,20231025,1112,18,9,1,25.04177,121.58735,7
500111070,20231025,1113,18,9,1,25.04177,121.58735,7
500111070,20231025,1114,18,8,1,25.04177,121.58735,8
500111070,20231025,1115,18,8,1,25.04177,121.58735,8
500111070,20231025,1116,18,8,1,25.04177,121.58735,8
500111070,20231025,1117,18,8,1,25.04177,121.58735,8
500111070,20231025,1118,18,8,1,25.04177,121.58735,8
500111070,20231025,1119,18,8,1,25.04177,121.58735,8
500111070,20231025,1121,18,8,1,25.04177,121.58735,8
500111070,20231025,1122,18,8,1,25.04177,121.58735,8
500111070,20231025,1123,18,6,1,25.04177,121.58735,10
500111070,20231025,1124,18,6,1,25.04177,121.58735,10
500111070,20231025,1125,18,6,1,25.04177,121.58735,10
500111070,20231025,1126,18,6,1,25.04177,121.58735,10
500111070,20231025,1127,18,6,1,25.04177,121.58735,10
500111070,20231025,1129,18,6,1,25.04177,121.58735,10
500111070,20231025,1131,18,4,1,25.04177,121.58735,12
500111070,20231025,1132,18,4,1,25.04177,121.58735,12
500111070,20231025,1133,18,5,1,25.04177,121.58735,11
500111070,20231025,1134,18,5,1,25.04177,121.58735,11
500111070,20231025,1135,18,5,1,25.04177,121.58735,11
500111070,20231025,1136,18,5,1,25.04177,121.58735,11
500111070,20231025,1137,18,5,1,25.04177,121.58735,11
500111070,20231025,1138,18,5,1,25.04177,121.58735,11
500111070,20231025,1139,18,5,1,25.04177,121.58735,11
500111070,20231025,1141,18,4,1,25.04177,121.58735,12
500111070,20231025,1142,18,4,1,25.04177,121.58735,12
500111070,20231025,1143,18,2,1,25.04177,121.58735,14
500111070,20231025,1144,18,2,1,25.04177,121.58735,14
500111070,20231025,1145,18,2,1,25.04177,121.58735,14
500111070,20231025,1146,18,2,1,25.04177,121.58735,14
500111070,20231025,1147,18,2,1,25.04177,121.58735,14
500111070,20231025,1148,18,2,1,25.04177,121.58735,14
500111070,20231025,1149,18,2,1,25.04177,121.58735,14
500111070,20231025,1151,18,2,1,25.04177,121.58735,14
500111070,20231025,1152,18,2,1,25.04177,121.58735,14
500111070,20231025,1153,18,2,1,25.04177,121.58735,14
500111070,20231025,1154,18,2,1,25.04177,121.58735,14
500111070,20231025,1155,18,2,1,25.04177,121.58735,14
500111070,20231025,1156,18,2,1,25.04177,121.58735,14
500111070,20231025,1157,18,1,1,25.04177,121.58735,15
500111070,20231025,1158,18,1,1,25.04177,121.58735,15
500111070,20231025,1159,18,1,1,25.04177,121.58735,15
500111070,20231025,1161,18,4,1,25.04177,121.58735,12
500111070,20231025,1162,18,5,1,25.04177,121.58735,11
500111070,20231025,1163,18,8,1,25.04177,121.58735,8
500111070,20231025,1164,18,10,1,25.04177,121.58735,6
500111070,20231025,1165,18,13,1,25.04177,121.58735,3
500111070,20231025,1166,18,14,1,25.04177,121.58735,2
500111070,20231025,1167,18,13,1,25.04177,121.58735,3
500111070,20231025,1168,18,13,1,25.04177,121.58735,3
500111070,20231025,1169,18,14,1,25.04177,121.58735,2
500111070,20231025,1171,18,14,1,25.04177,121.58735,2
500111070,20231025,1172,18,14,1,25.04177,121.58735,2
500111070,20231025,1173,18,14,1,25.04177,121.58735,2
500111070,20231025,1174,18,14,1,25.04177,121.58735,2
500111070,20231025,1175,18,15,1,25.04177,121.58735,1
500111070,20231025,1176,18,15,1,25.04177,121.58735,1
500111070,20231025,1177,18,15,1,25.04177,121.58735,1
500111070,20231025,1178,18,15,1,25.04177,121.58735,1
500111070,20231025,1179,18,15,1,25.04177,121.58735,1
500111070,20231025,1180,18,15,1,25.04177,121.58735,1
500111070,20231025,1181,18,15,1,25.04177,121.58735,1
500111070,20231025,1182,18,15,1,25.04177,121.58735,1
500111070,20231025,1183,18,15,1,25.04177,121.58735,1
500111070,20231025,1184,18,15,1,25.04177,121.58735,1
500111070,20231025,1185,18,15,1,25.04177,121.58735,1
500111070,20231025,1186,18,15,1,25.04177,121.58735,1
500111070,20231025,1187,18,16,1,25.04177,121.58735,0
500111070,20231025,1188,18,16,1,25.04177,121.58735,0
500111070,20231025,1189,18,16,1,25.04177,121.58735,0
500111070,20231025,1190,18,16,1,25.04177,121.58735,0
500111070,20231025,1191,18,15,1,25.04177,121.58735,1
500111070,20231025,1192,18,15,1,25.04177,121.58735,1
500111070,20231025,1193,18,15,1,25.04177,121.58735,1
500111070,20231025,1194,18,15,1,25.04177,121.58735,1
500111070,20231025,1195,18,15,1,25.04177,121.58735,1
500111070,20231025,1196,18,14,1,25.04177,121.58735,2
500111070,20231025,1197,18,13,1,25.04177,121.58735,3
500111070,20231025,1198,18,13,1,25.04177,121.58735,3
500111070,20231025,1199,18,13,1,25.04177,121.58735,3
500111070,20231025,1201,18,13,1,25.04177,121.58735,3
500111070,20231025,1202,18,12,1,25.04177,121.58735,4
500111070,20231025,1203,18,12,1,25.04177,121.58735,4
500111070,20231025,1204,18,12,1,25.04177,121.58735,4
500111070,20231025,1205,18,12,1,25.04177,121.58735,4
500111070,20231025,1206,18,11,1,25.04177,121.58735,5
500111070,20231025,1207,18,11,1,25.04177,121.58735,5
500111070,20231025,1208,18,11,1,25.04177,121.58735,5
500111070,20231025,1209,18,11,1,25.04177,121.58735,5
500111070,20231025,1210,18,11,1,25.04177,121.58735,5
500111070,20231025,1211,18,10,1,25.04177,121.58735,6
500111070,20231025,1212,18,10,1,25.04177,121.58735,6
500111070,20231025,1213,18,9,1,25.04177,121.58735,7
500111070,20231025,1214,18,9,1,25.04177,121.58735,7
500111070,20231025,1216,18,9,1,25.04177,121.58735,7
500111070,20231025,1217,18,9,1,25.04177,121.58735,7
500111070,20231025,1218,18,10,1,25.04177,121.58735,6
500111070,20231025,1219,18,10,1,25.04177,121.58735,6
500111070,20231025,1221,18,9,1,25.04177,121.58735,7
500111070,20231025,1222,18,9,1,25.04177,121.58735,7
500111070,20231025,1223,18,9,1,25.04177,121.58735,7
500111070,20231025,1224,18,9,1,25.04177,121.58735,7
500111070,20231025,1225,18,9,1,25.04177,121.58735,7
500111070,20231025,1226,18,9,1,25.04177,121.58735,7
500111070,20231025,1227,18,9,1,25.04177,121.58735,7
500111070,20231025,1228,18,9,1,25.04177,121.58735,7
500111070,20231025,1229,18,9,1,25.04177,121.58735,7
500111070,20231025,1231,18,9,1,25.04177,121.58735,7
500111070,20231025,1232,18,8,1,25.04177,121.58735,8
500111070,20231025,1233,18,8,1,25.04177,121.58735,8
500111070,20231025,1234,18,8,1,25.04177,121.58735,8
500111070,20231025,1235,18,8,1,25.04177,121.58735,8
500111070,20231025,1236,18,8,1,25.04177,121.58735,8
500111070,20231025,1237,18,8,1,25.04177,121.58735,8
500111070,20231025,1238,18,8,1,25.04177,121.58735,8
500111070,20231025,1239,18,8,1,25.04177,121.58735,8
500111070,20231025,1240,18,8,1,25.04177,121.58735,8
500111070,20231025,1241,18,7,1,25.04177,121.58735,9
500111070,20231025,1242,18,7,1,25.04177,121.58735,9
500111070,20231025,1243,18,7,1,25.04177,121.58735,9
500111070,20231025,1244,18,7,1,25.04177,121.58735,9
500111070,20231025,1245,18,7,1,25.04177,121.58735,9
500111070,20231025,1246,18,7,1,25.04177,121.58735,9
500111070,20231025,1247,18,7,1,25.04177,121.58735,9
500111070,20231025,1248,18,7,1,25.04177,121.58735,9
500111070,20231025,1249,18,7,1,25.04177,121.58735,9
500111070,20231025,1250,18,7,1,25.04177,121.58735,9
500111070,20231025,1251,18,8,1,25.04177,121.58735,8
500111070,20231025,1252,18,8,1,25.04177,121.58735,8
500111070,20231025,1253,18,8,1,25.04177,121.58735,8
500111070,20231025,1254,18,8,1,25.04177,121.58735,8
500111070,20231025,1255,18,8,1,25.04177,121.58735,8
500111070,20231025,1256,18,8,1,25.04177,121.58735,8
500111070,20231025,1257,18,8,1,25.04177,121.58735,8
500111070,20231025,1258,18,9,1,25.04177,121.58735,7
500111070,20231025,1259,18,9,1,25.04177,121.58735,7
500111070,20231025,1261,18,8,1,25.04177,121.58735,8
500111070,20231025,1262,18,8,1,25.04177,121.58735,8
500111070,20231025,1263,18,8,1,25.04177,121.58735,8
500111070,20231025,1264,18,8,1,25.04177,121.58735,8
500111070,20231025,1265,18,8,1,25.04177,121.58735,8
500111070,20231025,1266,18,8,1,25.04177,121.58735,8
500111070,20231025,1267,18,8,1,25.04177,121.58735,8
500111070,20231025,1268,18,8,1,25.04177,121.58735,8
500111070,20231025,1269,18,7,1,25.04177,121.58735,9
500111070,20231025,1270,18,7,1,25.04177,121.58735,9
500111070,20231025,1271,18,6,1,25.04177,121.58735,10
500111070,20231025,1272,18,5,1,25.04177,121.58735,11
500111070,20231025,1273,18,5,1,25.04177,121.58735,11
500111070,20231025,1274,18,5,1,25.04177,121.58735,11
500111070,20231025,1275,18,5,1,25.04177,121.58735,11
500111070,20231025,1276,18,5,1,25.04177,121.58735,11
500111070,20231025,1277,18,5,1,25.04177,121.58735,11
500111070,20231025,1278,18,5,1,25.04177,121.58735,11
500111070,20231025,1279,18,5,1,25.04177,121.58735,11
500111070,20231025,1281,18,4,1,25.04177,121.58735,12
500111070,20231025,1282,18,4,1,25.04177,121.58735,12
500111070,20231025,1283,18,5,1,25.04177,121.58735,11
500111070,20231025,1284,18,5,1,25.04177,121.58735,11
500111070,20231025,1285,18,5,1,25.04177,121.58735,11
500111070,20231025,1286,18,5,1,25.04177,121.58735,11
500111070,20231025,1287,18,5,1,25.04177,121.58735,11
500111070,20231025,1288,18,5,1,25.04177,121.58735,11
500111070,20231025,1289,18,6,1,25.04177,121.58735,10
500111070,20231025,1291,18,7,1,25.04177,121.58735,9
500111070,20231025,1292,18,7,1,25.04177,121.58735,9
500111070,20231025,1293,18,7,1,25.04177,121.58735,9
500111070,20231025,1294,18,7,1,25.04177,121.58735,9
500111070,20231025,1295,18,7,1,25.04177,121.58735,9
500111070,20231025,1296,18,5,1,25.04177,121.58735,11
500111070,20231025,1297,18,5,1,25.04177,121.58735,11
500111070,20231025,1298,18,5,1,25.04177,121.58735,11
500111070,20231025,1299,18,5,1,25.04177,121.58735,11
500111070,20231025,1301,18,4,1,25.04177,121.58735,12
500111070,20231025,1302,18,4,1,25.04177,121.58735,12
500111070,20231025,1303,18,4,1,25.04177,121.58735,12
500111070,20231025,1304,18,4,1,25.04177,121.58735,12
500111070,20231025,1305,18,3,1,25.04177,121.58735,13
500111070,20231025,1306,18,3,1,25.04177,121.58735,13
500111070,20231025,1307,18,3,1,25.04177,121.58735,13
500111070,20231025,1308,18,2,1,25.04177,121.58735,14
500111070,20231025,1309,18,2,1,25.04177,121.58735,14
500111070,20231025,1310,18,2,1,25.04177,121.58735,14
500111070,20231025,1311,18,2,1,25.04177,121.58735,14
500111070,20231025,1312,18,2,1,25.04177,121.58735,14
500111070,20231025,1313,18,2,1,25.04177,121.58735,14
500111070,20231025,1314,18,2,1,25.04177,121.58735,14
500111070,20231025,1315,18,2,1,25.04177,121.58735,14
500111070,20231025,1316,18,2,1,25.04177,121.58735,14
500111070,20231025,1317,18,2,1,25.04177,121.58735,14
500111070,20231025,1318,18,2,1,25.04177,121.58735,14
500111070,20231025,1319,18,2,1,25.04177,121.58735,14
500111070,20231025,1321,18,2,1,25.04177,121.58735,14
500111070,20231025,1322,18,2,1,25.04177,121.58735,14
500111070,20231025,1323,18,3,1,25.04177,121.58735,13
500111070,20231025,1324,18,2,1,25.04177,121.58735,14
500111070,20231025,1325,18,1,1,25.04177,121.58735,15
500111070,20231025,1326,18,1,1,25.04177,121.58735,15
500111070,20231025,1327,18,1,1,25.04177,121.58735,15
500111070,20231025,1328,18,3,1,25.04177,121.58735,13
500111070,20231025,1329,18,2,1,25.04177,121.58735,14
500111070,20231025,1330,18,4,1,25.04177,121.58735,12
500111070,20231025,1331,18,10,1,25.04177,121.58735,6
500111070,20231025,1332,18,10,1,25.04177,121.58735,6
500111070,20231025,1333,18,11,1,25.04177,121.58735,5
500111070,20231025,1334,18,15,1,25.04177,121.58735,1
500111070,20231025,1335,18,14,1,25.04177,121.58735,2
500111070,20231025,1336,18,14,1,25.04177,121.58735,2
500111070,20231025,1337,18,16,1,25.04177,121.58735,0
500111070,20231025,1338,18,16,1,25.04177,121.58735,0
500111070,20231025,1339,18,16,1,25.04177,121.58735,0
500111070,20231025,1341,18,16,1,25.04177,121.58735,0
500111070,20231025,1342,18,16,1,25.04177,121.58735,0
500111070,20231025,1343,18,16,1,25.04177,121.58735,0
500111070,20231025,1344,18,16,1,25.04177,121.58735,0
500111070,20231025,1345,18,16,1,25.04177,121.58735,0
500111070,20231025,1346,18,16,1,25.04177,121.58735,0
500111070,20231025,1347,18,16,1,25.04177,121.58735,0
500111070,20231025,1348,18,16,1,25.04177,121.58735,0
500111070,20231025,1349,18,16,1,25.04177,121.58735,0
500111070,20231025,1350,18,16,1,25.04177,121.58735,0
500111070,20231025,1351,18,15,1,25.04177,121.58735,1
500111070,20231025,1352,18,15,1,25.04177,121.58735,1
500111070,20231025,1353,18,15,1,25.04177,121.58735,1
500111070,20231025,1354,18,15,1,25.04177,121.58735,1
500111070,20231025,1355,18,15,1,25.04177,121.58735,1
500111070,20231025,1356,18,15,1,25.04177,121.58735,1
500111070,20231025,1358,18,15,1,25.04177,121.58735,1
500111070,20231025,1359,18,15,1,25.04177,121.58735,1
500111070,20231025,1360,18,16,1,25.04177,121.58735,0
500111070,20231025,1361,18,16,1,25.04177,121.58735,0
500111070,20231025,1362,18,16,1,25.04177,121.58735,0
500111070,20231025,1363,18,16,1,25.04177,121.58735,0
500111070,20231025,1364,18,16,1,25.04177,121.58735,0
500111070,20231025,1365,18,16,1,25.04177,121.58735,0
500111070,20231025,1366,18,16,1,25.04177,121.58735,0
500111070,20231025,1367,18,16,1,25.04177,121.58735,0
500111070,20231025,1368,18,16,1,25.04177,121.58735,0
500111070,20231025,1369,18,16,1,25.04177,121.58735,0
500111070,20231025,1370,18,16,1,25.04177,121.58735,0
500111070,20231025,1371,18,15,1,25.04177,121.58735,1
500111070,20231025,1372,18,14,1,25.04177,121.58735,2
500111070,20231025,1373,18,14,1,25.04177,121.58735,2
500111070,20231025,1374,18,14,1,25.04177,121.58735,2
500111070,20231025,1375,18,14,1,25.04177,121.58735,2
500111070,20231025,1376,18,14,1,25.04177,121.58735,2
500111070,20231025,1377,18,14,1,25.04177,121.58735,2
500111070,20231025,1378,18,13,1,25.04177,121.58735,3
500111070,20231025,1379,18,13,1,25.04177,121.58735,3
500111070,20231025,1381,18,13,1,25.04177,121.58735,3
500111070,20231025,1382,18,14,1,25.04177,121.58735,2
500111070,20231025,1383,18,14,1,25.04177,121.58735,2
500111070,20231025,1384,18,14,1,25.04177,121.58735,2
500111070,20231025,1385,18,14,1,25.04177,121.58735,2
500111070,20231025,1386,18,14,1,25.04177,121.58735,2
500111070,20231025,1387,18,13,1,25.04177,121.58735,3
500111070,20231025,1389,18,12,1,25.04177,121.58735,4
500111070,20231025,1390,18,12,1,25.04177,121.58735,4
500111070,20231025,1391,18,12,1,25.04177,121.58735,4
500111070,20231025,1392,18,13,1,25.04177,121.58735,3
500111070,20231025,1393,18,13,1,25.04177,121.58735,3
500111070,20231025,1394,18,13,1,25.04177,121.58735,3
500111070,20231025,1395,18,13,1,25.04177,121.58735,3
500111070,20231025,1396,18,13,1,25.04177,121.58735,3
500111070,20231025,1397,18,13,1,25.04177,121.58735,3
500111070,20231025,1398,18,13,1,25.04177,121.58735,3
500111070,20231025,1399,18,12,1,25.04177,121.58735,4
500111070,20231025,1401,18,12,1,25.04177,121.58735,4
500111070,20231025,1402,18,12,1,25.04177,121.58735,4
500111070,20231025,1403,18,12,1,25.04177,121.58735,4
500111070,20231025,1404,18,12,1,25.04177,121.58735,4
500111070,20231025,1405,18,12,1,25.04177,121.58735,4
500111070,20231025,1406,18,12,1,25.04177,121.58735,4
500111070,20231025,1407,18,12,1,25.04177,121.58735,4
500111070,20231025,1408,18,12,1,25.04177,121.58735,4
500111070,20231025,1409,18,12,1,25.04177,121.58735,4
500111070,20231025,1410,18,12,1,25.04177,121.58735,4
500111070,20231025,1411,18,12,1,25.04177,121.58735,4
500111070,20231025,1412,18,12,1,25.04177,121.58735,4
500111070,20231025,1413,18,12,1,25.04177,121.58735,4
500111070,20231025,1414,18,12,1,25.04177,121.58735,4
500111070,20231025,1415,18,12,1,25.04177,121.58735,4
500111070,20231025,1416,18,12,1,25.04177,121.58735,4
500111070,20231025,1417,18,12,1,25.04177,121.58735,4
500111070,20231025,1418,18,12,1,25.04177,121.58735,4
500111070,20231025,1419,18,12,1,25.04177,121.58735,4
500111070,20231025,1420,18,12,1,25.04177,121.58735,4
500111070,20231025,1421,18,12,1,25.04177,121.58735,4
500111070,20231025,1422,18,12,1,25.04177,121.58735,4
500111070,20231025,1423,18,12,1,25.04177,121.58735,4
500111070,20231025,1424,18,12,1,25.04177,121.58735,4
500111070,20231025,1425,18,12,1,25.04177,121.58735,4
500111070,20231025,1426,18,12,1,25.04177,121.58735,4
500111070,20231025,1427,18,12,1,25.04177,121.58735,4
500111070,20231025,1428,18,12,1,25.04177,121.58735,4
500111070,20231025,1429,18,12,1,25.04177,121.58735,4
500111070,20231025,1430,18,12,1,25.04177,121.58735,4
500111070,20231025,1431,18,12,1,25.04177,121.58735,4
500111070,20231025,1432,18,12,1,25.04177,121.58735,4
500111070,20231025,1433,18,13,1,25.04177,121.58735,3
500111070,20231025,1434,18,13,1,25.04177,121.58735,3
500111070,20231025,1435,18,13,1,25.04177,121.58735,3
500111070,20231025,1436,18,13,1,25.04177,121.58735,3
500111070,20231025,1438,18,13,1,25.04177,121.58735,3
500111070,20231025,1439,18,13,1,25.04177,121.58735,3
500111070,20231026,1,18,13,1,25.04177,121.58735,3
500111070,20231026,2,18,13,1,25.04177,121.58735,3
500111070,20231026,3,18,13,1,25.04177,121.58735,3
500111070,20231026,4,18,13,1,25.04177,121.58735,3
500111070,20231026,5,18,11,1,25.04177,121.58735,5
500111070,20231026,6,18,11,1,25.04177,121.58735,5
500111070,20231026,7,18,11,1,25.04177,121.58735,5
500111070,20231026,8,18,11,1,25.04177,121.58735,5
500111070,20231026,10,18,11,1,25.04177,121.58735,5
500111070,20231026,11,18,11,1,25.04177,121.58735,5
500111070,20231026,12,18,11,1,25.04177,121.58735,5
500111070,20231026,13,18,11,1,25.04177,121.58735,5
500111070,20231026,14,18,11,1,25.04177,121.58735,5
500111070,20231026,15,18,11,1,25.04177,121.58735,5
500111070,20231026,16,18,11,1,25.04177,121.58735,5
500111070,20231026,17,18,11,1,25.04177,121.58735,5
500111070,20231026,18,18,11,1,25.04177,121.58735,5
500111070,20231026,19,18,11,1,25.04177,121.58735,5
500111070,20231026,21,18,11,1,25.04177,121.58735,5
500111070,20231026,22,18,11,1,25.04177,121.58735,5
500111070,20231026,23,18,11,1,25.04177,121.58735,5
500111070,20231026,24,18,11,1,25.04177,121.58735,5
500111070,20231026,25,18,11,1,25.04177,121.58735,5
500111070,20231026,26,18,11,1,25.04177,121.58735,5
500111070,20231026,27,18,11,1,25.04177,121.58735,5
500111070,20231026,28,18,11,1,25.04177,121.58735,5
500111070,20231026,29,18,11,1,25.04177,121.58735,5
500111070,20231026,30,18,11,1,25.04177,121.58735,5
500111070,20231026,31,18,11,1,25.04177,121.58735,5
500111070,20231026,32,18,11,1,25.04177,121.58735,5
500111070,20231026,33,18,10,1,25.04177,121.58735,6
500111070,20231026,34,18,10,1,25.04177,121.58735,6
500111070,20231026,35,18,10,1,25.04177,121.58735,6
500111070,20231026,36,18,10,1,25.04177,121.58735,6
500111070,20231026,37,18,10,1,25.04177,121.58735,6
500111070,20231026,38,18,10,1,25.04177,121.58735,6
500111070,20231026,39,18,9,1,25.04177,121.58735,7
500111070,20231026,40,18,9,1,25.04177,121.58735,7
500111070,20231026,41,18,9,1,25.04177,121.58735,7
500111070,20231026,42,18,9,1,25.04177,121.58735,7
500111070,20231026,43,18,9,1,25.04177,121.58735,7
500111070,20231026,44,18,8,1,25.04177,121.58735,8
500111070,20231026,45,18,8,1,25.04177,121.58735,8
500111070,20231026,46,18,8,1,25.04177,121.58735,8
500111070,20231026,47,18,8,1,25.04177,121.58735,8
500111070,20231026,48,18,8,1,25.04177,121.58735,8
500111070,20231026,49,18,8,1,25.04177,121.58735,8
500111070,20231026,50,18,8,1,25.04177,121.58735,8
500111070,20231026,51,18,8,1,25.04177,121.58735,8
500111070,20231026,52,18,8,1,25.04177,121.58735,8
500111070,20231026,53,18,10,1,25.04177,121.58735,8
500111070,20231026,54,18,10,1,25.04177,121.58735,8
500111070,20231026,55,18,10,1,25.04177,121.58735,8
500111070,20231026,56,18,10,1,25.04177,121.58735,8
500111070,20231026,57,18,10,1,25.04177,121.58735,8
500111070,20231026,58,18,10,1,25.04177,121.58735,8
500111070,20231026,59,18,10,1,25.04177,121.58735,8
500111070,20231026,60,18,10,1,25.04177,121.58735,8
500111070,20231026,61,18,10,1,25.04177,121.58735,8
500111070,20231026,63,18,10,1,25.04177,121.58735,8
500111070,20231026,64,18,10,1,25.04177,121.58735,8
500111070,20231026,65,18,10,1,25.04177,121.58735,8
500111070,20231026,66,18,10,1,25.04177,121.58735,8
500111070,20231026,67,18,10,1,25.04177,121.58735,8
500111070,20231026,68,18,10,1,25.04177,121.58735,8
500111070,20231026,69,18,10,1,25.04177,121.58735,8
500111070,20231026,70,18,10,1,25.04177,121.58735,8
500111070,20231026,71,18,10,1,25.04177,121.58735,8
500111070,20231026,72,18,10,1,25.04177,121.58735,8
500111070,20231026,73,18,10,1,25.04177,121.58735,8
500111070,20231026,74,18,10,1,25.04177,121.58735,8
500111070,20231026,75,18,10,1,25.04177,121.58735,8
500111070,20231026,76,18,10,1,25.04177,121.58735,8
500111070,20231026,77,18,10,1,25.04177,121.58735,8
500111070,20231026,78,18,10,1,25.04177,121.58735,8
500111070,20231026,79,18,10,1,25.04177,121.58735,8
500111070,20231026,81,18,10,1,25.04177,121.58735,8
500111070,20231026,82,18,10,1,25.04177,121.58735,8
500111070,20231026,83,18,10,1,25.04177,121.58735,8
500111070,20231026,84,18,10,1,25.04177,121.58735,8
500111070,20231026,85,18,10,1,25.04177,121.58735,8
500111070,20231026,86,18,10,1,25.04177,121.58735,8
500111070,20231026,87,18,10,1,25.04177,121.58735,8
500111070,20231026,88,18,10,1,25.04177,121.58735,8
500111070,20231026,89,18,10,1,25.04177,121.58735,8
500111070,20231026,90,18,10,1,25.04177,121.58735,8
500111070,20231026,91,18,10,1,25.04177,121.58735,8
500111070,20231026,92,18,10,1,25.04177,121.58735,8
500111070,20231026,93,18,10,1,25.04177,121.58735,8
500111070,20231026,94,18,10,1,25.04177,121.58735,8
500111070,20231026,95,18,10,1,25.04177,121.58735,8
500111070,20231026,96,18,10,1,25.04177,121.58735,8
500111070,20231026,97,18,10,1,25.04177,121.58735,8
500111070,20231026,98,18,10,1,25.04177,121.58735,8
500111070,20231026,99,18,10,1,25.04177,121.58735,8
500111070,20231026,100,18,10,1,25.04177,121.58735,8
500111070,20231026,101,18,10,1,25.04177,121.58735,8
500111070,20231026,102,18,10,1,25.04177,121.58735,8
500111070,20231026,103,18,10,1,25.04177,121.58735,8
500111070,20231026,104,18,10,1,25.04177,121.58735,8
500111070,20231026,105,18,10,1,25.04177,121.58735,8
500111070,20231026,106,18,10,1,25.04177,121.58735,8
500111070,20231026,107,18,10,1,25.04177,121.58735,8
500111070,20231026,108,18,10,1,25.04177,121.58735,8
500111070,20231026,109,18,10,1,25.04177,121.58735,8
500111070,20231026,110,18,10,1,25.04177,121.58735,8
500111070,20231026,111,18,10,1,25.04177,121.58735,8
500111070,20231026,112,18,10,1,25.04177,121.58735,8
500111070,20231026,113,18,10,1,25.04177,121.58735,8
500111070,20231026,114,18,10,1,25.04177,121.58735,8
500111070,20231026,115,18,10,1,25.04177,121.58735,8
500111070,20231026,116,18,10,1,25.04177,121.58735,8
500111070,20231026,117,18,10,1,25.04177,121.58735,8
500111070,20231026,118,18,10,1,25.04177,121.58735,8
500111070,20231026,119,18,10,1,25.04177,121.58735,8
500111070,20231026,121,18,10,1,25.04177,121.58735,8
500111070,20231026,122,18,10,1,25.04177,121.58735,8
500111070,20231026,123,18,10,1,25.04177,121.58735,8
500111070,20231026,124,18,10,1,25.04177,121.58735,8
500111070,20231026,125,18,10,1,25.04177,121.58735,8
500111070,20231026,126,18,10,1,25.04177,121.58735,8
500111070,20231026,127,18,10,1,25.04177,121.58735,8
500111070,20231026,128,18,10,1,25.04177,121.58735,8
500111070,20231026,129,18,10,1,25.04177,121.58735,8
500111070,20231026,130,18,10,1,25.04177,121.58735,8
500111070,20231026,131,18,10,1,25.04177,121.58735,8
500111070,20231026,132,18,10,1,25.04177,121.58735,8
500111070,20231026,133,18,10,1,25.04177,121.58735,8
500111070,20231026,134,18,10,1,25.04177,121.58735,8
500111070,20231026,135,18,10,1,25.04177,121.58735,8
500111070,20231026,136,18,10,1,25.04177,121.58735,8
500111070,20231026,137,18,10,1,25.04177,121.58735,8
500111070,20231026,138,18,10,1,25.04177,121.58735,8
500111070,20231026,139,18,10,1,25.04177,121.58735,8
500111070,20231026,141,18,10,1,25.04177,121.58735,8
500111070,20231026,142,18,10,1,25.04177,121.58735,8
500111070,20231026,143,18,10,1,25.04177,121.58735,8
500111070,20231026,144,18,10,1,25.04177,121.58735,8
500111070,20231026,145,18,10,1,25.04177,121.58735,8
500111070,20231026,146,18,10,1,25.04177,121.58735,8
500111070,20231026,147,18,10,1,25.04177,121.58735,8
500111070,20231026,148,18,10,1,25.04177,121.58735,8
500111070,20231026,149,18,10,1,25.04177,121.58735,8
500111070,20231026,150,18,10,1,25.04177,121.58735,8
500111070,20231026,151,18,10,1,25.04177,121.58735,8
500111070,20231026,152,18,10,1,25.04177,121.58735,8
500111070,20231026,153,18,10,1,25.04177,121.58735,8
500111070,20231026,154,18,10,1,25.04177,121.58735,8
500111070,20231026,155,18,10,1,25.04177,121.58735,8
500111070,20231026,156,18,10,1,25.04177,121.58735,8
500111070,20231026,157,18,10,1,25.04177,121.58735,8
500111070,20231026,158,18,10,1,25.04177,121.58735,8
500111070,20231026,159,18,10,1,25.04177,121.58735,8
500111070,20231026,160,18,10,1,25.04177,121.58735,8
500111070,20231026,161,18,10,1,25.04177,121.58735,8
500111070,20231026,162,18,10,1,25.04177,121.58735,8
500111070,20231026,163,18,10,1,25.04177,121.58735,8
500111070,20231026,164,18,10,1,25.04177,121.58735,8
500111070,20231026,165,18,10,1,25.04177,121.58735,8
500111070,20231026,166,18,10,1,25.04177,121.58735,8
500111070,20231026,167,18,10,1,25.04177,121.58735,8
500111070,20231026,168,18,10,1,25.04177,121.58735,8
500111070,20231026,169,18,10,1,25.04177,121.58735,8
500111070,20231026,170,18,10,1,25.04177,121.58735,8
500111070,20231026,171,18,10,1,25.04177,121.58735,8
500111070,20231026,172,18,10,1,25.04177,121.58735,8
500111070,20231026,173,18,10,1,25.04177,121.58735,8
500111070,20231026,174,18,10,1,25.04177,121.58735,8
500111070,20231026,175,18,10,1,25.04177,121.58735,8
500111070,20231026,176,18,10,1,25.04177,121.58735,8
500111070,20231026,177,18,10,1,25.04177,121.58735,8
500111070,20231026,178,18,10,1,25.04177,121.58735,8
500111070,20231026,179,18,10,1,25.04177,121.58735,8
500111070,20231026,180,18,10,1,25.04177,121.58735,8
500111070,20231026,181,18,10,1,25.04177,121.58735,8
500111070,20231026,182,18,10,1,25.04177,121.58735,8
500111070,20231026,183,18,10,1,25.04177,121.58735,8
500111070,20231026,184,18,10,1,25.04177,121.58735,8
500111070,20231026,185,18,10,1,25.04177,121.58735,8
500111070,20231026,186,18,10,1,25.04177,121.58735,8
500111070,20231026,187,18,10,1,25.04177,121.58735,8
500111070,20231026,188,18,10,1,25.04177,121.58735,8
500111070,20231026,189,18,10,1,25.04177,121.58735,8
500111070,20231026,190,18,10,1,25.04177,121.58735,8
500111070,20231026,191,18,10,1,25.04177,121.58735,8
500111070,20231026,192,18,10,1,25.04177,121.58735,8
500111070,20231026,193,18,10,1,25.04177,121.58735,8
500111070,20231026,194,18,10,1,25.04177,121.58735,8
500111070,20231026,195,18,10,1,25.04177,121.58735,8
500111070,20231026,196,18,10,1,25.04177,121.58735,8
500111070,20231026,197,18,10,1,25.04177,121.58735,8
500111070,20231026,198,18,10,1,25.04177,121.58735,8
500111070,20231026,199,18,10,1,25.04177,121.58735,8
500111070,20231026,201,18,10,1,25.04177,121.58735,8
500111070,20231026,202,18,10,1,25.04177,121.58735,8
500111070,20231026,203,18,10,1,25.04177,121.58735,8
500111070,20231026,204,18,10,1,25.04177,121.58735,8
500111070,20231026,205,18,10,1,25.04177,121.58735,8
500111070,20231026,206,18,10,1,25.04177,121.58735,8
500111070,20231026,207,18,10,1,25.04177,121.58735,8
500111070,20231026,208,18,10,1,25.04177,121.58735,8
500111070,20231026,209,18,10,1,25.04177,121.58735,8
500111070,20231026,210,18,10,1,25.04177,121.58735,8
500111070,20231026,211,18,10,1,25.04177,121.58735,8
500111070,20231026,212,18,10,1,25.04177,121.58735,8
500111070,20231026,213,18,10,1,25.04177,121.58735,8
500111070,20231026,214,18,10,1,25.04177,121.58735,8
500111070,20231026,215,18,10,1,25.04177,121.58735,8
500111070,20231026,216,18,10,1,25.04177,121.58735,8
500111070,20231026,217,18,10,1,25.04177,121.58735,8
500111070,20231026,218,18,10,1,25.04177,121.58735,8
500111070,20231026,219,18,10,1,25.04177,121.58735,8
500111070,20231026,220,18,10,1,25.04177,121.58735,8
500111070,20231026,221,18,10,1,25.04177,121.58735,8
500111070,20231026,222,18,10,1,25.04177,121.58735,8
500111070,20231026,223,18,10,1,25.04177,121.58735,8
500111070,20231026,224,18,10,1,25.04177,121.58735,8
500111070,20231026,225,18,10,1,25.04177,121.58735,8
500111070,20231026,226,18,10,1,25.04177,121.58735,8
500111070,20231026,227,18,10,1,25.04177,121.58735,8
500111070,20231026,228,18,10,1,25.04177,121.58735,8
500111070,20231026,229,18,10,1,25.04177,121.58735,8
500111070,20231026,230,18,10,1,25.04177,121.58735,8
500111070,20231026,231,18,10,1,25.04177,121.58735,8
500111070,20231026,232,18,10,1,25.04177,121.58735,8
500111070,20231026,233,18,10,1,25.04177,121.58735,8
500111070,20231026,234,18,10,1,25.04177,121.58735,8
500111070,20231026,235,18,10,1,25.04177,121.58735,8
500111070,20231026,236,18,10,1,25.04177,121.58735,8
500111070,20231026,237,18,10,1,25.04177,121.58735,8
500111070,20231026,238,18,10,1,25.04177,121.58735,8
500111070,20231026,239,18,10,1,25.04177,121.58735,8
500111070,20231026,240,18,10,1,25.04177,121.58735,8
500111070,20231026,241,18,10,1,25.04177,121.58735,8
500111070,20231026,242,18,10,1,25.04177,121.58735,8
500111070,20231026,243,18,10,1,25.04177,121.58735,8
500111070,20231026,244,18,10,1,25.04177,121.58735,8
500111070,20231026,245,18,10,1,25.04177,121.58735,8
500111070,20231026,246,18,10,1,25.04177,121.58735,8
500111070,20231026,248,18,10,1,25.04177,121.58735,8
500111070,20231026,249,18,10,1,25.04177,121.58735,8
500111070,20231026,250,18,10,1,25.04177,121.58735,8
500111070,20231026,251,18,10,1,25.04177,121.58735,8
500111070,20231026,252,18,10,1,25.04177,121.58735,8
500111070,20231026,253,18,10,1,25.04177,121.58735,8
500111070,20231026,254,18,10,1,25.04177,121.58735,8
500111070,20231026,255,18,10,1,25.04177,121.58735,8
500111070,20231026,256,18,10,1,25.04177,121.58735,8
500111070,20231026,257,18,10,1,25.04177,121.58735,8
500111070,20231026,258,18,10,1,25.04177,121.58735,8
500111070,20231026,259,18,10,1,25.04177,121.58735,8
500111070,20231026,261,18,10,1,25.04177,121.58735,8
500111070,20231026,262,18,10,1,25.04177,121.58735,8
500111070,20231026,263,18,10,1,25.04177,121.58735,8
500111070,20231026,264,18,10,1,25.04177,121.58735,8
500111070,20231026,265,18,10,1,25.04177,121.58735,8
500111070,20231026,266,18,10,1,25.04177,121.58735,8
500111070,20231026,267,18,10,1,25.04177,121.58735,8
500111070,20231026,268,18,10,1,25.04177,121.58735,8
500111070,20231026,269,18,10,1,25.04177,121.58735,8
500111070,20231026,270,18,10,1,25.04177,121.58735,8
500111070,20231026,271,18,10,1,25.04177,121.58735,8
500111070,20231026,272,18,10,1,25.04177,121.58735,8
500111070,20231026,273,18,10,1,25.04177,121.58735,8
500111070,20231026,274,18,10,1,25.04177,121.58735,8
500111070,20231026,275,18,10,1,25.04177,121.58735,8
500111070,20231026,276,18,10,1,25.04177,121.58735,8
500111070,20231026,277,18,10,1,25.04177,121.58735,8
500111070,20231026,278,18,10,1,25.04177,121.58735,8
500111070,20231026,279,18,10,1,25.04177,121.58735,8
500111070,20231026,280,18,10,1,25.04177,121.58735,8
500111070,20231026,281,18,9,1,25.04177,121.58735,9
500111070,20231026,282,18,9,1,25.04177,121.58735,9
500111070,20231026,283,18,9,1,25.04177,121.58735,9
500111070,20231026,284,18,9,1,25.04177,121.58735,9
500111070,20231026,285,18,9,1,25.04177,121.58735,9
500111070,20231026,286,18,9,1,25.04177,121.58735,9
500111070,20231026,287,18,9,1,25.04177,121.58735,9
500111070,20231026,288,18,9,1,25.04177,121.58735,9
500111070,20231026,289,18,9,1,25.04177,121.58735,9
500111070,20231026,290,18,9,1,25.04177,121.58735,9
500111070,20231026,291,18,9,1,25.04177,121.58735,9
500111070,20231026,292,18,9,1,25.04177,121.58735,9
500111070,20231026,293,18,9,1,25.04177,121.58735,9
500111070,20231026,294,18,9,1,25.04177,121.58735,9
500111070,20231026,295,18,9,1,25.04177,121.58735,9
500111070,20231026,296,18,9,1,25.04177,121.58735,9
500111070,20231026,297,18,9,1,25.04177,121.58735,9
500111070,20231026,298,18,9,1,25.04177,121.58735,9
500111070,20231026,299,18,9,1,25.04177,121.58735,9
500111070,20231026,300,18,9,1,25.04177,121.58735,9
500111070,20231026,301,18,9,1,25.04177,121.58735,9
500111070,20231026,302,18,9,1,25.04177,121.58735,9
500111070,20231026,303,18,9,1,25.04177,121.58735,9
500111070,20231026,304,18,9,1,25.04177,121.58735,9
500111070,20231026,305,18,9,1,25.04177,121.58735,9
500111070,20231026,306,18,9,1,25.04177,121.58735,9
500111070,20231026,307,18,9,1,25.04177,121.58735,9
500111070,20231026,308,18,9,1,25.04177,121.58735,9
500111070,20231026,309,18,9,1,25.04177,121.58735,9
500111070,20231026,310,18,9,1,25.04177,121.58735,9
500111070,20231026,311,18,9,1,25.04177,121.58735,9
500111070,20231026,312,18,9,1,25.04177,121.58735,9
500111070,20231026,313,18,9,1,25.04177,121.58735,9
500111070,20231026,314,18,9,1,25.04177,121.58735,9
500111070,20231026,315,18,9,1,25.04177,121.58735,9
500111070,20231026,316,18,9,1,25.04177,121.58735,9
500111070,20231026,317,18,9,1,25.04177,121.58735,9
500111070,20231026,318,18,9,1,25.04177,121.58735,9
500111070,20231026,319,18,9,1,25.04177,121.58735,9
500111070,20231026,321,18,9,1,25.04177,121.58735,9
500111070,20231026,322,18,9,1,25.04177,121.58735,9
500111070,20231026,323,18,9,1,25.04177,121.58735,9
500111070,20231026,324,18,9,1,25.04177,121.58735,9
500111070,20231026,325,18,9,1,25.04177,121.58735,9
500111070,20231026,326,18,9,1,25.04177,121.58735,9
500111070,20231026,327,18,9,1,25.04177,121.58735,9
500111070,20231026,328,18,9,1,25.04177,121.58735,9
500111070,20231026,329,18,9,1,25.04177,121.58735,9
500111070,20231026,330,18,9,1,25.04177,121.58735,9
500111070,20231026,331,18,9,1,25.04177,121.58735,9
500111070,20231026,332,18,9,1,25.04177,121.58735,9
500111070,20231026,333,18,9,1,25.04177,121.58735,9
500111070,20231026,334,18,9,1,25.04177,121.58735,9
500111070,20231026,335,18,9,1,25.04177,121.58735,9
500111070,20231026,336,18,9,1,25.04177,121.58735,9
500111070,20231026,337,18,9,1,25.04177,121.58735,9
500111070,20231026,338,18,9,1,25.04177,121.58735,9
500111070,20231026,339,18,9,1,25.04177,121.58735,9
500111070,20231026,340,18,9,1,25.04177,121.58735,9
500111070,20231026,341,18,9,1,25.04177,121.58735,9
500111070,20231026,342,18,9,1,25.04177,121.58735,9
500111070,20231026,343,18,9,1,25.04177,121.58735,9
500111070,20231026,344,18,9,1,25.04177,121.58735,9
500111070,20231026,345,18,9,1,25.04177,121.58735,9
500111070,20231026,346,18,9,1,25.04177,121.58735,9
500111070,20231026,347,18,9,1,25.04177,121.58735,9
500111070,20231026,348,18,9,1,25.04177,121.58735,9
500111070,20231026,349,18,9,1,25.04177,121.58735,9
500111070,20231026,350,18,9,1,25.04177,121.58735,9
500111070,20231026,351,18,9,1,25.04177,121.58735,9
500111070,20231026,352,18,9,1,25.04177,121.58735,9
500111070,20231026,353,18,10,1,25.04177,121.58735,8
500111070,20231026,354,18,11,1,25.04177,121.58735,7
500111070,20231026,355,18,11,1,25.04177,121.58735,7
500111070,20231026,356,18,11,1,25.04177,121.58735,7
500111070,20231026,357,18,11,1,25.04177,121.58735,7
500111070,20231026,358,18,11,1,25.04177,121.58735,7
500111070,20231026,359,18,11,1,25.04177,121.58735,7
500111070,20231026,360,18,11,1,25.04177,121.58735,7
500111070,20231026,361,18,11,1,25.04177,121.58735,7
500111070,20231026,362,18,11,1,25.04177,121.58735,7
500111070,20231026,363,18,11,1,25.04177,121.58735,7
500111070,20231026,364,18,11,1,25.04177,121.58735,7
500111070,20231026,365,18,11,1,25.04177,121.58735,7
500111070,20231026,366,18,11,1,25.04177,121.58735,7
500111070,20231026,367,18,11,1,25.04177,121.58735,7
500111070,20231026,368,18,12,1,25.04177,121.58735,6
500111070,20231026,369,18,12,1,25.04177,121.58735,6
500111070,20231026,370,18,12,1,25.04177,121.58735,6
500111070,20231026,371,18,12,1,25.04177,121.58735,6
500111070,20231026,372,18,13,1,25.04177,121.58735,5
500111070,20231026,373,18,13,1,25.04177,121.58735,5
500111070,20231026,374,18,13,1,25.04177,121.58735,5
500111070,20231026,375,18,14,1,25.04177,121.58735,4
500111070,20231026,376,18,14,1,25.04177,121.58735,4
500111070,20231026,377,18,14,1,25.04177,121.58735,4
500111070,20231026,378,18,14,1,25.04177,121.58735,4
500111070,20231026,379,18,14,1,25.04177,121.58735,4
500111070,20231026,381,18,15,1,25.04177,121.58735,3
500111070,20231026,382,18,16,1,25.04177,121.58735,2
500111070,20231026,383,18,16,1,25.04177,121.58735,2
500111070,20231026,384,18,16,1,25.04177,121.58735,2
500111070,20231026,385,18,16,1,25.04177,121.58735,2
500111070,20231026,386,18,16,1,25.04177,121.58735,2
500111070,20231026,387,18,16,1,25.04177,121.58735,2
500111070,20231026,388,18,16,1,25.04177,121.58735,2
500111070,20231026,389,18,16,1,25.04177,121.58735,2
500111070,20231026,390,18,16,1,25.04177,121.58735,2
500111070,20231026,391,18,17,1,25.04177,121.58735,1
500111070,20231026,392,18,17,1,25.04177,121.58735,1
500111070,20231026,393,18,17,1,25.04177,121.58735,1
500111070,20231026,394,18,16,1,25.04177,121.58735,2
500111070,20231026,395,18,16,1,25.04177,121.58735,2
500111070,20231026,396,18,16,1,25.04177,121.58735,2
500111070,20231026,397,18,16,1,25.04177,121.58735,2
500111070,20231026,398,18,16,1,25.04177,121.58735,2
500111070,20231026,399,18,17,1,25.04177,121.58735,1
500111070,20231026,400,18,17,1,25.04177,121.58735,1
500111070,20231026,401,18,17,1,25.04177,121.58735,1
500111070,20231026,402,18,17,1,25.04177,121.58735,1
500111070,20231026,403,18,17,1,25.04177,121.58735,1
500111070,20231026,404,18,16,1,25.04177,121.58735,2
500111070,20231026,405,18,15,1,25.04177,121.58735,3
500111070,20231026,406,18,15,1,25.04177,121.58735,3
500111070,20231026,407,18,15,1,25.04177,121.58735,3
500111070,20231026,408,18,15,1,25.04177,121.58735,3
500111070,20231026,409,18,16,1,25.04177,121.58735,2
500111070,20231026,410,18,16,1,25.04177,121.58735,2
500111070,20231026,411,18,16,1,25.04177,121.58735,2
500111070,20231026,412,18,16,1,25.04177,121.58735,2
500111070,20231026,413,18,16,1,25.04177,121.58735,2
500111070,20231026,414,18,16,1,25.04177,121.58735,2
500111070,20231026,415,18,16,1,25.04177,121.58735,2
500111070,20231026,416,18,16,1,25.04177,121.58735,2
500111070,20231026,417,18,17,1,25.04177,121.58735,1
500111070,20231026,418,18,17,1,25.04177,121.58735,1
500111070,20231026,419,18,17,1,25.04177,121.58735,1
500111070,20231026,421,18,17,1,25.04177,121.58735,1
500111070,20231026,422,18,18,1,25.04177,121.58735,0
500111070,20231026,423,18,18,1,25.04177,121.58735,0
500111070,20231026,424,18,18,1,25.04177,121.58735,0
500111070,20231026,425,18,18,1,25.04177,121.58735,0
500111070,20231026,426,18,18,1,25.04177,121.58735,0
500111070,20231026,427,18,18,1,25.04177,121.58735,0
500111070,20231026,428,18,18,1,25.04177,121.58735,0
500111070,20231026,429,18,18,1,25.04177,121.58735,0
500111070,20231026,430,18,18,1,25.04177,121.58735,0
500111070,20231026,431,18,18,1,25.04177,121.58735,0
500111070,20231026,432,18,18,1,25.04177,121.58735,0
500111070,20231026,433,18,18,1,25.04177,121.58735,0
500111070,20231026,434,18,18,1,25.04177,121.58735,0
500111070,20231026,435,18,18,1,25.04177,121.58735,0
500111070,20231026,436,18,18,1,25.04177,121.58735,0
500111070,20231026,437,18,18,1,25.04177,121.58735,0
500111070,20231026,438,18,18,1,25.04177,121.58735,0
500111070,20231026,439,18,18,1,25.04177,121.58735,0
500111070,20231026,441,18,18,1,25.04177,121.58735,0
500111070,20231026,442,18,18,1,25.04177,121.58735,0
500111070,20231026,443,18,18,1,25.04177,121.58735,0
500111070,20231026,444,18,18,1,25.04177,121.58735,0
500111070,20231026,445,18,18,1,25.04177,121.58735,0
500111070,20231026,446,18,18,1,25.04177,121.58735,0
500111070,20231026,447,18,18,1,25.04177,121.58735,0
500111070,20231026,448,18,18,1,25.04177,121.58735,0
500111070,20231026,449,18,18,1,25.04177,121.58735,0
500111070,20231026,451,18,18,1,25.04177,121.58735,0
500111070,20231026,452,18,18,1,25.04177,121.58735,0
500111070,20231026,453,18,18,1,25.04177,121.58735,0
500111070,20231026,454,18,18,1,25.04177,121.58735,0
500111070,20231026,455,18,18,1,25.04177,121.58735,0
500111070,20231026,456,18,18,1,25.04177,121.58735,0
500111070,20231026,457,18,18,1,25.04177,121.58735,0
500111070,20231026,458,18,18,1,25.04177,121.58735,0
500111070,20231026,459,18,18,1,25.04177,121.58735,0
500111070,20231026,460,18,18,1,25.04177,121.58735,0
500111070,20231026,461,18,18,1,25.04177,121.58735,0
500111070,20231026,462,18,18,1,25.04177,121.58735,0
500111070,20231026,463,18,16,1,25.04177,121.58735,2
500111070,20231026,464,18,10,1,25.04177,121.58735,8
500111070,20231026,465,18,8,1,25.04177,121.58735,10
500111070,20231026,466,18,5,1,25.04177,121.58735,13
500111070,20231026,467,18,3,1,25.04177,121.58735,15
500111070,20231026,468,18,3,1,25.04177,121.58735,15
500111070,20231026,469,18,1,1,25.04177,121.58735,17
500111070,20231026,470,18,1,1,25.04177,121.58735,17
500111070,20231026,471,18,2,1,25.04177,121.58735,16
500111070,20231026,472,18,2,1,25.04177,121.58735,16
500111070,20231026,473,18,2,1,25.04177,121.58735,16
500111070,20231026,474,18,2,1,25.04177,121.58735,16
500111070,20231026,475,18,2,1,25.04177,121.58735,16
500111070,20231026,476,18,3,1,25.04177,121.58735,15
500111070,20231026,477,18,3,1,25.04177,121.58735,15
500111070,20231026,478,18,3,1,25.04177,121.58735,15
500111070,20231026,479,18,3,1,25.04177,121.58735,15
500111070,20231026,481,18,3,1,25.04177,121.58735,15
500111070,20231026,482,18,4,1,25.04177,121.58735,14
500111070,20231026,483,18,6,1,25.04177,121.58735,12
500111070,20231026,484,18,6,1,25.04177,121.58735,12
500111070,20231026,485,18,6,1,25.04177,121.58735,12
500111070,20231026,486,18,7,1,25.04177,121.58735,11
500111070,20231026,487,18,7,1,25.04177,121.58735,11
500111070,20231026,488,18,8,1,25.04177,121.58735,10
500111070,20231026,489,18,7,1,25.04177,121.58735,11
500111070,20231026,490,18,9,1,25.04177,121.58735,9
500111070,20231026,491,18,9,1,25.04177,121.58735,9
500111070,20231026,492,18,10,1,25.04177,121.58735,8
500111070,20231026,493,18,10,1,25.04177,121.58735,8
500111070,20231026,494,18,10,1,25.04177,121.58735,8
500111070,20231026,495,18,10,1,25.04177,121.58735,8
500111070,20231026,496,18,10,1,25.04177,121.58735,8
500111070,20231026,497,18,11,1,25.04177,121.58735,7
500111070,20231026,498,18,11,1,25.04177,121.58735,7
500111070,20231026,499,18,11,1,25.04177,121.58735,7
500111070,20231026,501,18,13,1,25.04177,121.58735,5
500111070,20231026,502,18,16,1,25.04177,121.58735,2
500111070,20231026,503,18,16,1,25.04177,121.58735,2
500111070,20231026,504,18,16,1,25.04177,121.58735,2
500111070,20231026,505,18,16,1,25.04177,121.58735,2
500111070,20231026,506,18,17,1,25.04177,121.58735,1
500111070,20231026,507,18,17,1,25.04177,121.58735,1
500111070,20231026,508,18,17,1,25.04177,121.58735,1
500111070,20231026,509,18,18,1,25.04177,121.58735,0
500111070,20231026,511,18,18,1,25.04177,121.58735,0
500111070,20231026,512,18,18,1,25.04177,121.58735,0
500111070,20231026,513,18,18,1,25.04177,121.58735,0
500111070,20231026,514,18,18,1,25.04177,121.58735,0
500111070,20231026,515,18,18,1,25.04177,121.58735,0
500111070,20231026,516,18,18,1,25.04177,121.58735,0
500111070,20231026,517,18,18,1,25.04177,121.58735,0
500111070,20231026,519,18,18,1,25.04177,121.58735,0
500111070,20231026,520,18,18,1,25.04177,121.58735,0
500111070,20231026,521,18,18,1,25.04177,121.58735,0
500111070,20231026,522,18,18,1,25.04177,121.58735,0
500111070,20231026,523,18,18,1,25.04177,121.58735,0
500111070,20231026,524,18,18,1,25.04177,121.58735,0
500111070,20231026,525,18,18,1,25.04177,121.58735,0
500111070,20231026,526,18,18,1,25.04177,121.58735,0
500111070,20231026,527,18,18,1,25.04177,121.58735,0
500111070,20231026,528,18,18,1,25.04177,121.58735,0
500111070,20231026,529,18,18,1,25.04177,121.58735,0
500111070,20231026,530,18,18,1,25.04177,121.58735,0
500111070,20231026,531,18,16,1,25.04177,121.58735,2
500111070,20231026,532,18,14,1,25.04177,121.58735,4
500111070,20231026,533,18,11,1,25.04177,121.58735,7
500111070,20231026,534,18,9,1,25.04177,121.58735,9
500111070,20231026,535,18,9,1,25.04177,121.58735,9
500111070,20231026,536,18,4,1,25.04177,121.58735,14
500111070,20231026,537,18,3,1,25.04177,121.58735,15
500111070,20231026,538,18,3,1,25.04177,121.58735,15
500111070,20231026,539,18,2,1,25.04177,121.58735,16
500111070,20231026,541,18,2,1,25.04177,121.58735,16
500111070,20231026,542,18,2,1,25.04177,121.58735,16
500111070,20231026,543,18,2,1,25.04177,121.58735,16
500111070,20231026,544,18,2,1,25.04177,121.58735,16
500111070,20231026,545,18,2,1,25.04177,121.58735,16
500111070,20231026,546,18,2,1,25.04177,121.58735,16
500111070,20231026,547,18,2,1,25.04177,121.58735,16
500111070,20231026,548,18,2,1,25.04177,121.58735,16
500111070,20231026,549,18,2,1,25.04177,121.58735,16
500111070,20231026,550,18,2,1,25.04177,121.58735,16
500111070,20231026,551,18,2,1,25.04177,121.58735,16
500111070,20231026,552,18,2,1,25.04177,121.58735,16
500111070,20231026,553,18,2,1,25.04177,121.58735,16
500111070,20231026,554,18,2,1,25.04177,121.58735,16
500111070,20231026,555,18,3,1,25.04177,121.58735,15
500111070,20231026,557,18,4,1,25.04177,121.58735,14
500111070,20231026,558,18,4,1,25.04177,121.58735,14
500111070,20231026,559,18,4,1,25.04177,121.58735,14
500111070,20231026,561,18,3,1,25.04177,121.58735,15
500111070,20231026,562,18,4,1,25.04177,121.58735,14
500111070,20231026,563,18,5,1,25.04177,121.58735,13
500111070,20231026,564,18,6,1,25.04177,121.58735,12
500111070,20231026,565,18,6,1,25.04177,121.58735,12
500111070,20231026,566,18,6,1,25.04177,121.58735,12
500111070,20231026,567,18,6,1,25.04177,121.58735,12
500111070,20231026,568,18,6,1,25.04177,121.58735,12
500111070,20231026,569,18,6,1,25.04177,121.58735,12
500111070,20231026,571,18,7,1,25.04177,121.58735,11
500111070,20231026,572,18,7,1,25.04177,121.58735,11
500111070,20231026,573,18,9,1,25.04177,121.58735,9
500111070,20231026,574,18,9,1,25.04177,121.58735,9
500111070,20231026,575,18,9,1,25.04177,121.58735,9
500111070,20231026,576,18,11,1,25.04177,121.58735,7
500111070,20231026,577,18,11,1,25.04177,121.58735,7
500111070,20231026,578,18,10,1,25.04177,121.58735,8
500111070,20231026,579,18,11,1,25.04177,121.58735,7
500111070,20231026,580,18,11,1,25.04177,121.58735,7
500111070,20231026,581,18,11,1,25.04177,121.58735,7
500111070,20231026,582,18,12,1,25.04177,121.58735,6
500111070,20231026,583,18,12,1,25.04177,121.58735,6
500111070,20231026,584,18,12,1,25.04177,121.58735,6
500111070,20231026,585,18,12,1,25.04177,121.58735,6
500111070,20231026,586,18,12,1,25.04177,121.58735,6
500111070,20231026,587,18,12,1,25.04177,121.58735,6
500111070,20231026,588,18,12,1,25.04177,121.58735,6
500111070,20231026,589,18,12,1,25.04177,121.58735,6
500111070,20231026,590,18,12,1,25.04177,121.58735,6
500111070,20231026,591,18,12,1,25.04177,121.58735,6
500111070,20231026,592,18,12,1,25.04177,121.58735,6
500111070,20231026,593,18,12,1,25.04177,121.58735,6
500111070,20231026,594,18,12,1,25.04177,121.58735,6
500111070,20231026,595,18,12,1,25.04177,121.58735,6
500111070,20231026,596,18,12,1,25.04177,121.58735,6
500111070,20231026,597,18,12,1,25.04177,121.58735,6
500111070,20231026,598,18,12,1,25.04177,121.58735,6
500111070,20231026,599,18,12,1,25.04177,121.58735,6
500111070,20231026,601,18,12,1,25.04177,121.58735,6
500111070,20231026,602,18,12,1,25.04177,121.58735,6
500111070,20231026,603,18,12,1,25.04177,121.58735,6
500111070,20231026,604,18,12,1,25.04177,121.58735,6
500111070,20231026,605,18,13,1,25.04177,121.58735,5
500111070,20231026,606,18,14,1,25.04177,121.58735,4
500111070,20231026,607,18,14,1,25.04177,121.58735,4
500111070,20231026,608,18,14,1,25.04177,121.58735,4
500111070,20231026,609,18,14,1,25.04177,121.58735,4
500111070,20231026,610,18,14,1,25.04177,121.58735,4
500111070,20231026,611,18,14,1,25.04177,121.58735,4
500111070,20231026,612,18,14,1,25.04177,121.58735,4
500111070,20231026,613,18,14,1,25.04177,121.58735,4
500111070,20231026,614,18,14,1,25.04177,121.58735,4
500111070,20231026,615,18,14,1,25.04177,121.58735,4
500111070,20231026,616,18,14,1,25.04177,121.58735,4
500111070,20231026,617,18,14,1,25.04177,121.58735,4
500111070,20231026,618,18,14,1,25.04177,121.58735,4
500111070,20231026,619,18,14,1,25.04177,121.58735,4
500111070,20231026,621,18,14,1,25.04177,121.58735,4
500111070,20231026,622,18,14,1,25.04177,121.58735,4
500111070,20231026,623,18,14,1,25.04177,121.58735,4
500111070,20231026,624,18,15,1,25.04177,121.58735,3
500111070,20231026,625,18,15,1,25.04177,121.58735,3
500111070,20231026,626,18,16,1,25.04177,121.58735,2
500111070,20231026,627,18,16,1,25.04177,121.58735,2
500111070,20231026,628,18,16,1,25.04177,121.58735,2
500111070,20231026,629,18,16,1,25.04177,121.58735,2
500111070,20231026,631,18,17,1,25.04177,121.58735,1
500111070,20231026,632,18,17,1,25.04177,121.58735,1
500111070,20231026,633,18,17,1,25.04177,121.58735,1
500111070,20231026,634,18,17,1,25.04177,121.58735,1
500111070,20231026,635,18,17,1,25.04177,121.58735,1
500111070,20231026,636,18,16,1,25.04177,121.58735,2
500111070,20231026,637,18,16,1,25.04177,121.58735,2
500111070,20231026,638,18,16,1,25.04177,121.58735,2
500111070,20231026,639,18,16,1,25.04177,121.58735,2
500111070,20231026,640,18,16,1,25.04177,121.58735,2
500111070,20231026,641,18,16,1,25.04177,121.58735,2
500111070,20231026,642,18,16,1,25.04177,121.58735,2
500111070,20231026,643,18,16,1,25.04177,121.58735,2
500111070,20231026,644,18,16,1,25.04177,121.58735,2
500111070,20231026,645,18,16,1,25.04177,121.58735,2
500111070,20231026,646,18,16,1,25.04177,121.58735,2
500111070,20231026,647,18,16,1,25.04177,121.58735,2
500111070,20231026,648,18,16,1,25.04177,121.58735,2
500111070,20231026,649,18,16,1,25.04177,121.58735,2
500111070,20231026,650,18,16,1,25.04177,121.58735,2
500111070,20231026,651,18,16,1,25.04177,121.58735,2
500111070,20231026,652,18,16,1,25.04177,121.58735,2
500111070,20231026,653,18,16,1,25.04177,121.58735,2
500111070,20231026,654,18,17,1,25.04177,121.58735,1
500111070,20231026,655,18,17,1,25.04177,121.58735,1
500111070,20231026,656,18,18,1,25.04177,121.58735,0
500111070,20231026,657,18,18,1,25.04177,121.58735,0
500111070,20231026,658,18,18,1,25.04177,121.58735,0
500111070,20231026,659,18,18,1,25.04177,121.58735,0
500111070,20231026,661,18,18,1,25.04177,121.58735,0
500111070,20231026,662,18,18,1,25.04177,121.58735,0
500111070,20231026,663,18,18,1,25.04177,121.58735,0
500111070,20231026,664,18,18,1,25.04177,121.58735,0
500111070,20231026,665,18,18,1,25.04177,121.58735,0
500111070,20231026,666,18,18,1,25.04177,121.58735,0
500111070,20231026,667,18,18,1,25.04177,121.58735,0
500111070,20231026,668,18,18,1,25.04177,121.58735,0
500111070,20231026,669,18,18,1,25.04177,121.58735,0
500111070,20231026,670,18,18,1,25.04177,121.58735,0
500111070,20231026,671,18,17,1,25.04177,121.58735,1
500111070,20231026,672,18,17,1,25.04177,121.58735,1
500111070,20231026,673,18,17,1,25.04177,121.58735,1
500111070,20231026,674,18,17,1,25.04177,121.58735,1
500111070,20231026,675,18,16,1,25.04177,121.58735,2
500111070,20231026,676,18,16,1,25.04177,121.58735,2
500111070,20231026,677,18,16,1,25.04177,121.58735,2
500111070,20231026,678,18,16,1,25.04177,121.58735,2
500111070,20231026,679,18,17,1,25.04177,121.58735,1
500111070,20231026,681,18,16,1,25.04177,121.58735,2
500111070,20231026,682,18,16,1,25.04177,121.58735,2
500111070,20231026,683,18,16,1,25.04177,121.58735,2
500111070,20231026,684,18,16,1,25.04177,121.58735,2
500111070,20231026,685,18,16,1,25.04177,121.58735,2
500111070,20231026,686,18,17,1,25.04177,121.58735,1
500111070,20231026,687,18,17,1,25.04177,121.58735,1
500111070,20231026,688,18,18,1,25.04177,121.58735,0
500111070,20231026,689,18,18,1,25.04177,121.58735,0
500111070,20231026,690,18,18,1,25.04177,121.58735,0
500111070,20231026,691,18,18,1,25.04177,121.58735,0
500111070,20231026,692,18,18,1,25.04177,121.58735,0
500111070,20231026,693,18,18,1,25.04177,121.58735,0
500111070,20231026,694,18,18,1,25.04177,121.58735,0
500111070,20231026,695,18,17,1,25.04177,121.58735,1
500111070,20231026,696,18,17,1,25.04177,121.58735,1
500111070,20231026,697,18,17,1,25.04177,121.58735,1
500111070,20231026,698,18,17,1,25.04177,121.58735,1
500111070,20231026,699,18,17,1,25.04177,121.58735,1
500111070,20231026,700,18,17,1,25.04177,121.58735,1
500111070,20231026,701,18,17,1,25.04177,121.58735,1
500111070,20231026,702,18,17,1,25.04177,121.58735,1
500111070,20231026,703,18,17,1,25.04177,121.58735,1
500111070,20231026,704,18,17,1,25.04177,121.58735,1
500111070,20231026,705,18,17,1,25.04177,121.58735,1
500111070,20231026,706,18,17,1,25.04177,121.58735,1
500111070,20231026,707,18,17,1,25.04177,121.58735,1
500111070,20231026,708,18,17,1,25.04177,121.58735,1
500111070,20231026,709,18,17,1,25.04177,121.58735,1
500111070,20231026,710,18,18,1,25.04177,121.58735,0
500111070,20231026,711,18,18,1,25.04177,121.58735,0
500111070,20231026,712,18,18,1,25.04177,121.58735,0
500111070,20231026,713,18,18,1,25.04177,121.58735,0
500111070,20231026,714,18,18,1,25.04177,121.58735,0
500111070,20231026,715,18,18,1,25.04177,121.58735,0
500111070,20231026,716,18,18,1,25.04177,121.58735,0
500111070,20231026,717,18,17,1,25.04177,121.58735,1
500111070,20231026,718,18,17,1,25.04177,121.58735,1
500111070,20231026,719,18,17,1,25.04177,121.58735,1
500111070,20231026,721,18,17,1,25.04177,121.58735,1
500111070,20231026,722,18,17,1,25.04177,121.58735,1
500111070,20231026,723,18,17,1,25.04177,121.58735,1
500111070,20231026,724,18,17,1,25.04177,121.58735,1
500111070,20231026,725,18,17,1,25.04177,121.58735,1
500111070,20231026,726,18,17,1,25.04177,121.58735,1
500111070,20231026,727,18,17,1,25.04177,121.58735,1
500111070,20231026,728,18,17,1,25.04177,121.58735,1
500111070,20231026,729,18,17,1,25.04177,121.58735,1
500111070,20231026,730,18,17,1,25.04177,121.58735,1
500111070,20231026,731,18,17,1,25.04177,121.58735,1
500111070,20231026,732,18,17,1,25.04177,121.58735,1
500111070,20231026,733,18,17,1,25.04177,121.58735,1
500111070,20231026,734,18,17,1,25.04177,121.58735,1
500111070,20231026,735,18,17,1,25.04177,121.58735,1
500111070,20231026,736,18,17,1,25.04177,121.58735,1
500111070,20231026,737,18,17,1,25.04177,121.58735,1
500111070,20231026,738,18,17,1,25.04177,121.58735,1
500111070,20231026,739,18,17,1,25.04177,121.58735,1
500111070,20231026,741,18,17,1,25.04177,121.58735,1
500111070,20231026,742,18,17,1,25.04177,121.58735,1
500111070,20231026,743,18,17,1,25.04177,121.58735,1
500111070,20231026,744,18,17,1,25.04177,121.58735,1
500111070,20231026,745,18,17,1,25.04177,121.58735,1
500111070,20231026,746,18,17,1,25.04177,121.58735,1
500111070,20231026,747,18,17,1,25.04177,121.58735,1
500111070,20231026,748,18,17,1,25.04177,121.58735,1
500111070,20231026,749,18,17,1,25.04177,121.58735,1
500111070,20231026,751,18,17,1,25.04177,121.58735,1
500111070,20231026,752,18,17,1,25.04177,121.58735,1
500111070,20231026,753,18,17,1,25.04177,121.58735,1
500111070,20231026,754,18,17,1,25.04177,121.58735,1
500111070,20231026,755,18,17,1,25.04177,121.58735,1
500111070,20231026,756,18,17,1,25.04177,121.58735,1
500111070,20231026,757,18,17,1,25.04177,121.58735,1
500111070,20231026,758,18,17,1,25.04177,121.58735,1
500111070,20231026,759,18,17,1,25.04177,121.58735,1
500111070,20231026,760,18,16,1,25.04177,121.58735,2
500111070,20231026,761,18,16,1,25.04177,121.58735,2
500111070,20231026,762,18,16,1,25.04177,121.58735,2
500111070,20231026,763,18,16,1,25.04177,121.58735,2
500111070,20231026,764,18,16,1,25.04177,121.58735,2
500111070,20231026,765,18,16,1,25.04177,121.58735,2
500111070,20231026,766,18,16,1,25.04177,121.58735,2
500111070,20231026,767,18,16,1,25.04177,121.58735,2
500111070,20231026,768,18,16,1,25.04177,121.58735,2
500111070,20231026,769,18,16,1,25.04177,121.58735,2
500111070,20231026,770,18,16,1,25.04177,121.58735,2
500111070,20231026,771,18,16,1,25.04177,121.58735,2
500111070,20231026,772,18,16,1,25.04177,121.58735,2
500111070,20231026,773,18,16,1,25.04177,121.58735,2
500111070,20231026,774,18,16,1,25.04177,121.58735,2
500111070,20231026,775,18,16,1,25.04177,121.58735,2
500111070,20231026,776,18,16,1,25.04177,121.58735,2
500111070,20231026,777,18,16,1,25.04177,121.58735,2
500111070,20231026,778,18,16,1,25.04177,121.58735,2
500111070,20231026,779,18,16,1,25.04177,121.58735,2
500111070,20231026,781,18,16,1,25.04177,121.58735,2
500111070,20231026,782,18,16,1,25.04177,121.58735,2
500111070,20231026,783,18,16,1,25.04177,121.58735,2
500111070,20231026,784,18,16,1,25.04177,121.58735,2
500111070,20231026,785,18,16,1,25.04177,121.58735,2
500111070,20231026,786,18,16,1,25.04177,121.58735,2
500111070,20231026,787,18,16,1,25.04177,121.58735,2
500111070,20231026,788,18,16,1,25.04177,121.58735,2
500111070,20231026,789,18,16,1,25.04177,121.58735,2
500111070,20231026,790,18,17,1,25.04177,121.58735,1
500111070,20231026,791,18,16,1,25.04177,121.58735,2
500111070,20231026,792,18,16,1,25.04177,121.58735,2
500111070,20231026,793,18,16,1,25.04177,121.58735,2
500111070,20231026,794,18,16,1,25.04177,121.58735,2
500111070,20231026,795,18,16,1,25.04177,121.58735,2
500111070,20231026,796,18,16,1,25.04177,121.58735,2
500111070,20231026,797,18,16,1,25.04177,121.58735,2
500111070,20231026,798,18,16,1,25.04177,121.58735,2
500111070,20231026,799,18,16,1,25.04177,121.58735,2
500111070,20231026,801,18,16,1,25.04177,121.58735,2
500111070,20231026,802,18,16,1,25.04177,121.58735,2
500111070,20231026,803,18,16,1,25.04177,121.58735,2
500111070,20231026,804,18,16,1,25.04177,121.58735,2
500111070,20231026,805,18,16,1,25.04177,121.58735,2
500111070,20231026,806,18,16,1,25.04177,121.58735,2
500111070,20231026,807,18,16,1,25.04177,121.58735,2
500111070,20231026,808,18,17,1,25.04177,121.58735,1
500111070,20231026,809,18,18,1,25.04177,121.58735,0
500111070,20231026,811,18,18,1,25.04177,121.58735,0
500111070,20231026,812,18,18,1,25.04177,121.58735,0
500111070,20231026,813,18,18,1,25.04177,121.58735,0
500111070,20231026,814,18,18,1,25.04177,121.58735,0
500111070,20231026,815,18,18,1,25.04177,121.58735,0
500111070,20231026,816,18,18,1,25.04177,121.58735,0
500111070,20231026,817,18,18,1,25.04177,121.58735,0
500111070,20231026,818,18,18,1,25.04177,121.58735,0
500111070,20231026,819,18,18,1,25.04177,121.58735,0
500111070,20231026,820,18,18,1,25.04177,121.58735,0
500111070,20231026,821,18,18,1,25.04177,121.58735,0
500111070,20231026,822,18,18,1,25.04177,121.58735,0
500111070,20231026,823,18,18,1,25.04177,121.58735,0
500111070,20231026,824,18,18,1,25.04177,121.58735,0
500111070,20231026,825,18,18,1,25.04177,121.58735,0
500111070,20231026,826,18,18,1,25.04177,121.58735,0
500111070,20231026,827,18,18,1,25.04177,121.58735,0
500111070,20231026,828,18,18,1,25.04177,121.58735,0
500111070,20231026,829,18,18,1,25.04177,121.58735,0
500111070,20231026,830,18,18,1,25.04177,121.58735,0
500111070,20231026,831,18,18,1,25.04177,121.58735,0
500111070,20231026,832,18,18,1,25.04177,121.58735,0
500111070,20231026,833,18,18,1,25.04177,121.58735,0
500111070,20231026,834,18,18,1,25.04177,121.58735,0
500111070,20231026,835,18,18,1,25.04177,121.58735,0
500111070,20231026,836,18,18,1,25.04177,121.58735,0
500111070,20231026,837,18,18,1,25.04177,121.58735,0
500111070,20231026,838,18,18,1,25.04177,121.58735,0
500111070,20231026,839,18,18,1,25.04177,121.58735,0
500111070,20231026,841,18,18,1,25.04177,121.58735,0
500111070,20231026,842,18,18,1,25.04177,121.58735,0
500111070,20231026,843,18,18,1,25.04177,121.58735,0
500111070,20231026,844,18,18,1,25.04177,121.58735,0
500111070,20231026,845,18,18,1,25.04177,121.58735,0
500111070,20231026,846,18,18,1,25.04177,121.58735,0
500111070,20231026,847,18,18,1,25.04177,121.58735,0
500111070,20231026,848,18,18,1,25.04177,121.58735,0
500111070,20231026,849,18,18,1,25.04177,121.58735,0
500111070,20231026,850,18,18,1,25.04177,121.58735,0
500111070,20231026,851,18,18,1,25.04177,121.58735,0
500111070,20231026,852,18,18,1,25.04177,121.58735,0
500111070,20231026,853,18,18,1,25.04177,121.58735,0
500111070,20231026,854,18,18,1,25.04177,121.58735,0
500111070,20231026,855,18,18,1,25.04177,121.58735,0
500111070,20231026,856,18,18,1,25.04177,121.58735,0
500111070,20231026,857,18,18,1,25.04177,121.58735,0
500111070,20231026,858,18,18,1,25.04177,121.58735,0
500111070,20231026,859,18,18,1,25.04177,121.58735,0
500111070,20231026,861,18,18,1,25.04177,121.58735,0
500111070,20231026,862,18,18,1,25.04177,121.58735,0
500111070,20231026,863,18,18,1,25.04177,121.58735,0
500111070,20231026,864,18,18,1,25.04177,121.58735,0
500111070,20231026,865,18,18,1,25.04177,121.58735,0
500111070,20231026,866,18,18,1,25.04177,121.58735,0
500111070,20231026,867,18,18,1,25.04177,121.58735,0
500111070,20231026,868,18,18,1,25.04177,121.58735,0
500111070,20231026,869,18,18,1,25.04177,121.58735,0
500111070,20231026,870,18,18,1,25.04177,121.58735,0
500111070,20231026,871,18,18,1,25.04177,121.58735,0
500111070,20231026,872,18,18,1,25.04177,121.58735,0
500111070,20231026,873,18,18,1,25.04177,121.58735,0
500111070,20231026,874,18,18,1,25.04177,121.58735,0
500111070,20231026,876,18,18,1,25.04177,121.58735,0
500111070,20231026,877,18,18,1,25.04177,121.58735,0
500111070,20231026,878,18,18,1,25.04177,121.58735,0
500111070,20231026,879,18,18,1,25.04177,121.58735,0
500111070,20231026,880,18,18,1,25.04177,121.58735,0
500111070,20231026,881,18,18,1,25.04177,121.58735,0
500111070,20231026,882,18,18,1,25.04177,121.58735,0
500111070,20231026,883,18,18,1,25.04177,121.58735,0
500111070,20231026,884,18,18,1,25.04177,121.58735,0
500111070,20231026,885,18,18,1,25.04177,121.58735,0
500111070,20231026,886,18,18,1,25.04177,121.58735,0
500111070,20231026,887,18,18,1,25.04177,121.58735,0
500111070,20231026,888,18,18,1,25.04177,121.58735,0
500111070,20231026,889,18,18,1,25.04177,121.58735,0
500111070,20231026,890,18,18,1,25.04177,121.58735,0
500111070,20231026,891,18,18,1,25.04177,121.58735,0
500111070,20231026,892,18,18,1,25.04177,121.58735,0
500111070,20231026,893,18,18,1,25.04177,121.58735,0
500111070,20231026,894,18,18,1,25.04177,121.58735,0
500111070,20231026,895,18,18,1,25.04177,121.58735,0
500111070,20231026,896,18,17,1,25.04177,121.58735,1
500111070,20231026,897,18,17,1,25.04177,121.58735,1
500111070,20231026,898,18,17,1,25.04177,121.58735,1
500111070,20231026,899,18,17,1,25.04177,121.58735,1
500111070,20231026,901,18,17,1,25.04177,121.58735,1
500111070,20231026,902,18,17,1,25.04177,121.58735,1
500111070,20231026,903,18,17,1,25.04177,121.58735,1
500111070,20231026,904,18,17,1,25.04177,121.58735,1
500111070,20231026,905,18,16,1,25.04177,121.58735,2
500111070,20231026,906,18,16,1,25.04177,121.58735,2
500111070,20231026,907,18,17,1,25.04177,121.58735,1
500111070,20231026,908,18,17,1,25.04177,121.58735,1
500111070,20231026,909,18,17,1,25.04177,121.58735,1
500111070,20231026,910,18,17,1,25.04177,121.58735,1
500111070,20231026,911,18,17,1,25.04177,121.58735,1
500111070,20231026,912,18,17,1,25.04177,121.58735,1
500111070,20231026,913,18,17,1,25.04177,121.58735,1
500111070,20231026,914,18,17,1,25.04177,121.58735,1
500111070,20231026,915,18,17,1,25.04177,121.58735,1
500111070,20231026,916,18,17,1,25.04177,121.58735,1
500111070,20231026,917,18,17,1,25.04177,121.58735,1
500111070,20231026,918,18,17,1,25.04177,121.58735,1
500111070,20231026,919,18,17,1,25.04177,121.58735,1
500111070,20231026,921,18,17,1,25.04177,121.58735,1
500111070,20231026,922,18,17,1,25.04177,121.58735,1
500111070,20231026,923,18,17,1,25.04177,121.58735,1
500111070,20231026,924,18,17,1,25.04177,121.58735,1
500111070,20231026,925,18,17,1,25.04177,121.58735,1
500111070,20231026,926,18,17,1,25.04177,121.58735,1
500111070,20231026,927,18,17,1,25.04177,121.58735,1
500111070,20231026,928,18,17,1,25.04177,121.58735,1
500111070,20231026,929,18,17,1,25.04177,121.58735,1
500111070,20231026,931,18,17,1,25.04177,121.58735,1
500111070,20231026,932,18,18,1,25.04177,121.58735,0
500111070,20231026,933,18,18,1,25.04177,121.58735,0
500111070,20231026,934,18,18,1,25.04177,121.58735,0
500111070,20231026,935,18,18,1,25.04177,121.58735,0
500111070,20231026,936,18,18,1,25.04177,121.58735,0
500111070,20231026,937,18,18,1,25.04177,121.58735,0
500111070,20231026,938,18,18,1,25.04177,121.58735,0
500111070,20231026,939,18,18,1,25.04177,121.58735,0
500111070,20231026,940,18,18,1,25.04177,121.58735,0
500111070,20231026,941,18,18,1,25.04177,121.58735,0
500111070,20231026,942,18,18,1,25.04177,121.58735,0
500111070,20231026,943,18,18,1,25.04177,121.58735,0
500111070,20231026,944,18,18,1,25.04177,121.58735,0
500111070,20231026,945,18,18,1,25.04177,121.58735,0
500111070,20231026,946,18,18,1,25.04177,121.58735,0
500111070,20231026,947,18,18,1,25.04177,121.58735,0
500111070,20231026,948,18,18,1,25.04177,121.58735,0
500111070,20231026,949,18,18,1,25.04177,121.58735,0
500111070,20231026,950,18,17,1,25.04177,121.58735,1
500111070,20231026,951,18,17,1,25.04177,121.58735,1
500111070,20231026,952,18,18,1,25.04177,121.58735,0
500111070,20231026,953,18,18,1,25.04177,121.58735,0
500111070,20231026,954,18,18,1,25.04177,121.58735,0
500111070,20231026,955,18,18,1,25.04177,121.58735,0
500111070,20231026,956,18,18,1,25.04177,121.58735,0
500111070,20231026,957,18,18,1,25.04177,121.58735,0
500111070,20231026,958,18,18,1,25.04177,121.58735,0
500111070,20231026,959,18,18,1,25.04177,121.58735,0
500111070,20231026,961,18,17,1,25.04177,121.58735,1
500111070,20231026,962,18,17,1,25.04177,121.58735,1
500111070,20231026,963,18,17,1,25.04177,121.58735,1
500111070,20231026,964,18,17,1,25.04177,121.58735,1
500111070,20231026,965,18,17,1,25.04177,121.58735,1
500111070,20231026,966,18,17,1,25.04177,121.58735,1
500111070,20231026,967,18,17,1,25.04177,121.58735,1
500111070,20231026,968,18,17,1,25.04177,121.58735,1
500111070,20231026,969,18,17,1,25.04177,121.58735,1
500111070,20231026,970,18,17,1,25.04177,121.58735,1
500111070,20231026,971,18,17,1,25.04177,121.58735,1
500111070,20231026,972,18,17,1,25.04177,121.58735,1
500111070,20231026,973,18,17,1,25.04177,121.58735,1
500111070,20231026,974,18,17,1,25.04177,121.58735,1
500111070,20231026,975,18,16,1,25.04177,121.58735,2
500111070,20231026,976,18,17,1,25.04177,121.58735,1
500111070,20231026,977,18,17,1,25.04177,121.58735,1
500111070,20231026,978,18,17,1,25.04177,121.58735,1
500111070,20231026,979,18,17,1,25.04177,121.58735,1
500111070,20231026,981,18,17,1,25.04177,121.58735,1
500111070,20231026,982,18,17,1,25.04177,121.58735,1
500111070,20231026,983,18,17,1,25.04177,121.58735,1
500111070,20231026,984,18,17,1,25.04177,121.58735,1
500111070,20231026,985,18,17,1,25.04177,121.58735,1
500111070,20231026,986,18,17,1,25.04177,121.58735,1
500111070,20231026,987,18,17,1,25.04177,121.58735,1
500111070,20231026,988,18,18,1,25.04177,121.58735,0
500111070,20231026,989,18,18,1,25.04177,121.58735,0
500111070,20231026,991,18,18,1,25.04177,121.58735,0
500111070,20231026,992,18,18,1,25.04177,121.58735,0
500111070,20231026,993,18,18,1,25.04177,121.58735,0
500111070,20231026,994,18,18,1,25.04177,121.58735,0
500111070,20231026,995,18,18,1,25.04177,121.58735,0
500111070,20231026,996,18,18,1,25.04177,121.58735,0
500111070,20231026,997,18,18,1,25.04177,121.58735,0
500111070,20231026,998,18,18,1,25.04177,121.58735,0
500111070,20231026,999,18,18,1,25.04177,121.58735,0
500111070,20231026,1000,18,18,1,25.04177,121.58735,0
500111070,20231026,1001,18,18,1,25.04177,121.58735,0
500111070,20231026,1002,18,16,1,25.04177,121.58735,2
500111070,20231026,1003,18,15,1,25.04177,121.58735,3
500111070,20231026,1004,18,15,1,25.04177,121.58735,3
500111070,20231026,1005,18,15,1,25.04177,121.58735,3
500111070,20231026,1006,18,14,1,25.04177,121.58735,4
500111070,20231026,1007,18,15,1,25.04177,121.58735,3
500111070,20231026,1008,18,16,1,25.04177,121.58735,2
500111070,20231026,1009,18,16,1,25.04177,121.58735,2
500111070,20231026,1010,18,16,1,25.04177,121.58735,2
500111070,20231026,1011,18,16,1,25.04177,121.58735,2
500111070,20231026,1012,18,17,1,25.04177,121.58735,1
500111070,20231026,1013,18,17,1,25.04177,121.58735,1
500111070,20231026,1014,18,17,1,25.04177,121.58735,1
500111070,20231026,1015,18,17,1,25.04177,121.58735,1
500111070,20231026,1016,18,16,1,25.04177,121.58735,2
500111070,20231026,1017,18,16,1,25.04177,121.58735,2
500111070,20231026,1018,18,16,1,25.04177,121.58735,2
500111070,20231026,1019,18,16,1,25.04177,121.58735,2
500111070,20231026,1021,18,16,1,25.04177,121.58735,2
500111070,20231026,1022,18,16,1,25.04177,121.58735,2
500111070,20231026,1023,18,16,1,25.04177,121.58735,2
500111070,20231026,1024,18,16,1,25.04177,121.58735,2
500111070,20231026,1025,18,16,1,25.04177,121.58735,2
500111070,20231026,1026,18,15,1,25.04177,121.58735,3
500111070,20231026,1027,18,16,1,25.04177,121.58735,2
500111070,20231026,1028,18,16,1,25.04177,121.58735,2
500111070,20231026,1029,18,16,1,25.04177,121.58735,2
500111070,20231026,1030,18,16,1,25.04177,121.58735,2
500111070,20231026,1031,18,16,1,25.04177,121.58735,2
500111070,20231026,1032,18,16,1,25.04177,121.58735,2
500111070,20231026,1033,18,16,1,25.04177,121.58735,2
500111070,20231026,1034,18,15,1,25.04177,121.58735,3
500111070,20231026,1035,18,12,1,25.04177,121.58735,6
500111070,20231026,1036,18,11,1,25.04177,121.58735,7
500111070,20231026,1037,18,11,1,25.04177,121.58735,7
500111070,20231026,1038,18,11,1,25.04177,121.58735,7
500111070,20231026,1039,18,10,1,25.04177,121.58735,8
500111070,20231026,1041,18,10,1,25.04177,121.58735,8
500111070,20231026,1042,18,10,1,25.04177,121.58735,8
500111070,20231026,1043,18,10,1,25.04177,121.58735,8
500111070,20231026,1044,18,11,1,25.04177,121.58735,7
500111070,20231026,1045,18,11,1,25.04177,121.58735,7
500111070,20231026,1046,18,13,1,25.04177,121.58735,5
500111070,20231026,1047,18,13,1,25.04177,121.58735,5
500111070,20231026,1048,18,12,1,25.04177,121.58735,6
500111070,20231026,1049,18,12,1,25.04177,121.58735,6
500111070,20231026,1050,18,12,1,25.04177,121.58735,6
500111070,20231026,1051,18,12,1,25.04177,121.58735,6
500111070,20231026,1052,18,13,1,25.04177,121.58735,5
500111070,20231026,1053,18,13,1,25.04177,121.58735,5
500111070,20231026,1054,18,13,1,25.04177,121.58735,5
500111070,20231026,1055,18,12,1,25.04177,121.58735,6
500111070,20231026,1056,18,12,1,25.04177,121.58735,6
500111070,20231026,1057,18,12,1,25.04177,121.58735,6
500111070,20231026,1058,18,12,1,25.04177,121.58735,6
500111070,20231026,1059,18,13,1,25.04177,121.58735,5
500111070,20231026,1061,18,13,1,25.04177,121.58735,5
500111070,20231026,1063,18,13,1,25.04177,121.58735,5
500111070,20231026,1064,18,12,1,25.04177,121.58735,6
500111070,20231026,1065,18,12,1,25.04177,121.58735,6
500111070,20231026,1066,18,11,1,25.04177,121.58735,7
500111070,20231026,1067,18,11,1,25.04177,121.58735,7
500111070,20231026,1068,18,10,1,25.04177,121.58735,8
500111070,20231026,1069,18,10,1,25.04177,121.58735,8
500111070,20231026,1070,18,10,1,25.04177,121.58735,8
500111070,20231026,1071,18,8,1,25.04177,121.58735,10
500111070,20231026,1072,18,8,1,25.04177,121.58735,10
500111070,20231026,1073,18,8,1,25.04177,121.58735,10
500111070,20231026,1074,18,8,1,25.04177,121.58735,10
500111070,20231026,1075,18,8,1,25.04177,121.58735,10
500111070,20231026,1076,18,8,1,25.04177,121.58735,10
500111070,20231026,1077,18,8,1,25.04177,121.58735,10
500111070,20231026,1078,18,8,1,25.04177,121.58735,10
500111070,20231026,1079,18,7,1,25.04177,121.58735,11
500111070,20231026,1081,18,6,1,25.04177,121.58735,12
500111070,20231026,1082,18,6,1,25.04177,121.58735,12
500111070,20231026,1083,18,6,1,25.04177,121.58735,12
500111070,20231026,1084,18,6,1,25.04177,121.58735,12
500111070,20231026,1085,18,6,1,25.04177,121.58735,12
500111070,20231026,1086,18,5,1,25.04177,121.58735,13
500111070,20231026,1087,18,5,1,25.04177,121.58735,13
500111070,20231026,1088,18,5,1,25.04177,121.58735,13
500111070,20231026,1089,18,7,1,25.04177,121.58735,11
500111070,20231026,1090,18,8,1,25.04177,121.58735,10
500111070,20231026,1091,18,8,1,25.04177,121.58735,10
500111070,20231026,1092,18,7,1,25.04177,121.58735,11
500111070,20231026,1093,18,6,1,25.04177,121.58735,12
500111070,20231026,1094,18,6,1,25.04177,121.58735,12
500111070,20231026,1095,18,6,1,25.04177,121.58735,12
500111070,20231026,1096,18,5,1,25.04177,121.58735,13
500111070,20231026,1097,18,4,1,25.04177,121.58735,14
500111070,20231026,1098,18,4,1,25.04177,121.58735,14
500111070,20231026,1099,18,4,1,25.04177,121.58735,14
500111070,20231026,1101,18,3,1,25.04177,121.58735,15
500111070,20231026,1102,18,4,1,25.04177,121.58735,14
500111070,20231026,1103,18,3,1,25.04177,121.58735,15
500111070,20231026,1104,18,2,1,25.04177,121.58735,16
500111070,20231026,1105,18,3,1,25.04177,121.58735,15
500111070,20231026,1106,18,3,1,25.04177,121.58735,15
500111070,20231026,1107,18,3,1,25.04177,121.58735,15
500111070,20231026,1108,18,2,1,25.04177,121.58735,16
500111070,20231026,1109,18,1,1,25.04177,121.58735,17
500111070,20231026,1111,18,2,1,25.04177,121.58735,16
500111070,20231026,1112,18,1,1,25.04177,121.58735,17
500111070,20231026,1113,18,0,1,25.04177,121.58735,18
500111070,20231026,1114,18,0,1,25.04177,121.58735,18
500111070,20231026,1115,18,0,1,25.04177,121.58735,18
500111070,20231026,1116,18,0,1,25.04177,121.58735,18
500111070,20231026,1117,18,0,1,25.04177,121.58735,18
500111070,20231026,1118,18,0,1,25.04177,121.58735,18
500111070,20231026,1119,18,0,1,25.04177,121.58735,18
500111070,20231026,1120,18,1,1,25.04177,121.58735,17
500111070,20231026,1121,18,0,1,25.04177,121.58735,18
500111070,20231026,1122,18,0,1,25.04177,121.58735,18
500111070,20231026,1123,18,0,1,25.04177,121.58735,18
500111070,20231026,1124,18,0,1,25.04177,121.58735,18
500111070,20231026,1125,18,0,1,25.04177,121.58735,18
500111070,20231026,1126,18,0,1,25.04177,121.58735,18
500111070,20231026,1127,18,0,1,25.04177,121.58735,18
500111070,20231026,1128,18,0,1,25.04177,121.58735,18
500111070,20231026,1129,18,0,1,25.04177,121.58735,18
500111070,20231026,1130,18,1,1,25.04177,121.58735,17
500111070,20231026,1131,18,2,1,25.04177,121.58735,16
500111070,20231026,1132,18,4,1,25.04177,121.58735,14
500111070,20231026,1133,18,6,1,25.04177,121.58735,12
500111070,20231026,1134,18,8,1,25.04177,121.58735,10
500111070,20231026,1135,18,8,1,25.04177,121.58735,10
500111070,20231026,1136,18,12,1,25.04177,121.58735,6
500111070,20231026,1137,18,12,1,25.04177,121.58735,6
500111070,20231026,1138,18,13,1,25.04177,121.58735,5
500111070,20231026,1139,18,13,1,25.04177,121.58735,5
500111070,20231026,1141,18,13,1,25.04177,121.58735,5
500111070,20231026,1142,18,13,1,25.04177,121.58735,5
500111070,20231026,1143,18,14,1,25.04177,121.58735,4
500111070,20231026,1144,18,14,1,25.04177,121.58735,4
500111070,20231026,1145,18,14,1,25.04177,121.58735,4
500111070,20231026,1146,18,14,1,25.04177,121.58735,4
500111070,20231026,1147,18,14,1,25.04177,121.58735,4
500111070,20231026,1148,18,13,1,25.04177,121.58735,5
500111070,20231026,1149,18,13,1,25.04177,121.58735,5
500111070,20231026,1150,18,13,1,25.04177,121.58735,5
500111070,20231026,1151,18,13,1,25.04177,121.58735,5
500111070,20231026,1152,18,13,1,25.04177,121.58735,5
500111070,20231026,1153,18,13,1,25.04177,121.58735,5
500111070,20231026,1154,18,13,1,25.04177,121.58735,5
500111070,20231026,1155,18,13,1,25.04177,121.58735,5
500111070,20231026,1156,18,13,1,25.04177,121.58735,5
500111070,20231026,1157,18,13,1,25.04177,121.58735,5
500111070,20231026,1158,18,11,1,25.04177,121.58735,7
500111070,20231026,1159,18,11,1,25.04177,121.58735,7
500111070,20231026,1161,18,9,1,25.04177,121.58735,9
500111070,20231026,1162,18,9,1,25.04177,121.58735,9
500111070,20231026,1163,18,9,1,25.04177,121.58735,9
500111070,20231026,1164,18,9,1,25.04177,121.58735,9
500111070,20231026,1165,18,9,1,25.04177,121.58735,9
500111070,20231026,1166,18,8,1,25.04177,121.58735,10
500111070,20231026,1167,18,8,1,25.04177,121.58735,10
500111070,20231026,1168,18,6,1,25.04177,121.58735,12
500111070,20231026,1169,18,6,1,25.04177,121.58735,12
500111070,20231026,1171,18,6,1,25.04177,121.58735,12
500111070,20231026,1172,18,6,1,25.04177,121.58735,12
500111070,20231026,1173,18,6,1,25.04177,121.58735,12
500111070,20231026,1174,18,6,1,25.04177,121.58735,12
500111070,20231026,1175,18,6,1,25.04177,121.58735,12
500111070,20231026,1176,18,4,1,25.04177,121.58735,14
500111070,20231026,1177,18,4,1,25.04177,121.58735,14
500111070,20231026,1178,18,4,1,25.04177,121.58735,14
500111070,20231026,1179,18,5,1,25.04177,121.58735,13
500111070,20231026,1180,18,7,1,25.04177,121.58735,11
500111070,20231026,1181,18,9,1,25.04177,121.58735,9
500111070,20231026,1183,18,15,1,25.04177,121.58735,3
500111070,20231026,1184,18,16,1,25.04177,121.58735,2
500111070,20231026,1185,18,18,1,25.04177,121.58735,0
500111070,20231026,1186,18,18,1,25.04177,121.58735,0
500111070,20231026,1187,18,18,1,25.04177,121.58735,0
500111070,20231026,1188,18,18,1,25.04177,121.58735,0
500111070,20231026,1189,18,18,1,25.04177,121.58735,0
500111070,20231026,1190,18,18,1,25.04177,121.58735,0
500111070,20231026,1191,18,16,1,25.04177,121.58735,2
500111070,20231026,1193,18,17,1,25.04177,121.58735,1
500111070,20231026,1194,18,17,1,25.04177,121.58735,1
500111070,20231026,1195,18,17,1,25.04177,121.58735,1
500111070,20231026,1196,18,17,1,25.04177,121.58735,1
500111070,20231026,1197,18,17,1,25.04177,121.58735,1
500111070,20231026,1198,18,17,1,25.04177,121.58735,1
500111070,20231026,1199,18,17,1,25.04177,121.58735,1
500111070,20231026,1201,18,16,1,25.04177,121.58735,2
500111070,20231026,1202,18,15,1,25.04177,121.58735,3
500111070,20231026,1203,18,15,1,25.04177,121.58735,3
500111070,20231026,1205,18,16,1,25.04177,121.58735,2
500111070,20231026,1206,18,16,1,25.04177,121.58735,2
500111070,20231026,1207,18,17,1,25.04177,121.58735,1
500111070,20231026,1208,18,17,1,25.04177,121.58735,1
500111070,20231026,1209,18,17,1,25.04177,121.58735,1
500111070,20231026,1210,18,17,1,25.04177,121.58735,1
500111070,20231026,1211,18,17,1,25.04177,121.58735,1
500111070,20231026,1212,18,17,1,25.04177,121.58735,1
500111070,20231026,1213,18,17,1,25.04177,121.58735,1
500111070,20231026,1214,18,18,1,25.04177,121.58735,0
500111070,20231026,1215,18,18,1,25.04177,121.58735,0
500111070,20231026,1216,18,18,1,25.04177,121.58735,0
500111070,20231026,1217,18,18,1,25.04177,121.58735,0
500111070,20231026,1218,18,18,1,25.04177,121.58735,0
500111070,20231026,1219,18,18,1,25.04177,121.58735,0
500111070,20231026,1221,18,18,1,25.04177,121.58735,0
500111070,20231026,1222,18,18,1,25.04177,121.58735,0
500111070,20231026,1223,18,18,1,25.04177,121.58735,0
500111070,20231026,1224,18,18,1,25.04177,121.58735,0
500111070,20231026,1225,18,18,1,25.04177,121.58735,0
500111070,20231026,1226,18,18,1,25.04177,121.58735,0
500111070,20231026,1227,18,18,1,25.04177,121.58735,0
500111070,20231026,1228,18,17,1,25.04177,121.58735,1
500111070,20231026,1229,18,17,1,25.04177,121.58735,1
500111070,20231026,1231,18,17,1,25.04177,121.58735,1
500111070,20231026,1232,18,17,1,25.04177,121.58735,1
500111070,20231026,1233,18,17,1,25.04177,121.58735,1
500111070,20231026,1234,18,17,1,25.04177,121.58735,1
500111070,20231026,1235,18,17,1,25.04177,121.58735,1
500111070,20231026,1236,18,17,1,25.04177,121.58735,1
500111070,20231026,1237,18,17,1,25.04177,121.58735,1
500111070,20231026,1238,18,17,1,25.04177,121.58735,1
500111070,20231026,1239,18,17,1,25.04177,121.58735,1
500111070,20231026,1240,18,17,1,25.04177,121.58735,1
500111070,20231026,1241,18,17,1,25.04177,121.58735,1
500111070,20231026,1242,18,17,1,25.04177,121.58735,1
500111070,20231026,1243,18,17,1,25.04177,121.58735,1
500111070,20231026,1244,18,16,1,25.04177,121.58735,2
500111070,20231026,1245,18,16,1,25.04177,121.58735,2
500111070,20231026,1246,18,18,1,25.04177,121.58735,0
500111070,20231026,1247,18,18,1,25.04177,121.58735,0
500111070,20231026,1248,18,18,1,25.04177,121.58735,0
500111070,20231026,1249,18,17,1,25.04177,121.58735,1
500111070,20231026,1250,18,16,1,25.04177,121.58735,2
500111070,20231026,1251,18,16,1,25.04177,121.58735,2
500111070,20231026,1252,18,16,1,25.04177,121.58735,2
500111070,20231026,1253,18,16,1,25.04177,121.58735,2
500111070,20231026,1254,18,16,1,25.04177,121.58735,2
500111070,20231026,1255,18,16,1,25.04177,121.58735,2
500111070,20231026,1256,18,15,1,25.04177,121.58735,3
500111070,20231026,1257,18,15,1,25.04177,121.58735,3
500111070,20231026,1258,18,15,1,25.04177,121.58735,3
500111070,20231026,1259,18,14,1,25.04177,121.58735,4
500111070,20231026,1261,18,13,1,25.04177,121.58735,5
500111070,20231026,1262,18,13,1,25.04177,121.58735,5
500111070,20231026,1263,18,13,1,25.04177,121.58735,5
500111070,20231026,1264,18,13,1,25.04177,121.58735,5
500111070,20231026,1265,18,14,1,25.04177,121.58735,4
500111070,20231026,1266,18,14,1,25.04177,121.58735,4
500111070,20231026,1267,18,14,1,25.04177,121.58735,4
500111070,20231026,1268,18,14,1,25.04177,121.58735,4
500111070,20231026,1269,18,14,1,25.04177,121.58735,4
500111070,20231026,1270,18,14,1,25.04177,121.58735,4
500111070,20231026,1271,18,14,1,25.04177,121.58735,4
500111070,20231026,1272,18,14,1,25.04177,121.58735,4
500111070,20231026,1273,18,13,1,25.04177,121.58735,5
500111070,20231026,1274,18,12,1,25.04177,121.58735,6
500111070,20231026,1275,18,12,1,25.04177,121.58735,6
500111070,20231026,1276,18,12,1,25.04177,121.58735,6
500111070,20231026,1277,18,13,1,25.04177,121.58735,5
500111070,20231026,1278,18,14,1,25.04177,121.58735,4
500111070,20231026,1279,18,14,1,25.04177,121.58735,4
500111070,20231026,1281,18,17,1,25.04177,121.58735,1
500111070,20231026,1282,18,17,1,25.04177,121.58735,1
500111070,20231026,1283,18,18,1,25.04177,121.58735,0
500111070,20231026,1284,18,18,1,25.04177,121.58735,0
500111070,20231026,1285,18,18,1,25.04177,121.58735,0
500111070,20231026,1286,18,17,1,25.04177,121.58735,1
500111070,20231026,1287,18,17,1,25.04177,121.58735,1
500111070,20231026,1288,18,17,1,25.04177,121.58735,1
500111070,20231026,1289,18,16,1,25.04177,121.58735,2
500111070,20231026,1291,18,16,1,25.04177,121.58735,2
500111070,20231026,1292,18,16,1,25.04177,121.58735,2
500111070,20231026,1293,18,16,1,25.04177,121.58735,2
500111070,20231026,1294,18,15,1,25.04177,121.58735,3
500111070,20231026,1295,18,15,1,25.04177,121.58735,3
500111070,20231026,1296,18,15,1,25.04177,121.58735,3
500111070,20231026,1297,18,15,1,25.04177,121.58735,3
500111070,20231026,1298,18,14,1,25.04177,121.58735,4
500111070,20231026,1299,18,14,1,25.04177,121.58735,4
500111070,20231026,1300,18,13,1,25.04177,121.58735,5
500111070,20231026,1301,18,13,1,25.04177,121.58735,5
500111070,20231026,1302,18,13,1,25.04177,121.58735,5
500111070,20231026,1303,18,12,1,25.04177,121.58735,6
500111070,20231026,1304,18,12,1,25.04177,121.58735,6
500111070,20231026,1305,18,12,1,25.04177,121.58735,6
500111070,20231026,1306,18,11,1,25.04177,121.58735,7
500111070,20231026,1307,18,10,1,25.04177,121.58735,8
500111070,20231026,1308,18,10,1,25.04177,121.58735,8
500111070,20231026,1309,18,10,1,25.04177,121.58735,8
500111070,20231026,1310,18,10,1,25.04177,121.58735,8
500111070,20231026,1311,18,9,1,25.04177,121.58735,9
500111070,20231026,1312,18,9,1,25.04177,121.58735,9
500111070,20231026,1313,18,8,1,25.04177,121.58735,10
500111070,20231026,1314,18,8,1,25.04177,121.58735,10
500111070,20231026,1315,18,8,1,25.04177,121.58735,10
500111070,20231026,1316,18,8,1,25.04177,121.58735,10
500111070,20231026,1317,18,8,1,25.04177,121.58735,10
500111070,20231026,1318,18,8,1,25.04177,121.58735,10
500111070,20231026,1319,18,8,1,25.04177,121.58735,10
500111070,20231026,1321,18,8,1,25.04177,121.58735,10
500111070,20231026,1322,18,7,1,25.04177,121.58735,11
500111070,20231026,1323,18,7,1,25.04177,121.58735,11
500111070,20231026,1324,18,7,1,25.04177,121.58735,11
500111070,20231026,1325,18,7,1,25.04177,121.58735,11
500111070,20231026,1326,18,7,1,25.04177,121.58735,11
500111070,20231026,1327,18,7,1,25.04177,121.58735,11
500111070,20231026,1328,18,7,1,25.04177,121.58735,11
500111070,20231026,1329,18,6,1,25.04177,121.58735,12
500111070,20231026,1330,18,6,1,25.04177,121.58735,12
500111070,20231026,1331,18,6,1,25.04177,121.58735,12
500111070,20231026,1332,18,6,1,25.04177,121.58735,12
500111070,20231026,1333,18,6,1,25.04177,121.58735,12
500111070,20231026,1334,18,4,1,25.04177,121.58735,14
500111070,20231026,1335,18,4,1,25.04177,121.58735,14
500111070,20231026,1336,18,4,1,25.04177,121.58735,14
500111070,20231026,1337,18,4,1,25.04177,121.58735,14
500111070,20231026,1338,18,4,1,25.04177,121.58735,14
500111070,20231026,1339,18,4,1,25.04177,121.58735,14
500111070,20231026,1341,18,4,1,25.04177,121.58735,14
500111070,20231026,1342,18,4,1,25.04177,121.58735,14
500111070,20231026,1343,18,3,1,25.04177,121.58735,15
500111070,20231026,1344,18,2,1,25.04177,121.58735,16
500111070,20231026,1345,18,2,1,25.04177,121.58735,16
500111070,20231026,1346,18,2,1,25.04177,121.58735,16
500111070,20231026,1347,18,2,1,25.04177,121.58735,16
500111070,20231026,1348,18,2,1,25.04177,121.58735,16
500111070,20231026,1349,18,2,1,25.04177,121.58735,16
500111070,20231026,1350,18,2,1,25.04177,121.58735,16
500111070,20231026,1351,18,0,1,25.04177,121.58735,18
500111070,20231026,1352,18,0,1,25.04177,121.58735,18
500111070,20231026,1353,18,0,1,25.04177,121.58735,18
500111070,20231026,1354,18,0,1,25.04177,121.58735,18
500111070,20231026,1355,18,0,1,25.04177,121.58735,18
500111070,20231026,1356,18,0,1,25.04177,121.58735,18
500111070,20231026,1357,18,0,1,25.04177,121.58735,18
500111070,20231026,1358,18,0,1,25.04177,121.58735,18
500111070,20231026,1359,18,0,1,25.04177,121.58735,18
500111070,20231026,1360,18,0,1,25.04177,121.58735,18
500111070,20231026,1361,18,0,1,25.04177,121.58735,18
500111070,20231026,1362,18,0,1,25.04177,121.58735,18
500111070,20231026,1363,18,1,1,25.04177,121.58735,17
500111070,20231026,1364,18,2,1,25.04177,121.58735,16
500111070,20231026,1365,18,2,1,25.04177,121.58735,16
500111070,20231026,1366,18,2,1,25.04177,121.58735,16
500111070,20231026,1367,18,2,1,25.04177,121.58735,16
500111070,20231026,1368,18,2,1,25.04177,121.58735,16
500111070,20231026,1369,18,2,1,25.04177,121.58735,16
500111070,20231026,1370,18,2,1,25.04177,121.58735,16
500111070,20231026,1371,18,2,1,25.04177,121.58735,16
500111070,20231026,1372,18,1,1,25.04177,121.58735,17
500111070,20231026,1373,18,1,1,25.04177,121.58735,17
500111070,20231026,1374,18,0,1,25.04177,121.58735,18
500111070,20231026,1375,18,0,1,25.04177,121.58735,18
500111070,20231026,1376,18,0,1,25.04177,121.58735,18
500111070,20231026,1377,18,0,1,25.04177,121.58735,18
500111070,20231026,1378,18,0,1,25.04177,121.58735,18
500111070,20231026,1379,18,0,1,25.04177,121.58735,18
500111070,20231026,1381,18,0,1,25.04177,121.58735,18
500111070,20231026,1382,18,0,1,25.04177,121.58735,18
500111070,20231026,1383,18,0,1,25.04177,121.58735,18
500111070,20231026,1384,18,0,1,25.04177,121.58735,18
500111070,20231026,1385,18,0,1,25.04177,121.58735,18
500111070,20231026,1386,18,0,1,25.04177,121.58735,18
500111070,20231026,1387,18,0,1,25.04177,121.58735,18
500111070,20231026,1388,18,0,1,25.04177,121.58735,18
500111070,20231026,1389,18,0,1,25.04177,121.58735,18
500111070,20231026,1390,18,0,1,25.04177,121.58735,18
500111070,20231026,1391,18,2,1,25.04177,121.58735,16
500111070,20231026,1392,18,4,1,25.04177,121.58735,14
500111070,20231026,1393,18,8,1,25.04177,121.58735,10
500111070,20231026,1394,18,8,1,25.04177,121.58735,10
500111070,20231026,1395,18,12,1,25.04177,121.58735,6
500111070,20231026,1396,18,14,1,25.04177,121.58735,4
500111070,20231026,1397,18,16,1,25.04177,121.58735,2
500111070,20231026,1398,18,16,1,25.04177,121.58735,2
500111070,20231026,1399,18,16,1,25.04177,121.58735,2
500111070,20231026,1401,18,17,1,25.04177,121.58735,1
500111070,20231026,1402,18,17,1,25.04177,121.58735,1
500111070,20231026,1403,18,18,1,25.04177,121.58735,0
500111070,20231026,1404,18,18,1,25.04177,121.58735,0
500111070,20231026,1405,18,18,1,25.04177,121.58735,0
500111070,20231026,1406,18,18,1,25.04177,121.58735,0
500111070,20231026,1407,18,18,1,25.04177,121.58735,0
500111070,20231026,1408,18,18,1,25.04177,121.58735,0
500111070,20231026,1409,18,18,1,25.04177,121.58735,0
500111070,20231026,1410,18,18,1,25.04177,121.58735,0
500111070,20231026,1411,18,18,1,25.04177,121.58735,0
500111070,20231026,1412,18,18,1,25.04177,121.58735,0
500111070,20231026,1413,18,18,1,25.04177,121.58735,0
500111070,20231026,1414,18,18,1,25.04177,121.58735,0
500111070,20231026,1415,18,18,1,25.04177,121.58735,0
500111070,20231026,1416,18,18,1,25.04177,121.58735,0
500111070,20231026,1417,18,18,1,25.04177,121.58735,0
500111070,20231026,1418,18,17,1,25.04177,121.58735,1
500111070,20231026,1419,18,17,1,25.04177,121.58735,1
500111070,20231026,1420,18,17,1,25.04177,121.58735,1
500111070,20231026,1421,18,17,1,25.04177,121.58735,1
500111070,20231026,1422,18,17,1,25.04177,121.58735,1
500111070,20231026,1423,18,17,1,25.04177,121.58735,1
500111070,20231026,1424,18,17,1,25.04177,121.58735,1
500111070,20231026,1425,18,17,1,25.04177,121.58735,1
500111070,20231026,1426,18,17,1,25.04177,121.58735,1
500111070,20231026,1427,18,17,1,25.04177,121.58735,1
500111070,20231026,1428,18,17,1,25.04177,121.58735,1
500111070,20231026,1429,18,17,1,25.04177,121.58735,1
500111070,20231026,1430,18,17,1,25.04177,121.58735,1
500111070,20231026,1431,18,17,1,25.04177,121.58735,1
500111070,20231026,1432,18,17,1,25.04177,121.58735,1
500111070,20231026,1433,18,17,1,25.04177,121.58735,1
500111070,20231026,1434,18,17,1,25.04177,121.58735,1
500111070,20231026,1435,18,17,1,25.04177,121.58735,1
500111070,20231026,1436,18,17,1,25.04177,121.58735,1
500111070,20231026,1437,18,17,1,25.04177,121.58735,1
500111070,20231026,1438,18,17,1,25.04177,121.58735,1
500111070,20231026,1439,18,17,1,25.04177,121.58735,1
500111070,20231027,1,18,17,1,25.04177,121.58735,1
500111070,20231027,2,18,17,1,25.04177,121.58735,1
500111070,20231027,3,18,17,1,25.04177,121.58735,1
500111070,20231027,4,18,17,1,25.04177,121.58735,1
500111070,20231027,5,18,17,1,25.04177,121.58735,1
500111070,20231027,6,18,17,1,25.04177,121.58735,1
500111070,20231027,7,18,17,1,25.04177,121.58735,1
500111070,20231027,8,18,17,1,25.04177,121.58735,1
500111070,20231027,9,18,17,1,25.04177,121.58735,1
500111070,20231027,10,18,17,1,25.04177,121.58735,1
500111070,20231027,11,18,17,1,25.04177,121.58735,1
500111070,20231027,12,18,17,1,25.04177,121.58735,1
500111070,20231027,13,18,17,1,25.04177,121.58735,1
500111070,20231027,14,18,17,1,25.04177,121.58735,1
500111070,20231027,15,18,17,1,25.04177,121.58735,1
500111070,20231027,16,18,17,1,25.04177,121.58735,1
500111070,20231027,17,18,17,1,25.04177,121.58735,1
500111070,20231027,18,18,16,1,25.04177,121.58735,2
500111070,20231027,19,18,16,1,25.04177,121.58735,2
500111070,20231027,21,18,16,1,25.04177,121.58735,2
500111070,20231027,22,18,15,1,25.04177,121.58735,3
500111070,20231027,23,18,15,1,25.04177,121.58735,3
500111070,20231027,24,18,15,1,25.04177,121.58735,3
500111070,20231027,25,18,15,1,25.04177,121.58735,3
500111070,20231027,26,18,15,1,25.04177,121.58735,3
500111070,20231027,27,18,15,1,25.04177,121.58735,3
500111070,20231027,28,18,15,1,25.04177,121.58735,3
500111070,20231027,29,18,15,1,25.04177,121.58735,3
500111070,20231027,30,18,15,1,25.04177,121.58735,3
500111070,20231027,31,18,15,1,25.04177,121.58735,3
500111070,20231027,32,18,15,1,25.04177,121.58735,3
500111070,20231027,33,18,15,1,25.04177,121.58735,3
500111070,20231027,35,18,15,1,25.04177,121.58735,3
500111070,20231027,36,18,15,1,25.04177,121.58735,3
500111070,20231027,37,18,13,1,25.04177,121.58735,5
500111070,20231027,38,18,13,1,25.04177,121.58735,5
500111070,20231027,39,18,13,1,25.04177,121.58735,5
500111070,20231027,40,18,13,1,25.04177,121.58735,5
500111070,20231027,41,18,12,1,25.04177,121.58735,6
500111070,20231027,42,18,12,1,25.04177,121.58735,6
500111070,20231027,43,18,12,1,25.04177,121.58735,6
500111070,20231027,44,18,12,1,25.04177,121.58735,6
500111070,20231027,45,18,12,1,25.04177,121.58735,6
500111070,20231027,46,18,12,1,25.04177,121.58735,6
500111070,20231027,47,18,12,1,25.04177,121.58735,6
500111070,20231027,48,18,12,1,25.04177,121.58735,6
500111070,20231027,49,18,12,1,25.04177,121.58735,6
500111070,20231027,50,18,12,1,25.04177,121.58735,6
500111070,20231027,51,18,12,1,25.04177,121.58735,6
500111070,20231027,52,18,12,1,25.04177,121.58735,6
500111070,20231027,53,18,12,1,25.04177,121.58735,6
500111070,20231027,54,18,12,1,25.04177,121.58735,6
500111070,20231027,55,18,12,1,25.04177,121.58735,6
500111070,20231027,56,18,12,1,25.04177,121.58735,6
500111070,20231027,57,18,12,1,25.04177,121.58735,6
500111070,20231027,58,18,12,1,25.04177,121.58735,6
500111070,20231027,59,18,12,1,25.04177,121.58735,6
500111070,20231027,60,18,12,1,25.04177,121.58735,6
500111070,20231027,61,18,12,1,25.04177,121.58735,6
500111070,20231027,62,18,12,1,25.04177,121.58735,6
500111070,20231027,63,18,12,1,25.04177,121.58735,6
500111070,20231027,64,18,12,1,25.04177,121.58735,6
500111070,20231027,65,18,12,1,25.04177,121.58735,6
500111070,20231027,67,18,12,1,25.04177,121.58735,6
500111070,20231027,68,18,12,1,25.04177,121.58735,6
500111070,20231027,69,18,12,1,25.04177,121.58735,6
500111070,20231027,70,18,12,1,25.04177,121.58735,6
500111070,20231027,71,18,12,1,25.04177,121.58735,6
500111070,20231027,72,18,12,1,25.04177,121.58735,6
500111070,20231027,73,18,12,1,25.04177,121.58735,6
500111070,20231027,74,18,12,1,25.04177,121.58735,6
500111070,20231027,75,18,12,1,25.04177,121.58735,6
500111070,20231027,76,18,12,1,25.04177,121.58735,6
500111070,20231027,77,18,12,1,25.04177,121.58735,6
500111070,20231027,78,18,12,1,25.04177,121.58735,6
500111070,20231027,79,18,12,1,25.04177,121.58735,6
500111070,20231027,82,18,12,1,25.04177,121.58735,6
500111070,20231027,83,18,12,1,25.04177,121.58735,6
500111070,20231027,84,18,12,1,25.04177,121.58735,6
500111070,20231027,85,18,12,1,25.04177,121.58735,6
500111070,20231027,86,18,12,1,25.04177,121.58735,6
500111070,20231027,87,18,12,1,25.04177,121.58735,6
500111070,20231027,88,18,12,1,25.04177,121.58735,6
500111070,20231027,89,18,12,1,25.04177,121.58735,6
500111070,20231027,91,18,12,1,25.04177,121.58735,6
500111070,20231027,92,18,12,1,25.04177,121.58735,6
500111070,20231027,93,18,12,1,25.04177,121.58735,6
500111070,20231027,94,18,12,1,25.04177,121.58735,6
500111070,20231027,95,18,12,1,25.04177,121.58735,6
500111070,20231027,96,18,12,1,25.04177,121.58735,6
500111070,20231027,97,18,12,1,25.04177,121.58735,6
500111070,20231027,98,18,12,1,25.04177,121.58735,6
500111070,20231027,99,18,12,1,25.04177,121.58735,6
500111070,20231027,100,18,12,1,25.04177,121.58735,6
500111070,20231027,101,18,12,1,25.04177,121.58735,6
500111070,20231027,102,18,12,1,25.04177,121.58735,6
500111070,20231027,103,18,12,1,25.04177,121.58735,6
500111070,20231027,104,18,12,1,25.04177,121.58735,6
500111070,20231027,105,18,12,1,25.04177,121.58735,6
500111070,20231027,106,18,12,1,25.04177,121.58735,6
500111070,20231027,107,18,12,1,25.04177,121.58735,6
500111070,20231027,108,18,12,1,25.04177,121.58735,6
500111070,20231027,109,18,12,1,25.04177,121.58735,6
500111070,20231027,110,18,12,1,25.04177,121.58735,6
500111070,20231027,111,18,12,1,25.04177,121.58735,6
500111070,20231027,112,18,12,1,25.04177,121.58735,6
500111070,20231027,113,18,12,1,25.04177,121.58735,6
500111070,20231027,114,18,12,1,25.04177,121.58735,6
500111070,20231027,115,18,12,1,25.04177,121.58735,6
500111070,20231027,116,18,12,1,25.04177,121.58735,6
500111070,20231027,117,18,12,1,25.04177,121.58735,6
500111070,20231027,118,18,12,1,25.04177,121.58735,6
500111070,20231027,119,18,12,1,25.04177,121.58735,6
500111070,20231027,121,18,12,1,25.04177,121.58735,6
500111070,20231027,122,18,12,1,25.04177,121.58735,6
500111070,20231027,123,18,12,1,25.04177,121.58735,6
500111070,20231027,124,18,12,1,25.04177,121.58735,6
500111070,20231027,125,18,12,1,25.04177,121.58735,6
500111070,20231027,126,18,12,1,25.04177,121.58735,6
500111070,20231027,127,18,12,1,25.04177,121.58735,6
500111070,20231027,128,18,12,1,25.04177,121.58735,6
500111070,20231027,129,18,12,1,25.04177,121.58735,6
500111070,20231027,130,18,12,1,25.04177,121.58735,6
500111070,20231027,131,18,12,1,25.04177,121.58735,6
500111070,20231027,132,18,12,1,25.04177,121.58735,6
500111070,20231027,133,18,12,1,25.04177,121.58735,6
500111070,20231027,134,18,12,1,25.04177,121.58735,6
500111070,20231027,135,18,12,1,25.04177,121.58735,6
500111070,20231027,136,18,12,1,25.04177,121.58735,6
500111070,20231027,137,18,12,1,25.04177,121.58735,6
500111070,20231027,138,18,12,1,25.04177,121.58735,6
500111070,20231027,139,18,12,1,25.04177,121.58735,6
500111070,20231027,141,18,12,1,25.04177,121.58735,6
500111070,20231027,142,18,12,1,25.04177,121.58735,6
500111070,20231027,143,18,12,1,25.04177,121.58735,6
500111070,20231027,144,18,12,1,25.04177,121.58735,6
500111070,20231027,145,18,12,1,25.04177,121.58735,6
500111070,20231027,146,18,12,1,25.04177,121.58735,6
500111070,20231027,147,18,12,1,25.04177,121.58735,6
500111070,20231027,148,18,12,1,25.04177,121.58735,6
500111070,20231027,149,18,12,1,25.04177,121.58735,6
500111070,20231027,150,18,12,1,25.04177,121.58735,6
500111070,20231027,151,18,12,1,25.04177,121.58735,6
500111070,20231027,152,18,12,1,25.04177,121.58735,6
500111070,20231027,153,18,12,1,25.04177,121.58735,6
500111070,20231027,154,18,12,1,25.04177,121.58735,6
500111070,20231027,155,18,12,1,25.04177,121.58735,6
500111070,20231027,156,18,12,1,25.04177,121.58735,6
500111070,20231027,157,18,12,1,25.04177,121.58735,6
500111070,20231027,158,18,12,1,25.04177,121.58735,6
500111070,20231027,159,18,12,1,25.04177,121.58735,6
500111070,20231027,160,18,12,1,25.04177,121.58735,6
500111070,20231027,161,18,12,1,25.04177,121.58735,6
500111070,20231027,162,18,12,1,25.04177,121.58735,6
500111070,20231027,163,18,12,1,25.04177,121.58735,6
500111070,20231027,164,18,12,1,25.04177,121.58735,6
500111070,20231027,165,18,12,1,25.04177,121.58735,6
500111070,20231027,166,18,12,1,25.04177,121.58735,6
500111070,20231027,167,18,12,1,25.04177,121.58735,6
500111070,20231027,168,18,12,1,25.04177,121.58735,6
500111070,20231027,169,18,12,1,25.04177,121.58735,6
500111070,20231027,170,18,11,1,25.04177,121.58735,7
500111070,20231027,171,18,11,1,25.04177,121.58735,7
500111070,20231027,172,18,11,1,25.04177,121.58735,7
500111070,20231027,173,18,11,1,25.04177,121.58735,7
500111070,20231027,174,18,11,1,25.04177,121.58735,7
500111070,20231027,175,18,11,1,25.04177,121.58735,7
500111070,20231027,176,18,11,1,25.04177,121.58735,7
500111070,20231027,177,18,11,1,25.04177,121.58735,7
500111070,20231027,178,18,11,1,25.04177,121.58735,7
500111070,20231027,179,18,11,1,25.04177,121.58735,7
500111070,20231027,180,18,11,1,25.04177,121.58735,7
500111070,20231027,181,18,11,1,25.04177,121.58735,7
500111070,20231027,182,18,11,1,25.04177,121.58735,7
500111070,20231027,183,18,11,1,25.04177,121.58735,7
500111070,20231027,184,18,11,1,25.04177,121.58735,7
500111070,20231027,185,18,11,1,25.04177,121.58735,7
500111070,20231027,186,18,11,1,25.04177,121.58735,7
500111070,20231027,187,18,11,1,25.04177,121.58735,7
500111070,20231027,188,18,11,1,25.04177,121.58735,7
500111070,20231027,189,18,11,1,25.04177,121.58735,7
500111070,20231027,190,18,11,1,25.04177,121.58735,7
500111070,20231027,191,18,11,1,25.04177,121.58735,7
500111070,20231027,192,18,11,1,25.04177,121.58735,7
500111070,20231027,193,18,11,1,25.04177,121.58735,7
500111070,20231027,194,18,11,1,25.04177,121.58735,7
500111070,20231027,195,18,11,1,25.04177,121.58735,7
500111070,20231027,196,18,11,1,25.04177,121.58735,7
500111070,20231027,197,18,11,1,25.04177,121.58735,7
500111070,20231027,198,18,11,1,25.04177,121.58735,7
500111070,20231027,199,18,11,1,25.04177,121.58735,7
500111070,20231027,201,18,11,1,25.04177,121.58735,7
500111070,20231027,202,18,11,1,25.04177,121.58735,7
500111070,20231027,203,18,11,1,25.04177,121.58735,7
500111070,20231027,204,18,11,1,25.04177,121.58735,7
500111070,20231027,205,18,11,1,25.04177,121.58735,7
500111070,20231027,206,18,11,1,25.04177,121.58735,7
500111070,20231027,207,18,11,1,25.04177,121.58735,7
500111070,20231027,208,18,11,1,25.04177,121.58735,7
500111070,20231027,209,18,11,1,25.04177,121.58735,7
500111070,20231027,210,18,11,1,25.04177,121.58735,7
500111070,20231027,211,18,11,1,25.04177,121.58735,7
500111070,20231027,212,18,11,1,25.04177,121.58735,7
500111070,20231027,213,18,11,1,25.04177,121.58735,7
500111070,20231027,214,18,11,1,25.04177,121.58735,7
500111070,20231027,215,18,11,1,25.04177,121.58735,7
500111070,20231027,216,18,11,1,25.04177,121.58735,7
500111070,20231027,217,18,11,1,25.04177,121.58735,7
500111070,20231027,218,18,11,1,25.04177,121.58735,7
500111070,20231027,219,18,11,1,25.04177,121.58735,7
500111070,20231027,220,18,11,1,25.04177,121.58735,7
500111070,20231027,221,18,11,1,25.04177,121.58735,7
500111070,20231027,222,18,11,1,25.04177,121.58735,7
500111070,20231027,223,18,11,1,25.04177,121.58735,7
500111070,20231027,224,18,11,1,25.04177,121.58735,7
500111070,20231027,225,18,11,1,25.04177,121.58735,7
500111070,20231027,226,18,11,1,25.04177,121.58735,7
500111070,20231027,227,18,11,1,25.04177,121.58735,7
500111070,20231027,228,18,11,1,25.04177,121.58735,7
500111070,20231027,229,18,11,1,25.04177,121.58735,7
500111070,20231027,230,18,11,1,25.04177,121.58735,7
500111070,20231027,231,18,11,1,25.04177,121.58735,7
500111070,20231027,232,18,11,1,25.04177,121.58735,7
500111070,20231027,233,18,11,1,25.04177,121.58735,7
500111070,20231027,234,18,11,1,25.04177,121.58735,7
500111070,20231027,235,18,11,1,25.04177,121.58735,7
500111070,20231027,236,18,11,1,25.04177,121.58735,7
500111070,20231027,237,18,11,1,25.04177,121.58735,7
500111070,20231027,238,18,11,1,25.04177,121.58735,7
500111070,20231027,239,18,11,1,25.04177,121.58735,7
500111070,20231027,240,18,11,1,25.04177,121.58735,7
500111070,20231027,241,18,11,1,25.04177,121.58735,7
500111070,20231027,242,18,11,1,25.04177,121.58735,7
500111070,20231027,243,18,11,1,25.04177,121.58735,7
500111070,20231027,244,18,11,1,25.04177,121.58735,7
500111070,20231027,245,18,11,1,25.04177,121.58735,7
500111070,20231027,246,18,11,1,25.04177,121.58735,7
500111070,20231027,247,18,11,1,25.04177,121.58735,7
500111070,20231027,248,18,11,1,25.04177,121.58735,7
500111070,20231027,249,18,11,1,25.04177,121.58735,7
500111070,20231027,250,18,11,1,25.04177,121.58735,7
500111070,20231027,251,18,11,1,25.04177,121.58735,7
500111070,20231027,252,18,11,1,25.04177,121.58735,7
500111070,20231027,253,18,11,1,25.04177,121.58735,7
500111070,20231027,254,18,11,1,25.04177,121.58735,7
500111070,20231027,255,18,11,1,25.04177,121.58735,7
500111070,20231027,256,18,11,1,25.04177,121.58735,7
500111070,20231027,257,18,11,1,25.04177,121.58735,7
500111070,20231027,258,18,11,1,25.04177,121.58735,7
500111070,20231027,259,18,11,1,25.04177,121.58735,7
500111070,20231027,261,18,11,1,25.04177,121.58735,7
500111070,20231027,262,18,11,1,25.04177,121.58735,7
500111070,20231027,263,18,11,1,25.04177,121.58735,7
500111070,20231027,264,18,11,1,25.04177,121.58735,7
500111070,20231027,265,18,11,1,25.04177,121.58735,7
500111070,20231027,266,18,11,1,25.04177,121.58735,7
500111070,20231027,267,18,11,1,25.04177,121.58735,7
500111070,20231027,268,18,11,1,25.04177,121.58735,7
500111070,20231027,269,18,11,1,25.04177,121.58735,7
500111070,20231027,270,18,11,1,25.04177,121.58735,7
500111070,20231027,271,18,11,1,25.04177,121.58735,7
500111070,20231027,272,18,11,1,25.04177,121.58735,7
500111070,20231027,273,18,11,1,25.04177,121.58735,7
500111070,20231027,274,18,11,1,25.04177,121.58735,7
500111070,20231027,275,18,11,1,25.04177,121.58735,7
500111070,20231027,276,18,11,1,25.04177,121.58735,7
500111070,20231027,277,18,11,1,25.04177,121.58735,7
500111070,20231027,278,18,11,1,25.04177,121.58735,7
500111070,20231027,279,18,11,1,25.04177,121.58735,7
500111070,20231027,280,18,11,1,25.04177,121.58735,7
500111070,20231027,281,18,11,1,25.04177,121.58735,7
500111070,20231027,282,18,11,1,25.04177,121.58735,7
500111070,20231027,283,18,11,1,25.04177,121.58735,7
500111070,20231027,284,18,11,1,25.04177,121.58735,7
500111070,20231027,285,18,11,1,25.04177,121.58735,7
500111070,20231027,286,18,11,1,25.04177,121.58735,7
500111070,20231027,287,18,11,1,25.04177,121.58735,7
500111070,20231027,288,18,11,1,25.04177,121.58735,7
500111070,20231027,289,18,11,1,25.04177,121.58735,7
500111070,20231027,290,18,11,1,25.04177,121.58735,7
500111070,20231027,291,18,11,1,25.04177,121.58735,7
500111070,20231027,292,18,11,1,25.04177,121.58735,7
500111070,20231027,293,18,11,1,25.04177,121.58735,7
500111070,20231027,294,18,11,1,25.04177,121.58735,7
500111070,20231027,295,18,11,1,25.04177,121.58735,7
500111070,20231027,296,18,11,1,25.04177,121.58735,7
500111070,20231027,297,18,11,1,25.04177,121.58735,7
500111070,20231027,298,18,11,1,25.04177,121.58735,7
500111070,20231027,299,18,11,1,25.04177,121.58735,7
500111070,20231027,300,18,11,1,25.04177,121.58735,7
500111070,20231027,301,18,11,1,25.04177,121.58735,7
500111070,20231027,302,18,11,1,25.04177,121.58735,7
500111070,20231027,303,18,11,1,25.04177,121.58735,7
500111070,20231027,304,18,11,1,25.04177,121.58735,7
500111070,20231027,305,18,11,1,25.04177,121.58735,7
500111070,20231027,306,18,11,1,25.04177,121.58735,7
500111070,20231027,307,18,11,1,25.04177,121.58735,7
500111070,20231027,308,18,11,1,25.04177,121.58735,7
500111070,20231027,309,18,11,1,25.04177,121.58735,7
500111070,20231027,310,18,11,1,25.04177,121.58735,7
500111070,20231027,311,18,11,1,25.04177,121.58735,7
500111070,20231027,312,18,11,1,25.04177,121.58735,7
500111070,20231027,313,18,11,1,25.04177,121.58735,7
500111070,20231027,314,18,11,1,25.04177,121.58735,7
500111070,20231027,315,18,11,1,25.04177,121.58735,7
500111070,20231027,316,18,11,1,25.04177,121.58735,7
500111070,20231027,317,18,11,1,25.04177,121.58735,7
500111070,20231027,318,18,11,1,25.04177,121.58735,7
500111070,20231027,319,18,11,1,25.04177,121.58735,7
500111070,20231027,321,18,11,1,25.04177,121.58735,7
500111070,20231027,322,18,11,1,25.04177,121.58735,7
500111070,20231027,323,18,11,1,25.04177,121.58735,7
500111070,20231027,324,18,11,1,25.04177,121.58735,7
500111070,20231027,325,18,11,1,25.04177,121.58735,7
500111070,20231027,326,18,11,1,25.04177,121.58735,7
500111070,20231027,327,18,11,1,25.04177,121.58735,7
500111070,20231027,328,18,11,1,25.04177,121.58735,7
500111070,20231027,329,18,11,1,25.04177,121.58735,7
500111070,20231027,330,18,11,1,25.04177,121.58735,7
500111070,20231027,331,18,11,1,25.04177,121.58735,7
500111070,20231027,332,18,11,1,25.04177,121.58735,7
500111070,20231027,333,18,11,1,25.04177,121.58735,7
500111070,20231027,334,18,11,1,25.04177,121.58735,7
500111070,20231027,335,18,11,1,25.04177,121.58735,7
500111070,20231027,336,18,12,1,25.04177,121.58735,6
500111070,20231027,337,18,12,1,25.04177,121.58735,6
500111070,20231027,338,18,12,1,25.04177,121.58735,6
500111070,20231027,339,18,12,1,25.04177,121.58735,6
500111070,20231027,340,18,12,1,25.04177,121.58735,6
500111070,20231027,341,18,12,1,25.04177,121.58735,6
500111070,20231027,342,18,12,1,25.04177,121.58735,6
500111070,20231027,344,18,13,1,25.04177,121.58735,5
500111070,20231027,345,18,13,1,25.04177,121.58735,5
500111070,20231027,346,18,13,1,25.04177,121.58735,5
500111070,20231027,347,18,13,1,25.04177,121.58735,5
500111070,20231027,348,18,13,1,25.04177,121.58735,5
500111070,20231027,349,18,13,1,25.04177,121.58735,5
500111070,20231027,350,18,14,1,25.04177,121.58735,4
500111070,20231027,351,18,14,1,25.04177,121.58735,4
500111070,20231027,352,18,14,1,25.04177,121.58735,4
500111070,20231027,353,18,14,1,25.04177,121.58735,4
500111070,20231027,354,18,14,1,25.04177,121.58735,4
500111070,20231027,355,18,14,1,25.04177,121.58735,4
500111070,20231027,356,18,14,1,25.04177,121.58735,4
500111070,20231027,357,18,15,1,25.04177,121.58735,3
500111070,20231027,358,18,15,1,25.04177,121.58735,3
500111070,20231027,359,18,15,1,25.04177,121.58735,3
500111070,20231027,360,18,15,1,25.04177,121.58735,3
500111070,20231027,361,18,15,1,25.04177,121.58735,3
500111070,20231027,362,18,15,1,25.04177,121.58735,3
500111070,20231027,363,18,15,1,25.04177,121.58735,3
500111070,20231027,364,18,15,1,25.04177,121.58735,3
500111070,20231027,365,18,15,1,25.04177,121.58735,3
500111070,20231027,366,18,15,1,25.04177,121.58735,3
500111070,20231027,367,18,15,1,25.04177,121.58735,3
500111070,20231027,368,18,15,1,25.04177,121.58735,3
500111070,20231027,369,18,16,1,25.04177,121.58735,2
500111070,20231027,370,18,16,1,25.04177,121.58735,2
500111070,20231027,371,18,16,1,25.04177,121.58735,2
500111070,20231027,372,18,16,1,25.04177,121.58735,2
500111070,20231027,373,18,17,1,25.04177,121.58735,1
500111070,20231027,374,18,17,1,25.04177,121.58735,1
500111070,20231027,375,18,17,1,25.04177,121.58735,1
500111070,20231027,376,18,17,1,25.04177,121.58735,1
500111070,20231027,377,18,17,1,25.04177,121.58735,1
500111070,20231027,378,18,17,1,25.04177,121.58735,1
500111070,20231027,379,18,18,1,25.04177,121.58735,0
500111070,20231027,381,18,18,1,25.04177,121.58735,0
500111070,20231027,382,18,18,1,25.04177,121.58735,0
500111070,20231027,383,18,18,1,25.04177,121.58735,0
500111070,20231027,384,18,18,1,25.04177,121.58735,0
500111070,20231027,385,18,18,1,25.04177,121.58735,0
500111070,20231027,386,18,18,1,25.04177,121.58735,0
500111070,20231027,387,18,18,1,25.04177,121.58735,0
500111070,20231027,388,18,18,1,25.04177,121.58735,0
500111070,20231027,389,18,18,1,25.04177,121.58735,0
500111070,20231027,390,18,18,1,25.04177,121.58735,0
500111070,20231027,391,18,17,1,25.04177,121.58735,1
500111070,20231027,392,18,16,1,25.04177,121.58735,2
500111070,20231027,393,18,16,1,25.04177,121.58735,2
500111070,20231027,394,18,16,1,25.04177,121.58735,2
500111070,20231027,395,18,16,1,25.04177,121.58735,2
500111070,20231027,396,18,16,1,25.04177,121.58735,2
500111070,20231027,397,18,16,1,25.04177,121.58735,2
500111070,20231027,398,18,15,1,25.04177,121.58735,3
500111070,20231027,399,18,15,1,25.04177,121.58735,3
500111070,20231027,400,18,16,1,25.04177,121.58735,2
500111070,20231027,401,18,16,1,25.04177,121.58735,2
500111070,20231027,402,18,16,1,25.04177,121.58735,2
500111070,20231027,403,18,16,1,25.04177,121.58735,2
500111070,20231027,404,18,16,1,25.04177,121.58735,2
500111070,20231027,405,18,16,1,25.04177,121.58735,2
500111070,20231027,406,18,16,1,25.04177,121.58735,2
500111070,20231027,407,18,17,1,25.04177,121.58735,1
500111070,20231027,408,18,17,1,25.04177,121.58735,1
500111070,20231027,409,18,17,1,25.04177,121.58735,1
500111070,20231027,410,18,17,1,25.04177,121.58735,1
500111070,20231027,411,18,17,1,25.04177,121.58735,1
500111070,20231027,412,18,17,1,25.04177,121.58735,1
500111070,20231027,413,18,17,1,25.04177,121.58735,1
500111070,20231027,414,18,17,1,25.04177,121.58735,1
500111070,20231027,415,18,17,1,25.04177,121.58735,1
500111070,20231027,416,18,18,1,25.04177,121.58735,0
500111070,20231027,417,18,18,1,25.04177,121.58735,0
500111070,20231027,418,18,18,1,25.04177,121.58735,0
500111070,20231027,419,18,18,1,25.04177,121.58735,0
500111070,20231027,421,18,18,1,25.04177,121.58735,0
500111070,20231027,422,18,18,1,25.04177,121.58735,0
500111070,20231027,423,18,18,1,25.04177,121.58735,0
500111070,20231027,424,18,18,1,25.04177,121.58735,0
500111070,20231027,425,18,18,1,25.04177,121.58735,0
500111070,20231027,426,18,18,1,25.04177,121.58735,0
500111070,20231027,427,18,18,1,25.04177,121.58735,0
500111070,20231027,428,18,18,1,25.04177,121.58735,0
500111070,20231027,429,18,18,1,25.04177,121.58735,0
500111070,20231027,430,18,18,1,25.04177,121.58735,0
500111070,20231027,431,18,18,1,25.04177,121.58735,0
500111070,20231027,432,18,18,1,25.04177,121.58735,0
500111070,20231027,433,18,18,1,25.04177,121.58735,0
500111070,20231027,434,18,18,1,25.04177,121.58735,0
500111070,20231027,435,18,18,1,25.04177,121.58735,0
500111070,20231027,436,18,18,1,25.04177,121.58735,0
500111070,20231027,437,18,18,1,25.04177,121.58735,0
500111070,20231027,438,18,18,1,25.04177,121.58735,0
500111070,20231027,439,18,18,1,25.04177,121.58735,0
500111070,20231027,441,18,18,1,25.04177,121.58735,0
500111070,20231027,442,18,18,1,25.04177,121.58735,0
500111070,20231027,443,18,18,1,25.04177,121.58735,0
500111070,20231027,444,18,18,1,25.04177,121.58735,0
500111070,20231027,445,18,18,1,25.04177,121.58735,0
500111070,20231027,446,18,18,1,25.04177,121.58735,0
500111070,20231027,447,18,18,1,25.04177,121.58735,0
500111070,20231027,448,18,18,1,25.04177,121.58735,0
500111070,20231027,449,18,18,1,25.04177,121.58735,0
500111070,20231027,451,18,18,1,25.04177,121.58735,0
500111070,20231027,452,18,18,1,25.04177,121.58735,0
500111070,20231027,453,18,18,1,25.04177,121.58735,0
500111070,20231027,454,18,18,1,25.04177,121.58735,0
500111070,20231027,455,18,18,1,25.04177,121.58735,0
500111070,20231027,456,18,18,1,25.04177,121.58735,0
500111070,20231027,457,18,18,1,25.04177,121.58735,0
500111070,20231027,458,18,18,1,25.04177,121.58735,0
500111070,20231027,459,18,18,1,25.04177,121.58735,0
500111070,20231027,460,18,18,1,25.04177,121.58735,0
500111070,20231027,461,18,18,1,25.04177,121.58735,0
500111070,20231027,462,18,18,1,25.04177,121.58735,0
500111070,20231027,463,18,18,1,25.04177,121.58735,0
500111070,20231027,464,18,18,1,25.04177,121.58735,0
500111070,20231027,465,18,18,1,25.04177,121.58735,0
500111070,20231027,466,18,18,1,25.04177,121.58735,0
500111070,20231027,467,18,18,1,25.04177,121.58735,0
500111070,20231027,468,18,18,1,25.04177,121.58735,0
500111070,20231027,469,18,18,1,25.04177,121.58735,0
500111070,20231027,470,18,18,1,25.04177,121.58735,0
500111070,20231027,471,18,18,1,25.04177,121.58735,0
500111070,20231027,472,18,18,1,25.04177,121.58735,0
500111070,20231027,473,18,18,1,25.04177,121.58735,0
500111070,20231027,474,18,18,1,25.04177,121.58735,0
500111070,20231027,475,18,18,1,25.04177,121.58735,0
500111070,20231027,476,18,18,1,25.04177,121.58735,0
500111070,20231027,477,18,17,1,25.04177,121.58735,1
500111070,20231027,478,18,17,1,25.04177,121.58735,1
500111070,20231027,479,18,17,1,25.04177,121.58735,1
500111070,20231027,481,18,18,1,25.04177,121.58735,0
500111070,20231027,482,18,18,1,25.04177,121.58735,0
500111070,20231027,483,18,18,1,25.04177,121.58735,0
500111070,20231027,484,18,18,1,25.04177,121.58735,0
500111070,20231027,485,18,17,1,25.04177,121.58735,1
500111070,20231027,486,18,18,1,25.04177,121.58735,0
500111070,20231027,487,18,18,1,25.04177,121.58735,0
500111070,20231027,488,18,18,1,25.04177,121.58735,0
500111070,20231027,489,18,18,1,25.04177,121.58735,0
500111070,20231027,490,18,18,1,25.04177,121.58735,0
500111070,20231027,491,18,18,1,25.04177,121.58735,0
500111070,20231027,492,18,12,1,25.04177,121.58735,6
500111070,20231027,493,18,8,1,25.04177,121.58735,10
500111070,20231027,494,18,7,1,25.04177,121.58735,11
500111070,20231027,495,18,4,1,25.04177,121.58735,14
500111070,20231027,496,18,5,1,25.04177,121.58735,13
500111070,20231027,497,18,2,1,25.04177,121.58735,16
500111070,20231027,498,18,2,1,25.04177,121.58735,16
500111070,20231027,499,18,2,1,25.04177,121.58735,16
500111070,20231027,501,18,2,1,25.04177,121.58735,16
500111070,20231027,502,18,3,1,25.04177,121.58735,15
500111070,20231027,503,18,3,1,25.04177,121.58735,15
500111070,20231027,504,18,3,1,25.04177,121.58735,15
500111070,20231027,505,18,4,1,25.04177,121.58735,14
500111070,20231027,506,18,4,1,25.04177,121.58735,14
500111070,20231027,507,18,5,1,25.04177,121.58735,13
500111070,20231027,508,18,5,1,25.04177,121.58735,13
500111070,20231027,509,18,6,1,25.04177,121.58735,12
500111070,20231027,511,18,6,1,25.04177,121.58735,12
500111070,20231027,512,18,6,1,25.04177,121.58735,12
500111070,20231027,513,18,7,1,25.04177,121.58735,11
500111070,20231027,514,18,8,1,25.04177,121.58735,10
500111070,20231027,515,18,8,1,25.04177,121.58735,10
500111070,20231027,516,18,9,1,25.04177,121.58735,9
500111070,20231027,517,18,9,1,25.04177,121.58735,9
500111070,20231027,518,18,9,1,25.04177,121.58735,9
500111070,20231027,519,18,9,1,25.04177,121.58735,9
500111070,20231027,520,18,9,1,25.04177,121.58735,9
500111070,20231027,521,18,7,1,25.04177,121.58735,11
500111070,20231027,522,18,3,1,25.04177,121.58735,15
500111070,20231027,523,18,3,1,25.04177,121.58735,15
500111070,20231027,524,18,3,1,25.04177,121.58735,15
500111070,20231027,525,18,1,1,25.04177,121.58735,17
500111070,20231027,526,18,1,1,25.04177,121.58735,17
500111070,20231027,527,18,1,1,25.04177,121.58735,17
500111070,20231027,528,18,1,1,25.04177,121.58735,17
500111070,20231027,529,18,4,1,25.04177,121.58735,14
500111070,20231027,530,18,4,1,25.04177,121.58735,14
500111070,20231027,531,18,4,1,25.04177,121.58735,14
500111070,20231027,532,18,5,1,25.04177,121.58735,13
500111070,20231027,533,18,5,1,25.04177,121.58735,13
500111070,20231027,534,18,5,1,25.04177,121.58735,13
500111070,20231027,535,18,5,1,25.04177,121.58735,13
500111070,20231027,536,18,5,1,25.04177,121.58735,13
500111070,20231027,537,18,5,1,25.04177,121.58735,13
500111070,20231027,538,18,5,1,25.04177,121.58735,13
500111070,20231027,539,18,5,1,25.04177,121.58735,13
500111070,20231027,541,18,5,1,25.04177,121.58735,13
500111070,20231027,542,18,6,1,25.04177,121.58735,12
500111070,20231027,543,18,7,1,25.04177,121.58735,11
500111070,20231027,544,18,7,1,25.04177,121.58735,11
500111070,20231027,545,18,7,1,25.04177,121.58735,11
500111070,20231027,546,18,8,1,25.04177,121.58735,10
500111070,20231027,547,18,8,1,25.04177,121.58735,10
500111070,20231027,548,18,8,1,25.04177,121.58735,10
500111070,20231027,549,18,8,1,25.04177,121.58735,10
500111070,20231027,550,18,8,1,25.04177,121.58735,10
500111070,20231027,551,18,8,1,25.04177,121.58735,10
500111070,20231027,552,18,9,1,25.04177,121.58735,9
500111070,20231027,553,18,9,1,25.04177,121.58735,9
500111070,20231027,554,18,9,1,25.04177,121.58735,9
500111070,20231027,555,18,8,1,25.04177,121.58735,10
500111070,20231027,556,18,8,1,25.04177,121.58735,10
500111070,20231027,557,18,8,1,25.04177,121.58735,10
500111070,20231027,558,18,8,1,25.04177,121.58735,10
500111070,20231027,559,18,8,1,25.04177,121.58735,10
500111070,20231027,561,18,8,1,25.04177,121.58735,10
500111070,20231027,562,18,8,1,25.04177,121.58735,10
500111070,20231027,563,18,8,1,25.04177,121.58735,10
500111070,20231027,564,18,8,1,25.04177,121.58735,10
500111070,20231027,565,18,8,1,25.04177,121.58735,10
500111070,20231027,566,18,8,1,25.04177,121.58735,10
500111070,20231027,567,18,9,1,25.04177,121.58735,9
500111070,20231027,568,18,10,1,25.04177,121.58735,8
500111070,20231027,569,18,10,1,25.04177,121.58735,8
500111070,20231027,571,18,10,1,25.04177,121.58735,8
500111070,20231027,572,18,10,1,25.04177,121.58735,8
500111070,20231027,573,18,10,1,25.04177,121.58735,8
500111070,20231027,574,18,10,1,25.04177,121.58735,8
500111070,20231027,575,18,10,1,25.04177,121.58735,8
500111070,20231027,576,18,10,1,25.04177,121.58735,8
500111070,20231027,577,18,11,1,25.04177,121.58735,7
500111070,20231027,578,18,11,1,25.04177,121.58735,7
500111070,20231027,579,18,12,1,25.04177,121.58735,6
500111070,20231027,580,18,12,1,25.04177,121.58735,6
500111070,20231027,581,18,12,1,25.04177,121.58735,6
500111070,20231027,582,18,12,1,25.04177,121.58735,6
500111070,20231027,583,18,12,1,25.04177,121.58735,6
500111070,20231027,584,18,12,1,25.04177,121.58735,6
500111070,20231027,585,18,12,1,25.04177,121.58735,6
500111070,20231027,586,18,12,1,25.04177,121.58735,6
500111070,20231027,587,18,12,1,25.04177,121.58735,6
500111070,20231027,588,18,12,1,25.04177,121.58735,6
500111070,20231027,589,18,12,1,25.04177,121.58735,6
500111070,20231027,590,18,12,1,25.04177,121.58735,6
500111070,20231027,591,18,12,1,25.04177,121.58735,6
500111070,20231027,592,18,12,1,25.04177,121.58735,6
500111070,20231027,593,18,13,1,25.04177,121.58735,5
500111070,20231027,594,18,13,1,25.04177,121.58735,5
500111070,20231027,595,18,13,1,25.04177,121.58735,5
500111070,20231027,596,18,13,1,25.04177,121.58735,5
500111070,20231027,597,18,13,1,25.04177,121.58735,5
500111070,20231027,598,18,13,1,25.04177,121.58735,5
500111070,20231027,599,18,13,1,25.04177,121.58735,5
500111070,20231027,601,18,13,1,25.04177,121.58735,5
500111070,20231027,602,18,13,1,25.04177,121.58735,5
500111070,20231027,603,18,13,1,25.04177,121.58735,5
500111070,20231027,604,18,13,1,25.04177,121.58735,5
500111070,20231027,605,18,13,1,25.04177,121.58735,5
500111070,20231027,606,18,13,1,25.04177,121.58735,5
500111070,20231027,607,18,13,1,25.04177,121.58735,5
500111070,20231027,608,18,13,1,25.04177,121.58735,5
500111070,20231027,609,18,13,1,25.04177,121.58735,5
500111070,20231027,610,18,14,1,25.04177,121.58735,4
500111070,20231027,611,18,14,1,25.04177,121.58735,4
500111070,20231027,612,18,14,1,25.04177,121.58735,4
500111070,20231027,613,18,14,1,25.04177,121.58735,4
500111070,20231027,614,18,14,1,25.04177,121.58735,4
500111070,20231027,615,18,15,1,25.04177,121.58735,3
500111070,20231027,616,18,15,1,25.04177,121.58735,3
500111070,20231027,617,18,15,1,25.04177,121.58735,3
500111070,20231027,618,18,15,1,25.04177,121.58735,3
500111070,20231027,619,18,15,1,25.04177,121.58735,3
500111070,20231027,621,18,16,1,25.04177,121.58735,2
500111070,20231027,622,18,16,1,25.04177,121.58735,2
500111070,20231027,623,18,16,1,25.04177,121.58735,2
500111070,20231027,624,18,17,1,25.04177,121.58735,1
500111070,20231027,625,18,17,1,25.04177,121.58735,1
500111070,20231027,626,18,17,1,25.04177,121.58735,1
500111070,20231027,627,18,17,1,25.04177,121.58735,1
500111070,20231027,628,18,17,1,25.04177,121.58735,1
500111070,20231027,629,18,17,1,25.04177,121.58735,1
500111070,20231027,631,18,17,1,25.04177,121.58735,1
500111070,20231027,632,18,17,1,25.04177,121.58735,1
500111070,20231027,633,18,17,1,25.04177,121.58735,1
500111070,20231027,634,18,17,1,25.04177,121.58735,1
500111070,20231027,636,18,18,1,25.04177,121.58735,0
500111070,20231027,637,18,18,1,25.04177,121.58735,0
500111070,20231027,638,18,18,1,25.04177,121.58735,0
500111070,20231027,639,18,18,1,25.04177,121.58735,0
500111070,20231027,640,18,18,1,25.04177,121.58735,0
500111070,20231027,641,18,18,1,25.04177,121.58735,0
500111070,20231027,642,18,18,1,25.04177,121.58735,0
500111070,20231027,643,18,18,1,25.04177,121.58735,0
500111070,20231027,644,18,18,1,25.04177,121.58735,0
500111070,20231027,645,18,18,1,25.04177,121.58735,0
500111070,20231027,646,18,18,1,25.04177,121.58735,0
500111070,20231027,647,18,18,1,25.04177,121.58735,0
500111070,20231027,648,18,18,1,25.04177,121.58735,0
500111070,20231027,649,18,18,1,25.04177,121.58735,0
500111070,20231027,650,18,18,1,25.04177,121.58735,0
500111070,20231027,651,18,18,1,25.04177,121.58735,0
500111070,20231027,652,18,18,1,25.04177,121.58735,0
500111070,20231027,653,18,18,1,25.04177,121.58735,0
500111070,20231027,654,18,18,1,25.04177,121.58735,0
500111070,20231027,655,18,18,1,25.04177,121.58735,0
500111070,20231027,656,18,18,1,25.04177,121.58735,0
500111070,20231027,657,18,18,1,25.04177,121.58735,0
500111070,20231027,658,18,17,1,25.04177,121.58735,1
500111070,20231027,659,18,17,1,25.04177,121.58735,1
500111070,20231027,661,18,18,1,25.04177,121.58735,0
500111070,20231027,662,18,17,1,25.04177,121.58735,1
500111070,20231027,663,18,17,1,25.04177,121.58735,1
500111070,20231027,664,18,17,1,25.04177,121.58735,1
500111070,20231027,665,18,17,1,25.04177,121.58735,1
500111070,20231027,666,18,17,1,25.04177,121.58735,1
500111070,20231027,667,18,18,1,25.04177,121.58735,0
500111070,20231027,668,18,18,1,25.04177,121.58735,0
500111070,20231027,669,18,18,1,25.04177,121.58735,0
500111070,20231027,670,18,18,1,25.04177,121.58735,0
500111070,20231027,671,18,18,1,25.04177,121.58735,0
500111070,20231027,672,18,18,1,25.04177,121.58735,0
500111070,20231027,673,18,18,1,25.04177,121.58735,0
500111070,20231027,674,18,18,1,25.04177,121.58735,0
500111070,20231027,675,18,18,1,25.04177,121.58735,0
500111070,20231027,676,18,18,1,25.04177,121.58735,0
500111070,20231027,677,18,18,1,25.04177,121.58735,0
500111070,20231027,678,18,18,1,25.04177,121.58735,0
500111070,20231027,679,18,18,1,25.04177,121.58735,0
500111070,20231027,681,18,18,1,25.04177,121.58735,0
500111070,20231027,682,18,18,1,25.04177,121.58735,0
500111070,20231027,683,18,18,1,25.04177,121.58735,0
500111070,20231027,684,18,18,1,25.04177,121.58735,0
500111070,20231027,685,18,18,1,25.04177,121.58735,0
500111070,20231027,686,18,18,1,25.04177,121.58735,0
500111070,20231027,687,18,18,1,25.04177,121.58735,0
500111070,20231027,688,18,18,1,25.04177,121.58735,0
500111070,20231027,689,18,18,1,25.04177,121.58735,0
500111070,20231027,690,18,18,1,25.04177,121.58735,0
500111070,20231027,691,18,18,1,25.04177,121.58735,0
500111070,20231027,692,18,18,1,25.04177,121.58735,0
500111070,20231027,693,18,18,1,25.04177,121.58735,0
500111070,20231027,694,18,18,1,25.04177,121.58735,0
500111070,20231027,695,18,18,1,25.04177,121.58735,0
500111070,20231027,696,18,18,1,25.04177,121.58735,0
500111070,20231027,697,18,18,1,25.04177,121.58735,0
500111070,20231027,698,18,18,1,25.04177,121.58735,0
500111070,20231027,699,18,18,1,25.04177,121.58735,0
500111070,20231027,700,18,18,1,25.04177,121.58735,0
500111070,20231027,701,18,18,1,25.04177,121.58735,0
500111070,20231027,702,18,18,1,25.04177,121.58735,0
500111070,20231027,703,18,18,1,25.04177,121.58735,0
500111070,20231027,704,18,18,1,25.04177,121.58735,0
500111070,20231027,705,18,18,1,25.04177,121.58735,0
500111070,20231027,706,18,18,1,25.04177,121.58735,0
500111070,20231027,707,18,18,1,25.04177,121.58735,0
500111070,20231027,708,18,18,1,25.04177,121.58735,0
500111070,20231027,709,18,18,1,25.04177,121.58735,0
500111070,20231027,710,18,18,1,25.04177,121.58735,0
500111070,20231027,711,18,18,1,25.04177,121.58735,0
500111070,20231027,712,18,18,1,25.04177,121.58735,0
500111070,20231027,713,18,18,1,25.04177,121.58735,0
500111070,20231027,714,18,18,1,25.04177,121.58735,0
500111070,20231027,715,18,18,1,25.04177,121.58735,0
500111070,20231027,716,18,18,1,25.04177,121.58735,0
500111070,20231027,717,18,18,1,25.04177,121.58735,0
500111070,20231027,718,18,18,1,25.04177,121.58735,0
500111070,20231027,719,18,18,1,25.04177,121.58735,0
500111070,20231027,721,18,18,1,25.04177,121.58735,0
500111070,20231027,722,18,18,1,25.04177,121.58735,0
500111070,20231027,723,18,18,1,25.04177,121.58735,0
500111070,20231027,724,18,18,1,25.04177,121.58735,0
500111070,20231027,725,18,18,1,25.04177,121.58735,0
500111070,20231027,726,18,18,1,25.04177,121.58735,0
500111070,20231027,727,18,18,1,25.04177,121.58735,0
500111070,20231027,728,18,18,1,25.04177,121.58735,0
500111070,20231027,729,18,18,1,25.04177,121.58735,0
500111070,20231027,730,18,18,1,25.04177,121.58735,0
500111070,20231027,731,18,18,1,25.04177,121.58735,0
500111070,20231027,732,18,18,1,25.04177,121.58735,0
500111070,20231027,733,18,18,1,25.04177,121.58735,0
500111070,20231027,734,18,18,1,25.04177,121.58735,0
500111070,20231027,735,18,18,1,25.04177,121.58735,0
500111070,20231027,736,18,18,1,25.04177,121.58735,0
500111070,20231027,737,18,18,1,25.04177,121.58735,0
500111070,20231027,738,18,18,1,25.04177,121.58735,0
500111070,20231027,739,18,18,1,25.04177,121.58735,0
500111070,20231027,741,18,18,1,25.04177,121.58735,0
500111070,20231027,742,18,18,1,25.04177,121.58735,0
500111070,20231027,743,18,18,1,25.04177,121.58735,0
500111070,20231027,744,18,18,1,25.04177,121.58735,0
500111070,20231027,745,18,18,1,25.04177,121.58735,0
500111070,20231027,746,18,18,1,25.04177,121.58735,0
500111070,20231027,747,18,18,1,25.04177,121.58735,0
500111070,20231027,748,18,17,1,25.04177,121.58735,1
500111070,20231027,749,18,17,1,25.04177,121.58735,1
500111070,20231027,751,18,17,1,25.04177,121.58735,1
500111070,20231027,752,18,17,1,25.04177,121.58735,1
500111070,20231027,753,18,17,1,25.04177,121.58735,1
500111070,20231027,754,18,17,1,25.04177,121.58735,1
500111070,20231027,755,18,17,1,25.04177,121.58735,1
500111070,20231027,756,18,17,1,25.04177,121.58735,1
500111070,20231027,757,18,17,1,25.04177,121.58735,1
500111070,20231027,758,18,17,1,25.04177,121.58735,1
500111070,20231027,759,18,18,1,25.04177,121.58735,0
500111070,20231027,760,18,18,1,25.04177,121.58735,0
500111070,20231027,761,18,18,1,25.04177,121.58735,0
500111070,20231027,762,18,18,1,25.04177,121.58735,0
500111070,20231027,763,18,18,1,25.04177,121.58735,0
500111070,20231027,764,18,18,1,25.04177,121.58735,0
500111070,20231027,765,18,17,1,25.04177,121.58735,1
500111070,20231027,766,18,17,1,25.04177,121.58735,1
500111070,20231027,767,18,18,1,25.04177,121.58735,0
500111070,20231027,768,18,18,1,25.04177,121.58735,0
500111070,20231027,769,18,18,1,25.04177,121.58735,0
500111070,20231027,770,18,18,1,25.04177,121.58735,0
500111070,20231027,771,18,18,1,25.04177,121.58735,0
500111070,20231027,772,18,18,1,25.04177,121.58735,0
500111070,20231027,773,18,17,1,25.04177,121.58735,1
500111070,20231027,774,18,17,1,25.04177,121.58735,1
500111070,20231027,775,18,17,1,25.04177,121.58735,1
500111070,20231027,776,18,18,1,25.04177,121.58735,0
500111070,20231027,777,18,18,1,25.04177,121.58735,0
500111070,20231027,778,18,18,1,25.04177,121.58735,0
500111070,20231027,779,18,18,1,25.04177,121.58735,0
500111070,20231027,781,18,18,1,25.04177,121.58735,0
500111070,20231027,782,18,18,1,25.04177,121.58735,0
500111070,20231027,783,18,18,1,25.04177,121.58735,0
500111070,20231027,784,18,18,1,25.04177,121.58735,0
500111070,20231027,785,18,18,1,25.04177,121.58735,0
500111070,20231027,786,18,18,1,25.04177,121.58735,0
500111070,20231027,787,18,18,1,25.04177,121.58735,0
500111070,20231027,788,18,18,1,25.04177,121.58735,0
500111070,20231027,789,18,18,1,25.04177,121.58735,0
500111070,20231027,790,18,18,1,25.04177,121.58735,0
500111070,20231027,791,18,18,1,25.04177,121.58735,0
500111070,20231027,792,18,18,1,25.04177,121.58735,0
500111070,20231027,793,18,18,1,25.04177,121.58735,0
500111070,20231027,794,18,18,1,25.04177,121.58735,0
500111070,20231027,795,18,18,1,25.04177,121.58735,0
500111070,20231027,796,18,18,1,25.04177,121.58735,0
500111070,20231027,797,18,18,1,25.04177,121.58735,0
500111070,20231027,798,18,18,1,25.04177,121.58735,0
500111070,20231027,799,18,18,1,25.04177,121.58735,0
500111070,20231027,801,18,18,1,25.04177,121.58735,0
500111070,20231027,802,18,18,1,25.04177,121.58735,0
500111070,20231027,803,18,18,1,25.04177,121.58735,0
500111070,20231027,804,18,17,1,25.04177,121.58735,1
500111070,20231027,805,18,18,1,25.04177,121.58735,0
500111070,20231027,806,18,18,1,25.04177,121.58735,0
500111070,20231027,807,18,18,1,25.04177,121.58735,0
500111070,20231027,808,18,18,1,25.04177,121.58735,0
500111070,20231027,809,18,18,1,25.04177,121.58735,0
500111070,20231027,811,18,18,1,25.04177,121.58735,0
500111070,20231027,812,18,18,1,25.04177,121.58735,0
500111070,20231027,813,18,18,1,25.04177,121.58735,0
500111070,20231027,814,18,18,1,25.04177,121.58735,0
500111070,20231027,815,18,18,1,25.04177,121.58735,0
500111070,20231027,816,18,18,1,25.04177,121.58735,0
500111070,20231027,817,18,18,1,25.04177,121.58735,0
500111070,20231027,818,18,18,1,25.04177,121.58735,0
500111070,20231027,819,18,18,1,25.04177,121.58735,0
500111070,20231027,820,18,18,1,25.04177,121.58735,0
500111070,20231027,821,18,18,1,25.04177,121.58735,0
500111070,20231027,822,18,18,1,25.04177,121.58735,0
500111070,20231027,823,18,18,1,25.04177,121.58735,0
500111070,20231027,824,18,18,1,25.04177,121.58735,0
500111070,20231027,825,18,18,1,25.04177,121.58735,0
500111070,20231027,826,18,18,1,25.04177,121.58735,0
500111070,20231027,827,18,18,1,25.04177,121.58735,0
500111070,20231027,828,18,18,1,25.04177,121.58735,0
500111070,20231027,829,18,18,1,25.04177,121.58735,0
500111070,20231027,830,18,18,1,25.04177,121.58735,0
500111070,20231027,831,18,18,1,25.04177,121.58735,0
500111070,20231027,832,18,18,1,25.04177,121.58735,0
500111070,20231027,833,18,18,1,25.04177,121.58735,0
500111070,20231027,834,18,18,1,25.04177,121.58735,0
500111070,20231027,835,18,18,1,25.04177,121.58735,0
500111070,20231027,836,18,18,1,25.04177,121.58735,0
500111070,20231027,837,18,18,1,25.04177,121.58735,0
500111070,20231027,838,18,18,1,25.04177,121.58735,0
500111070,20231027,839,18,18,1,25.04177,121.58735,0
500111070,20231027,841,18,17,1,25.04177,121.58735,1
500111070,20231027,842,18,17,1,25.04177,121.58735,1
500111070,20231027,843,18,17,1,25.04177,121.58735,1
500111070,20231027,844,18,17,1,25.04177,121.58735,1
500111070,20231027,845,18,17,1,25.04177,121.58735,1
500111070,20231027,846,18,17,1,25.04177,121.58735,1
500111070,20231027,847,18,18,1,25.04177,121.58735,0
500111070,20231027,848,18,18,1,25.04177,121.58735,0
500111070,20231027,849,18,17,1,25.04177,121.58735,1
500111070,20231027,850,18,17,1,25.04177,121.58735,1
500111070,20231027,851,18,18,1,25.04177,121.58735,0
500111070,20231027,852,18,18,1,25.04177,121.58735,0
500111070,20231027,853,18,18,1,25.04177,121.58735,0
500111070,20231027,854,18,18,1,25.04177,121.58735,0
500111070,20231027,855,18,18,1,25.04177,121.58735,0
500111070,20231027,856,18,18,1,25.04177,121.58735,0
500111070,20231027,857,18,18,1,25.04177,121.58735,0
500111070,20231027,858,18,18,1,25.04177,121.58735,0
500111070,20231027,859,18,18,1,25.04177,121.58735,0
500111070,20231027,861,18,18,1,25.04177,121.58735,0
500111070,20231027,862,18,18,1,25.04177,121.58735,0
500111070,20231027,863,18,18,1,25.04177,121.58735,0
500111070,20231027,864,18,18,1,25.04177,121.58735,0
500111070,20231027,865,18,18,1,25.04177,121.58735,0
500111070,20231027,866,18,18,1,25.04177,121.58735,0
500111070,20231027,867,18,18,1,25.04177,121.58735,0
500111070,20231027,868,18,18,1,25.04177,121.58735,0
500111070,20231027,869,18,18,1,25.04177,121.58735,0
500111070,20231027,871,18,18,1,25.04177,121.58735,0
500111070,20231027,872,18,18,1,25.04177,121.58735,0
500111070,20231027,873,18,18,1,25.04177,121.58735,0
500111070,20231027,874,18,18,1,25.04177,121.58735,0
500111070,20231027,875,18,18,1,25.04177,121.58735,0
500111070,20231027,876,18,18,1,25.04177,121.58735,0
500111070,20231027,877,18,18,1,25.04177,121.58735,0
500111070,20231027,878,18,18,1,25.04177,121.58735,0
500111070,20231027,879,18,18,1,25.04177,121.58735,0
500111070,20231027,880,18,18,1,25.04177,121.58735,0
500111070,20231027,881,18,18,1,25.04177,121.58735,0
500111070,20231027,882,18,18,1,25.04177,121.58735,0
500111070,20231027,883,18,18,1,25.04177,121.58735,0
500111070,20231027,884,18,18,1,25.04177,121.58735,0
500111070,20231027,885,18,18,1,25.04177,121.58735,0
500111070,20231027,886,18,18,1,25.04177,121.58735,0
500111070,20231027,887,18,18,1,25.04177,121.58735,0
500111070,20231027,888,18,18,1,25.04177,121.58735,0
500111070,20231027,889,18,18,1,25.04177,121.58735,0
500111070,20231027,890,18,18,1,25.04177,121.58735,0
500111070,20231027,891,18,18,1,25.04177,121.58735,0
500111070,20231027,892,18,18,1,25.04177,121.58735,0
500111070,20231027,893,18,18,1,25.04177,121.58735,0
500111070,20231027,894,18,18,1,25.04177,121.58735,0
500111070,20231027,895,18,18,1,25.04177,121.58735,0
500111070,20231027,896,18,18,1,25.04177,121.58735,0
500111070,20231027,897,18,18,1,25.04177,121.58735,0
500111070,20231027,898,18,18,1,25.04177,121.58735,0
500111070,20231027,899,18,18,1,25.04177,121.58735,0
500111070,20231027,901,18,17,1,25.04177,121.58735,1
500111070,20231027,902,18,17,1,25.04177,121.58735,1
500111070,20231027,903,18,18,1,25.04177,121.58735,0
500111070,20231027,904,18,18,1,25.04177,121.58735,0
500111070,20231027,905,18,18,1,25.04177,121.58735,0
500111070,20231027,906,18,18,1,25.04177,121.58735,0
500111070,20231027,907,18,18,1,25.04177,121.58735,0
500111070,20231027,908,18,18,1,25.04177,121.58735,0
500111070,20231027,909,18,18,1,25.04177,121.58735,0
500111070,20231027,910,18,18,1,25.04177,121.58735,0
500111070,20231027,911,18,18,1,25.04177,121.58735,0
500111070,20231027,912,18,18,1,25.04177,121.58735,0
500111070,20231027,913,18,18,1,25.04177,121.58735,0
500111070,20231027,914,18,18,1,25.04177,121.58735,0
500111070,20231027,915,18,18,1,25.04177,121.58735,0
500111070,20231027,916,18,18,1,25.04177,121.58735,0
500111070,20231027,917,18,18,1,25.04177,121.58735,0
500111070,20231027,918,18,18,1,25.04177,121.58735,0
500111070,20231027,919,18,18,1,25.04177,121.58735,0
500111070,20231027,921,18,18,1,25.04177,121.58735,0
500111070,20231027,922,18,18,1,25.04177,121.58735,0
500111070,20231027,923,18,18,1,25.04177,121.58735,0
500111070,20231027,924,18,18,1,25.04177,121.58735,0
500111070,20231027,925,18,18,1,25.04177,121.58735,0
500111070,20231027,926,18,18,1,25.04177,121.58735,0
500111070,20231027,927,18,18,1,25.04177,121.58735,0
500111070,20231027,928,18,18,1,25.04177,121.58735,0
500111070,20231027,929,18,18,1,25.04177,121.58735,0
500111070,20231027,931,18,18,1,25.04177,121.58735,0
500111070,20231027,932,18,18,1,25.04177,121.58735,0
500111070,20231027,933,18,18,1,25.04177,121.58735,0
500111070,20231027,934,18,17,1,25.04177,121.58735,1
500111070,20231027,935,18,17,1,25.04177,121.58735,1
500111070,20231027,936,18,17,1,25.04177,121.58735,1
500111070,20231027,937,18,18,1,25.04177,121.58735,0
500111070,20231027,938,18,18,1,25.04177,121.58735,0
500111070,20231027,939,18,18,1,25.04177,121.58735,0
500111070,20231027,940,18,18,1,25.04177,121.58735,0
500111070,20231027,941,18,18,1,25.04177,121.58735,0
500111070,20231027,943,18,18,1,25.04177,121.58735,0
500111070,20231027,944,18,18,1,25.04177,121.58735,0
500111070,20231027,945,18,18,1,25.04177,121.58735,0
500111070,20231027,946,18,18,1,25.04177,121.58735,0
500111070,20231027,947,18,18,1,25.04177,121.58735,0
500111070,20231027,948,18,18,1,25.04177,121.58735,0
500111070,20231027,949,18,18,1,25.04177,121.58735,0
500111070,20231027,951,18,18,1,25.04177,121.58735,0
500111070,20231027,952,18,18,1,25.04177,121.58735,0
500111070,20231027,953,18,18,1,25.04177,121.58735,0
500111070,20231027,954,18,18,1,25.04177,121.58735,0
500111070,20231027,955,18,18,1,25.04177,121.58735,0
500111070,20231027,956,18,18,1,25.04177,121.58735,0
500111070,20231027,957,18,18,1,25.04177,121.58735,0
500111070,20231027,958,18,18,1,25.04177,121.58735,0
500111070,20231027,959,18,18,1,25.04177,121.58735,0
500111070,20231027,961,18,17,1,25.04177,121.58735,1
500111070,20231027,962,18,18,1,25.04177,121.58735,0
500111070,20231027,963,18,18,1,25.04177,121.58735,0
500111070,20231027,964,18,18,1,25.04177,121.58735,0
500111070,20231027,965,18,18,1,25.04177,121.58735,0
500111070,20231027,966,18,17,1,25.04177,121.58735,1
500111070,20231027,967,18,17,1,25.04177,121.58735,1
500111070,20231027,968,18,17,1,25.04177,121.58735,1
500111070,20231027,969,18,17,1,25.04177,121.58735,1
500111070,20231027,971,18,16,1,25.04177,121.58735,2
500111070,20231027,972,18,16,1,25.04177,121.58735,2
500111070,20231027,973,18,16,1,25.04177,121.58735,2
500111070,20231027,974,18,16,1,25.04177,121.58735,2
500111070,20231027,975,18,16,1,25.04177,121.58735,2
500111070,20231027,976,18,16,1,25.04177,121.58735,2
500111070,20231027,977,18,16,1,25.04177,121.58735,2
500111070,20231027,978,18,16,1,25.04177,121.58735,2
500111070,20231027,979,18,16,1,25.04177,121.58735,2
500111070,20231027,981,18,16,1,25.04177,121.58735,2
500111070,20231027,982,18,16,1,25.04177,121.58735,2
500111070,20231027,983,18,16,1,25.04177,121.58735,2
500111070,20231027,984,18,16,1,25.04177,121.58735,2
500111070,20231027,985,18,16,1,25.04177,121.58735,2
500111070,20231027,986,18,17,1,25.04177,121.58735,1
500111070,20231027,987,18,17,1,25.04177,121.58735,1
500111070,20231027,988,18,17,1,25.04177,121.58735,1
500111070,20231027,989,18,17,1,25.04177,121.58735,1
500111070,20231027,991,18,17,1,25.04177,121.58735,1
500111070,20231027,992,18,17,1,25.04177,121.58735,1
500111070,20231027,993,18,17,1,25.04177,121.58735,1
500111070,20231027,994,18,17,1,25.04177,121.58735,1
500111070,20231027,995,18,17,1,25.04177,121.58735,1
500111070,20231027,996,18,16,1,25.04177,121.58735,2
500111070,20231027,997,18,15,1,25.04177,121.58735,3
500111070,20231027,998,18,15,1,25.04177,121.58735,3
500111070,20231027,999,18,15,1,25.04177,121.58735,3
500111070,20231027,1001,18,14,1,25.04177,121.58735,4
500111070,20231027,1002,18,14,1,25.04177,121.58735,4
500111070,20231027,1003,18,14,1,25.04177,121.58735,4
500111070,20231027,1004,18,14,1,25.04177,121.58735,4
500111070,20231027,1005,18,14,1,25.04177,121.58735,4
500111070,20231027,1006,18,14,1,25.04177,121.58735,4
500111070,20231027,1007,18,14,1,25.04177,121.58735,4
500111070,20231027,1008,18,14,1,25.04177,121.58735,4
500111070,20231027,1009,18,14,1,25.04177,121.58735,4
500111070,20231027,1011,18,14,1,25.04177,121.58735,4
500111070,20231027,1012,18,14,1,25.04177,121.58735,4
500111070,20231027,1013,18,14,1,25.04177,121.58735,4
500111070,20231027,1014,18,14,1,25.04177,121.58735,4
500111070,20231027,1015,18,14,1,25.04177,121.58735,4
500111070,20231027,1016,18,14,1,25.04177,121.58735,4
500111070,20231027,1017,18,14,1,25.04177,121.58735,4
500111070,20231027,1018,18,14,1,25.04177,121.58735,4
500111070,20231027,1019,18,15,1,25.04177,121.58735,3
500111070,20231027,1021,18,15,1,25.04177,121.58735,3
500111070,20231027,1022,18,15,1,25.04177,121.58735,3
500111070,20231027,1023,18,15,1,25.04177,121.58735,3
500111070,20231027,1024,18,15,1,25.04177,121.58735,3
500111070,20231027,1025,18,15,1,25.04177,121.58735,3
500111070,20231027,1026,18,14,1,25.04177,121.58735,4
500111070,20231027,1027,18,13,1,25.04177,121.58735,5
500111070,20231027,1028,18,13,1,25.04177,121.58735,5
500111070,20231027,1029,18,13,1,25.04177,121.58735,5
500111070,20231027,1031,18,13,1,25.04177,121.58735,5
500111070,20231027,1032,18,13,1,25.04177,121.58735,5
500111070,20231027,1033,18,13,1,25.04177,121.58735,5
500111070,20231027,1034,18,13,1,25.04177,121.58735,5
500111070,20231027,1035,18,13,1,25.04177,121.58735,5
500111070,20231027,1036,18,13,1,25.04177,121.58735,5
500111070,20231027,1037,18,14,1,25.04177,121.58735,4
500111070,20231027,1038,18,14,1,25.04177,121.58735,4
500111070,20231027,1039,18,14,1,25.04177,121.58735,4
500111070,20231027,1041,18,14,1,25.04177,121.58735,4
500111070,20231027,1042,18,14,1,25.04177,121.58735,4
500111070,20231027,1043,18,14,1,25.04177,121.58735,4
500111070,20231027,1044,18,14,1,25.04177,121.58735,4
500111070,20231027,1045,18,14,1,25.04177,121.58735,4
500111070,20231027,1046,18,14,1,25.04177,121.58735,4
500111070,20231027,1047,18,14,1,25.04177,121.58735,4
500111070,20231027,1048,18,15,1,25.04177,121.58735,3
500111070,20231027,1049,18,15,1,25.04177,121.58735,3
500111070,20231027,1051,18,14,1,25.04177,121.58735,4
500111070,20231027,1052,18,14,1,25.04177,121.58735,4
500111070,20231027,1053,18,14,1,25.04177,121.58735,4
500111070,20231027,1054,18,14,1,25.04177,121.58735,4
500111070,20231027,1055,18,14,1,25.04177,121.58735,4
500111070,20231027,1056,18,14,1,25.04177,121.58735,4
500111070,20231027,1057,18,14,1,25.04177,121.58735,4
500111070,20231027,1058,18,14,1,25.04177,121.58735,4
500111070,20231027,1059,18,13,1,25.04177,121.58735,5
500111070,20231027,1061,18,13,1,25.04177,121.58735,5
500111070,20231027,1062,18,13,1,25.04177,121.58735,5
500111070,20231027,1063,18,12,1,25.04177,121.58735,6
500111070,20231027,1064,18,12,1,25.04177,121.58735,6
500111070,20231027,1065,18,12,1,25.04177,121.58735,6
500111070,20231027,1066,18,12,1,25.04177,121.58735,6
500111070,20231027,1067,18,13,1,25.04177,121.58735,5
500111070,20231027,1068,18,13,1,25.04177,121.58735,5
500111070,20231027,1069,18,13,1,25.04177,121.58735,5
500111070,20231027,1070,18,13,1,25.04177,121.58735,5
500111070,20231027,1071,18,14,1,25.04177,121.58735,4
500111070,20231027,1072,18,13,1,25.04177,121.58735,5
500111070,20231027,1073,18,13,1,25.04177,121.58735,5
500111070,20231027,1074,18,13,1,25.04177,121.58735,5
500111070,20231027,1075,18,13,1,25.04177,121.58735,5
500111070,20231027,1076,18,12,1,25.04177,121.58735,6
500111070,20231027,1077,18,12,1,25.04177,121.58735,6
500111070,20231027,1078,18,12,1,25.04177,121.58735,6
500111070,20231027,1079,18,12,1,25.04177,121.58735,6
500111070,20231027,1081,18,12,1,25.04177,121.58735,6
500111070,20231027,1082,18,12,1,25.04177,121.58735,6
500111070,20231027,1083,18,12,1,25.04177,121.58735,6
500111070,20231027,1084,18,12,1,25.04177,121.58735,6
500111070,20231027,1085,18,12,1,25.04177,121.58735,6
500111070,20231027,1086,18,11,1,25.04177,121.58735,7
500111070,20231027,1087,18,9,1,25.04177,121.58735,9
500111070,20231027,1088,18,9,1,25.04177,121.58735,9
500111070,20231027,1089,18,9,1,25.04177,121.58735,9
500111070,20231027,1090,18,8,1,25.04177,121.58735,10
500111070,20231027,1091,18,8,1,25.04177,121.58735,10
500111070,20231027,1092,18,8,1,25.04177,121.58735,10
500111070,20231027,1093,18,8,1,25.04177,121.58735,10
500111070,20231027,1094,18,8,1,25.04177,121.58735,10
500111070,20231027,1095,18,8,1,25.04177,121.58735,10
500111070,20231027,1096,18,7,1,25.04177,121.58735,11
500111070,20231027,1097,18,7,1,25.04177,121.58735,11
500111070,20231027,1098,18,7,1,25.04177,121.58735,11
500111070,20231027,1099,18,9,1,25.04177,121.58735,9
500111070,20231027,1101,18,9,1,25.04177,121.58735,9
500111070,20231027,1102,18,9,1,25.04177,121.58735,9
500111070,20231027,1103,18,9,1,25.04177,121.58735,9
500111070,20231027,1104,18,9,1,25.04177,121.58735,9
500111070,20231027,1105,18,7,1,25.04177,121.58735,11
500111070,20231027,1106,18,8,1,25.04177,121.58735,10
500111070,20231027,1107,18,8,1,25.04177,121.58735,10
500111070,20231027,1108,18,7,1,25.04177,121.58735,11
500111070,20231027,1109,18,7,1,25.04177,121.58735,11
500111070,20231027,1111,18,6,1,25.04177,121.58735,12
500111070,20231027,1112,18,6,1,25.04177,121.58735,12
500111070,20231027,1113,18,6,1,25.04177,121.58735,12
500111070,20231027,1114,18,6,1,25.04177,121.58735,12
500111070,20231027,1115,18,6,1,25.04177,121.58735,12
500111070,20231027,1116,18,8,1,25.04177,121.58735,10
500111070,20231027,1117,18,7,1,25.04177,121.58735,11
500111070,20231027,1118,18,7,1,25.04177,121.58735,11
500111070,20231027,1119,18,8,1,25.04177,121.58735,10
500111070,20231027,1120,18,8,1,25.04177,121.58735,10
500111070,20231027,1121,18,7,1,25.04177,121.58735,11
500111070,20231027,1122,18,7,1,25.04177,121.58735,11
500111070,20231027,1123,18,7,1,25.04177,121.58735,11
500111070,20231027,1124,18,7,1,25.04177,121.58735,11
500111070,20231027,1125,18,7,1,25.04177,121.58735,11
500111070,20231027,1126,18,7,1,25.04177,121.58735,11
500111070,20231027,1127,18,6,1,25.04177,121.58735,12
500111070,20231027,1128,18,5,1,25.04177,121.58735,13
500111070,20231027,1129,18,5,1,25.04177,121.58735,13
500111070,20231027,1130,18,5,1,25.04177,121.58735,13
500111070,20231027,1131,18,5,1,25.04177,121.58735,13
500111070,20231027,1132,18,5,1,25.04177,121.58735,13
500111070,20231027,1133,18,5,1,25.04177,121.58735,13
500111070,20231027,1134,18,5,1,25.04177,121.58735,13
500111070,20231027,1135,18,5,1,25.04177,121.58735,13
500111070,20231027,1136,18,5,1,25.04177,121.58735,13
500111070,20231027,1137,18,5,1,25.04177,121.58735,13
500111070,20231027,1138,18,5,1,25.04177,121.58735,13
500111070,20231027,1139,18,5,1,25.04177,121.58735,13
500111070,20231027,1141,18,5,1,25.04177,121.58735,13
500111070,20231027,1142,18,5,1,25.04177,121.58735,13
500111070,20231027,1143,18,5,1,25.04177,121.58735,13
500111070,20231027,1144,18,5,1,25.04177,121.58735,13
500111070,20231027,1145,18,5,1,25.04177,121.58735,13
500111070,20231027,1146,18,5,1,25.04177,121.58735,13
500111070,20231027,1147,18,5,1,25.04177,121.58735,13
500111070,20231027,1148,18,5,1,25.04177,121.58735,13
500111070,20231027,1149,18,5,1,25.04177,121.58735,13
500111070,20231027,1150,18,5,1,25.04177,121.58735,13
500111070,20231027,1151,18,4,1,25.04177,121.58735,14
500111070,20231027,1152,18,4,1,25.04177,121.58735,14
500111070,20231027,1153,18,4,1,25.04177,121.58735,14
500111070,20231027,1154,18,4,1,25.04177,121.58735,14
500111070,20231027,1155,18,4,1,25.04177,121.58735,14
500111070,20231027,1156,18,4,1,25.04177,121.58735,14
500111070,20231027,1157,18,4,1,25.04177,121.58735,14
500111070,20231027,1158,18,4,1,25.04177,121.58735,14
500111070,20231027,1159,18,4,1,25.04177,121.58735,14
500111070,20231027,1161,18,2,1,25.04177,121.58735,16
500111070,20231027,1162,18,2,1,25.04177,121.58735,16
500111070,20231027,1163,18,1,1,25.04177,121.58735,17
500111070,20231027,1164,18,1,1,25.04177,121.58735,17
500111070,20231027,1165,18,1,1,25.04177,121.58735,17
500111070,20231027,1166,18,0,1,25.04177,121.58735,18
500111070,20231027,1167,18,0,1,25.04177,121.58735,18
500111070,20231027,1168,18,0,1,25.04177,121.58735,18
500111070,20231027,1169,18,1,1,25.04177,121.58735,17
500111070,20231027,1171,18,6,1,25.04177,121.58735,12
500111070,20231027,1172,18,8,1,25.04177,121.58735,10
500111070,20231027,1173,18,10,1,25.04177,121.58735,8
500111070,20231027,1174,18,12,1,25.04177,121.58735,6
500111070,20231027,1175,18,14,1,25.04177,121.58735,4
500111070,20231027,1176,18,17,1,25.04177,121.58735,1
500111070,20231027,1177,18,17,1,25.04177,121.58735,1
500111070,20231027,1178,18,17,1,25.04177,121.58735,1
500111070,20231027,1179,18,17,1,25.04177,121.58735,1
500111070,20231027,1180,18,17,1,25.04177,121.58735,1
500111070,20231027,1181,18,17,1,25.04177,121.58735,1
500111070,20231027,1182,18,18,1,25.04177,121.58735,0
500111070,20231027,1183,18,18,1,25.04177,121.58735,0
500111070,20231027,1184,18,18,1,25.04177,121.58735,0
500111070,20231027,1185,18,18,1,25.04177,121.58735,0
500111070,20231027,1186,18,18,1,25.04177,121.58735,0
500111070,20231027,1187,18,18,1,25.04177,121.58735,0
500111070,20231027,1188,18,18,1,25.04177,121.58735,0
500111070,20231027,1189,18,18,1,25.04177,121.58735,0
500111070,20231027,1190,18,16,1,25.04177,121.58735,2
500111070,20231027,1191,18,16,1,25.04177,121.58735,2
500111070,20231027,1192,18,16,1,25.04177,121.58735,2
500111070,20231027,1193,18,16,1,25.04177,121.58735,2
500111070,20231027,1194,18,16,1,25.04177,121.58735,2
500111070,20231027,1195,18,16,1,25.04177,121.58735,2
500111070,20231027,1196,18,16,1,25.04177,121.58735,2
500111070,20231027,1197,18,16,1,25.04177,121.58735,2
500111070,20231027,1198,18,16,1,25.04177,121.58735,2
500111070,20231027,1199,18,16,1,25.04177,121.58735,2
500111070,20231027,1201,18,17,1,25.04177,121.58735,1
500111070,20231027,1202,18,17,1,25.04177,121.58735,1
500111070,20231027,1203,18,17,1,25.04177,121.58735,1
500111070,20231027,1204,18,17,1,25.04177,121.58735,1
500111070,20231027,1205,18,17,1,25.04177,121.58735,1
500111070,20231027,1206,18,17,1,25.04177,121.58735,1
500111070,20231027,1207,18,17,1,25.04177,121.58735,1
500111070,20231027,1208,18,17,1,25.04177,121.58735,1
500111070,20231027,1209,18,17,1,25.04177,121.58735,1
500111070,20231027,1210,18,17,1,25.04177,121.58735,1
500111070,20231027,1211,18,16,1,25.04177,121.58735,2
500111070,20231027,1212,18,16,1,25.04177,121.58735,2
500111070,20231027,1213,18,16,1,25.04177,121.58735,2
500111070,20231027,1214,18,16,1,25.04177,121.58735,2
500111070,20231027,1215,18,16,1,25.04177,121.58735,2
500111070,20231027,1216,18,17,1,25.04177,121.58735,1
500111070,20231027,1217,18,17,1,25.04177,121.58735,1
500111070,20231027,1218,18,17,1,25.04177,121.58735,1
500111070,20231027,1219,18,17,1,25.04177,121.58735,1
500111070,20231027,1221,18,17,1,25.04177,121.58735,1
500111070,20231027,1222,18,17,1,25.04177,121.58735,1
500111070,20231027,1223,18,18,1,25.04177,121.58735,0
500111070,20231027,1224,18,18,1,25.04177,121.58735,0
500111070,20231027,1225,18,18,1,25.04177,121.58735,0
500111070,20231027,1226,18,18,1,25.04177,121.58735,0
500111070,20231027,1227,18,18,1,25.04177,121.58735,0
500111070,20231027,1228,18,18,1,25.04177,121.58735,0
500111070,20231027,1229,18,18,1,25.04177,121.58735,0
500111070,20231027,1231,18,18,1,25.04177,121.58735,0
500111070,20231027,1232,18,18,1,25.04177,121.58735,0
500111070,20231027,1233,18,17,1,25.04177,121.58735,1
500111070,20231027,1234,18,17,1,25.04177,121.58735,1
500111070,20231027,1235,18,17,1,25.04177,121.58735,1
500111070,20231027,1237,18,17,1,25.04177,121.58735,1
500111070,20231027,1238,18,17,1,25.04177,121.58735,1
500111070,20231027,1239,18,17,1,25.04177,121.58735,1
500111070,20231027,1240,18,17,1,25.04177,121.58735,1
500111070,20231027,1241,18,17,1,25.04177,121.58735,1
500111070,20231027,1242,18,17,1,25.04177,121.58735,1
500111070,20231027,1243,18,17,1,25.04177,121.58735,1
500111070,20231027,1244,18,17,1,25.04177,121.58735,1
500111070,20231027,1245,18,17,1,25.04177,121.58735,1
500111070,20231027,1246,18,17,1,25.04177,121.58735,1
500111070,20231027,1247,18,17,1,25.04177,121.58735,1
500111070,20231027,1248,18,17,1,25.04177,121.58735,1
500111070,20231027,1249,18,17,1,25.04177,121.58735,1
500111070,20231027,1250,18,17,1,25.04177,121.58735,1
500111070,20231027,1251,18,16,1,25.04177,121.58735,2
500111070,20231027,1252,18,15,1,25.04177,121.58735,3
500111070,20231027,1253,18,15,1,25.04177,121.58735,3
500111070,20231027,1254,18,15,1,25.04177,121.58735,3
500111070,20231027,1255,18,15,1,25.04177,121.58735,3
500111070,20231027,1256,18,14,1,25.04177,121.58735,4
500111070,20231027,1257,18,12,1,25.04177,121.58735,6
500111070,20231027,1258,18,12,1,25.04177,121.58735,6
500111070,20231027,1259,18,12,1,25.04177,121.58735,6
500111070,20231027,1261,18,12,1,25.04177,121.58735,6
500111070,20231027,1262,18,12,1,25.04177,121.58735,6
500111070,20231027,1263,18,12,1,25.04177,121.58735,6
500111070,20231027,1264,18,12,1,25.04177,121.58735,6
500111070,20231027,1265,18,12,1,25.04177,121.58735,6
500111070,20231027,1266,18,12,1,25.04177,121.58735,6
500111070,20231027,1267,18,12,1,25.04177,121.58735,6
500111070,20231027,1268,18,11,1,25.04177,121.58735,7
500111070,20231027,1269,18,11,1,25.04177,121.58735,7
500111070,20231027,1270,18,10,1,25.04177,121.58735,8
500111070,20231027,1271,18,10,1,25.04177,121.58735,8
500111070,20231027,1272,18,10,1,25.04177,121.58735,8
500111070,20231027,1273,18,10,1,25.04177,121.58735,8
500111070,20231027,1274,18,10,1,25.04177,121.58735,8
500111070,20231027,1275,18,9,1,25.04177,121.58735,9
500111070,20231027,1276,18,9,1,25.04177,121.58735,9
500111070,20231027,1277,18,10,1,25.04177,121.58735,8
500111070,20231027,1278,18,10,1,25.04177,121.58735,8
500111070,20231027,1279,18,10,1,25.04177,121.58735,8
500111070,20231027,1281,18,14,1,25.04177,121.58735,4
500111070,20231027,1282,18,15,1,25.04177,121.58735,3
500111070,20231027,1283,18,17,1,25.04177,121.58735,1
500111070,20231027,1284,18,17,1,25.04177,121.58735,1
500111070,20231027,1285,18,18,1,25.04177,121.58735,0
500111070,20231027,1286,18,18,1,25.04177,121.58735,0
500111070,20231027,1287,18,18,1,25.04177,121.58735,0
500111070,20231027,1288,18,18,1,25.04177,121.58735,0
500111070,20231027,1289,18,18,1,25.04177,121.58735,0
500111070,20231027,1291,18,17,1,25.04177,121.58735,1
500111070,20231027,1292,18,17,1,25.04177,121.58735,1
500111070,20231027,1293,18,17,1,25.04177,121.58735,1
500111070,20231027,1294,18,17,1,25.04177,121.58735,1
500111070,20231027,1295,18,17,1,25.04177,121.58735,1
500111070,20231027,1296,18,17,1,25.04177,121.58735,1
500111070,20231027,1297,18,17,1,25.04177,121.58735,1
500111070,20231027,1298,18,17,1,25.04177,121.58735,1
500111070,20231027,1299,18,17,1,25.04177,121.58735,1
500111070,20231027,1300,18,17,1,25.04177,121.58735,1
500111070,20231027,1301,18,16,1,25.04177,121.58735,2
500111070,20231027,1302,18,16,1,25.04177,121.58735,2
500111070,20231027,1303,18,15,1,25.04177,121.58735,3
500111070,20231027,1304,18,13,1,25.04177,121.58735,5
500111070,20231027,1305,18,13,1,25.04177,121.58735,5
500111070,20231027,1306,18,12,1,25.04177,121.58735,6
500111070,20231027,1307,18,12,1,25.04177,121.58735,6
500111070,20231027,1308,18,12,1,25.04177,121.58735,6
500111070,20231027,1309,18,12,1,25.04177,121.58735,6
500111070,20231027,1310,18,12,1,25.04177,121.58735,6
500111070,20231027,1311,18,12,1,25.04177,121.58735,6
500111070,20231027,1312,18,12,1,25.04177,121.58735,6
500111070,20231027,1313,18,12,1,25.04177,121.58735,6
500111070,20231027,1314,18,12,1,25.04177,121.58735,6
500111070,20231027,1315,18,12,1,25.04177,121.58735,6
500111070,20231027,1316,18,12,1,25.04177,121.58735,6
500111070,20231027,1317,18,12,1,25.04177,121.58735,6
500111070,20231027,1318,18,11,1,25.04177,121.58735,7
500111070,20231027,1319,18,12,1,25.04177,121.58735,6
500111070,20231027,1321,18,12,1,25.04177,121.58735,6
500111070,20231027,1322,18,12,1,25.04177,121.58735,6
500111070,20231027,1323,18,12,1,25.04177,121.58735,6
500111070,20231027,1324,18,12,1,25.04177,121.58735,6
500111070,20231027,1325,18,12,1,25.04177,121.58735,6
500111070,20231027,1326,18,11,1,25.04177,121.58735,7
500111070,20231027,1327,18,11,1,25.04177,121.58735,7
500111070,20231027,1328,18,10,1,25.04177,121.58735,8
500111070,20231027,1329,18,10,1,25.04177,121.58735,8
500111070,20231027,1330,18,10,1,25.04177,121.58735,8
500111070,20231027,1331,18,10,1,25.04177,121.58735,8
500111070,20231027,1332,18,9,1,25.04177,121.58735,9
500111070,20231027,1333,18,8,1,25.04177,121.58735,10
500111070,20231027,1334,18,8,1,25.04177,121.58735,10
500111070,20231027,1335,18,8,1,25.04177,121.58735,10
500111070,20231027,1336,18,7,1,25.04177,121.58735,11
500111070,20231027,1337,18,7,1,25.04177,121.58735,11
500111070,20231027,1338,18,7,1,25.04177,121.58735,11
500111070,20231027,1339,18,7,1,25.04177,121.58735,11
500111070,20231027,1341,18,6,1,25.04177,121.58735,12
500111070,20231027,1342,18,6,1,25.04177,121.58735,12
500111070,20231027,1343,18,6,1,25.04177,121.58735,12
500111070,20231027,1344,18,6,1,25.04177,121.58735,12
500111070,20231027,1345,18,5,1,25.04177,121.58735,13
500111070,20231027,1346,18,5,1,25.04177,121.58735,13
500111070,20231027,1347,18,4,1,25.04177,121.58735,14
500111070,20231027,1348,18,4,1,25.04177,121.58735,14
500111070,20231027,1349,18,4,1,25.04177,121.58735,14
500111070,20231027,1351,18,4,1,25.04177,121.58735,14
500111070,20231027,1352,18,4,1,25.04177,121.58735,14
500111070,20231027,1353,18,4,1,25.04177,121.58735,14
500111070,20231027,1354,18,5,1,25.04177,121.58735,13
500111070,20231027,1355,18,5,1,25.04177,121.58735,13
500111070,20231027,1356,18,5,1,25.04177,121.58735,13
500111070,20231027,1357,18,5,1,25.04177,121.58735,13
500111070,20231027,1358,18,3,1,25.04177,121.58735,15
500111070,20231027,1359,18,4,1,25.04177,121.58735,14
500111070,20231027,1360,18,4,1,25.04177,121.58735,14
500111070,20231027,1361,18,4,1,25.04177,121.58735,14
500111070,20231027,1362,18,4,1,25.04177,121.58735,14
500111070,20231027,1363,18,4,1,25.04177,121.58735,14
500111070,20231027,1364,18,4,1,25.04177,121.58735,14
500111070,20231027,1365,18,4,1,25.04177,121.58735,14
500111070,20231027,1366,18,3,1,25.04177,121.58735,15
500111070,20231027,1367,18,3,1,25.04177,121.58735,15
500111070,20231027,1368,18,2,1,25.04177,121.58735,16
500111070,20231027,1369,18,2,1,25.04177,121.58735,16
500111070,20231027,1370,18,2,1,25.04177,121.58735,16
500111070,20231027,1371,18,1,1,25.04177,121.58735,17
500111070,20231027,1372,18,1,1,25.04177,121.58735,17
500111070,20231027,1373,18,1,1,25.04177,121.58735,17
500111070,20231027,1374,18,1,1,25.04177,121.58735,17
500111070,20231027,1375,18,1,1,25.04177,121.58735,17
500111070,20231027,1376,18,5,1,25.04177,121.58735,13
500111070,20231027,1377,18,5,1,25.04177,121.58735,13
500111070,20231027,1378,18,7,1,25.04177,121.58735,11
500111070,20231027,1379,18,9,1,25.04177,121.58735,9
500111070,20231027,1381,18,13,1,25.04177,121.58735,5
500111070,20231027,1382,18,15,1,25.04177,121.58735,3
500111070,20231027,1383,18,15,1,25.04177,121.58735,3
500111070,20231027,1384,18,15,1,25.04177,121.58735,3
500111070,20231027,1385,18,15,1,25.04177,121.58735,3
500111070,20231027,1386,18,15,1,25.04177,121.58735,3
500111070,20231027,1387,18,14,1,25.04177,121.58735,4
500111070,20231027,1388,18,14,1,25.04177,121.58735,4
500111070,20231027,1389,18,15,1,25.04177,121.58735,3
500111070,20231027,1390,18,15,1,25.04177,121.58735,3
500111070,20231027,1391,18,15,1,25.04177,121.58735,3
500111070,20231027,1392,18,15,1,25.04177,121.58735,3
500111070,20231027,1393,18,15,1,25.04177,121.58735,3
500111070,20231027,1394,18,15,1,25.04177,121.58735,3
500111070,20231027,1395,18,15,1,25.04177,121.58735,3
500111070,20231027,1396,18,15,1,25.04177,121.58735,3
500111070,20231027,1397,18,15,1,25.04177,121.58735,3
500111070,20231027,1398,18,15,1,25.04177,121.58735,3
500111070,20231027,1399,18,14,1,25.04177,121.58735,4
500111070,20231027,1401,18,13,1,25.04177,121.58735,5
500111070,20231027,1402,18,13,1,25.04177,121.58735,5
500111070,20231027,1403,18,13,1,25.04177,121.58735,5
500111070,20231027,1404,18,13,1,25.04177,121.58735,5
500111070,20231027,1405,18,13,1,25.04177,121.58735,5
500111070,20231027,1406,18,13,1,25.04177,121.58735,5
500111070,20231027,1407,18,13,1,25.04177,121.58735,5
500111070,20231027,1408,18,13,1,25.04177,121.58735,5
500111070,20231027,1409,18,13,1,25.04177,121.58735,5
500111070,20231027,1410,18,13,1,25.04177,121.58735,5
500111070,20231027,1411,18,13,1,25.04177,121.58735,5
500111070,20231027,1412,18,13,1,25.04177,121.58735,5
500111070,20231027,1413,18,13,1,25.04177,121.58735,5
500111070,20231027,1414,18,13,1,25.04177,121.58735,5
500111070,20231027,1415,18,14,1,25.04177,121.58735,4
500111070,20231027,1416,18,14,1,25.04177,121.58735,4
500111070,20231027,1417,18,14,1,25.04177,121.58735,4
500111070,20231027,1418,18,14,1,25.04177,121.58735,4
500111070,20231027,1419,18,14,1,25.04177,121.58735,4
500111070,20231027,1420,18,14,1,25.04177,121.58735,4
500111070,20231027,1421,18,14,1,25.04177,121.58735,4
500111070,20231027,1422,18,14,1,25.04177,121.58735,4
500111070,20231027,1423,18,14,1,25.04177,121.58735,4
500111070,20231027,1424,18,14,1,25.04177,121.58735,4
500111070,20231027,1425,18,14,1,25.04177,121.58735,4
500111070,20231027,1426,18,15,1,25.04177,121.58735,3
500111070,20231027,1427,18,15,1,25.04177,121.58735,3
500111070,20231027,1428,18,15,1,25.04177,121.58735,3
500111070,20231027,1429,18,15,1,25.04177,121.58735,3
500111070,20231027,1430,18,16,1,25.04177,121.58735,2
500111070,20231027,1431,18,16,1,25.04177,121.58735,2
500111070,20231027,1432,18,16,1,25.04177,121.58735,2
500111070,20231027,1433,18,16,1,25.04177,121.58735,2
500111070,20231027,1434,18,16,1,25.04177,121.58735,2
500111070,20231027,1435,18,16,1,25.04177,121.58735,2
500111070,20231027,1436,18,16,1,25.04177,121.58735,2
500111070,20231027,1437,18,15,1,25.04177,121.58735,3
500111070,20231027,1438,18,15,1,25.04177,121.58735,3
500111070,20231027,1439,18,14,1,25.04177,121.58735,4
500111070,20231028,1,18,14,1,25.04177,121.58735,4
500111070,20231028,2,18,14,1,25.04177,121.58735,4
500111070,20231028,3,18,14,1,25.04177,121.58735,4
500111070,20231028,4,18,14,1,25.04177,121.58735,4
500111070,20231028,5,18,14,1,25.04177,121.58735,4
500111070,20231028,6,18,14,1,25.04177,121.58735,4
500111070,20231028,7,18,14,1,25.04177,121.58735,4
500111070,20231028,8,18,14,1,25.04177,121.58735,4
500111070,20231028,9,18,14,1,25.04177,121.58735,4
500111070,20231028,10,18,14,1,25.04177,121.58735,4
500111070,20231028,11,18,14,1,25.04177,121.58735,4
500111070,20231028,12,18,14,1,25.04177,121.58735,4
500111070,20231028,13,18,14,1,25.04177,121.58735,4
500111070,20231028,14,18,14,1,25.04177,121.58735,4
500111070,20231028,15,18,14,1,25.04177,121.58735,4
500111070,20231028,16,18,14,1,25.04177,121.58735,4
500111070,20231028,17,18,14,1,25.04177,121.58735,4
500111070,20231028,18,18,14,1,25.04177,121.58735,4
500111070,20231028,19,18,13,1,25.04177,121.58735,5
500111070,20231028,21,18,13,1,25.04177,121.58735,5
500111070,20231028,22,18,13,1,25.04177,121.58735,5
500111070,20231028,23,18,13,1,25.04177,121.58735,5
500111070,20231028,24,18,13,1,25.04177,121.58735,5
500111070,20231028,25,18,13,1,25.04177,121.58735,5
500111070,20231028,26,18,13,1,25.04177,121.58735,5
500111070,20231028,27,18,13,1,25.04177,121.58735,5
500111070,20231028,28,18,13,1,25.04177,121.58735,5
500111070,20231028,29,18,13,1,25.04177,121.58735,5
500111070,20231028,30,18,13,1,25.04177,121.58735,5
500111070,20231028,31,18,13,1,25.04177,121.58735,5
500111070,20231028,32,18,13,1,25.04177,121.58735,5
500111070,20231028,33,18,13,1,25.04177,121.58735,5
500111070,20231028,34,18,13,1,25.04177,121.58735,5
500111070,20231028,35,18,13,1,25.04177,121.58735,5
500111070,20231028,36,18,13,1,25.04177,121.58735,5
500111070,20231028,37,18,13,1,25.04177,121.58735,5
500111070,20231028,38,18,13,1,25.04177,121.58735,5
500111070,20231028,39,18,13,1,25.04177,121.58735,5
500111070,20231028,40,18,13,1,25.04177,121.58735,5
500111070,20231028,41,18,13,1,25.04177,121.58735,5
500111070,20231028,42,18,12,1,25.04177,121.58735,6
500111070,20231028,43,18,12,1,25.04177,121.58735,6
500111070,20231028,44,18,12,1,25.04177,121.58735,6
500111070,20231028,45,18,12,1,25.04177,121.58735,6
500111070,20231028,46,18,12,1,25.04177,121.58735,6
500111070,20231028,47,18,12,1,25.04177,121.58735,6
500111070,20231028,48,18,12,1,25.04177,121.58735,6
500111070,20231028,49,18,12,1,25.04177,121.58735,6
500111070,20231028,50,18,12,1,25.04177,121.58735,6
500111070,20231028,51,18,12,1,25.04177,121.58735,6
500111070,20231028,52,18,12,1,25.04177,121.58735,6
500111070,20231028,53,18,12,1,25.04177,121.58735,6
500111070,20231028,54,18,12,1,25.04177,121.58735,6
500111070,20231028,55,18,12,1,25.04177,121.58735,6
500111070,20231028,56,18,12,1,25.04177,121.58735,6
500111070,20231028,57,18,12,1,25.04177,121.58735,6
500111070,20231028,58,18,12,1,25.04177,121.58735,6
500111070,20231028,59,18,12,1,25.04177,121.58735,6
500111070,20231028,60,18,12,1,25.04177,121.58735,6
500111070,20231028,61,18,12,1,25.04177,121.58735,6
500111070,20231028,62,18,12,1,25.04177,121.58735,6
500111070,20231028,63,18,12,1,25.04177,121.58735,6
500111070,20231028,64,18,11,1,25.04177,121.58735,7
500111070,20231028,65,18,11,1,25.04177,121.58735,7
500111070,20231028,66,18,11,1,25.04177,121.58735,7
500111070,20231028,67,18,11,1,25.04177,121.58735,7
500111070,20231028,68,18,11,1,25.04177,121.58735,7
500111070,20231028,69,18,11,1,25.04177,121.58735,7
500111070,20231028,70,18,11,1,25.04177,121.58735,7
500111070,20231028,71,18,11,1,25.04177,121.58735,7
500111070,20231028,72,18,11,1,25.04177,121.58735,7
500111070,20231028,75,18,11,1,25.04177,121.58735,7
500111070,20231028,76,18,11,1,25.04177,121.58735,7
500111070,20231028,77,18,11,1,25.04177,121.58735,7
500111070,20231028,78,18,11,1,25.04177,121.58735,7
500111070,20231028,79,18,11,1,25.04177,121.58735,7
500111070,20231028,81,18,11,1,25.04177,121.58735,7
500111070,20231028,82,18,11,1,25.04177,121.58735,7
500111070,20231028,83,18,11,1,25.04177,121.58735,7
500111070,20231028,84,18,11,1,25.04177,121.58735,7
500111070,20231028,86,18,11,1,25.04177,121.58735,7
500111070,20231028,87,18,11,1,25.04177,121.58735,7
500111070,20231028,88,18,11,1,25.04177,121.58735,7
500111070,20231028,89,18,11,1,25.04177,121.58735,7
500111070,20231028,90,18,11,1,25.04177,121.58735,7
500111070,20231028,91,18,11,1,25.04177,121.58735,7
500111070,20231028,92,18,11,1,25.04177,121.58735,7
500111070,20231028,93,18,11,1,25.04177,121.58735,7
500111070,20231028,94,18,11,1,25.04177,121.58735,7
500111070,20231028,95,18,11,1,25.04177,121.58735,7
500111070,20231028,96,18,11,1,25.04177,121.58735,7
500111070,20231028,97,18,11,1,25.04177,121.58735,7
500111070,20231028,98,18,11,1,25.04177,121.58735,7
500111070,20231028,99,18,11,1,25.04177,121.58735,7
500111070,20231028,100,18,11,1,25.04177,121.58735,7
500111070,20231028,101,18,11,1,25.04177,121.58735,7
500111070,20231028,102,18,11,1,25.04177,121.58735,7
500111070,20231028,103,18,11,1,25.04177,121.58735,7
500111070,20231028,104,18,11,1,25.04177,121.58735,7
500111070,20231028,105,18,11,1,25.04177,121.58735,7
500111070,20231028,107,18,11,1,25.04177,121.58735,7
500111070,20231028,108,18,11,1,25.04177,121.58735,7
500111070,20231028,109,18,11,1,25.04177,121.58735,7
500111070,20231028,110,18,11,1,25.04177,121.58735,7
500111070,20231028,111,18,11,1,25.04177,121.58735,7
500111070,20231028,112,18,11,1,25.04177,121.58735,7
500111070,20231028,113,18,11,1,25.04177,121.58735,7
500111070,20231028,114,18,11,1,25.04177,121.58735,7
500111070,20231028,116,18,11,1,25.04177,121.58735,7
500111070,20231028,117,18,11,1,25.04177,121.58735,7
500111070,20231028,118,18,11,1,25.04177,121.58735,7
500111070,20231028,119,18,11,1,25.04177,121.58735,7
500111070,20231028,121,18,11,1,25.04177,121.58735,7
500111070,20231028,122,18,11,1,25.04177,121.58735,7
500111070,20231028,123,18,11,1,25.04177,121.58735,7
500111070,20231028,125,18,11,1,25.04177,121.58735,7
500111070,20231028,126,18,11,1,25.04177,121.58735,7
500111070,20231028,127,18,11,1,25.04177,121.58735,7
500111070,20231028,128,18,11,1,25.04177,121.58735,7
500111070,20231028,129,18,11,1,25.04177,121.58735,7
500111070,20231028,130,18,11,1,25.04177,121.58735,7
500111070,20231028,131,18,11,1,25.04177,121.58735,7
500111070,20231028,132,18,10,1,25.04177,121.58735,8
500111070,20231028,133,18,10,1,25.04177,121.58735,8
500111070,20231028,134,18,10,1,25.04177,121.58735,8
500111070,20231028,135,18,10,1,25.04177,121.58735,8
500111070,20231028,136,18,10,1,25.04177,121.58735,8
500111070,20231028,137,18,10,1,25.04177,121.58735,8
500111070,20231028,138,18,10,1,25.04177,121.58735,8
500111070,20231028,139,18,10,1,25.04177,121.58735,8
500111070,20231028,141,18,10,1,25.04177,121.58735,8
500111070,20231028,142,18,10,1,25.04177,121.58735,8
500111070,20231028,143,18,10,1,25.04177,121.58735,8
500111070,20231028,144,18,10,1,25.04177,121.58735,8
500111070,20231028,145,18,10,1,25.04177,121.58735,8
500111070,20231028,146,18,10,1,25.04177,121.58735,8
500111070,20231028,147,18,10,1,25.04177,121.58735,8
500111070,20231028,148,18,10,1,25.04177,121.58735,8
500111070,20231028,149,18,10,1,25.04177,121.58735,8
500111070,20231028,150,18,10,1,25.04177,121.58735,8
500111070,20231028,151,18,10,1,25.04177,121.58735,8
500111070,20231028,152,18,10,1,25.04177,121.58735,8
500111070,20231028,153,18,12,1,25.04177,121.58735,6
500111070,20231028,154,18,12,1,25.04177,121.58735,6
500111070,20231028,155,18,12,1,25.04177,121.58735,6
500111070,20231028,156,18,12,1,25.04177,121.58735,6
500111070,20231028,157,18,12,1,25.04177,121.58735,6
500111070,20231028,158,18,12,1,25.04177,121.58735,6
500111070,20231028,159,18,12,1,25.04177,121.58735,6
500111070,20231028,160,18,12,1,25.04177,121.58735,6
500111070,20231028,161,18,12,1,25.04177,121.58735,6
500111070,20231028,162,18,12,1,25.04177,121.58735,6
500111070,20231028,163,18,12,1,25.04177,121.58735,6
500111070,20231028,164,18,12,1,25.04177,121.58735,6
500111070,20231028,165,18,11,1,25.04177,121.58735,7
500111070,20231028,166,18,11,1,25.04177,121.58735,7
500111070,20231028,167,18,11,1,25.04177,121.58735,7
500111070,20231028,168,18,11,1,25.04177,121.58735,7
500111070,20231028,169,18,11,1,25.04177,121.58735,7
500111070,20231028,170,18,11,1,25.04177,121.58735,7
500111070,20231028,171,18,11,1,25.04177,121.58735,7
500111070,20231028,172,18,11,1,25.04177,121.58735,7
500111070,20231028,173,18,11,1,25.04177,121.58735,7
500111070,20231028,174,18,11,1,25.04177,121.58735,7
500111070,20231028,175,18,11,1,25.04177,121.58735,7
500111070,20231028,176,18,11,1,25.04177,121.58735,7
500111070,20231028,177,18,11,1,25.04177,121.58735,7
500111070,20231028,178,18,11,1,25.04177,121.58735,7
500111070,20231028,179,18,12,1,25.04177,121.58735,6
500111070,20231028,180,18,12,1,25.04177,121.58735,6
500111070,20231028,183,18,11,1,25.04177,121.58735,7
500111070,20231028,185,18,11,1,25.04177,121.58735,7
500111070,20231028,186,18,11,1,25.04177,121.58735,7
500111070,20231028,187,18,11,1,25.04177,121.58735,7
500111070,20231028,188,18,11,1,25.04177,121.58735,7
500111070,20231028,189,18,11,1,25.04177,121.58735,7
500111070,20231028,190,18,11,1,25.04177,121.58735,7
500111070,20231028,191,18,11,1,25.04177,121.58735,7
500111070,20231028,192,18,11,1,25.04177,121.58735,7
500111070,20231028,193,18,11,1,25.04177,121.58735,7
500111070,20231028,194,18,11,1,25.04177,121.58735,7
500111070,20231028,195,18,11,1,25.04177,121.58735,7
500111070,20231028,196,18,11,1,25.04177,121.58735,7
500111070,20231028,197,18,11,1,25.04177,121.58735,7
500111070,20231028,198,18,11,1,25.04177,121.58735,7
500111070,20231028,199,18,11,1,25.04177,121.58735,7
500111070,20231028,201,18,11,1,25.04177,121.58735,7
500111070,20231028,202,18,11,1,25.04177,121.58735,7
500111070,20231028,203,18,11,1,25.04177,121.58735,7
500111070,20231028,204,18,11,1,25.04177,121.58735,7
500111070,20231028,205,18,11,1,25.04177,121.58735,7
500111070,20231028,206,18,11,1,25.04177,121.58735,7
500111070,20231028,207,18,11,1,25.04177,121.58735,7
500111070,20231028,208,18,11,1,25.04177,121.58735,7
500111070,20231028,209,18,11,1,25.04177,121.58735,7
500111070,20231028,210,18,11,1,25.04177,121.58735,7
500111070,20231028,211,18,11,1,25.04177,121.58735,7
500111070,20231028,212,18,11,1,25.04177,121.58735,7
500111070,20231028,213,18,11,1,25.04177,121.58735,7
500111070,20231028,214,18,11,1,25.04177,121.58735,7
500111070,20231028,215,18,11,1,25.04177,121.58735,7
500111070,20231028,216,18,11,1,25.04177,121.58735,7
500111070,20231028,217,18,11,1,25.04177,121.58735,7
500111070,20231028,218,18,11,1,25.04177,121.58735,7
500111070,20231028,219,18,11,1,25.04177,121.58735,7
500111070,20231028,220,18,11,1,25.04177,121.58735,7
500111070,20231028,221,18,11,1,25.04177,121.58735,7
500111070,20231028,222,18,11,1,25.04177,121.58735,7
500111070,20231028,223,18,11,1,25.04177,121.58735,7
500111070,20231028,224,18,11,1,25.04177,121.58735,7
500111070,20231028,225,18,11,1,25.04177,121.58735,7
500111070,20231028,226,18,10,1,25.04177,121.58735,8
500111070,20231028,227,18,10,1,25.04177,121.58735,8
500111070,20231028,228,18,10,1,25.04177,121.58735,8
500111070,20231028,229,18,10,1,25.04177,121.58735,8
500111070,20231028,230,18,10,1,25.04177,121.58735,8
500111070,20231028,231,18,10,1,25.04177,121.58735,8
500111070,20231028,232,18,10,1,25.04177,121.58735,8
500111070,20231028,233,18,10,1,25.04177,121.58735,8
500111070,20231028,234,18,10,1,25.04177,121.58735,8
500111070,20231028,235,18,10,1,25.04177,121.58735,8
500111070,20231028,236,18,10,1,25.04177,121.58735,8
500111070,20231028,237,18,10,1,25.04177,121.58735,8
500111070,20231028,238,18,10,1,25.04177,121.58735,8
500111070,20231028,239,18,10,1,25.04177,121.58735,8
500111070,20231028,240,18,10,1,25.04177,121.58735,8
500111070,20231028,241,18,10,1,25.04177,121.58735,8
500111070,20231028,242,18,10,1,25.04177,121.58735,8
500111070,20231028,243,18,10,1,25.04177,121.58735,8
500111070,20231028,244,18,10,1,25.04177,121.58735,8
500111070,20231028,245,18,10,1,25.04177,121.58735,8
500111070,20231028,246,18,10,1,25.04177,121.58735,8
500111070,20231028,247,18,10,1,25.04177,121.58735,8
500111070,20231028,248,18,10,1,25.04177,121.58735,8
500111070,20231028,249,18,10,1,25.04177,121.58735,8
500111070,20231028,250,18,10,1,25.04177,121.58735,8
500111070,20231028,251,18,10,1,25.04177,121.58735,8
500111070,20231028,252,18,10,1,25.04177,121.58735,8
500111070,20231028,253,18,10,1,25.04177,121.58735,8
500111070,20231028,254,18,10,1,25.04177,121.58735,8
500111070,20231028,255,18,10,1,25.04177,121.58735,8
500111070,20231028,256,18,10,1,25.04177,121.58735,8
500111070,20231028,257,18,10,1,25.04177,121.58735,8
500111070,20231028,258,18,10,1,25.04177,121.58735,8
500111070,20231028,259,18,10,1,25.04177,121.58735,8
500111070,20231028,261,18,10,1,25.04177,121.58735,8
500111070,20231028,262,18,10,1,25.04177,121.58735,8
500111070,20231028,263,18,10,1,25.04177,121.58735,8
500111070,20231028,264,18,10,1,25.04177,121.58735,8
500111070,20231028,265,18,10,1,25.04177,121.58735,8
500111070,20231028,266,18,10,1,25.04177,121.58735,8
500111070,20231028,267,18,10,1,25.04177,121.58735,8
500111070,20231028,268,18,9,1,25.04177,121.58735,9
500111070,20231028,269,18,9,1,25.04177,121.58735,9
500111070,20231028,270,18,9,1,25.04177,121.58735,9
500111070,20231028,271,18,9,1,25.04177,121.58735,9
500111070,20231028,272,18,9,1,25.04177,121.58735,9
500111070,20231028,273,18,9,1,25.04177,121.58735,9
500111070,20231028,274,18,9,1,25.04177,121.58735,9
500111070,20231028,275,18,9,1,25.04177,121.58735,9
500111070,20231028,276,18,9,1,25.04177,121.58735,9
500111070,20231028,277,18,9,1,25.04177,121.58735,9
500111070,20231028,278,18,9,1,25.04177,121.58735,9
500111070,20231028,279,18,9,1,25.04177,121.58735,9
500111070,20231028,280,18,9,1,25.04177,121.58735,9
500111070,20231028,281,18,9,1,25.04177,121.58735,9
500111070,20231028,282,18,9,1,25.04177,121.58735,9
500111070,20231028,283,18,9,1,25.04177,121.58735,9
500111070,20231028,284,18,9,1,25.04177,121.58735,9
500111070,20231028,285,18,9,1,25.04177,121.58735,9
500111070,20231028,286,18,9,1,25.04177,121.58735,9
500111070,20231028,287,18,9,1,25.04177,121.58735,9
500111070,20231028,288,18,9,1,25.04177,121.58735,9
500111070,20231028,289,18,9,1,25.04177,121.58735,9
500111070,20231028,290,18,9,1,25.04177,121.58735,9
500111070,20231028,291,18,9,1,25.04177,121.58735,9
500111070,20231028,292,18,9,1,25.04177,121.58735,9
500111070,20231028,293,18,9,1,25.04177,121.58735,9
500111070,20231028,294,18,9,1,25.04177,121.58735,9
500111070,20231028,295,18,9,1,25.04177,121.58735,9
500111070,20231028,296,18,9,1,25.04177,121.58735,9
500111070,20231028,297,18,9,1,25.04177,121.58735,9
500111070,20231028,298,18,9,1,25.04177,121.58735,9
500111070,20231028,299,18,9,1,25.04177,121.58735,9
500111070,20231028,300,18,9,1,25.04177,121.58735,9
500111070,20231028,301,18,9,1,25.04177,121.58735,9
500111070,20231028,302,18,9,1,25.04177,121.58735,9
500111070,20231028,303,18,9,1,25.04177,121.58735,9
500111070,20231028,304,18,9,1,25.04177,121.58735,9
500111070,20231028,305,18,9,1,25.04177,121.58735,9
500111070,20231028,306,18,9,1,25.04177,121.58735,9
500111070,20231028,307,18,9,1,25.04177,121.58735,9
500111070,20231028,308,18,9,1,25.04177,121.58735,9
500111070,20231028,309,18,9,1,25.04177,121.58735,9
500111070,20231028,310,18,9,1,25.04177,121.58735,9
500111070,20231028,311,18,9,1,25.04177,121.58735,9
500111070,20231028,312,18,9,1,25.04177,121.58735,9
500111070,20231028,313,18,9,1,25.04177,121.58735,9
500111070,20231028,314,18,9,1,25.04177,121.58735,9
500111070,20231028,315,18,9,1,25.04177,121.58735,9
500111070,20231028,316,18,9,1,25.04177,121.58735,9
500111070,20231028,317,18,9,1,25.04177,121.58735,9
500111070,20231028,318,18,9,1,25.04177,121.58735,9
500111070,20231028,319,18,9,1,25.04177,121.58735,9
500111070,20231028,321,18,9,1,25.04177,121.58735,9
500111070,20231028,322,18,9,1,25.04177,121.58735,9
500111070,20231028,323,18,9,1,25.04177,121.58735,9
500111070,20231028,324,18,9,1,25.04177,121.58735,9
500111070,20231028,325,18,9,1,25.04177,121.58735,9
500111070,20231028,326,18,9,1,25.04177,121.58735,9
500111070,20231028,327,18,9,1,25.04177,121.58735,9
500111070,20231028,328,18,9,1,25.04177,121.58735,9
500111070,20231028,329,18,9,1,25.04177,121.58735,9
500111070,20231028,330,18,9,1,25.04177,121.58735,9
500111070,20231028,331,18,9,1,25.04177,121.58735,9
500111070,20231028,332,18,9,1,25.04177,121.58735,9
500111070,20231028,333,18,9,1,25.04177,121.58735,9
500111070,20231028,334,18,9,1,25.04177,121.58735,9
500111070,20231028,335,18,9,1,25.04177,121.58735,9
500111070,20231028,336,18,9,1,25.04177,121.58735,9
500111070,20231028,337,18,9,1,25.04177,121.58735,9
500111070,20231028,338,18,9,1,25.04177,121.58735,9
500111070,20231028,339,18,9,1,25.04177,121.58735,9
500111070,20231028,340,18,9,1,25.04177,121.58735,9
500111070,20231028,341,18,9,1,25.04177,121.58735,9
500111070,20231028,342,18,9,1,25.04177,121.58735,9
500111070,20231028,343,18,9,1,25.04177,121.58735,9
500111070,20231028,344,18,9,1,25.04177,121.58735,9
500111070,20231028,345,18,9,1,25.04177,121.58735,9
500111070,20231028,346,18,9,1,25.04177,121.58735,9
500111070,20231028,347,18,9,1,25.04177,121.58735,9
500111070,20231028,348,18,9,1,25.04177,121.58735,9
500111070,20231028,349,18,9,1,25.04177,121.58735,9
500111070,20231028,350,18,9,1,25.04177,121.58735,9
500111070,20231028,351,18,9,1,25.04177,121.58735,9
500111070,20231028,352,18,9,1,25.04177,121.58735,9
500111070,20231028,353,18,9,1,25.04177,121.58735,9
500111070,20231028,354,18,9,1,25.04177,121.58735,9
500111070,20231028,355,18,9,1,25.04177,121.58735,9
500111070,20231028,356,18,9,1,25.04177,121.58735,9
500111070,20231028,357,18,9,1,25.04177,121.58735,9
500111070,20231028,358,18,9,1,25.04177,121.58735,9
500111070,20231028,359,18,9,1,25.04177,121.58735,9
500111070,20231028,360,18,9,1,25.04177,121.58735,9
500111070,20231028,361,18,9,1,25.04177,121.58735,9
500111070,20231028,362,18,9,1,25.04177,121.58735,9
500111070,20231028,363,18,9,1,25.04177,121.58735,9
500111070,20231028,364,18,9,1,25.04177,121.58735,9
500111070,20231028,365,18,9,1,25.04177,121.58735,9
500111070,20231028,366,18,9,1,25.04177,121.58735,9
500111070,20231028,368,18,9,1,25.04177,121.58735,9
500111070,20231028,370,18,9,1,25.04177,121.58735,9
500111070,20231028,371,18,9,1,25.04177,121.58735,9
500111070,20231028,373,18,10,1,25.04177,121.58735,8
500111070,20231028,374,18,10,1,25.04177,121.58735,8
500111070,20231028,376,18,10,1,25.04177,121.58735,8
500111070,20231028,378,18,10,1,25.04177,121.58735,8
500111070,20231028,379,18,10,1,25.04177,121.58735,8
500111070,20231028,381,18,10,1,25.04177,121.58735,8
500111070,20231028,382,18,10,1,25.04177,121.58735,8
500111070,20231028,383,18,10,1,25.04177,121.58735,8
500111070,20231028,384,18,10,1,25.04177,121.58735,8
500111070,20231028,385,18,10,1,25.04177,121.58735,8
500111070,20231028,386,18,10,1,25.04177,121.58735,8
500111070,20231028,387,18,10,1,25.04177,121.58735,8
500111070,20231028,388,18,10,1,25.04177,121.58735,8
500111070,20231028,389,18,10,1,25.04177,121.58735,8
500111070,20231028,390,18,10,1,25.04177,121.58735,8
500111070,20231028,391,18,10,1,25.04177,121.58735,8
500111070,20231028,392,18,10,1,25.04177,121.58735,8
500111070,20231028,393,18,10,1,25.04177,121.58735,8
500111070,20231028,394,18,10,1,25.04177,121.58735,8
500111070,20231028,395,18,10,1,25.04177,121.58735,8
500111070,20231028,396,18,10,1,25.04177,121.58735,8
500111070,20231028,397,18,10,1,25.04177,121.58735,8
500111070,20231028,398,18,10,1,25.04177,121.58735,8
500111070,20231028,399,18,10,1,25.04177,121.58735,8
500111070,20231028,400,18,10,1,25.04177,121.58735,8
500111070,20231028,401,18,10,1,25.04177,121.58735,8
500111070,20231028,402,18,10,1,25.04177,121.58735,8
500111070,20231028,403,18,10,1,25.04177,121.58735,8
500111070,20231028,404,18,10,1,25.04177,121.58735,8
500111070,20231028,405,18,10,1,25.04177,121.58735,8
500111070,20231028,406,18,10,1,25.04177,121.58735,8
500111070,20231028,407,18,10,1,25.04177,121.58735,8
500111070,20231028,408,18,10,1,25.04177,121.58735,8
500111070,20231028,409,18,10,1,25.04177,121.58735,8
500111070,20231028,410,18,10,1,25.04177,121.58735,8
500111070,20231028,411,18,10,1,25.04177,121.58735,8
500111070,20231028,412,18,10,1,25.04177,121.58735,8
500111070,20231028,413,18,10,1,25.04177,121.58735,8
500111070,20231028,414,18,10,1,25.04177,121.58735,8
500111070,20231028,415,18,10,1,25.04177,121.58735,8
500111070,20231028,416,18,10,1,25.04177,121.58735,8
500111070,20231028,417,18,10,1,25.04177,121.58735,8
500111070,20231028,418,18,10,1,25.04177,121.58735,8
500111070,20231028,419,18,10,1,25.04177,121.58735,8
500111070,20231028,420,18,10,1,25.04177,121.58735,8
500111070,20231028,421,18,10,1,25.04177,121.58735,8
500111070,20231028,422,18,10,1,25.04177,121.58735,8
500111070,20231028,423,18,10,1,25.04177,121.58735,8
500111070,20231028,424,18,10,1,25.04177,121.58735,8
500111070,20231028,426,18,10,1,25.04177,121.58735,8
500111070,20231028,427,18,10,1,25.04177,121.58735,8
500111070,20231028,428,18,10,1,25.04177,121.58735,8
500111070,20231028,429,18,10,1,25.04177,121.58735,8
500111070,20231028,430,18,10,1,25.04177,121.58735,8
500111070,20231028,431,18,10,1,25.04177,121.58735,8
500111070,20231028,432,18,10,1,25.04177,121.58735,8
500111070,20231028,433,18,10,1,25.04177,121.58735,8
500111070,20231028,434,18,10,1,25.04177,121.58735,8
500111070,20231028,435,18,10,1,25.04177,121.58735,8
500111070,20231028,436,18,10,1,25.04177,121.58735,8
500111070,20231028,437,18,10,1,25.04177,121.58735,8
500111070,20231028,438,18,10,1,25.04177,121.58735,8
500111070,20231028,439,18,10,1,25.04177,121.58735,8
500111070,20231028,441,18,10,1,25.04177,121.58735,8
500111070,20231028,442,18,10,1,25.04177,121.58735,8
500111070,20231028,443,18,10,1,25.04177,121.58735,8
500111070,20231028,444,18,10,1,25.04177,121.58735,8
500111070,20231028,445,18,10,1,25.04177,121.58735,8
500111070,20231028,446,18,10,1,25.04177,121.58735,8
500111070,20231028,447,18,10,1,25.04177,121.58735,8
500111070,20231028,448,18,10,1,25.04177,121.58735,8
500111070,20231028,449,18,10,1,25.04177,121.58735,8
500111070,20231028,450,18,10,1,25.04177,121.58735,8
500111070,20231028,451,18,10,1,25.04177,121.58735,8
500111070,20231028,452,18,10,1,25.04177,121.58735,8
500111070,20231028,453,18,10,1,25.04177,121.58735,8
500111070,20231028,454,18,10,1,25.04177,121.58735,8
500111070,20231028,455,18,10,1,25.04177,121.58735,8
500111070,20231028,456,18,10,1,25.04177,121.58735,8
500111070,20231028,457,18,10,1,25.04177,121.58735,8
500111070,20231028,458,18,10,1,25.04177,121.58735,8
500111070,20231028,459,18,10,1,25.04177,121.58735,8
500111070,20231028,460,18,10,1,25.04177,121.58735,8
500111070,20231028,461,18,10,1,25.04177,121.58735,8
500111070,20231028,462,18,10,1,25.04177,121.58735,8
500111070,20231028,463,18,10,1,25.04177,121.58735,8
500111070,20231028,464,18,10,1,25.04177,121.58735,8
500111070,20231028,465,18,10,1,25.04177,121.58735,8
500111070,20231028,466,18,10,1,25.04177,121.58735,8
500111070,20231028,467,18,10,1,25.04177,121.58735,8
500111070,20231028,468,18,10,1,25.04177,121.58735,8
500111070,20231028,469,18,10,1,25.04177,121.58735,8
500111070,20231028,470,18,10,1,25.04177,121.58735,8
500111070,20231028,471,18,10,1,25.04177,121.58735,8
500111070,20231028,472,18,10,1,25.04177,121.58735,8
500111070,20231028,473,18,10,1,25.04177,121.58735,8
500111070,20231028,474,18,10,1,25.04177,121.58735,8
500111070,20231028,475,18,10,1,25.04177,121.58735,8
500111070,20231028,476,18,10,1,25.04177,121.58735,8
500111070,20231028,477,18,10,1,25.04177,121.58735,8
500111070,20231028,478,18,10,1,25.04177,121.58735,8
500111070,20231028,479,18,10,1,25.04177,121.58735,8
500111070,20231028,481,18,10,1,25.04177,121.58735,8
500111070,20231028,482,18,10,1,25.04177,121.58735,8
500111070,20231028,483,18,10,1,25.04177,121.58735,8
500111070,20231028,484,18,10,1,25.04177,121.58735,8
500111070,20231028,485,18,10,1,25.04177,121.58735,8
500111070,20231028,486,18,10,1,25.04177,121.58735,8
500111070,20231028,487,18,10,1,25.04177,121.58735,8
500111070,20231028,488,18,10,1,25.04177,121.58735,8
500111070,20231028,489,18,10,1,25.04177,121.58735,8
500111070,20231028,490,18,10,1,25.04177,121.58735,8
500111070,20231028,491,18,10,1,25.04177,121.58735,8
500111070,20231028,492,18,10,1,25.04177,121.58735,8
500111070,20231028,493,18,10,1,25.04177,121.58735,8
500111070,20231028,494,18,10,1,25.04177,121.58735,8
500111070,20231028,495,18,10,1,25.04177,121.58735,8
500111070,20231028,496,18,10,1,25.04177,121.58735,8
500111070,20231028,497,18,10,1,25.04177,121.58735,8
500111070,20231028,498,18,10,1,25.04177,121.58735,8
500111070,20231028,499,18,10,1,25.04177,121.58735,8
500111070,20231028,501,18,10,1,25.04177,121.58735,8
500111070,20231028,502,18,10,1,25.04177,121.58735,8
500111070,20231028,503,18,10,1,25.04177,121.58735,8
500111070,20231028,504,18,10,1,25.04177,121.58735,8
500111070,20231028,505,18,10,1,25.04177,121.58735,8
500111070,20231028,506,18,10,1,25.04177,121.58735,8
500111070,20231028,507,18,10,1,25.04177,121.58735,8
500111070,20231028,508,18,10,1,25.04177,121.58735,8
500111070,20231028,509,18,10,1,25.04177,121.58735,8
500111070,20231028,510,18,10,1,25.04177,121.58735,8
500111070,20231028,511,18,10,1,25.04177,121.58735,8
500111070,20231028,512,18,10,1,25.04177,121.58735,8
500111070,20231028,513,18,10,1,25.04177,121.58735,8
500111070,20231028,514,18,10,1,25.04177,121.58735,8
500111070,20231028,515,18,10,1,25.04177,121.58735,8
500111070,20231028,516,18,10,1,25.04177,121.58735,8
500111070,20231028,517,18,10,1,25.04177,121.58735,8
500111070,20231028,518,18,10,1,25.04177,121.58735,8
500111070,20231028,519,18,10,1,25.04177,121.58735,8
500111070,20231028,520,18,10,1,25.04177,121.58735,8
500111070,20231028,521,18,10,1,25.04177,121.58735,8
500111070,20231028,522,18,10,1,25.04177,121.58735,8
500111070,20231028,523,18,10,1,25.04177,121.58735,8
500111070,20231028,524,18,10,1,25.04177,121.58735,8
500111070,20231028,525,18,11,1,25.04177,121.58735,7
500111070,20231028,526,18,11,1,25.04177,121.58735,7
500111070,20231028,527,18,11,1,25.04177,121.58735,7
500111070,20231028,528,18,11,1,25.04177,121.58735,7
500111070,20231028,529,18,11,1,25.04177,121.58735,7
500111070,20231028,530,18,11,1,25.04177,121.58735,7
500111070,20231028,531,18,11,1,25.04177,121.58735,7
500111070,20231028,532,18,11,1,25.04177,121.58735,7
500111070,20231028,533,18,11,1,25.04177,121.58735,7
500111070,20231028,534,18,11,1,25.04177,121.58735,7
500111070,20231028,535,18,11,1,25.04177,121.58735,7
500111070,20231028,536,18,11,1,25.04177,121.58735,7
500111070,20231028,537,18,11,1,25.04177,121.58735,7
500111070,20231028,538,18,11,1,25.04177,121.58735,7
500111070,20231028,539,18,7,1,25.04177,121.58735,11
500111070,20231028,541,18,5,1,25.04177,121.58735,13
500111070,20231028,542,18,5,1,25.04177,121.58735,13
500111070,20231028,543,18,5,1,25.04177,121.58735,13
500111070,20231028,544,18,5,1,25.04177,121.58735,13
500111070,20231028,545,18,5,1,25.04177,121.58735,13
500111070,20231028,546,18,5,1,25.04177,121.58735,13
500111070,20231028,547,18,5,1,25.04177,121.58735,13
500111070,20231028,548,18,5,1,25.04177,121.58735,13
500111070,20231028,549,18,5,1,25.04177,121.58735,13
500111070,20231028,550,18,6,1,25.04177,121.58735,12
500111070,20231028,551,18,6,1,25.04177,121.58735,12
500111070,20231028,552,18,6,1,25.04177,121.58735,12
500111070,20231028,553,18,6,1,25.04177,121.58735,12
500111070,20231028,554,18,7,1,25.04177,121.58735,11
500111070,20231028,555,18,7,1,25.04177,121.58735,11
500111070,20231028,556,18,7,1,25.04177,121.58735,11
500111070,20231028,557,18,7,1,25.04177,121.58735,11
500111070,20231028,558,18,7,1,25.04177,121.58735,11
500111070,20231028,559,18,7,1,25.04177,121.58735,11
500111070,20231028,561,18,7,1,25.04177,121.58735,11
500111070,20231028,562,18,7,1,25.04177,121.58735,11
500111070,20231028,563,18,7,1,25.04177,121.58735,11
500111070,20231028,564,18,7,1,25.04177,121.58735,11
500111070,20231028,565,18,7,1,25.04177,121.58735,11
500111070,20231028,566,18,7,1,25.04177,121.58735,11
500111070,20231028,567,18,7,1,25.04177,121.58735,11
500111070,20231028,568,18,7,1,25.04177,121.58735,11
500111070,20231028,569,18,7,1,25.04177,121.58735,11
500111070,20231028,570,18,7,1,25.04177,121.58735,11
500111070,20231028,571,18,7,1,25.04177,121.58735,11
500111070,20231028,572,18,7,1,25.04177,121.58735,11
500111070,20231028,573,18,7,1,25.04177,121.58735,11
500111070,20231028,574,18,8,1,25.04177,121.58735,10
500111070,20231028,575,18,8,1,25.04177,121.58735,10
500111070,20231028,576,18,9,1,25.04177,121.58735,9
500111070,20231028,577,18,9,1,25.04177,121.58735,9
500111070,20231028,578,18,9,1,25.04177,121.58735,9
500111070,20231028,579,18,9,1,25.04177,121.58735,9
500111070,20231028,580,18,9,1,25.04177,121.58735,9
500111070,20231028,581,18,9,1,25.04177,121.58735,9
500111070,20231028,582,18,9,1,25.04177,121.58735,9
500111070,20231028,583,18,9,1,25.04177,121.58735,9
500111070,20231028,584,18,9,1,25.04177,121.58735,9
500111070,20231028,585,18,9,1,25.04177,121.58735,9
500111070,20231028,586,18,9,1,25.04177,121.58735,9
500111070,20231028,587,18,9,1,25.04177,121.58735,9
500111070,20231028,588,18,9,1,25.04177,121.58735,9
500111070,20231028,589,18,9,1,25.04177,121.58735,9
500111070,20231028,590,18,9,1,25.04177,121.58735,9
500111070,20231028,591,18,9,1,25.04177,121.58735,9
500111070,20231028,592,18,9,1,25.04177,121.58735,9
500111070,20231028,593,18,9,1,25.04177,121.58735,9
500111070,20231028,594,18,9,1,25.04177,121.58735,9
500111070,20231028,595,18,9,1,25.04177,121.58735,9
500111070,20231028,596,18,10,1,25.04177,121.58735,8
500111070,20231028,597,18,10,1,25.04177,121.58735,8
500111070,20231028,598,18,9,1,25.04177,121.58735,9
500111070,20231028,599,18,9,1,25.04177,121.58735,9
500111070,20231028,601,18,9,1,25.04177,121.58735,9
500111070,20231028,602,18,9,1,25.04177,121.58735,9
500111070,20231028,603,18,9,1,25.04177,121.58735,9
500111070,20231028,604,18,9,1,25.04177,121.58735,9
500111070,20231028,605,18,9,1,25.04177,121.58735,9
500111070,20231028,606,18,9,1,25.04177,121.58735,9
500111070,20231028,607,18,9,1,25.04177,121.58735,9
500111070,20231028,608,18,9,1,25.04177,121.58735,9
500111070,20231028,609,18,10,1,25.04177,121.58735,8
500111070,20231028,610,18,10,1,25.04177,121.58735,8
500111070,20231028,611,18,10,1,25.04177,121.58735,8
500111070,20231028,612,18,10,1,25.04177,121.58735,8
500111070,20231028,613,18,10,1,25.04177,121.58735,8
500111070,20231028,614,18,10,1,25.04177,121.58735,8
500111070,20231028,615,18,10,1,25.04177,121.58735,8
500111070,20231028,616,18,10,1,25.04177,121.58735,8
500111070,20231028,617,18,11,1,25.04177,121.58735,7
500111070,20231028,618,18,11,1,25.04177,121.58735,7
500111070,20231028,619,18,11,1,25.04177,121.58735,7
500111070,20231028,621,18,11,1,25.04177,121.58735,7
500111070,20231028,622,18,11,1,25.04177,121.58735,7
500111070,20231028,623,18,11,1,25.04177,121.58735,7
500111070,20231028,624,18,12,1,25.04177,121.58735,6
500111070,20231028,625,18,12,1,25.04177,121.58735,6
500111070,20231028,626,18,12,1,25.04177,121.58735,6
500111070,20231028,627,18,12,1,25.04177,121.58735,6
500111070,20231028,628,18,11,1,25.04177,121.58735,7
500111070,20231028,629,18,11,1,25.04177,121.58735,7
500111070,20231028,631,18,11,1,25.04177,121.58735,7
500111070,20231028,632,18,11,1,25.04177,121.58735,7
500111070,20231028,633,18,11,1,25.04177,121.58735,7
500111070,20231028,634,18,11,1,25.04177,121.58735,7
500111070,20231028,635,18,11,1,25.04177,121.58735,7
500111070,20231028,636,18,11,1,25.04177,121.58735,7
500111070,20231028,637,18,11,1,25.04177,121.58735,7
500111070,20231028,638,18,11,1,25.04177,121.58735,7
500111070,20231028,639,18,11,1,25.04177,121.58735,7
500111070,20231028,640,18,11,1,25.04177,121.58735,7
500111070,20231028,641,18,11,1,25.04177,121.58735,7
500111070,20231028,642,18,11,1,25.04177,121.58735,7
500111070,20231028,643,18,11,1,25.04177,121.58735,7
500111070,20231028,644,18,11,1,25.04177,121.58735,7
500111070,20231028,645,18,11,1,25.04177,121.58735,7
500111070,20231028,646,18,11,1,25.04177,121.58735,7
500111070,20231028,647,18,11,1,25.04177,121.58735,7
500111070,20231028,648,18,11,1,25.04177,121.58735,7
500111070,20231028,649,18,11,1,25.04177,121.58735,7
500111070,20231028,650,18,10,1,25.04177,121.58735,8
500111070,20231028,652,18,10,1,25.04177,121.58735,8
500111070,20231028,653,18,10,1,25.04177,121.58735,8
500111070,20231028,654,18,10,1,25.04177,121.58735,8
500111070,20231028,655,18,10,1,25.04177,121.58735,8
500111070,20231028,656,18,10,1,25.04177,121.58735,8
500111070,20231028,657,18,10,1,25.04177,121.58735,8
500111070,20231028,658,18,10,1,25.04177,121.58735,8
500111070,20231028,659,18,10,1,25.04177,121.58735,8
500111070,20231028,661,18,10,1,25.04177,121.58735,8
500111070,20231028,662,18,10,1,25.04177,121.58735,8
500111070,20231028,663,18,11,1,25.04177,121.58735,7
500111070,20231028,664,18,11,1,25.04177,121.58735,7
500111070,20231028,665,18,11,1,25.04177,121.58735,7
500111070,20231028,666,18,11,1,25.04177,121.58735,7
500111070,20231028,667,18,11,1,25.04177,121.58735,7
500111070,20231028,668,18,11,1,25.04177,121.58735,7
500111070,20231028,669,18,11,1,25.04177,121.58735,7
500111070,20231028,670,18,11,1,25.04177,121.58735,7
500111070,20231028,671,18,11,1,25.04177,121.58735,7
500111070,20231028,672,18,12,1,25.04177,121.58735,6
500111070,20231028,673,18,12,1,25.04177,121.58735,6
500111070,20231028,674,18,12,1,25.04177,121.58735,6
500111070,20231028,675,18,12,1,25.04177,121.58735,6
500111070,20231028,676,18,13,1,25.04177,121.58735,5
500111070,20231028,677,18,13,1,25.04177,121.58735,5
500111070,20231028,678,18,13,1,25.04177,121.58735,5
500111070,20231028,679,18,13,1,25.04177,121.58735,5
500111070,20231028,681,18,12,1,25.04177,121.58735,6
500111070,20231028,682,18,12,1,25.04177,121.58735,6
500111070,20231028,683,18,12,1,25.04177,121.58735,6
500111070,20231028,684,18,12,1,25.04177,121.58735,6
500111070,20231028,685,18,12,1,25.04177,121.58735,6
500111070,20231028,686,18,12,1,25.04177,121.58735,6
500111070,20231028,687,18,13,1,25.04177,121.58735,5
500111070,20231028,688,18,15,1,25.04177,121.58735,3
500111070,20231028,689,18,15,1,25.04177,121.58735,3
500111070,20231028,691,18,16,1,25.04177,121.58735,2
500111070,20231028,692,18,16,1,25.04177,121.58735,2
500111070,20231028,693,18,15,1,25.04177,121.58735,3
500111070,20231028,694,18,15,1,25.04177,121.58735,3
500111070,20231028,695,18,15,1,25.04177,121.58735,3
500111070,20231028,696,18,15,1,25.04177,121.58735,3
500111070,20231028,697,18,15,1,25.04177,121.58735,3
500111070,20231028,698,18,15,1,25.04177,121.58735,3
500111070,20231028,699,18,15,1,25.04177,121.58735,3
500111070,20231028,700,18,15,1,25.04177,121.58735,3
500111070,20231028,701,18,15,1,25.04177,121.58735,3
500111070,20231028,702,18,15,1,25.04177,121.58735,3
500111070,20231028,703,18,15,1,25.04177,121.58735,3
500111070,20231028,704,18,15,1,25.04177,121.58735,3
500111070,20231028,705,18,16,1,25.04177,121.58735,2
500111070,20231028,706,18,16,1,25.04177,121.58735,2
500111070,20231028,707,18,16,1,25.04177,121.58735,2
500111070,20231028,708,18,16,1,25.04177,121.58735,2
500111070,20231028,709,18,16,1,25.04177,121.58735,2
500111070,20231028,710,18,17,1,25.04177,121.58735,1
500111070,20231028,711,18,17,1,25.04177,121.58735,1
500111070,20231028,712,18,17,1,25.04177,121.58735,1
500111070,20231028,713,18,17,1,25.04177,121.58735,1
500111070,20231028,714,18,17,1,25.04177,121.58735,1
500111070,20231028,715,18,17,1,25.04177,121.58735,1
500111070,20231028,716,18,17,1,25.04177,121.58735,1
500111070,20231028,717,18,17,1,25.04177,121.58735,1
500111070,20231028,718,18,16,1,25.04177,121.58735,2
500111070,20231028,719,18,16,1,25.04177,121.58735,2
500111070,20231028,721,18,16,1,25.04177,121.58735,2
500111070,20231028,722,18,16,1,25.04177,121.58735,2
500111070,20231028,723,18,16,1,25.04177,121.58735,2
500111070,20231028,724,18,16,1,25.04177,121.58735,2
500111070,20231028,725,18,16,1,25.04177,121.58735,2
500111070,20231028,726,18,16,1,25.04177,121.58735,2
500111070,20231028,727,18,16,1,25.04177,121.58735,2
500111070,20231028,728,18,16,1,25.04177,121.58735,2
500111070,20231028,729,18,16,1,25.04177,121.58735,2
500111070,20231028,730,18,16,1,25.04177,121.58735,2
500111070,20231028,731,18,16,1,25.04177,121.58735,2
500111070,20231028,732,18,16,1,25.04177,121.58735,2
500111070,20231028,733,18,16,1,25.04177,121.58735,2
500111070,20231028,734,18,16,1,25.04177,121.58735,2
500111070,20231028,735,18,15,1,25.04177,121.58735,3
500111070,20231028,736,18,15,1,25.04177,121.58735,3
500111070,20231028,737,18,15,1,25.04177,121.58735,3
500111070,20231028,738,18,15,1,25.04177,121.58735,3
500111070,20231028,739,18,16,1,25.04177,121.58735,2
500111070,20231028,741,18,17,1,25.04177,121.58735,1
500111070,20231028,742,18,18,1,25.04177,121.58735,0
500111070,20231028,743,18,18,1,25.04177,121.58735,0
500111070,20231028,744,18,18,1,25.04177,121.58735,0
500111070,20231028,745,18,18,1,25.04177,121.58735,0
500111070,20231028,746,18,18,1,25.04177,121.58735,0
500111070,20231028,747,18,17,1,25.04177,121.58735,1
500111070,20231028,748,18,18,1,25.04177,121.58735,0
500111070,20231028,749,18,18,1,25.04177,121.58735,0
500111070,20231028,751,18,17,1,25.04177,121.58735,1
500111070,20231028,752,18,17,1,25.04177,121.58735,1
500111070,20231028,753,18,17,1,25.04177,121.58735,1
500111070,20231028,754,18,17,1,25.04177,121.58735,1
500111070,20231028,755,18,17,1,25.04177,121.58735,1
500111070,20231028,756,18,17,1,25.04177,121.58735,1
500111070,20231028,757,18,17,1,25.04177,121.58735,1
500111070,20231028,758,18,17,1,25.04177,121.58735,1
500111070,20231028,759,18,17,1,25.04177,121.58735,1
500111070,20231028,760,18,17,1,25.04177,121.58735,1
500111070,20231028,761,18,17,1,25.04177,121.58735,1
500111070,20231028,762,18,18,1,25.04177,121.58735,0
500111070,20231028,763,18,18,1,25.04177,121.58735,0
500111070,20231028,764,18,18,1,25.04177,121.58735,0
500111070,20231028,765,18,18,1,25.04177,121.58735,0
500111070,20231028,766,18,18,1,25.04177,121.58735,0
500111070,20231028,767,18,18,1,25.04177,121.58735,0
500111070,20231028,768,18,18,1,25.04177,121.58735,0
500111070,20231028,769,18,14,1,25.04177,121.58735,4
500111070,20231028,770,18,12,1,25.04177,121.58735,6
500111070,20231028,771,18,10,1,25.04177,121.58735,8
500111070,20231028,772,18,10,1,25.04177,121.58735,8
500111070,20231028,773,18,10,1,25.04177,121.58735,8
500111070,20231028,774,18,10,1,25.04177,121.58735,8
500111070,20231028,775,18,10,1,25.04177,121.58735,8
500111070,20231028,776,18,10,1,25.04177,121.58735,8
500111070,20231028,777,18,8,1,25.04177,121.58735,10
500111070,20231028,778,18,7,1,25.04177,121.58735,11
500111070,20231028,779,18,7,1,25.04177,121.58735,11
500111070,20231028,781,18,7,1,25.04177,121.58735,11
500111070,20231028,782,18,7,1,25.04177,121.58735,11
500111070,20231028,783,18,7,1,25.04177,121.58735,11
500111070,20231028,784,18,7,1,25.04177,121.58735,11
500111070,20231028,785,18,7,1,25.04177,121.58735,11
500111070,20231028,786,18,7,1,25.04177,121.58735,11
500111070,20231028,787,18,7,1,25.04177,121.58735,11
500111070,20231028,788,18,7,1,25.04177,121.58735,11
500111070,20231028,789,18,7,1,25.04177,121.58735,11
500111070,20231028,790,18,7,1,25.04177,121.58735,11
500111070,20231028,791,18,7,1,25.04177,121.58735,11
500111070,20231028,792,18,7,1,25.04177,121.58735,11
500111070,20231028,793,18,7,1,25.04177,121.58735,11
500111070,20231028,794,18,8,1,25.04177,121.58735,10
500111070,20231028,795,18,8,1,25.04177,121.58735,10
500111070,20231028,796,18,8,1,25.04177,121.58735,10
500111070,20231028,797,18,8,1,25.04177,121.58735,10
500111070,20231028,798,18,8,1,25.04177,121.58735,10
500111070,20231028,799,18,8,1,25.04177,121.58735,10
500111070,20231028,801,18,8,1,25.04177,121.58735,10
500111070,20231028,802,18,8,1,25.04177,121.58735,10
500111070,20231028,803,18,8,1,25.04177,121.58735,10
500111070,20231028,804,18,8,1,25.04177,121.58735,10
500111070,20231028,805,18,8,1,25.04177,121.58735,10
500111070,20231028,806,18,8,1,25.04177,121.58735,10
500111070,20231028,807,18,8,1,25.04177,121.58735,10
500111070,20231028,808,18,8,1,25.04177,121.58735,10
500111070,20231028,809,18,8,1,25.04177,121.58735,10
500111070,20231028,811,18,8,1,25.04177,121.58735,10
500111070,20231028,812,18,8,1,25.04177,121.58735,10
500111070,20231028,813,18,8,1,25.04177,121.58735,10
500111070,20231028,814,18,8,1,25.04177,121.58735,10
500111070,20231028,815,18,8,1,25.04177,121.58735,10
500111070,20231028,816,18,8,1,25.04177,121.58735,10
500111070,20231028,817,18,8,1,25.04177,121.58735,10
500111070,20231028,818,18,8,1,25.04177,121.58735,10
500111070,20231028,819,18,8,1,25.04177,121.58735,10
500111070,20231028,820,18,8,1,25.04177,121.58735,10
500111070,20231028,821,18,8,1,25.04177,121.58735,10
500111070,20231028,822,18,8,1,25.04177,121.58735,10
500111070,20231028,823,18,8,1,25.04177,121.58735,10
500111070,20231028,824,18,7,1,25.04177,121.58735,11
500111070,20231028,825,18,7,1,25.04177,121.58735,11
500111070,20231028,826,18,7,1,25.04177,121.58735,11
500111070,20231028,827,18,7,1,25.04177,121.58735,11
500111070,20231028,828,18,7,1,25.04177,121.58735,11
500111070,20231028,829,18,7,1,25.04177,121.58735,11
500111070,20231028,830,18,7,1,25.04177,121.58735,11
500111070,20231028,831,18,7,1,25.04177,121.58735,11
500111070,20231028,832,18,6,1,25.04177,121.58735,12
500111070,20231028,833,18,6,1,25.04177,121.58735,12
500111070,20231028,834,18,6,1,25.04177,121.58735,12
500111070,20231028,835,18,6,1,25.04177,121.58735,12
500111070,20231028,836,18,6,1,25.04177,121.58735,12
500111070,20231028,837,18,6,1,25.04177,121.58735,12
500111070,20231028,838,18,6,1,25.04177,121.58735,12
500111070,20231028,839,18,6,1,25.04177,121.58735,12
500111070,20231028,841,18,6,1,25.04177,121.58735,12
500111070,20231028,842,18,5,1,25.04177,121.58735,13
500111070,20231028,843,18,5,1,25.04177,121.58735,13
500111070,20231028,844,18,5,1,25.04177,121.58735,13
500111070,20231028,845,18,5,1,25.04177,121.58735,13
500111070,20231028,846,18,5,1,25.04177,121.58735,13
500111070,20231028,847,18,5,1,25.04177,121.58735,13
500111070,20231028,848,18,5,1,25.04177,121.58735,13
500111070,20231028,849,18,5,1,25.04177,121.58735,13
500111070,20231028,850,18,5,1,25.04177,121.58735,13
500111070,20231028,851,18,5,1,25.04177,121.58735,13
500111070,20231028,852,18,5,1,25.04177,121.58735,13
500111070,20231028,853,18,5,1,25.04177,121.58735,13
500111070,20231028,854,18,5,1,25.04177,121.58735,13
500111070,20231028,855,18,5,1,25.04177,121.58735,13
500111070,20231028,856,18,5,1,25.04177,121.58735,13
500111070,20231028,857,18,5,1,25.04177,121.58735,13
500111070,20231028,858,18,5,1,25.04177,121.58735,13
500111070,20231028,859,18,5,1,25.04177,121.58735,13
500111070,20231028,861,18,5,1,25.04177,121.58735,13
500111070,20231028,862,18,4,1,25.04177,121.58735,14
500111070,20231028,863,18,4,1,25.04177,121.58735,14
500111070,20231028,864,18,4,1,25.04177,121.58735,14
500111070,20231028,865,18,4,1,25.04177,121.58735,14
500111070,20231028,866,18,4,1,25.04177,121.58735,14
500111070,20231028,867,18,4,1,25.04177,121.58735,14
500111070,20231028,868,18,4,1,25.04177,121.58735,14
500111070,20231028,869,18,4,1,25.04177,121.58735,14
500111070,20231028,870,18,4,1,25.04177,121.58735,14
500111070,20231028,871,18,4,1,25.04177,121.58735,14
500111070,20231028,872,18,4,1,25.04177,121.58735,14
500111070,20231028,873,18,3,1,25.04177,121.58735,15
500111070,20231028,874,18,3,1,25.04177,121.58735,15
500111070,20231028,875,18,3,1,25.04177,121.58735,15
500111070,20231028,876,18,3,1,25.04177,121.58735,15
500111070,20231028,877,18,2,1,25.04177,121.58735,16
500111070,20231028,878,18,2,1,25.04177,121.58735,16
500111070,20231028,879,18,2,1,25.04177,121.58735,16
500111070,20231028,880,18,2,1,25.04177,121.58735,16
500111070,20231028,881,18,1,1,25.04177,121.58735,17
500111070,20231028,882,18,1,1,25.04177,121.58735,17
500111070,20231028,883,18,1,1,25.04177,121.58735,17
500111070,20231028,884,18,1,1,25.04177,121.58735,17
500111070,20231028,885,18,1,1,25.04177,121.58735,17
500111070,20231028,886,18,1,1,25.04177,121.58735,17
500111070,20231028,887,18,1,1,25.04177,121.58735,17
500111070,20231028,888,18,2,1,25.04177,121.58735,16
500111070,20231028,889,18,2,1,25.04177,121.58735,16
500111070,20231028,890,18,1,1,25.04177,121.58735,17
500111070,20231028,891,18,1,1,25.04177,121.58735,17
500111070,20231028,892,18,1,1,25.04177,121.58735,17
500111070,20231028,893,18,1,1,25.04177,121.58735,17
500111070,20231028,894,18,1,1,25.04177,121.58735,17
500111070,20231028,895,18,1,1,25.04177,121.58735,17
500111070,20231028,896,18,1,1,25.04177,121.58735,17
500111070,20231028,897,18,1,1,25.04177,121.58735,17
500111070,20231028,898,18,2,1,25.04177,121.58735,16
500111070,20231028,899,18,2,1,25.04177,121.58735,16
500111070,20231028,901,18,0,1,25.04177,121.58735,18
500111070,20231028,902,18,0,1,25.04177,121.58735,18
500111070,20231028,903,18,0,1,25.04177,121.58735,18
500111070,20231028,904,18,1,1,25.04177,121.58735,17
500111070,20231028,905,18,1,1,25.04177,121.58735,17
500111070,20231028,906,18,2,1,25.04177,121.58735,16
500111070,20231028,907,18,2,1,25.04177,121.58735,16
500111070,20231028,908,18,2,1,25.04177,121.58735,16
500111070,20231028,909,18,2,1,25.04177,121.58735,16
500111070,20231028,910,18,2,1,25.04177,121.58735,16
500111070,20231028,911,18,4,1,25.04177,121.58735,14
500111070,20231028,912,18,4,1,25.04177,121.58735,14
500111070,20231028,913,18,5,1,25.04177,121.58735,13
500111070,20231028,914,18,5,1,25.04177,121.58735,13
500111070,20231028,915,18,4,1,25.04177,121.58735,14
500111070,20231028,916,18,4,1,25.04177,121.58735,14
500111070,20231028,917,18,4,1,25.04177,121.58735,14
500111070,20231028,918,18,4,1,25.04177,121.58735,14
500111070,20231028,919,18,4,1,25.04177,121.58735,14
500111070,20231028,921,18,4,1,25.04177,121.58735,14
500111070,20231028,922,18,4,1,25.04177,121.58735,14
500111070,20231028,923,18,4,1,25.04177,121.58735,14
500111070,20231028,924,18,4,1,25.04177,121.58735,14
500111070,20231028,925,18,4,1,25.04177,121.58735,14
500111070,20231028,926,18,4,1,25.04177,121.58735,14
500111070,20231028,927,18,4,1,25.04177,121.58735,14
500111070,20231028,928,18,4,1,25.04177,121.58735,14
500111070,20231028,929,18,4,1,25.04177,121.58735,14
500111070,20231028,931,18,4,1,25.04177,121.58735,14
500111070,20231028,932,18,4,1,25.04177,121.58735,14
500111070,20231028,933,18,4,1,25.04177,121.58735,14
500111070,20231028,934,18,4,1,25.04177,121.58735,14
500111070,20231028,935,18,4,1,25.04177,121.58735,14
500111070,20231028,936,18,4,1,25.04177,121.58735,14
500111070,20231028,937,18,4,1,25.04177,121.58735,14
500111070,20231028,938,18,5,1,25.04177,121.58735,13
500111070,20231028,939,18,6,1,25.04177,121.58735,12
500111070,20231028,940,18,5,1,25.04177,121.58735,13
500111070,20231028,941,18,5,1,25.04177,121.58735,13
500111070,20231028,942,18,5,1,25.04177,121.58735,13
500111070,20231028,943,18,5,1,25.04177,121.58735,13
500111070,20231028,944,18,5,1,25.04177,121.58735,13
500111070,20231028,945,18,5,1,25.04177,121.58735,13
500111070,20231028,946,18,5,1,25.04177,121.58735,13
500111070,20231028,947,18,5,1,25.04177,121.58735,13
500111070,20231028,948,18,5,1,25.04177,121.58735,13
500111070,20231028,949,18,5,1,25.04177,121.58735,13
500111070,20231028,951,18,6,1,25.04177,121.58735,12
500111070,20231028,952,18,6,1,25.04177,121.58735,12
500111070,20231028,953,18,6,1,25.04177,121.58735,12
500111070,20231028,954,18,6,1,25.04177,121.58735,12
500111070,20231028,955,18,6,1,25.04177,121.58735,12
500111070,20231028,956,18,6,1,25.04177,121.58735,12
500111070,20231028,957,18,6,1,25.04177,121.58735,12
500111070,20231028,958,18,6,1,25.04177,121.58735,12
500111070,20231028,959,18,6,1,25.04177,121.58735,12
500111070,20231028,961,18,6,1,25.04177,121.58735,12
500111070,20231028,962,18,6,1,25.04177,121.58735,12
500111070,20231028,963,18,6,1,25.04177,121.58735,12
500111070,20231028,964,18,6,1,25.04177,121.58735,12
500111070,20231028,965,18,6,1,25.04177,121.58735,12
500111070,20231028,966,18,6,1,25.04177,121.58735,12
500111070,20231028,967,18,5,1,25.04177,121.58735,13
500111070,20231028,968,18,5,1,25.04177,121.58735,13
500111070,20231028,969,18,5,1,25.04177,121.58735,13
500111070,20231028,970,18,5,1,25.04177,121.58735,13
500111070,20231028,971,18,5,1,25.04177,121.58735,13
500111070,20231028,972,18,4,1,25.04177,121.58735,14
500111070,20231028,973,18,3,1,25.04177,121.58735,15
500111070,20231028,974,18,3,1,25.04177,121.58735,15
500111070,20231028,975,18,4,1,25.04177,121.58735,14
500111070,20231028,976,18,4,1,25.04177,121.58735,14
500111070,20231028,977,18,4,1,25.04177,121.58735,14
500111070,20231028,978,18,4,1,25.04177,121.58735,14
500111070,20231028,979,18,4,1,25.04177,121.58735,14
500111070,20231028,981,18,3,1,25.04177,121.58735,15
500111070,20231028,982,18,2,1,25.04177,121.58735,16
500111070,20231028,983,18,2,1,25.04177,121.58735,16
500111070,20231028,984,18,1,1,25.04177,121.58735,17
500111070,20231028,985,18,1,1,25.04177,121.58735,17
500111070,20231028,986,18,1,1,25.04177,121.58735,17
500111070,20231028,987,18,1,1,25.04177,121.58735,17
500111070,20231028,988,18,1,1,25.04177,121.58735,17
500111070,20231028,989,18,0,1,25.04177,121.58735,18
500111070,20231028,991,18,1,1,25.04177,121.58735,17
500111070,20231028,992,18,1,1,25.04177,121.58735,17
500111070,20231028,993,18,1,1,25.04177,121.58735,17
500111070,20231028,994,18,1,1,25.04177,121.58735,17
500111070,20231028,995,18,1,1,25.04177,121.58735,17
500111070,20231028,996,18,1,1,25.04177,121.58735,17
500111070,20231028,997,18,1,1,25.04177,121.58735,17
500111070,20231028,998,18,1,1,25.04177,121.58735,17
500111070,20231028,999,18,2,1,25.04177,121.58735,16
500111070,20231028,1000,18,1,1,25.04177,121.58735,17
500111070,20231028,1001,18,1,1,25.04177,121.58735,17
500111070,20231028,1002,18,1,1,25.04177,121.58735,17
500111070,20231028,1003,18,1,1,25.04177,121.58735,17
500111070,20231028,1004,18,1,1,25.04177,121.58735,17
500111070,20231028,1005,18,0,1,25.04177,121.58735,18
500111070,20231028,1006,18,0,1,25.04177,121.58735,18
500111070,20231028,1007,18,3,1,25.04177,121.58735,15
500111070,20231028,1008,18,3,1,25.04177,121.58735,15
500111070,20231028,1009,18,3,1,25.04177,121.58735,15
500111070,20231028,1011,18,3,1,25.04177,121.58735,15
500111070,20231028,1012,18,3,1,25.04177,121.58735,15
500111070,20231028,1013,18,3,1,25.04177,121.58735,15
500111070,20231028,1014,18,3,1,25.04177,121.58735,15
500111070,20231028,1015,18,3,1,25.04177,121.58735,15
500111070,20231028,1016,18,2,1,25.04177,121.58735,16
500111070,20231028,1017,18,3,1,25.04177,121.58735,15
500111070,20231028,1018,18,2,1,25.04177,121.58735,16
500111070,20231028,1019,18,2,1,25.04177,121.58735,16
500111070,20231028,1021,18,1,1,25.04177,121.58735,17
500111070,20231028,1022,18,1,1,25.04177,121.58735,17
500111070,20231028,1023,18,1,1,25.04177,121.58735,17
500111070,20231028,1024,18,2,1,25.04177,121.58735,16
500111070,20231028,1025,18,2,1,25.04177,121.58735,16
500111070,20231028,1026,18,2,1,25.04177,121.58735,16
500111070,20231028,1027,18,2,1,25.04177,121.58735,16
500111070,20231028,1028,18,2,1,25.04177,121.58735,16
500111070,20231028,1029,18,2,1,25.04177,121.58735,16
500111070,20231028,1030,18,1,1,25.04177,121.58735,17
500111070,20231028,1031,18,1,1,25.04177,121.58735,17
500111070,20231028,1032,18,1,1,25.04177,121.58735,17
500111070,20231028,1033,18,0,1,25.04177,121.58735,18
500111070,20231028,1034,18,0,1,25.04177,121.58735,18
500111070,20231028,1035,18,2,1,25.04177,121.58735,16
500111070,20231028,1036,18,2,1,25.04177,121.58735,16
500111070,20231028,1037,18,2,1,25.04177,121.58735,16
500111070,20231028,1038,18,3,1,25.04177,121.58735,15
500111070,20231028,1039,18,3,1,25.04177,121.58735,15
500111070,20231028,1041,18,3,1,25.04177,121.58735,15
500111070,20231028,1042,18,3,1,25.04177,121.58735,15
500111070,20231028,1043,18,2,1,25.04177,121.58735,16
500111070,20231028,1044,18,2,1,25.04177,121.58735,16
500111070,20231028,1045,18,2,1,25.04177,121.58735,16
500111070,20231028,1046,18,2,1,25.04177,121.58735,16
500111070,20231028,1047,18,2,1,25.04177,121.58735,16
500111070,20231028,1048,18,2,1,25.04177,121.58735,16
500111070,20231028,1049,18,1,1,25.04177,121.58735,17
500111070,20231028,1051,18,1,1,25.04177,121.58735,17
500111070,20231028,1052,18,1,1,25.04177,121.58735,17
500111070,20231028,1053,18,1,1,25.04177,121.58735,17
500111070,20231028,1054,18,1,1,25.04177,121.58735,17
500111070,20231028,1055,18,0,1,25.04177,121.58735,18
500111070,20231028,1056,18,0,1,25.04177,121.58735,18
500111070,20231028,1057,18,0,1,25.04177,121.58735,18
500111070,20231028,1058,18,0,1,25.04177,121.58735,18
500111070,20231028,1059,18,0,1,25.04177,121.58735,18
500111070,20231028,1060,18,0,1,25.04177,121.58735,18
500111070,20231028,1061,18,0,1,25.04177,121.58735,18
500111070,20231028,1062,18,0,1,25.04177,121.58735,18
500111070,20231028,1063,18,1,1,25.04177,121.58735,17
500111070,20231028,1064,18,1,1,25.04177,121.58735,17
500111070,20231028,1065,18,1,1,25.04177,121.58735,17
500111070,20231028,1066,18,3,1,25.04177,121.58735,15
500111070,20231028,1067,18,5,1,25.04177,121.58735,13
500111070,20231028,1068,18,5,1,25.04177,121.58735,13
500111070,20231028,1069,18,5,1,25.04177,121.58735,13
500111070,20231028,1070,18,8,1,25.04177,121.58735,10
500111070,20231028,1071,18,10,1,25.04177,121.58735,8
500111070,20231028,1072,18,12,1,25.04177,121.58735,6
500111070,20231028,1073,18,14,1,25.04177,121.58735,4
500111070,20231028,1074,18,14,1,25.04177,121.58735,4
500111070,20231028,1075,18,14,1,25.04177,121.58735,4
500111070,20231028,1076,18,14,1,25.04177,121.58735,4
500111070,20231028,1077,18,14,1,25.04177,121.58735,4
500111070,20231028,1078,18,13,1,25.04177,121.58735,5
500111070,20231028,1079,18,15,1,25.04177,121.58735,3
500111070,20231028,1081,18,15,1,25.04177,121.58735,3
500111070,20231028,1082,18,15,1,25.04177,121.58735,3
500111070,20231028,1083,18,16,1,25.04177,121.58735,2
500111070,20231028,1084,18,17,1,25.04177,121.58735,1
500111070,20231028,1085,18,17,1,25.04177,121.58735,1
500111070,20231028,1086,18,17,1,25.04177,121.58735,1
500111070,20231028,1087,18,17,1,25.04177,121.58735,1
500111070,20231028,1088,18,18,1,25.04177,121.58735,0
500111070,20231028,1089,18,18,1,25.04177,121.58735,0
500111070,20231028,1090,18,18,1,25.04177,121.58735,0
500111070,20231028,1091,18,17,1,25.04177,121.58735,1
500111070,20231028,1092,18,17,1,25.04177,121.58735,1
500111070,20231028,1093,18,17,1,25.04177,121.58735,1
500111070,20231028,1094,18,17,1,25.04177,121.58735,1
500111070,20231028,1095,18,17,1,25.04177,121.58735,1
500111070,20231028,1096,18,18,1,25.04177,121.58735,0
500111070,20231028,1097,18,18,1,25.04177,121.58735,0
500111070,20231028,1098,18,18,1,25.04177,121.58735,0
500111070,20231028,1099,18,18,1,25.04177,121.58735,0
500111070,20231028,1101,18,18,1,25.04177,121.58735,0
500111070,20231028,1102,18,18,1,25.04177,121.58735,0
500111070,20231028,1103,18,18,1,25.04177,121.58735,0
500111070,20231028,1104,18,18,1,25.04177,121.58735,0
500111070,20231028,1105,18,18,1,25.04177,121.58735,0
500111070,20231028,1106,18,17,1,25.04177,121.58735,1
500111070,20231028,1107,18,17,1,25.04177,121.58735,1
500111070,20231028,1108,18,16,1,25.04177,121.58735,2
500111070,20231028,1109,18,17,1,25.04177,121.58735,1
500111070,20231028,1111,18,17,1,25.04177,121.58735,1
500111070,20231028,1112,18,17,1,25.04177,121.58735,1
500111070,20231028,1113,18,16,1,25.04177,121.58735,2
500111070,20231028,1114,18,16,1,25.04177,121.58735,2
500111070,20231028,1115,18,16,1,25.04177,121.58735,2
500111070,20231028,1116,18,16,1,25.04177,121.58735,2
500111070,20231028,1117,18,16,1,25.04177,121.58735,2
500111070,20231028,1118,18,16,1,25.04177,121.58735,2
500111070,20231028,1119,18,16,1,25.04177,121.58735,2
500111070,20231028,1120,18,16,1,25.04177,121.58735,2
500111070,20231028,1121,18,17,1,25.04177,121.58735,1
500111070,20231028,1122,18,17,1,25.04177,121.58735,1
500111070,20231028,1123,18,17,1,25.04177,121.58735,1
500111070,20231028,1124,18,16,1,25.04177,121.58735,2
500111070,20231028,1125,18,16,1,25.04177,121.58735,2
500111070,20231028,1126,18,16,1,25.04177,121.58735,2
500111070,20231028,1127,18,16,1,25.04177,121.58735,2
500111070,20231028,1128,18,16,1,25.04177,121.58735,2
500111070,20231028,1129,18,16,1,25.04177,121.58735,2
500111070,20231028,1130,18,16,1,25.04177,121.58735,2
500111070,20231028,1131,18,16,1,25.04177,121.58735,2
500111070,20231028,1132,18,16,1,25.04177,121.58735,2
500111070,20231028,1133,18,16,1,25.04177,121.58735,2
500111070,20231028,1134,18,16,1,25.04177,121.58735,2
500111070,20231028,1135,18,16,1,25.04177,121.58735,2
500111070,20231028,1136,18,15,1,25.04177,121.58735,3
500111070,20231028,1137,18,15,1,25.04177,121.58735,3
500111070,20231028,1138,18,15,1,25.04177,121.58735,3
500111070,20231028,1139,18,15,1,25.04177,121.58735,3
500111070,20231028,1141,18,14,1,25.04177,121.58735,4
500111070,20231028,1142,18,16,1,25.04177,121.58735,2
500111070,20231028,1143,18,15,1,25.04177,121.58735,3
500111070,20231028,1144,18,15,1,25.04177,121.58735,3
500111070,20231028,1145,18,15,1,25.04177,121.58735,3
500111070,20231028,1146,18,14,1,25.04177,121.58735,4
500111070,20231028,1147,18,14,1,25.04177,121.58735,4
500111070,20231028,1148,18,14,1,25.04177,121.58735,4
500111070,20231028,1149,18,13,1,25.04177,121.58735,5
500111070,20231028,1150,18,13,1,25.04177,121.58735,5
500111070,20231028,1151,18,14,1,25.04177,121.58735,4
500111070,20231028,1152,18,12,1,25.04177,121.58735,6
500111070,20231028,1153,18,12,1,25.04177,121.58735,6
500111070,20231028,1154,18,12,1,25.04177,121.58735,6
500111070,20231028,1155,18,12,1,25.04177,121.58735,6
500111070,20231028,1156,18,12,1,25.04177,121.58735,6
500111070,20231028,1157,18,12,1,25.04177,121.58735,6
500111070,20231028,1158,18,13,1,25.04177,121.58735,5
500111070,20231028,1159,18,13,1,25.04177,121.58735,5
500111070,20231028,1161,18,13,1,25.04177,121.58735,5
500111070,20231028,1162,18,12,1,25.04177,121.58735,6
500111070,20231028,1163,18,12,1,25.04177,121.58735,6
500111070,20231028,1164,18,12,1,25.04177,121.58735,6
500111070,20231028,1165,18,12,1,25.04177,121.58735,6
500111070,20231028,1166,18,12,1,25.04177,121.58735,6
500111070,20231028,1167,18,12,1,25.04177,121.58735,6
500111070,20231028,1168,18,12,1,25.04177,121.58735,6
500111070,20231028,1169,18,12,1,25.04177,121.58735,6
500111070,20231028,1171,18,12,1,25.04177,121.58735,6
500111070,20231028,1172,18,12,1,25.04177,121.58735,6
500111070,20231028,1173,18,12,1,25.04177,121.58735,6
500111070,20231028,1174,18,12,1,25.04177,121.58735,6
500111070,20231028,1175,18,12,1,25.04177,121.58735,6
500111070,20231028,1176,18,12,1,25.04177,121.58735,6
500111070,20231028,1177,18,12,1,25.04177,121.58735,6
500111070,20231028,1178,18,12,1,25.04177,121.58735,6
500111070,20231028,1179,18,13,1,25.04177,121.58735,5
500111070,20231028,1180,18,13,1,25.04177,121.58735,5
500111070,20231028,1181,18,13,1,25.04177,121.58735,5
500111070,20231028,1182,18,13,1,25.04177,121.58735,5
500111070,20231028,1183,18,13,1,25.04177,121.58735,5
500111070,20231028,1184,18,13,1,25.04177,121.58735,5
500111070,20231028,1185,18,13,1,25.04177,121.58735,5
500111070,20231028,1186,18,12,1,25.04177,121.58735,6
500111070,20231028,1187,18,12,1,25.04177,121.58735,6
500111070,20231028,1188,18,12,1,25.04177,121.58735,6
500111070,20231028,1189,18,11,1,25.04177,121.58735,7
500111070,20231028,1190,18,11,1,25.04177,121.58735,7
500111070,20231028,1191,18,11,1,25.04177,121.58735,7
500111070,20231028,1192,18,11,1,25.04177,121.58735,7
500111070,20231028,1193,18,11,1,25.04177,121.58735,7
500111070,20231028,1194,18,11,1,25.04177,121.58735,7
500111070,20231028,1195,18,11,1,25.04177,121.58735,7
500111070,20231028,1196,18,10,1,25.04177,121.58735,8
500111070,20231028,1197,18,9,1,25.04177,121.58735,9
500111070,20231028,1198,18,9,1,25.04177,121.58735,9
500111070,20231028,1199,18,9,1,25.04177,121.58735,9
500111070,20231028,1201,18,9,1,25.04177,121.58735,9
500111070,20231028,1202,18,9,1,25.04177,121.58735,9
500111070,20231028,1203,18,9,1,25.04177,121.58735,9
500111070,20231028,1204,18,9,1,25.04177,121.58735,9
500111070,20231028,1206,18,12,1,25.04177,121.58735,6
500111070,20231028,1207,18,12,1,25.04177,121.58735,6
500111070,20231028,1208,18,12,1,25.04177,121.58735,6
500111070,20231028,1209,18,12,1,25.04177,121.58735,6
500111070,20231028,1210,18,12,1,25.04177,121.58735,6
500111070,20231028,1211,18,12,1,25.04177,121.58735,6
500111070,20231028,1212,18,12,1,25.04177,121.58735,6
500111070,20231028,1213,18,12,1,25.04177,121.58735,6
500111070,20231028,1214,18,12,1,25.04177,121.58735,6
500111070,20231028,1215,18,11,1,25.04177,121.58735,7
500111070,20231028,1216,18,10,1,25.04177,121.58735,8
500111070,20231028,1217,18,10,1,25.04177,121.58735,8
500111070,20231028,1218,18,10,1,25.04177,121.58735,8
500111070,20231028,1219,18,10,1,25.04177,121.58735,8
500111070,20231028,1221,18,10,1,25.04177,121.58735,8
500111070,20231028,1222,18,10,1,25.04177,121.58735,8
500111070,20231028,1223,18,7,1,25.04177,121.58735,11
500111070,20231028,1224,18,7,1,25.04177,121.58735,11
500111070,20231028,1225,18,7,1,25.04177,121.58735,11
500111070,20231028,1226,18,7,1,25.04177,121.58735,11
500111070,20231028,1227,18,7,1,25.04177,121.58735,11
500111070,20231028,1228,18,7,1,25.04177,121.58735,11
500111070,20231028,1229,18,7,1,25.04177,121.58735,11
500111070,20231028,1231,18,6,1,25.04177,121.58735,12
500111070,20231028,1232,18,7,1,25.04177,121.58735,11
500111070,20231028,1233,18,7,1,25.04177,121.58735,11
500111070,20231028,1234,18,7,1,25.04177,121.58735,11
500111070,20231028,1235,18,7,1,25.04177,121.58735,11
500111070,20231028,1236,18,7,1,25.04177,121.58735,11
500111070,20231028,1237,18,6,1,25.04177,121.58735,12
500111070,20231028,1238,18,7,1,25.04177,121.58735,11
500111070,20231028,1239,18,7,1,25.04177,121.58735,11
500111070,20231028,1241,18,7,1,25.04177,121.58735,11
500111070,20231028,1242,18,7,1,25.04177,121.58735,11
500111070,20231028,1243,18,8,1,25.04177,121.58735,10
500111070,20231028,1244,18,8,1,25.04177,121.58735,10
500111070,20231028,1245,18,8,1,25.04177,121.58735,10
500111070,20231028,1246,18,8,1,25.04177,121.58735,10
500111070,20231028,1247,18,8,1,25.04177,121.58735,10
500111070,20231028,1248,18,8,1,25.04177,121.58735,10
500111070,20231028,1249,18,8,1,25.04177,121.58735,10
500111070,20231028,1250,18,8,1,25.04177,121.58735,10
500111070,20231028,1251,18,9,1,25.04177,121.58735,9
500111070,20231028,1252,18,9,1,25.04177,121.58735,9
500111070,20231028,1253,18,8,1,25.04177,121.58735,10
500111070,20231028,1254,18,8,1,25.04177,121.58735,10
500111070,20231028,1255,18,8,1,25.04177,121.58735,10
500111070,20231028,1256,18,8,1,25.04177,121.58735,10
500111070,20231028,1257,18,8,1,25.04177,121.58735,10
500111070,20231028,1258,18,8,1,25.04177,121.58735,10
500111070,20231028,1259,18,8,1,25.04177,121.58735,10
500111070,20231028,1261,18,8,1,25.04177,121.58735,10
500111070,20231028,1262,18,8,1,25.04177,121.58735,10
500111070,20231028,1263,18,8,1,25.04177,121.58735,10
500111070,20231028,1264,18,8,1,25.04177,121.58735,10
500111070,20231028,1265,18,8,1,25.04177,121.58735,10
500111070,20231028,1266,18,8,1,25.04177,121.58735,10
500111070,20231028,1267,18,8,1,25.04177,121.58735,10
500111070,20231028,1268,18,8,1,25.04177,121.58735,10
500111070,20231028,1269,18,9,1,25.04177,121.58735,9
500111070,20231028,1270,18,9,1,25.04177,121.58735,9
500111070,20231028,1271,18,9,1,25.04177,121.58735,9
500111070,20231028,1272,18,9,1,25.04177,121.58735,9
500111070,20231028,1273,18,9,1,25.04177,121.58735,9
500111070,20231028,1274,18,9,1,25.04177,121.58735,9
500111070,20231028,1275,18,9,1,25.04177,121.58735,9
500111070,20231028,1276,18,9,1,25.04177,121.58735,9
500111070,20231028,1277,18,9,1,25.04177,121.58735,9
500111070,20231028,1278,18,9,1,25.04177,121.58735,9
500111070,20231028,1279,18,8,1,25.04177,121.58735,10
500111070,20231028,1281,18,8,1,25.04177,121.58735,10
500111070,20231028,1282,18,8,1,25.04177,121.58735,10
500111070,20231028,1283,18,7,1,25.04177,121.58735,11
500111070,20231028,1284,18,7,1,25.04177,121.58735,11
500111070,20231028,1285,18,6,1,25.04177,121.58735,12
500111070,20231028,1286,18,6,1,25.04177,121.58735,12
500111070,20231028,1287,18,6,1,25.04177,121.58735,12
500111070,20231028,1288,18,5,1,25.04177,121.58735,13
500111070,20231028,1289,18,5,1,25.04177,121.58735,13
500111070,20231028,1291,18,6,1,25.04177,121.58735,12
500111070,20231028,1292,18,6,1,25.04177,121.58735,12
500111070,20231028,1293,18,6,1,25.04177,121.58735,12
500111070,20231028,1294,18,7,1,25.04177,121.58735,11
500111070,20231028,1295,18,7,1,25.04177,121.58735,11
500111070,20231028,1296,18,7,1,25.04177,121.58735,11
500111070,20231028,1297,18,7,1,25.04177,121.58735,11
500111070,20231028,1298,18,7,1,25.04177,121.58735,11
500111070,20231028,1299,18,9,1,25.04177,121.58735,9
500111070,20231028,1300,18,13,1,25.04177,121.58735,5
500111070,20231028,1301,18,15,1,25.04177,121.58735,3
500111070,20231028,1302,18,15,1,25.04177,121.58735,3
500111070,20231028,1303,18,16,1,25.04177,121.58735,2
500111070,20231028,1304,18,16,1,25.04177,121.58735,2
500111070,20231028,1305,18,16,1,25.04177,121.58735,2
500111070,20231028,1306,18,16,1,25.04177,121.58735,2
500111070,20231028,1307,18,16,1,25.04177,121.58735,2
500111070,20231028,1308,18,16,1,25.04177,121.58735,2
500111070,20231028,1309,18,16,1,25.04177,121.58735,2
500111070,20231028,1310,18,15,1,25.04177,121.58735,3
500111070,20231028,1311,18,15,1,25.04177,121.58735,3
500111070,20231028,1312,18,15,1,25.04177,121.58735,3
500111070,20231028,1313,18,15,1,25.04177,121.58735,3
500111070,20231028,1314,18,15,1,25.04177,121.58735,3
500111070,20231028,1315,18,15,1,25.04177,121.58735,3
500111070,20231028,1316,18,15,1,25.04177,121.58735,3
500111070,20231028,1317,18,15,1,25.04177,121.58735,3
500111070,20231028,1318,18,15,1,25.04177,121.58735,3
500111070,20231028,1319,18,15,1,25.04177,121.58735,3
500111070,20231028,1321,18,14,1,25.04177,121.58735,4
500111070,20231028,1322,18,14,1,25.04177,121.58735,4
500111070,20231028,1323,18,14,1,25.04177,121.58735,4
500111070,20231028,1324,18,14,1,25.04177,121.58735,4
500111070,20231028,1325,18,12,1,25.04177,121.58735,6
500111070,20231028,1326,18,12,1,25.04177,121.58735,6
500111070,20231028,1327,18,12,1,25.04177,121.58735,6
500111070,20231028,1328,18,12,1,25.04177,121.58735,6
500111070,20231028,1329,18,11,1,25.04177,121.58735,7
500111070,20231028,1330,18,11,1,25.04177,121.58735,7
500111070,20231028,1331,18,10,1,25.04177,121.58735,8
500111070,20231028,1332,18,10,1,25.04177,121.58735,8
500111070,20231028,1333,18,10,1,25.04177,121.58735,8
500111070,20231028,1334,18,10,1,25.04177,121.58735,8
500111070,20231028,1335,18,10,1,25.04177,121.58735,8
500111070,20231028,1336,18,10,1,25.04177,121.58735,8
500111070,20231028,1337,18,10,1,25.04177,121.58735,8
500111070,20231028,1338,18,11,1,25.04177,121.58735,7
500111070,20231028,1339,18,11,1,25.04177,121.58735,7
500111070,20231028,1341,18,9,1,25.04177,121.58735,9
500111070,20231028,1342,18,9,1,25.04177,121.58735,9
500111070,20231028,1343,18,9,1,25.04177,121.58735,9
500111070,20231028,1344,18,7,1,25.04177,121.58735,11
500111070,20231028,1345,18,7,1,25.04177,121.58735,11
500111070,20231028,1346,18,7,1,25.04177,121.58735,11
500111070,20231028,1347,18,7,1,25.04177,121.58735,11
500111070,20231028,1348,18,7,1,25.04177,121.58735,11
500111070,20231028,1349,18,7,1,25.04177,121.58735,11
500111070,20231028,1350,18,7,1,25.04177,121.58735,11
500111070,20231028,1351,18,6,1,25.04177,121.58735,12
500111070,20231028,1352,18,6,1,25.04177,121.58735,12
500111070,20231028,1353,18,6,1,25.04177,121.58735,12
500111070,20231028,1354,18,6,1,25.04177,121.58735,12
500111070,20231028,1355,18,6,1,25.04177,121.58735,12
500111070,20231028,1356,18,6,1,25.04177,121.58735,12
500111070,20231028,1357,18,6,1,25.04177,121.58735,12
500111070,20231028,1358,18,7,1,25.04177,121.58735,11
500111070,20231028,1359,18,7,1,25.04177,121.58735,11
500111070,20231028,1360,18,7,1,25.04177,121.58735,11
500111070,20231028,1361,18,7,1,25.04177,121.58735,11
500111070,20231028,1362,18,7,1,25.04177,121.58735,11
500111070,20231028,1363,18,7,1,25.04177,121.58735,11
500111070,20231028,1364,18,6,1,25.04177,121.58735,12
500111070,20231028,1365,18,6,1,25.04177,121.58735,12
500111070,20231028,1366,18,6,1,25.04177,121.58735,12
500111070,20231028,1367,18,6,1,25.04177,121.58735,12
500111070,20231028,1368,18,6,1,25.04177,121.58735,12
500111070,20231028,1369,18,6,1,25.04177,121.58735,12
500111070,20231028,1370,18,6,1,25.04177,121.58735,12
500111070,20231028,1371,18,5,1,25.04177,121.58735,13
500111070,20231028,1372,18,5,1,25.04177,121.58735,13
500111070,20231028,1373,18,5,1,25.04177,121.58735,13
500111070,20231028,1374,18,5,1,25.04177,121.58735,13
500111070,20231028,1375,18,5,1,25.04177,121.58735,13
500111070,20231028,1376,18,5,1,25.04177,121.58735,13
500111070,20231028,1377,18,5,1,25.04177,121.58735,13
500111070,20231028,1378,18,5,1,25.04177,121.58735,13
500111070,20231028,1379,18,5,1,25.04177,121.58735,13
500111070,20231028,1381,18,4,1,25.04177,121.58735,14
500111070,20231028,1382,18,4,1,25.04177,121.58735,14
500111070,20231028,1383,18,4,1,25.04177,121.58735,14
500111070,20231028,1384,18,4,1,25.04177,121.58735,14
500111070,20231028,1385,18,4,1,25.04177,121.58735,14
500111070,20231028,1386,18,4,1,25.04177,121.58735,14
500111070,20231028,1387,18,4,1,25.04177,121.58735,14
500111070,20231028,1388,18,4,1,25.04177,121.58735,14
500111070,20231028,1389,18,4,1,25.04177,121.58735,14
500111070,20231028,1390,18,4,1,25.04177,121.58735,14
500111070,20231028,1391,18,4,1,25.04177,121.58735,14
500111070,20231028,1392,18,4,1,25.04177,121.58735,14
500111070,20231028,1393,18,4,1,25.04177,121.58735,14
500111070,20231028,1394,18,5,1,25.04177,121.58735,13
500111070,20231028,1395,18,5,1,25.04177,121.58735,13
500111070,20231028,1396,18,5,1,25.04177,121.58735,13
500111070,20231028,1397,18,5,1,25.04177,121.58735,13
500111070,20231028,1398,18,6,1,25.04177,121.58735,12
500111070,20231028,1399,18,6,1,25.04177,121.58735,12
500111070,20231028,1401,18,6,1,25.04177,121.58735,12
500111070,20231028,1402,18,4,1,25.04177,121.58735,14
500111070,20231028,1403,18,4,1,25.04177,121.58735,14
500111070,20231028,1404,18,4,1,25.04177,121.58735,14
500111070,20231028,1405,18,4,1,25.04177,121.58735,14
500111070,20231028,1406,18,4,1,25.04177,121.58735,14
500111070,20231028,1407,18,4,1,25.04177,121.58735,14
500111070,20231028,1408,18,3,1,25.04177,121.58735,15
500111070,20231028,1409,18,5,1,25.04177,121.58735,13
500111070,20231028,1410,18,5,1,25.04177,121.58735,13
500111070,20231028,1411,18,5,1,25.04177,121.58735,13
500111070,20231028,1412,18,5,1,25.04177,121.58735,13
500111070,20231028,1413,18,5,1,25.04177,121.58735,13
500111070,20231028,1414,18,5,1,25.04177,121.58735,13
500111070,20231028,1415,18,5,1,25.04177,121.58735,13
500111070,20231028,1416,18,5,1,25.04177,121.58735,13
500111070,20231028,1417,18,5,1,25.04177,121.58735,13
500111070,20231028,1418,18,5,1,25.04177,121.58735,13
500111070,20231028,1419,18,5,1,25.04177,121.58735,13
500111070,20231028,1420,18,6,1,25.04177,121.58735,12
500111070,20231028,1421,18,6,1,25.04177,121.58735,12
500111070,20231028,1422,18,6,1,25.04177,121.58735,12
500111070,20231028,1423,18,6,1,25.04177,121.58735,12
500111070,20231028,1424,18,6,1,25.04177,121.58735,12
500111070,20231028,1425,18,6,1,25.04177,121.58735,12
500111070,20231028,1426,18,6,1,25.04177,121.58735,12
500111070,20231028,1427,18,6,1,25.04177,121.58735,12
500111070,20231028,1428,18,6,1,25.04177,121.58735,12
500111070,20231028,1429,18,6,1,25.04177,121.58735,12
500111070,20231028,1430,18,6,1,25.04177,121.58735,12
500111070,20231028,1431,18,6,1,25.04177,121.58735,12
500111070,20231028,1432,18,6,1,25.04177,121.58735,12
500111070,20231028,1433,18,6,1,25.04177,121.58735,12
500111070,20231028,1434,18,6,1,25.04177,121.58735,12
500111070,20231028,1435,18,6,1,25.04177,121.58735,12
500111070,20231028,1436,18,6,1,25.04177,121.58735,12
500111070,20231028,1437,18,6,1,25.04177,121.58735,12
500111070,20231028,1438,18,6,1,25.04177,121.58735,12
500111070,20231028,1439,18,6,1,25.04177,121.58735,12
500111070,20231029,1,18,6,1,25.04177,121.58735,12
500111070,20231029,2,18,6,1,25.04177,121.58735,12
500111070,20231029,3,18,6,1,25.04177,121.58735,12
500111070,20231029,4,18,6,1,25.04177,121.58735,12
500111070,20231029,5,18,6,1,25.04177,121.58735,12
500111070,20231029,6,18,6,1,25.04177,121.58735,12
500111070,20231029,7,18,6,1,25.04177,121.58735,12
500111070,20231029,8,18,6,1,25.04177,121.58735,12
500111070,20231029,9,18,6,1,25.04177,121.58735,12
500111070,20231029,10,18,6,1,25.04177,121.58735,12
500111070,20231029,11,18,6,1,25.04177,121.58735,12
500111070,20231029,12,18,6,1,25.04177,121.58735,12
500111070,20231029,13,18,6,1,25.04177,121.58735,12
500111070,20231029,14,18,6,1,25.04177,121.58735,12
500111070,20231029,15,18,4,1,25.04177,121.58735,14
500111070,20231029,16,18,4,1,25.04177,121.58735,14
500111070,20231029,17,18,4,1,25.04177,121.58735,14
500111070,20231029,18,18,4,1,25.04177,121.58735,14
500111070,20231029,19,18,4,1,25.04177,121.58735,14
500111070,20231029,21,18,3,1,25.04177,121.58735,15
500111070,20231029,23,18,3,1,25.04177,121.58735,15
500111070,20231029,24,18,3,1,25.04177,121.58735,15
500111070,20231029,25,18,3,1,25.04177,121.58735,15
500111070,20231029,26,18,3,1,25.04177,121.58735,15
500111070,20231029,27,18,3,1,25.04177,121.58735,15
500111070,20231029,28,18,3,1,25.04177,121.58735,15
500111070,20231029,29,18,3,1,25.04177,121.58735,15
500111070,20231029,30,18,3,1,25.04177,121.58735,15
500111070,20231029,31,18,3,1,25.04177,121.58735,15
500111070,20231029,32,18,3,1,25.04177,121.58735,15
500111070,20231029,33,18,3,1,25.04177,121.58735,15
500111070,20231029,34,18,3,1,25.04177,121.58735,15
500111070,20231029,35,18,3,1,25.04177,121.58735,15
500111070,20231029,36,18,3,1,25.04177,121.58735,15
500111070,20231029,37,18,7,1,25.04177,121.58735,11
500111070,20231029,38,18,7,1,25.04177,121.58735,11
500111070,20231029,39,18,7,1,25.04177,121.58735,11
500111070,20231029,40,18,7,1,25.04177,121.58735,11
500111070,20231029,41,18,7,1,25.04177,121.58735,11
500111070,20231029,42,18,7,1,25.04177,121.58735,11
500111070,20231029,43,18,7,1,25.04177,121.58735,11
500111070,20231029,44,18,7,1,25.04177,121.58735,11
500111070,20231029,45,18,7,1,25.04177,121.58735,11
500111070,20231029,46,18,7,1,25.04177,121.58735,11
500111070,20231029,47,18,7,1,25.04177,121.58735,11
500111070,20231029,48,18,7,1,25.04177,121.58735,11
500111070,20231029,49,18,7,1,25.04177,121.58735,11
500111070,20231029,50,18,7,1,25.04177,121.58735,11
500111070,20231029,51,18,7,1,25.04177,121.58735,11
500111070,20231029,52,18,7,1,25.04177,121.58735,11
500111070,20231029,53,18,7,1,25.04177,121.58735,11
500111070,20231029,54,18,7,1,25.04177,121.58735,11
500111070,20231029,55,18,7,1,25.04177,121.58735,11
500111070,20231029,56,18,7,1,25.04177,121.58735,11
500111070,20231029,57,18,7,1,25.04177,121.58735,11
500111070,20231029,58,18,7,1,25.04177,121.58735,11
500111070,20231029,59,18,7,1,25.04177,121.58735,11
500111070,20231029,60,18,7,1,25.04177,121.58735,11
500111070,20231029,61,18,7,1,25.04177,121.58735,11
500111070,20231029,62,18,7,1,25.04177,121.58735,11
500111070,20231029,63,18,7,1,25.04177,121.58735,11
500111070,20231029,64,18,7,1,25.04177,121.58735,11
500111070,20231029,65,18,7,1,25.04177,121.58735,11
500111070,20231029,66,18,7,1,25.04177,121.58735,11
500111070,20231029,67,18,7,1,25.04177,121.58735,11
500111070,20231029,68,18,7,1,25.04177,121.58735,11
500111070,20231029,69,18,7,1,25.04177,121.58735,11
500111070,20231029,70,18,6,1,25.04177,121.58735,12
500111070,20231029,71,18,6,1,25.04177,121.58735,12
500111070,20231029,72,18,6,1,25.04177,121.58735,12
500111070,20231029,73,18,6,1,25.04177,121.58735,12
500111070,20231029,74,18,6,1,25.04177,121.58735,12
500111070,20231029,75,18,6,1,25.04177,121.58735,12
500111070,20231029,76,18,6,1,25.04177,121.58735,12
500111070,20231029,77,18,6,1,25.04177,121.58735,12
500111070,20231029,78,18,6,1,25.04177,121.58735,12
500111070,20231029,79,18,6,1,25.04177,121.58735,12
500111070,20231029,81,18,6,1,25.04177,121.58735,12
500111070,20231029,82,18,5,1,25.04177,121.58735,13
500111070,20231029,83,18,5,1,25.04177,121.58735,13
500111070,20231029,85,18,4,1,25.04177,121.58735,14
500111070,20231029,86,18,4,1,25.04177,121.58735,14
500111070,20231029,87,18,4,1,25.04177,121.58735,14
500111070,20231029,88,18,4,1,25.04177,121.58735,14
500111070,20231029,89,18,4,1,25.04177,121.58735,14
500111070,20231029,90,18,4,1,25.04177,121.58735,14
500111070,20231029,91,18,4,1,25.04177,121.58735,14
500111070,20231029,92,18,4,1,25.04177,121.58735,14
500111070,20231029,93,18,4,1,25.04177,121.58735,14
500111070,20231029,94,18,4,1,25.04177,121.58735,14
500111070,20231029,95,18,4,1,25.04177,121.58735,14
500111070,20231029,96,18,4,1,25.04177,121.58735,14
500111070,20231029,97,18,4,1,25.04177,121.58735,14
500111070,20231029,98,18,4,1,25.04177,121.58735,14
500111070,20231029,99,18,4,1,25.04177,121.58735,14
500111070,20231029,100,18,4,1,25.04177,121.58735,14
500111070,20231029,101,18,4,1,25.04177,121.58735,14
500111070,20231029,102,18,4,1,25.04177,121.58735,14
500111070,20231029,103,18,4,1,25.04177,121.58735,14
500111070,20231029,104,18,4,1,25.04177,121.58735,14
500111070,20231029,105,18,4,1,25.04177,121.58735,14
500111070,20231029,106,18,4,1,25.04177,121.58735,14
500111070,20231029,107,18,4,1,25.04177,121.58735,14
500111070,20231029,108,18,4,1,25.04177,121.58735,14
500111070,20231029,109,18,4,1,25.04177,121.58735,14
500111070,20231029,110,18,4,1,25.04177,121.58735,14
500111070,20231029,111,18,4,1,25.04177,121.58735,14
500111070,20231029,112,18,4,1,25.04177,121.58735,14
500111070,20231029,113,18,4,1,25.04177,121.58735,14
500111070,20231029,114,18,4,1,25.04177,121.58735,14
500111070,20231029,115,18,4,1,25.04177,121.58735,14
500111070,20231029,116,18,4,1,25.04177,121.58735,14
500111070,20231029,117,18,4,1,25.04177,121.58735,14
500111070,20231029,118,18,4,1,25.04177,121.58735,14
500111070,20231029,119,18,4,1,25.04177,121.58735,14
500111070,20231029,121,18,4,1,25.04177,121.58735,14
500111070,20231029,122,18,4,1,25.04177,121.58735,14
500111070,20231029,123,18,4,1,25.04177,121.58735,14
500111070,20231029,124,18,4,1,25.04177,121.58735,14
500111070,20231029,125,18,4,1,25.04177,121.58735,14
500111070,20231029,126,18,4,1,25.04177,121.58735,14
500111070,20231029,127,18,4,1,25.04177,121.58735,14
500111070,20231029,128,18,4,1,25.04177,121.58735,14
500111070,20231029,129,18,4,1,25.04177,121.58735,14
500111070,20231029,130,18,4,1,25.04177,121.58735,14
500111070,20231029,131,18,4,1,25.04177,121.58735,14
500111070,20231029,132,18,4,1,25.04177,121.58735,14
500111070,20231029,133,18,4,1,25.04177,121.58735,14
500111070,20231029,134,18,4,1,25.04177,121.58735,14
500111070,20231029,135,18,4,1,25.04177,121.58735,14
500111070,20231029,136,18,4,1,25.04177,121.58735,14
500111070,20231029,137,18,4,1,25.04177,121.58735,14
500111070,20231029,138,18,4,1,25.04177,121.58735,14
500111070,20231029,139,18,4,1,25.04177,121.58735,14
500111070,20231029,141,18,4,1,25.04177,121.58735,14
500111070,20231029,142,18,4,1,25.04177,121.58735,14
500111070,20231029,143,18,4,1,25.04177,121.58735,14
500111070,20231029,144,18,4,1,25.04177,121.58735,14
500111070,20231029,145,18,4,1,25.04177,121.58735,14
500111070,20231029,146,18,4,1,25.04177,121.58735,14
500111070,20231029,147,18,4,1,25.04177,121.58735,14
500111070,20231029,148,18,4,1,25.04177,121.58735,14
500111070,20231029,149,18,4,1,25.04177,121.58735,14
500111070,20231029,150,18,4,1,25.04177,121.58735,14
500111070,20231029,151,18,4,1,25.04177,121.58735,14
500111070,20231029,152,18,4,1,25.04177,121.58735,14
500111070,20231029,153,18,4,1,25.04177,121.58735,14
500111070,20231029,154,18,4,1,25.04177,121.58735,14
500111070,20231029,155,18,4,1,25.04177,121.58735,14
500111070,20231029,156,18,4,1,25.04177,121.58735,14
500111070,20231029,157,18,4,1,25.04177,121.58735,14
500111070,20231029,158,18,4,1,25.04177,121.58735,14
500111070,20231029,159,18,4,1,25.04177,121.58735,14
500111070,20231029,160,18,4,1,25.04177,121.58735,14
500111070,20231029,161,18,4,1,25.04177,121.58735,14
500111070,20231029,162,18,4,1,25.04177,121.58735,14
500111070,20231029,163,18,4,1,25.04177,121.58735,14
500111070,20231029,164,18,4,1,25.04177,121.58735,14
500111070,20231029,165,18,4,1,25.04177,121.58735,14
500111070,20231029,166,18,4,1,25.04177,121.58735,14
500111070,20231029,167,18,4,1,25.04177,121.58735,14
500111070,20231029,168,18,4,1,25.04177,121.58735,14
500111070,20231029,169,18,4,1,25.04177,121.58735,14
500111070,20231029,170,18,4,1,25.04177,121.58735,14
500111070,20231029,171,18,3,1,25.04177,121.58735,15
500111070,20231029,172,18,3,1,25.04177,121.58735,15
500111070,20231029,173,18,3,1,25.04177,121.58735,15
500111070,20231029,174,18,3,1,25.04177,121.58735,15
500111070,20231029,175,18,3,1,25.04177,121.58735,15
500111070,20231029,176,18,3,1,25.04177,121.58735,15
500111070,20231029,177,18,3,1,25.04177,121.58735,15
500111070,20231029,178,18,3,1,25.04177,121.58735,15
500111070,20231029,179,18,3,1,25.04177,121.58735,15
500111070,20231029,180,18,3,1,25.04177,121.58735,15
500111070,20231029,181,18,3,1,25.04177,121.58735,15
500111070,20231029,182,18,3,1,25.04177,121.58735,15
500111070,20231029,183,18,3,1,25.04177,121.58735,15
500111070,20231029,184,18,3,1,25.04177,121.58735,15
500111070,20231029,185,18,3,1,25.04177,121.58735,15
500111070,20231029,186,18,3,1,25.04177,121.58735,15
500111070,20231029,187,18,3,1,25.04177,121.58735,15
500111070,20231029,188,18,3,1,25.04177,121.58735,15
500111070,20231029,189,18,3,1,25.04177,121.58735,15
500111070,20231029,190,18,3,1,25.04177,121.58735,15
500111070,20231029,191,18,3,1,25.04177,121.58735,15
500111070,20231029,192,18,3,1,25.04177,121.58735,15
500111070,20231029,193,18,3,1,25.04177,121.58735,15
500111070,20231029,194,18,3,1,25.04177,121.58735,15
500111070,20231029,195,18,3,1,25.04177,121.58735,15
500111070,20231029,196,18,3,1,25.04177,121.58735,15
500111070,20231029,197,18,3,1,25.04177,121.58735,15
500111070,20231029,198,18,3,1,25.04177,121.58735,15
500111070,20231029,199,18,3,1,25.04177,121.58735,15
500111070,20231029,201,18,3,1,25.04177,121.58735,15
500111070,20231029,202,18,3,1,25.04177,121.58735,15
500111070,20231029,203,18,3,1,25.04177,121.58735,15
500111070,20231029,204,18,3,1,25.04177,121.58735,15
500111070,20231029,205,18,3,1,25.04177,121.58735,15
500111070,20231029,206,18,3,1,25.04177,121.58735,15
500111070,20231029,207,18,3,1,25.04177,121.58735,15
500111070,20231029,208,18,3,1,25.04177,121.58735,15
500111070,20231029,209,18,3,1,25.04177,121.58735,15
500111070,20231029,210,18,3,1,25.04177,121.58735,15
500111070,20231029,211,18,3,1,25.04177,121.58735,15
500111070,20231029,212,18,3,1,25.04177,121.58735,15
500111070,20231029,213,18,3,1,25.04177,121.58735,15
500111070,20231029,214,18,3,1,25.04177,121.58735,15
500111070,20231029,215,18,3,1,25.04177,121.58735,15
500111070,20231029,216,18,3,1,25.04177,121.58735,15
500111070,20231029,217,18,3,1,25.04177,121.58735,15
500111070,20231029,218,18,3,1,25.04177,121.58735,15
500111070,20231029,219,18,3,1,25.04177,121.58735,15
500111070,20231029,220,18,3,1,25.04177,121.58735,15
500111070,20231029,221,18,3,1,25.04177,121.58735,15
500111070,20231029,222,18,3,1,25.04177,121.58735,15
500111070,20231029,223,18,3,1,25.04177,121.58735,15
500111070,20231029,224,18,3,1,25.04177,121.58735,15
500111070,20231029,225,18,3,1,25.04177,121.58735,15
500111070,20231029,226,18,3,1,25.04177,121.58735,15
500111070,20231029,227,18,3,1,25.04177,121.58735,15
500111070,20231029,228,18,3,1,25.04177,121.58735,15
500111070,20231029,229,18,3,1,25.04177,121.58735,15
500111070,20231029,230,18,3,1,25.04177,121.58735,15
500111070,20231029,231,18,3,1,25.04177,121.58735,15
500111070,20231029,232,18,3,1,25.04177,121.58735,15
500111070,20231029,233,18,3,1,25.04177,121.58735,15
500111070,20231029,234,18,3,1,25.04177,121.58735,15
500111070,20231029,235,18,3,1,25.04177,121.58735,15
500111070,20231029,236,18,3,1,25.04177,121.58735,15
500111070,20231029,237,18,4,1,25.04177,121.58735,14
500111070,20231029,238,18,4,1,25.04177,121.58735,14
500111070,20231029,239,18,4,1,25.04177,121.58735,14
500111070,20231029,240,18,4,1,25.04177,121.58735,14
500111070,20231029,241,18,4,1,25.04177,121.58735,14
500111070,20231029,242,18,4,1,25.04177,121.58735,14
500111070,20231029,243,18,4,1,25.04177,121.58735,14
500111070,20231029,244,18,4,1,25.04177,121.58735,14
500111070,20231029,245,18,4,1,25.04177,121.58735,14
500111070,20231029,246,18,4,1,25.04177,121.58735,14
500111070,20231029,247,18,3,1,25.04177,121.58735,15
500111070,20231029,248,18,2,1,25.04177,121.58735,16
500111070,20231029,249,18,2,1,25.04177,121.58735,16
500111070,20231029,250,18,2,1,25.04177,121.58735,16
500111070,20231029,251,18,2,1,25.04177,121.58735,16
500111070,20231029,252,18,2,1,25.04177,121.58735,16
500111070,20231029,253,18,1,1,25.04177,121.58735,17
500111070,20231029,254,18,1,1,25.04177,121.58735,17
500111070,20231029,255,18,1,1,25.04177,121.58735,17
500111070,20231029,256,18,1,1,25.04177,121.58735,17
500111070,20231029,257,18,1,1,25.04177,121.58735,17
500111070,20231029,258,18,1,1,25.04177,121.58735,17
500111070,20231029,259,18,1,1,25.04177,121.58735,17
500111070,20231029,261,18,1,1,25.04177,121.58735,17
500111070,20231029,262,18,1,1,25.04177,121.58735,17
500111070,20231029,263,18,1,1,25.04177,121.58735,17
500111070,20231029,264,18,1,1,25.04177,121.58735,17
500111070,20231029,265,18,1,1,25.04177,121.58735,17
500111070,20231029,266,18,1,1,25.04177,121.58735,17
500111070,20231029,267,18,1,1,25.04177,121.58735,17
500111070,20231029,268,18,1,1,25.04177,121.58735,17
500111070,20231029,269,18,1,1,25.04177,121.58735,17
500111070,20231029,270,18,1,1,25.04177,121.58735,17
500111070,20231029,271,18,1,1,25.04177,121.58735,17
500111070,20231029,272,18,1,1,25.04177,121.58735,17
500111070,20231029,273,18,1,1,25.04177,121.58735,17
500111070,20231029,274,18,1,1,25.04177,121.58735,17
500111070,20231029,275,18,1,1,25.04177,121.58735,17
500111070,20231029,276,18,1,1,25.04177,121.58735,17
500111070,20231029,277,18,1,1,25.04177,121.58735,17
500111070,20231029,278,18,1,1,25.04177,121.58735,17
500111070,20231029,279,18,1,1,25.04177,121.58735,17
500111070,20231029,280,18,1,1,25.04177,121.58735,17
500111070,20231029,281,18,1,1,25.04177,121.58735,17
500111070,20231029,282,18,1,1,25.04177,121.58735,17
500111070,20231029,283,18,1,1,25.04177,121.58735,17
500111070,20231029,284,18,1,1,25.04177,121.58735,17
500111070,20231029,285,18,1,1,25.04177,121.58735,17
500111070,20231029,286,18,1,1,25.04177,121.58735,17
500111070,20231029,288,18,1,1,25.04177,121.58735,17
500111070,20231029,289,18,1,1,25.04177,121.58735,17
500111070,20231029,290,18,1,1,25.04177,121.58735,17
500111070,20231029,291,18,1,1,25.04177,121.58735,17
500111070,20231029,292,18,1,1,25.04177,121.58735,17
500111070,20231029,293,18,1,1,25.04177,121.58735,17
500111070,20231029,294,18,1,1,25.04177,121.58735,17
500111070,20231029,295,18,1,1,25.04177,121.58735,17
500111070,20231029,296,18,1,1,25.04177,121.58735,17
500111070,20231029,297,18,1,1,25.04177,121.58735,17
500111070,20231029,298,18,1,1,25.04177,121.58735,17
500111070,20231029,299,18,1,1,25.04177,121.58735,17
500111070,20231029,300,18,1,1,25.04177,121.58735,17
500111070,20231029,301,18,2,1,25.04177,121.58735,16
500111070,20231029,302,18,2,1,25.04177,121.58735,16
500111070,20231029,303,18,2,1,25.04177,121.58735,16
500111070,20231029,304,18,2,1,25.04177,121.58735,16
500111070,20231029,305,18,2,1,25.04177,121.58735,16
500111070,20231029,306,18,2,1,25.04177,121.58735,16
500111070,20231029,307,18,2,1,25.04177,121.58735,16
500111070,20231029,308,18,2,1,25.04177,121.58735,16
500111070,20231029,309,18,2,1,25.04177,121.58735,16
500111070,20231029,310,18,2,1,25.04177,121.58735,16
500111070,20231029,311,18,2,1,25.04177,121.58735,16
500111070,20231029,312,18,1,1,25.04177,121.58735,17
500111070,20231029,313,18,1,1,25.04177,121.58735,17
500111070,20231029,314,18,1,1,25.04177,121.58735,17
500111070,20231029,315,18,1,1,25.04177,121.58735,17
500111070,20231029,316,18,1,1,25.04177,121.58735,17
500111070,20231029,317,18,1,1,25.04177,121.58735,17
500111070,20231029,318,18,1,1,25.04177,121.58735,17
500111070,20231029,319,18,2,1,25.04177,121.58735,16
500111070,20231029,321,18,2,1,25.04177,121.58735,16
500111070,20231029,322,18,2,1,25.04177,121.58735,16
500111070,20231029,323,18,2,1,25.04177,121.58735,16
500111070,20231029,324,18,2,1,25.04177,121.58735,16
500111070,20231029,325,18,2,1,25.04177,121.58735,16
500111070,20231029,326,18,2,1,25.04177,121.58735,16
500111070,20231029,327,18,2,1,25.04177,121.58735,16
500111070,20231029,328,18,2,1,25.04177,121.58735,16
500111070,20231029,329,18,2,1,25.04177,121.58735,16
500111070,20231029,330,18,2,1,25.04177,121.58735,16
500111070,20231029,331,18,2,1,25.04177,121.58735,16
500111070,20231029,332,18,2,1,25.04177,121.58735,16
500111070,20231029,333,18,2,1,25.04177,121.58735,16
500111070,20231029,334,18,2,1,25.04177,121.58735,16
500111070,20231029,335,18,2,1,25.04177,121.58735,16
500111070,20231029,336,18,2,1,25.04177,121.58735,16
500111070,20231029,337,18,2,1,25.04177,121.58735,16
500111070,20231029,338,18,2,1,25.04177,121.58735,16
500111070,20231029,339,18,2,1,25.04177,121.58735,16
500111070,20231029,340,18,2,1,25.04177,121.58735,16
500111070,20231029,341,18,2,1,25.04177,121.58735,16
500111070,20231029,342,18,2,1,25.04177,121.58735,16
500111070,20231029,343,18,2,1,25.04177,121.58735,16
500111070,20231029,344,18,2,1,25.04177,121.58735,16
500111070,20231029,345,18,2,1,25.04177,121.58735,16
500111070,20231029,346,18,2,1,25.04177,121.58735,16
500111070,20231029,347,18,2,1,25.04177,121.58735,16
500111070,20231029,348,18,2,1,25.04177,121.58735,16
500111070,20231029,349,18,2,1,25.04177,121.58735,16
500111070,20231029,350,18,2,1,25.04177,121.58735,16
500111070,20231029,351,18,2,1,25.04177,121.58735,16
500111070,20231029,352,18,2,1,25.04177,121.58735,16
500111070,20231029,353,18,2,1,25.04177,121.58735,16
500111070,20231029,354,18,2,1,25.04177,121.58735,16
500111070,20231029,355,18,2,1,25.04177,121.58735,16
500111070,20231029,356,18,2,1,25.04177,121.58735,16
500111070,20231029,357,18,2,1,25.04177,121.58735,16
500111070,20231029,358,18,3,1,25.04177,121.58735,15
500111070,20231029,359,18,3,1,25.04177,121.58735,15
500111070,20231029,360,18,3,1,25.04177,121.58735,15
500111070,20231029,361,18,3,1,25.04177,121.58735,15
500111070,20231029,362,18,3,1,25.04177,121.58735,15
500111070,20231029,363,18,3,1,25.04177,121.58735,15
500111070,20231029,364,18,3,1,25.04177,121.58735,15
500111070,20231029,365,18,3,1,25.04177,121.58735,15
500111070,20231029,366,18,3,1,25.04177,121.58735,15
500111070,20231029,367,18,3,1,25.04177,121.58735,15
500111070,20231029,368,18,3,1,25.04177,121.58735,15
500111070,20231029,369,18,4,1,25.04177,121.58735,14
500111070,20231029,370,18,5,1,25.04177,121.58735,13
500111070,20231029,371,18,5,1,25.04177,121.58735,13
500111070,20231029,372,18,5,1,25.04177,121.58735,13
500111070,20231029,373,18,5,1,25.04177,121.58735,13
500111070,20231029,374,18,5,1,25.04177,121.58735,13
500111070,20231029,375,18,5,1,25.04177,121.58735,13
500111070,20231029,376,18,5,1,25.04177,121.58735,13
500111070,20231029,377,18,5,1,25.04177,121.58735,13
500111070,20231029,378,18,5,1,25.04177,121.58735,13
500111070,20231029,379,18,5,1,25.04177,121.58735,13
500111070,20231029,381,18,3,1,25.04177,121.58735,15
500111070,20231029,382,18,3,1,25.04177,121.58735,15
500111070,20231029,383,18,3,1,25.04177,121.58735,15
500111070,20231029,384,18,3,1,25.04177,121.58735,15
500111070,20231029,385,18,3,1,25.04177,121.58735,15
500111070,20231029,386,18,3,1,25.04177,121.58735,15
500111070,20231029,387,18,2,1,25.04177,121.58735,16
500111070,20231029,388,18,2,1,25.04177,121.58735,16
500111070,20231029,389,18,2,1,25.04177,121.58735,16
500111070,20231029,391,18,2,1,25.04177,121.58735,16
500111070,20231029,392,18,2,1,25.04177,121.58735,16
500111070,20231029,393,18,2,1,25.04177,121.58735,16
500111070,20231029,394,18,2,1,25.04177,121.58735,16
500111070,20231029,395,18,2,1,25.04177,121.58735,16
500111070,20231029,396,18,2,1,25.04177,121.58735,16
500111070,20231029,397,18,2,1,25.04177,121.58735,16
500111070,20231029,398,18,3,1,25.04177,121.58735,15
500111070,20231029,399,18,3,1,25.04177,121.58735,15
500111070,20231029,400,18,3,1,25.04177,121.58735,15
500111070,20231029,401,18,3,1,25.04177,121.58735,15
500111070,20231029,402,18,3,1,25.04177,121.58735,15
500111070,20231029,403,18,3,1,25.04177,121.58735,15
500111070,20231029,404,18,3,1,25.04177,121.58735,15
500111070,20231029,405,18,3,1,25.04177,121.58735,15
500111070,20231029,406,18,3,1,25.04177,121.58735,15
500111070,20231029,407,18,3,1,25.04177,121.58735,15
500111070,20231029,408,18,3,1,25.04177,121.58735,15
500111070,20231029,409,18,4,1,25.04177,121.58735,14
500111070,20231029,410,18,4,1,25.04177,121.58735,14
500111070,20231029,411,18,4,1,25.04177,121.58735,14
500111070,20231029,412,18,4,1,25.04177,121.58735,14
500111070,20231029,413,18,4,1,25.04177,121.58735,14
500111070,20231029,414,18,4,1,25.04177,121.58735,14
500111070,20231029,415,18,4,1,25.04177,121.58735,14
500111070,20231029,416,18,4,1,25.04177,121.58735,14
500111070,20231029,417,18,4,1,25.04177,121.58735,14
500111070,20231029,418,18,4,1,25.04177,121.58735,14
500111070,20231029,419,18,4,1,25.04177,121.58735,14
500111070,20231029,421,18,4,1,25.04177,121.58735,14
500111070,20231029,422,18,4,1,25.04177,121.58735,14
500111070,20231029,423,18,3,1,25.04177,121.58735,15
500111070,20231029,424,18,3,1,25.04177,121.58735,15
500111070,20231029,425,18,3,1,25.04177,121.58735,15
500111070,20231029,426,18,3,1,25.04177,121.58735,15
500111070,20231029,427,18,3,1,25.04177,121.58735,15
500111070,20231029,428,18,4,1,25.04177,121.58735,14
500111070,20231029,429,18,4,1,25.04177,121.58735,14
500111070,20231029,430,18,4,1,25.04177,121.58735,14
500111070,20231029,431,18,4,1,25.04177,121.58735,14
500111070,20231029,432,18,4,1,25.04177,121.58735,14
500111070,20231029,433,18,4,1,25.04177,121.58735,14
500111070,20231029,434,18,4,1,25.04177,121.58735,14
500111070,20231029,435,18,4,1,25.04177,121.58735,14
500111070,20231029,436,18,4,1,25.04177,121.58735,14
500111070,20231029,437,18,4,1,25.04177,121.58735,14
500111070,20231029,438,18,4,1,25.04177,121.58735,14
500111070,20231029,439,18,4,1,25.04177,121.58735,14
500111070,20231029,441,18,4,1,25.04177,121.58735,14
500111070,20231029,442,18,4,1,25.04177,121.58735,14
500111070,20231029,443,18,4,1,25.04177,121.58735,14
500111070,20231029,444,18,4,1,25.04177,121.58735,14
500111070,20231029,445,18,4,1,25.04177,121.58735,14
500111070,20231029,446,18,4,1,25.04177,121.58735,14
500111070,20231029,447,18,4,1,25.04177,121.58735,14
500111070,20231029,448,18,4,1,25.04177,121.58735,14
500111070,20231029,449,18,4,1,25.04177,121.58735,14
500111070,20231029,450,18,4,1,25.04177,121.58735,14
500111070,20231029,451,18,4,1,25.04177,121.58735,14
500111070,20231029,452,18,4,1,25.04177,121.58735,14
500111070,20231029,453,18,4,1,25.04177,121.58735,14
500111070,20231029,454,18,4,1,25.04177,121.58735,14
500111070,20231029,455,18,4,1,25.04177,121.58735,14
500111070,20231029,456,18,5,1,25.04177,121.58735,13
500111070,20231029,457,18,5,1,25.04177,121.58735,13
500111070,20231029,458,18,5,1,25.04177,121.58735,13
500111070,20231029,459,18,5,1,25.04177,121.58735,13
500111070,20231029,460,18,6,1,25.04177,121.58735,12
500111070,20231029,461,18,6,1,25.04177,121.58735,12
500111070,20231029,462,18,6,1,25.04177,121.58735,12
500111070,20231029,463,18,5,1,25.04177,121.58735,13
500111070,20231029,464,18,4,1,25.04177,121.58735,14
500111070,20231029,465,18,4,1,25.04177,121.58735,14
500111070,20231029,466,18,4,1,25.04177,121.58735,14
500111070,20231029,467,18,4,1,25.04177,121.58735,14
500111070,20231029,468,18,4,1,25.04177,121.58735,14
500111070,20231029,469,18,4,1,25.04177,121.58735,14
500111070,20231029,470,18,4,1,25.04177,121.58735,14
500111070,20231029,471,18,4,1,25.04177,121.58735,14
500111070,20231029,472,18,4,1,25.04177,121.58735,14
500111070,20231029,473,18,4,1,25.04177,121.58735,14
500111070,20231029,474,18,4,1,25.04177,121.58735,14
500111070,20231029,475,18,4,1,25.04177,121.58735,14
500111070,20231029,476,18,5,1,25.04177,121.58735,13
500111070,20231029,477,18,5,1,25.04177,121.58735,13
500111070,20231029,478,18,5,1,25.04177,121.58735,13
500111070,20231029,479,18,6,1,25.04177,121.58735,12
500111070,20231029,481,18,6,1,25.04177,121.58735,12
500111070,20231029,482,18,6,1,25.04177,121.58735,12
500111070,20231029,483,18,6,1,25.04177,121.58735,12
500111070,20231029,484,18,6,1,25.04177,121.58735,12
500111070,20231029,485,18,6,1,25.04177,121.58735,12
500111070,20231029,486,18,6,1,25.04177,121.58735,12
500111070,20231029,487,18,7,1,25.04177,121.58735,11
500111070,20231029,488,18,7,1,25.04177,121.58735,11
500111070,20231029,489,18,7,1,25.04177,121.58735,11
500111070,20231029,490,18,7,1,25.04177,121.58735,11
500111070,20231029,491,18,7,1,25.04177,121.58735,11
500111070,20231029,492,18,7,1,25.04177,121.58735,11
500111070,20231029,493,18,7,1,25.04177,121.58735,11
500111070,20231029,494,18,7,1,25.04177,121.58735,11
500111070,20231029,495,18,7,1,25.04177,121.58735,11
500111070,20231029,496,18,7,1,25.04177,121.58735,11
500111070,20231029,497,18,8,1,25.04177,121.58735,10
500111070,20231029,498,18,8,1,25.04177,121.58735,10
500111070,20231029,499,18,8,1,25.04177,121.58735,10
500111070,20231029,501,18,9,1,25.04177,121.58735,9
500111070,20231029,502,18,9,1,25.04177,121.58735,9
500111070,20231029,503,18,8,1,25.04177,121.58735,10
500111070,20231029,504,18,8,1,25.04177,121.58735,10
500111070,20231029,505,18,8,1,25.04177,121.58735,10
500111070,20231029,506,18,8,1,25.04177,121.58735,10
500111070,20231029,507,18,7,1,25.04177,121.58735,11
500111070,20231029,508,18,7,1,25.04177,121.58735,11
500111070,20231029,509,18,6,1,25.04177,121.58735,12
500111070,20231029,511,18,6,1,25.04177,121.58735,12
500111070,20231029,512,18,6,1,25.04177,121.58735,12
500111070,20231029,513,18,6,1,25.04177,121.58735,12
500111070,20231029,514,18,6,1,25.04177,121.58735,12
500111070,20231029,515,18,6,1,25.04177,121.58735,12
500111070,20231029,516,18,6,1,25.04177,121.58735,12
500111070,20231029,517,18,6,1,25.04177,121.58735,12
500111070,20231029,518,18,6,1,25.04177,121.58735,12
500111070,20231029,519,18,6,1,25.04177,121.58735,12
500111070,20231029,520,18,6,1,25.04177,121.58735,12
500111070,20231029,521,18,6,1,25.04177,121.58735,12
500111070,20231029,522,18,6,1,25.04177,121.58735,12
500111070,20231029,523,18,6,1,25.04177,121.58735,12
500111070,20231029,524,18,6,1,25.04177,121.58735,12
500111070,20231029,525,18,6,1,25.04177,121.58735,12
500111070,20231029,526,18,6,1,25.04177,121.58735,12
500111070,20231029,527,18,6,1,25.04177,121.58735,12
500111070,20231029,528,18,6,1,25.04177,121.58735,12
500111070,20231029,529,18,6,1,25.04177,121.58735,12
500111070,20231029,530,18,6,1,25.04177,121.58735,12
500111070,20231029,531,18,6,1,25.04177,121.58735,12
500111070,20231029,532,18,6,1,25.04177,121.58735,12
500111070,20231029,533,18,6,1,25.04177,121.58735,12
500111070,20231029,534,18,7,1,25.04177,121.58735,11
500111070,20231029,535,18,7,1,25.04177,121.58735,11
500111070,20231029,536,18,7,1,25.04177,121.58735,11
500111070,20231029,537,18,7,1,25.04177,121.58735,11
500111070,20231029,538,18,7,1,25.04177,121.58735,11
500111070,20231029,539,18,7,1,25.04177,121.58735,11
500111070,20231029,541,18,7,1,25.04177,121.58735,11
500111070,20231029,542,18,7,1,25.04177,121.58735,11
500111070,20231029,543,18,7,1,25.04177,121.58735,11
500111070,20231029,544,18,6,1,25.04177,121.58735,12
500111070,20231029,545,18,6,1,25.04177,121.58735,12
500111070,20231029,546,18,8,1,25.04177,121.58735,10
500111070,20231029,547,18,8,1,25.04177,121.58735,10
500111070,20231029,548,18,8,1,25.04177,121.58735,10
500111070,20231029,549,18,8,1,25.04177,121.58735,10
500111070,20231029,550,18,8,1,25.04177,121.58735,10
500111070,20231029,551,18,8,1,25.04177,121.58735,10
500111070,20231029,552,18,8,1,25.04177,121.58735,10
500111070,20231029,553,18,8,1,25.04177,121.58735,10
500111070,20231029,554,18,8,1,25.04177,121.58735,10
500111070,20231029,555,18,8,1,25.04177,121.58735,10
500111070,20231029,556,18,8,1,25.04177,121.58735,10
500111070,20231029,557,18,8,1,25.04177,121.58735,10
500111070,20231029,558,18,8,1,25.04177,121.58735,10
500111070,20231029,559,18,9,1,25.04177,121.58735,9
500111070,20231029,561,18,9,1,25.04177,121.58735,9
500111070,20231029,562,18,9,1,25.04177,121.58735,9
500111070,20231029,563,18,9,1,25.04177,121.58735,9
500111070,20231029,564,18,9,1,25.04177,121.58735,9
500111070,20231029,565,18,9,1,25.04177,121.58735,9
500111070,20231029,566,18,9,1,25.04177,121.58735,9
500111070,20231029,567,18,9,1,25.04177,121.58735,9
500111070,20231029,569,18,6,1,25.04177,121.58735,12
500111070,20231029,571,18,1,1,25.04177,121.58735,17
500111070,20231029,572,18,0,1,25.04177,121.58735,18
500111070,20231029,573,18,0,1,25.04177,121.58735,18
500111070,20231029,574,18,0,1,25.04177,121.58735,18
500111070,20231029,575,18,0,1,25.04177,121.58735,18
500111070,20231029,576,18,1,1,25.04177,121.58735,17
500111070,20231029,577,18,1,1,25.04177,121.58735,17
500111070,20231029,578,18,2,1,25.04177,121.58735,16
500111070,20231029,579,18,2,1,25.04177,121.58735,16
500111070,20231029,580,18,2,1,25.04177,121.58735,16
500111070,20231029,581,18,2,1,25.04177,121.58735,16
500111070,20231029,582,18,2,1,25.04177,121.58735,16
500111070,20231029,583,18,2,1,25.04177,121.58735,16
500111070,20231029,584,18,2,1,25.04177,121.58735,16
500111070,20231029,585,18,2,1,25.04177,121.58735,16
500111070,20231029,586,18,2,1,25.04177,121.58735,16
500111070,20231029,587,18,2,1,25.04177,121.58735,16
500111070,20231029,588,18,2,1,25.04177,121.58735,16
500111070,20231029,589,18,2,1,25.04177,121.58735,16
500111070,20231029,590,18,2,1,25.04177,121.58735,16
500111070,20231029,591,18,2,1,25.04177,121.58735,16
500111070,20231029,592,18,2,1,25.04177,121.58735,16
500111070,20231029,593,18,3,1,25.04177,121.58735,15
500111070,20231029,594,18,3,1,25.04177,121.58735,15
500111070,20231029,595,18,3,1,25.04177,121.58735,15
500111070,20231029,596,18,3,1,25.04177,121.58735,15
500111070,20231029,597,18,3,1,25.04177,121.58735,15
500111070,20231029,598,18,3,1,25.04177,121.58735,15
500111070,20231029,599,18,3,1,25.04177,121.58735,15
500111070,20231029,602,18,3,1,25.04177,121.58735,15
500111070,20231029,603,18,3,1,25.04177,121.58735,15
500111070,20231029,604,18,3,1,25.04177,121.58735,15
500111070,20231029,605,18,3,1,25.04177,121.58735,15
500111070,20231029,606,18,3,1,25.04177,121.58735,15
500111070,20231029,607,18,3,1,25.04177,121.58735,15
500111070,20231029,608,18,5,1,25.04177,121.58735,13
500111070,20231029,609,18,5,1,25.04177,121.58735,13
500111070,20231029,610,18,5,1,25.04177,121.58735,13
500111070,20231029,611,18,6,1,25.04177,121.58735,12
500111070,20231029,612,18,6,1,25.04177,121.58735,12
500111070,20231029,613,18,5,1,25.04177,121.58735,13
500111070,20231029,614,18,5,1,25.04177,121.58735,13
500111070,20231029,615,18,5,1,25.04177,121.58735,13
500111070,20231029,616,18,5,1,25.04177,121.58735,13
500111070,20231029,617,18,5,1,25.04177,121.58735,13
500111070,20231029,618,18,4,1,25.04177,121.58735,14
500111070,20231029,619,18,4,1,25.04177,121.58735,14
500111070,20231029,621,18,3,1,25.04177,121.58735,15
500111070,20231029,622,18,3,1,25.04177,121.58735,15
500111070,20231029,623,18,3,1,25.04177,121.58735,15
500111070,20231029,624,18,3,1,25.04177,121.58735,15
500111070,20231029,625,18,3,1,25.04177,121.58735,15
500111070,20231029,626,18,3,1,25.04177,121.58735,15
500111070,20231029,627,18,3,1,25.04177,121.58735,15
500111070,20231029,628,18,3,1,25.04177,121.58735,15
500111070,20231029,629,18,3,1,25.04177,121.58735,15
500111070,20231029,631,18,4,1,25.04177,121.58735,14
500111070,20231029,632,18,4,1,25.04177,121.58735,14
500111070,20231029,633,18,4,1,25.04177,121.58735,14
500111070,20231029,634,18,4,1,25.04177,121.58735,14
500111070,20231029,635,18,6,1,25.04177,121.58735,12
500111070,20231029,636,18,5,1,25.04177,121.58735,13
500111070,20231029,637,18,5,1,25.04177,121.58735,13
500111070,20231029,638,18,5,1,25.04177,121.58735,13
500111070,20231029,639,18,5,1,25.04177,121.58735,13
500111070,20231029,640,18,5,1,25.04177,121.58735,13
500111070,20231029,641,18,5,1,25.04177,121.58735,13
500111070,20231029,642,18,5,1,25.04177,121.58735,13
500111070,20231029,643,18,5,1,25.04177,121.58735,13
500111070,20231029,644,18,5,1,25.04177,121.58735,13
500111070,20231029,645,18,4,1,25.04177,121.58735,14
500111070,20231029,646,18,4,1,25.04177,121.58735,14
500111070,20231029,647,18,5,1,25.04177,121.58735,13
500111070,20231029,648,18,5,1,25.04177,121.58735,13
500111070,20231029,649,18,5,1,25.04177,121.58735,13
500111070,20231029,650,18,4,1,25.04177,121.58735,14
500111070,20231029,651,18,4,1,25.04177,121.58735,14
500111070,20231029,652,18,4,1,25.04177,121.58735,14
500111070,20231029,653,18,5,1,25.04177,121.58735,13
500111070,20231029,654,18,7,1,25.04177,121.58735,11
500111070,20231029,655,18,7,1,25.04177,121.58735,11
500111070,20231029,656,18,7,1,25.04177,121.58735,11
500111070,20231029,657,18,7,1,25.04177,121.58735,11
500111070,20231029,658,18,7,1,25.04177,121.58735,11
500111070,20231029,659,18,7,1,25.04177,121.58735,11
500111070,20231029,661,18,7,1,25.04177,121.58735,11
500111070,20231029,662,18,7,1,25.04177,121.58735,11
500111070,20231029,663,18,8,1,25.04177,121.58735,10
500111070,20231029,664,18,8,1,25.04177,121.58735,10
500111070,20231029,665,18,8,1,25.04177,121.58735,10
500111070,20231029,666,18,8,1,25.04177,121.58735,10
500111070,20231029,667,18,8,1,25.04177,121.58735,10
500111070,20231029,668,18,8,1,25.04177,121.58735,10
500111070,20231029,669,18,7,1,25.04177,121.58735,11
500111070,20231029,670,18,7,1,25.04177,121.58735,11
500111070,20231029,671,18,7,1,25.04177,121.58735,11
500111070,20231029,672,18,6,1,25.04177,121.58735,12
500111070,20231029,673,18,6,1,25.04177,121.58735,12
500111070,20231029,674,18,6,1,25.04177,121.58735,12
500111070,20231029,675,18,6,1,25.04177,121.58735,12
500111070,20231029,676,18,7,1,25.04177,121.58735,11
500111070,20231029,677,18,7,1,25.04177,121.58735,11
500111070,20231029,678,18,7,1,25.04177,121.58735,11
500111070,20231029,679,18,7,1,25.04177,121.58735,11
500111070,20231029,681,18,7,1,25.04177,121.58735,11
500111070,20231029,682,18,7,1,25.04177,121.58735,11
500111070,20231029,683,18,7,1,25.04177,121.58735,11
500111070,20231029,684,18,7,1,25.04177,121.58735,11
500111070,20231029,685,18,5,1,25.04177,121.58735,13
500111070,20231029,686,18,4,1,25.04177,121.58735,14
500111070,20231029,687,18,3,1,25.04177,121.58735,15
500111070,20231029,688,18,3,1,25.04177,121.58735,15
500111070,20231029,689,18,3,1,25.04177,121.58735,15
500111070,20231029,691,18,3,1,25.04177,121.58735,15
500111070,20231029,692,18,3,1,25.04177,121.58735,15
500111070,20231029,693,18,3,1,25.04177,121.58735,15
500111070,20231029,694,18,3,1,25.04177,121.58735,15
500111070,20231029,695,18,3,1,25.04177,121.58735,15
500111070,20231029,696,18,3,1,25.04177,121.58735,15
500111070,20231029,697,18,3,1,25.04177,121.58735,15
500111070,20231029,698,18,3,1,25.04177,121.58735,15
500111070,20231029,699,18,3,1,25.04177,121.58735,15
500111070,20231029,700,18,3,1,25.04177,121.58735,15
500111070,20231029,701,18,3,1,25.04177,121.58735,15
500111070,20231029,702,18,3,1,25.04177,121.58735,15
500111070,20231029,703,18,3,1,25.04177,121.58735,15
500111070,20231029,704,18,3,1,25.04177,121.58735,15
500111070,20231029,705,18,3,1,25.04177,121.58735,15
500111070,20231029,706,18,3,1,25.04177,121.58735,15
500111070,20231029,707,18,4,1,25.04177,121.58735,14
500111070,20231029,708,18,3,1,25.04177,121.58735,15
500111070,20231029,709,18,3,1,25.04177,121.58735,15
500111070,20231029,710,18,3,1,25.04177,121.58735,15
500111070,20231029,711,18,3,1,25.04177,121.58735,15
500111070,20231029,712,18,4,1,25.04177,121.58735,14
500111070,20231029,713,18,4,1,25.04177,121.58735,14
500111070,20231029,714,18,4,1,25.04177,121.58735,14
500111070,20231029,715,18,3,1,25.04177,121.58735,15
500111070,20231029,716,18,3,1,25.04177,121.58735,15
500111070,20231029,717,18,4,1,25.04177,121.58735,14
500111070,20231029,718,18,4,1,25.04177,121.58735,14
500111070,20231029,719,18,4,1,25.04177,121.58735,14
500111070,20231029,721,18,4,1,25.04177,121.58735,14
500111070,20231029,722,18,4,1,25.04177,121.58735,14
500111070,20231029,723,18,4,1,25.04177,121.58735,14
500111070,20231029,724,18,4,1,25.04177,121.58735,14
500111070,20231029,725,18,7,1,25.04177,121.58735,11
500111070,20231029,726,18,7,1,25.04177,121.58735,11
500111070,20231029,727,18,7,1,25.04177,121.58735,11
500111070,20231029,728,18,7,1,25.04177,121.58735,11
500111070,20231029,729,18,7,1,25.04177,121.58735,11
500111070,20231029,730,18,7,1,25.04177,121.58735,11
500111070,20231029,731,18,7,1,25.04177,121.58735,11
500111070,20231029,732,18,8,1,25.04177,121.58735,10
500111070,20231029,733,18,9,1,25.04177,121.58735,9
500111070,20231029,734,18,10,1,25.04177,121.58735,8
500111070,20231029,735,18,10,1,25.04177,121.58735,8
500111070,20231029,736,18,11,1,25.04177,121.58735,7
500111070,20231029,737,18,11,1,25.04177,121.58735,7
500111070,20231029,738,18,11,1,25.04177,121.58735,7
500111070,20231029,739,18,11,1,25.04177,121.58735,7
500111070,20231029,741,18,13,1,25.04177,121.58735,5
500111070,20231029,742,18,13,1,25.04177,121.58735,5
500111070,20231029,743,18,13,1,25.04177,121.58735,5
500111070,20231029,744,18,13,1,25.04177,121.58735,5
500111070,20231029,745,18,13,1,25.04177,121.58735,5
500111070,20231029,746,18,13,1,25.04177,121.58735,5
500111070,20231029,747,18,13,1,25.04177,121.58735,5
500111070,20231029,748,18,13,1,25.04177,121.58735,5
500111070,20231029,749,18,13,1,25.04177,121.58735,5
500111070,20231029,751,18,13,1,25.04177,121.58735,5
500111070,20231029,752,18,14,1,25.04177,121.58735,4
500111070,20231029,753,18,14,1,25.04177,121.58735,4
500111070,20231029,754,18,15,1,25.04177,121.58735,3
500111070,20231029,755,18,15,1,25.04177,121.58735,3
500111070,20231029,756,18,15,1,25.04177,121.58735,3
500111070,20231029,757,18,15,1,25.04177,121.58735,3
500111070,20231029,758,18,16,1,25.04177,121.58735,2
500111070,20231029,759,18,15,1,25.04177,121.58735,3
500111070,20231029,760,18,15,1,25.04177,121.58735,3
500111070,20231029,761,18,15,1,25.04177,121.58735,3
500111070,20231029,762,18,16,1,25.04177,121.58735,2
500111070,20231029,763,18,16,1,25.04177,121.58735,2
500111070,20231029,764,18,16,1,25.04177,121.58735,2
500111070,20231029,765,18,16,1,25.04177,121.58735,2
500111070,20231029,766,18,16,1,25.04177,121.58735,2
500111070,20231029,767,18,16,1,25.04177,121.58735,2
500111070,20231029,768,18,15,1,25.04177,121.58735,3
500111070,20231029,769,18,15,1,25.04177,121.58735,3
500111070,20231029,770,18,15,1,25.04177,121.58735,3
500111070,20231029,771,18,16,1,25.04177,121.58735,2
500111070,20231029,772,18,17,1,25.04177,121.58735,1
500111070,20231029,773,18,17,1,25.04177,121.58735,1
500111070,20231029,774,18,17,1,25.04177,121.58735,1
500111070,20231029,775,18,17,1,25.04177,121.58735,1
500111070,20231029,776,18,17,1,25.04177,121.58735,1
500111070,20231029,777,18,17,1,25.04177,121.58735,1
500111070,20231029,778,18,17,1,25.04177,121.58735,1
500111070,20231029,779,18,17,1,25.04177,121.58735,1
500111070,20231029,781,18,17,1,25.04177,121.58735,1
500111070,20231029,782,18,17,1,25.04177,121.58735,1
500111070,20231029,783,18,17,1,25.04177,121.58735,1
500111070,20231029,784,18,17,1,25.04177,121.58735,1
500111070,20231029,785,18,17,1,25.04177,121.58735,1
500111070,20231029,786,18,17,1,25.04177,121.58735,1
500111070,20231029,787,18,17,1,25.04177,121.58735,1
500111070,20231029,788,18,17,1,25.04177,121.58735,1
500111070,20231029,789,18,17,1,25.04177,121.58735,1
500111070,20231029,790,18,17,1,25.04177,121.58735,1
500111070,20231029,791,18,17,1,25.04177,121.58735,1
500111070,20231029,792,18,17,1,25.04177,121.58735,1
500111070,20231029,793,18,17,1,25.04177,121.58735,1
500111070,20231029,794,18,17,1,25.04177,121.58735,1
500111070,20231029,795,18,17,1,25.04177,121.58735,1
500111070,20231029,796,18,17,1,25.04177,121.58735,1
500111070,20231029,797,18,17,1,25.04177,121.58735,1
500111070,20231029,798,18,17,1,25.04177,121.58735,1
500111070,20231029,799,18,17,1,25.04177,121.58735,1
500111070,20231029,801,18,17,1,25.04177,121.58735,1
500111070,20231029,802,18,17,1,25.04177,121.58735,1
500111070,20231029,803,18,17,1,25.04177,121.58735,1
500111070,20231029,804,18,17,1,25.04177,121.58735,1
500111070,20231029,805,18,17,1,25.04177,121.58735,1
500111070,20231029,806,18,17,1,25.04177,121.58735,1
500111070,20231029,807,18,17,1,25.04177,121.58735,1
500111070,20231029,808,18,17,1,25.04177,121.58735,1
500111070,20231029,809,18,17,1,25.04177,121.58735,1
500111070,20231029,811,18,17,1,25.04177,121.58735,1
500111070,20231029,812,18,17,1,25.04177,121.58735,1
500111070,20231029,813,18,17,1,25.04177,121.58735,1
500111070,20231029,814,18,17,1,25.04177,121.58735,1
500111070,20231029,815,18,17,1,25.04177,121.58735,1
500111070,20231029,816,18,17,1,25.04177,121.58735,1
500111070,20231029,817,18,17,1,25.04177,121.58735,1
500111070,20231029,818,18,17,1,25.04177,121.58735,1
500111070,20231029,819,18,18,1,25.04177,121.58735,0
500111070,20231029,820,18,18,1,25.04177,121.58735,0
500111070,20231029,821,18,18,1,25.04177,121.58735,0
500111070,20231029,822,18,18,1,25.04177,121.58735,0
500111070,20231029,823,18,18,1,25.04177,121.58735,0
500111070,20231029,824,18,18,1,25.04177,121.58735,0
500111070,20231029,825,18,18,1,25.04177,121.58735,0
500111070,20231029,826,18,18,1,25.04177,121.58735,0
500111070,20231029,827,18,18,1,25.04177,121.58735,0
500111070,20231029,828,18,18,1,25.04177,121.58735,0
500111070,20231029,829,18,18,1,25.04177,121.58735,0
500111070,20231029,830,18,18,1,25.04177,121.58735,0
500111070,20231029,831,18,18,1,25.04177,121.58735,0
500111070,20231029,832,18,18,1,25.04177,121.58735,0
500111070,20231029,833,18,18,1,25.04177,121.58735,0
500111070,20231029,834,18,17,1,25.04177,121.58735,1
500111070,20231029,835,18,17,1,25.04177,121.58735,1
500111070,20231029,836,18,17,1,25.04177,121.58735,1
500111070,20231029,837,18,17,1,25.04177,121.58735,1
500111070,20231029,838,18,16,1,25.04177,121.58735,2
500111070,20231029,839,18,17,1,25.04177,121.58735,1
500111070,20231029,841,18,18,1,25.04177,121.58735,0
500111070,20231029,842,18,18,1,25.04177,121.58735,0
500111070,20231029,843,18,18,1,25.04177,121.58735,0
500111070,20231029,844,18,18,1,25.04177,121.58735,0
500111070,20231029,845,18,18,1,25.04177,121.58735,0
500111070,20231029,846,18,18,1,25.04177,121.58735,0
500111070,20231029,847,18,18,1,25.04177,121.58735,0
500111070,20231029,848,18,18,1,25.04177,121.58735,0
500111070,20231029,849,18,18,1,25.04177,121.58735,0
500111070,20231029,850,18,18,1,25.04177,121.58735,0
500111070,20231029,851,18,18,1,25.04177,121.58735,0
500111070,20231029,852,18,18,1,25.04177,121.58735,0
500111070,20231029,853,18,18,1,25.04177,121.58735,0
500111070,20231029,854,18,17,1,25.04177,121.58735,1
500111070,20231029,855,18,17,1,25.04177,121.58735,1
500111070,20231029,856,18,17,1,25.04177,121.58735,1
500111070,20231029,857,18,17,1,25.04177,121.58735,1
500111070,20231029,858,18,17,1,25.04177,121.58735,1
500111070,20231029,859,18,17,1,25.04177,121.58735,1
500111070,20231029,861,18,17,1,25.04177,121.58735,1
500111070,20231029,862,18,18,1,25.04177,121.58735,0
500111070,20231029,863,18,18,1,25.04177,121.58735,0
500111070,20231029,864,18,18,1,25.04177,121.58735,0
500111070,20231029,865,18,18,1,25.04177,121.58735,0
500111070,20231029,866,18,16,1,25.04177,121.58735,2
500111070,20231029,867,18,16,1,25.04177,121.58735,2
500111070,20231029,868,18,17,1,25.04177,121.58735,1
500111070,20231029,869,18,17,1,25.04177,121.58735,1
500111070,20231029,871,18,17,1,25.04177,121.58735,1
500111070,20231029,872,18,17,1,25.04177,121.58735,1
500111070,20231029,873,18,17,1,25.04177,121.58735,1
500111070,20231029,874,18,17,1,25.04177,121.58735,1
500111070,20231029,875,18,17,1,25.04177,121.58735,1
500111070,20231029,876,18,17,1,25.04177,121.58735,1
500111070,20231029,877,18,16,1,25.04177,121.58735,2
500111070,20231029,878,18,16,1,25.04177,121.58735,2
500111070,20231029,879,18,15,1,25.04177,121.58735,3
500111070,20231029,880,18,15,1,25.04177,121.58735,3
500111070,20231029,881,18,15,1,25.04177,121.58735,3
500111070,20231029,882,18,15,1,25.04177,121.58735,3
500111070,20231029,883,18,16,1,25.04177,121.58735,2
500111070,20231029,884,18,16,1,25.04177,121.58735,2
500111070,20231029,885,18,16,1,25.04177,121.58735,2
500111070,20231029,886,18,16,1,25.04177,121.58735,2
500111070,20231029,887,18,16,1,25.04177,121.58735,2
500111070,20231029,888,18,16,1,25.04177,121.58735,2
500111070,20231029,889,18,16,1,25.04177,121.58735,2
500111070,20231029,890,18,16,1,25.04177,121.58735,2
500111070,20231029,891,18,16,1,25.04177,121.58735,2
500111070,20231029,892,18,16,1,25.04177,121.58735,2
500111070,20231029,893,18,16,1,25.04177,121.58735,2
500111070,20231029,894,18,16,1,25.04177,121.58735,2
500111070,20231029,895,18,16,1,25.04177,121.58735,2
500111070,20231029,896,18,16,1,25.04177,121.58735,2
500111070,20231029,897,18,16,1,25.04177,121.58735,2
500111070,20231029,898,18,16,1,25.04177,121.58735,2
500111070,20231029,899,18,16,1,25.04177,121.58735,2
500111070,20231029,901,18,16,1,25.04177,121.58735,2
500111070,20231029,902,18,16,1,25.04177,121.58735,2
500111070,20231029,903,18,16,1,25.04177,121.58735,2
500111070,20231029,904,18,16,1,25.04177,121.58735,2
500111070,20231029,905,18,16,1,25.04177,121.58735,2
500111070,20231029,906,18,16,1,25.04177,121.58735,2
500111070,20231029,907,18,16,1,25.04177,121.58735,2
500111070,20231029,908,18,16,1,25.04177,121.58735,2
500111070,20231029,909,18,16,1,25.04177,121.58735,2
500111070,20231029,910,18,16,1,25.04177,121.58735,2
500111070,20231029,911,18,16,1,25.04177,121.58735,2
500111070,20231029,912,18,16,1,25.04177,121.58735,2
500111070,20231029,913,18,17,1,25.04177,121.58735,1
500111070,20231029,914,18,17,1,25.04177,121.58735,1
500111070,20231029,915,18,17,1,25.04177,121.58735,1
500111070,20231029,916,18,17,1,25.04177,121.58735,1
500111070,20231029,917,18,17,1,25.04177,121.58735,1
500111070,20231029,918,18,17,1,25.04177,121.58735,1
500111070,20231029,919,18,17,1,25.04177,121.58735,1
500111070,20231029,921,18,18,1,25.04177,121.58735,0
500111070,20231029,922,18,18,1,25.04177,121.58735,0
500111070,20231029,923,18,18,1,25.04177,121.58735,0
500111070,20231029,924,18,18,1,25.04177,121.58735,0
500111070,20231029,925,18,18,1,25.04177,121.58735,0
500111070,20231029,926,18,18,1,25.04177,121.58735,0
500111070,20231029,927,18,17,1,25.04177,121.58735,1
500111070,20231029,928,18,17,1,25.04177,121.58735,1
500111070,20231029,929,18,17,1,25.04177,121.58735,1
500111070,20231029,931,18,16,1,25.04177,121.58735,2
500111070,20231029,932,18,16,1,25.04177,121.58735,2
500111070,20231029,933,18,16,1,25.04177,121.58735,2
500111070,20231029,934,18,16,1,25.04177,121.58735,2
500111070,20231029,935,18,16,1,25.04177,121.58735,2
500111070,20231029,936,18,16,1,25.04177,121.58735,2
500111070,20231029,937,18,16,1,25.04177,121.58735,2
500111070,20231029,938,18,16,1,25.04177,121.58735,2
500111070,20231029,939,18,16,1,25.04177,121.58735,2
500111070,20231029,941,18,16,1,25.04177,121.58735,2
500111070,20231029,942,18,16,1,25.04177,121.58735,2
500111070,20231029,943,18,16,1,25.04177,121.58735,2
500111070,20231029,944,18,16,1,25.04177,121.58735,2
500111070,20231029,945,18,16,1,25.04177,121.58735,2
500111070,20231029,946,18,17,1,25.04177,121.58735,1
500111070,20231029,947,18,17,1,25.04177,121.58735,1
500111070,20231029,948,18,17,1,25.04177,121.58735,1
500111070,20231029,949,18,17,1,25.04177,121.58735,1
500111070,20231029,951,18,17,1,25.04177,121.58735,1
500111070,20231029,952,18,17,1,25.04177,121.58735,1
500111070,20231029,953,18,16,1,25.04177,121.58735,2
500111070,20231029,954,18,16,1,25.04177,121.58735,2
500111070,20231029,955,18,16,1,25.04177,121.58735,2
500111070,20231029,956,18,16,1,25.04177,121.58735,2
500111070,20231029,957,18,16,1,25.04177,121.58735,2
500111070,20231029,958,18,16,1,25.04177,121.58735,2
500111070,20231029,959,18,16,1,25.04177,121.58735,2
500111070,20231029,961,18,16,1,25.04177,121.58735,2
500111070,20231029,962,18,16,1,25.04177,121.58735,2
500111070,20231029,963,18,16,1,25.04177,121.58735,2
500111070,20231029,964,18,16,1,25.04177,121.58735,2
500111070,20231029,965,18,16,1,25.04177,121.58735,2
500111070,20231029,966,18,16,1,25.04177,121.58735,2
500111070,20231029,967,18,17,1,25.04177,121.58735,1
500111070,20231029,968,18,17,1,25.04177,121.58735,1
500111070,20231029,969,18,17,1,25.04177,121.58735,1
500111070,20231029,970,18,17,1,25.04177,121.58735,1
500111070,20231029,971,18,17,1,25.04177,121.58735,1
500111070,20231029,972,18,17,1,25.04177,121.58735,1
500111070,20231029,973,18,17,1,25.04177,121.58735,1
500111070,20231029,974,18,17,1,25.04177,121.58735,1
500111070,20231029,975,18,17,1,25.04177,121.58735,1
500111070,20231029,976,18,17,1,25.04177,121.58735,1
500111070,20231029,977,18,17,1,25.04177,121.58735,1
500111070,20231029,978,18,17,1,25.04177,121.58735,1
500111070,20231029,979,18,16,1,25.04177,121.58735,2
500111070,20231029,981,18,16,1,25.04177,121.58735,2
500111070,20231029,982,18,17,1,25.04177,121.58735,1
500111070,20231029,983,18,17,1,25.04177,121.58735,1
500111070,20231029,984,18,17,1,25.04177,121.58735,1
500111070,20231029,985,18,16,1,25.04177,121.58735,2
500111070,20231029,986,18,17,1,25.04177,121.58735,1
500111070,20231029,987,18,17,1,25.04177,121.58735,1
500111070,20231029,988,18,18,1,25.04177,121.58735,0
500111070,20231029,989,18,18,1,25.04177,121.58735,0
500111070,20231029,991,18,18,1,25.04177,121.58735,0
500111070,20231029,992,18,18,1,25.04177,121.58735,0
500111070,20231029,993,18,18,1,25.04177,121.58735,0
500111070,20231029,994,18,18,1,25.04177,121.58735,0
500111070,20231029,995,18,18,1,25.04177,121.58735,0
500111070,20231029,996,18,18,1,25.04177,121.58735,0
500111070,20231029,997,18,18,1,25.04177,121.58735,0
500111070,20231029,998,18,18,1,25.04177,121.58735,0
500111070,20231029,999,18,18,1,25.04177,121.58735,0
500111070,20231029,1000,18,18,1,25.04177,121.58735,0
500111070,20231029,1001,18,18,1,25.04177,121.58735,0
500111070,20231029,1002,18,17,1,25.04177,121.58735,1
500111070,20231029,1003,18,16,1,25.04177,121.58735,2
500111070,20231029,1004,18,17,1,25.04177,121.58735,1
500111070,20231029,1005,18,17,1,25.04177,121.58735,1
500111070,20231029,1006,18,16,1,25.04177,121.58735,2
500111070,20231029,1007,18,16,1,25.04177,121.58735,2
500111070,20231029,1008,18,16,1,25.04177,121.58735,2
500111070,20231029,1009,18,16,1,25.04177,121.58735,2
500111070,20231029,1010,18,16,1,25.04177,121.58735,2
500111070,20231029,1011,18,16,1,25.04177,121.58735,2
500111070,20231029,1012,18,16,1,25.04177,121.58735,2
500111070,20231029,1013,18,16,1,25.04177,121.58735,2
500111070,20231029,1014,18,16,1,25.04177,121.58735,2
500111070,20231029,1015,18,16,1,25.04177,121.58735,2
500111070,20231029,1016,18,16,1,25.04177,121.58735,2
500111070,20231029,1017,18,16,1,25.04177,121.58735,2
500111070,20231029,1018,18,17,1,25.04177,121.58735,1
500111070,20231029,1019,18,17,1,25.04177,121.58735,1
500111070,20231029,1021,18,17,1,25.04177,121.58735,1
500111070,20231029,1022,18,17,1,25.04177,121.58735,1
500111070,20231029,1023,18,17,1,25.04177,121.58735,1
500111070,20231029,1024,18,17,1,25.04177,121.58735,1
500111070,20231029,1025,18,17,1,25.04177,121.58735,1
500111070,20231029,1026,18,17,1,25.04177,121.58735,1
500111070,20231029,1027,18,17,1,25.04177,121.58735,1
500111070,20231029,1028,18,17,1,25.04177,121.58735,1
500111070,20231029,1029,18,17,1,25.04177,121.58735,1
500111070,20231029,1030,18,17,1,25.04177,121.58735,1
500111070,20231029,1031,18,16,1,25.04177,121.58735,2
500111070,20231029,1032,18,16,1,25.04177,121.58735,2
500111070,20231029,1033,18,18,1,25.04177,121.58735,0
500111070,20231029,1034,18,18,1,25.04177,121.58735,0
500111070,20231029,1035,18,18,1,25.04177,121.58735,0
500111070,20231029,1036,18,18,1,25.04177,121.58735,0
500111070,20231029,1037,18,18,1,25.04177,121.58735,0
500111070,20231029,1038,18,18,1,25.04177,121.58735,0
500111070,20231029,1039,18,18,1,25.04177,121.58735,0
500111070,20231029,1041,18,18,1,25.04177,121.58735,0
500111070,20231029,1042,18,16,1,25.04177,121.58735,2
500111070,20231029,1043,18,15,1,25.04177,121.58735,3
500111070,20231029,1044,18,15,1,25.04177,121.58735,3
500111070,20231029,1045,18,16,1,25.04177,121.58735,2
500111070,20231029,1046,18,16,1,25.04177,121.58735,2
500111070,20231029,1047,18,15,1,25.04177,121.58735,3
500111070,20231029,1048,18,14,1,25.04177,121.58735,4
500111070,20231029,1049,18,14,1,25.04177,121.58735,4
500111070,20231029,1051,18,14,1,25.04177,121.58735,4
500111070,20231029,1052,18,14,1,25.04177,121.58735,4
500111070,20231029,1053,18,14,1,25.04177,121.58735,4
500111070,20231029,1054,18,14,1,25.04177,121.58735,4
500111070,20231029,1055,18,14,1,25.04177,121.58735,4
500111070,20231029,1056,18,13,1,25.04177,121.58735,5
500111070,20231029,1057,18,13,1,25.04177,121.58735,5
500111070,20231029,1058,18,13,1,25.04177,121.58735,5
500111070,20231029,1059,18,13,1,25.04177,121.58735,5
500111070,20231029,1060,18,14,1,25.04177,121.58735,4
500111070,20231029,1061,18,14,1,25.04177,121.58735,4
500111070,20231029,1062,18,14,1,25.04177,121.58735,4
500111070,20231029,1063,18,14,1,25.04177,121.58735,4
500111070,20231029,1064,18,14,1,25.04177,121.58735,4
500111070,20231029,1065,18,14,1,25.04177,121.58735,4
500111070,20231029,1066,18,13,1,25.04177,121.58735,5
500111070,20231029,1067,18,13,1,25.04177,121.58735,5
500111070,20231029,1068,18,13,1,25.04177,121.58735,5
500111070,20231029,1069,18,12,1,25.04177,121.58735,6
500111070,20231029,1070,18,11,1,25.04177,121.58735,7
500111070,20231029,1071,18,11,1,25.04177,121.58735,7
500111070,20231029,1072,18,11,1,25.04177,121.58735,7
500111070,20231029,1073,18,11,1,25.04177,121.58735,7
500111070,20231029,1074,18,11,1,25.04177,121.58735,7
500111070,20231029,1075,18,11,1,25.04177,121.58735,7
500111070,20231029,1076,18,9,1,25.04177,121.58735,9
500111070,20231029,1077,18,9,1,25.04177,121.58735,9
500111070,20231029,1078,18,9,1,25.04177,121.58735,9
500111070,20231029,1079,18,10,1,25.04177,121.58735,8
500111070,20231029,1081,18,10,1,25.04177,121.58735,8
500111070,20231029,1082,18,10,1,25.04177,121.58735,8
500111070,20231029,1083,18,10,1,25.04177,121.58735,8
500111070,20231029,1084,18,10,1,25.04177,121.58735,8
500111070,20231029,1085,18,11,1,25.04177,121.58735,7
500111070,20231029,1086,18,11,1,25.04177,121.58735,7
500111070,20231029,1087,18,10,1,25.04177,121.58735,8
500111070,20231029,1088,18,10,1,25.04177,121.58735,8
500111070,20231029,1089,18,10,1,25.04177,121.58735,8
500111070,20231029,1090,18,10,1,25.04177,121.58735,8
500111070,20231029,1091,18,10,1,25.04177,121.58735,8
500111070,20231029,1092,18,10,1,25.04177,121.58735,8
500111070,20231029,1093,18,10,1,25.04177,121.58735,8
500111070,20231029,1094,18,10,1,25.04177,121.58735,8
500111070,20231029,1095,18,10,1,25.04177,121.58735,8
500111070,20231029,1096,18,10,1,25.04177,121.58735,8
500111070,20231029,1097,18,10,1,25.04177,121.58735,8
500111070,20231029,1098,18,10,1,25.04177,121.58735,8
500111070,20231029,1099,18,10,1,25.04177,121.58735,8
500111070,20231029,1101,18,10,1,25.04177,121.58735,8
500111070,20231029,1102,18,10,1,25.04177,121.58735,8
500111070,20231029,1103,18,10,1,25.04177,121.58735,8
500111070,20231029,1104,18,10,1,25.04177,121.58735,8
500111070,20231029,1105,18,10,1,25.04177,121.58735,8
500111070,20231029,1106,18,10,1,25.04177,121.58735,8
500111070,20231029,1107,18,10,1,25.04177,121.58735,8
500111070,20231029,1108,18,11,1,25.04177,121.58735,7
500111070,20231029,1109,18,11,1,25.04177,121.58735,7
500111070,20231029,1111,18,12,1,25.04177,121.58735,6
500111070,20231029,1112,18,12,1,25.04177,121.58735,6
500111070,20231029,1113,18,12,1,25.04177,121.58735,6
500111070,20231029,1114,18,12,1,25.04177,121.58735,6
500111070,20231029,1115,18,12,1,25.04177,121.58735,6
500111070,20231029,1116,18,12,1,25.04177,121.58735,6
500111070,20231029,1117,18,12,1,25.04177,121.58735,6
500111070,20231029,1118,18,12,1,25.04177,121.58735,6
500111070,20231029,1119,18,12,1,25.04177,121.58735,6
500111070,20231029,1120,18,12,1,25.04177,121.58735,6
500111070,20231029,1121,18,12,1,25.04177,121.58735,6
500111070,20231029,1122,18,12,1,25.04177,121.58735,6
500111070,20231029,1123,18,12,1,25.04177,121.58735,6
500111070,20231029,1124,18,12,1,25.04177,121.58735,6
500111070,20231029,1125,18,12,1,25.04177,121.58735,6
500111070,20231029,1126,18,12,1,25.04177,121.58735,6
500111070,20231029,1127,18,12,1,25.04177,121.58735,6
500111070,20231029,1128,18,12,1,25.04177,121.58735,6
500111070,20231029,1129,18,13,1,25.04177,121.58735,5
500111070,20231029,1130,18,14,1,25.04177,121.58735,4
500111070,20231029,1131,18,14,1,25.04177,121.58735,4
500111070,20231029,1132,18,14,1,25.04177,121.58735,4
500111070,20231029,1133,18,15,1,25.04177,121.58735,3
500111070,20231029,1134,18,15,1,25.04177,121.58735,3
500111070,20231029,1135,18,15,1,25.04177,121.58735,3
500111070,20231029,1137,18,15,1,25.04177,121.58735,3
500111070,20231029,1138,18,15,1,25.04177,121.58735,3
500111070,20231029,1139,18,15,1,25.04177,121.58735,3
500111070,20231029,1141,18,15,1,25.04177,121.58735,3
500111070,20231029,1142,18,15,1,25.04177,121.58735,3
500111070,20231029,1143,18,15,1,25.04177,121.58735,3
500111070,20231029,1144,18,15,1,25.04177,121.58735,3
500111070,20231029,1145,18,15,1,25.04177,121.58735,3
500111070,20231029,1146,18,15,1,25.04177,121.58735,3
500111070,20231029,1147,18,16,1,25.04177,121.58735,2
500111070,20231029,1148,18,16,1,25.04177,121.58735,2
500111070,20231029,1149,18,16,1,25.04177,121.58735,2
500111070,20231029,1151,18,16,1,25.04177,121.58735,2
500111070,20231029,1152,18,16,1,25.04177,121.58735,2
500111070,20231029,1153,18,16,1,25.04177,121.58735,2
500111070,20231029,1154,18,16,1,25.04177,121.58735,2
500111070,20231029,1155,18,16,1,25.04177,121.58735,2
500111070,20231029,1156,18,16,1,25.04177,121.58735,2
500111070,20231029,1157,18,16,1,25.04177,121.58735,2
500111070,20231029,1158,18,16,1,25.04177,121.58735,2
500111070,20231029,1159,18,16,1,25.04177,121.58735,2
500111070,20231029,1161,18,16,1,25.04177,121.58735,2
500111070,20231029,1162,18,16,1,25.04177,121.58735,2
500111070,20231029,1163,18,17,1,25.04177,121.58735,1
500111070,20231029,1164,18,18,1,25.04177,121.58735,0
500111070,20231029,1165,18,18,1,25.04177,121.58735,0
500111070,20231029,1166,18,18,1,25.04177,121.58735,0
500111070,20231029,1167,18,18,1,25.04177,121.58735,0
500111070,20231029,1168,18,18,1,25.04177,121.58735,0
500111070,20231029,1169,18,18,1,25.04177,121.58735,0
500111070,20231029,1171,18,18,1,25.04177,121.58735,0
500111070,20231029,1172,18,18,1,25.04177,121.58735,0
500111070,20231029,1173,18,18,1,25.04177,121.58735,0
500111070,20231029,1174,18,18,1,25.04177,121.58735,0
500111070,20231029,1175,18,18,1,25.04177,121.58735,0
500111070,20231029,1176,18,18,1,25.04177,121.58735,0
500111070,20231029,1177,18,18,1,25.04177,121.58735,0
500111070,20231029,1178,18,18,1,25.04177,121.58735,0
500111070,20231029,1179,18,18,1,25.04177,121.58735,0
500111070,20231029,1181,18,18,1,25.04177,121.58735,0
500111070,20231029,1182,18,18,1,25.04177,121.58735,0
500111070,20231029,1183,18,18,1,25.04177,121.58735,0
500111070,20231029,1184,18,18,1,25.04177,121.58735,0
500111070,20231029,1185,18,18,1,25.04177,121.58735,0
500111070,20231029,1186,18,18,1,25.04177,121.58735,0
500111070,20231029,1187,18,18,1,25.04177,121.58735,0
500111070,20231029,1188,18,18,1,25.04177,121.58735,0
500111070,20231029,1189,18,17,1,25.04177,121.58735,1
500111070,20231029,1191,18,17,1,25.04177,121.58735,1
500111070,20231029,1192,18,18,1,25.04177,121.58735,0
500111070,20231029,1193,18,18,1,25.04177,121.58735,0
500111070,20231029,1194,18,18,1,25.04177,121.58735,0
500111070,20231029,1195,18,18,1,25.04177,121.58735,0
500111070,20231029,1196,18,18,1,25.04177,121.58735,0
500111070,20231029,1197,18,18,1,25.04177,121.58735,0
500111070,20231029,1198,18,18,1,25.04177,121.58735,0
500111070,20231029,1199,18,18,1,25.04177,121.58735,0
500111070,20231029,1201,18,18,1,25.04177,121.58735,0
500111070,20231029,1202,18,18,1,25.04177,121.58735,0
500111070,20231029,1203,18,18,1,25.04177,121.58735,0
500111070,20231029,1204,18,18,1,25.04177,121.58735,0
500111070,20231029,1205,18,18,1,25.04177,121.58735,0
500111070,20231029,1206,18,18,1,25.04177,121.58735,0
500111070,20231029,1207,18,17,1,25.04177,121.58735,1
500111070,20231029,1208,18,17,1,25.04177,121.58735,1
500111070,20231029,1209,18,17,1,25.04177,121.58735,1
500111070,20231029,1211,18,17,1,25.04177,121.58735,1
500111070,20231029,1212,18,16,1,25.04177,121.58735,2
500111070,20231029,1213,18,16,1,25.04177,121.58735,2
500111070,20231029,1214,18,16,1,25.04177,121.58735,2
500111070,20231029,1215,18,16,1,25.04177,121.58735,2
500111070,20231029,1216,18,16,1,25.04177,121.58735,2
500111070,20231029,1217,18,16,1,25.04177,121.58735,2
500111070,20231029,1218,18,16,1,25.04177,121.58735,2
500111070,20231029,1219,18,16,1,25.04177,121.58735,2
500111070,20231029,1221,18,18,1,25.04177,121.58735,0
500111070,20231029,1222,18,18,1,25.04177,121.58735,0
500111070,20231029,1223,18,18,1,25.04177,121.58735,0
500111070,20231029,1224,18,18,1,25.04177,121.58735,0
500111070,20231029,1225,18,18,1,25.04177,121.58735,0
500111070,20231029,1226,18,17,1,25.04177,121.58735,1
500111070,20231029,1227,18,17,1,25.04177,121.58735,1
500111070,20231029,1228,18,17,1,25.04177,121.58735,1
500111070,20231029,1229,18,17,1,25.04177,121.58735,1
500111070,20231029,1231,18,16,1,25.04177,121.58735,2
500111070,20231029,1232,18,16,1,25.04177,121.58735,2
500111070,20231029,1233,18,16,1,25.04177,121.58735,2
500111070,20231029,1234,18,16,1,25.04177,121.58735,2
500111070,20231029,1235,18,17,1,25.04177,121.58735,1
500111070,20231029,1236,18,17,1,25.04177,121.58735,1
500111070,20231029,1237,18,17,1,25.04177,121.58735,1
500111070,20231029,1238,18,17,1,25.04177,121.58735,1
500111070,20231029,1239,18,17,1,25.04177,121.58735,1
500111070,20231029,1241,18,17,1,25.04177,121.58735,1
500111070,20231029,1242,18,18,1,25.04177,121.58735,0
500111070,20231029,1243,18,18,1,25.04177,121.58735,0
500111070,20231029,1244,18,18,1,25.04177,121.58735,0
500111070,20231029,1245,18,18,1,25.04177,121.58735,0
500111070,20231029,1246,18,18,1,25.04177,121.58735,0
500111070,20231029,1247,18,18,1,25.04177,121.58735,0
500111070,20231029,1248,18,18,1,25.04177,121.58735,0
500111070,20231029,1249,18,18,1,25.04177,121.58735,0
500111070,20231029,1251,18,18,1,25.04177,121.58735,0
500111070,20231029,1252,18,18,1,25.04177,121.58735,0
500111070,20231029,1253,18,18,1,25.04177,121.58735,0
500111070,20231029,1254,18,18,1,25.04177,121.58735,0
500111070,20231029,1255,18,18,1,25.04177,121.58735,0
500111070,20231029,1256,18,18,1,25.04177,121.58735,0
500111070,20231029,1257,18,18,1,25.04177,121.58735,0
500111070,20231029,1258,18,18,1,25.04177,121.58735,0
500111070,20231029,1259,18,17,1,25.04177,121.58735,1
500111070,20231029,1261,18,17,1,25.04177,121.58735,1
500111070,20231029,1262,18,17,1,25.04177,121.58735,1
500111070,20231029,1263,18,17,1,25.04177,121.58735,1
500111070,20231029,1264,18,16,1,25.04177,121.58735,2
500111070,20231029,1265,18,16,1,25.04177,121.58735,2
500111070,20231029,1266,18,16,1,25.04177,121.58735,2
500111070,20231029,1267,18,16,1,25.04177,121.58735,2
500111070,20231029,1268,18,17,1,25.04177,121.58735,1
500111070,20231029,1269,18,17,1,25.04177,121.58735,1
500111070,20231029,1270,18,17,1,25.04177,121.58735,1
500111070,20231029,1271,18,17,1,25.04177,121.58735,1
500111070,20231029,1272,18,17,1,25.04177,121.58735,1
500111070,20231029,1273,18,16,1,25.04177,121.58735,2
500111070,20231029,1274,18,15,1,25.04177,121.58735,3
500111070,20231029,1275,18,15,1,25.04177,121.58735,3
500111070,20231029,1276,18,15,1,25.04177,121.58735,3
500111070,20231029,1277,18,15,1,25.04177,121.58735,3
500111070,20231029,1278,18,14,1,25.04177,121.58735,4
500111070,20231029,1279,18,13,1,25.04177,121.58735,5
500111070,20231029,1281,18,13,1,25.04177,121.58735,5
500111070,20231029,1282,18,13,1,25.04177,121.58735,5
500111070,20231029,1283,18,13,1,25.04177,121.58735,5
500111070,20231029,1284,18,13,1,25.04177,121.58735,5
500111070,20231029,1285,18,13,1,25.04177,121.58735,5
500111070,20231029,1286,18,13,1,25.04177,121.58735,5
500111070,20231029,1287,18,13,1,25.04177,121.58735,5
500111070,20231029,1288,18,13,1,25.04177,121.58735,5
500111070,20231029,1289,18,13,1,25.04177,121.58735,5
500111070,20231029,1290,18,13,1,25.04177,121.58735,5
500111070,20231029,1291,18,13,1,25.04177,121.58735,5
500111070,20231029,1292,18,13,1,25.04177,121.58735,5
500111070,20231029,1293,18,13,1,25.04177,121.58735,5
500111070,20231029,1294,18,13,1,25.04177,121.58735,5
500111070,20231029,1295,18,13,1,25.04177,121.58735,5
500111070,20231029,1296,18,13,1,25.04177,121.58735,5
500111070,20231029,1297,18,13,1,25.04177,121.58735,5
500111070,20231029,1298,18,13,1,25.04177,121.58735,5
500111070,20231029,1299,18,13,1,25.04177,121.58735,5
500111070,20231029,1300,18,13,1,25.04177,121.58735,5
500111070,20231029,1301,18,13,1,25.04177,121.58735,5
500111070,20231029,1302,18,11,1,25.04177,121.58735,7
500111070,20231029,1303,18,11,1,25.04177,121.58735,7
500111070,20231029,1304,18,11,1,25.04177,121.58735,7
500111070,20231029,1305,18,11,1,25.04177,121.58735,7
500111070,20231029,1306,18,11,1,25.04177,121.58735,7
500111070,20231029,1307,18,11,1,25.04177,121.58735,7
500111070,20231029,1308,18,9,1,25.04177,121.58735,9
500111070,20231029,1309,18,8,1,25.04177,121.58735,10
500111070,20231029,1310,18,8,1,25.04177,121.58735,10
500111070,20231029,1311,18,8,1,25.04177,121.58735,10
500111070,20231029,1312,18,8,1,25.04177,121.58735,10
500111070,20231029,1313,18,8,1,25.04177,121.58735,10
500111070,20231029,1314,18,7,1,25.04177,121.58735,11
500111070,20231029,1315,18,7,1,25.04177,121.58735,11
500111070,20231029,1316,18,7,1,25.04177,121.58735,11
500111070,20231029,1317,18,7,1,25.04177,121.58735,11
500111070,20231029,1318,18,7,1,25.04177,121.58735,11
500111070,20231029,1319,18,6,1,25.04177,121.58735,12
500111070,20231029,1321,18,7,1,25.04177,121.58735,11
500111070,20231029,1322,18,7,1,25.04177,121.58735,11
500111070,20231029,1323,18,7,1,25.04177,121.58735,11
500111070,20231029,1324,18,7,1,25.04177,121.58735,11
500111070,20231029,1325,18,7,1,25.04177,121.58735,11
500111070,20231029,1326,18,7,1,25.04177,121.58735,11
500111070,20231029,1327,18,7,1,25.04177,121.58735,11
500111070,20231029,1328,18,7,1,25.04177,121.58735,11
500111070,20231029,1329,18,7,1,25.04177,121.58735,11
500111070,20231029,1330,18,6,1,25.04177,121.58735,12
500111070,20231029,1331,18,6,1,25.04177,121.58735,12
500111070,20231029,1332,18,5,1,25.04177,121.58735,13
500111070,20231029,1333,18,5,1,25.04177,121.58735,13
500111070,20231029,1334,18,5,1,25.04177,121.58735,13
500111070,20231029,1335,18,5,1,25.04177,121.58735,13
500111070,20231029,1336,18,5,1,25.04177,121.58735,13
500111070,20231029,1337,18,5,1,25.04177,121.58735,13
500111070,20231029,1338,18,5,1,25.04177,121.58735,13
500111070,20231029,1339,18,5,1,25.04177,121.58735,13
500111070,20231029,1341,18,5,1,25.04177,121.58735,13
500111070,20231029,1342,18,5,1,25.04177,121.58735,13
500111070,20231029,1343,18,4,1,25.04177,121.58735,14
500111070,20231029,1344,18,3,1,25.04177,121.58735,15
500111070,20231029,1345,18,3,1,25.04177,121.58735,15
500111070,20231029,1346,18,3,1,25.04177,121.58735,15
500111070,20231029,1347,18,3,1,25.04177,121.58735,15
500111070,20231029,1348,18,3,1,25.04177,121.58735,15
500111070,20231029,1349,18,3,1,25.04177,121.58735,15
500111070,20231029,1350,18,3,1,25.04177,121.58735,15
500111070,20231029,1351,18,2,1,25.04177,121.58735,16
500111070,20231029,1352,18,2,1,25.04177,121.58735,16
500111070,20231029,1353,18,2,1,25.04177,121.58735,16
500111070,20231029,1354,18,2,1,25.04177,121.58735,16
500111070,20231029,1355,18,2,1,25.04177,121.58735,16
500111070,20231029,1356,18,2,1,25.04177,121.58735,16
500111070,20231029,1357,18,2,1,25.04177,121.58735,16
500111070,20231029,1358,18,2,1,25.04177,121.58735,16
500111070,20231029,1359,18,2,1,25.04177,121.58735,16
500111070,20231029,1360,18,2,1,25.04177,121.58735,16
500111070,20231029,1361,18,2,1,25.04177,121.58735,16
500111070,20231029,1362,18,1,1,25.04177,121.58735,17
500111070,20231029,1363,18,1,1,25.04177,121.58735,17
500111070,20231029,1364,18,1,1,25.04177,121.58735,17
500111070,20231029,1365,18,1,1,25.04177,121.58735,17
500111070,20231029,1366,18,1,1,25.04177,121.58735,17
500111070,20231029,1367,18,1,1,25.04177,121.58735,17
500111070,20231029,1368,18,1,1,25.04177,121.58735,17
500111070,20231029,1369,18,1,1,25.04177,121.58735,17
500111070,20231029,1370,18,1,1,25.04177,121.58735,17
500111070,20231029,1371,18,1,1,25.04177,121.58735,17
500111070,20231029,1372,18,1,1,25.04177,121.58735,17
500111070,20231029,1373,18,2,1,25.04177,121.58735,16
500111070,20231029,1374,18,2,1,25.04177,121.58735,16
500111070,20231029,1375,18,2,1,25.04177,121.58735,16
500111070,20231029,1376,18,2,1,25.04177,121.58735,16
500111070,20231029,1377,18,2,1,25.04177,121.58735,16
500111070,20231029,1378,18,2,1,25.04177,121.58735,16
500111070,20231029,1379,18,2,1,25.04177,121.58735,16
500111070,20231029,1381,18,2,1,25.04177,121.58735,16
500111070,20231029,1382,18,2,1,25.04177,121.58735,16
500111070,20231029,1383,18,2,1,25.04177,121.58735,16
500111070,20231029,1384,18,2,1,25.04177,121.58735,16
500111070,20231029,1385,18,2,1,25.04177,121.58735,16
500111070,20231029,1386,18,2,1,25.04177,121.58735,16
500111070,20231029,1387,18,2,1,25.04177,121.58735,16
500111070,20231029,1388,18,2,1,25.04177,121.58735,16
500111070,20231029,1389,18,2,1,25.04177,121.58735,16
500111070,20231029,1390,18,2,1,25.04177,121.58735,16
500111070,20231029,1391,18,2,1,25.04177,121.58735,16
500111070,20231029,1392,18,1,1,25.04177,121.58735,17
500111070,20231029,1393,18,1,1,25.04177,121.58735,17
500111070,20231029,1394,18,1,1,25.04177,121.58735,17
500111070,20231029,1395,18,1,1,25.04177,121.58735,17
500111070,20231029,1396,18,1,1,25.04177,121.58735,17
500111070,20231029,1397,18,1,1,25.04177,121.58735,17
500111070,20231029,1398,18,1,1,25.04177,121.58735,17
500111070,20231029,1399,18,1,1,25.04177,121.58735,17
500111070,20231029,1401,18,1,1,25.04177,121.58735,17
500111070,20231029,1402,18,0,1,25.04177,121.58735,18
500111070,20231029,1403,18,0,1,25.04177,121.58735,18
500111070,20231029,1404,18,0,1,25.04177,121.58735,18
500111070,20231029,1405,18,0,1,25.04177,121.58735,18
500111070,20231029,1406,18,0,1,25.04177,121.58735,18
500111070,20231029,1407,18,0,1,25.04177,121.58735,18
500111070,20231029,1408,18,0,1,25.04177,121.58735,18
500111070,20231029,1409,18,0,1,25.04177,121.58735,18
500111070,20231029,1410,18,0,1,25.04177,121.58735,18
500111070,20231029,1411,18,0,1,25.04177,121.58735,18
500111070,20231029,1412,18,0,1,25.04177,121.58735,18
500111070,20231029,1413,18,0,1,25.04177,121.58735,18
500111070,20231029,1414,18,0,1,25.04177,121.58735,18
500111070,20231029,1415,18,7,1,25.04177,121.58735,11
500111070,20231029,1416,18,7,1,25.04177,121.58735,11
500111070,20231029,1417,18,7,1,25.04177,121.58735,11
500111070,20231029,1418,18,7,1,25.04177,121.58735,11
500111070,20231029,1419,18,11,1,25.04177,121.58735,7
500111070,20231029,1420,18,11,1,25.04177,121.58735,7
500111070,20231029,1421,18,13,1,25.04177,121.58735,5
500111070,20231029,1422,18,13,1,25.04177,121.58735,5
500111070,20231029,1423,18,13,1,25.04177,121.58735,5
500111070,20231029,1425,18,13,1,25.04177,121.58735,5
500111070,20231029,1426,18,13,1,25.04177,121.58735,5
500111070,20231029,1427,18,13,1,25.04177,121.58735,5
500111070,20231029,1428,18,13,1,25.04177,121.58735,5
500111070,20231029,1429,18,13,1,25.04177,121.58735,5
500111070,20231029,1431,18,12,1,25.04177,121.58735,6
500111070,20231029,1432,18,12,1,25.04177,121.58735,6
500111070,20231029,1433,18,11,1,25.04177,121.58735,7
500111070,20231029,1434,18,11,1,25.04177,121.58735,7
500111070,20231029,1435,18,11,1,25.04177,121.58735,7
500111070,20231029,1436,18,11,1,25.04177,121.58735,7
500111070,20231029,1437,18,11,1,25.04177,121.58735,7
500111070,20231029,1438,18,11,1,25.04177,121.58735,7
500111070,20231029,1439,18,11,1,25.04177,121.58735,7
500111070,20231030,1,18,11,1,25.04177,121.58735,7
500111070,20231030,2,18,11,1,25.04177,121.58735,7
500111070,20231030,3,18,11,1,25.04177,121.58735,7
500111070,20231030,4,18,11,1,25.04177,121.58735,7
500111070,20231030,5,18,12,1,25.04177,121.58735,6
500111070,20231030,6,18,12,1,25.04177,121.58735,6
500111070,20231030,7,18,12,1,25.04177,121.58735,6
500111070,20231030,8,18,11,1,25.04177,121.58735,7
500111070,20231030,9,18,11,1,25.04177,121.58735,7
500111070,20231030,11,18,11,1,25.04177,121.58735,7
500111070,20231030,12,18,11,1,25.04177,121.58735,7
500111070,20231030,13,18,11,1,25.04177,121.58735,7
500111070,20231030,14,18,11,1,25.04177,121.58735,7
500111070,20231030,15,18,11,1,25.04177,121.58735,7
500111070,20231030,16,18,11,1,25.04177,121.58735,7
500111070,20231030,17,18,11,1,25.04177,121.58735,7
500111070,20231030,18,18,11,1,25.04177,121.58735,7
500111070,20231030,19,18,11,1,25.04177,121.58735,7
500111070,20231030,21,18,11,1,25.04177,121.58735,7
500111070,20231030,22,18,11,1,25.04177,121.58735,7
500111070,20231030,23,18,11,1,25.04177,121.58735,7
500111070,20231030,24,18,11,1,25.04177,121.58735,7
500111070,20231030,25,18,11,1,25.04177,121.58735,7
500111070,20231030,26,18,11,1,25.04177,121.58735,7
500111070,20231030,27,18,11,1,25.04177,121.58735,7
500111070,20231030,28,18,11,1,25.04177,121.58735,7
500111070,20231030,29,18,11,1,25.04177,121.58735,7
500111070,20231030,31,18,11,1,25.04177,121.58735,7
500111070,20231030,32,18,11,1,25.04177,121.58735,7
500111070,20231030,33,18,11,1,25.04177,121.58735,7
500111070,20231030,34,18,11,1,25.04177,121.58735,7
500111070,20231030,35,18,11,1,25.04177,121.58735,7
500111070,20231030,36,18,11,1,25.04177,121.58735,7
500111070,20231030,37,18,11,1,25.04177,121.58735,7
500111070,20231030,38,18,11,1,25.04177,121.58735,7
500111070,20231030,39,18,11,1,25.04177,121.58735,7
500111070,20231030,41,18,11,1,25.04177,121.58735,7
500111070,20231030,42,18,11,1,25.04177,121.58735,7
500111070,20231030,43,18,11,1,25.04177,121.58735,7
500111070,20231030,44,18,11,1,25.04177,121.58735,7
500111070,20231030,45,18,11,1,25.04177,121.58735,7
500111070,20231030,46,18,11,1,25.04177,121.58735,7
500111070,20231030,47,18,11,1,25.04177,121.58735,7
500111070,20231030,48,18,11,1,25.04177,121.58735,7
500111070,20231030,49,18,11,1,25.04177,121.58735,7
500111070,20231030,51,18,11,1,25.04177,121.58735,7
500111070,20231030,52,18,11,1,25.04177,121.58735,7
500111070,20231030,53,18,11,1,25.04177,121.58735,7
500111070,20231030,54,18,11,1,25.04177,121.58735,7
500111070,20231030,55,18,11,1,25.04177,121.58735,7
500111070,20231030,56,18,11,1,25.04177,121.58735,7
500111070,20231030,57,18,11,1,25.04177,121.58735,7
500111070,20231030,58,18,11,1,25.04177,121.58735,7
500111070,20231030,59,18,11,1,25.04177,121.58735,7
500111070,20231030,61,18,11,1,25.04177,121.58735,7
500111070,20231030,62,18,11,1,25.04177,121.58735,7
500111070,20231030,63,18,11,1,25.04177,121.58735,7
500111070,20231030,64,18,11,1,25.04177,121.58735,7
500111070,20231030,65,18,11,1,25.04177,121.58735,7
500111070,20231030,67,18,11,1,25.04177,121.58735,7
500111070,20231030,68,18,11,1,25.04177,121.58735,7
500111070,20231030,69,18,11,1,25.04177,121.58735,7
500111070,20231030,71,18,11,1,25.04177,121.58735,7
500111070,20231030,72,18,11,1,25.04177,121.58735,7
500111070,20231030,73,18,11,1,25.04177,121.58735,7
500111070,20231030,74,18,11,1,25.04177,121.58735,7
500111070,20231030,75,18,11,1,25.04177,121.58735,7
500111070,20231030,76,18,11,1,25.04177,121.58735,7
500111070,20231030,77,18,11,1,25.04177,121.58735,7
500111070,20231030,78,18,11,1,25.04177,121.58735,7
500111070,20231030,79,18,11,1,25.04177,121.58735,7
500111070,20231030,81,18,11,1,25.04177,121.58735,7
500111070,20231030,82,18,11,1,25.04177,121.58735,7
500111070,20231030,83,18,11,1,25.04177,121.58735,7
500111070,20231030,84,18,11,1,25.04177,121.58735,7
500111070,20231030,85,18,9,1,25.04177,121.58735,9
500111070,20231030,86,18,9,1,25.04177,121.58735,9
500111070,20231030,87,18,9,1,25.04177,121.58735,9
500111070,20231030,88,18,9,1,25.04177,121.58735,9
500111070,20231030,89,18,9,1,25.04177,121.58735,9
500111070,20231030,91,18,9,1,25.04177,121.58735,9
500111070,20231030,92,18,9,1,25.04177,121.58735,9
500111070,20231030,93,18,9,1,25.04177,121.58735,9
500111070,20231030,94,18,9,1,25.04177,121.58735,9
500111070,20231030,95,18,9,1,25.04177,121.58735,9
500111070,20231030,96,18,9,1,25.04177,121.58735,9
500111070,20231030,97,18,9,1,25.04177,121.58735,9
500111070,20231030,98,18,9,1,25.04177,121.58735,9
500111070,20231030,99,18,9,1,25.04177,121.58735,9
500111070,20231030,100,18,9,1,25.04177,121.58735,9
500111070,20231030,101,18,9,1,25.04177,121.58735,9
500111070,20231030,102,18,9,1,25.04177,121.58735,9
500111070,20231030,103,18,9,1,25.04177,121.58735,9
500111070,20231030,104,18,9,1,25.04177,121.58735,9
500111070,20231030,105,18,9,1,25.04177,121.58735,9
500111070,20231030,106,18,9,1,25.04177,121.58735,9
500111070,20231030,107,18,9,1,25.04177,121.58735,9
500111070,20231030,108,18,10,1,25.04177,121.58735,8
500111070,20231030,109,18,10,1,25.04177,121.58735,8
500111070,20231030,110,18,10,1,25.04177,121.58735,8
500111070,20231030,111,18,10,1,25.04177,121.58735,8
500111070,20231030,112,18,10,1,25.04177,121.58735,8
500111070,20231030,113,18,10,1,25.04177,121.58735,8
500111070,20231030,114,18,10,1,25.04177,121.58735,8
500111070,20231030,115,18,10,1,25.04177,121.58735,8
500111070,20231030,116,18,10,1,25.04177,121.58735,8
500111070,20231030,117,18,10,1,25.04177,121.58735,8
500111070,20231030,118,18,10,1,25.04177,121.58735,8
500111070,20231030,119,18,10,1,25.04177,121.58735,8
500111070,20231030,121,18,10,1,25.04177,121.58735,8
500111070,20231030,122,18,10,1,25.04177,121.58735,8
500111070,20231030,123,18,10,1,25.04177,121.58735,8
500111070,20231030,124,18,10,1,25.04177,121.58735,8
500111070,20231030,125,18,10,1,25.04177,121.58735,8
500111070,20231030,126,18,10,1,25.04177,121.58735,8
500111070,20231030,127,18,10,1,25.04177,121.58735,8
500111070,20231030,128,18,10,1,25.04177,121.58735,8
500111070,20231030,129,18,9,1,25.04177,121.58735,9
500111070,20231030,130,18,9,1,25.04177,121.58735,9
500111070,20231030,131,18,9,1,25.04177,121.58735,9
500111070,20231030,132,18,9,1,25.04177,121.58735,9
500111070,20231030,133,18,9,1,25.04177,121.58735,9
500111070,20231030,134,18,9,1,25.04177,121.58735,9
500111070,20231030,135,18,9,1,25.04177,121.58735,9
500111070,20231030,136,18,9,1,25.04177,121.58735,9
500111070,20231030,137,18,9,1,25.04177,121.58735,9
500111070,20231030,138,18,9,1,25.04177,121.58735,9
500111070,20231030,139,18,9,1,25.04177,121.58735,9
500111070,20231030,141,18,9,1,25.04177,121.58735,9
500111070,20231030,142,18,9,1,25.04177,121.58735,9
500111070,20231030,143,18,9,1,25.04177,121.58735,9
500111070,20231030,144,18,9,1,25.04177,121.58735,9
500111070,20231030,145,18,9,1,25.04177,121.58735,9
500111070,20231030,146,18,9,1,25.04177,121.58735,9
500111070,20231030,147,18,9,1,25.04177,121.58735,9
500111070,20231030,148,18,9,1,25.04177,121.58735,9
500111070,20231030,149,18,9,1,25.04177,121.58735,9
500111070,20231030,150,18,9,1,25.04177,121.58735,9
500111070,20231030,151,18,9,1,25.04177,121.58735,9
500111070,20231030,152,18,9,1,25.04177,121.58735,9
500111070,20231030,153,18,9,1,25.04177,121.58735,9
500111070,20231030,154,18,9,1,25.04177,121.58735,9
500111070,20231030,155,18,8,1,25.04177,121.58735,10
500111070,20231030,156,18,8,1,25.04177,121.58735,10
500111070,20231030,157,18,8,1,25.04177,121.58735,10
500111070,20231030,158,18,8,1,25.04177,121.58735,10
500111070,20231030,159,18,8,1,25.04177,121.58735,10
500111070,20231030,160,18,8,1,25.04177,121.58735,10
500111070,20231030,161,18,8,1,25.04177,121.58735,10
500111070,20231030,162,18,8,1,25.04177,121.58735,10
500111070,20231030,163,18,8,1,25.04177,121.58735,10
500111070,20231030,164,18,8,1,25.04177,121.58735,10
500111070,20231030,165,18,8,1,25.04177,121.58735,10
500111070,20231030,166,18,8,1,25.04177,121.58735,10
500111070,20231030,167,18,8,1,25.04177,121.58735,10
500111070,20231030,168,18,8,1,25.04177,121.58735,10
500111070,20231030,169,18,8,1,25.04177,121.58735,10
500111070,20231030,170,18,8,1,25.04177,121.58735,10
500111070,20231030,171,18,8,1,25.04177,121.58735,10
500111070,20231030,172,18,8,1,25.04177,121.58735,10
500111070,20231030,173,18,7,1,25.04177,121.58735,11
500111070,20231030,174,18,7,1,25.04177,121.58735,11
500111070,20231030,175,18,7,1,25.04177,121.58735,11
500111070,20231030,176,18,7,1,25.04177,121.58735,11
500111070,20231030,177,18,7,1,25.04177,121.58735,11
500111070,20231030,178,18,7,1,25.04177,121.58735,11
500111070,20231030,179,18,7,1,25.04177,121.58735,11
500111070,20231030,180,18,7,1,25.04177,121.58735,11
500111070,20231030,181,18,7,1,25.04177,121.58735,11
500111070,20231030,182,18,7,1,25.04177,121.58735,11
500111070,20231030,183,18,7,1,25.04177,121.58735,11
500111070,20231030,184,18,7,1,25.04177,121.58735,11
500111070,20231030,185,18,7,1,25.04177,121.58735,11
500111070,20231030,186,18,7,1,25.04177,121.58735,11
500111070,20231030,187,18,7,1,25.04177,121.58735,11
500111070,20231030,188,18,7,1,25.04177,121.58735,11
500111070,20231030,189,18,7,1,25.04177,121.58735,11
500111070,20231030,190,18,7,1,25.04177,121.58735,11
500111070,20231030,191,18,7,1,25.04177,121.58735,11
500111070,20231030,192,18,7,1,25.04177,121.58735,11
500111070,20231030,193,18,7,1,25.04177,121.58735,11
500111070,20231030,194,18,7,1,25.04177,121.58735,11
500111070,20231030,195,18,7,1,25.04177,121.58735,11
500111070,20231030,196,18,7,1,25.04177,121.58735,11
500111070,20231030,197,18,7,1,25.04177,121.58735,11
500111070,20231030,198,18,7,1,25.04177,121.58735,11
500111070,20231030,199,18,7,1,25.04177,121.58735,11
500111070,20231030,201,18,7,1,25.04177,121.58735,11
500111070,20231030,202,18,7,1,25.04177,121.58735,11
500111070,20231030,203,18,7,1,25.04177,121.58735,11
500111070,20231030,204,18,7,1,25.04177,121.58735,11
500111070,20231030,205,18,7,1,25.04177,121.58735,11
500111070,20231030,206,18,7,1,25.04177,121.58735,11
500111070,20231030,207,18,7,1,25.04177,121.58735,11
500111070,20231030,208,18,7,1,25.04177,121.58735,11
500111070,20231030,209,18,7,1,25.04177,121.58735,11
500111070,20231030,210,18,7,1,25.04177,121.58735,11
500111070,20231030,211,18,7,1,25.04177,121.58735,11
500111070,20231030,212,18,7,1,25.04177,121.58735,11
500111070,20231030,213,18,7,1,25.04177,121.58735,11
500111070,20231030,214,18,7,1,25.04177,121.58735,11
500111070,20231030,215,18,7,1,25.04177,121.58735,11
500111070,20231030,216,18,7,1,25.04177,121.58735,11
500111070,20231030,217,18,7,1,25.04177,121.58735,11
500111070,20231030,218,18,7,1,25.04177,121.58735,11
500111070,20231030,219,18,7,1,25.04177,121.58735,11
500111070,20231030,220,18,7,1,25.04177,121.58735,11
500111070,20231030,221,18,7,1,25.04177,121.58735,11
500111070,20231030,222,18,7,1,25.04177,121.58735,11
500111070,20231030,223,18,7,1,25.04177,121.58735,11
500111070,20231030,224,18,7,1,25.04177,121.58735,11
500111070,20231030,225,18,7,1,25.04177,121.58735,11
500111070,20231030,226,18,7,1,25.04177,121.58735,11
500111070,20231030,227,18,7,1,25.04177,121.58735,11
500111070,20231030,228,18,7,1,25.04177,121.58735,11
500111070,20231030,229,18,7,1,25.04177,121.58735,11
500111070,20231030,230,18,7,1,25.04177,121.58735,11
500111070,20231030,231,18,7,1,25.04177,121.58735,11
500111070,20231030,232,18,7,1,25.04177,121.58735,11
500111070,20231030,233,18,7,1,25.04177,121.58735,11
500111070,20231030,234,18,7,1,25.04177,121.58735,11
500111070,20231030,235,18,7,1,25.04177,121.58735,11
500111070,20231030,236,18,7,1,25.04177,121.58735,11
500111070,20231030,237,18,7,1,25.04177,121.58735,11
500111070,20231030,238,18,7,1,25.04177,121.58735,11
500111070,20231030,239,18,7,1,25.04177,121.58735,11
500111070,20231030,240,18,7,1,25.04177,121.58735,11
500111070,20231030,241,18,7,1,25.04177,121.58735,11
500111070,20231030,242,18,7,1,25.04177,121.58735,11
500111070,20231030,243,18,7,1,25.04177,121.58735,11
500111070,20231030,244,18,7,1,25.04177,121.58735,11
500111070,20231030,245,18,7,1,25.04177,121.58735,11
500111070,20231030,246,18,7,1,25.04177,121.58735,11
500111070,20231030,247,18,7,1,25.04177,121.58735,11
500111070,20231030,248,18,7,1,25.04177,121.58735,11
500111070,20231030,249,18,7,1,25.04177,121.58735,11
500111070,20231030,250,18,7,1,25.04177,121.58735,11
500111070,20231030,251,18,7,1,25.04177,121.58735,11
500111070,20231030,252,18,7,1,25.04177,121.58735,11
500111070,20231030,253,18,7,1,25.04177,121.58735,11
500111070,20231030,254,18,7,1,25.04177,121.58735,11
500111070,20231030,255,18,7,1,25.04177,121.58735,11
500111070,20231030,256,18,7,1,25.04177,121.58735,11
500111070,20231030,257,18,7,1,25.04177,121.58735,11
500111070,20231030,258,18,7,1,25.04177,121.58735,11
500111070,20231030,259,18,7,1,25.04177,121.58735,11
500111070,20231030,261,18,7,1,25.04177,121.58735,11
500111070,20231030,263,18,7,1,25.04177,121.58735,11
500111070,20231030,264,18,7,1,25.04177,121.58735,11
500111070,20231030,265,18,7,1,25.04177,121.58735,11
500111070,20231030,266,18,7,1,25.04177,121.58735,11
500111070,20231030,267,18,7,1,25.04177,121.58735,11
500111070,20231030,268,18,7,1,25.04177,121.58735,11
500111070,20231030,269,18,7,1,25.04177,121.58735,11
500111070,20231030,271,18,7,1,25.04177,121.58735,11
500111070,20231030,272,18,7,1,25.04177,121.58735,11
500111070,20231030,273,18,7,1,25.04177,121.58735,11
500111070,20231030,274,18,7,1,25.04177,121.58735,11
500111070,20231030,275,18,7,1,25.04177,121.58735,11
500111070,20231030,276,18,7,1,25.04177,121.58735,11
500111070,20231030,277,18,7,1,25.04177,121.58735,11
500111070,20231030,278,18,7,1,25.04177,121.58735,11
500111070,20231030,279,18,7,1,25.04177,121.58735,11
500111070,20231030,281,18,7,1,25.04177,121.58735,11
500111070,20231030,282,18,7,1,25.04177,121.58735,11
500111070,20231030,283,18,7,1,25.04177,121.58735,11
500111070,20231030,284,18,7,1,25.04177,121.58735,11
500111070,20231030,285,18,7,1,25.04177,121.58735,11
500111070,20231030,286,18,7,1,25.04177,121.58735,11
500111070,20231030,287,18,7,1,25.04177,121.58735,11
500111070,20231030,288,18,7,1,25.04177,121.58735,11
500111070,20231030,289,18,7,1,25.04177,121.58735,11
500111070,20231030,291,18,7,1,25.04177,121.58735,11
500111070,20231030,292,18,7,1,25.04177,121.58735,11
500111070,20231030,293,18,7,1,25.04177,121.58735,11
500111070,20231030,294,18,7,1,25.04177,121.58735,11
500111070,20231030,295,18,7,1,25.04177,121.58735,11
500111070,20231030,296,18,7,1,25.04177,121.58735,11
500111070,20231030,297,18,7,1,25.04177,121.58735,11
500111070,20231030,298,18,7,1,25.04177,121.58735,11
500111070,20231030,299,18,7,1,25.04177,121.58735,11
500111070,20231030,301,18,7,1,25.04177,121.58735,11
500111070,20231030,302,18,7,1,25.04177,121.58735,11
500111070,20231030,303,18,7,1,25.04177,121.58735,11
500111070,20231030,304,18,7,1,25.04177,121.58735,11
500111070,20231030,305,18,7,1,25.04177,121.58735,11
500111070,20231030,306,18,7,1,25.04177,121.58735,11
500111070,20231030,307,18,7,1,25.04177,121.58735,11
500111070,20231030,308,18,7,1,25.04177,121.58735,11
500111070,20231030,309,18,7,1,25.04177,121.58735,11
500111070,20231030,311,18,7,1,25.04177,121.58735,11
500111070,20231030,312,18,7,1,25.04177,121.58735,11
500111070,20231030,313,18,7,1,25.04177,121.58735,11
500111070,20231030,314,18,7,1,25.04177,121.58735,11
500111070,20231030,315,18,7,1,25.04177,121.58735,11
500111070,20231030,316,18,7,1,25.04177,121.58735,11
500111070,20231030,317,18,7,1,25.04177,121.58735,11
500111070,20231030,318,18,7,1,25.04177,121.58735,11
500111070,20231030,319,18,7,1,25.04177,121.58735,11
500111070,20231030,321,18,7,1,25.04177,121.58735,11
500111070,20231030,322,18,7,1,25.04177,121.58735,11
500111070,20231030,323,18,7,1,25.04177,121.58735,11
500111070,20231030,324,18,8,1,25.04177,121.58735,10
500111070,20231030,325,18,8,1,25.04177,121.58735,10
500111070,20231030,326,18,8,1,25.04177,121.58735,10
500111070,20231030,327,18,8,1,25.04177,121.58735,10
500111070,20231030,328,18,8,1,25.04177,121.58735,10
500111070,20231030,329,18,8,1,25.04177,121.58735,10
500111070,20231030,331,18,8,1,25.04177,121.58735,10
500111070,20231030,332,18,8,1,25.04177,121.58735,10
500111070,20231030,333,18,8,1,25.04177,121.58735,10
500111070,20231030,334,18,8,1,25.04177,121.58735,10
500111070,20231030,335,18,8,1,25.04177,121.58735,10
500111070,20231030,336,18,8,1,25.04177,121.58735,10
500111070,20231030,337,18,8,1,25.04177,121.58735,10
500111070,20231030,338,18,8,1,25.04177,121.58735,10
500111070,20231030,339,18,8,1,25.04177,121.58735,10
500111070,20231030,341,18,8,1,25.04177,121.58735,10
500111070,20231030,342,18,8,1,25.04177,121.58735,10
500111070,20231030,343,18,8,1,25.04177,121.58735,10
500111070,20231030,344,18,8,1,25.04177,121.58735,10
500111070,20231030,345,18,8,1,25.04177,121.58735,10
500111070,20231030,346,18,8,1,25.04177,121.58735,10
500111070,20231030,347,18,8,1,25.04177,121.58735,10
500111070,20231030,348,18,8,1,25.04177,121.58735,10
500111070,20231030,349,18,8,1,25.04177,121.58735,10
500111070,20231030,351,18,8,1,25.04177,121.58735,10
500111070,20231030,352,18,8,1,25.04177,121.58735,10
500111070,20231030,353,18,8,1,25.04177,121.58735,10
500111070,20231030,354,18,8,1,25.04177,121.58735,10
500111070,20231030,355,18,8,1,25.04177,121.58735,10
500111070,20231030,356,18,9,1,25.04177,121.58735,9
500111070,20231030,357,18,9,1,25.04177,121.58735,9
500111070,20231030,358,18,9,1,25.04177,121.58735,9
500111070,20231030,359,18,9,1,25.04177,121.58735,9
500111070,20231030,361,18,9,1,25.04177,121.58735,9
500111070,20231030,362,18,9,1,25.04177,121.58735,9
500111070,20231030,363,18,9,1,25.04177,121.58735,9
500111070,20231030,364,18,9,1,25.04177,121.58735,9
500111070,20231030,365,18,9,1,25.04177,121.58735,9
500111070,20231030,366,18,9,1,25.04177,121.58735,9
500111070,20231030,367,18,9,1,25.04177,121.58735,9
500111070,20231030,368,18,9,1,25.04177,121.58735,9
500111070,20231030,369,18,9,1,25.04177,121.58735,9
500111070,20231030,370,18,9,1,25.04177,121.58735,9
500111070,20231030,371,18,9,1,25.04177,121.58735,9
500111070,20231030,372,18,9,1,25.04177,121.58735,9
500111070,20231030,373,18,9,1,25.04177,121.58735,9
500111070,20231030,374,18,9,1,25.04177,121.58735,9
500111070,20231030,375,18,9,1,25.04177,121.58735,9
500111070,20231030,376,18,9,1,25.04177,121.58735,9
500111070,20231030,377,18,9,1,25.04177,121.58735,9
500111070,20231030,378,18,9,1,25.04177,121.58735,9
500111070,20231030,379,18,9,1,25.04177,121.58735,9
500111070,20231030,381,18,9,1,25.04177,121.58735,9
500111070,20231030,382,18,10,1,25.04177,121.58735,8
500111070,20231030,383,18,10,1,25.04177,121.58735,8
500111070,20231030,384,18,10,1,25.04177,121.58735,8
500111070,20231030,385,18,10,1,25.04177,121.58735,8
500111070,20231030,386,18,10,1,25.04177,121.58735,8
500111070,20231030,387,18,10,1,25.04177,121.58735,8
500111070,20231030,388,18,10,1,25.04177,121.58735,8
500111070,20231030,389,18,10,1,25.04177,121.58735,8
500111070,20231030,390,18,10,1,25.04177,121.58735,8
500111070,20231030,391,18,10,1,25.04177,121.58735,8
500111070,20231030,392,18,10,1,25.04177,121.58735,8
500111070,20231030,393,18,10,1,25.04177,121.58735,8
500111070,20231030,394,18,10,1,25.04177,121.58735,8
500111070,20231030,395,18,10,1,25.04177,121.58735,8
500111070,20231030,396,18,10,1,25.04177,121.58735,8
500111070,20231030,397,18,9,1,25.04177,121.58735,9
500111070,20231030,398,18,9,1,25.04177,121.58735,9
500111070,20231030,399,18,9,1,25.04177,121.58735,9
500111070,20231030,400,18,9,1,25.04177,121.58735,9
500111070,20231030,401,18,9,1,25.04177,121.58735,9
500111070,20231030,402,18,10,1,25.04177,121.58735,8
500111070,20231030,403,18,11,1,25.04177,121.58735,7
500111070,20231030,404,18,11,1,25.04177,121.58735,7
500111070,20231030,405,18,11,1,25.04177,121.58735,7
500111070,20231030,406,18,11,1,25.04177,121.58735,7
500111070,20231030,407,18,12,1,25.04177,121.58735,6
500111070,20231030,408,18,12,1,25.04177,121.58735,6
500111070,20231030,409,18,12,1,25.04177,121.58735,6
500111070,20231030,410,18,12,1,25.04177,121.58735,6
500111070,20231030,411,18,12,1,25.04177,121.58735,6
500111070,20231030,412,18,12,1,25.04177,121.58735,6
500111070,20231030,413,18,12,1,25.04177,121.58735,6
500111070,20231030,414,18,12,1,25.04177,121.58735,6
500111070,20231030,415,18,12,1,25.04177,121.58735,6
500111070,20231030,416,18,13,1,25.04177,121.58735,5
500111070,20231030,417,18,13,1,25.04177,121.58735,5
500111070,20231030,418,18,15,1,25.04177,121.58735,3
500111070,20231030,419,18,15,1,25.04177,121.58735,3
500111070,20231030,421,18,15,1,25.04177,121.58735,3
500111070,20231030,422,18,15,1,25.04177,121.58735,3
500111070,20231030,423,18,16,1,25.04177,121.58735,2
500111070,20231030,424,18,16,1,25.04177,121.58735,2
500111070,20231030,425,18,16,1,25.04177,121.58735,2
500111070,20231030,426,18,16,1,25.04177,121.58735,2
500111070,20231030,427,18,17,1,25.04177,121.58735,1
500111070,20231030,428,18,18,1,25.04177,121.58735,0
500111070,20231030,429,18,18,1,25.04177,121.58735,0
500111070,20231030,430,18,18,1,25.04177,121.58735,0
500111070,20231030,431,18,18,1,25.04177,121.58735,0
500111070,20231030,432,18,18,1,25.04177,121.58735,0
500111070,20231030,433,18,18,1,25.04177,121.58735,0
500111070,20231030,434,18,17,1,25.04177,121.58735,1
500111070,20231030,435,18,18,1,25.04177,121.58735,0
500111070,20231030,436,18,18,1,25.04177,121.58735,0
500111070,20231030,437,18,18,1,25.04177,121.58735,0
500111070,20231030,438,18,18,1,25.04177,121.58735,0
500111070,20231030,439,18,18,1,25.04177,121.58735,0
500111070,20231030,441,18,18,1,25.04177,121.58735,0
500111070,20231030,442,18,18,1,25.04177,121.58735,0
500111070,20231030,443,18,18,1,25.04177,121.58735,0
500111070,20231030,444,18,18,1,25.04177,121.58735,0
500111070,20231030,445,18,17,1,25.04177,121.58735,1
500111070,20231030,446,18,17,1,25.04177,121.58735,1
500111070,20231030,447,18,17,1,25.04177,121.58735,1
500111070,20231030,448,18,17,1,25.04177,121.58735,1
500111070,20231030,449,18,17,1,25.04177,121.58735,1
500111070,20231030,451,18,17,1,25.04177,121.58735,1
500111070,20231030,452,18,17,1,25.04177,121.58735,1
500111070,20231030,453,18,17,1,25.04177,121.58735,1
500111070,20231030,454,18,18,1,25.04177,121.58735,0
500111070,20231030,455,18,18,1,25.04177,121.58735,0
500111070,20231030,456,18,18,1,25.04177,121.58735,0
500111070,20231030,457,18,18,1,25.04177,121.58735,0
500111070,20231030,458,18,18,1,25.04177,121.58735,0
500111070,20231030,459,18,18,1,25.04177,121.58735,0
500111070,20231030,460,18,18,1,25.04177,121.58735,0
500111070,20231030,461,18,18,1,25.04177,121.58735,0
500111070,20231030,462,18,18,1,25.04177,121.58735,0
500111070,20231030,463,18,18,1,25.04177,121.58735,0
500111070,20231030,464,18,18,1,25.04177,121.58735,0
500111070,20231030,465,18,18,1,25.04177,121.58735,0
500111070,20231030,466,18,18,1,25.04177,121.58735,0
500111070,20231030,467,18,18,1,25.04177,121.58735,0
500111070,20231030,468,18,18,1,25.04177,121.58735,0
500111070,20231030,469,18,18,1,25.04177,121.58735,0
500111070,20231030,470,18,18,1,25.04177,121.58735,0
500111070,20231030,471,18,18,1,25.04177,121.58735,0
500111070,20231030,472,18,18,1,25.04177,121.58735,0
500111070,20231030,473,18,17,1,25.04177,121.58735,1
500111070,20231030,474,18,17,1,25.04177,121.58735,1
500111070,20231030,475,18,17,1,25.04177,121.58735,1
500111070,20231030,476,18,16,1,25.04177,121.58735,2
500111070,20231030,477,18,11,1,25.04177,121.58735,7
500111070,20231030,478,18,12,1,25.04177,121.58735,6
500111070,20231030,479,18,8,1,25.04177,121.58735,10
500111070,20231030,481,18,3,1,25.04177,121.58735,15
500111070,20231030,482,18,1,1,25.04177,121.58735,17
500111070,20231030,483,18,2,1,25.04177,121.58735,16
500111070,20231030,484,18,2,1,25.04177,121.58735,16
500111070,20231030,485,18,1,1,25.04177,121.58735,17
500111070,20231030,486,18,0,1,25.04177,121.58735,18
500111070,20231030,487,18,0,1,25.04177,121.58735,18
500111070,20231030,488,18,1,1,25.04177,121.58735,17
500111070,20231030,489,18,1,1,25.04177,121.58735,17
500111070,20231030,491,18,2,1,25.04177,121.58735,16
500111070,20231030,492,18,2,1,25.04177,121.58735,16
500111070,20231030,493,18,2,1,25.04177,121.58735,16
500111070,20231030,494,18,3,1,25.04177,121.58735,15
500111070,20231030,495,18,3,1,25.04177,121.58735,15
500111070,20231030,496,18,3,1,25.04177,121.58735,15
500111070,20231030,497,18,4,1,25.04177,121.58735,14
500111070,20231030,498,18,4,1,25.04177,121.58735,14
500111070,20231030,499,18,7,1,25.04177,121.58735,11
500111070,20231030,501,18,7,1,25.04177,121.58735,11
500111070,20231030,502,18,7,1,25.04177,121.58735,11
500111070,20231030,503,18,8,1,25.04177,121.58735,10
500111070,20231030,504,18,8,1,25.04177,121.58735,10
500111070,20231030,505,18,8,1,25.04177,121.58735,10
500111070,20231030,506,18,8,1,25.04177,121.58735,10
500111070,20231030,507,18,9,1,25.04177,121.58735,9
500111070,20231030,508,18,9,1,25.04177,121.58735,9
500111070,20231030,509,18,9,1,25.04177,121.58735,9
500111070,20231030,511,18,10,1,25.04177,121.58735,8
500111070,20231030,512,18,10,1,25.04177,121.58735,8
500111070,20231030,513,18,10,1,25.04177,121.58735,8
500111070,20231030,514,18,10,1,25.04177,121.58735,8
500111070,20231030,515,18,10,1,25.04177,121.58735,8
500111070,20231030,516,18,10,1,25.04177,121.58735,8
500111070,20231030,517,18,12,1,25.04177,121.58735,6
500111070,20231030,518,18,12,1,25.04177,121.58735,6
500111070,20231030,519,18,12,1,25.04177,121.58735,6
500111070,20231030,521,18,12,1,25.04177,121.58735,6
500111070,20231030,522,18,11,1,25.04177,121.58735,7
500111070,20231030,523,18,11,1,25.04177,121.58735,7
500111070,20231030,524,18,12,1,25.04177,121.58735,6
500111070,20231030,525,18,13,1,25.04177,121.58735,5
500111070,20231030,526,18,13,1,25.04177,121.58735,5
500111070,20231030,527,18,13,1,25.04177,121.58735,5
500111070,20231030,528,18,13,1,25.04177,121.58735,5
500111070,20231030,529,18,16,1,25.04177,121.58735,2
500111070,20231030,531,18,17,1,25.04177,121.58735,1
500111070,20231030,532,18,18,1,25.04177,121.58735,0
500111070,20231030,533,18,18,1,25.04177,121.58735,0
500111070,20231030,534,18,18,1,25.04177,121.58735,0
500111070,20231030,535,18,18,1,25.04177,121.58735,0
500111070,20231030,537,18,18,1,25.04177,121.58735,0
500111070,20231030,538,18,18,1,25.04177,121.58735,0
500111070,20231030,539,18,18,1,25.04177,121.58735,0
500111070,20231030,541,18,18,1,25.04177,121.58735,0
500111070,20231030,542,18,18,1,25.04177,121.58735,0
500111070,20231030,543,18,18,1,25.04177,121.58735,0
500111070,20231030,544,18,18,1,25.04177,121.58735,0
500111070,20231030,545,18,18,1,25.04177,121.58735,0
500111070,20231030,546,18,18,1,25.04177,121.58735,0
500111070,20231030,547,18,18,1,25.04177,121.58735,0
500111070,20231030,548,18,18,1,25.04177,121.58735,0
500111070,20231030,549,18,18,1,25.04177,121.58735,0
500111070,20231030,551,18,18,1,25.04177,121.58735,0
500111070,20231030,552,18,18,1,25.04177,121.58735,0
500111070,20231030,553,18,18,1,25.04177,121.58735,0
500111070,20231030,554,18,18,1,25.04177,121.58735,0
500111070,20231030,555,18,18,1,25.04177,121.58735,0
500111070,20231030,556,18,18,1,25.04177,121.58735,0
500111070,20231030,557,18,18,1,25.04177,121.58735,0
500111070,20231030,558,18,18,1,25.04177,121.58735,0
500111070,20231030,559,18,18,1,25.04177,121.58735,0
500111070,20231030,561,18,18,1,25.04177,121.58735,0
500111070,20231030,562,18,18,1,25.04177,121.58735,0
500111070,20231030,563,18,18,1,25.04177,121.58735,0
500111070,20231030,564,18,18,1,25.04177,121.58735,0
500111070,20231030,565,18,18,1,25.04177,121.58735,0
500111070,20231030,566,18,18,1,25.04177,121.58735,0
500111070,20231030,567,18,18,1,25.04177,121.58735,0
500111070,20231030,568,18,18,1,25.04177,121.58735,0
500111070,20231030,569,18,18,1,25.04177,121.58735,0
500111070,20231030,571,18,17,1,25.04177,121.58735,1
500111070,20231030,572,18,17,1,25.04177,121.58735,1
500111070,20231030,573,18,18,1,25.04177,121.58735,0
500111070,20231030,574,18,18,1,25.04177,121.58735,0
500111070,20231030,575,18,18,1,25.04177,121.58735,0
500111070,20231030,576,18,18,1,25.04177,121.58735,0
500111070,20231030,577,18,18,1,25.04177,121.58735,0
500111070,20231030,578,18,18,1,25.04177,121.58735,0
500111070,20231030,579,18,18,1,25.04177,121.58735,0
500111070,20231030,581,18,18,1,25.04177,121.58735,0
500111070,20231030,582,18,18,1,25.04177,121.58735,0
500111070,20231030,583,18,18,1,25.04177,121.58735,0
500111070,20231030,585,18,18,1,25.04177,121.58735,0
500111070,20231030,587,18,17,1,25.04177,121.58735,1
500111070,20231030,588,18,17,1,25.04177,121.58735,1
500111070,20231030,589,18,18,1,25.04177,121.58735,0
500111070,20231030,590,18,18,1,25.04177,121.58735,0
500111070,20231030,592,18,18,1,25.04177,121.58735,0
500111070,20231030,594,18,18,1,25.04177,121.58735,0
500111070,20231030,595,18,18,1,25.04177,121.58735,0
500111070,20231030,596,18,18,1,25.04177,121.58735,0
500111070,20231030,597,18,18,1,25.04177,121.58735,0
500111070,20231030,598,18,18,1,25.04177,121.58735,0
500111070,20231030,599,18,18,1,25.04177,121.58735,0
500111070,20231030,601,18,18,1,25.04177,121.58735,0
500111070,20231030,602,18,18,1,25.04177,121.58735,0
500111070,20231030,604,18,18,1,25.04177,121.58735,0
500111070,20231030,605,18,18,1,25.04177,121.58735,0
500111070,20231030,606,18,18,1,25.04177,121.58735,0
500111070,20231030,607,18,18,1,25.04177,121.58735,0
500111070,20231030,609,18,18,1,25.04177,121.58735,0
500111070,20231030,611,18,18,1,25.04177,121.58735,0
500111070,20231030,612,18,18,1,25.04177,121.58735,0
500111070,20231030,629,18,18,1,25.04177,121.58735,0
500111070,20231030,631,18,18,1,25.04177,121.58735,0
500111070,20231030,633,18,18,1,25.04177,121.58735,0
500111070,20231030,634,18,18,1,25.04177,121.58735,0
500111070,20231030,635,18,18,1,25.04177,121.58735,0
500111070,20231030,636,18,18,1,25.04177,121.58735,0
500111070,20231030,637,18,18,1,25.04177,121.58735,0
500111070,20231030,638,18,18,1,25.04177,121.58735,0
500111070,20231030,639,18,18,1,25.04177,121.58735,0
500111070,20231030,641,18,18,1,25.04177,121.58735,0
500111070,20231030,642,18,18,1,25.04177,121.58735,0
500111070,20231030,644,18,18,1,25.04177,121.58735,0
500111070,20231030,645,18,18,1,25.04177,121.58735,0
500111070,20231030,646,18,18,1,25.04177,121.58735,0
500111070,20231030,647,18,18,1,25.04177,121.58735,0
500111070,20231030,648,18,18,1,25.04177,121.58735,0
500111070,20231030,649,18,18,1,25.04177,121.58735,0
500111070,20231030,651,18,18,1,25.04177,121.58735,0
500111070,20231030,652,18,18,1,25.04177,121.58735,0
500111070,20231030,653,18,18,1,25.04177,121.58735,0
500111070,20231030,654,18,18,1,25.04177,121.58735,0
500111070,20231030,655,18,18,1,25.04177,121.58735,0
500111070,20231030,656,18,17,1,25.04177,121.58735,1
500111070,20231030,657,18,17,1,25.04177,121.58735,1
500111070,20231030,658,18,16,1,25.04177,121.58735,2
500111070,20231030,659,18,16,1,25.04177,121.58735,2
500111070,20231030,661,18,17,1,25.04177,121.58735,1
500111070,20231030,662,18,17,1,25.04177,121.58735,1
500111070,20231030,663,18,17,1,25.04177,121.58735,1
500111070,20231030,664,18,17,1,25.04177,121.58735,1
500111070,20231030,665,18,17,1,25.04177,121.58735,1
500111070,20231030,666,18,17,1,25.04177,121.58735,1
500111070,20231030,667,18,18,1,25.04177,121.58735,0
500111070,20231030,668,18,18,1,25.04177,121.58735,0
500111070,20231030,669,18,18,1,25.04177,121.58735,0
500111070,20231030,671,18,18,1,25.04177,121.58735,0
500111070,20231030,673,18,18,1,25.04177,121.58735,0
500111070,20231030,674,18,18,1,25.04177,121.58735,0
500111070,20231030,675,18,18,1,25.04177,121.58735,0
500111070,20231030,676,18,18,1,25.04177,121.58735,0
500111070,20231030,677,18,18,1,25.04177,121.58735,0
500111070,20231030,678,18,18,1,25.04177,121.58735,0
500111070,20231030,679,18,18,1,25.04177,121.58735,0
500111070,20231030,681,18,18,1,25.04177,121.58735,0
500111070,20231030,682,18,18,1,25.04177,121.58735,0
500111070,20231030,683,18,18,1,25.04177,121.58735,0
500111070,20231030,684,18,18,1,25.04177,121.58735,0
500111070,20231030,685,18,18,1,25.04177,121.58735,0
500111070,20231030,686,18,18,1,25.04177,121.58735,0
500111070,20231030,687,18,18,1,25.04177,121.58735,0
500111070,20231030,688,18,18,1,25.04177,121.58735,0
500111070,20231030,689,18,18,1,25.04177,121.58735,0
500111070,20231030,691,18,18,1,25.04177,121.58735,0
500111070,20231030,692,18,18,1,25.04177,121.58735,0
500111070,20231030,693,18,18,1,25.04177,121.58735,0
500111070,20231030,694,18,18,1,25.04177,121.58735,0
500111070,20231030,695,18,18,1,25.04177,121.58735,0
500111070,20231030,696,18,18,1,25.04177,121.58735,0
500111070,20231030,697,18,18,1,25.04177,121.58735,0
500111070,20231030,698,18,18,1,25.04177,121.58735,0
500111070,20231030,699,18,18,1,25.04177,121.58735,0
500111070,20231030,700,18,18,1,25.04177,121.58735,0
500111070,20231030,701,18,18,1,25.04177,121.58735,0
500111070,20231030,703,18,18,1,25.04177,121.58735,0
500111070,20231030,705,18,18,1,25.04177,121.58735,0
500111070,20231030,706,18,18,1,25.04177,121.58735,0
500111070,20231030,707,18,18,1,25.04177,121.58735,0
500111070,20231030,708,18,18,1,25.04177,121.58735,0
500111070,20231030,709,18,18,1,25.04177,121.58735,0
500111070,20231030,710,18,18,1,25.04177,121.58735,0
500111070,20231030,712,18,18,1,25.04177,121.58735,0
500111070,20231030,713,18,18,1,25.04177,121.58735,0
500111070,20231030,714,18,18,1,25.04177,121.58735,0
500111070,20231030,715,18,18,1,25.04177,121.58735,0
500111070,20231030,716,18,18,1,25.04177,121.58735,0
500111070,20231030,718,18,18,1,25.04177,121.58735,0
500111070,20231030,719,18,18,1,25.04177,121.58735,0
500111070,20231030,721,18,18,1,25.04177,121.58735,0
500111070,20231030,722,18,18,1,25.04177,121.58735,0
500111070,20231030,723,18,18,1,25.04177,121.58735,0
500111070,20231030,724,18,18,1,25.04177,121.58735,0
500111070,20231030,725,18,18,1,25.04177,121.58735,0
500111070,20231030,726,18,18,1,25.04177,121.58735,0
500111070,20231030,727,18,18,1,25.04177,121.58735,0
500111070,20231030,728,18,18,1,25.04177,121.58735,0
500111070,20231030,729,18,18,1,25.04177,121.58735,0
500111070,20231030,731,18,18,1,25.04177,121.58735,0
500111070,20231030,732,18,18,1,25.04177,121.58735,0
500111070,20231030,733,18,18,1,25.04177,121.58735,0
500111070,20231030,734,18,18,1,25.04177,121.58735,0
500111070,20231030,735,18,18,1,25.04177,121.58735,0
500111070,20231030,736,18,18,1,25.04177,121.58735,0
500111070,20231030,737,18,18,1,25.04177,121.58735,0
500111070,20231030,738,18,18,1,25.04177,121.58735,0
500111070,20231030,739,18,18,1,25.04177,121.58735,0
500111070,20231030,741,18,18,1,25.04177,121.58735,0
500111070,20231030,742,18,18,1,25.04177,121.58735,0
500111070,20231030,743,18,18,1,25.04177,121.58735,0
500111070,20231030,744,18,18,1,25.04177,121.58735,0
500111070,20231030,745,18,18,1,25.04177,121.58735,0
500111070,20231030,746,18,18,1,25.04177,121.58735,0
500111070,20231030,747,18,18,1,25.04177,121.58735,0
500111070,20231030,748,18,18,1,25.04177,121.58735,0
500111070,20231030,749,18,18,1,25.04177,121.58735,0
500111070,20231030,751,18,18,1,25.04177,121.58735,0
500111070,20231030,752,18,18,1,25.04177,121.58735,0
500111070,20231030,753,18,18,1,25.04177,121.58735,0
500111070,20231030,754,18,18,1,25.04177,121.58735,0
500111070,20231030,755,18,18,1,25.04177,121.58735,0
500111070,20231030,756,18,18,1,25.04177,121.58735,0
500111070,20231030,757,18,18,1,25.04177,121.58735,0
500111070,20231030,758,18,18,1,25.04177,121.58735,0
500111070,20231030,759,18,18,1,25.04177,121.58735,0
500111070,20231030,761,18,18,1,25.04177,121.58735,0
500111070,20231030,762,18,18,1,25.04177,121.58735,0
500111070,20231030,763,18,18,1,25.04177,121.58735,0
500111070,20231030,764,18,18,1,25.04177,121.58735,0
500111070,20231030,765,18,18,1,25.04177,121.58735,0
500111070,20231030,766,18,18,1,25.04177,121.58735,0
500111070,20231030,767,18,18,1,25.04177,121.58735,0
500111070,20231030,768,18,18,1,25.04177,121.58735,0
500111070,20231030,769,18,18,1,25.04177,121.58735,0
500111070,20231030,771,18,17,1,25.04177,121.58735,1
500111070,20231030,772,18,17,1,25.04177,121.58735,1
500111070,20231030,773,18,17,1,25.04177,121.58735,1
500111070,20231030,774,18,17,1,25.04177,121.58735,1
500111070,20231030,775,18,17,1,25.04177,121.58735,1
500111070,20231030,776,18,16,1,25.04177,121.58735,2
500111070,20231030,778,18,16,1,25.04177,121.58735,2
500111070,20231030,779,18,16,1,25.04177,121.58735,2
500111070,20231030,781,18,16,1,25.04177,121.58735,2
500111070,20231030,782,18,16,1,25.04177,121.58735,2
500111070,20231030,783,18,16,1,25.04177,121.58735,2
500111070,20231030,784,18,16,1,25.04177,121.58735,2
500111070,20231030,785,18,16,1,25.04177,121.58735,2
500111070,20231030,786,18,16,1,25.04177,121.58735,2
500111070,20231030,787,18,16,1,25.04177,121.58735,2
500111070,20231030,788,18,16,1,25.04177,121.58735,2
500111070,20231030,789,18,16,1,25.04177,121.58735,2
500111070,20231030,791,18,16,1,25.04177,121.58735,2
500111070,20231030,792,18,15,1,25.04177,121.58735,3
500111070,20231030,793,18,15,1,25.04177,121.58735,3
500111070,20231030,794,18,15,1,25.04177,121.58735,3
500111070,20231030,796,18,15,1,25.04177,121.58735,3
500111070,20231030,797,18,15,1,25.04177,121.58735,3
500111070,20231030,799,18,15,1,25.04177,121.58735,3
500111070,20231030,801,18,15,1,25.04177,121.58735,3
500111070,20231030,802,18,15,1,25.04177,121.58735,3
500111070,20231030,803,18,15,1,25.04177,121.58735,3
500111070,20231030,804,18,15,1,25.04177,121.58735,3
500111070,20231030,805,18,15,1,25.04177,121.58735,3
500111070,20231030,806,18,15,1,25.04177,121.58735,3
500111070,20231030,807,18,15,1,25.04177,121.58735,3
500111070,20231030,808,18,16,1,25.04177,121.58735,2
500111070,20231030,809,18,16,1,25.04177,121.58735,2
500111070,20231030,811,18,16,1,25.04177,121.58735,2
500111070,20231030,812,18,16,1,25.04177,121.58735,2
500111070,20231030,813,18,16,1,25.04177,121.58735,2
500111070,20231030,814,18,16,1,25.04177,121.58735,2
500111070,20231030,815,18,15,1,25.04177,121.58735,3
500111070,20231030,816,18,15,1,25.04177,121.58735,3
500111070,20231030,817,18,16,1,25.04177,121.58735,2
500111070,20231030,819,18,16,1,25.04177,121.58735,2
500111070,20231030,821,18,15,1,25.04177,121.58735,3
500111070,20231030,822,18,15,1,25.04177,121.58735,3
500111070,20231030,823,18,15,1,25.04177,121.58735,3
500111070,20231030,824,18,15,1,25.04177,121.58735,3
500111070,20231030,825,18,15,1,25.04177,121.58735,3
500111070,20231030,826,18,15,1,25.04177,121.58735,3
500111070,20231030,827,18,15,1,25.04177,121.58735,3
500111070,20231030,828,18,15,1,25.04177,121.58735,3
500111070,20231030,829,18,15,1,25.04177,121.58735,3
500111070,20231030,831,18,15,1,25.04177,121.58735,3
500111070,20231030,832,18,16,1,25.04177,121.58735,2
500111070,20231030,833,18,16,1,25.04177,121.58735,2
500111070,20231030,834,18,15,1,25.04177,121.58735,3
500111070,20231030,835,18,15,1,25.04177,121.58735,3
500111070,20231030,836,18,15,1,25.04177,121.58735,3
500111070,20231030,837,18,15,1,25.04177,121.58735,3
500111070,20231030,838,18,15,1,25.04177,121.58735,3
500111070,20231030,839,18,15,1,25.04177,121.58735,3
500111070,20231030,841,18,15,1,25.04177,121.58735,3
500111070,20231030,842,18,15,1,25.04177,121.58735,3
500111070,20231030,843,18,15,1,25.04177,121.58735,3
500111070,20231030,844,18,15,1,25.04177,121.58735,3
500111070,20231030,845,18,15,1,25.04177,121.58735,3
500111070,20231030,846,18,15,1,25.04177,121.58735,3
500111070,20231030,847,18,15,1,25.04177,121.58735,3
500111070,20231030,848,18,15,1,25.04177,121.58735,3
500111070,20231030,849,18,15,1,25.04177,121.58735,3
500111070,20231030,851,18,15,1,25.04177,121.58735,3
500111070,20231030,852,18,15,1,25.04177,121.58735,3
500111070,20231030,853,18,15,1,25.04177,121.58735,3
500111070,20231030,854,18,15,1,25.04177,121.58735,3
500111070,20231030,855,18,15,1,25.04177,121.58735,3
500111070,20231030,856,18,15,1,25.04177,121.58735,3
500111070,20231030,857,18,15,1,25.04177,121.58735,3
500111070,20231030,858,18,15,1,25.04177,121.58735,3
500111070,20231030,859,18,15,1,25.04177,121.58735,3
500111070,20231030,861,18,15,1,25.04177,121.58735,3
500111070,20231030,862,18,16,1,25.04177,121.58735,2
500111070,20231030,863,18,16,1,25.04177,121.58735,2
500111070,20231030,864,18,16,1,25.04177,121.58735,2
500111070,20231030,865,18,15,1,25.04177,121.58735,3
500111070,20231030,866,18,16,1,25.04177,121.58735,2
500111070,20231030,867,18,16,1,25.04177,121.58735,2
500111070,20231030,868,18,16,1,25.04177,121.58735,2
500111070,20231030,869,18,15,1,25.04177,121.58735,3
500111070,20231030,871,18,15,1,25.04177,121.58735,3
500111070,20231030,872,18,15,1,25.04177,121.58735,3
500111070,20231030,873,18,15,1,25.04177,121.58735,3
500111070,20231030,874,18,15,1,25.04177,121.58735,3
500111070,20231030,875,18,15,1,25.04177,121.58735,3
500111070,20231030,877,18,16,1,25.04177,121.58735,2
500111070,20231030,878,18,16,1,25.04177,121.58735,2
500111070,20231030,879,18,16,1,25.04177,121.58735,2
500111070,20231030,881,18,15,1,25.04177,121.58735,3
500111070,20231030,882,18,15,1,25.04177,121.58735,3
500111070,20231030,883,18,15,1,25.04177,121.58735,3
500111070,20231030,884,18,15,1,25.04177,121.58735,3
500111070,20231030,885,18,15,1,25.04177,121.58735,3
500111070,20231030,886,18,15,1,25.04177,121.58735,3
500111070,20231030,887,18,15,1,25.04177,121.58735,3
500111070,20231030,888,18,15,1,25.04177,121.58735,3
500111070,20231030,889,18,15,1,25.04177,121.58735,3
500111070,20231030,891,18,15,1,25.04177,121.58735,3
500111070,20231030,892,18,15,1,25.04177,121.58735,3
500111070,20231030,893,18,15,1,25.04177,121.58735,3
500111070,20231030,894,18,15,1,25.04177,121.58735,3
500111070,20231030,895,18,15,1,25.04177,121.58735,3
500111070,20231030,896,18,15,1,25.04177,121.58735,3
500111070,20231030,897,18,15,1,25.04177,121.58735,3
500111070,20231030,898,18,15,1,25.04177,121.58735,3
500111070,20231030,899,18,15,1,25.04177,121.58735,3
500111070,20231030,901,18,15,1,25.04177,121.58735,3
500111070,20231030,902,18,15,1,25.04177,121.58735,3
500111070,20231030,903,18,15,1,25.04177,121.58735,3
500111070,20231030,904,18,15,1,25.04177,121.58735,3
500111070,20231030,905,18,15,1,25.04177,121.58735,3
500111070,20231030,906,18,15,1,25.04177,121.58735,3
500111070,20231030,907,18,15,1,25.04177,121.58735,3
500111070,20231030,908,18,15,1,25.04177,121.58735,3
500111070,20231030,909,18,15,1,25.04177,121.58735,3
500111070,20231030,911,18,15,1,25.04177,121.58735,3
500111070,20231030,912,18,15,1,25.04177,121.58735,3
500111070,20231030,913,18,16,1,25.04177,121.58735,2
500111070,20231030,914,18,16,1,25.04177,121.58735,2
500111070,20231030,915,18,16,1,25.04177,121.58735,2
500111070,20231030,916,18,16,1,25.04177,121.58735,2
500111070,20231030,917,18,16,1,25.04177,121.58735,2
500111070,20231030,918,18,16,1,25.04177,121.58735,2
500111070,20231030,919,18,16,1,25.04177,121.58735,2
500111070,20231030,921,18,16,1,25.04177,121.58735,2
500111070,20231030,922,18,16,1,25.04177,121.58735,2
500111070,20231030,923,18,16,1,25.04177,121.58735,2
500111070,20231030,924,18,17,1,25.04177,121.58735,1
500111070,20231030,925,18,18,1,25.04177,121.58735,0
500111070,20231030,926,18,18,1,25.04177,121.58735,0
500111070,20231030,927,18,18,1,25.04177,121.58735,0
500111070,20231030,928,18,18,1,25.04177,121.58735,0
500111070,20231030,929,18,17,1,25.04177,121.58735,1
500111070,20231030,931,18,17,1,25.04177,121.58735,1
500111070,20231030,932,18,17,1,25.04177,121.58735,1
500111070,20231030,933,18,17,1,25.04177,121.58735,1
500111070,20231030,934,18,18,1,25.04177,121.58735,0
500111070,20231030,935,18,18,1,25.04177,121.58735,0
500111070,20231030,936,18,18,1,25.04177,121.58735,0
500111070,20231030,937,18,18,1,25.04177,121.58735,0
500111070,20231030,938,18,18,1,25.04177,121.58735,0
500111070,20231030,939,18,18,1,25.04177,121.58735,0
500111070,20231030,941,18,18,1,25.04177,121.58735,0
500111070,20231030,942,18,18,1,25.04177,121.58735,0
500111070,20231030,943,18,18,1,25.04177,121.58735,0
500111070,20231030,944,18,18,1,25.04177,121.58735,0
500111070,20231030,945,18,18,1,25.04177,121.58735,0
500111070,20231030,946,18,18,1,25.04177,121.58735,0
500111070,20231030,947,18,18,1,25.04177,121.58735,0
500111070,20231030,948,18,18,1,25.04177,121.58735,0
500111070,20231030,949,18,18,1,25.04177,121.58735,0
500111070,20231030,951,18,18,1,25.04177,121.58735,0
500111070,20231030,952,18,18,1,25.04177,121.58735,0
500111070,20231030,953,18,18,1,25.04177,121.58735,0
500111070,20231030,954,18,18,1,25.04177,121.58735,0
500111070,20231030,955,18,18,1,25.04177,121.58735,0
500111070,20231030,956,18,18,1,25.04177,121.58735,0
500111070,20231030,957,18,18,1,25.04177,121.58735,0
500111070,20231030,958,18,18,1,25.04177,121.58735,0
500111070,20231030,959,18,18,1,25.04177,121.58735,0
500111070,20231030,961,18,18,1,25.04177,121.58735,0
500111070,20231030,962,18,18,1,25.04177,121.58735,0
500111070,20231030,963,18,18,1,25.04177,121.58735,0
500111070,20231030,964,18,18,1,25.04177,121.58735,0
500111070,20231030,965,18,18,1,25.04177,121.58735,0
500111070,20231030,966,18,18,1,25.04177,121.58735,0
500111070,20231030,967,18,18,1,25.04177,121.58735,0
500111070,20231030,968,18,18,1,25.04177,121.58735,0
500111070,20231030,969,18,18,1,25.04177,121.58735,0
500111070,20231030,971,18,18,1,25.04177,121.58735,0
500111070,20231030,972,18,18,1,25.04177,121.58735,0
500111070,20231030,973,18,18,1,25.04177,121.58735,0
500111070,20231030,974,18,18,1,25.04177,121.58735,0
500111070,20231030,975,18,17,1,25.04177,121.58735,1
500111070,20231030,976,18,17,1,25.04177,121.58735,1
500111070,20231030,977,18,18,1,25.04177,121.58735,0
500111070,20231030,978,18,18,1,25.04177,121.58735,0
500111070,20231030,979,18,18,1,25.04177,121.58735,0
500111070,20231030,981,18,18,1,25.04177,121.58735,0
500111070,20231030,982,18,18,1,25.04177,121.58735,0
500111070,20231030,983,18,18,1,25.04177,121.58735,0
500111070,20231030,984,18,18,1,25.04177,121.58735,0
500111070,20231030,985,18,18,1,25.04177,121.58735,0
500111070,20231030,986,18,18,1,25.04177,121.58735,0
500111070,20231030,987,18,18,1,25.04177,121.58735,0
500111070,20231030,988,18,18,1,25.04177,121.58735,0
500111070,20231030,989,18,18,1,25.04177,121.58735,0
500111070,20231030,992,18,17,1,25.04177,121.58735,1
500111070,20231030,993,18,17,1,25.04177,121.58735,1
500111070,20231030,994,18,17,1,25.04177,121.58735,1
500111070,20231030,995,18,16,1,25.04177,121.58735,2
500111070,20231030,996,18,16,1,25.04177,121.58735,2
500111070,20231030,997,18,16,1,25.04177,121.58735,2
500111070,20231030,998,18,16,1,25.04177,121.58735,2
500111070,20231030,999,18,17,1,25.04177,121.58735,1
500111070,20231030,1001,18,17,1,25.04177,121.58735,1
500111070,20231030,1002,18,16,1,25.04177,121.58735,2
500111070,20231030,1003,18,15,1,25.04177,121.58735,3
500111070,20231030,1004,18,15,1,25.04177,121.58735,3
500111070,20231030,1005,18,15,1,25.04177,121.58735,3
500111070,20231030,1006,18,15,1,25.04177,121.58735,3
500111070,20231030,1007,18,15,1,25.04177,121.58735,3
500111070,20231030,1008,18,14,1,25.04177,121.58735,4
500111070,20231030,1009,18,12,1,25.04177,121.58735,6
500111070,20231030,1011,18,12,1,25.04177,121.58735,6
500111070,20231030,1012,18,12,1,25.04177,121.58735,6
500111070,20231030,1013,18,12,1,25.04177,121.58735,6
500111070,20231030,1014,18,12,1,25.04177,121.58735,6
500111070,20231030,1015,18,12,1,25.04177,121.58735,6
500111070,20231030,1016,18,12,1,25.04177,121.58735,6
500111070,20231030,1017,18,12,1,25.04177,121.58735,6
500111070,20231030,1018,18,12,1,25.04177,121.58735,6
500111070,20231030,1019,18,12,1,25.04177,121.58735,6
500111070,20231030,1022,18,12,1,25.04177,121.58735,6
500111070,20231030,1023,18,12,1,25.04177,121.58735,6
500111070,20231030,1024,18,12,1,25.04177,121.58735,6
500111070,20231030,1025,18,12,1,25.04177,121.58735,6
500111070,20231030,1026,18,12,1,25.04177,121.58735,6
500111070,20231030,1027,18,12,1,25.04177,121.58735,6
500111070,20231030,1028,18,12,1,25.04177,121.58735,6
500111070,20231030,1029,18,12,1,25.04177,121.58735,6
500111070,20231030,1031,18,12,1,25.04177,121.58735,6
500111070,20231030,1032,18,12,1,25.04177,121.58735,6
500111070,20231030,1033,18,12,1,25.04177,121.58735,6
500111070,20231030,1034,18,12,1,25.04177,121.58735,6
500111070,20231030,1035,18,13,1,25.04177,121.58735,5
500111070,20231030,1036,18,13,1,25.04177,121.58735,5
500111070,20231030,1037,18,11,1,25.04177,121.58735,7
500111070,20231030,1038,18,10,1,25.04177,121.58735,8
500111070,20231030,1039,18,10,1,25.04177,121.58735,8
500111070,20231030,1041,18,9,1,25.04177,121.58735,9
500111070,20231030,1042,18,9,1,25.04177,121.58735,9
500111070,20231030,1044,18,8,1,25.04177,121.58735,10
500111070,20231030,1045,18,8,1,25.04177,121.58735,10
500111070,20231030,1046,18,8,1,25.04177,121.58735,10
500111070,20231030,1047,18,8,1,25.04177,121.58735,10
500111070,20231030,1048,18,8,1,25.04177,121.58735,10
500111070,20231030,1049,18,8,1,25.04177,121.58735,10
500111070,20231030,1051,18,7,1,25.04177,121.58735,11
500111070,20231030,1052,18,7,1,25.04177,121.58735,11
500111070,20231030,1053,18,7,1,25.04177,121.58735,11
500111070,20231030,1054,18,7,1,25.04177,121.58735,11
500111070,20231030,1055,18,7,1,25.04177,121.58735,11
500111070,20231030,1056,18,6,1,25.04177,121.58735,12
500111070,20231030,1057,18,6,1,25.04177,121.58735,12
500111070,20231030,1058,18,6,1,25.04177,121.58735,12
500111070,20231030,1059,18,6,1,25.04177,121.58735,12
500111070,20231030,1061,18,6,1,25.04177,121.58735,12
500111070,20231030,1062,18,6,1,25.04177,121.58735,12
500111070,20231030,1063,18,6,1,25.04177,121.58735,12
500111070,20231030,1064,18,7,1,25.04177,121.58735,11
500111070,20231030,1065,18,7,1,25.04177,121.58735,11
500111070,20231030,1066,18,6,1,25.04177,121.58735,12
500111070,20231030,1067,18,5,1,25.04177,121.58735,13
500111070,20231030,1068,18,5,1,25.04177,121.58735,13
500111070,20231030,1069,18,5,1,25.04177,121.58735,13
500111070,20231030,1070,18,5,1,25.04177,121.58735,13
500111070,20231030,1072,18,4,1,25.04177,121.58735,14
500111070,20231030,1073,18,3,1,25.04177,121.58735,15
500111070,20231030,1074,18,3,1,25.04177,121.58735,15
500111070,20231030,1075,18,3,1,25.04177,121.58735,15
500111070,20231030,1076,18,2,1,25.04177,121.58735,16
500111070,20231030,1077,18,3,1,25.04177,121.58735,15
500111070,20231030,1078,18,2,1,25.04177,121.58735,16
500111070,20231030,1079,18,0,1,25.04177,121.58735,18
500111070,20231030,1081,18,1,1,25.04177,121.58735,17
500111070,20231030,1082,18,1,1,25.04177,121.58735,17
500111070,20231030,1083,18,2,1,25.04177,121.58735,16
500111070,20231030,1084,18,2,1,25.04177,121.58735,16
500111070,20231030,1085,18,2,1,25.04177,121.58735,16
500111070,20231030,1086,18,2,1,25.04177,121.58735,16
500111070,20231030,1087,18,2,1,25.04177,121.58735,16
500111070,20231030,1088,18,3,1,25.04177,121.58735,15
500111070,20231030,1089,18,2,1,25.04177,121.58735,16
500111070,20231030,1091,18,2,1,25.04177,121.58735,16
500111070,20231030,1092,18,2,1,25.04177,121.58735,16
500111070,20231030,1093,18,2,1,25.04177,121.58735,16
500111070,20231030,1094,18,2,1,25.04177,121.58735,16
500111070,20231030,1095,18,2,1,25.04177,121.58735,16
500111070,20231030,1096,18,1,1,25.04177,121.58735,17
500111070,20231030,1097,18,1,1,25.04177,121.58735,17
500111070,20231030,1098,18,1,1,25.04177,121.58735,17
500111070,20231030,1099,18,1,1,25.04177,121.58735,17
500111070,20231030,1101,18,0,1,25.04177,121.58735,18
500111070,20231030,1102,18,0,1,25.04177,121.58735,18
500111070,20231030,1103,18,1,1,25.04177,121.58735,17
500111070,20231030,1104,18,2,1,25.04177,121.58735,16
500111070,20231030,1105,18,5,1,25.04177,121.58735,13
500111070,20231030,1106,18,9,1,25.04177,121.58735,9
500111070,20231030,1107,18,11,1,25.04177,121.58735,7
500111070,20231030,1108,18,13,1,25.04177,121.58735,5
500111070,20231030,1109,18,15,1,25.04177,121.58735,3
500111070,20231030,1111,18,18,1,25.04177,121.58735,0
500111070,20231030,1112,18,18,1,25.04177,121.58735,0
500111070,20231030,1113,18,17,1,25.04177,121.58735,1
500111070,20231030,1114,18,17,1,25.04177,121.58735,1
500111070,20231030,1115,18,16,1,25.04177,121.58735,2
500111070,20231030,1116,18,18,1,25.04177,121.58735,0
500111070,20231030,1117,18,18,1,25.04177,121.58735,0
500111070,20231030,1118,18,16,1,25.04177,121.58735,2
500111070,20231030,1119,18,17,1,25.04177,121.58735,1
500111070,20231030,1121,18,17,1,25.04177,121.58735,1
500111070,20231030,1122,18,17,1,25.04177,121.58735,1
500111070,20231030,1123,18,16,1,25.04177,121.58735,2
500111070,20231030,1124,18,14,1,25.04177,121.58735,4
500111070,20231030,1125,18,13,1,25.04177,121.58735,5
500111070,20231030,1126,18,13,1,25.04177,121.58735,5
500111070,20231030,1127,18,12,1,25.04177,121.58735,6
500111070,20231030,1128,18,12,1,25.04177,121.58735,6
500111070,20231030,1129,18,12,1,25.04177,121.58735,6
500111070,20231030,1131,18,11,1,25.04177,121.58735,7
500111070,20231030,1132,18,10,1,25.04177,121.58735,8
500111070,20231030,1133,18,10,1,25.04177,121.58735,8
500111070,20231030,1134,18,10,1,25.04177,121.58735,8
500111070,20231030,1135,18,10,1,25.04177,121.58735,8
500111070,20231030,1136,18,10,1,25.04177,121.58735,8
500111070,20231030,1137,18,10,1,25.04177,121.58735,8
500111070,20231030,1138,18,9,1,25.04177,121.58735,9
500111070,20231030,1139,18,9,1,25.04177,121.58735,9
500111070,20231030,1141,18,9,1,25.04177,121.58735,9
500111070,20231030,1142,18,9,1,25.04177,121.58735,9
500111070,20231030,1143,18,9,1,25.04177,121.58735,9
500111070,20231030,1144,18,9,1,25.04177,121.58735,9
500111070,20231030,1145,18,9,1,25.04177,121.58735,9
500111070,20231030,1146,18,9,1,25.04177,121.58735,9
500111070,20231030,1147,18,9,1,25.04177,121.58735,9
500111070,20231030,1148,18,9,1,25.04177,121.58735,9
500111070,20231030,1149,18,9,1,25.04177,121.58735,9
500111070,20231030,1151,18,9,1,25.04177,121.58735,9
500111070,20231030,1152,18,9,1,25.04177,121.58735,9
500111070,20231030,1153,18,8,1,25.04177,121.58735,10
500111070,20231030,1154,18,8,1,25.04177,121.58735,10
500111070,20231030,1155,18,7,1,25.04177,121.58735,11
500111070,20231030,1156,18,6,1,25.04177,121.58735,12
500111070,20231030,1157,18,6,1,25.04177,121.58735,12
500111070,20231030,1158,18,6,1,25.04177,121.58735,12
500111070,20231030,1159,18,6,1,25.04177,121.58735,12
500111070,20231030,1161,18,4,1,25.04177,121.58735,14
500111070,20231030,1162,18,4,1,25.04177,121.58735,14
500111070,20231030,1163,18,4,1,25.04177,121.58735,14
500111070,20231030,1164,18,4,1,25.04177,121.58735,14
500111070,20231030,1165,18,4,1,25.04177,121.58735,14
500111070,20231030,1166,18,4,1,25.04177,121.58735,14
500111070,20231030,1167,18,4,1,25.04177,121.58735,14
500111070,20231030,1168,18,4,1,25.04177,121.58735,14
500111070,20231030,1169,18,4,1,25.04177,121.58735,14
500111070,20231030,1171,18,4,1,25.04177,121.58735,14
500111070,20231030,1172,18,5,1,25.04177,121.58735,13
500111070,20231030,1173,18,5,1,25.04177,121.58735,13
500111070,20231030,1174,18,5,1,25.04177,121.58735,13
500111070,20231030,1175,18,5,1,25.04177,121.58735,13
500111070,20231030,1176,18,6,1,25.04177,121.58735,12
500111070,20231030,1177,18,7,1,25.04177,121.58735,11
500111070,20231030,1178,18,9,1,25.04177,121.58735,9
500111070,20231030,1179,18,13,1,25.04177,121.58735,5
500111070,20231030,1181,18,15,1,25.04177,121.58735,3
500111070,20231030,1182,18,16,1,25.04177,121.58735,2
500111070,20231030,1183,18,16,1,25.04177,121.58735,2
500111070,20231030,1184,18,16,1,25.04177,121.58735,2
500111070,20231030,1185,18,17,1,25.04177,121.58735,1
500111070,20231030,1186,18,17,1,25.04177,121.58735,1
500111070,20231030,1187,18,17,1,25.04177,121.58735,1
500111070,20231030,1188,18,17,1,25.04177,121.58735,1
500111070,20231030,1189,18,17,1,25.04177,121.58735,1
500111070,20231030,1190,18,17,1,25.04177,121.58735,1
500111070,20231030,1191,18,16,1,25.04177,121.58735,2
500111070,20231030,1192,18,16,1,25.04177,121.58735,2
500111070,20231030,1193,18,16,1,25.04177,121.58735,2
500111070,20231030,1194,18,16,1,25.04177,121.58735,2
500111070,20231030,1195,18,16,1,25.04177,121.58735,2
500111070,20231030,1196,18,15,1,25.04177,121.58735,3
500111070,20231030,1197,18,15,1,25.04177,121.58735,3
500111070,20231030,1198,18,15,1,25.04177,121.58735,3
500111070,20231030,1199,18,15,1,25.04177,121.58735,3
500111070,20231030,1201,18,15,1,25.04177,121.58735,3
500111070,20231030,1202,18,15,1,25.04177,121.58735,3
500111070,20231030,1203,18,15,1,25.04177,121.58735,3
500111070,20231030,1204,18,14,1,25.04177,121.58735,4
500111070,20231030,1205,18,15,1,25.04177,121.58735,3
500111070,20231030,1206,18,15,1,25.04177,121.58735,3
500111070,20231030,1207,18,15,1,25.04177,121.58735,3
500111070,20231030,1208,18,15,1,25.04177,121.58735,3
500111070,20231030,1209,18,15,1,25.04177,121.58735,3
500111070,20231030,1210,18,15,1,25.04177,121.58735,3
500111070,20231030,1211,18,15,1,25.04177,121.58735,3
500111070,20231030,1212,18,15,1,25.04177,121.58735,3
500111070,20231030,1213,18,15,1,25.04177,121.58735,3
500111070,20231030,1214,18,15,1,25.04177,121.58735,3
500111070,20231030,1215,18,15,1,25.04177,121.58735,3
500111070,20231030,1216,18,15,1,25.04177,121.58735,3
500111070,20231030,1217,18,15,1,25.04177,121.58735,3
500111070,20231030,1218,18,15,1,25.04177,121.58735,3
500111070,20231030,1219,18,15,1,25.04177,121.58735,3
500111070,20231030,1221,18,15,1,25.04177,121.58735,3
500111070,20231030,1222,18,15,1,25.04177,121.58735,3
500111070,20231030,1223,18,15,1,25.04177,121.58735,3
500111070,20231030,1224,18,15,1,25.04177,121.58735,3
500111070,20231030,1225,18,14,1,25.04177,121.58735,4
500111070,20231030,1226,18,13,1,25.04177,121.58735,5
500111070,20231030,1227,18,13,1,25.04177,121.58735,5
500111070,20231030,1228,18,14,1,25.04177,121.58735,4
500111070,20231030,1229,18,14,1,25.04177,121.58735,4
500111070,20231030,1231,18,16,1,25.04177,121.58735,2
500111070,20231030,1232,18,16,1,25.04177,121.58735,2
500111070,20231030,1233,18,16,1,25.04177,121.58735,2
500111070,20231030,1234,18,16,1,25.04177,121.58735,2
500111070,20231030,1235,18,15,1,25.04177,121.58735,3
500111070,20231030,1236,18,16,1,25.04177,121.58735,2
500111070,20231030,1237,18,16,1,25.04177,121.58735,2
500111070,20231030,1238,18,16,1,25.04177,121.58735,2
500111070,20231030,1239,18,15,1,25.04177,121.58735,3
500111070,20231030,1240,18,15,1,25.04177,121.58735,3
500111070,20231030,1241,18,14,1,25.04177,121.58735,4
500111070,20231030,1242,18,14,1,25.04177,121.58735,4
500111070,20231030,1243,18,14,1,25.04177,121.58735,4
500111070,20231030,1244,18,14,1,25.04177,121.58735,4
500111070,20231030,1245,18,14,1,25.04177,121.58735,4
500111070,20231030,1246,18,14,1,25.04177,121.58735,4
500111070,20231030,1247,18,14,1,25.04177,121.58735,4
500111070,20231030,1248,18,15,1,25.04177,121.58735,3
500111070,20231030,1249,18,15,1,25.04177,121.58735,3
500111070,20231030,1250,18,15,1,25.04177,121.58735,3
500111070,20231030,1251,18,15,1,25.04177,121.58735,3
500111070,20231030,1252,18,16,1,25.04177,121.58735,2
500111070,20231030,1253,18,16,1,25.04177,121.58735,2
500111070,20231030,1254,18,16,1,25.04177,121.58735,2
500111070,20231030,1255,18,16,1,25.04177,121.58735,2
500111070,20231030,1256,18,16,1,25.04177,121.58735,2
500111070,20231030,1257,18,16,1,25.04177,121.58735,2
500111070,20231030,1258,18,15,1,25.04177,121.58735,3
500111070,20231030,1259,18,15,1,25.04177,121.58735,3
500111070,20231030,1261,18,15,1,25.04177,121.58735,3
500111070,20231030,1262,18,15,1,25.04177,121.58735,3
500111070,20231030,1263,18,15,1,25.04177,121.58735,3
500111070,20231030,1264,18,14,1,25.04177,121.58735,4
500111070,20231030,1265,18,13,1,25.04177,121.58735,5
500111070,20231030,1266,18,13,1,25.04177,121.58735,5
500111070,20231030,1267,18,12,1,25.04177,121.58735,6
500111070,20231030,1268,18,11,1,25.04177,121.58735,7
500111070,20231030,1269,18,11,1,25.04177,121.58735,7
500111070,20231030,1270,18,10,1,25.04177,121.58735,8
500111070,20231030,1271,18,10,1,25.04177,121.58735,8
500111070,20231030,1272,18,10,1,25.04177,121.58735,8
500111070,20231030,1273,18,10,1,25.04177,121.58735,8
500111070,20231030,1274,18,10,1,25.04177,121.58735,8
500111070,20231030,1275,18,10,1,25.04177,121.58735,8
500111070,20231030,1276,18,10,1,25.04177,121.58735,8
500111070,20231030,1277,18,10,1,25.04177,121.58735,8
500111070,20231030,1278,18,10,1,25.04177,121.58735,8
500111070,20231030,1279,18,9,1,25.04177,121.58735,9
500111070,20231030,1281,18,10,1,25.04177,121.58735,8
500111070,20231030,1282,18,10,1,25.04177,121.58735,8
500111070,20231030,1283,18,9,1,25.04177,121.58735,9
500111070,20231030,1284,18,8,1,25.04177,121.58735,10
500111070,20231030,1285,18,8,1,25.04177,121.58735,10
500111070,20231030,1286,18,8,1,25.04177,121.58735,10
500111070,20231030,1287,18,8,1,25.04177,121.58735,10
500111070,20231030,1288,18,8,1,25.04177,121.58735,10
500111070,20231030,1289,18,8,1,25.04177,121.58735,10
500111070,20231030,1291,18,8,1,25.04177,121.58735,10
500111070,20231030,1292,18,8,1,25.04177,121.58735,10
500111070,20231030,1293,18,8,1,25.04177,121.58735,10
500111070,20231030,1294,18,7,1,25.04177,121.58735,11
500111070,20231030,1295,18,7,1,25.04177,121.58735,11
500111070,20231030,1296,18,7,1,25.04177,121.58735,11
500111070,20231030,1297,18,6,1,25.04177,121.58735,12
500111070,20231030,1298,18,6,1,25.04177,121.58735,12
500111070,20231030,1299,18,6,1,25.04177,121.58735,12
500111070,20231030,1300,18,6,1,25.04177,121.58735,12
500111070,20231030,1301,18,6,1,25.04177,121.58735,12
500111070,20231030,1302,18,6,1,25.04177,121.58735,12
500111070,20231030,1303,18,6,1,25.04177,121.58735,12
500111070,20231030,1304,18,6,1,25.04177,121.58735,12
500111070,20231030,1305,18,6,1,25.04177,121.58735,12
500111070,20231030,1306,18,6,1,25.04177,121.58735,12
500111070,20231030,1307,18,6,1,25.04177,121.58735,12
500111070,20231030,1308,18,6,1,25.04177,121.58735,12
500111070,20231030,1309,18,6,1,25.04177,121.58735,12
500111070,20231030,1310,18,6,1,25.04177,121.58735,12
500111070,20231030,1311,18,4,1,25.04177,121.58735,14
500111070,20231030,1312,18,4,1,25.04177,121.58735,14
500111070,20231030,1313,18,4,1,25.04177,121.58735,14
500111070,20231030,1314,18,3,1,25.04177,121.58735,15
500111070,20231030,1315,18,3,1,25.04177,121.58735,15
500111070,20231030,1316,18,2,1,25.04177,121.58735,16
500111070,20231030,1317,18,2,1,25.04177,121.58735,16
500111070,20231030,1318,18,2,1,25.04177,121.58735,16
500111070,20231030,1319,18,2,1,25.04177,121.58735,16
500111070,20231030,1321,18,2,1,25.04177,121.58735,16
500111070,20231030,1322,18,2,1,25.04177,121.58735,16
500111070,20231030,1323,18,2,1,25.04177,121.58735,16
500111070,20231030,1324,18,2,1,25.04177,121.58735,16
500111070,20231030,1325,18,2,1,25.04177,121.58735,16
500111070,20231030,1326,18,2,1,25.04177,121.58735,16
500111070,20231030,1327,18,2,1,25.04177,121.58735,16
500111070,20231030,1328,18,2,1,25.04177,121.58735,16
500111070,20231030,1329,18,3,1,25.04177,121.58735,15
500111070,20231030,1330,18,3,1,25.04177,121.58735,15
500111070,20231030,1331,18,3,1,25.04177,121.58735,15
500111070,20231030,1332,18,2,1,25.04177,121.58735,16
500111070,20231030,1333,18,1,1,25.04177,121.58735,17
500111070,20231030,1334,18,1,1,25.04177,121.58735,17
500111070,20231030,1335,18,1,1,25.04177,121.58735,17
500111070,20231030,1336,18,0,1,25.04177,121.58735,18
500111070,20231030,1337,18,0,1,25.04177,121.58735,18
500111070,20231030,1338,18,0,1,25.04177,121.58735,18
500111070,20231030,1339,18,0,1,25.04177,121.58735,18
500111070,20231030,1341,18,0,1,25.04177,121.58735,18
500111070,20231030,1343,18,0,1,25.04177,121.58735,18
500111070,20231030,1344,18,0,1,25.04177,121.58735,18
500111070,20231030,1345,18,0,1,25.04177,121.58735,18
500111070,20231030,1346,18,0,1,25.04177,121.58735,18
500111070,20231030,1347,18,0,1,25.04177,121.58735,18
500111070,20231030,1348,18,0,1,25.04177,121.58735,18
500111070,20231030,1349,18,1,1,25.04177,121.58735,17
500111070,20231030,1351,18,5,1,25.04177,121.58735,13
500111070,20231030,1352,18,7,1,25.04177,121.58735,11
500111070,20231030,1353,18,11,1,25.04177,121.58735,7
500111070,20231030,1354,18,11,1,25.04177,121.58735,7
500111070,20231030,1355,18,13,1,25.04177,121.58735,5
500111070,20231030,1356,18,17,1,25.04177,121.58735,1
500111070,20231030,1357,18,16,1,25.04177,121.58735,2
500111070,20231030,1358,18,16,1,25.04177,121.58735,2
500111070,20231030,1359,18,16,1,25.04177,121.58735,2
500111070,20231030,1361,18,15,1,25.04177,121.58735,3
500111070,20231030,1362,18,15,1,25.04177,121.58735,3
500111070,20231030,1363,18,15,1,25.04177,121.58735,3
500111070,20231030,1364,18,15,1,25.04177,121.58735,3
500111070,20231030,1365,18,15,1,25.04177,121.58735,3
500111070,20231030,1366,18,15,1,25.04177,121.58735,3
500111070,20231030,1367,18,15,1,25.04177,121.58735,3
500111070,20231030,1368,18,14,1,25.04177,121.58735,4
500111070,20231030,1369,18,14,1,25.04177,121.58735,4
500111070,20231030,1371,18,14,1,25.04177,121.58735,4
500111070,20231030,1372,18,14,1,25.04177,121.58735,4
500111070,20231030,1373,18,14,1,25.04177,121.58735,4
500111070,20231030,1374,18,14,1,25.04177,121.58735,4
500111070,20231030,1375,18,14,1,25.04177,121.58735,4
500111070,20231030,1376,18,14,1,25.04177,121.58735,4
500111070,20231030,1377,18,14,1,25.04177,121.58735,4
500111070,20231030,1378,18,14,1,25.04177,121.58735,4
500111070,20231030,1379,18,14,1,25.04177,121.58735,4
500111070,20231030,1381,18,14,1,25.04177,121.58735,4
500111070,20231030,1382,18,14,1,25.04177,121.58735,4
500111070,20231030,1383,18,14,1,25.04177,121.58735,4
500111070,20231030,1384,18,14,1,25.04177,121.58735,4
500111070,20231030,1385,18,14,1,25.04177,121.58735,4
500111070,20231030,1386,18,14,1,25.04177,121.58735,4
500111070,20231030,1387,18,14,1,25.04177,121.58735,4
500111070,20231030,1388,18,14,1,25.04177,121.58735,4
500111070,20231030,1389,18,16,1,25.04177,121.58735,2
500111070,20231030,1391,18,16,1,25.04177,121.58735,2
500111070,20231030,1392,18,16,1,25.04177,121.58735,2
500111070,20231030,1393,18,16,1,25.04177,121.58735,2
500111070,20231030,1394,18,16,1,25.04177,121.58735,2
500111070,20231030,1395,18,16,1,25.04177,121.58735,2
500111070,20231030,1396,18,16,1,25.04177,121.58735,2
500111070,20231030,1397,18,16,1,25.04177,121.58735,2
500111070,20231030,1398,18,16,1,25.04177,121.58735,2
500111070,20231030,1399,18,16,1,25.04177,121.58735,2
500111070,20231030,1401,18,16,1,25.04177,121.58735,2
500111070,20231030,1402,18,16,1,25.04177,121.58735,2
500111070,20231030,1403,18,16,1,25.04177,121.58735,2
500111070,20231030,1404,18,16,1,25.04177,121.58735,2
500111070,20231030,1405,18,16,1,25.04177,121.58735,2
500111070,20231030,1406,18,15,1,25.04177,121.58735,3
500111070,20231030,1407,18,14,1,25.04177,121.58735,4
500111070,20231030,1408,18,14,1,25.04177,121.58735,4
500111070,20231030,1409,18,14,1,25.04177,121.58735,4
500111070,20231030,1411,18,14,1,25.04177,121.58735,4
500111070,20231030,1412,18,14,1,25.04177,121.58735,4
500111070,20231030,1413,18,14,1,25.04177,121.58735,4
500111070,20231030,1414,18,14,1,25.04177,121.58735,4
500111070,20231030,1415,18,14,1,25.04177,121.58735,4
500111070,20231030,1416,18,14,1,25.04177,121.58735,4
500111070,20231030,1417,18,14,1,25.04177,121.58735,4
500111070,20231030,1418,18,14,1,25.04177,121.58735,4
500111070,20231030,1419,18,14,1,25.04177,121.58735,4
500111070,20231030,1421,18,14,1,25.04177,121.58735,4
500111070,20231030,1422,18,14,1,25.04177,121.58735,4
500111070,20231030,1423,18,14,1,25.04177,121.58735,4
500111070,20231030,1424,18,14,1,25.04177,121.58735,4
500111070,20231030,1425,18,14,1,25.04177,121.58735,4
500111070,20231030,1426,18,14,1,25.04177,121.58735,4
500111070,20231030,1427,18,14,1,25.04177,121.58735,4
500111070,20231030,1428,18,14,1,25.04177,121.58735,4
500111070,20231030,1429,18,15,1,25.04177,121.58735,3
500111070,20231030,1431,18,15,1,25.04177,121.58735,3
500111070,20231030,1432,18,15,1,25.04177,121.58735,3
500111070,20231030,1433,18,14,1,25.04177,121.58735,4
500111070,20231030,1434,18,14,1,25.04177,121.58735,4
500111070,20231030,1435,18,14,1,25.04177,121.58735,4
500111070,20231030,1436,18,14,1,25.04177,121.58735,4
500111070,20231030,1437,18,14,1,25.04177,121.58735,4
500111070,20231030,1438,18,14,1,25.04177,121.58735,4
500111070,20231030,1439,18,14,1,25.04177,121.58735,4
500111070,20231031,1,18,14,1,25.04177,121.58735,4
500111070,20231031,2,18,14,1,25.04177,121.58735,4
500111070,20231031,3,18,14,1,25.04177,121.58735,4
500111070,20231031,4,18,14,1,25.04177,121.58735,4
500111070,20231031,5,18,13,1,25.04177,121.58735,5
500111070,20231031,6,18,13,1,25.04177,121.58735,5
500111070,20231031,7,18,13,1,25.04177,121.58735,5
500111070,20231031,8,18,13,1,25.04177,121.58735,5
500111070,20231031,9,18,13,1,25.04177,121.58735,5
500111070,20231031,10,18,13,1,25.04177,121.58735,5
500111070,20231031,11,18,13,1,25.04177,121.58735,5
500111070,20231031,12,18,13,1,25.04177,121.58735,5
500111070,20231031,13,18,13,1,25.04177,121.58735,5
500111070,20231031,14,18,13,1,25.04177,121.58735,5
500111070,20231031,15,18,13,1,25.04177,121.58735,5
500111070,20231031,16,18,13,1,25.04177,121.58735,5
500111070,20231031,17,18,13,1,25.04177,121.58735,5
500111070,20231031,18,18,13,1,25.04177,121.58735,5
500111070,20231031,19,18,13,1,25.04177,121.58735,5
500111070,20231031,21,18,13,1,25.04177,121.58735,5
500111070,20231031,22,18,13,1,25.04177,121.58735,5
500111070,20231031,23,18,13,1,25.04177,121.58735,5
500111070,20231031,24,18,13,1,25.04177,121.58735,5
500111070,20231031,25,18,13,1,25.04177,121.58735,5
500111070,20231031,26,18,13,1,25.04177,121.58735,5
500111070,20231031,27,18,13,1,25.04177,121.58735,5
500111070,20231031,28,18,13,1,25.04177,121.58735,5
500111070,20231031,29,18,13,1,25.04177,121.58735,5
500111070,20231031,30,18,13,1,25.04177,121.58735,5
500111070,20231031,31,18,13,1,25.04177,121.58735,5
500111070,20231031,32,18,12,1,25.04177,121.58735,6
500111070,20231031,33,18,12,1,25.04177,121.58735,6
500111070,20231031,34,18,12,1,25.04177,121.58735,6
500111070,20231031,35,18,12,1,25.04177,121.58735,6
500111070,20231031,36,18,12,1,25.04177,121.58735,6
500111070,20231031,37,18,11,1,25.04177,121.58735,7
500111070,20231031,38,18,11,1,25.04177,121.58735,7
500111070,20231031,39,18,11,1,25.04177,121.58735,7
500111070,20231031,40,18,11,1,25.04177,121.58735,7
500111070,20231031,41,18,11,1,25.04177,121.58735,7
500111070,20231031,42,18,11,1,25.04177,121.58735,7
500111070,20231031,43,18,11,1,25.04177,121.58735,7
500111070,20231031,44,18,11,1,25.04177,121.58735,7
500111070,20231031,45,18,11,1,25.04177,121.58735,7
500111070,20231031,46,18,11,1,25.04177,121.58735,7
500111070,20231031,47,18,11,1,25.04177,121.58735,7
500111070,20231031,48,18,11,1,25.04177,121.58735,7
500111070,20231031,49,18,11,1,25.04177,121.58735,7
500111070,20231031,50,18,11,1,25.04177,121.58735,7
500111070,20231031,51,18,11,1,25.04177,121.58735,7
500111070,20231031,52,18,11,1,25.04177,121.58735,7
500111070,20231031,53,18,11,1,25.04177,121.58735,7
500111070,20231031,54,18,11,1,25.04177,121.58735,7
500111070,20231031,55,18,11,1,25.04177,121.58735,7
500111070,20231031,56,18,11,1,25.04177,121.58735,7
500111070,20231031,57,18,10,1,25.04177,121.58735,8
500111070,20231031,58,18,10,1,25.04177,121.58735,8
500111070,20231031,59,18,10,1,25.04177,121.58735,8
500111070,20231031,60,18,10,1,25.04177,121.58735,8
500111070,20231031,61,18,10,1,25.04177,121.58735,8
500111070,20231031,62,18,10,1,25.04177,121.58735,8
500111070,20231031,63,18,10,1,25.04177,121.58735,8
500111070,20231031,64,18,10,1,25.04177,121.58735,8
500111070,20231031,65,18,10,1,25.04177,121.58735,8
500111070,20231031,66,18,10,1,25.04177,121.58735,8
500111070,20231031,67,18,10,1,25.04177,121.58735,8
500111070,20231031,68,18,10,1,25.04177,121.58735,8
500111070,20231031,69,18,10,1,25.04177,121.58735,8
500111070,20231031,70,18,10,1,25.04177,121.58735,8
500111070,20231031,71,18,10,1,25.04177,121.58735,8
500111070,20231031,72,18,10,1,25.04177,121.58735,8
500111070,20231031,73,18,10,1,25.04177,121.58735,8
500111070,20231031,74,18,10,1,25.04177,121.58735,8
500111070,20231031,75,18,10,1,25.04177,121.58735,8
500111070,20231031,76,18,10,1,25.04177,121.58735,8
500111070,20231031,77,18,10,1,25.04177,121.58735,8
500111070,20231031,78,18,10,1,25.04177,121.58735,8
500111070,20231031,79,18,10,1,25.04177,121.58735,8
500111070,20231031,81,18,9,1,25.04177,121.58735,9
500111070,20231031,82,18,9,1,25.04177,121.58735,9
500111070,20231031,83,18,9,1,25.04177,121.58735,9
500111070,20231031,84,18,9,1,25.04177,121.58735,9
500111070,20231031,85,18,9,1,25.04177,121.58735,9
500111070,20231031,86,18,9,1,25.04177,121.58735,9
500111070,20231031,87,18,9,1,25.04177,121.58735,9
500111070,20231031,88,18,9,1,25.04177,121.58735,9
500111070,20231031,89,18,9,1,25.04177,121.58735,9
500111070,20231031,90,18,9,1,25.04177,121.58735,9
500111070,20231031,91,18,9,1,25.04177,121.58735,9
500111070,20231031,92,18,9,1,25.04177,121.58735,9
500111070,20231031,93,18,9,1,25.04177,121.58735,9
500111070,20231031,94,18,9,1,25.04177,121.58735,9
500111070,20231031,95,18,9,1,25.04177,121.58735,9
500111070,20231031,96,18,9,1,25.04177,121.58735,9
500111070,20231031,97,18,9,1,25.04177,121.58735,9
500111070,20231031,98,18,9,1,25.04177,121.58735,9
500111070,20231031,99,18,9,1,25.04177,121.58735,9
500111070,20231031,100,18,9,1,25.04177,121.58735,9
500111070,20231031,101,18,9,1,25.04177,121.58735,9
500111070,20231031,102,18,9,1,25.04177,121.58735,9
500111070,20231031,103,18,9,1,25.04177,121.58735,9
500111070,20231031,104,18,9,1,25.04177,121.58735,9
500111070,20231031,105,18,9,1,25.04177,121.58735,9
500111070,20231031,106,18,9,1,25.04177,121.58735,9
500111070,20231031,107,18,9,1,25.04177,121.58735,9
500111070,20231031,108,18,9,1,25.04177,121.58735,9
500111070,20231031,109,18,9,1,25.04177,121.58735,9
500111070,20231031,110,18,9,1,25.04177,121.58735,9
500111070,20231031,111,18,9,1,25.04177,121.58735,9
500111070,20231031,112,18,9,1,25.04177,121.58735,9
500111070,20231031,113,18,9,1,25.04177,121.58735,9
500111070,20231031,114,18,9,1,25.04177,121.58735,9
500111070,20231031,115,18,9,1,25.04177,121.58735,9
500111070,20231031,116,18,9,1,25.04177,121.58735,9
500111070,20231031,117,18,9,1,25.04177,121.58735,9
500111070,20231031,118,18,9,1,25.04177,121.58735,9
500111070,20231031,119,18,9,1,25.04177,121.58735,9
500111070,20231031,121,18,9,1,25.04177,121.58735,9
500111070,20231031,122,18,9,1,25.04177,121.58735,9
500111070,20231031,123,18,9,1,25.04177,121.58735,9
500111070,20231031,124,18,9,1,25.04177,121.58735,9
500111070,20231031,125,18,9,1,25.04177,121.58735,9
500111070,20231031,126,18,9,1,25.04177,121.58735,9
500111070,20231031,127,18,9,1,25.04177,121.58735,9
500111070,20231031,128,18,9,1,25.04177,121.58735,9
500111070,20231031,129,18,9,1,25.04177,121.58735,9
500111070,20231031,131,18,9,1,25.04177,121.58735,9
500111070,20231031,132,18,9,1,25.04177,121.58735,9
500111070,20231031,133,18,9,1,25.04177,121.58735,9
500111070,20231031,134,18,9,1,25.04177,121.58735,9
500111070,20231031,135,18,9,1,25.04177,121.58735,9
500111070,20231031,136,18,9,1,25.04177,121.58735,9
500111070,20231031,137,18,9,1,25.04177,121.58735,9
500111070,20231031,138,18,9,1,25.04177,121.58735,9
500111070,20231031,139,18,9,1,25.04177,121.58735,9
500111070,20231031,141,18,9,1,25.04177,121.58735,9
500111070,20231031,142,18,9,1,25.04177,121.58735,9
500111070,20231031,143,18,9,1,25.04177,121.58735,9
500111070,20231031,144,18,9,1,25.04177,121.58735,9
500111070,20231031,145,18,9,1,25.04177,121.58735,9
500111070,20231031,146,18,9,1,25.04177,121.58735,9
500111070,20231031,147,18,9,1,25.04177,121.58735,9
500111070,20231031,148,18,9,1,25.04177,121.58735,9
500111070,20231031,149,18,9,1,25.04177,121.58735,9
500111070,20231031,151,18,9,1,25.04177,121.58735,9
500111070,20231031,152,18,9,1,25.04177,121.58735,9
500111070,20231031,153,18,9,1,25.04177,121.58735,9
500111070,20231031,154,18,9,1,25.04177,121.58735,9
500111070,20231031,155,18,9,1,25.04177,121.58735,9
500111070,20231031,156,18,9,1,25.04177,121.58735,9
500111070,20231031,157,18,9,1,25.04177,121.58735,9
500111070,20231031,158,18,9,1,25.04177,121.58735,9
500111070,20231031,159,18,9,1,25.04177,121.58735,9
500111070,20231031,161,18,9,1,25.04177,121.58735,9
500111070,20231031,162,18,9,1,25.04177,121.58735,9
500111070,20231031,163,18,9,1,25.04177,121.58735,9
500111070,20231031,164,18,9,1,25.04177,121.58735,9
500111070,20231031,165,18,9,1,25.04177,121.58735,9
500111070,20231031,166,18,9,1,25.04177,121.58735,9
500111070,20231031,167,18,9,1,25.04177,121.58735,9
500111070,20231031,168,18,9,1,25.04177,121.58735,9
500111070,20231031,169,18,9,1,25.04177,121.58735,9
500111070,20231031,171,18,9,1,25.04177,121.58735,9
500111070,20231031,172,18,9,1,25.04177,121.58735,9
500111070,20231031,173,18,9,1,25.04177,121.58735,9
500111070,20231031,174,18,9,1,25.04177,121.58735,9
500111070,20231031,175,18,9,1,25.04177,121.58735,9
500111070,20231031,176,18,9,1,25.04177,121.58735,9
500111070,20231031,177,18,9,1,25.04177,121.58735,9
500111070,20231031,178,18,9,1,25.04177,121.58735,9
500111070,20231031,179,18,9,1,25.04177,121.58735,9
500111070,20231031,181,18,9,1,25.04177,121.58735,9
500111070,20231031,182,18,9,1,25.04177,121.58735,9
500111070,20231031,183,18,9,1,25.04177,121.58735,9
500111070,20231031,184,18,9,1,25.04177,121.58735,9
500111070,20231031,185,18,9,1,25.04177,121.58735,9
500111070,20231031,186,18,9,1,25.04177,121.58735,9
500111070,20231031,187,18,9,1,25.04177,121.58735,9
500111070,20231031,188,18,9,1,25.04177,121.58735,9
500111070,20231031,189,18,9,1,25.04177,121.58735,9
500111070,20231031,191,18,9,1,25.04177,121.58735,9
500111070,20231031,192,18,9,1,25.04177,121.58735,9
500111070,20231031,193,18,9,1,25.04177,121.58735,9
500111070,20231031,194,18,9,1,25.04177,121.58735,9
500111070,20231031,195,18,9,1,25.04177,121.58735,9
500111070,20231031,196,18,9,1,25.04177,121.58735,9
500111070,20231031,197,18,9,1,25.04177,121.58735,9
500111070,20231031,198,18,9,1,25.04177,121.58735,9
500111070,20231031,199,18,9,1,25.04177,121.58735,9
500111070,20231031,201,18,9,1,25.04177,121.58735,9
500111070,20231031,202,18,9,1,25.04177,121.58735,9
500111070,20231031,203,18,9,1,25.04177,121.58735,9
500111070,20231031,204,18,9,1,25.04177,121.58735,9
500111070,20231031,205,18,9,1,25.04177,121.58735,9
500111070,20231031,206,18,9,1,25.04177,121.58735,9
500111070,20231031,207,18,8,1,25.04177,121.58735,10
500111070,20231031,208,18,8,1,25.04177,121.58735,10
500111070,20231031,209,18,8,1,25.04177,121.58735,10
500111070,20231031,211,18,8,1,25.04177,121.58735,10
500111070,20231031,212,18,8,1,25.04177,121.58735,10
500111070,20231031,213,18,8,1,25.04177,121.58735,10
500111070,20231031,214,18,8,1,25.04177,121.58735,10
500111070,20231031,215,18,8,1,25.04177,121.58735,10
500111070,20231031,216,18,8,1,25.04177,121.58735,10
500111070,20231031,217,18,8,1,25.04177,121.58735,10
500111070,20231031,218,18,8,1,25.04177,121.58735,10
500111070,20231031,219,18,8,1,25.04177,121.58735,10
500111070,20231031,221,18,8,1,25.04177,121.58735,10
500111070,20231031,222,18,8,1,25.04177,121.58735,10
500111070,20231031,223,18,8,1,25.04177,121.58735,10
500111070,20231031,224,18,8,1,25.04177,121.58735,10
500111070,20231031,225,18,8,1,25.04177,121.58735,10
500111070,20231031,226,18,8,1,25.04177,121.58735,10
500111070,20231031,227,18,8,1,25.04177,121.58735,10
500111070,20231031,228,18,8,1,25.04177,121.58735,10
500111070,20231031,229,18,8,1,25.04177,121.58735,10
500111070,20231031,231,18,8,1,25.04177,121.58735,10
500111070,20231031,232,18,8,1,25.04177,121.58735,10
500111070,20231031,233,18,8,1,25.04177,121.58735,10
500111070,20231031,234,18,8,1,25.04177,121.58735,10
500111070,20231031,235,18,8,1,25.04177,121.58735,10
500111070,20231031,236,18,8,1,25.04177,121.58735,10
500111070,20231031,237,18,8,1,25.04177,121.58735,10
500111070,20231031,238,18,8,1,25.04177,121.58735,10
500111070,20231031,239,18,8,1,25.04177,121.58735,10
500111070,20231031,240,18,8,1,25.04177,121.58735,10
500111070,20231031,241,18,8,1,25.04177,121.58735,10
500111070,20231031,242,18,8,1,25.04177,121.58735,10
500111070,20231031,243,18,8,1,25.04177,121.58735,10
500111070,20231031,244,18,8,1,25.04177,121.58735,10
500111070,20231031,245,18,8,1,25.04177,121.58735,10
500111070,20231031,246,18,8,1,25.04177,121.58735,10
500111070,20231031,247,18,8,1,25.04177,121.58735,10
500111070,20231031,248,18,8,1,25.04177,121.58735,10
500111070,20231031,249,18,8,1,25.04177,121.58735,10
500111070,20231031,250,18,8,1,25.04177,121.58735,10
500111070,20231031,251,18,8,1,25.04177,121.58735,10
500111070,20231031,252,18,8,1,25.04177,121.58735,10
500111070,20231031,253,18,8,1,25.04177,121.58735,10
500111070,20231031,254,18,8,1,25.04177,121.58735,10
500111070,20231031,255,18,8,1,25.04177,121.58735,10
500111070,20231031,256,18,8,1,25.04177,121.58735,10
500111070,20231031,257,18,8,1,25.04177,121.58735,10
500111070,20231031,258,18,8,1,25.04177,121.58735,10
500111070,20231031,259,18,8,1,25.04177,121.58735,10
500111070,20231031,261,18,8,1,25.04177,121.58735,10
500111070,20231031,262,18,8,1,25.04177,121.58735,10
500111070,20231031,263,18,8,1,25.04177,121.58735,10
500111070,20231031,264,18,8,1,25.04177,121.58735,10
500111070,20231031,265,18,8,1,25.04177,121.58735,10
500111070,20231031,266,18,8,1,25.04177,121.58735,10
500111070,20231031,267,18,8,1,25.04177,121.58735,10
500111070,20231031,268,18,8,1,25.04177,121.58735,10
500111070,20231031,269,18,8,1,25.04177,121.58735,10
500111070,20231031,270,18,8,1,25.04177,121.58735,10
500111070,20231031,271,18,8,1,25.04177,121.58735,10
500111070,20231031,272,18,8,1,25.04177,121.58735,10
500111070,20231031,273,18,8,1,25.04177,121.58735,10
500111070,20231031,274,18,8,1,25.04177,121.58735,10
500111070,20231031,275,18,8,1,25.04177,121.58735,10
500111070,20231031,276,18,8,1,25.04177,121.58735,10
500111070,20231031,277,18,8,1,25.04177,121.58735,10
500111070,20231031,278,18,8,1,25.04177,121.58735,10
500111070,20231031,279,18,8,1,25.04177,121.58735,10
500111070,20231031,280,18,8,1,25.04177,121.58735,10
500111070,20231031,281,18,8,1,25.04177,121.58735,10
500111070,20231031,282,18,8,1,25.04177,121.58735,10
500111070,20231031,283,18,8,1,25.04177,121.58735,10
500111070,20231031,284,18,8,1,25.04177,121.58735,10
500111070,20231031,285,18,8,1,25.04177,121.58735,10
500111070,20231031,286,18,8,1,25.04177,121.58735,10
500111070,20231031,287,18,8,1,25.04177,121.58735,10
500111070,20231031,288,18,8,1,25.04177,121.58735,10
500111070,20231031,289,18,8,1,25.04177,121.58735,10
500111070,20231031,290,18,8,1,25.04177,121.58735,10
500111070,20231031,291,18,8,1,25.04177,121.58735,10
500111070,20231031,292,18,8,1,25.04177,121.58735,10
500111070,20231031,293,18,8,1,25.04177,121.58735,10
500111070,20231031,294,18,8,1,25.04177,121.58735,10
500111070,20231031,295,18,8,1,25.04177,121.58735,10
500111070,20231031,296,18,8,1,25.04177,121.58735,10
500111070,20231031,297,18,8,1,25.04177,121.58735,10
500111070,20231031,298,18,8,1,25.04177,121.58735,10
500111070,20231031,299,18,8,1,25.04177,121.58735,10
500111070,20231031,300,18,8,1,25.04177,121.58735,10
500111070,20231031,301,18,8,1,25.04177,121.58735,10
500111070,20231031,302,18,8,1,25.04177,121.58735,10
500111070,20231031,303,18,8,1,25.04177,121.58735,10
500111070,20231031,304,18,8,1,25.04177,121.58735,10
500111070,20231031,305,18,8,1,25.04177,121.58735,10
500111070,20231031,306,18,8,1,25.04177,121.58735,10
500111070,20231031,307,18,8,1,25.04177,121.58735,10
500111070,20231031,308,18,8,1,25.04177,121.58735,10
500111070,20231031,309,18,8,1,25.04177,121.58735,10
500111070,20231031,310,18,8,1,25.04177,121.58735,10
500111070,20231031,311,18,8,1,25.04177,121.58735,10
500111070,20231031,312,18,8,1,25.04177,121.58735,10
500111070,20231031,313,18,8,1,25.04177,121.58735,10
500111070,20231031,314,18,8,1,25.04177,121.58735,10
500111070,20231031,315,18,8,1,25.04177,121.58735,10
500111070,20231031,316,18,8,1,25.04177,121.58735,10
500111070,20231031,317,18,8,1,25.04177,121.58735,10
500111070,20231031,318,18,8,1,25.04177,121.58735,10
500111070,20231031,319,18,8,1,25.04177,121.58735,10
500111070,20231031,321,18,7,1,25.04177,121.58735,11
500111070,20231031,322,18,7,1,25.04177,121.58735,11
500111070,20231031,323,18,7,1,25.04177,121.58735,11
500111070,20231031,324,18,7,1,25.04177,121.58735,11
500111070,20231031,325,18,7,1,25.04177,121.58735,11
500111070,20231031,326,18,7,1,25.04177,121.58735,11
500111070,20231031,327,18,7,1,25.04177,121.58735,11
500111070,20231031,328,18,7,1,25.04177,121.58735,11
500111070,20231031,329,18,7,1,25.04177,121.58735,11
500111070,20231031,330,18,7,1,25.04177,121.58735,11
500111070,20231031,331,18,7,1,25.04177,121.58735,11
500111070,20231031,332,18,7,1,25.04177,121.58735,11
500111070,20231031,333,18,7,1,25.04177,121.58735,11
500111070,20231031,334,18,7,1,25.04177,121.58735,11
500111070,20231031,335,18,8,1,25.04177,121.58735,10
500111070,20231031,336,18,8,1,25.04177,121.58735,10
500111070,20231031,337,18,8,1,25.04177,121.58735,10
500111070,20231031,338,18,8,1,25.04177,121.58735,10
500111070,20231031,339,18,8,1,25.04177,121.58735,10
500111070,20231031,340,18,8,1,25.04177,121.58735,10
500111070,20231031,341,18,8,1,25.04177,121.58735,10
500111070,20231031,342,18,8,1,25.04177,121.58735,10
500111070,20231031,343,18,8,1,25.04177,121.58735,10
500111070,20231031,344,18,8,1,25.04177,121.58735,10
500111070,20231031,345,18,8,1,25.04177,121.58735,10
500111070,20231031,346,18,8,1,25.04177,121.58735,10
500111070,20231031,347,18,8,1,25.04177,121.58735,10
500111070,20231031,348,18,8,1,25.04177,121.58735,10
500111070,20231031,349,18,8,1,25.04177,121.58735,10
500111070,20231031,350,18,8,1,25.04177,121.58735,10
500111070,20231031,351,18,8,1,25.04177,121.58735,10
500111070,20231031,352,18,8,1,25.04177,121.58735,10
500111070,20231031,353,18,8,1,25.04177,121.58735,10
500111070,20231031,354,18,8,1,25.04177,121.58735,10
500111070,20231031,355,18,8,1,25.04177,121.58735,10
500111070,20231031,356,18,10,1,25.04177,121.58735,8
500111070,20231031,357,18,10,1,25.04177,121.58735,8
500111070,20231031,358,18,10,1,25.04177,121.58735,8
500111070,20231031,359,18,10,1,25.04177,121.58735,8
500111070,20231031,360,18,10,1,25.04177,121.58735,8
500111070,20231031,361,18,10,1,25.04177,121.58735,8
500111070,20231031,362,18,10,1,25.04177,121.58735,8
500111070,20231031,363,18,10,1,25.04177,121.58735,8
500111070,20231031,364,18,10,1,25.04177,121.58735,8
500111070,20231031,365,18,10,1,25.04177,121.58735,8
500111070,20231031,366,18,10,1,25.04177,121.58735,8
500111070,20231031,367,18,10,1,25.04177,121.58735,8
500111070,20231031,368,18,10,1,25.04177,121.58735,8
500111070,20231031,369,18,10,1,25.04177,121.58735,8
500111070,20231031,370,18,10,1,25.04177,121.58735,8
500111070,20231031,371,18,10,1,25.04177,121.58735,8
500111070,20231031,372,18,10,1,25.04177,121.58735,8
500111070,20231031,373,18,11,1,25.04177,121.58735,7
500111070,20231031,374,18,11,1,25.04177,121.58735,7
500111070,20231031,375,18,11,1,25.04177,121.58735,7
500111070,20231031,376,18,11,1,25.04177,121.58735,7
500111070,20231031,377,18,11,1,25.04177,121.58735,7
500111070,20231031,378,18,11,1,25.04177,121.58735,7
500111070,20231031,379,18,11,1,25.04177,121.58735,7
500111070,20231031,381,18,12,1,25.04177,121.58735,6
500111070,20231031,382,18,12,1,25.04177,121.58735,6
500111070,20231031,383,18,12,1,25.04177,121.58735,6
500111070,20231031,384,18,12,1,25.04177,121.58735,6
500111070,20231031,385,18,12,1,25.04177,121.58735,6
500111070,20231031,386,18,12,1,25.04177,121.58735,6
500111070,20231031,387,18,12,1,25.04177,121.58735,6
500111070,20231031,389,18,12,1,25.04177,121.58735,6
500111070,20231031,391,18,13,1,25.04177,121.58735,5
500111070,20231031,392,18,13,1,25.04177,121.58735,5
500111070,20231031,393,18,13,1,25.04177,121.58735,5
500111070,20231031,394,18,13,1,25.04177,121.58735,5
500111070,20231031,395,18,13,1,25.04177,121.58735,5
500111070,20231031,396,18,13,1,25.04177,121.58735,5
500111070,20231031,397,18,13,1,25.04177,121.58735,5
500111070,20231031,398,18,12,1,25.04177,121.58735,6
500111070,20231031,399,18,12,1,25.04177,121.58735,6
500111070,20231031,401,18,13,1,25.04177,121.58735,5
500111070,20231031,402,18,13,1,25.04177,121.58735,5
500111070,20231031,403,18,13,1,25.04177,121.58735,5
500111070,20231031,404,18,13,1,25.04177,121.58735,5
500111070,20231031,405,18,14,1,25.04177,121.58735,4
500111070,20231031,406,18,14,1,25.04177,121.58735,4
500111070,20231031,407,18,14,1,25.04177,121.58735,4
500111070,20231031,408,18,14,1,25.04177,121.58735,4
500111070,20231031,409,18,14,1,25.04177,121.58735,4
500111070,20231031,411,18,14,1,25.04177,121.58735,4
500111070,20231031,412,18,14,1,25.04177,121.58735,4
500111070,20231031,413,18,14,1,25.04177,121.58735,4
500111070,20231031,414,18,14,1,25.04177,121.58735,4
500111070,20231031,415,18,14,1,25.04177,121.58735,4
500111070,20231031,416,18,14,1,25.04177,121.58735,4
500111070,20231031,417,18,14,1,25.04177,121.58735,4
500111070,20231031,418,18,15,1,25.04177,121.58735,3
500111070,20231031,419,18,15,1,25.04177,121.58735,3
500111070,20231031,421,18,15,1,25.04177,121.58735,3
500111070,20231031,422,18,15,1,25.04177,121.58735,3
500111070,20231031,423,18,16,1,25.04177,121.58735,2
500111070,20231031,424,18,16,1,25.04177,121.58735,2
500111070,20231031,425,18,16,1,25.04177,121.58735,2
500111070,20231031,426,18,17,1,25.04177,121.58735,1
500111070,20231031,427,18,17,1,25.04177,121.58735,1
500111070,20231031,428,18,17,1,25.04177,121.58735,1
500111070,20231031,429,18,17,1,25.04177,121.58735,1
500111070,20231031,431,18,16,1,25.04177,121.58735,2
500111070,20231031,432,18,16,1,25.04177,121.58735,2
500111070,20231031,433,18,16,1,25.04177,121.58735,2
500111070,20231031,434,18,16,1,25.04177,121.58735,2
500111070,20231031,435,18,16,1,25.04177,121.58735,2
500111070,20231031,436,18,16,1,25.04177,121.58735,2
500111070,20231031,437,18,17,1,25.04177,121.58735,1
500111070,20231031,438,18,17,1,25.04177,121.58735,1
500111070,20231031,439,18,17,1,25.04177,121.58735,1
500111070,20231031,441,18,17,1,25.04177,121.58735,1
500111070,20231031,442,18,17,1,25.04177,121.58735,1
500111070,20231031,443,18,17,1,25.04177,121.58735,1
500111070,20231031,444,18,17,1,25.04177,121.58735,1
500111070,20231031,445,18,17,1,25.04177,121.58735,1
500111070,20231031,446,18,17,1,25.04177,121.58735,1
500111070,20231031,447,18,17,1,25.04177,121.58735,1
500111070,20231031,448,18,17,1,25.04177,121.58735,1
500111070,20231031,449,18,17,1,25.04177,121.58735,1
500111070,20231031,451,18,18,1,25.04177,121.58735,0
500111070,20231031,452,18,18,1,25.04177,121.58735,0
500111070,20231031,453,18,18,1,25.04177,121.58735,0
500111070,20231031,454,18,18,1,25.04177,121.58735,0
500111070,20231031,455,18,18,1,25.04177,121.58735,0
500111070,20231031,456,18,18,1,25.04177,121.58735,0
500111070,20231031,457,18,18,1,25.04177,121.58735,0
500111070,20231031,458,18,18,1,25.04177,121.58735,0
500111070,20231031,459,18,18,1,25.04177,121.58735,0
500111070,20231031,461,18,17,1,25.04177,121.58735,1
500111070,20231031,462,18,18,1,25.04177,121.58735,0
500111070,20231031,463,18,18,1,25.04177,121.58735,0
500111070,20231031,464,18,18,1,25.04177,121.58735,0
500111070,20231031,465,18,18,1,25.04177,121.58735,0
500111070,20231031,466,18,18,1,25.04177,121.58735,0
500111070,20231031,467,18,18,1,25.04177,121.58735,0
500111070,20231031,468,18,18,1,25.04177,121.58735,0
500111070,20231031,469,18,18,1,25.04177,121.58735,0
500111070,20231031,471,18,18,1,25.04177,121.58735,0
500111070,20231031,472,18,18,1,25.04177,121.58735,0
500111070,20231031,473,18,18,1,25.04177,121.58735,0
500111070,20231031,474,18,18,1,25.04177,121.58735,0
500111070,20231031,475,18,18,1,25.04177,121.58735,0
500111070,20231031,476,18,18,1,25.04177,121.58735,0
500111070,20231031,477,18,18,1,25.04177,121.58735,0
500111070,20231031,478,18,18,1,25.04177,121.58735,0
500111070,20231031,479,18,18,1,25.04177,121.58735,0
500111070,20231031,481,18,18,1,25.04177,121.58735,0
500111070,20231031,482,18,18,1,25.04177,121.58735,0
500111070,20231031,483,18,18,1,25.04177,121.58735,0
500111070,20231031,484,18,18,1,25.04177,121.58735,0
500111070,20231031,485,18,18,1,25.04177,121.58735,0
500111070,20231031,486,18,18,1,25.04177,121.58735,0
500111070,20231031,487,18,18,1,25.04177,121.58735,0
500111070,20231031,488,18,18,1,25.04177,121.58735,0
500111070,20231031,489,18,18,1,25.04177,121.58735,0
500111070,20231031,491,18,11,1,25.04177,121.58735,7
500111070,20231031,492,18,9,1,25.04177,121.58735,9
500111070,20231031,493,18,5,1,25.04177,121.58735,13
500111070,20231031,494,18,5,1,25.04177,121.58735,13
500111070,20231031,495,18,5,1,25.04177,121.58735,13
500111070,20231031,496,18,5,1,25.04177,121.58735,13
500111070,20231031,497,18,5,1,25.04177,121.58735,13
500111070,20231031,498,18,6,1,25.04177,121.58735,12
500111070,20231031,499,18,6,1,25.04177,121.58735,12
500111070,20231031,501,18,7,1,25.04177,121.58735,11
500111070,20231031,502,18,7,1,25.04177,121.58735,11
500111070,20231031,503,18,7,1,25.04177,121.58735,11
500111070,20231031,504,18,7,1,25.04177,121.58735,11
500111070,20231031,505,18,7,1,25.04177,121.58735,11
500111070,20231031,506,18,7,1,25.04177,121.58735,11
500111070,20231031,507,18,9,1,25.04177,121.58735,9
500111070,20231031,508,18,9,1,25.04177,121.58735,9
500111070,20231031,509,18,9,1,25.04177,121.58735,9
500111070,20231031,511,18,10,1,25.04177,121.58735,8
500111070,20231031,512,18,10,1,25.04177,121.58735,8
500111070,20231031,513,18,7,1,25.04177,121.58735,11
500111070,20231031,514,18,5,1,25.04177,121.58735,13
500111070,20231031,515,18,5,1,25.04177,121.58735,13
500111070,20231031,516,18,6,1,25.04177,121.58735,12
500111070,20231031,517,18,6,1,25.04177,121.58735,12
500111070,20231031,518,18,6,1,25.04177,121.58735,12
500111070,20231031,519,18,6,1,25.04177,121.58735,12
500111070,20231031,521,18,6,1,25.04177,121.58735,12
500111070,20231031,522,18,6,1,25.04177,121.58735,12
500111070,20231031,523,18,6,1,25.04177,121.58735,12
500111070,20231031,524,18,6,1,25.04177,121.58735,12
500111070,20231031,525,18,6,1,25.04177,121.58735,12
500111070,20231031,526,18,6,1,25.04177,121.58735,12
500111070,20231031,527,18,7,1,25.04177,121.58735,11
500111070,20231031,528,18,7,1,25.04177,121.58735,11
500111070,20231031,529,18,7,1,25.04177,121.58735,11
500111070,20231031,531,18,7,1,25.04177,121.58735,11
500111070,20231031,532,18,8,1,25.04177,121.58735,10
500111070,20231031,533,18,8,1,25.04177,121.58735,10
500111070,20231031,534,18,8,1,25.04177,121.58735,10
500111070,20231031,535,18,8,1,25.04177,121.58735,10
500111070,20231031,536,18,8,1,25.04177,121.58735,10
500111070,20231031,537,18,10,1,25.04177,121.58735,8
500111070,20231031,538,18,10,1,25.04177,121.58735,8
500111070,20231031,539,18,11,1,25.04177,121.58735,7
500111070,20231031,541,18,11,1,25.04177,121.58735,7
500111070,20231031,542,18,11,1,25.04177,121.58735,7
500111070,20231031,543,18,11,1,25.04177,121.58735,7
500111070,20231031,544,18,12,1,25.04177,121.58735,6
500111070,20231031,545,18,12,1,25.04177,121.58735,6
500111070,20231031,546,18,12,1,25.04177,121.58735,6
500111070,20231031,547,18,13,1,25.04177,121.58735,5
500111070,20231031,548,18,13,1,25.04177,121.58735,5
500111070,20231031,549,18,13,1,25.04177,121.58735,5
500111070,20231031,551,18,15,1,25.04177,121.58735,3
500111070,20231031,552,18,15,1,25.04177,121.58735,3
500111070,20231031,553,18,16,1,25.04177,121.58735,2
500111070,20231031,554,18,16,1,25.04177,121.58735,2
500111070,20231031,555,18,15,1,25.04177,121.58735,3
500111070,20231031,556,18,15,1,25.04177,121.58735,3
500111070,20231031,557,18,15,1,25.04177,121.58735,3
500111070,20231031,558,18,15,1,25.04177,121.58735,3
500111070,20231031,559,18,16,1,25.04177,121.58735,2
500111070,20231031,561,18,16,1,25.04177,121.58735,2
500111070,20231031,562,18,16,1,25.04177,121.58735,2
500111070,20231031,563,18,16,1,25.04177,121.58735,2
500111070,20231031,564,18,16,1,25.04177,121.58735,2
500111070,20231031,565,18,15,1,25.04177,121.58735,3
500111070,20231031,566,18,15,1,25.04177,121.58735,3
500111070,20231031,567,18,15,1,25.04177,121.58735,3
500111070,20231031,568,18,15,1,25.04177,121.58735,3
500111070,20231031,569,18,15,1,25.04177,121.58735,3
500111070,20231031,571,18,15,1,25.04177,121.58735,3
500111070,20231031,572,18,15,1,25.04177,121.58735,3
500111070,20231031,573,18,15,1,25.04177,121.58735,3
500111070,20231031,574,18,15,1,25.04177,121.58735,3
500111070,20231031,575,18,15,1,25.04177,121.58735,3
500111070,20231031,576,18,15,1,25.04177,121.58735,3
500111070,20231031,577,18,15,1,25.04177,121.58735,3
500111070,20231031,578,18,15,1,25.04177,121.58735,3
500111070,20231031,579,18,15,1,25.04177,121.58735,3
500111070,20231031,581,18,15,1,25.04177,121.58735,3
500111070,20231031,582,18,15,1,25.04177,121.58735,3
500111070,20231031,583,18,15,1,25.04177,121.58735,3
500111070,20231031,584,18,15,1,25.04177,121.58735,3
500111070,20231031,585,18,15,1,25.04177,121.58735,3
500111070,20231031,586,18,15,1,25.04177,121.58735,3
500111070,20231031,587,18,15,1,25.04177,121.58735,3
500111070,20231031,588,18,15,1,25.04177,121.58735,3
500111070,20231031,589,18,15,1,25.04177,121.58735,3
500111070,20231031,591,18,15,1,25.04177,121.58735,3
500111070,20231031,593,18,15,1,25.04177,121.58735,3
500111070,20231031,594,18,16,1,25.04177,121.58735,2
500111070,20231031,595,18,16,1,25.04177,121.58735,2
500111070,20231031,597,18,16,1,25.04177,121.58735,2
500111070,20231031,598,18,16,1,25.04177,121.58735,2
500111070,20231031,599,18,16,1,25.04177,121.58735,2
500111070,20231031,601,18,16,1,25.04177,121.58735,2
500111070,20231031,602,18,16,1,25.04177,121.58735,2
500111070,20231031,603,18,16,1,25.04177,121.58735,2
500111070,20231031,604,18,16,1,25.04177,121.58735,2
500111070,20231031,605,18,16,1,25.04177,121.58735,2
500111070,20231031,606,18,18,1,25.04177,121.58735,0
500111070,20231031,607,18,18,1,25.04177,121.58735,0
500111070,20231031,608,18,18,1,25.04177,121.58735,0
500111070,20231031,609,18,18,1,25.04177,121.58735,0
500111070,20231031,610,18,18,1,25.04177,121.58735,0
500111070,20231031,611,18,18,1,25.04177,121.58735,0
500111070,20231031,612,18,18,1,25.04177,121.58735,0
500111070,20231031,613,18,18,1,25.04177,121.58735,0
500111070,20231031,614,18,18,1,25.04177,121.58735,0
500111070,20231031,615,18,18,1,25.04177,121.58735,0
500111070,20231031,616,18,18,1,25.04177,121.58735,0
500111070,20231031,617,18,18,1,25.04177,121.58735,0
500111070,20231031,618,18,17,1,25.04177,121.58735,1
500111070,20231031,619,18,17,1,25.04177,121.58735,1
500111070,20231031,621,18,18,1,25.04177,121.58735,0
500111070,20231031,622,18,18,1,25.04177,121.58735,0
500111070,20231031,623,18,18,1,25.04177,121.58735,0
500111070,20231031,624,18,18,1,25.04177,121.58735,0
500111070,20231031,625,18,18,1,25.04177,121.58735,0
500111070,20231031,626,18,18,1,25.04177,121.58735,0
500111070,20231031,627,18,18,1,25.04177,121.58735,0
500111070,20231031,628,18,18,1,25.04177,121.58735,0
500111070,20231031,629,18,18,1,25.04177,121.58735,0
500111070,20231031,630,18,18,1,25.04177,121.58735,0
500111070,20231031,631,18,18,1,25.04177,121.58735,0
500111070,20231031,632,18,18,1,25.04177,121.58735,0
500111070,20231031,633,18,18,1,25.04177,121.58735,0
500111070,20231031,634,18,18,1,25.04177,121.58735,0
500111070,20231031,635,18,18,1,25.04177,121.58735,0
500111070,20231031,636,18,18,1,25.04177,121.58735,0
500111070,20231031,637,18,18,1,25.04177,121.58735,0
500111070,20231031,638,18,17,1,25.04177,121.58735,1
500111070,20231031,639,18,17,1,25.04177,121.58735,1
500111070,20231031,640,18,17,1,25.04177,121.58735,1
500111070,20231031,641,18,17,1,25.04177,121.58735,1
500111070,20231031,642,18,17,1,25.04177,121.58735,1
500111070,20231031,643,18,16,1,25.04177,121.58735,2
500111070,20231031,644,18,16,1,25.04177,121.58735,2
500111070,20231031,645,18,16,1,25.04177,121.58735,2
500111070,20231031,646,18,16,1,25.04177,121.58735,2
500111070,20231031,647,18,17,1,25.04177,121.58735,1
500111070,20231031,648,18,17,1,25.04177,121.58735,1
500111070,20231031,649,18,17,1,25.04177,121.58735,1
500111070,20231031,650,18,17,1,25.04177,121.58735,1
500111070,20231031,651,18,17,1,25.04177,121.58735,1
500111070,20231031,652,18,16,1,25.04177,121.58735,2
500111070,20231031,653,18,16,1,25.04177,121.58735,2
500111070,20231031,654,18,16,1,25.04177,121.58735,2
500111070,20231031,655,18,16,1,25.04177,121.58735,2
500111070,20231031,656,18,17,1,25.04177,121.58735,1
500111070,20231031,657,18,17,1,25.04177,121.58735,1
500111070,20231031,658,18,17,1,25.04177,121.58735,1
500111070,20231031,659,18,17,1,25.04177,121.58735,1
500111070,20231031,661,18,17,1,25.04177,121.58735,1
500111070,20231031,662,18,17,1,25.04177,121.58735,1
500111070,20231031,664,18,17,1,25.04177,121.58735,1
500111070,20231031,665,18,17,1,25.04177,121.58735,1
500111070,20231031,666,18,17,1,25.04177,121.58735,1
500111070,20231031,667,18,17,1,25.04177,121.58735,1
500111070,20231031,668,18,17,1,25.04177,121.58735,1
500111070,20231031,669,18,17,1,25.04177,121.58735,1
500111070,20231031,671,18,17,1,25.04177,121.58735,1
500111070,20231031,672,18,17,1,25.04177,121.58735,1
500111070,20231031,673,18,17,1,25.04177,121.58735,1
500111070,20231031,674,18,17,1,25.04177,121.58735,1
500111070,20231031,675,18,17,1,25.04177,121.58735,1
500111070,20231031,676,18,17,1,25.04177,121.58735,1
500111070,20231031,677,18,17,1,25.04177,121.58735,1
500111070,20231031,678,18,16,1,25.04177,121.58735,2
500111070,20231031,679,18,17,1,25.04177,121.58735,1
500111070,20231031,681,18,16,1,25.04177,121.58735,2
500111070,20231031,682,18,16,1,25.04177,121.58735,2
500111070,20231031,683,18,16,1,25.04177,121.58735,2
500111070,20231031,684,18,16,1,25.04177,121.58735,2
500111070,20231031,685,18,16,1,25.04177,121.58735,2
500111070,20231031,686,18,16,1,25.04177,121.58735,2
500111070,20231031,687,18,16,1,25.04177,121.58735,2
500111070,20231031,688,18,16,1,25.04177,121.58735,2
500111070,20231031,689,18,16,1,25.04177,121.58735,2
500111070,20231031,691,18,16,1,25.04177,121.58735,2
500111070,20231031,692,18,16,1,25.04177,121.58735,2
500111070,20231031,693,18,16,1,25.04177,121.58735,2
500111070,20231031,694,18,16,1,25.04177,121.58735,2
500111070,20231031,695,18,16,1,25.04177,121.58735,2
500111070,20231031,696,18,16,1,25.04177,121.58735,2
500111070,20231031,697,18,16,1,25.04177,121.58735,2
500111070,20231031,698,18,16,1,25.04177,121.58735,2
500111070,20231031,699,18,17,1,25.04177,121.58735,1
500111070,20231031,701,18,17,1,25.04177,121.58735,1
500111070,20231031,702,18,17,1,25.04177,121.58735,1
500111070,20231031,703,18,17,1,25.04177,121.58735,1
500111070,20231031,704,18,17,1,25.04177,121.58735,1
500111070,20231031,705,18,17,1,25.04177,121.58735,1
500111070,20231031,706,18,17,1,25.04177,121.58735,1
500111070,20231031,707,18,17,1,25.04177,121.58735,1
500111070,20231031,708,18,17,1,25.04177,121.58735,1
500111070,20231031,709,18,17,1,25.04177,121.58735,1
500111070,20231031,711,18,17,1,25.04177,121.58735,1
500111070,20231031,712,18,17,1,25.04177,121.58735,1
500111070,20231031,713,18,17,1,25.04177,121.58735,1
500111070,20231031,714,18,17,1,25.04177,121.58735,1
500111070,20231031,715,18,17,1,25.04177,121.58735,1
500111070,20231031,716,18,18,1,25.04177,121.58735,0
500111070,20231031,717,18,18,1,25.04177,121.58735,0
500111070,20231031,718,18,18,1,25.04177,121.58735,0
500111070,20231031,719,18,18,1,25.04177,121.58735,0
500111070,20231031,721,18,18,1,25.04177,121.58735,0
500111070,20231031,722,18,18,1,25.04177,121.58735,0
500111070,20231031,723,18,18,1,25.04177,121.58735,0
500111070,20231031,724,18,18,1,25.04177,121.58735,0
500111070,20231031,725,18,17,1,25.04177,121.58735,1
500111070,20231031,726,18,17,1,25.04177,121.58735,1
500111070,20231031,727,18,17,1,25.04177,121.58735,1
500111070,20231031,728,18,17,1,25.04177,121.58735,1
500111070,20231031,729,18,18,1,25.04177,121.58735,0
500111070,20231031,731,18,17,1,25.04177,121.58735,1
500111070,20231031,732,18,17,1,25.04177,121.58735,1
500111070,20231031,733,18,17,1,25.04177,121.58735,1
500111070,20231031,734,18,17,1,25.04177,121.58735,1
500111070,20231031,735,18,17,1,25.04177,121.58735,1
500111070,20231031,736,18,17,1,25.04177,121.58735,1
500111070,20231031,737,18,17,1,25.04177,121.58735,1
500111070,20231031,738,18,17,1,25.04177,121.58735,1
500111070,20231031,739,18,17,1,25.04177,121.58735,1
500111070,20231031,741,18,17,1,25.04177,121.58735,1
500111070,20231031,742,18,17,1,25.04177,121.58735,1
500111070,20231031,743,18,17,1,25.04177,121.58735,1
500111070,20231031,744,18,17,1,25.04177,121.58735,1
500111070,20231031,745,18,17,1,25.04177,121.58735,1
500111070,20231031,746,18,17,1,25.04177,121.58735,1
500111070,20231031,747,18,17,1,25.04177,121.58735,1
500111070,20231031,748,18,17,1,25.04177,121.58735,1
500111070,20231031,749,18,17,1,25.04177,121.58735,1
500111070,20231031,751,18,17,1,25.04177,121.58735,1
500111070,20231031,752,18,17,1,25.04177,121.58735,1
500111070,20231031,753,18,17,1,25.04177,121.58735,1
500111070,20231031,754,18,17,1,25.04177,121.58735,1
500111070,20231031,755,18,17,1,25.04177,121.58735,1
500111070,20231031,756,18,18,1,25.04177,121.58735,0
500111070,20231031,757,18,18,1,25.04177,121.58735,0
500111070,20231031,758,18,18,1,25.04177,121.58735,0
500111070,20231031,759,18,18,1,25.04177,121.58735,0
500111070,20231031,761,18,17,1,25.04177,121.58735,1
500111070,20231031,762,18,17,1,25.04177,121.58735,1
500111070,20231031,763,18,17,1,25.04177,121.58735,1
500111070,20231031,764,18,17,1,25.04177,121.58735,1
500111070,20231031,765,18,17,1,25.04177,121.58735,1
500111070,20231031,766,18,17,1,25.04177,121.58735,1
500111070,20231031,767,18,17,1,25.04177,121.58735,1
500111070,20231031,768,18,17,1,25.04177,121.58735,1
500111070,20231031,769,18,18,1,25.04177,121.58735,0
500111070,20231031,771,18,18,1,25.04177,121.58735,0
500111070,20231031,772,18,18,1,25.04177,121.58735,0
500111070,20231031,773,18,18,1,25.04177,121.58735,0
500111070,20231031,774,18,18,1,25.04177,121.58735,0
500111070,20231031,775,18,18,1,25.04177,121.58735,0
500111070,20231031,776,18,18,1,25.04177,121.58735,0
500111070,20231031,777,18,18,1,25.04177,121.58735,0
500111070,20231031,778,18,18,1,25.04177,121.58735,0
500111070,20231031,779,18,18,1,25.04177,121.58735,0
500111070,20231031,781,18,17,1,25.04177,121.58735,1
500111070,20231031,783,18,17,1,25.04177,121.58735,1
500111070,20231031,784,18,17,1,25.04177,121.58735,1
500111070,20231031,785,18,17,1,25.04177,121.58735,1
500111070,20231031,786,18,17,1,25.04177,121.58735,1
500111070,20231031,787,18,16,1,25.04177,121.58735,2
500111070,20231031,788,18,17,1,25.04177,121.58735,1
500111070,20231031,789,18,17,1,25.04177,121.58735,1
500111070,20231031,790,18,18,1,25.04177,121.58735,0
500111070,20231031,791,18,18,1,25.04177,121.58735,0
500111070,20231031,792,18,18,1,25.04177,121.58735,0
500111070,20231031,793,18,18,1,25.04177,121.58735,0
500111070,20231031,794,18,18,1,25.04177,121.58735,0
500111070,20231031,795,18,18,1,25.04177,121.58735,0
500111070,20231031,796,18,18,1,25.04177,121.58735,0
500111070,20231031,797,18,18,1,25.04177,121.58735,0
500111070,20231031,798,18,18,1,25.04177,121.58735,0
500111070,20231031,799,18,18,1,25.04177,121.58735,0
500111070,20231031,801,18,18,1,25.04177,121.58735,0
500111070,20231031,802,18,18,1,25.04177,121.58735,0
500111070,20231031,803,18,18,1,25.04177,121.58735,0
500111070,20231031,804,18,18,1,25.04177,121.58735,0
500111070,20231031,805,18,18,1,25.04177,121.58735,0
500111070,20231031,806,18,17,1,25.04177,121.58735,1
500111070,20231031,807,18,17,1,25.04177,121.58735,1
500111070,20231031,808,18,17,1,25.04177,121.58735,1
500111070,20231031,809,18,16,1,25.04177,121.58735,2
500111070,20231031,811,18,16,1,25.04177,121.58735,2
500111070,20231031,812,18,16,1,25.04177,121.58735,2
500111070,20231031,813,18,16,1,25.04177,121.58735,2
500111070,20231031,814,18,16,1,25.04177,121.58735,2
500111070,20231031,815,18,16,1,25.04177,121.58735,2
500111070,20231031,816,18,16,1,25.04177,121.58735,2
500111070,20231031,817,18,15,1,25.04177,121.58735,3
500111070,20231031,818,18,15,1,25.04177,121.58735,3
500111070,20231031,819,18,15,1,25.04177,121.58735,3
500111070,20231031,820,18,15,1,25.04177,121.58735,3
500111070,20231031,821,18,15,1,25.04177,121.58735,3
500111070,20231031,822,18,15,1,25.04177,121.58735,3
500111070,20231031,823,18,15,1,25.04177,121.58735,3
500111070,20231031,824,18,15,1,25.04177,121.58735,3
500111070,20231031,825,18,15,1,25.04177,121.58735,3
500111070,20231031,826,18,15,1,25.04177,121.58735,3
500111070,20231031,827,18,15,1,25.04177,121.58735,3
500111070,20231031,828,18,15,1,25.04177,121.58735,3
500111070,20231031,829,18,15,1,25.04177,121.58735,3
500111070,20231031,830,18,15,1,25.04177,121.58735,3
500111070,20231031,831,18,15,1,25.04177,121.58735,3
500111070,20231031,832,18,15,1,25.04177,121.58735,3
500111070,20231031,833,18,15,1,25.04177,121.58735,3
500111070,20231031,834,18,15,1,25.04177,121.58735,3
500111070,20231031,835,18,15,1,25.04177,121.58735,3
500111070,20231031,836,18,15,1,25.04177,121.58735,3
500111070,20231031,837,18,15,1,25.04177,121.58735,3
500111070,20231031,838,18,15,1,25.04177,121.58735,3
500111070,20231031,839,18,15,1,25.04177,121.58735,3
500111070,20231031,841,18,17,1,25.04177,121.58735,1
500111070,20231031,842,18,17,1,25.04177,121.58735,1
500111070,20231031,843,18,17,1,25.04177,121.58735,1
500111070,20231031,844,18,17,1,25.04177,121.58735,1
500111070,20231031,845,18,17,1,25.04177,121.58735,1
500111070,20231031,846,18,17,1,25.04177,121.58735,1
500111070,20231031,847,18,17,1,25.04177,121.58735,1
500111070,20231031,848,18,17,1,25.04177,121.58735,1
500111070,20231031,849,18,17,1,25.04177,121.58735,1
500111070,20231031,850,18,17,1,25.04177,121.58735,1
500111070,20231031,851,18,17,1,25.04177,121.58735,1
500111070,20231031,852,18,17,1,25.04177,121.58735,1
500111070,20231031,853,18,16,1,25.04177,121.58735,2
500111070,20231031,854,18,16,1,25.04177,121.58735,2
500111070,20231031,855,18,16,1,25.04177,121.58735,2
500111070,20231031,856,18,16,1,25.04177,121.58735,2
500111070,20231031,857,18,16,1,25.04177,121.58735,2
500111070,20231031,858,18,16,1,25.04177,121.58735,2
500111070,20231031,859,18,16,1,25.04177,121.58735,2
500111070,20231031,861,18,16,1,25.04177,121.58735,2
500111070,20231031,862,18,16,1,25.04177,121.58735,2
500111070,20231031,863,18,16,1,25.04177,121.58735,2
500111070,20231031,864,18,16,1,25.04177,121.58735,2
500111070,20231031,865,18,16,1,25.04177,121.58735,2
500111070,20231031,866,18,16,1,25.04177,121.58735,2
500111070,20231031,867,18,16,1,25.04177,121.58735,2
500111070,20231031,868,18,16,1,25.04177,121.58735,2
500111070,20231031,869,18,16,1,25.04177,121.58735,2
500111070,20231031,871,18,16,1,25.04177,121.58735,2
500111070,20231031,872,18,16,1,25.04177,121.58735,2
500111070,20231031,873,18,16,1,25.04177,121.58735,2
500111070,20231031,874,18,16,1,25.04177,121.58735,2
500111070,20231031,875,18,16,1,25.04177,121.58735,2
500111070,20231031,876,18,16,1,25.04177,121.58735,2
500111070,20231031,877,18,17,1,25.04177,121.58735,1
500111070,20231031,878,18,18,1,25.04177,121.58735,0
500111070,20231031,879,18,18,1,25.04177,121.58735,0
500111070,20231031,880,18,18,1,25.04177,121.58735,0
500111070,20231031,881,18,18,1,25.04177,121.58735,0
500111070,20231031,882,18,18,1,25.04177,121.58735,0
500111070,20231031,883,18,18,1,25.04177,121.58735,0
500111070,20231031,884,18,18,1,25.04177,121.58735,0
500111070,20231031,885,18,18,1,25.04177,121.58735,0
500111070,20231031,886,18,18,1,25.04177,121.58735,0
500111070,20231031,887,18,18,1,25.04177,121.58735,0
500111070,20231031,888,18,18,1,25.04177,121.58735,0
500111070,20231031,889,18,18,1,25.04177,121.58735,0
500111070,20231031,890,18,18,1,25.04177,121.58735,0
500111070,20231031,891,18,18,1,25.04177,121.58735,0
500111070,20231031,892,18,18,1,25.04177,121.58735,0
500111070,20231031,893,18,18,1,25.04177,121.58735,0
500111070,20231031,894,18,18,1,25.04177,121.58735,0
500111070,20231031,895,18,18,1,25.04177,121.58735,0
500111070,20231031,896,18,18,1,25.04177,121.58735,0
500111070,20231031,897,18,18,1,25.04177,121.58735,0
500111070,20231031,898,18,18,1,25.04177,121.58735,0
500111070,20231031,899,18,18,1,25.04177,121.58735,0
500111070,20231031,901,18,17,1,25.04177,121.58735,1
500111070,20231031,902,18,17,1,25.04177,121.58735,1
500111070,20231031,903,18,16,1,25.04177,121.58735,2
500111070,20231031,904,18,16,1,25.04177,121.58735,2
500111070,20231031,905,18,17,1,25.04177,121.58735,1
500111070,20231031,906,18,17,1,25.04177,121.58735,1
500111070,20231031,907,18,17,1,25.04177,121.58735,1
500111070,20231031,908,18,18,1,25.04177,121.58735,0
500111070,20231031,909,18,18,1,25.04177,121.58735,0
500111070,20231031,910,18,18,1,25.04177,121.58735,0
500111070,20231031,911,18,18,1,25.04177,121.58735,0
500111070,20231031,912,18,18,1,25.04177,121.58735,0
500111070,20231031,913,18,18,1,25.04177,121.58735,0
500111070,20231031,914,18,18,1,25.04177,121.58735,0
500111070,20231031,915,18,18,1,25.04177,121.58735,0
500111070,20231031,916,18,18,1,25.04177,121.58735,0
500111070,20231031,917,18,18,1,25.04177,121.58735,0
500111070,20231031,918,18,18,1,25.04177,121.58735,0
500111070,20231031,919,18,18,1,25.04177,121.58735,0
500111070,20231031,921,18,18,1,25.04177,121.58735,0
500111070,20231031,922,18,18,1,25.04177,121.58735,0
500111070,20231031,923,18,18,1,25.04177,121.58735,0
500111070,20231031,924,18,18,1,25.04177,121.58735,0
500111070,20231031,925,18,18,1,25.04177,121.58735,0
500111070,20231031,926,18,18,1,25.04177,121.58735,0
500111070,20231031,927,18,18,1,25.04177,121.58735,0
500111070,20231031,928,18,18,1,25.04177,121.58735,0
500111070,20231031,929,18,18,1,25.04177,121.58735,0
500111070,20231031,931,18,18,1,25.04177,121.58735,0
500111070,20231031,932,18,18,1,25.04177,121.58735,0
500111070,20231031,933,18,18,1,25.04177,121.58735,0
500111070,20231031,934,18,18,1,25.04177,121.58735,0
500111070,20231031,936,18,18,1,25.04177,121.58735,0
500111070,20231031,937,18,18,1,25.04177,121.58735,0
500111070,20231031,938,18,18,1,25.04177,121.58735,0
500111070,20231031,939,18,18,1,25.04177,121.58735,0
500111070,20231031,941,18,17,1,25.04177,121.58735,1
500111070,20231031,942,18,17,1,25.04177,121.58735,1
500111070,20231031,943,18,17,1,25.04177,121.58735,1
500111070,20231031,944,18,18,1,25.04177,121.58735,0
500111070,20231031,945,18,18,1,25.04177,121.58735,0
500111070,20231031,946,18,18,1,25.04177,121.58735,0
500111070,20231031,947,18,18,1,25.04177,121.58735,0
500111070,20231031,948,18,18,1,25.04177,121.58735,0
500111070,20231031,949,18,18,1,25.04177,121.58735,0
500111070,20231031,951,18,18,1,25.04177,121.58735,0
500111070,20231031,952,18,18,1,25.04177,121.58735,0
500111070,20231031,953,18,18,1,25.04177,121.58735,0
500111070,20231031,954,18,18,1,25.04177,121.58735,0
500111070,20231031,955,18,18,1,25.04177,121.58735,0
500111070,20231031,956,18,18,1,25.04177,121.58735,0
500111070,20231031,957,18,18,1,25.04177,121.58735,0
500111070,20231031,958,18,18,1,25.04177,121.58735,0
500111070,20231031,959,18,18,1,25.04177,121.58735,0
500111070,20231031,961,18,17,1,25.04177,121.58735,1
500111070,20231031,962,18,17,1,25.04177,121.58735,1
500111070,20231031,963,18,17,1,25.04177,121.58735,1
500111070,20231031,964,18,17,1,25.04177,121.58735,1
500111070,20231031,965,18,17,1,25.04177,121.58735,1
500111070,20231031,966,18,17,1,25.04177,121.58735,1
500111070,20231031,967,18,17,1,25.04177,121.58735,1
500111070,20231031,968,18,17,1,25.04177,121.58735,1
500111070,20231031,969,18,17,1,25.04177,121.58735,1
500111070,20231031,971,18,17,1,25.04177,121.58735,1
500111070,20231031,972,18,17,1,25.04177,121.58735,1
500111070,20231031,973,18,17,1,25.04177,121.58735,1
500111070,20231031,974,18,17,1,25.04177,121.58735,1
500111070,20231031,975,18,17,1,25.04177,121.58735,1
500111070,20231031,976,18,17,1,25.04177,121.58735,1
500111070,20231031,977,18,17,1,25.04177,121.58735,1
500111070,20231031,978,18,17,1,25.04177,121.58735,1
500111070,20231031,979,18,17,1,25.04177,121.58735,1
500111070,20231031,981,18,17,1,25.04177,121.58735,1
500111070,20231031,982,18,18,1,25.04177,121.58735,0
500111070,20231031,983,18,18,1,25.04177,121.58735,0
500111070,20231031,984,18,18,1,25.04177,121.58735,0
500111070,20231031,985,18,18,1,25.04177,121.58735,0
500111070,20231031,986,18,18,1,25.04177,121.58735,0
500111070,20231031,987,18,17,1,25.04177,121.58735,1
500111070,20231031,988,18,17,1,25.04177,121.58735,1
500111070,20231031,989,18,16,1,25.04177,121.58735,2
500111070,20231031,991,18,16,1,25.04177,121.58735,2
500111070,20231031,992,18,16,1,25.04177,121.58735,2
500111070,20231031,993,18,16,1,25.04177,121.58735,2
500111070,20231031,994,18,16,1,25.04177,121.58735,2
500111070,20231031,995,18,16,1,25.04177,121.58735,2
500111070,20231031,996,18,16,1,25.04177,121.58735,2
500111070,20231031,997,18,16,1,25.04177,121.58735,2
500111070,20231031,998,18,15,1,25.04177,121.58735,3
500111070,20231031,999,18,15,1,25.04177,121.58735,3
500111070,20231031,1001,18,15,1,25.04177,121.58735,3
500111070,20231031,1002,18,15,1,25.04177,121.58735,3
500111070,20231031,1003,18,15,1,25.04177,121.58735,3
500111070,20231031,1004,18,15,1,25.04177,121.58735,3
500111070,20231031,1005,18,15,1,25.04177,121.58735,3
500111070,20231031,1006,18,15,1,25.04177,121.58735,3
500111070,20231031,1007,18,15,1,25.04177,121.58735,3
500111070,20231031,1008,18,15,1,25.04177,121.58735,3
500111070,20231031,1009,18,15,1,25.04177,121.58735,3
500111070,20231031,1011,18,15,1,25.04177,121.58735,3
500111070,20231031,1012,18,16,1,25.04177,121.58735,2
500111070,20231031,1013,18,16,1,25.04177,121.58735,2
500111070,20231031,1014,18,15,1,25.04177,121.58735,3
500111070,20231031,1015,18,15,1,25.04177,121.58735,3
500111070,20231031,1016,18,15,1,25.04177,121.58735,3
500111070,20231031,1017,18,15,1,25.04177,121.58735,3
500111070,20231031,1018,18,16,1,25.04177,121.58735,2
500111070,20231031,1019,18,16,1,25.04177,121.58735,2
500111070,20231031,1021,18,16,1,25.04177,121.58735,2
500111070,20231031,1022,18,16,1,25.04177,121.58735,2
500111070,20231031,1023,18,16,1,25.04177,121.58735,2
500111070,20231031,1024,18,16,1,25.04177,121.58735,2
500111070,20231031,1025,18,16,1,25.04177,121.58735,2
500111070,20231031,1026,18,16,1,25.04177,121.58735,2
500111070,20231031,1027,18,16,1,25.04177,121.58735,2
500111070,20231031,1028,18,15,1,25.04177,121.58735,3
500111070,20231031,1029,18,15,1,25.04177,121.58735,3
500111070,20231031,1031,18,15,1,25.04177,121.58735,3
500111070,20231031,1032,18,14,1,25.04177,121.58735,4
500111070,20231031,1033,18,14,1,25.04177,121.58735,4
500111070,20231031,1034,18,14,1,25.04177,121.58735,4
500111070,20231031,1035,18,14,1,25.04177,121.58735,4
500111070,20231031,1037,18,15,1,25.04177,121.58735,3
500111070,20231031,1038,18,15,1,25.04177,121.58735,3
500111070,20231031,1039,18,15,1,25.04177,121.58735,3
500111070,20231031,1041,18,15,1,25.04177,121.58735,3
500111070,20231031,1042,18,15,1,25.04177,121.58735,3
500111070,20231031,1043,18,14,1,25.04177,121.58735,4
500111070,20231031,1044,18,13,1,25.04177,121.58735,5
500111070,20231031,1045,18,13,1,25.04177,121.58735,5
500111070,20231031,1046,18,13,1,25.04177,121.58735,5
500111070,20231031,1047,18,13,1,25.04177,121.58735,5
500111070,20231031,1048,18,14,1,25.04177,121.58735,4
500111070,20231031,1049,18,14,1,25.04177,121.58735,4
500111070,20231031,1051,18,14,1,25.04177,121.58735,4
500111070,20231031,1052,18,13,1,25.04177,121.58735,5
500111070,20231031,1053,18,13,1,25.04177,121.58735,5
500111070,20231031,1054,18,13,1,25.04177,121.58735,5
500111070,20231031,1055,18,13,1,25.04177,121.58735,5
500111070,20231031,1056,18,13,1,25.04177,121.58735,5
500111070,20231031,1057,18,13,1,25.04177,121.58735,5
500111070,20231031,1058,18,13,1,25.04177,121.58735,5
500111070,20231031,1059,18,13,1,25.04177,121.58735,5
500111070,20231031,1060,18,13,1,25.04177,121.58735,5
500111070,20231031,1061,18,14,1,25.04177,121.58735,4
500111070,20231031,1062,18,13,1,25.04177,121.58735,5
500111070,20231031,1063,18,13,1,25.04177,121.58735,5
500111070,20231031,1064,18,13,1,25.04177,121.58735,5
500111070,20231031,1065,18,13,1,25.04177,121.58735,5
500111070,20231031,1066,18,13,1,25.04177,121.58735,5
500111070,20231031,1067,18,13,1,25.04177,121.58735,5
500111070,20231031,1068,18,13,1,25.04177,121.58735,5
500111070,20231031,1069,18,12,1,25.04177,121.58735,6
500111070,20231031,1070,18,12,1,25.04177,121.58735,6
500111070,20231031,1071,18,12,1,25.04177,121.58735,6
500111070,20231031,1072,18,12,1,25.04177,121.58735,6
500111070,20231031,1073,18,12,1,25.04177,121.58735,6
500111070,20231031,1074,18,12,1,25.04177,121.58735,6
500111070,20231031,1075,18,12,1,25.04177,121.58735,6
500111070,20231031,1076,18,12,1,25.04177,121.58735,6
500111070,20231031,1077,18,12,1,25.04177,121.58735,6
500111070,20231031,1078,18,11,1,25.04177,121.58735,7
500111070,20231031,1079,18,11,1,25.04177,121.58735,7
500111070,20231031,1081,18,11,1,25.04177,121.58735,7
500111070,20231031,1082,18,11,1,25.04177,121.58735,7
500111070,20231031,1083,18,11,1,25.04177,121.58735,7
500111070,20231031,1084,18,11,1,25.04177,121.58735,7
500111070,20231031,1085,18,11,1,25.04177,121.58735,7
500111070,20231031,1086,18,10,1,25.04177,121.58735,8
500111070,20231031,1087,18,10,1,25.04177,121.58735,8
500111070,20231031,1088,18,10,1,25.04177,121.58735,8
500111070,20231031,1089,18,11,1,25.04177,121.58735,7
500111070,20231031,1090,18,11,1,25.04177,121.58735,7
500111070,20231031,1091,18,10,1,25.04177,121.58735,8
500111070,20231031,1092,18,10,1,25.04177,121.58735,8
500111070,20231031,1093,18,10,1,25.04177,121.58735,8
500111070,20231031,1094,18,10,1,25.04177,121.58735,8
500111070,20231031,1095,18,10,1,25.04177,121.58735,8
500111070,20231031,1096,18,11,1,25.04177,121.58735,7
500111070,20231031,1097,18,11,1,25.04177,121.58735,7
500111070,20231031,1098,18,11,1,25.04177,121.58735,7
500111070,20231031,1099,18,10,1,25.04177,121.58735,8
500111070,20231031,1101,18,8,1,25.04177,121.58735,10
500111070,20231031,1102,18,9,1,25.04177,121.58735,9
500111070,20231031,1103,18,9,1,25.04177,121.58735,9
500111070,20231031,1104,18,9,1,25.04177,121.58735,9
500111070,20231031,1105,18,9,1,25.04177,121.58735,9
500111070,20231031,1106,18,10,1,25.04177,121.58735,8
500111070,20231031,1107,18,10,1,25.04177,121.58735,8
500111070,20231031,1108,18,10,1,25.04177,121.58735,8
500111070,20231031,1109,18,10,1,25.04177,121.58735,8
500111070,20231031,1111,18,8,1,25.04177,121.58735,10
500111070,20231031,1112,18,7,1,25.04177,121.58735,11
500111070,20231031,1113,18,7,1,25.04177,121.58735,11
500111070,20231031,1114,18,6,1,25.04177,121.58735,12
500111070,20231031,1115,18,4,1,25.04177,121.58735,14
500111070,20231031,1116,18,4,1,25.04177,121.58735,14
500111070,20231031,1117,18,3,1,25.04177,121.58735,15
500111070,20231031,1118,18,3,1,25.04177,121.58735,15
500111070,20231031,1119,18,3,1,25.04177,121.58735,15
500111070,20231031,1120,18,3,1,25.04177,121.58735,15
500111070,20231031,1121,18,3,1,25.04177,121.58735,15
500111070,20231031,1122,18,3,1,25.04177,121.58735,15
500111070,20231031,1123,18,3,1,25.04177,121.58735,15
500111070,20231031,1124,18,3,1,25.04177,121.58735,15
500111070,20231031,1125,18,3,1,25.04177,121.58735,15
500111070,20231031,1126,18,3,1,25.04177,121.58735,15
500111070,20231031,1127,18,4,1,25.04177,121.58735,14
500111070,20231031,1128,18,4,1,25.04177,121.58735,14
500111070,20231031,1129,18,4,1,25.04177,121.58735,14
500111070,20231031,1130,18,4,1,25.04177,121.58735,14
500111070,20231031,1131,18,5,1,25.04177,121.58735,13
500111070,20231031,1132,18,5,1,25.04177,121.58735,13
500111070,20231031,1133,18,5,1,25.04177,121.58735,13
500111070,20231031,1134,18,5,1,25.04177,121.58735,13
500111070,20231031,1135,18,5,1,25.04177,121.58735,13
500111070,20231031,1136,18,4,1,25.04177,121.58735,14
500111070,20231031,1137,18,4,1,25.04177,121.58735,14
500111070,20231031,1138,18,4,1,25.04177,121.58735,14
500111070,20231031,1139,18,4,1,25.04177,121.58735,14
500111070,20231031,1141,18,5,1,25.04177,121.58735,13
500111070,20231031,1142,18,4,1,25.04177,121.58735,14
500111070,20231031,1143,18,6,1,25.04177,121.58735,12
500111070,20231031,1144,18,10,1,25.04177,121.58735,8
500111070,20231031,1145,18,12,1,25.04177,121.58735,6
500111070,20231031,1146,18,14,1,25.04177,121.58735,4
500111070,20231031,1147,18,15,1,25.04177,121.58735,3
500111070,20231031,1148,18,16,1,25.04177,121.58735,2
500111070,20231031,1149,18,16,1,25.04177,121.58735,2
500111070,20231031,1150,18,16,1,25.04177,121.58735,2
500111070,20231031,1151,18,15,1,25.04177,121.58735,3
500111070,20231031,1152,18,16,1,25.04177,121.58735,1
500111070,20231031,1153,18,16,1,25.04177,121.58735,1
500111070,20231031,1154,18,16,1,25.04177,121.58735,1
500111070,20231031,1155,18,17,1,25.04177,121.58735,0
500111070,20231031,1156,18,16,1,25.04177,121.58735,1
500111070,20231031,1157,18,16,1,25.04177,121.58735,1
500111070,20231031,1158,18,17,1,25.04177,121.58735,0
500111070,20231031,1159,18,17,1,25.04177,121.58735,0
500111070,20231031,1161,18,17,1,25.04177,121.58735,0
500111070,20231031,1162,18,17,1,25.04177,121.58735,0
500111070,20231031,1163,18,17,1,25.04177,121.58735,0
500111070,20231031,1164,18,17,1,25.04177,121.58735,0
500111070,20231031,1165,18,16,1,25.04177,121.58735,1
500111070,20231031,1166,18,16,1,25.04177,121.58735,1
500111070,20231031,1167,18,16,1,25.04177,121.58735,1
500111070,20231031,1168,18,16,1,25.04177,121.58735,1
500111070,20231031,1169,18,16,1,25.04177,121.58735,1
500111070,20231031,1171,18,16,1,25.04177,121.58735,1
500111070,20231031,1172,18,16,1,25.04177,121.58735,1
500111070,20231031,1173,18,16,1,25.04177,121.58735,1
500111070,20231031,1174,18,16,1,25.04177,121.58735,1
500111070,20231031,1175,18,16,1,25.04177,121.58735,1
500111070,20231031,1176,18,14,1,25.04177,121.58735,3
500111070,20231031,1177,18,14,1,25.04177,121.58735,3
500111070,20231031,1178,18,13,1,25.04177,121.58735,4
500111070,20231031,1179,18,13,1,25.04177,121.58735,4
500111070,20231031,1180,18,13,1,25.04177,121.58735,4
500111070,20231031,1181,18,13,1,25.04177,121.58735,4
500111070,20231031,1182,18,13,1,25.04177,121.58735,4
500111070,20231031,1183,18,13,1,25.04177,121.58735,4
500111070,20231031,1184,18,13,1,25.04177,121.58735,4
500111070,20231031,1185,18,13,1,25.04177,121.58735,4
500111070,20231031,1186,18,13,1,25.04177,121.58735,4
500111070,20231031,1187,18,13,1,25.04177,121.58735,4
500111070,20231031,1188,18,13,1,25.04177,121.58735,4
500111070,20231031,1189,18,13,1,25.04177,121.58735,4
500111070,20231031,1190,18,13,1,25.04177,121.58735,4
500111070,20231031,1191,18,13,1,25.04177,121.58735,4
500111070,20231031,1192,18,13,1,25.04177,121.58735,4
500111070,20231031,1193,18,13,1,25.04177,121.58735,4
500111070,20231031,1194,18,13,1,25.04177,121.58735,4
500111070,20231031,1195,18,13,1,25.04177,121.58735,4
500111070,20231031,1196,18,13,1,25.04177,121.58735,4
500111070,20231031,1197,18,13,1,25.04177,121.58735,4
500111070,20231031,1198,18,13,1,25.04177,121.58735,4
500111070,20231031,1199,18,13,1,25.04177,121.58735,4
500111070,20231031,1201,18,12,1,25.04177,121.58735,5
500111070,20231031,1202,18,12,1,25.04177,121.58735,5
500111070,20231031,1203,18,12,1,25.04177,121.58735,5
500111070,20231031,1204,18,12,1,25.04177,121.58735,5
500111070,20231031,1205,18,12,1,25.04177,121.58735,5
500111070,20231031,1206,18,11,1,25.04177,121.58735,6
500111070,20231031,1207,18,11,1,25.04177,121.58735,6
500111070,20231031,1208,18,11,1,25.04177,121.58735,6
500111070,20231031,1209,18,11,1,25.04177,121.58735,6
500111070,20231031,1210,18,11,1,25.04177,121.58735,6
500111070,20231031,1211,18,11,1,25.04177,121.58735,6
500111070,20231031,1212,18,11,1,25.04177,121.58735,6
500111070,20231031,1213,18,11,1,25.04177,121.58735,6
500111070,20231031,1214,18,11,1,25.04177,121.58735,6
500111070,20231031,1215,18,11,1,25.04177,121.58735,6
500111070,20231031,1216,18,11,1,25.04177,121.58735,6
500111070,20231031,1217,18,11,1,25.04177,121.58735,6
500111070,20231031,1219,18,9,1,25.04177,121.58735,8
500111070,20231031,1221,18,9,1,25.04177,121.58735,8
500111070,20231031,1222,18,9,1,25.04177,121.58735,8
500111070,20231031,1223,18,9,1,25.04177,121.58735,8
500111070,20231031,1224,18,8,1,25.04177,121.58735,9
500111070,20231031,1225,18,8,1,25.04177,121.58735,9
500111070,20231031,1226,18,8,1,25.04177,121.58735,9
500111070,20231031,1227,18,8,1,25.04177,121.58735,9
500111070,20231031,1228,18,7,1,25.04177,121.58735,10
500111070,20231031,1229,18,7,1,25.04177,121.58735,10
500111070,20231031,1231,18,7,1,25.04177,121.58735,10
500111070,20231031,1232,18,8,1,25.04177,121.58735,9
500111070,20231031,1233,18,9,1,25.04177,121.58735,8
500111070,20231031,1234,18,9,1,25.04177,121.58735,8
500111070,20231031,1235,18,9,1,25.04177,121.58735,8
500111070,20231031,1236,18,9,1,25.04177,121.58735,8
500111070,20231031,1237,18,9,1,25.04177,121.58735,8
500111070,20231031,1238,18,9,1,25.04177,121.58735,8
500111070,20231031,1239,18,9,1,25.04177,121.58735,8
500111070,20231031,1241,18,9,1,25.04177,121.58735,8
500111070,20231031,1242,18,9,1,25.04177,121.58735,8
500111070,20231031,1243,18,9,1,25.04177,121.58735,8
500111070,20231031,1244,18,9,1,25.04177,121.58735,8
500111070,20231031,1245,18,8,1,25.04177,121.58735,9
500111070,20231031,1246,18,8,1,25.04177,121.58735,9
500111070,20231031,1247,18,8,1,25.04177,121.58735,9
500111070,20231031,1248,18,9,1,25.04177,121.58735,8
500111070,20231031,1249,18,9,1,25.04177,121.58735,8
500111070,20231031,1251,18,9,1,25.04177,121.58735,8
500111070,20231031,1252,18,9,1,25.04177,121.58735,8
500111070,20231031,1253,18,9,1,25.04177,121.58735,8
500111070,20231031,1254,18,8,1,25.04177,121.58735,9
500111070,20231031,1255,18,8,1,25.04177,121.58735,9
500111070,20231031,1256,18,8,1,25.04177,121.58735,9
500111070,20231031,1257,18,8,1,25.04177,121.58735,9
500111070,20231031,1258,18,8,1,25.04177,121.58735,9
500111070,20231031,1259,18,8,1,25.04177,121.58735,9
500111070,20231031,1261,18,8,1,25.04177,121.58735,9
500111070,20231031,1262,18,7,1,25.04177,121.58735,10
500111070,20231031,1263,18,7,1,25.04177,121.58735,10
500111070,20231031,1264,18,7,1,25.04177,121.58735,10
500111070,20231031,1265,18,7,1,25.04177,121.58735,10
500111070,20231031,1266,18,7,1,25.04177,121.58735,10
500111070,20231031,1267,18,7,1,25.04177,121.58735,10
500111070,20231031,1268,18,7,1,25.04177,121.58735,10
500111070,20231031,1269,18,7,1,25.04177,121.58735,10
500111070,20231031,1271,18,7,1,25.04177,121.58735,10
500111070,20231031,1272,18,7,1,25.04177,121.58735,10
500111070,20231031,1273,18,7,1,25.04177,121.58735,10
500111070,20231031,1274,18,6,1,25.04177,121.58735,11
500111070,20231031,1275,18,6,1,25.04177,121.58735,11
500111070,20231031,1276,18,6,1,25.04177,121.58735,11
500111070,20231031,1277,18,6,1,25.04177,121.58735,11
500111070,20231031,1278,18,6,1,25.04177,121.58735,11
500111070,20231031,1279,18,6,1,25.04177,121.58735,11
500111070,20231031,1281,18,7,1,25.04177,121.58735,10
500111070,20231031,1282,18,6,1,25.04177,121.58735,11
500111070,20231031,1283,18,5,1,25.04177,121.58735,12
500111070,20231031,1284,18,5,1,25.04177,121.58735,12
500111070,20231031,1285,18,5,1,25.04177,121.58735,12
500111070,20231031,1286,18,4,1,25.04177,121.58735,13
500111070,20231031,1287,18,4,1,25.04177,121.58735,13
500111070,20231031,1288,18,4,1,25.04177,121.58735,13
500111070,20231031,1289,18,4,1,25.04177,121.58735,13
500111070,20231031,1291,18,4,1,25.04177,121.58735,13
500111070,20231031,1292,18,4,1,25.04177,121.58735,13
500111070,20231031,1293,18,4,1,25.04177,121.58735,13
500111070,20231031,1294,18,5,1,25.04177,121.58735,12
500111070,20231031,1295,18,5,1,25.04177,121.58735,12
500111070,20231031,1296,18,5,1,25.04177,121.58735,12
500111070,20231031,1297,18,5,1,25.04177,121.58735,12
500111070,20231031,1298,18,5,1,25.04177,121.58735,12
500111070,20231031,1299,18,5,1,25.04177,121.58735,12
500111070,20231031,1301,18,5,1,25.04177,121.58735,12
500111070,20231031,1302,18,7,1,25.04177,121.58735,10
500111070,20231031,1303,18,11,1,25.04177,121.58735,6
500111070,20231031,1304,18,13,1,25.04177,121.58735,4
500111070,20231031,1305,18,15,1,25.04177,121.58735,2
500111070,20231031,1306,18,15,1,25.04177,121.58735,2
500111070,20231031,1307,18,15,1,25.04177,121.58735,2
500111070,20231031,1308,18,15,1,25.04177,121.58735,2
500111070,20231031,1309,18,15,1,25.04177,121.58735,2
500111070,20231031,1311,18,15,1,25.04177,121.58735,2
500111070,20231031,1312,18,15,1,25.04177,121.58735,2
500111070,20231031,1313,18,15,1,25.04177,121.58735,2
500111070,20231031,1314,18,15,1,25.04177,121.58735,2
500111070,20231031,1315,18,15,1,25.04177,121.58735,2
500111070,20231031,1316,18,15,1,25.04177,121.58735,2
500111070,20231031,1317,18,15,1,25.04177,121.58735,2
500111070,20231031,1318,18,14,1,25.04177,121.58735,3
500111070,20231031,1319,18,14,1,25.04177,121.58735,3
500111070,20231031,1321,18,14,1,25.04177,121.58735,3
500111070,20231031,1322,18,14,1,25.04177,121.58735,3
500111070,20231031,1323,18,14,1,25.04177,121.58735,3
500111070,20231031,1324,18,14,1,25.04177,121.58735,3
500111070,20231031,1325,18,14,1,25.04177,121.58735,3
500111070,20231031,1326,18,14,1,25.04177,121.58735,3
500111070,20231031,1327,18,14,1,25.04177,121.58735,3
500111070,20231031,1328,18,14,1,25.04177,121.58735,3
500111070,20231031,1329,18,14,1,25.04177,121.58735,3
500111070,20231031,1331,18,14,1,25.04177,121.58735,3
500111070,20231031,1332,18,14,1,25.04177,121.58735,3
500111070,20231031,1333,18,14,1,25.04177,121.58735,3
500111070,20231031,1334,18,14,1,25.04177,121.58735,3
500111070,20231031,1335,18,14,1,25.04177,121.58735,3
500111070,20231031,1336,18,13,1,25.04177,121.58735,4
500111070,20231031,1337,18,13,1,25.04177,121.58735,4
500111070,20231031,1338,18,13,1,25.04177,121.58735,4
500111070,20231031,1339,18,13,1,25.04177,121.58735,4
500111070,20231031,1341,18,13,1,25.04177,121.58735,4
500111070,20231031,1342,18,13,1,25.04177,121.58735,4
500111070,20231031,1343,18,13,1,25.04177,121.58735,4
500111070,20231031,1344,18,12,1,25.04177,121.58735,5
500111070,20231031,1345,18,12,1,25.04177,121.58735,5
500111070,20231031,1346,18,12,1,25.04177,121.58735,5
500111070,20231031,1347,18,12,1,25.04177,121.58735,5
500111070,20231031,1348,18,12,1,25.04177,121.58735,5
500111070,20231031,1349,18,12,1,25.04177,121.58735,5
500111070,20231031,1350,18,12,1,25.04177,121.58735,5
500111070,20231031,1351,18,12,1,25.04177,121.58735,5
500111070,20231031,1352,18,12,1,25.04177,121.58735,5
500111070,20231031,1353,18,12,1,25.04177,121.58735,5
500111070,20231031,1354,18,12,1,25.04177,121.58735,5
500111070,20231031,1355,18,12,1,25.04177,121.58735,5
500111070,20231031,1356,18,12,1,25.04177,121.58735,5
500111070,20231031,1357,18,12,1,25.04177,121.58735,5
500111070,20231031,1358,18,12,1,25.04177,121.58735,5
500111070,20231031,1359,18,12,1,25.04177,121.58735,5
500111070,20231031,1360,18,12,1,25.04177,121.58735,5
500111070,20231031,1361,18,12,1,25.04177,121.58735,5
500111070,20231031,1362,18,12,1,25.04177,121.58735,5
500111070,20231031,1363,18,12,1,25.04177,121.58735,5
500111070,20231031,1364,18,12,1,25.04177,121.58735,5
500111070,20231031,1365,18,12,1,25.04177,121.58735,5
500111070,20231031,1366,18,12,1,25.04177,121.58735,5
500111070,20231031,1367,18,12,1,25.04177,121.58735,5
500111070,20231031,1368,18,11,1,25.04177,121.58735,6
500111070,20231031,1369,18,11,1,25.04177,121.58735,6
500111070,20231031,1370,18,11,1,25.04177,121.58735,6
500111070,20231031,1371,18,11,1,25.04177,121.58735,6
500111070,20231031,1372,18,11,1,25.04177,121.58735,6
500111070,20231031,1373,18,11,1,25.04177,121.58735,6
500111070,20231031,1374,18,11,1,25.04177,121.58735,6
500111070,20231031,1375,18,11,1,25.04177,121.58735,6
500111070,20231031,1376,18,10,1,25.04177,121.58735,7
500111070,20231031,1377,18,10,1,25.04177,121.58735,7
500111070,20231031,1378,18,10,1,25.04177,121.58735,7
500111070,20231031,1379,18,10,1,25.04177,121.58735,7
500111070,20231031,1381,18,10,1,25.04177,121.58735,7
500111070,20231031,1382,18,10,1,25.04177,121.58735,7
500111070,20231031,1383,18,10,1,25.04177,121.58735,7
500111070,20231031,1384,18,10,1,25.04177,121.58735,7
500111070,20231031,1385,18,10,1,25.04177,121.58735,7
500111070,20231031,1386,18,10,1,25.04177,121.58735,7
500111070,20231031,1387,18,10,1,25.04177,121.58735,7
500111070,20231031,1388,18,10,1,25.04177,121.58735,7
500111070,20231031,1389,18,10,1,25.04177,121.58735,7
500111070,20231031,1390,18,10,1,25.04177,121.58735,7
500111070,20231031,1391,18,10,1,25.04177,121.58735,7
500111070,20231031,1392,18,10,1,25.04177,121.58735,7
500111070,20231031,1393,18,10,1,25.04177,121.58735,7
500111070,20231031,1394,18,10,1,25.04177,121.58735,7
500111070,20231031,1395,18,10,1,25.04177,121.58735,7
500111070,20231031,1396,18,11,1,25.04177,121.58735,6
500111070,20231031,1397,18,11,1,25.04177,121.58735,6
500111070,20231031,1398,18,11,1,25.04177,121.58735,6
500111070,20231031,1399,18,11,1,25.04177,121.58735,6
500111070,20231031,1401,18,11,1,25.04177,121.58735,6
500111070,20231031,1402,18,11,1,25.04177,121.58735,6
500111070,20231031,1403,18,11,1,25.04177,121.58735,6
500111070,20231031,1404,18,11,1,25.04177,121.58735,6
500111070,20231031,1405,18,11,1,25.04177,121.58735,6
500111070,20231031,1406,18,11,1,25.04177,121.58735,6
500111070,20231031,1407,18,11,1,25.04177,121.58735,6
500111070,20231031,1408,18,11,1,25.04177,121.58735,6
500111070,20231031,1409,18,11,1,25.04177,121.58735,6
500111070,20231031,1410,18,11,1,25.04177,121.58735,6
500111070,20231031,1411,18,11,1,25.04177,121.58735,6
500111070,20231031,1412,18,11,1,25.04177,121.58735,6
500111070,20231031,1413,18,11,1,25.04177,121.58735,6
500111070,20231031,1414,18,11,1,25.04177,121.58735,6
500111070,20231031,1415,18,11,1,25.04177,121.58735,6
500111070,20231031,1416,18,10,1,25.04177,121.58735,7
500111070,20231031,1417,18,10,1,25.04177,121.58735,7
500111070,20231031,1418,18,10,1,25.04177,121.58735,7
500111070,20231031,1419,18,10,1,25.04177,121.58735,7
500111070,20231031,1420,18,10,1,25.04177,121.58735,7
500111070,20231031,1421,18,10,1,25.04177,121.58735,7
500111070,20231031,1422,18,10,1,25.04177,121.58735,7
500111070,20231031,1423,18,10,1,25.04177,121.58735,7
500111070,20231031,1424,18,10,1,25.04177,121.58735,7
500111070,20231031,1425,18,10,1,25.04177,121.58735,7
500111070,20231031,1426,18,10,1,25.04177,121.58735,7
500111070,20231031,1427,18,10,1,25.04177,121.58735,7
500111070,20231031,1428,18,10,1,25.04177,121.58735,7
500111070,20231031,1429,18,10,1,25.04177,121.58735,7
500111070,20231031,1430,18,10,1,25.04177,121.58735,7
500111070,20231031,1431,18,10,1,25.04177,121.58735,7
500111070,20231031,1432,18,11,1,25.04177,121.58735,6
500111070,20231031,1433,18,11,1,25.04177,121.58735,6
500111070,20231031,1434,18,11,1,25.04177,121.58735,6
500111070,20231031,1435,18,11,1,25.04177,121.58735,6
500111070,20231031,1436,18,11,1,25.04177,121.58735,6
500111070,20231031,1437,18,11,1,25.04177,121.58735,6
500111070,20231031,1438,18,11,1,25.04177,121.58735,6
500111070,20231031,1439,18,11,1,25.04177,121.58735,6
500111070,20231101,0,18,11,1,25.04177,121.58735,6
500111070,20231101,1,18,11,1,25.04177,121.58735,6
500111070,20231101,2,18,11,1,25.04177,121.58735,6
500111070,20231101,3,18,11,1,25.04177,121.58735,6
500111070,20231101,4,18,11,1,25.04177,121.58735,6
500111070,20231101,5,18,11,1,25.04177,121.58735,6
500111070,20231101,6,18,11,1,25.04177,121.58735,6
500111070,20231101,7,18,11,1,25.04177,121.58735,6
500111070,20231101,8,18,11,1,25.04177,121.58735,6
500111070,20231101,9,18,11,1,25.04177,121.58735,6
500111070,20231101,10,18,11,1,25.04177,121.58735,6
500111070,20231101,11,18,11,1,25.04177,121.58735,6
500111070,20231101,12,18,11,1,25.04177,121.58735,6
500111070,20231101,13,18,11,1,25.04177,121.58735,6
500111070,20231101,14,18,11,1,25.04177,121.58735,6
500111070,20231101,15,18,10,1,25.04177,121.58735,7
500111070,20231101,16,18,10,1,25.04177,121.58735,7
500111070,20231101,17,18,10,1,25.04177,121.58735,7
500111070,20231101,18,18,10,1,25.04177,121.58735,7
500111070,20231101,19,18,10,1,25.04177,121.58735,7
500111070,20231101,21,18,10,1,25.04177,121.58735,7
500111070,20231101,22,18,10,1,25.04177,121.58735,7
500111070,20231101,23,18,10,1,25.04177,121.58735,7
500111070,20231101,24,18,10,1,25.04177,121.58735,7
500111070,20231101,25,18,10,1,25.04177,121.58735,7
500111070,20231101,26,18,10,1,25.04177,121.58735,7
500111070,20231101,28,18,10,1,25.04177,121.58735,7
500111070,20231101,29,18,10,1,25.04177,121.58735,7
500111070,20231101,30,18,10,1,25.04177,121.58735,7
500111070,20231101,31,18,10,1,25.04177,121.58735,7
500111070,20231101,32,18,10,1,25.04177,121.58735,7
500111070,20231101,33,18,10,1,25.04177,121.58735,7
500111070,20231101,34,18,10,1,25.04177,121.58735,7
500111070,20231101,35,18,10,1,25.04177,121.58735,7
500111070,20231101,36,18,10,1,25.04177,121.58735,7
500111070,20231101,37,18,9,1,25.04177,121.58735,8
500111070,20231101,38,18,9,1,25.04177,121.58735,8
500111070,20231101,39,18,9,1,25.04177,121.58735,8
500111070,20231101,40,18,9,1,25.04177,121.58735,8
500111070,20231101,41,18,9,1,25.04177,121.58735,8
500111070,20231101,42,18,9,1,25.04177,121.58735,8
500111070,20231101,43,18,9,1,25.04177,121.58735,8
500111070,20231101,44,18,9,1,25.04177,121.58735,8
500111070,20231101,45,18,9,1,25.04177,121.58735,8
500111070,20231101,46,18,9,1,25.04177,121.58735,8
500111070,20231101,48,18,9,1,25.04177,121.58735,8
500111070,20231101,49,18,9,1,25.04177,121.58735,8
500111070,20231101,51,18,9,1,25.04177,121.58735,8
500111070,20231101,53,18,9,1,25.04177,121.58735,8
500111070,20231101,54,18,9,1,25.04177,121.58735,8
500111070,20231101,55,18,9,1,25.04177,121.58735,8
500111070,20231101,56,18,9,1,25.04177,121.58735,8
500111070,20231101,58,18,9,1,25.04177,121.58735,8
500111070,20231101,59,18,9,1,25.04177,121.58735,8
500111070,20231101,60,18,9,1,25.04177,121.58735,8
500111070,20231101,62,18,9,1,25.04177,121.58735,8
500111070,20231101,63,18,9,1,25.04177,121.58735,8
500111070,20231101,64,18,9,1,25.04177,121.58735,8
500111070,20231101,65,18,9,1,25.04177,121.58735,8
500111070,20231101,66,18,9,1,25.04177,121.58735,8
500111070,20231101,67,18,9,1,25.04177,121.58735,8
500111070,20231101,69,18,9,1,25.04177,121.58735,8
500111070,20231101,71,18,9,1,25.04177,121.58735,8
500111070,20231101,72,18,9,1,25.04177,121.58735,8
500111070,20231101,73,18,9,1,25.04177,121.58735,8
500111070,20231101,74,18,9,1,25.04177,121.58735,8
500111070,20231101,75,18,9,1,25.04177,121.58735,8
500111070,20231101,76,18,9,1,25.04177,121.58735,8
500111070,20231101,77,18,9,1,25.04177,121.58735,8
500111070,20231101,78,18,9,1,25.04177,121.58735,8
500111070,20231101,79,18,9,1,25.04177,121.58735,8
500111070,20231101,81,18,9,1,25.04177,121.58735,8
500111070,20231101,83,18,9,1,25.04177,121.58735,8
500111070,20231101,84,18,9,1,25.04177,121.58735,8
500111070,20231101,85,18,9,1,25.04177,121.58735,8
500111070,20231101,86,18,9,1,25.04177,121.58735,8
500111070,20231101,87,18,9,1,25.04177,121.58735,8
500111070,20231101,88,18,9,1,25.04177,121.58735,8
500111070,20231101,89,18,9,1,25.04177,121.58735,8
500111070,20231101,91,18,9,1,25.04177,121.58735,8
500111070,20231101,92,18,9,1,25.04177,121.58735,8
500111070,20231101,93,18,9,1,25.04177,121.58735,8
500111070,20231101,94,18,9,1,25.04177,121.58735,8
500111070,20231101,95,18,9,1,25.04177,121.58735,8
500111070,20231101,96,18,9,1,25.04177,121.58735,8
500111070,20231101,97,18,9,1,25.04177,121.58735,8
500111070,20231101,98,18,8,1,25.04177,121.58735,9
500111070,20231101,99,18,8,1,25.04177,121.58735,9
500111070,20231101,101,18,8,1,25.04177,121.58735,9
500111070,20231101,102,18,8,1,25.04177,121.58735,9
500111070,20231101,103,18,8,1,25.04177,121.58735,9
500111070,20231101,104,18,8,1,25.04177,121.58735,9
500111070,20231101,105,18,8,1,25.04177,121.58735,9
500111070,20231101,106,18,8,1,25.04177,121.58735,9
500111070,20231101,107,18,8,1,25.04177,121.58735,9
500111070,20231101,108,18,8,1,25.04177,121.58735,9
500111070,20231101,109,18,8,1,25.04177,121.58735,9
500111070,20231101,110,18,8,1,25.04177,121.58735,9
500111070,20231101,111,18,8,1,25.04177,121.58735,9
500111070,20231101,112,18,8,1,25.04177,121.58735,9
500111070,20231101,113,18,8,1,25.04177,121.58735,9
500111070,20231101,114,18,8,1,25.04177,121.58735,9
500111070,20231101,115,18,8,1,25.04177,121.58735,9
500111070,20231101,116,18,8,1,25.04177,121.58735,9
500111070,20231101,117,18,8,1,25.04177,121.58735,9
500111070,20231101,118,18,8,1,25.04177,121.58735,9
500111070,20231101,119,18,8,1,25.04177,121.58735,9
500111070,20231101,121,18,8,1,25.04177,121.58735,9
500111070,20231101,122,18,8,1,25.04177,121.58735,9
500111070,20231101,123,18,8,1,25.04177,121.58735,9
500111070,20231101,124,18,8,1,25.04177,121.58735,9
500111070,20231101,125,18,8,1,25.04177,121.58735,9
500111070,20231101,126,18,8,1,25.04177,121.58735,9
500111070,20231101,127,18,8,1,25.04177,121.58735,9
500111070,20231101,128,18,7,1,25.04177,121.58735,10
500111070,20231101,129,18,7,1,25.04177,121.58735,10
500111070,20231101,131,18,7,1,25.04177,121.58735,10
500111070,20231101,132,18,7,1,25.04177,121.58735,10
500111070,20231101,133,18,7,1,25.04177,121.58735,10
500111070,20231101,134,18,7,1,25.04177,121.58735,10
500111070,20231101,135,18,7,1,25.04177,121.58735,10
500111070,20231101,136,18,7,1,25.04177,121.58735,10
500111070,20231101,137,18,7,1,25.04177,121.58735,10
500111070,20231101,138,18,7,1,25.04177,121.58735,10
500111070,20231101,139,18,7,1,25.04177,121.58735,10
500111070,20231101,141,18,7,1,25.04177,121.58735,10
500111070,20231101,142,18,7,1,25.04177,121.58735,10
500111070,20231101,143,18,7,1,25.04177,121.58735,10
500111070,20231101,144,18,7,1,25.04177,121.58735,10
500111070,20231101,145,18,7,1,25.04177,121.58735,10
500111070,20231101,146,18,7,1,25.04177,121.58735,10
500111070,20231101,147,18,7,1,25.04177,121.58735,10
500111070,20231101,148,18,7,1,25.04177,121.58735,10
500111070,20231101,149,18,7,1,25.04177,121.58735,10
500111070,20231101,150,18,7,1,25.04177,121.58735,10
500111070,20231101,151,18,7,1,25.04177,121.58735,10
500111070,20231101,152,18,7,1,25.04177,121.58735,10
500111070,20231101,153,18,7,1,25.04177,121.58735,10
500111070,20231101,154,18,7,1,25.04177,121.58735,10
500111070,20231101,155,18,7,1,25.04177,121.58735,10
500111070,20231101,156,18,7,1,25.04177,121.58735,10
500111070,20231101,157,18,7,1,25.04177,121.58735,10
500111070,20231101,158,18,7,1,25.04177,121.58735,10
500111070,20231101,159,18,7,1,25.04177,121.58735,10
500111070,20231101,160,18,7,1,25.04177,121.58735,10
500111070,20231101,161,18,7,1,25.04177,121.58735,10
500111070,20231101,162,18,7,1,25.04177,121.58735,10
500111070,20231101,163,18,7,1,25.04177,121.58735,10
500111070,20231101,164,18,7,1,25.04177,121.58735,10
500111070,20231101,165,18,7,1,25.04177,121.58735,10
500111070,20231101,166,18,7,1,25.04177,121.58735,10
500111070,20231101,167,18,7,1,25.04177,121.58735,10
500111070,20231101,168,18,7,1,25.04177,121.58735,10
500111070,20231101,169,18,7,1,25.04177,121.58735,10
500111070,20231101,170,18,7,1,25.04177,121.58735,10
500111070,20231101,171,18,7,1,25.04177,121.58735,10
500111070,20231101,172,18,7,1,25.04177,121.58735,10
500111070,20231101,173,18,7,1,25.04177,121.58735,10
500111070,20231101,174,18,7,1,25.04177,121.58735,10
500111070,20231101,175,18,7,1,25.04177,121.58735,10
500111070,20231101,176,18,7,1,25.04177,121.58735,10
500111070,20231101,177,18,7,1,25.04177,121.58735,10
500111070,20231101,178,18,7,1,25.04177,121.58735,10
500111070,20231101,179,18,7,1,25.04177,121.58735,10
500111070,20231101,180,18,7,1,25.04177,121.58735,10
500111070,20231101,181,18,7,1,25.04177,121.58735,10
500111070,20231101,182,18,7,1,25.04177,121.58735,10
500111070,20231101,183,18,7,1,25.04177,121.58735,10
500111070,20231101,184,18,7,1,25.04177,121.58735,10
500111070,20231101,185,18,7,1,25.04177,121.58735,10
500111070,20231101,186,18,7,1,25.04177,121.58735,10
500111070,20231101,187,18,7,1,25.04177,121.58735,10
500111070,20231101,188,18,7,1,25.04177,121.58735,10
500111070,20231101,189,18,7,1,25.04177,121.58735,10
500111070,20231101,190,18,7,1,25.04177,121.58735,10
500111070,20231101,191,18,7,1,25.04177,121.58735,10
500111070,20231101,192,18,7,1,25.04177,121.58735,10
500111070,20231101,193,18,7,1,25.04177,121.58735,10
500111070,20231101,194,18,7,1,25.04177,121.58735,10
500111070,20231101,195,18,7,1,25.04177,121.58735,10
500111070,20231101,196,18,7,1,25.04177,121.58735,10
500111070,20231101,197,18,7,1,25.04177,121.58735,10
500111070,20231101,198,18,7,1,25.04177,121.58735,10
500111070,20231101,199,18,7,1,25.04177,121.58735,10
500111070,20231101,201,18,7,1,25.04177,121.58735,10
500111070,20231101,202,18,7,1,25.04177,121.58735,10
500111070,20231101,203,18,7,1,25.04177,121.58735,10
500111070,20231101,204,18,7,1,25.04177,121.58735,10
500111070,20231101,205,18,7,1,25.04177,121.58735,10
500111070,20231101,206,18,7,1,25.04177,121.58735,10
500111070,20231101,207,18,7,1,25.04177,121.58735,10
500111070,20231101,208,18,7,1,25.04177,121.58735,10
500111070,20231101,209,18,7,1,25.04177,121.58735,10
500111070,20231101,210,18,7,1,25.04177,121.58735,10
500111070,20231101,211,18,7,1,25.04177,121.58735,10
500111070,20231101,212,18,7,1,25.04177,121.58735,10
500111070,20231101,213,18,7,1,25.04177,121.58735,10
500111070,20231101,214,18,7,1,25.04177,121.58735,10
500111070,20231101,215,18,7,1,25.04177,121.58735,10
500111070,20231101,216,18,7,1,25.04177,121.58735,10
500111070,20231101,217,18,7,1,25.04177,121.58735,10
500111070,20231101,218,18,7,1,25.04177,121.58735,10
500111070,20231101,219,18,7,1,25.04177,121.58735,10
500111070,20231101,220,18,7,1,25.04177,121.58735,10
500111070,20231101,221,18,7,1,25.04177,121.58735,10
500111070,20231101,222,18,7,1,25.04177,121.58735,10
500111070,20231101,223,18,7,1,25.04177,121.58735,10
500111070,20231101,224,18,7,1,25.04177,121.58735,10
500111070,20231101,225,18,7,1,25.04177,121.58735,10
500111070,20231101,226,18,7,1,25.04177,121.58735,10
500111070,20231101,227,18,7,1,25.04177,121.58735,10
500111070,20231101,228,18,7,1,25.04177,121.58735,10
500111070,20231101,229,18,7,1,25.04177,121.58735,10
500111070,20231101,230,18,7,1,25.04177,121.58735,10
500111070,20231101,231,18,7,1,25.04177,121.58735,10
500111070,20231101,232,18,7,1,25.04177,121.58735,10
500111070,20231101,233,18,7,1,25.04177,121.58735,10
500111070,20231101,234,18,7,1,25.04177,121.58735,10
500111070,20231101,235,18,7,1,25.04177,121.58735,10
500111070,20231101,236,18,7,1,25.04177,121.58735,10
500111070,20231101,237,18,7,1,25.04177,121.58735,10
500111070,20231101,238,18,7,1,25.04177,121.58735,10
500111070,20231101,239,18,7,1,25.04177,121.58735,10
500111070,20231101,240,18,7,1,25.04177,121.58735,10
500111070,20231101,241,18,7,1,25.04177,121.58735,10
500111070,20231101,242,18,7,1,25.04177,121.58735,10
500111070,20231101,243,18,7,1,25.04177,121.58735,10
500111070,20231101,244,18,7,1,25.04177,121.58735,10
500111070,20231101,245,18,7,1,25.04177,121.58735,10
500111070,20231101,246,18,7,1,25.04177,121.58735,10
500111070,20231101,247,18,7,1,25.04177,121.58735,10
500111070,20231101,248,18,7,1,25.04177,121.58735,10
500111070,20231101,249,18,7,1,25.04177,121.58735,10
500111070,20231101,250,18,7,1,25.04177,121.58735,10
500111070,20231101,251,18,7,1,25.04177,121.58735,10
500111070,20231101,252,18,7,1,25.04177,121.58735,10
500111070,20231101,253,18,7,1,25.04177,121.58735,10
500111070,20231101,254,18,7,1,25.04177,121.58735,10
500111070,20231101,255,18,7,1,25.04177,121.58735,10
500111070,20231101,256,18,7,1,25.04177,121.58735,10
500111070,20231101,257,18,7,1,25.04177,121.58735,10
500111070,20231101,258,18,7,1,25.04177,121.58735,10
500111070,20231101,259,18,7,1,25.04177,121.58735,10
500111070,20231101,261,18,7,1,25.04177,121.58735,10
500111070,20231101,262,18,7,1,25.04177,121.58735,10
500111070,20231101,263,18,7,1,25.04177,121.58735,10
500111070,20231101,264,18,7,1,25.04177,121.58735,10
500111070,20231101,265,18,7,1,25.04177,121.58735,10
500111070,20231101,266,18,7,1,25.04177,121.58735,10
500111070,20231101,267,18,7,1,25.04177,121.58735,10
500111070,20231101,268,18,7,1,25.04177,121.58735,10
500111070,20231101,269,18,7,1,25.04177,121.58735,10
500111070,20231101,270,18,7,1,25.04177,121.58735,10
500111070,20231101,271,18,7,1,25.04177,121.58735,10
500111070,20231101,272,18,7,1,25.04177,121.58735,10
500111070,20231101,273,18,7,1,25.04177,121.58735,10
500111070,20231101,274,18,7,1,25.04177,121.58735,10
500111070,20231101,275,18,7,1,25.04177,121.58735,10
500111070,20231101,276,18,7,1,25.04177,121.58735,10
500111070,20231101,277,18,7,1,25.04177,121.58735,10
500111070,20231101,278,18,7,1,25.04177,121.58735,10
500111070,20231101,279,18,7,1,25.04177,121.58735,10
500111070,20231101,280,18,7,1,25.04177,121.58735,10
500111070,20231101,281,18,7,1,25.04177,121.58735,10
500111070,20231101,282,18,7,1,25.04177,121.58735,10
500111070,20231101,283,18,7,1,25.04177,121.58735,10
500111070,20231101,284,18,7,1,25.04177,121.58735,10
500111070,20231101,285,18,7,1,25.04177,121.58735,10
500111070,20231101,286,18,7,1,25.04177,121.58735,10
500111070,20231101,287,18,7,1,25.04177,121.58735,10
500111070,20231101,288,18,7,1,25.04177,121.58735,10
500111070,20231101,289,18,7,1,25.04177,121.58735,10
500111070,20231101,290,18,7,1,25.04177,121.58735,10
500111070,20231101,291,18,7,1,25.04177,121.58735,10
500111070,20231101,292,18,7,1,25.04177,121.58735,10
500111070,20231101,293,18,7,1,25.04177,121.58735,10
500111070,20231101,294,18,7,1,25.04177,121.58735,10
500111070,20231101,295,18,7,1,25.04177,121.58735,10
500111070,20231101,296,18,7,1,25.04177,121.58735,10
500111070,20231101,297,18,7,1,25.04177,121.58735,10
500111070,20231101,298,18,7,1,25.04177,121.58735,10
500111070,20231101,299,18,7,1,25.04177,121.58735,10
500111070,20231101,300,18,7,1,25.04177,121.58735,10
500111070,20231101,301,18,7,1,25.04177,121.58735,10
500111070,20231101,302,18,7,1,25.04177,121.58735,10
500111070,20231101,303,18,7,1,25.04177,121.58735,10
500111070,20231101,305,18,7,1,25.04177,121.58735,10
500111070,20231101,306,18,7,1,25.04177,121.58735,10
500111070,20231101,307,18,7,1,25.04177,121.58735,10
500111070,20231101,308,18,7,1,25.04177,121.58735,10
500111070,20231101,309,18,7,1,25.04177,121.58735,10
500111070,20231101,311,18,7,1,25.04177,121.58735,10
500111070,20231101,312,18,7,1,25.04177,121.58735,10
500111070,20231101,313,18,7,1,25.04177,121.58735,10
500111070,20231101,314,18,7,1,25.04177,121.58735,10
500111070,20231101,315,18,7,1,25.04177,121.58735,10
500111070,20231101,316,18,7,1,25.04177,121.58735,10
500111070,20231101,317,18,7,1,25.04177,121.58735,10
500111070,20231101,318,18,7,1,25.04177,121.58735,10
500111070,20231101,319,18,7,1,25.04177,121.58735,10
500111070,20231101,321,18,7,1,25.04177,121.58735,10
500111070,20231101,322,18,7,1,25.04177,121.58735,10
500111070,20231101,323,18,7,1,25.04177,121.58735,10
500111070,20231101,324,18,7,1,25.04177,121.58735,10
500111070,20231101,325,18,7,1,25.04177,121.58735,10
500111070,20231101,326,18,7,1,25.04177,121.58735,10
500111070,20231101,327,18,7,1,25.04177,121.58735,10
500111070,20231101,328,18,7,1,25.04177,121.58735,10
500111070,20231101,329,18,7,1,25.04177,121.58735,10
500111070,20231101,331,18,7,1,25.04177,121.58735,10
500111070,20231101,332,18,7,1,25.04177,121.58735,10
500111070,20231101,333,18,7,1,25.04177,121.58735,10
500111070,20231101,334,18,7,1,25.04177,121.58735,10
500111070,20231101,335,18,7,1,25.04177,121.58735,10
500111070,20231101,336,18,8,1,25.04177,121.58735,9
500111070,20231101,337,18,8,1,25.04177,121.58735,9
500111070,20231101,338,18,8,1,25.04177,121.58735,9
500111070,20231101,339,18,8,1,25.04177,121.58735,9
500111070,20231101,341,18,8,1,25.04177,121.58735,9
500111070,20231101,342,18,8,1,25.04177,121.58735,9
500111070,20231101,343,18,8,1,25.04177,121.58735,9
500111070,20231101,344,18,9,1,25.04177,121.58735,8
500111070,20231101,345,18,9,1,25.04177,121.58735,8
500111070,20231101,346,18,9,1,25.04177,121.58735,8
500111070,20231101,347,18,9,1,25.04177,121.58735,8
500111070,20231101,348,18,9,1,25.04177,121.58735,8
500111070,20231101,349,18,9,1,25.04177,121.58735,8
500111070,20231101,351,18,9,1,25.04177,121.58735,8
500111070,20231101,352,18,9,1,25.04177,121.58735,8
500111070,20231101,353,18,10,1,25.04177,121.58735,7
500111070,20231101,354,18,10,1,25.04177,121.58735,7
500111070,20231101,355,18,10,1,25.04177,121.58735,7
500111070,20231101,356,18,10,1,25.04177,121.58735,7
500111070,20231101,357,18,10,1,25.04177,121.58735,7
500111070,20231101,358,18,10,1,25.04177,121.58735,7
500111070,20231101,359,18,10,1,25.04177,121.58735,7
500111070,20231101,361,18,10,1,25.04177,121.58735,7
500111070,20231101,362,18,10,1,25.04177,121.58735,7
500111070,20231101,363,18,10,1,25.04177,121.58735,7
500111070,20231101,364,18,10,1,25.04177,121.58735,7
500111070,20231101,365,18,10,1,25.04177,121.58735,7
500111070,20231101,366,18,10,1,25.04177,121.58735,7
500111070,20231101,367,18,10,1,25.04177,121.58735,7
500111070,20231101,368,18,10,1,25.04177,121.58735,7
500111070,20231101,369,18,10,1,25.04177,121.58735,7
500111070,20231101,370,18,10,1,25.04177,121.58735,7
500111070,20231101,371,18,10,1,25.04177,121.58735,7
500111070,20231101,372,18,10,1,25.04177,121.58735,7
500111070,20231101,373,18,11,1,25.04177,121.58735,6
500111070,20231101,374,18,11,1,25.04177,121.58735,6
500111070,20231101,375,18,11,1,25.04177,121.58735,6
500111070,20231101,376,18,11,1,25.04177,121.58735,6
500111070,20231101,377,18,11,1,25.04177,121.58735,6
500111070,20231101,378,18,11,1,25.04177,121.58735,6
500111070,20231101,379,18,11,1,25.04177,121.58735,6
500111070,20231101,381,18,12,1,25.04177,121.58735,5
500111070,20231101,382,18,11,1,25.04177,121.58735,6
500111070,20231101,383,18,11,1,25.04177,121.58735,6
500111070,20231101,384,18,11,1,25.04177,121.58735,6
500111070,20231101,385,18,11,1,25.04177,121.58735,6
500111070,20231101,386,18,11,1,25.04177,121.58735,6
500111070,20231101,387,18,11,1,25.04177,121.58735,6
500111070,20231101,388,18,11,1,25.04177,121.58735,6
500111070,20231101,389,18,12,1,25.04177,121.58735,5
500111070,20231101,390,18,12,1,25.04177,121.58735,5
500111070,20231101,391,18,12,1,25.04177,121.58735,5
500111070,20231101,392,18,13,1,25.04177,121.58735,4
500111070,20231101,393,18,13,1,25.04177,121.58735,4
500111070,20231101,394,18,13,1,25.04177,121.58735,4
500111070,20231101,395,18,13,1,25.04177,121.58735,4
500111070,20231101,396,18,13,1,25.04177,121.58735,4
500111070,20231101,397,18,13,1,25.04177,121.58735,4
500111070,20231101,398,18,13,1,25.04177,121.58735,4
500111070,20231101,399,18,13,1,25.04177,121.58735,4
500111070,20231101,400,18,13,1,25.04177,121.58735,4
500111070,20231101,401,18,13,1,25.04177,121.58735,4
500111070,20231101,402,18,13,1,25.04177,121.58735,4
500111070,20231101,403,18,15,1,25.04177,121.58735,2
500111070,20231101,404,18,15,1,25.04177,121.58735,2
500111070,20231101,405,18,15,1,25.04177,121.58735,2
500111070,20231101,406,18,15,1,25.04177,121.58735,2
500111070,20231101,407,18,16,1,25.04177,121.58735,1
500111070,20231101,408,18,16,1,25.04177,121.58735,1
500111070,20231101,409,18,16,1,25.04177,121.58735,1
500111070,20231101,410,18,16,1,25.04177,121.58735,1
500111070,20231101,411,18,16,1,25.04177,121.58735,1
500111070,20231101,412,18,16,1,25.04177,121.58735,1
500111070,20231101,413,18,16,1,25.04177,121.58735,1
500111070,20231101,414,18,16,1,25.04177,121.58735,1
500111070,20231101,415,18,16,1,25.04177,121.58735,1
500111070,20231101,416,18,16,1,25.04177,121.58735,1
500111070,20231101,417,18,16,1,25.04177,121.58735,1
500111070,20231101,419,18,16,1,25.04177,121.58735,1
500111070,20231101,421,18,17,1,25.04177,121.58735,0
500111070,20231101,422,18,17,1,25.04177,121.58735,0
500111070,20231101,423,18,17,1,25.04177,121.58735,0
500111070,20231101,424,18,17,1,25.04177,121.58735,0
500111070,20231101,425,18,17,1,25.04177,121.58735,0
500111070,20231101,426,18,17,1,25.04177,121.58735,0
500111070,20231101,427,18,17,1,25.04177,121.58735,0
500111070,20231101,428,18,17,1,25.04177,121.58735,0
500111070,20231101,429,18,17,1,25.04177,121.58735,0
500111070,20231101,430,18,17,1,25.04177,121.58735,0
500111070,20231101,431,18,16,1,25.04177,121.58735,1
500111070,20231101,432,18,16,1,25.04177,121.58735,1
500111070,20231101,433,18,16,1,25.04177,121.58735,1
500111070,20231101,434,18,17,1,25.04177,121.58735,0
500111070,20231101,435,18,17,1,25.04177,121.58735,0
500111070,20231101,436,18,17,1,25.04177,121.58735,0
500111070,20231101,437,18,17,1,25.04177,121.58735,0
500111070,20231101,438,18,17,1,25.04177,121.58735,0
500111070,20231101,439,18,16,1,25.04177,121.58735,1
500111070,20231101,441,18,16,1,25.04177,121.58735,1
500111070,20231101,442,18,17,1,25.04177,121.58735,0
500111070,20231101,443,18,17,1,25.04177,121.58735,0
500111070,20231101,444,18,17,1,25.04177,121.58735,0
500111070,20231101,445,18,17,1,25.04177,121.58735,0
500111070,20231101,446,18,17,1,25.04177,121.58735,0
500111070,20231101,447,18,17,1,25.04177,121.58735,0
500111070,20231101,448,18,17,1,25.04177,121.58735,0
500111070,20231101,449,18,17,1,25.04177,121.58735,0
500111070,20231101,451,18,17,1,25.04177,121.58735,0
500111070,20231101,452,18,17,1,25.04177,121.58735,0
500111070,20231101,453,18,17,1,25.04177,121.58735,0
500111070,20231101,454,18,17,1,25.04177,121.58735,0
500111070,20231101,455,18,17,1,25.04177,121.58735,0
500111070,20231101,456,18,17,1,25.04177,121.58735,0
500111070,20231101,457,18,17,1,25.04177,121.58735,0
500111070,20231101,458,18,17,1,25.04177,121.58735,0
500111070,20231101,459,18,17,1,25.04177,121.58735,0
500111070,20231101,460,18,17,1,25.04177,121.58735,0
500111070,20231101,461,18,17,1,25.04177,121.58735,0
500111070,20231101,462,18,17,1,25.04177,121.58735,0
500111070,20231101,463,18,17,1,25.04177,121.58735,0
500111070,20231101,464,18,17,1,25.04177,121.58735,0
500111070,20231101,465,18,17,1,25.04177,121.58735,0
500111070,20231101,466,18,17,1,25.04177,121.58735,0
500111070,20231101,467,18,17,1,25.04177,121.58735,0
500111070,20231101,468,18,17,1,25.04177,121.58735,0
500111070,20231101,469,18,17,1,25.04177,121.58735,0
500111070,20231101,470,18,17,1,25.04177,121.58735,0
500111070,20231101,471,18,17,1,25.04177,121.58735,0
500111070,20231101,472,18,17,1,25.04177,121.58735,0
500111070,20231101,473,18,17,1,25.04177,121.58735,0
500111070,20231101,475,18,17,1,25.04177,121.58735,0
500111070,20231101,476,18,17,1,25.04177,121.58735,0
500111070,20231101,477,18,17,1,25.04177,121.58735,0
500111070,20231101,478,18,17,1,25.04177,121.58735,0
500111070,20231101,479,18,17,1,25.04177,121.58735,0
500111070,20231101,481,18,17,1,25.04177,121.58735,0
500111070,20231101,482,18,17,1,25.04177,121.58735,0
500111070,20231101,483,18,17,1,25.04177,121.58735,0
500111070,20231101,484,18,17,1,25.04177,121.58735,0
500111070,20231101,485,18,17,1,25.04177,121.58735,0
500111070,20231101,486,18,17,1,25.04177,121.58735,0
500111070,20231101,487,18,17,1,25.04177,121.58735,0
500111070,20231101,488,18,17,1,25.04177,121.58735,0
500111070,20231101,489,18,17,1,25.04177,121.58735,0
500111070,20231101,490,18,17,1,25.04177,121.58735,0
500111070,20231101,491,18,17,1,25.04177,121.58735,0
500111070,20231101,492,18,17,1,25.04177,121.58735,0
500111070,20231101,493,18,17,1,25.04177,121.58735,0
500111070,20231101,494,18,17,1,25.04177,121.58735,0
500111070,20231101,495,18,17,1,25.04177,121.58735,0
500111070,20231101,496,18,17,1,25.04177,121.58735,0
500111070,20231101,497,18,17,1,25.04177,121.58735,0
500111070,20231101,498,18,16,1,25.04177,121.58735,1
500111070,20231101,499,18,16,1,25.04177,121.58735,1
500111070,20231101,501,18,16,1,25.04177,121.58735,1
500111070,20231101,503,18,16,1,25.04177,121.58735,1
500111070,20231101,504,18,17,1,25.04177,121.58735,0
500111070,20231101,505,18,17,1,25.04177,121.58735,0
500111070,20231101,506,18,17,1,25.04177,121.58735,0
500111070,20231101,507,18,17,1,25.04177,121.58735,0
500111070,20231101,508,18,17,1,25.04177,121.58735,0
500111070,20231101,509,18,17,1,25.04177,121.58735,0
500111070,20231101,511,18,17,1,25.04177,121.58735,0
500111070,20231101,512,18,17,1,25.04177,121.58735,0
500111070,20231101,513,18,13,1,25.04177,121.58735,4
500111070,20231101,514,18,9,1,25.04177,121.58735,8
500111070,20231101,515,18,10,1,25.04177,121.58735,7
500111070,20231101,516,18,10,1,25.04177,121.58735,7
500111070,20231101,517,18,11,1,25.04177,121.58735,6
500111070,20231101,518,18,11,1,25.04177,121.58735,6
500111070,20231101,519,18,11,1,25.04177,121.58735,6
500111070,20231101,520,18,11,1,25.04177,121.58735,6
500111070,20231101,521,18,12,1,25.04177,121.58735,5
500111070,20231101,522,18,12,1,25.04177,121.58735,5
500111070,20231101,523,18,12,1,25.04177,121.58735,5
500111070,20231101,524,18,14,1,25.04177,121.58735,3
500111070,20231101,525,18,15,1,25.04177,121.58735,2
500111070,20231101,526,18,16,1,25.04177,121.58735,1
500111070,20231101,527,18,16,1,25.04177,121.58735,1
500111070,20231101,528,18,16,1,25.04177,121.58735,1
500111070,20231101,529,18,15,1,25.04177,121.58735,2
500111070,20231101,530,18,16,1,25.04177,121.58735,1
500111070,20231101,531,18,16,1,25.04177,121.58735,1
500111070,20231101,532,18,16,1,25.04177,121.58735,1
500111070,20231101,533,18,16,1,25.04177,121.58735,1
500111070,20231101,534,18,16,1,25.04177,121.58735,1
500111070,20231101,535,18,16,1,25.04177,121.58735,1
500111070,20231101,536,18,16,1,25.04177,121.58735,1
500111070,20231101,537,18,16,1,25.04177,121.58735,1
500111070,20231101,538,18,16,1,25.04177,121.58735,1
500111070,20231101,539,18,16,1,25.04177,121.58735,1
500111070,20231101,541,18,16,1,25.04177,121.58735,1
500111070,20231101,542,18,16,1,25.04177,121.58735,1
500111070,20231101,543,18,16,1,25.04177,121.58735,1
500111070,20231101,544,18,16,1,25.04177,121.58735,1
500111070,20231101,545,18,16,1,25.04177,121.58735,1
500111070,20231101,546,18,16,1,25.04177,121.58735,1
500111070,20231101,547,18,16,1,25.04177,121.58735,1
500111070,20231101,548,18,16,1,25.04177,121.58735,1
500111070,20231101,549,18,16,1,25.04177,121.58735,1
500111070,20231101,550,18,16,1,25.04177,121.58735,1
500111070,20231101,551,18,16,1,25.04177,121.58735,1
500111070,20231101,552,18,16,1,25.04177,121.58735,1
500111070,20231101,553,18,16,1,25.04177,121.58735,1
500111070,20231101,554,18,16,1,25.04177,121.58735,1
500111070,20231101,555,18,16,1,25.04177,121.58735,1
500111070,20231101,556,18,15,1,25.04177,121.58735,2
500111070,20231101,557,18,15,1,25.04177,121.58735,2
500111070,20231101,558,18,15,1,25.04177,121.58735,2
500111070,20231101,559,18,16,1,25.04177,121.58735,1
500111070,20231101,561,18,16,1,25.04177,121.58735,1
500111070,20231101,562,18,16,1,25.04177,121.58735,1
500111070,20231101,563,18,16,1,25.04177,121.58735,1
500111070,20231101,564,18,16,1,25.04177,121.58735,1
500111070,20231101,565,18,16,1,25.04177,121.58735,1
500111070,20231101,566,18,16,1,25.04177,121.58735,1
500111070,20231101,567,18,16,1,25.04177,121.58735,1
500111070,20231101,568,18,16,1,25.04177,121.58735,1
500111070,20231101,569,18,16,1,25.04177,121.58735,1
500111070,20231101,571,18,16,1,25.04177,121.58735,1
500111070,20231101,572,18,16,1,25.04177,121.58735,1
500111070,20231101,573,18,16,1,25.04177,121.58735,1
500111070,20231101,574,18,16,1,25.04177,121.58735,1
500111070,20231101,575,18,16,1,25.04177,121.58735,1
500111070,20231101,576,18,16,1,25.04177,121.58735,1
500111070,20231101,577,18,16,1,25.04177,121.58735,1
500111070,20231101,578,18,17,1,25.04177,121.58735,0
500111070,20231101,579,18,17,1,25.04177,121.58735,0
500111070,20231101,580,18,17,1,25.04177,121.58735,0
500111070,20231101,581,18,17,1,25.04177,121.58735,0
500111070,20231101,582,18,17,1,25.04177,121.58735,0
500111070,20231101,583,18,17,1,25.04177,121.58735,0
500111070,20231101,584,18,17,1,25.04177,121.58735,0
500111070,20231101,585,18,17,1,25.04177,121.58735,0
500111070,20231101,586,18,17,1,25.04177,121.58735,0
500111070,20231101,587,18,17,1,25.04177,121.58735,0
500111070,20231101,588,18,17,1,25.04177,121.58735,0
500111070,20231101,589,18,17,1,25.04177,121.58735,0
500111070,20231101,590,18,17,1,25.04177,121.58735,0
500111070,20231101,591,18,16,1,25.04177,121.58735,1
500111070,20231101,592,18,16,1,25.04177,121.58735,1
500111070,20231101,593,18,16,1,25.04177,121.58735,1
500111070,20231101,594,18,16,1,25.04177,121.58735,1
500111070,20231101,595,18,16,1,25.04177,121.58735,1
500111070,20231101,596,18,16,1,25.04177,121.58735,1
500111070,20231101,597,18,16,1,25.04177,121.58735,1
500111070,20231101,598,18,16,1,25.04177,121.58735,1
500111070,20231101,599,18,16,1,25.04177,121.58735,1
500111070,20231101,601,18,15,1,25.04177,121.58735,2
500111070,20231101,602,18,15,1,25.04177,121.58735,2
500111070,20231101,603,18,15,1,25.04177,121.58735,2
500111070,20231101,604,18,15,1,25.04177,121.58735,2
500111070,20231101,605,18,15,1,25.04177,121.58735,2
500111070,20231101,606,18,15,1,25.04177,121.58735,2
500111070,20231101,607,18,15,1,25.04177,121.58735,2
500111070,20231101,608,18,15,1,25.04177,121.58735,2
500111070,20231101,609,18,15,1,25.04177,121.58735,2
500111070,20231101,610,18,15,1,25.04177,121.58735,2
500111070,20231101,611,18,15,1,25.04177,121.58735,2
500111070,20231101,612,18,16,1,25.04177,121.58735,1
500111070,20231101,613,18,16,1,25.04177,121.58735,1
500111070,20231101,614,18,16,1,25.04177,121.58735,1
500111070,20231101,615,18,16,1,25.04177,121.58735,1
500111070,20231101,616,18,16,1,25.04177,121.58735,1
500111070,20231101,617,18,16,1,25.04177,121.58735,1
500111070,20231101,618,18,16,1,25.04177,121.58735,1
500111070,20231101,619,18,16,1,25.04177,121.58735,1
500111070,20231101,621,18,16,1,25.04177,121.58735,1
500111070,20231101,622,18,16,1,25.04177,121.58735,1
500111070,20231101,623,18,16,1,25.04177,121.58735,1
500111070,20231101,624,18,16,1,25.04177,121.58735,1
500111070,20231101,625,18,16,1,25.04177,121.58735,1
500111070,20231101,626,18,16,1,25.04177,121.58735,1
500111070,20231101,627,18,16,1,25.04177,121.58735,1
500111070,20231101,628,18,17,1,25.04177,121.58735,0
500111070,20231101,629,18,17,1,25.04177,121.58735,0
500111070,20231101,631,18,17,1,25.04177,121.58735,0
500111070,20231101,632,18,17,1,25.04177,121.58735,0
500111070,20231101,633,18,17,1,25.04177,121.58735,0
500111070,20231101,634,18,17,1,25.04177,121.58735,0
500111070,20231101,635,18,17,1,25.04177,121.58735,0
500111070,20231101,636,18,17,1,25.04177,121.58735,0
500111070,20231101,637,18,17,1,25.04177,121.58735,0
500111070,20231101,638,18,17,1,25.04177,121.58735,0
500111070,20231101,639,18,17,1,25.04177,121.58735,0
500111070,20231101,640,18,17,1,25.04177,121.58735,0
500111070,20231101,641,18,17,1,25.04177,121.58735,0
500111070,20231101,642,18,16,1,25.04177,121.58735,1
500111070,20231101,643,18,16,1,25.04177,121.58735,1
500111070,20231101,644,18,15,1,25.04177,121.58735,2
500111070,20231101,645,18,15,1,25.04177,121.58735,2
500111070,20231101,646,18,15,1,25.04177,121.58735,2
500111070,20231101,647,18,15,1,25.04177,121.58735,2
500111070,20231101,648,18,15,1,25.04177,121.58735,2
500111070,20231101,649,18,15,1,25.04177,121.58735,2
500111070,20231101,650,18,15,1,25.04177,121.58735,2
500111070,20231101,651,18,15,1,25.04177,121.58735,2
500111070,20231101,652,18,15,1,25.04177,121.58735,2
500111070,20231101,653,18,14,1,25.04177,121.58735,3
500111070,20231101,654,18,14,1,25.04177,121.58735,3
500111070,20231101,655,18,14,1,25.04177,121.58735,3
500111070,20231101,656,18,14,1,25.04177,121.58735,3
500111070,20231101,657,18,14,1,25.04177,121.58735,3
500111070,20231101,658,18,14,1,25.04177,121.58735,3
500111070,20231101,659,18,14,1,25.04177,121.58735,3
500111070,20231101,661,18,14,1,25.04177,121.58735,3
500111070,20231101,662,18,14,1,25.04177,121.58735,3
500111070,20231101,663,18,14,1,25.04177,121.58735,3
500111070,20231101,664,18,14,1,25.04177,121.58735,3
500111070,20231101,665,18,14,1,25.04177,121.58735,3
500111070,20231101,666,18,14,1,25.04177,121.58735,3
500111070,20231101,667,18,14,1,25.04177,121.58735,3
500111070,20231101,668,18,14,1,25.04177,121.58735,3
500111070,20231101,669,18,14,1,25.04177,121.58735,3
500111070,20231101,670,18,14,1,25.04177,121.58735,3
500111070,20231101,671,18,14,1,25.04177,121.58735,3
500111070,20231101,672,18,14,1,25.04177,121.58735,3
500111070,20231101,673,18,15,1,25.04177,121.58735,2
500111070,20231101,674,18,15,1,25.04177,121.58735,2
500111070,20231101,675,18,14,1,25.04177,121.58735,3
500111070,20231101,676,18,14,1,25.04177,121.58735,3
500111070,20231101,677,18,14,1,25.04177,121.58735,3
500111070,20231101,678,18,15,1,25.04177,121.58735,2
500111070,20231101,679,18,15,1,25.04177,121.58735,2
500111070,20231101,681,18,15,1,25.04177,121.58735,2
500111070,20231101,682,18,15,1,25.04177,121.58735,2
500111070,20231101,683,18,15,1,25.04177,121.58735,2
500111070,20231101,684,18,15,1,25.04177,121.58735,2
500111070,20231101,685,18,15,1,25.04177,121.58735,2
500111070,20231101,686,18,15,1,25.04177,121.58735,2
500111070,20231101,687,18,15,1,25.04177,121.58735,2
500111070,20231101,688,18,15,1,25.04177,121.58735,2
500111070,20231101,689,18,15,1,25.04177,121.58735,2
500111070,20231101,690,18,15,1,25.04177,121.58735,2
500111070,20231101,691,18,14,1,25.04177,121.58735,3
500111070,20231101,693,18,14,1,25.04177,121.58735,3
500111070,20231101,694,18,14,1,25.04177,121.58735,3
500111070,20231101,695,18,14,1,25.04177,121.58735,3
500111070,20231101,696,18,13,1,25.04177,121.58735,4
500111070,20231101,697,18,13,1,25.04177,121.58735,4
500111070,20231101,698,18,13,1,25.04177,121.58735,4
500111070,20231101,699,18,12,1,25.04177,121.58735,5
500111070,20231101,700,18,12,1,25.04177,121.58735,5
500111070,20231101,701,18,12,1,25.04177,121.58735,5
500111070,20231101,702,18,12,1,25.04177,121.58735,5
500111070,20231101,704,18,12,1,25.04177,121.58735,5
500111070,20231101,706,18,12,1,25.04177,121.58735,5
500111070,20231101,707,18,12,1,25.04177,121.58735,5
500111070,20231101,708,18,12,1,25.04177,121.58735,5
500111070,20231101,709,18,12,1,25.04177,121.58735,5
500111070,20231101,710,18,12,1,25.04177,121.58735,5
500111070,20231101,711,18,12,1,25.04177,121.58735,5
500111070,20231101,712,18,13,1,25.04177,121.58735,4
500111070,20231101,713,18,13,1,25.04177,121.58735,4
500111070,20231101,714,18,13,1,25.04177,121.58735,4
500111070,20231101,715,18,13,1,25.04177,121.58735,4
500111070,20231101,716,18,13,1,25.04177,121.58735,4
500111070,20231101,717,18,13,1,25.04177,121.58735,4
500111070,20231101,718,18,13,1,25.04177,121.58735,4
500111070,20231101,719,18,13,1,25.04177,121.58735,4
500111070,20231101,721,18,13,1,25.04177,121.58735,4
500111070,20231101,722,18,13,1,25.04177,121.58735,4
500111070,20231101,723,18,13,1,25.04177,121.58735,4
500111070,20231101,724,18,13,1,25.04177,121.58735,4
500111070,20231101,725,18,13,1,25.04177,121.58735,4
500111070,20231101,726,18,13,1,25.04177,121.58735,4
500111070,20231101,727,18,13,1,25.04177,121.58735,4
500111070,20231101,728,18,13,1,25.04177,121.58735,4
500111070,20231101,729,18,13,1,25.04177,121.58735,4
500111070,20231101,730,18,13,1,25.04177,121.58735,4
500111070,20231101,731,18,13,1,25.04177,121.58735,4
500111070,20231101,732,18,13,1,25.04177,121.58735,4
500111070,20231101,733,18,13,1,25.04177,121.58735,4
500111070,20231101,734,18,12,1,25.04177,121.58735,5
500111070,20231101,735,18,12,1,25.04177,121.58735,5
500111070,20231101,736,18,12,1,25.04177,121.58735,5
500111070,20231101,737,18,12,1,25.04177,121.58735,5
500111070,20231101,738,18,12,1,25.04177,121.58735,5
500111070,20231101,739,18,12,1,25.04177,121.58735,5
500111070,20231101,741,18,12,1,25.04177,121.58735,5
500111070,20231101,742,18,12,1,25.04177,121.58735,5
500111070,20231101,743,18,11,1,25.04177,121.58735,6
500111070,20231101,744,18,11,1,25.04177,121.58735,6
500111070,20231101,745,18,11,1,25.04177,121.58735,6
500111070,20231101,746,18,11,1,25.04177,121.58735,6
500111070,20231101,747,18,11,1,25.04177,121.58735,6
500111070,20231101,748,18,11,1,25.04177,121.58735,6
500111070,20231101,749,18,11,1,25.04177,121.58735,6
500111070,20231101,751,18,12,1,25.04177,121.58735,5
500111070,20231101,752,18,13,1,25.04177,121.58735,4
500111070,20231101,753,18,13,1,25.04177,121.58735,4
500111070,20231101,754,18,13,1,25.04177,121.58735,4
500111070,20231101,755,18,13,1,25.04177,121.58735,4
500111070,20231101,756,18,13,1,25.04177,121.58735,4
500111070,20231101,757,18,13,1,25.04177,121.58735,4
500111070,20231101,758,18,13,1,25.04177,121.58735,4
500111070,20231101,759,18,13,1,25.04177,121.58735,4
500111070,20231101,760,18,13,1,25.04177,121.58735,4
500111070,20231101,761,18,13,1,25.04177,121.58735,4
500111070,20231101,762,18,13,1,25.04177,121.58735,4
500111070,20231101,763,18,13,1,25.04177,121.58735,4
500111070,20231101,764,18,13,1,25.04177,121.58735,4
500111070,20231101,765,18,13,1,25.04177,121.58735,4
500111070,20231101,766,18,13,1,25.04177,121.58735,4
500111070,20231101,767,18,13,1,25.04177,121.58735,4
500111070,20231101,768,18,13,1,25.04177,121.58735,4
500111070,20231101,769,18,13,1,25.04177,121.58735,4
500111070,20231101,770,18,13,1,25.04177,121.58735,4
500111070,20231101,771,18,13,1,25.04177,121.58735,4
500111070,20231101,772,18,13,1,25.04177,121.58735,4
500111070,20231101,773,18,13,1,25.04177,121.58735,4
500111070,20231101,774,18,13,1,25.04177,121.58735,4
500111070,20231101,775,18,13,1,25.04177,121.58735,4
500111070,20231101,776,18,13,1,25.04177,121.58735,4
500111070,20231101,777,18,13,1,25.04177,121.58735,4
500111070,20231101,778,18,13,1,25.04177,121.58735,4
500111070,20231101,779,18,14,1,25.04177,121.58735,3
500111070,20231101,781,18,14,1,25.04177,121.58735,3
500111070,20231101,782,18,15,1,25.04177,121.58735,2
500111070,20231101,783,18,15,1,25.04177,121.58735,2
500111070,20231101,784,18,15,1,25.04177,121.58735,2
500111070,20231101,785,18,15,1,25.04177,121.58735,2
500111070,20231101,786,18,15,1,25.04177,121.58735,2
500111070,20231101,787,18,15,1,25.04177,121.58735,2
500111070,20231101,788,18,15,1,25.04177,121.58735,2
500111070,20231101,789,18,16,1,25.04177,121.58735,1
500111070,20231101,790,18,16,1,25.04177,121.58735,1
500111070,20231101,791,18,16,1,25.04177,121.58735,1
500111070,20231101,792,18,17,1,25.04177,121.58735,0
500111070,20231101,793,18,17,1,25.04177,121.58735,0
500111070,20231101,794,18,17,1,25.04177,121.58735,0
500111070,20231101,795,18,17,1,25.04177,121.58735,0
500111070,20231101,796,18,16,1,25.04177,121.58735,1
500111070,20231101,797,18,16,1,25.04177,121.58735,1
500111070,20231101,798,18,16,1,25.04177,121.58735,1
500111070,20231101,799,18,16,1,25.04177,121.58735,1
500111070,20231101,801,18,15,1,25.04177,121.58735,2
500111070,20231101,802,18,15,1,25.04177,121.58735,2
500111070,20231101,803,18,15,1,25.04177,121.58735,2
500111070,20231101,804,18,14,1,25.04177,121.58735,3
500111070,20231101,805,18,14,1,25.04177,121.58735,3
500111070,20231101,806,18,14,1,25.04177,121.58735,3
500111070,20231101,807,18,14,1,25.04177,121.58735,3
500111070,20231101,808,18,14,1,25.04177,121.58735,3
500111070,20231101,809,18,14,1,25.04177,121.58735,3
500111070,20231101,811,18,14,1,25.04177,121.58735,3
500111070,20231101,812,18,14,1,25.04177,121.58735,3
500111070,20231101,813,18,14,1,25.04177,121.58735,3
500111070,20231101,814,18,14,1,25.04177,121.58735,3
500111070,20231101,815,18,15,1,25.04177,121.58735,2
500111070,20231101,816,18,15,1,25.04177,121.58735,2
500111070,20231101,817,18,15,1,25.04177,121.58735,2
500111070,20231101,818,18,15,1,25.04177,121.58735,2
500111070,20231101,819,18,15,1,25.04177,121.58735,2
500111070,20231101,820,18,16,1,25.04177,121.58735,1
500111070,20231101,821,18,16,1,25.04177,121.58735,1
500111070,20231101,822,18,16,1,25.04177,121.58735,1
500111070,20231101,823,18,16,1,25.04177,121.58735,1
500111070,20231101,824,18,16,1,25.04177,121.58735,1
500111070,20231101,825,18,16,1,25.04177,121.58735,1
500111070,20231101,826,18,15,1,25.04177,121.58735,2
500111070,20231101,827,18,15,1,25.04177,121.58735,2
500111070,20231101,828,18,15,1,25.04177,121.58735,2
500111070,20231101,829,18,14,1,25.04177,121.58735,3
500111070,20231101,830,18,14,1,25.04177,121.58735,3
500111070,20231101,831,18,14,1,25.04177,121.58735,3
500111070,20231101,832,18,14,1,25.04177,121.58735,3
500111070,20231101,833,18,14,1,25.04177,121.58735,3
500111070,20231101,834,18,14,1,25.04177,121.58735,3
500111070,20231101,835,18,14,1,25.04177,121.58735,3
500111070,20231101,836,18,14,1,25.04177,121.58735,3
500111070,20231101,837,18,14,1,25.04177,121.58735,3
500111070,20231101,838,18,14,1,25.04177,121.58735,3
500111070,20231101,839,18,14,1,25.04177,121.58735,3
500111070,20231101,841,18,14,1,25.04177,121.58735,3
500111070,20231101,842,18,14,1,25.04177,121.58735,3
500111070,20231101,843,18,14,1,25.04177,121.58735,3
500111070,20231101,844,18,14,1,25.04177,121.58735,3
500111070,20231101,845,18,14,1,25.04177,121.58735,3
500111070,20231101,846,18,15,1,25.04177,121.58735,2
500111070,20231101,847,18,15,1,25.04177,121.58735,2
500111070,20231101,848,18,15,1,25.04177,121.58735,2
500111070,20231101,849,18,13,1,25.04177,121.58735,4
500111070,20231101,850,18,14,1,25.04177,121.58735,3
500111070,20231101,851,18,14,1,25.04177,121.58735,3
500111070,20231101,852,18,14,1,25.04177,121.58735,3
500111070,20231101,853,18,14,1,25.04177,121.58735,3
500111070,20231101,854,18,14,1,25.04177,121.58735,3
500111070,20231101,856,18,14,1,25.04177,121.58735,3
500111070,20231101,857,18,14,1,25.04177,121.58735,3
500111070,20231101,858,18,13,1,25.04177,121.58735,4
500111070,20231101,859,18,13,1,25.04177,121.58735,4
500111070,20231101,861,18,13,1,25.04177,121.58735,4
500111070,20231101,862,18,13,1,25.04177,121.58735,4
500111070,20231101,863,18,13,1,25.04177,121.58735,4
500111070,20231101,864,18,13,1,25.04177,121.58735,4
500111070,20231101,865,18,13,1,25.04177,121.58735,4
500111070,20231101,866,18,14,1,25.04177,121.58735,3
500111070,20231101,867,18,14,1,25.04177,121.58735,3
500111070,20231101,868,18,14,1,25.04177,121.58735,3
500111070,20231101,869,18,14,1,25.04177,121.58735,3
500111070,20231101,871,18,13,1,25.04177,121.58735,4
500111070,20231101,872,18,13,1,25.04177,121.58735,4
500111070,20231101,873,18,13,1,25.04177,121.58735,4
500111070,20231101,874,18,14,1,25.04177,121.58735,3
500111070,20231101,875,18,14,1,25.04177,121.58735,3
500111070,20231101,876,18,14,1,25.04177,121.58735,3
500111070,20231101,877,18,14,1,25.04177,121.58735,3
500111070,20231101,878,18,14,1,25.04177,121.58735,3
500111070,20231101,879,18,13,1,25.04177,121.58735,4
500111070,20231101,881,18,13,1,25.04177,121.58735,4
500111070,20231101,882,18,15,1,25.04177,121.58735,2
500111070,20231101,883,18,15,1,25.04177,121.58735,2
500111070,20231101,884,18,15,1,25.04177,121.58735,2
500111070,20231101,885,18,15,1,25.04177,121.58735,2
500111070,20231101,886,18,15,1,25.04177,121.58735,2
500111070,20231101,887,18,15,1,25.04177,121.58735,2
500111070,20231101,888,18,15,1,25.04177,121.58735,2
500111070,20231101,889,18,15,1,25.04177,121.58735,2
500111070,20231101,891,18,16,1,25.04177,121.58735,1
500111070,20231101,892,18,16,1,25.04177,121.58735,1
500111070,20231101,893,18,16,1,25.04177,121.58735,1
500111070,20231101,894,18,16,1,25.04177,121.58735,1
500111070,20231101,895,18,16,1,25.04177,121.58735,1
500111070,20231101,896,18,16,1,25.04177,121.58735,1
500111070,20231101,897,18,16,1,25.04177,121.58735,1
500111070,20231101,898,18,16,1,25.04177,121.58735,1
500111070,20231101,899,18,16,1,25.04177,121.58735,1
500111070,20231101,901,18,16,1,25.04177,121.58735,1
500111070,20231101,902,18,16,1,25.04177,121.58735,1
500111070,20231101,903,18,16,1,25.04177,121.58735,1
500111070,20231101,904,18,17,1,25.04177,121.58735,0
500111070,20231101,905,18,17,1,25.04177,121.58735,0
500111070,20231101,906,18,17,1,25.04177,121.58735,0
500111070,20231101,907,18,17,1,25.04177,121.58735,0
500111070,20231101,908,18,17,1,25.04177,121.58735,0
500111070,20231101,909,18,17,1,25.04177,121.58735,0
500111070,20231101,911,18,16,1,25.04177,121.58735,1
500111070,20231101,912,18,15,1,25.04177,121.58735,2
500111070,20231101,913,18,15,1,25.04177,121.58735,2
500111070,20231101,914,18,15,1,25.04177,121.58735,2
500111070,20231101,915,18,15,1,25.04177,121.58735,2
500111070,20231101,916,18,14,1,25.04177,121.58735,3
500111070,20231101,918,18,15,1,25.04177,121.58735,2
500111070,20231101,919,18,15,1,25.04177,121.58735,2
500111070,20231101,921,18,15,1,25.04177,121.58735,2
500111070,20231101,922,18,14,1,25.04177,121.58735,3
500111070,20231101,923,18,14,1,25.04177,121.58735,3
500111070,20231101,924,18,14,1,25.04177,121.58735,3
500111070,20231101,925,18,14,1,25.04177,121.58735,3
500111070,20231101,926,18,14,1,25.04177,121.58735,3
500111070,20231101,927,18,14,1,25.04177,121.58735,3
500111070,20231101,928,18,14,1,25.04177,121.58735,3
500111070,20231101,929,18,14,1,25.04177,121.58735,3
500111070,20231101,932,18,15,1,25.04177,121.58735,2
500111070,20231101,933,18,15,1,25.04177,121.58735,2
500111070,20231101,934,18,15,1,25.04177,121.58735,2
500111070,20231101,935,18,15,1,25.04177,121.58735,2
500111070,20231101,936,18,15,1,25.04177,121.58735,2
500111070,20231101,937,18,15,1,25.04177,121.58735,2
500111070,20231101,938,18,15,1,25.04177,121.58735,2
500111070,20231101,939,18,15,1,25.04177,121.58735,2
500111070,20231101,941,18,15,1,25.04177,121.58735,2
500111070,20231101,942,18,15,1,25.04177,121.58735,2
500111070,20231101,943,18,15,1,25.04177,121.58735,2
500111070,20231101,944,18,16,1,25.04177,121.58735,1
500111070,20231101,945,18,16,1,25.04177,121.58735,1
500111070,20231101,946,18,16,1,25.04177,121.58735,1
500111070,20231101,947,18,16,1,25.04177,121.58735,1
500111070,20231101,948,18,15,1,25.04177,121.58735,2
500111070,20231101,949,18,15,1,25.04177,121.58735,2
500111070,20231101,951,18,15,1,25.04177,121.58735,2
500111070,20231101,952,18,15,1,25.04177,121.58735,2
500111070,20231101,953,18,15,1,25.04177,121.58735,2
500111070,20231101,954,18,15,1,25.04177,121.58735,2
500111070,20231101,955,18,15,1,25.04177,121.58735,2
500111070,20231101,956,18,15,1,25.04177,121.58735,2
500111070,20231101,957,18,16,1,25.04177,121.58735,1
500111070,20231101,958,18,15,1,25.04177,121.58735,2
500111070,20231101,959,18,15,1,25.04177,121.58735,2
500111070,20231101,961,18,15,1,25.04177,121.58735,2
500111070,20231101,962,18,14,1,25.04177,121.58735,3
500111070,20231101,963,18,15,1,25.04177,121.58735,2
500111070,20231101,964,18,15,1,25.04177,121.58735,2
500111070,20231101,965,18,15,1,25.04177,121.58735,2
500111070,20231101,966,18,15,1,25.04177,121.58735,2
500111070,20231101,967,18,16,1,25.04177,121.58735,1
500111070,20231101,968,18,16,1,25.04177,121.58735,1
500111070,20231101,969,18,16,1,25.04177,121.58735,1
500111070,20231101,970,18,16,1,25.04177,121.58735,1
500111070,20231101,972,18,16,1,25.04177,121.58735,1
500111070,20231101,973,18,16,1,25.04177,121.58735,1
500111070,20231101,974,18,17,1,25.04177,121.58735,0
500111070,20231101,975,18,17,1,25.04177,121.58735,0
500111070,20231101,976,18,15,1,25.04177,121.58735,2
500111070,20231101,977,18,15,1,25.04177,121.58735,2
500111070,20231101,978,18,13,1,25.04177,121.58735,4
500111070,20231101,979,18,14,1,25.04177,121.58735,3
500111070,20231101,981,18,14,1,25.04177,121.58735,3
500111070,20231101,982,18,14,1,25.04177,121.58735,3
500111070,20231101,983,18,14,1,25.04177,121.58735,3
500111070,20231101,984,18,14,1,25.04177,121.58735,3
500111070,20231101,985,18,14,1,25.04177,121.58735,3
500111070,20231101,986,18,14,1,25.04177,121.58735,3
500111070,20231101,987,18,13,1,25.04177,121.58735,4
500111070,20231101,988,18,13,1,25.04177,121.58735,4
500111070,20231101,989,18,13,1,25.04177,121.58735,4
500111070,20231101,991,18,13,1,25.04177,121.58735,4
500111070,20231101,992,18,12,1,25.04177,121.58735,5
500111070,20231101,993,18,12,1,25.04177,121.58735,5
500111070,20231101,994,18,12,1,25.04177,121.58735,5
500111070,20231101,995,18,12,1,25.04177,121.58735,5
500111070,20231101,996,18,12,1,25.04177,121.58735,5
500111070,20231101,997,18,12,1,25.04177,121.58735,5
500111070,20231101,998,18,12,1,25.04177,121.58735,5
500111070,20231101,999,18,12,1,25.04177,121.58735,5
500111070,20231101,1000,18,12,1,25.04177,121.58735,5
500111070,20231101,1001,18,12,1,25.04177,121.58735,5
500111070,20231101,1002,18,13,1,25.04177,121.58735,4
500111070,20231101,1003,18,13,1,25.04177,121.58735,4
500111070,20231101,1004,18,13,1,25.04177,121.58735,4
500111070,20231101,1005,18,13,1,25.04177,121.58735,4
500111070,20231101,1006,18,13,1,25.04177,121.58735,4
500111070,20231101,1007,18,13,1,25.04177,121.58735,4
500111070,20231101,1008,18,13,1,25.04177,121.58735,4
500111070,20231101,1009,18,13,1,25.04177,121.58735,4
500111070,20231101,1010,18,13,1,25.04177,121.58735,4
500111070,20231101,1011,18,13,1,25.04177,121.58735,4
500111070,20231101,1012,18,14,1,25.04177,121.58735,3
500111070,20231101,1013,18,11,1,25.04177,121.58735,6
500111070,20231101,1014,18,11,1,25.04177,121.58735,6
500111070,20231101,1015,18,10,1,25.04177,121.58735,7
500111070,20231101,1016,18,10,1,25.04177,121.58735,7
500111070,20231101,1017,18,10,1,25.04177,121.58735,7
500111070,20231101,1018,18,10,1,25.04177,121.58735,7
500111070,20231101,1019,18,10,1,25.04177,121.58735,7
500111070,20231101,1021,18,10,1,25.04177,121.58735,7
500111070,20231101,1022,18,8,1,25.04177,121.58735,9
500111070,20231101,1023,18,8,1,25.04177,121.58735,9
500111070,20231101,1024,18,8,1,25.04177,121.58735,9
500111070,20231101,1025,18,8,1,25.04177,121.58735,9
500111070,20231101,1028,18,8,1,25.04177,121.58735,9
500111070,20231101,1029,18,8,1,25.04177,121.58735,9
500111070,20231101,1030,18,8,1,25.04177,121.58735,9
500111070,20231101,1031,18,8,1,25.04177,121.58735,9
500111070,20231101,1032,18,8,1,25.04177,121.58735,9
500111070,20231101,1033,18,8,1,25.04177,121.58735,9
500111070,20231101,1034,18,8,1,25.04177,121.58735,9
500111070,20231101,1035,18,8,1,25.04177,121.58735,9
500111070,20231101,1036,18,8,1,25.04177,121.58735,9
500111070,20231101,1037,18,8,1,25.04177,121.58735,9
500111070,20231101,1038,18,7,1,25.04177,121.58735,10
500111070,20231101,1039,18,7,1,25.04177,121.58735,10
500111070,20231101,1041,18,7,1,25.04177,121.58735,10
500111070,20231101,1042,18,7,1,25.04177,121.58735,10
500111070,20231101,1043,18,7,1,25.04177,121.58735,10
500111070,20231101,1044,18,8,1,25.04177,121.58735,9
500111070,20231101,1045,18,7,1,25.04177,121.58735,10
500111070,20231101,1046,18,7,1,25.04177,121.58735,10
500111070,20231101,1047,18,7,1,25.04177,121.58735,10
500111070,20231101,1048,18,7,1,25.04177,121.58735,10
500111070,20231101,1049,18,8,1,25.04177,121.58735,9
500111070,20231101,1051,18,8,1,25.04177,121.58735,9
500111070,20231101,1052,18,8,1,25.04177,121.58735,9
500111070,20231101,1053,18,8,1,25.04177,121.58735,9
500111070,20231101,1054,18,8,1,25.04177,121.58735,9
500111070,20231101,1055,18,8,1,25.04177,121.58735,9
500111070,20231101,1056,18,8,1,25.04177,121.58735,9
500111070,20231101,1057,18,7,1,25.04177,121.58735,10
500111070,20231101,1058,18,7,1,25.04177,121.58735,10
500111070,20231101,1059,18,7,1,25.04177,121.58735,10
500111070,20231101,1060,18,6,1,25.04177,121.58735,11
500111070,20231101,1061,18,6,1,25.04177,121.58735,11
500111070,20231101,1062,18,6,1,25.04177,121.58735,11
500111070,20231101,1063,18,6,1,25.04177,121.58735,11
500111070,20231101,1064,18,6,1,25.04177,121.58735,11
500111070,20231101,1065,18,6,1,25.04177,121.58735,11
500111070,20231101,1066,18,5,1,25.04177,121.58735,12
500111070,20231101,1067,18,6,1,25.04177,121.58735,11
500111070,20231101,1068,18,5,1,25.04177,121.58735,12
500111070,20231101,1069,18,5,1,25.04177,121.58735,12
500111070,20231101,1070,18,5,1,25.04177,121.58735,12
500111070,20231101,1071,18,5,1,25.04177,121.58735,12
500111070,20231101,1072,18,3,1,25.04177,121.58735,14
500111070,20231101,1073,18,4,1,25.04177,121.58735,13
500111070,20231101,1074,18,4,1,25.04177,121.58735,13
500111070,20231101,1075,18,4,1,25.04177,121.58735,13
500111070,20231101,1076,18,5,1,25.04177,121.58735,12
500111070,20231101,1077,18,4,1,25.04177,121.58735,13
500111070,20231101,1078,18,4,1,25.04177,121.58735,13
500111070,20231101,1079,18,6,1,25.04177,121.58735,11
500111070,20231101,1081,18,9,1,25.04177,121.58735,8
500111070,20231101,1082,18,7,1,25.04177,121.58735,10
500111070,20231101,1083,18,7,1,25.04177,121.58735,10
500111070,20231101,1084,18,7,1,25.04177,121.58735,10
500111070,20231101,1085,18,7,1,25.04177,121.58735,10
500111070,20231101,1086,18,5,1,25.04177,121.58735,12
500111070,20231101,1087,18,5,1,25.04177,121.58735,12
500111070,20231101,1088,18,5,1,25.04177,121.58735,12
500111070,20231101,1089,18,5,1,25.04177,121.58735,12
500111070,20231101,1090,18,4,1,25.04177,121.58735,13
500111070,20231101,1091,18,4,1,25.04177,121.58735,13
500111070,20231101,1092,18,3,1,25.04177,121.58735,14
500111070,20231101,1093,18,3,1,25.04177,121.58735,14
500111070,20231101,1094,18,3,1,25.04177,121.58735,14
500111070,20231101,1095,18,3,1,25.04177,121.58735,14
500111070,20231101,1096,18,3,1,25.04177,121.58735,14
500111070,20231101,1097,18,3,1,25.04177,121.58735,14
500111070,20231101,1098,18,3,1,25.04177,121.58735,14
500111070,20231101,1099,18,3,1,25.04177,121.58735,14
500111070,20231101,1101,18,3,1,25.04177,121.58735,14
500111070,20231101,1102,18,2,1,25.04177,121.58735,15
500111070,20231101,1103,18,1,1,25.04177,121.58735,16
500111070,20231101,1104,18,1,1,25.04177,121.58735,16
500111070,20231101,1105,18,1,1,25.04177,121.58735,16
500111070,20231101,1106,18,0,1,25.04177,121.58735,17
500111070,20231101,1107,18,0,1,25.04177,121.58735,17
500111070,20231101,1108,18,0,1,25.04177,121.58735,17
500111070,20231101,1109,18,0,1,25.04177,121.58735,17
500111070,20231101,1111,18,0,1,25.04177,121.58735,17
500111070,20231101,1112,18,0,1,25.04177,121.58735,17
500111070,20231101,1113,18,0,1,25.04177,121.58735,17
500111070,20231101,1114,18,0,1,25.04177,121.58735,17
500111070,20231101,1115,18,0,1,25.04177,121.58735,17
500111070,20231101,1116,18,0,1,25.04177,121.58735,17
500111070,20231101,1117,18,0,1,25.04177,121.58735,17
500111070,20231101,1118,18,0,1,25.04177,121.58735,17
500111070,20231101,1119,18,0,1,25.04177,121.58735,17
500111070,20231101,1120,18,1,1,25.04177,121.58735,16
500111070,20231101,1121,18,1,1,25.04177,121.58735,16
500111070,20231101,1123,18,1,1,25.04177,121.58735,16
500111070,20231101,1124,18,1,1,25.04177,121.58735,16
500111070,20231101,1125,18,1,1,25.04177,121.58735,16
500111070,20231101,1126,18,1,1,25.04177,121.58735,16
500111070,20231101,1127,18,1,1,25.04177,121.58735,16
500111070,20231101,1128,18,1,1,25.04177,121.58735,16
500111070,20231101,1129,18,3,1,25.04177,121.58735,14
500111070,20231101,1131,18,7,1,25.04177,121.58735,10
500111070,20231101,1132,18,7,1,25.04177,121.58735,10
500111070,20231101,1133,18,7,1,25.04177,121.58735,10
500111070,20231101,1134,18,9,1,25.04177,121.58735,8
500111070,20231101,1135,18,9,1,25.04177,121.58735,8
500111070,20231101,1136,18,11,1,25.04177,121.58735,5
500111070,20231101,1137,18,15,1,25.04177,121.58735,1
500111070,20231101,1138,18,15,1,25.04177,121.58735,1
500111070,20231101,1139,18,15,1,25.04177,121.58735,1
500111070,20231101,1141,18,15,1,25.04177,121.58735,1
500111070,20231101,1142,18,15,1,25.04177,121.58735,1
500111070,20231101,1143,18,15,1,25.04177,121.58735,1
500111070,20231101,1144,18,15,1,25.04177,121.58735,1
500111070,20231101,1145,18,15,1,25.04177,121.58735,1
500111070,20231101,1146,18,15,1,25.04177,121.58735,1
500111070,20231101,1147,18,15,1,25.04177,121.58735,1
500111070,20231101,1148,18,14,1,25.04177,121.58735,2
500111070,20231101,1149,18,14,1,25.04177,121.58735,2
500111070,20231101,1151,18,14,1,25.04177,121.58735,2
500111070,20231101,1152,18,14,1,25.04177,121.58735,2
500111070,20231101,1153,18,14,1,25.04177,121.58735,2
500111070,20231101,1154,18,14,1,25.04177,121.58735,2
500111070,20231101,1155,18,14,1,25.04177,121.58735,2
500111070,20231101,1156,18,13,1,25.04177,121.58735,3
500111070,20231101,1157,18,13,1,25.04177,121.58735,3
500111070,20231101,1158,18,12,1,25.04177,121.58735,4
500111070,20231101,1159,18,12,1,25.04177,121.58735,4
500111070,20231101,1161,18,11,1,25.04177,121.58735,5
500111070,20231101,1162,18,11,1,25.04177,121.58735,5
500111070,20231101,1163,18,10,1,25.04177,121.58735,6
500111070,20231101,1164,18,10,1,25.04177,121.58735,6
500111070,20231101,1165,18,10,1,25.04177,121.58735,6
500111070,20231101,1166,18,15,1,25.04177,121.58735,1
500111070,20231101,1167,18,16,1,25.04177,121.58735,0
500111070,20231101,1168,18,16,1,25.04177,121.58735,0
500111070,20231101,1169,18,16,1,25.04177,121.58735,0
500111070,20231101,1171,18,16,1,25.04177,121.58735,0
500111070,20231101,1172,18,15,1,25.04177,121.58735,1
500111070,20231101,1173,18,16,1,25.04177,121.58735,0
500111070,20231101,1174,18,16,1,25.04177,121.58735,0
500111070,20231101,1175,18,16,1,25.04177,121.58735,0
500111070,20231101,1176,18,16,1,25.04177,121.58735,0
500111070,20231101,1177,18,16,1,25.04177,121.58735,0
500111070,20231101,1178,18,16,1,25.04177,121.58735,0
500111070,20231101,1179,18,16,1,25.04177,121.58735,0
500111070,20231101,1181,18,16,1,25.04177,121.58735,0
500111070,20231101,1182,18,16,1,25.04177,121.58735,0
500111070,20231101,1183,18,16,1,25.04177,121.58735,0
500111070,20231101,1184,18,16,1,25.04177,121.58735,0
500111070,20231101,1185,18,16,1,25.04177,121.58735,0
500111070,20231101,1186,18,16,1,25.04177,121.58735,0
500111070,20231101,1187,18,16,1,25.04177,121.58735,0
500111070,20231101,1188,18,16,1,25.04177,121.58735,0
500111070,20231101,1189,18,16,1,25.04177,121.58735,0
500111070,20231101,1191,18,16,1,25.04177,121.58735,0
500111070,20231101,1192,18,16,1,25.04177,121.58735,0
500111070,20231101,1194,18,15,1,25.04177,121.58735,1
500111070,20231101,1195,18,15,1,25.04177,121.58735,1
500111070,20231101,1196,18,16,1,25.04177,121.58735,0
500111070,20231101,1197,18,15,1,25.04177,121.58735,1
500111070,20231101,1198,18,15,1,25.04177,121.58735,1
500111070,20231101,1199,18,15,1,25.04177,121.58735,1
500111070,20231101,1201,18,15,1,25.04177,121.58735,1
500111070,20231101,1202,18,15,1,25.04177,121.58735,1
500111070,20231101,1203,18,16,1,25.04177,121.58735,0
500111070,20231101,1204,18,16,1,25.04177,121.58735,0
500111070,20231101,1205,18,14,1,25.04177,121.58735,2
500111070,20231101,1206,18,14,1,25.04177,121.58735,2
500111070,20231101,1207,18,14,1,25.04177,121.58735,2
500111070,20231101,1208,18,14,1,25.04177,121.58735,2
500111070,20231101,1209,18,14,1,25.04177,121.58735,2
500111070,20231101,1211,18,14,1,25.04177,121.58735,2
500111070,20231101,1212,18,14,1,25.04177,121.58735,2
500111070,20231101,1213,18,14,1,25.04177,121.58735,2
500111070,20231101,1214,18,14,1,25.04177,121.58735,2
500111070,20231101,1215,18,14,1,25.04177,121.58735,2
500111070,20231101,1216,18,14,1,25.04177,121.58735,2
500111070,20231101,1217,18,14,1,25.04177,121.58735,2
500111070,20231101,1218,18,14,1,25.04177,121.58735,2
500111070,20231101,1219,18,14,1,25.04177,121.58735,2
500111070,20231101,1221,18,14,1,25.04177,121.58735,2
500111070,20231101,1222,18,14,1,25.04177,121.58735,2
500111070,20231101,1223,18,14,1,25.04177,121.58735,2
500111070,20231101,1224,18,14,1,25.04177,121.58735,2
500111070,20231101,1225,18,14,1,25.04177,121.58735,2
500111070,20231101,1226,18,14,1,25.04177,121.58735,2
500111070,20231101,1227,18,13,1,25.04177,121.58735,3
500111070,20231101,1228,18,13,1,25.04177,121.58735,3
500111070,20231101,1229,18,13,1,25.04177,121.58735,3
500111070,20231101,1231,18,13,1,25.04177,121.58735,3
500111070,20231101,1232,18,13,1,25.04177,121.58735,3
500111070,20231101,1233,18,13,1,25.04177,121.58735,3
500111070,20231101,1234,18,13,1,25.04177,121.58735,3
500111070,20231101,1235,18,12,1,25.04177,121.58735,4
500111070,20231101,1236,18,13,1,25.04177,121.58735,3
500111070,20231101,1237,18,13,1,25.04177,121.58735,3
500111070,20231101,1238,18,13,1,25.04177,121.58735,3
500111070,20231101,1239,18,13,1,25.04177,121.58735,3
500111070,20231101,1241,18,14,1,25.04177,121.58735,2
500111070,20231101,1242,18,14,1,25.04177,121.58735,2
500111070,20231101,1243,18,14,1,25.04177,121.58735,2
500111070,20231101,1244,18,13,1,25.04177,121.58735,3
500111070,20231101,1245,18,13,1,25.04177,121.58735,3
500111070,20231101,1246,18,13,1,25.04177,121.58735,3
500111070,20231101,1247,18,13,1,25.04177,121.58735,3
500111070,20231101,1248,18,13,1,25.04177,121.58735,3
500111070,20231101,1249,18,13,1,25.04177,121.58735,3
500111070,20231101,1251,18,13,1,25.04177,121.58735,3
500111070,20231101,1252,18,13,1,25.04177,121.58735,3
500111070,20231101,1253,18,13,1,25.04177,121.58735,3
500111070,20231101,1254,18,13,1,25.04177,121.58735,3
500111070,20231101,1255,18,13,1,25.04177,121.58735,3
500111070,20231101,1256,18,13,1,25.04177,121.58735,3
500111070,20231101,1257,18,12,1,25.04177,121.58735,4
500111070,20231101,1258,18,11,1,25.04177,121.58735,5
500111070,20231101,1259,18,11,1,25.04177,121.58735,5
500111070,20231101,1261,18,11,1,25.04177,121.58735,5
500111070,20231101,1262,18,11,1,25.04177,121.58735,5
500111070,20231101,1263,18,11,1,25.04177,121.58735,5
500111070,20231101,1264,18,11,1,25.04177,121.58735,5
500111070,20231101,1265,18,11,1,25.04177,121.58735,5
500111070,20231101,1266,18,11,1,25.04177,121.58735,5
500111070,20231101,1267,18,11,1,25.04177,121.58735,5
500111070,20231101,1268,18,10,1,25.04177,121.58735,6
500111070,20231101,1269,18,10,1,25.04177,121.58735,6
500111070,20231101,1270,18,10,1,25.04177,121.58735,6
500111070,20231101,1271,18,9,1,25.04177,121.58735,7
500111070,20231101,1272,18,9,1,25.04177,121.58735,7
500111070,20231101,1273,18,11,1,25.04177,121.58735,5
500111070,20231101,1274,18,11,1,25.04177,121.58735,5
500111070,20231101,1275,18,10,1,25.04177,121.58735,6
500111070,20231101,1276,18,9,1,25.04177,121.58735,7
500111070,20231101,1277,18,9,1,25.04177,121.58735,7
500111070,20231101,1278,18,9,1,25.04177,121.58735,7
500111070,20231101,1279,18,9,1,25.04177,121.58735,7
500111070,20231101,1281,18,7,1,25.04177,121.58735,9
500111070,20231101,1282,18,7,1,25.04177,121.58735,9
500111070,20231101,1283,18,7,1,25.04177,121.58735,9
500111070,20231101,1284,18,7,1,25.04177,121.58735,9
500111070,20231101,1285,18,7,1,25.04177,121.58735,9
500111070,20231101,1286,18,7,1,25.04177,121.58735,9
500111070,20231101,1287,18,7,1,25.04177,121.58735,9
500111070,20231101,1288,18,7,1,25.04177,121.58735,9
500111070,20231101,1289,18,7,1,25.04177,121.58735,9
500111070,20231101,1291,18,7,1,25.04177,121.58735,9
500111070,20231101,1292,18,7,1,25.04177,121.58735,9
500111070,20231101,1293,18,8,1,25.04177,121.58735,8
500111070,20231101,1294,18,9,1,25.04177,121.58735,7
500111070,20231101,1295,18,9,1,25.04177,121.58735,7
500111070,20231101,1296,18,9,1,25.04177,121.58735,7
500111070,20231101,1297,18,10,1,25.04177,121.58735,6
500111070,20231101,1298,18,9,1,25.04177,121.58735,7
500111070,20231101,1299,18,9,1,25.04177,121.58735,7
500111070,20231101,1300,18,9,1,25.04177,121.58735,7
500111070,20231101,1301,18,8,1,25.04177,121.58735,8
500111070,20231101,1302,18,8,1,25.04177,121.58735,8
500111070,20231101,1303,18,8,1,25.04177,121.58735,8
500111070,20231101,1304,18,7,1,25.04177,121.58735,9
500111070,20231101,1305,18,6,1,25.04177,121.58735,10
500111070,20231101,1306,18,6,1,25.04177,121.58735,10
500111070,20231101,1307,18,6,1,25.04177,121.58735,10
500111070,20231101,1308,18,6,1,25.04177,121.58735,10
500111070,20231101,1309,18,6,1,25.04177,121.58735,10
500111070,20231101,1310,18,6,1,25.04177,121.58735,10
500111070,20231101,1311,18,5,1,25.04177,121.58735,11
500111070,20231101,1312,18,5,1,25.04177,121.58735,11
500111070,20231101,1313,18,5,1,25.04177,121.58735,11
500111070,20231101,1314,18,5,1,25.04177,121.58735,11
500111070,20231101,1315,18,5,1,25.04177,121.58735,11
500111070,20231101,1316,18,5,1,25.04177,121.58735,11
500111070,20231101,1317,18,5,1,25.04177,121.58735,11
500111070,20231101,1318,18,5,1,25.04177,121.58735,11
500111070,20231101,1319,18,4,1,25.04177,121.58735,12
500111070,20231101,1321,18,4,1,25.04177,121.58735,12
500111070,20231101,1322,18,3,1,25.04177,121.58735,13
500111070,20231101,1323,18,3,1,25.04177,121.58735,13
500111070,20231101,1324,18,3,1,25.04177,121.58735,13
500111070,20231101,1325,18,3,1,25.04177,121.58735,13
500111070,20231101,1326,18,4,1,25.04177,121.58735,12
500111070,20231101,1327,18,8,1,25.04177,121.58735,8
500111070,20231101,1328,18,10,1,25.04177,121.58735,6
500111070,20231101,1329,18,12,1,25.04177,121.58735,4
500111070,20231101,1330,18,14,1,25.04177,121.58735,2
500111070,20231101,1331,18,14,1,25.04177,121.58735,2
500111070,20231101,1332,18,14,1,25.04177,121.58735,2
500111070,20231101,1333,18,14,1,25.04177,121.58735,2
500111070,20231101,1334,18,12,1,25.04177,121.58735,4
500111070,20231101,1335,18,11,1,25.04177,121.58735,5
500111070,20231101,1336,18,11,1,25.04177,121.58735,5
500111070,20231101,1337,18,11,1,25.04177,121.58735,5
500111070,20231101,1338,18,11,1,25.04177,121.58735,5
500111070,20231101,1339,18,11,1,25.04177,121.58735,5
500111070,20231101,1341,18,10,1,25.04177,121.58735,6
500111070,20231101,1342,18,10,1,25.04177,121.58735,6
500111070,20231101,1343,18,10,1,25.04177,121.58735,6
500111070,20231101,1344,18,10,1,25.04177,121.58735,6
500111070,20231101,1345,18,10,1,25.04177,121.58735,6
500111070,20231101,1346,18,10,1,25.04177,121.58735,6
500111070,20231101,1347,18,10,1,25.04177,121.58735,6
500111070,20231101,1348,18,10,1,25.04177,121.58735,6
500111070,20231101,1349,18,10,1,25.04177,121.58735,6
500111070,20231101,1351,18,9,1,25.04177,121.58735,7
500111070,20231101,1352,18,9,1,25.04177,121.58735,7
500111070,20231101,1353,18,9,1,25.04177,121.58735,7
500111070,20231101,1354,18,9,1,25.04177,121.58735,7
500111070,20231101,1355,18,9,1,25.04177,121.58735,7
500111070,20231101,1356,18,9,1,25.04177,121.58735,7
500111070,20231101,1357,18,9,1,25.04177,121.58735,7
500111070,20231101,1358,18,9,1,25.04177,121.58735,7
500111070,20231101,1359,18,9,1,25.04177,121.58735,7
500111070,20231101,1360,18,9,1,25.04177,121.58735,7
500111070,20231101,1361,18,9,1,25.04177,121.58735,7
500111070,20231101,1362,18,9,1,25.04177,121.58735,7
500111070,20231101,1363,18,9,1,25.04177,121.58735,7
500111070,20231101,1364,18,9,1,25.04177,121.58735,7
500111070,20231101,1365,18,9,1,25.04177,121.58735,7
500111070,20231101,1366,18,9,1,25.04177,121.58735,7
500111070,20231101,1367,18,9,1,25.04177,121.58735,7
500111070,20231101,1368,18,8,1,25.04177,121.58735,8
500111070,20231101,1369,18,8,1,25.04177,121.58735,8
500111070,20231101,1370,18,8,1,25.04177,121.58735,8
500111070,20231101,1371,18,8,1,25.04177,121.58735,8
500111070,20231101,1372,18,8,1,25.04177,121.58735,8
500111070,20231101,1373,18,8,1,25.04177,121.58735,8
500111070,20231101,1374,18,8,1,25.04177,121.58735,8
500111070,20231101,1375,18,8,1,25.04177,121.58735,8
500111070,20231101,1376,18,8,1,25.04177,121.58735,8
500111070,20231101,1377,18,8,1,25.04177,121.58735,8
500111070,20231101,1378,18,8,1,25.04177,121.58735,8
500111070,20231101,1379,18,8,1,25.04177,121.58735,8
500111070,20231101,1381,18,8,1,25.04177,121.58735,8
500111070,20231101,1382,18,8,1,25.04177,121.58735,8
500111070,20231101,1383,18,8,1,25.04177,121.58735,8
500111070,20231101,1384,18,8,1,25.04177,121.58735,8
500111070,20231101,1385,18,8,1,25.04177,121.58735,8
500111070,20231101,1386,18,8,1,25.04177,121.58735,8
500111070,20231101,1387,18,8,1,25.04177,121.58735,8
500111070,20231101,1388,18,7,1,25.04177,121.58735,9
500111070,20231101,1389,18,6,1,25.04177,121.58735,10
500111070,20231101,1390,18,5,1,25.04177,121.58735,11
500111070,20231101,1391,18,5,1,25.04177,121.58735,11
500111070,20231101,1392,18,5,1,25.04177,121.58735,11
500111070,20231101,1393,18,4,1,25.04177,121.58735,12
500111070,20231101,1394,18,4,1,25.04177,121.58735,12
500111070,20231101,1395,18,4,1,25.04177,121.58735,12
500111070,20231101,1396,18,4,1,25.04177,121.58735,12
500111070,20231101,1397,18,6,1,25.04177,121.58735,10
500111070,20231101,1398,18,6,1,25.04177,121.58735,10
500111070,20231101,1399,18,6,1,25.04177,121.58735,10
500111070,20231101,1401,18,6,1,25.04177,121.58735,10
500111070,20231101,1402,18,6,1,25.04177,121.58735,10
500111070,20231101,1403,18,6,1,25.04177,121.58735,10
500111070,20231101,1404,18,6,1,25.04177,121.58735,10
500111070,20231101,1405,18,6,1,25.04177,121.58735,10
500111070,20231101,1406,18,6,1,25.04177,121.58735,10
500111070,20231101,1407,18,6,1,25.04177,121.58735,10
500111070,20231101,1409,18,6,1,25.04177,121.58735,10
500111070,20231101,1411,18,6,1,25.04177,121.58735,10
500111070,20231101,1412,18,6,1,25.04177,121.58735,10
500111070,20231101,1413,18,6,1,25.04177,121.58735,10
500111070,20231101,1414,18,6,1,25.04177,121.58735,10
500111070,20231101,1415,18,6,1,25.04177,121.58735,10
500111070,20231101,1416,18,6,1,25.04177,121.58735,10
500111070,20231101,1417,18,6,1,25.04177,121.58735,10
500111070,20231101,1418,18,6,1,25.04177,121.58735,10
500111070,20231101,1419,18,6,1,25.04177,121.58735,10
500111070,20231101,1421,18,7,1,25.04177,121.58735,9
500111070,20231101,1422,18,7,1,25.04177,121.58735,9
500111070,20231101,1423,18,7,1,25.04177,121.58735,9
500111070,20231101,1424,18,6,1,25.04177,121.58735,10
500111070,20231101,1425,18,6,1,25.04177,121.58735,10
500111070,20231101,1426,18,6,1,25.04177,121.58735,10
500111070,20231101,1427,18,6,1,25.04177,121.58735,10
500111070,20231101,1428,18,6,1,25.04177,121.58735,10
500111070,20231101,1429,18,6,1,25.04177,121.58735,10
500111070,20231101,1431,18,6,1,25.04177,121.58735,10
500111070,20231101,1432,18,6,1,25.04177,121.58735,10
500111070,20231101,1433,18,6,1,25.04177,121.58735,10
500111070,20231101,1434,18,5,1,25.04177,121.58735,11
500111070,20231101,1435,18,5,1,25.04177,121.58735,11
500111070,20231101,1436,18,5,1,25.04177,121.58735,11
500111070,20231101,1437,18,5,1,25.04177,121.58735,11
500111070,20231101,1438,18,5,1,25.04177,121.58735,11
500111070,20231101,1439,18,5,1,25.04177,121.58735,11
500111070,20231102,1,18,5,1,25.04177,121.58735,11
500111070,20231102,2,18,4,1,25.04177,121.58735,12
500111070,20231102,3,18,4,1,25.04177,121.58735,12
500111070,20231102,4,18,4,1,25.04177,121.58735,12
500111070,20231102,5,18,4,1,25.04177,121.58735,12
500111070,20231102,6,18,4,1,25.04177,121.58735,12
500111070,20231102,7,18,4,1,25.04177,121.58735,12
500111070,20231102,8,18,4,1,25.04177,121.58735,12
500111070,20231102,9,18,4,1,25.04177,121.58735,12
500111070,20231102,11,18,3,1,25.04177,121.58735,13
500111070,20231102,12,18,3,1,25.04177,121.58735,13
500111070,20231102,13,18,3,1,25.04177,121.58735,13
500111070,20231102,14,18,3,1,25.04177,121.58735,13
500111070,20231102,15,18,3,1,25.04177,121.58735,13
500111070,20231102,16,18,3,1,25.04177,121.58735,13
500111070,20231102,17,18,3,1,25.04177,121.58735,13
500111070,20231102,18,18,3,1,25.04177,121.58735,13
500111070,20231102,19,18,3,1,25.04177,121.58735,13
500111070,20231102,21,18,3,1,25.04177,121.58735,13
500111070,20231102,22,18,3,1,25.04177,121.58735,13
500111070,20231102,25,18,3,1,25.04177,121.58735,13
500111070,20231102,26,18,3,1,25.04177,121.58735,13
500111070,20231102,27,18,3,1,25.04177,121.58735,13
500111070,20231102,28,18,3,1,25.04177,121.58735,13
500111070,20231102,29,18,3,1,25.04177,121.58735,13
500111070,20231102,30,18,3,1,25.04177,121.58735,13
500111070,20231102,33,18,3,1,25.04177,121.58735,13
500111070,20231102,34,18,3,1,25.04177,121.58735,13
500111070,20231102,35,18,3,1,25.04177,121.58735,13
500111070,20231102,37,18,3,1,25.04177,121.58735,13
500111070,20231102,38,18,3,1,25.04177,121.58735,13
500111070,20231102,39,18,3,1,25.04177,121.58735,13
500111070,20231102,40,18,3,1,25.04177,121.58735,13
500111070,20231102,42,18,3,1,25.04177,121.58735,13
500111070,20231102,43,18,3,1,25.04177,121.58735,13
500111070,20231102,45,18,3,1,25.04177,121.58735,13
500111070,20231102,46,18,3,1,25.04177,121.58735,13
500111070,20231102,47,18,3,1,25.04177,121.58735,13
500111070,20231102,48,18,3,1,25.04177,121.58735,13
500111070,20231102,49,18,3,1,25.04177,121.58735,13
500111070,20231102,51,18,3,1,25.04177,121.58735,13
500111070,20231102,52,18,3,1,25.04177,121.58735,13
500111070,20231102,53,18,3,1,25.04177,121.58735,13
500111070,20231102,54,18,3,1,25.04177,121.58735,13
500111070,20231102,55,18,3,1,25.04177,121.58735,13
500111070,20231102,58,18,2,1,25.04177,121.58735,14
500111070,20231102,59,18,2,1,25.04177,121.58735,14
500111070,20231102,61,18,2,1,25.04177,121.58735,14
500111070,20231102,62,18,1,1,25.04177,121.58735,15
500111070,20231102,63,18,1,1,25.04177,121.58735,15
500111070,20231102,64,18,1,1,25.04177,121.58735,15
500111070,20231102,65,18,1,1,25.04177,121.58735,15
500111070,20231102,66,18,1,1,25.04177,121.58735,15
500111070,20231102,69,18,1,1,25.04177,121.58735,15
500111070,20231102,71,18,1,1,25.04177,121.58735,15
500111070,20231102,72,18,1,1,25.04177,121.58735,15
500111070,20231102,73,18,1,1,25.04177,121.58735,15
500111070,20231102,74,18,1,1,25.04177,121.58735,15
500111070,20231102,75,18,1,1,25.04177,121.58735,15
500111070,20231102,76,18,1,1,25.04177,121.58735,15
500111070,20231102,77,18,1,1,25.04177,121.58735,15
500111070,20231102,78,18,1,1,25.04177,121.58735,15
500111070,20231102,79,18,1,1,25.04177,121.58735,15
500111070,20231102,82,18,1,1,25.04177,121.58735,15
500111070,20231102,83,18,1,1,25.04177,121.58735,15
500111070,20231102,84,18,1,1,25.04177,121.58735,15
500111070,20231102,85,18,1,1,25.04177,121.58735,15
500111070,20231102,86,18,1,1,25.04177,121.58735,15
500111070,20231102,87,18,1,1,25.04177,121.58735,15
500111070,20231102,88,18,1,1,25.04177,121.58735,15
500111070,20231102,89,18,1,1,25.04177,121.58735,15
500111070,20231102,90,18,1,1,25.04177,121.58735,15
500111070,20231102,91,18,1,1,25.04177,121.58735,15
500111070,20231102,92,18,1,1,25.04177,121.58735,15
500111070,20231102,93,18,1,1,25.04177,121.58735,15
500111070,20231102,97,18,1,1,25.04177,121.58735,15
500111070,20231102,98,18,1,1,25.04177,121.58735,15
500111070,20231102,100,18,1,1,25.04177,121.58735,15
500111070,20231102,101,18,1,1,25.04177,121.58735,15
500111070,20231102,102,18,1,1,25.04177,121.58735,15
500111070,20231102,103,18,1,1,25.04177,121.58735,15
500111070,20231102,104,18,1,1,25.04177,121.58735,15
500111070,20231102,105,18,1,1,25.04177,121.58735,15
500111070,20231102,106,18,1,1,25.04177,121.58735,15
500111070,20231102,107,18,1,1,25.04177,121.58735,15
500111070,20231102,108,18,1,1,25.04177,121.58735,15
500111070,20231102,109,18,1,1,25.04177,121.58735,15
500111070,20231102,110,18,1,1,25.04177,121.58735,15
500111070,20231102,111,18,1,1,25.04177,121.58735,15
500111070,20231102,113,18,1,1,25.04177,121.58735,15
500111070,20231102,114,18,1,1,25.04177,121.58735,15
500111070,20231102,115,18,1,1,25.04177,121.58735,15
500111070,20231102,116,18,1,1,25.04177,121.58735,15
500111070,20231102,117,18,1,1,25.04177,121.58735,15
500111070,20231102,118,18,1,1,25.04177,121.58735,15
500111070,20231102,119,18,1,1,25.04177,121.58735,15
500111070,20231102,121,18,1,1,25.04177,121.58735,15
500111070,20231102,122,18,1,1,25.04177,121.58735,15
500111070,20231102,123,18,1,1,25.04177,121.58735,15
500111070,20231102,124,18,1,1,25.04177,121.58735,15
500111070,20231102,125,18,1,1,25.04177,121.58735,15
500111070,20231102,126,18,1,1,25.04177,121.58735,15
500111070,20231102,127,18,1,1,25.04177,121.58735,15
500111070,20231102,128,18,1,1,25.04177,121.58735,15
500111070,20231102,129,18,1,1,25.04177,121.58735,15
500111070,20231102,130,18,1,1,25.04177,121.58735,15
500111070,20231102,131,18,1,1,25.04177,121.58735,15
500111070,20231102,132,18,1,1,25.04177,121.58735,15
500111070,20231102,133,18,1,1,25.04177,121.58735,15
500111070,20231102,134,18,1,1,25.04177,121.58735,15
500111070,20231102,135,18,1,1,25.04177,121.58735,15
500111070,20231102,136,18,1,1,25.04177,121.58735,15
500111070,20231102,137,18,1,1,25.04177,121.58735,15
500111070,20231102,138,18,1,1,25.04177,121.58735,15
500111070,20231102,139,18,1,1,25.04177,121.58735,15
500111070,20231102,141,18,1,1,25.04177,121.58735,15
500111070,20231102,142,18,1,1,25.04177,121.58735,15
500111070,20231102,143,18,1,1,25.04177,121.58735,15
500111070,20231102,144,18,1,1,25.04177,121.58735,15
500111070,20231102,145,18,1,1,25.04177,121.58735,15
500111070,20231102,146,18,1,1,25.04177,121.58735,15
500111070,20231102,147,18,1,1,25.04177,121.58735,15
500111070,20231102,148,18,1,1,25.04177,121.58735,15
500111070,20231102,149,18,1,1,25.04177,121.58735,15
500111070,20231102,150,18,1,1,25.04177,121.58735,15
500111070,20231102,151,18,1,1,25.04177,121.58735,15
500111070,20231102,152,18,1,1,25.04177,121.58735,15
500111070,20231102,153,18,1,1,25.04177,121.58735,15
500111070,20231102,154,18,1,1,25.04177,121.58735,15
500111070,20231102,155,18,1,1,25.04177,121.58735,15
500111070,20231102,156,18,1,1,25.04177,121.58735,15
500111070,20231102,157,18,1,1,25.04177,121.58735,15
500111070,20231102,158,18,1,1,25.04177,121.58735,15
500111070,20231102,159,18,1,1,25.04177,121.58735,15
500111070,20231102,160,18,1,1,25.04177,121.58735,15
500111070,20231102,161,18,1,1,25.04177,121.58735,15
500111070,20231102,162,18,1,1,25.04177,121.58735,15
500111070,20231102,163,18,1,1,25.04177,121.58735,15
500111070,20231102,164,18,1,1,25.04177,121.58735,15
500111070,20231102,165,18,1,1,25.04177,121.58735,15
500111070,20231102,166,18,1,1,25.04177,121.58735,15
500111070,20231102,167,18,1,1,25.04177,121.58735,15
500111070,20231102,168,18,1,1,25.04177,121.58735,15
500111070,20231102,169,18,1,1,25.04177,121.58735,15
500111070,20231102,170,18,1,1,25.04177,121.58735,15
500111070,20231102,171,18,1,1,25.04177,121.58735,15
500111070,20231102,172,18,1,1,25.04177,121.58735,15
500111070,20231102,173,18,1,1,25.04177,121.58735,15
500111070,20231102,174,18,1,1,25.04177,121.58735,15
500111070,20231102,175,18,1,1,25.04177,121.58735,15
500111070,20231102,176,18,1,1,25.04177,121.58735,15
500111070,20231102,177,18,1,1,25.04177,121.58735,15
500111070,20231102,178,18,1,1,25.04177,121.58735,15
500111070,20231102,179,18,1,1,25.04177,121.58735,15
500111070,20231102,180,18,1,1,25.04177,121.58735,15
500111070,20231102,181,18,1,1,25.04177,121.58735,15
500111070,20231102,182,18,1,1,25.04177,121.58735,15
500111070,20231102,183,18,1,1,25.04177,121.58735,15
500111070,20231102,184,18,1,1,25.04177,121.58735,15
500111070,20231102,185,18,1,1,25.04177,121.58735,15
500111070,20231102,186,18,1,1,25.04177,121.58735,15
500111070,20231102,187,18,1,1,25.04177,121.58735,15
500111070,20231102,188,18,1,1,25.04177,121.58735,15
500111070,20231102,189,18,1,1,25.04177,121.58735,15
500111070,20231102,190,18,1,1,25.04177,121.58735,15
500111070,20231102,191,18,1,1,25.04177,121.58735,15
500111070,20231102,192,18,1,1,25.04177,121.58735,15
500111070,20231102,193,18,1,1,25.04177,121.58735,15
500111070,20231102,194,18,1,1,25.04177,121.58735,15
500111070,20231102,195,18,1,1,25.04177,121.58735,15
500111070,20231102,196,18,1,1,25.04177,121.58735,15
500111070,20231102,197,18,1,1,25.04177,121.58735,15
500111070,20231102,198,18,1,1,25.04177,121.58735,15
500111070,20231102,199,18,1,1,25.04177,121.58735,15
500111070,20231102,201,18,1,1,25.04177,121.58735,15
500111070,20231102,202,18,1,1,25.04177,121.58735,15
500111070,20231102,203,18,1,1,25.04177,121.58735,15
500111070,20231102,204,18,1,1,25.04177,121.58735,15
500111070,20231102,205,18,1,1,25.04177,121.58735,15
500111070,20231102,206,18,1,1,25.04177,121.58735,15
500111070,20231102,207,18,1,1,25.04177,121.58735,15
500111070,20231102,208,18,1,1,25.04177,121.58735,15
500111070,20231102,209,18,1,1,25.04177,121.58735,15
500111070,20231102,210,18,1,1,25.04177,121.58735,15
500111070,20231102,211,18,1,1,25.04177,121.58735,15
500111070,20231102,212,18,1,1,25.04177,121.58735,15
500111070,20231102,213,18,1,1,25.04177,121.58735,15
500111070,20231102,214,18,1,1,25.04177,121.58735,15
500111070,20231102,215,18,1,1,25.04177,121.58735,15
500111070,20231102,216,18,1,1,25.04177,121.58735,15
500111070,20231102,217,18,1,1,25.04177,121.58735,15
500111070,20231102,219,18,1,1,25.04177,121.58735,15
500111070,20231102,221,18,1,1,25.04177,121.58735,15
500111070,20231102,222,18,1,1,25.04177,121.58735,15
500111070,20231102,223,18,1,1,25.04177,121.58735,15
500111070,20231102,224,18,1,1,25.04177,121.58735,15
500111070,20231102,225,18,1,1,25.04177,121.58735,15
500111070,20231102,226,18,1,1,25.04177,121.58735,15
500111070,20231102,227,18,1,1,25.04177,121.58735,15
500111070,20231102,228,18,1,1,25.04177,121.58735,15
500111070,20231102,229,18,1,1,25.04177,121.58735,15
500111070,20231102,231,18,1,1,25.04177,121.58735,15
500111070,20231102,232,18,1,1,25.04177,121.58735,15
500111070,20231102,233,18,1,1,25.04177,121.58735,15
500111070,20231102,234,18,1,1,25.04177,121.58735,15
500111070,20231102,235,18,1,1,25.04177,121.58735,15
500111070,20231102,236,18,1,1,25.04177,121.58735,15
500111070,20231102,237,18,1,1,25.04177,121.58735,15
500111070,20231102,238,18,1,1,25.04177,121.58735,15
500111070,20231102,239,18,1,1,25.04177,121.58735,15
500111070,20231102,241,18,1,1,25.04177,121.58735,15
500111070,20231102,242,18,1,1,25.04177,121.58735,15
500111070,20231102,243,18,1,1,25.04177,121.58735,15
500111070,20231102,244,18,1,1,25.04177,121.58735,15
500111070,20231102,245,18,1,1,25.04177,121.58735,15
500111070,20231102,246,18,1,1,25.04177,121.58735,15
500111070,20231102,247,18,1,1,25.04177,121.58735,15
500111070,20231102,248,18,1,1,25.04177,121.58735,15
500111070,20231102,249,18,1,1,25.04177,121.58735,15
500111070,20231102,251,18,1,1,25.04177,121.58735,15
500111070,20231102,252,18,1,1,25.04177,121.58735,15
500111070,20231102,253,18,1,1,25.04177,121.58735,15
500111070,20231102,254,18,1,1,25.04177,121.58735,15
500111070,20231102,255,18,1,1,25.04177,121.58735,15
500111070,20231102,256,18,1,1,25.04177,121.58735,15
500111070,20231102,257,18,1,1,25.04177,121.58735,15
500111070,20231102,258,18,1,1,25.04177,121.58735,15
500111070,20231102,259,18,1,1,25.04177,121.58735,15
500111070,20231102,261,18,1,1,25.04177,121.58735,15
500111070,20231102,262,18,1,1,25.04177,121.58735,15
500111070,20231102,263,18,1,1,25.04177,121.58735,15
500111070,20231102,264,18,1,1,25.04177,121.58735,15
500111070,20231102,265,18,1,1,25.04177,121.58735,15
500111070,20231102,266,18,1,1,25.04177,121.58735,15
500111070,20231102,267,18,1,1,25.04177,121.58735,15
500111070,20231102,269,18,1,1,25.04177,121.58735,15
500111070,20231102,271,18,1,1,25.04177,121.58735,15
500111070,20231102,272,18,1,1,25.04177,121.58735,15
500111070,20231102,273,18,1,1,25.04177,121.58735,15
500111070,20231102,274,18,1,1,25.04177,121.58735,15
500111070,20231102,275,18,1,1,25.04177,121.58735,15
500111070,20231102,276,18,1,1,25.04177,121.58735,15
500111070,20231102,277,18,1,1,25.04177,121.58735,15
500111070,20231102,278,18,1,1,25.04177,121.58735,15
500111070,20231102,279,18,1,1,25.04177,121.58735,15
500111070,20231102,281,18,1,1,25.04177,121.58735,15
500111070,20231102,282,18,1,1,25.04177,121.58735,15
500111070,20231102,283,18,1,1,25.04177,121.58735,15
500111070,20231102,284,18,1,1,25.04177,121.58735,15
500111070,20231102,285,18,1,1,25.04177,121.58735,15
500111070,20231102,286,18,1,1,25.04177,121.58735,15
500111070,20231102,287,18,1,1,25.04177,121.58735,15
500111070,20231102,288,18,1,1,25.04177,121.58735,15
500111070,20231102,289,18,1,1,25.04177,121.58735,15
500111070,20231102,291,18,1,1,25.04177,121.58735,15
500111070,20231102,292,18,1,1,25.04177,121.58735,15
500111070,20231102,293,18,1,1,25.04177,121.58735,15
500111070,20231102,294,18,1,1,25.04177,121.58735,15
500111070,20231102,295,18,1,1,25.04177,121.58735,15
500111070,20231102,296,18,1,1,25.04177,121.58735,15
500111070,20231102,297,18,1,1,25.04177,121.58735,15
500111070,20231102,298,18,1,1,25.04177,121.58735,15
500111070,20231102,299,18,1,1,25.04177,121.58735,15
500111070,20231102,301,18,1,1,25.04177,121.58735,15
500111070,20231102,302,18,1,1,25.04177,121.58735,15
500111070,20231102,303,18,1,1,25.04177,121.58735,15
500111070,20231102,304,18,1,1,25.04177,121.58735,15
500111070,20231102,305,18,1,1,25.04177,121.58735,15
500111070,20231102,306,18,1,1,25.04177,121.58735,15
500111070,20231102,307,18,1,1,25.04177,121.58735,15
500111070,20231102,308,18,1,1,25.04177,121.58735,15
500111070,20231102,309,18,1,1,25.04177,121.58735,15
500111070,20231102,311,18,1,1,25.04177,121.58735,15
500111070,20231102,312,18,1,1,25.04177,121.58735,15
500111070,20231102,313,18,1,1,25.04177,121.58735,15
500111070,20231102,314,18,1,1,25.04177,121.58735,15
500111070,20231102,315,18,1,1,25.04177,121.58735,15
500111070,20231102,316,18,1,1,25.04177,121.58735,15
500111070,20231102,317,18,1,1,25.04177,121.58735,15
500111070,20231102,318,18,1,1,25.04177,121.58735,15
500111070,20231102,319,18,1,1,25.04177,121.58735,15
500111070,20231102,321,18,1,1,25.04177,121.58735,15
500111070,20231102,322,18,1,1,25.04177,121.58735,15
500111070,20231102,323,18,1,1,25.04177,121.58735,15
500111070,20231102,324,18,1,1,25.04177,121.58735,15
500111070,20231102,325,18,1,1,25.04177,121.58735,15
500111070,20231102,326,18,1,1,25.04177,121.58735,15
500111070,20231102,327,18,1,1,25.04177,121.58735,15
500111070,20231102,328,18,1,1,25.04177,121.58735,15
500111070,20231102,329,18,1,1,25.04177,121.58735,15
500111070,20231102,330,18,1,1,25.04177,121.58735,15
500111070,20231102,331,18,1,1,25.04177,121.58735,15
500111070,20231102,332,18,1,1,25.04177,121.58735,15
500111070,20231102,333,18,1,1,25.04177,121.58735,15
500111070,20231102,334,18,1,1,25.04177,121.58735,15
500111070,20231102,335,18,1,1,25.04177,121.58735,15
500111070,20231102,336,18,1,1,25.04177,121.58735,15
500111070,20231102,337,18,1,1,25.04177,121.58735,15
500111070,20231102,338,18,1,1,25.04177,121.58735,15
500111070,20231102,339,18,1,1,25.04177,121.58735,15
500111070,20231102,340,18,1,1,25.04177,121.58735,15
500111070,20231102,341,18,1,1,25.04177,121.58735,15
500111070,20231102,342,18,1,1,25.04177,121.58735,15
500111070,20231102,343,18,1,1,25.04177,121.58735,15
500111070,20231102,344,18,1,1,25.04177,121.58735,15
500111070,20231102,345,18,1,1,25.04177,121.58735,15
500111070,20231102,346,18,1,1,25.04177,121.58735,15
500111070,20231102,347,18,1,1,25.04177,121.58735,15
500111070,20231102,348,18,1,1,25.04177,121.58735,15
500111070,20231102,349,18,1,1,25.04177,121.58735,15
500111070,20231102,350,18,1,1,25.04177,121.58735,15
500111070,20231102,351,18,1,1,25.04177,121.58735,15
500111070,20231102,352,18,1,1,25.04177,121.58735,15
500111070,20231102,353,18,2,1,25.04177,121.58735,14
500111070,20231102,354,18,2,1,25.04177,121.58735,14
500111070,20231102,355,18,2,1,25.04177,121.58735,14
500111070,20231102,356,18,3,1,25.04177,121.58735,13
500111070,20231102,357,18,3,1,25.04177,121.58735,13
500111070,20231102,358,18,3,1,25.04177,121.58735,13
500111070,20231102,359,18,3,1,25.04177,121.58735,13
500111070,20231102,360,18,3,1,25.04177,121.58735,13
500111070,20231102,361,18,2,1,25.04177,121.58735,14
500111070,20231102,362,18,2,1,25.04177,121.58735,14
500111070,20231102,363,18,3,1,25.04177,121.58735,13
500111070,20231102,364,18,3,1,25.04177,121.58735,13
500111070,20231102,365,18,3,1,25.04177,121.58735,13
500111070,20231102,366,18,3,1,25.04177,121.58735,13
500111070,20231102,367,18,3,1,25.04177,121.58735,13
500111070,20231102,368,18,3,1,25.04177,121.58735,13
500111070,20231102,369,18,3,1,25.04177,121.58735,13
500111070,20231102,370,18,3,1,25.04177,121.58735,13
500111070,20231102,371,18,3,1,25.04177,121.58735,13
500111070,20231102,372,18,3,1,25.04177,121.58735,13
500111070,20231102,373,18,4,1,25.04177,121.58735,12
500111070,20231102,374,18,4,1,25.04177,121.58735,12
500111070,20231102,375,18,4,1,25.04177,121.58735,12
500111070,20231102,376,18,4,1,25.04177,121.58735,12
500111070,20231102,377,18,5,1,25.04177,121.58735,11
500111070,20231102,378,18,4,1,25.04177,121.58735,12
500111070,20231102,379,18,4,1,25.04177,121.58735,12
500111070,20231102,381,18,5,1,25.04177,121.58735,11
500111070,20231102,382,18,5,1,25.04177,121.58735,11
500111070,20231102,383,18,5,1,25.04177,121.58735,11
500111070,20231102,384,18,5,1,25.04177,121.58735,11
500111070,20231102,385,18,4,1,25.04177,121.58735,12
500111070,20231102,386,18,4,1,25.04177,121.58735,12
500111070,20231102,387,18,4,1,25.04177,121.58735,12
500111070,20231102,388,18,4,1,25.04177,121.58735,12
500111070,20231102,389,18,4,1,25.04177,121.58735,12
500111070,20231102,390,18,4,1,25.04177,121.58735,12
500111070,20231102,391,18,4,1,25.04177,121.58735,12
500111070,20231102,392,18,4,1,25.04177,121.58735,12
500111070,20231102,393,18,4,1,25.04177,121.58735,12
500111070,20231102,394,18,4,1,25.04177,121.58735,12
500111070,20231102,395,18,4,1,25.04177,121.58735,12
500111070,20231102,396,18,4,1,25.04177,121.58735,12
500111070,20231102,397,18,4,1,25.04177,121.58735,12
500111070,20231102,398,18,4,1,25.04177,121.58735,12
500111070,20231102,399,18,4,1,25.04177,121.58735,12
500111070,20231102,400,18,4,1,25.04177,121.58735,12
500111070,20231102,401,18,4,1,25.04177,121.58735,12
500111070,20231102,402,18,4,1,25.04177,121.58735,12
500111070,20231102,403,18,4,1,25.04177,121.58735,12
500111070,20231102,404,18,5,1,25.04177,121.58735,11
500111070,20231102,405,18,5,1,25.04177,121.58735,11
500111070,20231102,406,18,6,1,25.04177,121.58735,10
500111070,20231102,407,18,6,1,25.04177,121.58735,10
500111070,20231102,408,18,6,1,25.04177,121.58735,10
500111070,20231102,409,18,6,1,25.04177,121.58735,10
500111070,20231102,410,18,6,1,25.04177,121.58735,10
500111070,20231102,411,18,6,1,25.04177,121.58735,10
500111070,20231102,412,18,6,1,25.04177,121.58735,10
500111070,20231102,413,18,6,1,25.04177,121.58735,10
500111070,20231102,414,18,6,1,25.04177,121.58735,10
500111070,20231102,415,18,6,1,25.04177,121.58735,10
500111070,20231102,416,18,6,1,25.04177,121.58735,10
500111070,20231102,417,18,7,1,25.04177,121.58735,9
500111070,20231102,418,18,7,1,25.04177,121.58735,9
500111070,20231102,419,18,7,1,25.04177,121.58735,9
500111070,20231102,421,18,7,1,25.04177,121.58735,9
500111070,20231102,422,18,7,1,25.04177,121.58735,9
500111070,20231102,423,18,8,1,25.04177,121.58735,8
500111070,20231102,424,18,8,1,25.04177,121.58735,8
500111070,20231102,425,18,8,1,25.04177,121.58735,8
500111070,20231102,426,18,8,1,25.04177,121.58735,8
500111070,20231102,427,18,8,1,25.04177,121.58735,8
500111070,20231102,428,18,8,1,25.04177,121.58735,8
500111070,20231102,429,18,9,1,25.04177,121.58735,7
500111070,20231102,430,18,8,1,25.04177,121.58735,8
500111070,20231102,431,18,8,1,25.04177,121.58735,8
500111070,20231102,432,18,8,1,25.04177,121.58735,8
500111070,20231102,433,18,8,1,25.04177,121.58735,8
500111070,20231102,434,18,8,1,25.04177,121.58735,8
500111070,20231102,435,18,9,1,25.04177,121.58735,7
500111070,20231102,436,18,10,1,25.04177,121.58735,6
500111070,20231102,437,18,10,1,25.04177,121.58735,6
500111070,20231102,438,18,10,1,25.04177,121.58735,6
500111070,20231102,439,18,10,1,25.04177,121.58735,6
500111070,20231102,441,18,10,1,25.04177,121.58735,6
500111070,20231102,442,18,10,1,25.04177,121.58735,6
500111070,20231102,443,18,10,1,25.04177,121.58735,6
500111070,20231102,444,18,10,1,25.04177,121.58735,6
500111070,20231102,445,18,10,1,25.04177,121.58735,6
500111070,20231102,446,18,10,1,25.04177,121.58735,6
500111070,20231102,447,18,10,1,25.04177,121.58735,6
500111070,20231102,448,18,10,1,25.04177,121.58735,6
500111070,20231102,449,18,11,1,25.04177,121.58735,5
500111070,20231102,451,18,11,1,25.04177,121.58735,5
500111070,20231102,452,18,11,1,25.04177,121.58735,5
500111070,20231102,453,18,12,1,25.04177,121.58735,4
500111070,20231102,454,18,12,1,25.04177,121.58735,4
500111070,20231102,455,18,12,1,25.04177,121.58735,4
500111070,20231102,456,18,16,1,25.04177,121.58735,0
500111070,20231102,457,18,16,1,25.04177,121.58735,0
500111070,20231102,458,18,16,1,25.04177,121.58735,0
500111070,20231102,459,18,16,1,25.04177,121.58735,0
500111070,20231102,460,18,16,1,25.04177,121.58735,0
500111070,20231102,461,18,16,1,25.04177,121.58735,0
500111070,20231102,463,18,16,1,25.04177,121.58735,0
500111070,20231102,464,18,16,1,25.04177,121.58735,0
500111070,20231102,465,18,16,1,25.04177,121.58735,0
500111070,20231102,466,18,16,1,25.04177,121.58735,0
500111070,20231102,467,18,16,1,25.04177,121.58735,0
500111070,20231102,468,18,16,1,25.04177,121.58735,0
500111070,20231102,469,18,16,1,25.04177,121.58735,0
500111070,20231102,471,18,16,1,25.04177,121.58735,0
500111070,20231102,472,18,16,1,25.04177,121.58735,0
500111070,20231102,473,18,16,1,25.04177,121.58735,0
500111070,20231102,474,18,16,1,25.04177,121.58735,0
500111070,20231102,475,18,16,1,25.04177,121.58735,0
500111070,20231102,476,18,16,1,25.04177,121.58735,0
500111070,20231102,477,18,16,1,25.04177,121.58735,0
500111070,20231102,478,18,16,1,25.04177,121.58735,0
500111070,20231102,479,18,16,1,25.04177,121.58735,0
500111070,20231102,481,18,16,1,25.04177,121.58735,0
500111070,20231102,482,18,16,1,25.04177,121.58735,0
500111070,20231102,483,18,16,1,25.04177,121.58735,0
500111070,20231102,484,18,16,1,25.04177,121.58735,0
500111070,20231102,485,18,16,1,25.04177,121.58735,0
500111070,20231102,486,18,16,1,25.04177,121.58735,0
500111070,20231102,487,18,16,1,25.04177,121.58735,0
500111070,20231102,488,18,16,1,25.04177,121.58735,0
500111070,20231102,489,18,16,1,25.04177,121.58735,0
500111070,20231102,491,18,16,1,25.04177,121.58735,0
500111070,20231102,492,18,16,1,25.04177,121.58735,0
500111070,20231102,493,18,16,1,25.04177,121.58735,0
500111070,20231102,494,18,16,1,25.04177,121.58735,0
500111070,20231102,495,18,16,1,25.04177,121.58735,0
500111070,20231102,496,18,16,1,25.04177,121.58735,0
500111070,20231102,497,18,16,1,25.04177,121.58735,0
500111070,20231102,498,18,16,1,25.04177,121.58735,0
500111070,20231102,499,18,16,1,25.04177,121.58735,0
500111070,20231102,501,18,16,1,25.04177,121.58735,0
500111070,20231102,503,18,16,1,25.04177,121.58735,0
500111070,20231102,504,18,16,1,25.04177,121.58735,0
500111070,20231102,506,18,16,1,25.04177,121.58735,0
500111070,20231102,507,18,16,1,25.04177,121.58735,0
500111070,20231102,508,18,16,1,25.04177,121.58735,0
500111070,20231102,509,18,16,1,25.04177,121.58735,0
500111070,20231102,511,18,16,1,25.04177,121.58735,0
500111070,20231102,512,18,16,1,25.04177,121.58735,0
500111070,20231102,513,18,16,1,25.04177,121.58735,0
500111070,20231102,514,18,16,1,25.04177,121.58735,0
500111070,20231102,515,18,16,1,25.04177,121.58735,0
500111070,20231102,516,18,14,1,25.04177,121.58735,2
500111070,20231102,517,18,9,1,25.04177,121.58735,7
500111070,20231102,518,18,8,1,25.04177,121.58735,8
500111070,20231102,519,18,4,1,25.04177,121.58735,12
500111070,20231102,521,18,1,1,25.04177,121.58735,15
500111070,20231102,522,18,1,1,25.04177,121.58735,15
500111070,20231102,523,18,1,1,25.04177,121.58735,15
500111070,20231102,524,18,1,1,25.04177,121.58735,15
500111070,20231102,525,18,1,1,25.04177,121.58735,15
500111070,20231102,526,18,2,1,25.04177,121.58735,14
500111070,20231102,527,18,1,1,25.04177,121.58735,15
500111070,20231102,528,18,1,1,25.04177,121.58735,15
500111070,20231102,529,18,1,1,25.04177,121.58735,15
500111070,20231102,531,18,4,1,25.04177,121.58735,12
500111070,20231102,532,18,4,1,25.04177,121.58735,12
500111070,20231102,533,18,4,1,25.04177,121.58735,12
500111070,20231102,534,18,4,1,25.04177,121.58735,12
500111070,20231102,535,18,4,1,25.04177,121.58735,12
500111070,20231102,536,18,4,1,25.04177,121.58735,12
500111070,20231102,537,18,4,1,25.04177,121.58735,12
500111070,20231102,538,18,4,1,25.04177,121.58735,12
500111070,20231102,539,18,5,1,25.04177,121.58735,11
500111070,20231102,541,18,7,1,25.04177,121.58735,9
500111070,20231102,542,18,7,1,25.04177,121.58735,9
500111070,20231102,543,18,8,1,25.04177,121.58735,8
500111070,20231102,544,18,8,1,25.04177,121.58735,8
500111070,20231102,545,18,9,1,25.04177,121.58735,7
500111070,20231102,546,18,9,1,25.04177,121.58735,7
500111070,20231102,547,18,9,1,25.04177,121.58735,7
500111070,20231102,548,18,9,1,25.04177,121.58735,7
500111070,20231102,549,18,10,1,25.04177,121.58735,6
500111070,20231102,551,18,10,1,25.04177,121.58735,6
500111070,20231102,552,18,10,1,25.04177,121.58735,6
500111070,20231102,553,18,10,1,25.04177,121.58735,6
500111070,20231102,554,18,10,1,25.04177,121.58735,6
500111070,20231102,555,18,10,1,25.04177,121.58735,6
500111070,20231102,556,18,10,1,25.04177,121.58735,6
500111070,20231102,557,18,10,1,25.04177,121.58735,6
500111070,20231102,558,18,10,1,25.04177,121.58735,6
500111070,20231102,559,18,13,1,25.04177,121.58735,3
500111070,20231102,561,18,10,1,25.04177,121.58735,6
500111070,20231102,562,18,6,1,25.04177,121.58735,10
500111070,20231102,563,18,2,1,25.04177,121.58735,14
500111070,20231102,564,18,0,1,25.04177,121.58735,16
500111070,20231102,565,18,0,1,25.04177,121.58735,16
500111070,20231102,566,18,0,1,25.04177,121.58735,16
500111070,20231102,567,18,1,1,25.04177,121.58735,15
500111070,20231102,568,18,1,1,25.04177,121.58735,15
500111070,20231102,569,18,2,1,25.04177,121.58735,14
500111070,20231102,571,18,2,1,25.04177,121.58735,14
500111070,20231102,572,18,3,1,25.04177,121.58735,13
500111070,20231102,573,18,3,1,25.04177,121.58735,13
500111070,20231102,574,18,4,1,25.04177,121.58735,12
500111070,20231102,575,18,4,1,25.04177,121.58735,12
500111070,20231102,576,18,4,1,25.04177,121.58735,12
500111070,20231102,577,18,4,1,25.04177,121.58735,12
500111070,20231102,578,18,4,1,25.04177,121.58735,12
500111070,20231102,579,18,5,1,25.04177,121.58735,11
500111070,20231102,580,18,5,1,25.04177,121.58735,11
500111070,20231102,581,18,5,1,25.04177,121.58735,11
500111070,20231102,582,18,5,1,25.04177,121.58735,11
500111070,20231102,583,18,6,1,25.04177,121.58735,10
500111070,20231102,584,18,6,1,25.04177,121.58735,10
500111070,20231102,585,18,6,1,25.04177,121.58735,10
500111070,20231102,586,18,6,1,25.04177,121.58735,10
500111070,20231102,587,18,7,1,25.04177,121.58735,9
500111070,20231102,588,18,7,1,25.04177,121.58735,9
500111070,20231102,589,18,7,1,25.04177,121.58735,9
500111070,20231102,590,18,7,1,25.04177,121.58735,9
500111070,20231102,591,18,7,1,25.04177,121.58735,9
500111070,20231102,592,18,7,1,25.04177,121.58735,9
500111070,20231102,593,18,7,1,25.04177,121.58735,9
500111070,20231102,594,18,7,1,25.04177,121.58735,9
500111070,20231102,595,18,7,1,25.04177,121.58735,9
500111070,20231102,596,18,7,1,25.04177,121.58735,9
500111070,20231102,597,18,7,1,25.04177,121.58735,9
500111070,20231102,598,18,6,1,25.04177,121.58735,10
500111070,20231102,599,18,6,1,25.04177,121.58735,10
500111070,20231102,601,18,6,1,25.04177,121.58735,10
500111070,20231102,602,18,6,1,25.04177,121.58735,10
500111070,20231102,603,18,6,1,25.04177,121.58735,10
500111070,20231102,604,18,6,1,25.04177,121.58735,10
500111070,20231102,605,18,6,1,25.04177,121.58735,10
500111070,20231102,606,18,7,1,25.04177,121.58735,9
500111070,20231102,607,18,7,1,25.04177,121.58735,9
500111070,20231102,608,18,7,1,25.04177,121.58735,9
500111070,20231102,609,18,7,1,25.04177,121.58735,9
500111070,20231102,610,18,7,1,25.04177,121.58735,9
500111070,20231102,611,18,7,1,25.04177,121.58735,9
500111070,20231102,612,18,7,1,25.04177,121.58735,9
500111070,20231102,613,18,7,1,25.04177,121.58735,9
500111070,20231102,614,18,7,1,25.04177,121.58735,9
500111070,20231102,615,18,7,1,25.04177,121.58735,9
500111070,20231102,616,18,7,1,25.04177,121.58735,9
500111070,20231102,617,18,7,1,25.04177,121.58735,9
500111070,20231102,618,18,7,1,25.04177,121.58735,9
500111070,20231102,619,18,7,1,25.04177,121.58735,9
500111070,20231102,621,18,7,1,25.04177,121.58735,9
500111070,20231102,622,18,7,1,25.04177,121.58735,9
500111070,20231102,623,18,7,1,25.04177,121.58735,9
500111070,20231102,624,18,7,1,25.04177,121.58735,9
500111070,20231102,625,18,7,1,25.04177,121.58735,9
500111070,20231102,626,18,7,1,25.04177,121.58735,9
500111070,20231102,627,18,7,1,25.04177,121.58735,9
500111070,20231102,628,18,7,1,25.04177,121.58735,9
500111070,20231102,629,18,7,1,25.04177,121.58735,9
500111070,20231102,631,18,7,1,25.04177,121.58735,9
500111070,20231102,632,18,7,1,25.04177,121.58735,9
500111070,20231102,633,18,7,1,25.04177,121.58735,9
500111070,20231102,634,18,7,1,25.04177,121.58735,9
500111070,20231102,635,18,8,1,25.04177,121.58735,8
500111070,20231102,636,18,8,1,25.04177,121.58735,8
500111070,20231102,637,18,8,1,25.04177,121.58735,8
500111070,20231102,638,18,8,1,25.04177,121.58735,8
500111070,20231102,639,18,8,1,25.04177,121.58735,8
500111070,20231102,640,18,8,1,25.04177,121.58735,8
500111070,20231102,641,18,8,1,25.04177,121.58735,8
500111070,20231102,642,18,8,1,25.04177,121.58735,8
500111070,20231102,643,18,8,1,25.04177,121.58735,8
500111070,20231102,644,18,8,1,25.04177,121.58735,8
500111070,20231102,645,18,8,1,25.04177,121.58735,8
500111070,20231102,646,18,8,1,25.04177,121.58735,8
500111070,20231102,647,18,7,1,25.04177,121.58735,9
500111070,20231102,648,18,7,1,25.04177,121.58735,9
500111070,20231102,649,18,7,1,25.04177,121.58735,9
500111070,20231102,650,18,7,1,25.04177,121.58735,9
500111070,20231102,651,18,7,1,25.04177,121.58735,9
500111070,20231102,652,18,7,1,25.04177,121.58735,9
500111070,20231102,653,18,7,1,25.04177,121.58735,9
500111070,20231102,654,18,7,1,25.04177,121.58735,9
500111070,20231102,655,18,7,1,25.04177,121.58735,9
500111070,20231102,656,18,6,1,25.04177,121.58735,10
500111070,20231102,657,18,7,1,25.04177,121.58735,9
500111070,20231102,658,18,7,1,25.04177,121.58735,9
500111070,20231102,659,18,7,1,25.04177,121.58735,9
500111070,20231102,661,18,7,1,25.04177,121.58735,9
500111070,20231102,662,18,7,1,25.04177,121.58735,9
500111070,20231102,663,18,8,1,25.04177,121.58735,8
500111070,20231102,664,18,8,1,25.04177,121.58735,8
500111070,20231102,665,18,8,1,25.04177,121.58735,8
500111070,20231102,666,18,8,1,25.04177,121.58735,8
500111070,20231102,667,18,8,1,25.04177,121.58735,8
500111070,20231102,668,18,8,1,25.04177,121.58735,8
500111070,20231102,669,18,8,1,25.04177,121.58735,8
500111070,20231102,670,18,8,1,25.04177,121.58735,8
500111070,20231102,671,18,8,1,25.04177,121.58735,8
500111070,20231102,672,18,8,1,25.04177,121.58735,8
500111070,20231102,673,18,8,1,25.04177,121.58735,8
500111070,20231102,674,18,8,1,25.04177,121.58735,8
500111070,20231102,675,18,8,1,25.04177,121.58735,8
500111070,20231102,676,18,8,1,25.04177,121.58735,8
500111070,20231102,677,18,8,1,25.04177,121.58735,8
500111070,20231102,679,18,8,1,25.04177,121.58735,8
500111070,20231102,681,18,8,1,25.04177,121.58735,8
500111070,20231102,682,18,9,1,25.04177,121.58735,7
500111070,20231102,683,18,9,1,25.04177,121.58735,7
500111070,20231102,684,18,9,1,25.04177,121.58735,7
500111070,20231102,685,18,9,1,25.04177,121.58735,7
500111070,20231102,686,18,9,1,25.04177,121.58735,7
500111070,20231102,687,18,9,1,25.04177,121.58735,7
500111070,20231102,688,18,9,1,25.04177,121.58735,7
500111070,20231102,689,18,9,1,25.04177,121.58735,7
500111070,20231102,691,18,8,1,25.04177,121.58735,8
500111070,20231102,692,18,8,1,25.04177,121.58735,8
500111070,20231102,693,18,8,1,25.04177,121.58735,8
500111070,20231102,694,18,8,1,25.04177,121.58735,8
500111070,20231102,695,18,8,1,25.04177,121.58735,8
500111070,20231102,696,18,8,1,25.04177,121.58735,8
500111070,20231102,697,18,7,1,25.04177,121.58735,9
500111070,20231102,698,18,7,1,25.04177,121.58735,9
500111070,20231102,699,18,7,1,25.04177,121.58735,9
500111070,20231102,701,18,7,1,25.04177,121.58735,9
500111070,20231102,702,18,8,1,25.04177,121.58735,8
500111070,20231102,703,18,8,1,25.04177,121.58735,8
500111070,20231102,704,18,8,1,25.04177,121.58735,8
500111070,20231102,705,18,9,1,25.04177,121.58735,7
500111070,20231102,706,18,9,1,25.04177,121.58735,7
500111070,20231102,707,18,9,1,25.04177,121.58735,7
500111070,20231102,708,18,9,1,25.04177,121.58735,7
500111070,20231102,709,18,9,1,25.04177,121.58735,7
500111070,20231102,711,18,9,1,25.04177,121.58735,7
500111070,20231102,712,18,10,1,25.04177,121.58735,6
500111070,20231102,713,18,11,1,25.04177,121.58735,5
500111070,20231102,714,18,11,1,25.04177,121.58735,5
500111070,20231102,715,18,11,1,25.04177,121.58735,5
500111070,20231102,716,18,11,1,25.04177,121.58735,5
500111070,20231102,717,18,11,1,25.04177,121.58735,5
500111070,20231102,718,18,11,1,25.04177,121.58735,5
500111070,20231102,719,18,11,1,25.04177,121.58735,5
500111070,20231102,721,18,11,1,25.04177,121.58735,5
500111070,20231102,722,18,11,1,25.04177,121.58735,5
500111070,20231102,723,18,11,1,25.04177,121.58735,5
500111070,20231102,724,18,11,1,25.04177,121.58735,5
500111070,20231102,725,18,11,1,25.04177,121.58735,5
500111070,20231102,726,18,11,1,25.04177,121.58735,5
500111070,20231102,727,18,11,1,25.04177,121.58735,5
500111070,20231102,728,18,11,1,25.04177,121.58735,5
500111070,20231102,729,18,11,1,25.04177,121.58735,5
500111070,20231102,731,18,10,1,25.04177,121.58735,6
500111070,20231102,732,18,11,1,25.04177,121.58735,5
500111070,20231102,733,18,11,1,25.04177,121.58735,5
500111070,20231102,734,18,11,1,25.04177,121.58735,5
500111070,20231102,735,18,11,1,25.04177,121.58735,5
500111070,20231102,736,18,11,1,25.04177,121.58735,5
500111070,20231102,737,18,11,1,25.04177,121.58735,5
500111070,20231102,738,18,11,1,25.04177,121.58735,5
500111070,20231102,739,18,11,1,25.04177,121.58735,5
500111070,20231102,741,18,11,1,25.04177,121.58735,5
500111070,20231102,742,18,11,1,25.04177,121.58735,5
500111070,20231102,743,18,11,1,25.04177,121.58735,5
500111070,20231102,744,18,11,1,25.04177,121.58735,5
500111070,20231102,745,18,11,1,25.04177,121.58735,5
500111070,20231102,746,18,11,1,25.04177,121.58735,5
500111070,20231102,747,18,11,1,25.04177,121.58735,5
500111070,20231102,748,18,11,1,25.04177,121.58735,5
500111070,20231102,749,18,11,1,25.04177,121.58735,5
500111070,20231102,751,18,11,1,25.04177,121.58735,5
500111070,20231102,752,18,11,1,25.04177,121.58735,5
500111070,20231102,753,18,11,1,25.04177,121.58735,5
500111070,20231102,754,18,11,1,25.04177,121.58735,5
500111070,20231102,755,18,11,1,25.04177,121.58735,5
500111070,20231102,756,18,11,1,25.04177,121.58735,5
500111070,20231102,757,18,11,1,25.04177,121.58735,5
500111070,20231102,758,18,13,1,25.04177,121.58735,3
500111070,20231102,759,18,12,1,25.04177,121.58735,4
500111070,20231102,761,18,11,1,25.04177,121.58735,5
500111070,20231102,762,18,11,1,25.04177,121.58735,5
500111070,20231102,763,18,11,1,25.04177,121.58735,5
500111070,20231102,764,18,11,1,25.04177,121.58735,5
500111070,20231102,765,18,11,1,25.04177,121.58735,5
500111070,20231102,766,18,11,1,25.04177,121.58735,5
500111070,20231102,767,18,11,1,25.04177,121.58735,5
500111070,20231102,768,18,11,1,25.04177,121.58735,5
500111070,20231102,769,18,11,1,25.04177,121.58735,5
500111070,20231102,771,18,12,1,25.04177,121.58735,4
500111070,20231102,772,18,12,1,25.04177,121.58735,4
500111070,20231102,773,18,12,1,25.04177,121.58735,4
500111070,20231102,774,18,12,1,25.04177,121.58735,4
500111070,20231102,775,18,12,1,25.04177,121.58735,4
500111070,20231102,776,18,12,1,25.04177,121.58735,4
500111070,20231102,777,18,12,1,25.04177,121.58735,4
500111070,20231102,778,18,12,1,25.04177,121.58735,4
500111070,20231102,779,18,12,1,25.04177,121.58735,4
500111070,20231102,781,18,12,1,25.04177,121.58735,4
500111070,20231102,782,18,12,1,25.04177,121.58735,4
500111070,20231102,783,18,12,1,25.04177,121.58735,4
500111070,20231102,784,18,12,1,25.04177,121.58735,4
500111070,20231102,785,18,12,1,25.04177,121.58735,4
500111070,20231102,786,18,12,1,25.04177,121.58735,4
500111070,20231102,787,18,12,1,25.04177,121.58735,4
500111070,20231102,788,18,12,1,25.04177,121.58735,4
500111070,20231102,789,18,12,1,25.04177,121.58735,4
500111070,20231102,790,18,11,1,25.04177,121.58735,5
500111070,20231102,791,18,11,1,25.04177,121.58735,5
500111070,20231102,792,18,11,1,25.04177,121.58735,5
500111070,20231102,793,18,11,1,25.04177,121.58735,5
500111070,20231102,794,18,11,1,25.04177,121.58735,5
500111070,20231102,795,18,12,1,25.04177,121.58735,4
500111070,20231102,796,18,12,1,25.04177,121.58735,4
500111070,20231102,797,18,12,1,25.04177,121.58735,4
500111070,20231102,798,18,12,1,25.04177,121.58735,4
500111070,20231102,799,18,13,1,25.04177,121.58735,3
500111070,20231102,801,18,14,1,25.04177,121.58735,2
500111070,20231102,802,18,14,1,25.04177,121.58735,2
500111070,20231102,803,18,14,1,25.04177,121.58735,2
500111070,20231102,804,18,14,1,25.04177,121.58735,2
500111070,20231102,805,18,14,1,25.04177,121.58735,2
500111070,20231102,806,18,14,1,25.04177,121.58735,2
500111070,20231102,807,18,14,1,25.04177,121.58735,2
500111070,20231102,808,18,14,1,25.04177,121.58735,2
500111070,20231102,809,18,12,1,25.04177,121.58735,4
500111070,20231102,811,18,12,1,25.04177,121.58735,4
500111070,20231102,812,18,12,1,25.04177,121.58735,4
500111070,20231102,813,18,12,1,25.04177,121.58735,4
500111070,20231102,814,18,12,1,25.04177,121.58735,4
500111070,20231102,815,18,12,1,25.04177,121.58735,4
500111070,20231102,816,18,12,1,25.04177,121.58735,4
500111070,20231102,817,18,12,1,25.04177,121.58735,4
500111070,20231102,818,18,12,1,25.04177,121.58735,4
500111070,20231102,819,18,12,1,25.04177,121.58735,4
500111070,20231102,820,18,11,1,25.04177,121.58735,5
500111070,20231102,821,18,12,1,25.04177,121.58735,4
500111070,20231102,822,18,12,1,25.04177,121.58735,4
500111070,20231102,823,18,11,1,25.04177,121.58735,5
500111070,20231102,824,18,11,1,25.04177,121.58735,5
500111070,20231102,825,18,11,1,25.04177,121.58735,5
500111070,20231102,826,18,11,1,25.04177,121.58735,5
500111070,20231102,827,18,11,1,25.04177,121.58735,5
500111070,20231102,828,18,11,1,25.04177,121.58735,5
500111070,20231102,829,18,11,1,25.04177,121.58735,5
500111070,20231102,830,18,11,1,25.04177,121.58735,5
500111070,20231102,831,18,11,1,25.04177,121.58735,5
500111070,20231102,832,18,11,1,25.04177,121.58735,5
500111070,20231102,833,18,12,1,25.04177,121.58735,4
500111070,20231102,834,18,12,1,25.04177,121.58735,4
500111070,20231102,835,18,12,1,25.04177,121.58735,4
500111070,20231102,836,18,12,1,25.04177,121.58735,4
500111070,20231102,837,18,12,1,25.04177,121.58735,4
500111070,20231102,838,18,12,1,25.04177,121.58735,4
500111070,20231102,839,18,12,1,25.04177,121.58735,4
500111070,20231102,841,18,12,1,25.04177,121.58735,4
500111070,20231102,842,18,12,1,25.04177,121.58735,4
500111070,20231102,843,18,12,1,25.04177,121.58735,4
500111070,20231102,844,18,12,1,25.04177,121.58735,4
500111070,20231102,845,18,12,1,25.04177,121.58735,4
500111070,20231102,846,18,12,1,25.04177,121.58735,4
500111070,20231102,847,18,13,1,25.04177,121.58735,3
500111070,20231102,848,18,13,1,25.04177,121.58735,3
500111070,20231102,849,18,13,1,25.04177,121.58735,3
500111070,20231102,850,18,13,1,25.04177,121.58735,3
500111070,20231102,851,18,13,1,25.04177,121.58735,3
500111070,20231102,852,18,14,1,25.04177,121.58735,2
500111070,20231102,853,18,14,1,25.04177,121.58735,2
500111070,20231102,854,18,14,1,25.04177,121.58735,2
500111070,20231102,855,18,14,1,25.04177,121.58735,2
500111070,20231102,856,18,14,1,25.04177,121.58735,2
500111070,20231102,857,18,14,1,25.04177,121.58735,2
500111070,20231102,858,18,14,1,25.04177,121.58735,2
500111070,20231102,859,18,14,1,25.04177,121.58735,2
500111070,20231102,861,18,15,1,25.04177,121.58735,1
500111070,20231102,862,18,15,1,25.04177,121.58735,1
500111070,20231102,863,18,15,1,25.04177,121.58735,1
500111070,20231102,864,18,15,1,25.04177,121.58735,1
500111070,20231102,865,18,15,1,25.04177,121.58735,1
500111070,20231102,866,18,15,1,25.04177,121.58735,1
500111070,20231102,867,18,15,1,25.04177,121.58735,1
500111070,20231102,868,18,15,1,25.04177,121.58735,1
500111070,20231102,869,18,15,1,25.04177,121.58735,1
500111070,20231102,871,18,15,1,25.04177,121.58735,1
500111070,20231102,872,18,15,1,25.04177,121.58735,1
500111070,20231102,873,18,15,1,25.04177,121.58735,1
500111070,20231102,874,18,15,1,25.04177,121.58735,1
500111070,20231102,875,18,15,1,25.04177,121.58735,1
500111070,20231102,876,18,15,1,25.04177,121.58735,1
500111070,20231102,877,18,15,1,25.04177,121.58735,1
500111070,20231102,878,18,15,1,25.04177,121.58735,1
500111070,20231102,879,18,15,1,25.04177,121.58735,1
500111070,20231102,880,18,15,1,25.04177,121.58735,1
500111070,20231102,881,18,15,1,25.04177,121.58735,1
500111070,20231102,882,18,15,1,25.04177,121.58735,1
500111070,20231102,883,18,15,1,25.04177,121.58735,1
500111070,20231102,884,18,15,1,25.04177,121.58735,1
500111070,20231102,885,18,15,1,25.04177,121.58735,1
500111070,20231102,886,18,15,1,25.04177,121.58735,1
500111070,20231102,887,18,15,1,25.04177,121.58735,1
500111070,20231102,888,18,15,1,25.04177,121.58735,1
500111070,20231102,889,18,15,1,25.04177,121.58735,1
500111070,20231102,890,18,15,1,25.04177,121.58735,1
500111070,20231102,891,18,15,1,25.04177,121.58735,1
500111070,20231102,892,18,15,1,25.04177,121.58735,1
500111070,20231102,893,18,16,1,25.04177,121.58735,0
500111070,20231102,894,18,16,1,25.04177,121.58735,0
500111070,20231102,895,18,16,1,25.04177,121.58735,0
500111070,20231102,896,18,15,1,25.04177,121.58735,1
500111070,20231102,897,18,15,1,25.04177,121.58735,1
500111070,20231102,898,18,15,1,25.04177,121.58735,1
500111070,20231102,899,18,15,1,25.04177,121.58735,1
500111070,20231102,901,18,16,1,25.04177,121.58735,0
500111070,20231102,902,18,16,1,25.04177,121.58735,0
500111070,20231102,903,18,16,1,25.04177,121.58735,0
500111070,20231102,904,18,16,1,25.04177,121.58735,0
500111070,20231102,905,18,16,1,25.04177,121.58735,0
500111070,20231102,907,18,16,1,25.04177,121.58735,0
500111070,20231102,908,18,16,1,25.04177,121.58735,0
500111070,20231102,909,18,16,1,25.04177,121.58735,0
500111070,20231102,911,18,16,1,25.04177,121.58735,0
500111070,20231102,912,18,16,1,25.04177,121.58735,0
500111070,20231102,913,18,16,1,25.04177,121.58735,0
500111070,20231102,914,18,15,1,25.04177,121.58735,1
500111070,20231102,915,18,15,1,25.04177,121.58735,1
500111070,20231102,916,18,15,1,25.04177,121.58735,1
500111070,20231102,917,18,15,1,25.04177,121.58735,1
500111070,20231102,918,18,15,1,25.04177,121.58735,1
500111070,20231102,919,18,15,1,25.04177,121.58735,1
500111070,20231102,921,18,15,1,25.04177,121.58735,1
500111070,20231102,922,18,15,1,25.04177,121.58735,1
500111070,20231102,923,18,15,1,25.04177,121.58735,1
500111070,20231102,924,18,15,1,25.04177,121.58735,1
500111070,20231102,925,18,15,1,25.04177,121.58735,1
500111070,20231102,926,18,15,1,25.04177,121.58735,1
500111070,20231102,927,18,16,1,25.04177,121.58735,0
500111070,20231102,928,18,16,1,25.04177,121.58735,0
500111070,20231102,929,18,16,1,25.04177,121.58735,0
500111070,20231102,931,18,15,1,25.04177,121.58735,1
500111070,20231102,932,18,16,1,25.04177,121.58735,0
500111070,20231102,933,18,16,1,25.04177,121.58735,0
500111070,20231102,934,18,16,1,25.04177,121.58735,0
500111070,20231102,935,18,16,1,25.04177,121.58735,0
500111070,20231102,936,18,16,1,25.04177,121.58735,0
500111070,20231102,937,18,16,1,25.04177,121.58735,0
500111070,20231102,938,18,16,1,25.04177,121.58735,0
500111070,20231102,939,18,16,1,25.04177,121.58735,0
500111070,20231102,941,18,16,1,25.04177,121.58735,0
500111070,20231102,942,18,16,1,25.04177,121.58735,0
500111070,20231102,943,18,16,1,25.04177,121.58735,0
500111070,20231102,944,18,16,1,25.04177,121.58735,0
500111070,20231102,945,18,16,1,25.04177,121.58735,0
500111070,20231102,946,18,16,1,25.04177,121.58735,0
500111070,20231102,947,18,16,1,25.04177,121.58735,0
500111070,20231102,948,18,16,1,25.04177,121.58735,0
500111070,20231102,949,18,16,1,25.04177,121.58735,0
500111070,20231102,951,18,16,1,25.04177,121.58735,0
500111070,20231102,952,18,16,1,25.04177,121.58735,0
500111070,20231102,953,18,16,1,25.04177,121.58735,0
500111070,20231102,954,18,16,1,25.04177,121.58735,0
500111070,20231102,955,18,16,1,25.04177,121.58735,0
500111070,20231102,956,18,16,1,25.04177,121.58735,0
500111070,20231102,957,18,16,1,25.04177,121.58735,0
500111070,20231102,958,18,16,1,25.04177,121.58735,0
500111070,20231102,959,18,16,1,25.04177,121.58735,0
500111070,20231102,961,18,16,1,25.04177,121.58735,0
500111070,20231102,962,18,16,1,25.04177,121.58735,0
500111070,20231102,963,18,16,1,25.04177,121.58735,0
500111070,20231102,964,18,16,1,25.04177,121.58735,0
500111070,20231102,965,18,16,1,25.04177,121.58735,0
500111070,20231102,966,18,16,1,25.04177,121.58735,0
500111070,20231102,967,18,16,1,25.04177,121.58735,0
500111070,20231102,968,18,16,1,25.04177,121.58735,0
500111070,20231102,969,18,16,1,25.04177,121.58735,0
500111070,20231102,971,18,16,1,25.04177,121.58735,0
500111070,20231102,972,18,17,1,25.04177,121.58735,1
500111070,20231102,973,18,18,1,25.04177,121.58735,0
500111070,20231102,974,18,18,1,25.04177,121.58735,0
500111070,20231102,975,18,18,1,25.04177,121.58735,0
500111070,20231102,976,18,18,1,25.04177,121.58735,0
500111070,20231102,977,18,18,1,25.04177,121.58735,0
500111070,20231102,978,18,18,1,25.04177,121.58735,0
500111070,20231102,979,18,17,1,25.04177,121.58735,1
500111070,20231102,981,18,17,1,25.04177,121.58735,1
500111070,20231102,982,18,15,1,25.04177,121.58735,3
500111070,20231102,983,18,15,1,25.04177,121.58735,3
500111070,20231102,984,18,15,1,25.04177,121.58735,3
500111070,20231102,985,18,15,1,25.04177,121.58735,3
500111070,20231102,986,18,14,1,25.04177,121.58735,4
500111070,20231102,987,18,14,1,25.04177,121.58735,4
500111070,20231102,988,18,14,1,25.04177,121.58735,4
500111070,20231102,989,18,14,1,25.04177,121.58735,4
500111070,20231102,991,18,14,1,25.04177,121.58735,4
500111070,20231102,992,18,14,1,25.04177,121.58735,4
500111070,20231102,993,18,14,1,25.04177,121.58735,4
500111070,20231102,994,18,14,1,25.04177,121.58735,4
500111070,20231102,995,18,14,1,25.04177,121.58735,4
500111070,20231102,996,18,13,1,25.04177,121.58735,5
500111070,20231102,998,18,13,1,25.04177,121.58735,5
500111070,20231102,999,18,13,1,25.04177,121.58735,5
500111070,20231102,1001,18,13,1,25.04177,121.58735,5
500111070,20231102,1002,18,12,1,25.04177,121.58735,6
500111070,20231102,1004,18,14,1,25.04177,121.58735,4
500111070,20231102,1005,18,14,1,25.04177,121.58735,4
500111070,20231102,1006,18,15,1,25.04177,121.58735,3
500111070,20231102,1007,18,16,1,25.04177,121.58735,2
500111070,20231102,1008,18,15,1,25.04177,121.58735,3
500111070,20231102,1009,18,15,1,25.04177,121.58735,3
500111070,20231102,1010,18,15,1,25.04177,121.58735,3
500111070,20231102,1011,18,14,1,25.04177,121.58735,4
500111070,20231102,1012,18,14,1,25.04177,121.58735,4
500111070,20231102,1013,18,14,1,25.04177,121.58735,4
500111070,20231102,1014,18,14,1,25.04177,121.58735,4
500111070,20231102,1015,18,14,1,25.04177,121.58735,4
500111070,20231102,1016,18,13,1,25.04177,121.58735,5
500111070,20231102,1017,18,13,1,25.04177,121.58735,5
500111070,20231102,1018,18,13,1,25.04177,121.58735,5
500111070,20231102,1019,18,13,1,25.04177,121.58735,5
500111070,20231102,1021,18,13,1,25.04177,121.58735,5
500111070,20231102,1022,18,13,1,25.04177,121.58735,5
500111070,20231102,1023,18,13,1,25.04177,121.58735,5
500111070,20231102,1024,18,13,1,25.04177,121.58735,5
500111070,20231102,1025,18,13,1,25.04177,121.58735,5
500111070,20231102,1026,18,13,1,25.04177,121.58735,5
500111070,20231102,1027,18,13,1,25.04177,121.58735,5
500111070,20231102,1028,18,13,1,25.04177,121.58735,5
500111070,20231102,1029,18,14,1,25.04177,121.58735,4
500111070,20231102,1030,18,14,1,25.04177,121.58735,4
500111070,20231102,1031,18,14,1,25.04177,121.58735,4
500111070,20231102,1032,18,14,1,25.04177,121.58735,4
500111070,20231102,1033,18,13,1,25.04177,121.58735,5
500111070,20231102,1034,18,13,1,25.04177,121.58735,5
500111070,20231102,1035,18,13,1,25.04177,121.58735,5
500111070,20231102,1036,18,13,1,25.04177,121.58735,5
500111070,20231102,1037,18,13,1,25.04177,121.58735,5
500111070,20231102,1038,18,12,1,25.04177,121.58735,6
500111070,20231102,1039,18,12,1,25.04177,121.58735,6
500111070,20231102,1041,18,12,1,25.04177,121.58735,6
500111070,20231102,1042,18,9,1,25.04177,121.58735,9
500111070,20231102,1043,18,8,1,25.04177,121.58735,10
500111070,20231102,1044,18,7,1,25.04177,121.58735,11
500111070,20231102,1045,18,7,1,25.04177,121.58735,11
500111070,20231102,1046,18,7,1,25.04177,121.58735,11
500111070,20231102,1047,18,8,1,25.04177,121.58735,10
500111070,20231102,1048,18,8,1,25.04177,121.58735,10
500111070,20231102,1049,18,8,1,25.04177,121.58735,10
500111070,20231102,1051,18,8,1,25.04177,121.58735,10
500111070,20231102,1052,18,6,1,25.04177,121.58735,12
500111070,20231102,1053,18,6,1,25.04177,121.58735,12
500111070,20231102,1054,18,6,1,25.04177,121.58735,12
500111070,20231102,1055,18,6,1,25.04177,121.58735,12
500111070,20231102,1056,18,6,1,25.04177,121.58735,12
500111070,20231102,1057,18,6,1,25.04177,121.58735,12
500111070,20231102,1058,18,7,1,25.04177,121.58735,11
500111070,20231102,1059,18,7,1,25.04177,121.58735,11
500111070,20231102,1060,18,6,1,25.04177,121.58735,12
500111070,20231102,1061,18,6,1,25.04177,121.58735,12
500111070,20231102,1062,18,6,1,25.04177,121.58735,12
500111070,20231102,1063,18,5,1,25.04177,121.58735,13
500111070,20231102,1064,18,6,1,25.04177,121.58735,12
500111070,20231102,1065,18,6,1,25.04177,121.58735,12
500111070,20231102,1066,18,6,1,25.04177,121.58735,12
500111070,20231102,1067,18,4,1,25.04177,121.58735,14
500111070,20231102,1068,18,4,1,25.04177,121.58735,14
500111070,20231102,1069,18,4,1,25.04177,121.58735,14
500111070,20231102,1070,18,4,1,25.04177,121.58735,14
500111070,20231102,1071,18,3,1,25.04177,121.58735,15
500111070,20231102,1072,18,3,1,25.04177,121.58735,15
500111070,20231102,1073,18,2,1,25.04177,121.58735,16
500111070,20231102,1074,18,3,1,25.04177,121.58735,15
500111070,20231102,1075,18,3,1,25.04177,121.58735,15
500111070,20231102,1076,18,3,1,25.04177,121.58735,15
500111070,20231102,1077,18,2,1,25.04177,121.58735,16
500111070,20231102,1078,18,3,1,25.04177,121.58735,15
500111070,20231102,1079,18,3,1,25.04177,121.58735,15
500111070,20231102,1081,18,3,1,25.04177,121.58735,15
500111070,20231102,1082,18,3,1,25.04177,121.58735,15
500111070,20231102,1083,18,3,1,25.04177,121.58735,15
500111070,20231102,1084,18,3,1,25.04177,121.58735,15
500111070,20231102,1085,18,3,1,25.04177,121.58735,15
500111070,20231102,1086,18,4,1,25.04177,121.58735,14
500111070,20231102,1087,18,4,1,25.04177,121.58735,14
500111070,20231102,1088,18,3,1,25.04177,121.58735,15
500111070,20231102,1089,18,3,1,25.04177,121.58735,15
500111070,20231102,1090,18,2,1,25.04177,121.58735,16
500111070,20231102,1091,18,2,1,25.04177,121.58735,16
500111070,20231102,1092,18,2,1,25.04177,121.58735,16
500111070,20231102,1093,18,2,1,25.04177,121.58735,16
500111070,20231102,1094,18,2,1,25.04177,121.58735,16
500111070,20231102,1095,18,2,1,25.04177,121.58735,16
500111070,20231102,1096,18,1,1,25.04177,121.58735,17
500111070,20231102,1097,18,1,1,25.04177,121.58735,17
500111070,20231102,1098,18,1,1,25.04177,121.58735,17
500111070,20231102,1099,18,1,1,25.04177,121.58735,17
500111070,20231102,1101,18,1,1,25.04177,121.58735,17
500111070,20231102,1102,18,0,1,25.04177,121.58735,18
500111070,20231102,1103,18,0,1,25.04177,121.58735,18
500111070,20231102,1104,18,0,1,25.04177,121.58735,18
500111070,20231102,1105,18,0,1,25.04177,121.58735,18
500111070,20231102,1106,18,0,1,25.04177,121.58735,18
500111070,20231102,1107,18,0,1,25.04177,121.58735,18
500111070,20231102,1108,18,0,1,25.04177,121.58735,18
500111070,20231102,1109,18,0,1,25.04177,121.58735,18
500111070,20231102,1111,18,0,1,25.04177,121.58735,18
500111070,20231102,1112,18,0,1,25.04177,121.58735,18
500111070,20231102,1113,18,0,1,25.04177,121.58735,18
500111070,20231102,1114,18,0,1,25.04177,121.58735,18
500111070,20231102,1115,18,0,1,25.04177,121.58735,18
500111070,20231102,1116,18,0,1,25.04177,121.58735,18
500111070,20231102,1117,18,0,1,25.04177,121.58735,18
500111070,20231102,1118,18,0,1,25.04177,121.58735,18
500111070,20231102,1119,18,0,1,25.04177,121.58735,18
500111070,20231102,1120,18,0,1,25.04177,121.58735,18
500111070,20231102,1121,18,0,1,25.04177,121.58735,18
500111070,20231102,1122,18,0,1,25.04177,121.58735,18
500111070,20231102,1123,18,0,1,25.04177,121.58735,18
500111070,20231102,1124,18,0,1,25.04177,121.58735,18
500111070,20231102,1125,18,0,1,25.04177,121.58735,18
500111070,20231102,1126,18,1,1,25.04177,121.58735,17
500111070,20231102,1127,18,1,1,25.04177,121.58735,17
500111070,20231102,1128,18,1,1,25.04177,121.58735,17
500111070,20231102,1129,18,1,1,25.04177,121.58735,17
500111070,20231102,1130,18,1,1,25.04177,121.58735,17
500111070,20231102,1131,18,0,1,25.04177,121.58735,18
500111070,20231102,1132,18,0,1,25.04177,121.58735,18
500111070,20231102,1133,18,1,1,25.04177,121.58735,17
500111070,20231102,1134,18,0,1,25.04177,121.58735,18
500111070,20231102,1135,18,0,1,25.04177,121.58735,18
500111070,20231102,1136,18,0,1,25.04177,121.58735,18
500111070,20231102,1137,18,0,1,25.04177,121.58735,18
500111070,20231102,1138,18,0,1,25.04177,121.58735,18
500111070,20231102,1139,18,0,1,25.04177,121.58735,18
500111070,20231102,1141,18,0,1,25.04177,121.58735,18
500111070,20231102,1142,18,0,1,25.04177,121.58735,18
500111070,20231102,1143,18,0,1,25.04177,121.58735,18
500111070,20231102,1144,18,0,1,25.04177,121.58735,18
500111070,20231102,1145,18,0,1,25.04177,121.58735,18
500111070,20231102,1146,18,0,1,25.04177,121.58735,18
500111070,20231102,1147,18,0,1,25.04177,121.58735,18
500111070,20231102,1148,18,0,1,25.04177,121.58735,18
500111070,20231102,1149,18,0,1,25.04177,121.58735,18
500111070,20231102,1150,18,0,1,25.04177,121.58735,18
500111070,20231102,1151,18,0,1,25.04177,121.58735,18
500111070,20231102,1152,18,0,1,25.04177,121.58735,18
500111070,20231102,1153,18,0,1,25.04177,121.58735,18
500111070,20231102,1154,18,0,1,25.04177,121.58735,18
500111070,20231102,1155,18,1,1,25.04177,121.58735,17
500111070,20231102,1156,18,1,1,25.04177,121.58735,17
500111070,20231102,1158,18,1,1,25.04177,121.58735,17
500111070,20231102,1159,18,0,1,25.04177,121.58735,18
500111070,20231102,1161,18,0,1,25.04177,121.58735,18
500111070,20231102,1162,18,0,1,25.04177,121.58735,18
500111070,20231102,1164,18,0,1,25.04177,121.58735,18
500111070,20231102,1165,18,0,1,25.04177,121.58735,18
500111070,20231102,1166,18,0,1,25.04177,121.58735,18
500111070,20231102,1168,18,0,1,25.04177,121.58735,18
500111070,20231102,1169,18,5,1,25.04177,121.58735,13
500111070,20231102,1171,18,6,1,25.04177,121.58735,12
500111070,20231102,1172,18,9,1,25.04177,121.58735,9
500111070,20231102,1174,18,13,1,25.04177,121.58735,5
500111070,20231102,1175,18,15,1,25.04177,121.58735,3
500111070,20231102,1176,18,15,1,25.04177,121.58735,3
500111070,20231102,1178,18,16,1,25.04177,121.58735,2
500111070,20231102,1179,18,16,1,25.04177,121.58735,2
500111070,20231102,1181,18,16,1,25.04177,121.58735,2
500111070,20231102,1182,18,15,1,25.04177,121.58735,3
500111070,20231102,1183,18,15,1,25.04177,121.58735,3
500111070,20231102,1184,18,15,1,25.04177,121.58735,3
500111070,20231102,1186,18,14,1,25.04177,121.58735,4
500111070,20231102,1188,18,14,1,25.04177,121.58735,4
500111070,20231102,1189,18,14,1,25.04177,121.58735,4
500111070,20231102,1191,18,13,1,25.04177,121.58735,5
500111070,20231102,1192,18,13,1,25.04177,121.58735,5
500111070,20231102,1193,18,13,1,25.04177,121.58735,5
500111070,20231102,1195,18,13,1,25.04177,121.58735,5
500111070,20231102,1196,18,11,1,25.04177,121.58735,7
500111070,20231102,1197,18,10,1,25.04177,121.58735,8
500111070,20231102,1198,18,10,1,25.04177,121.58735,8
500111070,20231102,1199,18,9,1,25.04177,121.58735,9
500111070,20231102,1202,18,9,1,25.04177,121.58735,9
500111070,20231102,1203,18,9,1,25.04177,121.58735,9
500111070,20231102,1204,18,9,1,25.04177,121.58735,9
500111070,20231102,1205,18,8,1,25.04177,121.58735,10
500111070,20231102,1207,18,8,1,25.04177,121.58735,10
500111070,20231102,1208,18,9,1,25.04177,121.58735,9
500111070,20231102,1209,18,9,1,25.04177,121.58735,9
500111070,20231102,1210,18,9,1,25.04177,121.58735,9
500111070,20231102,1212,18,9,1,25.04177,121.58735,9
500111070,20231102,1213,18,9,1,25.04177,121.58735,9
500111070,20231102,1214,18,10,1,25.04177,121.58735,8
500111070,20231102,1216,18,10,1,25.04177,121.58735,8
500111070,20231102,1217,18,10,1,25.04177,121.58735,8
500111070,20231102,1218,18,11,1,25.04177,121.58735,7
500111070,20231102,1219,18,10,1,25.04177,121.58735,8
500111070,20231102,1221,18,10,1,25.04177,121.58735,8
500111070,20231102,1222,18,9,1,25.04177,121.58735,9
500111070,20231102,1223,18,9,1,25.04177,121.58735,9
500111070,20231102,1224,18,9,1,25.04177,121.58735,9
500111070,20231102,1225,18,9,1,25.04177,121.58735,9
500111070,20231102,1226,18,9,1,25.04177,121.58735,9
500111070,20231102,1227,18,9,1,25.04177,121.58735,9
500111070,20231102,1228,18,8,1,25.04177,121.58735,10
500111070,20231102,1229,18,8,1,25.04177,121.58735,10
500111070,20231102,1231,18,8,1,25.04177,121.58735,10
500111070,20231102,1232,18,8,1,25.04177,121.58735,10
500111070,20231102,1234,18,7,1,25.04177,121.58735,11
500111070,20231102,1235,18,7,1,25.04177,121.58735,11
500111070,20231102,1236,18,6,1,25.04177,121.58735,12
500111070,20231102,1237,18,5,1,25.04177,121.58735,13
500111070,20231102,1238,18,5,1,25.04177,121.58735,13
500111070,20231102,1239,18,5,1,25.04177,121.58735,13
500111070,20231102,1241,18,5,1,25.04177,121.58735,13
500111070,20231102,1242,18,5,1,25.04177,121.58735,13
500111070,20231102,1243,18,5,1,25.04177,121.58735,13
500111070,20231102,1244,18,4,1,25.04177,121.58735,14
500111070,20231102,1245,18,3,1,25.04177,121.58735,15
500111070,20231102,1246,18,3,1,25.04177,121.58735,15
500111070,20231102,1247,18,3,1,25.04177,121.58735,15
500111070,20231102,1248,18,3,1,25.04177,121.58735,15
500111070,20231102,1249,18,4,1,25.04177,121.58735,14
500111070,20231102,1251,18,4,1,25.04177,121.58735,14
500111070,20231102,1252,18,4,1,25.04177,121.58735,14
500111070,20231102,1253,18,4,1,25.04177,121.58735,14
500111070,20231102,1254,18,4,1,25.04177,121.58735,14
500111070,20231102,1255,18,4,1,25.04177,121.58735,14
500111070,20231102,1256,18,2,1,25.04177,121.58735,16
500111070,20231102,1257,18,2,1,25.04177,121.58735,16
500111070,20231102,1258,18,2,1,25.04177,121.58735,16
500111070,20231102,1259,18,2,1,25.04177,121.58735,16
500111070,20231102,1261,18,1,1,25.04177,121.58735,17
500111070,20231102,1262,18,1,1,25.04177,121.58735,17
500111070,20231102,1263,18,0,1,25.04177,121.58735,18
500111070,20231102,1264,18,0,1,25.04177,121.58735,18
500111070,20231102,1265,18,0,1,25.04177,121.58735,18
500111070,20231102,1266,18,0,1,25.04177,121.58735,18
500111070,20231102,1267,18,0,1,25.04177,121.58735,18
500111070,20231102,1268,18,0,1,25.04177,121.58735,18
500111070,20231102,1269,18,0,1,25.04177,121.58735,18
500111070,20231102,1271,18,4,1,25.04177,121.58735,14
500111070,20231102,1272,18,6,1,25.04177,121.58735,12
500111070,20231102,1273,18,9,1,25.04177,121.58735,9
500111070,20231102,1274,18,9,1,25.04177,121.58735,9
500111070,20231102,1275,18,11,1,25.04177,121.58735,7
500111070,20231102,1276,18,11,1,25.04177,121.58735,7
500111070,20231102,1277,18,11,1,25.04177,121.58735,7
500111070,20231102,1278,18,11,1,25.04177,121.58735,7
500111070,20231102,1279,18,11,1,25.04177,121.58735,7
500111070,20231102,1281,18,11,1,25.04177,121.58735,7
500111070,20231102,1282,18,11,1,25.04177,121.58735,7
500111070,20231102,1283,18,10,1,25.04177,121.58735,8
500111070,20231102,1284,18,10,1,25.04177,121.58735,8
500111070,20231102,1285,18,9,1,25.04177,121.58735,9
500111070,20231102,1286,18,9,1,25.04177,121.58735,9
500111070,20231102,1287,18,9,1,25.04177,121.58735,9
500111070,20231102,1288,18,9,1,25.04177,121.58735,9
500111070,20231102,1289,18,9,1,25.04177,121.58735,9
500111070,20231102,1291,18,8,1,25.04177,121.58735,10
500111070,20231102,1292,18,9,1,25.04177,121.58735,9
500111070,20231102,1293,18,9,1,25.04177,121.58735,9
500111070,20231102,1294,18,9,1,25.04177,121.58735,9
500111070,20231102,1295,18,9,1,25.04177,121.58735,9
500111070,20231102,1296,18,9,1,25.04177,121.58735,9
500111070,20231102,1297,18,9,1,25.04177,121.58735,9
500111070,20231102,1298,18,8,1,25.04177,121.58735,10
500111070,20231102,1299,18,8,1,25.04177,121.58735,10
500111070,20231102,1300,18,8,1,25.04177,121.58735,10
500111070,20231102,1301,18,8,1,25.04177,121.58735,10
500111070,20231102,1302,18,8,1,25.04177,121.58735,10
500111070,20231102,1303,18,8,1,25.04177,121.58735,10
500111070,20231102,1304,18,8,1,25.04177,121.58735,10
500111070,20231102,1305,18,8,1,25.04177,121.58735,10
500111070,20231102,1306,18,8,1,25.04177,121.58735,10
500111070,20231102,1307,18,8,1,25.04177,121.58735,10
500111070,20231102,1308,18,9,1,25.04177,121.58735,9
500111070,20231102,1309,18,11,1,25.04177,121.58735,7
500111070,20231102,1310,18,11,1,25.04177,121.58735,7
500111070,20231102,1311,18,10,1,25.04177,121.58735,8
500111070,20231102,1312,18,10,1,25.04177,121.58735,8
500111070,20231102,1313,18,11,1,25.04177,121.58735,7
500111070,20231102,1314,18,12,1,25.04177,121.58735,6
500111070,20231102,1315,18,12,1,25.04177,121.58735,6
500111070,20231102,1316,18,12,1,25.04177,121.58735,6
500111070,20231102,1317,18,12,1,25.04177,121.58735,6
500111070,20231102,1318,18,12,1,25.04177,121.58735,6
500111070,20231102,1319,18,12,1,25.04177,121.58735,6
500111070,20231102,1321,18,11,1,25.04177,121.58735,7
500111070,20231102,1322,18,11,1,25.04177,121.58735,7
500111070,20231102,1323,18,11,1,25.04177,121.58735,7
500111070,20231102,1324,18,11,1,25.04177,121.58735,7
500111070,20231102,1325,18,11,1,25.04177,121.58735,7
500111070,20231102,1326,18,12,1,25.04177,121.58735,6
500111070,20231102,1327,18,12,1,25.04177,121.58735,6
500111070,20231102,1328,18,11,1,25.04177,121.58735,7
500111070,20231102,1329,18,11,1,25.04177,121.58735,7
500111070,20231102,1330,18,11,1,25.04177,121.58735,7
500111070,20231102,1331,18,11,1,25.04177,121.58735,7
500111070,20231102,1332,18,10,1,25.04177,121.58735,8
500111070,20231102,1333,18,10,1,25.04177,121.58735,8
500111070,20231102,1334,18,10,1,25.04177,121.58735,8
500111070,20231102,1335,18,10,1,25.04177,121.58735,8
500111070,20231102,1336,18,9,1,25.04177,121.58735,9
500111070,20231102,1337,18,9,1,25.04177,121.58735,9
500111070,20231102,1338,18,8,1,25.04177,121.58735,10
500111070,20231102,1339,18,8,1,25.04177,121.58735,10
500111070,20231102,1341,18,7,1,25.04177,121.58735,11
500111070,20231102,1342,18,7,1,25.04177,121.58735,11
500111070,20231102,1343,18,7,1,25.04177,121.58735,11
500111070,20231102,1344,18,7,1,25.04177,121.58735,11
500111070,20231102,1345,18,7,1,25.04177,121.58735,11
500111070,20231102,1346,18,7,1,25.04177,121.58735,11
500111070,20231102,1347,18,6,1,25.04177,121.58735,12
500111070,20231102,1348,18,6,1,25.04177,121.58735,12
500111070,20231102,1349,18,6,1,25.04177,121.58735,12
500111070,20231102,1350,18,6,1,25.04177,121.58735,12
500111070,20231102,1351,18,6,1,25.04177,121.58735,12
500111070,20231102,1352,18,6,1,25.04177,121.58735,12
500111070,20231102,1353,18,6,1,25.04177,121.58735,12
500111070,20231102,1354,18,6,1,25.04177,121.58735,12
500111070,20231102,1355,18,6,1,25.04177,121.58735,12
500111070,20231102,1356,18,5,1,25.04177,121.58735,13
500111070,20231102,1357,18,6,1,25.04177,121.58735,12
500111070,20231102,1358,18,6,1,25.04177,121.58735,12
500111070,20231102,1359,18,6,1,25.04177,121.58735,12
500111070,20231102,1360,18,6,1,25.04177,121.58735,12
500111070,20231102,1361,18,6,1,25.04177,121.58735,12
500111070,20231102,1362,18,6,1,25.04177,121.58735,12
500111070,20231102,1363,18,6,1,25.04177,121.58735,12
500111070,20231102,1364,18,5,1,25.04177,121.58735,13
500111070,20231102,1365,18,6,1,25.04177,121.58735,12
500111070,20231102,1366,18,6,1,25.04177,121.58735,12
500111070,20231102,1367,18,6,1,25.04177,121.58735,12
500111070,20231102,1368,18,6,1,25.04177,121.58735,12
500111070,20231102,1369,18,6,1,25.04177,121.58735,12
500111070,20231102,1370,18,5,1,25.04177,121.58735,13
500111070,20231102,1371,18,5,1,25.04177,121.58735,13
500111070,20231102,1372,18,5,1,25.04177,121.58735,13
500111070,20231102,1373,18,4,1,25.04177,121.58735,14
500111070,20231102,1374,18,3,1,25.04177,121.58735,15
500111070,20231102,1375,18,3,1,25.04177,121.58735,15
500111070,20231102,1376,18,3,1,25.04177,121.58735,15
500111070,20231102,1377,18,3,1,25.04177,121.58735,15
500111070,20231102,1378,18,3,1,25.04177,121.58735,15
500111070,20231102,1379,18,3,1,25.04177,121.58735,15
500111070,20231102,1381,18,3,1,25.04177,121.58735,15
500111070,20231102,1382,18,3,1,25.04177,121.58735,15
500111070,20231102,1383,18,3,1,25.04177,121.58735,15
500111070,20231102,1384,18,3,1,25.04177,121.58735,15
500111070,20231102,1385,18,3,1,25.04177,121.58735,15
500111070,20231102,1386,18,3,1,25.04177,121.58735,15
500111070,20231102,1387,18,3,1,25.04177,121.58735,15
500111070,20231102,1388,18,3,1,25.04177,121.58735,15
500111070,20231102,1389,18,3,1,25.04177,121.58735,15
500111070,20231102,1390,18,3,1,25.04177,121.58735,15
500111070,20231102,1391,18,3,1,25.04177,121.58735,15
500111070,20231102,1392,18,3,1,25.04177,121.58735,15
500111070,20231102,1393,18,3,1,25.04177,121.58735,15
500111070,20231102,1394,18,3,1,25.04177,121.58735,14
500111070,20231102,1395,18,3,1,25.04177,121.58735,14
500111070,20231102,1396,18,3,1,25.04177,121.58735,14
500111070,20231102,1397,18,3,1,25.04177,121.58735,14
500111070,20231102,1398,18,3,1,25.04177,121.58735,15
500111070,20231102,1399,18,3,1,25.04177,121.58735,15
500111070,20231102,1401,18,2,1,25.04177,121.58735,16
500111070,20231102,1402,18,2,1,25.04177,121.58735,16
500111070,20231102,1403,18,2,1,25.04177,121.58735,16
500111070,20231102,1404,18,2,1,25.04177,121.58735,16
500111070,20231102,1405,18,2,1,25.04177,121.58735,16
500111070,20231102,1406,18,2,1,25.04177,121.58735,16
500111070,20231102,1407,18,2,1,25.04177,121.58735,16
500111070,20231102,1408,18,3,1,25.04177,121.58735,15
500111070,20231102,1409,18,3,1,25.04177,121.58735,15
500111070,20231102,1410,18,3,1,25.04177,121.58735,15
500111070,20231102,1411,18,3,1,25.04177,121.58735,15
500111070,20231102,1412,18,3,1,25.04177,121.58735,15
500111070,20231102,1413,18,3,1,25.04177,121.58735,15
500111070,20231102,1414,18,3,1,25.04177,121.58735,15
500111070,20231102,1415,18,3,1,25.04177,121.58735,15
500111070,20231102,1416,18,3,1,25.04177,121.58735,15
500111070,20231102,1417,18,3,1,25.04177,121.58735,15
500111070,20231102,1418,18,3,1,25.04177,121.58735,15
500111070,20231102,1419,18,2,1,25.04177,121.58735,16
500111070,20231102,1420,18,2,1,25.04177,121.58735,16
500111070,20231102,1421,18,2,1,25.04177,121.58735,16
500111070,20231102,1422,18,2,1,25.04177,121.58735,16
500111070,20231102,1423,18,2,1,25.04177,121.58735,16
500111070,20231102,1425,18,3,1,25.04177,121.58735,15
500111070,20231102,1426,18,3,1,25.04177,121.58735,15
500111070,20231102,1427,18,3,1,25.04177,121.58735,15
500111070,20231102,1428,18,3,1,25.04177,121.58735,15
500111070,20231102,1429,18,4,1,25.04177,121.58735,14
500111070,20231102,1431,18,4,1,25.04177,121.58735,14
500111070,20231102,1432,18,4,1,25.04177,121.58735,14
500111070,20231102,1433,18,4,1,25.04177,121.58735,14
500111070,20231102,1434,18,4,1,25.04177,121.58735,14
500111070,20231102,1435,18,4,1,25.04177,121.58735,14
500111070,20231102,1436,18,4,1,25.04177,121.58735,14
500111070,20231102,1437,18,4,1,25.04177,121.58735,14
500111070,20231102,1438,18,4,1,25.04177,121.58735,14
500111070,20231102,1439,18,4,1,25.04177,121.58735,14
500111070,20231103,1,18,4,1,25.04177,121.58735,14
500111070,20231103,2,18,4,1,25.04177,121.58735,14
500111070,20231103,3,18,4,1,25.04177,121.58735,14
500111070,20231103,4,18,4,1,25.04177,121.58735,14
500111070,20231103,5,18,4,1,25.04177,121.58735,14
500111070,20231103,6,18,4,1,25.04177,121.58735,14
500111070,20231103,7,18,4,1,25.04177,121.58735,14
500111070,20231103,8,18,4,1,25.04177,121.58735,14
500111070,20231103,9,18,4,1,25.04177,121.58735,14
500111070,20231103,11,18,4,1,25.04177,121.58735,14
500111070,20231103,12,18,4,1,25.04177,121.58735,14
500111070,20231103,13,18,4,1,25.04177,121.58735,14
500111070,20231103,14,18,4,1,25.04177,121.58735,14
500111070,20231103,15,18,4,1,25.04177,121.58735,14
500111070,20231103,16,18,4,1,25.04177,121.58735,14
500111070,20231103,17,18,4,1,25.04177,121.58735,14
500111070,20231103,18,18,4,1,25.04177,121.58735,14
500111070,20231103,19,18,4,1,25.04177,121.58735,14
500111070,20231103,21,18,4,1,25.04177,121.58735,14
500111070,20231103,22,18,3,1,25.04177,121.58735,15
500111070,20231103,23,18,3,1,25.04177,121.58735,15
500111070,20231103,24,18,3,1,25.04177,121.58735,15
500111070,20231103,25,18,3,1,25.04177,121.58735,15
500111070,20231103,26,18,3,1,25.04177,121.58735,15
500111070,20231103,27,18,3,1,25.04177,121.58735,15
500111070,20231103,28,18,3,1,25.04177,121.58735,15
500111070,20231103,29,18,3,1,25.04177,121.58735,15
500111070,20231103,31,18,3,1,25.04177,121.58735,15
500111070,20231103,32,18,3,1,25.04177,121.58735,15
500111070,20231103,33,18,3,1,25.04177,121.58735,15
500111070,20231103,34,18,3,1,25.04177,121.58735,15
500111070,20231103,35,18,3,1,25.04177,121.58735,15
500111070,20231103,36,18,3,1,25.04177,121.58735,15
500111070,20231103,37,18,3,1,25.04177,121.58735,15
500111070,20231103,39,18,3,1,25.04177,121.58735,15
500111070,20231103,40,18,3,1,25.04177,121.58735,15
500111070,20231103,42,18,3,1,25.04177,121.58735,15
500111070,20231103,43,18,3,1,25.04177,121.58735,15
500111070,20231103,44,18,3,1,25.04177,121.58735,15
500111070,20231103,45,18,3,1,25.04177,121.58735,15
500111070,20231103,46,18,3,1,25.04177,121.58735,15
500111070,20231103,47,18,3,1,25.04177,121.58735,15
500111070,20231103,48,18,3,1,25.04177,121.58735,15
500111070,20231103,49,18,3,1,25.04177,121.58735,15
500111070,20231103,51,18,3,1,25.04177,121.58735,15
500111070,20231103,52,18,3,1,25.04177,121.58735,15
500111070,20231103,53,18,3,1,25.04177,121.58735,15
500111070,20231103,54,18,3,1,25.04177,121.58735,15
500111070,20231103,55,18,3,1,25.04177,121.58735,15
500111070,20231103,56,18,3,1,25.04177,121.58735,15
500111070,20231103,57,18,3,1,25.04177,121.58735,15
500111070,20231103,58,18,3,1,25.04177,121.58735,15
500111070,20231103,59,18,3,1,25.04177,121.58735,15
500111070,20231103,61,18,3,1,25.04177,121.58735,15
500111070,20231103,62,18,3,1,25.04177,121.58735,15
500111070,20231103,63,18,3,1,25.04177,121.58735,15
500111070,20231103,65,18,3,1,25.04177,121.58735,15
500111070,20231103,66,18,3,1,25.04177,121.58735,15
500111070,20231103,67,18,3,1,25.04177,121.58735,15
500111070,20231103,68,18,3,1,25.04177,121.58735,15
500111070,20231103,69,18,3,1,25.04177,121.58735,15
500111070,20231103,71,18,3,1,25.04177,121.58735,15
500111070,20231103,72,18,3,1,25.04177,121.58735,15
500111070,20231103,73,18,3,1,25.04177,121.58735,15
500111070,20231103,74,18,3,1,25.04177,121.58735,15
500111070,20231103,75,18,3,1,25.04177,121.58735,15
500111070,20231103,76,18,3,1,25.04177,121.58735,15
500111070,20231103,77,18,3,1,25.04177,121.58735,15
500111070,20231103,78,18,3,1,25.04177,121.58735,15
500111070,20231103,79,18,3,1,25.04177,121.58735,15
500111070,20231103,81,18,3,1,25.04177,121.58735,15
500111070,20231103,82,18,3,1,25.04177,121.58735,15
500111070,20231103,83,18,3,1,25.04177,121.58735,15
500111070,20231103,84,18,3,1,25.04177,121.58735,15
500111070,20231103,85,18,3,1,25.04177,121.58735,15
500111070,20231103,86,18,3,1,25.04177,121.58735,15
500111070,20231103,87,18,3,1,25.04177,121.58735,15
500111070,20231103,88,18,3,1,25.04177,121.58735,15
500111070,20231103,89,18,3,1,25.04177,121.58735,15
500111070,20231103,90,18,3,1,25.04177,121.58735,15
500111070,20231103,91,18,3,1,25.04177,121.58735,15
500111070,20231103,92,18,3,1,25.04177,121.58735,15
500111070,20231103,93,18,3,1,25.04177,121.58735,15
500111070,20231103,94,18,3,1,25.04177,121.58735,15
500111070,20231103,95,18,3,1,25.04177,121.58735,15
500111070,20231103,96,18,3,1,25.04177,121.58735,15
500111070,20231103,97,18,3,1,25.04177,121.58735,15
500111070,20231103,98,18,3,1,25.04177,121.58735,15
500111070,20231103,99,18,3,1,25.04177,121.58735,15
500111070,20231103,100,18,3,1,25.04177,121.58735,15
500111070,20231103,101,18,3,1,25.04177,121.58735,15
500111070,20231103,102,18,3,1,25.04177,121.58735,15
500111070,20231103,103,18,3,1,25.04177,121.58735,15
500111070,20231103,104,18,3,1,25.04177,121.58735,15
500111070,20231103,105,18,3,1,25.04177,121.58735,15
500111070,20231103,106,18,3,1,25.04177,121.58735,15
500111070,20231103,107,18,3,1,25.04177,121.58735,15
500111070,20231103,108,18,3,1,25.04177,121.58735,15
500111070,20231103,109,18,3,1,25.04177,121.58735,15
500111070,20231103,110,18,3,1,25.04177,121.58735,15
500111070,20231103,111,18,3,1,25.04177,121.58735,15
500111070,20231103,112,18,3,1,25.04177,121.58735,15
500111070,20231103,113,18,3,1,25.04177,121.58735,15
500111070,20231103,114,18,3,1,25.04177,121.58735,15
500111070,20231103,115,18,3,1,25.04177,121.58735,15
500111070,20231103,116,18,3,1,25.04177,121.58735,15
500111070,20231103,117,18,3,1,25.04177,121.58735,15
500111070,20231103,118,18,3,1,25.04177,121.58735,15
500111070,20231103,119,18,3,1,25.04177,121.58735,15
500111070,20231103,121,18,3,1,25.04177,121.58735,15
500111070,20231103,122,18,3,1,25.04177,121.58735,15
500111070,20231103,123,18,3,1,25.04177,121.58735,15
500111070,20231103,124,18,3,1,25.04177,121.58735,15
500111070,20231103,125,18,3,1,25.04177,121.58735,15
500111070,20231103,126,18,3,1,25.04177,121.58735,15
500111070,20231103,127,18,3,1,25.04177,121.58735,15
500111070,20231103,128,18,3,1,25.04177,121.58735,15
500111070,20231103,129,18,3,1,25.04177,121.58735,15
500111070,20231103,130,18,3,1,25.04177,121.58735,15
500111070,20231103,131,18,3,1,25.04177,121.58735,15
500111070,20231103,132,18,3,1,25.04177,121.58735,15
500111070,20231103,133,18,3,1,25.04177,121.58735,15
500111070,20231103,134,18,3,1,25.04177,121.58735,15
500111070,20231103,135,18,3,1,25.04177,121.58735,15
500111070,20231103,136,18,3,1,25.04177,121.58735,15
500111070,20231103,137,18,3,1,25.04177,121.58735,15
500111070,20231103,138,18,3,1,25.04177,121.58735,15
500111070,20231103,139,18,3,1,25.04177,121.58735,15
500111070,20231103,141,18,3,1,25.04177,121.58735,15
500111070,20231103,142,18,3,1,25.04177,121.58735,15
500111070,20231103,143,18,3,1,25.04177,121.58735,15
500111070,20231103,144,18,3,1,25.04177,121.58735,15
500111070,20231103,145,18,3,1,25.04177,121.58735,15
500111070,20231103,146,18,3,1,25.04177,121.58735,15
500111070,20231103,147,18,3,1,25.04177,121.58735,15
500111070,20231103,148,18,3,1,25.04177,121.58735,15
500111070,20231103,149,18,3,1,25.04177,121.58735,15
500111070,20231103,150,18,3,1,25.04177,121.58735,15
500111070,20231103,151,18,3,1,25.04177,121.58735,15
500111070,20231103,152,18,3,1,25.04177,121.58735,15
500111070,20231103,153,18,3,1,25.04177,121.58735,15
500111070,20231103,154,18,3,1,25.04177,121.58735,15
500111070,20231103,155,18,3,1,25.04177,121.58735,15
500111070,20231103,156,18,3,1,25.04177,121.58735,15
500111070,20231103,157,18,3,1,25.04177,121.58735,15
500111070,20231103,158,18,3,1,25.04177,121.58735,15
500111070,20231103,159,18,3,1,25.04177,121.58735,15
500111070,20231103,160,18,3,1,25.04177,121.58735,15
500111070,20231103,161,18,3,1,25.04177,121.58735,15
500111070,20231103,162,18,3,1,25.04177,121.58735,15
500111070,20231103,163,18,3,1,25.04177,121.58735,15
500111070,20231103,164,18,3,1,25.04177,121.58735,15
500111070,20231103,165,18,3,1,25.04177,121.58735,15
500111070,20231103,166,18,3,1,25.04177,121.58735,15
500111070,20231103,167,18,3,1,25.04177,121.58735,15
500111070,20231103,168,18,3,1,25.04177,121.58735,15
500111070,20231103,169,18,2,1,25.04177,121.58735,16
500111070,20231103,170,18,1,1,25.04177,121.58735,17
500111070,20231103,171,18,1,1,25.04177,121.58735,17
500111070,20231103,172,18,2,1,25.04177,121.58735,16
500111070,20231103,173,18,2,1,25.04177,121.58735,16
500111070,20231103,174,18,2,1,25.04177,121.58735,16
500111070,20231103,175,18,2,1,25.04177,121.58735,16
500111070,20231103,176,18,2,1,25.04177,121.58735,16
500111070,20231103,177,18,2,1,25.04177,121.58735,16
500111070,20231103,178,18,2,1,25.04177,121.58735,16
500111070,20231103,179,18,2,1,25.04177,121.58735,16
500111070,20231103,180,18,2,1,25.04177,121.58735,16
500111070,20231103,181,18,2,1,25.04177,121.58735,16
500111070,20231103,182,18,2,1,25.04177,121.58735,16
500111070,20231103,183,18,2,1,25.04177,121.58735,16
500111070,20231103,184,18,2,1,25.04177,121.58735,16
500111070,20231103,185,18,2,1,25.04177,121.58735,16
500111070,20231103,186,18,2,1,25.04177,121.58735,16
500111070,20231103,187,18,2,1,25.04177,121.58735,16
500111070,20231103,188,18,2,1,25.04177,121.58735,16
500111070,20231103,189,18,2,1,25.04177,121.58735,16
500111070,20231103,190,18,2,1,25.04177,121.58735,16
500111070,20231103,191,18,2,1,25.04177,121.58735,16
500111070,20231103,192,18,2,1,25.04177,121.58735,16
500111070,20231103,193,18,2,1,25.04177,121.58735,16
500111070,20231103,194,18,2,1,25.04177,121.58735,16
500111070,20231103,195,18,2,1,25.04177,121.58735,16
500111070,20231103,196,18,2,1,25.04177,121.58735,16
500111070,20231103,197,18,2,1,25.04177,121.58735,16
500111070,20231103,198,18,2,1,25.04177,121.58735,16
500111070,20231103,199,18,2,1,25.04177,121.58735,16
500111070,20231103,201,18,2,1,25.04177,121.58735,16
500111070,20231103,202,18,2,1,25.04177,121.58735,16
500111070,20231103,203,18,2,1,25.04177,121.58735,16
500111070,20231103,204,18,2,1,25.04177,121.58735,16
500111070,20231103,205,18,2,1,25.04177,121.58735,16
500111070,20231103,206,18,2,1,25.04177,121.58735,16
500111070,20231103,207,18,2,1,25.04177,121.58735,16
500111070,20231103,208,18,2,1,25.04177,121.58735,16
500111070,20231103,209,18,2,1,25.04177,121.58735,16
500111070,20231103,210,18,2,1,25.04177,121.58735,16
500111070,20231103,211,18,2,1,25.04177,121.58735,16
500111070,20231103,212,18,2,1,25.04177,121.58735,16
500111070,20231103,213,18,2,1,25.04177,121.58735,16
500111070,20231103,214,18,2,1,25.04177,121.58735,16
500111070,20231103,215,18,2,1,25.04177,121.58735,16
500111070,20231103,216,18,2,1,25.04177,121.58735,16
500111070,20231103,217,18,2,1,25.04177,121.58735,16
500111070,20231103,218,18,2,1,25.04177,121.58735,16
500111070,20231103,219,18,2,1,25.04177,121.58735,16
500111070,20231103,220,18,2,1,25.04177,121.58735,16
500111070,20231103,221,18,2,1,25.04177,121.58735,16
500111070,20231103,222,18,2,1,25.04177,121.58735,16
500111070,20231103,223,18,2,1,25.04177,121.58735,16
500111070,20231103,224,18,2,1,25.04177,121.58735,16
500111070,20231103,225,18,2,1,25.04177,121.58735,16
500111070,20231103,226,18,2,1,25.04177,121.58735,16
500111070,20231103,227,18,2,1,25.04177,121.58735,16
500111070,20231103,228,18,2,1,25.04177,121.58735,16
500111070,20231103,229,18,2,1,25.04177,121.58735,16
500111070,20231103,230,18,2,1,25.04177,121.58735,16
500111070,20231103,231,18,2,1,25.04177,121.58735,16
500111070,20231103,232,18,2,1,25.04177,121.58735,16
500111070,20231103,233,18,2,1,25.04177,121.58735,16
500111070,20231103,235,18,2,1,25.04177,121.58735,16
500111070,20231103,236,18,2,1,25.04177,121.58735,16
500111070,20231103,237,18,2,1,25.04177,121.58735,16
500111070,20231103,238,18,2,1,25.04177,121.58735,16
500111070,20231103,239,18,2,1,25.04177,121.58735,16
500111070,20231103,241,18,2,1,25.04177,121.58735,16
500111070,20231103,242,18,2,1,25.04177,121.58735,16
500111070,20231103,243,18,2,1,25.04177,121.58735,16
500111070,20231103,244,18,2,1,25.04177,121.58735,16
500111070,20231103,245,18,2,1,25.04177,121.58735,16
500111070,20231103,246,18,2,1,25.04177,121.58735,16
500111070,20231103,247,18,2,1,25.04177,121.58735,16
500111070,20231103,248,18,2,1,25.04177,121.58735,16
500111070,20231103,249,18,2,1,25.04177,121.58735,16
500111070,20231103,251,18,2,1,25.04177,121.58735,16
500111070,20231103,252,18,2,1,25.04177,121.58735,16
500111070,20231103,253,18,2,1,25.04177,121.58735,16
500111070,20231103,254,18,2,1,25.04177,121.58735,16
500111070,20231103,255,18,2,1,25.04177,121.58735,16
500111070,20231103,256,18,2,1,25.04177,121.58735,16
500111070,20231103,257,18,3,1,25.04177,121.58735,15
500111070,20231103,258,18,3,1,25.04177,121.58735,15
500111070,20231103,259,18,3,1,25.04177,121.58735,15
500111070,20231103,261,18,3,1,25.04177,121.58735,15
500111070,20231103,262,18,3,1,25.04177,121.58735,15
500111070,20231103,263,18,3,1,25.04177,121.58735,15
500111070,20231103,264,18,3,1,25.04177,121.58735,15
500111070,20231103,265,18,3,1,25.04177,121.58735,15
500111070,20231103,266,18,3,1,25.04177,121.58735,15
500111070,20231103,267,18,3,1,25.04177,121.58735,15
500111070,20231103,268,18,3,1,25.04177,121.58735,15
500111070,20231103,269,18,3,1,25.04177,121.58735,15
500111070,20231103,270,18,3,1,25.04177,121.58735,15
500111070,20231103,272,18,3,1,25.04177,121.58735,15
500111070,20231103,273,18,3,1,25.04177,121.58735,15
500111070,20231103,274,18,3,1,25.04177,121.58735,15
500111070,20231103,275,18,3,1,25.04177,121.58735,15
500111070,20231103,276,18,3,1,25.04177,121.58735,15
500111070,20231103,277,18,3,1,25.04177,121.58735,15
500111070,20231103,278,18,3,1,25.04177,121.58735,15
500111070,20231103,279,18,3,1,25.04177,121.58735,15
500111070,20231103,281,18,3,1,25.04177,121.58735,15
500111070,20231103,282,18,3,1,25.04177,121.58735,15
500111070,20231103,283,18,3,1,25.04177,121.58735,15
500111070,20231103,284,18,3,1,25.04177,121.58735,15
500111070,20231103,285,18,3,1,25.04177,121.58735,15
500111070,20231103,286,18,3,1,25.04177,121.58735,15
500111070,20231103,287,18,3,1,25.04177,121.58735,15
500111070,20231103,288,18,3,1,25.04177,121.58735,15
500111070,20231103,289,18,3,1,25.04177,121.58735,15
500111070,20231103,291,18,3,1,25.04177,121.58735,15
500111070,20231103,292,18,3,1,25.04177,121.58735,15
500111070,20231103,293,18,3,1,25.04177,121.58735,15
500111070,20231103,294,18,3,1,25.04177,121.58735,15
500111070,20231103,295,18,3,1,25.04177,121.58735,15
500111070,20231103,296,18,3,1,25.04177,121.58735,15
500111070,20231103,297,18,3,1,25.04177,121.58735,15
500111070,20231103,298,18,3,1,25.04177,121.58735,15
500111070,20231103,299,18,3,1,25.04177,121.58735,15
500111070,20231103,301,18,3,1,25.04177,121.58735,15
500111070,20231103,302,18,3,1,25.04177,121.58735,15
500111070,20231103,303,18,3,1,25.04177,121.58735,15
500111070,20231103,304,18,3,1,25.04177,121.58735,15
500111070,20231103,305,18,3,1,25.04177,121.58735,15
500111070,20231103,306,18,3,1,25.04177,121.58735,15
500111070,20231103,307,18,3,1,25.04177,121.58735,15
500111070,20231103,308,18,3,1,25.04177,121.58735,15
500111070,20231103,309,18,3,1,25.04177,121.58735,15
500111070,20231103,311,18,3,1,25.04177,121.58735,15
500111070,20231103,312,18,3,1,25.04177,121.58735,15
500111070,20231103,313,18,3,1,25.04177,121.58735,15
500111070,20231103,314,18,3,1,25.04177,121.58735,15
500111070,20231103,315,18,3,1,25.04177,121.58735,15
500111070,20231103,316,18,3,1,25.04177,121.58735,15
500111070,20231103,317,18,3,1,25.04177,121.58735,15
500111070,20231103,318,18,3,1,25.04177,121.58735,15
500111070,20231103,319,18,3,1,25.04177,121.58735,15
500111070,20231103,321,18,3,1,25.04177,121.58735,15
500111070,20231103,322,18,3,1,25.04177,121.58735,15
500111070,20231103,323,18,3,1,25.04177,121.58735,15
500111070,20231103,324,18,3,1,25.04177,121.58735,15
500111070,20231103,325,18,3,1,25.04177,121.58735,15
500111070,20231103,326,18,3,1,25.04177,121.58735,15
500111070,20231103,327,18,3,1,25.04177,121.58735,15
500111070,20231103,328,18,3,1,25.04177,121.58735,15
500111070,20231103,329,18,3,1,25.04177,121.58735,15
500111070,20231103,331,18,3,1,25.04177,121.58735,15
500111070,20231103,332,18,3,1,25.04177,121.58735,15
500111070,20231103,333,18,3,1,25.04177,121.58735,15
500111070,20231103,334,18,3,1,25.04177,121.58735,15
500111070,20231103,335,18,3,1,25.04177,121.58735,15
500111070,20231103,336,18,3,1,25.04177,121.58735,15
500111070,20231103,337,18,3,1,25.04177,121.58735,15
500111070,20231103,338,18,3,1,25.04177,121.58735,15
500111070,20231103,339,18,3,1,25.04177,121.58735,15
500111070,20231103,341,18,3,1,25.04177,121.58735,15
500111070,20231103,342,18,3,1,25.04177,121.58735,15
500111070,20231103,343,18,3,1,25.04177,121.58735,15
500111070,20231103,344,18,4,1,25.04177,121.58735,14
500111070,20231103,345,18,4,1,25.04177,121.58735,14
500111070,20231103,346,18,4,1,25.04177,121.58735,14
500111070,20231103,347,18,4,1,25.04177,121.58735,14
500111070,20231103,348,18,4,1,25.04177,121.58735,14
500111070,20231103,349,18,4,1,25.04177,121.58735,14
500111070,20231103,351,18,4,1,25.04177,121.58735,14
500111070,20231103,352,18,4,1,25.04177,121.58735,14
500111070,20231103,353,18,4,1,25.04177,121.58735,14
500111070,20231103,354,18,4,1,25.04177,121.58735,14
500111070,20231103,355,18,4,1,25.04177,121.58735,14
500111070,20231103,356,18,5,1,25.04177,121.58735,13
500111070,20231103,357,18,6,1,25.04177,121.58735,12
500111070,20231103,358,18,6,1,25.04177,121.58735,12
500111070,20231103,359,18,6,1,25.04177,121.58735,12
500111070,20231103,361,18,6,1,25.04177,121.58735,12
500111070,20231103,362,18,6,1,25.04177,121.58735,12
500111070,20231103,363,18,6,1,25.04177,121.58735,12
500111070,20231103,364,18,6,1,25.04177,121.58735,12
500111070,20231103,365,18,6,1,25.04177,121.58735,12
500111070,20231103,366,18,6,1,25.04177,121.58735,12
500111070,20231103,367,18,6,1,25.04177,121.58735,12
500111070,20231103,368,18,6,1,25.04177,121.58735,12
500111070,20231103,369,18,7,1,25.04177,121.58735,11
500111070,20231103,370,18,7,1,25.04177,121.58735,11
500111070,20231103,371,18,7,1,25.04177,121.58735,11
500111070,20231103,372,18,7,1,25.04177,121.58735,11
500111070,20231103,373,18,7,1,25.04177,121.58735,11
500111070,20231103,374,18,7,1,25.04177,121.58735,11
500111070,20231103,375,18,7,1,25.04177,121.58735,11
500111070,20231103,376,18,6,1,25.04177,121.58735,12
500111070,20231103,377,18,6,1,25.04177,121.58735,12
500111070,20231103,378,18,6,1,25.04177,121.58735,12
500111070,20231103,379,18,6,1,25.04177,121.58735,12
500111070,20231103,381,18,6,1,25.04177,121.58735,12
500111070,20231103,382,18,6,1,25.04177,121.58735,12
500111070,20231103,383,18,6,1,25.04177,121.58735,12
500111070,20231103,384,18,6,1,25.04177,121.58735,12
500111070,20231103,385,18,6,1,25.04177,121.58735,12
500111070,20231103,386,18,6,1,25.04177,121.58735,12
500111070,20231103,387,18,6,1,25.04177,121.58735,12
500111070,20231103,388,18,7,1,25.04177,121.58735,11
500111070,20231103,389,18,7,1,25.04177,121.58735,11
500111070,20231103,390,18,7,1,25.04177,121.58735,11
500111070,20231103,391,18,7,1,25.04177,121.58735,11
500111070,20231103,392,18,6,1,25.04177,121.58735,12
500111070,20231103,393,18,6,1,25.04177,121.58735,12
500111070,20231103,394,18,6,1,25.04177,121.58735,12
500111070,20231103,395,18,6,1,25.04177,121.58735,12
500111070,20231103,396,18,6,1,25.04177,121.58735,12
500111070,20231103,397,18,6,1,25.04177,121.58735,12
500111070,20231103,398,18,6,1,25.04177,121.58735,12
500111070,20231103,399,18,6,1,25.04177,121.58735,12
500111070,20231103,400,18,6,1,25.04177,121.58735,12
500111070,20231103,401,18,6,1,25.04177,121.58735,12
500111070,20231103,402,18,6,1,25.04177,121.58735,12
500111070,20231103,403,18,6,1,25.04177,121.58735,12
500111070,20231103,404,18,6,1,25.04177,121.58735,12
500111070,20231103,405,18,6,1,25.04177,121.58735,12
500111070,20231103,406,18,7,1,25.04177,121.58735,11
500111070,20231103,407,18,7,1,25.04177,121.58735,11
500111070,20231103,408,18,7,1,25.04177,121.58735,11
500111070,20231103,409,18,7,1,25.04177,121.58735,11
500111070,20231103,410,18,7,1,25.04177,121.58735,11
500111070,20231103,411,18,7,1,25.04177,121.58735,11
500111070,20231103,412,18,7,1,25.04177,121.58735,11
500111070,20231103,413,18,7,1,25.04177,121.58735,11
500111070,20231103,414,18,7,1,25.04177,121.58735,11
500111070,20231103,415,18,7,1,25.04177,121.58735,11
500111070,20231103,416,18,8,1,25.04177,121.58735,10
500111070,20231103,417,18,8,1,25.04177,121.58735,10
500111070,20231103,418,18,9,1,25.04177,121.58735,9
500111070,20231103,419,18,9,1,25.04177,121.58735,9
500111070,20231103,421,18,9,1,25.04177,121.58735,9
500111070,20231103,422,18,9,1,25.04177,121.58735,9
500111070,20231103,423,18,9,1,25.04177,121.58735,9
500111070,20231103,424,18,9,1,25.04177,121.58735,9
500111070,20231103,425,18,9,1,25.04177,121.58735,9
500111070,20231103,426,18,9,1,25.04177,121.58735,9
500111070,20231103,427,18,9,1,25.04177,121.58735,9
500111070,20231103,428,18,9,1,25.04177,121.58735,9
500111070,20231103,429,18,10,1,25.04177,121.58735,8
500111070,20231103,430,18,10,1,25.04177,121.58735,8
500111070,20231103,431,18,10,1,25.04177,121.58735,8
500111070,20231103,432,18,10,1,25.04177,121.58735,8
500111070,20231103,433,18,10,1,25.04177,121.58735,8
500111070,20231103,434,18,10,1,25.04177,121.58735,8
500111070,20231103,435,18,10,1,25.04177,121.58735,8
500111070,20231103,436,18,10,1,25.04177,121.58735,8
500111070,20231103,437,18,10,1,25.04177,121.58735,8
500111070,20231103,438,18,10,1,25.04177,121.58735,8
500111070,20231103,439,18,11,1,25.04177,121.58735,7
500111070,20231103,441,18,12,1,25.04177,121.58735,6
500111070,20231103,442,18,12,1,25.04177,121.58735,6
500111070,20231103,443,18,12,1,25.04177,121.58735,6
500111070,20231103,444,18,12,1,25.04177,121.58735,6
500111070,20231103,445,18,12,1,25.04177,121.58735,6
500111070,20231103,446,18,11,1,25.04177,121.58735,7
500111070,20231103,447,18,11,1,25.04177,121.58735,7
500111070,20231103,448,18,11,1,25.04177,121.58735,7
500111070,20231103,449,18,11,1,25.04177,121.58735,7
500111070,20231103,451,18,11,1,25.04177,121.58735,7
500111070,20231103,452,18,13,1,25.04177,121.58735,5
500111070,20231103,453,18,13,1,25.04177,121.58735,5
500111070,20231103,454,18,14,1,25.04177,121.58735,4
500111070,20231103,455,18,15,1,25.04177,121.58735,3
500111070,20231103,456,18,15,1,25.04177,121.58735,3
500111070,20231103,457,18,15,1,25.04177,121.58735,3
500111070,20231103,458,18,16,1,25.04177,121.58735,2
500111070,20231103,459,18,16,1,25.04177,121.58735,2
500111070,20231103,460,18,17,1,25.04177,121.58735,1
500111070,20231103,461,18,17,1,25.04177,121.58735,1
500111070,20231103,462,18,17,1,25.04177,121.58735,1
500111070,20231103,463,18,17,1,25.04177,121.58735,1
500111070,20231103,464,18,17,1,25.04177,121.58735,1
500111070,20231103,465,18,17,1,25.04177,121.58735,1
500111070,20231103,466,18,17,1,25.04177,121.58735,1
500111070,20231103,467,18,17,1,25.04177,121.58735,1
500111070,20231103,468,18,17,1,25.04177,121.58735,1
500111070,20231103,469,18,17,1,25.04177,121.58735,1
500111070,20231103,470,18,17,1,25.04177,121.58735,1
500111070,20231103,471,18,17,1,25.04177,121.58735,1
500111070,20231103,472,18,17,1,25.04177,121.58735,1
500111070,20231103,473,18,17,1,25.04177,121.58735,1
500111070,20231103,474,18,17,1,25.04177,121.58735,1
500111070,20231103,475,18,17,1,25.04177,121.58735,1
500111070,20231103,476,18,17,1,25.04177,121.58735,1
500111070,20231103,477,18,17,1,25.04177,121.58735,1
500111070,20231103,478,18,17,1,25.04177,121.58735,1
500111070,20231103,479,18,17,1,25.04177,121.58735,1
500111070,20231103,481,18,17,1,25.04177,121.58735,1
500111070,20231103,482,18,17,1,25.04177,121.58735,1
500111070,20231103,483,18,17,1,25.04177,121.58735,1
500111070,20231103,484,18,16,1,25.04177,121.58735,2
500111070,20231103,485,18,16,1,25.04177,121.58735,2
500111070,20231103,486,18,16,1,25.04177,121.58735,2
500111070,20231103,487,18,16,1,25.04177,121.58735,2
500111070,20231103,488,18,17,1,25.04177,121.58735,1
500111070,20231103,489,18,16,1,25.04177,121.58735,2
500111070,20231103,490,18,16,1,25.04177,121.58735,2
500111070,20231103,491,18,16,1,25.04177,121.58735,2
500111070,20231103,492,18,16,1,25.04177,121.58735,2
500111070,20231103,493,18,17,1,25.04177,121.58735,1
500111070,20231103,494,18,17,1,25.04177,121.58735,1
500111070,20231103,495,18,17,1,25.04177,121.58735,1
500111070,20231103,496,18,17,1,25.04177,121.58735,1
500111070,20231103,497,18,17,1,25.04177,121.58735,1
500111070,20231103,498,18,17,1,25.04177,121.58735,1
500111070,20231103,499,18,17,1,25.04177,121.58735,1
500111070,20231103,501,18,18,1,25.04177,121.58735,0
500111070,20231103,502,18,16,1,25.04177,121.58735,2
500111070,20231103,503,18,12,1,25.04177,121.58735,6
500111070,20231103,504,18,10,1,25.04177,121.58735,8
500111070,20231103,505,18,6,1,25.04177,121.58735,12
500111070,20231103,506,18,4,1,25.04177,121.58735,14
500111070,20231103,507,18,3,1,25.04177,121.58735,15
500111070,20231103,508,18,2,1,25.04177,121.58735,16
500111070,20231103,509,18,3,1,25.04177,121.58735,15
500111070,20231103,511,18,4,1,25.04177,121.58735,14
500111070,20231103,512,18,4,1,25.04177,121.58735,14
500111070,20231103,513,18,4,1,25.04177,121.58735,14
500111070,20231103,514,18,4,1,25.04177,121.58735,14
500111070,20231103,515,18,5,1,25.04177,121.58735,13
500111070,20231103,516,18,6,1,25.04177,121.58735,12
500111070,20231103,517,18,6,1,25.04177,121.58735,12
500111070,20231103,518,18,6,1,25.04177,121.58735,12
500111070,20231103,519,18,6,1,25.04177,121.58735,12
500111070,20231103,520,18,7,1,25.04177,121.58735,11
500111070,20231103,521,18,7,1,25.04177,121.58735,11
500111070,20231103,522,18,5,1,25.04177,121.58735,13
500111070,20231103,523,18,4,1,25.04177,121.58735,14
500111070,20231103,524,18,1,1,25.04177,121.58735,17
500111070,20231103,525,18,1,1,25.04177,121.58735,17
500111070,20231103,526,18,1,1,25.04177,121.58735,17
500111070,20231103,527,18,2,1,25.04177,121.58735,16
500111070,20231103,528,18,2,1,25.04177,121.58735,16
500111070,20231103,529,18,2,1,25.04177,121.58735,16
500111070,20231103,530,18,2,1,25.04177,121.58735,16
500111070,20231103,531,18,2,1,25.04177,121.58735,16
500111070,20231103,532,18,2,1,25.04177,121.58735,16
500111070,20231103,533,18,2,1,25.04177,121.58735,16
500111070,20231103,534,18,2,1,25.04177,121.58735,16
500111070,20231103,535,18,2,1,25.04177,121.58735,16
500111070,20231103,536,18,0,1,25.04177,121.58735,18
500111070,20231103,537,18,0,1,25.04177,121.58735,18
500111070,20231103,538,18,0,1,25.04177,121.58735,18
500111070,20231103,539,18,0,1,25.04177,121.58735,18
500111070,20231103,541,18,0,1,25.04177,121.58735,18
500111070,20231103,542,18,0,1,25.04177,121.58735,18
500111070,20231103,543,18,0,1,25.04177,121.58735,18
500111070,20231103,544,18,0,1,25.04177,121.58735,18
500111070,20231103,545,18,0,1,25.04177,121.58735,18
500111070,20231103,546,18,0,1,25.04177,121.58735,18
500111070,20231103,547,18,0,1,25.04177,121.58735,18
500111070,20231103,548,18,0,1,25.04177,121.58735,18
500111070,20231103,549,18,0,1,25.04177,121.58735,18
500111070,20231103,550,18,0,1,25.04177,121.58735,18
500111070,20231103,551,18,0,1,25.04177,121.58735,18
500111070,20231103,552,18,0,1,25.04177,121.58735,18
500111070,20231103,553,18,0,1,25.04177,121.58735,18
500111070,20231103,554,18,1,1,25.04177,121.58735,17
500111070,20231103,555,18,1,1,25.04177,121.58735,17
500111070,20231103,556,18,1,1,25.04177,121.58735,17
500111070,20231103,557,18,2,1,25.04177,121.58735,16
500111070,20231103,558,18,2,1,25.04177,121.58735,16
500111070,20231103,559,18,3,1,25.04177,121.58735,15
500111070,20231103,561,18,5,1,25.04177,121.58735,13
500111070,20231103,562,18,5,1,25.04177,121.58735,13
500111070,20231103,563,18,6,1,25.04177,121.58735,12
500111070,20231103,564,18,6,1,25.04177,121.58735,12
500111070,20231103,565,18,6,1,25.04177,121.58735,12
500111070,20231103,566,18,6,1,25.04177,121.58735,12
500111070,20231103,567,18,6,1,25.04177,121.58735,12
500111070,20231103,568,18,6,1,25.04177,121.58735,12
500111070,20231103,569,18,6,1,25.04177,121.58735,12
500111070,20231103,571,18,6,1,25.04177,121.58735,12
500111070,20231103,572,18,7,1,25.04177,121.58735,11
500111070,20231103,573,18,7,1,25.04177,121.58735,11
500111070,20231103,574,18,7,1,25.04177,121.58735,11
500111070,20231103,575,18,7,1,25.04177,121.58735,11
500111070,20231103,576,18,7,1,25.04177,121.58735,11
500111070,20231103,577,18,7,1,25.04177,121.58735,11
500111070,20231103,578,18,6,1,25.04177,121.58735,12
500111070,20231103,579,18,6,1,25.04177,121.58735,12
500111070,20231103,580,18,5,1,25.04177,121.58735,13
500111070,20231103,581,18,6,1,25.04177,121.58735,12
500111070,20231103,582,18,6,1,25.04177,121.58735,12
500111070,20231103,583,18,6,1,25.04177,121.58735,12
500111070,20231103,584,18,8,1,25.04177,121.58735,10
500111070,20231103,585,18,8,1,25.04177,121.58735,10
500111070,20231103,586,18,8,1,25.04177,121.58735,10
500111070,20231103,587,18,8,1,25.04177,121.58735,10
500111070,20231103,588,18,8,1,25.04177,121.58735,10
500111070,20231103,589,18,8,1,25.04177,121.58735,10
500111070,20231103,590,18,8,1,25.04177,121.58735,10
500111070,20231103,591,18,8,1,25.04177,121.58735,10
500111070,20231103,592,18,8,1,25.04177,121.58735,10
500111070,20231103,593,18,9,1,25.04177,121.58735,9
500111070,20231103,594,18,9,1,25.04177,121.58735,9
500111070,20231103,595,18,9,1,25.04177,121.58735,9
500111070,20231103,596,18,9,1,25.04177,121.58735,9
500111070,20231103,597,18,9,1,25.04177,121.58735,9
500111070,20231103,598,18,9,1,25.04177,121.58735,9
500111070,20231103,599,18,9,1,25.04177,121.58735,9
500111070,20231103,601,18,9,1,25.04177,121.58735,9
500111070,20231103,602,18,9,1,25.04177,121.58735,9
500111070,20231103,603,18,9,1,25.04177,121.58735,9
500111070,20231103,604,18,9,1,25.04177,121.58735,9
500111070,20231103,605,18,9,1,25.04177,121.58735,9
500111070,20231103,606,18,9,1,25.04177,121.58735,9
500111070,20231103,607,18,9,1,25.04177,121.58735,9
500111070,20231103,608,18,9,1,25.04177,121.58735,9
500111070,20231103,609,18,9,1,25.04177,121.58735,9
500111070,20231103,610,18,12,1,25.04177,121.58735,6
500111070,20231103,611,18,13,1,25.04177,121.58735,5
500111070,20231103,612,18,13,1,25.04177,121.58735,5
500111070,20231103,613,18,13,1,25.04177,121.58735,5
500111070,20231103,614,18,13,1,25.04177,121.58735,5
500111070,20231103,615,18,13,1,25.04177,121.58735,5
500111070,20231103,616,18,13,1,25.04177,121.58735,5
500111070,20231103,617,18,13,1,25.04177,121.58735,5
500111070,20231103,618,18,14,1,25.04177,121.58735,4
500111070,20231103,619,18,14,1,25.04177,121.58735,4
500111070,20231103,621,18,15,1,25.04177,121.58735,3
500111070,20231103,622,18,15,1,25.04177,121.58735,3
500111070,20231103,623,18,15,1,25.04177,121.58735,3
500111070,20231103,624,18,15,1,25.04177,121.58735,3
500111070,20231103,625,18,15,1,25.04177,121.58735,3
500111070,20231103,626,18,15,1,25.04177,121.58735,3
500111070,20231103,627,18,15,1,25.04177,121.58735,3
500111070,20231103,628,18,15,1,25.04177,121.58735,3
500111070,20231103,629,18,15,1,25.04177,121.58735,3
500111070,20231103,631,18,15,1,25.04177,121.58735,3
500111070,20231103,632,18,17,1,25.04177,121.58735,1
500111070,20231103,633,18,17,1,25.04177,121.58735,1
500111070,20231103,634,18,17,1,25.04177,121.58735,1
500111070,20231103,635,18,16,1,25.04177,121.58735,2
500111070,20231103,636,18,16,1,25.04177,121.58735,2
500111070,20231103,637,18,16,1,25.04177,121.58735,2
500111070,20231103,638,18,16,1,25.04177,121.58735,2
500111070,20231103,639,18,16,1,25.04177,121.58735,2
500111070,20231103,640,18,16,1,25.04177,121.58735,2
500111070,20231103,641,18,16,1,25.04177,121.58735,2
500111070,20231103,642,18,16,1,25.04177,121.58735,2
500111070,20231103,644,18,17,1,25.04177,121.58735,1
500111070,20231103,646,18,17,1,25.04177,121.58735,1
500111070,20231103,647,18,18,1,25.04177,121.58735,0
500111070,20231103,648,18,18,1,25.04177,121.58735,0
500111070,20231103,649,18,17,1,25.04177,121.58735,1
500111070,20231103,650,18,17,1,25.04177,121.58735,1
500111070,20231103,651,18,17,1,25.04177,121.58735,1
500111070,20231103,652,18,17,1,25.04177,121.58735,1
500111070,20231103,653,18,17,1,25.04177,121.58735,1
500111070,20231103,654,18,18,1,25.04177,121.58735,0
500111070,20231103,655,18,18,1,25.04177,121.58735,0
500111070,20231103,656,18,18,1,25.04177,121.58735,0
500111070,20231103,657,18,18,1,25.04177,121.58735,0
500111070,20231103,658,18,18,1,25.04177,121.58735,0
500111070,20231103,659,18,18,1,25.04177,121.58735,0
500111070,20231103,661,18,18,1,25.04177,121.58735,0
500111070,20231103,662,18,18,1,25.04177,121.58735,0
500111070,20231103,663,18,18,1,25.04177,121.58735,0
500111070,20231103,664,18,18,1,25.04177,121.58735,0
500111070,20231103,665,18,18,1,25.04177,121.58735,0
500111070,20231103,666,18,18,1,25.04177,121.58735,0
500111070,20231103,667,18,18,1,25.04177,121.58735,0
500111070,20231103,668,18,18,1,25.04177,121.58735,0
500111070,20231103,669,18,18,1,25.04177,121.58735,0
500111070,20231103,670,18,18,1,25.04177,121.58735,0
500111070,20231103,671,18,18,1,25.04177,121.58735,0
500111070,20231103,672,18,18,1,25.04177,121.58735,0
500111070,20231103,673,18,18,1,25.04177,121.58735,0
500111070,20231103,674,18,18,1,25.04177,121.58735,0
500111070,20231103,675,18,18,1,25.04177,121.58735,0
500111070,20231103,676,18,18,1,25.04177,121.58735,0
500111070,20231103,677,18,18,1,25.04177,121.58735,0
500111070,20231103,678,18,18,1,25.04177,121.58735,0
500111070,20231103,679,18,18,1,25.04177,121.58735,0
500111070,20231103,681,18,18,1,25.04177,121.58735,0
500111070,20231103,682,18,18,1,25.04177,121.58735,0
500111070,20231103,683,18,18,1,25.04177,121.58735,0
500111070,20231103,684,18,18,1,25.04177,121.58735,0
500111070,20231103,685,18,18,1,25.04177,121.58735,0
500111070,20231103,686,18,18,1,25.04177,121.58735,0
500111070,20231103,687,18,17,1,25.04177,121.58735,1
500111070,20231103,688,18,18,1,25.04177,121.58735,0
500111070,20231103,689,18,18,1,25.04177,121.58735,0
500111070,20231103,690,18,18,1,25.04177,121.58735,0
500111070,20231103,691,18,18,1,25.04177,121.58735,0
500111070,20231103,692,18,18,1,25.04177,121.58735,0
500111070,20231103,693,18,18,1,25.04177,121.58735,0
500111070,20231103,694,18,18,1,25.04177,121.58735,0
500111070,20231103,695,18,18,1,25.04177,121.58735,0
500111070,20231103,696,18,18,1,25.04177,121.58735,0
500111070,20231103,697,18,18,1,25.04177,121.58735,0
500111070,20231103,698,18,18,1,25.04177,121.58735,0
500111070,20231103,699,18,18,1,25.04177,121.58735,0
500111070,20231103,700,18,18,1,25.04177,121.58735,0
500111070,20231103,701,18,18,1,25.04177,121.58735,0
500111070,20231103,702,18,18,1,25.04177,121.58735,0
500111070,20231103,703,18,18,1,25.04177,121.58735,0
500111070,20231103,704,18,18,1,25.04177,121.58735,0
500111070,20231103,705,18,18,1,25.04177,121.58735,0
500111070,20231103,706,18,18,1,25.04177,121.58735,0
500111070,20231103,707,18,18,1,25.04177,121.58735,0
500111070,20231103,708,18,18,1,25.04177,121.58735,0
500111070,20231103,709,18,18,1,25.04177,121.58735,0
500111070,20231103,710,18,17,1,25.04177,121.58735,1
500111070,20231103,711,18,17,1,25.04177,121.58735,1
500111070,20231103,712,18,17,1,25.04177,121.58735,1
500111070,20231103,713,18,17,1,25.04177,121.58735,1
500111070,20231103,714,18,17,1,25.04177,121.58735,1
500111070,20231103,715,18,17,1,25.04177,121.58735,1
500111070,20231103,716,18,17,1,25.04177,121.58735,1
500111070,20231103,717,18,17,1,25.04177,121.58735,1
500111070,20231103,718,18,18,1,25.04177,121.58735,0
500111070,20231103,719,18,18,1,25.04177,121.58735,0
500111070,20231103,721,18,18,1,25.04177,121.58735,0
500111070,20231103,722,18,18,1,25.04177,121.58735,0
500111070,20231103,723,18,18,1,25.04177,121.58735,0
500111070,20231103,724,18,18,1,25.04177,121.58735,0
500111070,20231103,725,18,18,1,25.04177,121.58735,0
500111070,20231103,726,18,18,1,25.04177,121.58735,0
500111070,20231103,727,18,18,1,25.04177,121.58735,0
500111070,20231103,728,18,18,1,25.04177,121.58735,0
500111070,20231103,729,18,18,1,25.04177,121.58735,0
500111070,20231103,730,18,18,1,25.04177,121.58735,0
500111070,20231103,731,18,18,1,25.04177,121.58735,0
500111070,20231103,732,18,18,1,25.04177,121.58735,0
500111070,20231103,733,18,18,1,25.04177,121.58735,0
500111070,20231103,734,18,18,1,25.04177,121.58735,0
500111070,20231103,735,18,18,1,25.04177,121.58735,0
500111070,20231103,736,18,18,1,25.04177,121.58735,0
500111070,20231103,737,18,18,1,25.04177,121.58735,0
500111070,20231103,738,18,18,1,25.04177,121.58735,0
500111070,20231103,739,18,18,1,25.04177,121.58735,0
500111070,20231103,741,18,18,1,25.04177,121.58735,0
500111070,20231103,742,18,18,1,25.04177,121.58735,0
500111070,20231103,743,18,18,1,25.04177,121.58735,0
500111070,20231103,744,18,18,1,25.04177,121.58735,0
500111070,20231103,745,18,18,1,25.04177,121.58735,0
500111070,20231103,746,18,18,1,25.04177,121.58735,0
500111070,20231103,747,18,17,1,25.04177,121.58735,1
500111070,20231103,748,18,18,1,25.04177,121.58735,0
500111070,20231103,749,18,18,1,25.04177,121.58735,0
500111070,20231103,751,18,18,1,25.04177,121.58735,0
500111070,20231103,752,18,18,1,25.04177,121.58735,0
500111070,20231103,753,18,18,1,25.04177,121.58735,0
500111070,20231103,754,18,18,1,25.04177,121.58735,0
500111070,20231103,755,18,18,1,25.04177,121.58735,0
500111070,20231103,756,18,18,1,25.04177,121.58735,0
500111070,20231103,757,18,18,1,25.04177,121.58735,0
500111070,20231103,758,18,18,1,25.04177,121.58735,0
500111070,20231103,759,18,18,1,25.04177,121.58735,0
500111070,20231103,760,18,18,1,25.04177,121.58735,0
500111070,20231103,761,18,18,1,25.04177,121.58735,0
500111070,20231103,762,18,18,1,25.04177,121.58735,0
500111070,20231103,763,18,18,1,25.04177,121.58735,0
500111070,20231103,764,18,18,1,25.04177,121.58735,0
500111070,20231103,765,18,18,1,25.04177,121.58735,0
500111070,20231103,766,18,18,1,25.04177,121.58735,0
500111070,20231103,767,18,18,1,25.04177,121.58735,0
500111070,20231103,768,18,18,1,25.04177,121.58735,0
500111070,20231103,769,18,18,1,25.04177,121.58735,0
500111070,20231103,770,18,18,1,25.04177,121.58735,0
500111070,20231103,771,18,18,1,25.04177,121.58735,0
500111070,20231103,772,18,18,1,25.04177,121.58735,0
500111070,20231103,773,18,18,1,25.04177,121.58735,0
500111070,20231103,774,18,18,1,25.04177,121.58735,0
500111070,20231103,775,18,18,1,25.04177,121.58735,0
500111070,20231103,776,18,18,1,25.04177,121.58735,0
500111070,20231103,777,18,18,1,25.04177,121.58735,0
500111070,20231103,778,18,18,1,25.04177,121.58735,0
500111070,20231103,779,18,18,1,25.04177,121.58735,0
500111070,20231103,781,18,18,1,25.04177,121.58735,0
500111070,20231103,782,18,18,1,25.04177,121.58735,0
500111070,20231103,783,18,18,1,25.04177,121.58735,0
500111070,20231103,784,18,18,1,25.04177,121.58735,0
500111070,20231103,785,18,18,1,25.04177,121.58735,0
500111070,20231103,786,18,18,1,25.04177,121.58735,0
500111070,20231103,787,18,18,1,25.04177,121.58735,0
500111070,20231103,788,18,18,1,25.04177,121.58735,0
500111070,20231103,789,18,18,1,25.04177,121.58735,0
500111070,20231103,790,18,18,1,25.04177,121.58735,0
500111070,20231103,791,18,18,1,25.04177,121.58735,0
500111070,20231103,792,18,18,1,25.04177,121.58735,0
500111070,20231103,793,18,18,1,25.04177,121.58735,0
500111070,20231103,794,18,18,1,25.04177,121.58735,0
500111070,20231103,795,18,18,1,25.04177,121.58735,0
500111070,20231103,796,18,18,1,25.04177,121.58735,0
500111070,20231103,797,18,18,1,25.04177,121.58735,0
500111070,20231103,798,18,18,1,25.04177,121.58735,0
500111070,20231103,799,18,18,1,25.04177,121.58735,0
500111070,20231103,801,18,18,1,25.04177,121.58735,0
500111070,20231103,802,18,18,1,25.04177,121.58735,0
500111070,20231103,803,18,18,1,25.04177,121.58735,0
500111070,20231103,804,18,18,1,25.04177,121.58735,0
500111070,20231103,805,18,18,1,25.04177,121.58735,0
500111070,20231103,806,18,18,1,25.04177,121.58735,0
500111070,20231103,807,18,18,1,25.04177,121.58735,0
500111070,20231103,808,18,18,1,25.04177,121.58735,0
500111070,20231103,809,18,18,1,25.04177,121.58735,0
500111070,20231103,811,18,18,1,25.04177,121.58735,0
500111070,20231103,812,18,18,1,25.04177,121.58735,0
500111070,20231103,813,18,18,1,25.04177,121.58735,0
500111070,20231103,814,18,18,1,25.04177,121.58735,0
500111070,20231103,815,18,18,1,25.04177,121.58735,0
500111070,20231103,816,18,18,1,25.04177,121.58735,0
500111070,20231103,817,18,18,1,25.04177,121.58735,0
500111070,20231103,818,18,18,1,25.04177,121.58735,0
500111070,20231103,819,18,18,1,25.04177,121.58735,0
500111070,20231103,820,18,17,1,25.04177,121.58735,1
500111070,20231103,821,18,17,1,25.04177,121.58735,1
500111070,20231103,822,18,17,1,25.04177,121.58735,1
500111070,20231103,823,18,17,1,25.04177,121.58735,1
500111070,20231103,824,18,17,1,25.04177,121.58735,1
500111070,20231103,825,18,17,1,25.04177,121.58735,1
500111070,20231103,826,18,17,1,25.04177,121.58735,1
500111070,20231103,827,18,17,1,25.04177,121.58735,1
500111070,20231103,828,18,17,1,25.04177,121.58735,1
500111070,20231103,829,18,17,1,25.04177,121.58735,1
500111070,20231103,830,18,17,1,25.04177,121.58735,1
500111070,20231103,831,18,17,1,25.04177,121.58735,1
500111070,20231103,832,18,17,1,25.04177,121.58735,1
500111070,20231103,833,18,17,1,25.04177,121.58735,1
500111070,20231103,834,18,17,1,25.04177,121.58735,1
500111070,20231103,835,18,17,1,25.04177,121.58735,1
500111070,20231103,836,18,17,1,25.04177,121.58735,1
500111070,20231103,837,18,17,1,25.04177,121.58735,1
500111070,20231103,838,18,17,1,25.04177,121.58735,1
500111070,20231103,839,18,17,1,25.04177,121.58735,1
500111070,20231103,841,18,16,1,25.04177,121.58735,2
500111070,20231103,842,18,16,1,25.04177,121.58735,2
500111070,20231103,843,18,16,1,25.04177,121.58735,2
500111070,20231103,844,18,16,1,25.04177,121.58735,2
500111070,20231103,845,18,16,1,25.04177,121.58735,2
500111070,20231103,846,18,16,1,25.04177,121.58735,2
500111070,20231103,847,18,16,1,25.04177,121.58735,2
500111070,20231103,848,18,16,1,25.04177,121.58735,2
500111070,20231103,849,18,16,1,25.04177,121.58735,2
500111070,20231103,850,18,17,1,25.04177,121.58735,1
500111070,20231103,851,18,17,1,25.04177,121.58735,1
500111070,20231103,852,18,17,1,25.04177,121.58735,1
500111070,20231103,853,18,17,1,25.04177,121.58735,1
500111070,20231103,854,18,17,1,25.04177,121.58735,1
500111070,20231103,855,18,17,1,25.04177,121.58735,1
500111070,20231103,856,18,17,1,25.04177,121.58735,1
500111070,20231103,857,18,17,1,25.04177,121.58735,1
500111070,20231103,858,18,17,1,25.04177,121.58735,1
500111070,20231103,859,18,18,1,25.04177,121.58735,0
500111070,20231103,861,18,18,1,25.04177,121.58735,0
500111070,20231103,862,18,18,1,25.04177,121.58735,0
500111070,20231103,863,18,17,1,25.04177,121.58735,1
500111070,20231103,864,18,17,1,25.04177,121.58735,1
500111070,20231103,865,18,17,1,25.04177,121.58735,1
500111070,20231103,866,18,17,1,25.04177,121.58735,1
500111070,20231103,867,18,17,1,25.04177,121.58735,1
500111070,20231103,868,18,16,1,25.04177,121.58735,2
500111070,20231103,869,18,15,1,25.04177,121.58735,3
500111070,20231103,871,18,15,1,25.04177,121.58735,3
500111070,20231103,872,18,16,1,25.04177,121.58735,2
500111070,20231103,873,18,16,1,25.04177,121.58735,2
500111070,20231103,874,18,16,1,25.04177,121.58735,2
500111070,20231103,875,18,16,1,25.04177,121.58735,2
500111070,20231103,876,18,16,1,25.04177,121.58735,2
500111070,20231103,877,18,16,1,25.04177,121.58735,2
500111070,20231103,878,18,16,1,25.04177,121.58735,2
500111070,20231103,879,18,16,1,25.04177,121.58735,2
500111070,20231103,880,18,16,1,25.04177,121.58735,2
500111070,20231103,881,18,16,1,25.04177,121.58735,2
500111070,20231103,882,18,16,1,25.04177,121.58735,2
500111070,20231103,883,18,16,1,25.04177,121.58735,2
500111070,20231103,884,18,17,1,25.04177,121.58735,1
500111070,20231103,885,18,17,1,25.04177,121.58735,1
500111070,20231103,886,18,17,1,25.04177,121.58735,1
500111070,20231103,887,18,17,1,25.04177,121.58735,1
500111070,20231103,888,18,17,1,25.04177,121.58735,1
500111070,20231103,889,18,17,1,25.04177,121.58735,1
500111070,20231103,890,18,17,1,25.04177,121.58735,1
500111070,20231103,891,18,17,1,25.04177,121.58735,1
500111070,20231103,892,18,17,1,25.04177,121.58735,1
500111070,20231103,893,18,17,1,25.04177,121.58735,1
500111070,20231103,894,18,17,1,25.04177,121.58735,1
500111070,20231103,895,18,17,1,25.04177,121.58735,1
500111070,20231103,896,18,17,1,25.04177,121.58735,1
500111070,20231103,897,18,17,1,25.04177,121.58735,1
500111070,20231103,898,18,17,1,25.04177,121.58735,1
500111070,20231103,899,18,17,1,25.04177,121.58735,1
500111070,20231103,901,18,18,1,25.04177,121.58735,0
500111070,20231103,902,18,18,1,25.04177,121.58735,0
500111070,20231103,903,18,18,1,25.04177,121.58735,0
500111070,20231103,904,18,18,1,25.04177,121.58735,0
500111070,20231103,905,18,18,1,25.04177,121.58735,0
500111070,20231103,906,18,18,1,25.04177,121.58735,0
500111070,20231103,907,18,18,1,25.04177,121.58735,0
500111070,20231103,908,18,18,1,25.04177,121.58735,0
500111070,20231103,909,18,18,1,25.04177,121.58735,0
500111070,20231103,910,18,18,1,25.04177,121.58735,0
500111070,20231103,911,18,18,1,25.04177,121.58735,0
500111070,20231103,912,18,18,1,25.04177,121.58735,0
500111070,20231103,913,18,18,1,25.04177,121.58735,0
500111070,20231103,914,18,18,1,25.04177,121.58735,0
500111070,20231103,916,18,18,1,25.04177,121.58735,0
500111070,20231103,917,18,18,1,25.04177,121.58735,0
500111070,20231103,918,18,18,1,25.04177,121.58735,0
500111070,20231103,919,18,18,1,25.04177,121.58735,0
500111070,20231103,921,18,18,1,25.04177,121.58735,0
500111070,20231103,922,18,18,1,25.04177,121.58735,0
500111070,20231103,923,18,18,1,25.04177,121.58735,0
500111070,20231103,924,18,18,1,25.04177,121.58735,0
500111070,20231103,925,18,18,1,25.04177,121.58735,0
500111070,20231103,926,18,18,1,25.04177,121.58735,0
500111070,20231103,927,18,18,1,25.04177,121.58735,0
500111070,20231103,928,18,18,1,25.04177,121.58735,0
500111070,20231103,929,18,18,1,25.04177,121.58735,0
500111070,20231103,931,18,18,1,25.04177,121.58735,0
500111070,20231103,932,18,18,1,25.04177,121.58735,0
500111070,20231103,933,18,18,1,25.04177,121.58735,0
500111070,20231103,934,18,18,1,25.04177,121.58735,0
500111070,20231103,935,18,18,1,25.04177,121.58735,0
500111070,20231103,936,18,18,1,25.04177,121.58735,0
500111070,20231103,937,18,18,1,25.04177,121.58735,0
500111070,20231103,938,18,18,1,25.04177,121.58735,0
500111070,20231103,939,18,18,1,25.04177,121.58735,0
500111070,20231103,940,18,18,1,25.04177,121.58735,0
500111070,20231103,941,18,18,1,25.04177,121.58735,0
500111070,20231103,942,18,18,1,25.04177,121.58735,0
500111070,20231103,943,18,18,1,25.04177,121.58735,0
500111070,20231103,944,18,18,1,25.04177,121.58735,0
500111070,20231103,945,18,18,1,25.04177,121.58735,0
500111070,20231103,946,18,18,1,25.04177,121.58735,0
500111070,20231103,947,18,18,1,25.04177,121.58735,0
500111070,20231103,948,18,18,1,25.04177,121.58735,0
500111070,20231103,949,18,18,1,25.04177,121.58735,0
500111070,20231103,950,18,18,1,25.04177,121.58735,0
500111070,20231103,951,18,18,1,25.04177,121.58735,0
500111070,20231103,952,18,18,1,25.04177,121.58735,0
500111070,20231103,953,18,18,1,25.04177,121.58735,0
500111070,20231103,954,18,18,1,25.04177,121.58735,0
500111070,20231103,955,18,18,1,25.04177,121.58735,0
500111070,20231103,956,18,18,1,25.04177,121.58735,0
500111070,20231103,957,18,18,1,25.04177,121.58735,0
500111070,20231103,958,18,18,1,25.04177,121.58735,0
500111070,20231103,959,18,18,1,25.04177,121.58735,0
500111070,20231103,961,18,18,1,25.04177,121.58735,0
500111070,20231103,962,18,18,1,25.04177,121.58735,0
500111070,20231103,963,18,18,1,25.04177,121.58735,0
500111070,20231103,964,18,18,1,25.04177,121.58735,0
500111070,20231103,965,18,17,1,25.04177,121.58735,1
500111070,20231103,966,18,17,1,25.04177,121.58735,1
500111070,20231103,967,18,17,1,25.04177,121.58735,1
500111070,20231103,968,18,16,1,25.04177,121.58735,2
500111070,20231103,969,18,16,1,25.04177,121.58735,2
500111070,20231103,970,18,17,1,25.04177,121.58735,1
500111070,20231103,971,18,18,1,25.04177,121.58735,0
500111070,20231103,972,18,18,1,25.04177,121.58735,0
500111070,20231103,973,18,18,1,25.04177,121.58735,0
500111070,20231103,974,18,18,1,25.04177,121.58735,0
500111070,20231103,975,18,18,1,25.04177,121.58735,0
500111070,20231103,976,18,18,1,25.04177,121.58735,0
500111070,20231103,977,18,18,1,25.04177,121.58735,0
500111070,20231103,978,18,18,1,25.04177,121.58735,0
500111070,20231103,979,18,18,1,25.04177,121.58735,0
500111070,20231103,981,18,18,1,25.04177,121.58735,0
500111070,20231103,982,18,18,1,25.04177,121.58735,0
500111070,20231103,983,18,18,1,25.04177,121.58735,0
500111070,20231103,984,18,18,1,25.04177,121.58735,0
500111070,20231103,985,18,18,1,25.04177,121.58735,0
500111070,20231103,986,18,18,1,25.04177,121.58735,0
500111070,20231103,987,18,18,1,25.04177,121.58735,0
500111070,20231103,988,18,18,1,25.04177,121.58735,0
500111070,20231103,989,18,18,1,25.04177,121.58735,0
500111070,20231103,991,18,18,1,25.04177,121.58735,0
500111070,20231103,992,18,18,1,25.04177,121.58735,0
500111070,20231103,993,18,18,1,25.04177,121.58735,0
500111070,20231103,994,18,16,1,25.04177,121.58735,2
500111070,20231103,995,18,16,1,25.04177,121.58735,2
500111070,20231103,996,18,16,1,25.04177,121.58735,2
500111070,20231103,997,18,16,1,25.04177,121.58735,2
500111070,20231103,998,18,16,1,25.04177,121.58735,2
500111070,20231103,999,18,16,1,25.04177,121.58735,2
500111070,20231103,1000,18,16,1,25.04177,121.58735,2
500111070,20231103,1001,18,16,1,25.04177,121.58735,2
500111070,20231103,1002,18,16,1,25.04177,121.58735,2
500111070,20231103,1003,18,16,1,25.04177,121.58735,2
500111070,20231103,1004,18,16,1,25.04177,121.58735,2
500111070,20231103,1005,18,16,1,25.04177,121.58735,2
500111070,20231103,1006,18,16,1,25.04177,121.58735,2
500111070,20231103,1007,18,16,1,25.04177,121.58735,2
500111070,20231103,1008,18,16,1,25.04177,121.58735,2
500111070,20231103,1009,18,16,1,25.04177,121.58735,2
500111070,20231103,1010,18,16,1,25.04177,121.58735,2
500111070,20231103,1011,18,17,1,25.04177,121.58735,1
500111070,20231103,1012,18,17,1,25.04177,121.58735,1
500111070,20231103,1013,18,17,1,25.04177,121.58735,1
500111070,20231103,1014,18,17,1,25.04177,121.58735,1
500111070,20231103,1015,18,17,1,25.04177,121.58735,1
500111070,20231103,1016,18,16,1,25.04177,121.58735,2
500111070,20231103,1017,18,16,1,25.04177,121.58735,2
500111070,20231103,1018,18,16,1,25.04177,121.58735,2
500111070,20231103,1019,18,16,1,25.04177,121.58735,2
500111070,20231103,1021,18,15,1,25.04177,121.58735,3
500111070,20231103,1022,18,15,1,25.04177,121.58735,3
500111070,20231103,1023,18,15,1,25.04177,121.58735,3
500111070,20231103,1024,18,15,1,25.04177,121.58735,3
500111070,20231103,1025,18,15,1,25.04177,121.58735,3
500111070,20231103,1026,18,15,1,25.04177,121.58735,3
500111070,20231103,1027,18,15,1,25.04177,121.58735,3
500111070,20231103,1028,18,15,1,25.04177,121.58735,3
500111070,20231103,1029,18,16,1,25.04177,121.58735,2
500111070,20231103,1030,18,16,1,25.04177,121.58735,2
500111070,20231103,1031,18,16,1,25.04177,121.58735,2
500111070,20231103,1032,18,16,1,25.04177,121.58735,2
500111070,20231103,1033,18,17,1,25.04177,121.58735,1
500111070,20231103,1034,18,17,1,25.04177,121.58735,1
500111070,20231103,1035,18,17,1,25.04177,121.58735,1
500111070,20231103,1036,18,16,1,25.04177,121.58735,2
500111070,20231103,1037,18,16,1,25.04177,121.58735,2
500111070,20231103,1038,18,16,1,25.04177,121.58735,2
500111070,20231103,1039,18,16,1,25.04177,121.58735,2
500111070,20231103,1041,18,16,1,25.04177,121.58735,2
500111070,20231103,1042,18,14,1,25.04177,121.58735,4
500111070,20231103,1043,18,14,1,25.04177,121.58735,4
500111070,20231103,1044,18,13,1,25.04177,121.58735,5
500111070,20231103,1045,18,13,1,25.04177,121.58735,5
500111070,20231103,1046,18,13,1,25.04177,121.58735,5
500111070,20231103,1047,18,12,1,25.04177,121.58735,6
500111070,20231103,1048,18,12,1,25.04177,121.58735,6
500111070,20231103,1049,18,12,1,25.04177,121.58735,6
500111070,20231103,1051,18,12,1,25.04177,121.58735,6
500111070,20231103,1052,18,12,1,25.04177,121.58735,6
500111070,20231103,1053,18,12,1,25.04177,121.58735,6
500111070,20231103,1054,18,12,1,25.04177,121.58735,6
500111070,20231103,1055,18,13,1,25.04177,121.58735,5
500111070,20231103,1056,18,13,1,25.04177,121.58735,5
500111070,20231103,1057,18,13,1,25.04177,121.58735,5
500111070,20231103,1058,18,13,1,25.04177,121.58735,5
500111070,20231103,1059,18,13,1,25.04177,121.58735,5
500111070,20231103,1060,18,13,1,25.04177,121.58735,5
500111070,20231103,1061,18,14,1,25.04177,121.58735,4
500111070,20231103,1062,18,14,1,25.04177,121.58735,4
500111070,20231103,1063,18,14,1,25.04177,121.58735,4
500111070,20231103,1064,18,14,1,25.04177,121.58735,4
500111070,20231103,1065,18,14,1,25.04177,121.58735,4
500111070,20231103,1066,18,14,1,25.04177,121.58735,4
500111070,20231103,1067,18,14,1,25.04177,121.58735,4
500111070,20231103,1068,18,15,1,25.04177,121.58735,3
500111070,20231103,1069,18,15,1,25.04177,121.58735,3
500111070,20231103,1070,18,14,1,25.04177,121.58735,4
500111070,20231103,1071,18,14,1,25.04177,121.58735,4
500111070,20231103,1072,18,14,1,25.04177,121.58735,4
500111070,20231103,1073,18,14,1,25.04177,121.58735,4
500111070,20231103,1074,18,13,1,25.04177,121.58735,5
500111070,20231103,1075,18,13,1,25.04177,121.58735,5
500111070,20231103,1076,18,13,1,25.04177,121.58735,5
500111070,20231103,1077,18,13,1,25.04177,121.58735,5
500111070,20231103,1078,18,14,1,25.04177,121.58735,4
500111070,20231103,1079,18,14,1,25.04177,121.58735,4
500111070,20231103,1081,18,14,1,25.04177,121.58735,4
500111070,20231103,1082,18,14,1,25.04177,121.58735,4
500111070,20231103,1083,18,14,1,25.04177,121.58735,4
500111070,20231103,1084,18,14,1,25.04177,121.58735,4
500111070,20231103,1085,18,14,1,25.04177,121.58735,4
500111070,20231103,1086,18,14,1,25.04177,121.58735,4
500111070,20231103,1087,18,12,1,25.04177,121.58735,6
500111070,20231103,1088,18,11,1,25.04177,121.58735,7
500111070,20231103,1089,18,11,1,25.04177,121.58735,7
500111070,20231103,1090,18,12,1,25.04177,121.58735,6
500111070,20231103,1091,18,12,1,25.04177,121.58735,6
500111070,20231103,1092,18,12,1,25.04177,121.58735,6
500111070,20231103,1093,18,13,1,25.04177,121.58735,5
500111070,20231103,1094,18,16,1,25.04177,121.58735,2
500111070,20231103,1095,18,16,1,25.04177,121.58735,2
500111070,20231103,1096,18,16,1,25.04177,121.58735,2
500111070,20231103,1097,18,15,1,25.04177,121.58735,3
500111070,20231103,1098,18,15,1,25.04177,121.58735,3
500111070,20231103,1099,18,14,1,25.04177,121.58735,4
500111070,20231103,1101,18,14,1,25.04177,121.58735,4
500111070,20231103,1102,18,14,1,25.04177,121.58735,4
500111070,20231103,1103,18,15,1,25.04177,121.58735,3
500111070,20231103,1104,18,15,1,25.04177,121.58735,3
500111070,20231103,1105,18,16,1,25.04177,121.58735,2
500111070,20231103,1106,18,16,1,25.04177,121.58735,2
500111070,20231103,1107,18,16,1,25.04177,121.58735,2
500111070,20231103,1108,18,15,1,25.04177,121.58735,3
500111070,20231103,1109,18,16,1,25.04177,121.58735,2
500111070,20231103,1111,18,16,1,25.04177,121.58735,2
500111070,20231103,1112,18,16,1,25.04177,121.58735,2
500111070,20231103,1113,18,14,1,25.04177,121.58735,4
500111070,20231103,1114,18,14,1,25.04177,121.58735,4
500111070,20231103,1115,18,16,1,25.04177,121.58735,2
500111070,20231103,1116,18,16,1,25.04177,121.58735,2
500111070,20231103,1117,18,16,1,25.04177,121.58735,2
500111070,20231103,1118,18,15,1,25.04177,121.58735,3
500111070,20231103,1119,18,15,1,25.04177,121.58735,3
500111070,20231103,1120,18,15,1,25.04177,121.58735,3
500111070,20231103,1121,18,15,1,25.04177,121.58735,3
500111070,20231103,1122,18,15,1,25.04177,121.58735,3
500111070,20231103,1123,18,15,1,25.04177,121.58735,3
500111070,20231103,1124,18,15,1,25.04177,121.58735,3
500111070,20231103,1125,18,15,1,25.04177,121.58735,3
500111070,20231103,1126,18,15,1,25.04177,121.58735,3
500111070,20231103,1127,18,15,1,25.04177,121.58735,3
500111070,20231103,1128,18,15,1,25.04177,121.58735,3
500111070,20231103,1129,18,15,1,25.04177,121.58735,3
500111070,20231103,1130,18,15,1,25.04177,121.58735,3
500111070,20231103,1131,18,14,1,25.04177,121.58735,4
500111070,20231103,1132,18,11,1,25.04177,121.58735,7
500111070,20231103,1133,18,11,1,25.04177,121.58735,7
500111070,20231103,1134,18,11,1,25.04177,121.58735,7
500111070,20231103,1135,18,11,1,25.04177,121.58735,7
500111070,20231103,1136,18,11,1,25.04177,121.58735,7
500111070,20231103,1137,18,12,1,25.04177,121.58735,6
500111070,20231103,1138,18,12,1,25.04177,121.58735,6
500111070,20231103,1139,18,12,1,25.04177,121.58735,6
500111070,20231103,1141,18,12,1,25.04177,121.58735,6
500111070,20231103,1142,18,12,1,25.04177,121.58735,6
500111070,20231103,1143,18,14,1,25.04177,121.58735,4
500111070,20231103,1144,18,13,1,25.04177,121.58735,5
500111070,20231103,1145,18,12,1,25.04177,121.58735,6
500111070,20231103,1146,18,12,1,25.04177,121.58735,6
500111070,20231103,1147,18,13,1,25.04177,121.58735,5
500111070,20231103,1148,18,13,1,25.04177,121.58735,5
500111070,20231103,1149,18,13,1,25.04177,121.58735,5
500111070,20231103,1150,18,13,1,25.04177,121.58735,5
500111070,20231103,1151,18,13,1,25.04177,121.58735,5
500111070,20231103,1152,18,13,1,25.04177,121.58735,5
500111070,20231103,1153,18,13,1,25.04177,121.58735,5
500111070,20231103,1154,18,13,1,25.04177,121.58735,5
500111070,20231103,1155,18,13,1,25.04177,121.58735,5
500111070,20231103,1156,18,13,1,25.04177,121.58735,5
500111070,20231103,1157,18,13,1,25.04177,121.58735,5
500111070,20231103,1158,18,13,1,25.04177,121.58735,5
500111070,20231103,1159,18,13,1,25.04177,121.58735,5
500111070,20231103,1161,18,12,1,25.04177,121.58735,6
500111070,20231103,1162,18,12,1,25.04177,121.58735,6
500111070,20231103,1163,18,12,1,25.04177,121.58735,6
500111070,20231103,1164,18,12,1,25.04177,121.58735,6
500111070,20231103,1165,18,12,1,25.04177,121.58735,6
500111070,20231103,1166,18,12,1,25.04177,121.58735,6
500111070,20231103,1167,18,12,1,25.04177,121.58735,6
500111070,20231103,1168,18,12,1,25.04177,121.58735,6
500111070,20231103,1169,18,12,1,25.04177,121.58735,6
500111070,20231103,1171,18,12,1,25.04177,121.58735,6
500111070,20231103,1172,18,12,1,25.04177,121.58735,6
500111070,20231103,1173,18,13,1,25.04177,121.58735,5
500111070,20231103,1174,18,13,1,25.04177,121.58735,5
500111070,20231103,1175,18,13,1,25.04177,121.58735,5
500111070,20231103,1176,18,13,1,25.04177,121.58735,5
500111070,20231103,1177,18,13,1,25.04177,121.58735,5
500111070,20231103,1178,18,13,1,25.04177,121.58735,5
500111070,20231103,1179,18,13,1,25.04177,121.58735,5
500111070,20231103,1180,18,13,1,25.04177,121.58735,5
500111070,20231103,1181,18,13,1,25.04177,121.58735,5
500111070,20231103,1182,18,12,1,25.04177,121.58735,6
500111070,20231103,1183,18,11,1,25.04177,121.58735,7
500111070,20231103,1184,18,11,1,25.04177,121.58735,7
500111070,20231103,1185,18,11,1,25.04177,121.58735,7
500111070,20231103,1186,18,11,1,25.04177,121.58735,7
500111070,20231103,1187,18,12,1,25.04177,121.58735,6
500111070,20231103,1188,18,9,1,25.04177,121.58735,9
500111070,20231103,1189,18,9,1,25.04177,121.58735,9
500111070,20231103,1190,18,9,1,25.04177,121.58735,9
500111070,20231103,1191,18,9,1,25.04177,121.58735,9
500111070,20231103,1192,18,9,1,25.04177,121.58735,9
500111070,20231103,1193,18,9,1,25.04177,121.58735,9
500111070,20231103,1194,18,10,1,25.04177,121.58735,8
500111070,20231103,1195,18,10,1,25.04177,121.58735,8
500111070,20231103,1197,18,10,1,25.04177,121.58735,8
500111070,20231103,1198,18,10,1,25.04177,121.58735,8
500111070,20231103,1199,18,6,1,25.04177,121.58735,12
500111070,20231103,1201,18,6,1,25.04177,121.58735,12
500111070,20231103,1202,18,7,1,25.04177,121.58735,11
500111070,20231103,1203,18,6,1,25.04177,121.58735,12
500111070,20231103,1204,18,6,1,25.04177,121.58735,12
500111070,20231103,1205,18,6,1,25.04177,121.58735,12
500111070,20231103,1206,18,7,1,25.04177,121.58735,11
500111070,20231103,1207,18,7,1,25.04177,121.58735,11
500111070,20231103,1208,18,6,1,25.04177,121.58735,12
500111070,20231103,1209,18,6,1,25.04177,121.58735,12
500111070,20231103,1210,18,7,1,25.04177,121.58735,11
500111070,20231103,1211,18,7,1,25.04177,121.58735,11
500111070,20231103,1212,18,9,1,25.04177,121.58735,9
500111070,20231103,1213,18,9,1,25.04177,121.58735,9
500111070,20231103,1214,18,11,1,25.04177,121.58735,7
500111070,20231103,1215,18,13,1,25.04177,121.58735,5
500111070,20231103,1216,18,13,1,25.04177,121.58735,5
500111070,20231103,1217,18,13,1,25.04177,121.58735,5
500111070,20231103,1218,18,14,1,25.04177,121.58735,4
500111070,20231103,1219,18,15,1,25.04177,121.58735,3
500111070,20231103,1221,18,15,1,25.04177,121.58735,3
500111070,20231103,1222,18,16,1,25.04177,121.58735,2
500111070,20231103,1223,18,15,1,25.04177,121.58735,3
500111070,20231103,1224,18,14,1,25.04177,121.58735,4
500111070,20231103,1225,18,13,1,25.04177,121.58735,5
500111070,20231103,1226,18,13,1,25.04177,121.58735,5
500111070,20231103,1227,18,13,1,25.04177,121.58735,5
500111070,20231103,1228,18,12,1,25.04177,121.58735,6
500111070,20231103,1229,18,12,1,25.04177,121.58735,6
500111070,20231103,1231,18,10,1,25.04177,121.58735,8
500111070,20231103,1232,18,10,1,25.04177,121.58735,8
500111070,20231103,1233,18,11,1,25.04177,121.58735,7
500111070,20231103,1234,18,11,1,25.04177,121.58735,7
500111070,20231103,1235,18,11,1,25.04177,121.58735,7
500111070,20231103,1236,18,11,1,25.04177,121.58735,7
500111070,20231103,1237,18,11,1,25.04177,121.58735,7
500111070,20231103,1238,18,11,1,25.04177,121.58735,7
500111070,20231103,1239,18,11,1,25.04177,121.58735,7
500111070,20231103,1240,18,11,1,25.04177,121.58735,7
500111070,20231103,1241,18,11,1,25.04177,121.58735,7
500111070,20231103,1242,18,12,1,25.04177,121.58735,6
500111070,20231103,1243,18,13,1,25.04177,121.58735,5
500111070,20231103,1244,18,13,1,25.04177,121.58735,5
500111070,20231103,1245,18,13,1,25.04177,121.58735,5
500111070,20231103,1246,18,13,1,25.04177,121.58735,5
500111070,20231103,1247,18,13,1,25.04177,121.58735,5
500111070,20231103,1248,18,12,1,25.04177,121.58735,6
500111070,20231103,1249,18,11,1,25.04177,121.58735,7
500111070,20231103,1250,18,11,1,25.04177,121.58735,7
500111070,20231103,1251,18,11,1,25.04177,121.58735,7
500111070,20231103,1252,18,11,1,25.04177,121.58735,7
500111070,20231103,1253,18,11,1,25.04177,121.58735,7
500111070,20231103,1254,18,11,1,25.04177,121.58735,7
500111070,20231103,1255,18,11,1,25.04177,121.58735,7
500111070,20231103,1256,18,10,1,25.04177,121.58735,8
500111070,20231103,1257,18,10,1,25.04177,121.58735,8
500111070,20231103,1258,18,10,1,25.04177,121.58735,8
500111070,20231103,1259,18,9,1,25.04177,121.58735,9
500111070,20231103,1261,18,7,1,25.04177,121.58735,11
500111070,20231103,1262,18,6,1,25.04177,121.58735,12
500111070,20231103,1263,18,5,1,25.04177,121.58735,13
500111070,20231103,1264,18,6,1,25.04177,121.58735,12
500111070,20231103,1265,18,5,1,25.04177,121.58735,13
500111070,20231103,1266,18,6,1,25.04177,121.58735,12
500111070,20231103,1267,18,6,1,25.04177,121.58735,12
500111070,20231103,1268,18,5,1,25.04177,121.58735,13
500111070,20231103,1269,18,5,1,25.04177,121.58735,13
500111070,20231103,1270,18,5,1,25.04177,121.58735,13
500111070,20231103,1271,18,4,1,25.04177,121.58735,14
500111070,20231103,1272,18,6,1,25.04177,121.58735,12
500111070,20231103,1273,18,8,1,25.04177,121.58735,10
500111070,20231103,1274,18,10,1,25.04177,121.58735,8
500111070,20231103,1275,18,10,1,25.04177,121.58735,8
500111070,20231103,1276,18,12,1,25.04177,121.58735,6
500111070,20231103,1277,18,12,1,25.04177,121.58735,6
500111070,20231103,1278,18,12,1,25.04177,121.58735,6
500111070,20231103,1279,18,13,1,25.04177,121.58735,5
500111070,20231103,1281,18,13,1,25.04177,121.58735,5
500111070,20231103,1282,18,14,1,25.04177,121.58735,4
500111070,20231103,1283,18,14,1,25.04177,121.58735,4
500111070,20231103,1284,18,14,1,25.04177,121.58735,4
500111070,20231103,1285,18,14,1,25.04177,121.58735,4
500111070,20231103,1286,18,14,1,25.04177,121.58735,4
500111070,20231103,1287,18,14,1,25.04177,121.58735,4
500111070,20231103,1288,18,14,1,25.04177,121.58735,4
500111070,20231103,1289,18,14,1,25.04177,121.58735,4
500111070,20231103,1291,18,14,1,25.04177,121.58735,4
500111070,20231103,1292,18,14,1,25.04177,121.58735,4
500111070,20231103,1293,18,14,1,25.04177,121.58735,4
500111070,20231103,1294,18,15,1,25.04177,121.58735,3
500111070,20231103,1295,18,16,1,25.04177,121.58735,2
500111070,20231103,1296,18,17,1,25.04177,121.58735,1
500111070,20231103,1297,18,17,1,25.04177,121.58735,1
500111070,20231103,1298,18,17,1,25.04177,121.58735,1
500111070,20231103,1299,18,17,1,25.04177,121.58735,1
500111070,20231103,1300,18,17,1,25.04177,121.58735,1
500111070,20231103,1301,18,16,1,25.04177,121.58735,2
500111070,20231103,1302,18,16,1,25.04177,121.58735,2
500111070,20231103,1303,18,16,1,25.04177,121.58735,2
500111070,20231103,1304,18,16,1,25.04177,121.58735,2
500111070,20231103,1305,18,16,1,25.04177,121.58735,2
500111070,20231103,1306,18,16,1,25.04177,121.58735,2
500111070,20231103,1307,18,16,1,25.04177,121.58735,2
500111070,20231103,1308,18,16,1,25.04177,121.58735,2
500111070,20231103,1309,18,15,1,25.04177,121.58735,3
500111070,20231103,1310,18,15,1,25.04177,121.58735,3
500111070,20231103,1311,18,14,1,25.04177,121.58735,4
500111070,20231103,1312,18,14,1,25.04177,121.58735,4
500111070,20231103,1313,18,14,1,25.04177,121.58735,4
500111070,20231103,1314,18,15,1,25.04177,121.58735,3
500111070,20231103,1315,18,15,1,25.04177,121.58735,3
500111070,20231103,1316,18,14,1,25.04177,121.58735,4
500111070,20231103,1317,18,14,1,25.04177,121.58735,4
500111070,20231103,1318,18,14,1,25.04177,121.58735,4
500111070,20231103,1319,18,14,1,25.04177,121.58735,4
500111070,20231103,1321,18,14,1,25.04177,121.58735,4
500111070,20231103,1322,18,14,1,25.04177,121.58735,4
500111070,20231103,1323,18,14,1,25.04177,121.58735,4
500111070,20231103,1324,18,14,1,25.04177,121.58735,4
500111070,20231103,1325,18,12,1,25.04177,121.58735,6
500111070,20231103,1326,18,12,1,25.04177,121.58735,6
500111070,20231103,1327,18,12,1,25.04177,121.58735,6
500111070,20231103,1328,18,12,1,25.04177,121.58735,6
500111070,20231103,1329,18,11,1,25.04177,121.58735,7
500111070,20231103,1330,18,10,1,25.04177,121.58735,8
500111070,20231103,1331,18,10,1,25.04177,121.58735,8
500111070,20231103,1332,18,9,1,25.04177,121.58735,9
500111070,20231103,1333,18,9,1,25.04177,121.58735,9
500111070,20231103,1334,18,9,1,25.04177,121.58735,9
500111070,20231103,1335,18,9,1,25.04177,121.58735,9
500111070,20231103,1336,18,9,1,25.04177,121.58735,9
500111070,20231103,1337,18,8,1,25.04177,121.58735,10
500111070,20231103,1338,18,9,1,25.04177,121.58735,9
500111070,20231103,1339,18,9,1,25.04177,121.58735,9
500111070,20231103,1341,18,7,1,25.04177,121.58735,11
500111070,20231103,1342,18,7,1,25.04177,121.58735,11
500111070,20231103,1343,18,7,1,25.04177,121.58735,11
500111070,20231103,1344,18,7,1,25.04177,121.58735,11
500111070,20231103,1345,18,6,1,25.04177,121.58735,12
500111070,20231103,1346,18,6,1,25.04177,121.58735,12
500111070,20231103,1347,18,6,1,25.04177,121.58735,12
500111070,20231103,1348,18,6,1,25.04177,121.58735,12
500111070,20231103,1349,18,6,1,25.04177,121.58735,12
500111070,20231103,1351,18,6,1,25.04177,121.58735,12
500111070,20231103,1352,18,6,1,25.04177,121.58735,12
500111070,20231103,1353,18,6,1,25.04177,121.58735,12
500111070,20231103,1354,18,5,1,25.04177,121.58735,13
500111070,20231103,1355,18,5,1,25.04177,121.58735,13
500111070,20231103,1356,18,4,1,25.04177,121.58735,14
500111070,20231103,1357,18,4,1,25.04177,121.58735,14
500111070,20231103,1358,18,4,1,25.04177,121.58735,14
500111070,20231103,1359,18,3,1,25.04177,121.58735,15
500111070,20231103,1360,18,3,1,25.04177,121.58735,15
500111070,20231103,1361,18,3,1,25.04177,121.58735,15
500111070,20231103,1362,18,3,1,25.04177,121.58735,15
500111070,20231103,1363,18,3,1,25.04177,121.58735,15
500111070,20231103,1364,18,3,1,25.04177,121.58735,15
500111070,20231103,1365,18,3,1,25.04177,121.58735,15
500111070,20231103,1366,18,3,1,25.04177,121.58735,15
500111070,20231103,1367,18,3,1,25.04177,121.58735,15
500111070,20231103,1368,18,3,1,25.04177,121.58735,15
500111070,20231103,1369,18,3,1,25.04177,121.58735,15
500111070,20231103,1370,18,3,1,25.04177,121.58735,15
500111070,20231103,1371,18,3,1,25.04177,121.58735,15
500111070,20231103,1373,18,2,1,25.04177,121.58735,16
500111070,20231103,1374,18,2,1,25.04177,121.58735,16
500111070,20231103,1375,18,2,1,25.04177,121.58735,16
500111070,20231103,1376,18,1,1,25.04177,121.58735,17
500111070,20231103,1377,18,1,1,25.04177,121.58735,17
500111070,20231103,1378,18,1,1,25.04177,121.58735,17
500111070,20231103,1379,18,1,1,25.04177,121.58735,17
500111070,20231103,1381,18,7,1,25.04177,121.58735,11
500111070,20231103,1382,18,12,1,25.04177,121.58735,6
500111070,20231103,1383,18,12,1,25.04177,121.58735,6
500111070,20231103,1384,18,12,1,25.04177,121.58735,6
500111070,20231103,1385,18,16,1,25.04177,121.58735,2
500111070,20231103,1386,18,18,1,25.04177,121.58735,0
500111070,20231103,1387,18,18,1,25.04177,121.58735,0
500111070,20231103,1388,18,18,1,25.04177,121.58735,0
500111070,20231103,1389,18,18,1,25.04177,121.58735,0
500111070,20231103,1391,18,16,1,25.04177,121.58735,2
500111070,20231103,1392,18,16,1,25.04177,121.58735,2
500111070,20231103,1394,18,16,1,25.04177,121.58735,2
500111070,20231103,1395,18,16,1,25.04177,121.58735,2
500111070,20231103,1396,18,16,1,25.04177,121.58735,2
500111070,20231103,1397,18,16,1,25.04177,121.58735,2
500111070,20231103,1398,18,16,1,25.04177,121.58735,2
500111070,20231103,1399,18,16,1,25.04177,121.58735,2
500111070,20231103,1401,18,15,1,25.04177,121.58735,3
500111070,20231103,1402,18,15,1,25.04177,121.58735,3
500111070,20231103,1403,18,15,1,25.04177,121.58735,3
500111070,20231103,1404,18,15,1,25.04177,121.58735,3
500111070,20231103,1405,18,15,1,25.04177,121.58735,3
500111070,20231103,1406,18,15,1,25.04177,121.58735,3
500111070,20231103,1407,18,15,1,25.04177,121.58735,3
500111070,20231103,1408,18,15,1,25.04177,121.58735,3
500111070,20231103,1409,18,15,1,25.04177,121.58735,3
500111070,20231103,1411,18,12,1,25.04177,121.58735,6
500111070,20231103,1412,18,12,1,25.04177,121.58735,6
500111070,20231103,1413,18,12,1,25.04177,121.58735,6
500111070,20231103,1414,18,12,1,25.04177,121.58735,6
500111070,20231103,1415,18,12,1,25.04177,121.58735,6
500111070,20231103,1416,18,12,1,25.04177,121.58735,6
500111070,20231103,1417,18,12,1,25.04177,121.58735,6
500111070,20231103,1418,18,12,1,25.04177,121.58735,6
500111070,20231103,1419,18,13,1,25.04177,121.58735,5
500111070,20231103,1421,18,13,1,25.04177,121.58735,5
500111070,20231103,1422,18,15,1,25.04177,121.58735,3
500111070,20231103,1423,18,15,1,25.04177,121.58735,3
500111070,20231103,1424,18,15,1,25.04177,121.58735,3
500111070,20231103,1425,18,15,1,25.04177,121.58735,3
500111070,20231103,1426,18,15,1,25.04177,121.58735,3
500111070,20231103,1427,18,15,1,25.04177,121.58735,3
500111070,20231103,1428,18,15,1,25.04177,121.58735,3
500111070,20231103,1429,18,15,1,25.04177,121.58735,3
500111070,20231103,1431,18,15,1,25.04177,121.58735,3
500111070,20231103,1432,18,16,1,25.04177,121.58735,2
500111070,20231103,1433,18,16,1,25.04177,121.58735,2
500111070,20231103,1434,18,16,1,25.04177,121.58735,2
500111070,20231103,1435,18,16,1,25.04177,121.58735,2
500111070,20231103,1436,18,17,1,25.04177,121.58735,1
500111070,20231103,1437,18,18,1,25.04177,121.58735,0
500111070,20231103,1438,18,18,1,25.04177,121.58735,0
500111070,20231103,1439,18,18,1,25.04177,121.58735,0
500111070,20231104,1,18,17,1,25.04177,121.58735,1
500111070,20231104,2,18,17,1,25.04177,121.58735,1
500111070,20231104,3,18,17,1,25.04177,121.58735,1
500111070,20231104,4,18,17,1,25.04177,121.58735,1
500111070,20231104,5,18,17,1,25.04177,121.58735,1
500111070,20231104,6,18,17,1,25.04177,121.58735,1
500111070,20231104,7,18,17,1,25.04177,121.58735,1
500111070,20231104,8,18,16,1,25.04177,121.58735,2
500111070,20231104,9,18,16,1,25.04177,121.58735,2
500111070,20231104,11,18,16,1,25.04177,121.58735,2
500111070,20231104,12,18,16,1,25.04177,121.58735,2
500111070,20231104,13,18,16,1,25.04177,121.58735,2
500111070,20231104,14,18,16,1,25.04177,121.58735,2
500111070,20231104,15,18,16,1,25.04177,121.58735,2
500111070,20231104,16,18,16,1,25.04177,121.58735,2
500111070,20231104,17,18,16,1,25.04177,121.58735,2
500111070,20231104,18,18,16,1,25.04177,121.58735,2
500111070,20231104,19,18,16,1,25.04177,121.58735,2
500111070,20231104,21,18,16,1,25.04177,121.58735,2
500111070,20231104,22,18,16,1,25.04177,121.58735,2
500111070,20231104,23,18,16,1,25.04177,121.58735,2
500111070,20231104,24,18,16,1,25.04177,121.58735,2
500111070,20231104,25,18,16,1,25.04177,121.58735,2
500111070,20231104,26,18,16,1,25.04177,121.58735,2
500111070,20231104,27,18,16,1,25.04177,121.58735,2
500111070,20231104,28,18,16,1,25.04177,121.58735,2
500111070,20231104,29,18,16,1,25.04177,121.58735,2
500111070,20231104,31,18,16,1,25.04177,121.58735,2
500111070,20231104,32,18,15,1,25.04177,121.58735,3
500111070,20231104,33,18,15,1,25.04177,121.58735,3
500111070,20231104,35,18,14,1,25.04177,121.58735,4
500111070,20231104,36,18,14,1,25.04177,121.58735,4
500111070,20231104,37,18,14,1,25.04177,121.58735,4
500111070,20231104,38,18,14,1,25.04177,121.58735,4
500111070,20231104,39,18,14,1,25.04177,121.58735,4
500111070,20231104,40,18,14,1,25.04177,121.58735,4
500111070,20231104,41,18,14,1,25.04177,121.58735,4
500111070,20231104,42,18,14,1,25.04177,121.58735,4
500111070,20231104,43,18,14,1,25.04177,121.58735,4
500111070,20231104,44,18,14,1,25.04177,121.58735,4
500111070,20231104,45,18,14,1,25.04177,121.58735,4
500111070,20231104,46,18,12,1,25.04177,121.58735,6
500111070,20231104,47,18,12,1,25.04177,121.58735,6
500111070,20231104,48,18,12,1,25.04177,121.58735,6
500111070,20231104,49,18,12,1,25.04177,121.58735,6
500111070,20231104,50,18,13,1,25.04177,121.58735,5
500111070,20231104,51,18,13,1,25.04177,121.58735,5
500111070,20231104,52,18,13,1,25.04177,121.58735,5
500111070,20231104,53,18,13,1,25.04177,121.58735,5
500111070,20231104,54,18,13,1,25.04177,121.58735,5
500111070,20231104,55,18,13,1,25.04177,121.58735,5
500111070,20231104,56,18,13,1,25.04177,121.58735,5
500111070,20231104,57,18,13,1,25.04177,121.58735,5
500111070,20231104,58,18,13,1,25.04177,121.58735,5
500111070,20231104,59,18,13,1,25.04177,121.58735,5
500111070,20231104,61,18,13,1,25.04177,121.58735,5
500111070,20231104,62,18,13,1,25.04177,121.58735,5
500111070,20231104,63,18,13,1,25.04177,121.58735,5
500111070,20231104,64,18,13,1,25.04177,121.58735,5
500111070,20231104,65,18,13,1,25.04177,121.58735,5
500111070,20231104,66,18,13,1,25.04177,121.58735,5
500111070,20231104,67,18,13,1,25.04177,121.58735,5
500111070,20231104,68,18,13,1,25.04177,121.58735,5
500111070,20231104,69,18,13,1,25.04177,121.58735,5
500111070,20231104,70,18,13,1,25.04177,121.58735,5
500111070,20231104,71,18,13,1,25.04177,121.58735,5
500111070,20231104,72,18,13,1,25.04177,121.58735,5
500111070,20231104,73,18,13,1,25.04177,121.58735,5
500111070,20231104,74,18,13,1,25.04177,121.58735,5
500111070,20231104,75,18,13,1,25.04177,121.58735,5
500111070,20231104,76,18,13,1,25.04177,121.58735,5
500111070,20231104,77,18,13,1,25.04177,121.58735,5
500111070,20231104,78,18,13,1,25.04177,121.58735,5
500111070,20231104,79,18,13,1,25.04177,121.58735,5
500111070,20231104,81,18,13,1,25.04177,121.58735,5
500111070,20231104,82,18,13,1,25.04177,121.58735,5
500111070,20231104,83,18,13,1,25.04177,121.58735,5
500111070,20231104,84,18,13,1,25.04177,121.58735,5
500111070,20231104,85,18,13,1,25.04177,121.58735,5
500111070,20231104,86,18,13,1,25.04177,121.58735,5
500111070,20231104,87,18,13,1,25.04177,121.58735,5
500111070,20231104,88,18,13,1,25.04177,121.58735,5
500111070,20231104,89,18,13,1,25.04177,121.58735,5
500111070,20231104,90,18,13,1,25.04177,121.58735,5
500111070,20231104,91,18,13,1,25.04177,121.58735,5
500111070,20231104,92,18,13,1,25.04177,121.58735,5
500111070,20231104,93,18,13,1,25.04177,121.58735,5
500111070,20231104,94,18,13,1,25.04177,121.58735,5
500111070,20231104,95,18,13,1,25.04177,121.58735,5
500111070,20231104,96,18,13,1,25.04177,121.58735,5
500111070,20231104,97,18,13,1,25.04177,121.58735,5
500111070,20231104,98,18,13,1,25.04177,121.58735,5
500111070,20231104,99,18,13,1,25.04177,121.58735,5
500111070,20231104,100,18,13,1,25.04177,121.58735,5
500111070,20231104,101,18,13,1,25.04177,121.58735,5
500111070,20231104,102,18,13,1,25.04177,121.58735,5
500111070,20231104,103,18,13,1,25.04177,121.58735,5
500111070,20231104,104,18,13,1,25.04177,121.58735,5
500111070,20231104,105,18,13,1,25.04177,121.58735,5
500111070,20231104,106,18,13,1,25.04177,121.58735,5
500111070,20231104,107,18,13,1,25.04177,121.58735,5
500111070,20231104,108,18,13,1,25.04177,121.58735,5
500111070,20231104,109,18,13,1,25.04177,121.58735,5
500111070,20231104,110,18,13,1,25.04177,121.58735,5
500111070,20231104,111,18,13,1,25.04177,121.58735,5
500111070,20231104,112,18,13,1,25.04177,121.58735,5
500111070,20231104,113,18,13,1,25.04177,121.58735,5
500111070,20231104,114,18,13,1,25.04177,121.58735,5
500111070,20231104,115,18,13,1,25.04177,121.58735,5
500111070,20231104,116,18,13,1,25.04177,121.58735,5
500111070,20231104,117,18,13,1,25.04177,121.58735,5
500111070,20231104,118,18,13,1,25.04177,121.58735,5
500111070,20231104,119,18,13,1,25.04177,121.58735,5
500111070,20231104,121,18,13,1,25.04177,121.58735,5
500111070,20231104,122,18,13,1,25.04177,121.58735,5
500111070,20231104,123,18,13,1,25.04177,121.58735,5
500111070,20231104,124,18,13,1,25.04177,121.58735,5
500111070,20231104,125,18,13,1,25.04177,121.58735,5
500111070,20231104,126,18,13,1,25.04177,121.58735,5
500111070,20231104,127,18,13,1,25.04177,121.58735,5
500111070,20231104,128,18,13,1,25.04177,121.58735,5
500111070,20231104,129,18,13,1,25.04177,121.58735,5
500111070,20231104,130,18,13,1,25.04177,121.58735,5
500111070,20231104,131,18,13,1,25.04177,121.58735,5
500111070,20231104,132,18,13,1,25.04177,121.58735,5
500111070,20231104,133,18,13,1,25.04177,121.58735,5
500111070,20231104,134,18,13,1,25.04177,121.58735,5
500111070,20231104,135,18,13,1,25.04177,121.58735,5
500111070,20231104,136,18,13,1,25.04177,121.58735,5
500111070,20231104,137,18,13,1,25.04177,121.58735,5
500111070,20231104,138,18,13,1,25.04177,121.58735,5
500111070,20231104,139,18,13,1,25.04177,121.58735,5
500111070,20231104,141,18,13,1,25.04177,121.58735,5
500111070,20231104,142,18,13,1,25.04177,121.58735,5
500111070,20231104,143,18,13,1,25.04177,121.58735,5
500111070,20231104,144,18,13,1,25.04177,121.58735,5
500111070,20231104,145,18,13,1,25.04177,121.58735,5
500111070,20231104,146,18,13,1,25.04177,121.58735,5
500111070,20231104,147,18,13,1,25.04177,121.58735,5
500111070,20231104,148,18,13,1,25.04177,121.58735,5
500111070,20231104,149,18,13,1,25.04177,121.58735,5
500111070,20231104,150,18,13,1,25.04177,121.58735,5
500111070,20231104,151,18,13,1,25.04177,121.58735,5
500111070,20231104,152,18,13,1,25.04177,121.58735,5
500111070,20231104,153,18,13,1,25.04177,121.58735,5
500111070,20231104,154,18,13,1,25.04177,121.58735,5
500111070,20231104,155,18,13,1,25.04177,121.58735,5
500111070,20231104,156,18,13,1,25.04177,121.58735,5
500111070,20231104,157,18,13,1,25.04177,121.58735,5
500111070,20231104,158,18,13,1,25.04177,121.58735,5
500111070,20231104,159,18,13,1,25.04177,121.58735,5
500111070,20231104,160,18,13,1,25.04177,121.58735,5
500111070,20231104,161,18,13,1,25.04177,121.58735,5
500111070,20231104,162,18,13,1,25.04177,121.58735,5
500111070,20231104,163,18,13,1,25.04177,121.58735,5
500111070,20231104,164,18,13,1,25.04177,121.58735,5
500111070,20231104,165,18,13,1,25.04177,121.58735,5
500111070,20231104,166,18,13,1,25.04177,121.58735,5
500111070,20231104,167,18,13,1,25.04177,121.58735,5
500111070,20231104,168,18,13,1,25.04177,121.58735,5
500111070,20231104,169,18,13,1,25.04177,121.58735,5
500111070,20231104,170,18,13,1,25.04177,121.58735,5
500111070,20231104,171,18,12,1,25.04177,121.58735,6
500111070,20231104,172,18,12,1,25.04177,121.58735,6
500111070,20231104,173,18,12,1,25.04177,121.58735,6
500111070,20231104,174,18,12,1,25.04177,121.58735,6
500111070,20231104,175,18,12,1,25.04177,121.58735,6
500111070,20231104,176,18,12,1,25.04177,121.58735,6
500111070,20231104,177,18,12,1,25.04177,121.58735,6
500111070,20231104,178,18,12,1,25.04177,121.58735,6
500111070,20231104,179,18,12,1,25.04177,121.58735,6
500111070,20231104,180,18,12,1,25.04177,121.58735,6
500111070,20231104,181,18,12,1,25.04177,121.58735,6
500111070,20231104,182,18,12,1,25.04177,121.58735,6
500111070,20231104,183,18,12,1,25.04177,121.58735,6
500111070,20231104,184,18,12,1,25.04177,121.58735,6
500111070,20231104,185,18,12,1,25.04177,121.58735,6
500111070,20231104,186,18,12,1,25.04177,121.58735,6
500111070,20231104,187,18,12,1,25.04177,121.58735,6
500111070,20231104,188,18,12,1,25.04177,121.58735,6
500111070,20231104,189,18,12,1,25.04177,121.58735,6
500111070,20231104,190,18,12,1,25.04177,121.58735,6
500111070,20231104,191,18,12,1,25.04177,121.58735,6
500111070,20231104,192,18,12,1,25.04177,121.58735,6
500111070,20231104,193,18,12,1,25.04177,121.58735,6
500111070,20231104,194,18,12,1,25.04177,121.58735,6
500111070,20231104,196,18,12,1,25.04177,121.58735,6
500111070,20231104,197,18,12,1,25.04177,121.58735,6
500111070,20231104,198,18,12,1,25.04177,121.58735,6
500111070,20231104,199,18,12,1,25.04177,121.58735,6
500111070,20231104,201,18,12,1,25.04177,121.58735,6
500111070,20231104,202,18,12,1,25.04177,121.58735,6
500111070,20231104,203,18,12,1,25.04177,121.58735,6
500111070,20231104,204,18,12,1,25.04177,121.58735,6
500111070,20231104,205,18,12,1,25.04177,121.58735,6
500111070,20231104,206,18,12,1,25.04177,121.58735,6
500111070,20231104,207,18,12,1,25.04177,121.58735,6
500111070,20231104,208,18,12,1,25.04177,121.58735,6
500111070,20231104,209,18,12,1,25.04177,121.58735,6
500111070,20231104,211,18,12,1,25.04177,121.58735,6
500111070,20231104,212,18,12,1,25.04177,121.58735,6
500111070,20231104,214,18,12,1,25.04177,121.58735,6
500111070,20231104,215,18,12,1,25.04177,121.58735,6
500111070,20231104,216,18,12,1,25.04177,121.58735,6
500111070,20231104,218,18,12,1,25.04177,121.58735,6
500111070,20231104,219,18,12,1,25.04177,121.58735,6
500111070,20231104,221,18,12,1,25.04177,121.58735,6
500111070,20231104,222,18,12,1,25.04177,121.58735,6
500111070,20231104,223,18,12,1,25.04177,121.58735,6
500111070,20231104,224,18,12,1,25.04177,121.58735,6
500111070,20231104,225,18,12,1,25.04177,121.58735,6
500111070,20231104,226,18,12,1,25.04177,121.58735,6
500111070,20231104,227,18,12,1,25.04177,121.58735,6
500111070,20231104,228,18,12,1,25.04177,121.58735,6
500111070,20231104,230,18,12,1,25.04177,121.58735,6
500111070,20231104,231,18,12,1,25.04177,121.58735,6
500111070,20231104,232,18,12,1,25.04177,121.58735,6
500111070,20231104,233,18,12,1,25.04177,121.58735,6
500111070,20231104,234,18,12,1,25.04177,121.58735,6
500111070,20231104,235,18,12,1,25.04177,121.58735,6
500111070,20231104,236,18,12,1,25.04177,121.58735,6
500111070,20231104,237,18,12,1,25.04177,121.58735,6
500111070,20231104,238,18,12,1,25.04177,121.58735,6
500111070,20231104,239,18,12,1,25.04177,121.58735,6
500111070,20231104,241,18,12,1,25.04177,121.58735,6
500111070,20231104,242,18,12,1,25.04177,121.58735,6
500111070,20231104,243,18,12,1,25.04177,121.58735,6
500111070,20231104,244,18,12,1,25.04177,121.58735,6
500111070,20231104,245,18,12,1,25.04177,121.58735,6
500111070,20231104,246,18,12,1,25.04177,121.58735,6
500111070,20231104,247,18,12,1,25.04177,121.58735,6
500111070,20231104,248,18,12,1,25.04177,121.58735,6
500111070,20231104,249,18,12,1,25.04177,121.58735,6
500111070,20231104,251,18,12,1,25.04177,121.58735,6
500111070,20231104,252,18,12,1,25.04177,121.58735,6
500111070,20231104,253,18,12,1,25.04177,121.58735,6
500111070,20231104,254,18,12,1,25.04177,121.58735,6
500111070,20231104,255,18,12,1,25.04177,121.58735,6
500111070,20231104,256,18,12,1,25.04177,121.58735,6
500111070,20231104,257,18,12,1,25.04177,121.58735,6
500111070,20231104,258,18,12,1,25.04177,121.58735,6
500111070,20231104,259,18,12,1,25.04177,121.58735,6
500111070,20231104,261,18,12,1,25.04177,121.58735,6
500111070,20231104,262,18,12,1,25.04177,121.58735,6
500111070,20231104,263,18,12,1,25.04177,121.58735,6
500111070,20231104,264,18,12,1,25.04177,121.58735,6
500111070,20231104,265,18,8,1,25.04177,121.58735,10
500111070,20231104,266,18,5,1,25.04177,121.58735,13
500111070,20231104,267,18,3,1,25.04177,121.58735,15
500111070,20231104,268,18,3,1,25.04177,121.58735,15
500111070,20231104,269,18,3,1,25.04177,121.58735,15
500111070,20231104,271,18,3,1,25.04177,121.58735,15
500111070,20231104,272,18,3,1,25.04177,121.58735,15
500111070,20231104,273,18,3,1,25.04177,121.58735,15
500111070,20231104,274,18,3,1,25.04177,121.58735,15
500111070,20231104,275,18,3,1,25.04177,121.58735,15
500111070,20231104,276,18,3,1,25.04177,121.58735,15
500111070,20231104,277,18,3,1,25.04177,121.58735,15
500111070,20231104,278,18,3,1,25.04177,121.58735,15
500111070,20231104,279,18,3,1,25.04177,121.58735,15
500111070,20231104,281,18,3,1,25.04177,121.58735,15
500111070,20231104,282,18,3,1,25.04177,121.58735,15
500111070,20231104,283,18,3,1,25.04177,121.58735,15
500111070,20231104,284,18,3,1,25.04177,121.58735,15
500111070,20231104,285,18,3,1,25.04177,121.58735,15
500111070,20231104,286,18,3,1,25.04177,121.58735,15
500111070,20231104,287,18,3,1,25.04177,121.58735,15
500111070,20231104,288,18,3,1,25.04177,121.58735,15
500111070,20231104,289,18,3,1,25.04177,121.58735,15
500111070,20231104,291,18,3,1,25.04177,121.58735,15
500111070,20231104,292,18,3,1,25.04177,121.58735,15
500111070,20231104,293,18,3,1,25.04177,121.58735,15
500111070,20231104,294,18,3,1,25.04177,121.58735,15
500111070,20231104,295,18,3,1,25.04177,121.58735,15
500111070,20231104,296,18,3,1,25.04177,121.58735,15
500111070,20231104,297,18,3,1,25.04177,121.58735,15
500111070,20231104,299,18,3,1,25.04177,121.58735,15
500111070,20231104,301,18,3,1,25.04177,121.58735,15
500111070,20231104,302,18,3,1,25.04177,121.58735,15
500111070,20231104,303,18,2,1,25.04177,121.58735,16
500111070,20231104,304,18,2,1,25.04177,121.58735,16
500111070,20231104,305,18,2,1,25.04177,121.58735,16
500111070,20231104,306,18,2,1,25.04177,121.58735,16
500111070,20231104,307,18,2,1,25.04177,121.58735,16
500111070,20231104,308,18,2,1,25.04177,121.58735,16
500111070,20231104,309,18,2,1,25.04177,121.58735,16
500111070,20231104,310,18,2,1,25.04177,121.58735,16
500111070,20231104,311,18,2,1,25.04177,121.58735,16
500111070,20231104,312,18,2,1,25.04177,121.58735,16
500111070,20231104,313,18,2,1,25.04177,121.58735,16
500111070,20231104,314,18,2,1,25.04177,121.58735,16
500111070,20231104,315,18,2,1,25.04177,121.58735,16
500111070,20231104,316,18,2,1,25.04177,121.58735,16
500111070,20231104,317,18,2,1,25.04177,121.58735,16
500111070,20231104,318,18,2,1,25.04177,121.58735,16
500111070,20231104,319,18,2,1,25.04177,121.58735,16
500111070,20231104,321,18,2,1,25.04177,121.58735,16
500111070,20231104,322,18,2,1,25.04177,121.58735,16
500111070,20231104,323,18,2,1,25.04177,121.58735,16
500111070,20231104,324,18,2,1,25.04177,121.58735,16
500111070,20231104,325,18,2,1,25.04177,121.58735,16
500111070,20231104,326,18,2,1,25.04177,121.58735,16
500111070,20231104,327,18,2,1,25.04177,121.58735,16
500111070,20231104,328,18,2,1,25.04177,121.58735,16
500111070,20231104,329,18,2,1,25.04177,121.58735,16
500111070,20231104,330,18,2,1,25.04177,121.58735,16
500111070,20231104,331,18,2,1,25.04177,121.58735,16
500111070,20231104,332,18,2,1,25.04177,121.58735,16
500111070,20231104,333,18,2,1,25.04177,121.58735,16
500111070,20231104,334,18,2,1,25.04177,121.58735,16
500111070,20231104,335,18,2,1,25.04177,121.58735,16
500111070,20231104,336,18,2,1,25.04177,121.58735,16
500111070,20231104,337,18,2,1,25.04177,121.58735,16
500111070,20231104,338,18,2,1,25.04177,121.58735,16
500111070,20231104,339,18,2,1,25.04177,121.58735,16
500111070,20231104,340,18,2,1,25.04177,121.58735,16
500111070,20231104,341,18,2,1,25.04177,121.58735,16
500111070,20231104,342,18,2,1,25.04177,121.58735,16
500111070,20231104,343,18,2,1,25.04177,121.58735,16
500111070,20231104,344,18,2,1,25.04177,121.58735,16
500111070,20231104,345,18,2,1,25.04177,121.58735,16
500111070,20231104,346,18,2,1,25.04177,121.58735,16
500111070,20231104,347,18,2,1,25.04177,121.58735,16
500111070,20231104,348,18,2,1,25.04177,121.58735,16
500111070,20231104,349,18,2,1,25.04177,121.58735,16
500111070,20231104,350,18,2,1,25.04177,121.58735,16
500111070,20231104,351,18,2,1,25.04177,121.58735,16
500111070,20231104,352,18,3,1,25.04177,121.58735,15
500111070,20231104,353,18,3,1,25.04177,121.58735,15
500111070,20231104,354,18,3,1,25.04177,121.58735,15
500111070,20231104,355,18,3,1,25.04177,121.58735,15
500111070,20231104,356,18,3,1,25.04177,121.58735,15
500111070,20231104,357,18,2,1,25.04177,121.58735,16
500111070,20231104,358,18,2,1,25.04177,121.58735,16
500111070,20231104,359,18,2,1,25.04177,121.58735,16
500111070,20231104,360,18,2,1,25.04177,121.58735,16
500111070,20231104,361,18,2,1,25.04177,121.58735,16
500111070,20231104,362,18,2,1,25.04177,121.58735,16
500111070,20231104,363,18,2,1,25.04177,121.58735,16
500111070,20231104,364,18,2,1,25.04177,121.58735,16
500111070,20231104,365,18,2,1,25.04177,121.58735,16
500111070,20231104,366,18,2,1,25.04177,121.58735,16
500111070,20231104,367,18,2,1,25.04177,121.58735,16
500111070,20231104,368,18,3,1,25.04177,121.58735,15
500111070,20231104,369,18,3,1,25.04177,121.58735,15
500111070,20231104,370,18,3,1,25.04177,121.58735,15
500111070,20231104,371,18,3,1,25.04177,121.58735,15
500111070,20231104,372,18,3,1,25.04177,121.58735,15
500111070,20231104,373,18,3,1,25.04177,121.58735,15
500111070,20231104,374,18,3,1,25.04177,121.58735,15
500111070,20231104,375,18,4,1,25.04177,121.58735,14
500111070,20231104,376,18,4,1,25.04177,121.58735,14
500111070,20231104,377,18,4,1,25.04177,121.58735,14
500111070,20231104,378,18,4,1,25.04177,121.58735,14
500111070,20231104,379,18,4,1,25.04177,121.58735,14
500111070,20231104,381,18,4,1,25.04177,121.58735,14
500111070,20231104,382,18,4,1,25.04177,121.58735,14
500111070,20231104,383,18,4,1,25.04177,121.58735,14
500111070,20231104,384,18,4,1,25.04177,121.58735,14
500111070,20231104,385,18,4,1,25.04177,121.58735,14
500111070,20231104,386,18,4,1,25.04177,121.58735,14
500111070,20231104,387,18,4,1,25.04177,121.58735,14
500111070,20231104,388,18,4,1,25.04177,121.58735,14
500111070,20231104,389,18,4,1,25.04177,121.58735,14
500111070,20231104,390,18,4,1,25.04177,121.58735,14
500111070,20231104,391,18,4,1,25.04177,121.58735,14
500111070,20231104,392,18,4,1,25.04177,121.58735,14
500111070,20231104,393,18,4,1,25.04177,121.58735,14
500111070,20231104,394,18,4,1,25.04177,121.58735,14
500111070,20231104,395,18,4,1,25.04177,121.58735,14
500111070,20231104,396,18,4,1,25.04177,121.58735,14
500111070,20231104,397,18,3,1,25.04177,121.58735,15
500111070,20231104,398,18,3,1,25.04177,121.58735,15
500111070,20231104,399,18,3,1,25.04177,121.58735,15
500111070,20231104,400,18,3,1,25.04177,121.58735,15
500111070,20231104,401,18,3,1,25.04177,121.58735,15
500111070,20231104,402,18,3,1,25.04177,121.58735,15
500111070,20231104,403,18,3,1,25.04177,121.58735,15
500111070,20231104,404,18,3,1,25.04177,121.58735,15
500111070,20231104,405,18,3,1,25.04177,121.58735,15
500111070,20231104,406,18,4,1,25.04177,121.58735,14
500111070,20231104,407,18,4,1,25.04177,121.58735,14
500111070,20231104,408,18,4,1,25.04177,121.58735,14
500111070,20231104,409,18,5,1,25.04177,121.58735,13
500111070,20231104,410,18,5,1,25.04177,121.58735,13
500111070,20231104,411,18,5,1,25.04177,121.58735,13
500111070,20231104,412,18,5,1,25.04177,121.58735,13
500111070,20231104,413,18,5,1,25.04177,121.58735,13
500111070,20231104,414,18,5,1,25.04177,121.58735,13
500111070,20231104,415,18,5,1,25.04177,121.58735,13
500111070,20231104,416,18,5,1,25.04177,121.58735,13
500111070,20231104,417,18,5,1,25.04177,121.58735,13
500111070,20231104,418,18,5,1,25.04177,121.58735,13
500111070,20231104,419,18,5,1,25.04177,121.58735,13
500111070,20231104,421,18,5,1,25.04177,121.58735,13
500111070,20231104,422,18,5,1,25.04177,121.58735,13
500111070,20231104,423,18,5,1,25.04177,121.58735,13
500111070,20231104,424,18,5,1,25.04177,121.58735,13
500111070,20231104,425,18,5,1,25.04177,121.58735,13
500111070,20231104,426,18,5,1,25.04177,121.58735,13
500111070,20231104,427,18,5,1,25.04177,121.58735,13
500111070,20231104,428,18,5,1,25.04177,121.58735,13
500111070,20231104,429,18,5,1,25.04177,121.58735,13
500111070,20231104,430,18,5,1,25.04177,121.58735,13
500111070,20231104,431,18,5,1,25.04177,121.58735,13
500111070,20231104,432,18,5,1,25.04177,121.58735,13
500111070,20231104,433,18,5,1,25.04177,121.58735,13
500111070,20231104,434,18,5,1,25.04177,121.58735,13
500111070,20231104,435,18,5,1,25.04177,121.58735,13
500111070,20231104,436,18,5,1,25.04177,121.58735,13
500111070,20231104,437,18,5,1,25.04177,121.58735,13
500111070,20231104,438,18,5,1,25.04177,121.58735,13
500111070,20231104,439,18,5,1,25.04177,121.58735,13
500111070,20231104,441,18,5,1,25.04177,121.58735,13
500111070,20231104,442,18,4,1,25.04177,121.58735,14
500111070,20231104,443,18,4,1,25.04177,121.58735,14
500111070,20231104,444,18,4,1,25.04177,121.58735,14
500111070,20231104,445,18,4,1,25.04177,121.58735,14
500111070,20231104,446,18,4,1,25.04177,121.58735,14
500111070,20231104,447,18,4,1,25.04177,121.58735,14
500111070,20231104,448,18,4,1,25.04177,121.58735,14
500111070,20231104,449,18,4,1,25.04177,121.58735,14
500111070,20231104,450,18,4,1,25.04177,121.58735,14
500111070,20231104,451,18,4,1,25.04177,121.58735,14
500111070,20231104,452,18,4,1,25.04177,121.58735,14
500111070,20231104,453,18,4,1,25.04177,121.58735,14
500111070,20231104,454,18,4,1,25.04177,121.58735,14
500111070,20231104,455,18,4,1,25.04177,121.58735,14
500111070,20231104,456,18,4,1,25.04177,121.58735,14
500111070,20231104,457,18,4,1,25.04177,121.58735,14
500111070,20231104,458,18,4,1,25.04177,121.58735,14
500111070,20231104,459,18,4,1,25.04177,121.58735,14
500111070,20231104,460,18,3,1,25.04177,121.58735,15
500111070,20231104,461,18,3,1,25.04177,121.58735,15
500111070,20231104,462,18,3,1,25.04177,121.58735,15
500111070,20231104,464,18,3,1,25.04177,121.58735,15
500111070,20231104,465,18,3,1,25.04177,121.58735,15
500111070,20231104,466,18,3,1,25.04177,121.58735,15
500111070,20231104,467,18,3,1,25.04177,121.58735,15
500111070,20231104,468,18,3,1,25.04177,121.58735,15
500111070,20231104,469,18,3,1,25.04177,121.58735,15
500111070,20231104,471,18,3,1,25.04177,121.58735,15
500111070,20231104,472,18,3,1,25.04177,121.58735,15
500111070,20231104,473,18,3,1,25.04177,121.58735,15
500111070,20231104,475,18,3,1,25.04177,121.58735,15
500111070,20231104,476,18,4,1,25.04177,121.58735,14
500111070,20231104,477,18,4,1,25.04177,121.58735,14
500111070,20231104,478,18,4,1,25.04177,121.58735,14
500111070,20231104,479,18,4,1,25.04177,121.58735,14
500111070,20231104,481,18,4,1,25.04177,121.58735,14
500111070,20231104,482,18,4,1,25.04177,121.58735,14
500111070,20231104,483,18,4,1,25.04177,121.58735,14
500111070,20231104,484,18,4,1,25.04177,121.58735,14
500111070,20231104,485,18,4,1,25.04177,121.58735,14
500111070,20231104,486,18,4,1,25.04177,121.58735,14
500111070,20231104,487,18,4,1,25.04177,121.58735,14
500111070,20231104,488,18,4,1,25.04177,121.58735,14
500111070,20231104,489,18,4,1,25.04177,121.58735,14
500111070,20231104,491,18,4,1,25.04177,121.58735,14
500111070,20231104,492,18,4,1,25.04177,121.58735,14
500111070,20231104,493,18,4,1,25.04177,121.58735,14
500111070,20231104,494,18,4,1,25.04177,121.58735,14
500111070,20231104,495,18,4,1,25.04177,121.58735,14
500111070,20231104,497,18,5,1,25.04177,121.58735,13
500111070,20231104,498,18,5,1,25.04177,121.58735,13
500111070,20231104,499,18,5,1,25.04177,121.58735,13
500111070,20231104,501,18,5,1,25.04177,121.58735,13
500111070,20231104,502,18,5,1,25.04177,121.58735,13
500111070,20231104,503,18,7,1,25.04177,121.58735,11
500111070,20231104,505,18,7,1,25.04177,121.58735,11
500111070,20231104,506,18,7,1,25.04177,121.58735,11
500111070,20231104,507,18,7,1,25.04177,121.58735,11
500111070,20231104,508,18,8,1,25.04177,121.58735,10
500111070,20231104,509,18,8,1,25.04177,121.58735,10
500111070,20231104,511,18,9,1,25.04177,121.58735,9
500111070,20231104,512,18,9,1,25.04177,121.58735,9
500111070,20231104,513,18,9,1,25.04177,121.58735,9
500111070,20231104,514,18,9,1,25.04177,121.58735,9
500111070,20231104,516,18,10,1,25.04177,121.58735,8
500111070,20231104,517,18,10,1,25.04177,121.58735,8
500111070,20231104,518,18,10,1,25.04177,121.58735,8
500111070,20231104,519,18,10,1,25.04177,121.58735,8
500111070,20231104,521,18,11,1,25.04177,121.58735,7
500111070,20231104,522,18,10,1,25.04177,121.58735,8
500111070,20231104,523,18,10,1,25.04177,121.58735,8
500111070,20231104,524,18,10,1,25.04177,121.58735,8
500111070,20231104,526,18,9,1,25.04177,121.58735,9
500111070,20231104,527,18,3,1,25.04177,121.58735,15
500111070,20231104,528,18,1,1,25.04177,121.58735,17
500111070,20231104,529,18,0,1,25.04177,121.58735,18
500111070,20231104,531,18,0,1,25.04177,121.58735,18
500111070,20231104,532,18,0,1,25.04177,121.58735,18
500111070,20231104,533,18,0,1,25.04177,121.58735,18
500111070,20231104,535,18,0,1,25.04177,121.58735,18
500111070,20231104,536,18,0,1,25.04177,121.58735,18
500111070,20231104,537,18,0,1,25.04177,121.58735,18
500111070,20231104,538,18,0,1,25.04177,121.58735,18
500111070,20231104,539,18,0,1,25.04177,121.58735,18
500111070,20231104,541,18,1,1,25.04177,121.58735,17
500111070,20231104,542,18,1,1,25.04177,121.58735,17
500111070,20231104,543,18,0,1,25.04177,121.58735,18
500111070,20231104,544,18,0,1,25.04177,121.58735,18
500111070,20231104,545,18,0,1,25.04177,121.58735,18
500111070,20231104,546,18,0,1,25.04177,121.58735,18
500111070,20231104,547,18,0,1,25.04177,121.58735,18
500111070,20231104,548,18,0,1,25.04177,121.58735,18
500111070,20231104,549,18,0,1,25.04177,121.58735,18
500111070,20231104,551,18,0,1,25.04177,121.58735,18
500111070,20231104,553,18,1,1,25.04177,121.58735,17
500111070,20231104,554,18,1,1,25.04177,121.58735,17
500111070,20231104,555,18,1,1,25.04177,121.58735,17
500111070,20231104,556,18,1,1,25.04177,121.58735,17
500111070,20231104,557,18,2,1,25.04177,121.58735,16
500111070,20231104,558,18,3,1,25.04177,121.58735,15
500111070,20231104,559,18,3,1,25.04177,121.58735,15
500111070,20231104,561,18,3,1,25.04177,121.58735,15
500111070,20231104,562,18,4,1,25.04177,121.58735,14
500111070,20231104,563,18,4,1,25.04177,121.58735,14
500111070,20231104,564,18,4,1,25.04177,121.58735,14
500111070,20231104,565,18,4,1,25.04177,121.58735,14
500111070,20231104,566,18,4,1,25.04177,121.58735,14
500111070,20231104,567,18,4,1,25.04177,121.58735,14
500111070,20231104,568,18,6,1,25.04177,121.58735,12
500111070,20231104,569,18,6,1,25.04177,121.58735,12
500111070,20231104,571,18,7,1,25.04177,121.58735,11
500111070,20231104,572,18,7,1,25.04177,121.58735,11
500111070,20231104,573,18,8,1,25.04177,121.58735,10
500111070,20231104,574,18,8,1,25.04177,121.58735,10
500111070,20231104,575,18,7,1,25.04177,121.58735,11
500111070,20231104,576,18,7,1,25.04177,121.58735,11
500111070,20231104,577,18,8,1,25.04177,121.58735,10
500111070,20231104,578,18,8,1,25.04177,121.58735,10
500111070,20231104,579,18,9,1,25.04177,121.58735,9
500111070,20231104,580,18,9,1,25.04177,121.58735,9
500111070,20231104,581,18,9,1,25.04177,121.58735,9
500111070,20231104,582,18,9,1,25.04177,121.58735,9
500111070,20231104,583,18,9,1,25.04177,121.58735,9
500111070,20231104,584,18,9,1,25.04177,121.58735,9
500111070,20231104,585,18,9,1,25.04177,121.58735,9
500111070,20231104,586,18,9,1,25.04177,121.58735,9
500111070,20231104,587,18,9,1,25.04177,121.58735,9
500111070,20231104,588,18,9,1,25.04177,121.58735,9
500111070,20231104,589,18,8,1,25.04177,121.58735,10
500111070,20231104,590,18,7,1,25.04177,121.58735,11
500111070,20231104,591,18,6,1,25.04177,121.58735,12
500111070,20231104,592,18,7,1,25.04177,121.58735,11
500111070,20231104,593,18,7,1,25.04177,121.58735,11
500111070,20231104,594,18,8,1,25.04177,121.58735,10
500111070,20231104,595,18,8,1,25.04177,121.58735,10
500111070,20231104,596,18,7,1,25.04177,121.58735,11
500111070,20231104,597,18,7,1,25.04177,121.58735,11
500111070,20231104,598,18,7,1,25.04177,121.58735,11
500111070,20231104,599,18,7,1,25.04177,121.58735,11
500111070,20231104,601,18,7,1,25.04177,121.58735,11
500111070,20231104,602,18,7,1,25.04177,121.58735,11
500111070,20231104,603,18,8,1,25.04177,121.58735,10
500111070,20231104,604,18,8,1,25.04177,121.58735,10
500111070,20231104,605,18,8,1,25.04177,121.58735,10
500111070,20231104,606,18,8,1,25.04177,121.58735,10
500111070,20231104,607,18,8,1,25.04177,121.58735,10
500111070,20231104,608,18,9,1,25.04177,121.58735,9
500111070,20231104,609,18,9,1,25.04177,121.58735,9
500111070,20231104,610,18,9,1,25.04177,121.58735,9
500111070,20231104,611,18,9,1,25.04177,121.58735,9
500111070,20231104,612,18,9,1,25.04177,121.58735,9
500111070,20231104,613,18,9,1,25.04177,121.58735,9
500111070,20231104,614,18,10,1,25.04177,121.58735,8
500111070,20231104,615,18,10,1,25.04177,121.58735,8
500111070,20231104,616,18,10,1,25.04177,121.58735,8
500111070,20231104,617,18,10,1,25.04177,121.58735,8
500111070,20231104,618,18,11,1,25.04177,121.58735,7
500111070,20231104,619,18,12,1,25.04177,121.58735,6
500111070,20231104,621,18,12,1,25.04177,121.58735,6
500111070,20231104,622,18,12,1,25.04177,121.58735,6
500111070,20231104,623,18,12,1,25.04177,121.58735,6
500111070,20231104,624,18,12,1,25.04177,121.58735,6
500111070,20231104,625,18,13,1,25.04177,121.58735,5
500111070,20231104,626,18,13,1,25.04177,121.58735,5
500111070,20231104,627,18,13,1,25.04177,121.58735,5
500111070,20231104,628,18,13,1,25.04177,121.58735,5
500111070,20231104,629,18,13,1,25.04177,121.58735,5
500111070,20231104,631,18,13,1,25.04177,121.58735,5
500111070,20231104,632,18,13,1,25.04177,121.58735,5
500111070,20231104,633,18,14,1,25.04177,121.58735,4
500111070,20231104,634,18,14,1,25.04177,121.58735,4
500111070,20231104,635,18,14,1,25.04177,121.58735,4
500111070,20231104,636,18,14,1,25.04177,121.58735,4
500111070,20231104,637,18,14,1,25.04177,121.58735,4
500111070,20231104,638,18,14,1,25.04177,121.58735,4
500111070,20231104,639,18,14,1,25.04177,121.58735,4
500111070,20231104,640,18,16,1,25.04177,121.58735,2
500111070,20231104,641,18,16,1,25.04177,121.58735,2
500111070,20231104,642,18,16,1,25.04177,121.58735,2
500111070,20231104,643,18,16,1,25.04177,121.58735,2
500111070,20231104,644,18,17,1,25.04177,121.58735,1
500111070,20231104,645,18,16,1,25.04177,121.58735,2
500111070,20231104,646,18,16,1,25.04177,121.58735,2
500111070,20231104,647,18,17,1,25.04177,121.58735,1
500111070,20231104,648,18,17,1,25.04177,121.58735,1
500111070,20231104,649,18,17,1,25.04177,121.58735,1
500111070,20231104,650,18,17,1,25.04177,121.58735,1
500111070,20231104,651,18,18,1,25.04177,121.58735,0
500111070,20231104,652,18,18,1,25.04177,121.58735,0
500111070,20231104,653,18,18,1,25.04177,121.58735,0
500111070,20231104,654,18,18,1,25.04177,121.58735,0
500111070,20231104,655,18,18,1,25.04177,121.58735,0
500111070,20231104,656,18,17,1,25.04177,121.58735,1
500111070,20231104,657,18,17,1,25.04177,121.58735,1
500111070,20231104,658,18,17,1,25.04177,121.58735,1
500111070,20231104,659,18,17,1,25.04177,121.58735,1
500111070,20231104,661,18,15,1,25.04177,121.58735,3
500111070,20231104,662,18,11,1,25.04177,121.58735,7
500111070,20231104,663,18,9,1,25.04177,121.58735,9
500111070,20231104,664,18,4,1,25.04177,121.58735,14
500111070,20231104,665,18,3,1,25.04177,121.58735,15
500111070,20231104,666,18,3,1,25.04177,121.58735,15
500111070,20231104,667,18,4,1,25.04177,121.58735,14
500111070,20231104,668,18,5,1,25.04177,121.58735,13
500111070,20231104,669,18,5,1,25.04177,121.58735,13
500111070,20231104,670,18,5,1,25.04177,121.58735,13
500111070,20231104,671,18,5,1,25.04177,121.58735,13
500111070,20231104,672,18,5,1,25.04177,121.58735,13
500111070,20231104,673,18,6,1,25.04177,121.58735,12
500111070,20231104,674,18,7,1,25.04177,121.58735,11
500111070,20231104,675,18,7,1,25.04177,121.58735,11
500111070,20231104,676,18,7,1,25.04177,121.58735,11
500111070,20231104,677,18,7,1,25.04177,121.58735,11
500111070,20231104,678,18,9,1,25.04177,121.58735,9
500111070,20231104,679,18,9,1,25.04177,121.58735,9
500111070,20231104,681,18,9,1,25.04177,121.58735,9
500111070,20231104,682,18,9,1,25.04177,121.58735,9
500111070,20231104,683,18,9,1,25.04177,121.58735,9
500111070,20231104,684,18,9,1,25.04177,121.58735,9
500111070,20231104,685,18,9,1,25.04177,121.58735,9
500111070,20231104,686,18,9,1,25.04177,121.58735,9
500111070,20231104,687,18,9,1,25.04177,121.58735,9
500111070,20231104,688,18,9,1,25.04177,121.58735,9
500111070,20231104,689,18,9,1,25.04177,121.58735,9
500111070,20231104,691,18,9,1,25.04177,121.58735,9
500111070,20231104,692,18,9,1,25.04177,121.58735,9
500111070,20231104,694,18,9,1,25.04177,121.58735,9
500111070,20231104,695,18,9,1,25.04177,121.58735,9
500111070,20231104,696,18,9,1,25.04177,121.58735,9
500111070,20231104,697,18,9,1,25.04177,121.58735,9
500111070,20231104,698,18,9,1,25.04177,121.58735,9
500111070,20231104,699,18,9,1,25.04177,121.58735,9
500111070,20231104,700,18,10,1,25.04177,121.58735,8
500111070,20231104,701,18,10,1,25.04177,121.58735,8
500111070,20231104,702,18,10,1,25.04177,121.58735,8
500111070,20231104,703,18,10,1,25.04177,121.58735,8
500111070,20231104,704,18,10,1,25.04177,121.58735,8
500111070,20231104,705,18,10,1,25.04177,121.58735,8
500111070,20231104,706,18,10,1,25.04177,121.58735,8
500111070,20231104,707,18,11,1,25.04177,121.58735,7
500111070,20231104,708,18,11,1,25.04177,121.58735,7
500111070,20231104,709,18,11,1,25.04177,121.58735,7
500111070,20231104,710,18,11,1,25.04177,121.58735,7
500111070,20231104,711,18,11,1,25.04177,121.58735,7
500111070,20231104,712,18,11,1,25.04177,121.58735,7
500111070,20231104,713,18,13,1,25.04177,121.58735,5
500111070,20231104,714,18,13,1,25.04177,121.58735,5
500111070,20231104,715,18,13,1,25.04177,121.58735,5
500111070,20231104,716,18,12,1,25.04177,121.58735,6
500111070,20231104,717,18,12,1,25.04177,121.58735,6
500111070,20231104,718,18,13,1,25.04177,121.58735,5
500111070,20231104,719,18,14,1,25.04177,121.58735,4
500111070,20231104,721,18,14,1,25.04177,121.58735,4
500111070,20231104,722,18,14,1,25.04177,121.58735,4
500111070,20231104,723,18,14,1,25.04177,121.58735,4
500111070,20231104,724,18,16,1,25.04177,121.58735,2
500111070,20231104,725,18,16,1,25.04177,121.58735,2
500111070,20231104,726,18,17,1,25.04177,121.58735,1
500111070,20231104,727,18,17,1,25.04177,121.58735,1
500111070,20231104,728,18,17,1,25.04177,121.58735,1
500111070,20231104,729,18,17,1,25.04177,121.58735,1
500111070,20231104,730,18,18,1,25.04177,121.58735,0
500111070,20231104,731,18,18,1,25.04177,121.58735,0
500111070,20231104,732,18,18,1,25.04177,121.58735,0
500111070,20231104,733,18,18,1,25.04177,121.58735,0
500111070,20231104,734,18,18,1,25.04177,121.58735,0
500111070,20231104,735,18,18,1,25.04177,121.58735,0
500111070,20231104,737,18,18,1,25.04177,121.58735,0
500111070,20231104,738,18,18,1,25.04177,121.58735,0
500111070,20231104,739,18,18,1,25.04177,121.58735,0
500111070,20231104,741,18,18,1,25.04177,121.58735,0
500111070,20231104,742,18,18,1,25.04177,121.58735,0
500111070,20231104,743,18,18,1,25.04177,121.58735,0
500111070,20231104,744,18,17,1,25.04177,121.58735,1
500111070,20231104,745,18,17,1,25.04177,121.58735,1
500111070,20231104,746,18,17,1,25.04177,121.58735,1
500111070,20231104,747,18,18,1,25.04177,121.58735,0
500111070,20231104,748,18,18,1,25.04177,121.58735,0
500111070,20231104,749,18,18,1,25.04177,121.58735,0
500111070,20231104,751,18,18,1,25.04177,121.58735,0
500111070,20231104,752,18,18,1,25.04177,121.58735,0
500111070,20231104,753,18,18,1,25.04177,121.58735,0
500111070,20231104,754,18,18,1,25.04177,121.58735,0
500111070,20231104,755,18,18,1,25.04177,121.58735,0
500111070,20231104,756,18,18,1,25.04177,121.58735,0
500111070,20231104,757,18,18,1,25.04177,121.58735,0
500111070,20231104,758,18,18,1,25.04177,121.58735,0
500111070,20231104,759,18,18,1,25.04177,121.58735,0
500111070,20231104,761,18,18,1,25.04177,121.58735,0
500111070,20231104,762,18,18,1,25.04177,121.58735,0
500111070,20231104,763,18,18,1,25.04177,121.58735,0
500111070,20231104,764,18,18,1,25.04177,121.58735,0
500111070,20231104,765,18,18,1,25.04177,121.58735,0
500111070,20231104,766,18,18,1,25.04177,121.58735,0
500111070,20231104,767,18,16,1,25.04177,121.58735,2
500111070,20231104,768,18,16,1,25.04177,121.58735,2
500111070,20231104,769,18,16,1,25.04177,121.58735,2
500111070,20231104,771,18,14,1,25.04177,121.58735,4
500111070,20231104,772,18,14,1,25.04177,121.58735,4
500111070,20231104,773,18,13,1,25.04177,121.58735,5
500111070,20231104,775,18,13,1,25.04177,121.58735,5
500111070,20231104,776,18,13,1,25.04177,121.58735,5
500111070,20231104,777,18,13,1,25.04177,121.58735,5
500111070,20231104,778,18,13,1,25.04177,121.58735,5
500111070,20231104,779,18,13,1,25.04177,121.58735,5
500111070,20231104,781,18,13,1,25.04177,121.58735,5
500111070,20231104,782,18,13,1,25.04177,121.58735,5
500111070,20231104,783,18,14,1,25.04177,121.58735,4
500111070,20231104,784,18,14,1,25.04177,121.58735,4
500111070,20231104,785,18,13,1,25.04177,121.58735,5
500111070,20231104,786,18,13,1,25.04177,121.58735,5
500111070,20231104,787,18,13,1,25.04177,121.58735,5
500111070,20231104,788,18,13,1,25.04177,121.58735,5
500111070,20231104,789,18,13,1,25.04177,121.58735,5
500111070,20231104,791,18,13,1,25.04177,121.58735,5
500111070,20231104,792,18,13,1,25.04177,121.58735,5
500111070,20231104,793,18,13,1,25.04177,121.58735,5
500111070,20231104,794,18,13,1,25.04177,121.58735,5
500111070,20231104,795,18,13,1,25.04177,121.58735,5
500111070,20231104,796,18,14,1,25.04177,121.58735,4
500111070,20231104,797,18,14,1,25.04177,121.58735,4
500111070,20231104,798,18,14,1,25.04177,121.58735,4
500111070,20231104,799,18,14,1,25.04177,121.58735,4
500111070,20231104,801,18,15,1,25.04177,121.58735,3
500111070,20231104,802,18,15,1,25.04177,121.58735,3
500111070,20231104,803,18,15,1,25.04177,121.58735,3
500111070,20231104,804,18,15,1,25.04177,121.58735,3
500111070,20231104,805,18,16,1,25.04177,121.58735,2
500111070,20231104,806,18,16,1,25.04177,121.58735,2
500111070,20231104,807,18,16,1,25.04177,121.58735,2
500111070,20231104,808,18,16,1,25.04177,121.58735,2
500111070,20231104,809,18,17,1,25.04177,121.58735,1
500111070,20231104,811,18,13,1,25.04177,121.58735,5
500111070,20231104,812,18,13,1,25.04177,121.58735,5
500111070,20231104,813,18,13,1,25.04177,121.58735,5
500111070,20231104,814,18,13,1,25.04177,121.58735,5
500111070,20231104,815,18,13,1,25.04177,121.58735,5
500111070,20231104,816,18,13,1,25.04177,121.58735,5
500111070,20231104,817,18,13,1,25.04177,121.58735,5
500111070,20231104,818,18,13,1,25.04177,121.58735,5
500111070,20231104,819,18,13,1,25.04177,121.58735,5
500111070,20231104,821,18,13,1,25.04177,121.58735,5
500111070,20231104,822,18,13,1,25.04177,121.58735,5
500111070,20231104,823,18,13,1,25.04177,121.58735,5
500111070,20231104,824,18,13,1,25.04177,121.58735,5
500111070,20231104,825,18,13,1,25.04177,121.58735,5
500111070,20231104,826,18,13,1,25.04177,121.58735,5
500111070,20231104,827,18,14,1,25.04177,121.58735,4
500111070,20231104,828,18,14,1,25.04177,121.58735,4
500111070,20231104,829,18,15,1,25.04177,121.58735,3
500111070,20231104,831,18,16,1,25.04177,121.58735,2
500111070,20231104,832,18,15,1,25.04177,121.58735,3
500111070,20231104,833,18,15,1,25.04177,121.58735,3
500111070,20231104,834,18,15,1,25.04177,121.58735,3
500111070,20231104,835,18,15,1,25.04177,121.58735,3
500111070,20231104,836,18,15,1,25.04177,121.58735,3
500111070,20231104,837,18,15,1,25.04177,121.58735,3
500111070,20231104,838,18,15,1,25.04177,121.58735,3
500111070,20231104,839,18,15,1,25.04177,121.58735,3
500111070,20231104,841,18,15,1,25.04177,121.58735,3
500111070,20231104,842,18,15,1,25.04177,121.58735,3
500111070,20231104,843,18,15,1,25.04177,121.58735,3
500111070,20231104,844,18,15,1,25.04177,121.58735,3
500111070,20231104,845,18,16,1,25.04177,121.58735,2
500111070,20231104,846,18,17,1,25.04177,121.58735,1
500111070,20231104,847,18,17,1,25.04177,121.58735,1
500111070,20231104,848,18,17,1,25.04177,121.58735,1
500111070,20231104,849,18,17,1,25.04177,121.58735,1
500111070,20231104,850,18,17,1,25.04177,121.58735,1
500111070,20231104,851,18,17,1,25.04177,121.58735,1
500111070,20231104,852,18,18,1,25.04177,121.58735,0
500111070,20231104,853,18,18,1,25.04177,121.58735,0
500111070,20231104,854,18,18,1,25.04177,121.58735,0
500111070,20231104,855,18,18,1,25.04177,121.58735,0
500111070,20231104,856,18,18,1,25.04177,121.58735,0
500111070,20231104,857,18,18,1,25.04177,121.58735,0
500111070,20231104,858,18,18,1,25.04177,121.58735,0
500111070,20231104,859,18,18,1,25.04177,121.58735,0
500111070,20231104,861,18,18,1,25.04177,121.58735,0
500111070,20231104,862,18,18,1,25.04177,121.58735,0
500111070,20231104,863,18,17,1,25.04177,121.58735,1
500111070,20231104,864,18,16,1,25.04177,121.58735,2
500111070,20231104,865,18,16,1,25.04177,121.58735,2
500111070,20231104,866,18,16,1,25.04177,121.58735,2
500111070,20231104,867,18,16,1,25.04177,121.58735,2
500111070,20231104,868,18,16,1,25.04177,121.58735,2
500111070,20231104,869,18,16,1,25.04177,121.58735,2
500111070,20231104,871,18,17,1,25.04177,121.58735,1
500111070,20231104,872,18,17,1,25.04177,121.58735,1
500111070,20231104,873,18,17,1,25.04177,121.58735,1
500111070,20231104,874,18,18,1,25.04177,121.58735,0
500111070,20231104,875,18,18,1,25.04177,121.58735,0
500111070,20231104,876,18,18,1,25.04177,121.58735,0
500111070,20231104,877,18,18,1,25.04177,121.58735,0
500111070,20231104,878,18,18,1,25.04177,121.58735,0
500111070,20231104,879,18,18,1,25.04177,121.58735,0
500111070,20231104,880,18,18,1,25.04177,121.58735,0
500111070,20231104,881,18,18,1,25.04177,121.58735,0
500111070,20231104,882,18,18,1,25.04177,121.58735,0
500111070,20231104,883,18,18,1,25.04177,121.58735,0
500111070,20231104,884,18,18,1,25.04177,121.58735,0
500111070,20231104,885,18,18,1,25.04177,121.58735,0
500111070,20231104,886,18,18,1,25.04177,121.58735,0
500111070,20231104,887,18,18,1,25.04177,121.58735,0
500111070,20231104,888,18,18,1,25.04177,121.58735,0
500111070,20231104,889,18,18,1,25.04177,121.58735,0
500111070,20231104,890,18,18,1,25.04177,121.58735,0
500111070,20231104,891,18,18,1,25.04177,121.58735,0
500111070,20231104,892,18,18,1,25.04177,121.58735,0
500111070,20231104,893,18,18,1,25.04177,121.58735,0
500111070,20231104,894,18,18,1,25.04177,121.58735,0
500111070,20231104,895,18,18,1,25.04177,121.58735,0
500111070,20231104,896,18,18,1,25.04177,121.58735,0
500111070,20231104,897,18,18,1,25.04177,121.58735,0
500111070,20231104,898,18,18,1,25.04177,121.58735,0
500111070,20231104,899,18,18,1,25.04177,121.58735,0
500111070,20231104,901,18,18,1,25.04177,121.58735,0
500111070,20231104,902,18,18,1,25.04177,121.58735,0
500111070,20231104,903,18,18,1,25.04177,121.58735,0
500111070,20231104,904,18,18,1,25.04177,121.58735,0
500111070,20231104,905,18,18,1,25.04177,121.58735,0
500111070,20231104,906,18,18,1,25.04177,121.58735,0
500111070,20231104,907,18,18,1,25.04177,121.58735,0
500111070,20231104,908,18,18,1,25.04177,121.58735,0
500111070,20231104,909,18,17,1,25.04177,121.58735,1
500111070,20231104,910,18,17,1,25.04177,121.58735,1
500111070,20231104,911,18,16,1,25.04177,121.58735,2
500111070,20231104,912,18,17,1,25.04177,121.58735,1
500111070,20231104,913,18,17,1,25.04177,121.58735,1
500111070,20231104,914,18,17,1,25.04177,121.58735,1
500111070,20231104,915,18,17,1,25.04177,121.58735,1
500111070,20231104,916,18,17,1,25.04177,121.58735,1
500111070,20231104,917,18,16,1,25.04177,121.58735,2
500111070,20231104,918,18,16,1,25.04177,121.58735,2
500111070,20231104,919,18,16,1,25.04177,121.58735,2
500111070,20231104,921,18,15,1,25.04177,121.58735,3
500111070,20231104,922,18,15,1,25.04177,121.58735,3
500111070,20231104,923,18,15,1,25.04177,121.58735,3
500111070,20231104,924,18,15,1,25.04177,121.58735,3
500111070,20231104,925,18,15,1,25.04177,121.58735,3
500111070,20231104,926,18,15,1,25.04177,121.58735,3
500111070,20231104,927,18,16,1,25.04177,121.58735,2
500111070,20231104,928,18,18,1,25.04177,121.58735,0
500111070,20231104,929,18,17,1,25.04177,121.58735,1
500111070,20231104,931,18,17,1,25.04177,121.58735,1
500111070,20231104,932,18,17,1,25.04177,121.58735,1
500111070,20231104,933,18,17,1,25.04177,121.58735,1
500111070,20231104,934,18,17,1,25.04177,121.58735,1
500111070,20231104,935,18,17,1,25.04177,121.58735,1
500111070,20231104,936,18,17,1,25.04177,121.58735,1
500111070,20231104,937,18,18,1,25.04177,121.58735,0
500111070,20231104,938,18,18,1,25.04177,121.58735,0
500111070,20231104,939,18,18,1,25.04177,121.58735,0
500111070,20231104,940,18,18,1,25.04177,121.58735,0
500111070,20231104,941,18,18,1,25.04177,121.58735,0
500111070,20231104,942,18,17,1,25.04177,121.58735,1
500111070,20231104,943,18,17,1,25.04177,121.58735,1
500111070,20231104,944,18,16,1,25.04177,121.58735,2
500111070,20231104,945,18,16,1,25.04177,121.58735,2
500111070,20231104,946,18,16,1,25.04177,121.58735,2
500111070,20231104,947,18,17,1,25.04177,121.58735,1
500111070,20231104,948,18,17,1,25.04177,121.58735,1
500111070,20231104,949,18,17,1,25.04177,121.58735,1
500111070,20231104,950,18,17,1,25.04177,121.58735,1
500111070,20231104,951,18,17,1,25.04177,121.58735,1
500111070,20231104,952,18,17,1,25.04177,121.58735,1
500111070,20231104,953,18,16,1,25.04177,121.58735,2
500111070,20231104,954,18,15,1,25.04177,121.58735,3
500111070,20231104,955,18,15,1,25.04177,121.58735,3
500111070,20231104,956,18,15,1,25.04177,121.58735,3
500111070,20231104,957,18,15,1,25.04177,121.58735,3
500111070,20231104,958,18,15,1,25.04177,121.58735,3
500111070,20231104,959,18,15,1,25.04177,121.58735,3
500111070,20231104,961,18,15,1,25.04177,121.58735,3
500111070,20231104,962,18,15,1,25.04177,121.58735,3
500111070,20231104,963,18,16,1,25.04177,121.58735,2
500111070,20231104,964,18,18,1,25.04177,121.58735,0
500111070,20231104,965,18,18,1,25.04177,121.58735,0
500111070,20231104,966,18,18,1,25.04177,121.58735,0
500111070,20231104,967,18,18,1,25.04177,121.58735,0
500111070,20231104,968,18,17,1,25.04177,121.58735,1
500111070,20231104,969,18,17,1,25.04177,121.58735,1
500111070,20231104,970,18,18,1,25.04177,121.58735,0
500111070,20231104,971,18,18,1,25.04177,121.58735,0
500111070,20231104,972,18,18,1,25.04177,121.58735,0
500111070,20231104,973,18,18,1,25.04177,121.58735,0
500111070,20231104,974,18,18,1,25.04177,121.58735,0
500111070,20231104,975,18,18,1,25.04177,121.58735,0
500111070,20231104,976,18,18,1,25.04177,121.58735,0
500111070,20231104,977,18,18,1,25.04177,121.58735,0
500111070,20231104,978,18,18,1,25.04177,121.58735,0
500111070,20231104,979,18,18,1,25.04177,121.58735,0
500111070,20231104,981,18,16,1,25.04177,121.58735,2
500111070,20231104,982,18,17,1,25.04177,121.58735,1
500111070,20231104,983,18,17,1,25.04177,121.58735,1
500111070,20231104,984,18,17,1,25.04177,121.58735,1
500111070,20231104,985,18,17,1,25.04177,121.58735,1
500111070,20231104,986,18,17,1,25.04177,121.58735,1
500111070,20231104,987,18,17,1,25.04177,121.58735,1
500111070,20231104,988,18,17,1,25.04177,121.58735,1
500111070,20231104,989,18,18,1,25.04177,121.58735,0
500111070,20231104,991,18,18,1,25.04177,121.58735,0
500111070,20231104,992,18,18,1,25.04177,121.58735,0
500111070,20231104,993,18,18,1,25.04177,121.58735,0
500111070,20231104,994,18,18,1,25.04177,121.58735,0
500111070,20231104,995,18,18,1,25.04177,121.58735,0
500111070,20231104,996,18,18,1,25.04177,121.58735,0
500111070,20231104,997,18,18,1,25.04177,121.58735,0
500111070,20231104,998,18,18,1,25.04177,121.58735,0
500111070,20231104,999,18,16,1,25.04177,121.58735,2
500111070,20231104,1000,18,17,1,25.04177,121.58735,1
500111070,20231104,1001,18,17,1,25.04177,121.58735,1
500111070,20231104,1002,18,17,1,25.04177,121.58735,1
500111070,20231104,1003,18,17,1,25.04177,121.58735,1
500111070,20231104,1004,18,16,1,25.04177,121.58735,2
500111070,20231104,1005,18,16,1,25.04177,121.58735,2
500111070,20231104,1006,18,16,1,25.04177,121.58735,2
500111070,20231104,1007,18,17,1,25.04177,121.58735,1
500111070,20231104,1008,18,17,1,25.04177,121.58735,1
500111070,20231104,1009,18,16,1,25.04177,121.58735,2
500111070,20231104,1011,18,15,1,25.04177,121.58735,3
500111070,20231104,1012,18,15,1,25.04177,121.58735,3
500111070,20231104,1013,18,15,1,25.04177,121.58735,3
500111070,20231104,1014,18,15,1,25.04177,121.58735,3
500111070,20231104,1015,18,15,1,25.04177,121.58735,3
500111070,20231104,1016,18,15,1,25.04177,121.58735,3
500111070,20231104,1017,18,15,1,25.04177,121.58735,3
500111070,20231104,1018,18,15,1,25.04177,121.58735,3
500111070,20231104,1019,18,15,1,25.04177,121.58735,3
500111070,20231104,1021,18,15,1,25.04177,121.58735,3
500111070,20231104,1022,18,16,1,25.04177,121.58735,2
500111070,20231104,1023,18,16,1,25.04177,121.58735,2
500111070,20231104,1024,18,16,1,25.04177,121.58735,2
500111070,20231104,1025,18,16,1,25.04177,121.58735,2
500111070,20231104,1026,18,17,1,25.04177,121.58735,1
500111070,20231104,1027,18,18,1,25.04177,121.58735,0
500111070,20231104,1029,18,18,1,25.04177,121.58735,0
500111070,20231104,1031,18,17,1,25.04177,121.58735,1
500111070,20231104,1032,18,18,1,25.04177,121.58735,0
500111070,20231104,1033,18,18,1,25.04177,121.58735,0
500111070,20231104,1034,18,18,1,25.04177,121.58735,0
500111070,20231104,1035,18,18,1,25.04177,121.58735,0
500111070,20231104,1036,18,18,1,25.04177,121.58735,0
500111070,20231104,1037,18,18,1,25.04177,121.58735,0
500111070,20231104,1038,18,18,1,25.04177,121.58735,0
500111070,20231104,1039,18,18,1,25.04177,121.58735,0
500111070,20231104,1041,18,18,1,25.04177,121.58735,0
500111070,20231104,1042,18,18,1,25.04177,121.58735,0
500111070,20231104,1043,18,18,1,25.04177,121.58735,0
500111070,20231104,1044,18,18,1,25.04177,121.58735,0
500111070,20231104,1045,18,18,1,25.04177,121.58735,0
500111070,20231104,1046,18,18,1,25.04177,121.58735,0
500111070,20231104,1047,18,18,1,25.04177,121.58735,0
500111070,20231104,1048,18,18,1,25.04177,121.58735,0
500111070,20231104,1049,18,18,1,25.04177,121.58735,0
500111070,20231104,1051,18,18,1,25.04177,121.58735,0
500111070,20231104,1052,18,18,1,25.04177,121.58735,0
500111070,20231104,1053,18,18,1,25.04177,121.58735,0
500111070,20231104,1054,18,17,1,25.04177,121.58735,1
500111070,20231104,1055,18,17,1,25.04177,121.58735,1
500111070,20231104,1056,18,17,1,25.04177,121.58735,1
500111070,20231104,1057,18,17,1,25.04177,121.58735,1
500111070,20231104,1058,18,17,1,25.04177,121.58735,1
500111070,20231104,1059,18,16,1,25.04177,121.58735,2
500111070,20231104,1061,18,15,1,25.04177,121.58735,3
500111070,20231104,1062,18,15,1,25.04177,121.58735,3
500111070,20231104,1063,18,15,1,25.04177,121.58735,3
500111070,20231104,1064,18,15,1,25.04177,121.58735,3
500111070,20231104,1065,18,15,1,25.04177,121.58735,3
500111070,20231104,1067,18,15,1,25.04177,121.58735,3
500111070,20231104,1068,18,15,1,25.04177,121.58735,3
500111070,20231104,1069,18,15,1,25.04177,121.58735,3
500111070,20231104,1071,18,14,1,25.04177,121.58735,4
500111070,20231104,1072,18,14,1,25.04177,121.58735,4
500111070,20231104,1073,18,15,1,25.04177,121.58735,3
500111070,20231104,1074,18,15,1,25.04177,121.58735,3
500111070,20231104,1075,18,15,1,25.04177,121.58735,3
500111070,20231104,1076,18,16,1,25.04177,121.58735,2
500111070,20231104,1077,18,16,1,25.04177,121.58735,2
500111070,20231104,1078,18,16,1,25.04177,121.58735,2
500111070,20231104,1079,18,16,1,25.04177,121.58735,2
500111070,20231104,1081,18,16,1,25.04177,121.58735,2
500111070,20231104,1082,18,16,1,25.04177,121.58735,2
500111070,20231104,1083,18,16,1,25.04177,121.58735,2
500111070,20231104,1084,18,16,1,25.04177,121.58735,2
500111070,20231104,1085,18,16,1,25.04177,121.58735,2
500111070,20231104,1086,18,16,1,25.04177,121.58735,2
500111070,20231104,1087,18,14,1,25.04177,121.58735,4
500111070,20231104,1088,18,13,1,25.04177,121.58735,5
500111070,20231104,1089,18,14,1,25.04177,121.58735,4
500111070,20231104,1091,18,14,1,25.04177,121.58735,4
500111070,20231104,1092,18,14,1,25.04177,121.58735,4
500111070,20231104,1093,18,14,1,25.04177,121.58735,4
500111070,20231104,1094,18,14,1,25.04177,121.58735,4
500111070,20231104,1095,18,13,1,25.04177,121.58735,5
500111070,20231104,1096,18,13,1,25.04177,121.58735,5
500111070,20231104,1097,18,13,1,25.04177,121.58735,5
500111070,20231104,1098,18,13,1,25.04177,121.58735,5
500111070,20231104,1099,18,16,1,25.04177,121.58735,2
500111070,20231104,1101,18,16,1,25.04177,121.58735,2
500111070,20231104,1102,18,16,1,25.04177,121.58735,2
500111070,20231104,1103,18,16,1,25.04177,121.58735,2
500111070,20231104,1104,18,16,1,25.04177,121.58735,2
500111070,20231104,1105,18,17,1,25.04177,121.58735,1
500111070,20231104,1106,18,18,1,25.04177,121.58735,0
500111070,20231104,1107,18,17,1,25.04177,121.58735,1
500111070,20231104,1108,18,17,1,25.04177,121.58735,1
500111070,20231104,1109,18,17,1,25.04177,121.58735,1
500111070,20231104,1111,18,16,1,25.04177,121.58735,2
500111070,20231104,1112,18,16,1,25.04177,121.58735,2
500111070,20231104,1113,18,14,1,25.04177,121.58735,4
500111070,20231104,1114,18,13,1,25.04177,121.58735,5
500111070,20231104,1115,18,13,1,25.04177,121.58735,5
500111070,20231104,1116,18,15,1,25.04177,121.58735,3
500111070,20231104,1117,18,15,1,25.04177,121.58735,3
500111070,20231104,1118,18,14,1,25.04177,121.58735,4
500111070,20231104,1119,18,14,1,25.04177,121.58735,4
500111070,20231104,1120,18,14,1,25.04177,121.58735,4
500111070,20231104,1121,18,14,1,25.04177,121.58735,4
500111070,20231104,1122,18,14,1,25.04177,121.58735,4
500111070,20231104,1123,18,14,1,25.04177,121.58735,4
500111070,20231104,1124,18,14,1,25.04177,121.58735,4
500111070,20231104,1125,18,14,1,25.04177,121.58735,4
500111070,20231104,1126,18,14,1,25.04177,121.58735,4
500111070,20231104,1127,18,14,1,25.04177,121.58735,4
500111070,20231104,1128,18,14,1,25.04177,121.58735,4
500111070,20231104,1129,18,13,1,25.04177,121.58735,5
500111070,20231104,1130,18,13,1,25.04177,121.58735,5
500111070,20231104,1131,18,13,1,25.04177,121.58735,5
500111070,20231104,1132,18,13,1,25.04177,121.58735,5
500111070,20231104,1133,18,13,1,25.04177,121.58735,5
500111070,20231104,1134,18,12,1,25.04177,121.58735,6
500111070,20231104,1135,18,12,1,25.04177,121.58735,6
500111070,20231104,1136,18,11,1,25.04177,121.58735,7
500111070,20231104,1137,18,11,1,25.04177,121.58735,7
500111070,20231104,1138,18,11,1,25.04177,121.58735,7
500111070,20231104,1139,18,11,1,25.04177,121.58735,7
500111070,20231104,1141,18,11,1,25.04177,121.58735,7
500111070,20231104,1142,18,11,1,25.04177,121.58735,7
500111070,20231104,1143,18,11,1,25.04177,121.58735,7
500111070,20231104,1144,18,12,1,25.04177,121.58735,6
500111070,20231104,1145,18,12,1,25.04177,121.58735,6
500111070,20231104,1146,18,12,1,25.04177,121.58735,6
500111070,20231104,1147,18,12,1,25.04177,121.58735,6
500111070,20231104,1148,18,11,1,25.04177,121.58735,7
500111070,20231104,1149,18,11,1,25.04177,121.58735,7
500111070,20231104,1150,18,11,1,25.04177,121.58735,7
500111070,20231104,1151,18,11,1,25.04177,121.58735,7
500111070,20231104,1152,18,11,1,25.04177,121.58735,7
500111070,20231104,1153,18,11,1,25.04177,121.58735,7
500111070,20231104,1154,18,12,1,25.04177,121.58735,6
500111070,20231104,1155,18,12,1,25.04177,121.58735,6
500111070,20231104,1156,18,11,1,25.04177,121.58735,7
500111070,20231104,1157,18,11,1,25.04177,121.58735,7
500111070,20231104,1158,18,12,1,25.04177,121.58735,6
500111070,20231104,1159,18,12,1,25.04177,121.58735,6
500111070,20231104,1161,18,12,1,25.04177,121.58735,6
500111070,20231104,1162,18,12,1,25.04177,121.58735,6
500111070,20231104,1163,18,12,1,25.04177,121.58735,6
500111070,20231104,1164,18,12,1,25.04177,121.58735,6
500111070,20231104,1165,18,12,1,25.04177,121.58735,6
500111070,20231104,1166,18,12,1,25.04177,121.58735,6
500111070,20231104,1167,18,12,1,25.04177,121.58735,6
500111070,20231104,1168,18,11,1,25.04177,121.58735,7
500111070,20231104,1169,18,10,1,25.04177,121.58735,8
500111070,20231104,1171,18,10,1,25.04177,121.58735,8
500111070,20231104,1172,18,10,1,25.04177,121.58735,8
500111070,20231104,1173,18,10,1,25.04177,121.58735,8
500111070,20231104,1174,18,10,1,25.04177,121.58735,8
500111070,20231104,1175,18,10,1,25.04177,121.58735,8
500111070,20231104,1176,18,10,1,25.04177,121.58735,8
500111070,20231104,1177,18,10,1,25.04177,121.58735,8
500111070,20231104,1178,18,10,1,25.04177,121.58735,8
500111070,20231104,1179,18,10,1,25.04177,121.58735,8
500111070,20231104,1180,18,10,1,25.04177,121.58735,8
500111070,20231104,1181,18,10,1,25.04177,121.58735,8
500111070,20231104,1182,18,11,1,25.04177,121.58735,7
500111070,20231104,1183,18,9,1,25.04177,121.58735,9
500111070,20231104,1184,18,9,1,25.04177,121.58735,9
500111070,20231104,1185,18,9,1,25.04177,121.58735,9
500111070,20231104,1186,18,9,1,25.04177,121.58735,9
500111070,20231104,1187,18,9,1,25.04177,121.58735,9
500111070,20231104,1188,18,10,1,25.04177,121.58735,8
500111070,20231104,1189,18,10,1,25.04177,121.58735,8
500111070,20231104,1190,18,10,1,25.04177,121.58735,8
500111070,20231104,1191,18,10,1,25.04177,121.58735,8
500111070,20231104,1192,18,10,1,25.04177,121.58735,8
500111070,20231104,1193,18,10,1,25.04177,121.58735,8
500111070,20231104,1194,18,10,1,25.04177,121.58735,8
500111070,20231104,1195,18,10,1,25.04177,121.58735,8
500111070,20231104,1196,18,9,1,25.04177,121.58735,9
500111070,20231104,1197,18,9,1,25.04177,121.58735,9
500111070,20231104,1198,18,9,1,25.04177,121.58735,9
500111070,20231104,1199,18,9,1,25.04177,121.58735,9
500111070,20231104,1201,18,9,1,25.04177,121.58735,9
500111070,20231104,1202,18,9,1,25.04177,121.58735,9
500111070,20231104,1203,18,9,1,25.04177,121.58735,9
500111070,20231104,1204,18,9,1,25.04177,121.58735,9
500111070,20231104,1205,18,8,1,25.04177,121.58735,10
500111070,20231104,1206,18,8,1,25.04177,121.58735,10
500111070,20231104,1207,18,8,1,25.04177,121.58735,10
500111070,20231104,1208,18,8,1,25.04177,121.58735,10
500111070,20231104,1209,18,8,1,25.04177,121.58735,10
500111070,20231104,1210,18,6,1,25.04177,121.58735,12
500111070,20231104,1211,18,6,1,25.04177,121.58735,12
500111070,20231104,1212,18,6,1,25.04177,121.58735,12
500111070,20231104,1213,18,6,1,25.04177,121.58735,12
500111070,20231104,1214,18,6,1,25.04177,121.58735,12
500111070,20231104,1215,18,6,1,25.04177,121.58735,12
500111070,20231104,1216,18,6,1,25.04177,121.58735,12
500111070,20231104,1217,18,6,1,25.04177,121.58735,12
500111070,20231104,1218,18,6,1,25.04177,121.58735,12
500111070,20231104,1219,18,6,1,25.04177,121.58735,12
500111070,20231104,1221,18,6,1,25.04177,121.58735,12
500111070,20231104,1222,18,6,1,25.04177,121.58735,12
500111070,20231104,1223,18,6,1,25.04177,121.58735,12
500111070,20231104,1224,18,6,1,25.04177,121.58735,12
500111070,20231104,1225,18,6,1,25.04177,121.58735,12
500111070,20231104,1226,18,6,1,25.04177,121.58735,12
500111070,20231104,1227,18,6,1,25.04177,121.58735,12
500111070,20231104,1228,18,8,1,25.04177,121.58735,10
500111070,20231104,1229,18,8,1,25.04177,121.58735,10
500111070,20231104,1231,18,9,1,25.04177,121.58735,9
500111070,20231104,1232,18,9,1,25.04177,121.58735,9
500111070,20231104,1233,18,9,1,25.04177,121.58735,9
500111070,20231104,1234,18,9,1,25.04177,121.58735,9
500111070,20231104,1235,18,9,1,25.04177,121.58735,9
500111070,20231104,1236,18,9,1,25.04177,121.58735,9
500111070,20231104,1237,18,9,1,25.04177,121.58735,9
500111070,20231104,1238,18,9,1,25.04177,121.58735,9
500111070,20231104,1239,18,9,1,25.04177,121.58735,9
500111070,20231104,1240,18,9,1,25.04177,121.58735,9
500111070,20231104,1241,18,9,1,25.04177,121.58735,9
500111070,20231104,1242,18,9,1,25.04177,121.58735,9
500111070,20231104,1243,18,9,1,25.04177,121.58735,9
500111070,20231104,1244,18,9,1,25.04177,121.58735,9
500111070,20231104,1245,18,9,1,25.04177,121.58735,9
500111070,20231104,1246,18,9,1,25.04177,121.58735,9
500111070,20231104,1247,18,9,1,25.04177,121.58735,9
500111070,20231104,1248,18,10,1,25.04177,121.58735,8
500111070,20231104,1249,18,10,1,25.04177,121.58735,8
500111070,20231104,1250,18,10,1,25.04177,121.58735,8
500111070,20231104,1251,18,10,1,25.04177,121.58735,8
500111070,20231104,1252,18,10,1,25.04177,121.58735,8
500111070,20231104,1253,18,9,1,25.04177,121.58735,9
500111070,20231104,1254,18,9,1,25.04177,121.58735,9
500111070,20231104,1255,18,9,1,25.04177,121.58735,9
500111070,20231104,1256,18,9,1,25.04177,121.58735,9
500111070,20231104,1257,18,9,1,25.04177,121.58735,9
500111070,20231104,1258,18,9,1,25.04177,121.58735,9
500111070,20231104,1259,18,9,1,25.04177,121.58735,9
500111070,20231104,1261,18,9,1,25.04177,121.58735,9
500111070,20231104,1262,18,9,1,25.04177,121.58735,9
500111070,20231104,1263,18,8,1,25.04177,121.58735,10
500111070,20231104,1264,18,8,1,25.04177,121.58735,10
500111070,20231104,1265,18,8,1,25.04177,121.58735,10
500111070,20231104,1266,18,8,1,25.04177,121.58735,10
500111070,20231104,1267,18,8,1,25.04177,121.58735,10
500111070,20231104,1268,18,8,1,25.04177,121.58735,10
500111070,20231104,1269,18,9,1,25.04177,121.58735,9
500111070,20231104,1270,18,9,1,25.04177,121.58735,9
500111070,20231104,1271,18,10,1,25.04177,121.58735,8
500111070,20231104,1272,18,10,1,25.04177,121.58735,8
500111070,20231104,1273,18,10,1,25.04177,121.58735,8
500111070,20231104,1274,18,9,1,25.04177,121.58735,9
500111070,20231104,1275,18,9,1,25.04177,121.58735,9
500111070,20231104,1276,18,9,1,25.04177,121.58735,9
500111070,20231104,1277,18,9,1,25.04177,121.58735,9
500111070,20231104,1278,18,9,1,25.04177,121.58735,9
500111070,20231104,1279,18,9,1,25.04177,121.58735,9
500111070,20231104,1282,18,7,1,25.04177,121.58735,11
500111070,20231104,1283,18,7,1,25.04177,121.58735,11
500111070,20231104,1284,18,7,1,25.04177,121.58735,11
500111070,20231104,1285,18,8,1,25.04177,121.58735,10
500111070,20231104,1286,18,7,1,25.04177,121.58735,11
500111070,20231104,1287,18,7,1,25.04177,121.58735,11
500111070,20231104,1288,18,7,1,25.04177,121.58735,11
500111070,20231104,1289,18,5,1,25.04177,121.58735,13
500111070,20231104,1291,18,5,1,25.04177,121.58735,13
500111070,20231104,1292,18,5,1,25.04177,121.58735,13
500111070,20231104,1293,18,5,1,25.04177,121.58735,13
500111070,20231104,1294,18,4,1,25.04177,121.58735,14
500111070,20231104,1295,18,4,1,25.04177,121.58735,14
500111070,20231104,1296,18,3,1,25.04177,121.58735,15
500111070,20231104,1297,18,3,1,25.04177,121.58735,15
500111070,20231104,1298,18,3,1,25.04177,121.58735,15
500111070,20231104,1299,18,3,1,25.04177,121.58735,15
500111070,20231104,1301,18,3,1,25.04177,121.58735,15
500111070,20231104,1302,18,6,1,25.04177,121.58735,12
500111070,20231104,1303,18,6,1,25.04177,121.58735,12
500111070,20231104,1304,18,6,1,25.04177,121.58735,12
500111070,20231104,1305,18,6,1,25.04177,121.58735,12
500111070,20231104,1306,18,6,1,25.04177,121.58735,12
500111070,20231104,1307,18,6,1,25.04177,121.58735,12
500111070,20231104,1308,18,6,1,25.04177,121.58735,12
500111070,20231104,1309,18,6,1,25.04177,121.58735,12
500111070,20231104,1311,18,6,1,25.04177,121.58735,12
500111070,20231104,1312,18,5,1,25.04177,121.58735,13
500111070,20231104,1313,18,5,1,25.04177,121.58735,13
500111070,20231104,1314,18,5,1,25.04177,121.58735,13
500111070,20231104,1315,18,5,1,25.04177,121.58735,13
500111070,20231104,1316,18,5,1,25.04177,121.58735,13
500111070,20231104,1317,18,5,1,25.04177,121.58735,13
500111070,20231104,1318,18,5,1,25.04177,121.58735,13
500111070,20231104,1319,18,5,1,25.04177,121.58735,13
500111070,20231104,1321,18,5,1,25.04177,121.58735,13
500111070,20231104,1322,18,4,1,25.04177,121.58735,14
500111070,20231104,1323,18,4,1,25.04177,121.58735,14
500111070,20231104,1324,18,4,1,25.04177,121.58735,14
500111070,20231104,1325,18,4,1,25.04177,121.58735,14
500111070,20231104,1326,18,4,1,25.04177,121.58735,14
500111070,20231104,1327,18,4,1,25.04177,121.58735,14
500111070,20231104,1328,18,4,1,25.04177,121.58735,14
500111070,20231104,1329,18,4,1,25.04177,121.58735,14
500111070,20231104,1331,18,4,1,25.04177,121.58735,14
500111070,20231104,1332,18,4,1,25.04177,121.58735,14
500111070,20231104,1333,18,4,1,25.04177,121.58735,14
500111070,20231104,1334,18,4,1,25.04177,121.58735,14
500111070,20231104,1335,18,4,1,25.04177,121.58735,14
500111070,20231104,1336,18,4,1,25.04177,121.58735,14
500111070,20231104,1337,18,4,1,25.04177,121.58735,14
500111070,20231104,1338,18,4,1,25.04177,121.58735,14
500111070,20231104,1339,18,4,1,25.04177,121.58735,14
500111070,20231104,1341,18,8,1,25.04177,121.58735,10
500111070,20231104,1342,18,11,1,25.04177,121.58735,7
500111070,20231104,1343,18,13,1,25.04177,121.58735,5
500111070,20231104,1344,18,15,1,25.04177,121.58735,3
500111070,20231104,1345,18,16,1,25.04177,121.58735,2
500111070,20231104,1346,18,16,1,25.04177,121.58735,2
500111070,20231104,1347,18,16,1,25.04177,121.58735,2
500111070,20231104,1348,18,16,1,25.04177,121.58735,2
500111070,20231104,1349,18,16,1,25.04177,121.58735,2
500111070,20231104,1351,18,15,1,25.04177,121.58735,3
500111070,20231104,1352,18,15,1,25.04177,121.58735,3
500111070,20231104,1353,18,15,1,25.04177,121.58735,3
500111070,20231104,1354,18,15,1,25.04177,121.58735,3
500111070,20231104,1355,18,15,1,25.04177,121.58735,3
500111070,20231104,1356,18,15,1,25.04177,121.58735,3
500111070,20231104,1357,18,14,1,25.04177,121.58735,4
500111070,20231104,1358,18,14,1,25.04177,121.58735,4
500111070,20231104,1359,18,14,1,25.04177,121.58735,4
500111070,20231104,1361,18,14,1,25.04177,121.58735,4
500111070,20231104,1362,18,14,1,25.04177,121.58735,4
500111070,20231104,1363,18,14,1,25.04177,121.58735,4
500111070,20231104,1364,18,14,1,25.04177,121.58735,4
500111070,20231104,1365,18,15,1,25.04177,121.58735,3
500111070,20231104,1366,18,15,1,25.04177,121.58735,3
500111070,20231104,1367,18,16,1,25.04177,121.58735,2
500111070,20231104,1368,18,16,1,25.04177,121.58735,2
500111070,20231104,1369,18,16,1,25.04177,121.58735,2
500111070,20231104,1370,18,16,1,25.04177,121.58735,2
500111070,20231104,1371,18,16,1,25.04177,121.58735,2
500111070,20231104,1372,18,16,1,25.04177,121.58735,2
500111070,20231104,1373,18,16,1,25.04177,121.58735,2
500111070,20231104,1374,18,17,1,25.04177,121.58735,1
500111070,20231104,1375,18,17,1,25.04177,121.58735,1
500111070,20231104,1376,18,15,1,25.04177,121.58735,3
500111070,20231104,1377,18,15,1,25.04177,121.58735,3
500111070,20231104,1378,18,15,1,25.04177,121.58735,3
500111070,20231104,1379,18,15,1,25.04177,121.58735,3
500111070,20231104,1381,18,14,1,25.04177,121.58735,4
500111070,20231104,1382,18,13,1,25.04177,121.58735,5
500111070,20231104,1383,18,13,1,25.04177,121.58735,5
500111070,20231104,1384,18,13,1,25.04177,121.58735,5
500111070,20231104,1385,18,13,1,25.04177,121.58735,5
500111070,20231104,1386,18,12,1,25.04177,121.58735,6
500111070,20231104,1387,18,12,1,25.04177,121.58735,6
500111070,20231104,1388,18,14,1,25.04177,121.58735,4
500111070,20231104,1389,18,14,1,25.04177,121.58735,4
500111070,20231104,1390,18,14,1,25.04177,121.58735,4
500111070,20231104,1391,18,14,1,25.04177,121.58735,4
500111070,20231104,1392,18,14,1,25.04177,121.58735,4
500111070,20231104,1393,18,14,1,25.04177,121.58735,4
500111070,20231104,1394,18,14,1,25.04177,121.58735,4
500111070,20231104,1395,18,14,1,25.04177,121.58735,4
500111070,20231104,1396,18,14,1,25.04177,121.58735,4
500111070,20231104,1397,18,14,1,25.04177,121.58735,4
500111070,20231104,1398,18,14,1,25.04177,121.58735,4
500111070,20231104,1399,18,14,1,25.04177,121.58735,4
500111070,20231104,1401,18,14,1,25.04177,121.58735,4
500111070,20231104,1402,18,14,1,25.04177,121.58735,4
500111070,20231104,1403,18,14,1,25.04177,121.58735,4
500111070,20231104,1404,18,14,1,25.04177,121.58735,4
500111070,20231104,1405,18,12,1,25.04177,121.58735,6
500111070,20231104,1406,18,12,1,25.04177,121.58735,6
500111070,20231104,1407,18,12,1,25.04177,121.58735,6
500111070,20231104,1408,18,12,1,25.04177,121.58735,6
500111070,20231104,1409,18,11,1,25.04177,121.58735,7
500111070,20231104,1410,18,11,1,25.04177,121.58735,7
500111070,20231104,1411,18,11,1,25.04177,121.58735,7
500111070,20231104,1412,18,11,1,25.04177,121.58735,7
500111070,20231104,1413,18,11,1,25.04177,121.58735,7
500111070,20231104,1414,18,11,1,25.04177,121.58735,7
500111070,20231104,1415,18,11,1,25.04177,121.58735,7
500111070,20231104,1416,18,11,1,25.04177,121.58735,7
500111070,20231104,1417,18,11,1,25.04177,121.58735,7
500111070,20231104,1418,18,10,1,25.04177,121.58735,8
500111070,20231104,1419,18,10,1,25.04177,121.58735,8
500111070,20231104,1420,18,10,1,25.04177,121.58735,8
500111070,20231104,1421,18,9,1,25.04177,121.58735,9
500111070,20231104,1422,18,9,1,25.04177,121.58735,9
500111070,20231104,1423,18,9,1,25.04177,121.58735,9
500111070,20231104,1424,18,9,1,25.04177,121.58735,9
500111070,20231104,1425,18,9,1,25.04177,121.58735,9
500111070,20231104,1426,18,9,1,25.04177,121.58735,9
500111070,20231104,1427,18,9,1,25.04177,121.58735,9
500111070,20231104,1428,18,9,1,25.04177,121.58735,9
500111070,20231104,1429,18,9,1,25.04177,121.58735,9
500111070,20231104,1430,18,9,1,25.04177,121.58735,9
500111070,20231104,1431,18,8,1,25.04177,121.58735,10
500111070,20231104,1432,18,8,1,25.04177,121.58735,10
500111070,20231104,1433,18,9,1,25.04177,121.58735,9
500111070,20231104,1434,18,9,1,25.04177,121.58735,9
500111070,20231104,1435,18,9,1,25.04177,121.58735,9
500111070,20231104,1436,18,9,1,25.04177,121.58735,9
500111070,20231104,1437,18,9,1,25.04177,121.58735,9
500111070,20231104,1438,18,9,1,25.04177,121.58735,9
500111070,20231104,1439,18,8,1,25.04177,121.58735,10
500111070,20231105,1,18,8,1,25.04177,121.58735,10
500111070,20231105,2,18,8,1,25.04177,121.58735,10
500111070,20231105,3,18,8,1,25.04177,121.58735,10
500111070,20231105,4,18,8,1,25.04177,121.58735,10
500111070,20231105,5,18,8,1,25.04177,121.58735,10
500111070,20231105,6,18,8,1,25.04177,121.58735,10
500111070,20231105,7,18,8,1,25.04177,121.58735,10
500111070,20231105,8,18,8,1,25.04177,121.58735,10
500111070,20231105,9,18,8,1,25.04177,121.58735,10
500111070,20231105,10,18,8,1,25.04177,121.58735,10
500111070,20231105,11,18,7,1,25.04177,121.58735,11
500111070,20231105,12,18,7,1,25.04177,121.58735,11
500111070,20231105,13,18,7,1,25.04177,121.58735,11
500111070,20231105,14,18,7,1,25.04177,121.58735,11
500111070,20231105,15,18,7,1,25.04177,121.58735,11
500111070,20231105,16,18,7,1,25.04177,121.58735,11
500111070,20231105,17,18,7,1,25.04177,121.58735,11
500111070,20231105,18,18,7,1,25.04177,121.58735,11
500111070,20231105,19,18,7,1,25.04177,121.58735,11
500111070,20231105,21,18,5,1,25.04177,121.58735,13
500111070,20231105,22,18,5,1,25.04177,121.58735,13
500111070,20231105,23,18,5,1,25.04177,121.58735,13
500111070,20231105,24,18,5,1,25.04177,121.58735,13
500111070,20231105,25,18,5,1,25.04177,121.58735,13
500111070,20231105,26,18,5,1,25.04177,121.58735,13
500111070,20231105,27,18,5,1,25.04177,121.58735,13
500111070,20231105,28,18,5,1,25.04177,121.58735,13
500111070,20231105,29,18,5,1,25.04177,121.58735,13
500111070,20231105,30,18,7,1,25.04177,121.58735,11
500111070,20231105,31,18,7,1,25.04177,121.58735,11
500111070,20231105,32,18,7,1,25.04177,121.58735,11
500111070,20231105,33,18,7,1,25.04177,121.58735,11
500111070,20231105,34,18,7,1,25.04177,121.58735,11
500111070,20231105,35,18,7,1,25.04177,121.58735,11
500111070,20231105,37,18,7,1,25.04177,121.58735,11
500111070,20231105,38,18,7,1,25.04177,121.58735,11
500111070,20231105,39,18,7,1,25.04177,121.58735,11
500111070,20231105,41,18,7,1,25.04177,121.58735,11
500111070,20231105,42,18,7,1,25.04177,121.58735,11
500111070,20231105,43,18,7,1,25.04177,121.58735,11
500111070,20231105,44,18,7,1,25.04177,121.58735,11
500111070,20231105,45,18,7,1,25.04177,121.58735,11
500111070,20231105,46,18,7,1,25.04177,121.58735,11
500111070,20231105,47,18,7,1,25.04177,121.58735,11
500111070,20231105,48,18,7,1,25.04177,121.58735,11
500111070,20231105,49,18,7,1,25.04177,121.58735,11
500111070,20231105,51,18,7,1,25.04177,121.58735,11
500111070,20231105,52,18,7,1,25.04177,121.58735,11
500111070,20231105,53,18,7,1,25.04177,121.58735,11
500111070,20231105,54,18,6,1,25.04177,121.58735,12
500111070,20231105,55,18,6,1,25.04177,121.58735,12
500111070,20231105,56,18,6,1,25.04177,121.58735,12
500111070,20231105,57,18,6,1,25.04177,121.58735,12
500111070,20231105,58,18,6,1,25.04177,121.58735,12
500111070,20231105,59,18,6,1,25.04177,121.58735,12
500111070,20231105,61,18,6,1,25.04177,121.58735,12
500111070,20231105,62,18,6,1,25.04177,121.58735,12
500111070,20231105,63,18,6,1,25.04177,121.58735,12
500111070,20231105,64,18,6,1,25.04177,121.58735,12
500111070,20231105,65,18,6,1,25.04177,121.58735,12
500111070,20231105,66,18,6,1,25.04177,121.58735,12
500111070,20231105,67,18,6,1,25.04177,121.58735,12
500111070,20231105,68,18,6,1,25.04177,121.58735,12
500111070,20231105,69,18,6,1,25.04177,121.58735,12
500111070,20231105,71,18,5,1,25.04177,121.58735,13
500111070,20231105,72,18,5,1,25.04177,121.58735,13
500111070,20231105,73,18,5,1,25.04177,121.58735,13
500111070,20231105,74,18,5,1,25.04177,121.58735,13
500111070,20231105,75,18,5,1,25.04177,121.58735,13
500111070,20231105,76,18,5,1,25.04177,121.58735,13
500111070,20231105,77,18,5,1,25.04177,121.58735,13
500111070,20231105,78,18,5,1,25.04177,121.58735,13
500111070,20231105,79,18,5,1,25.04177,121.58735,13
500111070,20231105,81,18,5,1,25.04177,121.58735,13
500111070,20231105,82,18,5,1,25.04177,121.58735,13
500111070,20231105,83,18,5,1,25.04177,121.58735,13
500111070,20231105,84,18,5,1,25.04177,121.58735,13
500111070,20231105,85,18,5,1,25.04177,121.58735,13
500111070,20231105,86,18,5,1,25.04177,121.58735,13
500111070,20231105,87,18,5,1,25.04177,121.58735,13
500111070,20231105,88,18,5,1,25.04177,121.58735,13
500111070,20231105,89,18,5,1,25.04177,121.58735,13
500111070,20231105,91,18,5,1,25.04177,121.58735,13
500111070,20231105,92,18,5,1,25.04177,121.58735,13
500111070,20231105,93,18,5,1,25.04177,121.58735,13
500111070,20231105,94,18,5,1,25.04177,121.58735,13
500111070,20231105,95,18,5,1,25.04177,121.58735,13
500111070,20231105,96,18,5,1,25.04177,121.58735,13
500111070,20231105,97,18,5,1,25.04177,121.58735,13
500111070,20231105,98,18,5,1,25.04177,121.58735,13
500111070,20231105,99,18,5,1,25.04177,121.58735,13
500111070,20231105,101,18,5,1,25.04177,121.58735,13
500111070,20231105,102,18,4,1,25.04177,121.58735,14
500111070,20231105,103,18,4,1,25.04177,121.58735,14
500111070,20231105,104,18,4,1,25.04177,121.58735,14
500111070,20231105,105,18,4,1,25.04177,121.58735,14
500111070,20231105,106,18,4,1,25.04177,121.58735,14
500111070,20231105,107,18,4,1,25.04177,121.58735,14
500111070,20231105,108,18,4,1,25.04177,121.58735,14
500111070,20231105,109,18,4,1,25.04177,121.58735,14
500111070,20231105,111,18,4,1,25.04177,121.58735,14
500111070,20231105,112,18,4,1,25.04177,121.58735,14
500111070,20231105,113,18,4,1,25.04177,121.58735,14
500111070,20231105,114,18,4,1,25.04177,121.58735,14
500111070,20231105,115,18,4,1,25.04177,121.58735,14
500111070,20231105,116,18,4,1,25.04177,121.58735,14
500111070,20231105,117,18,4,1,25.04177,121.58735,14
500111070,20231105,118,18,4,1,25.04177,121.58735,14
500111070,20231105,119,18,4,1,25.04177,121.58735,14
500111070,20231105,121,18,4,1,25.04177,121.58735,14
500111070,20231105,122,18,4,1,25.04177,121.58735,14
500111070,20231105,123,18,4,1,25.04177,121.58735,14
500111070,20231105,124,18,4,1,25.04177,121.58735,14
500111070,20231105,125,18,4,1,25.04177,121.58735,14
500111070,20231105,126,18,4,1,25.04177,121.58735,14
500111070,20231105,127,18,4,1,25.04177,121.58735,14
500111070,20231105,128,18,4,1,25.04177,121.58735,14
500111070,20231105,129,18,4,1,25.04177,121.58735,14
500111070,20231105,131,18,4,1,25.04177,121.58735,14
500111070,20231105,132,18,4,1,25.04177,121.58735,14
500111070,20231105,133,18,4,1,25.04177,121.58735,14
500111070,20231105,134,18,4,1,25.04177,121.58735,14
500111070,20231105,135,18,4,1,25.04177,121.58735,14
500111070,20231105,136,18,4,1,25.04177,121.58735,14
500111070,20231105,137,18,4,1,25.04177,121.58735,14
500111070,20231105,138,18,4,1,25.04177,121.58735,14
500111070,20231105,139,18,4,1,25.04177,121.58735,14
500111070,20231105,141,18,4,1,25.04177,121.58735,14
500111070,20231105,142,18,4,1,25.04177,121.58735,14
500111070,20231105,143,18,4,1,25.04177,121.58735,14
500111070,20231105,144,18,4,1,25.04177,121.58735,14
500111070,20231105,145,18,4,1,25.04177,121.58735,14
500111070,20231105,146,18,4,1,25.04177,121.58735,14
500111070,20231105,147,18,4,1,25.04177,121.58735,14
500111070,20231105,148,18,4,1,25.04177,121.58735,14
500111070,20231105,149,18,4,1,25.04177,121.58735,14
500111070,20231105,150,18,4,1,25.04177,121.58735,14
500111070,20231105,151,18,4,1,25.04177,121.58735,14
500111070,20231105,152,18,4,1,25.04177,121.58735,14
500111070,20231105,153,18,4,1,25.04177,121.58735,14
500111070,20231105,154,18,4,1,25.04177,121.58735,14
500111070,20231105,155,18,4,1,25.04177,121.58735,14
500111070,20231105,156,18,4,1,25.04177,121.58735,14
500111070,20231105,157,18,4,1,25.04177,121.58735,14
500111070,20231105,158,18,4,1,25.04177,121.58735,14
500111070,20231105,159,18,4,1,25.04177,121.58735,14
500111070,20231105,160,18,4,1,25.04177,121.58735,14
500111070,20231105,161,18,4,1,25.04177,121.58735,14
500111070,20231105,162,18,4,1,25.04177,121.58735,14
500111070,20231105,163,18,4,1,25.04177,121.58735,14
500111070,20231105,164,18,4,1,25.04177,121.58735,14
500111070,20231105,165,18,4,1,25.04177,121.58735,14
500111070,20231105,166,18,4,1,25.04177,121.58735,14
500111070,20231105,167,18,4,1,25.04177,121.58735,14
500111070,20231105,168,18,4,1,25.04177,121.58735,14
500111070,20231105,169,18,4,1,25.04177,121.58735,14
500111070,20231105,170,18,4,1,25.04177,121.58735,14
500111070,20231105,171,18,4,1,25.04177,121.58735,14
500111070,20231105,172,18,4,1,25.04177,121.58735,14
500111070,20231105,173,18,3,1,25.04177,121.58735,15
500111070,20231105,174,18,3,1,25.04177,121.58735,15
500111070,20231105,175,18,3,1,25.04177,121.58735,15
500111070,20231105,176,18,3,1,25.04177,121.58735,15
500111070,20231105,177,18,3,1,25.04177,121.58735,15
500111070,20231105,178,18,3,1,25.04177,121.58735,15
500111070,20231105,179,18,3,1,25.04177,121.58735,15
500111070,20231105,180,18,3,1,25.04177,121.58735,15
500111070,20231105,181,18,3,1,25.04177,121.58735,15
500111070,20231105,182,18,3,1,25.04177,121.58735,15
500111070,20231105,183,18,3,1,25.04177,121.58735,15
500111070,20231105,184,18,3,1,25.04177,121.58735,15
500111070,20231105,185,18,3,1,25.04177,121.58735,15
500111070,20231105,186,18,3,1,25.04177,121.58735,15
500111070,20231105,187,18,3,1,25.04177,121.58735,15
500111070,20231105,188,18,3,1,25.04177,121.58735,15
500111070,20231105,189,18,3,1,25.04177,121.58735,15
500111070,20231105,190,18,3,1,25.04177,121.58735,15
500111070,20231105,191,18,3,1,25.04177,121.58735,15
500111070,20231105,192,18,3,1,25.04177,121.58735,15
500111070,20231105,193,18,3,1,25.04177,121.58735,15
500111070,20231105,194,18,3,1,25.04177,121.58735,15
500111070,20231105,195,18,3,1,25.04177,121.58735,15
500111070,20231105,196,18,3,1,25.04177,121.58735,15
500111070,20231105,197,18,3,1,25.04177,121.58735,15
500111070,20231105,198,18,3,1,25.04177,121.58735,15
500111070,20231105,199,18,3,1,25.04177,121.58735,15
500111070,20231105,201,18,3,1,25.04177,121.58735,15
500111070,20231105,202,18,3,1,25.04177,121.58735,15
500111070,20231105,203,18,3,1,25.04177,121.58735,15
500111070,20231105,204,18,3,1,25.04177,121.58735,15
500111070,20231105,205,18,3,1,25.04177,121.58735,15
500111070,20231105,206,18,3,1,25.04177,121.58735,15
500111070,20231105,207,18,3,1,25.04177,121.58735,15
500111070,20231105,208,18,3,1,25.04177,121.58735,15
500111070,20231105,209,18,3,1,25.04177,121.58735,15
500111070,20231105,210,18,2,1,25.04177,121.58735,16
500111070,20231105,211,18,2,1,25.04177,121.58735,16
500111070,20231105,212,18,2,1,25.04177,121.58735,16
500111070,20231105,213,18,1,1,25.04177,121.58735,17
500111070,20231105,214,18,1,1,25.04177,121.58735,17
500111070,20231105,215,18,1,1,25.04177,121.58735,17
500111070,20231105,216,18,1,1,25.04177,121.58735,17
500111070,20231105,217,18,1,1,25.04177,121.58735,17
500111070,20231105,218,18,1,1,25.04177,121.58735,17
500111070,20231105,219,18,1,1,25.04177,121.58735,17
500111070,20231105,220,18,1,1,25.04177,121.58735,17
500111070,20231105,221,18,1,1,25.04177,121.58735,17
500111070,20231105,222,18,1,1,25.04177,121.58735,17
500111070,20231105,223,18,1,1,25.04177,121.58735,17
500111070,20231105,224,18,1,1,25.04177,121.58735,17
500111070,20231105,225,18,1,1,25.04177,121.58735,17
500111070,20231105,226,18,1,1,25.04177,121.58735,17
500111070,20231105,227,18,1,1,25.04177,121.58735,17
500111070,20231105,228,18,1,1,25.04177,121.58735,17
500111070,20231105,229,18,1,1,25.04177,121.58735,17
500111070,20231105,230,18,1,1,25.04177,121.58735,17
500111070,20231105,231,18,1,1,25.04177,121.58735,17
500111070,20231105,232,18,1,1,25.04177,121.58735,17
500111070,20231105,233,18,1,1,25.04177,121.58735,17
500111070,20231105,234,18,1,1,25.04177,121.58735,17
500111070,20231105,235,18,1,1,25.04177,121.58735,17
500111070,20231105,236,18,1,1,25.04177,121.58735,17
500111070,20231105,237,18,1,1,25.04177,121.58735,17
500111070,20231105,239,18,1,1,25.04177,121.58735,17
500111070,20231105,241,18,1,1,25.04177,121.58735,17
500111070,20231105,242,18,1,1,25.04177,121.58735,17
500111070,20231105,243,18,1,1,25.04177,121.58735,17
500111070,20231105,244,18,1,1,25.04177,121.58735,17
500111070,20231105,245,18,1,1,25.04177,121.58735,17
500111070,20231105,246,18,1,1,25.04177,121.58735,17
500111070,20231105,247,18,1,1,25.04177,121.58735,17
500111070,20231105,248,18,1,1,25.04177,121.58735,17
500111070,20231105,249,18,1,1,25.04177,121.58735,17
500111070,20231105,251,18,1,1,25.04177,121.58735,17
500111070,20231105,252,18,1,1,25.04177,121.58735,17
500111070,20231105,253,18,1,1,25.04177,121.58735,17
500111070,20231105,254,18,1,1,25.04177,121.58735,17
500111070,20231105,256,18,1,1,25.04177,121.58735,17
500111070,20231105,257,18,1,1,25.04177,121.58735,17
500111070,20231105,258,18,1,1,25.04177,121.58735,17
500111070,20231105,259,18,1,1,25.04177,121.58735,17
500111070,20231105,261,18,1,1,25.04177,121.58735,17
500111070,20231105,262,18,1,1,25.04177,121.58735,17
500111070,20231105,263,18,1,1,25.04177,121.58735,17
500111070,20231105,264,18,1,1,25.04177,121.58735,17
500111070,20231105,265,18,1,1,25.04177,121.58735,17
500111070,20231105,267,18,1,1,25.04177,121.58735,17
500111070,20231105,268,18,1,1,25.04177,121.58735,17
500111070,20231105,269,18,1,1,25.04177,121.58735,17
500111070,20231105,270,18,1,1,25.04177,121.58735,17
500111070,20231105,272,18,1,1,25.04177,121.58735,17
500111070,20231105,274,18,1,1,25.04177,121.58735,17
500111070,20231105,275,18,1,1,25.04177,121.58735,17
500111070,20231105,276,18,1,1,25.04177,121.58735,17
500111070,20231105,278,18,1,1,25.04177,121.58735,17
500111070,20231105,279,18,1,1,25.04177,121.58735,17
500111070,20231105,280,18,1,1,25.04177,121.58735,17
500111070,20231105,281,18,1,1,25.04177,121.58735,17
500111070,20231105,282,18,1,1,25.04177,121.58735,17
500111070,20231105,283,18,1,1,25.04177,121.58735,17
500111070,20231105,284,18,1,1,25.04177,121.58735,17
500111070,20231105,285,18,1,1,25.04177,121.58735,17
500111070,20231105,286,18,1,1,25.04177,121.58735,17
500111070,20231105,288,18,1,1,25.04177,121.58735,17
500111070,20231105,289,18,1,1,25.04177,121.58735,17
500111070,20231105,291,18,1,1,25.04177,121.58735,17
500111070,20231105,292,18,1,1,25.04177,121.58735,17
500111070,20231105,293,18,1,1,25.04177,121.58735,17
500111070,20231105,294,18,1,1,25.04177,121.58735,17
500111070,20231105,296,18,1,1,25.04177,121.58735,17
500111070,20231105,297,18,1,1,25.04177,121.58735,17
500111070,20231105,298,18,1,1,25.04177,121.58735,17
500111070,20231105,299,18,1,1,25.04177,121.58735,17
500111070,20231105,300,18,1,1,25.04177,121.58735,17
500111070,20231105,301,18,1,1,25.04177,121.58735,17
500111070,20231105,303,18,1,1,25.04177,121.58735,17
500111070,20231105,304,18,1,1,25.04177,121.58735,17
500111070,20231105,305,18,1,1,25.04177,121.58735,17
500111070,20231105,306,18,1,1,25.04177,121.58735,17
500111070,20231105,307,18,1,1,25.04177,121.58735,17
500111070,20231105,308,18,1,1,25.04177,121.58735,17
500111070,20231105,309,18,1,1,25.04177,121.58735,17
500111070,20231105,310,18,1,1,25.04177,121.58735,17
500111070,20231105,311,18,1,1,25.04177,121.58735,17
500111070,20231105,312,18,1,1,25.04177,121.58735,17
500111070,20231105,313,18,1,1,25.04177,121.58735,17
500111070,20231105,314,18,1,1,25.04177,121.58735,17
500111070,20231105,315,18,1,1,25.04177,121.58735,17
500111070,20231105,316,18,1,1,25.04177,121.58735,17
500111070,20231105,317,18,1,1,25.04177,121.58735,17
500111070,20231105,318,18,1,1,25.04177,121.58735,17
500111070,20231105,319,18,1,1,25.04177,121.58735,17
500111070,20231105,321,18,1,1,25.04177,121.58735,17
500111070,20231105,322,18,1,1,25.04177,121.58735,17
500111070,20231105,323,18,1,1,25.04177,121.58735,17
500111070,20231105,324,18,1,1,25.04177,121.58735,17
500111070,20231105,325,18,1,1,25.04177,121.58735,17
500111070,20231105,326,18,1,1,25.04177,121.58735,17
500111070,20231105,327,18,1,1,25.04177,121.58735,17
500111070,20231105,328,18,1,1,25.04177,121.58735,17
500111070,20231105,329,18,1,1,25.04177,121.58735,17
500111070,20231105,330,18,1,1,25.04177,121.58735,17
500111070,20231105,331,18,1,1,25.04177,121.58735,17
500111070,20231105,332,18,1,1,25.04177,121.58735,17
500111070,20231105,333,18,1,1,25.04177,121.58735,17
500111070,20231105,334,18,1,1,25.04177,121.58735,17
500111070,20231105,335,18,1,1,25.04177,121.58735,17
500111070,20231105,336,18,1,1,25.04177,121.58735,17
500111070,20231105,337,18,2,1,25.04177,121.58735,16
500111070,20231105,338,18,2,1,25.04177,121.58735,16
500111070,20231105,339,18,2,1,25.04177,121.58735,16
500111070,20231105,340,18,2,1,25.04177,121.58735,16
500111070,20231105,342,18,2,1,25.04177,121.58735,16
500111070,20231105,343,18,2,1,25.04177,121.58735,16
500111070,20231105,344,18,2,1,25.04177,121.58735,16
500111070,20231105,345,18,2,1,25.04177,121.58735,16
500111070,20231105,346,18,2,1,25.04177,121.58735,16
500111070,20231105,347,18,2,1,25.04177,121.58735,16
500111070,20231105,348,18,2,1,25.04177,121.58735,16
500111070,20231105,349,18,2,1,25.04177,121.58735,16
500111070,20231105,350,18,2,1,25.04177,121.58735,16
500111070,20231105,351,18,2,1,25.04177,121.58735,16
500111070,20231105,352,18,2,1,25.04177,121.58735,16
500111070,20231105,353,18,2,1,25.04177,121.58735,16
500111070,20231105,354,18,2,1,25.04177,121.58735,16
500111070,20231105,355,18,2,1,25.04177,121.58735,16
500111070,20231105,356,18,2,1,25.04177,121.58735,16
500111070,20231105,357,18,2,1,25.04177,121.58735,16
500111070,20231105,358,18,1,1,25.04177,121.58735,17
500111070,20231105,359,18,1,1,25.04177,121.58735,17
500111070,20231105,360,18,1,1,25.04177,121.58735,17
500111070,20231105,361,18,1,1,25.04177,121.58735,17
500111070,20231105,362,18,1,1,25.04177,121.58735,17
500111070,20231105,363,18,1,1,25.04177,121.58735,17
500111070,20231105,364,18,1,1,25.04177,121.58735,17
500111070,20231105,365,18,1,1,25.04177,121.58735,17
500111070,20231105,366,18,1,1,25.04177,121.58735,17
500111070,20231105,367,18,1,1,25.04177,121.58735,17
500111070,20231105,368,18,1,1,25.04177,121.58735,17
500111070,20231105,369,18,1,1,25.04177,121.58735,17
500111070,20231105,370,18,1,1,25.04177,121.58735,17
500111070,20231105,371,18,1,1,25.04177,121.58735,17
500111070,20231105,372,18,0,1,25.04177,121.58735,18
500111070,20231105,373,18,2,1,25.04177,121.58735,16
500111070,20231105,374,18,2,1,25.04177,121.58735,16
500111070,20231105,375,18,2,1,25.04177,121.58735,16
500111070,20231105,376,18,2,1,25.04177,121.58735,16
500111070,20231105,377,18,2,1,25.04177,121.58735,16
500111070,20231105,378,18,2,1,25.04177,121.58735,16
500111070,20231105,379,18,2,1,25.04177,121.58735,16
500111070,20231105,381,18,2,1,25.04177,121.58735,16
500111070,20231105,382,18,2,1,25.04177,121.58735,16
500111070,20231105,383,18,2,1,25.04177,121.58735,16
500111070,20231105,384,18,2,1,25.04177,121.58735,16
500111070,20231105,385,18,2,1,25.04177,121.58735,16
500111070,20231105,386,18,2,1,25.04177,121.58735,16
500111070,20231105,387,18,2,1,25.04177,121.58735,16
500111070,20231105,388,18,2,1,25.04177,121.58735,16
500111070,20231105,389,18,2,1,25.04177,121.58735,16
500111070,20231105,390,18,2,1,25.04177,121.58735,16
500111070,20231105,391,18,2,1,25.04177,121.58735,16
500111070,20231105,392,18,2,1,25.04177,121.58735,16
500111070,20231105,393,18,2,1,25.04177,121.58735,16
500111070,20231105,394,18,2,1,25.04177,121.58735,16
500111070,20231105,395,18,2,1,25.04177,121.58735,16
500111070,20231105,396,18,2,1,25.04177,121.58735,16
500111070,20231105,397,18,2,1,25.04177,121.58735,16
500111070,20231105,398,18,3,1,25.04177,121.58735,15
500111070,20231105,399,18,2,1,25.04177,121.58735,16
500111070,20231105,400,18,2,1,25.04177,121.58735,16
500111070,20231105,401,18,2,1,25.04177,121.58735,16
500111070,20231105,402,18,2,1,25.04177,121.58735,16
500111070,20231105,403,18,2,1,25.04177,121.58735,16
500111070,20231105,404,18,2,1,25.04177,121.58735,16
500111070,20231105,405,18,2,1,25.04177,121.58735,16
500111070,20231105,406,18,2,1,25.04177,121.58735,16
500111070,20231105,407,18,2,1,25.04177,121.58735,16
500111070,20231105,408,18,2,1,25.04177,121.58735,16
500111070,20231105,409,18,2,1,25.04177,121.58735,16
500111070,20231105,410,18,2,1,25.04177,121.58735,16
500111070,20231105,411,18,2,1,25.04177,121.58735,16
500111070,20231105,412,18,2,1,25.04177,121.58735,16
500111070,20231105,413,18,2,1,25.04177,121.58735,16
500111070,20231105,414,18,2,1,25.04177,121.58735,16
500111070,20231105,415,18,2,1,25.04177,121.58735,16
500111070,20231105,416,18,2,1,25.04177,121.58735,16
500111070,20231105,417,18,2,1,25.04177,121.58735,16
500111070,20231105,418,18,2,1,25.04177,121.58735,16
500111070,20231105,419,18,2,1,25.04177,121.58735,16
500111070,20231105,420,18,2,1,25.04177,121.58735,16
500111070,20231105,421,18,2,1,25.04177,121.58735,16
500111070,20231105,422,18,3,1,25.04177,121.58735,15
500111070,20231105,423,18,3,1,25.04177,121.58735,15
500111070,20231105,424,18,3,1,25.04177,121.58735,15
500111070,20231105,425,18,3,1,25.04177,121.58735,15
500111070,20231105,426,18,3,1,25.04177,121.58735,15
500111070,20231105,427,18,3,1,25.04177,121.58735,15
500111070,20231105,428,18,3,1,25.04177,121.58735,15
500111070,20231105,429,18,3,1,25.04177,121.58735,15
500111070,20231105,430,18,3,1,25.04177,121.58735,15
500111070,20231105,431,18,4,1,25.04177,121.58735,14
500111070,20231105,432,18,4,1,25.04177,121.58735,14
500111070,20231105,433,18,4,1,25.04177,121.58735,14
500111070,20231105,434,18,4,1,25.04177,121.58735,14
500111070,20231105,435,18,4,1,25.04177,121.58735,14
500111070,20231105,436,18,4,1,25.04177,121.58735,14
500111070,20231105,437,18,4,1,25.04177,121.58735,14
500111070,20231105,438,18,4,1,25.04177,121.58735,14
500111070,20231105,439,18,4,1,25.04177,121.58735,14
500111070,20231105,441,18,4,1,25.04177,121.58735,14
500111070,20231105,442,18,4,1,25.04177,121.58735,14
500111070,20231105,443,18,3,1,25.04177,121.58735,15
500111070,20231105,444,18,3,1,25.04177,121.58735,15
500111070,20231105,445,18,3,1,25.04177,121.58735,15
500111070,20231105,446,18,3,1,25.04177,121.58735,15
500111070,20231105,447,18,4,1,25.04177,121.58735,14
500111070,20231105,448,18,4,1,25.04177,121.58735,14
500111070,20231105,449,18,4,1,25.04177,121.58735,14
500111070,20231105,450,18,4,1,25.04177,121.58735,14
500111070,20231105,451,18,4,1,25.04177,121.58735,14
500111070,20231105,452,18,4,1,25.04177,121.58735,14
500111070,20231105,453,18,4,1,25.04177,121.58735,14
500111070,20231105,454,18,4,1,25.04177,121.58735,14
500111070,20231105,455,18,4,1,25.04177,121.58735,14
500111070,20231105,456,18,4,1,25.04177,121.58735,14
500111070,20231105,457,18,4,1,25.04177,121.58735,14
500111070,20231105,458,18,4,1,25.04177,121.58735,14
500111070,20231105,459,18,4,1,25.04177,121.58735,14
500111070,20231105,460,18,4,1,25.04177,121.58735,14
500111070,20231105,461,18,4,1,25.04177,121.58735,14
500111070,20231105,462,18,4,1,25.04177,121.58735,14
500111070,20231105,463,18,4,1,25.04177,121.58735,14
500111070,20231105,464,18,4,1,25.04177,121.58735,14
500111070,20231105,465,18,4,1,25.04177,121.58735,14
500111070,20231105,466,18,4,1,25.04177,121.58735,14
500111070,20231105,467,18,4,1,25.04177,121.58735,14
500111070,20231105,468,18,4,1,25.04177,121.58735,14
500111070,20231105,469,18,4,1,25.04177,121.58735,14
500111070,20231105,470,18,5,1,25.04177,121.58735,13
500111070,20231105,471,18,5,1,25.04177,121.58735,13
500111070,20231105,472,18,5,1,25.04177,121.58735,13
500111070,20231105,473,18,5,1,25.04177,121.58735,13
500111070,20231105,474,18,5,1,25.04177,121.58735,13
500111070,20231105,475,18,5,1,25.04177,121.58735,13
500111070,20231105,476,18,6,1,25.04177,121.58735,12
500111070,20231105,477,18,7,1,25.04177,121.58735,11
500111070,20231105,478,18,7,1,25.04177,121.58735,11
500111070,20231105,479,18,7,1,25.04177,121.58735,11
500111070,20231105,481,18,7,1,25.04177,121.58735,11
500111070,20231105,482,18,7,1,25.04177,121.58735,11
500111070,20231105,483,18,7,1,25.04177,121.58735,11
500111070,20231105,484,18,7,1,25.04177,121.58735,11
500111070,20231105,485,18,7,1,25.04177,121.58735,11
500111070,20231105,486,18,7,1,25.04177,121.58735,11
500111070,20231105,487,18,7,1,25.04177,121.58735,11
500111070,20231105,488,18,8,1,25.04177,121.58735,10
500111070,20231105,489,18,8,1,25.04177,121.58735,10
500111070,20231105,490,18,8,1,25.04177,121.58735,10
500111070,20231105,491,18,8,1,25.04177,121.58735,10
500111070,20231105,492,18,9,1,25.04177,121.58735,9
500111070,20231105,493,18,9,1,25.04177,121.58735,9
500111070,20231105,494,18,10,1,25.04177,121.58735,8
500111070,20231105,495,18,10,1,25.04177,121.58735,8
500111070,20231105,496,18,10,1,25.04177,121.58735,8
500111070,20231105,497,18,10,1,25.04177,121.58735,8
500111070,20231105,498,18,11,1,25.04177,121.58735,7
500111070,20231105,499,18,11,1,25.04177,121.58735,7
500111070,20231105,501,18,11,1,25.04177,121.58735,7
500111070,20231105,502,18,11,1,25.04177,121.58735,7
500111070,20231105,503,18,9,1,25.04177,121.58735,9
500111070,20231105,504,18,9,1,25.04177,121.58735,9
500111070,20231105,505,18,9,1,25.04177,121.58735,9
500111070,20231105,506,18,9,1,25.04177,121.58735,9
500111070,20231105,507,18,9,1,25.04177,121.58735,9
500111070,20231105,508,18,9,1,25.04177,121.58735,9
500111070,20231105,509,18,9,1,25.04177,121.58735,9
500111070,20231105,511,18,9,1,25.04177,121.58735,9
500111070,20231105,512,18,9,1,25.04177,121.58735,9
500111070,20231105,513,18,11,1,25.04177,121.58735,7
500111070,20231105,514,18,11,1,25.04177,121.58735,7
500111070,20231105,515,18,11,1,25.04177,121.58735,7
500111070,20231105,516,18,12,1,25.04177,121.58735,6
500111070,20231105,517,18,12,1,25.04177,121.58735,6
500111070,20231105,518,18,12,1,25.04177,121.58735,6
500111070,20231105,519,18,12,1,25.04177,121.58735,6
500111070,20231105,520,18,12,1,25.04177,121.58735,6
500111070,20231105,521,18,11,1,25.04177,121.58735,7
500111070,20231105,522,18,11,1,25.04177,121.58735,7
500111070,20231105,523,18,9,1,25.04177,121.58735,9
500111070,20231105,524,18,9,1,25.04177,121.58735,9
500111070,20231105,525,18,9,1,25.04177,121.58735,9
500111070,20231105,526,18,9,1,25.04177,121.58735,9
500111070,20231105,527,18,9,1,25.04177,121.58735,9
500111070,20231105,528,18,8,1,25.04177,121.58735,10
500111070,20231105,529,18,7,1,25.04177,121.58735,11
500111070,20231105,530,18,7,1,25.04177,121.58735,11
500111070,20231105,531,18,7,1,25.04177,121.58735,11
500111070,20231105,532,18,7,1,25.04177,121.58735,11
500111070,20231105,533,18,7,1,25.04177,121.58735,11
500111070,20231105,534,18,7,1,25.04177,121.58735,11
500111070,20231105,535,18,7,1,25.04177,121.58735,11
500111070,20231105,536,18,8,1,25.04177,121.58735,10
500111070,20231105,537,18,8,1,25.04177,121.58735,10
500111070,20231105,538,18,8,1,25.04177,121.58735,10
500111070,20231105,539,18,9,1,25.04177,121.58735,9
500111070,20231105,541,18,9,1,25.04177,121.58735,9
500111070,20231105,542,18,9,1,25.04177,121.58735,9
500111070,20231105,543,18,8,1,25.04177,121.58735,10
500111070,20231105,544,18,7,1,25.04177,121.58735,11
500111070,20231105,545,18,7,1,25.04177,121.58735,11
500111070,20231105,546,18,8,1,25.04177,121.58735,10
500111070,20231105,547,18,8,1,25.04177,121.58735,10
500111070,20231105,548,18,9,1,25.04177,121.58735,9
500111070,20231105,549,18,9,1,25.04177,121.58735,9
500111070,20231105,550,18,7,1,25.04177,121.58735,11
500111070,20231105,551,18,3,1,25.04177,121.58735,15
500111070,20231105,552,18,1,1,25.04177,121.58735,17
500111070,20231105,554,18,1,1,25.04177,121.58735,17
500111070,20231105,555,18,1,1,25.04177,121.58735,17
500111070,20231105,556,18,2,1,25.04177,121.58735,16
500111070,20231105,557,18,2,1,25.04177,121.58735,16
500111070,20231105,558,18,3,1,25.04177,121.58735,15
500111070,20231105,559,18,3,1,25.04177,121.58735,15
500111070,20231105,561,18,3,1,25.04177,121.58735,15
500111070,20231105,562,18,3,1,25.04177,121.58735,15
500111070,20231105,563,18,4,1,25.04177,121.58735,14
500111070,20231105,564,18,5,1,25.04177,121.58735,13
500111070,20231105,565,18,5,1,25.04177,121.58735,13
500111070,20231105,566,18,5,1,25.04177,121.58735,13
500111070,20231105,567,18,5,1,25.04177,121.58735,13
500111070,20231105,568,18,6,1,25.04177,121.58735,12
500111070,20231105,569,18,6,1,25.04177,121.58735,12
500111070,20231105,571,18,6,1,25.04177,121.58735,12
500111070,20231105,572,18,6,1,25.04177,121.58735,12
500111070,20231105,573,18,6,1,25.04177,121.58735,12
500111070,20231105,574,18,6,1,25.04177,121.58735,12
500111070,20231105,575,18,6,1,25.04177,121.58735,12
500111070,20231105,576,18,6,1,25.04177,121.58735,12
500111070,20231105,577,18,6,1,25.04177,121.58735,12
500111070,20231105,578,18,6,1,25.04177,121.58735,12
500111070,20231105,579,18,6,1,25.04177,121.58735,12
500111070,20231105,580,18,6,1,25.04177,121.58735,12
500111070,20231105,581,18,7,1,25.04177,121.58735,11
500111070,20231105,582,18,7,1,25.04177,121.58735,11
500111070,20231105,583,18,7,1,25.04177,121.58735,11
500111070,20231105,584,18,7,1,25.04177,121.58735,11
500111070,20231105,585,18,7,1,25.04177,121.58735,11
500111070,20231105,586,18,7,1,25.04177,121.58735,11
500111070,20231105,587,18,8,1,25.04177,121.58735,10
500111070,20231105,588,18,8,1,25.04177,121.58735,10
500111070,20231105,589,18,8,1,25.04177,121.58735,10
500111070,20231105,590,18,9,1,25.04177,121.58735,9
500111070,20231105,591,18,9,1,25.04177,121.58735,9
500111070,20231105,592,18,9,1,25.04177,121.58735,9
500111070,20231105,593,18,9,1,25.04177,121.58735,9
500111070,20231105,594,18,9,1,25.04177,121.58735,9
500111070,20231105,595,18,9,1,25.04177,121.58735,9
500111070,20231105,596,18,9,1,25.04177,121.58735,9
500111070,20231105,597,18,8,1,25.04177,121.58735,10
500111070,20231105,598,18,8,1,25.04177,121.58735,10
500111070,20231105,599,18,8,1,25.04177,121.58735,10
500111070,20231105,601,18,9,1,25.04177,121.58735,9
500111070,20231105,602,18,9,1,25.04177,121.58735,9
500111070,20231105,603,18,9,1,25.04177,121.58735,9
500111070,20231105,604,18,9,1,25.04177,121.58735,9
500111070,20231105,605,18,9,1,25.04177,121.58735,9
500111070,20231105,606,18,9,1,25.04177,121.58735,9
500111070,20231105,607,18,9,1,25.04177,121.58735,9
500111070,20231105,608,18,9,1,25.04177,121.58735,9
500111070,20231105,609,18,9,1,25.04177,121.58735,9
500111070,20231105,610,18,9,1,25.04177,121.58735,9
500111070,20231105,611,18,9,1,25.04177,121.58735,9
500111070,20231105,612,18,9,1,25.04177,121.58735,9
500111070,20231105,613,18,9,1,25.04177,121.58735,9
500111070,20231105,614,18,9,1,25.04177,121.58735,9
500111070,20231105,615,18,11,1,25.04177,121.58735,7
500111070,20231105,616,18,11,1,25.04177,121.58735,7
500111070,20231105,617,18,11,1,25.04177,121.58735,7
500111070,20231105,618,18,11,1,25.04177,121.58735,7
500111070,20231105,619,18,12,1,25.04177,121.58735,6
500111070,20231105,621,18,12,1,25.04177,121.58735,6
500111070,20231105,622,18,10,1,25.04177,121.58735,8
500111070,20231105,623,18,10,1,25.04177,121.58735,8
500111070,20231105,624,18,10,1,25.04177,121.58735,8
500111070,20231105,625,18,10,1,25.04177,121.58735,8
500111070,20231105,626,18,10,1,25.04177,121.58735,8
500111070,20231105,627,18,10,1,25.04177,121.58735,8
500111070,20231105,628,18,10,1,25.04177,121.58735,8
500111070,20231105,629,18,10,1,25.04177,121.58735,8
500111070,20231105,631,18,10,1,25.04177,121.58735,8
500111070,20231105,632,18,10,1,25.04177,121.58735,8
500111070,20231105,633,18,10,1,25.04177,121.58735,8
500111070,20231105,634,18,10,1,25.04177,121.58735,8
500111070,20231105,635,18,11,1,25.04177,121.58735,7
500111070,20231105,636,18,11,1,25.04177,121.58735,7
500111070,20231105,637,18,11,1,25.04177,121.58735,7
500111070,20231105,638,18,11,1,25.04177,121.58735,7
500111070,20231105,639,18,11,1,25.04177,121.58735,7
500111070,20231105,640,18,12,1,25.04177,121.58735,6
500111070,20231105,641,18,13,1,25.04177,121.58735,5
500111070,20231105,642,18,13,1,25.04177,121.58735,5
500111070,20231105,643,18,13,1,25.04177,121.58735,5
500111070,20231105,644,18,13,1,25.04177,121.58735,5
500111070,20231105,645,18,13,1,25.04177,121.58735,5
500111070,20231105,646,18,13,1,25.04177,121.58735,5
500111070,20231105,647,18,13,1,25.04177,121.58735,5
500111070,20231105,648,18,13,1,25.04177,121.58735,5
500111070,20231105,649,18,13,1,25.04177,121.58735,5
500111070,20231105,650,18,14,1,25.04177,121.58735,4
500111070,20231105,651,18,14,1,25.04177,121.58735,4
500111070,20231105,652,18,14,1,25.04177,121.58735,4
500111070,20231105,653,18,14,1,25.04177,121.58735,4
500111070,20231105,654,18,14,1,25.04177,121.58735,4
500111070,20231105,655,18,14,1,25.04177,121.58735,4
500111070,20231105,656,18,14,1,25.04177,121.58735,4
500111070,20231105,657,18,14,1,25.04177,121.58735,4
500111070,20231105,658,18,15,1,25.04177,121.58735,3
500111070,20231105,659,18,16,1,25.04177,121.58735,2
500111070,20231105,661,18,17,1,25.04177,121.58735,1
500111070,20231105,662,18,17,1,25.04177,121.58735,1
500111070,20231105,663,18,16,1,25.04177,121.58735,2
500111070,20231105,664,18,16,1,25.04177,121.58735,2
500111070,20231105,665,18,16,1,25.04177,121.58735,2
500111070,20231105,666,18,16,1,25.04177,121.58735,2
500111070,20231105,667,18,16,1,25.04177,121.58735,2
500111070,20231105,668,18,16,1,25.04177,121.58735,2
500111070,20231105,669,18,16,1,25.04177,121.58735,2
500111070,20231105,670,18,16,1,25.04177,121.58735,2
500111070,20231105,671,18,16,1,25.04177,121.58735,2
500111070,20231105,672,18,16,1,25.04177,121.58735,2
500111070,20231105,673,18,15,1,25.04177,121.58735,3
500111070,20231105,674,18,15,1,25.04177,121.58735,3
500111070,20231105,675,18,15,1,25.04177,121.58735,3
500111070,20231105,676,18,15,1,25.04177,121.58735,3
500111070,20231105,677,18,14,1,25.04177,121.58735,4
500111070,20231105,678,18,14,1,25.04177,121.58735,4
500111070,20231105,679,18,16,1,25.04177,121.58735,2
500111070,20231105,681,18,16,1,25.04177,121.58735,2
500111070,20231105,682,18,16,1,25.04177,121.58735,2
500111070,20231105,683,18,16,1,25.04177,121.58735,2
500111070,20231105,684,18,17,1,25.04177,121.58735,1
500111070,20231105,685,18,17,1,25.04177,121.58735,1
500111070,20231105,686,18,17,1,25.04177,121.58735,1
500111070,20231105,687,18,14,1,25.04177,121.58735,4
500111070,20231105,688,18,14,1,25.04177,121.58735,4
500111070,20231105,689,18,14,1,25.04177,121.58735,4
500111070,20231105,691,18,14,1,25.04177,121.58735,4
500111070,20231105,692,18,14,1,25.04177,121.58735,4
500111070,20231105,693,18,14,1,25.04177,121.58735,4
500111070,20231105,694,18,14,1,25.04177,121.58735,4
500111070,20231105,695,18,15,1,25.04177,121.58735,3
500111070,20231105,696,18,18,1,25.04177,121.58735,0
500111070,20231105,697,18,18,1,25.04177,121.58735,0
500111070,20231105,698,18,17,1,25.04177,121.58735,1
500111070,20231105,699,18,17,1,25.04177,121.58735,1
500111070,20231105,700,18,17,1,25.04177,121.58735,1
500111070,20231105,701,18,17,1,25.04177,121.58735,1
500111070,20231105,702,18,16,1,25.04177,121.58735,2
500111070,20231105,703,18,16,1,25.04177,121.58735,2
500111070,20231105,704,18,16,1,25.04177,121.58735,2
500111070,20231105,705,18,16,1,25.04177,121.58735,2
500111070,20231105,706,18,16,1,25.04177,121.58735,2
500111070,20231105,707,18,16,1,25.04177,121.58735,2
500111070,20231105,708,18,16,1,25.04177,121.58735,2
500111070,20231105,709,18,16,1,25.04177,121.58735,2
500111070,20231105,710,18,16,1,25.04177,121.58735,2
500111070,20231105,711,18,16,1,25.04177,121.58735,2
500111070,20231105,712,18,16,1,25.04177,121.58735,2
500111070,20231105,713,18,16,1,25.04177,121.58735,2
500111070,20231105,714,18,16,1,25.04177,121.58735,2
500111070,20231105,715,18,16,1,25.04177,121.58735,2
500111070,20231105,716,18,14,1,25.04177,121.58735,4
500111070,20231105,717,18,14,1,25.04177,121.58735,4
500111070,20231105,718,18,14,1,25.04177,121.58735,4
500111070,20231105,719,18,14,1,25.04177,121.58735,4
500111070,20231105,721,18,14,1,25.04177,121.58735,4
500111070,20231105,722,18,14,1,25.04177,121.58735,4
500111070,20231105,723,18,14,1,25.04177,121.58735,4
500111070,20231105,724,18,14,1,25.04177,121.58735,4
500111070,20231105,725,18,15,1,25.04177,121.58735,3
500111070,20231105,726,18,15,1,25.04177,121.58735,3
500111070,20231105,727,18,15,1,25.04177,121.58735,3
500111070,20231105,728,18,15,1,25.04177,121.58735,3
500111070,20231105,729,18,16,1,25.04177,121.58735,2
500111070,20231105,730,18,16,1,25.04177,121.58735,2
500111070,20231105,731,18,16,1,25.04177,121.58735,2
500111070,20231105,732,18,16,1,25.04177,121.58735,2
500111070,20231105,733,18,16,1,25.04177,121.58735,2
500111070,20231105,734,18,15,1,25.04177,121.58735,3
500111070,20231105,735,18,15,1,25.04177,121.58735,3
500111070,20231105,736,18,15,1,25.04177,121.58735,3
500111070,20231105,737,18,15,1,25.04177,121.58735,3
500111070,20231105,738,18,16,1,25.04177,121.58735,2
500111070,20231105,739,18,16,1,25.04177,121.58735,2
500111070,20231105,741,18,17,1,25.04177,121.58735,1
500111070,20231105,742,18,17,1,25.04177,121.58735,1
500111070,20231105,743,18,17,1,25.04177,121.58735,1
500111070,20231105,744,18,17,1,25.04177,121.58735,1
500111070,20231105,745,18,17,1,25.04177,121.58735,1
500111070,20231105,746,18,17,1,25.04177,121.58735,1
500111070,20231105,747,18,17,1,25.04177,121.58735,1
500111070,20231105,749,18,17,1,25.04177,121.58735,1
500111070,20231105,751,18,18,1,25.04177,121.58735,0
500111070,20231105,752,18,18,1,25.04177,121.58735,0
500111070,20231105,753,18,17,1,25.04177,121.58735,1
500111070,20231105,754,18,17,1,25.04177,121.58735,1
500111070,20231105,755,18,17,1,25.04177,121.58735,1
500111070,20231105,756,18,17,1,25.04177,121.58735,1
500111070,20231105,757,18,17,1,25.04177,121.58735,1
500111070,20231105,758,18,11,1,25.04177,121.58735,7
500111070,20231105,759,18,8,1,25.04177,121.58735,10
500111070,20231105,760,18,8,1,25.04177,121.58735,10
500111070,20231105,761,18,8,1,25.04177,121.58735,10
500111070,20231105,762,18,8,1,25.04177,121.58735,10
500111070,20231105,763,18,9,1,25.04177,121.58735,9
500111070,20231105,764,18,9,1,25.04177,121.58735,9
500111070,20231105,765,18,9,1,25.04177,121.58735,9
500111070,20231105,766,18,9,1,25.04177,121.58735,9
500111070,20231105,767,18,9,1,25.04177,121.58735,9
500111070,20231105,768,18,9,1,25.04177,121.58735,9
500111070,20231105,769,18,9,1,25.04177,121.58735,9
500111070,20231105,770,18,11,1,25.04177,121.58735,7
500111070,20231105,771,18,11,1,25.04177,121.58735,7
500111070,20231105,772,18,11,1,25.04177,121.58735,7
500111070,20231105,773,18,12,1,25.04177,121.58735,6
500111070,20231105,774,18,13,1,25.04177,121.58735,5
500111070,20231105,775,18,13,1,25.04177,121.58735,5
500111070,20231105,776,18,12,1,25.04177,121.58735,6
500111070,20231105,777,18,12,1,25.04177,121.58735,6
500111070,20231105,778,18,12,1,25.04177,121.58735,6
500111070,20231105,779,18,12,1,25.04177,121.58735,6
500111070,20231105,781,18,12,1,25.04177,121.58735,6
500111070,20231105,782,18,12,1,25.04177,121.58735,6
500111070,20231105,783,18,12,1,25.04177,121.58735,6
500111070,20231105,784,18,12,1,25.04177,121.58735,6
500111070,20231105,785,18,12,1,25.04177,121.58735,6
500111070,20231105,786,18,12,1,25.04177,121.58735,6
500111070,20231105,787,18,14,1,25.04177,121.58735,4
500111070,20231105,788,18,14,1,25.04177,121.58735,4
500111070,20231105,789,18,15,1,25.04177,121.58735,3
500111070,20231105,790,18,14,1,25.04177,121.58735,4
500111070,20231105,791,18,14,1,25.04177,121.58735,4
500111070,20231105,792,18,12,1,25.04177,121.58735,6
500111070,20231105,793,18,12,1,25.04177,121.58735,6
500111070,20231105,794,18,12,1,25.04177,121.58735,6
500111070,20231105,795,18,12,1,25.04177,121.58735,6
500111070,20231105,796,18,12,1,25.04177,121.58735,6
500111070,20231105,797,18,12,1,25.04177,121.58735,6
500111070,20231105,798,18,12,1,25.04177,121.58735,6
500111070,20231105,799,18,12,1,25.04177,121.58735,6
500111070,20231105,801,18,12,1,25.04177,121.58735,6
500111070,20231105,802,18,12,1,25.04177,121.58735,6
500111070,20231105,803,18,12,1,25.04177,121.58735,6
500111070,20231105,804,18,13,1,25.04177,121.58735,5
500111070,20231105,805,18,14,1,25.04177,121.58735,4
500111070,20231105,806,18,14,1,25.04177,121.58735,4
500111070,20231105,807,18,14,1,25.04177,121.58735,4
500111070,20231105,808,18,14,1,25.04177,121.58735,4
500111070,20231105,809,18,14,1,25.04177,121.58735,4
500111070,20231105,811,18,14,1,25.04177,121.58735,4
500111070,20231105,812,18,14,1,25.04177,121.58735,4
500111070,20231105,813,18,15,1,25.04177,121.58735,3
500111070,20231105,814,18,15,1,25.04177,121.58735,3
500111070,20231105,815,18,15,1,25.04177,121.58735,3
500111070,20231105,816,18,15,1,25.04177,121.58735,3
500111070,20231105,817,18,15,1,25.04177,121.58735,3
500111070,20231105,818,18,15,1,25.04177,121.58735,3
500111070,20231105,819,18,15,1,25.04177,121.58735,3
500111070,20231105,820,18,15,1,25.04177,121.58735,3
500111070,20231105,821,18,15,1,25.04177,121.58735,3
500111070,20231105,822,18,15,1,25.04177,121.58735,3
500111070,20231105,823,18,15,1,25.04177,121.58735,3
500111070,20231105,824,18,15,1,25.04177,121.58735,3
500111070,20231105,825,18,15,1,25.04177,121.58735,3
500111070,20231105,826,18,15,1,25.04177,121.58735,3
500111070,20231105,827,18,15,1,25.04177,121.58735,3
500111070,20231105,828,18,15,1,25.04177,121.58735,3
500111070,20231105,829,18,15,1,25.04177,121.58735,3
500111070,20231105,830,18,14,1,25.04177,121.58735,4
500111070,20231105,831,18,14,1,25.04177,121.58735,4
500111070,20231105,832,18,14,1,25.04177,121.58735,4
500111070,20231105,833,18,14,1,25.04177,121.58735,4
500111070,20231105,834,18,15,1,25.04177,121.58735,3
500111070,20231105,835,18,15,1,25.04177,121.58735,3
500111070,20231105,836,18,15,1,25.04177,121.58735,3
500111070,20231105,837,18,15,1,25.04177,121.58735,3
500111070,20231105,838,18,15,1,25.04177,121.58735,3
500111070,20231105,839,18,15,1,25.04177,121.58735,3
500111070,20231105,841,18,15,1,25.04177,121.58735,3
500111070,20231105,842,18,15,1,25.04177,121.58735,3
500111070,20231105,843,18,15,1,25.04177,121.58735,3
500111070,20231105,844,18,14,1,25.04177,121.58735,4
500111070,20231105,845,18,14,1,25.04177,121.58735,4
500111070,20231105,846,18,14,1,25.04177,121.58735,4
500111070,20231105,847,18,15,1,25.04177,121.58735,3
500111070,20231105,848,18,15,1,25.04177,121.58735,3
500111070,20231105,849,18,15,1,25.04177,121.58735,3
500111070,20231105,850,18,15,1,25.04177,121.58735,3
500111070,20231105,851,18,15,1,25.04177,121.58735,3
500111070,20231105,852,18,15,1,25.04177,121.58735,3
500111070,20231105,853,18,16,1,25.04177,121.58735,2
500111070,20231105,854,18,16,1,25.04177,121.58735,2
500111070,20231105,855,18,15,1,25.04177,121.58735,3
500111070,20231105,856,18,16,1,25.04177,121.58735,2
500111070,20231105,857,18,16,1,25.04177,121.58735,2
500111070,20231105,858,18,16,1,25.04177,121.58735,2
500111070,20231105,859,18,16,1,25.04177,121.58735,2
500111070,20231105,861,18,16,1,25.04177,121.58735,2
500111070,20231105,862,18,16,1,25.04177,121.58735,2
500111070,20231105,863,18,16,1,25.04177,121.58735,2
500111070,20231105,864,18,16,1,25.04177,121.58735,2
500111070,20231105,865,18,15,1,25.04177,121.58735,3
500111070,20231105,866,18,15,1,25.04177,121.58735,3
500111070,20231105,867,18,15,1,25.04177,121.58735,3
500111070,20231105,868,18,16,1,25.04177,121.58735,2
500111070,20231105,869,18,16,1,25.04177,121.58735,2
500111070,20231105,871,18,17,1,25.04177,121.58735,1
500111070,20231105,872,18,18,1,25.04177,121.58735,0
500111070,20231105,873,18,18,1,25.04177,121.58735,0
500111070,20231105,874,18,18,1,25.04177,121.58735,0
500111070,20231105,875,18,18,1,25.04177,121.58735,0
500111070,20231105,876,18,18,1,25.04177,121.58735,0
500111070,20231105,877,18,18,1,25.04177,121.58735,0
500111070,20231105,878,18,18,1,25.04177,121.58735,0
500111070,20231105,879,18,18,1,25.04177,121.58735,0
500111070,20231105,880,18,17,1,25.04177,121.58735,1
500111070,20231105,881,18,17,1,25.04177,121.58735,1
500111070,20231105,882,18,17,1,25.04177,121.58735,1
500111070,20231105,883,18,17,1,25.04177,121.58735,1
500111070,20231105,884,18,17,1,25.04177,121.58735,1
500111070,20231105,885,18,17,1,25.04177,121.58735,1
500111070,20231105,886,18,17,1,25.04177,121.58735,1
500111070,20231105,887,18,18,1,25.04177,121.58735,0
500111070,20231105,888,18,18,1,25.04177,121.58735,0
500111070,20231105,889,18,17,1,25.04177,121.58735,1
500111070,20231105,890,18,17,1,25.04177,121.58735,1
500111070,20231105,891,18,16,1,25.04177,121.58735,2
500111070,20231105,892,18,16,1,25.04177,121.58735,2
500111070,20231105,893,18,17,1,25.04177,121.58735,1
500111070,20231105,894,18,18,1,25.04177,121.58735,0
500111070,20231105,895,18,18,1,25.04177,121.58735,0
500111070,20231105,896,18,18,1,25.04177,121.58735,0
500111070,20231105,897,18,18,1,25.04177,121.58735,0
500111070,20231105,898,18,18,1,25.04177,121.58735,0
500111070,20231105,899,18,18,1,25.04177,121.58735,0
500111070,20231105,901,18,18,1,25.04177,121.58735,0
500111070,20231105,902,18,18,1,25.04177,121.58735,0
500111070,20231105,903,18,18,1,25.04177,121.58735,0
500111070,20231105,904,18,18,1,25.04177,121.58735,0
500111070,20231105,905,18,18,1,25.04177,121.58735,0
500111070,20231105,906,18,18,1,25.04177,121.58735,0
500111070,20231105,907,18,18,1,25.04177,121.58735,0
500111070,20231105,908,18,18,1,25.04177,121.58735,0
500111070,20231105,909,18,18,1,25.04177,121.58735,0
500111070,20231105,910,18,17,1,25.04177,121.58735,1
500111070,20231105,911,18,17,1,25.04177,121.58735,1
500111070,20231105,912,18,17,1,25.04177,121.58735,1
500111070,20231105,913,18,17,1,25.04177,121.58735,1
500111070,20231105,914,18,17,1,25.04177,121.58735,1
500111070,20231105,915,18,18,1,25.04177,121.58735,0
500111070,20231105,916,18,18,1,25.04177,121.58735,0
500111070,20231105,917,18,18,1,25.04177,121.58735,0
500111070,20231105,918,18,18,1,25.04177,121.58735,0
500111070,20231105,919,18,18,1,25.04177,121.58735,0
500111070,20231105,921,18,18,1,25.04177,121.58735,0
500111070,20231105,922,18,18,1,25.04177,121.58735,0
500111070,20231105,923,18,18,1,25.04177,121.58735,0
500111070,20231105,924,18,18,1,25.04177,121.58735,0
500111070,20231105,925,18,18,1,25.04177,121.58735,0
500111070,20231105,926,18,18,1,25.04177,121.58735,0
500111070,20231105,927,18,18,1,25.04177,121.58735,0
500111070,20231105,928,18,18,1,25.04177,121.58735,0
500111070,20231105,929,18,18,1,25.04177,121.58735,0
500111070,20231105,931,18,18,1,25.04177,121.58735,0
500111070,20231105,932,18,18,1,25.04177,121.58735,0
500111070,20231105,933,18,18,1,25.04177,121.58735,0
500111070,20231105,934,18,18,1,25.04177,121.58735,0
500111070,20231105,935,18,18,1,25.04177,121.58735,0
500111070,20231105,936,18,18,1,25.04177,121.58735,0
500111070,20231105,937,18,18,1,25.04177,121.58735,0
500111070,20231105,938,18,18,1,25.04177,121.58735,0
500111070,20231105,939,18,18,1,25.04177,121.58735,0
500111070,20231105,940,18,18,1,25.04177,121.58735,0
500111070,20231105,941,18,18,1,25.04177,121.58735,0
500111070,20231105,943,18,18,1,25.04177,121.58735,0
500111070,20231105,944,18,18,1,25.04177,121.58735,0
500111070,20231105,945,18,18,1,25.04177,121.58735,0
500111070,20231105,946,18,18,1,25.04177,121.58735,0
500111070,20231105,947,18,18,1,25.04177,121.58735,0
500111070,20231105,948,18,18,1,25.04177,121.58735,0
500111070,20231105,949,18,18,1,25.04177,121.58735,0
500111070,20231105,950,18,17,1,25.04177,121.58735,1
500111070,20231105,951,18,18,1,25.04177,121.58735,0
500111070,20231105,952,18,17,1,25.04177,121.58735,1
500111070,20231105,953,18,17,1,25.04177,121.58735,1
500111070,20231105,954,18,16,1,25.04177,121.58735,2
500111070,20231105,955,18,16,1,25.04177,121.58735,2
500111070,20231105,956,18,17,1,25.04177,121.58735,1
500111070,20231105,957,18,17,1,25.04177,121.58735,1
500111070,20231105,958,18,17,1,25.04177,121.58735,1
500111070,20231105,959,18,17,1,25.04177,121.58735,1
500111070,20231105,961,18,17,1,25.04177,121.58735,1
500111070,20231105,962,18,17,1,25.04177,121.58735,1
500111070,20231105,963,18,18,1,25.04177,121.58735,0
500111070,20231105,964,18,18,1,25.04177,121.58735,0
500111070,20231105,965,18,18,1,25.04177,121.58735,0
500111070,20231105,966,18,18,1,25.04177,121.58735,0
500111070,20231105,967,18,18,1,25.04177,121.58735,0
500111070,20231105,968,18,18,1,25.04177,121.58735,0
500111070,20231105,969,18,18,1,25.04177,121.58735,0
500111070,20231105,970,18,18,1,25.04177,121.58735,0
500111070,20231105,971,18,18,1,25.04177,121.58735,0
500111070,20231105,972,18,18,1,25.04177,121.58735,0
500111070,20231105,973,18,18,1,25.04177,121.58735,0
500111070,20231105,974,18,18,1,25.04177,121.58735,0
500111070,20231105,975,18,18,1,25.04177,121.58735,0
500111070,20231105,976,18,18,1,25.04177,121.58735,0
500111070,20231105,977,18,18,1,25.04177,121.58735,0
500111070,20231105,978,18,18,1,25.04177,121.58735,0
500111070,20231105,979,18,18,1,25.04177,121.58735,0
500111070,20231105,981,18,18,1,25.04177,121.58735,0
500111070,20231105,982,18,18,1,25.04177,121.58735,0
500111070,20231105,983,18,18,1,25.04177,121.58735,0
500111070,20231105,984,18,18,1,25.04177,121.58735,0
500111070,20231105,985,18,18,1,25.04177,121.58735,0
500111070,20231105,986,18,18,1,25.04177,121.58735,0
500111070,20231105,987,18,17,1,25.04177,121.58735,1
500111070,20231105,988,18,17,1,25.04177,121.58735,1
500111070,20231105,989,18,17,1,25.04177,121.58735,1
500111070,20231105,991,18,17,1,25.04177,121.58735,1
500111070,20231105,992,18,18,1,25.04177,121.58735,0
500111070,20231105,993,18,18,1,25.04177,121.58735,0
500111070,20231105,994,18,18,1,25.04177,121.58735,0
500111070,20231105,995,18,18,1,25.04177,121.58735,0
500111070,20231105,996,18,18,1,25.04177,121.58735,0
500111070,20231105,997,18,17,1,25.04177,121.58735,1
500111070,20231105,998,18,17,1,25.04177,121.58735,1
500111070,20231105,999,18,17,1,25.04177,121.58735,1
500111070,20231105,1000,18,17,1,25.04177,121.58735,1
500111070,20231105,1001,18,17,1,25.04177,121.58735,1
500111070,20231105,1002,18,17,1,25.04177,121.58735,1
500111070,20231105,1003,18,17,1,25.04177,121.58735,1
500111070,20231105,1004,18,17,1,25.04177,121.58735,1
500111070,20231105,1005,18,17,1,25.04177,121.58735,1
500111070,20231105,1006,18,17,1,25.04177,121.58735,1
500111070,20231105,1007,18,17,1,25.04177,121.58735,1
500111070,20231105,1008,18,18,1,25.04177,121.58735,0
500111070,20231105,1009,18,18,1,25.04177,121.58735,0
500111070,20231105,1010,18,18,1,25.04177,121.58735,0
500111070,20231105,1011,18,18,1,25.04177,121.58735,0
500111070,20231105,1012,18,18,1,25.04177,121.58735,0
500111070,20231105,1013,18,18,1,25.04177,121.58735,0
500111070,20231105,1014,18,18,1,25.04177,121.58735,0
500111070,20231105,1015,18,18,1,25.04177,121.58735,0
500111070,20231105,1016,18,18,1,25.04177,121.58735,0
500111070,20231105,1017,18,17,1,25.04177,121.58735,1
500111070,20231105,1018,18,16,1,25.04177,121.58735,2
500111070,20231105,1019,18,16,1,25.04177,121.58735,2
500111070,20231105,1021,18,16,1,25.04177,121.58735,2
500111070,20231105,1022,18,16,1,25.04177,121.58735,2
500111070,20231105,1023,18,16,1,25.04177,121.58735,2
500111070,20231105,1024,18,16,1,25.04177,121.58735,2
500111070,20231105,1025,18,18,1,25.04177,121.58735,0
500111070,20231105,1026,18,18,1,25.04177,121.58735,0
500111070,20231105,1027,18,18,1,25.04177,121.58735,0
500111070,20231105,1028,18,17,1,25.04177,121.58735,1
500111070,20231105,1029,18,18,1,25.04177,121.58735,0
500111070,20231105,1030,18,17,1,25.04177,121.58735,1
500111070,20231105,1031,18,17,1,25.04177,121.58735,1
500111070,20231105,1032,18,17,1,25.04177,121.58735,1
500111070,20231105,1033,18,17,1,25.04177,121.58735,1
500111070,20231105,1034,18,16,1,25.04177,121.58735,2
500111070,20231105,1035,18,14,1,25.04177,121.58735,4
500111070,20231105,1036,18,13,1,25.04177,121.58735,5
500111070,20231105,1037,18,14,1,25.04177,121.58735,4
500111070,20231105,1038,18,14,1,25.04177,121.58735,4
500111070,20231105,1039,18,14,1,25.04177,121.58735,4
500111070,20231105,1041,18,16,1,25.04177,121.58735,2
500111070,20231105,1042,18,16,1,25.04177,121.58735,2
500111070,20231105,1043,18,16,1,25.04177,121.58735,2
500111070,20231105,1044,18,15,1,25.04177,121.58735,3
500111070,20231105,1045,18,15,1,25.04177,121.58735,3
500111070,20231105,1046,18,14,1,25.04177,121.58735,4
500111070,20231105,1047,18,14,1,25.04177,121.58735,4
500111070,20231105,1048,18,10,1,25.04177,121.58735,8
500111070,20231105,1049,18,10,1,25.04177,121.58735,8
500111070,20231105,1051,18,9,1,25.04177,121.58735,9
500111070,20231105,1052,18,9,1,25.04177,121.58735,9
500111070,20231105,1053,18,9,1,25.04177,121.58735,9
500111070,20231105,1054,18,9,1,25.04177,121.58735,9
500111070,20231105,1055,18,9,1,25.04177,121.58735,9
500111070,20231105,1056,18,9,1,25.04177,121.58735,9
500111070,20231105,1057,18,9,1,25.04177,121.58735,9
500111070,20231105,1058,18,9,1,25.04177,121.58735,9
500111070,20231105,1059,18,8,1,25.04177,121.58735,10
500111070,20231105,1060,18,8,1,25.04177,121.58735,10
500111070,20231105,1061,18,8,1,25.04177,121.58735,10
500111070,20231105,1062,18,8,1,25.04177,121.58735,10
500111070,20231105,1063,18,9,1,25.04177,121.58735,9
500111070,20231105,1064,18,9,1,25.04177,121.58735,9
500111070,20231105,1065,18,9,1,25.04177,121.58735,9
500111070,20231105,1066,18,9,1,25.04177,121.58735,9
500111070,20231105,1067,18,8,1,25.04177,121.58735,10
500111070,20231105,1068,18,7,1,25.04177,121.58735,11
500111070,20231105,1069,18,8,1,25.04177,121.58735,10
500111070,20231105,1070,18,8,1,25.04177,121.58735,10
500111070,20231105,1071,18,8,1,25.04177,121.58735,10
500111070,20231105,1072,18,8,1,25.04177,121.58735,10
500111070,20231105,1073,18,7,1,25.04177,121.58735,11
500111070,20231105,1074,18,6,1,25.04177,121.58735,12
500111070,20231105,1075,18,6,1,25.04177,121.58735,12
500111070,20231105,1076,18,5,1,25.04177,121.58735,13
500111070,20231105,1077,18,5,1,25.04177,121.58735,13
500111070,20231105,1078,18,5,1,25.04177,121.58735,13
500111070,20231105,1079,18,5,1,25.04177,121.58735,13
500111070,20231105,1081,18,6,1,25.04177,121.58735,12
500111070,20231105,1082,18,6,1,25.04177,121.58735,12
500111070,20231105,1083,18,6,1,25.04177,121.58735,12
500111070,20231105,1084,18,6,1,25.04177,121.58735,12
500111070,20231105,1085,18,5,1,25.04177,121.58735,13
500111070,20231105,1086,18,5,1,25.04177,121.58735,13
500111070,20231105,1087,18,4,1,25.04177,121.58735,14
500111070,20231105,1088,18,4,1,25.04177,121.58735,14
500111070,20231105,1089,18,3,1,25.04177,121.58735,15
500111070,20231105,1090,18,3,1,25.04177,121.58735,15
500111070,20231105,1091,18,3,1,25.04177,121.58735,15
500111070,20231105,1092,18,3,1,25.04177,121.58735,15
500111070,20231105,1093,18,3,1,25.04177,121.58735,15
500111070,20231105,1094,18,3,1,25.04177,121.58735,15
500111070,20231105,1095,18,4,1,25.04177,121.58735,14
500111070,20231105,1096,18,4,1,25.04177,121.58735,14
500111070,20231105,1097,18,5,1,25.04177,121.58735,13
500111070,20231105,1098,18,5,1,25.04177,121.58735,13
500111070,20231105,1099,18,5,1,25.04177,121.58735,13
500111070,20231105,1101,18,5,1,25.04177,121.58735,13
500111070,20231105,1102,18,5,1,25.04177,121.58735,13
500111070,20231105,1103,18,3,1,25.04177,121.58735,15
500111070,20231105,1104,18,3,1,25.04177,121.58735,15
500111070,20231105,1105,18,3,1,25.04177,121.58735,15
500111070,20231105,1106,18,3,1,25.04177,121.58735,15
500111070,20231105,1107,18,3,1,25.04177,121.58735,15
500111070,20231105,1108,18,3,1,25.04177,121.58735,15
500111070,20231105,1109,18,3,1,25.04177,121.58735,15
500111070,20231105,1111,18,4,1,25.04177,121.58735,14
500111070,20231105,1112,18,4,1,25.04177,121.58735,14
500111070,20231105,1113,18,4,1,25.04177,121.58735,14
500111070,20231105,1114,18,4,1,25.04177,121.58735,14
500111070,20231105,1115,18,4,1,25.04177,121.58735,14
500111070,20231105,1116,18,4,1,25.04177,121.58735,14
500111070,20231105,1117,18,4,1,25.04177,121.58735,14
500111070,20231105,1118,18,4,1,25.04177,121.58735,14
500111070,20231105,1119,18,4,1,25.04177,121.58735,14
500111070,20231105,1120,18,4,1,25.04177,121.58735,14
500111070,20231105,1121,18,4,1,25.04177,121.58735,14
500111070,20231105,1122,18,4,1,25.04177,121.58735,14
500111070,20231105,1123,18,4,1,25.04177,121.58735,14
500111070,20231105,1124,18,4,1,25.04177,121.58735,14
500111070,20231105,1125,18,4,1,25.04177,121.58735,14
500111070,20231105,1126,18,4,1,25.04177,121.58735,14
500111070,20231105,1127,18,3,1,25.04177,121.58735,15
500111070,20231105,1128,18,3,1,25.04177,121.58735,15
500111070,20231105,1129,18,3,1,25.04177,121.58735,15
500111070,20231105,1130,18,2,1,25.04177,121.58735,16
500111070,20231105,1131,18,2,1,25.04177,121.58735,16
500111070,20231105,1132,18,2,1,25.04177,121.58735,16
500111070,20231105,1134,18,2,1,25.04177,121.58735,16
500111070,20231105,1135,18,2,1,25.04177,121.58735,16
500111070,20231105,1136,18,1,1,25.04177,121.58735,17
500111070,20231105,1137,18,1,1,25.04177,121.58735,17
500111070,20231105,1138,18,1,1,25.04177,121.58735,17
500111070,20231105,1139,18,1,1,25.04177,121.58735,17
500111070,20231105,1141,18,0,1,25.04177,121.58735,18
500111070,20231105,1142,18,0,1,25.04177,121.58735,18
500111070,20231105,1143,18,0,1,25.04177,121.58735,18
500111070,20231105,1144,18,0,1,25.04177,121.58735,18
500111070,20231105,1145,18,0,1,25.04177,121.58735,18
500111070,20231105,1146,18,0,1,25.04177,121.58735,18
500111070,20231105,1147,18,0,1,25.04177,121.58735,18
500111070,20231105,1148,18,0,1,25.04177,121.58735,18
500111070,20231105,1149,18,0,1,25.04177,121.58735,18
500111070,20231105,1150,18,0,1,25.04177,121.58735,18
500111070,20231105,1151,18,0,1,25.04177,121.58735,18
500111070,20231105,1152,18,0,1,25.04177,121.58735,18
500111070,20231105,1153,18,0,1,25.04177,121.58735,18
500111070,20231105,1154,18,0,1,25.04177,121.58735,18
500111070,20231105,1155,18,0,1,25.04177,121.58735,18
500111070,20231105,1156,18,0,1,25.04177,121.58735,18
500111070,20231105,1157,18,0,1,25.04177,121.58735,18
500111070,20231105,1158,18,0,1,25.04177,121.58735,18
500111070,20231105,1159,18,0,1,25.04177,121.58735,18
500111070,20231105,1161,18,2,1,25.04177,121.58735,16
500111070,20231105,1162,18,4,1,25.04177,121.58735,14
500111070,20231105,1163,18,6,1,25.04177,121.58735,12
500111070,20231105,1164,18,8,1,25.04177,121.58735,10
500111070,20231105,1165,18,9,1,25.04177,121.58735,9
500111070,20231105,1166,18,8,1,25.04177,121.58735,10
500111070,20231105,1167,18,10,1,25.04177,121.58735,8
500111070,20231105,1168,18,12,1,25.04177,121.58735,6
500111070,20231105,1169,18,12,1,25.04177,121.58735,6
500111070,20231105,1171,18,14,1,25.04177,121.58735,4
500111070,20231105,1172,18,14,1,25.04177,121.58735,4
500111070,20231105,1173,18,14,1,25.04177,121.58735,4
500111070,20231105,1174,18,14,1,25.04177,121.58735,4
500111070,20231105,1175,18,14,1,25.04177,121.58735,4
500111070,20231105,1176,18,14,1,25.04177,121.58735,4
500111070,20231105,1177,18,15,1,25.04177,121.58735,3
500111070,20231105,1178,18,16,1,25.04177,121.58735,2
500111070,20231105,1179,18,16,1,25.04177,121.58735,2
500111070,20231105,1180,18,16,1,25.04177,121.58735,2
500111070,20231105,1181,18,16,1,25.04177,121.58735,2
500111070,20231105,1182,18,16,1,25.04177,121.58735,2
500111070,20231105,1183,18,16,1,25.04177,121.58735,2
500111070,20231105,1184,18,16,1,25.04177,121.58735,2
500111070,20231105,1185,18,16,1,25.04177,121.58735,2
500111070,20231105,1186,18,16,1,25.04177,121.58735,2
500111070,20231105,1187,18,16,1,25.04177,121.58735,2
500111070,20231105,1188,18,16,1,25.04177,121.58735,2
500111070,20231105,1189,18,16,1,25.04177,121.58735,2
500111070,20231105,1190,18,16,1,25.04177,121.58735,2
500111070,20231105,1191,18,16,1,25.04177,121.58735,2
500111070,20231105,1192,18,15,1,25.04177,121.58735,3
500111070,20231105,1193,18,15,1,25.04177,121.58735,3
500111070,20231105,1194,18,15,1,25.04177,121.58735,3
500111070,20231105,1195,18,15,1,25.04177,121.58735,3
500111070,20231105,1196,18,16,1,25.04177,121.58735,2
500111070,20231105,1197,18,16,1,25.04177,121.58735,2
500111070,20231105,1198,18,16,1,25.04177,121.58735,2
500111070,20231105,1199,18,16,1,25.04177,121.58735,2
500111070,20231105,1201,18,17,1,25.04177,121.58735,1
500111070,20231105,1202,18,17,1,25.04177,121.58735,1
500111070,20231105,1203,18,17,1,25.04177,121.58735,1
500111070,20231105,1204,18,17,1,25.04177,121.58735,1
500111070,20231105,1205,18,17,1,25.04177,121.58735,1
500111070,20231105,1206,18,17,1,25.04177,121.58735,1
500111070,20231105,1207,18,17,1,25.04177,121.58735,1
500111070,20231105,1208,18,18,1,25.04177,121.58735,0
500111070,20231105,1209,18,18,1,25.04177,121.58735,0
500111070,20231105,1210,18,17,1,25.04177,121.58735,1
500111070,20231105,1211,18,17,1,25.04177,121.58735,1
500111070,20231105,1212,18,13,1,25.04177,121.58735,5
500111070,20231105,1213,18,13,1,25.04177,121.58735,5
500111070,20231105,1214,18,13,1,25.04177,121.58735,5
500111070,20231105,1215,18,13,1,25.04177,121.58735,5
500111070,20231105,1216,18,13,1,25.04177,121.58735,5
500111070,20231105,1217,18,13,1,25.04177,121.58735,5
500111070,20231105,1218,18,12,1,25.04177,121.58735,6
500111070,20231105,1219,18,12,1,25.04177,121.58735,6
500111070,20231105,1221,18,12,1,25.04177,121.58735,6
500111070,20231105,1222,18,12,1,25.04177,121.58735,6
500111070,20231105,1223,18,12,1,25.04177,121.58735,6
500111070,20231105,1224,18,12,1,25.04177,121.58735,6
500111070,20231105,1225,18,10,1,25.04177,121.58735,8
500111070,20231105,1226,18,10,1,25.04177,121.58735,8
500111070,20231105,1227,18,10,1,25.04177,121.58735,8
500111070,20231105,1228,18,10,1,25.04177,121.58735,8
500111070,20231105,1229,18,10,1,25.04177,121.58735,8
500111070,20231105,1231,18,9,1,25.04177,121.58735,9
500111070,20231105,1232,18,9,1,25.04177,121.58735,9
500111070,20231105,1233,18,9,1,25.04177,121.58735,9
500111070,20231105,1234,18,8,1,25.04177,121.58735,10
500111070,20231105,1235,18,7,1,25.04177,121.58735,11
500111070,20231105,1236,18,8,1,25.04177,121.58735,10
500111070,20231105,1237,18,4,1,25.04177,121.58735,14
500111070,20231105,1238,18,4,1,25.04177,121.58735,14
500111070,20231105,1239,18,4,1,25.04177,121.58735,14
500111070,20231105,1240,18,4,1,25.04177,121.58735,14
500111070,20231105,1241,18,4,1,25.04177,121.58735,14
500111070,20231105,1242,18,4,1,25.04177,121.58735,14
500111070,20231105,1243,18,4,1,25.04177,121.58735,14
500111070,20231105,1244,18,4,1,25.04177,121.58735,14
500111070,20231105,1245,18,2,1,25.04177,121.58735,16
500111070,20231105,1246,18,1,1,25.04177,121.58735,17
500111070,20231105,1247,18,1,1,25.04177,121.58735,17
500111070,20231105,1248,18,1,1,25.04177,121.58735,17
500111070,20231105,1249,18,1,1,25.04177,121.58735,17
500111070,20231105,1250,18,1,1,25.04177,121.58735,17
500111070,20231105,1251,18,1,1,25.04177,121.58735,17
500111070,20231105,1252,18,1,1,25.04177,121.58735,17
500111070,20231105,1253,18,1,1,25.04177,121.58735,17
500111070,20231105,1254,18,3,1,25.04177,121.58735,15
500111070,20231105,1255,18,3,1,25.04177,121.58735,15
500111070,20231105,1256,18,7,1,25.04177,121.58735,11
500111070,20231105,1258,18,9,1,25.04177,121.58735,9
500111070,20231105,1259,18,11,1,25.04177,121.58735,7
500111070,20231105,1261,18,15,1,25.04177,121.58735,3
500111070,20231105,1262,18,15,1,25.04177,121.58735,3
500111070,20231105,1263,18,15,1,25.04177,121.58735,3
500111070,20231105,1264,18,15,1,25.04177,121.58735,3
500111070,20231105,1265,18,15,1,25.04177,121.58735,3
500111070,20231105,1266,18,15,1,25.04177,121.58735,3
500111070,20231105,1267,18,15,1,25.04177,121.58735,3
500111070,20231105,1268,18,14,1,25.04177,121.58735,4
500111070,20231105,1269,18,14,1,25.04177,121.58735,4
500111070,20231105,1270,18,14,1,25.04177,121.58735,4
500111070,20231105,1271,18,14,1,25.04177,121.58735,4
500111070,20231105,1272,18,14,1,25.04177,121.58735,4
500111070,20231105,1273,18,13,1,25.04177,121.58735,5
500111070,20231105,1274,18,13,1,25.04177,121.58735,5
500111070,20231105,1275,18,13,1,25.04177,121.58735,5
500111070,20231105,1276,18,13,1,25.04177,121.58735,5
500111070,20231105,1277,18,13,1,25.04177,121.58735,5
500111070,20231105,1278,18,13,1,25.04177,121.58735,5
500111070,20231105,1279,18,13,1,25.04177,121.58735,5
500111070,20231105,1281,18,13,1,25.04177,121.58735,5
500111070,20231105,1282,18,13,1,25.04177,121.58735,5
500111070,20231105,1283,18,13,1,25.04177,121.58735,5
500111070,20231105,1284,18,14,1,25.04177,121.58735,4
500111070,20231105,1285,18,14,1,25.04177,121.58735,4
500111070,20231105,1286,18,14,1,25.04177,121.58735,4
500111070,20231105,1287,18,14,1,25.04177,121.58735,4
500111070,20231105,1288,18,14,1,25.04177,121.58735,4
500111070,20231105,1289,18,14,1,25.04177,121.58735,4
500111070,20231105,1290,18,14,1,25.04177,121.58735,4
500111070,20231105,1291,18,13,1,25.04177,121.58735,5
500111070,20231105,1292,18,13,1,25.04177,121.58735,5
500111070,20231105,1293,18,13,1,25.04177,121.58735,5
500111070,20231105,1294,18,13,1,25.04177,121.58735,5
500111070,20231105,1295,18,13,1,25.04177,121.58735,5
500111070,20231105,1296,18,13,1,25.04177,121.58735,5
500111070,20231105,1297,18,13,1,25.04177,121.58735,5
500111070,20231105,1298,18,13,1,25.04177,121.58735,5
500111070,20231105,1299,18,13,1,25.04177,121.58735,5
500111070,20231105,1300,18,12,1,25.04177,121.58735,6
500111070,20231105,1301,18,12,1,25.04177,121.58735,6
500111070,20231105,1302,18,12,1,25.04177,121.58735,6
500111070,20231105,1303,18,11,1,25.04177,121.58735,7
500111070,20231105,1304,18,10,1,25.04177,121.58735,8
500111070,20231105,1305,18,10,1,25.04177,121.58735,8
500111070,20231105,1306,18,10,1,25.04177,121.58735,8
500111070,20231105,1307,18,10,1,25.04177,121.58735,8
500111070,20231105,1308,18,10,1,25.04177,121.58735,8
500111070,20231105,1309,18,10,1,25.04177,121.58735,8
500111070,20231105,1310,18,11,1,25.04177,121.58735,7
500111070,20231105,1311,18,11,1,25.04177,121.58735,7
500111070,20231105,1312,18,11,1,25.04177,121.58735,7
500111070,20231105,1313,18,11,1,25.04177,121.58735,7
500111070,20231105,1314,18,11,1,25.04177,121.58735,7
500111070,20231105,1315,18,11,1,25.04177,121.58735,7
500111070,20231105,1316,18,11,1,25.04177,121.58735,7
500111070,20231105,1317,18,11,1,25.04177,121.58735,7
500111070,20231105,1318,18,11,1,25.04177,121.58735,7
500111070,20231105,1319,18,10,1,25.04177,121.58735,8
500111070,20231105,1321,18,10,1,25.04177,121.58735,8
500111070,20231105,1322,18,10,1,25.04177,121.58735,8
500111070,20231105,1323,18,10,1,25.04177,121.58735,8
500111070,20231105,1324,18,10,1,25.04177,121.58735,8
500111070,20231105,1325,18,10,1,25.04177,121.58735,8
500111070,20231105,1327,18,10,1,25.04177,121.58735,8
500111070,20231105,1328,18,10,1,25.04177,121.58735,8
500111070,20231105,1329,18,10,1,25.04177,121.58735,8
500111070,20231105,1330,18,10,1,25.04177,121.58735,8
500111070,20231105,1331,18,10,1,25.04177,121.58735,8
500111070,20231105,1332,18,9,1,25.04177,121.58735,9
500111070,20231105,1333,18,9,1,25.04177,121.58735,9
500111070,20231105,1334,18,8,1,25.04177,121.58735,10
500111070,20231105,1335,18,8,1,25.04177,121.58735,10
500111070,20231105,1336,18,8,1,25.04177,121.58735,10
500111070,20231105,1337,18,8,1,25.04177,121.58735,10
500111070,20231105,1338,18,8,1,25.04177,121.58735,10
500111070,20231105,1339,18,8,1,25.04177,121.58735,10
500111070,20231105,1341,18,8,1,25.04177,121.58735,10
500111070,20231105,1342,18,8,1,25.04177,121.58735,10
500111070,20231105,1343,18,8,1,25.04177,121.58735,10
500111070,20231105,1344,18,8,1,25.04177,121.58735,10
500111070,20231105,1345,18,8,1,25.04177,121.58735,10
500111070,20231105,1346,18,8,1,25.04177,121.58735,10
500111070,20231105,1347,18,8,1,25.04177,121.58735,10
500111070,20231105,1348,18,8,1,25.04177,121.58735,10
500111070,20231105,1349,18,8,1,25.04177,121.58735,10
500111070,20231105,1350,18,8,1,25.04177,121.58735,10
500111070,20231105,1351,18,8,1,25.04177,121.58735,10
500111070,20231105,1352,18,8,1,25.04177,121.58735,10
500111070,20231105,1353,18,8,1,25.04177,121.58735,10
500111070,20231105,1354,18,8,1,25.04177,121.58735,10
500111070,20231105,1355,18,9,1,25.04177,121.58735,9
500111070,20231105,1356,18,9,1,25.04177,121.58735,9
500111070,20231105,1357,18,9,1,25.04177,121.58735,9
500111070,20231105,1358,18,9,1,25.04177,121.58735,9
500111070,20231105,1359,18,9,1,25.04177,121.58735,9
500111070,20231105,1360,18,9,1,25.04177,121.58735,9
500111070,20231105,1361,18,9,1,25.04177,121.58735,9
500111070,20231105,1362,18,9,1,25.04177,121.58735,9
500111070,20231105,1363,18,9,1,25.04177,121.58735,9
500111070,20231105,1364,18,8,1,25.04177,121.58735,10
500111070,20231105,1365,18,8,1,25.04177,121.58735,10
500111070,20231105,1366,18,8,1,25.04177,121.58735,10
500111070,20231105,1367,18,8,1,25.04177,121.58735,10
500111070,20231105,1368,18,8,1,25.04177,121.58735,10
500111070,20231105,1369,18,8,1,25.04177,121.58735,10
500111070,20231105,1370,18,8,1,25.04177,121.58735,10
500111070,20231105,1371,18,8,1,25.04177,121.58735,10
500111070,20231105,1372,18,8,1,25.04177,121.58735,10
500111070,20231105,1373,18,8,1,25.04177,121.58735,10
500111070,20231105,1374,18,8,1,25.04177,121.58735,10
500111070,20231105,1375,18,8,1,25.04177,121.58735,10
500111070,20231105,1376,18,8,1,25.04177,121.58735,10
500111070,20231105,1377,18,8,1,25.04177,121.58735,10
500111070,20231105,1378,18,8,1,25.04177,121.58735,10
500111070,20231105,1379,18,8,1,25.04177,121.58735,10
500111070,20231105,1381,18,8,1,25.04177,121.58735,10
500111070,20231105,1382,18,8,1,25.04177,121.58735,10
500111070,20231105,1383,18,8,1,25.04177,121.58735,10
500111070,20231105,1384,18,8,1,25.04177,121.58735,10
500111070,20231105,1385,18,8,1,25.04177,121.58735,10
500111070,20231105,1386,18,8,1,25.04177,121.58735,10
500111070,20231105,1387,18,8,1,25.04177,121.58735,10
500111070,20231105,1388,18,8,1,25.04177,121.58735,10
500111070,20231105,1389,18,8,1,25.04177,121.58735,10
500111070,20231105,1390,18,9,1,25.04177,121.58735,9
500111070,20231105,1391,18,9,1,25.04177,121.58735,9
500111070,20231105,1392,18,9,1,25.04177,121.58735,9
500111070,20231105,1393,18,9,1,25.04177,121.58735,9
500111070,20231105,1394,18,9,1,25.04177,121.58735,9
500111070,20231105,1395,18,9,1,25.04177,121.58735,9
500111070,20231105,1396,18,9,1,25.04177,121.58735,9
500111070,20231105,1397,18,9,1,25.04177,121.58735,9
500111070,20231105,1398,18,9,1,25.04177,121.58735,9
500111070,20231105,1399,18,9,1,25.04177,121.58735,9
500111070,20231105,1401,18,9,1,25.04177,121.58735,9
500111070,20231105,1402,18,9,1,25.04177,121.58735,9
500111070,20231105,1403,18,9,1,25.04177,121.58735,9
500111070,20231105,1404,18,9,1,25.04177,121.58735,9
500111070,20231105,1405,18,9,1,25.04177,121.58735,9
500111070,20231105,1406,18,9,1,25.04177,121.58735,9
500111070,20231105,1407,18,9,1,25.04177,121.58735,9
500111070,20231105,1408,18,9,1,25.04177,121.58735,9
500111070,20231105,1409,18,9,1,25.04177,121.58735,9
500111070,20231105,1410,18,8,1,25.04177,121.58735,10
500111070,20231105,1411,18,8,1,25.04177,121.58735,10
500111070,20231105,1412,18,8,1,25.04177,121.58735,10
500111070,20231105,1413,18,8,1,25.04177,121.58735,10
500111070,20231105,1414,18,8,1,25.04177,121.58735,10
500111070,20231105,1415,18,8,1,25.04177,121.58735,10
500111070,20231105,1416,18,7,1,25.04177,121.58735,11
500111070,20231105,1417,18,7,1,25.04177,121.58735,11
500111070,20231105,1418,18,7,1,25.04177,121.58735,11
500111070,20231105,1419,18,7,1,25.04177,121.58735,11
500111070,20231105,1420,18,7,1,25.04177,121.58735,11
500111070,20231105,1421,18,8,1,25.04177,121.58735,10
500111070,20231105,1422,18,8,1,25.04177,121.58735,10
500111070,20231105,1423,18,8,1,25.04177,121.58735,10
500111070,20231105,1424,18,8,1,25.04177,121.58735,10
500111070,20231105,1425,18,8,1,25.04177,121.58735,10
500111070,20231105,1426,18,8,1,25.04177,121.58735,10
500111070,20231105,1427,18,9,1,25.04177,121.58735,9
500111070,20231105,1428,18,9,1,25.04177,121.58735,9
500111070,20231105,1429,18,9,1,25.04177,121.58735,9
500111070,20231105,1430,18,9,1,25.04177,121.58735,9
500111070,20231105,1431,18,9,1,25.04177,121.58735,9
500111070,20231105,1432,18,9,1,25.04177,121.58735,9
500111070,20231105,1433,18,9,1,25.04177,121.58735,9
500111070,20231105,1434,18,9,1,25.04177,121.58735,9
500111070,20231105,1435,18,9,1,25.04177,121.58735,9
500111070,20231105,1436,18,8,1,25.04177,121.58735,10
500111070,20231105,1437,18,8,1,25.04177,121.58735,10
500111070,20231105,1438,18,8,1,25.04177,121.58735,10
500111070,20231105,1439,18,8,1,25.04177,121.58735,10
500111070,20231106,1,18,8,1,25.04177,121.58735,10
500111070,20231106,2,18,8,1,25.04177,121.58735,10
500111070,20231106,3,18,8,1,25.04177,121.58735,10
500111070,20231106,4,18,8,1,25.04177,121.58735,10
500111070,20231106,5,18,8,1,25.04177,121.58735,10
500111070,20231106,6,18,8,1,25.04177,121.58735,10
500111070,20231106,7,18,8,1,25.04177,121.58735,10
500111070,20231106,8,18,8,1,25.04177,121.58735,10
500111070,20231106,9,18,8,1,25.04177,121.58735,10
500111070,20231106,11,18,8,1,25.04177,121.58735,10
500111070,20231106,12,18,8,1,25.04177,121.58735,10
500111070,20231106,13,18,8,1,25.04177,121.58735,10
500111070,20231106,14,18,8,1,25.04177,121.58735,10
500111070,20231106,15,18,8,1,25.04177,121.58735,10
500111070,20231106,16,18,8,1,25.04177,121.58735,10
500111070,20231106,17,18,8,1,25.04177,121.58735,10
500111070,20231106,18,18,8,1,25.04177,121.58735,10
500111070,20231106,19,18,8,1,25.04177,121.58735,10
500111070,20231106,21,18,8,1,25.04177,121.58735,10
500111070,20231106,22,18,8,1,25.04177,121.58735,10
500111070,20231106,23,18,8,1,25.04177,121.58735,10
500111070,20231106,24,18,8,1,25.04177,121.58735,10
500111070,20231106,25,18,8,1,25.04177,121.58735,10
500111070,20231106,26,18,8,1,25.04177,121.58735,10
500111070,20231106,27,18,8,1,25.04177,121.58735,10
500111070,20231106,28,18,8,1,25.04177,121.58735,10
500111070,20231106,29,18,8,1,25.04177,121.58735,10
500111070,20231106,30,18,8,1,25.04177,121.58735,10
500111070,20231106,32,18,8,1,25.04177,121.58735,10
500111070,20231106,33,18,8,1,25.04177,121.58735,10
500111070,20231106,34,18,8,1,25.04177,121.58735,10
500111070,20231106,35,18,8,1,25.04177,121.58735,10
500111070,20231106,36,18,8,1,25.04177,121.58735,10
500111070,20231106,37,18,8,1,25.04177,121.58735,10
500111070,20231106,39,18,8,1,25.04177,121.58735,10
500111070,20231106,41,18,8,1,25.04177,121.58735,10
500111070,20231106,42,18,8,1,25.04177,121.58735,10
500111070,20231106,43,18,8,1,25.04177,121.58735,10
500111070,20231106,44,18,8,1,25.04177,121.58735,10
500111070,20231106,45,18,8,1,25.04177,121.58735,10
500111070,20231106,46,18,8,1,25.04177,121.58735,10
500111070,20231106,47,18,8,1,25.04177,121.58735,10
500111070,20231106,48,18,8,1,25.04177,121.58735,10
500111070,20231106,49,18,8,1,25.04177,121.58735,10
500111070,20231106,51,18,8,1,25.04177,121.58735,10
500111070,20231106,52,18,8,1,25.04177,121.58735,10
500111070,20231106,53,18,8,1,25.04177,121.58735,10
500111070,20231106,54,18,8,1,25.04177,121.58735,10
500111070,20231106,55,18,8,1,25.04177,121.58735,10
500111070,20231106,56,18,8,1,25.04177,121.58735,10
500111070,20231106,57,18,8,1,25.04177,121.58735,10
500111070,20231106,58,18,8,1,25.04177,121.58735,10
500111070,20231106,59,18,8,1,25.04177,121.58735,10
500111070,20231106,61,18,7,1,25.04177,121.58735,11
500111070,20231106,63,18,7,1,25.04177,121.58735,11
500111070,20231106,64,18,7,1,25.04177,121.58735,11
500111070,20231106,65,18,7,1,25.04177,121.58735,11
500111070,20231106,66,18,7,1,25.04177,121.58735,11
500111070,20231106,67,18,6,1,25.04177,121.58735,12
500111070,20231106,68,18,6,1,25.04177,121.58735,12
500111070,20231106,69,18,6,1,25.04177,121.58735,12
500111070,20231106,71,18,6,1,25.04177,121.58735,12
500111070,20231106,72,18,6,1,25.04177,121.58735,12
500111070,20231106,73,18,6,1,25.04177,121.58735,12
500111070,20231106,74,18,6,1,25.04177,121.58735,12
500111070,20231106,75,18,6,1,25.04177,121.58735,12
500111070,20231106,76,18,6,1,25.04177,121.58735,12
500111070,20231106,77,18,6,1,25.04177,121.58735,12
500111070,20231106,78,18,6,1,25.04177,121.58735,12
500111070,20231106,79,18,6,1,25.04177,121.58735,12
500111070,20231106,81,18,6,1,25.04177,121.58735,12
500111070,20231106,82,18,6,1,25.04177,121.58735,12
500111070,20231106,83,18,6,1,25.04177,121.58735,12
500111070,20231106,84,18,6,1,25.04177,121.58735,12
500111070,20231106,85,18,6,1,25.04177,121.58735,12
500111070,20231106,86,18,6,1,25.04177,121.58735,12
500111070,20231106,87,18,6,1,25.04177,121.58735,12
500111070,20231106,88,18,6,1,25.04177,121.58735,12
500111070,20231106,89,18,6,1,25.04177,121.58735,12
500111070,20231106,90,18,6,1,25.04177,121.58735,12
500111070,20231106,91,18,6,1,25.04177,121.58735,12
500111070,20231106,92,18,6,1,25.04177,121.58735,12
500111070,20231106,93,18,6,1,25.04177,121.58735,12
500111070,20231106,94,18,6,1,25.04177,121.58735,12
500111070,20231106,95,18,6,1,25.04177,121.58735,12
500111070,20231106,96,18,6,1,25.04177,121.58735,12
500111070,20231106,97,18,6,1,25.04177,121.58735,12
500111070,20231106,98,18,6,1,25.04177,121.58735,12
500111070,20231106,99,18,6,1,25.04177,121.58735,12
500111070,20231106,100,18,6,1,25.04177,121.58735,12
500111070,20231106,101,18,6,1,25.04177,121.58735,12
500111070,20231106,102,18,6,1,25.04177,121.58735,12
500111070,20231106,103,18,6,1,25.04177,121.58735,12
500111070,20231106,104,18,6,1,25.04177,121.58735,12
500111070,20231106,105,18,6,1,25.04177,121.58735,12
500111070,20231106,106,18,6,1,25.04177,121.58735,12
500111070,20231106,107,18,6,1,25.04177,121.58735,12
500111070,20231106,108,18,6,1,25.04177,121.58735,12
500111070,20231106,109,18,6,1,25.04177,121.58735,12
500111070,20231106,110,18,6,1,25.04177,121.58735,12
500111070,20231106,111,18,6,1,25.04177,121.58735,12
500111070,20231106,112,18,6,1,25.04177,121.58735,12
500111070,20231106,113,18,6,1,25.04177,121.58735,12
500111070,20231106,114,18,6,1,25.04177,121.58735,12
500111070,20231106,115,18,6,1,25.04177,121.58735,12
500111070,20231106,116,18,6,1,25.04177,121.58735,12
500111070,20231106,117,18,6,1,25.04177,121.58735,12
500111070,20231106,118,18,6,1,25.04177,121.58735,12
500111070,20231106,119,18,6,1,25.04177,121.58735,12
500111070,20231106,121,18,6,1,25.04177,121.58735,12
500111070,20231106,122,18,6,1,25.04177,121.58735,12
500111070,20231106,123,18,6,1,25.04177,121.58735,12
500111070,20231106,124,18,6,1,25.04177,121.58735,12
500111070,20231106,125,18,6,1,25.04177,121.58735,12
500111070,20231106,126,18,6,1,25.04177,121.58735,12
500111070,20231106,127,18,6,1,25.04177,121.58735,12
500111070,20231106,128,18,6,1,25.04177,121.58735,12
500111070,20231106,129,18,6,1,25.04177,121.58735,12
500111070,20231106,130,18,6,1,25.04177,121.58735,12
500111070,20231106,131,18,6,1,25.04177,121.58735,12
500111070,20231106,132,18,6,1,25.04177,121.58735,12
500111070,20231106,133,18,6,1,25.04177,121.58735,12
500111070,20231106,134,18,6,1,25.04177,121.58735,12
500111070,20231106,135,18,6,1,25.04177,121.58735,12
500111070,20231106,136,18,6,1,25.04177,121.58735,12
500111070,20231106,137,18,6,1,25.04177,121.58735,12
500111070,20231106,138,18,6,1,25.04177,121.58735,12
500111070,20231106,139,18,6,1,25.04177,121.58735,12
500111070,20231106,141,18,6,1,25.04177,121.58735,12
500111070,20231106,142,18,6,1,25.04177,121.58735,12
500111070,20231106,143,18,6,1,25.04177,121.58735,12
500111070,20231106,144,18,6,1,25.04177,121.58735,12
500111070,20231106,145,18,6,1,25.04177,121.58735,12
500111070,20231106,146,18,6,1,25.04177,121.58735,12
500111070,20231106,147,18,6,1,25.04177,121.58735,12
500111070,20231106,148,18,6,1,25.04177,121.58735,12
500111070,20231106,149,18,6,1,25.04177,121.58735,12
500111070,20231106,150,18,6,1,25.04177,121.58735,12
500111070,20231106,151,18,6,1,25.04177,121.58735,12
500111070,20231106,152,18,6,1,25.04177,121.58735,12
500111070,20231106,153,18,6,1,25.04177,121.58735,12
500111070,20231106,154,18,6,1,25.04177,121.58735,12
500111070,20231106,155,18,6,1,25.04177,121.58735,12
500111070,20231106,156,18,6,1,25.04177,121.58735,12
500111070,20231106,157,18,6,1,25.04177,121.58735,12
500111070,20231106,158,18,6,1,25.04177,121.58735,12
500111070,20231106,159,18,6,1,25.04177,121.58735,12
500111070,20231106,160,18,6,1,25.04177,121.58735,12
500111070,20231106,161,18,6,1,25.04177,121.58735,12
500111070,20231106,162,18,6,1,25.04177,121.58735,12
500111070,20231106,163,18,6,1,25.04177,121.58735,12
500111070,20231106,164,18,6,1,25.04177,121.58735,12
500111070,20231106,165,18,6,1,25.04177,121.58735,12
500111070,20231106,166,18,6,1,25.04177,121.58735,12
500111070,20231106,167,18,6,1,25.04177,121.58735,12
500111070,20231106,168,18,6,1,25.04177,121.58735,12
500111070,20231106,169,18,6,1,25.04177,121.58735,12
500111070,20231106,170,18,6,1,25.04177,121.58735,12
500111070,20231106,171,18,5,1,25.04177,121.58735,13
500111070,20231106,172,18,5,1,25.04177,121.58735,13
500111070,20231106,173,18,5,1,25.04177,121.58735,13
500111070,20231106,174,18,5,1,25.04177,121.58735,13
500111070,20231106,175,18,5,1,25.04177,121.58735,13
500111070,20231106,176,18,5,1,25.04177,121.58735,13
500111070,20231106,177,18,5,1,25.04177,121.58735,13
500111070,20231106,178,18,5,1,25.04177,121.58735,13
500111070,20231106,179,18,5,1,25.04177,121.58735,13
500111070,20231106,180,18,5,1,25.04177,121.58735,13
500111070,20231106,181,18,5,1,25.04177,121.58735,13
500111070,20231106,182,18,5,1,25.04177,121.58735,13
500111070,20231106,183,18,5,1,25.04177,121.58735,13
500111070,20231106,184,18,5,1,25.04177,121.58735,13
500111070,20231106,185,18,5,1,25.04177,121.58735,13
500111070,20231106,186,18,5,1,25.04177,121.58735,13
500111070,20231106,187,18,5,1,25.04177,121.58735,13
500111070,20231106,188,18,5,1,25.04177,121.58735,13
500111070,20231106,189,18,5,1,25.04177,121.58735,13
500111070,20231106,190,18,5,1,25.04177,121.58735,13
500111070,20231106,191,18,5,1,25.04177,121.58735,13
500111070,20231106,192,18,5,1,25.04177,121.58735,13
500111070,20231106,193,18,5,1,25.04177,121.58735,13
500111070,20231106,194,18,5,1,25.04177,121.58735,13
500111070,20231106,195,18,5,1,25.04177,121.58735,13
500111070,20231106,196,18,5,1,25.04177,121.58735,13
500111070,20231106,197,18,5,1,25.04177,121.58735,13
500111070,20231106,198,18,5,1,25.04177,121.58735,13
500111070,20231106,199,18,5,1,25.04177,121.58735,13
500111070,20231106,201,18,5,1,25.04177,121.58735,13
500111070,20231106,202,18,5,1,25.04177,121.58735,13
500111070,20231106,203,18,5,1,25.04177,121.58735,13
500111070,20231106,204,18,5,1,25.04177,121.58735,13
500111070,20231106,205,18,5,1,25.04177,121.58735,13
500111070,20231106,206,18,5,1,25.04177,121.58735,13
500111070,20231106,207,18,5,1,25.04177,121.58735,13
500111070,20231106,208,18,5,1,25.04177,121.58735,13
500111070,20231106,209,18,5,1,25.04177,121.58735,13
500111070,20231106,211,18,5,1,25.04177,121.58735,13
500111070,20231106,212,18,5,1,25.04177,121.58735,13
500111070,20231106,213,18,5,1,25.04177,121.58735,13
500111070,20231106,214,18,5,1,25.04177,121.58735,13
500111070,20231106,215,18,5,1,25.04177,121.58735,13
500111070,20231106,216,18,5,1,25.04177,121.58735,13
500111070,20231106,217,18,5,1,25.04177,121.58735,13
500111070,20231106,218,18,5,1,25.04177,121.58735,13
500111070,20231106,219,18,5,1,25.04177,121.58735,13
500111070,20231106,221,18,5,1,25.04177,121.58735,13
500111070,20231106,222,18,5,1,25.04177,121.58735,13
500111070,20231106,223,18,5,1,25.04177,121.58735,13
500111070,20231106,224,18,5,1,25.04177,121.58735,13
500111070,20231106,225,18,5,1,25.04177,121.58735,13
500111070,20231106,226,18,5,1,25.04177,121.58735,13
500111070,20231106,227,18,5,1,25.04177,121.58735,13
500111070,20231106,228,18,5,1,25.04177,121.58735,13
500111070,20231106,229,18,5,1,25.04177,121.58735,13
500111070,20231106,231,18,5,1,25.04177,121.58735,13
500111070,20231106,232,18,5,1,25.04177,121.58735,13
500111070,20231106,233,18,5,1,25.04177,121.58735,13
500111070,20231106,234,18,5,1,25.04177,121.58735,13
500111070,20231106,235,18,5,1,25.04177,121.58735,13
500111070,20231106,236,18,5,1,25.04177,121.58735,13
500111070,20231106,237,18,5,1,25.04177,121.58735,13
500111070,20231106,238,18,5,1,25.04177,121.58735,13
500111070,20231106,239,18,5,1,25.04177,121.58735,13
500111070,20231106,241,18,5,1,25.04177,121.58735,13
500111070,20231106,242,18,5,1,25.04177,121.58735,13
500111070,20231106,243,18,5,1,25.04177,121.58735,13
500111070,20231106,244,18,5,1,25.04177,121.58735,13
500111070,20231106,245,18,5,1,25.04177,121.58735,13
500111070,20231106,246,18,5,1,25.04177,121.58735,13
500111070,20231106,247,18,5,1,25.04177,121.58735,13
500111070,20231106,248,18,5,1,25.04177,121.58735,13
500111070,20231106,249,18,5,1,25.04177,121.58735,13
500111070,20231106,251,18,5,1,25.04177,121.58735,13
500111070,20231106,252,18,5,1,25.04177,121.58735,13
500111070,20231106,253,18,5,1,25.04177,121.58735,13
500111070,20231106,254,18,5,1,25.04177,121.58735,13
500111070,20231106,255,18,5,1,25.04177,121.58735,13
500111070,20231106,256,18,5,1,25.04177,121.58735,13
500111070,20231106,257,18,5,1,25.04177,121.58735,13
500111070,20231106,258,18,5,1,25.04177,121.58735,13
500111070,20231106,259,18,5,1,25.04177,121.58735,13
500111070,20231106,261,18,5,1,25.04177,121.58735,13
500111070,20231106,262,18,5,1,25.04177,121.58735,13
500111070,20231106,263,18,5,1,25.04177,121.58735,13
500111070,20231106,264,18,5,1,25.04177,121.58735,13
500111070,20231106,265,18,5,1,25.04177,121.58735,13
500111070,20231106,266,18,5,1,25.04177,121.58735,13
500111070,20231106,267,18,5,1,25.04177,121.58735,13
500111070,20231106,268,18,5,1,25.04177,121.58735,13
500111070,20231106,269,18,5,1,25.04177,121.58735,13
500111070,20231106,271,18,5,1,25.04177,121.58735,13
500111070,20231106,272,18,5,1,25.04177,121.58735,13
500111070,20231106,273,18,5,1,25.04177,121.58735,13
500111070,20231106,274,18,5,1,25.04177,121.58735,13
500111070,20231106,275,18,5,1,25.04177,121.58735,13
500111070,20231106,276,18,5,1,25.04177,121.58735,13
500111070,20231106,277,18,5,1,25.04177,121.58735,13
500111070,20231106,278,18,5,1,25.04177,121.58735,13
500111070,20231106,279,18,5,1,25.04177,121.58735,13
500111070,20231106,281,18,5,1,25.04177,121.58735,13
500111070,20231106,282,18,5,1,25.04177,121.58735,13
500111070,20231106,283,18,5,1,25.04177,121.58735,13
500111070,20231106,284,18,5,1,25.04177,121.58735,13
500111070,20231106,285,18,5,1,25.04177,121.58735,13
500111070,20231106,286,18,5,1,25.04177,121.58735,13
500111070,20231106,287,18,5,1,25.04177,121.58735,13
500111070,20231106,288,18,5,1,25.04177,121.58735,13
500111070,20231106,289,18,5,1,25.04177,121.58735,13
500111070,20231106,290,18,5,1,25.04177,121.58735,13
500111070,20231106,291,18,5,1,25.04177,121.58735,13
500111070,20231106,292,18,5,1,25.04177,121.58735,13
500111070,20231106,293,18,5,1,25.04177,121.58735,13
500111070,20231106,294,18,5,1,25.04177,121.58735,13
500111070,20231106,295,18,5,1,25.04177,121.58735,13
500111070,20231106,296,18,5,1,25.04177,121.58735,13
500111070,20231106,297,18,5,1,25.04177,121.58735,13
500111070,20231106,298,18,5,1,25.04177,121.58735,13
500111070,20231106,299,18,5,1,25.04177,121.58735,13
500111070,20231106,300,18,5,1,25.04177,121.58735,13
500111070,20231106,301,18,5,1,25.04177,121.58735,13
500111070,20231106,302,18,5,1,25.04177,121.58735,13
500111070,20231106,303,18,5,1,25.04177,121.58735,13
500111070,20231106,304,18,5,1,25.04177,121.58735,13
500111070,20231106,305,18,5,1,25.04177,121.58735,13
500111070,20231106,306,18,5,1,25.04177,121.58735,13
500111070,20231106,307,18,5,1,25.04177,121.58735,13
500111070,20231106,308,18,5,1,25.04177,121.58735,13
500111070,20231106,309,18,5,1,25.04177,121.58735,13
500111070,20231106,310,18,5,1,25.04177,121.58735,13
500111070,20231106,311,18,5,1,25.04177,121.58735,13
500111070,20231106,312,18,5,1,25.04177,121.58735,13
500111070,20231106,313,18,5,1,25.04177,121.58735,13
500111070,20231106,314,18,5,1,25.04177,121.58735,13
500111070,20231106,315,18,5,1,25.04177,121.58735,13
500111070,20231106,316,18,5,1,25.04177,121.58735,13
500111070,20231106,317,18,5,1,25.04177,121.58735,13
500111070,20231106,318,18,5,1,25.04177,121.58735,13
500111070,20231106,319,18,5,1,25.04177,121.58735,13
500111070,20231106,321,18,5,1,25.04177,121.58735,13
500111070,20231106,322,18,5,1,25.04177,121.58735,13
500111070,20231106,323,18,5,1,25.04177,121.58735,13
500111070,20231106,324,18,5,1,25.04177,121.58735,13
500111070,20231106,325,18,5,1,25.04177,121.58735,13
500111070,20231106,326,18,5,1,25.04177,121.58735,13
500111070,20231106,327,18,5,1,25.04177,121.58735,13
500111070,20231106,328,18,5,1,25.04177,121.58735,13
500111070,20231106,329,18,6,1,25.04177,121.58735,12
500111070,20231106,330,18,6,1,25.04177,121.58735,12
500111070,20231106,331,18,6,1,25.04177,121.58735,12
500111070,20231106,332,18,6,1,25.04177,121.58735,12
500111070,20231106,333,18,6,1,25.04177,121.58735,12
500111070,20231106,334,18,6,1,25.04177,121.58735,12
500111070,20231106,335,18,6,1,25.04177,121.58735,12
500111070,20231106,336,18,6,1,25.04177,121.58735,12
500111070,20231106,337,18,6,1,25.04177,121.58735,12
500111070,20231106,338,18,6,1,25.04177,121.58735,12
500111070,20231106,339,18,6,1,25.04177,121.58735,12
500111070,20231106,340,18,6,1,25.04177,121.58735,12
500111070,20231106,341,18,6,1,25.04177,121.58735,12
500111070,20231106,342,18,6,1,25.04177,121.58735,12
500111070,20231106,343,18,6,1,25.04177,121.58735,12
500111070,20231106,344,18,6,1,25.04177,121.58735,12
500111070,20231106,345,18,6,1,25.04177,121.58735,12
500111070,20231106,346,18,6,1,25.04177,121.58735,12
500111070,20231106,347,18,6,1,25.04177,121.58735,12
500111070,20231106,348,18,6,1,25.04177,121.58735,12
500111070,20231106,349,18,6,1,25.04177,121.58735,12
500111070,20231106,350,18,6,1,25.04177,121.58735,12
500111070,20231106,351,18,5,1,25.04177,121.58735,13
500111070,20231106,352,18,5,1,25.04177,121.58735,13
500111070,20231106,353,18,6,1,25.04177,121.58735,12
500111070,20231106,354,18,6,1,25.04177,121.58735,12
500111070,20231106,355,18,6,1,25.04177,121.58735,12
500111070,20231106,356,18,6,1,25.04177,121.58735,12
500111070,20231106,357,18,6,1,25.04177,121.58735,12
500111070,20231106,358,18,6,1,25.04177,121.58735,12
500111070,20231106,359,18,6,1,25.04177,121.58735,12
500111070,20231106,360,18,6,1,25.04177,121.58735,12
500111070,20231106,361,18,6,1,25.04177,121.58735,12
500111070,20231106,362,18,6,1,25.04177,121.58735,12
500111070,20231106,363,18,6,1,25.04177,121.58735,12
500111070,20231106,364,18,6,1,25.04177,121.58735,12
500111070,20231106,365,18,6,1,25.04177,121.58735,12
500111070,20231106,366,18,6,1,25.04177,121.58735,12
500111070,20231106,367,18,6,1,25.04177,121.58735,12
500111070,20231106,368,18,6,1,25.04177,121.58735,12
500111070,20231106,369,18,7,1,25.04177,121.58735,11
500111070,20231106,370,18,7,1,25.04177,121.58735,11
500111070,20231106,371,18,7,1,25.04177,121.58735,11
500111070,20231106,372,18,7,1,25.04177,121.58735,11
500111070,20231106,374,18,8,1,25.04177,121.58735,10
500111070,20231106,375,18,8,1,25.04177,121.58735,10
500111070,20231106,376,18,8,1,25.04177,121.58735,10
500111070,20231106,377,18,8,1,25.04177,121.58735,10
500111070,20231106,378,18,8,1,25.04177,121.58735,10
500111070,20231106,379,18,8,1,25.04177,121.58735,10
500111070,20231106,381,18,8,1,25.04177,121.58735,10
500111070,20231106,382,18,8,1,25.04177,121.58735,10
500111070,20231106,383,18,8,1,25.04177,121.58735,10
500111070,20231106,384,18,8,1,25.04177,121.58735,10
500111070,20231106,385,18,8,1,25.04177,121.58735,10
500111070,20231106,386,18,8,1,25.04177,121.58735,10
500111070,20231106,387,18,8,1,25.04177,121.58735,10
500111070,20231106,388,18,8,1,25.04177,121.58735,10
500111070,20231106,389,18,8,1,25.04177,121.58735,10
500111070,20231106,391,18,8,1,25.04177,121.58735,10
500111070,20231106,392,18,8,1,25.04177,121.58735,10
500111070,20231106,393,18,8,1,25.04177,121.58735,10
500111070,20231106,394,18,7,1,25.04177,121.58735,11
500111070,20231106,395,18,7,1,25.04177,121.58735,11
500111070,20231106,396,18,7,1,25.04177,121.58735,11
500111070,20231106,397,18,7,1,25.04177,121.58735,11
500111070,20231106,398,18,7,1,25.04177,121.58735,11
500111070,20231106,399,18,7,1,25.04177,121.58735,11
500111070,20231106,401,18,7,1,25.04177,121.58735,11
500111070,20231106,402,18,8,1,25.04177,121.58735,10
500111070,20231106,403,18,9,1,25.04177,121.58735,9
500111070,20231106,404,18,9,1,25.04177,121.58735,9
500111070,20231106,405,18,9,1,25.04177,121.58735,9
500111070,20231106,406,18,9,1,25.04177,121.58735,9
500111070,20231106,407,18,10,1,25.04177,121.58735,8
500111070,20231106,408,18,10,1,25.04177,121.58735,8
500111070,20231106,409,18,11,1,25.04177,121.58735,7
500111070,20231106,411,18,11,1,25.04177,121.58735,7
500111070,20231106,412,18,11,1,25.04177,121.58735,7
500111070,20231106,413,18,11,1,25.04177,121.58735,7
500111070,20231106,414,18,11,1,25.04177,121.58735,7
500111070,20231106,415,18,11,1,25.04177,121.58735,7
500111070,20231106,416,18,11,1,25.04177,121.58735,7
500111070,20231106,417,18,11,1,25.04177,121.58735,7
500111070,20231106,418,18,11,1,25.04177,121.58735,7
500111070,20231106,419,18,11,1,25.04177,121.58735,7
500111070,20231106,421,18,12,1,25.04177,121.58735,6
500111070,20231106,422,18,12,1,25.04177,121.58735,6
500111070,20231106,423,18,12,1,25.04177,121.58735,6
500111070,20231106,424,18,12,1,25.04177,121.58735,6
500111070,20231106,425,18,12,1,25.04177,121.58735,6
500111070,20231106,426,18,13,1,25.04177,121.58735,5
500111070,20231106,427,18,13,1,25.04177,121.58735,5
500111070,20231106,428,18,15,1,25.04177,121.58735,3
500111070,20231106,429,18,16,1,25.04177,121.58735,2
500111070,20231106,431,18,18,1,25.04177,121.58735,0
500111070,20231106,432,18,18,1,25.04177,121.58735,0
500111070,20231106,433,18,18,1,25.04177,121.58735,0
500111070,20231106,434,18,18,1,25.04177,121.58735,0
500111070,20231106,435,18,18,1,25.04177,121.58735,0
500111070,20231106,436,18,18,1,25.04177,121.58735,0
500111070,20231106,437,18,18,1,25.04177,121.58735,0
500111070,20231106,438,18,18,1,25.04177,121.58735,0
500111070,20231106,439,18,18,1,25.04177,121.58735,0
500111070,20231106,441,18,18,1,25.04177,121.58735,0
500111070,20231106,442,18,18,1,25.04177,121.58735,0
500111070,20231106,443,18,18,1,25.04177,121.58735,0
500111070,20231106,444,18,18,1,25.04177,121.58735,0
500111070,20231106,445,18,18,1,25.04177,121.58735,0
500111070,20231106,446,18,18,1,25.04177,121.58735,0
500111070,20231106,447,18,18,1,25.04177,121.58735,0
500111070,20231106,448,18,18,1,25.04177,121.58735,0
500111070,20231106,449,18,18,1,25.04177,121.58735,0
500111070,20231106,451,18,18,1,25.04177,121.58735,0
500111070,20231106,452,18,18,1,25.04177,121.58735,0
500111070,20231106,453,18,18,1,25.04177,121.58735,0
500111070,20231106,454,18,18,1,25.04177,121.58735,0
500111070,20231106,455,18,18,1,25.04177,121.58735,0
500111070,20231106,456,18,18,1,25.04177,121.58735,0
500111070,20231106,457,18,18,1,25.04177,121.58735,0
500111070,20231106,458,18,18,1,25.04177,121.58735,0
500111070,20231106,459,18,18,1,25.04177,121.58735,0
500111070,20231106,460,18,18,1,25.04177,121.58735,0
500111070,20231106,461,18,18,1,25.04177,121.58735,0
500111070,20231106,462,18,16,1,25.04177,121.58735,2
500111070,20231106,463,18,11,1,25.04177,121.58735,7
500111070,20231106,464,18,10,1,25.04177,121.58735,8
500111070,20231106,465,18,7,1,25.04177,121.58735,11
500111070,20231106,466,18,5,1,25.04177,121.58735,13
500111070,20231106,467,18,1,1,25.04177,121.58735,17
500111070,20231106,468,18,1,1,25.04177,121.58735,17
500111070,20231106,469,18,1,1,25.04177,121.58735,17
500111070,20231106,470,18,2,1,25.04177,121.58735,16
500111070,20231106,471,18,2,1,25.04177,121.58735,16
500111070,20231106,472,18,3,1,25.04177,121.58735,15
500111070,20231106,473,18,3,1,25.04177,121.58735,15
500111070,20231106,474,18,3,1,25.04177,121.58735,15
500111070,20231106,475,18,3,1,25.04177,121.58735,15
500111070,20231106,476,18,4,1,25.04177,121.58735,14
500111070,20231106,477,18,5,1,25.04177,121.58735,13
500111070,20231106,478,18,4,1,25.04177,121.58735,14
500111070,20231106,479,18,4,1,25.04177,121.58735,14
500111070,20231106,481,18,5,1,25.04177,121.58735,13
500111070,20231106,482,18,5,1,25.04177,121.58735,13
500111070,20231106,483,18,5,1,25.04177,121.58735,13
500111070,20231106,484,18,5,1,25.04177,121.58735,13
500111070,20231106,485,18,6,1,25.04177,121.58735,12
500111070,20231106,486,18,8,1,25.04177,121.58735,10
500111070,20231106,487,18,9,1,25.04177,121.58735,9
500111070,20231106,488,18,9,1,25.04177,121.58735,9
500111070,20231106,489,18,9,1,25.04177,121.58735,9
500111070,20231106,490,18,9,1,25.04177,121.58735,9
500111070,20231106,491,18,10,1,25.04177,121.58735,8
500111070,20231106,492,18,10,1,25.04177,121.58735,8
500111070,20231106,493,18,10,1,25.04177,121.58735,8
500111070,20231106,494,18,10,1,25.04177,121.58735,8
500111070,20231106,495,18,10,1,25.04177,121.58735,8
500111070,20231106,496,18,11,1,25.04177,121.58735,7
500111070,20231106,497,18,11,1,25.04177,121.58735,7
500111070,20231106,498,18,11,1,25.04177,121.58735,7
500111070,20231106,499,18,11,1,25.04177,121.58735,7
500111070,20231106,501,18,10,1,25.04177,121.58735,8
500111070,20231106,502,18,10,1,25.04177,121.58735,8
500111070,20231106,503,18,10,1,25.04177,121.58735,8
500111070,20231106,504,18,10,1,25.04177,121.58735,8
500111070,20231106,505,18,11,1,25.04177,121.58735,7
500111070,20231106,506,18,12,1,25.04177,121.58735,6
500111070,20231106,507,18,11,1,25.04177,121.58735,7
500111070,20231106,508,18,12,1,25.04177,121.58735,6
500111070,20231106,509,18,12,1,25.04177,121.58735,6
500111070,20231106,511,18,13,1,25.04177,121.58735,5
500111070,20231106,512,18,13,1,25.04177,121.58735,5
500111070,20231106,513,18,15,1,25.04177,121.58735,3
500111070,20231106,514,18,15,1,25.04177,121.58735,3
500111070,20231106,515,18,17,1,25.04177,121.58735,1
500111070,20231106,516,18,18,1,25.04177,121.58735,0
500111070,20231106,517,18,18,1,25.04177,121.58735,0
500111070,20231106,518,18,17,1,25.04177,121.58735,1
500111070,20231106,519,18,17,1,25.04177,121.58735,1
500111070,20231106,520,18,16,1,25.04177,121.58735,2
500111070,20231106,521,18,16,1,25.04177,121.58735,2
500111070,20231106,522,18,16,1,25.04177,121.58735,2
500111070,20231106,523,18,16,1,25.04177,121.58735,2
500111070,20231106,524,18,16,1,25.04177,121.58735,2
500111070,20231106,525,18,16,1,25.04177,121.58735,2
500111070,20231106,526,18,17,1,25.04177,121.58735,1
500111070,20231106,527,18,18,1,25.04177,121.58735,0
500111070,20231106,528,18,18,1,25.04177,121.58735,0
500111070,20231106,529,18,18,1,25.04177,121.58735,0
500111070,20231106,530,18,18,1,25.04177,121.58735,0
500111070,20231106,531,18,18,1,25.04177,121.58735,0
500111070,20231106,532,18,18,1,25.04177,121.58735,0
500111070,20231106,533,18,18,1,25.04177,121.58735,0
500111070,20231106,534,18,18,1,25.04177,121.58735,0
500111070,20231106,535,18,18,1,25.04177,121.58735,0
500111070,20231106,536,18,16,1,25.04177,121.58735,2
500111070,20231106,537,18,16,1,25.04177,121.58735,2
500111070,20231106,538,18,16,1,25.04177,121.58735,2
500111070,20231106,539,18,16,1,25.04177,121.58735,2
500111070,20231106,541,18,16,1,25.04177,121.58735,2
500111070,20231106,542,18,16,1,25.04177,121.58735,2
500111070,20231106,543,18,16,1,25.04177,121.58735,2
500111070,20231106,544,18,16,1,25.04177,121.58735,2
500111070,20231106,545,18,16,1,25.04177,121.58735,2
500111070,20231106,546,18,16,1,25.04177,121.58735,2
500111070,20231106,547,18,16,1,25.04177,121.58735,2
500111070,20231106,548,18,16,1,25.04177,121.58735,2
500111070,20231106,549,18,16,1,25.04177,121.58735,2
500111070,20231106,550,18,16,1,25.04177,121.58735,2
500111070,20231106,551,18,16,1,25.04177,121.58735,2
500111070,20231106,552,18,17,1,25.04177,121.58735,1
500111070,20231106,553,18,17,1,25.04177,121.58735,1
500111070,20231106,554,18,17,1,25.04177,121.58735,1
500111070,20231106,555,18,18,1,25.04177,121.58735,0
500111070,20231106,556,18,18,1,25.04177,121.58735,0
500111070,20231106,557,18,18,1,25.04177,121.58735,0
500111070,20231106,559,18,18,1,25.04177,121.58735,0
500111070,20231106,561,18,18,1,25.04177,121.58735,0
500111070,20231106,562,18,18,1,25.04177,121.58735,0
500111070,20231106,563,18,18,1,25.04177,121.58735,0
500111070,20231106,564,18,18,1,25.04177,121.58735,0
500111070,20231106,566,18,18,1,25.04177,121.58735,0
500111070,20231106,567,18,10,1,25.04177,121.58735,8
500111070,20231106,569,18,9,1,25.04177,121.58735,9
500111070,20231106,572,18,9,1,25.04177,121.58735,9
500111070,20231106,574,18,9,1,25.04177,121.58735,9
500111070,20231106,575,18,9,1,25.04177,121.58735,9
500111070,20231106,576,18,10,1,25.04177,121.58735,8
500111070,20231106,578,18,12,1,25.04177,121.58735,6
500111070,20231106,579,18,12,1,25.04177,121.58735,6
500111070,20231106,580,18,12,1,25.04177,121.58735,6
500111070,20231106,582,18,16,1,25.04177,121.58735,2
500111070,20231106,583,18,16,1,25.04177,121.58735,2
500111070,20231106,584,18,16,1,25.04177,121.58735,2
500111070,20231106,585,18,17,1,25.04177,121.58735,1
500111070,20231106,587,18,17,1,25.04177,121.58735,1
500111070,20231106,588,18,17,1,25.04177,121.58735,1
500111070,20231106,589,18,17,1,25.04177,121.58735,1
500111070,20231106,591,18,17,1,25.04177,121.58735,1
500111070,20231106,594,18,17,1,25.04177,121.58735,1
500111070,20231106,595,18,17,1,25.04177,121.58735,1
500111070,20231106,597,18,17,1,25.04177,121.58735,1
500111070,20231106,598,18,17,1,25.04177,121.58735,1
500111070,20231106,599,18,17,1,25.04177,121.58735,1
500111070,20231106,602,18,17,1,25.04177,121.58735,1
500111070,20231106,603,18,17,1,25.04177,121.58735,1
500111070,20231106,605,18,18,1,25.04177,121.58735,0
500111070,20231106,606,18,18,1,25.04177,121.58735,0
500111070,20231106,608,18,18,1,25.04177,121.58735,0
500111070,20231106,609,18,18,1,25.04177,121.58735,0
500111070,20231106,611,18,18,1,25.04177,121.58735,0
500111070,20231106,612,18,18,1,25.04177,121.58735,0
500111070,20231106,613,18,18,1,25.04177,121.58735,0
500111070,20231106,614,18,18,1,25.04177,121.58735,0
500111070,20231106,615,18,18,1,25.04177,121.58735,0
500111070,20231106,616,18,18,1,25.04177,121.58735,0
500111070,20231106,617,18,18,1,25.04177,121.58735,0
500111070,20231106,618,18,18,1,25.04177,121.58735,0
500111070,20231106,619,18,18,1,25.04177,121.58735,0
500111070,20231106,621,18,18,1,25.04177,121.58735,0
500111070,20231106,622,18,18,1,25.04177,121.58735,0
500111070,20231106,623,18,18,1,25.04177,121.58735,0
500111070,20231106,624,18,18,1,25.04177,121.58735,0
500111070,20231106,625,18,18,1,25.04177,121.58735,0
500111070,20231106,626,18,18,1,25.04177,121.58735,0
500111070,20231106,627,18,18,1,25.04177,121.58735,0
500111070,20231106,628,18,18,1,25.04177,121.58735,0
500111070,20231106,629,18,18,1,25.04177,121.58735,0
500111070,20231106,631,18,18,1,25.04177,121.58735,0
500111070,20231106,632,18,18,1,25.04177,121.58735,0
500111070,20231106,633,18,18,1,25.04177,121.58735,0
500111070,20231106,634,18,18,1,25.04177,121.58735,0
500111070,20231106,635,18,18,1,25.04177,121.58735,0
500111070,20231106,636,18,18,1,25.04177,121.58735,0
500111070,20231106,637,18,18,1,25.04177,121.58735,0
500111070,20231106,639,18,17,1,25.04177,121.58735,1
500111070,20231106,641,18,17,1,25.04177,121.58735,1
500111070,20231106,642,18,17,1,25.04177,121.58735,1
500111070,20231106,643,18,17,1,25.04177,121.58735,1
500111070,20231106,644,18,17,1,25.04177,121.58735,1
500111070,20231106,645,18,17,1,25.04177,121.58735,1
500111070,20231106,646,18,17,1,25.04177,121.58735,1
500111070,20231106,647,18,17,1,25.04177,121.58735,1
500111070,20231106,648,18,17,1,25.04177,121.58735,1
500111070,20231106,649,18,18,1,25.04177,121.58735,0
500111070,20231106,650,18,18,1,25.04177,121.58735,0
500111070,20231106,651,18,18,1,25.04177,121.58735,0
500111070,20231106,652,18,18,1,25.04177,121.58735,0
500111070,20231106,653,18,18,1,25.04177,121.58735,0
500111070,20231106,654,18,18,1,25.04177,121.58735,0
500111070,20231106,655,18,18,1,25.04177,121.58735,0
500111070,20231106,656,18,18,1,25.04177,121.58735,0
500111070,20231106,657,18,18,1,25.04177,121.58735,0
500111070,20231106,658,18,18,1,25.04177,121.58735,0
500111070,20231106,659,18,17,1,25.04177,121.58735,1
500111070,20231106,661,18,18,1,25.04177,121.58735,0
500111070,20231106,662,18,18,1,25.04177,121.58735,0
500111070,20231106,663,18,18,1,25.04177,121.58735,0
500111070,20231106,664,18,18,1,25.04177,121.58735,0
500111070,20231106,665,18,18,1,25.04177,121.58735,0
500111070,20231106,666,18,18,1,25.04177,121.58735,0
500111070,20231106,667,18,18,1,25.04177,121.58735,0
500111070,20231106,668,18,18,1,25.04177,121.58735,0
500111070,20231106,669,18,18,1,25.04177,121.58735,0
500111070,20231106,670,18,18,1,25.04177,121.58735,0
500111070,20231106,671,18,18,1,25.04177,121.58735,0
500111070,20231106,672,18,18,1,25.04177,121.58735,0
500111070,20231106,673,18,18,1,25.04177,121.58735,0
500111070,20231106,674,18,18,1,25.04177,121.58735,0
500111070,20231106,675,18,18,1,25.04177,121.58735,0
500111070,20231106,676,18,18,1,25.04177,121.58735,0
500111070,20231106,677,18,18,1,25.04177,121.58735,0
500111070,20231106,678,18,18,1,25.04177,121.58735,0
500111070,20231106,679,18,18,1,25.04177,121.58735,0
500111070,20231106,681,18,18,1,25.04177,121.58735,0
500111070,20231106,682,18,18,1,25.04177,121.58735,0
500111070,20231106,683,18,18,1,25.04177,121.58735,0
500111070,20231106,684,18,18,1,25.04177,121.58735,0
500111070,20231106,685,18,18,1,25.04177,121.58735,0
500111070,20231106,686,18,18,1,25.04177,121.58735,0
500111070,20231106,687,18,18,1,25.04177,121.58735,0
500111070,20231106,688,18,18,1,25.04177,121.58735,0
500111070,20231106,689,18,18,1,25.04177,121.58735,0
500111070,20231106,690,18,18,1,25.04177,121.58735,0
500111070,20231106,691,18,18,1,25.04177,121.58735,0
500111070,20231106,692,18,18,1,25.04177,121.58735,0
500111070,20231106,693,18,18,1,25.04177,121.58735,0
500111070,20231106,694,18,18,1,25.04177,121.58735,0
500111070,20231106,695,18,18,1,25.04177,121.58735,0
500111070,20231106,696,18,17,1,25.04177,121.58735,1
500111070,20231106,697,18,17,1,25.04177,121.58735,1
500111070,20231106,698,18,17,1,25.04177,121.58735,1
500111070,20231106,699,18,16,1,25.04177,121.58735,2
500111070,20231106,700,18,16,1,25.04177,121.58735,2
500111070,20231106,701,18,16,1,25.04177,121.58735,2
500111070,20231106,702,18,16,1,25.04177,121.58735,2
500111070,20231106,703,18,16,1,25.04177,121.58735,2
500111070,20231106,704,18,16,1,25.04177,121.58735,2
500111070,20231106,705,18,16,1,25.04177,121.58735,2
500111070,20231106,706,18,16,1,25.04177,121.58735,2
500111070,20231106,707,18,16,1,25.04177,121.58735,2
500111070,20231106,708,18,16,1,25.04177,121.58735,2
500111070,20231106,709,18,16,1,25.04177,121.58735,2
500111070,20231106,710,18,16,1,25.04177,121.58735,2
500111070,20231106,711,18,16,1,25.04177,121.58735,2
500111070,20231106,712,18,16,1,25.04177,121.58735,2
500111070,20231106,713,18,16,1,25.04177,121.58735,2
500111070,20231106,714,18,16,1,25.04177,121.58735,2
500111070,20231106,715,18,16,1,25.04177,121.58735,2
500111070,20231106,716,18,16,1,25.04177,121.58735,2
500111070,20231106,717,18,17,1,25.04177,121.58735,1
500111070,20231106,718,18,18,1,25.04177,121.58735,0
500111070,20231106,719,18,18,1,25.04177,121.58735,0
500111070,20231106,721,18,17,1,25.04177,121.58735,1
500111070,20231106,722,18,17,1,25.04177,121.58735,1
500111070,20231106,723,18,17,1,25.04177,121.58735,1
500111070,20231106,724,18,17,1,25.04177,121.58735,1
500111070,20231106,725,18,17,1,25.04177,121.58735,1
500111070,20231106,726,18,17,1,25.04177,121.58735,1
500111070,20231106,727,18,16,1,25.04177,121.58735,2
500111070,20231106,728,18,16,1,25.04177,121.58735,2
500111070,20231106,729,18,17,1,25.04177,121.58735,1
500111070,20231106,730,18,18,1,25.04177,121.58735,0
500111070,20231106,731,18,18,1,25.04177,121.58735,0
500111070,20231106,732,18,18,1,25.04177,121.58735,0
500111070,20231106,733,18,18,1,25.04177,121.58735,0
500111070,20231106,734,18,18,1,25.04177,121.58735,0
500111070,20231106,735,18,17,1,25.04177,121.58735,1
500111070,20231106,736,18,17,1,25.04177,121.58735,1
500111070,20231106,737,18,17,1,25.04177,121.58735,1
500111070,20231106,738,18,17,1,25.04177,121.58735,1
500111070,20231106,739,18,17,1,25.04177,121.58735,1
500111070,20231106,741,18,18,1,25.04177,121.58735,0
500111070,20231106,742,18,18,1,25.04177,121.58735,0
500111070,20231106,743,18,17,1,25.04177,121.58735,1
500111070,20231106,744,18,17,1,25.04177,121.58735,1
500111070,20231106,745,18,17,1,25.04177,121.58735,1
500111070,20231106,746,18,17,1,25.04177,121.58735,1
500111070,20231106,747,18,17,1,25.04177,121.58735,1
500111070,20231106,748,18,17,1,25.04177,121.58735,1
500111070,20231106,749,18,16,1,25.04177,121.58735,2
500111070,20231106,751,18,16,1,25.04177,121.58735,2
500111070,20231106,752,18,16,1,25.04177,121.58735,2
500111070,20231106,753,18,16,1,25.04177,121.58735,2
500111070,20231106,754,18,16,1,25.04177,121.58735,2
500111070,20231106,755,18,16,1,25.04177,121.58735,2
500111070,20231106,756,18,16,1,25.04177,121.58735,2
500111070,20231106,757,18,16,1,25.04177,121.58735,2
500111070,20231106,758,18,16,1,25.04177,121.58735,2
500111070,20231106,759,18,16,1,25.04177,121.58735,2
500111070,20231106,761,18,16,1,25.04177,121.58735,2
500111070,20231106,762,18,16,1,25.04177,121.58735,2
500111070,20231106,763,18,16,1,25.04177,121.58735,2
500111070,20231106,764,18,16,1,25.04177,121.58735,2
500111070,20231106,765,18,16,1,25.04177,121.58735,2
500111070,20231106,766,18,17,1,25.04177,121.58735,1
500111070,20231106,767,18,17,1,25.04177,121.58735,1
500111070,20231106,768,18,17,1,25.04177,121.58735,1
500111070,20231106,769,18,16,1,25.04177,121.58735,2
500111070,20231106,771,18,17,1,25.04177,121.58735,1
500111070,20231106,772,18,17,1,25.04177,121.58735,1
500111070,20231106,773,18,17,1,25.04177,121.58735,1
500111070,20231106,774,18,16,1,25.04177,121.58735,2
500111070,20231106,775,18,16,1,25.04177,121.58735,2
500111070,20231106,776,18,17,1,25.04177,121.58735,1
500111070,20231106,777,18,17,1,25.04177,121.58735,1
500111070,20231106,778,18,17,1,25.04177,121.58735,1
500111070,20231106,779,18,17,1,25.04177,121.58735,1
500111070,20231106,781,18,17,1,25.04177,121.58735,1
500111070,20231106,782,18,17,1,25.04177,121.58735,1
500111070,20231106,783,18,17,1,25.04177,121.58735,1
500111070,20231106,784,18,17,1,25.04177,121.58735,1
500111070,20231106,785,18,17,1,25.04177,121.58735,1
500111070,20231106,786,18,17,1,25.04177,121.58735,1
500111070,20231106,787,18,18,1,25.04177,121.58735,0
500111070,20231106,788,18,18,1,25.04177,121.58735,0
500111070,20231106,789,18,18,1,25.04177,121.58735,0
500111070,20231106,791,18,18,1,25.04177,121.58735,0
500111070,20231106,792,18,18,1,25.04177,121.58735,0
500111070,20231106,793,18,18,1,25.04177,121.58735,0
500111070,20231106,794,18,18,1,25.04177,121.58735,0
500111070,20231106,795,18,18,1,25.04177,121.58735,0
500111070,20231106,796,18,18,1,25.04177,121.58735,0
500111070,20231106,797,18,18,1,25.04177,121.58735,0
500111070,20231106,798,18,18,1,25.04177,121.58735,0
500111070,20231106,799,18,18,1,25.04177,121.58735,0
500111070,20231106,801,18,17,1,25.04177,121.58735,1
500111070,20231106,802,18,17,1,25.04177,121.58735,1
500111070,20231106,803,18,17,1,25.04177,121.58735,1
500111070,20231106,804,18,17,1,25.04177,121.58735,1
500111070,20231106,805,18,17,1,25.04177,121.58735,1
500111070,20231106,806,18,17,1,25.04177,121.58735,1
500111070,20231106,807,18,17,1,25.04177,121.58735,1
500111070,20231106,808,18,17,1,25.04177,121.58735,1
500111070,20231106,809,18,17,1,25.04177,121.58735,1
500111070,20231106,811,18,18,1,25.04177,121.58735,0
500111070,20231106,812,18,18,1,25.04177,121.58735,0
500111070,20231106,813,18,18,1,25.04177,121.58735,0
500111070,20231106,814,18,18,1,25.04177,121.58735,0
500111070,20231106,815,18,18,1,25.04177,121.58735,0
500111070,20231106,816,18,18,1,25.04177,121.58735,0
500111070,20231106,817,18,18,1,25.04177,121.58735,0
500111070,20231106,818,18,18,1,25.04177,121.58735,0
500111070,20231106,819,18,18,1,25.04177,121.58735,0
500111070,20231106,821,18,18,1,25.04177,121.58735,0
500111070,20231106,822,18,18,1,25.04177,121.58735,0
500111070,20231106,823,18,17,1,25.04177,121.58735,1
500111070,20231106,824,18,17,1,25.04177,121.58735,1
500111070,20231106,825,18,18,1,25.04177,121.58735,0
500111070,20231106,826,18,18,1,25.04177,121.58735,0
500111070,20231106,827,18,18,1,25.04177,121.58735,0
500111070,20231106,828,18,18,1,25.04177,121.58735,0
500111070,20231106,829,18,18,1,25.04177,121.58735,0
500111070,20231106,831,18,18,1,25.04177,121.58735,0
500111070,20231106,832,18,18,1,25.04177,121.58735,0
500111070,20231106,833,18,18,1,25.04177,121.58735,0
500111070,20231106,834,18,18,1,25.04177,121.58735,0
500111070,20231106,835,18,18,1,25.04177,121.58735,0
500111070,20231106,836,18,18,1,25.04177,121.58735,0
500111070,20231106,837,18,18,1,25.04177,121.58735,0
500111070,20231106,838,18,18,1,25.04177,121.58735,0
500111070,20231106,839,18,18,1,25.04177,121.58735,0
500111070,20231106,842,18,18,1,25.04177,121.58735,0
500111070,20231106,843,18,18,1,25.04177,121.58735,0
500111070,20231106,844,18,18,1,25.04177,121.58735,0
500111070,20231106,845,18,18,1,25.04177,121.58735,0
500111070,20231106,846,18,18,1,25.04177,121.58735,0
500111070,20231106,847,18,18,1,25.04177,121.58735,0
500111070,20231106,848,18,18,1,25.04177,121.58735,0
500111070,20231106,849,18,18,1,25.04177,121.58735,0
500111070,20231106,850,18,18,1,25.04177,121.58735,0
500111070,20231106,851,18,18,1,25.04177,121.58735,0
500111070,20231106,852,18,18,1,25.04177,121.58735,0
500111070,20231106,853,18,18,1,25.04177,121.58735,0
500111070,20231106,854,18,18,1,25.04177,121.58735,0
500111070,20231106,855,18,18,1,25.04177,121.58735,0
500111070,20231106,856,18,18,1,25.04177,121.58735,0
500111070,20231106,857,18,18,1,25.04177,121.58735,0
500111070,20231106,858,18,18,1,25.04177,121.58735,0
500111070,20231106,859,18,18,1,25.04177,121.58735,0
500111070,20231106,861,18,18,1,25.04177,121.58735,0
500111070,20231106,862,18,18,1,25.04177,121.58735,0
500111070,20231106,863,18,18,1,25.04177,121.58735,0
500111070,20231106,864,18,18,1,25.04177,121.58735,0
500111070,20231106,865,18,18,1,25.04177,121.58735,0
500111070,20231106,866,18,18,1,25.04177,121.58735,0
500111070,20231106,867,18,18,1,25.04177,121.58735,0
500111070,20231106,868,18,18,1,25.04177,121.58735,0
500111070,20231106,869,18,18,1,25.04177,121.58735,0
500111070,20231106,870,18,18,1,25.04177,121.58735,0
500111070,20231106,871,18,18,1,25.04177,121.58735,0
500111070,20231106,872,18,18,1,25.04177,121.58735,0
500111070,20231106,873,18,17,1,25.04177,121.58735,1
500111070,20231106,874,18,17,1,25.04177,121.58735,1
500111070,20231106,875,18,17,1,25.04177,121.58735,1
500111070,20231106,876,18,17,1,25.04177,121.58735,1
500111070,20231106,877,18,17,1,25.04177,121.58735,1
500111070,20231106,878,18,16,1,25.04177,121.58735,2
500111070,20231106,879,18,16,1,25.04177,121.58735,2
500111070,20231106,880,18,16,1,25.04177,121.58735,2
500111070,20231106,881,18,16,1,25.04177,121.58735,2
500111070,20231106,882,18,16,1,25.04177,121.58735,2
500111070,20231106,883,18,16,1,25.04177,121.58735,2
500111070,20231106,884,18,16,1,25.04177,121.58735,2
500111070,20231106,885,18,16,1,25.04177,121.58735,2
500111070,20231106,886,18,17,1,25.04177,121.58735,1
500111070,20231106,887,18,17,1,25.04177,121.58735,1
500111070,20231106,888,18,17,1,25.04177,121.58735,1
500111070,20231106,889,18,17,1,25.04177,121.58735,1
500111070,20231106,890,18,17,1,25.04177,121.58735,1
500111070,20231106,891,18,17,1,25.04177,121.58735,1
500111070,20231106,892,18,17,1,25.04177,121.58735,1
500111070,20231106,893,18,17,1,25.04177,121.58735,1
500111070,20231106,894,18,17,1,25.04177,121.58735,1
500111070,20231106,895,18,17,1,25.04177,121.58735,1
500111070,20231106,896,18,16,1,25.04177,121.58735,2
500111070,20231106,897,18,16,1,25.04177,121.58735,2
500111070,20231106,898,18,16,1,25.04177,121.58735,2
500111070,20231106,899,18,16,1,25.04177,121.58735,2
500111070,20231106,901,18,16,1,25.04177,121.58735,2
500111070,20231106,902,18,16,1,25.04177,121.58735,2
500111070,20231106,903,18,16,1,25.04177,121.58735,2
500111070,20231106,904,18,16,1,25.04177,121.58735,2
500111070,20231106,905,18,16,1,25.04177,121.58735,2
500111070,20231106,906,18,16,1,25.04177,121.58735,2
500111070,20231106,907,18,16,1,25.04177,121.58735,2
500111070,20231106,908,18,16,1,25.04177,121.58735,2
500111070,20231106,909,18,16,1,25.04177,121.58735,2
500111070,20231106,910,18,16,1,25.04177,121.58735,2
500111070,20231106,911,18,16,1,25.04177,121.58735,2
500111070,20231106,912,18,16,1,25.04177,121.58735,2
500111070,20231106,913,18,16,1,25.04177,121.58735,2
500111070,20231106,914,18,16,1,25.04177,121.58735,2
500111070,20231106,915,18,16,1,25.04177,121.58735,2
500111070,20231106,916,18,17,1,25.04177,121.58735,1
500111070,20231106,917,18,17,1,25.04177,121.58735,1
500111070,20231106,918,18,17,1,25.04177,121.58735,1
500111070,20231106,919,18,17,1,25.04177,121.58735,1
500111070,20231106,921,18,17,1,25.04177,121.58735,1
500111070,20231106,922,18,17,1,25.04177,121.58735,1
500111070,20231106,923,18,17,1,25.04177,121.58735,1
500111070,20231106,924,18,17,1,25.04177,121.58735,1
500111070,20231106,925,18,17,1,25.04177,121.58735,1
500111070,20231106,926,18,17,1,25.04177,121.58735,1
500111070,20231106,927,18,17,1,25.04177,121.58735,1
500111070,20231106,928,18,17,1,25.04177,121.58735,1
500111070,20231106,929,18,16,1,25.04177,121.58735,2
500111070,20231106,931,18,16,1,25.04177,121.58735,2
500111070,20231106,932,18,16,1,25.04177,121.58735,2
500111070,20231106,933,18,16,1,25.04177,121.58735,2
500111070,20231106,934,18,16,1,25.04177,121.58735,2
500111070,20231106,935,18,16,1,25.04177,121.58735,2
500111070,20231106,936,18,16,1,25.04177,121.58735,2
500111070,20231106,937,18,16,1,25.04177,121.58735,2
500111070,20231106,938,18,16,1,25.04177,121.58735,2
500111070,20231106,939,18,17,1,25.04177,121.58735,1
500111070,20231106,940,18,17,1,25.04177,121.58735,1
500111070,20231106,941,18,17,1,25.04177,121.58735,1
500111070,20231106,942,18,17,1,25.04177,121.58735,1
500111070,20231106,943,18,17,1,25.04177,121.58735,1
500111070,20231106,944,18,17,1,25.04177,121.58735,1
500111070,20231106,945,18,17,1,25.04177,121.58735,1
500111070,20231106,946,18,17,1,25.04177,121.58735,1
500111070,20231106,947,18,17,1,25.04177,121.58735,1
500111070,20231106,948,18,15,1,25.04177,121.58735,3
500111070,20231106,949,18,15,1,25.04177,121.58735,3
500111070,20231106,950,18,14,1,25.04177,121.58735,4
500111070,20231106,951,18,14,1,25.04177,121.58735,4
500111070,20231106,952,18,14,1,25.04177,121.58735,4
500111070,20231106,953,18,14,1,25.04177,121.58735,4
500111070,20231106,954,18,14,1,25.04177,121.58735,4
500111070,20231106,955,18,14,1,25.04177,121.58735,4
500111070,20231106,956,18,14,1,25.04177,121.58735,4
500111070,20231106,957,18,14,1,25.04177,121.58735,4
500111070,20231106,958,18,14,1,25.04177,121.58735,4
500111070,20231106,959,18,14,1,25.04177,121.58735,4
500111070,20231106,961,18,14,1,25.04177,121.58735,4
500111070,20231106,962,18,14,1,25.04177,121.58735,4
500111070,20231106,963,18,15,1,25.04177,121.58735,3
500111070,20231106,964,18,15,1,25.04177,121.58735,3
500111070,20231106,965,18,15,1,25.04177,121.58735,3
500111070,20231106,966,18,16,1,25.04177,121.58735,2
500111070,20231106,967,18,15,1,25.04177,121.58735,3
500111070,20231106,968,18,15,1,25.04177,121.58735,3
500111070,20231106,969,18,15,1,25.04177,121.58735,3
500111070,20231106,970,18,15,1,25.04177,121.58735,3
500111070,20231106,972,18,15,1,25.04177,121.58735,3
500111070,20231106,973,18,15,1,25.04177,121.58735,3
500111070,20231106,974,18,15,1,25.04177,121.58735,3
500111070,20231106,975,18,15,1,25.04177,121.58735,3
500111070,20231106,976,18,15,1,25.04177,121.58735,3
500111070,20231106,977,18,15,1,25.04177,121.58735,3
500111070,20231106,978,18,15,1,25.04177,121.58735,3
500111070,20231106,979,18,15,1,25.04177,121.58735,3
500111070,20231106,981,18,15,1,25.04177,121.58735,3
500111070,20231106,982,18,16,1,25.04177,121.58735,2
500111070,20231106,983,18,17,1,25.04177,121.58735,1
500111070,20231106,984,18,17,1,25.04177,121.58735,1
500111070,20231106,985,18,17,1,25.04177,121.58735,1
500111070,20231106,986,18,17,1,25.04177,121.58735,1
500111070,20231106,987,18,17,1,25.04177,121.58735,1
500111070,20231106,988,18,17,1,25.04177,121.58735,1
500111070,20231106,989,18,17,1,25.04177,121.58735,1
500111070,20231106,991,18,18,1,25.04177,121.58735,0
500111070,20231106,992,18,18,1,25.04177,121.58735,0
500111070,20231106,993,18,18,1,25.04177,121.58735,0
500111070,20231106,994,18,17,1,25.04177,121.58735,1
500111070,20231106,995,18,16,1,25.04177,121.58735,2
500111070,20231106,996,18,16,1,25.04177,121.58735,2
500111070,20231106,997,18,16,1,25.04177,121.58735,2
500111070,20231106,998,18,16,1,25.04177,121.58735,2
500111070,20231106,999,18,17,1,25.04177,121.58735,1
500111070,20231106,1001,18,17,1,25.04177,121.58735,1
500111070,20231106,1002,18,17,1,25.04177,121.58735,1
500111070,20231106,1003,18,17,1,25.04177,121.58735,1
500111070,20231106,1004,18,17,1,25.04177,121.58735,1
500111070,20231106,1005,18,17,1,25.04177,121.58735,1
500111070,20231106,1006,18,17,1,25.04177,121.58735,1
500111070,20231106,1007,18,17,1,25.04177,121.58735,1
500111070,20231106,1008,18,17,1,25.04177,121.58735,1
500111070,20231106,1009,18,17,1,25.04177,121.58735,1
500111070,20231106,1011,18,17,1,25.04177,121.58735,1
500111070,20231106,1012,18,17,1,25.04177,121.58735,1
500111070,20231106,1013,18,17,1,25.04177,121.58735,1
500111070,20231106,1014,18,17,1,25.04177,121.58735,1
500111070,20231106,1015,18,17,1,25.04177,121.58735,1
500111070,20231106,1016,18,17,1,25.04177,121.58735,1
500111070,20231106,1017,18,17,1,25.04177,121.58735,1
500111070,20231106,1018,18,17,1,25.04177,121.58735,1
500111070,20231106,1019,18,17,1,25.04177,121.58735,1
500111070,20231106,1021,18,17,1,25.04177,121.58735,1
500111070,20231106,1022,18,17,1,25.04177,121.58735,1
500111070,20231106,1023,18,17,1,25.04177,121.58735,1
500111070,20231106,1024,18,17,1,25.04177,121.58735,1
500111070,20231106,1025,18,17,1,25.04177,121.58735,1
500111070,20231106,1026,18,18,1,25.04177,121.58735,0
500111070,20231106,1027,18,18,1,25.04177,121.58735,0
500111070,20231106,1028,18,18,1,25.04177,121.58735,0
500111070,20231106,1029,18,16,1,25.04177,121.58735,2
500111070,20231106,1031,18,17,1,25.04177,121.58735,1
500111070,20231106,1032,18,17,1,25.04177,121.58735,1
500111070,20231106,1034,18,17,1,25.04177,121.58735,1
500111070,20231106,1035,18,17,1,25.04177,121.58735,1
500111070,20231106,1036,18,16,1,25.04177,121.58735,2
500111070,20231106,1037,18,16,1,25.04177,121.58735,2
500111070,20231106,1038,18,15,1,25.04177,121.58735,3
500111070,20231106,1039,18,15,1,25.04177,121.58735,3
500111070,20231106,1041,18,14,1,25.04177,121.58735,4
500111070,20231106,1042,18,14,1,25.04177,121.58735,4
500111070,20231106,1043,18,14,1,25.04177,121.58735,4
500111070,20231106,1044,18,14,1,25.04177,121.58735,4
500111070,20231106,1045,18,14,1,25.04177,121.58735,4
500111070,20231106,1046,18,13,1,25.04177,121.58735,5
500111070,20231106,1047,18,13,1,25.04177,121.58735,5
500111070,20231106,1048,18,12,1,25.04177,121.58735,6
500111070,20231106,1049,18,12,1,25.04177,121.58735,6
500111070,20231106,1051,18,12,1,25.04177,121.58735,6
500111070,20231106,1052,18,12,1,25.04177,121.58735,6
500111070,20231106,1053,18,12,1,25.04177,121.58735,6
500111070,20231106,1054,18,12,1,25.04177,121.58735,6
500111070,20231106,1055,18,12,1,25.04177,121.58735,6
500111070,20231106,1056,18,12,1,25.04177,121.58735,6
500111070,20231106,1057,18,12,1,25.04177,121.58735,6
500111070,20231106,1058,18,12,1,25.04177,121.58735,6
500111070,20231106,1059,18,12,1,25.04177,121.58735,6
500111070,20231106,1060,18,12,1,25.04177,121.58735,6
500111070,20231106,1061,18,12,1,25.04177,121.58735,6
500111070,20231106,1062,18,12,1,25.04177,121.58735,6
500111070,20231106,1063,18,11,1,25.04177,121.58735,7
500111070,20231106,1064,18,10,1,25.04177,121.58735,8
500111070,20231106,1065,18,10,1,25.04177,121.58735,8
500111070,20231106,1066,18,10,1,25.04177,121.58735,8
500111070,20231106,1067,18,9,1,25.04177,121.58735,9
500111070,20231106,1068,18,9,1,25.04177,121.58735,9
500111070,20231106,1069,18,8,1,25.04177,121.58735,10
500111070,20231106,1070,18,8,1,25.04177,121.58735,10
500111070,20231106,1071,18,8,1,25.04177,121.58735,10
500111070,20231106,1072,18,8,1,25.04177,121.58735,10
500111070,20231106,1073,18,8,1,25.04177,121.58735,10
500111070,20231106,1074,18,7,1,25.04177,121.58735,11
500111070,20231106,1075,18,7,1,25.04177,121.58735,11
500111070,20231106,1076,18,7,1,25.04177,121.58735,11
500111070,20231106,1077,18,7,1,25.04177,121.58735,11
500111070,20231106,1078,18,7,1,25.04177,121.58735,11
500111070,20231106,1079,18,6,1,25.04177,121.58735,12
500111070,20231106,1081,18,6,1,25.04177,121.58735,12
500111070,20231106,1082,18,7,1,25.04177,121.58735,11
500111070,20231106,1083,18,8,1,25.04177,121.58735,10
500111070,20231106,1084,18,7,1,25.04177,121.58735,11
500111070,20231106,1085,18,7,1,25.04177,121.58735,11
500111070,20231106,1086,18,6,1,25.04177,121.58735,12
500111070,20231106,1087,18,6,1,25.04177,121.58735,12
500111070,20231106,1088,18,10,1,25.04177,121.58735,8
500111070,20231106,1089,18,12,1,25.04177,121.58735,6
500111070,20231106,1090,18,14,1,25.04177,121.58735,4
500111070,20231106,1091,18,14,1,25.04177,121.58735,4
500111070,20231106,1092,18,17,1,25.04177,121.58735,1
500111070,20231106,1093,18,18,1,25.04177,121.58735,0
500111070,20231106,1094,18,18,1,25.04177,121.58735,0
500111070,20231106,1095,18,18,1,25.04177,121.58735,0
500111070,20231106,1096,18,18,1,25.04177,121.58735,0
500111070,20231106,1097,18,18,1,25.04177,121.58735,0
500111070,20231106,1098,18,17,1,25.04177,121.58735,1
500111070,20231106,1099,18,17,1,25.04177,121.58735,1
500111070,20231106,1101,18,18,1,25.04177,121.58735,0
500111070,20231106,1102,18,18,1,25.04177,121.58735,0
500111070,20231106,1103,18,18,1,25.04177,121.58735,0
500111070,20231106,1104,18,18,1,25.04177,121.58735,0
500111070,20231106,1105,18,17,1,25.04177,121.58735,1
500111070,20231106,1106,18,17,1,25.04177,121.58735,1
500111070,20231106,1107,18,17,1,25.04177,121.58735,1
500111070,20231106,1108,18,17,1,25.04177,121.58735,1
500111070,20231106,1109,18,16,1,25.04177,121.58735,2
500111070,20231106,1111,18,16,1,25.04177,121.58735,2
500111070,20231106,1112,18,17,1,25.04177,121.58735,1
500111070,20231106,1113,18,17,1,25.04177,121.58735,1
500111070,20231106,1114,18,16,1,25.04177,121.58735,2
500111070,20231106,1115,18,16,1,25.04177,121.58735,2
500111070,20231106,1116,18,16,1,25.04177,121.58735,2
500111070,20231106,1117,18,15,1,25.04177,121.58735,3
500111070,20231106,1118,18,15,1,25.04177,121.58735,3
500111070,20231106,1119,18,13,1,25.04177,121.58735,5
500111070,20231106,1120,18,13,1,25.04177,121.58735,5
500111070,20231106,1121,18,13,1,25.04177,121.58735,5
500111070,20231106,1122,18,13,1,25.04177,121.58735,5
500111070,20231106,1123,18,13,1,25.04177,121.58735,5
500111070,20231106,1124,18,14,1,25.04177,121.58735,4
500111070,20231106,1125,18,14,1,25.04177,121.58735,4
500111070,20231106,1126,18,13,1,25.04177,121.58735,5
500111070,20231106,1127,18,13,1,25.04177,121.58735,5
500111070,20231106,1128,18,14,1,25.04177,121.58735,4
500111070,20231106,1129,18,15,1,25.04177,121.58735,3
500111070,20231106,1130,18,15,1,25.04177,121.58735,3
500111070,20231106,1131,18,15,1,25.04177,121.58735,3
500111070,20231106,1132,18,15,1,25.04177,121.58735,3
500111070,20231106,1133,18,15,1,25.04177,121.58735,3
500111070,20231106,1134,18,15,1,25.04177,121.58735,3
500111070,20231106,1135,18,15,1,25.04177,121.58735,3
500111070,20231106,1136,18,15,1,25.04177,121.58735,3
500111070,20231106,1137,18,15,1,25.04177,121.58735,3
500111070,20231106,1138,18,14,1,25.04177,121.58735,4
500111070,20231106,1139,18,14,1,25.04177,121.58735,4
500111070,20231106,1141,18,14,1,25.04177,121.58735,4
500111070,20231106,1142,18,15,1,25.04177,121.58735,3
500111070,20231106,1143,18,15,1,25.04177,121.58735,3
500111070,20231106,1144,18,15,1,25.04177,121.58735,3
500111070,20231106,1145,18,15,1,25.04177,121.58735,3
500111070,20231106,1146,18,14,1,25.04177,121.58735,4
500111070,20231106,1147,18,14,1,25.04177,121.58735,4
500111070,20231106,1148,18,14,1,25.04177,121.58735,4
500111070,20231106,1149,18,14,1,25.04177,121.58735,4
500111070,20231106,1150,18,14,1,25.04177,121.58735,4
500111070,20231106,1151,18,15,1,25.04177,121.58735,3
500111070,20231106,1152,18,15,1,25.04177,121.58735,3
500111070,20231106,1153,18,15,1,25.04177,121.58735,3
500111070,20231106,1154,18,15,1,25.04177,121.58735,3
500111070,20231106,1155,18,15,1,25.04177,121.58735,3
500111070,20231106,1157,18,15,1,25.04177,121.58735,3
500111070,20231106,1158,18,15,1,25.04177,121.58735,3
500111070,20231106,1159,18,16,1,25.04177,121.58735,2
500111070,20231106,1161,18,16,1,25.04177,121.58735,2
500111070,20231106,1162,18,16,1,25.04177,121.58735,2
500111070,20231106,1163,18,16,1,25.04177,121.58735,2
500111070,20231106,1164,18,16,1,25.04177,121.58735,2
500111070,20231106,1165,18,16,1,25.04177,121.58735,2
500111070,20231106,1166,18,16,1,25.04177,121.58735,2
500111070,20231106,1167,18,16,1,25.04177,121.58735,2
500111070,20231106,1168,18,16,1,25.04177,121.58735,2
500111070,20231106,1169,18,16,1,25.04177,121.58735,2
500111070,20231106,1171,18,16,1,25.04177,121.58735,2
500111070,20231106,1172,18,16,1,25.04177,121.58735,2
500111070,20231106,1173,18,16,1,25.04177,121.58735,2
500111070,20231106,1174,18,16,1,25.04177,121.58735,2
500111070,20231106,1175,18,16,1,25.04177,121.58735,2
500111070,20231106,1176,18,16,1,25.04177,121.58735,2
500111070,20231106,1177,18,16,1,25.04177,121.58735,2
500111070,20231106,1178,18,15,1,25.04177,121.58735,3
500111070,20231106,1179,18,16,1,25.04177,121.58735,2
500111070,20231106,1181,18,17,1,25.04177,121.58735,1
500111070,20231106,1182,18,17,1,25.04177,121.58735,1
500111070,20231106,1183,18,17,1,25.04177,121.58735,1
500111070,20231106,1184,18,17,1,25.04177,121.58735,1
500111070,20231106,1185,18,17,1,25.04177,121.58735,1
500111070,20231106,1186,18,17,1,25.04177,121.58735,1
500111070,20231106,1187,18,17,1,25.04177,121.58735,1
500111070,20231106,1188,18,17,1,25.04177,121.58735,1
500111070,20231106,1189,18,17,1,25.04177,121.58735,1
500111070,20231106,1191,18,17,1,25.04177,121.58735,1
500111070,20231106,1192,18,16,1,25.04177,121.58735,2
500111070,20231106,1193,18,16,1,25.04177,121.58735,2
500111070,20231106,1194,18,15,1,25.04177,121.58735,3
500111070,20231106,1195,18,15,1,25.04177,121.58735,3
500111070,20231106,1196,18,15,1,25.04177,121.58735,3
500111070,20231106,1197,18,15,1,25.04177,121.58735,3
500111070,20231106,1198,18,15,1,25.04177,121.58735,3
500111070,20231106,1199,18,15,1,25.04177,121.58735,3
500111070,20231106,1201,18,15,1,25.04177,121.58735,3
500111070,20231106,1202,18,14,1,25.04177,121.58735,4
500111070,20231106,1203,18,14,1,25.04177,121.58735,4
500111070,20231106,1204,18,14,1,25.04177,121.58735,4
500111070,20231106,1205,18,14,1,25.04177,121.58735,4
500111070,20231106,1206,18,14,1,25.04177,121.58735,4
500111070,20231106,1207,18,14,1,25.04177,121.58735,4
500111070,20231106,1208,18,14,1,25.04177,121.58735,4
500111070,20231106,1209,18,14,1,25.04177,121.58735,4
500111070,20231106,1211,18,14,1,25.04177,121.58735,4
500111070,20231106,1212,18,14,1,25.04177,121.58735,4
500111070,20231106,1213,18,14,1,25.04177,121.58735,4
500111070,20231106,1214,18,14,1,25.04177,121.58735,4
500111070,20231106,1215,18,14,1,25.04177,121.58735,4
500111070,20231106,1216,18,14,1,25.04177,121.58735,4
500111070,20231106,1217,18,14,1,25.04177,121.58735,4
500111070,20231106,1218,18,14,1,25.04177,121.58735,4
500111070,20231106,1219,18,14,1,25.04177,121.58735,4
500111070,20231106,1221,18,14,1,25.04177,121.58735,4
500111070,20231106,1222,18,14,1,25.04177,121.58735,4
500111070,20231106,1223,18,14,1,25.04177,121.58735,4
500111070,20231106,1224,18,14,1,25.04177,121.58735,4
500111070,20231106,1225,18,14,1,25.04177,121.58735,4
500111070,20231106,1226,18,14,1,25.04177,121.58735,4
500111070,20231106,1227,18,14,1,25.04177,121.58735,4
500111070,20231106,1228,18,14,1,25.04177,121.58735,4
500111070,20231106,1229,18,14,1,25.04177,121.58735,4
500111070,20231106,1231,18,14,1,25.04177,121.58735,4
500111070,20231106,1232,18,14,1,25.04177,121.58735,4
500111070,20231106,1233,18,14,1,25.04177,121.58735,4
500111070,20231106,1234,18,14,1,25.04177,121.58735,4
500111070,20231106,1235,18,14,1,25.04177,121.58735,4
500111070,20231106,1236,18,14,1,25.04177,121.58735,4
500111070,20231106,1237,18,14,1,25.04177,121.58735,4
500111070,20231106,1238,18,14,1,25.04177,121.58735,4
500111070,20231106,1239,18,14,1,25.04177,121.58735,4
500111070,20231106,1240,18,14,1,25.04177,121.58735,4
500111070,20231106,1241,18,15,1,25.04177,121.58735,3
500111070,20231106,1242,18,15,1,25.04177,121.58735,3
500111070,20231106,1243,18,15,1,25.04177,121.58735,3
500111070,20231106,1244,18,16,1,25.04177,121.58735,2
500111070,20231106,1245,18,16,1,25.04177,121.58735,2
500111070,20231106,1246,18,16,1,25.04177,121.58735,2
500111070,20231106,1247,18,16,1,25.04177,121.58735,2
500111070,20231106,1248,18,16,1,25.04177,121.58735,2
500111070,20231106,1249,18,16,1,25.04177,121.58735,2
500111070,20231106,1250,18,16,1,25.04177,121.58735,2
500111070,20231106,1251,18,16,1,25.04177,121.58735,2
500111070,20231106,1252,18,16,1,25.04177,121.58735,2
500111070,20231106,1253,18,15,1,25.04177,121.58735,3
500111070,20231106,1254,18,15,1,25.04177,121.58735,3
500111070,20231106,1255,18,15,1,25.04177,121.58735,3
500111070,20231106,1256,18,15,1,25.04177,121.58735,3
500111070,20231106,1257,18,15,1,25.04177,121.58735,3
500111070,20231106,1258,18,15,1,25.04177,121.58735,3
500111070,20231106,1259,18,15,1,25.04177,121.58735,3
500111070,20231106,1261,18,15,1,25.04177,121.58735,3
500111070,20231106,1262,18,15,1,25.04177,121.58735,3
500111070,20231106,1263,18,15,1,25.04177,121.58735,3
500111070,20231106,1264,18,15,1,25.04177,121.58735,3
500111070,20231106,1265,18,15,1,25.04177,121.58735,3
500111070,20231106,1266,18,15,1,25.04177,121.58735,3
500111070,20231106,1267,18,15,1,25.04177,121.58735,3
500111070,20231106,1268,18,15,1,25.04177,121.58735,3
500111070,20231106,1269,18,15,1,25.04177,121.58735,3
500111070,20231106,1270,18,14,1,25.04177,121.58735,4
500111070,20231106,1271,18,14,1,25.04177,121.58735,4
500111070,20231106,1272,18,14,1,25.04177,121.58735,4
500111070,20231106,1273,18,14,1,25.04177,121.58735,4
500111070,20231106,1274,18,13,1,25.04177,121.58735,5
500111070,20231106,1275,18,13,1,25.04177,121.58735,5
500111070,20231106,1276,18,13,1,25.04177,121.58735,5
500111070,20231106,1277,18,13,1,25.04177,121.58735,5
500111070,20231106,1278,18,13,1,25.04177,121.58735,5
500111070,20231106,1279,18,14,1,25.04177,121.58735,4
500111070,20231106,1281,18,13,1,25.04177,121.58735,5
500111070,20231106,1282,18,13,1,25.04177,121.58735,5
500111070,20231106,1283,18,13,1,25.04177,121.58735,5
500111070,20231106,1284,18,13,1,25.04177,121.58735,5
500111070,20231106,1285,18,13,1,25.04177,121.58735,5
500111070,20231106,1286,18,13,1,25.04177,121.58735,5
500111070,20231106,1287,18,13,1,25.04177,121.58735,5
500111070,20231106,1288,18,13,1,25.04177,121.58735,5
500111070,20231106,1289,18,13,1,25.04177,121.58735,5
500111070,20231106,1291,18,13,1,25.04177,121.58735,5
500111070,20231106,1292,18,13,1,25.04177,121.58735,5
500111070,20231106,1293,18,13,1,25.04177,121.58735,5
500111070,20231106,1294,18,13,1,25.04177,121.58735,5
500111070,20231106,1295,18,13,1,25.04177,121.58735,5
500111070,20231106,1296,18,13,1,25.04177,121.58735,5
500111070,20231106,1297,18,13,1,25.04177,121.58735,5
500111070,20231106,1298,18,13,1,25.04177,121.58735,5
500111070,20231106,1299,18,13,1,25.04177,121.58735,5
500111070,20231106,1300,18,13,1,25.04177,121.58735,5
500111070,20231106,1301,18,13,1,25.04177,121.58735,5
500111070,20231106,1302,18,12,1,25.04177,121.58735,6
500111070,20231106,1303,18,11,1,25.04177,121.58735,7
500111070,20231106,1304,18,11,1,25.04177,121.58735,7
500111070,20231106,1305,18,11,1,25.04177,121.58735,7
500111070,20231106,1306,18,11,1,25.04177,121.58735,7
500111070,20231106,1307,18,11,1,25.04177,121.58735,7
500111070,20231106,1308,18,11,1,25.04177,121.58735,7
500111070,20231106,1309,18,11,1,25.04177,121.58735,7
500111070,20231106,1310,18,11,1,25.04177,121.58735,7
500111070,20231106,1311,18,11,1,25.04177,121.58735,7
500111070,20231106,1312,18,11,1,25.04177,121.58735,7
500111070,20231106,1313,18,11,1,25.04177,121.58735,7
500111070,20231106,1314,18,11,1,25.04177,121.58735,7
500111070,20231106,1315,18,11,1,25.04177,121.58735,7
500111070,20231106,1316,18,11,1,25.04177,121.58735,7
500111070,20231106,1317,18,11,1,25.04177,121.58735,7
500111070,20231106,1318,18,11,1,25.04177,121.58735,7
500111070,20231106,1319,18,11,1,25.04177,121.58735,7
500111070,20231106,1321,18,11,1,25.04177,121.58735,7
500111070,20231106,1322,18,11,1,25.04177,121.58735,7
500111070,20231106,1323,18,11,1,25.04177,121.58735,7
500111070,20231106,1324,18,10,1,25.04177,121.58735,8
500111070,20231106,1325,18,9,1,25.04177,121.58735,9
500111070,20231106,1326,18,9,1,25.04177,121.58735,9
500111070,20231106,1327,18,9,1,25.04177,121.58735,9
500111070,20231106,1328,18,9,1,25.04177,121.58735,9
500111070,20231106,1329,18,9,1,25.04177,121.58735,9
500111070,20231106,1330,18,10,1,25.04177,121.58735,8
500111070,20231106,1331,18,10,1,25.04177,121.58735,8
500111070,20231106,1332,18,10,1,25.04177,121.58735,8
500111070,20231106,1333,18,10,1,25.04177,121.58735,8
500111070,20231106,1334,18,10,1,25.04177,121.58735,8
500111070,20231106,1335,18,10,1,25.04177,121.58735,8
500111070,20231106,1336,18,10,1,25.04177,121.58735,8
500111070,20231106,1337,18,10,1,25.04177,121.58735,8
500111070,20231106,1338,18,10,1,25.04177,121.58735,8
500111070,20231106,1339,18,10,1,25.04177,121.58735,8
500111070,20231106,1341,18,9,1,25.04177,121.58735,9
500111070,20231106,1342,18,9,1,25.04177,121.58735,9
500111070,20231106,1343,18,9,1,25.04177,121.58735,9
500111070,20231106,1344,18,9,1,25.04177,121.58735,9
500111070,20231106,1345,18,9,1,25.04177,121.58735,9
500111070,20231106,1346,18,10,1,25.04177,121.58735,8
500111070,20231106,1347,18,10,1,25.04177,121.58735,8
500111070,20231106,1348,18,10,1,25.04177,121.58735,8
500111070,20231106,1349,18,10,1,25.04177,121.58735,8
500111070,20231106,1351,18,10,1,25.04177,121.58735,8
500111070,20231106,1352,18,10,1,25.04177,121.58735,8
500111070,20231106,1353,18,10,1,25.04177,121.58735,8
500111070,20231106,1354,18,10,1,25.04177,121.58735,8
500111070,20231106,1355,18,10,1,25.04177,121.58735,8
500111070,20231106,1356,18,10,1,25.04177,121.58735,8
500111070,20231106,1357,18,10,1,25.04177,121.58735,8
500111070,20231106,1358,18,10,1,25.04177,121.58735,8
500111070,20231106,1359,18,10,1,25.04177,121.58735,8
500111070,20231106,1361,18,10,1,25.04177,121.58735,8
500111070,20231106,1362,18,10,1,25.04177,121.58735,8
500111070,20231106,1363,18,10,1,25.04177,121.58735,8
500111070,20231106,1364,18,8,1,25.04177,121.58735,10
500111070,20231106,1365,18,8,1,25.04177,121.58735,10
500111070,20231106,1367,18,8,1,25.04177,121.58735,10
500111070,20231106,1368,18,8,1,25.04177,121.58735,10
500111070,20231106,1369,18,8,1,25.04177,121.58735,10
500111070,20231106,1371,18,8,1,25.04177,121.58735,10
500111070,20231106,1372,18,6,1,25.04177,121.58735,12
500111070,20231106,1373,18,6,1,25.04177,121.58735,12
500111070,20231106,1374,18,6,1,25.04177,121.58735,12
500111070,20231106,1375,18,6,1,25.04177,121.58735,12
500111070,20231106,1376,18,6,1,25.04177,121.58735,12
500111070,20231106,1377,18,6,1,25.04177,121.58735,12
500111070,20231106,1378,18,6,1,25.04177,121.58735,12
500111070,20231106,1379,18,6,1,25.04177,121.58735,12
500111070,20231106,1381,18,7,1,25.04177,121.58735,11
500111070,20231106,1382,18,7,1,25.04177,121.58735,11
500111070,20231106,1383,18,13,1,25.04177,121.58735,5
500111070,20231106,1384,18,13,1,25.04177,121.58735,5
500111070,20231106,1385,18,13,1,25.04177,121.58735,5
500111070,20231106,1386,18,13,1,25.04177,121.58735,5
500111070,20231106,1387,18,13,1,25.04177,121.58735,5
500111070,20231106,1388,18,13,1,25.04177,121.58735,5
500111070,20231106,1389,18,13,1,25.04177,121.58735,5
500111070,20231106,1391,18,14,1,25.04177,121.58735,4
500111070,20231106,1392,18,14,1,25.04177,121.58735,4
500111070,20231106,1393,18,14,1,25.04177,121.58735,4
500111070,20231106,1394,18,14,1,25.04177,121.58735,4
500111070,20231106,1395,18,14,1,25.04177,121.58735,4
500111070,20231106,1396,18,14,1,25.04177,121.58735,4
500111070,20231106,1397,18,14,1,25.04177,121.58735,4
500111070,20231106,1398,18,14,1,25.04177,121.58735,4
500111070,20231106,1399,18,14,1,25.04177,121.58735,4
500111070,20231106,1401,18,14,1,25.04177,121.58735,4
500111070,20231106,1402,18,14,1,25.04177,121.58735,4
500111070,20231106,1403,18,14,1,25.04177,121.58735,4
500111070,20231106,1404,18,14,1,25.04177,121.58735,4
500111070,20231106,1405,18,14,1,25.04177,121.58735,4
500111070,20231106,1406,18,14,1,25.04177,121.58735,4
500111070,20231106,1407,18,15,1,25.04177,121.58735,3
500111070,20231106,1408,18,14,1,25.04177,121.58735,4
500111070,20231106,1409,18,14,1,25.04177,121.58735,4
500111070,20231106,1411,18,14,1,25.04177,121.58735,4
500111070,20231106,1412,18,15,1,25.04177,121.58735,3
500111070,20231106,1413,18,15,1,25.04177,121.58735,3
500111070,20231106,1414,18,15,1,25.04177,121.58735,3
500111070,20231106,1415,18,15,1,25.04177,121.58735,3
500111070,20231106,1416,18,15,1,25.04177,121.58735,3
500111070,20231106,1417,18,15,1,25.04177,121.58735,3
500111070,20231106,1418,18,15,1,25.04177,121.58735,3
500111070,20231106,1419,18,15,1,25.04177,121.58735,3
500111070,20231106,1421,18,15,1,25.04177,121.58735,3
500111070,20231106,1422,18,14,1,25.04177,121.58735,4
500111070,20231106,1423,18,13,1,25.04177,121.58735,5
500111070,20231106,1424,18,12,1,25.04177,121.58735,6
500111070,20231106,1425,18,12,1,25.04177,121.58735,6
500111070,20231106,1426,18,13,1,25.04177,121.58735,5
500111070,20231106,1427,18,13,1,25.04177,121.58735,5
500111070,20231106,1428,18,13,1,25.04177,121.58735,5
500111070,20231106,1429,18,13,1,25.04177,121.58735,5
500111070,20231106,1430,18,13,1,25.04177,121.58735,5
500111070,20231106,1431,18,13,1,25.04177,121.58735,5
500111070,20231106,1432,18,13,1,25.04177,121.58735,5
500111070,20231106,1433,18,13,1,25.04177,121.58735,5
500111070,20231106,1434,18,13,1,25.04177,121.58735,5
500111070,20231106,1435,18,13,1,25.04177,121.58735,5
500111070,20231106,1436,18,13,1,25.04177,121.58735,5
500111070,20231106,1437,18,13,1,25.04177,121.58735,5
500111070,20231106,1438,18,13,1,25.04177,121.58735,5
500111070,20231106,1439,18,13,1,25.04177,121.58735,5
500111070,20231107,1,18,13,1,25.04177,121.58735,5
500111070,20231107,2,18,13,1,25.04177,121.58735,5
500111070,20231107,3,18,13,1,25.04177,121.58735,5
500111070,20231107,4,18,13,1,25.04177,121.58735,5
500111070,20231107,5,18,13,1,25.04177,121.58735,5
500111070,20231107,6,18,13,1,25.04177,121.58735,5
500111070,20231107,7,18,13,1,25.04177,121.58735,5
500111070,20231107,8,18,13,1,25.04177,121.58735,5
500111070,20231107,9,18,13,1,25.04177,121.58735,5
500111070,20231107,10,18,13,1,25.04177,121.58735,5
500111070,20231107,11,18,13,1,25.04177,121.58735,5
500111070,20231107,12,18,13,1,25.04177,121.58735,5
500111070,20231107,13,18,13,1,25.04177,121.58735,5
500111070,20231107,14,18,13,1,25.04177,121.58735,5
500111070,20231107,15,18,13,1,25.04177,121.58735,5
500111070,20231107,16,18,13,1,25.04177,121.58735,5
500111070,20231107,17,18,13,1,25.04177,121.58735,5
500111070,20231107,18,18,13,1,25.04177,121.58735,5
500111070,20231107,19,18,13,1,25.04177,121.58735,5
500111070,20231107,21,18,13,1,25.04177,121.58735,5
500111070,20231107,22,18,13,1,25.04177,121.58735,5
500111070,20231107,23,18,14,1,25.04177,121.58735,4
500111070,20231107,24,18,14,1,25.04177,121.58735,4
500111070,20231107,25,18,14,1,25.04177,121.58735,4
500111070,20231107,26,18,14,1,25.04177,121.58735,4
500111070,20231107,27,18,14,1,25.04177,121.58735,4
500111070,20231107,28,18,14,1,25.04177,121.58735,4
500111070,20231107,29,18,14,1,25.04177,121.58735,4
500111070,20231107,30,18,14,1,25.04177,121.58735,4
500111070,20231107,31,18,14,1,25.04177,121.58735,4
500111070,20231107,32,18,14,1,25.04177,121.58735,4
500111070,20231107,33,18,14,1,25.04177,121.58735,4
500111070,20231107,34,18,13,1,25.04177,121.58735,5
500111070,20231107,35,18,13,1,25.04177,121.58735,5
500111070,20231107,36,18,12,1,25.04177,121.58735,6
500111070,20231107,37,18,12,1,25.04177,121.58735,6
500111070,20231107,38,18,12,1,25.04177,121.58735,6
500111070,20231107,39,18,12,1,25.04177,121.58735,6
500111070,20231107,40,18,12,1,25.04177,121.58735,6
500111070,20231107,41,18,12,1,25.04177,121.58735,6
500111070,20231107,42,18,12,1,25.04177,121.58735,6
500111070,20231107,43,18,12,1,25.04177,121.58735,6
500111070,20231107,44,18,12,1,25.04177,121.58735,6
500111070,20231107,45,18,12,1,25.04177,121.58735,6
500111070,20231107,46,18,12,1,25.04177,121.58735,6
500111070,20231107,47,18,12,1,25.04177,121.58735,6
500111070,20231107,48,18,12,1,25.04177,121.58735,6
500111070,20231107,49,18,12,1,25.04177,121.58735,6
500111070,20231107,50,18,12,1,25.04177,121.58735,6
500111070,20231107,51,18,12,1,25.04177,121.58735,6
500111070,20231107,52,18,12,1,25.04177,121.58735,6
500111070,20231107,53,18,12,1,25.04177,121.58735,6
500111070,20231107,54,18,12,1,25.04177,121.58735,6
500111070,20231107,55,18,12,1,25.04177,121.58735,6
500111070,20231107,56,18,12,1,25.04177,121.58735,6
500111070,20231107,57,18,12,1,25.04177,121.58735,6
500111070,20231107,58,18,12,1,25.04177,121.58735,6
500111070,20231107,59,18,12,1,25.04177,121.58735,6
500111070,20231107,60,18,12,1,25.04177,121.58735,6
500111070,20231107,61,18,12,1,25.04177,121.58735,6
500111070,20231107,62,18,12,1,25.04177,121.58735,6
500111070,20231107,63,18,12,1,25.04177,121.58735,6
500111070,20231107,64,18,12,1,25.04177,121.58735,6
500111070,20231107,65,18,12,1,25.04177,121.58735,6
500111070,20231107,66,18,12,1,25.04177,121.58735,6
500111070,20231107,67,18,12,1,25.04177,121.58735,6
500111070,20231107,68,18,12,1,25.04177,121.58735,6
500111070,20231107,69,18,12,1,25.04177,121.58735,6
500111070,20231107,70,18,12,1,25.04177,121.58735,6
500111070,20231107,71,18,12,1,25.04177,121.58735,6
500111070,20231107,72,18,12,1,25.04177,121.58735,6
500111070,20231107,73,18,12,1,25.04177,121.58735,6
500111070,20231107,74,18,12,1,25.04177,121.58735,6
500111070,20231107,75,18,12,1,25.04177,121.58735,6
500111070,20231107,76,18,12,1,25.04177,121.58735,6
500111070,20231107,77,18,12,1,25.04177,121.58735,6
500111070,20231107,78,18,12,1,25.04177,121.58735,6
500111070,20231107,79,18,12,1,25.04177,121.58735,6
500111070,20231107,81,18,12,1,25.04177,121.58735,6
500111070,20231107,82,18,12,1,25.04177,121.58735,6
500111070,20231107,83,18,12,1,25.04177,121.58735,6
500111070,20231107,84,18,12,1,25.04177,121.58735,6
500111070,20231107,85,18,12,1,25.04177,121.58735,6
500111070,20231107,86,18,12,1,25.04177,121.58735,6
500111070,20231107,87,18,12,1,25.04177,121.58735,6
500111070,20231107,88,18,12,1,25.04177,121.58735,6
500111070,20231107,89,18,12,1,25.04177,121.58735,6
500111070,20231107,90,18,12,1,25.04177,121.58735,6
500111070,20231107,91,18,12,1,25.04177,121.58735,6
500111070,20231107,92,18,12,1,25.04177,121.58735,6
500111070,20231107,93,18,12,1,25.04177,121.58735,6
500111070,20231107,94,18,12,1,25.04177,121.58735,6
500111070,20231107,95,18,12,1,25.04177,121.58735,6
500111070,20231107,96,18,12,1,25.04177,121.58735,6
500111070,20231107,97,18,12,1,25.04177,121.58735,6
500111070,20231107,98,18,12,1,25.04177,121.58735,6
500111070,20231107,99,18,12,1,25.04177,121.58735,6
500111070,20231107,101,18,12,1,25.04177,121.58735,6
500111070,20231107,102,18,12,1,25.04177,121.58735,6
500111070,20231107,103,18,12,1,25.04177,121.58735,6
500111070,20231107,104,18,12,1,25.04177,121.58735,6
500111070,20231107,105,18,12,1,25.04177,121.58735,6
500111070,20231107,106,18,12,1,25.04177,121.58735,6
500111070,20231107,107,18,12,1,25.04177,121.58735,6
500111070,20231107,108,18,12,1,25.04177,121.58735,6
500111070,20231107,109,18,12,1,25.04177,121.58735,6
500111070,20231107,111,18,12,1,25.04177,121.58735,6
500111070,20231107,112,18,12,1,25.04177,121.58735,6
500111070,20231107,113,18,12,1,25.04177,121.58735,6
500111070,20231107,114,18,12,1,25.04177,121.58735,6
500111070,20231107,115,18,12,1,25.04177,121.58735,6
500111070,20231107,116,18,12,1,25.04177,121.58735,6
500111070,20231107,117,18,12,1,25.04177,121.58735,6
500111070,20231107,118,18,12,1,25.04177,121.58735,6
500111070,20231107,119,18,12,1,25.04177,121.58735,6
500111070,20231107,121,18,12,1,25.04177,121.58735,6
500111070,20231107,122,18,12,1,25.04177,121.58735,6
500111070,20231107,123,18,12,1,25.04177,121.58735,6
500111070,20231107,124,18,12,1,25.04177,121.58735,6
500111070,20231107,125,18,12,1,25.04177,121.58735,6
500111070,20231107,126,18,12,1,25.04177,121.58735,6
500111070,20231107,127,18,12,1,25.04177,121.58735,6
500111070,20231107,128,18,12,1,25.04177,121.58735,6
500111070,20231107,129,18,12,1,25.04177,121.58735,6
500111070,20231107,131,18,12,1,25.04177,121.58735,6
500111070,20231107,132,18,12,1,25.04177,121.58735,6
500111070,20231107,133,18,12,1,25.04177,121.58735,6
500111070,20231107,134,18,12,1,25.04177,121.58735,6
500111070,20231107,135,18,12,1,25.04177,121.58735,6
500111070,20231107,136,18,12,1,25.04177,121.58735,6
500111070,20231107,137,18,12,1,25.04177,121.58735,6
500111070,20231107,138,18,12,1,25.04177,121.58735,6
500111070,20231107,139,18,12,1,25.04177,121.58735,6
500111070,20231107,141,18,12,1,25.04177,121.58735,6
500111070,20231107,142,18,12,1,25.04177,121.58735,6
500111070,20231107,143,18,12,1,25.04177,121.58735,6
500111070,20231107,144,18,12,1,25.04177,121.58735,6
500111070,20231107,145,18,12,1,25.04177,121.58735,6
500111070,20231107,146,18,12,1,25.04177,121.58735,6
500111070,20231107,147,18,12,1,25.04177,121.58735,6
500111070,20231107,148,18,12,1,25.04177,121.58735,6
500111070,20231107,149,18,12,1,25.04177,121.58735,6
500111070,20231107,150,18,12,1,25.04177,121.58735,6
500111070,20231107,151,18,12,1,25.04177,121.58735,6
500111070,20231107,152,18,12,1,25.04177,121.58735,6
500111070,20231107,153,18,12,1,25.04177,121.58735,6
500111070,20231107,154,18,12,1,25.04177,121.58735,6
500111070,20231107,155,18,12,1,25.04177,121.58735,6
500111070,20231107,156,18,12,1,25.04177,121.58735,6
500111070,20231107,157,18,12,1,25.04177,121.58735,6
500111070,20231107,158,18,12,1,25.04177,121.58735,6
500111070,20231107,159,18,12,1,25.04177,121.58735,6
500111070,20231107,160,18,12,1,25.04177,121.58735,6
500111070,20231107,161,18,12,1,25.04177,121.58735,6
500111070,20231107,162,18,12,1,25.04177,121.58735,6
500111070,20231107,163,18,12,1,25.04177,121.58735,6
500111070,20231107,164,18,12,1,25.04177,121.58735,6
500111070,20231107,165,18,12,1,25.04177,121.58735,6
500111070,20231107,166,18,12,1,25.04177,121.58735,6
500111070,20231107,167,18,12,1,25.04177,121.58735,6
500111070,20231107,168,18,12,1,25.04177,121.58735,6
500111070,20231107,169,18,12,1,25.04177,121.58735,6
500111070,20231107,170,18,12,1,25.04177,121.58735,6
500111070,20231107,171,18,12,1,25.04177,121.58735,6
500111070,20231107,172,18,12,1,25.04177,121.58735,6
500111070,20231107,173,18,12,1,25.04177,121.58735,6
500111070,20231107,174,18,12,1,25.04177,121.58735,6
500111070,20231107,175,18,12,1,25.04177,121.58735,6
500111070,20231107,176,18,12,1,25.04177,121.58735,6
500111070,20231107,177,18,12,1,25.04177,121.58735,6
500111070,20231107,178,18,12,1,25.04177,121.58735,6
500111070,20231107,179,18,12,1,25.04177,121.58735,6
500111070,20231107,180,18,12,1,25.04177,121.58735,6
500111070,20231107,181,18,12,1,25.04177,121.58735,6
500111070,20231107,182,18,12,1,25.04177,121.58735,6
500111070,20231107,183,18,12,1,25.04177,121.58735,6
500111070,20231107,184,18,12,1,25.04177,121.58735,6
500111070,20231107,185,18,12,1,25.04177,121.58735,6
500111070,20231107,186,18,12,1,25.04177,121.58735,6
500111070,20231107,187,18,12,1,25.04177,121.58735,6
500111070,20231107,188,18,12,1,25.04177,121.58735,6
500111070,20231107,189,18,12,1,25.04177,121.58735,6
500111070,20231107,190,18,12,1,25.04177,121.58735,6
500111070,20231107,191,18,12,1,25.04177,121.58735,6
500111070,20231107,192,18,12,1,25.04177,121.58735,6
500111070,20231107,193,18,12,1,25.04177,121.58735,6
500111070,20231107,194,18,12,1,25.04177,121.58735,6
500111070,20231107,195,18,12,1,25.04177,121.58735,6
500111070,20231107,196,18,12,1,25.04177,121.58735,6
500111070,20231107,197,18,12,1,25.04177,121.58735,6
500111070,20231107,198,18,12,1,25.04177,121.58735,6
500111070,20231107,199,18,13,1,25.04177,121.58735,5
500111070,20231107,201,18,13,1,25.04177,121.58735,5
500111070,20231107,202,18,13,1,25.04177,121.58735,5
500111070,20231107,203,18,13,1,25.04177,121.58735,5
500111070,20231107,204,18,13,1,25.04177,121.58735,5
500111070,20231107,205,18,13,1,25.04177,121.58735,5
500111070,20231107,206,18,13,1,25.04177,121.58735,5
500111070,20231107,207,18,13,1,25.04177,121.58735,5
500111070,20231107,208,18,13,1,25.04177,121.58735,5
500111070,20231107,209,18,13,1,25.04177,121.58735,5
500111070,20231107,210,18,13,1,25.04177,121.58735,5
500111070,20231107,211,18,13,1,25.04177,121.58735,5
500111070,20231107,212,18,13,1,25.04177,121.58735,5
500111070,20231107,213,18,13,1,25.04177,121.58735,5
500111070,20231107,214,18,13,1,25.04177,121.58735,5
500111070,20231107,215,18,13,1,25.04177,121.58735,5
500111070,20231107,216,18,13,1,25.04177,121.58735,5
500111070,20231107,217,18,13,1,25.04177,121.58735,5
500111070,20231107,218,18,13,1,25.04177,121.58735,5
500111070,20231107,219,18,13,1,25.04177,121.58735,5
500111070,20231107,220,18,13,1,25.04177,121.58735,5
500111070,20231107,221,18,13,1,25.04177,121.58735,5
500111070,20231107,222,18,13,1,25.04177,121.58735,5
500111070,20231107,223,18,13,1,25.04177,121.58735,5
500111070,20231107,224,18,13,1,25.04177,121.58735,5
500111070,20231107,225,18,13,1,25.04177,121.58735,5
500111070,20231107,226,18,13,1,25.04177,121.58735,5
500111070,20231107,227,18,13,1,25.04177,121.58735,5
500111070,20231107,228,18,13,1,25.04177,121.58735,5
500111070,20231107,229,18,13,1,25.04177,121.58735,5
500111070,20231107,230,18,13,1,25.04177,121.58735,5
500111070,20231107,232,18,13,1,25.04177,121.58735,5
500111070,20231107,233,18,13,1,25.04177,121.58735,5
500111070,20231107,234,18,13,1,25.04177,121.58735,5
500111070,20231107,235,18,13,1,25.04177,121.58735,5
500111070,20231107,236,18,13,1,25.04177,121.58735,5
500111070,20231107,237,18,13,1,25.04177,121.58735,5
500111070,20231107,238,18,13,1,25.04177,121.58735,5
500111070,20231107,239,18,13,1,25.04177,121.58735,5
500111070,20231107,240,18,13,1,25.04177,121.58735,5
500111070,20231107,242,18,13,1,25.04177,121.58735,5
500111070,20231107,243,18,13,1,25.04177,121.58735,5
500111070,20231107,244,18,13,1,25.04177,121.58735,5
500111070,20231107,245,18,13,1,25.04177,121.58735,5
500111070,20231107,246,18,13,1,25.04177,121.58735,5
500111070,20231107,247,18,13,1,25.04177,121.58735,5
500111070,20231107,248,18,13,1,25.04177,121.58735,5
500111070,20231107,249,18,13,1,25.04177,121.58735,5
500111070,20231107,251,18,13,1,25.04177,121.58735,5
500111070,20231107,252,18,13,1,25.04177,121.58735,5
500111070,20231107,253,18,13,1,25.04177,121.58735,5
500111070,20231107,254,18,13,1,25.04177,121.58735,5
500111070,20231107,255,18,13,1,25.04177,121.58735,5
500111070,20231107,256,18,13,1,25.04177,121.58735,5
500111070,20231107,257,18,13,1,25.04177,121.58735,5
500111070,20231107,258,18,13,1,25.04177,121.58735,5
500111070,20231107,259,18,13,1,25.04177,121.58735,5
500111070,20231107,261,18,13,1,25.04177,121.58735,5
500111070,20231107,262,18,13,1,25.04177,121.58735,5
500111070,20231107,263,18,13,1,25.04177,121.58735,5
500111070,20231107,264,18,13,1,25.04177,121.58735,5
500111070,20231107,265,18,13,1,25.04177,121.58735,5
500111070,20231107,266,18,13,1,25.04177,121.58735,5
500111070,20231107,267,18,13,1,25.04177,121.58735,5
500111070,20231107,268,18,13,1,25.04177,121.58735,5
500111070,20231107,269,18,13,1,25.04177,121.58735,5
500111070,20231107,271,18,13,1,25.04177,121.58735,5
500111070,20231107,272,18,13,1,25.04177,121.58735,5
500111070,20231107,273,18,13,1,25.04177,121.58735,5
500111070,20231107,274,18,13,1,25.04177,121.58735,5
500111070,20231107,275,18,13,1,25.04177,121.58735,5
500111070,20231107,276,18,13,1,25.04177,121.58735,5
500111070,20231107,277,18,13,1,25.04177,121.58735,5
500111070,20231107,278,18,13,1,25.04177,121.58735,5
500111070,20231107,279,18,13,1,25.04177,121.58735,5
500111070,20231107,281,18,13,1,25.04177,121.58735,5
500111070,20231107,282,18,13,1,25.04177,121.58735,5
500111070,20231107,283,18,13,1,25.04177,121.58735,5
500111070,20231107,284,18,13,1,25.04177,121.58735,5
500111070,20231107,285,18,13,1,25.04177,121.58735,5
500111070,20231107,286,18,13,1,25.04177,121.58735,5
500111070,20231107,287,18,13,1,25.04177,121.58735,5
500111070,20231107,288,18,13,1,25.04177,121.58735,5
500111070,20231107,289,18,13,1,25.04177,121.58735,5
500111070,20231107,291,18,13,1,25.04177,121.58735,5
500111070,20231107,292,18,13,1,25.04177,121.58735,5
500111070,20231107,293,18,13,1,25.04177,121.58735,5
500111070,20231107,294,18,13,1,25.04177,121.58735,5
500111070,20231107,295,18,13,1,25.04177,121.58735,5
500111070,20231107,296,18,13,1,25.04177,121.58735,5
500111070,20231107,297,18,13,1,25.04177,121.58735,5
500111070,20231107,298,18,13,1,25.04177,121.58735,5
500111070,20231107,299,18,13,1,25.04177,121.58735,5
500111070,20231107,301,18,13,1,25.04177,121.58735,5
500111070,20231107,302,18,13,1,25.04177,121.58735,5
500111070,20231107,303,18,13,1,25.04177,121.58735,5
500111070,20231107,304,18,13,1,25.04177,121.58735,5
500111070,20231107,305,18,13,1,25.04177,121.58735,5
500111070,20231107,306,18,13,1,25.04177,121.58735,5
500111070,20231107,307,18,13,1,25.04177,121.58735,5
500111070,20231107,308,18,13,1,25.04177,121.58735,5
500111070,20231107,309,18,13,1,25.04177,121.58735,5
500111070,20231107,310,18,13,1,25.04177,121.58735,5
500111070,20231107,311,18,13,1,25.04177,121.58735,5
500111070,20231107,312,18,13,1,25.04177,121.58735,5
500111070,20231107,313,18,13,1,25.04177,121.58735,5
500111070,20231107,314,18,13,1,25.04177,121.58735,5
500111070,20231107,315,18,13,1,25.04177,121.58735,5
500111070,20231107,316,18,13,1,25.04177,121.58735,5
500111070,20231107,317,18,13,1,25.04177,121.58735,5
500111070,20231107,318,18,13,1,25.04177,121.58735,5
500111070,20231107,319,18,11,1,25.04177,121.58735,7
500111070,20231107,321,18,3,1,25.04177,121.58735,15
500111070,20231107,322,18,0,1,25.04177,121.58735,18
500111070,20231107,323,18,0,1,25.04177,121.58735,18
500111070,20231107,324,18,0,1,25.04177,121.58735,18
500111070,20231107,325,18,0,1,25.04177,121.58735,18
500111070,20231107,326,18,0,1,25.04177,121.58735,18
500111070,20231107,327,18,0,1,25.04177,121.58735,18
500111070,20231107,328,18,0,1,25.04177,121.58735,18
500111070,20231107,329,18,0,1,25.04177,121.58735,18
500111070,20231107,330,18,0,1,25.04177,121.58735,18
500111070,20231107,331,18,0,1,25.04177,121.58735,18
500111070,20231107,332,18,0,1,25.04177,121.58735,18
500111070,20231107,333,18,0,1,25.04177,121.58735,18
500111070,20231107,334,18,0,1,25.04177,121.58735,18
500111070,20231107,335,18,0,1,25.04177,121.58735,18
500111070,20231107,336,18,0,1,25.04177,121.58735,18
500111070,20231107,337,18,0,1,25.04177,121.58735,18
500111070,20231107,338,18,0,1,25.04177,121.58735,18
500111070,20231107,339,18,0,1,25.04177,121.58735,18
500111070,20231107,340,18,0,1,25.04177,121.58735,18
500111070,20231107,341,18,0,1,25.04177,121.58735,18
500111070,20231107,342,18,0,1,25.04177,121.58735,18
500111070,20231107,343,18,0,1,25.04177,121.58735,18
500111070,20231107,344,18,0,1,25.04177,121.58735,18
500111070,20231107,345,18,0,1,25.04177,121.58735,18
500111070,20231107,346,18,0,1,25.04177,121.58735,18
500111070,20231107,347,18,0,1,25.04177,121.58735,18
500111070,20231107,348,18,0,1,25.04177,121.58735,18
500111070,20231107,349,18,0,1,25.04177,121.58735,18
500111070,20231107,350,18,0,1,25.04177,121.58735,18
500111070,20231107,351,18,0,1,25.04177,121.58735,18
500111070,20231107,352,18,0,1,25.04177,121.58735,18
500111070,20231107,353,18,0,1,25.04177,121.58735,18
500111070,20231107,354,18,0,1,25.04177,121.58735,18
500111070,20231107,355,18,0,1,25.04177,121.58735,18
500111070,20231107,356,18,1,1,25.04177,121.58735,17
500111070,20231107,357,18,1,1,25.04177,121.58735,17
500111070,20231107,358,18,1,1,25.04177,121.58735,17
500111070,20231107,359,18,1,1,25.04177,121.58735,17
500111070,20231107,360,18,1,1,25.04177,121.58735,17
500111070,20231107,361,18,1,1,25.04177,121.58735,17
500111070,20231107,362,18,1,1,25.04177,121.58735,17
500111070,20231107,363,18,1,1,25.04177,121.58735,17
500111070,20231107,364,18,1,1,25.04177,121.58735,17
500111070,20231107,365,18,1,1,25.04177,121.58735,17
500111070,20231107,366,18,1,1,25.04177,121.58735,17
500111070,20231107,367,18,1,1,25.04177,121.58735,17
500111070,20231107,368,18,1,1,25.04177,121.58735,17
500111070,20231107,369,18,1,1,25.04177,121.58735,17
500111070,20231107,370,18,1,1,25.04177,121.58735,17
500111070,20231107,371,18,1,1,25.04177,121.58735,17
500111070,20231107,372,18,1,1,25.04177,121.58735,17
500111070,20231107,373,18,2,1,25.04177,121.58735,16
500111070,20231107,374,18,2,1,25.04177,121.58735,16
500111070,20231107,375,18,2,1,25.04177,121.58735,16
500111070,20231107,376,18,2,1,25.04177,121.58735,16
500111070,20231107,377,18,2,1,25.04177,121.58735,16
500111070,20231107,378,18,2,1,25.04177,121.58735,16
500111070,20231107,379,18,2,1,25.04177,121.58735,16
500111070,20231107,381,18,4,1,25.04177,121.58735,14
500111070,20231107,382,18,4,1,25.04177,121.58735,14
500111070,20231107,383,18,4,1,25.04177,121.58735,14
500111070,20231107,384,18,4,1,25.04177,121.58735,14
500111070,20231107,385,18,4,1,25.04177,121.58735,14
500111070,20231107,386,18,4,1,25.04177,121.58735,14
500111070,20231107,387,18,4,1,25.04177,121.58735,14
500111070,20231107,388,18,4,1,25.04177,121.58735,14
500111070,20231107,389,18,4,1,25.04177,121.58735,14
500111070,20231107,390,18,4,1,25.04177,121.58735,14
500111070,20231107,391,18,4,1,25.04177,121.58735,14
500111070,20231107,392,18,4,1,25.04177,121.58735,14
500111070,20231107,393,18,4,1,25.04177,121.58735,14
500111070,20231107,394,18,4,1,25.04177,121.58735,14
500111070,20231107,395,18,4,1,25.04177,121.58735,14
500111070,20231107,396,18,4,1,25.04177,121.58735,14
500111070,20231107,397,18,4,1,25.04177,121.58735,14
500111070,20231107,398,18,5,1,25.04177,121.58735,13
500111070,20231107,399,18,5,1,25.04177,121.58735,13
500111070,20231107,400,18,5,1,25.04177,121.58735,13
500111070,20231107,401,18,5,1,25.04177,121.58735,13
500111070,20231107,403,18,6,1,25.04177,121.58735,12
500111070,20231107,404,18,6,1,25.04177,121.58735,12
500111070,20231107,405,18,6,1,25.04177,121.58735,12
500111070,20231107,406,18,7,1,25.04177,121.58735,11
500111070,20231107,407,18,7,1,25.04177,121.58735,11
500111070,20231107,408,18,7,1,25.04177,121.58735,11
500111070,20231107,409,18,7,1,25.04177,121.58735,11
500111070,20231107,411,18,7,1,25.04177,121.58735,11
500111070,20231107,412,18,7,1,25.04177,121.58735,11
500111070,20231107,413,18,7,1,25.04177,121.58735,11
500111070,20231107,414,18,7,1,25.04177,121.58735,11
500111070,20231107,415,18,7,1,25.04177,121.58735,11
500111070,20231107,416,18,7,1,25.04177,121.58735,11
500111070,20231107,417,18,7,1,25.04177,121.58735,11
500111070,20231107,418,18,7,1,25.04177,121.58735,11
500111070,20231107,419,18,7,1,25.04177,121.58735,11
500111070,20231107,421,18,7,1,25.04177,121.58735,11
500111070,20231107,422,18,8,1,25.04177,121.58735,10
500111070,20231107,423,18,8,1,25.04177,121.58735,10
500111070,20231107,424,18,8,1,25.04177,121.58735,10
500111070,20231107,425,18,8,1,25.04177,121.58735,10
500111070,20231107,426,18,8,1,25.04177,121.58735,10
500111070,20231107,427,18,11,1,25.04177,121.58735,7
500111070,20231107,428,18,12,1,25.04177,121.58735,6
500111070,20231107,429,18,12,1,25.04177,121.58735,6
500111070,20231107,431,18,13,1,25.04177,121.58735,5
500111070,20231107,432,18,14,1,25.04177,121.58735,4
500111070,20231107,433,18,14,1,25.04177,121.58735,4
500111070,20231107,434,18,15,1,25.04177,121.58735,3
500111070,20231107,435,18,15,1,25.04177,121.58735,3
500111070,20231107,436,18,15,1,25.04177,121.58735,3
500111070,20231107,437,18,15,1,25.04177,121.58735,3
500111070,20231107,438,18,15,1,25.04177,121.58735,3
500111070,20231107,439,18,15,1,25.04177,121.58735,3
500111070,20231107,441,18,15,1,25.04177,121.58735,3
500111070,20231107,442,18,15,1,25.04177,121.58735,3
500111070,20231107,443,18,15,1,25.04177,121.58735,3
500111070,20231107,444,18,15,1,25.04177,121.58735,3
500111070,20231107,445,18,15,1,25.04177,121.58735,3
500111070,20231107,446,18,15,1,25.04177,121.58735,3
500111070,20231107,447,18,15,1,25.04177,121.58735,3
500111070,20231107,448,18,15,1,25.04177,121.58735,3
500111070,20231107,449,18,15,1,25.04177,121.58735,3
500111070,20231107,451,18,15,1,25.04177,121.58735,3
500111070,20231107,452,18,15,1,25.04177,121.58735,3
500111070,20231107,453,18,15,1,25.04177,121.58735,3
500111070,20231107,454,18,15,1,25.04177,121.58735,3
500111070,20231107,455,18,16,1,25.04177,121.58735,2
500111070,20231107,456,18,16,1,25.04177,121.58735,2
500111070,20231107,457,18,16,1,25.04177,121.58735,2
500111070,20231107,458,18,16,1,25.04177,121.58735,2
500111070,20231107,459,18,16,1,25.04177,121.58735,2
500111070,20231107,461,18,17,1,25.04177,121.58735,1
500111070,20231107,462,18,17,1,25.04177,121.58735,1
500111070,20231107,463,18,17,1,25.04177,121.58735,1
500111070,20231107,464,18,17,1,25.04177,121.58735,1
500111070,20231107,465,18,17,1,25.04177,121.58735,1
500111070,20231107,466,18,17,1,25.04177,121.58735,1
500111070,20231107,467,18,17,1,25.04177,121.58735,1
500111070,20231107,468,18,17,1,25.04177,121.58735,1
500111070,20231107,469,18,17,1,25.04177,121.58735,1
500111070,20231107,471,18,17,1,25.04177,121.58735,1
500111070,20231107,472,18,17,1,25.04177,121.58735,1
500111070,20231107,473,18,17,1,25.04177,121.58735,1
500111070,20231107,474,18,17,1,25.04177,121.58735,1
500111070,20231107,475,18,17,1,25.04177,121.58735,1
500111070,20231107,476,18,17,1,25.04177,121.58735,1
500111070,20231107,477,18,17,1,25.04177,121.58735,1
500111070,20231107,478,18,17,1,25.04177,121.58735,1
500111070,20231107,479,18,17,1,25.04177,121.58735,1
500111070,20231107,481,18,17,1,25.04177,121.58735,1
500111070,20231107,482,18,17,1,25.04177,121.58735,1
500111070,20231107,483,18,17,1,25.04177,121.58735,1
500111070,20231107,484,18,16,1,25.04177,121.58735,2
500111070,20231107,485,18,16,1,25.04177,121.58735,2
500111070,20231107,486,18,17,1,25.04177,121.58735,1
500111070,20231107,487,18,18,1,25.04177,121.58735,0
500111070,20231107,488,18,18,1,25.04177,121.58735,0
500111070,20231107,489,18,18,1,25.04177,121.58735,0
500111070,20231107,490,18,18,1,25.04177,121.58735,0
500111070,20231107,491,18,18,1,25.04177,121.58735,0
500111070,20231107,492,18,18,1,25.04177,121.58735,0
500111070,20231107,493,18,18,1,25.04177,121.58735,0
500111070,20231107,494,18,18,1,25.04177,121.58735,0
500111070,20231107,495,18,18,1,25.04177,121.58735,0
500111070,20231107,496,18,18,1,25.04177,121.58735,0
500111070,20231107,497,18,18,1,25.04177,121.58735,0
500111070,20231107,498,18,18,1,25.04177,121.58735,0
500111070,20231107,499,18,18,1,25.04177,121.58735,0
500111070,20231107,501,18,18,1,25.04177,121.58735,0
500111070,20231107,502,18,18,1,25.04177,121.58735,0
500111070,20231107,503,18,18,1,25.04177,121.58735,0
500111070,20231107,504,18,18,1,25.04177,121.58735,0
500111070,20231107,505,18,18,1,25.04177,121.58735,0
500111070,20231107,506,18,18,1,25.04177,121.58735,0
500111070,20231107,507,18,18,1,25.04177,121.58735,0
500111070,20231107,508,18,18,1,25.04177,121.58735,0
500111070,20231107,509,18,18,1,25.04177,121.58735,0
500111070,20231107,511,18,18,1,25.04177,121.58735,0
500111070,20231107,512,18,18,1,25.04177,121.58735,0
500111070,20231107,513,18,18,1,25.04177,121.58735,0
500111070,20231107,514,18,18,1,25.04177,121.58735,0
500111070,20231107,515,18,18,1,25.04177,121.58735,0
500111070,20231107,516,18,18,1,25.04177,121.58735,0
500111070,20231107,517,18,18,1,25.04177,121.58735,0
500111070,20231107,518,18,18,1,25.04177,121.58735,0
500111070,20231107,519,18,18,1,25.04177,121.58735,0
500111070,20231107,520,18,18,1,25.04177,121.58735,0
500111070,20231107,521,18,18,1,25.04177,121.58735,0
500111070,20231107,522,18,18,1,25.04177,121.58735,0
500111070,20231107,523,18,18,1,25.04177,121.58735,0
500111070,20231107,524,18,18,1,25.04177,121.58735,0
500111070,20231107,525,18,18,1,25.04177,121.58735,0
500111070,20231107,526,18,18,1,25.04177,121.58735,0
500111070,20231107,527,18,14,1,25.04177,121.58735,4
500111070,20231107,528,18,13,1,25.04177,121.58735,5
500111070,20231107,529,18,13,1,25.04177,121.58735,5
500111070,20231107,530,18,14,1,25.04177,121.58735,4
500111070,20231107,531,18,14,1,25.04177,121.58735,4
500111070,20231107,532,18,14,1,25.04177,121.58735,4
500111070,20231107,533,18,15,1,25.04177,121.58735,3
500111070,20231107,534,18,15,1,25.04177,121.58735,3
500111070,20231107,535,18,15,1,25.04177,121.58735,3
500111070,20231107,536,18,15,1,25.04177,121.58735,3
500111070,20231107,537,18,15,1,25.04177,121.58735,3
500111070,20231107,538,18,15,1,25.04177,121.58735,3
500111070,20231107,539,18,15,1,25.04177,121.58735,3
500111070,20231107,541,18,15,1,25.04177,121.58735,3
500111070,20231107,542,18,15,1,25.04177,121.58735,3
500111070,20231107,543,18,15,1,25.04177,121.58735,3
500111070,20231107,544,18,15,1,25.04177,121.58735,3
500111070,20231107,545,18,15,1,25.04177,121.58735,3
500111070,20231107,546,18,16,1,25.04177,121.58735,2
500111070,20231107,547,18,17,1,25.04177,121.58735,1
500111070,20231107,548,18,17,1,25.04177,121.58735,1
500111070,20231107,549,18,18,1,25.04177,121.58735,0
500111070,20231107,550,18,18,1,25.04177,121.58735,0
500111070,20231107,551,18,18,1,25.04177,121.58735,0
500111070,20231107,552,18,18,1,25.04177,121.58735,0
500111070,20231107,553,18,18,1,25.04177,121.58735,0
500111070,20231107,554,18,18,1,25.04177,121.58735,0
500111070,20231107,555,18,18,1,25.04177,121.58735,0
500111070,20231107,556,18,18,1,25.04177,121.58735,0
500111070,20231107,557,18,18,1,25.04177,121.58735,0
500111070,20231107,558,18,18,1,25.04177,121.58735,0
500111070,20231107,559,18,18,1,25.04177,121.58735,0
500111070,20231107,561,18,18,1,25.04177,121.58735,0
500111070,20231107,562,18,18,1,25.04177,121.58735,0
500111070,20231107,563,18,18,1,25.04177,121.58735,0
500111070,20231107,564,18,18,1,25.04177,121.58735,0
500111070,20231107,565,18,18,1,25.04177,121.58735,0
500111070,20231107,566,18,18,1,25.04177,121.58735,0
500111070,20231107,567,18,18,1,25.04177,121.58735,0
500111070,20231107,568,18,18,1,25.04177,121.58735,0
500111070,20231107,569,18,18,1,25.04177,121.58735,0
500111070,20231107,571,18,18,1,25.04177,121.58735,0
500111070,20231107,572,18,17,1,25.04177,121.58735,1
500111070,20231107,573,18,17,1,25.04177,121.58735,1
500111070,20231107,574,18,17,1,25.04177,121.58735,1
500111070,20231107,575,18,16,1,25.04177,121.58735,2
500111070,20231107,576,18,16,1,25.04177,121.58735,2
500111070,20231107,577,18,16,1,25.04177,121.58735,2
500111070,20231107,579,18,16,1,25.04177,121.58735,2
500111070,20231107,581,18,16,1,25.04177,121.58735,2
500111070,20231107,582,18,16,1,25.04177,121.58735,2
500111070,20231107,583,18,16,1,25.04177,121.58735,2
500111070,20231107,584,18,16,1,25.04177,121.58735,2
500111070,20231107,585,18,16,1,25.04177,121.58735,2
500111070,20231107,587,18,16,1,25.04177,121.58735,2
500111070,20231107,588,18,17,1,25.04177,121.58735,1
500111070,20231107,589,18,18,1,25.04177,121.58735,0
500111070,20231107,591,18,18,1,25.04177,121.58735,0
500111070,20231107,592,18,18,1,25.04177,121.58735,0
500111070,20231107,593,18,18,1,25.04177,121.58735,0
500111070,20231107,594,18,18,1,25.04177,121.58735,0
500111070,20231107,595,18,18,1,25.04177,121.58735,0
500111070,20231107,596,18,18,1,25.04177,121.58735,0
500111070,20231107,597,18,18,1,25.04177,121.58735,0
500111070,20231107,598,18,18,1,25.04177,121.58735,0
500111070,20231107,599,18,18,1,25.04177,121.58735,0
500111070,20231107,601,18,18,1,25.04177,121.58735,0
500111070,20231107,602,18,17,1,25.04177,121.58735,1
500111070,20231107,603,18,17,1,25.04177,121.58735,1
500111070,20231107,604,18,17,1,25.04177,121.58735,1
500111070,20231107,605,18,17,1,25.04177,121.58735,1
500111070,20231107,606,18,17,1,25.04177,121.58735,1
500111070,20231107,607,18,17,1,25.04177,121.58735,1
500111070,20231107,608,18,17,1,25.04177,121.58735,1
500111070,20231107,609,18,17,1,25.04177,121.58735,1
500111070,20231107,611,18,18,1,25.04177,121.58735,0
500111070,20231107,612,18,18,1,25.04177,121.58735,0
500111070,20231107,613,18,18,1,25.04177,121.58735,0
500111070,20231107,614,18,18,1,25.04177,121.58735,0
500111070,20231107,615,18,18,1,25.04177,121.58735,0
500111070,20231107,616,18,18,1,25.04177,121.58735,0
500111070,20231107,617,18,18,1,25.04177,121.58735,0
500111070,20231107,618,18,18,1,25.04177,121.58735,0
500111070,20231107,619,18,18,1,25.04177,121.58735,0
500111070,20231107,621,18,18,1,25.04177,121.58735,0
500111070,20231107,622,18,18,1,25.04177,121.58735,0
500111070,20231107,623,18,18,1,25.04177,121.58735,0
500111070,20231107,624,18,18,1,25.04177,121.58735,0
500111070,20231107,625,18,18,1,25.04177,121.58735,0
500111070,20231107,626,18,18,1,25.04177,121.58735,0
500111070,20231107,627,18,18,1,25.04177,121.58735,0
500111070,20231107,628,18,18,1,25.04177,121.58735,0
500111070,20231107,629,18,18,1,25.04177,121.58735,0
500111070,20231107,631,18,18,1,25.04177,121.58735,0
500111070,20231107,632,18,18,1,25.04177,121.58735,0
500111070,20231107,633,18,18,1,25.04177,121.58735,0
500111070,20231107,634,18,18,1,25.04177,121.58735,0
500111070,20231107,635,18,18,1,25.04177,121.58735,0
500111070,20231107,636,18,18,1,25.04177,121.58735,0
500111070,20231107,637,18,18,1,25.04177,121.58735,0
500111070,20231107,638,18,18,1,25.04177,121.58735,0
500111070,20231107,639,18,18,1,25.04177,121.58735,0
500111070,20231107,641,18,18,1,25.04177,121.58735,0
500111070,20231107,642,18,18,1,25.04177,121.58735,0
500111070,20231107,643,18,18,1,25.04177,121.58735,0
500111070,20231107,644,18,18,1,25.04177,121.58735,0
500111070,20231107,645,18,18,1,25.04177,121.58735,0
500111070,20231107,646,18,17,1,25.04177,121.58735,1
500111070,20231107,647,18,17,1,25.04177,121.58735,1
500111070,20231107,648,18,16,1,25.04177,121.58735,2
500111070,20231107,649,18,16,1,25.04177,121.58735,2
500111070,20231107,650,18,16,1,25.04177,121.58735,2
500111070,20231107,651,18,16,1,25.04177,121.58735,2
500111070,20231107,652,18,16,1,25.04177,121.58735,2
500111070,20231107,653,18,16,1,25.04177,121.58735,2
500111070,20231107,654,18,16,1,25.04177,121.58735,2
500111070,20231107,655,18,16,1,25.04177,121.58735,2
500111070,20231107,656,18,16,1,25.04177,121.58735,2
500111070,20231107,657,18,16,1,25.04177,121.58735,2
500111070,20231107,658,18,16,1,25.04177,121.58735,2
500111070,20231107,659,18,16,1,25.04177,121.58735,2
500111070,20231107,661,18,17,1,25.04177,121.58735,1
500111070,20231107,662,18,17,1,25.04177,121.58735,1
500111070,20231107,663,18,17,1,25.04177,121.58735,1
500111070,20231107,664,18,17,1,25.04177,121.58735,1
500111070,20231107,665,18,17,1,25.04177,121.58735,1
500111070,20231107,666,18,17,1,25.04177,121.58735,1
500111070,20231107,667,18,17,1,25.04177,121.58735,1
500111070,20231107,668,18,17,1,25.04177,121.58735,1
500111070,20231107,669,18,17,1,25.04177,121.58735,1
500111070,20231107,670,18,17,1,25.04177,121.58735,1
500111070,20231107,671,18,17,1,25.04177,121.58735,1
500111070,20231107,672,18,17,1,25.04177,121.58735,1
500111070,20231107,673,18,18,1,25.04177,121.58735,0
500111070,20231107,674,18,18,1,25.04177,121.58735,0
500111070,20231107,675,18,18,1,25.04177,121.58735,0
500111070,20231107,676,18,18,1,25.04177,121.58735,0
500111070,20231107,677,18,18,1,25.04177,121.58735,0
500111070,20231107,678,18,18,1,25.04177,121.58735,0
500111070,20231107,679,18,18,1,25.04177,121.58735,0
500111070,20231107,681,18,18,1,25.04177,121.58735,0
500111070,20231107,682,18,18,1,25.04177,121.58735,0
500111070,20231107,683,18,18,1,25.04177,121.58735,0
500111070,20231107,684,18,18,1,25.04177,121.58735,0
500111070,20231107,685,18,18,1,25.04177,121.58735,0
500111070,20231107,686,18,18,1,25.04177,121.58735,0
500111070,20231107,687,18,18,1,25.04177,121.58735,0
500111070,20231107,688,18,18,1,25.04177,121.58735,0
500111070,20231107,689,18,18,1,25.04177,121.58735,0
500111070,20231107,691,18,18,1,25.04177,121.58735,0
500111070,20231107,692,18,18,1,25.04177,121.58735,0
500111070,20231107,693,18,18,1,25.04177,121.58735,0
500111070,20231107,694,18,18,1,25.04177,121.58735,0
500111070,20231107,695,18,17,1,25.04177,121.58735,1
500111070,20231107,696,18,17,1,25.04177,121.58735,1
500111070,20231107,697,18,17,1,25.04177,121.58735,1
500111070,20231107,698,18,17,1,25.04177,121.58735,1
500111070,20231107,699,18,17,1,25.04177,121.58735,1
500111070,20231107,700,18,17,1,25.04177,121.58735,1
500111070,20231107,701,18,17,1,25.04177,121.58735,1
500111070,20231107,702,18,17,1,25.04177,121.58735,1
500111070,20231107,703,18,17,1,25.04177,121.58735,1
500111070,20231107,704,18,17,1,25.04177,121.58735,1
500111070,20231107,705,18,17,1,25.04177,121.58735,1
500111070,20231107,706,18,17,1,25.04177,121.58735,1
500111070,20231107,707,18,17,1,25.04177,121.58735,1
500111070,20231107,708,18,17,1,25.04177,121.58735,1
500111070,20231107,709,18,17,1,25.04177,121.58735,1
500111070,20231107,710,18,17,1,25.04177,121.58735,1
500111070,20231107,711,18,17,1,25.04177,121.58735,1
500111070,20231107,712,18,17,1,25.04177,121.58735,1
500111070,20231107,713,18,17,1,25.04177,121.58735,1
500111070,20231107,714,18,17,1,25.04177,121.58735,1
500111070,20231107,715,18,17,1,25.04177,121.58735,1
500111070,20231107,716,18,17,1,25.04177,121.58735,1
500111070,20231107,717,18,17,1,25.04177,121.58735,1
500111070,20231107,718,18,17,1,25.04177,121.58735,1
500111070,20231107,719,18,17,1,25.04177,121.58735,1
500111070,20231107,721,18,17,1,25.04177,121.58735,1
500111070,20231107,722,18,17,1,25.04177,121.58735,1
500111070,20231107,723,18,17,1,25.04177,121.58735,1
500111070,20231107,724,18,17,1,25.04177,121.58735,1
500111070,20231107,725,18,17,1,25.04177,121.58735,1
500111070,20231107,726,18,17,1,25.04177,121.58735,1
500111070,20231107,727,18,17,1,25.04177,121.58735,1
500111070,20231107,728,18,17,1,25.04177,121.58735,1
500111070,20231107,729,18,17,1,25.04177,121.58735,1
500111070,20231107,730,18,17,1,25.04177,121.58735,1
500111070,20231107,731,18,17,1,25.04177,121.58735,1
500111070,20231107,732,18,17,1,25.04177,121.58735,1
500111070,20231107,733,18,17,1,25.04177,121.58735,1
500111070,20231107,734,18,17,1,25.04177,121.58735,1
500111070,20231107,735,18,17,1,25.04177,121.58735,1
500111070,20231107,736,18,17,1,25.04177,121.58735,1
500111070,20231107,737,18,17,1,25.04177,121.58735,1
500111070,20231107,738,18,17,1,25.04177,121.58735,1
500111070,20231107,739,18,17,1,25.04177,121.58735,1
500111070,20231107,741,18,17,1,25.04177,121.58735,1
500111070,20231107,742,18,17,1,25.04177,121.58735,1
500111070,20231107,743,18,17,1,25.04177,121.58735,1
500111070,20231107,744,18,17,1,25.04177,121.58735,1
500111070,20231107,745,18,17,1,25.04177,121.58735,1
500111070,20231107,746,18,17,1,25.04177,121.58735,1
500111070,20231107,747,18,17,1,25.04177,121.58735,1
500111070,20231107,748,18,17,1,25.04177,121.58735,1
500111070,20231107,749,18,17,1,25.04177,121.58735,1
500111070,20231107,751,18,17,1,25.04177,121.58735,1
500111070,20231107,752,18,17,1,25.04177,121.58735,1
500111070,20231107,753,18,17,1,25.04177,121.58735,1
500111070,20231107,754,18,17,1,25.04177,121.58735,1
500111070,20231107,755,18,17,1,25.04177,121.58735,1
500111070,20231107,756,18,16,1,25.04177,121.58735,2
500111070,20231107,757,18,16,1,25.04177,121.58735,2
500111070,20231107,758,18,16,1,25.04177,121.58735,2
500111070,20231107,759,18,18,1,25.04177,121.58735,0
500111070,20231107,761,18,18,1,25.04177,121.58735,0
500111070,20231107,762,18,18,1,25.04177,121.58735,0
500111070,20231107,763,18,18,1,25.04177,121.58735,0
500111070,20231107,764,18,18,1,25.04177,121.58735,0
500111070,20231107,765,18,18,1,25.04177,121.58735,0
500111070,20231107,766,18,18,1,25.04177,121.58735,0
500111070,20231107,767,18,18,1,25.04177,121.58735,0
500111070,20231107,768,18,18,1,25.04177,121.58735,0
500111070,20231107,769,18,18,1,25.04177,121.58735,0
500111070,20231107,771,18,18,1,25.04177,121.58735,0
500111070,20231107,772,18,18,1,25.04177,121.58735,0
500111070,20231107,773,18,18,1,25.04177,121.58735,0
500111070,20231107,774,18,18,1,25.04177,121.58735,0
500111070,20231107,775,18,18,1,25.04177,121.58735,0
500111070,20231107,776,18,18,1,25.04177,121.58735,0
500111070,20231107,777,18,18,1,25.04177,121.58735,0
500111070,20231107,778,18,17,1,25.04177,121.58735,1
500111070,20231107,779,18,17,1,25.04177,121.58735,1
500111070,20231107,781,18,18,1,25.04177,121.58735,0
500111070,20231107,782,18,18,1,25.04177,121.58735,0
500111070,20231107,783,18,18,1,25.04177,121.58735,0
500111070,20231107,784,18,18,1,25.04177,121.58735,0
500111070,20231107,785,18,18,1,25.04177,121.58735,0
500111070,20231107,786,18,18,1,25.04177,121.58735,0
500111070,20231107,787,18,18,1,25.04177,121.58735,0
500111070,20231107,788,18,18,1,25.04177,121.58735,0
500111070,20231107,789,18,18,1,25.04177,121.58735,0
500111070,20231107,791,18,18,1,25.04177,121.58735,0
500111070,20231107,792,18,18,1,25.04177,121.58735,0
500111070,20231107,793,18,18,1,25.04177,121.58735,0
500111070,20231107,794,18,18,1,25.04177,121.58735,0
500111070,20231107,795,18,18,1,25.04177,121.58735,0
500111070,20231107,796,18,18,1,25.04177,121.58735,0
500111070,20231107,797,18,18,1,25.04177,121.58735,0
500111070,20231107,798,18,18,1,25.04177,121.58735,0
500111070,20231107,799,18,18,1,25.04177,121.58735,0
500111070,20231107,801,18,18,1,25.04177,121.58735,0
500111070,20231107,802,18,18,1,25.04177,121.58735,0
500111070,20231107,803,18,17,1,25.04177,121.58735,1
500111070,20231107,804,18,17,1,25.04177,121.58735,1
500111070,20231107,805,18,17,1,25.04177,121.58735,1
500111070,20231107,806,18,17,1,25.04177,121.58735,1
500111070,20231107,807,18,17,1,25.04177,121.58735,1
500111070,20231107,808,18,17,1,25.04177,121.58735,1
500111070,20231107,809,18,17,1,25.04177,121.58735,1
500111070,20231107,811,18,18,1,25.04177,121.58735,0
500111070,20231107,812,18,18,1,25.04177,121.58735,0
500111070,20231107,813,18,18,1,25.04177,121.58735,0
500111070,20231107,814,18,18,1,25.04177,121.58735,0
500111070,20231107,815,18,18,1,25.04177,121.58735,0
500111070,20231107,816,18,18,1,25.04177,121.58735,0
500111070,20231107,817,18,18,1,25.04177,121.58735,0
500111070,20231107,818,18,18,1,25.04177,121.58735,0
500111070,20231107,819,18,18,1,25.04177,121.58735,0
500111070,20231107,820,18,18,1,25.04177,121.58735,0
500111070,20231107,821,18,18,1,25.04177,121.58735,0
500111070,20231107,822,18,18,1,25.04177,121.58735,0
500111070,20231107,823,18,18,1,25.04177,121.58735,0
500111070,20231107,824,18,18,1,25.04177,121.58735,0
500111070,20231107,825,18,18,1,25.04177,121.58735,0
500111070,20231107,826,18,18,1,25.04177,121.58735,0
500111070,20231107,827,18,18,1,25.04177,121.58735,0
500111070,20231107,828,18,18,1,25.04177,121.58735,0
500111070,20231107,829,18,18,1,25.04177,121.58735,0
500111070,20231107,830,18,18,1,25.04177,121.58735,0
500111070,20231107,831,18,18,1,25.04177,121.58735,0
500111070,20231107,832,18,18,1,25.04177,121.58735,0
500111070,20231107,833,18,18,1,25.04177,121.58735,0
500111070,20231107,834,18,18,1,25.04177,121.58735,0
500111070,20231107,835,18,18,1,25.04177,121.58735,0
500111070,20231107,836,18,18,1,25.04177,121.58735,0
500111070,20231107,837,18,18,1,25.04177,121.58735,0
500111070,20231107,838,18,18,1,25.04177,121.58735,0
500111070,20231107,839,18,18,1,25.04177,121.58735,0
500111070,20231107,841,18,18,1,25.04177,121.58735,0
500111070,20231107,842,18,18,1,25.04177,121.58735,0
500111070,20231107,843,18,18,1,25.04177,121.58735,0
500111070,20231107,844,18,18,1,25.04177,121.58735,0
500111070,20231107,845,18,18,1,25.04177,121.58735,0
500111070,20231107,846,18,17,1,25.04177,121.58735,1
500111070,20231107,847,18,17,1,25.04177,121.58735,1
500111070,20231107,848,18,17,1,25.04177,121.58735,1
500111070,20231107,849,18,17,1,25.04177,121.58735,1
500111070,20231107,850,18,17,1,25.04177,121.58735,1
500111070,20231107,851,18,17,1,25.04177,121.58735,1
500111070,20231107,852,18,17,1,25.04177,121.58735,1
500111070,20231107,853,18,17,1,25.04177,121.58735,1
500111070,20231107,854,18,17,1,25.04177,121.58735,1
500111070,20231107,855,18,16,1,25.04177,121.58735,2
500111070,20231107,856,18,16,1,25.04177,121.58735,2
500111070,20231107,857,18,16,1,25.04177,121.58735,2
500111070,20231107,858,18,16,1,25.04177,121.58735,2
500111070,20231107,859,18,16,1,25.04177,121.58735,2
500111070,20231107,861,18,16,1,25.04177,121.58735,2
500111070,20231107,862,18,16,1,25.04177,121.58735,2
500111070,20231107,863,18,16,1,25.04177,121.58735,2
500111070,20231107,864,18,16,1,25.04177,121.58735,2
500111070,20231107,865,18,16,1,25.04177,121.58735,2
500111070,20231107,866,18,16,1,25.04177,121.58735,2
500111070,20231107,867,18,16,1,25.04177,121.58735,2
500111070,20231107,868,18,16,1,25.04177,121.58735,2
500111070,20231107,869,18,16,1,25.04177,121.58735,2
500111070,20231107,870,18,16,1,25.04177,121.58735,2
500111070,20231107,871,18,16,1,25.04177,121.58735,2
500111070,20231107,872,18,16,1,25.04177,121.58735,2
500111070,20231107,873,18,17,1,25.04177,121.58735,1
500111070,20231107,874,18,17,1,25.04177,121.58735,1
500111070,20231107,875,18,17,1,25.04177,121.58735,1
500111070,20231107,876,18,17,1,25.04177,121.58735,1
500111070,20231107,877,18,17,1,25.04177,121.58735,1
500111070,20231107,878,18,16,1,25.04177,121.58735,2
500111070,20231107,879,18,16,1,25.04177,121.58735,2
500111070,20231107,880,18,15,1,25.04177,121.58735,3
500111070,20231107,881,18,15,1,25.04177,121.58735,3
500111070,20231107,882,18,15,1,25.04177,121.58735,3
500111070,20231107,883,18,15,1,25.04177,121.58735,3
500111070,20231107,884,18,15,1,25.04177,121.58735,3
500111070,20231107,885,18,15,1,25.04177,121.58735,3
500111070,20231107,886,18,15,1,25.04177,121.58735,3
500111070,20231107,887,18,15,1,25.04177,121.58735,3
500111070,20231107,888,18,15,1,25.04177,121.58735,3
500111070,20231107,889,18,15,1,25.04177,121.58735,3
500111070,20231107,890,18,15,1,25.04177,121.58735,3
500111070,20231107,891,18,15,1,25.04177,121.58735,3
500111070,20231107,892,18,15,1,25.04177,121.58735,3
500111070,20231107,893,18,15,1,25.04177,121.58735,3
500111070,20231107,894,18,15,1,25.04177,121.58735,3
500111070,20231107,895,18,15,1,25.04177,121.58735,3
500111070,20231107,896,18,15,1,25.04177,121.58735,3
500111070,20231107,897,18,15,1,25.04177,121.58735,3
500111070,20231107,898,18,15,1,25.04177,121.58735,3
500111070,20231107,899,18,14,1,25.04177,121.58735,4
500111070,20231107,901,18,13,1,25.04177,121.58735,5
500111070,20231107,902,18,13,1,25.04177,121.58735,5
500111070,20231107,903,18,13,1,25.04177,121.58735,5
500111070,20231107,904,18,13,1,25.04177,121.58735,5
500111070,20231107,905,18,13,1,25.04177,121.58735,5
500111070,20231107,906,18,13,1,25.04177,121.58735,5
500111070,20231107,907,18,13,1,25.04177,121.58735,5
500111070,20231107,908,18,13,1,25.04177,121.58735,5
500111070,20231107,909,18,13,1,25.04177,121.58735,5
500111070,20231107,910,18,14,1,25.04177,121.58735,4
500111070,20231107,911,18,14,1,25.04177,121.58735,4
500111070,20231107,912,18,14,1,25.04177,121.58735,4
500111070,20231107,913,18,14,1,25.04177,121.58735,4
500111070,20231107,914,18,14,1,25.04177,121.58735,4
500111070,20231107,915,18,14,1,25.04177,121.58735,4
500111070,20231107,916,18,14,1,25.04177,121.58735,4
500111070,20231107,917,18,14,1,25.04177,121.58735,4
500111070,20231107,918,18,14,1,25.04177,121.58735,4
500111070,20231107,919,18,14,1,25.04177,121.58735,4
500111070,20231107,921,18,14,1,25.04177,121.58735,4
500111070,20231107,922,18,14,1,25.04177,121.58735,4
500111070,20231107,923,18,15,1,25.04177,121.58735,3
500111070,20231107,924,18,15,1,25.04177,121.58735,3
500111070,20231107,925,18,15,1,25.04177,121.58735,3
500111070,20231107,926,18,15,1,25.04177,121.58735,3
500111070,20231107,927,18,15,1,25.04177,121.58735,3
500111070,20231107,928,18,15,1,25.04177,121.58735,3
500111070,20231107,929,18,15,1,25.04177,121.58735,3
500111070,20231107,930,18,15,1,25.04177,121.58735,3
500111070,20231107,931,18,14,1,25.04177,121.58735,4
500111070,20231107,932,18,14,1,25.04177,121.58735,4
500111070,20231107,933,18,14,1,25.04177,121.58735,4
500111070,20231107,934,18,14,1,25.04177,121.58735,4
500111070,20231107,935,18,14,1,25.04177,121.58735,4
500111070,20231107,936,18,14,1,25.04177,121.58735,4
500111070,20231107,937,18,14,1,25.04177,121.58735,4
500111070,20231107,938,18,13,1,25.04177,121.58735,5
500111070,20231107,939,18,13,1,25.04177,121.58735,5
500111070,20231107,940,18,13,1,25.04177,121.58735,5
500111070,20231107,941,18,14,1,25.04177,121.58735,4
500111070,20231107,942,18,14,1,25.04177,121.58735,4
500111070,20231107,943,18,14,1,25.04177,121.58735,4
500111070,20231107,944,18,14,1,25.04177,121.58735,4
500111070,20231107,945,18,14,1,25.04177,121.58735,4
500111070,20231107,946,18,15,1,25.04177,121.58735,3
500111070,20231107,947,18,15,1,25.04177,121.58735,3
500111070,20231107,948,18,15,1,25.04177,121.58735,3
500111070,20231107,949,18,15,1,25.04177,121.58735,3
500111070,20231107,950,18,15,1,25.04177,121.58735,3
500111070,20231107,951,18,15,1,25.04177,121.58735,3
500111070,20231107,952,18,15,1,25.04177,121.58735,3
500111070,20231107,953,18,15,1,25.04177,121.58735,3
500111070,20231107,954,18,15,1,25.04177,121.58735,3
500111070,20231107,955,18,15,1,25.04177,121.58735,3
500111070,20231107,956,18,15,1,25.04177,121.58735,3
500111070,20231107,957,18,15,1,25.04177,121.58735,3
500111070,20231107,958,18,16,1,25.04177,121.58735,2
500111070,20231107,959,18,16,1,25.04177,121.58735,2
500111070,20231107,961,18,16,1,25.04177,121.58735,2
500111070,20231107,962,18,16,1,25.04177,121.58735,2
500111070,20231107,963,18,16,1,25.04177,121.58735,2
500111070,20231107,964,18,16,1,25.04177,121.58735,2
500111070,20231107,965,18,16,1,25.04177,121.58735,2
500111070,20231107,966,18,16,1,25.04177,121.58735,2
500111070,20231107,967,18,16,1,25.04177,121.58735,2
500111070,20231107,968,18,16,1,25.04177,121.58735,2
500111070,20231107,969,18,16,1,25.04177,121.58735,2
500111070,20231107,970,18,16,1,25.04177,121.58735,2
500111070,20231107,971,18,16,1,25.04177,121.58735,2
500111070,20231107,972,18,16,1,25.04177,121.58735,2
500111070,20231107,973,18,16,1,25.04177,121.58735,2
500111070,20231107,974,18,16,1,25.04177,121.58735,2
500111070,20231107,975,18,16,1,25.04177,121.58735,2
500111070,20231107,976,18,16,1,25.04177,121.58735,2
500111070,20231107,977,18,16,1,25.04177,121.58735,2
500111070,20231107,978,18,16,1,25.04177,121.58735,2
500111070,20231107,979,18,16,1,25.04177,121.58735,2
500111070,20231107,981,18,16,1,25.04177,121.58735,2
500111070,20231107,982,18,16,1,25.04177,121.58735,2
500111070,20231107,983,18,16,1,25.04177,121.58735,2
500111070,20231107,984,18,16,1,25.04177,121.58735,2
500111070,20231107,985,18,16,1,25.04177,121.58735,2
500111070,20231107,986,18,16,1,25.04177,121.58735,2
500111070,20231107,987,18,15,1,25.04177,121.58735,3
500111070,20231107,988,18,15,1,25.04177,121.58735,3
500111070,20231107,989,18,15,1,25.04177,121.58735,3
500111070,20231107,991,18,14,1,25.04177,121.58735,4
500111070,20231107,992,18,15,1,25.04177,121.58735,3
500111070,20231107,993,18,15,1,25.04177,121.58735,3
500111070,20231107,994,18,15,1,25.04177,121.58735,3
500111070,20231107,995,18,14,1,25.04177,121.58735,4
500111070,20231107,996,18,14,1,25.04177,121.58735,4
500111070,20231107,997,18,15,1,25.04177,121.58735,3
500111070,20231107,998,18,15,1,25.04177,121.58735,3
500111070,20231107,999,18,15,1,25.04177,121.58735,3
500111070,20231107,1000,18,14,1,25.04177,121.58735,4
500111070,20231107,1001,18,13,1,25.04177,121.58735,5
500111070,20231107,1002,18,13,1,25.04177,121.58735,5
500111070,20231107,1003,18,13,1,25.04177,121.58735,5
500111070,20231107,1004,18,13,1,25.04177,121.58735,5
500111070,20231107,1005,18,13,1,25.04177,121.58735,5
500111070,20231107,1006,18,13,1,25.04177,121.58735,5
500111070,20231107,1007,18,13,1,25.04177,121.58735,5
500111070,20231107,1008,18,12,1,25.04177,121.58735,6
500111070,20231107,1009,18,11,1,25.04177,121.58735,7
500111070,20231107,1010,18,11,1,25.04177,121.58735,7
500111070,20231107,1011,18,11,1,25.04177,121.58735,7
500111070,20231107,1012,18,11,1,25.04177,121.58735,7
500111070,20231107,1013,18,10,1,25.04177,121.58735,8
500111070,20231107,1014,18,10,1,25.04177,121.58735,8
500111070,20231107,1015,18,10,1,25.04177,121.58735,8
500111070,20231107,1016,18,10,1,25.04177,121.58735,8
500111070,20231107,1017,18,10,1,25.04177,121.58735,8
500111070,20231107,1018,18,10,1,25.04177,121.58735,8
500111070,20231107,1019,18,10,1,25.04177,121.58735,8
500111070,20231107,1021,18,10,1,25.04177,121.58735,8
500111070,20231107,1022,18,11,1,25.04177,121.58735,7
500111070,20231107,1023,18,11,1,25.04177,121.58735,7
500111070,20231107,1024,18,11,1,25.04177,121.58735,7
500111070,20231107,1025,18,11,1,25.04177,121.58735,7
500111070,20231107,1026,18,14,1,25.04177,121.58735,4
500111070,20231107,1027,18,14,1,25.04177,121.58735,4
500111070,20231107,1028,18,14,1,25.04177,121.58735,4
500111070,20231107,1029,18,14,1,25.04177,121.58735,4
500111070,20231107,1030,18,14,1,25.04177,121.58735,4
500111070,20231107,1032,18,14,1,25.04177,121.58735,4
500111070,20231107,1033,18,14,1,25.04177,121.58735,4
500111070,20231107,1034,18,14,1,25.04177,121.58735,4
500111070,20231107,1036,18,14,1,25.04177,121.58735,4
500111070,20231107,1038,18,14,1,25.04177,121.58735,4
500111070,20231107,1039,18,14,1,25.04177,121.58735,4
500111070,20231107,1041,18,14,1,25.04177,121.58735,4
500111070,20231107,1042,18,14,1,25.04177,121.58735,4
500111070,20231107,1044,18,11,1,25.04177,121.58735,7
500111070,20231107,1046,18,12,1,25.04177,121.58735,6
500111070,20231107,1047,18,12,1,25.04177,121.58735,6
500111070,20231107,1048,18,14,1,25.04177,121.58735,4
500111070,20231107,1049,18,16,1,25.04177,121.58735,2
500111070,20231107,1051,18,18,1,25.04177,121.58735,0
500111070,20231107,1052,18,17,1,25.04177,121.58735,1
500111070,20231107,1053,18,17,1,25.04177,121.58735,1
500111070,20231107,1054,18,17,1,25.04177,121.58735,1
500111070,20231107,1055,18,17,1,25.04177,121.58735,1
500111070,20231107,1057,18,17,1,25.04177,121.58735,1
500111070,20231107,1058,18,18,1,25.04177,121.58735,0
500111070,20231107,1059,18,18,1,25.04177,121.58735,0
500111070,20231107,1061,18,18,1,25.04177,121.58735,0
500111070,20231107,1062,18,18,1,25.04177,121.58735,0
500111070,20231107,1063,18,17,1,25.04177,121.58735,1
500111070,20231107,1064,18,17,1,25.04177,121.58735,1
500111070,20231107,1065,18,16,1,25.04177,121.58735,2
500111070,20231107,1066,18,15,1,25.04177,121.58735,3
500111070,20231107,1067,18,15,1,25.04177,121.58735,3
500111070,20231107,1068,18,14,1,25.04177,121.58735,4
500111070,20231107,1069,18,14,1,25.04177,121.58735,4
500111070,20231107,1071,18,14,1,25.04177,121.58735,4
500111070,20231107,1072,18,14,1,25.04177,121.58735,4
500111070,20231107,1073,18,14,1,25.04177,121.58735,4
500111070,20231107,1074,18,14,1,25.04177,121.58735,4
500111070,20231107,1075,18,14,1,25.04177,121.58735,4
500111070,20231107,1076,18,14,1,25.04177,121.58735,4
500111070,20231107,1077,18,12,1,25.04177,121.58735,6
500111070,20231107,1078,18,11,1,25.04177,121.58735,7
500111070,20231107,1079,18,11,1,25.04177,121.58735,7
500111070,20231107,1081,18,10,1,25.04177,121.58735,8
500111070,20231107,1082,18,10,1,25.04177,121.58735,8
500111070,20231107,1083,18,10,1,25.04177,121.58735,8
500111070,20231107,1084,18,10,1,25.04177,121.58735,8
500111070,20231107,1085,18,10,1,25.04177,121.58735,8
500111070,20231107,1086,18,9,1,25.04177,121.58735,9
500111070,20231107,1087,18,9,1,25.04177,121.58735,9
500111070,20231107,1088,18,8,1,25.04177,121.58735,10
500111070,20231107,1089,18,8,1,25.04177,121.58735,10
500111070,20231107,1091,18,8,1,25.04177,121.58735,10
500111070,20231107,1092,18,8,1,25.04177,121.58735,10
500111070,20231107,1093,18,8,1,25.04177,121.58735,10
500111070,20231107,1094,18,7,1,25.04177,121.58735,11
500111070,20231107,1095,18,7,1,25.04177,121.58735,11
500111070,20231107,1096,18,7,1,25.04177,121.58735,11
500111070,20231107,1097,18,9,1,25.04177,121.58735,9
500111070,20231107,1098,18,9,1,25.04177,121.58735,9
500111070,20231107,1099,18,9,1,25.04177,121.58735,9
500111070,20231107,1101,18,8,1,25.04177,121.58735,10
500111070,20231107,1102,18,8,1,25.04177,121.58735,10
500111070,20231107,1103,18,8,1,25.04177,121.58735,10
500111070,20231107,1104,18,9,1,25.04177,121.58735,9
500111070,20231107,1105,18,9,1,25.04177,121.58735,9
500111070,20231107,1106,18,8,1,25.04177,121.58735,10
500111070,20231107,1107,18,8,1,25.04177,121.58735,10
500111070,20231107,1108,18,8,1,25.04177,121.58735,10
500111070,20231107,1109,18,8,1,25.04177,121.58735,10
500111070,20231107,1111,18,8,1,25.04177,121.58735,10
500111070,20231107,1112,18,8,1,25.04177,121.58735,10
500111070,20231107,1113,18,8,1,25.04177,121.58735,10
500111070,20231107,1114,18,8,1,25.04177,121.58735,10
500111070,20231107,1115,18,8,1,25.04177,121.58735,10
500111070,20231107,1116,18,7,1,25.04177,121.58735,11
500111070,20231107,1117,18,7,1,25.04177,121.58735,11
500111070,20231107,1118,18,5,1,25.04177,121.58735,13
500111070,20231107,1119,18,5,1,25.04177,121.58735,13
500111070,20231107,1120,18,5,1,25.04177,121.58735,13
500111070,20231107,1121,18,5,1,25.04177,121.58735,13
500111070,20231107,1122,18,5,1,25.04177,121.58735,13
500111070,20231107,1123,18,5,1,25.04177,121.58735,13
500111070,20231107,1124,18,5,1,25.04177,121.58735,13
500111070,20231107,1125,18,5,1,25.04177,121.58735,13
500111070,20231107,1126,18,5,1,25.04177,121.58735,13
500111070,20231107,1127,18,3,1,25.04177,121.58735,15
500111070,20231107,1128,18,3,1,25.04177,121.58735,15
500111070,20231107,1129,18,3,1,25.04177,121.58735,15
500111070,20231107,1130,18,3,1,25.04177,121.58735,15
500111070,20231107,1131,18,3,1,25.04177,121.58735,15
500111070,20231107,1132,18,3,1,25.04177,121.58735,15
500111070,20231107,1133,18,4,1,25.04177,121.58735,14
500111070,20231107,1134,18,5,1,25.04177,121.58735,13
500111070,20231107,1135,18,5,1,25.04177,121.58735,13
500111070,20231107,1136,18,9,1,25.04177,121.58735,9
500111070,20231107,1137,18,11,1,25.04177,121.58735,7
500111070,20231107,1138,18,15,1,25.04177,121.58735,3
500111070,20231107,1139,18,15,1,25.04177,121.58735,3
500111070,20231107,1141,18,14,1,25.04177,121.58735,4
500111070,20231107,1142,18,14,1,25.04177,121.58735,4
500111070,20231107,1143,18,14,1,25.04177,121.58735,4
500111070,20231107,1144,18,14,1,25.04177,121.58735,4
500111070,20231107,1145,18,14,1,25.04177,121.58735,4
500111070,20231107,1146,18,14,1,25.04177,121.58735,4
500111070,20231107,1147,18,13,1,25.04177,121.58735,5
500111070,20231107,1148,18,13,1,25.04177,121.58735,5
500111070,20231107,1149,18,13,1,25.04177,121.58735,5
500111070,20231107,1150,18,13,1,25.04177,121.58735,5
500111070,20231107,1151,18,14,1,25.04177,121.58735,4
500111070,20231107,1152,18,14,1,25.04177,121.58735,4
500111070,20231107,1153,18,14,1,25.04177,121.58735,4
500111070,20231107,1154,18,14,1,25.04177,121.58735,4
500111070,20231107,1155,18,14,1,25.04177,121.58735,4
500111070,20231107,1156,18,14,1,25.04177,121.58735,4
500111070,20231107,1157,18,14,1,25.04177,121.58735,4
500111070,20231107,1158,18,14,1,25.04177,121.58735,4
500111070,20231107,1159,18,14,1,25.04177,121.58735,4
500111070,20231107,1161,18,14,1,25.04177,121.58735,4
500111070,20231107,1162,18,14,1,25.04177,121.58735,4
500111070,20231107,1163,18,13,1,25.04177,121.58735,5
500111070,20231107,1164,18,13,1,25.04177,121.58735,5
500111070,20231107,1165,18,13,1,25.04177,121.58735,5
500111070,20231107,1166,18,13,1,25.04177,121.58735,5
500111070,20231107,1167,18,14,1,25.04177,121.58735,4
500111070,20231107,1168,18,14,1,25.04177,121.58735,4
500111070,20231107,1169,18,14,1,25.04177,121.58735,4
500111070,20231107,1171,18,14,1,25.04177,121.58735,4
500111070,20231107,1172,18,13,1,25.04177,121.58735,5
500111070,20231107,1173,18,13,1,25.04177,121.58735,5
500111070,20231107,1174,18,12,1,25.04177,121.58735,6
500111070,20231107,1175,18,12,1,25.04177,121.58735,6
500111070,20231107,1176,18,11,1,25.04177,121.58735,7
500111070,20231107,1177,18,11,1,25.04177,121.58735,7
500111070,20231107,1178,18,11,1,25.04177,121.58735,7
500111070,20231107,1179,18,11,1,25.04177,121.58735,7
500111070,20231107,1180,18,11,1,25.04177,121.58735,7
500111070,20231107,1181,18,12,1,25.04177,121.58735,6
500111070,20231107,1182,18,12,1,25.04177,121.58735,6
500111070,20231107,1183,18,12,1,25.04177,121.58735,6
500111070,20231107,1184,18,12,1,25.04177,121.58735,6
500111070,20231107,1185,18,12,1,25.04177,121.58735,6
500111070,20231107,1186,18,12,1,25.04177,121.58735,6
500111070,20231107,1187,18,12,1,25.04177,121.58735,6
500111070,20231107,1188,18,12,1,25.04177,121.58735,6
500111070,20231107,1189,18,12,1,25.04177,121.58735,6
500111070,20231107,1190,18,12,1,25.04177,121.58735,6
500111070,20231107,1191,18,12,1,25.04177,121.58735,6
500111070,20231107,1192,18,12,1,25.04177,121.58735,6
500111070,20231107,1193,18,12,1,25.04177,121.58735,6
500111070,20231107,1194,18,12,1,25.04177,121.58735,6
500111070,20231107,1195,18,12,1,25.04177,121.58735,6
500111070,20231107,1196,18,12,1,25.04177,121.58735,6
500111070,20231107,1197,18,12,1,25.04177,121.58735,6
500111070,20231107,1198,18,10,1,25.04177,121.58735,8
500111070,20231107,1199,18,10,1,25.04177,121.58735,8
500111070,20231107,1201,18,10,1,25.04177,121.58735,8
500111070,20231107,1202,18,9,1,25.04177,121.58735,9
500111070,20231107,1203,18,10,1,25.04177,121.58735,8
500111070,20231107,1204,18,10,1,25.04177,121.58735,8
500111070,20231107,1205,18,10,1,25.04177,121.58735,8
500111070,20231107,1206,18,10,1,25.04177,121.58735,8
500111070,20231107,1207,18,10,1,25.04177,121.58735,8
500111070,20231107,1208,18,10,1,25.04177,121.58735,8
500111070,20231107,1209,18,10,1,25.04177,121.58735,8
500111070,20231107,1210,18,11,1,25.04177,121.58735,7
500111070,20231107,1211,18,11,1,25.04177,121.58735,7
500111070,20231107,1212,18,10,1,25.04177,121.58735,8
500111070,20231107,1213,18,10,1,25.04177,121.58735,8
500111070,20231107,1214,18,10,1,25.04177,121.58735,8
500111070,20231107,1215,18,10,1,25.04177,121.58735,8
500111070,20231107,1216,18,10,1,25.04177,121.58735,8
500111070,20231107,1217,18,11,1,25.04177,121.58735,7
500111070,20231107,1218,18,11,1,25.04177,121.58735,7
500111070,20231107,1219,18,11,1,25.04177,121.58735,7
500111070,20231107,1221,18,11,1,25.04177,121.58735,7
500111070,20231107,1222,18,11,1,25.04177,121.58735,7
500111070,20231107,1223,18,11,1,25.04177,121.58735,7
500111070,20231107,1224,18,11,1,25.04177,121.58735,7
500111070,20231107,1225,18,10,1,25.04177,121.58735,8
500111070,20231107,1226,18,10,1,25.04177,121.58735,8
500111070,20231107,1227,18,11,1,25.04177,121.58735,7
500111070,20231107,1228,18,11,1,25.04177,121.58735,7
500111070,20231107,1229,18,11,1,25.04177,121.58735,7
500111070,20231107,1231,18,11,1,25.04177,121.58735,7
500111070,20231107,1232,18,11,1,25.04177,121.58735,7
500111070,20231107,1233,18,11,1,25.04177,121.58735,7
500111070,20231107,1234,18,11,1,25.04177,121.58735,7
500111070,20231107,1235,18,10,1,25.04177,121.58735,8
500111070,20231107,1236,18,10,1,25.04177,121.58735,8
500111070,20231107,1237,18,10,1,25.04177,121.58735,8
500111070,20231107,1238,18,9,1,25.04177,121.58735,9
500111070,20231107,1239,18,8,1,25.04177,121.58735,10
500111070,20231107,1240,18,8,1,25.04177,121.58735,10
500111070,20231107,1241,18,8,1,25.04177,121.58735,10
500111070,20231107,1242,18,8,1,25.04177,121.58735,10
500111070,20231107,1243,18,8,1,25.04177,121.58735,10
500111070,20231107,1244,18,8,1,25.04177,121.58735,10
500111070,20231107,1245,18,8,1,25.04177,121.58735,10
500111070,20231107,1246,18,8,1,25.04177,121.58735,10
500111070,20231107,1247,18,8,1,25.04177,121.58735,10
500111070,20231107,1248,18,8,1,25.04177,121.58735,10
500111070,20231107,1249,18,8,1,25.04177,121.58735,10
500111070,20231107,1250,18,9,1,25.04177,121.58735,9
500111070,20231107,1251,18,9,1,25.04177,121.58735,9
500111070,20231107,1252,18,9,1,25.04177,121.58735,9
500111070,20231107,1253,18,8,1,25.04177,121.58735,10
500111070,20231107,1254,18,8,1,25.04177,121.58735,10
500111070,20231107,1255,18,8,1,25.04177,121.58735,10
500111070,20231107,1256,18,8,1,25.04177,121.58735,10
500111070,20231107,1257,18,8,1,25.04177,121.58735,10
500111070,20231107,1258,18,8,1,25.04177,121.58735,10
500111070,20231107,1259,18,9,1,25.04177,121.58735,9
500111070,20231107,1261,18,7,1,25.04177,121.58735,11
500111070,20231107,1262,18,7,1,25.04177,121.58735,11
500111070,20231107,1263,18,6,1,25.04177,121.58735,12
500111070,20231107,1264,18,6,1,25.04177,121.58735,12
500111070,20231107,1265,18,6,1,25.04177,121.58735,12
500111070,20231107,1266,18,4,1,25.04177,121.58735,14
500111070,20231107,1267,18,4,1,25.04177,121.58735,14
500111070,20231107,1268,18,4,1,25.04177,121.58735,14
500111070,20231107,1269,18,4,1,25.04177,121.58735,14
500111070,20231107,1270,18,4,1,25.04177,121.58735,14
500111070,20231107,1271,18,6,1,25.04177,121.58735,12
500111070,20231107,1272,18,6,1,25.04177,121.58735,12
500111070,20231107,1273,18,8,1,25.04177,121.58735,10
500111070,20231107,1274,18,8,1,25.04177,121.58735,10
500111070,20231107,1275,18,10,1,25.04177,121.58735,8
500111070,20231107,1276,18,13,1,25.04177,121.58735,5
500111070,20231107,1277,18,13,1,25.04177,121.58735,5
500111070,20231107,1278,18,13,1,25.04177,121.58735,5
500111070,20231107,1279,18,13,1,25.04177,121.58735,5
500111070,20231107,1281,18,12,1,25.04177,121.58735,6
500111070,20231107,1282,18,13,1,25.04177,121.58735,5
500111070,20231107,1283,18,13,1,25.04177,121.58735,5
500111070,20231107,1284,18,13,1,25.04177,121.58735,5
500111070,20231107,1285,18,13,1,25.04177,121.58735,5
500111070,20231107,1286,18,13,1,25.04177,121.58735,5
500111070,20231107,1287,18,13,1,25.04177,121.58735,5
500111070,20231107,1288,18,13,1,25.04177,121.58735,5
500111070,20231107,1289,18,13,1,25.04177,121.58735,5
500111070,20231107,1291,18,13,1,25.04177,121.58735,5
500111070,20231107,1292,18,13,1,25.04177,121.58735,5
500111070,20231107,1293,18,13,1,25.04177,121.58735,5
500111070,20231107,1294,18,14,1,25.04177,121.58735,4
500111070,20231107,1295,18,14,1,25.04177,121.58735,4
500111070,20231107,1296,18,14,1,25.04177,121.58735,4
500111070,20231107,1297,18,14,1,25.04177,121.58735,4
500111070,20231107,1298,18,14,1,25.04177,121.58735,4
500111070,20231107,1299,18,14,1,25.04177,121.58735,4
500111070,20231107,1300,18,13,1,25.04177,121.58735,5
500111070,20231107,1301,18,13,1,25.04177,121.58735,5
500111070,20231107,1302,18,13,1,25.04177,121.58735,5
500111070,20231107,1303,18,13,1,25.04177,121.58735,5
500111070,20231107,1304,18,12,1,25.04177,121.58735,6
500111070,20231107,1305,18,12,1,25.04177,121.58735,6
500111070,20231107,1306,18,12,1,25.04177,121.58735,6
500111070,20231107,1307,18,12,1,25.04177,121.58735,6
500111070,20231107,1308,18,12,1,25.04177,121.58735,6
500111070,20231107,1309,18,12,1,25.04177,121.58735,6
500111070,20231107,1310,18,11,1,25.04177,121.58735,7
500111070,20231107,1311,18,11,1,25.04177,121.58735,7
500111070,20231107,1312,18,11,1,25.04177,121.58735,7
500111070,20231107,1313,18,11,1,25.04177,121.58735,7
500111070,20231107,1314,18,11,1,25.04177,121.58735,7
500111070,20231107,1315,18,11,1,25.04177,121.58735,7
500111070,20231107,1316,18,11,1,25.04177,121.58735,7
500111070,20231107,1317,18,11,1,25.04177,121.58735,7
500111070,20231107,1318,18,11,1,25.04177,121.58735,7
500111070,20231107,1319,18,11,1,25.04177,121.58735,7
500111070,20231107,1321,18,11,1,25.04177,121.58735,7
500111070,20231107,1322,18,11,1,25.04177,121.58735,7
500111070,20231107,1323,18,11,1,25.04177,121.58735,7
500111070,20231107,1324,18,11,1,25.04177,121.58735,7
500111070,20231107,1325,18,11,1,25.04177,121.58735,7
500111070,20231107,1326,18,11,1,25.04177,121.58735,7
500111070,20231107,1327,18,10,1,25.04177,121.58735,8
500111070,20231107,1328,18,10,1,25.04177,121.58735,8
500111070,20231107,1329,18,10,1,25.04177,121.58735,8
500111070,20231107,1330,18,10,1,25.04177,121.58735,8
500111070,20231107,1331,18,10,1,25.04177,121.58735,8
500111070,20231107,1332,18,9,1,25.04177,121.58735,9
500111070,20231107,1333,18,9,1,25.04177,121.58735,9
500111070,20231107,1334,18,9,1,25.04177,121.58735,9
500111070,20231107,1335,18,9,1,25.04177,121.58735,9
500111070,20231107,1336,18,9,1,25.04177,121.58735,9
500111070,20231107,1337,18,10,1,25.04177,121.58735,8
500111070,20231107,1338,18,10,1,25.04177,121.58735,8
500111070,20231107,1339,18,10,1,25.04177,121.58735,8
500111070,20231107,1341,18,9,1,25.04177,121.58735,9
500111070,20231107,1342,18,9,1,25.04177,121.58735,9
500111070,20231107,1343,18,9,1,25.04177,121.58735,9
500111070,20231107,1344,18,9,1,25.04177,121.58735,9
500111070,20231107,1345,18,9,1,25.04177,121.58735,9
500111070,20231107,1346,18,9,1,25.04177,121.58735,9
500111070,20231107,1347,18,9,1,25.04177,121.58735,9
500111070,20231107,1348,18,9,1,25.04177,121.58735,9
500111070,20231107,1349,18,9,1,25.04177,121.58735,9
500111070,20231107,1350,18,9,1,25.04177,121.58735,9
500111070,20231107,1351,18,9,1,25.04177,121.58735,9
500111070,20231107,1352,18,8,1,25.04177,121.58735,10
500111070,20231107,1353,18,8,1,25.04177,121.58735,10
500111070,20231107,1354,18,6,1,25.04177,121.58735,12
500111070,20231107,1355,18,6,1,25.04177,121.58735,12
500111070,20231107,1356,18,6,1,25.04177,121.58735,12
500111070,20231107,1357,18,6,1,25.04177,121.58735,12
500111070,20231107,1358,18,6,1,25.04177,121.58735,12
500111070,20231107,1359,18,5,1,25.04177,121.58735,13
500111070,20231107,1360,18,5,1,25.04177,121.58735,13
500111070,20231107,1361,18,4,1,25.04177,121.58735,14
500111070,20231107,1362,18,4,1,25.04177,121.58735,14
500111070,20231107,1363,18,4,1,25.04177,121.58735,14
500111070,20231107,1364,18,4,1,25.04177,121.58735,14
500111070,20231107,1365,18,4,1,25.04177,121.58735,14
500111070,20231107,1366,18,4,1,25.04177,121.58735,14
500111070,20231107,1367,18,4,1,25.04177,121.58735,14
500111070,20231107,1368,18,4,1,25.04177,121.58735,14
500111070,20231107,1369,18,4,1,25.04177,121.58735,14
500111070,20231107,1370,18,4,1,25.04177,121.58735,14
500111070,20231107,1371,18,4,1,25.04177,121.58735,14
500111070,20231107,1372,18,4,1,25.04177,121.58735,14
500111070,20231107,1373,18,4,1,25.04177,121.58735,14
500111070,20231107,1374,18,4,1,25.04177,121.58735,14
500111070,20231107,1375,18,4,1,25.04177,121.58735,14
500111070,20231107,1376,18,4,1,25.04177,121.58735,14
500111070,20231107,1377,18,4,1,25.04177,121.58735,14
500111070,20231107,1378,18,4,1,25.04177,121.58735,14
500111070,20231107,1379,18,4,1,25.04177,121.58735,14
500111070,20231107,1381,18,4,1,25.04177,121.58735,14
500111070,20231107,1382,18,4,1,25.04177,121.58735,14
500111070,20231107,1383,18,4,1,25.04177,121.58735,14
500111070,20231107,1384,18,4,1,25.04177,121.58735,14
500111070,20231107,1385,18,4,1,25.04177,121.58735,14
500111070,20231107,1386,18,4,1,25.04177,121.58735,14
500111070,20231107,1387,18,5,1,25.04177,121.58735,13
500111070,20231107,1388,18,6,1,25.04177,121.58735,12
500111070,20231107,1389,18,8,1,25.04177,121.58735,10
500111070,20231107,1390,18,11,1,25.04177,121.58735,7
500111070,20231107,1391,18,11,1,25.04177,121.58735,7
500111070,20231107,1392,18,12,1,25.04177,121.58735,6
500111070,20231107,1393,18,12,1,25.04177,121.58735,6
500111070,20231107,1394,18,12,1,25.04177,121.58735,6
500111070,20231107,1395,18,12,1,25.04177,121.58735,6
500111070,20231107,1396,18,12,1,25.04177,121.58735,6
500111070,20231107,1397,18,12,1,25.04177,121.58735,6
500111070,20231107,1398,18,12,1,25.04177,121.58735,6
500111070,20231107,1399,18,11,1,25.04177,121.58735,7
500111070,20231107,1401,18,11,1,25.04177,121.58735,7
500111070,20231107,1402,18,11,1,25.04177,121.58735,7
500111070,20231107,1403,18,11,1,25.04177,121.58735,7
500111070,20231107,1404,18,11,1,25.04177,121.58735,7
500111070,20231107,1405,18,11,1,25.04177,121.58735,7
500111070,20231107,1406,18,11,1,25.04177,121.58735,7
500111070,20231107,1407,18,11,1,25.04177,121.58735,7
500111070,20231107,1408,18,11,1,25.04177,121.58735,7
500111070,20231107,1409,18,11,1,25.04177,121.58735,7
500111070,20231107,1410,18,11,1,25.04177,121.58735,7
500111070,20231107,1411,18,11,1,25.04177,121.58735,7
500111070,20231107,1412,18,11,1,25.04177,121.58735,7
500111070,20231107,1413,18,11,1,25.04177,121.58735,7
500111070,20231107,1414,18,12,1,25.04177,121.58735,6
500111070,20231107,1415,18,12,1,25.04177,121.58735,6
500111070,20231107,1416,18,12,1,25.04177,121.58735,6
500111070,20231107,1417,18,12,1,25.04177,121.58735,6
500111070,20231107,1418,18,12,1,25.04177,121.58735,6
500111070,20231107,1419,18,12,1,25.04177,121.58735,6
500111070,20231107,1420,18,12,1,25.04177,121.58735,6
500111070,20231107,1421,18,12,1,25.04177,121.58735,6
500111070,20231107,1422,18,12,1,25.04177,121.58735,6
500111070,20231107,1423,18,12,1,25.04177,121.58735,6
500111070,20231107,1424,18,12,1,25.04177,121.58735,6
500111070,20231107,1425,18,11,1,25.04177,121.58735,7
500111070,20231107,1426,18,11,1,25.04177,121.58735,7
500111070,20231107,1427,18,11,1,25.04177,121.58735,7
500111070,20231107,1428,18,11,1,25.04177,121.58735,7
500111070,20231107,1429,18,11,1,25.04177,121.58735,7
500111070,20231107,1430,18,11,1,25.04177,121.58735,7
500111070,20231107,1431,18,11,1,25.04177,121.58735,7
500111070,20231107,1432,18,11,1,25.04177,121.58735,7
500111070,20231107,1433,18,11,1,25.04177,121.58735,7
500111070,20231107,1434,18,11,1,25.04177,121.58735,7
500111070,20231107,1435,18,11,1,25.04177,121.58735,7
500111070,20231107,1436,18,11,1,25.04177,121.58735,7
500111070,20231107,1437,18,11,1,25.04177,121.58735,7
500111070,20231107,1438,18,11,1,25.04177,121.58735,7
500111070,20231107,1439,18,11,1,25.04177,121.58735,7
500111070,20231108,0,18,11,1,25.04177,121.58735,7
500111070,20231108,1,18,11,1,25.04177,121.58735,7
500111070,20231108,2,18,11,1,25.04177,121.58735,7
500111070,20231108,3,18,11,1,25.04177,121.58735,7
500111070,20231108,4,18,10,1,25.04177,121.58735,8
500111070,20231108,5,18,10,1,25.04177,121.58735,8
500111070,20231108,6,18,10,1,25.04177,121.58735,8
500111070,20231108,7,18,10,1,25.04177,121.58735,8
500111070,20231108,8,18,10,1,25.04177,121.58735,8
500111070,20231108,9,18,10,1,25.04177,121.58735,8
500111070,20231108,10,18,9,1,25.04177,121.58735,9
500111070,20231108,11,18,9,1,25.04177,121.58735,9
500111070,20231108,12,18,9,1,25.04177,121.58735,9
500111070,20231108,13,18,9,1,25.04177,121.58735,9
500111070,20231108,14,18,9,1,25.04177,121.58735,9
500111070,20231108,15,18,8,1,25.04177,121.58735,10
500111070,20231108,16,18,8,1,25.04177,121.58735,10
500111070,20231108,17,18,8,1,25.04177,121.58735,10
500111070,20231108,18,18,8,1,25.04177,121.58735,10
500111070,20231108,19,18,8,1,25.04177,121.58735,10
500111070,20231108,21,18,8,1,25.04177,121.58735,10
500111070,20231108,22,18,8,1,25.04177,121.58735,10
500111070,20231108,23,18,8,1,25.04177,121.58735,10
500111070,20231108,24,18,8,1,25.04177,121.58735,10
500111070,20231108,25,18,8,1,25.04177,121.58735,10
500111070,20231108,26,18,8,1,25.04177,121.58735,10
500111070,20231108,27,18,8,1,25.04177,121.58735,10
500111070,20231108,28,18,8,1,25.04177,121.58735,10
500111070,20231108,29,18,8,1,25.04177,121.58735,10
500111070,20231108,30,18,8,1,25.04177,121.58735,10
500111070,20231108,31,18,8,1,25.04177,121.58735,10
500111070,20231108,32,18,8,1,25.04177,121.58735,10
500111070,20231108,33,18,8,1,25.04177,121.58735,10
500111070,20231108,34,18,8,1,25.04177,121.58735,10
500111070,20231108,35,18,8,1,25.04177,121.58735,10
500111070,20231108,36,18,8,1,25.04177,121.58735,10
500111070,20231108,37,18,8,1,25.04177,121.58735,10
500111070,20231108,38,18,8,1,25.04177,121.58735,10
500111070,20231108,39,18,8,1,25.04177,121.58735,10
500111070,20231108,40,18,8,1,25.04177,121.58735,10
500111070,20231108,41,18,8,1,25.04177,121.58735,10
500111070,20231108,42,18,8,1,25.04177,121.58735,10
500111070,20231108,43,18,8,1,25.04177,121.58735,10
500111070,20231108,44,18,8,1,25.04177,121.58735,10
500111070,20231108,45,18,8,1,25.04177,121.58735,10
500111070,20231108,46,18,8,1,25.04177,121.58735,10
500111070,20231108,47,18,8,1,25.04177,121.58735,10
500111070,20231108,48,18,8,1,25.04177,121.58735,10
500111070,20231108,49,18,8,1,25.04177,121.58735,10
500111070,20231108,50,18,8,1,25.04177,121.58735,10
500111070,20231108,51,18,8,1,25.04177,121.58735,10
500111070,20231108,52,18,8,1,25.04177,121.58735,10
500111070,20231108,53,18,8,1,25.04177,121.58735,10
500111070,20231108,54,18,8,1,25.04177,121.58735,10
500111070,20231108,55,18,8,1,25.04177,121.58735,10
500111070,20231108,56,18,7,1,25.04177,121.58735,11
500111070,20231108,57,18,7,1,25.04177,121.58735,11
500111070,20231108,58,18,7,1,25.04177,121.58735,11
500111070,20231108,59,18,7,1,25.04177,121.58735,11
500111070,20231108,60,18,7,1,25.04177,121.58735,11
500111070,20231108,61,18,6,1,25.04177,121.58735,12
500111070,20231108,62,18,6,1,25.04177,121.58735,12
500111070,20231108,64,18,6,1,25.04177,121.58735,12
500111070,20231108,65,18,6,1,25.04177,121.58735,12
500111070,20231108,66,18,6,1,25.04177,121.58735,12
500111070,20231108,67,18,6,1,25.04177,121.58735,12
500111070,20231108,68,18,6,1,25.04177,121.58735,12
500111070,20231108,69,18,6,1,25.04177,121.58735,12
500111070,20231108,71,18,6,1,25.04177,121.58735,12
500111070,20231108,72,18,6,1,25.04177,121.58735,12
500111070,20231108,73,18,6,1,25.04177,121.58735,12
500111070,20231108,74,18,6,1,25.04177,121.58735,12
500111070,20231108,75,18,6,1,25.04177,121.58735,12
500111070,20231108,76,18,6,1,25.04177,121.58735,12
500111070,20231108,77,18,6,1,25.04177,121.58735,12
500111070,20231108,78,18,6,1,25.04177,121.58735,12
500111070,20231108,79,18,6,1,25.04177,121.58735,12
500111070,20231108,81,18,6,1,25.04177,121.58735,12
500111070,20231108,83,18,6,1,25.04177,121.58735,12
500111070,20231108,84,18,6,1,25.04177,121.58735,12
500111070,20231108,85,18,6,1,25.04177,121.58735,12
500111070,20231108,86,18,6,1,25.04177,121.58735,12
500111070,20231108,87,18,6,1,25.04177,121.58735,12
500111070,20231108,88,18,6,1,25.04177,121.58735,12
500111070,20231108,89,18,6,1,25.04177,121.58735,12
500111070,20231108,91,18,6,1,25.04177,121.58735,12
500111070,20231108,92,18,6,1,25.04177,121.58735,12
500111070,20231108,93,18,6,1,25.04177,121.58735,12
500111070,20231108,94,18,6,1,25.04177,121.58735,12
500111070,20231108,95,18,6,1,25.04177,121.58735,12
500111070,20231108,96,18,6,1,25.04177,121.58735,12
500111070,20231108,97,18,6,1,25.04177,121.58735,12
500111070,20231108,98,18,6,1,25.04177,121.58735,12
500111070,20231108,99,18,6,1,25.04177,121.58735,12
500111070,20231108,101,18,6,1,25.04177,121.58735,12
500111070,20231108,102,18,6,1,25.04177,121.58735,12
500111070,20231108,103,18,6,1,25.04177,121.58735,12
500111070,20231108,104,18,6,1,25.04177,121.58735,12
500111070,20231108,105,18,6,1,25.04177,121.58735,12
500111070,20231108,106,18,6,1,25.04177,121.58735,12
500111070,20231108,107,18,6,1,25.04177,121.58735,12
500111070,20231108,108,18,6,1,25.04177,121.58735,12
500111070,20231108,109,18,6,1,25.04177,121.58735,12
500111070,20231108,111,18,6,1,25.04177,121.58735,12
500111070,20231108,112,18,6,1,25.04177,121.58735,12
500111070,20231108,113,18,6,1,25.04177,121.58735,12
500111070,20231108,114,18,6,1,25.04177,121.58735,12
500111070,20231108,115,18,6,1,25.04177,121.58735,12
500111070,20231108,116,18,6,1,25.04177,121.58735,12
500111070,20231108,117,18,6,1,25.04177,121.58735,12
500111070,20231108,118,18,6,1,25.04177,121.58735,12
500111070,20231108,119,18,6,1,25.04177,121.58735,12
500111070,20231108,121,18,6,1,25.04177,121.58735,12
500111070,20231108,122,18,6,1,25.04177,121.58735,12
500111070,20231108,123,18,6,1,25.04177,121.58735,12
500111070,20231108,124,18,6,1,25.04177,121.58735,12
500111070,20231108,125,18,6,1,25.04177,121.58735,12
500111070,20231108,126,18,5,1,25.04177,121.58735,13
500111070,20231108,127,18,5,1,25.04177,121.58735,13
500111070,20231108,128,18,5,1,25.04177,121.58735,13
500111070,20231108,129,18,5,1,25.04177,121.58735,13
500111070,20231108,131,18,5,1,25.04177,121.58735,13
500111070,20231108,132,18,5,1,25.04177,121.58735,13
500111070,20231108,133,18,5,1,25.04177,121.58735,13
500111070,20231108,134,18,5,1,25.04177,121.58735,13
500111070,20231108,135,18,5,1,25.04177,121.58735,13
500111070,20231108,136,18,5,1,25.04177,121.58735,13
500111070,20231108,137,18,5,1,25.04177,121.58735,13
500111070,20231108,139,18,5,1,25.04177,121.58735,13
500111070,20231108,141,18,5,1,25.04177,121.58735,13
500111070,20231108,142,18,5,1,25.04177,121.58735,13
500111070,20231108,143,18,5,1,25.04177,121.58735,13
500111070,20231108,144,18,5,1,25.04177,121.58735,13
500111070,20231108,145,18,5,1,25.04177,121.58735,13
500111070,20231108,146,18,5,1,25.04177,121.58735,13
500111070,20231108,147,18,5,1,25.04177,121.58735,13
500111070,20231108,148,18,5,1,25.04177,121.58735,13
500111070,20231108,149,18,5,1,25.04177,121.58735,13
500111070,20231108,150,18,5,1,25.04177,121.58735,13
500111070,20231108,152,18,5,1,25.04177,121.58735,13
500111070,20231108,153,18,5,1,25.04177,121.58735,13
500111070,20231108,155,18,5,1,25.04177,121.58735,13
500111070,20231108,156,18,5,1,25.04177,121.58735,13
500111070,20231108,157,18,5,1,25.04177,121.58735,13
500111070,20231108,158,18,5,1,25.04177,121.58735,13
500111070,20231108,159,18,5,1,25.04177,121.58735,13
500111070,20231108,161,18,5,1,25.04177,121.58735,13
500111070,20231108,162,18,5,1,25.04177,121.58735,13
500111070,20231108,163,18,5,1,25.04177,121.58735,13
500111070,20231108,164,18,5,1,25.04177,121.58735,13
500111070,20231108,165,18,5,1,25.04177,121.58735,13
500111070,20231108,166,18,5,1,25.04177,121.58735,13
500111070,20231108,167,18,5,1,25.04177,121.58735,13
500111070,20231108,168,18,5,1,25.04177,121.58735,13
500111070,20231108,169,18,5,1,25.04177,121.58735,13
500111070,20231108,171,18,5,1,25.04177,121.58735,13
500111070,20231108,172,18,5,1,25.04177,121.58735,13
500111070,20231108,173,18,5,1,25.04177,121.58735,13
500111070,20231108,174,18,5,1,25.04177,121.58735,13
500111070,20231108,175,18,5,1,25.04177,121.58735,13
500111070,20231108,176,18,5,1,25.04177,121.58735,13
500111070,20231108,177,18,5,1,25.04177,121.58735,13
500111070,20231108,178,18,5,1,25.04177,121.58735,13
500111070,20231108,179,18,5,1,25.04177,121.58735,13
500111070,20231108,181,18,5,1,25.04177,121.58735,13
500111070,20231108,182,18,5,1,25.04177,121.58735,13
500111070,20231108,183,18,5,1,25.04177,121.58735,13
500111070,20231108,184,18,5,1,25.04177,121.58735,13
500111070,20231108,185,18,5,1,25.04177,121.58735,13
500111070,20231108,186,18,5,1,25.04177,121.58735,13
500111070,20231108,187,18,5,1,25.04177,121.58735,13
500111070,20231108,188,18,5,1,25.04177,121.58735,13
500111070,20231108,189,18,5,1,25.04177,121.58735,13
500111070,20231108,191,18,5,1,25.04177,121.58735,13
500111070,20231108,192,18,5,1,25.04177,121.58735,13
500111070,20231108,193,18,5,1,25.04177,121.58735,13
500111070,20231108,194,18,5,1,25.04177,121.58735,13
500111070,20231108,195,18,5,1,25.04177,121.58735,13
500111070,20231108,196,18,5,1,25.04177,121.58735,13
500111070,20231108,197,18,5,1,25.04177,121.58735,13
500111070,20231108,198,18,5,1,25.04177,121.58735,13
500111070,20231108,199,18,5,1,25.04177,121.58735,13
500111070,20231108,201,18,5,1,25.04177,121.58735,13
500111070,20231108,202,18,5,1,25.04177,121.58735,13
500111070,20231108,203,18,5,1,25.04177,121.58735,13
500111070,20231108,204,18,5,1,25.04177,121.58735,13
500111070,20231108,205,18,5,1,25.04177,121.58735,13
500111070,20231108,206,18,5,1,25.04177,121.58735,13
500111070,20231108,207,18,5,1,25.04177,121.58735,13
500111070,20231108,208,18,5,1,25.04177,121.58735,13
500111070,20231108,209,18,5,1,25.04177,121.58735,13
500111070,20231108,210,18,5,1,25.04177,121.58735,13
500111070,20231108,211,18,5,1,25.04177,121.58735,13
500111070,20231108,212,18,6,1,25.04177,121.58735,12
500111070,20231108,213,18,6,1,25.04177,121.58735,12
500111070,20231108,214,18,6,1,25.04177,121.58735,12
500111070,20231108,215,18,6,1,25.04177,121.58735,12
500111070,20231108,216,18,6,1,25.04177,121.58735,12
500111070,20231108,217,18,6,1,25.04177,121.58735,12
500111070,20231108,218,18,6,1,25.04177,121.58735,12
500111070,20231108,219,18,6,1,25.04177,121.58735,12
500111070,20231108,220,18,6,1,25.04177,121.58735,12
500111070,20231108,221,18,6,1,25.04177,121.58735,12
500111070,20231108,222,18,6,1,25.04177,121.58735,12
500111070,20231108,223,18,6,1,25.04177,121.58735,12
500111070,20231108,224,18,6,1,25.04177,121.58735,12
500111070,20231108,225,18,5,1,25.04177,121.58735,13
500111070,20231108,226,18,5,1,25.04177,121.58735,13
500111070,20231108,227,18,5,1,25.04177,121.58735,13
500111070,20231108,228,18,5,1,25.04177,121.58735,13
500111070,20231108,229,18,5,1,25.04177,121.58735,13
500111070,20231108,230,18,5,1,25.04177,121.58735,13
500111070,20231108,231,18,5,1,25.04177,121.58735,13
500111070,20231108,232,18,5,1,25.04177,121.58735,13
500111070,20231108,233,18,5,1,25.04177,121.58735,13
500111070,20231108,234,18,5,1,25.04177,121.58735,13
500111070,20231108,235,18,5,1,25.04177,121.58735,13
500111070,20231108,236,18,5,1,25.04177,121.58735,13
500111070,20231108,237,18,5,1,25.04177,121.58735,13
500111070,20231108,238,18,5,1,25.04177,121.58735,13
500111070,20231108,239,18,5,1,25.04177,121.58735,13
500111070,20231108,241,18,5,1,25.04177,121.58735,13
500111070,20231108,242,18,5,1,25.04177,121.58735,13
500111070,20231108,243,18,5,1,25.04177,121.58735,13
500111070,20231108,244,18,5,1,25.04177,121.58735,13
500111070,20231108,245,18,5,1,25.04177,121.58735,13
500111070,20231108,246,18,5,1,25.04177,121.58735,13
500111070,20231108,247,18,5,1,25.04177,121.58735,13
500111070,20231108,248,18,5,1,25.04177,121.58735,13
500111070,20231108,249,18,5,1,25.04177,121.58735,13
500111070,20231108,250,18,5,1,25.04177,121.58735,13
500111070,20231108,251,18,5,1,25.04177,121.58735,13
500111070,20231108,252,18,5,1,25.04177,121.58735,13
500111070,20231108,253,18,5,1,25.04177,121.58735,13
500111070,20231108,254,18,5,1,25.04177,121.58735,13
500111070,20231108,255,18,5,1,25.04177,121.58735,13
500111070,20231108,256,18,5,1,25.04177,121.58735,13
500111070,20231108,257,18,5,1,25.04177,121.58735,13
500111070,20231108,258,18,5,1,25.04177,121.58735,13
500111070,20231108,259,18,5,1,25.04177,121.58735,13
500111070,20231108,261,18,5,1,25.04177,121.58735,13
500111070,20231108,262,18,5,1,25.04177,121.58735,13
500111070,20231108,263,18,5,1,25.04177,121.58735,13
500111070,20231108,264,18,5,1,25.04177,121.58735,13
500111070,20231108,265,18,5,1,25.04177,121.58735,13
500111070,20231108,266,18,5,1,25.04177,121.58735,13
500111070,20231108,267,18,5,1,25.04177,121.58735,13
500111070,20231108,268,18,5,1,25.04177,121.58735,13
500111070,20231108,269,18,5,1,25.04177,121.58735,13
500111070,20231108,270,18,5,1,25.04177,121.58735,13
500111070,20231108,271,18,5,1,25.04177,121.58735,13
500111070,20231108,272,18,5,1,25.04177,121.58735,13
500111070,20231108,273,18,5,1,25.04177,121.58735,13
500111070,20231108,274,18,5,1,25.04177,121.58735,13
500111070,20231108,275,18,5,1,25.04177,121.58735,13
500111070,20231108,276,18,5,1,25.04177,121.58735,13
500111070,20231108,277,18,5,1,25.04177,121.58735,13
500111070,20231108,278,18,5,1,25.04177,121.58735,13
500111070,20231108,279,18,5,1,25.04177,121.58735,13
500111070,20231108,280,18,5,1,25.04177,121.58735,13
500111070,20231108,281,18,5,1,25.04177,121.58735,13
500111070,20231108,282,18,5,1,25.04177,121.58735,13
500111070,20231108,283,18,5,1,25.04177,121.58735,13
500111070,20231108,284,18,5,1,25.04177,121.58735,13
500111070,20231108,285,18,5,1,25.04177,121.58735,13
500111070,20231108,286,18,5,1,25.04177,121.58735,13
500111070,20231108,287,18,5,1,25.04177,121.58735,13
500111070,20231108,288,18,5,1,25.04177,121.58735,13
500111070,20231108,289,18,5,1,25.04177,121.58735,13
500111070,20231108,291,18,5,1,25.04177,121.58735,13
500111070,20231108,292,18,5,1,25.04177,121.58735,13
500111070,20231108,293,18,5,1,25.04177,121.58735,13
500111070,20231108,294,18,5,1,25.04177,121.58735,13
500111070,20231108,295,18,5,1,25.04177,121.58735,13
500111070,20231108,296,18,5,1,25.04177,121.58735,13
500111070,20231108,297,18,5,1,25.04177,121.58735,13
500111070,20231108,298,18,5,1,25.04177,121.58735,13
500111070,20231108,299,18,5,1,25.04177,121.58735,13
500111070,20231108,301,18,5,1,25.04177,121.58735,13
500111070,20231108,302,18,5,1,25.04177,121.58735,13
500111070,20231108,303,18,5,1,25.04177,121.58735,13
500111070,20231108,304,18,5,1,25.04177,121.58735,13
500111070,20231108,305,18,5,1,25.04177,121.58735,13
500111070,20231108,306,18,5,1,25.04177,121.58735,13
500111070,20231108,307,18,5,1,25.04177,121.58735,13
500111070,20231108,308,18,5,1,25.04177,121.58735,13
500111070,20231108,309,18,5,1,25.04177,121.58735,13
500111070,20231108,310,18,5,1,25.04177,121.58735,13
500111070,20231108,311,18,3,1,25.04177,121.58735,15
500111070,20231108,312,18,1,1,25.04177,121.58735,17
500111070,20231108,313,18,1,1,25.04177,121.58735,17
500111070,20231108,314,18,1,1,25.04177,121.58735,17
500111070,20231108,315,18,1,1,25.04177,121.58735,17
500111070,20231108,316,18,1,1,25.04177,121.58735,17
500111070,20231108,317,18,1,1,25.04177,121.58735,17
500111070,20231108,318,18,1,1,25.04177,121.58735,17
500111070,20231108,319,18,1,1,25.04177,121.58735,17
500111070,20231108,321,18,1,1,25.04177,121.58735,17
500111070,20231108,322,18,1,1,25.04177,121.58735,17
500111070,20231108,323,18,2,1,25.04177,121.58735,16
500111070,20231108,324,18,2,1,25.04177,121.58735,16
500111070,20231108,325,18,2,1,25.04177,121.58735,16
500111070,20231108,326,18,2,1,25.04177,121.58735,16
500111070,20231108,327,18,2,1,25.04177,121.58735,16
500111070,20231108,328,18,2,1,25.04177,121.58735,16
500111070,20231108,329,18,2,1,25.04177,121.58735,16
500111070,20231108,330,18,2,1,25.04177,121.58735,16
500111070,20231108,331,18,2,1,25.04177,121.58735,16
500111070,20231108,332,18,2,1,25.04177,121.58735,16
500111070,20231108,333,18,2,1,25.04177,121.58735,16
500111070,20231108,334,18,2,1,25.04177,121.58735,16
500111070,20231108,335,18,2,1,25.04177,121.58735,16
500111070,20231108,336,18,2,1,25.04177,121.58735,16
500111070,20231108,337,18,2,1,25.04177,121.58735,16
500111070,20231108,338,18,2,1,25.04177,121.58735,16
500111070,20231108,339,18,2,1,25.04177,121.58735,16
500111070,20231108,340,18,2,1,25.04177,121.58735,16
500111070,20231108,341,18,2,1,25.04177,121.58735,16
500111070,20231108,342,18,2,1,25.04177,121.58735,16
500111070,20231108,343,18,2,1,25.04177,121.58735,16
500111070,20231108,344,18,2,1,25.04177,121.58735,16
500111070,20231108,345,18,2,1,25.04177,121.58735,16
500111070,20231108,346,18,2,1,25.04177,121.58735,16
500111070,20231108,347,18,2,1,25.04177,121.58735,16
500111070,20231108,348,18,2,1,25.04177,121.58735,16
500111070,20231108,349,18,2,1,25.04177,121.58735,16
500111070,20231108,350,18,2,1,25.04177,121.58735,16
500111070,20231108,351,18,2,1,25.04177,121.58735,16
500111070,20231108,352,18,2,1,25.04177,121.58735,16
500111070,20231108,353,18,2,1,25.04177,121.58735,16
500111070,20231108,354,18,2,1,25.04177,121.58735,16
500111070,20231108,355,18,2,1,25.04177,121.58735,16
500111070,20231108,356,18,2,1,25.04177,121.58735,16
500111070,20231108,357,18,3,1,25.04177,121.58735,15
500111070,20231108,358,18,3,1,25.04177,121.58735,15
500111070,20231108,359,18,3,1,25.04177,121.58735,15
500111070,20231108,360,18,3,1,25.04177,121.58735,15
500111070,20231108,361,18,3,1,25.04177,121.58735,15
500111070,20231108,362,18,3,1,25.04177,121.58735,15
500111070,20231108,363,18,3,1,25.04177,121.58735,15
500111070,20231108,364,18,3,1,25.04177,121.58735,15
500111070,20231108,365,18,3,1,25.04177,121.58735,15
500111070,20231108,366,18,3,1,25.04177,121.58735,15
500111070,20231108,367,18,3,1,25.04177,121.58735,15
500111070,20231108,368,18,3,1,25.04177,121.58735,15
500111070,20231108,369,18,3,1,25.04177,121.58735,15
500111070,20231108,370,18,3,1,25.04177,121.58735,15
500111070,20231108,371,18,3,1,25.04177,121.58735,15
500111070,20231108,372,18,4,1,25.04177,121.58735,14
500111070,20231108,373,18,4,1,25.04177,121.58735,14
500111070,20231108,374,18,4,1,25.04177,121.58735,14
500111070,20231108,375,18,4,1,25.04177,121.58735,14
500111070,20231108,376,18,4,1,25.04177,121.58735,14
500111070,20231108,377,18,4,1,25.04177,121.58735,14
500111070,20231108,378,18,4,1,25.04177,121.58735,14
500111070,20231108,379,18,4,1,25.04177,121.58735,14
500111070,20231108,381,18,4,1,25.04177,121.58735,14
500111070,20231108,382,18,4,1,25.04177,121.58735,14
500111070,20231108,383,18,4,1,25.04177,121.58735,14
500111070,20231108,384,18,4,1,25.04177,121.58735,14
500111070,20231108,385,18,4,1,25.04177,121.58735,14
500111070,20231108,386,18,4,1,25.04177,121.58735,14
500111070,20231108,387,18,4,1,25.04177,121.58735,14
500111070,20231108,388,18,4,1,25.04177,121.58735,14
500111070,20231108,389,18,4,1,25.04177,121.58735,14
500111070,20231108,390,18,4,1,25.04177,121.58735,14
500111070,20231108,391,18,4,1,25.04177,121.58735,14
500111070,20231108,392,18,4,1,25.04177,121.58735,14
500111070,20231108,393,18,4,1,25.04177,121.58735,14
500111070,20231108,394,18,5,1,25.04177,121.58735,13
500111070,20231108,395,18,5,1,25.04177,121.58735,13
500111070,20231108,396,18,5,1,25.04177,121.58735,13
500111070,20231108,397,18,5,1,25.04177,121.58735,13
500111070,20231108,398,18,5,1,25.04177,121.58735,13
500111070,20231108,399,18,5,1,25.04177,121.58735,13
500111070,20231108,400,18,6,1,25.04177,121.58735,12
500111070,20231108,401,18,6,1,25.04177,121.58735,12
500111070,20231108,402,18,6,1,25.04177,121.58735,12
500111070,20231108,403,18,6,1,25.04177,121.58735,12
500111070,20231108,404,18,6,1,25.04177,121.58735,12
500111070,20231108,405,18,7,1,25.04177,121.58735,11
500111070,20231108,406,18,7,1,25.04177,121.58735,11
500111070,20231108,407,18,7,1,25.04177,121.58735,11
500111070,20231108,408,18,8,1,25.04177,121.58735,10
500111070,20231108,409,18,8,1,25.04177,121.58735,10
500111070,20231108,410,18,8,1,25.04177,121.58735,10
500111070,20231108,411,18,9,1,25.04177,121.58735,9
500111070,20231108,412,18,9,1,25.04177,121.58735,9
500111070,20231108,413,18,9,1,25.04177,121.58735,9
500111070,20231108,414,18,9,1,25.04177,121.58735,9
500111070,20231108,415,18,9,1,25.04177,121.58735,9
500111070,20231108,416,18,9,1,25.04177,121.58735,9
500111070,20231108,417,18,9,1,25.04177,121.58735,9
500111070,20231108,418,18,9,1,25.04177,121.58735,9
500111070,20231108,419,18,9,1,25.04177,121.58735,9
500111070,20231108,421,18,10,1,25.04177,121.58735,8
500111070,20231108,422,18,10,1,25.04177,121.58735,8
500111070,20231108,423,18,10,1,25.04177,121.58735,8
500111070,20231108,424,18,10,1,25.04177,121.58735,8
500111070,20231108,425,18,10,1,25.04177,121.58735,8
500111070,20231108,426,18,10,1,25.04177,121.58735,8
500111070,20231108,427,18,11,1,25.04177,121.58735,7
500111070,20231108,428,18,12,1,25.04177,121.58735,6
500111070,20231108,429,18,13,1,25.04177,121.58735,5
500111070,20231108,430,18,13,1,25.04177,121.58735,5
500111070,20231108,431,18,13,1,25.04177,121.58735,5
500111070,20231108,432,18,13,1,25.04177,121.58735,5
500111070,20231108,433,18,14,1,25.04177,121.58735,4
500111070,20231108,434,18,14,1,25.04177,121.58735,4
500111070,20231108,435,18,16,1,25.04177,121.58735,2
500111070,20231108,436,18,16,1,25.04177,121.58735,2
500111070,20231108,437,18,16,1,25.04177,121.58735,2
500111070,20231108,438,18,17,1,25.04177,121.58735,1
500111070,20231108,439,18,17,1,25.04177,121.58735,1
500111070,20231108,441,18,17,1,25.04177,121.58735,1
500111070,20231108,442,18,17,1,25.04177,121.58735,1
500111070,20231108,443,18,17,1,25.04177,121.58735,1
500111070,20231108,444,18,17,1,25.04177,121.58735,1
500111070,20231108,445,18,17,1,25.04177,121.58735,1
500111070,20231108,446,18,17,1,25.04177,121.58735,1
500111070,20231108,447,18,16,1,25.04177,121.58735,2
500111070,20231108,448,18,14,1,25.04177,121.58735,4
500111070,20231108,449,18,11,1,25.04177,121.58735,7
500111070,20231108,451,18,6,1,25.04177,121.58735,12
500111070,20231108,452,18,1,1,25.04177,121.58735,17
500111070,20231108,453,18,1,1,25.04177,121.58735,17
500111070,20231108,454,18,2,1,25.04177,121.58735,16
500111070,20231108,455,18,2,1,25.04177,121.58735,16
500111070,20231108,456,18,2,1,25.04177,121.58735,16
500111070,20231108,458,18,2,1,25.04177,121.58735,16
500111070,20231108,459,18,4,1,25.04177,121.58735,14
500111070,20231108,460,18,4,1,25.04177,121.58735,14
500111070,20231108,461,18,5,1,25.04177,121.58735,13
500111070,20231108,462,18,5,1,25.04177,121.58735,13
500111070,20231108,463,18,8,1,25.04177,121.58735,10
500111070,20231108,464,18,9,1,25.04177,121.58735,9
500111070,20231108,465,18,10,1,25.04177,121.58735,8
500111070,20231108,466,18,10,1,25.04177,121.58735,8
500111070,20231108,467,18,10,1,25.04177,121.58735,8
500111070,20231108,468,18,10,1,25.04177,121.58735,8
500111070,20231108,469,18,10,1,25.04177,121.58735,8
500111070,20231108,470,18,10,1,25.04177,121.58735,8
500111070,20231108,471,18,11,1,25.04177,121.58735,7
500111070,20231108,472,18,12,1,25.04177,121.58735,6
500111070,20231108,473,18,13,1,25.04177,121.58735,5
500111070,20231108,474,18,13,1,25.04177,121.58735,5
500111070,20231108,475,18,13,1,25.04177,121.58735,5
500111070,20231108,476,18,14,1,25.04177,121.58735,4
500111070,20231108,477,18,14,1,25.04177,121.58735,4
500111070,20231108,478,18,14,1,25.04177,121.58735,4
500111070,20231108,479,18,13,1,25.04177,121.58735,5
500111070,20231108,481,18,14,1,25.04177,121.58735,4
500111070,20231108,482,18,16,1,25.04177,121.58735,2
500111070,20231108,483,18,16,1,25.04177,121.58735,2
500111070,20231108,484,18,16,1,25.04177,121.58735,2
500111070,20231108,485,18,17,1,25.04177,121.58735,1
500111070,20231108,486,18,17,1,25.04177,121.58735,1
500111070,20231108,487,18,17,1,25.04177,121.58735,1
500111070,20231108,488,18,17,1,25.04177,121.58735,1
500111070,20231108,489,18,17,1,25.04177,121.58735,1
500111070,20231108,490,18,17,1,25.04177,121.58735,1
500111070,20231108,491,18,17,1,25.04177,121.58735,1
500111070,20231108,492,18,17,1,25.04177,121.58735,1
500111070,20231108,493,18,17,1,25.04177,121.58735,1
500111070,20231108,494,18,17,1,25.04177,121.58735,1
500111070,20231108,495,18,17,1,25.04177,121.58735,1
500111070,20231108,496,18,17,1,25.04177,121.58735,1
500111070,20231108,497,18,17,1,25.04177,121.58735,1
500111070,20231108,498,18,17,1,25.04177,121.58735,1
500111070,20231108,499,18,17,1,25.04177,121.58735,1
500111070,20231108,501,18,17,1,25.04177,121.58735,1
500111070,20231108,502,18,17,1,25.04177,121.58735,1
500111070,20231108,503,18,17,1,25.04177,121.58735,1
500111070,20231108,504,18,17,1,25.04177,121.58735,1
500111070,20231108,505,18,17,1,25.04177,121.58735,1
500111070,20231108,506,18,17,1,25.04177,121.58735,1
500111070,20231108,507,18,17,1,25.04177,121.58735,1
500111070,20231108,508,18,17,1,25.04177,121.58735,1
500111070,20231108,509,18,17,1,25.04177,121.58735,1
500111070,20231108,511,18,11,1,25.04177,121.58735,7
500111070,20231108,512,18,8,1,25.04177,121.58735,10
500111070,20231108,513,18,9,1,25.04177,121.58735,9
500111070,20231108,514,18,9,1,25.04177,121.58735,9
500111070,20231108,515,18,10,1,25.04177,121.58735,8
500111070,20231108,516,18,12,1,25.04177,121.58735,6
500111070,20231108,517,18,12,1,25.04177,121.58735,6
500111070,20231108,518,18,12,1,25.04177,121.58735,6
500111070,20231108,519,18,12,1,25.04177,121.58735,6
500111070,20231108,520,18,12,1,25.04177,121.58735,6
500111070,20231108,521,18,13,1,25.04177,121.58735,5
500111070,20231108,522,18,13,1,25.04177,121.58735,5
500111070,20231108,523,18,13,1,25.04177,121.58735,5
500111070,20231108,524,18,13,1,25.04177,121.58735,5
500111070,20231108,525,18,13,1,25.04177,121.58735,5
500111070,20231108,526,18,13,1,25.04177,121.58735,5
500111070,20231108,527,18,13,1,25.04177,121.58735,5
500111070,20231108,528,18,14,1,25.04177,121.58735,4
500111070,20231108,529,18,14,1,25.04177,121.58735,4
500111070,20231108,530,18,14,1,25.04177,121.58735,4
500111070,20231108,531,18,15,1,25.04177,121.58735,3
500111070,20231108,532,18,16,1,25.04177,121.58735,2
500111070,20231108,533,18,16,1,25.04177,121.58735,2
500111070,20231108,534,18,17,1,25.04177,121.58735,1
500111070,20231108,535,18,17,1,25.04177,121.58735,1
500111070,20231108,536,18,17,1,25.04177,121.58735,1
500111070,20231108,537,18,17,1,25.04177,121.58735,1
500111070,20231108,538,18,17,1,25.04177,121.58735,1
500111070,20231108,539,18,17,1,25.04177,121.58735,1
500111070,20231108,541,18,17,1,25.04177,121.58735,1
500111070,20231108,542,18,17,1,25.04177,121.58735,1
500111070,20231108,543,18,17,1,25.04177,121.58735,1
500111070,20231108,544,18,17,1,25.04177,121.58735,1
500111070,20231108,545,18,17,1,25.04177,121.58735,1
500111070,20231108,546,18,17,1,25.04177,121.58735,1
500111070,20231108,547,18,17,1,25.04177,121.58735,1
500111070,20231108,548,18,17,1,25.04177,121.58735,1
500111070,20231108,549,18,17,1,25.04177,121.58735,1
500111070,20231108,550,18,17,1,25.04177,121.58735,1
500111070,20231108,551,18,17,1,25.04177,121.58735,1
500111070,20231108,552,18,17,1,25.04177,121.58735,1
500111070,20231108,553,18,17,1,25.04177,121.58735,1
500111070,20231108,554,18,17,1,25.04177,121.58735,1
500111070,20231108,555,18,17,1,25.04177,121.58735,1
500111070,20231108,556,18,17,1,25.04177,121.58735,1
500111070,20231108,557,18,17,1,25.04177,121.58735,1
500111070,20231108,558,18,16,1,25.04177,121.58735,2
500111070,20231108,559,18,16,1,25.04177,121.58735,2
500111070,20231108,561,18,17,1,25.04177,121.58735,1
500111070,20231108,562,18,17,1,25.04177,121.58735,1
500111070,20231108,563,18,17,1,25.04177,121.58735,1
500111070,20231108,564,18,17,1,25.04177,121.58735,1
500111070,20231108,565,18,17,1,25.04177,121.58735,1
500111070,20231108,566,18,17,1,25.04177,121.58735,1
500111070,20231108,567,18,17,1,25.04177,121.58735,1
500111070,20231108,568,18,17,1,25.04177,121.58735,1
500111070,20231108,569,18,17,1,25.04177,121.58735,1
500111070,20231108,571,18,16,1,25.04177,121.58735,2
500111070,20231108,572,18,17,1,25.04177,121.58735,1
500111070,20231108,573,18,17,1,25.04177,121.58735,1
500111070,20231108,574,18,17,1,25.04177,121.58735,1
500111070,20231108,575,18,17,1,25.04177,121.58735,1
500111070,20231108,576,18,17,1,25.04177,121.58735,1
500111070,20231108,577,18,17,1,25.04177,121.58735,1
500111070,20231108,578,18,17,1,25.04177,121.58735,1
500111070,20231108,579,18,17,1,25.04177,121.58735,1
500111070,20231108,580,18,17,1,25.04177,121.58735,1
500111070,20231108,581,18,17,1,25.04177,121.58735,1
500111070,20231108,582,18,17,1,25.04177,121.58735,1
500111070,20231108,583,18,17,1,25.04177,121.58735,1
500111070,20231108,584,18,17,1,25.04177,121.58735,1
500111070,20231108,585,18,17,1,25.04177,121.58735,1
500111070,20231108,586,18,17,1,25.04177,121.58735,1
500111070,20231108,587,18,17,1,25.04177,121.58735,1
500111070,20231108,588,18,16,1,25.04177,121.58735,2
500111070,20231108,589,18,16,1,25.04177,121.58735,2
500111070,20231108,590,18,16,1,25.04177,121.58735,2
500111070,20231108,591,18,16,1,25.04177,121.58735,2
500111070,20231108,592,18,16,1,25.04177,121.58735,2
500111070,20231108,593,18,16,1,25.04177,121.58735,2
500111070,20231108,594,18,16,1,25.04177,121.58735,2
500111070,20231108,595,18,16,1,25.04177,121.58735,2
500111070,20231108,596,18,17,1,25.04177,121.58735,1
500111070,20231108,597,18,17,1,25.04177,121.58735,1
500111070,20231108,598,18,17,1,25.04177,121.58735,1
500111070,20231108,599,18,17,1,25.04177,121.58735,1
500111070,20231108,601,18,17,1,25.04177,121.58735,1
500111070,20231108,602,18,17,1,25.04177,121.58735,1
500111070,20231108,603,18,17,1,25.04177,121.58735,1
500111070,20231108,604,18,17,1,25.04177,121.58735,1
500111070,20231108,605,18,17,1,25.04177,121.58735,1
500111070,20231108,606,18,17,1,25.04177,121.58735,1
500111070,20231108,607,18,17,1,25.04177,121.58735,1
500111070,20231108,608,18,17,1,25.04177,121.58735,1
500111070,20231108,609,18,17,1,25.04177,121.58735,1
500111070,20231108,610,18,16,1,25.04177,121.58735,2
500111070,20231108,611,18,16,1,25.04177,121.58735,2
500111070,20231108,612,18,16,1,25.04177,121.58735,2
500111070,20231108,613,18,16,1,25.04177,121.58735,2
500111070,20231108,614,18,16,1,25.04177,121.58735,2
500111070,20231108,615,18,16,1,25.04177,121.58735,2
500111070,20231108,616,18,17,1,25.04177,121.58735,1
500111070,20231108,617,18,17,1,25.04177,121.58735,1
500111070,20231108,618,18,17,1,25.04177,121.58735,1
500111070,20231108,619,18,17,1,25.04177,121.58735,1
500111070,20231108,621,18,17,1,25.04177,121.58735,1
500111070,20231108,622,18,17,1,25.04177,121.58735,1
500111070,20231108,623,18,17,1,25.04177,121.58735,1
500111070,20231108,624,18,17,1,25.04177,121.58735,1
500111070,20231108,625,18,17,1,25.04177,121.58735,1
500111070,20231108,626,18,17,1,25.04177,121.58735,1
500111070,20231108,627,18,17,1,25.04177,121.58735,1
500111070,20231108,628,18,17,1,25.04177,121.58735,1
500111070,20231108,629,18,17,1,25.04177,121.58735,1
500111070,20231108,631,18,17,1,25.04177,121.58735,1
500111070,20231108,632,18,17,1,25.04177,121.58735,1
500111070,20231108,633,18,17,1,25.04177,121.58735,1
500111070,20231108,634,18,17,1,25.04177,121.58735,1
500111070,20231108,635,18,16,1,25.04177,121.58735,2
500111070,20231108,636,18,16,1,25.04177,121.58735,2
500111070,20231108,637,18,16,1,25.04177,121.58735,2
500111070,20231108,638,18,16,1,25.04177,121.58735,2
500111070,20231108,639,18,16,1,25.04177,121.58735,2
500111070,20231108,640,18,16,1,25.04177,121.58735,2
500111070,20231108,641,18,16,1,25.04177,121.58735,2
500111070,20231108,642,18,16,1,25.04177,121.58735,2
500111070,20231108,643,18,16,1,25.04177,121.58735,2
500111070,20231108,644,18,16,1,25.04177,121.58735,2
500111070,20231108,645,18,16,1,25.04177,121.58735,2
500111070,20231108,646,18,16,1,25.04177,121.58735,2
500111070,20231108,647,18,16,1,25.04177,121.58735,2
500111070,20231108,648,18,16,1,25.04177,121.58735,2
500111070,20231108,649,18,16,1,25.04177,121.58735,2
500111070,20231108,650,18,16,1,25.04177,121.58735,2
500111070,20231108,651,18,15,1,25.04177,121.58735,3
500111070,20231108,652,18,15,1,25.04177,121.58735,3
500111070,20231108,653,18,16,1,25.04177,121.58735,2
500111070,20231108,654,18,16,1,25.04177,121.58735,2
500111070,20231108,655,18,17,1,25.04177,121.58735,1
500111070,20231108,656,18,17,1,25.04177,121.58735,1
500111070,20231108,657,18,17,1,25.04177,121.58735,1
500111070,20231108,658,18,17,1,25.04177,121.58735,1
500111070,20231108,659,18,17,1,25.04177,121.58735,1
500111070,20231108,661,18,17,1,25.04177,121.58735,1
500111070,20231108,662,18,17,1,25.04177,121.58735,1
500111070,20231108,663,18,17,1,25.04177,121.58735,1
500111070,20231108,664,18,17,1,25.04177,121.58735,1
500111070,20231108,665,18,17,1,25.04177,121.58735,1
500111070,20231108,666,18,17,1,25.04177,121.58735,1
500111070,20231108,667,18,17,1,25.04177,121.58735,1
500111070,20231108,668,18,17,1,25.04177,121.58735,1
500111070,20231108,669,18,17,1,25.04177,121.58735,1
500111070,20231108,670,18,17,1,25.04177,121.58735,1
500111070,20231108,671,18,17,1,25.04177,121.58735,1
500111070,20231108,672,18,17,1,25.04177,121.58735,1
500111070,20231108,673,18,17,1,25.04177,121.58735,1
500111070,20231108,674,18,17,1,25.04177,121.58735,1
500111070,20231108,675,18,17,1,25.04177,121.58735,1
500111070,20231108,676,18,17,1,25.04177,121.58735,1
500111070,20231108,677,18,17,1,25.04177,121.58735,1
500111070,20231108,678,18,17,1,25.04177,121.58735,1
500111070,20231108,679,18,17,1,25.04177,121.58735,1
500111070,20231108,681,18,17,1,25.04177,121.58735,1
500111070,20231108,682,18,17,1,25.04177,121.58735,1
500111070,20231108,683,18,16,1,25.04177,121.58735,2
500111070,20231108,684,18,16,1,25.04177,121.58735,2
500111070,20231108,685,18,16,1,25.04177,121.58735,2
500111070,20231108,686,18,16,1,25.04177,121.58735,2
500111070,20231108,687,18,16,1,25.04177,121.58735,2
500111070,20231108,688,18,16,1,25.04177,121.58735,2
500111070,20231108,689,18,16,1,25.04177,121.58735,2
500111070,20231108,690,18,16,1,25.04177,121.58735,2
500111070,20231108,691,18,16,1,25.04177,121.58735,2
500111070,20231108,692,18,16,1,25.04177,121.58735,2
500111070,20231108,693,18,16,1,25.04177,121.58735,2
500111070,20231108,694,18,16,1,25.04177,121.58735,2
500111070,20231108,695,18,16,1,25.04177,121.58735,2
500111070,20231108,696,18,16,1,25.04177,121.58735,2
500111070,20231108,697,18,16,1,25.04177,121.58735,2
500111070,20231108,698,18,17,1,25.04177,121.58735,1
500111070,20231108,699,18,17,1,25.04177,121.58735,1
500111070,20231108,700,18,16,1,25.04177,121.58735,2
500111070,20231108,701,18,16,1,25.04177,121.58735,2
500111070,20231108,702,18,16,1,25.04177,121.58735,2
500111070,20231108,703,18,16,1,25.04177,121.58735,2
500111070,20231108,704,18,17,1,25.04177,121.58735,1
500111070,20231108,705,18,17,1,25.04177,121.58735,1
500111070,20231108,706,18,17,1,25.04177,121.58735,1
500111070,20231108,707,18,17,1,25.04177,121.58735,1
500111070,20231108,708,18,17,1,25.04177,121.58735,1
500111070,20231108,709,18,17,1,25.04177,121.58735,1
500111070,20231108,710,18,17,1,25.04177,121.58735,1
500111070,20231108,711,18,16,1,25.04177,121.58735,2
500111070,20231108,712,18,16,1,25.04177,121.58735,2
500111070,20231108,713,18,16,1,25.04177,121.58735,2
500111070,20231108,714,18,16,1,25.04177,121.58735,2
500111070,20231108,715,18,16,1,25.04177,121.58735,2
500111070,20231108,716,18,16,1,25.04177,121.58735,2
500111070,20231108,717,18,16,1,25.04177,121.58735,2
500111070,20231108,718,18,16,1,25.04177,121.58735,2
500111070,20231108,719,18,16,1,25.04177,121.58735,2
500111070,20231108,721,18,16,1,25.04177,121.58735,2
500111070,20231108,722,18,16,1,25.04177,121.58735,2
500111070,20231108,723,18,16,1,25.04177,121.58735,2
500111070,20231108,724,18,16,1,25.04177,121.58735,2
500111070,20231108,725,18,16,1,25.04177,121.58735,2
500111070,20231108,726,18,16,1,25.04177,121.58735,2
500111070,20231108,727,18,16,1,25.04177,121.58735,2
500111070,20231108,728,18,16,1,25.04177,121.58735,2
500111070,20231108,729,18,17,1,25.04177,121.58735,1
500111070,20231108,730,18,17,1,25.04177,121.58735,1
500111070,20231108,731,18,17,1,25.04177,121.58735,1
500111070,20231108,732,18,17,1,25.04177,121.58735,1
500111070,20231108,733,18,17,1,25.04177,121.58735,1
500111070,20231108,734,18,17,1,25.04177,121.58735,1
500111070,20231108,735,18,17,1,25.04177,121.58735,1
500111070,20231108,736,18,17,1,25.04177,121.58735,1
500111070,20231108,737,18,17,1,25.04177,121.58735,1
500111070,20231108,739,18,17,1,25.04177,121.58735,1
500111070,20231108,741,18,18,1,25.04177,121.58735,0
500111070,20231108,742,18,18,1,25.04177,121.58735,0
500111070,20231108,743,18,18,1,25.04177,121.58735,0
500111070,20231108,744,18,18,1,25.04177,121.58735,0
500111070,20231108,746,18,18,1,25.04177,121.58735,0
500111070,20231108,747,18,18,1,25.04177,121.58735,0
500111070,20231108,748,18,18,1,25.04177,121.58735,0
500111070,20231108,749,18,18,1,25.04177,121.58735,0
500111070,20231108,751,18,18,1,25.04177,121.58735,0
500111070,20231108,752,18,18,1,25.04177,121.58735,0
500111070,20231108,753,18,18,1,25.04177,121.58735,0
500111070,20231108,754,18,18,1,25.04177,121.58735,0
500111070,20231108,755,18,18,1,25.04177,121.58735,0
500111070,20231108,756,18,18,1,25.04177,121.58735,0
500111070,20231108,757,18,18,1,25.04177,121.58735,0
500111070,20231108,758,18,18,1,25.04177,121.58735,0
500111070,20231108,759,18,18,1,25.04177,121.58735,0
500111070,20231108,760,18,18,1,25.04177,121.58735,0
500111070,20231108,761,18,18,1,25.04177,121.58735,0
500111070,20231108,762,18,18,1,25.04177,121.58735,0
500111070,20231108,763,18,18,1,25.04177,121.58735,0
500111070,20231108,764,18,18,1,25.04177,121.58735,0
500111070,20231108,765,18,18,1,25.04177,121.58735,0
500111070,20231108,766,18,18,1,25.04177,121.58735,0
500111070,20231108,767,18,18,1,25.04177,121.58735,0
500111070,20231108,768,18,18,1,25.04177,121.58735,0
500111070,20231108,769,18,18,1,25.04177,121.58735,0
500111070,20231108,770,18,18,1,25.04177,121.58735,0
500111070,20231108,771,18,18,1,25.04177,121.58735,0
500111070,20231108,772,18,18,1,25.04177,121.58735,0
500111070,20231108,773,18,18,1,25.04177,121.58735,0
500111070,20231108,774,18,18,1,25.04177,121.58735,0
500111070,20231108,775,18,18,1,25.04177,121.58735,0
500111070,20231108,776,18,18,1,25.04177,121.58735,0
500111070,20231108,777,18,18,1,25.04177,121.58735,0
500111070,20231108,778,18,18,1,25.04177,121.58735,0
500111070,20231108,779,18,18,1,25.04177,121.58735,0
500111070,20231108,781,18,18,1,25.04177,121.58735,0
500111070,20231108,782,18,18,1,25.04177,121.58735,0
500111070,20231108,783,18,18,1,25.04177,121.58735,0
500111070,20231108,784,18,17,1,25.04177,121.58735,1
500111070,20231108,785,18,17,1,25.04177,121.58735,1
500111070,20231108,786,18,17,1,25.04177,121.58735,1
500111070,20231108,787,18,17,1,25.04177,121.58735,1
500111070,20231108,788,18,18,1,25.04177,121.58735,0
500111070,20231108,789,18,18,1,25.04177,121.58735,0
500111070,20231108,790,18,18,1,25.04177,121.58735,0
500111070,20231108,791,18,16,1,25.04177,121.58735,2
500111070,20231108,792,18,18,1,25.04177,121.58735,0
500111070,20231108,793,18,18,1,25.04177,121.58735,0
500111070,20231108,794,18,18,1,25.04177,121.58735,0
500111070,20231108,795,18,18,1,25.04177,121.58735,0
500111070,20231108,796,18,18,1,25.04177,121.58735,0
500111070,20231108,797,18,18,1,25.04177,121.58735,0
500111070,20231108,798,18,18,1,25.04177,121.58735,0
500111070,20231108,799,18,18,1,25.04177,121.58735,0
500111070,20231108,801,18,18,1,25.04177,121.58735,0
500111070,20231108,802,18,18,1,25.04177,121.58735,0
500111070,20231108,803,18,18,1,25.04177,121.58735,0
500111070,20231108,804,18,18,1,25.04177,121.58735,0
500111070,20231108,805,18,18,1,25.04177,121.58735,0
500111070,20231108,806,18,18,1,25.04177,121.58735,0
500111070,20231108,807,18,18,1,25.04177,121.58735,0
500111070,20231108,808,18,18,1,25.04177,121.58735,0
500111070,20231108,809,18,18,1,25.04177,121.58735,0
500111070,20231108,811,18,18,1,25.04177,121.58735,0
500111070,20231108,812,18,18,1,25.04177,121.58735,0
500111070,20231108,813,18,18,1,25.04177,121.58735,0
500111070,20231108,814,18,18,1,25.04177,121.58735,0
500111070,20231108,815,18,18,1,25.04177,121.58735,0
500111070,20231108,816,18,18,1,25.04177,121.58735,0
500111070,20231108,817,18,18,1,25.04177,121.58735,0
500111070,20231108,818,18,18,1,25.04177,121.58735,0
500111070,20231108,819,18,18,1,25.04177,121.58735,0
500111070,20231108,820,18,18,1,25.04177,121.58735,0
500111070,20231108,821,18,18,1,25.04177,121.58735,0
500111070,20231108,822,18,18,1,25.04177,121.58735,0
500111070,20231108,823,18,18,1,25.04177,121.58735,0
500111070,20231108,824,18,18,1,25.04177,121.58735,0
500111070,20231108,825,18,18,1,25.04177,121.58735,0
500111070,20231108,826,18,18,1,25.04177,121.58735,0
500111070,20231108,827,18,18,1,25.04177,121.58735,0
500111070,20231108,828,18,18,1,25.04177,121.58735,0
500111070,20231108,829,18,18,1,25.04177,121.58735,0
500111070,20231108,830,18,18,1,25.04177,121.58735,0
500111070,20231108,831,18,18,1,25.04177,121.58735,0
500111070,20231108,832,18,18,1,25.04177,121.58735,0
500111070,20231108,833,18,18,1,25.04177,121.58735,0
500111070,20231108,834,18,18,1,25.04177,121.58735,0
500111070,20231108,835,18,18,1,25.04177,121.58735,0
500111070,20231108,836,18,18,1,25.04177,121.58735,0
500111070,20231108,837,18,18,1,25.04177,121.58735,0
500111070,20231108,838,18,18,1,25.04177,121.58735,0
500111070,20231108,839,18,18,1,25.04177,121.58735,0
500111070,20231108,841,18,16,1,25.04177,121.58735,2
500111070,20231108,842,18,16,1,25.04177,121.58735,2
500111070,20231108,843,18,16,1,25.04177,121.58735,2
500111070,20231108,844,18,16,1,25.04177,121.58735,2
500111070,20231108,845,18,16,1,25.04177,121.58735,2
500111070,20231108,846,18,16,1,25.04177,121.58735,2
500111070,20231108,847,18,16,1,25.04177,121.58735,2
500111070,20231108,848,18,16,1,25.04177,121.58735,2
500111070,20231108,849,18,16,1,25.04177,121.58735,2
500111070,20231108,850,18,16,1,25.04177,121.58735,2
500111070,20231108,851,18,16,1,25.04177,121.58735,2
500111070,20231108,852,18,16,1,25.04177,121.58735,2
500111070,20231108,853,18,16,1,25.04177,121.58735,2
500111070,20231108,854,18,16,1,25.04177,121.58735,2
500111070,20231108,856,18,16,1,25.04177,121.58735,2
500111070,20231108,857,18,16,1,25.04177,121.58735,2
500111070,20231108,858,18,15,1,25.04177,121.58735,3
500111070,20231108,859,18,15,1,25.04177,121.58735,3
500111070,20231108,861,18,17,1,25.04177,121.58735,1
500111070,20231108,862,18,17,1,25.04177,121.58735,1
500111070,20231108,863,18,17,1,25.04177,121.58735,1
500111070,20231108,864,18,17,1,25.04177,121.58735,1
500111070,20231108,865,18,17,1,25.04177,121.58735,1
500111070,20231108,866,18,17,1,25.04177,121.58735,1
500111070,20231108,867,18,18,1,25.04177,121.58735,0
500111070,20231108,868,18,18,1,25.04177,121.58735,0
500111070,20231108,869,18,18,1,25.04177,121.58735,0
500111070,20231108,871,18,18,1,25.04177,121.58735,0
500111070,20231108,872,18,18,1,25.04177,121.58735,0
500111070,20231108,873,18,18,1,25.04177,121.58735,0
500111070,20231108,874,18,18,1,25.04177,121.58735,0
500111070,20231108,875,18,18,1,25.04177,121.58735,0
500111070,20231108,876,18,18,1,25.04177,121.58735,0
500111070,20231108,877,18,18,1,25.04177,121.58735,0
500111070,20231108,878,18,18,1,25.04177,121.58735,0
500111070,20231108,879,18,18,1,25.04177,121.58735,0
500111070,20231108,880,18,18,1,25.04177,121.58735,0
500111070,20231108,881,18,17,1,25.04177,121.58735,1
500111070,20231108,882,18,17,1,25.04177,121.58735,1
500111070,20231108,883,18,17,1,25.04177,121.58735,1
500111070,20231108,884,18,17,1,25.04177,121.58735,1
500111070,20231108,885,18,17,1,25.04177,121.58735,1
500111070,20231108,886,18,17,1,25.04177,121.58735,1
500111070,20231108,887,18,17,1,25.04177,121.58735,1
500111070,20231108,888,18,17,1,25.04177,121.58735,1
500111070,20231108,889,18,17,1,25.04177,121.58735,1
500111070,20231108,890,18,17,1,25.04177,121.58735,1
500111070,20231108,891,18,17,1,25.04177,121.58735,1
500111070,20231108,892,18,18,1,25.04177,121.58735,0
500111070,20231108,893,18,18,1,25.04177,121.58735,0
500111070,20231108,894,18,17,1,25.04177,121.58735,1
500111070,20231108,895,18,17,1,25.04177,121.58735,1
500111070,20231108,896,18,15,1,25.04177,121.58735,3
500111070,20231108,897,18,15,1,25.04177,121.58735,3
500111070,20231108,898,18,15,1,25.04177,121.58735,3
500111070,20231108,899,18,15,1,25.04177,121.58735,3
500111070,20231108,901,18,15,1,25.04177,121.58735,3
500111070,20231108,902,18,15,1,25.04177,121.58735,3
500111070,20231108,904,18,15,1,25.04177,121.58735,3
500111070,20231108,905,18,15,1,25.04177,121.58735,3
500111070,20231108,906,18,15,1,25.04177,121.58735,3
500111070,20231108,907,18,15,1,25.04177,121.58735,3
500111070,20231108,908,18,16,1,25.04177,121.58735,2
500111070,20231108,909,18,16,1,25.04177,121.58735,2
500111070,20231108,910,18,17,1,25.04177,121.58735,1
500111070,20231108,911,18,17,1,25.04177,121.58735,1
500111070,20231108,912,18,17,1,25.04177,121.58735,1
500111070,20231108,913,18,18,1,25.04177,121.58735,0
500111070,20231108,914,18,18,1,25.04177,121.58735,0
500111070,20231108,915,18,18,1,25.04177,121.58735,0
500111070,20231108,916,18,18,1,25.04177,121.58735,0
500111070,20231108,917,18,18,1,25.04177,121.58735,0
500111070,20231108,918,18,18,1,25.04177,121.58735,0
500111070,20231108,919,18,18,1,25.04177,121.58735,0
500111070,20231108,921,18,18,1,25.04177,121.58735,0
500111070,20231108,922,18,18,1,25.04177,121.58735,0
500111070,20231108,923,18,18,1,25.04177,121.58735,0
500111070,20231108,924,18,16,1,25.04177,121.58735,2
500111070,20231108,925,18,17,1,25.04177,121.58735,1
500111070,20231108,926,18,17,1,25.04177,121.58735,1
500111070,20231108,927,18,17,1,25.04177,121.58735,1
500111070,20231108,928,18,17,1,25.04177,121.58735,1
500111070,20231108,929,18,17,1,25.04177,121.58735,1
500111070,20231108,931,18,17,1,25.04177,121.58735,1
500111070,20231108,932,18,17,1,25.04177,121.58735,1
500111070,20231108,933,18,17,1,25.04177,121.58735,1
500111070,20231108,934,18,17,1,25.04177,121.58735,1
500111070,20231108,935,18,17,1,25.04177,121.58735,1
500111070,20231108,936,18,17,1,25.04177,121.58735,1
500111070,20231108,937,18,17,1,25.04177,121.58735,1
500111070,20231108,938,18,17,1,25.04177,121.58735,1
500111070,20231108,939,18,17,1,25.04177,121.58735,1
500111070,20231108,940,18,18,1,25.04177,121.58735,0
500111070,20231108,941,18,18,1,25.04177,121.58735,0
500111070,20231108,942,18,18,1,25.04177,121.58735,0
500111070,20231108,943,18,18,1,25.04177,121.58735,0
500111070,20231108,944,18,18,1,25.04177,121.58735,0
500111070,20231108,945,18,18,1,25.04177,121.58735,0
500111070,20231108,946,18,18,1,25.04177,121.58735,0
500111070,20231108,947,18,18,1,25.04177,121.58735,0
500111070,20231108,948,18,18,1,25.04177,121.58735,0
500111070,20231108,949,18,18,1,25.04177,121.58735,0
500111070,20231108,950,18,18,1,25.04177,121.58735,0
500111070,20231108,951,18,18,1,25.04177,121.58735,0
500111070,20231108,952,18,18,1,25.04177,121.58735,0
500111070,20231108,953,18,18,1,25.04177,121.58735,0
500111070,20231108,954,18,18,1,25.04177,121.58735,0
500111070,20231108,955,18,18,1,25.04177,121.58735,0
500111070,20231108,956,18,18,1,25.04177,121.58735,0
500111070,20231108,957,18,18,1,25.04177,121.58735,0
500111070,20231108,958,18,18,1,25.04177,121.58735,0
500111070,20231108,959,18,18,1,25.04177,121.58735,0
500111070,20231108,961,18,18,1,25.04177,121.58735,0
500111070,20231108,962,18,18,1,25.04177,121.58735,0
500111070,20231108,963,18,18,1,25.04177,121.58735,0
500111070,20231108,964,18,18,1,25.04177,121.58735,0
500111070,20231108,965,18,18,1,25.04177,121.58735,0
500111070,20231108,966,18,18,1,25.04177,121.58735,0
500111070,20231108,967,18,18,1,25.04177,121.58735,0
500111070,20231108,968,18,18,1,25.04177,121.58735,0
500111070,20231108,969,18,18,1,25.04177,121.58735,0
500111070,20231108,970,18,18,1,25.04177,121.58735,0
500111070,20231108,971,18,18,1,25.04177,121.58735,0
500111070,20231108,972,18,18,1,25.04177,121.58735,0
500111070,20231108,973,18,18,1,25.04177,121.58735,0
500111070,20231108,974,18,18,1,25.04177,121.58735,0
500111070,20231108,975,18,17,1,25.04177,121.58735,1
500111070,20231108,976,18,17,1,25.04177,121.58735,1
500111070,20231108,977,18,17,1,25.04177,121.58735,1
500111070,20231108,978,18,17,1,25.04177,121.58735,1
500111070,20231108,979,18,17,1,25.04177,121.58735,1
500111070,20231108,981,18,17,1,25.04177,121.58735,1
500111070,20231108,982,18,17,1,25.04177,121.58735,1
500111070,20231108,983,18,17,1,25.04177,121.58735,1
500111070,20231108,984,18,17,1,25.04177,121.58735,1
500111070,20231108,985,18,17,1,25.04177,121.58735,1
500111070,20231108,986,18,17,1,25.04177,121.58735,1
500111070,20231108,987,18,17,1,25.04177,121.58735,1
500111070,20231108,988,18,18,1,25.04177,121.58735,0
500111070,20231108,989,18,17,1,25.04177,121.58735,1
500111070,20231108,991,18,17,1,25.04177,121.58735,1
500111070,20231108,992,18,17,1,25.04177,121.58735,1
500111070,20231108,993,18,17,1,25.04177,121.58735,1
500111070,20231108,994,18,17,1,25.04177,121.58735,1
500111070,20231108,995,18,17,1,25.04177,121.58735,1
500111070,20231108,996,18,17,1,25.04177,121.58735,1
500111070,20231108,997,18,17,1,25.04177,121.58735,1
500111070,20231108,998,18,17,1,25.04177,121.58735,1
500111070,20231108,999,18,16,1,25.04177,121.58735,2
500111070,20231108,1000,18,16,1,25.04177,121.58735,2
500111070,20231108,1001,18,16,1,25.04177,121.58735,2
500111070,20231108,1002,18,16,1,25.04177,121.58735,2
500111070,20231108,1003,18,17,1,25.04177,121.58735,1
500111070,20231108,1004,18,16,1,25.04177,121.58735,2
500111070,20231108,1005,18,17,1,25.04177,121.58735,1
500111070,20231108,1006,18,18,1,25.04177,121.58735,0
500111070,20231108,1007,18,18,1,25.04177,121.58735,0
500111070,20231108,1008,18,17,1,25.04177,121.58735,1
500111070,20231108,1009,18,17,1,25.04177,121.58735,1
500111070,20231108,1010,18,17,1,25.04177,121.58735,1
500111070,20231108,1011,18,17,1,25.04177,121.58735,1
500111070,20231108,1012,18,16,1,25.04177,121.58735,2
500111070,20231108,1013,18,16,1,25.04177,121.58735,2
500111070,20231108,1014,18,16,1,25.04177,121.58735,2
500111070,20231108,1015,18,16,1,25.04177,121.58735,2
500111070,20231108,1016,18,16,1,25.04177,121.58735,2
500111070,20231108,1017,18,16,1,25.04177,121.58735,2
500111070,20231108,1018,18,16,1,25.04177,121.58735,2
500111070,20231108,1019,18,16,1,25.04177,121.58735,2
500111070,20231108,1021,18,16,1,25.04177,121.58735,2
500111070,20231108,1022,18,16,1,25.04177,121.58735,2
500111070,20231108,1023,18,16,1,25.04177,121.58735,2
500111070,20231108,1024,18,15,1,25.04177,121.58735,3
500111070,20231108,1025,18,16,1,25.04177,121.58735,2
500111070,20231108,1026,18,18,1,25.04177,121.58735,0
500111070,20231108,1027,18,18,1,25.04177,121.58735,0
500111070,20231108,1028,18,17,1,25.04177,121.58735,1
500111070,20231108,1029,18,17,1,25.04177,121.58735,1
500111070,20231108,1030,18,17,1,25.04177,121.58735,1
500111070,20231108,1031,18,17,1,25.04177,121.58735,1
500111070,20231108,1032,18,18,1,25.04177,121.58735,0
500111070,20231108,1033,18,18,1,25.04177,121.58735,0
500111070,20231108,1034,18,18,1,25.04177,121.58735,0
500111070,20231108,1035,18,17,1,25.04177,121.58735,1
500111070,20231108,1036,18,17,1,25.04177,121.58735,1
500111070,20231108,1037,18,17,1,25.04177,121.58735,1
500111070,20231108,1038,18,16,1,25.04177,121.58735,2
500111070,20231108,1039,18,15,1,25.04177,121.58735,3
500111070,20231108,1041,18,13,1,25.04177,121.58735,5
500111070,20231108,1042,18,11,1,25.04177,121.58735,7
500111070,20231108,1043,18,11,1,25.04177,121.58735,7
500111070,20231108,1044,18,11,1,25.04177,121.58735,7
500111070,20231108,1045,18,11,1,25.04177,121.58735,7
500111070,20231108,1046,18,11,1,25.04177,121.58735,7
500111070,20231108,1047,18,11,1,25.04177,121.58735,7
500111070,20231108,1048,18,13,1,25.04177,121.58735,5
500111070,20231108,1049,18,14,1,25.04177,121.58735,4
500111070,20231108,1051,18,15,1,25.04177,121.58735,3
500111070,20231108,1052,18,15,1,25.04177,121.58735,3
500111070,20231108,1053,18,15,1,25.04177,121.58735,3
500111070,20231108,1054,18,15,1,25.04177,121.58735,3
500111070,20231108,1055,18,15,1,25.04177,121.58735,3
500111070,20231108,1056,18,15,1,25.04177,121.58735,3
500111070,20231108,1057,18,15,1,25.04177,121.58735,3
500111070,20231108,1058,18,15,1,25.04177,121.58735,3
500111070,20231108,1059,18,15,1,25.04177,121.58735,3
500111070,20231108,1060,18,13,1,25.04177,121.58735,5
500111070,20231108,1061,18,13,1,25.04177,121.58735,5
500111070,20231108,1062,18,13,1,25.04177,121.58735,5
500111070,20231108,1063,18,13,1,25.04177,121.58735,5
500111070,20231108,1064,18,13,1,25.04177,121.58735,5
500111070,20231108,1065,18,12,1,25.04177,121.58735,6
500111070,20231108,1066,18,12,1,25.04177,121.58735,6
500111070,20231108,1067,18,12,1,25.04177,121.58735,6
500111070,20231108,1068,18,11,1,25.04177,121.58735,7
500111070,20231108,1069,18,10,1,25.04177,121.58735,8
500111070,20231108,1070,18,10,1,25.04177,121.58735,8
500111070,20231108,1071,18,10,1,25.04177,121.58735,8
500111070,20231108,1072,18,10,1,25.04177,121.58735,8
500111070,20231108,1073,18,9,1,25.04177,121.58735,9
500111070,20231108,1074,18,9,1,25.04177,121.58735,9
500111070,20231108,1075,18,9,1,25.04177,121.58735,9
500111070,20231108,1076,18,5,1,25.04177,121.58735,13
500111070,20231108,1077,18,4,1,25.04177,121.58735,14
500111070,20231108,1078,18,4,1,25.04177,121.58735,14
500111070,20231108,1079,18,3,1,25.04177,121.58735,15
500111070,20231108,1081,18,2,1,25.04177,121.58735,16
500111070,20231108,1082,18,2,1,25.04177,121.58735,16
500111070,20231108,1083,18,2,1,25.04177,121.58735,16
500111070,20231108,1084,18,2,1,25.04177,121.58735,16
500111070,20231108,1085,18,2,1,25.04177,121.58735,16
500111070,20231108,1086,18,1,1,25.04177,121.58735,17
500111070,20231108,1087,18,1,1,25.04177,121.58735,17
500111070,20231108,1088,18,1,1,25.04177,121.58735,17
500111070,20231108,1089,18,1,1,25.04177,121.58735,17
500111070,20231108,1090,18,1,1,25.04177,121.58735,17
500111070,20231108,1091,18,1,1,25.04177,121.58735,17
500111070,20231108,1092,18,1,1,25.04177,121.58735,17
500111070,20231108,1093,18,1,1,25.04177,121.58735,17
500111070,20231108,1094,18,4,1,25.04177,121.58735,14
500111070,20231108,1095,18,12,1,25.04177,121.58735,6
500111070,20231108,1096,18,17,1,25.04177,121.58735,1
500111070,20231108,1097,18,18,1,25.04177,121.58735,0
500111070,20231108,1098,18,17,1,25.04177,121.58735,1
500111070,20231108,1099,18,18,1,25.04177,121.58735,0
500111070,20231108,1101,18,18,1,25.04177,121.58735,0
500111070,20231108,1102,18,18,1,25.04177,121.58735,0
500111070,20231108,1103,18,17,1,25.04177,121.58735,1
500111070,20231108,1104,18,16,1,25.04177,121.58735,2
500111070,20231108,1105,18,15,1,25.04177,121.58735,3
500111070,20231108,1106,18,15,1,25.04177,121.58735,3
500111070,20231108,1107,18,15,1,25.04177,121.58735,3
500111070,20231108,1108,18,16,1,25.04177,121.58735,2
500111070,20231108,1109,18,16,1,25.04177,121.58735,2
500111070,20231108,1111,18,16,1,25.04177,121.58735,2
500111070,20231108,1112,18,16,1,25.04177,121.58735,2
500111070,20231108,1113,18,15,1,25.04177,121.58735,3
500111070,20231108,1114,18,14,1,25.04177,121.58735,4
500111070,20231108,1115,18,14,1,25.04177,121.58735,4
500111070,20231108,1116,18,14,1,25.04177,121.58735,4
500111070,20231108,1117,18,14,1,25.04177,121.58735,4
500111070,20231108,1118,18,14,1,25.04177,121.58735,4
500111070,20231108,1119,18,15,1,25.04177,121.58735,3
500111070,20231108,1120,18,15,1,25.04177,121.58735,3
500111070,20231108,1121,18,15,1,25.04177,121.58735,3
500111070,20231108,1122,18,15,1,25.04177,121.58735,3
500111070,20231108,1123,18,15,1,25.04177,121.58735,3
500111070,20231108,1124,18,15,1,25.04177,121.58735,3
500111070,20231108,1125,18,15,1,25.04177,121.58735,3
500111070,20231108,1126,18,15,1,25.04177,121.58735,3
500111070,20231108,1127,18,15,1,25.04177,121.58735,3
500111070,20231108,1128,18,15,1,25.04177,121.58735,3
500111070,20231108,1129,18,14,1,25.04177,121.58735,4
500111070,20231108,1130,18,14,1,25.04177,121.58735,4
500111070,20231108,1131,18,13,1,25.04177,121.58735,5
500111070,20231108,1132,18,12,1,25.04177,121.58735,6
500111070,20231108,1133,18,11,1,25.04177,121.58735,7
500111070,20231108,1134,18,11,1,25.04177,121.58735,7
500111070,20231108,1135,18,11,1,25.04177,121.58735,7
500111070,20231108,1136,18,11,1,25.04177,121.58735,7
500111070,20231108,1137,18,11,1,25.04177,121.58735,7
500111070,20231108,1138,18,11,1,25.04177,121.58735,7
500111070,20231108,1139,18,11,1,25.04177,121.58735,7
500111070,20231108,1141,18,11,1,25.04177,121.58735,7
500111070,20231108,1142,18,10,1,25.04177,121.58735,8
500111070,20231108,1143,18,10,1,25.04177,121.58735,8
500111070,20231108,1144,18,10,1,25.04177,121.58735,8
500111070,20231108,1145,18,10,1,25.04177,121.58735,8
500111070,20231108,1146,18,9,1,25.04177,121.58735,9
500111070,20231108,1147,18,9,1,25.04177,121.58735,9
500111070,20231108,1148,18,9,1,25.04177,121.58735,9
500111070,20231108,1149,18,11,1,25.04177,121.58735,7
500111070,20231108,1150,18,11,1,25.04177,121.58735,7
500111070,20231108,1151,18,11,1,25.04177,121.58735,7
500111070,20231108,1153,18,11,1,25.04177,121.58735,7
500111070,20231108,1154,18,11,1,25.04177,121.58735,7
500111070,20231108,1155,18,10,1,25.04177,121.58735,8
500111070,20231108,1156,18,10,1,25.04177,121.58735,8
500111070,20231108,1157,18,9,1,25.04177,121.58735,9
500111070,20231108,1158,18,8,1,25.04177,121.58735,10
500111070,20231108,1159,18,8,1,25.04177,121.58735,10
500111070,20231108,1161,18,8,1,25.04177,121.58735,10
500111070,20231108,1162,18,8,1,25.04177,121.58735,10
500111070,20231108,1163,18,8,1,25.04177,121.58735,10
500111070,20231108,1164,18,8,1,25.04177,121.58735,10
500111070,20231108,1165,18,8,1,25.04177,121.58735,10
500111070,20231108,1166,18,8,1,25.04177,121.58735,10
500111070,20231108,1167,18,8,1,25.04177,121.58735,10
500111070,20231108,1168,18,8,1,25.04177,121.58735,10
500111070,20231108,1169,18,8,1,25.04177,121.58735,10
500111070,20231108,1171,18,8,1,25.04177,121.58735,10
500111070,20231108,1172,18,7,1,25.04177,121.58735,11
500111070,20231108,1173,18,6,1,25.04177,121.58735,12
500111070,20231108,1174,18,6,1,25.04177,121.58735,12
500111070,20231108,1175,18,6,1,25.04177,121.58735,12
500111070,20231108,1176,18,6,1,25.04177,121.58735,12
500111070,20231108,1177,18,5,1,25.04177,121.58735,13
500111070,20231108,1178,18,5,1,25.04177,121.58735,13
500111070,20231108,1179,18,5,1,25.04177,121.58735,13
500111070,20231108,1180,18,5,1,25.04177,121.58735,13
500111070,20231108,1181,18,5,1,25.04177,121.58735,13
500111070,20231108,1182,18,5,1,25.04177,121.58735,13
500111070,20231108,1183,18,4,1,25.04177,121.58735,14
500111070,20231108,1184,18,4,1,25.04177,121.58735,14
500111070,20231108,1185,18,5,1,25.04177,121.58735,13
500111070,20231108,1186,18,4,1,25.04177,121.58735,14
500111070,20231108,1187,18,4,1,25.04177,121.58735,14
500111070,20231108,1188,18,4,1,25.04177,121.58735,14
500111070,20231108,1189,18,4,1,25.04177,121.58735,14
500111070,20231108,1190,18,3,1,25.04177,121.58735,15
500111070,20231108,1191,18,3,1,25.04177,121.58735,15
500111070,20231108,1192,18,3,1,25.04177,121.58735,15
500111070,20231108,1193,18,3,1,25.04177,121.58735,15
500111070,20231108,1194,18,3,1,25.04177,121.58735,15
500111070,20231108,1195,18,3,1,25.04177,121.58735,15
500111070,20231108,1196,18,2,1,25.04177,121.58735,16
500111070,20231108,1197,18,2,1,25.04177,121.58735,16
500111070,20231108,1198,18,1,1,25.04177,121.58735,17
500111070,20231108,1199,18,1,1,25.04177,121.58735,17
500111070,20231108,1201,18,0,1,25.04177,121.58735,18
500111070,20231108,1202,18,0,1,25.04177,121.58735,18
500111070,20231108,1203,18,1,1,25.04177,121.58735,17
500111070,20231108,1204,18,1,1,25.04177,121.58735,17
500111070,20231108,1205,18,1,1,25.04177,121.58735,17
500111070,20231108,1206,18,1,1,25.04177,121.58735,17
500111070,20231108,1207,18,1,1,25.04177,121.58735,17
500111070,20231108,1208,18,1,1,25.04177,121.58735,17
500111070,20231108,1209,18,1,1,25.04177,121.58735,17
500111070,20231108,1210,18,1,1,25.04177,121.58735,17
500111070,20231108,1211,18,1,1,25.04177,121.58735,17
500111070,20231108,1212,18,1,1,25.04177,121.58735,17
500111070,20231108,1213,18,2,1,25.04177,121.58735,16
500111070,20231108,1214,18,3,1,25.04177,121.58735,15
500111070,20231108,1215,18,6,1,25.04177,121.58735,12
500111070,20231108,1216,18,8,1,25.04177,121.58735,10
500111070,20231108,1217,18,8,1,25.04177,121.58735,10
500111070,20231108,1218,18,11,1,25.04177,121.58735,7
500111070,20231108,1219,18,12,1,25.04177,121.58735,6
500111070,20231108,1221,18,12,1,25.04177,121.58735,6
500111070,20231108,1222,18,12,1,25.04177,121.58735,6
500111070,20231108,1223,18,11,1,25.04177,121.58735,7
500111070,20231108,1224,18,11,1,25.04177,121.58735,7
500111070,20231108,1225,18,11,1,25.04177,121.58735,7
500111070,20231108,1226,18,11,1,25.04177,121.58735,7
500111070,20231108,1227,18,11,1,25.04177,121.58735,7
500111070,20231108,1228,18,11,1,25.04177,121.58735,7
500111070,20231108,1229,18,11,1,25.04177,121.58735,7
500111070,20231108,1231,18,11,1,25.04177,121.58735,7
500111070,20231108,1232,18,11,1,25.04177,121.58735,7
500111070,20231108,1233,18,10,1,25.04177,121.58735,8
500111070,20231108,1234,18,10,1,25.04177,121.58735,8
500111070,20231108,1235,18,9,1,25.04177,121.58735,9
500111070,20231108,1236,18,9,1,25.04177,121.58735,9
500111070,20231108,1237,18,9,1,25.04177,121.58735,9
500111070,20231108,1238,18,9,1,25.04177,121.58735,9
500111070,20231108,1239,18,9,1,25.04177,121.58735,9
500111070,20231108,1240,18,9,1,25.04177,121.58735,9
500111070,20231108,1241,18,9,1,25.04177,121.58735,9
500111070,20231108,1242,18,9,1,25.04177,121.58735,9
500111070,20231108,1243,18,9,1,25.04177,121.58735,9
500111070,20231108,1244,18,9,1,25.04177,121.58735,9
500111070,20231108,1245,18,9,1,25.04177,121.58735,9
500111070,20231108,1246,18,9,1,25.04177,121.58735,9
500111070,20231108,1247,18,9,1,25.04177,121.58735,9
500111070,20231108,1248,18,9,1,25.04177,121.58735,9
500111070,20231108,1249,18,9,1,25.04177,121.58735,9
500111070,20231108,1250,18,9,1,25.04177,121.58735,9
500111070,20231108,1251,18,9,1,25.04177,121.58735,9
500111070,20231108,1252,18,9,1,25.04177,121.58735,9
500111070,20231108,1253,18,9,1,25.04177,121.58735,9
500111070,20231108,1254,18,9,1,25.04177,121.58735,9
500111070,20231108,1255,18,9,1,25.04177,121.58735,9
500111070,20231108,1256,18,10,1,25.04177,121.58735,8
500111070,20231108,1257,18,10,1,25.04177,121.58735,8
500111070,20231108,1258,18,9,1,25.04177,121.58735,9
500111070,20231108,1259,18,9,1,25.04177,121.58735,9
500111070,20231108,1261,18,9,1,25.04177,121.58735,9
500111070,20231108,1262,18,9,1,25.04177,121.58735,9
500111070,20231108,1263,18,9,1,25.04177,121.58735,9
500111070,20231108,1264,18,9,1,25.04177,121.58735,9
500111070,20231108,1265,18,9,1,25.04177,121.58735,9
500111070,20231108,1266,18,9,1,25.04177,121.58735,9
500111070,20231108,1267,18,9,1,25.04177,121.58735,9
500111070,20231108,1268,18,9,1,25.04177,121.58735,9
500111070,20231108,1269,18,9,1,25.04177,121.58735,9
500111070,20231108,1270,18,9,1,25.04177,121.58735,9
500111070,20231108,1271,18,9,1,25.04177,121.58735,9
500111070,20231108,1272,18,9,1,25.04177,121.58735,9
500111070,20231108,1273,18,9,1,25.04177,121.58735,9
500111070,20231108,1274,18,9,1,25.04177,121.58735,9
500111070,20231108,1275,18,9,1,25.04177,121.58735,9
500111070,20231108,1276,18,9,1,25.04177,121.58735,9
500111070,20231108,1277,18,9,1,25.04177,121.58735,9
500111070,20231108,1278,18,8,1,25.04177,121.58735,10
500111070,20231108,1279,18,7,1,25.04177,121.58735,11
500111070,20231108,1281,18,3,1,25.04177,121.58735,15
500111070,20231108,1282,18,2,1,25.04177,121.58735,16
500111070,20231108,1283,18,2,1,25.04177,121.58735,16
500111070,20231108,1284,18,1,1,25.04177,121.58735,17
500111070,20231108,1285,18,1,1,25.04177,121.58735,17
500111070,20231108,1286,18,1,1,25.04177,121.58735,17
500111070,20231108,1287,18,1,1,25.04177,121.58735,17
500111070,20231108,1288,18,1,1,25.04177,121.58735,17
500111070,20231108,1289,18,0,1,25.04177,121.58735,18
500111070,20231108,1291,18,0,1,25.04177,121.58735,18
500111070,20231108,1292,18,0,1,25.04177,121.58735,18
500111070,20231108,1293,18,0,1,25.04177,121.58735,18
500111070,20231108,1294,18,3,1,25.04177,121.58735,15
500111070,20231108,1295,18,3,1,25.04177,121.58735,15
500111070,20231108,1296,18,2,1,25.04177,121.58735,16
500111070,20231108,1297,18,2,1,25.04177,121.58735,16
500111070,20231108,1298,18,2,1,25.04177,121.58735,16
500111070,20231108,1299,18,2,1,25.04177,121.58735,16
500111070,20231108,1300,18,2,1,25.04177,121.58735,16
500111070,20231108,1301,18,2,1,25.04177,121.58735,16
500111070,20231108,1302,18,2,1,25.04177,121.58735,16
500111070,20231108,1303,18,2,1,25.04177,121.58735,16
500111070,20231108,1304,18,2,1,25.04177,121.58735,16
500111070,20231108,1305,18,2,1,25.04177,121.58735,16
500111070,20231108,1306,18,1,1,25.04177,121.58735,17
500111070,20231108,1308,18,1,1,25.04177,121.58735,17
500111070,20231108,1309,18,1,1,25.04177,121.58735,17
500111070,20231108,1310,18,3,1,25.04177,121.58735,15
500111070,20231108,1311,18,5,1,25.04177,121.58735,13
500111070,20231108,1312,18,7,1,25.04177,121.58735,11
500111070,20231108,1313,18,7,1,25.04177,121.58735,11
500111070,20231108,1314,18,11,1,25.04177,121.58735,7
500111070,20231108,1315,18,11,1,25.04177,121.58735,7
500111070,20231108,1316,18,13,1,25.04177,121.58735,5
500111070,20231108,1317,18,13,1,25.04177,121.58735,5
500111070,20231108,1318,18,13,1,25.04177,121.58735,5
500111070,20231108,1319,18,14,1,25.04177,121.58735,4
500111070,20231108,1321,18,17,1,25.04177,121.58735,1
500111070,20231108,1322,18,17,1,25.04177,121.58735,1
500111070,20231108,1323,18,17,1,25.04177,121.58735,1
500111070,20231108,1324,18,17,1,25.04177,121.58735,1
500111070,20231108,1325,18,16,1,25.04177,121.58735,2
500111070,20231108,1326,18,16,1,25.04177,121.58735,2
500111070,20231108,1327,18,16,1,25.04177,121.58735,2
500111070,20231108,1328,18,16,1,25.04177,121.58735,2
500111070,20231108,1329,18,16,1,25.04177,121.58735,2
500111070,20231108,1330,18,16,1,25.04177,121.58735,2
500111070,20231108,1331,18,16,1,25.04177,121.58735,2
500111070,20231108,1332,18,16,1,25.04177,121.58735,2
500111070,20231108,1333,18,16,1,25.04177,121.58735,2
500111070,20231108,1334,18,15,1,25.04177,121.58735,3
500111070,20231108,1335,18,15,1,25.04177,121.58735,3
500111070,20231108,1336,18,15,1,25.04177,121.58735,3
500111070,20231108,1337,18,15,1,25.04177,121.58735,3
500111070,20231108,1338,18,14,1,25.04177,121.58735,4
500111070,20231108,1339,18,14,1,25.04177,121.58735,4
500111070,20231108,1341,18,14,1,25.04177,121.58735,4
500111070,20231108,1342,18,14,1,25.04177,121.58735,4
500111070,20231108,1343,18,13,1,25.04177,121.58735,5
500111070,20231108,1344,18,13,1,25.04177,121.58735,5
500111070,20231108,1345,18,13,1,25.04177,121.58735,5
500111070,20231108,1346,18,13,1,25.04177,121.58735,5
500111070,20231108,1347,18,13,1,25.04177,121.58735,5
500111070,20231108,1348,18,13,1,25.04177,121.58735,5
500111070,20231108,1349,18,12,1,25.04177,121.58735,6
500111070,20231108,1350,18,12,1,25.04177,121.58735,6
500111070,20231108,1351,18,12,1,25.04177,121.58735,6
500111070,20231108,1352,18,12,1,25.04177,121.58735,6
500111070,20231108,1353,18,12,1,25.04177,121.58735,6
500111070,20231108,1354,18,12,1,25.04177,121.58735,6
500111070,20231108,1355,18,12,1,25.04177,121.58735,6
500111070,20231108,1356,18,12,1,25.04177,121.58735,6
500111070,20231108,1357,18,12,1,25.04177,121.58735,6
500111070,20231108,1358,18,12,1,25.04177,121.58735,6
500111070,20231108,1359,18,12,1,25.04177,121.58735,6
500111070,20231108,1360,18,12,1,25.04177,121.58735,6
500111070,20231108,1361,18,12,1,25.04177,121.58735,6
500111070,20231108,1362,18,11,1,25.04177,121.58735,7
500111070,20231108,1363,18,11,1,25.04177,121.58735,7
500111070,20231108,1364,18,11,1,25.04177,121.58735,7
500111070,20231108,1365,18,11,1,25.04177,121.58735,7
500111070,20231108,1366,18,9,1,25.04177,121.58735,9
500111070,20231108,1367,18,9,1,25.04177,121.58735,9
500111070,20231108,1368,18,9,1,25.04177,121.58735,9
500111070,20231108,1369,18,9,1,25.04177,121.58735,9
500111070,20231108,1370,18,9,1,25.04177,121.58735,9
500111070,20231108,1371,18,9,1,25.04177,121.58735,9
500111070,20231108,1372,18,9,1,25.04177,121.58735,9
500111070,20231108,1373,18,9,1,25.04177,121.58735,9
500111070,20231108,1374,18,9,1,25.04177,121.58735,9
500111070,20231108,1375,18,9,1,25.04177,121.58735,9
500111070,20231108,1376,18,9,1,25.04177,121.58735,9
500111070,20231108,1377,18,8,1,25.04177,121.58735,10
500111070,20231108,1378,18,8,1,25.04177,121.58735,10
500111070,20231108,1379,18,8,1,25.04177,121.58735,10
500111070,20231108,1381,18,8,1,25.04177,121.58735,10
500111070,20231108,1382,18,8,1,25.04177,121.58735,10
500111070,20231108,1383,18,8,1,25.04177,121.58735,10
500111070,20231108,1384,18,8,1,25.04177,121.58735,10
500111070,20231108,1385,18,8,1,25.04177,121.58735,10
500111070,20231108,1386,18,8,1,25.04177,121.58735,10
500111070,20231108,1387,18,8,1,25.04177,121.58735,10
500111070,20231108,1389,18,8,1,25.04177,121.58735,10
500111070,20231108,1391,18,9,1,25.04177,121.58735,9
500111070,20231108,1392,18,9,1,25.04177,121.58735,9
500111070,20231108,1393,18,9,1,25.04177,121.58735,9
500111070,20231108,1394,18,9,1,25.04177,121.58735,9
500111070,20231108,1395,18,9,1,25.04177,121.58735,9
500111070,20231108,1396,18,9,1,25.04177,121.58735,9
500111070,20231108,1397,18,9,1,25.04177,121.58735,9
500111070,20231108,1398,18,9,1,25.04177,121.58735,9
500111070,20231108,1399,18,9,1,25.04177,121.58735,9
500111070,20231108,1401,18,10,1,25.04177,121.58735,8
500111070,20231108,1402,18,10,1,25.04177,121.58735,8
500111070,20231108,1403,18,10,1,25.04177,121.58735,8
500111070,20231108,1404,18,10,1,25.04177,121.58735,8
500111070,20231108,1405,18,10,1,25.04177,121.58735,8
500111070,20231108,1406,18,11,1,25.04177,121.58735,7
500111070,20231108,1407,18,11,1,25.04177,121.58735,7
500111070,20231108,1408,18,11,1,25.04177,121.58735,7
500111070,20231108,1409,18,11,1,25.04177,121.58735,7
500111070,20231108,1410,18,11,1,25.04177,121.58735,7
500111070,20231108,1411,18,11,1,25.04177,121.58735,7
500111070,20231108,1412,18,11,1,25.04177,121.58735,7
500111070,20231108,1413,18,11,1,25.04177,121.58735,7
500111070,20231108,1414,18,11,1,25.04177,121.58735,7
500111070,20231108,1415,18,11,1,25.04177,121.58735,7
500111070,20231108,1416,18,11,1,25.04177,121.58735,7
500111070,20231108,1417,18,11,1,25.04177,121.58735,7
500111070,20231108,1418,18,11,1,25.04177,121.58735,7
500111070,20231108,1419,18,11,1,25.04177,121.58735,7
500111070,20231108,1420,18,11,1,25.04177,121.58735,7
500111070,20231108,1421,18,10,1,25.04177,121.58735,8
500111070,20231108,1422,18,10,1,25.04177,121.58735,8
500111070,20231108,1423,18,10,1,25.04177,121.58735,8
500111070,20231108,1424,18,10,1,25.04177,121.58735,8
500111070,20231108,1425,18,10,1,25.04177,121.58735,8
500111070,20231108,1426,18,10,1,25.04177,121.58735,8
500111070,20231108,1427,18,10,1,25.04177,121.58735,8
500111070,20231108,1428,18,10,1,25.04177,121.58735,8
500111070,20231108,1429,18,10,1,25.04177,121.58735,8
500111070,20231108,1430,18,10,1,25.04177,121.58735,8
500111070,20231108,1431,18,10,1,25.04177,121.58735,8
500111070,20231108,1432,18,9,1,25.04177,121.58735,9
500111070,20231108,1433,18,9,1,25.04177,121.58735,9
500111070,20231108,1434,18,9,1,25.04177,121.58735,9
500111070,20231108,1435,18,9,1,25.04177,121.58735,9
500111070,20231108,1436,18,9,1,25.04177,121.58735,9
500111070,20231108,1437,18,9,1,25.04177,121.58735,9
500111070,20231108,1438,18,9,1,25.04177,121.58735,9
500111070,20231108,1439,18,9,1,25.04177,121.58735,9
500111070,20231109,1,18,8,1,25.04177,121.58735,10
500111070,20231109,2,18,8,1,25.04177,121.58735,10
500111070,20231109,3,18,8,1,25.04177,121.58735,10
500111070,20231109,4,18,8,1,25.04177,121.58735,10
500111070,20231109,5,18,8,1,25.04177,121.58735,10
500111070,20231109,6,18,8,1,25.04177,121.58735,10
500111070,20231109,7,18,8,1,25.04177,121.58735,10
500111070,20231109,8,18,8,1,25.04177,121.58735,10
500111070,20231109,9,18,8,1,25.04177,121.58735,10
500111070,20231109,10,18,8,1,25.04177,121.58735,10
500111070,20231109,11,18,7,1,25.04177,121.58735,11
500111070,20231109,12,18,7,1,25.04177,121.58735,11
500111070,20231109,13,18,7,1,25.04177,121.58735,11
500111070,20231109,14,18,7,1,25.04177,121.58735,11
500111070,20231109,15,18,7,1,25.04177,121.58735,11
500111070,20231109,16,18,7,1,25.04177,121.58735,11
500111070,20231109,17,18,7,1,25.04177,121.58735,11
500111070,20231109,18,18,7,1,25.04177,121.58735,11
500111070,20231109,19,18,7,1,25.04177,121.58735,11
500111070,20231109,21,18,7,1,25.04177,121.58735,11
500111070,20231109,22,18,7,1,25.04177,121.58735,11
500111070,20231109,24,18,7,1,25.04177,121.58735,11
500111070,20231109,25,18,7,1,25.04177,121.58735,11
500111070,20231109,26,18,7,1,25.04177,121.58735,11
500111070,20231109,27,18,7,1,25.04177,121.58735,11
500111070,20231109,28,18,7,1,25.04177,121.58735,11
500111070,20231109,29,18,7,1,25.04177,121.58735,11
500111070,20231109,31,18,7,1,25.04177,121.58735,11
500111070,20231109,32,18,7,1,25.04177,121.58735,11
500111070,20231109,33,18,7,1,25.04177,121.58735,11
500111070,20231109,34,18,7,1,25.04177,121.58735,11
500111070,20231109,35,18,7,1,25.04177,121.58735,11
500111070,20231109,36,18,7,1,25.04177,121.58735,11
500111070,20231109,37,18,7,1,25.04177,121.58735,11
500111070,20231109,39,18,7,1,25.04177,121.58735,11
500111070,20231109,41,18,6,1,25.04177,121.58735,12
500111070,20231109,42,18,6,1,25.04177,121.58735,12
500111070,20231109,43,18,6,1,25.04177,121.58735,12
500111070,20231109,44,18,6,1,25.04177,121.58735,12
500111070,20231109,45,18,6,1,25.04177,121.58735,12
500111070,20231109,46,18,6,1,25.04177,121.58735,12
500111070,20231109,47,18,6,1,25.04177,121.58735,12
500111070,20231109,48,18,6,1,25.04177,121.58735,12
500111070,20231109,49,18,6,1,25.04177,121.58735,12
500111070,20231109,51,18,6,1,25.04177,121.58735,12
500111070,20231109,52,18,6,1,25.04177,121.58735,12
500111070,20231109,53,18,6,1,25.04177,121.58735,12
500111070,20231109,54,18,6,1,25.04177,121.58735,12
500111070,20231109,55,18,6,1,25.04177,121.58735,12
500111070,20231109,56,18,6,1,25.04177,121.58735,12
500111070,20231109,58,18,6,1,25.04177,121.58735,12
500111070,20231109,59,18,5,1,25.04177,121.58735,13
500111070,20231109,61,18,4,1,25.04177,121.58735,14
500111070,20231109,62,18,4,1,25.04177,121.58735,14
500111070,20231109,63,18,4,1,25.04177,121.58735,14
500111070,20231109,64,18,4,1,25.04177,121.58735,14
500111070,20231109,65,18,4,1,25.04177,121.58735,14
500111070,20231109,66,18,4,1,25.04177,121.58735,14
500111070,20231109,67,18,4,1,25.04177,121.58735,14
500111070,20231109,68,18,4,1,25.04177,121.58735,14
500111070,20231109,69,18,4,1,25.04177,121.58735,14
500111070,20231109,71,18,4,1,25.04177,121.58735,14
500111070,20231109,72,18,4,1,25.04177,121.58735,14
500111070,20231109,73,18,4,1,25.04177,121.58735,14
500111070,20231109,74,18,4,1,25.04177,121.58735,14
500111070,20231109,75,18,4,1,25.04177,121.58735,14
500111070,20231109,76,18,4,1,25.04177,121.58735,14
500111070,20231109,77,18,4,1,25.04177,121.58735,14
500111070,20231109,78,18,4,1,25.04177,121.58735,14
500111070,20231109,79,18,4,1,25.04177,121.58735,14
500111070,20231109,81,18,4,1,25.04177,121.58735,14
500111070,20231109,82,18,4,1,25.04177,121.58735,14
500111070,20231109,83,18,4,1,25.04177,121.58735,14
500111070,20231109,84,18,4,1,25.04177,121.58735,14
500111070,20231109,85,18,4,1,25.04177,121.58735,14
500111070,20231109,86,18,4,1,25.04177,121.58735,14
500111070,20231109,87,18,4,1,25.04177,121.58735,14
500111070,20231109,88,18,4,1,25.04177,121.58735,14
500111070,20231109,89,18,4,1,25.04177,121.58735,14
500111070,20231109,91,18,4,1,25.04177,121.58735,14
500111070,20231109,92,18,4,1,25.04177,121.58735,14
500111070,20231109,93,18,4,1,25.04177,121.58735,14
500111070,20231109,94,18,4,1,25.04177,121.58735,14
500111070,20231109,95,18,4,1,25.04177,121.58735,14
500111070,20231109,96,18,4,1,25.04177,121.58735,14
500111070,20231109,97,18,4,1,25.04177,121.58735,14
500111070,20231109,98,18,4,1,25.04177,121.58735,14
500111070,20231109,99,18,4,1,25.04177,121.58735,14
500111070,20231109,101,18,4,1,25.04177,121.58735,14
500111070,20231109,102,18,4,1,25.04177,121.58735,14
500111070,20231109,103,18,4,1,25.04177,121.58735,14
500111070,20231109,104,18,4,1,25.04177,121.58735,14
500111070,20231109,105,18,4,1,25.04177,121.58735,14
500111070,20231109,106,18,4,1,25.04177,121.58735,14
500111070,20231109,107,18,4,1,25.04177,121.58735,14
500111070,20231109,108,18,4,1,25.04177,121.58735,14
500111070,20231109,109,18,4,1,25.04177,121.58735,14
500111070,20231109,111,18,4,1,25.04177,121.58735,14
500111070,20231109,112,18,4,1,25.04177,121.58735,14
500111070,20231109,113,18,4,1,25.04177,121.58735,14
500111070,20231109,114,18,4,1,25.04177,121.58735,14
500111070,20231109,115,18,4,1,25.04177,121.58735,14
500111070,20231109,116,18,4,1,25.04177,121.58735,14
500111070,20231109,117,18,4,1,25.04177,121.58735,14
500111070,20231109,118,18,4,1,25.04177,121.58735,14
500111070,20231109,119,18,4,1,25.04177,121.58735,14
500111070,20231109,121,18,4,1,25.04177,121.58735,14
500111070,20231109,122,18,4,1,25.04177,121.58735,14
500111070,20231109,123,18,4,1,25.04177,121.58735,14
500111070,20231109,124,18,4,1,25.04177,121.58735,14
500111070,20231109,125,18,4,1,25.04177,121.58735,14
500111070,20231109,126,18,4,1,25.04177,121.58735,14
500111070,20231109,127,18,4,1,25.04177,121.58735,14
500111070,20231109,128,18,4,1,25.04177,121.58735,14
500111070,20231109,129,18,4,1,25.04177,121.58735,14
500111070,20231109,130,18,4,1,25.04177,121.58735,14
500111070,20231109,131,18,4,1,25.04177,121.58735,14
500111070,20231109,132,18,4,1,25.04177,121.58735,14
500111070,20231109,133,18,4,1,25.04177,121.58735,14
500111070,20231109,134,18,4,1,25.04177,121.58735,14
500111070,20231109,135,18,4,1,25.04177,121.58735,14
500111070,20231109,136,18,4,1,25.04177,121.58735,14
500111070,20231109,137,18,4,1,25.04177,121.58735,14
500111070,20231109,138,18,4,1,25.04177,121.58735,14
500111070,20231109,139,18,4,1,25.04177,121.58735,14
500111070,20231109,141,18,4,1,25.04177,121.58735,14
500111070,20231109,142,18,4,1,25.04177,121.58735,14
500111070,20231109,143,18,4,1,25.04177,121.58735,14
500111070,20231109,144,18,4,1,25.04177,121.58735,14
500111070,20231109,145,18,4,1,25.04177,121.58735,14
500111070,20231109,146,18,4,1,25.04177,121.58735,14
500111070,20231109,147,18,4,1,25.04177,121.58735,14
500111070,20231109,148,18,4,1,25.04177,121.58735,14
500111070,20231109,149,18,4,1,25.04177,121.58735,14
500111070,20231109,150,18,4,1,25.04177,121.58735,14
500111070,20231109,151,18,4,1,25.04177,121.58735,14
500111070,20231109,152,18,4,1,25.04177,121.58735,14
500111070,20231109,153,18,4,1,25.04177,121.58735,14
500111070,20231109,154,18,4,1,25.04177,121.58735,14
500111070,20231109,155,18,4,1,25.04177,121.58735,14
500111070,20231109,156,18,4,1,25.04177,121.58735,14
500111070,20231109,157,18,4,1,25.04177,121.58735,14
500111070,20231109,158,18,3,1,25.04177,121.58735,15
500111070,20231109,159,18,3,1,25.04177,121.58735,15
500111070,20231109,160,18,3,1,25.04177,121.58735,15
500111070,20231109,161,18,3,1,25.04177,121.58735,15
500111070,20231109,162,18,3,1,25.04177,121.58735,15
500111070,20231109,163,18,3,1,25.04177,121.58735,15
500111070,20231109,164,18,3,1,25.04177,121.58735,15
500111070,20231109,165,18,3,1,25.04177,121.58735,15
500111070,20231109,166,18,3,1,25.04177,121.58735,15
500111070,20231109,167,18,3,1,25.04177,121.58735,15
500111070,20231109,168,18,3,1,25.04177,121.58735,15
500111070,20231109,169,18,3,1,25.04177,121.58735,15
500111070,20231109,170,18,3,1,25.04177,121.58735,15
500111070,20231109,171,18,3,1,25.04177,121.58735,15
500111070,20231109,172,18,3,1,25.04177,121.58735,15
500111070,20231109,173,18,3,1,25.04177,121.58735,15
500111070,20231109,174,18,3,1,25.04177,121.58735,15
500111070,20231109,175,18,3,1,25.04177,121.58735,15
500111070,20231109,176,18,3,1,25.04177,121.58735,15
500111070,20231109,177,18,3,1,25.04177,121.58735,15
500111070,20231109,178,18,3,1,25.04177,121.58735,15
500111070,20231109,179,18,3,1,25.04177,121.58735,15
500111070,20231109,180,18,3,1,25.04177,121.58735,15
500111070,20231109,181,18,3,1,25.04177,121.58735,15
500111070,20231109,182,18,3,1,25.04177,121.58735,15
500111070,20231109,183,18,3,1,25.04177,121.58735,15
500111070,20231109,184,18,3,1,25.04177,121.58735,15
500111070,20231109,185,18,3,1,25.04177,121.58735,15
500111070,20231109,186,18,3,1,25.04177,121.58735,15
500111070,20231109,187,18,3,1,25.04177,121.58735,15
500111070,20231109,188,18,3,1,25.04177,121.58735,15
500111070,20231109,189,18,3,1,25.04177,121.58735,15
500111070,20231109,190,18,3,1,25.04177,121.58735,15
500111070,20231109,191,18,3,1,25.04177,121.58735,15
500111070,20231109,192,18,3,1,25.04177,121.58735,15
500111070,20231109,193,18,3,1,25.04177,121.58735,15
500111070,20231109,194,18,3,1,25.04177,121.58735,15
500111070,20231109,195,18,3,1,25.04177,121.58735,15
500111070,20231109,196,18,3,1,25.04177,121.58735,15
500111070,20231109,197,18,3,1,25.04177,121.58735,15
500111070,20231109,198,18,3,1,25.04177,121.58735,15
500111070,20231109,199,18,3,1,25.04177,121.58735,15
500111070,20231109,201,18,3,1,25.04177,121.58735,15
500111070,20231109,202,18,3,1,25.04177,121.58735,15
500111070,20231109,203,18,3,1,25.04177,121.58735,15
500111070,20231109,204,18,3,1,25.04177,121.58735,15
500111070,20231109,205,18,3,1,25.04177,121.58735,15
500111070,20231109,206,18,3,1,25.04177,121.58735,15
500111070,20231109,207,18,3,1,25.04177,121.58735,15
500111070,20231109,208,18,3,1,25.04177,121.58735,15
500111070,20231109,209,18,3,1,25.04177,121.58735,15
500111070,20231109,210,18,3,1,25.04177,121.58735,15
500111070,20231109,211,18,3,1,25.04177,121.58735,15
500111070,20231109,212,18,3,1,25.04177,121.58735,15
500111070,20231109,213,18,3,1,25.04177,121.58735,15
500111070,20231109,214,18,3,1,25.04177,121.58735,15
500111070,20231109,215,18,3,1,25.04177,121.58735,15
500111070,20231109,216,18,3,1,25.04177,121.58735,15
500111070,20231109,217,18,3,1,25.04177,121.58735,15
500111070,20231109,218,18,3,1,25.04177,121.58735,15
500111070,20231109,219,18,3,1,25.04177,121.58735,15
500111070,20231109,220,18,3,1,25.04177,121.58735,15
500111070,20231109,221,18,3,1,25.04177,121.58735,15
500111070,20231109,222,18,3,1,25.04177,121.58735,15
500111070,20231109,223,18,3,1,25.04177,121.58735,15
500111070,20231109,224,18,3,1,25.04177,121.58735,15
500111070,20231109,225,18,3,1,25.04177,121.58735,15
500111070,20231109,226,18,3,1,25.04177,121.58735,15
500111070,20231109,227,18,3,1,25.04177,121.58735,15
500111070,20231109,228,18,3,1,25.04177,121.58735,15
500111070,20231109,229,18,3,1,25.04177,121.58735,15
500111070,20231109,230,18,3,1,25.04177,121.58735,15
500111070,20231109,231,18,3,1,25.04177,121.58735,15
500111070,20231109,232,18,3,1,25.04177,121.58735,15
500111070,20231109,233,18,3,1,25.04177,121.58735,15
500111070,20231109,234,18,3,1,25.04177,121.58735,15
500111070,20231109,235,18,3,1,25.04177,121.58735,15
500111070,20231109,236,18,3,1,25.04177,121.58735,15
500111070,20231109,237,18,3,1,25.04177,121.58735,15
500111070,20231109,238,18,3,1,25.04177,121.58735,15
500111070,20231109,239,18,3,1,25.04177,121.58735,15
500111070,20231109,241,18,3,1,25.04177,121.58735,15
500111070,20231109,242,18,3,1,25.04177,121.58735,15
500111070,20231109,243,18,3,1,25.04177,121.58735,15
500111070,20231109,244,18,3,1,25.04177,121.58735,15
500111070,20231109,245,18,3,1,25.04177,121.58735,15
500111070,20231109,246,18,3,1,25.04177,121.58735,15
500111070,20231109,247,18,3,1,25.04177,121.58735,15
500111070,20231109,248,18,3,1,25.04177,121.58735,15
500111070,20231109,249,18,3,1,25.04177,121.58735,15
500111070,20231109,250,18,3,1,25.04177,121.58735,15
500111070,20231109,251,18,3,1,25.04177,121.58735,15
500111070,20231109,252,18,3,1,25.04177,121.58735,15
500111070,20231109,253,18,3,1,25.04177,121.58735,15
500111070,20231109,254,18,3,1,25.04177,121.58735,15
500111070,20231109,255,18,3,1,25.04177,121.58735,15
500111070,20231109,256,18,3,1,25.04177,121.58735,15
500111070,20231109,257,18,3,1,25.04177,121.58735,15
500111070,20231109,258,18,3,1,25.04177,121.58735,15
500111070,20231109,259,18,3,1,25.04177,121.58735,15
500111070,20231109,261,18,3,1,25.04177,121.58735,15
500111070,20231109,262,18,3,1,25.04177,121.58735,15
500111070,20231109,263,18,3,1,25.04177,121.58735,15
500111070,20231109,264,18,3,1,25.04177,121.58735,15
500111070,20231109,265,18,3,1,25.04177,121.58735,15
500111070,20231109,266,18,3,1,25.04177,121.58735,15
500111070,20231109,267,18,3,1,25.04177,121.58735,15
500111070,20231109,268,18,3,1,25.04177,121.58735,15
500111070,20231109,269,18,3,1,25.04177,121.58735,15
500111070,20231109,270,18,3,1,25.04177,121.58735,15
500111070,20231109,271,18,3,1,25.04177,121.58735,15
500111070,20231109,272,18,3,1,25.04177,121.58735,15
500111070,20231109,273,18,3,1,25.04177,121.58735,15
500111070,20231109,274,18,3,1,25.04177,121.58735,15
500111070,20231109,275,18,3,1,25.04177,121.58735,15
500111070,20231109,277,18,3,1,25.04177,121.58735,15
500111070,20231109,278,18,3,1,25.04177,121.58735,15
500111070,20231109,279,18,3,1,25.04177,121.58735,15
500111070,20231109,281,18,3,1,25.04177,121.58735,15
500111070,20231109,282,18,3,1,25.04177,121.58735,15
500111070,20231109,283,18,3,1,25.04177,121.58735,15
500111070,20231109,284,18,3,1,25.04177,121.58735,15
500111070,20231109,285,18,3,1,25.04177,121.58735,15
500111070,20231109,286,18,3,1,25.04177,121.58735,15
500111070,20231109,287,18,3,1,25.04177,121.58735,15
500111070,20231109,288,18,3,1,25.04177,121.58735,15
500111070,20231109,289,18,3,1,25.04177,121.58735,15
500111070,20231109,291,18,3,1,25.04177,121.58735,15
500111070,20231109,292,18,3,1,25.04177,121.58735,15
500111070,20231109,293,18,3,1,25.04177,121.58735,15
500111070,20231109,294,18,3,1,25.04177,121.58735,15
500111070,20231109,295,18,3,1,25.04177,121.58735,15
500111070,20231109,296,18,3,1,25.04177,121.58735,15
500111070,20231109,297,18,3,1,25.04177,121.58735,15
500111070,20231109,298,18,3,1,25.04177,121.58735,15
500111070,20231109,299,18,3,1,25.04177,121.58735,15
500111070,20231109,301,18,3,1,25.04177,121.58735,15
500111070,20231109,302,18,3,1,25.04177,121.58735,15
500111070,20231109,303,18,3,1,25.04177,121.58735,15
500111070,20231109,304,18,3,1,25.04177,121.58735,15
500111070,20231109,305,18,3,1,25.04177,121.58735,15
500111070,20231109,306,18,3,1,25.04177,121.58735,15
500111070,20231109,307,18,3,1,25.04177,121.58735,15
500111070,20231109,308,18,3,1,25.04177,121.58735,15
500111070,20231109,309,18,3,1,25.04177,121.58735,15
500111070,20231109,311,18,3,1,25.04177,121.58735,15
500111070,20231109,312,18,3,1,25.04177,121.58735,15
500111070,20231109,313,18,3,1,25.04177,121.58735,15
500111070,20231109,314,18,3,1,25.04177,121.58735,15
500111070,20231109,315,18,3,1,25.04177,121.58735,15
500111070,20231109,316,18,3,1,25.04177,121.58735,15
500111070,20231109,317,18,3,1,25.04177,121.58735,15
500111070,20231109,318,18,3,1,25.04177,121.58735,15
500111070,20231109,319,18,3,1,25.04177,121.58735,15
500111070,20231109,321,18,3,1,25.04177,121.58735,15
500111070,20231109,322,18,3,1,25.04177,121.58735,15
500111070,20231109,323,18,3,1,25.04177,121.58735,15
500111070,20231109,324,18,3,1,25.04177,121.58735,15
500111070,20231109,325,18,3,1,25.04177,121.58735,15
500111070,20231109,326,18,3,1,25.04177,121.58735,15
500111070,20231109,327,18,3,1,25.04177,121.58735,15
500111070,20231109,328,18,3,1,25.04177,121.58735,15
500111070,20231109,329,18,3,1,25.04177,121.58735,15
500111070,20231109,331,18,3,1,25.04177,121.58735,15
500111070,20231109,332,18,3,1,25.04177,121.58735,15
500111070,20231109,333,18,3,1,25.04177,121.58735,15
500111070,20231109,334,18,3,1,25.04177,121.58735,15
500111070,20231109,335,18,3,1,25.04177,121.58735,15
500111070,20231109,336,18,3,1,25.04177,121.58735,15
500111070,20231109,337,18,3,1,25.04177,121.58735,15
500111070,20231109,338,18,3,1,25.04177,121.58735,15
500111070,20231109,339,18,3,1,25.04177,121.58735,15
500111070,20231109,341,18,3,1,25.04177,121.58735,15
500111070,20231109,342,18,3,1,25.04177,121.58735,15
500111070,20231109,343,18,3,1,25.04177,121.58735,15
500111070,20231109,344,18,3,1,25.04177,121.58735,15
500111070,20231109,345,18,3,1,25.04177,121.58735,15
500111070,20231109,346,18,3,1,25.04177,121.58735,15
500111070,20231109,347,18,3,1,25.04177,121.58735,15
500111070,20231109,348,18,3,1,25.04177,121.58735,15
500111070,20231109,349,18,3,1,25.04177,121.58735,15
500111070,20231109,351,18,4,1,25.04177,121.58735,14
500111070,20231109,352,18,4,1,25.04177,121.58735,14
500111070,20231109,353,18,4,1,25.04177,121.58735,14
500111070,20231109,354,18,4,1,25.04177,121.58735,14
500111070,20231109,355,18,4,1,25.04177,121.58735,14
500111070,20231109,356,18,4,1,25.04177,121.58735,14
500111070,20231109,357,18,4,1,25.04177,121.58735,14
500111070,20231109,358,18,4,1,25.04177,121.58735,14
500111070,20231109,359,18,4,1,25.04177,121.58735,14
500111070,20231109,361,18,4,1,25.04177,121.58735,14
500111070,20231109,362,18,4,1,25.04177,121.58735,14
500111070,20231109,363,18,4,1,25.04177,121.58735,14
500111070,20231109,364,18,4,1,25.04177,121.58735,14
500111070,20231109,365,18,4,1,25.04177,121.58735,14
500111070,20231109,366,18,4,1,25.04177,121.58735,14
500111070,20231109,367,18,4,1,25.04177,121.58735,14
500111070,20231109,368,18,4,1,25.04177,121.58735,14
500111070,20231109,369,18,4,1,25.04177,121.58735,14
500111070,20231109,371,18,4,1,25.04177,121.58735,14
500111070,20231109,372,18,4,1,25.04177,121.58735,14
500111070,20231109,373,18,4,1,25.04177,121.58735,14
500111070,20231109,374,18,4,1,25.04177,121.58735,14
500111070,20231109,375,18,4,1,25.04177,121.58735,14
500111070,20231109,376,18,4,1,25.04177,121.58735,14
500111070,20231109,377,18,4,1,25.04177,121.58735,14
500111070,20231109,378,18,4,1,25.04177,121.58735,14
500111070,20231109,379,18,4,1,25.04177,121.58735,14
500111070,20231109,381,18,5,1,25.04177,121.58735,13
500111070,20231109,382,18,5,1,25.04177,121.58735,13
500111070,20231109,383,18,4,1,25.04177,121.58735,14
500111070,20231109,384,18,4,1,25.04177,121.58735,14
500111070,20231109,385,18,4,1,25.04177,121.58735,14
500111070,20231109,386,18,4,1,25.04177,121.58735,14
500111070,20231109,387,18,4,1,25.04177,121.58735,14
500111070,20231109,388,18,4,1,25.04177,121.58735,14
500111070,20231109,389,18,4,1,25.04177,121.58735,14
500111070,20231109,390,18,4,1,25.04177,121.58735,14
500111070,20231109,391,18,4,1,25.04177,121.58735,14
500111070,20231109,392,18,4,1,25.04177,121.58735,14
500111070,20231109,393,18,4,1,25.04177,121.58735,14
500111070,20231109,394,18,4,1,25.04177,121.58735,14
500111070,20231109,395,18,3,1,25.04177,121.58735,15
500111070,20231109,396,18,3,1,25.04177,121.58735,15
500111070,20231109,397,18,3,1,25.04177,121.58735,15
500111070,20231109,398,18,3,1,25.04177,121.58735,15
500111070,20231109,399,18,3,1,25.04177,121.58735,15
500111070,20231109,400,18,4,1,25.04177,121.58735,14
500111070,20231109,401,18,4,1,25.04177,121.58735,14
500111070,20231109,402,18,4,1,25.04177,121.58735,14
500111070,20231109,403,18,4,1,25.04177,121.58735,14
500111070,20231109,404,18,4,1,25.04177,121.58735,14
500111070,20231109,405,18,4,1,25.04177,121.58735,14
500111070,20231109,406,18,5,1,25.04177,121.58735,13
500111070,20231109,407,18,5,1,25.04177,121.58735,13
500111070,20231109,408,18,5,1,25.04177,121.58735,13
500111070,20231109,409,18,5,1,25.04177,121.58735,13
500111070,20231109,410,18,6,1,25.04177,121.58735,12
500111070,20231109,411,18,6,1,25.04177,121.58735,12
500111070,20231109,412,18,6,1,25.04177,121.58735,12
500111070,20231109,413,18,6,1,25.04177,121.58735,12
500111070,20231109,414,18,6,1,25.04177,121.58735,12
500111070,20231109,415,18,6,1,25.04177,121.58735,12
500111070,20231109,416,18,6,1,25.04177,121.58735,12
500111070,20231109,417,18,7,1,25.04177,121.58735,11
500111070,20231109,418,18,7,1,25.04177,121.58735,11
500111070,20231109,419,18,7,1,25.04177,121.58735,11
500111070,20231109,421,18,8,1,25.04177,121.58735,10
500111070,20231109,422,18,8,1,25.04177,121.58735,10
500111070,20231109,423,18,8,1,25.04177,121.58735,10
500111070,20231109,424,18,8,1,25.04177,121.58735,10
500111070,20231109,425,18,8,1,25.04177,121.58735,10
500111070,20231109,426,18,8,1,25.04177,121.58735,10
500111070,20231109,427,18,9,1,25.04177,121.58735,9
500111070,20231109,428,18,9,1,25.04177,121.58735,9
500111070,20231109,429,18,9,1,25.04177,121.58735,9
500111070,20231109,430,18,8,1,25.04177,121.58735,10
500111070,20231109,431,18,8,1,25.04177,121.58735,10
500111070,20231109,432,18,8,1,25.04177,121.58735,10
500111070,20231109,433,18,8,1,25.04177,121.58735,10
500111070,20231109,434,18,8,1,25.04177,121.58735,10
500111070,20231109,435,18,9,1,25.04177,121.58735,9
500111070,20231109,436,18,9,1,25.04177,121.58735,9
500111070,20231109,437,18,9,1,25.04177,121.58735,9
500111070,20231109,438,18,9,1,25.04177,121.58735,9
500111070,20231109,439,18,9,1,25.04177,121.58735,9
500111070,20231109,441,18,10,1,25.04177,121.58735,8
500111070,20231109,442,18,12,1,25.04177,121.58735,6
500111070,20231109,443,18,12,1,25.04177,121.58735,6
500111070,20231109,444,18,12,1,25.04177,121.58735,6
500111070,20231109,445,18,12,1,25.04177,121.58735,6
500111070,20231109,446,18,12,1,25.04177,121.58735,6
500111070,20231109,447,18,12,1,25.04177,121.58735,6
500111070,20231109,448,18,13,1,25.04177,121.58735,5
500111070,20231109,449,18,13,1,25.04177,121.58735,5
500111070,20231109,451,18,13,1,25.04177,121.58735,5
500111070,20231109,452,18,13,1,25.04177,121.58735,5
500111070,20231109,453,18,13,1,25.04177,121.58735,5
500111070,20231109,454,18,13,1,25.04177,121.58735,5
500111070,20231109,455,18,15,1,25.04177,121.58735,3
500111070,20231109,456,18,15,1,25.04177,121.58735,3
500111070,20231109,457,18,16,1,25.04177,121.58735,2
500111070,20231109,458,18,16,1,25.04177,121.58735,2
500111070,20231109,459,18,17,1,25.04177,121.58735,1
500111070,20231109,460,18,17,1,25.04177,121.58735,1
500111070,20231109,461,18,17,1,25.04177,121.58735,1
500111070,20231109,462,18,17,1,25.04177,121.58735,1
500111070,20231109,463,18,17,1,25.04177,121.58735,1
500111070,20231109,464,18,17,1,25.04177,121.58735,1
500111070,20231109,465,18,17,1,25.04177,121.58735,1
500111070,20231109,466,18,17,1,25.04177,121.58735,1
500111070,20231109,467,18,17,1,25.04177,121.58735,1
500111070,20231109,468,18,17,1,25.04177,121.58735,1
500111070,20231109,469,18,17,1,25.04177,121.58735,1
500111070,20231109,470,18,17,1,25.04177,121.58735,1
500111070,20231109,471,18,17,1,25.04177,121.58735,1
500111070,20231109,472,18,17,1,25.04177,121.58735,1
500111070,20231109,473,18,17,1,25.04177,121.58735,1
500111070,20231109,474,18,17,1,25.04177,121.58735,1
500111070,20231109,475,18,17,1,25.04177,121.58735,1
500111070,20231109,476,18,17,1,25.04177,121.58735,1
500111070,20231109,477,18,17,1,25.04177,121.58735,1
500111070,20231109,478,18,17,1,25.04177,121.58735,1
500111070,20231109,479,18,17,1,25.04177,121.58735,1
500111070,20231109,481,18,18,1,25.04177,121.58735,0
500111070,20231109,482,18,18,1,25.04177,121.58735,0
500111070,20231109,483,18,18,1,25.04177,121.58735,0
500111070,20231109,484,18,18,1,25.04177,121.58735,0
500111070,20231109,485,18,18,1,25.04177,121.58735,0
500111070,20231109,486,18,18,1,25.04177,121.58735,0
500111070,20231109,487,18,18,1,25.04177,121.58735,0
500111070,20231109,488,18,18,1,25.04177,121.58735,0
500111070,20231109,489,18,18,1,25.04177,121.58735,0
500111070,20231109,490,18,18,1,25.04177,121.58735,0
500111070,20231109,491,18,18,1,25.04177,121.58735,0
500111070,20231109,492,18,18,1,25.04177,121.58735,0
500111070,20231109,493,18,18,1,25.04177,121.58735,0
500111070,20231109,494,18,18,1,25.04177,121.58735,0
500111070,20231109,495,18,18,1,25.04177,121.58735,0
500111070,20231109,496,18,18,1,25.04177,121.58735,0
500111070,20231109,497,18,18,1,25.04177,121.58735,0
500111070,20231109,498,18,18,1,25.04177,121.58735,0
500111070,20231109,499,18,18,1,25.04177,121.58735,0
500111070,20231109,501,18,12,1,25.04177,121.58735,6
500111070,20231109,502,18,10,1,25.04177,121.58735,8
500111070,20231109,503,18,6,1,25.04177,121.58735,12
500111070,20231109,504,18,6,1,25.04177,121.58735,12
500111070,20231109,505,18,6,1,25.04177,121.58735,12
500111070,20231109,506,18,1,1,25.04177,121.58735,17
500111070,20231109,507,18,2,1,25.04177,121.58735,16
500111070,20231109,508,18,3,1,25.04177,121.58735,15
500111070,20231109,509,18,4,1,25.04177,121.58735,14
500111070,20231109,511,18,3,1,25.04177,121.58735,15
500111070,20231109,512,18,2,1,25.04177,121.58735,16
500111070,20231109,513,18,2,1,25.04177,121.58735,16
500111070,20231109,514,18,2,1,25.04177,121.58735,16
500111070,20231109,515,18,3,1,25.04177,121.58735,15
500111070,20231109,516,18,3,1,25.04177,121.58735,15
500111070,20231109,517,18,4,1,25.04177,121.58735,14
500111070,20231109,518,18,4,1,25.04177,121.58735,14
500111070,20231109,519,18,4,1,25.04177,121.58735,14
500111070,20231109,520,18,4,1,25.04177,121.58735,14
500111070,20231109,521,18,4,1,25.04177,121.58735,14
500111070,20231109,522,18,4,1,25.04177,121.58735,14
500111070,20231109,523,18,5,1,25.04177,121.58735,13
500111070,20231109,524,18,5,1,25.04177,121.58735,13
500111070,20231109,525,18,5,1,25.04177,121.58735,13
500111070,20231109,526,18,6,1,25.04177,121.58735,12
500111070,20231109,527,18,5,1,25.04177,121.58735,13
500111070,20231109,528,18,5,1,25.04177,121.58735,13
500111070,20231109,529,18,5,1,25.04177,121.58735,13
500111070,20231109,530,18,5,1,25.04177,121.58735,13
500111070,20231109,531,18,6,1,25.04177,121.58735,12
500111070,20231109,532,18,6,1,25.04177,121.58735,12
500111070,20231109,533,18,7,1,25.04177,121.58735,11
500111070,20231109,534,18,7,1,25.04177,121.58735,11
500111070,20231109,535,18,7,1,25.04177,121.58735,11
500111070,20231109,536,18,8,1,25.04177,121.58735,10
500111070,20231109,538,18,9,1,25.04177,121.58735,9
500111070,20231109,539,18,10,1,25.04177,121.58735,8
500111070,20231109,541,18,10,1,25.04177,121.58735,8
500111070,20231109,542,18,11,1,25.04177,121.58735,7
500111070,20231109,543,18,11,1,25.04177,121.58735,7
500111070,20231109,544,18,11,1,25.04177,121.58735,7
500111070,20231109,545,18,11,1,25.04177,121.58735,7
500111070,20231109,546,18,11,1,25.04177,121.58735,7
500111070,20231109,547,18,11,1,25.04177,121.58735,7
500111070,20231109,548,18,13,1,25.04177,121.58735,5
500111070,20231109,549,18,13,1,25.04177,121.58735,5
500111070,20231109,551,18,14,1,25.04177,121.58735,4
500111070,20231109,552,18,14,1,25.04177,121.58735,4
500111070,20231109,553,18,13,1,25.04177,121.58735,5
500111070,20231109,554,18,15,1,25.04177,121.58735,3
500111070,20231109,555,18,16,1,25.04177,121.58735,2
500111070,20231109,556,18,16,1,25.04177,121.58735,2
500111070,20231109,557,18,16,1,25.04177,121.58735,2
500111070,20231109,558,18,15,1,25.04177,121.58735,3
500111070,20231109,559,18,15,1,25.04177,121.58735,3
500111070,20231109,561,18,15,1,25.04177,121.58735,3
500111070,20231109,562,18,16,1,25.04177,121.58735,2
500111070,20231109,563,18,17,1,25.04177,121.58735,1
500111070,20231109,564,18,17,1,25.04177,121.58735,1
500111070,20231109,565,18,17,1,25.04177,121.58735,1
500111070,20231109,566,18,16,1,25.04177,121.58735,2
500111070,20231109,567,18,17,1,25.04177,121.58735,1
500111070,20231109,568,18,17,1,25.04177,121.58735,1
500111070,20231109,569,18,17,1,25.04177,121.58735,1
500111070,20231109,571,18,18,1,25.04177,121.58735,0
500111070,20231109,572,18,18,1,25.04177,121.58735,0
500111070,20231109,574,18,18,1,25.04177,121.58735,0
500111070,20231109,575,18,18,1,25.04177,121.58735,0
500111070,20231109,576,18,18,1,25.04177,121.58735,0
500111070,20231109,577,18,18,1,25.04177,121.58735,0
500111070,20231109,578,18,18,1,25.04177,121.58735,0
500111070,20231109,579,18,18,1,25.04177,121.58735,0
500111070,20231109,581,18,18,1,25.04177,121.58735,0
500111070,20231109,582,18,18,1,25.04177,121.58735,0
500111070,20231109,583,18,18,1,25.04177,121.58735,0
500111070,20231109,584,18,18,1,25.04177,121.58735,0
500111070,20231109,585,18,18,1,25.04177,121.58735,0
500111070,20231109,586,18,18,1,25.04177,121.58735,0
500111070,20231109,587,18,18,1,25.04177,121.58735,0
500111070,20231109,588,18,17,1,25.04177,121.58735,1
500111070,20231109,589,18,17,1,25.04177,121.58735,1
500111070,20231109,591,18,17,1,25.04177,121.58735,1
500111070,20231109,592,18,17,1,25.04177,121.58735,1
500111070,20231109,593,18,17,1,25.04177,121.58735,1
500111070,20231109,594,18,17,1,25.04177,121.58735,1
500111070,20231109,595,18,17,1,25.04177,121.58735,1
500111070,20231109,596,18,17,1,25.04177,121.58735,1
500111070,20231109,597,18,17,1,25.04177,121.58735,1
500111070,20231109,598,18,17,1,25.04177,121.58735,1
500111070,20231109,599,18,17,1,25.04177,121.58735,1
500111070,20231109,601,18,17,1,25.04177,121.58735,1
500111070,20231109,602,18,17,1,25.04177,121.58735,1
500111070,20231109,603,18,17,1,25.04177,121.58735,1
500111070,20231109,604,18,17,1,25.04177,121.58735,1
500111070,20231109,605,18,17,1,25.04177,121.58735,1
500111070,20231109,606,18,17,1,25.04177,121.58735,1
500111070,20231109,607,18,17,1,25.04177,121.58735,1
500111070,20231109,608,18,17,1,25.04177,121.58735,1
500111070,20231109,609,18,17,1,25.04177,121.58735,1
500111070,20231109,611,18,18,1,25.04177,121.58735,0
500111070,20231109,612,18,18,1,25.04177,121.58735,0
500111070,20231109,613,18,18,1,25.04177,121.58735,0
500111070,20231109,614,18,18,1,25.04177,121.58735,0
500111070,20231109,615,18,18,1,25.04177,121.58735,0
500111070,20231109,616,18,18,1,25.04177,121.58735,0
500111070,20231109,617,18,18,1,25.04177,121.58735,0
500111070,20231109,618,18,18,1,25.04177,121.58735,0
500111070,20231109,619,18,18,1,25.04177,121.58735,0
500111070,20231109,621,18,18,1,25.04177,121.58735,0
500111070,20231109,622,18,18,1,25.04177,121.58735,0
500111070,20231109,623,18,18,1,25.04177,121.58735,0
500111070,20231109,624,18,18,1,25.04177,121.58735,0
500111070,20231109,625,18,18,1,25.04177,121.58735,0
500111070,20231109,626,18,18,1,25.04177,121.58735,0
500111070,20231109,627,18,18,1,25.04177,121.58735,0
500111070,20231109,628,18,18,1,25.04177,121.58735,0
500111070,20231109,629,18,18,1,25.04177,121.58735,0
500111070,20231109,631,18,18,1,25.04177,121.58735,0
500111070,20231109,632,18,18,1,25.04177,121.58735,0
500111070,20231109,633,18,18,1,25.04177,121.58735,0
500111070,20231109,634,18,18,1,25.04177,121.58735,0
500111070,20231109,635,18,18,1,25.04177,121.58735,0
500111070,20231109,636,18,18,1,25.04177,121.58735,0
500111070,20231109,638,18,18,1,25.04177,121.58735,0
500111070,20231109,639,18,18,1,25.04177,121.58735,0
500111070,20231109,641,18,18,1,25.04177,121.58735,0
500111070,20231109,642,18,18,1,25.04177,121.58735,0
500111070,20231109,643,18,18,1,25.04177,121.58735,0
500111070,20231109,644,18,17,1,25.04177,121.58735,1
500111070,20231109,645,18,17,1,25.04177,121.58735,1
500111070,20231109,646,18,17,1,25.04177,121.58735,1
500111070,20231109,647,18,17,1,25.04177,121.58735,1
500111070,20231109,648,18,17,1,25.04177,121.58735,1
500111070,20231109,649,18,17,1,25.04177,121.58735,1
500111070,20231109,651,18,17,1,25.04177,121.58735,1
500111070,20231109,652,18,17,1,25.04177,121.58735,1
500111070,20231109,653,18,17,1,25.04177,121.58735,1
500111070,20231109,654,18,16,1,25.04177,121.58735,2
500111070,20231109,655,18,16,1,25.04177,121.58735,2
500111070,20231109,656,18,14,1,25.04177,121.58735,4
500111070,20231109,657,18,14,1,25.04177,121.58735,4
500111070,20231109,658,18,14,1,25.04177,121.58735,4
500111070,20231109,659,18,14,1,25.04177,121.58735,4
500111070,20231109,661,18,14,1,25.04177,121.58735,4
500111070,20231109,662,18,14,1,25.04177,121.58735,4
500111070,20231109,663,18,14,1,25.04177,121.58735,4
500111070,20231109,664,18,14,1,25.04177,121.58735,4
500111070,20231109,665,18,14,1,25.04177,121.58735,4
500111070,20231109,666,18,15,1,25.04177,121.58735,3
500111070,20231109,667,18,15,1,25.04177,121.58735,3
500111070,20231109,668,18,15,1,25.04177,121.58735,3
500111070,20231109,669,18,15,1,25.04177,121.58735,3
500111070,20231109,670,18,15,1,25.04177,121.58735,3
500111070,20231109,671,18,15,1,25.04177,121.58735,3
500111070,20231109,672,18,15,1,25.04177,121.58735,3
500111070,20231109,673,18,15,1,25.04177,121.58735,3
500111070,20231109,674,18,15,1,25.04177,121.58735,3
500111070,20231109,675,18,15,1,25.04177,121.58735,3
500111070,20231109,676,18,15,1,25.04177,121.58735,3
500111070,20231109,677,18,15,1,25.04177,121.58735,3
500111070,20231109,678,18,15,1,25.04177,121.58735,3
500111070,20231109,679,18,15,1,25.04177,121.58735,3
500111070,20231109,681,18,14,1,25.04177,121.58735,4
500111070,20231109,682,18,14,1,25.04177,121.58735,4
500111070,20231109,683,18,15,1,25.04177,121.58735,3
500111070,20231109,684,18,15,1,25.04177,121.58735,3
500111070,20231109,685,18,15,1,25.04177,121.58735,3
500111070,20231109,686,18,15,1,25.04177,121.58735,3
500111070,20231109,687,18,15,1,25.04177,121.58735,3
500111070,20231109,688,18,15,1,25.04177,121.58735,3
500111070,20231109,689,18,15,1,25.04177,121.58735,3
500111070,20231109,690,18,15,1,25.04177,121.58735,3
500111070,20231109,691,18,15,1,25.04177,121.58735,3
500111070,20231109,692,18,15,1,25.04177,121.58735,3
500111070,20231109,693,18,15,1,25.04177,121.58735,3
500111070,20231109,694,18,15,1,25.04177,121.58735,3
500111070,20231109,695,18,15,1,25.04177,121.58735,3
500111070,20231109,696,18,15,1,25.04177,121.58735,3
500111070,20231109,697,18,15,1,25.04177,121.58735,3
500111070,20231109,698,18,15,1,25.04177,121.58735,3
500111070,20231109,699,18,15,1,25.04177,121.58735,3
500111070,20231109,700,18,15,1,25.04177,121.58735,3
500111070,20231109,701,18,14,1,25.04177,121.58735,4
500111070,20231109,702,18,15,1,25.04177,121.58735,3
500111070,20231109,703,18,15,1,25.04177,121.58735,3
500111070,20231109,704,18,15,1,25.04177,121.58735,3
500111070,20231109,705,18,15,1,25.04177,121.58735,3
500111070,20231109,706,18,16,1,25.04177,121.58735,2
500111070,20231109,707,18,16,1,25.04177,121.58735,2
500111070,20231109,708,18,16,1,25.04177,121.58735,2
500111070,20231109,709,18,16,1,25.04177,121.58735,2
500111070,20231109,710,18,16,1,25.04177,121.58735,2
500111070,20231109,711,18,16,1,25.04177,121.58735,2
500111070,20231109,712,18,17,1,25.04177,121.58735,1
500111070,20231109,713,18,18,1,25.04177,121.58735,0
500111070,20231109,714,18,18,1,25.04177,121.58735,0
500111070,20231109,715,18,18,1,25.04177,121.58735,0
500111070,20231109,716,18,18,1,25.04177,121.58735,0
500111070,20231109,717,18,18,1,25.04177,121.58735,0
500111070,20231109,718,18,17,1,25.04177,121.58735,1
500111070,20231109,719,18,17,1,25.04177,121.58735,1
500111070,20231109,721,18,17,1,25.04177,121.58735,1
500111070,20231109,722,18,17,1,25.04177,121.58735,1
500111070,20231109,723,18,17,1,25.04177,121.58735,1
500111070,20231109,724,18,17,1,25.04177,121.58735,1
500111070,20231109,725,18,17,1,25.04177,121.58735,1
500111070,20231109,726,18,17,1,25.04177,121.58735,1
500111070,20231109,727,18,17,1,25.04177,121.58735,1
500111070,20231109,728,18,17,1,25.04177,121.58735,1
500111070,20231109,729,18,17,1,25.04177,121.58735,1
500111070,20231109,730,18,17,1,25.04177,121.58735,1
500111070,20231109,731,18,17,1,25.04177,121.58735,1
500111070,20231109,732,18,18,1,25.04177,121.58735,0
500111070,20231109,733,18,18,1,25.04177,121.58735,0
500111070,20231109,734,18,18,1,25.04177,121.58735,0
500111070,20231109,735,18,18,1,25.04177,121.58735,0
500111070,20231109,736,18,18,1,25.04177,121.58735,0
500111070,20231109,737,18,18,1,25.04177,121.58735,0
500111070,20231109,738,18,18,1,25.04177,121.58735,0
500111070,20231109,739,18,18,1,25.04177,121.58735,0
500111070,20231109,741,18,18,1,25.04177,121.58735,0
500111070,20231109,742,18,17,1,25.04177,121.58735,1
500111070,20231109,743,18,18,1,25.04177,121.58735,0
500111070,20231109,744,18,18,1,25.04177,121.58735,0
500111070,20231109,745,18,18,1,25.04177,121.58735,0
500111070,20231109,746,18,18,1,25.04177,121.58735,0
500111070,20231109,747,18,18,1,25.04177,121.58735,0
500111070,20231109,748,18,18,1,25.04177,121.58735,0
500111070,20231109,749,18,18,1,25.04177,121.58735,0
500111070,20231109,751,18,17,1,25.04177,121.58735,1
500111070,20231109,752,18,17,1,25.04177,121.58735,1
500111070,20231109,753,18,18,1,25.04177,121.58735,0
500111070,20231109,754,18,18,1,25.04177,121.58735,0
500111070,20231109,755,18,18,1,25.04177,121.58735,0
500111070,20231109,756,18,18,1,25.04177,121.58735,0
500111070,20231109,757,18,18,1,25.04177,121.58735,0
500111070,20231109,758,18,18,1,25.04177,121.58735,0
500111070,20231109,759,18,17,1,25.04177,121.58735,1
500111070,20231109,760,18,17,1,25.04177,121.58735,1
500111070,20231109,761,18,17,1,25.04177,121.58735,1
500111070,20231109,762,18,18,1,25.04177,121.58735,0
500111070,20231109,763,18,18,1,25.04177,121.58735,0
500111070,20231109,764,18,18,1,25.04177,121.58735,0
500111070,20231109,765,18,18,1,25.04177,121.58735,0
500111070,20231109,766,18,18,1,25.04177,121.58735,0
500111070,20231109,767,18,18,1,25.04177,121.58735,0
500111070,20231109,768,18,18,1,25.04177,121.58735,0
500111070,20231109,769,18,18,1,25.04177,121.58735,0
500111070,20231109,770,18,18,1,25.04177,121.58735,0
500111070,20231109,771,18,18,1,25.04177,121.58735,0
500111070,20231109,772,18,18,1,25.04177,121.58735,0
500111070,20231109,773,18,18,1,25.04177,121.58735,0
500111070,20231109,774,18,18,1,25.04177,121.58735,0
500111070,20231109,775,18,18,1,25.04177,121.58735,0
500111070,20231109,776,18,18,1,25.04177,121.58735,0
500111070,20231109,777,18,18,1,25.04177,121.58735,0
500111070,20231109,778,18,18,1,25.04177,121.58735,0
500111070,20231109,779,18,18,1,25.04177,121.58735,0
500111070,20231109,781,18,18,1,25.04177,121.58735,0
500111070,20231109,782,18,18,1,25.04177,121.58735,0
500111070,20231109,783,18,18,1,25.04177,121.58735,0
500111070,20231109,784,18,18,1,25.04177,121.58735,0
500111070,20231109,785,18,18,1,25.04177,121.58735,0
500111070,20231109,786,18,18,1,25.04177,121.58735,0
500111070,20231109,787,18,18,1,25.04177,121.58735,0
500111070,20231109,788,18,18,1,25.04177,121.58735,0
500111070,20231109,789,18,18,1,25.04177,121.58735,0
500111070,20231109,790,18,18,1,25.04177,121.58735,0
500111070,20231109,791,18,18,1,25.04177,121.58735,0
500111070,20231109,792,18,18,1,25.04177,121.58735,0
500111070,20231109,793,18,18,1,25.04177,121.58735,0
500111070,20231109,794,18,18,1,25.04177,121.58735,0
500111070,20231109,795,18,18,1,25.04177,121.58735,0
500111070,20231109,796,18,18,1,25.04177,121.58735,0
500111070,20231109,797,18,18,1,25.04177,121.58735,0
500111070,20231109,798,18,18,1,25.04177,121.58735,0
500111070,20231109,799,18,18,1,25.04177,121.58735,0
500111070,20231109,801,18,18,1,25.04177,121.58735,0
500111070,20231109,802,18,18,1,25.04177,121.58735,0
500111070,20231109,803,18,18,1,25.04177,121.58735,0
500111070,20231109,804,18,18,1,25.04177,121.58735,0
500111070,20231109,805,18,18,1,25.04177,121.58735,0
500111070,20231109,806,18,18,1,25.04177,121.58735,0
500111070,20231109,807,18,18,1,25.04177,121.58735,0
500111070,20231109,809,18,18,1,25.04177,121.58735,0
500111070,20231109,811,18,18,1,25.04177,121.58735,0
500111070,20231109,812,18,18,1,25.04177,121.58735,0
500111070,20231109,813,18,18,1,25.04177,121.58735,0
500111070,20231109,814,18,18,1,25.04177,121.58735,0
500111070,20231109,815,18,18,1,25.04177,121.58735,0
500111070,20231109,816,18,18,1,25.04177,121.58735,0
500111070,20231109,817,18,18,1,25.04177,121.58735,0
500111070,20231109,818,18,17,1,25.04177,121.58735,1
500111070,20231109,819,18,17,1,25.04177,121.58735,1
500111070,20231109,821,18,17,1,25.04177,121.58735,1
500111070,20231109,822,18,18,1,25.04177,121.58735,0
500111070,20231109,823,18,18,1,25.04177,121.58735,0
500111070,20231109,824,18,18,1,25.04177,121.58735,0
500111070,20231109,825,18,18,1,25.04177,121.58735,0
500111070,20231109,826,18,18,1,25.04177,121.58735,0
500111070,20231109,827,18,18,1,25.04177,121.58735,0
500111070,20231109,828,18,18,1,25.04177,121.58735,0
500111070,20231109,829,18,18,1,25.04177,121.58735,0
500111070,20231109,831,18,18,1,25.04177,121.58735,0
500111070,20231109,832,18,18,1,25.04177,121.58735,0
500111070,20231109,833,18,18,1,25.04177,121.58735,0
500111070,20231109,834,18,18,1,25.04177,121.58735,0
500111070,20231109,835,18,18,1,25.04177,121.58735,0
500111070,20231109,836,18,18,1,25.04177,121.58735,0
500111070,20231109,837,18,18,1,25.04177,121.58735,0
500111070,20231109,838,18,18,1,25.04177,121.58735,0
500111070,20231109,839,18,17,1,25.04177,121.58735,1
500111070,20231109,841,18,18,1,25.04177,121.58735,0
500111070,20231109,842,18,18,1,25.04177,121.58735,0
500111070,20231109,843,18,18,1,25.04177,121.58735,0
500111070,20231109,844,18,18,1,25.04177,121.58735,0
500111070,20231109,845,18,18,1,25.04177,121.58735,0
500111070,20231109,846,18,18,1,25.04177,121.58735,0
500111070,20231109,847,18,18,1,25.04177,121.58735,0
500111070,20231109,848,18,18,1,25.04177,121.58735,0
500111070,20231109,849,18,18,1,25.04177,121.58735,0
500111070,20231109,851,18,18,1,25.04177,121.58735,0
500111070,20231109,852,18,18,1,25.04177,121.58735,0
500111070,20231109,853,18,18,1,25.04177,121.58735,0
500111070,20231109,854,18,18,1,25.04177,121.58735,0
500111070,20231109,855,18,18,1,25.04177,121.58735,0
500111070,20231109,856,18,18,1,25.04177,121.58735,0
500111070,20231109,857,18,18,1,25.04177,121.58735,0
500111070,20231109,858,18,18,1,25.04177,121.58735,0
500111070,20231109,859,18,17,1,25.04177,121.58735,1
500111070,20231109,861,18,17,1,25.04177,121.58735,1
500111070,20231109,862,18,17,1,25.04177,121.58735,1
500111070,20231109,863,18,17,1,25.04177,121.58735,1
500111070,20231109,864,18,17,1,25.04177,121.58735,1
500111070,20231109,865,18,17,1,25.04177,121.58735,1
500111070,20231109,866,18,17,1,25.04177,121.58735,1
500111070,20231109,867,18,17,1,25.04177,121.58735,1
500111070,20231109,868,18,17,1,25.04177,121.58735,1
500111070,20231109,869,18,17,1,25.04177,121.58735,1
500111070,20231109,871,18,17,1,25.04177,121.58735,1
500111070,20231109,872,18,17,1,25.04177,121.58735,1
500111070,20231109,873,18,17,1,25.04177,121.58735,1
500111070,20231109,874,18,17,1,25.04177,121.58735,1
500111070,20231109,875,18,17,1,25.04177,121.58735,1
500111070,20231109,876,18,17,1,25.04177,121.58735,1
500111070,20231109,877,18,17,1,25.04177,121.58735,1
500111070,20231109,878,18,17,1,25.04177,121.58735,1
500111070,20231109,879,18,17,1,25.04177,121.58735,1
500111070,20231109,881,18,17,1,25.04177,121.58735,1
500111070,20231109,882,18,17,1,25.04177,121.58735,1
500111070,20231109,883,18,17,1,25.04177,121.58735,1
500111070,20231109,884,18,18,1,25.04177,121.58735,0
500111070,20231109,885,18,18,1,25.04177,121.58735,0
500111070,20231109,886,18,18,1,25.04177,121.58735,0
500111070,20231109,887,18,18,1,25.04177,121.58735,0
500111070,20231109,888,18,18,1,25.04177,121.58735,0
500111070,20231109,889,18,18,1,25.04177,121.58735,0
500111070,20231109,891,18,18,1,25.04177,121.58735,0
500111070,20231109,892,18,18,1,25.04177,121.58735,0
500111070,20231109,893,18,18,1,25.04177,121.58735,0
500111070,20231109,895,18,18,1,25.04177,121.58735,0
500111070,20231109,896,18,18,1,25.04177,121.58735,0
500111070,20231109,897,18,18,1,25.04177,121.58735,0
500111070,20231109,898,18,18,1,25.04177,121.58735,0
500111070,20231109,899,18,18,1,25.04177,121.58735,0
500111070,20231109,901,18,18,1,25.04177,121.58735,0
500111070,20231109,902,18,18,1,25.04177,121.58735,0
500111070,20231109,903,18,18,1,25.04177,121.58735,0
500111070,20231109,904,18,18,1,25.04177,121.58735,0
500111070,20231109,905,18,18,1,25.04177,121.58735,0
500111070,20231109,906,18,18,1,25.04177,121.58735,0
500111070,20231109,907,18,18,1,25.04177,121.58735,0
500111070,20231109,908,18,18,1,25.04177,121.58735,0
500111070,20231109,909,18,18,1,25.04177,121.58735,0
500111070,20231109,911,18,18,1,25.04177,121.58735,0
500111070,20231109,912,18,18,1,25.04177,121.58735,0
500111070,20231109,913,18,18,1,25.04177,121.58735,0
500111070,20231109,914,18,18,1,25.04177,121.58735,0
500111070,20231109,915,18,18,1,25.04177,121.58735,0
500111070,20231109,916,18,18,1,25.04177,121.58735,0
500111070,20231109,917,18,18,1,25.04177,121.58735,0
500111070,20231109,918,18,18,1,25.04177,121.58735,0
500111070,20231109,919,18,18,1,25.04177,121.58735,0
500111070,20231109,921,18,18,1,25.04177,121.58735,0
500111070,20231109,922,18,18,1,25.04177,121.58735,0
500111070,20231109,923,18,18,1,25.04177,121.58735,0
500111070,20231109,924,18,18,1,25.04177,121.58735,0
500111070,20231109,925,18,18,1,25.04177,121.58735,0
500111070,20231109,926,18,18,1,25.04177,121.58735,0
500111070,20231109,927,18,18,1,25.04177,121.58735,0
500111070,20231109,928,18,18,1,25.04177,121.58735,0
500111070,20231109,929,18,18,1,25.04177,121.58735,0
500111070,20231109,931,18,18,1,25.04177,121.58735,0
500111070,20231109,932,18,18,1,25.04177,121.58735,0
500111070,20231109,933,18,18,1,25.04177,121.58735,0
500111070,20231109,934,18,18,1,25.04177,121.58735,0
500111070,20231109,935,18,18,1,25.04177,121.58735,0
500111070,20231109,936,18,18,1,25.04177,121.58735,0
500111070,20231109,937,18,18,1,25.04177,121.58735,0
500111070,20231109,938,18,18,1,25.04177,121.58735,0
500111070,20231109,939,18,18,1,25.04177,121.58735,0
500111070,20231109,940,18,18,1,25.04177,121.58735,0
500111070,20231109,941,18,18,1,25.04177,121.58735,0
500111070,20231109,942,18,18,1,25.04177,121.58735,0
500111070,20231109,943,18,18,1,25.04177,121.58735,0
500111070,20231109,944,18,18,1,25.04177,121.58735,0
500111070,20231109,945,18,18,1,25.04177,121.58735,0
500111070,20231109,946,18,18,1,25.04177,121.58735,0
500111070,20231109,947,18,18,1,25.04177,121.58735,0
500111070,20231109,948,18,18,1,25.04177,121.58735,0
500111070,20231109,949,18,18,1,25.04177,121.58735,0
500111070,20231109,950,18,18,1,25.04177,121.58735,0
500111070,20231109,951,18,18,1,25.04177,121.58735,0
500111070,20231109,952,18,18,1,25.04177,121.58735,0
500111070,20231109,953,18,18,1,25.04177,121.58735,0
500111070,20231109,954,18,18,1,25.04177,121.58735,0
500111070,20231109,955,18,18,1,25.04177,121.58735,0
500111070,20231109,956,18,18,1,25.04177,121.58735,0
500111070,20231109,957,18,18,1,25.04177,121.58735,0
500111070,20231109,958,18,18,1,25.04177,121.58735,0
500111070,20231109,959,18,18,1,25.04177,121.58735,0
500111070,20231109,961,18,18,1,25.04177,121.58735,0
500111070,20231109,962,18,18,1,25.04177,121.58735,0
500111070,20231109,963,18,18,1,25.04177,121.58735,0
500111070,20231109,964,18,18,1,25.04177,121.58735,0
500111070,20231109,965,18,18,1,25.04177,121.58735,0
500111070,20231109,966,18,17,1,25.04177,121.58735,1
500111070,20231109,967,18,17,1,25.04177,121.58735,1
500111070,20231109,968,18,17,1,25.04177,121.58735,1
500111070,20231109,969,18,17,1,25.04177,121.58735,1
500111070,20231109,970,18,17,1,25.04177,121.58735,1
500111070,20231109,971,18,17,1,25.04177,121.58735,1
500111070,20231109,972,18,17,1,25.04177,121.58735,1
500111070,20231109,973,18,17,1,25.04177,121.58735,1
500111070,20231109,974,18,17,1,25.04177,121.58735,1
500111070,20231109,975,18,17,1,25.04177,121.58735,1
500111070,20231109,976,18,17,1,25.04177,121.58735,1
500111070,20231109,977,18,18,1,25.04177,121.58735,0
500111070,20231109,978,18,18,1,25.04177,121.58735,0
500111070,20231109,979,18,18,1,25.04177,121.58735,0
500111070,20231109,981,18,18,1,25.04177,121.58735,0
500111070,20231109,982,18,18,1,25.04177,121.58735,0
500111070,20231109,983,18,18,1,25.04177,121.58735,0
500111070,20231109,984,18,18,1,25.04177,121.58735,0
500111070,20231109,985,18,18,1,25.04177,121.58735,0
500111070,20231109,986,18,18,1,25.04177,121.58735,0
500111070,20231109,987,18,18,1,25.04177,121.58735,0
500111070,20231109,988,18,18,1,25.04177,121.58735,0
500111070,20231109,989,18,18,1,25.04177,121.58735,0
500111070,20231109,991,18,18,1,25.04177,121.58735,0
500111070,20231109,992,18,18,1,25.04177,121.58735,0
500111070,20231109,993,18,18,1,25.04177,121.58735,0
500111070,20231109,994,18,18,1,25.04177,121.58735,0
500111070,20231109,995,18,18,1,25.04177,121.58735,0
500111070,20231109,996,18,18,1,25.04177,121.58735,0
500111070,20231109,997,18,18,1,25.04177,121.58735,0
500111070,20231109,998,18,18,1,25.04177,121.58735,0
500111070,20231109,999,18,18,1,25.04177,121.58735,0
500111070,20231109,1000,18,18,1,25.04177,121.58735,0
500111070,20231109,1001,18,18,1,25.04177,121.58735,0
500111070,20231109,1002,18,18,1,25.04177,121.58735,0
500111070,20231109,1003,18,18,1,25.04177,121.58735,0
500111070,20231109,1004,18,18,1,25.04177,121.58735,0
500111070,20231109,1005,18,18,1,25.04177,121.58735,0
500111070,20231109,1006,18,18,1,25.04177,121.58735,0
500111070,20231109,1007,18,18,1,25.04177,121.58735,0
500111070,20231109,1008,18,18,1,25.04177,121.58735,0
500111070,20231109,1009,18,17,1,25.04177,121.58735,1
500111070,20231109,1010,18,17,1,25.04177,121.58735,1
500111070,20231109,1011,18,17,1,25.04177,121.58735,1
500111070,20231109,1012,18,17,1,25.04177,121.58735,1
500111070,20231109,1013,18,16,1,25.04177,121.58735,2
500111070,20231109,1014,18,15,1,25.04177,121.58735,3
500111070,20231109,1015,18,15,1,25.04177,121.58735,3
500111070,20231109,1016,18,15,1,25.04177,121.58735,3
500111070,20231109,1017,18,14,1,25.04177,121.58735,4
500111070,20231109,1018,18,14,1,25.04177,121.58735,4
500111070,20231109,1019,18,14,1,25.04177,121.58735,4
500111070,20231109,1021,18,14,1,25.04177,121.58735,4
500111070,20231109,1022,18,14,1,25.04177,121.58735,4
500111070,20231109,1023,18,14,1,25.04177,121.58735,4
500111070,20231109,1024,18,14,1,25.04177,121.58735,4
500111070,20231109,1025,18,15,1,25.04177,121.58735,3
500111070,20231109,1026,18,15,1,25.04177,121.58735,3
500111070,20231109,1027,18,15,1,25.04177,121.58735,3
500111070,20231109,1028,18,15,1,25.04177,121.58735,3
500111070,20231109,1029,18,15,1,25.04177,121.58735,3
500111070,20231109,1030,18,15,1,25.04177,121.58735,3
500111070,20231109,1031,18,16,1,25.04177,121.58735,2
500111070,20231109,1032,18,16,1,25.04177,121.58735,2
500111070,20231109,1033,18,16,1,25.04177,121.58735,2
500111070,20231109,1034,18,15,1,25.04177,121.58735,3
500111070,20231109,1035,18,14,1,25.04177,121.58735,4
500111070,20231109,1036,18,13,1,25.04177,121.58735,5
500111070,20231109,1037,18,12,1,25.04177,121.58735,6
500111070,20231109,1038,18,12,1,25.04177,121.58735,6
500111070,20231109,1039,18,12,1,25.04177,121.58735,6
500111070,20231109,1041,18,12,1,25.04177,121.58735,6
500111070,20231109,1042,18,12,1,25.04177,121.58735,6
500111070,20231109,1043,18,12,1,25.04177,121.58735,6
500111070,20231109,1044,18,12,1,25.04177,121.58735,6
500111070,20231109,1045,18,12,1,25.04177,121.58735,6
500111070,20231109,1046,18,12,1,25.04177,121.58735,6
500111070,20231109,1047,18,12,1,25.04177,121.58735,6
500111070,20231109,1048,18,12,1,25.04177,121.58735,6
500111070,20231109,1049,18,12,1,25.04177,121.58735,6
500111070,20231109,1051,18,12,1,25.04177,121.58735,6
500111070,20231109,1052,18,12,1,25.04177,121.58735,6
500111070,20231109,1053,18,11,1,25.04177,121.58735,7
500111070,20231109,1054,18,10,1,25.04177,121.58735,8
500111070,20231109,1055,18,10,1,25.04177,121.58735,8
500111070,20231109,1057,18,10,1,25.04177,121.58735,8
500111070,20231109,1058,18,10,1,25.04177,121.58735,8
500111070,20231109,1059,18,10,1,25.04177,121.58735,8
500111070,20231109,1060,18,10,1,25.04177,121.58735,8
500111070,20231109,1061,18,11,1,25.04177,121.58735,7
500111070,20231109,1063,18,10,1,25.04177,121.58735,8
500111070,20231109,1064,18,9,1,25.04177,121.58735,9
500111070,20231109,1065,18,8,1,25.04177,121.58735,10
500111070,20231109,1066,18,8,1,25.04177,121.58735,10
500111070,20231109,1067,18,8,1,25.04177,121.58735,10
500111070,20231109,1068,18,6,1,25.04177,121.58735,12
500111070,20231109,1069,18,5,1,25.04177,121.58735,13
500111070,20231109,1071,18,3,1,25.04177,121.58735,15
500111070,20231109,1072,18,3,1,25.04177,121.58735,15
500111070,20231109,1073,18,3,1,25.04177,121.58735,15
500111070,20231109,1074,18,3,1,25.04177,121.58735,15
500111070,20231109,1075,18,3,1,25.04177,121.58735,15
500111070,20231109,1076,18,2,1,25.04177,121.58735,16
500111070,20231109,1077,18,2,1,25.04177,121.58735,16
500111070,20231109,1078,18,2,1,25.04177,121.58735,16
500111070,20231109,1079,18,2,1,25.04177,121.58735,16
500111070,20231109,1081,18,2,1,25.04177,121.58735,16
500111070,20231109,1082,18,2,1,25.04177,121.58735,16
500111070,20231109,1083,18,1,1,25.04177,121.58735,17
500111070,20231109,1084,18,1,1,25.04177,121.58735,17
500111070,20231109,1085,18,1,1,25.04177,121.58735,17
500111070,20231109,1086,18,0,1,25.04177,121.58735,18
500111070,20231109,1087,18,0,1,25.04177,121.58735,18
500111070,20231109,1088,18,0,1,25.04177,121.58735,18
500111070,20231109,1089,18,0,1,25.04177,121.58735,18
500111070,20231109,1091,18,0,1,25.04177,121.58735,18
500111070,20231109,1092,18,0,1,25.04177,121.58735,18
500111070,20231109,1093,18,0,1,25.04177,121.58735,18
500111070,20231109,1094,18,0,1,25.04177,121.58735,18
500111070,20231109,1095,18,0,1,25.04177,121.58735,18
500111070,20231109,1096,18,0,1,25.04177,121.58735,18
500111070,20231109,1097,18,0,1,25.04177,121.58735,18
500111070,20231109,1098,18,0,1,25.04177,121.58735,18
500111070,20231109,1099,18,0,1,25.04177,121.58735,18
500111070,20231109,1101,18,1,1,25.04177,121.58735,17
500111070,20231109,1102,18,1,1,25.04177,121.58735,17
500111070,20231109,1103,18,1,1,25.04177,121.58735,17
500111070,20231109,1104,18,1,1,25.04177,121.58735,17
500111070,20231109,1106,18,1,1,25.04177,121.58735,17
500111070,20231109,1107,18,1,1,25.04177,121.58735,17
500111070,20231109,1108,18,1,1,25.04177,121.58735,17
500111070,20231109,1109,18,0,1,25.04177,121.58735,18
500111070,20231109,1111,18,2,1,25.04177,121.58735,16
500111070,20231109,1112,18,2,1,25.04177,121.58735,16
500111070,20231109,1113,18,3,1,25.04177,121.58735,15
500111070,20231109,1114,18,1,1,25.04177,121.58735,17
500111070,20231109,1115,18,1,1,25.04177,121.58735,17
500111070,20231109,1116,18,1,1,25.04177,121.58735,17
500111070,20231109,1117,18,2,1,25.04177,121.58735,16
500111070,20231109,1118,18,1,1,25.04177,121.58735,17
500111070,20231109,1119,18,0,1,25.04177,121.58735,18
500111070,20231109,1121,18,0,1,25.04177,121.58735,18
500111070,20231109,1122,18,1,1,25.04177,121.58735,17
500111070,20231109,1123,18,0,1,25.04177,121.58735,18
500111070,20231109,1124,18,1,1,25.04177,121.58735,17
500111070,20231109,1125,18,1,1,25.04177,121.58735,17
500111070,20231109,1126,18,1,1,25.04177,121.58735,17
500111070,20231109,1127,18,1,1,25.04177,121.58735,17
500111070,20231109,1128,18,1,1,25.04177,121.58735,17
500111070,20231109,1129,18,1,1,25.04177,121.58735,17
500111070,20231109,1131,18,7,1,25.04177,121.58735,11
500111070,20231109,1132,18,7,1,25.04177,121.58735,11
500111070,20231109,1133,18,10,1,25.04177,121.58735,8
500111070,20231109,1134,18,13,1,25.04177,121.58735,5
500111070,20231109,1135,18,13,1,25.04177,121.58735,5
500111070,20231109,1136,18,16,1,25.04177,121.58735,2
500111070,20231109,1137,18,15,1,25.04177,121.58735,3
500111070,20231109,1138,18,16,1,25.04177,121.58735,2
500111070,20231109,1139,18,15,1,25.04177,121.58735,3
500111070,20231109,1141,18,15,1,25.04177,121.58735,3
500111070,20231109,1142,18,15,1,25.04177,121.58735,3
500111070,20231109,1143,18,15,1,25.04177,121.58735,3
500111070,20231109,1144,18,15,1,25.04177,121.58735,3
500111070,20231109,1145,18,15,1,25.04177,121.58735,3
500111070,20231109,1146,18,15,1,25.04177,121.58735,3
500111070,20231109,1148,18,14,1,25.04177,121.58735,4
500111070,20231109,1149,18,14,1,25.04177,121.58735,4
500111070,20231109,1157,18,14,1,25.04177,121.58735,4
500111070,20231109,1165,18,14,1,25.04177,121.58735,4
500111070,20231109,1166,18,14,1,25.04177,121.58735,4
500111070,20231109,1168,18,14,1,25.04177,121.58735,4
500111070,20231109,1169,18,14,1,25.04177,121.58735,4
500111070,20231109,1171,18,14,1,25.04177,121.58735,4
500111070,20231109,1172,18,14,1,25.04177,121.58735,4
500111070,20231109,1173,18,14,1,25.04177,121.58735,4
500111070,20231109,1174,18,13,1,25.04177,121.58735,5
500111070,20231109,1175,18,13,1,25.04177,121.58735,5
500111070,20231109,1176,18,13,1,25.04177,121.58735,5
500111070,20231109,1177,18,13,1,25.04177,121.58735,5
500111070,20231109,1178,18,13,1,25.04177,121.58735,5
500111070,20231109,1179,18,13,1,25.04177,121.58735,5
500111070,20231109,1180,18,13,1,25.04177,121.58735,5
500111070,20231109,1181,18,12,1,25.04177,121.58735,6
500111070,20231109,1182,18,12,1,25.04177,121.58735,6
500111070,20231109,1183,18,13,1,25.04177,121.58735,5
500111070,20231109,1184,18,13,1,25.04177,121.58735,5
500111070,20231109,1185,18,13,1,25.04177,121.58735,5
500111070,20231109,1186,18,13,1,25.04177,121.58735,5
500111070,20231109,1187,18,12,1,25.04177,121.58735,6
500111070,20231109,1188,18,11,1,25.04177,121.58735,7
500111070,20231109,1189,18,11,1,25.04177,121.58735,7
500111070,20231109,1190,18,11,1,25.04177,121.58735,7
500111070,20231109,1191,18,11,1,25.04177,121.58735,7
500111070,20231109,1192,18,11,1,25.04177,121.58735,7
500111070,20231109,1193,18,12,1,25.04177,121.58735,6
500111070,20231109,1194,18,12,1,25.04177,121.58735,6
500111070,20231109,1195,18,12,1,25.04177,121.58735,6
500111070,20231109,1196,18,12,1,25.04177,121.58735,6
500111070,20231109,1197,18,12,1,25.04177,121.58735,6
500111070,20231109,1198,18,11,1,25.04177,121.58735,7
500111070,20231109,1199,18,9,1,25.04177,121.58735,9
500111070,20231109,1201,18,9,1,25.04177,121.58735,9
500111070,20231109,1202,18,9,1,25.04177,121.58735,9
500111070,20231109,1203,18,9,1,25.04177,121.58735,9
500111070,20231109,1204,18,9,1,25.04177,121.58735,9
500111070,20231109,1205,18,9,1,25.04177,121.58735,9
500111070,20231109,1206,18,9,1,25.04177,121.58735,9
500111070,20231109,1207,18,9,1,25.04177,121.58735,9
500111070,20231109,1208,18,9,1,25.04177,121.58735,9
500111070,20231109,1209,18,12,1,25.04177,121.58735,6
500111070,20231109,1210,18,13,1,25.04177,121.58735,5
500111070,20231109,1211,18,13,1,25.04177,121.58735,5
500111070,20231109,1212,18,13,1,25.04177,121.58735,5
500111070,20231109,1213,18,13,1,25.04177,121.58735,5
500111070,20231109,1214,18,15,1,25.04177,121.58735,3
500111070,20231109,1215,18,15,1,25.04177,121.58735,3
500111070,20231109,1216,18,15,1,25.04177,121.58735,3
500111070,20231109,1217,18,15,1,25.04177,121.58735,3
500111070,20231109,1218,18,15,1,25.04177,121.58735,3
500111070,20231109,1219,18,13,1,25.04177,121.58735,5
500111070,20231109,1221,18,13,1,25.04177,121.58735,5
500111070,20231109,1222,18,13,1,25.04177,121.58735,5
500111070,20231109,1223,18,13,1,25.04177,121.58735,5
500111070,20231109,1224,18,13,1,25.04177,121.58735,5
500111070,20231109,1225,18,13,1,25.04177,121.58735,5
500111070,20231109,1226,18,13,1,25.04177,121.58735,5
500111070,20231109,1227,18,13,1,25.04177,121.58735,5
500111070,20231109,1228,18,13,1,25.04177,121.58735,5
500111070,20231109,1229,18,13,1,25.04177,121.58735,5
500111070,20231109,1231,18,13,1,25.04177,121.58735,5
500111070,20231109,1232,18,13,1,25.04177,121.58735,5
500111070,20231109,1233,18,13,1,25.04177,121.58735,5
500111070,20231109,1234,18,14,1,25.04177,121.58735,4
500111070,20231109,1235,18,14,1,25.04177,121.58735,4
500111070,20231109,1236,18,14,1,25.04177,121.58735,4
500111070,20231109,1237,18,14,1,25.04177,121.58735,4
500111070,20231109,1238,18,14,1,25.04177,121.58735,4
500111070,20231109,1239,18,16,1,25.04177,121.58735,2
500111070,20231109,1240,18,16,1,25.04177,121.58735,2
500111070,20231109,1241,18,16,1,25.04177,121.58735,2
500111070,20231109,1242,18,16,1,25.04177,121.58735,2
500111070,20231109,1243,18,16,1,25.04177,121.58735,2
500111070,20231109,1244,18,16,1,25.04177,121.58735,2
500111070,20231109,1245,18,15,1,25.04177,121.58735,3
500111070,20231109,1246,18,15,1,25.04177,121.58735,3
500111070,20231109,1247,18,16,1,25.04177,121.58735,2
500111070,20231109,1248,18,15,1,25.04177,121.58735,3
500111070,20231109,1249,18,15,1,25.04177,121.58735,3
500111070,20231109,1250,18,16,1,25.04177,121.58735,2
500111070,20231109,1251,18,16,1,25.04177,121.58735,2
500111070,20231109,1252,18,16,1,25.04177,121.58735,2
500111070,20231109,1253,18,16,1,25.04177,121.58735,2
500111070,20231109,1254,18,16,1,25.04177,121.58735,2
500111070,20231109,1255,18,16,1,25.04177,121.58735,2
500111070,20231109,1256,18,14,1,25.04177,121.58735,4
500111070,20231109,1257,18,14,1,25.04177,121.58735,4
500111070,20231109,1258,18,14,1,25.04177,121.58735,4
500111070,20231109,1259,18,14,1,25.04177,121.58735,4
500111070,20231109,1261,18,13,1,25.04177,121.58735,5
500111070,20231109,1262,18,12,1,25.04177,121.58735,6
500111070,20231109,1263,18,10,1,25.04177,121.58735,8
500111070,20231109,1264,18,10,1,25.04177,121.58735,8
500111070,20231109,1265,18,10,1,25.04177,121.58735,8
500111070,20231109,1266,18,10,1,25.04177,121.58735,8
500111070,20231109,1267,18,10,1,25.04177,121.58735,8
500111070,20231109,1268,18,10,1,25.04177,121.58735,8
500111070,20231109,1269,18,10,1,25.04177,121.58735,8
500111070,20231109,1270,18,10,1,25.04177,121.58735,8
500111070,20231109,1271,18,10,1,25.04177,121.58735,8
500111070,20231109,1272,18,10,1,25.04177,121.58735,8
500111070,20231109,1273,18,9,1,25.04177,121.58735,9
500111070,20231109,1274,18,9,1,25.04177,121.58735,9
500111070,20231109,1275,18,9,1,25.04177,121.58735,9
500111070,20231109,1276,18,9,1,25.04177,121.58735,9
500111070,20231109,1277,18,9,1,25.04177,121.58735,9
500111070,20231109,1278,18,9,1,25.04177,121.58735,9
500111070,20231109,1279,18,8,1,25.04177,121.58735,10
500111070,20231109,1281,18,8,1,25.04177,121.58735,10
500111070,20231109,1282,18,7,1,25.04177,121.58735,11
500111070,20231109,1283,18,7,1,25.04177,121.58735,11
500111070,20231109,1284,18,7,1,25.04177,121.58735,11
500111070,20231109,1285,18,6,1,25.04177,121.58735,12
500111070,20231109,1286,18,6,1,25.04177,121.58735,12
500111070,20231109,1287,18,6,1,25.04177,121.58735,12
500111070,20231109,1288,18,6,1,25.04177,121.58735,12
500111070,20231109,1289,18,5,1,25.04177,121.58735,13
500111070,20231109,1291,18,5,1,25.04177,121.58735,13
500111070,20231109,1292,18,5,1,25.04177,121.58735,13
500111070,20231109,1293,18,5,1,25.04177,121.58735,13
500111070,20231109,1294,18,5,1,25.04177,121.58735,13
500111070,20231109,1295,18,5,1,25.04177,121.58735,13
500111070,20231109,1296,18,5,1,25.04177,121.58735,13
500111070,20231109,1297,18,4,1,25.04177,121.58735,14
500111070,20231109,1298,18,4,1,25.04177,121.58735,14
500111070,20231109,1299,18,4,1,25.04177,121.58735,14
500111070,20231109,1300,18,4,1,25.04177,121.58735,14
500111070,20231109,1301,18,5,1,25.04177,121.58735,13
500111070,20231109,1302,18,4,1,25.04177,121.58735,14
500111070,20231109,1303,18,3,1,25.04177,121.58735,15
500111070,20231109,1304,18,3,1,25.04177,121.58735,15
500111070,20231109,1305,18,3,1,25.04177,121.58735,15
500111070,20231109,1306,18,2,1,25.04177,121.58735,16
500111070,20231109,1307,18,2,1,25.04177,121.58735,16
500111070,20231109,1308,18,2,1,25.04177,121.58735,16
500111070,20231109,1309,18,2,1,25.04177,121.58735,16
500111070,20231109,1310,18,2,1,25.04177,121.58735,16
500111070,20231109,1311,18,2,1,25.04177,121.58735,16
500111070,20231109,1312,18,1,1,25.04177,121.58735,17
500111070,20231109,1313,18,1,1,25.04177,121.58735,17
500111070,20231109,1314,18,1,1,25.04177,121.58735,17
500111070,20231109,1315,18,1,1,25.04177,121.58735,17
500111070,20231109,1316,18,1,1,25.04177,121.58735,17
500111070,20231109,1317,18,1,1,25.04177,121.58735,17
500111070,20231109,1318,18,1,1,25.04177,121.58735,17
500111070,20231109,1319,18,1,1,25.04177,121.58735,17
500111070,20231109,1321,18,1,1,25.04177,121.58735,17
500111070,20231109,1322,18,1,1,25.04177,121.58735,17
500111070,20231109,1323,18,2,1,25.04177,121.58735,16
500111070,20231109,1324,18,2,1,25.04177,121.58735,16
500111070,20231109,1325,18,2,1,25.04177,121.58735,16
500111070,20231109,1326,18,2,1,25.04177,121.58735,16
500111070,20231109,1327,18,2,1,25.04177,121.58735,16
500111070,20231109,1328,18,2,1,25.04177,121.58735,16
500111070,20231109,1329,18,2,1,25.04177,121.58735,16
500111070,20231109,1330,18,2,1,25.04177,121.58735,16
500111070,20231109,1331,18,2,1,25.04177,121.58735,16
500111070,20231109,1332,18,2,1,25.04177,121.58735,16
500111070,20231109,1333,18,0,1,25.04177,121.58735,18
500111070,20231109,1334,18,0,1,25.04177,121.58735,18
500111070,20231109,1335,18,0,1,25.04177,121.58735,18
500111070,20231109,1336,18,0,1,25.04177,121.58735,18
500111070,20231109,1337,18,0,1,25.04177,121.58735,18
500111070,20231109,1338,18,0,1,25.04177,121.58735,18
500111070,20231109,1339,18,0,1,25.04177,121.58735,18
500111070,20231109,1341,18,0,1,25.04177,121.58735,18
500111070,20231109,1342,18,0,1,25.04177,121.58735,18
500111070,20231109,1343,18,0,1,25.04177,121.58735,18
500111070,20231109,1344,18,0,1,25.04177,121.58735,18
500111070,20231109,1345,18,0,1,25.04177,121.58735,18
500111070,20231109,1346,18,0,1,25.04177,121.58735,18
500111070,20231109,1347,18,0,1,25.04177,121.58735,18
500111070,20231109,1348,18,0,1,25.04177,121.58735,18
500111070,20231109,1349,18,0,1,25.04177,121.58735,18
500111070,20231109,1351,18,0,1,25.04177,121.58735,18
500111070,20231109,1352,18,0,1,25.04177,121.58735,18
500111070,20231109,1353,18,0,1,25.04177,121.58735,18
500111070,20231109,1354,18,0,1,25.04177,121.58735,18
500111070,20231109,1355,18,0,1,25.04177,121.58735,18
500111070,20231109,1356,18,0,1,25.04177,121.58735,18
500111070,20231109,1357,18,0,1,25.04177,121.58735,18
500111070,20231109,1358,18,0,1,25.04177,121.58735,18
500111070,20231109,1359,18,0,1,25.04177,121.58735,18
500111070,20231109,1360,18,0,1,25.04177,121.58735,18
500111070,20231109,1361,18,0,1,25.04177,121.58735,18
500111070,20231109,1362,18,0,1,25.04177,121.58735,18
500111070,20231109,1363,18,0,1,25.04177,121.58735,18
500111070,20231109,1364,18,0,1,25.04177,121.58735,18
500111070,20231109,1365,18,0,1,25.04177,121.58735,18
500111070,20231109,1366,18,0,1,25.04177,121.58735,18
500111070,20231109,1367,18,0,1,25.04177,121.58735,18
500111070,20231109,1368,18,0,1,25.04177,121.58735,18
500111070,20231109,1369,18,0,1,25.04177,121.58735,18
500111070,20231109,1370,18,0,1,25.04177,121.58735,18
500111070,20231109,1371,18,0,1,25.04177,121.58735,18
500111070,20231109,1372,18,0,1,25.04177,121.58735,18
500111070,20231109,1373,18,0,1,25.04177,121.58735,18
500111070,20231109,1374,18,0,1,25.04177,121.58735,18
500111070,20231109,1375,18,0,1,25.04177,121.58735,18
500111070,20231109,1376,18,0,1,25.04177,121.58735,18
500111070,20231109,1377,18,0,1,25.04177,121.58735,18
500111070,20231109,1378,18,0,1,25.04177,121.58735,18
500111070,20231109,1379,18,0,1,25.04177,121.58735,18
500111070,20231109,1381,18,0,1,25.04177,121.58735,18
500111070,20231109,1382,18,0,1,25.04177,121.58735,18
500111070,20231109,1383,18,0,1,25.04177,121.58735,18
500111070,20231109,1384,18,0,1,25.04177,121.58735,18
500111070,20231109,1385,18,0,1,25.04177,121.58735,18
500111070,20231109,1386,18,0,1,25.04177,121.58735,18
500111070,20231109,1387,18,0,1,25.04177,121.58735,18
500111070,20231109,1388,18,0,1,25.04177,121.58735,18
500111070,20231109,1389,18,0,1,25.04177,121.58735,18
500111070,20231109,1390,18,0,1,25.04177,121.58735,18
500111070,20231109,1391,18,1,1,25.04177,121.58735,17
500111070,20231109,1392,18,1,1,25.04177,121.58735,17
500111070,20231109,1393,18,1,1,25.04177,121.58735,17
500111070,20231109,1394,18,1,1,25.04177,121.58735,17
500111070,20231109,1395,18,1,1,25.04177,121.58735,17
500111070,20231109,1396,18,1,1,25.04177,121.58735,17
500111070,20231109,1397,18,1,1,25.04177,121.58735,17
500111070,20231109,1398,18,1,1,25.04177,121.58735,17
500111070,20231109,1399,18,1,1,25.04177,121.58735,17
500111070,20231109,1401,18,1,1,25.04177,121.58735,17
500111070,20231109,1402,18,1,1,25.04177,121.58735,17
500111070,20231109,1403,18,1,1,25.04177,121.58735,17
500111070,20231109,1404,18,1,1,25.04177,121.58735,17
500111070,20231109,1405,18,1,1,25.04177,121.58735,17
500111070,20231109,1406,18,2,1,25.04177,121.58735,16
500111070,20231109,1407,18,6,1,25.04177,121.58735,12
500111070,20231109,1408,18,12,1,25.04177,121.58735,6
500111070,20231109,1409,18,12,1,25.04177,121.58735,6
500111070,20231109,1410,18,12,1,25.04177,121.58735,6
500111070,20231109,1411,18,11,1,25.04177,121.58735,7
500111070,20231109,1412,18,11,1,25.04177,121.58735,7
500111070,20231109,1413,18,12,1,25.04177,121.58735,6
500111070,20231109,1414,18,12,1,25.04177,121.58735,6
500111070,20231109,1415,18,12,1,25.04177,121.58735,6
500111070,20231109,1416,18,12,1,25.04177,121.58735,6
500111070,20231109,1417,18,12,1,25.04177,121.58735,6
500111070,20231109,1418,18,12,1,25.04177,121.58735,6
500111070,20231109,1419,18,12,1,25.04177,121.58735,6
500111070,20231109,1420,18,12,1,25.04177,121.58735,6
500111070,20231109,1421,18,12,1,25.04177,121.58735,6
500111070,20231109,1422,18,12,1,25.04177,121.58735,6
500111070,20231109,1423,18,12,1,25.04177,121.58735,6
500111070,20231109,1424,18,12,1,25.04177,121.58735,6
500111070,20231109,1426,18,12,1,25.04177,121.58735,6
500111070,20231109,1427,18,13,1,25.04177,121.58735,5
500111070,20231109,1428,18,13,1,25.04177,121.58735,5
500111070,20231109,1429,18,13,1,25.04177,121.58735,5
500111070,20231109,1430,18,13,1,25.04177,121.58735,5
500111070,20231109,1431,18,13,1,25.04177,121.58735,5
500111070,20231109,1432,18,14,1,25.04177,121.58735,4
500111070,20231109,1433,18,14,1,25.04177,121.58735,4
500111070,20231109,1434,18,14,1,25.04177,121.58735,4
500111070,20231109,1435,18,14,1,25.04177,121.58735,4
500111070,20231109,1436,18,14,1,25.04177,121.58735,4
500111070,20231109,1437,18,14,1,25.04177,121.58735,4
500111070,20231109,1438,18,14,1,25.04177,121.58735,4
500111070,20231109,1439,18,14,1,25.04177,121.58735,4
500111070,20231110,1,18,14,1,25.04177,121.58735,4
500111070,20231110,2,18,14,1,25.04177,121.58735,4
500111070,20231110,3,18,14,1,25.04177,121.58735,4
500111070,20231110,4,18,14,1,25.04177,121.58735,4
500111070,20231110,5,18,14,1,25.04177,121.58735,4
500111070,20231110,6,18,13,1,25.04177,121.58735,5
500111070,20231110,7,18,13,1,25.04177,121.58735,5
500111070,20231110,8,18,13,1,25.04177,121.58735,5
500111070,20231110,9,18,13,1,25.04177,121.58735,5
500111070,20231110,10,18,13,1,25.04177,121.58735,5
500111070,20231110,11,18,13,1,25.04177,121.58735,5
500111070,20231110,12,18,13,1,25.04177,121.58735,5
500111070,20231110,13,18,13,1,25.04177,121.58735,5
500111070,20231110,14,18,13,1,25.04177,121.58735,5
500111070,20231110,15,18,13,1,25.04177,121.58735,5
500111070,20231110,16,18,13,1,25.04177,121.58735,5
500111070,20231110,17,18,13,1,25.04177,121.58735,5
500111070,20231110,18,18,13,1,25.04177,121.58735,5
500111070,20231110,19,18,13,1,25.04177,121.58735,5
500111070,20231110,21,18,12,1,25.04177,121.58735,6
500111070,20231110,22,18,12,1,25.04177,121.58735,6
500111070,20231110,23,18,12,1,25.04177,121.58735,6
500111070,20231110,24,18,12,1,25.04177,121.58735,6
500111070,20231110,25,18,12,1,25.04177,121.58735,6
500111070,20231110,26,18,12,1,25.04177,121.58735,6
500111070,20231110,27,18,12,1,25.04177,121.58735,6
500111070,20231110,28,18,12,1,25.04177,121.58735,6
500111070,20231110,29,18,12,1,25.04177,121.58735,6
500111070,20231110,30,18,12,1,25.04177,121.58735,6
500111070,20231110,31,18,12,1,25.04177,121.58735,6
500111070,20231110,32,18,12,1,25.04177,121.58735,6
500111070,20231110,33,18,12,1,25.04177,121.58735,6
500111070,20231110,34,18,12,1,25.04177,121.58735,6
500111070,20231110,35,18,11,1,25.04177,121.58735,7
500111070,20231110,36,18,11,1,25.04177,121.58735,7
500111070,20231110,37,18,11,1,25.04177,121.58735,7
500111070,20231110,38,18,11,1,25.04177,121.58735,7
500111070,20231110,39,18,11,1,25.04177,121.58735,7
500111070,20231110,40,18,11,1,25.04177,121.58735,7
500111070,20231110,41,18,10,1,25.04177,121.58735,8
500111070,20231110,42,18,10,1,25.04177,121.58735,8
500111070,20231110,43,18,10,1,25.04177,121.58735,8
500111070,20231110,44,18,10,1,25.04177,121.58735,8
500111070,20231110,45,18,10,1,25.04177,121.58735,8
500111070,20231110,46,18,10,1,25.04177,121.58735,8
500111070,20231110,47,18,10,1,25.04177,121.58735,8
500111070,20231110,48,18,10,1,25.04177,121.58735,8
500111070,20231110,49,18,7,1,25.04177,121.58735,11
500111070,20231110,50,18,7,1,25.04177,121.58735,11
500111070,20231110,51,18,7,1,25.04177,121.58735,11
500111070,20231110,52,18,7,1,25.04177,121.58735,11
500111070,20231110,53,18,7,1,25.04177,121.58735,11
500111070,20231110,54,18,7,1,25.04177,121.58735,11
500111070,20231110,55,18,7,1,25.04177,121.58735,11
500111070,20231110,56,18,7,1,25.04177,121.58735,11
500111070,20231110,57,18,7,1,25.04177,121.58735,11
500111070,20231110,58,18,7,1,25.04177,121.58735,11
500111070,20231110,59,18,7,1,25.04177,121.58735,11
500111070,20231110,61,18,7,1,25.04177,121.58735,11
500111070,20231110,62,18,7,1,25.04177,121.58735,11
500111070,20231110,63,18,7,1,25.04177,121.58735,11
500111070,20231110,64,18,7,1,25.04177,121.58735,11
500111070,20231110,65,18,7,1,25.04177,121.58735,11
500111070,20231110,66,18,7,1,25.04177,121.58735,11
500111070,20231110,67,18,7,1,25.04177,121.58735,11
500111070,20231110,68,18,7,1,25.04177,121.58735,11
500111070,20231110,69,18,7,1,25.04177,121.58735,11
500111070,20231110,70,18,7,1,25.04177,121.58735,11
500111070,20231110,71,18,6,1,25.04177,121.58735,12
500111070,20231110,72,18,6,1,25.04177,121.58735,12
500111070,20231110,73,18,6,1,25.04177,121.58735,12
500111070,20231110,74,18,6,1,25.04177,121.58735,12
500111070,20231110,75,18,6,1,25.04177,121.58735,12
500111070,20231110,76,18,6,1,25.04177,121.58735,12
500111070,20231110,77,18,6,1,25.04177,121.58735,12
500111070,20231110,78,18,6,1,25.04177,121.58735,12
500111070,20231110,79,18,6,1,25.04177,121.58735,12
500111070,20231110,81,18,6,1,25.04177,121.58735,12
500111070,20231110,82,18,6,1,25.04177,121.58735,12
500111070,20231110,83,18,6,1,25.04177,121.58735,12
500111070,20231110,84,18,6,1,25.04177,121.58735,12
500111070,20231110,85,18,6,1,25.04177,121.58735,12
500111070,20231110,86,18,6,1,25.04177,121.58735,12
500111070,20231110,87,18,6,1,25.04177,121.58735,12
500111070,20231110,88,18,6,1,25.04177,121.58735,12
500111070,20231110,89,18,6,1,25.04177,121.58735,12
500111070,20231110,90,18,6,1,25.04177,121.58735,12
500111070,20231110,91,18,6,1,25.04177,121.58735,12
500111070,20231110,92,18,6,1,25.04177,121.58735,12
500111070,20231110,93,18,6,1,25.04177,121.58735,12
500111070,20231110,94,18,6,1,25.04177,121.58735,12
500111070,20231110,95,18,6,1,25.04177,121.58735,12
500111070,20231110,96,18,6,1,25.04177,121.58735,12
500111070,20231110,97,18,6,1,25.04177,121.58735,12
500111070,20231110,98,18,6,1,25.04177,121.58735,12
500111070,20231110,99,18,6,1,25.04177,121.58735,12
500111070,20231110,100,18,6,1,25.04177,121.58735,12
500111070,20231110,101,18,6,1,25.04177,121.58735,12
500111070,20231110,102,18,6,1,25.04177,121.58735,12
500111070,20231110,103,18,6,1,25.04177,121.58735,12
500111070,20231110,104,18,7,1,25.04177,121.58735,11
500111070,20231110,106,18,7,1,25.04177,121.58735,11
500111070,20231110,107,18,7,1,25.04177,121.58735,11
500111070,20231110,108,18,7,1,25.04177,121.58735,11
500111070,20231110,109,18,7,1,25.04177,121.58735,11
500111070,20231110,110,18,7,1,25.04177,121.58735,11
500111070,20231110,111,18,7,1,25.04177,121.58735,11
500111070,20231110,112,18,7,1,25.04177,121.58735,11
500111070,20231110,114,18,7,1,25.04177,121.58735,11
500111070,20231110,115,18,7,1,25.04177,121.58735,11
500111070,20231110,116,18,7,1,25.04177,121.58735,11
500111070,20231110,118,18,7,1,25.04177,121.58735,11
500111070,20231110,119,18,7,1,25.04177,121.58735,11
500111070,20231110,121,18,7,1,25.04177,121.58735,11
500111070,20231110,122,18,7,1,25.04177,121.58735,11
500111070,20231110,123,18,7,1,25.04177,121.58735,11
500111070,20231110,124,18,7,1,25.04177,121.58735,11
500111070,20231110,125,18,7,1,25.04177,121.58735,11
500111070,20231110,126,18,7,1,25.04177,121.58735,11
500111070,20231110,127,18,7,1,25.04177,121.58735,11
500111070,20231110,128,18,7,1,25.04177,121.58735,11
500111070,20231110,129,18,7,1,25.04177,121.58735,11
500111070,20231110,130,18,7,1,25.04177,121.58735,11
500111070,20231110,131,18,7,1,25.04177,121.58735,11
500111070,20231110,132,18,7,1,25.04177,121.58735,11
500111070,20231110,133,18,7,1,25.04177,121.58735,11
500111070,20231110,134,18,7,1,25.04177,121.58735,11
500111070,20231110,135,18,7,1,25.04177,121.58735,11
500111070,20231110,136,18,7,1,25.04177,121.58735,11
500111070,20231110,137,18,7,1,25.04177,121.58735,11
500111070,20231110,138,18,7,1,25.04177,121.58735,11
500111070,20231110,139,18,7,1,25.04177,121.58735,11
500111070,20231110,141,18,7,1,25.04177,121.58735,11
500111070,20231110,142,18,7,1,25.04177,121.58735,11
500111070,20231110,143,18,7,1,25.04177,121.58735,11
500111070,20231110,144,18,7,1,25.04177,121.58735,11
500111070,20231110,145,18,7,1,25.04177,121.58735,11
500111070,20231110,146,18,7,1,25.04177,121.58735,11
500111070,20231110,147,18,7,1,25.04177,121.58735,11
500111070,20231110,148,18,7,1,25.04177,121.58735,11
500111070,20231110,149,18,7,1,25.04177,121.58735,11
500111070,20231110,150,18,7,1,25.04177,121.58735,11
500111070,20231110,151,18,7,1,25.04177,121.58735,11
500111070,20231110,152,18,7,1,25.04177,121.58735,11
500111070,20231110,153,18,7,1,25.04177,121.58735,11
500111070,20231110,154,18,7,1,25.04177,121.58735,11
500111070,20231110,155,18,7,1,25.04177,121.58735,11
500111070,20231110,156,18,7,1,25.04177,121.58735,11
500111070,20231110,157,18,7,1,25.04177,121.58735,11
500111070,20231110,158,18,7,1,25.04177,121.58735,11
500111070,20231110,159,18,7,1,25.04177,121.58735,11
500111070,20231110,160,18,7,1,25.04177,121.58735,11
500111070,20231110,161,18,7,1,25.04177,121.58735,11
500111070,20231110,162,18,7,1,25.04177,121.58735,11
500111070,20231110,163,18,7,1,25.04177,121.58735,11
500111070,20231110,164,18,7,1,25.04177,121.58735,11
500111070,20231110,165,18,7,1,25.04177,121.58735,11
500111070,20231110,166,18,7,1,25.04177,121.58735,11
500111070,20231110,167,18,7,1,25.04177,121.58735,11
500111070,20231110,168,18,7,1,25.04177,121.58735,11
500111070,20231110,169,18,7,1,25.04177,121.58735,11
500111070,20231110,170,18,7,1,25.04177,121.58735,11
500111070,20231110,171,18,7,1,25.04177,121.58735,11
500111070,20231110,172,18,7,1,25.04177,121.58735,11
500111070,20231110,173,18,7,1,25.04177,121.58735,11
500111070,20231110,174,18,7,1,25.04177,121.58735,11
500111070,20231110,175,18,7,1,25.04177,121.58735,11
500111070,20231110,176,18,7,1,25.04177,121.58735,11
500111070,20231110,177,18,7,1,25.04177,121.58735,11
500111070,20231110,178,18,7,1,25.04177,121.58735,11
500111070,20231110,179,18,7,1,25.04177,121.58735,11
500111070,20231110,180,18,7,1,25.04177,121.58735,11
500111070,20231110,181,18,7,1,25.04177,121.58735,11
500111070,20231110,182,18,7,1,25.04177,121.58735,11
500111070,20231110,183,18,7,1,25.04177,121.58735,11
500111070,20231110,184,18,7,1,25.04177,121.58735,11
500111070,20231110,185,18,7,1,25.04177,121.58735,11
500111070,20231110,186,18,7,1,25.04177,121.58735,11
500111070,20231110,187,18,7,1,25.04177,121.58735,11
500111070,20231110,188,18,7,1,25.04177,121.58735,11
500111070,20231110,189,18,7,1,25.04177,121.58735,11
500111070,20231110,190,18,7,1,25.04177,121.58735,11
500111070,20231110,191,18,7,1,25.04177,121.58735,11
500111070,20231110,192,18,7,1,25.04177,121.58735,11
500111070,20231110,193,18,7,1,25.04177,121.58735,11
500111070,20231110,194,18,7,1,25.04177,121.58735,11
500111070,20231110,195,18,7,1,25.04177,121.58735,11
500111070,20231110,196,18,7,1,25.04177,121.58735,11
500111070,20231110,197,18,7,1,25.04177,121.58735,11
500111070,20231110,198,18,7,1,25.04177,121.58735,11
500111070,20231110,199,18,7,1,25.04177,121.58735,11
500111070,20231110,201,18,7,1,25.04177,121.58735,11
500111070,20231110,202,18,7,1,25.04177,121.58735,11
500111070,20231110,203,18,7,1,25.04177,121.58735,11
500111070,20231110,204,18,7,1,25.04177,121.58735,11
500111070,20231110,205,18,7,1,25.04177,121.58735,11
500111070,20231110,206,18,7,1,25.04177,121.58735,11
500111070,20231110,207,18,7,1,25.04177,121.58735,11
500111070,20231110,208,18,7,1,25.04177,121.58735,11
500111070,20231110,209,18,7,1,25.04177,121.58735,11
500111070,20231110,210,18,7,1,25.04177,121.58735,11
500111070,20231110,211,18,7,1,25.04177,121.58735,11
500111070,20231110,212,18,7,1,25.04177,121.58735,11
500111070,20231110,213,18,7,1,25.04177,121.58735,11
500111070,20231110,214,18,7,1,25.04177,121.58735,11
500111070,20231110,215,18,7,1,25.04177,121.58735,11
500111070,20231110,216,18,7,1,25.04177,121.58735,11
500111070,20231110,217,18,7,1,25.04177,121.58735,11
500111070,20231110,218,18,7,1,25.04177,121.58735,11
500111070,20231110,219,18,7,1,25.04177,121.58735,11
500111070,20231110,220,18,7,1,25.04177,121.58735,11
500111070,20231110,221,18,7,1,25.04177,121.58735,11
500111070,20231110,222,18,7,1,25.04177,121.58735,11
500111070,20231110,223,18,7,1,25.04177,121.58735,11
500111070,20231110,224,18,7,1,25.04177,121.58735,11
500111070,20231110,225,18,7,1,25.04177,121.58735,11
500111070,20231110,226,18,7,1,25.04177,121.58735,11
500111070,20231110,227,18,7,1,25.04177,121.58735,11
500111070,20231110,228,18,7,1,25.04177,121.58735,11
500111070,20231110,229,18,7,1,25.04177,121.58735,11
500111070,20231110,230,18,7,1,25.04177,121.58735,11
500111070,20231110,231,18,7,1,25.04177,121.58735,11
500111070,20231110,232,18,7,1,25.04177,121.58735,11
500111070,20231110,233,18,7,1,25.04177,121.58735,11
500111070,20231110,234,18,7,1,25.04177,121.58735,11
500111070,20231110,235,18,7,1,25.04177,121.58735,11
500111070,20231110,236,18,7,1,25.04177,121.58735,11
500111070,20231110,237,18,7,1,25.04177,121.58735,11
500111070,20231110,238,18,7,1,25.04177,121.58735,11
500111070,20231110,240,18,7,1,25.04177,121.58735,11
500111070,20231110,241,18,7,1,25.04177,121.58735,11
500111070,20231110,242,18,7,1,25.04177,121.58735,11
500111070,20231110,243,18,7,1,25.04177,121.58735,11
500111070,20231110,244,18,7,1,25.04177,121.58735,11
500111070,20231110,245,18,7,1,25.04177,121.58735,11
500111070,20231110,246,18,7,1,25.04177,121.58735,11
500111070,20231110,247,18,7,1,25.04177,121.58735,11
500111070,20231110,248,18,7,1,25.04177,121.58735,11
500111070,20231110,249,18,7,1,25.04177,121.58735,11
500111070,20231110,250,18,7,1,25.04177,121.58735,11
500111070,20231110,251,18,7,1,25.04177,121.58735,11
500111070,20231110,252,18,7,1,25.04177,121.58735,11
500111070,20231110,253,18,7,1,25.04177,121.58735,11
500111070,20231110,254,18,7,1,25.04177,121.58735,11
500111070,20231110,255,18,7,1,25.04177,121.58735,11
500111070,20231110,256,18,7,1,25.04177,121.58735,11
500111070,20231110,257,18,7,1,25.04177,121.58735,11
500111070,20231110,258,18,7,1,25.04177,121.58735,11
500111070,20231110,259,18,7,1,25.04177,121.58735,11
500111070,20231110,261,18,7,1,25.04177,121.58735,11
500111070,20231110,262,18,7,1,25.04177,121.58735,11
500111070,20231110,263,18,7,1,25.04177,121.58735,11
500111070,20231110,264,18,7,1,25.04177,121.58735,11
500111070,20231110,265,18,7,1,25.04177,121.58735,11
500111070,20231110,266,18,7,1,25.04177,121.58735,11
500111070,20231110,267,18,7,1,25.04177,121.58735,11
500111070,20231110,268,18,7,1,25.04177,121.58735,11
500111070,20231110,269,18,7,1,25.04177,121.58735,11
500111070,20231110,270,18,7,1,25.04177,121.58735,11
500111070,20231110,271,18,7,1,25.04177,121.58735,11
500111070,20231110,272,18,7,1,25.04177,121.58735,11
500111070,20231110,273,18,7,1,25.04177,121.58735,11
500111070,20231110,274,18,7,1,25.04177,121.58735,11
500111070,20231110,275,18,7,1,25.04177,121.58735,11
500111070,20231110,276,18,7,1,25.04177,121.58735,11
500111070,20231110,277,18,7,1,25.04177,121.58735,11
500111070,20231110,278,18,7,1,25.04177,121.58735,11
500111070,20231110,279,18,7,1,25.04177,121.58735,11
500111070,20231110,280,18,7,1,25.04177,121.58735,11
500111070,20231110,281,18,7,1,25.04177,121.58735,11
500111070,20231110,282,18,7,1,25.04177,121.58735,11
500111070,20231110,283,18,7,1,25.04177,121.58735,11
500111070,20231110,284,18,7,1,25.04177,121.58735,11
500111070,20231110,285,18,7,1,25.04177,121.58735,11
500111070,20231110,286,18,7,1,25.04177,121.58735,11
500111070,20231110,287,18,7,1,25.04177,121.58735,11
500111070,20231110,288,18,7,1,25.04177,121.58735,11
500111070,20231110,289,18,7,1,25.04177,121.58735,11
500111070,20231110,290,18,7,1,25.04177,121.58735,11
500111070,20231110,291,18,7,1,25.04177,121.58735,11
500111070,20231110,292,18,7,1,25.04177,121.58735,11
500111070,20231110,293,18,7,1,25.04177,121.58735,11
500111070,20231110,294,18,7,1,25.04177,121.58735,11
500111070,20231110,295,18,7,1,25.04177,121.58735,11
500111070,20231110,296,18,7,1,25.04177,121.58735,11
500111070,20231110,297,18,7,1,25.04177,121.58735,11
500111070,20231110,298,18,7,1,25.04177,121.58735,11
500111070,20231110,299,18,7,1,25.04177,121.58735,11
500111070,20231110,300,18,7,1,25.04177,121.58735,11
500111070,20231110,301,18,7,1,25.04177,121.58735,11
500111070,20231110,302,18,7,1,25.04177,121.58735,11
500111070,20231110,303,18,7,1,25.04177,121.58735,11
500111070,20231110,304,18,7,1,25.04177,121.58735,11
500111070,20231110,305,18,7,1,25.04177,121.58735,11
500111070,20231110,306,18,7,1,25.04177,121.58735,11
500111070,20231110,307,18,7,1,25.04177,121.58735,11
500111070,20231110,308,18,7,1,25.04177,121.58735,11
500111070,20231110,309,18,7,1,25.04177,121.58735,11
500111070,20231110,310,18,7,1,25.04177,121.58735,11
500111070,20231110,311,18,7,1,25.04177,121.58735,11
500111070,20231110,312,18,7,1,25.04177,121.58735,11
500111070,20231110,313,18,7,1,25.04177,121.58735,11
500111070,20231110,314,18,7,1,25.04177,121.58735,11
500111070,20231110,315,18,7,1,25.04177,121.58735,11
500111070,20231110,316,18,7,1,25.04177,121.58735,11
500111070,20231110,317,18,7,1,25.04177,121.58735,11
500111070,20231110,318,18,7,1,25.04177,121.58735,11
500111070,20231110,319,18,7,1,25.04177,121.58735,11
500111070,20231110,321,18,7,1,25.04177,121.58735,11
500111070,20231110,322,18,7,1,25.04177,121.58735,11
500111070,20231110,323,18,7,1,25.04177,121.58735,11
500111070,20231110,324,18,7,1,25.04177,121.58735,11
500111070,20231110,325,18,7,1,25.04177,121.58735,11
500111070,20231110,326,18,7,1,25.04177,121.58735,11
500111070,20231110,327,18,7,1,25.04177,121.58735,11
500111070,20231110,328,18,7,1,25.04177,121.58735,11
500111070,20231110,329,18,7,1,25.04177,121.58735,11
500111070,20231110,330,18,7,1,25.04177,121.58735,11
500111070,20231110,331,18,7,1,25.04177,121.58735,11
500111070,20231110,332,18,7,1,25.04177,121.58735,11
500111070,20231110,333,18,7,1,25.04177,121.58735,11
500111070,20231110,334,18,7,1,25.04177,121.58735,11
500111070,20231110,335,18,7,1,25.04177,121.58735,11
500111070,20231110,336,18,7,1,25.04177,121.58735,11
500111070,20231110,337,18,7,1,25.04177,121.58735,11
500111070,20231110,338,18,7,1,25.04177,121.58735,11
500111070,20231110,339,18,7,1,25.04177,121.58735,11
500111070,20231110,340,18,8,1,25.04177,121.58735,10
500111070,20231110,341,18,8,1,25.04177,121.58735,10
500111070,20231110,342,18,8,1,25.04177,121.58735,10
500111070,20231110,343,18,8,1,25.04177,121.58735,10
500111070,20231110,344,18,8,1,25.04177,121.58735,10
500111070,20231110,345,18,8,1,25.04177,121.58735,10
500111070,20231110,346,18,9,1,25.04177,121.58735,9
500111070,20231110,347,18,10,1,25.04177,121.58735,8
500111070,20231110,348,18,10,1,25.04177,121.58735,8
500111070,20231110,349,18,10,1,25.04177,121.58735,8
500111070,20231110,350,18,10,1,25.04177,121.58735,8
500111070,20231110,351,18,10,1,25.04177,121.58735,8
500111070,20231110,352,18,10,1,25.04177,121.58735,8
500111070,20231110,353,18,10,1,25.04177,121.58735,8
500111070,20231110,354,18,10,1,25.04177,121.58735,8
500111070,20231110,355,18,10,1,25.04177,121.58735,8
500111070,20231110,356,18,11,1,25.04177,121.58735,7
500111070,20231110,357,18,11,1,25.04177,121.58735,7
500111070,20231110,358,18,11,1,25.04177,121.58735,7
500111070,20231110,359,18,11,1,25.04177,121.58735,7
500111070,20231110,360,18,11,1,25.04177,121.58735,7
500111070,20231110,361,18,11,1,25.04177,121.58735,7
500111070,20231110,362,18,11,1,25.04177,121.58735,7
500111070,20231110,363,18,11,1,25.04177,121.58735,7
500111070,20231110,364,18,11,1,25.04177,121.58735,7
500111070,20231110,365,18,11,1,25.04177,121.58735,7
500111070,20231110,366,18,11,1,25.04177,121.58735,7
500111070,20231110,367,18,11,1,25.04177,121.58735,7
500111070,20231110,368,18,11,1,25.04177,121.58735,7
500111070,20231110,369,18,11,1,25.04177,121.58735,7
500111070,20231110,370,18,11,1,25.04177,121.58735,7
500111070,20231110,371,18,11,1,25.04177,121.58735,7
500111070,20231110,372,18,12,1,25.04177,121.58735,6
500111070,20231110,373,18,12,1,25.04177,121.58735,6
500111070,20231110,374,18,12,1,25.04177,121.58735,6
500111070,20231110,375,18,12,1,25.04177,121.58735,6
500111070,20231110,376,18,12,1,25.04177,121.58735,6
500111070,20231110,377,18,12,1,25.04177,121.58735,6
500111070,20231110,378,18,12,1,25.04177,121.58735,6
500111070,20231110,379,18,12,1,25.04177,121.58735,6
500111070,20231110,381,18,12,1,25.04177,121.58735,6
500111070,20231110,382,18,12,1,25.04177,121.58735,6
500111070,20231110,383,18,12,1,25.04177,121.58735,6
500111070,20231110,384,18,12,1,25.04177,121.58735,6
500111070,20231110,385,18,12,1,25.04177,121.58735,6
500111070,20231110,386,18,12,1,25.04177,121.58735,6
500111070,20231110,387,18,12,1,25.04177,121.58735,6
500111070,20231110,388,18,12,1,25.04177,121.58735,6
500111070,20231110,389,18,12,1,25.04177,121.58735,6
500111070,20231110,390,18,12,1,25.04177,121.58735,6
500111070,20231110,391,18,12,1,25.04177,121.58735,6
500111070,20231110,392,18,12,1,25.04177,121.58735,6
500111070,20231110,393,18,12,1,25.04177,121.58735,6
500111070,20231110,394,18,12,1,25.04177,121.58735,6
500111070,20231110,395,18,12,1,25.04177,121.58735,6
500111070,20231110,396,18,12,1,25.04177,121.58735,6
500111070,20231110,397,18,12,1,25.04177,121.58735,6
500111070,20231110,398,18,12,1,25.04177,121.58735,6
500111070,20231110,399,18,12,1,25.04177,121.58735,6
500111070,20231110,400,18,13,1,25.04177,121.58735,5
500111070,20231110,401,18,13,1,25.04177,121.58735,5
500111070,20231110,402,18,13,1,25.04177,121.58735,5
500111070,20231110,403,18,13,1,25.04177,121.58735,5
500111070,20231110,404,18,14,1,25.04177,121.58735,4
500111070,20231110,405,18,14,1,25.04177,121.58735,4
500111070,20231110,406,18,14,1,25.04177,121.58735,4
500111070,20231110,407,18,15,1,25.04177,121.58735,3
500111070,20231110,408,18,15,1,25.04177,121.58735,3
500111070,20231110,409,18,14,1,25.04177,121.58735,4
500111070,20231110,410,18,14,1,25.04177,121.58735,4
500111070,20231110,411,18,14,1,25.04177,121.58735,4
500111070,20231110,412,18,14,1,25.04177,121.58735,4
500111070,20231110,413,18,14,1,25.04177,121.58735,4
500111070,20231110,414,18,14,1,25.04177,121.58735,4
500111070,20231110,415,18,14,1,25.04177,121.58735,4
500111070,20231110,416,18,15,1,25.04177,121.58735,3
500111070,20231110,417,18,15,1,25.04177,121.58735,3
500111070,20231110,418,18,15,1,25.04177,121.58735,3
500111070,20231110,419,18,15,1,25.04177,121.58735,3
500111070,20231110,421,18,15,1,25.04177,121.58735,3
500111070,20231110,422,18,16,1,25.04177,121.58735,2
500111070,20231110,423,18,18,1,25.04177,121.58735,0
500111070,20231110,424,18,18,1,25.04177,121.58735,0
500111070,20231110,425,18,18,1,25.04177,121.58735,0
500111070,20231110,426,18,18,1,25.04177,121.58735,0
500111070,20231110,427,18,18,1,25.04177,121.58735,0
500111070,20231110,428,18,17,1,25.04177,121.58735,1
500111070,20231110,429,18,18,1,25.04177,121.58735,0
500111070,20231110,430,18,18,1,25.04177,121.58735,0
500111070,20231110,431,18,18,1,25.04177,121.58735,0
500111070,20231110,432,18,18,1,25.04177,121.58735,0
500111070,20231110,433,18,18,1,25.04177,121.58735,0
500111070,20231110,434,18,18,1,25.04177,121.58735,0
500111070,20231110,435,18,18,1,25.04177,121.58735,0
500111070,20231110,436,18,18,1,25.04177,121.58735,0
500111070,20231110,437,18,18,1,25.04177,121.58735,0
500111070,20231110,438,18,18,1,25.04177,121.58735,0
500111070,20231110,439,18,18,1,25.04177,121.58735,0
500111070,20231110,441,18,18,1,25.04177,121.58735,0
500111070,20231110,442,18,18,1,25.04177,121.58735,0
500111070,20231110,443,18,18,1,25.04177,121.58735,0
500111070,20231110,444,18,18,1,25.04177,121.58735,0
500111070,20231110,445,18,18,1,25.04177,121.58735,0
500111070,20231110,446,18,18,1,25.04177,121.58735,0
500111070,20231110,447,18,18,1,25.04177,121.58735,0
500111070,20231110,448,18,18,1,25.04177,121.58735,0
500111070,20231110,449,18,18,1,25.04177,121.58735,0
500111070,20231110,451,18,18,1,25.04177,121.58735,0
500111070,20231110,452,18,18,1,25.04177,121.58735,0
500111070,20231110,453,18,18,1,25.04177,121.58735,0
500111070,20231110,454,18,18,1,25.04177,121.58735,0
500111070,20231110,455,18,18,1,25.04177,121.58735,0
500111070,20231110,456,18,18,1,25.04177,121.58735,0
500111070,20231110,457,18,18,1,25.04177,121.58735,0
500111070,20231110,458,18,18,1,25.04177,121.58735,0
500111070,20231110,459,18,18,1,25.04177,121.58735,0
500111070,20231110,460,18,18,1,25.04177,121.58735,0
500111070,20231110,461,18,18,1,25.04177,121.58735,0
500111070,20231110,462,18,18,1,25.04177,121.58735,0
500111070,20231110,463,18,18,1,25.04177,121.58735,0
500111070,20231110,464,18,18,1,25.04177,121.58735,0
500111070,20231110,465,18,18,1,25.04177,121.58735,0
500111070,20231110,466,18,18,1,25.04177,121.58735,0
500111070,20231110,467,18,18,1,25.04177,121.58735,0
500111070,20231110,468,18,18,1,25.04177,121.58735,0
500111070,20231110,469,18,18,1,25.04177,121.58735,0
500111070,20231110,470,18,18,1,25.04177,121.58735,0
500111070,20231110,472,18,17,1,25.04177,121.58735,1
500111070,20231110,473,18,17,1,25.04177,121.58735,1
500111070,20231110,474,18,18,1,25.04177,121.58735,0
500111070,20231110,475,18,18,1,25.04177,121.58735,0
500111070,20231110,476,18,18,1,25.04177,121.58735,0
500111070,20231110,477,18,18,1,25.04177,121.58735,0
500111070,20231110,478,18,18,1,25.04177,121.58735,0
500111070,20231110,479,18,18,1,25.04177,121.58735,0
500111070,20231110,481,18,18,1,25.04177,121.58735,0
500111070,20231110,482,18,18,1,25.04177,121.58735,0
500111070,20231110,483,18,18,1,25.04177,121.58735,0
500111070,20231110,484,18,18,1,25.04177,121.58735,0
500111070,20231110,485,18,18,1,25.04177,121.58735,0
500111070,20231110,486,18,18,1,25.04177,121.58735,0
500111070,20231110,487,18,18,1,25.04177,121.58735,0
500111070,20231110,488,18,18,1,25.04177,121.58735,0
500111070,20231110,489,18,18,1,25.04177,121.58735,0
500111070,20231110,490,18,18,1,25.04177,121.58735,0
500111070,20231110,491,18,18,1,25.04177,121.58735,0
500111070,20231110,492,18,17,1,25.04177,121.58735,1
500111070,20231110,493,18,18,1,25.04177,121.58735,0
500111070,20231110,494,18,18,1,25.04177,121.58735,0
500111070,20231110,495,18,18,1,25.04177,121.58735,0
500111070,20231110,496,18,18,1,25.04177,121.58735,0
500111070,20231110,497,18,18,1,25.04177,121.58735,0
500111070,20231110,498,18,18,1,25.04177,121.58735,0
500111070,20231110,499,18,18,1,25.04177,121.58735,0
500111070,20231110,501,18,18,1,25.04177,121.58735,0
500111070,20231110,502,18,18,1,25.04177,121.58735,0
500111070,20231110,503,18,18,1,25.04177,121.58735,0
500111070,20231110,504,18,18,1,25.04177,121.58735,0
500111070,20231110,505,18,18,1,25.04177,121.58735,0
500111070,20231110,506,18,18,1,25.04177,121.58735,0
500111070,20231110,507,18,18,1,25.04177,121.58735,0
500111070,20231110,508,18,18,1,25.04177,121.58735,0
500111070,20231110,509,18,18,1,25.04177,121.58735,0
500111070,20231110,511,18,18,1,25.04177,121.58735,0
500111070,20231110,512,18,18,1,25.04177,121.58735,0
500111070,20231110,513,18,18,1,25.04177,121.58735,0
500111070,20231110,514,18,18,1,25.04177,121.58735,0
500111070,20231110,515,18,18,1,25.04177,121.58735,0
500111070,20231110,516,18,18,1,25.04177,121.58735,0
500111070,20231110,517,18,18,1,25.04177,121.58735,0
500111070,20231110,518,18,18,1,25.04177,121.58735,0
500111070,20231110,519,18,18,1,25.04177,121.58735,0
500111070,20231110,520,18,18,1,25.04177,121.58735,0
500111070,20231110,521,18,18,1,25.04177,121.58735,0
500111070,20231110,522,18,18,1,25.04177,121.58735,0
500111070,20231110,523,18,18,1,25.04177,121.58735,0
500111070,20231110,524,18,18,1,25.04177,121.58735,0
500111070,20231110,525,18,18,1,25.04177,121.58735,0
500111070,20231110,526,18,17,1,25.04177,121.58735,1
500111070,20231110,527,18,17,1,25.04177,121.58735,1
500111070,20231110,528,18,17,1,25.04177,121.58735,1
500111070,20231110,529,18,17,1,25.04177,121.58735,1
500111070,20231110,530,18,17,1,25.04177,121.58735,1
500111070,20231110,531,18,17,1,25.04177,121.58735,1
500111070,20231110,532,18,18,1,25.04177,121.58735,0
500111070,20231110,533,18,17,1,25.04177,121.58735,1
500111070,20231110,534,18,17,1,25.04177,121.58735,1
500111070,20231110,535,18,17,1,25.04177,121.58735,1
500111070,20231110,536,18,17,1,25.04177,121.58735,1
500111070,20231110,537,18,17,1,25.04177,121.58735,1
500111070,20231110,538,18,16,1,25.04177,121.58735,2
500111070,20231110,539,18,16,1,25.04177,121.58735,2
500111070,20231110,541,18,15,1,25.04177,121.58735,3
500111070,20231110,542,18,15,1,25.04177,121.58735,3
500111070,20231110,543,18,14,1,25.04177,121.58735,4
500111070,20231110,544,18,13,1,25.04177,121.58735,5
500111070,20231110,545,18,14,1,25.04177,121.58735,4
500111070,20231110,546,18,13,1,25.04177,121.58735,5
500111070,20231110,547,18,13,1,25.04177,121.58735,5
500111070,20231110,548,18,14,1,25.04177,121.58735,4
500111070,20231110,549,18,14,1,25.04177,121.58735,4
500111070,20231110,550,18,14,1,25.04177,121.58735,4
500111070,20231110,551,18,14,1,25.04177,121.58735,4
500111070,20231110,552,18,12,1,25.04177,121.58735,6
500111070,20231110,553,18,8,1,25.04177,121.58735,10
500111070,20231110,554,18,5,1,25.04177,121.58735,13
500111070,20231110,555,18,3,1,25.04177,121.58735,15
500111070,20231110,556,18,0,1,25.04177,121.58735,18
500111070,20231110,557,18,0,1,25.04177,121.58735,18
500111070,20231110,558,18,0,1,25.04177,121.58735,18
500111070,20231110,559,18,1,1,25.04177,121.58735,17
500111070,20231110,561,18,1,1,25.04177,121.58735,17
500111070,20231110,562,18,2,1,25.04177,121.58735,16
500111070,20231110,563,18,1,1,25.04177,121.58735,17
500111070,20231110,564,18,2,1,25.04177,121.58735,16
500111070,20231110,565,18,2,1,25.04177,121.58735,16
500111070,20231110,566,18,3,1,25.04177,121.58735,15
500111070,20231110,567,18,3,1,25.04177,121.58735,15
500111070,20231110,568,18,4,1,25.04177,121.58735,14
500111070,20231110,569,18,4,1,25.04177,121.58735,14
500111070,20231110,571,18,6,1,25.04177,121.58735,12
500111070,20231110,572,18,6,1,25.04177,121.58735,12
500111070,20231110,573,18,6,1,25.04177,121.58735,12
500111070,20231110,574,18,6,1,25.04177,121.58735,12
500111070,20231110,575,18,7,1,25.04177,121.58735,11
500111070,20231110,576,18,8,1,25.04177,121.58735,10
500111070,20231110,577,18,8,1,25.04177,121.58735,10
500111070,20231110,578,18,8,1,25.04177,121.58735,10
500111070,20231110,579,18,8,1,25.04177,121.58735,10
500111070,20231110,580,18,8,1,25.04177,121.58735,10
500111070,20231110,581,18,8,1,25.04177,121.58735,10
500111070,20231110,582,18,9,1,25.04177,121.58735,9
500111070,20231110,583,18,9,1,25.04177,121.58735,9
500111070,20231110,584,18,9,1,25.04177,121.58735,9
500111070,20231110,585,18,9,1,25.04177,121.58735,9
500111070,20231110,586,18,8,1,25.04177,121.58735,10
500111070,20231110,587,18,8,1,25.04177,121.58735,10
500111070,20231110,588,18,8,1,25.04177,121.58735,10
500111070,20231110,589,18,8,1,25.04177,121.58735,10
500111070,20231110,590,18,8,1,25.04177,121.58735,10
500111070,20231110,591,18,8,1,25.04177,121.58735,10
500111070,20231110,592,18,8,1,25.04177,121.58735,10
500111070,20231110,593,18,8,1,25.04177,121.58735,10
500111070,20231110,594,18,9,1,25.04177,121.58735,9
500111070,20231110,595,18,9,1,25.04177,121.58735,9
500111070,20231110,596,18,8,1,25.04177,121.58735,10
500111070,20231110,597,18,8,1,25.04177,121.58735,10
500111070,20231110,598,18,8,1,25.04177,121.58735,10
500111070,20231110,599,18,8,1,25.04177,121.58735,10
500111070,20231110,601,18,8,1,25.04177,121.58735,10
500111070,20231110,602,18,8,1,25.04177,121.58735,10
500111070,20231110,603,18,8,1,25.04177,121.58735,10
500111070,20231110,604,18,8,1,25.04177,121.58735,10
500111070,20231110,605,18,9,1,25.04177,121.58735,9
500111070,20231110,606,18,9,1,25.04177,121.58735,9
500111070,20231110,607,18,9,1,25.04177,121.58735,9
500111070,20231110,608,18,9,1,25.04177,121.58735,9
500111070,20231110,609,18,9,1,25.04177,121.58735,9
500111070,20231110,610,18,9,1,25.04177,121.58735,9
500111070,20231110,611,18,10,1,25.04177,121.58735,8
500111070,20231110,612,18,10,1,25.04177,121.58735,8
500111070,20231110,613,18,9,1,25.04177,121.58735,9
500111070,20231110,614,18,9,1,25.04177,121.58735,9
500111070,20231110,615,18,9,1,25.04177,121.58735,9
500111070,20231110,616,18,9,1,25.04177,121.58735,9
500111070,20231110,617,18,9,1,25.04177,121.58735,9
500111070,20231110,618,18,9,1,25.04177,121.58735,9
500111070,20231110,619,18,9,1,25.04177,121.58735,9
500111070,20231110,621,18,9,1,25.04177,121.58735,9
500111070,20231110,622,18,9,1,25.04177,121.58735,9
500111070,20231110,623,18,9,1,25.04177,121.58735,9
500111070,20231110,624,18,9,1,25.04177,121.58735,9
500111070,20231110,625,18,11,1,25.04177,121.58735,7
500111070,20231110,626,18,9,1,25.04177,121.58735,9
500111070,20231110,627,18,9,1,25.04177,121.58735,9
500111070,20231110,628,18,4,1,25.04177,121.58735,14
500111070,20231110,629,18,2,1,25.04177,121.58735,16
500111070,20231110,631,18,1,1,25.04177,121.58735,17
500111070,20231110,632,18,1,1,25.04177,121.58735,17
500111070,20231110,633,18,1,1,25.04177,121.58735,17
500111070,20231110,634,18,1,1,25.04177,121.58735,17
500111070,20231110,635,18,1,1,25.04177,121.58735,17
500111070,20231110,636,18,1,1,25.04177,121.58735,17
500111070,20231110,637,18,1,1,25.04177,121.58735,17
500111070,20231110,638,18,1,1,25.04177,121.58735,17
500111070,20231110,639,18,1,1,25.04177,121.58735,17
500111070,20231110,640,18,1,1,25.04177,121.58735,17
500111070,20231110,641,18,1,1,25.04177,121.58735,17
500111070,20231110,642,18,2,1,25.04177,121.58735,16
500111070,20231110,643,18,2,1,25.04177,121.58735,16
500111070,20231110,644,18,2,1,25.04177,121.58735,16
500111070,20231110,645,18,2,1,25.04177,121.58735,16
500111070,20231110,646,18,2,1,25.04177,121.58735,16
500111070,20231110,647,18,2,1,25.04177,121.58735,16
500111070,20231110,648,18,1,1,25.04177,121.58735,17
500111070,20231110,649,18,1,1,25.04177,121.58735,17
500111070,20231110,650,18,1,1,25.04177,121.58735,17
500111070,20231110,651,18,1,1,25.04177,121.58735,17
500111070,20231110,652,18,1,1,25.04177,121.58735,17
500111070,20231110,653,18,1,1,25.04177,121.58735,17
500111070,20231110,654,18,1,1,25.04177,121.58735,17
500111070,20231110,655,18,1,1,25.04177,121.58735,17
500111070,20231110,656,18,1,1,25.04177,121.58735,17
500111070,20231110,657,18,2,1,25.04177,121.58735,16
500111070,20231110,658,18,1,1,25.04177,121.58735,17
500111070,20231110,659,18,1,1,25.04177,121.58735,17
500111070,20231110,661,18,1,1,25.04177,121.58735,17
500111070,20231110,662,18,1,1,25.04177,121.58735,17
500111070,20231110,663,18,1,1,25.04177,121.58735,17
500111070,20231110,664,18,1,1,25.04177,121.58735,17
500111070,20231110,665,18,1,1,25.04177,121.58735,17
500111070,20231110,666,18,2,1,25.04177,121.58735,16
500111070,20231110,667,18,2,1,25.04177,121.58735,16
500111070,20231110,668,18,2,1,25.04177,121.58735,16
500111070,20231110,669,18,2,1,25.04177,121.58735,16
500111070,20231110,670,18,2,1,25.04177,121.58735,16
500111070,20231110,671,18,2,1,25.04177,121.58735,16
500111070,20231110,672,18,2,1,25.04177,121.58735,16
500111070,20231110,673,18,2,1,25.04177,121.58735,16
500111070,20231110,674,18,2,1,25.04177,121.58735,16
500111070,20231110,675,18,2,1,25.04177,121.58735,16
500111070,20231110,676,18,2,1,25.04177,121.58735,16
500111070,20231110,677,18,2,1,25.04177,121.58735,16
500111070,20231110,678,18,2,1,25.04177,121.58735,16
500111070,20231110,679,18,2,1,25.04177,121.58735,16
500111070,20231110,681,18,2,1,25.04177,121.58735,16
500111070,20231110,682,18,2,1,25.04177,121.58735,16
500111070,20231110,683,18,2,1,25.04177,121.58735,16
500111070,20231110,684,18,2,1,25.04177,121.58735,16
500111070,20231110,685,18,1,1,25.04177,121.58735,17
500111070,20231110,686,18,1,1,25.04177,121.58735,17
500111070,20231110,687,18,1,1,25.04177,121.58735,17
500111070,20231110,688,18,1,1,25.04177,121.58735,17
500111070,20231110,689,18,1,1,25.04177,121.58735,17
500111070,20231110,690,18,1,1,25.04177,121.58735,17
500111070,20231110,691,18,1,1,25.04177,121.58735,17
500111070,20231110,692,18,2,1,25.04177,121.58735,16
500111070,20231110,693,18,2,1,25.04177,121.58735,16
500111070,20231110,694,18,2,1,25.04177,121.58735,16
500111070,20231110,695,18,2,1,25.04177,121.58735,16
500111070,20231110,696,18,2,1,25.04177,121.58735,16
500111070,20231110,697,18,3,1,25.04177,121.58735,15
500111070,20231110,698,18,3,1,25.04177,121.58735,15
500111070,20231110,699,18,4,1,25.04177,121.58735,14
500111070,20231110,700,18,4,1,25.04177,121.58735,14
500111070,20231110,701,18,4,1,25.04177,121.58735,14
500111070,20231110,702,18,5,1,25.04177,121.58735,13
500111070,20231110,703,18,5,1,25.04177,121.58735,13
500111070,20231110,704,18,5,1,25.04177,121.58735,13
500111070,20231110,705,18,5,1,25.04177,121.58735,13
500111070,20231110,706,18,6,1,25.04177,121.58735,12
500111070,20231110,707,18,6,1,25.04177,121.58735,12
500111070,20231110,708,18,6,1,25.04177,121.58735,12
500111070,20231110,709,18,6,1,25.04177,121.58735,12
500111070,20231110,710,18,6,1,25.04177,121.58735,12
500111070,20231110,711,18,6,1,25.04177,121.58735,12
500111070,20231110,713,18,6,1,25.04177,121.58735,12
500111070,20231110,714,18,6,1,25.04177,121.58735,12
500111070,20231110,715,18,6,1,25.04177,121.58735,12
500111070,20231110,716,18,7,1,25.04177,121.58735,11
500111070,20231110,717,18,7,1,25.04177,121.58735,11
500111070,20231110,718,18,8,1,25.04177,121.58735,10
500111070,20231110,719,18,8,1,25.04177,121.58735,10
500111070,20231110,721,18,7,1,25.04177,121.58735,11
500111070,20231110,722,18,7,1,25.04177,121.58735,11
500111070,20231110,723,18,7,1,25.04177,121.58735,11
500111070,20231110,724,18,7,1,25.04177,121.58735,11
500111070,20231110,725,18,7,1,25.04177,121.58735,11
500111070,20231110,726,18,7,1,25.04177,121.58735,11
500111070,20231110,727,18,7,1,25.04177,121.58735,11
500111070,20231110,728,18,7,1,25.04177,121.58735,11
500111070,20231110,729,18,7,1,25.04177,121.58735,11
500111070,20231110,730,18,7,1,25.04177,121.58735,11
500111070,20231110,731,18,7,1,25.04177,121.58735,11
500111070,20231110,732,18,7,1,25.04177,121.58735,11
500111070,20231110,733,18,7,1,25.04177,121.58735,11
500111070,20231110,734,18,7,1,25.04177,121.58735,11
500111070,20231110,735,18,7,1,25.04177,121.58735,11
500111070,20231110,736,18,6,1,25.04177,121.58735,12
500111070,20231110,737,18,5,1,25.04177,121.58735,13
500111070,20231110,738,18,5,1,25.04177,121.58735,13
500111070,20231110,739,18,5,1,25.04177,121.58735,13
500111070,20231110,741,18,5,1,25.04177,121.58735,13
500111070,20231110,742,18,5,1,25.04177,121.58735,13
500111070,20231110,743,18,5,1,25.04177,121.58735,13
500111070,20231110,744,18,5,1,25.04177,121.58735,13
500111070,20231110,745,18,5,1,25.04177,121.58735,13
500111070,20231110,746,18,5,1,25.04177,121.58735,13
500111070,20231110,747,18,5,1,25.04177,121.58735,13
500111070,20231110,748,18,5,1,25.04177,121.58735,13
500111070,20231110,749,18,5,1,25.04177,121.58735,13
500111070,20231110,751,18,5,1,25.04177,121.58735,13
500111070,20231110,752,18,6,1,25.04177,121.58735,12
500111070,20231110,753,18,6,1,25.04177,121.58735,12
500111070,20231110,754,18,6,1,25.04177,121.58735,12
500111070,20231110,755,18,6,1,25.04177,121.58735,12
500111070,20231110,757,18,6,1,25.04177,121.58735,12
500111070,20231110,758,18,6,1,25.04177,121.58735,12
500111070,20231110,759,18,6,1,25.04177,121.58735,12
500111070,20231110,760,18,6,1,25.04177,121.58735,12
500111070,20231110,761,18,6,1,25.04177,121.58735,12
500111070,20231110,762,18,6,1,25.04177,121.58735,12
500111070,20231110,763,18,6,1,25.04177,121.58735,12
500111070,20231110,764,18,5,1,25.04177,121.58735,13
500111070,20231110,765,18,5,1,25.04177,121.58735,13
500111070,20231110,766,18,7,1,25.04177,121.58735,11
500111070,20231110,767,18,7,1,25.04177,121.58735,11
500111070,20231110,768,18,7,1,25.04177,121.58735,11
500111070,20231110,769,18,6,1,25.04177,121.58735,12
500111070,20231110,770,18,6,1,25.04177,121.58735,12
500111070,20231110,771,18,6,1,25.04177,121.58735,12
500111070,20231110,772,18,6,1,25.04177,121.58735,12
500111070,20231110,773,18,6,1,25.04177,121.58735,12
500111070,20231110,774,18,6,1,25.04177,121.58735,12
500111070,20231110,775,18,6,1,25.04177,121.58735,12
500111070,20231110,776,18,6,1,25.04177,121.58735,12
500111070,20231110,777,18,7,1,25.04177,121.58735,11
500111070,20231110,778,18,9,1,25.04177,121.58735,9
500111070,20231110,779,18,9,1,25.04177,121.58735,9
500111070,20231110,781,18,9,1,25.04177,121.58735,9
500111070,20231110,782,18,9,1,25.04177,121.58735,9
500111070,20231110,783,18,9,1,25.04177,121.58735,9
500111070,20231110,784,18,9,1,25.04177,121.58735,9
500111070,20231110,785,18,9,1,25.04177,121.58735,9
500111070,20231110,786,18,9,1,25.04177,121.58735,9
500111070,20231110,787,18,9,1,25.04177,121.58735,9
500111070,20231110,788,18,10,1,25.04177,121.58735,8
500111070,20231110,789,18,10,1,25.04177,121.58735,8
500111070,20231110,790,18,10,1,25.04177,121.58735,8
500111070,20231110,791,18,10,1,25.04177,121.58735,8
500111070,20231110,792,18,10,1,25.04177,121.58735,8
500111070,20231110,793,18,10,1,25.04177,121.58735,8
500111070,20231110,794,18,10,1,25.04177,121.58735,8
500111070,20231110,795,18,10,1,25.04177,121.58735,8
500111070,20231110,796,18,10,1,25.04177,121.58735,8
500111070,20231110,797,18,10,1,25.04177,121.58735,8
500111070,20231110,798,18,10,1,25.04177,121.58735,8
500111070,20231110,799,18,9,1,25.04177,121.58735,9
500111070,20231110,801,18,9,1,25.04177,121.58735,9
500111070,20231110,802,18,9,1,25.04177,121.58735,9
500111070,20231110,803,18,9,1,25.04177,121.58735,9
500111070,20231110,804,18,9,1,25.04177,121.58735,9
500111070,20231110,805,18,9,1,25.04177,121.58735,9
500111070,20231110,806,18,9,1,25.04177,121.58735,9
500111070,20231110,807,18,10,1,25.04177,121.58735,8
500111070,20231110,808,18,10,1,25.04177,121.58735,8
500111070,20231110,809,18,10,1,25.04177,121.58735,8
500111070,20231110,811,18,10,1,25.04177,121.58735,8
500111070,20231110,812,18,10,1,25.04177,121.58735,8
500111070,20231110,813,18,9,1,25.04177,121.58735,9
500111070,20231110,814,18,10,1,25.04177,121.58735,8
500111070,20231110,815,18,10,1,25.04177,121.58735,8
500111070,20231110,816,18,10,1,25.04177,121.58735,8
500111070,20231110,817,18,9,1,25.04177,121.58735,9
500111070,20231110,818,18,9,1,25.04177,121.58735,9
500111070,20231110,819,18,9,1,25.04177,121.58735,9
500111070,20231110,820,18,9,1,25.04177,121.58735,9
500111070,20231110,821,18,9,1,25.04177,121.58735,9
500111070,20231110,822,18,9,1,25.04177,121.58735,9
500111070,20231110,823,18,9,1,25.04177,121.58735,9
500111070,20231110,824,18,9,1,25.04177,121.58735,9
500111070,20231110,825,18,9,1,25.04177,121.58735,9
500111070,20231110,826,18,9,1,25.04177,121.58735,9
500111070,20231110,827,18,9,1,25.04177,121.58735,9
500111070,20231110,828,18,9,1,25.04177,121.58735,9
500111070,20231110,829,18,10,1,25.04177,121.58735,8
500111070,20231110,830,18,10,1,25.04177,121.58735,8
500111070,20231110,831,18,10,1,25.04177,121.58735,8
500111070,20231110,832,18,10,1,25.04177,121.58735,8
500111070,20231110,833,18,10,1,25.04177,121.58735,8
500111070,20231110,834,18,10,1,25.04177,121.58735,8
500111070,20231110,835,18,10,1,25.04177,121.58735,8
500111070,20231110,836,18,10,1,25.04177,121.58735,8
500111070,20231110,837,18,10,1,25.04177,121.58735,8
500111070,20231110,838,18,9,1,25.04177,121.58735,9
500111070,20231110,839,18,9,1,25.04177,121.58735,9
500111070,20231110,841,18,9,1,25.04177,121.58735,9
500111070,20231110,842,18,9,1,25.04177,121.58735,9
500111070,20231110,843,18,9,1,25.04177,121.58735,9
500111070,20231110,844,18,11,1,25.04177,121.58735,7
500111070,20231110,845,18,11,1,25.04177,121.58735,7
500111070,20231110,846,18,11,1,25.04177,121.58735,7
500111070,20231110,847,18,11,1,25.04177,121.58735,7
500111070,20231110,848,18,11,1,25.04177,121.58735,7
500111070,20231110,849,18,11,1,25.04177,121.58735,7
500111070,20231110,850,18,11,1,25.04177,121.58735,7
500111070,20231110,851,18,11,1,25.04177,121.58735,7
500111070,20231110,852,18,11,1,25.04177,121.58735,7
500111070,20231110,853,18,11,1,25.04177,121.58735,7
500111070,20231110,854,18,11,1,25.04177,121.58735,7
500111070,20231110,855,18,11,1,25.04177,121.58735,7
500111070,20231110,856,18,11,1,25.04177,121.58735,7
500111070,20231110,857,18,11,1,25.04177,121.58735,7
500111070,20231110,858,18,11,1,25.04177,121.58735,7
500111070,20231110,859,18,11,1,25.04177,121.58735,7
500111070,20231110,861,18,11,1,25.04177,121.58735,7
500111070,20231110,862,18,11,1,25.04177,121.58735,7
500111070,20231110,863,18,11,1,25.04177,121.58735,7
500111070,20231110,864,18,11,1,25.04177,121.58735,7
500111070,20231110,865,18,11,1,25.04177,121.58735,7
500111070,20231110,866,18,11,1,25.04177,121.58735,7
500111070,20231110,867,18,11,1,25.04177,121.58735,7
500111070,20231110,868,18,11,1,25.04177,121.58735,7
500111070,20231110,869,18,11,1,25.04177,121.58735,7
500111070,20231110,871,18,11,1,25.04177,121.58735,5
500111070,20231110,872,18,11,1,25.04177,121.58735,5
500111070,20231110,873,18,11,1,25.04177,121.58735,5
500111070,20231110,874,18,11,1,25.04177,121.58735,5
500111070,20231110,875,18,11,1,25.04177,121.58735,5
500111070,20231110,876,18,11,1,25.04177,121.58735,5
500111070,20231110,877,18,10,1,25.04177,121.58735,6
500111070,20231110,878,18,11,1,25.04177,121.58735,5
500111070,20231110,879,18,11,1,25.04177,121.58735,5
500111070,20231110,880,18,11,1,25.04177,121.58735,5
500111070,20231110,881,18,11,1,25.04177,121.58735,6
500111070,20231110,882,18,12,1,25.04177,121.58735,6
500111070,20231110,883,18,12,1,25.04177,121.58735,6
500111070,20231110,884,18,12,1,25.04177,121.58735,6
500111070,20231110,885,18,12,1,25.04177,121.58735,6
500111070,20231110,886,18,11,1,25.04177,121.58735,7
500111070,20231110,887,18,11,1,25.04177,121.58735,7
500111070,20231110,888,18,11,1,25.04177,121.58735,7
500111070,20231110,889,18,12,1,25.04177,121.58735,6
500111070,20231110,890,18,12,1,25.04177,121.58735,6
500111070,20231110,891,18,12,1,25.04177,121.58735,6
500111070,20231110,892,18,12,1,25.04177,121.58735,6
500111070,20231110,893,18,12,1,25.04177,121.58735,6
500111070,20231110,894,18,12,1,25.04177,121.58735,6
500111070,20231110,895,18,12,1,25.04177,121.58735,6
500111070,20231110,896,18,12,1,25.04177,121.58735,6
500111070,20231110,897,18,12,1,25.04177,121.58735,6
500111070,20231110,898,18,12,1,25.04177,121.58735,6
500111070,20231110,899,18,12,1,25.04177,121.58735,6
500111070,20231110,901,18,12,1,25.04177,121.58735,6
500111070,20231110,902,18,12,1,25.04177,121.58735,6
500111070,20231110,903,18,12,1,25.04177,121.58735,6
500111070,20231110,904,18,12,1,25.04177,121.58735,6
500111070,20231110,905,18,12,1,25.04177,121.58735,6
500111070,20231110,906,18,12,1,25.04177,121.58735,6
500111070,20231110,907,18,12,1,25.04177,121.58735,6
500111070,20231110,908,18,13,1,25.04177,121.58735,5
500111070,20231110,909,18,13,1,25.04177,121.58735,5
500111070,20231110,910,18,13,1,25.04177,121.58735,5
500111070,20231110,911,18,13,1,25.04177,121.58735,5
500111070,20231110,912,18,13,1,25.04177,121.58735,5
500111070,20231110,913,18,13,1,25.04177,121.58735,5
500111070,20231110,914,18,13,1,25.04177,121.58735,5
500111070,20231110,915,18,14,1,25.04177,121.58735,4
500111070,20231110,916,18,14,1,25.04177,121.58735,4
500111070,20231110,917,18,14,1,25.04177,121.58735,4
500111070,20231110,918,18,14,1,25.04177,121.58735,4
500111070,20231110,919,18,14,1,25.04177,121.58735,4
500111070,20231110,921,18,13,1,25.04177,121.58735,5
500111070,20231110,922,18,13,1,25.04177,121.58735,5
500111070,20231110,923,18,13,1,25.04177,121.58735,5
500111070,20231110,924,18,13,1,25.04177,121.58735,5
500111070,20231110,925,18,13,1,25.04177,121.58735,5
500111070,20231110,926,18,13,1,25.04177,121.58735,5
500111070,20231110,927,18,13,1,25.04177,121.58735,5
500111070,20231110,928,18,13,1,25.04177,121.58735,5
500111070,20231110,929,18,13,1,25.04177,121.58735,5
500111070,20231110,931,18,13,1,25.04177,121.58735,5
500111070,20231110,932,18,13,1,25.04177,121.58735,5
500111070,20231110,933,18,13,1,25.04177,121.58735,5
500111070,20231110,934,18,13,1,25.04177,121.58735,5
500111070,20231110,935,18,13,1,25.04177,121.58735,5
500111070,20231110,936,18,13,1,25.04177,121.58735,5
500111070,20231110,937,18,13,1,25.04177,121.58735,5
500111070,20231110,938,18,13,1,25.04177,121.58735,5
500111070,20231110,939,18,13,1,25.04177,121.58735,5
500111070,20231110,940,18,13,1,25.04177,121.58735,5
500111070,20231110,941,18,13,1,25.04177,121.58735,5
500111070,20231110,942,18,13,1,25.04177,121.58735,5
500111070,20231110,943,18,13,1,25.04177,121.58735,5
500111070,20231110,944,18,13,1,25.04177,121.58735,5
500111070,20231110,945,18,13,1,25.04177,121.58735,5
500111070,20231110,946,18,13,1,25.04177,121.58735,5
500111070,20231110,947,18,13,1,25.04177,121.58735,5
500111070,20231110,948,18,13,1,25.04177,121.58735,5
500111070,20231110,949,18,13,1,25.04177,121.58735,5
500111070,20231110,950,18,13,1,25.04177,121.58735,5
500111070,20231110,951,18,13,1,25.04177,121.58735,5
500111070,20231110,952,18,13,1,25.04177,121.58735,5
500111070,20231110,953,18,13,1,25.04177,121.58735,5
500111070,20231110,954,18,13,1,25.04177,121.58735,5
500111070,20231110,955,18,13,1,25.04177,121.58735,5
500111070,20231110,956,18,13,1,25.04177,121.58735,5
500111070,20231110,957,18,13,1,25.04177,121.58735,5
500111070,20231110,958,18,13,1,25.04177,121.58735,5
500111070,20231110,959,18,13,1,25.04177,121.58735,5
500111070,20231110,961,18,15,1,25.04177,121.58735,3
500111070,20231110,963,18,15,1,25.04177,121.58735,3
500111070,20231110,964,18,15,1,25.04177,121.58735,3
500111070,20231110,965,18,15,1,25.04177,121.58735,3
500111070,20231110,966,18,15,1,25.04177,121.58735,3
500111070,20231110,967,18,15,1,25.04177,121.58735,3
500111070,20231110,968,18,14,1,25.04177,121.58735,4
500111070,20231110,969,18,14,1,25.04177,121.58735,4
500111070,20231110,970,18,14,1,25.04177,121.58735,4
500111070,20231110,971,18,14,1,25.04177,121.58735,4
500111070,20231110,972,18,14,1,25.04177,121.58735,4
500111070,20231110,973,18,15,1,25.04177,121.58735,3
500111070,20231110,974,18,15,1,25.04177,121.58735,3
500111070,20231110,975,18,15,1,25.04177,121.58735,3
500111070,20231110,976,18,15,1,25.04177,121.58735,3
500111070,20231110,977,18,15,1,25.04177,121.58735,3
500111070,20231110,978,18,15,1,25.04177,121.58735,3
500111070,20231110,979,18,15,1,25.04177,121.58735,3
500111070,20231110,981,18,15,1,25.04177,121.58735,3
500111070,20231110,982,18,15,1,25.04177,121.58735,3
500111070,20231110,983,18,15,1,25.04177,121.58735,3
500111070,20231110,984,18,15,1,25.04177,121.58735,3
500111070,20231110,985,18,15,1,25.04177,121.58735,3
500111070,20231110,986,18,15,1,25.04177,121.58735,3
500111070,20231110,987,18,15,1,25.04177,121.58735,3
500111070,20231110,988,18,14,1,25.04177,121.58735,4
500111070,20231110,989,18,15,1,25.04177,121.58735,3
500111070,20231110,991,18,15,1,25.04177,121.58735,3
500111070,20231110,992,18,15,1,25.04177,121.58735,3
500111070,20231110,993,18,15,1,25.04177,121.58735,3
500111070,20231110,994,18,15,1,25.04177,121.58735,3
500111070,20231110,995,18,15,1,25.04177,121.58735,3
500111070,20231110,996,18,15,1,25.04177,121.58735,3
500111070,20231110,997,18,15,1,25.04177,121.58735,3
500111070,20231110,998,18,14,1,25.04177,121.58735,4
500111070,20231110,999,18,14,1,25.04177,121.58735,4
500111070,20231110,1000,18,13,1,25.04177,121.58735,5
500111070,20231110,1001,18,13,1,25.04177,121.58735,5
500111070,20231110,1002,18,13,1,25.04177,121.58735,5
500111070,20231110,1003,18,13,1,25.04177,121.58735,5
500111070,20231110,1004,18,13,1,25.04177,121.58735,5
500111070,20231110,1005,18,13,1,25.04177,121.58735,5
500111070,20231110,1006,18,13,1,25.04177,121.58735,5
500111070,20231110,1007,18,13,1,25.04177,121.58735,5
500111070,20231110,1008,18,13,1,25.04177,121.58735,5
500111070,20231110,1009,18,13,1,25.04177,121.58735,5
500111070,20231110,1010,18,13,1,25.04177,121.58735,5
500111070,20231110,1011,18,13,1,25.04177,121.58735,5
500111070,20231110,1012,18,13,1,25.04177,121.58735,5
500111070,20231110,1013,18,13,1,25.04177,121.58735,5
500111070,20231110,1014,18,13,1,25.04177,121.58735,5
500111070,20231110,1015,18,13,1,25.04177,121.58735,5
500111070,20231110,1016,18,13,1,25.04177,121.58735,5
500111070,20231110,1017,18,12,1,25.04177,121.58735,6
500111070,20231110,1018,18,12,1,25.04177,121.58735,6
500111070,20231110,1019,18,12,1,25.04177,121.58735,6
500111070,20231110,1021,18,10,1,25.04177,121.58735,8
500111070,20231110,1022,18,9,1,25.04177,121.58735,9
500111070,20231110,1023,18,9,1,25.04177,121.58735,9
500111070,20231110,1024,18,9,1,25.04177,121.58735,9
500111070,20231110,1025,18,9,1,25.04177,121.58735,9
500111070,20231110,1026,18,9,1,25.04177,121.58735,9
500111070,20231110,1027,18,10,1,25.04177,121.58735,8
500111070,20231110,1028,18,10,1,25.04177,121.58735,8
500111070,20231110,1029,18,10,1,25.04177,121.58735,8
500111070,20231110,1030,18,10,1,25.04177,121.58735,8
500111070,20231110,1031,18,10,1,25.04177,121.58735,8
500111070,20231110,1032,18,10,1,25.04177,121.58735,8
500111070,20231110,1033,18,10,1,25.04177,121.58735,8
500111070,20231110,1034,18,10,1,25.04177,121.58735,8
500111070,20231110,1035,18,10,1,25.04177,121.58735,8
500111070,20231110,1036,18,10,1,25.04177,121.58735,8
500111070,20231110,1037,18,10,1,25.04177,121.58735,8
500111070,20231110,1038,18,10,1,25.04177,121.58735,8
500111070,20231110,1039,18,10,1,25.04177,121.58735,8
500111070,20231110,1041,18,10,1,25.04177,121.58735,8
500111070,20231110,1042,18,10,1,25.04177,121.58735,8
500111070,20231110,1043,18,10,1,25.04177,121.58735,8
500111070,20231110,1044,18,10,1,25.04177,121.58735,8
500111070,20231110,1045,18,10,1,25.04177,121.58735,8
500111070,20231110,1046,18,10,1,25.04177,121.58735,8
500111070,20231110,1047,18,10,1,25.04177,121.58735,8
500111070,20231110,1048,18,10,1,25.04177,121.58735,8
500111070,20231110,1049,18,10,1,25.04177,121.58735,8
500111070,20231110,1051,18,10,1,25.04177,121.58735,8
500111070,20231110,1052,18,10,1,25.04177,121.58735,8
500111070,20231110,1053,18,10,1,25.04177,121.58735,8
500111070,20231110,1054,18,10,1,25.04177,121.58735,8
500111070,20231110,1055,18,10,1,25.04177,121.58735,8
500111070,20231110,1056,18,10,1,25.04177,121.58735,8
500111070,20231110,1057,18,9,1,25.04177,121.58735,9
500111070,20231110,1058,18,10,1,25.04177,121.58735,8
500111070,20231110,1059,18,12,1,25.04177,121.58735,6
500111070,20231110,1060,18,12,1,25.04177,121.58735,6
500111070,20231110,1061,18,12,1,25.04177,121.58735,6
500111070,20231110,1062,18,12,1,25.04177,121.58735,6
500111070,20231110,1063,18,12,1,25.04177,121.58735,6
500111070,20231110,1064,18,13,1,25.04177,121.58735,5
500111070,20231110,1065,18,12,1,25.04177,121.58735,6
500111070,20231110,1066,18,12,1,25.04177,121.58735,6
500111070,20231110,1067,18,12,1,25.04177,121.58735,6
500111070,20231110,1068,18,11,1,25.04177,121.58735,7
500111070,20231110,1069,18,11,1,25.04177,121.58735,7
500111070,20231110,1070,18,11,1,25.04177,121.58735,7
500111070,20231110,1071,18,11,1,25.04177,121.58735,7
500111070,20231110,1072,18,11,1,25.04177,121.58735,7
500111070,20231110,1073,18,11,1,25.04177,121.58735,7
500111070,20231110,1074,18,11,1,25.04177,121.58735,7
500111070,20231110,1075,18,11,1,25.04177,121.58735,7
500111070,20231110,1076,18,11,1,25.04177,121.58735,7
500111070,20231110,1077,18,10,1,25.04177,121.58735,8
500111070,20231110,1078,18,10,1,25.04177,121.58735,8
500111070,20231110,1079,18,10,1,25.04177,121.58735,8
500111070,20231110,1081,18,9,1,25.04177,121.58735,9
500111070,20231110,1082,18,9,1,25.04177,121.58735,9
500111070,20231110,1083,18,8,1,25.04177,121.58735,10
500111070,20231110,1084,18,8,1,25.04177,121.58735,10
500111070,20231110,1085,18,8,1,25.04177,121.58735,10
500111070,20231110,1086,18,8,1,25.04177,121.58735,10
500111070,20231110,1087,18,7,1,25.04177,121.58735,11
500111070,20231110,1088,18,7,1,25.04177,121.58735,11
500111070,20231110,1089,18,7,1,25.04177,121.58735,11
500111070,20231110,1090,18,7,1,25.04177,121.58735,11
500111070,20231110,1091,18,6,1,25.04177,121.58735,12
500111070,20231110,1092,18,6,1,25.04177,121.58735,12
500111070,20231110,1093,18,5,1,25.04177,121.58735,13
500111070,20231110,1094,18,4,1,25.04177,121.58735,14
500111070,20231110,1095,18,4,1,25.04177,121.58735,14
500111070,20231110,1096,18,5,1,25.04177,121.58735,13
500111070,20231110,1097,18,5,1,25.04177,121.58735,13
500111070,20231110,1098,18,4,1,25.04177,121.58735,14
500111070,20231110,1099,18,3,1,25.04177,121.58735,15
500111070,20231110,1101,18,3,1,25.04177,121.58735,15
500111070,20231110,1102,18,3,1,25.04177,121.58735,15
500111070,20231110,1103,18,2,1,25.04177,121.58735,16
500111070,20231110,1104,18,2,1,25.04177,121.58735,16
500111070,20231110,1105,18,2,1,25.04177,121.58735,16
500111070,20231110,1106,18,1,1,25.04177,121.58735,17
500111070,20231110,1107,18,1,1,25.04177,121.58735,17
500111070,20231110,1108,18,1,1,25.04177,121.58735,17
500111070,20231110,1109,18,2,1,25.04177,121.58735,16
500111070,20231110,1111,18,2,1,25.04177,121.58735,16
500111070,20231110,1112,18,1,1,25.04177,121.58735,17
500111070,20231110,1113,18,0,1,25.04177,121.58735,18
500111070,20231110,1114,18,0,1,25.04177,121.58735,18
500111070,20231110,1115,18,0,1,25.04177,121.58735,18
500111070,20231110,1116,18,0,1,25.04177,121.58735,18
500111070,20231110,1117,18,0,1,25.04177,121.58735,18
500111070,20231110,1118,18,0,1,25.04177,121.58735,18
500111070,20231110,1119,18,0,1,25.04177,121.58735,18
500111070,20231110,1120,18,0,1,25.04177,121.58735,18
500111070,20231110,1121,18,0,1,25.04177,121.58735,18
500111070,20231110,1122,18,0,1,25.04177,121.58735,18
500111070,20231110,1123,18,0,1,25.04177,121.58735,18
500111070,20231110,1124,18,0,1,25.04177,121.58735,18
500111070,20231110,1125,18,0,1,25.04177,121.58735,18
500111070,20231110,1126,18,0,1,25.04177,121.58735,18
500111070,20231110,1127,18,0,1,25.04177,121.58735,18
500111070,20231110,1128,18,0,1,25.04177,121.58735,18
500111070,20231110,1129,18,0,1,25.04177,121.58735,18
500111070,20231110,1130,18,0,1,25.04177,121.58735,18
500111070,20231110,1131,18,0,1,25.04177,121.58735,18
500111070,20231110,1132,18,0,1,25.04177,121.58735,18
500111070,20231110,1133,18,0,1,25.04177,121.58735,18
500111070,20231110,1134,18,0,1,25.04177,121.58735,18
500111070,20231110,1135,18,0,1,25.04177,121.58735,18
500111070,20231110,1136,18,0,1,25.04177,121.58735,18
500111070,20231110,1137,18,0,1,25.04177,121.58735,18
500111070,20231110,1138,18,0,1,25.04177,121.58735,18
500111070,20231110,1139,18,0,1,25.04177,121.58735,18
500111070,20231110,1141,18,0,1,25.04177,121.58735,18
500111070,20231110,1142,18,0,1,25.04177,121.58735,18
500111070,20231110,1143,18,0,1,25.04177,121.58735,18
500111070,20231110,1144,18,0,1,25.04177,121.58735,18
500111070,20231110,1145,18,0,1,25.04177,121.58735,18
500111070,20231110,1146,18,0,1,25.04177,121.58735,18
500111070,20231110,1147,18,0,1,25.04177,121.58735,18
500111070,20231110,1148,18,0,1,25.04177,121.58735,18
500111070,20231110,1149,18,0,1,25.04177,121.58735,18
500111070,20231110,1150,18,0,1,25.04177,121.58735,18
500111070,20231110,1151,18,0,1,25.04177,121.58735,18
500111070,20231110,1152,18,0,1,25.04177,121.58735,18
500111070,20231110,1153,18,0,1,25.04177,121.58735,18
500111070,20231110,1154,18,0,1,25.04177,121.58735,18
500111070,20231110,1155,18,0,1,25.04177,121.58735,18
500111070,20231110,1156,18,0,1,25.04177,121.58735,18
500111070,20231110,1157,18,0,1,25.04177,121.58735,18
500111070,20231110,1158,18,0,1,25.04177,121.58735,18
500111070,20231110,1159,18,0,1,25.04177,121.58735,18
500111070,20231110,1161,18,0,1,25.04177,121.58735,18
500111070,20231110,1162,18,0,1,25.04177,121.58735,18
500111070,20231110,1163,18,0,1,25.04177,121.58735,18
500111070,20231110,1164,18,0,1,25.04177,121.58735,18
500111070,20231110,1165,18,2,1,25.04177,121.58735,16
500111070,20231110,1166,18,2,1,25.04177,121.58735,16
500111070,20231110,1167,18,4,1,25.04177,121.58735,14
500111070,20231110,1168,18,6,1,25.04177,121.58735,12
500111070,20231110,1169,18,6,1,25.04177,121.58735,12
500111070,20231110,1171,18,11,1,25.04177,121.58735,7
500111070,20231110,1172,18,13,1,25.04177,121.58735,5
500111070,20231110,1173,18,13,1,25.04177,121.58735,5
500111070,20231110,1174,18,13,1,25.04177,121.58735,5
500111070,20231110,1175,18,13,1,25.04177,121.58735,5
500111070,20231110,1176,18,13,1,25.04177,121.58735,5
500111070,20231110,1177,18,13,1,25.04177,121.58735,5
500111070,20231110,1178,18,12,1,25.04177,121.58735,6
500111070,20231110,1179,18,12,1,25.04177,121.58735,6
500111070,20231110,1180,18,13,1,25.04177,121.58735,5
500111070,20231110,1181,18,13,1,25.04177,121.58735,5
500111070,20231110,1182,18,13,1,25.04177,121.58735,5
500111070,20231110,1183,18,12,1,25.04177,121.58735,6
500111070,20231110,1184,18,12,1,25.04177,121.58735,6
500111070,20231110,1185,18,13,1,25.04177,121.58735,5
500111070,20231110,1186,18,13,1,25.04177,121.58735,5
500111070,20231110,1187,18,13,1,25.04177,121.58735,5
500111070,20231110,1188,18,13,1,25.04177,121.58735,5
500111070,20231110,1189,18,12,1,25.04177,121.58735,6
500111070,20231110,1190,18,12,1,25.04177,121.58735,6
500111070,20231110,1191,18,12,1,25.04177,121.58735,6
500111070,20231110,1192,18,12,1,25.04177,121.58735,6
500111070,20231110,1193,18,12,1,25.04177,121.58735,6
500111070,20231110,1194,18,12,1,25.04177,121.58735,6
500111070,20231110,1195,18,12,1,25.04177,121.58735,6
500111070,20231110,1196,18,12,1,25.04177,121.58735,6
500111070,20231110,1197,18,12,1,25.04177,121.58735,6
500111070,20231110,1198,18,12,1,25.04177,121.58735,6
500111070,20231110,1199,18,12,1,25.04177,121.58735,6
500111070,20231110,1201,18,11,1,25.04177,121.58735,7
500111070,20231110,1202,18,11,1,25.04177,121.58735,7
500111070,20231110,1203,18,11,1,25.04177,121.58735,7
500111070,20231110,1204,18,11,1,25.04177,121.58735,7
500111070,20231110,1205,18,11,1,25.04177,121.58735,7
500111070,20231110,1206,18,11,1,25.04177,121.58735,7
500111070,20231110,1207,18,11,1,25.04177,121.58735,7
500111070,20231110,1208,18,11,1,25.04177,121.58735,7
500111070,20231110,1209,18,11,1,25.04177,121.58735,7
500111070,20231110,1210,18,11,1,25.04177,121.58735,7
500111070,20231110,1211,18,11,1,25.04177,121.58735,7
500111070,20231110,1212,18,12,1,25.04177,121.58735,6
500111070,20231110,1213,18,12,1,25.04177,121.58735,6
500111070,20231110,1214,18,12,1,25.04177,121.58735,6
500111070,20231110,1215,18,12,1,25.04177,121.58735,6
500111070,20231110,1216,18,12,1,25.04177,121.58735,6
500111070,20231110,1217,18,12,1,25.04177,121.58735,6
500111070,20231110,1218,18,12,1,25.04177,121.58735,6
500111070,20231110,1219,18,12,1,25.04177,121.58735,6
500111070,20231110,1221,18,12,1,25.04177,121.58735,6
500111070,20231110,1222,18,12,1,25.04177,121.58735,6
500111070,20231110,1223,18,12,1,25.04177,121.58735,6
500111070,20231110,1224,18,12,1,25.04177,121.58735,6
500111070,20231110,1225,18,12,1,25.04177,121.58735,6
500111070,20231110,1226,18,12,1,25.04177,121.58735,6
500111070,20231110,1227,18,12,1,25.04177,121.58735,6
500111070,20231110,1228,18,12,1,25.04177,121.58735,6
500111070,20231110,1229,18,12,1,25.04177,121.58735,6
500111070,20231110,1231,18,12,1,25.04177,121.58735,6
500111070,20231110,1232,18,12,1,25.04177,121.58735,6
500111070,20231110,1233,18,12,1,25.04177,121.58735,6
500111070,20231110,1234,18,12,1,25.04177,121.58735,6
500111070,20231110,1235,18,11,1,25.04177,121.58735,7
500111070,20231110,1236,18,11,1,25.04177,121.58735,7
500111070,20231110,1237,18,11,1,25.04177,121.58735,7
500111070,20231110,1238,18,11,1,25.04177,121.58735,7
500111070,20231110,1239,18,11,1,25.04177,121.58735,7
500111070,20231110,1240,18,10,1,25.04177,121.58735,8
500111070,20231110,1241,18,10,1,25.04177,121.58735,8
500111070,20231110,1242,18,10,1,25.04177,121.58735,8
500111070,20231110,1243,18,10,1,25.04177,121.58735,8
500111070,20231110,1244,18,8,1,25.04177,121.58735,10
500111070,20231110,1245,18,8,1,25.04177,121.58735,10
500111070,20231110,1246,18,8,1,25.04177,121.58735,10
500111070,20231110,1247,18,8,1,25.04177,121.58735,10
500111070,20231110,1248,18,8,1,25.04177,121.58735,10
500111070,20231110,1249,18,8,1,25.04177,121.58735,10
500111070,20231110,1250,18,8,1,25.04177,121.58735,10
500111070,20231110,1251,18,8,1,25.04177,121.58735,10
500111070,20231110,1252,18,8,1,25.04177,121.58735,10
500111070,20231110,1253,18,8,1,25.04177,121.58735,10
500111070,20231110,1254,18,8,1,25.04177,121.58735,10
500111070,20231110,1255,18,8,1,25.04177,121.58735,10
500111070,20231110,1256,18,8,1,25.04177,121.58735,10
500111070,20231110,1257,18,8,1,25.04177,121.58735,10
500111070,20231110,1258,18,8,1,25.04177,121.58735,10
500111070,20231110,1259,18,8,1,25.04177,121.58735,10
500111070,20231110,1261,18,8,1,25.04177,121.58735,10
500111070,20231110,1262,18,8,1,25.04177,121.58735,10
500111070,20231110,1263,18,8,1,25.04177,121.58735,10
500111070,20231110,1264,18,8,1,25.04177,121.58735,10
500111070,20231110,1265,18,8,1,25.04177,121.58735,10
500111070,20231110,1266,18,8,1,25.04177,121.58735,10
500111070,20231110,1267,18,8,1,25.04177,121.58735,10
500111070,20231110,1268,18,9,1,25.04177,121.58735,9
500111070,20231110,1269,18,9,1,25.04177,121.58735,9
500111070,20231110,1270,18,9,1,25.04177,121.58735,9
500111070,20231110,1271,18,9,1,25.04177,121.58735,9
500111070,20231110,1272,18,9,1,25.04177,121.58735,9
500111070,20231110,1273,18,8,1,25.04177,121.58735,10
500111070,20231110,1274,18,8,1,25.04177,121.58735,10
500111070,20231110,1275,18,8,1,25.04177,121.58735,10
500111070,20231110,1276,18,9,1,25.04177,121.58735,9
500111070,20231110,1277,18,9,1,25.04177,121.58735,9
500111070,20231110,1278,18,9,1,25.04177,121.58735,9
500111070,20231110,1279,18,9,1,25.04177,121.58735,9
500111070,20231110,1281,18,9,1,25.04177,121.58735,9
500111070,20231110,1282,18,9,1,25.04177,121.58735,9
500111070,20231110,1283,18,9,1,25.04177,121.58735,9
500111070,20231110,1284,18,9,1,25.04177,121.58735,9
500111070,20231110,1285,18,9,1,25.04177,121.58735,9
500111070,20231110,1286,18,9,1,25.04177,121.58735,9
500111070,20231110,1287,18,9,1,25.04177,121.58735,9
500111070,20231110,1288,18,8,1,25.04177,121.58735,10
500111070,20231110,1289,18,8,1,25.04177,121.58735,10
500111070,20231110,1290,18,8,1,25.04177,121.58735,10
500111070,20231110,1291,18,8,1,25.04177,121.58735,10
500111070,20231110,1292,18,8,1,25.04177,121.58735,10
500111070,20231110,1293,18,8,1,25.04177,121.58735,10
500111070,20231110,1294,18,8,1,25.04177,121.58735,10
500111070,20231110,1295,18,8,1,25.04177,121.58735,10
500111070,20231110,1296,18,8,1,25.04177,121.58735,10
500111070,20231110,1297,18,8,1,25.04177,121.58735,10
500111070,20231110,1298,18,8,1,25.04177,121.58735,10
500111070,20231110,1299,18,8,1,25.04177,121.58735,10
500111070,20231110,1300,18,8,1,25.04177,121.58735,10
500111070,20231110,1301,18,8,1,25.04177,121.58735,10
500111070,20231110,1302,18,8,1,25.04177,121.58735,10
500111070,20231110,1303,18,8,1,25.04177,121.58735,10
500111070,20231110,1304,18,7,1,25.04177,121.58735,11
500111070,20231110,1305,18,6,1,25.04177,121.58735,12
500111070,20231110,1306,18,6,1,25.04177,121.58735,12
500111070,20231110,1307,18,6,1,25.04177,121.58735,12
500111070,20231110,1308,18,5,1,25.04177,121.58735,13
500111070,20231110,1309,18,5,1,25.04177,121.58735,13
500111070,20231110,1310,18,5,1,25.04177,121.58735,13
500111070,20231110,1311,18,6,1,25.04177,121.58735,12
500111070,20231110,1312,18,6,1,25.04177,121.58735,12
500111070,20231110,1313,18,6,1,25.04177,121.58735,12
500111070,20231110,1314,18,6,1,25.04177,121.58735,12
500111070,20231110,1315,18,6,1,25.04177,121.58735,12
500111070,20231110,1316,18,6,1,25.04177,121.58735,12
500111070,20231110,1317,18,6,1,25.04177,121.58735,12
500111070,20231110,1318,18,6,1,25.04177,121.58735,12
500111070,20231110,1319,18,6,1,25.04177,121.58735,12
500111070,20231110,1321,18,6,1,25.04177,121.58735,12
500111070,20231110,1322,18,6,1,25.04177,121.58735,12
500111070,20231110,1323,18,6,1,25.04177,121.58735,12
500111070,20231110,1324,18,6,1,25.04177,121.58735,12
500111070,20231110,1325,18,6,1,25.04177,121.58735,12
500111070,20231110,1326,18,6,1,25.04177,121.58735,12
500111070,20231110,1327,18,6,1,25.04177,121.58735,12
500111070,20231110,1328,18,6,1,25.04177,121.58735,12
500111070,20231110,1329,18,6,1,25.04177,121.58735,12
500111070,20231110,1330,18,6,1,25.04177,121.58735,12
500111070,20231110,1331,18,6,1,25.04177,121.58735,12
500111070,20231110,1332,18,5,1,25.04177,121.58735,13
500111070,20231110,1333,18,5,1,25.04177,121.58735,13
500111070,20231110,1334,18,4,1,25.04177,121.58735,14
500111070,20231110,1335,18,4,1,25.04177,121.58735,14
500111070,20231110,1336,18,4,1,25.04177,121.58735,14
500111070,20231110,1337,18,4,1,25.04177,121.58735,14
500111070,20231110,1338,18,4,1,25.04177,121.58735,14
500111070,20231110,1339,18,4,1,25.04177,121.58735,14
500111070,20231110,1341,18,4,1,25.04177,121.58735,14
500111070,20231110,1342,18,4,1,25.04177,121.58735,14
500111070,20231110,1343,18,4,1,25.04177,121.58735,14
500111070,20231110,1344,18,4,1,25.04177,121.58735,14
500111070,20231110,1345,18,4,1,25.04177,121.58735,14
500111070,20231110,1346,18,4,1,25.04177,121.58735,14
500111070,20231110,1347,18,4,1,25.04177,121.58735,14
500111070,20231110,1348,18,4,1,25.04177,121.58735,14
500111070,20231110,1349,18,4,1,25.04177,121.58735,14
500111070,20231110,1350,18,4,1,25.04177,121.58735,14
500111070,20231110,1351,18,4,1,25.04177,121.58735,14
500111070,20231110,1352,18,4,1,25.04177,121.58735,14
500111070,20231110,1353,18,3,1,25.04177,121.58735,15
500111070,20231110,1354,18,3,1,25.04177,121.58735,15
500111070,20231110,1355,18,3,1,25.04177,121.58735,15
500111070,20231110,1356,18,2,1,25.04177,121.58735,16
500111070,20231110,1357,18,2,1,25.04177,121.58735,16
500111070,20231110,1358,18,2,1,25.04177,121.58735,16
500111070,20231110,1359,18,2,1,25.04177,121.58735,16
500111070,20231110,1360,18,2,1,25.04177,121.58735,16
500111070,20231110,1361,18,2,1,25.04177,121.58735,16
500111070,20231110,1362,18,2,1,25.04177,121.58735,16
500111070,20231110,1363,18,8,1,25.04177,121.58735,10
500111070,20231110,1364,18,6,1,25.04177,121.58735,12
500111070,20231110,1365,18,6,1,25.04177,121.58735,12
500111070,20231110,1366,18,6,1,25.04177,121.58735,12
500111070,20231110,1367,18,8,1,25.04177,121.58735,10
500111070,20231110,1368,18,7,1,25.04177,121.58735,11
500111070,20231110,1369,18,7,1,25.04177,121.58735,11
500111070,20231110,1370,18,7,1,25.04177,121.58735,11
500111070,20231110,1371,18,7,1,25.04177,121.58735,11
500111070,20231110,1372,18,7,1,25.04177,121.58735,11
500111070,20231110,1373,18,7,1,25.04177,121.58735,11
500111070,20231110,1374,18,7,1,25.04177,121.58735,11
500111070,20231110,1375,18,7,1,25.04177,121.58735,11
500111070,20231110,1376,18,8,1,25.04177,121.58735,10
500111070,20231110,1377,18,7,1,25.04177,121.58735,11
500111070,20231110,1378,18,7,1,25.04177,121.58735,11
500111070,20231110,1379,18,7,1,25.04177,121.58735,11
500111070,20231110,1381,18,7,1,25.04177,121.58735,11
500111070,20231110,1382,18,5,1,25.04177,121.58735,13
500111070,20231110,1383,18,5,1,25.04177,121.58735,13
500111070,20231110,1384,18,5,1,25.04177,121.58735,13
500111070,20231110,1385,18,5,1,25.04177,121.58735,13
500111070,20231110,1386,18,5,1,25.04177,121.58735,13
500111070,20231110,1387,18,5,1,25.04177,121.58735,13
500111070,20231110,1388,18,5,1,25.04177,121.58735,13
500111070,20231110,1389,18,5,1,25.04177,121.58735,13
500111070,20231110,1390,18,5,1,25.04177,121.58735,13
500111070,20231110,1391,18,5,1,25.04177,121.58735,13
500111070,20231110,1392,18,5,1,25.04177,121.58735,13
500111070,20231110,1393,18,5,1,25.04177,121.58735,13
500111070,20231110,1394,18,5,1,25.04177,121.58735,13
500111070,20231110,1395,18,5,1,25.04177,121.58735,13
500111070,20231110,1396,18,5,1,25.04177,121.58735,13
500111070,20231110,1397,18,5,1,25.04177,121.58735,13
500111070,20231110,1398,18,5,1,25.04177,121.58735,13
500111070,20231110,1399,18,5,1,25.04177,121.58735,13
500111070,20231110,1401,18,5,1,25.04177,121.58735,13
500111070,20231110,1402,18,5,1,25.04177,121.58735,13
500111070,20231110,1403,18,5,1,25.04177,121.58735,13
500111070,20231110,1404,18,5,1,25.04177,121.58735,13
500111070,20231110,1405,18,5,1,25.04177,121.58735,13
500111070,20231110,1406,18,5,1,25.04177,121.58735,13
500111070,20231110,1407,18,5,1,25.04177,121.58735,13
500111070,20231110,1408,18,5,1,25.04177,121.58735,13
500111070,20231110,1409,18,5,1,25.04177,121.58735,13
500111070,20231110,1410,18,5,1,25.04177,121.58735,13
500111070,20231110,1411,18,5,1,25.04177,121.58735,13
500111070,20231110,1412,18,5,1,25.04177,121.58735,13
500111070,20231110,1413,18,5,1,25.04177,121.58735,13
500111070,20231110,1414,18,5,1,25.04177,121.58735,13
500111070,20231110,1415,18,6,1,25.04177,121.58735,12
500111070,20231110,1416,18,7,1,25.04177,121.58735,11
500111070,20231110,1417,18,7,1,25.04177,121.58735,11
500111070,20231110,1418,18,7,1,25.04177,121.58735,11
500111070,20231110,1419,18,7,1,25.04177,121.58735,11
500111070,20231110,1420,18,7,1,25.04177,121.58735,11
500111070,20231110,1421,18,7,1,25.04177,121.58735,11
500111070,20231110,1422,18,7,1,25.04177,121.58735,11
500111070,20231110,1423,18,7,1,25.04177,121.58735,11
500111070,20231110,1424,18,7,1,25.04177,121.58735,11
500111070,20231110,1425,18,7,1,25.04177,121.58735,11
500111070,20231110,1426,18,7,1,25.04177,121.58735,11
500111070,20231110,1427,18,7,1,25.04177,121.58735,11
500111070,20231110,1428,18,7,1,25.04177,121.58735,11
500111070,20231110,1429,18,7,1,25.04177,121.58735,11
500111070,20231110,1430,18,7,1,25.04177,121.58735,11
500111070,20231110,1431,18,7,1,25.04177,121.58735,11
500111070,20231110,1432,18,7,1,25.04177,121.58735,11
500111070,20231110,1433,18,7,1,25.04177,121.58735,11
500111070,20231110,1434,18,7,1,25.04177,121.58735,11
500111070,20231110,1435,18,7,1,25.04177,121.58735,11
500111070,20231110,1436,18,8,1,25.04177,121.58735,10
500111070,20231110,1437,18,8,1,25.04177,121.58735,10
500111070,20231110,1438,18,8,1,25.04177,121.58735,10
500111070,20231110,1439,18,8,1,25.04177,121.58735,10
500111070,20231111,1,18,8,1,25.04177,121.58735,10
500111070,20231111,2,18,8,1,25.04177,121.58735,10
500111070,20231111,3,18,8,1,25.04177,121.58735,10
500111070,20231111,4,18,8,1,25.04177,121.58735,10
500111070,20231111,5,18,8,1,25.04177,121.58735,10
500111070,20231111,6,18,8,1,25.04177,121.58735,10
500111070,20231111,7,18,8,1,25.04177,121.58735,10
500111070,20231111,8,18,8,1,25.04177,121.58735,10
500111070,20231111,9,18,8,1,25.04177,121.58735,10
500111070,20231111,10,18,8,1,25.04177,121.58735,10
500111070,20231111,11,18,8,1,25.04177,121.58735,10
500111070,20231111,12,18,8,1,25.04177,121.58735,10
500111070,20231111,13,18,8,1,25.04177,121.58735,10
500111070,20231111,14,18,8,1,25.04177,121.58735,10
500111070,20231111,15,18,8,1,25.04177,121.58735,10
500111070,20231111,16,18,8,1,25.04177,121.58735,10
500111070,20231111,17,18,8,1,25.04177,121.58735,10
500111070,20231111,18,18,8,1,25.04177,121.58735,10
500111070,20231111,19,18,8,1,25.04177,121.58735,10
500111070,20231111,21,18,8,1,25.04177,121.58735,10
500111070,20231111,22,18,8,1,25.04177,121.58735,10
500111070,20231111,23,18,8,1,25.04177,121.58735,10
500111070,20231111,24,18,8,1,25.04177,121.58735,10
500111070,20231111,25,18,8,1,25.04177,121.58735,10
500111070,20231111,26,18,8,1,25.04177,121.58735,10
500111070,20231111,27,18,8,1,25.04177,121.58735,10
500111070,20231111,28,18,8,1,25.04177,121.58735,10
500111070,20231111,29,18,8,1,25.04177,121.58735,10
500111070,20231111,30,18,8,1,25.04177,121.58735,10
500111070,20231111,31,18,8,1,25.04177,121.58735,10
500111070,20231111,32,18,8,1,25.04177,121.58735,10
500111070,20231111,33,18,8,1,25.04177,121.58735,10
500111070,20231111,34,18,8,1,25.04177,121.58735,10
500111070,20231111,35,18,8,1,25.04177,121.58735,10
500111070,20231111,36,18,8,1,25.04177,121.58735,10
500111070,20231111,37,18,7,1,25.04177,121.58735,11
500111070,20231111,38,18,7,1,25.04177,121.58735,11
500111070,20231111,39,18,7,1,25.04177,121.58735,11
500111070,20231111,40,18,7,1,25.04177,121.58735,11
500111070,20231111,41,18,7,1,25.04177,121.58735,11
500111070,20231111,42,18,7,1,25.04177,121.58735,11
500111070,20231111,43,18,7,1,25.04177,121.58735,11
500111070,20231111,44,18,7,1,25.04177,121.58735,11
500111070,20231111,45,18,7,1,25.04177,121.58735,11
500111070,20231111,47,18,7,1,25.04177,121.58735,11
500111070,20231111,48,18,7,1,25.04177,121.58735,11
500111070,20231111,49,18,7,1,25.04177,121.58735,11
500111070,20231111,50,18,7,1,25.04177,121.58735,11
500111070,20231111,51,18,7,1,25.04177,121.58735,11
500111070,20231111,52,18,7,1,25.04177,121.58735,11
500111070,20231111,53,18,7,1,25.04177,121.58735,11
500111070,20231111,54,18,7,1,25.04177,121.58735,11
500111070,20231111,55,18,7,1,25.04177,121.58735,11
500111070,20231111,56,18,7,1,25.04177,121.58735,11
500111070,20231111,57,18,7,1,25.04177,121.58735,11
500111070,20231111,58,18,7,1,25.04177,121.58735,11
500111070,20231111,59,18,7,1,25.04177,121.58735,11
500111070,20231111,61,18,6,1,25.04177,121.58735,12
500111070,20231111,62,18,6,1,25.04177,121.58735,12
500111070,20231111,63,18,6,1,25.04177,121.58735,12
500111070,20231111,64,18,6,1,25.04177,121.58735,12
500111070,20231111,65,18,6,1,25.04177,121.58735,12
500111070,20231111,66,18,6,1,25.04177,121.58735,12
500111070,20231111,67,18,6,1,25.04177,121.58735,12
500111070,20231111,68,18,6,1,25.04177,121.58735,12
500111070,20231111,69,18,6,1,25.04177,121.58735,12
500111070,20231111,70,18,6,1,25.04177,121.58735,12
500111070,20231111,71,18,6,1,25.04177,121.58735,12
500111070,20231111,72,18,6,1,25.04177,121.58735,12
500111070,20231111,73,18,6,1,25.04177,121.58735,12
500111070,20231111,74,18,6,1,25.04177,121.58735,12
500111070,20231111,75,18,6,1,25.04177,121.58735,12
500111070,20231111,76,18,6,1,25.04177,121.58735,12
500111070,20231111,77,18,6,1,25.04177,121.58735,12
500111070,20231111,78,18,6,1,25.04177,121.58735,12
500111070,20231111,79,18,6,1,25.04177,121.58735,12
500111070,20231111,81,18,5,1,25.04177,121.58735,13
500111070,20231111,82,18,5,1,25.04177,121.58735,13
500111070,20231111,83,18,5,1,25.04177,121.58735,13
500111070,20231111,84,18,5,1,25.04177,121.58735,13
500111070,20231111,85,18,5,1,25.04177,121.58735,13
500111070,20231111,86,18,5,1,25.04177,121.58735,13
500111070,20231111,87,18,5,1,25.04177,121.58735,13
500111070,20231111,88,18,5,1,25.04177,121.58735,13
500111070,20231111,89,18,5,1,25.04177,121.58735,13
500111070,20231111,90,18,5,1,25.04177,121.58735,13
500111070,20231111,91,18,5,1,25.04177,121.58735,13
500111070,20231111,92,18,5,1,25.04177,121.58735,13
500111070,20231111,93,18,5,1,25.04177,121.58735,13
500111070,20231111,94,18,5,1,25.04177,121.58735,13
500111070,20231111,95,18,5,1,25.04177,121.58735,13
500111070,20231111,96,18,5,1,25.04177,121.58735,13
500111070,20231111,97,18,5,1,25.04177,121.58735,13
500111070,20231111,98,18,5,1,25.04177,121.58735,13
500111070,20231111,99,18,5,1,25.04177,121.58735,13
500111070,20231111,100,18,5,1,25.04177,121.58735,13
500111070,20231111,101,18,5,1,25.04177,121.58735,13
500111070,20231111,102,18,5,1,25.04177,121.58735,13
500111070,20231111,103,18,5,1,25.04177,121.58735,13
500111070,20231111,104,18,5,1,25.04177,121.58735,13
500111070,20231111,105,18,5,1,25.04177,121.58735,13
500111070,20231111,106,18,5,1,25.04177,121.58735,13
500111070,20231111,107,18,5,1,25.04177,121.58735,13
500111070,20231111,108,18,5,1,25.04177,121.58735,13
500111070,20231111,109,18,5,1,25.04177,121.58735,13
500111070,20231111,110,18,5,1,25.04177,121.58735,13
500111070,20231111,111,18,5,1,25.04177,121.58735,13
500111070,20231111,112,18,5,1,25.04177,121.58735,13
500111070,20231111,113,18,5,1,25.04177,121.58735,13
500111070,20231111,114,18,5,1,25.04177,121.58735,13
500111070,20231111,115,18,5,1,25.04177,121.58735,13
500111070,20231111,116,18,4,1,25.04177,121.58735,14
500111070,20231111,117,18,4,1,25.04177,121.58735,14
500111070,20231111,118,18,4,1,25.04177,121.58735,14
500111070,20231111,119,18,4,1,25.04177,121.58735,14
500111070,20231111,121,18,4,1,25.04177,121.58735,14
500111070,20231111,122,18,4,1,25.04177,121.58735,14
500111070,20231111,123,18,4,1,25.04177,121.58735,14
500111070,20231111,124,18,4,1,25.04177,121.58735,14
500111070,20231111,125,18,4,1,25.04177,121.58735,14
500111070,20231111,126,18,4,1,25.04177,121.58735,14
500111070,20231111,127,18,4,1,25.04177,121.58735,14
500111070,20231111,128,18,4,1,25.04177,121.58735,14
500111070,20231111,129,18,4,1,25.04177,121.58735,14
500111070,20231111,130,18,4,1,25.04177,121.58735,14
500111070,20231111,131,18,4,1,25.04177,121.58735,14
500111070,20231111,132,18,4,1,25.04177,121.58735,14
500111070,20231111,133,18,4,1,25.04177,121.58735,14
500111070,20231111,134,18,4,1,25.04177,121.58735,14
500111070,20231111,135,18,4,1,25.04177,121.58735,14
500111070,20231111,136,18,4,1,25.04177,121.58735,14
500111070,20231111,137,18,4,1,25.04177,121.58735,14
500111070,20231111,138,18,4,1,25.04177,121.58735,14
500111070,20231111,139,18,4,1,25.04177,121.58735,14
500111070,20231111,141,18,4,1,25.04177,121.58735,14
500111070,20231111,142,18,4,1,25.04177,121.58735,14
500111070,20231111,143,18,4,1,25.04177,121.58735,14
500111070,20231111,144,18,4,1,25.04177,121.58735,14
500111070,20231111,145,18,4,1,25.04177,121.58735,14
500111070,20231111,146,18,4,1,25.04177,121.58735,14
500111070,20231111,147,18,4,1,25.04177,121.58735,14
500111070,20231111,148,18,4,1,25.04177,121.58735,14
500111070,20231111,149,18,4,1,25.04177,121.58735,14
500111070,20231111,150,18,4,1,25.04177,121.58735,14
500111070,20231111,151,18,4,1,25.04177,121.58735,14
500111070,20231111,152,18,4,1,25.04177,121.58735,14
500111070,20231111,153,18,4,1,25.04177,121.58735,14
500111070,20231111,154,18,4,1,25.04177,121.58735,14
500111070,20231111,155,18,4,1,25.04177,121.58735,14
500111070,20231111,156,18,3,1,25.04177,121.58735,15
500111070,20231111,157,18,3,1,25.04177,121.58735,15
500111070,20231111,158,18,3,1,25.04177,121.58735,15
500111070,20231111,159,18,3,1,25.04177,121.58735,15
500111070,20231111,160,18,3,1,25.04177,121.58735,15
500111070,20231111,161,18,3,1,25.04177,121.58735,15
500111070,20231111,162,18,3,1,25.04177,121.58735,15
500111070,20231111,163,18,3,1,25.04177,121.58735,15
500111070,20231111,164,18,3,1,25.04177,121.58735,15
500111070,20231111,165,18,3,1,25.04177,121.58735,15
500111070,20231111,166,18,3,1,25.04177,121.58735,15
500111070,20231111,167,18,2,1,25.04177,121.58735,16
500111070,20231111,168,18,2,1,25.04177,121.58735,16
500111070,20231111,169,18,2,1,25.04177,121.58735,16
500111070,20231111,170,18,2,1,25.04177,121.58735,16
500111070,20231111,171,18,2,1,25.04177,121.58735,16
500111070,20231111,172,18,2,1,25.04177,121.58735,16
500111070,20231111,173,18,2,1,25.04177,121.58735,16
500111070,20231111,174,18,2,1,25.04177,121.58735,16
500111070,20231111,175,18,2,1,25.04177,121.58735,16
500111070,20231111,176,18,2,1,25.04177,121.58735,16
500111070,20231111,177,18,2,1,25.04177,121.58735,16
500111070,20231111,178,18,2,1,25.04177,121.58735,16
500111070,20231111,179,18,2,1,25.04177,121.58735,16
500111070,20231111,180,18,2,1,25.04177,121.58735,16
500111070,20231111,181,18,2,1,25.04177,121.58735,16
500111070,20231111,182,18,2,1,25.04177,121.58735,16
500111070,20231111,183,18,2,1,25.04177,121.58735,16
500111070,20231111,184,18,2,1,25.04177,121.58735,16
500111070,20231111,185,18,2,1,25.04177,121.58735,16
500111070,20231111,186,18,2,1,25.04177,121.58735,16
500111070,20231111,187,18,2,1,25.04177,121.58735,16
500111070,20231111,188,18,2,1,25.04177,121.58735,16
500111070,20231111,189,18,2,1,25.04177,121.58735,16
500111070,20231111,190,18,2,1,25.04177,121.58735,16
500111070,20231111,191,18,2,1,25.04177,121.58735,16
500111070,20231111,192,18,2,1,25.04177,121.58735,16
500111070,20231111,193,18,2,1,25.04177,121.58735,16
500111070,20231111,194,18,2,1,25.04177,121.58735,16
500111070,20231111,195,18,2,1,25.04177,121.58735,16
500111070,20231111,196,18,2,1,25.04177,121.58735,16
500111070,20231111,197,18,2,1,25.04177,121.58735,16
500111070,20231111,198,18,2,1,25.04177,121.58735,16
500111070,20231111,199,18,2,1,25.04177,121.58735,16
500111070,20231111,201,18,2,1,25.04177,121.58735,16
500111070,20231111,202,18,2,1,25.04177,121.58735,16
500111070,20231111,203,18,2,1,25.04177,121.58735,16
500111070,20231111,204,18,2,1,25.04177,121.58735,16
500111070,20231111,205,18,2,1,25.04177,121.58735,16
500111070,20231111,206,18,2,1,25.04177,121.58735,16
500111070,20231111,207,18,2,1,25.04177,121.58735,16
500111070,20231111,208,18,2,1,25.04177,121.58735,16
500111070,20231111,209,18,2,1,25.04177,121.58735,16
500111070,20231111,210,18,2,1,25.04177,121.58735,16
500111070,20231111,211,18,2,1,25.04177,121.58735,16
500111070,20231111,212,18,2,1,25.04177,121.58735,16
500111070,20231111,213,18,2,1,25.04177,121.58735,16
500111070,20231111,214,18,2,1,25.04177,121.58735,16
500111070,20231111,215,18,2,1,25.04177,121.58735,16
500111070,20231111,216,18,2,1,25.04177,121.58735,16
500111070,20231111,217,18,1,1,25.04177,121.58735,17
500111070,20231111,218,18,1,1,25.04177,121.58735,17
500111070,20231111,219,18,1,1,25.04177,121.58735,17
500111070,20231111,220,18,1,1,25.04177,121.58735,17
500111070,20231111,221,18,1,1,25.04177,121.58735,17
500111070,20231111,222,18,1,1,25.04177,121.58735,17
500111070,20231111,223,18,1,1,25.04177,121.58735,17
500111070,20231111,224,18,1,1,25.04177,121.58735,17
500111070,20231111,225,18,1,1,25.04177,121.58735,17
500111070,20231111,226,18,1,1,25.04177,121.58735,17
500111070,20231111,227,18,1,1,25.04177,121.58735,17
500111070,20231111,228,18,1,1,25.04177,121.58735,17
500111070,20231111,229,18,1,1,25.04177,121.58735,17
500111070,20231111,230,18,1,1,25.04177,121.58735,17
500111070,20231111,231,18,1,1,25.04177,121.58735,17
500111070,20231111,232,18,1,1,25.04177,121.58735,17
500111070,20231111,233,18,1,1,25.04177,121.58735,17
500111070,20231111,234,18,1,1,25.04177,121.58735,17
500111070,20231111,235,18,1,1,25.04177,121.58735,17
500111070,20231111,236,18,1,1,25.04177,121.58735,17
500111070,20231111,237,18,1,1,25.04177,121.58735,17
500111070,20231111,238,18,1,1,25.04177,121.58735,17
500111070,20231111,239,18,1,1,25.04177,121.58735,17
500111070,20231111,241,18,1,1,25.04177,121.58735,17
500111070,20231111,242,18,1,1,25.04177,121.58735,17
500111070,20231111,243,18,1,1,25.04177,121.58735,17
500111070,20231111,244,18,1,1,25.04177,121.58735,17
500111070,20231111,245,18,1,1,25.04177,121.58735,17
500111070,20231111,246,18,1,1,25.04177,121.58735,17
500111070,20231111,247,18,1,1,25.04177,121.58735,17
500111070,20231111,248,18,1,1,25.04177,121.58735,17
500111070,20231111,249,18,1,1,25.04177,121.58735,17
500111070,20231111,250,18,1,1,25.04177,121.58735,17
500111070,20231111,251,18,1,1,25.04177,121.58735,17
500111070,20231111,252,18,1,1,25.04177,121.58735,17
500111070,20231111,253,18,1,1,25.04177,121.58735,17
500111070,20231111,254,18,1,1,25.04177,121.58735,17
500111070,20231111,255,18,1,1,25.04177,121.58735,17
500111070,20231111,256,18,1,1,25.04177,121.58735,17
500111070,20231111,257,18,1,1,25.04177,121.58735,17
500111070,20231111,258,18,1,1,25.04177,121.58735,17
500111070,20231111,259,18,1,1,25.04177,121.58735,17
500111070,20231111,261,18,1,1,25.04177,121.58735,17
500111070,20231111,262,18,1,1,25.04177,121.58735,17
500111070,20231111,263,18,1,1,25.04177,121.58735,17
500111070,20231111,264,18,1,1,25.04177,121.58735,17
500111070,20231111,265,18,1,1,25.04177,121.58735,17
500111070,20231111,266,18,1,1,25.04177,121.58735,17
500111070,20231111,267,18,1,1,25.04177,121.58735,17
500111070,20231111,268,18,1,1,25.04177,121.58735,17
500111070,20231111,269,18,1,1,25.04177,121.58735,17
500111070,20231111,270,18,1,1,25.04177,121.58735,17
500111070,20231111,271,18,1,1,25.04177,121.58735,17
500111070,20231111,272,18,1,1,25.04177,121.58735,17
500111070,20231111,273,18,1,1,25.04177,121.58735,17
500111070,20231111,274,18,1,1,25.04177,121.58735,17
500111070,20231111,275,18,1,1,25.04177,121.58735,17
500111070,20231111,276,18,1,1,25.04177,121.58735,17
500111070,20231111,277,18,1,1,25.04177,121.58735,17
500111070,20231111,278,18,1,1,25.04177,121.58735,17
500111070,20231111,279,18,1,1,25.04177,121.58735,17
500111070,20231111,280,18,1,1,25.04177,121.58735,17
500111070,20231111,281,18,1,1,25.04177,121.58735,17
500111070,20231111,282,18,1,1,25.04177,121.58735,17
500111070,20231111,283,18,1,1,25.04177,121.58735,17
500111070,20231111,284,18,1,1,25.04177,121.58735,17
500111070,20231111,285,18,1,1,25.04177,121.58735,17
500111070,20231111,286,18,1,1,25.04177,121.58735,17
500111070,20231111,287,18,1,1,25.04177,121.58735,17
500111070,20231111,288,18,1,1,25.04177,121.58735,17
500111070,20231111,289,18,1,1,25.04177,121.58735,17
500111070,20231111,290,18,1,1,25.04177,121.58735,17
500111070,20231111,291,18,1,1,25.04177,121.58735,17
500111070,20231111,292,18,1,1,25.04177,121.58735,17
500111070,20231111,293,18,1,1,25.04177,121.58735,17
500111070,20231111,294,18,1,1,25.04177,121.58735,17
500111070,20231111,295,18,1,1,25.04177,121.58735,17
500111070,20231111,296,18,1,1,25.04177,121.58735,17
500111070,20231111,297,18,1,1,25.04177,121.58735,17
500111070,20231111,298,18,1,1,25.04177,121.58735,17
500111070,20231111,299,18,1,1,25.04177,121.58735,17
500111070,20231111,301,18,1,1,25.04177,121.58735,17
500111070,20231111,302,18,1,1,25.04177,121.58735,17
500111070,20231111,303,18,1,1,25.04177,121.58735,17
500111070,20231111,304,18,1,1,25.04177,121.58735,17
500111070,20231111,305,18,1,1,25.04177,121.58735,17
500111070,20231111,306,18,1,1,25.04177,121.58735,17
500111070,20231111,307,18,1,1,25.04177,121.58735,17
500111070,20231111,308,18,1,1,25.04177,121.58735,17
500111070,20231111,309,18,1,1,25.04177,121.58735,17
500111070,20231111,310,18,1,1,25.04177,121.58735,17
500111070,20231111,311,18,1,1,25.04177,121.58735,17
500111070,20231111,312,18,1,1,25.04177,121.58735,17
500111070,20231111,313,18,1,1,25.04177,121.58735,17
500111070,20231111,314,18,1,1,25.04177,121.58735,17
500111070,20231111,315,18,1,1,25.04177,121.58735,17
500111070,20231111,316,18,1,1,25.04177,121.58735,17
500111070,20231111,317,18,1,1,25.04177,121.58735,17
500111070,20231111,318,18,1,1,25.04177,121.58735,17
500111070,20231111,319,18,1,1,25.04177,121.58735,17
500111070,20231111,321,18,1,1,25.04177,121.58735,17
500111070,20231111,322,18,1,1,25.04177,121.58735,17
500111070,20231111,323,18,1,1,25.04177,121.58735,17
500111070,20231111,324,18,1,1,25.04177,121.58735,17
500111070,20231111,325,18,1,1,25.04177,121.58735,17
500111070,20231111,326,18,1,1,25.04177,121.58735,17
500111070,20231111,327,18,1,1,25.04177,121.58735,17
500111070,20231111,328,18,1,1,25.04177,121.58735,17
500111070,20231111,329,18,1,1,25.04177,121.58735,17
500111070,20231111,330,18,1,1,25.04177,121.58735,17
500111070,20231111,331,18,1,1,25.04177,121.58735,17
500111070,20231111,332,18,1,1,25.04177,121.58735,17
500111070,20231111,333,18,1,1,25.04177,121.58735,17
500111070,20231111,334,18,1,1,25.04177,121.58735,17
500111070,20231111,335,18,1,1,25.04177,121.58735,17
500111070,20231111,336,18,1,1,25.04177,121.58735,17
500111070,20231111,337,18,1,1,25.04177,121.58735,17
500111070,20231111,338,18,1,1,25.04177,121.58735,17
500111070,20231111,339,18,1,1,25.04177,121.58735,17
500111070,20231111,340,18,1,1,25.04177,121.58735,17
500111070,20231111,341,18,1,1,25.04177,121.58735,17
500111070,20231111,342,18,1,1,25.04177,121.58735,17
500111070,20231111,343,18,1,1,25.04177,121.58735,17
500111070,20231111,344,18,1,1,25.04177,121.58735,17
500111070,20231111,345,18,1,1,25.04177,121.58735,17
500111070,20231111,346,18,1,1,25.04177,121.58735,17
500111070,20231111,347,18,1,1,25.04177,121.58735,17
500111070,20231111,348,18,1,1,25.04177,121.58735,17
500111070,20231111,349,18,1,1,25.04177,121.58735,17
500111070,20231111,350,18,1,1,25.04177,121.58735,17
500111070,20231111,351,18,1,1,25.04177,121.58735,17
500111070,20231111,352,18,1,1,25.04177,121.58735,17
500111070,20231111,353,18,1,1,25.04177,121.58735,17
500111070,20231111,354,18,1,1,25.04177,121.58735,17
500111070,20231111,355,18,1,1,25.04177,121.58735,17
500111070,20231111,356,18,1,1,25.04177,121.58735,17
500111070,20231111,357,18,1,1,25.04177,121.58735,17
500111070,20231111,358,18,1,1,25.04177,121.58735,17
500111070,20231111,359,18,1,1,25.04177,121.58735,17
500111070,20231111,360,18,1,1,25.04177,121.58735,17
500111070,20231111,361,18,1,1,25.04177,121.58735,17
500111070,20231111,362,18,1,1,25.04177,121.58735,17
500111070,20231111,363,18,1,1,25.04177,121.58735,17
500111070,20231111,364,18,1,1,25.04177,121.58735,17
500111070,20231111,365,18,1,1,25.04177,121.58735,17
500111070,20231111,366,18,1,1,25.04177,121.58735,17
500111070,20231111,367,18,1,1,25.04177,121.58735,17
500111070,20231111,368,18,1,1,25.04177,121.58735,17
500111070,20231111,369,18,1,1,25.04177,121.58735,17
500111070,20231111,370,18,1,1,25.04177,121.58735,17
500111070,20231111,371,18,1,1,25.04177,121.58735,17
500111070,20231111,372,18,1,1,25.04177,121.58735,17
500111070,20231111,373,18,1,1,25.04177,121.58735,17
500111070,20231111,374,18,1,1,25.04177,121.58735,17
500111070,20231111,375,18,1,1,25.04177,121.58735,17
500111070,20231111,376,18,0,1,25.04177,121.58735,18
500111070,20231111,377,18,0,1,25.04177,121.58735,18
500111070,20231111,378,18,0,1,25.04177,121.58735,18
500111070,20231111,379,18,0,1,25.04177,121.58735,18
500111070,20231111,381,18,0,1,25.04177,121.58735,18
500111070,20231111,382,18,0,1,25.04177,121.58735,18
500111070,20231111,383,18,0,1,25.04177,121.58735,18
500111070,20231111,384,18,1,1,25.04177,121.58735,17
500111070,20231111,385,18,1,1,25.04177,121.58735,17
500111070,20231111,386,18,1,1,25.04177,121.58735,17
500111070,20231111,387,18,1,1,25.04177,121.58735,17
500111070,20231111,388,18,1,1,25.04177,121.58735,17
500111070,20231111,389,18,1,1,25.04177,121.58735,17
500111070,20231111,390,18,1,1,25.04177,121.58735,17
500111070,20231111,391,18,1,1,25.04177,121.58735,17
500111070,20231111,392,18,1,1,25.04177,121.58735,17
500111070,20231111,393,18,1,1,25.04177,121.58735,17
500111070,20231111,394,18,1,1,25.04177,121.58735,17
500111070,20231111,395,18,1,1,25.04177,121.58735,17
500111070,20231111,396,18,1,1,25.04177,121.58735,17
500111070,20231111,397,18,1,1,25.04177,121.58735,17
500111070,20231111,398,18,1,1,25.04177,121.58735,17
500111070,20231111,399,18,2,1,25.04177,121.58735,16
500111070,20231111,400,18,2,1,25.04177,121.58735,16
500111070,20231111,401,18,2,1,25.04177,121.58735,16
500111070,20231111,402,18,2,1,25.04177,121.58735,16
500111070,20231111,403,18,2,1,25.04177,121.58735,16
500111070,20231111,404,18,2,1,25.04177,121.58735,16
500111070,20231111,405,18,2,1,25.04177,121.58735,16
500111070,20231111,406,18,2,1,25.04177,121.58735,16
500111070,20231111,407,18,2,1,25.04177,121.58735,16
500111070,20231111,408,18,2,1,25.04177,121.58735,16
500111070,20231111,409,18,2,1,25.04177,121.58735,16
500111070,20231111,410,18,2,1,25.04177,121.58735,16
500111070,20231111,411,18,2,1,25.04177,121.58735,16
500111070,20231111,412,18,2,1,25.04177,121.58735,16
500111070,20231111,413,18,2,1,25.04177,121.58735,16
500111070,20231111,414,18,2,1,25.04177,121.58735,16
500111070,20231111,415,18,2,1,25.04177,121.58735,16
500111070,20231111,416,18,2,1,25.04177,121.58735,16
500111070,20231111,417,18,2,1,25.04177,121.58735,16
500111070,20231111,418,18,2,1,25.04177,121.58735,16
500111070,20231111,419,18,2,1,25.04177,121.58735,16
500111070,20231111,421,18,2,1,25.04177,121.58735,16
500111070,20231111,422,18,2,1,25.04177,121.58735,16
500111070,20231111,423,18,2,1,25.04177,121.58735,16
500111070,20231111,424,18,2,1,25.04177,121.58735,16
500111070,20231111,425,18,2,1,25.04177,121.58735,16
500111070,20231111,426,18,2,1,25.04177,121.58735,16
500111070,20231111,427,18,2,1,25.04177,121.58735,16
500111070,20231111,428,18,3,1,25.04177,121.58735,15
500111070,20231111,429,18,3,1,25.04177,121.58735,15
500111070,20231111,430,18,4,1,25.04177,121.58735,14
500111070,20231111,431,18,4,1,25.04177,121.58735,14
500111070,20231111,432,18,4,1,25.04177,121.58735,14
500111070,20231111,433,18,4,1,25.04177,121.58735,14
500111070,20231111,434,18,4,1,25.04177,121.58735,14
500111070,20231111,435,18,4,1,25.04177,121.58735,14
500111070,20231111,436,18,4,1,25.04177,121.58735,14
500111070,20231111,437,18,4,1,25.04177,121.58735,14
500111070,20231111,438,18,4,1,25.04177,121.58735,14
500111070,20231111,439,18,4,1,25.04177,121.58735,14
500111070,20231111,441,18,4,1,25.04177,121.58735,14
500111070,20231111,442,18,4,1,25.04177,121.58735,14
500111070,20231111,443,18,4,1,25.04177,121.58735,14
500111070,20231111,444,18,4,1,25.04177,121.58735,14
500111070,20231111,445,18,4,1,25.04177,121.58735,14
500111070,20231111,446,18,4,1,25.04177,121.58735,14
500111070,20231111,447,18,4,1,25.04177,121.58735,14
500111070,20231111,448,18,4,1,25.04177,121.58735,14
500111070,20231111,449,18,4,1,25.04177,121.58735,14
500111070,20231111,451,18,4,1,25.04177,121.58735,14
500111070,20231111,452,18,5,1,25.04177,121.58735,13
500111070,20231111,453,18,5,1,25.04177,121.58735,13
500111070,20231111,454,18,6,1,25.04177,121.58735,12
500111070,20231111,455,18,6,1,25.04177,121.58735,12
500111070,20231111,456,18,6,1,25.04177,121.58735,12
500111070,20231111,457,18,6,1,25.04177,121.58735,12
500111070,20231111,458,18,5,1,25.04177,121.58735,13
500111070,20231111,459,18,5,1,25.04177,121.58735,13
500111070,20231111,460,18,5,1,25.04177,121.58735,13
500111070,20231111,461,18,5,1,25.04177,121.58735,13
500111070,20231111,462,18,5,1,25.04177,121.58735,13
500111070,20231111,463,18,5,1,25.04177,121.58735,13
500111070,20231111,464,18,5,1,25.04177,121.58735,13
500111070,20231111,465,18,5,1,25.04177,121.58735,13
500111070,20231111,466,18,5,1,25.04177,121.58735,13
500111070,20231111,467,18,5,1,25.04177,121.58735,13
500111070,20231111,468,18,5,1,25.04177,121.58735,13
500111070,20231111,469,18,5,1,25.04177,121.58735,13
500111070,20231111,470,18,5,1,25.04177,121.58735,13
500111070,20231111,471,18,5,1,25.04177,121.58735,13
500111070,20231111,472,18,5,1,25.04177,121.58735,13
500111070,20231111,473,18,5,1,25.04177,121.58735,13
500111070,20231111,474,18,5,1,25.04177,121.58735,13
500111070,20231111,475,18,5,1,25.04177,121.58735,13
500111070,20231111,476,18,5,1,25.04177,121.58735,13
500111070,20231111,477,18,5,1,25.04177,121.58735,13
500111070,20231111,478,18,5,1,25.04177,121.58735,13
500111070,20231111,479,18,4,1,25.04177,121.58735,14
500111070,20231111,481,18,4,1,25.04177,121.58735,14
500111070,20231111,482,18,4,1,25.04177,121.58735,14
500111070,20231111,483,18,4,1,25.04177,121.58735,14
500111070,20231111,484,18,4,1,25.04177,121.58735,14
500111070,20231111,485,18,4,1,25.04177,121.58735,14
500111070,20231111,486,18,4,1,25.04177,121.58735,14
500111070,20231111,487,18,4,1,25.04177,121.58735,14
500111070,20231111,488,18,4,1,25.04177,121.58735,14
500111070,20231111,489,18,4,1,25.04177,121.58735,14
500111070,20231111,490,18,4,1,25.04177,121.58735,14
500111070,20231111,491,18,4,1,25.04177,121.58735,14
500111070,20231111,492,18,4,1,25.04177,121.58735,14
500111070,20231111,493,18,4,1,25.04177,121.58735,14
500111070,20231111,494,18,4,1,25.04177,121.58735,14
500111070,20231111,495,18,4,1,25.04177,121.58735,14
500111070,20231111,496,18,4,1,25.04177,121.58735,14
500111070,20231111,497,18,4,1,25.04177,121.58735,14
500111070,20231111,498,18,4,1,25.04177,121.58735,14
500111070,20231111,499,18,5,1,25.04177,121.58735,13
500111070,20231111,501,18,5,1,25.04177,121.58735,13
500111070,20231111,502,18,5,1,25.04177,121.58735,13
500111070,20231111,503,18,5,1,25.04177,121.58735,13
500111070,20231111,504,18,5,1,25.04177,121.58735,13
500111070,20231111,505,18,5,1,25.04177,121.58735,13
500111070,20231111,506,18,6,1,25.04177,121.58735,12
500111070,20231111,507,18,6,1,25.04177,121.58735,12
500111070,20231111,508,18,6,1,25.04177,121.58735,12
500111070,20231111,509,18,6,1,25.04177,121.58735,12
500111070,20231111,511,18,6,1,25.04177,121.58735,12
500111070,20231111,512,18,6,1,25.04177,121.58735,12
500111070,20231111,513,18,6,1,25.04177,121.58735,12
500111070,20231111,514,18,6,1,25.04177,121.58735,12
500111070,20231111,515,18,6,1,25.04177,121.58735,12
500111070,20231111,516,18,7,1,25.04177,121.58735,11
500111070,20231111,517,18,7,1,25.04177,121.58735,11
500111070,20231111,518,18,8,1,25.04177,121.58735,10
500111070,20231111,519,18,8,1,25.04177,121.58735,10
500111070,20231111,520,18,8,1,25.04177,121.58735,10
500111070,20231111,521,18,8,1,25.04177,121.58735,10
500111070,20231111,522,18,8,1,25.04177,121.58735,10
500111070,20231111,523,18,9,1,25.04177,121.58735,9
500111070,20231111,524,18,9,1,25.04177,121.58735,9
500111070,20231111,525,18,8,1,25.04177,121.58735,10
500111070,20231111,526,18,8,1,25.04177,121.58735,10
500111070,20231111,527,18,8,1,25.04177,121.58735,10
500111070,20231111,529,18,8,1,25.04177,121.58735,10
500111070,20231111,530,18,8,1,25.04177,121.58735,10
500111070,20231111,532,18,8,1,25.04177,121.58735,10
500111070,20231111,533,18,8,1,25.04177,121.58735,10
500111070,20231111,534,18,8,1,25.04177,121.58735,10
500111070,20231111,535,18,8,1,25.04177,121.58735,10
500111070,20231111,536,18,8,1,25.04177,121.58735,10
500111070,20231111,537,18,8,1,25.04177,121.58735,10
500111070,20231111,538,18,8,1,25.04177,121.58735,10
500111070,20231111,539,18,8,1,25.04177,121.58735,10
500111070,20231111,542,18,8,1,25.04177,121.58735,10
500111070,20231111,543,18,7,1,25.04177,121.58735,11
500111070,20231111,544,18,7,1,25.04177,121.58735,11
500111070,20231111,545,18,7,1,25.04177,121.58735,11
500111070,20231111,546,18,7,1,25.04177,121.58735,11
500111070,20231111,547,18,7,1,25.04177,121.58735,11
500111070,20231111,548,18,7,1,25.04177,121.58735,11
500111070,20231111,549,18,7,1,25.04177,121.58735,11
500111070,20231111,550,18,7,1,25.04177,121.58735,11
500111070,20231111,551,18,7,1,25.04177,121.58735,11
500111070,20231111,552,18,7,1,25.04177,121.58735,11
500111070,20231111,553,18,7,1,25.04177,121.58735,11
500111070,20231111,555,18,7,1,25.04177,121.58735,11
500111070,20231111,556,18,7,1,25.04177,121.58735,11
500111070,20231111,557,18,7,1,25.04177,121.58735,11
500111070,20231111,558,18,7,1,25.04177,121.58735,11
500111070,20231111,559,18,7,1,25.04177,121.58735,11
500111070,20231111,561,18,7,1,25.04177,121.58735,11
500111070,20231111,562,18,7,1,25.04177,121.58735,11
500111070,20231111,563,18,7,1,25.04177,121.58735,11
500111070,20231111,564,18,7,1,25.04177,121.58735,11
500111070,20231111,565,18,9,1,25.04177,121.58735,9
500111070,20231111,566,18,7,1,25.04177,121.58735,11
500111070,20231111,567,18,3,1,25.04177,121.58735,15
500111070,20231111,568,18,1,1,25.04177,121.58735,17
500111070,20231111,569,18,1,1,25.04177,121.58735,17
500111070,20231111,571,18,1,1,25.04177,121.58735,17
500111070,20231111,572,18,2,1,25.04177,121.58735,16
500111070,20231111,573,18,2,1,25.04177,121.58735,16
500111070,20231111,574,18,2,1,25.04177,121.58735,16
500111070,20231111,575,18,2,1,25.04177,121.58735,16
500111070,20231111,576,18,2,1,25.04177,121.58735,16
500111070,20231111,577,18,2,1,25.04177,121.58735,16
500111070,20231111,579,18,2,1,25.04177,121.58735,16
500111070,20231111,580,18,3,1,25.04177,121.58735,15
500111070,20231111,581,18,3,1,25.04177,121.58735,15
500111070,20231111,582,18,3,1,25.04177,121.58735,15
500111070,20231111,583,18,3,1,25.04177,121.58735,15
500111070,20231111,585,18,3,1,25.04177,121.58735,15
500111070,20231111,586,18,3,1,25.04177,121.58735,15
500111070,20231111,587,18,3,1,25.04177,121.58735,15
500111070,20231111,589,18,4,1,25.04177,121.58735,14
500111070,20231111,590,18,4,1,25.04177,121.58735,14
500111070,20231111,591,18,4,1,25.04177,121.58735,14
500111070,20231111,592,18,3,1,25.04177,121.58735,15
500111070,20231111,593,18,3,1,25.04177,121.58735,15
500111070,20231111,594,18,3,1,25.04177,121.58735,15
500111070,20231111,595,18,3,1,25.04177,121.58735,15
500111070,20231111,596,18,3,1,25.04177,121.58735,15
500111070,20231111,597,18,2,1,25.04177,121.58735,16
500111070,20231111,598,18,1,1,25.04177,121.58735,17
500111070,20231111,599,18,1,1,25.04177,121.58735,17
500111070,20231111,601,18,1,1,25.04177,121.58735,17
500111070,20231111,602,18,1,1,25.04177,121.58735,17
500111070,20231111,603,18,1,1,25.04177,121.58735,17
500111070,20231111,604,18,1,1,25.04177,121.58735,17
500111070,20231111,605,18,1,1,25.04177,121.58735,17
500111070,20231111,606,18,2,1,25.04177,121.58735,16
500111070,20231111,607,18,2,1,25.04177,121.58735,16
500111070,20231111,608,18,2,1,25.04177,121.58735,16
500111070,20231111,609,18,2,1,25.04177,121.58735,16
500111070,20231111,610,18,2,1,25.04177,121.58735,16
500111070,20231111,611,18,2,1,25.04177,121.58735,16
500111070,20231111,612,18,2,1,25.04177,121.58735,16
500111070,20231111,613,18,2,1,25.04177,121.58735,16
500111070,20231111,614,18,2,1,25.04177,121.58735,16
500111070,20231111,615,18,1,1,25.04177,121.58735,17
500111070,20231111,616,18,1,1,25.04177,121.58735,17
500111070,20231111,617,18,1,1,25.04177,121.58735,17
500111070,20231111,618,18,1,1,25.04177,121.58735,17
500111070,20231111,619,18,1,1,25.04177,121.58735,17
500111070,20231111,621,18,1,1,25.04177,121.58735,17
500111070,20231111,622,18,2,1,25.04177,121.58735,16
500111070,20231111,623,18,2,1,25.04177,121.58735,16
500111070,20231111,624,18,2,1,25.04177,121.58735,16
500111070,20231111,625,18,3,1,25.04177,121.58735,15
500111070,20231111,626,18,3,1,25.04177,121.58735,15
500111070,20231111,627,18,3,1,25.04177,121.58735,15
500111070,20231111,628,18,3,1,25.04177,121.58735,15
500111070,20231111,629,18,3,1,25.04177,121.58735,15
500111070,20231111,631,18,3,1,25.04177,121.58735,15
500111070,20231111,632,18,4,1,25.04177,121.58735,14
500111070,20231111,633,18,3,1,25.04177,121.58735,15
500111070,20231111,634,18,3,1,25.04177,121.58735,15
500111070,20231111,635,18,3,1,25.04177,121.58735,15
500111070,20231111,636,18,3,1,25.04177,121.58735,15
500111070,20231111,637,18,3,1,25.04177,121.58735,15
500111070,20231111,638,18,3,1,25.04177,121.58735,15
500111070,20231111,639,18,4,1,25.04177,121.58735,14
500111070,20231111,640,18,4,1,25.04177,121.58735,14
500111070,20231111,641,18,4,1,25.04177,121.58735,14
500111070,20231111,642,18,4,1,25.04177,121.58735,14
500111070,20231111,643,18,4,1,25.04177,121.58735,14
500111070,20231111,644,18,4,1,25.04177,121.58735,14
500111070,20231111,645,18,4,1,25.04177,121.58735,14
500111070,20231111,646,18,4,1,25.04177,121.58735,14
500111070,20231111,647,18,4,1,25.04177,121.58735,14
500111070,20231111,648,18,5,1,25.04177,121.58735,13
500111070,20231111,649,18,5,1,25.04177,121.58735,13
500111070,20231111,650,18,5,1,25.04177,121.58735,13
500111070,20231111,651,18,5,1,25.04177,121.58735,13
500111070,20231111,652,18,4,1,25.04177,121.58735,14
500111070,20231111,653,18,4,1,25.04177,121.58735,14
500111070,20231111,654,18,4,1,25.04177,121.58735,14
500111070,20231111,655,18,4,1,25.04177,121.58735,14
500111070,20231111,656,18,5,1,25.04177,121.58735,13
500111070,20231111,657,18,5,1,25.04177,121.58735,13
500111070,20231111,658,18,5,1,25.04177,121.58735,13
500111070,20231111,659,18,5,1,25.04177,121.58735,13
500111070,20231111,661,18,5,1,25.04177,121.58735,13
500111070,20231111,662,18,5,1,25.04177,121.58735,13
500111070,20231111,663,18,5,1,25.04177,121.58735,13
500111070,20231111,664,18,5,1,25.04177,121.58735,13
500111070,20231111,665,18,5,1,25.04177,121.58735,13
500111070,20231111,666,18,5,1,25.04177,121.58735,13
500111070,20231111,667,18,5,1,25.04177,121.58735,13
500111070,20231111,668,18,5,1,25.04177,121.58735,13
500111070,20231111,669,18,5,1,25.04177,121.58735,13
500111070,20231111,670,18,5,1,25.04177,121.58735,13
500111070,20231111,671,18,6,1,25.04177,121.58735,12
500111070,20231111,672,18,6,1,25.04177,121.58735,12
500111070,20231111,673,18,6,1,25.04177,121.58735,12
500111070,20231111,674,18,6,1,25.04177,121.58735,12
500111070,20231111,675,18,6,1,25.04177,121.58735,12
500111070,20231111,676,18,6,1,25.04177,121.58735,12
500111070,20231111,677,18,6,1,25.04177,121.58735,12
500111070,20231111,678,18,5,1,25.04177,121.58735,13
500111070,20231111,679,18,6,1,25.04177,121.58735,12
500111070,20231111,681,18,6,1,25.04177,121.58735,12
500111070,20231111,682,18,6,1,25.04177,121.58735,12
500111070,20231111,683,18,7,1,25.04177,121.58735,11
500111070,20231111,684,18,7,1,25.04177,121.58735,11
500111070,20231111,685,18,7,1,25.04177,121.58735,11
500111070,20231111,686,18,8,1,25.04177,121.58735,10
500111070,20231111,696,18,8,1,25.04177,121.58735,10
500111070,20231111,697,18,8,1,25.04177,121.58735,10
500111070,20231111,698,18,8,1,25.04177,121.58735,10
500111070,20231111,699,18,8,1,25.04177,121.58735,10
500111070,20231111,700,18,8,1,25.04177,121.58735,10
500111070,20231111,701,18,8,1,25.04177,121.58735,10
500111070,20231111,702,18,8,1,25.04177,121.58735,10
500111070,20231111,703,18,8,1,25.04177,121.58735,10
500111070,20231111,704,18,8,1,25.04177,121.58735,10
500111070,20231111,705,18,8,1,25.04177,121.58735,10
500111070,20231111,706,18,8,1,25.04177,121.58735,10
500111070,20231111,707,18,8,1,25.04177,121.58735,10
500111070,20231111,708,18,8,1,25.04177,121.58735,10
500111070,20231111,709,18,9,1,25.04177,121.58735,9
500111070,20231111,710,18,8,1,25.04177,121.58735,10
500111070,20231111,711,18,7,1,25.04177,121.58735,11
500111070,20231111,712,18,7,1,25.04177,121.58735,11
500111070,20231111,713,18,7,1,25.04177,121.58735,11
500111070,20231111,714,18,8,1,25.04177,121.58735,10
500111070,20231111,715,18,8,1,25.04177,121.58735,10
500111070,20231111,716,18,7,1,25.04177,121.58735,11
500111070,20231111,717,18,8,1,25.04177,121.58735,10
500111070,20231111,718,18,8,1,25.04177,121.58735,10
500111070,20231111,719,18,8,1,25.04177,121.58735,10
500111070,20231111,721,18,8,1,25.04177,121.58735,10
500111070,20231111,722,18,11,1,25.04177,121.58735,7
500111070,20231111,723,18,13,1,25.04177,121.58735,5
500111070,20231111,724,18,13,1,25.04177,121.58735,5
500111070,20231111,725,18,13,1,25.04177,121.58735,5
500111070,20231111,726,18,13,1,25.04177,121.58735,5
500111070,20231111,727,18,13,1,25.04177,121.58735,5
500111070,20231111,728,18,13,1,25.04177,121.58735,5
500111070,20231111,729,18,14,1,25.04177,121.58735,4
500111070,20231111,730,18,14,1,25.04177,121.58735,4
500111070,20231111,731,18,14,1,25.04177,121.58735,4
500111070,20231111,732,18,14,1,25.04177,121.58735,4
500111070,20231111,733,18,14,1,25.04177,121.58735,4
500111070,20231111,734,18,14,1,25.04177,121.58735,4
500111070,20231111,735,18,14,1,25.04177,121.58735,4
500111070,20231111,736,18,14,1,25.04177,121.58735,4
500111070,20231111,737,18,14,1,25.04177,121.58735,4
500111070,20231111,738,18,14,1,25.04177,121.58735,4
500111070,20231111,739,18,14,1,25.04177,121.58735,4
500111070,20231111,741,18,14,1,25.04177,121.58735,4
500111070,20231111,742,18,14,1,25.04177,121.58735,4
500111070,20231111,743,18,14,1,25.04177,121.58735,4
500111070,20231111,744,18,14,1,25.04177,121.58735,4
500111070,20231111,745,18,14,1,25.04177,121.58735,4
500111070,20231111,746,18,14,1,25.04177,121.58735,4
500111070,20231111,747,18,15,1,25.04177,121.58735,3
500111070,20231111,748,18,15,1,25.04177,121.58735,3
500111070,20231111,749,18,15,1,25.04177,121.58735,3
500111070,20231111,751,18,15,1,25.04177,121.58735,3
500111070,20231111,752,18,16,1,25.04177,121.58735,2
500111070,20231111,753,18,16,1,25.04177,121.58735,2
500111070,20231111,754,18,16,1,25.04177,121.58735,2
500111070,20231111,755,18,16,1,25.04177,121.58735,2
500111070,20231111,756,18,16,1,25.04177,121.58735,2
500111070,20231111,757,18,16,1,25.04177,121.58735,2
500111070,20231111,758,18,16,1,25.04177,121.58735,2
500111070,20231111,759,18,16,1,25.04177,121.58735,2
500111070,20231111,760,18,16,1,25.04177,121.58735,2
500111070,20231111,761,18,16,1,25.04177,121.58735,2
500111070,20231111,762,18,16,1,25.04177,121.58735,2
500111070,20231111,763,18,16,1,25.04177,121.58735,2
500111070,20231111,764,18,16,1,25.04177,121.58735,2
500111070,20231111,765,18,16,1,25.04177,121.58735,2
500111070,20231111,766,18,16,1,25.04177,121.58735,2
500111070,20231111,767,18,16,1,25.04177,121.58735,2
500111070,20231111,768,18,16,1,25.04177,121.58735,2
500111070,20231111,769,18,16,1,25.04177,121.58735,2
500111070,20231111,770,18,15,1,25.04177,121.58735,3
500111070,20231111,771,18,15,1,25.04177,121.58735,3
500111070,20231111,772,18,15,1,25.04177,121.58735,3
500111070,20231111,773,18,15,1,25.04177,121.58735,3
500111070,20231111,774,18,15,1,25.04177,121.58735,3
500111070,20231111,775,18,15,1,25.04177,121.58735,3
500111070,20231111,776,18,15,1,25.04177,121.58735,3
500111070,20231111,777,18,15,1,25.04177,121.58735,3
500111070,20231111,778,18,15,1,25.04177,121.58735,3
500111070,20231111,779,18,15,1,25.04177,121.58735,3
500111070,20231111,781,18,15,1,25.04177,121.58735,3
500111070,20231111,782,18,15,1,25.04177,121.58735,3
500111070,20231111,783,18,15,1,25.04177,121.58735,3
500111070,20231111,784,18,15,1,25.04177,121.58735,3
500111070,20231111,785,18,15,1,25.04177,121.58735,3
500111070,20231111,786,18,15,1,25.04177,121.58735,3
500111070,20231111,787,18,15,1,25.04177,121.58735,3
500111070,20231111,788,18,15,1,25.04177,121.58735,3
500111070,20231111,789,18,15,1,25.04177,121.58735,3
500111070,20231111,790,18,15,1,25.04177,121.58735,3
500111070,20231111,791,18,15,1,25.04177,121.58735,3
500111070,20231111,792,18,14,1,25.04177,121.58735,4
500111070,20231111,793,18,14,1,25.04177,121.58735,4
500111070,20231111,794,18,14,1,25.04177,121.58735,4
500111070,20231111,795,18,14,1,25.04177,121.58735,4
500111070,20231111,796,18,14,1,25.04177,121.58735,4
500111070,20231111,797,18,14,1,25.04177,121.58735,4
500111070,20231111,798,18,14,1,25.04177,121.58735,4
500111070,20231111,799,18,14,1,25.04177,121.58735,4
500111070,20231111,801,18,14,1,25.04177,121.58735,4
500111070,20231111,803,18,14,1,25.04177,121.58735,4
500111070,20231111,804,18,14,1,25.04177,121.58735,4
500111070,20231111,805,18,14,1,25.04177,121.58735,4
500111070,20231111,806,18,14,1,25.04177,121.58735,4
500111070,20231111,807,18,14,1,25.04177,121.58735,4
500111070,20231111,808,18,14,1,25.04177,121.58735,4
500111070,20231111,809,18,14,1,25.04177,121.58735,4
500111070,20231111,811,18,14,1,25.04177,121.58735,4
500111070,20231111,812,18,15,1,25.04177,121.58735,3
500111070,20231111,813,18,15,1,25.04177,121.58735,3
500111070,20231111,814,18,15,1,25.04177,121.58735,3
500111070,20231111,815,18,15,1,25.04177,121.58735,3
500111070,20231111,816,18,15,1,25.04177,121.58735,3
500111070,20231111,817,18,15,1,25.04177,121.58735,3
500111070,20231111,818,18,15,1,25.04177,121.58735,3
500111070,20231111,819,18,15,1,25.04177,121.58735,3
500111070,20231111,820,18,15,1,25.04177,121.58735,3
500111070,20231111,821,18,13,1,25.04177,121.58735,5
500111070,20231111,822,18,14,1,25.04177,121.58735,4
500111070,20231111,823,18,14,1,25.04177,121.58735,4
500111070,20231111,824,18,14,1,25.04177,121.58735,4
500111070,20231111,825,18,14,1,25.04177,121.58735,4
500111070,20231111,826,18,14,1,25.04177,121.58735,4
500111070,20231111,827,18,14,1,25.04177,121.58735,4
500111070,20231111,828,18,14,1,25.04177,121.58735,4
500111070,20231111,829,18,14,1,25.04177,121.58735,4
500111070,20231111,830,18,14,1,25.04177,121.58735,4
500111070,20231111,831,18,14,1,25.04177,121.58735,4
500111070,20231111,832,18,14,1,25.04177,121.58735,4
500111070,20231111,833,18,12,1,25.04177,121.58735,6
500111070,20231111,834,18,12,1,25.04177,121.58735,6
500111070,20231111,835,18,12,1,25.04177,121.58735,6
500111070,20231111,836,18,12,1,25.04177,121.58735,6
500111070,20231111,837,18,12,1,25.04177,121.58735,6
500111070,20231111,838,18,12,1,25.04177,121.58735,6
500111070,20231111,839,18,13,1,25.04177,121.58735,5
500111070,20231111,841,18,13,1,25.04177,121.58735,5
500111070,20231111,842,18,13,1,25.04177,121.58735,5
500111070,20231111,843,18,14,1,25.04177,121.58735,4
500111070,20231111,844,18,14,1,25.04177,121.58735,4
500111070,20231111,845,18,14,1,25.04177,121.58735,4
500111070,20231111,846,18,14,1,25.04177,121.58735,4
500111070,20231111,847,18,14,1,25.04177,121.58735,4
500111070,20231111,848,18,14,1,25.04177,121.58735,4
500111070,20231111,849,18,12,1,25.04177,121.58735,6
500111070,20231111,850,18,8,1,25.04177,121.58735,10
500111070,20231111,851,18,7,1,25.04177,121.58735,11
500111070,20231111,852,18,5,1,25.04177,121.58735,13
500111070,20231111,853,18,4,1,25.04177,121.58735,14
500111070,20231111,854,18,3,1,25.04177,121.58735,15
500111070,20231111,855,18,3,1,25.04177,121.58735,15
500111070,20231111,856,18,3,1,25.04177,121.58735,15
500111070,20231111,857,18,3,1,25.04177,121.58735,15
500111070,20231111,858,18,3,1,25.04177,121.58735,15
500111070,20231111,859,18,4,1,25.04177,121.58735,14
500111070,20231111,861,18,4,1,25.04177,121.58735,14
500111070,20231111,862,18,4,1,25.04177,121.58735,14
500111070,20231111,863,18,4,1,25.04177,121.58735,14
500111070,20231111,864,18,4,1,25.04177,121.58735,14
500111070,20231111,865,18,4,1,25.04177,121.58735,14
500111070,20231111,866,18,4,1,25.04177,121.58735,14
500111070,20231111,867,18,4,1,25.04177,121.58735,14
500111070,20231111,868,18,4,1,25.04177,121.58735,14
500111070,20231111,869,18,4,1,25.04177,121.58735,14
500111070,20231111,871,18,3,1,25.04177,121.58735,15
500111070,20231111,872,18,3,1,25.04177,121.58735,15
500111070,20231111,873,18,3,1,25.04177,121.58735,15
500111070,20231111,874,18,3,1,25.04177,121.58735,15
500111070,20231111,875,18,3,1,25.04177,121.58735,15
500111070,20231111,876,18,3,1,25.04177,121.58735,15
500111070,20231111,877,18,3,1,25.04177,121.58735,15
500111070,20231111,878,18,3,1,25.04177,121.58735,15
500111070,20231111,879,18,3,1,25.04177,121.58735,15
500111070,20231111,880,18,3,1,25.04177,121.58735,15
500111070,20231111,881,18,4,1,25.04177,121.58735,14
500111070,20231111,882,18,4,1,25.04177,121.58735,14
500111070,20231111,883,18,4,1,25.04177,121.58735,14
500111070,20231111,884,18,4,1,25.04177,121.58735,14
500111070,20231111,885,18,4,1,25.04177,121.58735,14
500111070,20231111,886,18,4,1,25.04177,121.58735,14
500111070,20231111,887,18,4,1,25.04177,121.58735,14
500111070,20231111,888,18,4,1,25.04177,121.58735,14
500111070,20231111,889,18,4,1,25.04177,121.58735,14
500111070,20231111,890,18,4,1,25.04177,121.58735,14
500111070,20231111,891,18,4,1,25.04177,121.58735,14
500111070,20231111,892,18,4,1,25.04177,121.58735,14
500111070,20231111,893,18,4,1,25.04177,121.58735,14
500111070,20231111,894,18,4,1,25.04177,121.58735,14
500111070,20231111,895,18,4,1,25.04177,121.58735,14
500111070,20231111,896,18,4,1,25.04177,121.58735,14
500111070,20231111,897,18,4,1,25.04177,121.58735,14
500111070,20231111,898,18,4,1,25.04177,121.58735,14
500111070,20231111,899,18,4,1,25.04177,121.58735,14
500111070,20231111,901,18,4,1,25.04177,121.58735,14
500111070,20231111,902,18,4,1,25.04177,121.58735,14
500111070,20231111,903,18,5,1,25.04177,121.58735,13
500111070,20231111,904,18,4,1,25.04177,121.58735,14
500111070,20231111,905,18,4,1,25.04177,121.58735,14
500111070,20231111,906,18,5,1,25.04177,121.58735,13
500111070,20231111,907,18,5,1,25.04177,121.58735,13
500111070,20231111,908,18,5,1,25.04177,121.58735,13
500111070,20231111,909,18,6,1,25.04177,121.58735,12
500111070,20231111,910,18,6,1,25.04177,121.58735,12
500111070,20231111,911,18,5,1,25.04177,121.58735,13
500111070,20231111,912,18,5,1,25.04177,121.58735,13
500111070,20231111,913,18,5,1,25.04177,121.58735,13
500111070,20231111,914,18,5,1,25.04177,121.58735,13
500111070,20231111,915,18,5,1,25.04177,121.58735,13
500111070,20231111,916,18,7,1,25.04177,121.58735,11
500111070,20231111,917,18,7,1,25.04177,121.58735,11
500111070,20231111,918,18,7,1,25.04177,121.58735,11
500111070,20231111,919,18,7,1,25.04177,121.58735,11
500111070,20231111,921,18,3,1,25.04177,121.58735,15
500111070,20231111,922,18,3,1,25.04177,121.58735,15
500111070,20231111,923,18,3,1,25.04177,121.58735,15
500111070,20231111,924,18,2,1,25.04177,121.58735,16
500111070,20231111,925,18,1,1,25.04177,121.58735,17
500111070,20231111,926,18,1,1,25.04177,121.58735,17
500111070,20231111,927,18,1,1,25.04177,121.58735,17
500111070,20231111,928,18,1,1,25.04177,121.58735,17
500111070,20231111,929,18,1,1,25.04177,121.58735,17
500111070,20231111,931,18,1,1,25.04177,121.58735,17
500111070,20231111,932,18,1,1,25.04177,121.58735,17
500111070,20231111,933,18,1,1,25.04177,121.58735,17
500111070,20231111,934,18,1,1,25.04177,121.58735,17
500111070,20231111,935,18,1,1,25.04177,121.58735,17
500111070,20231111,936,18,1,1,25.04177,121.58735,17
500111070,20231111,937,18,1,1,25.04177,121.58735,17
500111070,20231111,938,18,2,1,25.04177,121.58735,16
500111070,20231111,939,18,2,1,25.04177,121.58735,16
500111070,20231111,940,18,2,1,25.04177,121.58735,16
500111070,20231111,941,18,2,1,25.04177,121.58735,16
500111070,20231111,942,18,3,1,25.04177,121.58735,15
500111070,20231111,943,18,2,1,25.04177,121.58735,16
500111070,20231111,944,18,2,1,25.04177,121.58735,16
500111070,20231111,945,18,2,1,25.04177,121.58735,16
500111070,20231111,946,18,2,1,25.04177,121.58735,16
500111070,20231111,947,18,2,1,25.04177,121.58735,16
500111070,20231111,948,18,3,1,25.04177,121.58735,15
500111070,20231111,949,18,3,1,25.04177,121.58735,15
500111070,20231111,950,18,3,1,25.04177,121.58735,15
500111070,20231111,951,18,3,1,25.04177,121.58735,15
500111070,20231111,952,18,3,1,25.04177,121.58735,15
500111070,20231111,953,18,3,1,25.04177,121.58735,15
500111070,20231111,954,18,3,1,25.04177,121.58735,15
500111070,20231111,955,18,3,1,25.04177,121.58735,15
500111070,20231111,956,18,3,1,25.04177,121.58735,15
500111070,20231111,957,18,3,1,25.04177,121.58735,15
500111070,20231111,958,18,3,1,25.04177,121.58735,15
500111070,20231111,959,18,3,1,25.04177,121.58735,15
500111070,20231111,961,18,3,1,25.04177,121.58735,15
500111070,20231111,962,18,3,1,25.04177,121.58735,15
500111070,20231111,963,18,3,1,25.04177,121.58735,15
500111070,20231111,964,18,3,1,25.04177,121.58735,15
500111070,20231111,965,18,3,1,25.04177,121.58735,15
500111070,20231111,966,18,3,1,25.04177,121.58735,15
500111070,20231111,967,18,2,1,25.04177,121.58735,16
500111070,20231111,968,18,1,1,25.04177,121.58735,17
500111070,20231111,969,18,1,1,25.04177,121.58735,17
500111070,20231111,970,18,2,1,25.04177,121.58735,16
500111070,20231111,971,18,2,1,25.04177,121.58735,16
500111070,20231111,972,18,2,1,25.04177,121.58735,16
500111070,20231111,973,18,3,1,25.04177,121.58735,15
500111070,20231111,974,18,3,1,25.04177,121.58735,15
500111070,20231111,975,18,3,1,25.04177,121.58735,15
500111070,20231111,976,18,3,1,25.04177,121.58735,15
500111070,20231111,977,18,3,1,25.04177,121.58735,15
500111070,20231111,978,18,2,1,25.04177,121.58735,16
500111070,20231111,979,18,2,1,25.04177,121.58735,16
500111070,20231111,981,18,2,1,25.04177,121.58735,16
500111070,20231111,982,18,2,1,25.04177,121.58735,16
500111070,20231111,983,18,2,1,25.04177,121.58735,16
500111070,20231111,984,18,2,1,25.04177,121.58735,16
500111070,20231111,985,18,2,1,25.04177,121.58735,16
500111070,20231111,986,18,2,1,25.04177,121.58735,16
500111070,20231111,987,18,2,1,25.04177,121.58735,16
500111070,20231111,988,18,3,1,25.04177,121.58735,15
500111070,20231111,989,18,3,1,25.04177,121.58735,15
500111070,20231111,991,18,3,1,25.04177,121.58735,15
500111070,20231111,992,18,3,1,25.04177,121.58735,15
500111070,20231111,993,18,3,1,25.04177,121.58735,15
500111070,20231111,994,18,3,1,25.04177,121.58735,15
500111070,20231111,995,18,3,1,25.04177,121.58735,15
500111070,20231111,996,18,3,1,25.04177,121.58735,15
500111070,20231111,997,18,3,1,25.04177,121.58735,15
500111070,20231111,998,18,2,1,25.04177,121.58735,16
500111070,20231111,999,18,2,1,25.04177,121.58735,16
500111070,20231111,1000,18,2,1,25.04177,121.58735,16
500111070,20231111,1001,18,2,1,25.04177,121.58735,16
500111070,20231111,1002,18,1,1,25.04177,121.58735,17
500111070,20231111,1003,18,1,1,25.04177,121.58735,17
500111070,20231111,1004,18,1,1,25.04177,121.58735,17
500111070,20231111,1005,18,1,1,25.04177,121.58735,17
500111070,20231111,1006,18,1,1,25.04177,121.58735,17
500111070,20231111,1007,18,1,1,25.04177,121.58735,17
500111070,20231111,1008,18,1,1,25.04177,121.58735,17
500111070,20231111,1009,18,1,1,25.04177,121.58735,17
500111070,20231111,1010,18,1,1,25.04177,121.58735,17
500111070,20231111,1011,18,1,1,25.04177,121.58735,17
500111070,20231111,1012,18,1,1,25.04177,121.58735,17
500111070,20231111,1013,18,1,1,25.04177,121.58735,17
500111070,20231111,1014,18,1,1,25.04177,121.58735,17
500111070,20231111,1015,18,2,1,25.04177,121.58735,16
500111070,20231111,1016,18,2,1,25.04177,121.58735,16
500111070,20231111,1017,18,1,1,25.04177,121.58735,17
500111070,20231111,1018,18,1,1,25.04177,121.58735,17
500111070,20231111,1019,18,1,1,25.04177,121.58735,17
500111070,20231111,1021,18,1,1,25.04177,121.58735,17
500111070,20231111,1022,18,1,1,25.04177,121.58735,17
500111070,20231111,1023,18,1,1,25.04177,121.58735,17
500111070,20231111,1024,18,1,1,25.04177,121.58735,17
500111070,20231111,1025,18,1,1,25.04177,121.58735,17
500111070,20231111,1026,18,2,1,25.04177,121.58735,16
500111070,20231111,1027,18,2,1,25.04177,121.58735,16
500111070,20231111,1028,18,1,1,25.04177,121.58735,17
500111070,20231111,1029,18,1,1,25.04177,121.58735,17
500111070,20231111,1030,18,1,1,25.04177,121.58735,17
500111070,20231111,1031,18,1,1,25.04177,121.58735,17
500111070,20231111,1032,18,1,1,25.04177,121.58735,17
500111070,20231111,1033,18,1,1,25.04177,121.58735,17
500111070,20231111,1034,18,2,1,25.04177,121.58735,16
500111070,20231111,1035,18,2,1,25.04177,121.58735,16
500111070,20231111,1036,18,2,1,25.04177,121.58735,16
500111070,20231111,1037,18,5,1,25.04177,121.58735,13
500111070,20231111,1038,18,5,1,25.04177,121.58735,13
500111070,20231111,1039,18,5,1,25.04177,121.58735,13
500111070,20231111,1041,18,5,1,25.04177,121.58735,13
500111070,20231111,1042,18,5,1,25.04177,121.58735,13
500111070,20231111,1043,18,5,1,25.04177,121.58735,13
500111070,20231111,1044,18,5,1,25.04177,121.58735,13
500111070,20231111,1045,18,5,1,25.04177,121.58735,13
500111070,20231111,1046,18,4,1,25.04177,121.58735,14
500111070,20231111,1048,18,2,1,25.04177,121.58735,16
500111070,20231111,1049,18,2,1,25.04177,121.58735,16
500111070,20231111,1051,18,2,1,25.04177,121.58735,16
500111070,20231111,1052,18,1,1,25.04177,121.58735,17
500111070,20231111,1053,18,1,1,25.04177,121.58735,17
500111070,20231111,1054,18,1,1,25.04177,121.58735,17
500111070,20231111,1055,18,1,1,25.04177,121.58735,17
500111070,20231111,1056,18,1,1,25.04177,121.58735,17
500111070,20231111,1057,18,1,1,25.04177,121.58735,17
500111070,20231111,1058,18,1,1,25.04177,121.58735,17
500111070,20231111,1059,18,1,1,25.04177,121.58735,17
500111070,20231111,1060,18,1,1,25.04177,121.58735,17
500111070,20231111,1061,18,1,1,25.04177,121.58735,17
500111070,20231111,1062,18,1,1,25.04177,121.58735,17
500111070,20231111,1063,18,1,1,25.04177,121.58735,17
500111070,20231111,1064,18,1,1,25.04177,121.58735,17
500111070,20231111,1065,18,1,1,25.04177,121.58735,17
500111070,20231111,1066,18,1,1,25.04177,121.58735,17
500111070,20231111,1067,18,1,1,25.04177,121.58735,17
500111070,20231111,1068,18,2,1,25.04177,121.58735,16
500111070,20231111,1069,18,2,1,25.04177,121.58735,16
500111070,20231111,1070,18,2,1,25.04177,121.58735,16
500111070,20231111,1071,18,2,1,25.04177,121.58735,16
500111070,20231111,1072,18,2,1,25.04177,121.58735,16
500111070,20231111,1073,18,2,1,25.04177,121.58735,16
500111070,20231111,1074,18,2,1,25.04177,121.58735,16
500111070,20231111,1075,18,2,1,25.04177,121.58735,16
500111070,20231111,1076,18,2,1,25.04177,121.58735,16
500111070,20231111,1077,18,2,1,25.04177,121.58735,16
500111070,20231111,1078,18,4,1,25.04177,121.58735,14
500111070,20231111,1079,18,4,1,25.04177,121.58735,14
500111070,20231111,1081,18,4,1,25.04177,121.58735,14
500111070,20231111,1082,18,3,1,25.04177,121.58735,15
500111070,20231111,1083,18,2,1,25.04177,121.58735,16
500111070,20231111,1084,18,2,1,25.04177,121.58735,16
500111070,20231111,1085,18,2,1,25.04177,121.58735,16
500111070,20231111,1086,18,2,1,25.04177,121.58735,16
500111070,20231111,1087,18,2,1,25.04177,121.58735,16
500111070,20231111,1088,18,2,1,25.04177,121.58735,16
500111070,20231111,1089,18,2,1,25.04177,121.58735,16
500111070,20231111,1090,18,2,1,25.04177,121.58735,16
500111070,20231111,1091,18,2,1,25.04177,121.58735,16
500111070,20231111,1092,18,2,1,25.04177,121.58735,16
500111070,20231111,1093,18,2,1,25.04177,121.58735,16
500111070,20231111,1094,18,2,1,25.04177,121.58735,16
500111070,20231111,1095,18,3,1,25.04177,121.58735,15
500111070,20231111,1096,18,3,1,25.04177,121.58735,15
500111070,20231111,1097,18,2,1,25.04177,121.58735,16
500111070,20231111,1098,18,2,1,25.04177,121.58735,16
500111070,20231111,1099,18,2,1,25.04177,121.58735,16
500111070,20231111,1101,18,2,1,25.04177,121.58735,16
500111070,20231111,1102,18,3,1,25.04177,121.58735,15
500111070,20231111,1103,18,3,1,25.04177,121.58735,15
500111070,20231111,1104,18,3,1,25.04177,121.58735,15
500111070,20231111,1105,18,3,1,25.04177,121.58735,15
500111070,20231111,1106,18,3,1,25.04177,121.58735,15
500111070,20231111,1107,18,3,1,25.04177,121.58735,15
500111070,20231111,1108,18,3,1,25.04177,121.58735,15
500111070,20231111,1109,18,4,1,25.04177,121.58735,14
500111070,20231111,1111,18,4,1,25.04177,121.58735,14
500111070,20231111,1112,18,4,1,25.04177,121.58735,14
500111070,20231111,1113,18,4,1,25.04177,121.58735,14
500111070,20231111,1114,18,4,1,25.04177,121.58735,14
500111070,20231111,1115,18,4,1,25.04177,121.58735,14
500111070,20231111,1116,18,4,1,25.04177,121.58735,14
500111070,20231111,1117,18,4,1,25.04177,121.58735,14
500111070,20231111,1118,18,4,1,25.04177,121.58735,14
500111070,20231111,1119,18,4,1,25.04177,121.58735,14
500111070,20231111,1120,18,5,1,25.04177,121.58735,13
500111070,20231111,1121,18,5,1,25.04177,121.58735,13
500111070,20231111,1122,18,9,1,25.04177,121.58735,9
500111070,20231111,1123,18,11,1,25.04177,121.58735,7
500111070,20231111,1124,18,14,1,25.04177,121.58735,4
500111070,20231111,1125,18,16,1,25.04177,121.58735,2
500111070,20231111,1126,18,16,1,25.04177,121.58735,2
500111070,20231111,1127,18,15,1,25.04177,121.58735,3
500111070,20231111,1128,18,15,1,25.04177,121.58735,3
500111070,20231111,1129,18,15,1,25.04177,121.58735,3
500111070,20231111,1130,18,14,1,25.04177,121.58735,4
500111070,20231111,1131,18,14,1,25.04177,121.58735,4
500111070,20231111,1132,18,14,1,25.04177,121.58735,4
500111070,20231111,1133,18,14,1,25.04177,121.58735,4
500111070,20231111,1134,18,14,1,25.04177,121.58735,4
500111070,20231111,1135,18,14,1,25.04177,121.58735,4
500111070,20231111,1136,18,13,1,25.04177,121.58735,5
500111070,20231111,1137,18,13,1,25.04177,121.58735,5
500111070,20231111,1138,18,13,1,25.04177,121.58735,5
500111070,20231111,1139,18,13,1,25.04177,121.58735,5
500111070,20231111,1141,18,12,1,25.04177,121.58735,6
500111070,20231111,1142,18,12,1,25.04177,121.58735,6
500111070,20231111,1143,18,12,1,25.04177,121.58735,6
500111070,20231111,1144,18,12,1,25.04177,121.58735,6
500111070,20231111,1145,18,12,1,25.04177,121.58735,6
500111070,20231111,1146,18,11,1,25.04177,121.58735,7
500111070,20231111,1147,18,11,1,25.04177,121.58735,7
500111070,20231111,1148,18,11,1,25.04177,121.58735,7
500111070,20231111,1149,18,11,1,25.04177,121.58735,7
500111070,20231111,1150,18,11,1,25.04177,121.58735,7
500111070,20231111,1151,18,11,1,25.04177,121.58735,7
500111070,20231111,1152,18,11,1,25.04177,121.58735,7
500111070,20231111,1153,18,11,1,25.04177,121.58735,7
500111070,20231111,1154,18,11,1,25.04177,121.58735,7
500111070,20231111,1155,18,11,1,25.04177,121.58735,7
500111070,20231111,1156,18,11,1,25.04177,121.58735,7
500111070,20231111,1157,18,11,1,25.04177,121.58735,7
500111070,20231111,1158,18,11,1,25.04177,121.58735,7
500111070,20231111,1159,18,11,1,25.04177,121.58735,7
500111070,20231111,1161,18,11,1,25.04177,121.58735,7
500111070,20231111,1162,18,10,1,25.04177,121.58735,8
500111070,20231111,1163,18,9,1,25.04177,121.58735,9
500111070,20231111,1164,18,9,1,25.04177,121.58735,9
500111070,20231111,1165,18,9,1,25.04177,121.58735,9
500111070,20231111,1166,18,9,1,25.04177,121.58735,9
500111070,20231111,1167,18,9,1,25.04177,121.58735,9
500111070,20231111,1168,18,9,1,25.04177,121.58735,9
500111070,20231111,1169,18,9,1,25.04177,121.58735,9
500111070,20231111,1171,18,9,1,25.04177,121.58735,9
500111070,20231111,1172,18,9,1,25.04177,121.58735,9
500111070,20231111,1173,18,9,1,25.04177,121.58735,9
500111070,20231111,1174,18,8,1,25.04177,121.58735,10
500111070,20231111,1175,18,8,1,25.04177,121.58735,10
500111070,20231111,1176,18,8,1,25.04177,121.58735,10
500111070,20231111,1177,18,8,1,25.04177,121.58735,10
500111070,20231111,1178,18,8,1,25.04177,121.58735,10
500111070,20231111,1179,18,8,1,25.04177,121.58735,10
500111070,20231111,1180,18,7,1,25.04177,121.58735,11
500111070,20231111,1181,18,8,1,25.04177,121.58735,10
500111070,20231111,1182,18,7,1,25.04177,121.58735,11
500111070,20231111,1183,18,7,1,25.04177,121.58735,11
500111070,20231111,1184,18,7,1,25.04177,121.58735,11
500111070,20231111,1185,18,7,1,25.04177,121.58735,11
500111070,20231111,1186,18,7,1,25.04177,121.58735,11
500111070,20231111,1187,18,8,1,25.04177,121.58735,10
500111070,20231111,1188,18,7,1,25.04177,121.58735,11
500111070,20231111,1189,18,7,1,25.04177,121.58735,11
500111070,20231111,1190,18,7,1,25.04177,121.58735,11
500111070,20231111,1191,18,7,1,25.04177,121.58735,11
500111070,20231111,1192,18,7,1,25.04177,121.58735,11
500111070,20231111,1193,18,7,1,25.04177,121.58735,11
500111070,20231111,1194,18,7,1,25.04177,121.58735,11
500111070,20231111,1195,18,7,1,25.04177,121.58735,11
500111070,20231111,1196,18,7,1,25.04177,121.58735,11
500111070,20231111,1197,18,8,1,25.04177,121.58735,10
500111070,20231111,1198,18,8,1,25.04177,121.58735,10
500111070,20231111,1199,18,8,1,25.04177,121.58735,10
500111070,20231111,1201,18,7,1,25.04177,121.58735,11
500111070,20231111,1202,18,7,1,25.04177,121.58735,11
500111070,20231111,1203,18,6,1,25.04177,121.58735,12
500111070,20231111,1204,18,6,1,25.04177,121.58735,12
500111070,20231111,1205,18,6,1,25.04177,121.58735,12
500111070,20231111,1206,18,6,1,25.04177,121.58735,12
500111070,20231111,1207,18,6,1,25.04177,121.58735,12
500111070,20231111,1208,18,6,1,25.04177,121.58735,12
500111070,20231111,1209,18,6,1,25.04177,121.58735,12
500111070,20231111,1210,18,6,1,25.04177,121.58735,12
500111070,20231111,1211,18,6,1,25.04177,121.58735,12
500111070,20231111,1212,18,6,1,25.04177,121.58735,12
500111070,20231111,1213,18,6,1,25.04177,121.58735,12
500111070,20231111,1214,18,6,1,25.04177,121.58735,12
500111070,20231111,1215,18,6,1,25.04177,121.58735,12
500111070,20231111,1216,18,7,1,25.04177,121.58735,11
500111070,20231111,1217,18,7,1,25.04177,121.58735,11
500111070,20231111,1218,18,7,1,25.04177,121.58735,11
500111070,20231111,1219,18,7,1,25.04177,121.58735,11
500111070,20231111,1221,18,7,1,25.04177,121.58735,11
500111070,20231111,1222,18,7,1,25.04177,121.58735,11
500111070,20231111,1223,18,7,1,25.04177,121.58735,11
500111070,20231111,1224,18,7,1,25.04177,121.58735,11
500111070,20231111,1225,18,7,1,25.04177,121.58735,11
500111070,20231111,1226,18,6,1,25.04177,121.58735,12
500111070,20231111,1227,18,5,1,25.04177,121.58735,13
500111070,20231111,1228,18,5,1,25.04177,121.58735,13
500111070,20231111,1229,18,5,1,25.04177,121.58735,13
500111070,20231111,1231,18,5,1,25.04177,121.58735,13
500111070,20231111,1232,18,5,1,25.04177,121.58735,13
500111070,20231111,1233,18,5,1,25.04177,121.58735,13
500111070,20231111,1234,18,5,1,25.04177,121.58735,13
500111070,20231111,1235,18,5,1,25.04177,121.58735,13
500111070,20231111,1236,18,5,1,25.04177,121.58735,13
500111070,20231111,1237,18,5,1,25.04177,121.58735,13
500111070,20231111,1238,18,5,1,25.04177,121.58735,13
500111070,20231111,1239,18,5,1,25.04177,121.58735,13
500111070,20231111,1240,18,5,1,25.04177,121.58735,13
500111070,20231111,1241,18,5,1,25.04177,121.58735,13
500111070,20231111,1242,18,5,1,25.04177,121.58735,13
500111070,20231111,1243,18,4,1,25.04177,121.58735,14
500111070,20231111,1244,18,4,1,25.04177,121.58735,14
500111070,20231111,1245,18,4,1,25.04177,121.58735,14
500111070,20231111,1246,18,4,1,25.04177,121.58735,14
500111070,20231111,1247,18,4,1,25.04177,121.58735,14
500111070,20231111,1248,18,4,1,25.04177,121.58735,14
500111070,20231111,1249,18,6,1,25.04177,121.58735,12
500111070,20231111,1250,18,6,1,25.04177,121.58735,12
500111070,20231111,1251,18,6,1,25.04177,121.58735,12
500111070,20231111,1252,18,6,1,25.04177,121.58735,12
500111070,20231111,1253,18,6,1,25.04177,121.58735,12
500111070,20231111,1254,18,6,1,25.04177,121.58735,12
500111070,20231111,1255,18,5,1,25.04177,121.58735,13
500111070,20231111,1256,18,5,1,25.04177,121.58735,13
500111070,20231111,1257,18,5,1,25.04177,121.58735,13
500111070,20231111,1258,18,5,1,25.04177,121.58735,13
500111070,20231111,1259,18,5,1,25.04177,121.58735,13
500111070,20231111,1261,18,5,1,25.04177,121.58735,13
500111070,20231111,1262,18,5,1,25.04177,121.58735,13
500111070,20231111,1263,18,5,1,25.04177,121.58735,13
500111070,20231111,1264,18,5,1,25.04177,121.58735,13
500111070,20231111,1265,18,5,1,25.04177,121.58735,13
500111070,20231111,1266,18,4,1,25.04177,121.58735,14
500111070,20231111,1267,18,4,1,25.04177,121.58735,14
500111070,20231111,1268,18,4,1,25.04177,121.58735,14
500111070,20231111,1269,18,4,1,25.04177,121.58735,14
500111070,20231111,1270,18,4,1,25.04177,121.58735,14
500111070,20231111,1271,18,4,1,25.04177,121.58735,14
500111070,20231111,1272,18,4,1,25.04177,121.58735,14
500111070,20231111,1273,18,4,1,25.04177,121.58735,14
500111070,20231111,1274,18,4,1,25.04177,121.58735,14
500111070,20231111,1275,18,4,1,25.04177,121.58735,14
500111070,20231111,1276,18,4,1,25.04177,121.58735,14
500111070,20231111,1277,18,4,1,25.04177,121.58735,14
500111070,20231111,1278,18,4,1,25.04177,121.58735,14
500111070,20231111,1279,18,4,1,25.04177,121.58735,14
500111070,20231111,1281,18,4,1,25.04177,121.58735,14
500111070,20231111,1282,18,4,1,25.04177,121.58735,14
500111070,20231111,1283,18,4,1,25.04177,121.58735,14
500111070,20231111,1284,18,4,1,25.04177,121.58735,14
500111070,20231111,1285,18,4,1,25.04177,121.58735,14
500111070,20231111,1286,18,4,1,25.04177,121.58735,14
500111070,20231111,1287,18,4,1,25.04177,121.58735,14
500111070,20231111,1288,18,4,1,25.04177,121.58735,14
500111070,20231111,1289,18,4,1,25.04177,121.58735,14
500111070,20231111,1291,18,4,1,25.04177,121.58735,14
500111070,20231111,1292,18,4,1,25.04177,121.58735,14
500111070,20231111,1293,18,4,1,25.04177,121.58735,14
500111070,20231111,1294,18,4,1,25.04177,121.58735,14
500111070,20231111,1295,18,4,1,25.04177,121.58735,14
500111070,20231111,1296,18,4,1,25.04177,121.58735,14
500111070,20231111,1297,18,4,1,25.04177,121.58735,14
500111070,20231111,1298,18,4,1,25.04177,121.58735,14
500111070,20231111,1299,18,4,1,25.04177,121.58735,14
500111070,20231111,1300,18,4,1,25.04177,121.58735,14
500111070,20231111,1301,18,4,1,25.04177,121.58735,14
500111070,20231111,1302,18,4,1,25.04177,121.58735,14
500111070,20231111,1303,18,4,1,25.04177,121.58735,14
500111070,20231111,1304,18,4,1,25.04177,121.58735,14
500111070,20231111,1305,18,4,1,25.04177,121.58735,14
500111070,20231111,1306,18,4,1,25.04177,121.58735,14
500111070,20231111,1307,18,4,1,25.04177,121.58735,14
500111070,20231111,1308,18,4,1,25.04177,121.58735,14
500111070,20231111,1309,18,4,1,25.04177,121.58735,14
500111070,20231111,1311,18,6,1,25.04177,121.58735,12
500111070,20231111,1312,18,8,1,25.04177,121.58735,10
500111070,20231111,1313,18,12,1,25.04177,121.58735,6
500111070,20231111,1314,18,12,1,25.04177,121.58735,6
500111070,20231111,1315,18,12,1,25.04177,121.58735,6
500111070,20231111,1316,18,12,1,25.04177,121.58735,6
500111070,20231111,1317,18,12,1,25.04177,121.58735,6
500111070,20231111,1318,18,12,1,25.04177,121.58735,6
500111070,20231111,1319,18,12,1,25.04177,121.58735,6
500111070,20231111,1321,18,12,1,25.04177,121.58735,6
500111070,20231111,1322,18,12,1,25.04177,121.58735,6
500111070,20231111,1323,18,12,1,25.04177,121.58735,6
500111070,20231111,1324,18,12,1,25.04177,121.58735,6
500111070,20231111,1325,18,12,1,25.04177,121.58735,6
500111070,20231111,1326,18,12,1,25.04177,121.58735,6
500111070,20231111,1327,18,12,1,25.04177,121.58735,6
500111070,20231111,1328,18,12,1,25.04177,121.58735,6
500111070,20231111,1329,18,12,1,25.04177,121.58735,6
500111070,20231111,1330,18,12,1,25.04177,121.58735,6
500111070,20231111,1331,18,12,1,25.04177,121.58735,6
500111070,20231111,1332,18,12,1,25.04177,121.58735,6
500111070,20231111,1333,18,12,1,25.04177,121.58735,6
500111070,20231111,1334,18,11,1,25.04177,121.58735,7
500111070,20231111,1335,18,11,1,25.04177,121.58735,7
500111070,20231111,1336,18,11,1,25.04177,121.58735,7
500111070,20231111,1337,18,11,1,25.04177,121.58735,7
500111070,20231111,1338,18,11,1,25.04177,121.58735,7
500111070,20231111,1339,18,11,1,25.04177,121.58735,7
500111070,20231111,1341,18,11,1,25.04177,121.58735,7
500111070,20231111,1342,18,10,1,25.04177,121.58735,8
500111070,20231111,1343,18,10,1,25.04177,121.58735,8
500111070,20231111,1344,18,10,1,25.04177,121.58735,8
500111070,20231111,1345,18,10,1,25.04177,121.58735,8
500111070,20231111,1346,18,10,1,25.04177,121.58735,8
500111070,20231111,1347,18,9,1,25.04177,121.58735,9
500111070,20231111,1348,18,9,1,25.04177,121.58735,9
500111070,20231111,1349,18,9,1,25.04177,121.58735,9
500111070,20231111,1350,18,9,1,25.04177,121.58735,9
500111070,20231111,1351,18,9,1,25.04177,121.58735,9
500111070,20231111,1352,18,9,1,25.04177,121.58735,9
500111070,20231111,1353,18,9,1,25.04177,121.58735,9
500111070,20231111,1354,18,9,1,25.04177,121.58735,9
500111070,20231111,1355,18,9,1,25.04177,121.58735,9
500111070,20231111,1356,18,9,1,25.04177,121.58735,9
500111070,20231111,1357,18,9,1,25.04177,121.58735,9
500111070,20231111,1358,18,9,1,25.04177,121.58735,9
500111070,20231111,1359,18,9,1,25.04177,121.58735,9
500111070,20231111,1360,18,9,1,25.04177,121.58735,9
500111070,20231111,1361,18,9,1,25.04177,121.58735,9
500111070,20231111,1362,18,8,1,25.04177,121.58735,10
500111070,20231111,1363,18,8,1,25.04177,121.58735,10
500111070,20231111,1364,18,8,1,25.04177,121.58735,10
500111070,20231111,1365,18,8,1,25.04177,121.58735,10
500111070,20231111,1366,18,8,1,25.04177,121.58735,10
500111070,20231111,1367,18,8,1,25.04177,121.58735,10
500111070,20231111,1368,18,8,1,25.04177,121.58735,10
500111070,20231111,1369,18,8,1,25.04177,121.58735,10
500111070,20231111,1370,18,8,1,25.04177,121.58735,10
500111070,20231111,1371,18,8,1,25.04177,121.58735,10
500111070,20231111,1372,18,8,1,25.04177,121.58735,10
500111070,20231111,1373,18,8,1,25.04177,121.58735,10
500111070,20231111,1374,18,8,1,25.04177,121.58735,10
500111070,20231111,1375,18,8,1,25.04177,121.58735,10
500111070,20231111,1376,18,8,1,25.04177,121.58735,10
500111070,20231111,1377,18,8,1,25.04177,121.58735,10
500111070,20231111,1378,18,8,1,25.04177,121.58735,10
500111070,20231111,1379,18,8,1,25.04177,121.58735,10
500111070,20231111,1381,18,8,1,25.04177,121.58735,10
500111070,20231111,1382,18,8,1,25.04177,121.58735,10
500111070,20231111,1383,18,8,1,25.04177,121.58735,10
500111070,20231111,1384,18,8,1,25.04177,121.58735,10
500111070,20231111,1385,18,8,1,25.04177,121.58735,10
500111070,20231111,1386,18,8,1,25.04177,121.58735,10
500111070,20231111,1387,18,8,1,25.04177,121.58735,10
500111070,20231111,1388,18,8,1,25.04177,121.58735,10
500111070,20231111,1389,18,8,1,25.04177,121.58735,10
500111070,20231111,1390,18,8,1,25.04177,121.58735,10
500111070,20231111,1391,18,9,1,25.04177,121.58735,9
500111070,20231111,1392,18,9,1,25.04177,121.58735,9
500111070,20231111,1393,18,10,1,25.04177,121.58735,8
500111070,20231111,1394,18,10,1,25.04177,121.58735,8
500111070,20231111,1395,18,9,1,25.04177,121.58735,9
500111070,20231111,1396,18,9,1,25.04177,121.58735,9
500111070,20231111,1397,18,9,1,25.04177,121.58735,9
500111070,20231111,1398,18,9,1,25.04177,121.58735,9
500111070,20231111,1399,18,9,1,25.04177,121.58735,9
500111070,20231111,1401,18,9,1,25.04177,121.58735,9
500111070,20231111,1402,18,9,1,25.04177,121.58735,9
500111070,20231111,1403,18,9,1,25.04177,121.58735,9
500111070,20231111,1404,18,9,1,25.04177,121.58735,9
500111070,20231111,1405,18,9,1,25.04177,121.58735,9
500111070,20231111,1406,18,9,1,25.04177,121.58735,9
500111070,20231111,1407,18,9,1,25.04177,121.58735,9
500111070,20231111,1408,18,9,1,25.04177,121.58735,9
500111070,20231111,1409,18,9,1,25.04177,121.58735,9
500111070,20231111,1410,18,9,1,25.04177,121.58735,9
500111070,20231111,1411,18,8,1,25.04177,121.58735,10
500111070,20231111,1412,18,8,1,25.04177,121.58735,10
500111070,20231111,1413,18,8,1,25.04177,121.58735,10
500111070,20231111,1414,18,8,1,25.04177,121.58735,10
500111070,20231111,1415,18,8,1,25.04177,121.58735,10
500111070,20231111,1416,18,8,1,25.04177,121.58735,10
500111070,20231111,1417,18,8,1,25.04177,121.58735,10
500111070,20231111,1418,18,8,1,25.04177,121.58735,10
500111070,20231111,1419,18,8,1,25.04177,121.58735,10
500111070,20231111,1420,18,8,1,25.04177,121.58735,10
500111070,20231111,1421,18,7,1,25.04177,121.58735,11
500111070,20231111,1422,18,7,1,25.04177,121.58735,11
500111070,20231111,1423,18,7,1,25.04177,121.58735,11
500111070,20231111,1424,18,7,1,25.04177,121.58735,11
500111070,20231111,1425,18,7,1,25.04177,121.58735,11
500111070,20231111,1426,18,7,1,25.04177,121.58735,11
500111070,20231111,1427,18,7,1,25.04177,121.58735,11
500111070,20231111,1428,18,7,1,25.04177,121.58735,11
500111070,20231111,1429,18,7,1,25.04177,121.58735,11
500111070,20231111,1430,18,7,1,25.04177,121.58735,11
500111070,20231111,1431,18,8,1,25.04177,121.58735,10
500111070,20231111,1432,18,8,1,25.04177,121.58735,10
500111070,20231111,1433,18,8,1,25.04177,121.58735,10
500111070,20231111,1434,18,8,1,25.04177,121.58735,10
500111070,20231111,1435,18,8,1,25.04177,121.58735,10
500111070,20231111,1436,18,8,1,25.04177,121.58735,10
500111070,20231111,1437,18,7,1,25.04177,121.58735,11
500111070,20231111,1438,18,7,1,25.04177,121.58735,11
500111070,20231111,1439,18,7,1,25.04177,121.58735,11
500111070,20231112,1,18,7,1,25.04177,121.58735,11
500111070,20231112,2,18,7,1,25.04177,121.58735,11
500111070,20231112,3,18,7,1,25.04177,121.58735,11
500111070,20231112,4,18,7,1,25.04177,121.58735,11
500111070,20231112,5,18,7,1,25.04177,121.58735,11
500111070,20231112,6,18,7,1,25.04177,121.58735,11
500111070,20231112,7,18,7,1,25.04177,121.58735,11
500111070,20231112,8,18,7,1,25.04177,121.58735,11
500111070,20231112,9,18,7,1,25.04177,121.58735,11
500111070,20231112,10,18,7,1,25.04177,121.58735,11
500111070,20231112,11,18,7,1,25.04177,121.58735,11
500111070,20231112,12,18,7,1,25.04177,121.58735,11
500111070,20231112,13,18,7,1,25.04177,121.58735,11
500111070,20231112,14,18,7,1,25.04177,121.58735,11
500111070,20231112,15,18,7,1,25.04177,121.58735,11
500111070,20231112,16,18,6,1,25.04177,121.58735,12
500111070,20231112,17,18,5,1,25.04177,121.58735,13
500111070,20231112,18,18,5,1,25.04177,121.58735,13
500111070,20231112,19,18,5,1,25.04177,121.58735,13
500111070,20231112,21,18,5,1,25.04177,121.58735,13
500111070,20231112,22,18,5,1,25.04177,121.58735,13
500111070,20231112,23,18,5,1,25.04177,121.58735,13
500111070,20231112,24,18,5,1,25.04177,121.58735,13
500111070,20231112,25,18,5,1,25.04177,121.58735,13
500111070,20231112,26,18,4,1,25.04177,121.58735,14
500111070,20231112,27,18,4,1,25.04177,121.58735,14
500111070,20231112,28,18,4,1,25.04177,121.58735,14
500111070,20231112,29,18,4,1,25.04177,121.58735,14
500111070,20231112,30,18,4,1,25.04177,121.58735,14
500111070,20231112,31,18,4,1,25.04177,121.58735,14
500111070,20231112,32,18,4,1,25.04177,121.58735,14
500111070,20231112,33,18,4,1,25.04177,121.58735,14
500111070,20231112,34,18,4,1,25.04177,121.58735,14
500111070,20231112,35,18,4,1,25.04177,121.58735,14
500111070,20231112,36,18,4,1,25.04177,121.58735,14
500111070,20231112,37,18,4,1,25.04177,121.58735,14
500111070,20231112,38,18,4,1,25.04177,121.58735,14
500111070,20231112,39,18,4,1,25.04177,121.58735,14
500111070,20231112,40,18,4,1,25.04177,121.58735,14
500111070,20231112,41,18,4,1,25.04177,121.58735,14
500111070,20231112,42,18,4,1,25.04177,121.58735,14
500111070,20231112,43,18,4,1,25.04177,121.58735,14
500111070,20231112,44,18,4,1,25.04177,121.58735,14
500111070,20231112,45,18,4,1,25.04177,121.58735,14
500111070,20231112,46,18,4,1,25.04177,121.58735,14
500111070,20231112,47,18,4,1,25.04177,121.58735,14
500111070,20231112,48,18,4,1,25.04177,121.58735,14
500111070,20231112,49,18,4,1,25.04177,121.58735,14
500111070,20231112,50,18,4,1,25.04177,121.58735,14
500111070,20231112,51,18,4,1,25.04177,121.58735,14
500111070,20231112,52,18,4,1,25.04177,121.58735,14
500111070,20231112,53,18,4,1,25.04177,121.58735,14
500111070,20231112,54,18,4,1,25.04177,121.58735,14
500111070,20231112,55,18,4,1,25.04177,121.58735,14
500111070,20231112,56,18,4,1,25.04177,121.58735,14
500111070,20231112,57,18,3,1,25.04177,121.58735,15
500111070,20231112,58,18,3,1,25.04177,121.58735,15
500111070,20231112,59,18,3,1,25.04177,121.58735,15
500111070,20231112,60,18,3,1,25.04177,121.58735,15
500111070,20231112,61,18,3,1,25.04177,121.58735,15
500111070,20231112,62,18,3,1,25.04177,121.58735,15
500111070,20231112,63,18,3,1,25.04177,121.58735,15
500111070,20231112,64,18,3,1,25.04177,121.58735,15
500111070,20231112,65,18,3,1,25.04177,121.58735,15
500111070,20231112,66,18,3,1,25.04177,121.58735,15
500111070,20231112,67,18,3,1,25.04177,121.58735,15
500111070,20231112,68,18,3,1,25.04177,121.58735,15
500111070,20231112,69,18,3,1,25.04177,121.58735,15
500111070,20231112,70,18,3,1,25.04177,121.58735,15
500111070,20231112,71,18,3,1,25.04177,121.58735,15
500111070,20231112,72,18,3,1,25.04177,121.58735,15
500111070,20231112,73,18,3,1,25.04177,121.58735,15
500111070,20231112,74,18,3,1,25.04177,121.58735,15
500111070,20231112,75,18,3,1,25.04177,121.58735,15
500111070,20231112,76,18,3,1,25.04177,121.58735,15
500111070,20231112,77,18,3,1,25.04177,121.58735,15
500111070,20231112,78,18,3,1,25.04177,121.58735,15
500111070,20231112,79,18,3,1,25.04177,121.58735,15
500111070,20231112,81,18,3,1,25.04177,121.58735,15
500111070,20231112,82,18,3,1,25.04177,121.58735,15
500111070,20231112,83,18,3,1,25.04177,121.58735,15
500111070,20231112,84,18,3,1,25.04177,121.58735,15
500111070,20231112,85,18,3,1,25.04177,121.58735,15
500111070,20231112,86,18,3,1,25.04177,121.58735,15
500111070,20231112,87,18,3,1,25.04177,121.58735,15
500111070,20231112,88,18,3,1,25.04177,121.58735,15
500111070,20231112,89,18,3,1,25.04177,121.58735,15
500111070,20231112,90,18,3,1,25.04177,121.58735,15
500111070,20231112,91,18,3,1,25.04177,121.58735,15
500111070,20231112,92,18,3,1,25.04177,121.58735,15
500111070,20231112,93,18,3,1,25.04177,121.58735,15
500111070,20231112,94,18,3,1,25.04177,121.58735,15
500111070,20231112,95,18,3,1,25.04177,121.58735,15
500111070,20231112,96,18,3,1,25.04177,121.58735,15
500111070,20231112,97,18,3,1,25.04177,121.58735,15
500111070,20231112,98,18,3,1,25.04177,121.58735,15
500111070,20231112,99,18,3,1,25.04177,121.58735,15
500111070,20231112,100,18,3,1,25.04177,121.58735,15
500111070,20231112,101,18,3,1,25.04177,121.58735,15
500111070,20231112,102,18,3,1,25.04177,121.58735,15
500111070,20231112,103,18,3,1,25.04177,121.58735,15
500111070,20231112,104,18,3,1,25.04177,121.58735,15
500111070,20231112,105,18,3,1,25.04177,121.58735,15
500111070,20231112,106,18,3,1,25.04177,121.58735,15
500111070,20231112,107,18,3,1,25.04177,121.58735,15
500111070,20231112,108,18,3,1,25.04177,121.58735,15
500111070,20231112,109,18,3,1,25.04177,121.58735,15
500111070,20231112,110,18,3,1,25.04177,121.58735,15
500111070,20231112,111,18,3,1,25.04177,121.58735,15
500111070,20231112,112,18,3,1,25.04177,121.58735,15
500111070,20231112,113,18,3,1,25.04177,121.58735,15
500111070,20231112,114,18,3,1,25.04177,121.58735,15
500111070,20231112,115,18,3,1,25.04177,121.58735,15
500111070,20231112,116,18,3,1,25.04177,121.58735,15
500111070,20231112,117,18,3,1,25.04177,121.58735,15
500111070,20231112,118,18,3,1,25.04177,121.58735,15
500111070,20231112,119,18,3,1,25.04177,121.58735,15
500111070,20231112,121,18,3,1,25.04177,121.58735,15
500111070,20231112,122,18,3,1,25.04177,121.58735,15
500111070,20231112,123,18,3,1,25.04177,121.58735,15
500111070,20231112,125,18,3,1,25.04177,121.58735,15
500111070,20231112,126,18,3,1,25.04177,121.58735,15
500111070,20231112,127,18,3,1,25.04177,121.58735,15
500111070,20231112,128,18,3,1,25.04177,121.58735,15
500111070,20231112,129,18,3,1,25.04177,121.58735,15
500111070,20231112,130,18,3,1,25.04177,121.58735,15
500111070,20231112,131,18,3,1,25.04177,121.58735,15
500111070,20231112,132,18,3,1,25.04177,121.58735,15
500111070,20231112,133,18,3,1,25.04177,121.58735,15
500111070,20231112,134,18,3,1,25.04177,121.58735,15
500111070,20231112,135,18,3,1,25.04177,121.58735,15
500111070,20231112,136,18,3,1,25.04177,121.58735,15
500111070,20231112,137,18,3,1,25.04177,121.58735,15
500111070,20231112,138,18,3,1,25.04177,121.58735,15
500111070,20231112,139,18,3,1,25.04177,121.58735,15
500111070,20231112,141,18,3,1,25.04177,121.58735,15
500111070,20231112,142,18,3,1,25.04177,121.58735,15
500111070,20231112,143,18,3,1,25.04177,121.58735,15
500111070,20231112,144,18,3,1,25.04177,121.58735,15
500111070,20231112,145,18,3,1,25.04177,121.58735,15
500111070,20231112,146,18,3,1,25.04177,121.58735,15
500111070,20231112,147,18,3,1,25.04177,121.58735,15
500111070,20231112,148,18,3,1,25.04177,121.58735,15
500111070,20231112,149,18,3,1,25.04177,121.58735,15
500111070,20231112,150,18,3,1,25.04177,121.58735,15
500111070,20231112,151,18,3,1,25.04177,121.58735,15
500111070,20231112,152,18,3,1,25.04177,121.58735,15
500111070,20231112,153,18,3,1,25.04177,121.58735,15
500111070,20231112,154,18,3,1,25.04177,121.58735,15
500111070,20231112,155,18,3,1,25.04177,121.58735,15
500111070,20231112,156,18,3,1,25.04177,121.58735,15
500111070,20231112,157,18,3,1,25.04177,121.58735,15
500111070,20231112,158,18,3,1,25.04177,121.58735,15
500111070,20231112,159,18,3,1,25.04177,121.58735,15
500111070,20231112,160,18,3,1,25.04177,121.58735,15
500111070,20231112,161,18,3,1,25.04177,121.58735,15
500111070,20231112,162,18,3,1,25.04177,121.58735,15
500111070,20231112,163,18,3,1,25.04177,121.58735,15
500111070,20231112,164,18,3,1,25.04177,121.58735,15
500111070,20231112,165,18,3,1,25.04177,121.58735,15
500111070,20231112,166,18,3,1,25.04177,121.58735,15
500111070,20231112,167,18,3,1,25.04177,121.58735,15
500111070,20231112,168,18,3,1,25.04177,121.58735,15
500111070,20231112,169,18,3,1,25.04177,121.58735,15
500111070,20231112,170,18,3,1,25.04177,121.58735,15
500111070,20231112,171,18,3,1,25.04177,121.58735,15
500111070,20231112,172,18,3,1,25.04177,121.58735,15
500111070,20231112,173,18,3,1,25.04177,121.58735,15
500111070,20231112,174,18,3,1,25.04177,121.58735,15
500111070,20231112,175,18,3,1,25.04177,121.58735,15
500111070,20231112,176,18,3,1,25.04177,121.58735,15
500111070,20231112,177,18,3,1,25.04177,121.58735,15
500111070,20231112,178,18,3,1,25.04177,121.58735,15
500111070,20231112,179,18,3,1,25.04177,121.58735,15
500111070,20231112,180,18,3,1,25.04177,121.58735,15
500111070,20231112,181,18,3,1,25.04177,121.58735,15
500111070,20231112,182,18,3,1,25.04177,121.58735,15
500111070,20231112,183,18,3,1,25.04177,121.58735,15
500111070,20231112,184,18,3,1,25.04177,121.58735,15
500111070,20231112,185,18,2,1,25.04177,121.58735,16
500111070,20231112,186,18,2,1,25.04177,121.58735,16
500111070,20231112,187,18,2,1,25.04177,121.58735,16
500111070,20231112,188,18,2,1,25.04177,121.58735,16
500111070,20231112,189,18,2,1,25.04177,121.58735,16
500111070,20231112,190,18,2,1,25.04177,121.58735,16
500111070,20231112,191,18,2,1,25.04177,121.58735,16
500111070,20231112,192,18,2,1,25.04177,121.58735,16
500111070,20231112,193,18,2,1,25.04177,121.58735,16
500111070,20231112,194,18,2,1,25.04177,121.58735,16
500111070,20231112,195,18,2,1,25.04177,121.58735,16
500111070,20231112,196,18,2,1,25.04177,121.58735,16
500111070,20231112,197,18,2,1,25.04177,121.58735,16
500111070,20231112,198,18,2,1,25.04177,121.58735,16
500111070,20231112,199,18,2,1,25.04177,121.58735,16
500111070,20231112,201,18,2,1,25.04177,121.58735,16
500111070,20231112,202,18,2,1,25.04177,121.58735,16
500111070,20231112,203,18,2,1,25.04177,121.58735,16
500111070,20231112,204,18,2,1,25.04177,121.58735,16
500111070,20231112,205,18,2,1,25.04177,121.58735,16
500111070,20231112,206,18,2,1,25.04177,121.58735,16
500111070,20231112,207,18,2,1,25.04177,121.58735,16
500111070,20231112,208,18,2,1,25.04177,121.58735,16
500111070,20231112,209,18,2,1,25.04177,121.58735,16
500111070,20231112,210,18,2,1,25.04177,121.58735,16
500111070,20231112,211,18,2,1,25.04177,121.58735,16
500111070,20231112,212,18,2,1,25.04177,121.58735,16
500111070,20231112,213,18,2,1,25.04177,121.58735,16
500111070,20231112,214,18,2,1,25.04177,121.58735,16
500111070,20231112,215,18,2,1,25.04177,121.58735,16
500111070,20231112,216,18,2,1,25.04177,121.58735,16
500111070,20231112,217,18,2,1,25.04177,121.58735,16
500111070,20231112,218,18,2,1,25.04177,121.58735,16
500111070,20231112,219,18,2,1,25.04177,121.58735,16
500111070,20231112,220,18,2,1,25.04177,121.58735,16
500111070,20231112,221,18,2,1,25.04177,121.58735,16
500111070,20231112,222,18,2,1,25.04177,121.58735,16
500111070,20231112,223,18,2,1,25.04177,121.58735,16
500111070,20231112,224,18,2,1,25.04177,121.58735,16
500111070,20231112,225,18,2,1,25.04177,121.58735,16
500111070,20231112,226,18,2,1,25.04177,121.58735,16
500111070,20231112,227,18,2,1,25.04177,121.58735,16
500111070,20231112,228,18,2,1,25.04177,121.58735,16
500111070,20231112,229,18,2,1,25.04177,121.58735,16
500111070,20231112,230,18,2,1,25.04177,121.58735,16
500111070,20231112,231,18,2,1,25.04177,121.58735,16
500111070,20231112,232,18,2,1,25.04177,121.58735,16
500111070,20231112,233,18,2,1,25.04177,121.58735,16
500111070,20231112,234,18,2,1,25.04177,121.58735,16
500111070,20231112,235,18,2,1,25.04177,121.58735,16
500111070,20231112,236,18,2,1,25.04177,121.58735,16
500111070,20231112,237,18,2,1,25.04177,121.58735,16
500111070,20231112,238,18,2,1,25.04177,121.58735,16
500111070,20231112,239,18,2,1,25.04177,121.58735,16
500111070,20231112,240,18,2,1,25.04177,121.58735,16
500111070,20231112,241,18,2,1,25.04177,121.58735,16
500111070,20231112,242,18,2,1,25.04177,121.58735,16
500111070,20231112,243,18,2,1,25.04177,121.58735,16
500111070,20231112,244,18,2,1,25.04177,121.58735,16
500111070,20231112,245,18,2,1,25.04177,121.58735,16
500111070,20231112,246,18,2,1,25.04177,121.58735,16
500111070,20231112,247,18,2,1,25.04177,121.58735,16
500111070,20231112,248,18,2,1,25.04177,121.58735,16
500111070,20231112,249,18,2,1,25.04177,121.58735,16
500111070,20231112,250,18,2,1,25.04177,121.58735,16
500111070,20231112,251,18,2,1,25.04177,121.58735,16
500111070,20231112,252,18,2,1,25.04177,121.58735,16
500111070,20231112,253,18,2,1,25.04177,121.58735,16
500111070,20231112,254,18,2,1,25.04177,121.58735,16
500111070,20231112,255,18,2,1,25.04177,121.58735,16
500111070,20231112,256,18,2,1,25.04177,121.58735,16
500111070,20231112,257,18,2,1,25.04177,121.58735,16
500111070,20231112,258,18,2,1,25.04177,121.58735,16
500111070,20231112,259,18,2,1,25.04177,121.58735,16
500111070,20231112,261,18,2,1,25.04177,121.58735,16
500111070,20231112,262,18,2,1,25.04177,121.58735,16
500111070,20231112,263,18,2,1,25.04177,121.58735,16
500111070,20231112,264,18,2,1,25.04177,121.58735,16
500111070,20231112,265,18,2,1,25.04177,121.58735,16
500111070,20231112,266,18,3,1,25.04177,121.58735,15
500111070,20231112,267,18,3,1,25.04177,121.58735,15
500111070,20231112,268,18,3,1,25.04177,121.58735,15
500111070,20231112,269,18,3,1,25.04177,121.58735,15
500111070,20231112,270,18,3,1,25.04177,121.58735,15
500111070,20231112,271,18,3,1,25.04177,121.58735,15
500111070,20231112,272,18,3,1,25.04177,121.58735,15
500111070,20231112,273,18,3,1,25.04177,121.58735,15
500111070,20231112,274,18,3,1,25.04177,121.58735,15
500111070,20231112,275,18,3,1,25.04177,121.58735,15
500111070,20231112,276,18,3,1,25.04177,121.58735,15
500111070,20231112,277,18,3,1,25.04177,121.58735,15
500111070,20231112,278,18,3,1,25.04177,121.58735,15
500111070,20231112,279,18,3,1,25.04177,121.58735,15
500111070,20231112,280,18,3,1,25.04177,121.58735,15
500111070,20231112,281,18,3,1,25.04177,121.58735,15
500111070,20231112,282,18,3,1,25.04177,121.58735,15
500111070,20231112,283,18,3,1,25.04177,121.58735,15
500111070,20231112,284,18,3,1,25.04177,121.58735,15
500111070,20231112,285,18,3,1,25.04177,121.58735,15
500111070,20231112,286,18,3,1,25.04177,121.58735,15
500111070,20231112,287,18,3,1,25.04177,121.58735,15
500111070,20231112,288,18,3,1,25.04177,121.58735,15
500111070,20231112,289,18,3,1,25.04177,121.58735,15
500111070,20231112,290,18,3,1,25.04177,121.58735,15
500111070,20231112,291,18,3,1,25.04177,121.58735,15
500111070,20231112,292,18,3,1,25.04177,121.58735,15
500111070,20231112,293,18,3,1,25.04177,121.58735,15
500111070,20231112,294,18,3,1,25.04177,121.58735,15
500111070,20231112,295,18,3,1,25.04177,121.58735,15
500111070,20231112,296,18,3,1,25.04177,121.58735,15
500111070,20231112,297,18,3,1,25.04177,121.58735,15
500111070,20231112,298,18,3,1,25.04177,121.58735,15
500111070,20231112,299,18,3,1,25.04177,121.58735,15
500111070,20231112,300,18,3,1,25.04177,121.58735,15
500111070,20231112,301,18,3,1,25.04177,121.58735,15
500111070,20231112,302,18,3,1,25.04177,121.58735,15
500111070,20231112,303,18,3,1,25.04177,121.58735,15
500111070,20231112,304,18,3,1,25.04177,121.58735,15
500111070,20231112,305,18,3,1,25.04177,121.58735,15
500111070,20231112,306,18,3,1,25.04177,121.58735,15
500111070,20231112,307,18,3,1,25.04177,121.58735,15
500111070,20231112,308,18,3,1,25.04177,121.58735,15
500111070,20231112,309,18,3,1,25.04177,121.58735,15
500111070,20231112,310,18,3,1,25.04177,121.58735,15
500111070,20231112,311,18,3,1,25.04177,121.58735,15
500111070,20231112,312,18,3,1,25.04177,121.58735,15
500111070,20231112,313,18,3,1,25.04177,121.58735,15
500111070,20231112,314,18,3,1,25.04177,121.58735,15
500111070,20231112,315,18,3,1,25.04177,121.58735,15
500111070,20231112,316,18,3,1,25.04177,121.58735,15
500111070,20231112,317,18,3,1,25.04177,121.58735,15
500111070,20231112,318,18,3,1,25.04177,121.58735,15
500111070,20231112,319,18,3,1,25.04177,121.58735,15
500111070,20231112,321,18,3,1,25.04177,121.58735,15
500111070,20231112,322,18,3,1,25.04177,121.58735,15
500111070,20231112,323,18,3,1,25.04177,121.58735,15
500111070,20231112,324,18,3,1,25.04177,121.58735,15
500111070,20231112,325,18,3,1,25.04177,121.58735,15
500111070,20231112,326,18,3,1,25.04177,121.58735,15
500111070,20231112,327,18,3,1,25.04177,121.58735,15
500111070,20231112,328,18,3,1,25.04177,121.58735,15
500111070,20231112,329,18,3,1,25.04177,121.58735,15
500111070,20231112,330,18,3,1,25.04177,121.58735,15
500111070,20231112,331,18,4,1,25.04177,121.58735,14
500111070,20231112,332,18,4,1,25.04177,121.58735,14
500111070,20231112,333,18,4,1,25.04177,121.58735,14
500111070,20231112,334,18,4,1,25.04177,121.58735,14
500111070,20231112,335,18,4,1,25.04177,121.58735,14
500111070,20231112,336,18,4,1,25.04177,121.58735,14
500111070,20231112,337,18,4,1,25.04177,121.58735,14
500111070,20231112,338,18,4,1,25.04177,121.58735,14
500111070,20231112,339,18,4,1,25.04177,121.58735,14
500111070,20231112,340,18,4,1,25.04177,121.58735,14
500111070,20231112,341,18,4,1,25.04177,121.58735,14
500111070,20231112,342,18,4,1,25.04177,121.58735,14
500111070,20231112,343,18,4,1,25.04177,121.58735,14
500111070,20231112,344,18,4,1,25.04177,121.58735,14
500111070,20231112,345,18,4,1,25.04177,121.58735,14
500111070,20231112,346,18,4,1,25.04177,121.58735,14
500111070,20231112,347,18,4,1,25.04177,121.58735,14
500111070,20231112,348,18,4,1,25.04177,121.58735,14
500111070,20231112,349,18,4,1,25.04177,121.58735,14
500111070,20231112,350,18,4,1,25.04177,121.58735,14
500111070,20231112,351,18,4,1,25.04177,121.58735,14
500111070,20231112,352,18,4,1,25.04177,121.58735,14
500111070,20231112,353,18,4,1,25.04177,121.58735,14
500111070,20231112,354,18,4,1,25.04177,121.58735,14
500111070,20231112,355,18,4,1,25.04177,121.58735,14
500111070,20231112,356,18,4,1,25.04177,121.58735,14
500111070,20231112,357,18,4,1,25.04177,121.58735,14
500111070,20231112,358,18,4,1,25.04177,121.58735,14
500111070,20231112,359,18,4,1,25.04177,121.58735,14
500111070,20231112,360,18,4,1,25.04177,121.58735,14
500111070,20231112,361,18,4,1,25.04177,121.58735,14
500111070,20231112,362,18,4,1,25.04177,121.58735,14
500111070,20231112,363,18,4,1,25.04177,121.58735,14
500111070,20231112,364,18,4,1,25.04177,121.58735,14
500111070,20231112,365,18,4,1,25.04177,121.58735,14
500111070,20231112,366,18,4,1,25.04177,121.58735,14
500111070,20231112,367,18,4,1,25.04177,121.58735,14
500111070,20231112,369,18,4,1,25.04177,121.58735,14
500111070,20231112,370,18,4,1,25.04177,121.58735,14
500111070,20231112,371,18,4,1,25.04177,121.58735,14
500111070,20231112,372,18,4,1,25.04177,121.58735,14
500111070,20231112,373,18,4,1,25.04177,121.58735,14
500111070,20231112,374,18,4,1,25.04177,121.58735,14
500111070,20231112,375,18,4,1,25.04177,121.58735,14
500111070,20231112,376,18,4,1,25.04177,121.58735,14
500111070,20231112,377,18,4,1,25.04177,121.58735,14
500111070,20231112,378,18,4,1,25.04177,121.58735,14
500111070,20231112,379,18,4,1,25.04177,121.58735,14
500111070,20231112,381,18,4,1,25.04177,121.58735,14
500111070,20231112,382,18,4,1,25.04177,121.58735,14
500111070,20231112,383,18,4,1,25.04177,121.58735,14
500111070,20231112,384,18,4,1,25.04177,121.58735,14
500111070,20231112,385,18,4,1,25.04177,121.58735,14
500111070,20231112,386,18,4,1,25.04177,121.58735,14
500111070,20231112,387,18,5,1,25.04177,121.58735,13
500111070,20231112,388,18,5,1,25.04177,121.58735,13
500111070,20231112,389,18,5,1,25.04177,121.58735,13
500111070,20231112,390,18,5,1,25.04177,121.58735,13
500111070,20231112,391,18,5,1,25.04177,121.58735,13
500111070,20231112,392,18,5,1,25.04177,121.58735,13
500111070,20231112,393,18,5,1,25.04177,121.58735,13
500111070,20231112,394,18,5,1,25.04177,121.58735,13
500111070,20231112,395,18,5,1,25.04177,121.58735,13
500111070,20231112,396,18,5,1,25.04177,121.58735,13
500111070,20231112,397,18,5,1,25.04177,121.58735,13
500111070,20231112,398,18,5,1,25.04177,121.58735,13
500111070,20231112,399,18,5,1,25.04177,121.58735,13
500111070,20231112,400,18,5,1,25.04177,121.58735,13
500111070,20231112,401,18,5,1,25.04177,121.58735,13
500111070,20231112,402,18,5,1,25.04177,121.58735,13
500111070,20231112,403,18,5,1,25.04177,121.58735,13
500111070,20231112,404,18,5,1,25.04177,121.58735,13
500111070,20231112,405,18,5,1,25.04177,121.58735,13
500111070,20231112,406,18,5,1,25.04177,121.58735,13
500111070,20231112,407,18,5,1,25.04177,121.58735,13
500111070,20231112,408,18,5,1,25.04177,121.58735,13
500111070,20231112,409,18,5,1,25.04177,121.58735,13
500111070,20231112,410,18,5,1,25.04177,121.58735,13
500111070,20231112,411,18,5,1,25.04177,121.58735,13
500111070,20231112,412,18,5,1,25.04177,121.58735,13
500111070,20231112,413,18,5,1,25.04177,121.58735,13
500111070,20231112,414,18,5,1,25.04177,121.58735,13
500111070,20231112,415,18,5,1,25.04177,121.58735,13
500111070,20231112,416,18,5,1,25.04177,121.58735,13
500111070,20231112,417,18,5,1,25.04177,121.58735,13
500111070,20231112,418,18,5,1,25.04177,121.58735,13
500111070,20231112,419,18,5,1,25.04177,121.58735,13
500111070,20231112,420,18,5,1,25.04177,121.58735,13
500111070,20231112,421,18,5,1,25.04177,121.58735,13
500111070,20231112,422,18,5,1,25.04177,121.58735,13
500111070,20231112,423,18,5,1,25.04177,121.58735,13
500111070,20231112,424,18,5,1,25.04177,121.58735,13
500111070,20231112,425,18,5,1,25.04177,121.58735,13
500111070,20231112,426,18,5,1,25.04177,121.58735,13
500111070,20231112,427,18,6,1,25.04177,121.58735,12
500111070,20231112,428,18,6,1,25.04177,121.58735,12
500111070,20231112,429,18,6,1,25.04177,121.58735,12
500111070,20231112,430,18,6,1,25.04177,121.58735,12
500111070,20231112,431,18,6,1,25.04177,121.58735,12
500111070,20231112,432,18,6,1,25.04177,121.58735,12
500111070,20231112,433,18,6,1,25.04177,121.58735,12
500111070,20231112,434,18,6,1,25.04177,121.58735,12
500111070,20231112,435,18,6,1,25.04177,121.58735,12
500111070,20231112,436,18,6,1,25.04177,121.58735,12
500111070,20231112,437,18,6,1,25.04177,121.58735,12
500111070,20231112,438,18,6,1,25.04177,121.58735,12
500111070,20231112,439,18,6,1,25.04177,121.58735,12
500111070,20231112,441,18,6,1,25.04177,121.58735,12
500111070,20231112,442,18,6,1,25.04177,121.58735,12
500111070,20231112,443,18,6,1,25.04177,121.58735,12
500111070,20231112,444,18,6,1,25.04177,121.58735,12
500111070,20231112,445,18,6,1,25.04177,121.58735,12
500111070,20231112,446,18,6,1,25.04177,121.58735,12
500111070,20231112,447,18,6,1,25.04177,121.58735,12
500111070,20231112,448,18,6,1,25.04177,121.58735,12
500111070,20231112,449,18,6,1,25.04177,121.58735,12
500111070,20231112,450,18,6,1,25.04177,121.58735,12
500111070,20231112,451,18,6,1,25.04177,121.58735,12
500111070,20231112,452,18,6,1,25.04177,121.58735,12
500111070,20231112,453,18,6,1,25.04177,121.58735,12
500111070,20231112,454,18,7,1,25.04177,121.58735,11
500111070,20231112,455,18,7,1,25.04177,121.58735,11
500111070,20231112,456,18,7,1,25.04177,121.58735,11
500111070,20231112,457,18,7,1,25.04177,121.58735,11
500111070,20231112,458,18,7,1,25.04177,121.58735,11
500111070,20231112,459,18,7,1,25.04177,121.58735,11
500111070,20231112,460,18,7,1,25.04177,121.58735,11
500111070,20231112,461,18,7,1,25.04177,121.58735,11
500111070,20231112,462,18,9,1,25.04177,121.58735,9
500111070,20231112,463,18,9,1,25.04177,121.58735,9
500111070,20231112,464,18,9,1,25.04177,121.58735,9
500111070,20231112,465,18,9,1,25.04177,121.58735,9
500111070,20231112,466,18,9,1,25.04177,121.58735,9
500111070,20231112,467,18,9,1,25.04177,121.58735,9
500111070,20231112,468,18,9,1,25.04177,121.58735,9
500111070,20231112,469,18,9,1,25.04177,121.58735,9
500111070,20231112,470,18,9,1,25.04177,121.58735,9
500111070,20231112,471,18,9,1,25.04177,121.58735,9
500111070,20231112,472,18,9,1,25.04177,121.58735,9
500111070,20231112,473,18,9,1,25.04177,121.58735,9
500111070,20231112,474,18,9,1,25.04177,121.58735,9
500111070,20231112,475,18,9,1,25.04177,121.58735,9
500111070,20231112,476,18,9,1,25.04177,121.58735,9
500111070,20231112,477,18,9,1,25.04177,121.58735,9
500111070,20231112,478,18,9,1,25.04177,121.58735,9
500111070,20231112,479,18,9,1,25.04177,121.58735,9
500111070,20231112,481,18,9,1,25.04177,121.58735,9
500111070,20231112,482,18,9,1,25.04177,121.58735,9
500111070,20231112,483,18,9,1,25.04177,121.58735,9
500111070,20231112,484,18,9,1,25.04177,121.58735,9
500111070,20231112,485,18,9,1,25.04177,121.58735,9
500111070,20231112,486,18,9,1,25.04177,121.58735,9
500111070,20231112,487,18,9,1,25.04177,121.58735,9
500111070,20231112,488,18,9,1,25.04177,121.58735,9
500111070,20231112,489,18,9,1,25.04177,121.58735,9
500111070,20231112,490,18,9,1,25.04177,121.58735,9
500111070,20231112,491,18,9,1,25.04177,121.58735,9
500111070,20231112,492,18,9,1,25.04177,121.58735,9
500111070,20231112,493,18,10,1,25.04177,121.58735,8
500111070,20231112,494,18,10,1,25.04177,121.58735,8
500111070,20231112,495,18,10,1,25.04177,121.58735,8
500111070,20231112,496,18,11,1,25.04177,121.58735,7
500111070,20231112,497,18,11,1,25.04177,121.58735,7
500111070,20231112,498,18,11,1,25.04177,121.58735,7
500111070,20231112,499,18,11,1,25.04177,121.58735,7
500111070,20231112,501,18,11,1,25.04177,121.58735,7
500111070,20231112,502,18,11,1,25.04177,121.58735,7
500111070,20231112,503,18,11,1,25.04177,121.58735,7
500111070,20231112,504,18,11,1,25.04177,121.58735,7
500111070,20231112,505,18,11,1,25.04177,121.58735,7
500111070,20231112,506,18,11,1,25.04177,121.58735,7
500111070,20231112,507,18,11,1,25.04177,121.58735,7
500111070,20231112,508,18,11,1,25.04177,121.58735,7
500111070,20231112,509,18,11,1,25.04177,121.58735,7
500111070,20231112,510,18,11,1,25.04177,121.58735,7
500111070,20231112,511,18,11,1,25.04177,121.58735,7
500111070,20231112,512,18,11,1,25.04177,121.58735,7
500111070,20231112,513,18,11,1,25.04177,121.58735,7
500111070,20231112,514,18,11,1,25.04177,121.58735,7
500111070,20231112,515,18,11,1,25.04177,121.58735,7
500111070,20231112,516,18,11,1,25.04177,121.58735,7
500111070,20231112,517,18,11,1,25.04177,121.58735,7
500111070,20231112,518,18,11,1,25.04177,121.58735,7
500111070,20231112,519,18,11,1,25.04177,121.58735,7
500111070,20231112,520,18,11,1,25.04177,121.58735,7
500111070,20231112,521,18,11,1,25.04177,121.58735,7
500111070,20231112,522,18,11,1,25.04177,121.58735,7
500111070,20231112,523,18,11,1,25.04177,121.58735,7
500111070,20231112,524,18,11,1,25.04177,121.58735,7
500111070,20231112,525,18,11,1,25.04177,121.58735,7
500111070,20231112,526,18,11,1,25.04177,121.58735,7
500111070,20231112,527,18,11,1,25.04177,121.58735,7
500111070,20231112,528,18,11,1,25.04177,121.58735,7
500111070,20231112,529,18,11,1,25.04177,121.58735,7
500111070,20231112,530,18,11,1,25.04177,121.58735,7
500111070,20231112,531,18,11,1,25.04177,121.58735,7
500111070,20231112,532,18,9,1,25.04177,121.58735,9
500111070,20231112,533,18,7,1,25.04177,121.58735,11
500111070,20231112,534,18,7,1,25.04177,121.58735,11
500111070,20231112,535,18,7,1,25.04177,121.58735,11
500111070,20231112,536,18,7,1,25.04177,121.58735,11
500111070,20231112,537,18,7,1,25.04177,121.58735,11
500111070,20231112,538,18,7,1,25.04177,121.58735,11
500111070,20231112,539,18,7,1,25.04177,121.58735,11
500111070,20231112,541,18,7,1,25.04177,121.58735,11
500111070,20231112,542,18,7,1,25.04177,121.58735,11
500111070,20231112,543,18,7,1,25.04177,121.58735,11
500111070,20231112,544,18,7,1,25.04177,121.58735,11
500111070,20231112,545,18,6,1,25.04177,121.58735,12
500111070,20231112,546,18,5,1,25.04177,121.58735,13
500111070,20231112,547,18,5,1,25.04177,121.58735,13
500111070,20231112,548,18,5,1,25.04177,121.58735,13
500111070,20231112,549,18,5,1,25.04177,121.58735,13
500111070,20231112,550,18,5,1,25.04177,121.58735,13
500111070,20231112,551,18,5,1,25.04177,121.58735,13
500111070,20231112,552,18,5,1,25.04177,121.58735,13
500111070,20231112,553,18,5,1,25.04177,121.58735,13
500111070,20231112,554,18,5,1,25.04177,121.58735,13
500111070,20231112,555,18,5,1,25.04177,121.58735,13
500111070,20231112,556,18,5,1,25.04177,121.58735,13
500111070,20231112,557,18,5,1,25.04177,121.58735,13
500111070,20231112,558,18,5,1,25.04177,121.58735,13
500111070,20231112,559,18,5,1,25.04177,121.58735,13
500111070,20231112,561,18,5,1,25.04177,121.58735,13
500111070,20231112,562,18,5,1,25.04177,121.58735,13
500111070,20231112,563,18,4,1,25.04177,121.58735,14
500111070,20231112,564,18,4,1,25.04177,121.58735,14
500111070,20231112,565,18,4,1,25.04177,121.58735,14
500111070,20231112,566,18,4,1,25.04177,121.58735,14
500111070,20231112,567,18,4,1,25.04177,121.58735,14
500111070,20231112,568,18,4,1,25.04177,121.58735,14
500111070,20231112,569,18,4,1,25.04177,121.58735,14
500111070,20231112,571,18,4,1,25.04177,121.58735,14
500111070,20231112,572,18,4,1,25.04177,121.58735,14
500111070,20231112,573,18,4,1,25.04177,121.58735,14
500111070,20231112,574,18,4,1,25.04177,121.58735,14
500111070,20231112,575,18,4,1,25.04177,121.58735,14
500111070,20231112,576,18,4,1,25.04177,121.58735,14
500111070,20231112,577,18,4,1,25.04177,121.58735,14
500111070,20231112,578,18,4,1,25.04177,121.58735,14
500111070,20231112,579,18,4,1,25.04177,121.58735,14
500111070,20231112,580,18,4,1,25.04177,121.58735,14
500111070,20231112,581,18,4,1,25.04177,121.58735,14
500111070,20231112,582,18,4,1,25.04177,121.58735,14
500111070,20231112,583,18,4,1,25.04177,121.58735,14
500111070,20231112,584,18,4,1,25.04177,121.58735,14
500111070,20231112,585,18,4,1,25.04177,121.58735,14
500111070,20231112,586,18,4,1,25.04177,121.58735,14
500111070,20231112,587,18,3,1,25.04177,121.58735,15
500111070,20231112,588,18,4,1,25.04177,121.58735,14
500111070,20231112,589,18,4,1,25.04177,121.58735,14
500111070,20231112,590,18,4,1,25.04177,121.58735,14
500111070,20231112,591,18,4,1,25.04177,121.58735,14
500111070,20231112,592,18,4,1,25.04177,121.58735,14
500111070,20231112,593,18,4,1,25.04177,121.58735,14
500111070,20231112,594,18,4,1,25.04177,121.58735,14
500111070,20231112,595,18,4,1,25.04177,121.58735,14
500111070,20231112,596,18,3,1,25.04177,121.58735,15
500111070,20231112,597,18,3,1,25.04177,121.58735,15
500111070,20231112,598,18,3,1,25.04177,121.58735,15
500111070,20231112,599,18,3,1,25.04177,121.58735,15
500111070,20231112,601,18,3,1,25.04177,121.58735,15
500111070,20231112,602,18,2,1,25.04177,121.58735,16
500111070,20231112,603,18,2,1,25.04177,121.58735,16
500111070,20231112,604,18,2,1,25.04177,121.58735,16
500111070,20231112,605,18,2,1,25.04177,121.58735,16
500111070,20231112,606,18,2,1,25.04177,121.58735,16
500111070,20231112,608,18,2,1,25.04177,121.58735,16
500111070,20231112,609,18,2,1,25.04177,121.58735,16
500111070,20231112,610,18,2,1,25.04177,121.58735,16
500111070,20231112,611,18,2,1,25.04177,121.58735,16
500111070,20231112,612,18,2,1,25.04177,121.58735,16
500111070,20231112,613,18,2,1,25.04177,121.58735,16
500111070,20231112,614,18,3,1,25.04177,121.58735,15
500111070,20231112,615,18,3,1,25.04177,121.58735,15
500111070,20231112,616,18,3,1,25.04177,121.58735,15
500111070,20231112,617,18,3,1,25.04177,121.58735,15
500111070,20231112,618,18,3,1,25.04177,121.58735,15
500111070,20231112,619,18,3,1,25.04177,121.58735,15
500111070,20231112,621,18,3,1,25.04177,121.58735,15
500111070,20231112,622,18,3,1,25.04177,121.58735,15
500111070,20231112,623,18,2,1,25.04177,121.58735,16
500111070,20231112,624,18,2,1,25.04177,121.58735,16
500111070,20231112,625,18,2,1,25.04177,121.58735,16
500111070,20231112,626,18,2,1,25.04177,121.58735,16
500111070,20231112,627,18,2,1,25.04177,121.58735,16
500111070,20231112,628,18,2,1,25.04177,121.58735,16
500111070,20231112,629,18,2,1,25.04177,121.58735,16
500111070,20231112,631,18,2,1,25.04177,121.58735,16
500111070,20231112,632,18,2,1,25.04177,121.58735,16
500111070,20231112,633,18,2,1,25.04177,121.58735,16
500111070,20231112,634,18,2,1,25.04177,121.58735,16
500111070,20231112,635,18,3,1,25.04177,121.58735,15
500111070,20231112,636,18,3,1,25.04177,121.58735,15
500111070,20231112,637,18,3,1,25.04177,121.58735,15
500111070,20231112,638,18,3,1,25.04177,121.58735,15
500111070,20231112,639,18,3,1,25.04177,121.58735,15
500111070,20231112,640,18,3,1,25.04177,121.58735,15
500111070,20231112,641,18,3,1,25.04177,121.58735,15
500111070,20231112,642,18,3,1,25.04177,121.58735,15
500111070,20231112,643,18,3,1,25.04177,121.58735,15
500111070,20231112,644,18,3,1,25.04177,121.58735,15
500111070,20231112,645,18,3,1,25.04177,121.58735,15
500111070,20231112,646,18,3,1,25.04177,121.58735,15
500111070,20231112,647,18,3,1,25.04177,121.58735,15
500111070,20231112,648,18,3,1,25.04177,121.58735,15
500111070,20231112,649,18,3,1,25.04177,121.58735,15
500111070,20231112,650,18,3,1,25.04177,121.58735,15
500111070,20231112,651,18,3,1,25.04177,121.58735,15
500111070,20231112,652,18,3,1,25.04177,121.58735,15
500111070,20231112,653,18,3,1,25.04177,121.58735,15
500111070,20231112,654,18,3,1,25.04177,121.58735,15
500111070,20231112,655,18,3,1,25.04177,121.58735,15
500111070,20231112,656,18,3,1,25.04177,121.58735,15
500111070,20231112,657,18,3,1,25.04177,121.58735,15
500111070,20231112,658,18,3,1,25.04177,121.58735,15
500111070,20231112,659,18,3,1,25.04177,121.58735,15
500111070,20231112,661,18,3,1,25.04177,121.58735,15
500111070,20231112,662,18,3,1,25.04177,121.58735,15
500111070,20231112,663,18,3,1,25.04177,121.58735,15
500111070,20231112,664,18,3,1,25.04177,121.58735,15
500111070,20231112,665,18,3,1,25.04177,121.58735,15
500111070,20231112,666,18,3,1,25.04177,121.58735,15
500111070,20231112,667,18,3,1,25.04177,121.58735,15
500111070,20231112,668,18,3,1,25.04177,121.58735,15
500111070,20231112,669,18,3,1,25.04177,121.58735,15
500111070,20231112,670,18,3,1,25.04177,121.58735,15
500111070,20231112,671,18,3,1,25.04177,121.58735,15
500111070,20231112,672,18,3,1,25.04177,121.58735,15
500111070,20231112,673,18,3,1,25.04177,121.58735,15
500111070,20231112,674,18,4,1,25.04177,121.58735,14
500111070,20231112,675,18,4,1,25.04177,121.58735,14
500111070,20231112,676,18,4,1,25.04177,121.58735,14
500111070,20231112,677,18,4,1,25.04177,121.58735,14
500111070,20231112,678,18,4,1,25.04177,121.58735,14
500111070,20231112,679,18,4,1,25.04177,121.58735,14
500111070,20231112,681,18,4,1,25.04177,121.58735,14
500111070,20231112,682,18,4,1,25.04177,121.58735,14
500111070,20231112,683,18,4,1,25.04177,121.58735,14
500111070,20231112,684,18,4,1,25.04177,121.58735,14
500111070,20231112,685,18,6,1,25.04177,121.58735,12
500111070,20231112,686,18,5,1,25.04177,121.58735,13
500111070,20231112,687,18,5,1,25.04177,121.58735,13
500111070,20231112,688,18,5,1,25.04177,121.58735,13
500111070,20231112,689,18,5,1,25.04177,121.58735,13
500111070,20231112,691,18,5,1,25.04177,121.58735,13
500111070,20231112,692,18,5,1,25.04177,121.58735,13
500111070,20231112,693,18,5,1,25.04177,121.58735,13
500111070,20231112,694,18,5,1,25.04177,121.58735,13
500111070,20231112,695,18,5,1,25.04177,121.58735,13
500111070,20231112,696,18,5,1,25.04177,121.58735,13
500111070,20231112,697,18,5,1,25.04177,121.58735,13
500111070,20231112,698,18,5,1,25.04177,121.58735,13
500111070,20231112,699,18,5,1,25.04177,121.58735,13
500111070,20231112,700,18,5,1,25.04177,121.58735,13
500111070,20231112,701,18,5,1,25.04177,121.58735,13
500111070,20231112,702,18,5,1,25.04177,121.58735,13
500111070,20231112,703,18,5,1,25.04177,121.58735,13
500111070,20231112,704,18,5,1,25.04177,121.58735,13
500111070,20231112,705,18,5,1,25.04177,121.58735,13
500111070,20231112,706,18,5,1,25.04177,121.58735,13
500111070,20231112,707,18,5,1,25.04177,121.58735,13
500111070,20231112,708,18,5,1,25.04177,121.58735,13
500111070,20231112,709,18,5,1,25.04177,121.58735,13
500111070,20231112,710,18,5,1,25.04177,121.58735,13
500111070,20231112,711,18,5,1,25.04177,121.58735,13
500111070,20231112,712,18,5,1,25.04177,121.58735,13
500111070,20231112,713,18,5,1,25.04177,121.58735,13
500111070,20231112,714,18,5,1,25.04177,121.58735,13
500111070,20231112,715,18,5,1,25.04177,121.58735,13
500111070,20231112,716,18,5,1,25.04177,121.58735,13
500111070,20231112,717,18,5,1,25.04177,121.58735,13
500111070,20231112,718,18,5,1,25.04177,121.58735,13
500111070,20231112,719,18,6,1,25.04177,121.58735,12
500111070,20231112,721,18,7,1,25.04177,121.58735,11
500111070,20231112,722,18,7,1,25.04177,121.58735,11
500111070,20231112,723,18,7,1,25.04177,121.58735,11
500111070,20231112,724,18,7,1,25.04177,121.58735,11
500111070,20231112,725,18,7,1,25.04177,121.58735,11
500111070,20231112,726,18,7,1,25.04177,121.58735,11
500111070,20231112,727,18,7,1,25.04177,121.58735,11
500111070,20231112,728,18,7,1,25.04177,121.58735,11
500111070,20231112,729,18,7,1,25.04177,121.58735,11
500111070,20231112,730,18,7,1,25.04177,121.58735,11
500111070,20231112,731,18,7,1,25.04177,121.58735,11
500111070,20231112,732,18,6,1,25.04177,121.58735,12
500111070,20231112,733,18,6,1,25.04177,121.58735,12
500111070,20231112,734,18,6,1,25.04177,121.58735,12
500111070,20231112,735,18,6,1,25.04177,121.58735,12
500111070,20231112,736,18,7,1,25.04177,121.58735,11
500111070,20231112,737,18,8,1,25.04177,121.58735,10
500111070,20231112,738,18,8,1,25.04177,121.58735,10
500111070,20231112,739,18,8,1,25.04177,121.58735,10
500111070,20231112,741,18,8,1,25.04177,121.58735,10
500111070,20231112,742,18,8,1,25.04177,121.58735,10
500111070,20231112,743,18,8,1,25.04177,121.58735,10
500111070,20231112,744,18,8,1,25.04177,121.58735,10
500111070,20231112,745,18,8,1,25.04177,121.58735,10
500111070,20231112,746,18,8,1,25.04177,121.58735,10
500111070,20231112,748,18,8,1,25.04177,121.58735,10
500111070,20231112,749,18,8,1,25.04177,121.58735,10
500111070,20231112,751,18,8,1,25.04177,121.58735,10
500111070,20231112,752,18,8,1,25.04177,121.58735,10
500111070,20231112,753,18,7,1,25.04177,121.58735,11
500111070,20231112,754,18,7,1,25.04177,121.58735,11
500111070,20231112,755,18,7,1,25.04177,121.58735,11
500111070,20231112,756,18,7,1,25.04177,121.58735,11
500111070,20231112,757,18,8,1,25.04177,121.58735,10
500111070,20231112,758,18,8,1,25.04177,121.58735,10
500111070,20231112,759,18,8,1,25.04177,121.58735,10
500111070,20231112,761,18,9,1,25.04177,121.58735,9
500111070,20231112,762,18,9,1,25.04177,121.58735,9
500111070,20231112,763,18,9,1,25.04177,121.58735,9
500111070,20231112,764,18,9,1,25.04177,121.58735,9
500111070,20231112,765,18,9,1,25.04177,121.58735,9
500111070,20231112,766,18,10,1,25.04177,121.58735,8
500111070,20231112,767,18,10,1,25.04177,121.58735,8
500111070,20231112,768,18,10,1,25.04177,121.58735,8
500111070,20231112,769,18,10,1,25.04177,121.58735,8
500111070,20231112,771,18,11,1,25.04177,121.58735,7
500111070,20231112,772,18,12,1,25.04177,121.58735,6
500111070,20231112,773,18,12,1,25.04177,121.58735,6
500111070,20231112,774,18,12,1,25.04177,121.58735,6
500111070,20231112,775,18,12,1,25.04177,121.58735,6
500111070,20231112,776,18,12,1,25.04177,121.58735,6
500111070,20231112,777,18,12,1,25.04177,121.58735,6
500111070,20231112,778,18,12,1,25.04177,121.58735,6
500111070,20231112,779,18,11,1,25.04177,121.58735,7
500111070,20231112,781,18,11,1,25.04177,121.58735,7
500111070,20231112,782,18,11,1,25.04177,121.58735,7
500111070,20231112,783,18,11,1,25.04177,121.58735,7
500111070,20231112,784,18,11,1,25.04177,121.58735,7
500111070,20231112,785,18,11,1,25.04177,121.58735,7
500111070,20231112,786,18,11,1,25.04177,121.58735,7
500111070,20231112,787,18,11,1,25.04177,121.58735,7
500111070,20231112,788,18,11,1,25.04177,121.58735,7
500111070,20231112,789,18,11,1,25.04177,121.58735,7
500111070,20231112,791,18,12,1,25.04177,121.58735,6
500111070,20231112,792,18,12,1,25.04177,121.58735,6
500111070,20231112,793,18,12,1,25.04177,121.58735,6
500111070,20231112,794,18,12,1,25.04177,121.58735,6
500111070,20231112,795,18,12,1,25.04177,121.58735,6
500111070,20231112,796,18,11,1,25.04177,121.58735,7
500111070,20231112,797,18,11,1,25.04177,121.58735,7
500111070,20231112,798,18,11,1,25.04177,121.58735,7
500111070,20231112,799,18,11,1,25.04177,121.58735,7
500111070,20231112,801,18,12,1,25.04177,121.58735,6
500111070,20231112,802,18,13,1,25.04177,121.58735,5
500111070,20231112,803,18,13,1,25.04177,121.58735,5
500111070,20231112,804,18,13,1,25.04177,121.58735,5
500111070,20231112,805,18,13,1,25.04177,121.58735,5
500111070,20231112,806,18,13,1,25.04177,121.58735,5
500111070,20231112,807,18,13,1,25.04177,121.58735,5
500111070,20231112,808,18,13,1,25.04177,121.58735,5
500111070,20231112,809,18,12,1,25.04177,121.58735,6
500111070,20231112,811,18,12,1,25.04177,121.58735,6
500111070,20231112,812,18,12,1,25.04177,121.58735,6
500111070,20231112,813,18,12,1,25.04177,121.58735,6
500111070,20231112,814,18,12,1,25.04177,121.58735,6
500111070,20231112,815,18,12,1,25.04177,121.58735,6
500111070,20231112,816,18,12,1,25.04177,121.58735,6
500111070,20231112,817,18,12,1,25.04177,121.58735,6
500111070,20231112,818,18,12,1,25.04177,121.58735,6
500111070,20231112,819,18,12,1,25.04177,121.58735,6
500111070,20231112,821,18,12,1,25.04177,121.58735,6
500111070,20231112,822,18,12,1,25.04177,121.58735,6
500111070,20231112,823,18,12,1,25.04177,121.58735,6
500111070,20231112,824,18,12,1,25.04177,121.58735,6
500111070,20231112,825,18,12,1,25.04177,121.58735,6
500111070,20231112,826,18,11,1,25.04177,121.58735,7
500111070,20231112,827,18,11,1,25.04177,121.58735,7
500111070,20231112,828,18,11,1,25.04177,121.58735,7
500111070,20231112,829,18,11,1,25.04177,121.58735,7
500111070,20231112,831,18,11,1,25.04177,121.58735,7
500111070,20231112,832,18,11,1,25.04177,121.58735,7
500111070,20231112,833,18,11,1,25.04177,121.58735,7
500111070,20231112,834,18,11,1,25.04177,121.58735,7
500111070,20231112,835,18,11,1,25.04177,121.58735,7
500111070,20231112,836,18,12,1,25.04177,121.58735,6
500111070,20231112,837,18,12,1,25.04177,121.58735,6
500111070,20231112,838,18,12,1,25.04177,121.58735,6
500111070,20231112,839,18,12,1,25.04177,121.58735,6
500111070,20231112,841,18,12,1,25.04177,121.58735,6
500111070,20231112,842,18,12,1,25.04177,121.58735,6
500111070,20231112,843,18,12,1,25.04177,121.58735,6
500111070,20231112,844,18,12,1,25.04177,121.58735,6
500111070,20231112,845,18,12,1,25.04177,121.58735,6
500111070,20231112,846,18,12,1,25.04177,121.58735,6
500111070,20231112,847,18,13,1,25.04177,121.58735,5
500111070,20231112,848,18,13,1,25.04177,121.58735,5
500111070,20231112,849,18,13,1,25.04177,121.58735,5
500111070,20231112,851,18,14,1,25.04177,121.58735,4
500111070,20231112,852,18,14,1,25.04177,121.58735,4
500111070,20231112,853,18,13,1,25.04177,121.58735,5
500111070,20231112,854,18,13,1,25.04177,121.58735,5
500111070,20231112,855,18,13,1,25.04177,121.58735,5
500111070,20231112,856,18,13,1,25.04177,121.58735,5
500111070,20231112,857,18,13,1,25.04177,121.58735,5
500111070,20231112,858,18,13,1,25.04177,121.58735,5
500111070,20231112,859,18,13,1,25.04177,121.58735,5
500111070,20231112,861,18,7,1,25.04177,121.58735,11
500111070,20231112,862,18,7,1,25.04177,121.58735,11
500111070,20231112,863,18,7,1,25.04177,121.58735,11
500111070,20231112,864,18,7,1,25.04177,121.58735,11
500111070,20231112,865,18,7,1,25.04177,121.58735,11
500111070,20231112,866,18,7,1,25.04177,121.58735,11
500111070,20231112,867,18,7,1,25.04177,121.58735,11
500111070,20231112,868,18,7,1,25.04177,121.58735,11
500111070,20231112,869,18,7,1,25.04177,121.58735,11
500111070,20231112,871,18,7,1,25.04177,121.58735,11
500111070,20231112,872,18,7,1,25.04177,121.58735,11
500111070,20231112,873,18,7,1,25.04177,121.58735,11
500111070,20231112,874,18,7,1,25.04177,121.58735,11
500111070,20231112,875,18,7,1,25.04177,121.58735,11
500111070,20231112,876,18,7,1,25.04177,121.58735,11
500111070,20231112,877,18,7,1,25.04177,121.58735,11
500111070,20231112,878,18,7,1,25.04177,121.58735,11
500111070,20231112,879,18,7,1,25.04177,121.58735,11
500111070,20231112,880,18,7,1,25.04177,121.58735,11
500111070,20231112,881,18,7,1,25.04177,121.58735,11
500111070,20231112,882,18,7,1,25.04177,121.58735,11
500111070,20231112,883,18,7,1,25.04177,121.58735,11
500111070,20231112,884,18,8,1,25.04177,121.58735,10
500111070,20231112,885,18,8,1,25.04177,121.58735,10
500111070,20231112,886,18,8,1,25.04177,121.58735,10
500111070,20231112,887,18,8,1,25.04177,121.58735,10
500111070,20231112,888,18,8,1,25.04177,121.58735,10
500111070,20231112,889,18,8,1,25.04177,121.58735,10
500111070,20231112,890,18,8,1,25.04177,121.58735,10
500111070,20231112,891,18,8,1,25.04177,121.58735,10
500111070,20231112,892,18,8,1,25.04177,121.58735,10
500111070,20231112,893,18,8,1,25.04177,121.58735,10
500111070,20231112,894,18,8,1,25.04177,121.58735,10
500111070,20231112,895,18,8,1,25.04177,121.58735,10
500111070,20231112,896,18,8,1,25.04177,121.58735,10
500111070,20231112,897,18,8,1,25.04177,121.58735,10
500111070,20231112,898,18,8,1,25.04177,121.58735,10
500111070,20231112,899,18,8,1,25.04177,121.58735,10
500111070,20231112,901,18,8,1,25.04177,121.58735,10
500111070,20231112,902,18,8,1,25.04177,121.58735,10
500111070,20231112,903,18,8,1,25.04177,121.58735,10
500111070,20231112,904,18,8,1,25.04177,121.58735,10
500111070,20231112,905,18,8,1,25.04177,121.58735,10
500111070,20231112,906,18,8,1,25.04177,121.58735,10
500111070,20231112,907,18,9,1,25.04177,121.58735,9
500111070,20231112,908,18,8,1,25.04177,121.58735,10
500111070,20231112,909,18,8,1,25.04177,121.58735,10
500111070,20231112,910,18,8,1,25.04177,121.58735,10
500111070,20231112,911,18,8,1,25.04177,121.58735,10
500111070,20231112,912,18,8,1,25.04177,121.58735,10
500111070,20231112,913,18,8,1,25.04177,121.58735,10
500111070,20231112,914,18,8,1,25.04177,121.58735,10
500111070,20231112,915,18,8,1,25.04177,121.58735,10
500111070,20231112,916,18,9,1,25.04177,121.58735,9
500111070,20231112,917,18,9,1,25.04177,121.58735,9
500111070,20231112,918,18,9,1,25.04177,121.58735,9
500111070,20231112,919,18,9,1,25.04177,121.58735,9
500111070,20231112,921,18,9,1,25.04177,121.58735,9
500111070,20231112,922,18,9,1,25.04177,121.58735,9
500111070,20231112,923,18,9,1,25.04177,121.58735,9
500111070,20231112,924,18,9,1,25.04177,121.58735,9
500111070,20231112,925,18,9,1,25.04177,121.58735,9
500111070,20231112,926,18,9,1,25.04177,121.58735,9
500111070,20231112,927,18,9,1,25.04177,121.58735,9
500111070,20231112,928,18,9,1,25.04177,121.58735,9
500111070,20231112,929,18,9,1,25.04177,121.58735,9
500111070,20231112,931,18,9,1,25.04177,121.58735,9
500111070,20231112,932,18,9,1,25.04177,121.58735,9
500111070,20231112,933,18,9,1,25.04177,121.58735,9
500111070,20231112,934,18,9,1,25.04177,121.58735,9
500111070,20231112,935,18,9,1,25.04177,121.58735,9
500111070,20231112,936,18,9,1,25.04177,121.58735,9
500111070,20231112,937,18,9,1,25.04177,121.58735,9
500111070,20231112,938,18,9,1,25.04177,121.58735,9
500111070,20231112,939,18,9,1,25.04177,121.58735,9
500111070,20231112,940,18,9,1,25.04177,121.58735,9
500111070,20231112,941,18,9,1,25.04177,121.58735,9
500111070,20231112,942,18,9,1,25.04177,121.58735,9
500111070,20231112,943,18,9,1,25.04177,121.58735,9
500111070,20231112,944,18,9,1,25.04177,121.58735,9
500111070,20231112,945,18,9,1,25.04177,121.58735,9
500111070,20231112,946,18,9,1,25.04177,121.58735,9
500111070,20231112,947,18,9,1,25.04177,121.58735,9
500111070,20231112,948,18,9,1,25.04177,121.58735,9
500111070,20231112,949,18,9,1,25.04177,121.58735,9
500111070,20231112,950,18,9,1,25.04177,121.58735,9
500111070,20231112,951,18,9,1,25.04177,121.58735,9
500111070,20231112,952,18,9,1,25.04177,121.58735,9
500111070,20231112,953,18,9,1,25.04177,121.58735,9
500111070,20231112,954,18,9,1,25.04177,121.58735,9
500111070,20231112,955,18,9,1,25.04177,121.58735,9
500111070,20231112,956,18,8,1,25.04177,121.58735,10
500111070,20231112,957,18,8,1,25.04177,121.58735,10
500111070,20231112,958,18,8,1,25.04177,121.58735,10
500111070,20231112,959,18,8,1,25.04177,121.58735,10
500111070,20231112,961,18,8,1,25.04177,121.58735,10
500111070,20231112,962,18,8,1,25.04177,121.58735,10
500111070,20231112,963,18,8,1,25.04177,121.58735,10
500111070,20231112,964,18,8,1,25.04177,121.58735,10
500111070,20231112,965,18,8,1,25.04177,121.58735,10
500111070,20231112,966,18,8,1,25.04177,121.58735,10
500111070,20231112,967,18,8,1,25.04177,121.58735,10
500111070,20231112,968,18,8,1,25.04177,121.58735,10
500111070,20231112,969,18,8,1,25.04177,121.58735,10
500111070,20231112,970,18,8,1,25.04177,121.58735,10
500111070,20231112,971,18,8,1,25.04177,121.58735,10
500111070,20231112,972,18,8,1,25.04177,121.58735,10
500111070,20231112,973,18,8,1,25.04177,121.58735,10
500111070,20231112,974,18,8,1,25.04177,121.58735,10
500111070,20231112,975,18,8,1,25.04177,121.58735,10
500111070,20231112,976,18,8,1,25.04177,121.58735,10
500111070,20231112,977,18,8,1,25.04177,121.58735,10
500111070,20231112,978,18,8,1,25.04177,121.58735,10
500111070,20231112,979,18,8,1,25.04177,121.58735,10
500111070,20231112,981,18,8,1,25.04177,121.58735,10
500111070,20231112,982,18,8,1,25.04177,121.58735,10
500111070,20231112,983,18,8,1,25.04177,121.58735,10
500111070,20231112,984,18,8,1,25.04177,121.58735,10
500111070,20231112,985,18,8,1,25.04177,121.58735,10
500111070,20231112,986,18,8,1,25.04177,121.58735,10
500111070,20231112,987,18,8,1,25.04177,121.58735,10
500111070,20231112,988,18,8,1,25.04177,121.58735,10
500111070,20231112,989,18,8,1,25.04177,121.58735,10
500111070,20231112,991,18,8,1,25.04177,121.58735,10
500111070,20231112,992,18,8,1,25.04177,121.58735,10
500111070,20231112,993,18,8,1,25.04177,121.58735,10
500111070,20231112,994,18,8,1,25.04177,121.58735,10
500111070,20231112,995,18,8,1,25.04177,121.58735,10
500111070,20231112,996,18,8,1,25.04177,121.58735,10
500111070,20231112,997,18,8,1,25.04177,121.58735,10
500111070,20231112,998,18,8,1,25.04177,121.58735,10
500111070,20231112,999,18,7,1,25.04177,121.58735,11
500111070,20231112,1000,18,7,1,25.04177,121.58735,11
500111070,20231112,1001,18,7,1,25.04177,121.58735,11
500111070,20231112,1003,18,7,1,25.04177,121.58735,11
500111070,20231112,1004,18,7,1,25.04177,121.58735,11
500111070,20231112,1005,18,7,1,25.04177,121.58735,11
500111070,20231112,1006,18,7,1,25.04177,121.58735,11
500111070,20231112,1007,18,7,1,25.04177,121.58735,11
500111070,20231112,1008,18,7,1,25.04177,121.58735,11
500111070,20231112,1009,18,7,1,25.04177,121.58735,11
500111070,20231112,1011,18,7,1,25.04177,121.58735,11
500111070,20231112,1012,18,7,1,25.04177,121.58735,11
500111070,20231112,1013,18,7,1,25.04177,121.58735,11
500111070,20231112,1014,18,7,1,25.04177,121.58735,11
500111070,20231112,1015,18,7,1,25.04177,121.58735,11
500111070,20231112,1016,18,7,1,25.04177,121.58735,11
500111070,20231112,1017,18,7,1,25.04177,121.58735,11
500111070,20231112,1018,18,7,1,25.04177,121.58735,11
500111070,20231112,1019,18,7,1,25.04177,121.58735,11
500111070,20231112,1021,18,7,1,25.04177,121.58735,11
500111070,20231112,1022,18,7,1,25.04177,121.58735,11
500111070,20231112,1023,18,7,1,25.04177,121.58735,11
500111070,20231112,1024,18,7,1,25.04177,121.58735,11
500111070,20231112,1025,18,7,1,25.04177,121.58735,11
500111070,20231112,1026,18,7,1,25.04177,121.58735,11
500111070,20231112,1027,18,7,1,25.04177,121.58735,11
500111070,20231112,1028,18,7,1,25.04177,121.58735,11
500111070,20231112,1029,18,7,1,25.04177,121.58735,11
500111070,20231112,1031,18,7,1,25.04177,121.58735,11
500111070,20231112,1032,18,7,1,25.04177,121.58735,11
500111070,20231112,1033,18,7,1,25.04177,121.58735,11
500111070,20231112,1034,18,7,1,25.04177,121.58735,11
500111070,20231112,1035,18,7,1,25.04177,121.58735,11
500111070,20231112,1036,18,7,1,25.04177,121.58735,11
500111070,20231112,1037,18,7,1,25.04177,121.58735,11
500111070,20231112,1038,18,7,1,25.04177,121.58735,11
500111070,20231112,1039,18,7,1,25.04177,121.58735,11
500111070,20231112,1041,18,7,1,25.04177,121.58735,11
500111070,20231112,1042,18,7,1,25.04177,121.58735,11
500111070,20231112,1043,18,7,1,25.04177,121.58735,11
500111070,20231112,1044,18,7,1,25.04177,121.58735,11
500111070,20231112,1045,18,7,1,25.04177,121.58735,11
500111070,20231112,1046,18,7,1,25.04177,121.58735,11
500111070,20231112,1047,18,7,1,25.04177,121.58735,11
500111070,20231112,1048,18,8,1,25.04177,121.58735,10
500111070,20231112,1049,18,8,1,25.04177,121.58735,10
500111070,20231112,1051,18,8,1,25.04177,121.58735,10
500111070,20231112,1052,18,8,1,25.04177,121.58735,10
500111070,20231112,1053,18,8,1,25.04177,121.58735,10
500111070,20231112,1054,18,8,1,25.04177,121.58735,10
500111070,20231112,1055,18,8,1,25.04177,121.58735,10
500111070,20231112,1056,18,8,1,25.04177,121.58735,10
500111070,20231112,1057,18,8,1,25.04177,121.58735,10
500111070,20231112,1058,18,8,1,25.04177,121.58735,10
500111070,20231112,1059,18,8,1,25.04177,121.58735,10
500111070,20231112,1061,18,8,1,25.04177,121.58735,10
500111070,20231112,1062,18,8,1,25.04177,121.58735,10
500111070,20231112,1063,18,8,1,25.04177,121.58735,10
500111070,20231112,1064,18,8,1,25.04177,121.58735,10
500111070,20231112,1065,18,8,1,25.04177,121.58735,10
500111070,20231112,1066,18,8,1,25.04177,121.58735,10
500111070,20231112,1067,18,8,1,25.04177,121.58735,10
500111070,20231112,1068,18,8,1,25.04177,121.58735,10
500111070,20231112,1069,18,7,1,25.04177,121.58735,11
500111070,20231112,1071,18,7,1,25.04177,121.58735,11
500111070,20231112,1072,18,7,1,25.04177,121.58735,11
500111070,20231112,1073,18,7,1,25.04177,121.58735,11
500111070,20231112,1074,18,6,1,25.04177,121.58735,12
500111070,20231112,1075,18,6,1,25.04177,121.58735,12
500111070,20231112,1076,18,6,1,25.04177,121.58735,12
500111070,20231112,1077,18,6,1,25.04177,121.58735,12
500111070,20231112,1078,18,6,1,25.04177,121.58735,12
500111070,20231112,1079,18,6,1,25.04177,121.58735,12
500111070,20231112,1081,18,6,1,25.04177,121.58735,12
500111070,20231112,1082,18,6,1,25.04177,121.58735,12
500111070,20231112,1083,18,6,1,25.04177,121.58735,12
500111070,20231112,1084,18,6,1,25.04177,121.58735,12
500111070,20231112,1085,18,6,1,25.04177,121.58735,12
500111070,20231112,1086,18,7,1,25.04177,121.58735,11
500111070,20231112,1087,18,7,1,25.04177,121.58735,11
500111070,20231112,1088,18,7,1,25.04177,121.58735,11
500111070,20231112,1089,18,8,1,25.04177,121.58735,10
500111070,20231112,1091,18,8,1,25.04177,121.58735,10
500111070,20231112,1092,18,8,1,25.04177,121.58735,10
500111070,20231112,1093,18,8,1,25.04177,121.58735,10
500111070,20231112,1094,18,8,1,25.04177,121.58735,10
500111070,20231112,1095,18,8,1,25.04177,121.58735,10
500111070,20231112,1096,18,8,1,25.04177,121.58735,10
500111070,20231112,1097,18,8,1,25.04177,121.58735,10
500111070,20231112,1098,18,8,1,25.04177,121.58735,10
500111070,20231112,1099,18,8,1,25.04177,121.58735,10
500111070,20231112,1101,18,8,1,25.04177,121.58735,10
500111070,20231112,1102,18,8,1,25.04177,121.58735,10
500111070,20231112,1103,18,8,1,25.04177,121.58735,10
500111070,20231112,1104,18,8,1,25.04177,121.58735,10
500111070,20231112,1105,18,8,1,25.04177,121.58735,10
500111070,20231112,1106,18,7,1,25.04177,121.58735,11
500111070,20231112,1107,18,7,1,25.04177,121.58735,11
500111070,20231112,1108,18,7,1,25.04177,121.58735,11
500111070,20231112,1109,18,7,1,25.04177,121.58735,11
500111070,20231112,1111,18,9,1,25.04177,121.58735,9
500111070,20231112,1112,18,9,1,25.04177,121.58735,9
500111070,20231112,1113,18,9,1,25.04177,121.58735,9
500111070,20231112,1114,18,9,1,25.04177,121.58735,9
500111070,20231112,1115,18,9,1,25.04177,121.58735,9
500111070,20231112,1116,18,9,1,25.04177,121.58735,9
500111070,20231112,1117,18,10,1,25.04177,121.58735,8
500111070,20231112,1118,18,10,1,25.04177,121.58735,8
500111070,20231112,1119,18,10,1,25.04177,121.58735,8
500111070,20231112,1120,18,10,1,25.04177,121.58735,8
500111070,20231112,1121,18,10,1,25.04177,121.58735,8
500111070,20231112,1122,18,11,1,25.04177,121.58735,7
500111070,20231112,1123,18,11,1,25.04177,121.58735,7
500111070,20231112,1124,18,11,1,25.04177,121.58735,7
500111070,20231112,1125,18,11,1,25.04177,121.58735,7
500111070,20231112,1126,18,11,1,25.04177,121.58735,7
500111070,20231112,1127,18,11,1,25.04177,121.58735,7
500111070,20231112,1128,18,11,1,25.04177,121.58735,7
500111070,20231112,1129,18,11,1,25.04177,121.58735,7
500111070,20231112,1130,18,11,1,25.04177,121.58735,7
500111070,20231112,1131,18,11,1,25.04177,121.58735,7
500111070,20231112,1132,18,11,1,25.04177,121.58735,7
500111070,20231112,1133,18,11,1,25.04177,121.58735,7
500111070,20231112,1134,18,13,1,25.04177,121.58735,5
500111070,20231112,1135,18,13,1,25.04177,121.58735,5
500111070,20231112,1136,18,17,1,25.04177,121.58735,1
500111070,20231112,1137,18,17,1,25.04177,121.58735,1
500111070,20231112,1138,18,17,1,25.04177,121.58735,1
500111070,20231112,1139,18,17,1,25.04177,121.58735,1
500111070,20231112,1141,18,17,1,25.04177,121.58735,1
500111070,20231112,1142,18,17,1,25.04177,121.58735,1
500111070,20231112,1143,18,17,1,25.04177,121.58735,1
500111070,20231112,1144,18,17,1,25.04177,121.58735,1
500111070,20231112,1145,18,17,1,25.04177,121.58735,1
500111070,20231112,1146,18,17,1,25.04177,121.58735,1
500111070,20231112,1147,18,17,1,25.04177,121.58735,1
500111070,20231112,1148,18,18,1,25.04177,121.58735,0
500111070,20231112,1149,18,18,1,25.04177,121.58735,0
500111070,20231112,1150,18,18,1,25.04177,121.58735,0
500111070,20231112,1151,18,18,1,25.04177,121.58735,0
500111070,20231112,1152,18,18,1,25.04177,121.58735,0
500111070,20231112,1153,18,18,1,25.04177,121.58735,0
500111070,20231112,1154,18,18,1,25.04177,121.58735,0
500111070,20231112,1155,18,18,1,25.04177,121.58735,0
500111070,20231112,1156,18,18,1,25.04177,121.58735,0
500111070,20231112,1157,18,18,1,25.04177,121.58735,0
500111070,20231112,1158,18,18,1,25.04177,121.58735,0
500111070,20231112,1159,18,18,1,25.04177,121.58735,0
500111070,20231112,1161,18,18,1,25.04177,121.58735,0
500111070,20231112,1162,18,18,1,25.04177,121.58735,0
500111070,20231112,1163,18,18,1,25.04177,121.58735,0
500111070,20231112,1164,18,18,1,25.04177,121.58735,0
500111070,20231112,1165,18,18,1,25.04177,121.58735,0
500111070,20231112,1166,18,18,1,25.04177,121.58735,0
500111070,20231112,1167,18,18,1,25.04177,121.58735,0
500111070,20231112,1168,18,18,1,25.04177,121.58735,0
500111070,20231112,1169,18,18,1,25.04177,121.58735,0
500111070,20231112,1170,18,18,1,25.04177,121.58735,0
500111070,20231112,1171,18,18,1,25.04177,121.58735,0
500111070,20231112,1172,18,18,1,25.04177,121.58735,0
500111070,20231112,1173,18,18,1,25.04177,121.58735,0
500111070,20231112,1174,18,18,1,25.04177,121.58735,0
500111070,20231112,1175,18,18,1,25.04177,121.58735,0
500111070,20231112,1176,18,18,1,25.04177,121.58735,0
500111070,20231112,1177,18,18,1,25.04177,121.58735,0
500111070,20231112,1178,18,18,1,25.04177,121.58735,0
500111070,20231112,1179,18,18,1,25.04177,121.58735,0
500111070,20231112,1180,18,18,1,25.04177,121.58735,0
500111070,20231112,1181,18,18,1,25.04177,121.58735,0
500111070,20231112,1182,18,18,1,25.04177,121.58735,0
500111070,20231112,1183,18,18,1,25.04177,121.58735,0
500111070,20231112,1184,18,17,1,25.04177,121.58735,1
500111070,20231112,1185,18,17,1,25.04177,121.58735,1
500111070,20231112,1186,18,17,1,25.04177,121.58735,1
500111070,20231112,1187,18,17,1,25.04177,121.58735,1
500111070,20231112,1188,18,17,1,25.04177,121.58735,1
500111070,20231112,1189,18,17,1,25.04177,121.58735,1
500111070,20231112,1190,18,17,1,25.04177,121.58735,1
500111070,20231112,1191,18,17,1,25.04177,121.58735,1
500111070,20231112,1192,18,17,1,25.04177,121.58735,1
500111070,20231112,1193,18,17,1,25.04177,121.58735,1
500111070,20231112,1194,18,17,1,25.04177,121.58735,1
500111070,20231112,1195,18,17,1,25.04177,121.58735,1
500111070,20231112,1196,18,17,1,25.04177,121.58735,1
500111070,20231112,1197,18,17,1,25.04177,121.58735,1
500111070,20231112,1198,18,17,1,25.04177,121.58735,1
500111070,20231112,1199,18,17,1,25.04177,121.58735,1
500111070,20231112,1201,18,17,1,25.04177,121.58735,1
500111070,20231112,1202,18,17,1,25.04177,121.58735,1
500111070,20231112,1203,18,17,1,25.04177,121.58735,1
500111070,20231112,1204,18,17,1,25.04177,121.58735,1
500111070,20231112,1205,18,17,1,25.04177,121.58735,1
500111070,20231112,1206,18,17,1,25.04177,121.58735,1
500111070,20231112,1207,18,17,1,25.04177,121.58735,1
500111070,20231112,1208,18,17,1,25.04177,121.58735,1
500111070,20231112,1209,18,17,1,25.04177,121.58735,1
500111070,20231112,1210,18,17,1,25.04177,121.58735,1
500111070,20231112,1211,18,17,1,25.04177,121.58735,1
500111070,20231112,1212,18,17,1,25.04177,121.58735,1
500111070,20231112,1213,18,17,1,25.04177,121.58735,1
500111070,20231112,1214,18,17,1,25.04177,121.58735,1
500111070,20231112,1215,18,17,1,25.04177,121.58735,1
500111070,20231112,1216,18,17,1,25.04177,121.58735,1
500111070,20231112,1217,18,17,1,25.04177,121.58735,1
500111070,20231112,1218,18,17,1,25.04177,121.58735,1
500111070,20231112,1219,18,17,1,25.04177,121.58735,1
500111070,20231112,1221,18,17,1,25.04177,121.58735,1
500111070,20231112,1222,18,17,1,25.04177,121.58735,1
500111070,20231112,1223,18,17,1,25.04177,121.58735,1
500111070,20231112,1224,18,17,1,25.04177,121.58735,1
500111070,20231112,1225,18,17,1,25.04177,121.58735,1
500111070,20231112,1226,18,17,1,25.04177,121.58735,1
500111070,20231112,1227,18,16,1,25.04177,121.58735,2
500111070,20231112,1228,18,16,1,25.04177,121.58735,2
500111070,20231112,1229,18,16,1,25.04177,121.58735,2
500111070,20231112,1230,18,16,1,25.04177,121.58735,2
500111070,20231112,1231,18,16,1,25.04177,121.58735,2
500111070,20231112,1232,18,16,1,25.04177,121.58735,2
500111070,20231112,1233,18,16,1,25.04177,121.58735,2
500111070,20231112,1234,18,16,1,25.04177,121.58735,2
500111070,20231112,1235,18,16,1,25.04177,121.58735,2
500111070,20231112,1236,18,15,1,25.04177,121.58735,3
500111070,20231112,1237,18,15,1,25.04177,121.58735,3
500111070,20231112,1238,18,15,1,25.04177,121.58735,3
500111070,20231112,1239,18,15,1,25.04177,121.58735,3
500111070,20231112,1240,18,15,1,25.04177,121.58735,3
500111070,20231112,1241,18,15,1,25.04177,121.58735,3
500111070,20231112,1242,18,15,1,25.04177,121.58735,3
500111070,20231112,1243,18,15,1,25.04177,121.58735,3
500111070,20231112,1244,18,15,1,25.04177,121.58735,3
500111070,20231112,1245,18,15,1,25.04177,121.58735,3
500111070,20231112,1246,18,15,1,25.04177,121.58735,3
500111070,20231112,1247,18,15,1,25.04177,121.58735,3
500111070,20231112,1248,18,15,1,25.04177,121.58735,3
500111070,20231112,1249,18,15,1,25.04177,121.58735,3
500111070,20231112,1250,18,15,1,25.04177,121.58735,3
500111070,20231112,1251,18,15,1,25.04177,121.58735,3
500111070,20231112,1252,18,15,1,25.04177,121.58735,3
500111070,20231112,1253,18,15,1,25.04177,121.58735,3
500111070,20231112,1254,18,15,1,25.04177,121.58735,3
500111070,20231112,1255,18,15,1,25.04177,121.58735,3
500111070,20231112,1256,18,15,1,25.04177,121.58735,3
500111070,20231112,1257,18,15,1,25.04177,121.58735,3
500111070,20231112,1258,18,15,1,25.04177,121.58735,3
500111070,20231112,1259,18,15,1,25.04177,121.58735,3
500111070,20231112,1261,18,15,1,25.04177,121.58735,3
500111070,20231112,1263,18,15,1,25.04177,121.58735,3
500111070,20231112,1264,18,15,1,25.04177,121.58735,3
500111070,20231112,1265,18,15,1,25.04177,121.58735,3
500111070,20231112,1266,18,15,1,25.04177,121.58735,3
500111070,20231112,1267,18,15,1,25.04177,121.58735,3
500111070,20231112,1268,18,15,1,25.04177,121.58735,3
500111070,20231112,1269,18,14,1,25.04177,121.58735,4
500111070,20231112,1270,18,14,1,25.04177,121.58735,4
500111070,20231112,1272,18,14,1,25.04177,121.58735,4
500111070,20231112,1273,18,14,1,25.04177,121.58735,4
500111070,20231112,1274,18,14,1,25.04177,121.58735,4
500111070,20231112,1275,18,14,1,25.04177,121.58735,4
500111070,20231112,1276,18,14,1,25.04177,121.58735,4
500111070,20231112,1277,18,14,1,25.04177,121.58735,4
500111070,20231112,1278,18,14,1,25.04177,121.58735,4
500111070,20231112,1279,18,14,1,25.04177,121.58735,4
500111070,20231112,1281,18,14,1,25.04177,121.58735,4
500111070,20231112,1282,18,14,1,25.04177,121.58735,4
500111070,20231112,1283,18,14,1,25.04177,121.58735,4
500111070,20231112,1284,18,14,1,25.04177,121.58735,4
500111070,20231112,1285,18,14,1,25.04177,121.58735,4
500111070,20231112,1286,18,14,1,25.04177,121.58735,4
500111070,20231112,1287,18,14,1,25.04177,121.58735,4
500111070,20231112,1288,18,14,1,25.04177,121.58735,4
500111070,20231112,1289,18,14,1,25.04177,121.58735,4
500111070,20231112,1291,18,13,1,25.04177,121.58735,5
500111070,20231112,1292,18,13,1,25.04177,121.58735,5
500111070,20231112,1293,18,13,1,25.04177,121.58735,5
500111070,20231112,1294,18,13,1,25.04177,121.58735,5
500111070,20231112,1295,18,13,1,25.04177,121.58735,5
500111070,20231112,1296,18,13,1,25.04177,121.58735,5
500111070,20231112,1297,18,13,1,25.04177,121.58735,5
500111070,20231112,1298,18,13,1,25.04177,121.58735,5
500111070,20231112,1299,18,13,1,25.04177,121.58735,5
500111070,20231112,1301,18,13,1,25.04177,121.58735,5
500111070,20231112,1302,18,13,1,25.04177,121.58735,5
500111070,20231112,1303,18,13,1,25.04177,121.58735,5
500111070,20231112,1304,18,13,1,25.04177,121.58735,5
500111070,20231112,1305,18,13,1,25.04177,121.58735,5
500111070,20231112,1306,18,13,1,25.04177,121.58735,5
500111070,20231112,1307,18,13,1,25.04177,121.58735,5
500111070,20231112,1308,18,13,1,25.04177,121.58735,5
500111070,20231112,1309,18,13,1,25.04177,121.58735,5
500111070,20231112,1311,18,13,1,25.04177,121.58735,5
500111070,20231112,1312,18,13,1,25.04177,121.58735,5
500111070,20231112,1313,18,13,1,25.04177,121.58735,5
500111070,20231112,1314,18,13,1,25.04177,121.58735,5
500111070,20231112,1315,18,13,1,25.04177,121.58735,5
500111070,20231112,1316,18,13,1,25.04177,121.58735,5
500111070,20231112,1317,18,13,1,25.04177,121.58735,5
500111070,20231112,1318,18,13,1,25.04177,121.58735,5
500111070,20231112,1319,18,13,1,25.04177,121.58735,5
500111070,20231112,1321,18,13,1,25.04177,121.58735,5
500111070,20231112,1322,18,13,1,25.04177,121.58735,5
500111070,20231112,1323,18,13,1,25.04177,121.58735,5
500111070,20231112,1324,18,13,1,25.04177,121.58735,5
500111070,20231112,1325,18,13,1,25.04177,121.58735,5
500111070,20231112,1326,18,13,1,25.04177,121.58735,5
500111070,20231112,1327,18,13,1,25.04177,121.58735,5
500111070,20231112,1328,18,13,1,25.04177,121.58735,5
500111070,20231112,1329,18,13,1,25.04177,121.58735,5
500111070,20231112,1331,18,13,1,25.04177,121.58735,5
500111070,20231112,1332,18,13,1,25.04177,121.58735,5
500111070,20231112,1333,18,13,1,25.04177,121.58735,5
500111070,20231112,1334,18,13,1,25.04177,121.58735,5
500111070,20231112,1335,18,13,1,25.04177,121.58735,5
500111070,20231112,1336,18,13,1,25.04177,121.58735,5
500111070,20231112,1337,18,13,1,25.04177,121.58735,5
500111070,20231112,1338,18,13,1,25.04177,121.58735,5
500111070,20231112,1339,18,13,1,25.04177,121.58735,5
500111070,20231112,1341,18,13,1,25.04177,121.58735,5
500111070,20231112,1342,18,13,1,25.04177,121.58735,5
500111070,20231112,1343,18,13,1,25.04177,121.58735,5
500111070,20231112,1344,18,13,1,25.04177,121.58735,5
500111070,20231112,1345,18,13,1,25.04177,121.58735,5
500111070,20231112,1346,18,13,1,25.04177,121.58735,5
500111070,20231112,1347,18,13,1,25.04177,121.58735,5
500111070,20231112,1348,18,13,1,25.04177,121.58735,5
500111070,20231112,1349,18,13,1,25.04177,121.58735,5
500111070,20231112,1351,18,13,1,25.04177,121.58735,5
500111070,20231112,1352,18,13,1,25.04177,121.58735,5
500111070,20231112,1353,18,13,1,25.04177,121.58735,5
500111070,20231112,1354,18,13,1,25.04177,121.58735,5
500111070,20231112,1355,18,13,1,25.04177,121.58735,5
500111070,20231112,1356,18,13,1,25.04177,121.58735,5
500111070,20231112,1357,18,13,1,25.04177,121.58735,5
500111070,20231112,1358,18,13,1,25.04177,121.58735,5
500111070,20231112,1359,18,13,1,25.04177,121.58735,5
500111070,20231112,1360,18,13,1,25.04177,121.58735,5
500111070,20231112,1361,18,13,1,25.04177,121.58735,5
500111070,20231112,1362,18,13,1,25.04177,121.58735,5
500111070,20231112,1363,18,13,1,25.04177,121.58735,5
500111070,20231112,1364,18,13,1,25.04177,121.58735,5
500111070,20231112,1365,18,13,1,25.04177,121.58735,5
500111070,20231112,1366,18,13,1,25.04177,121.58735,5
500111070,20231112,1367,18,13,1,25.04177,121.58735,5
500111070,20231112,1368,18,13,1,25.04177,121.58735,5
500111070,20231112,1369,18,13,1,25.04177,121.58735,5
500111070,20231112,1370,18,13,1,25.04177,121.58735,5
500111070,20231112,1371,18,13,1,25.04177,121.58735,5
500111070,20231112,1372,18,13,1,25.04177,121.58735,5
500111070,20231112,1373,18,13,1,25.04177,121.58735,5
500111070,20231112,1374,18,13,1,25.04177,121.58735,5
500111070,20231112,1375,18,13,1,25.04177,121.58735,5
500111070,20231112,1376,18,13,1,25.04177,121.58735,5
500111070,20231112,1377,18,13,1,25.04177,121.58735,5
500111070,20231112,1378,18,13,1,25.04177,121.58735,5
500111070,20231112,1379,18,13,1,25.04177,121.58735,5
500111070,20231112,1381,18,13,1,25.04177,121.58735,5
500111070,20231112,1382,18,13,1,25.04177,121.58735,5
500111070,20231112,1383,18,13,1,25.04177,121.58735,5
500111070,20231112,1384,18,13,1,25.04177,121.58735,5
500111070,20231112,1385,18,13,1,25.04177,121.58735,5
500111070,20231112,1386,18,13,1,25.04177,121.58735,5
500111070,20231112,1387,18,13,1,25.04177,121.58735,5
500111070,20231112,1388,18,13,1,25.04177,121.58735,5
500111070,20231112,1389,18,13,1,25.04177,121.58735,5
500111070,20231112,1390,18,13,1,25.04177,121.58735,5
500111070,20231112,1391,18,13,1,25.04177,121.58735,5
500111070,20231112,1392,18,13,1,25.04177,121.58735,5
500111070,20231112,1393,18,13,1,25.04177,121.58735,5
500111070,20231112,1394,18,13,1,25.04177,121.58735,5
500111070,20231112,1395,18,13,1,25.04177,121.58735,5
500111070,20231112,1396,18,14,1,25.04177,121.58735,4
500111070,20231112,1397,18,14,1,25.04177,121.58735,4
500111070,20231112,1398,18,14,1,25.04177,121.58735,4
500111070,20231112,1399,18,14,1,25.04177,121.58735,4
500111070,20231112,1401,18,14,1,25.04177,121.58735,4
500111070,20231112,1402,18,15,1,25.04177,121.58735,3
500111070,20231112,1403,18,15,1,25.04177,121.58735,3
500111070,20231112,1404,18,14,1,25.04177,121.58735,4
500111070,20231112,1405,18,14,1,25.04177,121.58735,4
500111070,20231112,1406,18,14,1,25.04177,121.58735,4
500111070,20231112,1407,18,14,1,25.04177,121.58735,4
500111070,20231112,1408,18,14,1,25.04177,121.58735,4
500111070,20231112,1409,18,14,1,25.04177,121.58735,4
500111070,20231112,1410,18,14,1,25.04177,121.58735,4
500111070,20231112,1411,18,14,1,25.04177,121.58735,4
500111070,20231112,1412,18,14,1,25.04177,121.58735,4
500111070,20231112,1413,18,14,1,25.04177,121.58735,4
500111070,20231112,1414,18,14,1,25.04177,121.58735,4
500111070,20231112,1415,18,14,1,25.04177,121.58735,4
500111070,20231112,1416,18,14,1,25.04177,121.58735,4
500111070,20231112,1417,18,14,1,25.04177,121.58735,4
500111070,20231112,1418,18,14,1,25.04177,121.58735,4
500111070,20231112,1419,18,14,1,25.04177,121.58735,4
500111070,20231112,1420,18,14,1,25.04177,121.58735,4
500111070,20231112,1421,18,14,1,25.04177,121.58735,4
500111070,20231112,1422,18,14,1,25.04177,121.58735,4
500111070,20231112,1423,18,14,1,25.04177,121.58735,4
500111070,20231112,1424,18,14,1,25.04177,121.58735,4
500111070,20231112,1425,18,14,1,25.04177,121.58735,4
500111070,20231112,1426,18,14,1,25.04177,121.58735,4
500111070,20231112,1427,18,14,1,25.04177,121.58735,4
500111070,20231112,1428,18,14,1,25.04177,121.58735,4
500111070,20231112,1429,18,13,1,25.04177,121.58735,5
500111070,20231112,1430,18,13,1,25.04177,121.58735,5
500111070,20231112,1431,18,13,1,25.04177,121.58735,5
500111070,20231112,1432,18,13,1,25.04177,121.58735,5
500111070,20231112,1433,18,13,1,25.04177,121.58735,5
500111070,20231112,1434,18,13,1,25.04177,121.58735,5
500111070,20231112,1435,18,13,1,25.04177,121.58735,5
500111070,20231112,1436,18,13,1,25.04177,121.58735,5
500111070,20231112,1437,18,13,1,25.04177,121.58735,5
500111070,20231112,1438,18,13,1,25.04177,121.58735,5
500111070,20231112,1439,18,13,1,25.04177,121.58735,5
500111070,20231113,0,18,13,1,25.04177,121.58735,5
500111070,20231113,1,18,13,1,25.04177,121.58735,5
500111070,20231113,2,18,13,1,25.04177,121.58735,5
500111070,20231113,3,18,13,1,25.04177,121.58735,5
500111070,20231113,4,18,12,1,25.04177,121.58735,6
500111070,20231113,5,18,12,1,25.04177,121.58735,6
500111070,20231113,6,18,12,1,25.04177,121.58735,6
500111070,20231113,7,18,12,1,25.04177,121.58735,6
500111070,20231113,8,18,12,1,25.04177,121.58735,6
500111070,20231113,9,18,12,1,25.04177,121.58735,6
500111070,20231113,10,18,12,1,25.04177,121.58735,6
500111070,20231113,11,18,12,1,25.04177,121.58735,6
500111070,20231113,12,18,12,1,25.04177,121.58735,6
500111070,20231113,13,18,12,1,25.04177,121.58735,6
500111070,20231113,14,18,12,1,25.04177,121.58735,6
500111070,20231113,15,18,12,1,25.04177,121.58735,6
500111070,20231113,16,18,12,1,25.04177,121.58735,6
500111070,20231113,17,18,12,1,25.04177,121.58735,6
500111070,20231113,18,18,12,1,25.04177,121.58735,6
500111070,20231113,19,18,12,1,25.04177,121.58735,6
500111070,20231113,21,18,12,1,25.04177,121.58735,6
500111070,20231113,22,18,12,1,25.04177,121.58735,6
500111070,20231113,23,18,12,1,25.04177,121.58735,6
500111070,20231113,24,18,12,1,25.04177,121.58735,6
500111070,20231113,25,18,12,1,25.04177,121.58735,6
500111070,20231113,26,18,12,1,25.04177,121.58735,6
500111070,20231113,27,18,12,1,25.04177,121.58735,6
500111070,20231113,28,18,12,1,25.04177,121.58735,6
500111070,20231113,29,18,12,1,25.04177,121.58735,6
500111070,20231113,30,18,12,1,25.04177,121.58735,6
500111070,20231113,31,18,12,1,25.04177,121.58735,6
500111070,20231113,32,18,12,1,25.04177,121.58735,6
500111070,20231113,33,18,12,1,25.04177,121.58735,6
500111070,20231113,34,18,12,1,25.04177,121.58735,6
500111070,20231113,35,18,12,1,25.04177,121.58735,6
500111070,20231113,36,18,12,1,25.04177,121.58735,6
500111070,20231113,37,18,12,1,25.04177,121.58735,6
500111070,20231113,38,18,12,1,25.04177,121.58735,6
500111070,20231113,39,18,12,1,25.04177,121.58735,6
500111070,20231113,40,18,12,1,25.04177,121.58735,6
500111070,20231113,41,18,12,1,25.04177,121.58735,6
500111070,20231113,42,18,12,1,25.04177,121.58735,6
500111070,20231113,43,18,12,1,25.04177,121.58735,6
500111070,20231113,44,18,12,1,25.04177,121.58735,6
500111070,20231113,45,18,12,1,25.04177,121.58735,6
500111070,20231113,46,18,12,1,25.04177,121.58735,6
500111070,20231113,47,18,12,1,25.04177,121.58735,6
500111070,20231113,48,18,12,1,25.04177,121.58735,6
500111070,20231113,49,18,12,1,25.04177,121.58735,6
500111070,20231113,50,18,12,1,25.04177,121.58735,6
500111070,20231113,51,18,12,1,25.04177,121.58735,6
500111070,20231113,52,18,12,1,25.04177,121.58735,6
500111070,20231113,53,18,12,1,25.04177,121.58735,6
500111070,20231113,54,18,12,1,25.04177,121.58735,6
500111070,20231113,55,18,12,1,25.04177,121.58735,6
500111070,20231113,56,18,12,1,25.04177,121.58735,6
500111070,20231113,57,18,12,1,25.04177,121.58735,6
500111070,20231113,58,18,12,1,25.04177,121.58735,6
500111070,20231113,59,18,12,1,25.04177,121.58735,6
500111070,20231113,60,18,12,1,25.04177,121.58735,6
500111070,20231113,61,18,12,1,25.04177,121.58735,6
500111070,20231113,62,18,12,1,25.04177,121.58735,6
500111070,20231113,63,18,12,1,25.04177,121.58735,6
500111070,20231113,64,18,12,1,25.04177,121.58735,6
500111070,20231113,65,18,12,1,25.04177,121.58735,6
500111070,20231113,66,18,12,1,25.04177,121.58735,6
500111070,20231113,67,18,12,1,25.04177,121.58735,6
500111070,20231113,68,18,12,1,25.04177,121.58735,6
500111070,20231113,69,18,12,1,25.04177,121.58735,6
500111070,20231113,70,18,12,1,25.04177,121.58735,6
500111070,20231113,71,18,12,1,25.04177,121.58735,6
500111070,20231113,73,18,12,1,25.04177,121.58735,6
500111070,20231113,74,18,12,1,25.04177,121.58735,6
500111070,20231113,75,18,12,1,25.04177,121.58735,6
500111070,20231113,76,18,12,1,25.04177,121.58735,6
500111070,20231113,77,18,12,1,25.04177,121.58735,6
500111070,20231113,78,18,12,1,25.04177,121.58735,6
500111070,20231113,79,18,12,1,25.04177,121.58735,6
500111070,20231113,81,18,12,1,25.04177,121.58735,6
500111070,20231113,82,18,12,1,25.04177,121.58735,6
500111070,20231113,83,18,12,1,25.04177,121.58735,6
500111070,20231113,84,18,12,1,25.04177,121.58735,6
500111070,20231113,85,18,12,1,25.04177,121.58735,6
500111070,20231113,86,18,12,1,25.04177,121.58735,6
500111070,20231113,87,18,12,1,25.04177,121.58735,6
500111070,20231113,88,18,12,1,25.04177,121.58735,6
500111070,20231113,89,18,12,1,25.04177,121.58735,6
500111070,20231113,91,18,12,1,25.04177,121.58735,6
500111070,20231113,92,18,12,1,25.04177,121.58735,6
500111070,20231113,93,18,12,1,25.04177,121.58735,6
500111070,20231113,94,18,12,1,25.04177,121.58735,6
500111070,20231113,95,18,12,1,25.04177,121.58735,6
500111070,20231113,96,18,12,1,25.04177,121.58735,6
500111070,20231113,97,18,12,1,25.04177,121.58735,6
500111070,20231113,98,18,12,1,25.04177,121.58735,6
500111070,20231113,99,18,12,1,25.04177,121.58735,6
500111070,20231113,101,18,12,1,25.04177,121.58735,6
500111070,20231113,102,18,12,1,25.04177,121.58735,6
500111070,20231113,103,18,12,1,25.04177,121.58735,6
500111070,20231113,104,18,12,1,25.04177,121.58735,6
500111070,20231113,105,18,12,1,25.04177,121.58735,6
500111070,20231113,106,18,12,1,25.04177,121.58735,6
500111070,20231113,107,18,12,1,25.04177,121.58735,6
500111070,20231113,108,18,12,1,25.04177,121.58735,6
500111070,20231113,109,18,12,1,25.04177,121.58735,6
500111070,20231113,111,18,12,1,25.04177,121.58735,6
500111070,20231113,112,18,12,1,25.04177,121.58735,6
500111070,20231113,113,18,12,1,25.04177,121.58735,6
500111070,20231113,114,18,12,1,25.04177,121.58735,6
500111070,20231113,115,18,12,1,25.04177,121.58735,6
500111070,20231113,116,18,12,1,25.04177,121.58735,6
500111070,20231113,117,18,12,1,25.04177,121.58735,6
500111070,20231113,118,18,12,1,25.04177,121.58735,6
500111070,20231113,119,18,12,1,25.04177,121.58735,6
500111070,20231113,121,18,12,1,25.04177,121.58735,6
500111070,20231113,122,18,12,1,25.04177,121.58735,6
500111070,20231113,123,18,12,1,25.04177,121.58735,6
500111070,20231113,124,18,11,1,25.04177,121.58735,7
500111070,20231113,125,18,11,1,25.04177,121.58735,7
500111070,20231113,126,18,11,1,25.04177,121.58735,7
500111070,20231113,127,18,11,1,25.04177,121.58735,7
500111070,20231113,128,18,11,1,25.04177,121.58735,7
500111070,20231113,129,18,11,1,25.04177,121.58735,7
500111070,20231113,131,18,11,1,25.04177,121.58735,7
500111070,20231113,132,18,11,1,25.04177,121.58735,7
500111070,20231113,133,18,11,1,25.04177,121.58735,7
500111070,20231113,134,18,11,1,25.04177,121.58735,7
500111070,20231113,135,18,11,1,25.04177,121.58735,7
500111070,20231113,136,18,11,1,25.04177,121.58735,7
500111070,20231113,137,18,11,1,25.04177,121.58735,7
500111070,20231113,138,18,11,1,25.04177,121.58735,7
500111070,20231113,139,18,11,1,25.04177,121.58735,7
500111070,20231113,141,18,11,1,25.04177,121.58735,7
500111070,20231113,142,18,11,1,25.04177,121.58735,7
500111070,20231113,143,18,11,1,25.04177,121.58735,7
500111070,20231113,144,18,11,1,25.04177,121.58735,7
500111070,20231113,145,18,11,1,25.04177,121.58735,7
500111070,20231113,146,18,11,1,25.04177,121.58735,7
500111070,20231113,147,18,11,1,25.04177,121.58735,7
500111070,20231113,148,18,11,1,25.04177,121.58735,7
500111070,20231113,149,18,11,1,25.04177,121.58735,7
500111070,20231113,151,18,11,1,25.04177,121.58735,7
500111070,20231113,152,18,11,1,25.04177,121.58735,7
500111070,20231113,153,18,11,1,25.04177,121.58735,7
500111070,20231113,154,18,11,1,25.04177,121.58735,7
500111070,20231113,155,18,11,1,25.04177,121.58735,7
500111070,20231113,156,18,11,1,25.04177,121.58735,7
500111070,20231113,157,18,11,1,25.04177,121.58735,7
500111070,20231113,158,18,11,1,25.04177,121.58735,7
500111070,20231113,159,18,11,1,25.04177,121.58735,7
500111070,20231113,161,18,11,1,25.04177,121.58735,7
500111070,20231113,162,18,11,1,25.04177,121.58735,7
500111070,20231113,163,18,11,1,25.04177,121.58735,7
500111070,20231113,164,18,11,1,25.04177,121.58735,7
500111070,20231113,165,18,11,1,25.04177,121.58735,7
500111070,20231113,166,18,11,1,25.04177,121.58735,7
500111070,20231113,167,18,11,1,25.04177,121.58735,7
500111070,20231113,168,18,11,1,25.04177,121.58735,7
500111070,20231113,169,18,11,1,25.04177,121.58735,7
500111070,20231113,171,18,11,1,25.04177,121.58735,7
500111070,20231113,172,18,11,1,25.04177,121.58735,7
500111070,20231113,173,18,11,1,25.04177,121.58735,7
500111070,20231113,174,18,11,1,25.04177,121.58735,7
500111070,20231113,175,18,11,1,25.04177,121.58735,7
500111070,20231113,176,18,11,1,25.04177,121.58735,7
500111070,20231113,177,18,11,1,25.04177,121.58735,7
500111070,20231113,178,18,11,1,25.04177,121.58735,7
500111070,20231113,179,18,11,1,25.04177,121.58735,7
500111070,20231113,181,18,11,1,25.04177,121.58735,7
500111070,20231113,182,18,11,1,25.04177,121.58735,7
500111070,20231113,183,18,11,1,25.04177,121.58735,7
500111070,20231113,184,18,11,1,25.04177,121.58735,7
500111070,20231113,185,18,11,1,25.04177,121.58735,7
500111070,20231113,186,18,11,1,25.04177,121.58735,7
500111070,20231113,187,18,11,1,25.04177,121.58735,7
500111070,20231113,188,18,11,1,25.04177,121.58735,7
500111070,20231113,189,18,11,1,25.04177,121.58735,7
500111070,20231113,190,18,11,1,25.04177,121.58735,7
500111070,20231113,191,18,11,1,25.04177,121.58735,7
500111070,20231113,192,18,11,1,25.04177,121.58735,7
500111070,20231113,193,18,11,1,25.04177,121.58735,7
500111070,20231113,194,18,11,1,25.04177,121.58735,7
500111070,20231113,195,18,11,1,25.04177,121.58735,7
500111070,20231113,196,18,11,1,25.04177,121.58735,7
500111070,20231113,197,18,11,1,25.04177,121.58735,7
500111070,20231113,198,18,11,1,25.04177,121.58735,7
500111070,20231113,199,18,11,1,25.04177,121.58735,7
500111070,20231113,201,18,11,1,25.04177,121.58735,7
500111070,20231113,202,18,11,1,25.04177,121.58735,7
500111070,20231113,203,18,11,1,25.04177,121.58735,7
500111070,20231113,204,18,11,1,25.04177,121.58735,7
500111070,20231113,205,18,11,1,25.04177,121.58735,7
500111070,20231113,206,18,11,1,25.04177,121.58735,7
500111070,20231113,207,18,11,1,25.04177,121.58735,7
500111070,20231113,208,18,11,1,25.04177,121.58735,7
500111070,20231113,209,18,11,1,25.04177,121.58735,7
500111070,20231113,210,18,11,1,25.04177,121.58735,7
500111070,20231113,211,18,11,1,25.04177,121.58735,7
500111070,20231113,212,18,11,1,25.04177,121.58735,7
500111070,20231113,213,18,11,1,25.04177,121.58735,7
500111070,20231113,214,18,11,1,25.04177,121.58735,7
500111070,20231113,215,18,11,1,25.04177,121.58735,7
500111070,20231113,216,18,11,1,25.04177,121.58735,7
500111070,20231113,217,18,11,1,25.04177,121.58735,7
500111070,20231113,218,18,11,1,25.04177,121.58735,7
500111070,20231113,219,18,11,1,25.04177,121.58735,7
500111070,20231113,220,18,11,1,25.04177,121.58735,7
500111070,20231113,221,18,11,1,25.04177,121.58735,7
500111070,20231113,222,18,11,1,25.04177,121.58735,7
500111070,20231113,223,18,11,1,25.04177,121.58735,7
500111070,20231113,224,18,11,1,25.04177,121.58735,7
500111070,20231113,225,18,11,1,25.04177,121.58735,7
500111070,20231113,226,18,11,1,25.04177,121.58735,7
500111070,20231113,227,18,11,1,25.04177,121.58735,7
500111070,20231113,228,18,11,1,25.04177,121.58735,7
500111070,20231113,229,18,11,1,25.04177,121.58735,7
500111070,20231113,230,18,11,1,25.04177,121.58735,7
500111070,20231113,231,18,11,1,25.04177,121.58735,7
500111070,20231113,232,18,11,1,25.04177,121.58735,7
500111070,20231113,233,18,11,1,25.04177,121.58735,7
500111070,20231113,234,18,11,1,25.04177,121.58735,7
500111070,20231113,235,18,11,1,25.04177,121.58735,7
500111070,20231113,236,18,11,1,25.04177,121.58735,7
500111070,20231113,237,18,11,1,25.04177,121.58735,7
500111070,20231113,238,18,11,1,25.04177,121.58735,7
500111070,20231113,239,18,11,1,25.04177,121.58735,7
500111070,20231113,240,18,11,1,25.04177,121.58735,7
500111070,20231113,241,18,11,1,25.04177,121.58735,7
500111070,20231113,242,18,11,1,25.04177,121.58735,7
500111070,20231113,243,18,11,1,25.04177,121.58735,7
500111070,20231113,244,18,11,1,25.04177,121.58735,7
500111070,20231113,245,18,11,1,25.04177,121.58735,7
500111070,20231113,246,18,11,1,25.04177,121.58735,7
500111070,20231113,247,18,11,1,25.04177,121.58735,7
500111070,20231113,248,18,11,1,25.04177,121.58735,7
500111070,20231113,249,18,11,1,25.04177,121.58735,7
500111070,20231113,250,18,11,1,25.04177,121.58735,7
500111070,20231113,251,18,11,1,25.04177,121.58735,7
500111070,20231113,252,18,11,1,25.04177,121.58735,7
500111070,20231113,253,18,11,1,25.04177,121.58735,7
500111070,20231113,254,18,11,1,25.04177,121.58735,7
500111070,20231113,255,18,11,1,25.04177,121.58735,7
500111070,20231113,256,18,11,1,25.04177,121.58735,7
500111070,20231113,257,18,11,1,25.04177,121.58735,7
500111070,20231113,258,18,11,1,25.04177,121.58735,7
500111070,20231113,259,18,11,1,25.04177,121.58735,7
500111070,20231113,261,18,11,1,25.04177,121.58735,7
500111070,20231113,262,18,11,1,25.04177,121.58735,7
500111070,20231113,263,18,11,1,25.04177,121.58735,7
500111070,20231113,264,18,11,1,25.04177,121.58735,7
500111070,20231113,265,18,11,1,25.04177,121.58735,7
500111070,20231113,266,18,11,1,25.04177,121.58735,7
500111070,20231113,267,18,11,1,25.04177,121.58735,7
500111070,20231113,268,18,11,1,25.04177,121.58735,7
500111070,20231113,269,18,11,1,25.04177,121.58735,7
500111070,20231113,270,18,11,1,25.04177,121.58735,7
500111070,20231113,271,18,11,1,25.04177,121.58735,7
500111070,20231113,272,18,11,1,25.04177,121.58735,7
500111070,20231113,273,18,11,1,25.04177,121.58735,7
500111070,20231113,274,18,11,1,25.04177,121.58735,7
500111070,20231113,275,18,11,1,25.04177,121.58735,7
500111070,20231113,276,18,11,1,25.04177,121.58735,7
500111070,20231113,277,18,11,1,25.04177,121.58735,7
500111070,20231113,278,18,11,1,25.04177,121.58735,7
500111070,20231113,279,18,11,1,25.04177,121.58735,7
500111070,20231113,280,18,11,1,25.04177,121.58735,7
500111070,20231113,281,18,11,1,25.04177,121.58735,7
500111070,20231113,282,18,11,1,25.04177,121.58735,7
500111070,20231113,283,18,11,1,25.04177,121.58735,7
500111070,20231113,284,18,11,1,25.04177,121.58735,7
500111070,20231113,285,18,11,1,25.04177,121.58735,7
500111070,20231113,286,18,11,1,25.04177,121.58735,7
500111070,20231113,287,18,11,1,25.04177,121.58735,7
500111070,20231113,288,18,11,1,25.04177,121.58735,7
500111070,20231113,289,18,11,1,25.04177,121.58735,7
500111070,20231113,290,18,11,1,25.04177,121.58735,7
500111070,20231113,291,18,11,1,25.04177,121.58735,7
500111070,20231113,292,18,11,1,25.04177,121.58735,7
500111070,20231113,293,18,11,1,25.04177,121.58735,7
500111070,20231113,294,18,11,1,25.04177,121.58735,7
500111070,20231113,295,18,11,1,25.04177,121.58735,7
500111070,20231113,296,18,11,1,25.04177,121.58735,7
500111070,20231113,297,18,11,1,25.04177,121.58735,7
500111070,20231113,298,18,11,1,25.04177,121.58735,7
500111070,20231113,299,18,11,1,25.04177,121.58735,7
500111070,20231113,300,18,11,1,25.04177,121.58735,7
500111070,20231113,301,18,11,1,25.04177,121.58735,7
500111070,20231113,302,18,11,1,25.04177,121.58735,7
500111070,20231113,303,18,11,1,25.04177,121.58735,7
500111070,20231113,304,18,11,1,25.04177,121.58735,7
500111070,20231113,305,18,11,1,25.04177,121.58735,7
500111070,20231113,306,18,11,1,25.04177,121.58735,7
500111070,20231113,307,18,11,1,25.04177,121.58735,7
500111070,20231113,308,18,11,1,25.04177,121.58735,7
500111070,20231113,309,18,11,1,25.04177,121.58735,7
500111070,20231113,310,18,11,1,25.04177,121.58735,7
500111070,20231113,311,18,11,1,25.04177,121.58735,7
500111070,20231113,312,18,11,1,25.04177,121.58735,7
500111070,20231113,313,18,11,1,25.04177,121.58735,7
500111070,20231113,314,18,11,1,25.04177,121.58735,7
500111070,20231113,315,18,11,1,25.04177,121.58735,7
500111070,20231113,316,18,11,1,25.04177,121.58735,7
500111070,20231113,317,18,11,1,25.04177,121.58735,7
500111070,20231113,318,18,11,1,25.04177,121.58735,7
500111070,20231113,319,18,11,1,25.04177,121.58735,7
500111070,20231113,321,18,11,1,25.04177,121.58735,7
500111070,20231113,322,18,11,1,25.04177,121.58735,7
500111070,20231113,323,18,11,1,25.04177,121.58735,7
500111070,20231113,324,18,11,1,25.04177,121.58735,7
500111070,20231113,325,18,11,1,25.04177,121.58735,7
500111070,20231113,326,18,11,1,25.04177,121.58735,7
500111070,20231113,327,18,11,1,25.04177,121.58735,7
500111070,20231113,328,18,11,1,25.04177,121.58735,7
500111070,20231113,329,18,11,1,25.04177,121.58735,7
500111070,20231113,331,18,11,1,25.04177,121.58735,7
500111070,20231113,332,18,11,1,25.04177,121.58735,7
500111070,20231113,333,18,11,1,25.04177,121.58735,7
500111070,20231113,334,18,11,1,25.04177,121.58735,7
500111070,20231113,335,18,11,1,25.04177,121.58735,7
500111070,20231113,336,18,11,1,25.04177,121.58735,7
500111070,20231113,337,18,11,1,25.04177,121.58735,7
500111070,20231113,338,18,11,1,25.04177,121.58735,7
500111070,20231113,339,18,11,1,25.04177,121.58735,7
500111070,20231113,341,18,11,1,25.04177,121.58735,7
500111070,20231113,342,18,11,1,25.04177,121.58735,7
500111070,20231113,343,18,11,1,25.04177,121.58735,7
500111070,20231113,344,18,11,1,25.04177,121.58735,7
500111070,20231113,345,18,11,1,25.04177,121.58735,7
500111070,20231113,346,18,11,1,25.04177,121.58735,7
500111070,20231113,347,18,11,1,25.04177,121.58735,7
500111070,20231113,348,18,11,1,25.04177,121.58735,7
500111070,20231113,349,18,11,1,25.04177,121.58735,7
500111070,20231113,351,18,11,1,25.04177,121.58735,7
500111070,20231113,352,18,11,1,25.04177,121.58735,7
500111070,20231113,353,18,11,1,25.04177,121.58735,7
500111070,20231113,354,18,11,1,25.04177,121.58735,7
500111070,20231113,355,18,11,1,25.04177,121.58735,7
500111070,20231113,356,18,11,1,25.04177,121.58735,7
500111070,20231113,357,18,12,1,25.04177,121.58735,6
500111070,20231113,358,18,12,1,25.04177,121.58735,6
500111070,20231113,359,18,12,1,25.04177,121.58735,6
500111070,20231113,361,18,12,1,25.04177,121.58735,6
500111070,20231113,362,18,12,1,25.04177,121.58735,6
500111070,20231113,363,18,12,1,25.04177,121.58735,6
500111070,20231113,364,18,12,1,25.04177,121.58735,6
500111070,20231113,365,18,12,1,25.04177,121.58735,6
500111070,20231113,366,18,12,1,25.04177,121.58735,6
500111070,20231113,367,18,12,1,25.04177,121.58735,6
500111070,20231113,368,18,12,1,25.04177,121.58735,6
500111070,20231113,369,18,12,1,25.04177,121.58735,6
500111070,20231113,371,18,12,1,25.04177,121.58735,6
500111070,20231113,372,18,12,1,25.04177,121.58735,6
500111070,20231113,373,18,13,1,25.04177,121.58735,5
500111070,20231113,374,18,13,1,25.04177,121.58735,5
500111070,20231113,375,18,13,1,25.04177,121.58735,5
500111070,20231113,376,18,13,1,25.04177,121.58735,5
500111070,20231113,377,18,13,1,25.04177,121.58735,5
500111070,20231113,378,18,13,1,25.04177,121.58735,5
500111070,20231113,379,18,14,1,25.04177,121.58735,4
500111070,20231113,381,18,14,1,25.04177,121.58735,4
500111070,20231113,382,18,14,1,25.04177,121.58735,4
500111070,20231113,383,18,14,1,25.04177,121.58735,4
500111070,20231113,384,18,14,1,25.04177,121.58735,4
500111070,20231113,385,18,14,1,25.04177,121.58735,4
500111070,20231113,386,18,14,1,25.04177,121.58735,4
500111070,20231113,387,18,14,1,25.04177,121.58735,4
500111070,20231113,388,18,14,1,25.04177,121.58735,4
500111070,20231113,389,18,14,1,25.04177,121.58735,4
500111070,20231113,391,18,14,1,25.04177,121.58735,4
500111070,20231113,392,18,14,1,25.04177,121.58735,4
500111070,20231113,393,18,14,1,25.04177,121.58735,4
500111070,20231113,394,18,14,1,25.04177,121.58735,4
500111070,20231113,395,18,14,1,25.04177,121.58735,4
500111070,20231113,396,18,14,1,25.04177,121.58735,4
500111070,20231113,397,18,14,1,25.04177,121.58735,4
500111070,20231113,398,18,14,1,25.04177,121.58735,4
500111070,20231113,399,18,14,1,25.04177,121.58735,4
500111070,20231113,401,18,14,1,25.04177,121.58735,4
500111070,20231113,402,18,14,1,25.04177,121.58735,4
500111070,20231113,403,18,15,1,25.04177,121.58735,3
500111070,20231113,404,18,15,1,25.04177,121.58735,3
500111070,20231113,405,18,15,1,25.04177,121.58735,3
500111070,20231113,406,18,15,1,25.04177,121.58735,3
500111070,20231113,407,18,15,1,25.04177,121.58735,3
500111070,20231113,408,18,15,1,25.04177,121.58735,3
500111070,20231113,409,18,15,1,25.04177,121.58735,3
500111070,20231113,411,18,16,1,25.04177,121.58735,2
500111070,20231113,412,18,17,1,25.04177,121.58735,1
500111070,20231113,413,18,17,1,25.04177,121.58735,1
500111070,20231113,414,18,17,1,25.04177,121.58735,1
500111070,20231113,415,18,17,1,25.04177,121.58735,1
500111070,20231113,416,18,17,1,25.04177,121.58735,1
500111070,20231113,417,18,17,1,25.04177,121.58735,1
500111070,20231113,418,18,17,1,25.04177,121.58735,1
500111070,20231113,419,18,17,1,25.04177,121.58735,1
500111070,20231113,421,18,18,1,25.04177,121.58735,0
500111070,20231113,422,18,18,1,25.04177,121.58735,0
500111070,20231113,423,18,18,1,25.04177,121.58735,0
500111070,20231113,424,18,18,1,25.04177,121.58735,0
500111070,20231113,425,18,18,1,25.04177,121.58735,0
500111070,20231113,426,18,18,1,25.04177,121.58735,0
500111070,20231113,427,18,18,1,25.04177,121.58735,0
500111070,20231113,428,18,18,1,25.04177,121.58735,0
500111070,20231113,429,18,18,1,25.04177,121.58735,0
500111070,20231113,431,18,18,1,25.04177,121.58735,0
500111070,20231113,432,18,18,1,25.04177,121.58735,0
500111070,20231113,433,18,18,1,25.04177,121.58735,0
500111070,20231113,434,18,18,1,25.04177,121.58735,0
500111070,20231113,435,18,18,1,25.04177,121.58735,0
500111070,20231113,436,18,18,1,25.04177,121.58735,0
500111070,20231113,437,18,18,1,25.04177,121.58735,0
500111070,20231113,438,18,18,1,25.04177,121.58735,0
500111070,20231113,439,18,18,1,25.04177,121.58735,0
500111070,20231113,441,18,18,1,25.04177,121.58735,0
500111070,20231113,442,18,18,1,25.04177,121.58735,0
500111070,20231113,443,18,18,1,25.04177,121.58735,0
500111070,20231113,444,18,18,1,25.04177,121.58735,0
500111070,20231113,445,18,18,1,25.04177,121.58735,0
500111070,20231113,446,18,18,1,25.04177,121.58735,0
500111070,20231113,447,18,18,1,25.04177,121.58735,0
500111070,20231113,448,18,18,1,25.04177,121.58735,0
500111070,20231113,449,18,18,1,25.04177,121.58735,0
500111070,20231113,451,18,18,1,25.04177,121.58735,0
500111070,20231113,452,18,18,1,25.04177,121.58735,0
500111070,20231113,453,18,18,1,25.04177,121.58735,0
500111070,20231113,454,18,18,1,25.04177,121.58735,0
500111070,20231113,455,18,18,1,25.04177,121.58735,0
500111070,20231113,456,18,18,1,25.04177,121.58735,0
500111070,20231113,457,18,18,1,25.04177,121.58735,0
500111070,20231113,458,18,18,1,25.04177,121.58735,0
500111070,20231113,459,18,18,1,25.04177,121.58735,0
500111070,20231113,460,18,18,1,25.04177,121.58735,0
500111070,20231113,461,18,18,1,25.04177,121.58735,0
500111070,20231113,462,18,18,1,25.04177,121.58735,0
500111070,20231113,463,18,18,1,25.04177,121.58735,0
500111070,20231113,464,18,18,1,25.04177,121.58735,0
500111070,20231113,465,18,18,1,25.04177,121.58735,0
500111070,20231113,466,18,18,1,25.04177,121.58735,0
500111070,20231113,467,18,18,1,25.04177,121.58735,0
500111070,20231113,468,18,18,1,25.04177,121.58735,0
500111070,20231113,469,18,18,1,25.04177,121.58735,0
500111070,20231113,470,18,18,1,25.04177,121.58735,0
500111070,20231113,471,18,18,1,25.04177,121.58735,0
500111070,20231113,472,18,18,1,25.04177,121.58735,0
500111070,20231113,473,18,18,1,25.04177,121.58735,0
500111070,20231113,474,18,18,1,25.04177,121.58735,0
500111070,20231113,475,18,18,1,25.04177,121.58735,0
500111070,20231113,476,18,18,1,25.04177,121.58735,0
500111070,20231113,477,18,18,1,25.04177,121.58735,0
500111070,20231113,478,18,12,1,25.04177,121.58735,6
500111070,20231113,479,18,9,1,25.04177,121.58735,9
500111070,20231113,481,18,5,1,25.04177,121.58735,13
500111070,20231113,482,18,5,1,25.04177,121.58735,13
500111070,20231113,483,18,6,1,25.04177,121.58735,12
500111070,20231113,484,18,6,1,25.04177,121.58735,12
500111070,20231113,485,18,6,1,25.04177,121.58735,12
500111070,20231113,486,18,6,1,25.04177,121.58735,12
500111070,20231113,487,18,6,1,25.04177,121.58735,12
500111070,20231113,488,18,6,1,25.04177,121.58735,12
500111070,20231113,489,18,6,1,25.04177,121.58735,12
500111070,20231113,490,18,8,1,25.04177,121.58735,10
500111070,20231113,491,18,8,1,25.04177,121.58735,10
500111070,20231113,492,18,8,1,25.04177,121.58735,10
500111070,20231113,493,18,8,1,25.04177,121.58735,10
500111070,20231113,494,18,8,1,25.04177,121.58735,10
500111070,20231113,495,18,8,1,25.04177,121.58735,10
500111070,20231113,496,18,8,1,25.04177,121.58735,10
500111070,20231113,497,18,8,1,25.04177,121.58735,10
500111070,20231113,498,18,9,1,25.04177,121.58735,9
500111070,20231113,499,18,9,1,25.04177,121.58735,9
500111070,20231113,501,18,9,1,25.04177,121.58735,9
500111070,20231113,502,18,9,1,25.04177,121.58735,9
500111070,20231113,503,18,9,1,25.04177,121.58735,9
500111070,20231113,504,18,9,1,25.04177,121.58735,9
500111070,20231113,505,18,9,1,25.04177,121.58735,9
500111070,20231113,506,18,9,1,25.04177,121.58735,9
500111070,20231113,507,18,9,1,25.04177,121.58735,9
500111070,20231113,508,18,9,1,25.04177,121.58735,9
500111070,20231113,509,18,9,1,25.04177,121.58735,9
500111070,20231113,511,18,9,1,25.04177,121.58735,9
500111070,20231113,512,18,9,1,25.04177,121.58735,9
500111070,20231113,513,18,9,1,25.04177,121.58735,9
500111070,20231113,514,18,9,1,25.04177,121.58735,9
500111070,20231113,515,18,9,1,25.04177,121.58735,9
500111070,20231113,516,18,9,1,25.04177,121.58735,9
500111070,20231113,517,18,9,1,25.04177,121.58735,9
500111070,20231113,518,18,9,1,25.04177,121.58735,9
500111070,20231113,519,18,9,1,25.04177,121.58735,9
500111070,20231113,520,18,9,1,25.04177,121.58735,9
500111070,20231113,521,18,9,1,25.04177,121.58735,9
500111070,20231113,522,18,9,1,25.04177,121.58735,9
500111070,20231113,523,18,9,1,25.04177,121.58735,9
500111070,20231113,524,18,9,1,25.04177,121.58735,9
500111070,20231113,525,18,9,1,25.04177,121.58735,9
500111070,20231113,526,18,9,1,25.04177,121.58735,9
500111070,20231113,527,18,9,1,25.04177,121.58735,9
500111070,20231113,528,18,9,1,25.04177,121.58735,9
500111070,20231113,529,18,9,1,25.04177,121.58735,9
500111070,20231113,530,18,9,1,25.04177,121.58735,9
500111070,20231113,531,18,9,1,25.04177,121.58735,9
500111070,20231113,532,18,9,1,25.04177,121.58735,9
500111070,20231113,533,18,9,1,25.04177,121.58735,9
500111070,20231113,534,18,8,1,25.04177,121.58735,10
500111070,20231113,535,18,8,1,25.04177,121.58735,10
500111070,20231113,536,18,8,1,25.04177,121.58735,10
500111070,20231113,537,18,8,1,25.04177,121.58735,10
500111070,20231113,538,18,7,1,25.04177,121.58735,11
500111070,20231113,539,18,7,1,25.04177,121.58735,11
500111070,20231113,541,18,7,1,25.04177,121.58735,11
500111070,20231113,542,18,6,1,25.04177,121.58735,12
500111070,20231113,543,18,6,1,25.04177,121.58735,12
500111070,20231113,544,18,5,1,25.04177,121.58735,13
500111070,20231113,545,18,5,1,25.04177,121.58735,13
500111070,20231113,546,18,5,1,25.04177,121.58735,13
500111070,20231113,547,18,5,1,25.04177,121.58735,13
500111070,20231113,548,18,5,1,25.04177,121.58735,13
500111070,20231113,549,18,5,1,25.04177,121.58735,13
500111070,20231113,550,18,5,1,25.04177,121.58735,13
500111070,20231113,551,18,5,1,25.04177,121.58735,13
500111070,20231113,552,18,5,1,25.04177,121.58735,13
500111070,20231113,553,18,5,1,25.04177,121.58735,13
500111070,20231113,554,18,6,1,25.04177,121.58735,12
500111070,20231113,555,18,6,1,25.04177,121.58735,12
500111070,20231113,556,18,6,1,25.04177,121.58735,12
500111070,20231113,557,18,6,1,25.04177,121.58735,12
500111070,20231113,558,18,6,1,25.04177,121.58735,12
500111070,20231113,559,18,6,1,25.04177,121.58735,12
500111070,20231113,561,18,6,1,25.04177,121.58735,12
500111070,20231113,562,18,7,1,25.04177,121.58735,11
500111070,20231113,563,18,7,1,25.04177,121.58735,11
500111070,20231113,564,18,7,1,25.04177,121.58735,11
500111070,20231113,565,18,7,1,25.04177,121.58735,11
500111070,20231113,566,18,7,1,25.04177,121.58735,11
500111070,20231113,567,18,7,1,25.04177,121.58735,11
500111070,20231113,568,18,7,1,25.04177,121.58735,11
500111070,20231113,569,18,8,1,25.04177,121.58735,10
500111070,20231113,571,18,9,1,25.04177,121.58735,9
500111070,20231113,572,18,9,1,25.04177,121.58735,9
500111070,20231113,573,18,9,1,25.04177,121.58735,9
500111070,20231113,574,18,9,1,25.04177,121.58735,9
500111070,20231113,575,18,9,1,25.04177,121.58735,9
500111070,20231113,576,18,9,1,25.04177,121.58735,9
500111070,20231113,577,18,9,1,25.04177,121.58735,9
500111070,20231113,578,18,9,1,25.04177,121.58735,9
500111070,20231113,579,18,9,1,25.04177,121.58735,9
500111070,20231113,580,18,9,1,25.04177,121.58735,9
500111070,20231113,581,18,9,1,25.04177,121.58735,9
500111070,20231113,582,18,9,1,25.04177,121.58735,9
500111070,20231113,583,18,9,1,25.04177,121.58735,9
500111070,20231113,584,18,10,1,25.04177,121.58735,8
500111070,20231113,585,18,10,1,25.04177,121.58735,8
500111070,20231113,586,18,10,1,25.04177,121.58735,8
500111070,20231113,587,18,10,1,25.04177,121.58735,8
500111070,20231113,589,18,10,1,25.04177,121.58735,8
500111070,20231113,591,18,10,1,25.04177,121.58735,8
500111070,20231113,592,18,10,1,25.04177,121.58735,8
500111070,20231113,593,18,10,1,25.04177,121.58735,8
500111070,20231113,594,18,10,1,25.04177,121.58735,8
500111070,20231113,595,18,10,1,25.04177,121.58735,8
500111070,20231113,596,18,10,1,25.04177,121.58735,8
500111070,20231113,597,18,10,1,25.04177,121.58735,8
500111070,20231113,598,18,10,1,25.04177,121.58735,8
500111070,20231113,599,18,10,1,25.04177,121.58735,8
500111070,20231113,601,18,10,1,25.04177,121.58735,8
500111070,20231113,602,18,10,1,25.04177,121.58735,8
500111070,20231113,603,18,10,1,25.04177,121.58735,8
500111070,20231113,604,18,10,1,25.04177,121.58735,8
500111070,20231113,605,18,10,1,25.04177,121.58735,8
500111070,20231113,606,18,10,1,25.04177,121.58735,8
500111070,20231113,607,18,11,1,25.04177,121.58735,7
500111070,20231113,608,18,11,1,25.04177,121.58735,7
500111070,20231113,609,18,11,1,25.04177,121.58735,7
500111070,20231113,611,18,11,1,25.04177,121.58735,7
500111070,20231113,612,18,11,1,25.04177,121.58735,7
500111070,20231113,613,18,11,1,25.04177,121.58735,7
500111070,20231113,614,18,11,1,25.04177,121.58735,7
500111070,20231113,615,18,11,1,25.04177,121.58735,7
500111070,20231113,616,18,11,1,25.04177,121.58735,7
500111070,20231113,617,18,11,1,25.04177,121.58735,7
500111070,20231113,618,18,11,1,25.04177,121.58735,7
500111070,20231113,619,18,11,1,25.04177,121.58735,7
500111070,20231113,621,18,11,1,25.04177,121.58735,7
500111070,20231113,622,18,11,1,25.04177,121.58735,7
500111070,20231113,623,18,11,1,25.04177,121.58735,7
500111070,20231113,624,18,11,1,25.04177,121.58735,7
500111070,20231113,625,18,10,1,25.04177,121.58735,8
500111070,20231113,627,18,11,1,25.04177,121.58735,7
500111070,20231113,628,18,12,1,25.04177,121.58735,6
500111070,20231113,629,18,12,1,25.04177,121.58735,6
500111070,20231113,631,18,12,1,25.04177,121.58735,6
500111070,20231113,632,18,12,1,25.04177,121.58735,6
500111070,20231113,633,18,12,1,25.04177,121.58735,6
500111070,20231113,634,18,12,1,25.04177,121.58735,6
500111070,20231113,635,18,12,1,25.04177,121.58735,6
500111070,20231113,636,18,12,1,25.04177,121.58735,6
500111070,20231113,637,18,12,1,25.04177,121.58735,6
500111070,20231113,638,18,12,1,25.04177,121.58735,6
500111070,20231113,639,18,12,1,25.04177,121.58735,6
500111070,20231113,641,18,13,1,25.04177,121.58735,5
500111070,20231113,642,18,13,1,25.04177,121.58735,5
500111070,20231113,643,18,13,1,25.04177,121.58735,5
500111070,20231113,644,18,13,1,25.04177,121.58735,5
500111070,20231113,645,18,13,1,25.04177,121.58735,5
500111070,20231113,646,18,13,1,25.04177,121.58735,5
500111070,20231113,647,18,13,1,25.04177,121.58735,5
500111070,20231113,648,18,13,1,25.04177,121.58735,5
500111070,20231113,649,18,13,1,25.04177,121.58735,5
500111070,20231113,651,18,13,1,25.04177,121.58735,5
500111070,20231113,652,18,13,1,25.04177,121.58735,5
500111070,20231113,653,18,13,1,25.04177,121.58735,5
500111070,20231113,654,18,13,1,25.04177,121.58735,5
500111070,20231113,655,18,13,1,25.04177,121.58735,5
500111070,20231113,656,18,13,1,25.04177,121.58735,5
500111070,20231113,657,18,14,1,25.04177,121.58735,4
500111070,20231113,658,18,14,1,25.04177,121.58735,4
500111070,20231113,659,18,14,1,25.04177,121.58735,4
500111070,20231113,661,18,14,1,25.04177,121.58735,4
500111070,20231113,662,18,14,1,25.04177,121.58735,4
500111070,20231113,663,18,14,1,25.04177,121.58735,4
500111070,20231113,664,18,14,1,25.04177,121.58735,4
500111070,20231113,665,18,14,1,25.04177,121.58735,4
500111070,20231113,666,18,14,1,25.04177,121.58735,4
500111070,20231113,667,18,14,1,25.04177,121.58735,4
500111070,20231113,668,18,14,1,25.04177,121.58735,4
500111070,20231113,669,18,14,1,25.04177,121.58735,4
500111070,20231113,671,18,14,1,25.04177,121.58735,4
500111070,20231113,672,18,14,1,25.04177,121.58735,4
500111070,20231113,673,18,14,1,25.04177,121.58735,4
500111070,20231113,674,18,14,1,25.04177,121.58735,4
500111070,20231113,675,18,14,1,25.04177,121.58735,4
500111070,20231113,676,18,14,1,25.04177,121.58735,4
500111070,20231113,677,18,14,1,25.04177,121.58735,4
500111070,20231113,678,18,14,1,25.04177,121.58735,4
500111070,20231113,679,18,14,1,25.04177,121.58735,4
500111070,20231113,681,18,14,1,25.04177,121.58735,4
500111070,20231113,682,18,14,1,25.04177,121.58735,4
500111070,20231113,683,18,14,1,25.04177,121.58735,4
500111070,20231113,684,18,14,1,25.04177,121.58735,4
500111070,20231113,685,18,14,1,25.04177,121.58735,4
500111070,20231113,686,18,14,1,25.04177,121.58735,4
500111070,20231113,687,18,14,1,25.04177,121.58735,4
500111070,20231113,688,18,14,1,25.04177,121.58735,4
500111070,20231113,689,18,14,1,25.04177,121.58735,4
500111070,20231113,691,18,14,1,25.04177,121.58735,4
500111070,20231113,692,18,14,1,25.04177,121.58735,4
500111070,20231113,693,18,14,1,25.04177,121.58735,4
500111070,20231113,694,18,14,1,25.04177,121.58735,4
500111070,20231113,695,18,14,1,25.04177,121.58735,4
500111070,20231113,696,18,14,1,25.04177,121.58735,4
500111070,20231113,697,18,14,1,25.04177,121.58735,4
500111070,20231113,698,18,14,1,25.04177,121.58735,4
500111070,20231113,699,18,14,1,25.04177,121.58735,4
500111070,20231113,700,18,14,1,25.04177,121.58735,4
500111070,20231113,701,18,14,1,25.04177,121.58735,4
500111070,20231113,702,18,14,1,25.04177,121.58735,4
500111070,20231113,703,18,14,1,25.04177,121.58735,4
500111070,20231113,704,18,14,1,25.04177,121.58735,4
500111070,20231113,705,18,14,1,25.04177,121.58735,4
500111070,20231113,706,18,14,1,25.04177,121.58735,4
500111070,20231113,707,18,14,1,25.04177,121.58735,4
500111070,20231113,708,18,14,1,25.04177,121.58735,4
500111070,20231113,709,18,14,1,25.04177,121.58735,4
500111070,20231113,710,18,14,1,25.04177,121.58735,4
500111070,20231113,711,18,14,1,25.04177,121.58735,4
500111070,20231113,712,18,15,1,25.04177,121.58735,3
500111070,20231113,713,18,15,1,25.04177,121.58735,3
500111070,20231113,714,18,15,1,25.04177,121.58735,3
500111070,20231113,715,18,15,1,25.04177,121.58735,3
500111070,20231113,716,18,14,1,25.04177,121.58735,4
500111070,20231113,717,18,14,1,25.04177,121.58735,4
500111070,20231113,718,18,13,1,25.04177,121.58735,5
500111070,20231113,719,18,13,1,25.04177,121.58735,5
500111070,20231113,721,18,13,1,25.04177,121.58735,5
500111070,20231113,722,18,13,1,25.04177,121.58735,5
500111070,20231113,723,18,13,1,25.04177,121.58735,5
500111070,20231113,724,18,13,1,25.04177,121.58735,5
500111070,20231113,725,18,13,1,25.04177,121.58735,5
500111070,20231113,726,18,13,1,25.04177,121.58735,5
500111070,20231113,727,18,13,1,25.04177,121.58735,5
500111070,20231113,728,18,13,1,25.04177,121.58735,5
500111070,20231113,729,18,13,1,25.04177,121.58735,5
500111070,20231113,730,18,13,1,25.04177,121.58735,5
500111070,20231113,731,18,13,1,25.04177,121.58735,5
500111070,20231113,732,18,13,1,25.04177,121.58735,5
500111070,20231113,733,18,14,1,25.04177,121.58735,4
500111070,20231113,734,18,14,1,25.04177,121.58735,4
500111070,20231113,735,18,14,1,25.04177,121.58735,4
500111070,20231113,736,18,14,1,25.04177,121.58735,4
500111070,20231113,737,18,14,1,25.04177,121.58735,4
500111070,20231113,738,18,14,1,25.04177,121.58735,4
500111070,20231113,739,18,14,1,25.04177,121.58735,4
500111070,20231113,741,18,14,1,25.04177,121.58735,4
500111070,20231113,742,18,14,1,25.04177,121.58735,4
500111070,20231113,743,18,14,1,25.04177,121.58735,4
500111070,20231113,744,18,15,1,25.04177,121.58735,3
500111070,20231113,745,18,15,1,25.04177,121.58735,3
500111070,20231113,746,18,15,1,25.04177,121.58735,3
500111070,20231113,747,18,15,1,25.04177,121.58735,3
500111070,20231113,748,18,15,1,25.04177,121.58735,3
500111070,20231113,749,18,15,1,25.04177,121.58735,3
500111070,20231113,751,18,15,1,25.04177,121.58735,3
500111070,20231113,752,18,15,1,25.04177,121.58735,3
500111070,20231113,753,18,15,1,25.04177,121.58735,3
500111070,20231113,754,18,15,1,25.04177,121.58735,3
500111070,20231113,755,18,15,1,25.04177,121.58735,3
500111070,20231113,756,18,15,1,25.04177,121.58735,3
500111070,20231113,757,18,15,1,25.04177,121.58735,3
500111070,20231113,758,18,15,1,25.04177,121.58735,3
500111070,20231113,759,18,14,1,25.04177,121.58735,4
500111070,20231113,760,18,14,1,25.04177,121.58735,4
500111070,20231113,761,18,14,1,25.04177,121.58735,4
500111070,20231113,762,18,14,1,25.04177,121.58735,4
500111070,20231113,763,18,14,1,25.04177,121.58735,4
500111070,20231113,764,18,14,1,25.04177,121.58735,4
500111070,20231113,765,18,14,1,25.04177,121.58735,4
500111070,20231113,766,18,14,1,25.04177,121.58735,4
500111070,20231113,767,18,14,1,25.04177,121.58735,4
500111070,20231113,768,18,14,1,25.04177,121.58735,4
500111070,20231113,769,18,14,1,25.04177,121.58735,4
500111070,20231113,770,18,14,1,25.04177,121.58735,4
500111070,20231113,771,18,14,1,25.04177,121.58735,4
500111070,20231113,772,18,14,1,25.04177,121.58735,4
500111070,20231113,773,18,14,1,25.04177,121.58735,4
500111070,20231113,774,18,14,1,25.04177,121.58735,4
500111070,20231113,775,18,14,1,25.04177,121.58735,4
500111070,20231113,776,18,14,1,25.04177,121.58735,4
500111070,20231113,777,18,14,1,25.04177,121.58735,4
500111070,20231113,778,18,14,1,25.04177,121.58735,4
500111070,20231113,779,18,14,1,25.04177,121.58735,4
500111070,20231113,781,18,14,1,25.04177,121.58735,4
500111070,20231113,782,18,14,1,25.04177,121.58735,4
500111070,20231113,783,18,14,1,25.04177,121.58735,4
500111070,20231113,784,18,14,1,25.04177,121.58735,4
500111070,20231113,785,18,14,1,25.04177,121.58735,4
500111070,20231113,786,18,14,1,25.04177,121.58735,4
500111070,20231113,787,18,14,1,25.04177,121.58735,4
500111070,20231113,788,18,14,1,25.04177,121.58735,4
500111070,20231113,789,18,13,1,25.04177,121.58735,5
500111070,20231113,790,18,13,1,25.04177,121.58735,5
500111070,20231113,791,18,13,1,25.04177,121.58735,5
500111070,20231113,792,18,13,1,25.04177,121.58735,5
500111070,20231113,793,18,13,1,25.04177,121.58735,5
500111070,20231113,794,18,14,1,25.04177,121.58735,4
500111070,20231113,795,18,14,1,25.04177,121.58735,4
500111070,20231113,796,18,14,1,25.04177,121.58735,4
500111070,20231113,797,18,14,1,25.04177,121.58735,4
500111070,20231113,798,18,14,1,25.04177,121.58735,4
500111070,20231113,799,18,14,1,25.04177,121.58735,4
500111070,20231113,801,18,14,1,25.04177,121.58735,4
500111070,20231113,802,18,14,1,25.04177,121.58735,4
500111070,20231113,803,18,14,1,25.04177,121.58735,4
500111070,20231113,804,18,14,1,25.04177,121.58735,4
500111070,20231113,805,18,14,1,25.04177,121.58735,4
500111070,20231113,806,18,13,1,25.04177,121.58735,5
500111070,20231113,807,18,13,1,25.04177,121.58735,5
500111070,20231113,808,18,13,1,25.04177,121.58735,5
500111070,20231113,809,18,13,1,25.04177,121.58735,5
500111070,20231113,810,18,13,1,25.04177,121.58735,5
500111070,20231113,811,18,13,1,25.04177,121.58735,5
500111070,20231113,812,18,13,1,25.04177,121.58735,5
500111070,20231113,813,18,13,1,25.04177,121.58735,5
500111070,20231113,814,18,13,1,25.04177,121.58735,5
500111070,20231113,815,18,13,1,25.04177,121.58735,5
500111070,20231113,816,18,13,1,25.04177,121.58735,5
500111070,20231113,817,18,13,1,25.04177,121.58735,5
500111070,20231113,818,18,13,1,25.04177,121.58735,5
500111070,20231113,819,18,13,1,25.04177,121.58735,5
500111070,20231113,820,18,13,1,25.04177,121.58735,5
500111070,20231113,821,18,13,1,25.04177,121.58735,5
500111070,20231113,822,18,12,1,25.04177,121.58735,6
500111070,20231113,823,18,12,1,25.04177,121.58735,6
500111070,20231113,824,18,12,1,25.04177,121.58735,6
500111070,20231113,825,18,12,1,25.04177,121.58735,6
500111070,20231113,826,18,12,1,25.04177,121.58735,6
500111070,20231113,827,18,12,1,25.04177,121.58735,6
500111070,20231113,828,18,12,1,25.04177,121.58735,6
500111070,20231113,829,18,12,1,25.04177,121.58735,6
500111070,20231113,830,18,12,1,25.04177,121.58735,6
500111070,20231113,831,18,12,1,25.04177,121.58735,6
500111070,20231113,832,18,13,1,25.04177,121.58735,5
500111070,20231113,833,18,13,1,25.04177,121.58735,5
500111070,20231113,834,18,13,1,25.04177,121.58735,5
500111070,20231113,835,18,13,1,25.04177,121.58735,5
500111070,20231113,836,18,13,1,25.04177,121.58735,5
500111070,20231113,837,18,13,1,25.04177,121.58735,5
500111070,20231113,838,18,13,1,25.04177,121.58735,5
500111070,20231113,839,18,13,1,25.04177,121.58735,5
500111070,20231113,841,18,14,1,25.04177,121.58735,4
500111070,20231113,842,18,14,1,25.04177,121.58735,4
500111070,20231113,843,18,14,1,25.04177,121.58735,4
500111070,20231113,844,18,14,1,25.04177,121.58735,4
500111070,20231113,845,18,13,1,25.04177,121.58735,5
500111070,20231113,846,18,13,1,25.04177,121.58735,5
500111070,20231113,847,18,13,1,25.04177,121.58735,5
500111070,20231113,848,18,13,1,25.04177,121.58735,5
500111070,20231113,849,18,13,1,25.04177,121.58735,5
500111070,20231113,850,18,13,1,25.04177,121.58735,5
500111070,20231113,851,18,13,1,25.04177,121.58735,5
500111070,20231113,853,18,13,1,25.04177,121.58735,5
500111070,20231113,854,18,13,1,25.04177,121.58735,5
500111070,20231113,855,18,13,1,25.04177,121.58735,5
500111070,20231113,856,18,13,1,25.04177,121.58735,5
500111070,20231113,857,18,13,1,25.04177,121.58735,5
500111070,20231113,858,18,13,1,25.04177,121.58735,5
500111070,20231113,859,18,13,1,25.04177,121.58735,5
500111070,20231113,861,18,13,1,25.04177,121.58735,5
500111070,20231113,862,18,13,1,25.04177,121.58735,5
500111070,20231113,863,18,13,1,25.04177,121.58735,5
500111070,20231113,864,18,13,1,25.04177,121.58735,5
500111070,20231113,865,18,13,1,25.04177,121.58735,5
500111070,20231113,866,18,13,1,25.04177,121.58735,5
500111070,20231113,867,18,13,1,25.04177,121.58735,5
500111070,20231113,868,18,13,1,25.04177,121.58735,5
500111070,20231113,869,18,13,1,25.04177,121.58735,5
500111070,20231113,871,18,13,1,25.04177,121.58735,5
500111070,20231113,872,18,13,1,25.04177,121.58735,5
500111070,20231113,873,18,13,1,25.04177,121.58735,5
500111070,20231113,874,18,13,1,25.04177,121.58735,5
500111070,20231113,875,18,13,1,25.04177,121.58735,5
500111070,20231113,876,18,13,1,25.04177,121.58735,5
500111070,20231113,877,18,13,1,25.04177,121.58735,5
500111070,20231113,878,18,13,1,25.04177,121.58735,5
500111070,20231113,879,18,13,1,25.04177,121.58735,5
500111070,20231113,881,18,12,1,25.04177,121.58735,6
500111070,20231113,882,18,12,1,25.04177,121.58735,6
500111070,20231113,883,18,12,1,25.04177,121.58735,6
500111070,20231113,884,18,12,1,25.04177,121.58735,6
500111070,20231113,885,18,12,1,25.04177,121.58735,6
500111070,20231113,886,18,12,1,25.04177,121.58735,6
500111070,20231113,887,18,12,1,25.04177,121.58735,6
500111070,20231113,888,18,12,1,25.04177,121.58735,6
500111070,20231113,889,18,12,1,25.04177,121.58735,6
500111070,20231113,891,18,12,1,25.04177,121.58735,6
500111070,20231113,892,18,12,1,25.04177,121.58735,6
500111070,20231113,893,18,12,1,25.04177,121.58735,6
500111070,20231113,894,18,12,1,25.04177,121.58735,6
500111070,20231113,895,18,12,1,25.04177,121.58735,6
500111070,20231113,896,18,12,1,25.04177,121.58735,6
500111070,20231113,897,18,12,1,25.04177,121.58735,6
500111070,20231113,898,18,12,1,25.04177,121.58735,6
500111070,20231113,899,18,12,1,25.04177,121.58735,6
500111070,20231113,901,18,12,1,25.04177,121.58735,6
500111070,20231113,902,18,12,1,25.04177,121.58735,6
500111070,20231113,903,18,12,1,25.04177,121.58735,6
500111070,20231113,904,18,12,1,25.04177,121.58735,6
500111070,20231113,905,18,11,1,25.04177,121.58735,7
500111070,20231113,906,18,11,1,25.04177,121.58735,7
500111070,20231113,907,18,11,1,25.04177,121.58735,7
500111070,20231113,908,18,11,1,25.04177,121.58735,7
500111070,20231113,909,18,11,1,25.04177,121.58735,7
500111070,20231113,911,18,11,1,25.04177,121.58735,7
500111070,20231113,912,18,11,1,25.04177,121.58735,7
500111070,20231113,913,18,11,1,25.04177,121.58735,7
500111070,20231113,914,18,11,1,25.04177,121.58735,7
500111070,20231113,915,18,11,1,25.04177,121.58735,7
500111070,20231113,916,18,11,1,25.04177,121.58735,7
500111070,20231113,917,18,11,1,25.04177,121.58735,7
500111070,20231113,918,18,12,1,25.04177,121.58735,6
500111070,20231113,919,18,12,1,25.04177,121.58735,6
500111070,20231113,921,18,12,1,25.04177,121.58735,6
500111070,20231113,922,18,12,1,25.04177,121.58735,6
500111070,20231113,923,18,12,1,25.04177,121.58735,6
500111070,20231113,924,18,12,1,25.04177,121.58735,6
500111070,20231113,925,18,12,1,25.04177,121.58735,6
500111070,20231113,926,18,12,1,25.04177,121.58735,6
500111070,20231113,927,18,12,1,25.04177,121.58735,6
500111070,20231113,928,18,12,1,25.04177,121.58735,6
500111070,20231113,929,18,12,1,25.04177,121.58735,6
500111070,20231113,931,18,10,1,25.04177,121.58735,8
500111070,20231113,932,18,10,1,25.04177,121.58735,8
500111070,20231113,933,18,10,1,25.04177,121.58735,8
500111070,20231113,934,18,10,1,25.04177,121.58735,8
500111070,20231113,935,18,10,1,25.04177,121.58735,8
500111070,20231113,936,18,10,1,25.04177,121.58735,8
500111070,20231113,937,18,10,1,25.04177,121.58735,8
500111070,20231113,938,18,10,1,25.04177,121.58735,8
500111070,20231113,939,18,10,1,25.04177,121.58735,8
500111070,20231113,941,18,10,1,25.04177,121.58735,8
500111070,20231113,942,18,10,1,25.04177,121.58735,8
500111070,20231113,943,18,10,1,25.04177,121.58735,8
500111070,20231113,944,18,10,1,25.04177,121.58735,8
500111070,20231113,945,18,10,1,25.04177,121.58735,8
500111070,20231113,946,18,10,1,25.04177,121.58735,8
500111070,20231113,947,18,10,1,25.04177,121.58735,8
500111070,20231113,948,18,10,1,25.04177,121.58735,8
500111070,20231113,949,18,10,1,25.04177,121.58735,8
500111070,20231113,951,18,10,1,25.04177,121.58735,8
500111070,20231113,952,18,10,1,25.04177,121.58735,8
500111070,20231113,953,18,10,1,25.04177,121.58735,8
500111070,20231113,954,18,10,1,25.04177,121.58735,8
500111070,20231113,955,18,10,1,25.04177,121.58735,8
500111070,20231113,956,18,10,1,25.04177,121.58735,8
500111070,20231113,957,18,10,1,25.04177,121.58735,8
500111070,20231113,958,18,12,1,25.04177,121.58735,6
500111070,20231113,959,18,12,1,25.04177,121.58735,6
500111070,20231113,961,18,13,1,25.04177,121.58735,5
500111070,20231113,962,18,14,1,25.04177,121.58735,4
500111070,20231113,963,18,14,1,25.04177,121.58735,4
500111070,20231113,964,18,14,1,25.04177,121.58735,4
500111070,20231113,965,18,14,1,25.04177,121.58735,4
500111070,20231113,966,18,13,1,25.04177,121.58735,5
500111070,20231113,967,18,13,1,25.04177,121.58735,5
500111070,20231113,968,18,13,1,25.04177,121.58735,5
500111070,20231113,969,18,13,1,25.04177,121.58735,5
500111070,20231113,970,18,12,1,25.04177,121.58735,6
500111070,20231113,971,18,12,1,25.04177,121.58735,6
500111070,20231113,972,18,12,1,25.04177,121.58735,6
500111070,20231113,973,18,12,1,25.04177,121.58735,6
500111070,20231113,974,18,12,1,25.04177,121.58735,6
500111070,20231113,975,18,12,1,25.04177,121.58735,6
500111070,20231113,976,18,13,1,25.04177,121.58735,5
500111070,20231113,977,18,13,1,25.04177,121.58735,5
500111070,20231113,978,18,13,1,25.04177,121.58735,5
500111070,20231113,979,18,13,1,25.04177,121.58735,5
500111070,20231113,981,18,13,1,25.04177,121.58735,5
500111070,20231113,982,18,13,1,25.04177,121.58735,5
500111070,20231113,983,18,13,1,25.04177,121.58735,5
500111070,20231113,984,18,13,1,25.04177,121.58735,5
500111070,20231113,985,18,13,1,25.04177,121.58735,5
500111070,20231113,986,18,14,1,25.04177,121.58735,4
500111070,20231113,987,18,14,1,25.04177,121.58735,4
500111070,20231113,988,18,14,1,25.04177,121.58735,4
500111070,20231113,989,18,14,1,25.04177,121.58735,4
500111070,20231113,991,18,14,1,25.04177,121.58735,4
500111070,20231113,992,18,14,1,25.04177,121.58735,4
500111070,20231113,993,18,14,1,25.04177,121.58735,4
500111070,20231113,994,18,14,1,25.04177,121.58735,4
500111070,20231113,995,18,13,1,25.04177,121.58735,5
500111070,20231113,996,18,13,1,25.04177,121.58735,5
500111070,20231113,997,18,12,1,25.04177,121.58735,6
500111070,20231113,998,18,12,1,25.04177,121.58735,6
500111070,20231113,999,18,12,1,25.04177,121.58735,6
500111070,20231113,1000,18,11,1,25.04177,121.58735,7
500111070,20231113,1001,18,11,1,25.04177,121.58735,7
500111070,20231113,1002,18,11,1,25.04177,121.58735,7
500111070,20231113,1003,18,11,1,25.04177,121.58735,7
500111070,20231113,1004,18,10,1,25.04177,121.58735,8
500111070,20231113,1005,18,11,1,25.04177,121.58735,7
500111070,20231113,1006,18,12,1,25.04177,121.58735,6
500111070,20231113,1007,18,12,1,25.04177,121.58735,6
500111070,20231113,1008,18,12,1,25.04177,121.58735,6
500111070,20231113,1009,18,12,1,25.04177,121.58735,6
500111070,20231113,1010,18,12,1,25.04177,121.58735,6
500111070,20231113,1011,18,12,1,25.04177,121.58735,6
500111070,20231113,1012,18,12,1,25.04177,121.58735,6
500111070,20231113,1013,18,12,1,25.04177,121.58735,6
500111070,20231113,1014,18,12,1,25.04177,121.58735,6
500111070,20231113,1015,18,12,1,25.04177,121.58735,6
500111070,20231113,1016,18,11,1,25.04177,121.58735,7
500111070,20231113,1017,18,11,1,25.04177,121.58735,7
500111070,20231113,1018,18,11,1,25.04177,121.58735,7
500111070,20231113,1019,18,11,1,25.04177,121.58735,7
500111070,20231113,1021,18,11,1,25.04177,121.58735,7
500111070,20231113,1022,18,11,1,25.04177,121.58735,7
500111070,20231113,1023,18,11,1,25.04177,121.58735,7
500111070,20231113,1024,18,12,1,25.04177,121.58735,6
500111070,20231113,1025,18,12,1,25.04177,121.58735,6
500111070,20231113,1026,18,14,1,25.04177,121.58735,4
500111070,20231113,1027,18,16,1,25.04177,121.58735,2
500111070,20231113,1028,18,16,1,25.04177,121.58735,2
500111070,20231113,1029,18,16,1,25.04177,121.58735,2
500111070,20231113,1030,18,17,1,25.04177,121.58735,1
500111070,20231113,1031,18,17,1,25.04177,121.58735,1
500111070,20231113,1032,18,16,1,25.04177,121.58735,2
500111070,20231113,1033,18,16,1,25.04177,121.58735,2
500111070,20231113,1034,18,15,1,25.04177,121.58735,3
500111070,20231113,1035,18,15,1,25.04177,121.58735,3
500111070,20231113,1036,18,15,1,25.04177,121.58735,3
500111070,20231113,1037,18,15,1,25.04177,121.58735,3
500111070,20231113,1038,18,14,1,25.04177,121.58735,4
500111070,20231113,1039,18,14,1,25.04177,121.58735,4
500111070,20231113,1041,18,14,1,25.04177,121.58735,4
500111070,20231113,1042,18,13,1,25.04177,121.58735,5
500111070,20231113,1043,18,13,1,25.04177,121.58735,5
500111070,20231113,1044,18,12,1,25.04177,121.58735,6
500111070,20231113,1045,18,12,1,25.04177,121.58735,6
500111070,20231113,1046,18,12,1,25.04177,121.58735,6
500111070,20231113,1047,18,12,1,25.04177,121.58735,6
500111070,20231113,1048,18,12,1,25.04177,121.58735,6
500111070,20231113,1049,18,12,1,25.04177,121.58735,6
500111070,20231113,1051,18,12,1,25.04177,121.58735,6
500111070,20231113,1052,18,12,1,25.04177,121.58735,6
500111070,20231113,1053,18,12,1,25.04177,121.58735,6
500111070,20231113,1054,18,11,1,25.04177,121.58735,7
500111070,20231113,1055,18,9,1,25.04177,121.58735,9
500111070,20231113,1056,18,9,1,25.04177,121.58735,9
500111070,20231113,1057,18,9,1,25.04177,121.58735,9
500111070,20231113,1058,18,9,1,25.04177,121.58735,9
500111070,20231113,1059,18,9,1,25.04177,121.58735,9
500111070,20231113,1060,18,9,1,25.04177,121.58735,9
500111070,20231113,1061,18,9,1,25.04177,121.58735,9
500111070,20231113,1062,18,9,1,25.04177,121.58735,9
500111070,20231113,1063,18,9,1,25.04177,121.58735,9
500111070,20231113,1064,18,9,1,25.04177,121.58735,9
500111070,20231113,1065,18,8,1,25.04177,121.58735,10
500111070,20231113,1066,18,9,1,25.04177,121.58735,9
500111070,20231113,1067,18,9,1,25.04177,121.58735,9
500111070,20231113,1068,18,9,1,25.04177,121.58735,9
500111070,20231113,1069,18,9,1,25.04177,121.58735,9
500111070,20231113,1070,18,9,1,25.04177,121.58735,9
500111070,20231113,1071,18,8,1,25.04177,121.58735,10
500111070,20231113,1072,18,8,1,25.04177,121.58735,10
500111070,20231113,1073,18,7,1,25.04177,121.58735,11
500111070,20231113,1074,18,7,1,25.04177,121.58735,11
500111070,20231113,1075,18,7,1,25.04177,121.58735,11
500111070,20231113,1076,18,5,1,25.04177,121.58735,13
500111070,20231113,1077,18,5,1,25.04177,121.58735,13
500111070,20231113,1078,18,5,1,25.04177,121.58735,13
500111070,20231113,1079,18,4,1,25.04177,121.58735,14
500111070,20231113,1081,18,4,1,25.04177,121.58735,14
500111070,20231113,1082,18,1,1,25.04177,121.58735,17
500111070,20231113,1083,18,1,1,25.04177,121.58735,17
500111070,20231113,1084,18,1,1,25.04177,121.58735,17
500111070,20231113,1085,18,1,1,25.04177,121.58735,17
500111070,20231113,1086,18,1,1,25.04177,121.58735,17
500111070,20231113,1087,18,1,1,25.04177,121.58735,17
500111070,20231113,1088,18,2,1,25.04177,121.58735,16
500111070,20231113,1089,18,2,1,25.04177,121.58735,16
500111070,20231113,1090,18,2,1,25.04177,121.58735,16
500111070,20231113,1091,18,2,1,25.04177,121.58735,16
500111070,20231113,1092,18,1,1,25.04177,121.58735,17
500111070,20231113,1093,18,1,1,25.04177,121.58735,17
500111070,20231113,1094,18,1,1,25.04177,121.58735,17
500111070,20231113,1095,18,1,1,25.04177,121.58735,17
500111070,20231113,1096,18,2,1,25.04177,121.58735,16
500111070,20231113,1097,18,1,1,25.04177,121.58735,17
500111070,20231113,1098,18,1,1,25.04177,121.58735,17
500111070,20231113,1099,18,1,1,25.04177,121.58735,17
500111070,20231113,1101,18,1,1,25.04177,121.58735,17
500111070,20231113,1102,18,1,1,25.04177,121.58735,17
500111070,20231113,1103,18,1,1,25.04177,121.58735,17
500111070,20231113,1104,18,1,1,25.04177,121.58735,17
500111070,20231113,1105,18,2,1,25.04177,121.58735,16
500111070,20231113,1106,18,2,1,25.04177,121.58735,16
500111070,20231113,1107,18,2,1,25.04177,121.58735,16
500111070,20231113,1108,18,1,1,25.04177,121.58735,17
500111070,20231113,1109,18,3,1,25.04177,121.58735,15
500111070,20231113,1111,18,4,1,25.04177,121.58735,14
500111070,20231113,1112,18,8,1,25.04177,121.58735,10
500111070,20231113,1113,18,11,1,25.04177,121.58735,7
500111070,20231113,1114,18,11,1,25.04177,121.58735,7
500111070,20231113,1115,18,12,1,25.04177,121.58735,6
500111070,20231113,1116,18,14,1,25.04177,121.58735,4
500111070,20231113,1117,18,14,1,25.04177,121.58735,4
500111070,20231113,1118,18,16,1,25.04177,121.58735,2
500111070,20231113,1119,18,15,1,25.04177,121.58735,3
500111070,20231113,1121,18,16,1,25.04177,121.58735,2
500111070,20231113,1123,18,15,1,25.04177,121.58735,3
500111070,20231113,1124,18,16,1,25.04177,121.58735,2
500111070,20231113,1125,18,17,1,25.04177,121.58735,1
500111070,20231113,1126,18,16,1,25.04177,121.58735,2
500111070,20231113,1127,18,16,1,25.04177,121.58735,2
500111070,20231113,1128,18,17,1,25.04177,121.58735,1
500111070,20231113,1129,18,17,1,25.04177,121.58735,1
500111070,20231113,1131,18,16,1,25.04177,121.58735,2
500111070,20231113,1132,18,16,1,25.04177,121.58735,2
500111070,20231113,1133,18,16,1,25.04177,121.58735,2
500111070,20231113,1134,18,16,1,25.04177,121.58735,2
500111070,20231113,1135,18,16,1,25.04177,121.58735,2
500111070,20231113,1136,18,16,1,25.04177,121.58735,2
500111070,20231113,1137,18,16,1,25.04177,121.58735,2
500111070,20231113,1138,18,16,1,25.04177,121.58735,2
500111070,20231113,1139,18,16,1,25.04177,121.58735,2
500111070,20231113,1141,18,15,1,25.04177,121.58735,3
500111070,20231113,1142,18,15,1,25.04177,121.58735,3
500111070,20231113,1143,18,15,1,25.04177,121.58735,3
500111070,20231113,1144,18,15,1,25.04177,121.58735,3
500111070,20231113,1145,18,15,1,25.04177,121.58735,3
500111070,20231113,1146,18,15,1,25.04177,121.58735,3
500111070,20231113,1147,18,15,1,25.04177,121.58735,3
500111070,20231113,1148,18,15,1,25.04177,121.58735,3
500111070,20231113,1149,18,15,1,25.04177,121.58735,3
500111070,20231113,1151,18,15,1,25.04177,121.58735,3
500111070,20231113,1152,18,15,1,25.04177,121.58735,3
500111070,20231113,1153,18,15,1,25.04177,121.58735,3
500111070,20231113,1154,18,15,1,25.04177,121.58735,3
500111070,20231113,1155,18,15,1,25.04177,121.58735,3
500111070,20231113,1156,18,15,1,25.04177,121.58735,3
500111070,20231113,1157,18,15,1,25.04177,121.58735,3
500111070,20231113,1158,18,15,1,25.04177,121.58735,3
500111070,20231113,1159,18,14,1,25.04177,121.58735,4
500111070,20231113,1161,18,14,1,25.04177,121.58735,4
500111070,20231113,1162,18,14,1,25.04177,121.58735,4
500111070,20231113,1163,18,14,1,25.04177,121.58735,4
500111070,20231113,1164,18,13,1,25.04177,121.58735,5
500111070,20231113,1165,18,13,1,25.04177,121.58735,5
500111070,20231113,1166,18,13,1,25.04177,121.58735,5
500111070,20231113,1167,18,13,1,25.04177,121.58735,5
500111070,20231113,1168,18,13,1,25.04177,121.58735,5
500111070,20231113,1169,18,12,1,25.04177,121.58735,6
500111070,20231113,1171,18,11,1,25.04177,121.58735,7
500111070,20231113,1172,18,11,1,25.04177,121.58735,7
500111070,20231113,1173,18,10,1,25.04177,121.58735,8
500111070,20231113,1174,18,10,1,25.04177,121.58735,8
500111070,20231113,1175,18,10,1,25.04177,121.58735,8
500111070,20231113,1176,18,9,1,25.04177,121.58735,9
500111070,20231113,1177,18,9,1,25.04177,121.58735,9
500111070,20231113,1178,18,9,1,25.04177,121.58735,9
500111070,20231113,1179,18,9,1,25.04177,121.58735,9
500111070,20231113,1181,18,9,1,25.04177,121.58735,9
500111070,20231113,1182,18,9,1,25.04177,121.58735,9
500111070,20231113,1183,18,9,1,25.04177,121.58735,9
500111070,20231113,1184,18,9,1,25.04177,121.58735,9
500111070,20231113,1185,18,12,1,25.04177,121.58735,6
500111070,20231113,1186,18,14,1,25.04177,121.58735,4
500111070,20231113,1187,18,14,1,25.04177,121.58735,4
500111070,20231113,1188,18,13,1,25.04177,121.58735,5
500111070,20231113,1189,18,13,1,25.04177,121.58735,5
500111070,20231113,1191,18,13,1,25.04177,121.58735,5
500111070,20231113,1192,18,14,1,25.04177,121.58735,4
500111070,20231113,1193,18,14,1,25.04177,121.58735,4
500111070,20231113,1194,18,14,1,25.04177,121.58735,4
500111070,20231113,1195,18,14,1,25.04177,121.58735,4
500111070,20231113,1196,18,14,1,25.04177,121.58735,4
500111070,20231113,1197,18,14,1,25.04177,121.58735,4
500111070,20231113,1198,18,14,1,25.04177,121.58735,4
500111070,20231113,1199,18,15,1,25.04177,121.58735,3
500111070,20231113,1201,18,15,1,25.04177,121.58735,3
500111070,20231113,1202,18,15,1,25.04177,121.58735,3
500111070,20231113,1203,18,15,1,25.04177,121.58735,3
500111070,20231113,1204,18,15,1,25.04177,121.58735,3
500111070,20231113,1205,18,15,1,25.04177,121.58735,3
500111070,20231113,1206,18,15,1,25.04177,121.58735,3
500111070,20231113,1207,18,14,1,25.04177,121.58735,4
500111070,20231113,1209,18,14,1,25.04177,121.58735,4
500111070,20231113,1211,18,14,1,25.04177,121.58735,4
500111070,20231113,1212,18,14,1,25.04177,121.58735,4
500111070,20231113,1213,18,14,1,25.04177,121.58735,4
500111070,20231113,1214,18,14,1,25.04177,121.58735,4
500111070,20231113,1215,18,14,1,25.04177,121.58735,4
500111070,20231113,1216,18,14,1,25.04177,121.58735,4
500111070,20231113,1217,18,14,1,25.04177,121.58735,4
500111070,20231113,1218,18,13,1,25.04177,121.58735,5
500111070,20231113,1219,18,14,1,25.04177,121.58735,4
500111070,20231113,1221,18,14,1,25.04177,121.58735,4
500111070,20231113,1222,18,14,1,25.04177,121.58735,4
500111070,20231113,1223,18,14,1,25.04177,121.58735,4
500111070,20231113,1224,18,14,1,25.04177,121.58735,4
500111070,20231113,1225,18,13,1,25.04177,121.58735,5
500111070,20231113,1226,18,13,1,25.04177,121.58735,5
500111070,20231113,1227,18,13,1,25.04177,121.58735,5
500111070,20231113,1228,18,13,1,25.04177,121.58735,5
500111070,20231113,1229,18,13,1,25.04177,121.58735,5
500111070,20231113,1231,18,13,1,25.04177,121.58735,5
500111070,20231113,1232,18,13,1,25.04177,121.58735,5
500111070,20231113,1233,18,13,1,25.04177,121.58735,5
500111070,20231113,1234,18,13,1,25.04177,121.58735,5
500111070,20231113,1235,18,14,1,25.04177,121.58735,4
500111070,20231113,1236,18,14,1,25.04177,121.58735,4
500111070,20231113,1237,18,14,1,25.04177,121.58735,4
500111070,20231113,1238,18,14,1,25.04177,121.58735,4
500111070,20231113,1239,18,14,1,25.04177,121.58735,4
500111070,20231113,1240,18,14,1,25.04177,121.58735,4
500111070,20231113,1241,18,14,1,25.04177,121.58735,4
500111070,20231113,1242,18,14,1,25.04177,121.58735,4
500111070,20231113,1243,18,11,1,25.04177,121.58735,7
500111070,20231113,1244,18,11,1,25.04177,121.58735,7
500111070,20231113,1245,18,11,1,25.04177,121.58735,7
500111070,20231113,1246,18,11,1,25.04177,121.58735,7
500111070,20231113,1247,18,9,1,25.04177,121.58735,9
500111070,20231113,1248,18,10,1,25.04177,121.58735,8
500111070,20231113,1249,18,10,1,25.04177,121.58735,8
500111070,20231113,1250,18,11,1,25.04177,121.58735,7
500111070,20231113,1251,18,11,1,25.04177,121.58735,7
500111070,20231113,1252,18,11,1,25.04177,121.58735,7
500111070,20231113,1253,18,11,1,25.04177,121.58735,7
500111070,20231113,1254,18,11,1,25.04177,121.58735,7
500111070,20231113,1255,18,11,1,25.04177,121.58735,7
500111070,20231113,1256,18,10,1,25.04177,121.58735,8
500111070,20231113,1257,18,10,1,25.04177,121.58735,8
500111070,20231113,1258,18,10,1,25.04177,121.58735,8
500111070,20231113,1259,18,10,1,25.04177,121.58735,8
500111070,20231113,1261,18,10,1,25.04177,121.58735,8
500111070,20231113,1262,18,10,1,25.04177,121.58735,8
500111070,20231113,1263,18,10,1,25.04177,121.58735,8
500111070,20231113,1264,18,10,1,25.04177,121.58735,8
500111070,20231113,1265,18,8,1,25.04177,121.58735,10
500111070,20231113,1266,18,8,1,25.04177,121.58735,10
500111070,20231113,1267,18,8,1,25.04177,121.58735,10
500111070,20231113,1268,18,8,1,25.04177,121.58735,10
500111070,20231113,1269,18,8,1,25.04177,121.58735,10
500111070,20231113,1270,18,8,1,25.04177,121.58735,10
500111070,20231113,1271,18,8,1,25.04177,121.58735,10
500111070,20231113,1272,18,8,1,25.04177,121.58735,10
500111070,20231113,1273,18,7,1,25.04177,121.58735,11
500111070,20231113,1274,18,8,1,25.04177,121.58735,10
500111070,20231113,1275,18,7,1,25.04177,121.58735,11
500111070,20231113,1276,18,7,1,25.04177,121.58735,11
500111070,20231113,1277,18,7,1,25.04177,121.58735,11
500111070,20231113,1278,18,7,1,25.04177,121.58735,11
500111070,20231113,1279,18,7,1,25.04177,121.58735,11
500111070,20231113,1281,18,6,1,25.04177,121.58735,12
500111070,20231113,1282,18,6,1,25.04177,121.58735,12
500111070,20231113,1283,18,6,1,25.04177,121.58735,12
500111070,20231113,1284,18,6,1,25.04177,121.58735,12
500111070,20231113,1285,18,6,1,25.04177,121.58735,12
500111070,20231113,1286,18,6,1,25.04177,121.58735,12
500111070,20231113,1287,18,7,1,25.04177,121.58735,11
500111070,20231113,1288,18,6,1,25.04177,121.58735,12
500111070,20231113,1289,18,6,1,25.04177,121.58735,12
500111070,20231113,1291,18,6,1,25.04177,121.58735,12
500111070,20231113,1292,18,5,1,25.04177,121.58735,13
500111070,20231113,1293,18,5,1,25.04177,121.58735,13
500111070,20231113,1294,18,5,1,25.04177,121.58735,13
500111070,20231113,1295,18,5,1,25.04177,121.58735,13
500111070,20231113,1296,18,5,1,25.04177,121.58735,13
500111070,20231113,1297,18,5,1,25.04177,121.58735,13
500111070,20231113,1298,18,5,1,25.04177,121.58735,13
500111070,20231113,1299,18,5,1,25.04177,121.58735,13
500111070,20231113,1300,18,5,1,25.04177,121.58735,13
500111070,20231113,1301,18,5,1,25.04177,121.58735,13
500111070,20231113,1302,18,5,1,25.04177,121.58735,13
500111070,20231113,1303,18,5,1,25.04177,121.58735,13
500111070,20231113,1304,18,5,1,25.04177,121.58735,13
500111070,20231113,1305,18,5,1,25.04177,121.58735,13
500111070,20231113,1306,18,5,1,25.04177,121.58735,13
500111070,20231113,1307,18,4,1,25.04177,121.58735,14
500111070,20231113,1308,18,4,1,25.04177,121.58735,14
500111070,20231113,1309,18,4,1,25.04177,121.58735,14
500111070,20231113,1310,18,4,1,25.04177,121.58735,14
500111070,20231113,1311,18,4,1,25.04177,121.58735,14
500111070,20231113,1312,18,4,1,25.04177,121.58735,14
500111070,20231113,1313,18,4,1,25.04177,121.58735,14
500111070,20231113,1314,18,4,1,25.04177,121.58735,14
500111070,20231113,1315,18,4,1,25.04177,121.58735,14
500111070,20231113,1316,18,4,1,25.04177,121.58735,14
500111070,20231113,1317,18,4,1,25.04177,121.58735,14
500111070,20231113,1318,18,4,1,25.04177,121.58735,14
500111070,20231113,1319,18,4,1,25.04177,121.58735,14
500111070,20231113,1321,18,4,1,25.04177,121.58735,14
500111070,20231113,1322,18,4,1,25.04177,121.58735,14
500111070,20231113,1323,18,3,1,25.04177,121.58735,15
500111070,20231113,1324,18,3,1,25.04177,121.58735,15
500111070,20231113,1325,18,3,1,25.04177,121.58735,15
500111070,20231113,1326,18,3,1,25.04177,121.58735,15
500111070,20231113,1327,18,3,1,25.04177,121.58735,15
500111070,20231113,1328,18,3,1,25.04177,121.58735,15
500111070,20231113,1329,18,3,1,25.04177,121.58735,15
500111070,20231113,1330,18,3,1,25.04177,121.58735,15
500111070,20231113,1331,18,3,1,25.04177,121.58735,15
500111070,20231113,1332,18,3,1,25.04177,121.58735,15
500111070,20231113,1333,18,3,1,25.04177,121.58735,15
500111070,20231113,1334,18,3,1,25.04177,121.58735,15
500111070,20231113,1335,18,2,1,25.04177,121.58735,16
500111070,20231113,1336,18,2,1,25.04177,121.58735,16
500111070,20231113,1337,18,2,1,25.04177,121.58735,16
500111070,20231113,1338,18,2,1,25.04177,121.58735,16
500111070,20231113,1339,18,2,1,25.04177,121.58735,16
500111070,20231113,1341,18,2,1,25.04177,121.58735,16
500111070,20231113,1342,18,2,1,25.04177,121.58735,16
500111070,20231113,1343,18,2,1,25.04177,121.58735,16
500111070,20231113,1344,18,2,1,25.04177,121.58735,16
500111070,20231113,1345,18,2,1,25.04177,121.58735,16
500111070,20231113,1346,18,2,1,25.04177,121.58735,16
500111070,20231113,1347,18,2,1,25.04177,121.58735,16
500111070,20231113,1348,18,2,1,25.04177,121.58735,16
500111070,20231113,1349,18,2,1,25.04177,121.58735,16
500111070,20231113,1350,18,2,1,25.04177,121.58735,16
500111070,20231113,1351,18,2,1,25.04177,121.58735,16
500111070,20231113,1352,18,2,1,25.04177,121.58735,16
500111070,20231113,1353,18,2,1,25.04177,121.58735,16
500111070,20231113,1354,18,2,1,25.04177,121.58735,16
500111070,20231113,1355,18,2,1,25.04177,121.58735,16
500111070,20231113,1356,18,2,1,25.04177,121.58735,16
500111070,20231113,1357,18,2,1,25.04177,121.58735,16
500111070,20231113,1358,18,2,1,25.04177,121.58735,16
500111070,20231113,1359,18,2,1,25.04177,121.58735,16
500111070,20231113,1360,18,2,1,25.04177,121.58735,16
500111070,20231113,1361,18,2,1,25.04177,121.58735,16
500111070,20231113,1362,18,2,1,25.04177,121.58735,16
500111070,20231113,1363,18,2,1,25.04177,121.58735,16
500111070,20231113,1364,18,2,1,25.04177,121.58735,16
500111070,20231113,1365,18,2,1,25.04177,121.58735,16
500111070,20231113,1366,18,2,1,25.04177,121.58735,16
500111070,20231113,1367,18,2,1,25.04177,121.58735,16
500111070,20231113,1368,18,1,1,25.04177,121.58735,17
500111070,20231113,1369,18,1,1,25.04177,121.58735,17
500111070,20231113,1370,18,1,1,25.04177,121.58735,17
500111070,20231113,1371,18,1,1,25.04177,121.58735,17
500111070,20231113,1372,18,1,1,25.04177,121.58735,17
500111070,20231113,1373,18,1,1,25.04177,121.58735,17
500111070,20231113,1374,18,1,1,25.04177,121.58735,17
500111070,20231113,1375,18,1,1,25.04177,121.58735,17
500111070,20231113,1376,18,1,1,25.04177,121.58735,17
500111070,20231113,1377,18,1,1,25.04177,121.58735,17
500111070,20231113,1378,18,3,1,25.04177,121.58735,15
500111070,20231113,1379,18,3,1,25.04177,121.58735,15
500111070,20231113,1381,18,9,1,25.04177,121.58735,9
500111070,20231113,1382,18,11,1,25.04177,121.58735,7
500111070,20231113,1383,18,11,1,25.04177,121.58735,7
500111070,20231113,1384,18,11,1,25.04177,121.58735,7
500111070,20231113,1386,18,9,1,25.04177,121.58735,7
500111070,20231113,1387,18,9,1,25.04177,121.58735,7
500111070,20231113,1388,18,9,1,25.04177,121.58735,7
500111070,20231113,1389,18,9,1,25.04177,121.58735,7
500111070,20231113,1391,18,9,1,25.04177,121.58735,7
500111070,20231113,1392,18,10,1,25.04177,121.58735,6
500111070,20231113,1393,18,10,1,25.04177,121.58735,6
500111070,20231113,1394,18,10,1,25.04177,121.58735,6
500111070,20231113,1395,18,10,1,25.04177,121.58735,6
500111070,20231113,1396,18,10,1,25.04177,121.58735,6
500111070,20231113,1397,18,10,1,25.04177,121.58735,6
500111070,20231113,1398,18,10,1,25.04177,121.58735,6
500111070,20231113,1399,18,10,1,25.04177,121.58735,6
500111070,20231113,1401,18,10,1,25.04177,121.58735,6
500111070,20231113,1402,18,10,1,25.04177,121.58735,6
500111070,20231113,1403,18,10,1,25.04177,121.58735,6
500111070,20231113,1404,18,10,1,25.04177,121.58735,6
500111070,20231113,1405,18,10,1,25.04177,121.58735,6
500111070,20231113,1406,18,10,1,25.04177,121.58735,6
500111070,20231113,1407,18,10,1,25.04177,121.58735,6
500111070,20231113,1408,18,10,1,25.04177,121.58735,6
500111070,20231113,1409,18,10,1,25.04177,121.58735,6
500111070,20231113,1411,18,10,1,25.04177,121.58735,6
500111070,20231113,1412,18,10,1,25.04177,121.58735,6
500111070,20231113,1413,18,10,1,25.04177,121.58735,6
500111070,20231113,1414,18,10,1,25.04177,121.58735,6
500111070,20231113,1415,18,10,1,25.04177,121.58735,6
500111070,20231113,1416,18,10,1,25.04177,121.58735,6
500111070,20231113,1417,18,10,1,25.04177,121.58735,6
500111070,20231113,1418,18,10,1,25.04177,121.58735,6
500111070,20231113,1419,18,10,1,25.04177,121.58735,6
500111070,20231113,1421,18,9,1,25.04177,121.58735,7
500111070,20231113,1422,18,9,1,25.04177,121.58735,7
500111070,20231113,1423,18,10,1,25.04177,121.58735,6
500111070,20231113,1424,18,9,1,25.04177,121.58735,7
500111070,20231113,1425,18,10,1,25.04177,121.58735,6
500111070,20231113,1426,18,10,1,25.04177,121.58735,6
500111070,20231113,1427,18,10,1,25.04177,121.58735,6
500111070,20231113,1428,18,10,1,25.04177,121.58735,6
500111070,20231113,1429,18,10,1,25.04177,121.58735,6
500111070,20231113,1431,18,10,1,25.04177,121.58735,6
500111070,20231113,1432,18,10,1,25.04177,121.58735,6
500111070,20231113,1433,18,10,1,25.04177,121.58735,6
500111070,20231113,1434,18,10,1,25.04177,121.58735,6
500111070,20231113,1435,18,10,1,25.04177,121.58735,6
500111070,20231113,1436,18,9,1,25.04177,121.58735,7
500111070,20231113,1437,18,9,1,25.04177,121.58735,7
500111070,20231113,1438,18,9,1,25.04177,121.58735,7
500111070,20231113,1439,18,9,1,25.04177,121.58735,7
500111070,20231114,1,18,9,1,25.04177,121.58735,7
500111070,20231114,2,18,9,1,25.04177,121.58735,7
500111070,20231114,3,18,9,1,25.04177,121.58735,7
500111070,20231114,4,18,7,1,25.04177,121.58735,9
500111070,20231114,5,18,6,1,25.04177,121.58735,10
500111070,20231114,6,18,6,1,25.04177,121.58735,10
500111070,20231114,7,18,6,1,25.04177,121.58735,10
500111070,20231114,8,18,6,1,25.04177,121.58735,10
500111070,20231114,9,18,6,1,25.04177,121.58735,10
500111070,20231114,11,18,6,1,25.04177,121.58735,10
500111070,20231114,12,18,6,1,25.04177,121.58735,10
500111070,20231114,13,18,6,1,25.04177,121.58735,10
500111070,20231114,14,18,6,1,25.04177,121.58735,10
500111070,20231114,15,18,6,1,25.04177,121.58735,10
500111070,20231114,16,18,6,1,25.04177,121.58735,10
500111070,20231114,17,18,6,1,25.04177,121.58735,10
500111070,20231114,18,18,6,1,25.04177,121.58735,10
500111070,20231114,19,18,5,1,25.04177,121.58735,11
500111070,20231114,21,18,5,1,25.04177,121.58735,11
500111070,20231114,22,18,5,1,25.04177,121.58735,11
500111070,20231114,23,18,4,1,25.04177,121.58735,12
500111070,20231114,24,18,4,1,25.04177,121.58735,12
500111070,20231114,25,18,4,1,25.04177,121.58735,12
500111070,20231114,26,18,4,1,25.04177,121.58735,12
500111070,20231114,27,18,4,1,25.04177,121.58735,12
500111070,20231114,28,18,4,1,25.04177,121.58735,12
500111070,20231114,29,18,4,1,25.04177,121.58735,12
500111070,20231114,31,18,4,1,25.04177,121.58735,12
500111070,20231114,32,18,4,1,25.04177,121.58735,12
500111070,20231114,33,18,4,1,25.04177,121.58735,12
500111070,20231114,34,18,4,1,25.04177,121.58735,12
500111070,20231114,35,18,4,1,25.04177,121.58735,12
500111070,20231114,36,18,4,1,25.04177,121.58735,12
500111070,20231114,37,18,4,1,25.04177,121.58735,12
500111070,20231114,38,18,4,1,25.04177,121.58735,12
500111070,20231114,39,18,4,1,25.04177,121.58735,12
500111070,20231114,41,18,3,1,25.04177,121.58735,13
500111070,20231114,42,18,3,1,25.04177,121.58735,13
500111070,20231114,43,18,3,1,25.04177,121.58735,13
500111070,20231114,44,18,3,1,25.04177,121.58735,13
500111070,20231114,45,18,2,1,25.04177,121.58735,14
500111070,20231114,46,18,2,1,25.04177,121.58735,14
500111070,20231114,47,18,2,1,25.04177,121.58735,14
500111070,20231114,48,18,2,1,25.04177,121.58735,14
500111070,20231114,49,18,2,1,25.04177,121.58735,14
500111070,20231114,50,18,2,1,25.04177,121.58735,14
500111070,20231114,51,18,2,1,25.04177,121.58735,14
500111070,20231114,52,18,2,1,25.04177,121.58735,14
500111070,20231114,53,18,2,1,25.04177,121.58735,14
500111070,20231114,54,18,2,1,25.04177,121.58735,14
500111070,20231114,55,18,2,1,25.04177,121.58735,14
500111070,20231114,56,18,2,1,25.04177,121.58735,14
500111070,20231114,57,18,2,1,25.04177,121.58735,14
500111070,20231114,58,18,2,1,25.04177,121.58735,14
500111070,20231114,59,18,2,1,25.04177,121.58735,14
500111070,20231114,60,18,2,1,25.04177,121.58735,14
500111070,20231114,61,18,2,1,25.04177,121.58735,14
500111070,20231114,62,18,2,1,25.04177,121.58735,14
500111070,20231114,63,18,2,1,25.04177,121.58735,14
500111070,20231114,64,18,2,1,25.04177,121.58735,14
500111070,20231114,65,18,2,1,25.04177,121.58735,14
500111070,20231114,66,18,2,1,25.04177,121.58735,14
500111070,20231114,67,18,2,1,25.04177,121.58735,14
500111070,20231114,68,18,2,1,25.04177,121.58735,14
500111070,20231114,69,18,2,1,25.04177,121.58735,14
500111070,20231114,70,18,2,1,25.04177,121.58735,14
500111070,20231114,71,18,2,1,25.04177,121.58735,14
500111070,20231114,72,18,2,1,25.04177,121.58735,14
500111070,20231114,73,18,2,1,25.04177,121.58735,14
500111070,20231114,74,18,2,1,25.04177,121.58735,14
500111070,20231114,75,18,2,1,25.04177,121.58735,14
500111070,20231114,76,18,2,1,25.04177,121.58735,14
500111070,20231114,77,18,2,1,25.04177,121.58735,14
500111070,20231114,78,18,2,1,25.04177,121.58735,14
500111070,20231114,79,18,2,1,25.04177,121.58735,14
500111070,20231114,81,18,2,1,25.04177,121.58735,14
500111070,20231114,82,18,2,1,25.04177,121.58735,14
500111070,20231114,83,18,2,1,25.04177,121.58735,14
500111070,20231114,84,18,2,1,25.04177,121.58735,14
500111070,20231114,85,18,2,1,25.04177,121.58735,14
500111070,20231114,86,18,2,1,25.04177,121.58735,14
500111070,20231114,87,18,2,1,25.04177,121.58735,14
500111070,20231114,88,18,2,1,25.04177,121.58735,14
500111070,20231114,89,18,2,1,25.04177,121.58735,14
500111070,20231114,90,18,4,1,25.04177,121.58735,12
500111070,20231114,91,18,6,1,25.04177,121.58735,10
500111070,20231114,92,18,6,1,25.04177,121.58735,10
500111070,20231114,93,18,7,1,25.04177,121.58735,9
500111070,20231114,94,18,6,1,25.04177,121.58735,10
500111070,20231114,95,18,4,1,25.04177,121.58735,10
500111070,20231114,96,18,4,1,25.04177,121.58735,10
500111070,20231114,97,18,4,1,25.04177,121.58735,10
500111070,20231114,98,18,4,1,25.04177,121.58735,10
500111070,20231114,99,18,4,1,25.04177,121.58735,10
500111070,20231114,100,18,4,1,25.04177,121.58735,10
500111070,20231114,101,18,4,1,25.04177,121.58735,10
500111070,20231114,102,18,4,1,25.04177,121.58735,10
500111070,20231114,103,18,4,1,25.04177,121.58735,10
500111070,20231114,104,18,4,1,25.04177,121.58735,10
500111070,20231114,105,18,4,1,25.04177,121.58735,10
500111070,20231114,106,18,4,1,25.04177,121.58735,10
500111070,20231114,107,18,4,1,25.04177,121.58735,10
500111070,20231114,108,18,4,1,25.04177,121.58735,10
500111070,20231114,109,18,4,1,25.04177,121.58735,10
500111070,20231114,110,18,4,1,25.04177,121.58735,10
500111070,20231114,111,18,4,1,25.04177,121.58735,10
500111070,20231114,112,18,4,1,25.04177,121.58735,10
500111070,20231114,113,18,4,1,25.04177,121.58735,10
500111070,20231114,114,18,4,1,25.04177,121.58735,10
500111070,20231114,115,18,4,1,25.04177,121.58735,10
500111070,20231114,116,18,4,1,25.04177,121.58735,10
500111070,20231114,117,18,4,1,25.04177,121.58735,10
500111070,20231114,118,18,4,1,25.04177,121.58735,10
500111070,20231114,119,18,4,1,25.04177,121.58735,10
500111070,20231114,121,18,4,1,25.04177,121.58735,10
500111070,20231114,122,18,4,1,25.04177,121.58735,10
500111070,20231114,123,18,4,1,25.04177,121.58735,10
500111070,20231114,124,18,4,1,25.04177,121.58735,10
500111070,20231114,125,18,4,1,25.04177,121.58735,10
500111070,20231114,126,18,4,1,25.04177,121.58735,10
500111070,20231114,127,18,4,1,25.04177,121.58735,10
500111070,20231114,128,18,4,1,25.04177,121.58735,10
500111070,20231114,129,18,4,1,25.04177,121.58735,10
500111070,20231114,130,18,4,1,25.04177,121.58735,10
500111070,20231114,131,18,4,1,25.04177,121.58735,10
500111070,20231114,132,18,4,1,25.04177,121.58735,10
500111070,20231114,133,18,4,1,25.04177,121.58735,10
500111070,20231114,134,18,4,1,25.04177,121.58735,10
500111070,20231114,135,18,4,1,25.04177,121.58735,10
500111070,20231114,136,18,4,1,25.04177,121.58735,10
500111070,20231114,137,18,5,1,25.04177,121.58735,9
500111070,20231114,138,18,5,1,25.04177,121.58735,9
500111070,20231114,139,18,5,1,25.04177,121.58735,9
500111070,20231114,141,18,4,1,25.04177,121.58735,10
500111070,20231114,142,18,4,1,25.04177,121.58735,10
500111070,20231114,143,18,4,1,25.04177,121.58735,10
500111070,20231114,144,18,4,1,25.04177,121.58735,10
500111070,20231114,145,18,4,1,25.04177,121.58735,10
500111070,20231114,146,18,4,1,25.04177,121.58735,10
500111070,20231114,147,18,4,1,25.04177,121.58735,10
500111070,20231114,148,18,4,1,25.04177,121.58735,10
500111070,20231114,149,18,4,1,25.04177,121.58735,10
500111070,20231114,150,18,4,1,25.04177,121.58735,10
500111070,20231114,151,18,4,1,25.04177,121.58735,10
500111070,20231114,152,18,4,1,25.04177,121.58735,10
500111070,20231114,153,18,4,1,25.04177,121.58735,10
500111070,20231114,154,18,4,1,25.04177,121.58735,10
500111070,20231114,155,18,4,1,25.04177,121.58735,10
500111070,20231114,156,18,4,1,25.04177,121.58735,10
500111070,20231114,157,18,4,1,25.04177,121.58735,10
500111070,20231114,158,18,4,1,25.04177,121.58735,10
500111070,20231114,159,18,4,1,25.04177,121.58735,10
500111070,20231114,160,18,4,1,25.04177,121.58735,10
500111070,20231114,161,18,4,1,25.04177,121.58735,10
500111070,20231114,162,18,4,1,25.04177,121.58735,10
500111070,20231114,163,18,4,1,25.04177,121.58735,10
500111070,20231114,164,18,4,1,25.04177,121.58735,10
500111070,20231114,165,18,4,1,25.04177,121.58735,10
500111070,20231114,166,18,4,1,25.04177,121.58735,10
500111070,20231114,167,18,4,1,25.04177,121.58735,10
500111070,20231114,168,18,4,1,25.04177,121.58735,10
500111070,20231114,169,18,4,1,25.04177,121.58735,10
500111070,20231114,170,18,4,1,25.04177,121.58735,10
500111070,20231114,171,18,4,1,25.04177,121.58735,10
500111070,20231114,172,18,4,1,25.04177,121.58735,10
500111070,20231114,173,18,4,1,25.04177,121.58735,10
500111070,20231114,174,18,4,1,25.04177,121.58735,10
500111070,20231114,175,18,4,1,25.04177,121.58735,10
500111070,20231114,176,18,4,1,25.04177,121.58735,10
500111070,20231114,177,18,4,1,25.04177,121.58735,10
500111070,20231114,178,18,4,1,25.04177,121.58735,10
500111070,20231114,179,18,4,1,25.04177,121.58735,10
500111070,20231114,180,18,4,1,25.04177,121.58735,10
500111070,20231114,181,18,4,1,25.04177,121.58735,10
500111070,20231114,182,18,4,1,25.04177,121.58735,10
500111070,20231114,183,18,4,1,25.04177,121.58735,10
500111070,20231114,184,18,4,1,25.04177,121.58735,10
500111070,20231114,185,18,4,1,25.04177,121.58735,10
500111070,20231114,186,18,4,1,25.04177,121.58735,10
500111070,20231114,187,18,4,1,25.04177,121.58735,10
500111070,20231114,188,18,4,1,25.04177,121.58735,10
500111070,20231114,189,18,4,1,25.04177,121.58735,10
500111070,20231114,191,18,4,1,25.04177,121.58735,10
500111070,20231114,192,18,4,1,25.04177,121.58735,10
500111070,20231114,193,18,4,1,25.04177,121.58735,10
500111070,20231114,194,18,4,1,25.04177,121.58735,10
500111070,20231114,195,18,4,1,25.04177,121.58735,10
500111070,20231114,196,18,4,1,25.04177,121.58735,10
500111070,20231114,197,18,4,1,25.04177,121.58735,10
500111070,20231114,198,18,4,1,25.04177,121.58735,10
500111070,20231114,199,18,4,1,25.04177,121.58735,10
500111070,20231114,201,18,4,1,25.04177,121.58735,10
500111070,20231114,202,18,4,1,25.04177,121.58735,10
500111070,20231114,203,18,4,1,25.04177,121.58735,10
500111070,20231114,204,18,4,1,25.04177,121.58735,10
500111070,20231114,205,18,4,1,25.04177,121.58735,10
500111070,20231114,206,18,4,1,25.04177,121.58735,10
500111070,20231114,207,18,4,1,25.04177,121.58735,10
500111070,20231114,208,18,4,1,25.04177,121.58735,10
500111070,20231114,209,18,4,1,25.04177,121.58735,10
500111070,20231114,211,18,4,1,25.04177,121.58735,10
500111070,20231114,212,18,4,1,25.04177,121.58735,10
500111070,20231114,213,18,4,1,25.04177,121.58735,10
500111070,20231114,214,18,4,1,25.04177,121.58735,10
500111070,20231114,215,18,4,1,25.04177,121.58735,10
500111070,20231114,216,18,4,1,25.04177,121.58735,10
500111070,20231114,217,18,4,1,25.04177,121.58735,10
500111070,20231114,218,18,4,1,25.04177,121.58735,10
500111070,20231114,219,18,4,1,25.04177,121.58735,10
500111070,20231114,221,18,4,1,25.04177,121.58735,10
500111070,20231114,222,18,4,1,25.04177,121.58735,10
500111070,20231114,223,18,4,1,25.04177,121.58735,10
500111070,20231114,224,18,4,1,25.04177,121.58735,10
500111070,20231114,225,18,4,1,25.04177,121.58735,10
500111070,20231114,226,18,4,1,25.04177,121.58735,10
500111070,20231114,227,18,4,1,25.04177,121.58735,10
500111070,20231114,228,18,4,1,25.04177,121.58735,10
500111070,20231114,229,18,4,1,25.04177,121.58735,10
500111070,20231114,231,18,4,1,25.04177,121.58735,10
500111070,20231114,232,18,4,1,25.04177,121.58735,10
500111070,20231114,233,18,4,1,25.04177,121.58735,10
500111070,20231114,234,18,4,1,25.04177,121.58735,10
500111070,20231114,235,18,4,1,25.04177,121.58735,10
500111070,20231114,236,18,4,1,25.04177,121.58735,10
500111070,20231114,237,18,4,1,25.04177,121.58735,10
500111070,20231114,238,18,4,1,25.04177,121.58735,10
500111070,20231114,239,18,4,1,25.04177,121.58735,10
500111070,20231114,241,18,4,1,25.04177,121.58735,10
500111070,20231114,242,18,4,1,25.04177,121.58735,10
500111070,20231114,243,18,4,1,25.04177,121.58735,10
500111070,20231114,244,18,4,1,25.04177,121.58735,10
500111070,20231114,245,18,4,1,25.04177,121.58735,10
500111070,20231114,246,18,4,1,25.04177,121.58735,10
500111070,20231114,247,18,4,1,25.04177,121.58735,10
500111070,20231114,248,18,4,1,25.04177,121.58735,10
500111070,20231114,249,18,4,1,25.04177,121.58735,10
500111070,20231114,251,18,4,1,25.04177,121.58735,10
500111070,20231114,252,18,4,1,25.04177,121.58735,10
500111070,20231114,253,18,4,1,25.04177,121.58735,10
500111070,20231114,254,18,4,1,25.04177,121.58735,10
500111070,20231114,255,18,4,1,25.04177,121.58735,10
500111070,20231114,256,18,4,1,25.04177,121.58735,10
500111070,20231114,257,18,4,1,25.04177,121.58735,10
500111070,20231114,258,18,4,1,25.04177,121.58735,10
500111070,20231114,259,18,4,1,25.04177,121.58735,10
500111070,20231114,261,18,4,1,25.04177,121.58735,10
500111070,20231114,262,18,4,1,25.04177,121.58735,10
500111070,20231114,263,18,4,1,25.04177,121.58735,10
500111070,20231114,264,18,4,1,25.04177,121.58735,10
500111070,20231114,265,18,4,1,25.04177,121.58735,10
500111070,20231114,266,18,4,1,25.04177,121.58735,10
500111070,20231114,267,18,4,1,25.04177,121.58735,10
500111070,20231114,268,18,4,1,25.04177,121.58735,10
500111070,20231114,269,18,4,1,25.04177,121.58735,10
500111070,20231114,271,18,4,1,25.04177,121.58735,10
500111070,20231114,272,18,4,1,25.04177,121.58735,10
500111070,20231114,273,18,4,1,25.04177,121.58735,10
500111070,20231114,274,18,4,1,25.04177,121.58735,10
500111070,20231114,275,18,4,1,25.04177,121.58735,10
500111070,20231114,276,18,4,1,25.04177,121.58735,10
500111070,20231114,277,18,4,1,25.04177,121.58735,10
500111070,20231114,278,18,4,1,25.04177,121.58735,10
500111070,20231114,279,18,4,1,25.04177,121.58735,10
500111070,20231114,281,18,4,1,25.04177,121.58735,10
500111070,20231114,282,18,4,1,25.04177,121.58735,10
500111070,20231114,283,18,4,1,25.04177,121.58735,10
500111070,20231114,284,18,4,1,25.04177,121.58735,10
500111070,20231114,285,18,4,1,25.04177,121.58735,10
500111070,20231114,286,18,4,1,25.04177,121.58735,10
500111070,20231114,287,18,4,1,25.04177,121.58735,10
500111070,20231114,288,18,4,1,25.04177,121.58735,10
500111070,20231114,289,18,4,1,25.04177,121.58735,10
500111070,20231114,290,18,4,1,25.04177,121.58735,10
500111070,20231114,291,18,4,1,25.04177,121.58735,10
500111070,20231114,292,18,4,1,25.04177,121.58735,10
500111070,20231114,293,18,4,1,25.04177,121.58735,10
500111070,20231114,294,18,4,1,25.04177,121.58735,10
500111070,20231114,295,18,4,1,25.04177,121.58735,10
500111070,20231114,296,18,4,1,25.04177,121.58735,10
500111070,20231114,297,18,4,1,25.04177,121.58735,10
500111070,20231114,298,18,4,1,25.04177,121.58735,10
500111070,20231114,299,18,4,1,25.04177,121.58735,10
500111070,20231114,300,18,4,1,25.04177,121.58735,10
500111070,20231114,301,18,4,1,25.04177,121.58735,10
500111070,20231114,302,18,4,1,25.04177,121.58735,10
500111070,20231114,303,18,4,1,25.04177,121.58735,10
500111070,20231114,304,18,4,1,25.04177,121.58735,10
500111070,20231114,305,18,4,1,25.04177,121.58735,10
500111070,20231114,306,18,4,1,25.04177,121.58735,10
500111070,20231114,307,18,4,1,25.04177,121.58735,10
500111070,20231114,308,18,4,1,25.04177,121.58735,10
500111070,20231114,309,18,4,1,25.04177,121.58735,10
500111070,20231114,310,18,4,1,25.04177,121.58735,10
500111070,20231114,311,18,4,1,25.04177,121.58735,10
500111070,20231114,312,18,4,1,25.04177,121.58735,10
500111070,20231114,313,18,4,1,25.04177,121.58735,10
500111070,20231114,314,18,4,1,25.04177,121.58735,10
500111070,20231114,315,18,4,1,25.04177,121.58735,10
500111070,20231114,316,18,4,1,25.04177,121.58735,10
500111070,20231114,317,18,4,1,25.04177,121.58735,10
500111070,20231114,318,18,4,1,25.04177,121.58735,10
500111070,20231114,319,18,4,1,25.04177,121.58735,10
500111070,20231114,321,18,4,1,25.04177,121.58735,10
500111070,20231114,322,18,4,1,25.04177,121.58735,10
500111070,20231114,323,18,4,1,25.04177,121.58735,10
500111070,20231114,324,18,4,1,25.04177,121.58735,10
500111070,20231114,325,18,4,1,25.04177,121.58735,10
500111070,20231114,326,18,4,1,25.04177,121.58735,10
500111070,20231114,327,18,4,1,25.04177,121.58735,10
500111070,20231114,328,18,4,1,25.04177,121.58735,10
500111070,20231114,329,18,4,1,25.04177,121.58735,10
500111070,20231114,330,18,4,1,25.04177,121.58735,10
500111070,20231114,331,18,4,1,25.04177,121.58735,10
500111070,20231114,332,18,4,1,25.04177,121.58735,10
500111070,20231114,333,18,4,1,25.04177,121.58735,10
500111070,20231114,334,18,4,1,25.04177,121.58735,10
500111070,20231114,335,18,4,1,25.04177,121.58735,10
500111070,20231114,336,18,4,1,25.04177,121.58735,10
500111070,20231114,337,18,4,1,25.04177,121.58735,10
500111070,20231114,338,18,4,1,25.04177,121.58735,10
500111070,20231114,339,18,4,1,25.04177,121.58735,10
500111070,20231114,340,18,4,1,25.04177,121.58735,10
500111070,20231114,341,18,4,1,25.04177,121.58735,10
500111070,20231114,342,18,4,1,25.04177,121.58735,10
500111070,20231114,343,18,4,1,25.04177,121.58735,10
500111070,20231114,344,18,4,1,25.04177,121.58735,10
500111070,20231114,345,18,4,1,25.04177,121.58735,10
500111070,20231114,346,18,4,1,25.04177,121.58735,10
500111070,20231114,347,18,4,1,25.04177,121.58735,10
500111070,20231114,348,18,4,1,25.04177,121.58735,10
500111070,20231114,349,18,4,1,25.04177,121.58735,10
500111070,20231114,350,18,4,1,25.04177,121.58735,10
500111070,20231114,351,18,4,1,25.04177,121.58735,10
500111070,20231114,352,18,4,1,25.04177,121.58735,10
500111070,20231114,353,18,4,1,25.04177,121.58735,10
500111070,20231114,354,18,4,1,25.04177,121.58735,10
500111070,20231114,355,18,4,1,25.04177,121.58735,10
500111070,20231114,356,18,5,1,25.04177,121.58735,9
500111070,20231114,357,18,6,1,25.04177,121.58735,8
500111070,20231114,358,18,7,1,25.04177,121.58735,7
500111070,20231114,359,18,7,1,25.04177,121.58735,7
500111070,20231114,360,18,7,1,25.04177,121.58735,7
500111070,20231114,361,18,7,1,25.04177,121.58735,7
500111070,20231114,362,18,7,1,25.04177,121.58735,7
500111070,20231114,363,18,7,1,25.04177,121.58735,7
500111070,20231114,364,18,7,1,25.04177,121.58735,7
500111070,20231114,365,18,7,1,25.04177,121.58735,7
500111070,20231114,366,18,7,1,25.04177,121.58735,7
500111070,20231114,367,18,7,1,25.04177,121.58735,7
500111070,20231114,368,18,7,1,25.04177,121.58735,7
500111070,20231114,369,18,7,1,25.04177,121.58735,7
500111070,20231114,370,18,7,1,25.04177,121.58735,7
500111070,20231114,371,18,7,1,25.04177,121.58735,7
500111070,20231114,372,18,7,1,25.04177,121.58735,7
500111070,20231114,373,18,8,1,25.04177,121.58735,6
500111070,20231114,374,18,8,1,25.04177,121.58735,6
500111070,20231114,375,18,8,1,25.04177,121.58735,6
500111070,20231114,376,18,8,1,25.04177,121.58735,6
500111070,20231114,377,18,8,1,25.04177,121.58735,6
500111070,20231114,378,18,8,1,25.04177,121.58735,6
500111070,20231114,379,18,8,1,25.04177,121.58735,6
500111070,20231114,381,18,8,1,25.04177,121.58735,6
500111070,20231114,382,18,8,1,25.04177,121.58735,6
500111070,20231114,383,18,8,1,25.04177,121.58735,6
500111070,20231114,384,18,8,1,25.04177,121.58735,6
500111070,20231114,385,18,8,1,25.04177,121.58735,6
500111070,20231114,386,18,8,1,25.04177,121.58735,6
500111070,20231114,387,18,8,1,25.04177,121.58735,6
500111070,20231114,388,18,8,1,25.04177,121.58735,6
500111070,20231114,389,18,8,1,25.04177,121.58735,6
500111070,20231114,390,18,8,1,25.04177,121.58735,6
500111070,20231114,391,18,8,1,25.04177,121.58735,6
500111070,20231114,392,18,8,1,25.04177,121.58735,6
500111070,20231114,393,18,8,1,25.04177,121.58735,6
500111070,20231114,394,18,8,1,25.04177,121.58735,6
500111070,20231114,395,18,7,1,25.04177,121.58735,7
500111070,20231114,396,18,7,1,25.04177,121.58735,7
500111070,20231114,397,18,7,1,25.04177,121.58735,7
500111070,20231114,398,18,7,1,25.04177,121.58735,7
500111070,20231114,399,18,7,1,25.04177,121.58735,7
500111070,20231114,400,18,7,1,25.04177,121.58735,7
500111070,20231114,401,18,7,1,25.04177,121.58735,7
500111070,20231114,402,18,7,1,25.04177,121.58735,7
500111070,20231114,403,18,7,1,25.04177,121.58735,7
500111070,20231114,404,18,7,1,25.04177,121.58735,7
500111070,20231114,405,18,7,1,25.04177,121.58735,7
500111070,20231114,406,18,7,1,25.04177,121.58735,7
500111070,20231114,407,18,7,1,25.04177,121.58735,7
500111070,20231114,408,18,8,1,25.04177,121.58735,6
500111070,20231114,409,18,8,1,25.04177,121.58735,6
500111070,20231114,410,18,8,1,25.04177,121.58735,6
500111070,20231114,411,18,8,1,25.04177,121.58735,6
500111070,20231114,412,18,8,1,25.04177,121.58735,6
500111070,20231114,413,18,8,1,25.04177,121.58735,6
500111070,20231114,414,18,8,1,25.04177,121.58735,6
500111070,20231114,415,18,8,1,25.04177,121.58735,6
500111070,20231114,416,18,8,1,25.04177,121.58735,6
500111070,20231114,417,18,8,1,25.04177,121.58735,6
500111070,20231114,418,18,8,1,25.04177,121.58735,6
500111070,20231114,419,18,8,1,25.04177,121.58735,6
500111070,20231114,421,18,8,1,25.04177,121.58735,6
500111070,20231114,422,18,8,1,25.04177,121.58735,6
500111070,20231114,423,18,9,1,25.04177,121.58735,5
500111070,20231114,424,18,8,1,25.04177,121.58735,6
500111070,20231114,425,18,8,1,25.04177,121.58735,6
500111070,20231114,426,18,8,1,25.04177,121.58735,6
500111070,20231114,427,18,8,1,25.04177,121.58735,6
500111070,20231114,428,18,8,1,25.04177,121.58735,6
500111070,20231114,429,18,8,1,25.04177,121.58735,6
500111070,20231114,430,18,10,1,25.04177,121.58735,4
500111070,20231114,431,18,10,1,25.04177,121.58735,4
500111070,20231114,432,18,11,1,25.04177,121.58735,3
500111070,20231114,433,18,11,1,25.04177,121.58735,3
500111070,20231114,434,18,12,1,25.04177,121.58735,2
500111070,20231114,435,18,12,1,25.04177,121.58735,2
500111070,20231114,436,18,13,1,25.04177,121.58735,1
500111070,20231114,438,18,14,1,25.04177,121.58735,0
500111070,20231114,439,18,14,1,25.04177,121.58735,0
500111070,20231114,441,18,14,1,25.04177,121.58735,0
500111070,20231114,442,18,14,1,25.04177,121.58735,0
500111070,20231114,443,18,14,1,25.04177,121.58735,0
500111070,20231114,444,18,14,1,25.04177,121.58735,0
500111070,20231114,445,18,14,1,25.04177,121.58735,0
500111070,20231114,446,18,14,1,25.04177,121.58735,0
500111070,20231114,447,18,14,1,25.04177,121.58735,0
500111070,20231114,448,18,12,1,25.04177,121.58735,2
500111070,20231114,449,18,12,1,25.04177,121.58735,2
500111070,20231114,451,18,11,1,25.04177,121.58735,3
500111070,20231114,452,18,11,1,25.04177,121.58735,3
500111070,20231114,453,18,11,1,25.04177,121.58735,3
500111070,20231114,454,18,11,1,25.04177,121.58735,3
500111070,20231114,455,18,11,1,25.04177,121.58735,3
500111070,20231114,456,18,12,1,25.04177,121.58735,2
500111070,20231114,457,18,12,1,25.04177,121.58735,2
500111070,20231114,458,18,13,1,25.04177,121.58735,1
500111070,20231114,459,18,13,1,25.04177,121.58735,1
500111070,20231114,461,18,8,1,25.04177,121.58735,6
500111070,20231114,462,18,3,1,25.04177,121.58735,11
500111070,20231114,463,18,4,1,25.04177,121.58735,10
500111070,20231114,464,18,4,1,25.04177,121.58735,10
500111070,20231114,465,18,4,1,25.04177,121.58735,10
500111070,20231114,466,18,4,1,25.04177,121.58735,10
500111070,20231114,467,18,5,1,25.04177,121.58735,9
500111070,20231114,468,18,4,1,25.04177,121.58735,10
500111070,20231114,469,18,3,1,25.04177,121.58735,11
500111070,20231114,471,18,2,1,25.04177,121.58735,12
500111070,20231114,472,18,2,1,25.04177,121.58735,16
500111070,20231114,473,18,2,1,25.04177,121.58735,16
500111070,20231114,474,18,2,1,25.04177,121.58735,16
500111070,20231114,475,18,2,1,25.04177,121.58735,16
500111070,20231114,476,18,3,1,25.04177,121.58735,15
500111070,20231114,477,18,2,1,25.04177,121.58735,16
500111070,20231114,478,18,3,1,25.04177,121.58735,15
500111070,20231114,479,18,3,1,25.04177,121.58735,15
500111070,20231114,481,18,5,1,25.04177,121.58735,13
500111070,20231114,482,18,5,1,25.04177,121.58735,13
500111070,20231114,483,18,6,1,25.04177,121.58735,12
500111070,20231114,484,18,6,1,25.04177,121.58735,12
500111070,20231114,485,18,5,1,25.04177,121.58735,13
500111070,20231114,486,18,6,1,25.04177,121.58735,12
500111070,20231114,487,18,6,1,25.04177,121.58735,12
500111070,20231114,488,18,6,1,25.04177,121.58735,12
500111070,20231114,489,18,6,1,25.04177,121.58735,12
500111070,20231114,491,18,9,1,25.04177,121.58735,9
500111070,20231114,492,18,10,1,25.04177,121.58735,8
500111070,20231114,493,18,10,1,25.04177,121.58735,8
500111070,20231114,494,18,11,1,25.04177,121.58735,7
500111070,20231114,495,18,11,1,25.04177,121.58735,7
500111070,20231114,496,18,11,1,25.04177,121.58735,7
500111070,20231114,497,18,11,1,25.04177,121.58735,7
500111070,20231114,498,18,11,1,25.04177,121.58735,7
500111070,20231114,499,18,11,1,25.04177,121.58735,7
500111070,20231114,501,18,11,1,25.04177,121.58735,7
500111070,20231114,502,18,11,1,25.04177,121.58735,7
500111070,20231114,503,18,11,1,25.04177,121.58735,7
500111070,20231114,504,18,11,1,25.04177,121.58735,7
500111070,20231114,505,18,11,1,25.04177,121.58735,7
500111070,20231114,506,18,11,1,25.04177,121.58735,7
500111070,20231114,507,18,12,1,25.04177,121.58735,6
500111070,20231114,508,18,12,1,25.04177,121.58735,6
500111070,20231114,509,18,13,1,25.04177,121.58735,5
500111070,20231114,511,18,14,1,25.04177,121.58735,4
500111070,20231114,512,18,14,1,25.04177,121.58735,4
500111070,20231114,513,18,14,1,25.04177,121.58735,4
500111070,20231114,514,18,14,1,25.04177,121.58735,4
500111070,20231114,515,18,14,1,25.04177,121.58735,4
500111070,20231114,516,18,14,1,25.04177,121.58735,4
500111070,20231114,517,18,14,1,25.04177,121.58735,4
500111070,20231114,518,18,14,1,25.04177,121.58735,4
500111070,20231114,519,18,14,1,25.04177,121.58735,4
500111070,20231114,521,18,14,1,25.04177,121.58735,4
500111070,20231114,522,18,14,1,25.04177,121.58735,4
500111070,20231114,523,18,14,1,25.04177,121.58735,4
500111070,20231114,524,18,14,1,25.04177,121.58735,4
500111070,20231114,525,18,14,1,25.04177,121.58735,4
500111070,20231114,526,18,15,1,25.04177,121.58735,3
500111070,20231114,527,18,15,1,25.04177,121.58735,3
500111070,20231114,528,18,15,1,25.04177,121.58735,3
500111070,20231114,529,18,15,1,25.04177,121.58735,3
500111070,20231114,531,18,16,1,25.04177,121.58735,2
500111070,20231114,532,18,16,1,25.04177,121.58735,2
500111070,20231114,533,18,16,1,25.04177,121.58735,2
500111070,20231114,534,18,16,1,25.04177,121.58735,2
500111070,20231114,535,18,16,1,25.04177,121.58735,2
500111070,20231114,536,18,18,1,25.04177,121.58735,0
500111070,20231114,537,18,18,1,25.04177,121.58735,0
500111070,20231114,538,18,18,1,25.04177,121.58735,0
500111070,20231114,539,18,18,1,25.04177,121.58735,0
500111070,20231114,541,18,18,1,25.04177,121.58735,0
500111070,20231114,542,18,18,1,25.04177,121.58735,0
500111070,20231114,543,18,17,1,25.04177,121.58735,1
500111070,20231114,544,18,17,1,25.04177,121.58735,1
500111070,20231114,545,18,16,1,25.04177,121.58735,2
500111070,20231114,546,18,16,1,25.04177,121.58735,2
500111070,20231114,547,18,15,1,25.04177,121.58735,3
500111070,20231114,548,18,16,1,25.04177,121.58735,2
500111070,20231114,549,18,16,1,25.04177,121.58735,2
500111070,20231114,550,18,15,1,25.04177,121.58735,3
500111070,20231114,551,18,15,1,25.04177,121.58735,3
500111070,20231114,552,18,15,1,25.04177,121.58735,3
500111070,20231114,553,18,15,1,25.04177,121.58735,3
500111070,20231114,554,18,15,1,25.04177,121.58735,3
500111070,20231114,555,18,15,1,25.04177,121.58735,3
500111070,20231114,556,18,14,1,25.04177,121.58735,4
500111070,20231114,557,18,14,1,25.04177,121.58735,4
500111070,20231114,558,18,14,1,25.04177,121.58735,4
500111070,20231114,559,18,15,1,25.04177,121.58735,3
500111070,20231114,561,18,15,1,25.04177,121.58735,3
500111070,20231114,562,18,15,1,25.04177,121.58735,3
500111070,20231114,563,18,16,1,25.04177,121.58735,2
500111070,20231114,564,18,16,1,25.04177,121.58735,2
500111070,20231114,565,18,16,1,25.04177,121.58735,2
500111070,20231114,566,18,17,1,25.04177,121.58735,1
500111070,20231114,567,18,17,1,25.04177,121.58735,1
500111070,20231114,568,18,18,1,25.04177,121.58735,0
500111070,20231114,569,18,18,1,25.04177,121.58735,0
500111070,20231114,571,18,18,1,25.04177,121.58735,0
500111070,20231114,572,18,18,1,25.04177,121.58735,0
500111070,20231114,573,18,18,1,25.04177,121.58735,0
500111070,20231114,574,18,18,1,25.04177,121.58735,0
500111070,20231114,575,18,18,1,25.04177,121.58735,0
500111070,20231114,576,18,18,1,25.04177,121.58735,0
500111070,20231114,577,18,18,1,25.04177,121.58735,0
500111070,20231114,578,18,18,1,25.04177,121.58735,0
500111070,20231114,579,18,18,1,25.04177,121.58735,0
500111070,20231114,580,18,18,1,25.04177,121.58735,0
500111070,20231114,581,18,18,1,25.04177,121.58735,0
500111070,20231114,582,18,18,1,25.04177,121.58735,0
500111070,20231114,583,18,18,1,25.04177,121.58735,0
500111070,20231114,584,18,18,1,25.04177,121.58735,0
500111070,20231114,585,18,18,1,25.04177,121.58735,0
500111070,20231114,586,18,18,1,25.04177,121.58735,0
500111070,20231114,587,18,17,1,25.04177,121.58735,1
500111070,20231114,588,18,18,1,25.04177,121.58735,0
500111070,20231114,589,18,18,1,25.04177,121.58735,0
500111070,20231114,590,18,18,1,25.04177,121.58735,0
500111070,20231114,591,18,18,1,25.04177,121.58735,0
500111070,20231114,592,18,18,1,25.04177,121.58735,0
500111070,20231114,593,18,18,1,25.04177,121.58735,0
500111070,20231114,594,18,18,1,25.04177,121.58735,0
500111070,20231114,595,18,18,1,25.04177,121.58735,0
500111070,20231114,596,18,18,1,25.04177,121.58735,0
500111070,20231114,597,18,18,1,25.04177,121.58735,0
500111070,20231114,598,18,18,1,25.04177,121.58735,0
500111070,20231114,599,18,18,1,25.04177,121.58735,0
500111070,20231114,601,18,18,1,25.04177,121.58735,0
500111070,20231114,602,18,18,1,25.04177,121.58735,0
500111070,20231114,603,18,18,1,25.04177,121.58735,0
500111070,20231114,604,18,18,1,25.04177,121.58735,0
500111070,20231114,605,18,18,1,25.04177,121.58735,0
500111070,20231114,606,18,17,1,25.04177,121.58735,1
500111070,20231114,607,18,17,1,25.04177,121.58735,1
500111070,20231114,608,18,17,1,25.04177,121.58735,1
500111070,20231114,609,18,17,1,25.04177,121.58735,1
500111070,20231114,610,18,17,1,25.04177,121.58735,1
500111070,20231114,611,18,17,1,25.04177,121.58735,1
500111070,20231114,612,18,17,1,25.04177,121.58735,1
500111070,20231114,613,18,18,1,25.04177,121.58735,0
500111070,20231114,614,18,18,1,25.04177,121.58735,0
500111070,20231114,615,18,18,1,25.04177,121.58735,0
500111070,20231114,616,18,18,1,25.04177,121.58735,0
500111070,20231114,617,18,18,1,25.04177,121.58735,0
500111070,20231114,618,18,18,1,25.04177,121.58735,0
500111070,20231114,619,18,18,1,25.04177,121.58735,0
500111070,20231114,621,18,18,1,25.04177,121.58735,0
500111070,20231114,622,18,18,1,25.04177,121.58735,0
500111070,20231114,623,18,18,1,25.04177,121.58735,0
500111070,20231114,624,18,18,1,25.04177,121.58735,0
500111070,20231114,625,18,18,1,25.04177,121.58735,0
500111070,20231114,626,18,18,1,25.04177,121.58735,0
500111070,20231114,627,18,18,1,25.04177,121.58735,0
500111070,20231114,628,18,18,1,25.04177,121.58735,0
500111070,20231114,629,18,18,1,25.04177,121.58735,0
500111070,20231114,631,18,18,1,25.04177,121.58735,0
500111070,20231114,632,18,18,1,25.04177,121.58735,0
500111070,20231114,633,18,18,1,25.04177,121.58735,0
500111070,20231114,634,18,18,1,25.04177,121.58735,0
500111070,20231114,635,18,18,1,25.04177,121.58735,0
500111070,20231114,636,18,18,1,25.04177,121.58735,0
500111070,20231114,637,18,18,1,25.04177,121.58735,0
500111070,20231114,638,18,18,1,25.04177,121.58735,0
500111070,20231114,639,18,18,1,25.04177,121.58735,0
500111070,20231114,640,18,18,1,25.04177,121.58735,0
500111070,20231114,641,18,18,1,25.04177,121.58735,0
500111070,20231114,642,18,18,1,25.04177,121.58735,0
500111070,20231114,643,18,18,1,25.04177,121.58735,0
500111070,20231114,644,18,18,1,25.04177,121.58735,0
500111070,20231114,645,18,18,1,25.04177,121.58735,0
500111070,20231114,646,18,18,1,25.04177,121.58735,0
500111070,20231114,647,18,18,1,25.04177,121.58735,0
500111070,20231114,648,18,18,1,25.04177,121.58735,0
500111070,20231114,649,18,18,1,25.04177,121.58735,0
500111070,20231114,650,18,18,1,25.04177,121.58735,0
500111070,20231114,651,18,17,1,25.04177,121.58735,1
500111070,20231114,652,18,17,1,25.04177,121.58735,1
500111070,20231114,653,18,16,1,25.04177,121.58735,2
500111070,20231114,654,18,17,1,25.04177,121.58735,1
500111070,20231114,655,18,17,1,25.04177,121.58735,1
500111070,20231114,656,18,17,1,25.04177,121.58735,1
500111070,20231114,657,18,17,1,25.04177,121.58735,1
500111070,20231114,658,18,17,1,25.04177,121.58735,1
500111070,20231114,659,18,18,1,25.04177,121.58735,0
500111070,20231114,661,18,18,1,25.04177,121.58735,0
500111070,20231114,662,18,18,1,25.04177,121.58735,0
500111070,20231114,663,18,18,1,25.04177,121.58735,0
500111070,20231114,664,18,18,1,25.04177,121.58735,0
500111070,20231114,665,18,18,1,25.04177,121.58735,0
500111070,20231114,666,18,18,1,25.04177,121.58735,0
500111070,20231114,667,18,18,1,25.04177,121.58735,0
500111070,20231114,668,18,18,1,25.04177,121.58735,0
500111070,20231114,669,18,18,1,25.04177,121.58735,0
500111070,20231114,670,18,18,1,25.04177,121.58735,0
500111070,20231114,671,18,18,1,25.04177,121.58735,0
500111070,20231114,672,18,18,1,25.04177,121.58735,0
500111070,20231114,673,18,18,1,25.04177,121.58735,0
500111070,20231114,674,18,18,1,25.04177,121.58735,0
500111070,20231114,675,18,18,1,25.04177,121.58735,0
500111070,20231114,676,18,18,1,25.04177,121.58735,0
500111070,20231114,677,18,18,1,25.04177,121.58735,0
500111070,20231114,678,18,18,1,25.04177,121.58735,0
500111070,20231114,679,18,18,1,25.04177,121.58735,0
500111070,20231114,681,18,18,1,25.04177,121.58735,0
500111070,20231114,682,18,18,1,25.04177,121.58735,0
500111070,20231114,683,18,18,1,25.04177,121.58735,0
500111070,20231114,684,18,18,1,25.04177,121.58735,0
500111070,20231114,685,18,18,1,25.04177,121.58735,0
500111070,20231114,686,18,18,1,25.04177,121.58735,0
500111070,20231114,688,18,18,1,25.04177,121.58735,0
500111070,20231114,689,18,18,1,25.04177,121.58735,0
500111070,20231114,691,18,18,1,25.04177,121.58735,0
500111070,20231114,692,18,18,1,25.04177,121.58735,0
500111070,20231114,693,18,18,1,25.04177,121.58735,0
500111070,20231114,694,18,18,1,25.04177,121.58735,0
500111070,20231114,695,18,18,1,25.04177,121.58735,0
500111070,20231114,696,18,18,1,25.04177,121.58735,0
500111070,20231114,697,18,18,1,25.04177,121.58735,0
500111070,20231114,698,18,18,1,25.04177,121.58735,0
500111070,20231114,699,18,18,1,25.04177,121.58735,0
500111070,20231114,701,18,18,1,25.04177,121.58735,0
500111070,20231114,702,18,18,1,25.04177,121.58735,0
500111070,20231114,703,18,18,1,25.04177,121.58735,0
500111070,20231114,704,18,18,1,25.04177,121.58735,0
500111070,20231114,705,18,18,1,25.04177,121.58735,0
500111070,20231114,706,18,18,1,25.04177,121.58735,0
500111070,20231114,707,18,18,1,25.04177,121.58735,0
500111070,20231114,708,18,18,1,25.04177,121.58735,0
500111070,20231114,709,18,18,1,25.04177,121.58735,0
500111070,20231114,711,18,18,1,25.04177,121.58735,0
500111070,20231114,712,18,18,1,25.04177,121.58735,0
500111070,20231114,713,18,18,1,25.04177,121.58735,0
500111070,20231114,714,18,18,1,25.04177,121.58735,0
500111070,20231114,715,18,18,1,25.04177,121.58735,0
500111070,20231114,716,18,18,1,25.04177,121.58735,0
500111070,20231114,717,18,18,1,25.04177,121.58735,0
500111070,20231114,718,18,18,1,25.04177,121.58735,0
500111070,20231114,719,18,18,1,25.04177,121.58735,0
500111070,20231114,721,18,18,1,25.04177,121.58735,0
500111070,20231114,722,18,18,1,25.04177,121.58735,0
500111070,20231114,723,18,18,1,25.04177,121.58735,0
500111070,20231114,724,18,18,1,25.04177,121.58735,0
500111070,20231114,725,18,18,1,25.04177,121.58735,0
500111070,20231114,726,18,18,1,25.04177,121.58735,0
500111070,20231114,727,18,18,1,25.04177,121.58735,0
500111070,20231114,728,18,18,1,25.04177,121.58735,0
500111070,20231114,729,18,18,1,25.04177,121.58735,0
500111070,20231114,731,18,18,1,25.04177,121.58735,0
500111070,20231114,732,18,18,1,25.04177,121.58735,0
500111070,20231114,733,18,18,1,25.04177,121.58735,0
500111070,20231114,734,18,18,1,25.04177,121.58735,0
500111070,20231114,735,18,18,1,25.04177,121.58735,0
500111070,20231114,736,18,18,1,25.04177,121.58735,0
500111070,20231114,737,18,18,1,25.04177,121.58735,0
500111070,20231114,738,18,18,1,25.04177,121.58735,0
500111070,20231114,739,18,18,1,25.04177,121.58735,0
500111070,20231114,741,18,18,1,25.04177,121.58735,0
500111070,20231114,742,18,18,1,25.04177,121.58735,0
500111070,20231114,743,18,18,1,25.04177,121.58735,0
500111070,20231114,744,18,17,1,25.04177,121.58735,1
500111070,20231114,745,18,17,1,25.04177,121.58735,1
500111070,20231114,746,18,17,1,25.04177,121.58735,1
500111070,20231114,747,18,17,1,25.04177,121.58735,1
500111070,20231114,748,18,17,1,25.04177,121.58735,1
500111070,20231114,749,18,17,1,25.04177,121.58735,1
500111070,20231114,751,18,17,1,25.04177,121.58735,1
500111070,20231114,752,18,18,1,25.04177,121.58735,0
500111070,20231114,753,18,18,1,25.04177,121.58735,0
500111070,20231114,754,18,18,1,25.04177,121.58735,0
500111070,20231114,755,18,18,1,25.04177,121.58735,0
500111070,20231114,756,18,18,1,25.04177,121.58735,0
500111070,20231114,757,18,18,1,25.04177,121.58735,0
500111070,20231114,758,18,18,1,25.04177,121.58735,0
500111070,20231114,759,18,18,1,25.04177,121.58735,0
500111070,20231114,761,18,18,1,25.04177,121.58735,0
500111070,20231114,762,18,18,1,25.04177,121.58735,0
500111070,20231114,763,18,18,1,25.04177,121.58735,0
500111070,20231114,764,18,18,1,25.04177,121.58735,0
500111070,20231114,765,18,18,1,25.04177,121.58735,0
500111070,20231114,766,18,18,1,25.04177,121.58735,0
500111070,20231114,767,18,18,1,25.04177,121.58735,0
500111070,20231114,768,18,18,1,25.04177,121.58735,0
500111070,20231114,769,18,17,1,25.04177,121.58735,1
500111070,20231114,770,18,17,1,25.04177,121.58735,1
500111070,20231114,772,18,17,1,25.04177,121.58735,1
500111070,20231114,773,18,17,1,25.04177,121.58735,1
500111070,20231114,774,18,17,1,25.04177,121.58735,1
500111070,20231114,775,18,17,1,25.04177,121.58735,1
500111070,20231114,776,18,17,1,25.04177,121.58735,1
500111070,20231114,777,18,17,1,25.04177,121.58735,1
500111070,20231114,778,18,17,1,25.04177,121.58735,1
500111070,20231114,779,18,17,1,25.04177,121.58735,1
500111070,20231114,781,18,17,1,25.04177,121.58735,1
500111070,20231114,782,18,17,1,25.04177,121.58735,1
500111070,20231114,783,18,17,1,25.04177,121.58735,1
500111070,20231114,784,18,17,1,25.04177,121.58735,1
500111070,20231114,785,18,18,1,25.04177,121.58735,0
500111070,20231114,786,18,18,1,25.04177,121.58735,0
500111070,20231114,787,18,18,1,25.04177,121.58735,0
500111070,20231114,788,18,17,1,25.04177,121.58735,1
500111070,20231114,789,18,17,1,25.04177,121.58735,1
500111070,20231114,790,18,17,1,25.04177,121.58735,1
500111070,20231114,791,18,17,1,25.04177,121.58735,1
500111070,20231114,792,18,17,1,25.04177,121.58735,1
500111070,20231114,793,18,17,1,25.04177,121.58735,1
500111070,20231114,794,18,18,1,25.04177,121.58735,0
500111070,20231114,795,18,18,1,25.04177,121.58735,0
500111070,20231114,796,18,18,1,25.04177,121.58735,0
500111070,20231114,797,18,18,1,25.04177,121.58735,0
500111070,20231114,798,18,18,1,25.04177,121.58735,0
500111070,20231114,799,18,18,1,25.04177,121.58735,0
500111070,20231114,801,18,18,1,25.04177,121.58735,0
500111070,20231114,802,18,18,1,25.04177,121.58735,0
500111070,20231114,803,18,17,1,25.04177,121.58735,1
500111070,20231114,804,18,16,1,25.04177,121.58735,2
500111070,20231114,805,18,16,1,25.04177,121.58735,2
500111070,20231114,806,18,16,1,25.04177,121.58735,2
500111070,20231114,807,18,17,1,25.04177,121.58735,1
500111070,20231114,808,18,17,1,25.04177,121.58735,1
500111070,20231114,809,18,17,1,25.04177,121.58735,1
500111070,20231114,810,18,17,1,25.04177,121.58735,1
500111070,20231114,811,18,17,1,25.04177,121.58735,1
500111070,20231114,812,18,17,1,25.04177,121.58735,1
500111070,20231114,813,18,17,1,25.04177,121.58735,1
500111070,20231114,814,18,17,1,25.04177,121.58735,1
500111070,20231114,815,18,17,1,25.04177,121.58735,1
500111070,20231114,816,18,17,1,25.04177,121.58735,1
500111070,20231114,817,18,17,1,25.04177,121.58735,1
500111070,20231114,818,18,18,1,25.04177,121.58735,0
500111070,20231114,819,18,18,1,25.04177,121.58735,0
500111070,20231114,820,18,18,1,25.04177,121.58735,0
500111070,20231114,821,18,18,1,25.04177,121.58735,0
500111070,20231114,822,18,18,1,25.04177,121.58735,0
500111070,20231114,823,18,18,1,25.04177,121.58735,0
500111070,20231114,824,18,18,1,25.04177,121.58735,0
500111070,20231114,825,18,18,1,25.04177,121.58735,0
500111070,20231114,826,18,18,1,25.04177,121.58735,0
500111070,20231114,827,18,18,1,25.04177,121.58735,0
500111070,20231114,828,18,18,1,25.04177,121.58735,0
500111070,20231114,829,18,18,1,25.04177,121.58735,0
500111070,20231114,830,18,18,1,25.04177,121.58735,0
500111070,20231114,831,18,18,1,25.04177,121.58735,0
500111070,20231114,832,18,18,1,25.04177,121.58735,0
500111070,20231114,833,18,18,1,25.04177,121.58735,0
500111070,20231114,834,18,18,1,25.04177,121.58735,0
500111070,20231114,835,18,18,1,25.04177,121.58735,0
500111070,20231114,836,18,18,1,25.04177,121.58735,0
500111070,20231114,837,18,18,1,25.04177,121.58735,0
500111070,20231114,838,18,18,1,25.04177,121.58735,0
500111070,20231114,839,18,18,1,25.04177,121.58735,0
500111070,20231114,841,18,18,1,25.04177,121.58735,0
500111070,20231114,842,18,18,1,25.04177,121.58735,0
500111070,20231114,843,18,18,1,25.04177,121.58735,0
500111070,20231114,844,18,18,1,25.04177,121.58735,0
500111070,20231114,845,18,18,1,25.04177,121.58735,0
500111070,20231114,846,18,18,1,25.04177,121.58735,0
500111070,20231114,847,18,18,1,25.04177,121.58735,0
500111070,20231114,848,18,18,1,25.04177,121.58735,0
500111070,20231114,849,18,18,1,25.04177,121.58735,0
500111070,20231114,850,18,18,1,25.04177,121.58735,0
500111070,20231114,851,18,18,1,25.04177,121.58735,0
500111070,20231114,852,18,18,1,25.04177,121.58735,0
500111070,20231114,853,18,18,1,25.04177,121.58735,0
500111070,20231114,854,18,18,1,25.04177,121.58735,0
500111070,20231114,855,18,18,1,25.04177,121.58735,0
500111070,20231114,856,18,18,1,25.04177,121.58735,0
500111070,20231114,857,18,18,1,25.04177,121.58735,0
500111070,20231114,858,18,18,1,25.04177,121.58735,0
500111070,20231114,859,18,18,1,25.04177,121.58735,0
500111070,20231114,861,18,18,1,25.04177,121.58735,0
500111070,20231114,862,18,18,1,25.04177,121.58735,0
500111070,20231114,863,18,18,1,25.04177,121.58735,0
500111070,20231114,864,18,18,1,25.04177,121.58735,0
500111070,20231114,865,18,18,1,25.04177,121.58735,0
500111070,20231114,866,18,18,1,25.04177,121.58735,0
500111070,20231114,867,18,18,1,25.04177,121.58735,0
500111070,20231114,868,18,18,1,25.04177,121.58735,0
500111070,20231114,869,18,18,1,25.04177,121.58735,0
500111070,20231114,871,18,18,1,25.04177,121.58735,0
500111070,20231114,872,18,18,1,25.04177,121.58735,0
500111070,20231114,873,18,18,1,25.04177,121.58735,0
500111070,20231114,874,18,18,1,25.04177,121.58735,0
500111070,20231114,875,18,18,1,25.04177,121.58735,0
500111070,20231114,876,18,18,1,25.04177,121.58735,0
500111070,20231114,877,18,18,1,25.04177,121.58735,0
500111070,20231114,878,18,18,1,25.04177,121.58735,0
500111070,20231114,879,18,18,1,25.04177,121.58735,0
500111070,20231114,880,18,18,1,25.04177,121.58735,0
500111070,20231114,881,18,18,1,25.04177,121.58735,0
500111070,20231114,882,18,18,1,25.04177,121.58735,0
500111070,20231114,883,18,18,1,25.04177,121.58735,0
500111070,20231114,884,18,18,1,25.04177,121.58735,0
500111070,20231114,885,18,18,1,25.04177,121.58735,0
500111070,20231114,886,18,17,1,25.04177,121.58735,1
500111070,20231114,887,18,16,1,25.04177,121.58735,2
500111070,20231114,888,18,16,1,25.04177,121.58735,2
500111070,20231114,889,18,16,1,25.04177,121.58735,2
500111070,20231114,890,18,16,1,25.04177,121.58735,2
500111070,20231114,891,18,16,1,25.04177,121.58735,2
500111070,20231114,892,18,15,1,25.04177,121.58735,3
500111070,20231114,893,18,14,1,25.04177,121.58735,4
500111070,20231114,894,18,14,1,25.04177,121.58735,4
500111070,20231114,895,18,14,1,25.04177,121.58735,4
500111070,20231114,896,18,14,1,25.04177,121.58735,4
500111070,20231114,897,18,14,1,25.04177,121.58735,4
500111070,20231114,898,18,14,1,25.04177,121.58735,4
500111070,20231114,899,18,14,1,25.04177,121.58735,4
500111070,20231114,901,18,14,1,25.04177,121.58735,4
500111070,20231114,902,18,14,1,25.04177,121.58735,4
500111070,20231114,903,18,14,1,25.04177,121.58735,4
500111070,20231114,904,18,14,1,25.04177,121.58735,4
500111070,20231114,905,18,14,1,25.04177,121.58735,4
500111070,20231114,906,18,14,1,25.04177,121.58735,4
500111070,20231114,907,18,14,1,25.04177,121.58735,4
500111070,20231114,908,18,14,1,25.04177,121.58735,4
500111070,20231114,909,18,14,1,25.04177,121.58735,4
500111070,20231114,910,18,14,1,25.04177,121.58735,4
500111070,20231114,911,18,14,1,25.04177,121.58735,4
500111070,20231114,912,18,14,1,25.04177,121.58735,4
500111070,20231114,913,18,14,1,25.04177,121.58735,4
500111070,20231114,914,18,14,1,25.04177,121.58735,4
500111070,20231114,915,18,14,1,25.04177,121.58735,4
500111070,20231114,916,18,14,1,25.04177,121.58735,4
500111070,20231114,917,18,14,1,25.04177,121.58735,4
500111070,20231114,918,18,14,1,25.04177,121.58735,4
500111070,20231114,919,18,13,1,25.04177,121.58735,5
500111070,20231114,921,18,13,1,25.04177,121.58735,5
500111070,20231114,922,18,13,1,25.04177,121.58735,5
500111070,20231114,923,18,13,1,25.04177,121.58735,5
500111070,20231114,924,18,13,1,25.04177,121.58735,5
500111070,20231114,925,18,13,1,25.04177,121.58735,5
500111070,20231114,926,18,13,1,25.04177,121.58735,5
500111070,20231114,927,18,13,1,25.04177,121.58735,5
500111070,20231114,928,18,13,1,25.04177,121.58735,5
500111070,20231114,929,18,13,1,25.04177,121.58735,5
500111070,20231114,931,18,13,1,25.04177,121.58735,5
500111070,20231114,932,18,13,1,25.04177,121.58735,5
500111070,20231114,933,18,13,1,25.04177,121.58735,5
500111070,20231114,934,18,13,1,25.04177,121.58735,5
500111070,20231114,935,18,13,1,25.04177,121.58735,5
500111070,20231114,936,18,11,1,25.04177,121.58735,7
500111070,20231114,937,18,11,1,25.04177,121.58735,7
500111070,20231114,938,18,11,1,25.04177,121.58735,7
500111070,20231114,939,18,11,1,25.04177,121.58735,7
500111070,20231114,941,18,11,1,25.04177,121.58735,7
500111070,20231114,942,18,11,1,25.04177,121.58735,7
500111070,20231114,943,18,11,1,25.04177,121.58735,7
500111070,20231114,944,18,11,1,25.04177,121.58735,7
500111070,20231114,945,18,11,1,25.04177,121.58735,7
500111070,20231114,947,18,11,1,25.04177,121.58735,7
500111070,20231114,948,18,11,1,25.04177,121.58735,7
500111070,20231114,949,18,11,1,25.04177,121.58735,7
500111070,20231114,951,18,12,1,25.04177,121.58735,6
500111070,20231114,952,18,12,1,25.04177,121.58735,6
500111070,20231114,953,18,12,1,25.04177,121.58735,6
500111070,20231114,954,18,12,1,25.04177,121.58735,6
500111070,20231114,955,18,12,1,25.04177,121.58735,6
500111070,20231114,956,18,12,1,25.04177,121.58735,6
500111070,20231114,957,18,12,1,25.04177,121.58735,6
500111070,20231114,958,18,12,1,25.04177,121.58735,6
500111070,20231114,959,18,12,1,25.04177,121.58735,6
500111070,20231114,961,18,13,1,25.04177,121.58735,5
500111070,20231114,962,18,13,1,25.04177,121.58735,5
500111070,20231114,963,18,13,1,25.04177,121.58735,5
500111070,20231114,964,18,13,1,25.04177,121.58735,5
500111070,20231114,965,18,14,1,25.04177,121.58735,4
500111070,20231114,966,18,14,1,25.04177,121.58735,4
500111070,20231114,967,18,14,1,25.04177,121.58735,4
500111070,20231114,968,18,14,1,25.04177,121.58735,4
500111070,20231114,969,18,14,1,25.04177,121.58735,4
500111070,20231114,971,18,12,1,25.04177,121.58735,6
500111070,20231114,972,18,12,1,25.04177,121.58735,6
500111070,20231114,973,18,12,1,25.04177,121.58735,6
500111070,20231114,974,18,12,1,25.04177,121.58735,6
500111070,20231114,975,18,13,1,25.04177,121.58735,5
500111070,20231114,977,18,13,1,25.04177,121.58735,5
500111070,20231114,978,18,13,1,25.04177,121.58735,5
500111070,20231114,979,18,13,1,25.04177,121.58735,5
500111070,20231114,981,18,13,1,25.04177,121.58735,5
500111070,20231114,982,18,12,1,25.04177,121.58735,6
500111070,20231114,983,18,13,1,25.04177,121.58735,5
500111070,20231114,984,18,14,1,25.04177,121.58735,4
500111070,20231114,985,18,14,1,25.04177,121.58735,4
500111070,20231114,986,18,14,1,25.04177,121.58735,4
500111070,20231114,987,18,14,1,25.04177,121.58735,4
500111070,20231114,988,18,15,1,25.04177,121.58735,3
500111070,20231114,989,18,15,1,25.04177,121.58735,3
500111070,20231114,991,18,15,1,25.04177,121.58735,3
500111070,20231114,992,18,15,1,25.04177,121.58735,3
500111070,20231114,993,18,14,1,25.04177,121.58735,4
500111070,20231114,994,18,14,1,25.04177,121.58735,4
500111070,20231114,995,18,14,1,25.04177,121.58735,4
500111070,20231114,996,18,14,1,25.04177,121.58735,4
500111070,20231114,997,18,14,1,25.04177,121.58735,4
500111070,20231114,998,18,14,1,25.04177,121.58735,4
500111070,20231114,999,18,14,1,25.04177,121.58735,4
500111070,20231114,1001,18,13,1,25.04177,121.58735,5
500111070,20231114,1002,18,14,1,25.04177,121.58735,4
500111070,20231114,1003,18,15,1,25.04177,121.58735,3
500111070,20231114,1004,18,14,1,25.04177,121.58735,4
500111070,20231114,1005,18,14,1,25.04177,121.58735,4
500111070,20231114,1006,18,14,1,25.04177,121.58735,4
500111070,20231114,1007,18,14,1,25.04177,121.58735,4
500111070,20231114,1008,18,14,1,25.04177,121.58735,4
500111070,20231114,1009,18,14,1,25.04177,121.58735,4
500111070,20231114,1011,18,14,1,25.04177,121.58735,4
500111070,20231114,1012,18,14,1,25.04177,121.58735,4
500111070,20231114,1013,18,14,1,25.04177,121.58735,4
500111070,20231114,1014,18,14,1,25.04177,121.58735,4
500111070,20231114,1015,18,14,1,25.04177,121.58735,4
500111070,20231114,1016,18,14,1,25.04177,121.58735,4
500111070,20231114,1017,18,14,1,25.04177,121.58735,4
500111070,20231114,1018,18,14,1,25.04177,121.58735,4
500111070,20231114,1019,18,14,1,25.04177,121.58735,4
500111070,20231114,1021,18,14,1,25.04177,121.58735,4
500111070,20231114,1022,18,14,1,25.04177,121.58735,4
500111070,20231114,1023,18,14,1,25.04177,121.58735,4
500111070,20231114,1024,18,14,1,25.04177,121.58735,4
500111070,20231114,1025,18,14,1,25.04177,121.58735,4
500111070,20231114,1026,18,14,1,25.04177,121.58735,4
500111070,20231114,1027,18,14,1,25.04177,121.58735,4
500111070,20231114,1028,18,13,1,25.04177,121.58735,5
500111070,20231114,1029,18,13,1,25.04177,121.58735,5
500111070,20231114,1031,18,13,1,25.04177,121.58735,5
500111070,20231114,1032,18,13,1,25.04177,121.58735,5
500111070,20231114,1034,18,14,1,25.04177,121.58735,4
500111070,20231114,1035,18,14,1,25.04177,121.58735,4
500111070,20231114,1036,18,14,1,25.04177,121.58735,4
500111070,20231114,1037,18,14,1,25.04177,121.58735,4
500111070,20231114,1038,18,14,1,25.04177,121.58735,4
500111070,20231114,1039,18,14,1,25.04177,121.58735,4
500111070,20231114,1041,18,14,1,25.04177,121.58735,4
500111070,20231114,1042,18,14,1,25.04177,121.58735,4
500111070,20231114,1043,18,14,1,25.04177,121.58735,4
500111070,20231114,1044,18,14,1,25.04177,121.58735,4
500111070,20231114,1045,18,14,1,25.04177,121.58735,4
500111070,20231114,1046,18,14,1,25.04177,121.58735,4
500111070,20231114,1047,18,14,1,25.04177,121.58735,4
500111070,20231114,1048,18,14,1,25.04177,121.58735,4
500111070,20231114,1049,18,14,1,25.04177,121.58735,4
500111070,20231114,1051,18,14,1,25.04177,121.58735,4
500111070,20231114,1052,18,14,1,25.04177,121.58735,4
500111070,20231114,1053,18,14,1,25.04177,121.58735,4
500111070,20231114,1054,18,14,1,25.04177,121.58735,4
500111070,20231114,1055,18,14,1,25.04177,121.58735,4
500111070,20231114,1056,18,14,1,25.04177,121.58735,4
500111070,20231114,1057,18,14,1,25.04177,121.58735,4
500111070,20231114,1058,18,14,1,25.04177,121.58735,4
500111070,20231114,1059,18,14,1,25.04177,121.58735,4
500111070,20231114,1060,18,14,1,25.04177,121.58735,4
500111070,20231114,1061,18,14,1,25.04177,121.58735,4
500111070,20231114,1062,18,14,1,25.04177,121.58735,4
500111070,20231114,1063,18,14,1,25.04177,121.58735,4
500111070,20231114,1064,18,14,1,25.04177,121.58735,4
500111070,20231114,1065,18,14,1,25.04177,121.58735,4
500111070,20231114,1066,18,14,1,25.04177,121.58735,4
500111070,20231114,1067,18,14,1,25.04177,121.58735,4
500111070,20231114,1068,18,14,1,25.04177,121.58735,4
500111070,20231114,1069,18,14,1,25.04177,121.58735,4
500111070,20231114,1070,18,13,1,25.04177,121.58735,5
500111070,20231114,1071,18,13,1,25.04177,121.58735,5
500111070,20231114,1072,18,13,1,25.04177,121.58735,5
500111070,20231114,1073,18,13,1,25.04177,121.58735,5
500111070,20231114,1074,18,13,1,25.04177,121.58735,5
500111070,20231114,1075,18,13,1,25.04177,121.58735,5
500111070,20231114,1076,18,13,1,25.04177,121.58735,5
500111070,20231114,1077,18,13,1,25.04177,121.58735,5
500111070,20231114,1078,18,11,1,25.04177,121.58735,7
500111070,20231114,1079,18,10,1,25.04177,121.58735,8
500111070,20231114,1081,18,10,1,25.04177,121.58735,8
500111070,20231114,1082,18,10,1,25.04177,121.58735,8
500111070,20231114,1083,18,9,1,25.04177,121.58735,9
500111070,20231114,1084,18,9,1,25.04177,121.58735,9
500111070,20231114,1085,18,9,1,25.04177,121.58735,9
500111070,20231114,1086,18,9,1,25.04177,121.58735,9
500111070,20231114,1087,18,9,1,25.04177,121.58735,9
500111070,20231114,1088,18,9,1,25.04177,121.58735,9
500111070,20231114,1089,18,10,1,25.04177,121.58735,8
500111070,20231114,1090,18,10,1,25.04177,121.58735,8
500111070,20231114,1091,18,10,1,25.04177,121.58735,8
500111070,20231114,1092,18,9,1,25.04177,121.58735,9
500111070,20231114,1093,18,9,1,25.04177,121.58735,9
500111070,20231114,1094,18,9,1,25.04177,121.58735,9
500111070,20231114,1095,18,9,1,25.04177,121.58735,9
500111070,20231114,1096,18,9,1,25.04177,121.58735,9
500111070,20231114,1097,18,9,1,25.04177,121.58735,9
500111070,20231114,1098,18,9,1,25.04177,121.58735,9
500111070,20231114,1099,18,9,1,25.04177,121.58735,9
500111070,20231114,1101,18,9,1,25.04177,121.58735,9
500111070,20231114,1102,18,9,1,25.04177,121.58735,9
500111070,20231114,1103,18,10,1,25.04177,121.58735,8
500111070,20231114,1104,18,9,1,25.04177,121.58735,9
500111070,20231114,1105,18,9,1,25.04177,121.58735,9
500111070,20231114,1106,18,9,1,25.04177,121.58735,9
500111070,20231114,1107,18,9,1,25.04177,121.58735,9
500111070,20231114,1108,18,10,1,25.04177,121.58735,8
500111070,20231114,1109,18,10,1,25.04177,121.58735,8
500111070,20231114,1111,18,9,1,25.04177,121.58735,9
500111070,20231114,1112,18,9,1,25.04177,121.58735,9
500111070,20231114,1113,18,9,1,25.04177,121.58735,9
500111070,20231114,1114,18,9,1,25.04177,121.58735,9
500111070,20231114,1115,18,9,1,25.04177,121.58735,9
500111070,20231114,1116,18,9,1,25.04177,121.58735,9
500111070,20231114,1117,18,9,1,25.04177,121.58735,9
500111070,20231114,1118,18,9,1,25.04177,121.58735,9
500111070,20231114,1119,18,9,1,25.04177,121.58735,9
500111070,20231114,1120,18,9,1,25.04177,121.58735,9
500111070,20231114,1121,18,9,1,25.04177,121.58735,9
500111070,20231114,1122,18,9,1,25.04177,121.58735,9
500111070,20231114,1123,18,7,1,25.04177,121.58735,11
500111070,20231114,1124,18,7,1,25.04177,121.58735,11
500111070,20231114,1125,18,7,1,25.04177,121.58735,11
500111070,20231114,1126,18,7,1,25.04177,121.58735,11
500111070,20231114,1127,18,7,1,25.04177,121.58735,11
500111070,20231114,1128,18,7,1,25.04177,121.58735,11
500111070,20231114,1129,18,7,1,25.04177,121.58735,11
500111070,20231114,1130,18,7,1,25.04177,121.58735,11
500111070,20231114,1131,18,7,1,25.04177,121.58735,11
500111070,20231114,1132,18,7,1,25.04177,121.58735,11
500111070,20231114,1133,18,7,1,25.04177,121.58735,11
500111070,20231114,1134,18,7,1,25.04177,121.58735,11
500111070,20231114,1135,18,7,1,25.04177,121.58735,11
500111070,20231114,1136,18,7,1,25.04177,121.58735,11
500111070,20231114,1137,18,7,1,25.04177,121.58735,11
500111070,20231114,1138,18,7,1,25.04177,121.58735,11
500111070,20231114,1139,18,7,1,25.04177,121.58735,11
500111070,20231114,1141,18,7,1,25.04177,121.58735,11
500111070,20231114,1142,18,6,1,25.04177,121.58735,12
500111070,20231114,1143,18,6,1,25.04177,121.58735,12
500111070,20231114,1144,18,6,1,25.04177,121.58735,12
500111070,20231114,1145,18,6,1,25.04177,121.58735,12
500111070,20231114,1146,18,6,1,25.04177,121.58735,12
500111070,20231114,1147,18,6,1,25.04177,121.58735,12
500111070,20231114,1148,18,6,1,25.04177,121.58735,12
500111070,20231114,1149,18,6,1,25.04177,121.58735,12
500111070,20231114,1150,18,5,1,25.04177,121.58735,13
500111070,20231114,1151,18,5,1,25.04177,121.58735,13
500111070,20231114,1152,18,5,1,25.04177,121.58735,13
500111070,20231114,1153,18,6,1,25.04177,121.58735,12
500111070,20231114,1154,18,5,1,25.04177,121.58735,13
500111070,20231114,1155,18,5,1,25.04177,121.58735,13
500111070,20231114,1156,18,5,1,25.04177,121.58735,13
500111070,20231114,1157,18,5,1,25.04177,121.58735,13
500111070,20231114,1158,18,5,1,25.04177,121.58735,13
500111070,20231114,1159,18,5,1,25.04177,121.58735,13
500111070,20231114,1161,18,5,1,25.04177,121.58735,13
500111070,20231114,1162,18,5,1,25.04177,121.58735,13
500111070,20231114,1163,18,5,1,25.04177,121.58735,13
500111070,20231114,1164,18,5,1,25.04177,121.58735,13
500111070,20231114,1165,18,5,1,25.04177,121.58735,13
500111070,20231114,1166,18,5,1,25.04177,121.58735,13
500111070,20231114,1167,18,5,1,25.04177,121.58735,13
500111070,20231114,1168,18,11,1,25.04177,121.58735,7
500111070,20231114,1169,18,18,1,25.04177,121.58735,0
500111070,20231114,1171,18,18,1,25.04177,121.58735,0
500111070,20231114,1172,18,18,1,25.04177,121.58735,0
500111070,20231114,1173,18,18,1,25.04177,121.58735,0
500111070,20231114,1174,18,18,1,25.04177,121.58735,0
500111070,20231114,1175,18,18,1,25.04177,121.58735,0
500111070,20231114,1176,18,18,1,25.04177,121.58735,0
500111070,20231114,1177,18,18,1,25.04177,121.58735,0
500111070,20231114,1178,18,18,1,25.04177,121.58735,0
500111070,20231114,1179,18,18,1,25.04177,121.58735,0
500111070,20231114,1180,18,18,1,25.04177,121.58735,0
500111070,20231114,1181,18,18,1,25.04177,121.58735,0
500111070,20231114,1182,18,17,1,25.04177,121.58735,1
500111070,20231114,1183,18,17,1,25.04177,121.58735,1
500111070,20231114,1184,18,17,1,25.04177,121.58735,1
500111070,20231114,1185,18,17,1,25.04177,121.58735,1
500111070,20231114,1186,18,17,1,25.04177,121.58735,1
500111070,20231114,1187,18,17,1,25.04177,121.58735,1
500111070,20231114,1188,18,17,1,25.04177,121.58735,1
500111070,20231114,1189,18,17,1,25.04177,121.58735,1
500111070,20231114,1190,18,17,1,25.04177,121.58735,1
500111070,20231114,1191,18,17,1,25.04177,121.58735,1
500111070,20231114,1192,18,17,1,25.04177,121.58735,1
500111070,20231114,1193,18,17,1,25.04177,121.58735,1
500111070,20231114,1194,18,17,1,25.04177,121.58735,1
500111070,20231114,1195,18,17,1,25.04177,121.58735,1
500111070,20231114,1196,18,17,1,25.04177,121.58735,1
500111070,20231114,1197,18,17,1,25.04177,121.58735,1
500111070,20231114,1198,18,17,1,25.04177,121.58735,1
500111070,20231114,1199,18,17,1,25.04177,121.58735,1
500111070,20231114,1201,18,17,1,25.04177,121.58735,1
500111070,20231114,1203,18,18,1,25.04177,121.58735,0
500111070,20231114,1204,18,18,1,25.04177,121.58735,0
500111070,20231114,1205,18,18,1,25.04177,121.58735,0
500111070,20231114,1206,18,18,1,25.04177,121.58735,0
500111070,20231114,1207,18,18,1,25.04177,121.58735,0
500111070,20231114,1208,18,18,1,25.04177,121.58735,0
500111070,20231114,1209,18,18,1,25.04177,121.58735,0
500111070,20231114,1211,18,18,1,25.04177,121.58735,0
500111070,20231114,1212,18,18,1,25.04177,121.58735,0
500111070,20231114,1213,18,18,1,25.04177,121.58735,0
500111070,20231114,1214,18,18,1,25.04177,121.58735,0
500111070,20231114,1215,18,18,1,25.04177,121.58735,0
500111070,20231114,1216,18,18,1,25.04177,121.58735,0
500111070,20231114,1217,18,18,1,25.04177,121.58735,0
500111070,20231114,1218,18,18,1,25.04177,121.58735,0
500111070,20231114,1219,18,18,1,25.04177,121.58735,0
500111070,20231114,1221,18,18,1,25.04177,121.58735,0
500111070,20231114,1222,18,18,1,25.04177,121.58735,0
500111070,20231114,1223,18,18,1,25.04177,121.58735,0
500111070,20231114,1224,18,18,1,25.04177,121.58735,0
500111070,20231114,1225,18,18,1,25.04177,121.58735,0
500111070,20231114,1226,18,18,1,25.04177,121.58735,0
500111070,20231114,1227,18,18,1,25.04177,121.58735,0
500111070,20231114,1228,18,18,1,25.04177,121.58735,0
500111070,20231114,1229,18,18,1,25.04177,121.58735,0
500111070,20231114,1231,18,18,1,25.04177,121.58735,0
500111070,20231114,1232,18,18,1,25.04177,121.58735,0
500111070,20231114,1233,18,18,1,25.04177,121.58735,0
500111070,20231114,1234,18,18,1,25.04177,121.58735,0
500111070,20231114,1235,18,18,1,25.04177,121.58735,0
500111070,20231114,1236,18,18,1,25.04177,121.58735,0
500111070,20231114,1237,18,18,1,25.04177,121.58735,0
500111070,20231114,1238,18,17,1,25.04177,121.58735,1
500111070,20231114,1239,18,17,1,25.04177,121.58735,1
500111070,20231114,1241,18,17,1,25.04177,121.58735,1
500111070,20231114,1242,18,17,1,25.04177,121.58735,1
500111070,20231114,1243,18,17,1,25.04177,121.58735,1
500111070,20231114,1244,18,17,1,25.04177,121.58735,1
500111070,20231114,1245,18,17,1,25.04177,121.58735,1
500111070,20231114,1246,18,17,1,25.04177,121.58735,1
500111070,20231114,1247,18,17,1,25.04177,121.58735,1
500111070,20231114,1248,18,17,1,25.04177,121.58735,1
500111070,20231114,1249,18,16,1,25.04177,121.58735,2
500111070,20231114,1251,18,15,1,25.04177,121.58735,3
500111070,20231114,1252,18,15,1,25.04177,121.58735,3
500111070,20231114,1253,18,15,1,25.04177,121.58735,3
500111070,20231114,1254,18,15,1,25.04177,121.58735,3
500111070,20231114,1255,18,15,1,25.04177,121.58735,3
500111070,20231114,1256,18,14,1,25.04177,121.58735,4
500111070,20231114,1257,18,14,1,25.04177,121.58735,4
500111070,20231114,1258,18,14,1,25.04177,121.58735,4
500111070,20231114,1259,18,14,1,25.04177,121.58735,4
500111070,20231114,1261,18,14,1,25.04177,121.58735,4
500111070,20231114,1262,18,14,1,25.04177,121.58735,4
500111070,20231114,1263,18,15,1,25.04177,121.58735,3
500111070,20231114,1264,18,15,1,25.04177,121.58735,3
500111070,20231114,1265,18,15,1,25.04177,121.58735,3
500111070,20231114,1266,18,15,1,25.04177,121.58735,3
500111070,20231114,1267,18,15,1,25.04177,121.58735,3
500111070,20231114,1268,18,15,1,25.04177,121.58735,3
500111070,20231114,1269,18,15,1,25.04177,121.58735,3
500111070,20231114,1271,18,15,1,25.04177,121.58735,3
500111070,20231114,1272,18,15,1,25.04177,121.58735,3
500111070,20231114,1273,18,15,1,25.04177,121.58735,3
500111070,20231114,1274,18,15,1,25.04177,121.58735,3
500111070,20231114,1275,18,15,1,25.04177,121.58735,3
500111070,20231114,1276,18,15,1,25.04177,121.58735,3
500111070,20231114,1277,18,15,1,25.04177,121.58735,3
500111070,20231114,1278,18,15,1,25.04177,121.58735,3
500111070,20231114,1279,18,14,1,25.04177,121.58735,4
500111070,20231114,1281,18,14,1,25.04177,121.58735,4
500111070,20231114,1282,18,13,1,25.04177,121.58735,5
500111070,20231114,1283,18,13,1,25.04177,121.58735,5
500111070,20231114,1284,18,13,1,25.04177,121.58735,5
500111070,20231114,1285,18,13,1,25.04177,121.58735,5
500111070,20231114,1286,18,13,1,25.04177,121.58735,5
500111070,20231114,1287,18,13,1,25.04177,121.58735,5
500111070,20231114,1288,18,13,1,25.04177,121.58735,5
500111070,20231114,1289,18,13,1,25.04177,121.58735,5
500111070,20231114,1291,18,13,1,25.04177,121.58735,5
500111070,20231114,1292,18,13,1,25.04177,121.58735,5
500111070,20231114,1293,18,13,1,25.04177,121.58735,5
500111070,20231114,1294,18,12,1,25.04177,121.58735,6
500111070,20231114,1295,18,12,1,25.04177,121.58735,6
500111070,20231114,1296,18,12,1,25.04177,121.58735,6
500111070,20231114,1297,18,12,1,25.04177,121.58735,6
500111070,20231114,1298,18,12,1,25.04177,121.58735,6
500111070,20231114,1299,18,12,1,25.04177,121.58735,6
500111070,20231114,1300,18,12,1,25.04177,121.58735,6
500111070,20231114,1301,18,12,1,25.04177,121.58735,6
500111070,20231114,1302,18,11,1,25.04177,121.58735,7
500111070,20231114,1303,18,11,1,25.04177,121.58735,7
500111070,20231114,1304,18,11,1,25.04177,121.58735,7
500111070,20231114,1305,18,11,1,25.04177,121.58735,7
500111070,20231114,1306,18,11,1,25.04177,121.58735,7
500111070,20231114,1307,18,11,1,25.04177,121.58735,7
500111070,20231114,1308,18,11,1,25.04177,121.58735,7
500111070,20231114,1309,18,11,1,25.04177,121.58735,7
500111070,20231114,1310,18,11,1,25.04177,121.58735,7
500111070,20231114,1311,18,11,1,25.04177,121.58735,7
500111070,20231114,1312,18,11,1,25.04177,121.58735,7
500111070,20231114,1313,18,11,1,25.04177,121.58735,7
500111070,20231114,1314,18,11,1,25.04177,121.58735,7
500111070,20231114,1315,18,11,1,25.04177,121.58735,7
500111070,20231114,1316,18,11,1,25.04177,121.58735,7
500111070,20231114,1317,18,11,1,25.04177,121.58735,7
500111070,20231114,1318,18,11,1,25.04177,121.58735,7
500111070,20231114,1319,18,11,1,25.04177,121.58735,7
500111070,20231114,1321,18,11,1,25.04177,121.58735,7
500111070,20231114,1322,18,11,1,25.04177,121.58735,7
500111070,20231114,1323,18,11,1,25.04177,121.58735,7
500111070,20231114,1324,18,11,1,25.04177,121.58735,7
500111070,20231114,1325,18,11,1,25.04177,121.58735,7
500111070,20231114,1326,18,11,1,25.04177,121.58735,7
500111070,20231114,1327,18,11,1,25.04177,121.58735,7
500111070,20231114,1328,18,11,1,25.04177,121.58735,7
500111070,20231114,1329,18,11,1,25.04177,121.58735,7
500111070,20231114,1330,18,11,1,25.04177,121.58735,7
500111070,20231114,1331,18,11,1,25.04177,121.58735,7
500111070,20231114,1332,18,11,1,25.04177,121.58735,7
500111070,20231114,1333,18,11,1,25.04177,121.58735,7
500111070,20231114,1334,18,11,1,25.04177,121.58735,7
500111070,20231114,1335,18,11,1,25.04177,121.58735,7
500111070,20231114,1336,18,11,1,25.04177,121.58735,7
500111070,20231114,1337,18,11,1,25.04177,121.58735,7
500111070,20231114,1338,18,11,1,25.04177,121.58735,7
500111070,20231114,1339,18,11,1,25.04177,121.58735,7
500111070,20231114,1341,18,11,1,25.04177,121.58735,7
500111070,20231114,1342,18,11,1,25.04177,121.58735,7
500111070,20231114,1343,18,11,1,25.04177,121.58735,7
500111070,20231114,1344,18,11,1,25.04177,121.58735,7
500111070,20231114,1345,18,11,1,25.04177,121.58735,7
500111070,20231114,1346,18,11,1,25.04177,121.58735,7
500111070,20231114,1347,18,11,1,25.04177,121.58735,7
500111070,20231114,1348,18,11,1,25.04177,121.58735,7
500111070,20231114,1349,18,10,1,25.04177,121.58735,8
500111070,20231114,1350,18,10,1,25.04177,121.58735,8
500111070,20231114,1351,18,10,1,25.04177,121.58735,8
500111070,20231114,1352,18,10,1,25.04177,121.58735,8
500111070,20231114,1353,18,11,1,25.04177,121.58735,7
500111070,20231114,1354,18,11,1,25.04177,121.58735,7
500111070,20231114,1355,18,11,1,25.04177,121.58735,7
500111070,20231114,1356,18,10,1,25.04177,121.58735,8
500111070,20231114,1357,18,10,1,25.04177,121.58735,8
500111070,20231114,1358,18,10,1,25.04177,121.58735,8
500111070,20231114,1359,18,9,1,25.04177,121.58735,9
500111070,20231114,1360,18,9,1,25.04177,121.58735,9
500111070,20231114,1361,18,9,1,25.04177,121.58735,9
500111070,20231114,1362,18,9,1,25.04177,121.58735,9
500111070,20231114,1363,18,9,1,25.04177,121.58735,9
500111070,20231114,1364,18,9,1,25.04177,121.58735,9
500111070,20231114,1365,18,9,1,25.04177,121.58735,9
500111070,20231114,1366,18,9,1,25.04177,121.58735,9
500111070,20231114,1367,18,9,1,25.04177,121.58735,9
500111070,20231114,1368,18,8,1,25.04177,121.58735,10
500111070,20231114,1369,18,8,1,25.04177,121.58735,10
500111070,20231114,1370,18,8,1,25.04177,121.58735,10
500111070,20231114,1371,18,8,1,25.04177,121.58735,10
500111070,20231114,1372,18,9,1,25.04177,121.58735,9
500111070,20231114,1373,18,9,1,25.04177,121.58735,9
500111070,20231114,1374,18,9,1,25.04177,121.58735,9
500111070,20231114,1375,18,9,1,25.04177,121.58735,9
500111070,20231114,1376,18,8,1,25.04177,121.58735,10
500111070,20231114,1377,18,8,1,25.04177,121.58735,10
500111070,20231114,1378,18,10,1,25.04177,121.58735,8
500111070,20231114,1379,18,12,1,25.04177,121.58735,6
500111070,20231114,1381,18,12,1,25.04177,121.58735,6
500111070,20231114,1382,18,12,1,25.04177,121.58735,6
500111070,20231114,1383,18,12,1,25.04177,121.58735,6
500111070,20231114,1384,18,12,1,25.04177,121.58735,6
500111070,20231114,1385,18,12,1,25.04177,121.58735,6
500111070,20231114,1386,18,11,1,25.04177,121.58735,7
500111070,20231114,1387,18,11,1,25.04177,121.58735,7
500111070,20231114,1388,18,11,1,25.04177,121.58735,7
500111070,20231114,1389,18,12,1,25.04177,121.58735,6
500111070,20231114,1390,18,12,1,25.04177,121.58735,6
500111070,20231114,1391,18,12,1,25.04177,121.58735,6
500111070,20231114,1392,18,12,1,25.04177,121.58735,6
500111070,20231114,1393,18,11,1,25.04177,121.58735,7
500111070,20231114,1394,18,11,1,25.04177,121.58735,7
500111070,20231114,1395,18,12,1,25.04177,121.58735,6
500111070,20231114,1396,18,12,1,25.04177,121.58735,6
500111070,20231114,1397,18,12,1,25.04177,121.58735,6
500111070,20231114,1398,18,12,1,25.04177,121.58735,6
500111070,20231114,1399,18,12,1,25.04177,121.58735,6
500111070,20231114,1401,18,12,1,25.04177,121.58735,6
500111070,20231114,1402,18,12,1,25.04177,121.58735,6
500111070,20231114,1403,18,12,1,25.04177,121.58735,6
500111070,20231114,1404,18,12,1,25.04177,121.58735,6
500111070,20231114,1405,18,12,1,25.04177,121.58735,6
500111070,20231114,1406,18,12,1,25.04177,121.58735,6
500111070,20231114,1407,18,12,1,25.04177,121.58735,6
500111070,20231114,1408,18,12,1,25.04177,121.58735,6
500111070,20231114,1409,18,12,1,25.04177,121.58735,6
500111070,20231114,1410,18,12,1,25.04177,121.58735,6
500111070,20231114,1411,18,12,1,25.04177,121.58735,6
500111070,20231114,1412,18,12,1,25.04177,121.58735,6
500111070,20231114,1413,18,12,1,25.04177,121.58735,6
500111070,20231114,1414,18,12,1,25.04177,121.58735,6
500111070,20231114,1415,18,12,1,25.04177,121.58735,6
500111070,20231114,1416,18,12,1,25.04177,121.58735,6
500111070,20231114,1417,18,12,1,25.04177,121.58735,6
500111070,20231114,1418,18,12,1,25.04177,121.58735,6
500111070,20231114,1419,18,12,1,25.04177,121.58735,6
500111070,20231114,1420,18,12,1,25.04177,121.58735,6
500111070,20231114,1421,18,12,1,25.04177,121.58735,6
500111070,20231114,1422,18,12,1,25.04177,121.58735,6
500111070,20231114,1423,18,12,1,25.04177,121.58735,6
500111070,20231114,1424,18,12,1,25.04177,121.58735,6
500111070,20231114,1425,18,13,1,25.04177,121.58735,5
500111070,20231114,1426,18,13,1,25.04177,121.58735,5
500111070,20231114,1427,18,13,1,25.04177,121.58735,5
500111070,20231114,1428,18,13,1,25.04177,121.58735,5
500111070,20231114,1429,18,12,1,25.04177,121.58735,6
500111070,20231114,1430,18,12,1,25.04177,121.58735,6
500111070,20231114,1431,18,11,1,25.04177,121.58735,7
500111070,20231114,1432,18,11,1,25.04177,121.58735,7
500111070,20231114,1433,18,11,1,25.04177,121.58735,7
500111070,20231114,1434,18,11,1,25.04177,121.58735,7
500111070,20231114,1435,18,11,1,25.04177,121.58735,7
500111070,20231114,1436,18,11,1,25.04177,121.58735,7
500111070,20231114,1437,18,11,1,25.04177,121.58735,7
500111070,20231114,1438,18,11,1,25.04177,121.58735,7
500111070,20231114,1439,18,11,1,25.04177,121.58735,7
500111070,20231115,1,18,11,1,25.04177,121.58735,7
500111070,20231115,2,18,11,1,25.04177,121.58735,7
500111070,20231115,4,18,11,1,25.04177,121.58735,7
500111070,20231115,5,18,11,1,25.04177,121.58735,7
500111070,20231115,6,18,10,1,25.04177,121.58735,8
500111070,20231115,7,18,10,1,25.04177,121.58735,8
500111070,20231115,8,18,10,1,25.04177,121.58735,8
500111070,20231115,10,18,10,1,25.04177,121.58735,8
500111070,20231115,11,18,10,1,25.04177,121.58735,8
500111070,20231115,12,18,10,1,25.04177,121.58735,8
500111070,20231115,13,18,10,1,25.04177,121.58735,8
500111070,20231115,14,18,10,1,25.04177,121.58735,8
500111070,20231115,15,18,10,1,25.04177,121.58735,8
500111070,20231115,16,18,10,1,25.04177,121.58735,8
500111070,20231115,17,18,10,1,25.04177,121.58735,8
500111070,20231115,18,18,10,1,25.04177,121.58735,8
500111070,20231115,19,18,10,1,25.04177,121.58735,8
500111070,20231115,21,18,10,1,25.04177,121.58735,8
500111070,20231115,22,18,10,1,25.04177,121.58735,8
500111070,20231115,23,18,10,1,25.04177,121.58735,8
500111070,20231115,24,18,10,1,25.04177,121.58735,8
500111070,20231115,25,18,10,1,25.04177,121.58735,8
500111070,20231115,26,18,10,1,25.04177,121.58735,8
500111070,20231115,27,18,10,1,25.04177,121.58735,8
500111070,20231115,28,18,10,1,25.04177,121.58735,8
500111070,20231115,29,18,10,1,25.04177,121.58735,8
500111070,20231115,30,18,10,1,25.04177,121.58735,8
500111070,20231115,31,18,10,1,25.04177,121.58735,8
500111070,20231115,32,18,10,1,25.04177,121.58735,8
500111070,20231115,33,18,10,1,25.04177,121.58735,8
500111070,20231115,34,18,10,1,25.04177,121.58735,8
500111070,20231115,35,18,10,1,25.04177,121.58735,8
500111070,20231115,36,18,10,1,25.04177,121.58735,8
500111070,20231115,37,18,10,1,25.04177,121.58735,8
500111070,20231115,38,18,10,1,25.04177,121.58735,8
500111070,20231115,39,18,10,1,25.04177,121.58735,8
500111070,20231115,41,18,10,1,25.04177,121.58735,8
500111070,20231115,42,18,10,1,25.04177,121.58735,8
500111070,20231115,43,18,10,1,25.04177,121.58735,8
500111070,20231115,44,18,10,1,25.04177,121.58735,8
500111070,20231115,45,18,10,1,25.04177,121.58735,8
500111070,20231115,46,18,10,1,25.04177,121.58735,8
500111070,20231115,47,18,10,1,25.04177,121.58735,8
500111070,20231115,48,18,10,1,25.04177,121.58735,8
500111070,20231115,49,18,10,1,25.04177,121.58735,8
500111070,20231115,50,18,10,1,25.04177,121.58735,8
500111070,20231115,51,18,10,1,25.04177,121.58735,8
500111070,20231115,52,18,10,1,25.04177,121.58735,8
500111070,20231115,53,18,10,1,25.04177,121.58735,8
500111070,20231115,54,18,10,1,25.04177,121.58735,8
500111070,20231115,55,18,10,1,25.04177,121.58735,8
500111070,20231115,56,18,10,1,25.04177,121.58735,8
500111070,20231115,57,18,10,1,25.04177,121.58735,8
500111070,20231115,58,18,10,1,25.04177,121.58735,8
500111070,20231115,59,18,9,1,25.04177,121.58735,9
500111070,20231115,61,18,9,1,25.04177,121.58735,9
500111070,20231115,62,18,9,1,25.04177,121.58735,9
500111070,20231115,63,18,9,1,25.04177,121.58735,9
500111070,20231115,64,18,9,1,25.04177,121.58735,9
500111070,20231115,65,18,9,1,25.04177,121.58735,9
500111070,20231115,66,18,9,1,25.04177,121.58735,9
500111070,20231115,67,18,9,1,25.04177,121.58735,9
500111070,20231115,68,18,9,1,25.04177,121.58735,9
500111070,20231115,69,18,9,1,25.04177,121.58735,9
500111070,20231115,70,18,9,1,25.04177,121.58735,9
500111070,20231115,71,18,9,1,25.04177,121.58735,9
500111070,20231115,72,18,9,1,25.04177,121.58735,9
500111070,20231115,73,18,9,1,25.04177,121.58735,9
500111070,20231115,74,18,9,1,25.04177,121.58735,9
500111070,20231115,75,18,9,1,25.04177,121.58735,9
500111070,20231115,76,18,9,1,25.04177,121.58735,9
500111070,20231115,77,18,9,1,25.04177,121.58735,9
500111070,20231115,78,18,8,1,25.04177,121.58735,10
500111070,20231115,79,18,6,1,25.04177,121.58735,12
500111070,20231115,81,18,4,1,25.04177,121.58735,14
500111070,20231115,82,18,4,1,25.04177,121.58735,14
500111070,20231115,83,18,4,1,25.04177,121.58735,14
500111070,20231115,84,18,4,1,25.04177,121.58735,14
500111070,20231115,85,18,4,1,25.04177,121.58735,14
500111070,20231115,86,18,4,1,25.04177,121.58735,14
500111070,20231115,87,18,4,1,25.04177,121.58735,14
500111070,20231115,88,18,4,1,25.04177,121.58735,14
500111070,20231115,89,18,4,1,25.04177,121.58735,14
500111070,20231115,90,18,4,1,25.04177,121.58735,14
500111070,20231115,91,18,4,1,25.04177,121.58735,14
500111070,20231115,92,18,4,1,25.04177,121.58735,14
500111070,20231115,93,18,4,1,25.04177,121.58735,14
500111070,20231115,94,18,4,1,25.04177,121.58735,14
500111070,20231115,95,18,4,1,25.04177,121.58735,14
500111070,20231115,96,18,4,1,25.04177,121.58735,14
500111070,20231115,97,18,4,1,25.04177,121.58735,14
500111070,20231115,98,18,4,1,25.04177,121.58735,14
500111070,20231115,99,18,4,1,25.04177,121.58735,14
500111070,20231115,100,18,4,1,25.04177,121.58735,14
500111070,20231115,101,18,4,1,25.04177,121.58735,14
500111070,20231115,102,18,4,1,25.04177,121.58735,14
500111070,20231115,103,18,4,1,25.04177,121.58735,14
500111070,20231115,104,18,4,1,25.04177,121.58735,14
500111070,20231115,105,18,4,1,25.04177,121.58735,14
500111070,20231115,106,18,4,1,25.04177,121.58735,14
500111070,20231115,107,18,4,1,25.04177,121.58735,14
500111070,20231115,108,18,4,1,25.04177,121.58735,14
500111070,20231115,109,18,4,1,25.04177,121.58735,14
500111070,20231115,110,18,4,1,25.04177,121.58735,14
500111070,20231115,111,18,4,1,25.04177,121.58735,14
500111070,20231115,112,18,4,1,25.04177,121.58735,14
500111070,20231115,113,18,4,1,25.04177,121.58735,14
500111070,20231115,114,18,4,1,25.04177,121.58735,14
500111070,20231115,115,18,4,1,25.04177,121.58735,14
500111070,20231115,116,18,4,1,25.04177,121.58735,14
500111070,20231115,117,18,4,1,25.04177,121.58735,14
500111070,20231115,118,18,4,1,25.04177,121.58735,14
500111070,20231115,119,18,4,1,25.04177,121.58735,14
500111070,20231115,121,18,4,1,25.04177,121.58735,14
500111070,20231115,122,18,4,1,25.04177,121.58735,14
500111070,20231115,123,18,4,1,25.04177,121.58735,14
500111070,20231115,124,18,4,1,25.04177,121.58735,14
500111070,20231115,125,18,4,1,25.04177,121.58735,14
500111070,20231115,126,18,4,1,25.04177,121.58735,14
500111070,20231115,127,18,4,1,25.04177,121.58735,14
500111070,20231115,128,18,4,1,25.04177,121.58735,14
500111070,20231115,129,18,4,1,25.04177,121.58735,14
500111070,20231115,130,18,4,1,25.04177,121.58735,14
500111070,20231115,131,18,4,1,25.04177,121.58735,14
500111070,20231115,132,18,4,1,25.04177,121.58735,14
500111070,20231115,133,18,4,1,25.04177,121.58735,14
500111070,20231115,134,18,4,1,25.04177,121.58735,14
500111070,20231115,135,18,4,1,25.04177,121.58735,14
500111070,20231115,136,18,4,1,25.04177,121.58735,14
500111070,20231115,137,18,4,1,25.04177,121.58735,14
500111070,20231115,138,18,4,1,25.04177,121.58735,14
500111070,20231115,139,18,4,1,25.04177,121.58735,14
500111070,20231115,141,18,4,1,25.04177,121.58735,14
500111070,20231115,142,18,4,1,25.04177,121.58735,14
500111070,20231115,143,18,4,1,25.04177,121.58735,14
500111070,20231115,144,18,4,1,25.04177,121.58735,14
500111070,20231115,145,18,4,1,25.04177,121.58735,14
500111070,20231115,146,18,4,1,25.04177,121.58735,14
500111070,20231115,147,18,3,1,25.04177,121.58735,15
500111070,20231115,148,18,3,1,25.04177,121.58735,15
500111070,20231115,149,18,3,1,25.04177,121.58735,15
500111070,20231115,150,18,3,1,25.04177,121.58735,15
500111070,20231115,151,18,3,1,25.04177,121.58735,15
500111070,20231115,152,18,3,1,25.04177,121.58735,15
500111070,20231115,153,18,3,1,25.04177,121.58735,15
500111070,20231115,154,18,3,1,25.04177,121.58735,15
500111070,20231115,155,18,3,1,25.04177,121.58735,15
500111070,20231115,156,18,3,1,25.04177,121.58735,15
500111070,20231115,157,18,3,1,25.04177,121.58735,15
500111070,20231115,158,18,3,1,25.04177,121.58735,15
500111070,20231115,159,18,3,1,25.04177,121.58735,15
500111070,20231115,160,18,3,1,25.04177,121.58735,15
500111070,20231115,161,18,3,1,25.04177,121.58735,15
500111070,20231115,162,18,3,1,25.04177,121.58735,15
500111070,20231115,163,18,3,1,25.04177,121.58735,15
500111070,20231115,164,18,3,1,25.04177,121.58735,15
500111070,20231115,165,18,3,1,25.04177,121.58735,15
500111070,20231115,166,18,3,1,25.04177,121.58735,15
500111070,20231115,167,18,3,1,25.04177,121.58735,15
500111070,20231115,168,18,3,1,25.04177,121.58735,15
500111070,20231115,169,18,3,1,25.04177,121.58735,15
500111070,20231115,170,18,3,1,25.04177,121.58735,15
500111070,20231115,171,18,3,1,25.04177,121.58735,15
500111070,20231115,172,18,3,1,25.04177,121.58735,15
500111070,20231115,173,18,3,1,25.04177,121.58735,15
500111070,20231115,174,18,3,1,25.04177,121.58735,15
500111070,20231115,175,18,3,1,25.04177,121.58735,15
500111070,20231115,176,18,3,1,25.04177,121.58735,15
500111070,20231115,177,18,3,1,25.04177,121.58735,15
500111070,20231115,178,18,3,1,25.04177,121.58735,15
500111070,20231115,179,18,3,1,25.04177,121.58735,15
500111070,20231115,180,18,3,1,25.04177,121.58735,15
500111070,20231115,181,18,3,1,25.04177,121.58735,15
500111070,20231115,182,18,3,1,25.04177,121.58735,15
500111070,20231115,183,18,3,1,25.04177,121.58735,15
500111070,20231115,184,18,3,1,25.04177,121.58735,15
500111070,20231115,185,18,3,1,25.04177,121.58735,15
500111070,20231115,186,18,3,1,25.04177,121.58735,15
500111070,20231115,187,18,3,1,25.04177,121.58735,15
500111070,20231115,188,18,3,1,25.04177,121.58735,15
500111070,20231115,189,18,3,1,25.04177,121.58735,15
500111070,20231115,190,18,3,1,25.04177,121.58735,15
500111070,20231115,191,18,3,1,25.04177,121.58735,15
500111070,20231115,192,18,3,1,25.04177,121.58735,15
500111070,20231115,193,18,3,1,25.04177,121.58735,15
500111070,20231115,194,18,3,1,25.04177,121.58735,15
500111070,20231115,195,18,3,1,25.04177,121.58735,15
500111070,20231115,196,18,3,1,25.04177,121.58735,15
500111070,20231115,197,18,3,1,25.04177,121.58735,15
500111070,20231115,198,18,3,1,25.04177,121.58735,15
500111070,20231115,199,18,3,1,25.04177,121.58735,15
500111070,20231115,201,18,3,1,25.04177,121.58735,15
500111070,20231115,202,18,3,1,25.04177,121.58735,15
500111070,20231115,203,18,3,1,25.04177,121.58735,15
500111070,20231115,204,18,3,1,25.04177,121.58735,15
500111070,20231115,205,18,3,1,25.04177,121.58735,15
500111070,20231115,206,18,3,1,25.04177,121.58735,15
500111070,20231115,207,18,3,1,25.04177,121.58735,15
500111070,20231115,208,18,3,1,25.04177,121.58735,15
500111070,20231115,209,18,3,1,25.04177,121.58735,15
500111070,20231115,210,18,3,1,25.04177,121.58735,15
500111070,20231115,211,18,3,1,25.04177,121.58735,15
500111070,20231115,212,18,3,1,25.04177,121.58735,15
500111070,20231115,213,18,3,1,25.04177,121.58735,15
500111070,20231115,214,18,3,1,25.04177,121.58735,15
500111070,20231115,215,18,3,1,25.04177,121.58735,15
500111070,20231115,216,18,3,1,25.04177,121.58735,15
500111070,20231115,217,18,3,1,25.04177,121.58735,15
500111070,20231115,218,18,3,1,25.04177,121.58735,15
500111070,20231115,219,18,3,1,25.04177,121.58735,15
500111070,20231115,220,18,3,1,25.04177,121.58735,15
500111070,20231115,221,18,3,1,25.04177,121.58735,15
500111070,20231115,222,18,3,1,25.04177,121.58735,15
500111070,20231115,223,18,3,1,25.04177,121.58735,15
500111070,20231115,224,18,3,1,25.04177,121.58735,15
500111070,20231115,225,18,3,1,25.04177,121.58735,15
500111070,20231115,226,18,3,1,25.04177,121.58735,15
500111070,20231115,227,18,3,1,25.04177,121.58735,15
500111070,20231115,228,18,3,1,25.04177,121.58735,15
500111070,20231115,229,18,3,1,25.04177,121.58735,15
500111070,20231115,230,18,3,1,25.04177,121.58735,15
500111070,20231115,231,18,3,1,25.04177,121.58735,15
500111070,20231115,232,18,3,1,25.04177,121.58735,15
500111070,20231115,233,18,3,1,25.04177,121.58735,15
500111070,20231115,234,18,3,1,25.04177,121.58735,15
500111070,20231115,235,18,3,1,25.04177,121.58735,15
500111070,20231115,236,18,3,1,25.04177,121.58735,15
500111070,20231115,237,18,3,1,25.04177,121.58735,15
500111070,20231115,238,18,3,1,25.04177,121.58735,15
500111070,20231115,239,18,3,1,25.04177,121.58735,15
500111070,20231115,240,18,3,1,25.04177,121.58735,15
500111070,20231115,241,18,3,1,25.04177,121.58735,15
500111070,20231115,242,18,3,1,25.04177,121.58735,15
500111070,20231115,243,18,3,1,25.04177,121.58735,15
500111070,20231115,244,18,3,1,25.04177,121.58735,15
500111070,20231115,245,18,3,1,25.04177,121.58735,15
500111070,20231115,246,18,3,1,25.04177,121.58735,15
500111070,20231115,247,18,3,1,25.04177,121.58735,15
500111070,20231115,248,18,3,1,25.04177,121.58735,15
500111070,20231115,249,18,3,1,25.04177,121.58735,15
500111070,20231115,250,18,3,1,25.04177,121.58735,15
500111070,20231115,251,18,3,1,25.04177,121.58735,15
500111070,20231115,252,18,3,1,25.04177,121.58735,15
500111070,20231115,253,18,3,1,25.04177,121.58735,15
500111070,20231115,254,18,3,1,25.04177,121.58735,15
500111070,20231115,255,18,3,1,25.04177,121.58735,15
500111070,20231115,256,18,3,1,25.04177,121.58735,15
500111070,20231115,257,18,3,1,25.04177,121.58735,15
500111070,20231115,258,18,3,1,25.04177,121.58735,15
500111070,20231115,259,18,3,1,25.04177,121.58735,15
500111070,20231115,261,18,3,1,25.04177,121.58735,15
500111070,20231115,262,18,3,1,25.04177,121.58735,15
500111070,20231115,263,18,3,1,25.04177,121.58735,15
500111070,20231115,264,18,3,1,25.04177,121.58735,15
500111070,20231115,265,18,3,1,25.04177,121.58735,15
500111070,20231115,266,18,3,1,25.04177,121.58735,15
500111070,20231115,267,18,3,1,25.04177,121.58735,15
500111070,20231115,269,18,3,1,25.04177,121.58735,15
500111070,20231115,270,18,3,1,25.04177,121.58735,15
500111070,20231115,271,18,3,1,25.04177,121.58735,15
500111070,20231115,272,18,3,1,25.04177,121.58735,15
500111070,20231115,273,18,3,1,25.04177,121.58735,15
500111070,20231115,274,18,3,1,25.04177,121.58735,15
500111070,20231115,275,18,3,1,25.04177,121.58735,15
500111070,20231115,276,18,3,1,25.04177,121.58735,15
500111070,20231115,277,18,3,1,25.04177,121.58735,15
500111070,20231115,278,18,3,1,25.04177,121.58735,15
500111070,20231115,279,18,3,1,25.04177,121.58735,15
500111070,20231115,280,18,3,1,25.04177,121.58735,15
500111070,20231115,281,18,3,1,25.04177,121.58735,15
500111070,20231115,282,18,3,1,25.04177,121.58735,15
500111070,20231115,283,18,3,1,25.04177,121.58735,15
500111070,20231115,284,18,3,1,25.04177,121.58735,15
500111070,20231115,285,18,3,1,25.04177,121.58735,15
500111070,20231115,286,18,3,1,25.04177,121.58735,15
500111070,20231115,287,18,3,1,25.04177,121.58735,15
500111070,20231115,288,18,3,1,25.04177,121.58735,15
500111070,20231115,289,18,3,1,25.04177,121.58735,15
500111070,20231115,290,18,3,1,25.04177,121.58735,15
500111070,20231115,291,18,3,1,25.04177,121.58735,15
500111070,20231115,292,18,3,1,25.04177,121.58735,15
500111070,20231115,293,18,3,1,25.04177,121.58735,15
500111070,20231115,294,18,3,1,25.04177,121.58735,15
500111070,20231115,295,18,3,1,25.04177,121.58735,15
500111070,20231115,296,18,3,1,25.04177,121.58735,15
500111070,20231115,297,18,3,1,25.04177,121.58735,15
500111070,20231115,298,18,3,1,25.04177,121.58735,15
500111070,20231115,299,18,3,1,25.04177,121.58735,15
500111070,20231115,300,18,3,1,25.04177,121.58735,15
500111070,20231115,301,18,3,1,25.04177,121.58735,15
500111070,20231115,302,18,3,1,25.04177,121.58735,15
500111070,20231115,303,18,3,1,25.04177,121.58735,15
500111070,20231115,304,18,3,1,25.04177,121.58735,15
500111070,20231115,305,18,3,1,25.04177,121.58735,15
500111070,20231115,306,18,3,1,25.04177,121.58735,15
500111070,20231115,307,18,3,1,25.04177,121.58735,15
500111070,20231115,308,18,3,1,25.04177,121.58735,15
500111070,20231115,309,18,3,1,25.04177,121.58735,15
500111070,20231115,310,18,3,1,25.04177,121.58735,15
500111070,20231115,311,18,3,1,25.04177,121.58735,15
500111070,20231115,312,18,3,1,25.04177,121.58735,15
500111070,20231115,313,18,3,1,25.04177,121.58735,15
500111070,20231115,314,18,3,1,25.04177,121.58735,15
500111070,20231115,315,18,3,1,25.04177,121.58735,15
500111070,20231115,316,18,3,1,25.04177,121.58735,15
500111070,20231115,317,18,3,1,25.04177,121.58735,15
500111070,20231115,318,18,3,1,25.04177,121.58735,15
500111070,20231115,319,18,3,1,25.04177,121.58735,15
500111070,20231115,321,18,3,1,25.04177,121.58735,15
500111070,20231115,322,18,3,1,25.04177,121.58735,15
500111070,20231115,323,18,3,1,25.04177,121.58735,15
500111070,20231115,324,18,3,1,25.04177,121.58735,15
500111070,20231115,325,18,3,1,25.04177,121.58735,15
500111070,20231115,326,18,3,1,25.04177,121.58735,15
500111070,20231115,327,18,3,1,25.04177,121.58735,15
500111070,20231115,328,18,3,1,25.04177,121.58735,15
500111070,20231115,329,18,3,1,25.04177,121.58735,15
500111070,20231115,330,18,3,1,25.04177,121.58735,15
500111070,20231115,331,18,3,1,25.04177,121.58735,15
500111070,20231115,332,18,3,1,25.04177,121.58735,15
500111070,20231115,333,18,3,1,25.04177,121.58735,15
500111070,20231115,334,18,3,1,25.04177,121.58735,15
500111070,20231115,335,18,3,1,25.04177,121.58735,15
500111070,20231115,336,18,3,1,25.04177,121.58735,15
500111070,20231115,337,18,3,1,25.04177,121.58735,15
500111070,20231115,338,18,3,1,25.04177,121.58735,15
500111070,20231115,339,18,3,1,25.04177,121.58735,15
500111070,20231115,340,18,3,1,25.04177,121.58735,15
500111070,20231115,341,18,3,1,25.04177,121.58735,15
500111070,20231115,342,18,3,1,25.04177,121.58735,15
500111070,20231115,343,18,3,1,25.04177,121.58735,15
500111070,20231115,344,18,3,1,25.04177,121.58735,15
500111070,20231115,345,18,3,1,25.04177,121.58735,15
500111070,20231115,346,18,3,1,25.04177,121.58735,15
500111070,20231115,347,18,3,1,25.04177,121.58735,15
500111070,20231115,348,18,3,1,25.04177,121.58735,15
500111070,20231115,349,18,3,1,25.04177,121.58735,15
500111070,20231115,350,18,3,1,25.04177,121.58735,15
500111070,20231115,351,18,3,1,25.04177,121.58735,15
500111070,20231115,352,18,3,1,25.04177,121.58735,15
500111070,20231115,353,18,3,1,25.04177,121.58735,15
500111070,20231115,354,18,4,1,25.04177,121.58735,14
500111070,20231115,355,18,4,1,25.04177,121.58735,14
500111070,20231115,356,18,4,1,25.04177,121.58735,14
500111070,20231115,357,18,4,1,25.04177,121.58735,14
500111070,20231115,358,18,4,1,25.04177,121.58735,14
500111070,20231115,359,18,4,1,25.04177,121.58735,14
500111070,20231115,360,18,4,1,25.04177,121.58735,14
500111070,20231115,361,18,4,1,25.04177,121.58735,14
500111070,20231115,362,18,4,1,25.04177,121.58735,14
500111070,20231115,363,18,4,1,25.04177,121.58735,14
500111070,20231115,364,18,4,1,25.04177,121.58735,14
500111070,20231115,365,18,4,1,25.04177,121.58735,14
500111070,20231115,366,18,4,1,25.04177,121.58735,14
500111070,20231115,367,18,4,1,25.04177,121.58735,14
500111070,20231115,368,18,4,1,25.04177,121.58735,14
500111070,20231115,369,18,4,1,25.04177,121.58735,14
500111070,20231115,370,18,4,1,25.04177,121.58735,14
500111070,20231115,371,18,4,1,25.04177,121.58735,14
500111070,20231115,372,18,4,1,25.04177,121.58735,14
500111070,20231115,373,18,4,1,25.04177,121.58735,14
500111070,20231115,374,18,4,1,25.04177,121.58735,14
500111070,20231115,375,18,4,1,25.04177,121.58735,14
500111070,20231115,376,18,4,1,25.04177,121.58735,14
500111070,20231115,377,18,4,1,25.04177,121.58735,14
500111070,20231115,378,18,4,1,25.04177,121.58735,14
500111070,20231115,379,18,4,1,25.04177,121.58735,14
500111070,20231115,381,18,4,1,25.04177,121.58735,14
500111070,20231115,382,18,5,1,25.04177,121.58735,13
500111070,20231115,383,18,5,1,25.04177,121.58735,13
500111070,20231115,384,18,5,1,25.04177,121.58735,13
500111070,20231115,385,18,4,1,25.04177,121.58735,14
500111070,20231115,386,18,5,1,25.04177,121.58735,13
500111070,20231115,387,18,5,1,25.04177,121.58735,13
500111070,20231115,388,18,5,1,25.04177,121.58735,13
500111070,20231115,389,18,5,1,25.04177,121.58735,13
500111070,20231115,390,18,5,1,25.04177,121.58735,13
500111070,20231115,391,18,5,1,25.04177,121.58735,13
500111070,20231115,392,18,4,1,25.04177,121.58735,14
500111070,20231115,393,18,5,1,25.04177,121.58735,13
500111070,20231115,394,18,5,1,25.04177,121.58735,13
500111070,20231115,395,18,5,1,25.04177,121.58735,13
500111070,20231115,396,18,5,1,25.04177,121.58735,13
500111070,20231115,397,18,5,1,25.04177,121.58735,13
500111070,20231115,398,18,5,1,25.04177,121.58735,13
500111070,20231115,399,18,5,1,25.04177,121.58735,13
500111070,20231115,400,18,6,1,25.04177,121.58735,12
500111070,20231115,401,18,6,1,25.04177,121.58735,12
500111070,20231115,402,18,6,1,25.04177,121.58735,12
500111070,20231115,403,18,6,1,25.04177,121.58735,12
500111070,20231115,404,18,6,1,25.04177,121.58735,12
500111070,20231115,405,18,7,1,25.04177,121.58735,11
500111070,20231115,406,18,7,1,25.04177,121.58735,11
500111070,20231115,407,18,7,1,25.04177,121.58735,11
500111070,20231115,408,18,7,1,25.04177,121.58735,11
500111070,20231115,409,18,7,1,25.04177,121.58735,11
500111070,20231115,410,18,7,1,25.04177,121.58735,11
500111070,20231115,411,18,7,1,25.04177,121.58735,11
500111070,20231115,412,18,7,1,25.04177,121.58735,11
500111070,20231115,413,18,7,1,25.04177,121.58735,11
500111070,20231115,414,18,8,1,25.04177,121.58735,10
500111070,20231115,415,18,8,1,25.04177,121.58735,10
500111070,20231115,416,18,8,1,25.04177,121.58735,10
500111070,20231115,417,18,8,1,25.04177,121.58735,10
500111070,20231115,418,18,8,1,25.04177,121.58735,10
500111070,20231115,419,18,8,1,25.04177,121.58735,10
500111070,20231115,421,18,9,1,25.04177,121.58735,9
500111070,20231115,422,18,9,1,25.04177,121.58735,9
500111070,20231115,423,18,9,1,25.04177,121.58735,9
500111070,20231115,424,18,9,1,25.04177,121.58735,9
500111070,20231115,425,18,11,1,25.04177,121.58735,7
500111070,20231115,426,18,11,1,25.04177,121.58735,7
500111070,20231115,427,18,12,1,25.04177,121.58735,6
500111070,20231115,428,18,14,1,25.04177,121.58735,4
500111070,20231115,429,18,15,1,25.04177,121.58735,3
500111070,20231115,430,18,15,1,25.04177,121.58735,3
500111070,20231115,431,18,15,1,25.04177,121.58735,3
500111070,20231115,432,18,15,1,25.04177,121.58735,3
500111070,20231115,433,18,15,1,25.04177,121.58735,3
500111070,20231115,434,18,15,1,25.04177,121.58735,3
500111070,20231115,435,18,15,1,25.04177,121.58735,3
500111070,20231115,436,18,15,1,25.04177,121.58735,3
500111070,20231115,437,18,15,1,25.04177,121.58735,3
500111070,20231115,438,18,15,1,25.04177,121.58735,3
500111070,20231115,439,18,15,1,25.04177,121.58735,3
500111070,20231115,441,18,15,1,25.04177,121.58735,3
500111070,20231115,442,18,15,1,25.04177,121.58735,3
500111070,20231115,443,18,17,1,25.04177,121.58735,1
500111070,20231115,444,18,18,1,25.04177,121.58735,0
500111070,20231115,445,18,18,1,25.04177,121.58735,0
500111070,20231115,446,18,18,1,25.04177,121.58735,0
500111070,20231115,447,18,18,1,25.04177,121.58735,0
500111070,20231115,448,18,18,1,25.04177,121.58735,0
500111070,20231115,449,18,18,1,25.04177,121.58735,0
500111070,20231115,451,18,18,1,25.04177,121.58735,0
500111070,20231115,452,18,18,1,25.04177,121.58735,0
500111070,20231115,453,18,18,1,25.04177,121.58735,0
500111070,20231115,454,18,17,1,25.04177,121.58735,1
500111070,20231115,455,18,17,1,25.04177,121.58735,1
500111070,20231115,456,18,18,1,25.04177,121.58735,0
500111070,20231115,457,18,18,1,25.04177,121.58735,0
500111070,20231115,458,18,18,1,25.04177,121.58735,0
500111070,20231115,459,18,12,1,25.04177,121.58735,6
500111070,20231115,460,18,11,1,25.04177,121.58735,7
500111070,20231115,461,18,9,1,25.04177,121.58735,9
500111070,20231115,462,18,7,1,25.04177,121.58735,11
500111070,20231115,463,18,7,1,25.04177,121.58735,11
500111070,20231115,464,18,7,1,25.04177,121.58735,11
500111070,20231115,465,18,7,1,25.04177,121.58735,11
500111070,20231115,466,18,7,1,25.04177,121.58735,11
500111070,20231115,467,18,9,1,25.04177,121.58735,9
500111070,20231115,468,18,9,1,25.04177,121.58735,9
500111070,20231115,469,18,9,1,25.04177,121.58735,9
500111070,20231115,470,18,10,1,25.04177,121.58735,8
500111070,20231115,471,18,10,1,25.04177,121.58735,8
500111070,20231115,472,18,10,1,25.04177,121.58735,8
500111070,20231115,473,18,10,1,25.04177,121.58735,8
500111070,20231115,474,18,8,1,25.04177,121.58735,10
500111070,20231115,475,18,8,1,25.04177,121.58735,10
500111070,20231115,476,18,8,1,25.04177,121.58735,10
500111070,20231115,477,18,8,1,25.04177,121.58735,10
500111070,20231115,478,18,8,1,25.04177,121.58735,10
500111070,20231115,479,18,8,1,25.04177,121.58735,10
500111070,20231115,481,18,9,1,25.04177,121.58735,9
500111070,20231115,482,18,9,1,25.04177,121.58735,9
500111070,20231115,483,18,11,1,25.04177,121.58735,7
500111070,20231115,484,18,11,1,25.04177,121.58735,7
500111070,20231115,485,18,11,1,25.04177,121.58735,7
500111070,20231115,486,18,11,1,25.04177,121.58735,7
500111070,20231115,487,18,11,1,25.04177,121.58735,7
500111070,20231115,488,18,10,1,25.04177,121.58735,8
500111070,20231115,489,18,12,1,25.04177,121.58735,6
500111070,20231115,490,18,12,1,25.04177,121.58735,6
500111070,20231115,491,18,12,1,25.04177,121.58735,6
500111070,20231115,492,18,12,1,25.04177,121.58735,6
500111070,20231115,493,18,13,1,25.04177,121.58735,5
500111070,20231115,494,18,13,1,25.04177,121.58735,5
500111070,20231115,495,18,14,1,25.04177,121.58735,4
500111070,20231115,496,18,15,1,25.04177,121.58735,3
500111070,20231115,497,18,15,1,25.04177,121.58735,3
500111070,20231115,498,18,15,1,25.04177,121.58735,3
500111070,20231115,499,18,16,1,25.04177,121.58735,2
500111070,20231115,501,18,14,1,25.04177,121.58735,4
500111070,20231115,502,18,10,1,25.04177,121.58735,8
500111070,20231115,503,18,9,1,25.04177,121.58735,9
500111070,20231115,504,18,7,1,25.04177,121.58735,11
500111070,20231115,505,18,8,1,25.04177,121.58735,10
500111070,20231115,506,18,8,1,25.04177,121.58735,10
500111070,20231115,507,18,8,1,25.04177,121.58735,10
500111070,20231115,508,18,8,1,25.04177,121.58735,10
500111070,20231115,509,18,8,1,25.04177,121.58735,10
500111070,20231115,511,18,8,1,25.04177,121.58735,10
500111070,20231115,512,18,10,1,25.04177,121.58735,8
500111070,20231115,513,18,11,1,25.04177,121.58735,7
500111070,20231115,514,18,11,1,25.04177,121.58735,7
500111070,20231115,515,18,11,1,25.04177,121.58735,7
500111070,20231115,516,18,10,1,25.04177,121.58735,8
500111070,20231115,518,18,10,1,25.04177,121.58735,8
500111070,20231115,519,18,10,1,25.04177,121.58735,8
500111070,20231115,521,18,11,1,25.04177,121.58735,7
500111070,20231115,522,18,11,1,25.04177,121.58735,7
500111070,20231115,523,18,11,1,25.04177,121.58735,7
500111070,20231115,524,18,11,1,25.04177,121.58735,7
500111070,20231115,525,18,13,1,25.04177,121.58735,5
500111070,20231115,526,18,14,1,25.04177,121.58735,4
500111070,20231115,527,18,14,1,25.04177,121.58735,4
500111070,20231115,528,18,14,1,25.04177,121.58735,4
500111070,20231115,529,18,14,1,25.04177,121.58735,4
500111070,20231115,530,18,15,1,25.04177,121.58735,3
500111070,20231115,531,18,15,1,25.04177,121.58735,3
500111070,20231115,532,18,14,1,25.04177,121.58735,4
500111070,20231115,533,18,14,1,25.04177,121.58735,4
500111070,20231115,534,18,14,1,25.04177,121.58735,4
500111070,20231115,535,18,14,1,25.04177,121.58735,4
500111070,20231115,536,18,14,1,25.04177,121.58735,4
500111070,20231115,537,18,14,1,25.04177,121.58735,4
500111070,20231115,538,18,14,1,25.04177,121.58735,4
500111070,20231115,539,18,14,1,25.04177,121.58735,4
500111070,20231115,541,18,17,1,25.04177,121.58735,1
500111070,20231115,542,18,17,1,25.04177,121.58735,1
500111070,20231115,543,18,18,1,25.04177,121.58735,0
500111070,20231115,544,18,18,1,25.04177,121.58735,0
500111070,20231115,545,18,18,1,25.04177,121.58735,0
500111070,20231115,546,18,18,1,25.04177,121.58735,0
500111070,20231115,547,18,18,1,25.04177,121.58735,0
500111070,20231115,548,18,18,1,25.04177,121.58735,0
500111070,20231115,549,18,18,1,25.04177,121.58735,0
500111070,20231115,550,18,18,1,25.04177,121.58735,0
500111070,20231115,551,18,18,1,25.04177,121.58735,0
500111070,20231115,552,18,18,1,25.04177,121.58735,0
500111070,20231115,553,18,18,1,25.04177,121.58735,0
500111070,20231115,554,18,18,1,25.04177,121.58735,0
500111070,20231115,555,18,18,1,25.04177,121.58735,0
500111070,20231115,556,18,18,1,25.04177,121.58735,0
500111070,20231115,557,18,18,1,25.04177,121.58735,0
500111070,20231115,558,18,18,1,25.04177,121.58735,0
500111070,20231115,559,18,18,1,25.04177,121.58735,0
500111070,20231115,561,18,18,1,25.04177,121.58735,0
500111070,20231115,562,18,18,1,25.04177,121.58735,0
500111070,20231115,563,18,18,1,25.04177,121.58735,0
500111070,20231115,564,18,18,1,25.04177,121.58735,0
500111070,20231115,565,18,18,1,25.04177,121.58735,0
500111070,20231115,566,18,18,1,25.04177,121.58735,0
500111070,20231115,567,18,18,1,25.04177,121.58735,0
500111070,20231115,568,18,18,1,25.04177,121.58735,0
500111070,20231115,569,18,18,1,25.04177,121.58735,0
500111070,20231115,571,18,18,1,25.04177,121.58735,0
500111070,20231115,572,18,18,1,25.04177,121.58735,0
500111070,20231115,573,18,18,1,25.04177,121.58735,0
500111070,20231115,574,18,18,1,25.04177,121.58735,0
500111070,20231115,575,18,18,1,25.04177,121.58735,0
500111070,20231115,576,18,18,1,25.04177,121.58735,0
500111070,20231115,577,18,18,1,25.04177,121.58735,0
500111070,20231115,578,18,18,1,25.04177,121.58735,0
500111070,20231115,579,18,18,1,25.04177,121.58735,0
500111070,20231115,581,18,18,1,25.04177,121.58735,0
500111070,20231115,582,18,18,1,25.04177,121.58735,0
500111070,20231115,583,18,18,1,25.04177,121.58735,0
500111070,20231115,584,18,18,1,25.04177,121.58735,0
500111070,20231115,585,18,18,1,25.04177,121.58735,0
500111070,20231115,586,18,18,1,25.04177,121.58735,0
500111070,20231115,587,18,18,1,25.04177,121.58735,0
500111070,20231115,588,18,18,1,25.04177,121.58735,0
500111070,20231115,589,18,18,1,25.04177,121.58735,0
500111070,20231115,590,18,18,1,25.04177,121.58735,0
500111070,20231115,591,18,18,1,25.04177,121.58735,0
500111070,20231115,592,18,18,1,25.04177,121.58735,0
500111070,20231115,593,18,18,1,25.04177,121.58735,0
500111070,20231115,594,18,18,1,25.04177,121.58735,0
500111070,20231115,595,18,18,1,25.04177,121.58735,0
500111070,20231115,596,18,18,1,25.04177,121.58735,0
500111070,20231115,597,18,18,1,25.04177,121.58735,0
500111070,20231115,598,18,18,1,25.04177,121.58735,0
500111070,20231115,599,18,18,1,25.04177,121.58735,0
500111070,20231115,601,18,18,1,25.04177,121.58735,0
500111070,20231115,602,18,18,1,25.04177,121.58735,0
500111070,20231115,603,18,18,1,25.04177,121.58735,0
500111070,20231115,604,18,18,1,25.04177,121.58735,0
500111070,20231115,605,18,18,1,25.04177,121.58735,0
500111070,20231115,606,18,18,1,25.04177,121.58735,0
500111070,20231115,607,18,18,1,25.04177,121.58735,0
500111070,20231115,608,18,18,1,25.04177,121.58735,0
500111070,20231115,609,18,18,1,25.04177,121.58735,0
500111070,20231115,610,18,17,1,25.04177,121.58735,1
500111070,20231115,611,18,17,1,25.04177,121.58735,1
500111070,20231115,612,18,17,1,25.04177,121.58735,1
500111070,20231115,613,18,17,1,25.04177,121.58735,1
500111070,20231115,614,18,17,1,25.04177,121.58735,1
500111070,20231115,615,18,16,1,25.04177,121.58735,2
500111070,20231115,616,18,15,1,25.04177,121.58735,3
500111070,20231115,617,18,15,1,25.04177,121.58735,3
500111070,20231115,618,18,15,1,25.04177,121.58735,3
500111070,20231115,619,18,15,1,25.04177,121.58735,3
500111070,20231115,621,18,15,1,25.04177,121.58735,3
500111070,20231115,622,18,15,1,25.04177,121.58735,3
500111070,20231115,623,18,16,1,25.04177,121.58735,2
500111070,20231115,624,18,16,1,25.04177,121.58735,2
500111070,20231115,625,18,16,1,25.04177,121.58735,2
500111070,20231115,626,18,16,1,25.04177,121.58735,2
500111070,20231115,627,18,16,1,25.04177,121.58735,2
500111070,20231115,628,18,17,1,25.04177,121.58735,1
500111070,20231115,629,18,17,1,25.04177,121.58735,1
500111070,20231115,631,18,17,1,25.04177,121.58735,1
500111070,20231115,632,18,17,1,25.04177,121.58735,1
500111070,20231115,633,18,17,1,25.04177,121.58735,1
500111070,20231115,634,18,17,1,25.04177,121.58735,1
500111070,20231115,635,18,17,1,25.04177,121.58735,1
500111070,20231115,636,18,17,1,25.04177,121.58735,1
500111070,20231115,637,18,17,1,25.04177,121.58735,1
500111070,20231115,638,18,17,1,25.04177,121.58735,1
500111070,20231115,639,18,17,1,25.04177,121.58735,1
500111070,20231115,640,18,18,1,25.04177,121.58735,0
500111070,20231115,641,18,18,1,25.04177,121.58735,0
500111070,20231115,642,18,18,1,25.04177,121.58735,0
500111070,20231115,643,18,18,1,25.04177,121.58735,0
500111070,20231115,644,18,18,1,25.04177,121.58735,0
500111070,20231115,645,18,18,1,25.04177,121.58735,0
500111070,20231115,646,18,18,1,25.04177,121.58735,0
500111070,20231115,647,18,18,1,25.04177,121.58735,0
500111070,20231115,648,18,18,1,25.04177,121.58735,0
500111070,20231115,649,18,18,1,25.04177,121.58735,0
500111070,20231115,650,18,18,1,25.04177,121.58735,0
500111070,20231115,651,18,18,1,25.04177,121.58735,0
500111070,20231115,652,18,16,1,25.04177,121.58735,2
500111070,20231115,653,18,16,1,25.04177,121.58735,2
500111070,20231115,654,18,17,1,25.04177,121.58735,1
500111070,20231115,655,18,17,1,25.04177,121.58735,1
500111070,20231115,656,18,17,1,25.04177,121.58735,1
500111070,20231115,657,18,17,1,25.04177,121.58735,1
500111070,20231115,658,18,18,1,25.04177,121.58735,0
500111070,20231115,659,18,18,1,25.04177,121.58735,0
500111070,20231115,661,18,18,1,25.04177,121.58735,0
500111070,20231115,662,18,18,1,25.04177,121.58735,0
500111070,20231115,663,18,18,1,25.04177,121.58735,0
500111070,20231115,664,18,18,1,25.04177,121.58735,0
500111070,20231115,665,18,18,1,25.04177,121.58735,0
500111070,20231115,666,18,18,1,25.04177,121.58735,0
500111070,20231115,667,18,18,1,25.04177,121.58735,0
500111070,20231115,668,18,18,1,25.04177,121.58735,0
500111070,20231115,669,18,18,1,25.04177,121.58735,0
500111070,20231115,670,18,18,1,25.04177,121.58735,0
500111070,20231115,671,18,18,1,25.04177,121.58735,0
500111070,20231115,672,18,18,1,25.04177,121.58735,0
500111070,20231115,673,18,18,1,25.04177,121.58735,0
500111070,20231115,674,18,18,1,25.04177,121.58735,0
500111070,20231115,675,18,18,1,25.04177,121.58735,0
500111070,20231115,676,18,18,1,25.04177,121.58735,0
500111070,20231115,677,18,18,1,25.04177,121.58735,0
500111070,20231115,678,18,18,1,25.04177,121.58735,0
500111070,20231115,679,18,18,1,25.04177,121.58735,0
500111070,20231115,681,18,18,1,25.04177,121.58735,0
500111070,20231115,682,18,18,1,25.04177,121.58735,0
500111070,20231115,683,18,18,1,25.04177,121.58735,0
500111070,20231115,684,18,18,1,25.04177,121.58735,0
500111070,20231115,685,18,18,1,25.04177,121.58735,0
500111070,20231115,686,18,18,1,25.04177,121.58735,0
500111070,20231115,687,18,18,1,25.04177,121.58735,0
500111070,20231115,688,18,18,1,25.04177,121.58735,0
500111070,20231115,689,18,18,1,25.04177,121.58735,0
500111070,20231115,690,18,18,1,25.04177,121.58735,0
500111070,20231115,691,18,18,1,25.04177,121.58735,0
500111070,20231115,692,18,18,1,25.04177,121.58735,0
500111070,20231115,693,18,18,1,25.04177,121.58735,0
500111070,20231115,694,18,18,1,25.04177,121.58735,0
500111070,20231115,695,18,18,1,25.04177,121.58735,0
500111070,20231115,696,18,18,1,25.04177,121.58735,0
500111070,20231115,697,18,18,1,25.04177,121.58735,0
500111070,20231115,698,18,18,1,25.04177,121.58735,0
500111070,20231115,699,18,18,1,25.04177,121.58735,0
500111070,20231115,700,18,18,1,25.04177,121.58735,0
500111070,20231115,701,18,18,1,25.04177,121.58735,0
500111070,20231115,702,18,18,1,25.04177,121.58735,0
500111070,20231115,703,18,18,1,25.04177,121.58735,0
500111070,20231115,704,18,18,1,25.04177,121.58735,0
500111070,20231115,705,18,18,1,25.04177,121.58735,0
500111070,20231115,706,18,18,1,25.04177,121.58735,0
500111070,20231115,707,18,18,1,25.04177,121.58735,0
500111070,20231115,708,18,18,1,25.04177,121.58735,0
500111070,20231115,709,18,18,1,25.04177,121.58735,0
500111070,20231115,711,18,18,1,25.04177,121.58735,0
500111070,20231115,712,18,18,1,25.04177,121.58735,0
500111070,20231115,713,18,18,1,25.04177,121.58735,0
500111070,20231115,714,18,18,1,25.04177,121.58735,0
500111070,20231115,715,18,18,1,25.04177,121.58735,0
500111070,20231115,716,18,18,1,25.04177,121.58735,0
500111070,20231115,717,18,18,1,25.04177,121.58735,0
500111070,20231115,718,18,18,1,25.04177,121.58735,0
500111070,20231115,719,18,18,1,25.04177,121.58735,0
500111070,20231115,721,18,18,1,25.04177,121.58735,0
500111070,20231115,722,18,18,1,25.04177,121.58735,0
500111070,20231115,723,18,18,1,25.04177,121.58735,0
500111070,20231115,724,18,18,1,25.04177,121.58735,0
500111070,20231115,725,18,18,1,25.04177,121.58735,0
500111070,20231115,726,18,18,1,25.04177,121.58735,0
500111070,20231115,727,18,18,1,25.04177,121.58735,0
500111070,20231115,728,18,18,1,25.04177,121.58735,0
500111070,20231115,729,18,18,1,25.04177,121.58735,0
500111070,20231115,730,18,18,1,25.04177,121.58735,0
500111070,20231115,731,18,18,1,25.04177,121.58735,0
500111070,20231115,732,18,18,1,25.04177,121.58735,0
500111070,20231115,733,18,18,1,25.04177,121.58735,0
500111070,20231115,734,18,18,1,25.04177,121.58735,0
500111070,20231115,735,18,18,1,25.04177,121.58735,0
500111070,20231115,736,18,18,1,25.04177,121.58735,0
500111070,20231115,737,18,18,1,25.04177,121.58735,0
500111070,20231115,738,18,17,1,25.04177,121.58735,1
500111070,20231115,739,18,17,1,25.04177,121.58735,1
500111070,20231115,741,18,17,1,25.04177,121.58735,1
500111070,20231115,742,18,17,1,25.04177,121.58735,1
500111070,20231115,743,18,17,1,25.04177,121.58735,1
500111070,20231115,744,18,17,1,25.04177,121.58735,1
500111070,20231115,745,18,17,1,25.04177,121.58735,1
500111070,20231115,746,18,17,1,25.04177,121.58735,1
500111070,20231115,747,18,17,1,25.04177,121.58735,1
500111070,20231115,748,18,17,1,25.04177,121.58735,1
500111070,20231115,749,18,17,1,25.04177,121.58735,1
500111070,20231115,751,18,17,1,25.04177,121.58735,1
500111070,20231115,752,18,18,1,25.04177,121.58735,0
500111070,20231115,753,18,18,1,25.04177,121.58735,0
500111070,20231115,754,18,18,1,25.04177,121.58735,0
500111070,20231115,756,18,18,1,25.04177,121.58735,0
500111070,20231115,758,18,18,1,25.04177,121.58735,0
500111070,20231115,759,18,18,1,25.04177,121.58735,0
500111070,20231115,761,18,18,1,25.04177,121.58735,0
500111070,20231115,762,18,18,1,25.04177,121.58735,0
500111070,20231115,764,18,18,1,25.04177,121.58735,0
500111070,20231115,766,18,18,1,25.04177,121.58735,0
500111070,20231115,768,18,18,1,25.04177,121.58735,0
500111070,20231115,769,18,18,1,25.04177,121.58735,0
500111070,20231115,771,18,18,1,25.04177,121.58735,0
500111070,20231115,772,18,18,1,25.04177,121.58735,0
500111070,20231115,774,18,18,1,25.04177,121.58735,0
500111070,20231115,776,18,18,1,25.04177,121.58735,0
500111070,20231115,777,18,18,1,25.04177,121.58735,0
500111070,20231115,778,18,18,1,25.04177,121.58735,0
500111070,20231115,779,18,18,1,25.04177,121.58735,0
500111070,20231115,781,18,18,1,25.04177,121.58735,0
500111070,20231115,782,18,18,1,25.04177,121.58735,0
500111070,20231115,783,18,18,1,25.04177,121.58735,0
500111070,20231115,784,18,18,1,25.04177,121.58735,0
500111070,20231115,785,18,18,1,25.04177,121.58735,0
500111070,20231115,786,18,18,1,25.04177,121.58735,0
500111070,20231115,787,18,18,1,25.04177,121.58735,0
500111070,20231115,788,18,18,1,25.04177,121.58735,0
500111070,20231115,789,18,18,1,25.04177,121.58735,0
500111070,20231115,791,18,18,1,25.04177,121.58735,0
500111070,20231115,792,18,18,1,25.04177,121.58735,0
500111070,20231115,793,18,18,1,25.04177,121.58735,0
500111070,20231115,794,18,18,1,25.04177,121.58735,0
500111070,20231115,795,18,17,1,25.04177,121.58735,1
500111070,20231115,796,18,17,1,25.04177,121.58735,1
500111070,20231115,797,18,17,1,25.04177,121.58735,1
500111070,20231115,798,18,17,1,25.04177,121.58735,1
500111070,20231115,799,18,17,1,25.04177,121.58735,1
500111070,20231115,801,18,17,1,25.04177,121.58735,1
500111070,20231115,802,18,17,1,25.04177,121.58735,1
500111070,20231115,804,18,18,1,25.04177,121.58735,0
500111070,20231115,805,18,18,1,25.04177,121.58735,0
500111070,20231115,806,18,18,1,25.04177,121.58735,0
500111070,20231115,807,18,18,1,25.04177,121.58735,0
500111070,20231115,808,18,18,1,25.04177,121.58735,0
500111070,20231115,809,18,18,1,25.04177,121.58735,0
500111070,20231115,811,18,18,1,25.04177,121.58735,0
500111070,20231115,812,18,18,1,25.04177,121.58735,0
500111070,20231115,813,18,18,1,25.04177,121.58735,0
500111070,20231115,814,18,18,1,25.04177,121.58735,0
500111070,20231115,815,18,18,1,25.04177,121.58735,0
500111070,20231115,816,18,18,1,25.04177,121.58735,0
500111070,20231115,817,18,18,1,25.04177,121.58735,0
500111070,20231115,818,18,18,1,25.04177,121.58735,0
500111070,20231115,819,18,18,1,25.04177,121.58735,0
500111070,20231115,821,18,18,1,25.04177,121.58735,0
500111070,20231115,822,18,18,1,25.04177,121.58735,0
500111070,20231115,823,18,18,1,25.04177,121.58735,0
500111070,20231115,824,18,18,1,25.04177,121.58735,0
500111070,20231115,825,18,18,1,25.04177,121.58735,0
500111070,20231115,826,18,18,1,25.04177,121.58735,0
500111070,20231115,827,18,18,1,25.04177,121.58735,0
500111070,20231115,828,18,18,1,25.04177,121.58735,0
500111070,20231115,829,18,18,1,25.04177,121.58735,0
500111070,20231115,831,18,18,1,25.04177,121.58735,0
500111070,20231115,832,18,18,1,25.04177,121.58735,0
500111070,20231115,833,18,18,1,25.04177,121.58735,0
500111070,20231115,834,18,18,1,25.04177,121.58735,0
500111070,20231115,835,18,18,1,25.04177,121.58735,0
500111070,20231115,836,18,18,1,25.04177,121.58735,0
500111070,20231115,837,18,18,1,25.04177,121.58735,0
500111070,20231115,838,18,18,1,25.04177,121.58735,0
500111070,20231115,839,18,18,1,25.04177,121.58735,0
500111070,20231115,841,18,18,1,25.04177,121.58735,0
500111070,20231115,842,18,18,1,25.04177,121.58735,0
500111070,20231115,843,18,18,1,25.04177,121.58735,0
500111070,20231115,844,18,18,1,25.04177,121.58735,0
500111070,20231115,845,18,17,1,25.04177,121.58735,1
500111070,20231115,846,18,17,1,25.04177,121.58735,1
500111070,20231115,847,18,17,1,25.04177,121.58735,1
500111070,20231115,848,18,17,1,25.04177,121.58735,1
500111070,20231115,849,18,17,1,25.04177,121.58735,1
500111070,20231115,851,18,18,1,25.04177,121.58735,0
500111070,20231115,852,18,18,1,25.04177,121.58735,0
500111070,20231115,853,18,18,1,25.04177,121.58735,0
500111070,20231115,854,18,18,1,25.04177,121.58735,0
500111070,20231115,855,18,18,1,25.04177,121.58735,0
500111070,20231115,856,18,18,1,25.04177,121.58735,0
500111070,20231115,857,18,18,1,25.04177,121.58735,0
500111070,20231115,858,18,18,1,25.04177,121.58735,0
500111070,20231115,859,18,18,1,25.04177,121.58735,0
500111070,20231115,861,18,18,1,25.04177,121.58735,0
500111070,20231115,862,18,18,1,25.04177,121.58735,0
500111070,20231115,863,18,18,1,25.04177,121.58735,0
500111070,20231115,864,18,18,1,25.04177,121.58735,0
500111070,20231115,865,18,18,1,25.04177,121.58735,0
500111070,20231115,866,18,18,1,25.04177,121.58735,0
500111070,20231115,867,18,18,1,25.04177,121.58735,0
500111070,20231115,868,18,18,1,25.04177,121.58735,0
500111070,20231115,869,18,18,1,25.04177,121.58735,0
500111070,20231115,871,18,18,1,25.04177,121.58735,0
500111070,20231115,872,18,18,1,25.04177,121.58735,0
500111070,20231115,873,18,18,1,25.04177,121.58735,0
500111070,20231115,874,18,18,1,25.04177,121.58735,0
500111070,20231115,875,18,18,1,25.04177,121.58735,0
500111070,20231115,876,18,18,1,25.04177,121.58735,0
500111070,20231115,877,18,18,1,25.04177,121.58735,0
500111070,20231115,878,18,18,1,25.04177,121.58735,0
500111070,20231115,879,18,18,1,25.04177,121.58735,0
500111070,20231115,880,18,18,1,25.04177,121.58735,0
500111070,20231115,881,18,18,1,25.04177,121.58735,0
500111070,20231115,882,18,18,1,25.04177,121.58735,0
500111070,20231115,883,18,18,1,25.04177,121.58735,0
500111070,20231115,884,18,18,1,25.04177,121.58735,0
500111070,20231115,885,18,18,1,25.04177,121.58735,0
500111070,20231115,886,18,18,1,25.04177,121.58735,0
500111070,20231115,887,18,16,1,25.04177,121.58735,2
500111070,20231115,888,18,16,1,25.04177,121.58735,2
500111070,20231115,889,18,16,1,25.04177,121.58735,2
500111070,20231115,890,18,16,1,25.04177,121.58735,2
500111070,20231115,891,18,16,1,25.04177,121.58735,2
500111070,20231115,892,18,16,1,25.04177,121.58735,2
500111070,20231115,893,18,16,1,25.04177,121.58735,2
500111070,20231115,894,18,16,1,25.04177,121.58735,2
500111070,20231115,895,18,16,1,25.04177,121.58735,2
500111070,20231115,896,18,15,1,25.04177,121.58735,3
500111070,20231115,897,18,15,1,25.04177,121.58735,3
500111070,20231115,898,18,15,1,25.04177,121.58735,3
500111070,20231115,899,18,15,1,25.04177,121.58735,3
500111070,20231115,901,18,15,1,25.04177,121.58735,3
500111070,20231115,902,18,15,1,25.04177,121.58735,3
500111070,20231115,903,18,15,1,25.04177,121.58735,3
500111070,20231115,904,18,15,1,25.04177,121.58735,3
500111070,20231115,905,18,15,1,25.04177,121.58735,3
500111070,20231115,906,18,15,1,25.04177,121.58735,3
500111070,20231115,907,18,15,1,25.04177,121.58735,3
500111070,20231115,908,18,15,1,25.04177,121.58735,3
500111070,20231115,909,18,15,1,25.04177,121.58735,3
500111070,20231115,910,18,15,1,25.04177,121.58735,3
500111070,20231115,911,18,17,1,25.04177,121.58735,1
500111070,20231115,912,18,17,1,25.04177,121.58735,1
500111070,20231115,913,18,17,1,25.04177,121.58735,1
500111070,20231115,914,18,17,1,25.04177,121.58735,1
500111070,20231115,915,18,17,1,25.04177,121.58735,1
500111070,20231115,916,18,17,1,25.04177,121.58735,1
500111070,20231115,917,18,17,1,25.04177,121.58735,1
500111070,20231115,918,18,17,1,25.04177,121.58735,1
500111070,20231115,919,18,17,1,25.04177,121.58735,1
500111070,20231115,921,18,16,1,25.04177,121.58735,2
500111070,20231115,922,18,15,1,25.04177,121.58735,3
500111070,20231115,923,18,15,1,25.04177,121.58735,3
500111070,20231115,924,18,15,1,25.04177,121.58735,3
500111070,20231115,925,18,15,1,25.04177,121.58735,3
500111070,20231115,926,18,14,1,25.04177,121.58735,4
500111070,20231115,927,18,14,1,25.04177,121.58735,4
500111070,20231115,928,18,14,1,25.04177,121.58735,4
500111070,20231115,929,18,14,1,25.04177,121.58735,4
500111070,20231115,931,18,14,1,25.04177,121.58735,4
500111070,20231115,932,18,14,1,25.04177,121.58735,4
500111070,20231115,933,18,14,1,25.04177,121.58735,4
500111070,20231115,934,18,13,1,25.04177,121.58735,5
500111070,20231115,935,18,13,1,25.04177,121.58735,5
500111070,20231115,936,18,13,1,25.04177,121.58735,5
500111070,20231115,937,18,13,1,25.04177,121.58735,5
500111070,20231115,938,18,13,1,25.04177,121.58735,5
500111070,20231115,939,18,14,1,25.04177,121.58735,4
500111070,20231115,940,18,14,1,25.04177,121.58735,4
500111070,20231115,941,18,15,1,25.04177,121.58735,3
500111070,20231115,942,18,15,1,25.04177,121.58735,3
500111070,20231115,943,18,15,1,25.04177,121.58735,3
500111070,20231115,944,18,15,1,25.04177,121.58735,3
500111070,20231115,945,18,15,1,25.04177,121.58735,3
500111070,20231115,946,18,15,1,25.04177,121.58735,3
500111070,20231115,947,18,15,1,25.04177,121.58735,3
500111070,20231115,948,18,15,1,25.04177,121.58735,3
500111070,20231115,949,18,15,1,25.04177,121.58735,3
500111070,20231115,950,18,14,1,25.04177,121.58735,4
500111070,20231115,951,18,13,1,25.04177,121.58735,5
500111070,20231115,952,18,13,1,25.04177,121.58735,5
500111070,20231115,953,18,13,1,25.04177,121.58735,5
500111070,20231115,954,18,13,1,25.04177,121.58735,5
500111070,20231115,955,18,13,1,25.04177,121.58735,5
500111070,20231115,956,18,13,1,25.04177,121.58735,5
500111070,20231115,957,18,13,1,25.04177,121.58735,5
500111070,20231115,958,18,13,1,25.04177,121.58735,5
500111070,20231115,959,18,13,1,25.04177,121.58735,5
500111070,20231115,961,18,13,1,25.04177,121.58735,5
500111070,20231115,962,18,13,1,25.04177,121.58735,5
500111070,20231115,963,18,14,1,25.04177,121.58735,4
500111070,20231115,964,18,14,1,25.04177,121.58735,4
500111070,20231115,965,18,14,1,25.04177,121.58735,4
500111070,20231115,966,18,14,1,25.04177,121.58735,4
500111070,20231115,967,18,14,1,25.04177,121.58735,4
500111070,20231115,968,18,14,1,25.04177,121.58735,4
500111070,20231115,969,18,14,1,25.04177,121.58735,4
500111070,20231115,970,18,14,1,25.04177,121.58735,4
500111070,20231115,971,18,14,1,25.04177,121.58735,4
500111070,20231115,972,18,13,1,25.04177,121.58735,5
500111070,20231115,973,18,13,1,25.04177,121.58735,5
500111070,20231115,974,18,13,1,25.04177,121.58735,5
500111070,20231115,975,18,14,1,25.04177,121.58735,4
500111070,20231115,976,18,14,1,25.04177,121.58735,4
500111070,20231115,977,18,14,1,25.04177,121.58735,4
500111070,20231115,978,18,13,1,25.04177,121.58735,5
500111070,20231115,979,18,13,1,25.04177,121.58735,5
500111070,20231115,981,18,13,1,25.04177,121.58735,5
500111070,20231115,982,18,13,1,25.04177,121.58735,5
500111070,20231115,983,18,14,1,25.04177,121.58735,4
500111070,20231115,984,18,14,1,25.04177,121.58735,4
500111070,20231115,985,18,14,1,25.04177,121.58735,4
500111070,20231115,986,18,14,1,25.04177,121.58735,4
500111070,20231115,987,18,15,1,25.04177,121.58735,3
500111070,20231115,988,18,15,1,25.04177,121.58735,3
500111070,20231115,989,18,15,1,25.04177,121.58735,3
500111070,20231115,991,18,15,1,25.04177,121.58735,3
500111070,20231115,992,18,15,1,25.04177,121.58735,3
500111070,20231115,993,18,15,1,25.04177,121.58735,3
500111070,20231115,994,18,15,1,25.04177,121.58735,3
500111070,20231115,995,18,15,1,25.04177,121.58735,3
500111070,20231115,996,18,15,1,25.04177,121.58735,3
500111070,20231115,997,18,15,1,25.04177,121.58735,3
500111070,20231115,998,18,15,1,25.04177,121.58735,3
500111070,20231115,999,18,15,1,25.04177,121.58735,3
500111070,20231115,1000,18,13,1,25.04177,121.58735,5
500111070,20231115,1001,18,14,1,25.04177,121.58735,4
500111070,20231115,1002,18,14,1,25.04177,121.58735,4
500111070,20231115,1003,18,14,1,25.04177,121.58735,4
500111070,20231115,1004,18,14,1,25.04177,121.58735,4
500111070,20231115,1005,18,14,1,25.04177,121.58735,4
500111070,20231115,1006,18,15,1,25.04177,121.58735,3
500111070,20231115,1007,18,15,1,25.04177,121.58735,3
500111070,20231115,1008,18,13,1,25.04177,121.58735,5
500111070,20231115,1009,18,13,1,25.04177,121.58735,5
500111070,20231115,1010,18,13,1,25.04177,121.58735,5
500111070,20231115,1011,18,13,1,25.04177,121.58735,5
500111070,20231115,1012,18,13,1,25.04177,121.58735,5
500111070,20231115,1013,18,13,1,25.04177,121.58735,5
500111070,20231115,1014,18,13,1,25.04177,121.58735,5
500111070,20231115,1015,18,13,1,25.04177,121.58735,5
500111070,20231115,1016,18,13,1,25.04177,121.58735,5
500111070,20231115,1017,18,13,1,25.04177,121.58735,5
500111070,20231115,1018,18,12,1,25.04177,121.58735,6
500111070,20231115,1019,18,12,1,25.04177,121.58735,6
500111070,20231115,1021,18,13,1,25.04177,121.58735,5
500111070,20231115,1022,18,13,1,25.04177,121.58735,5
500111070,20231115,1024,18,13,1,25.04177,121.58735,5
500111070,20231115,1025,18,13,1,25.04177,121.58735,5
500111070,20231115,1026,18,14,1,25.04177,121.58735,4
500111070,20231115,1027,18,13,1,25.04177,121.58735,5
500111070,20231115,1029,18,14,1,25.04177,121.58735,4
500111070,20231115,1031,18,14,1,25.04177,121.58735,4
500111070,20231115,1032,18,13,1,25.04177,121.58735,5
500111070,20231115,1033,18,13,1,25.04177,121.58735,5
500111070,20231115,1034,18,13,1,25.04177,121.58735,5
500111070,20231115,1035,18,13,1,25.04177,121.58735,5
500111070,20231115,1036,18,13,1,25.04177,121.58735,5
500111070,20231115,1037,18,13,1,25.04177,121.58735,5
500111070,20231115,1038,18,13,1,25.04177,121.58735,5
500111070,20231115,1039,18,13,1,25.04177,121.58735,5
500111070,20231115,1041,18,12,1,25.04177,121.58735,6
500111070,20231115,1042,18,12,1,25.04177,121.58735,6
500111070,20231115,1043,18,13,1,25.04177,121.58735,5
500111070,20231115,1044,18,13,1,25.04177,121.58735,5
500111070,20231115,1045,18,13,1,25.04177,121.58735,5
500111070,20231115,1046,18,13,1,25.04177,121.58735,5
500111070,20231115,1047,18,13,1,25.04177,121.58735,5
500111070,20231115,1048,18,13,1,25.04177,121.58735,5
500111070,20231115,1049,18,13,1,25.04177,121.58735,5
500111070,20231115,1051,18,12,1,25.04177,121.58735,6
500111070,20231115,1052,18,12,1,25.04177,121.58735,6
500111070,20231115,1053,18,12,1,25.04177,121.58735,6
500111070,20231115,1054,18,12,1,25.04177,121.58735,6
500111070,20231115,1055,18,14,1,25.04177,121.58735,4
500111070,20231115,1056,18,14,1,25.04177,121.58735,4
500111070,20231115,1057,18,14,1,25.04177,121.58735,4
500111070,20231115,1058,18,14,1,25.04177,121.58735,4
500111070,20231115,1059,18,14,1,25.04177,121.58735,4
500111070,20231115,1061,18,14,1,25.04177,121.58735,4
500111070,20231115,1062,18,14,1,25.04177,121.58735,4
500111070,20231115,1063,18,17,1,25.04177,121.58735,1
500111070,20231115,1064,18,17,1,25.04177,121.58735,1
500111070,20231115,1065,18,18,1,25.04177,121.58735,0
500111070,20231115,1066,18,18,1,25.04177,121.58735,0
500111070,20231115,1067,18,16,1,25.04177,121.58735,2
500111070,20231115,1068,18,16,1,25.04177,121.58735,2
500111070,20231115,1069,18,17,1,25.04177,121.58735,1
500111070,20231115,1071,18,15,1,25.04177,121.58735,3
500111070,20231115,1072,18,14,1,25.04177,121.58735,4
500111070,20231115,1073,18,12,1,25.04177,121.58735,6
500111070,20231115,1074,18,12,1,25.04177,121.58735,6
500111070,20231115,1075,18,12,1,25.04177,121.58735,6
500111070,20231115,1076,18,11,1,25.04177,121.58735,7
500111070,20231115,1077,18,11,1,25.04177,121.58735,7
500111070,20231115,1078,18,11,1,25.04177,121.58735,7
500111070,20231115,1079,18,11,1,25.04177,121.58735,7
500111070,20231115,1081,18,12,1,25.04177,121.58735,6
500111070,20231115,1082,18,11,1,25.04177,121.58735,7
500111070,20231115,1083,18,11,1,25.04177,121.58735,7
500111070,20231115,1084,18,10,1,25.04177,121.58735,8
500111070,20231115,1085,18,10,1,25.04177,121.58735,8
500111070,20231115,1086,18,10,1,25.04177,121.58735,8
500111070,20231115,1088,18,9,1,25.04177,121.58735,9
500111070,20231115,1089,18,10,1,25.04177,121.58735,8
500111070,20231115,1091,18,10,1,25.04177,121.58735,8
500111070,20231115,1092,18,10,1,25.04177,121.58735,8
500111070,20231115,1093,18,10,1,25.04177,121.58735,8
500111070,20231115,1094,18,11,1,25.04177,121.58735,7
500111070,20231115,1095,18,11,1,25.04177,121.58735,7
500111070,20231115,1096,18,11,1,25.04177,121.58735,7
500111070,20231115,1097,18,11,1,25.04177,121.58735,7
500111070,20231115,1098,18,10,1,25.04177,121.58735,8
500111070,20231115,1099,18,10,1,25.04177,121.58735,8
500111070,20231115,1101,18,10,1,25.04177,121.58735,8
500111070,20231115,1102,18,10,1,25.04177,121.58735,8
500111070,20231115,1103,18,9,1,25.04177,121.58735,9
500111070,20231115,1104,18,9,1,25.04177,121.58735,9
500111070,20231115,1105,18,8,1,25.04177,121.58735,10
500111070,20231115,1106,18,8,1,25.04177,121.58735,10
500111070,20231115,1107,18,7,1,25.04177,121.58735,11
500111070,20231115,1108,18,7,1,25.04177,121.58735,11
500111070,20231115,1109,18,7,1,25.04177,121.58735,11
500111070,20231115,1111,18,5,1,25.04177,121.58735,13
500111070,20231115,1112,18,5,1,25.04177,121.58735,13
500111070,20231115,1113,18,5,1,25.04177,121.58735,13
500111070,20231115,1114,18,5,1,25.04177,121.58735,13
500111070,20231115,1115,18,5,1,25.04177,121.58735,13
500111070,20231115,1116,18,4,1,25.04177,121.58735,14
500111070,20231115,1117,18,4,1,25.04177,121.58735,14
500111070,20231115,1118,18,4,1,25.04177,121.58735,14
500111070,20231115,1119,18,3,1,25.04177,121.58735,15
500111070,20231115,1121,18,2,1,25.04177,121.58735,16
500111070,20231115,1122,18,2,1,25.04177,121.58735,16
500111070,20231115,1123,18,3,1,25.04177,121.58735,15
500111070,20231115,1124,18,3,1,25.04177,121.58735,15
500111070,20231115,1125,18,3,1,25.04177,121.58735,15
500111070,20231115,1126,18,3,1,25.04177,121.58735,15
500111070,20231115,1127,18,3,1,25.04177,121.58735,15
500111070,20231115,1128,18,4,1,25.04177,121.58735,14
500111070,20231115,1129,18,4,1,25.04177,121.58735,14
500111070,20231115,1131,18,4,1,25.04177,121.58735,14
500111070,20231115,1132,18,4,1,25.04177,121.58735,14
500111070,20231115,1133,18,4,1,25.04177,121.58735,14
500111070,20231115,1134,18,3,1,25.04177,121.58735,15
500111070,20231115,1135,18,3,1,25.04177,121.58735,15
500111070,20231115,1136,18,2,1,25.04177,121.58735,16
500111070,20231115,1137,18,2,1,25.04177,121.58735,16
500111070,20231115,1138,18,2,1,25.04177,121.58735,16
500111070,20231115,1139,18,2,1,25.04177,121.58735,16
500111070,20231115,1141,18,2,1,25.04177,121.58735,16
500111070,20231115,1142,18,2,1,25.04177,121.58735,16
500111070,20231115,1143,18,2,1,25.04177,121.58735,16
500111070,20231115,1144,18,2,1,25.04177,121.58735,16
500111070,20231115,1145,18,0,1,25.04177,121.58735,18
500111070,20231115,1146,18,1,1,25.04177,121.58735,17
500111070,20231115,1147,18,1,1,25.04177,121.58735,17
500111070,20231115,1148,18,1,1,25.04177,121.58735,17
500111070,20231115,1149,18,1,1,25.04177,121.58735,17
500111070,20231115,1150,18,1,1,25.04177,121.58735,17
500111070,20231115,1151,18,1,1,25.04177,121.58735,17
500111070,20231115,1152,18,1,1,25.04177,121.58735,17
500111070,20231115,1153,18,1,1,25.04177,121.58735,17
500111070,20231115,1154,18,1,1,25.04177,121.58735,17
500111070,20231115,1155,18,1,1,25.04177,121.58735,17
500111070,20231115,1156,18,1,1,25.04177,121.58735,17
500111070,20231115,1157,18,1,1,25.04177,121.58735,17
500111070,20231115,1158,18,1,1,25.04177,121.58735,17
500111070,20231115,1159,18,1,1,25.04177,121.58735,17
500111070,20231115,1161,18,1,1,25.04177,121.58735,17
500111070,20231115,1162,18,1,1,25.04177,121.58735,17
500111070,20231115,1163,18,1,1,25.04177,121.58735,17
500111070,20231115,1164,18,1,1,25.04177,121.58735,17
500111070,20231115,1165,18,1,1,25.04177,121.58735,17
500111070,20231115,1166,18,1,1,25.04177,121.58735,17
500111070,20231115,1167,18,1,1,25.04177,121.58735,17
500111070,20231115,1168,18,1,1,25.04177,121.58735,17
500111070,20231115,1169,18,1,1,25.04177,121.58735,17
500111070,20231115,1171,18,1,1,25.04177,121.58735,17
500111070,20231115,1172,18,1,1,25.04177,121.58735,17
500111070,20231115,1173,18,1,1,25.04177,121.58735,17
500111070,20231115,1174,18,1,1,25.04177,121.58735,17
500111070,20231115,1175,18,0,1,25.04177,121.58735,18
500111070,20231115,1176,18,0,1,25.04177,121.58735,18
500111070,20231115,1177,18,0,1,25.04177,121.58735,18
500111070,20231115,1178,18,0,1,25.04177,121.58735,18
500111070,20231115,1179,18,0,1,25.04177,121.58735,18
500111070,20231115,1180,18,0,1,25.04177,121.58735,18
500111070,20231115,1181,18,0,1,25.04177,121.58735,18
500111070,20231115,1182,18,0,1,25.04177,121.58735,18
500111070,20231115,1183,18,0,1,25.04177,121.58735,18
500111070,20231115,1184,18,0,1,25.04177,121.58735,18
500111070,20231115,1185,18,0,1,25.04177,121.58735,18
500111070,20231115,1186,18,0,1,25.04177,121.58735,18
500111070,20231115,1187,18,0,1,25.04177,121.58735,18
500111070,20231115,1188,18,0,1,25.04177,121.58735,18
500111070,20231115,1189,18,0,1,25.04177,121.58735,18
500111070,20231115,1190,18,0,1,25.04177,121.58735,18
500111070,20231115,1191,18,2,1,25.04177,121.58735,16
500111070,20231115,1192,18,4,1,25.04177,121.58735,14
500111070,20231115,1193,18,7,1,25.04177,121.58735,11
500111070,20231115,1194,18,8,1,25.04177,121.58735,10
500111070,20231115,1195,18,8,1,25.04177,121.58735,10
500111070,20231115,1196,18,9,1,25.04177,121.58735,9
500111070,20231115,1197,18,10,1,25.04177,121.58735,8
500111070,20231115,1198,18,14,1,25.04177,121.58735,4
500111070,20231115,1199,18,13,1,25.04177,121.58735,5
500111070,20231115,1201,18,13,1,25.04177,121.58735,5
500111070,20231115,1202,18,13,1,25.04177,121.58735,5
500111070,20231115,1203,18,13,1,25.04177,121.58735,5
500111070,20231115,1204,18,13,1,25.04177,121.58735,5
500111070,20231115,1205,18,13,1,25.04177,121.58735,5
500111070,20231115,1206,18,13,1,25.04177,121.58735,5
500111070,20231115,1207,18,15,1,25.04177,121.58735,3
500111070,20231115,1208,18,18,1,25.04177,121.58735,0
500111070,20231115,1209,18,17,1,25.04177,121.58735,1
500111070,20231115,1210,18,17,1,25.04177,121.58735,1
500111070,20231115,1211,18,17,1,25.04177,121.58735,1
500111070,20231115,1212,18,17,1,25.04177,121.58735,1
500111070,20231115,1213,18,17,1,25.04177,121.58735,1
500111070,20231115,1214,18,16,1,25.04177,121.58735,2
500111070,20231115,1215,18,16,1,25.04177,121.58735,2
500111070,20231115,1216,18,17,1,25.04177,121.58735,1
500111070,20231115,1217,18,17,1,25.04177,121.58735,1
500111070,20231115,1218,18,17,1,25.04177,121.58735,1
500111070,20231115,1219,18,17,1,25.04177,121.58735,1
500111070,20231115,1221,18,17,1,25.04177,121.58735,1
500111070,20231115,1222,18,17,1,25.04177,121.58735,1
500111070,20231115,1223,18,17,1,25.04177,121.58735,1
500111070,20231115,1224,18,16,1,25.04177,121.58735,2
500111070,20231115,1225,18,16,1,25.04177,121.58735,2
500111070,20231115,1226,18,16,1,25.04177,121.58735,2
500111070,20231115,1227,18,15,1,25.04177,121.58735,3
500111070,20231115,1228,18,15,1,25.04177,121.58735,3
500111070,20231115,1229,18,15,1,25.04177,121.58735,3
500111070,20231115,1231,18,14,1,25.04177,121.58735,4
500111070,20231115,1232,18,14,1,25.04177,121.58735,4
500111070,20231115,1233,18,14,1,25.04177,121.58735,4
500111070,20231115,1234,18,13,1,25.04177,121.58735,5
500111070,20231115,1235,18,14,1,25.04177,121.58735,4
500111070,20231115,1236,18,15,1,25.04177,121.58735,3
500111070,20231115,1237,18,15,1,25.04177,121.58735,3
500111070,20231115,1238,18,15,1,25.04177,121.58735,3
500111070,20231115,1239,18,15,1,25.04177,121.58735,3
500111070,20231115,1240,18,16,1,25.04177,121.58735,2
500111070,20231115,1241,18,15,1,25.04177,121.58735,3
500111070,20231115,1242,18,15,1,25.04177,121.58735,3
500111070,20231115,1243,18,15,1,25.04177,121.58735,3
500111070,20231115,1244,18,16,1,25.04177,121.58735,2
500111070,20231115,1245,18,16,1,25.04177,121.58735,2
500111070,20231115,1246,18,16,1,25.04177,121.58735,2
500111070,20231115,1247,18,17,1,25.04177,121.58735,1
500111070,20231115,1248,18,16,1,25.04177,121.58735,2
500111070,20231115,1249,18,16,1,25.04177,121.58735,2
500111070,20231115,1250,18,15,1,25.04177,121.58735,3
500111070,20231115,1251,18,15,1,25.04177,121.58735,3
500111070,20231115,1252,18,15,1,25.04177,121.58735,3
500111070,20231115,1253,18,15,1,25.04177,121.58735,3
500111070,20231115,1254,18,15,1,25.04177,121.58735,3
500111070,20231115,1255,18,15,1,25.04177,121.58735,3
500111070,20231115,1256,18,14,1,25.04177,121.58735,4
500111070,20231115,1257,18,14,1,25.04177,121.58735,4
500111070,20231115,1258,18,14,1,25.04177,121.58735,4
500111070,20231115,1259,18,14,1,25.04177,121.58735,4
500111070,20231115,1261,18,14,1,25.04177,121.58735,4
500111070,20231115,1262,18,14,1,25.04177,121.58735,4
500111070,20231115,1263,18,14,1,25.04177,121.58735,4
500111070,20231115,1264,18,14,1,25.04177,121.58735,4
500111070,20231115,1265,18,14,1,25.04177,121.58735,4
500111070,20231115,1266,18,14,1,25.04177,121.58735,4
500111070,20231115,1267,18,13,1,25.04177,121.58735,5
500111070,20231115,1268,18,13,1,25.04177,121.58735,5
500111070,20231115,1269,18,13,1,25.04177,121.58735,5
500111070,20231115,1270,18,13,1,25.04177,121.58735,5
500111070,20231115,1271,18,14,1,25.04177,121.58735,4
500111070,20231115,1272,18,14,1,25.04177,121.58735,4
500111070,20231115,1273,18,14,1,25.04177,121.58735,4
500111070,20231115,1274,18,14,1,25.04177,121.58735,4
500111070,20231115,1275,18,14,1,25.04177,121.58735,4
500111070,20231115,1276,18,14,1,25.04177,121.58735,4
500111070,20231115,1277,18,14,1,25.04177,121.58735,4
500111070,20231115,1278,18,14,1,25.04177,121.58735,4
500111070,20231115,1279,18,14,1,25.04177,121.58735,4
500111070,20231115,1281,18,13,1,25.04177,121.58735,5
500111070,20231115,1283,18,12,1,25.04177,121.58735,6
500111070,20231115,1284,18,12,1,25.04177,121.58735,6
500111070,20231115,1285,18,10,1,25.04177,121.58735,8
500111070,20231115,1286,18,10,1,25.04177,121.58735,8
500111070,20231115,1287,18,10,1,25.04177,121.58735,8
500111070,20231115,1288,18,9,1,25.04177,121.58735,9
500111070,20231115,1289,18,9,1,25.04177,121.58735,9
500111070,20231115,1291,18,7,1,25.04177,121.58735,11
500111070,20231115,1292,18,6,1,25.04177,121.58735,12
500111070,20231115,1293,18,6,1,25.04177,121.58735,12
500111070,20231115,1294,18,6,1,25.04177,121.58735,12
500111070,20231115,1295,18,6,1,25.04177,121.58735,12
500111070,20231115,1296,18,7,1,25.04177,121.58735,11
500111070,20231115,1297,18,6,1,25.04177,121.58735,12
500111070,20231115,1298,18,6,1,25.04177,121.58735,12
500111070,20231115,1299,18,6,1,25.04177,121.58735,12
500111070,20231115,1301,18,6,1,25.04177,121.58735,12
500111070,20231115,1302,18,6,1,25.04177,121.58735,12
500111070,20231115,1303,18,6,1,25.04177,121.58735,12
500111070,20231115,1304,18,6,1,25.04177,121.58735,12
500111070,20231115,1305,18,6,1,25.04177,121.58735,12
500111070,20231115,1306,18,6,1,25.04177,121.58735,12
500111070,20231115,1307,18,6,1,25.04177,121.58735,12
500111070,20231115,1308,18,6,1,25.04177,121.58735,12
500111070,20231115,1309,18,6,1,25.04177,121.58735,12
500111070,20231115,1311,18,7,1,25.04177,121.58735,11
500111070,20231115,1312,18,7,1,25.04177,121.58735,11
500111070,20231115,1313,18,6,1,25.04177,121.58735,12
500111070,20231115,1314,18,6,1,25.04177,121.58735,12
500111070,20231115,1315,18,6,1,25.04177,121.58735,12
500111070,20231115,1316,18,7,1,25.04177,121.58735,11
500111070,20231115,1317,18,7,1,25.04177,121.58735,11
500111070,20231115,1318,18,7,1,25.04177,121.58735,11
500111070,20231115,1319,18,7,1,25.04177,121.58735,11
500111070,20231115,1321,18,7,1,25.04177,121.58735,11
500111070,20231115,1322,18,5,1,25.04177,121.58735,13
500111070,20231115,1323,18,5,1,25.04177,121.58735,13
500111070,20231115,1324,18,5,1,25.04177,121.58735,13
500111070,20231115,1325,18,6,1,25.04177,121.58735,12
500111070,20231115,1326,18,6,1,25.04177,121.58735,12
500111070,20231115,1327,18,6,1,25.04177,121.58735,12
500111070,20231115,1328,18,6,1,25.04177,121.58735,12
500111070,20231115,1329,18,6,1,25.04177,121.58735,12
500111070,20231115,1331,18,9,1,25.04177,121.58735,9
500111070,20231115,1332,18,14,1,25.04177,121.58735,4
500111070,20231115,1333,18,15,1,25.04177,121.58735,3
500111070,20231115,1334,18,14,1,25.04177,121.58735,4
500111070,20231115,1335,18,14,1,25.04177,121.58735,4
500111070,20231115,1336,18,15,1,25.04177,121.58735,3
500111070,20231115,1337,18,15,1,25.04177,121.58735,3
500111070,20231115,1338,18,14,1,25.04177,121.58735,4
500111070,20231115,1339,18,14,1,25.04177,121.58735,4
500111070,20231115,1341,18,14,1,25.04177,121.58735,4
500111070,20231115,1342,18,14,1,25.04177,121.58735,4
500111070,20231115,1343,18,14,1,25.04177,121.58735,4
500111070,20231115,1344,18,14,1,25.04177,121.58735,4
500111070,20231115,1345,18,14,1,25.04177,121.58735,4
500111070,20231115,1346,18,14,1,25.04177,121.58735,4
500111070,20231115,1347,18,14,1,25.04177,121.58735,4
500111070,20231115,1348,18,13,1,25.04177,121.58735,5
500111070,20231115,1349,18,13,1,25.04177,121.58735,5
500111070,20231115,1351,18,13,1,25.04177,121.58735,5
500111070,20231115,1352,18,14,1,25.04177,121.58735,4
500111070,20231115,1353,18,14,1,25.04177,121.58735,4
500111070,20231115,1354,18,14,1,25.04177,121.58735,4
500111070,20231115,1355,18,14,1,25.04177,121.58735,4
500111070,20231115,1356,18,14,1,25.04177,121.58735,4
500111070,20231115,1357,18,14,1,25.04177,121.58735,4
500111070,20231115,1358,18,14,1,25.04177,121.58735,4
500111070,20231115,1359,18,14,1,25.04177,121.58735,4
500111070,20231115,1361,18,14,1,25.04177,121.58735,4
500111070,20231115,1362,18,14,1,25.04177,121.58735,4
500111070,20231115,1363,18,14,1,25.04177,121.58735,4
500111070,20231115,1364,18,14,1,25.04177,121.58735,4
500111070,20231115,1365,18,14,1,25.04177,121.58735,4
500111070,20231115,1366,18,14,1,25.04177,121.58735,4
500111070,20231115,1367,18,14,1,25.04177,121.58735,4
500111070,20231115,1368,18,14,1,25.04177,121.58735,4
500111070,20231115,1369,18,14,1,25.04177,121.58735,4
500111070,20231115,1371,18,14,1,25.04177,121.58735,4
500111070,20231115,1372,18,14,1,25.04177,121.58735,4
500111070,20231115,1373,18,14,1,25.04177,121.58735,4
500111070,20231115,1374,18,14,1,25.04177,121.58735,4
500111070,20231115,1375,18,14,1,25.04177,121.58735,4
500111070,20231115,1376,18,14,1,25.04177,121.58735,4
500111070,20231115,1377,18,14,1,25.04177,121.58735,4
500111070,20231115,1378,18,13,1,25.04177,121.58735,5
500111070,20231115,1379,18,11,1,25.04177,121.58735,7
500111070,20231115,1381,18,11,1,25.04177,121.58735,7
500111070,20231115,1382,18,11,1,25.04177,121.58735,7
500111070,20231115,1383,18,11,1,25.04177,121.58735,7
500111070,20231115,1384,18,11,1,25.04177,121.58735,7
500111070,20231115,1385,18,11,1,25.04177,121.58735,7
500111070,20231115,1386,18,11,1,25.04177,121.58735,7
500111070,20231115,1387,18,10,1,25.04177,121.58735,8
500111070,20231115,1388,18,10,1,25.04177,121.58735,8
500111070,20231115,1389,18,10,1,25.04177,121.58735,8
500111070,20231115,1391,18,10,1,25.04177,121.58735,8
500111070,20231115,1392,18,10,1,25.04177,121.58735,8
500111070,20231115,1393,18,10,1,25.04177,121.58735,8
500111070,20231115,1394,18,11,1,25.04177,121.58735,7
500111070,20231115,1395,18,12,1,25.04177,121.58735,6
500111070,20231115,1396,18,12,1,25.04177,121.58735,6
500111070,20231115,1397,18,12,1,25.04177,121.58735,6
500111070,20231115,1398,18,12,1,25.04177,121.58735,6
500111070,20231115,1399,18,12,1,25.04177,121.58735,6
500111070,20231115,1401,18,11,1,25.04177,121.58735,7
500111070,20231115,1402,18,11,1,25.04177,121.58735,7
500111070,20231115,1403,18,11,1,25.04177,121.58735,7
500111070,20231115,1404,18,11,1,25.04177,121.58735,7
500111070,20231115,1405,18,12,1,25.04177,121.58735,6
500111070,20231115,1406,18,12,1,25.04177,121.58735,6
500111070,20231115,1407,18,13,1,25.04177,121.58735,5
500111070,20231115,1408,18,13,1,25.04177,121.58735,5
500111070,20231115,1409,18,13,1,25.04177,121.58735,5
500111070,20231115,1410,18,13,1,25.04177,121.58735,5
500111070,20231115,1411,18,12,1,25.04177,121.58735,6
500111070,20231115,1412,18,12,1,25.04177,121.58735,6
500111070,20231115,1413,18,12,1,25.04177,121.58735,6
500111070,20231115,1414,18,11,1,25.04177,121.58735,7
500111070,20231115,1415,18,11,1,25.04177,121.58735,7
500111070,20231115,1416,18,10,1,25.04177,121.58735,8
500111070,20231115,1417,18,10,1,25.04177,121.58735,8
500111070,20231115,1418,18,10,1,25.04177,121.58735,8
500111070,20231115,1419,18,10,1,25.04177,121.58735,8
500111070,20231115,1420,18,10,1,25.04177,121.58735,8
500111070,20231115,1421,18,10,1,25.04177,121.58735,8
500111070,20231115,1422,18,10,1,25.04177,121.58735,8
500111070,20231115,1423,18,10,1,25.04177,121.58735,8
500111070,20231115,1424,18,10,1,25.04177,121.58735,8
500111070,20231115,1425,18,10,1,25.04177,121.58735,8
500111070,20231115,1426,18,10,1,25.04177,121.58735,8
500111070,20231115,1427,18,10,1,25.04177,121.58735,8
500111070,20231115,1428,18,10,1,25.04177,121.58735,8
500111070,20231115,1429,18,10,1,25.04177,121.58735,8
500111070,20231115,1430,18,10,1,25.04177,121.58735,8
500111070,20231115,1431,18,10,1,25.04177,121.58735,8
500111070,20231115,1432,18,10,1,25.04177,121.58735,8
500111070,20231115,1433,18,10,1,25.04177,121.58735,8
500111070,20231115,1434,18,9,1,25.04177,121.58735,9
500111070,20231115,1435,18,9,1,25.04177,121.58735,9
500111070,20231115,1436,18,9,1,25.04177,121.58735,9
500111070,20231115,1437,18,9,1,25.04177,121.58735,9
500111070,20231115,1438,18,9,1,25.04177,121.58735,9
500111070,20231115,1439,18,9,1,25.04177,121.58735,9
500111070,20231116,1,18,8,1,25.04177,121.58735,10
500111070,20231116,2,18,8,1,25.04177,121.58735,10
500111070,20231116,3,18,8,1,25.04177,121.58735,10
500111070,20231116,4,18,8,1,25.04177,121.58735,10
500111070,20231116,5,18,8,1,25.04177,121.58735,10
500111070,20231116,6,18,8,1,25.04177,121.58735,10
500111070,20231116,7,18,8,1,25.04177,121.58735,10
500111070,20231116,8,18,8,1,25.04177,121.58735,10
500111070,20231116,9,18,8,1,25.04177,121.58735,10
500111070,20231116,10,18,8,1,25.04177,121.58735,10
500111070,20231116,11,18,9,1,25.04177,121.58735,9
500111070,20231116,12,18,10,1,25.04177,121.58735,8
500111070,20231116,13,18,10,1,25.04177,121.58735,8
500111070,20231116,14,18,10,1,25.04177,121.58735,8
500111070,20231116,15,18,9,1,25.04177,121.58735,9
500111070,20231116,16,18,9,1,25.04177,121.58735,9
500111070,20231116,17,18,9,1,25.04177,121.58735,9
500111070,20231116,18,18,9,1,25.04177,121.58735,9
500111070,20231116,19,18,9,1,25.04177,121.58735,9
500111070,20231116,21,18,9,1,25.04177,121.58735,9
500111070,20231116,22,18,9,1,25.04177,121.58735,9
500111070,20231116,23,18,9,1,25.04177,121.58735,9
500111070,20231116,24,18,9,1,25.04177,121.58735,9
500111070,20231116,25,18,9,1,25.04177,121.58735,9
500111070,20231116,26,18,9,1,25.04177,121.58735,9
500111070,20231116,27,18,9,1,25.04177,121.58735,9
500111070,20231116,28,18,9,1,25.04177,121.58735,9
500111070,20231116,29,18,9,1,25.04177,121.58735,9
500111070,20231116,30,18,9,1,25.04177,121.58735,9
500111070,20231116,31,18,9,1,25.04177,121.58735,9
500111070,20231116,32,18,8,1,25.04177,121.58735,10
500111070,20231116,33,18,8,1,25.04177,121.58735,10
500111070,20231116,34,18,8,1,25.04177,121.58735,10
500111070,20231116,35,18,8,1,25.04177,121.58735,10
500111070,20231116,36,18,8,1,25.04177,121.58735,10
500111070,20231116,37,18,7,1,25.04177,121.58735,11
500111070,20231116,38,18,7,1,25.04177,121.58735,11
500111070,20231116,39,18,7,1,25.04177,121.58735,11
500111070,20231116,40,18,7,1,25.04177,121.58735,11
500111070,20231116,41,18,7,1,25.04177,121.58735,11
500111070,20231116,42,18,7,1,25.04177,121.58735,11
500111070,20231116,43,18,7,1,25.04177,121.58735,11
500111070,20231116,44,18,7,1,25.04177,121.58735,11
500111070,20231116,45,18,7,1,25.04177,121.58735,11
500111070,20231116,46,18,7,1,25.04177,121.58735,11
500111070,20231116,47,18,7,1,25.04177,121.58735,11
500111070,20231116,48,18,7,1,25.04177,121.58735,11
500111070,20231116,49,18,7,1,25.04177,121.58735,11
500111070,20231116,50,18,7,1,25.04177,121.58735,11
500111070,20231116,51,18,7,1,25.04177,121.58735,11
500111070,20231116,52,18,7,1,25.04177,121.58735,11
500111070,20231116,53,18,7,1,25.04177,121.58735,11
500111070,20231116,54,18,7,1,25.04177,121.58735,11
500111070,20231116,55,18,7,1,25.04177,121.58735,11
500111070,20231116,56,18,7,1,25.04177,121.58735,11
500111070,20231116,57,18,7,1,25.04177,121.58735,11
500111070,20231116,58,18,7,1,25.04177,121.58735,11
500111070,20231116,59,18,7,1,25.04177,121.58735,11
500111070,20231116,60,18,7,1,25.04177,121.58735,11
500111070,20231116,61,18,7,1,25.04177,121.58735,11
500111070,20231116,62,18,7,1,25.04177,121.58735,11
500111070,20231116,63,18,7,1,25.04177,121.58735,11
500111070,20231116,64,18,7,1,25.04177,121.58735,11
500111070,20231116,65,18,7,1,25.04177,121.58735,11
500111070,20231116,66,18,7,1,25.04177,121.58735,11
500111070,20231116,67,18,7,1,25.04177,121.58735,11
500111070,20231116,68,18,7,1,25.04177,121.58735,11
500111070,20231116,69,18,7,1,25.04177,121.58735,11
500111070,20231116,70,18,7,1,25.04177,121.58735,11
500111070,20231116,71,18,7,1,25.04177,121.58735,11
500111070,20231116,72,18,7,1,25.04177,121.58735,11
500111070,20231116,73,18,7,1,25.04177,121.58735,11
500111070,20231116,74,18,7,1,25.04177,121.58735,11
500111070,20231116,75,18,7,1,25.04177,121.58735,11
500111070,20231116,76,18,7,1,25.04177,121.58735,11
500111070,20231116,77,18,7,1,25.04177,121.58735,11
500111070,20231116,78,18,7,1,25.04177,121.58735,11
500111070,20231116,79,18,7,1,25.04177,121.58735,11
500111070,20231116,81,18,7,1,25.04177,121.58735,11
500111070,20231116,82,18,7,1,25.04177,121.58735,11
500111070,20231116,83,18,7,1,25.04177,121.58735,11
500111070,20231116,84,18,7,1,25.04177,121.58735,11
500111070,20231116,85,18,7,1,25.04177,121.58735,11
500111070,20231116,86,18,7,1,25.04177,121.58735,11
500111070,20231116,87,18,7,1,25.04177,121.58735,11
500111070,20231116,88,18,7,1,25.04177,121.58735,11
500111070,20231116,89,18,7,1,25.04177,121.58735,11
500111070,20231116,90,18,7,1,25.04177,121.58735,11
500111070,20231116,91,18,7,1,25.04177,121.58735,11
500111070,20231116,92,18,7,1,25.04177,121.58735,11
500111070,20231116,93,18,7,1,25.04177,121.58735,11
500111070,20231116,94,18,7,1,25.04177,121.58735,11
500111070,20231116,95,18,7,1,25.04177,121.58735,11
500111070,20231116,96,18,7,1,25.04177,121.58735,11
500111070,20231116,98,18,7,1,25.04177,121.58735,11
500111070,20231116,99,18,7,1,25.04177,121.58735,11
500111070,20231116,101,18,7,1,25.04177,121.58735,11
500111070,20231116,102,18,7,1,25.04177,121.58735,11
500111070,20231116,103,18,7,1,25.04177,121.58735,11
500111070,20231116,104,18,7,1,25.04177,121.58735,11
500111070,20231116,105,18,7,1,25.04177,121.58735,11
500111070,20231116,106,18,7,1,25.04177,121.58735,11
500111070,20231116,107,18,7,1,25.04177,121.58735,11
500111070,20231116,108,18,7,1,25.04177,121.58735,11
500111070,20231116,109,18,7,1,25.04177,121.58735,11
500111070,20231116,111,18,7,1,25.04177,121.58735,11
500111070,20231116,112,18,7,1,25.04177,121.58735,11
500111070,20231116,113,18,7,1,25.04177,121.58735,11
500111070,20231116,114,18,7,1,25.04177,121.58735,11
500111070,20231116,115,18,7,1,25.04177,121.58735,11
500111070,20231116,116,18,7,1,25.04177,121.58735,11
500111070,20231116,117,18,7,1,25.04177,121.58735,11
500111070,20231116,118,18,7,1,25.04177,121.58735,11
500111070,20231116,119,18,7,1,25.04177,121.58735,11
500111070,20231116,121,18,7,1,25.04177,121.58735,11
500111070,20231116,122,18,7,1,25.04177,121.58735,11
500111070,20231116,123,18,7,1,25.04177,121.58735,11
500111070,20231116,124,18,7,1,25.04177,121.58735,11
500111070,20231116,125,18,7,1,25.04177,121.58735,11
500111070,20231116,126,18,7,1,25.04177,121.58735,11
500111070,20231116,127,18,7,1,25.04177,121.58735,11
500111070,20231116,128,18,7,1,25.04177,121.58735,11
500111070,20231116,129,18,7,1,25.04177,121.58735,11
500111070,20231116,131,18,7,1,25.04177,121.58735,11
500111070,20231116,132,18,7,1,25.04177,121.58735,11
500111070,20231116,133,18,7,1,25.04177,121.58735,11
500111070,20231116,134,18,7,1,25.04177,121.58735,11
500111070,20231116,135,18,7,1,25.04177,121.58735,11
500111070,20231116,136,18,7,1,25.04177,121.58735,11
500111070,20231116,137,18,7,1,25.04177,121.58735,11
500111070,20231116,138,18,7,1,25.04177,121.58735,11
500111070,20231116,139,18,8,1,25.04177,121.58735,10
500111070,20231116,141,18,8,1,25.04177,121.58735,10
500111070,20231116,142,18,8,1,25.04177,121.58735,10
500111070,20231116,143,18,8,1,25.04177,121.58735,10
500111070,20231116,144,18,8,1,25.04177,121.58735,10
500111070,20231116,145,18,8,1,25.04177,121.58735,10
500111070,20231116,146,18,8,1,25.04177,121.58735,10
500111070,20231116,147,18,8,1,25.04177,121.58735,10
500111070,20231116,148,18,8,1,25.04177,121.58735,10
500111070,20231116,149,18,8,1,25.04177,121.58735,10
500111070,20231116,151,18,8,1,25.04177,121.58735,10
500111070,20231116,152,18,8,1,25.04177,121.58735,10
500111070,20231116,153,18,8,1,25.04177,121.58735,10
500111070,20231116,154,18,8,1,25.04177,121.58735,10
500111070,20231116,155,18,8,1,25.04177,121.58735,10
500111070,20231116,156,18,7,1,25.04177,121.58735,11
500111070,20231116,157,18,7,1,25.04177,121.58735,11
500111070,20231116,158,18,7,1,25.04177,121.58735,11
500111070,20231116,159,18,7,1,25.04177,121.58735,11
500111070,20231116,161,18,7,1,25.04177,121.58735,11
500111070,20231116,162,18,7,1,25.04177,121.58735,11
500111070,20231116,163,18,7,1,25.04177,121.58735,11
500111070,20231116,164,18,7,1,25.04177,121.58735,11
500111070,20231116,165,18,7,1,25.04177,121.58735,11
500111070,20231116,166,18,7,1,25.04177,121.58735,11
500111070,20231116,167,18,7,1,25.04177,121.58735,11
500111070,20231116,168,18,7,1,25.04177,121.58735,11
500111070,20231116,169,18,7,1,25.04177,121.58735,11
500111070,20231116,171,18,7,1,25.04177,121.58735,11
500111070,20231116,172,18,7,1,25.04177,121.58735,11
500111070,20231116,173,18,6,1,25.04177,121.58735,12
500111070,20231116,174,18,6,1,25.04177,121.58735,12
500111070,20231116,175,18,6,1,25.04177,121.58735,12
500111070,20231116,176,18,6,1,25.04177,121.58735,12
500111070,20231116,177,18,6,1,25.04177,121.58735,12
500111070,20231116,178,18,6,1,25.04177,121.58735,12
500111070,20231116,179,18,6,1,25.04177,121.58735,12
500111070,20231116,181,18,6,1,25.04177,121.58735,12
500111070,20231116,182,18,6,1,25.04177,121.58735,12
500111070,20231116,183,18,6,1,25.04177,121.58735,12
500111070,20231116,184,18,6,1,25.04177,121.58735,12
500111070,20231116,185,18,6,1,25.04177,121.58735,12
500111070,20231116,186,18,6,1,25.04177,121.58735,12
500111070,20231116,187,18,6,1,25.04177,121.58735,12
500111070,20231116,188,18,6,1,25.04177,121.58735,12
500111070,20231116,189,18,6,1,25.04177,121.58735,12
500111070,20231116,191,18,6,1,25.04177,121.58735,12
500111070,20231116,192,18,6,1,25.04177,121.58735,12
500111070,20231116,193,18,6,1,25.04177,121.58735,12
500111070,20231116,194,18,6,1,25.04177,121.58735,12
500111070,20231116,195,18,6,1,25.04177,121.58735,12
500111070,20231116,196,18,6,1,25.04177,121.58735,12
500111070,20231116,197,18,6,1,25.04177,121.58735,12
500111070,20231116,198,18,6,1,25.04177,121.58735,12
500111070,20231116,199,18,6,1,25.04177,121.58735,12
500111070,20231116,201,18,6,1,25.04177,121.58735,12
500111070,20231116,202,18,6,1,25.04177,121.58735,12
500111070,20231116,203,18,6,1,25.04177,121.58735,12
500111070,20231116,204,18,6,1,25.04177,121.58735,12
500111070,20231116,205,18,6,1,25.04177,121.58735,12
500111070,20231116,206,18,6,1,25.04177,121.58735,12
500111070,20231116,207,18,6,1,25.04177,121.58735,12
500111070,20231116,208,18,6,1,25.04177,121.58735,12
500111070,20231116,209,18,6,1,25.04177,121.58735,12
500111070,20231116,210,18,6,1,25.04177,121.58735,12
500111070,20231116,211,18,6,1,25.04177,121.58735,12
500111070,20231116,212,18,6,1,25.04177,121.58735,12
500111070,20231116,213,18,6,1,25.04177,121.58735,12
500111070,20231116,214,18,6,1,25.04177,121.58735,12
500111070,20231116,215,18,6,1,25.04177,121.58735,12
500111070,20231116,216,18,6,1,25.04177,121.58735,12
500111070,20231116,217,18,6,1,25.04177,121.58735,12
500111070,20231116,218,18,6,1,25.04177,121.58735,12
500111070,20231116,219,18,6,1,25.04177,121.58735,12
500111070,20231116,220,18,6,1,25.04177,121.58735,12
500111070,20231116,221,18,6,1,25.04177,121.58735,12
500111070,20231116,222,18,6,1,25.04177,121.58735,12
500111070,20231116,223,18,6,1,25.04177,121.58735,12
500111070,20231116,224,18,6,1,25.04177,121.58735,12
500111070,20231116,225,18,6,1,25.04177,121.58735,12
500111070,20231116,226,18,6,1,25.04177,121.58735,12
500111070,20231116,227,18,6,1,25.04177,121.58735,12
500111070,20231116,228,18,6,1,25.04177,121.58735,12
500111070,20231116,229,18,6,1,25.04177,121.58735,12
500111070,20231116,230,18,6,1,25.04177,121.58735,12
500111070,20231116,231,18,6,1,25.04177,121.58735,12
500111070,20231116,232,18,6,1,25.04177,121.58735,12
500111070,20231116,233,18,6,1,25.04177,121.58735,12
500111070,20231116,234,18,6,1,25.04177,121.58735,12
500111070,20231116,235,18,6,1,25.04177,121.58735,12
500111070,20231116,236,18,6,1,25.04177,121.58735,12
500111070,20231116,237,18,6,1,25.04177,121.58735,12
500111070,20231116,238,18,6,1,25.04177,121.58735,12
500111070,20231116,239,18,6,1,25.04177,121.58735,12
500111070,20231116,240,18,6,1,25.04177,121.58735,12
500111070,20231116,241,18,6,1,25.04177,121.58735,12
500111070,20231116,242,18,6,1,25.04177,121.58735,12
500111070,20231116,243,18,6,1,25.04177,121.58735,12
500111070,20231116,244,18,6,1,25.04177,121.58735,12
500111070,20231116,245,18,6,1,25.04177,121.58735,12
500111070,20231116,246,18,6,1,25.04177,121.58735,12
500111070,20231116,247,18,6,1,25.04177,121.58735,12
500111070,20231116,248,18,6,1,25.04177,121.58735,12
500111070,20231116,249,18,6,1,25.04177,121.58735,12
500111070,20231116,250,18,6,1,25.04177,121.58735,12
500111070,20231116,251,18,6,1,25.04177,121.58735,12
500111070,20231116,252,18,6,1,25.04177,121.58735,12
500111070,20231116,253,18,6,1,25.04177,121.58735,12
500111070,20231116,254,18,6,1,25.04177,121.58735,12
500111070,20231116,255,18,6,1,25.04177,121.58735,12
500111070,20231116,256,18,6,1,25.04177,121.58735,12
500111070,20231116,257,18,6,1,25.04177,121.58735,12
500111070,20231116,258,18,6,1,25.04177,121.58735,12
500111070,20231116,259,18,6,1,25.04177,121.58735,12
500111070,20231116,261,18,6,1,25.04177,121.58735,12
500111070,20231116,262,18,6,1,25.04177,121.58735,12
500111070,20231116,263,18,6,1,25.04177,121.58735,12
500111070,20231116,264,18,6,1,25.04177,121.58735,12
500111070,20231116,265,18,6,1,25.04177,121.58735,12
500111070,20231116,266,18,6,1,25.04177,121.58735,12
500111070,20231116,267,18,6,1,25.04177,121.58735,12
500111070,20231116,268,18,6,1,25.04177,121.58735,12
500111070,20231116,269,18,6,1,25.04177,121.58735,12
500111070,20231116,270,18,6,1,25.04177,121.58735,12
500111070,20231116,271,18,6,1,25.04177,121.58735,12
500111070,20231116,272,18,6,1,25.04177,121.58735,12
500111070,20231116,273,18,6,1,25.04177,121.58735,12
500111070,20231116,274,18,6,1,25.04177,121.58735,12
500111070,20231116,275,18,6,1,25.04177,121.58735,12
500111070,20231116,276,18,6,1,25.04177,121.58735,12
500111070,20231116,277,18,6,1,25.04177,121.58735,12
500111070,20231116,278,18,6,1,25.04177,121.58735,12
500111070,20231116,279,18,6,1,25.04177,121.58735,12
500111070,20231116,280,18,6,1,25.04177,121.58735,12
500111070,20231116,281,18,6,1,25.04177,121.58735,12
500111070,20231116,282,18,6,1,25.04177,121.58735,12
500111070,20231116,283,18,6,1,25.04177,121.58735,12
500111070,20231116,284,18,6,1,25.04177,121.58735,12
500111070,20231116,285,18,6,1,25.04177,121.58735,12
500111070,20231116,286,18,6,1,25.04177,121.58735,12
500111070,20231116,287,18,6,1,25.04177,121.58735,12
500111070,20231116,288,18,6,1,25.04177,121.58735,12
500111070,20231116,289,18,6,1,25.04177,121.58735,12
500111070,20231116,290,18,6,1,25.04177,121.58735,12
500111070,20231116,291,18,6,1,25.04177,121.58735,12
500111070,20231116,292,18,6,1,25.04177,121.58735,12
500111070,20231116,293,18,6,1,25.04177,121.58735,12
500111070,20231116,294,18,6,1,25.04177,121.58735,12
500111070,20231116,295,18,6,1,25.04177,121.58735,12
500111070,20231116,296,18,6,1,25.04177,121.58735,12
500111070,20231116,297,18,6,1,25.04177,121.58735,12
500111070,20231116,298,18,6,1,25.04177,121.58735,12
500111070,20231116,299,18,6,1,25.04177,121.58735,12
500111070,20231116,300,18,6,1,25.04177,121.58735,12
500111070,20231116,301,18,6,1,25.04177,121.58735,12
500111070,20231116,302,18,6,1,25.04177,121.58735,12
500111070,20231116,303,18,6,1,25.04177,121.58735,12
500111070,20231116,304,18,6,1,25.04177,121.58735,12
500111070,20231116,305,18,6,1,25.04177,121.58735,12
500111070,20231116,306,18,6,1,25.04177,121.58735,12
500111070,20231116,307,18,6,1,25.04177,121.58735,12
500111070,20231116,308,18,6,1,25.04177,121.58735,12
500111070,20231116,309,18,6,1,25.04177,121.58735,12
500111070,20231116,310,18,6,1,25.04177,121.58735,12
500111070,20231116,311,18,6,1,25.04177,121.58735,12
500111070,20231116,312,18,6,1,25.04177,121.58735,12
500111070,20231116,313,18,6,1,25.04177,121.58735,12
500111070,20231116,314,18,6,1,25.04177,121.58735,12
500111070,20231116,315,18,6,1,25.04177,121.58735,12
500111070,20231116,316,18,6,1,25.04177,121.58735,12
500111070,20231116,317,18,6,1,25.04177,121.58735,12
500111070,20231116,318,18,6,1,25.04177,121.58735,12
500111070,20231116,319,18,6,1,25.04177,121.58735,12
500111070,20231116,321,18,6,1,25.04177,121.58735,12
500111070,20231116,322,18,6,1,25.04177,121.58735,12
500111070,20231116,323,18,6,1,25.04177,121.58735,12
500111070,20231116,324,18,6,1,25.04177,121.58735,12
500111070,20231116,325,18,6,1,25.04177,121.58735,12
500111070,20231116,326,18,6,1,25.04177,121.58735,12
500111070,20231116,327,18,6,1,25.04177,121.58735,12
500111070,20231116,328,18,6,1,25.04177,121.58735,12
500111070,20231116,329,18,6,1,25.04177,121.58735,12
500111070,20231116,330,18,6,1,25.04177,121.58735,12
500111070,20231116,331,18,6,1,25.04177,121.58735,12
500111070,20231116,332,18,6,1,25.04177,121.58735,12
500111070,20231116,333,18,6,1,25.04177,121.58735,12
500111070,20231116,334,18,6,1,25.04177,121.58735,12
500111070,20231116,335,18,6,1,25.04177,121.58735,12
500111070,20231116,336,18,6,1,25.04177,121.58735,12
500111070,20231116,337,18,6,1,25.04177,121.58735,12
500111070,20231116,338,18,6,1,25.04177,121.58735,12
500111070,20231116,339,18,6,1,25.04177,121.58735,12
500111070,20231116,340,18,6,1,25.04177,121.58735,12
500111070,20231116,341,18,6,1,25.04177,121.58735,12
500111070,20231116,342,18,6,1,25.04177,121.58735,12
500111070,20231116,343,18,6,1,25.04177,121.58735,12
500111070,20231116,344,18,6,1,25.04177,121.58735,12
500111070,20231116,345,18,6,1,25.04177,121.58735,12
500111070,20231116,346,18,6,1,25.04177,121.58735,12
500111070,20231116,347,18,6,1,25.04177,121.58735,12
500111070,20231116,348,18,6,1,25.04177,121.58735,12
500111070,20231116,349,18,6,1,25.04177,121.58735,12
500111070,20231116,350,18,6,1,25.04177,121.58735,12
500111070,20231116,351,18,6,1,25.04177,121.58735,12
500111070,20231116,353,18,6,1,25.04177,121.58735,12
500111070,20231116,354,18,6,1,25.04177,121.58735,12
500111070,20231116,355,18,6,1,25.04177,121.58735,12
500111070,20231116,356,18,6,1,25.04177,121.58735,12
500111070,20231116,357,18,7,1,25.04177,121.58735,11
500111070,20231116,358,18,7,1,25.04177,121.58735,11
500111070,20231116,359,18,7,1,25.04177,121.58735,11
500111070,20231116,361,18,7,1,25.04177,121.58735,11
500111070,20231116,362,18,7,1,25.04177,121.58735,11
500111070,20231116,363,18,7,1,25.04177,121.58735,11
500111070,20231116,364,18,7,1,25.04177,121.58735,11
500111070,20231116,365,18,7,1,25.04177,121.58735,11
500111070,20231116,366,18,7,1,25.04177,121.58735,11
500111070,20231116,367,18,7,1,25.04177,121.58735,11
500111070,20231116,368,18,7,1,25.04177,121.58735,11
500111070,20231116,369,18,7,1,25.04177,121.58735,11
500111070,20231116,371,18,7,1,25.04177,121.58735,11
500111070,20231116,372,18,7,1,25.04177,121.58735,11
500111070,20231116,373,18,7,1,25.04177,121.58735,11
500111070,20231116,374,18,10,1,25.04177,121.58735,8
500111070,20231116,375,18,10,1,25.04177,121.58735,8
500111070,20231116,376,18,10,1,25.04177,121.58735,8
500111070,20231116,377,18,10,1,25.04177,121.58735,8
500111070,20231116,378,18,10,1,25.04177,121.58735,8
500111070,20231116,379,18,10,1,25.04177,121.58735,8
500111070,20231116,381,18,11,1,25.04177,121.58735,7
500111070,20231116,382,18,11,1,25.04177,121.58735,7
500111070,20231116,383,18,12,1,25.04177,121.58735,6
500111070,20231116,384,18,12,1,25.04177,121.58735,6
500111070,20231116,385,18,11,1,25.04177,121.58735,7
500111070,20231116,386,18,11,1,25.04177,121.58735,7
500111070,20231116,387,18,11,1,25.04177,121.58735,7
500111070,20231116,388,18,11,1,25.04177,121.58735,7
500111070,20231116,389,18,11,1,25.04177,121.58735,7
500111070,20231116,391,18,11,1,25.04177,121.58735,7
500111070,20231116,392,18,11,1,25.04177,121.58735,7
500111070,20231116,393,18,11,1,25.04177,121.58735,7
500111070,20231116,394,18,11,1,25.04177,121.58735,7
500111070,20231116,395,18,11,1,25.04177,121.58735,7
500111070,20231116,396,18,11,1,25.04177,121.58735,7
500111070,20231116,397,18,12,1,25.04177,121.58735,6
500111070,20231116,398,18,12,1,25.04177,121.58735,6
500111070,20231116,399,18,13,1,25.04177,121.58735,5
500111070,20231116,401,18,14,1,25.04177,121.58735,4
500111070,20231116,402,18,14,1,25.04177,121.58735,4
500111070,20231116,403,18,14,1,25.04177,121.58735,4
500111070,20231116,404,18,14,1,25.04177,121.58735,4
500111070,20231116,405,18,14,1,25.04177,121.58735,4
500111070,20231116,406,18,14,1,25.04177,121.58735,4
500111070,20231116,407,18,14,1,25.04177,121.58735,4
500111070,20231116,408,18,14,1,25.04177,121.58735,4
500111070,20231116,409,18,14,1,25.04177,121.58735,4
500111070,20231116,411,18,14,1,25.04177,121.58735,4
500111070,20231116,412,18,14,1,25.04177,121.58735,4
500111070,20231116,413,18,15,1,25.04177,121.58735,3
500111070,20231116,414,18,16,1,25.04177,121.58735,2
500111070,20231116,415,18,16,1,25.04177,121.58735,2
500111070,20231116,416,18,16,1,25.04177,121.58735,2
500111070,20231116,417,18,16,1,25.04177,121.58735,2
500111070,20231116,418,18,16,1,25.04177,121.58735,2
500111070,20231116,419,18,17,1,25.04177,121.58735,1
500111070,20231116,421,18,18,1,25.04177,121.58735,0
500111070,20231116,422,18,18,1,25.04177,121.58735,0
500111070,20231116,423,18,18,1,25.04177,121.58735,0
500111070,20231116,424,18,18,1,25.04177,121.58735,0
500111070,20231116,425,18,18,1,25.04177,121.58735,0
500111070,20231116,426,18,18,1,25.04177,121.58735,0
500111070,20231116,427,18,18,1,25.04177,121.58735,0
500111070,20231116,428,18,18,1,25.04177,121.58735,0
500111070,20231116,429,18,18,1,25.04177,121.58735,0
500111070,20231116,431,18,18,1,25.04177,121.58735,0
500111070,20231116,432,18,18,1,25.04177,121.58735,0
500111070,20231116,433,18,18,1,25.04177,121.58735,0
500111070,20231116,434,18,18,1,25.04177,121.58735,0
500111070,20231116,435,18,18,1,25.04177,121.58735,0
500111070,20231116,436,18,18,1,25.04177,121.58735,0
500111070,20231116,437,18,18,1,25.04177,121.58735,0
500111070,20231116,438,18,18,1,25.04177,121.58735,0
500111070,20231116,439,18,18,1,25.04177,121.58735,0
500111070,20231116,441,18,18,1,25.04177,121.58735,0
500111070,20231116,442,18,18,1,25.04177,121.58735,0
500111070,20231116,443,18,18,1,25.04177,121.58735,0
500111070,20231116,444,18,18,1,25.04177,121.58735,0
500111070,20231116,445,18,18,1,25.04177,121.58735,0
500111070,20231116,446,18,18,1,25.04177,121.58735,0
500111070,20231116,447,18,18,1,25.04177,121.58735,0
500111070,20231116,448,18,18,1,25.04177,121.58735,0
500111070,20231116,449,18,18,1,25.04177,121.58735,0
500111070,20231116,451,18,18,1,25.04177,121.58735,0
500111070,20231116,452,18,18,1,25.04177,121.58735,0
500111070,20231116,453,18,18,1,25.04177,121.58735,0
500111070,20231116,454,18,18,1,25.04177,121.58735,0
500111070,20231116,455,18,18,1,25.04177,121.58735,0
500111070,20231116,456,18,18,1,25.04177,121.58735,0
500111070,20231116,457,18,18,1,25.04177,121.58735,0
500111070,20231116,458,18,18,1,25.04177,121.58735,0
500111070,20231116,459,18,18,1,25.04177,121.58735,0
500111070,20231116,461,18,18,1,25.04177,121.58735,0
500111070,20231116,462,18,18,1,25.04177,121.58735,0
500111070,20231116,463,18,18,1,25.04177,121.58735,0
500111070,20231116,464,18,18,1,25.04177,121.58735,0
500111070,20231116,465,18,18,1,25.04177,121.58735,0
500111070,20231116,466,18,18,1,25.04177,121.58735,0
500111070,20231116,467,18,18,1,25.04177,121.58735,0
500111070,20231116,468,18,18,1,25.04177,121.58735,0
500111070,20231116,469,18,18,1,25.04177,121.58735,0
500111070,20231116,470,18,18,1,25.04177,121.58735,0
500111070,20231116,471,18,17,1,25.04177,121.58735,1
500111070,20231116,472,18,14,1,25.04177,121.58735,4
500111070,20231116,473,18,10,1,25.04177,121.58735,8
500111070,20231116,474,18,5,1,25.04177,121.58735,13
500111070,20231116,475,18,5,1,25.04177,121.58735,13
500111070,20231116,476,18,4,1,25.04177,121.58735,14
500111070,20231116,477,18,5,1,25.04177,121.58735,13
500111070,20231116,478,18,5,1,25.04177,121.58735,13
500111070,20231116,479,18,5,1,25.04177,121.58735,13
500111070,20231116,481,18,6,1,25.04177,121.58735,12
500111070,20231116,482,18,6,1,25.04177,121.58735,12
500111070,20231116,483,18,6,1,25.04177,121.58735,12
500111070,20231116,484,18,6,1,25.04177,121.58735,12
500111070,20231116,485,18,5,1,25.04177,121.58735,13
500111070,20231116,486,18,5,1,25.04177,121.58735,13
500111070,20231116,487,18,6,1,25.04177,121.58735,12
500111070,20231116,488,18,8,1,25.04177,121.58735,10
500111070,20231116,489,18,8,1,25.04177,121.58735,10
500111070,20231116,490,18,10,1,25.04177,121.58735,8
500111070,20231116,491,18,10,1,25.04177,121.58735,8
500111070,20231116,492,18,10,1,25.04177,121.58735,8
500111070,20231116,493,18,11,1,25.04177,121.58735,7
500111070,20231116,494,18,11,1,25.04177,121.58735,7
500111070,20231116,495,18,11,1,25.04177,121.58735,7
500111070,20231116,496,18,11,1,25.04177,121.58735,7
500111070,20231116,497,18,11,1,25.04177,121.58735,7
500111070,20231116,498,18,12,1,25.04177,121.58735,5
500111070,20231116,499,18,12,1,25.04177,121.58735,6
500111070,20231116,501,18,12,1,25.04177,121.58735,6
500111070,20231116,502,18,13,1,25.04177,121.58735,5
500111070,20231116,503,18,13,1,25.04177,121.58735,5
500111070,20231116,504,18,13,1,25.04177,121.58735,5
500111070,20231116,505,18,13,1,25.04177,121.58735,5
500111070,20231116,506,18,13,1,25.04177,121.58735,5
500111070,20231116,507,18,13,1,25.04177,121.58735,5
500111070,20231116,508,18,13,1,25.04177,121.58735,5
500111070,20231116,509,18,13,1,25.04177,121.58735,5
500111070,20231116,511,18,14,1,25.04177,121.58735,4
500111070,20231116,512,18,14,1,25.04177,121.58735,4
500111070,20231116,513,18,14,1,25.04177,121.58735,4
500111070,20231116,514,18,16,1,25.04177,121.58735,2
500111070,20231116,515,18,17,1,25.04177,121.58735,1
500111070,20231116,516,18,17,1,25.04177,121.58735,1
500111070,20231116,517,18,17,1,25.04177,121.58735,1
500111070,20231116,518,18,18,1,25.04177,121.58735,0
500111070,20231116,519,18,18,1,25.04177,121.58735,0
500111070,20231116,520,18,18,1,25.04177,121.58735,0
500111070,20231116,521,18,18,1,25.04177,121.58735,0
500111070,20231116,522,18,18,1,25.04177,121.58735,0
500111070,20231116,523,18,18,1,25.04177,121.58735,0
500111070,20231116,524,18,17,1,25.04177,121.58735,1
500111070,20231116,525,18,17,1,25.04177,121.58735,1
500111070,20231116,526,18,17,1,25.04177,121.58735,1
500111070,20231116,527,18,17,1,25.04177,121.58735,1
500111070,20231116,528,18,18,1,25.04177,121.58735,0
500111070,20231116,529,18,18,1,25.04177,121.58735,0
500111070,20231116,530,18,17,1,25.04177,121.58735,1
500111070,20231116,531,18,16,1,25.04177,121.58735,2
500111070,20231116,532,18,17,1,25.04177,121.58735,1
500111070,20231116,533,18,18,1,25.04177,121.58735,0
500111070,20231116,534,18,18,1,25.04177,121.58735,0
500111070,20231116,535,18,18,1,25.04177,121.58735,0
500111070,20231116,536,18,17,1,25.04177,121.58735,1
500111070,20231116,537,18,17,1,25.04177,121.58735,1
500111070,20231116,538,18,17,1,25.04177,121.58735,1
500111070,20231116,539,18,18,1,25.04177,121.58735,0
500111070,20231116,541,18,18,1,25.04177,121.58735,0
500111070,20231116,542,18,18,1,25.04177,121.58735,0
500111070,20231116,543,18,18,1,25.04177,121.58735,0
500111070,20231116,544,18,18,1,25.04177,121.58735,0
500111070,20231116,545,18,18,1,25.04177,121.58735,0
500111070,20231116,546,18,18,1,25.04177,121.58735,0
500111070,20231116,547,18,18,1,25.04177,121.58735,0
500111070,20231116,548,18,18,1,25.04177,121.58735,0
500111070,20231116,549,18,18,1,25.04177,121.58735,0
500111070,20231116,550,18,18,1,25.04177,121.58735,0
500111070,20231116,551,18,18,1,25.04177,121.58735,0
500111070,20231116,552,18,18,1,25.04177,121.58735,0
500111070,20231116,553,18,18,1,25.04177,121.58735,0
500111070,20231116,554,18,18,1,25.04177,121.58735,0
500111070,20231116,555,18,18,1,25.04177,121.58735,0
500111070,20231116,556,18,18,1,25.04177,121.58735,0
500111070,20231116,557,18,18,1,25.04177,121.58735,0
500111070,20231116,558,18,18,1,25.04177,121.58735,0
500111070,20231116,559,18,18,1,25.04177,121.58735,0
500111070,20231116,561,18,18,1,25.04177,121.58735,0
500111070,20231116,562,18,18,1,25.04177,121.58735,0
500111070,20231116,563,18,18,1,25.04177,121.58735,0
500111070,20231116,564,18,18,1,25.04177,121.58735,0
500111070,20231116,565,18,18,1,25.04177,121.58735,0
500111070,20231116,566,18,18,1,25.04177,121.58735,0
500111070,20231116,567,18,18,1,25.04177,121.58735,0
500111070,20231116,568,18,18,1,25.04177,121.58735,0
500111070,20231116,569,18,18,1,25.04177,121.58735,0
500111070,20231116,571,18,18,1,25.04177,121.58735,0
500111070,20231116,572,18,18,1,25.04177,121.58735,0
500111070,20231116,573,18,18,1,25.04177,121.58735,0
500111070,20231116,574,18,18,1,25.04177,121.58735,0
500111070,20231116,575,18,18,1,25.04177,121.58735,0
500111070,20231116,576,18,18,1,25.04177,121.58735,0
500111070,20231116,577,18,18,1,25.04177,121.58735,0
500111070,20231116,578,18,18,1,25.04177,121.58735,0
500111070,20231116,579,18,18,1,25.04177,121.58735,0
500111070,20231116,580,18,18,1,25.04177,121.58735,0
500111070,20231116,581,18,18,1,25.04177,121.58735,0
500111070,20231116,582,18,18,1,25.04177,121.58735,0
500111070,20231116,583,18,18,1,25.04177,121.58735,0
500111070,20231116,584,18,18,1,25.04177,121.58735,0
500111070,20231116,585,18,18,1,25.04177,121.58735,0
500111070,20231116,586,18,18,1,25.04177,121.58735,0
500111070,20231116,587,18,18,1,25.04177,121.58735,0
500111070,20231116,588,18,18,1,25.04177,121.58735,0
500111070,20231116,589,18,18,1,25.04177,121.58735,0
500111070,20231116,590,18,18,1,25.04177,121.58735,0
500111070,20231116,591,18,18,1,25.04177,121.58735,0
500111070,20231116,592,18,18,1,25.04177,121.58735,0
500111070,20231116,593,18,18,1,25.04177,121.58735,0
500111070,20231116,594,18,18,1,25.04177,121.58735,0
500111070,20231116,595,18,18,1,25.04177,121.58735,0
500111070,20231116,596,18,18,1,25.04177,121.58735,0
500111070,20231116,597,18,18,1,25.04177,121.58735,0
500111070,20231116,598,18,18,1,25.04177,121.58735,0
500111070,20231116,599,18,18,1,25.04177,121.58735,0
500111070,20231116,601,18,18,1,25.04177,121.58735,0
500111070,20231116,602,18,18,1,25.04177,121.58735,0
500111070,20231116,603,18,18,1,25.04177,121.58735,0
500111070,20231116,604,18,18,1,25.04177,121.58735,0
500111070,20231116,605,18,18,1,25.04177,121.58735,0
500111070,20231116,606,18,18,1,25.04177,121.58735,0
500111070,20231116,607,18,17,1,25.04177,121.58735,1
500111070,20231116,608,18,17,1,25.04177,121.58735,1
500111070,20231116,609,18,17,1,25.04177,121.58735,1
500111070,20231116,610,18,17,1,25.04177,121.58735,1
500111070,20231116,611,18,17,1,25.04177,121.58735,1
500111070,20231116,612,18,17,1,25.04177,121.58735,1
500111070,20231116,613,18,17,1,25.04177,121.58735,1
500111070,20231116,614,18,17,1,25.04177,121.58735,1
500111070,20231116,615,18,17,1,25.04177,121.58735,1
500111070,20231116,616,18,17,1,25.04177,121.58735,1
500111070,20231116,617,18,17,1,25.04177,121.58735,1
500111070,20231116,618,18,18,1,25.04177,121.58735,0
500111070,20231116,619,18,18,1,25.04177,121.58735,0
500111070,20231116,621,18,18,1,25.04177,121.58735,0
500111070,20231116,623,18,18,1,25.04177,121.58735,0
500111070,20231116,624,18,18,1,25.04177,121.58735,0
500111070,20231116,625,18,18,1,25.04177,121.58735,0
500111070,20231116,626,18,18,1,25.04177,121.58735,0
500111070,20231116,627,18,18,1,25.04177,121.58735,0
500111070,20231116,628,18,18,1,25.04177,121.58735,0
500111070,20231116,629,18,18,1,25.04177,121.58735,0
500111070,20231116,631,18,18,1,25.04177,121.58735,0
500111070,20231116,632,18,18,1,25.04177,121.58735,0
500111070,20231116,633,18,18,1,25.04177,121.58735,0
500111070,20231116,634,18,18,1,25.04177,121.58735,0
500111070,20231116,635,18,18,1,25.04177,121.58735,0
500111070,20231116,636,18,18,1,25.04177,121.58735,0
500111070,20231116,637,18,18,1,25.04177,121.58735,0
500111070,20231116,638,18,18,1,25.04177,121.58735,0
500111070,20231116,639,18,18,1,25.04177,121.58735,0
500111070,20231116,641,18,18,1,25.04177,121.58735,0
500111070,20231116,642,18,18,1,25.04177,121.58735,0
500111070,20231116,643,18,18,1,25.04177,121.58735,0
500111070,20231116,644,18,18,1,25.04177,121.58735,0
500111070,20231116,645,18,18,1,25.04177,121.58735,0
500111070,20231116,646,18,18,1,25.04177,121.58735,0
500111070,20231116,647,18,18,1,25.04177,121.58735,0
500111070,20231116,648,18,18,1,25.04177,121.58735,0
500111070,20231116,649,18,18,1,25.04177,121.58735,0
500111070,20231116,651,18,18,1,25.04177,121.58735,0
500111070,20231116,652,18,18,1,25.04177,121.58735,0
500111070,20231116,653,18,18,1,25.04177,121.58735,0
500111070,20231116,654,18,18,1,25.04177,121.58735,0
500111070,20231116,655,18,18,1,25.04177,121.58735,0
500111070,20231116,656,18,17,1,25.04177,121.58735,1
500111070,20231116,657,18,18,1,25.04177,121.58735,0
500111070,20231116,658,18,18,1,25.04177,121.58735,0
500111070,20231116,659,18,18,1,25.04177,121.58735,0
500111070,20231116,661,18,18,1,25.04177,121.58735,0
500111070,20231116,662,18,18,1,25.04177,121.58735,0
500111070,20231116,663,18,18,1,25.04177,121.58735,0
500111070,20231116,664,18,18,1,25.04177,121.58735,0
500111070,20231116,665,18,18,1,25.04177,121.58735,0
500111070,20231116,666,18,18,1,25.04177,121.58735,0
500111070,20231116,667,18,18,1,25.04177,121.58735,0
500111070,20231116,668,18,18,1,25.04177,121.58735,0
500111070,20231116,669,18,18,1,25.04177,121.58735,0
500111070,20231116,671,18,18,1,25.04177,121.58735,0
500111070,20231116,672,18,18,1,25.04177,121.58735,0
500111070,20231116,673,18,18,1,25.04177,121.58735,0
500111070,20231116,674,18,18,1,25.04177,121.58735,0
500111070,20231116,675,18,18,1,25.04177,121.58735,0
500111070,20231116,676,18,18,1,25.04177,121.58735,0
500111070,20231116,677,18,18,1,25.04177,121.58735,0
500111070,20231116,678,18,18,1,25.04177,121.58735,0
500111070,20231116,679,18,18,1,25.04177,121.58735,0
500111070,20231116,681,18,18,1,25.04177,121.58735,0
500111070,20231116,682,18,18,1,25.04177,121.58735,0
500111070,20231116,683,18,18,1,25.04177,121.58735,0
500111070,20231116,684,18,18,1,25.04177,121.58735,0
500111070,20231116,685,18,18,1,25.04177,121.58735,0
500111070,20231116,686,18,18,1,25.04177,121.58735,0
500111070,20231116,687,18,17,1,25.04177,121.58735,1
500111070,20231116,688,18,17,1,25.04177,121.58735,1
500111070,20231116,689,18,17,1,25.04177,121.58735,1
500111070,20231116,691,18,17,1,25.04177,121.58735,1
500111070,20231116,692,18,17,1,25.04177,121.58735,1
500111070,20231116,693,18,17,1,25.04177,121.58735,1
500111070,20231116,694,18,17,1,25.04177,121.58735,1
500111070,20231116,695,18,17,1,25.04177,121.58735,1
500111070,20231116,696,18,17,1,25.04177,121.58735,1
500111070,20231116,697,18,17,1,25.04177,121.58735,1
500111070,20231116,698,18,17,1,25.04177,121.58735,1
500111070,20231116,699,18,17,1,25.04177,121.58735,1
500111070,20231116,701,18,16,1,25.04177,121.58735,2
500111070,20231116,702,18,16,1,25.04177,121.58735,2
500111070,20231116,703,18,16,1,25.04177,121.58735,2
500111070,20231116,704,18,16,1,25.04177,121.58735,2
500111070,20231116,705,18,16,1,25.04177,121.58735,2
500111070,20231116,706,18,16,1,25.04177,121.58735,2
500111070,20231116,707,18,16,1,25.04177,121.58735,2
500111070,20231116,708,18,16,1,25.04177,121.58735,2
500111070,20231116,709,18,15,1,25.04177,121.58735,3
500111070,20231116,711,18,15,1,25.04177,121.58735,3
500111070,20231116,712,18,15,1,25.04177,121.58735,3
500111070,20231116,713,18,15,1,25.04177,121.58735,3
500111070,20231116,714,18,15,1,25.04177,121.58735,3
500111070,20231116,715,18,15,1,25.04177,121.58735,3
500111070,20231116,716,18,15,1,25.04177,121.58735,3
500111070,20231116,717,18,15,1,25.04177,121.58735,3
500111070,20231116,718,18,15,1,25.04177,121.58735,3
500111070,20231116,719,18,15,1,25.04177,121.58735,3
500111070,20231116,721,18,15,1,25.04177,121.58735,3
500111070,20231116,722,18,15,1,25.04177,121.58735,3
500111070,20231116,723,18,15,1,25.04177,121.58735,3
500111070,20231116,724,18,14,1,25.04177,121.58735,4
500111070,20231116,725,18,14,1,25.04177,121.58735,4
500111070,20231116,726,18,14,1,25.04177,121.58735,4
500111070,20231116,727,18,14,1,25.04177,121.58735,4
500111070,20231116,728,18,14,1,25.04177,121.58735,4
500111070,20231116,729,18,14,1,25.04177,121.58735,4
500111070,20231116,730,18,15,1,25.04177,121.58735,3
500111070,20231116,731,18,15,1,25.04177,121.58735,3
500111070,20231116,732,18,15,1,25.04177,121.58735,3
500111070,20231116,733,18,15,1,25.04177,121.58735,3
500111070,20231116,734,18,15,1,25.04177,121.58735,3
500111070,20231116,735,18,15,1,25.04177,121.58735,3
500111070,20231116,736,18,15,1,25.04177,121.58735,3
500111070,20231116,737,18,15,1,25.04177,121.58735,3
500111070,20231116,738,18,15,1,25.04177,121.58735,3
500111070,20231116,739,18,15,1,25.04177,121.58735,3
500111070,20231116,741,18,15,1,25.04177,121.58735,3
500111070,20231116,742,18,15,1,25.04177,121.58735,3
500111070,20231116,743,18,15,1,25.04177,121.58735,3
500111070,20231116,744,18,15,1,25.04177,121.58735,3
500111070,20231116,745,18,15,1,25.04177,121.58735,3
500111070,20231116,746,18,16,1,25.04177,121.58735,2
500111070,20231116,747,18,15,1,25.04177,121.58735,3
500111070,20231116,748,18,15,1,25.04177,121.58735,3
500111070,20231116,749,18,15,1,25.04177,121.58735,3
500111070,20231116,750,18,15,1,25.04177,121.58735,3
500111070,20231116,751,18,15,1,25.04177,121.58735,3
500111070,20231116,752,18,15,1,25.04177,121.58735,3
500111070,20231116,753,18,15,1,25.04177,121.58735,3
500111070,20231116,754,18,15,1,25.04177,121.58735,3
500111070,20231116,755,18,16,1,25.04177,121.58735,2
500111070,20231116,756,18,16,1,25.04177,121.58735,2
500111070,20231116,757,18,16,1,25.04177,121.58735,2
500111070,20231116,758,18,16,1,25.04177,121.58735,2
500111070,20231116,759,18,16,1,25.04177,121.58735,2
500111070,20231116,760,18,16,1,25.04177,121.58735,2
500111070,20231116,761,18,16,1,25.04177,121.58735,2
500111070,20231116,762,18,16,1,25.04177,121.58735,2
500111070,20231116,763,18,16,1,25.04177,121.58735,2
500111070,20231116,764,18,16,1,25.04177,121.58735,2
500111070,20231116,765,18,16,1,25.04177,121.58735,2
500111070,20231116,766,18,16,1,25.04177,121.58735,2
500111070,20231116,767,18,16,1,25.04177,121.58735,2
500111070,20231116,768,18,16,1,25.04177,121.58735,2
500111070,20231116,769,18,16,1,25.04177,121.58735,2
500111070,20231116,770,18,17,1,25.04177,121.58735,1
500111070,20231116,771,18,17,1,25.04177,121.58735,1
500111070,20231116,772,18,17,1,25.04177,121.58735,1
500111070,20231116,773,18,17,1,25.04177,121.58735,1
500111070,20231116,774,18,17,1,25.04177,121.58735,1
500111070,20231116,775,18,17,1,25.04177,121.58735,1
500111070,20231116,776,18,17,1,25.04177,121.58735,1
500111070,20231116,777,18,17,1,25.04177,121.58735,1
500111070,20231116,778,18,17,1,25.04177,121.58735,1
500111070,20231116,779,18,17,1,25.04177,121.58735,1
500111070,20231116,781,18,17,1,25.04177,121.58735,1
500111070,20231116,782,18,17,1,25.04177,121.58735,1
500111070,20231116,783,18,17,1,25.04177,121.58735,1
500111070,20231116,784,18,17,1,25.04177,121.58735,1
500111070,20231116,785,18,18,1,25.04177,121.58735,0
500111070,20231116,786,18,18,1,25.04177,121.58735,0
500111070,20231116,787,18,18,1,25.04177,121.58735,0
500111070,20231116,788,18,18,1,25.04177,121.58735,0
500111070,20231116,789,18,18,1,25.04177,121.58735,0
500111070,20231116,790,18,18,1,25.04177,121.58735,0
500111070,20231116,791,18,17,1,25.04177,121.58735,1
500111070,20231116,792,18,17,1,25.04177,121.58735,1
500111070,20231116,793,18,17,1,25.04177,121.58735,1
500111070,20231116,794,18,17,1,25.04177,121.58735,1
500111070,20231116,795,18,17,1,25.04177,121.58735,1
500111070,20231116,796,18,17,1,25.04177,121.58735,1
500111070,20231116,797,18,17,1,25.04177,121.58735,1
500111070,20231116,798,18,18,1,25.04177,121.58735,0
500111070,20231116,799,18,18,1,25.04177,121.58735,0
500111070,20231116,801,18,18,1,25.04177,121.58735,0
500111070,20231116,802,18,17,1,25.04177,121.58735,1
500111070,20231116,803,18,17,1,25.04177,121.58735,1
500111070,20231116,804,18,17,1,25.04177,121.58735,1
500111070,20231116,805,18,17,1,25.04177,121.58735,1
500111070,20231116,806,18,17,1,25.04177,121.58735,1
500111070,20231116,807,18,17,1,25.04177,121.58735,1
500111070,20231116,808,18,17,1,25.04177,121.58735,1
500111070,20231116,809,18,17,1,25.04177,121.58735,1
500111070,20231116,811,18,17,1,25.04177,121.58735,1
500111070,20231116,812,18,17,1,25.04177,121.58735,1
500111070,20231116,813,18,17,1,25.04177,121.58735,1
500111070,20231116,814,18,17,1,25.04177,121.58735,1
500111070,20231116,815,18,17,1,25.04177,121.58735,1
500111070,20231116,816,18,17,1,25.04177,121.58735,1
500111070,20231116,817,18,17,1,25.04177,121.58735,1
500111070,20231116,818,18,17,1,25.04177,121.58735,1
500111070,20231116,819,18,17,1,25.04177,121.58735,1
500111070,20231116,820,18,17,1,25.04177,121.58735,1
500111070,20231116,821,18,17,1,25.04177,121.58735,1
500111070,20231116,822,18,17,1,25.04177,121.58735,1
500111070,20231116,823,18,17,1,25.04177,121.58735,1
500111070,20231116,824,18,16,1,25.04177,121.58735,2
500111070,20231116,825,18,16,1,25.04177,121.58735,2
500111070,20231116,826,18,16,1,25.04177,121.58735,2
500111070,20231116,827,18,16,1,25.04177,121.58735,2
500111070,20231116,828,18,16,1,25.04177,121.58735,2
500111070,20231116,829,18,17,1,25.04177,121.58735,1
500111070,20231116,830,18,17,1,25.04177,121.58735,1
500111070,20231116,831,18,17,1,25.04177,121.58735,1
500111070,20231116,832,18,17,1,25.04177,121.58735,1
500111070,20231116,833,18,17,1,25.04177,121.58735,1
500111070,20231116,834,18,17,1,25.04177,121.58735,1
500111070,20231116,835,18,17,1,25.04177,121.58735,1
500111070,20231116,836,18,17,1,25.04177,121.58735,1
500111070,20231116,837,18,17,1,25.04177,121.58735,1
500111070,20231116,838,18,17,1,25.04177,121.58735,1
500111070,20231116,839,18,17,1,25.04177,121.58735,1
500111070,20231116,841,18,17,1,25.04177,121.58735,1
500111070,20231116,842,18,17,1,25.04177,121.58735,1
500111070,20231116,843,18,17,1,25.04177,121.58735,1
500111070,20231116,844,18,17,1,25.04177,121.58735,1
500111070,20231116,845,18,17,1,25.04177,121.58735,1
500111070,20231116,846,18,18,1,25.04177,121.58735,0
500111070,20231116,847,18,18,1,25.04177,121.58735,0
500111070,20231116,848,18,18,1,25.04177,121.58735,0
500111070,20231116,849,18,18,1,25.04177,121.58735,0
500111070,20231116,850,18,17,1,25.04177,121.58735,1
500111070,20231116,851,18,17,1,25.04177,121.58735,1
500111070,20231116,852,18,17,1,25.04177,121.58735,1
500111070,20231116,853,18,17,1,25.04177,121.58735,1
500111070,20231116,854,18,17,1,25.04177,121.58735,1
500111070,20231116,855,18,17,1,25.04177,121.58735,1
500111070,20231116,856,18,17,1,25.04177,121.58735,1
500111070,20231116,857,18,17,1,25.04177,121.58735,1
500111070,20231116,858,18,17,1,25.04177,121.58735,1
500111070,20231116,859,18,17,1,25.04177,121.58735,1
500111070,20231116,861,18,17,1,25.04177,121.58735,1
500111070,20231116,862,18,17,1,25.04177,121.58735,1
500111070,20231116,863,18,17,1,25.04177,121.58735,1
500111070,20231116,864,18,17,1,25.04177,121.58735,1
500111070,20231116,865,18,17,1,25.04177,121.58735,1
500111070,20231116,866,18,17,1,25.04177,121.58735,1
500111070,20231116,867,18,17,1,25.04177,121.58735,1
500111070,20231116,868,18,17,1,25.04177,121.58735,1
500111070,20231116,869,18,17,1,25.04177,121.58735,1
500111070,20231116,871,18,18,1,25.04177,121.58735,0
500111070,20231116,872,18,18,1,25.04177,121.58735,0
500111070,20231116,873,18,18,1,25.04177,121.58735,0
500111070,20231116,874,18,18,1,25.04177,121.58735,0
500111070,20231116,876,18,18,1,25.04177,121.58735,0
500111070,20231116,878,18,18,1,25.04177,121.58735,0
500111070,20231116,879,18,18,1,25.04177,121.58735,0
500111070,20231116,881,18,18,1,25.04177,121.58735,0
500111070,20231116,882,18,18,1,25.04177,121.58735,0
500111070,20231116,883,18,18,1,25.04177,121.58735,0
500111070,20231116,884,18,18,1,25.04177,121.58735,0
500111070,20231116,885,18,18,1,25.04177,121.58735,0
500111070,20231116,886,18,17,1,25.04177,121.58735,1
500111070,20231116,887,18,18,1,25.04177,121.58735,0
500111070,20231116,888,18,18,1,25.04177,121.58735,0
500111070,20231116,889,18,18,1,25.04177,121.58735,0
500111070,20231116,891,18,18,1,25.04177,121.58735,0
500111070,20231116,892,18,18,1,25.04177,121.58735,0
500111070,20231116,893,18,18,1,25.04177,121.58735,0
500111070,20231116,894,18,18,1,25.04177,121.58735,0
500111070,20231116,895,18,18,1,25.04177,121.58735,0
500111070,20231116,896,18,18,1,25.04177,121.58735,0
500111070,20231116,897,18,18,1,25.04177,121.58735,0
500111070,20231116,898,18,18,1,25.04177,121.58735,0
500111070,20231116,899,18,18,1,25.04177,121.58735,0
500111070,20231116,901,18,18,1,25.04177,121.58735,0
500111070,20231116,902,18,18,1,25.04177,121.58735,0
500111070,20231116,903,18,18,1,25.04177,121.58735,0
500111070,20231116,904,18,18,1,25.04177,121.58735,0
500111070,20231116,905,18,18,1,25.04177,121.58735,0
500111070,20231116,906,18,18,1,25.04177,121.58735,0
500111070,20231116,907,18,18,1,25.04177,121.58735,0
500111070,20231116,908,18,18,1,25.04177,121.58735,0
500111070,20231116,909,18,18,1,25.04177,121.58735,0
500111070,20231116,911,18,18,1,25.04177,121.58735,0
500111070,20231116,912,18,17,1,25.04177,121.58735,1
500111070,20231116,913,18,17,1,25.04177,121.58735,1
500111070,20231116,914,18,17,1,25.04177,121.58735,1
500111070,20231116,915,18,17,1,25.04177,121.58735,1
500111070,20231116,916,18,17,1,25.04177,121.58735,1
500111070,20231116,917,18,17,1,25.04177,121.58735,1
500111070,20231116,918,18,17,1,25.04177,121.58735,1
500111070,20231116,919,18,17,1,25.04177,121.58735,1
500111070,20231116,921,18,17,1,25.04177,121.58735,1
500111070,20231116,922,18,18,1,25.04177,121.58735,0
500111070,20231116,923,18,18,1,25.04177,121.58735,0
500111070,20231116,924,18,18,1,25.04177,121.58735,0
500111070,20231116,925,18,18,1,25.04177,121.58735,0
500111070,20231116,926,18,18,1,25.04177,121.58735,0
500111070,20231116,927,18,17,1,25.04177,121.58735,1
500111070,20231116,928,18,17,1,25.04177,121.58735,1
500111070,20231116,929,18,17,1,25.04177,121.58735,1
500111070,20231116,931,18,17,1,25.04177,121.58735,1
500111070,20231116,932,18,17,1,25.04177,121.58735,1
500111070,20231116,933,18,16,1,25.04177,121.58735,2
500111070,20231116,934,18,16,1,25.04177,121.58735,2
500111070,20231116,935,18,16,1,25.04177,121.58735,2
500111070,20231116,936,18,17,1,25.04177,121.58735,1
500111070,20231116,937,18,18,1,25.04177,121.58735,0
500111070,20231116,938,18,18,1,25.04177,121.58735,0
500111070,20231116,939,18,18,1,25.04177,121.58735,0
500111070,20231116,941,18,18,1,25.04177,121.58735,0
500111070,20231116,942,18,18,1,25.04177,121.58735,0
500111070,20231116,943,18,18,1,25.04177,121.58735,0
500111070,20231116,944,18,18,1,25.04177,121.58735,0
500111070,20231116,945,18,17,1,25.04177,121.58735,1
500111070,20231116,946,18,16,1,25.04177,121.58735,2
500111070,20231116,947,18,16,1,25.04177,121.58735,2
500111070,20231116,948,18,16,1,25.04177,121.58735,2
500111070,20231116,949,18,16,1,25.04177,121.58735,2
500111070,20231116,951,18,16,1,25.04177,121.58735,2
500111070,20231116,952,18,16,1,25.04177,121.58735,2
500111070,20231116,953,18,16,1,25.04177,121.58735,2
500111070,20231116,954,18,15,1,25.04177,121.58735,3
500111070,20231116,955,18,15,1,25.04177,121.58735,3
500111070,20231116,956,18,15,1,25.04177,121.58735,3
500111070,20231116,957,18,15,1,25.04177,121.58735,3
500111070,20231116,958,18,15,1,25.04177,121.58735,3
500111070,20231116,959,18,15,1,25.04177,121.58735,3
500111070,20231116,961,18,15,1,25.04177,121.58735,3
500111070,20231116,962,18,15,1,25.04177,121.58735,3
500111070,20231116,963,18,15,1,25.04177,121.58735,3
500111070,20231116,964,18,15,1,25.04177,121.58735,3
500111070,20231116,965,18,16,1,25.04177,121.58735,2
500111070,20231116,966,18,15,1,25.04177,121.58735,3
500111070,20231116,967,18,15,1,25.04177,121.58735,3
500111070,20231116,968,18,15,1,25.04177,121.58735,3
500111070,20231116,969,18,15,1,25.04177,121.58735,3
500111070,20231116,971,18,16,1,25.04177,121.58735,2
500111070,20231116,972,18,16,1,25.04177,121.58735,2
500111070,20231116,973,18,16,1,25.04177,121.58735,2
500111070,20231116,974,18,15,1,25.04177,121.58735,3
500111070,20231116,975,18,15,1,25.04177,121.58735,3
500111070,20231116,976,18,15,1,25.04177,121.58735,3
500111070,20231116,978,18,15,1,25.04177,121.58735,3
500111070,20231116,979,18,15,1,25.04177,121.58735,3
500111070,20231116,981,18,15,1,25.04177,121.58735,3
500111070,20231116,982,18,15,1,25.04177,121.58735,3
500111070,20231116,983,18,15,1,25.04177,121.58735,3
500111070,20231116,984,18,15,1,25.04177,121.58735,3
500111070,20231116,985,18,14,1,25.04177,121.58735,4
500111070,20231116,986,18,14,1,25.04177,121.58735,4
500111070,20231116,987,18,14,1,25.04177,121.58735,4
500111070,20231116,988,18,14,1,25.04177,121.58735,4
500111070,20231116,989,18,14,1,25.04177,121.58735,4
500111070,20231116,991,18,13,1,25.04177,121.58735,5
500111070,20231116,992,18,13,1,25.04177,121.58735,5
500111070,20231116,993,18,13,1,25.04177,121.58735,5
500111070,20231116,994,18,13,1,25.04177,121.58735,5
500111070,20231116,995,18,13,1,25.04177,121.58735,5
500111070,20231116,996,18,13,1,25.04177,121.58735,5
500111070,20231116,997,18,13,1,25.04177,121.58735,5
500111070,20231116,998,18,13,1,25.04177,121.58735,5
500111070,20231116,999,18,12,1,25.04177,121.58735,6
500111070,20231116,1000,18,12,1,25.04177,121.58735,6
500111070,20231116,1001,18,12,1,25.04177,121.58735,6
500111070,20231116,1002,18,12,1,25.04177,121.58735,6
500111070,20231116,1003,18,12,1,25.04177,121.58735,6
500111070,20231116,1004,18,12,1,25.04177,121.58735,6
500111070,20231116,1005,18,12,1,25.04177,121.58735,6
500111070,20231116,1006,18,12,1,25.04177,121.58735,6
500111070,20231116,1007,18,13,1,25.04177,121.58735,5
500111070,20231116,1008,18,13,1,25.04177,121.58735,5
500111070,20231116,1009,18,13,1,25.04177,121.58735,5
500111070,20231116,1010,18,13,1,25.04177,121.58735,5
500111070,20231116,1011,18,13,1,25.04177,121.58735,5
500111070,20231116,1012,18,13,1,25.04177,121.58735,5
500111070,20231116,1013,18,13,1,25.04177,121.58735,5
500111070,20231116,1014,18,13,1,25.04177,121.58735,5
500111070,20231116,1015,18,13,1,25.04177,121.58735,5
500111070,20231116,1016,18,13,1,25.04177,121.58735,5
500111070,20231116,1017,18,13,1,25.04177,121.58735,5
500111070,20231116,1018,18,13,1,25.04177,121.58735,5
500111070,20231116,1019,18,13,1,25.04177,121.58735,5
500111070,20231116,1021,18,13,1,25.04177,121.58735,5
500111070,20231116,1022,18,12,1,25.04177,121.58735,6
500111070,20231116,1023,18,12,1,25.04177,121.58735,6
500111070,20231116,1024,18,12,1,25.04177,121.58735,6
500111070,20231116,1025,18,11,1,25.04177,121.58735,7
500111070,20231116,1026,18,10,1,25.04177,121.58735,8
500111070,20231116,1027,18,10,1,25.04177,121.58735,8
500111070,20231116,1028,18,10,1,25.04177,121.58735,8
500111070,20231116,1029,18,10,1,25.04177,121.58735,8
500111070,20231116,1030,18,11,1,25.04177,121.58735,7
500111070,20231116,1031,18,11,1,25.04177,121.58735,7
500111070,20231116,1032,18,11,1,25.04177,121.58735,7
500111070,20231116,1033,18,11,1,25.04177,121.58735,7
500111070,20231116,1034,18,11,1,25.04177,121.58735,7
500111070,20231116,1035,18,10,1,25.04177,121.58735,8
500111070,20231116,1036,18,10,1,25.04177,121.58735,8
500111070,20231116,1037,18,10,1,25.04177,121.58735,8
500111070,20231116,1038,18,10,1,25.04177,121.58735,8
500111070,20231116,1039,18,10,1,25.04177,121.58735,8
500111070,20231116,1041,18,10,1,25.04177,121.58735,8
500111070,20231116,1042,18,11,1,25.04177,121.58735,7
500111070,20231116,1043,18,10,1,25.04177,121.58735,8
500111070,20231116,1044,18,10,1,25.04177,121.58735,8
500111070,20231116,1045,18,10,1,25.04177,121.58735,8
500111070,20231116,1046,18,10,1,25.04177,121.58735,8
500111070,20231116,1047,18,10,1,25.04177,121.58735,8
500111070,20231116,1048,18,10,1,25.04177,121.58735,8
500111070,20231116,1049,18,10,1,25.04177,121.58735,8
500111070,20231116,1051,18,10,1,25.04177,121.58735,8
500111070,20231116,1052,18,10,1,25.04177,121.58735,8
500111070,20231116,1053,18,10,1,25.04177,121.58735,8
500111070,20231116,1054,18,10,1,25.04177,121.58735,8
500111070,20231116,1055,18,10,1,25.04177,121.58735,8
500111070,20231116,1056,18,10,1,25.04177,121.58735,8
500111070,20231116,1057,18,10,1,25.04177,121.58735,8
500111070,20231116,1058,18,10,1,25.04177,121.58735,8
500111070,20231116,1059,18,10,1,25.04177,121.58735,8
500111070,20231116,1060,18,10,1,25.04177,121.58735,8
500111070,20231116,1061,18,10,1,25.04177,121.58735,8
500111070,20231116,1062,18,10,1,25.04177,121.58735,8
500111070,20231116,1063,18,9,1,25.04177,121.58735,9
500111070,20231116,1064,18,9,1,25.04177,121.58735,9
500111070,20231116,1065,18,8,1,25.04177,121.58735,10
500111070,20231116,1066,18,8,1,25.04177,121.58735,10
500111070,20231116,1067,18,8,1,25.04177,121.58735,10
500111070,20231116,1068,18,8,1,25.04177,121.58735,10
500111070,20231116,1069,18,8,1,25.04177,121.58735,10
500111070,20231116,1070,18,8,1,25.04177,121.58735,10
500111070,20231116,1071,18,8,1,25.04177,121.58735,10
500111070,20231116,1072,18,8,1,25.04177,121.58735,10
500111070,20231116,1073,18,8,1,25.04177,121.58735,10
500111070,20231116,1074,18,8,1,25.04177,121.58735,10
500111070,20231116,1075,18,8,1,25.04177,121.58735,10
500111070,20231116,1076,18,8,1,25.04177,121.58735,10
500111070,20231116,1077,18,8,1,25.04177,121.58735,10
500111070,20231116,1078,18,8,1,25.04177,121.58735,10
500111070,20231116,1079,18,8,1,25.04177,121.58735,10
500111070,20231116,1081,18,8,1,25.04177,121.58735,10
500111070,20231116,1082,18,8,1,25.04177,121.58735,10
500111070,20231116,1083,18,8,1,25.04177,121.58735,10
500111070,20231116,1084,18,8,1,25.04177,121.58735,10
500111070,20231116,1085,18,7,1,25.04177,121.58735,11
500111070,20231116,1086,18,6,1,25.04177,121.58735,12
500111070,20231116,1087,18,6,1,25.04177,121.58735,12
500111070,20231116,1088,18,6,1,25.04177,121.58735,12
500111070,20231116,1089,18,6,1,25.04177,121.58735,12
500111070,20231116,1090,18,6,1,25.04177,121.58735,12
500111070,20231116,1091,18,6,1,25.04177,121.58735,12
500111070,20231116,1092,18,7,1,25.04177,121.58735,11
500111070,20231116,1093,18,7,1,25.04177,121.58735,11
500111070,20231116,1094,18,7,1,25.04177,121.58735,11
500111070,20231116,1095,18,7,1,25.04177,121.58735,11
500111070,20231116,1096,18,7,1,25.04177,121.58735,11
500111070,20231116,1097,18,7,1,25.04177,121.58735,11
500111070,20231116,1098,18,7,1,25.04177,121.58735,11
500111070,20231116,1099,18,7,1,25.04177,121.58735,11
500111070,20231116,1101,18,7,1,25.04177,121.58735,11
500111070,20231116,1102,18,7,1,25.04177,121.58735,11
500111070,20231116,1103,18,7,1,25.04177,121.58735,11
500111070,20231116,1104,18,7,1,25.04177,121.58735,11
500111070,20231116,1105,18,8,1,25.04177,121.58735,10
500111070,20231116,1106,18,8,1,25.04177,121.58735,10
500111070,20231116,1107,18,8,1,25.04177,121.58735,10
500111070,20231116,1108,18,8,1,25.04177,121.58735,10
500111070,20231116,1109,18,8,1,25.04177,121.58735,10
500111070,20231116,1111,18,8,1,25.04177,121.58735,10
500111070,20231116,1112,18,8,1,25.04177,121.58735,10
500111070,20231116,1113,18,8,1,25.04177,121.58735,10
500111070,20231116,1114,18,7,1,25.04177,121.58735,11
500111070,20231116,1115,18,7,1,25.04177,121.58735,11
500111070,20231116,1116,18,7,1,25.04177,121.58735,11
500111070,20231116,1117,18,7,1,25.04177,121.58735,11
500111070,20231116,1118,18,6,1,25.04177,121.58735,12
500111070,20231116,1119,18,6,1,25.04177,121.58735,12
500111070,20231116,1120,18,6,1,25.04177,121.58735,12
500111070,20231116,1121,18,5,1,25.04177,121.58735,13
500111070,20231116,1122,18,5,1,25.04177,121.58735,13
500111070,20231116,1123,18,5,1,25.04177,121.58735,13
500111070,20231116,1124,18,5,1,25.04177,121.58735,13
500111070,20231116,1125,18,5,1,25.04177,121.58735,13
500111070,20231116,1126,18,5,1,25.04177,121.58735,13
500111070,20231116,1127,18,5,1,25.04177,121.58735,13
500111070,20231116,1128,18,5,1,25.04177,121.58735,13
500111070,20231116,1129,18,6,1,25.04177,121.58735,12
500111070,20231116,1130,18,6,1,25.04177,121.58735,12
500111070,20231116,1131,18,6,1,25.04177,121.58735,12
500111070,20231116,1132,18,6,1,25.04177,121.58735,12
500111070,20231116,1133,18,6,1,25.04177,121.58735,12
500111070,20231116,1134,18,6,1,25.04177,121.58735,12
500111070,20231116,1135,18,6,1,25.04177,121.58735,12
500111070,20231116,1137,18,6,1,25.04177,121.58735,12
500111070,20231116,1138,18,6,1,25.04177,121.58735,12
500111070,20231116,1139,18,6,1,25.04177,121.58735,12
500111070,20231116,1141,18,6,1,25.04177,121.58735,12
500111070,20231116,1142,18,6,1,25.04177,121.58735,12
500111070,20231116,1143,18,6,1,25.04177,121.58735,12
500111070,20231116,1144,18,6,1,25.04177,121.58735,12
500111070,20231116,1145,18,6,1,25.04177,121.58735,12
500111070,20231116,1146,18,6,1,25.04177,121.58735,12
500111070,20231116,1147,18,5,1,25.04177,121.58735,13
500111070,20231116,1148,18,5,1,25.04177,121.58735,13
500111070,20231116,1149,18,5,1,25.04177,121.58735,13
500111070,20231116,1151,18,5,1,25.04177,121.58735,13
500111070,20231116,1152,18,5,1,25.04177,121.58735,13
500111070,20231116,1153,18,5,1,25.04177,121.58735,13
500111070,20231116,1154,18,5,1,25.04177,121.58735,13
500111070,20231116,1155,18,5,1,25.04177,121.58735,13
500111070,20231116,1157,18,5,1,25.04177,121.58735,13
500111070,20231116,1158,18,5,1,25.04177,121.58735,13
500111070,20231116,1159,18,5,1,25.04177,121.58735,13
500111070,20231116,1161,18,5,1,25.04177,121.58735,13
500111070,20231116,1162,18,5,1,25.04177,121.58735,13
500111070,20231116,1163,18,5,1,25.04177,121.58735,13
500111070,20231116,1164,18,5,1,25.04177,121.58735,13
500111070,20231116,1165,18,5,1,25.04177,121.58735,13
500111070,20231116,1166,18,5,1,25.04177,121.58735,13
500111070,20231116,1167,18,5,1,25.04177,121.58735,13
500111070,20231116,1168,18,5,1,25.04177,121.58735,13
500111070,20231116,1169,18,5,1,25.04177,121.58735,13
500111070,20231116,1171,18,5,1,25.04177,121.58735,13
500111070,20231116,1172,18,5,1,25.04177,121.58735,13
500111070,20231116,1173,18,6,1,25.04177,121.58735,12
500111070,20231116,1174,18,7,1,25.04177,121.58735,11
500111070,20231116,1175,18,7,1,25.04177,121.58735,11
500111070,20231116,1176,18,7,1,25.04177,121.58735,11
500111070,20231116,1177,18,7,1,25.04177,121.58735,11
500111070,20231116,1178,18,7,1,25.04177,121.58735,11
500111070,20231116,1179,18,7,1,25.04177,121.58735,11
500111070,20231116,1181,18,7,1,25.04177,121.58735,11
500111070,20231116,1182,18,7,1,25.04177,121.58735,11
500111070,20231116,1183,18,7,1,25.04177,121.58735,11
500111070,20231116,1184,18,7,1,25.04177,121.58735,11
500111070,20231116,1185,18,7,1,25.04177,121.58735,11
500111070,20231116,1186,18,7,1,25.04177,121.58735,11
500111070,20231116,1187,18,7,1,25.04177,121.58735,11
500111070,20231116,1188,18,7,1,25.04177,121.58735,11
500111070,20231116,1189,18,6,1,25.04177,121.58735,12
500111070,20231116,1191,18,6,1,25.04177,121.58735,12
500111070,20231116,1192,18,6,1,25.04177,121.58735,12
500111070,20231116,1193,18,6,1,25.04177,121.58735,12
500111070,20231116,1194,18,6,1,25.04177,121.58735,12
500111070,20231116,1195,18,6,1,25.04177,121.58735,12
500111070,20231116,1196,18,6,1,25.04177,121.58735,12
500111070,20231116,1197,18,6,1,25.04177,121.58735,12
500111070,20231116,1198,18,6,1,25.04177,121.58735,12
500111070,20231116,1199,18,6,1,25.04177,121.58735,12
500111070,20231116,1201,18,6,1,25.04177,121.58735,12
500111070,20231116,1202,18,6,1,25.04177,121.58735,12
500111070,20231116,1203,18,6,1,25.04177,121.58735,12
500111070,20231116,1204,18,6,1,25.04177,121.58735,12
500111070,20231116,1205,18,6,1,25.04177,121.58735,12
500111070,20231116,1206,18,6,1,25.04177,121.58735,12
500111070,20231116,1207,18,6,1,25.04177,121.58735,12
500111070,20231116,1208,18,6,1,25.04177,121.58735,12
500111070,20231116,1209,18,6,1,25.04177,121.58735,12
500111070,20231116,1211,18,6,1,25.04177,121.58735,12
500111070,20231116,1212,18,6,1,25.04177,121.58735,12
500111070,20231116,1213,18,6,1,25.04177,121.58735,12
500111070,20231116,1214,18,6,1,25.04177,121.58735,12
500111070,20231116,1215,18,8,1,25.04177,121.58735,10
500111070,20231116,1216,18,9,1,25.04177,121.58735,9
500111070,20231116,1217,18,9,1,25.04177,121.58735,9
500111070,20231116,1218,18,14,1,25.04177,121.58735,4
500111070,20231116,1219,18,16,1,25.04177,121.58735,2
500111070,20231116,1221,18,18,1,25.04177,121.58735,0
500111070,20231116,1222,18,18,1,25.04177,121.58735,0
500111070,20231116,1223,18,18,1,25.04177,121.58735,0
500111070,20231116,1224,18,18,1,25.04177,121.58735,0
500111070,20231116,1225,18,18,1,25.04177,121.58735,0
500111070,20231116,1226,18,18,1,25.04177,121.58735,0
500111070,20231116,1227,18,18,1,25.04177,121.58735,0
500111070,20231116,1228,18,18,1,25.04177,121.58735,0
500111070,20231116,1229,18,18,1,25.04177,121.58735,0
500111070,20231116,1231,18,18,1,25.04177,121.58735,0
500111070,20231116,1232,18,18,1,25.04177,121.58735,0
500111070,20231116,1233,18,18,1,25.04177,121.58735,0
500111070,20231116,1234,18,18,1,25.04177,121.58735,0
500111070,20231116,1235,18,17,1,25.04177,121.58735,1
500111070,20231116,1236,18,17,1,25.04177,121.58735,1
500111070,20231116,1237,18,17,1,25.04177,121.58735,1
500111070,20231116,1238,18,17,1,25.04177,121.58735,1
500111070,20231116,1239,18,17,1,25.04177,121.58735,1
500111070,20231116,1240,18,17,1,25.04177,121.58735,1
500111070,20231116,1241,18,17,1,25.04177,121.58735,1
500111070,20231116,1242,18,17,1,25.04177,121.58735,1
500111070,20231116,1243,18,17,1,25.04177,121.58735,1
500111070,20231116,1244,18,17,1,25.04177,121.58735,1
500111070,20231116,1245,18,17,1,25.04177,121.58735,1
500111070,20231116,1246,18,17,1,25.04177,121.58735,1
500111070,20231116,1247,18,17,1,25.04177,121.58735,1
500111070,20231116,1248,18,17,1,25.04177,121.58735,1
500111070,20231116,1249,18,17,1,25.04177,121.58735,1
500111070,20231116,1250,18,17,1,25.04177,121.58735,1
500111070,20231116,1251,18,17,1,25.04177,121.58735,1
500111070,20231116,1252,18,17,1,25.04177,121.58735,1
500111070,20231116,1253,18,18,1,25.04177,121.58735,0
500111070,20231116,1254,18,18,1,25.04177,121.58735,0
500111070,20231116,1255,18,18,1,25.04177,121.58735,0
500111070,20231116,1256,18,17,1,25.04177,121.58735,1
500111070,20231116,1257,18,17,1,25.04177,121.58735,1
500111070,20231116,1258,18,17,1,25.04177,121.58735,1
500111070,20231116,1259,18,16,1,25.04177,121.58735,2
500111070,20231116,1261,18,16,1,25.04177,121.58735,2
500111070,20231116,1262,18,16,1,25.04177,121.58735,2
500111070,20231116,1263,18,16,1,25.04177,121.58735,2
500111070,20231116,1264,18,16,1,25.04177,121.58735,2
500111070,20231116,1265,18,16,1,25.04177,121.58735,2
500111070,20231116,1266,18,16,1,25.04177,121.58735,2
500111070,20231116,1267,18,16,1,25.04177,121.58735,2
500111070,20231116,1268,18,16,1,25.04177,121.58735,2
500111070,20231116,1269,18,16,1,25.04177,121.58735,2
500111070,20231116,1270,18,16,1,25.04177,121.58735,2
500111070,20231116,1271,18,16,1,25.04177,121.58735,2
500111070,20231116,1272,18,16,1,25.04177,121.58735,2
500111070,20231116,1273,18,16,1,25.04177,121.58735,2
500111070,20231116,1274,18,16,1,25.04177,121.58735,2
500111070,20231116,1275,18,16,1,25.04177,121.58735,2
500111070,20231116,1276,18,16,1,25.04177,121.58735,2
500111070,20231116,1277,18,16,1,25.04177,121.58735,2
500111070,20231116,1278,18,16,1,25.04177,121.58735,2
500111070,20231116,1279,18,16,1,25.04177,121.58735,2
500111070,20231116,1281,18,16,1,25.04177,121.58735,2
500111070,20231116,1282,18,16,1,25.04177,121.58735,2
500111070,20231116,1283,18,16,1,25.04177,121.58735,2
500111070,20231116,1284,18,16,1,25.04177,121.58735,2
500111070,20231116,1285,18,16,1,25.04177,121.58735,2
500111070,20231116,1286,18,16,1,25.04177,121.58735,2
500111070,20231116,1287,18,16,1,25.04177,121.58735,2
500111070,20231116,1288,18,16,1,25.04177,121.58735,2
500111070,20231116,1289,18,16,1,25.04177,121.58735,2
500111070,20231116,1290,18,16,1,25.04177,121.58735,2
500111070,20231116,1291,18,16,1,25.04177,121.58735,2
500111070,20231116,1292,18,16,1,25.04177,121.58735,2
500111070,20231116,1293,18,16,1,25.04177,121.58735,2
500111070,20231116,1294,18,16,1,25.04177,121.58735,2
500111070,20231116,1295,18,16,1,25.04177,121.58735,2
500111070,20231116,1296,18,16,1,25.04177,121.58735,2
500111070,20231116,1297,18,16,1,25.04177,121.58735,2
500111070,20231116,1298,18,16,1,25.04177,121.58735,2
500111070,20231116,1299,18,16,1,25.04177,121.58735,2
500111070,20231116,1300,18,16,1,25.04177,121.58735,2
500111070,20231116,1301,18,16,1,25.04177,121.58735,2
500111070,20231116,1302,18,16,1,25.04177,121.58735,2
500111070,20231116,1303,18,15,1,25.04177,121.58735,3
500111070,20231116,1304,18,15,1,25.04177,121.58735,3
500111070,20231116,1305,18,15,1,25.04177,121.58735,3
500111070,20231116,1306,18,15,1,25.04177,121.58735,3
500111070,20231116,1307,18,15,1,25.04177,121.58735,3
500111070,20231116,1308,18,15,1,25.04177,121.58735,3
500111070,20231116,1309,18,15,1,25.04177,121.58735,3
500111070,20231116,1310,18,15,1,25.04177,121.58735,3
500111070,20231116,1311,18,15,1,25.04177,121.58735,3
500111070,20231116,1312,18,15,1,25.04177,121.58735,3
500111070,20231116,1313,18,15,1,25.04177,121.58735,3
500111070,20231116,1314,18,15,1,25.04177,121.58735,3
500111070,20231116,1315,18,15,1,25.04177,121.58735,3
500111070,20231116,1316,18,15,1,25.04177,121.58735,3
500111070,20231116,1317,18,15,1,25.04177,121.58735,3
500111070,20231116,1318,18,14,1,25.04177,121.58735,4
500111070,20231116,1319,18,14,1,25.04177,121.58735,4
500111070,20231116,1321,18,14,1,25.04177,121.58735,4
500111070,20231116,1322,18,14,1,25.04177,121.58735,4
500111070,20231116,1323,18,14,1,25.04177,121.58735,4
500111070,20231116,1324,18,14,1,25.04177,121.58735,4
500111070,20231116,1325,18,14,1,25.04177,121.58735,4
500111070,20231116,1326,18,14,1,25.04177,121.58735,4
500111070,20231116,1327,18,14,1,25.04177,121.58735,4
500111070,20231116,1328,18,13,1,25.04177,121.58735,5
500111070,20231116,1329,18,13,1,25.04177,121.58735,5
500111070,20231116,1330,18,13,1,25.04177,121.58735,5
500111070,20231116,1331,18,12,1,25.04177,121.58735,6
500111070,20231116,1332,18,12,1,25.04177,121.58735,6
500111070,20231116,1333,18,12,1,25.04177,121.58735,6
500111070,20231116,1334,18,12,1,25.04177,121.58735,6
500111070,20231116,1335,18,12,1,25.04177,121.58735,6
500111070,20231116,1336,18,12,1,25.04177,121.58735,6
500111070,20231116,1337,18,12,1,25.04177,121.58735,6
500111070,20231116,1338,18,12,1,25.04177,121.58735,6
500111070,20231116,1339,18,12,1,25.04177,121.58735,6
500111070,20231116,1341,18,12,1,25.04177,121.58735,6
500111070,20231116,1342,18,12,1,25.04177,121.58735,6
500111070,20231116,1343,18,12,1,25.04177,121.58735,6
500111070,20231116,1344,18,12,1,25.04177,121.58735,6
500111070,20231116,1345,18,12,1,25.04177,121.58735,6
500111070,20231116,1346,18,12,1,25.04177,121.58735,6
500111070,20231116,1347,18,12,1,25.04177,121.58735,6
500111070,20231116,1348,18,12,1,25.04177,121.58735,6
500111070,20231116,1349,18,12,1,25.04177,121.58735,6
500111070,20231116,1350,18,12,1,25.04177,121.58735,6
500111070,20231116,1351,18,12,1,25.04177,121.58735,6
500111070,20231116,1352,18,12,1,25.04177,121.58735,6
500111070,20231116,1353,18,13,1,25.04177,121.58735,5
500111070,20231116,1354,18,13,1,25.04177,121.58735,5
500111070,20231116,1355,18,13,1,25.04177,121.58735,5
500111070,20231116,1356,18,13,1,25.04177,121.58735,5
500111070,20231116,1357,18,12,1,25.04177,121.58735,6
500111070,20231116,1358,18,12,1,25.04177,121.58735,6
500111070,20231116,1359,18,11,1,25.04177,121.58735,7
500111070,20231116,1360,18,11,1,25.04177,121.58735,7
500111070,20231116,1361,18,11,1,25.04177,121.58735,7
500111070,20231116,1362,18,11,1,25.04177,121.58735,7
500111070,20231116,1363,18,11,1,25.04177,121.58735,7
500111070,20231116,1364,18,11,1,25.04177,121.58735,7
500111070,20231116,1365,18,11,1,25.04177,121.58735,7
500111070,20231116,1366,18,11,1,25.04177,121.58735,7
500111070,20231116,1367,18,11,1,25.04177,121.58735,7
500111070,20231116,1368,18,11,1,25.04177,121.58735,7
500111070,20231116,1369,18,11,1,25.04177,121.58735,7
500111070,20231116,1370,18,11,1,25.04177,121.58735,7
500111070,20231116,1371,18,11,1,25.04177,121.58735,7
500111070,20231116,1372,18,11,1,25.04177,121.58735,7
500111070,20231116,1373,18,11,1,25.04177,121.58735,7
500111070,20231116,1374,18,11,1,25.04177,121.58735,7
500111070,20231116,1375,18,11,1,25.04177,121.58735,7
500111070,20231116,1376,18,11,1,25.04177,121.58735,7
500111070,20231116,1377,18,11,1,25.04177,121.58735,7
500111070,20231116,1378,18,11,1,25.04177,121.58735,7
500111070,20231116,1379,18,11,1,25.04177,121.58735,7
500111070,20231116,1381,18,10,1,25.04177,121.58735,8
500111070,20231116,1382,18,10,1,25.04177,121.58735,8
500111070,20231116,1383,18,10,1,25.04177,121.58735,8
500111070,20231116,1384,18,10,1,25.04177,121.58735,8
500111070,20231116,1385,18,10,1,25.04177,121.58735,8
500111070,20231116,1386,18,10,1,25.04177,121.58735,8
500111070,20231116,1387,18,10,1,25.04177,121.58735,8
500111070,20231116,1388,18,10,1,25.04177,121.58735,8
500111070,20231116,1389,18,10,1,25.04177,121.58735,8
500111070,20231116,1390,18,10,1,25.04177,121.58735,8
500111070,20231116,1391,18,10,1,25.04177,121.58735,8
500111070,20231116,1392,18,10,1,25.04177,121.58735,8
500111070,20231116,1393,18,10,1,25.04177,121.58735,8
500111070,20231116,1394,18,10,1,25.04177,121.58735,8
500111070,20231116,1395,18,10,1,25.04177,121.58735,8
500111070,20231116,1396,18,10,1,25.04177,121.58735,8
500111070,20231116,1397,18,10,1,25.04177,121.58735,8
500111070,20231116,1398,18,10,1,25.04177,121.58735,8
500111070,20231116,1399,18,10,1,25.04177,121.58735,8
500111070,20231116,1401,18,10,1,25.04177,121.58735,8
500111070,20231116,1403,18,10,1,25.04177,121.58735,8
500111070,20231116,1404,18,10,1,25.04177,121.58735,8
500111070,20231116,1405,18,10,1,25.04177,121.58735,8
500111070,20231116,1406,18,10,1,25.04177,121.58735,8
500111070,20231116,1407,18,10,1,25.04177,121.58735,8
500111070,20231116,1408,18,10,1,25.04177,121.58735,8
500111070,20231116,1409,18,10,1,25.04177,121.58735,8
500111070,20231116,1411,18,10,1,25.04177,121.58735,8
500111070,20231116,1412,18,10,1,25.04177,121.58735,8
500111070,20231116,1413,18,10,1,25.04177,121.58735,8
500111070,20231116,1414,18,10,1,25.04177,121.58735,8
500111070,20231116,1415,18,10,1,25.04177,121.58735,8
500111070,20231116,1416,18,10,1,25.04177,121.58735,8
500111070,20231116,1417,18,10,1,25.04177,121.58735,8
500111070,20231116,1418,18,10,1,25.04177,121.58735,8
500111070,20231116,1419,18,10,1,25.04177,121.58735,8
500111070,20231116,1421,18,9,1,25.04177,121.58735,9
500111070,20231116,1422,18,8,1,25.04177,121.58735,10
500111070,20231116,1423,18,9,1,25.04177,121.58735,9
500111070,20231116,1424,18,9,1,25.04177,121.58735,9
500111070,20231116,1425,18,9,1,25.04177,121.58735,9
500111070,20231116,1426,18,9,1,25.04177,121.58735,9
500111070,20231116,1427,18,9,1,25.04177,121.58735,9
500111070,20231116,1428,18,9,1,25.04177,121.58735,9
500111070,20231116,1429,18,9,1,25.04177,121.58735,9
500111070,20231116,1431,18,9,1,25.04177,121.58735,9
500111070,20231116,1432,18,9,1,25.04177,121.58735,9
500111070,20231116,1433,18,10,1,25.04177,121.58735,8
500111070,20231116,1434,18,10,1,25.04177,121.58735,8
500111070,20231116,1435,18,10,1,25.04177,121.58735,8
500111070,20231116,1436,18,10,1,25.04177,121.58735,8
500111070,20231116,1437,18,10,1,25.04177,121.58735,8
500111070,20231116,1438,18,10,1,25.04177,121.58735,8
500111070,20231116,1439,18,10,1,25.04177,121.58735,8
500111070,20231117,1,18,10,1,25.04177,121.58735,8
500111070,20231117,2,18,10,1,25.04177,121.58735,8
500111070,20231117,3,18,10,1,25.04177,121.58735,8
500111070,20231117,4,18,10,1,25.04177,121.58735,8
500111070,20231117,5,18,10,1,25.04177,121.58735,8
500111070,20231117,6,18,10,1,25.04177,121.58735,8
500111070,20231117,7,18,10,1,25.04177,121.58735,8
500111070,20231117,8,18,10,1,25.04177,121.58735,8
500111070,20231117,9,18,10,1,25.04177,121.58735,8
500111070,20231117,11,18,10,1,25.04177,121.58735,8
500111070,20231117,12,18,10,1,25.04177,121.58735,8
500111070,20231117,13,18,10,1,25.04177,121.58735,8
500111070,20231117,14,18,10,1,25.04177,121.58735,8
500111070,20231117,15,18,10,1,25.04177,121.58735,8
500111070,20231117,16,18,10,1,25.04177,121.58735,8
500111070,20231117,17,18,10,1,25.04177,121.58735,8
500111070,20231117,18,18,10,1,25.04177,121.58735,8
500111070,20231117,19,18,10,1,25.04177,121.58735,8
500111070,20231117,21,18,10,1,25.04177,121.58735,8
500111070,20231117,22,18,9,1,25.04177,121.58735,9
500111070,20231117,23,18,9,1,25.04177,121.58735,9
500111070,20231117,24,18,9,1,25.04177,121.58735,9
500111070,20231117,25,18,9,1,25.04177,121.58735,9
500111070,20231117,26,18,9,1,25.04177,121.58735,9
500111070,20231117,27,18,9,1,25.04177,121.58735,9
500111070,20231117,28,18,9,1,25.04177,121.58735,9
500111070,20231117,29,18,9,1,25.04177,121.58735,9
500111070,20231117,31,18,9,1,25.04177,121.58735,9
500111070,20231117,32,18,9,1,25.04177,121.58735,9
500111070,20231117,33,18,9,1,25.04177,121.58735,9
500111070,20231117,34,18,8,1,25.04177,121.58735,10
500111070,20231117,35,18,8,1,25.04177,121.58735,10
500111070,20231117,36,18,7,1,25.04177,121.58735,11
500111070,20231117,37,18,7,1,25.04177,121.58735,11
500111070,20231117,38,18,7,1,25.04177,121.58735,11
500111070,20231117,39,18,7,1,25.04177,121.58735,11
500111070,20231117,41,18,7,1,25.04177,121.58735,11
500111070,20231117,42,18,7,1,25.04177,121.58735,11
500111070,20231117,43,18,7,1,25.04177,121.58735,11
500111070,20231117,44,18,7,1,25.04177,121.58735,11
500111070,20231117,45,18,7,1,25.04177,121.58735,11
500111070,20231117,46,18,7,1,25.04177,121.58735,11
500111070,20231117,47,18,7,1,25.04177,121.58735,11
500111070,20231117,48,18,7,1,25.04177,121.58735,11
500111070,20231117,49,18,7,1,25.04177,121.58735,11
500111070,20231117,51,18,7,1,25.04177,121.58735,11
500111070,20231117,52,18,7,1,25.04177,121.58735,11
500111070,20231117,53,18,7,1,25.04177,121.58735,11
500111070,20231117,54,18,7,1,25.04177,121.58735,11
500111070,20231117,55,18,7,1,25.04177,121.58735,11
500111070,20231117,56,18,7,1,25.04177,121.58735,11
500111070,20231117,57,18,6,1,25.04177,121.58735,12
500111070,20231117,58,18,6,1,25.04177,121.58735,12
500111070,20231117,59,18,5,1,25.04177,121.58735,13
500111070,20231117,61,18,5,1,25.04177,121.58735,13
500111070,20231117,62,18,5,1,25.04177,121.58735,13
500111070,20231117,63,18,5,1,25.04177,121.58735,13
500111070,20231117,64,18,5,1,25.04177,121.58735,13
500111070,20231117,65,18,5,1,25.04177,121.58735,13
500111070,20231117,66,18,5,1,25.04177,121.58735,13
500111070,20231117,67,18,5,1,25.04177,121.58735,13
500111070,20231117,68,18,5,1,25.04177,121.58735,13
500111070,20231117,69,18,5,1,25.04177,121.58735,13
500111070,20231117,70,18,5,1,25.04177,121.58735,13
500111070,20231117,71,18,5,1,25.04177,121.58735,13
500111070,20231117,72,18,5,1,25.04177,121.58735,13
500111070,20231117,73,18,5,1,25.04177,121.58735,13
500111070,20231117,74,18,5,1,25.04177,121.58735,13
500111070,20231117,75,18,5,1,25.04177,121.58735,13
500111070,20231117,76,18,5,1,25.04177,121.58735,13
500111070,20231117,77,18,5,1,25.04177,121.58735,13
500111070,20231117,78,18,5,1,25.04177,121.58735,13
500111070,20231117,79,18,5,1,25.04177,121.58735,13
500111070,20231117,81,18,5,1,25.04177,121.58735,13
500111070,20231117,82,18,5,1,25.04177,121.58735,13
500111070,20231117,83,18,5,1,25.04177,121.58735,13
500111070,20231117,84,18,5,1,25.04177,121.58735,13
500111070,20231117,85,18,5,1,25.04177,121.58735,13
500111070,20231117,86,18,5,1,25.04177,121.58735,13
500111070,20231117,87,18,5,1,25.04177,121.58735,13
500111070,20231117,88,18,5,1,25.04177,121.58735,13
500111070,20231117,89,18,5,1,25.04177,121.58735,13
500111070,20231117,90,18,5,1,25.04177,121.58735,13
500111070,20231117,91,18,5,1,25.04177,121.58735,13
500111070,20231117,92,18,5,1,25.04177,121.58735,13
500111070,20231117,93,18,5,1,25.04177,121.58735,13
500111070,20231117,94,18,5,1,25.04177,121.58735,13
500111070,20231117,95,18,5,1,25.04177,121.58735,13
500111070,20231117,96,18,5,1,25.04177,121.58735,13
500111070,20231117,97,18,5,1,25.04177,121.58735,13
500111070,20231117,98,18,5,1,25.04177,121.58735,13
500111070,20231117,99,18,5,1,25.04177,121.58735,13
500111070,20231117,100,18,5,1,25.04177,121.58735,13
500111070,20231117,101,18,5,1,25.04177,121.58735,13
500111070,20231117,102,18,5,1,25.04177,121.58735,13
500111070,20231117,103,18,5,1,25.04177,121.58735,13
500111070,20231117,104,18,5,1,25.04177,121.58735,13
500111070,20231117,105,18,5,1,25.04177,121.58735,13
500111070,20231117,106,18,5,1,25.04177,121.58735,13
500111070,20231117,107,18,5,1,25.04177,121.58735,13
500111070,20231117,108,18,5,1,25.04177,121.58735,13
500111070,20231117,109,18,5,1,25.04177,121.58735,13
500111070,20231117,110,18,5,1,25.04177,121.58735,13
500111070,20231117,111,18,5,1,25.04177,121.58735,13
500111070,20231117,113,18,5,1,25.04177,121.58735,13
500111070,20231117,114,18,5,1,25.04177,121.58735,13
500111070,20231117,115,18,5,1,25.04177,121.58735,13
500111070,20231117,116,18,5,1,25.04177,121.58735,13
500111070,20231117,117,18,5,1,25.04177,121.58735,13
500111070,20231117,118,18,5,1,25.04177,121.58735,13
500111070,20231117,119,18,5,1,25.04177,121.58735,13
500111070,20231117,121,18,5,1,25.04177,121.58735,13
500111070,20231117,122,18,5,1,25.04177,121.58735,13
500111070,20231117,123,18,5,1,25.04177,121.58735,13
500111070,20231117,124,18,5,1,25.04177,121.58735,13
500111070,20231117,125,18,5,1,25.04177,121.58735,13
500111070,20231117,126,18,5,1,25.04177,121.58735,13
500111070,20231117,127,18,5,1,25.04177,121.58735,13
500111070,20231117,128,18,5,1,25.04177,121.58735,13
500111070,20231117,129,18,5,1,25.04177,121.58735,13
500111070,20231117,130,18,5,1,25.04177,121.58735,13
500111070,20231117,131,18,5,1,25.04177,121.58735,13
500111070,20231117,132,18,5,1,25.04177,121.58735,13
500111070,20231117,133,18,5,1,25.04177,121.58735,13
500111070,20231117,134,18,5,1,25.04177,121.58735,13
500111070,20231117,135,18,5,1,25.04177,121.58735,13
500111070,20231117,136,18,5,1,25.04177,121.58735,13
500111070,20231117,137,18,5,1,25.04177,121.58735,13
500111070,20231117,138,18,5,1,25.04177,121.58735,13
500111070,20231117,139,18,5,1,25.04177,121.58735,13
500111070,20231117,141,18,5,1,25.04177,121.58735,13
500111070,20231117,142,18,5,1,25.04177,121.58735,13
500111070,20231117,143,18,5,1,25.04177,121.58735,13
500111070,20231117,144,18,5,1,25.04177,121.58735,13
500111070,20231117,145,18,5,1,25.04177,121.58735,13
500111070,20231117,146,18,5,1,25.04177,121.58735,13
500111070,20231117,147,18,5,1,25.04177,121.58735,13
500111070,20231117,148,18,5,1,25.04177,121.58735,13
500111070,20231117,149,18,5,1,25.04177,121.58735,13
500111070,20231117,150,18,5,1,25.04177,121.58735,13
500111070,20231117,151,18,5,1,25.04177,121.58735,13
500111070,20231117,152,18,5,1,25.04177,121.58735,13
500111070,20231117,153,18,5,1,25.04177,121.58735,13
500111070,20231117,154,18,5,1,25.04177,121.58735,13
500111070,20231117,155,18,5,1,25.04177,121.58735,13
500111070,20231117,156,18,5,1,25.04177,121.58735,13
500111070,20231117,157,18,5,1,25.04177,121.58735,13
500111070,20231117,158,18,5,1,25.04177,121.58735,13
500111070,20231117,159,18,5,1,25.04177,121.58735,13
500111070,20231117,160,18,5,1,25.04177,121.58735,13
500111070,20231117,161,18,5,1,25.04177,121.58735,13
500111070,20231117,162,18,5,1,25.04177,121.58735,13
500111070,20231117,163,18,5,1,25.04177,121.58735,13
500111070,20231117,164,18,5,1,25.04177,121.58735,13
500111070,20231117,165,18,5,1,25.04177,121.58735,13
500111070,20231117,166,18,5,1,25.04177,121.58735,13
500111070,20231117,167,18,5,1,25.04177,121.58735,13
500111070,20231117,168,18,5,1,25.04177,121.58735,13
500111070,20231117,169,18,5,1,25.04177,121.58735,13
500111070,20231117,170,18,5,1,25.04177,121.58735,13
500111070,20231117,171,18,5,1,25.04177,121.58735,13
500111070,20231117,172,18,5,1,25.04177,121.58735,13
500111070,20231117,173,18,5,1,25.04177,121.58735,13
500111070,20231117,174,18,5,1,25.04177,121.58735,13
500111070,20231117,175,18,5,1,25.04177,121.58735,13
500111070,20231117,176,18,6,1,25.04177,121.58735,12
500111070,20231117,177,18,6,1,25.04177,121.58735,12
500111070,20231117,178,18,6,1,25.04177,121.58735,12
500111070,20231117,179,18,6,1,25.04177,121.58735,12
500111070,20231117,180,18,6,1,25.04177,121.58735,12
500111070,20231117,181,18,6,1,25.04177,121.58735,12
500111070,20231117,182,18,6,1,25.04177,121.58735,12
500111070,20231117,183,18,6,1,25.04177,121.58735,12
500111070,20231117,184,18,6,1,25.04177,121.58735,12
500111070,20231117,185,18,6,1,25.04177,121.58735,12
500111070,20231117,186,18,6,1,25.04177,121.58735,12
500111070,20231117,187,18,6,1,25.04177,121.58735,12
500111070,20231117,188,18,6,1,25.04177,121.58735,12
500111070,20231117,189,18,6,1,25.04177,121.58735,12
500111070,20231117,190,18,6,1,25.04177,121.58735,12
500111070,20231117,191,18,6,1,25.04177,121.58735,12
500111070,20231117,192,18,6,1,25.04177,121.58735,12
500111070,20231117,193,18,6,1,25.04177,121.58735,12
500111070,20231117,194,18,6,1,25.04177,121.58735,12
500111070,20231117,195,18,6,1,25.04177,121.58735,12
500111070,20231117,196,18,6,1,25.04177,121.58735,12
500111070,20231117,197,18,6,1,25.04177,121.58735,12
500111070,20231117,198,18,6,1,25.04177,121.58735,12
500111070,20231117,199,18,6,1,25.04177,121.58735,12
500111070,20231117,201,18,6,1,25.04177,121.58735,12
500111070,20231117,202,18,6,1,25.04177,121.58735,12
500111070,20231117,203,18,6,1,25.04177,121.58735,12
500111070,20231117,204,18,6,1,25.04177,121.58735,12
500111070,20231117,205,18,6,1,25.04177,121.58735,12
500111070,20231117,206,18,6,1,25.04177,121.58735,12
500111070,20231117,207,18,6,1,25.04177,121.58735,12
500111070,20231117,208,18,6,1,25.04177,121.58735,12
500111070,20231117,209,18,6,1,25.04177,121.58735,12
500111070,20231117,210,18,6,1,25.04177,121.58735,12
500111070,20231117,211,18,6,1,25.04177,121.58735,12
500111070,20231117,212,18,6,1,25.04177,121.58735,12
500111070,20231117,213,18,6,1,25.04177,121.58735,12
500111070,20231117,214,18,6,1,25.04177,121.58735,12
500111070,20231117,215,18,6,1,25.04177,121.58735,12
500111070,20231117,216,18,6,1,25.04177,121.58735,12
500111070,20231117,218,18,6,1,25.04177,121.58735,12
500111070,20231117,219,18,6,1,25.04177,121.58735,12
500111070,20231117,221,18,6,1,25.04177,121.58735,12
500111070,20231117,222,18,6,1,25.04177,121.58735,12
500111070,20231117,223,18,6,1,25.04177,121.58735,12
500111070,20231117,224,18,6,1,25.04177,121.58735,12
500111070,20231117,225,18,6,1,25.04177,121.58735,12
500111070,20231117,226,18,6,1,25.04177,121.58735,12
500111070,20231117,227,18,6,1,25.04177,121.58735,12
500111070,20231117,228,18,6,1,25.04177,121.58735,12
500111070,20231117,229,18,6,1,25.04177,121.58735,12
500111070,20231117,231,18,6,1,25.04177,121.58735,12
500111070,20231117,232,18,6,1,25.04177,121.58735,12
500111070,20231117,233,18,6,1,25.04177,121.58735,12
500111070,20231117,234,18,6,1,25.04177,121.58735,12
500111070,20231117,235,18,6,1,25.04177,121.58735,12
500111070,20231117,236,18,6,1,25.04177,121.58735,12
500111070,20231117,237,18,6,1,25.04177,121.58735,12
500111070,20231117,238,18,6,1,25.04177,121.58735,12
500111070,20231117,239,18,6,1,25.04177,121.58735,12
500111070,20231117,241,18,6,1,25.04177,121.58735,12
500111070,20231117,242,18,6,1,25.04177,121.58735,12
500111070,20231117,243,18,6,1,25.04177,121.58735,12
500111070,20231117,244,18,6,1,25.04177,121.58735,12
500111070,20231117,245,18,6,1,25.04177,121.58735,12
500111070,20231117,246,18,6,1,25.04177,121.58735,12
500111070,20231117,247,18,6,1,25.04177,121.58735,12
500111070,20231117,248,18,6,1,25.04177,121.58735,12
500111070,20231117,249,18,6,1,25.04177,121.58735,12
500111070,20231117,251,18,6,1,25.04177,121.58735,12
500111070,20231117,252,18,6,1,25.04177,121.58735,12
500111070,20231117,253,18,6,1,25.04177,121.58735,12
500111070,20231117,254,18,6,1,25.04177,121.58735,12
500111070,20231117,255,18,6,1,25.04177,121.58735,12
500111070,20231117,256,18,6,1,25.04177,121.58735,12
500111070,20231117,257,18,6,1,25.04177,121.58735,12
500111070,20231117,258,18,6,1,25.04177,121.58735,12
500111070,20231117,259,18,6,1,25.04177,121.58735,12
500111070,20231117,261,18,6,1,25.04177,121.58735,12
500111070,20231117,262,18,6,1,25.04177,121.58735,12
500111070,20231117,263,18,6,1,25.04177,121.58735,12
500111070,20231117,264,18,6,1,25.04177,121.58735,12
500111070,20231117,265,18,6,1,25.04177,121.58735,12
500111070,20231117,266,18,6,1,25.04177,121.58735,12
500111070,20231117,267,18,6,1,25.04177,121.58735,12
500111070,20231117,268,18,6,1,25.04177,121.58735,12
500111070,20231117,269,18,6,1,25.04177,121.58735,12
500111070,20231117,271,18,6,1,25.04177,121.58735,12
500111070,20231117,272,18,6,1,25.04177,121.58735,12
500111070,20231117,273,18,6,1,25.04177,121.58735,12
500111070,20231117,274,18,6,1,25.04177,121.58735,12
500111070,20231117,275,18,6,1,25.04177,121.58735,12
500111070,20231117,276,18,6,1,25.04177,121.58735,12
500111070,20231117,277,18,6,1,25.04177,121.58735,12
500111070,20231117,278,18,6,1,25.04177,121.58735,12
500111070,20231117,279,18,6,1,25.04177,121.58735,12
500111070,20231117,281,18,6,1,25.04177,121.58735,12
500111070,20231117,282,18,6,1,25.04177,121.58735,12
500111070,20231117,283,18,6,1,25.04177,121.58735,12
500111070,20231117,284,18,6,1,25.04177,121.58735,12
500111070,20231117,285,18,6,1,25.04177,121.58735,12
500111070,20231117,286,18,6,1,25.04177,121.58735,12
500111070,20231117,287,18,6,1,25.04177,121.58735,12
500111070,20231117,288,18,6,1,25.04177,121.58735,12
500111070,20231117,289,18,6,1,25.04177,121.58735,12
500111070,20231117,291,18,6,1,25.04177,121.58735,12
500111070,20231117,292,18,6,1,25.04177,121.58735,12
500111070,20231117,293,18,6,1,25.04177,121.58735,12
500111070,20231117,294,18,6,1,25.04177,121.58735,12
500111070,20231117,295,18,6,1,25.04177,121.58735,12
500111070,20231117,296,18,6,1,25.04177,121.58735,12
500111070,20231117,297,18,6,1,25.04177,121.58735,12
500111070,20231117,298,18,6,1,25.04177,121.58735,12
500111070,20231117,299,18,6,1,25.04177,121.58735,12
500111070,20231117,300,18,6,1,25.04177,121.58735,12
500111070,20231117,301,18,6,1,25.04177,121.58735,12
500111070,20231117,302,18,6,1,25.04177,121.58735,12
500111070,20231117,303,18,6,1,25.04177,121.58735,12
500111070,20231117,304,18,6,1,25.04177,121.58735,12
500111070,20231117,305,18,6,1,25.04177,121.58735,12
500111070,20231117,306,18,6,1,25.04177,121.58735,12
500111070,20231117,307,18,6,1,25.04177,121.58735,12
500111070,20231117,308,18,6,1,25.04177,121.58735,12
500111070,20231117,309,18,6,1,25.04177,121.58735,12
500111070,20231117,310,18,6,1,25.04177,121.58735,12
500111070,20231117,311,18,6,1,25.04177,121.58735,12
500111070,20231117,312,18,6,1,25.04177,121.58735,12
500111070,20231117,313,18,6,1,25.04177,121.58735,12
500111070,20231117,314,18,6,1,25.04177,121.58735,12
500111070,20231117,315,18,6,1,25.04177,121.58735,12
500111070,20231117,316,18,6,1,25.04177,121.58735,12
500111070,20231117,317,18,6,1,25.04177,121.58735,12
500111070,20231117,318,18,6,1,25.04177,121.58735,12
500111070,20231117,319,18,6,1,25.04177,121.58735,12
500111070,20231117,321,18,6,1,25.04177,121.58735,12
500111070,20231117,322,18,6,1,25.04177,121.58735,12
500111070,20231117,323,18,6,1,25.04177,121.58735,12
500111070,20231117,324,18,6,1,25.04177,121.58735,12
500111070,20231117,325,18,6,1,25.04177,121.58735,12
500111070,20231117,326,18,6,1,25.04177,121.58735,12
500111070,20231117,327,18,6,1,25.04177,121.58735,12
500111070,20231117,328,18,6,1,25.04177,121.58735,12
500111070,20231117,329,18,6,1,25.04177,121.58735,12
500111070,20231117,330,18,6,1,25.04177,121.58735,12
500111070,20231117,331,18,6,1,25.04177,121.58735,12
500111070,20231117,332,18,6,1,25.04177,121.58735,12
500111070,20231117,333,18,6,1,25.04177,121.58735,12
500111070,20231117,334,18,6,1,25.04177,121.58735,12
500111070,20231117,335,18,6,1,25.04177,121.58735,12
500111070,20231117,336,18,6,1,25.04177,121.58735,12
500111070,20231117,337,18,6,1,25.04177,121.58735,12
500111070,20231117,338,18,6,1,25.04177,121.58735,12
500111070,20231117,339,18,6,1,25.04177,121.58735,12
500111070,20231117,340,18,5,1,25.04177,121.58735,13
500111070,20231117,341,18,5,1,25.04177,121.58735,13
500111070,20231117,342,18,5,1,25.04177,121.58735,13
500111070,20231117,343,18,5,1,25.04177,121.58735,13
500111070,20231117,344,18,5,1,25.04177,121.58735,13
500111070,20231117,345,18,5,1,25.04177,121.58735,13
500111070,20231117,346,18,5,1,25.04177,121.58735,13
500111070,20231117,347,18,5,1,25.04177,121.58735,13
500111070,20231117,348,18,5,1,25.04177,121.58735,13
500111070,20231117,349,18,5,1,25.04177,121.58735,13
500111070,20231117,350,18,5,1,25.04177,121.58735,13
500111070,20231117,351,18,5,1,25.04177,121.58735,13
500111070,20231117,352,18,5,1,25.04177,121.58735,13
500111070,20231117,353,18,5,1,25.04177,121.58735,13
500111070,20231117,354,18,6,1,25.04177,121.58735,12
500111070,20231117,355,18,6,1,25.04177,121.58735,12
500111070,20231117,356,18,7,1,25.04177,121.58735,11
500111070,20231117,357,18,7,1,25.04177,121.58735,11
500111070,20231117,358,18,7,1,25.04177,121.58735,11
500111070,20231117,359,18,7,1,25.04177,121.58735,11
500111070,20231117,360,18,7,1,25.04177,121.58735,11
500111070,20231117,361,18,7,1,25.04177,121.58735,11
500111070,20231117,362,18,7,1,25.04177,121.58735,11
500111070,20231117,363,18,7,1,25.04177,121.58735,11
500111070,20231117,364,18,7,1,25.04177,121.58735,11
500111070,20231117,365,18,7,1,25.04177,121.58735,11
500111070,20231117,366,18,7,1,25.04177,121.58735,11
500111070,20231117,367,18,7,1,25.04177,121.58735,11
500111070,20231117,368,18,8,1,25.04177,121.58735,10
500111070,20231117,369,18,8,1,25.04177,121.58735,10
500111070,20231117,370,18,8,1,25.04177,121.58735,10
500111070,20231117,371,18,8,1,25.04177,121.58735,10
500111070,20231117,372,18,9,1,25.04177,121.58735,9
500111070,20231117,373,18,9,1,25.04177,121.58735,9
500111070,20231117,374,18,9,1,25.04177,121.58735,9
500111070,20231117,375,18,8,1,25.04177,121.58735,10
500111070,20231117,376,18,8,1,25.04177,121.58735,10
500111070,20231117,377,18,8,1,25.04177,121.58735,10
500111070,20231117,378,18,8,1,25.04177,121.58735,10
500111070,20231117,379,18,8,1,25.04177,121.58735,10
500111070,20231117,381,18,8,1,25.04177,121.58735,10
500111070,20231117,382,18,8,1,25.04177,121.58735,10
500111070,20231117,383,18,8,1,25.04177,121.58735,10
500111070,20231117,384,18,8,1,25.04177,121.58735,10
500111070,20231117,385,18,8,1,25.04177,121.58735,10
500111070,20231117,386,18,8,1,25.04177,121.58735,10
500111070,20231117,387,18,8,1,25.04177,121.58735,10
500111070,20231117,388,18,8,1,25.04177,121.58735,10
500111070,20231117,389,18,8,1,25.04177,121.58735,10
500111070,20231117,390,18,8,1,25.04177,121.58735,10
500111070,20231117,391,18,8,1,25.04177,121.58735,10
500111070,20231117,392,18,8,1,25.04177,121.58735,10
500111070,20231117,393,18,9,1,25.04177,121.58735,9
500111070,20231117,394,18,9,1,25.04177,121.58735,9
500111070,20231117,395,18,9,1,25.04177,121.58735,9
500111070,20231117,396,18,10,1,25.04177,121.58735,8
500111070,20231117,397,18,10,1,25.04177,121.58735,8
500111070,20231117,398,18,10,1,25.04177,121.58735,8
500111070,20231117,399,18,10,1,25.04177,121.58735,8
500111070,20231117,400,18,10,1,25.04177,121.58735,8
500111070,20231117,401,18,11,1,25.04177,121.58735,7
500111070,20231117,402,18,11,1,25.04177,121.58735,7
500111070,20231117,403,18,11,1,25.04177,121.58735,7
500111070,20231117,404,18,11,1,25.04177,121.58735,7
500111070,20231117,405,18,11,1,25.04177,121.58735,7
500111070,20231117,406,18,11,1,25.04177,121.58735,7
500111070,20231117,407,18,11,1,25.04177,121.58735,7
500111070,20231117,408,18,11,1,25.04177,121.58735,7
500111070,20231117,409,18,11,1,25.04177,121.58735,7
500111070,20231117,410,18,11,1,25.04177,121.58735,7
500111070,20231117,411,18,11,1,25.04177,121.58735,7
500111070,20231117,412,18,11,1,25.04177,121.58735,7
500111070,20231117,413,18,11,1,25.04177,121.58735,7
500111070,20231117,414,18,11,1,25.04177,121.58735,7
500111070,20231117,415,18,11,1,25.04177,121.58735,7
500111070,20231117,416,18,11,1,25.04177,121.58735,7
500111070,20231117,417,18,11,1,25.04177,121.58735,7
500111070,20231117,418,18,12,1,25.04177,121.58735,6
500111070,20231117,419,18,12,1,25.04177,121.58735,6
500111070,20231117,421,18,13,1,25.04177,121.58735,5
500111070,20231117,422,18,13,1,25.04177,121.58735,5
500111070,20231117,423,18,14,1,25.04177,121.58735,4
500111070,20231117,424,18,14,1,25.04177,121.58735,4
500111070,20231117,425,18,14,1,25.04177,121.58735,4
500111070,20231117,426,18,14,1,25.04177,121.58735,4
500111070,20231117,427,18,14,1,25.04177,121.58735,4
500111070,20231117,428,18,14,1,25.04177,121.58735,4
500111070,20231117,429,18,16,1,25.04177,121.58735,2
500111070,20231117,430,18,16,1,25.04177,121.58735,2
500111070,20231117,431,18,16,1,25.04177,121.58735,2
500111070,20231117,432,18,15,1,25.04177,121.58735,3
500111070,20231117,433,18,16,1,25.04177,121.58735,2
500111070,20231117,434,18,16,1,25.04177,121.58735,2
500111070,20231117,435,18,16,1,25.04177,121.58735,2
500111070,20231117,436,18,16,1,25.04177,121.58735,2
500111070,20231117,437,18,16,1,25.04177,121.58735,2
500111070,20231117,438,18,17,1,25.04177,121.58735,1
500111070,20231117,439,18,17,1,25.04177,121.58735,1
500111070,20231117,441,18,18,1,25.04177,121.58735,0
500111070,20231117,442,18,18,1,25.04177,121.58735,0
500111070,20231117,443,18,18,1,25.04177,121.58735,0
500111070,20231117,444,18,18,1,25.04177,121.58735,0
500111070,20231117,445,18,17,1,25.04177,121.58735,1
500111070,20231117,446,18,16,1,25.04177,121.58735,2
500111070,20231117,447,18,17,1,25.04177,121.58735,1
500111070,20231117,448,18,18,1,25.04177,121.58735,0
500111070,20231117,449,18,18,1,25.04177,121.58735,0
500111070,20231117,451,18,18,1,25.04177,121.58735,0
500111070,20231117,452,18,18,1,25.04177,121.58735,0
500111070,20231117,453,18,18,1,25.04177,121.58735,0
500111070,20231117,454,18,18,1,25.04177,121.58735,0
500111070,20231117,455,18,18,1,25.04177,121.58735,0
500111070,20231117,456,18,18,1,25.04177,121.58735,0
500111070,20231117,457,18,18,1,25.04177,121.58735,0
500111070,20231117,458,18,15,1,25.04177,121.58735,3
500111070,20231117,459,18,15,1,25.04177,121.58735,3
500111070,20231117,460,18,9,1,25.04177,121.58735,9
500111070,20231117,461,18,9,1,25.04177,121.58735,9
500111070,20231117,462,18,10,1,25.04177,121.58735,8
500111070,20231117,463,18,11,1,25.04177,121.58735,7
500111070,20231117,464,18,11,1,25.04177,121.58735,7
500111070,20231117,465,18,11,1,25.04177,121.58735,7
500111070,20231117,466,18,11,1,25.04177,121.58735,7
500111070,20231117,467,18,11,1,25.04177,121.58735,7
500111070,20231117,468,18,13,1,25.04177,121.58735,5
500111070,20231117,469,18,13,1,25.04177,121.58735,5
500111070,20231117,470,18,14,1,25.04177,121.58735,4
500111070,20231117,471,18,14,1,25.04177,121.58735,4
500111070,20231117,472,18,14,1,25.04177,121.58735,4
500111070,20231117,473,18,14,1,25.04177,121.58735,4
500111070,20231117,474,18,14,1,25.04177,121.58735,4
500111070,20231117,476,18,14,1,25.04177,121.58735,4
500111070,20231117,478,18,14,1,25.04177,121.58735,4
500111070,20231117,479,18,14,1,25.04177,121.58735,4
500111070,20231117,481,18,14,1,25.04177,121.58735,4
500111070,20231117,482,18,14,1,25.04177,121.58735,4
500111070,20231117,483,18,15,1,25.04177,121.58735,3
500111070,20231117,484,18,14,1,25.04177,121.58735,4
500111070,20231117,485,18,14,1,25.04177,121.58735,4
500111070,20231117,486,18,15,1,25.04177,121.58735,3
500111070,20231117,487,18,15,1,25.04177,121.58735,3
500111070,20231117,488,18,16,1,25.04177,121.58735,2
500111070,20231117,489,18,16,1,25.04177,121.58735,2
500111070,20231117,491,18,17,1,25.04177,121.58735,1
500111070,20231117,492,18,18,1,25.04177,121.58735,0
500111070,20231117,493,18,18,1,25.04177,121.58735,0
500111070,20231117,494,18,18,1,25.04177,121.58735,0
500111070,20231117,495,18,18,1,25.04177,121.58735,0
500111070,20231117,496,18,18,1,25.04177,121.58735,0
500111070,20231117,497,18,18,1,25.04177,121.58735,0
500111070,20231117,498,18,18,1,25.04177,121.58735,0
500111070,20231117,499,18,18,1,25.04177,121.58735,0
500111070,20231117,501,18,18,1,25.04177,121.58735,0
500111070,20231117,502,18,18,1,25.04177,121.58735,0
500111070,20231117,503,18,18,1,25.04177,121.58735,0
500111070,20231117,504,18,18,1,25.04177,121.58735,0
500111070,20231117,505,18,18,1,25.04177,121.58735,0
500111070,20231117,506,18,18,1,25.04177,121.58735,0
500111070,20231117,507,18,18,1,25.04177,121.58735,0
500111070,20231117,508,18,18,1,25.04177,121.58735,0
500111070,20231117,509,18,18,1,25.04177,121.58735,0
500111070,20231117,511,18,18,1,25.04177,121.58735,0
500111070,20231117,512,18,18,1,25.04177,121.58735,0
500111070,20231117,513,18,18,1,25.04177,121.58735,0
500111070,20231117,514,18,18,1,25.04177,121.58735,0
500111070,20231117,515,18,18,1,25.04177,121.58735,0
500111070,20231117,516,18,18,1,25.04177,121.58735,0
500111070,20231117,517,18,18,1,25.04177,121.58735,0
500111070,20231117,518,18,18,1,25.04177,121.58735,0
500111070,20231117,519,18,18,1,25.04177,121.58735,0
500111070,20231117,520,18,18,1,25.04177,121.58735,0
500111070,20231117,521,18,17,1,25.04177,121.58735,1
500111070,20231117,522,18,17,1,25.04177,121.58735,1
500111070,20231117,523,18,18,1,25.04177,121.58735,0
500111070,20231117,524,18,18,1,25.04177,121.58735,0
500111070,20231117,525,18,18,1,25.04177,121.58735,0
500111070,20231117,526,18,18,1,25.04177,121.58735,0
500111070,20231117,527,18,18,1,25.04177,121.58735,0
500111070,20231117,528,18,18,1,25.04177,121.58735,0
500111070,20231117,529,18,18,1,25.04177,121.58735,0
500111070,20231117,531,18,18,1,25.04177,121.58735,0
500111070,20231117,532,18,18,1,25.04177,121.58735,0
500111070,20231117,533,18,18,1,25.04177,121.58735,0
500111070,20231117,534,18,18,1,25.04177,121.58735,0
500111070,20231117,535,18,18,1,25.04177,121.58735,0
500111070,20231117,536,18,18,1,25.04177,121.58735,0
500111070,20231117,537,18,18,1,25.04177,121.58735,0
500111070,20231117,538,18,18,1,25.04177,121.58735,0
500111070,20231117,539,18,18,1,25.04177,121.58735,0
500111070,20231117,541,18,17,1,25.04177,121.58735,1
500111070,20231117,542,18,18,1,25.04177,121.58735,0
500111070,20231117,543,18,18,1,25.04177,121.58735,0
500111070,20231117,544,18,18,1,25.04177,121.58735,0
500111070,20231117,545,18,18,1,25.04177,121.58735,0
500111070,20231117,546,18,18,1,25.04177,121.58735,0
500111070,20231117,547,18,17,1,25.04177,121.58735,1
500111070,20231117,548,18,17,1,25.04177,121.58735,1
500111070,20231117,549,18,17,1,25.04177,121.58735,1
500111070,20231117,550,18,17,1,25.04177,121.58735,1
500111070,20231117,551,18,18,1,25.04177,121.58735,0
500111070,20231117,552,18,18,1,25.04177,121.58735,0
500111070,20231117,553,18,18,1,25.04177,121.58735,0
500111070,20231117,554,18,18,1,25.04177,121.58735,0
500111070,20231117,555,18,18,1,25.04177,121.58735,0
500111070,20231117,556,18,18,1,25.04177,121.58735,0
500111070,20231117,557,18,18,1,25.04177,121.58735,0
500111070,20231117,558,18,18,1,25.04177,121.58735,0
500111070,20231117,559,18,18,1,25.04177,121.58735,0
500111070,20231117,561,18,18,1,25.04177,121.58735,0
500111070,20231117,562,18,18,1,25.04177,121.58735,0
500111070,20231117,563,18,18,1,25.04177,121.58735,0
500111070,20231117,564,18,18,1,25.04177,121.58735,0
500111070,20231117,565,18,18,1,25.04177,121.58735,0
500111070,20231117,566,18,18,1,25.04177,121.58735,0
500111070,20231117,567,18,18,1,25.04177,121.58735,0
500111070,20231117,568,18,18,1,25.04177,121.58735,0
500111070,20231117,569,18,18,1,25.04177,121.58735,0
500111070,20231117,571,18,18,1,25.04177,121.58735,0
500111070,20231117,572,18,18,1,25.04177,121.58735,0
500111070,20231117,573,18,18,1,25.04177,121.58735,0
500111070,20231117,574,18,18,1,25.04177,121.58735,0
500111070,20231117,575,18,18,1,25.04177,121.58735,0
500111070,20231117,576,18,18,1,25.04177,121.58735,0
500111070,20231117,577,18,18,1,25.04177,121.58735,0
500111070,20231117,578,18,18,1,25.04177,121.58735,0
500111070,20231117,579,18,18,1,25.04177,121.58735,0
500111070,20231117,580,18,18,1,25.04177,121.58735,0
500111070,20231117,581,18,18,1,25.04177,121.58735,0
500111070,20231117,582,18,18,1,25.04177,121.58735,0
500111070,20231117,583,18,18,1,25.04177,121.58735,0
500111070,20231117,584,18,18,1,25.04177,121.58735,0
500111070,20231117,585,18,18,1,25.04177,121.58735,0
500111070,20231117,586,18,18,1,25.04177,121.58735,0
500111070,20231117,587,18,18,1,25.04177,121.58735,0
500111070,20231117,588,18,18,1,25.04177,121.58735,0
500111070,20231117,589,18,18,1,25.04177,121.58735,0
500111070,20231117,590,18,18,1,25.04177,121.58735,0
500111070,20231117,591,18,18,1,25.04177,121.58735,0
500111070,20231117,592,18,18,1,25.04177,121.58735,0
500111070,20231117,593,18,18,1,25.04177,121.58735,0
500111070,20231117,594,18,18,1,25.04177,121.58735,0
500111070,20231117,595,18,18,1,25.04177,121.58735,0
500111070,20231117,596,18,18,1,25.04177,121.58735,0
500111070,20231117,597,18,18,1,25.04177,121.58735,0
500111070,20231117,598,18,18,1,25.04177,121.58735,0
500111070,20231117,599,18,18,1,25.04177,121.58735,0
500111070,20231117,601,18,18,1,25.04177,121.58735,0
500111070,20231117,602,18,18,1,25.04177,121.58735,0
500111070,20231117,603,18,18,1,25.04177,121.58735,0
500111070,20231117,604,18,18,1,25.04177,121.58735,0
500111070,20231117,605,18,18,1,25.04177,121.58735,0
500111070,20231117,606,18,18,1,25.04177,121.58735,0
500111070,20231117,607,18,18,1,25.04177,121.58735,0
500111070,20231117,608,18,18,1,25.04177,121.58735,0
500111070,20231117,609,18,18,1,25.04177,121.58735,0
500111070,20231117,610,18,18,1,25.04177,121.58735,0
500111070,20231117,611,18,18,1,25.04177,121.58735,0
500111070,20231117,612,18,18,1,25.04177,121.58735,0
500111070,20231117,613,18,18,1,25.04177,121.58735,0
500111070,20231117,614,18,18,1,25.04177,121.58735,0
500111070,20231117,615,18,18,1,25.04177,121.58735,0
500111070,20231117,616,18,18,1,25.04177,121.58735,0
500111070,20231117,617,18,18,1,25.04177,121.58735,0
500111070,20231117,618,18,18,1,25.04177,121.58735,0
500111070,20231117,619,18,18,1,25.04177,121.58735,0
500111070,20231117,621,18,18,1,25.04177,121.58735,0
500111070,20231117,622,18,18,1,25.04177,121.58735,0
500111070,20231117,623,18,18,1,25.04177,121.58735,0
500111070,20231117,624,18,18,1,25.04177,121.58735,0
500111070,20231117,625,18,18,1,25.04177,121.58735,0
500111070,20231117,626,18,18,1,25.04177,121.58735,0
500111070,20231117,627,18,18,1,25.04177,121.58735,0
500111070,20231117,628,18,18,1,25.04177,121.58735,0
500111070,20231117,629,18,18,1,25.04177,121.58735,0
500111070,20231117,631,18,18,1,25.04177,121.58735,0
500111070,20231117,632,18,18,1,25.04177,121.58735,0
500111070,20231117,633,18,18,1,25.04177,121.58735,0
500111070,20231117,634,18,18,1,25.04177,121.58735,0
500111070,20231117,635,18,18,1,25.04177,121.58735,0
500111070,20231117,636,18,18,1,25.04177,121.58735,0
500111070,20231117,637,18,18,1,25.04177,121.58735,0
500111070,20231117,638,18,18,1,25.04177,121.58735,0
500111070,20231117,639,18,18,1,25.04177,121.58735,0
500111070,20231117,640,18,18,1,25.04177,121.58735,0
500111070,20231117,641,18,18,1,25.04177,121.58735,0
500111070,20231117,642,18,18,1,25.04177,121.58735,0
500111070,20231117,643,18,18,1,25.04177,121.58735,0
500111070,20231117,644,18,18,1,25.04177,121.58735,0
500111070,20231117,645,18,17,1,25.04177,121.58735,1
500111070,20231117,646,18,17,1,25.04177,121.58735,1
500111070,20231117,647,18,17,1,25.04177,121.58735,1
500111070,20231117,648,18,16,1,25.04177,121.58735,2
500111070,20231117,649,18,16,1,25.04177,121.58735,2
500111070,20231117,650,18,16,1,25.04177,121.58735,2
500111070,20231117,651,18,15,1,25.04177,121.58735,3
500111070,20231117,652,18,15,1,25.04177,121.58735,3
500111070,20231117,653,18,15,1,25.04177,121.58735,3
500111070,20231117,654,18,15,1,25.04177,121.58735,3
500111070,20231117,655,18,15,1,25.04177,121.58735,3
500111070,20231117,656,18,15,1,25.04177,121.58735,3
500111070,20231117,657,18,15,1,25.04177,121.58735,3
500111070,20231117,658,18,15,1,25.04177,121.58735,3
500111070,20231117,659,18,14,1,25.04177,121.58735,4
500111070,20231117,661,18,13,1,25.04177,121.58735,5
500111070,20231117,662,18,13,1,25.04177,121.58735,5
500111070,20231117,663,18,13,1,25.04177,121.58735,5
500111070,20231117,664,18,14,1,25.04177,121.58735,4
500111070,20231117,665,18,14,1,25.04177,121.58735,4
500111070,20231117,666,18,14,1,25.04177,121.58735,4
500111070,20231117,667,18,14,1,25.04177,121.58735,4
500111070,20231117,668,18,14,1,25.04177,121.58735,4
500111070,20231117,669,18,14,1,25.04177,121.58735,4
500111070,20231117,670,18,15,1,25.04177,121.58735,3
500111070,20231117,671,18,15,1,25.04177,121.58735,3
500111070,20231117,672,18,15,1,25.04177,121.58735,3
500111070,20231117,673,18,16,1,25.04177,121.58735,2
500111070,20231117,674,18,16,1,25.04177,121.58735,2
500111070,20231117,675,18,16,1,25.04177,121.58735,2
500111070,20231117,676,18,15,1,25.04177,121.58735,3
500111070,20231117,677,18,15,1,25.04177,121.58735,3
500111070,20231117,678,18,15,1,25.04177,121.58735,3
500111070,20231117,679,18,15,1,25.04177,121.58735,3
500111070,20231117,681,18,16,1,25.04177,121.58735,2
500111070,20231117,682,18,16,1,25.04177,121.58735,2
500111070,20231117,683,18,16,1,25.04177,121.58735,2
500111070,20231117,684,18,16,1,25.04177,121.58735,2
500111070,20231117,685,18,16,1,25.04177,121.58735,2
500111070,20231117,686,18,16,1,25.04177,121.58735,2
500111070,20231117,687,18,17,1,25.04177,121.58735,1
500111070,20231117,688,18,18,1,25.04177,121.58735,0
500111070,20231117,689,18,18,1,25.04177,121.58735,0
500111070,20231117,691,18,18,1,25.04177,121.58735,0
500111070,20231117,692,18,18,1,25.04177,121.58735,0
500111070,20231117,693,18,18,1,25.04177,121.58735,0
500111070,20231117,694,18,18,1,25.04177,121.58735,0
500111070,20231117,695,18,18,1,25.04177,121.58735,0
500111070,20231117,696,18,18,1,25.04177,121.58735,0
500111070,20231117,697,18,18,1,25.04177,121.58735,0
500111070,20231117,698,18,18,1,25.04177,121.58735,0
500111070,20231117,699,18,18,1,25.04177,121.58735,0
500111070,20231117,700,18,18,1,25.04177,121.58735,0
500111070,20231117,701,18,18,1,25.04177,121.58735,0
500111070,20231117,702,18,18,1,25.04177,121.58735,0
500111070,20231117,703,18,18,1,25.04177,121.58735,0
500111070,20231117,704,18,18,1,25.04177,121.58735,0
500111070,20231117,705,18,18,1,25.04177,121.58735,0
500111070,20231117,706,18,18,1,25.04177,121.58735,0
500111070,20231117,707,18,18,1,25.04177,121.58735,0
500111070,20231117,708,18,18,1,25.04177,121.58735,0
500111070,20231117,709,18,18,1,25.04177,121.58735,0
500111070,20231117,710,18,18,1,25.04177,121.58735,0
500111070,20231117,712,18,18,1,25.04177,121.58735,0
500111070,20231117,713,18,18,1,25.04177,121.58735,0
500111070,20231117,714,18,18,1,25.04177,121.58735,0
500111070,20231117,715,18,18,1,25.04177,121.58735,0
500111070,20231117,716,18,18,1,25.04177,121.58735,0
500111070,20231117,717,18,18,1,25.04177,121.58735,0
500111070,20231117,718,18,18,1,25.04177,121.58735,0
500111070,20231117,719,18,18,1,25.04177,121.58735,0
500111070,20231117,721,18,18,1,25.04177,121.58735,0
500111070,20231117,722,18,18,1,25.04177,121.58735,0
500111070,20231117,723,18,18,1,25.04177,121.58735,0
500111070,20231117,724,18,18,1,25.04177,121.58735,0
500111070,20231117,725,18,18,1,25.04177,121.58735,0
500111070,20231117,726,18,18,1,25.04177,121.58735,0
500111070,20231117,727,18,18,1,25.04177,121.58735,0
500111070,20231117,728,18,18,1,25.04177,121.58735,0
500111070,20231117,729,18,18,1,25.04177,121.58735,0
500111070,20231117,731,18,18,1,25.04177,121.58735,0
500111070,20231117,732,18,18,1,25.04177,121.58735,0
500111070,20231117,733,18,18,1,25.04177,121.58735,0
500111070,20231117,734,18,18,1,25.04177,121.58735,0
500111070,20231117,735,18,18,1,25.04177,121.58735,0
500111070,20231117,736,18,18,1,25.04177,121.58735,0
500111070,20231117,737,18,18,1,25.04177,121.58735,0
500111070,20231117,738,18,18,1,25.04177,121.58735,0
500111070,20231117,739,18,18,1,25.04177,121.58735,0
500111070,20231117,741,18,18,1,25.04177,121.58735,0
500111070,20231117,742,18,18,1,25.04177,121.58735,0
500111070,20231117,743,18,18,1,25.04177,121.58735,0
500111070,20231117,744,18,18,1,25.04177,121.58735,0
500111070,20231117,745,18,18,1,25.04177,121.58735,0
500111070,20231117,746,18,18,1,25.04177,121.58735,0
500111070,20231117,747,18,18,1,25.04177,121.58735,0
500111070,20231117,748,18,18,1,25.04177,121.58735,0
500111070,20231117,749,18,18,1,25.04177,121.58735,0
500111070,20231117,751,18,18,1,25.04177,121.58735,0
500111070,20231117,752,18,18,1,25.04177,121.58735,0
500111070,20231117,753,18,18,1,25.04177,121.58735,0
500111070,20231117,754,18,18,1,25.04177,121.58735,0
500111070,20231117,755,18,18,1,25.04177,121.58735,0
500111070,20231117,756,18,18,1,25.04177,121.58735,0
500111070,20231117,757,18,18,1,25.04177,121.58735,0
500111070,20231117,758,18,18,1,25.04177,121.58735,0
500111070,20231117,759,18,18,1,25.04177,121.58735,0
500111070,20231117,761,18,18,1,25.04177,121.58735,0
500111070,20231117,762,18,18,1,25.04177,121.58735,0
500111070,20231117,763,18,18,1,25.04177,121.58735,0
500111070,20231117,764,18,18,1,25.04177,121.58735,0
500111070,20231117,765,18,18,1,25.04177,121.58735,0
500111070,20231117,766,18,18,1,25.04177,121.58735,0
500111070,20231117,767,18,18,1,25.04177,121.58735,0
500111070,20231117,768,18,18,1,25.04177,121.58735,0
500111070,20231117,769,18,18,1,25.04177,121.58735,0
500111070,20231117,770,18,18,1,25.04177,121.58735,0
500111070,20231117,771,18,18,1,25.04177,121.58735,0
500111070,20231117,772,18,18,1,25.04177,121.58735,0
500111070,20231117,773,18,18,1,25.04177,121.58735,0
500111070,20231117,774,18,17,1,25.04177,121.58735,1
500111070,20231117,775,18,17,1,25.04177,121.58735,1
500111070,20231117,776,18,18,1,25.04177,121.58735,0
500111070,20231117,777,18,18,1,25.04177,121.58735,0
500111070,20231117,778,18,18,1,25.04177,121.58735,0
500111070,20231117,779,18,18,1,25.04177,121.58735,0
500111070,20231117,781,18,18,1,25.04177,121.58735,0
500111070,20231117,782,18,18,1,25.04177,121.58735,0
500111070,20231117,783,18,18,1,25.04177,121.58735,0
500111070,20231117,784,18,18,1,25.04177,121.58735,0
500111070,20231117,785,18,18,1,25.04177,121.58735,0
500111070,20231117,786,18,18,1,25.04177,121.58735,0
500111070,20231117,787,18,18,1,25.04177,121.58735,0
500111070,20231117,788,18,18,1,25.04177,121.58735,0
500111070,20231117,789,18,18,1,25.04177,121.58735,0
500111070,20231117,790,18,18,1,25.04177,121.58735,0
500111070,20231117,791,18,18,1,25.04177,121.58735,0
500111070,20231117,792,18,18,1,25.04177,121.58735,0
500111070,20231117,793,18,18,1,25.04177,121.58735,0
500111070,20231117,794,18,18,1,25.04177,121.58735,0
500111070,20231117,795,18,18,1,25.04177,121.58735,0
500111070,20231117,796,18,18,1,25.04177,121.58735,0
500111070,20231117,797,18,18,1,25.04177,121.58735,0
500111070,20231117,798,18,18,1,25.04177,121.58735,0
500111070,20231117,799,18,18,1,25.04177,121.58735,0
500111070,20231117,801,18,18,1,25.04177,121.58735,0
500111070,20231117,802,18,18,1,25.04177,121.58735,0
500111070,20231117,803,18,18,1,25.04177,121.58735,0
500111070,20231117,804,18,18,1,25.04177,121.58735,0
500111070,20231117,805,18,18,1,25.04177,121.58735,0
500111070,20231117,806,18,18,1,25.04177,121.58735,0
500111070,20231117,807,18,18,1,25.04177,121.58735,0
500111070,20231117,808,18,18,1,25.04177,121.58735,0
500111070,20231117,809,18,18,1,25.04177,121.58735,0
500111070,20231117,810,18,18,1,25.04177,121.58735,0
500111070,20231117,811,18,18,1,25.04177,121.58735,0
500111070,20231117,812,18,18,1,25.04177,121.58735,0
500111070,20231117,813,18,18,1,25.04177,121.58735,0
500111070,20231117,814,18,18,1,25.04177,121.58735,0
500111070,20231117,815,18,18,1,25.04177,121.58735,0
500111070,20231117,816,18,18,1,25.04177,121.58735,0
500111070,20231117,817,18,18,1,25.04177,121.58735,0
500111070,20231117,818,18,18,1,25.04177,121.58735,0
500111070,20231117,819,18,18,1,25.04177,121.58735,0
500111070,20231117,820,18,18,1,25.04177,121.58735,0
500111070,20231117,821,18,18,1,25.04177,121.58735,0
500111070,20231117,822,18,18,1,25.04177,121.58735,0
500111070,20231117,823,18,18,1,25.04177,121.58735,0
500111070,20231117,824,18,18,1,25.04177,121.58735,0
500111070,20231117,825,18,18,1,25.04177,121.58735,0
500111070,20231117,826,18,18,1,25.04177,121.58735,0
500111070,20231117,827,18,18,1,25.04177,121.58735,0
500111070,20231117,828,18,18,1,25.04177,121.58735,0
500111070,20231117,829,18,18,1,25.04177,121.58735,0
500111070,20231117,830,18,18,1,25.04177,121.58735,0
500111070,20231117,831,18,18,1,25.04177,121.58735,0
500111070,20231117,832,18,18,1,25.04177,121.58735,0
500111070,20231117,833,18,18,1,25.04177,121.58735,0
500111070,20231117,834,18,18,1,25.04177,121.58735,0
500111070,20231117,835,18,18,1,25.04177,121.58735,0
500111070,20231117,836,18,18,1,25.04177,121.58735,0
500111070,20231117,837,18,18,1,25.04177,121.58735,0
500111070,20231117,838,18,18,1,25.04177,121.58735,0
500111070,20231117,839,18,18,1,25.04177,121.58735,0
500111070,20231117,841,18,18,1,25.04177,121.58735,0
500111070,20231117,842,18,18,1,25.04177,121.58735,0
500111070,20231117,843,18,18,1,25.04177,121.58735,0
500111070,20231117,844,18,18,1,25.04177,121.58735,0
500111070,20231117,845,18,18,1,25.04177,121.58735,0
500111070,20231117,846,18,18,1,25.04177,121.58735,0
500111070,20231117,847,18,18,1,25.04177,121.58735,0
500111070,20231117,848,18,18,1,25.04177,121.58735,0
500111070,20231117,849,18,18,1,25.04177,121.58735,0
500111070,20231117,850,18,18,1,25.04177,121.58735,0
500111070,20231117,851,18,18,1,25.04177,121.58735,0
500111070,20231117,852,18,18,1,25.04177,121.58735,0
500111070,20231117,853,18,18,1,25.04177,121.58735,0
500111070,20231117,854,18,18,1,25.04177,121.58735,0
500111070,20231117,855,18,18,1,25.04177,121.58735,0
500111070,20231117,856,18,18,1,25.04177,121.58735,0
500111070,20231117,857,18,18,1,25.04177,121.58735,0
500111070,20231117,858,18,18,1,25.04177,121.58735,0
500111070,20231117,859,18,18,1,25.04177,121.58735,0
500111070,20231117,861,18,18,1,25.04177,121.58735,0
500111070,20231117,862,18,18,1,25.04177,121.58735,0
500111070,20231117,863,18,18,1,25.04177,121.58735,0
500111070,20231117,864,18,18,1,25.04177,121.58735,0
500111070,20231117,865,18,18,1,25.04177,121.58735,0
500111070,20231117,866,18,18,1,25.04177,121.58735,0
500111070,20231117,867,18,18,1,25.04177,121.58735,0
500111070,20231117,868,18,18,1,25.04177,121.58735,0
500111070,20231117,869,18,18,1,25.04177,121.58735,0
500111070,20231117,871,18,18,1,25.04177,121.58735,0
500111070,20231117,872,18,18,1,25.04177,121.58735,0
500111070,20231117,873,18,18,1,25.04177,121.58735,0
500111070,20231117,874,18,18,1,25.04177,121.58735,0
500111070,20231117,875,18,18,1,25.04177,121.58735,0
500111070,20231117,876,18,18,1,25.04177,121.58735,0
500111070,20231117,877,18,18,1,25.04177,121.58735,0
500111070,20231117,878,18,18,1,25.04177,121.58735,0
500111070,20231117,879,18,18,1,25.04177,121.58735,0
500111070,20231117,880,18,18,1,25.04177,121.58735,0
500111070,20231117,881,18,18,1,25.04177,121.58735,0
500111070,20231117,882,18,18,1,25.04177,121.58735,0
500111070,20231117,883,18,18,1,25.04177,121.58735,0
500111070,20231117,884,18,18,1,25.04177,121.58735,0
500111070,20231117,885,18,18,1,25.04177,121.58735,0
500111070,20231117,886,18,18,1,25.04177,121.58735,0
500111070,20231117,887,18,18,1,25.04177,121.58735,0
500111070,20231117,888,18,18,1,25.04177,121.58735,0
500111070,20231117,889,18,18,1,25.04177,121.58735,0
500111070,20231117,890,18,18,1,25.04177,121.58735,0
500111070,20231117,891,18,18,1,25.04177,121.58735,0
500111070,20231117,892,18,18,1,25.04177,121.58735,0
500111070,20231117,893,18,18,1,25.04177,121.58735,0
500111070,20231117,894,18,17,1,25.04177,121.58735,1
500111070,20231117,895,18,17,1,25.04177,121.58735,1
500111070,20231117,896,18,17,1,25.04177,121.58735,1
500111070,20231117,897,18,17,1,25.04177,121.58735,1
500111070,20231117,898,18,17,1,25.04177,121.58735,1
500111070,20231117,899,18,17,1,25.04177,121.58735,1
500111070,20231117,901,18,17,1,25.04177,121.58735,1
500111070,20231117,902,18,17,1,25.04177,121.58735,1
500111070,20231117,903,18,17,1,25.04177,121.58735,1
500111070,20231117,904,18,17,1,25.04177,121.58735,1
500111070,20231117,905,18,17,1,25.04177,121.58735,1
500111070,20231117,906,18,16,1,25.04177,121.58735,2
500111070,20231117,907,18,16,1,25.04177,121.58735,2
500111070,20231117,908,18,16,1,25.04177,121.58735,2
500111070,20231117,909,18,16,1,25.04177,121.58735,2
500111070,20231117,910,18,16,1,25.04177,121.58735,2
500111070,20231117,911,18,16,1,25.04177,121.58735,2
500111070,20231117,912,18,16,1,25.04177,121.58735,2
500111070,20231117,913,18,16,1,25.04177,121.58735,2
500111070,20231117,914,18,16,1,25.04177,121.58735,2
500111070,20231117,915,18,16,1,25.04177,121.58735,2
500111070,20231117,916,18,16,1,25.04177,121.58735,2
500111070,20231117,917,18,16,1,25.04177,121.58735,2
500111070,20231117,918,18,16,1,25.04177,121.58735,2
500111070,20231117,919,18,16,1,25.04177,121.58735,2
500111070,20231117,921,18,15,1,25.04177,121.58735,3
500111070,20231117,922,18,15,1,25.04177,121.58735,3
500111070,20231117,923,18,15,1,25.04177,121.58735,3
500111070,20231117,924,18,15,1,25.04177,121.58735,3
500111070,20231117,926,18,15,1,25.04177,121.58735,3
500111070,20231117,927,18,15,1,25.04177,121.58735,3
500111070,20231117,928,18,15,1,25.04177,121.58735,3
500111070,20231117,929,18,15,1,25.04177,121.58735,3
500111070,20231117,931,18,15,1,25.04177,121.58735,3
500111070,20231117,932,18,15,1,25.04177,121.58735,3
500111070,20231117,933,18,16,1,25.04177,121.58735,2
500111070,20231117,934,18,16,1,25.04177,121.58735,2
500111070,20231117,935,18,16,1,25.04177,121.58735,2
500111070,20231117,936,18,16,1,25.04177,121.58735,2
500111070,20231117,937,18,16,1,25.04177,121.58735,2
500111070,20231117,938,18,16,1,25.04177,121.58735,2
500111070,20231117,939,18,16,1,25.04177,121.58735,2
500111070,20231117,941,18,16,1,25.04177,121.58735,2
500111070,20231117,942,18,16,1,25.04177,121.58735,2
500111070,20231117,943,18,16,1,25.04177,121.58735,2
500111070,20231117,944,18,16,1,25.04177,121.58735,2
500111070,20231117,945,18,16,1,25.04177,121.58735,2
500111070,20231117,946,18,16,1,25.04177,121.58735,2
500111070,20231117,947,18,15,1,25.04177,121.58735,3
500111070,20231117,948,18,16,1,25.04177,121.58735,2
500111070,20231117,949,18,16,1,25.04177,121.58735,2
500111070,20231117,951,18,16,1,25.04177,121.58735,2
500111070,20231117,952,18,16,1,25.04177,121.58735,2
500111070,20231117,953,18,16,1,25.04177,121.58735,2
500111070,20231117,954,18,16,1,25.04177,121.58735,2
500111070,20231117,955,18,16,1,25.04177,121.58735,2
500111070,20231117,956,18,16,1,25.04177,121.58735,2
500111070,20231117,957,18,16,1,25.04177,121.58735,2
500111070,20231117,958,18,16,1,25.04177,121.58735,2
500111070,20231117,959,18,17,1,25.04177,121.58735,1
500111070,20231117,961,18,17,1,25.04177,121.58735,1
500111070,20231117,962,18,17,1,25.04177,121.58735,1
500111070,20231117,963,18,17,1,25.04177,121.58735,1
500111070,20231117,964,18,18,1,25.04177,121.58735,0
500111070,20231117,965,18,18,1,25.04177,121.58735,0
500111070,20231117,966,18,17,1,25.04177,121.58735,1
500111070,20231117,967,18,17,1,25.04177,121.58735,1
500111070,20231117,968,18,17,1,25.04177,121.58735,1
500111070,20231117,969,18,17,1,25.04177,121.58735,1
500111070,20231117,971,18,17,1,25.04177,121.58735,1
500111070,20231117,972,18,17,1,25.04177,121.58735,1
500111070,20231117,973,18,17,1,25.04177,121.58735,1
500111070,20231117,974,18,16,1,25.04177,121.58735,2
500111070,20231117,975,18,16,1,25.04177,121.58735,2
500111070,20231117,976,18,16,1,25.04177,121.58735,2
500111070,20231117,977,18,16,1,25.04177,121.58735,2
500111070,20231117,978,18,16,1,25.04177,121.58735,2
500111070,20231117,979,18,16,1,25.04177,121.58735,2
500111070,20231117,981,18,16,1,25.04177,121.58735,2
500111070,20231117,982,18,16,1,25.04177,121.58735,2
500111070,20231117,983,18,16,1,25.04177,121.58735,2
500111070,20231117,984,18,16,1,25.04177,121.58735,2
500111070,20231117,985,18,16,1,25.04177,121.58735,2
500111070,20231117,986,18,16,1,25.04177,121.58735,2
500111070,20231117,987,18,16,1,25.04177,121.58735,2
500111070,20231117,988,18,16,1,25.04177,121.58735,2
500111070,20231117,989,18,16,1,25.04177,121.58735,2
500111070,20231117,991,18,16,1,25.04177,121.58735,2
500111070,20231117,992,18,15,1,25.04177,121.58735,3
500111070,20231117,993,18,15,1,25.04177,121.58735,3
500111070,20231117,994,18,16,1,25.04177,121.58735,2
500111070,20231117,995,18,15,1,25.04177,121.58735,3
500111070,20231117,996,18,15,1,25.04177,121.58735,3
500111070,20231117,997,18,15,1,25.04177,121.58735,3
500111070,20231117,998,18,14,1,25.04177,121.58735,4
500111070,20231117,999,18,14,1,25.04177,121.58735,4
500111070,20231117,1001,18,14,1,25.04177,121.58735,4
500111070,20231117,1002,18,14,1,25.04177,121.58735,4
500111070,20231117,1003,18,13,1,25.04177,121.58735,5
500111070,20231117,1004,18,13,1,25.04177,121.58735,5
500111070,20231117,1005,18,14,1,25.04177,121.58735,4
500111070,20231117,1006,18,14,1,25.04177,121.58735,4
500111070,20231117,1007,18,14,1,25.04177,121.58735,4
500111070,20231117,1008,18,14,1,25.04177,121.58735,4
500111070,20231117,1009,18,17,1,25.04177,121.58735,1
500111070,20231117,1011,18,13,1,25.04177,121.58735,5
500111070,20231117,1012,18,13,1,25.04177,121.58735,5
500111070,20231117,1013,18,13,1,25.04177,121.58735,5
500111070,20231117,1014,18,12,1,25.04177,121.58735,6
500111070,20231117,1015,18,12,1,25.04177,121.58735,6
500111070,20231117,1016,18,12,1,25.04177,121.58735,6
500111070,20231117,1017,18,12,1,25.04177,121.58735,6
500111070,20231117,1018,18,12,1,25.04177,121.58735,6
500111070,20231117,1019,18,12,1,25.04177,121.58735,6
500111070,20231117,1021,18,12,1,25.04177,121.58735,6
500111070,20231117,1022,18,12,1,25.04177,121.58735,6
500111070,20231117,1023,18,12,1,25.04177,121.58735,6
500111070,20231117,1024,18,12,1,25.04177,121.58735,6
500111070,20231117,1025,18,12,1,25.04177,121.58735,6
500111070,20231117,1026,18,12,1,25.04177,121.58735,6
500111070,20231117,1027,18,12,1,25.04177,121.58735,6
500111070,20231117,1028,18,13,1,25.04177,121.58735,5
500111070,20231117,1029,18,13,1,25.04177,121.58735,5
500111070,20231117,1031,18,13,1,25.04177,121.58735,5
500111070,20231117,1032,18,14,1,25.04177,121.58735,4
500111070,20231117,1033,18,15,1,25.04177,121.58735,3
500111070,20231117,1034,18,15,1,25.04177,121.58735,3
500111070,20231117,1035,18,15,1,25.04177,121.58735,3
500111070,20231117,1036,18,15,1,25.04177,121.58735,3
500111070,20231117,1037,18,15,1,25.04177,121.58735,3
500111070,20231117,1038,18,16,1,25.04177,121.58735,2
500111070,20231117,1039,18,16,1,25.04177,121.58735,2
500111070,20231117,1041,18,16,1,25.04177,121.58735,2
500111070,20231117,1042,18,14,1,25.04177,121.58735,4
500111070,20231117,1043,18,14,1,25.04177,121.58735,4
500111070,20231117,1044,18,14,1,25.04177,121.58735,4
500111070,20231117,1045,18,14,1,25.04177,121.58735,4
500111070,20231117,1046,18,15,1,25.04177,121.58735,3
500111070,20231117,1047,18,15,1,25.04177,121.58735,3
500111070,20231117,1048,18,15,1,25.04177,121.58735,3
500111070,20231117,1049,18,15,1,25.04177,121.58735,3
500111070,20231117,1051,18,15,1,25.04177,121.58735,3
500111070,20231117,1052,18,15,1,25.04177,121.58735,3
500111070,20231117,1053,18,15,1,25.04177,121.58735,3
500111070,20231117,1054,18,16,1,25.04177,121.58735,2
500111070,20231117,1055,18,16,1,25.04177,121.58735,2
500111070,20231117,1056,18,17,1,25.04177,121.58735,1
500111070,20231117,1057,18,16,1,25.04177,121.58735,2
500111070,20231117,1058,18,16,1,25.04177,121.58735,2
500111070,20231117,1059,18,16,1,25.04177,121.58735,2
500111070,20231117,1060,18,15,1,25.04177,121.58735,3
500111070,20231117,1061,18,15,1,25.04177,121.58735,3
500111070,20231117,1062,18,15,1,25.04177,121.58735,3
500111070,20231117,1063,18,15,1,25.04177,121.58735,3
500111070,20231117,1064,18,13,1,25.04177,121.58735,5
500111070,20231117,1065,18,12,1,25.04177,121.58735,6
500111070,20231117,1066,18,11,1,25.04177,121.58735,7
500111070,20231117,1067,18,11,1,25.04177,121.58735,7
500111070,20231117,1068,18,11,1,25.04177,121.58735,7
500111070,20231117,1069,18,12,1,25.04177,121.58735,6
500111070,20231117,1070,18,12,1,25.04177,121.58735,6
500111070,20231117,1071,18,12,1,25.04177,121.58735,6
500111070,20231117,1072,18,12,1,25.04177,121.58735,6
500111070,20231117,1073,18,13,1,25.04177,121.58735,5
500111070,20231117,1074,18,13,1,25.04177,121.58735,5
500111070,20231117,1075,18,13,1,25.04177,121.58735,5
500111070,20231117,1076,18,14,1,25.04177,121.58735,4
500111070,20231117,1077,18,14,1,25.04177,121.58735,4
500111070,20231117,1078,18,14,1,25.04177,121.58735,4
500111070,20231117,1079,18,13,1,25.04177,121.58735,5
500111070,20231117,1081,18,13,1,25.04177,121.58735,5
500111070,20231117,1082,18,14,1,25.04177,121.58735,4
500111070,20231117,1083,18,13,1,25.04177,121.58735,5
500111070,20231117,1084,18,13,1,25.04177,121.58735,5
500111070,20231117,1085,18,13,1,25.04177,121.58735,5
500111070,20231117,1086,18,13,1,25.04177,121.58735,5
500111070,20231117,1087,18,14,1,25.04177,121.58735,4
500111070,20231117,1088,18,14,1,25.04177,121.58735,4
500111070,20231117,1089,18,15,1,25.04177,121.58735,3
500111070,20231117,1090,18,15,1,25.04177,121.58735,3
500111070,20231117,1091,18,15,1,25.04177,121.58735,3
500111070,20231117,1092,18,15,1,25.04177,121.58735,3
500111070,20231117,1093,18,15,1,25.04177,121.58735,3
500111070,20231117,1094,18,15,1,25.04177,121.58735,3
500111070,20231117,1095,18,15,1,25.04177,121.58735,3
500111070,20231117,1096,18,16,1,25.04177,121.58735,2
500111070,20231117,1097,18,16,1,25.04177,121.58735,2
500111070,20231117,1098,18,14,1,25.04177,121.58735,4
500111070,20231117,1099,18,14,1,25.04177,121.58735,4
500111070,20231117,1101,18,13,1,25.04177,121.58735,5
500111070,20231117,1102,18,13,1,25.04177,121.58735,5
500111070,20231117,1103,18,12,1,25.04177,121.58735,6
500111070,20231117,1104,18,12,1,25.04177,121.58735,6
500111070,20231117,1105,18,10,1,25.04177,121.58735,8
500111070,20231117,1106,18,10,1,25.04177,121.58735,8
500111070,20231117,1107,18,10,1,25.04177,121.58735,8
500111070,20231117,1108,18,11,1,25.04177,121.58735,7
500111070,20231117,1109,18,11,1,25.04177,121.58735,7
500111070,20231117,1111,18,10,1,25.04177,121.58735,8
500111070,20231117,1112,18,9,1,25.04177,121.58735,9
500111070,20231117,1113,18,8,1,25.04177,121.58735,10
500111070,20231117,1114,18,8,1,25.04177,121.58735,10
500111070,20231117,1115,18,7,1,25.04177,121.58735,11
500111070,20231117,1116,18,7,1,25.04177,121.58735,11
500111070,20231117,1117,18,7,1,25.04177,121.58735,11
500111070,20231117,1118,18,7,1,25.04177,121.58735,11
500111070,20231117,1119,18,7,1,25.04177,121.58735,11
500111070,20231117,1120,18,7,1,25.04177,121.58735,11
500111070,20231117,1121,18,7,1,25.04177,121.58735,11
500111070,20231117,1122,18,7,1,25.04177,121.58735,11
500111070,20231117,1123,18,7,1,25.04177,121.58735,11
500111070,20231117,1124,18,7,1,25.04177,121.58735,11
500111070,20231117,1125,18,7,1,25.04177,121.58735,11
500111070,20231117,1126,18,6,1,25.04177,121.58735,12
500111070,20231117,1127,18,6,1,25.04177,121.58735,12
500111070,20231117,1128,18,6,1,25.04177,121.58735,12
500111070,20231117,1129,18,6,1,25.04177,121.58735,12
500111070,20231117,1130,18,6,1,25.04177,121.58735,12
500111070,20231117,1131,18,6,1,25.04177,121.58735,12
500111070,20231117,1132,18,5,1,25.04177,121.58735,13
500111070,20231117,1133,18,5,1,25.04177,121.58735,13
500111070,20231117,1134,18,5,1,25.04177,121.58735,13
500111070,20231117,1135,18,5,1,25.04177,121.58735,13
500111070,20231117,1136,18,5,1,25.04177,121.58735,13
500111070,20231117,1137,18,5,1,25.04177,121.58735,13
500111070,20231117,1138,18,5,1,25.04177,121.58735,13
500111070,20231117,1139,18,5,1,25.04177,121.58735,13
500111070,20231117,1141,18,5,1,25.04177,121.58735,13
500111070,20231117,1142,18,5,1,25.04177,121.58735,13
500111070,20231117,1143,18,6,1,25.04177,121.58735,12
500111070,20231117,1144,18,6,1,25.04177,121.58735,12
500111070,20231117,1145,18,6,1,25.04177,121.58735,12
500111070,20231117,1146,18,6,1,25.04177,121.58735,12
500111070,20231117,1147,18,6,1,25.04177,121.58735,12
500111070,20231117,1148,18,6,1,25.04177,121.58735,12
500111070,20231117,1149,18,5,1,25.04177,121.58735,13
500111070,20231117,1150,18,5,1,25.04177,121.58735,13
500111070,20231117,1151,18,5,1,25.04177,121.58735,13
500111070,20231117,1152,18,4,1,25.04177,121.58735,14
500111070,20231117,1153,18,4,1,25.04177,121.58735,14
500111070,20231117,1154,18,4,1,25.04177,121.58735,14
500111070,20231117,1155,18,4,1,25.04177,121.58735,14
500111070,20231117,1156,18,4,1,25.04177,121.58735,14
500111070,20231117,1157,18,4,1,25.04177,121.58735,14
500111070,20231117,1158,18,3,1,25.04177,121.58735,15
500111070,20231117,1159,18,3,1,25.04177,121.58735,15
500111070,20231117,1161,18,3,1,25.04177,121.58735,15
500111070,20231117,1162,18,3,1,25.04177,121.58735,15
500111070,20231117,1163,18,3,1,25.04177,121.58735,15
500111070,20231117,1164,18,4,1,25.04177,121.58735,14
500111070,20231117,1165,18,4,1,25.04177,121.58735,14
500111070,20231117,1166,18,6,1,25.04177,121.58735,12
500111070,20231117,1167,18,8,1,25.04177,121.58735,10
500111070,20231117,1168,18,8,1,25.04177,121.58735,10
500111070,20231117,1169,18,8,1,25.04177,121.58735,10
500111070,20231117,1171,18,14,1,25.04177,121.58735,4
500111070,20231117,1172,18,14,1,25.04177,121.58735,4
500111070,20231117,1173,18,16,1,25.04177,121.58735,2
500111070,20231117,1174,18,16,1,25.04177,121.58735,2
500111070,20231117,1175,18,16,1,25.04177,121.58735,2
500111070,20231117,1176,18,15,1,25.04177,121.58735,3
500111070,20231117,1177,18,15,1,25.04177,121.58735,3
500111070,20231117,1178,18,14,1,25.04177,121.58735,4
500111070,20231117,1179,18,14,1,25.04177,121.58735,4
500111070,20231117,1180,18,14,1,25.04177,121.58735,4
500111070,20231117,1181,18,14,1,25.04177,121.58735,4
500111070,20231117,1182,18,14,1,25.04177,121.58735,4
500111070,20231117,1183,18,14,1,25.04177,121.58735,4
500111070,20231117,1184,18,14,1,25.04177,121.58735,4
500111070,20231117,1185,18,14,1,25.04177,121.58735,4
500111070,20231117,1186,18,14,1,25.04177,121.58735,4
500111070,20231117,1188,18,15,1,25.04177,121.58735,3
500111070,20231117,1189,18,14,1,25.04177,121.58735,4
500111070,20231117,1191,18,14,1,25.04177,121.58735,4
500111070,20231117,1192,18,14,1,25.04177,121.58735,4
500111070,20231117,1193,18,14,1,25.04177,121.58735,4
500111070,20231117,1194,18,14,1,25.04177,121.58735,4
500111070,20231117,1195,18,14,1,25.04177,121.58735,4
500111070,20231117,1196,18,14,1,25.04177,121.58735,4
500111070,20231117,1197,18,15,1,25.04177,121.58735,3
500111070,20231117,1198,18,15,1,25.04177,121.58735,3
500111070,20231117,1199,18,15,1,25.04177,121.58735,3
500111070,20231117,1201,18,15,1,25.04177,121.58735,3
500111070,20231117,1202,18,16,1,25.04177,121.58735,2
500111070,20231117,1203,18,16,1,25.04177,121.58735,2
500111070,20231117,1204,18,16,1,25.04177,121.58735,2
500111070,20231117,1205,18,16,1,25.04177,121.58735,2
500111070,20231117,1206,18,16,1,25.04177,121.58735,2
500111070,20231117,1207,18,16,1,25.04177,121.58735,2
500111070,20231117,1208,18,17,1,25.04177,121.58735,1
500111070,20231117,1209,18,17,1,25.04177,121.58735,1
500111070,20231117,1211,18,16,1,25.04177,121.58735,2
500111070,20231117,1212,18,16,1,25.04177,121.58735,2
500111070,20231117,1213,18,15,1,25.04177,121.58735,3
500111070,20231117,1214,18,15,1,25.04177,121.58735,3
500111070,20231117,1215,18,15,1,25.04177,121.58735,3
500111070,20231117,1216,18,15,1,25.04177,121.58735,3
500111070,20231117,1217,18,15,1,25.04177,121.58735,3
500111070,20231117,1218,18,15,1,25.04177,121.58735,3
500111070,20231117,1219,18,15,1,25.04177,121.58735,3
500111070,20231117,1221,18,16,1,25.04177,121.58735,2
500111070,20231117,1222,18,16,1,25.04177,121.58735,2
500111070,20231117,1223,18,16,1,25.04177,121.58735,2
500111070,20231117,1224,18,16,1,25.04177,121.58735,2
500111070,20231117,1225,18,16,1,25.04177,121.58735,2
500111070,20231117,1226,18,16,1,25.04177,121.58735,2
500111070,20231117,1227,18,16,1,25.04177,121.58735,2
500111070,20231117,1228,18,16,1,25.04177,121.58735,2
500111070,20231117,1229,18,16,1,25.04177,121.58735,2
500111070,20231117,1231,18,16,1,25.04177,121.58735,2
500111070,20231117,1232,18,16,1,25.04177,121.58735,2
500111070,20231117,1233,18,16,1,25.04177,121.58735,2
500111070,20231117,1234,18,16,1,25.04177,121.58735,2
500111070,20231117,1235,18,16,1,25.04177,121.58735,2
500111070,20231117,1236,18,16,1,25.04177,121.58735,2
500111070,20231117,1237,18,15,1,25.04177,121.58735,3
500111070,20231117,1238,18,15,1,25.04177,121.58735,3
500111070,20231117,1239,18,15,1,25.04177,121.58735,3
500111070,20231117,1241,18,15,1,25.04177,121.58735,3
500111070,20231117,1242,18,15,1,25.04177,121.58735,3
500111070,20231117,1243,18,15,1,25.04177,121.58735,3
500111070,20231117,1244,18,15,1,25.04177,121.58735,3
500111070,20231117,1245,18,15,1,25.04177,121.58735,3
500111070,20231117,1246,18,15,1,25.04177,121.58735,3
500111070,20231117,1247,18,14,1,25.04177,121.58735,4
500111070,20231117,1248,18,14,1,25.04177,121.58735,4
500111070,20231117,1249,18,14,1,25.04177,121.58735,4
500111070,20231117,1251,18,14,1,25.04177,121.58735,4
500111070,20231117,1252,18,14,1,25.04177,121.58735,4
500111070,20231117,1253,18,14,1,25.04177,121.58735,4
500111070,20231117,1254,18,14,1,25.04177,121.58735,4
500111070,20231117,1255,18,14,1,25.04177,121.58735,4
500111070,20231117,1256,18,14,1,25.04177,121.58735,4
500111070,20231117,1257,18,14,1,25.04177,121.58735,4
500111070,20231117,1258,18,14,1,25.04177,121.58735,4
500111070,20231117,1259,18,14,1,25.04177,121.58735,4
500111070,20231117,1261,18,14,1,25.04177,121.58735,4
500111070,20231117,1262,18,14,1,25.04177,121.58735,4
500111070,20231117,1263,18,14,1,25.04177,121.58735,4
500111070,20231117,1264,18,13,1,25.04177,121.58735,5
500111070,20231117,1265,18,11,1,25.04177,121.58735,7
500111070,20231117,1266,18,11,1,25.04177,121.58735,7
500111070,20231117,1267,18,10,1,25.04177,121.58735,8
500111070,20231117,1268,18,10,1,25.04177,121.58735,8
500111070,20231117,1269,18,10,1,25.04177,121.58735,8
500111070,20231117,1271,18,13,1,25.04177,121.58735,5
500111070,20231117,1272,18,11,1,25.04177,121.58735,7
500111070,20231117,1273,18,10,1,25.04177,121.58735,8
500111070,20231117,1274,18,10,1,25.04177,121.58735,8
500111070,20231117,1275,18,10,1,25.04177,121.58735,8
500111070,20231117,1276,18,10,1,25.04177,121.58735,8
500111070,20231117,1277,18,10,1,25.04177,121.58735,8
500111070,20231117,1278,18,10,1,25.04177,121.58735,8
500111070,20231117,1279,18,10,1,25.04177,121.58735,8
500111070,20231117,1281,18,10,1,25.04177,121.58735,8
500111070,20231117,1282,18,9,1,25.04177,121.58735,9
500111070,20231117,1283,18,10,1,25.04177,121.58735,8
500111070,20231117,1284,18,10,1,25.04177,121.58735,8
500111070,20231117,1285,18,10,1,25.04177,121.58735,8
500111070,20231117,1286,18,10,1,25.04177,121.58735,8
500111070,20231117,1287,18,10,1,25.04177,121.58735,8
500111070,20231117,1288,18,9,1,25.04177,121.58735,9
500111070,20231117,1289,18,9,1,25.04177,121.58735,9
500111070,20231117,1291,18,8,1,25.04177,121.58735,10
500111070,20231117,1292,18,8,1,25.04177,121.58735,10
500111070,20231117,1293,18,8,1,25.04177,121.58735,10
500111070,20231117,1294,18,8,1,25.04177,121.58735,10
500111070,20231117,1295,18,8,1,25.04177,121.58735,10
500111070,20231117,1296,18,8,1,25.04177,121.58735,10
500111070,20231117,1297,18,8,1,25.04177,121.58735,10
500111070,20231117,1298,18,8,1,25.04177,121.58735,10
500111070,20231117,1299,18,8,1,25.04177,121.58735,10
500111070,20231117,1300,18,8,1,25.04177,121.58735,10
500111070,20231117,1301,18,8,1,25.04177,121.58735,10
500111070,20231117,1302,18,8,1,25.04177,121.58735,10
500111070,20231117,1303,18,7,1,25.04177,121.58735,11
500111070,20231117,1304,18,7,1,25.04177,121.58735,11
500111070,20231117,1305,18,7,1,25.04177,121.58735,11
500111070,20231117,1306,18,7,1,25.04177,121.58735,11
500111070,20231117,1307,18,7,1,25.04177,121.58735,11
500111070,20231117,1308,18,8,1,25.04177,121.58735,10
500111070,20231117,1309,18,8,1,25.04177,121.58735,10
500111070,20231117,1310,18,8,1,25.04177,121.58735,10
500111070,20231117,1311,18,8,1,25.04177,121.58735,10
500111070,20231117,1312,18,7,1,25.04177,121.58735,11
500111070,20231117,1313,18,7,1,25.04177,121.58735,11
500111070,20231117,1314,18,7,1,25.04177,121.58735,11
500111070,20231117,1315,18,7,1,25.04177,121.58735,11
500111070,20231117,1316,18,9,1,25.04177,121.58735,9
500111070,20231117,1317,18,10,1,25.04177,121.58735,8
500111070,20231117,1318,18,10,1,25.04177,121.58735,8
500111070,20231117,1319,18,10,1,25.04177,121.58735,8
500111070,20231117,1321,18,10,1,25.04177,121.58735,8
500111070,20231117,1322,18,10,1,25.04177,121.58735,8
500111070,20231117,1323,18,10,1,25.04177,121.58735,8
500111070,20231117,1324,18,10,1,25.04177,121.58735,8
500111070,20231117,1325,18,11,1,25.04177,121.58735,7
500111070,20231117,1326,18,11,1,25.04177,121.58735,7
500111070,20231117,1327,18,11,1,25.04177,121.58735,7
500111070,20231117,1328,18,10,1,25.04177,121.58735,8
500111070,20231117,1329,18,10,1,25.04177,121.58735,8
500111070,20231117,1330,18,10,1,25.04177,121.58735,8
500111070,20231117,1331,18,8,1,25.04177,121.58735,10
500111070,20231117,1332,18,8,1,25.04177,121.58735,10
500111070,20231117,1333,18,8,1,25.04177,121.58735,10
500111070,20231117,1334,18,8,1,25.04177,121.58735,10
500111070,20231117,1335,18,8,1,25.04177,121.58735,10
500111070,20231117,1336,18,8,1,25.04177,121.58735,10
500111070,20231117,1337,18,8,1,25.04177,121.58735,10
500111070,20231117,1338,18,8,1,25.04177,121.58735,10
500111070,20231117,1339,18,8,1,25.04177,121.58735,10
500111070,20231117,1341,18,7,1,25.04177,121.58735,11
500111070,20231117,1342,18,9,1,25.04177,121.58735,9
500111070,20231117,1343,18,11,1,25.04177,121.58735,7
500111070,20231117,1344,18,12,1,25.04177,121.58735,6
500111070,20231117,1345,18,14,1,25.04177,121.58735,4
500111070,20231117,1346,18,16,1,25.04177,121.58735,2
500111070,20231117,1347,18,16,1,25.04177,121.58735,2
500111070,20231117,1348,18,16,1,25.04177,121.58735,2
500111070,20231117,1349,18,16,1,25.04177,121.58735,2
500111070,20231117,1350,18,16,1,25.04177,121.58735,2
500111070,20231117,1351,18,16,1,25.04177,121.58735,2
500111070,20231117,1352,18,16,1,25.04177,121.58735,2
500111070,20231117,1353,18,16,1,25.04177,121.58735,2
500111070,20231117,1354,18,16,1,25.04177,121.58735,2
500111070,20231117,1355,18,16,1,25.04177,121.58735,2
500111070,20231117,1356,18,16,1,25.04177,121.58735,2
500111070,20231117,1357,18,16,1,25.04177,121.58735,2
500111070,20231117,1358,18,15,1,25.04177,121.58735,3
500111070,20231117,1359,18,14,1,25.04177,121.58735,4
500111070,20231117,1360,18,14,1,25.04177,121.58735,4
500111070,20231117,1361,18,14,1,25.04177,121.58735,4
500111070,20231117,1362,18,14,1,25.04177,121.58735,4
500111070,20231117,1363,18,14,1,25.04177,121.58735,4
500111070,20231117,1364,18,14,1,25.04177,121.58735,4
500111070,20231117,1365,18,14,1,25.04177,121.58735,4
500111070,20231117,1366,18,14,1,25.04177,121.58735,4
500111070,20231117,1367,18,14,1,25.04177,121.58735,4
500111070,20231117,1368,18,12,1,25.04177,121.58735,6
500111070,20231117,1369,18,12,1,25.04177,121.58735,6
500111070,20231117,1370,18,12,1,25.04177,121.58735,6
500111070,20231117,1371,18,12,1,25.04177,121.58735,6
500111070,20231117,1372,18,12,1,25.04177,121.58735,6
500111070,20231117,1373,18,13,1,25.04177,121.58735,5
500111070,20231117,1374,18,13,1,25.04177,121.58735,5
500111070,20231117,1375,18,13,1,25.04177,121.58735,5
500111070,20231117,1376,18,12,1,25.04177,121.58735,6
500111070,20231117,1377,18,12,1,25.04177,121.58735,6
500111070,20231117,1378,18,12,1,25.04177,121.58735,6
500111070,20231117,1379,18,12,1,25.04177,121.58735,6
500111070,20231117,1381,18,12,1,25.04177,121.58735,6
500111070,20231117,1382,18,12,1,25.04177,121.58735,6
500111070,20231117,1383,18,12,1,25.04177,121.58735,6
500111070,20231117,1384,18,12,1,25.04177,121.58735,6
500111070,20231117,1385,18,12,1,25.04177,121.58735,6
500111070,20231117,1386,18,12,1,25.04177,121.58735,6
500111070,20231117,1387,18,12,1,25.04177,121.58735,6
500111070,20231117,1388,18,12,1,25.04177,121.58735,6
500111070,20231117,1389,18,12,1,25.04177,121.58735,6
500111070,20231117,1390,18,12,1,25.04177,121.58735,6
500111070,20231117,1391,18,12,1,25.04177,121.58735,6
500111070,20231117,1392,18,12,1,25.04177,121.58735,6
500111070,20231117,1393,18,12,1,25.04177,121.58735,6
500111070,20231117,1394,18,12,1,25.04177,121.58735,6
500111070,20231117,1395,18,12,1,25.04177,121.58735,6
500111070,20231117,1396,18,12,1,25.04177,121.58735,6
500111070,20231117,1397,18,12,1,25.04177,121.58735,6
500111070,20231117,1398,18,12,1,25.04177,121.58735,6
500111070,20231117,1399,18,12,1,25.04177,121.58735,6
500111070,20231117,1401,18,12,1,25.04177,121.58735,6
500111070,20231117,1402,18,12,1,25.04177,121.58735,6
500111070,20231117,1403,18,12,1,25.04177,121.58735,6
500111070,20231117,1404,18,12,1,25.04177,121.58735,6
500111070,20231117,1405,18,12,1,25.04177,121.58735,6
500111070,20231117,1406,18,12,1,25.04177,121.58735,6
500111070,20231117,1407,18,12,1,25.04177,121.58735,6
500111070,20231117,1408,18,12,1,25.04177,121.58735,6
500111070,20231117,1409,18,11,1,25.04177,121.58735,7
500111070,20231117,1410,18,11,1,25.04177,121.58735,7
500111070,20231117,1411,18,11,1,25.04177,121.58735,7
500111070,20231117,1412,18,11,1,25.04177,121.58735,7
500111070,20231117,1413,18,10,1,25.04177,121.58735,8
500111070,20231117,1414,18,9,1,25.04177,121.58735,9
500111070,20231117,1415,18,9,1,25.04177,121.58735,9
500111070,20231117,1416,18,9,1,25.04177,121.58735,9
500111070,20231117,1417,18,9,1,25.04177,121.58735,9
500111070,20231117,1418,18,11,1,25.04177,121.58735,7
500111070,20231117,1419,18,11,1,25.04177,121.58735,7
500111070,20231117,1421,18,10,1,25.04177,121.58735,8
500111070,20231117,1422,18,11,1,25.04177,121.58735,7
500111070,20231117,1423,18,11,1,25.04177,121.58735,7
500111070,20231117,1424,18,11,1,25.04177,121.58735,7
500111070,20231117,1425,18,11,1,25.04177,121.58735,7
500111070,20231117,1426,18,11,1,25.04177,121.58735,7
500111070,20231117,1427,18,11,1,25.04177,121.58735,7
500111070,20231117,1428,18,11,1,25.04177,121.58735,7
500111070,20231117,1429,18,11,1,25.04177,121.58735,7
500111070,20231117,1430,18,11,1,25.04177,121.58735,7
500111070,20231117,1431,18,11,1,25.04177,121.58735,7
500111070,20231117,1432,18,11,1,25.04177,121.58735,7
500111070,20231117,1433,18,11,1,25.04177,121.58735,7
500111070,20231117,1434,18,11,1,25.04177,121.58735,7
500111070,20231117,1435,18,11,1,25.04177,121.58735,7
500111070,20231117,1436,18,11,1,25.04177,121.58735,7
500111070,20231117,1437,18,11,1,25.04177,121.58735,7
500111070,20231117,1438,18,11,1,25.04177,121.58735,7
500111070,20231117,1439,18,11,1,25.04177,121.58735,7
500111070,20231118,1,18,10,1,25.04177,121.58735,8
500111070,20231118,2,18,11,1,25.04177,121.58735,7
500111070,20231118,3,18,11,1,25.04177,121.58735,7
500111070,20231118,4,18,10,1,25.04177,121.58735,8
500111070,20231118,5,18,10,1,25.04177,121.58735,8
500111070,20231118,6,18,10,1,25.04177,121.58735,8
500111070,20231118,7,18,10,1,25.04177,121.58735,8
500111070,20231118,8,18,10,1,25.04177,121.58735,8
500111070,20231118,9,18,10,1,25.04177,121.58735,8
500111070,20231118,11,18,9,1,25.04177,121.58735,9
500111070,20231118,12,18,8,1,25.04177,121.58735,10
500111070,20231118,13,18,8,1,25.04177,121.58735,10
500111070,20231118,14,18,8,1,25.04177,121.58735,10
500111070,20231118,15,18,8,1,25.04177,121.58735,10
500111070,20231118,16,18,8,1,25.04177,121.58735,10
500111070,20231118,17,18,8,1,25.04177,121.58735,10
500111070,20231118,18,18,8,1,25.04177,121.58735,10
500111070,20231118,19,18,8,1,25.04177,121.58735,10
500111070,20231118,21,18,8,1,25.04177,121.58735,10
500111070,20231118,22,18,8,1,25.04177,121.58735,10
500111070,20231118,23,18,8,1,25.04177,121.58735,10
500111070,20231118,24,18,8,1,25.04177,121.58735,10
500111070,20231118,25,18,8,1,25.04177,121.58735,10
500111070,20231118,26,18,8,1,25.04177,121.58735,10
500111070,20231118,27,18,8,1,25.04177,121.58735,10
500111070,20231118,28,18,8,1,25.04177,121.58735,10
500111070,20231118,29,18,8,1,25.04177,121.58735,10
500111070,20231118,31,18,8,1,25.04177,121.58735,10
500111070,20231118,32,18,8,1,25.04177,121.58735,10
500111070,20231118,33,18,8,1,25.04177,121.58735,10
500111070,20231118,34,18,7,1,25.04177,121.58735,11
500111070,20231118,35,18,6,1,25.04177,121.58735,12
500111070,20231118,36,18,6,1,25.04177,121.58735,12
500111070,20231118,37,18,6,1,25.04177,121.58735,12
500111070,20231118,38,18,6,1,25.04177,121.58735,12
500111070,20231118,39,18,6,1,25.04177,121.58735,12
500111070,20231118,41,18,6,1,25.04177,121.58735,12
500111070,20231118,42,18,6,1,25.04177,121.58735,12
500111070,20231118,43,18,6,1,25.04177,121.58735,12
500111070,20231118,44,18,6,1,25.04177,121.58735,12
500111070,20231118,45,18,6,1,25.04177,121.58735,12
500111070,20231118,46,18,6,1,25.04177,121.58735,12
500111070,20231118,47,18,6,1,25.04177,121.58735,12
500111070,20231118,48,18,6,1,25.04177,121.58735,12
500111070,20231118,49,18,6,1,25.04177,121.58735,12
500111070,20231118,51,18,6,1,25.04177,121.58735,12
500111070,20231118,52,18,6,1,25.04177,121.58735,12
500111070,20231118,53,18,6,1,25.04177,121.58735,12
500111070,20231118,54,18,6,1,25.04177,121.58735,12
500111070,20231118,55,18,6,1,25.04177,121.58735,12
500111070,20231118,56,18,6,1,25.04177,121.58735,12
500111070,20231118,57,18,6,1,25.04177,121.58735,12
500111070,20231118,58,18,5,1,25.04177,121.58735,13
500111070,20231118,59,18,5,1,25.04177,121.58735,13
500111070,20231118,61,18,5,1,25.04177,121.58735,13
500111070,20231118,62,18,5,1,25.04177,121.58735,13
500111070,20231118,63,18,5,1,25.04177,121.58735,13
500111070,20231118,64,18,5,1,25.04177,121.58735,13
500111070,20231118,65,18,5,1,25.04177,121.58735,13
500111070,20231118,66,18,5,1,25.04177,121.58735,13
500111070,20231118,67,18,5,1,25.04177,121.58735,13
500111070,20231118,68,18,5,1,25.04177,121.58735,13
500111070,20231118,69,18,5,1,25.04177,121.58735,13
500111070,20231118,71,18,5,1,25.04177,121.58735,13
500111070,20231118,72,18,5,1,25.04177,121.58735,13
500111070,20231118,73,18,5,1,25.04177,121.58735,13
500111070,20231118,74,18,5,1,25.04177,121.58735,13
500111070,20231118,75,18,5,1,25.04177,121.58735,13
500111070,20231118,76,18,5,1,25.04177,121.58735,13
500111070,20231118,77,18,5,1,25.04177,121.58735,13
500111070,20231118,78,18,5,1,25.04177,121.58735,13
500111070,20231118,79,18,5,1,25.04177,121.58735,13
500111070,20231118,81,18,5,1,25.04177,121.58735,13
500111070,20231118,82,18,5,1,25.04177,121.58735,13
500111070,20231118,83,18,5,1,25.04177,121.58735,13
500111070,20231118,84,18,5,1,25.04177,121.58735,13
500111070,20231118,85,18,5,1,25.04177,121.58735,13
500111070,20231118,86,18,5,1,25.04177,121.58735,13
500111070,20231118,87,18,5,1,25.04177,121.58735,13
500111070,20231118,88,18,5,1,25.04177,121.58735,13
500111070,20231118,90,18,5,1,25.04177,121.58735,13
500111070,20231118,91,18,5,1,25.04177,121.58735,13
500111070,20231118,92,18,5,1,25.04177,121.58735,13
500111070,20231118,93,18,5,1,25.04177,121.58735,13
500111070,20231118,94,18,5,1,25.04177,121.58735,13
500111070,20231118,95,18,5,1,25.04177,121.58735,13
500111070,20231118,96,18,5,1,25.04177,121.58735,13
500111070,20231118,97,18,5,1,25.04177,121.58735,13
500111070,20231118,98,18,5,1,25.04177,121.58735,13
500111070,20231118,99,18,5,1,25.04177,121.58735,13
500111070,20231118,100,18,5,1,25.04177,121.58735,13
500111070,20231118,101,18,5,1,25.04177,121.58735,13
500111070,20231118,102,18,5,1,25.04177,121.58735,13
500111070,20231118,103,18,5,1,25.04177,121.58735,13
500111070,20231118,104,18,5,1,25.04177,121.58735,13
500111070,20231118,105,18,5,1,25.04177,121.58735,13
500111070,20231118,106,18,4,1,25.04177,121.58735,14
500111070,20231118,107,18,4,1,25.04177,121.58735,14
500111070,20231118,108,18,4,1,25.04177,121.58735,14
500111070,20231118,109,18,4,1,25.04177,121.58735,14
500111070,20231118,110,18,5,1,25.04177,121.58735,13
500111070,20231118,111,18,5,1,25.04177,121.58735,13
500111070,20231118,112,18,5,1,25.04177,121.58735,13
500111070,20231118,113,18,5,1,25.04177,121.58735,13
500111070,20231118,114,18,5,1,25.04177,121.58735,13
500111070,20231118,115,18,5,1,25.04177,121.58735,13
500111070,20231118,116,18,5,1,25.04177,121.58735,13
500111070,20231118,117,18,5,1,25.04177,121.58735,13
500111070,20231118,118,18,5,1,25.04177,121.58735,13
500111070,20231118,119,18,5,1,25.04177,121.58735,13
500111070,20231118,121,18,5,1,25.04177,121.58735,13
500111070,20231118,122,18,5,1,25.04177,121.58735,13
500111070,20231118,123,18,5,1,25.04177,121.58735,13
500111070,20231118,124,18,5,1,25.04177,121.58735,13
500111070,20231118,125,18,5,1,25.04177,121.58735,13
500111070,20231118,126,18,5,1,25.04177,121.58735,13
500111070,20231118,127,18,5,1,25.04177,121.58735,13
500111070,20231118,128,18,5,1,25.04177,121.58735,13
500111070,20231118,129,18,5,1,25.04177,121.58735,13
500111070,20231118,130,18,5,1,25.04177,121.58735,13
500111070,20231118,131,18,5,1,25.04177,121.58735,13
500111070,20231118,132,18,5,1,25.04177,121.58735,13
500111070,20231118,133,18,5,1,25.04177,121.58735,13
500111070,20231118,134,18,5,1,25.04177,121.58735,13
500111070,20231118,135,18,5,1,25.04177,121.58735,13
500111070,20231118,136,18,5,1,25.04177,121.58735,13
500111070,20231118,137,18,5,1,25.04177,121.58735,13
500111070,20231118,138,18,5,1,25.04177,121.58735,13
500111070,20231118,139,18,5,1,25.04177,121.58735,13
500111070,20231118,141,18,5,1,25.04177,121.58735,13
500111070,20231118,142,18,5,1,25.04177,121.58735,13
500111070,20231118,143,18,5,1,25.04177,121.58735,13
500111070,20231118,144,18,5,1,25.04177,121.58735,13
500111070,20231118,145,18,5,1,25.04177,121.58735,13
500111070,20231118,146,18,5,1,25.04177,121.58735,13
500111070,20231118,147,18,5,1,25.04177,121.58735,13
500111070,20231118,148,18,5,1,25.04177,121.58735,13
500111070,20231118,149,18,5,1,25.04177,121.58735,13
500111070,20231118,150,18,5,1,25.04177,121.58735,13
500111070,20231118,151,18,5,1,25.04177,121.58735,13
500111070,20231118,152,18,5,1,25.04177,121.58735,13
500111070,20231118,153,18,5,1,25.04177,121.58735,13
500111070,20231118,154,18,5,1,25.04177,121.58735,13
500111070,20231118,155,18,5,1,25.04177,121.58735,13
500111070,20231118,156,18,5,1,25.04177,121.58735,13
500111070,20231118,157,18,5,1,25.04177,121.58735,13
500111070,20231118,158,18,5,1,25.04177,121.58735,13
500111070,20231118,159,18,5,1,25.04177,121.58735,13
500111070,20231118,160,18,5,1,25.04177,121.58735,13
500111070,20231118,161,18,5,1,25.04177,121.58735,13
500111070,20231118,162,18,5,1,25.04177,121.58735,13
500111070,20231118,163,18,5,1,25.04177,121.58735,13
500111070,20231118,164,18,5,1,25.04177,121.58735,13
500111070,20231118,165,18,5,1,25.04177,121.58735,13
500111070,20231118,166,18,5,1,25.04177,121.58735,13
500111070,20231118,167,18,5,1,25.04177,121.58735,13
500111070,20231118,168,18,5,1,25.04177,121.58735,13
500111070,20231118,169,18,5,1,25.04177,121.58735,13
500111070,20231118,170,18,5,1,25.04177,121.58735,13
500111070,20231118,171,18,5,1,25.04177,121.58735,13
500111070,20231118,172,18,5,1,25.04177,121.58735,13
500111070,20231118,173,18,5,1,25.04177,121.58735,13
500111070,20231118,174,18,5,1,25.04177,121.58735,13
500111070,20231118,175,18,5,1,25.04177,121.58735,13
500111070,20231118,176,18,5,1,25.04177,121.58735,13
500111070,20231118,177,18,4,1,25.04177,121.58735,14
500111070,20231118,178,18,4,1,25.04177,121.58735,14
500111070,20231118,179,18,4,1,25.04177,121.58735,14
500111070,20231118,180,18,4,1,25.04177,121.58735,14
500111070,20231118,181,18,4,1,25.04177,121.58735,14
500111070,20231118,182,18,4,1,25.04177,121.58735,14
500111070,20231118,183,18,4,1,25.04177,121.58735,14
500111070,20231118,184,18,4,1,25.04177,121.58735,14
500111070,20231118,185,18,4,1,25.04177,121.58735,14
500111070,20231118,186,18,4,1,25.04177,121.58735,14
500111070,20231118,187,18,4,1,25.04177,121.58735,14
500111070,20231118,189,18,4,1,25.04177,121.58735,14
500111070,20231118,190,18,4,1,25.04177,121.58735,14
500111070,20231118,191,18,4,1,25.04177,121.58735,14
500111070,20231118,192,18,4,1,25.04177,121.58735,14
500111070,20231118,193,18,4,1,25.04177,121.58735,14
500111070,20231118,194,18,4,1,25.04177,121.58735,14
500111070,20231118,195,18,4,1,25.04177,121.58735,14
500111070,20231118,196,18,4,1,25.04177,121.58735,14
500111070,20231118,197,18,4,1,25.04177,121.58735,14
500111070,20231118,198,18,4,1,25.04177,121.58735,14
500111070,20231118,199,18,4,1,25.04177,121.58735,14
500111070,20231118,201,18,4,1,25.04177,121.58735,14
500111070,20231118,202,18,4,1,25.04177,121.58735,14
500111070,20231118,203,18,4,1,25.04177,121.58735,14
500111070,20231118,204,18,4,1,25.04177,121.58735,14
500111070,20231118,205,18,4,1,25.04177,121.58735,14
500111070,20231118,206,18,4,1,25.04177,121.58735,14
500111070,20231118,207,18,4,1,25.04177,121.58735,14
500111070,20231118,208,18,4,1,25.04177,121.58735,14
500111070,20231118,209,18,4,1,25.04177,121.58735,14
500111070,20231118,210,18,4,1,25.04177,121.58735,14
500111070,20231118,211,18,4,1,25.04177,121.58735,14
500111070,20231118,212,18,4,1,25.04177,121.58735,14
500111070,20231118,213,18,4,1,25.04177,121.58735,14
500111070,20231118,214,18,4,1,25.04177,121.58735,14
500111070,20231118,215,18,4,1,25.04177,121.58735,14
500111070,20231118,216,18,4,1,25.04177,121.58735,14
500111070,20231118,217,18,4,1,25.04177,121.58735,14
500111070,20231118,218,18,4,1,25.04177,121.58735,14
500111070,20231118,219,18,4,1,25.04177,121.58735,14
500111070,20231118,220,18,4,1,25.04177,121.58735,14
500111070,20231118,221,18,4,1,25.04177,121.58735,14
500111070,20231118,222,18,4,1,25.04177,121.58735,14
500111070,20231118,223,18,4,1,25.04177,121.58735,14
500111070,20231118,224,18,3,1,25.04177,121.58735,15
500111070,20231118,225,18,3,1,25.04177,121.58735,15
500111070,20231118,226,18,3,1,25.04177,121.58735,15
500111070,20231118,227,18,3,1,25.04177,121.58735,15
500111070,20231118,228,18,3,1,25.04177,121.58735,15
500111070,20231118,229,18,3,1,25.04177,121.58735,15
500111070,20231118,230,18,3,1,25.04177,121.58735,15
500111070,20231118,231,18,3,1,25.04177,121.58735,15
500111070,20231118,232,18,3,1,25.04177,121.58735,15
500111070,20231118,233,18,3,1,25.04177,121.58735,15
500111070,20231118,234,18,3,1,25.04177,121.58735,15
500111070,20231118,235,18,3,1,25.04177,121.58735,15
500111070,20231118,236,18,3,1,25.04177,121.58735,15
500111070,20231118,237,18,3,1,25.04177,121.58735,15
500111070,20231118,238,18,3,1,25.04177,121.58735,15
500111070,20231118,239,18,3,1,25.04177,121.58735,15
500111070,20231118,240,18,3,1,25.04177,121.58735,15
500111070,20231118,241,18,3,1,25.04177,121.58735,15
500111070,20231118,242,18,3,1,25.04177,121.58735,15
500111070,20231118,243,18,3,1,25.04177,121.58735,15
500111070,20231118,244,18,3,1,25.04177,121.58735,15
500111070,20231118,245,18,3,1,25.04177,121.58735,15
500111070,20231118,247,18,3,1,25.04177,121.58735,15
500111070,20231118,248,18,3,1,25.04177,121.58735,15
500111070,20231118,249,18,3,1,25.04177,121.58735,15
500111070,20231118,251,18,3,1,25.04177,121.58735,15
500111070,20231118,252,18,3,1,25.04177,121.58735,15
500111070,20231118,253,18,3,1,25.04177,121.58735,15
500111070,20231118,254,18,3,1,25.04177,121.58735,15
500111070,20231118,255,18,3,1,25.04177,121.58735,15
500111070,20231118,256,18,3,1,25.04177,121.58735,15
500111070,20231118,257,18,3,1,25.04177,121.58735,15
500111070,20231118,258,18,3,1,25.04177,121.58735,15
500111070,20231118,259,18,3,1,25.04177,121.58735,15
500111070,20231118,261,18,3,1,25.04177,121.58735,15
500111070,20231118,262,18,3,1,25.04177,121.58735,15
500111070,20231118,263,18,3,1,25.04177,121.58735,15
500111070,20231118,264,18,3,1,25.04177,121.58735,15
500111070,20231118,265,18,3,1,25.04177,121.58735,15
500111070,20231118,266,18,3,1,25.04177,121.58735,15
500111070,20231118,267,18,3,1,25.04177,121.58735,15
500111070,20231118,268,18,3,1,25.04177,121.58735,15
500111070,20231118,269,18,3,1,25.04177,121.58735,15
500111070,20231118,271,18,3,1,25.04177,121.58735,15
500111070,20231118,272,18,3,1,25.04177,121.58735,15
500111070,20231118,273,18,3,1,25.04177,121.58735,15
500111070,20231118,274,18,3,1,25.04177,121.58735,15
500111070,20231118,275,18,3,1,25.04177,121.58735,15
500111070,20231118,276,18,3,1,25.04177,121.58735,15
500111070,20231118,277,18,3,1,25.04177,121.58735,15
500111070,20231118,278,18,3,1,25.04177,121.58735,15
500111070,20231118,279,18,3,1,25.04177,121.58735,15
500111070,20231118,281,18,3,1,25.04177,121.58735,15
500111070,20231118,282,18,3,1,25.04177,121.58735,15
500111070,20231118,283,18,3,1,25.04177,121.58735,15
500111070,20231118,284,18,3,1,25.04177,121.58735,15
500111070,20231118,285,18,3,1,25.04177,121.58735,15
500111070,20231118,286,18,3,1,25.04177,121.58735,15
500111070,20231118,287,18,3,1,25.04177,121.58735,15
500111070,20231118,288,18,3,1,25.04177,121.58735,15
500111070,20231118,289,18,3,1,25.04177,121.58735,15
500111070,20231118,291,18,3,1,25.04177,121.58735,15
500111070,20231118,292,18,3,1,25.04177,121.58735,15
500111070,20231118,293,18,3,1,25.04177,121.58735,15
500111070,20231118,294,18,3,1,25.04177,121.58735,15
500111070,20231118,295,18,3,1,25.04177,121.58735,15
500111070,20231118,296,18,3,1,25.04177,121.58735,15
500111070,20231118,297,18,3,1,25.04177,121.58735,15
500111070,20231118,298,18,3,1,25.04177,121.58735,15
500111070,20231118,299,18,3,1,25.04177,121.58735,15
500111070,20231118,301,18,3,1,25.04177,121.58735,15
500111070,20231118,302,18,3,1,25.04177,121.58735,15
500111070,20231118,303,18,3,1,25.04177,121.58735,15
500111070,20231118,304,18,3,1,25.04177,121.58735,15
500111070,20231118,305,18,3,1,25.04177,121.58735,15
500111070,20231118,306,18,3,1,25.04177,121.58735,15
500111070,20231118,307,18,3,1,25.04177,121.58735,15
500111070,20231118,308,18,3,1,25.04177,121.58735,15
500111070,20231118,309,18,3,1,25.04177,121.58735,15
500111070,20231118,311,18,3,1,25.04177,121.58735,15
500111070,20231118,312,18,3,1,25.04177,121.58735,15
500111070,20231118,313,18,3,1,25.04177,121.58735,15
500111070,20231118,314,18,3,1,25.04177,121.58735,15
500111070,20231118,315,18,3,1,25.04177,121.58735,15
500111070,20231118,316,18,3,1,25.04177,121.58735,15
500111070,20231118,317,18,3,1,25.04177,121.58735,15
500111070,20231118,318,18,3,1,25.04177,121.58735,15
500111070,20231118,319,18,3,1,25.04177,121.58735,15
500111070,20231118,321,18,3,1,25.04177,121.58735,15
500111070,20231118,322,18,3,1,25.04177,121.58735,15
500111070,20231118,323,18,3,1,25.04177,121.58735,15
500111070,20231118,324,18,2,1,25.04177,121.58735,16
500111070,20231118,325,18,2,1,25.04177,121.58735,16
500111070,20231118,326,18,2,1,25.04177,121.58735,16
500111070,20231118,327,18,2,1,25.04177,121.58735,16
500111070,20231118,328,18,2,1,25.04177,121.58735,16
500111070,20231118,329,18,2,1,25.04177,121.58735,16
500111070,20231118,331,18,2,1,25.04177,121.58735,16
500111070,20231118,332,18,2,1,25.04177,121.58735,16
500111070,20231118,333,18,2,1,25.04177,121.58735,16
500111070,20231118,334,18,2,1,25.04177,121.58735,16
500111070,20231118,335,18,2,1,25.04177,121.58735,16
500111070,20231118,336,18,2,1,25.04177,121.58735,16
500111070,20231118,337,18,2,1,25.04177,121.58735,16
500111070,20231118,338,18,2,1,25.04177,121.58735,16
500111070,20231118,339,18,2,1,25.04177,121.58735,16
500111070,20231118,341,18,2,1,25.04177,121.58735,16
500111070,20231118,342,18,2,1,25.04177,121.58735,16
500111070,20231118,343,18,2,1,25.04177,121.58735,16
500111070,20231118,344,18,2,1,25.04177,121.58735,16
500111070,20231118,345,18,2,1,25.04177,121.58735,16
500111070,20231118,346,18,2,1,25.04177,121.58735,16
500111070,20231118,347,18,2,1,25.04177,121.58735,16
500111070,20231118,348,18,2,1,25.04177,121.58735,16
500111070,20231118,349,18,2,1,25.04177,121.58735,16
500111070,20231118,351,18,2,1,25.04177,121.58735,16
500111070,20231118,352,18,2,1,25.04177,121.58735,16
500111070,20231118,353,18,2,1,25.04177,121.58735,16
500111070,20231118,354,18,2,1,25.04177,121.58735,16
500111070,20231118,355,18,2,1,25.04177,121.58735,16
500111070,20231118,356,18,2,1,25.04177,121.58735,16
500111070,20231118,357,18,2,1,25.04177,121.58735,16
500111070,20231118,358,18,2,1,25.04177,121.58735,16
500111070,20231118,359,18,2,1,25.04177,121.58735,16
500111070,20231118,360,18,2,1,25.04177,121.58735,16
500111070,20231118,361,18,3,1,25.04177,121.58735,15
500111070,20231118,362,18,3,1,25.04177,121.58735,15
500111070,20231118,363,18,3,1,25.04177,121.58735,15
500111070,20231118,364,18,3,1,25.04177,121.58735,15
500111070,20231118,365,18,3,1,25.04177,121.58735,15
500111070,20231118,366,18,5,1,25.04177,121.58735,13
500111070,20231118,367,18,5,1,25.04177,121.58735,13
500111070,20231118,368,18,5,1,25.04177,121.58735,13
500111070,20231118,369,18,5,1,25.04177,121.58735,13
500111070,20231118,370,18,5,1,25.04177,121.58735,13
500111070,20231118,371,18,5,1,25.04177,121.58735,13
500111070,20231118,372,18,5,1,25.04177,121.58735,13
500111070,20231118,373,18,6,1,25.04177,121.58735,12
500111070,20231118,374,18,6,1,25.04177,121.58735,12
500111070,20231118,375,18,7,1,25.04177,121.58735,11
500111070,20231118,376,18,7,1,25.04177,121.58735,11
500111070,20231118,377,18,7,1,25.04177,121.58735,11
500111070,20231118,378,18,7,1,25.04177,121.58735,11
500111070,20231118,379,18,7,1,25.04177,121.58735,11
500111070,20231118,381,18,8,1,25.04177,121.58735,10
500111070,20231118,382,18,8,1,25.04177,121.58735,10
500111070,20231118,383,18,8,1,25.04177,121.58735,10
500111070,20231118,384,18,8,1,25.04177,121.58735,10
500111070,20231118,385,18,8,1,25.04177,121.58735,10
500111070,20231118,386,18,8,1,25.04177,121.58735,10
500111070,20231118,387,18,8,1,25.04177,121.58735,10
500111070,20231118,388,18,8,1,25.04177,121.58735,10
500111070,20231118,389,18,8,1,25.04177,121.58735,10
500111070,20231118,390,18,8,1,25.04177,121.58735,10
500111070,20231118,391,18,8,1,25.04177,121.58735,10
500111070,20231118,392,18,8,1,25.04177,121.58735,10
500111070,20231118,393,18,8,1,25.04177,121.58735,10
500111070,20231118,394,18,8,1,25.04177,121.58735,10
500111070,20231118,395,18,8,1,25.04177,121.58735,10
500111070,20231118,396,18,8,1,25.04177,121.58735,10
500111070,20231118,397,18,8,1,25.04177,121.58735,10
500111070,20231118,398,18,9,1,25.04177,121.58735,9
500111070,20231118,399,18,9,1,25.04177,121.58735,9
500111070,20231118,400,18,9,1,25.04177,121.58735,9
500111070,20231118,401,18,9,1,25.04177,121.58735,9
500111070,20231118,402,18,9,1,25.04177,121.58735,9
500111070,20231118,403,18,8,1,25.04177,121.58735,10
500111070,20231118,404,18,8,1,25.04177,121.58735,10
500111070,20231118,405,18,8,1,25.04177,121.58735,10
500111070,20231118,406,18,8,1,25.04177,121.58735,10
500111070,20231118,407,18,7,1,25.04177,121.58735,11
500111070,20231118,408,18,7,1,25.04177,121.58735,11
500111070,20231118,409,18,7,1,25.04177,121.58735,11
500111070,20231118,410,18,7,1,25.04177,121.58735,11
500111070,20231118,411,18,6,1,25.04177,121.58735,12
500111070,20231118,412,18,6,1,25.04177,121.58735,12
500111070,20231118,413,18,6,1,25.04177,121.58735,12
500111070,20231118,414,18,6,1,25.04177,121.58735,12
500111070,20231118,415,18,6,1,25.04177,121.58735,12
500111070,20231118,416,18,6,1,25.04177,121.58735,12
500111070,20231118,417,18,6,1,25.04177,121.58735,12
500111070,20231118,418,18,6,1,25.04177,121.58735,12
500111070,20231118,419,18,6,1,25.04177,121.58735,12
500111070,20231118,421,18,6,1,25.04177,121.58735,12
500111070,20231118,422,18,6,1,25.04177,121.58735,12
500111070,20231118,423,18,6,1,25.04177,121.58735,12
500111070,20231118,424,18,7,1,25.04177,121.58735,11
500111070,20231118,425,18,8,1,25.04177,121.58735,10
500111070,20231118,426,18,8,1,25.04177,121.58735,10
500111070,20231118,427,18,8,1,25.04177,121.58735,10
500111070,20231118,428,18,8,1,25.04177,121.58735,10
500111070,20231118,429,18,8,1,25.04177,121.58735,10
500111070,20231118,430,18,8,1,25.04177,121.58735,10
500111070,20231118,431,18,8,1,25.04177,121.58735,10
500111070,20231118,432,18,8,1,25.04177,121.58735,10
500111070,20231118,433,18,8,1,25.04177,121.58735,10
500111070,20231118,434,18,8,1,25.04177,121.58735,10
500111070,20231118,435,18,8,1,25.04177,121.58735,10
500111070,20231118,436,18,8,1,25.04177,121.58735,10
500111070,20231118,437,18,7,1,25.04177,121.58735,11
500111070,20231118,438,18,7,1,25.04177,121.58735,11
500111070,20231118,439,18,6,1,25.04177,121.58735,12
500111070,20231118,441,18,6,1,25.04177,121.58735,12
500111070,20231118,442,18,6,1,25.04177,121.58735,12
500111070,20231118,443,18,6,1,25.04177,121.58735,12
500111070,20231118,444,18,6,1,25.04177,121.58735,12
500111070,20231118,445,18,6,1,25.04177,121.58735,12
500111070,20231118,446,18,6,1,25.04177,121.58735,12
500111070,20231118,447,18,6,1,25.04177,121.58735,12
500111070,20231118,448,18,6,1,25.04177,121.58735,12
500111070,20231118,449,18,6,1,25.04177,121.58735,12
500111070,20231118,450,18,6,1,25.04177,121.58735,12
500111070,20231118,451,18,6,1,25.04177,121.58735,12
500111070,20231118,452,18,6,1,25.04177,121.58735,12
500111070,20231118,453,18,6,1,25.04177,121.58735,12
500111070,20231118,454,18,6,1,25.04177,121.58735,12
500111070,20231118,455,18,6,1,25.04177,121.58735,12
500111070,20231118,456,18,7,1,25.04177,121.58735,11
500111070,20231118,457,18,7,1,25.04177,121.58735,11
500111070,20231118,458,18,8,1,25.04177,121.58735,10
500111070,20231118,459,18,9,1,25.04177,121.58735,9
500111070,20231118,460,18,9,1,25.04177,121.58735,9
500111070,20231118,461,18,9,1,25.04177,121.58735,9
500111070,20231118,462,18,9,1,25.04177,121.58735,9
500111070,20231118,463,18,9,1,25.04177,121.58735,9
500111070,20231118,464,18,9,1,25.04177,121.58735,9
500111070,20231118,465,18,10,1,25.04177,121.58735,8
500111070,20231118,466,18,10,1,25.04177,121.58735,8
500111070,20231118,467,18,10,1,25.04177,121.58735,8
500111070,20231118,468,18,11,1,25.04177,121.58735,7
500111070,20231118,469,18,12,1,25.04177,121.58735,6
500111070,20231118,470,18,10,1,25.04177,121.58735,8
500111070,20231118,471,18,11,1,25.04177,121.58735,7
500111070,20231118,472,18,11,1,25.04177,121.58735,7
500111070,20231118,473,18,11,1,25.04177,121.58735,7
500111070,20231118,474,18,11,1,25.04177,121.58735,7
500111070,20231118,476,18,11,1,25.04177,121.58735,7
500111070,20231118,477,18,11,1,25.04177,121.58735,7
500111070,20231118,478,18,11,1,25.04177,121.58735,7
500111070,20231118,479,18,11,1,25.04177,121.58735,7
500111070,20231118,481,18,11,1,25.04177,121.58735,7
500111070,20231118,482,18,11,1,25.04177,121.58735,7
500111070,20231118,483,18,11,1,25.04177,121.58735,7
500111070,20231118,484,18,11,1,25.04177,121.58735,7
500111070,20231118,485,18,11,1,25.04177,121.58735,7
500111070,20231118,486,18,11,1,25.04177,121.58735,7
500111070,20231118,487,18,11,1,25.04177,121.58735,7
500111070,20231118,488,18,11,1,25.04177,121.58735,7
500111070,20231118,489,18,11,1,25.04177,121.58735,7
500111070,20231118,490,18,11,1,25.04177,121.58735,7
500111070,20231118,491,18,11,1,25.04177,121.58735,7
500111070,20231118,492,18,11,1,25.04177,121.58735,7
500111070,20231118,493,18,11,1,25.04177,121.58735,7
500111070,20231118,494,18,11,1,25.04177,121.58735,7
500111070,20231118,495,18,12,1,25.04177,121.58735,6
500111070,20231118,496,18,12,1,25.04177,121.58735,6
500111070,20231118,497,18,12,1,25.04177,121.58735,6
500111070,20231118,498,18,13,1,25.04177,121.58735,5
500111070,20231118,499,18,13,1,25.04177,121.58735,5
500111070,20231118,501,18,13,1,25.04177,121.58735,5
500111070,20231118,502,18,13,1,25.04177,121.58735,5
500111070,20231118,503,18,13,1,25.04177,121.58735,5
500111070,20231118,504,18,13,1,25.04177,121.58735,5
500111070,20231118,505,18,13,1,25.04177,121.58735,5
500111070,20231118,506,18,14,1,25.04177,121.58735,4
500111070,20231118,508,18,14,1,25.04177,121.58735,4
500111070,20231118,509,18,14,1,25.04177,121.58735,4
500111070,20231118,511,18,15,1,25.04177,121.58735,3
500111070,20231118,512,18,15,1,25.04177,121.58735,3
500111070,20231118,513,18,15,1,25.04177,121.58735,3
500111070,20231118,514,18,15,1,25.04177,121.58735,3
500111070,20231118,515,18,15,1,25.04177,121.58735,3
500111070,20231118,516,18,16,1,25.04177,121.58735,2
500111070,20231118,517,18,16,1,25.04177,121.58735,2
500111070,20231118,518,18,16,1,25.04177,121.58735,2
500111070,20231118,519,18,18,1,25.04177,121.58735,0
500111070,20231118,521,18,18,1,25.04177,121.58735,0
500111070,20231118,522,18,18,1,25.04177,121.58735,0
500111070,20231118,523,18,18,1,25.04177,121.58735,0
500111070,20231118,524,18,18,1,25.04177,121.58735,0
500111070,20231118,525,18,17,1,25.04177,121.58735,1
500111070,20231118,526,18,17,1,25.04177,121.58735,1
500111070,20231118,527,18,13,1,25.04177,121.58735,5
500111070,20231118,528,18,13,1,25.04177,121.58735,5
500111070,20231118,529,18,7,1,25.04177,121.58735,11
500111070,20231118,531,18,1,1,25.04177,121.58735,17
500111070,20231118,532,18,1,1,25.04177,121.58735,17
500111070,20231118,533,18,2,1,25.04177,121.58735,16
500111070,20231118,534,18,2,1,25.04177,121.58735,16
500111070,20231118,535,18,2,1,25.04177,121.58735,16
500111070,20231118,536,18,2,1,25.04177,121.58735,16
500111070,20231118,537,18,2,1,25.04177,121.58735,16
500111070,20231118,538,18,2,1,25.04177,121.58735,16
500111070,20231118,539,18,2,1,25.04177,121.58735,16
500111070,20231118,541,18,2,1,25.04177,121.58735,16
500111070,20231118,542,18,2,1,25.04177,121.58735,16
500111070,20231118,543,18,2,1,25.04177,121.58735,16
500111070,20231118,544,18,2,1,25.04177,121.58735,16
500111070,20231118,545,18,2,1,25.04177,121.58735,16
500111070,20231118,546,18,2,1,25.04177,121.58735,16
500111070,20231118,547,18,2,1,25.04177,121.58735,16
500111070,20231118,548,18,1,1,25.04177,121.58735,17
500111070,20231118,549,18,1,1,25.04177,121.58735,17
500111070,20231118,551,18,1,1,25.04177,121.58735,17
500111070,20231118,552,18,3,1,25.04177,121.58735,15
500111070,20231118,553,18,3,1,25.04177,121.58735,15
500111070,20231118,554,18,3,1,25.04177,121.58735,15
500111070,20231118,555,18,3,1,25.04177,121.58735,15
500111070,20231118,556,18,3,1,25.04177,121.58735,15
500111070,20231118,557,18,3,1,25.04177,121.58735,15
500111070,20231118,558,18,3,1,25.04177,121.58735,15
500111070,20231118,559,18,3,1,25.04177,121.58735,15
500111070,20231118,561,18,3,1,25.04177,121.58735,15
500111070,20231118,562,18,3,1,25.04177,121.58735,15
500111070,20231118,563,18,3,1,25.04177,121.58735,15
500111070,20231118,564,18,4,1,25.04177,121.58735,14
500111070,20231118,565,18,4,1,25.04177,121.58735,14
500111070,20231118,566,18,3,1,25.04177,121.58735,15
500111070,20231118,567,18,3,1,25.04177,121.58735,15
500111070,20231118,568,18,3,1,25.04177,121.58735,15
500111070,20231118,569,18,3,1,25.04177,121.58735,15
500111070,20231118,571,18,3,1,25.04177,121.58735,15
500111070,20231118,572,18,3,1,25.04177,121.58735,15
500111070,20231118,573,18,3,1,25.04177,121.58735,15
500111070,20231118,574,18,4,1,25.04177,121.58735,14
500111070,20231118,575,18,4,1,25.04177,121.58735,14
500111070,20231118,576,18,4,1,25.04177,121.58735,14
500111070,20231118,577,18,4,1,25.04177,121.58735,14
500111070,20231118,578,18,4,1,25.04177,121.58735,14
500111070,20231118,579,18,4,1,25.04177,121.58735,14
500111070,20231118,581,18,4,1,25.04177,121.58735,14
500111070,20231118,582,18,5,1,25.04177,121.58735,13
500111070,20231118,583,18,6,1,25.04177,121.58735,12
500111070,20231118,584,18,6,1,25.04177,121.58735,12
500111070,20231118,585,18,6,1,25.04177,121.58735,12
500111070,20231118,586,18,6,1,25.04177,121.58735,12
500111070,20231118,587,18,5,1,25.04177,121.58735,13
500111070,20231118,588,18,5,1,25.04177,121.58735,13
500111070,20231118,589,18,5,1,25.04177,121.58735,13
500111070,20231118,591,18,6,1,25.04177,121.58735,12
500111070,20231118,592,18,6,1,25.04177,121.58735,12
500111070,20231118,593,18,6,1,25.04177,121.58735,12
500111070,20231118,594,18,6,1,25.04177,121.58735,12
500111070,20231118,595,18,6,1,25.04177,121.58735,12
500111070,20231118,596,18,7,1,25.04177,121.58735,11
500111070,20231118,597,18,7,1,25.04177,121.58735,11
500111070,20231118,598,18,7,1,25.04177,121.58735,11
500111070,20231118,599,18,7,1,25.04177,121.58735,11
500111070,20231118,601,18,7,1,25.04177,121.58735,11
500111070,20231118,602,18,7,1,25.04177,121.58735,11
500111070,20231118,603,18,7,1,25.04177,121.58735,11
500111070,20231118,604,18,7,1,25.04177,121.58735,11
500111070,20231118,605,18,7,1,25.04177,121.58735,11
500111070,20231118,606,18,7,1,25.04177,121.58735,11
500111070,20231118,607,18,7,1,25.04177,121.58735,11
500111070,20231118,608,18,7,1,25.04177,121.58735,11
500111070,20231118,609,18,8,1,25.04177,121.58735,10
500111070,20231118,611,18,8,1,25.04177,121.58735,10
500111070,20231118,612,18,8,1,25.04177,121.58735,10
500111070,20231118,613,18,9,1,25.04177,121.58735,9
500111070,20231118,614,18,9,1,25.04177,121.58735,9
500111070,20231118,615,18,9,1,25.04177,121.58735,9
500111070,20231118,616,18,3,1,25.04177,121.58735,15
500111070,20231118,617,18,3,1,25.04177,121.58735,15
500111070,20231118,618,18,3,1,25.04177,121.58735,15
500111070,20231118,619,18,2,1,25.04177,121.58735,16
500111070,20231118,621,18,3,1,25.04177,121.58735,15
500111070,20231118,622,18,4,1,25.04177,121.58735,14
500111070,20231118,623,18,4,1,25.04177,121.58735,14
500111070,20231118,624,18,3,1,25.04177,121.58735,15
500111070,20231118,625,18,2,1,25.04177,121.58735,16
500111070,20231118,626,18,3,1,25.04177,121.58735,15
500111070,20231118,627,18,2,1,25.04177,121.58735,16
500111070,20231118,628,18,2,1,25.04177,121.58735,16
500111070,20231118,629,18,2,1,25.04177,121.58735,16
500111070,20231118,631,18,3,1,25.04177,121.58735,15
500111070,20231118,632,18,3,1,25.04177,121.58735,15
500111070,20231118,633,18,3,1,25.04177,121.58735,15
500111070,20231118,634,18,3,1,25.04177,121.58735,15
500111070,20231118,635,18,3,1,25.04177,121.58735,15
500111070,20231118,636,18,3,1,25.04177,121.58735,15
500111070,20231118,637,18,3,1,25.04177,121.58735,15
500111070,20231118,638,18,3,1,25.04177,121.58735,15
500111070,20231118,639,18,3,1,25.04177,121.58735,15
500111070,20231118,640,18,3,1,25.04177,121.58735,15
500111070,20231118,641,18,3,1,25.04177,121.58735,15
500111070,20231118,642,18,2,1,25.04177,121.58735,16
500111070,20231118,643,18,2,1,25.04177,121.58735,16
500111070,20231118,644,18,1,1,25.04177,121.58735,17
500111070,20231118,645,18,1,1,25.04177,121.58735,17
500111070,20231118,646,18,1,1,25.04177,121.58735,17
500111070,20231118,647,18,1,1,25.04177,121.58735,17
500111070,20231118,648,18,1,1,25.04177,121.58735,17
500111070,20231118,649,18,3,1,25.04177,121.58735,15
500111070,20231118,650,18,2,1,25.04177,121.58735,16
500111070,20231118,651,18,2,1,25.04177,121.58735,16
500111070,20231118,652,18,2,1,25.04177,121.58735,16
500111070,20231118,653,18,2,1,25.04177,121.58735,16
500111070,20231118,654,18,3,1,25.04177,121.58735,15
500111070,20231118,655,18,3,1,25.04177,121.58735,15
500111070,20231118,656,18,3,1,25.04177,121.58735,15
500111070,20231118,657,18,3,1,25.04177,121.58735,15
500111070,20231118,658,18,3,1,25.04177,121.58735,15
500111070,20231118,659,18,3,1,25.04177,121.58735,15
500111070,20231118,661,18,3,1,25.04177,121.58735,15
500111070,20231118,662,18,3,1,25.04177,121.58735,15
500111070,20231118,663,18,3,1,25.04177,121.58735,15
500111070,20231118,664,18,3,1,25.04177,121.58735,15
500111070,20231118,665,18,3,1,25.04177,121.58735,15
500111070,20231118,666,18,3,1,25.04177,121.58735,15
500111070,20231118,667,18,3,1,25.04177,121.58735,15
500111070,20231118,668,18,3,1,25.04177,121.58735,15
500111070,20231118,669,18,3,1,25.04177,121.58735,15
500111070,20231118,670,18,3,1,25.04177,121.58735,15
500111070,20231118,671,18,3,1,25.04177,121.58735,15
500111070,20231118,672,18,3,1,25.04177,121.58735,15
500111070,20231118,673,18,3,1,25.04177,121.58735,15
500111070,20231118,674,18,3,1,25.04177,121.58735,15
500111070,20231118,675,18,3,1,25.04177,121.58735,15
500111070,20231118,676,18,3,1,25.04177,121.58735,15
500111070,20231118,677,18,3,1,25.04177,121.58735,15
500111070,20231118,678,18,3,1,25.04177,121.58735,15
500111070,20231118,679,18,3,1,25.04177,121.58735,15
500111070,20231118,681,18,3,1,25.04177,121.58735,15
500111070,20231118,682,18,3,1,25.04177,121.58735,15
500111070,20231118,683,18,4,1,25.04177,121.58735,14
500111070,20231118,684,18,4,1,25.04177,121.58735,14
500111070,20231118,685,18,4,1,25.04177,121.58735,14
500111070,20231118,686,18,4,1,25.04177,121.58735,14
500111070,20231118,687,18,4,1,25.04177,121.58735,14
500111070,20231118,688,18,4,1,25.04177,121.58735,14
500111070,20231118,689,18,4,1,25.04177,121.58735,14
500111070,20231118,691,18,4,1,25.04177,121.58735,14
500111070,20231118,692,18,4,1,25.04177,121.58735,14
500111070,20231118,693,18,6,1,25.04177,121.58735,12
500111070,20231118,694,18,6,1,25.04177,121.58735,12
500111070,20231118,695,18,6,1,25.04177,121.58735,12
500111070,20231118,696,18,6,1,25.04177,121.58735,12
500111070,20231118,697,18,6,1,25.04177,121.58735,12
500111070,20231118,698,18,6,1,25.04177,121.58735,12
500111070,20231118,699,18,6,1,25.04177,121.58735,12
500111070,20231118,700,18,7,1,25.04177,121.58735,11
500111070,20231118,701,18,7,1,25.04177,121.58735,11
500111070,20231118,702,18,7,1,25.04177,121.58735,11
500111070,20231118,703,18,7,1,25.04177,121.58735,11
500111070,20231118,704,18,7,1,25.04177,121.58735,11
500111070,20231118,705,18,7,1,25.04177,121.58735,11
500111070,20231118,706,18,7,1,25.04177,121.58735,11
500111070,20231118,707,18,6,1,25.04177,121.58735,12
500111070,20231118,708,18,6,1,25.04177,121.58735,12
500111070,20231118,709,18,6,1,25.04177,121.58735,12
500111070,20231118,710,18,5,1,25.04177,121.58735,13
500111070,20231118,711,18,5,1,25.04177,121.58735,13
500111070,20231118,712,18,6,1,25.04177,121.58735,12
500111070,20231118,713,18,6,1,25.04177,121.58735,12
500111070,20231118,714,18,6,1,25.04177,121.58735,12
500111070,20231118,715,18,6,1,25.04177,121.58735,12
500111070,20231118,716,18,6,1,25.04177,121.58735,12
500111070,20231118,717,18,5,1,25.04177,121.58735,13
500111070,20231118,718,18,5,1,25.04177,121.58735,13
500111070,20231118,719,18,5,1,25.04177,121.58735,13
500111070,20231118,721,18,5,1,25.04177,121.58735,13
500111070,20231118,722,18,5,1,25.04177,121.58735,13
500111070,20231118,723,18,4,1,25.04177,121.58735,14
500111070,20231118,724,18,4,1,25.04177,121.58735,14
500111070,20231118,725,18,4,1,25.04177,121.58735,14
500111070,20231118,726,18,4,1,25.04177,121.58735,14
500111070,20231118,727,18,4,1,25.04177,121.58735,14
500111070,20231118,728,18,5,1,25.04177,121.58735,13
500111070,20231118,729,18,5,1,25.04177,121.58735,13
500111070,20231118,730,18,5,1,25.04177,121.58735,13
500111070,20231118,731,18,5,1,25.04177,121.58735,13
500111070,20231118,732,18,5,1,25.04177,121.58735,13
500111070,20231118,733,18,6,1,25.04177,121.58735,12
500111070,20231118,734,18,6,1,25.04177,121.58735,12
500111070,20231118,735,18,6,1,25.04177,121.58735,12
500111070,20231118,736,18,6,1,25.04177,121.58735,12
500111070,20231118,737,18,6,1,25.04177,121.58735,12
500111070,20231118,738,18,6,1,25.04177,121.58735,12
500111070,20231118,739,18,6,1,25.04177,121.58735,12
500111070,20231118,741,18,7,1,25.04177,121.58735,11
500111070,20231118,742,18,7,1,25.04177,121.58735,11
500111070,20231118,743,18,7,1,25.04177,121.58735,11
500111070,20231118,744,18,8,1,25.04177,121.58735,10
500111070,20231118,745,18,8,1,25.04177,121.58735,10
500111070,20231118,746,18,8,1,25.04177,121.58735,10
500111070,20231118,747,18,8,1,25.04177,121.58735,10
500111070,20231118,748,18,7,1,25.04177,121.58735,11
500111070,20231118,749,18,7,1,25.04177,121.58735,11
500111070,20231118,751,18,7,1,25.04177,121.58735,11
500111070,20231118,752,18,7,1,25.04177,121.58735,11
500111070,20231118,753,18,7,1,25.04177,121.58735,11
500111070,20231118,754,18,7,1,25.04177,121.58735,11
500111070,20231118,755,18,7,1,25.04177,121.58735,11
500111070,20231118,756,18,7,1,25.04177,121.58735,11
500111070,20231118,757,18,7,1,25.04177,121.58735,11
500111070,20231118,758,18,7,1,25.04177,121.58735,11
500111070,20231118,759,18,7,1,25.04177,121.58735,11
500111070,20231118,760,18,7,1,25.04177,121.58735,11
500111070,20231118,761,18,7,1,25.04177,121.58735,11
500111070,20231118,762,18,8,1,25.04177,121.58735,10
500111070,20231118,763,18,8,1,25.04177,121.58735,10
500111070,20231118,764,18,8,1,25.04177,121.58735,10
500111070,20231118,765,18,10,1,25.04177,121.58735,8
500111070,20231118,766,18,10,1,25.04177,121.58735,8
500111070,20231118,767,18,10,1,25.04177,121.58735,8
500111070,20231118,768,18,10,1,25.04177,121.58735,8
500111070,20231118,769,18,10,1,25.04177,121.58735,8
500111070,20231118,770,18,10,1,25.04177,121.58735,8
500111070,20231118,771,18,10,1,25.04177,121.58735,8
500111070,20231118,772,18,12,1,25.04177,121.58735,6
500111070,20231118,773,18,12,1,25.04177,121.58735,6
500111070,20231118,774,18,13,1,25.04177,121.58735,5
500111070,20231118,775,18,13,1,25.04177,121.58735,5
500111070,20231118,776,18,14,1,25.04177,121.58735,4
500111070,20231118,778,18,14,1,25.04177,121.58735,4
500111070,20231118,779,18,14,1,25.04177,121.58735,4
500111070,20231118,782,18,15,1,25.04177,121.58735,3
500111070,20231118,783,18,15,1,25.04177,121.58735,3
500111070,20231118,784,18,15,1,25.04177,121.58735,3
500111070,20231118,785,18,15,1,25.04177,121.58735,3
500111070,20231118,787,18,15,1,25.04177,121.58735,3
500111070,20231118,789,18,15,1,25.04177,121.58735,3
500111070,20231118,791,18,15,1,25.04177,121.58735,3
500111070,20231118,792,18,15,1,25.04177,121.58735,3
500111070,20231118,794,18,15,1,25.04177,121.58735,3
500111070,20231118,795,18,15,1,25.04177,121.58735,3
500111070,20231118,797,18,15,1,25.04177,121.58735,3
500111070,20231118,798,18,15,1,25.04177,121.58735,3
500111070,20231118,799,18,15,1,25.04177,121.58735,3
500111070,20231118,801,18,15,1,25.04177,121.58735,3
500111070,20231118,803,18,15,1,25.04177,121.58735,3
500111070,20231118,805,18,14,1,25.04177,121.58735,4
500111070,20231118,806,18,14,1,25.04177,121.58735,4
500111070,20231118,807,18,12,1,25.04177,121.58735,6
500111070,20231118,808,18,13,1,25.04177,121.58735,5
500111070,20231118,809,18,13,1,25.04177,121.58735,5
500111070,20231118,811,18,14,1,25.04177,121.58735,4
500111070,20231118,812,18,13,1,25.04177,121.58735,5
500111070,20231118,813,18,14,1,25.04177,121.58735,4
500111070,20231118,814,18,14,1,25.04177,121.58735,4
500111070,20231118,815,18,14,1,25.04177,121.58735,4
500111070,20231118,816,18,14,1,25.04177,121.58735,4
500111070,20231118,817,18,14,1,25.04177,121.58735,4
500111070,20231118,818,18,14,1,25.04177,121.58735,4
500111070,20231118,819,18,14,1,25.04177,121.58735,4
500111070,20231118,821,18,13,1,25.04177,121.58735,5
500111070,20231118,822,18,13,1,25.04177,121.58735,5
500111070,20231118,824,18,13,1,25.04177,121.58735,5
500111070,20231118,825,18,12,1,25.04177,121.58735,6
500111070,20231118,826,18,13,1,25.04177,121.58735,5
500111070,20231118,827,18,11,1,25.04177,121.58735,7
500111070,20231118,828,18,10,1,25.04177,121.58735,8
500111070,20231118,829,18,10,1,25.04177,121.58735,8
500111070,20231118,831,18,10,1,25.04177,121.58735,8
500111070,20231118,832,18,10,1,25.04177,121.58735,8
500111070,20231118,833,18,10,1,25.04177,121.58735,8
500111070,20231118,834,18,10,1,25.04177,121.58735,8
500111070,20231118,835,18,10,1,25.04177,121.58735,8
500111070,20231118,836,18,10,1,25.04177,121.58735,8
500111070,20231118,837,18,9,1,25.04177,121.58735,9
500111070,20231118,838,18,9,1,25.04177,121.58735,9
500111070,20231118,839,18,8,1,25.04177,121.58735,10
500111070,20231118,841,18,8,1,25.04177,121.58735,10
500111070,20231118,842,18,8,1,25.04177,121.58735,10
500111070,20231118,843,18,8,1,25.04177,121.58735,10
500111070,20231118,844,18,8,1,25.04177,121.58735,10
500111070,20231118,845,18,7,1,25.04177,121.58735,11
500111070,20231118,846,18,7,1,25.04177,121.58735,11
500111070,20231118,847,18,6,1,25.04177,121.58735,12
500111070,20231118,848,18,6,1,25.04177,121.58735,12
500111070,20231118,849,18,6,1,25.04177,121.58735,12
500111070,20231118,851,18,6,1,25.04177,121.58735,12
500111070,20231118,852,18,5,1,25.04177,121.58735,13
500111070,20231118,853,18,5,1,25.04177,121.58735,13
500111070,20231118,854,18,5,1,25.04177,121.58735,13
500111070,20231118,855,18,5,1,25.04177,121.58735,13
500111070,20231118,856,18,5,1,25.04177,121.58735,13
500111070,20231118,857,18,5,1,25.04177,121.58735,13
500111070,20231118,858,18,5,1,25.04177,121.58735,13
500111070,20231118,859,18,5,1,25.04177,121.58735,13
500111070,20231118,861,18,5,1,25.04177,121.58735,13
500111070,20231118,862,18,5,1,25.04177,121.58735,13
500111070,20231118,863,18,5,1,25.04177,121.58735,13
500111070,20231118,864,18,5,1,25.04177,121.58735,13
500111070,20231118,865,18,5,1,25.04177,121.58735,13
500111070,20231118,866,18,5,1,25.04177,121.58735,13
500111070,20231118,868,18,5,1,25.04177,121.58735,13
500111070,20231118,869,18,5,1,25.04177,121.58735,13
500111070,20231118,871,18,7,1,25.04177,121.58735,11
500111070,20231118,872,18,7,1,25.04177,121.58735,11
500111070,20231118,873,18,7,1,25.04177,121.58735,11
500111070,20231118,874,18,7,1,25.04177,121.58735,11
500111070,20231118,876,18,7,1,25.04177,121.58735,11
500111070,20231118,877,18,7,1,25.04177,121.58735,11
500111070,20231118,878,18,7,1,25.04177,121.58735,11
500111070,20231118,879,18,7,1,25.04177,121.58735,11
500111070,20231118,881,18,8,1,25.04177,121.58735,10
500111070,20231118,882,18,8,1,25.04177,121.58735,10
500111070,20231118,883,18,8,1,25.04177,121.58735,10
500111070,20231118,886,18,9,1,25.04177,121.58735,9
500111070,20231118,887,18,10,1,25.04177,121.58735,8
500111070,20231118,888,18,11,1,25.04177,121.58735,7
500111070,20231118,889,18,11,1,25.04177,121.58735,7
500111070,20231118,891,18,11,1,25.04177,121.58735,7
500111070,20231118,892,18,11,1,25.04177,121.58735,7
500111070,20231118,893,18,11,1,25.04177,121.58735,7
500111070,20231118,894,18,11,1,25.04177,121.58735,7
500111070,20231118,895,18,11,1,25.04177,121.58735,7
500111070,20231118,896,18,11,1,25.04177,121.58735,7
500111070,20231118,897,18,11,1,25.04177,121.58735,7
500111070,20231118,898,18,11,1,25.04177,121.58735,7
500111070,20231118,899,18,11,1,25.04177,121.58735,7
500111070,20231118,901,18,10,1,25.04177,121.58735,8
500111070,20231118,902,18,11,1,25.04177,121.58735,7
500111070,20231118,903,18,11,1,25.04177,121.58735,7
500111070,20231118,904,18,11,1,25.04177,121.58735,7
500111070,20231118,905,18,12,1,25.04177,121.58735,6
500111070,20231118,906,18,12,1,25.04177,121.58735,6
500111070,20231118,907,18,11,1,25.04177,121.58735,7
500111070,20231118,908,18,11,1,25.04177,121.58735,7
500111070,20231118,909,18,11,1,25.04177,121.58735,7
500111070,20231118,910,18,12,1,25.04177,121.58735,6
500111070,20231118,911,18,12,1,25.04177,121.58735,6
500111070,20231118,912,18,12,1,25.04177,121.58735,6
500111070,20231118,913,18,12,1,25.04177,121.58735,6
500111070,20231118,914,18,12,1,25.04177,121.58735,6
500111070,20231118,915,18,12,1,25.04177,121.58735,6
500111070,20231118,916,18,13,1,25.04177,121.58735,5
500111070,20231118,917,18,13,1,25.04177,121.58735,5
500111070,20231118,918,18,13,1,25.04177,121.58735,5
500111070,20231118,919,18,14,1,25.04177,121.58735,4
500111070,20231118,921,18,15,1,25.04177,121.58735,3
500111070,20231118,922,18,15,1,25.04177,121.58735,3
500111070,20231118,923,18,15,1,25.04177,121.58735,3
500111070,20231118,924,18,15,1,25.04177,121.58735,3
500111070,20231118,925,18,15,1,25.04177,121.58735,3
500111070,20231118,926,18,15,1,25.04177,121.58735,3
500111070,20231118,927,18,15,1,25.04177,121.58735,3
500111070,20231118,928,18,15,1,25.04177,121.58735,3
500111070,20231118,929,18,15,1,25.04177,121.58735,3
500111070,20231118,931,18,15,1,25.04177,121.58735,3
500111070,20231118,932,18,15,1,25.04177,121.58735,3
500111070,20231118,933,18,15,1,25.04177,121.58735,3
500111070,20231118,934,18,15,1,25.04177,121.58735,3
500111070,20231118,935,18,15,1,25.04177,121.58735,3
500111070,20231118,936,18,15,1,25.04177,121.58735,3
500111070,20231118,937,18,15,1,25.04177,121.58735,3
500111070,20231118,938,18,15,1,25.04177,121.58735,3
500111070,20231118,939,18,15,1,25.04177,121.58735,3
500111070,20231118,940,18,15,1,25.04177,121.58735,3
500111070,20231118,941,18,15,1,25.04177,121.58735,3
500111070,20231118,942,18,14,1,25.04177,121.58735,4
500111070,20231118,943,18,14,1,25.04177,121.58735,4
500111070,20231118,944,18,14,1,25.04177,121.58735,4
500111070,20231118,945,18,14,1,25.04177,121.58735,4
500111070,20231118,946,18,13,1,25.04177,121.58735,5
500111070,20231118,947,18,13,1,25.04177,121.58735,5
500111070,20231118,948,18,13,1,25.04177,121.58735,5
500111070,20231118,949,18,13,1,25.04177,121.58735,5
500111070,20231118,950,18,13,1,25.04177,121.58735,5
500111070,20231118,951,18,13,1,25.04177,121.58735,5
500111070,20231118,952,18,13,1,25.04177,121.58735,5
500111070,20231118,953,18,13,1,25.04177,121.58735,5
500111070,20231118,954,18,13,1,25.04177,121.58735,5
500111070,20231118,955,18,13,1,25.04177,121.58735,5
500111070,20231118,956,18,13,1,25.04177,121.58735,5
500111070,20231118,957,18,13,1,25.04177,121.58735,5
500111070,20231118,958,18,13,1,25.04177,121.58735,5
500111070,20231118,959,18,12,1,25.04177,121.58735,6
500111070,20231118,961,18,11,1,25.04177,121.58735,7
500111070,20231118,962,18,11,1,25.04177,121.58735,7
500111070,20231118,963,18,11,1,25.04177,121.58735,7
500111070,20231118,964,18,11,1,25.04177,121.58735,7
500111070,20231118,965,18,11,1,25.04177,121.58735,7
500111070,20231118,966,18,11,1,25.04177,121.58735,7
500111070,20231118,967,18,11,1,25.04177,121.58735,7
500111070,20231118,968,18,11,1,25.04177,121.58735,7
500111070,20231118,969,18,11,1,25.04177,121.58735,7
500111070,20231118,970,18,12,1,25.04177,121.58735,6
500111070,20231118,971,18,12,1,25.04177,121.58735,6
500111070,20231118,972,18,12,1,25.04177,121.58735,6
500111070,20231118,973,18,12,1,25.04177,121.58735,6
500111070,20231118,974,18,12,1,25.04177,121.58735,6
500111070,20231118,975,18,12,1,25.04177,121.58735,6
500111070,20231118,976,18,12,1,25.04177,121.58735,6
500111070,20231118,977,18,12,1,25.04177,121.58735,6
500111070,20231118,978,18,13,1,25.04177,121.58735,5
500111070,20231118,979,18,13,1,25.04177,121.58735,5
500111070,20231118,981,18,13,1,25.04177,121.58735,5
500111070,20231118,982,18,14,1,25.04177,121.58735,4
500111070,20231118,983,18,14,1,25.04177,121.58735,4
500111070,20231118,984,18,15,1,25.04177,121.58735,3
500111070,20231118,985,18,18,1,25.04177,121.58735,0
500111070,20231118,986,18,16,1,25.04177,121.58735,2
500111070,20231118,987,18,16,1,25.04177,121.58735,2
500111070,20231118,988,18,16,1,25.04177,121.58735,2
500111070,20231118,989,18,16,1,25.04177,121.58735,2
500111070,20231118,991,18,17,1,25.04177,121.58735,1
500111070,20231118,992,18,17,1,25.04177,121.58735,1
500111070,20231118,993,18,17,1,25.04177,121.58735,1
500111070,20231118,994,18,17,1,25.04177,121.58735,1
500111070,20231118,995,18,16,1,25.04177,121.58735,2
500111070,20231118,996,18,15,1,25.04177,121.58735,3
500111070,20231118,997,18,15,1,25.04177,121.58735,3
500111070,20231118,998,18,16,1,25.04177,121.58735,2
500111070,20231118,999,18,16,1,25.04177,121.58735,2
500111070,20231118,1000,18,16,1,25.04177,121.58735,2
500111070,20231118,1001,18,16,1,25.04177,121.58735,2
500111070,20231118,1002,18,17,1,25.04177,121.58735,1
500111070,20231118,1003,18,16,1,25.04177,121.58735,2
500111070,20231118,1004,18,15,1,25.04177,121.58735,3
500111070,20231118,1005,18,15,1,25.04177,121.58735,3
500111070,20231118,1006,18,16,1,25.04177,121.58735,2
500111070,20231118,1007,18,17,1,25.04177,121.58735,1
500111070,20231118,1008,18,16,1,25.04177,121.58735,2
500111070,20231118,1009,18,16,1,25.04177,121.58735,2
500111070,20231118,1010,18,16,1,25.04177,121.58735,2
500111070,20231118,1011,18,17,1,25.04177,121.58735,1
500111070,20231118,1012,18,17,1,25.04177,121.58735,1
500111070,20231118,1013,18,17,1,25.04177,121.58735,1
500111070,20231118,1014,18,17,1,25.04177,121.58735,1
500111070,20231118,1015,18,17,1,25.04177,121.58735,1
500111070,20231118,1016,18,16,1,25.04177,121.58735,2
500111070,20231118,1017,18,17,1,25.04177,121.58735,1
500111070,20231118,1018,18,18,1,25.04177,121.58735,0
500111070,20231118,1019,18,17,1,25.04177,121.58735,1
500111070,20231118,1021,18,17,1,25.04177,121.58735,1
500111070,20231118,1022,18,17,1,25.04177,121.58735,1
500111070,20231118,1023,18,17,1,25.04177,121.58735,1
500111070,20231118,1024,18,17,1,25.04177,121.58735,1
500111070,20231118,1025,18,17,1,25.04177,121.58735,1
500111070,20231118,1026,18,16,1,25.04177,121.58735,2
500111070,20231118,1027,18,16,1,25.04177,121.58735,2
500111070,20231118,1028,18,17,1,25.04177,121.58735,1
500111070,20231118,1029,18,17,1,25.04177,121.58735,1
500111070,20231118,1030,18,17,1,25.04177,121.58735,1
500111070,20231118,1031,18,17,1,25.04177,121.58735,1
500111070,20231118,1032,18,17,1,25.04177,121.58735,1
500111070,20231118,1033,18,17,1,25.04177,121.58735,1
500111070,20231118,1034,18,17,1,25.04177,121.58735,1
500111070,20231118,1035,18,17,1,25.04177,121.58735,1
500111070,20231118,1036,18,17,1,25.04177,121.58735,1
500111070,20231118,1037,18,17,1,25.04177,121.58735,1
500111070,20231118,1038,18,17,1,25.04177,121.58735,1
500111070,20231118,1039,18,17,1,25.04177,121.58735,1
500111070,20231118,1041,18,17,1,25.04177,121.58735,1
500111070,20231118,1042,18,17,1,25.04177,121.58735,1
500111070,20231118,1043,18,17,1,25.04177,121.58735,1
500111070,20231118,1044,18,17,1,25.04177,121.58735,1
500111070,20231118,1045,18,17,1,25.04177,121.58735,1
500111070,20231118,1046,18,17,1,25.04177,121.58735,1
500111070,20231118,1047,18,18,1,25.04177,121.58735,0
500111070,20231118,1048,18,17,1,25.04177,121.58735,1
500111070,20231118,1049,18,17,1,25.04177,121.58735,1
500111070,20231118,1052,18,17,1,25.04177,121.58735,1
500111070,20231118,1053,18,17,1,25.04177,121.58735,1
500111070,20231118,1054,18,17,1,25.04177,121.58735,1
500111070,20231118,1055,18,15,1,25.04177,121.58735,3
500111070,20231118,1056,18,16,1,25.04177,121.58735,2
500111070,20231118,1057,18,16,1,25.04177,121.58735,2
500111070,20231118,1058,18,16,1,25.04177,121.58735,2
500111070,20231118,1059,18,16,1,25.04177,121.58735,2
500111070,20231118,1061,18,15,1,25.04177,121.58735,3
500111070,20231118,1062,18,16,1,25.04177,121.58735,2
500111070,20231118,1063,18,16,1,25.04177,121.58735,2
500111070,20231118,1064,18,16,1,25.04177,121.58735,2
500111070,20231118,1065,18,16,1,25.04177,121.58735,2
500111070,20231118,1066,18,16,1,25.04177,121.58735,2
500111070,20231118,1067,18,17,1,25.04177,121.58735,1
500111070,20231118,1068,18,17,1,25.04177,121.58735,1
500111070,20231118,1069,18,17,1,25.04177,121.58735,1
500111070,20231118,1071,18,16,1,25.04177,121.58735,2
500111070,20231118,1072,18,17,1,25.04177,121.58735,1
500111070,20231118,1073,18,17,1,25.04177,121.58735,1
500111070,20231118,1074,18,17,1,25.04177,121.58735,1
500111070,20231118,1075,18,17,1,25.04177,121.58735,1
500111070,20231118,1076,18,17,1,25.04177,121.58735,1
500111070,20231118,1077,18,17,1,25.04177,121.58735,1
500111070,20231118,1078,18,17,1,25.04177,121.58735,1
500111070,20231118,1079,18,16,1,25.04177,121.58735,2
500111070,20231118,1081,18,16,1,25.04177,121.58735,2
500111070,20231118,1082,18,16,1,25.04177,121.58735,2
500111070,20231118,1083,18,16,1,25.04177,121.58735,2
500111070,20231118,1084,18,16,1,25.04177,121.58735,2
500111070,20231118,1085,18,16,1,25.04177,121.58735,2
500111070,20231118,1086,18,16,1,25.04177,121.58735,2
500111070,20231118,1087,18,16,1,25.04177,121.58735,2
500111070,20231118,1088,18,16,1,25.04177,121.58735,2
500111070,20231118,1089,18,16,1,25.04177,121.58735,2
500111070,20231118,1091,18,16,1,25.04177,121.58735,2
500111070,20231118,1092,18,16,1,25.04177,121.58735,2
500111070,20231118,1093,18,16,1,25.04177,121.58735,2
500111070,20231118,1094,18,16,1,25.04177,121.58735,2
500111070,20231118,1095,18,14,1,25.04177,121.58735,4
500111070,20231118,1096,18,14,1,25.04177,121.58735,4
500111070,20231118,1097,18,14,1,25.04177,121.58735,4
500111070,20231118,1098,18,14,1,25.04177,121.58735,4
500111070,20231118,1099,18,14,1,25.04177,121.58735,4
500111070,20231118,1101,18,14,1,25.04177,121.58735,4
500111070,20231118,1102,18,14,1,25.04177,121.58735,4
500111070,20231118,1103,18,14,1,25.04177,121.58735,4
500111070,20231118,1104,18,14,1,25.04177,121.58735,4
500111070,20231118,1105,18,14,1,25.04177,121.58735,4
500111070,20231118,1106,18,14,1,25.04177,121.58735,4
500111070,20231118,1107,18,14,1,25.04177,121.58735,4
500111070,20231118,1108,18,14,1,25.04177,121.58735,4
500111070,20231118,1109,18,14,1,25.04177,121.58735,4
500111070,20231118,1111,18,15,1,25.04177,121.58735,3
500111070,20231118,1112,18,15,1,25.04177,121.58735,3
500111070,20231118,1113,18,15,1,25.04177,121.58735,3
500111070,20231118,1114,18,15,1,25.04177,121.58735,3
500111070,20231118,1115,18,15,1,25.04177,121.58735,3
500111070,20231118,1116,18,15,1,25.04177,121.58735,3
500111070,20231118,1117,18,15,1,25.04177,121.58735,3
500111070,20231118,1118,18,15,1,25.04177,121.58735,3
500111070,20231118,1119,18,15,1,25.04177,121.58735,3
500111070,20231118,1121,18,14,1,25.04177,121.58735,4
500111070,20231118,1122,18,14,1,25.04177,121.58735,4
500111070,20231118,1123,18,14,1,25.04177,121.58735,4
500111070,20231118,1124,18,14,1,25.04177,121.58735,4
500111070,20231118,1125,18,14,1,25.04177,121.58735,4
500111070,20231118,1126,18,14,1,25.04177,121.58735,4
500111070,20231118,1127,18,14,1,25.04177,121.58735,4
500111070,20231118,1128,18,14,1,25.04177,121.58735,4
500111070,20231118,1129,18,14,1,25.04177,121.58735,4
500111070,20231118,1131,18,14,1,25.04177,121.58735,4
500111070,20231118,1132,18,14,1,25.04177,121.58735,4
500111070,20231118,1133,18,14,1,25.04177,121.58735,4
500111070,20231118,1134,18,14,1,25.04177,121.58735,4
500111070,20231118,1135,18,14,1,25.04177,121.58735,4
500111070,20231118,1136,18,14,1,25.04177,121.58735,4
500111070,20231118,1137,18,14,1,25.04177,121.58735,4
500111070,20231118,1138,18,14,1,25.04177,121.58735,4
500111070,20231118,1139,18,14,1,25.04177,121.58735,4
500111070,20231118,1141,18,14,1,25.04177,121.58735,4
500111070,20231118,1142,18,14,1,25.04177,121.58735,4
500111070,20231118,1143,18,14,1,25.04177,121.58735,4
500111070,20231118,1144,18,14,1,25.04177,121.58735,4
500111070,20231118,1145,18,14,1,25.04177,121.58735,4
500111070,20231118,1146,18,14,1,25.04177,121.58735,4
500111070,20231118,1147,18,14,1,25.04177,121.58735,4
500111070,20231118,1148,18,13,1,25.04177,121.58735,5
500111070,20231118,1149,18,13,1,25.04177,121.58735,5
500111070,20231118,1151,18,13,1,25.04177,121.58735,5
500111070,20231118,1152,18,14,1,25.04177,121.58735,4
500111070,20231118,1153,18,14,1,25.04177,121.58735,4
500111070,20231118,1154,18,14,1,25.04177,121.58735,4
500111070,20231118,1155,18,13,1,25.04177,121.58735,5
500111070,20231118,1156,18,13,1,25.04177,121.58735,5
500111070,20231118,1157,18,13,1,25.04177,121.58735,5
500111070,20231118,1158,18,13,1,25.04177,121.58735,5
500111070,20231118,1159,18,15,1,25.04177,121.58735,3
500111070,20231118,1161,18,15,1,25.04177,121.58735,3
500111070,20231118,1162,18,15,1,25.04177,121.58735,3
500111070,20231118,1163,18,15,1,25.04177,121.58735,3
500111070,20231118,1164,18,16,1,25.04177,121.58735,2
500111070,20231118,1165,18,16,1,25.04177,121.58735,2
500111070,20231118,1166,18,16,1,25.04177,121.58735,2
500111070,20231118,1167,18,15,1,25.04177,121.58735,3
500111070,20231118,1168,18,15,1,25.04177,121.58735,3
500111070,20231118,1169,18,15,1,25.04177,121.58735,3
500111070,20231118,1171,18,15,1,25.04177,121.58735,3
500111070,20231118,1172,18,15,1,25.04177,121.58735,3
500111070,20231118,1173,18,15,1,25.04177,121.58735,3
500111070,20231118,1174,18,15,1,25.04177,121.58735,3
500111070,20231118,1175,18,15,1,25.04177,121.58735,3
500111070,20231118,1176,18,16,1,25.04177,121.58735,2
500111070,20231118,1177,18,16,1,25.04177,121.58735,2
500111070,20231118,1178,18,16,1,25.04177,121.58735,2
500111070,20231118,1179,18,16,1,25.04177,121.58735,2
500111070,20231118,1180,18,16,1,25.04177,121.58735,2
500111070,20231118,1181,18,16,1,25.04177,121.58735,2
500111070,20231118,1182,18,16,1,25.04177,121.58735,2
500111070,20231118,1183,18,16,1,25.04177,121.58735,2
500111070,20231118,1184,18,16,1,25.04177,121.58735,2
500111070,20231118,1185,18,16,1,25.04177,121.58735,2
500111070,20231118,1186,18,16,1,25.04177,121.58735,2
500111070,20231118,1187,18,16,1,25.04177,121.58735,2
500111070,20231118,1188,18,16,1,25.04177,121.58735,2
500111070,20231118,1189,18,16,1,25.04177,121.58735,2
500111070,20231118,1190,18,16,1,25.04177,121.58735,2
500111070,20231118,1191,18,15,1,25.04177,121.58735,3
500111070,20231118,1192,18,15,1,25.04177,121.58735,3
500111070,20231118,1193,18,15,1,25.04177,121.58735,3
500111070,20231118,1194,18,15,1,25.04177,121.58735,3
500111070,20231118,1195,18,15,1,25.04177,121.58735,3
500111070,20231118,1196,18,15,1,25.04177,121.58735,3
500111070,20231118,1197,18,15,1,25.04177,121.58735,3
500111070,20231118,1198,18,15,1,25.04177,121.58735,3
500111070,20231118,1199,18,15,1,25.04177,121.58735,3
500111070,20231118,1201,18,16,1,25.04177,121.58735,2
500111070,20231118,1202,18,16,1,25.04177,121.58735,2
500111070,20231118,1203,18,16,1,25.04177,121.58735,2
500111070,20231118,1204,18,16,1,25.04177,121.58735,2
500111070,20231118,1205,18,16,1,25.04177,121.58735,2
500111070,20231118,1206,18,16,1,25.04177,121.58735,2
500111070,20231118,1207,18,16,1,25.04177,121.58735,2
500111070,20231118,1208,18,17,1,25.04177,121.58735,1
500111070,20231118,1209,18,17,1,25.04177,121.58735,1
500111070,20231118,1210,18,16,1,25.04177,121.58735,2
500111070,20231118,1211,18,16,1,25.04177,121.58735,2
500111070,20231118,1212,18,15,1,25.04177,121.58735,3
500111070,20231118,1213,18,15,1,25.04177,121.58735,3
500111070,20231118,1214,18,15,1,25.04177,121.58735,3
500111070,20231118,1215,18,15,1,25.04177,121.58735,3
500111070,20231118,1216,18,15,1,25.04177,121.58735,3
500111070,20231118,1217,18,15,1,25.04177,121.58735,3
500111070,20231118,1218,18,15,1,25.04177,121.58735,3
500111070,20231118,1219,18,15,1,25.04177,121.58735,3
500111070,20231118,1221,18,14,1,25.04177,121.58735,4
500111070,20231118,1222,18,14,1,25.04177,121.58735,4
500111070,20231118,1223,18,13,1,25.04177,121.58735,5
500111070,20231118,1224,18,13,1,25.04177,121.58735,5
500111070,20231118,1225,18,13,1,25.04177,121.58735,5
500111070,20231118,1226,18,13,1,25.04177,121.58735,5
500111070,20231118,1227,18,13,1,25.04177,121.58735,5
500111070,20231118,1228,18,13,1,25.04177,121.58735,5
500111070,20231118,1229,18,14,1,25.04177,121.58735,4
500111070,20231118,1230,18,14,1,25.04177,121.58735,4
500111070,20231118,1231,18,14,1,25.04177,121.58735,4
500111070,20231118,1232,18,14,1,25.04177,121.58735,4
500111070,20231118,1233,18,14,1,25.04177,121.58735,4
500111070,20231118,1234,18,14,1,25.04177,121.58735,4
500111070,20231118,1235,18,14,1,25.04177,121.58735,4
500111070,20231118,1236,18,14,1,25.04177,121.58735,4
500111070,20231118,1237,18,14,1,25.04177,121.58735,4
500111070,20231118,1238,18,14,1,25.04177,121.58735,4
500111070,20231118,1239,18,14,1,25.04177,121.58735,4
500111070,20231118,1240,18,14,1,25.04177,121.58735,4
500111070,20231118,1241,18,14,1,25.04177,121.58735,4
500111070,20231118,1242,18,14,1,25.04177,121.58735,4
500111070,20231118,1243,18,14,1,25.04177,121.58735,4
500111070,20231118,1244,18,14,1,25.04177,121.58735,4
500111070,20231118,1245,18,14,1,25.04177,121.58735,4
500111070,20231118,1246,18,14,1,25.04177,121.58735,4
500111070,20231118,1247,18,14,1,25.04177,121.58735,4
500111070,20231118,1248,18,14,1,25.04177,121.58735,4
500111070,20231118,1249,18,13,1,25.04177,121.58735,5
500111070,20231118,1250,18,14,1,25.04177,121.58735,4
500111070,20231118,1251,18,14,1,25.04177,121.58735,4
500111070,20231118,1252,18,14,1,25.04177,121.58735,4
500111070,20231118,1253,18,13,1,25.04177,121.58735,5
500111070,20231118,1254,18,13,1,25.04177,121.58735,5
500111070,20231118,1255,18,13,1,25.04177,121.58735,5
500111070,20231118,1256,18,12,1,25.04177,121.58735,6
500111070,20231118,1257,18,12,1,25.04177,121.58735,6
500111070,20231118,1258,18,11,1,25.04177,121.58735,7
500111070,20231118,1259,18,11,1,25.04177,121.58735,7
500111070,20231118,1261,18,10,1,25.04177,121.58735,8
500111070,20231118,1262,18,10,1,25.04177,121.58735,8
500111070,20231118,1263,18,10,1,25.04177,121.58735,8
500111070,20231118,1264,18,9,1,25.04177,121.58735,9
500111070,20231118,1265,18,9,1,25.04177,121.58735,9
500111070,20231118,1266,18,9,1,25.04177,121.58735,9
500111070,20231118,1267,18,9,1,25.04177,121.58735,9
500111070,20231118,1268,18,9,1,25.04177,121.58735,9
500111070,20231118,1269,18,9,1,25.04177,121.58735,9
500111070,20231118,1270,18,11,1,25.04177,121.58735,7
500111070,20231118,1271,18,11,1,25.04177,121.58735,7
500111070,20231118,1272,18,11,1,25.04177,121.58735,7
500111070,20231118,1273,18,11,1,25.04177,121.58735,6
500111070,20231118,1274,18,11,1,25.04177,121.58735,6
500111070,20231118,1275,18,11,1,25.04177,121.58735,6
500111070,20231118,1276,18,11,1,25.04177,121.58735,6
500111070,20231118,1277,18,11,1,25.04177,121.58735,6
500111070,20231118,1278,18,10,1,25.04177,121.58735,7
500111070,20231118,1279,18,11,1,25.04177,121.58735,6
500111070,20231118,1281,18,11,1,25.04177,121.58735,6
500111070,20231118,1282,18,11,1,25.04177,121.58735,6
500111070,20231118,1283,18,9,1,25.04177,121.58735,8
500111070,20231118,1284,18,9,1,25.04177,121.58735,8
500111070,20231118,1285,18,9,1,25.04177,121.58735,8
500111070,20231118,1286,18,11,1,25.04177,121.58735,6
500111070,20231118,1287,18,11,1,25.04177,121.58735,6
500111070,20231118,1288,18,12,1,25.04177,121.58735,5
500111070,20231118,1289,18,12,1,25.04177,121.58735,5
500111070,20231118,1290,18,12,1,25.04177,121.58735,5
500111070,20231118,1291,18,12,1,25.04177,121.58735,5
500111070,20231118,1292,18,12,1,25.04177,121.58735,5
500111070,20231118,1293,18,12,1,25.04177,121.58735,5
500111070,20231118,1294,18,12,1,25.04177,121.58735,5
500111070,20231118,1295,18,14,1,25.04177,121.58735,3
500111070,20231118,1296,18,11,1,25.04177,121.58735,6
500111070,20231118,1297,18,10,1,25.04177,121.58735,7
500111070,20231118,1298,18,10,1,25.04177,121.58735,7
500111070,20231118,1299,18,10,1,25.04177,121.58735,7
500111070,20231118,1300,18,9,1,25.04177,121.58735,8
500111070,20231118,1301,18,9,1,25.04177,121.58735,8
500111070,20231118,1302,18,9,1,25.04177,121.58735,8
500111070,20231118,1303,18,9,1,25.04177,121.58735,8
500111070,20231118,1304,18,9,1,25.04177,121.58735,8
500111070,20231118,1305,18,9,1,25.04177,121.58735,8
500111070,20231118,1306,18,9,1,25.04177,121.58735,8
500111070,20231118,1307,18,9,1,25.04177,121.58735,8
500111070,20231118,1308,18,9,1,25.04177,121.58735,8
500111070,20231118,1309,18,9,1,25.04177,121.58735,8
500111070,20231118,1310,18,9,1,25.04177,121.58735,8
500111070,20231118,1311,18,9,1,25.04177,121.58735,8
500111070,20231118,1312,18,9,1,25.04177,121.58735,8
500111070,20231118,1313,18,9,1,25.04177,121.58735,8
500111070,20231118,1314,18,9,1,25.04177,121.58735,8
500111070,20231118,1315,18,9,1,25.04177,121.58735,8
500111070,20231118,1316,18,9,1,25.04177,121.58735,8
500111070,20231118,1317,18,9,1,25.04177,121.58735,8
500111070,20231118,1318,18,9,1,25.04177,121.58735,8
500111070,20231118,1319,18,8,1,25.04177,121.58735,9
500111070,20231118,1321,18,8,1,25.04177,121.58735,9
500111070,20231118,1322,18,7,1,25.04177,121.58735,10
500111070,20231118,1323,18,7,1,25.04177,121.58735,10
500111070,20231118,1324,18,7,1,25.04177,121.58735,10
500111070,20231118,1325,18,7,1,25.04177,121.58735,10
500111070,20231118,1326,18,7,1,25.04177,121.58735,10
500111070,20231118,1327,18,7,1,25.04177,121.58735,10
500111070,20231118,1328,18,7,1,25.04177,121.58735,10
500111070,20231118,1329,18,6,1,25.04177,121.58735,11
500111070,20231118,1330,18,6,1,25.04177,121.58735,11
500111070,20231118,1331,18,6,1,25.04177,121.58735,11
500111070,20231118,1332,18,6,1,25.04177,121.58735,11
500111070,20231118,1333,18,5,1,25.04177,121.58735,12
500111070,20231118,1334,18,6,1,25.04177,121.58735,11
500111070,20231118,1335,18,6,1,25.04177,121.58735,11
500111070,20231118,1336,18,6,1,25.04177,121.58735,11
500111070,20231118,1337,18,6,1,25.04177,121.58735,11
500111070,20231118,1339,18,5,1,25.04177,121.58735,12
500111070,20231118,1341,18,5,1,25.04177,121.58735,12
500111070,20231118,1342,18,5,1,25.04177,121.58735,12
500111070,20231118,1343,18,5,1,25.04177,121.58735,12
500111070,20231118,1344,18,4,1,25.04177,121.58735,13
500111070,20231118,1345,18,4,1,25.04177,121.58735,13
500111070,20231118,1346,18,4,1,25.04177,121.58735,13
500111070,20231118,1347,18,4,1,25.04177,121.58735,13
500111070,20231118,1348,18,4,1,25.04177,121.58735,13
500111070,20231118,1349,18,3,1,25.04177,121.58735,14
500111070,20231118,1351,18,3,1,25.04177,121.58735,14
500111070,20231118,1352,18,3,1,25.04177,121.58735,14
500111070,20231118,1353,18,3,1,25.04177,121.58735,14
500111070,20231118,1354,18,3,1,25.04177,121.58735,14
500111070,20231118,1355,18,4,1,25.04177,121.58735,13
500111070,20231118,1356,18,4,1,25.04177,121.58735,13
500111070,20231118,1357,18,4,1,25.04177,121.58735,13
500111070,20231118,1358,18,4,1,25.04177,121.58735,13
500111070,20231118,1359,18,3,1,25.04177,121.58735,14
500111070,20231118,1361,18,3,1,25.04177,121.58735,14
500111070,20231118,1362,18,3,1,25.04177,121.58735,14
500111070,20231118,1363,18,3,1,25.04177,121.58735,14
500111070,20231118,1364,18,3,1,25.04177,121.58735,14
500111070,20231118,1365,18,3,1,25.04177,121.58735,14
500111070,20231118,1366,18,3,1,25.04177,121.58735,14
500111070,20231118,1367,18,3,1,25.04177,121.58735,14
500111070,20231118,1368,18,3,1,25.04177,121.58735,14
500111070,20231118,1369,18,3,1,25.04177,121.58735,14
500111070,20231118,1371,18,3,1,25.04177,121.58735,14
500111070,20231118,1372,18,10,1,25.04177,121.58735,7
500111070,20231118,1373,18,12,1,25.04177,121.58735,5
500111070,20231118,1374,18,12,1,25.04177,121.58735,5
500111070,20231118,1375,18,12,1,25.04177,121.58735,5
500111070,20231118,1376,18,12,1,25.04177,121.58735,5
500111070,20231118,1377,18,12,1,25.04177,121.58735,5
500111070,20231118,1378,18,13,1,25.04177,121.58735,4
500111070,20231118,1379,18,13,1,25.04177,121.58735,4
500111070,20231118,1381,18,13,1,25.04177,121.58735,4
500111070,20231118,1382,18,12,1,25.04177,121.58735,5
500111070,20231118,1383,18,12,1,25.04177,121.58735,5
500111070,20231118,1384,18,12,1,25.04177,121.58735,5
500111070,20231118,1385,18,12,1,25.04177,121.58735,5
500111070,20231118,1386,18,12,1,25.04177,121.58735,5
500111070,20231118,1387,18,12,1,25.04177,121.58735,5
500111070,20231118,1388,18,12,1,25.04177,121.58735,5
500111070,20231118,1389,18,10,1,25.04177,121.58735,7
500111070,20231118,1391,18,11,1,25.04177,121.58735,6
500111070,20231118,1392,18,13,1,25.04177,121.58735,4
500111070,20231118,1393,18,13,1,25.04177,121.58735,4
500111070,20231118,1394,18,13,1,25.04177,121.58735,4
500111070,20231118,1395,18,13,1,25.04177,121.58735,4
500111070,20231118,1396,18,13,1,25.04177,121.58735,4
500111070,20231118,1397,18,13,1,25.04177,121.58735,4
500111070,20231118,1398,18,13,1,25.04177,121.58735,4
500111070,20231118,1399,18,13,1,25.04177,121.58735,4
500111070,20231118,1401,18,13,1,25.04177,121.58735,4
500111070,20231118,1402,18,13,1,25.04177,121.58735,4
500111070,20231118,1403,18,13,1,25.04177,121.58735,4
500111070,20231118,1404,18,13,1,25.04177,121.58735,4
500111070,20231118,1405,18,12,1,25.04177,121.58735,5
500111070,20231118,1406,18,12,1,25.04177,121.58735,5
500111070,20231118,1407,18,12,1,25.04177,121.58735,5
500111070,20231118,1408,18,12,1,25.04177,121.58735,5
500111070,20231118,1409,18,12,1,25.04177,121.58735,5
500111070,20231118,1411,18,12,1,25.04177,121.58735,5
500111070,20231118,1412,18,12,1,25.04177,121.58735,5
500111070,20231118,1413,18,12,1,25.04177,121.58735,5
500111070,20231118,1414,18,12,1,25.04177,121.58735,5
500111070,20231118,1415,18,12,1,25.04177,121.58735,5
500111070,20231118,1416,18,12,1,25.04177,121.58735,5
500111070,20231118,1417,18,12,1,25.04177,121.58735,5
500111070,20231118,1418,18,12,1,25.04177,121.58735,5
500111070,20231118,1419,18,12,1,25.04177,121.58735,5
500111070,20231118,1421,18,12,1,25.04177,121.58735,5
500111070,20231118,1422,18,12,1,25.04177,121.58735,5
500111070,20231118,1423,18,12,1,25.04177,121.58735,5
500111070,20231118,1424,18,12,1,25.04177,121.58735,5
500111070,20231118,1425,18,12,1,25.04177,121.58735,5
500111070,20231118,1426,18,12,1,25.04177,121.58735,5
500111070,20231118,1427,18,11,1,25.04177,121.58735,6
500111070,20231118,1428,18,11,1,25.04177,121.58735,6
500111070,20231118,1429,18,11,1,25.04177,121.58735,6
500111070,20231118,1431,18,11,1,25.04177,121.58735,6
500111070,20231118,1432,18,11,1,25.04177,121.58735,6
500111070,20231118,1433,18,11,1,25.04177,121.58735,6
500111070,20231118,1434,18,11,1,25.04177,121.58735,6
500111070,20231118,1435,18,11,1,25.04177,121.58735,6
500111070,20231118,1436,18,11,1,25.04177,121.58735,6
500111070,20231118,1437,18,12,1,25.04177,121.58735,5
500111070,20231118,1438,18,12,1,25.04177,121.58735,5
500111070,20231118,1439,18,12,1,25.04177,121.58735,5
500111070,20231119,1,18,12,1,25.04177,121.58735,5
500111070,20231119,2,18,12,1,25.04177,121.58735,5
500111070,20231119,3,18,12,1,25.04177,121.58735,5
500111070,20231119,4,18,12,1,25.04177,121.58735,5
500111070,20231119,5,18,12,1,25.04177,121.58735,5
500111070,20231119,6,18,12,1,25.04177,121.58735,5
500111070,20231119,7,18,12,1,25.04177,121.58735,5
500111070,20231119,8,18,12,1,25.04177,121.58735,5
500111070,20231119,9,18,11,1,25.04177,121.58735,6
500111070,20231119,10,18,11,1,25.04177,121.58735,6
500111070,20231119,11,18,11,1,25.04177,121.58735,6
500111070,20231119,12,18,11,1,25.04177,121.58735,6
500111070,20231119,13,18,11,1,25.04177,121.58735,6
500111070,20231119,14,18,11,1,25.04177,121.58735,6
500111070,20231119,15,18,11,1,25.04177,121.58735,6
500111070,20231119,16,18,11,1,25.04177,121.58735,6
500111070,20231119,17,18,11,1,25.04177,121.58735,6
500111070,20231119,18,18,11,1,25.04177,121.58735,6
500111070,20231119,19,18,11,1,25.04177,121.58735,6
500111070,20231119,21,18,11,1,25.04177,121.58735,6
500111070,20231119,22,18,11,1,25.04177,121.58735,6
500111070,20231119,23,18,11,1,25.04177,121.58735,6
500111070,20231119,25,18,11,1,25.04177,121.58735,6
500111070,20231119,26,18,11,1,25.04177,121.58735,6
500111070,20231119,27,18,11,1,25.04177,121.58735,6
500111070,20231119,28,18,11,1,25.04177,121.58735,6
500111070,20231119,29,18,11,1,25.04177,121.58735,6
500111070,20231119,30,18,12,1,25.04177,121.58735,5
500111070,20231119,31,18,11,1,25.04177,121.58735,6
500111070,20231119,32,18,11,1,25.04177,121.58735,6
500111070,20231119,33,18,11,1,25.04177,121.58735,6
500111070,20231119,34,18,11,1,25.04177,121.58735,6
500111070,20231119,35,18,11,1,25.04177,121.58735,6
500111070,20231119,36,18,11,1,25.04177,121.58735,6
500111070,20231119,37,18,11,1,25.04177,121.58735,6
500111070,20231119,38,18,11,1,25.04177,121.58735,6
500111070,20231119,39,18,11,1,25.04177,121.58735,6
500111070,20231119,40,18,11,1,25.04177,121.58735,6
500111070,20231119,41,18,11,1,25.04177,121.58735,6
500111070,20231119,42,18,11,1,25.04177,121.58735,6
500111070,20231119,43,18,11,1,25.04177,121.58735,6
500111070,20231119,44,18,11,1,25.04177,121.58735,6
500111070,20231119,45,18,11,1,25.04177,121.58735,6
500111070,20231119,46,18,11,1,25.04177,121.58735,6
500111070,20231119,47,18,11,1,25.04177,121.58735,6
500111070,20231119,48,18,11,1,25.04177,121.58735,6
500111070,20231119,49,18,11,1,25.04177,121.58735,6
500111070,20231119,50,18,11,1,25.04177,121.58735,6
500111070,20231119,51,18,11,1,25.04177,121.58735,6
500111070,20231119,52,18,11,1,25.04177,121.58735,6
500111070,20231119,53,18,11,1,25.04177,121.58735,6
500111070,20231119,54,18,11,1,25.04177,121.58735,6
500111070,20231119,55,18,11,1,25.04177,121.58735,6
500111070,20231119,56,18,11,1,25.04177,121.58735,6
500111070,20231119,57,18,11,1,25.04177,121.58735,6
500111070,20231119,58,18,11,1,25.04177,121.58735,6
500111070,20231119,59,18,10,1,25.04177,121.58735,7
500111070,20231119,60,18,10,1,25.04177,121.58735,7
500111070,20231119,61,18,10,1,25.04177,121.58735,7
500111070,20231119,62,18,10,1,25.04177,121.58735,7
500111070,20231119,63,18,10,1,25.04177,121.58735,7
500111070,20231119,64,18,10,1,25.04177,121.58735,7
500111070,20231119,65,18,10,1,25.04177,121.58735,7
500111070,20231119,66,18,10,1,25.04177,121.58735,7
500111070,20231119,67,18,10,1,25.04177,121.58735,7
500111070,20231119,68,18,9,1,25.04177,121.58735,8
500111070,20231119,69,18,9,1,25.04177,121.58735,8
500111070,20231119,70,18,9,1,25.04177,121.58735,8
500111070,20231119,71,18,9,1,25.04177,121.58735,8
500111070,20231119,72,18,9,1,25.04177,121.58735,8
500111070,20231119,73,18,9,1,25.04177,121.58735,8
500111070,20231119,74,18,9,1,25.04177,121.58735,8
500111070,20231119,75,18,9,1,25.04177,121.58735,8
500111070,20231119,76,18,9,1,25.04177,121.58735,8
500111070,20231119,77,18,8,1,25.04177,121.58735,9
500111070,20231119,78,18,8,1,25.04177,121.58735,9
500111070,20231119,79,18,8,1,25.04177,121.58735,9
500111070,20231119,81,18,8,1,25.04177,121.58735,9
500111070,20231119,82,18,8,1,25.04177,121.58735,9
500111070,20231119,83,18,8,1,25.04177,121.58735,9
500111070,20231119,84,18,8,1,25.04177,121.58735,9
500111070,20231119,85,18,8,1,25.04177,121.58735,9
500111070,20231119,86,18,8,1,25.04177,121.58735,9
500111070,20231119,87,18,8,1,25.04177,121.58735,9
500111070,20231119,88,18,8,1,25.04177,121.58735,9
500111070,20231119,89,18,8,1,25.04177,121.58735,9
500111070,20231119,90,18,8,1,25.04177,121.58735,9
500111070,20231119,91,18,8,1,25.04177,121.58735,9
500111070,20231119,92,18,8,1,25.04177,121.58735,9
500111070,20231119,93,18,8,1,25.04177,121.58735,9
500111070,20231119,94,18,8,1,25.04177,121.58735,9
500111070,20231119,95,18,8,1,25.04177,121.58735,9
500111070,20231119,96,18,8,1,25.04177,121.58735,9
500111070,20231119,97,18,8,1,25.04177,121.58735,9
500111070,20231119,98,18,8,1,25.04177,121.58735,9
500111070,20231119,99,18,8,1,25.04177,121.58735,9
500111070,20231119,100,18,8,1,25.04177,121.58735,9
500111070,20231119,101,18,8,1,25.04177,121.58735,9
500111070,20231119,102,18,8,1,25.04177,121.58735,9
500111070,20231119,103,18,8,1,25.04177,121.58735,9
500111070,20231119,104,18,8,1,25.04177,121.58735,9
500111070,20231119,105,18,8,1,25.04177,121.58735,9
500111070,20231119,106,18,8,1,25.04177,121.58735,9
500111070,20231119,107,18,8,1,25.04177,121.58735,9
500111070,20231119,108,18,8,1,25.04177,121.58735,9
500111070,20231119,109,18,8,1,25.04177,121.58735,9
500111070,20231119,110,18,8,1,25.04177,121.58735,9
500111070,20231119,111,18,8,1,25.04177,121.58735,9
500111070,20231119,112,18,8,1,25.04177,121.58735,9
500111070,20231119,113,18,8,1,25.04177,121.58735,9
500111070,20231119,114,18,8,1,25.04177,121.58735,9
500111070,20231119,115,18,8,1,25.04177,121.58735,9
500111070,20231119,116,18,8,1,25.04177,121.58735,9
500111070,20231119,117,18,8,1,25.04177,121.58735,9
500111070,20231119,118,18,8,1,25.04177,121.58735,9
500111070,20231119,119,18,8,1,25.04177,121.58735,9
500111070,20231119,121,18,8,1,25.04177,121.58735,9
500111070,20231119,122,18,8,1,25.04177,121.58735,9
500111070,20231119,123,18,8,1,25.04177,121.58735,9
500111070,20231119,124,18,8,1,25.04177,121.58735,9
500111070,20231119,125,18,8,1,25.04177,121.58735,9
500111070,20231119,126,18,8,1,25.04177,121.58735,9
500111070,20231119,127,18,8,1,25.04177,121.58735,9
500111070,20231119,128,18,8,1,25.04177,121.58735,9
500111070,20231119,129,18,8,1,25.04177,121.58735,9
500111070,20231119,130,18,8,1,25.04177,121.58735,9
500111070,20231119,131,18,8,1,25.04177,121.58735,9
500111070,20231119,132,18,8,1,25.04177,121.58735,9
500111070,20231119,133,18,8,1,25.04177,121.58735,9
500111070,20231119,134,18,8,1,25.04177,121.58735,9
500111070,20231119,135,18,8,1,25.04177,121.58735,9
500111070,20231119,136,18,8,1,25.04177,121.58735,9
500111070,20231119,137,18,8,1,25.04177,121.58735,9
500111070,20231119,138,18,8,1,25.04177,121.58735,9
500111070,20231119,139,18,8,1,25.04177,121.58735,9
500111070,20231119,141,18,8,1,25.04177,121.58735,9
500111070,20231119,142,18,8,1,25.04177,121.58735,9
500111070,20231119,143,18,8,1,25.04177,121.58735,9
500111070,20231119,144,18,8,1,25.04177,121.58735,9
500111070,20231119,145,18,8,1,25.04177,121.58735,9
500111070,20231119,146,18,8,1,25.04177,121.58735,9
500111070,20231119,147,18,8,1,25.04177,121.58735,9
500111070,20231119,148,18,8,1,25.04177,121.58735,9
500111070,20231119,149,18,8,1,25.04177,121.58735,9
500111070,20231119,150,18,8,1,25.04177,121.58735,9
500111070,20231119,151,18,8,1,25.04177,121.58735,9
500111070,20231119,152,18,8,1,25.04177,121.58735,9
500111070,20231119,153,18,8,1,25.04177,121.58735,9
500111070,20231119,154,18,8,1,25.04177,121.58735,9
500111070,20231119,155,18,8,1,25.04177,121.58735,9
500111070,20231119,156,18,8,1,25.04177,121.58735,9
500111070,20231119,157,18,8,1,25.04177,121.58735,9
500111070,20231119,158,18,8,1,25.04177,121.58735,9
500111070,20231119,159,18,8,1,25.04177,121.58735,9
500111070,20231119,160,18,8,1,25.04177,121.58735,9
500111070,20231119,161,18,8,1,25.04177,121.58735,9
500111070,20231119,162,18,8,1,25.04177,121.58735,9
500111070,20231119,163,18,8,1,25.04177,121.58735,9
500111070,20231119,164,18,8,1,25.04177,121.58735,9
500111070,20231119,165,18,8,1,25.04177,121.58735,9
500111070,20231119,166,18,8,1,25.04177,121.58735,9
500111070,20231119,167,18,8,1,25.04177,121.58735,9
500111070,20231119,168,18,8,1,25.04177,121.58735,9
500111070,20231119,169,18,8,1,25.04177,121.58735,9
500111070,20231119,170,18,8,1,25.04177,121.58735,9
500111070,20231119,171,18,8,1,25.04177,121.58735,9
500111070,20231119,172,18,8,1,25.04177,121.58735,9
500111070,20231119,173,18,8,1,25.04177,121.58735,9
500111070,20231119,174,18,8,1,25.04177,121.58735,9
500111070,20231119,175,18,8,1,25.04177,121.58735,9
500111070,20231119,176,18,8,1,25.04177,121.58735,9
500111070,20231119,177,18,8,1,25.04177,121.58735,9
500111070,20231119,178,18,8,1,25.04177,121.58735,9
500111070,20231119,179,18,8,1,25.04177,121.58735,9
500111070,20231119,180,18,8,1,25.04177,121.58735,9
500111070,20231119,181,18,8,1,25.04177,121.58735,9
500111070,20231119,183,18,8,1,25.04177,121.58735,9
500111070,20231119,184,18,8,1,25.04177,121.58735,9
500111070,20231119,185,18,8,1,25.04177,121.58735,9
500111070,20231119,186,18,8,1,25.04177,121.58735,9
500111070,20231119,187,18,8,1,25.04177,121.58735,9
500111070,20231119,188,18,8,1,25.04177,121.58735,9
500111070,20231119,189,18,8,1,25.04177,121.58735,9
500111070,20231119,191,18,8,1,25.04177,121.58735,9
500111070,20231119,192,18,8,1,25.04177,121.58735,9
500111070,20231119,193,18,8,1,25.04177,121.58735,9
500111070,20231119,194,18,8,1,25.04177,121.58735,9
500111070,20231119,195,18,8,1,25.04177,121.58735,9
500111070,20231119,196,18,8,1,25.04177,121.58735,9
500111070,20231119,197,18,8,1,25.04177,121.58735,9
500111070,20231119,198,18,8,1,25.04177,121.58735,9
500111070,20231119,199,18,8,1,25.04177,121.58735,9
500111070,20231119,201,18,8,1,25.04177,121.58735,9
500111070,20231119,202,18,8,1,25.04177,121.58735,9
500111070,20231119,203,18,8,1,25.04177,121.58735,9
500111070,20231119,204,18,8,1,25.04177,121.58735,9
500111070,20231119,205,18,8,1,25.04177,121.58735,9
500111070,20231119,206,18,8,1,25.04177,121.58735,9
500111070,20231119,207,18,8,1,25.04177,121.58735,9
500111070,20231119,208,18,8,1,25.04177,121.58735,9
500111070,20231119,209,18,8,1,25.04177,121.58735,9
500111070,20231119,211,18,8,1,25.04177,121.58735,9
500111070,20231119,212,18,8,1,25.04177,121.58735,9
500111070,20231119,213,18,8,1,25.04177,121.58735,9
500111070,20231119,214,18,8,1,25.04177,121.58735,9
500111070,20231119,215,18,8,1,25.04177,121.58735,9
500111070,20231119,216,18,8,1,25.04177,121.58735,9
500111070,20231119,217,18,8,1,25.04177,121.58735,9
500111070,20231119,218,18,8,1,25.04177,121.58735,9
500111070,20231119,219,18,8,1,25.04177,121.58735,9
500111070,20231119,221,18,8,1,25.04177,121.58735,9
500111070,20231119,222,18,8,1,25.04177,121.58735,9
500111070,20231119,223,18,8,1,25.04177,121.58735,9
500111070,20231119,224,18,8,1,25.04177,121.58735,9
500111070,20231119,225,18,8,1,25.04177,121.58735,9
500111070,20231119,226,18,8,1,25.04177,121.58735,9
500111070,20231119,227,18,8,1,25.04177,121.58735,9
500111070,20231119,228,18,7,1,25.04177,121.58735,10
500111070,20231119,229,18,7,1,25.04177,121.58735,10
500111070,20231119,231,18,7,1,25.04177,121.58735,10
500111070,20231119,232,18,7,1,25.04177,121.58735,10
500111070,20231119,233,18,7,1,25.04177,121.58735,10
500111070,20231119,234,18,7,1,25.04177,121.58735,10
500111070,20231119,235,18,7,1,25.04177,121.58735,10
500111070,20231119,236,18,7,1,25.04177,121.58735,10
500111070,20231119,237,18,7,1,25.04177,121.58735,10
500111070,20231119,238,18,7,1,25.04177,121.58735,10
500111070,20231119,239,18,7,1,25.04177,121.58735,10
500111070,20231119,241,18,7,1,25.04177,121.58735,10
500111070,20231119,242,18,7,1,25.04177,121.58735,10
500111070,20231119,243,18,7,1,25.04177,121.58735,10
500111070,20231119,244,18,7,1,25.04177,121.58735,10
500111070,20231119,245,18,7,1,25.04177,121.58735,10
500111070,20231119,246,18,7,1,25.04177,121.58735,10
500111070,20231119,247,18,7,1,25.04177,121.58735,10
500111070,20231119,248,18,7,1,25.04177,121.58735,10
500111070,20231119,249,18,7,1,25.04177,121.58735,10
500111070,20231119,251,18,7,1,25.04177,121.58735,10
500111070,20231119,252,18,7,1,25.04177,121.58735,10
500111070,20231119,253,18,7,1,25.04177,121.58735,10
500111070,20231119,254,18,7,1,25.04177,121.58735,10
500111070,20231119,255,18,7,1,25.04177,121.58735,10
500111070,20231119,256,18,7,1,25.04177,121.58735,10
500111070,20231119,257,18,7,1,25.04177,121.58735,10
500111070,20231119,258,18,7,1,25.04177,121.58735,10
500111070,20231119,259,18,7,1,25.04177,121.58735,10
500111070,20231119,261,18,7,1,25.04177,121.58735,10
500111070,20231119,262,18,7,1,25.04177,121.58735,10
500111070,20231119,263,18,7,1,25.04177,121.58735,10
500111070,20231119,264,18,7,1,25.04177,121.58735,10
500111070,20231119,265,18,7,1,25.04177,121.58735,10
500111070,20231119,266,18,7,1,25.04177,121.58735,10
500111070,20231119,267,18,7,1,25.04177,121.58735,10
500111070,20231119,268,18,7,1,25.04177,121.58735,10
500111070,20231119,269,18,7,1,25.04177,121.58735,10
500111070,20231119,270,18,6,1,25.04177,121.58735,11
500111070,20231119,271,18,6,1,25.04177,121.58735,11
500111070,20231119,272,18,6,1,25.04177,121.58735,11
500111070,20231119,273,18,6,1,25.04177,121.58735,11
500111070,20231119,274,18,6,1,25.04177,121.58735,11
500111070,20231119,275,18,6,1,25.04177,121.58735,11
500111070,20231119,276,18,6,1,25.04177,121.58735,11
500111070,20231119,277,18,6,1,25.04177,121.58735,11
500111070,20231119,278,18,6,1,25.04177,121.58735,11
500111070,20231119,279,18,6,1,25.04177,121.58735,11
500111070,20231119,280,18,6,1,25.04177,121.58735,11
500111070,20231119,281,18,6,1,25.04177,121.58735,11
500111070,20231119,282,18,6,1,25.04177,121.58735,11
500111070,20231119,283,18,6,1,25.04177,121.58735,11
500111070,20231119,284,18,6,1,25.04177,121.58735,11
500111070,20231119,285,18,6,1,25.04177,121.58735,11
500111070,20231119,286,18,6,1,25.04177,121.58735,11
500111070,20231119,287,18,6,1,25.04177,121.58735,11
500111070,20231119,288,18,6,1,25.04177,121.58735,11
500111070,20231119,289,18,6,1,25.04177,121.58735,11
500111070,20231119,290,18,6,1,25.04177,121.58735,11
500111070,20231119,291,18,6,1,25.04177,121.58735,11
500111070,20231119,292,18,6,1,25.04177,121.58735,11
500111070,20231119,293,18,6,1,25.04177,121.58735,11
500111070,20231119,294,18,6,1,25.04177,121.58735,11
500111070,20231119,295,18,6,1,25.04177,121.58735,11
500111070,20231119,296,18,6,1,25.04177,121.58735,11
500111070,20231119,297,18,6,1,25.04177,121.58735,11
500111070,20231119,298,18,6,1,25.04177,121.58735,11
500111070,20231119,299,18,6,1,25.04177,121.58735,11
500111070,20231119,300,18,6,1,25.04177,121.58735,11
500111070,20231119,301,18,6,1,25.04177,121.58735,11
500111070,20231119,302,18,6,1,25.04177,121.58735,11
500111070,20231119,303,18,6,1,25.04177,121.58735,11
500111070,20231119,304,18,6,1,25.04177,121.58735,11
500111070,20231119,305,18,6,1,25.04177,121.58735,11
500111070,20231119,306,18,6,1,25.04177,121.58735,11
500111070,20231119,307,18,6,1,25.04177,121.58735,11
500111070,20231119,308,18,6,1,25.04177,121.58735,11
500111070,20231119,309,18,6,1,25.04177,121.58735,11
500111070,20231119,310,18,6,1,25.04177,121.58735,11
500111070,20231119,311,18,6,1,25.04177,121.58735,11
500111070,20231119,312,18,6,1,25.04177,121.58735,11
500111070,20231119,313,18,6,1,25.04177,121.58735,11
500111070,20231119,314,18,6,1,25.04177,121.58735,11
500111070,20231119,315,18,6,1,25.04177,121.58735,11
500111070,20231119,316,18,6,1,25.04177,121.58735,11
500111070,20231119,317,18,6,1,25.04177,121.58735,11
500111070,20231119,318,18,6,1,25.04177,121.58735,11
500111070,20231119,319,18,6,1,25.04177,121.58735,11
500111070,20231119,321,18,6,1,25.04177,121.58735,11
500111070,20231119,322,18,6,1,25.04177,121.58735,11
500111070,20231119,323,18,6,1,25.04177,121.58735,11
500111070,20231119,324,18,6,1,25.04177,121.58735,11
500111070,20231119,325,18,6,1,25.04177,121.58735,11
500111070,20231119,326,18,6,1,25.04177,121.58735,11
500111070,20231119,327,18,6,1,25.04177,121.58735,11
500111070,20231119,328,18,6,1,25.04177,121.58735,11
500111070,20231119,329,18,6,1,25.04177,121.58735,11
500111070,20231119,330,18,6,1,25.04177,121.58735,11
500111070,20231119,331,18,6,1,25.04177,121.58735,11
500111070,20231119,332,18,6,1,25.04177,121.58735,11
500111070,20231119,333,18,6,1,25.04177,121.58735,11
500111070,20231119,334,18,6,1,25.04177,121.58735,11
500111070,20231119,335,18,6,1,25.04177,121.58735,11
500111070,20231119,336,18,6,1,25.04177,121.58735,11
500111070,20231119,337,18,6,1,25.04177,121.58735,11
500111070,20231119,338,18,6,1,25.04177,121.58735,11
500111070,20231119,339,18,6,1,25.04177,121.58735,11
500111070,20231119,340,18,6,1,25.04177,121.58735,11
500111070,20231119,341,18,6,1,25.04177,121.58735,11
500111070,20231119,342,18,6,1,25.04177,121.58735,11
500111070,20231119,343,18,7,1,25.04177,121.58735,10
500111070,20231119,344,18,7,1,25.04177,121.58735,10
500111070,20231119,345,18,7,1,25.04177,121.58735,10
500111070,20231119,346,18,7,1,25.04177,121.58735,10
500111070,20231119,347,18,7,1,25.04177,121.58735,10
500111070,20231119,348,18,7,1,25.04177,121.58735,10
500111070,20231119,349,18,7,1,25.04177,121.58735,10
500111070,20231119,350,18,7,1,25.04177,121.58735,10
500111070,20231119,351,18,7,1,25.04177,121.58735,10
500111070,20231119,352,18,7,1,25.04177,121.58735,10
500111070,20231119,353,18,7,1,25.04177,121.58735,10
500111070,20231119,354,18,7,1,25.04177,121.58735,10
500111070,20231119,355,18,7,1,25.04177,121.58735,10
500111070,20231119,356,18,7,1,25.04177,121.58735,10
500111070,20231119,357,18,7,1,25.04177,121.58735,10
500111070,20231119,358,18,7,1,25.04177,121.58735,10
500111070,20231119,359,18,7,1,25.04177,121.58735,10
500111070,20231119,360,18,7,1,25.04177,121.58735,10
500111070,20231119,361,18,7,1,25.04177,121.58735,10
500111070,20231119,362,18,7,1,25.04177,121.58735,10
500111070,20231119,363,18,7,1,25.04177,121.58735,10
500111070,20231119,364,18,7,1,25.04177,121.58735,10
500111070,20231119,365,18,7,1,25.04177,121.58735,10
500111070,20231119,366,18,7,1,25.04177,121.58735,10
500111070,20231119,367,18,7,1,25.04177,121.58735,10
500111070,20231119,368,18,7,1,25.04177,121.58735,10
500111070,20231119,369,18,7,1,25.04177,121.58735,10
500111070,20231119,370,18,7,1,25.04177,121.58735,10
500111070,20231119,371,18,7,1,25.04177,121.58735,10
500111070,20231119,372,18,7,1,25.04177,121.58735,10
500111070,20231119,373,18,7,1,25.04177,121.58735,10
500111070,20231119,374,18,7,1,25.04177,121.58735,10
500111070,20231119,375,18,7,1,25.04177,121.58735,10
500111070,20231119,376,18,7,1,25.04177,121.58735,10
500111070,20231119,377,18,7,1,25.04177,121.58735,10
500111070,20231119,378,18,7,1,25.04177,121.58735,10
500111070,20231119,379,18,7,1,25.04177,121.58735,10
500111070,20231119,381,18,7,1,25.04177,121.58735,10
500111070,20231119,382,18,7,1,25.04177,121.58735,10
500111070,20231119,383,18,8,1,25.04177,121.58735,9
500111070,20231119,384,18,8,1,25.04177,121.58735,9
500111070,20231119,385,18,8,1,25.04177,121.58735,9
500111070,20231119,386,18,8,1,25.04177,121.58735,9
500111070,20231119,387,18,8,1,25.04177,121.58735,9
500111070,20231119,388,18,8,1,25.04177,121.58735,9
500111070,20231119,389,18,8,1,25.04177,121.58735,9
500111070,20231119,390,18,8,1,25.04177,121.58735,9
500111070,20231119,391,18,8,1,25.04177,121.58735,9
500111070,20231119,392,18,8,1,25.04177,121.58735,9
500111070,20231119,393,18,8,1,25.04177,121.58735,9
500111070,20231119,394,18,8,1,25.04177,121.58735,9
500111070,20231119,395,18,8,1,25.04177,121.58735,9
500111070,20231119,396,18,8,1,25.04177,121.58735,9
500111070,20231119,397,18,8,1,25.04177,121.58735,9
500111070,20231119,398,18,8,1,25.04177,121.58735,9
500111070,20231119,399,18,9,1,25.04177,121.58735,8
500111070,20231119,400,18,9,1,25.04177,121.58735,8
500111070,20231119,401,18,9,1,25.04177,121.58735,8
500111070,20231119,402,18,9,1,25.04177,121.58735,8
500111070,20231119,403,18,10,1,25.04177,121.58735,7
500111070,20231119,404,18,10,1,25.04177,121.58735,7
500111070,20231119,405,18,10,1,25.04177,121.58735,7
500111070,20231119,406,18,10,1,25.04177,121.58735,7
500111070,20231119,407,18,10,1,25.04177,121.58735,7
500111070,20231119,408,18,10,1,25.04177,121.58735,7
500111070,20231119,409,18,10,1,25.04177,121.58735,7
500111070,20231119,410,18,10,1,25.04177,121.58735,7
500111070,20231119,411,18,10,1,25.04177,121.58735,7
500111070,20231119,412,18,10,1,25.04177,121.58735,7
500111070,20231119,413,18,10,1,25.04177,121.58735,7
500111070,20231119,414,18,10,1,25.04177,121.58735,7
500111070,20231119,415,18,10,1,25.04177,121.58735,7
500111070,20231119,416,18,10,1,25.04177,121.58735,7
500111070,20231119,417,18,10,1,25.04177,121.58735,7
500111070,20231119,418,18,10,1,25.04177,121.58735,7
500111070,20231119,419,18,10,1,25.04177,121.58735,7
500111070,20231119,420,18,10,1,25.04177,121.58735,7
500111070,20231119,421,18,10,1,25.04177,121.58735,7
500111070,20231119,422,18,10,1,25.04177,121.58735,7
500111070,20231119,423,18,10,1,25.04177,121.58735,7
500111070,20231119,424,18,10,1,25.04177,121.58735,7
500111070,20231119,425,18,10,1,25.04177,121.58735,7
500111070,20231119,426,18,10,1,25.04177,121.58735,7
500111070,20231119,427,18,10,1,25.04177,121.58735,7
500111070,20231119,428,18,10,1,25.04177,121.58735,7
500111070,20231119,429,18,11,1,25.04177,121.58735,6
500111070,20231119,430,18,11,1,25.04177,121.58735,6
500111070,20231119,431,18,11,1,25.04177,121.58735,6
500111070,20231119,432,18,11,1,25.04177,121.58735,6
500111070,20231119,433,18,10,1,25.04177,121.58735,7
500111070,20231119,434,18,10,1,25.04177,121.58735,7
500111070,20231119,435,18,10,1,25.04177,121.58735,7
500111070,20231119,436,18,10,1,25.04177,121.58735,7
500111070,20231119,437,18,10,1,25.04177,121.58735,7
500111070,20231119,438,18,10,1,25.04177,121.58735,7
500111070,20231119,439,18,10,1,25.04177,121.58735,7
500111070,20231119,441,18,10,1,25.04177,121.58735,7
500111070,20231119,442,18,9,1,25.04177,121.58735,8
500111070,20231119,443,18,9,1,25.04177,121.58735,8
500111070,20231119,444,18,9,1,25.04177,121.58735,8
500111070,20231119,445,18,9,1,25.04177,121.58735,8
500111070,20231119,446,18,9,1,25.04177,121.58735,8
500111070,20231119,447,18,9,1,25.04177,121.58735,8
500111070,20231119,448,18,9,1,25.04177,121.58735,8
500111070,20231119,449,18,9,1,25.04177,121.58735,8
500111070,20231119,450,18,9,1,25.04177,121.58735,8
500111070,20231119,451,18,10,1,25.04177,121.58735,7
500111070,20231119,452,18,10,1,25.04177,121.58735,7
500111070,20231119,453,18,10,1,25.04177,121.58735,7
500111070,20231119,454,18,10,1,25.04177,121.58735,7
500111070,20231119,456,18,10,1,25.04177,121.58735,7
500111070,20231119,457,18,10,1,25.04177,121.58735,7
500111070,20231119,458,18,10,1,25.04177,121.58735,7
500111070,20231119,459,18,10,1,25.04177,121.58735,7
500111070,20231119,461,18,10,1,25.04177,121.58735,7
500111070,20231119,462,18,10,1,25.04177,121.58735,7
500111070,20231119,463,18,10,1,25.04177,121.58735,7
500111070,20231119,464,18,10,1,25.04177,121.58735,7
500111070,20231119,465,18,10,1,25.04177,121.58735,7
500111070,20231119,466,18,10,1,25.04177,121.58735,7
500111070,20231119,467,18,11,1,25.04177,121.58735,6
500111070,20231119,468,18,11,1,25.04177,121.58735,6
500111070,20231119,469,18,12,1,25.04177,121.58735,5
500111070,20231119,471,18,12,1,25.04177,121.58735,5
500111070,20231119,472,18,12,1,25.04177,121.58735,5
500111070,20231119,473,18,12,1,25.04177,121.58735,5
500111070,20231119,474,18,12,1,25.04177,121.58735,5
500111070,20231119,475,18,12,1,25.04177,121.58735,5
500111070,20231119,476,18,12,1,25.04177,121.58735,5
500111070,20231119,477,18,12,1,25.04177,121.58735,5
500111070,20231119,478,18,12,1,25.04177,121.58735,5
500111070,20231119,479,18,12,1,25.04177,121.58735,5
500111070,20231119,481,18,12,1,25.04177,121.58735,5
500111070,20231119,482,18,12,1,25.04177,121.58735,5
500111070,20231119,483,18,12,1,25.04177,121.58735,5
500111070,20231119,484,18,12,1,25.04177,121.58735,5
500111070,20231119,485,18,12,1,25.04177,121.58735,5
500111070,20231119,486,18,12,1,25.04177,121.58735,5
500111070,20231119,487,18,12,1,25.04177,121.58735,5
500111070,20231119,488,18,12,1,25.04177,121.58735,5
500111070,20231119,489,18,12,1,25.04177,121.58735,5
500111070,20231119,490,18,13,1,25.04177,121.58735,4
500111070,20231119,491,18,13,1,25.04177,121.58735,4
500111070,20231119,492,18,14,1,25.04177,121.58735,3
500111070,20231119,493,18,14,1,25.04177,121.58735,3
500111070,20231119,494,18,14,1,25.04177,121.58735,3
500111070,20231119,495,18,14,1,25.04177,121.58735,3
500111070,20231119,496,18,14,1,25.04177,121.58735,3
500111070,20231119,497,18,12,1,25.04177,121.58735,5
500111070,20231119,498,18,8,1,25.04177,121.58735,9
500111070,20231119,499,18,4,1,25.04177,121.58735,13
500111070,20231119,501,18,4,1,25.04177,121.58735,13
500111070,20231119,502,18,4,1,25.04177,121.58735,13
500111070,20231119,503,18,4,1,25.04177,121.58735,13
500111070,20231119,504,18,4,1,25.04177,121.58735,13
500111070,20231119,505,18,4,1,25.04177,121.58735,13
500111070,20231119,506,18,5,1,25.04177,121.58735,12
500111070,20231119,507,18,5,1,25.04177,121.58735,12
500111070,20231119,508,18,5,1,25.04177,121.58735,12
500111070,20231119,509,18,5,1,25.04177,121.58735,12
500111070,20231119,511,18,5,1,25.04177,121.58735,12
500111070,20231119,512,18,5,1,25.04177,121.58735,12
500111070,20231119,513,18,5,1,25.04177,121.58735,12
500111070,20231119,514,18,4,1,25.04177,121.58735,13
500111070,20231119,515,18,4,1,25.04177,121.58735,13
500111070,20231119,516,18,4,1,25.04177,121.58735,13
500111070,20231119,517,18,4,1,25.04177,121.58735,13
500111070,20231119,518,18,4,1,25.04177,121.58735,13
500111070,20231119,519,18,5,1,25.04177,121.58735,12
500111070,20231119,521,18,6,1,25.04177,121.58735,11
500111070,20231119,522,18,6,1,25.04177,121.58735,11
500111070,20231119,523,18,6,1,25.04177,121.58735,11
500111070,20231119,524,18,6,1,25.04177,121.58735,11
500111070,20231119,525,18,7,1,25.04177,121.58735,10
500111070,20231119,526,18,7,1,25.04177,121.58735,10
500111070,20231119,527,18,7,1,25.04177,121.58735,10
500111070,20231119,528,18,7,1,25.04177,121.58735,10
500111070,20231119,529,18,7,1,25.04177,121.58735,10
500111070,20231119,531,18,8,1,25.04177,121.58735,9
500111070,20231119,532,18,8,1,25.04177,121.58735,9
500111070,20231119,533,18,8,1,25.04177,121.58735,9
500111070,20231119,534,18,8,1,25.04177,121.58735,9
500111070,20231119,535,18,8,1,25.04177,121.58735,9
500111070,20231119,536,18,8,1,25.04177,121.58735,9
500111070,20231119,537,18,8,1,25.04177,121.58735,9
500111070,20231119,538,18,8,1,25.04177,121.58735,9
500111070,20231119,539,18,8,1,25.04177,121.58735,9
500111070,20231119,541,18,6,1,25.04177,121.58735,11
500111070,20231119,542,18,6,1,25.04177,121.58735,11
500111070,20231119,543,18,6,1,25.04177,121.58735,11
500111070,20231119,544,18,6,1,25.04177,121.58735,11
500111070,20231119,545,18,6,1,25.04177,121.58735,11
500111070,20231119,546,18,6,1,25.04177,121.58735,11
500111070,20231119,547,18,6,1,25.04177,121.58735,11
500111070,20231119,548,18,6,1,25.04177,121.58735,11
500111070,20231119,549,18,6,1,25.04177,121.58735,11
500111070,20231119,550,18,6,1,25.04177,121.58735,11
500111070,20231119,551,18,6,1,25.04177,121.58735,11
500111070,20231119,552,18,6,1,25.04177,121.58735,11
500111070,20231119,553,18,6,1,25.04177,121.58735,11
500111070,20231119,554,18,6,1,25.04177,121.58735,11
500111070,20231119,555,18,6,1,25.04177,121.58735,11
500111070,20231119,556,18,6,1,25.04177,121.58735,11
500111070,20231119,557,18,5,1,25.04177,121.58735,12
500111070,20231119,558,18,5,1,25.04177,121.58735,12
500111070,20231119,559,18,5,1,25.04177,121.58735,12
500111070,20231119,561,18,5,1,25.04177,121.58735,12
500111070,20231119,562,18,5,1,25.04177,121.58735,12
500111070,20231119,563,18,5,1,25.04177,121.58735,12
500111070,20231119,564,18,6,1,25.04177,121.58735,11
500111070,20231119,565,18,6,1,25.04177,121.58735,11
500111070,20231119,566,18,6,1,25.04177,121.58735,11
500111070,20231119,567,18,6,1,25.04177,121.58735,11
500111070,20231119,568,18,6,1,25.04177,121.58735,11
500111070,20231119,569,18,6,1,25.04177,121.58735,11
500111070,20231119,571,18,7,1,25.04177,121.58735,10
500111070,20231119,572,18,7,1,25.04177,121.58735,10
500111070,20231119,573,18,7,1,25.04177,121.58735,10
500111070,20231119,574,18,7,1,25.04177,121.58735,10
500111070,20231119,575,18,7,1,25.04177,121.58735,10
500111070,20231119,576,18,7,1,25.04177,121.58735,10
500111070,20231119,577,18,7,1,25.04177,121.58735,10
500111070,20231119,578,18,7,1,25.04177,121.58735,10
500111070,20231119,579,18,7,1,25.04177,121.58735,10
500111070,20231119,580,18,7,1,25.04177,121.58735,10
500111070,20231119,581,18,8,1,25.04177,121.58735,9
500111070,20231119,582,18,7,1,25.04177,121.58735,10
500111070,20231119,583,18,7,1,25.04177,121.58735,10
500111070,20231119,584,18,7,1,25.04177,121.58735,10
500111070,20231119,585,18,7,1,25.04177,121.58735,10
500111070,20231119,586,18,7,1,25.04177,121.58735,10
500111070,20231119,587,18,7,1,25.04177,121.58735,10
500111070,20231119,588,18,9,1,25.04177,121.58735,8
500111070,20231119,589,18,9,1,25.04177,121.58735,8
500111070,20231119,590,18,9,1,25.04177,121.58735,8
500111070,20231119,591,18,9,1,25.04177,121.58735,8
500111070,20231119,592,18,9,1,25.04177,121.58735,8
500111070,20231119,593,18,8,1,25.04177,121.58735,9
500111070,20231119,594,18,10,1,25.04177,121.58735,7
500111070,20231119,595,18,10,1,25.04177,121.58735,7
500111070,20231119,596,18,10,1,25.04177,121.58735,7
500111070,20231119,597,18,11,1,25.04177,121.58735,6
500111070,20231119,598,18,11,1,25.04177,121.58735,6
500111070,20231119,599,18,11,1,25.04177,121.58735,6
500111070,20231119,601,18,12,1,25.04177,121.58735,5
500111070,20231119,602,18,12,1,25.04177,121.58735,5
500111070,20231119,603,18,12,1,25.04177,121.58735,5
500111070,20231119,604,18,12,1,25.04177,121.58735,5
500111070,20231119,605,18,12,1,25.04177,121.58735,5
500111070,20231119,606,18,12,1,25.04177,121.58735,5
500111070,20231119,607,18,12,1,25.04177,121.58735,5
500111070,20231119,608,18,12,1,25.04177,121.58735,5
500111070,20231119,609,18,12,1,25.04177,121.58735,5
500111070,20231119,610,18,13,1,25.04177,121.58735,4
500111070,20231119,611,18,12,1,25.04177,121.58735,5
500111070,20231119,612,18,14,1,25.04177,121.58735,3
500111070,20231119,613,18,14,1,25.04177,121.58735,3
500111070,20231119,614,18,14,1,25.04177,121.58735,3
500111070,20231119,615,18,13,1,25.04177,121.58735,4
500111070,20231119,616,18,13,1,25.04177,121.58735,4
500111070,20231119,617,18,13,1,25.04177,121.58735,4
500111070,20231119,618,18,13,1,25.04177,121.58735,4
500111070,20231119,619,18,13,1,25.04177,121.58735,4
500111070,20231119,621,18,11,1,25.04177,121.58735,6
500111070,20231119,622,18,11,1,25.04177,121.58735,6
500111070,20231119,623,18,12,1,25.04177,121.58735,5
500111070,20231119,624,18,12,1,25.04177,121.58735,5
500111070,20231119,625,18,12,1,25.04177,121.58735,5
500111070,20231119,626,18,11,1,25.04177,121.58735,6
500111070,20231119,627,18,11,1,25.04177,121.58735,6
500111070,20231119,628,18,11,1,25.04177,121.58735,6
500111070,20231119,629,18,11,1,25.04177,121.58735,6
500111070,20231119,631,18,11,1,25.04177,121.58735,6
500111070,20231119,632,18,11,1,25.04177,121.58735,6
500111070,20231119,633,18,11,1,25.04177,121.58735,6
500111070,20231119,634,18,11,1,25.04177,121.58735,6
500111070,20231119,635,18,11,1,25.04177,121.58735,6
500111070,20231119,636,18,11,1,25.04177,121.58735,6
500111070,20231119,637,18,11,1,25.04177,121.58735,6
500111070,20231119,638,18,11,1,25.04177,121.58735,6
500111070,20231119,639,18,11,1,25.04177,121.58735,6
500111070,20231119,640,18,12,1,25.04177,121.58735,5
500111070,20231119,641,18,12,1,25.04177,121.58735,5
500111070,20231119,642,18,12,1,25.04177,121.58735,5
500111070,20231119,643,18,12,1,25.04177,121.58735,5
500111070,20231119,644,18,12,1,25.04177,121.58735,5
500111070,20231119,645,18,12,1,25.04177,121.58735,5
500111070,20231119,646,18,12,1,25.04177,121.58735,5
500111070,20231119,647,18,12,1,25.04177,121.58735,5
500111070,20231119,648,18,12,1,25.04177,121.58735,5
500111070,20231119,649,18,14,1,25.04177,121.58735,3
500111070,20231119,650,18,14,1,25.04177,121.58735,3
500111070,20231119,651,18,14,1,25.04177,121.58735,3
500111070,20231119,652,18,15,1,25.04177,121.58735,2
500111070,20231119,653,18,16,1,25.04177,121.58735,1
500111070,20231119,654,18,16,1,25.04177,121.58735,1
500111070,20231119,655,18,16,1,25.04177,121.58735,1
500111070,20231119,656,18,16,1,25.04177,121.58735,1
500111070,20231119,657,18,17,1,25.04177,121.58735,0
500111070,20231119,658,18,17,1,25.04177,121.58735,0
500111070,20231119,659,18,17,1,25.04177,121.58735,0
500111070,20231119,661,18,17,1,25.04177,121.58735,0
500111070,20231119,662,18,17,1,25.04177,121.58735,0
500111070,20231119,663,18,17,1,25.04177,121.58735,0
500111070,20231119,664,18,17,1,25.04177,121.58735,0
500111070,20231119,665,18,17,1,25.04177,121.58735,0
500111070,20231119,666,18,17,1,25.04177,121.58735,0
500111070,20231119,667,18,17,1,25.04177,121.58735,0
500111070,20231119,668,18,17,1,25.04177,121.58735,0
500111070,20231119,669,18,17,1,25.04177,121.58735,0
500111070,20231119,670,18,17,1,25.04177,121.58735,0
500111070,20231119,671,18,17,1,25.04177,121.58735,0
500111070,20231119,672,18,17,1,25.04177,121.58735,0
500111070,20231119,673,18,17,1,25.04177,121.58735,0
500111070,20231119,674,18,17,1,25.04177,121.58735,0
500111070,20231119,675,18,17,1,25.04177,121.58735,0
500111070,20231119,676,18,17,1,25.04177,121.58735,0
500111070,20231119,677,18,17,1,25.04177,121.58735,0
500111070,20231119,678,18,16,1,25.04177,121.58735,1
500111070,20231119,679,18,16,1,25.04177,121.58735,1
500111070,20231119,682,18,16,1,25.04177,121.58735,1
500111070,20231119,683,18,16,1,25.04177,121.58735,1
500111070,20231119,684,18,16,1,25.04177,121.58735,1
500111070,20231119,685,18,17,1,25.04177,121.58735,0
500111070,20231119,686,18,17,1,25.04177,121.58735,0
500111070,20231119,687,18,16,1,25.04177,121.58735,1
500111070,20231119,688,18,16,1,25.04177,121.58735,1
500111070,20231119,689,18,15,1,25.04177,121.58735,2
500111070,20231119,691,18,15,1,25.04177,121.58735,2
500111070,20231119,692,18,15,1,25.04177,121.58735,2
500111070,20231119,693,18,14,1,25.04177,121.58735,3
500111070,20231119,694,18,14,1,25.04177,121.58735,3
500111070,20231119,695,18,15,1,25.04177,121.58735,2
500111070,20231119,696,18,15,1,25.04177,121.58735,2
500111070,20231119,697,18,15,1,25.04177,121.58735,2
500111070,20231119,698,18,16,1,25.04177,121.58735,1
500111070,20231119,699,18,16,1,25.04177,121.58735,1
500111070,20231119,701,18,16,1,25.04177,121.58735,1
500111070,20231119,702,18,16,1,25.04177,121.58735,1
500111070,20231119,703,18,16,1,25.04177,121.58735,1
500111070,20231119,704,18,16,1,25.04177,121.58735,1
500111070,20231119,705,18,16,1,25.04177,121.58735,1
500111070,20231119,706,18,16,1,25.04177,121.58735,1
500111070,20231119,707,18,17,1,25.04177,121.58735,0
500111070,20231119,708,18,17,1,25.04177,121.58735,0
500111070,20231119,709,18,17,1,25.04177,121.58735,0
500111070,20231119,711,18,16,1,25.04177,121.58735,1
500111070,20231119,712,18,16,1,25.04177,121.58735,1
500111070,20231119,713,18,14,1,25.04177,121.58735,3
500111070,20231119,714,18,14,1,25.04177,121.58735,3
500111070,20231119,715,18,14,1,25.04177,121.58735,3
500111070,20231119,716,18,15,1,25.04177,121.58735,2
500111070,20231119,717,18,15,1,25.04177,121.58735,2
500111070,20231119,718,18,15,1,25.04177,121.58735,2
500111070,20231119,719,18,15,1,25.04177,121.58735,2
500111070,20231119,721,18,16,1,25.04177,121.58735,1
500111070,20231119,722,18,16,1,25.04177,121.58735,1
500111070,20231119,723,18,16,1,25.04177,121.58735,1
500111070,20231119,724,18,16,1,25.04177,121.58735,1
500111070,20231119,725,18,16,1,25.04177,121.58735,1
500111070,20231119,726,18,16,1,25.04177,121.58735,1
500111070,20231119,727,18,16,1,25.04177,121.58735,1
500111070,20231119,728,18,15,1,25.04177,121.58735,2
500111070,20231119,729,18,15,1,25.04177,121.58735,2
500111070,20231119,731,18,15,1,25.04177,121.58735,2
500111070,20231119,732,18,15,1,25.04177,121.58735,2
500111070,20231119,733,18,16,1,25.04177,121.58735,1
500111070,20231119,734,18,15,1,25.04177,121.58735,2
500111070,20231119,735,18,15,1,25.04177,121.58735,2
500111070,20231119,736,18,15,1,25.04177,121.58735,2
500111070,20231119,737,18,15,1,25.04177,121.58735,2
500111070,20231119,738,18,15,1,25.04177,121.58735,2
500111070,20231119,739,18,15,1,25.04177,121.58735,2
500111070,20231119,741,18,16,1,25.04177,121.58735,1
500111070,20231119,742,18,16,1,25.04177,121.58735,1
500111070,20231119,743,18,16,1,25.04177,121.58735,1
500111070,20231119,744,18,16,1,25.04177,121.58735,1
500111070,20231119,745,18,16,1,25.04177,121.58735,1
500111070,20231119,746,18,16,1,25.04177,121.58735,1
500111070,20231119,747,18,16,1,25.04177,121.58735,1
500111070,20231119,748,18,16,1,25.04177,121.58735,1
500111070,20231119,749,18,17,1,25.04177,121.58735,0
500111070,20231119,751,18,17,1,25.04177,121.58735,0
500111070,20231119,752,18,17,1,25.04177,121.58735,0
500111070,20231119,753,18,17,1,25.04177,121.58735,0
500111070,20231119,754,18,17,1,25.04177,121.58735,0
500111070,20231119,755,18,17,1,25.04177,121.58735,0
500111070,20231119,756,18,17,1,25.04177,121.58735,0
500111070,20231119,757,18,17,1,25.04177,121.58735,0
500111070,20231119,758,18,17,1,25.04177,121.58735,0
500111070,20231119,759,18,17,1,25.04177,121.58735,0
500111070,20231119,761,18,17,1,25.04177,121.58735,0
500111070,20231119,762,18,17,1,25.04177,121.58735,0
500111070,20231119,763,18,17,1,25.04177,121.58735,0
500111070,20231119,764,18,17,1,25.04177,121.58735,0
500111070,20231119,765,18,17,1,25.04177,121.58735,0
500111070,20231119,766,18,17,1,25.04177,121.58735,0
500111070,20231119,767,18,17,1,25.04177,121.58735,0
500111070,20231119,768,18,17,1,25.04177,121.58735,0
500111070,20231119,769,18,17,1,25.04177,121.58735,0
500111070,20231119,771,18,17,1,25.04177,121.58735,0
500111070,20231119,772,18,17,1,25.04177,121.58735,0
500111070,20231119,773,18,17,1,25.04177,121.58735,0
500111070,20231119,774,18,17,1,25.04177,121.58735,0
500111070,20231119,775,18,17,1,25.04177,121.58735,0
500111070,20231119,776,18,17,1,25.04177,121.58735,0
500111070,20231119,777,18,17,1,25.04177,121.58735,0
500111070,20231119,778,18,17,1,25.04177,121.58735,0
500111070,20231119,779,18,17,1,25.04177,121.58735,0
500111070,20231119,781,18,17,1,25.04177,121.58735,0
500111070,20231119,782,18,17,1,25.04177,121.58735,0
500111070,20231119,783,18,17,1,25.04177,121.58735,0
500111070,20231119,784,18,17,1,25.04177,121.58735,0
500111070,20231119,785,18,17,1,25.04177,121.58735,0
500111070,20231119,786,18,16,1,25.04177,121.58735,1
500111070,20231119,787,18,16,1,25.04177,121.58735,1
500111070,20231119,788,18,16,1,25.04177,121.58735,1
500111070,20231119,789,18,16,1,25.04177,121.58735,1
500111070,20231119,791,18,17,1,25.04177,121.58735,0
500111070,20231119,792,18,17,1,25.04177,121.58735,0
500111070,20231119,793,18,17,1,25.04177,121.58735,0
500111070,20231119,794,18,17,1,25.04177,121.58735,0
500111070,20231119,795,18,17,1,25.04177,121.58735,0
500111070,20231119,796,18,17,1,25.04177,121.58735,0
500111070,20231119,797,18,17,1,25.04177,121.58735,0
500111070,20231119,798,18,17,1,25.04177,121.58735,0
500111070,20231119,799,18,17,1,25.04177,121.58735,0
500111070,20231119,801,18,17,1,25.04177,121.58735,0
500111070,20231119,802,18,17,1,25.04177,121.58735,0
500111070,20231119,803,18,17,1,25.04177,121.58735,0
500111070,20231119,804,18,17,1,25.04177,121.58735,0
500111070,20231119,805,18,17,1,25.04177,121.58735,0
500111070,20231119,806,18,17,1,25.04177,121.58735,0
500111070,20231119,807,18,17,1,25.04177,121.58735,0
500111070,20231119,808,18,17,1,25.04177,121.58735,0
500111070,20231119,809,18,17,1,25.04177,121.58735,0
500111070,20231119,811,18,14,1,25.04177,121.58735,3
500111070,20231119,812,18,14,1,25.04177,121.58735,3
500111070,20231119,813,18,14,1,25.04177,121.58735,3
500111070,20231119,814,18,14,1,25.04177,121.58735,3
500111070,20231119,815,18,15,1,25.04177,121.58735,2
500111070,20231119,816,18,16,1,25.04177,121.58735,1
500111070,20231119,817,18,16,1,25.04177,121.58735,1
500111070,20231119,818,18,16,1,25.04177,121.58735,1
500111070,20231119,819,18,16,1,25.04177,121.58735,1
500111070,20231119,820,18,16,1,25.04177,121.58735,1
500111070,20231119,821,18,16,1,25.04177,121.58735,1
500111070,20231119,822,18,16,1,25.04177,121.58735,1
500111070,20231119,823,18,16,1,25.04177,121.58735,1
500111070,20231119,824,18,16,1,25.04177,121.58735,1
500111070,20231119,825,18,16,1,25.04177,121.58735,1
500111070,20231119,826,18,17,1,25.04177,121.58735,0
500111070,20231119,827,18,17,1,25.04177,121.58735,0
500111070,20231119,828,18,17,1,25.04177,121.58735,0
500111070,20231119,829,18,17,1,25.04177,121.58735,0
500111070,20231119,830,18,17,1,25.04177,121.58735,0
500111070,20231119,831,18,17,1,25.04177,121.58735,0
500111070,20231119,832,18,17,1,25.04177,121.58735,0
500111070,20231119,833,18,17,1,25.04177,121.58735,0
500111070,20231119,834,18,17,1,25.04177,121.58735,0
500111070,20231119,835,18,17,1,25.04177,121.58735,0
500111070,20231119,836,18,17,1,25.04177,121.58735,0
500111070,20231119,837,18,17,1,25.04177,121.58735,0
500111070,20231119,838,18,17,1,25.04177,121.58735,0
500111070,20231119,839,18,17,1,25.04177,121.58735,0
500111070,20231119,841,18,17,1,25.04177,121.58735,0
500111070,20231119,842,18,17,1,25.04177,121.58735,0
500111070,20231119,843,18,16,1,25.04177,121.58735,1
500111070,20231119,844,18,16,1,25.04177,121.58735,1
500111070,20231119,845,18,16,1,25.04177,121.58735,1
500111070,20231119,846,18,15,1,25.04177,121.58735,2
500111070,20231119,847,18,15,1,25.04177,121.58735,2
500111070,20231119,848,18,15,1,25.04177,121.58735,2
500111070,20231119,849,18,15,1,25.04177,121.58735,2
500111070,20231119,850,18,15,1,25.04177,121.58735,2
500111070,20231119,851,18,15,1,25.04177,121.58735,2
500111070,20231119,852,18,15,1,25.04177,121.58735,2
500111070,20231119,853,18,14,1,25.04177,121.58735,3
500111070,20231119,854,18,14,1,25.04177,121.58735,3
500111070,20231119,855,18,14,1,25.04177,121.58735,3
500111070,20231119,856,18,11,1,25.04177,121.58735,6
500111070,20231119,857,18,11,1,25.04177,121.58735,6
500111070,20231119,858,18,11,1,25.04177,121.58735,6
500111070,20231119,859,18,11,1,25.04177,121.58735,6
500111070,20231119,861,18,12,1,25.04177,121.58735,5
500111070,20231119,862,18,12,1,25.04177,121.58735,5
500111070,20231119,863,18,12,1,25.04177,121.58735,5
500111070,20231119,864,18,12,1,25.04177,121.58735,5
500111070,20231119,865,18,12,1,25.04177,121.58735,5
500111070,20231119,866,18,12,1,25.04177,121.58735,5
500111070,20231119,867,18,12,1,25.04177,121.58735,5
500111070,20231119,868,18,13,1,25.04177,121.58735,4
500111070,20231119,869,18,13,1,25.04177,121.58735,4
500111070,20231119,871,18,13,1,25.04177,121.58735,4
500111070,20231119,872,18,13,1,25.04177,121.58735,4
500111070,20231119,873,18,14,1,25.04177,121.58735,3
500111070,20231119,874,18,14,1,25.04177,121.58735,3
500111070,20231119,875,18,14,1,25.04177,121.58735,3
500111070,20231119,876,18,14,1,25.04177,121.58735,3
500111070,20231119,877,18,14,1,25.04177,121.58735,3
500111070,20231119,878,18,14,1,25.04177,121.58735,3
500111070,20231119,879,18,14,1,25.04177,121.58735,3
500111070,20231119,880,18,15,1,25.04177,121.58735,2
500111070,20231119,881,18,15,1,25.04177,121.58735,2
500111070,20231119,882,18,15,1,25.04177,121.58735,2
500111070,20231119,883,18,14,1,25.04177,121.58735,3
500111070,20231119,884,18,14,1,25.04177,121.58735,3
500111070,20231119,885,18,14,1,25.04177,121.58735,3
500111070,20231119,886,18,14,1,25.04177,121.58735,3
500111070,20231119,887,18,14,1,25.04177,121.58735,3
500111070,20231119,888,18,14,1,25.04177,121.58735,3
500111070,20231119,889,18,14,1,25.04177,121.58735,3
500111070,20231119,890,18,16,1,25.04177,121.58735,1
500111070,20231119,891,18,16,1,25.04177,121.58735,1
500111070,20231119,892,18,16,1,25.04177,121.58735,1
500111070,20231119,893,18,16,1,25.04177,121.58735,1
500111070,20231119,894,18,16,1,25.04177,121.58735,1
500111070,20231119,895,18,16,1,25.04177,121.58735,1
500111070,20231119,896,18,16,1,25.04177,121.58735,1
500111070,20231119,897,18,17,1,25.04177,121.58735,0
500111070,20231119,898,18,15,1,25.04177,121.58735,2
500111070,20231119,899,18,16,1,25.04177,121.58735,1
500111070,20231119,901,18,16,1,25.04177,121.58735,1
500111070,20231119,902,18,16,1,25.04177,121.58735,1
500111070,20231119,903,18,16,1,25.04177,121.58735,1
500111070,20231119,904,18,16,1,25.04177,121.58735,1
500111070,20231119,905,18,16,1,25.04177,121.58735,1
500111070,20231119,906,18,16,1,25.04177,121.58735,1
500111070,20231119,907,18,16,1,25.04177,121.58735,1
500111070,20231119,908,18,16,1,25.04177,121.58735,1
500111070,20231119,909,18,16,1,25.04177,121.58735,1
500111070,20231119,910,18,16,1,25.04177,121.58735,1
500111070,20231119,911,18,16,1,25.04177,121.58735,1
500111070,20231119,912,18,16,1,25.04177,121.58735,1
500111070,20231119,913,18,16,1,25.04177,121.58735,1
500111070,20231119,914,18,16,1,25.04177,121.58735,1
500111070,20231119,915,18,16,1,25.04177,121.58735,1
500111070,20231119,916,18,17,1,25.04177,121.58735,0
500111070,20231119,917,18,17,1,25.04177,121.58735,0
500111070,20231119,918,18,16,1,25.04177,121.58735,1
500111070,20231119,919,18,16,1,25.04177,121.58735,1
500111070,20231119,921,18,15,1,25.04177,121.58735,2
500111070,20231119,922,18,15,1,25.04177,121.58735,2
500111070,20231119,923,18,15,1,25.04177,121.58735,2
500111070,20231119,925,18,15,1,25.04177,121.58735,2
500111070,20231119,926,18,15,1,25.04177,121.58735,2
500111070,20231119,928,18,15,1,25.04177,121.58735,2
500111070,20231119,929,18,15,1,25.04177,121.58735,2
500111070,20231119,931,18,16,1,25.04177,121.58735,1
500111070,20231119,932,18,16,1,25.04177,121.58735,1
500111070,20231119,933,18,16,1,25.04177,121.58735,1
500111070,20231119,934,18,16,1,25.04177,121.58735,1
500111070,20231119,935,18,16,1,25.04177,121.58735,1
500111070,20231119,936,18,16,1,25.04177,121.58735,1
500111070,20231119,937,18,16,1,25.04177,121.58735,1
500111070,20231119,938,18,16,1,25.04177,121.58735,1
500111070,20231119,939,18,17,1,25.04177,121.58735,0
500111070,20231119,941,18,16,1,25.04177,121.58735,1
500111070,20231119,942,18,16,1,25.04177,121.58735,1
500111070,20231119,943,18,16,1,25.04177,121.58735,1
500111070,20231119,944,18,16,1,25.04177,121.58735,1
500111070,20231119,945,18,16,1,25.04177,121.58735,1
500111070,20231119,946,18,17,1,25.04177,121.58735,0
500111070,20231119,947,18,17,1,25.04177,121.58735,0
500111070,20231119,948,18,17,1,25.04177,121.58735,0
500111070,20231119,949,18,17,1,25.04177,121.58735,0
500111070,20231119,951,18,17,1,25.04177,121.58735,0
500111070,20231119,952,18,17,1,25.04177,121.58735,0
500111070,20231119,953,18,17,1,25.04177,121.58735,0
500111070,20231119,954,18,17,1,25.04177,121.58735,0
500111070,20231119,955,18,17,1,25.04177,121.58735,0
500111070,20231119,956,18,17,1,25.04177,121.58735,0
500111070,20231119,957,18,17,1,25.04177,121.58735,0
500111070,20231119,958,18,17,1,25.04177,121.58735,0
500111070,20231119,959,18,18,1,25.04177,121.58735,0
500111070,20231119,961,18,17,1,25.04177,121.58735,1
500111070,20231119,962,18,17,1,25.04177,121.58735,1
500111070,20231119,963,18,16,1,25.04177,121.58735,2
500111070,20231119,964,18,16,1,25.04177,121.58735,2
500111070,20231119,965,18,16,1,25.04177,121.58735,2
500111070,20231119,966,18,16,1,25.04177,121.58735,2
500111070,20231119,967,18,16,1,25.04177,121.58735,2
500111070,20231119,968,18,16,1,25.04177,121.58735,2
500111070,20231119,969,18,16,1,25.04177,121.58735,2
500111070,20231119,971,18,17,1,25.04177,121.58735,1
500111070,20231119,972,18,17,1,25.04177,121.58735,1
500111070,20231119,973,18,17,1,25.04177,121.58735,1
500111070,20231119,974,18,17,1,25.04177,121.58735,1
500111070,20231119,975,18,17,1,25.04177,121.58735,1
500111070,20231119,976,18,17,1,25.04177,121.58735,1
500111070,20231119,977,18,17,1,25.04177,121.58735,1
500111070,20231119,978,18,17,1,25.04177,121.58735,1
500111070,20231119,979,18,16,1,25.04177,121.58735,2
500111070,20231119,981,18,16,1,25.04177,121.58735,2
500111070,20231119,982,18,16,1,25.04177,121.58735,2
500111070,20231119,983,18,16,1,25.04177,121.58735,2
500111070,20231119,984,18,14,1,25.04177,121.58735,4
500111070,20231119,985,18,14,1,25.04177,121.58735,4
500111070,20231119,986,18,13,1,25.04177,121.58735,5
500111070,20231119,987,18,13,1,25.04177,121.58735,5
500111070,20231119,988,18,14,1,25.04177,121.58735,4
500111070,20231119,989,18,13,1,25.04177,121.58735,5
500111070,20231119,991,18,13,1,25.04177,121.58735,5
500111070,20231119,992,18,13,1,25.04177,121.58735,5
500111070,20231119,993,18,13,1,25.04177,121.58735,5
500111070,20231119,994,18,13,1,25.04177,121.58735,5
500111070,20231119,995,18,13,1,25.04177,121.58735,5
500111070,20231119,996,18,15,1,25.04177,121.58735,3
500111070,20231119,997,18,15,1,25.04177,121.58735,3
500111070,20231119,998,18,15,1,25.04177,121.58735,3
500111070,20231119,999,18,15,1,25.04177,121.58735,3
500111070,20231119,1001,18,15,1,25.04177,121.58735,3
500111070,20231119,1002,18,15,1,25.04177,121.58735,3
500111070,20231119,1003,18,15,1,25.04177,121.58735,3
500111070,20231119,1004,18,15,1,25.04177,121.58735,3
500111070,20231119,1005,18,16,1,25.04177,121.58735,2
500111070,20231119,1006,18,17,1,25.04177,121.58735,1
500111070,20231119,1007,18,17,1,25.04177,121.58735,1
500111070,20231119,1008,18,17,1,25.04177,121.58735,1
500111070,20231119,1009,18,17,1,25.04177,121.58735,1
500111070,20231119,1011,18,17,1,25.04177,121.58735,1
500111070,20231119,1012,18,17,1,25.04177,121.58735,1
500111070,20231119,1013,18,16,1,25.04177,121.58735,2
500111070,20231119,1014,18,16,1,25.04177,121.58735,2
500111070,20231119,1015,18,16,1,25.04177,121.58735,2
500111070,20231119,1016,18,16,1,25.04177,121.58735,2
500111070,20231119,1017,18,16,1,25.04177,121.58735,2
500111070,20231119,1018,18,15,1,25.04177,121.58735,3
500111070,20231119,1019,18,15,1,25.04177,121.58735,3
500111070,20231119,1021,18,15,1,25.04177,121.58735,3
500111070,20231119,1022,18,15,1,25.04177,121.58735,3
500111070,20231119,1023,18,16,1,25.04177,121.58735,2
500111070,20231119,1024,18,15,1,25.04177,121.58735,3
500111070,20231119,1025,18,14,1,25.04177,121.58735,4
500111070,20231119,1026,18,15,1,25.04177,121.58735,3
500111070,20231119,1027,18,15,1,25.04177,121.58735,3
500111070,20231119,1028,18,15,1,25.04177,121.58735,3
500111070,20231119,1029,18,14,1,25.04177,121.58735,4
500111070,20231119,1031,18,15,1,25.04177,121.58735,3
500111070,20231119,1032,18,15,1,25.04177,121.58735,3
500111070,20231119,1033,18,15,1,25.04177,121.58735,3
500111070,20231119,1034,18,15,1,25.04177,121.58735,3
500111070,20231119,1035,18,17,1,25.04177,121.58735,1
500111070,20231119,1036,18,17,1,25.04177,121.58735,1
500111070,20231119,1037,18,17,1,25.04177,121.58735,1
500111070,20231119,1038,18,18,1,25.04177,121.58735,0
500111070,20231119,1039,18,18,1,25.04177,121.58735,0
500111070,20231119,1041,18,18,1,25.04177,121.58735,0
500111070,20231119,1042,18,17,1,25.04177,121.58735,1
500111070,20231119,1043,18,17,1,25.04177,121.58735,1
500111070,20231119,1044,18,18,1,25.04177,121.58735,0
500111070,20231119,1045,18,18,1,25.04177,121.58735,0
500111070,20231119,1046,18,18,1,25.04177,121.58735,0
500111070,20231119,1047,18,18,1,25.04177,121.58735,0
500111070,20231119,1048,18,17,1,25.04177,121.58735,1
500111070,20231119,1049,18,17,1,25.04177,121.58735,1
500111070,20231119,1051,18,15,1,25.04177,121.58735,3
500111070,20231119,1052,18,15,1,25.04177,121.58735,3
500111070,20231119,1053,18,15,1,25.04177,121.58735,3
500111070,20231119,1054,18,16,1,25.04177,121.58735,2
500111070,20231119,1055,18,17,1,25.04177,121.58735,1
500111070,20231119,1056,18,16,1,25.04177,121.58735,2
500111070,20231119,1057,18,16,1,25.04177,121.58735,2
500111070,20231119,1058,18,16,1,25.04177,121.58735,2
500111070,20231119,1059,18,16,1,25.04177,121.58735,2
500111070,20231119,1060,18,16,1,25.04177,121.58735,2
500111070,20231119,1061,18,16,1,25.04177,121.58735,2
500111070,20231119,1062,18,16,1,25.04177,121.58735,2
500111070,20231119,1063,18,16,1,25.04177,121.58735,2
500111070,20231119,1064,18,15,1,25.04177,121.58735,3
500111070,20231119,1065,18,15,1,25.04177,121.58735,3
500111070,20231119,1066,18,15,1,25.04177,121.58735,3
500111070,20231119,1067,18,15,1,25.04177,121.58735,3
500111070,20231119,1068,18,15,1,25.04177,121.58735,3
500111070,20231119,1069,18,15,1,25.04177,121.58735,3
500111070,20231119,1070,18,15,1,25.04177,121.58735,3
500111070,20231119,1071,18,15,1,25.04177,121.58735,3
500111070,20231119,1072,18,15,1,25.04177,121.58735,3
500111070,20231119,1073,18,14,1,25.04177,121.58735,4
500111070,20231119,1074,18,15,1,25.04177,121.58735,3
500111070,20231119,1075,18,15,1,25.04177,121.58735,3
500111070,20231119,1076,18,15,1,25.04177,121.58735,3
500111070,20231119,1077,18,15,1,25.04177,121.58735,3
500111070,20231119,1078,18,15,1,25.04177,121.58735,3
500111070,20231119,1079,18,14,1,25.04177,121.58735,4
500111070,20231119,1081,18,14,1,25.04177,121.58735,4
500111070,20231119,1082,18,14,1,25.04177,121.58735,4
500111070,20231119,1083,18,14,1,25.04177,121.58735,4
500111070,20231119,1084,18,14,1,25.04177,121.58735,4
500111070,20231119,1085,18,14,1,25.04177,121.58735,4
500111070,20231119,1086,18,14,1,25.04177,121.58735,4
500111070,20231119,1087,18,14,1,25.04177,121.58735,4
500111070,20231119,1088,18,14,1,25.04177,121.58735,4
500111070,20231119,1089,18,14,1,25.04177,121.58735,4
500111070,20231119,1090,18,16,1,25.04177,121.58735,2
500111070,20231119,1091,18,16,1,25.04177,121.58735,2
500111070,20231119,1092,18,16,1,25.04177,121.58735,2
500111070,20231119,1093,18,16,1,25.04177,121.58735,2
500111070,20231119,1094,18,16,1,25.04177,121.58735,2
500111070,20231119,1095,18,16,1,25.04177,121.58735,2
500111070,20231119,1096,18,16,1,25.04177,121.58735,2
500111070,20231119,1097,18,16,1,25.04177,121.58735,2
500111070,20231119,1098,18,18,1,25.04177,121.58735,0
500111070,20231119,1099,18,17,1,25.04177,121.58735,1
500111070,20231119,1101,18,17,1,25.04177,121.58735,1
500111070,20231119,1102,18,17,1,25.04177,121.58735,1
500111070,20231119,1103,18,17,1,25.04177,121.58735,1
500111070,20231119,1104,18,17,1,25.04177,121.58735,1
500111070,20231119,1105,18,17,1,25.04177,121.58735,1
500111070,20231119,1106,18,17,1,25.04177,121.58735,1
500111070,20231119,1107,18,17,1,25.04177,121.58735,1
500111070,20231119,1108,18,17,1,25.04177,121.58735,1
500111070,20231119,1109,18,18,1,25.04177,121.58735,0
500111070,20231119,1111,18,17,1,25.04177,121.58735,1
500111070,20231119,1112,18,15,1,25.04177,121.58735,3
500111070,20231119,1113,18,15,1,25.04177,121.58735,3
500111070,20231119,1114,18,14,1,25.04177,121.58735,4
500111070,20231119,1115,18,13,1,25.04177,121.58735,5
500111070,20231119,1116,18,13,1,25.04177,121.58735,5
500111070,20231119,1117,18,13,1,25.04177,121.58735,5
500111070,20231119,1118,18,13,1,25.04177,121.58735,5
500111070,20231119,1119,18,13,1,25.04177,121.58735,5
500111070,20231119,1120,18,13,1,25.04177,121.58735,5
500111070,20231119,1121,18,13,1,25.04177,121.58735,5
500111070,20231119,1122,18,13,1,25.04177,121.58735,5
500111070,20231119,1123,18,13,1,25.04177,121.58735,5
500111070,20231119,1124,18,13,1,25.04177,121.58735,5
500111070,20231119,1125,18,13,1,25.04177,121.58735,5
500111070,20231119,1126,18,12,1,25.04177,121.58735,6
500111070,20231119,1127,18,12,1,25.04177,121.58735,6
500111070,20231119,1128,18,12,1,25.04177,121.58735,6
500111070,20231119,1129,18,12,1,25.04177,121.58735,6
500111070,20231119,1130,18,12,1,25.04177,121.58735,6
500111070,20231119,1131,18,12,1,25.04177,121.58735,6
500111070,20231119,1132,18,12,1,25.04177,121.58735,6
500111070,20231119,1133,18,12,1,25.04177,121.58735,6
500111070,20231119,1134,18,12,1,25.04177,121.58735,6
500111070,20231119,1135,18,12,1,25.04177,121.58735,6
500111070,20231119,1136,18,12,1,25.04177,121.58735,6
500111070,20231119,1137,18,11,1,25.04177,121.58735,7
500111070,20231119,1138,18,11,1,25.04177,121.58735,7
500111070,20231119,1139,18,10,1,25.04177,121.58735,8
500111070,20231119,1141,18,10,1,25.04177,121.58735,8
500111070,20231119,1142,18,10,1,25.04177,121.58735,8
500111070,20231119,1143,18,11,1,25.04177,121.58735,7
500111070,20231119,1144,18,11,1,25.04177,121.58735,7
500111070,20231119,1145,18,11,1,25.04177,121.58735,7
500111070,20231119,1146,18,11,1,25.04177,121.58735,7
500111070,20231119,1147,18,11,1,25.04177,121.58735,7
500111070,20231119,1148,18,11,1,25.04177,121.58735,7
500111070,20231119,1149,18,10,1,25.04177,121.58735,8
500111070,20231119,1150,18,10,1,25.04177,121.58735,8
500111070,20231119,1151,18,10,1,25.04177,121.58735,8
500111070,20231119,1152,18,9,1,25.04177,121.58735,9
500111070,20231119,1153,18,9,1,25.04177,121.58735,9
500111070,20231119,1154,18,9,1,25.04177,121.58735,9
500111070,20231119,1155,18,9,1,25.04177,121.58735,9
500111070,20231119,1156,18,9,1,25.04177,121.58735,9
500111070,20231119,1157,18,9,1,25.04177,121.58735,9
500111070,20231119,1158,18,9,1,25.04177,121.58735,9
500111070,20231119,1159,18,9,1,25.04177,121.58735,9
500111070,20231119,1161,18,9,1,25.04177,121.58735,9
500111070,20231119,1162,18,9,1,25.04177,121.58735,9
500111070,20231119,1163,18,9,1,25.04177,121.58735,9
500111070,20231119,1164,18,9,1,25.04177,121.58735,9
500111070,20231119,1165,18,9,1,25.04177,121.58735,9
500111070,20231119,1166,18,9,1,25.04177,121.58735,9
500111070,20231119,1167,18,9,1,25.04177,121.58735,9
500111070,20231119,1168,18,8,1,25.04177,121.58735,10
500111070,20231119,1169,18,8,1,25.04177,121.58735,10
500111070,20231119,1171,18,8,1,25.04177,121.58735,10
500111070,20231119,1172,18,8,1,25.04177,121.58735,10
500111070,20231119,1173,18,8,1,25.04177,121.58735,10
500111070,20231119,1174,18,8,1,25.04177,121.58735,10
500111070,20231119,1175,18,8,1,25.04177,121.58735,10
500111070,20231119,1176,18,8,1,25.04177,121.58735,10
500111070,20231119,1177,18,8,1,25.04177,121.58735,10
500111070,20231119,1178,18,8,1,25.04177,121.58735,10
500111070,20231119,1179,18,7,1,25.04177,121.58735,11
500111070,20231119,1181,18,7,1,25.04177,121.58735,11
500111070,20231119,1182,18,7,1,25.04177,121.58735,11
500111070,20231119,1183,18,7,1,25.04177,121.58735,11
500111070,20231119,1184,18,7,1,25.04177,121.58735,11
500111070,20231119,1185,18,7,1,25.04177,121.58735,11
500111070,20231119,1186,18,7,1,25.04177,121.58735,11
500111070,20231119,1187,18,7,1,25.04177,121.58735,11
500111070,20231119,1188,18,7,1,25.04177,121.58735,11
500111070,20231119,1189,18,7,1,25.04177,121.58735,11
500111070,20231119,1191,18,5,1,25.04177,121.58735,13
500111070,20231119,1192,18,5,1,25.04177,121.58735,13
500111070,20231119,1193,18,6,1,25.04177,121.58735,12
500111070,20231119,1194,18,6,1,25.04177,121.58735,12
500111070,20231119,1195,18,6,1,25.04177,121.58735,12
500111070,20231119,1196,18,5,1,25.04177,121.58735,13
500111070,20231119,1197,18,5,1,25.04177,121.58735,13
500111070,20231119,1198,18,4,1,25.04177,121.58735,14
500111070,20231119,1199,18,4,1,25.04177,121.58735,14
500111070,20231119,1201,18,4,1,25.04177,121.58735,14
500111070,20231119,1202,18,4,1,25.04177,121.58735,14
500111070,20231119,1203,18,4,1,25.04177,121.58735,14
500111070,20231119,1204,18,4,1,25.04177,121.58735,14
500111070,20231119,1205,18,4,1,25.04177,121.58735,14
500111070,20231119,1206,18,7,1,25.04177,121.58735,11
500111070,20231119,1207,18,7,1,25.04177,121.58735,11
500111070,20231119,1208,18,9,1,25.04177,121.58735,9
500111070,20231119,1209,18,11,1,25.04177,121.58735,7
500111070,20231119,1211,18,15,1,25.04177,121.58735,3
500111070,20231119,1212,18,17,1,25.04177,121.58735,1
500111070,20231119,1213,18,18,1,25.04177,121.58735,0
500111070,20231119,1214,18,18,1,25.04177,121.58735,0
500111070,20231119,1215,18,18,1,25.04177,121.58735,0
500111070,20231119,1216,18,18,1,25.04177,121.58735,0
500111070,20231119,1217,18,18,1,25.04177,121.58735,0
500111070,20231119,1218,18,18,1,25.04177,121.58735,0
500111070,20231119,1219,18,18,1,25.04177,121.58735,0
500111070,20231119,1221,18,18,1,25.04177,121.58735,0
500111070,20231119,1222,18,18,1,25.04177,121.58735,0
500111070,20231119,1223,18,17,1,25.04177,121.58735,1
500111070,20231119,1224,18,17,1,25.04177,121.58735,1
500111070,20231119,1225,18,17,1,25.04177,121.58735,1
500111070,20231119,1226,18,17,1,25.04177,121.58735,1
500111070,20231119,1227,18,17,1,25.04177,121.58735,1
500111070,20231119,1228,18,17,1,25.04177,121.58735,1
500111070,20231119,1229,18,17,1,25.04177,121.58735,1
500111070,20231119,1231,18,17,1,25.04177,121.58735,1
500111070,20231119,1232,18,17,1,25.04177,121.58735,1
500111070,20231119,1233,18,17,1,25.04177,121.58735,1
500111070,20231119,1234,18,17,1,25.04177,121.58735,1
500111070,20231119,1235,18,17,1,25.04177,121.58735,1
500111070,20231119,1236,18,17,1,25.04177,121.58735,1
500111070,20231119,1237,18,16,1,25.04177,121.58735,2
500111070,20231119,1238,18,17,1,25.04177,121.58735,1
500111070,20231119,1239,18,17,1,25.04177,121.58735,1
500111070,20231119,1241,18,16,1,25.04177,121.58735,2
500111070,20231119,1242,18,16,1,25.04177,121.58735,2
500111070,20231119,1243,18,16,1,25.04177,121.58735,2
500111070,20231119,1244,18,16,1,25.04177,121.58735,2
500111070,20231119,1245,18,16,1,25.04177,121.58735,2
500111070,20231119,1246,18,16,1,25.04177,121.58735,2
500111070,20231119,1247,18,16,1,25.04177,121.58735,2
500111070,20231119,1248,18,16,1,25.04177,121.58735,2
500111070,20231119,1249,18,16,1,25.04177,121.58735,2
500111070,20231119,1251,18,16,1,25.04177,121.58735,2
500111070,20231119,1252,18,17,1,25.04177,121.58735,1
500111070,20231119,1253,18,17,1,25.04177,121.58735,1
500111070,20231119,1254,18,16,1,25.04177,121.58735,2
500111070,20231119,1255,18,16,1,25.04177,121.58735,2
500111070,20231119,1256,18,16,1,25.04177,121.58735,2
500111070,20231119,1257,18,16,1,25.04177,121.58735,2
500111070,20231119,1258,18,16,1,25.04177,121.58735,2
500111070,20231119,1259,18,16,1,25.04177,121.58735,2
500111070,20231119,1261,18,16,1,25.04177,121.58735,2
500111070,20231119,1262,18,16,1,25.04177,121.58735,2
500111070,20231119,1263,18,15,1,25.04177,121.58735,3
500111070,20231119,1264,18,15,1,25.04177,121.58735,3
500111070,20231119,1265,18,15,1,25.04177,121.58735,3
500111070,20231119,1266,18,15,1,25.04177,121.58735,3
500111070,20231119,1267,18,15,1,25.04177,121.58735,3
500111070,20231119,1268,18,15,1,25.04177,121.58735,3
500111070,20231119,1269,18,15,1,25.04177,121.58735,3
500111070,20231119,1271,18,15,1,25.04177,121.58735,3
500111070,20231119,1272,18,15,1,25.04177,121.58735,3
500111070,20231119,1273,18,15,1,25.04177,121.58735,3
500111070,20231119,1274,18,15,1,25.04177,121.58735,3
500111070,20231119,1275,18,15,1,25.04177,121.58735,3
500111070,20231119,1276,18,15,1,25.04177,121.58735,3
500111070,20231119,1277,18,15,1,25.04177,121.58735,3
500111070,20231119,1278,18,14,1,25.04177,121.58735,4
500111070,20231119,1279,18,14,1,25.04177,121.58735,4
500111070,20231119,1281,18,15,1,25.04177,121.58735,3
500111070,20231119,1282,18,15,1,25.04177,121.58735,3
500111070,20231119,1283,18,15,1,25.04177,121.58735,3
500111070,20231119,1284,18,15,1,25.04177,121.58735,3
500111070,20231119,1285,18,15,1,25.04177,121.58735,3
500111070,20231119,1286,18,15,1,25.04177,121.58735,3
500111070,20231119,1287,18,15,1,25.04177,121.58735,3
500111070,20231119,1288,18,15,1,25.04177,121.58735,3
500111070,20231119,1289,18,15,1,25.04177,121.58735,3
500111070,20231119,1290,18,15,1,25.04177,121.58735,3
500111070,20231119,1291,18,17,1,25.04177,121.58735,1
500111070,20231119,1292,18,17,1,25.04177,121.58735,1
500111070,20231119,1293,18,17,1,25.04177,121.58735,1
500111070,20231119,1294,18,17,1,25.04177,121.58735,1
500111070,20231119,1295,18,17,1,25.04177,121.58735,1
500111070,20231119,1296,18,17,1,25.04177,121.58735,1
500111070,20231119,1297,18,17,1,25.04177,121.58735,1
500111070,20231119,1298,18,17,1,25.04177,121.58735,1
500111070,20231119,1299,18,17,1,25.04177,121.58735,1
500111070,20231119,1300,18,17,1,25.04177,121.58735,1
500111070,20231119,1301,18,16,1,25.04177,121.58735,2
500111070,20231119,1302,18,16,1,25.04177,121.58735,2
500111070,20231119,1303,18,17,1,25.04177,121.58735,1
500111070,20231119,1304,18,17,1,25.04177,121.58735,1
500111070,20231119,1305,18,17,1,25.04177,121.58735,1
500111070,20231119,1306,18,17,1,25.04177,121.58735,1
500111070,20231119,1307,18,17,1,25.04177,121.58735,1
500111070,20231119,1308,18,17,1,25.04177,121.58735,1
500111070,20231119,1309,18,17,1,25.04177,121.58735,1
500111070,20231119,1310,18,17,1,25.04177,121.58735,1
500111070,20231119,1311,18,17,1,25.04177,121.58735,1
500111070,20231119,1312,18,17,1,25.04177,121.58735,1
500111070,20231119,1313,18,16,1,25.04177,121.58735,2
500111070,20231119,1314,18,15,1,25.04177,121.58735,3
500111070,20231119,1315,18,15,1,25.04177,121.58735,3
500111070,20231119,1316,18,15,1,25.04177,121.58735,3
500111070,20231119,1317,18,15,1,25.04177,121.58735,3
500111070,20231119,1318,18,15,1,25.04177,121.58735,3
500111070,20231119,1319,18,15,1,25.04177,121.58735,3
500111070,20231119,1321,18,15,1,25.04177,121.58735,3
500111070,20231119,1322,18,15,1,25.04177,121.58735,3
500111070,20231119,1323,18,15,1,25.04177,121.58735,3
500111070,20231119,1324,18,15,1,25.04177,121.58735,3
500111070,20231119,1325,18,15,1,25.04177,121.58735,3
500111070,20231119,1326,18,14,1,25.04177,121.58735,4
500111070,20231119,1327,18,14,1,25.04177,121.58735,4
500111070,20231119,1328,18,14,1,25.04177,121.58735,4
500111070,20231119,1329,18,14,1,25.04177,121.58735,4
500111070,20231119,1330,18,14,1,25.04177,121.58735,4
500111070,20231119,1331,18,14,1,25.04177,121.58735,4
500111070,20231119,1332,18,14,1,25.04177,121.58735,4
500111070,20231119,1333,18,14,1,25.04177,121.58735,4
500111070,20231119,1334,18,14,1,25.04177,121.58735,4
500111070,20231119,1335,18,13,1,25.04177,121.58735,5
500111070,20231119,1336,18,13,1,25.04177,121.58735,5
500111070,20231119,1337,18,13,1,25.04177,121.58735,5
500111070,20231119,1338,18,12,1,25.04177,121.58735,6
500111070,20231119,1339,18,12,1,25.04177,121.58735,6
500111070,20231119,1341,18,12,1,25.04177,121.58735,6
500111070,20231119,1342,18,12,1,25.04177,121.58735,6
500111070,20231119,1343,18,12,1,25.04177,121.58735,6
500111070,20231119,1344,18,12,1,25.04177,121.58735,6
500111070,20231119,1345,18,12,1,25.04177,121.58735,6
500111070,20231119,1346,18,13,1,25.04177,121.58735,5
500111070,20231119,1347,18,13,1,25.04177,121.58735,5
500111070,20231119,1348,18,13,1,25.04177,121.58735,5
500111070,20231119,1349,18,14,1,25.04177,121.58735,4
500111070,20231119,1350,18,14,1,25.04177,121.58735,4
500111070,20231119,1351,18,14,1,25.04177,121.58735,4
500111070,20231119,1352,18,14,1,25.04177,121.58735,4
500111070,20231119,1353,18,14,1,25.04177,121.58735,4
500111070,20231119,1354,18,14,1,25.04177,121.58735,4
500111070,20231119,1355,18,15,1,25.04177,121.58735,3
500111070,20231119,1356,18,16,1,25.04177,121.58735,2
500111070,20231119,1357,18,16,1,25.04177,121.58735,2
500111070,20231119,1358,18,16,1,25.04177,121.58735,2
500111070,20231119,1359,18,15,1,25.04177,121.58735,3
500111070,20231119,1360,18,15,1,25.04177,121.58735,3
500111070,20231119,1361,18,15,1,25.04177,121.58735,3
500111070,20231119,1362,18,15,1,25.04177,121.58735,3
500111070,20231119,1363,18,15,1,25.04177,121.58735,3
500111070,20231119,1364,18,15,1,25.04177,121.58735,3
500111070,20231119,1365,18,15,1,25.04177,121.58735,3
500111070,20231119,1366,18,15,1,25.04177,121.58735,3
500111070,20231119,1367,18,15,1,25.04177,121.58735,3
500111070,20231119,1368,18,14,1,25.04177,121.58735,4
500111070,20231119,1369,18,14,1,25.04177,121.58735,4
500111070,20231119,1370,18,14,1,25.04177,121.58735,4
500111070,20231119,1371,18,14,1,25.04177,121.58735,4
500111070,20231119,1372,18,14,1,25.04177,121.58735,4
500111070,20231119,1373,18,14,1,25.04177,121.58735,4
500111070,20231119,1374,18,14,1,25.04177,121.58735,4
500111070,20231119,1375,18,14,1,25.04177,121.58735,4
500111070,20231119,1376,18,13,1,25.04177,121.58735,5
500111070,20231119,1377,18,13,1,25.04177,121.58735,5
500111070,20231119,1378,18,13,1,25.04177,121.58735,5
500111070,20231119,1379,18,13,1,25.04177,121.58735,5
500111070,20231119,1381,18,13,1,25.04177,121.58735,5
500111070,20231119,1382,18,13,1,25.04177,121.58735,5
500111070,20231119,1383,18,13,1,25.04177,121.58735,5
500111070,20231119,1384,18,13,1,25.04177,121.58735,5
500111070,20231119,1385,18,13,1,25.04177,121.58735,5
500111070,20231119,1386,18,13,1,25.04177,121.58735,5
500111070,20231119,1387,18,13,1,25.04177,121.58735,5
500111070,20231119,1388,18,13,1,25.04177,121.58735,5
500111070,20231119,1389,18,13,1,25.04177,121.58735,5
500111070,20231119,1390,18,13,1,25.04177,121.58735,5
500111070,20231119,1391,18,13,1,25.04177,121.58735,5
500111070,20231119,1392,18,13,1,25.04177,121.58735,5
500111070,20231119,1393,18,13,1,25.04177,121.58735,5
500111070,20231119,1394,18,12,1,25.04177,121.58735,6
500111070,20231119,1395,18,10,1,25.04177,121.58735,8
500111070,20231119,1396,18,9,1,25.04177,121.58735,9
500111070,20231119,1397,18,9,1,25.04177,121.58735,9
500111070,20231119,1398,18,9,1,25.04177,121.58735,9
500111070,20231119,1399,18,9,1,25.04177,121.58735,9
500111070,20231119,1401,18,9,1,25.04177,121.58735,9
500111070,20231119,1402,18,9,1,25.04177,121.58735,9
500111070,20231119,1403,18,9,1,25.04177,121.58735,9
500111070,20231119,1404,18,9,1,25.04177,121.58735,9
500111070,20231119,1405,18,9,1,25.04177,121.58735,9
500111070,20231119,1406,18,9,1,25.04177,121.58735,9
500111070,20231119,1407,18,9,1,25.04177,121.58735,9
500111070,20231119,1408,18,9,1,25.04177,121.58735,9
500111070,20231119,1409,18,9,1,25.04177,121.58735,9
500111070,20231119,1410,18,9,1,25.04177,121.58735,9
500111070,20231119,1411,18,9,1,25.04177,121.58735,9
500111070,20231119,1412,18,9,1,25.04177,121.58735,9
500111070,20231119,1413,18,9,1,25.04177,121.58735,9
500111070,20231119,1414,18,9,1,25.04177,121.58735,9
500111070,20231119,1415,18,9,1,25.04177,121.58735,9
500111070,20231119,1416,18,9,1,25.04177,121.58735,9
500111070,20231119,1417,18,9,1,25.04177,121.58735,9
500111070,20231119,1418,18,9,1,25.04177,121.58735,9
500111070,20231119,1419,18,8,1,25.04177,121.58735,10
500111070,20231119,1420,18,8,1,25.04177,121.58735,10
500111070,20231119,1421,18,8,1,25.04177,121.58735,10
500111070,20231119,1422,18,8,1,25.04177,121.58735,10
500111070,20231119,1423,18,8,1,25.04177,121.58735,10
500111070,20231119,1424,18,8,1,25.04177,121.58735,10
500111070,20231119,1425,18,8,1,25.04177,121.58735,10
500111070,20231119,1426,18,8,1,25.04177,121.58735,10
500111070,20231119,1427,18,8,1,25.04177,121.58735,10
500111070,20231119,1428,18,8,1,25.04177,121.58735,10
500111070,20231119,1429,18,8,1,25.04177,121.58735,10
500111070,20231119,1430,18,8,1,25.04177,121.58735,10
500111070,20231119,1431,18,8,1,25.04177,121.58735,10
500111070,20231119,1432,18,8,1,25.04177,121.58735,10
500111070,20231119,1433,18,8,1,25.04177,121.58735,10
500111070,20231119,1434,18,8,1,25.04177,121.58735,10
500111070,20231119,1435,18,8,1,25.04177,121.58735,10
500111070,20231119,1436,18,8,1,25.04177,121.58735,10
500111070,20231119,1437,18,8,1,25.04177,121.58735,10
500111070,20231119,1438,18,9,1,25.04177,121.58735,9
500111070,20231119,1439,18,9,1,25.04177,121.58735,9
500111070,20231120,0,18,9,1,25.04177,121.58735,9
500111070,20231120,1,18,9,1,25.04177,121.58735,9
500111070,20231120,3,18,9,1,25.04177,121.58735,9
500111070,20231120,4,18,9,1,25.04177,121.58735,9
500111070,20231120,5,18,9,1,25.04177,121.58735,9
500111070,20231120,6,18,9,1,25.04177,121.58735,9
500111070,20231120,7,18,9,1,25.04177,121.58735,9
500111070,20231120,8,18,9,1,25.04177,121.58735,9
500111070,20231120,9,18,9,1,25.04177,121.58735,9
500111070,20231120,11,18,9,1,25.04177,121.58735,9
500111070,20231120,12,18,9,1,25.04177,121.58735,9
500111070,20231120,13,18,9,1,25.04177,121.58735,9
500111070,20231120,14,18,9,1,25.04177,121.58735,9
500111070,20231120,15,18,9,1,25.04177,121.58735,9
500111070,20231120,16,18,9,1,25.04177,121.58735,9
500111070,20231120,17,18,9,1,25.04177,121.58735,9
500111070,20231120,18,18,9,1,25.04177,121.58735,9
500111070,20231120,19,18,9,1,25.04177,121.58735,9
500111070,20231120,21,18,9,1,25.04177,121.58735,9
500111070,20231120,22,18,9,1,25.04177,121.58735,9
500111070,20231120,23,18,9,1,25.04177,121.58735,9
500111070,20231120,24,18,9,1,25.04177,121.58735,9
500111070,20231120,25,18,9,1,25.04177,121.58735,9
500111070,20231120,26,18,9,1,25.04177,121.58735,9
500111070,20231120,27,18,9,1,25.04177,121.58735,9
500111070,20231120,28,18,9,1,25.04177,121.58735,9
500111070,20231120,29,18,9,1,25.04177,121.58735,9
500111070,20231120,31,18,9,1,25.04177,121.58735,9
500111070,20231120,32,18,9,1,25.04177,121.58735,9
500111070,20231120,33,18,9,1,25.04177,121.58735,9
500111070,20231120,34,18,8,1,25.04177,121.58735,10
500111070,20231120,36,18,8,1,25.04177,121.58735,10
500111070,20231120,37,18,8,1,25.04177,121.58735,10
500111070,20231120,38,18,8,1,25.04177,121.58735,10
500111070,20231120,39,18,8,1,25.04177,121.58735,10
500111070,20231120,41,18,8,1,25.04177,121.58735,10
500111070,20231120,42,18,8,1,25.04177,121.58735,10
500111070,20231120,43,18,8,1,25.04177,121.58735,10
500111070,20231120,44,18,8,1,25.04177,121.58735,10
500111070,20231120,45,18,8,1,25.04177,121.58735,10
500111070,20231120,46,18,8,1,25.04177,121.58735,10
500111070,20231120,47,18,8,1,25.04177,121.58735,10
500111070,20231120,48,18,8,1,25.04177,121.58735,10
500111070,20231120,49,18,8,1,25.04177,121.58735,10
500111070,20231120,51,18,8,1,25.04177,121.58735,10
500111070,20231120,52,18,8,1,25.04177,121.58735,10
500111070,20231120,53,18,8,1,25.04177,121.58735,10
500111070,20231120,54,18,8,1,25.04177,121.58735,10
500111070,20231120,55,18,8,1,25.04177,121.58735,10
500111070,20231120,56,18,8,1,25.04177,121.58735,10
500111070,20231120,57,18,8,1,25.04177,121.58735,10
500111070,20231120,58,18,8,1,25.04177,121.58735,10
500111070,20231120,59,18,8,1,25.04177,121.58735,10
500111070,20231120,61,18,8,1,25.04177,121.58735,10
500111070,20231120,62,18,8,1,25.04177,121.58735,10
500111070,20231120,63,18,8,1,25.04177,121.58735,10
500111070,20231120,64,18,8,1,25.04177,121.58735,10
500111070,20231120,65,18,8,1,25.04177,121.58735,10
500111070,20231120,66,18,8,1,25.04177,121.58735,10
500111070,20231120,67,18,8,1,25.04177,121.58735,10
500111070,20231120,68,18,8,1,25.04177,121.58735,10
500111070,20231120,69,18,8,1,25.04177,121.58735,10
500111070,20231120,71,18,8,1,25.04177,121.58735,10
500111070,20231120,72,18,8,1,25.04177,121.58735,10
500111070,20231120,73,18,8,1,25.04177,121.58735,10
500111070,20231120,74,18,8,1,25.04177,121.58735,10
500111070,20231120,75,18,8,1,25.04177,121.58735,10
500111070,20231120,76,18,8,1,25.04177,121.58735,10
500111070,20231120,77,18,8,1,25.04177,121.58735,10
500111070,20231120,78,18,8,1,25.04177,121.58735,10
500111070,20231120,79,18,8,1,25.04177,121.58735,10
500111070,20231120,81,18,8,1,25.04177,121.58735,10
500111070,20231120,82,18,8,1,25.04177,121.58735,10
500111070,20231120,83,18,8,1,25.04177,121.58735,10
500111070,20231120,84,18,8,1,25.04177,121.58735,10
500111070,20231120,85,18,8,1,25.04177,121.58735,10
500111070,20231120,86,18,8,1,25.04177,121.58735,10
500111070,20231120,87,18,8,1,25.04177,121.58735,10
500111070,20231120,88,18,8,1,25.04177,121.58735,10
500111070,20231120,89,18,8,1,25.04177,121.58735,10
500111070,20231120,91,18,8,1,25.04177,121.58735,10
500111070,20231120,92,18,8,1,25.04177,121.58735,10
500111070,20231120,93,18,8,1,25.04177,121.58735,10
500111070,20231120,94,18,8,1,25.04177,121.58735,10
500111070,20231120,95,18,8,1,25.04177,121.58735,10
500111070,20231120,96,18,8,1,25.04177,121.58735,10
500111070,20231120,97,18,8,1,25.04177,121.58735,10
500111070,20231120,98,18,8,1,25.04177,121.58735,10
500111070,20231120,99,18,8,1,25.04177,121.58735,10
500111070,20231120,101,18,8,1,25.04177,121.58735,10
500111070,20231120,102,18,8,1,25.04177,121.58735,10
500111070,20231120,103,18,8,1,25.04177,121.58735,10
500111070,20231120,104,18,8,1,25.04177,121.58735,10
500111070,20231120,105,18,8,1,25.04177,121.58735,10
500111070,20231120,106,18,8,1,25.04177,121.58735,10
500111070,20231120,107,18,8,1,25.04177,121.58735,10
500111070,20231120,108,18,8,1,25.04177,121.58735,10
500111070,20231120,109,18,8,1,25.04177,121.58735,10
500111070,20231120,111,18,8,1,25.04177,121.58735,10
500111070,20231120,112,18,8,1,25.04177,121.58735,10
500111070,20231120,113,18,8,1,25.04177,121.58735,10
500111070,20231120,114,18,8,1,25.04177,121.58735,10
500111070,20231120,115,18,8,1,25.04177,121.58735,10
500111070,20231120,116,18,8,1,25.04177,121.58735,10
500111070,20231120,117,18,8,1,25.04177,121.58735,10
500111070,20231120,118,18,8,1,25.04177,121.58735,10
500111070,20231120,119,18,8,1,25.04177,121.58735,10
500111070,20231120,121,18,8,1,25.04177,121.58735,10
500111070,20231120,122,18,8,1,25.04177,121.58735,10
500111070,20231120,123,18,8,1,25.04177,121.58735,10
500111070,20231120,124,18,8,1,25.04177,121.58735,10
500111070,20231120,125,18,8,1,25.04177,121.58735,10
500111070,20231120,126,18,7,1,25.04177,121.58735,11
500111070,20231120,127,18,7,1,25.04177,121.58735,11
500111070,20231120,128,18,7,1,25.04177,121.58735,11
500111070,20231120,129,18,7,1,25.04177,121.58735,11
500111070,20231120,130,18,7,1,25.04177,121.58735,11
500111070,20231120,131,18,7,1,25.04177,121.58735,11
500111070,20231120,132,18,7,1,25.04177,121.58735,11
500111070,20231120,133,18,7,1,25.04177,121.58735,11
500111070,20231120,134,18,7,1,25.04177,121.58735,11
500111070,20231120,135,18,7,1,25.04177,121.58735,11
500111070,20231120,136,18,7,1,25.04177,121.58735,11
500111070,20231120,137,18,7,1,25.04177,121.58735,11
500111070,20231120,138,18,7,1,25.04177,121.58735,11
500111070,20231120,139,18,7,1,25.04177,121.58735,11
500111070,20231120,141,18,7,1,25.04177,121.58735,11
500111070,20231120,142,18,7,1,25.04177,121.58735,11
500111070,20231120,143,18,7,1,25.04177,121.58735,11
500111070,20231120,144,18,7,1,25.04177,121.58735,11
500111070,20231120,145,18,7,1,25.04177,121.58735,11
500111070,20231120,146,18,7,1,25.04177,121.58735,11
500111070,20231120,147,18,7,1,25.04177,121.58735,11
500111070,20231120,148,18,7,1,25.04177,121.58735,11
500111070,20231120,149,18,7,1,25.04177,121.58735,11
500111070,20231120,150,18,7,1,25.04177,121.58735,11
500111070,20231120,151,18,7,1,25.04177,121.58735,11
500111070,20231120,152,18,7,1,25.04177,121.58735,11
500111070,20231120,153,18,7,1,25.04177,121.58735,11
500111070,20231120,154,18,7,1,25.04177,121.58735,11
500111070,20231120,155,18,7,1,25.04177,121.58735,11
500111070,20231120,156,18,7,1,25.04177,121.58735,11
500111070,20231120,157,18,7,1,25.04177,121.58735,11
500111070,20231120,158,18,7,1,25.04177,121.58735,11
500111070,20231120,159,18,7,1,25.04177,121.58735,11
500111070,20231120,160,18,7,1,25.04177,121.58735,11
500111070,20231120,161,18,7,1,25.04177,121.58735,11
500111070,20231120,162,18,7,1,25.04177,121.58735,11
500111070,20231120,163,18,7,1,25.04177,121.58735,11
500111070,20231120,164,18,7,1,25.04177,121.58735,11
500111070,20231120,165,18,7,1,25.04177,121.58735,11
500111070,20231120,166,18,7,1,25.04177,121.58735,11
500111070,20231120,167,18,7,1,25.04177,121.58735,11
500111070,20231120,168,18,7,1,25.04177,121.58735,11
500111070,20231120,169,18,7,1,25.04177,121.58735,11
500111070,20231120,170,18,7,1,25.04177,121.58735,11
500111070,20231120,171,18,7,1,25.04177,121.58735,11
500111070,20231120,172,18,7,1,25.04177,121.58735,11
500111070,20231120,173,18,7,1,25.04177,121.58735,11
500111070,20231120,174,18,7,1,25.04177,121.58735,11
500111070,20231120,175,18,7,1,25.04177,121.58735,11
500111070,20231120,176,18,7,1,25.04177,121.58735,11
500111070,20231120,177,18,7,1,25.04177,121.58735,11
500111070,20231120,178,18,7,1,25.04177,121.58735,11
500111070,20231120,179,18,7,1,25.04177,121.58735,11
500111070,20231120,180,18,7,1,25.04177,121.58735,11
500111070,20231120,181,18,7,1,25.04177,121.58735,11
500111070,20231120,182,18,7,1,25.04177,121.58735,11
500111070,20231120,183,18,7,1,25.04177,121.58735,11
500111070,20231120,184,18,7,1,25.04177,121.58735,11
500111070,20231120,185,18,7,1,25.04177,121.58735,11
500111070,20231120,186,18,7,1,25.04177,121.58735,11
500111070,20231120,187,18,7,1,25.04177,121.58735,11
500111070,20231120,188,18,7,1,25.04177,121.58735,11
500111070,20231120,189,18,7,1,25.04177,121.58735,11
500111070,20231120,190,18,7,1,25.04177,121.58735,11
500111070,20231120,191,18,7,1,25.04177,121.58735,11
500111070,20231120,192,18,7,1,25.04177,121.58735,11
500111070,20231120,193,18,7,1,25.04177,121.58735,11
500111070,20231120,194,18,7,1,25.04177,121.58735,11
500111070,20231120,195,18,7,1,25.04177,121.58735,11
500111070,20231120,196,18,7,1,25.04177,121.58735,11
500111070,20231120,197,18,7,1,25.04177,121.58735,11
500111070,20231120,198,18,7,1,25.04177,121.58735,11
500111070,20231120,199,18,7,1,25.04177,121.58735,11
500111070,20231120,201,18,7,1,25.04177,121.58735,11
500111070,20231120,202,18,7,1,25.04177,121.58735,11
500111070,20231120,203,18,7,1,25.04177,121.58735,11
500111070,20231120,204,18,7,1,25.04177,121.58735,11
500111070,20231120,205,18,7,1,25.04177,121.58735,11
500111070,20231120,206,18,7,1,25.04177,121.58735,11
500111070,20231120,207,18,7,1,25.04177,121.58735,11
500111070,20231120,208,18,7,1,25.04177,121.58735,11
500111070,20231120,209,18,7,1,25.04177,121.58735,11
500111070,20231120,210,18,7,1,25.04177,121.58735,11
500111070,20231120,211,18,7,1,25.04177,121.58735,11
500111070,20231120,212,18,7,1,25.04177,121.58735,11
500111070,20231120,213,18,7,1,25.04177,121.58735,11
500111070,20231120,214,18,7,1,25.04177,121.58735,11
500111070,20231120,215,18,7,1,25.04177,121.58735,11
500111070,20231120,216,18,7,1,25.04177,121.58735,11
500111070,20231120,217,18,7,1,25.04177,121.58735,11
500111070,20231120,218,18,7,1,25.04177,121.58735,11
500111070,20231120,219,18,7,1,25.04177,121.58735,11
500111070,20231120,220,18,7,1,25.04177,121.58735,11
500111070,20231120,221,18,7,1,25.04177,121.58735,11
500111070,20231120,222,18,7,1,25.04177,121.58735,11
500111070,20231120,223,18,7,1,25.04177,121.58735,11
500111070,20231120,224,18,7,1,25.04177,121.58735,11
500111070,20231120,225,18,7,1,25.04177,121.58735,11
500111070,20231120,226,18,7,1,25.04177,121.58735,11
500111070,20231120,227,18,7,1,25.04177,121.58735,11
500111070,20231120,228,18,7,1,25.04177,121.58735,11
500111070,20231120,229,18,7,1,25.04177,121.58735,11
500111070,20231120,230,18,7,1,25.04177,121.58735,11
500111070,20231120,231,18,7,1,25.04177,121.58735,11
500111070,20231120,232,18,7,1,25.04177,121.58735,11
500111070,20231120,233,18,7,1,25.04177,121.58735,11
500111070,20231120,234,18,7,1,25.04177,121.58735,11
500111070,20231120,235,18,7,1,25.04177,121.58735,11
500111070,20231120,236,18,7,1,25.04177,121.58735,11
500111070,20231120,237,18,7,1,25.04177,121.58735,11
500111070,20231120,238,18,7,1,25.04177,121.58735,11
500111070,20231120,239,18,7,1,25.04177,121.58735,11
500111070,20231120,240,18,7,1,25.04177,121.58735,11
500111070,20231120,241,18,7,1,25.04177,121.58735,11
500111070,20231120,242,18,7,1,25.04177,121.58735,11
500111070,20231120,243,18,7,1,25.04177,121.58735,11
500111070,20231120,244,18,7,1,25.04177,121.58735,11
500111070,20231120,245,18,7,1,25.04177,121.58735,11
500111070,20231120,246,18,7,1,25.04177,121.58735,11
500111070,20231120,247,18,7,1,25.04177,121.58735,11
500111070,20231120,248,18,7,1,25.04177,121.58735,11
500111070,20231120,249,18,7,1,25.04177,121.58735,11
500111070,20231120,250,18,7,1,25.04177,121.58735,11
500111070,20231120,251,18,7,1,25.04177,121.58735,11
500111070,20231120,252,18,7,1,25.04177,121.58735,11
500111070,20231120,253,18,7,1,25.04177,121.58735,11
500111070,20231120,254,18,7,1,25.04177,121.58735,11
500111070,20231120,255,18,7,1,25.04177,121.58735,11
500111070,20231120,256,18,7,1,25.04177,121.58735,11
500111070,20231120,257,18,7,1,25.04177,121.58735,11
500111070,20231120,258,18,7,1,25.04177,121.58735,11
500111070,20231120,259,18,7,1,25.04177,121.58735,11
500111070,20231120,261,18,7,1,25.04177,121.58735,11
500111070,20231120,262,18,7,1,25.04177,121.58735,11
500111070,20231120,263,18,7,1,25.04177,121.58735,11
500111070,20231120,264,18,7,1,25.04177,121.58735,11
500111070,20231120,266,18,7,1,25.04177,121.58735,11
500111070,20231120,267,18,7,1,25.04177,121.58735,11
500111070,20231120,268,18,7,1,25.04177,121.58735,11
500111070,20231120,269,18,7,1,25.04177,121.58735,11
500111070,20231120,271,18,7,1,25.04177,121.58735,11
500111070,20231120,272,18,7,1,25.04177,121.58735,11
500111070,20231120,273,18,7,1,25.04177,121.58735,11
500111070,20231120,274,18,7,1,25.04177,121.58735,11
500111070,20231120,275,18,7,1,25.04177,121.58735,11
500111070,20231120,276,18,7,1,25.04177,121.58735,11
500111070,20231120,277,18,7,1,25.04177,121.58735,11
500111070,20231120,278,18,7,1,25.04177,121.58735,11
500111070,20231120,279,18,7,1,25.04177,121.58735,11
500111070,20231120,281,18,7,1,25.04177,121.58735,11
500111070,20231120,282,18,7,1,25.04177,121.58735,11
500111070,20231120,283,18,7,1,25.04177,121.58735,11
500111070,20231120,284,18,7,1,25.04177,121.58735,11
500111070,20231120,285,18,7,1,25.04177,121.58735,11
500111070,20231120,286,18,7,1,25.04177,121.58735,11
500111070,20231120,287,18,7,1,25.04177,121.58735,11
500111070,20231120,288,18,7,1,25.04177,121.58735,11
500111070,20231120,289,18,7,1,25.04177,121.58735,11
500111070,20231120,291,18,7,1,25.04177,121.58735,11
500111070,20231120,292,18,7,1,25.04177,121.58735,11
500111070,20231120,293,18,7,1,25.04177,121.58735,11
500111070,20231120,294,18,7,1,25.04177,121.58735,11
500111070,20231120,295,18,7,1,25.04177,121.58735,11
500111070,20231120,296,18,7,1,25.04177,121.58735,11
500111070,20231120,297,18,7,1,25.04177,121.58735,11
500111070,20231120,298,18,7,1,25.04177,121.58735,11
500111070,20231120,299,18,7,1,25.04177,121.58735,11
500111070,20231120,301,18,7,1,25.04177,121.58735,11
500111070,20231120,302,18,7,1,25.04177,121.58735,11
500111070,20231120,303,18,7,1,25.04177,121.58735,11
500111070,20231120,304,18,7,1,25.04177,121.58735,11
500111070,20231120,305,18,7,1,25.04177,121.58735,11
500111070,20231120,306,18,7,1,25.04177,121.58735,11
500111070,20231120,307,18,7,1,25.04177,121.58735,11
500111070,20231120,308,18,7,1,25.04177,121.58735,11
500111070,20231120,309,18,7,1,25.04177,121.58735,11
500111070,20231120,311,18,7,1,25.04177,121.58735,11
500111070,20231120,312,18,7,1,25.04177,121.58735,11
500111070,20231120,313,18,7,1,25.04177,121.58735,11
500111070,20231120,314,18,7,1,25.04177,121.58735,11
500111070,20231120,315,18,7,1,25.04177,121.58735,11
500111070,20231120,316,18,7,1,25.04177,121.58735,11
500111070,20231120,317,18,7,1,25.04177,121.58735,11
500111070,20231120,318,18,7,1,25.04177,121.58735,11
500111070,20231120,319,18,7,1,25.04177,121.58735,11
500111070,20231120,321,18,7,1,25.04177,121.58735,11
500111070,20231120,322,18,7,1,25.04177,121.58735,11
500111070,20231120,323,18,7,1,25.04177,121.58735,11
500111070,20231120,324,18,7,1,25.04177,121.58735,11
500111070,20231120,325,18,7,1,25.04177,121.58735,11
500111070,20231120,326,18,7,1,25.04177,121.58735,11
500111070,20231120,327,18,7,1,25.04177,121.58735,11
500111070,20231120,328,18,7,1,25.04177,121.58735,11
500111070,20231120,329,18,7,1,25.04177,121.58735,11
500111070,20231120,331,18,7,1,25.04177,121.58735,11
500111070,20231120,332,18,7,1,25.04177,121.58735,11
500111070,20231120,333,18,7,1,25.04177,121.58735,11
500111070,20231120,334,18,7,1,25.04177,121.58735,11
500111070,20231120,335,18,7,1,25.04177,121.58735,11
500111070,20231120,336,18,7,1,25.04177,121.58735,11
500111070,20231120,337,18,7,1,25.04177,121.58735,11
500111070,20231120,338,18,7,1,25.04177,121.58735,11
500111070,20231120,339,18,7,1,25.04177,121.58735,11
500111070,20231120,341,18,7,1,25.04177,121.58735,11
500111070,20231120,342,18,7,1,25.04177,121.58735,11
500111070,20231120,343,18,7,1,25.04177,121.58735,11
500111070,20231120,344,18,7,1,25.04177,121.58735,11
500111070,20231120,345,18,7,1,25.04177,121.58735,11
500111070,20231120,346,18,7,1,25.04177,121.58735,11
500111070,20231120,347,18,7,1,25.04177,121.58735,11
500111070,20231120,348,18,7,1,25.04177,121.58735,11
500111070,20231120,349,18,7,1,25.04177,121.58735,11
500111070,20231120,351,18,7,1,25.04177,121.58735,11
500111070,20231120,352,18,7,1,25.04177,121.58735,11
500111070,20231120,353,18,7,1,25.04177,121.58735,11
500111070,20231120,354,18,7,1,25.04177,121.58735,11
500111070,20231120,355,18,7,1,25.04177,121.58735,11
500111070,20231120,356,18,8,1,25.04177,121.58735,10
500111070,20231120,357,18,8,1,25.04177,121.58735,10
500111070,20231120,358,18,8,1,25.04177,121.58735,10
500111070,20231120,359,18,8,1,25.04177,121.58735,10
500111070,20231120,361,18,8,1,25.04177,121.58735,10
500111070,20231120,362,18,8,1,25.04177,121.58735,10
500111070,20231120,363,18,8,1,25.04177,121.58735,10
500111070,20231120,364,18,8,1,25.04177,121.58735,10
500111070,20231120,365,18,8,1,25.04177,121.58735,10
500111070,20231120,366,18,8,1,25.04177,121.58735,10
500111070,20231120,367,18,8,1,25.04177,121.58735,10
500111070,20231120,368,18,8,1,25.04177,121.58735,10
500111070,20231120,369,18,8,1,25.04177,121.58735,10
500111070,20231120,370,18,8,1,25.04177,121.58735,10
500111070,20231120,371,18,8,1,25.04177,121.58735,10
500111070,20231120,372,18,8,1,25.04177,121.58735,10
500111070,20231120,373,18,8,1,25.04177,121.58735,10
500111070,20231120,374,18,9,1,25.04177,121.58735,9
500111070,20231120,375,18,9,1,25.04177,121.58735,9
500111070,20231120,376,18,9,1,25.04177,121.58735,9
500111070,20231120,377,18,9,1,25.04177,121.58735,9
500111070,20231120,378,18,9,1,25.04177,121.58735,9
500111070,20231120,379,18,9,1,25.04177,121.58735,9
500111070,20231120,381,18,10,1,25.04177,121.58735,8
500111070,20231120,382,18,11,1,25.04177,121.58735,7
500111070,20231120,383,18,10,1,25.04177,121.58735,8
500111070,20231120,384,18,10,1,25.04177,121.58735,8
500111070,20231120,385,18,10,1,25.04177,121.58735,8
500111070,20231120,386,18,10,1,25.04177,121.58735,8
500111070,20231120,387,18,10,1,25.04177,121.58735,8
500111070,20231120,388,18,10,1,25.04177,121.58735,8
500111070,20231120,389,18,10,1,25.04177,121.58735,8
500111070,20231120,390,18,10,1,25.04177,121.58735,8
500111070,20231120,391,18,10,1,25.04177,121.58735,8
500111070,20231120,392,18,10,1,25.04177,121.58735,8
500111070,20231120,393,18,9,1,25.04177,121.58735,9
500111070,20231120,394,18,9,1,25.04177,121.58735,9
500111070,20231120,395,18,9,1,25.04177,121.58735,9
500111070,20231120,396,18,9,1,25.04177,121.58735,9
500111070,20231120,397,18,10,1,25.04177,121.58735,8
500111070,20231120,398,18,10,1,25.04177,121.58735,8
500111070,20231120,399,18,10,1,25.04177,121.58735,8
500111070,20231120,400,18,10,1,25.04177,121.58735,8
500111070,20231120,401,18,10,1,25.04177,121.58735,8
500111070,20231120,402,18,10,1,25.04177,121.58735,8
500111070,20231120,403,18,10,1,25.04177,121.58735,8
500111070,20231120,404,18,10,1,25.04177,121.58735,8
500111070,20231120,405,18,10,1,25.04177,121.58735,8
500111070,20231120,406,18,10,1,25.04177,121.58735,8
500111070,20231120,407,18,10,1,25.04177,121.58735,8
500111070,20231120,408,18,10,1,25.04177,121.58735,8
500111070,20231120,409,18,10,1,25.04177,121.58735,8
500111070,20231120,410,18,10,1,25.04177,121.58735,8
500111070,20231120,411,18,10,1,25.04177,121.58735,8
500111070,20231120,412,18,10,1,25.04177,121.58735,8
500111070,20231120,413,18,10,1,25.04177,121.58735,8
500111070,20231120,414,18,10,1,25.04177,121.58735,8
500111070,20231120,415,18,10,1,25.04177,121.58735,8
500111070,20231120,416,18,10,1,25.04177,121.58735,8
500111070,20231120,417,18,10,1,25.04177,121.58735,8
500111070,20231120,418,18,10,1,25.04177,121.58735,8
500111070,20231120,419,18,10,1,25.04177,121.58735,8
500111070,20231120,421,18,12,1,25.04177,121.58735,6
500111070,20231120,422,18,12,1,25.04177,121.58735,6
500111070,20231120,423,18,11,1,25.04177,121.58735,7
500111070,20231120,424,18,11,1,25.04177,121.58735,7
500111070,20231120,425,18,12,1,25.04177,121.58735,6
500111070,20231120,426,18,12,1,25.04177,121.58735,6
500111070,20231120,427,18,13,1,25.04177,121.58735,5
500111070,20231120,428,18,13,1,25.04177,121.58735,5
500111070,20231120,429,18,15,1,25.04177,121.58735,3
500111070,20231120,430,18,16,1,25.04177,121.58735,2
500111070,20231120,431,18,15,1,25.04177,121.58735,3
500111070,20231120,432,18,17,1,25.04177,121.58735,1
500111070,20231120,433,18,17,1,25.04177,121.58735,1
500111070,20231120,434,18,17,1,25.04177,121.58735,1
500111070,20231120,435,18,17,1,25.04177,121.58735,1
500111070,20231120,436,18,17,1,25.04177,121.58735,1
500111070,20231120,437,18,17,1,25.04177,121.58735,1
500111070,20231120,438,18,17,1,25.04177,121.58735,1
500111070,20231120,439,18,17,1,25.04177,121.58735,1
500111070,20231120,441,18,17,1,25.04177,121.58735,1
500111070,20231120,442,18,17,1,25.04177,121.58735,1
500111070,20231120,443,18,18,1,25.04177,121.58735,0
500111070,20231120,444,18,18,1,25.04177,121.58735,0
500111070,20231120,445,18,18,1,25.04177,121.58735,0
500111070,20231120,446,18,18,1,25.04177,121.58735,0
500111070,20231120,447,18,18,1,25.04177,121.58735,0
500111070,20231120,448,18,18,1,25.04177,121.58735,0
500111070,20231120,449,18,17,1,25.04177,121.58735,1
500111070,20231120,451,18,18,1,25.04177,121.58735,0
500111070,20231120,452,18,18,1,25.04177,121.58735,0
500111070,20231120,453,18,18,1,25.04177,121.58735,0
500111070,20231120,454,18,18,1,25.04177,121.58735,0
500111070,20231120,455,18,18,1,25.04177,121.58735,0
500111070,20231120,456,18,18,1,25.04177,121.58735,0
500111070,20231120,457,18,18,1,25.04177,121.58735,0
500111070,20231120,458,18,18,1,25.04177,121.58735,0
500111070,20231120,459,18,18,1,25.04177,121.58735,0
500111070,20231120,460,18,18,1,25.04177,121.58735,0
500111070,20231120,461,18,18,1,25.04177,121.58735,0
500111070,20231120,462,18,18,1,25.04177,121.58735,0
500111070,20231120,463,18,18,1,25.04177,121.58735,0
500111070,20231120,464,18,18,1,25.04177,121.58735,0
500111070,20231120,465,18,18,1,25.04177,121.58735,0
500111070,20231120,466,18,18,1,25.04177,121.58735,0
500111070,20231120,467,18,18,1,25.04177,121.58735,0
500111070,20231120,468,18,18,1,25.04177,121.58735,0
500111070,20231120,469,18,18,1,25.04177,121.58735,0
500111070,20231120,470,18,18,1,25.04177,121.58735,0
500111070,20231120,471,18,18,1,25.04177,121.58735,0
500111070,20231120,472,18,18,1,25.04177,121.58735,0
500111070,20231120,473,18,18,1,25.04177,121.58735,0
500111070,20231120,474,18,17,1,25.04177,121.58735,1
500111070,20231120,475,18,17,1,25.04177,121.58735,1
500111070,20231120,476,18,18,1,25.04177,121.58735,0
500111070,20231120,477,18,18,1,25.04177,121.58735,0
500111070,20231120,478,18,18,1,25.04177,121.58735,0
500111070,20231120,479,18,18,1,25.04177,121.58735,0
500111070,20231120,481,18,18,1,25.04177,121.58735,0
500111070,20231120,482,18,18,1,25.04177,121.58735,0
500111070,20231120,483,18,18,1,25.04177,121.58735,0
500111070,20231120,484,18,17,1,25.04177,121.58735,1
500111070,20231120,485,18,12,1,25.04177,121.58735,6
500111070,20231120,486,18,12,1,25.04177,121.58735,6
500111070,20231120,487,18,8,1,25.04177,121.58735,10
500111070,20231120,488,18,7,1,25.04177,121.58735,11
500111070,20231120,489,18,5,1,25.04177,121.58735,13
500111070,20231120,490,18,5,1,25.04177,121.58735,13
500111070,20231120,491,18,5,1,25.04177,121.58735,13
500111070,20231120,492,18,5,1,25.04177,121.58735,13
500111070,20231120,493,18,5,1,25.04177,121.58735,13
500111070,20231120,494,18,7,1,25.04177,121.58735,11
500111070,20231120,495,18,8,1,25.04177,121.58735,10
500111070,20231120,496,18,10,1,25.04177,121.58735,8
500111070,20231120,497,18,10,1,25.04177,121.58735,8
500111070,20231120,498,18,11,1,25.04177,121.58735,7
500111070,20231120,499,18,13,1,25.04177,121.58735,5
500111070,20231120,501,18,13,1,25.04177,121.58735,5
500111070,20231120,502,18,15,1,25.04177,121.58735,3
500111070,20231120,503,18,15,1,25.04177,121.58735,3
500111070,20231120,504,18,15,1,25.04177,121.58735,3
500111070,20231120,505,18,16,1,25.04177,121.58735,2
500111070,20231120,506,18,16,1,25.04177,121.58735,2
500111070,20231120,507,18,16,1,25.04177,121.58735,2
500111070,20231120,508,18,16,1,25.04177,121.58735,2
500111070,20231120,509,18,18,1,25.04177,121.58735,0
500111070,20231120,511,18,18,1,25.04177,121.58735,0
500111070,20231120,512,18,18,1,25.04177,121.58735,0
500111070,20231120,513,18,18,1,25.04177,121.58735,0
500111070,20231120,514,18,18,1,25.04177,121.58735,0
500111070,20231120,515,18,18,1,25.04177,121.58735,0
500111070,20231120,516,18,17,1,25.04177,121.58735,1
500111070,20231120,517,18,17,1,25.04177,121.58735,1
500111070,20231120,519,18,18,1,25.04177,121.58735,0
500111070,20231120,521,18,18,1,25.04177,121.58735,0
500111070,20231120,522,18,18,1,25.04177,121.58735,0
500111070,20231120,523,18,18,1,25.04177,121.58735,0
500111070,20231120,524,18,18,1,25.04177,121.58735,0
500111070,20231120,525,18,18,1,25.04177,121.58735,0
500111070,20231120,526,18,18,1,25.04177,121.58735,0
500111070,20231120,527,18,18,1,25.04177,121.58735,0
500111070,20231120,528,18,18,1,25.04177,121.58735,0
500111070,20231120,529,18,18,1,25.04177,121.58735,0
500111070,20231120,531,18,18,1,25.04177,121.58735,0
500111070,20231120,532,18,18,1,25.04177,121.58735,0
500111070,20231120,533,18,17,1,25.04177,121.58735,1
500111070,20231120,534,18,17,1,25.04177,121.58735,1
500111070,20231120,535,18,17,1,25.04177,121.58735,1
500111070,20231120,536,18,17,1,25.04177,121.58735,1
500111070,20231120,537,18,17,1,25.04177,121.58735,1
500111070,20231120,538,18,18,1,25.04177,121.58735,0
500111070,20231120,539,18,18,1,25.04177,121.58735,0
500111070,20231120,541,18,18,1,25.04177,121.58735,0
500111070,20231120,542,18,18,1,25.04177,121.58735,0
500111070,20231120,543,18,18,1,25.04177,121.58735,0
500111070,20231120,544,18,18,1,25.04177,121.58735,0
500111070,20231120,545,18,18,1,25.04177,121.58735,0
500111070,20231120,546,18,18,1,25.04177,121.58735,0
500111070,20231120,547,18,18,1,25.04177,121.58735,0
500111070,20231120,548,18,18,1,25.04177,121.58735,0
500111070,20231120,549,18,17,1,25.04177,121.58735,1
500111070,20231120,551,18,17,1,25.04177,121.58735,1
500111070,20231120,552,18,16,1,25.04177,121.58735,2
500111070,20231120,553,18,16,1,25.04177,121.58735,2
500111070,20231120,554,18,17,1,25.04177,121.58735,1
500111070,20231120,555,18,17,1,25.04177,121.58735,1
500111070,20231120,556,18,17,1,25.04177,121.58735,1
500111070,20231120,557,18,17,1,25.04177,121.58735,1
500111070,20231120,558,18,17,1,25.04177,121.58735,1
500111070,20231120,559,18,17,1,25.04177,121.58735,1
500111070,20231120,561,18,18,1,25.04177,121.58735,0
500111070,20231120,562,18,18,1,25.04177,121.58735,0
500111070,20231120,563,18,18,1,25.04177,121.58735,0
500111070,20231120,564,18,18,1,25.04177,121.58735,0
500111070,20231120,565,18,18,1,25.04177,121.58735,0
500111070,20231120,566,18,18,1,25.04177,121.58735,0
500111070,20231120,567,18,18,1,25.04177,121.58735,0
500111070,20231120,568,18,18,1,25.04177,121.58735,0
500111070,20231120,569,18,18,1,25.04177,121.58735,0
500111070,20231120,571,18,18,1,25.04177,121.58735,0
500111070,20231120,572,18,18,1,25.04177,121.58735,0
500111070,20231120,573,18,18,1,25.04177,121.58735,0
500111070,20231120,574,18,18,1,25.04177,121.58735,0
500111070,20231120,575,18,18,1,25.04177,121.58735,0
500111070,20231120,576,18,18,1,25.04177,121.58735,0
500111070,20231120,577,18,18,1,25.04177,121.58735,0
500111070,20231120,578,18,18,1,25.04177,121.58735,0
500111070,20231120,579,18,18,1,25.04177,121.58735,0
500111070,20231120,581,18,18,1,25.04177,121.58735,0
500111070,20231120,582,18,18,1,25.04177,121.58735,0
500111070,20231120,583,18,18,1,25.04177,121.58735,0
500111070,20231120,584,18,18,1,25.04177,121.58735,0
500111070,20231120,585,18,18,1,25.04177,121.58735,0
500111070,20231120,586,18,18,1,25.04177,121.58735,0
500111070,20231120,587,18,18,1,25.04177,121.58735,0
500111070,20231120,588,18,18,1,25.04177,121.58735,0
500111070,20231120,589,18,18,1,25.04177,121.58735,0
500111070,20231120,591,18,18,1,25.04177,121.58735,0
500111070,20231120,592,18,18,1,25.04177,121.58735,0
500111070,20231120,593,18,18,1,25.04177,121.58735,0
500111070,20231120,594,18,17,1,25.04177,121.58735,1
500111070,20231120,595,18,17,1,25.04177,121.58735,1
500111070,20231120,596,18,17,1,25.04177,121.58735,1
500111070,20231120,597,18,17,1,25.04177,121.58735,1
500111070,20231120,598,18,17,1,25.04177,121.58735,1
500111070,20231120,599,18,17,1,25.04177,121.58735,1
500111070,20231120,601,18,17,1,25.04177,121.58735,1
500111070,20231120,602,18,17,1,25.04177,121.58735,1
500111070,20231120,603,18,17,1,25.04177,121.58735,1
500111070,20231120,604,18,17,1,25.04177,121.58735,1
500111070,20231120,605,18,17,1,25.04177,121.58735,1
500111070,20231120,606,18,16,1,25.04177,121.58735,2
500111070,20231120,607,18,16,1,25.04177,121.58735,2
500111070,20231120,608,18,16,1,25.04177,121.58735,2
500111070,20231120,609,18,16,1,25.04177,121.58735,2
500111070,20231120,611,18,17,1,25.04177,121.58735,1
500111070,20231120,612,18,17,1,25.04177,121.58735,1
500111070,20231120,613,18,18,1,25.04177,121.58735,0
500111070,20231120,614,18,18,1,25.04177,121.58735,0
500111070,20231120,615,18,18,1,25.04177,121.58735,0
500111070,20231120,616,18,18,1,25.04177,121.58735,0
500111070,20231120,617,18,18,1,25.04177,121.58735,0
500111070,20231120,618,18,18,1,25.04177,121.58735,0
500111070,20231120,619,18,18,1,25.04177,121.58735,0
500111070,20231120,621,18,18,1,25.04177,121.58735,0
500111070,20231120,622,18,18,1,25.04177,121.58735,0
500111070,20231120,623,18,18,1,25.04177,121.58735,0
500111070,20231120,624,18,18,1,25.04177,121.58735,0
500111070,20231120,625,18,18,1,25.04177,121.58735,0
500111070,20231120,626,18,18,1,25.04177,121.58735,0
500111070,20231120,627,18,18,1,25.04177,121.58735,0
500111070,20231120,628,18,18,1,25.04177,121.58735,0
500111070,20231120,629,18,18,1,25.04177,121.58735,0
500111070,20231120,631,18,18,1,25.04177,121.58735,0
500111070,20231120,632,18,18,1,25.04177,121.58735,0
500111070,20231120,633,18,18,1,25.04177,121.58735,0
500111070,20231120,634,18,18,1,25.04177,121.58735,0
500111070,20231120,635,18,18,1,25.04177,121.58735,0
500111070,20231120,636,18,18,1,25.04177,121.58735,0
500111070,20231120,637,18,18,1,25.04177,121.58735,0
500111070,20231120,638,18,18,1,25.04177,121.58735,0
500111070,20231120,639,18,18,1,25.04177,121.58735,0
500111070,20231120,640,18,18,1,25.04177,121.58735,0
500111070,20231120,641,18,18,1,25.04177,121.58735,0
500111070,20231120,642,18,18,1,25.04177,121.58735,0
500111070,20231120,643,18,18,1,25.04177,121.58735,0
500111070,20231120,644,18,18,1,25.04177,121.58735,0
500111070,20231120,645,18,18,1,25.04177,121.58735,0
500111070,20231120,646,18,18,1,25.04177,121.58735,0
500111070,20231120,647,18,18,1,25.04177,121.58735,0
500111070,20231120,648,18,17,1,25.04177,121.58735,1
500111070,20231120,649,18,17,1,25.04177,121.58735,1
500111070,20231120,650,18,17,1,25.04177,121.58735,1
500111070,20231120,651,18,17,1,25.04177,121.58735,1
500111070,20231120,652,18,17,1,25.04177,121.58735,1
500111070,20231120,653,18,17,1,25.04177,121.58735,1
500111070,20231120,654,18,17,1,25.04177,121.58735,1
500111070,20231120,655,18,17,1,25.04177,121.58735,1
500111070,20231120,656,18,17,1,25.04177,121.58735,1
500111070,20231120,657,18,17,1,25.04177,121.58735,1
500111070,20231120,658,18,17,1,25.04177,121.58735,1
500111070,20231120,659,18,17,1,25.04177,121.58735,1
500111070,20231120,661,18,17,1,25.04177,121.58735,1
500111070,20231120,662,18,17,1,25.04177,121.58735,1
500111070,20231120,663,18,17,1,25.04177,121.58735,1
500111070,20231120,664,18,17,1,25.04177,121.58735,1
500111070,20231120,665,18,17,1,25.04177,121.58735,1
500111070,20231120,666,18,16,1,25.04177,121.58735,2
500111070,20231120,667,18,16,1,25.04177,121.58735,2
500111070,20231120,668,18,17,1,25.04177,121.58735,1
500111070,20231120,669,18,17,1,25.04177,121.58735,1
500111070,20231120,670,18,17,1,25.04177,121.58735,1
500111070,20231120,671,18,17,1,25.04177,121.58735,1
500111070,20231120,672,18,17,1,25.04177,121.58735,1
500111070,20231120,673,18,18,1,25.04177,121.58735,0
500111070,20231120,674,18,18,1,25.04177,121.58735,0
500111070,20231120,675,18,18,1,25.04177,121.58735,0
500111070,20231120,676,18,18,1,25.04177,121.58735,0
500111070,20231120,677,18,18,1,25.04177,121.58735,0
500111070,20231120,678,18,18,1,25.04177,121.58735,0
500111070,20231120,679,18,18,1,25.04177,121.58735,0
500111070,20231120,681,18,18,1,25.04177,121.58735,0
500111070,20231120,682,18,18,1,25.04177,121.58735,0
500111070,20231120,683,18,18,1,25.04177,121.58735,0
500111070,20231120,684,18,18,1,25.04177,121.58735,0
500111070,20231120,685,18,18,1,25.04177,121.58735,0
500111070,20231120,686,18,18,1,25.04177,121.58735,0
500111070,20231120,687,18,18,1,25.04177,121.58735,0
500111070,20231120,688,18,18,1,25.04177,121.58735,0
500111070,20231120,689,18,18,1,25.04177,121.58735,0
500111070,20231120,690,18,18,1,25.04177,121.58735,0
500111070,20231120,691,18,18,1,25.04177,121.58735,0
500111070,20231120,692,18,18,1,25.04177,121.58735,0
500111070,20231120,693,18,18,1,25.04177,121.58735,0
500111070,20231120,694,18,18,1,25.04177,121.58735,0
500111070,20231120,695,18,18,1,25.04177,121.58735,0
500111070,20231120,696,18,18,1,25.04177,121.58735,0
500111070,20231120,697,18,18,1,25.04177,121.58735,0
500111070,20231120,698,18,18,1,25.04177,121.58735,0
500111070,20231120,699,18,18,1,25.04177,121.58735,0
500111070,20231120,700,18,18,1,25.04177,121.58735,0
500111070,20231120,701,18,18,1,25.04177,121.58735,0
500111070,20231120,702,18,18,1,25.04177,121.58735,0
500111070,20231120,703,18,18,1,25.04177,121.58735,0
500111070,20231120,704,18,18,1,25.04177,121.58735,0
500111070,20231120,705,18,18,1,25.04177,121.58735,0
500111070,20231120,706,18,18,1,25.04177,121.58735,0
500111070,20231120,707,18,18,1,25.04177,121.58735,0
500111070,20231120,708,18,18,1,25.04177,121.58735,0
500111070,20231120,709,18,18,1,25.04177,121.58735,0
500111070,20231120,710,18,18,1,25.04177,121.58735,0
500111070,20231120,711,18,18,1,25.04177,121.58735,0
500111070,20231120,712,18,18,1,25.04177,121.58735,0
500111070,20231120,713,18,18,1,25.04177,121.58735,0
500111070,20231120,714,18,18,1,25.04177,121.58735,0
500111070,20231120,715,18,18,1,25.04177,121.58735,0
500111070,20231120,716,18,18,1,25.04177,121.58735,0
500111070,20231120,717,18,18,1,25.04177,121.58735,0
500111070,20231120,718,18,18,1,25.04177,121.58735,0
500111070,20231120,719,18,18,1,25.04177,121.58735,0
500111070,20231120,721,18,18,1,25.04177,121.58735,0
500111070,20231120,722,18,18,1,25.04177,121.58735,0
500111070,20231120,723,18,18,1,25.04177,121.58735,0
500111070,20231120,724,18,18,1,25.04177,121.58735,0
500111070,20231120,725,18,18,1,25.04177,121.58735,0
500111070,20231120,726,18,18,1,25.04177,121.58735,0
500111070,20231120,727,18,18,1,25.04177,121.58735,0
500111070,20231120,728,18,18,1,25.04177,121.58735,0
500111070,20231120,729,18,18,1,25.04177,121.58735,0
500111070,20231120,730,18,18,1,25.04177,121.58735,0
500111070,20231120,731,18,18,1,25.04177,121.58735,0
500111070,20231120,732,18,18,1,25.04177,121.58735,0
500111070,20231120,733,18,18,1,25.04177,121.58735,0
500111070,20231120,734,18,18,1,25.04177,121.58735,0
500111070,20231120,735,18,18,1,25.04177,121.58735,0
500111070,20231120,736,18,18,1,25.04177,121.58735,0
500111070,20231120,737,18,18,1,25.04177,121.58735,0
500111070,20231120,738,18,18,1,25.04177,121.58735,0
500111070,20231120,739,18,18,1,25.04177,121.58735,0
500111070,20231120,741,18,18,1,25.04177,121.58735,0
500111070,20231120,742,18,18,1,25.04177,121.58735,0
500111070,20231120,743,18,17,1,25.04177,121.58735,1
500111070,20231120,744,18,17,1,25.04177,121.58735,1
500111070,20231120,745,18,17,1,25.04177,121.58735,1
500111070,20231120,746,18,17,1,25.04177,121.58735,1
500111070,20231120,747,18,17,1,25.04177,121.58735,1
500111070,20231120,748,18,17,1,25.04177,121.58735,1
500111070,20231120,749,18,16,1,25.04177,121.58735,2
500111070,20231120,751,18,17,1,25.04177,121.58735,1
500111070,20231120,752,18,17,1,25.04177,121.58735,1
500111070,20231120,753,18,17,1,25.04177,121.58735,1
500111070,20231120,754,18,17,1,25.04177,121.58735,1
500111070,20231120,755,18,18,1,25.04177,121.58735,0
500111070,20231120,756,18,18,1,25.04177,121.58735,0
500111070,20231120,757,18,18,1,25.04177,121.58735,0
500111070,20231120,758,18,18,1,25.04177,121.58735,0
500111070,20231120,759,18,18,1,25.04177,121.58735,0
500111070,20231120,760,18,18,1,25.04177,121.58735,0
500111070,20231120,761,18,18,1,25.04177,121.58735,0
500111070,20231120,762,18,18,1,25.04177,121.58735,0
500111070,20231120,763,18,17,1,25.04177,121.58735,1
500111070,20231120,764,18,18,1,25.04177,121.58735,0
500111070,20231120,765,18,18,1,25.04177,121.58735,0
500111070,20231120,766,18,18,1,25.04177,121.58735,0
500111070,20231120,767,18,18,1,25.04177,121.58735,0
500111070,20231120,768,18,18,1,25.04177,121.58735,0
500111070,20231120,769,18,18,1,25.04177,121.58735,0
500111070,20231120,770,18,18,1,25.04177,121.58735,0
500111070,20231120,771,18,18,1,25.04177,121.58735,0
500111070,20231120,772,18,18,1,25.04177,121.58735,0
500111070,20231120,773,18,18,1,25.04177,121.58735,0
500111070,20231120,774,18,18,1,25.04177,121.58735,0
500111070,20231120,775,18,18,1,25.04177,121.58735,0
500111070,20231120,776,18,18,1,25.04177,121.58735,0
500111070,20231120,777,18,18,1,25.04177,121.58735,0
500111070,20231120,778,18,18,1,25.04177,121.58735,0
500111070,20231120,779,18,18,1,25.04177,121.58735,0
500111070,20231120,781,18,18,1,25.04177,121.58735,0
500111070,20231120,782,18,18,1,25.04177,121.58735,0
500111070,20231120,783,18,18,1,25.04177,121.58735,0
500111070,20231120,784,18,18,1,25.04177,121.58735,0
500111070,20231120,786,18,18,1,25.04177,121.58735,0
500111070,20231120,787,18,18,1,25.04177,121.58735,0
500111070,20231120,788,18,18,1,25.04177,121.58735,0
500111070,20231120,789,18,18,1,25.04177,121.58735,0
500111070,20231120,791,18,17,1,25.04177,121.58735,1
500111070,20231120,792,18,17,1,25.04177,121.58735,1
500111070,20231120,793,18,17,1,25.04177,121.58735,1
500111070,20231120,794,18,17,1,25.04177,121.58735,1
500111070,20231120,795,18,17,1,25.04177,121.58735,1
500111070,20231120,796,18,17,1,25.04177,121.58735,1
500111070,20231120,797,18,17,1,25.04177,121.58735,1
500111070,20231120,798,18,17,1,25.04177,121.58735,1
500111070,20231120,799,18,18,1,25.04177,121.58735,0
500111070,20231120,801,18,18,1,25.04177,121.58735,0
500111070,20231120,802,18,18,1,25.04177,121.58735,0
500111070,20231120,803,18,18,1,25.04177,121.58735,0
500111070,20231120,804,18,18,1,25.04177,121.58735,0
500111070,20231120,805,18,18,1,25.04177,121.58735,0
500111070,20231120,806,18,18,1,25.04177,121.58735,0
500111070,20231120,808,18,17,1,25.04177,121.58735,1
500111070,20231120,809,18,16,1,25.04177,121.58735,2
500111070,20231120,811,18,16,1,25.04177,121.58735,2
500111070,20231120,812,18,16,1,25.04177,121.58735,2
500111070,20231120,813,18,16,1,25.04177,121.58735,2
500111070,20231120,814,18,16,1,25.04177,121.58735,2
500111070,20231120,815,18,16,1,25.04177,121.58735,2
500111070,20231120,816,18,17,1,25.04177,121.58735,1
500111070,20231120,817,18,17,1,25.04177,121.58735,1
500111070,20231120,818,18,17,1,25.04177,121.58735,1
500111070,20231120,819,18,17,1,25.04177,121.58735,1
500111070,20231120,821,18,17,1,25.04177,121.58735,1
500111070,20231120,822,18,17,1,25.04177,121.58735,1
500111070,20231120,823,18,17,1,25.04177,121.58735,1
500111070,20231120,824,18,16,1,25.04177,121.58735,2
500111070,20231120,825,18,16,1,25.04177,121.58735,2
500111070,20231120,826,18,16,1,25.04177,121.58735,2
500111070,20231120,827,18,16,1,25.04177,121.58735,2
500111070,20231120,828,18,16,1,25.04177,121.58735,2
500111070,20231120,829,18,16,1,25.04177,121.58735,2
500111070,20231120,831,18,17,1,25.04177,121.58735,1
500111070,20231120,832,18,17,1,25.04177,121.58735,1
500111070,20231120,833,18,17,1,25.04177,121.58735,1
500111070,20231120,834,18,17,1,25.04177,121.58735,1
500111070,20231120,835,18,17,1,25.04177,121.58735,1
500111070,20231120,836,18,18,1,25.04177,121.58735,0
500111070,20231120,837,18,18,1,25.04177,121.58735,0
500111070,20231120,838,18,18,1,25.04177,121.58735,0
500111070,20231120,839,18,18,1,25.04177,121.58735,0
500111070,20231120,841,18,18,1,25.04177,121.58735,0
500111070,20231120,842,18,18,1,25.04177,121.58735,0
500111070,20231120,843,18,18,1,25.04177,121.58735,0
500111070,20231120,844,18,18,1,25.04177,121.58735,0
500111070,20231120,845,18,18,1,25.04177,121.58735,0
500111070,20231120,846,18,18,1,25.04177,121.58735,0
500111070,20231120,847,18,18,1,25.04177,121.58735,0
500111070,20231120,848,18,18,1,25.04177,121.58735,0
500111070,20231120,849,18,18,1,25.04177,121.58735,0
500111070,20231120,851,18,18,1,25.04177,121.58735,0
500111070,20231120,852,18,18,1,25.04177,121.58735,0
500111070,20231120,853,18,18,1,25.04177,121.58735,0
500111070,20231120,854,18,18,1,25.04177,121.58735,0
500111070,20231120,855,18,18,1,25.04177,121.58735,0
500111070,20231120,856,18,18,1,25.04177,121.58735,0
500111070,20231120,857,18,18,1,25.04177,121.58735,0
500111070,20231120,858,18,18,1,25.04177,121.58735,0
500111070,20231120,859,18,18,1,25.04177,121.58735,0
500111070,20231120,861,18,17,1,25.04177,121.58735,1
500111070,20231120,862,18,17,1,25.04177,121.58735,1
500111070,20231120,863,18,17,1,25.04177,121.58735,1
500111070,20231120,864,18,17,1,25.04177,121.58735,1
500111070,20231120,865,18,17,1,25.04177,121.58735,1
500111070,20231120,866,18,17,1,25.04177,121.58735,1
500111070,20231120,867,18,17,1,25.04177,121.58735,1
500111070,20231120,868,18,17,1,25.04177,121.58735,1
500111070,20231120,869,18,17,1,25.04177,121.58735,1
500111070,20231120,871,18,17,1,25.04177,121.58735,1
500111070,20231120,872,18,17,1,25.04177,121.58735,1
500111070,20231120,873,18,17,1,25.04177,121.58735,1
500111070,20231120,874,18,17,1,25.04177,121.58735,1
500111070,20231120,875,18,17,1,25.04177,121.58735,1
500111070,20231120,876,18,17,1,25.04177,121.58735,1
500111070,20231120,877,18,17,1,25.04177,121.58735,1
500111070,20231120,878,18,17,1,25.04177,121.58735,1
500111070,20231120,879,18,17,1,25.04177,121.58735,1
500111070,20231120,881,18,17,1,25.04177,121.58735,1
500111070,20231120,882,18,17,1,25.04177,121.58735,1
500111070,20231120,883,18,17,1,25.04177,121.58735,1
500111070,20231120,884,18,17,1,25.04177,121.58735,1
500111070,20231120,885,18,17,1,25.04177,121.58735,1
500111070,20231120,886,18,17,1,25.04177,121.58735,1
500111070,20231120,887,18,17,1,25.04177,121.58735,1
500111070,20231120,888,18,17,1,25.04177,121.58735,1
500111070,20231120,889,18,17,1,25.04177,121.58735,1
500111070,20231120,891,18,18,1,25.04177,121.58735,0
500111070,20231120,892,18,18,1,25.04177,121.58735,0
500111070,20231120,893,18,18,1,25.04177,121.58735,0
500111070,20231120,894,18,18,1,25.04177,121.58735,0
500111070,20231120,895,18,18,1,25.04177,121.58735,0
500111070,20231120,896,18,17,1,25.04177,121.58735,1
500111070,20231120,897,18,17,1,25.04177,121.58735,1
500111070,20231120,898,18,16,1,25.04177,121.58735,2
500111070,20231120,899,18,16,1,25.04177,121.58735,2
500111070,20231120,901,18,16,1,25.04177,121.58735,2
500111070,20231120,902,18,16,1,25.04177,121.58735,2
500111070,20231120,903,18,16,1,25.04177,121.58735,2
500111070,20231120,904,18,16,1,25.04177,121.58735,2
500111070,20231120,905,18,16,1,25.04177,121.58735,2
500111070,20231120,906,18,16,1,25.04177,121.58735,2
500111070,20231120,907,18,17,1,25.04177,121.58735,1
500111070,20231120,908,18,17,1,25.04177,121.58735,1
500111070,20231120,909,18,17,1,25.04177,121.58735,1
500111070,20231120,910,18,17,1,25.04177,121.58735,1
500111070,20231120,911,18,17,1,25.04177,121.58735,1
500111070,20231120,912,18,17,1,25.04177,121.58735,1
500111070,20231120,913,18,17,1,25.04177,121.58735,1
500111070,20231120,914,18,17,1,25.04177,121.58735,1
500111070,20231120,915,18,17,1,25.04177,121.58735,1
500111070,20231120,916,18,17,1,25.04177,121.58735,1
500111070,20231120,917,18,17,1,25.04177,121.58735,1
500111070,20231120,918,18,17,1,25.04177,121.58735,1
500111070,20231120,919,18,17,1,25.04177,121.58735,1
500111070,20231120,921,18,17,1,25.04177,121.58735,1
500111070,20231120,922,18,17,1,25.04177,121.58735,1
500111070,20231120,923,18,17,1,25.04177,121.58735,1
500111070,20231120,924,18,17,1,25.04177,121.58735,1
500111070,20231120,925,18,17,1,25.04177,121.58735,1
500111070,20231120,926,18,17,1,25.04177,121.58735,1
500111070,20231120,927,18,17,1,25.04177,121.58735,1
500111070,20231120,928,18,17,1,25.04177,121.58735,1
500111070,20231120,929,18,16,1,25.04177,121.58735,2
500111070,20231120,931,18,16,1,25.04177,121.58735,2
500111070,20231120,932,18,16,1,25.04177,121.58735,2
500111070,20231120,933,18,16,1,25.04177,121.58735,2
500111070,20231120,934,18,17,1,25.04177,121.58735,1
500111070,20231120,935,18,17,1,25.04177,121.58735,1
500111070,20231120,936,18,18,1,25.04177,121.58735,0
500111070,20231120,937,18,18,1,25.04177,121.58735,0
500111070,20231120,938,18,18,1,25.04177,121.58735,0
500111070,20231120,939,18,18,1,25.04177,121.58735,0
500111070,20231120,940,18,18,1,25.04177,121.58735,0
500111070,20231120,941,18,18,1,25.04177,121.58735,0
500111070,20231120,942,18,18,1,25.04177,121.58735,0
500111070,20231120,943,18,18,1,25.04177,121.58735,0
500111070,20231120,944,18,18,1,25.04177,121.58735,0
500111070,20231120,945,18,18,1,25.04177,121.58735,0
500111070,20231120,946,18,18,1,25.04177,121.58735,0
500111070,20231120,947,18,18,1,25.04177,121.58735,0
500111070,20231120,948,18,18,1,25.04177,121.58735,0
500111070,20231120,949,18,18,1,25.04177,121.58735,0
500111070,20231120,950,18,18,1,25.04177,121.58735,0
500111070,20231120,951,18,17,1,25.04177,121.58735,1
500111070,20231120,952,18,17,1,25.04177,121.58735,1
500111070,20231120,953,18,17,1,25.04177,121.58735,1
500111070,20231120,954,18,17,1,25.04177,121.58735,1
500111070,20231120,955,18,17,1,25.04177,121.58735,1
500111070,20231120,956,18,17,1,25.04177,121.58735,1
500111070,20231120,957,18,17,1,25.04177,121.58735,1
500111070,20231120,958,18,17,1,25.04177,121.58735,1
500111070,20231120,959,18,18,1,25.04177,121.58735,0
500111070,20231120,961,18,18,1,25.04177,121.58735,0
500111070,20231120,962,18,18,1,25.04177,121.58735,0
500111070,20231120,963,18,18,1,25.04177,121.58735,0
500111070,20231120,964,18,18,1,25.04177,121.58735,0
500111070,20231120,965,18,18,1,25.04177,121.58735,0
500111070,20231120,966,18,18,1,25.04177,121.58735,0
500111070,20231120,967,18,18,1,25.04177,121.58735,0
500111070,20231120,968,18,18,1,25.04177,121.58735,0
500111070,20231120,969,18,18,1,25.04177,121.58735,0
500111070,20231120,970,18,18,1,25.04177,121.58735,0
500111070,20231120,971,18,18,1,25.04177,121.58735,0
500111070,20231120,972,18,17,1,25.04177,121.58735,1
500111070,20231120,973,18,17,1,25.04177,121.58735,1
500111070,20231120,974,18,17,1,25.04177,121.58735,1
500111070,20231120,975,18,17,1,25.04177,121.58735,1
500111070,20231120,976,18,17,1,25.04177,121.58735,1
500111070,20231120,977,18,17,1,25.04177,121.58735,1
500111070,20231120,978,18,17,1,25.04177,121.58735,1
500111070,20231120,979,18,17,1,25.04177,121.58735,1
500111070,20231120,981,18,17,1,25.04177,121.58735,1
500111070,20231120,982,18,17,1,25.04177,121.58735,1
500111070,20231120,983,18,17,1,25.04177,121.58735,1
500111070,20231120,984,18,17,1,25.04177,121.58735,1
500111070,20231120,985,18,17,1,25.04177,121.58735,1
500111070,20231120,986,18,17,1,25.04177,121.58735,1
500111070,20231120,987,18,17,1,25.04177,121.58735,1
500111070,20231120,988,18,17,1,25.04177,121.58735,1
500111070,20231120,989,18,18,1,25.04177,121.58735,0
500111070,20231120,991,18,18,1,25.04177,121.58735,0
500111070,20231120,992,18,18,1,25.04177,121.58735,0
500111070,20231120,993,18,18,1,25.04177,121.58735,0
500111070,20231120,994,18,18,1,25.04177,121.58735,0
500111070,20231120,995,18,18,1,25.04177,121.58735,0
500111070,20231120,996,18,18,1,25.04177,121.58735,0
500111070,20231120,997,18,18,1,25.04177,121.58735,0
500111070,20231120,998,18,18,1,25.04177,121.58735,0
500111070,20231120,999,18,17,1,25.04177,121.58735,1
500111070,20231120,1000,18,17,1,25.04177,121.58735,1
500111070,20231120,1001,18,17,1,25.04177,121.58735,1
500111070,20231120,1002,18,17,1,25.04177,121.58735,1
500111070,20231120,1003,18,17,1,25.04177,121.58735,1
500111070,20231120,1004,18,17,1,25.04177,121.58735,1
500111070,20231120,1005,18,16,1,25.04177,121.58735,2
500111070,20231120,1006,18,16,1,25.04177,121.58735,2
500111070,20231120,1007,18,17,1,25.04177,121.58735,1
500111070,20231120,1008,18,16,1,25.04177,121.58735,2
500111070,20231120,1009,18,16,1,25.04177,121.58735,2
500111070,20231120,1010,18,16,1,25.04177,121.58735,2
500111070,20231120,1011,18,14,1,25.04177,121.58735,4
500111070,20231120,1012,18,14,1,25.04177,121.58735,4
500111070,20231120,1013,18,14,1,25.04177,121.58735,4
500111070,20231120,1014,18,13,1,25.04177,121.58735,5
500111070,20231120,1015,18,13,1,25.04177,121.58735,5
500111070,20231120,1016,18,12,1,25.04177,121.58735,6
500111070,20231120,1017,18,12,1,25.04177,121.58735,6
500111070,20231120,1018,18,13,1,25.04177,121.58735,5
500111070,20231120,1019,18,13,1,25.04177,121.58735,5
500111070,20231120,1021,18,13,1,25.04177,121.58735,5
500111070,20231120,1022,18,12,1,25.04177,121.58735,6
500111070,20231120,1023,18,13,1,25.04177,121.58735,5
500111070,20231120,1024,18,13,1,25.04177,121.58735,5
500111070,20231120,1025,18,14,1,25.04177,121.58735,4
500111070,20231120,1026,18,14,1,25.04177,121.58735,4
500111070,20231120,1027,18,14,1,25.04177,121.58735,4
500111070,20231120,1028,18,14,1,25.04177,121.58735,4
500111070,20231120,1029,18,14,1,25.04177,121.58735,4
500111070,20231120,1030,18,13,1,25.04177,121.58735,5
500111070,20231120,1031,18,13,1,25.04177,121.58735,5
500111070,20231120,1032,18,13,1,25.04177,121.58735,5
500111070,20231120,1033,18,12,1,25.04177,121.58735,6
500111070,20231120,1034,18,12,1,25.04177,121.58735,6
500111070,20231120,1035,18,12,1,25.04177,121.58735,6
500111070,20231120,1036,18,12,1,25.04177,121.58735,6
500111070,20231120,1037,18,13,1,25.04177,121.58735,5
500111070,20231120,1038,18,12,1,25.04177,121.58735,6
500111070,20231120,1039,18,12,1,25.04177,121.58735,6
500111070,20231120,1041,18,13,1,25.04177,121.58735,5
500111070,20231120,1042,18,13,1,25.04177,121.58735,5
500111070,20231120,1043,18,12,1,25.04177,121.58735,6
500111070,20231120,1044,18,12,1,25.04177,121.58735,6
500111070,20231120,1045,18,13,1,25.04177,121.58735,5
500111070,20231120,1046,18,13,1,25.04177,121.58735,5
500111070,20231120,1047,18,13,1,25.04177,121.58735,5
500111070,20231120,1048,18,13,1,25.04177,121.58735,5
500111070,20231120,1049,18,12,1,25.04177,121.58735,6
500111070,20231120,1051,18,13,1,25.04177,121.58735,5
500111070,20231120,1052,18,13,1,25.04177,121.58735,5
500111070,20231120,1053,18,13,1,25.04177,121.58735,5
500111070,20231120,1054,18,13,1,25.04177,121.58735,5
500111070,20231120,1055,18,13,1,25.04177,121.58735,5
500111070,20231120,1056,18,13,1,25.04177,121.58735,5
500111070,20231120,1057,18,12,1,25.04177,121.58735,6
500111070,20231120,1058,18,12,1,25.04177,121.58735,6
500111070,20231120,1059,18,12,1,25.04177,121.58735,6
500111070,20231120,1060,18,12,1,25.04177,121.58735,6
500111070,20231120,1061,18,12,1,25.04177,121.58735,6
500111070,20231120,1062,18,12,1,25.04177,121.58735,6
500111070,20231120,1063,18,11,1,25.04177,121.58735,7
500111070,20231120,1065,18,11,1,25.04177,121.58735,7
500111070,20231120,1066,18,11,1,25.04177,121.58735,7
500111070,20231120,1067,18,10,1,25.04177,121.58735,8
500111070,20231120,1068,18,10,1,25.04177,121.58735,8
500111070,20231120,1069,18,10,1,25.04177,121.58735,8
500111070,20231120,1071,18,9,1,25.04177,121.58735,9
500111070,20231120,1072,18,9,1,25.04177,121.58735,9
500111070,20231120,1073,18,9,1,25.04177,121.58735,9
500111070,20231120,1074,18,9,1,25.04177,121.58735,9
500111070,20231120,1075,18,9,1,25.04177,121.58735,9
500111070,20231120,1076,18,9,1,25.04177,121.58735,9
500111070,20231120,1077,18,8,1,25.04177,121.58735,10
500111070,20231120,1078,18,8,1,25.04177,121.58735,10
500111070,20231120,1079,18,8,1,25.04177,121.58735,10
500111070,20231120,1081,18,8,1,25.04177,121.58735,10
500111070,20231120,1082,18,8,1,25.04177,121.58735,10
500111070,20231120,1083,18,8,1,25.04177,121.58735,10
500111070,20231120,1084,18,8,1,25.04177,121.58735,10
500111070,20231120,1085,18,8,1,25.04177,121.58735,10
500111070,20231120,1086,18,6,1,25.04177,121.58735,12
500111070,20231120,1087,18,6,1,25.04177,121.58735,12
500111070,20231120,1088,18,6,1,25.04177,121.58735,12
500111070,20231120,1089,18,6,1,25.04177,121.58735,12
500111070,20231120,1091,18,6,1,25.04177,121.58735,12
500111070,20231120,1092,18,6,1,25.04177,121.58735,12
500111070,20231120,1093,18,6,1,25.04177,121.58735,12
500111070,20231120,1094,18,5,1,25.04177,121.58735,13
500111070,20231120,1095,18,4,1,25.04177,121.58735,14
500111070,20231120,1096,18,3,1,25.04177,121.58735,15
500111070,20231120,1097,18,3,1,25.04177,121.58735,15
500111070,20231120,1098,18,3,1,25.04177,121.58735,15
500111070,20231120,1099,18,3,1,25.04177,121.58735,15
500111070,20231120,1101,18,4,1,25.04177,121.58735,14
500111070,20231120,1102,18,4,1,25.04177,121.58735,14
500111070,20231120,1103,18,4,1,25.04177,121.58735,14
500111070,20231120,1104,18,3,1,25.04177,121.58735,15
500111070,20231120,1105,18,3,1,25.04177,121.58735,15
500111070,20231120,1106,18,3,1,25.04177,121.58735,15
500111070,20231120,1107,18,3,1,25.04177,121.58735,15
500111070,20231120,1108,18,3,1,25.04177,121.58735,15
500111070,20231120,1109,18,3,1,25.04177,121.58735,15
500111070,20231120,1111,18,3,1,25.04177,121.58735,15
500111070,20231120,1112,18,3,1,25.04177,121.58735,15
500111070,20231120,1113,18,2,1,25.04177,121.58735,16
500111070,20231120,1114,18,2,1,25.04177,121.58735,16
500111070,20231120,1115,18,3,1,25.04177,121.58735,15
500111070,20231120,1116,18,3,1,25.04177,121.58735,15
500111070,20231120,1117,18,4,1,25.04177,121.58735,14
500111070,20231120,1118,18,4,1,25.04177,121.58735,14
500111070,20231120,1119,18,3,1,25.04177,121.58735,15
500111070,20231120,1121,18,4,1,25.04177,121.58735,14
500111070,20231120,1122,18,3,1,25.04177,121.58735,15
500111070,20231120,1123,18,3,1,25.04177,121.58735,15
500111070,20231120,1124,18,2,1,25.04177,121.58735,16
500111070,20231120,1125,18,1,1,25.04177,121.58735,17
500111070,20231120,1126,18,1,1,25.04177,121.58735,17
500111070,20231120,1127,18,1,1,25.04177,121.58735,17
500111070,20231120,1128,18,0,1,25.04177,121.58735,18
500111070,20231120,1129,18,0,1,25.04177,121.58735,18
500111070,20231120,1131,18,0,1,25.04177,121.58735,18
500111070,20231120,1132,18,2,1,25.04177,121.58735,16
500111070,20231120,1133,18,4,1,25.04177,121.58735,14
500111070,20231120,1134,18,8,1,25.04177,121.58735,10
500111070,20231120,1135,18,8,1,25.04177,121.58735,10
500111070,20231120,1136,18,11,1,25.04177,121.58735,7
500111070,20231120,1137,18,13,1,25.04177,121.58735,5
500111070,20231120,1138,18,15,1,25.04177,121.58735,3
500111070,20231120,1139,18,17,1,25.04177,121.58735,1
500111070,20231120,1141,18,16,1,25.04177,121.58735,2
500111070,20231120,1142,18,17,1,25.04177,121.58735,1
500111070,20231120,1143,18,17,1,25.04177,121.58735,1
500111070,20231120,1144,18,17,1,25.04177,121.58735,1
500111070,20231120,1145,18,17,1,25.04177,121.58735,1
500111070,20231120,1146,18,17,1,25.04177,121.58735,1
500111070,20231120,1147,18,16,1,25.04177,121.58735,2
500111070,20231120,1148,18,17,1,25.04177,121.58735,1
500111070,20231120,1149,18,17,1,25.04177,121.58735,1
500111070,20231120,1150,18,17,1,25.04177,121.58735,1
500111070,20231120,1151,18,17,1,25.04177,121.58735,1
500111070,20231120,1152,18,17,1,25.04177,121.58735,1
500111070,20231120,1153,18,17,1,25.04177,121.58735,1
500111070,20231120,1154,18,17,1,25.04177,121.58735,1
500111070,20231120,1155,18,17,1,25.04177,121.58735,1
500111070,20231120,1156,18,17,1,25.04177,121.58735,1
500111070,20231120,1157,18,17,1,25.04177,121.58735,1
500111070,20231120,1158,18,15,1,25.04177,121.58735,3
500111070,20231120,1159,18,14,1,25.04177,121.58735,4
500111070,20231120,1161,18,13,1,25.04177,121.58735,5
500111070,20231120,1162,18,13,1,25.04177,121.58735,5
500111070,20231120,1163,18,13,1,25.04177,121.58735,5
500111070,20231120,1164,18,13,1,25.04177,121.58735,5
500111070,20231120,1165,18,12,1,25.04177,121.58735,6
500111070,20231120,1166,18,12,1,25.04177,121.58735,6
500111070,20231120,1167,18,11,1,25.04177,121.58735,7
500111070,20231120,1168,18,11,1,25.04177,121.58735,7
500111070,20231120,1169,18,12,1,25.04177,121.58735,6
500111070,20231120,1171,18,12,1,25.04177,121.58735,6
500111070,20231120,1172,18,12,1,25.04177,121.58735,6
500111070,20231120,1173,18,12,1,25.04177,121.58735,6
500111070,20231120,1174,18,11,1,25.04177,121.58735,7
500111070,20231120,1175,18,11,1,25.04177,121.58735,7
500111070,20231120,1176,18,11,1,25.04177,121.58735,7
500111070,20231120,1177,18,11,1,25.04177,121.58735,7
500111070,20231120,1178,18,11,1,25.04177,121.58735,7
500111070,20231120,1179,18,11,1,25.04177,121.58735,7
500111070,20231120,1180,18,11,1,25.04177,121.58735,7
500111070,20231120,1181,18,11,1,25.04177,121.58735,7
500111070,20231120,1182,18,11,1,25.04177,121.58735,7
500111070,20231120,1183,18,11,1,25.04177,121.58735,7
500111070,20231120,1184,18,9,1,25.04177,121.58735,9
500111070,20231120,1185,18,9,1,25.04177,121.58735,9
500111070,20231120,1186,18,8,1,25.04177,121.58735,10
500111070,20231120,1187,18,8,1,25.04177,121.58735,10
500111070,20231120,1188,18,8,1,25.04177,121.58735,10
500111070,20231120,1189,18,8,1,25.04177,121.58735,10
500111070,20231120,1190,18,8,1,25.04177,121.58735,10
500111070,20231120,1191,18,8,1,25.04177,121.58735,10
500111070,20231120,1192,18,8,1,25.04177,121.58735,10
500111070,20231120,1193,18,6,1,25.04177,121.58735,12
500111070,20231120,1194,18,8,1,25.04177,121.58735,10
500111070,20231120,1195,18,8,1,25.04177,121.58735,10
500111070,20231120,1196,18,7,1,25.04177,121.58735,11
500111070,20231120,1197,18,7,1,25.04177,121.58735,11
500111070,20231120,1198,18,7,1,25.04177,121.58735,11
500111070,20231120,1199,18,7,1,25.04177,121.58735,11
500111070,20231120,1201,18,7,1,25.04177,121.58735,11
500111070,20231120,1202,18,7,1,25.04177,121.58735,11
500111070,20231120,1203,18,7,1,25.04177,121.58735,11
500111070,20231120,1204,18,7,1,25.04177,121.58735,11
500111070,20231120,1205,18,7,1,25.04177,121.58735,11
500111070,20231120,1206,18,7,1,25.04177,121.58735,11
500111070,20231120,1207,18,9,1,25.04177,121.58735,9
500111070,20231120,1208,18,11,1,25.04177,121.58735,7
500111070,20231120,1209,18,14,1,25.04177,121.58735,4
500111070,20231120,1210,18,14,1,25.04177,121.58735,4
500111070,20231120,1211,18,14,1,25.04177,121.58735,4
500111070,20231120,1212,18,14,1,25.04177,121.58735,4
500111070,20231120,1213,18,14,1,25.04177,121.58735,4
500111070,20231120,1214,18,14,1,25.04177,121.58735,4
500111070,20231120,1215,18,16,1,25.04177,121.58735,2
500111070,20231120,1216,18,16,1,25.04177,121.58735,2
500111070,20231120,1217,18,16,1,25.04177,121.58735,2
500111070,20231120,1218,18,16,1,25.04177,121.58735,2
500111070,20231120,1219,18,17,1,25.04177,121.58735,1
500111070,20231120,1221,18,16,1,25.04177,121.58735,2
500111070,20231120,1222,18,16,1,25.04177,121.58735,2
500111070,20231120,1223,18,16,1,25.04177,121.58735,2
500111070,20231120,1224,18,16,1,25.04177,121.58735,2
500111070,20231120,1225,18,16,1,25.04177,121.58735,2
500111070,20231120,1226,18,17,1,25.04177,121.58735,1
500111070,20231120,1227,18,17,1,25.04177,121.58735,1
500111070,20231120,1228,18,17,1,25.04177,121.58735,1
500111070,20231120,1229,18,17,1,25.04177,121.58735,1
500111070,20231120,1231,18,17,1,25.04177,121.58735,1
500111070,20231120,1232,18,17,1,25.04177,121.58735,1
500111070,20231120,1233,18,17,1,25.04177,121.58735,1
500111070,20231120,1234,18,16,1,25.04177,121.58735,2
500111070,20231120,1235,18,16,1,25.04177,121.58735,2
500111070,20231120,1236,18,16,1,25.04177,121.58735,2
500111070,20231120,1237,18,15,1,25.04177,121.58735,3
500111070,20231120,1238,18,15,1,25.04177,121.58735,3
500111070,20231120,1239,18,15,1,25.04177,121.58735,3
500111070,20231120,1240,18,15,1,25.04177,121.58735,3
500111070,20231120,1241,18,15,1,25.04177,121.58735,3
500111070,20231120,1242,18,15,1,25.04177,121.58735,3
500111070,20231120,1243,18,15,1,25.04177,121.58735,3
500111070,20231120,1244,18,15,1,25.04177,121.58735,3
500111070,20231120,1245,18,15,1,25.04177,121.58735,3
500111070,20231120,1246,18,15,1,25.04177,121.58735,3
500111070,20231120,1247,18,15,1,25.04177,121.58735,3
500111070,20231120,1248,18,15,1,25.04177,121.58735,3
500111070,20231120,1249,18,15,1,25.04177,121.58735,3
500111070,20231120,1250,18,15,1,25.04177,121.58735,3
500111070,20231120,1251,18,15,1,25.04177,121.58735,3
500111070,20231120,1252,18,15,1,25.04177,121.58735,3
500111070,20231120,1253,18,15,1,25.04177,121.58735,3
500111070,20231120,1254,18,14,1,25.04177,121.58735,4
500111070,20231120,1255,18,14,1,25.04177,121.58735,4
500111070,20231120,1256,18,14,1,25.04177,121.58735,4
500111070,20231120,1257,18,13,1,25.04177,121.58735,5
500111070,20231120,1258,18,13,1,25.04177,121.58735,5
500111070,20231120,1259,18,13,1,25.04177,121.58735,5
500111070,20231120,1261,18,12,1,25.04177,121.58735,6
500111070,20231120,1262,18,13,1,25.04177,121.58735,5
500111070,20231120,1263,18,12,1,25.04177,121.58735,6
500111070,20231120,1264,18,12,1,25.04177,121.58735,6
500111070,20231120,1265,18,12,1,25.04177,121.58735,6
500111070,20231120,1266,18,12,1,25.04177,121.58735,6
500111070,20231120,1267,18,12,1,25.04177,121.58735,6
500111070,20231120,1268,18,12,1,25.04177,121.58735,6
500111070,20231120,1269,18,12,1,25.04177,121.58735,6
500111070,20231120,1270,18,12,1,25.04177,121.58735,6
500111070,20231120,1271,18,12,1,25.04177,121.58735,6
500111070,20231120,1272,18,12,1,25.04177,121.58735,6
500111070,20231120,1273,18,12,1,25.04177,121.58735,6
500111070,20231120,1274,18,12,1,25.04177,121.58735,6
500111070,20231120,1275,18,12,1,25.04177,121.58735,6
500111070,20231120,1276,18,12,1,25.04177,121.58735,6
500111070,20231120,1277,18,12,1,25.04177,121.58735,6
500111070,20231120,1278,18,12,1,25.04177,121.58735,6
500111070,20231120,1279,18,12,1,25.04177,121.58735,6
500111070,20231120,1281,18,13,1,25.04177,121.58735,5
500111070,20231120,1282,18,13,1,25.04177,121.58735,5
500111070,20231120,1283,18,12,1,25.04177,121.58735,6
500111070,20231120,1284,18,12,1,25.04177,121.58735,6
500111070,20231120,1285,18,12,1,25.04177,121.58735,6
500111070,20231120,1286,18,12,1,25.04177,121.58735,6
500111070,20231120,1287,18,12,1,25.04177,121.58735,6
500111070,20231120,1288,18,10,1,25.04177,121.58735,8
500111070,20231120,1289,18,8,1,25.04177,121.58735,10
500111070,20231120,1291,18,8,1,25.04177,121.58735,10
500111070,20231120,1292,18,8,1,25.04177,121.58735,10
500111070,20231120,1293,18,8,1,25.04177,121.58735,10
500111070,20231120,1294,18,8,1,25.04177,121.58735,10
500111070,20231120,1295,18,8,1,25.04177,121.58735,10
500111070,20231120,1296,18,8,1,25.04177,121.58735,10
500111070,20231120,1297,18,8,1,25.04177,121.58735,10
500111070,20231120,1298,18,7,1,25.04177,121.58735,11
500111070,20231120,1299,18,8,1,25.04177,121.58735,10
500111070,20231120,1300,18,8,1,25.04177,121.58735,10
500111070,20231120,1301,18,8,1,25.04177,121.58735,10
500111070,20231120,1302,18,8,1,25.04177,121.58735,10
500111070,20231120,1303,18,8,1,25.04177,121.58735,10
500111070,20231120,1304,18,8,1,25.04177,121.58735,10
500111070,20231120,1305,18,8,1,25.04177,121.58735,10
500111070,20231120,1306,18,7,1,25.04177,121.58735,11
500111070,20231120,1307,18,5,1,25.04177,121.58735,13
500111070,20231120,1308,18,5,1,25.04177,121.58735,13
500111070,20231120,1309,18,5,1,25.04177,121.58735,13
500111070,20231120,1310,18,5,1,25.04177,121.58735,13
500111070,20231120,1311,18,6,1,25.04177,121.58735,12
500111070,20231120,1312,18,6,1,25.04177,121.58735,12
500111070,20231120,1313,18,6,1,25.04177,121.58735,12
500111070,20231120,1314,18,6,1,25.04177,121.58735,12
500111070,20231120,1315,18,6,1,25.04177,121.58735,12
500111070,20231120,1316,18,6,1,25.04177,121.58735,12
500111070,20231120,1317,18,6,1,25.04177,121.58735,12
500111070,20231120,1318,18,5,1,25.04177,121.58735,13
500111070,20231120,1319,18,5,1,25.04177,121.58735,13
500111070,20231120,1321,18,5,1,25.04177,121.58735,13
500111070,20231120,1322,18,4,1,25.04177,121.58735,14
500111070,20231120,1323,18,4,1,25.04177,121.58735,14
500111070,20231120,1324,18,4,1,25.04177,121.58735,14
500111070,20231120,1325,18,4,1,25.04177,121.58735,14
500111070,20231120,1326,18,4,1,25.04177,121.58735,14
500111070,20231120,1327,18,4,1,25.04177,121.58735,14
500111070,20231120,1328,18,4,1,25.04177,121.58735,14
500111070,20231120,1329,18,4,1,25.04177,121.58735,14
500111070,20231120,1330,18,4,1,25.04177,121.58735,14
500111070,20231120,1331,18,4,1,25.04177,121.58735,14
500111070,20231120,1332,18,4,1,25.04177,121.58735,14
500111070,20231120,1333,18,4,1,25.04177,121.58735,14
500111070,20231120,1334,18,4,1,25.04177,121.58735,14
500111070,20231120,1335,18,4,1,25.04177,121.58735,14
500111070,20231120,1336,18,4,1,25.04177,121.58735,14
500111070,20231120,1337,18,4,1,25.04177,121.58735,14
500111070,20231120,1338,18,4,1,25.04177,121.58735,14
500111070,20231120,1339,18,4,1,25.04177,121.58735,14
500111070,20231120,1341,18,5,1,25.04177,121.58735,13
500111070,20231120,1342,18,5,1,25.04177,121.58735,13
500111070,20231120,1343,18,5,1,25.04177,121.58735,13
500111070,20231120,1345,18,5,1,25.04177,121.58735,13
500111070,20231120,1346,18,5,1,25.04177,121.58735,13
500111070,20231120,1347,18,5,1,25.04177,121.58735,13
500111070,20231120,1349,18,5,1,25.04177,121.58735,13
500111070,20231120,1350,18,5,1,25.04177,121.58735,13
500111070,20231120,1351,18,5,1,25.04177,121.58735,13
500111070,20231120,1352,18,4,1,25.04177,121.58735,14
500111070,20231120,1353,18,4,1,25.04177,121.58735,14
500111070,20231120,1354,18,4,1,25.04177,121.58735,14
500111070,20231120,1355,18,4,1,25.04177,121.58735,14
500111070,20231120,1356,18,4,1,25.04177,121.58735,14
500111070,20231120,1357,18,4,1,25.04177,121.58735,14
500111070,20231120,1358,18,4,1,25.04177,121.58735,14
500111070,20231120,1359,18,4,1,25.04177,121.58735,14
500111070,20231120,1360,18,4,1,25.04177,121.58735,14
500111070,20231120,1361,18,4,1,25.04177,121.58735,14
500111070,20231120,1362,18,4,1,25.04177,121.58735,14
500111070,20231120,1363,18,4,1,25.04177,121.58735,14
500111070,20231120,1364,18,3,1,25.04177,121.58735,15
500111070,20231120,1365,18,3,1,25.04177,121.58735,15
500111070,20231120,1366,18,3,1,25.04177,121.58735,15
500111070,20231120,1367,18,3,1,25.04177,121.58735,15
500111070,20231120,1368,18,3,1,25.04177,121.58735,15
500111070,20231120,1369,18,3,1,25.04177,121.58735,15
500111070,20231120,1370,18,3,1,25.04177,121.58735,15
500111070,20231120,1371,18,3,1,25.04177,121.58735,15
500111070,20231120,1372,18,3,1,25.04177,121.58735,15
500111070,20231120,1373,18,3,1,25.04177,121.58735,15
500111070,20231120,1374,18,3,1,25.04177,121.58735,15
500111070,20231120,1376,18,3,1,25.04177,121.58735,15
500111070,20231120,1377,18,3,1,25.04177,121.58735,15
500111070,20231120,1378,18,3,1,25.04177,121.58735,15
500111070,20231120,1379,18,3,1,25.04177,121.58735,15
500111070,20231120,1381,18,3,1,25.04177,121.58735,15
500111070,20231120,1382,18,3,1,25.04177,121.58735,15
500111070,20231120,1383,18,3,1,25.04177,121.58735,15
500111070,20231120,1384,18,3,1,25.04177,121.58735,15
500111070,20231120,1385,18,3,1,25.04177,121.58735,15
500111070,20231120,1386,18,3,1,25.04177,121.58735,15
500111070,20231120,1387,18,4,1,25.04177,121.58735,14
500111070,20231120,1388,18,4,1,25.04177,121.58735,14
500111070,20231120,1389,18,4,1,25.04177,121.58735,14
500111070,20231120,1390,18,4,1,25.04177,121.58735,14
500111070,20231120,1391,18,4,1,25.04177,121.58735,14
500111070,20231120,1392,18,4,1,25.04177,121.58735,14
500111070,20231120,1393,18,4,1,25.04177,121.58735,14
500111070,20231120,1394,18,4,1,25.04177,121.58735,14
500111070,20231120,1395,18,4,1,25.04177,121.58735,14
500111070,20231120,1396,18,4,1,25.04177,121.58735,14
500111070,20231120,1397,18,4,1,25.04177,121.58735,14
500111070,20231120,1398,18,4,1,25.04177,121.58735,14
500111070,20231120,1399,18,4,1,25.04177,121.58735,14
500111070,20231120,1401,18,4,1,25.04177,121.58735,14
500111070,20231120,1402,18,4,1,25.04177,121.58735,14
500111070,20231120,1403,18,4,1,25.04177,121.58735,14
500111070,20231120,1404,18,4,1,25.04177,121.58735,14
500111070,20231120,1405,18,4,1,25.04177,121.58735,14
500111070,20231120,1406,18,4,1,25.04177,121.58735,14
500111070,20231120,1407,18,4,1,25.04177,121.58735,14
500111070,20231120,1408,18,4,1,25.04177,121.58735,14
500111070,20231120,1409,18,6,1,25.04177,121.58735,12
500111070,20231120,1410,18,10,1,25.04177,121.58735,8
500111070,20231120,1411,18,12,1,25.04177,121.58735,6
500111070,20231120,1412,18,12,1,25.04177,121.58735,6
500111070,20231120,1413,18,12,1,25.04177,121.58735,6
500111070,20231120,1414,18,12,1,25.04177,121.58735,6
500111070,20231120,1415,18,10,1,25.04177,121.58735,6
500111070,20231120,1416,18,10,1,25.04177,121.58735,6
500111070,20231120,1417,18,10,1,25.04177,121.58735,6
500111070,20231120,1418,18,10,1,25.04177,121.58735,6
500111070,20231120,1419,18,10,1,25.04177,121.58735,6
500111070,20231120,1420,18,10,1,25.04177,121.58735,6
500111070,20231120,1421,18,10,1,25.04177,121.58735,6
500111070,20231120,1422,18,10,1,25.04177,121.58735,6
500111070,20231120,1423,18,10,1,25.04177,121.58735,6
500111070,20231120,1424,18,10,1,25.04177,121.58735,6
500111070,20231120,1425,18,10,1,25.04177,121.58735,6
500111070,20231120,1426,18,10,1,25.04177,121.58735,6
500111070,20231120,1427,18,10,1,25.04177,121.58735,6
500111070,20231120,1428,18,10,1,25.04177,121.58735,6
500111070,20231120,1429,18,10,1,25.04177,121.58735,6
500111070,20231120,1430,18,11,1,25.04177,121.58735,5
500111070,20231120,1431,18,11,1,25.04177,121.58735,5
500111070,20231120,1432,18,11,1,25.04177,121.58735,5
500111070,20231120,1433,18,11,1,25.04177,121.58735,5
500111070,20231120,1434,18,11,1,25.04177,121.58735,5
500111070,20231120,1435,18,11,1,25.04177,121.58735,5
500111070,20231120,1436,18,11,1,25.04177,121.58735,5
500111070,20231120,1437,18,11,1,25.04177,121.58735,5
500111070,20231120,1438,18,11,1,25.04177,121.58735,5
500111070,20231120,1439,18,11,1,25.04177,121.58735,5
500111070,20231121,1,18,11,1,25.04177,121.58735,5
500111070,20231121,2,18,11,1,25.04177,121.58735,5
500111070,20231121,3,18,11,1,25.04177,121.58735,5
500111070,20231121,4,18,11,1,25.04177,121.58735,5
500111070,20231121,5,18,11,1,25.04177,121.58735,5
500111070,20231121,6,18,10,1,25.04177,121.58735,6
500111070,20231121,7,18,10,1,25.04177,121.58735,6
500111070,20231121,8,18,10,1,25.04177,121.58735,6
500111070,20231121,9,18,10,1,25.04177,121.58735,6
500111070,20231121,10,18,10,1,25.04177,121.58735,6
500111070,20231121,11,18,10,1,25.04177,121.58735,6
500111070,20231121,12,18,10,1,25.04177,121.58735,6
500111070,20231121,13,18,10,1,25.04177,121.58735,6
500111070,20231121,14,18,10,1,25.04177,121.58735,6
500111070,20231121,15,18,10,1,25.04177,121.58735,6
500111070,20231121,16,18,10,1,25.04177,121.58735,6
500111070,20231121,17,18,10,1,25.04177,121.58735,6
500111070,20231121,18,18,10,1,25.04177,121.58735,6
500111070,20231121,19,18,10,1,25.04177,121.58735,6
500111070,20231121,21,18,10,1,25.04177,121.58735,6
500111070,20231121,22,18,10,1,25.04177,121.58735,6
500111070,20231121,23,18,10,1,25.04177,121.58735,6
500111070,20231121,24,18,10,1,25.04177,121.58735,6
500111070,20231121,25,18,10,1,25.04177,121.58735,6
500111070,20231121,26,18,10,1,25.04177,121.58735,6
500111070,20231121,27,18,9,1,25.04177,121.58735,7
500111070,20231121,28,18,9,1,25.04177,121.58735,7
500111070,20231121,29,18,9,1,25.04177,121.58735,7
500111070,20231121,30,18,9,1,25.04177,121.58735,7
500111070,20231121,31,18,9,1,25.04177,121.58735,7
500111070,20231121,32,18,9,1,25.04177,121.58735,7
500111070,20231121,33,18,9,1,25.04177,121.58735,7
500111070,20231121,34,18,9,1,25.04177,121.58735,7
500111070,20231121,35,18,9,1,25.04177,121.58735,7
500111070,20231121,36,18,9,1,25.04177,121.58735,7
500111070,20231121,37,18,9,1,25.04177,121.58735,7
500111070,20231121,38,18,8,1,25.04177,121.58735,8
500111070,20231121,39,18,8,1,25.04177,121.58735,8
500111070,20231121,40,18,8,1,25.04177,121.58735,8
500111070,20231121,41,18,8,1,25.04177,121.58735,8
500111070,20231121,42,18,8,1,25.04177,121.58735,8
500111070,20231121,43,18,8,1,25.04177,121.58735,8
500111070,20231121,44,18,8,1,25.04177,121.58735,8
500111070,20231121,45,18,8,1,25.04177,121.58735,8
500111070,20231121,46,18,8,1,25.04177,121.58735,8
500111070,20231121,47,18,8,1,25.04177,121.58735,8
500111070,20231121,48,18,8,1,25.04177,121.58735,8
500111070,20231121,49,18,8,1,25.04177,121.58735,8
500111070,20231121,50,18,8,1,25.04177,121.58735,8
500111070,20231121,51,18,8,1,25.04177,121.58735,8
500111070,20231121,52,18,8,1,25.04177,121.58735,8
500111070,20231121,53,18,8,1,25.04177,121.58735,8
500111070,20231121,54,18,8,1,25.04177,121.58735,8
500111070,20231121,55,18,8,1,25.04177,121.58735,8
500111070,20231121,56,18,8,1,25.04177,121.58735,8
500111070,20231121,57,18,7,1,25.04177,121.58735,9
500111070,20231121,58,18,7,1,25.04177,121.58735,9
500111070,20231121,59,18,7,1,25.04177,121.58735,9
500111070,20231121,60,18,7,1,25.04177,121.58735,9
500111070,20231121,61,18,7,1,25.04177,121.58735,9
500111070,20231121,62,18,7,1,25.04177,121.58735,9
500111070,20231121,63,18,7,1,25.04177,121.58735,9
500111070,20231121,64,18,7,1,25.04177,121.58735,9
500111070,20231121,65,18,7,1,25.04177,121.58735,9
500111070,20231121,66,18,7,1,25.04177,121.58735,9
500111070,20231121,67,18,7,1,25.04177,121.58735,9
500111070,20231121,68,18,7,1,25.04177,121.58735,9
500111070,20231121,69,18,7,1,25.04177,121.58735,9
500111070,20231121,70,18,7,1,25.04177,121.58735,9
500111070,20231121,71,18,7,1,25.04177,121.58735,9
500111070,20231121,72,18,7,1,25.04177,121.58735,9
500111070,20231121,73,18,7,1,25.04177,121.58735,9
500111070,20231121,74,18,7,1,25.04177,121.58735,9
500111070,20231121,75,18,7,1,25.04177,121.58735,9
500111070,20231121,76,18,7,1,25.04177,121.58735,9
500111070,20231121,77,18,7,1,25.04177,121.58735,9
500111070,20231121,78,18,7,1,25.04177,121.58735,9
500111070,20231121,79,18,7,1,25.04177,121.58735,9
500111070,20231121,81,18,7,1,25.04177,121.58735,9
500111070,20231121,82,18,7,1,25.04177,121.58735,9
500111070,20231121,83,18,7,1,25.04177,121.58735,9
500111070,20231121,84,18,7,1,25.04177,121.58735,9
500111070,20231121,85,18,7,1,25.04177,121.58735,9
500111070,20231121,86,18,7,1,25.04177,121.58735,9
500111070,20231121,87,18,7,1,25.04177,121.58735,9
500111070,20231121,88,18,7,1,25.04177,121.58735,9
500111070,20231121,89,18,7,1,25.04177,121.58735,9
500111070,20231121,90,18,7,1,25.04177,121.58735,9
500111070,20231121,91,18,7,1,25.04177,121.58735,9
500111070,20231121,92,18,7,1,25.04177,121.58735,9
500111070,20231121,93,18,7,1,25.04177,121.58735,9
500111070,20231121,94,18,7,1,25.04177,121.58735,9
500111070,20231121,95,18,7,1,25.04177,121.58735,9
500111070,20231121,96,18,7,1,25.04177,121.58735,9
500111070,20231121,97,18,7,1,25.04177,121.58735,9
500111070,20231121,98,18,7,1,25.04177,121.58735,9
500111070,20231121,99,18,7,1,25.04177,121.58735,9
500111070,20231121,100,18,7,1,25.04177,121.58735,9
500111070,20231121,101,18,7,1,25.04177,121.58735,9
500111070,20231121,102,18,7,1,25.04177,121.58735,9
500111070,20231121,103,18,7,1,25.04177,121.58735,9
500111070,20231121,104,18,7,1,25.04177,121.58735,9
500111070,20231121,105,18,7,1,25.04177,121.58735,9
500111070,20231121,106,18,7,1,25.04177,121.58735,9
500111070,20231121,107,18,7,1,25.04177,121.58735,9
500111070,20231121,108,18,7,1,25.04177,121.58735,9
500111070,20231121,109,18,7,1,25.04177,121.58735,9
500111070,20231121,110,18,7,1,25.04177,121.58735,9
500111070,20231121,111,18,7,1,25.04177,121.58735,9
500111070,20231121,112,18,7,1,25.04177,121.58735,9
500111070,20231121,113,18,7,1,25.04177,121.58735,9
500111070,20231121,114,18,7,1,25.04177,121.58735,9
500111070,20231121,115,18,7,1,25.04177,121.58735,9
500111070,20231121,116,18,7,1,25.04177,121.58735,9
500111070,20231121,117,18,7,1,25.04177,121.58735,9
500111070,20231121,118,18,7,1,25.04177,121.58735,9
500111070,20231121,119,18,7,1,25.04177,121.58735,9
500111070,20231121,121,18,7,1,25.04177,121.58735,9
500111070,20231121,122,18,7,1,25.04177,121.58735,9
500111070,20231121,123,18,7,1,25.04177,121.58735,9
500111070,20231121,124,18,7,1,25.04177,121.58735,9
500111070,20231121,125,18,7,1,25.04177,121.58735,9
500111070,20231121,126,18,7,1,25.04177,121.58735,9
500111070,20231121,127,18,7,1,25.04177,121.58735,9
500111070,20231121,128,18,7,1,25.04177,121.58735,9
500111070,20231121,129,18,7,1,25.04177,121.58735,9
500111070,20231121,130,18,7,1,25.04177,121.58735,9
500111070,20231121,131,18,7,1,25.04177,121.58735,9
500111070,20231121,132,18,7,1,25.04177,121.58735,9
500111070,20231121,133,18,7,1,25.04177,121.58735,9
500111070,20231121,134,18,7,1,25.04177,121.58735,9
500111070,20231121,135,18,7,1,25.04177,121.58735,9
500111070,20231121,136,18,7,1,25.04177,121.58735,9
500111070,20231121,137,18,7,1,25.04177,121.58735,9
500111070,20231121,138,18,7,1,25.04177,121.58735,9
500111070,20231121,139,18,7,1,25.04177,121.58735,9
500111070,20231121,141,18,7,1,25.04177,121.58735,9
500111070,20231121,142,18,7,1,25.04177,121.58735,9
500111070,20231121,143,18,7,1,25.04177,121.58735,9
500111070,20231121,144,18,7,1,25.04177,121.58735,9
500111070,20231121,145,18,7,1,25.04177,121.58735,9
500111070,20231121,146,18,7,1,25.04177,121.58735,9
500111070,20231121,147,18,7,1,25.04177,121.58735,9
500111070,20231121,148,18,7,1,25.04177,121.58735,9
500111070,20231121,149,18,7,1,25.04177,121.58735,9
500111070,20231121,150,18,7,1,25.04177,121.58735,9
500111070,20231121,151,18,7,1,25.04177,121.58735,9
500111070,20231121,152,18,7,1,25.04177,121.58735,9
500111070,20231121,153,18,7,1,25.04177,121.58735,9
500111070,20231121,154,18,7,1,25.04177,121.58735,9
500111070,20231121,155,18,7,1,25.04177,121.58735,9
500111070,20231121,156,18,7,1,25.04177,121.58735,9
500111070,20231121,157,18,7,1,25.04177,121.58735,9
500111070,20231121,158,18,7,1,25.04177,121.58735,9
500111070,20231121,159,18,7,1,25.04177,121.58735,9
500111070,20231121,160,18,7,1,25.04177,121.58735,9
500111070,20231121,161,18,7,1,25.04177,121.58735,9
500111070,20231121,162,18,7,1,25.04177,121.58735,9
500111070,20231121,163,18,7,1,25.04177,121.58735,9
500111070,20231121,164,18,7,1,25.04177,121.58735,9
500111070,20231121,165,18,7,1,25.04177,121.58735,9
500111070,20231121,166,18,7,1,25.04177,121.58735,9
500111070,20231121,167,18,7,1,25.04177,121.58735,9
500111070,20231121,168,18,7,1,25.04177,121.58735,9
500111070,20231121,169,18,7,1,25.04177,121.58735,9
500111070,20231121,170,18,7,1,25.04177,121.58735,9
500111070,20231121,171,18,7,1,25.04177,121.58735,9
500111070,20231121,172,18,7,1,25.04177,121.58735,9
500111070,20231121,173,18,7,1,25.04177,121.58735,9
500111070,20231121,174,18,7,1,25.04177,121.58735,9
500111070,20231121,175,18,7,1,25.04177,121.58735,9
500111070,20231121,176,18,6,1,25.04177,121.58735,10
500111070,20231121,177,18,6,1,25.04177,121.58735,10
500111070,20231121,178,18,6,1,25.04177,121.58735,10
500111070,20231121,179,18,6,1,25.04177,121.58735,10
500111070,20231121,180,18,6,1,25.04177,121.58735,10
500111070,20231121,181,18,6,1,25.04177,121.58735,10
500111070,20231121,182,18,6,1,25.04177,121.58735,10
500111070,20231121,183,18,6,1,25.04177,121.58735,10
500111070,20231121,184,18,6,1,25.04177,121.58735,10
500111070,20231121,185,18,6,1,25.04177,121.58735,10
500111070,20231121,186,18,6,1,25.04177,121.58735,10
500111070,20231121,187,18,6,1,25.04177,121.58735,10
500111070,20231121,188,18,6,1,25.04177,121.58735,10
500111070,20231121,189,18,6,1,25.04177,121.58735,10
500111070,20231121,190,18,6,1,25.04177,121.58735,10
500111070,20231121,191,18,6,1,25.04177,121.58735,10
500111070,20231121,192,18,6,1,25.04177,121.58735,10
500111070,20231121,193,18,6,1,25.04177,121.58735,10
500111070,20231121,194,18,6,1,25.04177,121.58735,10
500111070,20231121,195,18,6,1,25.04177,121.58735,10
500111070,20231121,196,18,6,1,25.04177,121.58735,10
500111070,20231121,197,18,6,1,25.04177,121.58735,10
500111070,20231121,198,18,6,1,25.04177,121.58735,10
500111070,20231121,199,18,6,1,25.04177,121.58735,10
500111070,20231121,201,18,6,1,25.04177,121.58735,10
500111070,20231121,202,18,6,1,25.04177,121.58735,10
500111070,20231121,203,18,6,1,25.04177,121.58735,10
500111070,20231121,204,18,6,1,25.04177,121.58735,10
500111070,20231121,205,18,6,1,25.04177,121.58735,10
500111070,20231121,206,18,6,1,25.04177,121.58735,10
500111070,20231121,207,18,6,1,25.04177,121.58735,10
500111070,20231121,208,18,6,1,25.04177,121.58735,10
500111070,20231121,209,18,6,1,25.04177,121.58735,10
500111070,20231121,210,18,6,1,25.04177,121.58735,10
500111070,20231121,211,18,6,1,25.04177,121.58735,10
500111070,20231121,212,18,6,1,25.04177,121.58735,10
500111070,20231121,213,18,6,1,25.04177,121.58735,10
500111070,20231121,214,18,6,1,25.04177,121.58735,10
500111070,20231121,215,18,6,1,25.04177,121.58735,10
500111070,20231121,216,18,6,1,25.04177,121.58735,10
500111070,20231121,217,18,6,1,25.04177,121.58735,10
500111070,20231121,218,18,6,1,25.04177,121.58735,10
500111070,20231121,219,18,6,1,25.04177,121.58735,10
500111070,20231121,220,18,6,1,25.04177,121.58735,10
500111070,20231121,221,18,6,1,25.04177,121.58735,10
500111070,20231121,222,18,6,1,25.04177,121.58735,10
500111070,20231121,223,18,6,1,25.04177,121.58735,10
500111070,20231121,224,18,6,1,25.04177,121.58735,10
500111070,20231121,225,18,6,1,25.04177,121.58735,10
500111070,20231121,226,18,6,1,25.04177,121.58735,10
500111070,20231121,227,18,6,1,25.04177,121.58735,10
500111070,20231121,228,18,6,1,25.04177,121.58735,10
500111070,20231121,229,18,6,1,25.04177,121.58735,10
500111070,20231121,231,18,6,1,25.04177,121.58735,10
500111070,20231121,232,18,6,1,25.04177,121.58735,10
500111070,20231121,233,18,6,1,25.04177,121.58735,10
500111070,20231121,234,18,6,1,25.04177,121.58735,10
500111070,20231121,235,18,6,1,25.04177,121.58735,10
500111070,20231121,236,18,6,1,25.04177,121.58735,10
500111070,20231121,237,18,6,1,25.04177,121.58735,10
500111070,20231121,238,18,6,1,25.04177,121.58735,10
500111070,20231121,239,18,6,1,25.04177,121.58735,10
500111070,20231121,240,18,6,1,25.04177,121.58735,10
500111070,20231121,241,18,6,1,25.04177,121.58735,10
500111070,20231121,242,18,6,1,25.04177,121.58735,10
500111070,20231121,243,18,6,1,25.04177,121.58735,10
500111070,20231121,244,18,6,1,25.04177,121.58735,10
500111070,20231121,245,18,6,1,25.04177,121.58735,10
500111070,20231121,246,18,6,1,25.04177,121.58735,10
500111070,20231121,247,18,6,1,25.04177,121.58735,10
500111070,20231121,248,18,6,1,25.04177,121.58735,10
500111070,20231121,249,18,6,1,25.04177,121.58735,10
500111070,20231121,250,18,6,1,25.04177,121.58735,10
500111070,20231121,251,18,6,1,25.04177,121.58735,10
500111070,20231121,252,18,6,1,25.04177,121.58735,10
500111070,20231121,253,18,6,1,25.04177,121.58735,10
500111070,20231121,254,18,6,1,25.04177,121.58735,10
500111070,20231121,255,18,6,1,25.04177,121.58735,10
500111070,20231121,256,18,6,1,25.04177,121.58735,10
500111070,20231121,257,18,6,1,25.04177,121.58735,10
500111070,20231121,258,18,6,1,25.04177,121.58735,10
500111070,20231121,259,18,6,1,25.04177,121.58735,10
500111070,20231121,261,18,6,1,25.04177,121.58735,10
500111070,20231121,262,18,6,1,25.04177,121.58735,10
500111070,20231121,263,18,6,1,25.04177,121.58735,10
500111070,20231121,264,18,6,1,25.04177,121.58735,10
500111070,20231121,265,18,6,1,25.04177,121.58735,10
500111070,20231121,266,18,6,1,25.04177,121.58735,10
500111070,20231121,267,18,6,1,25.04177,121.58735,10
500111070,20231121,268,18,6,1,25.04177,121.58735,10
500111070,20231121,269,18,6,1,25.04177,121.58735,10
500111070,20231121,270,18,6,1,25.04177,121.58735,10
500111070,20231121,271,18,6,1,25.04177,121.58735,10
500111070,20231121,272,18,6,1,25.04177,121.58735,10
500111070,20231121,273,18,6,1,25.04177,121.58735,10
500111070,20231121,274,18,6,1,25.04177,121.58735,10
500111070,20231121,275,18,6,1,25.04177,121.58735,10
500111070,20231121,276,18,6,1,25.04177,121.58735,10
500111070,20231121,277,18,6,1,25.04177,121.58735,10
500111070,20231121,278,18,6,1,25.04177,121.58735,10
500111070,20231121,279,18,6,1,25.04177,121.58735,10
500111070,20231121,280,18,6,1,25.04177,121.58735,10
500111070,20231121,281,18,6,1,25.04177,121.58735,10
500111070,20231121,282,18,6,1,25.04177,121.58735,10
500111070,20231121,283,18,6,1,25.04177,121.58735,10
500111070,20231121,284,18,6,1,25.04177,121.58735,10
500111070,20231121,285,18,6,1,25.04177,121.58735,10
500111070,20231121,286,18,6,1,25.04177,121.58735,10
500111070,20231121,287,18,6,1,25.04177,121.58735,10
500111070,20231121,288,18,6,1,25.04177,121.58735,10
500111070,20231121,289,18,6,1,25.04177,121.58735,10
500111070,20231121,290,18,6,1,25.04177,121.58735,10
500111070,20231121,291,18,6,1,25.04177,121.58735,10
500111070,20231121,292,18,6,1,25.04177,121.58735,10
500111070,20231121,293,18,6,1,25.04177,121.58735,10
500111070,20231121,294,18,6,1,25.04177,121.58735,10
500111070,20231121,295,18,6,1,25.04177,121.58735,10
500111070,20231121,296,18,6,1,25.04177,121.58735,10
500111070,20231121,297,18,6,1,25.04177,121.58735,10
500111070,20231121,298,18,6,1,25.04177,121.58735,10
500111070,20231121,299,18,6,1,25.04177,121.58735,10
500111070,20231121,300,18,6,1,25.04177,121.58735,10
500111070,20231121,301,18,6,1,25.04177,121.58735,10
500111070,20231121,302,18,6,1,25.04177,121.58735,10
500111070,20231121,303,18,6,1,25.04177,121.58735,10
500111070,20231121,304,18,6,1,25.04177,121.58735,10
500111070,20231121,305,18,6,1,25.04177,121.58735,10
500111070,20231121,306,18,6,1,25.04177,121.58735,10
500111070,20231121,307,18,6,1,25.04177,121.58735,10
500111070,20231121,308,18,6,1,25.04177,121.58735,10
500111070,20231121,309,18,6,1,25.04177,121.58735,10
500111070,20231121,310,18,6,1,25.04177,121.58735,10
500111070,20231121,311,18,6,1,25.04177,121.58735,10
500111070,20231121,312,18,6,1,25.04177,121.58735,10
500111070,20231121,313,18,6,1,25.04177,121.58735,10
500111070,20231121,314,18,6,1,25.04177,121.58735,10
500111070,20231121,315,18,6,1,25.04177,121.58735,10
500111070,20231121,316,18,6,1,25.04177,121.58735,10
500111070,20231121,317,18,6,1,25.04177,121.58735,10
500111070,20231121,318,18,6,1,25.04177,121.58735,10
500111070,20231121,319,18,6,1,25.04177,121.58735,10
500111070,20231121,321,18,6,1,25.04177,121.58735,10
500111070,20231121,322,18,6,1,25.04177,121.58735,10
500111070,20231121,323,18,6,1,25.04177,121.58735,10
500111070,20231121,324,18,6,1,25.04177,121.58735,10
500111070,20231121,325,18,6,1,25.04177,121.58735,10
500111070,20231121,326,18,6,1,25.04177,121.58735,10
500111070,20231121,327,18,6,1,25.04177,121.58735,10
500111070,20231121,328,18,6,1,25.04177,121.58735,10
500111070,20231121,329,18,6,1,25.04177,121.58735,10
500111070,20231121,330,18,6,1,25.04177,121.58735,10
500111070,20231121,331,18,6,1,25.04177,121.58735,10
500111070,20231121,332,18,6,1,25.04177,121.58735,10
500111070,20231121,333,18,6,1,25.04177,121.58735,10
500111070,20231121,334,18,6,1,25.04177,121.58735,10
500111070,20231121,335,18,6,1,25.04177,121.58735,10
500111070,20231121,336,18,6,1,25.04177,121.58735,10
500111070,20231121,337,18,6,1,25.04177,121.58735,10
500111070,20231121,338,18,6,1,25.04177,121.58735,10
500111070,20231121,339,18,6,1,25.04177,121.58735,10
500111070,20231121,340,18,6,1,25.04177,121.58735,10
500111070,20231121,341,18,6,1,25.04177,121.58735,10
500111070,20231121,342,18,6,1,25.04177,121.58735,10
500111070,20231121,343,18,6,1,25.04177,121.58735,10
500111070,20231121,344,18,6,1,25.04177,121.58735,10
500111070,20231121,345,18,6,1,25.04177,121.58735,10
500111070,20231121,346,18,6,1,25.04177,121.58735,10
500111070,20231121,347,18,6,1,25.04177,121.58735,10
500111070,20231121,348,18,6,1,25.04177,121.58735,10
500111070,20231121,349,18,6,1,25.04177,121.58735,10
500111070,20231121,350,18,6,1,25.04177,121.58735,10
500111070,20231121,351,18,6,1,25.04177,121.58735,10
500111070,20231121,352,18,6,1,25.04177,121.58735,10
500111070,20231121,353,18,6,1,25.04177,121.58735,10
500111070,20231121,354,18,7,1,25.04177,121.58735,9
500111070,20231121,355,18,7,1,25.04177,121.58735,9
500111070,20231121,356,18,7,1,25.04177,121.58735,9
500111070,20231121,357,18,7,1,25.04177,121.58735,9
500111070,20231121,358,18,7,1,25.04177,121.58735,9
500111070,20231121,359,18,7,1,25.04177,121.58735,9
500111070,20231121,360,18,7,1,25.04177,121.58735,9
500111070,20231121,361,18,7,1,25.04177,121.58735,9
500111070,20231121,362,18,7,1,25.04177,121.58735,9
500111070,20231121,363,18,7,1,25.04177,121.58735,9
500111070,20231121,364,18,7,1,25.04177,121.58735,9
500111070,20231121,365,18,7,1,25.04177,121.58735,9
500111070,20231121,366,18,7,1,25.04177,121.58735,9
500111070,20231121,367,18,7,1,25.04177,121.58735,9
500111070,20231121,368,18,7,1,25.04177,121.58735,9
500111070,20231121,369,18,7,1,25.04177,121.58735,9
500111070,20231121,370,18,7,1,25.04177,121.58735,9
500111070,20231121,371,18,7,1,25.04177,121.58735,9
500111070,20231121,372,18,7,1,25.04177,121.58735,9
500111070,20231121,373,18,7,1,25.04177,121.58735,9
500111070,20231121,374,18,7,1,25.04177,121.58735,9
500111070,20231121,375,18,7,1,25.04177,121.58735,9
500111070,20231121,376,18,8,1,25.04177,121.58735,8
500111070,20231121,377,18,8,1,25.04177,121.58735,8
500111070,20231121,378,18,8,1,25.04177,121.58735,8
500111070,20231121,379,18,9,1,25.04177,121.58735,7
500111070,20231121,381,18,10,1,25.04177,121.58735,6
500111070,20231121,382,18,10,1,25.04177,121.58735,6
500111070,20231121,383,18,10,1,25.04177,121.58735,6
500111070,20231121,384,18,10,1,25.04177,121.58735,6
500111070,20231121,385,18,10,1,25.04177,121.58735,6
500111070,20231121,386,18,10,1,25.04177,121.58735,6
500111070,20231121,387,18,10,1,25.04177,121.58735,6
500111070,20231121,388,18,10,1,25.04177,121.58735,6
500111070,20231121,389,18,10,1,25.04177,121.58735,6
500111070,20231121,390,18,10,1,25.04177,121.58735,6
500111070,20231121,391,18,10,1,25.04177,121.58735,6
500111070,20231121,392,18,11,1,25.04177,121.58735,5
500111070,20231121,393,18,11,1,25.04177,121.58735,5
500111070,20231121,394,18,12,1,25.04177,121.58735,4
500111070,20231121,395,18,12,1,25.04177,121.58735,4
500111070,20231121,396,18,12,1,25.04177,121.58735,4
500111070,20231121,397,18,12,1,25.04177,121.58735,4
500111070,20231121,398,18,12,1,25.04177,121.58735,4
500111070,20231121,399,18,12,1,25.04177,121.58735,4
500111070,20231121,400,18,12,1,25.04177,121.58735,4
500111070,20231121,401,18,13,1,25.04177,121.58735,3
500111070,20231121,402,18,13,1,25.04177,121.58735,3
500111070,20231121,403,18,13,1,25.04177,121.58735,3
500111070,20231121,404,18,13,1,25.04177,121.58735,3
500111070,20231121,405,18,13,1,25.04177,121.58735,3
500111070,20231121,406,18,13,1,25.04177,121.58735,3
500111070,20231121,407,18,13,1,25.04177,121.58735,3
500111070,20231121,408,18,13,1,25.04177,121.58735,3
500111070,20231121,409,18,12,1,25.04177,121.58735,4
500111070,20231121,410,18,12,1,25.04177,121.58735,4
500111070,20231121,411,18,12,1,25.04177,121.58735,4
500111070,20231121,412,18,12,1,25.04177,121.58735,4
500111070,20231121,413,18,12,1,25.04177,121.58735,4
500111070,20231121,414,18,12,1,25.04177,121.58735,4
500111070,20231121,415,18,12,1,25.04177,121.58735,4
500111070,20231121,416,18,12,1,25.04177,121.58735,4
500111070,20231121,417,18,12,1,25.04177,121.58735,4
500111070,20231121,418,18,12,1,25.04177,121.58735,4
500111070,20231121,419,18,12,1,25.04177,121.58735,4
500111070,20231121,421,18,12,1,25.04177,121.58735,4
500111070,20231121,422,18,12,1,25.04177,121.58735,4
500111070,20231121,423,18,12,1,25.04177,121.58735,4
500111070,20231121,424,18,12,1,25.04177,121.58735,4
500111070,20231121,425,18,12,1,25.04177,121.58735,4
500111070,20231121,426,18,12,1,25.04177,121.58735,4
500111070,20231121,427,18,14,1,25.04177,121.58735,2
500111070,20231121,428,18,14,1,25.04177,121.58735,2
500111070,20231121,429,18,14,1,25.04177,121.58735,2
500111070,20231121,430,18,15,1,25.04177,121.58735,1
500111070,20231121,431,18,15,1,25.04177,121.58735,1
500111070,20231121,432,18,15,1,25.04177,121.58735,1
500111070,20231121,433,18,15,1,25.04177,121.58735,1
500111070,20231121,434,18,15,1,25.04177,121.58735,1
500111070,20231121,435,18,15,1,25.04177,121.58735,1
500111070,20231121,436,18,15,1,25.04177,121.58735,1
500111070,20231121,437,18,15,1,25.04177,121.58735,1
500111070,20231121,438,18,15,1,25.04177,121.58735,1
500111070,20231121,439,18,15,1,25.04177,121.58735,1
500111070,20231121,441,18,15,1,25.04177,121.58735,1
500111070,20231121,442,18,15,1,25.04177,121.58735,1
500111070,20231121,443,18,15,1,25.04177,121.58735,1
500111070,20231121,444,18,15,1,25.04177,121.58735,1
500111070,20231121,445,18,15,1,25.04177,121.58735,1
500111070,20231121,446,18,15,1,25.04177,121.58735,1
500111070,20231121,447,18,15,1,25.04177,121.58735,1
500111070,20231121,448,18,15,1,25.04177,121.58735,1
500111070,20231121,449,18,15,1,25.04177,121.58735,1
500111070,20231121,451,18,15,1,25.04177,121.58735,1
500111070,20231121,452,18,15,1,25.04177,121.58735,1
500111070,20231121,453,18,15,1,25.04177,121.58735,1
500111070,20231121,454,18,15,1,25.04177,121.58735,1
500111070,20231121,455,18,13,1,25.04177,121.58735,3
500111070,20231121,456,18,13,1,25.04177,121.58735,3
500111070,20231121,457,18,14,1,25.04177,121.58735,2
500111070,20231121,458,18,14,1,25.04177,121.58735,2
500111070,20231121,459,18,14,1,25.04177,121.58735,2
500111070,20231121,460,18,15,1,25.04177,121.58735,1
500111070,20231121,461,18,15,1,25.04177,121.58735,1
500111070,20231121,462,18,15,1,25.04177,121.58735,1
500111070,20231121,463,18,15,1,25.04177,121.58735,1
500111070,20231121,464,18,15,1,25.04177,121.58735,1
500111070,20231121,465,18,15,1,25.04177,121.58735,1
500111070,20231121,466,18,15,1,25.04177,121.58735,1
500111070,20231121,467,18,15,1,25.04177,121.58735,1
500111070,20231121,468,18,15,1,25.04177,121.58735,1
500111070,20231121,469,18,15,1,25.04177,121.58735,1
500111070,20231121,470,18,15,1,25.04177,121.58735,1
500111070,20231121,471,18,15,1,25.04177,121.58735,1
500111070,20231121,472,18,15,1,25.04177,121.58735,1
500111070,20231121,473,18,15,1,25.04177,121.58735,1
500111070,20231121,474,18,15,1,25.04177,121.58735,1
500111070,20231121,475,18,15,1,25.04177,121.58735,1
500111070,20231121,476,18,14,1,25.04177,121.58735,2
500111070,20231121,477,18,9,1,25.04177,121.58735,7
500111070,20231121,478,18,8,1,25.04177,121.58735,8
500111070,20231121,479,18,3,1,25.04177,121.58735,13
500111070,20231121,481,18,3,1,25.04177,121.58735,13
500111070,20231121,482,18,3,1,25.04177,121.58735,13
500111070,20231121,483,18,6,1,25.04177,121.58735,10
500111070,20231121,484,18,6,1,25.04177,121.58735,10
500111070,20231121,485,18,6,1,25.04177,121.58735,10
500111070,20231121,486,18,7,1,25.04177,121.58735,9
500111070,20231121,487,18,7,1,25.04177,121.58735,9
500111070,20231121,488,18,7,1,25.04177,121.58735,9
500111070,20231121,489,18,7,1,25.04177,121.58735,9
500111070,20231121,490,18,7,1,25.04177,121.58735,9
500111070,20231121,492,18,8,1,25.04177,121.58735,8
500111070,20231121,493,18,8,1,25.04177,121.58735,8
500111070,20231121,494,18,8,1,25.04177,121.58735,8
500111070,20231121,495,18,4,1,25.04177,121.58735,12
500111070,20231121,496,18,3,1,25.04177,121.58735,13
500111070,20231121,497,18,3,1,25.04177,121.58735,13
500111070,20231121,498,18,4,1,25.04177,121.58735,14
500111070,20231121,499,18,5,1,25.04177,121.58735,13
500111070,20231121,501,18,5,1,25.04177,121.58735,13
500111070,20231121,502,18,5,1,25.04177,121.58735,13
500111070,20231121,503,18,5,1,25.04177,121.58735,13
500111070,20231121,504,18,5,1,25.04177,121.58735,13
500111070,20231121,505,18,6,1,25.04177,121.58735,12
500111070,20231121,506,18,6,1,25.04177,121.58735,12
500111070,20231121,507,18,7,1,25.04177,121.58735,11
500111070,20231121,508,18,7,1,25.04177,121.58735,11
500111070,20231121,509,18,7,1,25.04177,121.58735,11
500111070,20231121,511,18,8,1,25.04177,121.58735,10
500111070,20231121,512,18,9,1,25.04177,121.58735,9
500111070,20231121,513,18,9,1,25.04177,121.58735,9
500111070,20231121,514,18,9,1,25.04177,121.58735,9
500111070,20231121,515,18,9,1,25.04177,121.58735,9
500111070,20231121,516,18,9,1,25.04177,121.58735,9
500111070,20231121,517,18,10,1,25.04177,121.58735,8
500111070,20231121,518,18,10,1,25.04177,121.58735,8
500111070,20231121,519,18,11,1,25.04177,121.58735,7
500111070,20231121,520,18,11,1,25.04177,121.58735,7
500111070,20231121,521,18,11,1,25.04177,121.58735,7
500111070,20231121,522,18,11,1,25.04177,121.58735,7
500111070,20231121,523,18,13,1,25.04177,121.58735,5
500111070,20231121,524,18,13,1,25.04177,121.58735,5
500111070,20231121,525,18,13,1,25.04177,121.58735,5
500111070,20231121,526,18,13,1,25.04177,121.58735,5
500111070,20231121,527,18,14,1,25.04177,121.58735,4
500111070,20231121,528,18,14,1,25.04177,121.58735,4
500111070,20231121,529,18,14,1,25.04177,121.58735,4
500111070,20231121,530,18,14,1,25.04177,121.58735,4
500111070,20231121,531,18,14,1,25.04177,121.58735,4
500111070,20231121,532,18,15,1,25.04177,121.58735,3
500111070,20231121,533,18,15,1,25.04177,121.58735,3
500111070,20231121,534,18,16,1,25.04177,121.58735,2
500111070,20231121,535,18,16,1,25.04177,121.58735,2
500111070,20231121,536,18,15,1,25.04177,121.58735,3
500111070,20231121,537,18,14,1,25.04177,121.58735,4
500111070,20231121,538,18,15,1,25.04177,121.58735,3
500111070,20231121,539,18,15,1,25.04177,121.58735,3
500111070,20231121,541,18,14,1,25.04177,121.58735,4
500111070,20231121,542,18,16,1,25.04177,121.58735,2
500111070,20231121,543,18,16,1,25.04177,121.58735,2
500111070,20231121,544,18,17,1,25.04177,121.58735,1
500111070,20231121,545,18,17,1,25.04177,121.58735,1
500111070,20231121,546,18,17,1,25.04177,121.58735,1
500111070,20231121,547,18,17,1,25.04177,121.58735,1
500111070,20231121,548,18,17,1,25.04177,121.58735,1
500111070,20231121,549,18,17,1,25.04177,121.58735,1
500111070,20231121,550,18,17,1,25.04177,121.58735,1
500111070,20231121,551,18,17,1,25.04177,121.58735,1
500111070,20231121,552,18,17,1,25.04177,121.58735,1
500111070,20231121,553,18,17,1,25.04177,121.58735,1
500111070,20231121,554,18,17,1,25.04177,121.58735,1
500111070,20231121,555,18,17,1,25.04177,121.58735,1
500111070,20231121,556,18,17,1,25.04177,121.58735,1
500111070,20231121,557,18,17,1,25.04177,121.58735,1
500111070,20231121,558,18,17,1,25.04177,121.58735,1
500111070,20231121,559,18,17,1,25.04177,121.58735,1
500111070,20231121,561,18,17,1,25.04177,121.58735,1
500111070,20231121,562,18,17,1,25.04177,121.58735,1
500111070,20231121,563,18,17,1,25.04177,121.58735,1
500111070,20231121,564,18,17,1,25.04177,121.58735,1
500111070,20231121,565,18,17,1,25.04177,121.58735,1
500111070,20231121,566,18,17,1,25.04177,121.58735,1
500111070,20231121,567,18,17,1,25.04177,121.58735,1
500111070,20231121,568,18,17,1,25.04177,121.58735,1
500111070,20231121,569,18,17,1,25.04177,121.58735,1
500111070,20231121,571,18,17,1,25.04177,121.58735,1
500111070,20231121,572,18,17,1,25.04177,121.58735,1
500111070,20231121,573,18,17,1,25.04177,121.58735,1
500111070,20231121,574,18,17,1,25.04177,121.58735,1
500111070,20231121,575,18,17,1,25.04177,121.58735,1
500111070,20231121,576,18,17,1,25.04177,121.58735,1
500111070,20231121,577,18,17,1,25.04177,121.58735,1
500111070,20231121,578,18,17,1,25.04177,121.58735,1
500111070,20231121,579,18,17,1,25.04177,121.58735,1
500111070,20231121,580,18,17,1,25.04177,121.58735,1
500111070,20231121,581,18,17,1,25.04177,121.58735,1
500111070,20231121,582,18,17,1,25.04177,121.58735,1
500111070,20231121,583,18,17,1,25.04177,121.58735,1
500111070,20231121,584,18,17,1,25.04177,121.58735,1
500111070,20231121,585,18,17,1,25.04177,121.58735,1
500111070,20231121,586,18,17,1,25.04177,121.58735,1
500111070,20231121,587,18,17,1,25.04177,121.58735,1
500111070,20231121,588,18,17,1,25.04177,121.58735,1
500111070,20231121,589,18,17,1,25.04177,121.58735,1
500111070,20231121,590,18,17,1,25.04177,121.58735,1
500111070,20231121,591,18,17,1,25.04177,121.58735,1
500111070,20231121,592,18,17,1,25.04177,121.58735,1
500111070,20231121,593,18,17,1,25.04177,121.58735,1
500111070,20231121,594,18,17,1,25.04177,121.58735,1
500111070,20231121,595,18,17,1,25.04177,121.58735,1
500111070,20231121,596,18,17,1,25.04177,121.58735,1
500111070,20231121,597,18,16,1,25.04177,121.58735,2
500111070,20231121,598,18,16,1,25.04177,121.58735,2
500111070,20231121,599,18,16,1,25.04177,121.58735,2
500111070,20231121,601,18,16,1,25.04177,121.58735,2
500111070,20231121,602,18,16,1,25.04177,121.58735,2
500111070,20231121,603,18,16,1,25.04177,121.58735,2
500111070,20231121,604,18,16,1,25.04177,121.58735,2
500111070,20231121,605,18,16,1,25.04177,121.58735,2
500111070,20231121,606,18,16,1,25.04177,121.58735,2
500111070,20231121,607,18,16,1,25.04177,121.58735,2
500111070,20231121,608,18,16,1,25.04177,121.58735,2
500111070,20231121,609,18,15,1,25.04177,121.58735,3
500111070,20231121,610,18,15,1,25.04177,121.58735,3
500111070,20231121,611,18,15,1,25.04177,121.58735,3
500111070,20231121,612,18,16,1,25.04177,121.58735,2
500111070,20231121,613,18,16,1,25.04177,121.58735,2
500111070,20231121,614,18,16,1,25.04177,121.58735,2
500111070,20231121,615,18,16,1,25.04177,121.58735,2
500111070,20231121,616,18,16,1,25.04177,121.58735,2
500111070,20231121,617,18,16,1,25.04177,121.58735,2
500111070,20231121,618,18,16,1,25.04177,121.58735,2
500111070,20231121,619,18,16,1,25.04177,121.58735,2
500111070,20231121,621,18,16,1,25.04177,121.58735,2
500111070,20231121,622,18,16,1,25.04177,121.58735,2
500111070,20231121,623,18,16,1,25.04177,121.58735,2
500111070,20231121,624,18,16,1,25.04177,121.58735,2
500111070,20231121,625,18,16,1,25.04177,121.58735,2
500111070,20231121,626,18,17,1,25.04177,121.58735,1
500111070,20231121,627,18,17,1,25.04177,121.58735,1
500111070,20231121,628,18,17,1,25.04177,121.58735,1
500111070,20231121,629,18,17,1,25.04177,121.58735,1
500111070,20231121,631,18,17,1,25.04177,121.58735,1
500111070,20231121,632,18,17,1,25.04177,121.58735,1
500111070,20231121,633,18,17,1,25.04177,121.58735,1
500111070,20231121,634,18,17,1,25.04177,121.58735,1
500111070,20231121,635,18,17,1,25.04177,121.58735,1
500111070,20231121,636,18,17,1,25.04177,121.58735,1
500111070,20231121,637,18,17,1,25.04177,121.58735,1
500111070,20231121,638,18,17,1,25.04177,121.58735,1
500111070,20231121,639,18,17,1,25.04177,121.58735,1
500111070,20231121,640,18,17,1,25.04177,121.58735,1
500111070,20231121,641,18,17,1,25.04177,121.58735,1
500111070,20231121,642,18,17,1,25.04177,121.58735,1
500111070,20231121,643,18,17,1,25.04177,121.58735,1
500111070,20231121,644,18,17,1,25.04177,121.58735,1
500111070,20231121,645,18,17,1,25.04177,121.58735,1
500111070,20231121,646,18,17,1,25.04177,121.58735,1
500111070,20231121,647,18,17,1,25.04177,121.58735,1
500111070,20231121,648,18,17,1,25.04177,121.58735,1
500111070,20231121,649,18,17,1,25.04177,121.58735,1
500111070,20231121,650,18,17,1,25.04177,121.58735,1
500111070,20231121,651,18,16,1,25.04177,121.58735,2
500111070,20231121,652,18,15,1,25.04177,121.58735,3
500111070,20231121,653,18,15,1,25.04177,121.58735,3
500111070,20231121,654,18,15,1,25.04177,121.58735,3
500111070,20231121,655,18,15,1,25.04177,121.58735,3
500111070,20231121,656,18,15,1,25.04177,121.58735,3
500111070,20231121,657,18,17,1,25.04177,121.58735,1
500111070,20231121,658,18,17,1,25.04177,121.58735,1
500111070,20231121,659,18,17,1,25.04177,121.58735,1
500111070,20231121,661,18,17,1,25.04177,121.58735,1
500111070,20231121,662,18,17,1,25.04177,121.58735,1
500111070,20231121,663,18,17,1,25.04177,121.58735,1
500111070,20231121,664,18,17,1,25.04177,121.58735,1
500111070,20231121,665,18,17,1,25.04177,121.58735,1
500111070,20231121,666,18,17,1,25.04177,121.58735,1
500111070,20231121,667,18,17,1,25.04177,121.58735,1
500111070,20231121,668,18,17,1,25.04177,121.58735,1
500111070,20231121,669,18,18,1,25.04177,121.58735,0
500111070,20231121,670,18,18,1,25.04177,121.58735,0
500111070,20231121,671,18,18,1,25.04177,121.58735,0
500111070,20231121,672,18,18,1,25.04177,121.58735,0
500111070,20231121,673,18,18,1,25.04177,121.58735,0
500111070,20231121,674,18,18,1,25.04177,121.58735,0
500111070,20231121,675,18,18,1,25.04177,121.58735,0
500111070,20231121,676,18,18,1,25.04177,121.58735,0
500111070,20231121,677,18,18,1,25.04177,121.58735,0
500111070,20231121,678,18,18,1,25.04177,121.58735,0
500111070,20231121,679,18,18,1,25.04177,121.58735,0
500111070,20231121,681,18,16,1,25.04177,121.58735,2
500111070,20231121,682,18,16,1,25.04177,121.58735,2
500111070,20231121,683,18,16,1,25.04177,121.58735,2
500111070,20231121,684,18,16,1,25.04177,121.58735,2
500111070,20231121,685,18,17,1,25.04177,121.58735,1
500111070,20231121,686,18,17,1,25.04177,121.58735,1
500111070,20231121,687,18,17,1,25.04177,121.58735,1
500111070,20231121,688,18,16,1,25.04177,121.58735,2
500111070,20231121,689,18,16,1,25.04177,121.58735,2
500111070,20231121,690,18,16,1,25.04177,121.58735,2
500111070,20231121,691,18,14,1,25.04177,121.58735,4
500111070,20231121,692,18,14,1,25.04177,121.58735,4
500111070,20231121,693,18,14,1,25.04177,121.58735,4
500111070,20231121,694,18,14,1,25.04177,121.58735,4
500111070,20231121,695,18,14,1,25.04177,121.58735,4
500111070,20231121,696,18,14,1,25.04177,121.58735,4
500111070,20231121,697,18,14,1,25.04177,121.58735,4
500111070,20231121,698,18,14,1,25.04177,121.58735,4
500111070,20231121,699,18,14,1,25.04177,121.58735,4
500111070,20231121,701,18,14,1,25.04177,121.58735,4
500111070,20231121,702,18,14,1,25.04177,121.58735,4
500111070,20231121,703,18,14,1,25.04177,121.58735,4
500111070,20231121,704,18,14,1,25.04177,121.58735,4
500111070,20231121,705,18,14,1,25.04177,121.58735,4
500111070,20231121,706,18,14,1,25.04177,121.58735,4
500111070,20231121,707,18,14,1,25.04177,121.58735,4
500111070,20231121,708,18,14,1,25.04177,121.58735,4
500111070,20231121,709,18,14,1,25.04177,121.58735,4
500111070,20231121,711,18,14,1,25.04177,121.58735,4
500111070,20231121,712,18,14,1,25.04177,121.58735,4
500111070,20231121,713,18,15,1,25.04177,121.58735,3
500111070,20231121,714,18,15,1,25.04177,121.58735,3
500111070,20231121,715,18,15,1,25.04177,121.58735,3
500111070,20231121,716,18,15,1,25.04177,121.58735,3
500111070,20231121,717,18,15,1,25.04177,121.58735,3
500111070,20231121,718,18,14,1,25.04177,121.58735,4
500111070,20231121,719,18,14,1,25.04177,121.58735,4
500111070,20231121,721,18,14,1,25.04177,121.58735,4
500111070,20231121,722,18,14,1,25.04177,121.58735,4
500111070,20231121,723,18,14,1,25.04177,121.58735,4
500111070,20231121,724,18,14,1,25.04177,121.58735,4
500111070,20231121,725,18,14,1,25.04177,121.58735,4
500111070,20231121,726,18,13,1,25.04177,121.58735,5
500111070,20231121,727,18,13,1,25.04177,121.58735,5
500111070,20231121,728,18,13,1,25.04177,121.58735,5
500111070,20231121,729,18,13,1,25.04177,121.58735,5
500111070,20231121,731,18,13,1,25.04177,121.58735,5
500111070,20231121,732,18,13,1,25.04177,121.58735,5
500111070,20231121,733,18,13,1,25.04177,121.58735,5
500111070,20231121,734,18,13,1,25.04177,121.58735,5
500111070,20231121,735,18,13,1,25.04177,121.58735,5
500111070,20231121,736,18,13,1,25.04177,121.58735,5
500111070,20231121,737,18,13,1,25.04177,121.58735,5
500111070,20231121,738,18,13,1,25.04177,121.58735,5
500111070,20231121,739,18,13,1,25.04177,121.58735,5
500111070,20231121,741,18,12,1,25.04177,121.58735,6
500111070,20231121,742,18,12,1,25.04177,121.58735,6
500111070,20231121,743,18,12,1,25.04177,121.58735,6
500111070,20231121,744,18,12,1,25.04177,121.58735,6
500111070,20231121,745,18,12,1,25.04177,121.58735,6
500111070,20231121,746,18,12,1,25.04177,121.58735,6
500111070,20231121,747,18,13,1,25.04177,121.58735,5
500111070,20231121,748,18,13,1,25.04177,121.58735,5
500111070,20231121,749,18,13,1,25.04177,121.58735,5
500111070,20231121,751,18,13,1,25.04177,121.58735,5
500111070,20231121,752,18,13,1,25.04177,121.58735,5
500111070,20231121,753,18,13,1,25.04177,121.58735,5
500111070,20231121,754,18,12,1,25.04177,121.58735,6
500111070,20231121,755,18,13,1,25.04177,121.58735,5
500111070,20231121,756,18,13,1,25.04177,121.58735,5
500111070,20231121,757,18,13,1,25.04177,121.58735,5
500111070,20231121,758,18,13,1,25.04177,121.58735,5
500111070,20231121,759,18,13,1,25.04177,121.58735,5
500111070,20231121,760,18,13,1,25.04177,121.58735,5
500111070,20231121,761,18,12,1,25.04177,121.58735,6
500111070,20231121,762,18,13,1,25.04177,121.58735,5
500111070,20231121,763,18,13,1,25.04177,121.58735,5
500111070,20231121,764,18,14,1,25.04177,121.58735,4
500111070,20231121,765,18,14,1,25.04177,121.58735,4
500111070,20231121,766,18,14,1,25.04177,121.58735,4
500111070,20231121,767,18,14,1,25.04177,121.58735,4
500111070,20231121,768,18,14,1,25.04177,121.58735,4
500111070,20231121,769,18,14,1,25.04177,121.58735,4
500111070,20231121,770,18,14,1,25.04177,121.58735,4
500111070,20231121,771,18,14,1,25.04177,121.58735,4
500111070,20231121,772,18,14,1,25.04177,121.58735,4
500111070,20231121,773,18,14,1,25.04177,121.58735,4
500111070,20231121,774,18,14,1,25.04177,121.58735,4
500111070,20231121,775,18,14,1,25.04177,121.58735,4
500111070,20231121,776,18,15,1,25.04177,121.58735,3
500111070,20231121,777,18,15,1,25.04177,121.58735,3
500111070,20231121,778,18,15,1,25.04177,121.58735,3
500111070,20231121,779,18,15,1,25.04177,121.58735,3
500111070,20231121,781,18,15,1,25.04177,121.58735,3
500111070,20231121,782,18,16,1,25.04177,121.58735,2
500111070,20231121,783,18,16,1,25.04177,121.58735,2
500111070,20231121,784,18,16,1,25.04177,121.58735,2
500111070,20231121,785,18,16,1,25.04177,121.58735,2
500111070,20231121,786,18,16,1,25.04177,121.58735,2
500111070,20231121,787,18,16,1,25.04177,121.58735,2
500111070,20231121,788,18,16,1,25.04177,121.58735,2
500111070,20231121,789,18,16,1,25.04177,121.58735,2
500111070,20231121,790,18,16,1,25.04177,121.58735,2
500111070,20231121,791,18,16,1,25.04177,121.58735,2
500111070,20231121,792,18,16,1,25.04177,121.58735,2
500111070,20231121,793,18,16,1,25.04177,121.58735,2
500111070,20231121,794,18,16,1,25.04177,121.58735,2
500111070,20231121,795,18,16,1,25.04177,121.58735,2
500111070,20231121,796,18,16,1,25.04177,121.58735,2
500111070,20231121,797,18,16,1,25.04177,121.58735,2
500111070,20231121,798,18,16,1,25.04177,121.58735,2
500111070,20231121,799,18,16,1,25.04177,121.58735,2
500111070,20231121,801,18,15,1,25.04177,121.58735,3
500111070,20231121,802,18,15,1,25.04177,121.58735,3
500111070,20231121,803,18,16,1,25.04177,121.58735,2
500111070,20231121,804,18,16,1,25.04177,121.58735,2
500111070,20231121,805,18,16,1,25.04177,121.58735,2
500111070,20231121,806,18,16,1,25.04177,121.58735,2
500111070,20231121,807,18,16,1,25.04177,121.58735,2
500111070,20231121,808,18,16,1,25.04177,121.58735,2
500111070,20231121,809,18,16,1,25.04177,121.58735,2
500111070,20231121,810,18,16,1,25.04177,121.58735,2
500111070,20231121,811,18,16,1,25.04177,121.58735,2
500111070,20231121,812,18,15,1,25.04177,121.58735,3
500111070,20231121,813,18,15,1,25.04177,121.58735,3
500111070,20231121,814,18,15,1,25.04177,121.58735,3
500111070,20231121,815,18,16,1,25.04177,121.58735,2
500111070,20231121,816,18,17,1,25.04177,121.58735,1
500111070,20231121,817,18,17,1,25.04177,121.58735,1
500111070,20231121,818,18,18,1,25.04177,121.58735,0
500111070,20231121,819,18,18,1,25.04177,121.58735,0
500111070,20231121,820,18,18,1,25.04177,121.58735,0
500111070,20231121,821,18,18,1,25.04177,121.58735,0
500111070,20231121,822,18,18,1,25.04177,121.58735,0
500111070,20231121,823,18,18,1,25.04177,121.58735,0
500111070,20231121,824,18,18,1,25.04177,121.58735,0
500111070,20231121,825,18,17,1,25.04177,121.58735,1
500111070,20231121,826,18,17,1,25.04177,121.58735,1
500111070,20231121,827,18,17,1,25.04177,121.58735,1
500111070,20231121,828,18,17,1,25.04177,121.58735,1
500111070,20231121,829,18,17,1,25.04177,121.58735,1
500111070,20231121,830,18,17,1,25.04177,121.58735,1
500111070,20231121,831,18,16,1,25.04177,121.58735,2
500111070,20231121,832,18,16,1,25.04177,121.58735,2
500111070,20231121,833,18,16,1,25.04177,121.58735,2
500111070,20231121,834,18,16,1,25.04177,121.58735,2
500111070,20231121,835,18,16,1,25.04177,121.58735,2
500111070,20231121,836,18,17,1,25.04177,121.58735,1
500111070,20231121,837,18,17,1,25.04177,121.58735,1
500111070,20231121,838,18,17,1,25.04177,121.58735,1
500111070,20231121,839,18,17,1,25.04177,121.58735,1
500111070,20231121,841,18,16,1,25.04177,121.58735,2
500111070,20231121,842,18,16,1,25.04177,121.58735,2
500111070,20231121,843,18,16,1,25.04177,121.58735,2
500111070,20231121,844,18,17,1,25.04177,121.58735,1
500111070,20231121,845,18,17,1,25.04177,121.58735,1
500111070,20231121,846,18,17,1,25.04177,121.58735,1
500111070,20231121,847,18,17,1,25.04177,121.58735,1
500111070,20231121,848,18,17,1,25.04177,121.58735,1
500111070,20231121,849,18,17,1,25.04177,121.58735,1
500111070,20231121,850,18,17,1,25.04177,121.58735,1
500111070,20231121,851,18,16,1,25.04177,121.58735,2
500111070,20231121,852,18,16,1,25.04177,121.58735,2
500111070,20231121,853,18,17,1,25.04177,121.58735,1
500111070,20231121,854,18,17,1,25.04177,121.58735,1
500111070,20231121,855,18,16,1,25.04177,121.58735,2
500111070,20231121,856,18,16,1,25.04177,121.58735,2
500111070,20231121,857,18,16,1,25.04177,121.58735,2
500111070,20231121,858,18,16,1,25.04177,121.58735,2
500111070,20231121,859,18,16,1,25.04177,121.58735,2
500111070,20231121,861,18,16,1,25.04177,121.58735,2
500111070,20231121,862,18,16,1,25.04177,121.58735,2
500111070,20231121,863,18,16,1,25.04177,121.58735,2
500111070,20231121,864,18,16,1,25.04177,121.58735,2
500111070,20231121,865,18,16,1,25.04177,121.58735,2
500111070,20231121,866,18,16,1,25.04177,121.58735,2
500111070,20231121,867,18,16,1,25.04177,121.58735,2
500111070,20231121,868,18,16,1,25.04177,121.58735,2
500111070,20231121,869,18,16,1,25.04177,121.58735,2
500111070,20231121,871,18,16,1,25.04177,121.58735,2
500111070,20231121,872,18,16,1,25.04177,121.58735,2
500111070,20231121,873,18,16,1,25.04177,121.58735,2
500111070,20231121,874,18,16,1,25.04177,121.58735,2
500111070,20231121,875,18,16,1,25.04177,121.58735,2
500111070,20231121,876,18,17,1,25.04177,121.58735,1
500111070,20231121,877,18,17,1,25.04177,121.58735,1
500111070,20231121,878,18,17,1,25.04177,121.58735,1
500111070,20231121,879,18,17,1,25.04177,121.58735,1
500111070,20231121,880,18,16,1,25.04177,121.58735,2
500111070,20231121,881,18,16,1,25.04177,121.58735,2
500111070,20231121,882,18,16,1,25.04177,121.58735,2
500111070,20231121,883,18,16,1,25.04177,121.58735,2
500111070,20231121,884,18,16,1,25.04177,121.58735,2
500111070,20231121,885,18,16,1,25.04177,121.58735,2
500111070,20231121,886,18,17,1,25.04177,121.58735,1
500111070,20231121,887,18,17,1,25.04177,121.58735,1
500111070,20231121,888,18,17,1,25.04177,121.58735,1
500111070,20231121,889,18,17,1,25.04177,121.58735,1
500111070,20231121,890,18,16,1,25.04177,121.58735,2
500111070,20231121,891,18,16,1,25.04177,121.58735,2
500111070,20231121,892,18,16,1,25.04177,121.58735,2
500111070,20231121,893,18,16,1,25.04177,121.58735,2
500111070,20231121,895,18,16,1,25.04177,121.58735,2
500111070,20231121,896,18,16,1,25.04177,121.58735,2
500111070,20231121,897,18,16,1,25.04177,121.58735,2
500111070,20231121,898,18,16,1,25.04177,121.58735,2
500111070,20231121,899,18,16,1,25.04177,121.58735,2
500111070,20231121,901,18,16,1,25.04177,121.58735,2
500111070,20231121,902,18,16,1,25.04177,121.58735,2
500111070,20231121,903,18,16,1,25.04177,121.58735,2
500111070,20231121,904,18,15,1,25.04177,121.58735,3
500111070,20231121,905,18,15,1,25.04177,121.58735,3
500111070,20231121,906,18,15,1,25.04177,121.58735,3
500111070,20231121,907,18,15,1,25.04177,121.58735,3
500111070,20231121,908,18,15,1,25.04177,121.58735,3
500111070,20231121,909,18,15,1,25.04177,121.58735,3
500111070,20231121,911,18,15,1,25.04177,121.58735,3
500111070,20231121,912,18,14,1,25.04177,121.58735,4
500111070,20231121,913,18,14,1,25.04177,121.58735,4
500111070,20231121,914,18,14,1,25.04177,121.58735,4
500111070,20231121,915,18,14,1,25.04177,121.58735,4
500111070,20231121,916,18,15,1,25.04177,121.58735,3
500111070,20231121,917,18,15,1,25.04177,121.58735,3
500111070,20231121,918,18,16,1,25.04177,121.58735,2
500111070,20231121,919,18,16,1,25.04177,121.58735,2
500111070,20231121,921,18,16,1,25.04177,121.58735,2
500111070,20231121,922,18,16,1,25.04177,121.58735,2
500111070,20231121,923,18,16,1,25.04177,121.58735,2
500111070,20231121,924,18,15,1,25.04177,121.58735,3
500111070,20231121,925,18,15,1,25.04177,121.58735,3
500111070,20231121,926,18,15,1,25.04177,121.58735,3
500111070,20231121,927,18,15,1,25.04177,121.58735,3
500111070,20231121,928,18,15,1,25.04177,121.58735,3
500111070,20231121,929,18,15,1,25.04177,121.58735,3
500111070,20231121,931,18,15,1,25.04177,121.58735,3
500111070,20231121,932,18,14,1,25.04177,121.58735,4
500111070,20231121,933,18,14,1,25.04177,121.58735,4
500111070,20231121,934,18,14,1,25.04177,121.58735,4
500111070,20231121,935,18,14,1,25.04177,121.58735,4
500111070,20231121,936,18,14,1,25.04177,121.58735,4
500111070,20231121,937,18,14,1,25.04177,121.58735,4
500111070,20231121,938,18,14,1,25.04177,121.58735,4
500111070,20231121,939,18,14,1,25.04177,121.58735,4
500111070,20231121,941,18,14,1,25.04177,121.58735,4
500111070,20231121,942,18,14,1,25.04177,121.58735,4
500111070,20231121,943,18,14,1,25.04177,121.58735,4
500111070,20231121,944,18,14,1,25.04177,121.58735,4
500111070,20231121,945,18,14,1,25.04177,121.58735,4
500111070,20231121,946,18,15,1,25.04177,121.58735,3
500111070,20231121,947,18,15,1,25.04177,121.58735,3
500111070,20231121,948,18,14,1,25.04177,121.58735,4
500111070,20231121,949,18,14,1,25.04177,121.58735,4
500111070,20231121,951,18,14,1,25.04177,121.58735,4
500111070,20231121,952,18,15,1,25.04177,121.58735,3
500111070,20231121,953,18,15,1,25.04177,121.58735,3
500111070,20231121,954,18,15,1,25.04177,121.58735,3
500111070,20231121,955,18,15,1,25.04177,121.58735,3
500111070,20231121,956,18,15,1,25.04177,121.58735,3
500111070,20231121,957,18,15,1,25.04177,121.58735,3
500111070,20231121,958,18,16,1,25.04177,121.58735,2
500111070,20231121,959,18,16,1,25.04177,121.58735,2
500111070,20231121,961,18,16,1,25.04177,121.58735,2
500111070,20231121,962,18,18,1,25.04177,121.58735,0
500111070,20231121,963,18,18,1,25.04177,121.58735,0
500111070,20231121,964,18,17,1,25.04177,121.58735,1
500111070,20231121,965,18,17,1,25.04177,121.58735,1
500111070,20231121,966,18,17,1,25.04177,121.58735,1
500111070,20231121,967,18,16,1,25.04177,121.58735,2
500111070,20231121,968,18,16,1,25.04177,121.58735,2
500111070,20231121,969,18,16,1,25.04177,121.58735,2
500111070,20231121,971,18,17,1,25.04177,121.58735,1
500111070,20231121,972,18,17,1,25.04177,121.58735,1
500111070,20231121,973,18,17,1,25.04177,121.58735,1
500111070,20231121,974,18,17,1,25.04177,121.58735,1
500111070,20231121,975,18,18,1,25.04177,121.58735,0
500111070,20231121,976,18,18,1,25.04177,121.58735,0
500111070,20231121,977,18,18,1,25.04177,121.58735,0
500111070,20231121,978,18,18,1,25.04177,121.58735,0
500111070,20231121,979,18,18,1,25.04177,121.58735,0
500111070,20231121,981,18,18,1,25.04177,121.58735,0
500111070,20231121,982,18,18,1,25.04177,121.58735,0
500111070,20231121,983,18,18,1,25.04177,121.58735,0
500111070,20231121,984,18,18,1,25.04177,121.58735,0
500111070,20231121,985,18,18,1,25.04177,121.58735,0
500111070,20231121,986,18,18,1,25.04177,121.58735,0
500111070,20231121,988,18,18,1,25.04177,121.58735,0
500111070,20231121,989,18,18,1,25.04177,121.58735,0
500111070,20231121,991,18,18,1,25.04177,121.58735,0
500111070,20231121,992,18,18,1,25.04177,121.58735,0
500111070,20231121,993,18,18,1,25.04177,121.58735,0
500111070,20231121,994,18,18,1,25.04177,121.58735,0
500111070,20231121,995,18,18,1,25.04177,121.58735,0
500111070,20231121,996,18,15,1,25.04177,121.58735,3
500111070,20231121,997,18,15,1,25.04177,121.58735,3
500111070,20231121,998,18,16,1,25.04177,121.58735,2
500111070,20231121,999,18,16,1,25.04177,121.58735,2
500111070,20231121,1000,18,16,1,25.04177,121.58735,2
500111070,20231121,1001,18,15,1,25.04177,121.58735,3
500111070,20231121,1002,18,15,1,25.04177,121.58735,3
500111070,20231121,1003,18,15,1,25.04177,121.58735,3
500111070,20231121,1004,18,14,1,25.04177,121.58735,4
500111070,20231121,1005,18,14,1,25.04177,121.58735,4
500111070,20231121,1006,18,14,1,25.04177,121.58735,4
500111070,20231121,1007,18,14,1,25.04177,121.58735,4
500111070,20231121,1008,18,13,1,25.04177,121.58735,5
500111070,20231121,1009,18,13,1,25.04177,121.58735,5
500111070,20231121,1010,18,13,1,25.04177,121.58735,5
500111070,20231121,1011,18,13,1,25.04177,121.58735,5
500111070,20231121,1012,18,13,1,25.04177,121.58735,5
500111070,20231121,1013,18,13,1,25.04177,121.58735,5
500111070,20231121,1014,18,13,1,25.04177,121.58735,5
500111070,20231121,1015,18,13,1,25.04177,121.58735,5
500111070,20231121,1016,18,13,1,25.04177,121.58735,5
500111070,20231121,1017,18,13,1,25.04177,121.58735,5
500111070,20231121,1018,18,13,1,25.04177,121.58735,5
500111070,20231121,1019,18,13,1,25.04177,121.58735,5
500111070,20231121,1021,18,13,1,25.04177,121.58735,5
500111070,20231121,1022,18,13,1,25.04177,121.58735,5
500111070,20231121,1023,18,13,1,25.04177,121.58735,5
500111070,20231121,1024,18,14,1,25.04177,121.58735,4
500111070,20231121,1025,18,12,1,25.04177,121.58735,6
500111070,20231121,1026,18,12,1,25.04177,121.58735,6
500111070,20231121,1027,18,11,1,25.04177,121.58735,7
500111070,20231121,1028,18,11,1,25.04177,121.58735,7
500111070,20231121,1029,18,11,1,25.04177,121.58735,7
500111070,20231121,1030,18,9,1,25.04177,121.58735,9
500111070,20231121,1031,18,9,1,25.04177,121.58735,9
500111070,20231121,1032,18,9,1,25.04177,121.58735,9
500111070,20231121,1033,18,9,1,25.04177,121.58735,9
500111070,20231121,1034,18,9,1,25.04177,121.58735,9
500111070,20231121,1035,18,9,1,25.04177,121.58735,9
500111070,20231121,1036,18,8,1,25.04177,121.58735,10
500111070,20231121,1037,18,8,1,25.04177,121.58735,10
500111070,20231121,1038,18,8,1,25.04177,121.58735,10
500111070,20231121,1039,18,6,1,25.04177,121.58735,12
500111070,20231121,1041,18,6,1,25.04177,121.58735,12
500111070,20231121,1042,18,7,1,25.04177,121.58735,11
500111070,20231121,1043,18,8,1,25.04177,121.58735,10
500111070,20231121,1044,18,8,1,25.04177,121.58735,10
500111070,20231121,1045,18,8,1,25.04177,121.58735,10
500111070,20231121,1046,18,8,1,25.04177,121.58735,10
500111070,20231121,1047,18,8,1,25.04177,121.58735,10
500111070,20231121,1048,18,8,1,25.04177,121.58735,10
500111070,20231121,1049,18,8,1,25.04177,121.58735,10
500111070,20231121,1051,18,7,1,25.04177,121.58735,11
500111070,20231121,1052,18,7,1,25.04177,121.58735,11
500111070,20231121,1053,18,8,1,25.04177,121.58735,10
500111070,20231121,1054,18,8,1,25.04177,121.58735,10
500111070,20231121,1055,18,8,1,25.04177,121.58735,10
500111070,20231121,1056,18,9,1,25.04177,121.58735,9
500111070,20231121,1057,18,8,1,25.04177,121.58735,10
500111070,20231121,1058,18,8,1,25.04177,121.58735,10
500111070,20231121,1059,18,7,1,25.04177,121.58735,11
500111070,20231121,1060,18,7,1,25.04177,121.58735,11
500111070,20231121,1061,18,7,1,25.04177,121.58735,11
500111070,20231121,1062,18,7,1,25.04177,121.58735,11
500111070,20231121,1063,18,6,1,25.04177,121.58735,12
500111070,20231121,1064,18,6,1,25.04177,121.58735,12
500111070,20231121,1066,18,6,1,25.04177,121.58735,12
500111070,20231121,1067,18,6,1,25.04177,121.58735,12
500111070,20231121,1068,18,6,1,25.04177,121.58735,12
500111070,20231121,1069,18,6,1,25.04177,121.58735,12
500111070,20231121,1071,18,6,1,25.04177,121.58735,12
500111070,20231121,1072,18,6,1,25.04177,121.58735,12
500111070,20231121,1073,18,7,1,25.04177,121.58735,11
500111070,20231121,1074,18,7,1,25.04177,121.58735,11
500111070,20231121,1075,18,7,1,25.04177,121.58735,11
500111070,20231121,1076,18,6,1,25.04177,121.58735,12
500111070,20231121,1077,18,6,1,25.04177,121.58735,12
500111070,20231121,1078,18,5,1,25.04177,121.58735,13
500111070,20231121,1079,18,5,1,25.04177,121.58735,13
500111070,20231121,1081,18,6,1,25.04177,121.58735,12
500111070,20231121,1082,18,6,1,25.04177,121.58735,12
500111070,20231121,1083,18,6,1,25.04177,121.58735,12
500111070,20231121,1084,18,6,1,25.04177,121.58735,12
500111070,20231121,1085,18,6,1,25.04177,121.58735,12
500111070,20231121,1086,18,5,1,25.04177,121.58735,13
500111070,20231121,1087,18,5,1,25.04177,121.58735,13
500111070,20231121,1088,18,4,1,25.04177,121.58735,14
500111070,20231121,1089,18,4,1,25.04177,121.58735,14
500111070,20231121,1091,18,2,1,25.04177,121.58735,16
500111070,20231121,1092,18,2,1,25.04177,121.58735,16
500111070,20231121,1093,18,1,1,25.04177,121.58735,17
500111070,20231121,1094,18,1,1,25.04177,121.58735,17
500111070,20231121,1095,18,1,1,25.04177,121.58735,17
500111070,20231121,1096,18,1,1,25.04177,121.58735,17
500111070,20231121,1097,18,1,1,25.04177,121.58735,17
500111070,20231121,1098,18,1,1,25.04177,121.58735,17
500111070,20231121,1099,18,1,1,25.04177,121.58735,17
500111070,20231121,1101,18,1,1,25.04177,121.58735,17
500111070,20231121,1102,18,1,1,25.04177,121.58735,17
500111070,20231121,1103,18,0,1,25.04177,121.58735,18
500111070,20231121,1104,18,0,1,25.04177,121.58735,18
500111070,20231121,1105,18,0,1,25.04177,121.58735,18
500111070,20231121,1106,18,0,1,25.04177,121.58735,18
500111070,20231121,1107,18,0,1,25.04177,121.58735,18
500111070,20231121,1108,18,0,1,25.04177,121.58735,18
500111070,20231121,1109,18,2,1,25.04177,121.58735,16
500111070,20231121,1111,18,2,1,25.04177,121.58735,16
500111070,20231121,1112,18,1,1,25.04177,121.58735,17
500111070,20231121,1113,18,1,1,25.04177,121.58735,17
500111070,20231121,1114,18,0,1,25.04177,121.58735,18
500111070,20231121,1115,18,0,1,25.04177,121.58735,18
500111070,20231121,1116,18,1,1,25.04177,121.58735,17
500111070,20231121,1117,18,1,1,25.04177,121.58735,17
500111070,20231121,1118,18,1,1,25.04177,121.58735,17
500111070,20231121,1119,18,0,1,25.04177,121.58735,18
500111070,20231121,1121,18,0,1,25.04177,121.58735,18
500111070,20231121,1122,18,1,1,25.04177,121.58735,17
500111070,20231121,1123,18,1,1,25.04177,121.58735,17
500111070,20231121,1124,18,2,1,25.04177,121.58735,16
500111070,20231121,1125,18,3,1,25.04177,121.58735,15
500111070,20231121,1126,18,5,1,25.04177,121.58735,13
500111070,20231121,1127,18,8,1,25.04177,121.58735,10
500111070,20231121,1128,18,10,1,25.04177,121.58735,8
500111070,20231121,1129,18,10,1,25.04177,121.58735,8
500111070,20231121,1131,18,14,1,25.04177,121.58735,4
500111070,20231121,1132,18,16,1,25.04177,121.58735,2
500111070,20231121,1133,18,16,1,25.04177,121.58735,2
500111070,20231121,1134,18,16,1,25.04177,121.58735,2
500111070,20231121,1135,18,16,1,25.04177,121.58735,2
500111070,20231121,1136,18,16,1,25.04177,121.58735,2
500111070,20231121,1137,18,16,1,25.04177,121.58735,2
500111070,20231121,1138,18,16,1,25.04177,121.58735,2
500111070,20231121,1139,18,16,1,25.04177,121.58735,2
500111070,20231121,1141,18,16,1,25.04177,121.58735,2
500111070,20231121,1142,18,16,1,25.04177,121.58735,2
500111070,20231121,1143,18,16,1,25.04177,121.58735,2
500111070,20231121,1144,18,16,1,25.04177,121.58735,2
500111070,20231121,1145,18,17,1,25.04177,121.58735,1
500111070,20231121,1146,18,17,1,25.04177,121.58735,1
500111070,20231121,1147,18,17,1,25.04177,121.58735,1
500111070,20231121,1148,18,17,1,25.04177,121.58735,1
500111070,20231121,1149,18,17,1,25.04177,121.58735,1
500111070,20231121,1151,18,17,1,25.04177,121.58735,1
500111070,20231121,1152,18,17,1,25.04177,121.58735,1
500111070,20231121,1153,18,17,1,25.04177,121.58735,1
500111070,20231121,1154,18,17,1,25.04177,121.58735,1
500111070,20231121,1155,18,17,1,25.04177,121.58735,1
500111070,20231121,1156,18,18,1,25.04177,121.58735,0
500111070,20231121,1157,18,18,1,25.04177,121.58735,0
500111070,20231121,1158,18,17,1,25.04177,121.58735,1
500111070,20231121,1159,18,17,1,25.04177,121.58735,1
500111070,20231121,1161,18,17,1,25.04177,121.58735,1
500111070,20231121,1162,18,17,1,25.04177,121.58735,1
500111070,20231121,1163,18,17,1,25.04177,121.58735,1
500111070,20231121,1164,18,17,1,25.04177,121.58735,1
500111070,20231121,1165,18,17,1,25.04177,121.58735,1
500111070,20231121,1166,18,17,1,25.04177,121.58735,1
500111070,20231121,1167,18,17,1,25.04177,121.58735,1
500111070,20231121,1168,18,17,1,25.04177,121.58735,1
500111070,20231121,1169,18,17,1,25.04177,121.58735,1
500111070,20231121,1171,18,17,1,25.04177,121.58735,1
500111070,20231121,1172,18,17,1,25.04177,121.58735,1
500111070,20231121,1173,18,17,1,25.04177,121.58735,1
500111070,20231121,1174,18,17,1,25.04177,121.58735,1
500111070,20231121,1175,18,17,1,25.04177,121.58735,1
500111070,20231121,1176,18,17,1,25.04177,121.58735,1
500111070,20231121,1177,18,16,1,25.04177,121.58735,2
500111070,20231121,1178,18,16,1,25.04177,121.58735,2
500111070,20231121,1179,18,16,1,25.04177,121.58735,2
500111070,20231121,1181,18,16,1,25.04177,121.58735,2
500111070,20231121,1182,18,16,1,25.04177,121.58735,2
500111070,20231121,1183,18,16,1,25.04177,121.58735,2
500111070,20231121,1184,18,16,1,25.04177,121.58735,2
500111070,20231121,1185,18,16,1,25.04177,121.58735,2
500111070,20231121,1186,18,17,1,25.04177,121.58735,1
500111070,20231121,1187,18,17,1,25.04177,121.58735,1
500111070,20231121,1188,18,17,1,25.04177,121.58735,1
500111070,20231121,1189,18,17,1,25.04177,121.58735,1
500111070,20231121,1190,18,16,1,25.04177,121.58735,2
500111070,20231121,1191,18,16,1,25.04177,121.58735,2
500111070,20231121,1192,18,16,1,25.04177,121.58735,2
500111070,20231121,1193,18,16,1,25.04177,121.58735,2
500111070,20231121,1194,18,16,1,25.04177,121.58735,2
500111070,20231121,1195,18,16,1,25.04177,121.58735,2
500111070,20231121,1196,18,15,1,25.04177,121.58735,3
500111070,20231121,1197,18,15,1,25.04177,121.58735,3
500111070,20231121,1198,18,15,1,25.04177,121.58735,3
500111070,20231121,1199,18,15,1,25.04177,121.58735,3
500111070,20231121,1201,18,15,1,25.04177,121.58735,3
500111070,20231121,1202,18,15,1,25.04177,121.58735,3
500111070,20231121,1203,18,15,1,25.04177,121.58735,3
500111070,20231121,1204,18,15,1,25.04177,121.58735,3
500111070,20231121,1207,18,15,1,25.04177,121.58735,3
500111070,20231121,1208,18,15,1,25.04177,121.58735,3
500111070,20231121,1209,18,15,1,25.04177,121.58735,3
500111070,20231121,1210,18,15,1,25.04177,121.58735,3
500111070,20231121,1211,18,14,1,25.04177,121.58735,4
500111070,20231121,1212,18,13,1,25.04177,121.58735,5
500111070,20231121,1213,18,13,1,25.04177,121.58735,5
500111070,20231121,1214,18,13,1,25.04177,121.58735,5
500111070,20231121,1215,18,13,1,25.04177,121.58735,5
500111070,20231121,1216,18,13,1,25.04177,121.58735,5
500111070,20231121,1217,18,13,1,25.04177,121.58735,5
500111070,20231121,1218,18,13,1,25.04177,121.58735,5
500111070,20231121,1219,18,14,1,25.04177,121.58735,4
500111070,20231121,1221,18,13,1,25.04177,121.58735,5
500111070,20231121,1222,18,13,1,25.04177,121.58735,5
500111070,20231121,1223,18,13,1,25.04177,121.58735,5
500111070,20231121,1224,18,13,1,25.04177,121.58735,5
500111070,20231121,1225,18,13,1,25.04177,121.58735,5
500111070,20231121,1226,18,13,1,25.04177,121.58735,5
500111070,20231121,1227,18,13,1,25.04177,121.58735,5
500111070,20231121,1228,18,13,1,25.04177,121.58735,5
500111070,20231121,1229,18,12,1,25.04177,121.58735,6
500111070,20231121,1231,18,12,1,25.04177,121.58735,6
500111070,20231121,1232,18,12,1,25.04177,121.58735,6
500111070,20231121,1234,18,12,1,25.04177,121.58735,6
500111070,20231121,1235,18,12,1,25.04177,121.58735,6
500111070,20231121,1236,18,12,1,25.04177,121.58735,6
500111070,20231121,1237,18,12,1,25.04177,121.58735,6
500111070,20231121,1238,18,11,1,25.04177,121.58735,7
500111070,20231121,1239,18,11,1,25.04177,121.58735,7
500111070,20231121,1240,18,9,1,25.04177,121.58735,9
500111070,20231121,1241,18,9,1,25.04177,121.58735,9
500111070,20231121,1242,18,9,1,25.04177,121.58735,9
500111070,20231121,1243,18,9,1,25.04177,121.58735,9
500111070,20231121,1244,18,9,1,25.04177,121.58735,9
500111070,20231121,1245,18,10,1,25.04177,121.58735,8
500111070,20231121,1246,18,10,1,25.04177,121.58735,8
500111070,20231121,1247,18,10,1,25.04177,121.58735,8
500111070,20231121,1248,18,10,1,25.04177,121.58735,8
500111070,20231121,1249,18,10,1,25.04177,121.58735,8
500111070,20231121,1250,18,10,1,25.04177,121.58735,8
500111070,20231121,1251,18,9,1,25.04177,121.58735,9
500111070,20231121,1259,18,9,1,25.04177,121.58735,9
500111070,20231121,1329,18,12,1,25.04177,121.58735,6
500111070,20231121,1332,18,12,1,25.04177,121.58735,6
500111070,20231121,1333,18,12,1,25.04177,121.58735,6
500111070,20231121,1334,18,12,1,25.04177,121.58735,6
500111070,20231121,1335,18,12,1,25.04177,121.58735,6
500111070,20231121,1336,18,11,1,25.04177,121.58735,7
500111070,20231121,1337,18,11,1,25.04177,121.58735,7
500111070,20231121,1339,18,10,1,25.04177,121.58735,8
500111070,20231121,1342,18,9,1,25.04177,121.58735,9
500111070,20231121,1343,18,9,1,25.04177,121.58735,9
500111070,20231121,1344,18,9,1,25.04177,121.58735,9
500111070,20231121,1345,18,9,1,25.04177,121.58735,9
500111070,20231121,1347,18,9,1,25.04177,121.58735,9
500111070,20231121,1348,18,9,1,25.04177,121.58735,9
500111070,20231121,1349,18,9,1,25.04177,121.58735,9
500111070,20231121,1351,18,9,1,25.04177,121.58735,9
500111070,20231121,1352,18,9,1,25.04177,121.58735,9
500111070,20231121,1353,18,9,1,25.04177,121.58735,9
500111070,20231121,1355,18,9,1,25.04177,121.58735,9
500111070,20231121,1356,18,9,1,25.04177,121.58735,9
500111070,20231121,1357,18,9,1,25.04177,121.58735,9
500111070,20231121,1358,18,9,1,25.04177,121.58735,9
500111070,20231121,1359,18,9,1,25.04177,121.58735,9
500111070,20231121,1360,18,9,1,25.04177,121.58735,9
500111070,20231121,1362,18,9,1,25.04177,121.58735,9
500111070,20231121,1363,18,7,1,25.04177,121.58735,11
500111070,20231121,1364,18,7,1,25.04177,121.58735,11
500111070,20231121,1366,18,7,1,25.04177,121.58735,11
500111070,20231121,1367,18,7,1,25.04177,121.58735,11
500111070,20231121,1368,18,7,1,25.04177,121.58735,11
500111070,20231121,1369,18,7,1,25.04177,121.58735,11
500111070,20231121,1371,18,7,1,25.04177,121.58735,11
500111070,20231121,1373,18,7,1,25.04177,121.58735,11
500111070,20231121,1374,18,7,1,25.04177,121.58735,11
500111070,20231121,1375,18,7,1,25.04177,121.58735,11
500111070,20231121,1376,18,7,1,25.04177,121.58735,11
500111070,20231121,1377,18,7,1,25.04177,121.58735,11
500111070,20231121,1378,18,7,1,25.04177,121.58735,11
500111070,20231121,1379,18,7,1,25.04177,121.58735,11
500111070,20231121,1381,18,7,1,25.04177,121.58735,11
500111070,20231121,1382,18,7,1,25.04177,121.58735,11
500111070,20231121,1383,18,7,1,25.04177,121.58735,11
500111070,20231121,1385,18,7,1,25.04177,121.58735,11
500111070,20231121,1386,18,7,1,25.04177,121.58735,11
500111070,20231121,1388,18,7,1,25.04177,121.58735,11
500111070,20231121,1389,18,7,1,25.04177,121.58735,11
500111070,20231121,1391,18,7,1,25.04177,121.58735,11
500111070,20231121,1392,18,7,1,25.04177,121.58735,11
500111070,20231121,1393,18,7,1,25.04177,121.58735,11
500111070,20231121,1394,18,7,1,25.04177,121.58735,11
500111070,20231121,1395,18,7,1,25.04177,121.58735,11
500111070,20231121,1396,18,6,1,25.04177,121.58735,12
500111070,20231121,1397,18,7,1,25.04177,121.58735,11
500111070,20231121,1398,18,9,1,25.04177,121.58735,9
500111070,20231121,1399,18,12,1,25.04177,121.58735,6
500111070,20231121,1401,18,13,1,25.04177,121.58735,5
500111070,20231121,1402,18,13,1,25.04177,121.58735,5
500111070,20231121,1403,18,13,1,25.04177,121.58735,5
500111070,20231121,1404,18,14,1,25.04177,121.58735,4
500111070,20231121,1405,18,14,1,25.04177,121.58735,4
500111070,20231121,1406,18,14,1,25.04177,121.58735,4
500111070,20231121,1407,18,14,1,25.04177,121.58735,4
500111070,20231121,1408,18,14,1,25.04177,121.58735,4
500111070,20231121,1409,18,14,1,25.04177,121.58735,4
500111070,20231121,1411,18,15,1,25.04177,121.58735,3
500111070,20231121,1413,18,16,1,25.04177,121.58735,2
500111070,20231121,1415,18,16,1,25.04177,121.58735,2
500111070,20231121,1416,18,16,1,25.04177,121.58735,2
500111070,20231121,1418,18,16,1,25.04177,121.58735,2
500111070,20231121,1419,18,16,1,25.04177,121.58735,2
500111070,20231121,1421,18,16,1,25.04177,121.58735,2
500111070,20231121,1422,18,16,1,25.04177,121.58735,2
500111070,20231121,1423,18,16,1,25.04177,121.58735,2
500111070,20231121,1424,18,16,1,25.04177,121.58735,2
500111070,20231121,1425,18,16,1,25.04177,121.58735,2
500111070,20231121,1426,18,16,1,25.04177,121.58735,2
500111070,20231121,1428,18,16,1,25.04177,121.58735,2
500111070,20231121,1429,18,16,1,25.04177,121.58735,2
500111070,20231121,1431,18,16,1,25.04177,121.58735,2
500111070,20231121,1432,18,16,1,25.04177,121.58735,2
500111070,20231121,1433,18,16,1,25.04177,121.58735,2
500111070,20231121,1434,18,16,1,25.04177,121.58735,2
500111070,20231121,1435,18,16,1,25.04177,121.58735,2
500111070,20231121,1436,18,16,1,25.04177,121.58735,2
500111070,20231121,1437,18,16,1,25.04177,121.58735,2
500111070,20231121,1438,18,16,1,25.04177,121.58735,2
500111070,20231121,1439,18,16,1,25.04177,121.58735,2
500111070,20231122,0,18,16,1,25.04177,121.58735,2
500111070,20231122,1,18,15,1,25.04177,121.58735,3
500111070,20231122,2,18,15,1,25.04177,121.58735,3
500111070,20231122,3,18,14,1,25.04177,121.58735,4
500111070,20231122,4,18,14,1,25.04177,121.58735,4
500111070,20231122,5,18,14,1,25.04177,121.58735,4
500111070,20231122,6,18,12,1,25.04177,121.58735,6
500111070,20231122,7,18,12,1,25.04177,121.58735,6
500111070,20231122,8,18,12,1,25.04177,121.58735,6
500111070,20231122,9,18,11,1,25.04177,121.58735,7
500111070,20231122,10,18,11,1,25.04177,121.58735,7
500111070,20231122,11,18,11,1,25.04177,121.58735,7
500111070,20231122,12,18,11,1,25.04177,121.58735,7
500111070,20231122,13,18,11,1,25.04177,121.58735,7
500111070,20231122,14,18,11,1,25.04177,121.58735,7
500111070,20231122,15,18,11,1,25.04177,121.58735,7
500111070,20231122,16,18,11,1,25.04177,121.58735,7
500111070,20231122,17,18,11,1,25.04177,121.58735,7
500111070,20231122,18,18,11,1,25.04177,121.58735,7
500111070,20231122,19,18,11,1,25.04177,121.58735,7
500111070,20231122,21,18,11,1,25.04177,121.58735,7
500111070,20231122,22,18,11,1,25.04177,121.58735,7
500111070,20231122,23,18,9,1,25.04177,121.58735,9
500111070,20231122,24,18,9,1,25.04177,121.58735,9
500111070,20231122,25,18,9,1,25.04177,121.58735,9
500111070,20231122,26,18,9,1,25.04177,121.58735,9
500111070,20231122,27,18,9,1,25.04177,121.58735,9
500111070,20231122,28,18,9,1,25.04177,121.58735,9
500111070,20231122,29,18,9,1,25.04177,121.58735,9
500111070,20231122,30,18,9,1,25.04177,121.58735,9
500111070,20231122,31,18,9,1,25.04177,121.58735,9
500111070,20231122,32,18,9,1,25.04177,121.58735,9
500111070,20231122,33,18,9,1,25.04177,121.58735,9
500111070,20231122,34,18,9,1,25.04177,121.58735,9
500111070,20231122,35,18,9,1,25.04177,121.58735,9
500111070,20231122,36,18,9,1,25.04177,121.58735,9
500111070,20231122,37,18,9,1,25.04177,121.58735,9
500111070,20231122,38,18,9,1,25.04177,121.58735,9
500111070,20231122,39,18,9,1,25.04177,121.58735,9
500111070,20231122,40,18,9,1,25.04177,121.58735,9
500111070,20231122,41,18,9,1,25.04177,121.58735,9
500111070,20231122,42,18,9,1,25.04177,121.58735,9
500111070,20231122,43,18,9,1,25.04177,121.58735,9
500111070,20231122,44,18,9,1,25.04177,121.58735,9
500111070,20231122,45,18,9,1,25.04177,121.58735,9
500111070,20231122,46,18,9,1,25.04177,121.58735,9
500111070,20231122,47,18,9,1,25.04177,121.58735,9
500111070,20231122,48,18,9,1,25.04177,121.58735,9
500111070,20231122,49,18,9,1,25.04177,121.58735,9
500111070,20231122,50,18,9,1,25.04177,121.58735,9
500111070,20231122,51,18,9,1,25.04177,121.58735,9
500111070,20231122,52,18,9,1,25.04177,121.58735,9
500111070,20231122,53,18,9,1,25.04177,121.58735,9
500111070,20231122,54,18,9,1,25.04177,121.58735,9
500111070,20231122,55,18,9,1,25.04177,121.58735,9
500111070,20231122,56,18,9,1,25.04177,121.58735,9
500111070,20231122,57,18,9,1,25.04177,121.58735,9
500111070,20231122,58,18,9,1,25.04177,121.58735,9
500111070,20231122,59,18,9,1,25.04177,121.58735,9
500111070,20231122,60,18,9,1,25.04177,121.58735,9
500111070,20231122,61,18,9,1,25.04177,121.58735,9
500111070,20231122,62,18,9,1,25.04177,121.58735,9
500111070,20231122,63,18,9,1,25.04177,121.58735,9
500111070,20231122,64,18,9,1,25.04177,121.58735,9
500111070,20231122,65,18,9,1,25.04177,121.58735,9
500111070,20231122,66,18,8,1,25.04177,121.58735,10
500111070,20231122,67,18,8,1,25.04177,121.58735,10
500111070,20231122,68,18,8,1,25.04177,121.58735,10
500111070,20231122,69,18,8,1,25.04177,121.58735,10
500111070,20231122,70,18,8,1,25.04177,121.58735,10
500111070,20231122,71,18,8,1,25.04177,121.58735,10
500111070,20231122,72,18,8,1,25.04177,121.58735,10
500111070,20231122,73,18,8,1,25.04177,121.58735,10
500111070,20231122,74,18,8,1,25.04177,121.58735,10
500111070,20231122,75,18,8,1,25.04177,121.58735,10
500111070,20231122,76,18,8,1,25.04177,121.58735,10
500111070,20231122,77,18,8,1,25.04177,121.58735,10
500111070,20231122,78,18,8,1,25.04177,121.58735,10
500111070,20231122,79,18,8,1,25.04177,121.58735,10
500111070,20231122,81,18,8,1,25.04177,121.58735,10
500111070,20231122,82,18,8,1,25.04177,121.58735,10
500111070,20231122,83,18,8,1,25.04177,121.58735,10
500111070,20231122,84,18,8,1,25.04177,121.58735,10
500111070,20231122,85,18,8,1,25.04177,121.58735,10
500111070,20231122,86,18,8,1,25.04177,121.58735,10
500111070,20231122,87,18,8,1,25.04177,121.58735,10
500111070,20231122,88,18,8,1,25.04177,121.58735,10
500111070,20231122,89,18,8,1,25.04177,121.58735,10
500111070,20231122,90,18,8,1,25.04177,121.58735,10
500111070,20231122,91,18,8,1,25.04177,121.58735,10
500111070,20231122,92,18,8,1,25.04177,121.58735,10
500111070,20231122,93,18,8,1,25.04177,121.58735,10
500111070,20231122,94,18,8,1,25.04177,121.58735,10
500111070,20231122,95,18,8,1,25.04177,121.58735,10
500111070,20231122,96,18,8,1,25.04177,121.58735,10
500111070,20231122,97,18,8,1,25.04177,121.58735,10
500111070,20231122,98,18,8,1,25.04177,121.58735,10
500111070,20231122,99,18,8,1,25.04177,121.58735,10
500111070,20231122,100,18,8,1,25.04177,121.58735,10
500111070,20231122,101,18,8,1,25.04177,121.58735,10
500111070,20231122,102,18,8,1,25.04177,121.58735,10
500111070,20231122,103,18,8,1,25.04177,121.58735,10
500111070,20231122,104,18,8,1,25.04177,121.58735,10
500111070,20231122,105,18,8,1,25.04177,121.58735,10
500111070,20231122,106,18,8,1,25.04177,121.58735,10
500111070,20231122,107,18,8,1,25.04177,121.58735,10
500111070,20231122,108,18,8,1,25.04177,121.58735,10
500111070,20231122,109,18,8,1,25.04177,121.58735,10
500111070,20231122,110,18,8,1,25.04177,121.58735,10
500111070,20231122,111,18,8,1,25.04177,121.58735,10
500111070,20231122,112,18,8,1,25.04177,121.58735,10
500111070,20231122,113,18,8,1,25.04177,121.58735,10
500111070,20231122,114,18,8,1,25.04177,121.58735,10
500111070,20231122,115,18,8,1,25.04177,121.58735,10
500111070,20231122,116,18,8,1,25.04177,121.58735,10
500111070,20231122,117,18,8,1,25.04177,121.58735,10
500111070,20231122,118,18,8,1,25.04177,121.58735,10
500111070,20231122,119,18,8,1,25.04177,121.58735,10
500111070,20231122,121,18,8,1,25.04177,121.58735,10
500111070,20231122,122,18,8,1,25.04177,121.58735,10
500111070,20231122,123,18,8,1,25.04177,121.58735,10
500111070,20231122,125,18,8,1,25.04177,121.58735,10
500111070,20231122,126,18,8,1,25.04177,121.58735,10
500111070,20231122,127,18,8,1,25.04177,121.58735,10
500111070,20231122,129,18,8,1,25.04177,121.58735,10
500111070,20231122,131,18,8,1,25.04177,121.58735,10
500111070,20231122,132,18,8,1,25.04177,121.58735,10
500111070,20231122,133,18,8,1,25.04177,121.58735,10
500111070,20231122,135,18,8,1,25.04177,121.58735,10
500111070,20231122,136,18,8,1,25.04177,121.58735,10
500111070,20231122,138,18,8,1,25.04177,121.58735,10
500111070,20231122,139,18,8,1,25.04177,121.58735,10
500111070,20231122,141,18,8,1,25.04177,121.58735,10
500111070,20231122,142,18,8,1,25.04177,121.58735,10
500111070,20231122,143,18,8,1,25.04177,121.58735,10
500111070,20231122,144,18,8,1,25.04177,121.58735,10
500111070,20231122,145,18,8,1,25.04177,121.58735,10
500111070,20231122,146,18,8,1,25.04177,121.58735,10
500111070,20231122,147,18,8,1,25.04177,121.58735,10
500111070,20231122,148,18,8,1,25.04177,121.58735,10
500111070,20231122,149,18,8,1,25.04177,121.58735,10
500111070,20231122,150,18,8,1,25.04177,121.58735,10
500111070,20231122,152,18,8,1,25.04177,121.58735,10
500111070,20231122,153,18,8,1,25.04177,121.58735,10
500111070,20231122,154,18,8,1,25.04177,121.58735,10
500111070,20231122,155,18,8,1,25.04177,121.58735,10
500111070,20231122,156,18,8,1,25.04177,121.58735,10
500111070,20231122,157,18,8,1,25.04177,121.58735,10
500111070,20231122,158,18,8,1,25.04177,121.58735,10
500111070,20231122,159,18,8,1,25.04177,121.58735,10
500111070,20231122,161,18,8,1,25.04177,121.58735,10
500111070,20231122,162,18,8,1,25.04177,121.58735,10
500111070,20231122,163,18,8,1,25.04177,121.58735,10
500111070,20231122,164,18,8,1,25.04177,121.58735,10
500111070,20231122,165,18,8,1,25.04177,121.58735,10
500111070,20231122,167,18,8,1,25.04177,121.58735,10
500111070,20231122,168,18,8,1,25.04177,121.58735,10
500111070,20231122,169,18,8,1,25.04177,121.58735,10
500111070,20231122,171,18,8,1,25.04177,121.58735,10
500111070,20231122,173,18,8,1,25.04177,121.58735,10
500111070,20231122,174,18,8,1,25.04177,121.58735,10
500111070,20231122,175,18,8,1,25.04177,121.58735,10
500111070,20231122,176,18,8,1,25.04177,121.58735,10
500111070,20231122,177,18,8,1,25.04177,121.58735,10
500111070,20231122,178,18,8,1,25.04177,121.58735,10
500111070,20231122,179,18,8,1,25.04177,121.58735,10
500111070,20231122,181,18,8,1,25.04177,121.58735,10
500111070,20231122,183,18,8,1,25.04177,121.58735,10
500111070,20231122,184,18,8,1,25.04177,121.58735,10
500111070,20231122,185,18,8,1,25.04177,121.58735,10
500111070,20231122,186,18,8,1,25.04177,121.58735,10
500111070,20231122,187,18,8,1,25.04177,121.58735,10
500111070,20231122,188,18,8,1,25.04177,121.58735,10
500111070,20231122,189,18,8,1,25.04177,121.58735,10
500111070,20231122,191,18,8,1,25.04177,121.58735,10
500111070,20231122,192,18,8,1,25.04177,121.58735,10
500111070,20231122,193,18,8,1,25.04177,121.58735,10
500111070,20231122,194,18,8,1,25.04177,121.58735,10
500111070,20231122,195,18,8,1,25.04177,121.58735,10
500111070,20231122,196,18,8,1,25.04177,121.58735,10
500111070,20231122,197,18,8,1,25.04177,121.58735,10
500111070,20231122,198,18,8,1,25.04177,121.58735,10
500111070,20231122,199,18,8,1,25.04177,121.58735,10
500111070,20231122,201,18,8,1,25.04177,121.58735,10
500111070,20231122,202,18,8,1,25.04177,121.58735,10
500111070,20231122,203,18,8,1,25.04177,121.58735,10
500111070,20231122,204,18,8,1,25.04177,121.58735,10
500111070,20231122,205,18,8,1,25.04177,121.58735,10
500111070,20231122,206,18,8,1,25.04177,121.58735,10
500111070,20231122,207,18,8,1,25.04177,121.58735,10
500111070,20231122,208,18,8,1,25.04177,121.58735,10
500111070,20231122,209,18,8,1,25.04177,121.58735,10
500111070,20231122,211,18,8,1,25.04177,121.58735,10
500111070,20231122,212,18,8,1,25.04177,121.58735,10
500111070,20231122,213,18,8,1,25.04177,121.58735,10
500111070,20231122,214,18,8,1,25.04177,121.58735,10
500111070,20231122,215,18,8,1,25.04177,121.58735,10
500111070,20231122,216,18,8,1,25.04177,121.58735,10
500111070,20231122,217,18,8,1,25.04177,121.58735,10
500111070,20231122,218,18,8,1,25.04177,121.58735,10
500111070,20231122,219,18,8,1,25.04177,121.58735,10
500111070,20231122,220,18,8,1,25.04177,121.58735,10
500111070,20231122,221,18,8,1,25.04177,121.58735,10
500111070,20231122,222,18,8,1,25.04177,121.58735,10
500111070,20231122,223,18,8,1,25.04177,121.58735,10
500111070,20231122,224,18,8,1,25.04177,121.58735,10
500111070,20231122,225,18,8,1,25.04177,121.58735,10
500111070,20231122,226,18,8,1,25.04177,121.58735,10
500111070,20231122,227,18,8,1,25.04177,121.58735,10
500111070,20231122,228,18,8,1,25.04177,121.58735,10
500111070,20231122,229,18,8,1,25.04177,121.58735,10
500111070,20231122,230,18,8,1,25.04177,121.58735,10
500111070,20231122,231,18,8,1,25.04177,121.58735,10
500111070,20231122,232,18,8,1,25.04177,121.58735,10
500111070,20231122,233,18,8,1,25.04177,121.58735,10
500111070,20231122,234,18,8,1,25.04177,121.58735,10
500111070,20231122,235,18,8,1,25.04177,121.58735,10
500111070,20231122,236,18,8,1,25.04177,121.58735,10
500111070,20231122,237,18,8,1,25.04177,121.58735,10
500111070,20231122,238,18,8,1,25.04177,121.58735,10
500111070,20231122,239,18,8,1,25.04177,121.58735,10
500111070,20231122,240,18,8,1,25.04177,121.58735,10
500111070,20231122,241,18,8,1,25.04177,121.58735,10
500111070,20231122,242,18,8,1,25.04177,121.58735,10
500111070,20231122,243,18,8,1,25.04177,121.58735,10
500111070,20231122,244,18,8,1,25.04177,121.58735,10
500111070,20231122,245,18,8,1,25.04177,121.58735,10
500111070,20231122,246,18,8,1,25.04177,121.58735,10
500111070,20231122,247,18,8,1,25.04177,121.58735,10
500111070,20231122,248,18,8,1,25.04177,121.58735,10
500111070,20231122,249,18,8,1,25.04177,121.58735,10
500111070,20231122,250,18,8,1,25.04177,121.58735,10
500111070,20231122,251,18,8,1,25.04177,121.58735,10
500111070,20231122,252,18,8,1,25.04177,121.58735,10
500111070,20231122,253,18,8,1,25.04177,121.58735,10
500111070,20231122,254,18,8,1,25.04177,121.58735,10
500111070,20231122,255,18,8,1,25.04177,121.58735,10
500111070,20231122,256,18,8,1,25.04177,121.58735,10
500111070,20231122,257,18,8,1,25.04177,121.58735,10
500111070,20231122,258,18,8,1,25.04177,121.58735,10
500111070,20231122,259,18,8,1,25.04177,121.58735,10
500111070,20231122,261,18,8,1,25.04177,121.58735,10
500111070,20231122,262,18,8,1,25.04177,121.58735,10
500111070,20231122,263,18,8,1,25.04177,121.58735,10
500111070,20231122,264,18,8,1,25.04177,121.58735,10
500111070,20231122,265,18,8,1,25.04177,121.58735,10
500111070,20231122,266,18,8,1,25.04177,121.58735,10
500111070,20231122,267,18,8,1,25.04177,121.58735,10
500111070,20231122,268,18,8,1,25.04177,121.58735,10
500111070,20231122,269,18,8,1,25.04177,121.58735,10
500111070,20231122,270,18,8,1,25.04177,121.58735,10
500111070,20231122,271,18,8,1,25.04177,121.58735,10
500111070,20231122,272,18,8,1,25.04177,121.58735,10
500111070,20231122,273,18,8,1,25.04177,121.58735,10
500111070,20231122,274,18,8,1,25.04177,121.58735,10
500111070,20231122,275,18,8,1,25.04177,121.58735,10
500111070,20231122,276,18,8,1,25.04177,121.58735,10
500111070,20231122,277,18,8,1,25.04177,121.58735,10
500111070,20231122,278,18,8,1,25.04177,121.58735,10
500111070,20231122,279,18,8,1,25.04177,121.58735,10
500111070,20231122,280,18,8,1,25.04177,121.58735,10
500111070,20231122,281,18,8,1,25.04177,121.58735,10
500111070,20231122,282,18,8,1,25.04177,121.58735,10
500111070,20231122,283,18,8,1,25.04177,121.58735,10
500111070,20231122,284,18,8,1,25.04177,121.58735,10
500111070,20231122,286,18,8,1,25.04177,121.58735,10
500111070,20231122,287,18,8,1,25.04177,121.58735,10
500111070,20231122,288,18,8,1,25.04177,121.58735,10
500111070,20231122,289,18,8,1,25.04177,121.58735,10
500111070,20231122,290,18,8,1,25.04177,121.58735,10
500111070,20231122,291,18,8,1,25.04177,121.58735,10
500111070,20231122,292,18,8,1,25.04177,121.58735,10
500111070,20231122,293,18,8,1,25.04177,121.58735,10
500111070,20231122,294,18,8,1,25.04177,121.58735,10
500111070,20231122,295,18,8,1,25.04177,121.58735,10
500111070,20231122,296,18,8,1,25.04177,121.58735,10
500111070,20231122,297,18,8,1,25.04177,121.58735,10
500111070,20231122,298,18,8,1,25.04177,121.58735,10
500111070,20231122,299,18,8,1,25.04177,121.58735,10
500111070,20231122,300,18,8,1,25.04177,121.58735,10
500111070,20231122,301,18,8,1,25.04177,121.58735,10
500111070,20231122,302,18,8,1,25.04177,121.58735,10
500111070,20231122,303,18,8,1,25.04177,121.58735,10
500111070,20231122,304,18,8,1,25.04177,121.58735,10
500111070,20231122,305,18,8,1,25.04177,121.58735,10
500111070,20231122,306,18,8,1,25.04177,121.58735,10
500111070,20231122,307,18,8,1,25.04177,121.58735,10
500111070,20231122,308,18,8,1,25.04177,121.58735,10
500111070,20231122,309,18,8,1,25.04177,121.58735,10
500111070,20231122,310,18,8,1,25.04177,121.58735,10
500111070,20231122,311,18,8,1,25.04177,121.58735,10
500111070,20231122,312,18,8,1,25.04177,121.58735,10
500111070,20231122,313,18,8,1,25.04177,121.58735,10
500111070,20231122,314,18,8,1,25.04177,121.58735,10
500111070,20231122,315,18,8,1,25.04177,121.58735,10
500111070,20231122,316,18,8,1,25.04177,121.58735,10
500111070,20231122,317,18,8,1,25.04177,121.58735,10
500111070,20231122,318,18,8,1,25.04177,121.58735,10
500111070,20231122,319,18,8,1,25.04177,121.58735,10
500111070,20231122,321,18,8,1,25.04177,121.58735,10
500111070,20231122,323,18,8,1,25.04177,121.58735,10
500111070,20231122,324,18,8,1,25.04177,121.58735,10
500111070,20231122,325,18,8,1,25.04177,121.58735,10
500111070,20231122,326,18,8,1,25.04177,121.58735,10
500111070,20231122,327,18,8,1,25.04177,121.58735,10
500111070,20231122,328,18,8,1,25.04177,121.58735,10
500111070,20231122,329,18,8,1,25.04177,121.58735,10
500111070,20231122,330,18,8,1,25.04177,121.58735,10
500111070,20231122,331,18,8,1,25.04177,121.58735,10
500111070,20231122,332,18,8,1,25.04177,121.58735,10
500111070,20231122,333,18,8,1,25.04177,121.58735,10
500111070,20231122,334,18,8,1,25.04177,121.58735,10
500111070,20231122,335,18,8,1,25.04177,121.58735,10
500111070,20231122,336,18,8,1,25.04177,121.58735,10
500111070,20231122,337,18,8,1,25.04177,121.58735,10
500111070,20231122,338,18,8,1,25.04177,121.58735,10
500111070,20231122,339,18,8,1,25.04177,121.58735,10
500111070,20231122,340,18,8,1,25.04177,121.58735,10
500111070,20231122,341,18,8,1,25.04177,121.58735,10
500111070,20231122,342,18,8,1,25.04177,121.58735,10
500111070,20231122,344,18,8,1,25.04177,121.58735,10
500111070,20231122,345,18,8,1,25.04177,121.58735,10
500111070,20231122,347,18,8,1,25.04177,121.58735,10
500111070,20231122,349,18,9,1,25.04177,121.58735,9
500111070,20231122,351,18,9,1,25.04177,121.58735,9
500111070,20231122,352,18,9,1,25.04177,121.58735,9
500111070,20231122,353,18,9,1,25.04177,121.58735,9
500111070,20231122,355,18,9,1,25.04177,121.58735,9
500111070,20231122,356,18,9,1,25.04177,121.58735,9
500111070,20231122,357,18,9,1,25.04177,121.58735,9
500111070,20231122,358,18,9,1,25.04177,121.58735,9
500111070,20231122,359,18,9,1,25.04177,121.58735,9
500111070,20231122,360,18,9,1,25.04177,121.58735,9
500111070,20231122,362,18,9,1,25.04177,121.58735,9
500111070,20231122,363,18,9,1,25.04177,121.58735,9
500111070,20231122,364,18,9,1,25.04177,121.58735,9
500111070,20231122,365,18,9,1,25.04177,121.58735,9
500111070,20231122,366,18,9,1,25.04177,121.58735,9
500111070,20231122,367,18,9,1,25.04177,121.58735,9
500111070,20231122,368,18,9,1,25.04177,121.58735,9
500111070,20231122,369,18,9,1,25.04177,121.58735,9
500111070,20231122,371,18,9,1,25.04177,121.58735,9
500111070,20231122,372,18,9,1,25.04177,121.58735,9
500111070,20231122,373,18,10,1,25.04177,121.58735,8
500111070,20231122,374,18,10,1,25.04177,121.58735,8
500111070,20231122,375,18,10,1,25.04177,121.58735,8
500111070,20231122,377,18,10,1,25.04177,121.58735,8
500111070,20231122,379,18,10,1,25.04177,121.58735,8
500111070,20231122,382,18,11,1,25.04177,121.58735,7
500111070,20231122,383,18,11,1,25.04177,121.58735,7
500111070,20231122,384,18,11,1,25.04177,121.58735,7
500111070,20231122,385,18,11,1,25.04177,121.58735,7
500111070,20231122,387,18,11,1,25.04177,121.58735,7
500111070,20231122,388,18,11,1,25.04177,121.58735,7
500111070,20231122,389,18,11,1,25.04177,121.58735,7
500111070,20231122,391,18,11,1,25.04177,121.58735,7
500111070,20231122,392,18,11,1,25.04177,121.58735,7
500111070,20231122,394,18,11,1,25.04177,121.58735,7
500111070,20231122,395,18,11,1,25.04177,121.58735,7
500111070,20231122,396,18,11,1,25.04177,121.58735,7
500111070,20231122,397,18,10,1,25.04177,121.58735,8
500111070,20231122,398,18,10,1,25.04177,121.58735,8
500111070,20231122,399,18,10,1,25.04177,121.58735,8
500111070,20231122,401,18,11,1,25.04177,121.58735,7
500111070,20231122,402,18,11,1,25.04177,121.58735,7
500111070,20231122,403,18,12,1,25.04177,121.58735,6
500111070,20231122,404,18,12,1,25.04177,121.58735,6
500111070,20231122,405,18,12,1,25.04177,121.58735,6
500111070,20231122,406,18,13,1,25.04177,121.58735,5
500111070,20231122,407,18,13,1,25.04177,121.58735,5
500111070,20231122,409,18,14,1,25.04177,121.58735,4
500111070,20231122,411,18,14,1,25.04177,121.58735,4
500111070,20231122,412,18,14,1,25.04177,121.58735,4
500111070,20231122,414,18,14,1,25.04177,121.58735,4
500111070,20231122,415,18,14,1,25.04177,121.58735,4
500111070,20231122,416,18,14,1,25.04177,121.58735,4
500111070,20231122,417,18,14,1,25.04177,121.58735,4
500111070,20231122,419,18,14,1,25.04177,121.58735,4
500111070,20231122,421,18,14,1,25.04177,121.58735,4
500111070,20231122,423,18,16,1,25.04177,121.58735,2
500111070,20231122,424,18,16,1,25.04177,121.58735,2
500111070,20231122,425,18,16,1,25.04177,121.58735,2
500111070,20231122,426,18,16,1,25.04177,121.58735,2
500111070,20231122,427,18,17,1,25.04177,121.58735,1
500111070,20231122,428,18,18,1,25.04177,121.58735,0
500111070,20231122,429,18,18,1,25.04177,121.58735,0
500111070,20231122,431,18,18,1,25.04177,121.58735,0
500111070,20231122,432,18,18,1,25.04177,121.58735,0
500111070,20231122,433,18,18,1,25.04177,121.58735,0
500111070,20231122,434,18,18,1,25.04177,121.58735,0
500111070,20231122,435,18,18,1,25.04177,121.58735,0
500111070,20231122,436,18,18,1,25.04177,121.58735,0
500111070,20231122,437,18,18,1,25.04177,121.58735,0
500111070,20231122,438,18,18,1,25.04177,121.58735,0
500111070,20231122,439,18,18,1,25.04177,121.58735,0
500111070,20231122,441,18,18,1,25.04177,121.58735,0
500111070,20231122,442,18,18,1,25.04177,121.58735,0
500111070,20231122,443,18,18,1,25.04177,121.58735,0
500111070,20231122,444,18,18,1,25.04177,121.58735,0
500111070,20231122,445,18,18,1,25.04177,121.58735,0
500111070,20231122,446,18,18,1,25.04177,121.58735,0
500111070,20231122,447,18,18,1,25.04177,121.58735,0
500111070,20231122,448,18,18,1,25.04177,121.58735,0
500111070,20231122,449,18,18,1,25.04177,121.58735,0
500111070,20231122,451,18,18,1,25.04177,121.58735,0
500111070,20231122,452,18,18,1,25.04177,121.58735,0
500111070,20231122,453,18,18,1,25.04177,121.58735,0
500111070,20231122,454,18,18,1,25.04177,121.58735,0
500111070,20231122,455,18,18,1,25.04177,121.58735,0
500111070,20231122,456,18,18,1,25.04177,121.58735,0
500111070,20231122,457,18,18,1,25.04177,121.58735,0
500111070,20231122,458,18,18,1,25.04177,121.58735,0
500111070,20231122,459,18,17,1,25.04177,121.58735,1
500111070,20231122,460,18,17,1,25.04177,121.58735,1
500111070,20231122,461,18,17,1,25.04177,121.58735,1
500111070,20231122,462,18,17,1,25.04177,121.58735,1
500111070,20231122,463,18,17,1,25.04177,121.58735,1
500111070,20231122,464,18,18,1,25.04177,121.58735,0
500111070,20231122,465,18,18,1,25.04177,121.58735,0
500111070,20231122,466,18,18,1,25.04177,121.58735,0
500111070,20231122,467,18,18,1,25.04177,121.58735,0
500111070,20231122,468,18,18,1,25.04177,121.58735,0
500111070,20231122,469,18,18,1,25.04177,121.58735,0
500111070,20231122,470,18,18,1,25.04177,121.58735,0
500111070,20231122,471,18,18,1,25.04177,121.58735,0
500111070,20231122,472,18,18,1,25.04177,121.58735,0
500111070,20231122,473,18,18,1,25.04177,121.58735,0
500111070,20231122,474,18,18,1,25.04177,121.58735,0
500111070,20231122,475,18,18,1,25.04177,121.58735,0
500111070,20231122,476,18,18,1,25.04177,121.58735,0
500111070,20231122,477,18,18,1,25.04177,121.58735,0
500111070,20231122,478,18,18,1,25.04177,121.58735,0
500111070,20231122,479,18,17,1,25.04177,121.58735,1
500111070,20231122,481,18,10,1,25.04177,121.58735,8
500111070,20231122,482,18,8,1,25.04177,121.58735,10
500111070,20231122,483,18,5,1,25.04177,121.58735,13
500111070,20231122,484,18,7,1,25.04177,121.58735,11
500111070,20231122,485,18,6,1,25.04177,121.58735,12
500111070,20231122,486,18,4,1,25.04177,121.58735,14
500111070,20231122,487,18,3,1,25.04177,121.58735,15
500111070,20231122,488,18,1,1,25.04177,121.58735,17
500111070,20231122,489,18,2,1,25.04177,121.58735,16
500111070,20231122,490,18,5,1,25.04177,121.58735,13
500111070,20231122,491,18,6,1,25.04177,121.58735,12
500111070,20231122,492,18,7,1,25.04177,121.58735,11
500111070,20231122,493,18,8,1,25.04177,121.58735,10
500111070,20231122,494,18,8,1,25.04177,121.58735,10
500111070,20231122,495,18,8,1,25.04177,121.58735,10
500111070,20231122,496,18,8,1,25.04177,121.58735,10
500111070,20231122,497,18,8,1,25.04177,121.58735,10
500111070,20231122,498,18,9,1,25.04177,121.58735,9
500111070,20231122,499,18,10,1,25.04177,121.58735,8
500111070,20231122,501,18,11,1,25.04177,121.58735,7
500111070,20231122,502,18,11,1,25.04177,121.58735,7
500111070,20231122,503,18,11,1,25.04177,121.58735,7
500111070,20231122,504,18,11,1,25.04177,121.58735,7
500111070,20231122,505,18,10,1,25.04177,121.58735,8
500111070,20231122,506,18,11,1,25.04177,121.58735,7
500111070,20231122,507,18,11,1,25.04177,121.58735,7
500111070,20231122,508,18,11,1,25.04177,121.58735,7
500111070,20231122,509,18,11,1,25.04177,121.58735,7
500111070,20231122,511,18,11,1,25.04177,121.58735,7
500111070,20231122,512,18,11,1,25.04177,121.58735,7
500111070,20231122,513,18,12,1,25.04177,121.58735,6
500111070,20231122,514,18,12,1,25.04177,121.58735,6
500111070,20231122,515,18,12,1,25.04177,121.58735,6
500111070,20231122,516,18,13,1,25.04177,121.58735,5
500111070,20231122,517,18,13,1,25.04177,121.58735,5
500111070,20231122,518,18,13,1,25.04177,121.58735,5
500111070,20231122,519,18,15,1,25.04177,121.58735,3
500111070,20231122,520,18,15,1,25.04177,121.58735,3
500111070,20231122,521,18,16,1,25.04177,121.58735,2
500111070,20231122,522,18,17,1,25.04177,121.58735,1
500111070,20231122,523,18,17,1,25.04177,121.58735,1
500111070,20231122,524,18,17,1,25.04177,121.58735,1
500111070,20231122,525,18,17,1,25.04177,121.58735,1
500111070,20231122,526,18,17,1,25.04177,121.58735,1
500111070,20231122,527,18,18,1,25.04177,121.58735,0
500111070,20231122,528,18,18,1,25.04177,121.58735,0
500111070,20231122,529,18,18,1,25.04177,121.58735,0
500111070,20231122,531,18,18,1,25.04177,121.58735,0
500111070,20231122,532,18,18,1,25.04177,121.58735,0
500111070,20231122,533,18,18,1,25.04177,121.58735,0
500111070,20231122,534,18,18,1,25.04177,121.58735,0
500111070,20231122,535,18,18,1,25.04177,121.58735,0
500111070,20231122,536,18,18,1,25.04177,121.58735,0
500111070,20231122,537,18,15,1,25.04177,121.58735,3
500111070,20231122,538,18,16,1,25.04177,121.58735,2
500111070,20231122,539,18,12,1,25.04177,121.58735,6
500111070,20231122,541,18,8,1,25.04177,121.58735,10
500111070,20231122,542,18,8,1,25.04177,121.58735,10
500111070,20231122,543,18,9,1,25.04177,121.58735,9
500111070,20231122,544,18,9,1,25.04177,121.58735,9
500111070,20231122,545,18,10,1,25.04177,121.58735,8
500111070,20231122,546,18,10,1,25.04177,121.58735,8
500111070,20231122,547,18,11,1,25.04177,121.58735,7
500111070,20231122,548,18,12,1,25.04177,121.58735,6
500111070,20231122,549,18,12,1,25.04177,121.58735,6
500111070,20231122,550,18,12,1,25.04177,121.58735,6
500111070,20231122,551,18,12,1,25.04177,121.58735,6
500111070,20231122,552,18,13,1,25.04177,121.58735,5
500111070,20231122,553,18,13,1,25.04177,121.58735,5
500111070,20231122,554,18,13,1,25.04177,121.58735,5
500111070,20231122,555,18,15,1,25.04177,121.58735,3
500111070,20231122,556,18,15,1,25.04177,121.58735,3
500111070,20231122,557,18,15,1,25.04177,121.58735,3
500111070,20231122,558,18,15,1,25.04177,121.58735,3
500111070,20231122,559,18,15,1,25.04177,121.58735,3
500111070,20231122,561,18,15,1,25.04177,121.58735,3
500111070,20231122,562,18,16,1,25.04177,121.58735,2
500111070,20231122,563,18,16,1,25.04177,121.58735,2
500111070,20231122,564,18,16,1,25.04177,121.58735,2
500111070,20231122,565,18,16,1,25.04177,121.58735,2
500111070,20231122,566,18,16,1,25.04177,121.58735,2
500111070,20231122,567,18,17,1,25.04177,121.58735,1
500111070,20231122,568,18,17,1,25.04177,121.58735,1
500111070,20231122,569,18,18,1,25.04177,121.58735,0
500111070,20231122,571,18,18,1,25.04177,121.58735,0
500111070,20231122,572,18,18,1,25.04177,121.58735,0
500111070,20231122,573,18,18,1,25.04177,121.58735,0
500111070,20231122,574,18,18,1,25.04177,121.58735,0
500111070,20231122,575,18,18,1,25.04177,121.58735,0
500111070,20231122,576,18,18,1,25.04177,121.58735,0
500111070,20231122,577,18,18,1,25.04177,121.58735,0
500111070,20231122,578,18,18,1,25.04177,121.58735,0
500111070,20231122,579,18,18,1,25.04177,121.58735,0
500111070,20231122,580,18,18,1,25.04177,121.58735,0
500111070,20231122,581,18,18,1,25.04177,121.58735,0
500111070,20231122,582,18,18,1,25.04177,121.58735,0
500111070,20231122,583,18,18,1,25.04177,121.58735,0
500111070,20231122,584,18,18,1,25.04177,121.58735,0
500111070,20231122,585,18,18,1,25.04177,121.58735,0
500111070,20231122,586,18,18,1,25.04177,121.58735,0
500111070,20231122,587,18,18,1,25.04177,121.58735,0
500111070,20231122,588,18,18,1,25.04177,121.58735,0
500111070,20231122,589,18,18,1,25.04177,121.58735,0
500111070,20231122,590,18,18,1,25.04177,121.58735,0
500111070,20231122,591,18,18,1,25.04177,121.58735,0
500111070,20231122,592,18,18,1,25.04177,121.58735,0
500111070,20231122,593,18,18,1,25.04177,121.58735,0
500111070,20231122,594,18,16,1,25.04177,121.58735,2
500111070,20231122,596,18,15,1,25.04177,121.58735,3
500111070,20231122,597,18,15,1,25.04177,121.58735,3
500111070,20231122,598,18,15,1,25.04177,121.58735,3
500111070,20231122,599,18,16,1,25.04177,121.58735,2
500111070,20231122,601,18,17,1,25.04177,121.58735,1
500111070,20231122,603,18,17,1,25.04177,121.58735,1
500111070,20231122,605,18,17,1,25.04177,121.58735,1
500111070,20231122,606,18,17,1,25.04177,121.58735,1
500111070,20231122,607,18,17,1,25.04177,121.58735,1
500111070,20231122,609,18,17,1,25.04177,121.58735,1
500111070,20231122,610,18,17,1,25.04177,121.58735,1
500111070,20231122,611,18,18,1,25.04177,121.58735,0
500111070,20231122,612,18,18,1,25.04177,121.58735,0
500111070,20231122,614,18,18,1,25.04177,121.58735,0
500111070,20231122,616,18,17,1,25.04177,121.58735,1
500111070,20231122,618,18,17,1,25.04177,121.58735,1
500111070,20231122,619,18,17,1,25.04177,121.58735,1
500111070,20231122,621,18,17,1,25.04177,121.58735,1
500111070,20231122,622,18,18,1,25.04177,121.58735,0
500111070,20231122,623,18,18,1,25.04177,121.58735,0
500111070,20231122,624,18,18,1,25.04177,121.58735,0
500111070,20231122,626,18,18,1,25.04177,121.58735,0
500111070,20231122,627,18,18,1,25.04177,121.58735,0
500111070,20231122,628,18,18,1,25.04177,121.58735,0
500111070,20231122,629,18,18,1,25.04177,121.58735,0
500111070,20231122,631,18,18,1,25.04177,121.58735,0
500111070,20231122,632,18,18,1,25.04177,121.58735,0
500111070,20231122,633,18,18,1,25.04177,121.58735,0
500111070,20231122,635,18,18,1,25.04177,121.58735,0
500111070,20231122,636,18,18,1,25.04177,121.58735,0
500111070,20231122,637,18,16,1,25.04177,121.58735,2
500111070,20231122,638,18,16,1,25.04177,121.58735,2
500111070,20231122,639,18,16,1,25.04177,121.58735,2
500111070,20231122,640,18,16,1,25.04177,121.58735,2
500111070,20231122,642,18,16,1,25.04177,121.58735,2
500111070,20231122,643,18,18,1,25.04177,121.58735,0
500111070,20231122,644,18,18,1,25.04177,121.58735,0
500111070,20231122,645,18,17,1,25.04177,121.58735,1
500111070,20231122,646,18,18,1,25.04177,121.58735,0
500111070,20231122,647,18,18,1,25.04177,121.58735,0
500111070,20231122,648,18,18,1,25.04177,121.58735,0
500111070,20231122,649,18,18,1,25.04177,121.58735,0
500111070,20231122,651,18,18,1,25.04177,121.58735,0
500111070,20231122,652,18,18,1,25.04177,121.58735,0
500111070,20231122,653,18,18,1,25.04177,121.58735,0
500111070,20231122,654,18,16,1,25.04177,121.58735,2
500111070,20231122,655,18,16,1,25.04177,121.58735,2
500111070,20231122,656,18,16,1,25.04177,121.58735,2
500111070,20231122,657,18,16,1,25.04177,121.58735,2
500111070,20231122,658,18,16,1,25.04177,121.58735,2
500111070,20231122,659,18,15,1,25.04177,121.58735,3
500111070,20231122,661,18,15,1,25.04177,121.58735,3
500111070,20231122,662,18,15,1,25.04177,121.58735,3
500111070,20231122,663,18,15,1,25.04177,121.58735,3
500111070,20231122,664,18,15,1,25.04177,121.58735,3
500111070,20231122,665,18,15,1,25.04177,121.58735,3
500111070,20231122,666,18,15,1,25.04177,121.58735,3
500111070,20231122,667,18,15,1,25.04177,121.58735,3
500111070,20231122,668,18,14,1,25.04177,121.58735,4
500111070,20231122,669,18,14,1,25.04177,121.58735,4
500111070,20231122,671,18,14,1,25.04177,121.58735,4
500111070,20231122,672,18,14,1,25.04177,121.58735,4
500111070,20231122,673,18,14,1,25.04177,121.58735,4
500111070,20231122,674,18,14,1,25.04177,121.58735,4
500111070,20231122,675,18,14,1,25.04177,121.58735,4
500111070,20231122,676,18,14,1,25.04177,121.58735,4
500111070,20231122,677,18,13,1,25.04177,121.58735,5
500111070,20231122,678,18,12,1,25.04177,121.58735,6
500111070,20231122,679,18,12,1,25.04177,121.58735,6
500111070,20231122,681,18,12,1,25.04177,121.58735,6
500111070,20231122,682,18,11,1,25.04177,121.58735,7
500111070,20231122,683,18,11,1,25.04177,121.58735,7
500111070,20231122,685,18,11,1,25.04177,121.58735,7
500111070,20231122,686,18,11,1,25.04177,121.58735,7
500111070,20231122,687,18,11,1,25.04177,121.58735,7
500111070,20231122,688,18,11,1,25.04177,121.58735,7
500111070,20231122,689,18,11,1,25.04177,121.58735,7
500111070,20231122,691,18,11,1,25.04177,121.58735,7
500111070,20231122,692,18,11,1,25.04177,121.58735,7
500111070,20231122,693,18,10,1,25.04177,121.58735,8
500111070,20231122,694,18,10,1,25.04177,121.58735,8
500111070,20231122,695,18,10,1,25.04177,121.58735,8
500111070,20231122,696,18,10,1,25.04177,121.58735,8
500111070,20231122,697,18,10,1,25.04177,121.58735,8
500111070,20231122,698,18,10,1,25.04177,121.58735,8
500111070,20231122,699,18,10,1,25.04177,121.58735,8
500111070,20231122,701,18,11,1,25.04177,121.58735,7
500111070,20231122,702,18,11,1,25.04177,121.58735,7
500111070,20231122,703,18,11,1,25.04177,121.58735,7
500111070,20231122,704,18,11,1,25.04177,121.58735,7
500111070,20231122,705,18,11,1,25.04177,121.58735,7
500111070,20231122,706,18,11,1,25.04177,121.58735,7
500111070,20231122,707,18,12,1,25.04177,121.58735,6
500111070,20231122,708,18,12,1,25.04177,121.58735,6
500111070,20231122,709,18,12,1,25.04177,121.58735,6
500111070,20231122,711,18,13,1,25.04177,121.58735,5
500111070,20231122,712,18,14,1,25.04177,121.58735,4
500111070,20231122,713,18,14,1,25.04177,121.58735,4
500111070,20231122,714,18,14,1,25.04177,121.58735,4
500111070,20231122,715,18,14,1,25.04177,121.58735,4
500111070,20231122,716,18,15,1,25.04177,121.58735,3
500111070,20231122,717,18,15,1,25.04177,121.58735,3
500111070,20231122,718,18,15,1,25.04177,121.58735,3
500111070,20231122,719,18,15,1,25.04177,121.58735,3
500111070,20231122,721,18,15,1,25.04177,121.58735,3
500111070,20231122,722,18,15,1,25.04177,121.58735,3
500111070,20231122,723,18,15,1,25.04177,121.58735,3
500111070,20231122,724,18,15,1,25.04177,121.58735,3
500111070,20231122,725,18,13,1,25.04177,121.58735,5
500111070,20231122,726,18,13,1,25.04177,121.58735,5
500111070,20231122,727,18,13,1,25.04177,121.58735,5
500111070,20231122,728,18,13,1,25.04177,121.58735,5
500111070,20231122,729,18,13,1,25.04177,121.58735,5
500111070,20231122,730,18,14,1,25.04177,121.58735,4
500111070,20231122,731,18,14,1,25.04177,121.58735,4
500111070,20231122,732,18,16,1,25.04177,121.58735,2
500111070,20231122,733,18,16,1,25.04177,121.58735,2
500111070,20231122,734,18,16,1,25.04177,121.58735,2
500111070,20231122,735,18,17,1,25.04177,121.58735,1
500111070,20231122,736,18,17,1,25.04177,121.58735,1
500111070,20231122,737,18,17,1,25.04177,121.58735,1
500111070,20231122,738,18,17,1,25.04177,121.58735,1
500111070,20231122,739,18,17,1,25.04177,121.58735,1
500111070,20231122,741,18,18,1,25.04177,121.58735,0
500111070,20231122,742,18,18,1,25.04177,121.58735,0
500111070,20231122,743,18,17,1,25.04177,121.58735,1
500111070,20231122,744,18,17,1,25.04177,121.58735,1
500111070,20231122,745,18,17,1,25.04177,121.58735,1
500111070,20231122,746,18,17,1,25.04177,121.58735,1
500111070,20231122,747,18,17,1,25.04177,121.58735,1
500111070,20231122,748,18,17,1,25.04177,121.58735,1
500111070,20231122,749,18,18,1,25.04177,121.58735,0
500111070,20231122,751,18,18,1,25.04177,121.58735,0
500111070,20231122,752,18,18,1,25.04177,121.58735,0
500111070,20231122,753,18,18,1,25.04177,121.58735,0
500111070,20231122,754,18,18,1,25.04177,121.58735,0
500111070,20231122,755,18,17,1,25.04177,121.58735,1
500111070,20231122,756,18,17,1,25.04177,121.58735,1
500111070,20231122,757,18,17,1,25.04177,121.58735,1
500111070,20231122,758,18,17,1,25.04177,121.58735,1
500111070,20231122,759,18,16,1,25.04177,121.58735,2
500111070,20231122,760,18,15,1,25.04177,121.58735,3
500111070,20231122,761,18,15,1,25.04177,121.58735,3
500111070,20231122,762,18,15,1,25.04177,121.58735,3
500111070,20231122,763,18,16,1,25.04177,121.58735,2
500111070,20231122,764,18,16,1,25.04177,121.58735,2
500111070,20231122,765,18,16,1,25.04177,121.58735,2
500111070,20231122,766,18,16,1,25.04177,121.58735,2
500111070,20231122,767,18,16,1,25.04177,121.58735,2
500111070,20231122,768,18,17,1,25.04177,121.58735,1
500111070,20231122,769,18,18,1,25.04177,121.58735,0
500111070,20231122,770,18,18,1,25.04177,121.58735,0
500111070,20231122,771,18,18,1,25.04177,121.58735,0
500111070,20231122,772,18,17,1,25.04177,121.58735,1
500111070,20231122,773,18,17,1,25.04177,121.58735,1
500111070,20231122,774,18,17,1,25.04177,121.58735,1
500111070,20231122,775,18,17,1,25.04177,121.58735,1
500111070,20231122,776,18,17,1,25.04177,121.58735,1
500111070,20231122,777,18,17,1,25.04177,121.58735,1
500111070,20231122,778,18,17,1,25.04177,121.58735,1
500111070,20231122,779,18,18,1,25.04177,121.58735,0
500111070,20231122,781,18,18,1,25.04177,121.58735,0
500111070,20231122,782,18,18,1,25.04177,121.58735,0
500111070,20231122,783,18,18,1,25.04177,121.58735,0
500111070,20231122,784,18,18,1,25.04177,121.58735,0
500111070,20231122,785,18,18,1,25.04177,121.58735,0
500111070,20231122,786,18,18,1,25.04177,121.58735,0
500111070,20231122,787,18,18,1,25.04177,121.58735,0
500111070,20231122,788,18,18,1,25.04177,121.58735,0
500111070,20231122,789,18,18,1,25.04177,121.58735,0
500111070,20231122,790,18,18,1,25.04177,121.58735,0
500111070,20231122,791,18,18,1,25.04177,121.58735,0
500111070,20231122,792,18,18,1,25.04177,121.58735,0
500111070,20231122,793,18,18,1,25.04177,121.58735,0
500111070,20231122,794,18,18,1,25.04177,121.58735,0
500111070,20231122,795,18,18,1,25.04177,121.58735,0
500111070,20231122,796,18,18,1,25.04177,121.58735,0
500111070,20231122,797,18,18,1,25.04177,121.58735,0
500111070,20231122,798,18,18,1,25.04177,121.58735,0
500111070,20231122,799,18,18,1,25.04177,121.58735,0
500111070,20231122,801,18,18,1,25.04177,121.58735,0
500111070,20231122,802,18,18,1,25.04177,121.58735,0
500111070,20231122,803,18,18,1,25.04177,121.58735,0
500111070,20231122,804,18,18,1,25.04177,121.58735,0
500111070,20231122,805,18,18,1,25.04177,121.58735,0
500111070,20231122,806,18,18,1,25.04177,121.58735,0
500111070,20231122,807,18,18,1,25.04177,121.58735,0
500111070,20231122,808,18,18,1,25.04177,121.58735,0
500111070,20231122,809,18,18,1,25.04177,121.58735,0
500111070,20231122,811,18,18,1,25.04177,121.58735,0
500111070,20231122,812,18,18,1,25.04177,121.58735,0
500111070,20231122,813,18,18,1,25.04177,121.58735,0
500111070,20231122,814,18,18,1,25.04177,121.58735,0
500111070,20231122,815,18,18,1,25.04177,121.58735,0
500111070,20231122,816,18,18,1,25.04177,121.58735,0
500111070,20231122,817,18,18,1,25.04177,121.58735,0
500111070,20231122,818,18,18,1,25.04177,121.58735,0
500111070,20231122,819,18,18,1,25.04177,121.58735,0
500111070,20231122,820,18,18,1,25.04177,121.58735,0
500111070,20231122,821,18,18,1,25.04177,121.58735,0
500111070,20231122,822,18,18,1,25.04177,121.58735,0
500111070,20231122,823,18,18,1,25.04177,121.58735,0
500111070,20231122,824,18,18,1,25.04177,121.58735,0
500111070,20231122,825,18,17,1,25.04177,121.58735,1
500111070,20231122,826,18,16,1,25.04177,121.58735,2
500111070,20231122,827,18,16,1,25.04177,121.58735,2
500111070,20231122,828,18,16,1,25.04177,121.58735,2
500111070,20231122,829,18,16,1,25.04177,121.58735,2
500111070,20231122,830,18,16,1,25.04177,121.58735,2
500111070,20231122,831,18,16,1,25.04177,121.58735,2
500111070,20231122,832,18,16,1,25.04177,121.58735,2
500111070,20231122,833,18,16,1,25.04177,121.58735,2
500111070,20231122,834,18,16,1,25.04177,121.58735,2
500111070,20231122,835,18,16,1,25.04177,121.58735,2
500111070,20231122,836,18,16,1,25.04177,121.58735,2
500111070,20231122,837,18,16,1,25.04177,121.58735,2
500111070,20231122,838,18,16,1,25.04177,121.58735,2
500111070,20231122,839,18,16,1,25.04177,121.58735,2
500111070,20231122,841,18,16,1,25.04177,121.58735,2
500111070,20231122,842,18,16,1,25.04177,121.58735,2
500111070,20231122,843,18,16,1,25.04177,121.58735,2
500111070,20231122,844,18,16,1,25.04177,121.58735,2
500111070,20231122,845,18,16,1,25.04177,121.58735,2
500111070,20231122,846,18,16,1,25.04177,121.58735,2
500111070,20231122,847,18,16,1,25.04177,121.58735,2
500111070,20231122,848,18,16,1,25.04177,121.58735,2
500111070,20231122,849,18,16,1,25.04177,121.58735,2
500111070,20231122,850,18,16,1,25.04177,121.58735,2
500111070,20231122,851,18,16,1,25.04177,121.58735,2
500111070,20231122,852,18,16,1,25.04177,121.58735,2
500111070,20231122,853,18,16,1,25.04177,121.58735,2
500111070,20231122,854,18,16,1,25.04177,121.58735,2
500111070,20231122,855,18,16,1,25.04177,121.58735,2
500111070,20231122,856,18,16,1,25.04177,121.58735,2
500111070,20231122,857,18,16,1,25.04177,121.58735,2
500111070,20231122,858,18,16,1,25.04177,121.58735,2
500111070,20231122,859,18,16,1,25.04177,121.58735,2
500111070,20231122,861,18,16,1,25.04177,121.58735,2
500111070,20231122,862,18,16,1,25.04177,121.58735,2
500111070,20231122,863,18,17,1,25.04177,121.58735,1
500111070,20231122,864,18,17,1,25.04177,121.58735,1
500111070,20231122,865,18,17,1,25.04177,121.58735,1
500111070,20231122,866,18,17,1,25.04177,121.58735,1
500111070,20231122,867,18,17,1,25.04177,121.58735,1
500111070,20231122,868,18,17,1,25.04177,121.58735,1
500111070,20231122,869,18,17,1,25.04177,121.58735,1
500111070,20231122,870,18,17,1,25.04177,121.58735,1
500111070,20231122,871,18,18,1,25.04177,121.58735,0
500111070,20231122,872,18,18,1,25.04177,121.58735,0
500111070,20231122,873,18,18,1,25.04177,121.58735,0
500111070,20231122,874,18,18,1,25.04177,121.58735,0
500111070,20231122,875,18,18,1,25.04177,121.58735,0
500111070,20231122,876,18,18,1,25.04177,121.58735,0
500111070,20231122,877,18,18,1,25.04177,121.58735,0
500111070,20231122,878,18,18,1,25.04177,121.58735,0
500111070,20231122,879,18,18,1,25.04177,121.58735,0
500111070,20231122,880,18,18,1,25.04177,121.58735,0
500111070,20231122,881,18,18,1,25.04177,121.58735,0
500111070,20231122,882,18,18,1,25.04177,121.58735,0
500111070,20231122,884,18,18,1,25.04177,121.58735,0
500111070,20231122,885,18,18,1,25.04177,121.58735,0
500111070,20231122,887,18,18,1,25.04177,121.58735,0
500111070,20231122,889,18,18,1,25.04177,121.58735,0
500111070,20231122,891,18,18,1,25.04177,121.58735,0
500111070,20231122,892,18,18,1,25.04177,121.58735,0
500111070,20231122,893,18,18,1,25.04177,121.58735,0
500111070,20231122,894,18,18,1,25.04177,121.58735,0
500111070,20231122,895,18,18,1,25.04177,121.58735,0
500111070,20231122,896,18,17,1,25.04177,121.58735,1
500111070,20231122,898,18,17,1,25.04177,121.58735,1
500111070,20231122,899,18,17,1,25.04177,121.58735,1
500111070,20231122,901,18,17,1,25.04177,121.58735,1
500111070,20231122,902,18,17,1,25.04177,121.58735,1
500111070,20231122,903,18,17,1,25.04177,121.58735,1
500111070,20231122,904,18,17,1,25.04177,121.58735,1
500111070,20231122,905,18,17,1,25.04177,121.58735,1
500111070,20231122,907,18,18,1,25.04177,121.58735,0
500111070,20231122,908,18,16,1,25.04177,121.58735,2
500111070,20231122,909,18,16,1,25.04177,121.58735,2
500111070,20231122,911,18,16,1,25.04177,121.58735,2
500111070,20231122,912,18,15,1,25.04177,121.58735,3
500111070,20231122,913,18,15,1,25.04177,121.58735,3
500111070,20231122,914,18,15,1,25.04177,121.58735,3
500111070,20231122,915,18,15,1,25.04177,121.58735,3
500111070,20231122,916,18,15,1,25.04177,121.58735,3
500111070,20231122,917,18,15,1,25.04177,121.58735,3
500111070,20231122,918,18,14,1,25.04177,121.58735,4
500111070,20231122,919,18,14,1,25.04177,121.58735,4
500111070,20231122,921,18,14,1,25.04177,121.58735,4
500111070,20231122,922,18,14,1,25.04177,121.58735,4
500111070,20231122,923,18,13,1,25.04177,121.58735,5
500111070,20231122,924,18,13,1,25.04177,121.58735,5
500111070,20231122,925,18,13,1,25.04177,121.58735,5
500111070,20231122,926,18,13,1,25.04177,121.58735,5
500111070,20231122,927,18,13,1,25.04177,121.58735,5
500111070,20231122,928,18,13,1,25.04177,121.58735,5
500111070,20231122,929,18,13,1,25.04177,121.58735,5
500111070,20231122,931,18,13,1,25.04177,121.58735,5
500111070,20231122,932,18,13,1,25.04177,121.58735,5
500111070,20231122,933,18,13,1,25.04177,121.58735,5
500111070,20231122,934,18,13,1,25.04177,121.58735,5
500111070,20231122,935,18,13,1,25.04177,121.58735,5
500111070,20231122,936,18,13,1,25.04177,121.58735,5
500111070,20231122,937,18,13,1,25.04177,121.58735,5
500111070,20231122,938,18,13,1,25.04177,121.58735,5
500111070,20231122,939,18,13,1,25.04177,121.58735,5
500111070,20231122,940,18,13,1,25.04177,121.58735,5
500111070,20231122,942,18,13,1,25.04177,121.58735,5
500111070,20231122,943,18,13,1,25.04177,121.58735,5
500111070,20231122,944,18,13,1,25.04177,121.58735,5
500111070,20231122,945,18,13,1,25.04177,121.58735,5
500111070,20231122,946,18,13,1,25.04177,121.58735,5
500111070,20231122,947,18,13,1,25.04177,121.58735,5
500111070,20231122,948,18,13,1,25.04177,121.58735,5
500111070,20231122,949,18,13,1,25.04177,121.58735,5
500111070,20231122,951,18,14,1,25.04177,121.58735,4
500111070,20231122,953,18,14,1,25.04177,121.58735,4
500111070,20231122,954,18,14,1,25.04177,121.58735,4
500111070,20231122,955,18,14,1,25.04177,121.58735,4
500111070,20231122,956,18,15,1,25.04177,121.58735,3
500111070,20231122,957,18,15,1,25.04177,121.58735,3
500111070,20231122,958,18,15,1,25.04177,121.58735,3
500111070,20231122,959,18,15,1,25.04177,121.58735,3
500111070,20231122,961,18,15,1,25.04177,121.58735,3
500111070,20231122,962,18,15,1,25.04177,121.58735,3
500111070,20231122,964,18,15,1,25.04177,121.58735,3
500111070,20231122,965,18,17,1,25.04177,121.58735,1
500111070,20231122,967,18,17,1,25.04177,121.58735,1
500111070,20231122,968,18,17,1,25.04177,121.58735,1
500111070,20231122,969,18,17,1,25.04177,121.58735,1
500111070,20231122,971,18,16,1,25.04177,121.58735,2
500111070,20231122,972,18,17,1,25.04177,121.58735,1
500111070,20231122,973,18,17,1,25.04177,121.58735,1
500111070,20231122,975,18,17,1,25.04177,121.58735,1
500111070,20231122,976,18,17,1,25.04177,121.58735,1
500111070,20231122,977,18,17,1,25.04177,121.58735,1
500111070,20231122,978,18,17,1,25.04177,121.58735,1
500111070,20231122,979,18,17,1,25.04177,121.58735,1
500111070,20231122,982,18,17,1,25.04177,121.58735,1
500111070,20231122,983,18,17,1,25.04177,121.58735,1
500111070,20231122,984,18,17,1,25.04177,121.58735,1
500111070,20231122,985,18,17,1,25.04177,121.58735,1
500111070,20231122,986,18,17,1,25.04177,121.58735,1
500111070,20231122,987,18,17,1,25.04177,121.58735,1
500111070,20231122,988,18,17,1,25.04177,121.58735,1
500111070,20231122,989,18,17,1,25.04177,121.58735,1
500111070,20231122,991,18,17,1,25.04177,121.58735,1
500111070,20231122,992,18,17,1,25.04177,121.58735,1
500111070,20231122,993,18,17,1,25.04177,121.58735,1
500111070,20231122,994,18,18,1,25.04177,121.58735,0
500111070,20231122,995,18,18,1,25.04177,121.58735,0
500111070,20231122,996,18,17,1,25.04177,121.58735,1
500111070,20231122,997,18,17,1,25.04177,121.58735,1
500111070,20231122,998,18,17,1,25.04177,121.58735,1
500111070,20231122,1000,18,18,1,25.04177,121.58735,0
500111070,20231122,1001,18,17,1,25.04177,121.58735,1
500111070,20231122,1002,18,17,1,25.04177,121.58735,1
500111070,20231122,1003,18,16,1,25.04177,121.58735,2
500111070,20231122,1004,18,16,1,25.04177,121.58735,2
500111070,20231122,1005,18,13,1,25.04177,121.58735,5
500111070,20231122,1006,18,13,1,25.04177,121.58735,5
500111070,20231122,1007,18,13,1,25.04177,121.58735,5
500111070,20231122,1008,18,13,1,25.04177,121.58735,5
500111070,20231122,1009,18,13,1,25.04177,121.58735,5
500111070,20231122,1010,18,13,1,25.04177,121.58735,5
500111070,20231122,1011,18,13,1,25.04177,121.58735,5
500111070,20231122,1012,18,13,1,25.04177,121.58735,5
500111070,20231122,1013,18,13,1,25.04177,121.58735,5
500111070,20231122,1014,18,13,1,25.04177,121.58735,5
500111070,20231122,1015,18,13,1,25.04177,121.58735,5
500111070,20231122,1016,18,14,1,25.04177,121.58735,4
500111070,20231122,1017,18,14,1,25.04177,121.58735,4
500111070,20231122,1018,18,14,1,25.04177,121.58735,4
500111070,20231122,1019,18,14,1,25.04177,121.58735,4
500111070,20231122,1021,18,14,1,25.04177,121.58735,4
500111070,20231122,1022,18,14,1,25.04177,121.58735,4
500111070,20231122,1023,18,13,1,25.04177,121.58735,5
500111070,20231122,1024,18,13,1,25.04177,121.58735,5
500111070,20231122,1025,18,12,1,25.04177,121.58735,6
500111070,20231122,1026,18,10,1,25.04177,121.58735,8
500111070,20231122,1027,18,10,1,25.04177,121.58735,8
500111070,20231122,1028,18,9,1,25.04177,121.58735,9
500111070,20231122,1029,18,10,1,25.04177,121.58735,8
500111070,20231122,1030,18,10,1,25.04177,121.58735,8
500111070,20231122,1031,18,10,1,25.04177,121.58735,8
500111070,20231122,1032,18,10,1,25.04177,121.58735,8
500111070,20231122,1033,18,10,1,25.04177,121.58735,8
500111070,20231122,1034,18,9,1,25.04177,121.58735,9
500111070,20231122,1035,18,9,1,25.04177,121.58735,9
500111070,20231122,1036,18,9,1,25.04177,121.58735,9
500111070,20231122,1037,18,9,1,25.04177,121.58735,9
500111070,20231122,1038,18,8,1,25.04177,121.58735,10
500111070,20231122,1039,18,8,1,25.04177,121.58735,10
500111070,20231122,1041,18,8,1,25.04177,121.58735,10
500111070,20231122,1042,18,9,1,25.04177,121.58735,9
500111070,20231122,1043,18,9,1,25.04177,121.58735,9
500111070,20231122,1044,18,9,1,25.04177,121.58735,9
500111070,20231122,1045,18,9,1,25.04177,121.58735,9
500111070,20231122,1046,18,9,1,25.04177,121.58735,9
500111070,20231122,1047,18,9,1,25.04177,121.58735,9
500111070,20231122,1048,18,9,1,25.04177,121.58735,9
500111070,20231122,1049,18,9,1,25.04177,121.58735,9
500111070,20231122,1051,18,9,1,25.04177,121.58735,9
500111070,20231122,1052,18,9,1,25.04177,121.58735,9
500111070,20231122,1053,18,9,1,25.04177,121.58735,9
500111070,20231122,1054,18,9,1,25.04177,121.58735,9
500111070,20231122,1055,18,9,1,25.04177,121.58735,9
500111070,20231122,1056,18,8,1,25.04177,121.58735,10
500111070,20231122,1057,18,8,1,25.04177,121.58735,10
500111070,20231122,1058,18,8,1,25.04177,121.58735,10
500111070,20231122,1059,18,8,1,25.04177,121.58735,10
500111070,20231122,1061,18,8,1,25.04177,121.58735,10
500111070,20231122,1062,18,8,1,25.04177,121.58735,10
500111070,20231122,1063,18,9,1,25.04177,121.58735,9
500111070,20231122,1064,18,9,1,25.04177,121.58735,9
500111070,20231122,1065,18,7,1,25.04177,121.58735,11
500111070,20231122,1066,18,6,1,25.04177,121.58735,12
500111070,20231122,1067,18,6,1,25.04177,121.58735,12
500111070,20231122,1068,18,6,1,25.04177,121.58735,12
500111070,20231122,1069,18,3,1,25.04177,121.58735,15
500111070,20231122,1070,18,2,1,25.04177,121.58735,16
500111070,20231122,1071,18,2,1,25.04177,121.58735,16
500111070,20231122,1072,18,3,1,25.04177,121.58735,15
500111070,20231122,1073,18,2,1,25.04177,121.58735,16
500111070,20231122,1074,18,1,1,25.04177,121.58735,17
500111070,20231122,1075,18,1,1,25.04177,121.58735,17
500111070,20231122,1076,18,0,1,25.04177,121.58735,18
500111070,20231122,1077,18,0,1,25.04177,121.58735,18
500111070,20231122,1078,18,0,1,25.04177,121.58735,18
500111070,20231122,1079,18,0,1,25.04177,121.58735,18
500111070,20231122,1081,18,0,1,25.04177,121.58735,18
500111070,20231122,1082,18,0,1,25.04177,121.58735,18
500111070,20231122,1083,18,0,1,25.04177,121.58735,18
500111070,20231122,1084,18,0,1,25.04177,121.58735,18
500111070,20231122,1085,18,0,1,25.04177,121.58735,18
500111070,20231122,1086,18,0,1,25.04177,121.58735,18
500111070,20231122,1087,18,0,1,25.04177,121.58735,18
500111070,20231122,1088,18,0,1,25.04177,121.58735,18
500111070,20231122,1089,18,0,1,25.04177,121.58735,18
500111070,20231122,1091,18,0,1,25.04177,121.58735,18
500111070,20231122,1092,18,0,1,25.04177,121.58735,18
500111070,20231122,1093,18,0,1,25.04177,121.58735,18
500111070,20231122,1094,18,0,1,25.04177,121.58735,18
500111070,20231122,1095,18,0,1,25.04177,121.58735,18
500111070,20231122,1096,18,1,1,25.04177,121.58735,17
500111070,20231122,1097,18,1,1,25.04177,121.58735,17
500111070,20231122,1098,18,0,1,25.04177,121.58735,18
500111070,20231122,1099,18,0,1,25.04177,121.58735,18
500111070,20231122,1101,18,0,1,25.04177,121.58735,18
500111070,20231122,1102,18,0,1,25.04177,121.58735,18
500111070,20231122,1103,18,0,1,25.04177,121.58735,18
500111070,20231122,1104,18,0,1,25.04177,121.58735,18
500111070,20231122,1105,18,0,1,25.04177,121.58735,18
500111070,20231122,1106,18,1,1,25.04177,121.58735,17
500111070,20231122,1107,18,2,1,25.04177,121.58735,16
500111070,20231122,1108,18,2,1,25.04177,121.58735,16
500111070,20231122,1109,18,1,1,25.04177,121.58735,17
500111070,20231122,1111,18,0,1,25.04177,121.58735,18
500111070,20231122,1112,18,0,1,25.04177,121.58735,18
500111070,20231122,1113,18,0,1,25.04177,121.58735,18
500111070,20231122,1114,18,1,1,25.04177,121.58735,17
500111070,20231122,1115,18,1,1,25.04177,121.58735,17
500111070,20231122,1116,18,0,1,25.04177,121.58735,18
500111070,20231122,1117,18,0,1,25.04177,121.58735,18
500111070,20231122,1118,18,0,1,25.04177,121.58735,18
500111070,20231122,1119,18,0,1,25.04177,121.58735,18
500111070,20231122,1120,18,0,1,25.04177,121.58735,18
500111070,20231122,1121,18,0,1,25.04177,121.58735,18
500111070,20231122,1122,18,0,1,25.04177,121.58735,18
500111070,20231122,1123,18,0,1,25.04177,121.58735,18
500111070,20231122,1124,18,0,1,25.04177,121.58735,18
500111070,20231122,1125,18,0,1,25.04177,121.58735,18
500111070,20231122,1126,18,0,1,25.04177,121.58735,18
500111070,20231122,1127,18,0,1,25.04177,121.58735,18
500111070,20231122,1128,18,0,1,25.04177,121.58735,18
500111070,20231122,1129,18,0,1,25.04177,121.58735,18
500111070,20231122,1130,18,0,1,25.04177,121.58735,18
500111070,20231122,1131,18,0,1,25.04177,121.58735,18
500111070,20231122,1132,18,0,1,25.04177,121.58735,18
500111070,20231122,1133,18,2,1,25.04177,121.58735,16
500111070,20231122,1134,18,1,1,25.04177,121.58735,17
500111070,20231122,1135,18,1,1,25.04177,121.58735,17
500111070,20231122,1136,18,1,1,25.04177,121.58735,17
500111070,20231122,1137,18,1,1,25.04177,121.58735,17
500111070,20231122,1138,18,1,1,25.04177,121.58735,17
500111070,20231122,1139,18,0,1,25.04177,121.58735,18
500111070,20231122,1141,18,0,1,25.04177,121.58735,18
500111070,20231122,1142,18,0,1,25.04177,121.58735,18
500111070,20231122,1143,18,0,1,25.04177,121.58735,18
500111070,20231122,1144,18,1,1,25.04177,121.58735,17
500111070,20231122,1145,18,0,1,25.04177,121.58735,18
500111070,20231122,1146,18,0,1,25.04177,121.58735,18
500111070,20231122,1147,18,0,1,25.04177,121.58735,18
500111070,20231122,1148,18,0,1,25.04177,121.58735,18
500111070,20231122,1149,18,0,1,25.04177,121.58735,18
500111070,20231122,1150,18,0,1,25.04177,121.58735,18
500111070,20231122,1151,18,0,1,25.04177,121.58735,18
500111070,20231122,1152,18,0,1,25.04177,121.58735,18
500111070,20231122,1153,18,0,1,25.04177,121.58735,18
500111070,20231122,1154,18,0,1,25.04177,121.58735,18
500111070,20231122,1155,18,0,1,25.04177,121.58735,18
500111070,20231122,1156,18,0,1,25.04177,121.58735,18
500111070,20231122,1157,18,0,1,25.04177,121.58735,18
500111070,20231122,1158,18,0,1,25.04177,121.58735,18
500111070,20231122,1159,18,0,1,25.04177,121.58735,18
500111070,20231122,1161,18,0,1,25.04177,121.58735,18
500111070,20231122,1162,18,0,1,25.04177,121.58735,18
500111070,20231122,1163,18,0,1,25.04177,121.58735,18
500111070,20231122,1164,18,0,1,25.04177,121.58735,18
500111070,20231122,1165,18,0,1,25.04177,121.58735,18
500111070,20231122,1166,18,0,1,25.04177,121.58735,18
500111070,20231122,1167,18,0,1,25.04177,121.58735,18
500111070,20231122,1168,18,0,1,25.04177,121.58735,18
500111070,20231122,1169,18,0,1,25.04177,121.58735,18
500111070,20231122,1171,18,0,1,25.04177,121.58735,18
500111070,20231122,1172,18,0,1,25.04177,121.58735,18
500111070,20231122,1173,18,0,1,25.04177,121.58735,18
500111070,20231122,1175,18,0,1,25.04177,121.58735,18
500111070,20231122,1176,18,1,1,25.04177,121.58735,17
500111070,20231122,1177,18,0,1,25.04177,121.58735,18
500111070,20231122,1178,18,4,1,25.04177,121.58735,14
500111070,20231122,1179,18,6,1,25.04177,121.58735,12
500111070,20231122,1181,18,10,1,25.04177,121.58735,8
500111070,20231122,1182,18,13,1,25.04177,121.58735,5
500111070,20231122,1183,18,14,1,25.04177,121.58735,4
500111070,20231122,1184,18,15,1,25.04177,121.58735,3
500111070,20231122,1185,18,18,1,25.04177,121.58735,0
500111070,20231122,1186,18,18,1,25.04177,121.58735,0
500111070,20231122,1187,18,18,1,25.04177,121.58735,0
500111070,20231122,1188,18,18,1,25.04177,121.58735,0
500111070,20231122,1189,18,18,1,25.04177,121.58735,0
500111070,20231122,1191,18,18,1,25.04177,121.58735,0
500111070,20231122,1192,18,18,1,25.04177,121.58735,0
500111070,20231122,1193,18,18,1,25.04177,121.58735,0
500111070,20231122,1194,18,18,1,25.04177,121.58735,0
500111070,20231122,1195,18,18,1,25.04177,121.58735,0
500111070,20231122,1196,18,18,1,25.04177,121.58735,0
500111070,20231122,1197,18,18,1,25.04177,121.58735,0
500111070,20231122,1198,18,17,1,25.04177,121.58735,1
500111070,20231122,1199,18,17,1,25.04177,121.58735,1
500111070,20231122,1201,18,17,1,25.04177,121.58735,1
500111070,20231122,1202,18,17,1,25.04177,121.58735,1
500111070,20231122,1203,18,17,1,25.04177,121.58735,1
500111070,20231122,1204,18,16,1,25.04177,121.58735,2
500111070,20231122,1205,18,17,1,25.04177,121.58735,1
500111070,20231122,1206,18,17,1,25.04177,121.58735,1
500111070,20231122,1207,18,17,1,25.04177,121.58735,1
500111070,20231122,1208,18,17,1,25.04177,121.58735,1
500111070,20231122,1209,18,18,1,25.04177,121.58735,0
500111070,20231122,1211,18,18,1,25.04177,121.58735,0
500111070,20231122,1212,18,17,1,25.04177,121.58735,1
500111070,20231122,1213,18,17,1,25.04177,121.58735,1
500111070,20231122,1214,18,17,1,25.04177,121.58735,1
500111070,20231122,1215,18,17,1,25.04177,121.58735,1
500111070,20231122,1216,18,17,1,25.04177,121.58735,1
500111070,20231122,1217,18,17,1,25.04177,121.58735,1
500111070,20231122,1218,18,17,1,25.04177,121.58735,1
500111070,20231122,1219,18,17,1,25.04177,121.58735,1
500111070,20231122,1221,18,17,1,25.04177,121.58735,1
500111070,20231122,1222,18,17,1,25.04177,121.58735,1
500111070,20231122,1223,18,16,1,25.04177,121.58735,2
500111070,20231122,1224,18,16,1,25.04177,121.58735,2
500111070,20231122,1225,18,16,1,25.04177,121.58735,2
500111070,20231122,1226,18,16,1,25.04177,121.58735,2
500111070,20231122,1227,18,16,1,25.04177,121.58735,2
500111070,20231122,1228,18,16,1,25.04177,121.58735,2
500111070,20231122,1229,18,16,1,25.04177,121.58735,2
500111070,20231122,1231,18,16,1,25.04177,121.58735,2
500111070,20231122,1232,18,16,1,25.04177,121.58735,2
500111070,20231122,1233,18,16,1,25.04177,121.58735,2
500111070,20231122,1234,18,16,1,25.04177,121.58735,2
500111070,20231122,1235,18,16,1,25.04177,121.58735,2
500111070,20231122,1236,18,16,1,25.04177,121.58735,2
500111070,20231122,1237,18,16,1,25.04177,121.58735,2
500111070,20231122,1238,18,16,1,25.04177,121.58735,2
500111070,20231122,1239,18,16,1,25.04177,121.58735,2
500111070,20231122,1241,18,16,1,25.04177,121.58735,2
500111070,20231122,1242,18,16,1,25.04177,121.58735,2
500111070,20231122,1244,18,16,1,25.04177,121.58735,2
500111070,20231122,1245,18,16,1,25.04177,121.58735,2
500111070,20231122,1246,18,16,1,25.04177,121.58735,2
500111070,20231122,1247,18,16,1,25.04177,121.58735,2
500111070,20231122,1248,18,16,1,25.04177,121.58735,2
500111070,20231122,1249,18,15,1,25.04177,121.58735,3
500111070,20231122,1251,18,15,1,25.04177,121.58735,3
500111070,20231122,1252,18,15,1,25.04177,121.58735,3
500111070,20231122,1253,18,15,1,25.04177,121.58735,3
500111070,20231122,1254,18,13,1,25.04177,121.58735,5
500111070,20231122,1255,18,13,1,25.04177,121.58735,5
500111070,20231122,1256,18,14,1,25.04177,121.58735,4
500111070,20231122,1257,18,14,1,25.04177,121.58735,4
500111070,20231122,1258,18,14,1,25.04177,121.58735,4
500111070,20231122,1259,18,14,1,25.04177,121.58735,4
500111070,20231122,1261,18,14,1,25.04177,121.58735,4
500111070,20231122,1262,18,14,1,25.04177,121.58735,4
500111070,20231122,1263,18,14,1,25.04177,121.58735,4
500111070,20231122,1264,18,14,1,25.04177,121.58735,4
500111070,20231122,1265,18,14,1,25.04177,121.58735,4
500111070,20231122,1266,18,14,1,25.04177,121.58735,4
500111070,20231122,1267,18,14,1,25.04177,121.58735,4
500111070,20231122,1268,18,14,1,25.04177,121.58735,4
500111070,20231122,1269,18,14,1,25.04177,121.58735,4
500111070,20231122,1271,18,15,1,25.04177,121.58735,3
500111070,20231122,1272,18,15,1,25.04177,121.58735,3
500111070,20231122,1273,18,15,1,25.04177,121.58735,3
500111070,20231122,1274,18,15,1,25.04177,121.58735,3
500111070,20231122,1275,18,15,1,25.04177,121.58735,3
500111070,20231122,1276,18,14,1,25.04177,121.58735,4
500111070,20231122,1277,18,14,1,25.04177,121.58735,4
500111070,20231122,1278,18,14,1,25.04177,121.58735,4
500111070,20231122,1279,18,14,1,25.04177,121.58735,4
500111070,20231122,1281,18,13,1,25.04177,121.58735,5
500111070,20231122,1282,18,13,1,25.04177,121.58735,5
500111070,20231122,1283,18,12,1,25.04177,121.58735,6
500111070,20231122,1284,18,12,1,25.04177,121.58735,6
500111070,20231122,1285,18,12,1,25.04177,121.58735,6
500111070,20231122,1286,18,12,1,25.04177,121.58735,6
500111070,20231122,1287,18,12,1,25.04177,121.58735,6
500111070,20231122,1288,18,12,1,25.04177,121.58735,6
500111070,20231122,1289,18,12,1,25.04177,121.58735,6
500111070,20231122,1291,18,12,1,25.04177,121.58735,6
500111070,20231122,1292,18,11,1,25.04177,121.58735,7
500111070,20231122,1293,18,10,1,25.04177,121.58735,8
500111070,20231122,1294,18,10,1,25.04177,121.58735,8
500111070,20231122,1295,18,10,1,25.04177,121.58735,8
500111070,20231122,1296,18,10,1,25.04177,121.58735,8
500111070,20231122,1297,18,10,1,25.04177,121.58735,8
500111070,20231122,1298,18,10,1,25.04177,121.58735,8
500111070,20231122,1299,18,11,1,25.04177,121.58735,7
500111070,20231122,1300,18,11,1,25.04177,121.58735,7
500111070,20231122,1301,18,11,1,25.04177,121.58735,7
500111070,20231122,1302,18,11,1,25.04177,121.58735,7
500111070,20231122,1303,18,11,1,25.04177,121.58735,7
500111070,20231122,1304,18,11,1,25.04177,121.58735,7
500111070,20231122,1305,18,10,1,25.04177,121.58735,8
500111070,20231122,1306,18,10,1,25.04177,121.58735,8
500111070,20231122,1307,18,9,1,25.04177,121.58735,9
500111070,20231122,1308,18,9,1,25.04177,121.58735,9
500111070,20231122,1309,18,9,1,25.04177,121.58735,9
500111070,20231122,1310,18,9,1,25.04177,121.58735,9
500111070,20231122,1311,18,9,1,25.04177,121.58735,9
500111070,20231122,1312,18,9,1,25.04177,121.58735,9
500111070,20231122,1313,18,9,1,25.04177,121.58735,9
500111070,20231122,1314,18,9,1,25.04177,121.58735,9
500111070,20231122,1315,18,9,1,25.04177,121.58735,9
500111070,20231122,1316,18,10,1,25.04177,121.58735,8
500111070,20231122,1317,18,10,1,25.04177,121.58735,8
500111070,20231122,1318,18,10,1,25.04177,121.58735,8
500111070,20231122,1319,18,10,1,25.04177,121.58735,8
500111070,20231122,1321,18,9,1,25.04177,121.58735,9
500111070,20231122,1322,18,9,1,25.04177,121.58735,9
500111070,20231122,1323,18,9,1,25.04177,121.58735,9
500111070,20231122,1324,18,9,1,25.04177,121.58735,9
500111070,20231122,1325,18,10,1,25.04177,121.58735,8
500111070,20231122,1326,18,9,1,25.04177,121.58735,9
500111070,20231122,1327,18,9,1,25.04177,121.58735,9
500111070,20231122,1328,18,9,1,25.04177,121.58735,9
500111070,20231122,1329,18,9,1,25.04177,121.58735,9
500111070,20231122,1330,18,9,1,25.04177,121.58735,9
500111070,20231122,1331,18,9,1,25.04177,121.58735,9
500111070,20231122,1332,18,9,1,25.04177,121.58735,9
500111070,20231122,1333,18,11,1,25.04177,121.58735,7
500111070,20231122,1334,18,12,1,25.04177,121.58735,6
500111070,20231122,1335,18,16,1,25.04177,121.58735,2
500111070,20231122,1336,18,16,1,25.04177,121.58735,2
500111070,20231122,1337,18,16,1,25.04177,121.58735,2
500111070,20231122,1338,18,14,1,25.04177,121.58735,4
500111070,20231122,1339,18,14,1,25.04177,121.58735,4
500111070,20231122,1341,18,14,1,25.04177,121.58735,4
500111070,20231122,1342,18,14,1,25.04177,121.58735,4
500111070,20231122,1343,18,13,1,25.04177,121.58735,5
500111070,20231122,1344,18,13,1,25.04177,121.58735,5
500111070,20231122,1345,18,13,1,25.04177,121.58735,5
500111070,20231122,1346,18,13,1,25.04177,121.58735,5
500111070,20231122,1347,18,11,1,25.04177,121.58735,7
500111070,20231122,1348,18,11,1,25.04177,121.58735,7
500111070,20231122,1349,18,11,1,25.04177,121.58735,7
500111070,20231122,1351,18,11,1,25.04177,121.58735,7
500111070,20231122,1352,18,11,1,25.04177,121.58735,7
500111070,20231122,1353,18,11,1,25.04177,121.58735,7
500111070,20231122,1354,18,11,1,25.04177,121.58735,7
500111070,20231122,1355,18,10,1,25.04177,121.58735,8
500111070,20231122,1356,18,10,1,25.04177,121.58735,8
500111070,20231122,1357,18,10,1,25.04177,121.58735,8
500111070,20231122,1358,18,10,1,25.04177,121.58735,8
500111070,20231122,1359,18,10,1,25.04177,121.58735,8
500111070,20231122,1360,18,10,1,25.04177,121.58735,8
500111070,20231122,1361,18,10,1,25.04177,121.58735,8
500111070,20231122,1362,18,10,1,25.04177,121.58735,8
500111070,20231122,1363,18,11,1,25.04177,121.58735,7
500111070,20231122,1364,18,11,1,25.04177,121.58735,7
500111070,20231122,1365,18,11,1,25.04177,121.58735,7
500111070,20231122,1366,18,10,1,25.04177,121.58735,8
500111070,20231122,1367,18,10,1,25.04177,121.58735,8
500111070,20231122,1368,18,10,1,25.04177,121.58735,8
500111070,20231122,1369,18,10,1,25.04177,121.58735,8
500111070,20231122,1370,18,9,1,25.04177,121.58735,9
500111070,20231122,1371,18,9,1,25.04177,121.58735,9
500111070,20231122,1372,18,9,1,25.04177,121.58735,9
500111070,20231122,1373,18,9,1,25.04177,121.58735,9
500111070,20231122,1374,18,9,1,25.04177,121.58735,9
500111070,20231122,1375,18,9,1,25.04177,121.58735,9
500111070,20231122,1376,18,8,1,25.04177,121.58735,10
500111070,20231122,1377,18,8,1,25.04177,121.58735,10
500111070,20231122,1378,18,8,1,25.04177,121.58735,10
500111070,20231122,1379,18,8,1,25.04177,121.58735,10
500111070,20231122,1381,18,8,1,25.04177,121.58735,10
500111070,20231122,1382,18,8,1,25.04177,121.58735,10
500111070,20231122,1383,18,8,1,25.04177,121.58735,10
500111070,20231122,1384,18,7,1,25.04177,121.58735,11
500111070,20231122,1385,18,7,1,25.04177,121.58735,11
500111070,20231122,1386,18,7,1,25.04177,121.58735,11
500111070,20231122,1387,18,7,1,25.04177,121.58735,11
500111070,20231122,1388,18,7,1,25.04177,121.58735,11
500111070,20231122,1389,18,7,1,25.04177,121.58735,11
500111070,20231122,1390,18,7,1,25.04177,121.58735,11
500111070,20231122,1391,18,6,1,25.04177,121.58735,12
500111070,20231122,1392,18,6,1,25.04177,121.58735,12
500111070,20231122,1393,18,6,1,25.04177,121.58735,12
500111070,20231122,1394,18,6,1,25.04177,121.58735,12
500111070,20231122,1395,18,6,1,25.04177,121.58735,12
500111070,20231122,1396,18,6,1,25.04177,121.58735,12
500111070,20231122,1397,18,6,1,25.04177,121.58735,12
500111070,20231122,1398,18,6,1,25.04177,121.58735,12
500111070,20231122,1399,18,5,1,25.04177,121.58735,13
500111070,20231122,1401,18,5,1,25.04177,121.58735,13
500111070,20231122,1402,18,5,1,25.04177,121.58735,13
500111070,20231122,1403,18,5,1,25.04177,121.58735,13
500111070,20231122,1404,18,5,1,25.04177,121.58735,13
500111070,20231122,1405,18,5,1,25.04177,121.58735,13
500111070,20231122,1406,18,5,1,25.04177,121.58735,13
500111070,20231122,1407,18,5,1,25.04177,121.58735,13
500111070,20231122,1408,18,5,1,25.04177,121.58735,13
500111070,20231122,1409,18,5,1,25.04177,121.58735,13
500111070,20231122,1410,18,6,1,25.04177,121.58735,12
500111070,20231122,1411,18,6,1,25.04177,121.58735,12
500111070,20231122,1412,18,6,1,25.04177,121.58735,12
500111070,20231122,1413,18,6,1,25.04177,121.58735,12
500111070,20231122,1414,18,6,1,25.04177,121.58735,12
500111070,20231122,1415,18,6,1,25.04177,121.58735,12
500111070,20231122,1416,18,6,1,25.04177,121.58735,12
500111070,20231122,1417,18,6,1,25.04177,121.58735,12
500111070,20231122,1418,18,6,1,25.04177,121.58735,12
500111070,20231122,1419,18,6,1,25.04177,121.58735,12
500111070,20231122,1420,18,6,1,25.04177,121.58735,12
500111070,20231122,1421,18,6,1,25.04177,121.58735,12
500111070,20231122,1422,18,6,1,25.04177,121.58735,12
500111070,20231122,1423,18,6,1,25.04177,121.58735,12
500111070,20231122,1424,18,6,1,25.04177,121.58735,12
500111070,20231122,1425,18,6,1,25.04177,121.58735,12
500111070,20231122,1426,18,6,1,25.04177,121.58735,12
500111070,20231122,1427,18,5,1,25.04177,121.58735,13
500111070,20231122,1428,18,5,1,25.04177,121.58735,13
500111070,20231122,1429,18,5,1,25.04177,121.58735,13
500111070,20231122,1430,18,5,1,25.04177,121.58735,13
500111070,20231122,1431,18,5,1,25.04177,121.58735,13
500111070,20231122,1432,18,5,1,25.04177,121.58735,13
500111070,20231122,1433,18,5,1,25.04177,121.58735,13
500111070,20231122,1434,18,5,1,25.04177,121.58735,13
500111070,20231122,1435,18,5,1,25.04177,121.58735,13
500111070,20231122,1436,18,5,1,25.04177,121.58735,13
500111070,20231122,1437,18,4,1,25.04177,121.58735,14
500111070,20231122,1438,18,4,1,25.04177,121.58735,14
500111070,20231122,1439,18,4,1,25.04177,121.58735,14
500111070,20231123,1,18,4,1,25.04177,121.58735,14
500111070,20231123,2,18,4,1,25.04177,121.58735,14
500111070,20231123,4,18,4,1,25.04177,121.58735,14
500111070,20231123,5,18,4,1,25.04177,121.58735,14
500111070,20231123,6,18,4,1,25.04177,121.58735,14
500111070,20231123,7,18,4,1,25.04177,121.58735,14
500111070,20231123,8,18,4,1,25.04177,121.58735,14
500111070,20231123,9,18,4,1,25.04177,121.58735,14
500111070,20231123,11,18,4,1,25.04177,121.58735,14
500111070,20231123,12,18,4,1,25.04177,121.58735,14
500111070,20231123,13,18,4,1,25.04177,121.58735,14
500111070,20231123,14,18,6,1,25.04177,121.58735,12
500111070,20231123,15,18,6,1,25.04177,121.58735,12
500111070,20231123,16,18,8,1,25.04177,121.58735,10
500111070,20231123,17,18,8,1,25.04177,121.58735,10
500111070,20231123,18,18,7,1,25.04177,121.58735,11
500111070,20231123,19,18,6,1,25.04177,121.58735,12
500111070,20231123,21,18,6,1,25.04177,121.58735,12
500111070,20231123,22,18,6,1,25.04177,121.58735,12
500111070,20231123,23,18,6,1,25.04177,121.58735,12
500111070,20231123,24,18,6,1,25.04177,121.58735,12
500111070,20231123,25,18,6,1,25.04177,121.58735,12
500111070,20231123,26,18,6,1,25.04177,121.58735,12
500111070,20231123,27,18,6,1,25.04177,121.58735,12
500111070,20231123,28,18,6,1,25.04177,121.58735,12
500111070,20231123,29,18,6,1,25.04177,121.58735,12
500111070,20231123,31,18,6,1,25.04177,121.58735,12
500111070,20231123,32,18,6,1,25.04177,121.58735,12
500111070,20231123,33,18,6,1,25.04177,121.58735,12
500111070,20231123,34,18,6,1,25.04177,121.58735,12
500111070,20231123,35,18,6,1,25.04177,121.58735,12
500111070,20231123,36,18,6,1,25.04177,121.58735,12
500111070,20231123,37,18,6,1,25.04177,121.58735,12
500111070,20231123,38,18,6,1,25.04177,121.58735,12
500111070,20231123,39,18,5,1,25.04177,121.58735,13
500111070,20231123,41,18,5,1,25.04177,121.58735,13
500111070,20231123,42,18,5,1,25.04177,121.58735,13
500111070,20231123,43,18,5,1,25.04177,121.58735,13
500111070,20231123,44,18,5,1,25.04177,121.58735,13
500111070,20231123,46,18,5,1,25.04177,121.58735,13
500111070,20231123,47,18,5,1,25.04177,121.58735,13
500111070,20231123,48,18,5,1,25.04177,121.58735,13
500111070,20231123,49,18,5,1,25.04177,121.58735,13
500111070,20231123,51,18,5,1,25.04177,121.58735,13
500111070,20231123,53,18,5,1,25.04177,121.58735,13
500111070,20231123,54,18,5,1,25.04177,121.58735,13
500111070,20231123,56,18,5,1,25.04177,121.58735,13
500111070,20231123,57,18,5,1,25.04177,121.58735,13
500111070,20231123,58,18,5,1,25.04177,121.58735,13
500111070,20231123,59,18,5,1,25.04177,121.58735,13
500111070,20231123,61,18,5,1,25.04177,121.58735,13
500111070,20231123,62,18,5,1,25.04177,121.58735,13
500111070,20231123,63,18,5,1,25.04177,121.58735,13
500111070,20231123,64,18,5,1,25.04177,121.58735,13
500111070,20231123,65,18,5,1,25.04177,121.58735,13
500111070,20231123,66,18,5,1,25.04177,121.58735,13
500111070,20231123,67,18,4,1,25.04177,121.58735,14
500111070,20231123,68,18,4,1,25.04177,121.58735,14
500111070,20231123,69,18,4,1,25.04177,121.58735,14
500111070,20231123,71,18,4,1,25.04177,121.58735,14
500111070,20231123,72,18,4,1,25.04177,121.58735,14
500111070,20231123,73,18,4,1,25.04177,121.58735,14
500111070,20231123,74,18,4,1,25.04177,121.58735,14
500111070,20231123,76,18,4,1,25.04177,121.58735,14
500111070,20231123,77,18,4,1,25.04177,121.58735,14
500111070,20231123,78,18,4,1,25.04177,121.58735,14
500111070,20231123,79,18,4,1,25.04177,121.58735,14
500111070,20231123,81,18,4,1,25.04177,121.58735,14
500111070,20231123,82,18,4,1,25.04177,121.58735,14
500111070,20231123,83,18,4,1,25.04177,121.58735,14
500111070,20231123,84,18,4,1,25.04177,121.58735,14
500111070,20231123,85,18,4,1,25.04177,121.58735,14
500111070,20231123,86,18,4,1,25.04177,121.58735,14
500111070,20231123,87,18,4,1,25.04177,121.58735,14
500111070,20231123,88,18,4,1,25.04177,121.58735,14
500111070,20231123,89,18,4,1,25.04177,121.58735,14
500111070,20231123,91,18,4,1,25.04177,121.58735,14
500111070,20231123,92,18,4,1,25.04177,121.58735,14
500111070,20231123,93,18,4,1,25.04177,121.58735,14
500111070,20231123,94,18,4,1,25.04177,121.58735,14
500111070,20231123,95,18,4,1,25.04177,121.58735,14
500111070,20231123,96,18,4,1,25.04177,121.58735,14
500111070,20231123,97,18,4,1,25.04177,121.58735,14
500111070,20231123,98,18,4,1,25.04177,121.58735,14
500111070,20231123,99,18,4,1,25.04177,121.58735,14
500111070,20231123,101,18,4,1,25.04177,121.58735,14
500111070,20231123,102,18,4,1,25.04177,121.58735,14
500111070,20231123,103,18,4,1,25.04177,121.58735,14
500111070,20231123,104,18,4,1,25.04177,121.58735,14
500111070,20231123,105,18,4,1,25.04177,121.58735,14
500111070,20231123,106,18,4,1,25.04177,121.58735,14
500111070,20231123,107,18,4,1,25.04177,121.58735,14
500111070,20231123,108,18,4,1,25.04177,121.58735,14
500111070,20231123,109,18,4,1,25.04177,121.58735,14
500111070,20231123,110,18,4,1,25.04177,121.58735,14
500111070,20231123,111,18,4,1,25.04177,121.58735,14
500111070,20231123,112,18,4,1,25.04177,121.58735,14
500111070,20231123,113,18,4,1,25.04177,121.58735,14
500111070,20231123,114,18,4,1,25.04177,121.58735,14
500111070,20231123,115,18,4,1,25.04177,121.58735,14
500111070,20231123,116,18,4,1,25.04177,121.58735,14
500111070,20231123,117,18,4,1,25.04177,121.58735,14
500111070,20231123,118,18,4,1,25.04177,121.58735,14
500111070,20231123,119,18,4,1,25.04177,121.58735,14
500111070,20231123,121,18,4,1,25.04177,121.58735,14
500111070,20231123,122,18,4,1,25.04177,121.58735,14
500111070,20231123,123,18,4,1,25.04177,121.58735,14
500111070,20231123,124,18,4,1,25.04177,121.58735,14
500111070,20231123,125,18,4,1,25.04177,121.58735,14
500111070,20231123,126,18,4,1,25.04177,121.58735,14
500111070,20231123,127,18,4,1,25.04177,121.58735,14
500111070,20231123,128,18,4,1,25.04177,121.58735,14
500111070,20231123,129,18,4,1,25.04177,121.58735,14
500111070,20231123,130,18,4,1,25.04177,121.58735,14
500111070,20231123,131,18,4,1,25.04177,121.58735,14
500111070,20231123,132,18,4,1,25.04177,121.58735,14
500111070,20231123,133,18,4,1,25.04177,121.58735,14
500111070,20231123,134,18,4,1,25.04177,121.58735,14
500111070,20231123,135,18,4,1,25.04177,121.58735,14
500111070,20231123,136,18,4,1,25.04177,121.58735,14
500111070,20231123,137,18,4,1,25.04177,121.58735,14
500111070,20231123,138,18,4,1,25.04177,121.58735,14
500111070,20231123,139,18,4,1,25.04177,121.58735,14
500111070,20231123,141,18,4,1,25.04177,121.58735,14
500111070,20231123,142,18,4,1,25.04177,121.58735,14
500111070,20231123,143,18,4,1,25.04177,121.58735,14
500111070,20231123,144,18,4,1,25.04177,121.58735,14
500111070,20231123,145,18,4,1,25.04177,121.58735,14
500111070,20231123,146,18,4,1,25.04177,121.58735,14
500111070,20231123,147,18,4,1,25.04177,121.58735,14
500111070,20231123,148,18,4,1,25.04177,121.58735,14
500111070,20231123,149,18,4,1,25.04177,121.58735,14
500111070,20231123,150,18,4,1,25.04177,121.58735,14
500111070,20231123,151,18,4,1,25.04177,121.58735,14
500111070,20231123,152,18,4,1,25.04177,121.58735,14
500111070,20231123,153,18,4,1,25.04177,121.58735,14
500111070,20231123,154,18,4,1,25.04177,121.58735,14
500111070,20231123,155,18,4,1,25.04177,121.58735,14
500111070,20231123,156,18,4,1,25.04177,121.58735,14
500111070,20231123,157,18,4,1,25.04177,121.58735,14
500111070,20231123,158,18,4,1,25.04177,121.58735,14
500111070,20231123,159,18,4,1,25.04177,121.58735,14
500111070,20231123,160,18,3,1,25.04177,121.58735,15
500111070,20231123,161,18,3,1,25.04177,121.58735,15
500111070,20231123,162,18,3,1,25.04177,121.58735,15
500111070,20231123,163,18,3,1,25.04177,121.58735,15
500111070,20231123,164,18,2,1,25.04177,121.58735,16
500111070,20231123,165,18,2,1,25.04177,121.58735,16
500111070,20231123,166,18,2,1,25.04177,121.58735,16
500111070,20231123,167,18,2,1,25.04177,121.58735,16
500111070,20231123,168,18,2,1,25.04177,121.58735,16
500111070,20231123,169,18,2,1,25.04177,121.58735,16
500111070,20231123,170,18,2,1,25.04177,121.58735,16
500111070,20231123,171,18,2,1,25.04177,121.58735,16
500111070,20231123,172,18,2,1,25.04177,121.58735,16
500111070,20231123,173,18,2,1,25.04177,121.58735,16
500111070,20231123,174,18,2,1,25.04177,121.58735,16
500111070,20231123,175,18,2,1,25.04177,121.58735,16
500111070,20231123,176,18,2,1,25.04177,121.58735,16
500111070,20231123,177,18,2,1,25.04177,121.58735,16
500111070,20231123,178,18,2,1,25.04177,121.58735,16
500111070,20231123,179,18,2,1,25.04177,121.58735,16
500111070,20231123,180,18,2,1,25.04177,121.58735,16
500111070,20231123,181,18,2,1,25.04177,121.58735,16
500111070,20231123,182,18,2,1,25.04177,121.58735,16
500111070,20231123,183,18,2,1,25.04177,121.58735,16
500111070,20231123,184,18,2,1,25.04177,121.58735,16
500111070,20231123,185,18,2,1,25.04177,121.58735,16
500111070,20231123,186,18,2,1,25.04177,121.58735,16
500111070,20231123,187,18,2,1,25.04177,121.58735,16
500111070,20231123,188,18,2,1,25.04177,121.58735,16
500111070,20231123,189,18,2,1,25.04177,121.58735,16
500111070,20231123,190,18,2,1,25.04177,121.58735,16
500111070,20231123,191,18,2,1,25.04177,121.58735,16
500111070,20231123,192,18,2,1,25.04177,121.58735,16
500111070,20231123,193,18,2,1,25.04177,121.58735,16
500111070,20231123,194,18,2,1,25.04177,121.58735,16
500111070,20231123,195,18,2,1,25.04177,121.58735,16
500111070,20231123,196,18,2,1,25.04177,121.58735,16
500111070,20231123,197,18,2,1,25.04177,121.58735,16
500111070,20231123,198,18,2,1,25.04177,121.58735,16
500111070,20231123,199,18,2,1,25.04177,121.58735,16
500111070,20231123,201,18,2,1,25.04177,121.58735,16
500111070,20231123,202,18,2,1,25.04177,121.58735,16
500111070,20231123,203,18,2,1,25.04177,121.58735,16
500111070,20231123,204,18,2,1,25.04177,121.58735,16
500111070,20231123,205,18,2,1,25.04177,121.58735,16
500111070,20231123,206,18,2,1,25.04177,121.58735,16
500111070,20231123,207,18,2,1,25.04177,121.58735,16
500111070,20231123,208,18,2,1,25.04177,121.58735,16
500111070,20231123,209,18,2,1,25.04177,121.58735,16
500111070,20231123,210,18,2,1,25.04177,121.58735,16
500111070,20231123,211,18,2,1,25.04177,121.58735,16
500111070,20231123,212,18,2,1,25.04177,121.58735,16
500111070,20231123,213,18,2,1,25.04177,121.58735,16
500111070,20231123,214,18,2,1,25.04177,121.58735,16
500111070,20231123,215,18,2,1,25.04177,121.58735,16
500111070,20231123,216,18,2,1,25.04177,121.58735,16
500111070,20231123,217,18,2,1,25.04177,121.58735,16
500111070,20231123,218,18,2,1,25.04177,121.58735,16
500111070,20231123,219,18,2,1,25.04177,121.58735,16
500111070,20231123,220,18,2,1,25.04177,121.58735,16
500111070,20231123,221,18,2,1,25.04177,121.58735,16
500111070,20231123,222,18,2,1,25.04177,121.58735,16
500111070,20231123,223,18,2,1,25.04177,121.58735,16
500111070,20231123,224,18,2,1,25.04177,121.58735,16
500111070,20231123,225,18,2,1,25.04177,121.58735,16
500111070,20231123,226,18,2,1,25.04177,121.58735,16
500111070,20231123,227,18,2,1,25.04177,121.58735,16
500111070,20231123,228,18,2,1,25.04177,121.58735,16
500111070,20231123,229,18,2,1,25.04177,121.58735,16
500111070,20231123,230,18,2,1,25.04177,121.58735,16
500111070,20231123,231,18,2,1,25.04177,121.58735,16
500111070,20231123,232,18,2,1,25.04177,121.58735,16
500111070,20231123,233,18,2,1,25.04177,121.58735,16
500111070,20231123,234,18,2,1,25.04177,121.58735,16
500111070,20231123,235,18,2,1,25.04177,121.58735,16
500111070,20231123,236,18,2,1,25.04177,121.58735,16
500111070,20231123,237,18,2,1,25.04177,121.58735,16
500111070,20231123,238,18,2,1,25.04177,121.58735,16
500111070,20231123,239,18,2,1,25.04177,121.58735,16
500111070,20231123,240,18,2,1,25.04177,121.58735,16
500111070,20231123,242,18,2,1,25.04177,121.58735,16
500111070,20231123,243,18,2,1,25.04177,121.58735,16
500111070,20231123,244,18,2,1,25.04177,121.58735,16
500111070,20231123,245,18,2,1,25.04177,121.58735,16
500111070,20231123,246,18,2,1,25.04177,121.58735,16
500111070,20231123,247,18,2,1,25.04177,121.58735,16
500111070,20231123,248,18,2,1,25.04177,121.58735,16
500111070,20231123,249,18,2,1,25.04177,121.58735,16
500111070,20231123,250,18,2,1,25.04177,121.58735,16
500111070,20231123,251,18,2,1,25.04177,121.58735,16
500111070,20231123,252,18,2,1,25.04177,121.58735,16
500111070,20231123,253,18,2,1,25.04177,121.58735,16
500111070,20231123,254,18,2,1,25.04177,121.58735,16
500111070,20231123,255,18,2,1,25.04177,121.58735,16
500111070,20231123,256,18,2,1,25.04177,121.58735,16
500111070,20231123,257,18,2,1,25.04177,121.58735,16
500111070,20231123,258,18,2,1,25.04177,121.58735,16
500111070,20231123,259,18,2,1,25.04177,121.58735,16
500111070,20231123,261,18,2,1,25.04177,121.58735,16
500111070,20231123,262,18,2,1,25.04177,121.58735,16
500111070,20231123,263,18,2,1,25.04177,121.58735,16
500111070,20231123,264,18,2,1,25.04177,121.58735,16
500111070,20231123,265,18,2,1,25.04177,121.58735,16
500111070,20231123,266,18,2,1,25.04177,121.58735,16
500111070,20231123,267,18,2,1,25.04177,121.58735,16
500111070,20231123,268,18,2,1,25.04177,121.58735,16
500111070,20231123,269,18,2,1,25.04177,121.58735,16
500111070,20231123,270,18,2,1,25.04177,121.58735,16
500111070,20231123,271,18,2,1,25.04177,121.58735,16
500111070,20231123,272,18,2,1,25.04177,121.58735,16
500111070,20231123,273,18,2,1,25.04177,121.58735,16
500111070,20231123,274,18,2,1,25.04177,121.58735,16
500111070,20231123,275,18,2,1,25.04177,121.58735,16
500111070,20231123,276,18,2,1,25.04177,121.58735,16
500111070,20231123,277,18,2,1,25.04177,121.58735,16
500111070,20231123,278,18,2,1,25.04177,121.58735,16
500111070,20231123,279,18,2,1,25.04177,121.58735,16
500111070,20231123,281,18,2,1,25.04177,121.58735,16
500111070,20231123,282,18,2,1,25.04177,121.58735,16
500111070,20231123,283,18,2,1,25.04177,121.58735,16
500111070,20231123,284,18,2,1,25.04177,121.58735,16
500111070,20231123,285,18,2,1,25.04177,121.58735,16
500111070,20231123,286,18,2,1,25.04177,121.58735,16
500111070,20231123,287,18,2,1,25.04177,121.58735,16
500111070,20231123,288,18,2,1,25.04177,121.58735,16
500111070,20231123,289,18,2,1,25.04177,121.58735,16
500111070,20231123,291,18,2,1,25.04177,121.58735,16
500111070,20231123,292,18,2,1,25.04177,121.58735,16
500111070,20231123,293,18,2,1,25.04177,121.58735,16
500111070,20231123,294,18,2,1,25.04177,121.58735,16
500111070,20231123,295,18,2,1,25.04177,121.58735,16
500111070,20231123,296,18,2,1,25.04177,121.58735,16
500111070,20231123,297,18,2,1,25.04177,121.58735,16
500111070,20231123,298,18,2,1,25.04177,121.58735,16
500111070,20231123,299,18,2,1,25.04177,121.58735,16
500111070,20231123,301,18,2,1,25.04177,121.58735,16
500111070,20231123,302,18,2,1,25.04177,121.58735,16
500111070,20231123,303,18,2,1,25.04177,121.58735,16
500111070,20231123,304,18,2,1,25.04177,121.58735,16
500111070,20231123,305,18,2,1,25.04177,121.58735,16
500111070,20231123,306,18,2,1,25.04177,121.58735,16
500111070,20231123,307,18,2,1,25.04177,121.58735,16
500111070,20231123,308,18,2,1,25.04177,121.58735,16
500111070,20231123,309,18,2,1,25.04177,121.58735,16
500111070,20231123,311,18,2,1,25.04177,121.58735,16
500111070,20231123,312,18,2,1,25.04177,121.58735,16
500111070,20231123,313,18,2,1,25.04177,121.58735,16
500111070,20231123,314,18,2,1,25.04177,121.58735,16
500111070,20231123,315,18,2,1,25.04177,121.58735,16
500111070,20231123,316,18,2,1,25.04177,121.58735,16
500111070,20231123,317,18,2,1,25.04177,121.58735,16
500111070,20231123,318,18,2,1,25.04177,121.58735,16
500111070,20231123,319,18,2,1,25.04177,121.58735,16
500111070,20231123,321,18,2,1,25.04177,121.58735,16
500111070,20231123,322,18,2,1,25.04177,121.58735,16
500111070,20231123,323,18,2,1,25.04177,121.58735,16
500111070,20231123,324,18,2,1,25.04177,121.58735,16
500111070,20231123,325,18,2,1,25.04177,121.58735,16
500111070,20231123,326,18,2,1,25.04177,121.58735,16
500111070,20231123,327,18,2,1,25.04177,121.58735,16
500111070,20231123,328,18,2,1,25.04177,121.58735,16
500111070,20231123,329,18,2,1,25.04177,121.58735,16
500111070,20231123,331,18,2,1,25.04177,121.58735,16
500111070,20231123,332,18,2,1,25.04177,121.58735,16
500111070,20231123,333,18,2,1,25.04177,121.58735,16
500111070,20231123,334,18,2,1,25.04177,121.58735,16
500111070,20231123,335,18,2,1,25.04177,121.58735,16
500111070,20231123,336,18,2,1,25.04177,121.58735,16
500111070,20231123,337,18,2,1,25.04177,121.58735,16
500111070,20231123,338,18,2,1,25.04177,121.58735,16
500111070,20231123,339,18,2,1,25.04177,121.58735,16
500111070,20231123,341,18,2,1,25.04177,121.58735,16
500111070,20231123,342,18,2,1,25.04177,121.58735,16
500111070,20231123,343,18,2,1,25.04177,121.58735,16
500111070,20231123,344,18,2,1,25.04177,121.58735,16
500111070,20231123,345,18,2,1,25.04177,121.58735,16
500111070,20231123,346,18,2,1,25.04177,121.58735,16
500111070,20231123,347,18,2,1,25.04177,121.58735,16
500111070,20231123,348,18,2,1,25.04177,121.58735,16
500111070,20231123,349,18,2,1,25.04177,121.58735,16
500111070,20231123,351,18,2,1,25.04177,121.58735,16
500111070,20231123,352,18,2,1,25.04177,121.58735,16
500111070,20231123,353,18,2,1,25.04177,121.58735,16
500111070,20231123,354,18,2,1,25.04177,121.58735,16
500111070,20231123,355,18,2,1,25.04177,121.58735,16
500111070,20231123,356,18,3,1,25.04177,121.58735,15
500111070,20231123,357,18,3,1,25.04177,121.58735,15
500111070,20231123,358,18,3,1,25.04177,121.58735,15
500111070,20231123,359,18,3,1,25.04177,121.58735,15
500111070,20231123,361,18,4,1,25.04177,121.58735,14
500111070,20231123,362,18,4,1,25.04177,121.58735,14
500111070,20231123,363,18,4,1,25.04177,121.58735,14
500111070,20231123,364,18,4,1,25.04177,121.58735,14
500111070,20231123,365,18,4,1,25.04177,121.58735,14
500111070,20231123,366,18,4,1,25.04177,121.58735,14
500111070,20231123,367,18,4,1,25.04177,121.58735,14
500111070,20231123,368,18,4,1,25.04177,121.58735,14
500111070,20231123,369,18,4,1,25.04177,121.58735,14
500111070,20231123,370,18,4,1,25.04177,121.58735,14
500111070,20231123,371,18,4,1,25.04177,121.58735,14
500111070,20231123,372,18,4,1,25.04177,121.58735,14
500111070,20231123,373,18,4,1,25.04177,121.58735,14
500111070,20231123,374,18,4,1,25.04177,121.58735,14
500111070,20231123,375,18,4,1,25.04177,121.58735,14
500111070,20231123,376,18,4,1,25.04177,121.58735,14
500111070,20231123,377,18,4,1,25.04177,121.58735,14
500111070,20231123,378,18,4,1,25.04177,121.58735,14
500111070,20231123,379,18,4,1,25.04177,121.58735,14
500111070,20231123,381,18,5,1,25.04177,121.58735,13
500111070,20231123,382,18,6,1,25.04177,121.58735,12
500111070,20231123,383,18,6,1,25.04177,121.58735,12
500111070,20231123,384,18,6,1,25.04177,121.58735,12
500111070,20231123,385,18,6,1,25.04177,121.58735,12
500111070,20231123,386,18,6,1,25.04177,121.58735,12
500111070,20231123,387,18,6,1,25.04177,121.58735,12
500111070,20231123,388,18,6,1,25.04177,121.58735,12
500111070,20231123,389,18,6,1,25.04177,121.58735,12
500111070,20231123,390,18,6,1,25.04177,121.58735,12
500111070,20231123,391,18,6,1,25.04177,121.58735,12
500111070,20231123,392,18,6,1,25.04177,121.58735,12
500111070,20231123,393,18,6,1,25.04177,121.58735,12
500111070,20231123,394,18,6,1,25.04177,121.58735,12
500111070,20231123,395,18,6,1,25.04177,121.58735,12
500111070,20231123,396,18,6,1,25.04177,121.58735,12
500111070,20231123,397,18,6,1,25.04177,121.58735,12
500111070,20231123,398,18,6,1,25.04177,121.58735,12
500111070,20231123,399,18,6,1,25.04177,121.58735,12
500111070,20231123,400,18,7,1,25.04177,121.58735,11
500111070,20231123,401,18,8,1,25.04177,121.58735,10
500111070,20231123,402,18,8,1,25.04177,121.58735,10
500111070,20231123,403,18,8,1,25.04177,121.58735,10
500111070,20231123,404,18,8,1,25.04177,121.58735,10
500111070,20231123,405,18,8,1,25.04177,121.58735,10
500111070,20231123,406,18,8,1,25.04177,121.58735,10
500111070,20231123,407,18,8,1,25.04177,121.58735,10
500111070,20231123,408,18,9,1,25.04177,121.58735,9
500111070,20231123,409,18,9,1,25.04177,121.58735,9
500111070,20231123,410,18,9,1,25.04177,121.58735,9
500111070,20231123,411,18,9,1,25.04177,121.58735,9
500111070,20231123,412,18,9,1,25.04177,121.58735,9
500111070,20231123,413,18,9,1,25.04177,121.58735,9
500111070,20231123,414,18,9,1,25.04177,121.58735,9
500111070,20231123,416,18,9,1,25.04177,121.58735,9
500111070,20231123,417,18,10,1,25.04177,121.58735,8
500111070,20231123,418,18,10,1,25.04177,121.58735,8
500111070,20231123,419,18,10,1,25.04177,121.58735,8
500111070,20231123,421,18,10,1,25.04177,121.58735,8
500111070,20231123,422,18,10,1,25.04177,121.58735,8
500111070,20231123,423,18,11,1,25.04177,121.58735,7
500111070,20231123,424,18,11,1,25.04177,121.58735,7
500111070,20231123,425,18,11,1,25.04177,121.58735,7
500111070,20231123,426,18,11,1,25.04177,121.58735,7
500111070,20231123,427,18,11,1,25.04177,121.58735,7
500111070,20231123,428,18,11,1,25.04177,121.58735,7
500111070,20231123,429,18,11,1,25.04177,121.58735,7
500111070,20231123,430,18,13,1,25.04177,121.58735,5
500111070,20231123,431,18,13,1,25.04177,121.58735,5
500111070,20231123,432,18,13,1,25.04177,121.58735,5
500111070,20231123,433,18,13,1,25.04177,121.58735,5
500111070,20231123,434,18,13,1,25.04177,121.58735,5
500111070,20231123,435,18,15,1,25.04177,121.58735,3
500111070,20231123,436,18,15,1,25.04177,121.58735,3
500111070,20231123,437,18,15,1,25.04177,121.58735,3
500111070,20231123,438,18,15,1,25.04177,121.58735,3
500111070,20231123,439,18,15,1,25.04177,121.58735,3
500111070,20231123,441,18,17,1,25.04177,121.58735,1
500111070,20231123,442,18,17,1,25.04177,121.58735,1
500111070,20231123,443,18,17,1,25.04177,121.58735,1
500111070,20231123,444,18,18,1,25.04177,121.58735,0
500111070,20231123,445,18,18,1,25.04177,121.58735,0
500111070,20231123,446,18,18,1,25.04177,121.58735,0
500111070,20231123,447,18,18,1,25.04177,121.58735,0
500111070,20231123,448,18,18,1,25.04177,121.58735,0
500111070,20231123,449,18,18,1,25.04177,121.58735,0
500111070,20231123,451,18,18,1,25.04177,121.58735,0
500111070,20231123,452,18,18,1,25.04177,121.58735,0
500111070,20231123,453,18,18,1,25.04177,121.58735,0
500111070,20231123,454,18,18,1,25.04177,121.58735,0
500111070,20231123,455,18,18,1,25.04177,121.58735,0
500111070,20231123,456,18,18,1,25.04177,121.58735,0
500111070,20231123,457,18,18,1,25.04177,121.58735,0
500111070,20231123,458,18,17,1,25.04177,121.58735,1
500111070,20231123,459,18,17,1,25.04177,121.58735,1
500111070,20231123,460,18,18,1,25.04177,121.58735,0
500111070,20231123,461,18,18,1,25.04177,121.58735,0
500111070,20231123,462,18,18,1,25.04177,121.58735,0
500111070,20231123,463,18,18,1,25.04177,121.58735,0
500111070,20231123,464,18,18,1,25.04177,121.58735,0
500111070,20231123,465,18,18,1,25.04177,121.58735,0
500111070,20231123,466,18,18,1,25.04177,121.58735,0
500111070,20231123,467,18,18,1,25.04177,121.58735,0
500111070,20231123,468,18,18,1,25.04177,121.58735,0
500111070,20231123,469,18,18,1,25.04177,121.58735,0
500111070,20231123,470,18,18,1,25.04177,121.58735,0
500111070,20231123,471,18,18,1,25.04177,121.58735,0
500111070,20231123,472,18,18,1,25.04177,121.58735,0
500111070,20231123,473,18,18,1,25.04177,121.58735,0
500111070,20231123,474,18,18,1,25.04177,121.58735,0
500111070,20231123,475,18,18,1,25.04177,121.58735,0
500111070,20231123,476,18,18,1,25.04177,121.58735,0
500111070,20231123,477,18,18,1,25.04177,121.58735,0
500111070,20231123,478,18,18,1,25.04177,121.58735,0
500111070,20231123,479,18,18,1,25.04177,121.58735,0
500111070,20231123,481,18,18,1,25.04177,121.58735,0
500111070,20231123,482,18,18,1,25.04177,121.58735,0
500111070,20231123,483,18,18,1,25.04177,121.58735,0
500111070,20231123,484,18,18,1,25.04177,121.58735,0
500111070,20231123,485,18,18,1,25.04177,121.58735,0
500111070,20231123,486,18,18,1,25.04177,121.58735,0
500111070,20231123,487,18,18,1,25.04177,121.58735,0
500111070,20231123,488,18,18,1,25.04177,121.58735,0
500111070,20231123,489,18,17,1,25.04177,121.58735,1
500111070,20231123,490,18,17,1,25.04177,121.58735,1
500111070,20231123,491,18,17,1,25.04177,121.58735,1
500111070,20231123,492,18,17,1,25.04177,121.58735,1
500111070,20231123,493,18,17,1,25.04177,121.58735,1
500111070,20231123,494,18,17,1,25.04177,121.58735,1
500111070,20231123,495,18,17,1,25.04177,121.58735,1
500111070,20231123,496,18,17,1,25.04177,121.58735,1
500111070,20231123,497,18,17,1,25.04177,121.58735,1
500111070,20231123,498,18,17,1,25.04177,121.58735,1
500111070,20231123,499,18,17,1,25.04177,121.58735,1
500111070,20231123,501,18,17,1,25.04177,121.58735,1
500111070,20231123,502,18,17,1,25.04177,121.58735,1
500111070,20231123,503,18,17,1,25.04177,121.58735,1
500111070,20231123,504,18,17,1,25.04177,121.58735,1
500111070,20231123,505,18,17,1,25.04177,121.58735,1
500111070,20231123,506,18,17,1,25.04177,121.58735,1
500111070,20231123,507,18,18,1,25.04177,121.58735,0
500111070,20231123,508,18,18,1,25.04177,121.58735,0
500111070,20231123,509,18,18,1,25.04177,121.58735,0
500111070,20231123,511,18,18,1,25.04177,121.58735,0
500111070,20231123,512,18,18,1,25.04177,121.58735,0
500111070,20231123,513,18,18,1,25.04177,121.58735,0
500111070,20231123,514,18,18,1,25.04177,121.58735,0
500111070,20231123,515,18,18,1,25.04177,121.58735,0
500111070,20231123,516,18,18,1,25.04177,121.58735,0
500111070,20231123,517,18,18,1,25.04177,121.58735,0
500111070,20231123,518,18,18,1,25.04177,121.58735,0
500111070,20231123,519,18,18,1,25.04177,121.58735,0
500111070,20231123,520,18,18,1,25.04177,121.58735,0
500111070,20231123,521,18,18,1,25.04177,121.58735,0
500111070,20231123,522,18,18,1,25.04177,121.58735,0
500111070,20231123,523,18,18,1,25.04177,121.58735,0
500111070,20231123,524,18,17,1,25.04177,121.58735,1
500111070,20231123,525,18,16,1,25.04177,121.58735,2
500111070,20231123,526,18,16,1,25.04177,121.58735,2
500111070,20231123,527,18,16,1,25.04177,121.58735,2
500111070,20231123,528,18,16,1,25.04177,121.58735,2
500111070,20231123,529,18,16,1,25.04177,121.58735,2
500111070,20231123,530,18,17,1,25.04177,121.58735,1
500111070,20231123,531,18,18,1,25.04177,121.58735,0
500111070,20231123,532,18,18,1,25.04177,121.58735,0
500111070,20231123,533,18,18,1,25.04177,121.58735,0
500111070,20231123,534,18,18,1,25.04177,121.58735,0
500111070,20231123,535,18,18,1,25.04177,121.58735,0
500111070,20231123,537,18,18,1,25.04177,121.58735,0
500111070,20231123,538,18,17,1,25.04177,121.58735,1
500111070,20231123,539,18,17,1,25.04177,121.58735,1
500111070,20231123,541,18,17,1,25.04177,121.58735,1
500111070,20231123,542,18,17,1,25.04177,121.58735,1
500111070,20231123,543,18,17,1,25.04177,121.58735,1
500111070,20231123,544,18,17,1,25.04177,121.58735,1
500111070,20231123,545,18,17,1,25.04177,121.58735,1
500111070,20231123,546,18,17,1,25.04177,121.58735,1
500111070,20231123,547,18,17,1,25.04177,121.58735,1
500111070,20231123,548,18,18,1,25.04177,121.58735,0
500111070,20231123,549,18,18,1,25.04177,121.58735,0
500111070,20231123,551,18,18,1,25.04177,121.58735,0
500111070,20231123,552,18,17,1,25.04177,121.58735,1
500111070,20231123,553,18,17,1,25.04177,121.58735,1
500111070,20231123,554,18,17,1,25.04177,121.58735,1
500111070,20231123,555,18,17,1,25.04177,121.58735,1
500111070,20231123,556,18,17,1,25.04177,121.58735,1
500111070,20231123,557,18,17,1,25.04177,121.58735,1
500111070,20231123,558,18,13,1,25.04177,121.58735,5
500111070,20231123,559,18,9,1,25.04177,121.58735,9
500111070,20231123,561,18,3,1,25.04177,121.58735,15
500111070,20231123,562,18,1,1,25.04177,121.58735,17
500111070,20231123,563,18,1,1,25.04177,121.58735,17
500111070,20231123,564,18,1,1,25.04177,121.58735,17
500111070,20231123,565,18,1,1,25.04177,121.58735,17
500111070,20231123,566,18,0,1,25.04177,121.58735,18
500111070,20231123,567,18,1,1,25.04177,121.58735,17
500111070,20231123,568,18,2,1,25.04177,121.58735,16
500111070,20231123,569,18,2,1,25.04177,121.58735,16
500111070,20231123,571,18,2,1,25.04177,121.58735,16
500111070,20231123,572,18,3,1,25.04177,121.58735,15
500111070,20231123,573,18,4,1,25.04177,121.58735,14
500111070,20231123,574,18,4,1,25.04177,121.58735,14
500111070,20231123,575,18,4,1,25.04177,121.58735,14
500111070,20231123,576,18,4,1,25.04177,121.58735,14
500111070,20231123,577,18,4,1,25.04177,121.58735,14
500111070,20231123,578,18,4,1,25.04177,121.58735,14
500111070,20231123,579,18,4,1,25.04177,121.58735,14
500111070,20231123,581,18,3,1,25.04177,121.58735,15
500111070,20231123,582,18,3,1,25.04177,121.58735,15
500111070,20231123,583,18,3,1,25.04177,121.58735,15
500111070,20231123,584,18,3,1,25.04177,121.58735,15
500111070,20231123,585,18,3,1,25.04177,121.58735,15
500111070,20231123,586,18,3,1,25.04177,121.58735,15
500111070,20231123,587,18,3,1,25.04177,121.58735,15
500111070,20231123,588,18,3,1,25.04177,121.58735,15
500111070,20231123,589,18,3,1,25.04177,121.58735,15
500111070,20231123,591,18,3,1,25.04177,121.58735,15
500111070,20231123,592,18,3,1,25.04177,121.58735,15
500111070,20231123,593,18,3,1,25.04177,121.58735,15
500111070,20231123,594,18,3,1,25.04177,121.58735,15
500111070,20231123,595,18,3,1,25.04177,121.58735,15
500111070,20231123,596,18,4,1,25.04177,121.58735,14
500111070,20231123,597,18,4,1,25.04177,121.58735,14
500111070,20231123,598,18,4,1,25.04177,121.58735,14
500111070,20231123,599,18,4,1,25.04177,121.58735,14
500111070,20231123,601,18,5,1,25.04177,121.58735,13
500111070,20231123,602,18,5,1,25.04177,121.58735,13
500111070,20231123,603,18,5,1,25.04177,121.58735,13
500111070,20231123,604,18,5,1,25.04177,121.58735,13
500111070,20231123,605,18,5,1,25.04177,121.58735,13
500111070,20231123,606,18,5,1,25.04177,121.58735,13
500111070,20231123,607,18,5,1,25.04177,121.58735,13
500111070,20231123,608,18,5,1,25.04177,121.58735,13
500111070,20231123,609,18,5,1,25.04177,121.58735,13
500111070,20231123,611,18,5,1,25.04177,121.58735,13
500111070,20231123,612,18,5,1,25.04177,121.58735,13
500111070,20231123,613,18,5,1,25.04177,121.58735,13
500111070,20231123,614,18,5,1,25.04177,121.58735,13
500111070,20231123,615,18,5,1,25.04177,121.58735,13
500111070,20231123,616,18,6,1,25.04177,121.58735,12
500111070,20231123,617,18,5,1,25.04177,121.58735,13
500111070,20231123,618,18,5,1,25.04177,121.58735,13
500111070,20231123,619,18,5,1,25.04177,121.58735,13
500111070,20231123,621,18,6,1,25.04177,121.58735,12
500111070,20231123,622,18,6,1,25.04177,121.58735,12
500111070,20231123,623,18,7,1,25.04177,121.58735,11
500111070,20231123,624,18,7,1,25.04177,121.58735,11
500111070,20231123,625,18,7,1,25.04177,121.58735,11
500111070,20231123,626,18,7,1,25.04177,121.58735,11
500111070,20231123,627,18,7,1,25.04177,121.58735,11
500111070,20231123,628,18,7,1,25.04177,121.58735,11
500111070,20231123,629,18,7,1,25.04177,121.58735,11
500111070,20231123,631,18,7,1,25.04177,121.58735,11
500111070,20231123,632,18,7,1,25.04177,121.58735,11
500111070,20231123,633,18,7,1,25.04177,121.58735,11
500111070,20231123,634,18,7,1,25.04177,121.58735,11
500111070,20231123,635,18,7,1,25.04177,121.58735,11
500111070,20231123,636,18,7,1,25.04177,121.58735,11
500111070,20231123,637,18,7,1,25.04177,121.58735,11
500111070,20231123,638,18,7,1,25.04177,121.58735,11
500111070,20231123,639,18,7,1,25.04177,121.58735,11
500111070,20231123,640,18,7,1,25.04177,121.58735,11
500111070,20231123,641,18,7,1,25.04177,121.58735,11
500111070,20231123,642,18,7,1,25.04177,121.58735,11
500111070,20231123,643,18,7,1,25.04177,121.58735,11
500111070,20231123,644,18,7,1,25.04177,121.58735,11
500111070,20231123,645,18,7,1,25.04177,121.58735,11
500111070,20231123,646,18,7,1,25.04177,121.58735,11
500111070,20231123,647,18,7,1,25.04177,121.58735,11
500111070,20231123,648,18,7,1,25.04177,121.58735,11
500111070,20231123,649,18,7,1,25.04177,121.58735,11
500111070,20231123,650,18,7,1,25.04177,121.58735,11
500111070,20231123,651,18,7,1,25.04177,121.58735,11
500111070,20231123,652,18,7,1,25.04177,121.58735,11
500111070,20231123,653,18,7,1,25.04177,121.58735,11
500111070,20231123,654,18,7,1,25.04177,121.58735,11
500111070,20231123,655,18,7,1,25.04177,121.58735,11
500111070,20231123,656,18,6,1,25.04177,121.58735,12
500111070,20231123,657,18,6,1,25.04177,121.58735,12
500111070,20231123,658,18,6,1,25.04177,121.58735,12
500111070,20231123,659,18,6,1,25.04177,121.58735,12
500111070,20231123,661,18,6,1,25.04177,121.58735,12
500111070,20231123,662,18,6,1,25.04177,121.58735,12
500111070,20231123,663,18,6,1,25.04177,121.58735,12
500111070,20231123,664,18,6,1,25.04177,121.58735,12
500111070,20231123,665,18,6,1,25.04177,121.58735,12
500111070,20231123,666,18,7,1,25.04177,121.58735,11
500111070,20231123,667,18,7,1,25.04177,121.58735,11
500111070,20231123,668,18,7,1,25.04177,121.58735,11
500111070,20231123,669,18,7,1,25.04177,121.58735,11
500111070,20231123,670,18,7,1,25.04177,121.58735,11
500111070,20231123,671,18,7,1,25.04177,121.58735,11
500111070,20231123,672,18,7,1,25.04177,121.58735,11
500111070,20231123,673,18,7,1,25.04177,121.58735,11
500111070,20231123,674,18,7,1,25.04177,121.58735,11
500111070,20231123,675,18,7,1,25.04177,121.58735,11
500111070,20231123,676,18,7,1,25.04177,121.58735,11
500111070,20231123,677,18,7,1,25.04177,121.58735,11
500111070,20231123,678,18,8,1,25.04177,121.58735,10
500111070,20231123,679,18,8,1,25.04177,121.58735,10
500111070,20231123,681,18,8,1,25.04177,121.58735,10
500111070,20231123,682,18,8,1,25.04177,121.58735,10
500111070,20231123,683,18,8,1,25.04177,121.58735,10
500111070,20231123,684,18,8,1,25.04177,121.58735,10
500111070,20231123,685,18,8,1,25.04177,121.58735,10
500111070,20231123,686,18,8,1,25.04177,121.58735,10
500111070,20231123,687,18,8,1,25.04177,121.58735,10
500111070,20231123,688,18,8,1,25.04177,121.58735,10
500111070,20231123,689,18,8,1,25.04177,121.58735,10
500111070,20231123,690,18,8,1,25.04177,121.58735,10
500111070,20231123,691,18,8,1,25.04177,121.58735,10
500111070,20231123,692,18,8,1,25.04177,121.58735,10
500111070,20231123,693,18,8,1,25.04177,121.58735,10
500111070,20231123,694,18,8,1,25.04177,121.58735,10
500111070,20231123,695,18,8,1,25.04177,121.58735,10
500111070,20231123,696,18,8,1,25.04177,121.58735,10
500111070,20231123,697,18,8,1,25.04177,121.58735,10
500111070,20231123,698,18,8,1,25.04177,121.58735,10
500111070,20231123,699,18,8,1,25.04177,121.58735,10
500111070,20231123,700,18,8,1,25.04177,121.58735,10
500111070,20231123,701,18,8,1,25.04177,121.58735,10
500111070,20231123,702,18,8,1,25.04177,121.58735,10
500111070,20231123,703,18,8,1,25.04177,121.58735,10
500111070,20231123,704,18,8,1,25.04177,121.58735,10
500111070,20231123,705,18,8,1,25.04177,121.58735,10
500111070,20231123,706,18,8,1,25.04177,121.58735,10
500111070,20231123,707,18,8,1,25.04177,121.58735,10
500111070,20231123,708,18,8,1,25.04177,121.58735,10
500111070,20231123,709,18,8,1,25.04177,121.58735,10
500111070,20231123,710,18,8,1,25.04177,121.58735,10
500111070,20231123,711,18,9,1,25.04177,121.58735,9
500111070,20231123,712,18,10,1,25.04177,121.58735,8
500111070,20231123,713,18,10,1,25.04177,121.58735,8
500111070,20231123,714,18,10,1,25.04177,121.58735,8
500111070,20231123,715,18,10,1,25.04177,121.58735,8
500111070,20231123,716,18,10,1,25.04177,121.58735,8
500111070,20231123,717,18,10,1,25.04177,121.58735,8
500111070,20231123,718,18,10,1,25.04177,121.58735,8
500111070,20231123,719,18,10,1,25.04177,121.58735,8
500111070,20231123,721,18,10,1,25.04177,121.58735,8
500111070,20231123,722,18,10,1,25.04177,121.58735,8
500111070,20231123,723,18,10,1,25.04177,121.58735,8
500111070,20231123,724,18,10,1,25.04177,121.58735,8
500111070,20231123,725,18,10,1,25.04177,121.58735,8
500111070,20231123,726,18,10,1,25.04177,121.58735,8
500111070,20231123,727,18,11,1,25.04177,121.58735,7
500111070,20231123,728,18,11,1,25.04177,121.58735,7
500111070,20231123,729,18,11,1,25.04177,121.58735,7
500111070,20231123,730,18,11,1,25.04177,121.58735,7
500111070,20231123,731,18,11,1,25.04177,121.58735,7
500111070,20231123,732,18,12,1,25.04177,121.58735,6
500111070,20231123,733,18,12,1,25.04177,121.58735,6
500111070,20231123,734,18,12,1,25.04177,121.58735,6
500111070,20231123,735,18,12,1,25.04177,121.58735,6
500111070,20231123,736,18,12,1,25.04177,121.58735,6
500111070,20231123,737,18,12,1,25.04177,121.58735,6
500111070,20231123,738,18,12,1,25.04177,121.58735,6
500111070,20231123,739,18,12,1,25.04177,121.58735,6
500111070,20231123,741,18,12,1,25.04177,121.58735,6
500111070,20231123,742,18,12,1,25.04177,121.58735,6
500111070,20231123,743,18,12,1,25.04177,121.58735,6
500111070,20231123,744,18,12,1,25.04177,121.58735,6
500111070,20231123,745,18,12,1,25.04177,121.58735,6
500111070,20231123,746,18,12,1,25.04177,121.58735,6
500111070,20231123,747,18,12,1,25.04177,121.58735,6
500111070,20231123,749,18,11,1,25.04177,121.58735,7
500111070,20231123,751,18,11,1,25.04177,121.58735,7
500111070,20231123,752,18,11,1,25.04177,121.58735,7
500111070,20231123,753,18,11,1,25.04177,121.58735,7
500111070,20231123,754,18,11,1,25.04177,121.58735,7
500111070,20231123,755,18,11,1,25.04177,121.58735,7
500111070,20231123,756,18,11,1,25.04177,121.58735,7
500111070,20231123,757,18,11,1,25.04177,121.58735,7
500111070,20231123,758,18,11,1,25.04177,121.58735,7
500111070,20231123,759,18,11,1,25.04177,121.58735,7
500111070,20231123,761,18,11,1,25.04177,121.58735,7
500111070,20231123,762,18,11,1,25.04177,121.58735,7
500111070,20231123,763,18,11,1,25.04177,121.58735,7
500111070,20231123,764,18,11,1,25.04177,121.58735,7
500111070,20231123,765,18,12,1,25.04177,121.58735,6
500111070,20231123,766,18,12,1,25.04177,121.58735,6
500111070,20231123,767,18,12,1,25.04177,121.58735,6
500111070,20231123,768,18,12,1,25.04177,121.58735,6
500111070,20231123,769,18,12,1,25.04177,121.58735,6
500111070,20231123,771,18,12,1,25.04177,121.58735,6
500111070,20231123,772,18,13,1,25.04177,121.58735,5
500111070,20231123,773,18,13,1,25.04177,121.58735,5
500111070,20231123,774,18,13,1,25.04177,121.58735,5
500111070,20231123,775,18,13,1,25.04177,121.58735,5
500111070,20231123,776,18,13,1,25.04177,121.58735,5
500111070,20231123,777,18,13,1,25.04177,121.58735,5
500111070,20231123,778,18,13,1,25.04177,121.58735,5
500111070,20231123,779,18,13,1,25.04177,121.58735,5
500111070,20231123,781,18,13,1,25.04177,121.58735,5
500111070,20231123,782,18,13,1,25.04177,121.58735,5
500111070,20231123,783,18,13,1,25.04177,121.58735,5
500111070,20231123,784,18,13,1,25.04177,121.58735,5
500111070,20231123,785,18,13,1,25.04177,121.58735,5
500111070,20231123,786,18,14,1,25.04177,121.58735,4
500111070,20231123,787,18,14,1,25.04177,121.58735,4
500111070,20231123,788,18,14,1,25.04177,121.58735,4
500111070,20231123,789,18,14,1,25.04177,121.58735,4
500111070,20231123,791,18,15,1,25.04177,121.58735,3
500111070,20231123,792,18,16,1,25.04177,121.58735,2
500111070,20231123,793,18,16,1,25.04177,121.58735,2
500111070,20231123,794,18,16,1,25.04177,121.58735,2
500111070,20231123,795,18,16,1,25.04177,121.58735,2
500111070,20231123,796,18,16,1,25.04177,121.58735,2
500111070,20231123,797,18,16,1,25.04177,121.58735,2
500111070,20231123,798,18,16,1,25.04177,121.58735,2
500111070,20231123,799,18,16,1,25.04177,121.58735,2
500111070,20231123,801,18,16,1,25.04177,121.58735,2
500111070,20231123,802,18,16,1,25.04177,121.58735,2
500111070,20231123,803,18,16,1,25.04177,121.58735,2
500111070,20231123,804,18,16,1,25.04177,121.58735,2
500111070,20231123,805,18,16,1,25.04177,121.58735,2
500111070,20231123,806,18,16,1,25.04177,121.58735,2
500111070,20231123,807,18,16,1,25.04177,121.58735,2
500111070,20231123,808,18,15,1,25.04177,121.58735,3
500111070,20231123,809,18,15,1,25.04177,121.58735,3
500111070,20231123,811,18,15,1,25.04177,121.58735,3
500111070,20231123,812,18,15,1,25.04177,121.58735,3
500111070,20231123,813,18,15,1,25.04177,121.58735,3
500111070,20231123,814,18,15,1,25.04177,121.58735,3
500111070,20231123,815,18,15,1,25.04177,121.58735,3
500111070,20231123,816,18,15,1,25.04177,121.58735,3
500111070,20231123,817,18,15,1,25.04177,121.58735,3
500111070,20231123,818,18,15,1,25.04177,121.58735,3
500111070,20231123,819,18,15,1,25.04177,121.58735,3
500111070,20231123,821,18,16,1,25.04177,121.58735,2
500111070,20231123,822,18,16,1,25.04177,121.58735,2
500111070,20231123,823,18,16,1,25.04177,121.58735,2
500111070,20231123,824,18,16,1,25.04177,121.58735,2
500111070,20231123,825,18,16,1,25.04177,121.58735,2
500111070,20231123,826,18,16,1,25.04177,121.58735,2
500111070,20231123,827,18,16,1,25.04177,121.58735,2
500111070,20231123,828,18,16,1,25.04177,121.58735,2
500111070,20231123,829,18,16,1,25.04177,121.58735,2
500111070,20231123,831,18,16,1,25.04177,121.58735,2
500111070,20231123,832,18,16,1,25.04177,121.58735,2
500111070,20231123,833,18,16,1,25.04177,121.58735,2
500111070,20231123,834,18,15,1,25.04177,121.58735,3
500111070,20231123,835,18,15,1,25.04177,121.58735,3
500111070,20231123,836,18,15,1,25.04177,121.58735,3
500111070,20231123,837,18,15,1,25.04177,121.58735,3
500111070,20231123,838,18,15,1,25.04177,121.58735,3
500111070,20231123,839,18,15,1,25.04177,121.58735,3
500111070,20231123,841,18,15,1,25.04177,121.58735,3
500111070,20231123,842,18,15,1,25.04177,121.58735,3
500111070,20231123,843,18,15,1,25.04177,121.58735,3
500111070,20231123,844,18,15,1,25.04177,121.58735,3
500111070,20231123,845,18,15,1,25.04177,121.58735,3
500111070,20231123,846,18,15,1,25.04177,121.58735,3
500111070,20231123,847,18,15,1,25.04177,121.58735,3
500111070,20231123,848,18,15,1,25.04177,121.58735,3
500111070,20231123,849,18,15,1,25.04177,121.58735,3
500111070,20231123,851,18,15,1,25.04177,121.58735,3
500111070,20231123,852,18,15,1,25.04177,121.58735,3
500111070,20231123,853,18,15,1,25.04177,121.58735,3
500111070,20231123,854,18,15,1,25.04177,121.58735,3
500111070,20231123,855,18,15,1,25.04177,121.58735,3
500111070,20231123,856,18,15,1,25.04177,121.58735,3
500111070,20231123,857,18,15,1,25.04177,121.58735,3
500111070,20231123,858,18,15,1,25.04177,121.58735,3
500111070,20231123,859,18,15,1,25.04177,121.58735,3
500111070,20231123,861,18,15,1,25.04177,121.58735,3
500111070,20231123,862,18,15,1,25.04177,121.58735,3
500111070,20231123,863,18,15,1,25.04177,121.58735,3
500111070,20231123,864,18,15,1,25.04177,121.58735,3
500111070,20231123,865,18,15,1,25.04177,121.58735,3
500111070,20231123,866,18,15,1,25.04177,121.58735,3
500111070,20231123,867,18,15,1,25.04177,121.58735,3
500111070,20231123,868,18,15,1,25.04177,121.58735,3
500111070,20231123,869,18,15,1,25.04177,121.58735,3
500111070,20231123,871,18,15,1,25.04177,121.58735,3
500111070,20231123,872,18,15,1,25.04177,121.58735,3
500111070,20231123,873,18,15,1,25.04177,121.58735,3
500111070,20231123,874,18,15,1,25.04177,121.58735,3
500111070,20231123,875,18,15,1,25.04177,121.58735,3
500111070,20231123,876,18,15,1,25.04177,121.58735,3
500111070,20231123,877,18,15,1,25.04177,121.58735,3
500111070,20231123,878,18,15,1,25.04177,121.58735,3
500111070,20231123,879,18,16,1,25.04177,121.58735,2
500111070,20231123,880,18,16,1,25.04177,121.58735,2
500111070,20231123,881,18,16,1,25.04177,121.58735,2
500111070,20231123,882,18,16,1,25.04177,121.58735,2
500111070,20231123,883,18,16,1,25.04177,121.58735,2
500111070,20231123,884,18,16,1,25.04177,121.58735,2
500111070,20231123,885,18,16,1,25.04177,121.58735,2
500111070,20231123,886,18,16,1,25.04177,121.58735,2
500111070,20231123,887,18,15,1,25.04177,121.58735,3
500111070,20231123,888,18,16,1,25.04177,121.58735,2
500111070,20231123,889,18,16,1,25.04177,121.58735,2
500111070,20231123,890,18,16,1,25.04177,121.58735,2
500111070,20231123,891,18,16,1,25.04177,121.58735,2
500111070,20231123,892,18,16,1,25.04177,121.58735,2
500111070,20231123,893,18,16,1,25.04177,121.58735,2
500111070,20231123,894,18,16,1,25.04177,121.58735,2
500111070,20231123,895,18,16,1,25.04177,121.58735,2
500111070,20231123,896,18,16,1,25.04177,121.58735,2
500111070,20231123,897,18,16,1,25.04177,121.58735,2
500111070,20231123,898,18,16,1,25.04177,121.58735,2
500111070,20231123,899,18,16,1,25.04177,121.58735,2
500111070,20231123,901,18,15,1,25.04177,121.58735,3
500111070,20231123,902,18,15,1,25.04177,121.58735,3
500111070,20231123,903,18,14,1,25.04177,121.58735,4
500111070,20231123,904,18,14,1,25.04177,121.58735,4
500111070,20231123,905,18,14,1,25.04177,121.58735,4
500111070,20231123,906,18,14,1,25.04177,121.58735,4
500111070,20231123,907,18,14,1,25.04177,121.58735,4
500111070,20231123,908,18,14,1,25.04177,121.58735,4
500111070,20231123,909,18,14,1,25.04177,121.58735,4
500111070,20231123,910,18,14,1,25.04177,121.58735,4
500111070,20231123,911,18,14,1,25.04177,121.58735,4
500111070,20231123,912,18,14,1,25.04177,121.58735,4
500111070,20231123,913,18,14,1,25.04177,121.58735,4
500111070,20231123,914,18,14,1,25.04177,121.58735,4
500111070,20231123,915,18,14,1,25.04177,121.58735,4
500111070,20231123,916,18,14,1,25.04177,121.58735,4
500111070,20231123,917,18,14,1,25.04177,121.58735,4
500111070,20231123,918,18,14,1,25.04177,121.58735,4
500111070,20231123,919,18,14,1,25.04177,121.58735,4
500111070,20231123,921,18,15,1,25.04177,121.58735,3
500111070,20231123,922,18,15,1,25.04177,121.58735,3
500111070,20231123,923,18,15,1,25.04177,121.58735,3
500111070,20231123,924,18,15,1,25.04177,121.58735,3
500111070,20231123,925,18,15,1,25.04177,121.58735,3
500111070,20231123,926,18,15,1,25.04177,121.58735,3
500111070,20231123,927,18,15,1,25.04177,121.58735,3
500111070,20231123,928,18,16,1,25.04177,121.58735,2
500111070,20231123,929,18,16,1,25.04177,121.58735,2
500111070,20231123,931,18,16,1,25.04177,121.58735,2
500111070,20231123,932,18,16,1,25.04177,121.58735,2
500111070,20231123,933,18,16,1,25.04177,121.58735,2
500111070,20231123,934,18,16,1,25.04177,121.58735,2
500111070,20231123,935,18,16,1,25.04177,121.58735,2
500111070,20231123,936,18,16,1,25.04177,121.58735,2
500111070,20231123,937,18,15,1,25.04177,121.58735,3
500111070,20231123,938,18,15,1,25.04177,121.58735,3
500111070,20231123,939,18,15,1,25.04177,121.58735,3
500111070,20231123,940,18,15,1,25.04177,121.58735,3
500111070,20231123,941,18,15,1,25.04177,121.58735,3
500111070,20231123,942,18,15,1,25.04177,121.58735,3
500111070,20231123,943,18,15,1,25.04177,121.58735,3
500111070,20231123,944,18,15,1,25.04177,121.58735,3
500111070,20231123,945,18,15,1,25.04177,121.58735,3
500111070,20231123,946,18,15,1,25.04177,121.58735,3
500111070,20231123,947,18,15,1,25.04177,121.58735,3
500111070,20231123,948,18,15,1,25.04177,121.58735,3
500111070,20231123,949,18,15,1,25.04177,121.58735,3
500111070,20231123,950,18,15,1,25.04177,121.58735,3
500111070,20231123,951,18,15,1,25.04177,121.58735,3
500111070,20231123,952,18,15,1,25.04177,121.58735,3
500111070,20231123,953,18,15,1,25.04177,121.58735,3
500111070,20231123,954,18,15,1,25.04177,121.58735,3
500111070,20231123,955,18,15,1,25.04177,121.58735,3
500111070,20231123,956,18,15,1,25.04177,121.58735,3
500111070,20231123,957,18,15,1,25.04177,121.58735,3
500111070,20231123,958,18,15,1,25.04177,121.58735,3
500111070,20231123,959,18,16,1,25.04177,121.58735,2
500111070,20231123,961,18,17,1,25.04177,121.58735,1
500111070,20231123,962,18,17,1,25.04177,121.58735,1
500111070,20231123,963,18,17,1,25.04177,121.58735,1
500111070,20231123,964,18,17,1,25.04177,121.58735,1
500111070,20231123,965,18,17,1,25.04177,121.58735,1
500111070,20231123,966,18,17,1,25.04177,121.58735,1
500111070,20231123,967,18,17,1,25.04177,121.58735,1
500111070,20231123,968,18,17,1,25.04177,121.58735,1
500111070,20231123,969,18,17,1,25.04177,121.58735,1
500111070,20231123,970,18,17,1,25.04177,121.58735,1
500111070,20231123,971,18,17,1,25.04177,121.58735,1
500111070,20231123,972,18,17,1,25.04177,121.58735,1
500111070,20231123,973,18,17,1,25.04177,121.58735,1
500111070,20231123,974,18,17,1,25.04177,121.58735,1
500111070,20231123,975,18,17,1,25.04177,121.58735,1
500111070,20231123,976,18,17,1,25.04177,121.58735,1
500111070,20231123,977,18,17,1,25.04177,121.58735,1
500111070,20231123,978,18,17,1,25.04177,121.58735,1
500111070,20231123,979,18,17,1,25.04177,121.58735,1
500111070,20231123,981,18,17,1,25.04177,121.58735,1
500111070,20231123,982,18,18,1,25.04177,121.58735,0
500111070,20231123,983,18,18,1,25.04177,121.58735,0
500111070,20231123,984,18,18,1,25.04177,121.58735,0
500111070,20231123,985,18,18,1,25.04177,121.58735,0
500111070,20231123,986,18,18,1,25.04177,121.58735,0
500111070,20231123,987,18,18,1,25.04177,121.58735,0
500111070,20231123,988,18,18,1,25.04177,121.58735,0
500111070,20231123,989,18,18,1,25.04177,121.58735,0
500111070,20231123,991,18,18,1,25.04177,121.58735,0
500111070,20231123,992,18,18,1,25.04177,121.58735,0
500111070,20231123,993,18,18,1,25.04177,121.58735,0
500111070,20231123,994,18,18,1,25.04177,121.58735,0
500111070,20231123,995,18,18,1,25.04177,121.58735,0
500111070,20231123,996,18,18,1,25.04177,121.58735,0
500111070,20231123,997,18,18,1,25.04177,121.58735,0
500111070,20231123,998,18,17,1,25.04177,121.58735,1
500111070,20231123,999,18,17,1,25.04177,121.58735,1
500111070,20231123,1000,18,18,1,25.04177,121.58735,0
500111070,20231123,1001,18,18,1,25.04177,121.58735,0
500111070,20231123,1002,18,18,1,25.04177,121.58735,0
500111070,20231123,1003,18,18,1,25.04177,121.58735,0
500111070,20231123,1004,18,18,1,25.04177,121.58735,0
500111070,20231123,1005,18,18,1,25.04177,121.58735,0
500111070,20231123,1006,18,17,1,25.04177,121.58735,1
500111070,20231123,1007,18,17,1,25.04177,121.58735,1
500111070,20231123,1009,18,17,1,25.04177,121.58735,1
500111070,20231123,1011,18,17,1,25.04177,121.58735,1
500111070,20231123,1012,18,17,1,25.04177,121.58735,1
500111070,20231123,1013,18,16,1,25.04177,121.58735,2
500111070,20231123,1014,18,16,1,25.04177,121.58735,2
500111070,20231123,1015,18,16,1,25.04177,121.58735,2
500111070,20231123,1016,18,16,1,25.04177,121.58735,2
500111070,20231123,1017,18,16,1,25.04177,121.58735,2
500111070,20231123,1018,18,16,1,25.04177,121.58735,2
500111070,20231123,1019,18,16,1,25.04177,121.58735,2
500111070,20231123,1022,18,16,1,25.04177,121.58735,2
500111070,20231123,1023,18,16,1,25.04177,121.58735,2
500111070,20231123,1024,18,15,1,25.04177,121.58735,3
500111070,20231123,1025,18,15,1,25.04177,121.58735,3
500111070,20231123,1026,18,15,1,25.04177,121.58735,3
500111070,20231123,1027,18,15,1,25.04177,121.58735,3
500111070,20231123,1028,18,15,1,25.04177,121.58735,3
500111070,20231123,1029,18,15,1,25.04177,121.58735,3
500111070,20231123,1031,18,15,1,25.04177,121.58735,3
500111070,20231123,1032,18,16,1,25.04177,121.58735,2
500111070,20231123,1033,18,16,1,25.04177,121.58735,2
500111070,20231123,1035,18,15,1,25.04177,121.58735,3
500111070,20231123,1036,18,14,1,25.04177,121.58735,4
500111070,20231123,1038,18,14,1,25.04177,121.58735,4
500111070,20231123,1039,18,14,1,25.04177,121.58735,4
500111070,20231123,1041,18,14,1,25.04177,121.58735,4
500111070,20231123,1042,18,14,1,25.04177,121.58735,4
500111070,20231123,1043,18,14,1,25.04177,121.58735,4
500111070,20231123,1044,18,14,1,25.04177,121.58735,4
500111070,20231123,1045,18,15,1,25.04177,121.58735,3
500111070,20231123,1046,18,13,1,25.04177,121.58735,5
500111070,20231123,1047,18,13,1,25.04177,121.58735,5
500111070,20231123,1048,18,13,1,25.04177,121.58735,5
500111070,20231123,1049,18,13,1,25.04177,121.58735,5
500111070,20231123,1051,18,13,1,25.04177,121.58735,5
500111070,20231123,1052,18,13,1,25.04177,121.58735,5
500111070,20231123,1053,18,13,1,25.04177,121.58735,5
500111070,20231123,1054,18,12,1,25.04177,121.58735,6
500111070,20231123,1055,18,12,1,25.04177,121.58735,6
500111070,20231123,1056,18,12,1,25.04177,121.58735,6
500111070,20231123,1057,18,11,1,25.04177,121.58735,7
500111070,20231123,1058,18,11,1,25.04177,121.58735,7
500111070,20231123,1059,18,11,1,25.04177,121.58735,7
500111070,20231123,1061,18,11,1,25.04177,121.58735,7
500111070,20231123,1062,18,11,1,25.04177,121.58735,7
500111070,20231123,1063,18,11,1,25.04177,121.58735,7
500111070,20231123,1064,18,11,1,25.04177,121.58735,7
500111070,20231123,1065,18,12,1,25.04177,121.58735,6
500111070,20231123,1066,18,11,1,25.04177,121.58735,7
500111070,20231123,1067,18,10,1,25.04177,121.58735,8
500111070,20231123,1068,18,10,1,25.04177,121.58735,8
500111070,20231123,1069,18,10,1,25.04177,121.58735,8
500111070,20231123,1071,18,10,1,25.04177,121.58735,8
500111070,20231123,1072,18,11,1,25.04177,121.58735,7
500111070,20231123,1073,18,11,1,25.04177,121.58735,7
500111070,20231123,1074,18,10,1,25.04177,121.58735,8
500111070,20231123,1075,18,10,1,25.04177,121.58735,8
500111070,20231123,1076,18,9,1,25.04177,121.58735,9
500111070,20231123,1077,18,9,1,25.04177,121.58735,9
500111070,20231123,1078,18,9,1,25.04177,121.58735,9
500111070,20231123,1079,18,9,1,25.04177,121.58735,9
500111070,20231123,1081,18,9,1,25.04177,121.58735,9
500111070,20231123,1082,18,9,1,25.04177,121.58735,9
500111070,20231123,1083,18,9,1,25.04177,121.58735,9
500111070,20231123,1084,18,8,1,25.04177,121.58735,10
500111070,20231123,1085,18,8,1,25.04177,121.58735,10
500111070,20231123,1086,18,8,1,25.04177,121.58735,10
500111070,20231123,1087,18,10,1,25.04177,121.58735,8
500111070,20231123,1088,18,9,1,25.04177,121.58735,9
500111070,20231123,1089,18,9,1,25.04177,121.58735,9
500111070,20231123,1091,18,9,1,25.04177,121.58735,9
500111070,20231123,1092,18,10,1,25.04177,121.58735,8
500111070,20231123,1093,18,10,1,25.04177,121.58735,8
500111070,20231123,1094,18,11,1,25.04177,121.58735,7
500111070,20231123,1095,18,10,1,25.04177,121.58735,8
500111070,20231123,1096,18,9,1,25.04177,121.58735,9
500111070,20231123,1097,18,9,1,25.04177,121.58735,9
500111070,20231123,1098,18,8,1,25.04177,121.58735,10
500111070,20231123,1099,18,8,1,25.04177,121.58735,10
500111070,20231123,1101,18,7,1,25.04177,121.58735,11
500111070,20231123,1102,18,6,1,25.04177,121.58735,12
500111070,20231123,1103,18,6,1,25.04177,121.58735,12
500111070,20231123,1104,18,6,1,25.04177,121.58735,12
500111070,20231123,1105,18,6,1,25.04177,121.58735,12
500111070,20231123,1106,18,6,1,25.04177,121.58735,12
500111070,20231123,1107,18,6,1,25.04177,121.58735,12
500111070,20231123,1108,18,4,1,25.04177,121.58735,14
500111070,20231123,1109,18,4,1,25.04177,121.58735,14
500111070,20231123,1111,18,4,1,25.04177,121.58735,14
500111070,20231123,1112,18,4,1,25.04177,121.58735,14
500111070,20231123,1113,18,3,1,25.04177,121.58735,15
500111070,20231123,1114,18,3,1,25.04177,121.58735,15
500111070,20231123,1115,18,3,1,25.04177,121.58735,15
500111070,20231123,1116,18,3,1,25.04177,121.58735,15
500111070,20231123,1117,18,3,1,25.04177,121.58735,15
500111070,20231123,1118,18,3,1,25.04177,121.58735,15
500111070,20231123,1119,18,3,1,25.04177,121.58735,15
500111070,20231123,1120,18,3,1,25.04177,121.58735,15
500111070,20231123,1121,18,2,1,25.04177,121.58735,16
500111070,20231123,1122,18,2,1,25.04177,121.58735,16
500111070,20231123,1123,18,0,1,25.04177,121.58735,18
500111070,20231123,1124,18,0,1,25.04177,121.58735,18
500111070,20231123,1125,18,0,1,25.04177,121.58735,18
500111070,20231123,1126,18,0,1,25.04177,121.58735,18
500111070,20231123,1127,18,0,1,25.04177,121.58735,18
500111070,20231123,1128,18,0,1,25.04177,121.58735,18
500111070,20231123,1129,18,0,1,25.04177,121.58735,18
500111070,20231123,1130,18,0,1,25.04177,121.58735,18
500111070,20231123,1131,18,0,1,25.04177,121.58735,18
500111070,20231123,1132,18,2,1,25.04177,121.58735,16
500111070,20231123,1133,18,4,1,25.04177,121.58735,14
500111070,20231123,1134,18,6,1,25.04177,121.58735,12
500111070,20231123,1135,18,6,1,25.04177,121.58735,12
500111070,20231123,1136,18,10,1,25.04177,121.58735,8
500111070,20231123,1137,18,11,1,25.04177,121.58735,7
500111070,20231123,1138,18,12,1,25.04177,121.58735,6
500111070,20231123,1139,18,13,1,25.04177,121.58735,5
500111070,20231123,1141,18,17,1,25.04177,121.58735,1
500111070,20231123,1142,18,17,1,25.04177,121.58735,1
500111070,20231123,1143,18,17,1,25.04177,121.58735,1
500111070,20231123,1144,18,17,1,25.04177,121.58735,1
500111070,20231123,1145,18,16,1,25.04177,121.58735,2
500111070,20231123,1146,18,16,1,25.04177,121.58735,2
500111070,20231123,1147,18,16,1,25.04177,121.58735,2
500111070,20231123,1148,18,16,1,25.04177,121.58735,2
500111070,20231123,1149,18,16,1,25.04177,121.58735,2
500111070,20231123,1150,18,16,1,25.04177,121.58735,2
500111070,20231123,1151,18,16,1,25.04177,121.58735,2
500111070,20231123,1152,18,16,1,25.04177,121.58735,2
500111070,20231123,1153,18,16,1,25.04177,121.58735,2
500111070,20231123,1154,18,16,1,25.04177,121.58735,2
500111070,20231123,1155,18,16,1,25.04177,121.58735,2
500111070,20231123,1156,18,16,1,25.04177,121.58735,2
500111070,20231123,1157,18,17,1,25.04177,121.58735,1
500111070,20231123,1158,18,17,1,25.04177,121.58735,1
500111070,20231123,1159,18,16,1,25.04177,121.58735,2
500111070,20231123,1161,18,17,1,25.04177,121.58735,1
500111070,20231123,1162,18,17,1,25.04177,121.58735,1
500111070,20231123,1163,18,16,1,25.04177,121.58735,2
500111070,20231123,1164,18,15,1,25.04177,121.58735,3
500111070,20231123,1165,18,15,1,25.04177,121.58735,3
500111070,20231123,1166,18,15,1,25.04177,121.58735,3
500111070,20231123,1167,18,15,1,25.04177,121.58735,3
500111070,20231123,1168,18,15,1,25.04177,121.58735,3
500111070,20231123,1169,18,14,1,25.04177,121.58735,4
500111070,20231123,1171,18,14,1,25.04177,121.58735,4
500111070,20231123,1172,18,13,1,25.04177,121.58735,5
500111070,20231123,1173,18,13,1,25.04177,121.58735,5
500111070,20231123,1174,18,13,1,25.04177,121.58735,5
500111070,20231123,1175,18,13,1,25.04177,121.58735,5
500111070,20231123,1176,18,13,1,25.04177,121.58735,5
500111070,20231123,1177,18,13,1,25.04177,121.58735,5
500111070,20231123,1178,18,13,1,25.04177,121.58735,5
500111070,20231123,1179,18,14,1,25.04177,121.58735,4
500111070,20231123,1180,18,14,1,25.04177,121.58735,4
500111070,20231123,1181,18,14,1,25.04177,121.58735,4
500111070,20231123,1182,18,15,1,25.04177,121.58735,3
500111070,20231123,1183,18,15,1,25.04177,121.58735,3
500111070,20231123,1184,18,15,1,25.04177,121.58735,3
500111070,20231123,1185,18,15,1,25.04177,121.58735,3
500111070,20231123,1186,18,15,1,25.04177,121.58735,3
500111070,20231123,1187,18,14,1,25.04177,121.58735,4
500111070,20231123,1188,18,14,1,25.04177,121.58735,4
500111070,20231123,1189,18,14,1,25.04177,121.58735,4
500111070,20231123,1190,18,14,1,25.04177,121.58735,4
500111070,20231123,1191,18,14,1,25.04177,121.58735,4
500111070,20231123,1192,18,14,1,25.04177,121.58735,4
500111070,20231123,1193,18,14,1,25.04177,121.58735,4
500111070,20231123,1194,18,14,1,25.04177,121.58735,4
500111070,20231123,1195,18,14,1,25.04177,121.58735,4
500111070,20231123,1196,18,14,1,25.04177,121.58735,4
500111070,20231123,1197,18,14,1,25.04177,121.58735,4
500111070,20231123,1198,18,14,1,25.04177,121.58735,4
500111070,20231123,1199,18,14,1,25.04177,121.58735,4
500111070,20231123,1201,18,14,1,25.04177,121.58735,4
500111070,20231123,1202,18,14,1,25.04177,121.58735,4
500111070,20231123,1203,18,14,1,25.04177,121.58735,4
500111070,20231123,1206,18,14,1,25.04177,121.58735,4
500111070,20231123,1207,18,14,1,25.04177,121.58735,4
500111070,20231123,1209,18,14,1,25.04177,121.58735,4
500111070,20231123,1211,18,14,1,25.04177,121.58735,4
500111070,20231123,1212,18,14,1,25.04177,121.58735,4
500111070,20231123,1213,18,14,1,25.04177,121.58735,4
500111070,20231123,1214,18,14,1,25.04177,121.58735,4
500111070,20231123,1215,18,14,1,25.04177,121.58735,4
500111070,20231123,1216,18,14,1,25.04177,121.58735,4
500111070,20231123,1217,18,14,1,25.04177,121.58735,4
500111070,20231123,1218,18,13,1,25.04177,121.58735,5
500111070,20231123,1219,18,14,1,25.04177,121.58735,4
500111070,20231123,1221,18,14,1,25.04177,121.58735,4
500111070,20231123,1222,18,14,1,25.04177,121.58735,4
500111070,20231123,1223,18,14,1,25.04177,121.58735,4
500111070,20231123,1224,18,14,1,25.04177,121.58735,4
500111070,20231123,1225,18,14,1,25.04177,121.58735,4
500111070,20231123,1226,18,14,1,25.04177,121.58735,4
500111070,20231123,1227,18,14,1,25.04177,121.58735,4
500111070,20231123,1228,18,14,1,25.04177,121.58735,4
500111070,20231123,1229,18,14,1,25.04177,121.58735,4
500111070,20231123,1231,18,14,1,25.04177,121.58735,4
500111070,20231123,1232,18,14,1,25.04177,121.58735,4
500111070,20231123,1233,18,14,1,25.04177,121.58735,4
500111070,20231123,1234,18,14,1,25.04177,121.58735,4
500111070,20231123,1235,18,14,1,25.04177,121.58735,4
500111070,20231123,1236,18,14,1,25.04177,121.58735,4
500111070,20231123,1237,18,14,1,25.04177,121.58735,4
500111070,20231123,1238,18,14,1,25.04177,121.58735,4
500111070,20231123,1239,18,14,1,25.04177,121.58735,4
500111070,20231123,1240,18,14,1,25.04177,121.58735,4
500111070,20231123,1241,18,12,1,25.04177,121.58735,6
500111070,20231123,1242,18,12,1,25.04177,121.58735,6
500111070,20231123,1243,18,12,1,25.04177,121.58735,6
500111070,20231123,1244,18,12,1,25.04177,121.58735,6
500111070,20231123,1245,18,12,1,25.04177,121.58735,6
500111070,20231123,1246,18,10,1,25.04177,121.58735,8
500111070,20231123,1248,18,10,1,25.04177,121.58735,8
500111070,20231123,1249,18,11,1,25.04177,121.58735,7
500111070,20231123,1251,18,12,1,25.04177,121.58735,6
500111070,20231123,1252,18,13,1,25.04177,121.58735,5
500111070,20231123,1253,18,13,1,25.04177,121.58735,5
500111070,20231123,1254,18,13,1,25.04177,121.58735,5
500111070,20231123,1255,18,13,1,25.04177,121.58735,5
500111070,20231123,1256,18,13,1,25.04177,121.58735,5
500111070,20231123,1257,18,13,1,25.04177,121.58735,5
500111070,20231123,1258,18,13,1,25.04177,121.58735,5
500111070,20231123,1259,18,13,1,25.04177,121.58735,5
500111070,20231123,1261,18,13,1,25.04177,121.58735,5
500111070,20231123,1262,18,15,1,25.04177,121.58735,3
500111070,20231123,1263,18,16,1,25.04177,121.58735,2
500111070,20231123,1264,18,18,1,25.04177,121.58735,0
500111070,20231123,1265,18,18,1,25.04177,121.58735,0
500111070,20231123,1266,18,18,1,25.04177,121.58735,0
500111070,20231123,1267,18,18,1,25.04177,121.58735,0
500111070,20231123,1268,18,18,1,25.04177,121.58735,0
500111070,20231123,1269,18,18,1,25.04177,121.58735,0
500111070,20231123,1271,18,18,1,25.04177,121.58735,0
500111070,20231123,1272,18,18,1,25.04177,121.58735,0
500111070,20231123,1273,18,17,1,25.04177,121.58735,1
500111070,20231123,1274,18,17,1,25.04177,121.58735,1
500111070,20231123,1275,18,17,1,25.04177,121.58735,1
500111070,20231123,1276,18,17,1,25.04177,121.58735,1
500111070,20231123,1277,18,17,1,25.04177,121.58735,1
500111070,20231123,1278,18,17,1,25.04177,121.58735,1
500111070,20231123,1279,18,17,1,25.04177,121.58735,1
500111070,20231123,1281,18,16,1,25.04177,121.58735,2
500111070,20231123,1282,18,16,1,25.04177,121.58735,2
500111070,20231123,1283,18,15,1,25.04177,121.58735,3
500111070,20231123,1284,18,15,1,25.04177,121.58735,3
500111070,20231123,1285,18,15,1,25.04177,121.58735,3
500111070,20231123,1286,18,15,1,25.04177,121.58735,3
500111070,20231123,1287,18,15,1,25.04177,121.58735,3
500111070,20231123,1288,18,15,1,25.04177,121.58735,3
500111070,20231123,1289,18,15,1,25.04177,121.58735,3
500111070,20231123,1291,18,15,1,25.04177,121.58735,3
500111070,20231123,1292,18,14,1,25.04177,121.58735,4
500111070,20231123,1293,18,14,1,25.04177,121.58735,4
500111070,20231123,1294,18,14,1,25.04177,121.58735,4
500111070,20231123,1295,18,14,1,25.04177,121.58735,4
500111070,20231123,1296,18,13,1,25.04177,121.58735,5
500111070,20231123,1297,18,13,1,25.04177,121.58735,5
500111070,20231123,1298,18,13,1,25.04177,121.58735,5
500111070,20231123,1299,18,13,1,25.04177,121.58735,5
500111070,20231123,1300,18,13,1,25.04177,121.58735,5
500111070,20231123,1301,18,13,1,25.04177,121.58735,5
500111070,20231123,1302,18,13,1,25.04177,121.58735,5
500111070,20231123,1303,18,13,1,25.04177,121.58735,5
500111070,20231123,1304,18,13,1,25.04177,121.58735,5
500111070,20231123,1305,18,13,1,25.04177,121.58735,5
500111070,20231123,1306,18,13,1,25.04177,121.58735,5
500111070,20231123,1307,18,13,1,25.04177,121.58735,5
500111070,20231123,1308,18,13,1,25.04177,121.58735,5
500111070,20231123,1309,18,13,1,25.04177,121.58735,5
500111070,20231123,1310,18,12,1,25.04177,121.58735,6
500111070,20231123,1311,18,12,1,25.04177,121.58735,6
500111070,20231123,1312,18,12,1,25.04177,121.58735,6
500111070,20231123,1313,18,11,1,25.04177,121.58735,7
500111070,20231123,1314,18,11,1,25.04177,121.58735,7
500111070,20231123,1315,18,11,1,25.04177,121.58735,7
500111070,20231123,1316,18,8,1,25.04177,121.58735,10
500111070,20231123,1317,18,8,1,25.04177,121.58735,10
500111070,20231123,1318,18,8,1,25.04177,121.58735,10
500111070,20231123,1319,18,8,1,25.04177,121.58735,10
500111070,20231123,1321,18,8,1,25.04177,121.58735,10
500111070,20231123,1322,18,8,1,25.04177,121.58735,10
500111070,20231123,1323,18,8,1,25.04177,121.58735,10
500111070,20231123,1324,18,8,1,25.04177,121.58735,10
500111070,20231123,1325,18,8,1,25.04177,121.58735,10
500111070,20231123,1326,18,8,1,25.04177,121.58735,10
500111070,20231123,1327,18,8,1,25.04177,121.58735,10
500111070,20231123,1328,18,8,1,25.04177,121.58735,10
500111070,20231123,1329,18,8,1,25.04177,121.58735,10
500111070,20231123,1330,18,8,1,25.04177,121.58735,10
500111070,20231123,1331,18,8,1,25.04177,121.58735,10
500111070,20231123,1332,18,8,1,25.04177,121.58735,10
500111070,20231123,1333,18,8,1,25.04177,121.58735,10
500111070,20231123,1334,18,7,1,25.04177,121.58735,11
500111070,20231123,1335,18,8,1,25.04177,121.58735,10
500111070,20231123,1336,18,8,1,25.04177,121.58735,10
500111070,20231123,1337,18,8,1,25.04177,121.58735,10
500111070,20231123,1338,18,6,1,25.04177,121.58735,12
500111070,20231123,1339,18,6,1,25.04177,121.58735,12
500111070,20231123,1341,18,6,1,25.04177,121.58735,12
500111070,20231123,1342,18,6,1,25.04177,121.58735,12
500111070,20231123,1343,18,6,1,25.04177,121.58735,12
500111070,20231123,1344,18,6,1,25.04177,121.58735,12
500111070,20231123,1345,18,6,1,25.04177,121.58735,12
500111070,20231123,1346,18,6,1,25.04177,121.58735,12
500111070,20231123,1347,18,6,1,25.04177,121.58735,12
500111070,20231123,1348,18,6,1,25.04177,121.58735,12
500111070,20231123,1349,18,6,1,25.04177,121.58735,12
500111070,20231123,1350,18,6,1,25.04177,121.58735,12
500111070,20231123,1351,18,4,1,25.04177,121.58735,14
500111070,20231123,1352,18,4,1,25.04177,121.58735,14
500111070,20231123,1353,18,4,1,25.04177,121.58735,14
500111070,20231123,1354,18,4,1,25.04177,121.58735,14
500111070,20231123,1355,18,4,1,25.04177,121.58735,14
500111070,20231123,1356,18,5,1,25.04177,121.58735,13
500111070,20231123,1357,18,5,1,25.04177,121.58735,13
500111070,20231123,1358,18,5,1,25.04177,121.58735,13
500111070,20231123,1359,18,4,1,25.04177,121.58735,14
500111070,20231123,1360,18,4,1,25.04177,121.58735,14
500111070,20231123,1361,18,4,1,25.04177,121.58735,14
500111070,20231123,1362,18,6,1,25.04177,121.58735,12
500111070,20231123,1363,18,6,1,25.04177,121.58735,12
500111070,20231123,1364,18,4,1,25.04177,121.58735,14
500111070,20231123,1365,18,4,1,25.04177,121.58735,14
500111070,20231123,1366,18,4,1,25.04177,121.58735,14
500111070,20231123,1367,18,4,1,25.04177,121.58735,14
500111070,20231123,1368,18,4,1,25.04177,121.58735,14
500111070,20231123,1369,18,4,1,25.04177,121.58735,14
500111070,20231123,1370,18,4,1,25.04177,121.58735,14
500111070,20231123,1371,18,4,1,25.04177,121.58735,14
500111070,20231123,1372,18,4,1,25.04177,121.58735,14
500111070,20231123,1373,18,4,1,25.04177,121.58735,14
500111070,20231123,1374,18,4,1,25.04177,121.58735,14
500111070,20231123,1375,18,4,1,25.04177,121.58735,14
500111070,20231123,1376,18,4,1,25.04177,121.58735,14
500111070,20231123,1377,18,4,1,25.04177,121.58735,14
500111070,20231123,1378,18,4,1,25.04177,121.58735,14
500111070,20231123,1379,18,4,1,25.04177,121.58735,14
500111070,20231123,1381,18,4,1,25.04177,121.58735,14
500111070,20231123,1382,18,10,1,25.04177,121.58735,8
500111070,20231123,1383,18,10,1,25.04177,121.58735,8
500111070,20231123,1384,18,14,1,25.04177,121.58735,4
500111070,20231123,1385,18,14,1,25.04177,121.58735,4
500111070,20231123,1386,18,14,1,25.04177,121.58735,4
500111070,20231123,1387,18,14,1,25.04177,121.58735,4
500111070,20231123,1388,18,14,1,25.04177,121.58735,4
500111070,20231123,1389,18,14,1,25.04177,121.58735,4
500111070,20231123,1390,18,14,1,25.04177,121.58735,4
500111070,20231123,1391,18,14,1,25.04177,121.58735,4
500111070,20231123,1392,18,14,1,25.04177,121.58735,4
500111070,20231123,1393,18,14,1,25.04177,121.58735,4
500111070,20231123,1394,18,14,1,25.04177,121.58735,4
500111070,20231123,1395,18,14,1,25.04177,121.58735,4
500111070,20231123,1396,18,14,1,25.04177,121.58735,4
500111070,20231123,1397,18,14,1,25.04177,121.58735,4
500111070,20231123,1398,18,14,1,25.04177,121.58735,4
500111070,20231123,1399,18,14,1,25.04177,121.58735,4
500111070,20231123,1401,18,15,1,25.04177,121.58735,3
500111070,20231123,1402,18,15,1,25.04177,121.58735,3
500111070,20231123,1403,18,15,1,25.04177,121.58735,3
500111070,20231123,1404,18,15,1,25.04177,121.58735,3
500111070,20231123,1405,18,15,1,25.04177,121.58735,3
500111070,20231123,1406,18,15,1,25.04177,121.58735,3
500111070,20231123,1407,18,15,1,25.04177,121.58735,3
500111070,20231123,1408,18,15,1,25.04177,121.58735,3
500111070,20231123,1409,18,14,1,25.04177,121.58735,4
500111070,20231123,1410,18,14,1,25.04177,121.58735,4
500111070,20231123,1411,18,14,1,25.04177,121.58735,4
500111070,20231123,1412,18,14,1,25.04177,121.58735,4
500111070,20231123,1413,18,13,1,25.04177,121.58735,5
500111070,20231123,1414,18,14,1,25.04177,121.58735,4
500111070,20231123,1415,18,14,1,25.04177,121.58735,4
500111070,20231123,1416,18,14,1,25.04177,121.58735,4
500111070,20231123,1417,18,14,1,25.04177,121.58735,4
500111070,20231123,1418,18,14,1,25.04177,121.58735,4
500111070,20231123,1419,18,14,1,25.04177,121.58735,4
500111070,20231123,1420,18,14,1,25.04177,121.58735,4
500111070,20231123,1421,18,13,1,25.04177,121.58735,5
500111070,20231123,1422,18,13,1,25.04177,121.58735,5
500111070,20231123,1423,18,13,1,25.04177,121.58735,5
500111070,20231123,1424,18,12,1,25.04177,121.58735,6
500111070,20231123,1425,18,12,1,25.04177,121.58735,6
500111070,20231123,1426,18,12,1,25.04177,121.58735,6
500111070,20231123,1427,18,12,1,25.04177,121.58735,6
500111070,20231123,1428,18,11,1,25.04177,121.58735,7
500111070,20231123,1429,18,11,1,25.04177,121.58735,7
500111070,20231123,1430,18,11,1,25.04177,121.58735,7
500111070,20231123,1431,18,9,1,25.04177,121.58735,9
500111070,20231123,1432,18,9,1,25.04177,121.58735,9
500111070,20231123,1433,18,9,1,25.04177,121.58735,9
500111070,20231123,1434,18,10,1,25.04177,121.58735,8
500111070,20231123,1435,18,10,1,25.04177,121.58735,8
500111070,20231123,1436,18,10,1,25.04177,121.58735,8
500111070,20231123,1437,18,10,1,25.04177,121.58735,8
500111070,20231123,1438,18,10,1,25.04177,121.58735,8
500111070,20231123,1439,18,10,1,25.04177,121.58735,8
