500103004,20231002,1,23,14,1,25.06864,121.5107,9
500103004,20231002,2,23,14,1,25.06864,121.5107,9
500103004,20231002,3,23,13,1,25.06864,121.5107,10
500103004,20231002,4,23,13,1,25.06864,121.5107,10
500103004,20231002,5,23,13,1,25.06864,121.5107,10
500103004,20231002,6,23,13,1,25.06864,121.5107,10
500103004,20231002,7,23,13,1,25.06864,121.5107,10
500103004,20231002,8,23,13,1,25.06864,121.5107,10
500103004,20231002,9,23,13,1,25.06864,121.5107,10
500103004,20231002,10,23,13,1,25.06864,121.5107,10
500103004,20231002,11,23,13,1,25.06864,121.5107,10
500103004,20231002,12,23,13,1,25.06864,121.5107,10
500103004,20231002,13,23,13,1,25.06864,121.5107,10
500103004,20231002,14,23,13,1,25.06864,121.5107,10
500103004,20231002,15,23,13,1,25.06864,121.5107,10
500103004,20231002,16,23,13,1,25.06864,121.5107,10
500103004,20231002,17,23,13,1,25.06864,121.5107,10
500103004,20231002,18,23,13,1,25.06864,121.5107,10
500103004,20231002,19,23,13,1,25.06864,121.5107,10
500103004,20231002,21,23,13,1,25.06864,121.5107,10
500103004,20231002,22,23,13,1,25.06864,121.5107,10
500103004,20231002,23,23,13,1,25.06864,121.5107,10
500103004,20231002,24,23,13,1,25.06864,121.5107,10
500103004,20231002,25,23,13,1,25.06864,121.5107,10
500103004,20231002,26,23,13,1,25.06864,121.5107,10
500103004,20231002,27,23,13,1,25.06864,121.5107,10
500103004,20231002,28,23,13,1,25.06864,121.5107,10
500103004,20231002,29,23,13,1,25.06864,121.5107,10
500103004,20231002,30,23,13,1,25.06864,121.5107,10
500103004,20231002,31,23,13,1,25.06864,121.5107,10
500103004,20231002,32,23,13,1,25.06864,121.5107,10
500103004,20231002,33,23,13,1,25.06864,121.5107,10
500103004,20231002,34,23,13,1,25.06864,121.5107,10
500103004,20231002,35,23,13,1,25.06864,121.5107,10
500103004,20231002,36,23,13,1,25.06864,121.5107,10
500103004,20231002,37,23,13,1,25.06864,121.5107,10
500103004,20231002,38,23,13,1,25.06864,121.5107,10
500103004,20231002,39,23,13,1,25.06864,121.5107,10
500103004,20231002,40,23,13,1,25.06864,121.5107,10
500103004,20231002,41,23,13,1,25.06864,121.5107,10
500103004,20231002,42,23,13,1,25.06864,121.5107,10
500103004,20231002,43,23,13,1,25.06864,121.5107,10
500103004,20231002,44,23,13,1,25.06864,121.5107,10
500103004,20231002,45,23,13,1,25.06864,121.5107,10
500103004,20231002,46,23,13,1,25.06864,121.5107,10
500103004,20231002,47,23,13,1,25.06864,121.5107,10
500103004,20231002,48,23,13,1,25.06864,121.5107,10
500103004,20231002,49,23,13,1,25.06864,121.5107,10
500103004,20231002,50,23,13,1,25.06864,121.5107,10
500103004,20231002,51,23,13,1,25.06864,121.5107,10
500103004,20231002,52,23,13,1,25.06864,121.5107,10
500103004,20231002,53,23,13,1,25.06864,121.5107,10
500103004,20231002,54,23,13,1,25.06864,121.5107,10
500103004,20231002,55,23,13,1,25.06864,121.5107,10
500103004,20231002,56,23,11,1,25.06864,121.5107,12
500103004,20231002,57,23,10,1,25.06864,121.5107,13
500103004,20231002,58,23,10,1,25.06864,121.5107,13
500103004,20231002,59,23,10,1,25.06864,121.5107,13
500103004,20231002,60,23,10,1,25.06864,121.5107,13
500103004,20231002,61,23,10,1,25.06864,121.5107,13
500103004,20231002,62,23,10,1,25.06864,121.5107,13
500103004,20231002,63,23,10,1,25.06864,121.5107,13
500103004,20231002,64,23,10,1,25.06864,121.5107,13
500103004,20231002,65,23,10,1,25.06864,121.5107,13
500103004,20231002,66,23,10,1,25.06864,121.5107,13
500103004,20231002,67,23,10,1,25.06864,121.5107,13
500103004,20231002,68,23,10,1,25.06864,121.5107,13
500103004,20231002,69,23,10,1,25.06864,121.5107,13
500103004,20231002,70,23,10,1,25.06864,121.5107,13
500103004,20231002,71,23,10,1,25.06864,121.5107,13
500103004,20231002,72,23,10,1,25.06864,121.5107,13
500103004,20231002,73,23,10,1,25.06864,121.5107,13
500103004,20231002,74,23,10,1,25.06864,121.5107,13
500103004,20231002,75,23,10,1,25.06864,121.5107,13
500103004,20231002,76,23,10,1,25.06864,121.5107,13
500103004,20231002,77,23,10,1,25.06864,121.5107,13
500103004,20231002,78,23,10,1,25.06864,121.5107,13
500103004,20231002,79,23,10,1,25.06864,121.5107,13
500103004,20231002,81,23,10,1,25.06864,121.5107,13
500103004,20231002,82,23,10,1,25.06864,121.5107,13
500103004,20231002,83,23,10,1,25.06864,121.5107,13
500103004,20231002,84,23,10,1,25.06864,121.5107,13
500103004,20231002,85,23,10,1,25.06864,121.5107,13
500103004,20231002,86,23,8,1,25.06864,121.5107,15
500103004,20231002,87,23,8,1,25.06864,121.5107,15
500103004,20231002,88,23,8,1,25.06864,121.5107,15
500103004,20231002,89,23,8,1,25.06864,121.5107,15
500103004,20231002,90,23,8,1,25.06864,121.5107,15
500103004,20231002,91,23,8,1,25.06864,121.5107,15
500103004,20231002,92,23,8,1,25.06864,121.5107,15
500103004,20231002,93,23,8,1,25.06864,121.5107,15
500103004,20231002,94,23,8,1,25.06864,121.5107,15
500103004,20231002,95,23,8,1,25.06864,121.5107,15
500103004,20231002,96,23,8,1,25.06864,121.5107,15
500103004,20231002,97,23,8,1,25.06864,121.5107,15
500103004,20231002,98,23,8,1,25.06864,121.5107,15
500103004,20231002,99,23,8,1,25.06864,121.5107,15
500103004,20231002,100,23,9,1,25.06864,121.5107,14
500103004,20231002,101,23,9,1,25.06864,121.5107,14
500103004,20231002,102,23,9,1,25.06864,121.5107,14
500103004,20231002,103,23,9,1,25.06864,121.5107,14
500103004,20231002,104,23,9,1,25.06864,121.5107,14
500103004,20231002,105,23,9,1,25.06864,121.5107,14
500103004,20231002,106,23,9,1,25.06864,121.5107,14
500103004,20231002,107,23,9,1,25.06864,121.5107,14
500103004,20231002,108,23,9,1,25.06864,121.5107,14
500103004,20231002,109,23,9,1,25.06864,121.5107,14
500103004,20231002,110,23,9,1,25.06864,121.5107,14
500103004,20231002,111,23,9,1,25.06864,121.5107,14
500103004,20231002,112,23,9,1,25.06864,121.5107,14
500103004,20231002,113,23,9,1,25.06864,121.5107,14
500103004,20231002,114,23,9,1,25.06864,121.5107,14
500103004,20231002,115,23,9,1,25.06864,121.5107,14
500103004,20231002,116,23,9,1,25.06864,121.5107,14
500103004,20231002,117,23,9,1,25.06864,121.5107,14
500103004,20231002,118,23,9,1,25.06864,121.5107,14
500103004,20231002,119,23,9,1,25.06864,121.5107,14
500103004,20231002,121,23,9,1,25.06864,121.5107,14
500103004,20231002,122,23,9,1,25.06864,121.5107,14
500103004,20231002,123,23,9,1,25.06864,121.5107,14
500103004,20231002,124,23,9,1,25.06864,121.5107,14
500103004,20231002,125,23,9,1,25.06864,121.5107,14
500103004,20231002,126,23,9,1,25.06864,121.5107,14
500103004,20231002,127,23,9,1,25.06864,121.5107,14
500103004,20231002,128,23,9,1,25.06864,121.5107,14
500103004,20231002,129,23,9,1,25.06864,121.5107,14
500103004,20231002,130,23,9,1,25.06864,121.5107,14
500103004,20231002,131,23,9,1,25.06864,121.5107,14
500103004,20231002,132,23,9,1,25.06864,121.5107,14
500103004,20231002,133,23,9,1,25.06864,121.5107,14
500103004,20231002,134,23,9,1,25.06864,121.5107,14
500103004,20231002,135,23,9,1,25.06864,121.5107,14
500103004,20231002,136,23,9,1,25.06864,121.5107,14
500103004,20231002,137,23,9,1,25.06864,121.5107,14
500103004,20231002,138,23,9,1,25.06864,121.5107,14
500103004,20231002,139,23,9,1,25.06864,121.5107,14
500103004,20231002,141,23,9,1,25.06864,121.5107,14
500103004,20231002,142,23,9,1,25.06864,121.5107,14
500103004,20231002,143,23,9,1,25.06864,121.5107,14
500103004,20231002,144,23,9,1,25.06864,121.5107,14
500103004,20231002,145,23,9,1,25.06864,121.5107,14
500103004,20231002,146,23,9,1,25.06864,121.5107,14
500103004,20231002,147,23,9,1,25.06864,121.5107,14
500103004,20231002,148,23,9,1,25.06864,121.5107,14
500103004,20231002,149,23,9,1,25.06864,121.5107,14
500103004,20231002,150,23,9,1,25.06864,121.5107,14
500103004,20231002,151,23,9,1,25.06864,121.5107,14
500103004,20231002,152,23,9,1,25.06864,121.5107,14
500103004,20231002,153,23,9,1,25.06864,121.5107,14
500103004,20231002,154,23,9,1,25.06864,121.5107,14
500103004,20231002,155,23,9,1,25.06864,121.5107,14
500103004,20231002,156,23,9,1,25.06864,121.5107,14
500103004,20231002,157,23,9,1,25.06864,121.5107,14
500103004,20231002,158,23,9,1,25.06864,121.5107,14
500103004,20231002,159,23,9,1,25.06864,121.5107,14
500103004,20231002,160,23,9,1,25.06864,121.5107,14
500103004,20231002,161,23,9,1,25.06864,121.5107,14
500103004,20231002,162,23,9,1,25.06864,121.5107,14
500103004,20231002,163,23,9,1,25.06864,121.5107,14
500103004,20231002,164,23,9,1,25.06864,121.5107,14
500103004,20231002,165,23,9,1,25.06864,121.5107,14
500103004,20231002,166,23,9,1,25.06864,121.5107,14
500103004,20231002,167,23,9,1,25.06864,121.5107,14
500103004,20231002,168,23,9,1,25.06864,121.5107,14
500103004,20231002,169,23,9,1,25.06864,121.5107,14
500103004,20231002,170,23,9,1,25.06864,121.5107,14
500103004,20231002,171,23,9,1,25.06864,121.5107,14
500103004,20231002,172,23,9,1,25.06864,121.5107,14
500103004,20231002,173,23,9,1,25.06864,121.5107,14
500103004,20231002,174,23,9,1,25.06864,121.5107,14
500103004,20231002,175,23,9,1,25.06864,121.5107,14
500103004,20231002,176,23,9,1,25.06864,121.5107,14
500103004,20231002,177,23,9,1,25.06864,121.5107,14
500103004,20231002,178,23,9,1,25.06864,121.5107,14
500103004,20231002,179,23,9,1,25.06864,121.5107,14
500103004,20231002,180,23,9,1,25.06864,121.5107,14
500103004,20231002,181,23,9,1,25.06864,121.5107,14
500103004,20231002,182,23,9,1,25.06864,121.5107,14
500103004,20231002,183,23,9,1,25.06864,121.5107,14
500103004,20231002,184,23,9,1,25.06864,121.5107,14
500103004,20231002,185,23,9,1,25.06864,121.5107,14
500103004,20231002,186,23,9,1,25.06864,121.5107,14
500103004,20231002,187,23,9,1,25.06864,121.5107,14
500103004,20231002,188,23,9,1,25.06864,121.5107,14
500103004,20231002,189,23,9,1,25.06864,121.5107,14
500103004,20231002,190,23,9,1,25.06864,121.5107,14
500103004,20231002,191,23,9,1,25.06864,121.5107,14
500103004,20231002,192,23,9,1,25.06864,121.5107,14
500103004,20231002,193,23,9,1,25.06864,121.5107,14
500103004,20231002,194,23,9,1,25.06864,121.5107,14
500103004,20231002,195,23,9,1,25.06864,121.5107,14
500103004,20231002,196,23,9,1,25.06864,121.5107,14
500103004,20231002,197,23,9,1,25.06864,121.5107,14
500103004,20231002,198,23,9,1,25.06864,121.5107,14
500103004,20231002,199,23,9,1,25.06864,121.5107,14
500103004,20231002,201,23,9,1,25.06864,121.5107,14
500103004,20231002,202,23,9,1,25.06864,121.5107,14
500103004,20231002,203,23,9,1,25.06864,121.5107,14
500103004,20231002,204,23,9,1,25.06864,121.5107,14
500103004,20231002,205,23,9,1,25.06864,121.5107,14
500103004,20231002,206,23,9,1,25.06864,121.5107,14
500103004,20231002,207,23,9,1,25.06864,121.5107,14
500103004,20231002,208,23,9,1,25.06864,121.5107,14
500103004,20231002,209,23,9,1,25.06864,121.5107,14
500103004,20231002,210,23,9,1,25.06864,121.5107,14
500103004,20231002,211,23,9,1,25.06864,121.5107,14
500103004,20231002,212,23,9,1,25.06864,121.5107,14
500103004,20231002,213,23,9,1,25.06864,121.5107,14
500103004,20231002,214,23,9,1,25.06864,121.5107,14
500103004,20231002,215,23,9,1,25.06864,121.5107,14
500103004,20231002,216,23,9,1,25.06864,121.5107,14
500103004,20231002,217,23,9,1,25.06864,121.5107,14
500103004,20231002,218,23,9,1,25.06864,121.5107,14
500103004,20231002,219,23,9,1,25.06864,121.5107,14
500103004,20231002,220,23,9,1,25.06864,121.5107,14
500103004,20231002,221,23,9,1,25.06864,121.5107,14
500103004,20231002,222,23,9,1,25.06864,121.5107,14
500103004,20231002,223,23,9,1,25.06864,121.5107,14
500103004,20231002,224,23,9,1,25.06864,121.5107,14
500103004,20231002,225,23,9,1,25.06864,121.5107,14
500103004,20231002,226,23,9,1,25.06864,121.5107,14
500103004,20231002,227,23,9,1,25.06864,121.5107,14
500103004,20231002,228,23,9,1,25.06864,121.5107,14
500103004,20231002,229,23,9,1,25.06864,121.5107,14
500103004,20231002,230,23,9,1,25.06864,121.5107,14
500103004,20231002,231,23,9,1,25.06864,121.5107,14
500103004,20231002,232,23,9,1,25.06864,121.5107,14
500103004,20231002,233,23,9,1,25.06864,121.5107,14
500103004,20231002,234,23,9,1,25.06864,121.5107,14
500103004,20231002,235,23,9,1,25.06864,121.5107,14
500103004,20231002,236,23,9,1,25.06864,121.5107,14
500103004,20231002,237,23,9,1,25.06864,121.5107,14
500103004,20231002,238,23,9,1,25.06864,121.5107,14
500103004,20231002,239,23,9,1,25.06864,121.5107,14
500103004,20231002,240,23,9,1,25.06864,121.5107,14
500103004,20231002,241,23,9,1,25.06864,121.5107,14
500103004,20231002,242,23,9,1,25.06864,121.5107,14
500103004,20231002,243,23,9,1,25.06864,121.5107,14
500103004,20231002,244,23,9,1,25.06864,121.5107,14
500103004,20231002,245,23,9,1,25.06864,121.5107,14
500103004,20231002,246,23,9,1,25.06864,121.5107,14
500103004,20231002,247,23,9,1,25.06864,121.5107,14
500103004,20231002,248,23,9,1,25.06864,121.5107,14
500103004,20231002,249,23,9,1,25.06864,121.5107,14
500103004,20231002,250,23,9,1,25.06864,121.5107,14
500103004,20231002,251,23,9,1,25.06864,121.5107,14
500103004,20231002,252,23,9,1,25.06864,121.5107,14
500103004,20231002,253,23,9,1,25.06864,121.5107,14
500103004,20231002,254,23,9,1,25.06864,121.5107,14
500103004,20231002,255,23,9,1,25.06864,121.5107,14
500103004,20231002,256,23,9,1,25.06864,121.5107,14
500103004,20231002,257,23,9,1,25.06864,121.5107,14
500103004,20231002,258,23,9,1,25.06864,121.5107,14
500103004,20231002,259,23,9,1,25.06864,121.5107,14
500103004,20231002,261,23,9,1,25.06864,121.5107,14
500103004,20231002,262,23,9,1,25.06864,121.5107,14
500103004,20231002,264,23,9,1,25.06864,121.5107,14
500103004,20231002,265,23,9,1,25.06864,121.5107,14
500103004,20231002,266,23,9,1,25.06864,121.5107,14
500103004,20231002,267,23,9,1,25.06864,121.5107,14
500103004,20231002,268,23,9,1,25.06864,121.5107,14
500103004,20231002,269,23,9,1,25.06864,121.5107,14
500103004,20231002,270,23,9,1,25.06864,121.5107,14
500103004,20231002,271,23,9,1,25.06864,121.5107,14
500103004,20231002,272,23,9,1,25.06864,121.5107,14
500103004,20231002,273,23,9,1,25.06864,121.5107,14
500103004,20231002,274,23,10,1,25.06864,121.5107,13
500103004,20231002,275,23,10,1,25.06864,121.5107,13
500103004,20231002,276,23,10,1,25.06864,121.5107,13
500103004,20231002,277,23,10,1,25.06864,121.5107,13
500103004,20231002,278,23,10,1,25.06864,121.5107,13
500103004,20231002,279,23,10,1,25.06864,121.5107,13
500103004,20231002,280,23,10,1,25.06864,121.5107,13
500103004,20231002,281,23,10,1,25.06864,121.5107,13
500103004,20231002,282,23,10,1,25.06864,121.5107,13
500103004,20231002,283,23,10,1,25.06864,121.5107,13
500103004,20231002,284,23,10,1,25.06864,121.5107,13
500103004,20231002,285,23,10,1,25.06864,121.5107,13
500103004,20231002,286,23,10,1,25.06864,121.5107,13
500103004,20231002,287,23,10,1,25.06864,121.5107,13
500103004,20231002,288,23,10,1,25.06864,121.5107,13
500103004,20231002,289,23,10,1,25.06864,121.5107,13
500103004,20231002,290,23,10,1,25.06864,121.5107,13
500103004,20231002,291,23,10,1,25.06864,121.5107,13
500103004,20231002,292,23,10,1,25.06864,121.5107,13
500103004,20231002,293,23,10,1,25.06864,121.5107,13
500103004,20231002,294,23,10,1,25.06864,121.5107,13
500103004,20231002,295,23,10,1,25.06864,121.5107,13
500103004,20231002,296,23,10,1,25.06864,121.5107,13
500103004,20231002,297,23,10,1,25.06864,121.5107,13
500103004,20231002,298,23,10,1,25.06864,121.5107,13
500103004,20231002,299,23,10,1,25.06864,121.5107,13
500103004,20231002,300,23,10,1,25.06864,121.5107,13
500103004,20231002,301,23,10,1,25.06864,121.5107,13
500103004,20231002,302,23,10,1,25.06864,121.5107,13
500103004,20231002,303,23,10,1,25.06864,121.5107,13
500103004,20231002,304,23,10,1,25.06864,121.5107,13
500103004,20231002,305,23,10,1,25.06864,121.5107,13
500103004,20231002,306,23,10,1,25.06864,121.5107,13
500103004,20231002,307,23,10,1,25.06864,121.5107,13
500103004,20231002,308,23,10,1,25.06864,121.5107,13
500103004,20231002,309,23,10,1,25.06864,121.5107,13
500103004,20231002,310,23,10,1,25.06864,121.5107,13
500103004,20231002,311,23,10,1,25.06864,121.5107,13
500103004,20231002,312,23,10,1,25.06864,121.5107,13
500103004,20231002,313,23,10,1,25.06864,121.5107,13
500103004,20231002,314,23,10,1,25.06864,121.5107,13
500103004,20231002,315,23,10,1,25.06864,121.5107,13
500103004,20231002,316,23,10,1,25.06864,121.5107,13
500103004,20231002,317,23,10,1,25.06864,121.5107,13
500103004,20231002,318,23,10,1,25.06864,121.5107,13
500103004,20231002,319,23,10,1,25.06864,121.5107,13
500103004,20231002,321,23,10,1,25.06864,121.5107,13
500103004,20231002,322,23,10,1,25.06864,121.5107,13
500103004,20231002,323,23,10,1,25.06864,121.5107,13
500103004,20231002,324,23,10,1,25.06864,121.5107,13
500103004,20231002,325,23,10,1,25.06864,121.5107,13
500103004,20231002,326,23,10,1,25.06864,121.5107,13
500103004,20231002,327,23,10,1,25.06864,121.5107,13
500103004,20231002,328,23,10,1,25.06864,121.5107,13
500103004,20231002,329,23,10,1,25.06864,121.5107,13
500103004,20231002,330,23,10,1,25.06864,121.5107,13
500103004,20231002,331,23,10,1,25.06864,121.5107,13
500103004,20231002,332,23,10,1,25.06864,121.5107,13
500103004,20231002,333,23,10,1,25.06864,121.5107,13
500103004,20231002,334,23,10,1,25.06864,121.5107,13
500103004,20231002,335,23,10,1,25.06864,121.5107,13
500103004,20231002,336,23,10,1,25.06864,121.5107,13
500103004,20231002,337,23,10,1,25.06864,121.5107,13
500103004,20231002,338,23,10,1,25.06864,121.5107,13
500103004,20231002,339,23,10,1,25.06864,121.5107,13
500103004,20231002,340,23,10,1,25.06864,121.5107,13
500103004,20231002,341,23,10,1,25.06864,121.5107,13
500103004,20231002,342,23,10,1,25.06864,121.5107,13
500103004,20231002,343,23,10,1,25.06864,121.5107,13
500103004,20231002,344,23,10,1,25.06864,121.5107,13
500103004,20231002,345,23,10,1,25.06864,121.5107,13
500103004,20231002,346,23,10,1,25.06864,121.5107,13
500103004,20231002,347,23,10,1,25.06864,121.5107,13
500103004,20231002,348,23,10,1,25.06864,121.5107,13
500103004,20231002,349,23,10,1,25.06864,121.5107,13
500103004,20231002,350,23,10,1,25.06864,121.5107,13
500103004,20231002,351,23,10,1,25.06864,121.5107,13
500103004,20231002,352,23,10,1,25.06864,121.5107,13
500103004,20231002,353,23,10,1,25.06864,121.5107,13
500103004,20231002,354,23,10,1,25.06864,121.5107,13
500103004,20231002,355,23,10,1,25.06864,121.5107,13
500103004,20231002,356,23,11,1,25.06864,121.5107,12
500103004,20231002,357,23,11,1,25.06864,121.5107,12
500103004,20231002,358,23,11,1,25.06864,121.5107,12
500103004,20231002,359,23,11,1,25.06864,121.5107,12
500103004,20231002,360,23,11,1,25.06864,121.5107,12
500103004,20231002,361,23,10,1,25.06864,121.5107,13
500103004,20231002,362,23,10,1,25.06864,121.5107,13
500103004,20231002,363,23,9,1,25.06864,121.5107,14
500103004,20231002,364,23,9,1,25.06864,121.5107,14
500103004,20231002,365,23,9,1,25.06864,121.5107,14
500103004,20231002,366,23,10,1,25.06864,121.5107,13
500103004,20231002,367,23,10,1,25.06864,121.5107,13
500103004,20231002,368,23,9,1,25.06864,121.5107,14
500103004,20231002,369,23,9,1,25.06864,121.5107,14
500103004,20231002,370,23,9,1,25.06864,121.5107,14
500103004,20231002,371,23,9,1,25.06864,121.5107,14
500103004,20231002,372,23,9,1,25.06864,121.5107,14
500103004,20231002,373,23,9,1,25.06864,121.5107,14
500103004,20231002,374,23,9,1,25.06864,121.5107,14
500103004,20231002,375,23,9,1,25.06864,121.5107,14
500103004,20231002,376,23,8,1,25.06864,121.5107,15
500103004,20231002,377,23,8,1,25.06864,121.5107,15
500103004,20231002,378,23,8,1,25.06864,121.5107,15
500103004,20231002,379,23,8,1,25.06864,121.5107,15
500103004,20231002,381,23,8,1,25.06864,121.5107,15
500103004,20231002,382,23,9,1,25.06864,121.5107,14
500103004,20231002,383,23,9,1,25.06864,121.5107,14
500103004,20231002,384,23,10,1,25.06864,121.5107,13
500103004,20231002,385,23,10,1,25.06864,121.5107,13
500103004,20231002,386,23,9,1,25.06864,121.5107,14
500103004,20231002,387,23,8,1,25.06864,121.5107,15
500103004,20231002,388,23,8,1,25.06864,121.5107,15
500103004,20231002,389,23,8,1,25.06864,121.5107,15
500103004,20231002,390,23,8,1,25.06864,121.5107,15
500103004,20231002,391,23,9,1,25.06864,121.5107,14
500103004,20231002,392,23,9,1,25.06864,121.5107,14
500103004,20231002,393,23,9,1,25.06864,121.5107,14
500103004,20231002,394,23,9,1,25.06864,121.5107,14
500103004,20231002,395,23,9,1,25.06864,121.5107,14
500103004,20231002,396,23,9,1,25.06864,121.5107,14
500103004,20231002,397,23,10,1,25.06864,121.5107,13
500103004,20231002,398,23,10,1,25.06864,121.5107,13
500103004,20231002,399,23,10,1,25.06864,121.5107,13
500103004,20231002,400,23,10,1,25.06864,121.5107,13
500103004,20231002,401,23,10,1,25.06864,121.5107,13
500103004,20231002,402,23,10,1,25.06864,121.5107,13
500103004,20231002,403,23,10,1,25.06864,121.5107,13
500103004,20231002,404,23,10,1,25.06864,121.5107,13
500103004,20231002,405,23,10,1,25.06864,121.5107,13
500103004,20231002,406,23,10,1,25.06864,121.5107,13
500103004,20231002,407,23,10,1,25.06864,121.5107,13
500103004,20231002,408,23,10,1,25.06864,121.5107,13
500103004,20231002,409,23,10,1,25.06864,121.5107,13
500103004,20231002,410,23,11,1,25.06864,121.5107,12
500103004,20231002,411,23,11,1,25.06864,121.5107,12
500103004,20231002,412,23,12,1,25.06864,121.5107,11
500103004,20231002,413,23,12,1,25.06864,121.5107,11
500103004,20231002,414,23,12,1,25.06864,121.5107,11
500103004,20231002,415,23,12,1,25.06864,121.5107,11
500103004,20231002,416,23,12,1,25.06864,121.5107,11
500103004,20231002,417,23,13,1,25.06864,121.5107,10
500103004,20231002,418,23,14,1,25.06864,121.5107,9
500103004,20231002,419,23,14,1,25.06864,121.5107,9
500103004,20231002,421,23,14,1,25.06864,121.5107,9
500103004,20231002,422,23,14,1,25.06864,121.5107,9
500103004,20231002,423,23,15,1,25.06864,121.5107,8
500103004,20231002,424,23,15,1,25.06864,121.5107,8
500103004,20231002,425,23,15,1,25.06864,121.5107,8
500103004,20231002,426,23,16,1,25.06864,121.5107,7
500103004,20231002,427,23,16,1,25.06864,121.5107,7
500103004,20231002,428,23,16,1,25.06864,121.5107,7
500103004,20231002,429,23,16,1,25.06864,121.5107,7
500103004,20231002,430,23,17,1,25.06864,121.5107,6
500103004,20231002,431,23,17,1,25.06864,121.5107,6
500103004,20231002,432,23,17,1,25.06864,121.5107,6
500103004,20231002,433,23,17,1,25.06864,121.5107,6
500103004,20231002,434,23,17,1,25.06864,121.5107,6
500103004,20231002,435,23,18,1,25.06864,121.5107,5
500103004,20231002,436,23,18,1,25.06864,121.5107,5
500103004,20231002,437,23,18,1,25.06864,121.5107,5
500103004,20231002,438,23,18,1,25.06864,121.5107,5
500103004,20231002,439,23,19,1,25.06864,121.5107,4
500103004,20231002,441,23,20,1,25.06864,121.5107,3
500103004,20231002,442,23,20,1,25.06864,121.5107,3
500103004,20231002,443,23,21,1,25.06864,121.5107,2
500103004,20231002,444,23,21,1,25.06864,121.5107,2
500103004,20231002,445,23,21,1,25.06864,121.5107,2
500103004,20231002,446,23,22,1,25.06864,121.5107,1
500103004,20231002,447,23,22,1,25.06864,121.5107,1
500103004,20231002,448,23,23,1,25.06864,121.5107,0
500103004,20231002,449,23,23,1,25.06864,121.5107,0
500103004,20231002,451,23,23,1,25.06864,121.5107,0
500103004,20231002,452,23,23,1,25.06864,121.5107,0
500103004,20231002,453,23,23,1,25.06864,121.5107,0
500103004,20231002,454,23,23,1,25.06864,121.5107,0
500103004,20231002,455,23,23,1,25.06864,121.5107,0
500103004,20231002,456,23,23,1,25.06864,121.5107,0
500103004,20231002,457,23,23,1,25.06864,121.5107,0
500103004,20231002,458,23,23,1,25.06864,121.5107,0
500103004,20231002,459,23,22,1,25.06864,121.5107,1
500103004,20231002,460,23,23,1,25.06864,121.5107,0
500103004,20231002,461,23,23,1,25.06864,121.5107,0
500103004,20231002,462,23,23,1,25.06864,121.5107,0
500103004,20231002,463,23,23,1,25.06864,121.5107,0
500103004,20231002,464,23,23,1,25.06864,121.5107,0
500103004,20231002,465,23,23,1,25.06864,121.5107,0
500103004,20231002,466,23,23,1,25.06864,121.5107,0
500103004,20231002,467,23,22,1,25.06864,121.5107,1
500103004,20231002,468,23,22,1,25.06864,121.5107,1
500103004,20231002,469,23,22,1,25.06864,121.5107,1
500103004,20231002,470,23,22,1,25.06864,121.5107,1
500103004,20231002,471,23,22,1,25.06864,121.5107,1
500103004,20231002,472,23,23,1,25.06864,121.5107,0
500103004,20231002,473,23,23,1,25.06864,121.5107,0
500103004,20231002,474,23,23,1,25.06864,121.5107,0
500103004,20231002,475,23,23,1,25.06864,121.5107,0
500103004,20231002,476,23,23,1,25.06864,121.5107,0
500103004,20231002,477,23,23,1,25.06864,121.5107,0
500103004,20231002,478,23,23,1,25.06864,121.5107,0
500103004,20231002,479,23,23,1,25.06864,121.5107,0
500103004,20231002,481,23,23,1,25.06864,121.5107,0
500103004,20231002,482,23,23,1,25.06864,121.5107,0
500103004,20231002,483,23,23,1,25.06864,121.5107,0
500103004,20231002,484,23,23,1,25.06864,121.5107,0
500103004,20231002,485,23,23,1,25.06864,121.5107,0
500103004,20231002,486,23,23,1,25.06864,121.5107,0
500103004,20231002,487,23,23,1,25.06864,121.5107,0
500103004,20231002,488,23,23,1,25.06864,121.5107,0
500103004,20231002,489,23,23,1,25.06864,121.5107,0
500103004,20231002,490,23,22,1,25.06864,121.5107,1
500103004,20231002,491,23,23,1,25.06864,121.5107,0
500103004,20231002,492,23,23,1,25.06864,121.5107,0
500103004,20231002,493,23,23,1,25.06864,121.5107,0
500103004,20231002,494,23,23,1,25.06864,121.5107,0
500103004,20231002,495,23,23,1,25.06864,121.5107,0
500103004,20231002,496,23,23,1,25.06864,121.5107,0
500103004,20231002,497,23,23,1,25.06864,121.5107,0
500103004,20231002,498,23,23,1,25.06864,121.5107,0
500103004,20231002,499,23,23,1,25.06864,121.5107,0
500103004,20231002,501,23,23,1,25.06864,121.5107,0
500103004,20231002,502,23,23,1,25.06864,121.5107,0
500103004,20231002,503,23,23,1,25.06864,121.5107,0
500103004,20231002,504,23,23,1,25.06864,121.5107,0
500103004,20231002,505,23,23,1,25.06864,121.5107,0
500103004,20231002,506,23,23,1,25.06864,121.5107,0
500103004,20231002,507,23,23,1,25.06864,121.5107,0
500103004,20231002,508,23,23,1,25.06864,121.5107,0
500103004,20231002,509,23,23,1,25.06864,121.5107,0
500103004,20231002,512,23,23,1,25.06864,121.5107,0
500103004,20231002,513,23,23,1,25.06864,121.5107,0
500103004,20231002,514,23,23,1,25.06864,121.5107,0
500103004,20231002,515,23,23,1,25.06864,121.5107,0
500103004,20231002,516,23,23,1,25.06864,121.5107,0
500103004,20231002,517,23,23,1,25.06864,121.5107,0
500103004,20231002,518,23,23,1,25.06864,121.5107,0
500103004,20231002,519,23,23,1,25.06864,121.5107,0
500103004,20231002,521,23,23,1,25.06864,121.5107,0
500103004,20231002,522,23,23,1,25.06864,121.5107,0
500103004,20231002,523,23,23,1,25.06864,121.5107,0
500103004,20231002,524,23,23,1,25.06864,121.5107,0
500103004,20231002,525,23,23,1,25.06864,121.5107,0
500103004,20231002,526,23,22,1,25.06864,121.5107,1
500103004,20231002,528,23,21,1,25.06864,121.5107,2
500103004,20231002,529,23,21,1,25.06864,121.5107,2
500103004,20231002,531,23,21,1,25.06864,121.5107,2
500103004,20231002,532,23,21,1,25.06864,121.5107,2
500103004,20231002,533,23,20,1,25.06864,121.5107,3
500103004,20231002,534,23,20,1,25.06864,121.5107,3
500103004,20231002,535,23,20,1,25.06864,121.5107,3
500103004,20231002,536,23,20,1,25.06864,121.5107,3
500103004,20231002,537,23,20,1,25.06864,121.5107,3
500103004,20231002,538,23,20,1,25.06864,121.5107,3
500103004,20231002,539,23,20,1,25.06864,121.5107,3
500103004,20231002,541,23,22,1,25.06864,121.5107,1
500103004,20231002,542,23,22,1,25.06864,121.5107,1
500103004,20231002,543,23,22,1,25.06864,121.5107,1
500103004,20231002,544,23,22,1,25.06864,121.5107,1
500103004,20231002,545,23,22,1,25.06864,121.5107,1
500103004,20231002,546,23,22,1,25.06864,121.5107,1
500103004,20231002,547,23,22,1,25.06864,121.5107,1
500103004,20231002,548,23,22,1,25.06864,121.5107,1
500103004,20231002,549,23,21,1,25.06864,121.5107,2
500103004,20231002,550,23,21,1,25.06864,121.5107,2
500103004,20231002,552,23,20,1,25.06864,121.5107,3
500103004,20231002,553,23,20,1,25.06864,121.5107,3
500103004,20231002,554,23,20,1,25.06864,121.5107,3
500103004,20231002,555,23,20,1,25.06864,121.5107,3
500103004,20231002,556,23,19,1,25.06864,121.5107,4
500103004,20231002,557,23,19,1,25.06864,121.5107,4
500103004,20231002,558,23,19,1,25.06864,121.5107,4
500103004,20231002,559,23,19,1,25.06864,121.5107,4
500103004,20231002,561,23,19,1,25.06864,121.5107,4
500103004,20231002,562,23,19,1,25.06864,121.5107,4
500103004,20231002,563,23,19,1,25.06864,121.5107,4
500103004,20231002,564,23,19,1,25.06864,121.5107,4
500103004,20231002,565,23,19,1,25.06864,121.5107,4
500103004,20231002,566,23,19,1,25.06864,121.5107,4
500103004,20231002,567,23,19,1,25.06864,121.5107,4
500103004,20231002,568,23,19,1,25.06864,121.5107,4
500103004,20231002,569,23,19,1,25.06864,121.5107,4
500103004,20231002,571,23,19,1,25.06864,121.5107,4
500103004,20231002,572,23,20,1,25.06864,121.5107,3
500103004,20231002,573,23,20,1,25.06864,121.5107,3
500103004,20231002,574,23,20,1,25.06864,121.5107,3
500103004,20231002,575,23,20,1,25.06864,121.5107,3
500103004,20231002,576,23,21,1,25.06864,121.5107,2
500103004,20231002,577,23,21,1,25.06864,121.5107,2
500103004,20231002,578,23,21,1,25.06864,121.5107,2
500103004,20231002,579,23,22,1,25.06864,121.5107,1
500103004,20231002,581,23,22,1,25.06864,121.5107,1
500103004,20231002,582,23,22,1,25.06864,121.5107,1
500103004,20231002,583,23,23,1,25.06864,121.5107,0
500103004,20231002,584,23,23,1,25.06864,121.5107,0
500103004,20231002,585,23,23,1,25.06864,121.5107,0
500103004,20231002,586,23,23,1,25.06864,121.5107,0
500103004,20231002,587,23,23,1,25.06864,121.5107,0
500103004,20231002,588,23,23,1,25.06864,121.5107,0
500103004,20231002,589,23,23,1,25.06864,121.5107,0
500103004,20231002,591,23,23,1,25.06864,121.5107,0
500103004,20231002,592,23,23,1,25.06864,121.5107,0
500103004,20231002,593,23,23,1,25.06864,121.5107,0
500103004,20231002,594,23,23,1,25.06864,121.5107,0
500103004,20231002,595,23,23,1,25.06864,121.5107,0
500103004,20231002,596,23,23,1,25.06864,121.5107,0
500103004,20231002,597,23,23,1,25.06864,121.5107,0
500103004,20231002,598,23,23,1,25.06864,121.5107,0
500103004,20231002,599,23,23,1,25.06864,121.5107,0
500103004,20231002,601,23,23,1,25.06864,121.5107,0
500103004,20231002,602,23,23,1,25.06864,121.5107,0
500103004,20231002,603,23,23,1,25.06864,121.5107,0
500103004,20231002,604,23,23,1,25.06864,121.5107,0
500103004,20231002,605,23,23,1,25.06864,121.5107,0
500103004,20231002,606,23,23,1,25.06864,121.5107,0
500103004,20231002,607,23,23,1,25.06864,121.5107,0
500103004,20231002,608,23,23,1,25.06864,121.5107,0
500103004,20231002,609,23,23,1,25.06864,121.5107,0
500103004,20231002,610,23,23,1,25.06864,121.5107,0
500103004,20231002,611,23,23,1,25.06864,121.5107,0
500103004,20231002,612,23,23,1,25.06864,121.5107,0
500103004,20231002,613,23,23,1,25.06864,121.5107,0
500103004,20231002,614,23,23,1,25.06864,121.5107,0
500103004,20231002,615,23,23,1,25.06864,121.5107,0
500103004,20231002,617,23,23,1,25.06864,121.5107,0
500103004,20231002,618,23,23,1,25.06864,121.5107,0
500103004,20231002,619,23,23,1,25.06864,121.5107,0
500103004,20231002,621,23,23,1,25.06864,121.5107,0
500103004,20231002,622,23,23,1,25.06864,121.5107,0
500103004,20231002,623,23,23,1,25.06864,121.5107,0
500103004,20231002,624,23,23,1,25.06864,121.5107,0
500103004,20231002,625,23,23,1,25.06864,121.5107,0
500103004,20231002,627,23,22,1,25.06864,121.5107,1
500103004,20231002,628,23,22,1,25.06864,121.5107,1
500103004,20231002,629,23,22,1,25.06864,121.5107,1
500103004,20231002,631,23,22,1,25.06864,121.5107,1
500103004,20231002,632,23,22,1,25.06864,121.5107,1
500103004,20231002,634,23,22,1,25.06864,121.5107,1
500103004,20231002,635,23,22,1,25.06864,121.5107,1
500103004,20231002,637,23,22,1,25.06864,121.5107,1
500103004,20231002,638,23,22,1,25.06864,121.5107,1
500103004,20231002,639,23,22,1,25.06864,121.5107,1
500103004,20231002,640,23,22,1,25.06864,121.5107,1
500103004,20231002,641,23,22,1,25.06864,121.5107,1
500103004,20231002,642,23,22,1,25.06864,121.5107,1
500103004,20231002,643,23,21,1,25.06864,121.5107,2
500103004,20231002,644,23,21,1,25.06864,121.5107,2
500103004,20231002,645,23,21,1,25.06864,121.5107,2
500103004,20231002,646,23,21,1,25.06864,121.5107,2
500103004,20231002,647,23,21,1,25.06864,121.5107,2
500103004,20231002,648,23,21,1,25.06864,121.5107,2
500103004,20231002,649,23,21,1,25.06864,121.5107,2
500103004,20231002,650,23,21,1,25.06864,121.5107,2
500103004,20231002,651,23,21,1,25.06864,121.5107,2
500103004,20231002,652,23,21,1,25.06864,121.5107,2
500103004,20231002,653,23,21,1,25.06864,121.5107,2
500103004,20231002,654,23,21,1,25.06864,121.5107,2
500103004,20231002,655,23,21,1,25.06864,121.5107,2
500103004,20231002,656,23,21,1,25.06864,121.5107,2
500103004,20231002,657,23,21,1,25.06864,121.5107,2
500103004,20231002,658,23,21,1,25.06864,121.5107,2
500103004,20231002,659,23,22,1,25.06864,121.5107,1
500103004,20231002,661,23,22,1,25.06864,121.5107,1
500103004,20231002,662,23,23,1,25.06864,121.5107,0
500103004,20231002,663,23,22,1,25.06864,121.5107,1
500103004,20231002,664,23,22,1,25.06864,121.5107,1
500103004,20231002,665,23,22,1,25.06864,121.5107,1
500103004,20231002,666,23,22,1,25.06864,121.5107,1
500103004,20231002,667,23,22,1,25.06864,121.5107,1
500103004,20231002,668,23,22,1,25.06864,121.5107,1
500103004,20231002,669,23,22,1,25.06864,121.5107,1
500103004,20231002,671,23,23,1,25.06864,121.5107,0
500103004,20231002,672,23,23,1,25.06864,121.5107,0
500103004,20231002,673,23,23,1,25.06864,121.5107,0
500103004,20231002,674,23,23,1,25.06864,121.5107,0
500103004,20231002,675,23,23,1,25.06864,121.5107,0
500103004,20231002,676,23,23,1,25.06864,121.5107,0
500103004,20231002,677,23,23,1,25.06864,121.5107,0
500103004,20231002,678,23,22,1,25.06864,121.5107,1
500103004,20231002,679,23,22,1,25.06864,121.5107,1
500103004,20231002,681,23,22,1,25.06864,121.5107,1
500103004,20231002,682,23,22,1,25.06864,121.5107,1
500103004,20231002,683,23,22,1,25.06864,121.5107,1
500103004,20231002,684,23,22,1,25.06864,121.5107,1
500103004,20231002,685,23,22,1,25.06864,121.5107,1
500103004,20231002,686,23,22,1,25.06864,121.5107,1
500103004,20231002,687,23,22,1,25.06864,121.5107,1
500103004,20231002,688,23,22,1,25.06864,121.5107,1
500103004,20231002,689,23,22,1,25.06864,121.5107,1
500103004,20231002,690,23,22,1,25.06864,121.5107,1
500103004,20231002,691,23,23,1,25.06864,121.5107,0
500103004,20231002,692,23,23,1,25.06864,121.5107,0
500103004,20231002,693,23,23,1,25.06864,121.5107,0
500103004,20231002,694,23,23,1,25.06864,121.5107,0
500103004,20231002,695,23,22,1,25.06864,121.5107,1
500103004,20231002,696,23,23,1,25.06864,121.5107,0
500103004,20231002,697,23,23,1,25.06864,121.5107,0
500103004,20231002,698,23,23,1,25.06864,121.5107,0
500103004,20231002,699,23,23,1,25.06864,121.5107,0
500103004,20231002,700,23,23,1,25.06864,121.5107,0
500103004,20231002,701,23,23,1,25.06864,121.5107,0
500103004,20231002,702,23,23,1,25.06864,121.5107,0
500103004,20231002,703,23,23,1,25.06864,121.5107,0
500103004,20231002,704,23,23,1,25.06864,121.5107,0
500103004,20231002,705,23,23,1,25.06864,121.5107,0
500103004,20231002,706,23,23,1,25.06864,121.5107,0
500103004,20231002,707,23,23,1,25.06864,121.5107,0
500103004,20231002,708,23,23,1,25.06864,121.5107,0
500103004,20231002,709,23,23,1,25.06864,121.5107,0
500103004,20231002,710,23,23,1,25.06864,121.5107,0
500103004,20231002,711,23,23,1,25.06864,121.5107,0
500103004,20231002,712,23,23,1,25.06864,121.5107,0
500103004,20231002,713,23,23,1,25.06864,121.5107,0
500103004,20231002,714,23,23,1,25.06864,121.5107,0
500103004,20231002,715,23,23,1,25.06864,121.5107,0
500103004,20231002,716,23,23,1,25.06864,121.5107,0
500103004,20231002,717,23,23,1,25.06864,121.5107,0
500103004,20231002,718,23,23,1,25.06864,121.5107,0
500103004,20231002,719,23,23,1,25.06864,121.5107,0
500103004,20231002,721,23,22,1,25.06864,121.5107,1
500103004,20231002,722,23,22,1,25.06864,121.5107,1
500103004,20231002,723,23,22,1,25.06864,121.5107,1
500103004,20231002,724,23,22,1,25.06864,121.5107,1
500103004,20231002,725,23,22,1,25.06864,121.5107,1
500103004,20231002,726,23,22,1,25.06864,121.5107,1
500103004,20231002,727,23,22,1,25.06864,121.5107,1
500103004,20231002,728,23,23,1,25.06864,121.5107,0
500103004,20231002,729,23,23,1,25.06864,121.5107,0
500103004,20231002,730,23,23,1,25.06864,121.5107,0
500103004,20231002,731,23,23,1,25.06864,121.5107,0
500103004,20231002,732,23,23,1,25.06864,121.5107,0
500103004,20231002,733,23,23,1,25.06864,121.5107,0
500103004,20231002,734,23,23,1,25.06864,121.5107,0
500103004,20231002,735,23,23,1,25.06864,121.5107,0
500103004,20231002,736,23,23,1,25.06864,121.5107,0
500103004,20231002,737,23,23,1,25.06864,121.5107,0
500103004,20231002,738,23,23,1,25.06864,121.5107,0
500103004,20231002,739,23,23,1,25.06864,121.5107,0
500103004,20231002,741,23,23,1,25.06864,121.5107,0
500103004,20231002,742,23,23,1,25.06864,121.5107,0
500103004,20231002,743,23,23,1,25.06864,121.5107,0
500103004,20231002,744,23,22,1,25.06864,121.5107,1
500103004,20231002,745,23,21,1,25.06864,121.5107,2
500103004,20231002,746,23,21,1,25.06864,121.5107,2
500103004,20231002,747,23,21,1,25.06864,121.5107,2
500103004,20231002,748,23,21,1,25.06864,121.5107,2
500103004,20231002,749,23,21,1,25.06864,121.5107,2
500103004,20231002,751,23,22,1,25.06864,121.5107,1
500103004,20231002,752,23,22,1,25.06864,121.5107,1
500103004,20231002,753,23,22,1,25.06864,121.5107,1
500103004,20231002,754,23,22,1,25.06864,121.5107,1
500103004,20231002,755,23,22,1,25.06864,121.5107,1
500103004,20231002,756,23,22,1,25.06864,121.5107,1
500103004,20231002,757,23,22,1,25.06864,121.5107,1
500103004,20231002,758,23,22,1,25.06864,121.5107,1
500103004,20231002,759,23,22,1,25.06864,121.5107,1
500103004,20231002,760,23,22,1,25.06864,121.5107,1
500103004,20231002,761,23,22,1,25.06864,121.5107,1
500103004,20231002,762,23,22,1,25.06864,121.5107,1
500103004,20231002,763,23,22,1,25.06864,121.5107,1
500103004,20231002,764,23,22,1,25.06864,121.5107,1
500103004,20231002,765,23,22,1,25.06864,121.5107,1
500103004,20231002,766,23,22,1,25.06864,121.5107,1
500103004,20231002,767,23,23,1,25.06864,121.5107,0
500103004,20231002,768,23,23,1,25.06864,121.5107,0
500103004,20231002,769,23,23,1,25.06864,121.5107,0
500103004,20231002,770,23,23,1,25.06864,121.5107,0
500103004,20231002,771,23,22,1,25.06864,121.5107,1
500103004,20231002,772,23,22,1,25.06864,121.5107,1
500103004,20231002,773,23,22,1,25.06864,121.5107,1
500103004,20231002,774,23,22,1,25.06864,121.5107,1
500103004,20231002,775,23,22,1,25.06864,121.5107,1
500103004,20231002,776,23,21,1,25.06864,121.5107,2
500103004,20231002,777,23,21,1,25.06864,121.5107,2
500103004,20231002,778,23,21,1,25.06864,121.5107,2
500103004,20231002,779,23,21,1,25.06864,121.5107,2
500103004,20231002,781,23,21,1,25.06864,121.5107,2
500103004,20231002,782,23,21,1,25.06864,121.5107,2
500103004,20231002,783,23,22,1,25.06864,121.5107,1
500103004,20231002,784,23,22,1,25.06864,121.5107,1
500103004,20231002,785,23,22,1,25.06864,121.5107,1
500103004,20231002,786,23,23,1,25.06864,121.5107,0
500103004,20231002,787,23,23,1,25.06864,121.5107,0
500103004,20231002,788,23,23,1,25.06864,121.5107,0
500103004,20231002,789,23,23,1,25.06864,121.5107,0
500103004,20231002,790,23,23,1,25.06864,121.5107,0
500103004,20231002,791,23,23,1,25.06864,121.5107,0
500103004,20231002,792,23,23,1,25.06864,121.5107,0
500103004,20231002,793,23,23,1,25.06864,121.5107,0
500103004,20231002,794,23,23,1,25.06864,121.5107,0
500103004,20231002,795,23,23,1,25.06864,121.5107,0
500103004,20231002,796,23,23,1,25.06864,121.5107,0
500103004,20231002,797,23,23,1,25.06864,121.5107,0
500103004,20231002,798,23,23,1,25.06864,121.5107,0
500103004,20231002,799,23,23,1,25.06864,121.5107,0
500103004,20231002,801,23,23,1,25.06864,121.5107,0
500103004,20231002,802,23,22,1,25.06864,121.5107,1
500103004,20231002,803,23,22,1,25.06864,121.5107,1
500103004,20231002,804,23,22,1,25.06864,121.5107,1
500103004,20231002,805,23,22,1,25.06864,121.5107,1
500103004,20231002,806,23,22,1,25.06864,121.5107,1
500103004,20231002,807,23,22,1,25.06864,121.5107,1
500103004,20231002,808,23,21,1,25.06864,121.5107,2
500103004,20231002,809,23,21,1,25.06864,121.5107,2
500103004,20231002,810,23,21,1,25.06864,121.5107,2
500103004,20231002,811,23,21,1,25.06864,121.5107,2
500103004,20231002,812,23,21,1,25.06864,121.5107,2
500103004,20231002,813,23,21,1,25.06864,121.5107,2
500103004,20231002,814,23,21,1,25.06864,121.5107,2
500103004,20231002,815,23,21,1,25.06864,121.5107,2
500103004,20231002,816,23,21,1,25.06864,121.5107,2
500103004,20231002,817,23,21,1,25.06864,121.5107,2
500103004,20231002,818,23,21,1,25.06864,121.5107,2
500103004,20231002,819,23,21,1,25.06864,121.5107,2
500103004,20231002,820,23,21,1,25.06864,121.5107,2
500103004,20231002,821,23,21,1,25.06864,121.5107,2
500103004,20231002,822,23,21,1,25.06864,121.5107,2
500103004,20231002,823,23,21,1,25.06864,121.5107,2
500103004,20231002,824,23,21,1,25.06864,121.5107,2
500103004,20231002,825,23,22,1,25.06864,121.5107,1
500103004,20231002,826,23,22,1,25.06864,121.5107,1
500103004,20231002,827,23,22,1,25.06864,121.5107,1
500103004,20231002,828,23,21,1,25.06864,121.5107,2
500103004,20231002,829,23,21,1,25.06864,121.5107,2
500103004,20231002,830,23,21,1,25.06864,121.5107,2
500103004,20231002,831,23,21,1,25.06864,121.5107,2
500103004,20231002,832,23,21,1,25.06864,121.5107,2
500103004,20231002,833,23,21,1,25.06864,121.5107,2
500103004,20231002,834,23,21,1,25.06864,121.5107,2
500103004,20231002,835,23,21,1,25.06864,121.5107,2
500103004,20231002,836,23,21,1,25.06864,121.5107,2
500103004,20231002,837,23,21,1,25.06864,121.5107,2
500103004,20231002,838,23,21,1,25.06864,121.5107,2
500103004,20231002,839,23,22,1,25.06864,121.5107,1
500103004,20231002,841,23,22,1,25.06864,121.5107,1
500103004,20231002,842,23,22,1,25.06864,121.5107,1
500103004,20231002,843,23,22,1,25.06864,121.5107,1
500103004,20231002,844,23,22,1,25.06864,121.5107,1
500103004,20231002,845,23,22,1,25.06864,121.5107,1
500103004,20231002,846,23,22,1,25.06864,121.5107,1
500103004,20231002,847,23,22,1,25.06864,121.5107,1
500103004,20231002,848,23,22,1,25.06864,121.5107,1
500103004,20231002,849,23,21,1,25.06864,121.5107,2
500103004,20231002,850,23,21,1,25.06864,121.5107,2
500103004,20231002,851,23,21,1,25.06864,121.5107,2
500103004,20231002,852,23,22,1,25.06864,121.5107,1
500103004,20231002,853,23,22,1,25.06864,121.5107,1
500103004,20231002,854,23,22,1,25.06864,121.5107,1
500103004,20231002,855,23,22,1,25.06864,121.5107,1
500103004,20231002,856,23,21,1,25.06864,121.5107,2
500103004,20231002,857,23,21,1,25.06864,121.5107,2
500103004,20231002,858,23,21,1,25.06864,121.5107,2
500103004,20231002,859,23,21,1,25.06864,121.5107,2
500103004,20231002,861,23,21,1,25.06864,121.5107,2
500103004,20231002,862,23,21,1,25.06864,121.5107,2
500103004,20231002,863,23,21,1,25.06864,121.5107,2
500103004,20231002,865,23,20,1,25.06864,121.5107,3
500103004,20231002,866,23,20,1,25.06864,121.5107,3
500103004,20231002,867,23,20,1,25.06864,121.5107,3
500103004,20231002,868,23,20,1,25.06864,121.5107,3
500103004,20231002,869,23,20,1,25.06864,121.5107,3
500103004,20231002,871,23,20,1,25.06864,121.5107,3
500103004,20231002,872,23,20,1,25.06864,121.5107,3
500103004,20231002,873,23,20,1,25.06864,121.5107,3
500103004,20231002,874,23,20,1,25.06864,121.5107,3
500103004,20231002,875,23,20,1,25.06864,121.5107,3
500103004,20231002,876,23,20,1,25.06864,121.5107,3
500103004,20231002,877,23,20,1,25.06864,121.5107,3
500103004,20231002,878,23,20,1,25.06864,121.5107,3
500103004,20231002,879,23,20,1,25.06864,121.5107,3
500103004,20231002,880,23,21,1,25.06864,121.5107,2
500103004,20231002,881,23,21,1,25.06864,121.5107,2
500103004,20231002,882,23,21,1,25.06864,121.5107,2
500103004,20231002,883,23,21,1,25.06864,121.5107,2
500103004,20231002,884,23,21,1,25.06864,121.5107,2
500103004,20231002,885,23,21,1,25.06864,121.5107,2
500103004,20231002,886,23,21,1,25.06864,121.5107,2
500103004,20231002,887,23,22,1,25.06864,121.5107,1
500103004,20231002,888,23,22,1,25.06864,121.5107,1
500103004,20231002,889,23,22,1,25.06864,121.5107,1
500103004,20231002,890,23,22,1,25.06864,121.5107,1
500103004,20231002,891,23,22,1,25.06864,121.5107,1
500103004,20231002,892,23,22,1,25.06864,121.5107,1
500103004,20231002,893,23,22,1,25.06864,121.5107,1
500103004,20231002,894,23,22,1,25.06864,121.5107,1
500103004,20231002,895,23,22,1,25.06864,121.5107,1
500103004,20231002,896,23,22,1,25.06864,121.5107,1
500103004,20231002,897,23,22,1,25.06864,121.5107,1
500103004,20231002,898,23,22,1,25.06864,121.5107,1
500103004,20231002,899,23,23,1,25.06864,121.5107,0
500103004,20231002,901,23,23,1,25.06864,121.5107,0
500103004,20231002,902,23,23,1,25.06864,121.5107,0
500103004,20231002,903,23,20,1,25.06864,121.5107,3
500103004,20231002,904,23,21,1,25.06864,121.5107,2
500103004,20231002,905,23,21,1,25.06864,121.5107,2
500103004,20231002,906,23,21,1,25.06864,121.5107,2
500103004,20231002,907,23,21,1,25.06864,121.5107,2
500103004,20231002,908,23,21,1,25.06864,121.5107,2
500103004,20231002,909,23,21,1,25.06864,121.5107,2
500103004,20231002,910,23,21,1,25.06864,121.5107,2
500103004,20231002,911,23,21,1,25.06864,121.5107,2
500103004,20231002,912,23,22,1,25.06864,121.5107,1
500103004,20231002,913,23,22,1,25.06864,121.5107,1
500103004,20231002,914,23,22,1,25.06864,121.5107,1
500103004,20231002,915,23,22,1,25.06864,121.5107,1
500103004,20231002,916,23,22,1,25.06864,121.5107,1
500103004,20231002,917,23,23,1,25.06864,121.5107,0
500103004,20231002,918,23,23,1,25.06864,121.5107,0
500103004,20231002,919,23,23,1,25.06864,121.5107,0
500103004,20231002,921,23,23,1,25.06864,121.5107,0
500103004,20231002,922,23,23,1,25.06864,121.5107,0
500103004,20231002,923,23,23,1,25.06864,121.5107,0
500103004,20231002,924,23,23,1,25.06864,121.5107,0
500103004,20231002,925,23,23,1,25.06864,121.5107,0
500103004,20231002,926,23,23,1,25.06864,121.5107,0
500103004,20231002,927,23,23,1,25.06864,121.5107,0
500103004,20231002,928,23,23,1,25.06864,121.5107,0
500103004,20231002,929,23,23,1,25.06864,121.5107,0
500103004,20231002,931,23,22,1,25.06864,121.5107,1
500103004,20231002,932,23,22,1,25.06864,121.5107,1
500103004,20231002,933,23,22,1,25.06864,121.5107,1
500103004,20231002,934,23,23,1,25.06864,121.5107,0
500103004,20231002,935,23,23,1,25.06864,121.5107,0
500103004,20231002,936,23,23,1,25.06864,121.5107,0
500103004,20231002,937,23,23,1,25.06864,121.5107,0
500103004,20231002,938,23,23,1,25.06864,121.5107,0
500103004,20231002,939,23,23,1,25.06864,121.5107,0
500103004,20231002,940,23,23,1,25.06864,121.5107,0
500103004,20231002,941,23,23,1,25.06864,121.5107,0
500103004,20231002,942,23,23,1,25.06864,121.5107,0
500103004,20231002,943,23,23,1,25.06864,121.5107,0
500103004,20231002,944,23,23,1,25.06864,121.5107,0
500103004,20231002,945,23,23,1,25.06864,121.5107,0
500103004,20231002,946,23,22,1,25.06864,121.5107,1
500103004,20231002,947,23,22,1,25.06864,121.5107,1
500103004,20231002,948,23,22,1,25.06864,121.5107,1
500103004,20231002,949,23,22,1,25.06864,121.5107,1
500103004,20231002,950,23,22,1,25.06864,121.5107,1
500103004,20231002,951,23,22,1,25.06864,121.5107,1
500103004,20231002,952,23,22,1,25.06864,121.5107,1
500103004,20231002,953,23,22,1,25.06864,121.5107,1
500103004,20231002,954,23,22,1,25.06864,121.5107,1
500103004,20231002,955,23,22,1,25.06864,121.5107,1
500103004,20231002,956,23,22,1,25.06864,121.5107,1
500103004,20231002,957,23,22,1,25.06864,121.5107,1
500103004,20231002,958,23,22,1,25.06864,121.5107,1
500103004,20231002,959,23,22,1,25.06864,121.5107,1
500103004,20231002,961,23,22,1,25.06864,121.5107,1
500103004,20231002,962,23,22,1,25.06864,121.5107,1
500103004,20231002,963,23,22,1,25.06864,121.5107,1
500103004,20231002,964,23,22,1,25.06864,121.5107,1
500103004,20231002,965,23,22,1,25.06864,121.5107,1
500103004,20231002,966,23,22,1,25.06864,121.5107,1
500103004,20231002,967,23,22,1,25.06864,121.5107,1
500103004,20231002,968,23,21,1,25.06864,121.5107,2
500103004,20231002,969,23,21,1,25.06864,121.5107,2
500103004,20231002,970,23,21,1,25.06864,121.5107,2
500103004,20231002,971,23,20,1,25.06864,121.5107,3
500103004,20231002,972,23,20,1,25.06864,121.5107,3
500103004,20231002,973,23,20,1,25.06864,121.5107,3
500103004,20231002,974,23,20,1,25.06864,121.5107,3
500103004,20231002,975,23,20,1,25.06864,121.5107,3
500103004,20231002,976,23,19,1,25.06864,121.5107,4
500103004,20231002,977,23,19,1,25.06864,121.5107,4
500103004,20231002,978,23,19,1,25.06864,121.5107,4
500103004,20231002,979,23,18,1,25.06864,121.5107,5
500103004,20231002,981,23,16,1,25.06864,121.5107,7
500103004,20231002,982,23,16,1,25.06864,121.5107,7
500103004,20231002,983,23,16,1,25.06864,121.5107,7
500103004,20231002,984,23,16,1,25.06864,121.5107,7
500103004,20231002,985,23,15,1,25.06864,121.5107,8
500103004,20231002,986,23,15,1,25.06864,121.5107,8
500103004,20231002,987,23,15,1,25.06864,121.5107,8
500103004,20231002,988,23,15,1,25.06864,121.5107,8
500103004,20231002,989,23,15,1,25.06864,121.5107,8
500103004,20231002,991,23,15,1,25.06864,121.5107,8
500103004,20231002,992,23,15,1,25.06864,121.5107,8
500103004,20231002,993,23,15,1,25.06864,121.5107,8
500103004,20231002,994,23,15,1,25.06864,121.5107,8
500103004,20231002,995,23,15,1,25.06864,121.5107,8
500103004,20231002,996,23,16,1,25.06864,121.5107,7
500103004,20231002,997,23,16,1,25.06864,121.5107,7
500103004,20231002,998,23,16,1,25.06864,121.5107,7
500103004,20231002,999,23,17,1,25.06864,121.5107,6
500103004,20231002,1000,23,17,1,25.06864,121.5107,6
500103004,20231002,1001,23,17,1,25.06864,121.5107,6
500103004,20231002,1002,23,16,1,25.06864,121.5107,7
500103004,20231002,1003,23,17,1,25.06864,121.5107,6
500103004,20231002,1004,23,17,1,25.06864,121.5107,6
500103004,20231002,1005,23,17,1,25.06864,121.5107,6
500103004,20231002,1006,23,19,1,25.06864,121.5107,4
500103004,20231002,1007,23,19,1,25.06864,121.5107,4
500103004,20231002,1008,23,19,1,25.06864,121.5107,4
500103004,20231002,1009,23,19,1,25.06864,121.5107,4
500103004,20231002,1010,23,20,1,25.06864,121.5107,3
500103004,20231002,1011,23,20,1,25.06864,121.5107,3
500103004,20231002,1012,23,19,1,25.06864,121.5107,4
500103004,20231002,1013,23,19,1,25.06864,121.5107,4
500103004,20231002,1014,23,19,1,25.06864,121.5107,4
500103004,20231002,1015,23,19,1,25.06864,121.5107,4
500103004,20231002,1016,23,19,1,25.06864,121.5107,4
500103004,20231002,1017,23,18,1,25.06864,121.5107,5
500103004,20231002,1018,23,18,1,25.06864,121.5107,5
500103004,20231002,1019,23,18,1,25.06864,121.5107,5
500103004,20231002,1022,23,16,1,25.06864,121.5107,7
500103004,20231002,1023,23,16,1,25.06864,121.5107,7
500103004,20231002,1024,23,16,1,25.06864,121.5107,7
500103004,20231002,1025,23,16,1,25.06864,121.5107,7
500103004,20231002,1026,23,16,1,25.06864,121.5107,7
500103004,20231002,1027,23,16,1,25.06864,121.5107,7
500103004,20231002,1028,23,16,1,25.06864,121.5107,7
500103004,20231002,1029,23,18,1,25.06864,121.5107,5
500103004,20231002,1030,23,19,1,25.06864,121.5107,4
500103004,20231002,1031,23,19,1,25.06864,121.5107,4
500103004,20231002,1032,23,20,1,25.06864,121.5107,3
500103004,20231002,1033,23,21,1,25.06864,121.5107,2
500103004,20231002,1034,23,21,1,25.06864,121.5107,2
500103004,20231002,1035,23,21,1,25.06864,121.5107,2
500103004,20231002,1036,23,21,1,25.06864,121.5107,2
500103004,20231002,1037,23,21,1,25.06864,121.5107,2
500103004,20231002,1038,23,21,1,25.06864,121.5107,2
500103004,20231002,1039,23,21,1,25.06864,121.5107,2
500103004,20231002,1041,23,20,1,25.06864,121.5107,3
500103004,20231002,1042,23,20,1,25.06864,121.5107,3
500103004,20231002,1043,23,19,1,25.06864,121.5107,4
500103004,20231002,1044,23,20,1,25.06864,121.5107,3
500103004,20231002,1045,23,20,1,25.06864,121.5107,3
500103004,20231002,1046,23,20,1,25.06864,121.5107,3
500103004,20231002,1047,23,20,1,25.06864,121.5107,3
500103004,20231002,1048,23,20,1,25.06864,121.5107,3
500103004,20231002,1049,23,21,1,25.06864,121.5107,2
500103004,20231002,1051,23,21,1,25.06864,121.5107,2
500103004,20231002,1052,23,21,1,25.06864,121.5107,2
500103004,20231002,1053,23,21,1,25.06864,121.5107,2
500103004,20231002,1054,23,21,1,25.06864,121.5107,2
500103004,20231002,1055,23,21,1,25.06864,121.5107,2
500103004,20231002,1056,23,21,1,25.06864,121.5107,2
500103004,20231002,1057,23,22,1,25.06864,121.5107,1
500103004,20231002,1058,23,23,1,25.06864,121.5107,0
500103004,20231002,1059,23,22,1,25.06864,121.5107,1
500103004,20231002,1060,23,22,1,25.06864,121.5107,1
500103004,20231002,1061,23,22,1,25.06864,121.5107,1
500103004,20231002,1062,23,22,1,25.06864,121.5107,1
500103004,20231002,1063,23,23,1,25.06864,121.5107,0
500103004,20231002,1064,23,23,1,25.06864,121.5107,0
500103004,20231002,1065,23,23,1,25.06864,121.5107,0
500103004,20231002,1066,23,22,1,25.06864,121.5107,1
500103004,20231002,1067,23,23,1,25.06864,121.5107,0
500103004,20231002,1068,23,23,1,25.06864,121.5107,0
500103004,20231002,1069,23,22,1,25.06864,121.5107,1
500103004,20231002,1070,23,21,1,25.06864,121.5107,2
500103004,20231002,1071,23,21,1,25.06864,121.5107,2
500103004,20231002,1072,23,21,1,25.06864,121.5107,2
500103004,20231002,1073,23,21,1,25.06864,121.5107,2
500103004,20231002,1074,23,21,1,25.06864,121.5107,2
500103004,20231002,1075,23,21,1,25.06864,121.5107,2
500103004,20231002,1076,23,21,1,25.06864,121.5107,2
500103004,20231002,1077,23,21,1,25.06864,121.5107,2
500103004,20231002,1078,23,21,1,25.06864,121.5107,2
500103004,20231002,1079,23,22,1,25.06864,121.5107,1
500103004,20231002,1081,23,22,1,25.06864,121.5107,1
500103004,20231002,1082,23,22,1,25.06864,121.5107,1
500103004,20231002,1083,23,22,1,25.06864,121.5107,1
500103004,20231002,1084,23,21,1,25.06864,121.5107,2
500103004,20231002,1085,23,21,1,25.06864,121.5107,2
500103004,20231002,1086,23,20,1,25.06864,121.5107,3
500103004,20231002,1087,23,20,1,25.06864,121.5107,3
500103004,20231002,1088,23,20,1,25.06864,121.5107,3
500103004,20231002,1089,23,19,1,25.06864,121.5107,4
500103004,20231002,1090,23,19,1,25.06864,121.5107,4
500103004,20231002,1091,23,19,1,25.06864,121.5107,4
500103004,20231002,1092,23,19,1,25.06864,121.5107,4
500103004,20231002,1093,23,19,1,25.06864,121.5107,4
500103004,20231002,1094,23,19,1,25.06864,121.5107,4
500103004,20231002,1095,23,20,1,25.06864,121.5107,3
500103004,20231002,1096,23,20,1,25.06864,121.5107,3
500103004,20231002,1097,23,18,1,25.06864,121.5107,5
500103004,20231002,1098,23,18,1,25.06864,121.5107,5
500103004,20231002,1099,23,18,1,25.06864,121.5107,5
500103004,20231002,1101,23,18,1,25.06864,121.5107,5
500103004,20231002,1102,23,18,1,25.06864,121.5107,5
500103004,20231002,1103,23,18,1,25.06864,121.5107,5
500103004,20231002,1104,23,16,1,25.06864,121.5107,7
500103004,20231002,1105,23,16,1,25.06864,121.5107,7
500103004,20231002,1106,23,16,1,25.06864,121.5107,7
500103004,20231002,1107,23,16,1,25.06864,121.5107,7
500103004,20231002,1108,23,16,1,25.06864,121.5107,7
500103004,20231002,1109,23,17,1,25.06864,121.5107,6
500103004,20231002,1111,23,17,1,25.06864,121.5107,6
500103004,20231002,1112,23,17,1,25.06864,121.5107,6
500103004,20231002,1113,23,17,1,25.06864,121.5107,6
500103004,20231002,1114,23,18,1,25.06864,121.5107,5
500103004,20231002,1115,23,18,1,25.06864,121.5107,5
500103004,20231002,1116,23,18,1,25.06864,121.5107,5
500103004,20231002,1117,23,17,1,25.06864,121.5107,6
500103004,20231002,1118,23,17,1,25.06864,121.5107,6
500103004,20231002,1119,23,15,1,25.06864,121.5107,8
500103004,20231002,1120,23,16,1,25.06864,121.5107,7
500103004,20231002,1121,23,16,1,25.06864,121.5107,7
500103004,20231002,1122,23,16,1,25.06864,121.5107,7
500103004,20231002,1123,23,14,1,25.06864,121.5107,9
500103004,20231002,1124,23,13,1,25.06864,121.5107,10
500103004,20231002,1125,23,13,1,25.06864,121.5107,10
500103004,20231002,1126,23,10,1,25.06864,121.5107,13
500103004,20231002,1127,23,10,1,25.06864,121.5107,13
500103004,20231002,1128,23,10,1,25.06864,121.5107,13
500103004,20231002,1129,23,10,1,25.06864,121.5107,13
500103004,20231002,1130,23,11,1,25.06864,121.5107,12
500103004,20231002,1131,23,11,1,25.06864,121.5107,12
500103004,20231002,1132,23,11,1,25.06864,121.5107,12
500103004,20231002,1133,23,10,1,25.06864,121.5107,13
500103004,20231002,1134,23,8,1,25.06864,121.5107,15
500103004,20231002,1135,23,8,1,25.06864,121.5107,15
500103004,20231002,1136,23,9,1,25.06864,121.5107,14
500103004,20231002,1138,23,9,1,25.06864,121.5107,14
500103004,20231002,1139,23,9,1,25.06864,121.5107,14
500103004,20231002,1141,23,9,1,25.06864,121.5107,14
500103004,20231002,1142,23,9,1,25.06864,121.5107,14
500103004,20231002,1143,23,9,1,25.06864,121.5107,14
500103004,20231002,1144,23,9,1,25.06864,121.5107,14
500103004,20231002,1145,23,8,1,25.06864,121.5107,15
500103004,20231002,1146,23,7,1,25.06864,121.5107,16
500103004,20231002,1147,23,7,1,25.06864,121.5107,16
500103004,20231002,1148,23,7,1,25.06864,121.5107,16
500103004,20231002,1149,23,6,1,25.06864,121.5107,17
500103004,20231002,1150,23,6,1,25.06864,121.5107,17
500103004,20231002,1151,23,6,1,25.06864,121.5107,17
500103004,20231002,1152,23,6,1,25.06864,121.5107,17
500103004,20231002,1153,23,5,1,25.06864,121.5107,18
500103004,20231002,1154,23,5,1,25.06864,121.5107,18
500103004,20231002,1155,23,5,1,25.06864,121.5107,18
500103004,20231002,1156,23,4,1,25.06864,121.5107,19
500103004,20231002,1157,23,2,1,25.06864,121.5107,21
500103004,20231002,1158,23,2,1,25.06864,121.5107,21
500103004,20231002,1159,23,3,1,25.06864,121.5107,20
500103004,20231002,1161,23,12,1,25.06864,121.5107,11
500103004,20231002,1162,23,12,1,25.06864,121.5107,11
500103004,20231002,1163,23,11,1,25.06864,121.5107,12
500103004,20231002,1164,23,12,1,25.06864,121.5107,11
500103004,20231002,1165,23,11,1,25.06864,121.5107,12
500103004,20231002,1166,23,11,1,25.06864,121.5107,12
500103004,20231002,1167,23,11,1,25.06864,121.5107,12
500103004,20231002,1168,23,11,1,25.06864,121.5107,12
500103004,20231002,1169,23,18,1,25.06864,121.5107,5
500103004,20231002,1171,23,19,1,25.06864,121.5107,4
500103004,20231002,1172,23,19,1,25.06864,121.5107,4
500103004,20231002,1173,23,19,1,25.06864,121.5107,4
500103004,20231002,1174,23,19,1,25.06864,121.5107,4
500103004,20231002,1175,23,18,1,25.06864,121.5107,5
500103004,20231002,1176,23,18,1,25.06864,121.5107,5
500103004,20231002,1177,23,18,1,25.06864,121.5107,5
500103004,20231002,1178,23,19,1,25.06864,121.5107,4
500103004,20231002,1179,23,19,1,25.06864,121.5107,4
500103004,20231002,1180,23,18,1,25.06864,121.5107,5
500103004,20231002,1181,23,18,1,25.06864,121.5107,5
500103004,20231002,1182,23,19,1,25.06864,121.5107,4
500103004,20231002,1183,23,19,1,25.06864,121.5107,4
500103004,20231002,1184,23,19,1,25.06864,121.5107,4
500103004,20231002,1185,23,19,1,25.06864,121.5107,4
500103004,20231002,1186,23,19,1,25.06864,121.5107,4
500103004,20231002,1187,23,19,1,25.06864,121.5107,4
500103004,20231002,1188,23,19,1,25.06864,121.5107,4
500103004,20231002,1189,23,19,1,25.06864,121.5107,4
500103004,20231002,1190,23,19,1,25.06864,121.5107,4
500103004,20231002,1191,23,19,1,25.06864,121.5107,4
500103004,20231002,1192,23,19,1,25.06864,121.5107,4
500103004,20231002,1193,23,18,1,25.06864,121.5107,5
500103004,20231002,1194,23,17,1,25.06864,121.5107,6
500103004,20231002,1195,23,17,1,25.06864,121.5107,6
500103004,20231002,1196,23,18,1,25.06864,121.5107,5
500103004,20231002,1197,23,19,1,25.06864,121.5107,4
500103004,20231002,1198,23,19,1,25.06864,121.5107,4
500103004,20231002,1199,23,18,1,25.06864,121.5107,5
500103004,20231002,1201,23,14,1,25.06864,121.5107,9
500103004,20231002,1202,23,13,1,25.06864,121.5107,10
500103004,20231002,1203,23,13,1,25.06864,121.5107,10
500103004,20231002,1204,23,14,1,25.06864,121.5107,9
500103004,20231002,1205,23,14,1,25.06864,121.5107,9
500103004,20231002,1206,23,14,1,25.06864,121.5107,9
500103004,20231002,1207,23,14,1,25.06864,121.5107,9
500103004,20231002,1208,23,14,1,25.06864,121.5107,9
500103004,20231002,1209,23,14,1,25.06864,121.5107,9
500103004,20231002,1210,23,14,1,25.06864,121.5107,9
500103004,20231002,1211,23,14,1,25.06864,121.5107,9
500103004,20231002,1212,23,14,1,25.06864,121.5107,9
500103004,20231002,1213,23,14,1,25.06864,121.5107,9
500103004,20231002,1214,23,14,1,25.06864,121.5107,9
500103004,20231002,1215,23,14,1,25.06864,121.5107,9
500103004,20231002,1216,23,14,1,25.06864,121.5107,9
500103004,20231002,1217,23,14,1,25.06864,121.5107,9
500103004,20231002,1218,23,15,1,25.06864,121.5107,8
500103004,20231002,1219,23,15,1,25.06864,121.5107,8
500103004,20231002,1221,23,16,1,25.06864,121.5107,7
500103004,20231002,1222,23,15,1,25.06864,121.5107,8
500103004,20231002,1223,23,14,1,25.06864,121.5107,9
500103004,20231002,1224,23,14,1,25.06864,121.5107,9
500103004,20231002,1225,23,14,1,25.06864,121.5107,9
500103004,20231002,1226,23,14,1,25.06864,121.5107,9
500103004,20231002,1227,23,14,1,25.06864,121.5107,9
500103004,20231002,1228,23,13,1,25.06864,121.5107,10
500103004,20231002,1229,23,13,1,25.06864,121.5107,10
500103004,20231002,1231,23,13,1,25.06864,121.5107,10
500103004,20231002,1232,23,13,1,25.06864,121.5107,10
500103004,20231002,1233,23,13,1,25.06864,121.5107,10
500103004,20231002,1234,23,13,1,25.06864,121.5107,10
500103004,20231002,1235,23,13,1,25.06864,121.5107,10
500103004,20231002,1236,23,13,1,25.06864,121.5107,10
500103004,20231002,1237,23,13,1,25.06864,121.5107,10
500103004,20231002,1238,23,12,1,25.06864,121.5107,11
500103004,20231002,1239,23,12,1,25.06864,121.5107,11
500103004,20231002,1240,23,12,1,25.06864,121.5107,11
500103004,20231002,1241,23,12,1,25.06864,121.5107,11
500103004,20231002,1242,23,12,1,25.06864,121.5107,11
500103004,20231002,1243,23,11,1,25.06864,121.5107,12
500103004,20231002,1244,23,11,1,25.06864,121.5107,12
500103004,20231002,1245,23,11,1,25.06864,121.5107,12
500103004,20231002,1246,23,12,1,25.06864,121.5107,11
500103004,20231002,1247,23,12,1,25.06864,121.5107,11
500103004,20231002,1248,23,12,1,25.06864,121.5107,11
500103004,20231002,1249,23,12,1,25.06864,121.5107,11
500103004,20231002,1250,23,12,1,25.06864,121.5107,11
500103004,20231002,1251,23,12,1,25.06864,121.5107,11
500103004,20231002,1252,23,13,1,25.06864,121.5107,10
500103004,20231002,1253,23,13,1,25.06864,121.5107,10
500103004,20231002,1254,23,13,1,25.06864,121.5107,10
500103004,20231002,1255,23,12,1,25.06864,121.5107,11
500103004,20231002,1256,23,12,1,25.06864,121.5107,11
500103004,20231002,1257,23,12,1,25.06864,121.5107,11
500103004,20231002,1258,23,12,1,25.06864,121.5107,11
500103004,20231002,1259,23,11,1,25.06864,121.5107,12
500103004,20231002,1261,23,11,1,25.06864,121.5107,12
500103004,20231002,1262,23,11,1,25.06864,121.5107,12
500103004,20231002,1263,23,11,1,25.06864,121.5107,12
500103004,20231002,1264,23,11,1,25.06864,121.5107,12
500103004,20231002,1265,23,11,1,25.06864,121.5107,12
500103004,20231002,1266,23,10,1,25.06864,121.5107,13
500103004,20231002,1267,23,10,1,25.06864,121.5107,13
500103004,20231002,1268,23,9,1,25.06864,121.5107,14
500103004,20231002,1269,23,9,1,25.06864,121.5107,14
500103004,20231002,1270,23,9,1,25.06864,121.5107,14
500103004,20231002,1271,23,9,1,25.06864,121.5107,14
500103004,20231002,1272,23,10,1,25.06864,121.5107,13
500103004,20231002,1273,23,11,1,25.06864,121.5107,12
500103004,20231002,1274,23,11,1,25.06864,121.5107,12
500103004,20231002,1275,23,11,1,25.06864,121.5107,12
500103004,20231002,1276,23,11,1,25.06864,121.5107,12
500103004,20231002,1277,23,10,1,25.06864,121.5107,13
500103004,20231002,1278,23,10,1,25.06864,121.5107,13
500103004,20231002,1279,23,10,1,25.06864,121.5107,13
500103004,20231002,1281,23,9,1,25.06864,121.5107,14
500103004,20231002,1282,23,9,1,25.06864,121.5107,14
500103004,20231002,1283,23,10,1,25.06864,121.5107,13
500103004,20231002,1284,23,10,1,25.06864,121.5107,13
500103004,20231002,1285,23,10,1,25.06864,121.5107,13
500103004,20231002,1286,23,10,1,25.06864,121.5107,13
500103004,20231002,1287,23,10,1,25.06864,121.5107,13
500103004,20231002,1288,23,9,1,25.06864,121.5107,14
500103004,20231002,1289,23,9,1,25.06864,121.5107,14
500103004,20231002,1291,23,9,1,25.06864,121.5107,14
500103004,20231002,1292,23,9,1,25.06864,121.5107,14
500103004,20231002,1293,23,9,1,25.06864,121.5107,14
500103004,20231002,1294,23,8,1,25.06864,121.5107,15
500103004,20231002,1295,23,8,1,25.06864,121.5107,15
500103004,20231002,1296,23,8,1,25.06864,121.5107,15
500103004,20231002,1297,23,8,1,25.06864,121.5107,15
500103004,20231002,1298,23,7,1,25.06864,121.5107,16
500103004,20231002,1299,23,8,1,25.06864,121.5107,15
500103004,20231002,1300,23,8,1,25.06864,121.5107,15
500103004,20231002,1301,23,8,1,25.06864,121.5107,15
500103004,20231002,1302,23,8,1,25.06864,121.5107,15
500103004,20231002,1303,23,8,1,25.06864,121.5107,15
500103004,20231002,1304,23,8,1,25.06864,121.5107,15
500103004,20231002,1305,23,8,1,25.06864,121.5107,15
500103004,20231002,1306,23,8,1,25.06864,121.5107,15
500103004,20231002,1307,23,8,1,25.06864,121.5107,15
500103004,20231002,1308,23,8,1,25.06864,121.5107,15
500103004,20231002,1309,23,7,1,25.06864,121.5107,16
500103004,20231002,1310,23,7,1,25.06864,121.5107,16
500103004,20231002,1311,23,7,1,25.06864,121.5107,16
500103004,20231002,1312,23,6,1,25.06864,121.5107,17
500103004,20231002,1313,23,6,1,25.06864,121.5107,17
500103004,20231002,1314,23,7,1,25.06864,121.5107,16
500103004,20231002,1315,23,7,1,25.06864,121.5107,16
500103004,20231002,1316,23,7,1,25.06864,121.5107,16
500103004,20231002,1317,23,7,1,25.06864,121.5107,16
500103004,20231002,1318,23,7,1,25.06864,121.5107,16
500103004,20231002,1319,23,7,1,25.06864,121.5107,16
500103004,20231002,1321,23,7,1,25.06864,121.5107,16
500103004,20231002,1322,23,7,1,25.06864,121.5107,16
500103004,20231002,1323,23,7,1,25.06864,121.5107,16
500103004,20231002,1324,23,7,1,25.06864,121.5107,16
500103004,20231002,1325,23,7,1,25.06864,121.5107,16
500103004,20231002,1326,23,7,1,25.06864,121.5107,16
500103004,20231002,1327,23,7,1,25.06864,121.5107,16
500103004,20231002,1328,23,5,1,25.06864,121.5107,18
500103004,20231002,1329,23,5,1,25.06864,121.5107,18
500103004,20231002,1330,23,5,1,25.06864,121.5107,18
500103004,20231002,1331,23,5,1,25.06864,121.5107,18
500103004,20231002,1332,23,5,1,25.06864,121.5107,18
500103004,20231002,1333,23,5,1,25.06864,121.5107,18
500103004,20231002,1334,23,5,1,25.06864,121.5107,18
500103004,20231002,1335,23,5,1,25.06864,121.5107,18
500103004,20231002,1336,23,5,1,25.06864,121.5107,18
500103004,20231002,1337,23,7,1,25.06864,121.5107,16
500103004,20231002,1338,23,7,1,25.06864,121.5107,16
500103004,20231002,1339,23,7,1,25.06864,121.5107,16
500103004,20231002,1341,23,8,1,25.06864,121.5107,15
500103004,20231002,1342,23,8,1,25.06864,121.5107,15
500103004,20231002,1343,23,8,1,25.06864,121.5107,15
500103004,20231002,1344,23,8,1,25.06864,121.5107,15
500103004,20231002,1345,23,8,1,25.06864,121.5107,15
500103004,20231002,1346,23,8,1,25.06864,121.5107,15
500103004,20231002,1347,23,7,1,25.06864,121.5107,16
500103004,20231002,1348,23,7,1,25.06864,121.5107,16
500103004,20231002,1349,23,7,1,25.06864,121.5107,16
500103004,20231002,1350,23,7,1,25.06864,121.5107,16
500103004,20231002,1351,23,7,1,25.06864,121.5107,16
500103004,20231002,1352,23,5,1,25.06864,121.5107,18
500103004,20231002,1353,23,5,1,25.06864,121.5107,18
500103004,20231002,1354,23,5,1,25.06864,121.5107,18
500103004,20231002,1355,23,4,1,25.06864,121.5107,19
500103004,20231002,1356,23,4,1,25.06864,121.5107,19
500103004,20231002,1357,23,2,1,25.06864,121.5107,21
500103004,20231002,1358,23,2,1,25.06864,121.5107,21
500103004,20231002,1359,23,2,1,25.06864,121.5107,21
500103004,20231002,1360,23,2,1,25.06864,121.5107,21
500103004,20231002,1361,23,2,1,25.06864,121.5107,21
500103004,20231002,1362,23,2,1,25.06864,121.5107,21
500103004,20231002,1363,23,2,1,25.06864,121.5107,21
500103004,20231002,1364,23,2,1,25.06864,121.5107,21
500103004,20231002,1365,23,2,1,25.06864,121.5107,21
500103004,20231002,1366,23,2,1,25.06864,121.5107,21
500103004,20231002,1367,23,2,1,25.06864,121.5107,21
500103004,20231002,1368,23,2,1,25.06864,121.5107,21
500103004,20231002,1369,23,1,1,25.06864,121.5107,22
500103004,20231002,1370,23,1,1,25.06864,121.5107,22
500103004,20231002,1371,23,0,1,25.06864,121.5107,23
500103004,20231002,1372,23,0,1,25.06864,121.5107,23
500103004,20231002,1373,23,0,1,25.06864,121.5107,23
500103004,20231002,1374,23,0,1,25.06864,121.5107,23
500103004,20231002,1375,23,0,1,25.06864,121.5107,23
500103004,20231002,1376,23,0,1,25.06864,121.5107,23
500103004,20231002,1377,23,0,1,25.06864,121.5107,23
500103004,20231002,1378,23,0,1,25.06864,121.5107,23
500103004,20231002,1379,23,0,1,25.06864,121.5107,23
500103004,20231002,1381,23,0,1,25.06864,121.5107,23
500103004,20231002,1382,23,0,1,25.06864,121.5107,23
500103004,20231002,1383,23,0,1,25.06864,121.5107,23
500103004,20231002,1384,23,0,1,25.06864,121.5107,23
500103004,20231002,1385,23,0,1,25.06864,121.5107,23
500103004,20231002,1386,23,0,1,25.06864,121.5107,23
500103004,20231002,1387,23,0,1,25.06864,121.5107,23
500103004,20231002,1388,23,0,1,25.06864,121.5107,23
500103004,20231002,1389,23,1,1,25.06864,121.5107,22
500103004,20231002,1390,23,5,1,25.06864,121.5107,18
500103004,20231002,1391,23,5,1,25.06864,121.5107,18
500103004,20231002,1392,23,5,1,25.06864,121.5107,18
500103004,20231002,1393,23,4,1,25.06864,121.5107,19
500103004,20231002,1394,23,4,1,25.06864,121.5107,19
500103004,20231002,1395,23,4,1,25.06864,121.5107,19
500103004,20231002,1397,23,4,1,25.06864,121.5107,19
500103004,20231002,1398,23,4,1,25.06864,121.5107,19
500103004,20231002,1399,23,3,1,25.06864,121.5107,20
500103004,20231002,1401,23,3,1,25.06864,121.5107,20
500103004,20231002,1402,23,3,1,25.06864,121.5107,20
500103004,20231002,1403,23,3,1,25.06864,121.5107,20
500103004,20231002,1404,23,4,1,25.06864,121.5107,19
500103004,20231002,1405,23,4,1,25.06864,121.5107,19
500103004,20231002,1406,23,4,1,25.06864,121.5107,19
500103004,20231002,1407,23,4,1,25.06864,121.5107,19
500103004,20231002,1408,23,4,1,25.06864,121.5107,19
500103004,20231002,1409,23,4,1,25.06864,121.5107,19
500103004,20231002,1410,23,4,1,25.06864,121.5107,19
500103004,20231002,1411,23,4,1,25.06864,121.5107,19
500103004,20231002,1412,23,4,1,25.06864,121.5107,19
500103004,20231002,1413,23,4,1,25.06864,121.5107,19
500103004,20231002,1414,23,4,1,25.06864,121.5107,19
500103004,20231002,1415,23,3,1,25.06864,121.5107,20
500103004,20231002,1416,23,3,1,25.06864,121.5107,20
500103004,20231002,1417,23,3,1,25.06864,121.5107,20
500103004,20231002,1418,23,2,1,25.06864,121.5107,21
500103004,20231002,1419,23,1,1,25.06864,121.5107,22
500103004,20231002,1420,23,2,1,25.06864,121.5107,21
500103004,20231002,1421,23,2,1,25.06864,121.5107,21
500103004,20231002,1422,23,2,1,25.06864,121.5107,21
500103004,20231002,1423,23,2,1,25.06864,121.5107,21
500103004,20231002,1424,23,2,1,25.06864,121.5107,21
500103004,20231002,1425,23,2,1,25.06864,121.5107,21
500103004,20231002,1426,23,2,1,25.06864,121.5107,21
500103004,20231002,1427,23,2,1,25.06864,121.5107,21
500103004,20231002,1428,23,2,1,25.06864,121.5107,21
500103004,20231002,1429,23,2,1,25.06864,121.5107,21
500103004,20231002,1430,23,2,1,25.06864,121.5107,21
500103004,20231002,1431,23,2,1,25.06864,121.5107,21
500103004,20231002,1432,23,2,1,25.06864,121.5107,21
500103004,20231002,1433,23,2,1,25.06864,121.5107,21
500103004,20231002,1434,23,2,1,25.06864,121.5107,21
500103004,20231002,1435,23,2,1,25.06864,121.5107,21
500103004,20231002,1436,23,2,1,25.06864,121.5107,21
500103004,20231002,1437,23,2,1,25.06864,121.5107,21
500103004,20231002,1438,23,2,1,25.06864,121.5107,21
500103004,20231002,1439,23,2,1,25.06864,121.5107,21
500103004,20231003,1,23,2,1,25.06864,121.5107,21
500103004,20231003,2,23,2,1,25.06864,121.5107,21
500103004,20231003,3,23,2,1,25.06864,121.5107,21
500103004,20231003,4,23,2,1,25.06864,121.5107,21
500103004,20231003,5,23,2,1,25.06864,121.5107,21
500103004,20231003,6,23,1,1,25.06864,121.5107,22
500103004,20231003,7,23,1,1,25.06864,121.5107,22
500103004,20231003,8,23,2,1,25.06864,121.5107,21
500103004,20231003,9,23,2,1,25.06864,121.5107,21
500103004,20231003,10,23,2,1,25.06864,121.5107,21
500103004,20231003,11,23,2,1,25.06864,121.5107,21
500103004,20231003,12,23,2,1,25.06864,121.5107,21
500103004,20231003,13,23,2,1,25.06864,121.5107,21
500103004,20231003,14,23,2,1,25.06864,121.5107,21
500103004,20231003,15,23,2,1,25.06864,121.5107,21
500103004,20231003,16,23,2,1,25.06864,121.5107,21
500103004,20231003,17,23,2,1,25.06864,121.5107,21
500103004,20231003,18,23,2,1,25.06864,121.5107,21
500103004,20231003,19,23,2,1,25.06864,121.5107,21
500103004,20231003,21,23,2,1,25.06864,121.5107,21
500103004,20231003,22,23,2,1,25.06864,121.5107,21
500103004,20231003,23,23,2,1,25.06864,121.5107,21
500103004,20231003,24,23,2,1,25.06864,121.5107,21
500103004,20231003,25,23,2,1,25.06864,121.5107,21
500103004,20231003,26,23,2,1,25.06864,121.5107,21
500103004,20231003,27,23,2,1,25.06864,121.5107,21
500103004,20231003,28,23,2,1,25.06864,121.5107,21
500103004,20231003,29,23,2,1,25.06864,121.5107,21
500103004,20231003,30,23,2,1,25.06864,121.5107,21
500103004,20231003,31,23,2,1,25.06864,121.5107,21
500103004,20231003,32,23,1,1,25.06864,121.5107,22
500103004,20231003,33,23,1,1,25.06864,121.5107,22
500103004,20231003,34,23,1,1,25.06864,121.5107,22
500103004,20231003,35,23,1,1,25.06864,121.5107,22
500103004,20231003,36,23,1,1,25.06864,121.5107,22
500103004,20231003,37,23,1,1,25.06864,121.5107,22
500103004,20231003,38,23,1,1,25.06864,121.5107,22
500103004,20231003,39,23,1,1,25.06864,121.5107,22
500103004,20231003,40,23,1,1,25.06864,121.5107,22
500103004,20231003,41,23,1,1,25.06864,121.5107,22
500103004,20231003,42,23,1,1,25.06864,121.5107,22
500103004,20231003,43,23,1,1,25.06864,121.5107,22
500103004,20231003,44,23,1,1,25.06864,121.5107,22
500103004,20231003,45,23,1,1,25.06864,121.5107,22
500103004,20231003,46,23,1,1,25.06864,121.5107,22
500103004,20231003,47,23,0,1,25.06864,121.5107,23
500103004,20231003,48,23,0,1,25.06864,121.5107,23
500103004,20231003,49,23,0,1,25.06864,121.5107,23
500103004,20231003,50,23,0,1,25.06864,121.5107,23
500103004,20231003,51,23,0,1,25.06864,121.5107,23
500103004,20231003,52,23,0,1,25.06864,121.5107,23
500103004,20231003,53,23,0,1,25.06864,121.5107,23
500103004,20231003,54,23,0,1,25.06864,121.5107,23
500103004,20231003,55,23,0,1,25.06864,121.5107,23
500103004,20231003,56,23,0,1,25.06864,121.5107,23
500103004,20231003,57,23,0,1,25.06864,121.5107,23
500103004,20231003,58,23,0,1,25.06864,121.5107,23
500103004,20231003,59,23,0,1,25.06864,121.5107,23
500103004,20231003,60,23,0,1,25.06864,121.5107,23
500103004,20231003,61,23,0,1,25.06864,121.5107,23
500103004,20231003,62,23,0,1,25.06864,121.5107,23
500103004,20231003,63,23,0,1,25.06864,121.5107,23
500103004,20231003,64,23,0,1,25.06864,121.5107,23
500103004,20231003,65,23,0,1,25.06864,121.5107,23
500103004,20231003,66,23,0,1,25.06864,121.5107,23
500103004,20231003,67,23,0,1,25.06864,121.5107,23
500103004,20231003,68,23,0,1,25.06864,121.5107,23
500103004,20231003,69,23,0,1,25.06864,121.5107,23
500103004,20231003,70,23,0,1,25.06864,121.5107,23
500103004,20231003,71,23,0,1,25.06864,121.5107,23
500103004,20231003,72,23,0,1,25.06864,121.5107,23
500103004,20231003,73,23,0,1,25.06864,121.5107,23
500103004,20231003,74,23,0,1,25.06864,121.5107,23
500103004,20231003,75,23,0,1,25.06864,121.5107,23
500103004,20231003,76,23,0,1,25.06864,121.5107,23
500103004,20231003,77,23,0,1,25.06864,121.5107,23
500103004,20231003,78,23,0,1,25.06864,121.5107,23
500103004,20231003,79,23,0,1,25.06864,121.5107,23
500103004,20231003,81,23,0,1,25.06864,121.5107,23
500103004,20231003,82,23,0,1,25.06864,121.5107,23
500103004,20231003,83,23,0,1,25.06864,121.5107,23
500103004,20231003,84,23,0,1,25.06864,121.5107,23
500103004,20231003,85,23,0,1,25.06864,121.5107,23
500103004,20231003,86,23,0,1,25.06864,121.5107,23
500103004,20231003,87,23,0,1,25.06864,121.5107,23
500103004,20231003,88,23,0,1,25.06864,121.5107,23
500103004,20231003,89,23,0,1,25.06864,121.5107,23
500103004,20231003,90,23,0,1,25.06864,121.5107,23
500103004,20231003,91,23,0,1,25.06864,121.5107,23
500103004,20231003,92,23,0,1,25.06864,121.5107,23
500103004,20231003,93,23,0,1,25.06864,121.5107,23
500103004,20231003,94,23,0,1,25.06864,121.5107,23
500103004,20231003,95,23,0,1,25.06864,121.5107,23
500103004,20231003,96,23,0,1,25.06864,121.5107,23
500103004,20231003,97,23,0,1,25.06864,121.5107,23
500103004,20231003,98,23,0,1,25.06864,121.5107,23
500103004,20231003,99,23,0,1,25.06864,121.5107,23
500103004,20231003,100,23,0,1,25.06864,121.5107,23
500103004,20231003,101,23,0,1,25.06864,121.5107,23
500103004,20231003,102,23,0,1,25.06864,121.5107,23
500103004,20231003,103,23,0,1,25.06864,121.5107,23
500103004,20231003,104,23,0,1,25.06864,121.5107,23
500103004,20231003,105,23,0,1,25.06864,121.5107,23
500103004,20231003,106,23,0,1,25.06864,121.5107,23
500103004,20231003,107,23,0,1,25.06864,121.5107,23
500103004,20231003,108,23,0,1,25.06864,121.5107,23
500103004,20231003,109,23,0,1,25.06864,121.5107,23
500103004,20231003,110,23,0,1,25.06864,121.5107,23
500103004,20231003,111,23,0,1,25.06864,121.5107,23
500103004,20231003,112,23,0,1,25.06864,121.5107,23
500103004,20231003,113,23,0,1,25.06864,121.5107,23
500103004,20231003,114,23,0,1,25.06864,121.5107,23
500103004,20231003,115,23,0,1,25.06864,121.5107,23
500103004,20231003,116,23,0,1,25.06864,121.5107,23
500103004,20231003,117,23,0,1,25.06864,121.5107,23
500103004,20231003,118,23,0,1,25.06864,121.5107,23
500103004,20231003,119,23,0,1,25.06864,121.5107,23
500103004,20231003,121,23,0,1,25.06864,121.5107,23
500103004,20231003,122,23,0,1,25.06864,121.5107,23
500103004,20231003,123,23,0,1,25.06864,121.5107,23
500103004,20231003,124,23,0,1,25.06864,121.5107,23
500103004,20231003,125,23,0,1,25.06864,121.5107,23
500103004,20231003,126,23,0,1,25.06864,121.5107,23
500103004,20231003,127,23,0,1,25.06864,121.5107,23
500103004,20231003,128,23,0,1,25.06864,121.5107,23
500103004,20231003,129,23,0,1,25.06864,121.5107,23
500103004,20231003,130,23,0,1,25.06864,121.5107,23
500103004,20231003,131,23,0,1,25.06864,121.5107,23
500103004,20231003,132,23,0,1,25.06864,121.5107,23
500103004,20231003,133,23,0,1,25.06864,121.5107,23
500103004,20231003,134,23,0,1,25.06864,121.5107,23
500103004,20231003,135,23,0,1,25.06864,121.5107,23
500103004,20231003,136,23,0,1,25.06864,121.5107,23
500103004,20231003,137,23,0,1,25.06864,121.5107,23
500103004,20231003,138,23,0,1,25.06864,121.5107,23
500103004,20231003,139,23,0,1,25.06864,121.5107,23
500103004,20231003,141,23,0,1,25.06864,121.5107,23
500103004,20231003,142,23,0,1,25.06864,121.5107,23
500103004,20231003,143,23,0,1,25.06864,121.5107,23
500103004,20231003,144,23,0,1,25.06864,121.5107,23
500103004,20231003,145,23,0,1,25.06864,121.5107,23
500103004,20231003,146,23,0,1,25.06864,121.5107,23
500103004,20231003,147,23,0,1,25.06864,121.5107,23
500103004,20231003,148,23,0,1,25.06864,121.5107,23
500103004,20231003,149,23,0,1,25.06864,121.5107,23
500103004,20231003,150,23,0,1,25.06864,121.5107,23
500103004,20231003,151,23,0,1,25.06864,121.5107,23
500103004,20231003,152,23,0,1,25.06864,121.5107,23
500103004,20231003,153,23,0,1,25.06864,121.5107,23
500103004,20231003,154,23,0,1,25.06864,121.5107,23
500103004,20231003,155,23,0,1,25.06864,121.5107,23
500103004,20231003,156,23,0,1,25.06864,121.5107,23
500103004,20231003,157,23,0,1,25.06864,121.5107,23
500103004,20231003,158,23,0,1,25.06864,121.5107,23
500103004,20231003,159,23,0,1,25.06864,121.5107,23
500103004,20231003,160,23,0,1,25.06864,121.5107,23
500103004,20231003,161,23,0,1,25.06864,121.5107,23
500103004,20231003,162,23,0,1,25.06864,121.5107,23
500103004,20231003,163,23,0,1,25.06864,121.5107,23
500103004,20231003,164,23,0,1,25.06864,121.5107,23
500103004,20231003,165,23,0,1,25.06864,121.5107,23
500103004,20231003,166,23,0,1,25.06864,121.5107,23
500103004,20231003,167,23,0,1,25.06864,121.5107,23
500103004,20231003,168,23,0,1,25.06864,121.5107,23
500103004,20231003,169,23,0,1,25.06864,121.5107,23
500103004,20231003,170,23,0,1,25.06864,121.5107,23
500103004,20231003,171,23,0,1,25.06864,121.5107,23
500103004,20231003,172,23,0,1,25.06864,121.5107,23
500103004,20231003,173,23,0,1,25.06864,121.5107,23
500103004,20231003,174,23,0,1,25.06864,121.5107,23
500103004,20231003,175,23,0,1,25.06864,121.5107,23
500103004,20231003,176,23,0,1,25.06864,121.5107,23
500103004,20231003,177,23,0,1,25.06864,121.5107,23
500103004,20231003,178,23,0,1,25.06864,121.5107,23
500103004,20231003,179,23,0,1,25.06864,121.5107,23
500103004,20231003,180,23,0,1,25.06864,121.5107,23
500103004,20231003,181,23,0,1,25.06864,121.5107,23
500103004,20231003,182,23,0,1,25.06864,121.5107,23
500103004,20231003,183,23,0,1,25.06864,121.5107,23
500103004,20231003,184,23,0,1,25.06864,121.5107,23
500103004,20231003,185,23,0,1,25.06864,121.5107,23
500103004,20231003,186,23,0,1,25.06864,121.5107,23
500103004,20231003,187,23,0,1,25.06864,121.5107,23
500103004,20231003,188,23,0,1,25.06864,121.5107,23
500103004,20231003,189,23,0,1,25.06864,121.5107,23
500103004,20231003,190,23,0,1,25.06864,121.5107,23
500103004,20231003,191,23,0,1,25.06864,121.5107,23
500103004,20231003,192,23,0,1,25.06864,121.5107,23
500103004,20231003,193,23,0,1,25.06864,121.5107,23
500103004,20231003,194,23,0,1,25.06864,121.5107,23
500103004,20231003,195,23,0,1,25.06864,121.5107,23
500103004,20231003,196,23,0,1,25.06864,121.5107,23
500103004,20231003,197,23,0,1,25.06864,121.5107,23
500103004,20231003,198,23,0,1,25.06864,121.5107,23
500103004,20231003,199,23,0,1,25.06864,121.5107,23
500103004,20231003,201,23,0,1,25.06864,121.5107,23
500103004,20231003,202,23,0,1,25.06864,121.5107,23
500103004,20231003,203,23,0,1,25.06864,121.5107,23
500103004,20231003,204,23,0,1,25.06864,121.5107,23
500103004,20231003,205,23,0,1,25.06864,121.5107,23
500103004,20231003,206,23,0,1,25.06864,121.5107,23
500103004,20231003,207,23,0,1,25.06864,121.5107,23
500103004,20231003,208,23,0,1,25.06864,121.5107,23
500103004,20231003,209,23,0,1,25.06864,121.5107,23
500103004,20231003,210,23,0,1,25.06864,121.5107,23
500103004,20231003,211,23,0,1,25.06864,121.5107,23
500103004,20231003,212,23,0,1,25.06864,121.5107,23
500103004,20231003,213,23,0,1,25.06864,121.5107,23
500103004,20231003,214,23,0,1,25.06864,121.5107,23
500103004,20231003,215,23,0,1,25.06864,121.5107,23
500103004,20231003,216,23,0,1,25.06864,121.5107,23
500103004,20231003,217,23,0,1,25.06864,121.5107,23
500103004,20231003,218,23,0,1,25.06864,121.5107,23
500103004,20231003,219,23,0,1,25.06864,121.5107,23
500103004,20231003,220,23,0,1,25.06864,121.5107,23
500103004,20231003,221,23,0,1,25.06864,121.5107,23
500103004,20231003,222,23,0,1,25.06864,121.5107,23
500103004,20231003,223,23,0,1,25.06864,121.5107,23
500103004,20231003,224,23,0,1,25.06864,121.5107,23
500103004,20231003,225,23,0,1,25.06864,121.5107,23
500103004,20231003,226,23,0,1,25.06864,121.5107,23
500103004,20231003,227,23,0,1,25.06864,121.5107,23
500103004,20231003,228,23,0,1,25.06864,121.5107,23
500103004,20231003,229,23,0,1,25.06864,121.5107,23
500103004,20231003,230,23,0,1,25.06864,121.5107,23
500103004,20231003,231,23,0,1,25.06864,121.5107,23
500103004,20231003,232,23,0,1,25.06864,121.5107,23
500103004,20231003,233,23,0,1,25.06864,121.5107,23
500103004,20231003,234,23,0,1,25.06864,121.5107,23
500103004,20231003,235,23,0,1,25.06864,121.5107,23
500103004,20231003,236,23,0,1,25.06864,121.5107,23
500103004,20231003,237,23,0,1,25.06864,121.5107,23
500103004,20231003,238,23,0,1,25.06864,121.5107,23
500103004,20231003,239,23,0,1,25.06864,121.5107,23
500103004,20231003,241,23,0,1,25.06864,121.5107,23
500103004,20231003,242,23,0,1,25.06864,121.5107,23
500103004,20231003,243,23,0,1,25.06864,121.5107,23
500103004,20231003,245,23,0,1,25.06864,121.5107,23
500103004,20231003,246,23,0,1,25.06864,121.5107,23
500103004,20231003,247,23,0,1,25.06864,121.5107,23
500103004,20231003,248,23,0,1,25.06864,121.5107,23
500103004,20231003,249,23,0,1,25.06864,121.5107,23
500103004,20231003,250,23,0,1,25.06864,121.5107,23
500103004,20231003,251,23,0,1,25.06864,121.5107,23
500103004,20231003,252,23,0,1,25.06864,121.5107,23
500103004,20231003,253,23,0,1,25.06864,121.5107,23
500103004,20231003,254,23,0,1,25.06864,121.5107,23
500103004,20231003,255,23,0,1,25.06864,121.5107,23
500103004,20231003,256,23,0,1,25.06864,121.5107,23
500103004,20231003,257,23,0,1,25.06864,121.5107,23
500103004,20231003,258,23,0,1,25.06864,121.5107,23
500103004,20231003,259,23,0,1,25.06864,121.5107,23
500103004,20231003,261,23,0,1,25.06864,121.5107,23
500103004,20231003,262,23,0,1,25.06864,121.5107,23
500103004,20231003,263,23,0,1,25.06864,121.5107,23
500103004,20231003,264,23,0,1,25.06864,121.5107,23
500103004,20231003,265,23,0,1,25.06864,121.5107,23
500103004,20231003,266,23,0,1,25.06864,121.5107,23
500103004,20231003,267,23,0,1,25.06864,121.5107,23
500103004,20231003,268,23,0,1,25.06864,121.5107,23
500103004,20231003,269,23,0,1,25.06864,121.5107,23
500103004,20231003,270,23,0,1,25.06864,121.5107,23
500103004,20231003,271,23,0,1,25.06864,121.5107,23
500103004,20231003,272,23,0,1,25.06864,121.5107,23
500103004,20231003,273,23,0,1,25.06864,121.5107,23
500103004,20231003,274,23,0,1,25.06864,121.5107,23
500103004,20231003,275,23,0,1,25.06864,121.5107,23
500103004,20231003,276,23,0,1,25.06864,121.5107,23
500103004,20231003,277,23,0,1,25.06864,121.5107,23
500103004,20231003,278,23,0,1,25.06864,121.5107,23
500103004,20231003,279,23,0,1,25.06864,121.5107,23
500103004,20231003,280,23,0,1,25.06864,121.5107,23
500103004,20231003,281,23,0,1,25.06864,121.5107,23
500103004,20231003,282,23,0,1,25.06864,121.5107,23
500103004,20231003,283,23,0,1,25.06864,121.5107,23
500103004,20231003,284,23,0,1,25.06864,121.5107,23
500103004,20231003,285,23,0,1,25.06864,121.5107,23
500103004,20231003,286,23,0,1,25.06864,121.5107,23
500103004,20231003,287,23,0,1,25.06864,121.5107,23
500103004,20231003,288,23,0,1,25.06864,121.5107,23
500103004,20231003,289,23,0,1,25.06864,121.5107,23
500103004,20231003,290,23,0,1,25.06864,121.5107,23
500103004,20231003,291,23,0,1,25.06864,121.5107,23
500103004,20231003,292,23,0,1,25.06864,121.5107,23
500103004,20231003,293,23,0,1,25.06864,121.5107,23
500103004,20231003,294,23,0,1,25.06864,121.5107,23
500103004,20231003,295,23,0,1,25.06864,121.5107,23
500103004,20231003,296,23,1,1,25.06864,121.5107,22
500103004,20231003,297,23,1,1,25.06864,121.5107,22
500103004,20231003,298,23,1,1,25.06864,121.5107,22
500103004,20231003,299,23,1,1,25.06864,121.5107,22
500103004,20231003,300,23,1,1,25.06864,121.5107,22
500103004,20231003,301,23,1,1,25.06864,121.5107,22
500103004,20231003,302,23,1,1,25.06864,121.5107,22
500103004,20231003,303,23,1,1,25.06864,121.5107,22
500103004,20231003,304,23,1,1,25.06864,121.5107,22
500103004,20231003,305,23,1,1,25.06864,121.5107,22
500103004,20231003,306,23,1,1,25.06864,121.5107,22
500103004,20231003,307,23,1,1,25.06864,121.5107,22
500103004,20231003,308,23,1,1,25.06864,121.5107,22
500103004,20231003,309,23,1,1,25.06864,121.5107,22
500103004,20231003,310,23,1,1,25.06864,121.5107,22
500103004,20231003,311,23,1,1,25.06864,121.5107,22
500103004,20231003,312,23,1,1,25.06864,121.5107,22
500103004,20231003,313,23,1,1,25.06864,121.5107,22
500103004,20231003,314,23,1,1,25.06864,121.5107,22
500103004,20231003,315,23,1,1,25.06864,121.5107,22
500103004,20231003,316,23,1,1,25.06864,121.5107,22
500103004,20231003,317,23,1,1,25.06864,121.5107,22
500103004,20231003,318,23,1,1,25.06864,121.5107,22
500103004,20231003,319,23,1,1,25.06864,121.5107,22
500103004,20231003,321,23,1,1,25.06864,121.5107,22
500103004,20231003,322,23,1,1,25.06864,121.5107,22
500103004,20231003,323,23,1,1,25.06864,121.5107,22
500103004,20231003,324,23,1,1,25.06864,121.5107,22
500103004,20231003,325,23,1,1,25.06864,121.5107,22
500103004,20231003,326,23,1,1,25.06864,121.5107,22
500103004,20231003,327,23,0,1,25.06864,121.5107,23
500103004,20231003,328,23,0,1,25.06864,121.5107,23
500103004,20231003,329,23,0,1,25.06864,121.5107,23
500103004,20231003,330,23,0,1,25.06864,121.5107,23
500103004,20231003,331,23,0,1,25.06864,121.5107,23
500103004,20231003,332,23,0,1,25.06864,121.5107,23
500103004,20231003,333,23,0,1,25.06864,121.5107,23
500103004,20231003,334,23,0,1,25.06864,121.5107,23
500103004,20231003,335,23,0,1,25.06864,121.5107,23
500103004,20231003,336,23,0,1,25.06864,121.5107,23
500103004,20231003,337,23,0,1,25.06864,121.5107,23
500103004,20231003,338,23,0,1,25.06864,121.5107,23
500103004,20231003,339,23,0,1,25.06864,121.5107,23
500103004,20231003,340,23,0,1,25.06864,121.5107,23
500103004,20231003,341,23,0,1,25.06864,121.5107,23
500103004,20231003,342,23,0,1,25.06864,121.5107,23
500103004,20231003,343,23,0,1,25.06864,121.5107,23
500103004,20231003,344,23,0,1,25.06864,121.5107,23
500103004,20231003,345,23,0,1,25.06864,121.5107,23
500103004,20231003,346,23,0,1,25.06864,121.5107,23
500103004,20231003,347,23,0,1,25.06864,121.5107,23
500103004,20231003,348,23,1,1,25.06864,121.5107,22
500103004,20231003,349,23,1,1,25.06864,121.5107,22
500103004,20231003,350,23,1,1,25.06864,121.5107,22
500103004,20231003,351,23,1,1,25.06864,121.5107,22
500103004,20231003,352,23,1,1,25.06864,121.5107,22
500103004,20231003,353,23,1,1,25.06864,121.5107,22
500103004,20231003,354,23,2,1,25.06864,121.5107,21
500103004,20231003,355,23,2,1,25.06864,121.5107,21
500103004,20231003,356,23,2,1,25.06864,121.5107,21
500103004,20231003,357,23,2,1,25.06864,121.5107,21
500103004,20231003,358,23,2,1,25.06864,121.5107,21
500103004,20231003,359,23,2,1,25.06864,121.5107,21
500103004,20231003,360,23,2,1,25.06864,121.5107,21
500103004,20231003,361,23,2,1,25.06864,121.5107,21
500103004,20231003,362,23,2,1,25.06864,121.5107,21
500103004,20231003,363,23,2,1,25.06864,121.5107,21
500103004,20231003,364,23,2,1,25.06864,121.5107,21
500103004,20231003,365,23,2,1,25.06864,121.5107,21
500103004,20231003,366,23,1,1,25.06864,121.5107,22
500103004,20231003,367,23,0,1,25.06864,121.5107,23
500103004,20231003,368,23,0,1,25.06864,121.5107,23
500103004,20231003,369,23,0,1,25.06864,121.5107,23
500103004,20231003,370,23,0,1,25.06864,121.5107,23
500103004,20231003,371,23,0,1,25.06864,121.5107,23
500103004,20231003,372,23,0,1,25.06864,121.5107,23
500103004,20231003,373,23,0,1,25.06864,121.5107,23
500103004,20231003,374,23,0,1,25.06864,121.5107,23
500103004,20231003,375,23,0,1,25.06864,121.5107,23
500103004,20231003,376,23,0,1,25.06864,121.5107,23
500103004,20231003,377,23,0,1,25.06864,121.5107,23
500103004,20231003,378,23,0,1,25.06864,121.5107,23
500103004,20231003,379,23,0,1,25.06864,121.5107,23
500103004,20231003,381,23,0,1,25.06864,121.5107,23
500103004,20231003,382,23,0,1,25.06864,121.5107,23
500103004,20231003,383,23,0,1,25.06864,121.5107,23
500103004,20231003,384,23,0,1,25.06864,121.5107,23
500103004,20231003,385,23,0,1,25.06864,121.5107,23
500103004,20231003,386,23,0,1,25.06864,121.5107,23
500103004,20231003,387,23,0,1,25.06864,121.5107,23
500103004,20231003,388,23,0,1,25.06864,121.5107,23
500103004,20231003,389,23,0,1,25.06864,121.5107,23
500103004,20231003,390,23,0,1,25.06864,121.5107,23
500103004,20231003,391,23,0,1,25.06864,121.5107,23
500103004,20231003,392,23,0,1,25.06864,121.5107,23
500103004,20231003,393,23,1,1,25.06864,121.5107,22
500103004,20231003,394,23,1,1,25.06864,121.5107,22
500103004,20231003,395,23,2,1,25.06864,121.5107,21
500103004,20231003,396,23,2,1,25.06864,121.5107,21
500103004,20231003,397,23,2,1,25.06864,121.5107,21
500103004,20231003,398,23,2,1,25.06864,121.5107,21
500103004,20231003,399,23,2,1,25.06864,121.5107,21
500103004,20231003,400,23,3,1,25.06864,121.5107,20
500103004,20231003,401,23,3,1,25.06864,121.5107,20
500103004,20231003,402,23,3,1,25.06864,121.5107,20
500103004,20231003,403,23,3,1,25.06864,121.5107,20
500103004,20231003,404,23,3,1,25.06864,121.5107,20
500103004,20231003,405,23,3,1,25.06864,121.5107,20
500103004,20231003,406,23,4,1,25.06864,121.5107,19
500103004,20231003,407,23,4,1,25.06864,121.5107,19
500103004,20231003,408,23,4,1,25.06864,121.5107,19
500103004,20231003,409,23,4,1,25.06864,121.5107,19
500103004,20231003,410,23,4,1,25.06864,121.5107,19
500103004,20231003,411,23,4,1,25.06864,121.5107,19
500103004,20231003,412,23,5,1,25.06864,121.5107,18
500103004,20231003,413,23,6,1,25.06864,121.5107,17
500103004,20231003,414,23,6,1,25.06864,121.5107,17
500103004,20231003,415,23,6,1,25.06864,121.5107,17
500103004,20231003,416,23,6,1,25.06864,121.5107,17
500103004,20231003,417,23,7,1,25.06864,121.5107,14
500103004,20231003,418,23,7,1,25.06864,121.5107,14
500103004,20231003,419,23,7,1,25.06864,121.5107,14
500103004,20231003,421,23,9,1,25.06864,121.5107,12
500103004,20231003,422,23,9,1,25.06864,121.5107,12
500103004,20231003,423,23,9,1,25.06864,121.5107,12
500103004,20231003,424,23,9,1,25.06864,121.5107,12
500103004,20231003,425,23,9,1,25.06864,121.5107,12
500103004,20231003,426,23,8,1,25.06864,121.5107,13
500103004,20231003,427,23,10,1,25.06864,121.5107,11
500103004,20231003,428,23,10,1,25.06864,121.5107,11
500103004,20231003,429,23,11,1,25.06864,121.5107,10
500103004,20231003,430,23,11,1,25.06864,121.5107,10
500103004,20231003,431,23,11,1,25.06864,121.5107,10
500103004,20231003,432,23,11,1,25.06864,121.5107,10
500103004,20231003,433,23,11,1,25.06864,121.5107,10
500103004,20231003,434,23,11,1,25.06864,121.5107,10
500103004,20231003,435,23,11,1,25.06864,121.5107,10
500103004,20231003,436,23,11,1,25.06864,121.5107,10
500103004,20231003,437,23,12,1,25.06864,121.5107,9
500103004,20231003,438,23,13,1,25.06864,121.5107,8
500103004,20231003,439,23,13,1,25.06864,121.5107,8
500103004,20231003,441,23,13,1,25.06864,121.5107,8
500103004,20231003,442,23,13,1,25.06864,121.5107,8
500103004,20231003,443,23,13,1,25.06864,121.5107,8
500103004,20231003,444,23,13,1,25.06864,121.5107,8
500103004,20231003,445,23,13,1,25.06864,121.5107,8
500103004,20231003,446,23,14,1,25.06864,121.5107,7
500103004,20231003,447,23,14,1,25.06864,121.5107,7
500103004,20231003,448,23,16,1,25.06864,121.5107,5
500103004,20231003,449,23,16,1,25.06864,121.5107,5
500103004,20231003,451,23,17,1,25.06864,121.5107,4
500103004,20231003,452,23,17,1,25.06864,121.5107,4
500103004,20231003,453,23,17,1,25.06864,121.5107,4
500103004,20231003,454,23,17,1,25.06864,121.5107,4
500103004,20231003,455,23,17,1,25.06864,121.5107,4
500103004,20231003,456,23,17,1,25.06864,121.5107,4
500103004,20231003,457,23,18,1,25.06864,121.5107,3
500103004,20231003,458,23,18,1,25.06864,121.5107,3
500103004,20231003,459,23,18,1,25.06864,121.5107,3
500103004,20231003,460,23,19,1,25.06864,121.5107,2
500103004,20231003,461,23,20,1,25.06864,121.5107,1
500103004,20231003,462,23,20,1,25.06864,121.5107,1
500103004,20231003,463,23,20,1,25.06864,121.5107,1
500103004,20231003,464,23,20,1,25.06864,121.5107,1
500103004,20231003,465,23,20,1,25.06864,121.5107,1
500103004,20231003,466,23,20,1,25.06864,121.5107,1
500103004,20231003,467,23,19,1,25.06864,121.5107,2
500103004,20231003,468,23,19,1,25.06864,121.5107,2
500103004,20231003,469,23,20,1,25.06864,121.5107,1
500103004,20231003,470,23,20,1,25.06864,121.5107,1
500103004,20231003,471,23,20,1,25.06864,121.5107,1
500103004,20231003,472,23,20,1,25.06864,121.5107,1
500103004,20231003,473,23,20,1,25.06864,121.5107,1
500103004,20231003,474,23,19,1,25.06864,121.5107,2
500103004,20231003,475,23,19,1,25.06864,121.5107,2
500103004,20231003,476,23,21,1,25.06864,121.5107,0
500103004,20231003,477,23,21,1,25.06864,121.5107,0
500103004,20231003,478,23,21,1,25.06864,121.5107,0
500103004,20231003,479,23,21,1,25.06864,121.5107,0
500103004,20231003,481,23,20,1,25.06864,121.5107,1
500103004,20231003,482,23,21,1,25.06864,121.5107,0
500103004,20231003,483,23,21,1,25.06864,121.5107,0
500103004,20231003,484,23,21,1,25.06864,121.5107,0
500103004,20231003,485,23,21,1,25.06864,121.5107,0
500103004,20231003,486,23,21,1,25.06864,121.5107,0
500103004,20231003,487,23,21,1,25.06864,121.5107,0
500103004,20231003,488,23,21,1,25.06864,121.5107,0
500103004,20231003,489,23,21,1,25.06864,121.5107,0
500103004,20231003,490,23,21,1,25.06864,121.5107,0
500103004,20231003,491,23,21,1,25.06864,121.5107,0
500103004,20231003,492,23,21,1,25.06864,121.5107,0
500103004,20231003,493,23,21,1,25.06864,121.5107,0
500103004,20231003,494,23,20,1,25.06864,121.5107,1
500103004,20231003,495,23,20,1,25.06864,121.5107,1
500103004,20231003,496,23,20,1,25.06864,121.5107,1
500103004,20231003,497,23,20,1,25.06864,121.5107,1
500103004,20231003,498,23,21,1,25.06864,121.5107,0
500103004,20231003,499,23,21,1,25.06864,121.5107,0
500103004,20231003,501,23,21,1,25.06864,121.5107,0
500103004,20231003,502,23,21,1,25.06864,121.5107,0
500103004,20231003,503,23,21,1,25.06864,121.5107,0
500103004,20231003,504,23,20,1,25.06864,121.5107,1
500103004,20231003,505,23,20,1,25.06864,121.5107,1
500103004,20231003,506,23,21,1,25.06864,121.5107,0
500103004,20231003,507,23,21,1,25.06864,121.5107,0
500103004,20231003,509,23,21,1,25.06864,121.5107,0
500103004,20231003,511,23,21,1,25.06864,121.5107,0
500103004,20231003,512,23,21,1,25.06864,121.5107,0
500103004,20231003,513,23,21,1,25.06864,121.5107,0
500103004,20231003,514,23,21,1,25.06864,121.5107,0
500103004,20231003,515,23,20,1,25.06864,121.5107,1
500103004,20231003,516,23,20,1,25.06864,121.5107,1
500103004,20231003,517,23,21,1,25.06864,121.5107,0
500103004,20231003,518,23,21,1,25.06864,121.5107,0
500103004,20231003,520,23,21,1,25.06864,121.5107,0
500103004,20231003,521,23,21,1,25.06864,121.5107,0
500103004,20231003,522,23,21,1,25.06864,121.5107,0
500103004,20231003,523,23,21,1,25.06864,121.5107,0
500103004,20231003,524,23,20,1,25.06864,121.5107,1
500103004,20231003,525,23,20,1,25.06864,121.5107,1
500103004,20231003,526,23,21,1,25.06864,121.5107,0
500103004,20231003,527,23,20,1,25.06864,121.5107,1
500103004,20231003,528,23,21,1,25.06864,121.5107,0
500103004,20231003,529,23,21,1,25.06864,121.5107,0
500103004,20231003,530,23,21,1,25.06864,121.5107,0
500103004,20231003,531,23,20,1,25.06864,121.5107,1
500103004,20231003,532,23,18,1,25.06864,121.5107,3
500103004,20231003,533,23,19,1,25.06864,121.5107,2
500103004,20231003,534,23,19,1,25.06864,121.5107,2
500103004,20231003,535,23,19,1,25.06864,121.5107,2
500103004,20231003,536,23,19,1,25.06864,121.5107,2
500103004,20231003,537,23,19,1,25.06864,121.5107,2
500103004,20231003,538,23,19,1,25.06864,121.5107,2
500103004,20231003,539,23,20,1,25.06864,121.5107,2
500103004,20231003,541,23,20,1,25.06864,121.5107,2
500103004,20231003,542,23,20,1,25.06864,121.5107,2
500103004,20231003,543,23,20,1,25.06864,121.5107,2
500103004,20231003,544,23,20,1,25.06864,121.5107,2
500103004,20231003,545,23,20,1,25.06864,121.5107,2
500103004,20231003,546,23,20,1,25.06864,121.5107,2
500103004,20231003,547,23,20,1,25.06864,121.5107,2
500103004,20231003,548,23,20,1,25.06864,121.5107,2
500103004,20231003,549,23,20,1,25.06864,121.5107,2
500103004,20231003,550,23,20,1,25.06864,121.5107,2
500103004,20231003,551,23,21,1,25.06864,121.5107,1
500103004,20231003,552,23,21,1,25.06864,121.5107,1
500103004,20231003,553,23,21,1,25.06864,121.5107,2
500103004,20231003,554,23,22,1,25.06864,121.5107,1
500103004,20231003,555,23,22,1,25.06864,121.5107,1
500103004,20231003,556,23,22,1,25.06864,121.5107,1
500103004,20231003,557,23,22,1,25.06864,121.5107,1
500103004,20231003,558,23,22,1,25.06864,121.5107,1
500103004,20231003,559,23,21,1,25.06864,121.5107,2
500103004,20231003,561,23,20,1,25.06864,121.5107,3
500103004,20231003,562,23,20,1,25.06864,121.5107,3
500103004,20231003,563,23,19,1,25.06864,121.5107,4
500103004,20231003,564,23,20,1,25.06864,121.5107,3
500103004,20231003,565,23,20,1,25.06864,121.5107,3
500103004,20231003,566,23,20,1,25.06864,121.5107,3
500103004,20231003,567,23,20,1,25.06864,121.5107,3
500103004,20231003,568,23,20,1,25.06864,121.5107,3
500103004,20231003,569,23,20,1,25.06864,121.5107,3
500103004,20231003,571,23,20,1,25.06864,121.5107,3
500103004,20231003,572,23,21,1,25.06864,121.5107,2
500103004,20231003,573,23,21,1,25.06864,121.5107,2
500103004,20231003,574,23,21,1,25.06864,121.5107,2
500103004,20231003,575,23,21,1,25.06864,121.5107,2
500103004,20231003,576,23,21,1,25.06864,121.5107,2
500103004,20231003,577,23,22,1,25.06864,121.5107,1
500103004,20231003,578,23,22,1,25.06864,121.5107,1
500103004,20231003,579,23,22,1,25.06864,121.5107,1
500103004,20231003,580,23,23,1,25.06864,121.5107,0
500103004,20231003,581,23,23,1,25.06864,121.5107,0
500103004,20231003,582,23,23,1,25.06864,121.5107,0
500103004,20231003,583,23,23,1,25.06864,121.5107,0
500103004,20231003,584,23,23,1,25.06864,121.5107,0
500103004,20231003,585,23,23,1,25.06864,121.5107,0
500103004,20231003,586,23,23,1,25.06864,121.5107,0
500103004,20231003,587,23,23,1,25.06864,121.5107,0
500103004,20231003,588,23,23,1,25.06864,121.5107,0
500103004,20231003,589,23,23,1,25.06864,121.5107,0
500103004,20231003,590,23,23,1,25.06864,121.5107,0
500103004,20231003,591,23,23,1,25.06864,121.5107,0
500103004,20231003,592,23,23,1,25.06864,121.5107,0
500103004,20231003,593,23,23,1,25.06864,121.5107,0
500103004,20231003,594,23,23,1,25.06864,121.5107,0
500103004,20231003,595,23,23,1,25.06864,121.5107,0
500103004,20231003,596,23,23,1,25.06864,121.5107,0
500103004,20231003,597,23,23,1,25.06864,121.5107,0
500103004,20231003,598,23,23,1,25.06864,121.5107,0
500103004,20231003,599,23,23,1,25.06864,121.5107,0
500103004,20231003,601,23,23,1,25.06864,121.5107,0
500103004,20231003,602,23,23,1,25.06864,121.5107,0
500103004,20231003,603,23,23,1,25.06864,121.5107,0
500103004,20231003,604,23,23,1,25.06864,121.5107,0
500103004,20231003,605,23,23,1,25.06864,121.5107,0
500103004,20231003,606,23,23,1,25.06864,121.5107,0
500103004,20231003,607,23,23,1,25.06864,121.5107,0
500103004,20231003,608,23,23,1,25.06864,121.5107,0
500103004,20231003,609,23,23,1,25.06864,121.5107,0
500103004,20231003,610,23,23,1,25.06864,121.5107,0
500103004,20231003,611,23,23,1,25.06864,121.5107,0
500103004,20231003,612,23,23,1,25.06864,121.5107,0
500103004,20231003,613,23,23,1,25.06864,121.5107,0
500103004,20231003,614,23,23,1,25.06864,121.5107,0
500103004,20231003,615,23,23,1,25.06864,121.5107,0
500103004,20231003,616,23,23,1,25.06864,121.5107,0
500103004,20231003,617,23,23,1,25.06864,121.5107,0
500103004,20231003,618,23,23,1,25.06864,121.5107,0
500103004,20231003,619,23,23,1,25.06864,121.5107,0
500103004,20231003,621,23,23,1,25.06864,121.5107,0
500103004,20231003,622,23,23,1,25.06864,121.5107,0
500103004,20231003,623,23,23,1,25.06864,121.5107,0
500103004,20231003,624,23,23,1,25.06864,121.5107,0
500103004,20231003,625,23,23,1,25.06864,121.5107,0
500103004,20231003,626,23,23,1,25.06864,121.5107,0
500103004,20231003,627,23,23,1,25.06864,121.5107,0
500103004,20231003,628,23,23,1,25.06864,121.5107,0
500103004,20231003,629,23,23,1,25.06864,121.5107,0
500103004,20231003,630,23,23,1,25.06864,121.5107,0
500103004,20231003,631,23,23,1,25.06864,121.5107,0
500103004,20231003,632,23,23,1,25.06864,121.5107,0
500103004,20231003,633,23,23,1,25.06864,121.5107,0
500103004,20231003,634,23,23,1,25.06864,121.5107,0
500103004,20231003,635,23,23,1,25.06864,121.5107,0
500103004,20231003,636,23,23,1,25.06864,121.5107,0
500103004,20231003,637,23,23,1,25.06864,121.5107,0
500103004,20231003,638,23,23,1,25.06864,121.5107,0
500103004,20231003,639,23,23,1,25.06864,121.5107,0
500103004,20231003,640,23,23,1,25.06864,121.5107,0
500103004,20231003,641,23,23,1,25.06864,121.5107,0
500103004,20231003,642,23,23,1,25.06864,121.5107,0
500103004,20231003,643,23,23,1,25.06864,121.5107,0
500103004,20231003,644,23,23,1,25.06864,121.5107,0
500103004,20231003,645,23,23,1,25.06864,121.5107,0
500103004,20231003,646,23,23,1,25.06864,121.5107,0
500103004,20231003,647,23,23,1,25.06864,121.5107,0
500103004,20231003,648,23,23,1,25.06864,121.5107,0
500103004,20231003,649,23,23,1,25.06864,121.5107,0
500103004,20231003,650,23,23,1,25.06864,121.5107,0
500103004,20231003,651,23,23,1,25.06864,121.5107,0
500103004,20231003,652,23,23,1,25.06864,121.5107,0
500103004,20231003,653,23,23,1,25.06864,121.5107,0
500103004,20231003,654,23,23,1,25.06864,121.5107,0
500103004,20231003,655,23,23,1,25.06864,121.5107,0
500103004,20231003,656,23,23,1,25.06864,121.5107,0
500103004,20231003,657,23,23,1,25.06864,121.5107,0
500103004,20231003,658,23,23,1,25.06864,121.5107,0
500103004,20231003,659,23,23,1,25.06864,121.5107,0
500103004,20231003,661,23,23,1,25.06864,121.5107,0
500103004,20231003,662,23,23,1,25.06864,121.5107,0
500103004,20231003,663,23,23,1,25.06864,121.5107,0
500103004,20231003,664,23,23,1,25.06864,121.5107,0
500103004,20231003,665,23,22,1,25.06864,121.5107,1
500103004,20231003,666,23,22,1,25.06864,121.5107,1
500103004,20231003,667,23,22,1,25.06864,121.5107,1
500103004,20231003,668,23,22,1,25.06864,121.5107,1
500103004,20231003,669,23,22,1,25.06864,121.5107,1
500103004,20231003,670,23,22,1,25.06864,121.5107,1
500103004,20231003,671,23,22,1,25.06864,121.5107,1
500103004,20231003,672,23,22,1,25.06864,121.5107,1
500103004,20231003,673,23,22,1,25.06864,121.5107,1
500103004,20231003,674,23,22,1,25.06864,121.5107,1
500103004,20231003,675,23,22,1,25.06864,121.5107,1
500103004,20231003,676,23,22,1,25.06864,121.5107,1
500103004,20231003,677,23,22,1,25.06864,121.5107,1
500103004,20231003,678,23,22,1,25.06864,121.5107,1
500103004,20231003,679,23,23,1,25.06864,121.5107,0
500103004,20231003,681,23,23,1,25.06864,121.5107,0
500103004,20231003,682,23,23,1,25.06864,121.5107,0
500103004,20231003,683,23,23,1,25.06864,121.5107,0
500103004,20231003,684,23,23,1,25.06864,121.5107,0
500103004,20231003,685,23,23,1,25.06864,121.5107,0
500103004,20231003,686,23,23,1,25.06864,121.5107,0
500103004,20231003,687,23,23,1,25.06864,121.5107,0
500103004,20231003,688,23,23,1,25.06864,121.5107,0
500103004,20231003,689,23,23,1,25.06864,121.5107,0
500103004,20231003,690,23,23,1,25.06864,121.5107,0
500103004,20231003,691,23,23,1,25.06864,121.5107,0
500103004,20231003,692,23,23,1,25.06864,121.5107,0
500103004,20231003,693,23,23,1,25.06864,121.5107,0
500103004,20231003,694,23,23,1,25.06864,121.5107,0
500103004,20231003,695,23,23,1,25.06864,121.5107,0
500103004,20231003,696,23,23,1,25.06864,121.5107,0
500103004,20231003,697,23,23,1,25.06864,121.5107,0
500103004,20231003,698,23,23,1,25.06864,121.5107,0
500103004,20231003,699,23,23,1,25.06864,121.5107,0
500103004,20231003,700,23,23,1,25.06864,121.5107,0
500103004,20231003,701,23,23,1,25.06864,121.5107,0
500103004,20231003,702,23,23,1,25.06864,121.5107,0
500103004,20231003,703,23,23,1,25.06864,121.5107,0
500103004,20231003,704,23,23,1,25.06864,121.5107,0
500103004,20231003,705,23,23,1,25.06864,121.5107,0
500103004,20231003,706,23,23,1,25.06864,121.5107,0
500103004,20231003,707,23,23,1,25.06864,121.5107,0
500103004,20231003,708,23,23,1,25.06864,121.5107,0
500103004,20231003,709,23,23,1,25.06864,121.5107,0
500103004,20231003,710,23,23,1,25.06864,121.5107,0
500103004,20231003,711,23,23,1,25.06864,121.5107,0
500103004,20231003,712,23,23,1,25.06864,121.5107,0
500103004,20231003,713,23,23,1,25.06864,121.5107,0
500103004,20231003,714,23,22,1,25.06864,121.5107,1
500103004,20231003,715,23,22,1,25.06864,121.5107,1
500103004,20231003,716,23,22,1,25.06864,121.5107,1
500103004,20231003,717,23,22,1,25.06864,121.5107,1
500103004,20231003,718,23,22,1,25.06864,121.5107,1
500103004,20231003,719,23,22,1,25.06864,121.5107,1
500103004,20231003,721,23,22,1,25.06864,121.5107,1
500103004,20231003,722,23,22,1,25.06864,121.5107,1
500103004,20231003,723,23,22,1,25.06864,121.5107,1
500103004,20231003,724,23,22,1,25.06864,121.5107,1
500103004,20231003,725,23,22,1,25.06864,121.5107,1
500103004,20231003,726,23,22,1,25.06864,121.5107,1
500103004,20231003,727,23,22,1,25.06864,121.5107,1
500103004,20231003,728,23,22,1,25.06864,121.5107,1
500103004,20231003,729,23,22,1,25.06864,121.5107,1
500103004,20231003,730,23,22,1,25.06864,121.5107,1
500103004,20231003,731,23,22,1,25.06864,121.5107,1
500103004,20231003,732,23,22,1,25.06864,121.5107,1
500103004,20231003,733,23,22,1,25.06864,121.5107,1
500103004,20231003,734,23,22,1,25.06864,121.5107,1
500103004,20231003,735,23,22,1,25.06864,121.5107,1
500103004,20231003,736,23,21,1,25.06864,121.5107,2
500103004,20231003,737,23,21,1,25.06864,121.5107,2
500103004,20231003,738,23,21,1,25.06864,121.5107,2
500103004,20231003,739,23,21,1,25.06864,121.5107,2
500103004,20231003,741,23,21,1,25.06864,121.5107,2
500103004,20231003,742,23,21,1,25.06864,121.5107,2
500103004,20231003,743,23,20,1,25.06864,121.5107,3
500103004,20231003,744,23,20,1,25.06864,121.5107,3
500103004,20231003,745,23,19,1,25.06864,121.5107,4
500103004,20231003,746,23,19,1,25.06864,121.5107,4
500103004,20231003,747,23,19,1,25.06864,121.5107,4
500103004,20231003,748,23,19,1,25.06864,121.5107,4
500103004,20231003,749,23,19,1,25.06864,121.5107,4
500103004,20231003,750,23,19,1,25.06864,121.5107,4
500103004,20231003,751,23,19,1,25.06864,121.5107,4
500103004,20231003,752,23,19,1,25.06864,121.5107,4
500103004,20231003,753,23,19,1,25.06864,121.5107,4
500103004,20231003,754,23,21,1,25.06864,121.5107,2
500103004,20231003,755,23,21,1,25.06864,121.5107,2
500103004,20231003,756,23,21,1,25.06864,121.5107,2
500103004,20231003,757,23,21,1,25.06864,121.5107,2
500103004,20231003,758,23,21,1,25.06864,121.5107,2
500103004,20231003,759,23,21,1,25.06864,121.5107,2
500103004,20231003,760,23,21,1,25.06864,121.5107,2
500103004,20231003,761,23,21,1,25.06864,121.5107,2
500103004,20231003,762,23,21,1,25.06864,121.5107,2
500103004,20231003,763,23,21,1,25.06864,121.5107,2
500103004,20231003,764,23,21,1,25.06864,121.5107,2
500103004,20231003,765,23,21,1,25.06864,121.5107,2
500103004,20231003,766,23,21,1,25.06864,121.5107,2
500103004,20231003,767,23,21,1,25.06864,121.5107,2
500103004,20231003,768,23,21,1,25.06864,121.5107,2
500103004,20231003,769,23,21,1,25.06864,121.5107,2
500103004,20231003,770,23,21,1,25.06864,121.5107,2
500103004,20231003,771,23,21,1,25.06864,121.5107,2
500103004,20231003,772,23,22,1,25.06864,121.5107,1
500103004,20231003,773,23,22,1,25.06864,121.5107,1
500103004,20231003,774,23,22,1,25.06864,121.5107,1
500103004,20231003,775,23,22,1,25.06864,121.5107,1
500103004,20231003,776,23,22,1,25.06864,121.5107,1
500103004,20231003,777,23,22,1,25.06864,121.5107,1
500103004,20231003,779,23,22,1,25.06864,121.5107,1
500103004,20231003,781,23,22,1,25.06864,121.5107,1
500103004,20231003,782,23,22,1,25.06864,121.5107,1
500103004,20231003,783,23,22,1,25.06864,121.5107,1
500103004,20231003,784,23,22,1,25.06864,121.5107,1
500103004,20231003,785,23,22,1,25.06864,121.5107,1
500103004,20231003,786,23,22,1,25.06864,121.5107,1
500103004,20231003,787,23,22,1,25.06864,121.5107,1
500103004,20231003,788,23,22,1,25.06864,121.5107,1
500103004,20231003,789,23,22,1,25.06864,121.5107,1
500103004,20231003,790,23,22,1,25.06864,121.5107,1
500103004,20231003,791,23,22,1,25.06864,121.5107,1
500103004,20231003,792,23,22,1,25.06864,121.5107,1
500103004,20231003,793,23,22,1,25.06864,121.5107,1
500103004,20231003,794,23,22,1,25.06864,121.5107,1
500103004,20231003,795,23,22,1,25.06864,121.5107,1
500103004,20231003,796,23,22,1,25.06864,121.5107,1
500103004,20231003,797,23,22,1,25.06864,121.5107,1
500103004,20231003,798,23,22,1,25.06864,121.5107,1
500103004,20231003,799,23,22,1,25.06864,121.5107,1
500103004,20231003,801,23,21,1,25.06864,121.5107,2
500103004,20231003,802,23,21,1,25.06864,121.5107,2
500103004,20231003,803,23,21,1,25.06864,121.5107,2
500103004,20231003,804,23,21,1,25.06864,121.5107,2
500103004,20231003,805,23,21,1,25.06864,121.5107,2
500103004,20231003,806,23,21,1,25.06864,121.5107,2
500103004,20231003,807,23,21,1,25.06864,121.5107,2
500103004,20231003,808,23,21,1,25.06864,121.5107,2
500103004,20231003,809,23,21,1,25.06864,121.5107,2
500103004,20231003,811,23,22,1,25.06864,121.5107,1
500103004,20231003,812,23,22,1,25.06864,121.5107,1
500103004,20231003,813,23,22,1,25.06864,121.5107,1
500103004,20231003,814,23,22,1,25.06864,121.5107,1
500103004,20231003,815,23,22,1,25.06864,121.5107,1
500103004,20231003,816,23,22,1,25.06864,121.5107,1
500103004,20231003,817,23,22,1,25.06864,121.5107,1
500103004,20231003,818,23,22,1,25.06864,121.5107,1
500103004,20231003,819,23,22,1,25.06864,121.5107,1
500103004,20231003,820,23,22,1,25.06864,121.5107,1
500103004,20231003,821,23,22,1,25.06864,121.5107,1
500103004,20231003,822,23,22,1,25.06864,121.5107,1
500103004,20231003,823,23,22,1,25.06864,121.5107,1
500103004,20231003,824,23,22,1,25.06864,121.5107,1
500103004,20231003,825,23,22,1,25.06864,121.5107,1
500103004,20231003,826,23,22,1,25.06864,121.5107,1
500103004,20231003,827,23,22,1,25.06864,121.5107,1
500103004,20231003,828,23,22,1,25.06864,121.5107,1
500103004,20231003,829,23,22,1,25.06864,121.5107,1
500103004,20231003,830,23,22,1,25.06864,121.5107,1
500103004,20231003,831,23,22,1,25.06864,121.5107,1
500103004,20231003,832,23,22,1,25.06864,121.5107,1
500103004,20231003,833,23,22,1,25.06864,121.5107,1
500103004,20231003,834,23,22,1,25.06864,121.5107,1
500103004,20231003,835,23,22,1,25.06864,121.5107,1
500103004,20231003,836,23,22,1,25.06864,121.5107,1
500103004,20231003,837,23,22,1,25.06864,121.5107,1
500103004,20231003,838,23,21,1,25.06864,121.5107,2
500103004,20231003,839,23,21,1,25.06864,121.5107,2
500103004,20231003,841,23,21,1,25.06864,121.5107,2
500103004,20231003,842,23,21,1,25.06864,121.5107,2
500103004,20231003,843,23,22,1,25.06864,121.5107,1
500103004,20231003,844,23,22,1,25.06864,121.5107,1
500103004,20231003,845,23,22,1,25.06864,121.5107,1
500103004,20231003,846,23,22,1,25.06864,121.5107,1
500103004,20231003,847,23,22,1,25.06864,121.5107,1
500103004,20231003,848,23,21,1,25.06864,121.5107,2
500103004,20231003,849,23,21,1,25.06864,121.5107,2
500103004,20231003,850,23,21,1,25.06864,121.5107,2
500103004,20231003,851,23,21,1,25.06864,121.5107,2
500103004,20231003,852,23,22,1,25.06864,121.5107,1
500103004,20231003,853,23,22,1,25.06864,121.5107,1
500103004,20231003,854,23,22,1,25.06864,121.5107,1
500103004,20231003,855,23,22,1,25.06864,121.5107,1
500103004,20231003,856,23,22,1,25.06864,121.5107,1
500103004,20231003,857,23,22,1,25.06864,121.5107,1
500103004,20231003,858,23,22,1,25.06864,121.5107,1
500103004,20231003,859,23,22,1,25.06864,121.5107,1
500103004,20231003,861,23,22,1,25.06864,121.5107,1
500103004,20231003,862,23,22,1,25.06864,121.5107,1
500103004,20231003,863,23,22,1,25.06864,121.5107,1
500103004,20231003,864,23,22,1,25.06864,121.5107,1
500103004,20231003,865,23,22,1,25.06864,121.5107,1
500103004,20231003,866,23,22,1,25.06864,121.5107,1
500103004,20231003,867,23,22,1,25.06864,121.5107,1
500103004,20231003,868,23,22,1,25.06864,121.5107,1
500103004,20231003,869,23,22,1,25.06864,121.5107,1
500103004,20231003,870,23,22,1,25.06864,121.5107,1
500103004,20231003,871,23,22,1,25.06864,121.5107,1
500103004,20231003,872,23,22,1,25.06864,121.5107,1
500103004,20231003,873,23,22,1,25.06864,121.5107,1
500103004,20231003,874,23,21,1,25.06864,121.5107,2
500103004,20231003,875,23,21,1,25.06864,121.5107,2
500103004,20231003,876,23,21,1,25.06864,121.5107,2
500103004,20231003,877,23,21,1,25.06864,121.5107,2
500103004,20231003,878,23,21,1,25.06864,121.5107,2
500103004,20231003,879,23,21,1,25.06864,121.5107,2
500103004,20231003,880,23,21,1,25.06864,121.5107,2
500103004,20231003,881,23,21,1,25.06864,121.5107,2
500103004,20231003,882,23,21,1,25.06864,121.5107,2
500103004,20231003,883,23,21,1,25.06864,121.5107,2
500103004,20231003,884,23,21,1,25.06864,121.5107,2
500103004,20231003,885,23,21,1,25.06864,121.5107,2
500103004,20231003,886,23,21,1,25.06864,121.5107,2
500103004,20231003,887,23,21,1,25.06864,121.5107,2
500103004,20231003,888,23,21,1,25.06864,121.5107,2
500103004,20231003,889,23,21,1,25.06864,121.5107,2
500103004,20231003,890,23,21,1,25.06864,121.5107,2
500103004,20231003,891,23,21,1,25.06864,121.5107,2
500103004,20231003,892,23,21,1,25.06864,121.5107,2
500103004,20231003,893,23,21,1,25.06864,121.5107,2
500103004,20231003,894,23,21,1,25.06864,121.5107,2
500103004,20231003,895,23,21,1,25.06864,121.5107,2
500103004,20231003,896,23,21,1,25.06864,121.5107,2
500103004,20231003,897,23,21,1,25.06864,121.5107,2
500103004,20231003,898,23,22,1,25.06864,121.5107,1
500103004,20231003,899,23,22,1,25.06864,121.5107,1
500103004,20231003,901,23,22,1,25.06864,121.5107,1
500103004,20231003,902,23,21,1,25.06864,121.5107,2
500103004,20231003,903,23,21,1,25.06864,121.5107,2
500103004,20231003,904,23,21,1,25.06864,121.5107,2
500103004,20231003,905,23,21,1,25.06864,121.5107,2
500103004,20231003,906,23,21,1,25.06864,121.5107,2
500103004,20231003,907,23,21,1,25.06864,121.5107,2
500103004,20231003,908,23,21,1,25.06864,121.5107,2
500103004,20231003,909,23,21,1,25.06864,121.5107,2
500103004,20231003,910,23,21,1,25.06864,121.5107,2
500103004,20231003,911,23,21,1,25.06864,121.5107,2
500103004,20231003,912,23,21,1,25.06864,121.5107,2
500103004,20231003,913,23,21,1,25.06864,121.5107,2
500103004,20231003,914,23,21,1,25.06864,121.5107,2
500103004,20231003,915,23,21,1,25.06864,121.5107,2
500103004,20231003,916,23,21,1,25.06864,121.5107,2
500103004,20231003,917,23,21,1,25.06864,121.5107,2
500103004,20231003,918,23,20,1,25.06864,121.5107,3
500103004,20231003,919,23,20,1,25.06864,121.5107,3
500103004,20231003,921,23,20,1,25.06864,121.5107,3
500103004,20231003,922,23,20,1,25.06864,121.5107,3
500103004,20231003,923,23,21,1,25.06864,121.5107,2
500103004,20231003,924,23,21,1,25.06864,121.5107,2
500103004,20231003,925,23,21,1,25.06864,121.5107,2
500103004,20231003,926,23,21,1,25.06864,121.5107,2
500103004,20231003,927,23,21,1,25.06864,121.5107,2
500103004,20231003,928,23,21,1,25.06864,121.5107,2
500103004,20231003,929,23,21,1,25.06864,121.5107,2
500103004,20231003,930,23,21,1,25.06864,121.5107,2
500103004,20231003,931,23,21,1,25.06864,121.5107,2
500103004,20231003,932,23,21,1,25.06864,121.5107,2
500103004,20231003,933,23,21,1,25.06864,121.5107,2
500103004,20231003,934,23,20,1,25.06864,121.5107,3
500103004,20231003,935,23,20,1,25.06864,121.5107,3
500103004,20231003,936,23,19,1,25.06864,121.5107,4
500103004,20231003,937,23,19,1,25.06864,121.5107,4
500103004,20231003,938,23,19,1,25.06864,121.5107,4
500103004,20231003,939,23,19,1,25.06864,121.5107,4
500103004,20231003,940,23,19,1,25.06864,121.5107,4
500103004,20231003,941,23,19,1,25.06864,121.5107,4
500103004,20231003,942,23,19,1,25.06864,121.5107,4
500103004,20231003,943,23,19,1,25.06864,121.5107,4
500103004,20231003,944,23,19,1,25.06864,121.5107,4
500103004,20231003,945,23,19,1,25.06864,121.5107,4
500103004,20231003,946,23,20,1,25.06864,121.5107,3
500103004,20231003,947,23,20,1,25.06864,121.5107,3
500103004,20231003,948,23,20,1,25.06864,121.5107,3
500103004,20231003,949,23,20,1,25.06864,121.5107,3
500103004,20231003,950,23,20,1,25.06864,121.5107,3
500103004,20231003,951,23,20,1,25.06864,121.5107,3
500103004,20231003,952,23,20,1,25.06864,121.5107,3
500103004,20231003,953,23,20,1,25.06864,121.5107,3
500103004,20231003,954,23,20,1,25.06864,121.5107,3
500103004,20231003,955,23,20,1,25.06864,121.5107,3
500103004,20231003,956,23,20,1,25.06864,121.5107,3
500103004,20231003,957,23,20,1,25.06864,121.5107,3
500103004,20231003,958,23,20,1,25.06864,121.5107,3
500103004,20231003,959,23,21,1,25.06864,121.5107,2
500103004,20231003,961,23,21,1,25.06864,121.5107,2
500103004,20231003,962,23,20,1,25.06864,121.5107,3
500103004,20231003,963,23,20,1,25.06864,121.5107,3
500103004,20231003,964,23,20,1,25.06864,121.5107,3
500103004,20231003,965,23,20,1,25.06864,121.5107,3
500103004,20231003,966,23,20,1,25.06864,121.5107,3
500103004,20231003,967,23,20,1,25.06864,121.5107,3
500103004,20231003,968,23,20,1,25.06864,121.5107,3
500103004,20231003,969,23,20,1,25.06864,121.5107,3
500103004,20231003,970,23,20,1,25.06864,121.5107,3
500103004,20231003,971,23,20,1,25.06864,121.5107,3
500103004,20231003,972,23,20,1,25.06864,121.5107,3
500103004,20231003,973,23,20,1,25.06864,121.5107,3
500103004,20231003,974,23,20,1,25.06864,121.5107,3
500103004,20231003,975,23,20,1,25.06864,121.5107,3
500103004,20231003,976,23,20,1,25.06864,121.5107,3
500103004,20231003,977,23,20,1,25.06864,121.5107,3
500103004,20231003,978,23,20,1,25.06864,121.5107,3
500103004,20231003,979,23,20,1,25.06864,121.5107,3
500103004,20231003,981,23,20,1,25.06864,121.5107,3
500103004,20231003,982,23,20,1,25.06864,121.5107,3
500103004,20231003,983,23,20,1,25.06864,121.5107,3
500103004,20231003,984,23,20,1,25.06864,121.5107,3
500103004,20231003,985,23,20,1,25.06864,121.5107,3
500103004,20231003,986,23,20,1,25.06864,121.5107,3
500103004,20231003,987,23,20,1,25.06864,121.5107,3
500103004,20231003,988,23,20,1,25.06864,121.5107,3
500103004,20231003,989,23,19,1,25.06864,121.5107,4
500103004,20231003,991,23,19,1,25.06864,121.5107,4
500103004,20231003,992,23,19,1,25.06864,121.5107,4
500103004,20231003,993,23,19,1,25.06864,121.5107,4
500103004,20231003,994,23,19,1,25.06864,121.5107,4
500103004,20231003,995,23,19,1,25.06864,121.5107,4
500103004,20231003,996,23,19,1,25.06864,121.5107,4
500103004,20231003,997,23,19,1,25.06864,121.5107,4
500103004,20231003,998,23,19,1,25.06864,121.5107,4
500103004,20231003,999,23,19,1,25.06864,121.5107,4
500103004,20231003,1000,23,19,1,25.06864,121.5107,4
500103004,20231003,1001,23,19,1,25.06864,121.5107,4
500103004,20231003,1002,23,19,1,25.06864,121.5107,4
500103004,20231003,1003,23,18,1,25.06864,121.5107,5
500103004,20231003,1004,23,18,1,25.06864,121.5107,5
500103004,20231003,1005,23,18,1,25.06864,121.5107,5
500103004,20231003,1006,23,18,1,25.06864,121.5107,5
500103004,20231003,1007,23,18,1,25.06864,121.5107,5
500103004,20231003,1008,23,18,1,25.06864,121.5107,5
500103004,20231003,1009,23,17,1,25.06864,121.5107,6
500103004,20231003,1010,23,18,1,25.06864,121.5107,5
500103004,20231003,1011,23,18,1,25.06864,121.5107,5
500103004,20231003,1012,23,18,1,25.06864,121.5107,5
500103004,20231003,1013,23,19,1,25.06864,121.5107,4
500103004,20231003,1014,23,19,1,25.06864,121.5107,4
500103004,20231003,1015,23,19,1,25.06864,121.5107,4
500103004,20231003,1016,23,19,1,25.06864,121.5107,4
500103004,20231003,1017,23,18,1,25.06864,121.5107,5
500103004,20231003,1018,23,18,1,25.06864,121.5107,5
500103004,20231003,1019,23,18,1,25.06864,121.5107,5
500103004,20231003,1021,23,18,1,25.06864,121.5107,5
500103004,20231003,1022,23,18,1,25.06864,121.5107,5
500103004,20231003,1023,23,18,1,25.06864,121.5107,5
500103004,20231003,1024,23,18,1,25.06864,121.5107,5
500103004,20231003,1025,23,18,1,25.06864,121.5107,5
500103004,20231003,1026,23,18,1,25.06864,121.5107,5
500103004,20231003,1027,23,18,1,25.06864,121.5107,5
500103004,20231003,1028,23,18,1,25.06864,121.5107,5
500103004,20231003,1029,23,18,1,25.06864,121.5107,5
500103004,20231003,1030,23,18,1,25.06864,121.5107,5
500103004,20231003,1031,23,18,1,25.06864,121.5107,5
500103004,20231003,1032,23,18,1,25.06864,121.5107,5
500103004,20231003,1033,23,18,1,25.06864,121.5107,5
500103004,20231003,1034,23,18,1,25.06864,121.5107,5
500103004,20231003,1035,23,17,1,25.06864,121.5107,6
500103004,20231003,1036,23,17,1,25.06864,121.5107,6
500103004,20231003,1037,23,17,1,25.06864,121.5107,6
500103004,20231003,1038,23,17,1,25.06864,121.5107,6
500103004,20231003,1039,23,18,1,25.06864,121.5107,5
500103004,20231003,1041,23,17,1,25.06864,121.5107,6
500103004,20231003,1042,23,17,1,25.06864,121.5107,6
500103004,20231003,1043,23,17,1,25.06864,121.5107,6
500103004,20231003,1044,23,17,1,25.06864,121.5107,6
500103004,20231003,1045,23,17,1,25.06864,121.5107,6
500103004,20231003,1046,23,17,1,25.06864,121.5107,6
500103004,20231003,1047,23,17,1,25.06864,121.5107,6
500103004,20231003,1048,23,17,1,25.06864,121.5107,6
500103004,20231003,1049,23,17,1,25.06864,121.5107,6
500103004,20231003,1051,23,17,1,25.06864,121.5107,6
500103004,20231003,1052,23,17,1,25.06864,121.5107,6
500103004,20231003,1053,23,17,1,25.06864,121.5107,6
500103004,20231003,1054,23,17,1,25.06864,121.5107,6
500103004,20231003,1055,23,17,1,25.06864,121.5107,6
500103004,20231003,1056,23,18,1,25.06864,121.5107,5
500103004,20231003,1057,23,18,1,25.06864,121.5107,5
500103004,20231003,1058,23,17,1,25.06864,121.5107,6
500103004,20231003,1060,23,17,1,25.06864,121.5107,6
500103004,20231003,1061,23,17,1,25.06864,121.5107,6
500103004,20231003,1062,23,17,1,25.06864,121.5107,6
500103004,20231003,1063,23,17,1,25.06864,121.5107,6
500103004,20231003,1064,23,15,1,25.06864,121.5107,8
500103004,20231003,1065,23,15,1,25.06864,121.5107,8
500103004,20231003,1066,23,15,1,25.06864,121.5107,8
500103004,20231003,1067,23,15,1,25.06864,121.5107,8
500103004,20231003,1068,23,15,1,25.06864,121.5107,8
500103004,20231003,1069,23,15,1,25.06864,121.5107,8
500103004,20231003,1070,23,15,1,25.06864,121.5107,8
500103004,20231003,1071,23,15,1,25.06864,121.5107,8
500103004,20231003,1072,23,15,1,25.06864,121.5107,8
500103004,20231003,1073,23,15,1,25.06864,121.5107,8
500103004,20231003,1074,23,15,1,25.06864,121.5107,8
500103004,20231003,1075,23,15,1,25.06864,121.5107,8
500103004,20231003,1076,23,15,1,25.06864,121.5107,8
500103004,20231003,1077,23,14,1,25.06864,121.5107,9
500103004,20231003,1078,23,15,1,25.06864,121.5107,8
500103004,20231003,1079,23,15,1,25.06864,121.5107,8
500103004,20231003,1081,23,16,1,25.06864,121.5107,7
500103004,20231003,1082,23,16,1,25.06864,121.5107,7
500103004,20231003,1083,23,16,1,25.06864,121.5107,7
500103004,20231003,1084,23,16,1,25.06864,121.5107,7
500103004,20231003,1085,23,16,1,25.06864,121.5107,7
500103004,20231003,1086,23,17,1,25.06864,121.5107,6
500103004,20231003,1087,23,17,1,25.06864,121.5107,6
500103004,20231003,1088,23,16,1,25.06864,121.5107,7
500103004,20231003,1089,23,16,1,25.06864,121.5107,7
500103004,20231003,1090,23,15,1,25.06864,121.5107,8
500103004,20231003,1091,23,15,1,25.06864,121.5107,8
500103004,20231003,1092,23,15,1,25.06864,121.5107,8
500103004,20231003,1093,23,14,1,25.06864,121.5107,9
500103004,20231003,1094,23,14,1,25.06864,121.5107,9
500103004,20231003,1095,23,14,1,25.06864,121.5107,9
500103004,20231003,1096,23,14,1,25.06864,121.5107,9
500103004,20231003,1097,23,14,1,25.06864,121.5107,9
500103004,20231003,1098,23,14,1,25.06864,121.5107,9
500103004,20231003,1099,23,14,1,25.06864,121.5107,9
500103004,20231003,1101,23,14,1,25.06864,121.5107,9
500103004,20231003,1102,23,14,1,25.06864,121.5107,9
500103004,20231003,1103,23,14,1,25.06864,121.5107,9
500103004,20231003,1104,23,14,1,25.06864,121.5107,9
500103004,20231003,1105,23,14,1,25.06864,121.5107,9
500103004,20231003,1106,23,14,1,25.06864,121.5107,9
500103004,20231003,1107,23,15,1,25.06864,121.5107,8
500103004,20231003,1108,23,14,1,25.06864,121.5107,9
500103004,20231003,1109,23,13,1,25.06864,121.5107,10
500103004,20231003,1111,23,13,1,25.06864,121.5107,10
500103004,20231003,1112,23,13,1,25.06864,121.5107,10
500103004,20231003,1113,23,13,1,25.06864,121.5107,10
500103004,20231003,1114,23,14,1,25.06864,121.5107,9
500103004,20231003,1115,23,15,1,25.06864,121.5107,8
500103004,20231003,1116,23,15,1,25.06864,121.5107,8
500103004,20231003,1117,23,15,1,25.06864,121.5107,8
500103004,20231003,1118,23,15,1,25.06864,121.5107,8
500103004,20231003,1119,23,15,1,25.06864,121.5107,8
500103004,20231003,1120,23,15,1,25.06864,121.5107,8
500103004,20231003,1121,23,15,1,25.06864,121.5107,8
500103004,20231003,1122,23,15,1,25.06864,121.5107,8
500103004,20231003,1123,23,14,1,25.06864,121.5107,9
500103004,20231003,1124,23,13,1,25.06864,121.5107,10
500103004,20231003,1125,23,12,1,25.06864,121.5107,11
500103004,20231003,1126,23,12,1,25.06864,121.5107,11
500103004,20231003,1127,23,12,1,25.06864,121.5107,11
500103004,20231003,1128,23,12,1,25.06864,121.5107,11
500103004,20231003,1129,23,12,1,25.06864,121.5107,11
500103004,20231003,1130,23,12,1,25.06864,121.5107,11
500103004,20231003,1131,23,12,1,25.06864,121.5107,11
500103004,20231003,1132,23,12,1,25.06864,121.5107,11
500103004,20231003,1133,23,12,1,25.06864,121.5107,11
500103004,20231003,1134,23,12,1,25.06864,121.5107,11
500103004,20231003,1135,23,12,1,25.06864,121.5107,11
500103004,20231003,1136,23,19,1,25.06864,121.5107,4
500103004,20231003,1137,23,20,1,25.06864,121.5107,3
500103004,20231003,1138,23,20,1,25.06864,121.5107,3
500103004,20231003,1139,23,20,1,25.06864,121.5107,3
500103004,20231003,1141,23,21,1,25.06864,121.5107,2
500103004,20231003,1142,23,21,1,25.06864,121.5107,2
500103004,20231003,1143,23,20,1,25.06864,121.5107,3
500103004,20231003,1144,23,20,1,25.06864,121.5107,3
500103004,20231003,1145,23,20,1,25.06864,121.5107,3
500103004,20231003,1146,23,20,1,25.06864,121.5107,3
500103004,20231003,1147,23,21,1,25.06864,121.5107,2
500103004,20231003,1148,23,21,1,25.06864,121.5107,2
500103004,20231003,1149,23,21,1,25.06864,121.5107,2
500103004,20231003,1150,23,21,1,25.06864,121.5107,2
500103004,20231003,1151,23,21,1,25.06864,121.5107,2
500103004,20231003,1152,23,21,1,25.06864,121.5107,2
500103004,20231003,1153,23,21,1,25.06864,121.5107,2
500103004,20231003,1154,23,19,1,25.06864,121.5107,4
500103004,20231003,1155,23,19,1,25.06864,121.5107,4
500103004,20231003,1156,23,20,1,25.06864,121.5107,3
500103004,20231003,1157,23,20,1,25.06864,121.5107,3
500103004,20231003,1158,23,20,1,25.06864,121.5107,3
500103004,20231003,1159,23,19,1,25.06864,121.5107,4
500103004,20231003,1161,23,19,1,25.06864,121.5107,4
500103004,20231003,1162,23,19,1,25.06864,121.5107,4
500103004,20231003,1163,23,19,1,25.06864,121.5107,4
500103004,20231003,1164,23,19,1,25.06864,121.5107,4
500103004,20231003,1165,23,19,1,25.06864,121.5107,4
500103004,20231003,1166,23,19,1,25.06864,121.5107,4
500103004,20231003,1167,23,19,1,25.06864,121.5107,4
500103004,20231003,1168,23,19,1,25.06864,121.5107,4
500103004,20231003,1169,23,19,1,25.06864,121.5107,4
500103004,20231003,1171,23,19,1,25.06864,121.5107,4
500103004,20231003,1172,23,19,1,25.06864,121.5107,4
500103004,20231003,1173,23,19,1,25.06864,121.5107,4
500103004,20231003,1174,23,19,1,25.06864,121.5107,4
500103004,20231003,1175,23,19,1,25.06864,121.5107,4
500103004,20231003,1176,23,20,1,25.06864,121.5107,3
500103004,20231003,1177,23,18,1,25.06864,121.5107,5
500103004,20231003,1178,23,18,1,25.06864,121.5107,5
500103004,20231003,1179,23,18,1,25.06864,121.5107,5
500103004,20231003,1180,23,19,1,25.06864,121.5107,4
500103004,20231003,1181,23,19,1,25.06864,121.5107,4
500103004,20231003,1182,23,19,1,25.06864,121.5107,4
500103004,20231003,1183,23,19,1,25.06864,121.5107,4
500103004,20231003,1184,23,19,1,25.06864,121.5107,4
500103004,20231003,1185,23,19,1,25.06864,121.5107,4
500103004,20231003,1186,23,19,1,25.06864,121.5107,4
500103004,20231003,1187,23,19,1,25.06864,121.5107,4
500103004,20231003,1188,23,19,1,25.06864,121.5107,4
500103004,20231003,1189,23,19,1,25.06864,121.5107,4
500103004,20231003,1190,23,19,1,25.06864,121.5107,4
500103004,20231003,1191,23,20,1,25.06864,121.5107,3
500103004,20231003,1192,23,20,1,25.06864,121.5107,3
500103004,20231003,1193,23,20,1,25.06864,121.5107,3
500103004,20231003,1194,23,20,1,25.06864,121.5107,3
500103004,20231003,1195,23,20,1,25.06864,121.5107,3
500103004,20231003,1196,23,19,1,25.06864,121.5107,4
500103004,20231003,1197,23,19,1,25.06864,121.5107,4
500103004,20231003,1198,23,19,1,25.06864,121.5107,4
500103004,20231003,1199,23,19,1,25.06864,121.5107,4
500103004,20231003,1201,23,19,1,25.06864,121.5107,4
500103004,20231003,1202,23,19,1,25.06864,121.5107,4
500103004,20231003,1203,23,19,1,25.06864,121.5107,4
500103004,20231003,1204,23,19,1,25.06864,121.5107,4
500103004,20231003,1205,23,19,1,25.06864,121.5107,4
500103004,20231003,1206,23,19,1,25.06864,121.5107,4
500103004,20231003,1207,23,18,1,25.06864,121.5107,5
500103004,20231003,1208,23,18,1,25.06864,121.5107,5
500103004,20231003,1209,23,18,1,25.06864,121.5107,5
500103004,20231003,1210,23,18,1,25.06864,121.5107,5
500103004,20231003,1211,23,18,1,25.06864,121.5107,5
500103004,20231003,1212,23,18,1,25.06864,121.5107,5
500103004,20231003,1213,23,18,1,25.06864,121.5107,5
500103004,20231003,1214,23,18,1,25.06864,121.5107,5
500103004,20231003,1215,23,18,1,25.06864,121.5107,5
500103004,20231003,1216,23,17,1,25.06864,121.5107,6
500103004,20231003,1217,23,17,1,25.06864,121.5107,6
500103004,20231003,1218,23,17,1,25.06864,121.5107,6
500103004,20231003,1219,23,17,1,25.06864,121.5107,6
500103004,20231003,1221,23,17,1,25.06864,121.5107,6
500103004,20231003,1222,23,16,1,25.06864,121.5107,7
500103004,20231003,1223,23,16,1,25.06864,121.5107,7
500103004,20231003,1224,23,16,1,25.06864,121.5107,7
500103004,20231003,1225,23,16,1,25.06864,121.5107,7
500103004,20231003,1226,23,17,1,25.06864,121.5107,6
500103004,20231003,1227,23,17,1,25.06864,121.5107,6
500103004,20231003,1228,23,17,1,25.06864,121.5107,6
500103004,20231003,1229,23,17,1,25.06864,121.5107,6
500103004,20231003,1230,23,17,1,25.06864,121.5107,6
500103004,20231003,1231,23,15,1,25.06864,121.5107,8
500103004,20231003,1232,23,15,1,25.06864,121.5107,8
500103004,20231003,1233,23,15,1,25.06864,121.5107,8
500103004,20231003,1234,23,15,1,25.06864,121.5107,8
500103004,20231003,1235,23,15,1,25.06864,121.5107,8
500103004,20231003,1236,23,15,1,25.06864,121.5107,8
500103004,20231003,1237,23,15,1,25.06864,121.5107,8
500103004,20231003,1238,23,15,1,25.06864,121.5107,8
500103004,20231003,1239,23,15,1,25.06864,121.5107,8
500103004,20231003,1240,23,15,1,25.06864,121.5107,8
500103004,20231003,1241,23,15,1,25.06864,121.5107,8
500103004,20231003,1242,23,15,1,25.06864,121.5107,8
500103004,20231003,1243,23,15,1,25.06864,121.5107,8
500103004,20231003,1244,23,15,1,25.06864,121.5107,8
500103004,20231003,1245,23,15,1,25.06864,121.5107,8
500103004,20231003,1246,23,15,1,25.06864,121.5107,8
500103004,20231003,1247,23,15,1,25.06864,121.5107,8
500103004,20231003,1248,23,15,1,25.06864,121.5107,8
500103004,20231003,1249,23,15,1,25.06864,121.5107,8
500103004,20231003,1250,23,15,1,25.06864,121.5107,8
500103004,20231003,1251,23,15,1,25.06864,121.5107,8
500103004,20231003,1252,23,15,1,25.06864,121.5107,8
500103004,20231003,1253,23,15,1,25.06864,121.5107,8
500103004,20231003,1254,23,15,1,25.06864,121.5107,8
500103004,20231003,1255,23,15,1,25.06864,121.5107,8
500103004,20231003,1256,23,15,1,25.06864,121.5107,8
500103004,20231003,1257,23,15,1,25.06864,121.5107,8
500103004,20231003,1258,23,15,1,25.06864,121.5107,8
500103004,20231003,1259,23,15,1,25.06864,121.5107,8
500103004,20231003,1261,23,14,1,25.06864,121.5107,9
500103004,20231003,1262,23,14,1,25.06864,121.5107,9
500103004,20231003,1263,23,14,1,25.06864,121.5107,9
500103004,20231003,1264,23,14,1,25.06864,121.5107,9
500103004,20231003,1265,23,13,1,25.06864,121.5107,10
500103004,20231003,1266,23,13,1,25.06864,121.5107,10
500103004,20231003,1267,23,13,1,25.06864,121.5107,10
500103004,20231003,1268,23,13,1,25.06864,121.5107,10
500103004,20231003,1269,23,13,1,25.06864,121.5107,10
500103004,20231003,1270,23,13,1,25.06864,121.5107,10
500103004,20231003,1271,23,13,1,25.06864,121.5107,10
500103004,20231003,1272,23,13,1,25.06864,121.5107,10
500103004,20231003,1273,23,13,1,25.06864,121.5107,10
500103004,20231003,1274,23,13,1,25.06864,121.5107,10
500103004,20231003,1275,23,13,1,25.06864,121.5107,10
500103004,20231003,1276,23,13,1,25.06864,121.5107,10
500103004,20231003,1277,23,13,1,25.06864,121.5107,10
500103004,20231003,1278,23,13,1,25.06864,121.5107,10
500103004,20231003,1279,23,13,1,25.06864,121.5107,10
500103004,20231003,1281,23,13,1,25.06864,121.5107,10
500103004,20231003,1282,23,12,1,25.06864,121.5107,11
500103004,20231003,1283,23,12,1,25.06864,121.5107,11
500103004,20231003,1284,23,12,1,25.06864,121.5107,11
500103004,20231003,1285,23,12,1,25.06864,121.5107,11
500103004,20231003,1286,23,12,1,25.06864,121.5107,11
500103004,20231003,1287,23,12,1,25.06864,121.5107,11
500103004,20231003,1288,23,11,1,25.06864,121.5107,12
500103004,20231003,1289,23,11,1,25.06864,121.5107,12
500103004,20231003,1290,23,11,1,25.06864,121.5107,12
500103004,20231003,1291,23,10,1,25.06864,121.5107,13
500103004,20231003,1292,23,10,1,25.06864,121.5107,13
500103004,20231003,1293,23,10,1,25.06864,121.5107,13
500103004,20231003,1294,23,10,1,25.06864,121.5107,13
500103004,20231003,1295,23,10,1,25.06864,121.5107,13
500103004,20231003,1296,23,10,1,25.06864,121.5107,13
500103004,20231003,1297,23,10,1,25.06864,121.5107,13
500103004,20231003,1298,23,10,1,25.06864,121.5107,13
500103004,20231003,1299,23,10,1,25.06864,121.5107,13
500103004,20231003,1300,23,10,1,25.06864,121.5107,13
500103004,20231003,1301,23,10,1,25.06864,121.5107,13
500103004,20231003,1302,23,10,1,25.06864,121.5107,13
500103004,20231003,1303,23,10,1,25.06864,121.5107,13
500103004,20231003,1304,23,10,1,25.06864,121.5107,13
500103004,20231003,1305,23,10,1,25.06864,121.5107,13
500103004,20231003,1306,23,10,1,25.06864,121.5107,13
500103004,20231003,1307,23,10,1,25.06864,121.5107,13
500103004,20231003,1308,23,10,1,25.06864,121.5107,13
500103004,20231003,1309,23,10,1,25.06864,121.5107,13
500103004,20231003,1310,23,10,1,25.06864,121.5107,13
500103004,20231003,1311,23,10,1,25.06864,121.5107,13
500103004,20231003,1312,23,10,1,25.06864,121.5107,13
500103004,20231003,1313,23,10,1,25.06864,121.5107,13
500103004,20231003,1314,23,10,1,25.06864,121.5107,13
500103004,20231003,1315,23,10,1,25.06864,121.5107,13
500103004,20231003,1316,23,10,1,25.06864,121.5107,13
500103004,20231003,1317,23,10,1,25.06864,121.5107,13
500103004,20231003,1318,23,10,1,25.06864,121.5107,13
500103004,20231003,1319,23,10,1,25.06864,121.5107,13
500103004,20231003,1321,23,9,1,25.06864,121.5107,14
500103004,20231003,1322,23,9,1,25.06864,121.5107,14
500103004,20231003,1323,23,9,1,25.06864,121.5107,14
500103004,20231003,1324,23,9,1,25.06864,121.5107,14
500103004,20231003,1325,23,9,1,25.06864,121.5107,14
500103004,20231003,1326,23,9,1,25.06864,121.5107,14
500103004,20231003,1327,23,9,1,25.06864,121.5107,14
500103004,20231003,1328,23,9,1,25.06864,121.5107,14
500103004,20231003,1329,23,9,1,25.06864,121.5107,14
500103004,20231003,1330,23,9,1,25.06864,121.5107,14
500103004,20231003,1331,23,9,1,25.06864,121.5107,14
500103004,20231003,1332,23,9,1,25.06864,121.5107,14
500103004,20231003,1333,23,9,1,25.06864,121.5107,14
500103004,20231003,1334,23,9,1,25.06864,121.5107,14
500103004,20231003,1335,23,9,1,25.06864,121.5107,14
500103004,20231003,1336,23,9,1,25.06864,121.5107,14
500103004,20231003,1337,23,9,1,25.06864,121.5107,14
500103004,20231003,1338,23,9,1,25.06864,121.5107,14
500103004,20231003,1339,23,9,1,25.06864,121.5107,14
500103004,20231003,1341,23,9,1,25.06864,121.5107,14
500103004,20231003,1342,23,9,1,25.06864,121.5107,14
500103004,20231003,1343,23,9,1,25.06864,121.5107,14
500103004,20231003,1344,23,9,1,25.06864,121.5107,14
500103004,20231003,1345,23,9,1,25.06864,121.5107,14
500103004,20231003,1346,23,9,1,25.06864,121.5107,14
500103004,20231003,1347,23,9,1,25.06864,121.5107,14
500103004,20231003,1348,23,9,1,25.06864,121.5107,14
500103004,20231003,1349,23,9,1,25.06864,121.5107,14
500103004,20231003,1350,23,9,1,25.06864,121.5107,14
500103004,20231003,1352,23,9,1,25.06864,121.5107,14
500103004,20231003,1353,23,9,1,25.06864,121.5107,14
500103004,20231003,1354,23,9,1,25.06864,121.5107,14
500103004,20231003,1355,23,9,1,25.06864,121.5107,14
500103004,20231003,1356,23,9,1,25.06864,121.5107,14
500103004,20231003,1357,23,9,1,25.06864,121.5107,14
500103004,20231003,1358,23,9,1,25.06864,121.5107,14
500103004,20231003,1359,23,9,1,25.06864,121.5107,14
500103004,20231003,1360,23,9,1,25.06864,121.5107,14
500103004,20231003,1361,23,9,1,25.06864,121.5107,14
500103004,20231003,1362,23,9,1,25.06864,121.5107,14
500103004,20231003,1363,23,9,1,25.06864,121.5107,14
500103004,20231003,1364,23,9,1,25.06864,121.5107,14
500103004,20231003,1365,23,9,1,25.06864,121.5107,14
500103004,20231003,1366,23,9,1,25.06864,121.5107,14
500103004,20231003,1367,23,9,1,25.06864,121.5107,14
500103004,20231003,1368,23,9,1,25.06864,121.5107,14
500103004,20231003,1369,23,9,1,25.06864,121.5107,14
500103004,20231003,1370,23,9,1,25.06864,121.5107,14
500103004,20231003,1371,23,9,1,25.06864,121.5107,14
500103004,20231003,1372,23,9,1,25.06864,121.5107,14
500103004,20231003,1373,23,9,1,25.06864,121.5107,14
500103004,20231003,1374,23,9,1,25.06864,121.5107,14
500103004,20231003,1375,23,9,1,25.06864,121.5107,14
500103004,20231003,1376,23,9,1,25.06864,121.5107,14
500103004,20231003,1377,23,9,1,25.06864,121.5107,14
500103004,20231003,1378,23,9,1,25.06864,121.5107,14
500103004,20231003,1379,23,9,1,25.06864,121.5107,14
500103004,20231003,1381,23,9,1,25.06864,121.5107,14
500103004,20231003,1382,23,9,1,25.06864,121.5107,14
500103004,20231003,1383,23,9,1,25.06864,121.5107,14
500103004,20231003,1384,23,8,1,25.06864,121.5107,15
500103004,20231003,1385,23,8,1,25.06864,121.5107,15
500103004,20231003,1386,23,8,1,25.06864,121.5107,15
500103004,20231003,1387,23,8,1,25.06864,121.5107,15
500103004,20231003,1388,23,8,1,25.06864,121.5107,15
500103004,20231003,1389,23,8,1,25.06864,121.5107,15
500103004,20231003,1390,23,8,1,25.06864,121.5107,15
500103004,20231003,1391,23,8,1,25.06864,121.5107,15
500103004,20231003,1392,23,8,1,25.06864,121.5107,15
500103004,20231003,1393,23,8,1,25.06864,121.5107,15
500103004,20231003,1394,23,8,1,25.06864,121.5107,15
500103004,20231003,1395,23,8,1,25.06864,121.5107,15
500103004,20231003,1396,23,8,1,25.06864,121.5107,15
500103004,20231003,1397,23,8,1,25.06864,121.5107,15
500103004,20231003,1398,23,8,1,25.06864,121.5107,15
500103004,20231003,1399,23,8,1,25.06864,121.5107,15
500103004,20231003,1401,23,8,1,25.06864,121.5107,15
500103004,20231003,1402,23,8,1,25.06864,121.5107,15
500103004,20231003,1403,23,7,1,25.06864,121.5107,16
500103004,20231003,1404,23,7,1,25.06864,121.5107,16
500103004,20231003,1405,23,7,1,25.06864,121.5107,16
500103004,20231003,1406,23,7,1,25.06864,121.5107,16
500103004,20231003,1407,23,7,1,25.06864,121.5107,16
500103004,20231003,1408,23,7,1,25.06864,121.5107,16
500103004,20231003,1409,23,7,1,25.06864,121.5107,16
500103004,20231003,1410,23,7,1,25.06864,121.5107,16
500103004,20231003,1411,23,7,1,25.06864,121.5107,16
500103004,20231003,1412,23,7,1,25.06864,121.5107,16
500103004,20231003,1413,23,7,1,25.06864,121.5107,16
500103004,20231003,1414,23,7,1,25.06864,121.5107,16
500103004,20231003,1415,23,7,1,25.06864,121.5107,16
500103004,20231003,1416,23,7,1,25.06864,121.5107,16
500103004,20231003,1417,23,7,1,25.06864,121.5107,16
500103004,20231003,1418,23,7,1,25.06864,121.5107,16
500103004,20231003,1419,23,7,1,25.06864,121.5107,16
500103004,20231003,1420,23,7,1,25.06864,121.5107,16
500103004,20231003,1421,23,7,1,25.06864,121.5107,16
500103004,20231003,1422,23,7,1,25.06864,121.5107,16
500103004,20231003,1423,23,7,1,25.06864,121.5107,16
500103004,20231003,1424,23,7,1,25.06864,121.5107,16
500103004,20231003,1425,23,7,1,25.06864,121.5107,16
500103004,20231003,1426,23,7,1,25.06864,121.5107,16
500103004,20231003,1427,23,8,1,25.06864,121.5107,15
500103004,20231003,1428,23,8,1,25.06864,121.5107,15
500103004,20231003,1429,23,8,1,25.06864,121.5107,15
500103004,20231003,1430,23,8,1,25.06864,121.5107,15
500103004,20231003,1431,23,8,1,25.06864,121.5107,15
500103004,20231003,1432,23,8,1,25.06864,121.5107,15
500103004,20231003,1433,23,8,1,25.06864,121.5107,15
500103004,20231003,1434,23,8,1,25.06864,121.5107,15
500103004,20231003,1435,23,8,1,25.06864,121.5107,15
500103004,20231003,1436,23,8,1,25.06864,121.5107,15
500103004,20231003,1437,23,8,1,25.06864,121.5107,15
500103004,20231003,1438,23,8,1,25.06864,121.5107,15
500103004,20231003,1439,23,8,1,25.06864,121.5107,15
500103004,20231004,1,23,8,1,25.06864,121.5107,15
500103004,20231004,2,23,8,1,25.06864,121.5107,15
500103004,20231004,3,23,8,1,25.06864,121.5107,15
500103004,20231004,4,23,8,1,25.06864,121.5107,15
500103004,20231004,5,23,8,1,25.06864,121.5107,15
500103004,20231004,6,23,8,1,25.06864,121.5107,15
500103004,20231004,7,23,8,1,25.06864,121.5107,15
500103004,20231004,8,23,8,1,25.06864,121.5107,15
500103004,20231004,9,23,8,1,25.06864,121.5107,15
500103004,20231004,10,23,8,1,25.06864,121.5107,15
500103004,20231004,11,23,8,1,25.06864,121.5107,15
500103004,20231004,12,23,8,1,25.06864,121.5107,15
500103004,20231004,13,23,8,1,25.06864,121.5107,15
500103004,20231004,14,23,8,1,25.06864,121.5107,15
500103004,20231004,15,23,8,1,25.06864,121.5107,15
500103004,20231004,16,23,8,1,25.06864,121.5107,15
500103004,20231004,17,23,8,1,25.06864,121.5107,15
500103004,20231004,18,23,8,1,25.06864,121.5107,15
500103004,20231004,19,23,8,1,25.06864,121.5107,15
500103004,20231004,21,23,8,1,25.06864,121.5107,15
500103004,20231004,22,23,8,1,25.06864,121.5107,15
500103004,20231004,23,23,8,1,25.06864,121.5107,15
500103004,20231004,24,23,8,1,25.06864,121.5107,15
500103004,20231004,25,23,8,1,25.06864,121.5107,15
500103004,20231004,26,23,8,1,25.06864,121.5107,15
500103004,20231004,27,23,8,1,25.06864,121.5107,15
500103004,20231004,28,23,8,1,25.06864,121.5107,15
500103004,20231004,29,23,8,1,25.06864,121.5107,15
500103004,20231004,30,23,8,1,25.06864,121.5107,15
500103004,20231004,31,23,8,1,25.06864,121.5107,15
500103004,20231004,32,23,8,1,25.06864,121.5107,15
500103004,20231004,33,23,8,1,25.06864,121.5107,15
500103004,20231004,34,23,8,1,25.06864,121.5107,15
500103004,20231004,35,23,8,1,25.06864,121.5107,15
500103004,20231004,36,23,8,1,25.06864,121.5107,15
500103004,20231004,37,23,8,1,25.06864,121.5107,15
500103004,20231004,38,23,8,1,25.06864,121.5107,15
500103004,20231004,39,23,8,1,25.06864,121.5107,15
500103004,20231004,40,23,8,1,25.06864,121.5107,15
500103004,20231004,41,23,8,1,25.06864,121.5107,15
500103004,20231004,42,23,8,1,25.06864,121.5107,15
500103004,20231004,43,23,8,1,25.06864,121.5107,15
500103004,20231004,44,23,8,1,25.06864,121.5107,15
500103004,20231004,45,23,8,1,25.06864,121.5107,15
500103004,20231004,46,23,8,1,25.06864,121.5107,15
500103004,20231004,47,23,8,1,25.06864,121.5107,15
500103004,20231004,48,23,8,1,25.06864,121.5107,15
500103004,20231004,49,23,8,1,25.06864,121.5107,15
500103004,20231004,50,23,8,1,25.06864,121.5107,15
500103004,20231004,51,23,8,1,25.06864,121.5107,15
500103004,20231004,52,23,8,1,25.06864,121.5107,15
500103004,20231004,53,23,8,1,25.06864,121.5107,15
500103004,20231004,54,23,8,1,25.06864,121.5107,15
500103004,20231004,55,23,8,1,25.06864,121.5107,15
500103004,20231004,56,23,8,1,25.06864,121.5107,15
500103004,20231004,57,23,8,1,25.06864,121.5107,15
500103004,20231004,58,23,8,1,25.06864,121.5107,15
500103004,20231004,59,23,8,1,25.06864,121.5107,15
500103004,20231004,60,23,8,1,25.06864,121.5107,15
500103004,20231004,61,23,8,1,25.06864,121.5107,15
500103004,20231004,62,23,8,1,25.06864,121.5107,15
500103004,20231004,63,23,8,1,25.06864,121.5107,15
500103004,20231004,64,23,8,1,25.06864,121.5107,15
500103004,20231004,65,23,8,1,25.06864,121.5107,15
500103004,20231004,66,23,8,1,25.06864,121.5107,15
500103004,20231004,67,23,8,1,25.06864,121.5107,15
500103004,20231004,68,23,8,1,25.06864,121.5107,15
500103004,20231004,69,23,8,1,25.06864,121.5107,15
500103004,20231004,70,23,8,1,25.06864,121.5107,15
500103004,20231004,71,23,8,1,25.06864,121.5107,15
500103004,20231004,72,23,8,1,25.06864,121.5107,15
500103004,20231004,73,23,8,1,25.06864,121.5107,15
500103004,20231004,74,23,8,1,25.06864,121.5107,15
500103004,20231004,75,23,8,1,25.06864,121.5107,15
500103004,20231004,76,23,8,1,25.06864,121.5107,15
500103004,20231004,77,23,8,1,25.06864,121.5107,15
500103004,20231004,78,23,8,1,25.06864,121.5107,15
500103004,20231004,79,23,8,1,25.06864,121.5107,15
500103004,20231004,81,23,8,1,25.06864,121.5107,15
500103004,20231004,82,23,8,1,25.06864,121.5107,15
500103004,20231004,83,23,8,1,25.06864,121.5107,15
500103004,20231004,84,23,8,1,25.06864,121.5107,15
500103004,20231004,85,23,8,1,25.06864,121.5107,15
500103004,20231004,86,23,8,1,25.06864,121.5107,15
500103004,20231004,87,23,8,1,25.06864,121.5107,15
500103004,20231004,88,23,8,1,25.06864,121.5107,15
500103004,20231004,89,23,8,1,25.06864,121.5107,15
500103004,20231004,90,23,8,1,25.06864,121.5107,15
500103004,20231004,91,23,8,1,25.06864,121.5107,15
500103004,20231004,92,23,8,1,25.06864,121.5107,15
500103004,20231004,93,23,8,1,25.06864,121.5107,15
500103004,20231004,94,23,8,1,25.06864,121.5107,15
500103004,20231004,95,23,8,1,25.06864,121.5107,15
500103004,20231004,96,23,8,1,25.06864,121.5107,15
500103004,20231004,97,23,8,1,25.06864,121.5107,15
500103004,20231004,98,23,8,1,25.06864,121.5107,15
500103004,20231004,99,23,8,1,25.06864,121.5107,15
500103004,20231004,100,23,8,1,25.06864,121.5107,15
500103004,20231004,101,23,8,1,25.06864,121.5107,15
500103004,20231004,102,23,8,1,25.06864,121.5107,15
500103004,20231004,103,23,8,1,25.06864,121.5107,15
500103004,20231004,104,23,8,1,25.06864,121.5107,15
500103004,20231004,105,23,8,1,25.06864,121.5107,15
500103004,20231004,106,23,8,1,25.06864,121.5107,15
500103004,20231004,107,23,8,1,25.06864,121.5107,15
500103004,20231004,108,23,8,1,25.06864,121.5107,15
500103004,20231004,109,23,8,1,25.06864,121.5107,15
500103004,20231004,110,23,8,1,25.06864,121.5107,15
500103004,20231004,111,23,8,1,25.06864,121.5107,15
500103004,20231004,112,23,8,1,25.06864,121.5107,15
500103004,20231004,113,23,8,1,25.06864,121.5107,15
500103004,20231004,114,23,8,1,25.06864,121.5107,15
500103004,20231004,115,23,8,1,25.06864,121.5107,15
500103004,20231004,116,23,8,1,25.06864,121.5107,15
500103004,20231004,117,23,8,1,25.06864,121.5107,15
500103004,20231004,118,23,8,1,25.06864,121.5107,15
500103004,20231004,119,23,8,1,25.06864,121.5107,15
500103004,20231004,121,23,8,1,25.06864,121.5107,15
500103004,20231004,122,23,8,1,25.06864,121.5107,15
500103004,20231004,123,23,8,1,25.06864,121.5107,15
500103004,20231004,124,23,8,1,25.06864,121.5107,15
500103004,20231004,125,23,8,1,25.06864,121.5107,15
500103004,20231004,126,23,8,1,25.06864,121.5107,15
500103004,20231004,127,23,8,1,25.06864,121.5107,15
500103004,20231004,128,23,8,1,25.06864,121.5107,15
500103004,20231004,129,23,8,1,25.06864,121.5107,15
500103004,20231004,130,23,8,1,25.06864,121.5107,15
500103004,20231004,131,23,8,1,25.06864,121.5107,15
500103004,20231004,132,23,8,1,25.06864,121.5107,15
500103004,20231004,133,23,8,1,25.06864,121.5107,15
500103004,20231004,134,23,8,1,25.06864,121.5107,15
500103004,20231004,135,23,8,1,25.06864,121.5107,15
500103004,20231004,136,23,8,1,25.06864,121.5107,15
500103004,20231004,137,23,8,1,25.06864,121.5107,15
500103004,20231004,138,23,8,1,25.06864,121.5107,15
500103004,20231004,139,23,8,1,25.06864,121.5107,15
500103004,20231004,141,23,8,1,25.06864,121.5107,15
500103004,20231004,142,23,8,1,25.06864,121.5107,15
500103004,20231004,143,23,8,1,25.06864,121.5107,15
500103004,20231004,144,23,8,1,25.06864,121.5107,15
500103004,20231004,145,23,8,1,25.06864,121.5107,15
500103004,20231004,146,23,8,1,25.06864,121.5107,15
500103004,20231004,147,23,8,1,25.06864,121.5107,15
500103004,20231004,148,23,8,1,25.06864,121.5107,15
500103004,20231004,149,23,8,1,25.06864,121.5107,15
500103004,20231004,150,23,8,1,25.06864,121.5107,15
500103004,20231004,151,23,8,1,25.06864,121.5107,15
500103004,20231004,152,23,8,1,25.06864,121.5107,15
500103004,20231004,153,23,8,1,25.06864,121.5107,15
500103004,20231004,154,23,8,1,25.06864,121.5107,15
500103004,20231004,155,23,8,1,25.06864,121.5107,15
500103004,20231004,156,23,8,1,25.06864,121.5107,15
500103004,20231004,157,23,8,1,25.06864,121.5107,15
500103004,20231004,158,23,8,1,25.06864,121.5107,15
500103004,20231004,159,23,8,1,25.06864,121.5107,15
500103004,20231004,160,23,8,1,25.06864,121.5107,15
500103004,20231004,161,23,8,1,25.06864,121.5107,15
500103004,20231004,162,23,8,1,25.06864,121.5107,15
500103004,20231004,163,23,8,1,25.06864,121.5107,15
500103004,20231004,164,23,8,1,25.06864,121.5107,15
500103004,20231004,165,23,8,1,25.06864,121.5107,15
500103004,20231004,166,23,8,1,25.06864,121.5107,15
500103004,20231004,167,23,8,1,25.06864,121.5107,15
500103004,20231004,168,23,8,1,25.06864,121.5107,15
500103004,20231004,169,23,8,1,25.06864,121.5107,15
500103004,20231004,170,23,8,1,25.06864,121.5107,15
500103004,20231004,171,23,8,1,25.06864,121.5107,15
500103004,20231004,172,23,8,1,25.06864,121.5107,15
500103004,20231004,173,23,8,1,25.06864,121.5107,15
500103004,20231004,174,23,8,1,25.06864,121.5107,15
500103004,20231004,175,23,8,1,25.06864,121.5107,15
500103004,20231004,176,23,8,1,25.06864,121.5107,15
500103004,20231004,177,23,8,1,25.06864,121.5107,15
500103004,20231004,178,23,8,1,25.06864,121.5107,15
500103004,20231004,179,23,8,1,25.06864,121.5107,15
500103004,20231004,180,23,8,1,25.06864,121.5107,15
500103004,20231004,181,23,8,1,25.06864,121.5107,15
500103004,20231004,182,23,8,1,25.06864,121.5107,15
500103004,20231004,183,23,8,1,25.06864,121.5107,15
500103004,20231004,184,23,8,1,25.06864,121.5107,15
500103004,20231004,185,23,8,1,25.06864,121.5107,15
500103004,20231004,186,23,8,1,25.06864,121.5107,15
500103004,20231004,187,23,8,1,25.06864,121.5107,15
500103004,20231004,188,23,8,1,25.06864,121.5107,15
500103004,20231004,189,23,8,1,25.06864,121.5107,15
500103004,20231004,190,23,8,1,25.06864,121.5107,15
500103004,20231004,191,23,8,1,25.06864,121.5107,15
500103004,20231004,192,23,8,1,25.06864,121.5107,15
500103004,20231004,193,23,8,1,25.06864,121.5107,15
500103004,20231004,194,23,8,1,25.06864,121.5107,15
500103004,20231004,195,23,8,1,25.06864,121.5107,15
500103004,20231004,196,23,8,1,25.06864,121.5107,15
500103004,20231004,197,23,8,1,25.06864,121.5107,15
500103004,20231004,198,23,8,1,25.06864,121.5107,15
500103004,20231004,199,23,8,1,25.06864,121.5107,15
500103004,20231004,201,23,8,1,25.06864,121.5107,15
500103004,20231004,202,23,8,1,25.06864,121.5107,15
500103004,20231004,203,23,8,1,25.06864,121.5107,15
500103004,20231004,204,23,8,1,25.06864,121.5107,15
500103004,20231004,205,23,8,1,25.06864,121.5107,15
500103004,20231004,206,23,8,1,25.06864,121.5107,15
500103004,20231004,207,23,8,1,25.06864,121.5107,15
500103004,20231004,208,23,8,1,25.06864,121.5107,15
500103004,20231004,209,23,8,1,25.06864,121.5107,15
500103004,20231004,210,23,8,1,25.06864,121.5107,15
500103004,20231004,211,23,8,1,25.06864,121.5107,15
500103004,20231004,212,23,8,1,25.06864,121.5107,15
500103004,20231004,213,23,8,1,25.06864,121.5107,15
500103004,20231004,214,23,8,1,25.06864,121.5107,15
500103004,20231004,216,23,8,1,25.06864,121.5107,15
500103004,20231004,217,23,8,1,25.06864,121.5107,15
500103004,20231004,218,23,8,1,25.06864,121.5107,15
500103004,20231004,219,23,8,1,25.06864,121.5107,15
500103004,20231004,220,23,8,1,25.06864,121.5107,15
500103004,20231004,221,23,8,1,25.06864,121.5107,15
500103004,20231004,222,23,8,1,25.06864,121.5107,15
500103004,20231004,223,23,8,1,25.06864,121.5107,15
500103004,20231004,224,23,8,1,25.06864,121.5107,15
500103004,20231004,225,23,8,1,25.06864,121.5107,15
500103004,20231004,226,23,8,1,25.06864,121.5107,15
500103004,20231004,227,23,8,1,25.06864,121.5107,15
500103004,20231004,228,23,8,1,25.06864,121.5107,15
500103004,20231004,229,23,8,1,25.06864,121.5107,15
500103004,20231004,230,23,8,1,25.06864,121.5107,15
500103004,20231004,231,23,8,1,25.06864,121.5107,15
500103004,20231004,232,23,8,1,25.06864,121.5107,15
500103004,20231004,233,23,8,1,25.06864,121.5107,15
500103004,20231004,234,23,8,1,25.06864,121.5107,15
500103004,20231004,235,23,8,1,25.06864,121.5107,15
500103004,20231004,236,23,8,1,25.06864,121.5107,15
500103004,20231004,237,23,8,1,25.06864,121.5107,15
500103004,20231004,238,23,8,1,25.06864,121.5107,15
500103004,20231004,239,23,8,1,25.06864,121.5107,15
500103004,20231004,240,23,8,1,25.06864,121.5107,15
500103004,20231004,241,23,8,1,25.06864,121.5107,15
500103004,20231004,242,23,8,1,25.06864,121.5107,15
500103004,20231004,243,23,8,1,25.06864,121.5107,15
500103004,20231004,244,23,8,1,25.06864,121.5107,15
500103004,20231004,245,23,8,1,25.06864,121.5107,15
500103004,20231004,246,23,8,1,25.06864,121.5107,15
500103004,20231004,247,23,8,1,25.06864,121.5107,15
500103004,20231004,248,23,8,1,25.06864,121.5107,15
500103004,20231004,249,23,8,1,25.06864,121.5107,15
500103004,20231004,250,23,8,1,25.06864,121.5107,15
500103004,20231004,251,23,8,1,25.06864,121.5107,15
500103004,20231004,252,23,8,1,25.06864,121.5107,15
500103004,20231004,253,23,8,1,25.06864,121.5107,15
500103004,20231004,254,23,8,1,25.06864,121.5107,15
500103004,20231004,255,23,8,1,25.06864,121.5107,15
500103004,20231004,256,23,8,1,25.06864,121.5107,15
500103004,20231004,257,23,8,1,25.06864,121.5107,15
500103004,20231004,258,23,8,1,25.06864,121.5107,15
500103004,20231004,259,23,8,1,25.06864,121.5107,15
500103004,20231004,261,23,8,1,25.06864,121.5107,15
500103004,20231004,262,23,8,1,25.06864,121.5107,15
500103004,20231004,263,23,8,1,25.06864,121.5107,15
500103004,20231004,264,23,8,1,25.06864,121.5107,15
500103004,20231004,265,23,8,1,25.06864,121.5107,15
500103004,20231004,266,23,8,1,25.06864,121.5107,15
500103004,20231004,267,23,8,1,25.06864,121.5107,15
500103004,20231004,268,23,8,1,25.06864,121.5107,15
500103004,20231004,269,23,8,1,25.06864,121.5107,15
500103004,20231004,270,23,8,1,25.06864,121.5107,15
500103004,20231004,271,23,8,1,25.06864,121.5107,15
500103004,20231004,272,23,8,1,25.06864,121.5107,15
500103004,20231004,273,23,8,1,25.06864,121.5107,15
500103004,20231004,274,23,8,1,25.06864,121.5107,15
500103004,20231004,275,23,8,1,25.06864,121.5107,15
500103004,20231004,276,23,8,1,25.06864,121.5107,15
500103004,20231004,277,23,8,1,25.06864,121.5107,15
500103004,20231004,278,23,8,1,25.06864,121.5107,15
500103004,20231004,279,23,8,1,25.06864,121.5107,15
500103004,20231004,280,23,8,1,25.06864,121.5107,15
500103004,20231004,281,23,8,1,25.06864,121.5107,15
500103004,20231004,282,23,8,1,25.06864,121.5107,15
500103004,20231004,283,23,8,1,25.06864,121.5107,15
500103004,20231004,284,23,8,1,25.06864,121.5107,15
500103004,20231004,285,23,8,1,25.06864,121.5107,15
500103004,20231004,286,23,8,1,25.06864,121.5107,15
500103004,20231004,287,23,8,1,25.06864,121.5107,15
500103004,20231004,288,23,8,1,25.06864,121.5107,15
500103004,20231004,289,23,8,1,25.06864,121.5107,15
500103004,20231004,290,23,8,1,25.06864,121.5107,15
500103004,20231004,291,23,8,1,25.06864,121.5107,15
500103004,20231004,292,23,8,1,25.06864,121.5107,15
500103004,20231004,293,23,8,1,25.06864,121.5107,15
500103004,20231004,294,23,8,1,25.06864,121.5107,15
500103004,20231004,295,23,8,1,25.06864,121.5107,15
500103004,20231004,296,23,8,1,25.06864,121.5107,15
500103004,20231004,297,23,8,1,25.06864,121.5107,15
500103004,20231004,298,23,8,1,25.06864,121.5107,15
500103004,20231004,299,23,8,1,25.06864,121.5107,15
500103004,20231004,300,23,8,1,25.06864,121.5107,15
500103004,20231004,301,23,8,1,25.06864,121.5107,15
500103004,20231004,302,23,8,1,25.06864,121.5107,15
500103004,20231004,303,23,8,1,25.06864,121.5107,15
500103004,20231004,304,23,8,1,25.06864,121.5107,15
500103004,20231004,305,23,8,1,25.06864,121.5107,15
500103004,20231004,306,23,8,1,25.06864,121.5107,15
500103004,20231004,307,23,8,1,25.06864,121.5107,15
500103004,20231004,308,23,8,1,25.06864,121.5107,15
500103004,20231004,309,23,8,1,25.06864,121.5107,15
500103004,20231004,310,23,8,1,25.06864,121.5107,15
500103004,20231004,311,23,8,1,25.06864,121.5107,15
500103004,20231004,312,23,8,1,25.06864,121.5107,15
500103004,20231004,313,23,8,1,25.06864,121.5107,15
500103004,20231004,314,23,8,1,25.06864,121.5107,15
500103004,20231004,315,23,8,1,25.06864,121.5107,15
500103004,20231004,316,23,8,1,25.06864,121.5107,15
500103004,20231004,317,23,8,1,25.06864,121.5107,15
500103004,20231004,318,23,8,1,25.06864,121.5107,15
500103004,20231004,319,23,8,1,25.06864,121.5107,15
500103004,20231004,321,23,8,1,25.06864,121.5107,15
500103004,20231004,322,23,8,1,25.06864,121.5107,15
500103004,20231004,323,23,8,1,25.06864,121.5107,15
500103004,20231004,324,23,8,1,25.06864,121.5107,15
500103004,20231004,325,23,8,1,25.06864,121.5107,15
500103004,20231004,326,23,8,1,25.06864,121.5107,15
500103004,20231004,327,23,8,1,25.06864,121.5107,15
500103004,20231004,328,23,8,1,25.06864,121.5107,15
500103004,20231004,329,23,8,1,25.06864,121.5107,15
500103004,20231004,330,23,8,1,25.06864,121.5107,15
500103004,20231004,331,23,8,1,25.06864,121.5107,15
500103004,20231004,332,23,8,1,25.06864,121.5107,15
500103004,20231004,333,23,8,1,25.06864,121.5107,15
500103004,20231004,334,23,8,1,25.06864,121.5107,15
500103004,20231004,335,23,8,1,25.06864,121.5107,15
500103004,20231004,336,23,8,1,25.06864,121.5107,15
500103004,20231004,337,23,8,1,25.06864,121.5107,15
500103004,20231004,338,23,8,1,25.06864,121.5107,15
500103004,20231004,339,23,8,1,25.06864,121.5107,15
500103004,20231004,340,23,8,1,25.06864,121.5107,15
500103004,20231004,341,23,8,1,25.06864,121.5107,15
500103004,20231004,342,23,8,1,25.06864,121.5107,15
500103004,20231004,343,23,8,1,25.06864,121.5107,15
500103004,20231004,344,23,8,1,25.06864,121.5107,15
500103004,20231004,345,23,8,1,25.06864,121.5107,15
500103004,20231004,346,23,8,1,25.06864,121.5107,15
500103004,20231004,347,23,8,1,25.06864,121.5107,15
500103004,20231004,348,23,8,1,25.06864,121.5107,15
500103004,20231004,349,23,8,1,25.06864,121.5107,15
500103004,20231004,350,23,8,1,25.06864,121.5107,15
500103004,20231004,351,23,8,1,25.06864,121.5107,15
500103004,20231004,352,23,8,1,25.06864,121.5107,15
500103004,20231004,353,23,8,1,25.06864,121.5107,15
500103004,20231004,354,23,8,1,25.06864,121.5107,15
500103004,20231004,355,23,8,1,25.06864,121.5107,15
500103004,20231004,356,23,8,1,25.06864,121.5107,15
500103004,20231004,357,23,8,1,25.06864,121.5107,15
500103004,20231004,358,23,8,1,25.06864,121.5107,15
500103004,20231004,359,23,8,1,25.06864,121.5107,15
500103004,20231004,360,23,8,1,25.06864,121.5107,15
500103004,20231004,361,23,8,1,25.06864,121.5107,15
500103004,20231004,362,23,8,1,25.06864,121.5107,15
500103004,20231004,363,23,8,1,25.06864,121.5107,15
500103004,20231004,364,23,8,1,25.06864,121.5107,15
500103004,20231004,365,23,8,1,25.06864,121.5107,15
500103004,20231004,366,23,8,1,25.06864,121.5107,15
500103004,20231004,367,23,8,1,25.06864,121.5107,15
500103004,20231004,368,23,8,1,25.06864,121.5107,15
500103004,20231004,369,23,8,1,25.06864,121.5107,15
500103004,20231004,370,23,8,1,25.06864,121.5107,15
500103004,20231004,371,23,8,1,25.06864,121.5107,15
500103004,20231004,372,23,8,1,25.06864,121.5107,15
500103004,20231004,373,23,8,1,25.06864,121.5107,15
500103004,20231004,374,23,8,1,25.06864,121.5107,15
500103004,20231004,375,23,8,1,25.06864,121.5107,15
500103004,20231004,376,23,8,1,25.06864,121.5107,15
500103004,20231004,377,23,8,1,25.06864,121.5107,15
500103004,20231004,378,23,8,1,25.06864,121.5107,15
500103004,20231004,379,23,8,1,25.06864,121.5107,15
500103004,20231004,381,23,8,1,25.06864,121.5107,15
500103004,20231004,382,23,8,1,25.06864,121.5107,15
500103004,20231004,383,23,8,1,25.06864,121.5107,15
500103004,20231004,384,23,8,1,25.06864,121.5107,15
500103004,20231004,385,23,8,1,25.06864,121.5107,15
500103004,20231004,386,23,8,1,25.06864,121.5107,15
500103004,20231004,387,23,8,1,25.06864,121.5107,15
500103004,20231004,388,23,8,1,25.06864,121.5107,15
500103004,20231004,389,23,8,1,25.06864,121.5107,15
500103004,20231004,390,23,8,1,25.06864,121.5107,15
500103004,20231004,391,23,8,1,25.06864,121.5107,15
500103004,20231004,392,23,8,1,25.06864,121.5107,15
500103004,20231004,393,23,8,1,25.06864,121.5107,15
500103004,20231004,394,23,8,1,25.06864,121.5107,15
500103004,20231004,395,23,8,1,25.06864,121.5107,15
500103004,20231004,396,23,8,1,25.06864,121.5107,15
500103004,20231004,397,23,8,1,25.06864,121.5107,15
500103004,20231004,398,23,8,1,25.06864,121.5107,15
500103004,20231004,399,23,8,1,25.06864,121.5107,15
500103004,20231004,400,23,8,1,25.06864,121.5107,15
500103004,20231004,401,23,8,1,25.06864,121.5107,15
500103004,20231004,402,23,8,1,25.06864,121.5107,15
500103004,20231004,403,23,8,1,25.06864,121.5107,15
500103004,20231004,404,23,8,1,25.06864,121.5107,15
500103004,20231004,405,23,8,1,25.06864,121.5107,15
500103004,20231004,406,23,8,1,25.06864,121.5107,15
500103004,20231004,407,23,8,1,25.06864,121.5107,15
500103004,20231004,408,23,8,1,25.06864,121.5107,15
500103004,20231004,409,23,8,1,25.06864,121.5107,15
500103004,20231004,410,23,8,1,25.06864,121.5107,15
500103004,20231004,411,23,8,1,25.06864,121.5107,15
500103004,20231004,412,23,8,1,25.06864,121.5107,15
500103004,20231004,413,23,8,1,25.06864,121.5107,15
500103004,20231004,414,23,8,1,25.06864,121.5107,15
500103004,20231004,415,23,8,1,25.06864,121.5107,15
500103004,20231004,416,23,8,1,25.06864,121.5107,15
500103004,20231004,417,23,8,1,25.06864,121.5107,12
500103004,20231004,418,23,8,1,25.06864,121.5107,12
500103004,20231004,419,23,8,1,25.06864,121.5107,12
500103004,20231004,421,23,8,1,25.06864,121.5107,12
500103004,20231004,422,23,8,1,25.06864,121.5107,12
500103004,20231004,423,23,8,1,25.06864,121.5107,12
500103004,20231004,424,23,8,1,25.06864,121.5107,12
500103004,20231004,425,23,8,1,25.06864,121.5107,12
500103004,20231004,426,23,8,1,25.06864,121.5107,12
500103004,20231004,427,23,8,1,25.06864,121.5107,12
500103004,20231004,428,23,8,1,25.06864,121.5107,12
500103004,20231004,429,23,8,1,25.06864,121.5107,12
500103004,20231004,430,23,8,1,25.06864,121.5107,12
500103004,20231004,431,23,8,1,25.06864,121.5107,12
500103004,20231004,432,23,8,1,25.06864,121.5107,12
500103004,20231004,433,23,8,1,25.06864,121.5107,12
500103004,20231004,434,23,8,1,25.06864,121.5107,12
500103004,20231004,435,23,8,1,25.06864,121.5107,12
500103004,20231004,436,23,8,1,25.06864,121.5107,12
500103004,20231004,437,23,8,1,25.06864,121.5107,12
500103004,20231004,438,23,8,1,25.06864,121.5107,12
500103004,20231004,439,23,8,1,25.06864,121.5107,12
500103004,20231004,441,23,8,1,25.06864,121.5107,12
500103004,20231004,442,23,8,1,25.06864,121.5107,12
500103004,20231004,443,23,8,1,25.06864,121.5107,12
500103004,20231004,444,23,8,1,25.06864,121.5107,12
500103004,20231004,445,23,8,1,25.06864,121.5107,12
500103004,20231004,446,23,8,1,25.06864,121.5107,12
500103004,20231004,447,23,8,1,25.06864,121.5107,12
500103004,20231004,448,23,8,1,25.06864,121.5107,12
500103004,20231004,449,23,8,1,25.06864,121.5107,12
500103004,20231004,451,23,8,1,25.06864,121.5107,12
500103004,20231004,452,23,8,1,25.06864,121.5107,12
500103004,20231004,453,23,8,1,25.06864,121.5107,12
500103004,20231004,454,23,8,1,25.06864,121.5107,12
500103004,20231004,455,23,8,1,25.06864,121.5107,12
500103004,20231004,456,23,9,1,25.06864,121.5107,11
500103004,20231004,457,23,10,1,25.06864,121.5107,10
500103004,20231004,458,23,10,1,25.06864,121.5107,10
500103004,20231004,459,23,10,1,25.06864,121.5107,10
500103004,20231004,460,23,10,1,25.06864,121.5107,10
500103004,20231004,461,23,11,1,25.06864,121.5107,9
500103004,20231004,462,23,11,1,25.06864,121.5107,9
500103004,20231004,463,23,11,1,25.06864,121.5107,9
500103004,20231004,464,23,11,1,25.06864,121.5107,9
500103004,20231004,465,23,11,1,25.06864,121.5107,9
500103004,20231004,466,23,11,1,25.06864,121.5107,9
500103004,20231004,467,23,11,1,25.06864,121.5107,9
500103004,20231004,468,23,11,1,25.06864,121.5107,9
500103004,20231004,469,23,11,1,25.06864,121.5107,9
500103004,20231004,470,23,11,1,25.06864,121.5107,9
500103004,20231004,471,23,12,1,25.06864,121.5107,8
500103004,20231004,472,23,12,1,25.06864,121.5107,8
500103004,20231004,473,23,12,1,25.06864,121.5107,8
500103004,20231004,474,23,12,1,25.06864,121.5107,8
500103004,20231004,475,23,12,1,25.06864,121.5107,8
500103004,20231004,476,23,12,1,25.06864,121.5107,8
500103004,20231004,477,23,12,1,25.06864,121.5107,8
500103004,20231004,478,23,13,1,25.06864,121.5107,7
500103004,20231004,479,23,13,1,25.06864,121.5107,7
500103004,20231004,481,23,13,1,25.06864,121.5107,7
500103004,20231004,482,23,13,1,25.06864,121.5107,7
500103004,20231004,483,23,13,1,25.06864,121.5107,7
500103004,20231004,484,23,13,1,25.06864,121.5107,7
500103004,20231004,485,23,13,1,25.06864,121.5107,7
500103004,20231004,486,23,13,1,25.06864,121.5107,7
500103004,20231004,487,23,13,1,25.06864,121.5107,7
500103004,20231004,488,23,13,1,25.06864,121.5107,7
500103004,20231004,489,23,13,1,25.06864,121.5107,7
500103004,20231004,490,23,13,1,25.06864,121.5107,7
500103004,20231004,491,23,13,1,25.06864,121.5107,7
500103004,20231004,492,23,13,1,25.06864,121.5107,7
500103004,20231004,493,23,13,1,25.06864,121.5107,7
500103004,20231004,494,23,9,1,25.06864,121.5107,11
500103004,20231004,495,23,5,1,25.06864,121.5107,15
500103004,20231004,496,23,5,1,25.06864,121.5107,15
500103004,20231004,497,23,5,1,25.06864,121.5107,15
500103004,20231004,499,23,5,1,25.06864,121.5107,15
500103004,20231004,501,23,5,1,25.06864,121.5107,15
500103004,20231004,502,23,5,1,25.06864,121.5107,15
500103004,20231004,503,23,5,1,25.06864,121.5107,15
500103004,20231004,504,23,5,1,25.06864,121.5107,15
500103004,20231004,505,23,5,1,25.06864,121.5107,15
500103004,20231004,506,23,5,1,25.06864,121.5107,15
500103004,20231004,507,23,5,1,25.06864,121.5107,15
500103004,20231004,508,23,5,1,25.06864,121.5107,15
500103004,20231004,509,23,5,1,25.06864,121.5107,15
500103004,20231004,511,23,5,1,25.06864,121.5107,15
500103004,20231004,512,23,5,1,25.06864,121.5107,15
500103004,20231004,513,23,5,1,25.06864,121.5107,15
500103004,20231004,514,23,5,1,25.06864,121.5107,15
500103004,20231004,515,23,5,1,25.06864,121.5107,15
500103004,20231004,516,23,5,1,25.06864,121.5107,15
500103004,20231004,517,23,5,1,25.06864,121.5107,15
500103004,20231004,518,23,5,1,25.06864,121.5107,15
500103004,20231004,519,23,5,1,25.06864,121.5107,15
500103004,20231004,520,23,5,1,25.06864,121.5107,15
500103004,20231004,521,23,4,1,25.06864,121.5107,16
500103004,20231004,522,23,4,1,25.06864,121.5107,16
500103004,20231004,523,23,4,1,25.06864,121.5107,16
500103004,20231004,524,23,4,1,25.06864,121.5107,16
500103004,20231004,525,23,4,1,25.06864,121.5107,16
500103004,20231004,526,23,4,1,25.06864,121.5107,16
500103004,20231004,527,23,4,1,25.06864,121.5107,16
500103004,20231004,528,23,4,1,25.06864,121.5107,16
500103004,20231004,529,23,4,1,25.06864,121.5107,16
500103004,20231004,530,23,4,1,25.06864,121.5107,16
500103004,20231004,531,23,4,1,25.06864,121.5107,16
500103004,20231004,532,23,4,1,25.06864,121.5107,16
500103004,20231004,533,23,4,1,25.06864,121.5107,16
500103004,20231004,534,23,5,1,25.06864,121.5107,15
500103004,20231004,535,23,5,1,25.06864,121.5107,15
500103004,20231004,536,23,5,1,25.06864,121.5107,15
500103004,20231004,537,23,5,1,25.06864,121.5107,15
500103004,20231004,538,23,5,1,25.06864,121.5107,15
500103004,20231004,539,23,5,1,25.06864,121.5107,15
500103004,20231004,541,23,5,1,25.06864,121.5107,15
500103004,20231004,542,23,5,1,25.06864,121.5107,15
500103004,20231004,543,23,5,1,25.06864,121.5107,15
500103004,20231004,544,23,5,1,25.06864,121.5107,15
500103004,20231004,545,23,5,1,25.06864,121.5107,15
500103004,20231004,546,23,4,1,25.06864,121.5107,16
500103004,20231004,547,23,4,1,25.06864,121.5107,16
500103004,20231004,548,23,4,1,25.06864,121.5107,16
500103004,20231004,549,23,4,1,25.06864,121.5107,16
500103004,20231004,550,23,4,1,25.06864,121.5107,16
500103004,20231004,551,23,4,1,25.06864,121.5107,16
500103004,20231004,552,23,4,1,25.06864,121.5107,16
500103004,20231004,553,23,4,1,25.06864,121.5107,16
500103004,20231004,554,23,4,1,25.06864,121.5107,16
500103004,20231004,555,23,4,1,25.06864,121.5107,16
500103004,20231004,556,23,4,1,25.06864,121.5107,16
500103004,20231004,557,23,4,1,25.06864,121.5107,17
500103004,20231004,558,23,5,1,25.06864,121.5107,17
500103004,20231004,559,23,5,1,25.06864,121.5107,18
500103004,20231004,561,23,4,1,25.06864,121.5107,19
500103004,20231004,562,23,4,1,25.06864,121.5107,19
500103004,20231004,563,23,4,1,25.06864,121.5107,19
500103004,20231004,564,23,3,1,25.06864,121.5107,20
500103004,20231004,565,23,3,1,25.06864,121.5107,20
500103004,20231004,566,23,3,1,25.06864,121.5107,20
500103004,20231004,567,23,3,1,25.06864,121.5107,20
500103004,20231004,568,23,8,1,25.06864,121.5107,15
500103004,20231004,569,23,11,1,25.06864,121.5107,12
500103004,20231004,570,23,11,1,25.06864,121.5107,12
500103004,20231004,571,23,11,1,25.06864,121.5107,12
500103004,20231004,572,23,11,1,25.06864,121.5107,12
500103004,20231004,573,23,11,1,25.06864,121.5107,12
500103004,20231004,574,23,11,1,25.06864,121.5107,12
500103004,20231004,575,23,11,1,25.06864,121.5107,12
500103004,20231004,576,23,11,1,25.06864,121.5107,12
500103004,20231004,577,23,11,1,25.06864,121.5107,12
500103004,20231004,578,23,11,1,25.06864,121.5107,12
500103004,20231004,579,23,11,1,25.06864,121.5107,12
500103004,20231004,580,23,11,1,25.06864,121.5107,12
500103004,20231004,581,23,11,1,25.06864,121.5107,12
500103004,20231004,582,23,12,1,25.06864,121.5107,11
500103004,20231004,583,23,12,1,25.06864,121.5107,11
500103004,20231004,584,23,12,1,25.06864,121.5107,11
500103004,20231004,585,23,12,1,25.06864,121.5107,11
500103004,20231004,586,23,12,1,25.06864,121.5107,11
500103004,20231004,587,23,12,1,25.06864,121.5107,11
500103004,20231004,588,23,12,1,25.06864,121.5107,11
500103004,20231004,589,23,12,1,25.06864,121.5107,11
500103004,20231004,590,23,12,1,25.06864,121.5107,11
500103004,20231004,591,23,13,1,25.06864,121.5107,10
500103004,20231004,592,23,13,1,25.06864,121.5107,10
500103004,20231004,593,23,13,1,25.06864,121.5107,10
500103004,20231004,594,23,13,1,25.06864,121.5107,10
500103004,20231004,595,23,13,1,25.06864,121.5107,10
500103004,20231004,596,23,5,1,25.06864,121.5107,18
500103004,20231004,597,23,5,1,25.06864,121.5107,18
500103004,20231004,598,23,5,1,25.06864,121.5107,18
500103004,20231004,599,23,5,1,25.06864,121.5107,18
500103004,20231004,601,23,5,1,25.06864,121.5107,18
500103004,20231004,602,23,5,1,25.06864,121.5107,18
500103004,20231004,603,23,5,1,25.06864,121.5107,18
500103004,20231004,604,23,5,1,25.06864,121.5107,18
500103004,20231004,605,23,5,1,25.06864,121.5107,18
500103004,20231004,606,23,5,1,25.06864,121.5107,18
500103004,20231004,607,23,5,1,25.06864,121.5107,18
500103004,20231004,608,23,5,1,25.06864,121.5107,18
500103004,20231004,609,23,5,1,25.06864,121.5107,18
500103004,20231004,610,23,5,1,25.06864,121.5107,18
500103004,20231004,611,23,5,1,25.06864,121.5107,18
500103004,20231004,612,23,5,1,25.06864,121.5107,18
500103004,20231004,613,23,5,1,25.06864,121.5107,18
500103004,20231004,614,23,5,1,25.06864,121.5107,18
500103004,20231004,615,23,5,1,25.06864,121.5107,18
500103004,20231004,616,23,5,1,25.06864,121.5107,18
500103004,20231004,617,23,5,1,25.06864,121.5107,18
500103004,20231004,618,23,5,1,25.06864,121.5107,18
500103004,20231004,619,23,5,1,25.06864,121.5107,18
500103004,20231004,621,23,5,1,25.06864,121.5107,18
500103004,20231004,622,23,5,1,25.06864,121.5107,18
500103004,20231004,623,23,5,1,25.06864,121.5107,18
500103004,20231004,624,23,5,1,25.06864,121.5107,18
500103004,20231004,625,23,5,1,25.06864,121.5107,18
500103004,20231004,626,23,5,1,25.06864,121.5107,18
500103004,20231004,627,23,5,1,25.06864,121.5107,18
500103004,20231004,628,23,5,1,25.06864,121.5107,18
500103004,20231004,629,23,5,1,25.06864,121.5107,18
500103004,20231004,630,23,5,1,25.06864,121.5107,18
500103004,20231004,631,23,5,1,25.06864,121.5107,18
500103004,20231004,632,23,5,1,25.06864,121.5107,18
500103004,20231004,633,23,5,1,25.06864,121.5107,18
500103004,20231004,634,23,5,1,25.06864,121.5107,18
500103004,20231004,635,23,6,1,25.06864,121.5107,17
500103004,20231004,636,23,6,1,25.06864,121.5107,17
500103004,20231004,637,23,6,1,25.06864,121.5107,17
500103004,20231004,638,23,6,1,25.06864,121.5107,17
500103004,20231004,639,23,6,1,25.06864,121.5107,17
500103004,20231004,640,23,6,1,25.06864,121.5107,17
500103004,20231004,641,23,6,1,25.06864,121.5107,17
500103004,20231004,642,23,6,1,25.06864,121.5107,17
500103004,20231004,643,23,6,1,25.06864,121.5107,17
500103004,20231004,644,23,6,1,25.06864,121.5107,17
500103004,20231004,645,23,6,1,25.06864,121.5107,17
500103004,20231004,646,23,6,1,25.06864,121.5107,17
500103004,20231004,647,23,6,1,25.06864,121.5107,17
500103004,20231004,648,23,6,1,25.06864,121.5107,17
500103004,20231004,649,23,6,1,25.06864,121.5107,17
500103004,20231004,650,23,6,1,25.06864,121.5107,17
500103004,20231004,651,23,6,1,25.06864,121.5107,17
500103004,20231004,652,23,6,1,25.06864,121.5107,17
500103004,20231004,653,23,6,1,25.06864,121.5107,17
500103004,20231004,654,23,6,1,25.06864,121.5107,17
500103004,20231004,655,23,6,1,25.06864,121.5107,17
500103004,20231004,656,23,6,1,25.06864,121.5107,17
500103004,20231004,657,23,6,1,25.06864,121.5107,17
500103004,20231004,658,23,6,1,25.06864,121.5107,17
500103004,20231004,659,23,6,1,25.06864,121.5107,17
500103004,20231004,661,23,6,1,25.06864,121.5107,17
500103004,20231004,662,23,6,1,25.06864,121.5107,17
500103004,20231004,663,23,6,1,25.06864,121.5107,17
500103004,20231004,664,23,6,1,25.06864,121.5107,17
500103004,20231004,665,23,6,1,25.06864,121.5107,17
500103004,20231004,666,23,6,1,25.06864,121.5107,17
500103004,20231004,667,23,6,1,25.06864,121.5107,17
500103004,20231004,668,23,6,1,25.06864,121.5107,17
500103004,20231004,669,23,6,1,25.06864,121.5107,17
500103004,20231004,670,23,6,1,25.06864,121.5107,17
500103004,20231004,671,23,6,1,25.06864,121.5107,17
500103004,20231004,672,23,6,1,25.06864,121.5107,17
500103004,20231004,673,23,6,1,25.06864,121.5107,17
500103004,20231004,674,23,6,1,25.06864,121.5107,17
500103004,20231004,675,23,6,1,25.06864,121.5107,17
500103004,20231004,676,23,6,1,25.06864,121.5107,17
500103004,20231004,677,23,6,1,25.06864,121.5107,17
500103004,20231004,678,23,6,1,25.06864,121.5107,17
500103004,20231004,679,23,6,1,25.06864,121.5107,17
500103004,20231004,681,23,6,1,25.06864,121.5107,17
500103004,20231004,682,23,7,1,25.06864,121.5107,16
500103004,20231004,683,23,7,1,25.06864,121.5107,16
500103004,20231004,684,23,7,1,25.06864,121.5107,16
500103004,20231004,685,23,6,1,25.06864,121.5107,17
500103004,20231004,686,23,6,1,25.06864,121.5107,17
500103004,20231004,687,23,6,1,25.06864,121.5107,17
500103004,20231004,688,23,6,1,25.06864,121.5107,17
500103004,20231004,689,23,6,1,25.06864,121.5107,17
500103004,20231004,690,23,6,1,25.06864,121.5107,17
500103004,20231004,691,23,6,1,25.06864,121.5107,17
500103004,20231004,692,23,6,1,25.06864,121.5107,17
500103004,20231004,693,23,6,1,25.06864,121.5107,17
500103004,20231004,694,23,6,1,25.06864,121.5107,17
500103004,20231004,695,23,6,1,25.06864,121.5107,17
500103004,20231004,696,23,4,1,25.06864,121.5107,19
500103004,20231004,697,23,4,1,25.06864,121.5107,19
500103004,20231004,698,23,4,1,25.06864,121.5107,19
500103004,20231004,699,23,4,1,25.06864,121.5107,19
500103004,20231004,700,23,4,1,25.06864,121.5107,19
500103004,20231004,701,23,4,1,25.06864,121.5107,19
500103004,20231004,702,23,4,1,25.06864,121.5107,19
500103004,20231004,703,23,4,1,25.06864,121.5107,19
500103004,20231004,704,23,4,1,25.06864,121.5107,19
500103004,20231004,705,23,4,1,25.06864,121.5107,19
500103004,20231004,706,23,4,1,25.06864,121.5107,19
500103004,20231004,707,23,4,1,25.06864,121.5107,19
500103004,20231004,708,23,4,1,25.06864,121.5107,19
500103004,20231004,709,23,4,1,25.06864,121.5107,19
500103004,20231004,710,23,4,1,25.06864,121.5107,19
500103004,20231004,711,23,4,1,25.06864,121.5107,19
500103004,20231004,712,23,4,1,25.06864,121.5107,19
500103004,20231004,713,23,4,1,25.06864,121.5107,19
500103004,20231004,714,23,4,1,25.06864,121.5107,19
500103004,20231004,715,23,4,1,25.06864,121.5107,19
500103004,20231004,716,23,4,1,25.06864,121.5107,19
500103004,20231004,717,23,5,1,25.06864,121.5107,18
500103004,20231004,718,23,5,1,25.06864,121.5107,18
500103004,20231004,719,23,5,1,25.06864,121.5107,18
500103004,20231004,721,23,5,1,25.06864,121.5107,18
500103004,20231004,722,23,5,1,25.06864,121.5107,18
500103004,20231004,723,23,5,1,25.06864,121.5107,18
500103004,20231004,724,23,6,1,25.06864,121.5107,17
500103004,20231004,725,23,6,1,25.06864,121.5107,17
500103004,20231004,726,23,6,1,25.06864,121.5107,17
500103004,20231004,727,23,6,1,25.06864,121.5107,17
500103004,20231004,728,23,6,1,25.06864,121.5107,17
500103004,20231004,729,23,6,1,25.06864,121.5107,17
500103004,20231004,730,23,6,1,25.06864,121.5107,17
500103004,20231004,731,23,6,1,25.06864,121.5107,17
500103004,20231004,732,23,6,1,25.06864,121.5107,17
500103004,20231004,733,23,6,1,25.06864,121.5107,17
500103004,20231004,734,23,6,1,25.06864,121.5107,17
500103004,20231004,735,23,6,1,25.06864,121.5107,17
500103004,20231004,736,23,5,1,25.06864,121.5107,18
500103004,20231004,737,23,5,1,25.06864,121.5107,18
500103004,20231004,738,23,5,1,25.06864,121.5107,18
500103004,20231004,739,23,5,1,25.06864,121.5107,18
500103004,20231004,741,23,5,1,25.06864,121.5107,18
500103004,20231004,742,23,5,1,25.06864,121.5107,18
500103004,20231004,743,23,5,1,25.06864,121.5107,18
500103004,20231004,744,23,5,1,25.06864,121.5107,18
500103004,20231004,745,23,5,1,25.06864,121.5107,18
500103004,20231004,746,23,5,1,25.06864,121.5107,18
500103004,20231004,747,23,5,1,25.06864,121.5107,18
500103004,20231004,748,23,5,1,25.06864,121.5107,18
500103004,20231004,749,23,5,1,25.06864,121.5107,18
500103004,20231004,750,23,5,1,25.06864,121.5107,18
500103004,20231004,751,23,5,1,25.06864,121.5107,18
500103004,20231004,752,23,5,1,25.06864,121.5107,18
500103004,20231004,753,23,5,1,25.06864,121.5107,18
500103004,20231004,754,23,5,1,25.06864,121.5107,18
500103004,20231004,755,23,5,1,25.06864,121.5107,18
500103004,20231004,756,23,5,1,25.06864,121.5107,18
500103004,20231004,757,23,5,1,25.06864,121.5107,18
500103004,20231004,758,23,6,1,25.06864,121.5107,17
500103004,20231004,759,23,6,1,25.06864,121.5107,17
500103004,20231004,760,23,6,1,25.06864,121.5107,17
500103004,20231004,761,23,6,1,25.06864,121.5107,17
500103004,20231004,762,23,6,1,25.06864,121.5107,17
500103004,20231004,763,23,6,1,25.06864,121.5107,17
500103004,20231004,764,23,6,1,25.06864,121.5107,17
500103004,20231004,765,23,6,1,25.06864,121.5107,17
500103004,20231004,766,23,6,1,25.06864,121.5107,17
500103004,20231004,767,23,6,1,25.06864,121.5107,17
500103004,20231004,768,23,6,1,25.06864,121.5107,17
500103004,20231004,769,23,6,1,25.06864,121.5107,17
500103004,20231004,770,23,6,1,25.06864,121.5107,17
500103004,20231004,771,23,6,1,25.06864,121.5107,17
500103004,20231004,772,23,6,1,25.06864,121.5107,17
500103004,20231004,773,23,6,1,25.06864,121.5107,17
500103004,20231004,774,23,6,1,25.06864,121.5107,17
500103004,20231004,775,23,6,1,25.06864,121.5107,17
500103004,20231004,776,23,6,1,25.06864,121.5107,17
500103004,20231004,777,23,6,1,25.06864,121.5107,17
500103004,20231004,778,23,6,1,25.06864,121.5107,17
500103004,20231004,779,23,6,1,25.06864,121.5107,17
500103004,20231004,781,23,7,1,25.06864,121.5107,16
500103004,20231004,782,23,7,1,25.06864,121.5107,16
500103004,20231004,783,23,7,1,25.06864,121.5107,16
500103004,20231004,784,23,7,1,25.06864,121.5107,16
500103004,20231004,785,23,7,1,25.06864,121.5107,16
500103004,20231004,786,23,7,1,25.06864,121.5107,16
500103004,20231004,787,23,7,1,25.06864,121.5107,16
500103004,20231004,788,23,7,1,25.06864,121.5107,16
500103004,20231004,789,23,7,1,25.06864,121.5107,16
500103004,20231004,790,23,7,1,25.06864,121.5107,16
500103004,20231004,791,23,7,1,25.06864,121.5107,16
500103004,20231004,792,23,6,1,25.06864,121.5107,17
500103004,20231004,793,23,6,1,25.06864,121.5107,17
500103004,20231004,794,23,6,1,25.06864,121.5107,17
500103004,20231004,795,23,6,1,25.06864,121.5107,17
500103004,20231004,796,23,6,1,25.06864,121.5107,17
500103004,20231004,797,23,6,1,25.06864,121.5107,17
500103004,20231004,799,23,6,1,25.06864,121.5107,17
500103004,20231004,801,23,6,1,25.06864,121.5107,17
500103004,20231004,802,23,6,1,25.06864,121.5107,17
500103004,20231004,803,23,6,1,25.06864,121.5107,17
500103004,20231004,804,23,6,1,25.06864,121.5107,17
500103004,20231004,805,23,6,1,25.06864,121.5107,17
500103004,20231004,806,23,6,1,25.06864,121.5107,17
500103004,20231004,807,23,6,1,25.06864,121.5107,17
500103004,20231004,808,23,6,1,25.06864,121.5107,17
500103004,20231004,809,23,6,1,25.06864,121.5107,17
500103004,20231004,810,23,6,1,25.06864,121.5107,17
500103004,20231004,811,23,6,1,25.06864,121.5107,17
500103004,20231004,812,23,6,1,25.06864,121.5107,17
500103004,20231004,813,23,6,1,25.06864,121.5107,17
500103004,20231004,814,23,6,1,25.06864,121.5107,17
500103004,20231004,815,23,6,1,25.06864,121.5107,17
500103004,20231004,816,23,6,1,25.06864,121.5107,17
500103004,20231004,817,23,6,1,25.06864,121.5107,17
500103004,20231004,818,23,6,1,25.06864,121.5107,17
500103004,20231004,819,23,6,1,25.06864,121.5107,17
500103004,20231004,820,23,6,1,25.06864,121.5107,17
500103004,20231004,821,23,6,1,25.06864,121.5107,17
500103004,20231004,822,23,6,1,25.06864,121.5107,17
500103004,20231004,823,23,6,1,25.06864,121.5107,17
500103004,20231004,824,23,6,1,25.06864,121.5107,17
500103004,20231004,825,23,6,1,25.06864,121.5107,17
500103004,20231004,826,23,7,1,25.06864,121.5107,16
500103004,20231004,827,23,7,1,25.06864,121.5107,16
500103004,20231004,828,23,7,1,25.06864,121.5107,16
500103004,20231004,829,23,7,1,25.06864,121.5107,16
500103004,20231004,830,23,7,1,25.06864,121.5107,16
500103004,20231004,831,23,7,1,25.06864,121.5107,16
500103004,20231004,832,23,7,1,25.06864,121.5107,16
500103004,20231004,833,23,7,1,25.06864,121.5107,16
500103004,20231004,834,23,7,1,25.06864,121.5107,16
500103004,20231004,835,23,7,1,25.06864,121.5107,16
500103004,20231004,836,23,7,1,25.06864,121.5107,16
500103004,20231004,837,23,7,1,25.06864,121.5107,16
500103004,20231004,838,23,7,1,25.06864,121.5107,16
500103004,20231004,839,23,7,1,25.06864,121.5107,16
500103004,20231004,840,23,7,1,25.06864,121.5107,16
500103004,20231004,841,23,7,1,25.06864,121.5107,16
500103004,20231004,842,23,7,1,25.06864,121.5107,16
500103004,20231004,843,23,7,1,25.06864,121.5107,16
500103004,20231004,844,23,7,1,25.06864,121.5107,16
500103004,20231004,845,23,7,1,25.06864,121.5107,16
500103004,20231004,846,23,7,1,25.06864,121.5107,16
500103004,20231004,847,23,7,1,25.06864,121.5107,16
500103004,20231004,848,23,7,1,25.06864,121.5107,16
500103004,20231004,849,23,7,1,25.06864,121.5107,16
500103004,20231004,850,23,8,1,25.06864,121.5107,15
500103004,20231004,851,23,8,1,25.06864,121.5107,15
500103004,20231004,852,23,8,1,25.06864,121.5107,15
500103004,20231004,853,23,8,1,25.06864,121.5107,15
500103004,20231004,854,23,8,1,25.06864,121.5107,15
500103004,20231004,855,23,8,1,25.06864,121.5107,15
500103004,20231004,856,23,8,1,25.06864,121.5107,15
500103004,20231004,857,23,8,1,25.06864,121.5107,15
500103004,20231004,858,23,8,1,25.06864,121.5107,15
500103004,20231004,859,23,8,1,25.06864,121.5107,15
500103004,20231004,861,23,8,1,25.06864,121.5107,15
500103004,20231004,862,23,8,1,25.06864,121.5107,15
500103004,20231004,863,23,8,1,25.06864,121.5107,15
500103004,20231004,864,23,8,1,25.06864,121.5107,15
500103004,20231004,865,23,8,1,25.06864,121.5107,15
500103004,20231004,866,23,8,1,25.06864,121.5107,15
500103004,20231004,867,23,8,1,25.06864,121.5107,15
500103004,20231004,868,23,8,1,25.06864,121.5107,15
500103004,20231004,869,23,8,1,25.06864,121.5107,15
500103004,20231004,870,23,8,1,25.06864,121.5107,15
500103004,20231004,871,23,8,1,25.06864,121.5107,15
500103004,20231004,872,23,8,1,25.06864,121.5107,15
500103004,20231004,873,23,8,1,25.06864,121.5107,15
500103004,20231004,874,23,8,1,25.06864,121.5107,15
500103004,20231004,875,23,8,1,25.06864,121.5107,15
500103004,20231004,876,23,8,1,25.06864,121.5107,15
500103004,20231004,877,23,8,1,25.06864,121.5107,15
500103004,20231004,878,23,8,1,25.06864,121.5107,15
500103004,20231004,879,23,8,1,25.06864,121.5107,15
500103004,20231004,880,23,8,1,25.06864,121.5107,15
500103004,20231004,881,23,8,1,25.06864,121.5107,15
500103004,20231004,882,23,8,1,25.06864,121.5107,15
500103004,20231004,883,23,8,1,25.06864,121.5107,15
500103004,20231004,884,23,8,1,25.06864,121.5107,15
500103004,20231004,885,23,8,1,25.06864,121.5107,15
500103004,20231004,886,23,8,1,25.06864,121.5107,15
500103004,20231004,887,23,8,1,25.06864,121.5107,15
500103004,20231004,888,23,8,1,25.06864,121.5107,15
500103004,20231004,889,23,8,1,25.06864,121.5107,15
500103004,20231004,890,23,8,1,25.06864,121.5107,15
500103004,20231004,891,23,8,1,25.06864,121.5107,15
500103004,20231004,892,23,8,1,25.06864,121.5107,15
500103004,20231004,893,23,8,1,25.06864,121.5107,15
500103004,20231004,894,23,8,1,25.06864,121.5107,15
500103004,20231004,895,23,9,1,25.06864,121.5107,14
500103004,20231004,896,23,9,1,25.06864,121.5107,14
500103004,20231004,897,23,9,1,25.06864,121.5107,14
500103004,20231004,898,23,9,1,25.06864,121.5107,14
500103004,20231004,899,23,9,1,25.06864,121.5107,14
500103004,20231004,901,23,9,1,25.06864,121.5107,14
500103004,20231004,902,23,9,1,25.06864,121.5107,14
500103004,20231004,903,23,9,1,25.06864,121.5107,14
500103004,20231004,904,23,9,1,25.06864,121.5107,14
500103004,20231004,905,23,9,1,25.06864,121.5107,14
500103004,20231004,906,23,9,1,25.06864,121.5107,14
500103004,20231004,907,23,9,1,25.06864,121.5107,14
500103004,20231004,908,23,9,1,25.06864,121.5107,14
500103004,20231004,909,23,9,1,25.06864,121.5107,14
500103004,20231004,910,23,9,1,25.06864,121.5107,14
500103004,20231004,911,23,9,1,25.06864,121.5107,14
500103004,20231004,912,23,9,1,25.06864,121.5107,14
500103004,20231004,913,23,9,1,25.06864,121.5107,14
500103004,20231004,914,23,9,1,25.06864,121.5107,14
500103004,20231004,915,23,9,1,25.06864,121.5107,14
500103004,20231004,916,23,9,1,25.06864,121.5107,14
500103004,20231004,917,23,9,1,25.06864,121.5107,14
500103004,20231004,918,23,9,1,25.06864,121.5107,14
500103004,20231004,919,23,10,1,25.06864,121.5107,13
500103004,20231004,921,23,10,1,25.06864,121.5107,13
500103004,20231004,922,23,10,1,25.06864,121.5107,13
500103004,20231004,923,23,10,1,25.06864,121.5107,13
500103004,20231004,924,23,10,1,25.06864,121.5107,13
500103004,20231004,925,23,10,1,25.06864,121.5107,13
500103004,20231004,926,23,10,1,25.06864,121.5107,13
500103004,20231004,927,23,10,1,25.06864,121.5107,13
500103004,20231004,928,23,10,1,25.06864,121.5107,13
500103004,20231004,929,23,10,1,25.06864,121.5107,13
500103004,20231004,930,23,10,1,25.06864,121.5107,13
500103004,20231004,931,23,10,1,25.06864,121.5107,13
500103004,20231004,932,23,10,1,25.06864,121.5107,13
500103004,20231004,933,23,10,1,25.06864,121.5107,13
500103004,20231004,934,23,10,1,25.06864,121.5107,13
500103004,20231004,935,23,10,1,25.06864,121.5107,13
500103004,20231004,936,23,9,1,25.06864,121.5107,14
500103004,20231004,937,23,8,1,25.06864,121.5107,15
500103004,20231004,938,23,8,1,25.06864,121.5107,15
500103004,20231004,939,23,8,1,25.06864,121.5107,15
500103004,20231004,940,23,8,1,25.06864,121.5107,15
500103004,20231004,941,23,8,1,25.06864,121.5107,15
500103004,20231004,942,23,8,1,25.06864,121.5107,15
500103004,20231004,943,23,8,1,25.06864,121.5107,15
500103004,20231004,944,23,8,1,25.06864,121.5107,15
500103004,20231004,945,23,8,1,25.06864,121.5107,15
500103004,20231004,946,23,8,1,25.06864,121.5107,15
500103004,20231004,947,23,8,1,25.06864,121.5107,15
500103004,20231004,948,23,8,1,25.06864,121.5107,15
500103004,20231004,949,23,8,1,25.06864,121.5107,15
500103004,20231004,950,23,8,1,25.06864,121.5107,15
500103004,20231004,951,23,8,1,25.06864,121.5107,15
500103004,20231004,952,23,8,1,25.06864,121.5107,15
500103004,20231004,953,23,8,1,25.06864,121.5107,15
500103004,20231004,954,23,8,1,25.06864,121.5107,15
500103004,20231004,955,23,8,1,25.06864,121.5107,15
500103004,20231004,956,23,8,1,25.06864,121.5107,15
500103004,20231004,957,23,8,1,25.06864,121.5107,15
500103004,20231004,958,23,8,1,25.06864,121.5107,15
500103004,20231004,959,23,8,1,25.06864,121.5107,15
500103004,20231004,961,23,8,1,25.06864,121.5107,15
500103004,20231004,962,23,8,1,25.06864,121.5107,15
500103004,20231004,963,23,9,1,25.06864,121.5107,14
500103004,20231004,964,23,9,1,25.06864,121.5107,14
500103004,20231004,965,23,9,1,25.06864,121.5107,14
500103004,20231004,966,23,9,1,25.06864,121.5107,14
500103004,20231004,967,23,9,1,25.06864,121.5107,14
500103004,20231004,968,23,9,1,25.06864,121.5107,14
500103004,20231004,969,23,9,1,25.06864,121.5107,14
500103004,20231004,970,23,9,1,25.06864,121.5107,14
500103004,20231004,971,23,9,1,25.06864,121.5107,14
500103004,20231004,972,23,9,1,25.06864,121.5107,14
500103004,20231004,973,23,9,1,25.06864,121.5107,14
500103004,20231004,974,23,9,1,25.06864,121.5107,14
500103004,20231004,975,23,9,1,25.06864,121.5107,14
500103004,20231004,976,23,9,1,25.06864,121.5107,14
500103004,20231004,977,23,9,1,25.06864,121.5107,14
500103004,20231004,978,23,9,1,25.06864,121.5107,14
500103004,20231004,979,23,9,1,25.06864,121.5107,14
500103004,20231004,981,23,9,1,25.06864,121.5107,14
500103004,20231004,982,23,9,1,25.06864,121.5107,14
500103004,20231004,983,23,9,1,25.06864,121.5107,14
500103004,20231004,984,23,9,1,25.06864,121.5107,14
500103004,20231004,985,23,9,1,25.06864,121.5107,14
500103004,20231004,986,23,9,1,25.06864,121.5107,14
500103004,20231004,987,23,9,1,25.06864,121.5107,14
500103004,20231004,988,23,9,1,25.06864,121.5107,14
500103004,20231004,989,23,9,1,25.06864,121.5107,14
500103004,20231004,990,23,9,1,25.06864,121.5107,14
500103004,20231004,991,23,9,1,25.06864,121.5107,14
500103004,20231004,992,23,9,1,25.06864,121.5107,14
500103004,20231004,993,23,9,1,25.06864,121.5107,14
500103004,20231004,994,23,10,1,25.06864,121.5107,13
500103004,20231004,995,23,10,1,25.06864,121.5107,13
500103004,20231004,996,23,10,1,25.06864,121.5107,13
500103004,20231004,997,23,10,1,25.06864,121.5107,13
500103004,20231004,998,23,11,1,25.06864,121.5107,12
500103004,20231004,999,23,11,1,25.06864,121.5107,12
500103004,20231004,1000,23,11,1,25.06864,121.5107,12
500103004,20231004,1001,23,11,1,25.06864,121.5107,12
500103004,20231004,1002,23,11,1,25.06864,121.5107,12
500103004,20231004,1003,23,10,1,25.06864,121.5107,13
500103004,20231004,1004,23,10,1,25.06864,121.5107,13
500103004,20231004,1005,23,10,1,25.06864,121.5107,13
500103004,20231004,1006,23,10,1,25.06864,121.5107,13
500103004,20231004,1007,23,10,1,25.06864,121.5107,13
500103004,20231004,1008,23,10,1,25.06864,121.5107,13
500103004,20231004,1009,23,10,1,25.06864,121.5107,13
500103004,20231004,1010,23,10,1,25.06864,121.5107,13
500103004,20231004,1011,23,10,1,25.06864,121.5107,13
500103004,20231004,1012,23,10,1,25.06864,121.5107,13
500103004,20231004,1013,23,10,1,25.06864,121.5107,13
500103004,20231004,1014,23,10,1,25.06864,121.5107,13
500103004,20231004,1015,23,10,1,25.06864,121.5107,13
500103004,20231004,1016,23,10,1,25.06864,121.5107,13
500103004,20231004,1017,23,10,1,25.06864,121.5107,13
500103004,20231004,1018,23,10,1,25.06864,121.5107,13
500103004,20231004,1019,23,10,1,25.06864,121.5107,13
500103004,20231004,1021,23,10,1,25.06864,121.5107,13
500103004,20231004,1022,23,10,1,25.06864,121.5107,13
500103004,20231004,1023,23,10,1,25.06864,121.5107,13
500103004,20231004,1024,23,9,1,25.06864,121.5107,14
500103004,20231004,1025,23,9,1,25.06864,121.5107,14
500103004,20231004,1026,23,9,1,25.06864,121.5107,14
500103004,20231004,1027,23,9,1,25.06864,121.5107,14
500103004,20231004,1028,23,9,1,25.06864,121.5107,14
500103004,20231004,1029,23,9,1,25.06864,121.5107,14
500103004,20231004,1030,23,9,1,25.06864,121.5107,14
500103004,20231004,1031,23,9,1,25.06864,121.5107,14
500103004,20231004,1032,23,9,1,25.06864,121.5107,14
500103004,20231004,1033,23,9,1,25.06864,121.5107,14
500103004,20231004,1034,23,9,1,25.06864,121.5107,14
500103004,20231004,1035,23,9,1,25.06864,121.5107,14
500103004,20231004,1036,23,9,1,25.06864,121.5107,14
500103004,20231004,1037,23,9,1,25.06864,121.5107,14
500103004,20231004,1038,23,9,1,25.06864,121.5107,14
500103004,20231004,1039,23,9,1,25.06864,121.5107,14
500103004,20231004,1041,23,9,1,25.06864,121.5107,14
500103004,20231004,1042,23,9,1,25.06864,121.5107,14
500103004,20231004,1043,23,9,1,25.06864,121.5107,14
500103004,20231004,1044,23,9,1,25.06864,121.5107,14
500103004,20231004,1045,23,9,1,25.06864,121.5107,14
500103004,20231004,1046,23,9,1,25.06864,121.5107,14
500103004,20231004,1047,23,9,1,25.06864,121.5107,14
500103004,20231004,1048,23,9,1,25.06864,121.5107,14
500103004,20231004,1049,23,9,1,25.06864,121.5107,14
500103004,20231004,1051,23,9,1,25.06864,121.5107,14
500103004,20231004,1052,23,9,1,25.06864,121.5107,14
500103004,20231004,1053,23,9,1,25.06864,121.5107,14
500103004,20231004,1054,23,9,1,25.06864,121.5107,14
500103004,20231004,1055,23,9,1,25.06864,121.5107,14
500103004,20231004,1056,23,9,1,25.06864,121.5107,14
500103004,20231004,1057,23,9,1,25.06864,121.5107,14
500103004,20231004,1058,23,9,1,25.06864,121.5107,14
500103004,20231004,1059,23,9,1,25.06864,121.5107,14
500103004,20231004,1060,23,9,1,25.06864,121.5107,14
500103004,20231004,1061,23,9,1,25.06864,121.5107,14
500103004,20231004,1062,23,9,1,25.06864,121.5107,14
500103004,20231004,1063,23,8,1,25.06864,121.5107,15
500103004,20231004,1064,23,8,1,25.06864,121.5107,15
500103004,20231004,1065,23,8,1,25.06864,121.5107,15
500103004,20231004,1066,23,8,1,25.06864,121.5107,15
500103004,20231004,1067,23,7,1,25.06864,121.5107,16
500103004,20231004,1068,23,7,1,25.06864,121.5107,16
500103004,20231004,1069,23,7,1,25.06864,121.5107,16
500103004,20231004,1070,23,7,1,25.06864,121.5107,16
500103004,20231004,1071,23,7,1,25.06864,121.5107,16
500103004,20231004,1072,23,7,1,25.06864,121.5107,16
500103004,20231004,1073,23,7,1,25.06864,121.5107,16
500103004,20231004,1074,23,7,1,25.06864,121.5107,16
500103004,20231004,1075,23,7,1,25.06864,121.5107,16
500103004,20231004,1076,23,6,1,25.06864,121.5107,17
500103004,20231004,1077,23,6,1,25.06864,121.5107,17
500103004,20231004,1078,23,6,1,25.06864,121.5107,17
500103004,20231004,1079,23,6,1,25.06864,121.5107,17
500103004,20231004,1081,23,6,1,25.06864,121.5107,17
500103004,20231004,1082,23,6,1,25.06864,121.5107,17
500103004,20231004,1084,23,6,1,25.06864,121.5107,17
500103004,20231004,1085,23,6,1,25.06864,121.5107,17
500103004,20231004,1086,23,6,1,25.06864,121.5107,17
500103004,20231004,1087,23,6,1,25.06864,121.5107,17
500103004,20231004,1088,23,6,1,25.06864,121.5107,17
500103004,20231004,1089,23,6,1,25.06864,121.5107,17
500103004,20231004,1090,23,6,1,25.06864,121.5107,17
500103004,20231004,1091,23,6,1,25.06864,121.5107,17
500103004,20231004,1092,23,10,1,25.06864,121.5107,13
500103004,20231004,1093,23,10,1,25.06864,121.5107,13
500103004,20231004,1094,23,12,1,25.06864,121.5107,11
500103004,20231004,1095,23,14,1,25.06864,121.5107,9
500103004,20231004,1096,23,18,1,25.06864,121.5107,5
500103004,20231004,1097,23,18,1,25.06864,121.5107,5
500103004,20231004,1098,23,20,1,25.06864,121.5107,3
500103004,20231004,1099,23,20,1,25.06864,121.5107,3
500103004,20231004,1101,23,20,1,25.06864,121.5107,3
500103004,20231004,1102,23,18,1,25.06864,121.5107,5
500103004,20231004,1103,23,18,1,25.06864,121.5107,5
500103004,20231004,1104,23,17,1,25.06864,121.5107,6
500103004,20231004,1105,23,17,1,25.06864,121.5107,6
500103004,20231004,1106,23,16,1,25.06864,121.5107,7
500103004,20231004,1107,23,16,1,25.06864,121.5107,7
500103004,20231004,1108,23,16,1,25.06864,121.5107,7
500103004,20231004,1109,23,16,1,25.06864,121.5107,7
500103004,20231004,1111,23,15,1,25.06864,121.5107,8
500103004,20231004,1112,23,15,1,25.06864,121.5107,8
500103004,20231004,1113,23,15,1,25.06864,121.5107,8
500103004,20231004,1114,23,15,1,25.06864,121.5107,8
500103004,20231004,1115,23,15,1,25.06864,121.5107,8
500103004,20231004,1116,23,14,1,25.06864,121.5107,9
500103004,20231004,1117,23,14,1,25.06864,121.5107,9
500103004,20231004,1118,23,14,1,25.06864,121.5107,9
500103004,20231004,1119,23,14,1,25.06864,121.5107,9
500103004,20231004,1120,23,14,1,25.06864,121.5107,9
500103004,20231004,1121,23,13,1,25.06864,121.5107,10
500103004,20231004,1122,23,13,1,25.06864,121.5107,10
500103004,20231004,1123,23,13,1,25.06864,121.5107,10
500103004,20231004,1124,23,13,1,25.06864,121.5107,10
500103004,20231004,1125,23,13,1,25.06864,121.5107,10
500103004,20231004,1126,23,13,1,25.06864,121.5107,10
500103004,20231004,1127,23,12,1,25.06864,121.5107,11
500103004,20231004,1128,23,12,1,25.06864,121.5107,11
500103004,20231004,1129,23,12,1,25.06864,121.5107,11
500103004,20231004,1130,23,12,1,25.06864,121.5107,11
500103004,20231004,1131,23,10,1,25.06864,121.5107,13
500103004,20231004,1132,23,10,1,25.06864,121.5107,13
500103004,20231004,1133,23,10,1,25.06864,121.5107,13
500103004,20231004,1134,23,10,1,25.06864,121.5107,13
500103004,20231004,1135,23,10,1,25.06864,121.5107,13
500103004,20231004,1136,23,10,1,25.06864,121.5107,13
500103004,20231004,1137,23,10,1,25.06864,121.5107,13
500103004,20231004,1138,23,10,1,25.06864,121.5107,13
500103004,20231004,1139,23,8,1,25.06864,121.5107,15
500103004,20231004,1141,23,8,1,25.06864,121.5107,15
500103004,20231004,1142,23,8,1,25.06864,121.5107,15
500103004,20231004,1143,23,8,1,25.06864,121.5107,15
500103004,20231004,1144,23,8,1,25.06864,121.5107,15
500103004,20231004,1145,23,8,1,25.06864,121.5107,15
500103004,20231004,1146,23,8,1,25.06864,121.5107,15
500103004,20231004,1147,23,8,1,25.06864,121.5107,15
500103004,20231004,1148,23,8,1,25.06864,121.5107,15
500103004,20231004,1149,23,8,1,25.06864,121.5107,15
500103004,20231004,1150,23,8,1,25.06864,121.5107,15
500103004,20231004,1151,23,8,1,25.06864,121.5107,15
500103004,20231004,1152,23,8,1,25.06864,121.5107,15
500103004,20231004,1153,23,8,1,25.06864,121.5107,15
500103004,20231004,1154,23,8,1,25.06864,121.5107,15
500103004,20231004,1155,23,8,1,25.06864,121.5107,15
500103004,20231004,1156,23,8,1,25.06864,121.5107,15
500103004,20231004,1157,23,8,1,25.06864,121.5107,15
500103004,20231004,1158,23,8,1,25.06864,121.5107,15
500103004,20231004,1159,23,9,1,25.06864,121.5107,14
500103004,20231004,1161,23,9,1,25.06864,121.5107,14
500103004,20231004,1162,23,9,1,25.06864,121.5107,14
500103004,20231004,1163,23,9,1,25.06864,121.5107,14
500103004,20231004,1164,23,9,1,25.06864,121.5107,14
500103004,20231004,1165,23,9,1,25.06864,121.5107,14
500103004,20231004,1166,23,9,1,25.06864,121.5107,14
500103004,20231004,1167,23,9,1,25.06864,121.5107,14
500103004,20231004,1168,23,9,1,25.06864,121.5107,14
500103004,20231004,1169,23,9,1,25.06864,121.5107,14
500103004,20231004,1170,23,9,1,25.06864,121.5107,14
500103004,20231004,1171,23,9,1,25.06864,121.5107,14
500103004,20231004,1172,23,9,1,25.06864,121.5107,14
500103004,20231004,1173,23,9,1,25.06864,121.5107,14
500103004,20231004,1174,23,9,1,25.06864,121.5107,14
500103004,20231004,1175,23,9,1,25.06864,121.5107,14
500103004,20231004,1176,23,9,1,25.06864,121.5107,14
500103004,20231004,1177,23,9,1,25.06864,121.5107,14
500103004,20231004,1178,23,9,1,25.06864,121.5107,14
500103004,20231004,1179,23,9,1,25.06864,121.5107,14
500103004,20231004,1180,23,9,1,25.06864,121.5107,14
500103004,20231004,1181,23,9,1,25.06864,121.5107,14
500103004,20231004,1182,23,9,1,25.06864,121.5107,14
500103004,20231004,1183,23,9,1,25.06864,121.5107,14
500103004,20231004,1184,23,8,1,25.06864,121.5107,15
500103004,20231004,1185,23,8,1,25.06864,121.5107,15
500103004,20231004,1186,23,8,1,25.06864,121.5107,15
500103004,20231004,1187,23,8,1,25.06864,121.5107,15
500103004,20231004,1188,23,8,1,25.06864,121.5107,15
500103004,20231004,1189,23,8,1,25.06864,121.5107,15
500103004,20231004,1190,23,7,1,25.06864,121.5107,16
500103004,20231004,1191,23,7,1,25.06864,121.5107,16
500103004,20231004,1192,23,7,1,25.06864,121.5107,16
500103004,20231004,1193,23,7,1,25.06864,121.5107,16
500103004,20231004,1194,23,8,1,25.06864,121.5107,15
500103004,20231004,1195,23,8,1,25.06864,121.5107,15
500103004,20231004,1196,23,8,1,25.06864,121.5107,15
500103004,20231004,1197,23,8,1,25.06864,121.5107,15
500103004,20231004,1198,23,8,1,25.06864,121.5107,15
500103004,20231004,1199,23,8,1,25.06864,121.5107,15
500103004,20231004,1201,23,8,1,25.06864,121.5107,15
500103004,20231004,1202,23,8,1,25.06864,121.5107,15
500103004,20231004,1203,23,8,1,25.06864,121.5107,15
500103004,20231004,1204,23,8,1,25.06864,121.5107,15
500103004,20231004,1205,23,8,1,25.06864,121.5107,15
500103004,20231004,1206,23,8,1,25.06864,121.5107,15
500103004,20231004,1207,23,8,1,25.06864,121.5107,15
500103004,20231004,1208,23,11,1,25.06864,121.5107,12
500103004,20231004,1209,23,14,1,25.06864,121.5107,9
500103004,20231004,1210,23,14,1,25.06864,121.5107,9
500103004,20231004,1211,23,15,1,25.06864,121.5107,8
500103004,20231004,1212,23,17,1,25.06864,121.5107,6
500103004,20231004,1213,23,19,1,25.06864,121.5107,4
500103004,20231004,1214,23,19,1,25.06864,121.5107,4
500103004,20231004,1215,23,19,1,25.06864,121.5107,4
500103004,20231004,1216,23,19,1,25.06864,121.5107,4
500103004,20231004,1217,23,19,1,25.06864,121.5107,4
500103004,20231004,1218,23,19,1,25.06864,121.5107,4
500103004,20231004,1219,23,19,1,25.06864,121.5107,4
500103004,20231004,1221,23,19,1,25.06864,121.5107,4
500103004,20231004,1222,23,19,1,25.06864,121.5107,4
500103004,20231004,1223,23,19,1,25.06864,121.5107,4
500103004,20231004,1224,23,19,1,25.06864,121.5107,4
500103004,20231004,1225,23,19,1,25.06864,121.5107,4
500103004,20231004,1226,23,19,1,25.06864,121.5107,4
500103004,20231004,1227,23,18,1,25.06864,121.5107,5
500103004,20231004,1228,23,19,1,25.06864,121.5107,4
500103004,20231004,1229,23,19,1,25.06864,121.5107,4
500103004,20231004,1230,23,19,1,25.06864,121.5107,4
500103004,20231004,1231,23,19,1,25.06864,121.5107,4
500103004,20231004,1232,23,19,1,25.06864,121.5107,4
500103004,20231004,1233,23,19,1,25.06864,121.5107,4
500103004,20231004,1234,23,19,1,25.06864,121.5107,4
500103004,20231004,1235,23,19,1,25.06864,121.5107,4
500103004,20231004,1236,23,19,1,25.06864,121.5107,4
500103004,20231004,1237,23,19,1,25.06864,121.5107,4
500103004,20231004,1238,23,19,1,25.06864,121.5107,4
500103004,20231004,1239,23,19,1,25.06864,121.5107,4
500103004,20231004,1240,23,19,1,25.06864,121.5107,4
500103004,20231004,1241,23,19,1,25.06864,121.5107,4
500103004,20231004,1242,23,18,1,25.06864,121.5107,5
500103004,20231004,1243,23,18,1,25.06864,121.5107,5
500103004,20231004,1244,23,18,1,25.06864,121.5107,5
500103004,20231004,1245,23,18,1,25.06864,121.5107,5
500103004,20231004,1246,23,18,1,25.06864,121.5107,5
500103004,20231004,1247,23,18,1,25.06864,121.5107,5
500103004,20231004,1248,23,18,1,25.06864,121.5107,5
500103004,20231004,1249,23,18,1,25.06864,121.5107,5
500103004,20231004,1250,23,18,1,25.06864,121.5107,5
500103004,20231004,1251,23,17,1,25.06864,121.5107,6
500103004,20231004,1252,23,17,1,25.06864,121.5107,6
500103004,20231004,1253,23,17,1,25.06864,121.5107,6
500103004,20231004,1254,23,17,1,25.06864,121.5107,6
500103004,20231004,1255,23,17,1,25.06864,121.5107,6
500103004,20231004,1256,23,17,1,25.06864,121.5107,6
500103004,20231004,1257,23,17,1,25.06864,121.5107,6
500103004,20231004,1258,23,17,1,25.06864,121.5107,6
500103004,20231004,1259,23,17,1,25.06864,121.5107,6
500103004,20231004,1261,23,17,1,25.06864,121.5107,6
500103004,20231004,1262,23,17,1,25.06864,121.5107,6
500103004,20231004,1263,23,17,1,25.06864,121.5107,6
500103004,20231004,1264,23,17,1,25.06864,121.5107,6
500103004,20231004,1265,23,17,1,25.06864,121.5107,6
500103004,20231004,1266,23,17,1,25.06864,121.5107,6
500103004,20231004,1267,23,17,1,25.06864,121.5107,6
500103004,20231004,1268,23,17,1,25.06864,121.5107,6
500103004,20231004,1269,23,17,1,25.06864,121.5107,6
500103004,20231004,1270,23,17,1,25.06864,121.5107,6
500103004,20231004,1271,23,17,1,25.06864,121.5107,6
500103004,20231004,1272,23,17,1,25.06864,121.5107,6
500103004,20231004,1273,23,17,1,25.06864,121.5107,6
500103004,20231004,1274,23,17,1,25.06864,121.5107,6
500103004,20231004,1275,23,16,1,25.06864,121.5107,7
500103004,20231004,1276,23,16,1,25.06864,121.5107,7
500103004,20231004,1277,23,16,1,25.06864,121.5107,7
500103004,20231004,1278,23,16,1,25.06864,121.5107,7
500103004,20231004,1279,23,16,1,25.06864,121.5107,7
500103004,20231004,1281,23,16,1,25.06864,121.5107,7
500103004,20231004,1282,23,16,1,25.06864,121.5107,7
500103004,20231004,1283,23,16,1,25.06864,121.5107,7
500103004,20231004,1284,23,16,1,25.06864,121.5107,7
500103004,20231004,1285,23,16,1,25.06864,121.5107,7
500103004,20231004,1286,23,16,1,25.06864,121.5107,7
500103004,20231004,1287,23,16,1,25.06864,121.5107,7
500103004,20231004,1288,23,17,1,25.06864,121.5107,6
500103004,20231004,1289,23,17,1,25.06864,121.5107,6
500103004,20231004,1290,23,17,1,25.06864,121.5107,6
500103004,20231004,1291,23,17,1,25.06864,121.5107,6
500103004,20231004,1292,23,17,1,25.06864,121.5107,6
500103004,20231004,1293,23,17,1,25.06864,121.5107,6
500103004,20231004,1294,23,17,1,25.06864,121.5107,6
500103004,20231004,1295,23,17,1,25.06864,121.5107,6
500103004,20231004,1296,23,17,1,25.06864,121.5107,6
500103004,20231004,1297,23,17,1,25.06864,121.5107,6
500103004,20231004,1298,23,16,1,25.06864,121.5107,7
500103004,20231004,1299,23,17,1,25.06864,121.5107,6
500103004,20231004,1300,23,17,1,25.06864,121.5107,6
500103004,20231004,1301,23,17,1,25.06864,121.5107,6
500103004,20231004,1302,23,17,1,25.06864,121.5107,6
500103004,20231004,1303,23,17,1,25.06864,121.5107,6
500103004,20231004,1304,23,17,1,25.06864,121.5107,6
500103004,20231004,1305,23,17,1,25.06864,121.5107,6
500103004,20231004,1306,23,17,1,25.06864,121.5107,6
500103004,20231004,1307,23,17,1,25.06864,121.5107,6
500103004,20231004,1308,23,17,1,25.06864,121.5107,6
500103004,20231004,1309,23,17,1,25.06864,121.5107,6
500103004,20231004,1310,23,17,1,25.06864,121.5107,6
500103004,20231004,1311,23,17,1,25.06864,121.5107,6
500103004,20231004,1312,23,17,1,25.06864,121.5107,6
500103004,20231004,1313,23,17,1,25.06864,121.5107,6
500103004,20231004,1314,23,17,1,25.06864,121.5107,6
500103004,20231004,1315,23,17,1,25.06864,121.5107,6
500103004,20231004,1316,23,17,1,25.06864,121.5107,6
500103004,20231004,1317,23,17,1,25.06864,121.5107,6
500103004,20231004,1318,23,17,1,25.06864,121.5107,6
500103004,20231004,1319,23,17,1,25.06864,121.5107,6
500103004,20231004,1321,23,17,1,25.06864,121.5107,6
500103004,20231004,1322,23,17,1,25.06864,121.5107,6
500103004,20231004,1323,23,17,1,25.06864,121.5107,6
500103004,20231004,1324,23,17,1,25.06864,121.5107,6
500103004,20231004,1325,23,17,1,25.06864,121.5107,6
500103004,20231004,1326,23,17,1,25.06864,121.5107,6
500103004,20231004,1327,23,17,1,25.06864,121.5107,6
500103004,20231004,1328,23,17,1,25.06864,121.5107,6
500103004,20231004,1329,23,17,1,25.06864,121.5107,6
500103004,20231004,1330,23,17,1,25.06864,121.5107,6
500103004,20231004,1331,23,17,1,25.06864,121.5107,6
500103004,20231004,1332,23,17,1,25.06864,121.5107,6
500103004,20231004,1333,23,17,1,25.06864,121.5107,6
500103004,20231004,1334,23,17,1,25.06864,121.5107,6
500103004,20231004,1335,23,17,1,25.06864,121.5107,6
500103004,20231004,1336,23,17,1,25.06864,121.5107,6
500103004,20231004,1337,23,17,1,25.06864,121.5107,6
500103004,20231004,1338,23,17,1,25.06864,121.5107,6
500103004,20231004,1339,23,17,1,25.06864,121.5107,6
500103004,20231004,1341,23,16,1,25.06864,121.5107,7
500103004,20231004,1342,23,16,1,25.06864,121.5107,7
500103004,20231004,1343,23,16,1,25.06864,121.5107,7
500103004,20231004,1344,23,16,1,25.06864,121.5107,7
500103004,20231004,1345,23,16,1,25.06864,121.5107,7
500103004,20231004,1346,23,16,1,25.06864,121.5107,7
500103004,20231004,1347,23,16,1,25.06864,121.5107,7
500103004,20231004,1348,23,16,1,25.06864,121.5107,7
500103004,20231004,1349,23,16,1,25.06864,121.5107,7
500103004,20231004,1350,23,16,1,25.06864,121.5107,7
500103004,20231004,1351,23,16,1,25.06864,121.5107,7
500103004,20231004,1352,23,16,1,25.06864,121.5107,7
500103004,20231004,1353,23,16,1,25.06864,121.5107,7
500103004,20231004,1354,23,16,1,25.06864,121.5107,7
500103004,20231004,1355,23,16,1,25.06864,121.5107,7
500103004,20231004,1356,23,16,1,25.06864,121.5107,7
500103004,20231004,1357,23,16,1,25.06864,121.5107,7
500103004,20231004,1358,23,16,1,25.06864,121.5107,7
500103004,20231004,1359,23,16,1,25.06864,121.5107,7
500103004,20231004,1360,23,16,1,25.06864,121.5107,7
500103004,20231004,1361,23,16,1,25.06864,121.5107,7
500103004,20231004,1362,23,16,1,25.06864,121.5107,7
500103004,20231004,1363,23,16,1,25.06864,121.5107,7
500103004,20231004,1364,23,16,1,25.06864,121.5107,7
500103004,20231004,1365,23,16,1,25.06864,121.5107,7
500103004,20231004,1366,23,16,1,25.06864,121.5107,7
500103004,20231004,1367,23,16,1,25.06864,121.5107,7
500103004,20231004,1368,23,16,1,25.06864,121.5107,7
500103004,20231004,1369,23,16,1,25.06864,121.5107,7
500103004,20231004,1371,23,16,1,25.06864,121.5107,7
500103004,20231004,1372,23,16,1,25.06864,121.5107,7
500103004,20231004,1373,23,16,1,25.06864,121.5107,7
500103004,20231004,1374,23,15,1,25.06864,121.5107,8
500103004,20231004,1375,23,15,1,25.06864,121.5107,8
500103004,20231004,1376,23,15,1,25.06864,121.5107,8
500103004,20231004,1377,23,15,1,25.06864,121.5107,8
500103004,20231004,1378,23,15,1,25.06864,121.5107,8
500103004,20231004,1379,23,15,1,25.06864,121.5107,8
500103004,20231004,1381,23,15,1,25.06864,121.5107,8
500103004,20231004,1382,23,15,1,25.06864,121.5107,8
500103004,20231004,1383,23,15,1,25.06864,121.5107,8
500103004,20231004,1384,23,15,1,25.06864,121.5107,8
500103004,20231004,1385,23,15,1,25.06864,121.5107,8
500103004,20231004,1386,23,15,1,25.06864,121.5107,8
500103004,20231004,1387,23,15,1,25.06864,121.5107,8
500103004,20231004,1388,23,15,1,25.06864,121.5107,8
500103004,20231004,1389,23,15,1,25.06864,121.5107,8
500103004,20231004,1390,23,15,1,25.06864,121.5107,8
500103004,20231004,1391,23,15,1,25.06864,121.5107,8
500103004,20231004,1392,23,15,1,25.06864,121.5107,8
500103004,20231004,1393,23,15,1,25.06864,121.5107,8
500103004,20231004,1394,23,14,1,25.06864,121.5107,9
500103004,20231004,1395,23,14,1,25.06864,121.5107,9
500103004,20231004,1396,23,14,1,25.06864,121.5107,9
500103004,20231004,1397,23,14,1,25.06864,121.5107,9
500103004,20231004,1398,23,14,1,25.06864,121.5107,9
500103004,20231004,1399,23,13,1,25.06864,121.5107,10
500103004,20231004,1401,23,13,1,25.06864,121.5107,10
500103004,20231004,1402,23,13,1,25.06864,121.5107,10
500103004,20231004,1403,23,13,1,25.06864,121.5107,10
500103004,20231004,1404,23,13,1,25.06864,121.5107,10
500103004,20231004,1405,23,13,1,25.06864,121.5107,10
500103004,20231004,1406,23,13,1,25.06864,121.5107,10
500103004,20231004,1407,23,13,1,25.06864,121.5107,10
500103004,20231004,1408,23,13,1,25.06864,121.5107,10
500103004,20231004,1409,23,13,1,25.06864,121.5107,10
500103004,20231004,1410,23,13,1,25.06864,121.5107,10
500103004,20231004,1411,23,13,1,25.06864,121.5107,10
500103004,20231004,1412,23,13,1,25.06864,121.5107,10
500103004,20231004,1413,23,13,1,25.06864,121.5107,10
500103004,20231004,1414,23,13,1,25.06864,121.5107,10
500103004,20231004,1415,23,13,1,25.06864,121.5107,10
500103004,20231004,1416,23,13,1,25.06864,121.5107,10
500103004,20231004,1417,23,13,1,25.06864,121.5107,10
500103004,20231004,1418,23,13,1,25.06864,121.5107,10
500103004,20231004,1419,23,13,1,25.06864,121.5107,10
500103004,20231004,1420,23,13,1,25.06864,121.5107,10
500103004,20231004,1421,23,13,1,25.06864,121.5107,10
500103004,20231004,1422,23,13,1,25.06864,121.5107,10
500103004,20231004,1423,23,13,1,25.06864,121.5107,10
500103004,20231004,1424,23,13,1,25.06864,121.5107,10
500103004,20231004,1425,23,13,1,25.06864,121.5107,10
500103004,20231004,1426,23,13,1,25.06864,121.5107,10
500103004,20231004,1427,23,13,1,25.06864,121.5107,10
500103004,20231004,1428,23,13,1,25.06864,121.5107,10
500103004,20231004,1429,23,13,1,25.06864,121.5107,10
500103004,20231004,1430,23,13,1,25.06864,121.5107,10
500103004,20231004,1431,23,13,1,25.06864,121.5107,10
500103004,20231004,1432,23,13,1,25.06864,121.5107,10
500103004,20231004,1433,23,13,1,25.06864,121.5107,10
500103004,20231004,1434,23,13,1,25.06864,121.5107,10
500103004,20231004,1435,23,13,1,25.06864,121.5107,10
500103004,20231004,1436,23,13,1,25.06864,121.5107,10
500103004,20231004,1437,23,13,1,25.06864,121.5107,10
500103004,20231004,1438,23,13,1,25.06864,121.5107,10
500103004,20231004,1439,23,13,1,25.06864,121.5107,10
500103004,20231005,1,23,13,1,25.06864,121.5107,10
500103004,20231005,2,23,13,1,25.06864,121.5107,10
500103004,20231005,3,23,13,1,25.06864,121.5107,10
500103004,20231005,4,23,13,1,25.06864,121.5107,10
500103004,20231005,5,23,13,1,25.06864,121.5107,10
500103004,20231005,6,23,13,1,25.06864,121.5107,10
500103004,20231005,7,23,13,1,25.06864,121.5107,10
500103004,20231005,8,23,13,1,25.06864,121.5107,10
500103004,20231005,9,23,13,1,25.06864,121.5107,10
500103004,20231005,10,23,13,1,25.06864,121.5107,10
500103004,20231005,11,23,13,1,25.06864,121.5107,10
500103004,20231005,12,23,13,1,25.06864,121.5107,10
500103004,20231005,13,23,13,1,25.06864,121.5107,10
500103004,20231005,14,23,13,1,25.06864,121.5107,10
500103004,20231005,15,23,13,1,25.06864,121.5107,10
500103004,20231005,16,23,13,1,25.06864,121.5107,10
500103004,20231005,17,23,13,1,25.06864,121.5107,10
500103004,20231005,18,23,13,1,25.06864,121.5107,10
500103004,20231005,19,23,13,1,25.06864,121.5107,10
500103004,20231005,21,23,13,1,25.06864,121.5107,10
500103004,20231005,22,23,13,1,25.06864,121.5107,10
500103004,20231005,23,23,13,1,25.06864,121.5107,10
500103004,20231005,24,23,13,1,25.06864,121.5107,10
500103004,20231005,25,23,13,1,25.06864,121.5107,10
500103004,20231005,26,23,13,1,25.06864,121.5107,10
500103004,20231005,27,23,13,1,25.06864,121.5107,10
500103004,20231005,28,23,13,1,25.06864,121.5107,10
500103004,20231005,29,23,13,1,25.06864,121.5107,10
500103004,20231005,30,23,13,1,25.06864,121.5107,10
500103004,20231005,31,23,13,1,25.06864,121.5107,10
500103004,20231005,32,23,13,1,25.06864,121.5107,10
500103004,20231005,33,23,13,1,25.06864,121.5107,10
500103004,20231005,34,23,13,1,25.06864,121.5107,10
500103004,20231005,35,23,13,1,25.06864,121.5107,10
500103004,20231005,36,23,13,1,25.06864,121.5107,10
500103004,20231005,37,23,13,1,25.06864,121.5107,10
500103004,20231005,38,23,13,1,25.06864,121.5107,10
500103004,20231005,39,23,13,1,25.06864,121.5107,10
500103004,20231005,40,23,13,1,25.06864,121.5107,10
500103004,20231005,41,23,13,1,25.06864,121.5107,10
500103004,20231005,42,23,13,1,25.06864,121.5107,10
500103004,20231005,43,23,13,1,25.06864,121.5107,10
500103004,20231005,44,23,13,1,25.06864,121.5107,10
500103004,20231005,45,23,13,1,25.06864,121.5107,10
500103004,20231005,46,23,13,1,25.06864,121.5107,10
500103004,20231005,47,23,13,1,25.06864,121.5107,10
500103004,20231005,48,23,13,1,25.06864,121.5107,10
500103004,20231005,49,23,13,1,25.06864,121.5107,10
500103004,20231005,50,23,13,1,25.06864,121.5107,10
500103004,20231005,51,23,13,1,25.06864,121.5107,10
500103004,20231005,52,23,13,1,25.06864,121.5107,10
500103004,20231005,53,23,13,1,25.06864,121.5107,10
500103004,20231005,54,23,13,1,25.06864,121.5107,10
500103004,20231005,55,23,13,1,25.06864,121.5107,10
500103004,20231005,56,23,13,1,25.06864,121.5107,10
500103004,20231005,57,23,13,1,25.06864,121.5107,10
500103004,20231005,58,23,13,1,25.06864,121.5107,10
500103004,20231005,59,23,13,1,25.06864,121.5107,10
500103004,20231005,61,23,13,1,25.06864,121.5107,10
500103004,20231005,62,23,13,1,25.06864,121.5107,10
500103004,20231005,63,23,13,1,25.06864,121.5107,10
500103004,20231005,64,23,13,1,25.06864,121.5107,10
500103004,20231005,65,23,13,1,25.06864,121.5107,10
500103004,20231005,66,23,13,1,25.06864,121.5107,10
500103004,20231005,67,23,13,1,25.06864,121.5107,10
500103004,20231005,68,23,13,1,25.06864,121.5107,10
500103004,20231005,69,23,13,1,25.06864,121.5107,10
500103004,20231005,70,23,13,1,25.06864,121.5107,10
500103004,20231005,71,23,13,1,25.06864,121.5107,10
500103004,20231005,72,23,13,1,25.06864,121.5107,10
500103004,20231005,73,23,13,1,25.06864,121.5107,10
500103004,20231005,74,23,13,1,25.06864,121.5107,10
500103004,20231005,75,23,13,1,25.06864,121.5107,10
500103004,20231005,76,23,13,1,25.06864,121.5107,10
500103004,20231005,77,23,13,1,25.06864,121.5107,10
500103004,20231005,78,23,13,1,25.06864,121.5107,10
500103004,20231005,79,23,13,1,25.06864,121.5107,10
500103004,20231005,81,23,13,1,25.06864,121.5107,10
500103004,20231005,82,23,13,1,25.06864,121.5107,10
500103004,20231005,83,23,13,1,25.06864,121.5107,10
500103004,20231005,84,23,13,1,25.06864,121.5107,10
500103004,20231005,85,23,13,1,25.06864,121.5107,10
500103004,20231005,86,23,13,1,25.06864,121.5107,10
500103004,20231005,87,23,13,1,25.06864,121.5107,10
500103004,20231005,88,23,13,1,25.06864,121.5107,10
500103004,20231005,89,23,13,1,25.06864,121.5107,10
500103004,20231005,90,23,13,1,25.06864,121.5107,10
500103004,20231005,91,23,13,1,25.06864,121.5107,10
500103004,20231005,92,23,13,1,25.06864,121.5107,10
500103004,20231005,93,23,13,1,25.06864,121.5107,10
500103004,20231005,94,23,13,1,25.06864,121.5107,10
500103004,20231005,95,23,13,1,25.06864,121.5107,10
500103004,20231005,96,23,13,1,25.06864,121.5107,10
500103004,20231005,97,23,13,1,25.06864,121.5107,10
500103004,20231005,98,23,13,1,25.06864,121.5107,10
500103004,20231005,99,23,13,1,25.06864,121.5107,10
500103004,20231005,100,23,13,1,25.06864,121.5107,10
500103004,20231005,101,23,13,1,25.06864,121.5107,10
500103004,20231005,102,23,13,1,25.06864,121.5107,10
500103004,20231005,103,23,13,1,25.06864,121.5107,10
500103004,20231005,104,23,13,1,25.06864,121.5107,10
500103004,20231005,105,23,13,1,25.06864,121.5107,10
500103004,20231005,106,23,13,1,25.06864,121.5107,10
500103004,20231005,107,23,13,1,25.06864,121.5107,10
500103004,20231005,108,23,13,1,25.06864,121.5107,10
500103004,20231005,109,23,13,1,25.06864,121.5107,10
500103004,20231005,110,23,13,1,25.06864,121.5107,10
500103004,20231005,111,23,13,1,25.06864,121.5107,10
500103004,20231005,112,23,13,1,25.06864,121.5107,10
500103004,20231005,113,23,13,1,25.06864,121.5107,10
500103004,20231005,114,23,13,1,25.06864,121.5107,10
500103004,20231005,115,23,13,1,25.06864,121.5107,10
500103004,20231005,116,23,13,1,25.06864,121.5107,10
500103004,20231005,117,23,13,1,25.06864,121.5107,10
500103004,20231005,118,23,13,1,25.06864,121.5107,10
500103004,20231005,119,23,13,1,25.06864,121.5107,10
500103004,20231005,121,23,13,1,25.06864,121.5107,10
500103004,20231005,122,23,13,1,25.06864,121.5107,10
500103004,20231005,123,23,13,1,25.06864,121.5107,10
500103004,20231005,124,23,13,1,25.06864,121.5107,10
500103004,20231005,125,23,13,1,25.06864,121.5107,10
500103004,20231005,126,23,13,1,25.06864,121.5107,10
500103004,20231005,127,23,13,1,25.06864,121.5107,10
500103004,20231005,128,23,13,1,25.06864,121.5107,10
500103004,20231005,129,23,13,1,25.06864,121.5107,10
500103004,20231005,130,23,13,1,25.06864,121.5107,10
500103004,20231005,131,23,13,1,25.06864,121.5107,10
500103004,20231005,132,23,13,1,25.06864,121.5107,10
500103004,20231005,133,23,13,1,25.06864,121.5107,10
500103004,20231005,134,23,13,1,25.06864,121.5107,10
500103004,20231005,135,23,13,1,25.06864,121.5107,10
500103004,20231005,136,23,13,1,25.06864,121.5107,10
500103004,20231005,137,23,13,1,25.06864,121.5107,10
500103004,20231005,138,23,13,1,25.06864,121.5107,10
500103004,20231005,139,23,13,1,25.06864,121.5107,10
500103004,20231005,141,23,13,1,25.06864,121.5107,10
500103004,20231005,142,23,13,1,25.06864,121.5107,10
500103004,20231005,143,23,13,1,25.06864,121.5107,10
500103004,20231005,144,23,13,1,25.06864,121.5107,10
500103004,20231005,145,23,13,1,25.06864,121.5107,10
500103004,20231005,146,23,13,1,25.06864,121.5107,10
500103004,20231005,147,23,13,1,25.06864,121.5107,10
500103004,20231005,148,23,13,1,25.06864,121.5107,10
500103004,20231005,149,23,13,1,25.06864,121.5107,10
500103004,20231005,150,23,13,1,25.06864,121.5107,10
500103004,20231005,151,23,13,1,25.06864,121.5107,10
500103004,20231005,152,23,13,1,25.06864,121.5107,10
500103004,20231005,153,23,13,1,25.06864,121.5107,10
500103004,20231005,154,23,13,1,25.06864,121.5107,10
500103004,20231005,155,23,13,1,25.06864,121.5107,10
500103004,20231005,156,23,13,1,25.06864,121.5107,10
500103004,20231005,157,23,13,1,25.06864,121.5107,10
500103004,20231005,158,23,13,1,25.06864,121.5107,10
500103004,20231005,159,23,13,1,25.06864,121.5107,10
500103004,20231005,160,23,13,1,25.06864,121.5107,10
500103004,20231005,161,23,13,1,25.06864,121.5107,10
500103004,20231005,162,23,13,1,25.06864,121.5107,10
500103004,20231005,163,23,13,1,25.06864,121.5107,10
500103004,20231005,164,23,13,1,25.06864,121.5107,10
500103004,20231005,165,23,13,1,25.06864,121.5107,10
500103004,20231005,166,23,13,1,25.06864,121.5107,10
500103004,20231005,167,23,13,1,25.06864,121.5107,10
500103004,20231005,168,23,13,1,25.06864,121.5107,10
500103004,20231005,169,23,13,1,25.06864,121.5107,10
500103004,20231005,170,23,13,1,25.06864,121.5107,10
500103004,20231005,171,23,13,1,25.06864,121.5107,10
500103004,20231005,172,23,13,1,25.06864,121.5107,10
500103004,20231005,173,23,13,1,25.06864,121.5107,10
500103004,20231005,174,23,13,1,25.06864,121.5107,10
500103004,20231005,175,23,13,1,25.06864,121.5107,10
500103004,20231005,176,23,13,1,25.06864,121.5107,10
500103004,20231005,177,23,13,1,25.06864,121.5107,10
500103004,20231005,178,23,13,1,25.06864,121.5107,10
500103004,20231005,179,23,13,1,25.06864,121.5107,10
500103004,20231005,180,23,13,1,25.06864,121.5107,10
500103004,20231005,181,23,13,1,25.06864,121.5107,10
500103004,20231005,182,23,13,1,25.06864,121.5107,10
500103004,20231005,183,23,13,1,25.06864,121.5107,10
500103004,20231005,184,23,13,1,25.06864,121.5107,10
500103004,20231005,185,23,13,1,25.06864,121.5107,10
500103004,20231005,186,23,13,1,25.06864,121.5107,10
500103004,20231005,187,23,13,1,25.06864,121.5107,10
500103004,20231005,188,23,13,1,25.06864,121.5107,10
500103004,20231005,189,23,13,1,25.06864,121.5107,10
500103004,20231005,190,23,13,1,25.06864,121.5107,10
500103004,20231005,191,23,13,1,25.06864,121.5107,10
500103004,20231005,192,23,13,1,25.06864,121.5107,10
500103004,20231005,193,23,13,1,25.06864,121.5107,10
500103004,20231005,194,23,13,1,25.06864,121.5107,10
500103004,20231005,195,23,13,1,25.06864,121.5107,10
500103004,20231005,196,23,13,1,25.06864,121.5107,10
500103004,20231005,197,23,13,1,25.06864,121.5107,10
500103004,20231005,198,23,13,1,25.06864,121.5107,10
500103004,20231005,199,23,13,1,25.06864,121.5107,10
500103004,20231005,201,23,13,1,25.06864,121.5107,10
500103004,20231005,202,23,13,1,25.06864,121.5107,10
500103004,20231005,203,23,13,1,25.06864,121.5107,10
500103004,20231005,204,23,13,1,25.06864,121.5107,10
500103004,20231005,205,23,13,1,25.06864,121.5107,10
500103004,20231005,206,23,13,1,25.06864,121.5107,10
500103004,20231005,207,23,13,1,25.06864,121.5107,10
500103004,20231005,208,23,13,1,25.06864,121.5107,10
500103004,20231005,209,23,13,1,25.06864,121.5107,10
500103004,20231005,210,23,13,1,25.06864,121.5107,10
500103004,20231005,211,23,13,1,25.06864,121.5107,10
500103004,20231005,212,23,13,1,25.06864,121.5107,10
500103004,20231005,213,23,13,1,25.06864,121.5107,10
500103004,20231005,214,23,13,1,25.06864,121.5107,10
500103004,20231005,215,23,13,1,25.06864,121.5107,10
500103004,20231005,216,23,13,1,25.06864,121.5107,10
500103004,20231005,217,23,13,1,25.06864,121.5107,10
500103004,20231005,218,23,13,1,25.06864,121.5107,10
500103004,20231005,220,23,13,1,25.06864,121.5107,10
500103004,20231005,221,23,13,1,25.06864,121.5107,10
500103004,20231005,222,23,13,1,25.06864,121.5107,10
500103004,20231005,223,23,13,1,25.06864,121.5107,10
500103004,20231005,224,23,13,1,25.06864,121.5107,10
500103004,20231005,225,23,13,1,25.06864,121.5107,10
500103004,20231005,226,23,13,1,25.06864,121.5107,10
500103004,20231005,227,23,13,1,25.06864,121.5107,10
500103004,20231005,228,23,13,1,25.06864,121.5107,10
500103004,20231005,229,23,13,1,25.06864,121.5107,10
500103004,20231005,230,23,13,1,25.06864,121.5107,10
500103004,20231005,231,23,13,1,25.06864,121.5107,10
500103004,20231005,232,23,13,1,25.06864,121.5107,10
500103004,20231005,233,23,13,1,25.06864,121.5107,10
500103004,20231005,234,23,13,1,25.06864,121.5107,10
500103004,20231005,235,23,13,1,25.06864,121.5107,10
500103004,20231005,236,23,13,1,25.06864,121.5107,10
500103004,20231005,237,23,13,1,25.06864,121.5107,10
500103004,20231005,238,23,13,1,25.06864,121.5107,10
500103004,20231005,239,23,13,1,25.06864,121.5107,10
500103004,20231005,240,23,13,1,25.06864,121.5107,10
500103004,20231005,241,23,13,1,25.06864,121.5107,10
500103004,20231005,242,23,13,1,25.06864,121.5107,10
500103004,20231005,243,23,13,1,25.06864,121.5107,10
500103004,20231005,244,23,13,1,25.06864,121.5107,10
500103004,20231005,245,23,13,1,25.06864,121.5107,10
500103004,20231005,246,23,13,1,25.06864,121.5107,10
500103004,20231005,247,23,13,1,25.06864,121.5107,10
500103004,20231005,248,23,13,1,25.06864,121.5107,10
500103004,20231005,249,23,13,1,25.06864,121.5107,10
500103004,20231005,250,23,13,1,25.06864,121.5107,10
500103004,20231005,251,23,13,1,25.06864,121.5107,10
500103004,20231005,252,23,13,1,25.06864,121.5107,10
500103004,20231005,253,23,13,1,25.06864,121.5107,10
500103004,20231005,254,23,13,1,25.06864,121.5107,10
500103004,20231005,255,23,13,1,25.06864,121.5107,10
500103004,20231005,256,23,13,1,25.06864,121.5107,10
500103004,20231005,257,23,13,1,25.06864,121.5107,10
500103004,20231005,258,23,13,1,25.06864,121.5107,10
500103004,20231005,259,23,13,1,25.06864,121.5107,10
500103004,20231005,261,23,13,1,25.06864,121.5107,10
500103004,20231005,262,23,13,1,25.06864,121.5107,10
500103004,20231005,263,23,13,1,25.06864,121.5107,10
500103004,20231005,264,23,13,1,25.06864,121.5107,10
500103004,20231005,265,23,13,1,25.06864,121.5107,10
500103004,20231005,266,23,13,1,25.06864,121.5107,10
500103004,20231005,267,23,13,1,25.06864,121.5107,10
500103004,20231005,268,23,13,1,25.06864,121.5107,10
500103004,20231005,269,23,13,1,25.06864,121.5107,10
500103004,20231005,270,23,13,1,25.06864,121.5107,10
500103004,20231005,271,23,13,1,25.06864,121.5107,10
500103004,20231005,272,23,13,1,25.06864,121.5107,10
500103004,20231005,273,23,13,1,25.06864,121.5107,10
500103004,20231005,274,23,13,1,25.06864,121.5107,10
500103004,20231005,275,23,13,1,25.06864,121.5107,10
500103004,20231005,276,23,13,1,25.06864,121.5107,10
500103004,20231005,277,23,13,1,25.06864,121.5107,10
500103004,20231005,278,23,13,1,25.06864,121.5107,10
500103004,20231005,279,23,13,1,25.06864,121.5107,10
500103004,20231005,280,23,13,1,25.06864,121.5107,10
500103004,20231005,281,23,13,1,25.06864,121.5107,10
500103004,20231005,282,23,13,1,25.06864,121.5107,10
500103004,20231005,283,23,13,1,25.06864,121.5107,10
500103004,20231005,284,23,13,1,25.06864,121.5107,10
500103004,20231005,285,23,13,1,25.06864,121.5107,10
500103004,20231005,286,23,13,1,25.06864,121.5107,10
500103004,20231005,287,23,13,1,25.06864,121.5107,10
500103004,20231005,288,23,13,1,25.06864,121.5107,10
500103004,20231005,289,23,13,1,25.06864,121.5107,10
500103004,20231005,290,23,13,1,25.06864,121.5107,10
500103004,20231005,291,23,13,1,25.06864,121.5107,10
500103004,20231005,292,23,13,1,25.06864,121.5107,10
500103004,20231005,293,23,13,1,25.06864,121.5107,10
500103004,20231005,294,23,13,1,25.06864,121.5107,10
500103004,20231005,295,23,13,1,25.06864,121.5107,10
500103004,20231005,296,23,13,1,25.06864,121.5107,10
500103004,20231005,297,23,13,1,25.06864,121.5107,10
500103004,20231005,298,23,13,1,25.06864,121.5107,10
500103004,20231005,299,23,13,1,25.06864,121.5107,10
500103004,20231005,300,23,13,1,25.06864,121.5107,10
500103004,20231005,301,23,13,1,25.06864,121.5107,10
500103004,20231005,302,23,13,1,25.06864,121.5107,10
500103004,20231005,303,23,13,1,25.06864,121.5107,10
500103004,20231005,304,23,13,1,25.06864,121.5107,10
500103004,20231005,305,23,13,1,25.06864,121.5107,10
500103004,20231005,306,23,13,1,25.06864,121.5107,10
500103004,20231005,307,23,13,1,25.06864,121.5107,10
500103004,20231005,308,23,13,1,25.06864,121.5107,10
500103004,20231005,309,23,13,1,25.06864,121.5107,10
500103004,20231005,310,23,13,1,25.06864,121.5107,10
500103004,20231005,311,23,13,1,25.06864,121.5107,10
500103004,20231005,312,23,13,1,25.06864,121.5107,10
500103004,20231005,313,23,13,1,25.06864,121.5107,10
500103004,20231005,314,23,13,1,25.06864,121.5107,10
500103004,20231005,315,23,13,1,25.06864,121.5107,10
500103004,20231005,316,23,13,1,25.06864,121.5107,10
500103004,20231005,317,23,13,1,25.06864,121.5107,10
500103004,20231005,318,23,13,1,25.06864,121.5107,10
500103004,20231005,319,23,13,1,25.06864,121.5107,10
500103004,20231005,321,23,13,1,25.06864,121.5107,10
500103004,20231005,322,23,13,1,25.06864,121.5107,10
500103004,20231005,323,23,13,1,25.06864,121.5107,10
500103004,20231005,324,23,13,1,25.06864,121.5107,10
500103004,20231005,325,23,13,1,25.06864,121.5107,10
500103004,20231005,326,23,13,1,25.06864,121.5107,10
500103004,20231005,327,23,13,1,25.06864,121.5107,10
500103004,20231005,328,23,13,1,25.06864,121.5107,10
500103004,20231005,329,23,13,1,25.06864,121.5107,10
500103004,20231005,330,23,13,1,25.06864,121.5107,10
500103004,20231005,331,23,13,1,25.06864,121.5107,10
500103004,20231005,332,23,13,1,25.06864,121.5107,10
500103004,20231005,333,23,13,1,25.06864,121.5107,10
500103004,20231005,334,23,13,1,25.06864,121.5107,10
500103004,20231005,335,23,13,1,25.06864,121.5107,10
500103004,20231005,336,23,13,1,25.06864,121.5107,10
500103004,20231005,337,23,13,1,25.06864,121.5107,10
500103004,20231005,338,23,13,1,25.06864,121.5107,10
500103004,20231005,339,23,13,1,25.06864,121.5107,10
500103004,20231005,340,23,13,1,25.06864,121.5107,10
500103004,20231005,341,23,13,1,25.06864,121.5107,10
500103004,20231005,342,23,13,1,25.06864,121.5107,10
500103004,20231005,343,23,13,1,25.06864,121.5107,10
500103004,20231005,344,23,13,1,25.06864,121.5107,10
500103004,20231005,345,23,13,1,25.06864,121.5107,10
500103004,20231005,346,23,13,1,25.06864,121.5107,10
500103004,20231005,347,23,13,1,25.06864,121.5107,10
500103004,20231005,348,23,13,1,25.06864,121.5107,10
500103004,20231005,349,23,13,1,25.06864,121.5107,10
500103004,20231005,350,23,13,1,25.06864,121.5107,10
500103004,20231005,351,23,13,1,25.06864,121.5107,10
500103004,20231005,352,23,13,1,25.06864,121.5107,10
500103004,20231005,353,23,13,1,25.06864,121.5107,10
500103004,20231005,354,23,13,1,25.06864,121.5107,10
500103004,20231005,355,23,13,1,25.06864,121.5107,10
500103004,20231005,356,23,13,1,25.06864,121.5107,10
500103004,20231005,357,23,13,1,25.06864,121.5107,10
500103004,20231005,358,23,13,1,25.06864,121.5107,10
500103004,20231005,359,23,13,1,25.06864,121.5107,10
500103004,20231005,360,23,13,1,25.06864,121.5107,10
500103004,20231005,361,23,13,1,25.06864,121.5107,10
500103004,20231005,362,23,13,1,25.06864,121.5107,10
500103004,20231005,363,23,13,1,25.06864,121.5107,10
500103004,20231005,364,23,13,1,25.06864,121.5107,10
500103004,20231005,365,23,13,1,25.06864,121.5107,10
500103004,20231005,366,23,13,1,25.06864,121.5107,10
500103004,20231005,367,23,13,1,25.06864,121.5107,10
500103004,20231005,368,23,13,1,25.06864,121.5107,10
500103004,20231005,369,23,13,1,25.06864,121.5107,10
500103004,20231005,370,23,13,1,25.06864,121.5107,10
500103004,20231005,371,23,13,1,25.06864,121.5107,10
500103004,20231005,372,23,13,1,25.06864,121.5107,10
500103004,20231005,373,23,13,1,25.06864,121.5107,10
500103004,20231005,374,23,13,1,25.06864,121.5107,10
500103004,20231005,375,23,13,1,25.06864,121.5107,10
500103004,20231005,376,23,13,1,25.06864,121.5107,10
500103004,20231005,377,23,13,1,25.06864,121.5107,10
500103004,20231005,378,23,13,1,25.06864,121.5107,10
500103004,20231005,379,23,13,1,25.06864,121.5107,10
500103004,20231005,381,23,13,1,25.06864,121.5107,10
500103004,20231005,382,23,13,1,25.06864,121.5107,10
500103004,20231005,383,23,13,1,25.06864,121.5107,10
500103004,20231005,384,23,13,1,25.06864,121.5107,10
500103004,20231005,385,23,13,1,25.06864,121.5107,10
500103004,20231005,386,23,13,1,25.06864,121.5107,10
500103004,20231005,387,23,13,1,25.06864,121.5107,10
500103004,20231005,388,23,13,1,25.06864,121.5107,10
500103004,20231005,389,23,13,1,25.06864,121.5107,10
500103004,20231005,390,23,13,1,25.06864,121.5107,10
500103004,20231005,391,23,13,1,25.06864,121.5107,10
500103004,20231005,392,23,13,1,25.06864,121.5107,10
500103004,20231005,393,23,13,1,25.06864,121.5107,10
500103004,20231005,394,23,13,1,25.06864,121.5107,10
500103004,20231005,395,23,13,1,25.06864,121.5107,10
500103004,20231005,396,23,13,1,25.06864,121.5107,10
500103004,20231005,397,23,13,1,25.06864,121.5107,10
500103004,20231005,398,23,13,1,25.06864,121.5107,10
500103004,20231005,399,23,13,1,25.06864,121.5107,10
500103004,20231005,400,23,13,1,25.06864,121.5107,10
500103004,20231005,401,23,13,1,25.06864,121.5107,10
500103004,20231005,402,23,13,1,25.06864,121.5107,10
500103004,20231005,403,23,13,1,25.06864,121.5107,10
500103004,20231005,404,23,13,1,25.06864,121.5107,10
500103004,20231005,405,23,13,1,25.06864,121.5107,10
500103004,20231005,406,23,13,1,25.06864,121.5107,10
500103004,20231005,407,23,13,1,25.06864,121.5107,10
500103004,20231005,408,23,14,1,25.06864,121.5107,9
500103004,20231005,409,23,14,1,25.06864,121.5107,9
500103004,20231005,410,23,15,1,25.06864,121.5107,8
500103004,20231005,411,23,15,1,25.06864,121.5107,8
500103004,20231005,412,23,15,1,25.06864,121.5107,8
500103004,20231005,413,23,15,1,25.06864,121.5107,8
500103004,20231005,414,23,15,1,25.06864,121.5107,8
500103004,20231005,415,23,15,1,25.06864,121.5107,8
500103004,20231005,416,23,15,1,25.06864,121.5107,8
500103004,20231005,417,23,15,1,25.06864,121.5107,8
500103004,20231005,418,23,16,1,25.06864,121.5107,7
500103004,20231005,419,23,16,1,25.06864,121.5107,7
500103004,20231005,421,23,16,1,25.06864,121.5107,7
500103004,20231005,422,23,16,1,25.06864,121.5107,7
500103004,20231005,423,23,16,1,25.06864,121.5107,7
500103004,20231005,424,23,16,1,25.06864,121.5107,7
500103004,20231005,425,23,16,1,25.06864,121.5107,7
500103004,20231005,426,23,17,1,25.06864,121.5107,6
500103004,20231005,427,23,18,1,25.06864,121.5107,5
500103004,20231005,428,23,18,1,25.06864,121.5107,5
500103004,20231005,429,23,18,1,25.06864,121.5107,5
500103004,20231005,430,23,18,1,25.06864,121.5107,5
500103004,20231005,431,23,19,1,25.06864,121.5107,4
500103004,20231005,432,23,20,1,25.06864,121.5107,3
500103004,20231005,433,23,19,1,25.06864,121.5107,4
500103004,20231005,434,23,19,1,25.06864,121.5107,4
500103004,20231005,435,23,19,1,25.06864,121.5107,4
500103004,20231005,436,23,20,1,25.06864,121.5107,3
500103004,20231005,437,23,20,1,25.06864,121.5107,3
500103004,20231005,438,23,20,1,25.06864,121.5107,3
500103004,20231005,439,23,20,1,25.06864,121.5107,3
500103004,20231005,441,23,20,1,25.06864,121.5107,3
500103004,20231005,442,23,20,1,25.06864,121.5107,3
500103004,20231005,443,23,20,1,25.06864,121.5107,3
500103004,20231005,444,23,20,1,25.06864,121.5107,3
500103004,20231005,445,23,20,1,25.06864,121.5107,3
500103004,20231005,446,23,20,1,25.06864,121.5107,3
500103004,20231005,447,23,20,1,25.06864,121.5107,3
500103004,20231005,448,23,21,1,25.06864,121.5107,2
500103004,20231005,449,23,21,1,25.06864,121.5107,2
500103004,20231005,450,23,21,1,25.06864,121.5107,2
500103004,20231005,451,23,21,1,25.06864,121.5107,2
500103004,20231005,452,23,21,1,25.06864,121.5107,2
500103004,20231005,453,23,22,1,25.06864,121.5107,1
500103004,20231005,454,23,22,1,25.06864,121.5107,1
500103004,20231005,455,23,22,1,25.06864,121.5107,1
500103004,20231005,456,23,23,1,25.06864,121.5107,0
500103004,20231005,457,23,23,1,25.06864,121.5107,0
500103004,20231005,458,23,23,1,25.06864,121.5107,0
500103004,20231005,459,23,23,1,25.06864,121.5107,0
500103004,20231005,460,23,23,1,25.06864,121.5107,0
500103004,20231005,461,23,23,1,25.06864,121.5107,0
500103004,20231005,462,23,23,1,25.06864,121.5107,0
500103004,20231005,463,23,23,1,25.06864,121.5107,0
500103004,20231005,464,23,20,1,25.06864,121.5107,3
500103004,20231005,465,23,17,1,25.06864,121.5107,6
500103004,20231005,466,23,13,1,25.06864,121.5107,10
500103004,20231005,467,23,11,1,25.06864,121.5107,12
500103004,20231005,468,23,5,1,25.06864,121.5107,18
500103004,20231005,469,23,4,1,25.06864,121.5107,19
500103004,20231005,470,23,4,1,25.06864,121.5107,19
500103004,20231005,471,23,4,1,25.06864,121.5107,19
500103004,20231005,472,23,4,1,25.06864,121.5107,19
500103004,20231005,473,23,4,1,25.06864,121.5107,19
500103004,20231005,474,23,4,1,25.06864,121.5107,19
500103004,20231005,475,23,4,1,25.06864,121.5107,19
500103004,20231005,476,23,5,1,25.06864,121.5107,18
500103004,20231005,477,23,5,1,25.06864,121.5107,18
500103004,20231005,478,23,6,1,25.06864,121.5107,17
500103004,20231005,479,23,6,1,25.06864,121.5107,17
500103004,20231005,481,23,6,1,25.06864,121.5107,17
500103004,20231005,482,23,6,1,25.06864,121.5107,17
500103004,20231005,483,23,6,1,25.06864,121.5107,17
500103004,20231005,484,23,6,1,25.06864,121.5107,17
500103004,20231005,485,23,6,1,25.06864,121.5107,17
500103004,20231005,486,23,6,1,25.06864,121.5107,17
500103004,20231005,487,23,6,1,25.06864,121.5107,17
500103004,20231005,488,23,6,1,25.06864,121.5107,17
500103004,20231005,489,23,6,1,25.06864,121.5107,17
500103004,20231005,490,23,8,1,25.06864,121.5107,15
500103004,20231005,491,23,8,1,25.06864,121.5107,15
500103004,20231005,492,23,9,1,25.06864,121.5107,14
500103004,20231005,493,23,9,1,25.06864,121.5107,14
500103004,20231005,494,23,10,1,25.06864,121.5107,13
500103004,20231005,495,23,10,1,25.06864,121.5107,13
500103004,20231005,496,23,9,1,25.06864,121.5107,14
500103004,20231005,497,23,9,1,25.06864,121.5107,14
500103004,20231005,498,23,9,1,25.06864,121.5107,14
500103004,20231005,499,23,11,1,25.06864,121.5107,12
500103004,20231005,501,23,11,1,25.06864,121.5107,12
500103004,20231005,502,23,11,1,25.06864,121.5107,12
500103004,20231005,503,23,11,1,25.06864,121.5107,12
500103004,20231005,504,23,11,1,25.06864,121.5107,12
500103004,20231005,505,23,9,1,25.06864,121.5107,14
500103004,20231005,506,23,7,1,25.06864,121.5107,16
500103004,20231005,507,23,6,1,25.06864,121.5107,17
500103004,20231005,508,23,6,1,25.06864,121.5107,17
500103004,20231005,509,23,6,1,25.06864,121.5107,17
500103004,20231005,510,23,6,1,25.06864,121.5107,17
500103004,20231005,512,23,6,1,25.06864,121.5107,17
500103004,20231005,513,23,6,1,25.06864,121.5107,17
500103004,20231005,514,23,7,1,25.06864,121.5107,16
500103004,20231005,515,23,7,1,25.06864,121.5107,16
500103004,20231005,516,23,8,1,25.06864,121.5107,15
500103004,20231005,517,23,8,1,25.06864,121.5107,15
500103004,20231005,518,23,8,1,25.06864,121.5107,15
500103004,20231005,519,23,8,1,25.06864,121.5107,15
500103004,20231005,520,23,8,1,25.06864,121.5107,15
500103004,20231005,521,23,8,1,25.06864,121.5107,15
500103004,20231005,522,23,8,1,25.06864,121.5107,15
500103004,20231005,523,23,7,1,25.06864,121.5107,16
500103004,20231005,524,23,7,1,25.06864,121.5107,16
500103004,20231005,525,23,7,1,25.06864,121.5107,16
500103004,20231005,526,23,7,1,25.06864,121.5107,16
500103004,20231005,527,23,7,1,25.06864,121.5107,16
500103004,20231005,528,23,7,1,25.06864,121.5107,16
500103004,20231005,529,23,7,1,25.06864,121.5107,16
500103004,20231005,530,23,8,1,25.06864,121.5107,15
500103004,20231005,531,23,8,1,25.06864,121.5107,15
500103004,20231005,532,23,9,1,25.06864,121.5107,14
500103004,20231005,533,23,9,1,25.06864,121.5107,14
500103004,20231005,534,23,9,1,25.06864,121.5107,14
500103004,20231005,535,23,9,1,25.06864,121.5107,14
500103004,20231005,536,23,9,1,25.06864,121.5107,14
500103004,20231005,537,23,9,1,25.06864,121.5107,14
500103004,20231005,538,23,9,1,25.06864,121.5107,14
500103004,20231005,539,23,9,1,25.06864,121.5107,14
500103004,20231005,541,23,9,1,25.06864,121.5107,14
500103004,20231005,542,23,9,1,25.06864,121.5107,14
500103004,20231005,543,23,9,1,25.06864,121.5107,14
500103004,20231005,544,23,9,1,25.06864,121.5107,14
500103004,20231005,545,23,9,1,25.06864,121.5107,14
500103004,20231005,546,23,8,1,25.06864,121.5107,15
500103004,20231005,547,23,7,1,25.06864,121.5107,16
500103004,20231005,548,23,7,1,25.06864,121.5107,16
500103004,20231005,549,23,7,1,25.06864,121.5107,16
500103004,20231005,550,23,8,1,25.06864,121.5107,15
500103004,20231005,551,23,8,1,25.06864,121.5107,15
500103004,20231005,552,23,9,1,25.06864,121.5107,14
500103004,20231005,553,23,9,1,25.06864,121.5107,14
500103004,20231005,554,23,10,1,25.06864,121.5107,13
500103004,20231005,555,23,10,1,25.06864,121.5107,13
500103004,20231005,556,23,10,1,25.06864,121.5107,13
500103004,20231005,557,23,10,1,25.06864,121.5107,13
500103004,20231005,558,23,10,1,25.06864,121.5107,13
500103004,20231005,559,23,10,1,25.06864,121.5107,13
500103004,20231005,561,23,9,1,25.06864,121.5107,14
500103004,20231005,562,23,9,1,25.06864,121.5107,14
500103004,20231005,563,23,9,1,25.06864,121.5107,14
500103004,20231005,564,23,9,1,25.06864,121.5107,14
500103004,20231005,565,23,10,1,25.06864,121.5107,13
500103004,20231005,566,23,10,1,25.06864,121.5107,13
500103004,20231005,567,23,10,1,25.06864,121.5107,13
500103004,20231005,568,23,10,1,25.06864,121.5107,13
500103004,20231005,569,23,10,1,25.06864,121.5107,13
500103004,20231005,570,23,10,1,25.06864,121.5107,13
500103004,20231005,571,23,10,1,25.06864,121.5107,13
500103004,20231005,572,23,10,1,25.06864,121.5107,13
500103004,20231005,573,23,10,1,25.06864,121.5107,13
500103004,20231005,574,23,10,1,25.06864,121.5107,13
500103004,20231005,575,23,10,1,25.06864,121.5107,13
500103004,20231005,576,23,11,1,25.06864,121.5107,12
500103004,20231005,577,23,11,1,25.06864,121.5107,12
500103004,20231005,578,23,11,1,25.06864,121.5107,12
500103004,20231005,579,23,11,1,25.06864,121.5107,12
500103004,20231005,580,23,11,1,25.06864,121.5107,12
500103004,20231005,581,23,11,1,25.06864,121.5107,12
500103004,20231005,582,23,11,1,25.06864,121.5107,12
500103004,20231005,583,23,11,1,25.06864,121.5107,12
500103004,20231005,584,23,12,1,25.06864,121.5107,11
500103004,20231005,585,23,12,1,25.06864,121.5107,11
500103004,20231005,586,23,12,1,25.06864,121.5107,11
500103004,20231005,587,23,12,1,25.06864,121.5107,11
500103004,20231005,588,23,12,1,25.06864,121.5107,11
500103004,20231005,589,23,12,1,25.06864,121.5107,11
500103004,20231005,590,23,12,1,25.06864,121.5107,11
500103004,20231005,591,23,12,1,25.06864,121.5107,11
500103004,20231005,592,23,12,1,25.06864,121.5107,11
500103004,20231005,593,23,13,1,25.06864,121.5107,10
500103004,20231005,594,23,13,1,25.06864,121.5107,10
500103004,20231005,595,23,13,1,25.06864,121.5107,10
500103004,20231005,596,23,15,1,25.06864,121.5107,8
500103004,20231005,597,23,15,1,25.06864,121.5107,8
500103004,20231005,599,23,15,1,25.06864,121.5107,8
500103004,20231005,601,23,15,1,25.06864,121.5107,8
500103004,20231005,602,23,15,1,25.06864,121.5107,8
500103004,20231005,603,23,15,1,25.06864,121.5107,8
500103004,20231005,604,23,14,1,25.06864,121.5107,9
500103004,20231005,605,23,14,1,25.06864,121.5107,9
500103004,20231005,606,23,14,1,25.06864,121.5107,9
500103004,20231005,607,23,14,1,25.06864,121.5107,9
500103004,20231005,608,23,14,1,25.06864,121.5107,9
500103004,20231005,609,23,15,1,25.06864,121.5107,8
500103004,20231005,610,23,15,1,25.06864,121.5107,8
500103004,20231005,611,23,15,1,25.06864,121.5107,8
500103004,20231005,612,23,15,1,25.06864,121.5107,8
500103004,20231005,613,23,15,1,25.06864,121.5107,8
500103004,20231005,614,23,15,1,25.06864,121.5107,8
500103004,20231005,615,23,15,1,25.06864,121.5107,8
500103004,20231005,616,23,15,1,25.06864,121.5107,8
500103004,20231005,617,23,15,1,25.06864,121.5107,8
500103004,20231005,618,23,15,1,25.06864,121.5107,8
500103004,20231005,619,23,15,1,25.06864,121.5107,8
500103004,20231005,621,23,16,1,25.06864,121.5107,7
500103004,20231005,622,23,16,1,25.06864,121.5107,7
500103004,20231005,623,23,16,1,25.06864,121.5107,7
500103004,20231005,624,23,17,1,25.06864,121.5107,6
500103004,20231005,625,23,17,1,25.06864,121.5107,6
500103004,20231005,626,23,17,1,25.06864,121.5107,6
500103004,20231005,627,23,17,1,25.06864,121.5107,6
500103004,20231005,628,23,17,1,25.06864,121.5107,6
500103004,20231005,629,23,17,1,25.06864,121.5107,6
500103004,20231005,630,23,17,1,25.06864,121.5107,6
500103004,20231005,631,23,17,1,25.06864,121.5107,6
500103004,20231005,632,23,17,1,25.06864,121.5107,6
500103004,20231005,633,23,17,1,25.06864,121.5107,6
500103004,20231005,634,23,17,1,25.06864,121.5107,6
500103004,20231005,635,23,18,1,25.06864,121.5107,5
500103004,20231005,636,23,18,1,25.06864,121.5107,5
500103004,20231005,637,23,18,1,25.06864,121.5107,5
500103004,20231005,638,23,18,1,25.06864,121.5107,5
500103004,20231005,639,23,18,1,25.06864,121.5107,5
500103004,20231005,640,23,18,1,25.06864,121.5107,5
500103004,20231005,641,23,18,1,25.06864,121.5107,5
500103004,20231005,642,23,18,1,25.06864,121.5107,5
500103004,20231005,643,23,18,1,25.06864,121.5107,5
500103004,20231005,644,23,18,1,25.06864,121.5107,5
500103004,20231005,645,23,18,1,25.06864,121.5107,5
500103004,20231005,646,23,17,1,25.06864,121.5107,6
500103004,20231005,647,23,17,1,25.06864,121.5107,6
500103004,20231005,648,23,17,1,25.06864,121.5107,6
500103004,20231005,649,23,17,1,25.06864,121.5107,6
500103004,20231005,650,23,17,1,25.06864,121.5107,6
500103004,20231005,651,23,17,1,25.06864,121.5107,6
500103004,20231005,652,23,19,1,25.06864,121.5107,4
500103004,20231005,653,23,19,1,25.06864,121.5107,4
500103004,20231005,654,23,18,1,25.06864,121.5107,5
500103004,20231005,655,23,18,1,25.06864,121.5107,5
500103004,20231005,656,23,17,1,25.06864,121.5107,6
500103004,20231005,657,23,17,1,25.06864,121.5107,6
500103004,20231005,658,23,17,1,25.06864,121.5107,6
500103004,20231005,659,23,17,1,25.06864,121.5107,6
500103004,20231005,661,23,17,1,25.06864,121.5107,6
500103004,20231005,662,23,18,1,25.06864,121.5107,5
500103004,20231005,663,23,18,1,25.06864,121.5107,5
500103004,20231005,664,23,18,1,25.06864,121.5107,5
500103004,20231005,665,23,18,1,25.06864,121.5107,5
500103004,20231005,666,23,18,1,25.06864,121.5107,5
500103004,20231005,667,23,18,1,25.06864,121.5107,5
500103004,20231005,668,23,18,1,25.06864,121.5107,5
500103004,20231005,669,23,18,1,25.06864,121.5107,5
500103004,20231005,670,23,18,1,25.06864,121.5107,5
500103004,20231005,671,23,18,1,25.06864,121.5107,5
500103004,20231005,672,23,18,1,25.06864,121.5107,5
500103004,20231005,673,23,18,1,25.06864,121.5107,5
500103004,20231005,674,23,18,1,25.06864,121.5107,5
500103004,20231005,675,23,18,1,25.06864,121.5107,5
500103004,20231005,676,23,18,1,25.06864,121.5107,5
500103004,20231005,677,23,18,1,25.06864,121.5107,5
500103004,20231005,678,23,18,1,25.06864,121.5107,5
500103004,20231005,679,23,18,1,25.06864,121.5107,5
500103004,20231005,681,23,18,1,25.06864,121.5107,5
500103004,20231005,682,23,18,1,25.06864,121.5107,5
500103004,20231005,683,23,18,1,25.06864,121.5107,5
500103004,20231005,684,23,18,1,25.06864,121.5107,5
500103004,20231005,685,23,18,1,25.06864,121.5107,5
500103004,20231005,686,23,18,1,25.06864,121.5107,5
500103004,20231005,687,23,18,1,25.06864,121.5107,5
500103004,20231005,688,23,18,1,25.06864,121.5107,5
500103004,20231005,689,23,18,1,25.06864,121.5107,5
500103004,20231005,690,23,18,1,25.06864,121.5107,5
500103004,20231005,691,23,19,1,25.06864,121.5107,4
500103004,20231005,692,23,19,1,25.06864,121.5107,4
500103004,20231005,693,23,19,1,25.06864,121.5107,4
500103004,20231005,694,23,19,1,25.06864,121.5107,4
500103004,20231005,695,23,19,1,25.06864,121.5107,4
500103004,20231005,696,23,18,1,25.06864,121.5107,5
500103004,20231005,697,23,18,1,25.06864,121.5107,5
500103004,20231005,698,23,18,1,25.06864,121.5107,5
500103004,20231005,699,23,18,1,25.06864,121.5107,5
500103004,20231005,700,23,18,1,25.06864,121.5107,5
500103004,20231005,701,23,18,1,25.06864,121.5107,5
500103004,20231005,702,23,18,1,25.06864,121.5107,5
500103004,20231005,703,23,18,1,25.06864,121.5107,5
500103004,20231005,704,23,18,1,25.06864,121.5107,5
500103004,20231005,705,23,18,1,25.06864,121.5107,5
500103004,20231005,706,23,18,1,25.06864,121.5107,5
500103004,20231005,707,23,18,1,25.06864,121.5107,5
500103004,20231005,708,23,18,1,25.06864,121.5107,5
500103004,20231005,709,23,18,1,25.06864,121.5107,5
500103004,20231005,710,23,18,1,25.06864,121.5107,5
500103004,20231005,711,23,18,1,25.06864,121.5107,5
500103004,20231005,712,23,18,1,25.06864,121.5107,5
500103004,20231005,713,23,18,1,25.06864,121.5107,5
500103004,20231005,714,23,18,1,25.06864,121.5107,5
500103004,20231005,715,23,18,1,25.06864,121.5107,5
500103004,20231005,716,23,17,1,25.06864,121.5107,6
500103004,20231005,717,23,17,1,25.06864,121.5107,6
500103004,20231005,718,23,17,1,25.06864,121.5107,6
500103004,20231005,719,23,17,1,25.06864,121.5107,6
500103004,20231005,721,23,17,1,25.06864,121.5107,6
500103004,20231005,722,23,17,1,25.06864,121.5107,6
500103004,20231005,723,23,17,1,25.06864,121.5107,6
500103004,20231005,724,23,17,1,25.06864,121.5107,6
500103004,20231005,725,23,17,1,25.06864,121.5107,6
500103004,20231005,726,23,17,1,25.06864,121.5107,6
500103004,20231005,727,23,17,1,25.06864,121.5107,6
500103004,20231005,728,23,17,1,25.06864,121.5107,6
500103004,20231005,729,23,17,1,25.06864,121.5107,6
500103004,20231005,730,23,17,1,25.06864,121.5107,6
500103004,20231005,731,23,17,1,25.06864,121.5107,6
500103004,20231005,732,23,17,1,25.06864,121.5107,6
500103004,20231005,733,23,17,1,25.06864,121.5107,6
500103004,20231005,734,23,17,1,25.06864,121.5107,6
500103004,20231005,735,23,17,1,25.06864,121.5107,6
500103004,20231005,736,23,17,1,25.06864,121.5107,6
500103004,20231005,737,23,17,1,25.06864,121.5107,6
500103004,20231005,738,23,17,1,25.06864,121.5107,6
500103004,20231005,739,23,17,1,25.06864,121.5107,6
500103004,20231005,741,23,17,1,25.06864,121.5107,6
500103004,20231005,742,23,17,1,25.06864,121.5107,6
500103004,20231005,743,23,18,1,25.06864,121.5107,5
500103004,20231005,744,23,18,1,25.06864,121.5107,5
500103004,20231005,745,23,18,1,25.06864,121.5107,5
500103004,20231005,746,23,19,1,25.06864,121.5107,4
500103004,20231005,747,23,19,1,25.06864,121.5107,4
500103004,20231005,748,23,19,1,25.06864,121.5107,4
500103004,20231005,749,23,19,1,25.06864,121.5107,4
500103004,20231005,750,23,19,1,25.06864,121.5107,4
500103004,20231005,751,23,19,1,25.06864,121.5107,4
500103004,20231005,752,23,19,1,25.06864,121.5107,4
500103004,20231005,753,23,19,1,25.06864,121.5107,4
500103004,20231005,754,23,20,1,25.06864,121.5107,3
500103004,20231005,755,23,21,1,25.06864,121.5107,2
500103004,20231005,756,23,21,1,25.06864,121.5107,2
500103004,20231005,757,23,23,1,25.06864,121.5107,0
500103004,20231005,758,23,23,1,25.06864,121.5107,0
500103004,20231005,759,23,23,1,25.06864,121.5107,0
500103004,20231005,760,23,23,1,25.06864,121.5107,0
500103004,20231005,761,23,22,1,25.06864,121.5107,1
500103004,20231005,762,23,22,1,25.06864,121.5107,1
500103004,20231005,763,23,22,1,25.06864,121.5107,1
500103004,20231005,764,23,22,1,25.06864,121.5107,1
500103004,20231005,765,23,23,1,25.06864,121.5107,0
500103004,20231005,766,23,23,1,25.06864,121.5107,0
500103004,20231005,767,23,23,1,25.06864,121.5107,0
500103004,20231005,768,23,23,1,25.06864,121.5107,0
500103004,20231005,769,23,23,1,25.06864,121.5107,0
500103004,20231005,770,23,23,1,25.06864,121.5107,0
500103004,20231005,771,23,23,1,25.06864,121.5107,0
500103004,20231005,772,23,23,1,25.06864,121.5107,0
500103004,20231005,773,23,23,1,25.06864,121.5107,0
500103004,20231005,774,23,23,1,25.06864,121.5107,0
500103004,20231005,775,23,23,1,25.06864,121.5107,0
500103004,20231005,776,23,23,1,25.06864,121.5107,0
500103004,20231005,777,23,23,1,25.06864,121.5107,0
500103004,20231005,778,23,23,1,25.06864,121.5107,0
500103004,20231005,779,23,23,1,25.06864,121.5107,0
500103004,20231005,781,23,23,1,25.06864,121.5107,0
500103004,20231005,782,23,23,1,25.06864,121.5107,0
500103004,20231005,783,23,23,1,25.06864,121.5107,0
500103004,20231005,784,23,23,1,25.06864,121.5107,0
500103004,20231005,785,23,23,1,25.06864,121.5107,0
500103004,20231005,786,23,23,1,25.06864,121.5107,0
500103004,20231005,787,23,23,1,25.06864,121.5107,0
500103004,20231005,788,23,23,1,25.06864,121.5107,0
500103004,20231005,789,23,23,1,25.06864,121.5107,0
500103004,20231005,790,23,23,1,25.06864,121.5107,0
500103004,20231005,791,23,23,1,25.06864,121.5107,0
500103004,20231005,792,23,22,1,25.06864,121.5107,1
500103004,20231005,793,23,23,1,25.06864,121.5107,0
500103004,20231005,794,23,23,1,25.06864,121.5107,0
500103004,20231005,795,23,23,1,25.06864,121.5107,0
500103004,20231005,796,23,23,1,25.06864,121.5107,0
500103004,20231005,797,23,23,1,25.06864,121.5107,0
500103004,20231005,798,23,23,1,25.06864,121.5107,0
500103004,20231005,799,23,23,1,25.06864,121.5107,0
500103004,20231005,801,23,23,1,25.06864,121.5107,0
500103004,20231005,802,23,23,1,25.06864,121.5107,0
500103004,20231005,803,23,23,1,25.06864,121.5107,0
500103004,20231005,804,23,23,1,25.06864,121.5107,0
500103004,20231005,805,23,23,1,25.06864,121.5107,0
500103004,20231005,806,23,23,1,25.06864,121.5107,0
500103004,20231005,807,23,23,1,25.06864,121.5107,0
500103004,20231005,808,23,23,1,25.06864,121.5107,0
500103004,20231005,809,23,23,1,25.06864,121.5107,0
500103004,20231005,810,23,23,1,25.06864,121.5107,0
500103004,20231005,811,23,23,1,25.06864,121.5107,0
500103004,20231005,812,23,23,1,25.06864,121.5107,0
500103004,20231005,814,23,23,1,25.06864,121.5107,0
500103004,20231005,815,23,23,1,25.06864,121.5107,0
500103004,20231005,816,23,23,1,25.06864,121.5107,0
500103004,20231005,817,23,23,1,25.06864,121.5107,0
500103004,20231005,818,23,23,1,25.06864,121.5107,0
500103004,20231005,819,23,23,1,25.06864,121.5107,0
500103004,20231005,820,23,23,1,25.06864,121.5107,0
500103004,20231005,821,23,23,1,25.06864,121.5107,0
500103004,20231005,822,23,23,1,25.06864,121.5107,0
500103004,20231005,823,23,23,1,25.06864,121.5107,0
500103004,20231005,824,23,23,1,25.06864,121.5107,0
500103004,20231005,825,23,23,1,25.06864,121.5107,0
500103004,20231005,826,23,23,1,25.06864,121.5107,0
500103004,20231005,827,23,23,1,25.06864,121.5107,0
500103004,20231005,828,23,23,1,25.06864,121.5107,0
500103004,20231005,829,23,23,1,25.06864,121.5107,0
500103004,20231005,830,23,23,1,25.06864,121.5107,0
500103004,20231005,831,23,23,1,25.06864,121.5107,0
500103004,20231005,832,23,23,1,25.06864,121.5107,0
500103004,20231005,833,23,23,1,25.06864,121.5107,0
500103004,20231005,834,23,23,1,25.06864,121.5107,0
500103004,20231005,835,23,23,1,25.06864,121.5107,0
500103004,20231005,836,23,23,1,25.06864,121.5107,0
500103004,20231005,837,23,23,1,25.06864,121.5107,0
500103004,20231005,838,23,23,1,25.06864,121.5107,0
500103004,20231005,839,23,23,1,25.06864,121.5107,0
500103004,20231005,841,23,23,1,25.06864,121.5107,0
500103004,20231005,842,23,23,1,25.06864,121.5107,0
500103004,20231005,843,23,23,1,25.06864,121.5107,0
500103004,20231005,844,23,23,1,25.06864,121.5107,0
500103004,20231005,845,23,23,1,25.06864,121.5107,0
500103004,20231005,846,23,23,1,25.06864,121.5107,0
500103004,20231005,847,23,23,1,25.06864,121.5107,0
500103004,20231005,848,23,23,1,25.06864,121.5107,0
500103004,20231005,849,23,23,1,25.06864,121.5107,0
500103004,20231005,850,23,23,1,25.06864,121.5107,0
500103004,20231005,851,23,23,1,25.06864,121.5107,0
500103004,20231005,852,23,23,1,25.06864,121.5107,0
500103004,20231005,853,23,23,1,25.06864,121.5107,0
500103004,20231005,854,23,23,1,25.06864,121.5107,0
500103004,20231005,855,23,23,1,25.06864,121.5107,0
500103004,20231005,856,23,23,1,25.06864,121.5107,0
500103004,20231005,857,23,23,1,25.06864,121.5107,0
500103004,20231005,858,23,23,1,25.06864,121.5107,0
500103004,20231005,859,23,23,1,25.06864,121.5107,0
500103004,20231005,861,23,23,1,25.06864,121.5107,0
500103004,20231005,862,23,23,1,25.06864,121.5107,0
500103004,20231005,863,23,23,1,25.06864,121.5107,0
500103004,20231005,864,23,23,1,25.06864,121.5107,0
500103004,20231005,865,23,23,1,25.06864,121.5107,0
500103004,20231005,866,23,23,1,25.06864,121.5107,0
500103004,20231005,867,23,23,1,25.06864,121.5107,0
500103004,20231005,868,23,23,1,25.06864,121.5107,0
500103004,20231005,869,23,23,1,25.06864,121.5107,0
500103004,20231005,870,23,23,1,25.06864,121.5107,0
500103004,20231005,871,23,23,1,25.06864,121.5107,0
500103004,20231005,872,23,23,1,25.06864,121.5107,0
500103004,20231005,873,23,23,1,25.06864,121.5107,0
500103004,20231005,874,23,23,1,25.06864,121.5107,0
500103004,20231005,875,23,23,1,25.06864,121.5107,0
500103004,20231005,876,23,23,1,25.06864,121.5107,0
500103004,20231005,877,23,23,1,25.06864,121.5107,0
500103004,20231005,878,23,23,1,25.06864,121.5107,0
500103004,20231005,879,23,23,1,25.06864,121.5107,0
500103004,20231005,880,23,23,1,25.06864,121.5107,0
500103004,20231005,881,23,23,1,25.06864,121.5107,0
500103004,20231005,882,23,23,1,25.06864,121.5107,0
500103004,20231005,883,23,23,1,25.06864,121.5107,0
500103004,20231005,884,23,23,1,25.06864,121.5107,0
500103004,20231005,885,23,23,1,25.06864,121.5107,0
500103004,20231005,886,23,23,1,25.06864,121.5107,0
500103004,20231005,887,23,23,1,25.06864,121.5107,0
500103004,20231005,888,23,23,1,25.06864,121.5107,0
500103004,20231005,889,23,23,1,25.06864,121.5107,0
500103004,20231005,890,23,23,1,25.06864,121.5107,0
500103004,20231005,891,23,23,1,25.06864,121.5107,0
500103004,20231005,892,23,23,1,25.06864,121.5107,0
500103004,20231005,893,23,23,1,25.06864,121.5107,0
500103004,20231005,894,23,23,1,25.06864,121.5107,0
500103004,20231005,895,23,23,1,25.06864,121.5107,0
500103004,20231005,896,23,23,1,25.06864,121.5107,0
500103004,20231005,897,23,23,1,25.06864,121.5107,0
500103004,20231005,898,23,23,1,25.06864,121.5107,0
500103004,20231005,899,23,23,1,25.06864,121.5107,0
500103004,20231005,901,23,23,1,25.06864,121.5107,0
500103004,20231005,902,23,23,1,25.06864,121.5107,0
500103004,20231005,903,23,23,1,25.06864,121.5107,0
500103004,20231005,904,23,23,1,25.06864,121.5107,0
500103004,20231005,905,23,23,1,25.06864,121.5107,0
500103004,20231005,906,23,23,1,25.06864,121.5107,0
500103004,20231005,907,23,23,1,25.06864,121.5107,0
500103004,20231005,908,23,23,1,25.06864,121.5107,0
500103004,20231005,909,23,23,1,25.06864,121.5107,0
500103004,20231005,910,23,23,1,25.06864,121.5107,0
500103004,20231005,911,23,23,1,25.06864,121.5107,0
500103004,20231005,912,23,23,1,25.06864,121.5107,0
500103004,20231005,913,23,22,1,25.06864,121.5107,1
500103004,20231005,914,23,22,1,25.06864,121.5107,1
500103004,20231005,915,23,22,1,25.06864,121.5107,1
500103004,20231005,916,23,22,1,25.06864,121.5107,1
500103004,20231005,917,23,22,1,25.06864,121.5107,1
500103004,20231005,918,23,22,1,25.06864,121.5107,1
500103004,20231005,919,23,22,1,25.06864,121.5107,1
500103004,20231005,921,23,22,1,25.06864,121.5107,1
500103004,20231005,922,23,22,1,25.06864,121.5107,1
500103004,20231005,923,23,22,1,25.06864,121.5107,1
500103004,20231005,924,23,22,1,25.06864,121.5107,1
500103004,20231005,925,23,22,1,25.06864,121.5107,1
500103004,20231005,926,23,22,1,25.06864,121.5107,1
500103004,20231005,927,23,21,1,25.06864,121.5107,2
500103004,20231005,928,23,21,1,25.06864,121.5107,2
500103004,20231005,929,23,21,1,25.06864,121.5107,2
500103004,20231005,930,23,21,1,25.06864,121.5107,2
500103004,20231005,931,23,21,1,25.06864,121.5107,2
500103004,20231005,932,23,21,1,25.06864,121.5107,2
500103004,20231005,933,23,21,1,25.06864,121.5107,2
500103004,20231005,934,23,21,1,25.06864,121.5107,2
500103004,20231005,935,23,21,1,25.06864,121.5107,2
500103004,20231005,936,23,21,1,25.06864,121.5107,2
500103004,20231005,937,23,21,1,25.06864,121.5107,2
500103004,20231005,938,23,20,1,25.06864,121.5107,3
500103004,20231005,939,23,20,1,25.06864,121.5107,3
500103004,20231005,940,23,19,1,25.06864,121.5107,4
500103004,20231005,941,23,19,1,25.06864,121.5107,4
500103004,20231005,942,23,19,1,25.06864,121.5107,4
500103004,20231005,943,23,19,1,25.06864,121.5107,4
500103004,20231005,944,23,19,1,25.06864,121.5107,4
500103004,20231005,945,23,19,1,25.06864,121.5107,4
500103004,20231005,946,23,19,1,25.06864,121.5107,4
500103004,20231005,947,23,20,1,25.06864,121.5107,3
500103004,20231005,948,23,20,1,25.06864,121.5107,3
500103004,20231005,949,23,19,1,25.06864,121.5107,4
500103004,20231005,950,23,19,1,25.06864,121.5107,4
500103004,20231005,951,23,19,1,25.06864,121.5107,4
500103004,20231005,952,23,19,1,25.06864,121.5107,4
500103004,20231005,953,23,19,1,25.06864,121.5107,4
500103004,20231005,954,23,19,1,25.06864,121.5107,4
500103004,20231005,955,23,19,1,25.06864,121.5107,4
500103004,20231005,956,23,19,1,25.06864,121.5107,4
500103004,20231005,957,23,19,1,25.06864,121.5107,4
500103004,20231005,958,23,19,1,25.06864,121.5107,4
500103004,20231005,959,23,19,1,25.06864,121.5107,4
500103004,20231005,961,23,19,1,25.06864,121.5107,4
500103004,20231005,962,23,19,1,25.06864,121.5107,4
500103004,20231005,963,23,19,1,25.06864,121.5107,4
500103004,20231005,964,23,19,1,25.06864,121.5107,4
500103004,20231005,965,23,19,1,25.06864,121.5107,4
500103004,20231005,966,23,19,1,25.06864,121.5107,4
500103004,20231005,967,23,19,1,25.06864,121.5107,4
500103004,20231005,968,23,19,1,25.06864,121.5107,4
500103004,20231005,969,23,19,1,25.06864,121.5107,4
500103004,20231005,970,23,19,1,25.06864,121.5107,4
500103004,20231005,971,23,19,1,25.06864,121.5107,4
500103004,20231005,972,23,19,1,25.06864,121.5107,4
500103004,20231005,973,23,19,1,25.06864,121.5107,4
500103004,20231005,974,23,19,1,25.06864,121.5107,4
500103004,20231005,975,23,19,1,25.06864,121.5107,4
500103004,20231005,976,23,19,1,25.06864,121.5107,4
500103004,20231005,977,23,19,1,25.06864,121.5107,4
500103004,20231005,978,23,19,1,25.06864,121.5107,4
500103004,20231005,979,23,19,1,25.06864,121.5107,4
500103004,20231005,981,23,19,1,25.06864,121.5107,4
500103004,20231005,982,23,20,1,25.06864,121.5107,3
500103004,20231005,983,23,20,1,25.06864,121.5107,3
500103004,20231005,984,23,20,1,25.06864,121.5107,3
500103004,20231005,985,23,21,1,25.06864,121.5107,2
500103004,20231005,986,23,21,1,25.06864,121.5107,2
500103004,20231005,987,23,21,1,25.06864,121.5107,2
500103004,20231005,988,23,21,1,25.06864,121.5107,2
500103004,20231005,989,23,21,1,25.06864,121.5107,2
500103004,20231005,990,23,21,1,25.06864,121.5107,2
500103004,20231005,991,23,21,1,25.06864,121.5107,2
500103004,20231005,992,23,21,1,25.06864,121.5107,2
500103004,20231005,993,23,21,1,25.06864,121.5107,2
500103004,20231005,994,23,21,1,25.06864,121.5107,2
500103004,20231005,995,23,21,1,25.06864,121.5107,2
500103004,20231005,996,23,21,1,25.06864,121.5107,2
500103004,20231005,997,23,20,1,25.06864,121.5107,3
500103004,20231005,998,23,20,1,25.06864,121.5107,3
500103004,20231005,999,23,20,1,25.06864,121.5107,3
500103004,20231005,1000,23,20,1,25.06864,121.5107,3
500103004,20231005,1001,23,20,1,25.06864,121.5107,3
500103004,20231005,1002,23,20,1,25.06864,121.5107,3
500103004,20231005,1003,23,20,1,25.06864,121.5107,3
500103004,20231005,1004,23,20,1,25.06864,121.5107,3
500103004,20231005,1005,23,20,1,25.06864,121.5107,3
500103004,20231005,1006,23,20,1,25.06864,121.5107,3
500103004,20231005,1007,23,20,1,25.06864,121.5107,3
500103004,20231005,1008,23,20,1,25.06864,121.5107,3
500103004,20231005,1009,23,20,1,25.06864,121.5107,3
500103004,20231005,1010,23,20,1,25.06864,121.5107,3
500103004,20231005,1011,23,20,1,25.06864,121.5107,3
500103004,20231005,1012,23,20,1,25.06864,121.5107,3
500103004,20231005,1013,23,20,1,25.06864,121.5107,3
500103004,20231005,1014,23,20,1,25.06864,121.5107,3
500103004,20231005,1015,23,20,1,25.06864,121.5107,3
500103004,20231005,1016,23,20,1,25.06864,121.5107,3
500103004,20231005,1017,23,20,1,25.06864,121.5107,3
500103004,20231005,1018,23,20,1,25.06864,121.5107,3
500103004,20231005,1019,23,18,1,25.06864,121.5107,5
500103004,20231005,1021,23,19,1,25.06864,121.5107,4
500103004,20231005,1022,23,19,1,25.06864,121.5107,4
500103004,20231005,1023,23,18,1,25.06864,121.5107,5
500103004,20231005,1024,23,17,1,25.06864,121.5107,6
500103004,20231005,1025,23,17,1,25.06864,121.5107,6
500103004,20231005,1026,23,18,1,25.06864,121.5107,5
500103004,20231005,1027,23,16,1,25.06864,121.5107,7
500103004,20231005,1028,23,16,1,25.06864,121.5107,7
500103004,20231005,1029,23,16,1,25.06864,121.5107,7
500103004,20231005,1030,23,16,1,25.06864,121.5107,7
500103004,20231005,1031,23,15,1,25.06864,121.5107,8
500103004,20231005,1032,23,15,1,25.06864,121.5107,8
500103004,20231005,1033,23,14,1,25.06864,121.5107,9
500103004,20231005,1034,23,14,1,25.06864,121.5107,9
500103004,20231005,1035,23,14,1,25.06864,121.5107,9
500103004,20231005,1036,23,13,1,25.06864,121.5107,10
500103004,20231005,1037,23,13,1,25.06864,121.5107,10
500103004,20231005,1038,23,12,1,25.06864,121.5107,11
500103004,20231005,1039,23,12,1,25.06864,121.5107,11
500103004,20231005,1041,23,12,1,25.06864,121.5107,11
500103004,20231005,1042,23,12,1,25.06864,121.5107,11
500103004,20231005,1043,23,11,1,25.06864,121.5107,12
500103004,20231005,1044,23,11,1,25.06864,121.5107,12
500103004,20231005,1045,23,11,1,25.06864,121.5107,12
500103004,20231005,1046,23,11,1,25.06864,121.5107,12
500103004,20231005,1047,23,11,1,25.06864,121.5107,12
500103004,20231005,1048,23,12,1,25.06864,121.5107,11
500103004,20231005,1049,23,12,1,25.06864,121.5107,11
500103004,20231005,1051,23,12,1,25.06864,121.5107,11
500103004,20231005,1052,23,12,1,25.06864,121.5107,11
500103004,20231005,1053,23,12,1,25.06864,121.5107,11
500103004,20231005,1054,23,12,1,25.06864,121.5107,11
500103004,20231005,1055,23,12,1,25.06864,121.5107,11
500103004,20231005,1056,23,12,1,25.06864,121.5107,11
500103004,20231005,1057,23,12,1,25.06864,121.5107,11
500103004,20231005,1058,23,12,1,25.06864,121.5107,11
500103004,20231005,1059,23,12,1,25.06864,121.5107,11
500103004,20231005,1060,23,12,1,25.06864,121.5107,11
500103004,20231005,1061,23,13,1,25.06864,121.5107,10
500103004,20231005,1062,23,13,1,25.06864,121.5107,10
500103004,20231005,1063,23,12,1,25.06864,121.5107,11
500103004,20231005,1064,23,11,1,25.06864,121.5107,12
500103004,20231005,1065,23,11,1,25.06864,121.5107,12
500103004,20231005,1066,23,11,1,25.06864,121.5107,12
500103004,20231005,1067,23,11,1,25.06864,121.5107,12
500103004,20231005,1068,23,11,1,25.06864,121.5107,12
500103004,20231005,1069,23,11,1,25.06864,121.5107,12
500103004,20231005,1070,23,11,1,25.06864,121.5107,12
500103004,20231005,1071,23,11,1,25.06864,121.5107,12
500103004,20231005,1072,23,11,1,25.06864,121.5107,12
500103004,20231005,1073,23,11,1,25.06864,121.5107,12
500103004,20231005,1074,23,11,1,25.06864,121.5107,12
500103004,20231005,1075,23,11,1,25.06864,121.5107,12
500103004,20231005,1076,23,11,1,25.06864,121.5107,12
500103004,20231005,1077,23,11,1,25.06864,121.5107,12
500103004,20231005,1078,23,11,1,25.06864,121.5107,12
500103004,20231005,1079,23,11,1,25.06864,121.5107,12
500103004,20231005,1081,23,12,1,25.06864,121.5107,11
500103004,20231005,1082,23,12,1,25.06864,121.5107,11
500103004,20231005,1083,23,13,1,25.06864,121.5107,10
500103004,20231005,1084,23,13,1,25.06864,121.5107,10
500103004,20231005,1085,23,13,1,25.06864,121.5107,10
500103004,20231005,1086,23,13,1,25.06864,121.5107,10
500103004,20231005,1087,23,13,1,25.06864,121.5107,10
500103004,20231005,1088,23,13,1,25.06864,121.5107,10
500103004,20231005,1089,23,13,1,25.06864,121.5107,10
500103004,20231005,1090,23,12,1,25.06864,121.5107,11
500103004,20231005,1091,23,11,1,25.06864,121.5107,12
500103004,20231005,1092,23,12,1,25.06864,121.5107,11
500103004,20231005,1093,23,12,1,25.06864,121.5107,11
500103004,20231005,1094,23,12,1,25.06864,121.5107,11
500103004,20231005,1095,23,12,1,25.06864,121.5107,11
500103004,20231005,1096,23,12,1,25.06864,121.5107,11
500103004,20231005,1097,23,12,1,25.06864,121.5107,11
500103004,20231005,1098,23,12,1,25.06864,121.5107,11
500103004,20231005,1099,23,12,1,25.06864,121.5107,11
500103004,20231005,1101,23,12,1,25.06864,121.5107,11
500103004,20231005,1102,23,11,1,25.06864,121.5107,12
500103004,20231005,1104,23,11,1,25.06864,121.5107,12
500103004,20231005,1105,23,11,1,25.06864,121.5107,12
500103004,20231005,1106,23,11,1,25.06864,121.5107,12
500103004,20231005,1107,23,11,1,25.06864,121.5107,12
500103004,20231005,1108,23,11,1,25.06864,121.5107,12
500103004,20231005,1109,23,11,1,25.06864,121.5107,12
500103004,20231005,1110,23,11,1,25.06864,121.5107,12
500103004,20231005,1111,23,10,1,25.06864,121.5107,13
500103004,20231005,1112,23,10,1,25.06864,121.5107,13
500103004,20231005,1113,23,9,1,25.06864,121.5107,14
500103004,20231005,1114,23,9,1,25.06864,121.5107,14
500103004,20231005,1115,23,9,1,25.06864,121.5107,14
500103004,20231005,1116,23,9,1,25.06864,121.5107,14
500103004,20231005,1117,23,10,1,25.06864,121.5107,13
500103004,20231005,1118,23,10,1,25.06864,121.5107,13
500103004,20231005,1119,23,10,1,25.06864,121.5107,13
500103004,20231005,1120,23,10,1,25.06864,121.5107,13
500103004,20231005,1121,23,10,1,25.06864,121.5107,13
500103004,20231005,1122,23,10,1,25.06864,121.5107,13
500103004,20231005,1123,23,10,1,25.06864,121.5107,13
500103004,20231005,1124,23,10,1,25.06864,121.5107,13
500103004,20231005,1125,23,11,1,25.06864,121.5107,12
500103004,20231005,1126,23,11,1,25.06864,121.5107,12
500103004,20231005,1127,23,11,1,25.06864,121.5107,12
500103004,20231005,1128,23,11,1,25.06864,121.5107,12
500103004,20231005,1129,23,11,1,25.06864,121.5107,12
500103004,20231005,1130,23,11,1,25.06864,121.5107,12
500103004,20231005,1131,23,11,1,25.06864,121.5107,12
500103004,20231005,1132,23,11,1,25.06864,121.5107,12
500103004,20231005,1133,23,10,1,25.06864,121.5107,13
500103004,20231005,1134,23,10,1,25.06864,121.5107,13
500103004,20231005,1135,23,10,1,25.06864,121.5107,13
500103004,20231005,1136,23,10,1,25.06864,121.5107,13
500103004,20231005,1137,23,10,1,25.06864,121.5107,13
500103004,20231005,1138,23,10,1,25.06864,121.5107,13
500103004,20231005,1139,23,10,1,25.06864,121.5107,13
500103004,20231005,1141,23,10,1,25.06864,121.5107,13
500103004,20231005,1142,23,10,1,25.06864,121.5107,13
500103004,20231005,1143,23,10,1,25.06864,121.5107,13
500103004,20231005,1144,23,10,1,25.06864,121.5107,13
500103004,20231005,1145,23,10,1,25.06864,121.5107,13
500103004,20231005,1146,23,10,1,25.06864,121.5107,13
500103004,20231005,1147,23,10,1,25.06864,121.5107,13
500103004,20231005,1148,23,10,1,25.06864,121.5107,13
500103004,20231005,1149,23,10,1,25.06864,121.5107,13
500103004,20231005,1150,23,10,1,25.06864,121.5107,13
500103004,20231005,1151,23,10,1,25.06864,121.5107,13
500103004,20231005,1152,23,10,1,25.06864,121.5107,13
500103004,20231005,1153,23,10,1,25.06864,121.5107,13
500103004,20231005,1154,23,10,1,25.06864,121.5107,13
500103004,20231005,1155,23,10,1,25.06864,121.5107,13
500103004,20231005,1156,23,10,1,25.06864,121.5107,13
500103004,20231005,1157,23,10,1,25.06864,121.5107,13
500103004,20231005,1158,23,11,1,25.06864,121.5107,12
500103004,20231005,1159,23,10,1,25.06864,121.5107,13
500103004,20231005,1161,23,10,1,25.06864,121.5107,13
500103004,20231005,1162,23,10,1,25.06864,121.5107,13
500103004,20231005,1163,23,10,1,25.06864,121.5107,13
500103004,20231005,1164,23,10,1,25.06864,121.5107,13
500103004,20231005,1165,23,10,1,25.06864,121.5107,13
500103004,20231005,1166,23,11,1,25.06864,121.5107,12
500103004,20231005,1167,23,10,1,25.06864,121.5107,13
500103004,20231005,1168,23,10,1,25.06864,121.5107,13
500103004,20231005,1169,23,9,1,25.06864,121.5107,14
500103004,20231005,1170,23,9,1,25.06864,121.5107,14
500103004,20231005,1171,23,9,1,25.06864,121.5107,14
500103004,20231005,1172,23,9,1,25.06864,121.5107,14
500103004,20231005,1173,23,9,1,25.06864,121.5107,14
500103004,20231005,1174,23,9,1,25.06864,121.5107,14
500103004,20231005,1175,23,9,1,25.06864,121.5107,14
500103004,20231005,1176,23,9,1,25.06864,121.5107,14
500103004,20231005,1177,23,9,1,25.06864,121.5107,14
500103004,20231005,1178,23,9,1,25.06864,121.5107,14
500103004,20231005,1179,23,8,1,25.06864,121.5107,15
500103004,20231005,1180,23,8,1,25.06864,121.5107,15
500103004,20231005,1181,23,8,1,25.06864,121.5107,15
500103004,20231005,1182,23,8,1,25.06864,121.5107,15
500103004,20231005,1183,23,7,1,25.06864,121.5107,16
500103004,20231005,1184,23,6,1,25.06864,121.5107,17
500103004,20231005,1185,23,6,1,25.06864,121.5107,17
500103004,20231005,1186,23,6,1,25.06864,121.5107,17
500103004,20231005,1187,23,6,1,25.06864,121.5107,17
500103004,20231005,1188,23,6,1,25.06864,121.5107,17
500103004,20231005,1189,23,6,1,25.06864,121.5107,17
500103004,20231005,1190,23,6,1,25.06864,121.5107,17
500103004,20231005,1191,23,6,1,25.06864,121.5107,17
500103004,20231005,1192,23,6,1,25.06864,121.5107,17
500103004,20231005,1193,23,6,1,25.06864,121.5107,17
500103004,20231005,1194,23,6,1,25.06864,121.5107,17
500103004,20231005,1195,23,6,1,25.06864,121.5107,17
500103004,20231005,1196,23,8,1,25.06864,121.5107,15
500103004,20231005,1197,23,10,1,25.06864,121.5107,13
500103004,20231005,1198,23,14,1,25.06864,121.5107,9
500103004,20231005,1199,23,18,1,25.06864,121.5107,5
500103004,20231005,1201,23,18,1,25.06864,121.5107,5
500103004,20231005,1202,23,18,1,25.06864,121.5107,5
500103004,20231005,1203,23,18,1,25.06864,121.5107,5
500103004,20231005,1204,23,17,1,25.06864,121.5107,6
500103004,20231005,1205,23,17,1,25.06864,121.5107,6
500103004,20231005,1206,23,16,1,25.06864,121.5107,7
500103004,20231005,1207,23,16,1,25.06864,121.5107,7
500103004,20231005,1208,23,16,1,25.06864,121.5107,7
500103004,20231005,1209,23,15,1,25.06864,121.5107,8
500103004,20231005,1210,23,15,1,25.06864,121.5107,8
500103004,20231005,1211,23,15,1,25.06864,121.5107,8
500103004,20231005,1212,23,15,1,25.06864,121.5107,8
500103004,20231005,1213,23,15,1,25.06864,121.5107,8
500103004,20231005,1214,23,15,1,25.06864,121.5107,8
500103004,20231005,1215,23,15,1,25.06864,121.5107,8
500103004,20231005,1216,23,15,1,25.06864,121.5107,8
500103004,20231005,1217,23,15,1,25.06864,121.5107,8
500103004,20231005,1218,23,15,1,25.06864,121.5107,8
500103004,20231005,1219,23,15,1,25.06864,121.5107,8
500103004,20231005,1221,23,14,1,25.06864,121.5107,9
500103004,20231005,1222,23,14,1,25.06864,121.5107,9
500103004,20231005,1223,23,14,1,25.06864,121.5107,9
500103004,20231005,1224,23,14,1,25.06864,121.5107,9
500103004,20231005,1225,23,13,1,25.06864,121.5107,10
500103004,20231005,1226,23,13,1,25.06864,121.5107,10
500103004,20231005,1227,23,13,1,25.06864,121.5107,10
500103004,20231005,1228,23,13,1,25.06864,121.5107,10
500103004,20231005,1229,23,13,1,25.06864,121.5107,10
500103004,20231005,1230,23,13,1,25.06864,121.5107,10
500103004,20231005,1231,23,13,1,25.06864,121.5107,10
500103004,20231005,1232,23,13,1,25.06864,121.5107,10
500103004,20231005,1233,23,13,1,25.06864,121.5107,10
500103004,20231005,1234,23,13,1,25.06864,121.5107,10
500103004,20231005,1235,23,13,1,25.06864,121.5107,10
500103004,20231005,1236,23,13,1,25.06864,121.5107,10
500103004,20231005,1237,23,13,1,25.06864,121.5107,10
500103004,20231005,1238,23,13,1,25.06864,121.5107,10
500103004,20231005,1239,23,13,1,25.06864,121.5107,10
500103004,20231005,1240,23,13,1,25.06864,121.5107,10
500103004,20231005,1241,23,13,1,25.06864,121.5107,10
500103004,20231005,1242,23,13,1,25.06864,121.5107,10
500103004,20231005,1243,23,13,1,25.06864,121.5107,10
500103004,20231005,1244,23,12,1,25.06864,121.5107,11
500103004,20231005,1245,23,12,1,25.06864,121.5107,11
500103004,20231005,1246,23,12,1,25.06864,121.5107,11
500103004,20231005,1247,23,11,1,25.06864,121.5107,12
500103004,20231005,1248,23,11,1,25.06864,121.5107,12
500103004,20231005,1249,23,11,1,25.06864,121.5107,12
500103004,20231005,1250,23,11,1,25.06864,121.5107,12
500103004,20231005,1251,23,11,1,25.06864,121.5107,12
500103004,20231005,1252,23,11,1,25.06864,121.5107,12
500103004,20231005,1253,23,12,1,25.06864,121.5107,11
500103004,20231005,1254,23,12,1,25.06864,121.5107,11
500103004,20231005,1255,23,12,1,25.06864,121.5107,11
500103004,20231005,1256,23,12,1,25.06864,121.5107,11
500103004,20231005,1257,23,12,1,25.06864,121.5107,11
500103004,20231005,1258,23,12,1,25.06864,121.5107,11
500103004,20231005,1259,23,12,1,25.06864,121.5107,11
500103004,20231005,1261,23,12,1,25.06864,121.5107,11
500103004,20231005,1262,23,12,1,25.06864,121.5107,11
500103004,20231005,1263,23,12,1,25.06864,121.5107,11
500103004,20231005,1264,23,12,1,25.06864,121.5107,11
500103004,20231005,1265,23,12,1,25.06864,121.5107,11
500103004,20231005,1266,23,12,1,25.06864,121.5107,11
500103004,20231005,1267,23,12,1,25.06864,121.5107,11
500103004,20231005,1268,23,12,1,25.06864,121.5107,11
500103004,20231005,1269,23,11,1,25.06864,121.5107,12
500103004,20231005,1270,23,11,1,25.06864,121.5107,12
500103004,20231005,1271,23,11,1,25.06864,121.5107,12
500103004,20231005,1272,23,11,1,25.06864,121.5107,12
500103004,20231005,1273,23,11,1,25.06864,121.5107,12
500103004,20231005,1274,23,11,1,25.06864,121.5107,12
500103004,20231005,1275,23,11,1,25.06864,121.5107,12
500103004,20231005,1276,23,11,1,25.06864,121.5107,12
500103004,20231005,1277,23,11,1,25.06864,121.5107,12
500103004,20231005,1278,23,11,1,25.06864,121.5107,12
500103004,20231005,1279,23,11,1,25.06864,121.5107,12
500103004,20231005,1281,23,8,1,25.06864,121.5107,15
500103004,20231005,1282,23,8,1,25.06864,121.5107,15
500103004,20231005,1283,23,8,1,25.06864,121.5107,15
500103004,20231005,1284,23,8,1,25.06864,121.5107,15
500103004,20231005,1285,23,8,1,25.06864,121.5107,15
500103004,20231005,1286,23,7,1,25.06864,121.5107,16
500103004,20231005,1287,23,7,1,25.06864,121.5107,16
500103004,20231005,1288,23,7,1,25.06864,121.5107,16
500103004,20231005,1289,23,7,1,25.06864,121.5107,16
500103004,20231005,1290,23,7,1,25.06864,121.5107,16
500103004,20231005,1291,23,7,1,25.06864,121.5107,16
500103004,20231005,1292,23,5,1,25.06864,121.5107,18
500103004,20231005,1293,23,5,1,25.06864,121.5107,18
500103004,20231005,1294,23,5,1,25.06864,121.5107,18
500103004,20231005,1295,23,5,1,25.06864,121.5107,18
500103004,20231005,1296,23,5,1,25.06864,121.5107,18
500103004,20231005,1297,23,5,1,25.06864,121.5107,18
500103004,20231005,1298,23,5,1,25.06864,121.5107,18
500103004,20231005,1299,23,5,1,25.06864,121.5107,18
500103004,20231005,1300,23,4,1,25.06864,121.5107,19
500103004,20231005,1301,23,4,1,25.06864,121.5107,19
500103004,20231005,1302,23,3,1,25.06864,121.5107,20
500103004,20231005,1303,23,3,1,25.06864,121.5107,20
500103004,20231005,1304,23,3,1,25.06864,121.5107,20
500103004,20231005,1305,23,3,1,25.06864,121.5107,20
500103004,20231005,1306,23,3,1,25.06864,121.5107,20
500103004,20231005,1307,23,3,1,25.06864,121.5107,20
500103004,20231005,1308,23,3,1,25.06864,121.5107,20
500103004,20231005,1309,23,3,1,25.06864,121.5107,20
500103004,20231005,1310,23,3,1,25.06864,121.5107,20
500103004,20231005,1311,23,3,1,25.06864,121.5107,20
500103004,20231005,1312,23,3,1,25.06864,121.5107,20
500103004,20231005,1313,23,3,1,25.06864,121.5107,20
500103004,20231005,1314,23,3,1,25.06864,121.5107,20
500103004,20231005,1315,23,2,1,25.06864,121.5107,21
500103004,20231005,1316,23,2,1,25.06864,121.5107,21
500103004,20231005,1317,23,2,1,25.06864,121.5107,21
500103004,20231005,1318,23,2,1,25.06864,121.5107,21
500103004,20231005,1319,23,2,1,25.06864,121.5107,21
500103004,20231005,1321,23,2,1,25.06864,121.5107,21
500103004,20231005,1322,23,2,1,25.06864,121.5107,21
500103004,20231005,1323,23,2,1,25.06864,121.5107,21
500103004,20231005,1324,23,1,1,25.06864,121.5107,22
500103004,20231005,1325,23,1,1,25.06864,121.5107,22
500103004,20231005,1326,23,1,1,25.06864,121.5107,22
500103004,20231005,1327,23,1,1,25.06864,121.5107,22
500103004,20231005,1328,23,1,1,25.06864,121.5107,22
500103004,20231005,1329,23,0,1,25.06864,121.5107,23
500103004,20231005,1330,23,0,1,25.06864,121.5107,23
500103004,20231005,1331,23,0,1,25.06864,121.5107,23
500103004,20231005,1332,23,0,1,25.06864,121.5107,23
500103004,20231005,1333,23,0,1,25.06864,121.5107,23
500103004,20231005,1334,23,0,1,25.06864,121.5107,23
500103004,20231005,1335,23,0,1,25.06864,121.5107,23
500103004,20231005,1336,23,0,1,25.06864,121.5107,23
500103004,20231005,1337,23,0,1,25.06864,121.5107,23
500103004,20231005,1338,23,0,1,25.06864,121.5107,23
500103004,20231005,1339,23,0,1,25.06864,121.5107,23
500103004,20231005,1341,23,0,1,25.06864,121.5107,23
500103004,20231005,1342,23,0,1,25.06864,121.5107,23
500103004,20231005,1343,23,0,1,25.06864,121.5107,23
500103004,20231005,1344,23,0,1,25.06864,121.5107,23
500103004,20231005,1345,23,1,1,25.06864,121.5107,22
500103004,20231005,1346,23,2,1,25.06864,121.5107,21
500103004,20231005,1347,23,2,1,25.06864,121.5107,21
500103004,20231005,1348,23,3,1,25.06864,121.5107,20
500103004,20231005,1349,23,4,1,25.06864,121.5107,19
500103004,20231005,1350,23,4,1,25.06864,121.5107,19
500103004,20231005,1351,23,4,1,25.06864,121.5107,19
500103004,20231005,1352,23,3,1,25.06864,121.5107,20
500103004,20231005,1353,23,3,1,25.06864,121.5107,20
500103004,20231005,1354,23,3,1,25.06864,121.5107,20
500103004,20231005,1355,23,3,1,25.06864,121.5107,20
500103004,20231005,1356,23,3,1,25.06864,121.5107,20
500103004,20231005,1357,23,3,1,25.06864,121.5107,20
500103004,20231005,1358,23,4,1,25.06864,121.5107,19
500103004,20231005,1359,23,4,1,25.06864,121.5107,19
500103004,20231005,1360,23,4,1,25.06864,121.5107,19
500103004,20231005,1361,23,3,1,25.06864,121.5107,20
500103004,20231005,1362,23,3,1,25.06864,121.5107,20
500103004,20231005,1363,23,3,1,25.06864,121.5107,20
500103004,20231005,1364,23,3,1,25.06864,121.5107,20
500103004,20231005,1365,23,3,1,25.06864,121.5107,20
500103004,20231005,1366,23,3,1,25.06864,121.5107,20
500103004,20231005,1367,23,3,1,25.06864,121.5107,20
500103004,20231005,1368,23,3,1,25.06864,121.5107,20
500103004,20231005,1369,23,2,1,25.06864,121.5107,21
500103004,20231005,1370,23,2,1,25.06864,121.5107,21
500103004,20231005,1371,23,2,1,25.06864,121.5107,21
500103004,20231005,1372,23,1,1,25.06864,121.5107,22
500103004,20231005,1373,23,1,1,25.06864,121.5107,22
500103004,20231005,1374,23,1,1,25.06864,121.5107,22
500103004,20231005,1375,23,1,1,25.06864,121.5107,22
500103004,20231005,1376,23,1,1,25.06864,121.5107,22
500103004,20231005,1377,23,1,1,25.06864,121.5107,22
500103004,20231005,1378,23,1,1,25.06864,121.5107,22
500103004,20231005,1379,23,1,1,25.06864,121.5107,22
500103004,20231005,1381,23,1,1,25.06864,121.5107,22
500103004,20231005,1382,23,1,1,25.06864,121.5107,22
500103004,20231005,1383,23,1,1,25.06864,121.5107,22
500103004,20231005,1384,23,1,1,25.06864,121.5107,22
500103004,20231005,1385,23,1,1,25.06864,121.5107,22
500103004,20231005,1386,23,1,1,25.06864,121.5107,22
500103004,20231005,1387,23,0,1,25.06864,121.5107,23
500103004,20231005,1388,23,1,1,25.06864,121.5107,22
500103004,20231005,1389,23,1,1,25.06864,121.5107,22
500103004,20231005,1390,23,1,1,25.06864,121.5107,22
500103004,20231005,1391,23,0,1,25.06864,121.5107,23
500103004,20231005,1392,23,0,1,25.06864,121.5107,23
500103004,20231005,1393,23,0,1,25.06864,121.5107,23
500103004,20231005,1394,23,0,1,25.06864,121.5107,23
500103004,20231005,1395,23,0,1,25.06864,121.5107,23
500103004,20231005,1396,23,0,1,25.06864,121.5107,23
500103004,20231005,1397,23,0,1,25.06864,121.5107,23
500103004,20231005,1398,23,0,1,25.06864,121.5107,23
500103004,20231005,1399,23,0,1,25.06864,121.5107,23
500103004,20231005,1401,23,0,1,25.06864,121.5107,23
500103004,20231005,1402,23,0,1,25.06864,121.5107,23
500103004,20231005,1403,23,0,1,25.06864,121.5107,23
500103004,20231005,1404,23,0,1,25.06864,121.5107,23
500103004,20231005,1405,23,0,1,25.06864,121.5107,23
500103004,20231005,1406,23,0,1,25.06864,121.5107,23
500103004,20231005,1408,23,0,1,25.06864,121.5107,23
500103004,20231005,1409,23,0,1,25.06864,121.5107,23
500103004,20231005,1410,23,0,1,25.06864,121.5107,23
500103004,20231005,1411,23,0,1,25.06864,121.5107,23
500103004,20231005,1412,23,0,1,25.06864,121.5107,23
500103004,20231005,1413,23,0,1,25.06864,121.5107,23
500103004,20231005,1414,23,0,1,25.06864,121.5107,23
500103004,20231005,1415,23,0,1,25.06864,121.5107,23
500103004,20231005,1416,23,0,1,25.06864,121.5107,23
500103004,20231005,1417,23,0,1,25.06864,121.5107,23
500103004,20231005,1418,23,0,1,25.06864,121.5107,23
500103004,20231005,1419,23,0,1,25.06864,121.5107,23
500103004,20231005,1420,23,0,1,25.06864,121.5107,23
500103004,20231005,1421,23,0,1,25.06864,121.5107,23
500103004,20231005,1422,23,0,1,25.06864,121.5107,23
500103004,20231005,1423,23,0,1,25.06864,121.5107,23
500103004,20231005,1424,23,0,1,25.06864,121.5107,23
500103004,20231005,1425,23,0,1,25.06864,121.5107,23
500103004,20231005,1426,23,0,1,25.06864,121.5107,23
500103004,20231005,1427,23,0,1,25.06864,121.5107,23
500103004,20231005,1428,23,0,1,25.06864,121.5107,23
500103004,20231005,1429,23,0,1,25.06864,121.5107,23
500103004,20231005,1430,23,0,1,25.06864,121.5107,23
500103004,20231005,1431,23,0,1,25.06864,121.5107,23
500103004,20231005,1432,23,0,1,25.06864,121.5107,23
500103004,20231005,1433,23,0,1,25.06864,121.5107,23
500103004,20231005,1434,23,0,1,25.06864,121.5107,23
500103004,20231005,1435,23,0,1,25.06864,121.5107,23
500103004,20231005,1436,23,0,1,25.06864,121.5107,23
500103004,20231005,1437,23,0,1,25.06864,121.5107,23
500103004,20231005,1438,23,0,1,25.06864,121.5107,23
500103004,20231005,1439,23,0,1,25.06864,121.5107,23
500103004,20231006,1,23,0,1,25.06864,121.5107,23
500103004,20231006,2,23,0,1,25.06864,121.5107,23
500103004,20231006,3,23,1,1,25.06864,121.5107,22
500103004,20231006,4,23,1,1,25.06864,121.5107,22
500103004,20231006,5,23,1,1,25.06864,121.5107,22
500103004,20231006,6,23,1,1,25.06864,121.5107,22
500103004,20231006,7,23,1,1,25.06864,121.5107,22
500103004,20231006,8,23,1,1,25.06864,121.5107,22
500103004,20231006,9,23,1,1,25.06864,121.5107,22
500103004,20231006,10,23,1,1,25.06864,121.5107,22
500103004,20231006,11,23,1,1,25.06864,121.5107,22
500103004,20231006,12,23,1,1,25.06864,121.5107,22
500103004,20231006,13,23,1,1,25.06864,121.5107,22
500103004,20231006,14,23,1,1,25.06864,121.5107,22
500103004,20231006,15,23,1,1,25.06864,121.5107,22
500103004,20231006,16,23,1,1,25.06864,121.5107,22
500103004,20231006,17,23,1,1,25.06864,121.5107,22
500103004,20231006,18,23,1,1,25.06864,121.5107,22
500103004,20231006,19,23,1,1,25.06864,121.5107,22
500103004,20231006,21,23,0,1,25.06864,121.5107,23
500103004,20231006,22,23,0,1,25.06864,121.5107,23
500103004,20231006,23,23,0,1,25.06864,121.5107,23
500103004,20231006,24,23,0,1,25.06864,121.5107,23
500103004,20231006,25,23,0,1,25.06864,121.5107,23
500103004,20231006,26,23,0,1,25.06864,121.5107,23
500103004,20231006,27,23,0,1,25.06864,121.5107,23
500103004,20231006,28,23,0,1,25.06864,121.5107,23
500103004,20231006,29,23,0,1,25.06864,121.5107,23
500103004,20231006,30,23,0,1,25.06864,121.5107,23
500103004,20231006,31,23,0,1,25.06864,121.5107,23
500103004,20231006,32,23,0,1,25.06864,121.5107,23
500103004,20231006,33,23,0,1,25.06864,121.5107,23
500103004,20231006,34,23,0,1,25.06864,121.5107,23
500103004,20231006,35,23,0,1,25.06864,121.5107,23
500103004,20231006,36,23,0,1,25.06864,121.5107,23
500103004,20231006,37,23,0,1,25.06864,121.5107,23
500103004,20231006,38,23,1,1,25.06864,121.5107,22
500103004,20231006,39,23,1,1,25.06864,121.5107,22
500103004,20231006,40,23,1,1,25.06864,121.5107,22
500103004,20231006,41,23,1,1,25.06864,121.5107,22
500103004,20231006,42,23,1,1,25.06864,121.5107,22
500103004,20231006,43,23,1,1,25.06864,121.5107,22
500103004,20231006,44,23,1,1,25.06864,121.5107,22
500103004,20231006,45,23,1,1,25.06864,121.5107,22
500103004,20231006,46,23,1,1,25.06864,121.5107,22
500103004,20231006,47,23,1,1,25.06864,121.5107,22
500103004,20231006,48,23,1,1,25.06864,121.5107,22
500103004,20231006,49,23,1,1,25.06864,121.5107,22
500103004,20231006,50,23,1,1,25.06864,121.5107,22
500103004,20231006,51,23,1,1,25.06864,121.5107,22
500103004,20231006,52,23,1,1,25.06864,121.5107,22
500103004,20231006,53,23,1,1,25.06864,121.5107,22
500103004,20231006,54,23,1,1,25.06864,121.5107,22
500103004,20231006,55,23,1,1,25.06864,121.5107,22
500103004,20231006,56,23,1,1,25.06864,121.5107,22
500103004,20231006,57,23,1,1,25.06864,121.5107,22
500103004,20231006,58,23,1,1,25.06864,121.5107,22
500103004,20231006,59,23,1,1,25.06864,121.5107,22
500103004,20231006,61,23,1,1,25.06864,121.5107,22
500103004,20231006,62,23,1,1,25.06864,121.5107,22
500103004,20231006,63,23,1,1,25.06864,121.5107,22
500103004,20231006,64,23,1,1,25.06864,121.5107,22
500103004,20231006,65,23,1,1,25.06864,121.5107,22
500103004,20231006,66,23,1,1,25.06864,121.5107,22
500103004,20231006,67,23,1,1,25.06864,121.5107,22
500103004,20231006,68,23,1,1,25.06864,121.5107,22
500103004,20231006,69,23,1,1,25.06864,121.5107,22
500103004,20231006,70,23,1,1,25.06864,121.5107,22
500103004,20231006,71,23,1,1,25.06864,121.5107,22
500103004,20231006,72,23,1,1,25.06864,121.5107,22
500103004,20231006,73,23,1,1,25.06864,121.5107,22
500103004,20231006,74,23,1,1,25.06864,121.5107,22
500103004,20231006,75,23,1,1,25.06864,121.5107,22
500103004,20231006,76,23,1,1,25.06864,121.5107,22
500103004,20231006,77,23,1,1,25.06864,121.5107,22
500103004,20231006,78,23,1,1,25.06864,121.5107,22
500103004,20231006,79,23,1,1,25.06864,121.5107,22
500103004,20231006,81,23,1,1,25.06864,121.5107,22
500103004,20231006,82,23,1,1,25.06864,121.5107,22
500103004,20231006,83,23,1,1,25.06864,121.5107,22
500103004,20231006,84,23,1,1,25.06864,121.5107,22
500103004,20231006,85,23,1,1,25.06864,121.5107,22
500103004,20231006,86,23,1,1,25.06864,121.5107,22
500103004,20231006,87,23,1,1,25.06864,121.5107,22
500103004,20231006,88,23,1,1,25.06864,121.5107,22
500103004,20231006,89,23,1,1,25.06864,121.5107,22
500103004,20231006,90,23,1,1,25.06864,121.5107,22
500103004,20231006,91,23,1,1,25.06864,121.5107,22
500103004,20231006,92,23,1,1,25.06864,121.5107,22
500103004,20231006,93,23,1,1,25.06864,121.5107,22
500103004,20231006,94,23,1,1,25.06864,121.5107,22
500103004,20231006,95,23,1,1,25.06864,121.5107,22
500103004,20231006,96,23,1,1,25.06864,121.5107,22
500103004,20231006,97,23,1,1,25.06864,121.5107,22
500103004,20231006,98,23,1,1,25.06864,121.5107,22
500103004,20231006,99,23,1,1,25.06864,121.5107,22
500103004,20231006,100,23,1,1,25.06864,121.5107,22
500103004,20231006,101,23,1,1,25.06864,121.5107,22
500103004,20231006,102,23,3,1,25.06864,121.5107,20
500103004,20231006,103,23,5,1,25.06864,121.5107,18
500103004,20231006,104,23,5,1,25.06864,121.5107,18
500103004,20231006,105,23,5,1,25.06864,121.5107,18
500103004,20231006,106,23,5,1,25.06864,121.5107,18
500103004,20231006,107,23,5,1,25.06864,121.5107,18
500103004,20231006,108,23,5,1,25.06864,121.5107,18
500103004,20231006,109,23,5,1,25.06864,121.5107,18
500103004,20231006,110,23,5,1,25.06864,121.5107,18
500103004,20231006,111,23,5,1,25.06864,121.5107,18
500103004,20231006,112,23,5,1,25.06864,121.5107,18
500103004,20231006,113,23,5,1,25.06864,121.5107,18
500103004,20231006,114,23,5,1,25.06864,121.5107,18
500103004,20231006,115,23,5,1,25.06864,121.5107,18
500103004,20231006,116,23,5,1,25.06864,121.5107,18
500103004,20231006,117,23,5,1,25.06864,121.5107,18
500103004,20231006,118,23,5,1,25.06864,121.5107,18
500103004,20231006,119,23,5,1,25.06864,121.5107,18
500103004,20231006,121,23,5,1,25.06864,121.5107,18
500103004,20231006,122,23,5,1,25.06864,121.5107,18
500103004,20231006,123,23,5,1,25.06864,121.5107,18
500103004,20231006,124,23,5,1,25.06864,121.5107,18
500103004,20231006,125,23,5,1,25.06864,121.5107,18
500103004,20231006,126,23,5,1,25.06864,121.5107,18
500103004,20231006,127,23,5,1,25.06864,121.5107,18
500103004,20231006,128,23,5,1,25.06864,121.5107,18
500103004,20231006,129,23,5,1,25.06864,121.5107,18
500103004,20231006,130,23,5,1,25.06864,121.5107,18
500103004,20231006,131,23,5,1,25.06864,121.5107,18
500103004,20231006,132,23,5,1,25.06864,121.5107,18
500103004,20231006,133,23,5,1,25.06864,121.5107,18
500103004,20231006,134,23,5,1,25.06864,121.5107,18
500103004,20231006,135,23,5,1,25.06864,121.5107,18
500103004,20231006,136,23,5,1,25.06864,121.5107,18
500103004,20231006,137,23,5,1,25.06864,121.5107,18
500103004,20231006,138,23,5,1,25.06864,121.5107,18
500103004,20231006,139,23,5,1,25.06864,121.5107,18
500103004,20231006,141,23,5,1,25.06864,121.5107,18
500103004,20231006,142,23,5,1,25.06864,121.5107,18
500103004,20231006,143,23,5,1,25.06864,121.5107,18
500103004,20231006,144,23,5,1,25.06864,121.5107,18
500103004,20231006,145,23,5,1,25.06864,121.5107,18
500103004,20231006,146,23,5,1,25.06864,121.5107,18
500103004,20231006,147,23,5,1,25.06864,121.5107,18
500103004,20231006,148,23,5,1,25.06864,121.5107,18
500103004,20231006,149,23,5,1,25.06864,121.5107,18
500103004,20231006,150,23,5,1,25.06864,121.5107,18
500103004,20231006,151,23,5,1,25.06864,121.5107,18
500103004,20231006,152,23,5,1,25.06864,121.5107,18
500103004,20231006,153,23,5,1,25.06864,121.5107,18
500103004,20231006,154,23,5,1,25.06864,121.5107,18
500103004,20231006,155,23,5,1,25.06864,121.5107,18
500103004,20231006,156,23,5,1,25.06864,121.5107,18
500103004,20231006,157,23,5,1,25.06864,121.5107,18
500103004,20231006,158,23,5,1,25.06864,121.5107,18
500103004,20231006,159,23,5,1,25.06864,121.5107,18
500103004,20231006,160,23,5,1,25.06864,121.5107,18
500103004,20231006,161,23,5,1,25.06864,121.5107,18
500103004,20231006,162,23,5,1,25.06864,121.5107,18
500103004,20231006,163,23,5,1,25.06864,121.5107,18
500103004,20231006,164,23,5,1,25.06864,121.5107,18
500103004,20231006,165,23,4,1,25.06864,121.5107,19
500103004,20231006,166,23,4,1,25.06864,121.5107,19
500103004,20231006,167,23,4,1,25.06864,121.5107,19
500103004,20231006,168,23,4,1,25.06864,121.5107,19
500103004,20231006,169,23,4,1,25.06864,121.5107,19
500103004,20231006,170,23,4,1,25.06864,121.5107,19
500103004,20231006,171,23,4,1,25.06864,121.5107,19
500103004,20231006,172,23,4,1,25.06864,121.5107,19
500103004,20231006,173,23,4,1,25.06864,121.5107,19
500103004,20231006,174,23,4,1,25.06864,121.5107,19
500103004,20231006,175,23,4,1,25.06864,121.5107,19
500103004,20231006,176,23,4,1,25.06864,121.5107,19
500103004,20231006,177,23,4,1,25.06864,121.5107,19
500103004,20231006,178,23,4,1,25.06864,121.5107,19
500103004,20231006,179,23,4,1,25.06864,121.5107,19
500103004,20231006,180,23,4,1,25.06864,121.5107,19
500103004,20231006,181,23,4,1,25.06864,121.5107,19
500103004,20231006,182,23,4,1,25.06864,121.5107,19
500103004,20231006,183,23,4,1,25.06864,121.5107,19
500103004,20231006,184,23,4,1,25.06864,121.5107,19
500103004,20231006,185,23,4,1,25.06864,121.5107,19
500103004,20231006,186,23,4,1,25.06864,121.5107,19
500103004,20231006,187,23,4,1,25.06864,121.5107,19
500103004,20231006,188,23,4,1,25.06864,121.5107,19
500103004,20231006,189,23,4,1,25.06864,121.5107,19
500103004,20231006,190,23,4,1,25.06864,121.5107,19
500103004,20231006,191,23,4,1,25.06864,121.5107,19
500103004,20231006,192,23,4,1,25.06864,121.5107,19
500103004,20231006,193,23,4,1,25.06864,121.5107,19
500103004,20231006,194,23,4,1,25.06864,121.5107,19
500103004,20231006,195,23,4,1,25.06864,121.5107,19
500103004,20231006,196,23,4,1,25.06864,121.5107,19
500103004,20231006,197,23,4,1,25.06864,121.5107,19
500103004,20231006,198,23,4,1,25.06864,121.5107,19
500103004,20231006,199,23,4,1,25.06864,121.5107,19
500103004,20231006,201,23,4,1,25.06864,121.5107,19
500103004,20231006,202,23,4,1,25.06864,121.5107,19
500103004,20231006,203,23,4,1,25.06864,121.5107,19
500103004,20231006,204,23,4,1,25.06864,121.5107,19
500103004,20231006,205,23,4,1,25.06864,121.5107,19
500103004,20231006,206,23,4,1,25.06864,121.5107,19
500103004,20231006,207,23,4,1,25.06864,121.5107,19
500103004,20231006,208,23,4,1,25.06864,121.5107,19
500103004,20231006,209,23,4,1,25.06864,121.5107,19
500103004,20231006,210,23,4,1,25.06864,121.5107,19
500103004,20231006,211,23,4,1,25.06864,121.5107,19
500103004,20231006,212,23,4,1,25.06864,121.5107,19
500103004,20231006,213,23,4,1,25.06864,121.5107,19
500103004,20231006,214,23,4,1,25.06864,121.5107,19
500103004,20231006,215,23,4,1,25.06864,121.5107,19
500103004,20231006,216,23,4,1,25.06864,121.5107,19
500103004,20231006,217,23,4,1,25.06864,121.5107,19
500103004,20231006,218,23,4,1,25.06864,121.5107,19
500103004,20231006,219,23,4,1,25.06864,121.5107,19
500103004,20231006,220,23,4,1,25.06864,121.5107,19
500103004,20231006,221,23,4,1,25.06864,121.5107,19
500103004,20231006,222,23,4,1,25.06864,121.5107,19
500103004,20231006,223,23,4,1,25.06864,121.5107,19
500103004,20231006,224,23,4,1,25.06864,121.5107,19
500103004,20231006,225,23,4,1,25.06864,121.5107,19
500103004,20231006,226,23,4,1,25.06864,121.5107,19
500103004,20231006,227,23,4,1,25.06864,121.5107,19
500103004,20231006,228,23,4,1,25.06864,121.5107,19
500103004,20231006,229,23,4,1,25.06864,121.5107,19
500103004,20231006,230,23,4,1,25.06864,121.5107,19
500103004,20231006,231,23,4,1,25.06864,121.5107,19
500103004,20231006,232,23,4,1,25.06864,121.5107,19
500103004,20231006,233,23,4,1,25.06864,121.5107,19
500103004,20231006,234,23,4,1,25.06864,121.5107,19
500103004,20231006,235,23,4,1,25.06864,121.5107,19
500103004,20231006,236,23,4,1,25.06864,121.5107,19
500103004,20231006,237,23,4,1,25.06864,121.5107,19
500103004,20231006,238,23,4,1,25.06864,121.5107,19
500103004,20231006,239,23,4,1,25.06864,121.5107,19
500103004,20231006,241,23,4,1,25.06864,121.5107,19
500103004,20231006,242,23,4,1,25.06864,121.5107,19
500103004,20231006,243,23,4,1,25.06864,121.5107,19
500103004,20231006,244,23,4,1,25.06864,121.5107,19
500103004,20231006,245,23,4,1,25.06864,121.5107,19
500103004,20231006,246,23,4,1,25.06864,121.5107,19
500103004,20231006,247,23,4,1,25.06864,121.5107,19
500103004,20231006,248,23,4,1,25.06864,121.5107,19
500103004,20231006,249,23,4,1,25.06864,121.5107,19
500103004,20231006,250,23,4,1,25.06864,121.5107,19
500103004,20231006,251,23,4,1,25.06864,121.5107,19
500103004,20231006,252,23,4,1,25.06864,121.5107,19
500103004,20231006,253,23,4,1,25.06864,121.5107,19
500103004,20231006,254,23,4,1,25.06864,121.5107,19
500103004,20231006,255,23,4,1,25.06864,121.5107,19
500103004,20231006,256,23,4,1,25.06864,121.5107,19
500103004,20231006,257,23,4,1,25.06864,121.5107,19
500103004,20231006,258,23,4,1,25.06864,121.5107,19
500103004,20231006,259,23,4,1,25.06864,121.5107,19
500103004,20231006,261,23,4,1,25.06864,121.5107,19
500103004,20231006,262,23,4,1,25.06864,121.5107,19
500103004,20231006,264,23,4,1,25.06864,121.5107,19
500103004,20231006,265,23,4,1,25.06864,121.5107,19
500103004,20231006,266,23,4,1,25.06864,121.5107,19
500103004,20231006,267,23,4,1,25.06864,121.5107,19
500103004,20231006,268,23,4,1,25.06864,121.5107,19
500103004,20231006,269,23,4,1,25.06864,121.5107,19
500103004,20231006,270,23,4,1,25.06864,121.5107,19
500103004,20231006,271,23,4,1,25.06864,121.5107,19
500103004,20231006,272,23,4,1,25.06864,121.5107,19
500103004,20231006,273,23,4,1,25.06864,121.5107,19
500103004,20231006,274,23,4,1,25.06864,121.5107,19
500103004,20231006,275,23,4,1,25.06864,121.5107,19
500103004,20231006,276,23,4,1,25.06864,121.5107,19
500103004,20231006,277,23,4,1,25.06864,121.5107,19
500103004,20231006,278,23,4,1,25.06864,121.5107,19
500103004,20231006,279,23,4,1,25.06864,121.5107,19
500103004,20231006,280,23,4,1,25.06864,121.5107,19
500103004,20231006,281,23,4,1,25.06864,121.5107,19
500103004,20231006,282,23,4,1,25.06864,121.5107,19
500103004,20231006,283,23,4,1,25.06864,121.5107,19
500103004,20231006,284,23,4,1,25.06864,121.5107,19
500103004,20231006,285,23,4,1,25.06864,121.5107,19
500103004,20231006,286,23,4,1,25.06864,121.5107,19
500103004,20231006,287,23,4,1,25.06864,121.5107,19
500103004,20231006,288,23,4,1,25.06864,121.5107,19
500103004,20231006,289,23,4,1,25.06864,121.5107,19
500103004,20231006,290,23,4,1,25.06864,121.5107,19
500103004,20231006,291,23,4,1,25.06864,121.5107,19
500103004,20231006,292,23,4,1,25.06864,121.5107,19
500103004,20231006,293,23,4,1,25.06864,121.5107,19
500103004,20231006,294,23,4,1,25.06864,121.5107,19
500103004,20231006,295,23,4,1,25.06864,121.5107,19
500103004,20231006,296,23,4,1,25.06864,121.5107,19
500103004,20231006,297,23,4,1,25.06864,121.5107,19
500103004,20231006,298,23,4,1,25.06864,121.5107,19
500103004,20231006,299,23,4,1,25.06864,121.5107,19
500103004,20231006,300,23,4,1,25.06864,121.5107,19
500103004,20231006,301,23,4,1,25.06864,121.5107,19
500103004,20231006,302,23,4,1,25.06864,121.5107,19
500103004,20231006,303,23,4,1,25.06864,121.5107,19
500103004,20231006,304,23,4,1,25.06864,121.5107,19
500103004,20231006,305,23,4,1,25.06864,121.5107,19
500103004,20231006,306,23,4,1,25.06864,121.5107,19
500103004,20231006,307,23,4,1,25.06864,121.5107,19
500103004,20231006,308,23,4,1,25.06864,121.5107,19
500103004,20231006,309,23,4,1,25.06864,121.5107,19
500103004,20231006,310,23,4,1,25.06864,121.5107,19
500103004,20231006,311,23,5,1,25.06864,121.5107,18
500103004,20231006,312,23,5,1,25.06864,121.5107,18
500103004,20231006,313,23,5,1,25.06864,121.5107,18
500103004,20231006,314,23,5,1,25.06864,121.5107,18
500103004,20231006,315,23,5,1,25.06864,121.5107,18
500103004,20231006,316,23,6,1,25.06864,121.5107,17
500103004,20231006,317,23,6,1,25.06864,121.5107,17
500103004,20231006,318,23,6,1,25.06864,121.5107,17
500103004,20231006,319,23,6,1,25.06864,121.5107,17
500103004,20231006,321,23,6,1,25.06864,121.5107,17
500103004,20231006,322,23,6,1,25.06864,121.5107,17
500103004,20231006,323,23,6,1,25.06864,121.5107,17
500103004,20231006,324,23,6,1,25.06864,121.5107,17
500103004,20231006,325,23,6,1,25.06864,121.5107,17
500103004,20231006,326,23,6,1,25.06864,121.5107,17
500103004,20231006,327,23,6,1,25.06864,121.5107,17
500103004,20231006,328,23,6,1,25.06864,121.5107,17
500103004,20231006,329,23,6,1,25.06864,121.5107,17
500103004,20231006,330,23,6,1,25.06864,121.5107,17
500103004,20231006,331,23,6,1,25.06864,121.5107,17
500103004,20231006,332,23,6,1,25.06864,121.5107,17
500103004,20231006,333,23,6,1,25.06864,121.5107,17
500103004,20231006,334,23,6,1,25.06864,121.5107,17
500103004,20231006,335,23,6,1,25.06864,121.5107,17
500103004,20231006,336,23,6,1,25.06864,121.5107,17
500103004,20231006,337,23,6,1,25.06864,121.5107,17
500103004,20231006,338,23,6,1,25.06864,121.5107,17
500103004,20231006,339,23,6,1,25.06864,121.5107,17
500103004,20231006,340,23,6,1,25.06864,121.5107,17
500103004,20231006,341,23,6,1,25.06864,121.5107,17
500103004,20231006,342,23,6,1,25.06864,121.5107,17
500103004,20231006,343,23,6,1,25.06864,121.5107,17
500103004,20231006,344,23,6,1,25.06864,121.5107,17
500103004,20231006,345,23,6,1,25.06864,121.5107,17
500103004,20231006,346,23,6,1,25.06864,121.5107,17
500103004,20231006,347,23,6,1,25.06864,121.5107,17
500103004,20231006,348,23,6,1,25.06864,121.5107,17
500103004,20231006,349,23,6,1,25.06864,121.5107,17
500103004,20231006,350,23,5,1,25.06864,121.5107,18
500103004,20231006,351,23,5,1,25.06864,121.5107,18
500103004,20231006,352,23,5,1,25.06864,121.5107,18
500103004,20231006,353,23,4,1,25.06864,121.5107,19
500103004,20231006,354,23,4,1,25.06864,121.5107,19
500103004,20231006,355,23,4,1,25.06864,121.5107,19
500103004,20231006,356,23,4,1,25.06864,121.5107,19
500103004,20231006,357,23,4,1,25.06864,121.5107,19
500103004,20231006,358,23,4,1,25.06864,121.5107,19
500103004,20231006,359,23,4,1,25.06864,121.5107,19
500103004,20231006,360,23,4,1,25.06864,121.5107,19
500103004,20231006,361,23,4,1,25.06864,121.5107,19
500103004,20231006,362,23,4,1,25.06864,121.5107,19
500103004,20231006,363,23,4,1,25.06864,121.5107,19
500103004,20231006,364,23,4,1,25.06864,121.5107,19
500103004,20231006,365,23,4,1,25.06864,121.5107,19
500103004,20231006,366,23,3,1,25.06864,121.5107,20
500103004,20231006,367,23,4,1,25.06864,121.5107,19
500103004,20231006,368,23,4,1,25.06864,121.5107,19
500103004,20231006,369,23,5,1,25.06864,121.5107,18
500103004,20231006,370,23,5,1,25.06864,121.5107,18
500103004,20231006,371,23,5,1,25.06864,121.5107,18
500103004,20231006,372,23,5,1,25.06864,121.5107,18
500103004,20231006,373,23,5,1,25.06864,121.5107,18
500103004,20231006,374,23,5,1,25.06864,121.5107,18
500103004,20231006,375,23,5,1,25.06864,121.5107,18
500103004,20231006,376,23,5,1,25.06864,121.5107,18
500103004,20231006,377,23,5,1,25.06864,121.5107,18
500103004,20231006,378,23,5,1,25.06864,121.5107,18
500103004,20231006,379,23,5,1,25.06864,121.5107,18
500103004,20231006,381,23,5,1,25.06864,121.5107,18
500103004,20231006,382,23,5,1,25.06864,121.5107,18
500103004,20231006,383,23,5,1,25.06864,121.5107,18
500103004,20231006,384,23,6,1,25.06864,121.5107,17
500103004,20231006,385,23,7,1,25.06864,121.5107,16
500103004,20231006,386,23,7,1,25.06864,121.5107,16
500103004,20231006,387,23,7,1,25.06864,121.5107,16
500103004,20231006,388,23,7,1,25.06864,121.5107,16
500103004,20231006,389,23,8,1,25.06864,121.5107,15
500103004,20231006,390,23,8,1,25.06864,121.5107,15
500103004,20231006,391,23,8,1,25.06864,121.5107,15
500103004,20231006,392,23,8,1,25.06864,121.5107,15
500103004,20231006,393,23,8,1,25.06864,121.5107,15
500103004,20231006,394,23,8,1,25.06864,121.5107,15
500103004,20231006,395,23,8,1,25.06864,121.5107,15
500103004,20231006,396,23,8,1,25.06864,121.5107,15
500103004,20231006,397,23,8,1,25.06864,121.5107,15
500103004,20231006,398,23,8,1,25.06864,121.5107,15
500103004,20231006,399,23,9,1,25.06864,121.5107,14
500103004,20231006,400,23,9,1,25.06864,121.5107,14
500103004,20231006,401,23,8,1,25.06864,121.5107,15
500103004,20231006,402,23,8,1,25.06864,121.5107,15
500103004,20231006,403,23,8,1,25.06864,121.5107,15
500103004,20231006,404,23,8,1,25.06864,121.5107,15
500103004,20231006,405,23,8,1,25.06864,121.5107,15
500103004,20231006,406,23,8,1,25.06864,121.5107,15
500103004,20231006,407,23,8,1,25.06864,121.5107,15
500103004,20231006,408,23,8,1,25.06864,121.5107,15
500103004,20231006,409,23,8,1,25.06864,121.5107,15
500103004,20231006,410,23,7,1,25.06864,121.5107,16
500103004,20231006,411,23,7,1,25.06864,121.5107,16
500103004,20231006,412,23,7,1,25.06864,121.5107,16
500103004,20231006,413,23,7,1,25.06864,121.5107,16
500103004,20231006,414,23,8,1,25.06864,121.5107,15
500103004,20231006,415,23,8,1,25.06864,121.5107,15
500103004,20231006,416,23,8,1,25.06864,121.5107,15
500103004,20231006,417,23,8,1,25.06864,121.5107,15
500103004,20231006,418,23,8,1,25.06864,121.5107,15
500103004,20231006,419,23,10,1,25.06864,121.5107,13
500103004,20231006,421,23,11,1,25.06864,121.5107,10
500103004,20231006,422,23,11,1,25.06864,121.5107,10
500103004,20231006,423,23,11,1,25.06864,121.5107,10
500103004,20231006,424,23,12,1,25.06864,121.5107,9
500103004,20231006,425,23,12,1,25.06864,121.5107,9
500103004,20231006,426,23,11,1,25.06864,121.5107,10
500103004,20231006,427,23,11,1,25.06864,121.5107,10
500103004,20231006,428,23,11,1,25.06864,121.5107,10
500103004,20231006,429,23,12,1,25.06864,121.5107,9
500103004,20231006,430,23,11,1,25.06864,121.5107,10
500103004,20231006,431,23,11,1,25.06864,121.5107,10
500103004,20231006,432,23,12,1,25.06864,121.5107,9
500103004,20231006,433,23,12,1,25.06864,121.5107,9
500103004,20231006,434,23,12,1,25.06864,121.5107,9
500103004,20231006,435,23,14,1,25.06864,121.5107,7
500103004,20231006,436,23,14,1,25.06864,121.5107,7
500103004,20231006,437,23,14,1,25.06864,121.5107,7
500103004,20231006,438,23,16,1,25.06864,121.5107,5
500103004,20231006,439,23,16,1,25.06864,121.5107,5
500103004,20231006,441,23,16,1,25.06864,121.5107,5
500103004,20231006,442,23,16,1,25.06864,121.5107,5
500103004,20231006,443,23,16,1,25.06864,121.5107,5
500103004,20231006,444,23,16,1,25.06864,121.5107,5
500103004,20231006,445,23,16,1,25.06864,121.5107,5
500103004,20231006,446,23,16,1,25.06864,121.5107,5
500103004,20231006,447,23,19,1,25.06864,121.5107,2
500103004,20231006,448,23,19,1,25.06864,121.5107,2
500103004,20231006,449,23,19,1,25.06864,121.5107,2
500103004,20231006,451,23,20,1,25.06864,121.5107,1
500103004,20231006,452,23,21,1,25.06864,121.5107,0
500103004,20231006,453,23,21,1,25.06864,121.5107,0
500103004,20231006,454,23,21,1,25.06864,121.5107,0
500103004,20231006,455,23,21,1,25.06864,121.5107,0
500103004,20231006,456,23,21,1,25.06864,121.5107,0
500103004,20231006,457,23,21,1,25.06864,121.5107,0
500103004,20231006,458,23,21,1,25.06864,121.5107,0
500103004,20231006,459,23,21,1,25.06864,121.5107,0
500103004,20231006,460,23,21,1,25.06864,121.5107,0
500103004,20231006,461,23,21,1,25.06864,121.5107,0
500103004,20231006,462,23,21,1,25.06864,121.5107,0
500103004,20231006,463,23,21,1,25.06864,121.5107,0
500103004,20231006,464,23,21,1,25.06864,121.5107,0
500103004,20231006,465,23,20,1,25.06864,121.5107,1
500103004,20231006,466,23,20,1,25.06864,121.5107,1
500103004,20231006,467,23,21,1,25.06864,121.5107,0
500103004,20231006,468,23,21,1,25.06864,121.5107,0
500103004,20231006,469,23,21,1,25.06864,121.5107,0
500103004,20231006,470,23,21,1,25.06864,121.5107,0
500103004,20231006,471,23,21,1,25.06864,121.5107,0
500103004,20231006,472,23,21,1,25.06864,121.5107,0
500103004,20231006,473,23,21,1,25.06864,121.5107,0
500103004,20231006,474,23,21,1,25.06864,121.5107,0
500103004,20231006,475,23,21,1,25.06864,121.5107,0
500103004,20231006,476,23,21,1,25.06864,121.5107,0
500103004,20231006,477,23,21,1,25.06864,121.5107,0
500103004,20231006,478,23,21,1,25.06864,121.5107,0
500103004,20231006,479,23,21,1,25.06864,121.5107,0
500103004,20231006,481,23,21,1,25.06864,121.5107,0
500103004,20231006,482,23,21,1,25.06864,121.5107,0
500103004,20231006,484,23,21,1,25.06864,121.5107,0
500103004,20231006,485,23,21,1,25.06864,121.5107,0
500103004,20231006,486,23,21,1,25.06864,121.5107,0
500103004,20231006,487,23,21,1,25.06864,121.5107,0
500103004,20231006,488,23,21,1,25.06864,121.5107,0
500103004,20231006,489,23,21,1,25.06864,121.5107,0
500103004,20231006,490,23,21,1,25.06864,121.5107,0
500103004,20231006,491,23,21,1,25.06864,121.5107,0
500103004,20231006,492,23,21,1,25.06864,121.5107,0
500103004,20231006,493,23,21,1,25.06864,121.5107,0
500103004,20231006,494,23,21,1,25.06864,121.5107,0
500103004,20231006,495,23,21,1,25.06864,121.5107,0
500103004,20231006,496,23,20,1,25.06864,121.5107,1
500103004,20231006,497,23,20,1,25.06864,121.5107,1
500103004,20231006,498,23,20,1,25.06864,121.5107,1
500103004,20231006,499,23,20,1,25.06864,121.5107,1
500103004,20231006,501,23,21,1,25.06864,121.5107,0
500103004,20231006,502,23,21,1,25.06864,121.5107,0
500103004,20231006,503,23,21,1,25.06864,121.5107,0
500103004,20231006,504,23,21,1,25.06864,121.5107,0
500103004,20231006,505,23,21,1,25.06864,121.5107,0
500103004,20231006,506,23,21,1,25.06864,121.5107,0
500103004,20231006,507,23,21,1,25.06864,121.5107,0
500103004,20231006,508,23,21,1,25.06864,121.5107,0
500103004,20231006,509,23,20,1,25.06864,121.5107,1
500103004,20231006,511,23,19,1,25.06864,121.5107,2
500103004,20231006,512,23,19,1,25.06864,121.5107,2
500103004,20231006,513,23,19,1,25.06864,121.5107,2
500103004,20231006,514,23,19,1,25.06864,121.5107,2
500103004,20231006,515,23,19,1,25.06864,121.5107,2
500103004,20231006,516,23,19,1,25.06864,121.5107,2
500103004,20231006,517,23,20,1,25.06864,121.5107,1
500103004,20231006,518,23,20,1,25.06864,121.5107,1
500103004,20231006,519,23,21,1,25.06864,121.5107,0
500103004,20231006,520,23,21,1,25.06864,121.5107,0
500103004,20231006,521,23,21,1,25.06864,121.5107,0
500103004,20231006,522,23,20,1,25.06864,121.5107,1
500103004,20231006,523,23,20,1,25.06864,121.5107,1
500103004,20231006,524,23,20,1,25.06864,121.5107,1
500103004,20231006,525,23,20,1,25.06864,121.5107,1
500103004,20231006,526,23,20,1,25.06864,121.5107,1
500103004,20231006,527,23,21,1,25.06864,121.5107,0
500103004,20231006,528,23,21,1,25.06864,121.5107,0
500103004,20231006,529,23,21,1,25.06864,121.5107,0
500103004,20231006,530,23,21,1,25.06864,121.5107,0
500103004,20231006,531,23,20,1,25.06864,121.5107,1
500103004,20231006,532,23,21,1,25.06864,121.5107,0
500103004,20231006,533,23,21,1,25.06864,121.5107,0
500103004,20231006,534,23,21,1,25.06864,121.5107,0
500103004,20231006,535,23,21,1,25.06864,121.5107,0
500103004,20231006,536,23,21,1,25.06864,121.5107,0
500103004,20231006,537,23,21,1,25.06864,121.5107,0
500103004,20231006,538,23,21,1,25.06864,121.5107,0
500103004,20231006,539,23,20,1,25.06864,121.5107,1
500103004,20231006,541,23,20,1,25.06864,121.5107,1
500103004,20231006,542,23,20,1,25.06864,121.5107,1
500103004,20231006,543,23,20,1,25.06864,121.5107,1
500103004,20231006,544,23,20,1,25.06864,121.5107,1
500103004,20231006,545,23,20,1,25.06864,121.5107,1
500103004,20231006,546,23,20,1,25.06864,121.5107,1
500103004,20231006,547,23,20,1,25.06864,121.5107,1
500103004,20231006,548,23,20,1,25.06864,121.5107,1
500103004,20231006,549,23,20,1,25.06864,121.5107,1
500103004,20231006,550,23,20,1,25.06864,121.5107,1
500103004,20231006,551,23,20,1,25.06864,121.5107,1
500103004,20231006,552,23,20,1,25.06864,121.5107,1
500103004,20231006,553,23,20,1,25.06864,121.5107,1
500103004,20231006,554,23,21,1,25.06864,121.5107,0
500103004,20231006,555,23,21,1,25.06864,121.5107,0
500103004,20231006,556,23,21,1,25.06864,121.5107,0
500103004,20231006,557,23,21,1,25.06864,121.5107,0
500103004,20231006,558,23,21,1,25.06864,121.5107,0
500103004,20231006,559,23,21,1,25.06864,121.5107,0
500103004,20231006,561,23,21,1,25.06864,121.5107,0
500103004,20231006,562,23,21,1,25.06864,121.5107,0
500103004,20231006,563,23,21,1,25.06864,121.5107,0
500103004,20231006,564,23,21,1,25.06864,121.5107,0
500103004,20231006,565,23,21,1,25.06864,121.5107,0
500103004,20231006,566,23,21,1,25.06864,121.5107,0
500103004,20231006,567,23,21,1,25.06864,121.5107,0
500103004,20231006,568,23,21,1,25.06864,121.5107,0
500103004,20231006,569,23,21,1,25.06864,121.5107,0
500103004,20231006,571,23,21,1,25.06864,121.5107,0
500103004,20231006,572,23,21,1,25.06864,121.5107,0
500103004,20231006,573,23,21,1,25.06864,121.5107,0
500103004,20231006,574,23,21,1,25.06864,121.5107,0
500103004,20231006,575,23,21,1,25.06864,121.5107,0
500103004,20231006,576,23,21,1,25.06864,121.5107,0
500103004,20231006,577,23,21,1,25.06864,121.5107,0
500103004,20231006,578,23,21,1,25.06864,121.5107,0
500103004,20231006,579,23,21,1,25.06864,121.5107,0
500103004,20231006,580,23,21,1,25.06864,121.5107,1
500103004,20231006,581,23,21,1,25.06864,121.5107,2
500103004,20231006,582,23,20,1,25.06864,121.5107,3
500103004,20231006,583,23,20,1,25.06864,121.5107,3
500103004,20231006,584,23,20,1,25.06864,121.5107,3
500103004,20231006,585,23,20,1,25.06864,121.5107,3
500103004,20231006,586,23,20,1,25.06864,121.5107,3
500103004,20231006,587,23,20,1,25.06864,121.5107,3
500103004,20231006,588,23,20,1,25.06864,121.5107,3
500103004,20231006,589,23,20,1,25.06864,121.5107,3
500103004,20231006,590,23,20,1,25.06864,121.5107,3
500103004,20231006,591,23,20,1,25.06864,121.5107,3
500103004,20231006,592,23,21,1,25.06864,121.5107,2
500103004,20231006,593,23,21,1,25.06864,121.5107,2
500103004,20231006,594,23,22,1,25.06864,121.5107,1
500103004,20231006,595,23,22,1,25.06864,121.5107,1
500103004,20231006,596,23,22,1,25.06864,121.5107,1
500103004,20231006,597,23,22,1,25.06864,121.5107,1
500103004,20231006,598,23,22,1,25.06864,121.5107,1
500103004,20231006,599,23,22,1,25.06864,121.5107,1
500103004,20231006,601,23,22,1,25.06864,121.5107,1
500103004,20231006,602,23,23,1,25.06864,121.5107,0
500103004,20231006,603,23,23,1,25.06864,121.5107,0
500103004,20231006,604,23,23,1,25.06864,121.5107,0
500103004,20231006,605,23,23,1,25.06864,121.5107,0
500103004,20231006,606,23,23,1,25.06864,121.5107,0
500103004,20231006,607,23,23,1,25.06864,121.5107,0
500103004,20231006,608,23,23,1,25.06864,121.5107,0
500103004,20231006,609,23,23,1,25.06864,121.5107,0
500103004,20231006,610,23,23,1,25.06864,121.5107,0
500103004,20231006,611,23,23,1,25.06864,121.5107,0
500103004,20231006,612,23,23,1,25.06864,121.5107,0
500103004,20231006,613,23,23,1,25.06864,121.5107,0
500103004,20231006,614,23,23,1,25.06864,121.5107,0
500103004,20231006,615,23,23,1,25.06864,121.5107,0
500103004,20231006,616,23,23,1,25.06864,121.5107,0
500103004,20231006,617,23,23,1,25.06864,121.5107,0
500103004,20231006,618,23,23,1,25.06864,121.5107,0
500103004,20231006,619,23,23,1,25.06864,121.5107,0
500103004,20231006,621,23,23,1,25.06864,121.5107,0
500103004,20231006,622,23,23,1,25.06864,121.5107,0
500103004,20231006,623,23,23,1,25.06864,121.5107,0
500103004,20231006,624,23,21,1,25.06864,121.5107,2
500103004,20231006,625,23,21,1,25.06864,121.5107,2
500103004,20231006,626,23,21,1,25.06864,121.5107,2
500103004,20231006,627,23,21,1,25.06864,121.5107,2
500103004,20231006,628,23,21,1,25.06864,121.5107,2
500103004,20231006,629,23,21,1,25.06864,121.5107,2
500103004,20231006,630,23,21,1,25.06864,121.5107,2
500103004,20231006,631,23,21,1,25.06864,121.5107,2
500103004,20231006,632,23,22,1,25.06864,121.5107,1
500103004,20231006,633,23,22,1,25.06864,121.5107,1
500103004,20231006,634,23,23,1,25.06864,121.5107,0
500103004,20231006,635,23,23,1,25.06864,121.5107,0
500103004,20231006,636,23,23,1,25.06864,121.5107,0
500103004,20231006,637,23,23,1,25.06864,121.5107,0
500103004,20231006,638,23,23,1,25.06864,121.5107,0
500103004,20231006,639,23,23,1,25.06864,121.5107,0
500103004,20231006,640,23,23,1,25.06864,121.5107,0
500103004,20231006,641,23,23,1,25.06864,121.5107,0
500103004,20231006,642,23,23,1,25.06864,121.5107,0
500103004,20231006,643,23,23,1,25.06864,121.5107,0
500103004,20231006,644,23,23,1,25.06864,121.5107,0
500103004,20231006,645,23,23,1,25.06864,121.5107,0
500103004,20231006,646,23,23,1,25.06864,121.5107,0
500103004,20231006,647,23,23,1,25.06864,121.5107,0
500103004,20231006,648,23,23,1,25.06864,121.5107,0
500103004,20231006,649,23,23,1,25.06864,121.5107,0
500103004,20231006,650,23,23,1,25.06864,121.5107,0
500103004,20231006,651,23,23,1,25.06864,121.5107,0
500103004,20231006,652,23,23,1,25.06864,121.5107,0
500103004,20231006,653,23,23,1,25.06864,121.5107,0
500103004,20231006,654,23,23,1,25.06864,121.5107,0
500103004,20231006,655,23,23,1,25.06864,121.5107,0
500103004,20231006,656,23,23,1,25.06864,121.5107,0
500103004,20231006,657,23,23,1,25.06864,121.5107,0
500103004,20231006,658,23,23,1,25.06864,121.5107,0
500103004,20231006,659,23,22,1,25.06864,121.5107,1
500103004,20231006,661,23,22,1,25.06864,121.5107,1
500103004,20231006,662,23,22,1,25.06864,121.5107,1
500103004,20231006,663,23,22,1,25.06864,121.5107,1
500103004,20231006,664,23,22,1,25.06864,121.5107,1
500103004,20231006,665,23,22,1,25.06864,121.5107,1
500103004,20231006,666,23,22,1,25.06864,121.5107,1
500103004,20231006,667,23,22,1,25.06864,121.5107,1
500103004,20231006,668,23,22,1,25.06864,121.5107,1
500103004,20231006,669,23,22,1,25.06864,121.5107,1
500103004,20231006,670,23,22,1,25.06864,121.5107,1
500103004,20231006,671,23,22,1,25.06864,121.5107,1
500103004,20231006,672,23,23,1,25.06864,121.5107,0
500103004,20231006,673,23,23,1,25.06864,121.5107,0
500103004,20231006,674,23,23,1,25.06864,121.5107,0
500103004,20231006,675,23,23,1,25.06864,121.5107,0
500103004,20231006,676,23,22,1,25.06864,121.5107,1
500103004,20231006,677,23,22,1,25.06864,121.5107,1
500103004,20231006,678,23,22,1,25.06864,121.5107,1
500103004,20231006,679,23,22,1,25.06864,121.5107,1
500103004,20231006,681,23,22,1,25.06864,121.5107,1
500103004,20231006,682,23,22,1,25.06864,121.5107,1
500103004,20231006,683,23,22,1,25.06864,121.5107,1
500103004,20231006,684,23,22,1,25.06864,121.5107,1
500103004,20231006,685,23,22,1,25.06864,121.5107,1
500103004,20231006,686,23,22,1,25.06864,121.5107,1
500103004,20231006,687,23,21,1,25.06864,121.5107,2
500103004,20231006,688,23,21,1,25.06864,121.5107,2
500103004,20231006,689,23,21,1,25.06864,121.5107,2
500103004,20231006,690,23,21,1,25.06864,121.5107,2
500103004,20231006,691,23,22,1,25.06864,121.5107,1
500103004,20231006,692,23,23,1,25.06864,121.5107,0
500103004,20231006,693,23,23,1,25.06864,121.5107,0
500103004,20231006,694,23,23,1,25.06864,121.5107,0
500103004,20231006,695,23,23,1,25.06864,121.5107,0
500103004,20231006,696,23,23,1,25.06864,121.5107,0
500103004,20231006,697,23,23,1,25.06864,121.5107,0
500103004,20231006,698,23,23,1,25.06864,121.5107,0
500103004,20231006,699,23,23,1,25.06864,121.5107,0
500103004,20231006,700,23,23,1,25.06864,121.5107,0
500103004,20231006,701,23,22,1,25.06864,121.5107,1
500103004,20231006,702,23,22,1,25.06864,121.5107,1
500103004,20231006,703,23,22,1,25.06864,121.5107,1
500103004,20231006,704,23,22,1,25.06864,121.5107,1
500103004,20231006,705,23,22,1,25.06864,121.5107,1
500103004,20231006,706,23,22,1,25.06864,121.5107,1
500103004,20231006,707,23,23,1,25.06864,121.5107,0
500103004,20231006,708,23,23,1,25.06864,121.5107,0
500103004,20231006,709,23,23,1,25.06864,121.5107,0
500103004,20231006,710,23,23,1,25.06864,121.5107,0
500103004,20231006,711,23,23,1,25.06864,121.5107,0
500103004,20231006,712,23,23,1,25.06864,121.5107,0
500103004,20231006,713,23,23,1,25.06864,121.5107,0
500103004,20231006,714,23,23,1,25.06864,121.5107,0
500103004,20231006,715,23,23,1,25.06864,121.5107,0
500103004,20231006,716,23,23,1,25.06864,121.5107,0
500103004,20231006,717,23,23,1,25.06864,121.5107,0
500103004,20231006,718,23,23,1,25.06864,121.5107,0
500103004,20231006,719,23,23,1,25.06864,121.5107,0
500103004,20231006,721,23,23,1,25.06864,121.5107,0
500103004,20231006,722,23,23,1,25.06864,121.5107,0
500103004,20231006,723,23,22,1,25.06864,121.5107,1
500103004,20231006,724,23,22,1,25.06864,121.5107,1
500103004,20231006,725,23,22,1,25.06864,121.5107,1
500103004,20231006,726,23,22,1,25.06864,121.5107,1
500103004,20231006,727,23,22,1,25.06864,121.5107,1
500103004,20231006,728,23,22,1,25.06864,121.5107,1
500103004,20231006,729,23,22,1,25.06864,121.5107,1
500103004,20231006,730,23,22,1,25.06864,121.5107,1
500103004,20231006,731,23,22,1,25.06864,121.5107,1
500103004,20231006,732,23,22,1,25.06864,121.5107,1
500103004,20231006,733,23,22,1,25.06864,121.5107,1
500103004,20231006,734,23,22,1,25.06864,121.5107,1
500103004,20231006,735,23,22,1,25.06864,121.5107,1
500103004,20231006,736,23,22,1,25.06864,121.5107,1
500103004,20231006,737,23,22,1,25.06864,121.5107,1
500103004,20231006,738,23,22,1,25.06864,121.5107,1
500103004,20231006,739,23,22,1,25.06864,121.5107,1
500103004,20231006,741,23,22,1,25.06864,121.5107,1
500103004,20231006,742,23,22,1,25.06864,121.5107,1
500103004,20231006,743,23,21,1,25.06864,121.5107,2
500103004,20231006,744,23,21,1,25.06864,121.5107,2
500103004,20231006,745,23,20,1,25.06864,121.5107,3
500103004,20231006,746,23,20,1,25.06864,121.5107,3
500103004,20231006,747,23,20,1,25.06864,121.5107,3
500103004,20231006,748,23,19,1,25.06864,121.5107,4
500103004,20231006,749,23,19,1,25.06864,121.5107,4
500103004,20231006,750,23,19,1,25.06864,121.5107,4
500103004,20231006,751,23,19,1,25.06864,121.5107,4
500103004,20231006,752,23,19,1,25.06864,121.5107,4
500103004,20231006,753,23,20,1,25.06864,121.5107,3
500103004,20231006,754,23,20,1,25.06864,121.5107,3
500103004,20231006,755,23,20,1,25.06864,121.5107,3
500103004,20231006,756,23,20,1,25.06864,121.5107,3
500103004,20231006,757,23,20,1,25.06864,121.5107,3
500103004,20231006,758,23,21,1,25.06864,121.5107,2
500103004,20231006,759,23,22,1,25.06864,121.5107,1
500103004,20231006,760,23,21,1,25.06864,121.5107,2
500103004,20231006,761,23,21,1,25.06864,121.5107,2
500103004,20231006,762,23,22,1,25.06864,121.5107,1
500103004,20231006,763,23,22,1,25.06864,121.5107,1
500103004,20231006,764,23,22,1,25.06864,121.5107,1
500103004,20231006,765,23,22,1,25.06864,121.5107,1
500103004,20231006,766,23,22,1,25.06864,121.5107,1
500103004,20231006,767,23,22,1,25.06864,121.5107,1
500103004,20231006,768,23,22,1,25.06864,121.5107,1
500103004,20231006,769,23,21,1,25.06864,121.5107,2
500103004,20231006,770,23,21,1,25.06864,121.5107,2
500103004,20231006,771,23,21,1,25.06864,121.5107,2
500103004,20231006,772,23,21,1,25.06864,121.5107,2
500103004,20231006,773,23,21,1,25.06864,121.5107,2
500103004,20231006,774,23,21,1,25.06864,121.5107,2
500103004,20231006,775,23,21,1,25.06864,121.5107,2
500103004,20231006,776,23,21,1,25.06864,121.5107,2
500103004,20231006,777,23,21,1,25.06864,121.5107,2
500103004,20231006,778,23,21,1,25.06864,121.5107,2
500103004,20231006,779,23,21,1,25.06864,121.5107,2
500103004,20231006,781,23,21,1,25.06864,121.5107,2
500103004,20231006,782,23,19,1,25.06864,121.5107,4
500103004,20231006,783,23,19,1,25.06864,121.5107,4
500103004,20231006,784,23,19,1,25.06864,121.5107,4
500103004,20231006,785,23,19,1,25.06864,121.5107,4
500103004,20231006,786,23,19,1,25.06864,121.5107,4
500103004,20231006,787,23,19,1,25.06864,121.5107,4
500103004,20231006,788,23,19,1,25.06864,121.5107,4
500103004,20231006,789,23,18,1,25.06864,121.5107,5
500103004,20231006,790,23,18,1,25.06864,121.5107,5
500103004,20231006,791,23,18,1,25.06864,121.5107,5
500103004,20231006,792,23,18,1,25.06864,121.5107,5
500103004,20231006,793,23,18,1,25.06864,121.5107,5
500103004,20231006,794,23,19,1,25.06864,121.5107,4
500103004,20231006,795,23,19,1,25.06864,121.5107,4
500103004,20231006,796,23,19,1,25.06864,121.5107,4
500103004,20231006,797,23,19,1,25.06864,121.5107,4
500103004,20231006,798,23,21,1,25.06864,121.5107,2
500103004,20231006,799,23,21,1,25.06864,121.5107,2
500103004,20231006,801,23,21,1,25.06864,121.5107,2
500103004,20231006,802,23,21,1,25.06864,121.5107,2
500103004,20231006,803,23,21,1,25.06864,121.5107,2
500103004,20231006,804,23,21,1,25.06864,121.5107,2
500103004,20231006,805,23,21,1,25.06864,121.5107,2
500103004,20231006,806,23,21,1,25.06864,121.5107,2
500103004,20231006,807,23,21,1,25.06864,121.5107,2
500103004,20231006,808,23,21,1,25.06864,121.5107,2
500103004,20231006,809,23,22,1,25.06864,121.5107,1
500103004,20231006,810,23,22,1,25.06864,121.5107,1
500103004,20231006,811,23,22,1,25.06864,121.5107,1
500103004,20231006,812,23,22,1,25.06864,121.5107,1
500103004,20231006,813,23,21,1,25.06864,121.5107,2
500103004,20231006,814,23,21,1,25.06864,121.5107,2
500103004,20231006,815,23,21,1,25.06864,121.5107,2
500103004,20231006,816,23,21,1,25.06864,121.5107,2
500103004,20231006,817,23,21,1,25.06864,121.5107,2
500103004,20231006,818,23,21,1,25.06864,121.5107,2
500103004,20231006,819,23,21,1,25.06864,121.5107,2
500103004,20231006,820,23,21,1,25.06864,121.5107,2
500103004,20231006,821,23,21,1,25.06864,121.5107,2
500103004,20231006,822,23,20,1,25.06864,121.5107,3
500103004,20231006,823,23,20,1,25.06864,121.5107,3
500103004,20231006,824,23,20,1,25.06864,121.5107,3
500103004,20231006,825,23,21,1,25.06864,121.5107,2
500103004,20231006,826,23,21,1,25.06864,121.5107,2
500103004,20231006,827,23,22,1,25.06864,121.5107,1
500103004,20231006,828,23,20,1,25.06864,121.5107,3
500103004,20231006,829,23,20,1,25.06864,121.5107,3
500103004,20231006,830,23,20,1,25.06864,121.5107,3
500103004,20231006,831,23,20,1,25.06864,121.5107,3
500103004,20231006,832,23,20,1,25.06864,121.5107,3
500103004,20231006,833,23,20,1,25.06864,121.5107,3
500103004,20231006,834,23,20,1,25.06864,121.5107,3
500103004,20231006,835,23,20,1,25.06864,121.5107,3
500103004,20231006,836,23,20,1,25.06864,121.5107,3
500103004,20231006,837,23,20,1,25.06864,121.5107,3
500103004,20231006,838,23,20,1,25.06864,121.5107,3
500103004,20231006,839,23,20,1,25.06864,121.5107,3
500103004,20231006,841,23,21,1,25.06864,121.5107,2
500103004,20231006,842,23,21,1,25.06864,121.5107,2
500103004,20231006,843,23,21,1,25.06864,121.5107,2
500103004,20231006,844,23,21,1,25.06864,121.5107,2
500103004,20231006,845,23,21,1,25.06864,121.5107,2
500103004,20231006,846,23,20,1,25.06864,121.5107,3
500103004,20231006,847,23,20,1,25.06864,121.5107,3
500103004,20231006,848,23,20,1,25.06864,121.5107,3
500103004,20231006,849,23,20,1,25.06864,121.5107,3
500103004,20231006,850,23,19,1,25.06864,121.5107,4
500103004,20231006,851,23,19,1,25.06864,121.5107,4
500103004,20231006,852,23,19,1,25.06864,121.5107,4
500103004,20231006,853,23,19,1,25.06864,121.5107,4
500103004,20231006,854,23,19,1,25.06864,121.5107,4
500103004,20231006,855,23,19,1,25.06864,121.5107,4
500103004,20231006,856,23,19,1,25.06864,121.5107,4
500103004,20231006,857,23,20,1,25.06864,121.5107,3
500103004,20231006,858,23,20,1,25.06864,121.5107,3
500103004,20231006,859,23,20,1,25.06864,121.5107,3
500103004,20231006,861,23,20,1,25.06864,121.5107,3
500103004,20231006,862,23,20,1,25.06864,121.5107,3
500103004,20231006,863,23,20,1,25.06864,121.5107,3
500103004,20231006,864,23,20,1,25.06864,121.5107,3
500103004,20231006,865,23,20,1,25.06864,121.5107,3
500103004,20231006,866,23,20,1,25.06864,121.5107,3
500103004,20231006,868,23,20,1,25.06864,121.5107,3
500103004,20231006,869,23,20,1,25.06864,121.5107,3
500103004,20231006,870,23,20,1,25.06864,121.5107,3
500103004,20231006,871,23,20,1,25.06864,121.5107,3
500103004,20231006,872,23,20,1,25.06864,121.5107,3
500103004,20231006,873,23,20,1,25.06864,121.5107,3
500103004,20231006,874,23,20,1,25.06864,121.5107,3
500103004,20231006,875,23,20,1,25.06864,121.5107,3
500103004,20231006,876,23,20,1,25.06864,121.5107,3
500103004,20231006,877,23,20,1,25.06864,121.5107,3
500103004,20231006,878,23,20,1,25.06864,121.5107,3
500103004,20231006,879,23,20,1,25.06864,121.5107,3
500103004,20231006,880,23,20,1,25.06864,121.5107,3
500103004,20231006,881,23,20,1,25.06864,121.5107,3
500103004,20231006,882,23,20,1,25.06864,121.5107,3
500103004,20231006,883,23,20,1,25.06864,121.5107,3
500103004,20231006,884,23,19,1,25.06864,121.5107,4
500103004,20231006,885,23,20,1,25.06864,121.5107,3
500103004,20231006,886,23,20,1,25.06864,121.5107,3
500103004,20231006,887,23,20,1,25.06864,121.5107,3
500103004,20231006,888,23,20,1,25.06864,121.5107,3
500103004,20231006,889,23,20,1,25.06864,121.5107,3
500103004,20231006,890,23,20,1,25.06864,121.5107,3
500103004,20231006,891,23,20,1,25.06864,121.5107,3
500103004,20231006,892,23,20,1,25.06864,121.5107,3
500103004,20231006,893,23,20,1,25.06864,121.5107,3
500103004,20231006,894,23,20,1,25.06864,121.5107,3
500103004,20231006,895,23,20,1,25.06864,121.5107,3
500103004,20231006,896,23,20,1,25.06864,121.5107,3
500103004,20231006,897,23,20,1,25.06864,121.5107,3
500103004,20231006,898,23,21,1,25.06864,121.5107,2
500103004,20231006,899,23,21,1,25.06864,121.5107,2
500103004,20231006,901,23,21,1,25.06864,121.5107,2
500103004,20231006,902,23,21,1,25.06864,121.5107,2
500103004,20231006,903,23,22,1,25.06864,121.5107,1
500103004,20231006,904,23,22,1,25.06864,121.5107,1
500103004,20231006,905,23,22,1,25.06864,121.5107,1
500103004,20231006,906,23,22,1,25.06864,121.5107,1
500103004,20231006,907,23,22,1,25.06864,121.5107,1
500103004,20231006,908,23,23,1,25.06864,121.5107,0
500103004,20231006,909,23,23,1,25.06864,121.5107,0
500103004,20231006,910,23,23,1,25.06864,121.5107,0
500103004,20231006,911,23,23,1,25.06864,121.5107,0
500103004,20231006,912,23,23,1,25.06864,121.5107,0
500103004,20231006,913,23,23,1,25.06864,121.5107,0
500103004,20231006,914,23,23,1,25.06864,121.5107,0
500103004,20231006,915,23,23,1,25.06864,121.5107,0
500103004,20231006,916,23,23,1,25.06864,121.5107,0
500103004,20231006,917,23,23,1,25.06864,121.5107,0
500103004,20231006,918,23,23,1,25.06864,121.5107,0
500103004,20231006,919,23,23,1,25.06864,121.5107,0
500103004,20231006,921,23,23,1,25.06864,121.5107,0
500103004,20231006,922,23,23,1,25.06864,121.5107,0
500103004,20231006,923,23,23,1,25.06864,121.5107,0
500103004,20231006,924,23,23,1,25.06864,121.5107,0
500103004,20231006,925,23,23,1,25.06864,121.5107,0
500103004,20231006,926,23,23,1,25.06864,121.5107,0
500103004,20231006,927,23,23,1,25.06864,121.5107,0
500103004,20231006,928,23,23,1,25.06864,121.5107,0
500103004,20231006,929,23,22,1,25.06864,121.5107,1
500103004,20231006,931,23,23,1,25.06864,121.5107,0
500103004,20231006,932,23,23,1,25.06864,121.5107,0
500103004,20231006,933,23,23,1,25.06864,121.5107,0
500103004,20231006,934,23,23,1,25.06864,121.5107,0
500103004,20231006,935,23,22,1,25.06864,121.5107,1
500103004,20231006,936,23,22,1,25.06864,121.5107,1
500103004,20231006,937,23,22,1,25.06864,121.5107,1
500103004,20231006,938,23,22,1,25.06864,121.5107,1
500103004,20231006,939,23,22,1,25.06864,121.5107,1
500103004,20231006,940,23,22,1,25.06864,121.5107,1
500103004,20231006,941,23,21,1,25.06864,121.5107,2
500103004,20231006,942,23,21,1,25.06864,121.5107,2
500103004,20231006,943,23,22,1,25.06864,121.5107,1
500103004,20231006,944,23,22,1,25.06864,121.5107,1
500103004,20231006,945,23,22,1,25.06864,121.5107,1
500103004,20231006,946,23,22,1,25.06864,121.5107,1
500103004,20231006,947,23,22,1,25.06864,121.5107,1
500103004,20231006,948,23,22,1,25.06864,121.5107,1
500103004,20231006,949,23,23,1,25.06864,121.5107,0
500103004,20231006,950,23,23,1,25.06864,121.5107,0
500103004,20231006,951,23,23,1,25.06864,121.5107,0
500103004,20231006,952,23,23,1,25.06864,121.5107,0
500103004,20231006,953,23,23,1,25.06864,121.5107,0
500103004,20231006,954,23,23,1,25.06864,121.5107,0
500103004,20231006,955,23,23,1,25.06864,121.5107,0
500103004,20231006,956,23,23,1,25.06864,121.5107,0
500103004,20231006,957,23,23,1,25.06864,121.5107,0
500103004,20231006,958,23,23,1,25.06864,121.5107,0
500103004,20231006,959,23,23,1,25.06864,121.5107,0
500103004,20231006,961,23,23,1,25.06864,121.5107,0
500103004,20231006,962,23,21,1,25.06864,121.5107,2
500103004,20231006,963,23,21,1,25.06864,121.5107,2
500103004,20231006,964,23,21,1,25.06864,121.5107,2
500103004,20231006,965,23,21,1,25.06864,121.5107,2
500103004,20231006,966,23,21,1,25.06864,121.5107,2
500103004,20231006,967,23,21,1,25.06864,121.5107,2
500103004,20231006,968,23,21,1,25.06864,121.5107,2
500103004,20231006,969,23,21,1,25.06864,121.5107,2
500103004,20231006,970,23,21,1,25.06864,121.5107,2
500103004,20231006,971,23,21,1,25.06864,121.5107,2
500103004,20231006,972,23,19,1,25.06864,121.5107,4
500103004,20231006,973,23,19,1,25.06864,121.5107,4
500103004,20231006,974,23,19,1,25.06864,121.5107,4
500103004,20231006,975,23,19,1,25.06864,121.5107,4
500103004,20231006,976,23,18,1,25.06864,121.5107,5
500103004,20231006,977,23,18,1,25.06864,121.5107,5
500103004,20231006,978,23,18,1,25.06864,121.5107,5
500103004,20231006,979,23,18,1,25.06864,121.5107,5
500103004,20231006,981,23,20,1,25.06864,121.5107,3
500103004,20231006,982,23,20,1,25.06864,121.5107,3
500103004,20231006,983,23,20,1,25.06864,121.5107,3
500103004,20231006,984,23,19,1,25.06864,121.5107,4
500103004,20231006,985,23,19,1,25.06864,121.5107,4
500103004,20231006,986,23,19,1,25.06864,121.5107,4
500103004,20231006,987,23,19,1,25.06864,121.5107,4
500103004,20231006,988,23,19,1,25.06864,121.5107,4
500103004,20231006,989,23,19,1,25.06864,121.5107,4
500103004,20231006,991,23,18,1,25.06864,121.5107,5
500103004,20231006,992,23,18,1,25.06864,121.5107,5
500103004,20231006,993,23,18,1,25.06864,121.5107,5
500103004,20231006,994,23,18,1,25.06864,121.5107,5
500103004,20231006,995,23,18,1,25.06864,121.5107,5
500103004,20231006,996,23,19,1,25.06864,121.5107,4
500103004,20231006,997,23,19,1,25.06864,121.5107,4
500103004,20231006,998,23,19,1,25.06864,121.5107,4
500103004,20231006,999,23,18,1,25.06864,121.5107,5
500103004,20231006,1000,23,18,1,25.06864,121.5107,5
500103004,20231006,1001,23,18,1,25.06864,121.5107,5
500103004,20231006,1002,23,19,1,25.06864,121.5107,4
500103004,20231006,1003,23,19,1,25.06864,121.5107,4
500103004,20231006,1004,23,19,1,25.06864,121.5107,4
500103004,20231006,1005,23,19,1,25.06864,121.5107,4
500103004,20231006,1006,23,19,1,25.06864,121.5107,4
500103004,20231006,1007,23,19,1,25.06864,121.5107,4
500103004,20231006,1008,23,19,1,25.06864,121.5107,4
500103004,20231006,1009,23,19,1,25.06864,121.5107,4
500103004,20231006,1010,23,19,1,25.06864,121.5107,4
500103004,20231006,1011,23,19,1,25.06864,121.5107,4
500103004,20231006,1012,23,19,1,25.06864,121.5107,4
500103004,20231006,1013,23,18,1,25.06864,121.5107,5
500103004,20231006,1014,23,18,1,25.06864,121.5107,5
500103004,20231006,1015,23,18,1,25.06864,121.5107,5
500103004,20231006,1016,23,21,1,25.06864,121.5107,2
500103004,20231006,1017,23,20,1,25.06864,121.5107,3
500103004,20231006,1018,23,20,1,25.06864,121.5107,3
500103004,20231006,1019,23,20,1,25.06864,121.5107,3
500103004,20231006,1021,23,20,1,25.06864,121.5107,3
500103004,20231006,1022,23,20,1,25.06864,121.5107,3
500103004,20231006,1023,23,20,1,25.06864,121.5107,3
500103004,20231006,1024,23,20,1,25.06864,121.5107,3
500103004,20231006,1025,23,20,1,25.06864,121.5107,3
500103004,20231006,1026,23,20,1,25.06864,121.5107,3
500103004,20231006,1027,23,20,1,25.06864,121.5107,3
500103004,20231006,1028,23,20,1,25.06864,121.5107,3
500103004,20231006,1029,23,20,1,25.06864,121.5107,3
500103004,20231006,1030,23,20,1,25.06864,121.5107,3
500103004,20231006,1031,23,20,1,25.06864,121.5107,3
500103004,20231006,1032,23,20,1,25.06864,121.5107,3
500103004,20231006,1033,23,20,1,25.06864,121.5107,3
500103004,20231006,1034,23,20,1,25.06864,121.5107,3
500103004,20231006,1035,23,20,1,25.06864,121.5107,3
500103004,20231006,1036,23,20,1,25.06864,121.5107,3
500103004,20231006,1037,23,20,1,25.06864,121.5107,3
500103004,20231006,1038,23,21,1,25.06864,121.5107,2
500103004,20231006,1039,23,21,1,25.06864,121.5107,2
500103004,20231006,1041,23,20,1,25.06864,121.5107,3
500103004,20231006,1042,23,20,1,25.06864,121.5107,3
500103004,20231006,1043,23,19,1,25.06864,121.5107,4
500103004,20231006,1044,23,19,1,25.06864,121.5107,4
500103004,20231006,1045,23,19,1,25.06864,121.5107,4
500103004,20231006,1046,23,18,1,25.06864,121.5107,5
500103004,20231006,1047,23,18,1,25.06864,121.5107,5
500103004,20231006,1048,23,18,1,25.06864,121.5107,5
500103004,20231006,1049,23,18,1,25.06864,121.5107,5
500103004,20231006,1051,23,18,1,25.06864,121.5107,5
500103004,20231006,1052,23,18,1,25.06864,121.5107,5
500103004,20231006,1053,23,18,1,25.06864,121.5107,5
500103004,20231006,1054,23,18,1,25.06864,121.5107,5
500103004,20231006,1055,23,18,1,25.06864,121.5107,5
500103004,20231006,1056,23,19,1,25.06864,121.5107,4
500103004,20231006,1057,23,19,1,25.06864,121.5107,4
500103004,20231006,1058,23,19,1,25.06864,121.5107,4
500103004,20231006,1059,23,17,1,25.06864,121.5107,6
500103004,20231006,1060,23,17,1,25.06864,121.5107,6
500103004,20231006,1061,23,17,1,25.06864,121.5107,6
500103004,20231006,1062,23,17,1,25.06864,121.5107,6
500103004,20231006,1063,23,17,1,25.06864,121.5107,6
500103004,20231006,1064,23,15,1,25.06864,121.5107,8
500103004,20231006,1065,23,15,1,25.06864,121.5107,8
500103004,20231006,1066,23,14,1,25.06864,121.5107,9
500103004,20231006,1067,23,14,1,25.06864,121.5107,9
500103004,20231006,1068,23,14,1,25.06864,121.5107,9
500103004,20231006,1069,23,14,1,25.06864,121.5107,9
500103004,20231006,1070,23,14,1,25.06864,121.5107,9
500103004,20231006,1071,23,14,1,25.06864,121.5107,9
500103004,20231006,1072,23,13,1,25.06864,121.5107,10
500103004,20231006,1073,23,13,1,25.06864,121.5107,10
500103004,20231006,1074,23,12,1,25.06864,121.5107,11
500103004,20231006,1075,23,12,1,25.06864,121.5107,11
500103004,20231006,1076,23,12,1,25.06864,121.5107,11
500103004,20231006,1077,23,12,1,25.06864,121.5107,11
500103004,20231006,1078,23,12,1,25.06864,121.5107,11
500103004,20231006,1079,23,12,1,25.06864,121.5107,11
500103004,20231006,1081,23,13,1,25.06864,121.5107,10
500103004,20231006,1082,23,14,1,25.06864,121.5107,9
500103004,20231006,1083,23,14,1,25.06864,121.5107,9
500103004,20231006,1084,23,14,1,25.06864,121.5107,9
500103004,20231006,1085,23,14,1,25.06864,121.5107,9
500103004,20231006,1086,23,13,1,25.06864,121.5107,10
500103004,20231006,1087,23,13,1,25.06864,121.5107,10
500103004,20231006,1088,23,12,1,25.06864,121.5107,11
500103004,20231006,1089,23,11,1,25.06864,121.5107,12
500103004,20231006,1090,23,12,1,25.06864,121.5107,11
500103004,20231006,1091,23,11,1,25.06864,121.5107,12
500103004,20231006,1092,23,11,1,25.06864,121.5107,12
500103004,20231006,1093,23,10,1,25.06864,121.5107,13
500103004,20231006,1094,23,10,1,25.06864,121.5107,13
500103004,20231006,1095,23,10,1,25.06864,121.5107,13
500103004,20231006,1096,23,10,1,25.06864,121.5107,13
500103004,20231006,1097,23,9,1,25.06864,121.5107,14
500103004,20231006,1098,23,10,1,25.06864,121.5107,13
500103004,20231006,1099,23,9,1,25.06864,121.5107,14
500103004,20231006,1101,23,13,1,25.06864,121.5107,10
500103004,20231006,1102,23,13,1,25.06864,121.5107,10
500103004,20231006,1103,23,15,1,25.06864,121.5107,8
500103004,20231006,1104,23,17,1,25.06864,121.5107,6
500103004,20231006,1105,23,17,1,25.06864,121.5107,6
500103004,20231006,1106,23,18,1,25.06864,121.5107,5
500103004,20231006,1107,23,19,1,25.06864,121.5107,4
500103004,20231006,1108,23,21,1,25.06864,121.5107,2
500103004,20231006,1109,23,20,1,25.06864,121.5107,3
500103004,20231006,1111,23,20,1,25.06864,121.5107,3
500103004,20231006,1112,23,19,1,25.06864,121.5107,4
500103004,20231006,1113,23,17,1,25.06864,121.5107,6
500103004,20231006,1114,23,17,1,25.06864,121.5107,6
500103004,20231006,1115,23,17,1,25.06864,121.5107,6
500103004,20231006,1116,23,17,1,25.06864,121.5107,6
500103004,20231006,1117,23,18,1,25.06864,121.5107,5
500103004,20231006,1118,23,18,1,25.06864,121.5107,5
500103004,20231006,1119,23,17,1,25.06864,121.5107,6
500103004,20231006,1120,23,17,1,25.06864,121.5107,6
500103004,20231006,1121,23,17,1,25.06864,121.5107,6
500103004,20231006,1122,23,17,1,25.06864,121.5107,6
500103004,20231006,1123,23,17,1,25.06864,121.5107,6
500103004,20231006,1124,23,17,1,25.06864,121.5107,6
500103004,20231006,1125,23,17,1,25.06864,121.5107,6
500103004,20231006,1126,23,17,1,25.06864,121.5107,6
500103004,20231006,1127,23,15,1,25.06864,121.5107,8
500103004,20231006,1128,23,15,1,25.06864,121.5107,8
500103004,20231006,1129,23,14,1,25.06864,121.5107,9
500103004,20231006,1130,23,14,1,25.06864,121.5107,9
500103004,20231006,1131,23,14,1,25.06864,121.5107,9
500103004,20231006,1132,23,14,1,25.06864,121.5107,9
500103004,20231006,1133,23,14,1,25.06864,121.5107,9
500103004,20231006,1134,23,15,1,25.06864,121.5107,8
500103004,20231006,1135,23,15,1,25.06864,121.5107,8
500103004,20231006,1136,23,15,1,25.06864,121.5107,8
500103004,20231006,1137,23,15,1,25.06864,121.5107,8
500103004,20231006,1138,23,15,1,25.06864,121.5107,8
500103004,20231006,1139,23,15,1,25.06864,121.5107,8
500103004,20231006,1141,23,14,1,25.06864,121.5107,9
500103004,20231006,1142,23,14,1,25.06864,121.5107,9
500103004,20231006,1143,23,14,1,25.06864,121.5107,9
500103004,20231006,1144,23,14,1,25.06864,121.5107,9
500103004,20231006,1145,23,12,1,25.06864,121.5107,11
500103004,20231006,1146,23,13,1,25.06864,121.5107,10
500103004,20231006,1147,23,13,1,25.06864,121.5107,10
500103004,20231006,1148,23,13,1,25.06864,121.5107,10
500103004,20231006,1149,23,12,1,25.06864,121.5107,11
500103004,20231006,1150,23,11,1,25.06864,121.5107,12
500103004,20231006,1151,23,11,1,25.06864,121.5107,12
500103004,20231006,1152,23,11,1,25.06864,121.5107,12
500103004,20231006,1153,23,11,1,25.06864,121.5107,12
500103004,20231006,1154,23,11,1,25.06864,121.5107,12
500103004,20231006,1155,23,11,1,25.06864,121.5107,12
500103004,20231006,1156,23,11,1,25.06864,121.5107,12
500103004,20231006,1157,23,11,1,25.06864,121.5107,12
500103004,20231006,1158,23,11,1,25.06864,121.5107,12
500103004,20231006,1159,23,10,1,25.06864,121.5107,13
500103004,20231006,1161,23,9,1,25.06864,121.5107,14
500103004,20231006,1162,23,9,1,25.06864,121.5107,14
500103004,20231006,1163,23,9,1,25.06864,121.5107,14
500103004,20231006,1164,23,9,1,25.06864,121.5107,14
500103004,20231006,1165,23,9,1,25.06864,121.5107,14
500103004,20231006,1166,23,8,1,25.06864,121.5107,15
500103004,20231006,1167,23,8,1,25.06864,121.5107,15
500103004,20231006,1168,23,8,1,25.06864,121.5107,15
500103004,20231006,1169,23,8,1,25.06864,121.5107,15
500103004,20231006,1172,23,8,1,25.06864,121.5107,15
500103004,20231006,1174,23,8,1,25.06864,121.5107,15
500103004,20231006,1175,23,8,1,25.06864,121.5107,15
500103004,20231006,1176,23,8,1,25.06864,121.5107,15
500103004,20231006,1177,23,8,1,25.06864,121.5107,15
500103004,20231006,1178,23,8,1,25.06864,121.5107,15
500103004,20231006,1179,23,8,1,25.06864,121.5107,15
500103004,20231006,1180,23,8,1,25.06864,121.5107,15
500103004,20231006,1181,23,9,1,25.06864,121.5107,14
500103004,20231006,1182,23,9,1,25.06864,121.5107,14
500103004,20231006,1183,23,10,1,25.06864,121.5107,13
500103004,20231006,1184,23,9,1,25.06864,121.5107,14
500103004,20231006,1185,23,9,1,25.06864,121.5107,14
500103004,20231006,1186,23,11,1,25.06864,121.5107,12
500103004,20231006,1187,23,15,1,25.06864,121.5107,8
500103004,20231006,1188,23,19,1,25.06864,121.5107,4
500103004,20231006,1189,23,19,1,25.06864,121.5107,4
500103004,20231006,1190,23,19,1,25.06864,121.5107,4
500103004,20231006,1191,23,19,1,25.06864,121.5107,4
500103004,20231006,1192,23,19,1,25.06864,121.5107,4
500103004,20231006,1193,23,19,1,25.06864,121.5107,4
500103004,20231006,1194,23,21,1,25.06864,121.5107,2
500103004,20231006,1195,23,21,1,25.06864,121.5107,2
500103004,20231006,1196,23,21,1,25.06864,121.5107,2
500103004,20231006,1197,23,21,1,25.06864,121.5107,2
500103004,20231006,1198,23,21,1,25.06864,121.5107,2
500103004,20231006,1199,23,20,1,25.06864,121.5107,3
500103004,20231006,1201,23,20,1,25.06864,121.5107,3
500103004,20231006,1202,23,20,1,25.06864,121.5107,3
500103004,20231006,1203,23,20,1,25.06864,121.5107,3
500103004,20231006,1204,23,20,1,25.06864,121.5107,3
500103004,20231006,1205,23,20,1,25.06864,121.5107,3
500103004,20231006,1206,23,20,1,25.06864,121.5107,3
500103004,20231006,1207,23,20,1,25.06864,121.5107,3
500103004,20231006,1208,23,20,1,25.06864,121.5107,3
500103004,20231006,1209,23,20,1,25.06864,121.5107,3
500103004,20231006,1210,23,20,1,25.06864,121.5107,3
500103004,20231006,1211,23,20,1,25.06864,121.5107,3
500103004,20231006,1212,23,20,1,25.06864,121.5107,3
500103004,20231006,1213,23,20,1,25.06864,121.5107,3
500103004,20231006,1214,23,20,1,25.06864,121.5107,3
500103004,20231006,1215,23,20,1,25.06864,121.5107,3
500103004,20231006,1216,23,20,1,25.06864,121.5107,3
500103004,20231006,1217,23,20,1,25.06864,121.5107,3
500103004,20231006,1218,23,19,1,25.06864,121.5107,4
500103004,20231006,1219,23,19,1,25.06864,121.5107,4
500103004,20231006,1221,23,19,1,25.06864,121.5107,4
500103004,20231006,1222,23,19,1,25.06864,121.5107,4
500103004,20231006,1223,23,19,1,25.06864,121.5107,4
500103004,20231006,1224,23,18,1,25.06864,121.5107,5
500103004,20231006,1225,23,18,1,25.06864,121.5107,5
500103004,20231006,1226,23,18,1,25.06864,121.5107,5
500103004,20231006,1227,23,18,1,25.06864,121.5107,5
500103004,20231006,1228,23,18,1,25.06864,121.5107,5
500103004,20231006,1229,23,18,1,25.06864,121.5107,5
500103004,20231006,1230,23,18,1,25.06864,121.5107,5
500103004,20231006,1231,23,18,1,25.06864,121.5107,5
500103004,20231006,1232,23,18,1,25.06864,121.5107,5
500103004,20231006,1233,23,18,1,25.06864,121.5107,5
500103004,20231006,1234,23,18,1,25.06864,121.5107,5
500103004,20231006,1235,23,18,1,25.06864,121.5107,5
500103004,20231006,1236,23,18,1,25.06864,121.5107,5
500103004,20231006,1237,23,18,1,25.06864,121.5107,5
500103004,20231006,1238,23,18,1,25.06864,121.5107,5
500103004,20231006,1239,23,18,1,25.06864,121.5107,5
500103004,20231006,1240,23,18,1,25.06864,121.5107,5
500103004,20231006,1241,23,18,1,25.06864,121.5107,5
500103004,20231006,1242,23,18,1,25.06864,121.5107,5
500103004,20231006,1243,23,18,1,25.06864,121.5107,5
500103004,20231006,1244,23,18,1,25.06864,121.5107,5
500103004,20231006,1245,23,18,1,25.06864,121.5107,5
500103004,20231006,1246,23,18,1,25.06864,121.5107,5
500103004,20231006,1247,23,18,1,25.06864,121.5107,5
500103004,20231006,1248,23,18,1,25.06864,121.5107,5
500103004,20231006,1249,23,18,1,25.06864,121.5107,5
500103004,20231006,1250,23,17,1,25.06864,121.5107,6
500103004,20231006,1251,23,17,1,25.06864,121.5107,6
500103004,20231006,1252,23,17,1,25.06864,121.5107,6
500103004,20231006,1253,23,17,1,25.06864,121.5107,6
500103004,20231006,1254,23,17,1,25.06864,121.5107,6
500103004,20231006,1255,23,17,1,25.06864,121.5107,6
500103004,20231006,1256,23,17,1,25.06864,121.5107,6
500103004,20231006,1257,23,17,1,25.06864,121.5107,6
500103004,20231006,1258,23,17,1,25.06864,121.5107,6
500103004,20231006,1259,23,17,1,25.06864,121.5107,6
500103004,20231006,1261,23,17,1,25.06864,121.5107,6
500103004,20231006,1262,23,17,1,25.06864,121.5107,6
500103004,20231006,1263,23,17,1,25.06864,121.5107,6
500103004,20231006,1264,23,17,1,25.06864,121.5107,6
500103004,20231006,1265,23,17,1,25.06864,121.5107,6
500103004,20231006,1266,23,17,1,25.06864,121.5107,6
500103004,20231006,1267,23,17,1,25.06864,121.5107,6
500103004,20231006,1268,23,17,1,25.06864,121.5107,6
500103004,20231006,1269,23,17,1,25.06864,121.5107,6
500103004,20231006,1270,23,17,1,25.06864,121.5107,6
500103004,20231006,1271,23,17,1,25.06864,121.5107,6
500103004,20231006,1272,23,17,1,25.06864,121.5107,6
500103004,20231006,1273,23,17,1,25.06864,121.5107,6
500103004,20231006,1274,23,17,1,25.06864,121.5107,6
500103004,20231006,1275,23,17,1,25.06864,121.5107,6
500103004,20231006,1276,23,16,1,25.06864,121.5107,7
500103004,20231006,1277,23,16,1,25.06864,121.5107,7
500103004,20231006,1278,23,16,1,25.06864,121.5107,7
500103004,20231006,1279,23,16,1,25.06864,121.5107,7
500103004,20231006,1281,23,16,1,25.06864,121.5107,7
500103004,20231006,1282,23,16,1,25.06864,121.5107,7
500103004,20231006,1283,23,16,1,25.06864,121.5107,7
500103004,20231006,1284,23,16,1,25.06864,121.5107,7
500103004,20231006,1285,23,16,1,25.06864,121.5107,7
500103004,20231006,1286,23,16,1,25.06864,121.5107,7
500103004,20231006,1287,23,16,1,25.06864,121.5107,7
500103004,20231006,1288,23,16,1,25.06864,121.5107,7
500103004,20231006,1289,23,15,1,25.06864,121.5107,8
500103004,20231006,1290,23,15,1,25.06864,121.5107,8
500103004,20231006,1291,23,15,1,25.06864,121.5107,8
500103004,20231006,1292,23,15,1,25.06864,121.5107,8
500103004,20231006,1293,23,14,1,25.06864,121.5107,9
500103004,20231006,1294,23,14,1,25.06864,121.5107,9
500103004,20231006,1295,23,14,1,25.06864,121.5107,9
500103004,20231006,1296,23,14,1,25.06864,121.5107,9
500103004,20231006,1297,23,14,1,25.06864,121.5107,9
500103004,20231006,1298,23,13,1,25.06864,121.5107,10
500103004,20231006,1299,23,14,1,25.06864,121.5107,9
500103004,20231006,1300,23,14,1,25.06864,121.5107,9
500103004,20231006,1301,23,15,1,25.06864,121.5107,8
500103004,20231006,1302,23,15,1,25.06864,121.5107,8
500103004,20231006,1303,23,15,1,25.06864,121.5107,8
500103004,20231006,1304,23,14,1,25.06864,121.5107,9
500103004,20231006,1305,23,13,1,25.06864,121.5107,10
500103004,20231006,1306,23,13,1,25.06864,121.5107,10
500103004,20231006,1307,23,13,1,25.06864,121.5107,10
500103004,20231006,1308,23,13,1,25.06864,121.5107,10
500103004,20231006,1309,23,13,1,25.06864,121.5107,10
500103004,20231006,1310,23,13,1,25.06864,121.5107,10
500103004,20231006,1311,23,13,1,25.06864,121.5107,10
500103004,20231006,1312,23,13,1,25.06864,121.5107,10
500103004,20231006,1313,23,13,1,25.06864,121.5107,10
500103004,20231006,1314,23,13,1,25.06864,121.5107,10
500103004,20231006,1315,23,13,1,25.06864,121.5107,10
500103004,20231006,1316,23,12,1,25.06864,121.5107,11
500103004,20231006,1317,23,11,1,25.06864,121.5107,12
500103004,20231006,1318,23,11,1,25.06864,121.5107,12
500103004,20231006,1319,23,10,1,25.06864,121.5107,13
500103004,20231006,1321,23,9,1,25.06864,121.5107,14
500103004,20231006,1322,23,9,1,25.06864,121.5107,14
500103004,20231006,1323,23,9,1,25.06864,121.5107,14
500103004,20231006,1324,23,9,1,25.06864,121.5107,14
500103004,20231006,1325,23,9,1,25.06864,121.5107,14
500103004,20231006,1326,23,9,1,25.06864,121.5107,14
500103004,20231006,1327,23,9,1,25.06864,121.5107,14
500103004,20231006,1328,23,9,1,25.06864,121.5107,14
500103004,20231006,1329,23,9,1,25.06864,121.5107,14
500103004,20231006,1330,23,9,1,25.06864,121.5107,14
500103004,20231006,1331,23,9,1,25.06864,121.5107,14
500103004,20231006,1332,23,9,1,25.06864,121.5107,14
500103004,20231006,1333,23,9,1,25.06864,121.5107,14
500103004,20231006,1334,23,8,1,25.06864,121.5107,15
500103004,20231006,1335,23,8,1,25.06864,121.5107,15
500103004,20231006,1336,23,8,1,25.06864,121.5107,15
500103004,20231006,1337,23,8,1,25.06864,121.5107,15
500103004,20231006,1338,23,8,1,25.06864,121.5107,15
500103004,20231006,1339,23,8,1,25.06864,121.5107,15
500103004,20231006,1341,23,10,1,25.06864,121.5107,13
500103004,20231006,1342,23,10,1,25.06864,121.5107,13
500103004,20231006,1343,23,9,1,25.06864,121.5107,14
500103004,20231006,1344,23,10,1,25.06864,121.5107,13
500103004,20231006,1345,23,10,1,25.06864,121.5107,13
500103004,20231006,1346,23,10,1,25.06864,121.5107,13
500103004,20231006,1347,23,12,1,25.06864,121.5107,11
500103004,20231006,1348,23,12,1,25.06864,121.5107,11
500103004,20231006,1349,23,12,1,25.06864,121.5107,11
500103004,20231006,1350,23,12,1,25.06864,121.5107,11
500103004,20231006,1351,23,12,1,25.06864,121.5107,11
500103004,20231006,1352,23,12,1,25.06864,121.5107,11
500103004,20231006,1353,23,12,1,25.06864,121.5107,11
500103004,20231006,1354,23,12,1,25.06864,121.5107,11
500103004,20231006,1355,23,12,1,25.06864,121.5107,11
500103004,20231006,1356,23,12,1,25.06864,121.5107,11
500103004,20231006,1357,23,12,1,25.06864,121.5107,11
500103004,20231006,1358,23,11,1,25.06864,121.5107,12
500103004,20231006,1359,23,11,1,25.06864,121.5107,12
500103004,20231006,1360,23,11,1,25.06864,121.5107,12
500103004,20231006,1361,23,11,1,25.06864,121.5107,12
500103004,20231006,1362,23,11,1,25.06864,121.5107,12
500103004,20231006,1363,23,11,1,25.06864,121.5107,12
500103004,20231006,1364,23,10,1,25.06864,121.5107,13
500103004,20231006,1365,23,10,1,25.06864,121.5107,13
500103004,20231006,1366,23,10,1,25.06864,121.5107,13
500103004,20231006,1367,23,10,1,25.06864,121.5107,13
500103004,20231006,1368,23,10,1,25.06864,121.5107,13
500103004,20231006,1369,23,10,1,25.06864,121.5107,13
500103004,20231006,1370,23,10,1,25.06864,121.5107,13
500103004,20231006,1371,23,10,1,25.06864,121.5107,13
500103004,20231006,1372,23,10,1,25.06864,121.5107,13
500103004,20231006,1373,23,10,1,25.06864,121.5107,13
500103004,20231006,1374,23,9,1,25.06864,121.5107,14
500103004,20231006,1375,23,9,1,25.06864,121.5107,14
500103004,20231006,1376,23,9,1,25.06864,121.5107,14
500103004,20231006,1377,23,9,1,25.06864,121.5107,14
500103004,20231006,1378,23,9,1,25.06864,121.5107,14
500103004,20231006,1379,23,9,1,25.06864,121.5107,14
500103004,20231006,1381,23,9,1,25.06864,121.5107,14
500103004,20231006,1382,23,9,1,25.06864,121.5107,14
500103004,20231006,1383,23,9,1,25.06864,121.5107,14
500103004,20231006,1384,23,9,1,25.06864,121.5107,14
500103004,20231006,1385,23,9,1,25.06864,121.5107,14
500103004,20231006,1386,23,8,1,25.06864,121.5107,15
500103004,20231006,1387,23,8,1,25.06864,121.5107,15
500103004,20231006,1388,23,8,1,25.06864,121.5107,15
500103004,20231006,1389,23,7,1,25.06864,121.5107,16
500103004,20231006,1390,23,7,1,25.06864,121.5107,16
500103004,20231006,1391,23,8,1,25.06864,121.5107,15
500103004,20231006,1392,23,8,1,25.06864,121.5107,15
500103004,20231006,1393,23,7,1,25.06864,121.5107,16
500103004,20231006,1394,23,7,1,25.06864,121.5107,16
500103004,20231006,1395,23,7,1,25.06864,121.5107,16
500103004,20231006,1396,23,7,1,25.06864,121.5107,16
500103004,20231006,1397,23,7,1,25.06864,121.5107,16
500103004,20231006,1398,23,7,1,25.06864,121.5107,16
500103004,20231006,1399,23,7,1,25.06864,121.5107,16
500103004,20231006,1401,23,7,1,25.06864,121.5107,16
500103004,20231006,1402,23,7,1,25.06864,121.5107,16
500103004,20231006,1403,23,7,1,25.06864,121.5107,16
500103004,20231006,1404,23,7,1,25.06864,121.5107,16
500103004,20231006,1405,23,7,1,25.06864,121.5107,16
500103004,20231006,1406,23,7,1,25.06864,121.5107,16
500103004,20231006,1407,23,7,1,25.06864,121.5107,16
500103004,20231006,1408,23,7,1,25.06864,121.5107,16
500103004,20231006,1409,23,7,1,25.06864,121.5107,16
500103004,20231006,1410,23,7,1,25.06864,121.5107,16
500103004,20231006,1411,23,7,1,25.06864,121.5107,16
500103004,20231006,1412,23,7,1,25.06864,121.5107,16
500103004,20231006,1413,23,7,1,25.06864,121.5107,16
500103004,20231006,1414,23,7,1,25.06864,121.5107,16
500103004,20231006,1415,23,7,1,25.06864,121.5107,16
500103004,20231006,1416,23,7,1,25.06864,121.5107,16
500103004,20231006,1417,23,6,1,25.06864,121.5107,17
500103004,20231006,1418,23,6,1,25.06864,121.5107,17
500103004,20231006,1419,23,6,1,25.06864,121.5107,17
500103004,20231006,1420,23,6,1,25.06864,121.5107,17
500103004,20231006,1421,23,6,1,25.06864,121.5107,17
500103004,20231006,1422,23,5,1,25.06864,121.5107,18
500103004,20231006,1423,23,5,1,25.06864,121.5107,18
500103004,20231006,1424,23,5,1,25.06864,121.5107,18
500103004,20231006,1425,23,5,1,25.06864,121.5107,18
500103004,20231006,1426,23,5,1,25.06864,121.5107,18
500103004,20231006,1427,23,5,1,25.06864,121.5107,18
500103004,20231006,1428,23,5,1,25.06864,121.5107,18
500103004,20231006,1429,23,5,1,25.06864,121.5107,18
500103004,20231006,1430,23,5,1,25.06864,121.5107,18
500103004,20231006,1431,23,5,1,25.06864,121.5107,18
500103004,20231006,1432,23,5,1,25.06864,121.5107,18
500103004,20231006,1433,23,5,1,25.06864,121.5107,18
500103004,20231006,1434,23,5,1,25.06864,121.5107,18
500103004,20231006,1435,23,5,1,25.06864,121.5107,18
500103004,20231006,1436,23,5,1,25.06864,121.5107,18
500103004,20231006,1437,23,5,1,25.06864,121.5107,18
500103004,20231006,1438,23,5,1,25.06864,121.5107,18
500103004,20231006,1439,23,5,1,25.06864,121.5107,18
500103004,20231007,1,23,5,1,25.06864,121.5107,18
500103004,20231007,2,23,5,1,25.06864,121.5107,18
500103004,20231007,3,23,5,1,25.06864,121.5107,18
500103004,20231007,4,23,5,1,25.06864,121.5107,18
500103004,20231007,5,23,5,1,25.06864,121.5107,18
500103004,20231007,6,23,5,1,25.06864,121.5107,18
500103004,20231007,7,23,5,1,25.06864,121.5107,18
500103004,20231007,8,23,5,1,25.06864,121.5107,18
500103004,20231007,9,23,5,1,25.06864,121.5107,18
500103004,20231007,10,23,5,1,25.06864,121.5107,18
500103004,20231007,11,23,5,1,25.06864,121.5107,18
500103004,20231007,12,23,5,1,25.06864,121.5107,18
500103004,20231007,13,23,5,1,25.06864,121.5107,18
500103004,20231007,14,23,5,1,25.06864,121.5107,18
500103004,20231007,15,23,4,1,25.06864,121.5107,19
500103004,20231007,16,23,4,1,25.06864,121.5107,19
500103004,20231007,17,23,4,1,25.06864,121.5107,19
500103004,20231007,18,23,4,1,25.06864,121.5107,19
500103004,20231007,19,23,4,1,25.06864,121.5107,19
500103004,20231007,21,23,4,1,25.06864,121.5107,19
500103004,20231007,22,23,4,1,25.06864,121.5107,19
500103004,20231007,23,23,4,1,25.06864,121.5107,19
500103004,20231007,24,23,4,1,25.06864,121.5107,19
500103004,20231007,25,23,4,1,25.06864,121.5107,19
500103004,20231007,26,23,4,1,25.06864,121.5107,19
500103004,20231007,27,23,4,1,25.06864,121.5107,19
500103004,20231007,28,23,4,1,25.06864,121.5107,19
500103004,20231007,29,23,4,1,25.06864,121.5107,19
500103004,20231007,30,23,4,1,25.06864,121.5107,19
500103004,20231007,32,23,4,1,25.06864,121.5107,19
500103004,20231007,33,23,3,1,25.06864,121.5107,20
500103004,20231007,34,23,3,1,25.06864,121.5107,20
500103004,20231007,35,23,3,1,25.06864,121.5107,20
500103004,20231007,36,23,3,1,25.06864,121.5107,20
500103004,20231007,37,23,3,1,25.06864,121.5107,20
500103004,20231007,38,23,3,1,25.06864,121.5107,20
500103004,20231007,39,23,3,1,25.06864,121.5107,20
500103004,20231007,40,23,3,1,25.06864,121.5107,20
500103004,20231007,41,23,3,1,25.06864,121.5107,20
500103004,20231007,42,23,3,1,25.06864,121.5107,20
500103004,20231007,43,23,3,1,25.06864,121.5107,20
500103004,20231007,44,23,3,1,25.06864,121.5107,20
500103004,20231007,45,23,3,1,25.06864,121.5107,20
500103004,20231007,46,23,3,1,25.06864,121.5107,20
500103004,20231007,47,23,3,1,25.06864,121.5107,20
500103004,20231007,48,23,3,1,25.06864,121.5107,20
500103004,20231007,49,23,3,1,25.06864,121.5107,20
500103004,20231007,50,23,3,1,25.06864,121.5107,20
500103004,20231007,52,23,3,1,25.06864,121.5107,20
500103004,20231007,53,23,3,1,25.06864,121.5107,20
500103004,20231007,54,23,3,1,25.06864,121.5107,20
500103004,20231007,55,23,3,1,25.06864,121.5107,20
500103004,20231007,56,23,3,1,25.06864,121.5107,20
500103004,20231007,57,23,3,1,25.06864,121.5107,20
500103004,20231007,58,23,3,1,25.06864,121.5107,20
500103004,20231007,59,23,3,1,25.06864,121.5107,20
500103004,20231007,60,23,3,1,25.06864,121.5107,20
500103004,20231007,61,23,2,1,25.06864,121.5107,21
500103004,20231007,62,23,2,1,25.06864,121.5107,21
500103004,20231007,63,23,2,1,25.06864,121.5107,21
500103004,20231007,64,23,2,1,25.06864,121.5107,21
500103004,20231007,65,23,2,1,25.06864,121.5107,21
500103004,20231007,66,23,2,1,25.06864,121.5107,21
500103004,20231007,67,23,2,1,25.06864,121.5107,21
500103004,20231007,68,23,2,1,25.06864,121.5107,21
500103004,20231007,69,23,2,1,25.06864,121.5107,21
500103004,20231007,70,23,2,1,25.06864,121.5107,21
500103004,20231007,71,23,1,1,25.06864,121.5107,22
500103004,20231007,72,23,1,1,25.06864,121.5107,22
500103004,20231007,73,23,1,1,25.06864,121.5107,22
500103004,20231007,74,23,1,1,25.06864,121.5107,22
500103004,20231007,75,23,1,1,25.06864,121.5107,22
500103004,20231007,76,23,1,1,25.06864,121.5107,22
500103004,20231007,77,23,1,1,25.06864,121.5107,22
500103004,20231007,78,23,1,1,25.06864,121.5107,22
500103004,20231007,79,23,1,1,25.06864,121.5107,22
500103004,20231007,81,23,1,1,25.06864,121.5107,22
500103004,20231007,82,23,1,1,25.06864,121.5107,22
500103004,20231007,84,23,1,1,25.06864,121.5107,22
500103004,20231007,85,23,1,1,25.06864,121.5107,22
500103004,20231007,86,23,1,1,25.06864,121.5107,22
500103004,20231007,88,23,1,1,25.06864,121.5107,22
500103004,20231007,89,23,1,1,25.06864,121.5107,22
500103004,20231007,90,23,1,1,25.06864,121.5107,22
500103004,20231007,91,23,1,1,25.06864,121.5107,22
500103004,20231007,92,23,1,1,25.06864,121.5107,22
500103004,20231007,93,23,1,1,25.06864,121.5107,22
500103004,20231007,94,23,1,1,25.06864,121.5107,22
500103004,20231007,95,23,1,1,25.06864,121.5107,22
500103004,20231007,96,23,1,1,25.06864,121.5107,22
500103004,20231007,97,23,1,1,25.06864,121.5107,22
500103004,20231007,98,23,1,1,25.06864,121.5107,22
500103004,20231007,99,23,1,1,25.06864,121.5107,22
500103004,20231007,100,23,1,1,25.06864,121.5107,22
500103004,20231007,101,23,1,1,25.06864,121.5107,22
500103004,20231007,102,23,1,1,25.06864,121.5107,22
500103004,20231007,103,23,1,1,25.06864,121.5107,22
500103004,20231007,104,23,1,1,25.06864,121.5107,22
500103004,20231007,105,23,1,1,25.06864,121.5107,22
500103004,20231007,106,23,1,1,25.06864,121.5107,22
500103004,20231007,107,23,1,1,25.06864,121.5107,22
500103004,20231007,108,23,1,1,25.06864,121.5107,22
500103004,20231007,109,23,1,1,25.06864,121.5107,22
500103004,20231007,110,23,1,1,25.06864,121.5107,22
500103004,20231007,111,23,1,1,25.06864,121.5107,22
500103004,20231007,112,23,1,1,25.06864,121.5107,22
500103004,20231007,113,23,1,1,25.06864,121.5107,22
500103004,20231007,114,23,1,1,25.06864,121.5107,22
500103004,20231007,115,23,1,1,25.06864,121.5107,22
500103004,20231007,116,23,1,1,25.06864,121.5107,22
500103004,20231007,117,23,1,1,25.06864,121.5107,22
500103004,20231007,118,23,1,1,25.06864,121.5107,22
500103004,20231007,119,23,1,1,25.06864,121.5107,22
500103004,20231007,121,23,1,1,25.06864,121.5107,22
500103004,20231007,122,23,1,1,25.06864,121.5107,22
500103004,20231007,123,23,1,1,25.06864,121.5107,22
500103004,20231007,124,23,1,1,25.06864,121.5107,22
500103004,20231007,125,23,1,1,25.06864,121.5107,22
500103004,20231007,126,23,1,1,25.06864,121.5107,22
500103004,20231007,127,23,1,1,25.06864,121.5107,22
500103004,20231007,128,23,1,1,25.06864,121.5107,22
500103004,20231007,129,23,1,1,25.06864,121.5107,22
500103004,20231007,130,23,1,1,25.06864,121.5107,22
500103004,20231007,131,23,1,1,25.06864,121.5107,22
500103004,20231007,132,23,1,1,25.06864,121.5107,22
500103004,20231007,133,23,1,1,25.06864,121.5107,22
500103004,20231007,134,23,1,1,25.06864,121.5107,22
500103004,20231007,135,23,1,1,25.06864,121.5107,22
500103004,20231007,137,23,1,1,25.06864,121.5107,22
500103004,20231007,138,23,1,1,25.06864,121.5107,22
500103004,20231007,139,23,1,1,25.06864,121.5107,22
500103004,20231007,141,23,1,1,25.06864,121.5107,22
500103004,20231007,142,23,1,1,25.06864,121.5107,22
500103004,20231007,143,23,0,1,25.06864,121.5107,23
500103004,20231007,144,23,0,1,25.06864,121.5107,23
500103004,20231007,145,23,0,1,25.06864,121.5107,23
500103004,20231007,146,23,0,1,25.06864,121.5107,23
500103004,20231007,147,23,0,1,25.06864,121.5107,23
500103004,20231007,148,23,0,1,25.06864,121.5107,23
500103004,20231007,149,23,0,1,25.06864,121.5107,23
500103004,20231007,150,23,0,1,25.06864,121.5107,23
500103004,20231007,151,23,0,1,25.06864,121.5107,23
500103004,20231007,152,23,0,1,25.06864,121.5107,23
500103004,20231007,153,23,0,1,25.06864,121.5107,23
500103004,20231007,154,23,0,1,25.06864,121.5107,23
500103004,20231007,155,23,0,1,25.06864,121.5107,23
500103004,20231007,156,23,0,1,25.06864,121.5107,23
500103004,20231007,157,23,0,1,25.06864,121.5107,23
500103004,20231007,158,23,0,1,25.06864,121.5107,23
500103004,20231007,159,23,0,1,25.06864,121.5107,23
500103004,20231007,160,23,0,1,25.06864,121.5107,23
500103004,20231007,161,23,0,1,25.06864,121.5107,23
500103004,20231007,162,23,0,1,25.06864,121.5107,23
500103004,20231007,163,23,1,1,25.06864,121.5107,22
500103004,20231007,164,23,0,1,25.06864,121.5107,23
500103004,20231007,165,23,0,1,25.06864,121.5107,23
500103004,20231007,166,23,0,1,25.06864,121.5107,23
500103004,20231007,167,23,0,1,25.06864,121.5107,23
500103004,20231007,168,23,0,1,25.06864,121.5107,23
500103004,20231007,169,23,0,1,25.06864,121.5107,23
500103004,20231007,170,23,0,1,25.06864,121.5107,23
500103004,20231007,171,23,0,1,25.06864,121.5107,23
500103004,20231007,172,23,0,1,25.06864,121.5107,23
500103004,20231007,173,23,0,1,25.06864,121.5107,23
500103004,20231007,174,23,0,1,25.06864,121.5107,23
500103004,20231007,175,23,0,1,25.06864,121.5107,23
500103004,20231007,176,23,0,1,25.06864,121.5107,23
500103004,20231007,177,23,0,1,25.06864,121.5107,23
500103004,20231007,178,23,0,1,25.06864,121.5107,23
500103004,20231007,179,23,0,1,25.06864,121.5107,23
500103004,20231007,180,23,0,1,25.06864,121.5107,23
500103004,20231007,181,23,0,1,25.06864,121.5107,23
500103004,20231007,182,23,0,1,25.06864,121.5107,23
500103004,20231007,183,23,0,1,25.06864,121.5107,23
500103004,20231007,184,23,1,1,25.06864,121.5107,22
500103004,20231007,185,23,1,1,25.06864,121.5107,22
500103004,20231007,186,23,1,1,25.06864,121.5107,22
500103004,20231007,187,23,1,1,25.06864,121.5107,22
500103004,20231007,188,23,1,1,25.06864,121.5107,22
500103004,20231007,189,23,1,1,25.06864,121.5107,22
500103004,20231007,190,23,1,1,25.06864,121.5107,22
500103004,20231007,191,23,1,1,25.06864,121.5107,22
500103004,20231007,192,23,1,1,25.06864,121.5107,22
500103004,20231007,193,23,1,1,25.06864,121.5107,22
500103004,20231007,194,23,1,1,25.06864,121.5107,22
500103004,20231007,195,23,1,1,25.06864,121.5107,22
500103004,20231007,196,23,1,1,25.06864,121.5107,22
500103004,20231007,197,23,1,1,25.06864,121.5107,22
500103004,20231007,198,23,1,1,25.06864,121.5107,22
500103004,20231007,199,23,1,1,25.06864,121.5107,22
500103004,20231007,201,23,1,1,25.06864,121.5107,22
500103004,20231007,202,23,1,1,25.06864,121.5107,22
500103004,20231007,203,23,1,1,25.06864,121.5107,22
500103004,20231007,204,23,1,1,25.06864,121.5107,22
500103004,20231007,205,23,1,1,25.06864,121.5107,22
500103004,20231007,206,23,1,1,25.06864,121.5107,22
500103004,20231007,207,23,1,1,25.06864,121.5107,22
500103004,20231007,208,23,1,1,25.06864,121.5107,22
500103004,20231007,209,23,1,1,25.06864,121.5107,22
500103004,20231007,210,23,1,1,25.06864,121.5107,22
500103004,20231007,211,23,1,1,25.06864,121.5107,22
500103004,20231007,212,23,1,1,25.06864,121.5107,22
500103004,20231007,213,23,1,1,25.06864,121.5107,22
500103004,20231007,214,23,1,1,25.06864,121.5107,22
500103004,20231007,215,23,1,1,25.06864,121.5107,22
500103004,20231007,216,23,1,1,25.06864,121.5107,22
500103004,20231007,217,23,1,1,25.06864,121.5107,22
500103004,20231007,218,23,1,1,25.06864,121.5107,22
500103004,20231007,219,23,1,1,25.06864,121.5107,22
500103004,20231007,220,23,1,1,25.06864,121.5107,22
500103004,20231007,221,23,1,1,25.06864,121.5107,22
500103004,20231007,222,23,1,1,25.06864,121.5107,22
500103004,20231007,223,23,1,1,25.06864,121.5107,22
500103004,20231007,224,23,1,1,25.06864,121.5107,22
500103004,20231007,225,23,1,1,25.06864,121.5107,22
500103004,20231007,226,23,1,1,25.06864,121.5107,22
500103004,20231007,227,23,1,1,25.06864,121.5107,22
500103004,20231007,228,23,1,1,25.06864,121.5107,22
500103004,20231007,229,23,1,1,25.06864,121.5107,22
500103004,20231007,230,23,1,1,25.06864,121.5107,22
500103004,20231007,231,23,1,1,25.06864,121.5107,22
500103004,20231007,232,23,1,1,25.06864,121.5107,22
500103004,20231007,233,23,1,1,25.06864,121.5107,22
500103004,20231007,234,23,1,1,25.06864,121.5107,22
500103004,20231007,235,23,1,1,25.06864,121.5107,22
500103004,20231007,236,23,1,1,25.06864,121.5107,22
500103004,20231007,237,23,1,1,25.06864,121.5107,22
500103004,20231007,238,23,1,1,25.06864,121.5107,22
500103004,20231007,239,23,1,1,25.06864,121.5107,22
500103004,20231007,240,23,1,1,25.06864,121.5107,22
500103004,20231007,241,23,1,1,25.06864,121.5107,22
500103004,20231007,242,23,1,1,25.06864,121.5107,22
500103004,20231007,243,23,1,1,25.06864,121.5107,22
500103004,20231007,244,23,1,1,25.06864,121.5107,22
500103004,20231007,245,23,1,1,25.06864,121.5107,22
500103004,20231007,246,23,1,1,25.06864,121.5107,22
500103004,20231007,247,23,1,1,25.06864,121.5107,22
500103004,20231007,248,23,1,1,25.06864,121.5107,22
500103004,20231007,249,23,1,1,25.06864,121.5107,22
500103004,20231007,250,23,1,1,25.06864,121.5107,22
500103004,20231007,251,23,1,1,25.06864,121.5107,22
500103004,20231007,252,23,1,1,25.06864,121.5107,22
500103004,20231007,253,23,1,1,25.06864,121.5107,22
500103004,20231007,254,23,1,1,25.06864,121.5107,22
500103004,20231007,255,23,1,1,25.06864,121.5107,22
500103004,20231007,256,23,1,1,25.06864,121.5107,22
500103004,20231007,257,23,1,1,25.06864,121.5107,22
500103004,20231007,258,23,1,1,25.06864,121.5107,22
500103004,20231007,259,23,1,1,25.06864,121.5107,22
500103004,20231007,261,23,1,1,25.06864,121.5107,22
500103004,20231007,262,23,1,1,25.06864,121.5107,22
500103004,20231007,263,23,1,1,25.06864,121.5107,22
500103004,20231007,264,23,1,1,25.06864,121.5107,22
500103004,20231007,265,23,1,1,25.06864,121.5107,22
500103004,20231007,266,23,1,1,25.06864,121.5107,22
500103004,20231007,267,23,1,1,25.06864,121.5107,22
500103004,20231007,268,23,1,1,25.06864,121.5107,22
500103004,20231007,269,23,1,1,25.06864,121.5107,22
500103004,20231007,270,23,1,1,25.06864,121.5107,22
500103004,20231007,271,23,1,1,25.06864,121.5107,22
500103004,20231007,272,23,1,1,25.06864,121.5107,22
500103004,20231007,273,23,1,1,25.06864,121.5107,22
500103004,20231007,274,23,1,1,25.06864,121.5107,22
500103004,20231007,275,23,1,1,25.06864,121.5107,22
500103004,20231007,276,23,1,1,25.06864,121.5107,22
500103004,20231007,277,23,1,1,25.06864,121.5107,22
500103004,20231007,278,23,1,1,25.06864,121.5107,22
500103004,20231007,279,23,1,1,25.06864,121.5107,22
500103004,20231007,280,23,1,1,25.06864,121.5107,22
500103004,20231007,281,23,1,1,25.06864,121.5107,22
500103004,20231007,282,23,1,1,25.06864,121.5107,22
500103004,20231007,283,23,1,1,25.06864,121.5107,22
500103004,20231007,284,23,1,1,25.06864,121.5107,22
500103004,20231007,285,23,1,1,25.06864,121.5107,22
500103004,20231007,286,23,1,1,25.06864,121.5107,22
500103004,20231007,287,23,1,1,25.06864,121.5107,22
500103004,20231007,288,23,1,1,25.06864,121.5107,22
500103004,20231007,289,23,1,1,25.06864,121.5107,22
500103004,20231007,290,23,1,1,25.06864,121.5107,22
500103004,20231007,291,23,1,1,25.06864,121.5107,22
500103004,20231007,292,23,1,1,25.06864,121.5107,22
500103004,20231007,293,23,1,1,25.06864,121.5107,22
500103004,20231007,294,23,1,1,25.06864,121.5107,22
500103004,20231007,295,23,1,1,25.06864,121.5107,22
500103004,20231007,296,23,1,1,25.06864,121.5107,22
500103004,20231007,297,23,1,1,25.06864,121.5107,22
500103004,20231007,298,23,1,1,25.06864,121.5107,22
500103004,20231007,299,23,1,1,25.06864,121.5107,22
500103004,20231007,300,23,1,1,25.06864,121.5107,22
500103004,20231007,301,23,1,1,25.06864,121.5107,22
500103004,20231007,302,23,1,1,25.06864,121.5107,22
500103004,20231007,303,23,1,1,25.06864,121.5107,22
500103004,20231007,304,23,1,1,25.06864,121.5107,22
500103004,20231007,305,23,1,1,25.06864,121.5107,22
500103004,20231007,306,23,1,1,25.06864,121.5107,22
500103004,20231007,307,23,1,1,25.06864,121.5107,22
500103004,20231007,308,23,1,1,25.06864,121.5107,22
500103004,20231007,309,23,1,1,25.06864,121.5107,22
500103004,20231007,310,23,1,1,25.06864,121.5107,22
500103004,20231007,311,23,1,1,25.06864,121.5107,22
500103004,20231007,312,23,1,1,25.06864,121.5107,22
500103004,20231007,313,23,1,1,25.06864,121.5107,22
500103004,20231007,314,23,1,1,25.06864,121.5107,22
500103004,20231007,315,23,1,1,25.06864,121.5107,22
500103004,20231007,316,23,2,1,25.06864,121.5107,21
500103004,20231007,317,23,2,1,25.06864,121.5107,21
500103004,20231007,318,23,2,1,25.06864,121.5107,21
500103004,20231007,319,23,2,1,25.06864,121.5107,21
500103004,20231007,321,23,2,1,25.06864,121.5107,21
500103004,20231007,322,23,2,1,25.06864,121.5107,21
500103004,20231007,323,23,2,1,25.06864,121.5107,21
500103004,20231007,324,23,2,1,25.06864,121.5107,21
500103004,20231007,325,23,2,1,25.06864,121.5107,21
500103004,20231007,326,23,2,1,25.06864,121.5107,21
500103004,20231007,327,23,2,1,25.06864,121.5107,21
500103004,20231007,328,23,2,1,25.06864,121.5107,21
500103004,20231007,329,23,2,1,25.06864,121.5107,21
500103004,20231007,330,23,2,1,25.06864,121.5107,21
500103004,20231007,331,23,2,1,25.06864,121.5107,21
500103004,20231007,332,23,2,1,25.06864,121.5107,21
500103004,20231007,333,23,2,1,25.06864,121.5107,21
500103004,20231007,334,23,2,1,25.06864,121.5107,21
500103004,20231007,335,23,2,1,25.06864,121.5107,21
500103004,20231007,336,23,2,1,25.06864,121.5107,21
500103004,20231007,337,23,2,1,25.06864,121.5107,21
500103004,20231007,338,23,2,1,25.06864,121.5107,21
500103004,20231007,339,23,1,1,25.06864,121.5107,22
500103004,20231007,340,23,1,1,25.06864,121.5107,22
500103004,20231007,341,23,1,1,25.06864,121.5107,22
500103004,20231007,342,23,1,1,25.06864,121.5107,22
500103004,20231007,343,23,1,1,25.06864,121.5107,22
500103004,20231007,344,23,1,1,25.06864,121.5107,22
500103004,20231007,345,23,1,1,25.06864,121.5107,22
500103004,20231007,346,23,1,1,25.06864,121.5107,22
500103004,20231007,347,23,1,1,25.06864,121.5107,22
500103004,20231007,348,23,1,1,25.06864,121.5107,22
500103004,20231007,349,23,1,1,25.06864,121.5107,22
500103004,20231007,350,23,1,1,25.06864,121.5107,22
500103004,20231007,351,23,1,1,25.06864,121.5107,22
500103004,20231007,352,23,1,1,25.06864,121.5107,22
500103004,20231007,353,23,1,1,25.06864,121.5107,22
500103004,20231007,354,23,1,1,25.06864,121.5107,22
500103004,20231007,355,23,1,1,25.06864,121.5107,22
500103004,20231007,356,23,1,1,25.06864,121.5107,22
500103004,20231007,357,23,1,1,25.06864,121.5107,22
500103004,20231007,358,23,1,1,25.06864,121.5107,22
500103004,20231007,359,23,1,1,25.06864,121.5107,22
500103004,20231007,360,23,1,1,25.06864,121.5107,22
500103004,20231007,361,23,1,1,25.06864,121.5107,22
500103004,20231007,362,23,1,1,25.06864,121.5107,22
500103004,20231007,363,23,1,1,25.06864,121.5107,22
500103004,20231007,364,23,1,1,25.06864,121.5107,22
500103004,20231007,365,23,1,1,25.06864,121.5107,22
500103004,20231007,366,23,1,1,25.06864,121.5107,22
500103004,20231007,367,23,1,1,25.06864,121.5107,22
500103004,20231007,368,23,2,1,25.06864,121.5107,21
500103004,20231007,369,23,2,1,25.06864,121.5107,21
500103004,20231007,370,23,1,1,25.06864,121.5107,22
500103004,20231007,371,23,1,1,25.06864,121.5107,22
500103004,20231007,372,23,1,1,25.06864,121.5107,22
500103004,20231007,373,23,1,1,25.06864,121.5107,22
500103004,20231007,374,23,1,1,25.06864,121.5107,22
500103004,20231007,375,23,1,1,25.06864,121.5107,22
500103004,20231007,376,23,1,1,25.06864,121.5107,22
500103004,20231007,377,23,1,1,25.06864,121.5107,22
500103004,20231007,379,23,1,1,25.06864,121.5107,22
500103004,20231007,381,23,1,1,25.06864,121.5107,22
500103004,20231007,382,23,1,1,25.06864,121.5107,22
500103004,20231007,383,23,1,1,25.06864,121.5107,22
500103004,20231007,384,23,1,1,25.06864,121.5107,22
500103004,20231007,385,23,1,1,25.06864,121.5107,22
500103004,20231007,386,23,1,1,25.06864,121.5107,22
500103004,20231007,387,23,1,1,25.06864,121.5107,22
500103004,20231007,388,23,1,1,25.06864,121.5107,22
500103004,20231007,389,23,1,1,25.06864,121.5107,22
500103004,20231007,390,23,2,1,25.06864,121.5107,21
500103004,20231007,391,23,2,1,25.06864,121.5107,21
500103004,20231007,392,23,1,1,25.06864,121.5107,22
500103004,20231007,393,23,1,1,25.06864,121.5107,22
500103004,20231007,394,23,1,1,25.06864,121.5107,22
500103004,20231007,395,23,1,1,25.06864,121.5107,22
500103004,20231007,396,23,1,1,25.06864,121.5107,22
500103004,20231007,397,23,1,1,25.06864,121.5107,22
500103004,20231007,398,23,1,1,25.06864,121.5107,22
500103004,20231007,399,23,1,1,25.06864,121.5107,22
500103004,20231007,400,23,1,1,25.06864,121.5107,22
500103004,20231007,401,23,1,1,25.06864,121.5107,22
500103004,20231007,402,23,1,1,25.06864,121.5107,22
500103004,20231007,403,23,1,1,25.06864,121.5107,22
500103004,20231007,404,23,1,1,25.06864,121.5107,22
500103004,20231007,405,23,1,1,25.06864,121.5107,22
500103004,20231007,406,23,1,1,25.06864,121.5107,22
500103004,20231007,407,23,1,1,25.06864,121.5107,22
500103004,20231007,408,23,1,1,25.06864,121.5107,22
500103004,20231007,409,23,1,1,25.06864,121.5107,22
500103004,20231007,410,23,0,1,25.06864,121.5107,23
500103004,20231007,411,23,0,1,25.06864,121.5107,23
500103004,20231007,412,23,1,1,25.06864,121.5107,22
500103004,20231007,413,23,1,1,25.06864,121.5107,22
500103004,20231007,414,23,1,1,25.06864,121.5107,22
500103004,20231007,415,23,1,1,25.06864,121.5107,22
500103004,20231007,416,23,2,1,25.06864,121.5107,21
500103004,20231007,417,23,2,1,25.06864,121.5107,21
500103004,20231007,418,23,2,1,25.06864,121.5107,21
500103004,20231007,419,23,2,1,25.06864,121.5107,21
500103004,20231007,420,23,2,1,25.06864,121.5107,21
500103004,20231007,421,23,2,1,25.06864,121.5107,21
500103004,20231007,422,23,2,1,25.06864,121.5107,21
500103004,20231007,423,23,2,1,25.06864,121.5107,21
500103004,20231007,424,23,2,1,25.06864,121.5107,21
500103004,20231007,425,23,2,1,25.06864,121.5107,21
500103004,20231007,426,23,2,1,25.06864,121.5107,21
500103004,20231007,427,23,2,1,25.06864,121.5107,21
500103004,20231007,428,23,2,1,25.06864,121.5107,21
500103004,20231007,429,23,2,1,25.06864,121.5107,21
500103004,20231007,430,23,2,1,25.06864,121.5107,21
500103004,20231007,431,23,2,1,25.06864,121.5107,21
500103004,20231007,432,23,2,1,25.06864,121.5107,21
500103004,20231007,433,23,2,1,25.06864,121.5107,21
500103004,20231007,434,23,2,1,25.06864,121.5107,21
500103004,20231007,435,23,3,1,25.06864,121.5107,20
500103004,20231007,436,23,3,1,25.06864,121.5107,20
500103004,20231007,437,23,3,1,25.06864,121.5107,20
500103004,20231007,438,23,3,1,25.06864,121.5107,20
500103004,20231007,439,23,3,1,25.06864,121.5107,20
500103004,20231007,441,23,2,1,25.06864,121.5107,21
500103004,20231007,442,23,2,1,25.06864,121.5107,21
500103004,20231007,443,23,2,1,25.06864,121.5107,21
500103004,20231007,444,23,2,1,25.06864,121.5107,21
500103004,20231007,445,23,3,1,25.06864,121.5107,20
500103004,20231007,446,23,3,1,25.06864,121.5107,20
500103004,20231007,447,23,3,1,25.06864,121.5107,20
500103004,20231007,448,23,3,1,25.06864,121.5107,20
500103004,20231007,449,23,3,1,25.06864,121.5107,20
500103004,20231007,450,23,3,1,25.06864,121.5107,20
500103004,20231007,451,23,3,1,25.06864,121.5107,20
500103004,20231007,452,23,3,1,25.06864,121.5107,20
500103004,20231007,453,23,3,1,25.06864,121.5107,20
500103004,20231007,454,23,3,1,25.06864,121.5107,20
500103004,20231007,455,23,3,1,25.06864,121.5107,20
500103004,20231007,456,23,3,1,25.06864,121.5107,20
500103004,20231007,457,23,3,1,25.06864,121.5107,20
500103004,20231007,458,23,3,1,25.06864,121.5107,20
500103004,20231007,459,23,4,1,25.06864,121.5107,19
500103004,20231007,460,23,3,1,25.06864,121.5107,20
500103004,20231007,461,23,3,1,25.06864,121.5107,20
500103004,20231007,462,23,3,1,25.06864,121.5107,20
500103004,20231007,463,23,3,1,25.06864,121.5107,20
500103004,20231007,464,23,3,1,25.06864,121.5107,20
500103004,20231007,465,23,2,1,25.06864,121.5107,21
500103004,20231007,466,23,2,1,25.06864,121.5107,21
500103004,20231007,467,23,2,1,25.06864,121.5107,21
500103004,20231007,468,23,2,1,25.06864,121.5107,21
500103004,20231007,469,23,2,1,25.06864,121.5107,21
500103004,20231007,470,23,2,1,25.06864,121.5107,21
500103004,20231007,471,23,1,1,25.06864,121.5107,22
500103004,20231007,472,23,1,1,25.06864,121.5107,22
500103004,20231007,473,23,1,1,25.06864,121.5107,22
500103004,20231007,474,23,1,1,25.06864,121.5107,22
500103004,20231007,475,23,1,1,25.06864,121.5107,22
500103004,20231007,476,23,1,1,25.06864,121.5107,22
500103004,20231007,477,23,1,1,25.06864,121.5107,22
500103004,20231007,478,23,1,1,25.06864,121.5107,22
500103004,20231007,479,23,0,1,25.06864,121.5107,23
500103004,20231007,481,23,0,1,25.06864,121.5107,23
500103004,20231007,482,23,0,1,25.06864,121.5107,23
500103004,20231007,483,23,0,1,25.06864,121.5107,23
500103004,20231007,484,23,0,1,25.06864,121.5107,23
500103004,20231007,485,23,1,1,25.06864,121.5107,22
500103004,20231007,486,23,1,1,25.06864,121.5107,22
500103004,20231007,487,23,1,1,25.06864,121.5107,22
500103004,20231007,488,23,0,1,25.06864,121.5107,23
500103004,20231007,489,23,0,1,25.06864,121.5107,23
500103004,20231007,490,23,0,1,25.06864,121.5107,23
500103004,20231007,491,23,0,1,25.06864,121.5107,23
500103004,20231007,492,23,0,1,25.06864,121.5107,23
500103004,20231007,493,23,0,1,25.06864,121.5107,23
500103004,20231007,494,23,0,1,25.06864,121.5107,23
500103004,20231007,495,23,0,1,25.06864,121.5107,23
500103004,20231007,496,23,1,1,25.06864,121.5107,22
500103004,20231007,497,23,1,1,25.06864,121.5107,22
500103004,20231007,498,23,1,1,25.06864,121.5107,22
500103004,20231007,499,23,1,1,25.06864,121.5107,22
500103004,20231007,501,23,1,1,25.06864,121.5107,22
500103004,20231007,502,23,1,1,25.06864,121.5107,22
500103004,20231007,503,23,1,1,25.06864,121.5107,22
500103004,20231007,504,23,2,1,25.06864,121.5107,21
500103004,20231007,505,23,0,1,25.06864,121.5107,23
500103004,20231007,506,23,0,1,25.06864,121.5107,23
500103004,20231007,507,23,0,1,25.06864,121.5107,23
500103004,20231007,508,23,0,1,25.06864,121.5107,23
500103004,20231007,509,23,0,1,25.06864,121.5107,23
500103004,20231007,511,23,1,1,25.06864,121.5107,22
500103004,20231007,512,23,1,1,25.06864,121.5107,22
500103004,20231007,513,23,0,1,25.06864,121.5107,23
500103004,20231007,514,23,0,1,25.06864,121.5107,23
500103004,20231007,515,23,0,1,25.06864,121.5107,23
500103004,20231007,516,23,1,1,25.06864,121.5107,22
500103004,20231007,517,23,1,1,25.06864,121.5107,22
500103004,20231007,518,23,1,1,25.06864,121.5107,22
500103004,20231007,519,23,2,1,25.06864,121.5107,21
500103004,20231007,520,23,2,1,25.06864,121.5107,21
500103004,20231007,521,23,2,1,25.06864,121.5107,21
500103004,20231007,522,23,2,1,25.06864,121.5107,21
500103004,20231007,523,23,2,1,25.06864,121.5107,21
500103004,20231007,524,23,2,1,25.06864,121.5107,21
500103004,20231007,525,23,2,1,25.06864,121.5107,21
500103004,20231007,526,23,2,1,25.06864,121.5107,21
500103004,20231007,527,23,3,1,25.06864,121.5107,20
500103004,20231007,528,23,3,1,25.06864,121.5107,20
500103004,20231007,529,23,3,1,25.06864,121.5107,20
500103004,20231007,530,23,3,1,25.06864,121.5107,20
500103004,20231007,531,23,4,1,25.06864,121.5107,19
500103004,20231007,532,23,4,1,25.06864,121.5107,19
500103004,20231007,533,23,4,1,25.06864,121.5107,19
500103004,20231007,534,23,4,1,25.06864,121.5107,19
500103004,20231007,535,23,4,1,25.06864,121.5107,19
500103004,20231007,536,23,7,1,25.06864,121.5107,16
500103004,20231007,537,23,7,1,25.06864,121.5107,16
500103004,20231007,538,23,7,1,25.06864,121.5107,16
500103004,20231007,539,23,8,1,25.06864,121.5107,15
500103004,20231007,541,23,8,1,25.06864,121.5107,15
500103004,20231007,542,23,8,1,25.06864,121.5107,15
500103004,20231007,543,23,8,1,25.06864,121.5107,15
500103004,20231007,544,23,8,1,25.06864,121.5107,15
500103004,20231007,545,23,8,1,25.06864,121.5107,15
500103004,20231007,546,23,9,1,25.06864,121.5107,14
500103004,20231007,547,23,9,1,25.06864,121.5107,14
500103004,20231007,548,23,9,1,25.06864,121.5107,14
500103004,20231007,549,23,9,1,25.06864,121.5107,14
500103004,20231007,550,23,10,1,25.06864,121.5107,13
500103004,20231007,551,23,12,1,25.06864,121.5107,11
500103004,20231007,552,23,12,1,25.06864,121.5107,11
500103004,20231007,553,23,11,1,25.06864,121.5107,12
500103004,20231007,554,23,12,1,25.06864,121.5107,11
500103004,20231007,555,23,12,1,25.06864,121.5107,11
500103004,20231007,556,23,12,1,25.06864,121.5107,11
500103004,20231007,557,23,12,1,25.06864,121.5107,11
500103004,20231007,558,23,12,1,25.06864,121.5107,11
500103004,20231007,559,23,12,1,25.06864,121.5107,11
500103004,20231007,561,23,12,1,25.06864,121.5107,11
500103004,20231007,562,23,14,1,25.06864,121.5107,9
500103004,20231007,563,23,14,1,25.06864,121.5107,9
500103004,20231007,564,23,14,1,25.06864,121.5107,9
500103004,20231007,565,23,15,1,25.06864,121.5107,8
500103004,20231007,566,23,15,1,25.06864,121.5107,8
500103004,20231007,567,23,15,1,25.06864,121.5107,8
500103004,20231007,568,23,15,1,25.06864,121.5107,8
500103004,20231007,569,23,15,1,25.06864,121.5107,8
500103004,20231007,571,23,15,1,25.06864,121.5107,8
500103004,20231007,572,23,14,1,25.06864,121.5107,9
500103004,20231007,573,23,14,1,25.06864,121.5107,9
500103004,20231007,574,23,14,1,25.06864,121.5107,9
500103004,20231007,575,23,14,1,25.06864,121.5107,9
500103004,20231007,576,23,14,1,25.06864,121.5107,9
500103004,20231007,577,23,14,1,25.06864,121.5107,9
500103004,20231007,578,23,14,1,25.06864,121.5107,9
500103004,20231007,579,23,15,1,25.06864,121.5107,8
500103004,20231007,580,23,15,1,25.06864,121.5107,8
500103004,20231007,581,23,15,1,25.06864,121.5107,8
500103004,20231007,582,23,15,1,25.06864,121.5107,8
500103004,20231007,583,23,15,1,25.06864,121.5107,8
500103004,20231007,584,23,15,1,25.06864,121.5107,8
500103004,20231007,585,23,15,1,25.06864,121.5107,8
500103004,20231007,586,23,15,1,25.06864,121.5107,8
500103004,20231007,587,23,16,1,25.06864,121.5107,7
500103004,20231007,588,23,16,1,25.06864,121.5107,7
500103004,20231007,589,23,16,1,25.06864,121.5107,7
500103004,20231007,590,23,16,1,25.06864,121.5107,7
500103004,20231007,591,23,16,1,25.06864,121.5107,7
500103004,20231007,592,23,17,1,25.06864,121.5107,6
500103004,20231007,593,23,17,1,25.06864,121.5107,6
500103004,20231007,594,23,17,1,25.06864,121.5107,6
500103004,20231007,595,23,17,1,25.06864,121.5107,6
500103004,20231007,596,23,17,1,25.06864,121.5107,6
500103004,20231007,597,23,17,1,25.06864,121.5107,6
500103004,20231007,598,23,17,1,25.06864,121.5107,6
500103004,20231007,599,23,17,1,25.06864,121.5107,6
500103004,20231007,601,23,17,1,25.06864,121.5107,6
500103004,20231007,602,23,17,1,25.06864,121.5107,6
500103004,20231007,603,23,17,1,25.06864,121.5107,6
500103004,20231007,604,23,17,1,25.06864,121.5107,6
500103004,20231007,605,23,17,1,25.06864,121.5107,6
500103004,20231007,606,23,17,1,25.06864,121.5107,6
500103004,20231007,607,23,16,1,25.06864,121.5107,7
500103004,20231007,608,23,16,1,25.06864,121.5107,7
500103004,20231007,609,23,16,1,25.06864,121.5107,7
500103004,20231007,610,23,17,1,25.06864,121.5107,6
500103004,20231007,611,23,17,1,25.06864,121.5107,6
500103004,20231007,612,23,17,1,25.06864,121.5107,6
500103004,20231007,613,23,17,1,25.06864,121.5107,6
500103004,20231007,614,23,17,1,25.06864,121.5107,6
500103004,20231007,615,23,18,1,25.06864,121.5107,5
500103004,20231007,616,23,18,1,25.06864,121.5107,5
500103004,20231007,617,23,18,1,25.06864,121.5107,5
500103004,20231007,618,23,18,1,25.06864,121.5107,5
500103004,20231007,619,23,20,1,25.06864,121.5107,3
500103004,20231007,621,23,20,1,25.06864,121.5107,3
500103004,20231007,622,23,20,1,25.06864,121.5107,3
500103004,20231007,623,23,20,1,25.06864,121.5107,3
500103004,20231007,624,23,20,1,25.06864,121.5107,3
500103004,20231007,625,23,20,1,25.06864,121.5107,3
500103004,20231007,626,23,20,1,25.06864,121.5107,3
500103004,20231007,627,23,21,1,25.06864,121.5107,2
500103004,20231007,628,23,21,1,25.06864,121.5107,2
500103004,20231007,629,23,21,1,25.06864,121.5107,2
500103004,20231007,631,23,21,1,25.06864,121.5107,2
500103004,20231007,632,23,22,1,25.06864,121.5107,1
500103004,20231007,633,23,22,1,25.06864,121.5107,1
500103004,20231007,634,23,23,1,25.06864,121.5107,0
500103004,20231007,635,23,23,1,25.06864,121.5107,0
500103004,20231007,636,23,23,1,25.06864,121.5107,0
500103004,20231007,637,23,23,1,25.06864,121.5107,0
500103004,20231007,638,23,23,1,25.06864,121.5107,0
500103004,20231007,639,23,23,1,25.06864,121.5107,0
500103004,20231007,640,23,23,1,25.06864,121.5107,0
500103004,20231007,641,23,22,1,25.06864,121.5107,1
500103004,20231007,642,23,23,1,25.06864,121.5107,0
500103004,20231007,643,23,23,1,25.06864,121.5107,0
500103004,20231007,644,23,23,1,25.06864,121.5107,0
500103004,20231007,645,23,23,1,25.06864,121.5107,0
500103004,20231007,646,23,23,1,25.06864,121.5107,0
500103004,20231007,647,23,23,1,25.06864,121.5107,0
500103004,20231007,648,23,23,1,25.06864,121.5107,0
500103004,20231007,649,23,23,1,25.06864,121.5107,0
500103004,20231007,650,23,23,1,25.06864,121.5107,0
500103004,20231007,651,23,23,1,25.06864,121.5107,0
500103004,20231007,652,23,23,1,25.06864,121.5107,0
500103004,20231007,653,23,23,1,25.06864,121.5107,0
500103004,20231007,654,23,22,1,25.06864,121.5107,1
500103004,20231007,655,23,22,1,25.06864,121.5107,1
500103004,20231007,656,23,23,1,25.06864,121.5107,0
500103004,20231007,657,23,23,1,25.06864,121.5107,0
500103004,20231007,658,23,23,1,25.06864,121.5107,0
500103004,20231007,659,23,23,1,25.06864,121.5107,0
500103004,20231007,661,23,23,1,25.06864,121.5107,0
500103004,20231007,662,23,23,1,25.06864,121.5107,0
500103004,20231007,663,23,23,1,25.06864,121.5107,0
500103004,20231007,664,23,23,1,25.06864,121.5107,0
500103004,20231007,665,23,23,1,25.06864,121.5107,0
500103004,20231007,666,23,23,1,25.06864,121.5107,0
500103004,20231007,667,23,23,1,25.06864,121.5107,0
500103004,20231007,668,23,23,1,25.06864,121.5107,0
500103004,20231007,669,23,23,1,25.06864,121.5107,0
500103004,20231007,670,23,23,1,25.06864,121.5107,0
500103004,20231007,671,23,23,1,25.06864,121.5107,0
500103004,20231007,672,23,23,1,25.06864,121.5107,0
500103004,20231007,673,23,23,1,25.06864,121.5107,0
500103004,20231007,674,23,23,1,25.06864,121.5107,0
500103004,20231007,675,23,23,1,25.06864,121.5107,0
500103004,20231007,676,23,23,1,25.06864,121.5107,0
500103004,20231007,677,23,23,1,25.06864,121.5107,0
500103004,20231007,678,23,23,1,25.06864,121.5107,0
500103004,20231007,679,23,23,1,25.06864,121.5107,0
500103004,20231007,681,23,23,1,25.06864,121.5107,0
500103004,20231007,682,23,23,1,25.06864,121.5107,0
500103004,20231007,683,23,23,1,25.06864,121.5107,0
500103004,20231007,684,23,22,1,25.06864,121.5107,1
500103004,20231007,685,23,23,1,25.06864,121.5107,0
500103004,20231007,686,23,23,1,25.06864,121.5107,0
500103004,20231007,687,23,23,1,25.06864,121.5107,0
500103004,20231007,688,23,23,1,25.06864,121.5107,0
500103004,20231007,689,23,23,1,25.06864,121.5107,0
500103004,20231007,691,23,23,1,25.06864,121.5107,0
500103004,20231007,692,23,23,1,25.06864,121.5107,0
500103004,20231007,693,23,23,1,25.06864,121.5107,0
500103004,20231007,694,23,23,1,25.06864,121.5107,0
500103004,20231007,695,23,23,1,25.06864,121.5107,0
500103004,20231007,696,23,23,1,25.06864,121.5107,0
500103004,20231007,697,23,23,1,25.06864,121.5107,0
500103004,20231007,698,23,23,1,25.06864,121.5107,0
500103004,20231007,699,23,23,1,25.06864,121.5107,0
500103004,20231007,701,23,23,1,25.06864,121.5107,0
500103004,20231007,702,23,23,1,25.06864,121.5107,0
500103004,20231007,703,23,23,1,25.06864,121.5107,0
500103004,20231007,704,23,23,1,25.06864,121.5107,0
500103004,20231007,705,23,23,1,25.06864,121.5107,0
500103004,20231007,706,23,23,1,25.06864,121.5107,0
500103004,20231007,707,23,23,1,25.06864,121.5107,0
500103004,20231007,708,23,23,1,25.06864,121.5107,0
500103004,20231007,709,23,23,1,25.06864,121.5107,0
500103004,20231007,710,23,22,1,25.06864,121.5107,1
500103004,20231007,711,23,22,1,25.06864,121.5107,1
500103004,20231007,712,23,22,1,25.06864,121.5107,1
500103004,20231007,713,23,22,1,25.06864,121.5107,1
500103004,20231007,714,23,22,1,25.06864,121.5107,1
500103004,20231007,715,23,22,1,25.06864,121.5107,1
500103004,20231007,716,23,21,1,25.06864,121.5107,2
500103004,20231007,717,23,21,1,25.06864,121.5107,2
500103004,20231007,718,23,21,1,25.06864,121.5107,2
500103004,20231007,719,23,21,1,25.06864,121.5107,2
500103004,20231007,722,23,21,1,25.06864,121.5107,2
500103004,20231007,723,23,20,1,25.06864,121.5107,3
500103004,20231007,724,23,20,1,25.06864,121.5107,3
500103004,20231007,725,23,20,1,25.06864,121.5107,3
500103004,20231007,726,23,19,1,25.06864,121.5107,4
500103004,20231007,727,23,19,1,25.06864,121.5107,4
500103004,20231007,728,23,19,1,25.06864,121.5107,4
500103004,20231007,729,23,19,1,25.06864,121.5107,4
500103004,20231007,730,23,19,1,25.06864,121.5107,4
500103004,20231007,731,23,20,1,25.06864,121.5107,3
500103004,20231007,732,23,20,1,25.06864,121.5107,3
500103004,20231007,733,23,20,1,25.06864,121.5107,3
500103004,20231007,734,23,20,1,25.06864,121.5107,3
500103004,20231007,735,23,20,1,25.06864,121.5107,3
500103004,20231007,736,23,20,1,25.06864,121.5107,3
500103004,20231007,737,23,20,1,25.06864,121.5107,3
500103004,20231007,738,23,20,1,25.06864,121.5107,3
500103004,20231007,739,23,20,1,25.06864,121.5107,3
500103004,20231007,741,23,19,1,25.06864,121.5107,4
500103004,20231007,742,23,19,1,25.06864,121.5107,4
500103004,20231007,743,23,19,1,25.06864,121.5107,4
500103004,20231007,744,23,19,1,25.06864,121.5107,4
500103004,20231007,745,23,19,1,25.06864,121.5107,4
500103004,20231007,746,23,19,1,25.06864,121.5107,4
500103004,20231007,747,23,19,1,25.06864,121.5107,4
500103004,20231007,748,23,20,1,25.06864,121.5107,3
500103004,20231007,749,23,20,1,25.06864,121.5107,3
500103004,20231007,751,23,19,1,25.06864,121.5107,4
500103004,20231007,752,23,19,1,25.06864,121.5107,4
500103004,20231007,753,23,19,1,25.06864,121.5107,4
500103004,20231007,754,23,19,1,25.06864,121.5107,4
500103004,20231007,755,23,19,1,25.06864,121.5107,4
500103004,20231007,756,23,19,1,25.06864,121.5107,4
500103004,20231007,757,23,19,1,25.06864,121.5107,4
500103004,20231007,758,23,19,1,25.06864,121.5107,4
500103004,20231007,759,23,20,1,25.06864,121.5107,3
500103004,20231007,760,23,20,1,25.06864,121.5107,3
500103004,20231007,761,23,19,1,25.06864,121.5107,4
500103004,20231007,762,23,19,1,25.06864,121.5107,4
500103004,20231007,763,23,18,1,25.06864,121.5107,5
500103004,20231007,764,23,19,1,25.06864,121.5107,4
500103004,20231007,765,23,19,1,25.06864,121.5107,4
500103004,20231007,766,23,19,1,25.06864,121.5107,4
500103004,20231007,767,23,19,1,25.06864,121.5107,4
500103004,20231007,768,23,20,1,25.06864,121.5107,3
500103004,20231007,769,23,20,1,25.06864,121.5107,3
500103004,20231007,770,23,19,1,25.06864,121.5107,4
500103004,20231007,771,23,18,1,25.06864,121.5107,5
500103004,20231007,772,23,18,1,25.06864,121.5107,5
500103004,20231007,773,23,18,1,25.06864,121.5107,5
500103004,20231007,774,23,18,1,25.06864,121.5107,5
500103004,20231007,775,23,18,1,25.06864,121.5107,5
500103004,20231007,776,23,16,1,25.06864,121.5107,7
500103004,20231007,777,23,16,1,25.06864,121.5107,7
500103004,20231007,778,23,16,1,25.06864,121.5107,7
500103004,20231007,779,23,16,1,25.06864,121.5107,7
500103004,20231007,781,23,16,1,25.06864,121.5107,7
500103004,20231007,782,23,16,1,25.06864,121.5107,7
500103004,20231007,783,23,16,1,25.06864,121.5107,7
500103004,20231007,784,23,16,1,25.06864,121.5107,7
500103004,20231007,785,23,16,1,25.06864,121.5107,7
500103004,20231007,786,23,16,1,25.06864,121.5107,7
500103004,20231007,787,23,16,1,25.06864,121.5107,7
500103004,20231007,788,23,16,1,25.06864,121.5107,7
500103004,20231007,789,23,16,1,25.06864,121.5107,7
500103004,20231007,790,23,17,1,25.06864,121.5107,6
500103004,20231007,791,23,16,1,25.06864,121.5107,7
500103004,20231007,792,23,16,1,25.06864,121.5107,7
500103004,20231007,793,23,16,1,25.06864,121.5107,7
500103004,20231007,794,23,16,1,25.06864,121.5107,7
500103004,20231007,795,23,16,1,25.06864,121.5107,7
500103004,20231007,796,23,16,1,25.06864,121.5107,7
500103004,20231007,797,23,16,1,25.06864,121.5107,7
500103004,20231007,798,23,16,1,25.06864,121.5107,7
500103004,20231007,799,23,16,1,25.06864,121.5107,7
500103004,20231007,801,23,16,1,25.06864,121.5107,7
500103004,20231007,802,23,16,1,25.06864,121.5107,7
500103004,20231007,803,23,16,1,25.06864,121.5107,7
500103004,20231007,804,23,16,1,25.06864,121.5107,7
500103004,20231007,805,23,16,1,25.06864,121.5107,7
500103004,20231007,806,23,16,1,25.06864,121.5107,7
500103004,20231007,807,23,15,1,25.06864,121.5107,8
500103004,20231007,808,23,15,1,25.06864,121.5107,8
500103004,20231007,809,23,15,1,25.06864,121.5107,8
500103004,20231007,811,23,15,1,25.06864,121.5107,8
500103004,20231007,812,23,15,1,25.06864,121.5107,8
500103004,20231007,813,23,15,1,25.06864,121.5107,8
500103004,20231007,814,23,15,1,25.06864,121.5107,8
500103004,20231007,815,23,15,1,25.06864,121.5107,8
500103004,20231007,816,23,14,1,25.06864,121.5107,9
500103004,20231007,817,23,14,1,25.06864,121.5107,9
500103004,20231007,818,23,14,1,25.06864,121.5107,9
500103004,20231007,819,23,14,1,25.06864,121.5107,9
500103004,20231007,820,23,14,1,25.06864,121.5107,9
500103004,20231007,821,23,14,1,25.06864,121.5107,9
500103004,20231007,822,23,14,1,25.06864,121.5107,9
500103004,20231007,823,23,14,1,25.06864,121.5107,9
500103004,20231007,824,23,14,1,25.06864,121.5107,9
500103004,20231007,825,23,14,1,25.06864,121.5107,9
500103004,20231007,826,23,14,1,25.06864,121.5107,9
500103004,20231007,827,23,16,1,25.06864,121.5107,7
500103004,20231007,828,23,16,1,25.06864,121.5107,7
500103004,20231007,829,23,16,1,25.06864,121.5107,7
500103004,20231007,830,23,16,1,25.06864,121.5107,7
500103004,20231007,831,23,16,1,25.06864,121.5107,7
500103004,20231007,832,23,16,1,25.06864,121.5107,7
500103004,20231007,833,23,16,1,25.06864,121.5107,7
500103004,20231007,834,23,17,1,25.06864,121.5107,6
500103004,20231007,835,23,17,1,25.06864,121.5107,6
500103004,20231007,836,23,17,1,25.06864,121.5107,6
500103004,20231007,837,23,17,1,25.06864,121.5107,6
500103004,20231007,838,23,17,1,25.06864,121.5107,6
500103004,20231007,839,23,17,1,25.06864,121.5107,6
500103004,20231007,841,23,16,1,25.06864,121.5107,7
500103004,20231007,842,23,16,1,25.06864,121.5107,7
500103004,20231007,843,23,16,1,25.06864,121.5107,7
500103004,20231007,844,23,16,1,25.06864,121.5107,7
500103004,20231007,845,23,16,1,25.06864,121.5107,7
500103004,20231007,846,23,16,1,25.06864,121.5107,7
500103004,20231007,847,23,15,1,25.06864,121.5107,8
500103004,20231007,848,23,15,1,25.06864,121.5107,8
500103004,20231007,849,23,15,1,25.06864,121.5107,8
500103004,20231007,850,23,13,1,25.06864,121.5107,10
500103004,20231007,851,23,14,1,25.06864,121.5107,9
500103004,20231007,852,23,12,1,25.06864,121.5107,11
500103004,20231007,853,23,12,1,25.06864,121.5107,11
500103004,20231007,854,23,12,1,25.06864,121.5107,11
500103004,20231007,855,23,13,1,25.06864,121.5107,10
500103004,20231007,856,23,13,1,25.06864,121.5107,10
500103004,20231007,857,23,13,1,25.06864,121.5107,10
500103004,20231007,858,23,15,1,25.06864,121.5107,8
500103004,20231007,859,23,15,1,25.06864,121.5107,8
500103004,20231007,861,23,15,1,25.06864,121.5107,8
500103004,20231007,862,23,14,1,25.06864,121.5107,9
500103004,20231007,863,23,14,1,25.06864,121.5107,9
500103004,20231007,864,23,14,1,25.06864,121.5107,9
500103004,20231007,865,23,14,1,25.06864,121.5107,9
500103004,20231007,866,23,13,1,25.06864,121.5107,10
500103004,20231007,867,23,13,1,25.06864,121.5107,10
500103004,20231007,868,23,13,1,25.06864,121.5107,10
500103004,20231007,869,23,14,1,25.06864,121.5107,9
500103004,20231007,871,23,14,1,25.06864,121.5107,9
500103004,20231007,872,23,14,1,25.06864,121.5107,9
500103004,20231007,873,23,14,1,25.06864,121.5107,9
500103004,20231007,874,23,14,1,25.06864,121.5107,9
500103004,20231007,875,23,14,1,25.06864,121.5107,9
500103004,20231007,876,23,14,1,25.06864,121.5107,9
500103004,20231007,877,23,13,1,25.06864,121.5107,10
500103004,20231007,878,23,13,1,25.06864,121.5107,10
500103004,20231007,879,23,13,1,25.06864,121.5107,10
500103004,20231007,880,23,13,1,25.06864,121.5107,10
500103004,20231007,881,23,13,1,25.06864,121.5107,10
500103004,20231007,882,23,13,1,25.06864,121.5107,10
500103004,20231007,883,23,13,1,25.06864,121.5107,10
500103004,20231007,884,23,13,1,25.06864,121.5107,10
500103004,20231007,885,23,13,1,25.06864,121.5107,10
500103004,20231007,886,23,13,1,25.06864,121.5107,10
500103004,20231007,887,23,13,1,25.06864,121.5107,10
500103004,20231007,888,23,13,1,25.06864,121.5107,10
500103004,20231007,889,23,13,1,25.06864,121.5107,10
500103004,20231007,890,23,13,1,25.06864,121.5107,10
500103004,20231007,891,23,14,1,25.06864,121.5107,9
500103004,20231007,892,23,15,1,25.06864,121.5107,8
500103004,20231007,893,23,15,1,25.06864,121.5107,8
500103004,20231007,894,23,15,1,25.06864,121.5107,8
500103004,20231007,895,23,15,1,25.06864,121.5107,8
500103004,20231007,896,23,16,1,25.06864,121.5107,7
500103004,20231007,897,23,16,1,25.06864,121.5107,7
500103004,20231007,898,23,16,1,25.06864,121.5107,7
500103004,20231007,899,23,16,1,25.06864,121.5107,7
500103004,20231007,901,23,16,1,25.06864,121.5107,7
500103004,20231007,902,23,15,1,25.06864,121.5107,8
500103004,20231007,903,23,15,1,25.06864,121.5107,8
500103004,20231007,904,23,15,1,25.06864,121.5107,8
500103004,20231007,905,23,15,1,25.06864,121.5107,8
500103004,20231007,906,23,14,1,25.06864,121.5107,9
500103004,20231007,907,23,14,1,25.06864,121.5107,9
500103004,20231007,908,23,14,1,25.06864,121.5107,9
500103004,20231007,909,23,14,1,25.06864,121.5107,9
500103004,20231007,910,23,13,1,25.06864,121.5107,10
500103004,20231007,911,23,14,1,25.06864,121.5107,9
500103004,20231007,912,23,14,1,25.06864,121.5107,9
500103004,20231007,913,23,14,1,25.06864,121.5107,9
500103004,20231007,914,23,14,1,25.06864,121.5107,9
500103004,20231007,915,23,14,1,25.06864,121.5107,9
500103004,20231007,916,23,15,1,25.06864,121.5107,8
500103004,20231007,917,23,15,1,25.06864,121.5107,8
500103004,20231007,918,23,15,1,25.06864,121.5107,8
500103004,20231007,919,23,15,1,25.06864,121.5107,8
500103004,20231007,921,23,15,1,25.06864,121.5107,8
500103004,20231007,922,23,15,1,25.06864,121.5107,8
500103004,20231007,923,23,15,1,25.06864,121.5107,8
500103004,20231007,924,23,15,1,25.06864,121.5107,8
500103004,20231007,925,23,15,1,25.06864,121.5107,8
500103004,20231007,926,23,15,1,25.06864,121.5107,8
500103004,20231007,927,23,15,1,25.06864,121.5107,8
500103004,20231007,928,23,15,1,25.06864,121.5107,8
500103004,20231007,929,23,15,1,25.06864,121.5107,8
500103004,20231007,931,23,17,1,25.06864,121.5107,6
500103004,20231007,932,23,17,1,25.06864,121.5107,6
500103004,20231007,933,23,17,1,25.06864,121.5107,6
500103004,20231007,934,23,17,1,25.06864,121.5107,6
500103004,20231007,935,23,17,1,25.06864,121.5107,6
500103004,20231007,936,23,22,1,25.06864,121.5107,1
500103004,20231007,937,23,22,1,25.06864,121.5107,1
500103004,20231007,938,23,20,1,25.06864,121.5107,3
500103004,20231007,939,23,21,1,25.06864,121.5107,2
500103004,20231007,940,23,21,1,25.06864,121.5107,2
500103004,20231007,941,23,21,1,25.06864,121.5107,2
500103004,20231007,942,23,22,1,25.06864,121.5107,1
500103004,20231007,943,23,23,1,25.06864,121.5107,0
500103004,20231007,944,23,23,1,25.06864,121.5107,0
500103004,20231007,945,23,23,1,25.06864,121.5107,0
500103004,20231007,946,23,23,1,25.06864,121.5107,0
500103004,20231007,947,23,23,1,25.06864,121.5107,0
500103004,20231007,948,23,22,1,25.06864,121.5107,1
500103004,20231007,949,23,22,1,25.06864,121.5107,1
500103004,20231007,950,23,22,1,25.06864,121.5107,1
500103004,20231007,951,23,22,1,25.06864,121.5107,1
500103004,20231007,952,23,22,1,25.06864,121.5107,1
500103004,20231007,953,23,22,1,25.06864,121.5107,1
500103004,20231007,954,23,22,1,25.06864,121.5107,1
500103004,20231007,955,23,21,1,25.06864,121.5107,2
500103004,20231007,956,23,21,1,25.06864,121.5107,2
500103004,20231007,957,23,22,1,25.06864,121.5107,1
500103004,20231007,958,23,22,1,25.06864,121.5107,1
500103004,20231007,959,23,22,1,25.06864,121.5107,1
500103004,20231007,961,23,22,1,25.06864,121.5107,1
500103004,20231007,962,23,22,1,25.06864,121.5107,1
500103004,20231007,963,23,22,1,25.06864,121.5107,1
500103004,20231007,964,23,21,1,25.06864,121.5107,2
500103004,20231007,965,23,21,1,25.06864,121.5107,2
500103004,20231007,966,23,21,1,25.06864,121.5107,2
500103004,20231007,967,23,20,1,25.06864,121.5107,3
500103004,20231007,968,23,20,1,25.06864,121.5107,3
500103004,20231007,969,23,20,1,25.06864,121.5107,3
500103004,20231007,970,23,20,1,25.06864,121.5107,3
500103004,20231007,971,23,20,1,25.06864,121.5107,3
500103004,20231007,972,23,20,1,25.06864,121.5107,3
500103004,20231007,973,23,20,1,25.06864,121.5107,3
500103004,20231007,974,23,20,1,25.06864,121.5107,3
500103004,20231007,975,23,20,1,25.06864,121.5107,3
500103004,20231007,976,23,20,1,25.06864,121.5107,3
500103004,20231007,977,23,20,1,25.06864,121.5107,3
500103004,20231007,978,23,20,1,25.06864,121.5107,3
500103004,20231007,979,23,20,1,25.06864,121.5107,3
500103004,20231007,981,23,20,1,25.06864,121.5107,3
500103004,20231007,982,23,20,1,25.06864,121.5107,3
500103004,20231007,983,23,20,1,25.06864,121.5107,3
500103004,20231007,984,23,20,1,25.06864,121.5107,3
500103004,20231007,985,23,20,1,25.06864,121.5107,3
500103004,20231007,986,23,20,1,25.06864,121.5107,3
500103004,20231007,987,23,17,1,25.06864,121.5107,6
500103004,20231007,988,23,16,1,25.06864,121.5107,7
500103004,20231007,989,23,16,1,25.06864,121.5107,7
500103004,20231007,991,23,16,1,25.06864,121.5107,7
500103004,20231007,992,23,16,1,25.06864,121.5107,7
500103004,20231007,993,23,16,1,25.06864,121.5107,7
500103004,20231007,994,23,16,1,25.06864,121.5107,7
500103004,20231007,995,23,15,1,25.06864,121.5107,8
500103004,20231007,996,23,15,1,25.06864,121.5107,8
500103004,20231007,997,23,14,1,25.06864,121.5107,9
500103004,20231007,998,23,15,1,25.06864,121.5107,8
500103004,20231007,999,23,15,1,25.06864,121.5107,8
500103004,20231007,1000,23,15,1,25.06864,121.5107,8
500103004,20231007,1001,23,16,1,25.06864,121.5107,7
500103004,20231007,1002,23,17,1,25.06864,121.5107,6
500103004,20231007,1003,23,18,1,25.06864,121.5107,5
500103004,20231007,1004,23,18,1,25.06864,121.5107,5
500103004,20231007,1005,23,19,1,25.06864,121.5107,4
500103004,20231007,1006,23,19,1,25.06864,121.5107,4
500103004,20231007,1007,23,19,1,25.06864,121.5107,4
500103004,20231007,1008,23,20,1,25.06864,121.5107,3
500103004,20231007,1009,23,20,1,25.06864,121.5107,3
500103004,20231007,1010,23,20,1,25.06864,121.5107,3
500103004,20231007,1011,23,20,1,25.06864,121.5107,3
500103004,20231007,1012,23,20,1,25.06864,121.5107,3
500103004,20231007,1013,23,20,1,25.06864,121.5107,3
500103004,20231007,1014,23,20,1,25.06864,121.5107,3
500103004,20231007,1015,23,20,1,25.06864,121.5107,3
500103004,20231007,1016,23,21,1,25.06864,121.5107,2
500103004,20231007,1017,23,21,1,25.06864,121.5107,2
500103004,20231007,1018,23,21,1,25.06864,121.5107,2
500103004,20231007,1019,23,21,1,25.06864,121.5107,2
500103004,20231007,1021,23,21,1,25.06864,121.5107,2
500103004,20231007,1022,23,21,1,25.06864,121.5107,2
500103004,20231007,1023,23,21,1,25.06864,121.5107,2
500103004,20231007,1024,23,21,1,25.06864,121.5107,2
500103004,20231007,1025,23,22,1,25.06864,121.5107,1
500103004,20231007,1026,23,22,1,25.06864,121.5107,1
500103004,20231007,1028,23,22,1,25.06864,121.5107,1
500103004,20231007,1029,23,22,1,25.06864,121.5107,1
500103004,20231007,1030,23,22,1,25.06864,121.5107,1
500103004,20231007,1031,23,22,1,25.06864,121.5107,1
500103004,20231007,1032,23,22,1,25.06864,121.5107,1
500103004,20231007,1033,23,22,1,25.06864,121.5107,1
500103004,20231007,1034,23,22,1,25.06864,121.5107,1
500103004,20231007,1035,23,22,1,25.06864,121.5107,1
500103004,20231007,1036,23,22,1,25.06864,121.5107,1
500103004,20231007,1037,23,22,1,25.06864,121.5107,1
500103004,20231007,1038,23,22,1,25.06864,121.5107,1
500103004,20231007,1039,23,22,1,25.06864,121.5107,1
500103004,20231007,1041,23,22,1,25.06864,121.5107,1
500103004,20231007,1042,23,21,1,25.06864,121.5107,2
500103004,20231007,1043,23,20,1,25.06864,121.5107,3
500103004,20231007,1044,23,19,1,25.06864,121.5107,4
500103004,20231007,1045,23,19,1,25.06864,121.5107,4
500103004,20231007,1046,23,19,1,25.06864,121.5107,4
500103004,20231007,1047,23,20,1,25.06864,121.5107,3
500103004,20231007,1048,23,21,1,25.06864,121.5107,2
500103004,20231007,1049,23,22,1,25.06864,121.5107,1
500103004,20231007,1051,23,20,1,25.06864,121.5107,3
500103004,20231007,1052,23,20,1,25.06864,121.5107,3
500103004,20231007,1053,23,20,1,25.06864,121.5107,3
500103004,20231007,1054,23,20,1,25.06864,121.5107,3
500103004,20231007,1055,23,18,1,25.06864,121.5107,5
500103004,20231007,1056,23,18,1,25.06864,121.5107,5
500103004,20231007,1057,23,18,1,25.06864,121.5107,5
500103004,20231007,1058,23,17,1,25.06864,121.5107,6
500103004,20231007,1059,23,17,1,25.06864,121.5107,6
500103004,20231007,1060,23,16,1,25.06864,121.5107,7
500103004,20231007,1061,23,16,1,25.06864,121.5107,7
500103004,20231007,1062,23,16,1,25.06864,121.5107,7
500103004,20231007,1063,23,15,1,25.06864,121.5107,8
500103004,20231007,1064,23,15,1,25.06864,121.5107,8
500103004,20231007,1065,23,13,1,25.06864,121.5107,10
500103004,20231007,1066,23,13,1,25.06864,121.5107,10
500103004,20231007,1067,23,13,1,25.06864,121.5107,10
500103004,20231007,1068,23,12,1,25.06864,121.5107,11
500103004,20231007,1069,23,11,1,25.06864,121.5107,12
500103004,20231007,1070,23,11,1,25.06864,121.5107,12
500103004,20231007,1071,23,11,1,25.06864,121.5107,12
500103004,20231007,1072,23,11,1,25.06864,121.5107,12
500103004,20231007,1073,23,11,1,25.06864,121.5107,12
500103004,20231007,1074,23,11,1,25.06864,121.5107,12
500103004,20231007,1075,23,11,1,25.06864,121.5107,12
500103004,20231007,1076,23,11,1,25.06864,121.5107,12
500103004,20231007,1077,23,11,1,25.06864,121.5107,12
500103004,20231007,1078,23,11,1,25.06864,121.5107,12
500103004,20231007,1079,23,10,1,25.06864,121.5107,13
500103004,20231007,1081,23,10,1,25.06864,121.5107,13
500103004,20231007,1082,23,10,1,25.06864,121.5107,13
500103004,20231007,1083,23,10,1,25.06864,121.5107,13
500103004,20231007,1084,23,10,1,25.06864,121.5107,13
500103004,20231007,1085,23,8,1,25.06864,121.5107,15
500103004,20231007,1086,23,8,1,25.06864,121.5107,15
500103004,20231007,1087,23,8,1,25.06864,121.5107,15
500103004,20231007,1088,23,8,1,25.06864,121.5107,15
500103004,20231007,1089,23,8,1,25.06864,121.5107,15
500103004,20231007,1090,23,8,1,25.06864,121.5107,15
500103004,20231007,1091,23,8,1,25.06864,121.5107,15
500103004,20231007,1092,23,9,1,25.06864,121.5107,14
500103004,20231007,1093,23,9,1,25.06864,121.5107,14
500103004,20231007,1094,23,9,1,25.06864,121.5107,14
500103004,20231007,1095,23,9,1,25.06864,121.5107,14
500103004,20231007,1096,23,9,1,25.06864,121.5107,14
500103004,20231007,1097,23,9,1,25.06864,121.5107,14
500103004,20231007,1098,23,9,1,25.06864,121.5107,14
500103004,20231007,1099,23,9,1,25.06864,121.5107,14
500103004,20231007,1101,23,7,1,25.06864,121.5107,16
500103004,20231007,1102,23,7,1,25.06864,121.5107,16
500103004,20231007,1103,23,7,1,25.06864,121.5107,16
500103004,20231007,1104,23,7,1,25.06864,121.5107,16
500103004,20231007,1105,23,7,1,25.06864,121.5107,16
500103004,20231007,1106,23,7,1,25.06864,121.5107,16
500103004,20231007,1107,23,7,1,25.06864,121.5107,16
500103004,20231007,1108,23,9,1,25.06864,121.5107,14
500103004,20231007,1109,23,12,1,25.06864,121.5107,11
500103004,20231007,1111,23,16,1,25.06864,121.5107,7
500103004,20231007,1112,23,17,1,25.06864,121.5107,6
500103004,20231007,1113,23,19,1,25.06864,121.5107,4
500103004,20231007,1114,23,19,1,25.06864,121.5107,4
500103004,20231007,1115,23,19,1,25.06864,121.5107,4
500103004,20231007,1116,23,19,1,25.06864,121.5107,4
500103004,20231007,1117,23,19,1,25.06864,121.5107,4
500103004,20231007,1118,23,19,1,25.06864,121.5107,4
500103004,20231007,1119,23,19,1,25.06864,121.5107,4
500103004,20231007,1120,23,19,1,25.06864,121.5107,4
500103004,20231007,1121,23,19,1,25.06864,121.5107,4
500103004,20231007,1122,23,19,1,25.06864,121.5107,4
500103004,20231007,1123,23,19,1,25.06864,121.5107,4
500103004,20231007,1124,23,19,1,25.06864,121.5107,4
500103004,20231007,1125,23,19,1,25.06864,121.5107,4
500103004,20231007,1126,23,19,1,25.06864,121.5107,4
500103004,20231007,1127,23,19,1,25.06864,121.5107,4
500103004,20231007,1128,23,19,1,25.06864,121.5107,4
500103004,20231007,1129,23,20,1,25.06864,121.5107,3
500103004,20231007,1130,23,20,1,25.06864,121.5107,3
500103004,20231007,1131,23,20,1,25.06864,121.5107,3
500103004,20231007,1132,23,20,1,25.06864,121.5107,3
500103004,20231007,1133,23,20,1,25.06864,121.5107,3
500103004,20231007,1134,23,19,1,25.06864,121.5107,4
500103004,20231007,1135,23,19,1,25.06864,121.5107,4
500103004,20231007,1136,23,19,1,25.06864,121.5107,4
500103004,20231007,1137,23,19,1,25.06864,121.5107,4
500103004,20231007,1138,23,19,1,25.06864,121.5107,4
500103004,20231007,1139,23,18,1,25.06864,121.5107,5
500103004,20231007,1141,23,18,1,25.06864,121.5107,5
500103004,20231007,1142,23,18,1,25.06864,121.5107,5
500103004,20231007,1143,23,18,1,25.06864,121.5107,5
500103004,20231007,1144,23,19,1,25.06864,121.5107,4
500103004,20231007,1145,23,19,1,25.06864,121.5107,4
500103004,20231007,1146,23,19,1,25.06864,121.5107,4
500103004,20231007,1147,23,19,1,25.06864,121.5107,4
500103004,20231007,1148,23,18,1,25.06864,121.5107,5
500103004,20231007,1149,23,18,1,25.06864,121.5107,5
500103004,20231007,1150,23,18,1,25.06864,121.5107,5
500103004,20231007,1151,23,18,1,25.06864,121.5107,5
500103004,20231007,1152,23,18,1,25.06864,121.5107,5
500103004,20231007,1153,23,18,1,25.06864,121.5107,5
500103004,20231007,1154,23,18,1,25.06864,121.5107,5
500103004,20231007,1155,23,18,1,25.06864,121.5107,5
500103004,20231007,1156,23,18,1,25.06864,121.5107,5
500103004,20231007,1157,23,18,1,25.06864,121.5107,5
500103004,20231007,1158,23,18,1,25.06864,121.5107,5
500103004,20231007,1159,23,18,1,25.06864,121.5107,5
500103004,20231007,1161,23,18,1,25.06864,121.5107,5
500103004,20231007,1162,23,18,1,25.06864,121.5107,5
500103004,20231007,1163,23,18,1,25.06864,121.5107,5
500103004,20231007,1164,23,18,1,25.06864,121.5107,5
500103004,20231007,1165,23,18,1,25.06864,121.5107,5
500103004,20231007,1166,23,19,1,25.06864,121.5107,4
500103004,20231007,1167,23,19,1,25.06864,121.5107,4
500103004,20231007,1168,23,17,1,25.06864,121.5107,6
500103004,20231007,1169,23,16,1,25.06864,121.5107,7
500103004,20231007,1170,23,16,1,25.06864,121.5107,7
500103004,20231007,1171,23,17,1,25.06864,121.5107,6
500103004,20231007,1172,23,19,1,25.06864,121.5107,4
500103004,20231007,1173,23,18,1,25.06864,121.5107,5
500103004,20231007,1174,23,18,1,25.06864,121.5107,5
500103004,20231007,1175,23,18,1,25.06864,121.5107,5
500103004,20231007,1176,23,19,1,25.06864,121.5107,4
500103004,20231007,1177,23,19,1,25.06864,121.5107,4
500103004,20231007,1178,23,20,1,25.06864,121.5107,3
500103004,20231007,1179,23,20,1,25.06864,121.5107,3
500103004,20231007,1180,23,20,1,25.06864,121.5107,3
500103004,20231007,1181,23,20,1,25.06864,121.5107,3
500103004,20231007,1182,23,21,1,25.06864,121.5107,2
500103004,20231007,1183,23,21,1,25.06864,121.5107,2
500103004,20231007,1184,23,21,1,25.06864,121.5107,2
500103004,20231007,1185,23,21,1,25.06864,121.5107,2
500103004,20231007,1186,23,21,1,25.06864,121.5107,2
500103004,20231007,1187,23,21,1,25.06864,121.5107,2
500103004,20231007,1188,23,21,1,25.06864,121.5107,2
500103004,20231007,1189,23,21,1,25.06864,121.5107,2
500103004,20231007,1190,23,21,1,25.06864,121.5107,2
500103004,20231007,1191,23,21,1,25.06864,121.5107,2
500103004,20231007,1192,23,20,1,25.06864,121.5107,3
500103004,20231007,1193,23,20,1,25.06864,121.5107,3
500103004,20231007,1194,23,20,1,25.06864,121.5107,3
500103004,20231007,1195,23,20,1,25.06864,121.5107,3
500103004,20231007,1196,23,19,1,25.06864,121.5107,4
500103004,20231007,1197,23,19,1,25.06864,121.5107,4
500103004,20231007,1198,23,19,1,25.06864,121.5107,4
500103004,20231007,1199,23,19,1,25.06864,121.5107,4
500103004,20231007,1201,23,19,1,25.06864,121.5107,4
500103004,20231007,1202,23,19,1,25.06864,121.5107,4
500103004,20231007,1203,23,19,1,25.06864,121.5107,4
500103004,20231007,1204,23,19,1,25.06864,121.5107,4
500103004,20231007,1205,23,19,1,25.06864,121.5107,4
500103004,20231007,1206,23,19,1,25.06864,121.5107,4
500103004,20231007,1207,23,19,1,25.06864,121.5107,4
500103004,20231007,1208,23,19,1,25.06864,121.5107,4
500103004,20231007,1209,23,19,1,25.06864,121.5107,4
500103004,20231007,1210,23,19,1,25.06864,121.5107,4
500103004,20231007,1211,23,19,1,25.06864,121.5107,4
500103004,20231007,1212,23,19,1,25.06864,121.5107,4
500103004,20231007,1213,23,19,1,25.06864,121.5107,4
500103004,20231007,1214,23,19,1,25.06864,121.5107,4
500103004,20231007,1215,23,19,1,25.06864,121.5107,4
500103004,20231007,1216,23,19,1,25.06864,121.5107,4
500103004,20231007,1217,23,19,1,25.06864,121.5107,4
500103004,20231007,1218,23,18,1,25.06864,121.5107,5
500103004,20231007,1219,23,18,1,25.06864,121.5107,5
500103004,20231007,1221,23,18,1,25.06864,121.5107,5
500103004,20231007,1222,23,18,1,25.06864,121.5107,5
500103004,20231007,1223,23,18,1,25.06864,121.5107,5
500103004,20231007,1224,23,18,1,25.06864,121.5107,5
500103004,20231007,1225,23,18,1,25.06864,121.5107,5
500103004,20231007,1226,23,18,1,25.06864,121.5107,5
500103004,20231007,1227,23,18,1,25.06864,121.5107,5
500103004,20231007,1228,23,18,1,25.06864,121.5107,5
500103004,20231007,1229,23,18,1,25.06864,121.5107,5
500103004,20231007,1230,23,18,1,25.06864,121.5107,5
500103004,20231007,1231,23,18,1,25.06864,121.5107,5
500103004,20231007,1232,23,18,1,25.06864,121.5107,5
500103004,20231007,1233,23,17,1,25.06864,121.5107,6
500103004,20231007,1234,23,17,1,25.06864,121.5107,6
500103004,20231007,1235,23,17,1,25.06864,121.5107,6
500103004,20231007,1236,23,17,1,25.06864,121.5107,6
500103004,20231007,1237,23,17,1,25.06864,121.5107,6
500103004,20231007,1238,23,17,1,25.06864,121.5107,6
500103004,20231007,1239,23,17,1,25.06864,121.5107,6
500103004,20231007,1240,23,17,1,25.06864,121.5107,6
500103004,20231007,1241,23,17,1,25.06864,121.5107,6
500103004,20231007,1242,23,17,1,25.06864,121.5107,6
500103004,20231007,1243,23,17,1,25.06864,121.5107,6
500103004,20231007,1244,23,17,1,25.06864,121.5107,6
500103004,20231007,1245,23,17,1,25.06864,121.5107,6
500103004,20231007,1246,23,17,1,25.06864,121.5107,6
500103004,20231007,1247,23,17,1,25.06864,121.5107,6
500103004,20231007,1248,23,17,1,25.06864,121.5107,6
500103004,20231007,1249,23,17,1,25.06864,121.5107,6
500103004,20231007,1250,23,17,1,25.06864,121.5107,6
500103004,20231007,1251,23,17,1,25.06864,121.5107,6
500103004,20231007,1252,23,17,1,25.06864,121.5107,6
500103004,20231007,1253,23,17,1,25.06864,121.5107,6
500103004,20231007,1254,23,17,1,25.06864,121.5107,6
500103004,20231007,1255,23,17,1,25.06864,121.5107,6
500103004,20231007,1256,23,17,1,25.06864,121.5107,6
500103004,20231007,1257,23,15,1,25.06864,121.5107,8
500103004,20231007,1258,23,15,1,25.06864,121.5107,8
500103004,20231007,1259,23,15,1,25.06864,121.5107,8
500103004,20231007,1261,23,15,1,25.06864,121.5107,8
500103004,20231007,1262,23,15,1,25.06864,121.5107,8
500103004,20231007,1263,23,15,1,25.06864,121.5107,8
500103004,20231007,1264,23,15,1,25.06864,121.5107,8
500103004,20231007,1265,23,15,1,25.06864,121.5107,8
500103004,20231007,1266,23,15,1,25.06864,121.5107,8
500103004,20231007,1267,23,15,1,25.06864,121.5107,8
500103004,20231007,1268,23,15,1,25.06864,121.5107,8
500103004,20231007,1269,23,15,1,25.06864,121.5107,8
500103004,20231007,1270,23,15,1,25.06864,121.5107,8
500103004,20231007,1271,23,14,1,25.06864,121.5107,9
500103004,20231007,1272,23,14,1,25.06864,121.5107,9
500103004,20231007,1273,23,14,1,25.06864,121.5107,9
500103004,20231007,1274,23,14,1,25.06864,121.5107,9
500103004,20231007,1275,23,14,1,25.06864,121.5107,9
500103004,20231007,1276,23,14,1,25.06864,121.5107,9
500103004,20231007,1277,23,13,1,25.06864,121.5107,10
500103004,20231007,1278,23,13,1,25.06864,121.5107,10
500103004,20231007,1279,23,14,1,25.06864,121.5107,9
500103004,20231007,1281,23,14,1,25.06864,121.5107,9
500103004,20231007,1282,23,14,1,25.06864,121.5107,9
500103004,20231007,1283,23,14,1,25.06864,121.5107,9
500103004,20231007,1284,23,14,1,25.06864,121.5107,9
500103004,20231007,1285,23,14,1,25.06864,121.5107,9
500103004,20231007,1286,23,14,1,25.06864,121.5107,9
500103004,20231007,1287,23,14,1,25.06864,121.5107,9
500103004,20231007,1288,23,14,1,25.06864,121.5107,9
500103004,20231007,1289,23,14,1,25.06864,121.5107,9
500103004,20231007,1290,23,13,1,25.06864,121.5107,10
500103004,20231007,1291,23,12,1,25.06864,121.5107,11
500103004,20231007,1292,23,12,1,25.06864,121.5107,11
500103004,20231007,1293,23,12,1,25.06864,121.5107,11
500103004,20231007,1294,23,12,1,25.06864,121.5107,11
500103004,20231007,1295,23,10,1,25.06864,121.5107,13
500103004,20231007,1296,23,10,1,25.06864,121.5107,13
500103004,20231007,1297,23,10,1,25.06864,121.5107,13
500103004,20231007,1298,23,10,1,25.06864,121.5107,13
500103004,20231007,1299,23,10,1,25.06864,121.5107,13
500103004,20231007,1300,23,10,1,25.06864,121.5107,13
500103004,20231007,1301,23,10,1,25.06864,121.5107,13
500103004,20231007,1302,23,10,1,25.06864,121.5107,13
500103004,20231007,1303,23,10,1,25.06864,121.5107,13
500103004,20231007,1304,23,10,1,25.06864,121.5107,13
500103004,20231007,1305,23,10,1,25.06864,121.5107,13
500103004,20231007,1306,23,10,1,25.06864,121.5107,13
500103004,20231007,1307,23,10,1,25.06864,121.5107,13
500103004,20231007,1308,23,10,1,25.06864,121.5107,13
500103004,20231007,1309,23,10,1,25.06864,121.5107,13
500103004,20231007,1310,23,10,1,25.06864,121.5107,13
500103004,20231007,1311,23,10,1,25.06864,121.5107,13
500103004,20231007,1312,23,10,1,25.06864,121.5107,13
500103004,20231007,1313,23,10,1,25.06864,121.5107,13
500103004,20231007,1314,23,10,1,25.06864,121.5107,13
500103004,20231007,1315,23,10,1,25.06864,121.5107,13
500103004,20231007,1316,23,10,1,25.06864,121.5107,13
500103004,20231007,1317,23,10,1,25.06864,121.5107,13
500103004,20231007,1318,23,10,1,25.06864,121.5107,13
500103004,20231007,1319,23,10,1,25.06864,121.5107,13
500103004,20231007,1321,23,10,1,25.06864,121.5107,13
500103004,20231007,1322,23,10,1,25.06864,121.5107,13
500103004,20231007,1323,23,10,1,25.06864,121.5107,13
500103004,20231007,1324,23,10,1,25.06864,121.5107,13
500103004,20231007,1325,23,10,1,25.06864,121.5107,13
500103004,20231007,1326,23,11,1,25.06864,121.5107,12
500103004,20231007,1327,23,11,1,25.06864,121.5107,12
500103004,20231007,1328,23,11,1,25.06864,121.5107,12
500103004,20231007,1329,23,11,1,25.06864,121.5107,12
500103004,20231007,1330,23,12,1,25.06864,121.5107,11
500103004,20231007,1331,23,12,1,25.06864,121.5107,11
500103004,20231007,1332,23,12,1,25.06864,121.5107,11
500103004,20231007,1333,23,12,1,25.06864,121.5107,11
500103004,20231007,1334,23,12,1,25.06864,121.5107,11
500103004,20231007,1335,23,12,1,25.06864,121.5107,11
500103004,20231007,1337,23,12,1,25.06864,121.5107,11
500103004,20231007,1338,23,12,1,25.06864,121.5107,11
500103004,20231007,1339,23,12,1,25.06864,121.5107,11
500103004,20231007,1341,23,12,1,25.06864,121.5107,11
500103004,20231007,1342,23,12,1,25.06864,121.5107,11
500103004,20231007,1343,23,12,1,25.06864,121.5107,11
500103004,20231007,1344,23,12,1,25.06864,121.5107,11
500103004,20231007,1345,23,12,1,25.06864,121.5107,11
500103004,20231007,1346,23,12,1,25.06864,121.5107,11
500103004,20231007,1347,23,12,1,25.06864,121.5107,11
500103004,20231007,1348,23,12,1,25.06864,121.5107,11
500103004,20231007,1349,23,12,1,25.06864,121.5107,11
500103004,20231007,1350,23,12,1,25.06864,121.5107,11
500103004,20231007,1351,23,12,1,25.06864,121.5107,11
500103004,20231007,1352,23,12,1,25.06864,121.5107,11
500103004,20231007,1353,23,12,1,25.06864,121.5107,11
500103004,20231007,1354,23,12,1,25.06864,121.5107,11
500103004,20231007,1355,23,12,1,25.06864,121.5107,11
500103004,20231007,1356,23,12,1,25.06864,121.5107,11
500103004,20231007,1357,23,12,1,25.06864,121.5107,11
500103004,20231007,1358,23,12,1,25.06864,121.5107,11
500103004,20231007,1359,23,12,1,25.06864,121.5107,11
500103004,20231007,1360,23,12,1,25.06864,121.5107,11
500103004,20231007,1361,23,12,1,25.06864,121.5107,11
500103004,20231007,1362,23,12,1,25.06864,121.5107,11
500103004,20231007,1363,23,12,1,25.06864,121.5107,11
500103004,20231007,1364,23,12,1,25.06864,121.5107,11
500103004,20231007,1365,23,12,1,25.06864,121.5107,11
500103004,20231007,1366,23,12,1,25.06864,121.5107,11
500103004,20231007,1367,23,12,1,25.06864,121.5107,11
500103004,20231007,1368,23,12,1,25.06864,121.5107,11
500103004,20231007,1369,23,12,1,25.06864,121.5107,11
500103004,20231007,1370,23,12,1,25.06864,121.5107,11
500103004,20231007,1371,23,12,1,25.06864,121.5107,11
500103004,20231007,1372,23,12,1,25.06864,121.5107,11
500103004,20231007,1373,23,12,1,25.06864,121.5107,11
500103004,20231007,1374,23,12,1,25.06864,121.5107,11
500103004,20231007,1375,23,12,1,25.06864,121.5107,11
500103004,20231007,1376,23,12,1,25.06864,121.5107,11
500103004,20231007,1377,23,12,1,25.06864,121.5107,11
500103004,20231007,1378,23,12,1,25.06864,121.5107,11
500103004,20231007,1379,23,12,1,25.06864,121.5107,11
500103004,20231007,1381,23,12,1,25.06864,121.5107,11
500103004,20231007,1382,23,12,1,25.06864,121.5107,11
500103004,20231007,1383,23,12,1,25.06864,121.5107,11
500103004,20231007,1384,23,12,1,25.06864,121.5107,11
500103004,20231007,1385,23,12,1,25.06864,121.5107,11
500103004,20231007,1386,23,12,1,25.06864,121.5107,11
500103004,20231007,1387,23,12,1,25.06864,121.5107,11
500103004,20231007,1388,23,12,1,25.06864,121.5107,11
500103004,20231007,1389,23,12,1,25.06864,121.5107,11
500103004,20231007,1390,23,12,1,25.06864,121.5107,11
500103004,20231007,1391,23,12,1,25.06864,121.5107,11
500103004,20231007,1392,23,12,1,25.06864,121.5107,11
500103004,20231007,1393,23,12,1,25.06864,121.5107,11
500103004,20231007,1394,23,12,1,25.06864,121.5107,11
500103004,20231007,1395,23,12,1,25.06864,121.5107,11
500103004,20231007,1396,23,12,1,25.06864,121.5107,11
500103004,20231007,1397,23,12,1,25.06864,121.5107,11
500103004,20231007,1398,23,12,1,25.06864,121.5107,11
500103004,20231007,1399,23,12,1,25.06864,121.5107,11
500103004,20231007,1401,23,12,1,25.06864,121.5107,11
500103004,20231007,1402,23,12,1,25.06864,121.5107,11
500103004,20231007,1403,23,12,1,25.06864,121.5107,11
500103004,20231007,1404,23,12,1,25.06864,121.5107,11
500103004,20231007,1405,23,12,1,25.06864,121.5107,11
500103004,20231007,1406,23,12,1,25.06864,121.5107,11
500103004,20231007,1407,23,12,1,25.06864,121.5107,11
500103004,20231007,1408,23,12,1,25.06864,121.5107,11
500103004,20231007,1409,23,12,1,25.06864,121.5107,11
500103004,20231007,1410,23,12,1,25.06864,121.5107,11
500103004,20231007,1411,23,12,1,25.06864,121.5107,11
500103004,20231007,1412,23,12,1,25.06864,121.5107,11
500103004,20231007,1413,23,12,1,25.06864,121.5107,11
500103004,20231007,1414,23,12,1,25.06864,121.5107,11
500103004,20231007,1415,23,12,1,25.06864,121.5107,11
500103004,20231007,1416,23,12,1,25.06864,121.5107,11
500103004,20231007,1417,23,12,1,25.06864,121.5107,11
500103004,20231007,1418,23,12,1,25.06864,121.5107,11
500103004,20231007,1419,23,12,1,25.06864,121.5107,11
500103004,20231007,1420,23,12,1,25.06864,121.5107,11
500103004,20231007,1421,23,12,1,25.06864,121.5107,11
500103004,20231007,1422,23,12,1,25.06864,121.5107,11
500103004,20231007,1423,23,12,1,25.06864,121.5107,11
500103004,20231007,1424,23,12,1,25.06864,121.5107,11
500103004,20231007,1425,23,12,1,25.06864,121.5107,11
500103004,20231007,1426,23,12,1,25.06864,121.5107,11
500103004,20231007,1427,23,12,1,25.06864,121.5107,11
500103004,20231007,1428,23,12,1,25.06864,121.5107,11
500103004,20231007,1429,23,12,1,25.06864,121.5107,11
500103004,20231007,1430,23,12,1,25.06864,121.5107,11
500103004,20231007,1431,23,12,1,25.06864,121.5107,11
500103004,20231007,1432,23,12,1,25.06864,121.5107,11
500103004,20231007,1433,23,12,1,25.06864,121.5107,11
500103004,20231007,1434,23,12,1,25.06864,121.5107,11
500103004,20231007,1435,23,12,1,25.06864,121.5107,11
500103004,20231007,1436,23,12,1,25.06864,121.5107,11
500103004,20231007,1437,23,12,1,25.06864,121.5107,11
500103004,20231007,1438,23,12,1,25.06864,121.5107,11
500103004,20231007,1439,23,12,1,25.06864,121.5107,11
500103004,20231008,1,23,12,1,25.06864,121.5107,11
500103004,20231008,2,23,12,1,25.06864,121.5107,11
500103004,20231008,3,23,12,1,25.06864,121.5107,11
500103004,20231008,4,23,12,1,25.06864,121.5107,11
500103004,20231008,5,23,12,1,25.06864,121.5107,11
500103004,20231008,6,23,12,1,25.06864,121.5107,11
500103004,20231008,7,23,12,1,25.06864,121.5107,11
500103004,20231008,8,23,12,1,25.06864,121.5107,11
500103004,20231008,9,23,12,1,25.06864,121.5107,11
500103004,20231008,10,23,12,1,25.06864,121.5107,11
500103004,20231008,11,23,12,1,25.06864,121.5107,11
500103004,20231008,12,23,12,1,25.06864,121.5107,11
500103004,20231008,13,23,12,1,25.06864,121.5107,11
500103004,20231008,14,23,11,1,25.06864,121.5107,12
500103004,20231008,15,23,11,1,25.06864,121.5107,12
500103004,20231008,16,23,11,1,25.06864,121.5107,12
500103004,20231008,17,23,11,1,25.06864,121.5107,12
500103004,20231008,18,23,11,1,25.06864,121.5107,12
500103004,20231008,19,23,11,1,25.06864,121.5107,12
500103004,20231008,21,23,11,1,25.06864,121.5107,12
500103004,20231008,22,23,11,1,25.06864,121.5107,12
500103004,20231008,23,23,11,1,25.06864,121.5107,12
500103004,20231008,24,23,11,1,25.06864,121.5107,12
500103004,20231008,25,23,11,1,25.06864,121.5107,12
500103004,20231008,26,23,11,1,25.06864,121.5107,12
500103004,20231008,27,23,10,1,25.06864,121.5107,13
500103004,20231008,28,23,10,1,25.06864,121.5107,13
500103004,20231008,29,23,10,1,25.06864,121.5107,13
500103004,20231008,30,23,10,1,25.06864,121.5107,13
500103004,20231008,31,23,9,1,25.06864,121.5107,14
500103004,20231008,32,23,9,1,25.06864,121.5107,14
500103004,20231008,33,23,9,1,25.06864,121.5107,14
500103004,20231008,34,23,9,1,25.06864,121.5107,14
500103004,20231008,35,23,9,1,25.06864,121.5107,14
500103004,20231008,36,23,9,1,25.06864,121.5107,14
500103004,20231008,37,23,9,1,25.06864,121.5107,14
500103004,20231008,38,23,9,1,25.06864,121.5107,14
500103004,20231008,39,23,9,1,25.06864,121.5107,14
500103004,20231008,40,23,9,1,25.06864,121.5107,14
500103004,20231008,41,23,9,1,25.06864,121.5107,14
500103004,20231008,42,23,9,1,25.06864,121.5107,14
500103004,20231008,43,23,9,1,25.06864,121.5107,14
500103004,20231008,44,23,9,1,25.06864,121.5107,14
500103004,20231008,45,23,9,1,25.06864,121.5107,14
500103004,20231008,46,23,9,1,25.06864,121.5107,14
500103004,20231008,47,23,9,1,25.06864,121.5107,14
500103004,20231008,48,23,9,1,25.06864,121.5107,14
500103004,20231008,49,23,9,1,25.06864,121.5107,14
500103004,20231008,50,23,9,1,25.06864,121.5107,14
500103004,20231008,51,23,9,1,25.06864,121.5107,14
500103004,20231008,52,23,9,1,25.06864,121.5107,14
500103004,20231008,53,23,9,1,25.06864,121.5107,14
500103004,20231008,54,23,9,1,25.06864,121.5107,14
500103004,20231008,55,23,9,1,25.06864,121.5107,14
500103004,20231008,56,23,9,1,25.06864,121.5107,14
500103004,20231008,57,23,9,1,25.06864,121.5107,14
500103004,20231008,58,23,9,1,25.06864,121.5107,14
500103004,20231008,59,23,9,1,25.06864,121.5107,14
500103004,20231008,60,23,9,1,25.06864,121.5107,14
500103004,20231008,61,23,9,1,25.06864,121.5107,14
500103004,20231008,62,23,9,1,25.06864,121.5107,14
500103004,20231008,63,23,9,1,25.06864,121.5107,14
500103004,20231008,64,23,9,1,25.06864,121.5107,14
500103004,20231008,65,23,9,1,25.06864,121.5107,14
500103004,20231008,66,23,9,1,25.06864,121.5107,14
500103004,20231008,67,23,8,1,25.06864,121.5107,15
500103004,20231008,68,23,8,1,25.06864,121.5107,15
500103004,20231008,69,23,8,1,25.06864,121.5107,15
500103004,20231008,70,23,8,1,25.06864,121.5107,15
500103004,20231008,71,23,8,1,25.06864,121.5107,15
500103004,20231008,72,23,8,1,25.06864,121.5107,15
500103004,20231008,73,23,8,1,25.06864,121.5107,15
500103004,20231008,74,23,8,1,25.06864,121.5107,15
500103004,20231008,75,23,8,1,25.06864,121.5107,15
500103004,20231008,76,23,8,1,25.06864,121.5107,15
500103004,20231008,77,23,8,1,25.06864,121.5107,15
500103004,20231008,78,23,8,1,25.06864,121.5107,15
500103004,20231008,79,23,8,1,25.06864,121.5107,15
500103004,20231008,81,23,8,1,25.06864,121.5107,15
500103004,20231008,82,23,8,1,25.06864,121.5107,15
500103004,20231008,83,23,8,1,25.06864,121.5107,15
500103004,20231008,84,23,8,1,25.06864,121.5107,15
500103004,20231008,85,23,8,1,25.06864,121.5107,15
500103004,20231008,86,23,8,1,25.06864,121.5107,15
500103004,20231008,87,23,8,1,25.06864,121.5107,15
500103004,20231008,88,23,8,1,25.06864,121.5107,15
500103004,20231008,89,23,8,1,25.06864,121.5107,15
500103004,20231008,90,23,8,1,25.06864,121.5107,15
500103004,20231008,91,23,8,1,25.06864,121.5107,15
500103004,20231008,92,23,8,1,25.06864,121.5107,15
500103004,20231008,93,23,8,1,25.06864,121.5107,15
500103004,20231008,94,23,8,1,25.06864,121.5107,15
500103004,20231008,95,23,8,1,25.06864,121.5107,15
500103004,20231008,96,23,8,1,25.06864,121.5107,15
500103004,20231008,97,23,8,1,25.06864,121.5107,15
500103004,20231008,98,23,8,1,25.06864,121.5107,15
500103004,20231008,99,23,8,1,25.06864,121.5107,15
500103004,20231008,100,23,8,1,25.06864,121.5107,15
500103004,20231008,101,23,8,1,25.06864,121.5107,15
500103004,20231008,102,23,8,1,25.06864,121.5107,15
500103004,20231008,103,23,8,1,25.06864,121.5107,15
500103004,20231008,104,23,8,1,25.06864,121.5107,15
500103004,20231008,105,23,8,1,25.06864,121.5107,15
500103004,20231008,106,23,8,1,25.06864,121.5107,15
500103004,20231008,107,23,8,1,25.06864,121.5107,15
500103004,20231008,108,23,8,1,25.06864,121.5107,15
500103004,20231008,109,23,8,1,25.06864,121.5107,15
500103004,20231008,110,23,8,1,25.06864,121.5107,15
500103004,20231008,111,23,8,1,25.06864,121.5107,15
500103004,20231008,112,23,8,1,25.06864,121.5107,15
500103004,20231008,113,23,8,1,25.06864,121.5107,15
500103004,20231008,114,23,8,1,25.06864,121.5107,15
500103004,20231008,115,23,8,1,25.06864,121.5107,15
500103004,20231008,116,23,8,1,25.06864,121.5107,15
500103004,20231008,117,23,8,1,25.06864,121.5107,15
500103004,20231008,118,23,8,1,25.06864,121.5107,15
500103004,20231008,119,23,8,1,25.06864,121.5107,15
500103004,20231008,121,23,8,1,25.06864,121.5107,15
500103004,20231008,122,23,8,1,25.06864,121.5107,15
500103004,20231008,123,23,8,1,25.06864,121.5107,15
500103004,20231008,124,23,8,1,25.06864,121.5107,15
500103004,20231008,125,23,8,1,25.06864,121.5107,15
500103004,20231008,126,23,8,1,25.06864,121.5107,15
500103004,20231008,127,23,8,1,25.06864,121.5107,15
500103004,20231008,128,23,8,1,25.06864,121.5107,15
500103004,20231008,129,23,8,1,25.06864,121.5107,15
500103004,20231008,130,23,7,1,25.06864,121.5107,16
500103004,20231008,131,23,7,1,25.06864,121.5107,16
500103004,20231008,132,23,7,1,25.06864,121.5107,16
500103004,20231008,133,23,7,1,25.06864,121.5107,16
500103004,20231008,134,23,7,1,25.06864,121.5107,16
500103004,20231008,135,23,7,1,25.06864,121.5107,16
500103004,20231008,136,23,7,1,25.06864,121.5107,16
500103004,20231008,137,23,7,1,25.06864,121.5107,16
500103004,20231008,138,23,7,1,25.06864,121.5107,16
500103004,20231008,139,23,7,1,25.06864,121.5107,16
500103004,20231008,141,23,7,1,25.06864,121.5107,16
500103004,20231008,142,23,3,1,25.06864,121.5107,20
500103004,20231008,143,23,3,1,25.06864,121.5107,20
500103004,20231008,144,23,3,1,25.06864,121.5107,20
500103004,20231008,145,23,3,1,25.06864,121.5107,20
500103004,20231008,146,23,3,1,25.06864,121.5107,20
500103004,20231008,147,23,3,1,25.06864,121.5107,20
500103004,20231008,148,23,3,1,25.06864,121.5107,20
500103004,20231008,149,23,3,1,25.06864,121.5107,20
500103004,20231008,150,23,3,1,25.06864,121.5107,20
500103004,20231008,151,23,3,1,25.06864,121.5107,20
500103004,20231008,152,23,3,1,25.06864,121.5107,20
500103004,20231008,153,23,3,1,25.06864,121.5107,20
500103004,20231008,154,23,3,1,25.06864,121.5107,20
500103004,20231008,155,23,3,1,25.06864,121.5107,20
500103004,20231008,156,23,3,1,25.06864,121.5107,20
500103004,20231008,157,23,3,1,25.06864,121.5107,20
500103004,20231008,158,23,3,1,25.06864,121.5107,20
500103004,20231008,159,23,3,1,25.06864,121.5107,20
500103004,20231008,160,23,3,1,25.06864,121.5107,20
500103004,20231008,161,23,3,1,25.06864,121.5107,20
500103004,20231008,162,23,3,1,25.06864,121.5107,20
500103004,20231008,163,23,3,1,25.06864,121.5107,20
500103004,20231008,164,23,3,1,25.06864,121.5107,20
500103004,20231008,165,23,3,1,25.06864,121.5107,20
500103004,20231008,166,23,3,1,25.06864,121.5107,20
500103004,20231008,167,23,3,1,25.06864,121.5107,20
500103004,20231008,168,23,3,1,25.06864,121.5107,20
500103004,20231008,169,23,2,1,25.06864,121.5107,21
500103004,20231008,170,23,2,1,25.06864,121.5107,21
500103004,20231008,171,23,2,1,25.06864,121.5107,21
500103004,20231008,172,23,2,1,25.06864,121.5107,21
500103004,20231008,173,23,2,1,25.06864,121.5107,21
500103004,20231008,174,23,2,1,25.06864,121.5107,21
500103004,20231008,175,23,2,1,25.06864,121.5107,21
500103004,20231008,176,23,2,1,25.06864,121.5107,21
500103004,20231008,177,23,2,1,25.06864,121.5107,21
500103004,20231008,178,23,2,1,25.06864,121.5107,21
500103004,20231008,179,23,2,1,25.06864,121.5107,21
500103004,20231008,180,23,2,1,25.06864,121.5107,21
500103004,20231008,182,23,2,1,25.06864,121.5107,21
500103004,20231008,183,23,2,1,25.06864,121.5107,21
500103004,20231008,184,23,2,1,25.06864,121.5107,21
500103004,20231008,185,23,2,1,25.06864,121.5107,21
500103004,20231008,186,23,2,1,25.06864,121.5107,21
500103004,20231008,187,23,2,1,25.06864,121.5107,21
500103004,20231008,188,23,2,1,25.06864,121.5107,21
500103004,20231008,189,23,2,1,25.06864,121.5107,21
500103004,20231008,190,23,2,1,25.06864,121.5107,21
500103004,20231008,191,23,2,1,25.06864,121.5107,21
500103004,20231008,192,23,2,1,25.06864,121.5107,21
500103004,20231008,193,23,2,1,25.06864,121.5107,21
500103004,20231008,194,23,2,1,25.06864,121.5107,21
500103004,20231008,195,23,2,1,25.06864,121.5107,21
500103004,20231008,196,23,2,1,25.06864,121.5107,21
500103004,20231008,197,23,2,1,25.06864,121.5107,21
500103004,20231008,198,23,2,1,25.06864,121.5107,21
500103004,20231008,199,23,2,1,25.06864,121.5107,21
500103004,20231008,201,23,2,1,25.06864,121.5107,21
500103004,20231008,202,23,2,1,25.06864,121.5107,21
500103004,20231008,203,23,2,1,25.06864,121.5107,21
500103004,20231008,204,23,2,1,25.06864,121.5107,21
500103004,20231008,205,23,2,1,25.06864,121.5107,21
500103004,20231008,206,23,2,1,25.06864,121.5107,21
500103004,20231008,207,23,2,1,25.06864,121.5107,21
500103004,20231008,208,23,2,1,25.06864,121.5107,21
500103004,20231008,209,23,2,1,25.06864,121.5107,21
500103004,20231008,210,23,2,1,25.06864,121.5107,21
500103004,20231008,212,23,2,1,25.06864,121.5107,21
500103004,20231008,213,23,2,1,25.06864,121.5107,21
500103004,20231008,214,23,2,1,25.06864,121.5107,21
500103004,20231008,215,23,2,1,25.06864,121.5107,21
500103004,20231008,216,23,2,1,25.06864,121.5107,21
500103004,20231008,217,23,2,1,25.06864,121.5107,21
500103004,20231008,218,23,2,1,25.06864,121.5107,21
500103004,20231008,219,23,2,1,25.06864,121.5107,21
500103004,20231008,220,23,2,1,25.06864,121.5107,21
500103004,20231008,221,23,2,1,25.06864,121.5107,21
500103004,20231008,222,23,2,1,25.06864,121.5107,21
500103004,20231008,223,23,2,1,25.06864,121.5107,21
500103004,20231008,224,23,2,1,25.06864,121.5107,21
500103004,20231008,225,23,2,1,25.06864,121.5107,21
500103004,20231008,226,23,2,1,25.06864,121.5107,21
500103004,20231008,227,23,2,1,25.06864,121.5107,21
500103004,20231008,228,23,2,1,25.06864,121.5107,21
500103004,20231008,229,23,2,1,25.06864,121.5107,21
500103004,20231008,230,23,2,1,25.06864,121.5107,21
500103004,20231008,231,23,2,1,25.06864,121.5107,21
500103004,20231008,232,23,2,1,25.06864,121.5107,21
500103004,20231008,233,23,2,1,25.06864,121.5107,21
500103004,20231008,234,23,2,1,25.06864,121.5107,21
500103004,20231008,235,23,2,1,25.06864,121.5107,21
500103004,20231008,236,23,2,1,25.06864,121.5107,21
500103004,20231008,237,23,2,1,25.06864,121.5107,21
500103004,20231008,238,23,2,1,25.06864,121.5107,21
500103004,20231008,239,23,2,1,25.06864,121.5107,21
500103004,20231008,240,23,2,1,25.06864,121.5107,21
500103004,20231008,241,23,2,1,25.06864,121.5107,21
500103004,20231008,242,23,2,1,25.06864,121.5107,21
500103004,20231008,243,23,2,1,25.06864,121.5107,21
500103004,20231008,244,23,2,1,25.06864,121.5107,21
500103004,20231008,245,23,2,1,25.06864,121.5107,21
500103004,20231008,246,23,2,1,25.06864,121.5107,21
500103004,20231008,247,23,2,1,25.06864,121.5107,21
500103004,20231008,248,23,2,1,25.06864,121.5107,21
500103004,20231008,249,23,2,1,25.06864,121.5107,21
500103004,20231008,250,23,2,1,25.06864,121.5107,21
500103004,20231008,251,23,2,1,25.06864,121.5107,21
500103004,20231008,252,23,2,1,25.06864,121.5107,21
500103004,20231008,253,23,2,1,25.06864,121.5107,21
500103004,20231008,254,23,2,1,25.06864,121.5107,21
500103004,20231008,255,23,2,1,25.06864,121.5107,21
500103004,20231008,256,23,2,1,25.06864,121.5107,21
500103004,20231008,257,23,2,1,25.06864,121.5107,21
500103004,20231008,258,23,2,1,25.06864,121.5107,21
500103004,20231008,259,23,2,1,25.06864,121.5107,21
500103004,20231008,261,23,2,1,25.06864,121.5107,21
500103004,20231008,262,23,2,1,25.06864,121.5107,21
500103004,20231008,263,23,2,1,25.06864,121.5107,21
500103004,20231008,264,23,2,1,25.06864,121.5107,21
500103004,20231008,265,23,2,1,25.06864,121.5107,21
500103004,20231008,266,23,2,1,25.06864,121.5107,21
500103004,20231008,267,23,2,1,25.06864,121.5107,21
500103004,20231008,268,23,2,1,25.06864,121.5107,21
500103004,20231008,269,23,2,1,25.06864,121.5107,21
500103004,20231008,270,23,2,1,25.06864,121.5107,21
500103004,20231008,271,23,2,1,25.06864,121.5107,21
500103004,20231008,272,23,2,1,25.06864,121.5107,21
500103004,20231008,273,23,2,1,25.06864,121.5107,21
500103004,20231008,274,23,2,1,25.06864,121.5107,21
500103004,20231008,275,23,2,1,25.06864,121.5107,21
500103004,20231008,276,23,2,1,25.06864,121.5107,21
500103004,20231008,277,23,2,1,25.06864,121.5107,21
500103004,20231008,278,23,2,1,25.06864,121.5107,21
500103004,20231008,279,23,2,1,25.06864,121.5107,21
500103004,20231008,280,23,2,1,25.06864,121.5107,21
500103004,20231008,281,23,2,1,25.06864,121.5107,21
500103004,20231008,282,23,2,1,25.06864,121.5107,21
500103004,20231008,283,23,2,1,25.06864,121.5107,21
500103004,20231008,284,23,2,1,25.06864,121.5107,21
500103004,20231008,285,23,2,1,25.06864,121.5107,21
500103004,20231008,286,23,2,1,25.06864,121.5107,21
500103004,20231008,287,23,2,1,25.06864,121.5107,21
500103004,20231008,288,23,2,1,25.06864,121.5107,21
500103004,20231008,289,23,2,1,25.06864,121.5107,21
500103004,20231008,290,23,2,1,25.06864,121.5107,21
500103004,20231008,291,23,2,1,25.06864,121.5107,21
500103004,20231008,292,23,2,1,25.06864,121.5107,21
500103004,20231008,293,23,2,1,25.06864,121.5107,21
500103004,20231008,294,23,2,1,25.06864,121.5107,21
500103004,20231008,295,23,2,1,25.06864,121.5107,21
500103004,20231008,296,23,2,1,25.06864,121.5107,21
500103004,20231008,297,23,2,1,25.06864,121.5107,21
500103004,20231008,298,23,2,1,25.06864,121.5107,21
500103004,20231008,299,23,2,1,25.06864,121.5107,21
500103004,20231008,300,23,2,1,25.06864,121.5107,21
500103004,20231008,301,23,2,1,25.06864,121.5107,21
500103004,20231008,302,23,2,1,25.06864,121.5107,21
500103004,20231008,303,23,2,1,25.06864,121.5107,21
500103004,20231008,304,23,2,1,25.06864,121.5107,21
500103004,20231008,305,23,2,1,25.06864,121.5107,21
500103004,20231008,306,23,2,1,25.06864,121.5107,21
500103004,20231008,307,23,2,1,25.06864,121.5107,21
500103004,20231008,308,23,2,1,25.06864,121.5107,21
500103004,20231008,309,23,2,1,25.06864,121.5107,21
500103004,20231008,310,23,2,1,25.06864,121.5107,21
500103004,20231008,311,23,2,1,25.06864,121.5107,21
500103004,20231008,312,23,2,1,25.06864,121.5107,21
500103004,20231008,313,23,2,1,25.06864,121.5107,21
500103004,20231008,314,23,2,1,25.06864,121.5107,21
500103004,20231008,315,23,2,1,25.06864,121.5107,21
500103004,20231008,316,23,2,1,25.06864,121.5107,21
500103004,20231008,317,23,2,1,25.06864,121.5107,21
500103004,20231008,318,23,2,1,25.06864,121.5107,21
500103004,20231008,319,23,2,1,25.06864,121.5107,21
500103004,20231008,321,23,2,1,25.06864,121.5107,21
500103004,20231008,322,23,2,1,25.06864,121.5107,21
500103004,20231008,323,23,1,1,25.06864,121.5107,22
500103004,20231008,324,23,1,1,25.06864,121.5107,22
500103004,20231008,325,23,1,1,25.06864,121.5107,22
500103004,20231008,326,23,1,1,25.06864,121.5107,22
500103004,20231008,327,23,1,1,25.06864,121.5107,22
500103004,20231008,328,23,1,1,25.06864,121.5107,22
500103004,20231008,329,23,1,1,25.06864,121.5107,22
500103004,20231008,330,23,1,1,25.06864,121.5107,22
500103004,20231008,331,23,1,1,25.06864,121.5107,22
500103004,20231008,332,23,1,1,25.06864,121.5107,22
500103004,20231008,333,23,1,1,25.06864,121.5107,22
500103004,20231008,334,23,1,1,25.06864,121.5107,22
500103004,20231008,335,23,1,1,25.06864,121.5107,22
500103004,20231008,336,23,1,1,25.06864,121.5107,22
500103004,20231008,337,23,1,1,25.06864,121.5107,22
500103004,20231008,338,23,1,1,25.06864,121.5107,22
500103004,20231008,339,23,1,1,25.06864,121.5107,22
500103004,20231008,340,23,1,1,25.06864,121.5107,22
500103004,20231008,341,23,1,1,25.06864,121.5107,22
500103004,20231008,342,23,1,1,25.06864,121.5107,22
500103004,20231008,343,23,1,1,25.06864,121.5107,22
500103004,20231008,344,23,1,1,25.06864,121.5107,22
500103004,20231008,345,23,1,1,25.06864,121.5107,22
500103004,20231008,346,23,1,1,25.06864,121.5107,22
500103004,20231008,347,23,1,1,25.06864,121.5107,22
500103004,20231008,348,23,1,1,25.06864,121.5107,22
500103004,20231008,349,23,1,1,25.06864,121.5107,22
500103004,20231008,350,23,1,1,25.06864,121.5107,22
500103004,20231008,351,23,1,1,25.06864,121.5107,22
500103004,20231008,352,23,1,1,25.06864,121.5107,22
500103004,20231008,353,23,1,1,25.06864,121.5107,22
500103004,20231008,354,23,1,1,25.06864,121.5107,22
500103004,20231008,355,23,1,1,25.06864,121.5107,22
500103004,20231008,356,23,1,1,25.06864,121.5107,22
500103004,20231008,357,23,1,1,25.06864,121.5107,22
500103004,20231008,358,23,1,1,25.06864,121.5107,22
500103004,20231008,359,23,1,1,25.06864,121.5107,22
500103004,20231008,360,23,1,1,25.06864,121.5107,22
500103004,20231008,361,23,1,1,25.06864,121.5107,22
500103004,20231008,362,23,1,1,25.06864,121.5107,22
500103004,20231008,363,23,1,1,25.06864,121.5107,22
500103004,20231008,364,23,1,1,25.06864,121.5107,22
500103004,20231008,365,23,1,1,25.06864,121.5107,22
500103004,20231008,366,23,1,1,25.06864,121.5107,22
500103004,20231008,367,23,1,1,25.06864,121.5107,22
500103004,20231008,368,23,1,1,25.06864,121.5107,22
500103004,20231008,369,23,1,1,25.06864,121.5107,22
500103004,20231008,370,23,1,1,25.06864,121.5107,22
500103004,20231008,371,23,1,1,25.06864,121.5107,22
500103004,20231008,372,23,1,1,25.06864,121.5107,22
500103004,20231008,373,23,1,1,25.06864,121.5107,22
500103004,20231008,374,23,1,1,25.06864,121.5107,22
500103004,20231008,375,23,1,1,25.06864,121.5107,22
500103004,20231008,376,23,1,1,25.06864,121.5107,22
500103004,20231008,377,23,1,1,25.06864,121.5107,22
500103004,20231008,378,23,1,1,25.06864,121.5107,22
500103004,20231008,379,23,1,1,25.06864,121.5107,22
500103004,20231008,381,23,1,1,25.06864,121.5107,22
500103004,20231008,382,23,1,1,25.06864,121.5107,22
500103004,20231008,383,23,1,1,25.06864,121.5107,22
500103004,20231008,384,23,1,1,25.06864,121.5107,22
500103004,20231008,385,23,1,1,25.06864,121.5107,22
500103004,20231008,386,23,1,1,25.06864,121.5107,22
500103004,20231008,387,23,1,1,25.06864,121.5107,22
500103004,20231008,388,23,1,1,25.06864,121.5107,22
500103004,20231008,389,23,1,1,25.06864,121.5107,22
500103004,20231008,390,23,1,1,25.06864,121.5107,22
500103004,20231008,391,23,1,1,25.06864,121.5107,22
500103004,20231008,392,23,1,1,25.06864,121.5107,22
500103004,20231008,393,23,1,1,25.06864,121.5107,22
500103004,20231008,394,23,1,1,25.06864,121.5107,22
500103004,20231008,395,23,1,1,25.06864,121.5107,22
500103004,20231008,396,23,1,1,25.06864,121.5107,22
500103004,20231008,397,23,1,1,25.06864,121.5107,22
500103004,20231008,398,23,1,1,25.06864,121.5107,22
500103004,20231008,399,23,2,1,25.06864,121.5107,21
500103004,20231008,400,23,2,1,25.06864,121.5107,21
500103004,20231008,401,23,2,1,25.06864,121.5107,21
500103004,20231008,402,23,2,1,25.06864,121.5107,21
500103004,20231008,403,23,1,1,25.06864,121.5107,22
500103004,20231008,404,23,1,1,25.06864,121.5107,22
500103004,20231008,405,23,1,1,25.06864,121.5107,22
500103004,20231008,406,23,1,1,25.06864,121.5107,22
500103004,20231008,407,23,1,1,25.06864,121.5107,22
500103004,20231008,408,23,1,1,25.06864,121.5107,22
500103004,20231008,409,23,1,1,25.06864,121.5107,22
500103004,20231008,410,23,2,1,25.06864,121.5107,21
500103004,20231008,411,23,2,1,25.06864,121.5107,21
500103004,20231008,412,23,2,1,25.06864,121.5107,21
500103004,20231008,413,23,2,1,25.06864,121.5107,21
500103004,20231008,414,23,2,1,25.06864,121.5107,21
500103004,20231008,415,23,2,1,25.06864,121.5107,21
500103004,20231008,416,23,2,1,25.06864,121.5107,21
500103004,20231008,417,23,2,1,25.06864,121.5107,21
500103004,20231008,418,23,2,1,25.06864,121.5107,21
500103004,20231008,419,23,2,1,25.06864,121.5107,21
500103004,20231008,420,23,2,1,25.06864,121.5107,21
500103004,20231008,421,23,2,1,25.06864,121.5107,21
500103004,20231008,422,23,2,1,25.06864,121.5107,21
500103004,20231008,423,23,2,1,25.06864,121.5107,21
500103004,20231008,424,23,2,1,25.06864,121.5107,21
500103004,20231008,425,23,2,1,25.06864,121.5107,21
500103004,20231008,426,23,2,1,25.06864,121.5107,21
500103004,20231008,427,23,2,1,25.06864,121.5107,21
500103004,20231008,428,23,2,1,25.06864,121.5107,21
500103004,20231008,429,23,2,1,25.06864,121.5107,21
500103004,20231008,430,23,3,1,25.06864,121.5107,20
500103004,20231008,431,23,3,1,25.06864,121.5107,20
500103004,20231008,432,23,3,1,25.06864,121.5107,20
500103004,20231008,433,23,3,1,25.06864,121.5107,20
500103004,20231008,434,23,3,1,25.06864,121.5107,20
500103004,20231008,435,23,4,1,25.06864,121.5107,19
500103004,20231008,436,23,4,1,25.06864,121.5107,19
500103004,20231008,437,23,4,1,25.06864,121.5107,19
500103004,20231008,438,23,4,1,25.06864,121.5107,19
500103004,20231008,439,23,5,1,25.06864,121.5107,18
500103004,20231008,441,23,5,1,25.06864,121.5107,18
500103004,20231008,442,23,5,1,25.06864,121.5107,18
500103004,20231008,443,23,5,1,25.06864,121.5107,18
500103004,20231008,444,23,5,1,25.06864,121.5107,18
500103004,20231008,445,23,5,1,25.06864,121.5107,18
500103004,20231008,446,23,5,1,25.06864,121.5107,18
500103004,20231008,447,23,5,1,25.06864,121.5107,18
500103004,20231008,448,23,5,1,25.06864,121.5107,18
500103004,20231008,449,23,5,1,25.06864,121.5107,18
500103004,20231008,450,23,6,1,25.06864,121.5107,17
500103004,20231008,451,23,6,1,25.06864,121.5107,17
500103004,20231008,452,23,6,1,25.06864,121.5107,17
500103004,20231008,453,23,7,1,25.06864,121.5107,16
500103004,20231008,454,23,7,1,25.06864,121.5107,16
500103004,20231008,455,23,7,1,25.06864,121.5107,16
500103004,20231008,456,23,7,1,25.06864,121.5107,16
500103004,20231008,457,23,7,1,25.06864,121.5107,16
500103004,20231008,458,23,7,1,25.06864,121.5107,16
500103004,20231008,459,23,6,1,25.06864,121.5107,17
500103004,20231008,460,23,6,1,25.06864,121.5107,17
500103004,20231008,461,23,6,1,25.06864,121.5107,17
500103004,20231008,462,23,6,1,25.06864,121.5107,17
500103004,20231008,463,23,6,1,25.06864,121.5107,17
500103004,20231008,464,23,6,1,25.06864,121.5107,17
500103004,20231008,465,23,6,1,25.06864,121.5107,17
500103004,20231008,466,23,6,1,25.06864,121.5107,17
500103004,20231008,467,23,6,1,25.06864,121.5107,17
500103004,20231008,468,23,7,1,25.06864,121.5107,16
500103004,20231008,469,23,7,1,25.06864,121.5107,16
500103004,20231008,470,23,6,1,25.06864,121.5107,17
500103004,20231008,471,23,6,1,25.06864,121.5107,17
500103004,20231008,472,23,7,1,25.06864,121.5107,16
500103004,20231008,473,23,6,1,25.06864,121.5107,17
500103004,20231008,474,23,6,1,25.06864,121.5107,17
500103004,20231008,475,23,6,1,25.06864,121.5107,17
500103004,20231008,476,23,6,1,25.06864,121.5107,17
500103004,20231008,477,23,6,1,25.06864,121.5107,17
500103004,20231008,478,23,6,1,25.06864,121.5107,17
500103004,20231008,479,23,6,1,25.06864,121.5107,17
500103004,20231008,481,23,6,1,25.06864,121.5107,17
500103004,20231008,482,23,6,1,25.06864,121.5107,17
500103004,20231008,483,23,6,1,25.06864,121.5107,17
500103004,20231008,484,23,7,1,25.06864,121.5107,16
500103004,20231008,486,23,8,1,25.06864,121.5107,15
500103004,20231008,487,23,8,1,25.06864,121.5107,15
500103004,20231008,488,23,8,1,25.06864,121.5107,15
500103004,20231008,489,23,8,1,25.06864,121.5107,15
500103004,20231008,490,23,8,1,25.06864,121.5107,15
500103004,20231008,491,23,8,1,25.06864,121.5107,15
500103004,20231008,492,23,8,1,25.06864,121.5107,15
500103004,20231008,493,23,8,1,25.06864,121.5107,15
500103004,20231008,494,23,8,1,25.06864,121.5107,15
500103004,20231008,495,23,9,1,25.06864,121.5107,14
500103004,20231008,496,23,9,1,25.06864,121.5107,14
500103004,20231008,497,23,9,1,25.06864,121.5107,14
500103004,20231008,498,23,9,1,25.06864,121.5107,14
500103004,20231008,499,23,9,1,25.06864,121.5107,14
500103004,20231008,501,23,10,1,25.06864,121.5107,13
500103004,20231008,502,23,10,1,25.06864,121.5107,13
500103004,20231008,503,23,9,1,25.06864,121.5107,14
500103004,20231008,504,23,9,1,25.06864,121.5107,14
500103004,20231008,505,23,9,1,25.06864,121.5107,14
500103004,20231008,506,23,9,1,25.06864,121.5107,14
500103004,20231008,507,23,9,1,25.06864,121.5107,14
500103004,20231008,508,23,9,1,25.06864,121.5107,14
500103004,20231008,509,23,9,1,25.06864,121.5107,14
500103004,20231008,510,23,9,1,25.06864,121.5107,14
500103004,20231008,511,23,10,1,25.06864,121.5107,13
500103004,20231008,512,23,10,1,25.06864,121.5107,13
500103004,20231008,513,23,10,1,25.06864,121.5107,13
500103004,20231008,514,23,10,1,25.06864,121.5107,13
500103004,20231008,515,23,10,1,25.06864,121.5107,13
500103004,20231008,516,23,9,1,25.06864,121.5107,14
500103004,20231008,517,23,9,1,25.06864,121.5107,14
500103004,20231008,518,23,9,1,25.06864,121.5107,14
500103004,20231008,519,23,9,1,25.06864,121.5107,14
500103004,20231008,520,23,9,1,25.06864,121.5107,14
500103004,20231008,521,23,9,1,25.06864,121.5107,14
500103004,20231008,522,23,9,1,25.06864,121.5107,14
500103004,20231008,523,23,8,1,25.06864,121.5107,15
500103004,20231008,524,23,8,1,25.06864,121.5107,15
500103004,20231008,525,23,8,1,25.06864,121.5107,15
500103004,20231008,526,23,8,1,25.06864,121.5107,15
500103004,20231008,527,23,8,1,25.06864,121.5107,15
500103004,20231008,528,23,8,1,25.06864,121.5107,15
500103004,20231008,529,23,7,1,25.06864,121.5107,16
500103004,20231008,530,23,8,1,25.06864,121.5107,15
500103004,20231008,531,23,9,1,25.06864,121.5107,14
500103004,20231008,532,23,9,1,25.06864,121.5107,14
500103004,20231008,533,23,9,1,25.06864,121.5107,14
500103004,20231008,534,23,9,1,25.06864,121.5107,14
500103004,20231008,535,23,9,1,25.06864,121.5107,14
500103004,20231008,536,23,9,1,25.06864,121.5107,14
500103004,20231008,537,23,8,1,25.06864,121.5107,15
500103004,20231008,538,23,8,1,25.06864,121.5107,15
500103004,20231008,539,23,8,1,25.06864,121.5107,15
500103004,20231008,541,23,9,1,25.06864,121.5107,14
500103004,20231008,542,23,9,1,25.06864,121.5107,14
500103004,20231008,543,23,9,1,25.06864,121.5107,14
500103004,20231008,544,23,10,1,25.06864,121.5107,13
500103004,20231008,545,23,10,1,25.06864,121.5107,13
500103004,20231008,546,23,11,1,25.06864,121.5107,12
500103004,20231008,547,23,11,1,25.06864,121.5107,12
500103004,20231008,548,23,10,1,25.06864,121.5107,13
500103004,20231008,549,23,10,1,25.06864,121.5107,13
500103004,20231008,550,23,10,1,25.06864,121.5107,13
500103004,20231008,551,23,10,1,25.06864,121.5107,13
500103004,20231008,552,23,10,1,25.06864,121.5107,13
500103004,20231008,553,23,10,1,25.06864,121.5107,13
500103004,20231008,554,23,10,1,25.06864,121.5107,13
500103004,20231008,555,23,10,1,25.06864,121.5107,13
500103004,20231008,556,23,10,1,25.06864,121.5107,13
500103004,20231008,557,23,10,1,25.06864,121.5107,13
500103004,20231008,558,23,10,1,25.06864,121.5107,13
500103004,20231008,559,23,10,1,25.06864,121.5107,13
500103004,20231008,561,23,12,1,25.06864,121.5107,11
500103004,20231008,562,23,12,1,25.06864,121.5107,11
500103004,20231008,563,23,12,1,25.06864,121.5107,11
500103004,20231008,564,23,12,1,25.06864,121.5107,11
500103004,20231008,565,23,12,1,25.06864,121.5107,11
500103004,20231008,566,23,12,1,25.06864,121.5107,11
500103004,20231008,567,23,12,1,25.06864,121.5107,11
500103004,20231008,568,23,13,1,25.06864,121.5107,10
500103004,20231008,569,23,13,1,25.06864,121.5107,10
500103004,20231008,571,23,13,1,25.06864,121.5107,10
500103004,20231008,572,23,13,1,25.06864,121.5107,10
500103004,20231008,573,23,13,1,25.06864,121.5107,10
500103004,20231008,574,23,13,1,25.06864,121.5107,10
500103004,20231008,575,23,13,1,25.06864,121.5107,10
500103004,20231008,576,23,13,1,25.06864,121.5107,10
500103004,20231008,577,23,13,1,25.06864,121.5107,10
500103004,20231008,578,23,13,1,25.06864,121.5107,10
500103004,20231008,579,23,13,1,25.06864,121.5107,10
500103004,20231008,580,23,13,1,25.06864,121.5107,10
500103004,20231008,581,23,13,1,25.06864,121.5107,10
500103004,20231008,582,23,13,1,25.06864,121.5107,10
500103004,20231008,583,23,13,1,25.06864,121.5107,10
500103004,20231008,584,23,13,1,25.06864,121.5107,10
500103004,20231008,585,23,14,1,25.06864,121.5107,9
500103004,20231008,586,23,12,1,25.06864,121.5107,11
500103004,20231008,587,23,12,1,25.06864,121.5107,11
500103004,20231008,588,23,12,1,25.06864,121.5107,11
500103004,20231008,589,23,12,1,25.06864,121.5107,11
500103004,20231008,590,23,12,1,25.06864,121.5107,11
500103004,20231008,591,23,12,1,25.06864,121.5107,11
500103004,20231008,592,23,11,1,25.06864,121.5107,12
500103004,20231008,593,23,11,1,25.06864,121.5107,12
500103004,20231008,594,23,11,1,25.06864,121.5107,12
500103004,20231008,595,23,11,1,25.06864,121.5107,12
500103004,20231008,596,23,11,1,25.06864,121.5107,12
500103004,20231008,597,23,11,1,25.06864,121.5107,12
500103004,20231008,598,23,11,1,25.06864,121.5107,12
500103004,20231008,599,23,11,1,25.06864,121.5107,12
500103004,20231008,601,23,11,1,25.06864,121.5107,12
500103004,20231008,602,23,10,1,25.06864,121.5107,13
500103004,20231008,603,23,10,1,25.06864,121.5107,13
500103004,20231008,604,23,10,1,25.06864,121.5107,13
500103004,20231008,605,23,10,1,25.06864,121.5107,13
500103004,20231008,606,23,10,1,25.06864,121.5107,13
500103004,20231008,607,23,10,1,25.06864,121.5107,13
500103004,20231008,608,23,10,1,25.06864,121.5107,13
500103004,20231008,609,23,10,1,25.06864,121.5107,13
500103004,20231008,610,23,10,1,25.06864,121.5107,13
500103004,20231008,611,23,10,1,25.06864,121.5107,13
500103004,20231008,612,23,10,1,25.06864,121.5107,13
500103004,20231008,613,23,9,1,25.06864,121.5107,14
500103004,20231008,614,23,10,1,25.06864,121.5107,13
500103004,20231008,615,23,10,1,25.06864,121.5107,13
500103004,20231008,616,23,10,1,25.06864,121.5107,13
500103004,20231008,617,23,10,1,25.06864,121.5107,13
500103004,20231008,618,23,10,1,25.06864,121.5107,13
500103004,20231008,619,23,10,1,25.06864,121.5107,13
500103004,20231008,621,23,10,1,25.06864,121.5107,13
500103004,20231008,622,23,10,1,25.06864,121.5107,13
500103004,20231008,623,23,10,1,25.06864,121.5107,13
500103004,20231008,624,23,10,1,25.06864,121.5107,13
500103004,20231008,625,23,10,1,25.06864,121.5107,13
500103004,20231008,626,23,10,1,25.06864,121.5107,13
500103004,20231008,627,23,10,1,25.06864,121.5107,13
500103004,20231008,628,23,10,1,25.06864,121.5107,13
500103004,20231008,629,23,10,1,25.06864,121.5107,13
500103004,20231008,631,23,9,1,25.06864,121.5107,14
500103004,20231008,632,23,9,1,25.06864,121.5107,14
500103004,20231008,633,23,9,1,25.06864,121.5107,14
500103004,20231008,634,23,10,1,25.06864,121.5107,13
500103004,20231008,635,23,10,1,25.06864,121.5107,13
500103004,20231008,636,23,10,1,25.06864,121.5107,13
500103004,20231008,637,23,11,1,25.06864,121.5107,12
500103004,20231008,638,23,12,1,25.06864,121.5107,11
500103004,20231008,639,23,12,1,25.06864,121.5107,11
500103004,20231008,640,23,13,1,25.06864,121.5107,10
500103004,20231008,641,23,13,1,25.06864,121.5107,10
500103004,20231008,642,23,13,1,25.06864,121.5107,10
500103004,20231008,643,23,14,1,25.06864,121.5107,9
500103004,20231008,644,23,14,1,25.06864,121.5107,9
500103004,20231008,645,23,14,1,25.06864,121.5107,9
500103004,20231008,646,23,14,1,25.06864,121.5107,9
500103004,20231008,647,23,14,1,25.06864,121.5107,9
500103004,20231008,648,23,14,1,25.06864,121.5107,9
500103004,20231008,649,23,14,1,25.06864,121.5107,9
500103004,20231008,650,23,14,1,25.06864,121.5107,9
500103004,20231008,651,23,14,1,25.06864,121.5107,9
500103004,20231008,652,23,14,1,25.06864,121.5107,9
500103004,20231008,653,23,14,1,25.06864,121.5107,9
500103004,20231008,654,23,15,1,25.06864,121.5107,8
500103004,20231008,655,23,15,1,25.06864,121.5107,8
500103004,20231008,656,23,14,1,25.06864,121.5107,9
500103004,20231008,657,23,14,1,25.06864,121.5107,9
500103004,20231008,658,23,15,1,25.06864,121.5107,8
500103004,20231008,659,23,15,1,25.06864,121.5107,8
500103004,20231008,661,23,15,1,25.06864,121.5107,8
500103004,20231008,662,23,15,1,25.06864,121.5107,8
500103004,20231008,663,23,15,1,25.06864,121.5107,8
500103004,20231008,664,23,15,1,25.06864,121.5107,8
500103004,20231008,665,23,15,1,25.06864,121.5107,8
500103004,20231008,666,23,15,1,25.06864,121.5107,8
500103004,20231008,667,23,15,1,25.06864,121.5107,8
500103004,20231008,668,23,15,1,25.06864,121.5107,8
500103004,20231008,669,23,15,1,25.06864,121.5107,8
500103004,20231008,670,23,15,1,25.06864,121.5107,8
500103004,20231008,671,23,15,1,25.06864,121.5107,8
500103004,20231008,672,23,14,1,25.06864,121.5107,9
500103004,20231008,673,23,14,1,25.06864,121.5107,9
500103004,20231008,674,23,14,1,25.06864,121.5107,9
500103004,20231008,675,23,15,1,25.06864,121.5107,8
500103004,20231008,676,23,15,1,25.06864,121.5107,8
500103004,20231008,677,23,14,1,25.06864,121.5107,9
500103004,20231008,678,23,14,1,25.06864,121.5107,9
500103004,20231008,679,23,14,1,25.06864,121.5107,9
500103004,20231008,681,23,17,1,25.06864,121.5107,6
500103004,20231008,682,23,17,1,25.06864,121.5107,6
500103004,20231008,683,23,17,1,25.06864,121.5107,6
500103004,20231008,684,23,17,1,25.06864,121.5107,6
500103004,20231008,685,23,17,1,25.06864,121.5107,6
500103004,20231008,686,23,17,1,25.06864,121.5107,6
500103004,20231008,687,23,17,1,25.06864,121.5107,6
500103004,20231008,688,23,17,1,25.06864,121.5107,6
500103004,20231008,689,23,17,1,25.06864,121.5107,6
500103004,20231008,691,23,17,1,25.06864,121.5107,6
500103004,20231008,692,23,17,1,25.06864,121.5107,6
500103004,20231008,693,23,17,1,25.06864,121.5107,6
500103004,20231008,694,23,17,1,25.06864,121.5107,6
500103004,20231008,695,23,16,1,25.06864,121.5107,7
500103004,20231008,696,23,16,1,25.06864,121.5107,7
500103004,20231008,697,23,16,1,25.06864,121.5107,7
500103004,20231008,698,23,16,1,25.06864,121.5107,7
500103004,20231008,699,23,15,1,25.06864,121.5107,8
500103004,20231008,700,23,15,1,25.06864,121.5107,8
500103004,20231008,701,23,15,1,25.06864,121.5107,8
500103004,20231008,702,23,16,1,25.06864,121.5107,7
500103004,20231008,703,23,16,1,25.06864,121.5107,7
500103004,20231008,704,23,16,1,25.06864,121.5107,7
500103004,20231008,705,23,16,1,25.06864,121.5107,7
500103004,20231008,706,23,15,1,25.06864,121.5107,8
500103004,20231008,707,23,15,1,25.06864,121.5107,8
500103004,20231008,708,23,15,1,25.06864,121.5107,8
500103004,20231008,709,23,15,1,25.06864,121.5107,8
500103004,20231008,710,23,15,1,25.06864,121.5107,8
500103004,20231008,711,23,17,1,25.06864,121.5107,6
500103004,20231008,712,23,17,1,25.06864,121.5107,6
500103004,20231008,713,23,17,1,25.06864,121.5107,6
500103004,20231008,714,23,17,1,25.06864,121.5107,6
500103004,20231008,715,23,17,1,25.06864,121.5107,6
500103004,20231008,716,23,17,1,25.06864,121.5107,6
500103004,20231008,717,23,17,1,25.06864,121.5107,6
500103004,20231008,718,23,16,1,25.06864,121.5107,7
500103004,20231008,719,23,16,1,25.06864,121.5107,7
500103004,20231008,721,23,16,1,25.06864,121.5107,7
500103004,20231008,722,23,16,1,25.06864,121.5107,7
500103004,20231008,723,23,16,1,25.06864,121.5107,7
500103004,20231008,724,23,16,1,25.06864,121.5107,7
500103004,20231008,725,23,16,1,25.06864,121.5107,7
500103004,20231008,726,23,16,1,25.06864,121.5107,7
500103004,20231008,727,23,16,1,25.06864,121.5107,7
500103004,20231008,728,23,15,1,25.06864,121.5107,8
500103004,20231008,729,23,15,1,25.06864,121.5107,8
500103004,20231008,730,23,15,1,25.06864,121.5107,8
500103004,20231008,731,23,15,1,25.06864,121.5107,8
500103004,20231008,732,23,16,1,25.06864,121.5107,7
500103004,20231008,733,23,16,1,25.06864,121.5107,7
500103004,20231008,734,23,16,1,25.06864,121.5107,7
500103004,20231008,735,23,16,1,25.06864,121.5107,7
500103004,20231008,736,23,16,1,25.06864,121.5107,7
500103004,20231008,737,23,16,1,25.06864,121.5107,7
500103004,20231008,738,23,16,1,25.06864,121.5107,7
500103004,20231008,739,23,17,1,25.06864,121.5107,6
500103004,20231008,741,23,16,1,25.06864,121.5107,7
500103004,20231008,742,23,16,1,25.06864,121.5107,7
500103004,20231008,743,23,16,1,25.06864,121.5107,7
500103004,20231008,744,23,16,1,25.06864,121.5107,7
500103004,20231008,745,23,16,1,25.06864,121.5107,7
500103004,20231008,746,23,16,1,25.06864,121.5107,7
500103004,20231008,747,23,17,1,25.06864,121.5107,6
500103004,20231008,748,23,17,1,25.06864,121.5107,6
500103004,20231008,749,23,17,1,25.06864,121.5107,6
500103004,20231008,751,23,18,1,25.06864,121.5107,5
500103004,20231008,752,23,18,1,25.06864,121.5107,5
500103004,20231008,754,23,18,1,25.06864,121.5107,5
500103004,20231008,755,23,17,1,25.06864,121.5107,6
500103004,20231008,756,23,17,1,25.06864,121.5107,6
500103004,20231008,757,23,17,1,25.06864,121.5107,6
500103004,20231008,758,23,17,1,25.06864,121.5107,6
500103004,20231008,759,23,17,1,25.06864,121.5107,6
500103004,20231008,760,23,15,1,25.06864,121.5107,8
500103004,20231008,761,23,15,1,25.06864,121.5107,8
500103004,20231008,762,23,15,1,25.06864,121.5107,8
500103004,20231008,763,23,15,1,25.06864,121.5107,8
500103004,20231008,764,23,15,1,25.06864,121.5107,8
500103004,20231008,765,23,15,1,25.06864,121.5107,8
500103004,20231008,766,23,16,1,25.06864,121.5107,7
500103004,20231008,767,23,16,1,25.06864,121.5107,7
500103004,20231008,768,23,16,1,25.06864,121.5107,7
500103004,20231008,769,23,16,1,25.06864,121.5107,7
500103004,20231008,770,23,16,1,25.06864,121.5107,7
500103004,20231008,771,23,17,1,25.06864,121.5107,6
500103004,20231008,772,23,17,1,25.06864,121.5107,6
500103004,20231008,773,23,17,1,25.06864,121.5107,6
500103004,20231008,774,23,18,1,25.06864,121.5107,5
500103004,20231008,775,23,18,1,25.06864,121.5107,5
500103004,20231008,776,23,18,1,25.06864,121.5107,5
500103004,20231008,777,23,18,1,25.06864,121.5107,5
500103004,20231008,778,23,18,1,25.06864,121.5107,5
500103004,20231008,779,23,18,1,25.06864,121.5107,5
500103004,20231008,781,23,19,1,25.06864,121.5107,4
500103004,20231008,782,23,19,1,25.06864,121.5107,4
500103004,20231008,783,23,20,1,25.06864,121.5107,3
500103004,20231008,784,23,20,1,25.06864,121.5107,3
500103004,20231008,785,23,20,1,25.06864,121.5107,3
500103004,20231008,786,23,19,1,25.06864,121.5107,4
500103004,20231008,787,23,19,1,25.06864,121.5107,4
500103004,20231008,788,23,19,1,25.06864,121.5107,4
500103004,20231008,789,23,19,1,25.06864,121.5107,4
500103004,20231008,790,23,19,1,25.06864,121.5107,4
500103004,20231008,791,23,18,1,25.06864,121.5107,5
500103004,20231008,792,23,18,1,25.06864,121.5107,5
500103004,20231008,793,23,18,1,25.06864,121.5107,5
500103004,20231008,794,23,18,1,25.06864,121.5107,5
500103004,20231008,795,23,18,1,25.06864,121.5107,5
500103004,20231008,796,23,17,1,25.06864,121.5107,6
500103004,20231008,797,23,17,1,25.06864,121.5107,6
500103004,20231008,798,23,17,1,25.06864,121.5107,6
500103004,20231008,799,23,16,1,25.06864,121.5107,7
500103004,20231008,801,23,16,1,25.06864,121.5107,7
500103004,20231008,802,23,16,1,25.06864,121.5107,7
500103004,20231008,803,23,16,1,25.06864,121.5107,7
500103004,20231008,804,23,16,1,25.06864,121.5107,7
500103004,20231008,805,23,16,1,25.06864,121.5107,7
500103004,20231008,806,23,17,1,25.06864,121.5107,6
500103004,20231008,807,23,17,1,25.06864,121.5107,6
500103004,20231008,808,23,17,1,25.06864,121.5107,6
500103004,20231008,809,23,17,1,25.06864,121.5107,6
500103004,20231008,811,23,19,1,25.06864,121.5107,4
500103004,20231008,812,23,19,1,25.06864,121.5107,4
500103004,20231008,813,23,19,1,25.06864,121.5107,4
500103004,20231008,814,23,19,1,25.06864,121.5107,4
500103004,20231008,815,23,18,1,25.06864,121.5107,5
500103004,20231008,816,23,18,1,25.06864,121.5107,5
500103004,20231008,817,23,18,1,25.06864,121.5107,5
500103004,20231008,818,23,18,1,25.06864,121.5107,5
500103004,20231008,819,23,18,1,25.06864,121.5107,5
500103004,20231008,820,23,18,1,25.06864,121.5107,5
500103004,20231008,821,23,18,1,25.06864,121.5107,5
500103004,20231008,822,23,19,1,25.06864,121.5107,4
500103004,20231008,823,23,20,1,25.06864,121.5107,3
500103004,20231008,824,23,20,1,25.06864,121.5107,3
500103004,20231008,825,23,20,1,25.06864,121.5107,3
500103004,20231008,826,23,20,1,25.06864,121.5107,3
500103004,20231008,827,23,20,1,25.06864,121.5107,3
500103004,20231008,828,23,20,1,25.06864,121.5107,3
500103004,20231008,829,23,20,1,25.06864,121.5107,3
500103004,20231008,830,23,20,1,25.06864,121.5107,3
500103004,20231008,831,23,23,1,25.06864,121.5107,0
500103004,20231008,832,23,23,1,25.06864,121.5107,0
500103004,20231008,833,23,23,1,25.06864,121.5107,0
500103004,20231008,834,23,23,1,25.06864,121.5107,0
500103004,20231008,835,23,23,1,25.06864,121.5107,0
500103004,20231008,836,23,23,1,25.06864,121.5107,0
500103004,20231008,837,23,23,1,25.06864,121.5107,0
500103004,20231008,838,23,23,1,25.06864,121.5107,0
500103004,20231008,839,23,23,1,25.06864,121.5107,0
500103004,20231008,841,23,23,1,25.06864,121.5107,0
500103004,20231008,842,23,23,1,25.06864,121.5107,0
500103004,20231008,843,23,23,1,25.06864,121.5107,0
500103004,20231008,844,23,23,1,25.06864,121.5107,0
500103004,20231008,845,23,21,1,25.06864,121.5107,2
500103004,20231008,846,23,21,1,25.06864,121.5107,2
500103004,20231008,847,23,22,1,25.06864,121.5107,1
500103004,20231008,848,23,22,1,25.06864,121.5107,1
500103004,20231008,849,23,22,1,25.06864,121.5107,1
500103004,20231008,850,23,23,1,25.06864,121.5107,0
500103004,20231008,851,23,23,1,25.06864,121.5107,0
500103004,20231008,852,23,23,1,25.06864,121.5107,0
500103004,20231008,853,23,23,1,25.06864,121.5107,0
500103004,20231008,854,23,23,1,25.06864,121.5107,0
500103004,20231008,855,23,23,1,25.06864,121.5107,0
500103004,20231008,856,23,23,1,25.06864,121.5107,0
500103004,20231008,857,23,23,1,25.06864,121.5107,0
500103004,20231008,858,23,23,1,25.06864,121.5107,0
500103004,20231008,859,23,23,1,25.06864,121.5107,0
500103004,20231008,861,23,21,1,25.06864,121.5107,2
500103004,20231008,862,23,21,1,25.06864,121.5107,2
500103004,20231008,863,23,21,1,25.06864,121.5107,2
500103004,20231008,864,23,21,1,25.06864,121.5107,2
500103004,20231008,865,23,19,1,25.06864,121.5107,4
500103004,20231008,866,23,19,1,25.06864,121.5107,4
500103004,20231008,867,23,19,1,25.06864,121.5107,4
500103004,20231008,868,23,19,1,25.06864,121.5107,4
500103004,20231008,869,23,19,1,25.06864,121.5107,4
500103004,20231008,871,23,20,1,25.06864,121.5107,3
500103004,20231008,872,23,19,1,25.06864,121.5107,4
500103004,20231008,873,23,19,1,25.06864,121.5107,4
500103004,20231008,874,23,19,1,25.06864,121.5107,4
500103004,20231008,875,23,19,1,25.06864,121.5107,4
500103004,20231008,876,23,20,1,25.06864,121.5107,3
500103004,20231008,877,23,21,1,25.06864,121.5107,2
500103004,20231008,878,23,23,1,25.06864,121.5107,0
500103004,20231008,879,23,22,1,25.06864,121.5107,1
500103004,20231008,880,23,22,1,25.06864,121.5107,1
500103004,20231008,881,23,22,1,25.06864,121.5107,1
500103004,20231008,882,23,22,1,25.06864,121.5107,1
500103004,20231008,883,23,22,1,25.06864,121.5107,1
500103004,20231008,884,23,22,1,25.06864,121.5107,1
500103004,20231008,885,23,22,1,25.06864,121.5107,1
500103004,20231008,886,23,22,1,25.06864,121.5107,1
500103004,20231008,887,23,22,1,25.06864,121.5107,1
500103004,20231008,888,23,22,1,25.06864,121.5107,1
500103004,20231008,889,23,22,1,25.06864,121.5107,1
500103004,20231008,890,23,22,1,25.06864,121.5107,1
500103004,20231008,891,23,22,1,25.06864,121.5107,1
500103004,20231008,892,23,21,1,25.06864,121.5107,2
500103004,20231008,893,23,21,1,25.06864,121.5107,2
500103004,20231008,894,23,21,1,25.06864,121.5107,2
500103004,20231008,895,23,21,1,25.06864,121.5107,2
500103004,20231008,896,23,20,1,25.06864,121.5107,3
500103004,20231008,897,23,20,1,25.06864,121.5107,3
500103004,20231008,898,23,20,1,25.06864,121.5107,3
500103004,20231008,899,23,20,1,25.06864,121.5107,3
500103004,20231008,901,23,20,1,25.06864,121.5107,3
500103004,20231008,902,23,21,1,25.06864,121.5107,2
500103004,20231008,903,23,22,1,25.06864,121.5107,1
500103004,20231008,904,23,23,1,25.06864,121.5107,0
500103004,20231008,905,23,23,1,25.06864,121.5107,0
500103004,20231008,906,23,23,1,25.06864,121.5107,0
500103004,20231008,907,23,23,1,25.06864,121.5107,0
500103004,20231008,908,23,23,1,25.06864,121.5107,0
500103004,20231008,909,23,22,1,25.06864,121.5107,1
500103004,20231008,910,23,22,1,25.06864,121.5107,1
500103004,20231008,911,23,22,1,25.06864,121.5107,1
500103004,20231008,912,23,22,1,25.06864,121.5107,1
500103004,20231008,913,23,23,1,25.06864,121.5107,0
500103004,20231008,914,23,23,1,25.06864,121.5107,0
500103004,20231008,915,23,23,1,25.06864,121.5107,0
500103004,20231008,916,23,23,1,25.06864,121.5107,0
500103004,20231008,917,23,23,1,25.06864,121.5107,0
500103004,20231008,918,23,23,1,25.06864,121.5107,0
500103004,20231008,919,23,23,1,25.06864,121.5107,0
500103004,20231008,921,23,23,1,25.06864,121.5107,0
500103004,20231008,922,23,23,1,25.06864,121.5107,0
500103004,20231008,923,23,23,1,25.06864,121.5107,0
500103004,20231008,924,23,23,1,25.06864,121.5107,0
500103004,20231008,925,23,23,1,25.06864,121.5107,0
500103004,20231008,926,23,23,1,25.06864,121.5107,0
500103004,20231008,927,23,23,1,25.06864,121.5107,0
500103004,20231008,928,23,23,1,25.06864,121.5107,0
500103004,20231008,929,23,23,1,25.06864,121.5107,0
500103004,20231008,931,23,23,1,25.06864,121.5107,0
500103004,20231008,932,23,23,1,25.06864,121.5107,0
500103004,20231008,933,23,23,1,25.06864,121.5107,0
500103004,20231008,934,23,23,1,25.06864,121.5107,0
500103004,20231008,935,23,23,1,25.06864,121.5107,0
500103004,20231008,936,23,23,1,25.06864,121.5107,0
500103004,20231008,937,23,23,1,25.06864,121.5107,0
500103004,20231008,938,23,23,1,25.06864,121.5107,0
500103004,20231008,939,23,23,1,25.06864,121.5107,0
500103004,20231008,940,23,23,1,25.06864,121.5107,0
500103004,20231008,941,23,23,1,25.06864,121.5107,0
500103004,20231008,942,23,23,1,25.06864,121.5107,0
500103004,20231008,943,23,23,1,25.06864,121.5107,0
500103004,20231008,944,23,23,1,25.06864,121.5107,0
500103004,20231008,945,23,23,1,25.06864,121.5107,0
500103004,20231008,946,23,23,1,25.06864,121.5107,0
500103004,20231008,947,23,23,1,25.06864,121.5107,0
500103004,20231008,948,23,23,1,25.06864,121.5107,0
500103004,20231008,949,23,23,1,25.06864,121.5107,0
500103004,20231008,950,23,23,1,25.06864,121.5107,0
500103004,20231008,951,23,23,1,25.06864,121.5107,0
500103004,20231008,952,23,22,1,25.06864,121.5107,1
500103004,20231008,953,23,22,1,25.06864,121.5107,1
500103004,20231008,954,23,22,1,25.06864,121.5107,1
500103004,20231008,955,23,22,1,25.06864,121.5107,1
500103004,20231008,956,23,22,1,25.06864,121.5107,1
500103004,20231008,957,23,22,1,25.06864,121.5107,1
500103004,20231008,958,23,22,1,25.06864,121.5107,1
500103004,20231008,959,23,22,1,25.06864,121.5107,1
500103004,20231008,961,23,22,1,25.06864,121.5107,1
500103004,20231008,962,23,22,1,25.06864,121.5107,1
500103004,20231008,963,23,22,1,25.06864,121.5107,1
500103004,20231008,964,23,22,1,25.06864,121.5107,1
500103004,20231008,965,23,22,1,25.06864,121.5107,1
500103004,20231008,966,23,22,1,25.06864,121.5107,1
500103004,20231008,967,23,22,1,25.06864,121.5107,1
500103004,20231008,968,23,22,1,25.06864,121.5107,1
500103004,20231008,969,23,22,1,25.06864,121.5107,1
500103004,20231008,970,23,22,1,25.06864,121.5107,1
500103004,20231008,971,23,22,1,25.06864,121.5107,1
500103004,20231008,972,23,22,1,25.06864,121.5107,1
500103004,20231008,973,23,22,1,25.06864,121.5107,1
500103004,20231008,974,23,22,1,25.06864,121.5107,1
500103004,20231008,975,23,22,1,25.06864,121.5107,1
500103004,20231008,976,23,22,1,25.06864,121.5107,1
500103004,20231008,977,23,22,1,25.06864,121.5107,1
500103004,20231008,978,23,21,1,25.06864,121.5107,2
500103004,20231008,979,23,22,1,25.06864,121.5107,1
500103004,20231008,981,23,22,1,25.06864,121.5107,1
500103004,20231008,982,23,21,1,25.06864,121.5107,2
500103004,20231008,983,23,21,1,25.06864,121.5107,2
500103004,20231008,984,23,21,1,25.06864,121.5107,2
500103004,20231008,985,23,21,1,25.06864,121.5107,2
500103004,20231008,986,23,21,1,25.06864,121.5107,2
500103004,20231008,987,23,21,1,25.06864,121.5107,2
500103004,20231008,988,23,21,1,25.06864,121.5107,2
500103004,20231008,989,23,21,1,25.06864,121.5107,2
500103004,20231008,991,23,21,1,25.06864,121.5107,2
500103004,20231008,992,23,23,1,25.06864,121.5107,0
500103004,20231008,993,23,23,1,25.06864,121.5107,0
500103004,20231008,994,23,23,1,25.06864,121.5107,0
500103004,20231008,995,23,23,1,25.06864,121.5107,0
500103004,20231008,996,23,23,1,25.06864,121.5107,0
500103004,20231008,997,23,23,1,25.06864,121.5107,0
500103004,20231008,998,23,21,1,25.06864,121.5107,2
500103004,20231008,999,23,20,1,25.06864,121.5107,3
500103004,20231008,1000,23,20,1,25.06864,121.5107,3
500103004,20231008,1001,23,21,1,25.06864,121.5107,2
500103004,20231008,1002,23,21,1,25.06864,121.5107,2
500103004,20231008,1003,23,21,1,25.06864,121.5107,2
500103004,20231008,1004,23,21,1,25.06864,121.5107,2
500103004,20231008,1005,23,19,1,25.06864,121.5107,4
500103004,20231008,1006,23,19,1,25.06864,121.5107,4
500103004,20231008,1007,23,20,1,25.06864,121.5107,3
500103004,20231008,1008,23,20,1,25.06864,121.5107,3
500103004,20231008,1009,23,21,1,25.06864,121.5107,2
500103004,20231008,1010,23,21,1,25.06864,121.5107,2
500103004,20231008,1011,23,21,1,25.06864,121.5107,2
500103004,20231008,1012,23,22,1,25.06864,121.5107,1
500103004,20231008,1013,23,22,1,25.06864,121.5107,1
500103004,20231008,1014,23,22,1,25.06864,121.5107,1
500103004,20231008,1015,23,22,1,25.06864,121.5107,1
500103004,20231008,1016,23,22,1,25.06864,121.5107,1
500103004,20231008,1017,23,22,1,25.06864,121.5107,1
500103004,20231008,1018,23,20,1,25.06864,121.5107,3
500103004,20231008,1019,23,20,1,25.06864,121.5107,3
500103004,20231008,1021,23,20,1,25.06864,121.5107,3
500103004,20231008,1022,23,19,1,25.06864,121.5107,4
500103004,20231008,1023,23,19,1,25.06864,121.5107,4
500103004,20231008,1024,23,19,1,25.06864,121.5107,4
500103004,20231008,1025,23,19,1,25.06864,121.5107,4
500103004,20231008,1026,23,19,1,25.06864,121.5107,4
500103004,20231008,1027,23,19,1,25.06864,121.5107,4
500103004,20231008,1028,23,19,1,25.06864,121.5107,4
500103004,20231008,1029,23,19,1,25.06864,121.5107,4
500103004,20231008,1030,23,19,1,25.06864,121.5107,4
500103004,20231008,1031,23,20,1,25.06864,121.5107,3
500103004,20231008,1032,23,20,1,25.06864,121.5107,3
500103004,20231008,1033,23,20,1,25.06864,121.5107,3
500103004,20231008,1034,23,20,1,25.06864,121.5107,3
500103004,20231008,1035,23,20,1,25.06864,121.5107,3
500103004,20231008,1036,23,20,1,25.06864,121.5107,3
500103004,20231008,1037,23,20,1,25.06864,121.5107,3
500103004,20231008,1038,23,20,1,25.06864,121.5107,3
500103004,20231008,1039,23,20,1,25.06864,121.5107,3
500103004,20231008,1041,23,21,1,25.06864,121.5107,2
500103004,20231008,1042,23,21,1,25.06864,121.5107,2
500103004,20231008,1043,23,21,1,25.06864,121.5107,2
500103004,20231008,1044,23,22,1,25.06864,121.5107,1
500103004,20231008,1045,23,22,1,25.06864,121.5107,1
500103004,20231008,1046,23,22,1,25.06864,121.5107,1
500103004,20231008,1047,23,22,1,25.06864,121.5107,1
500103004,20231008,1048,23,22,1,25.06864,121.5107,1
500103004,20231008,1049,23,22,1,25.06864,121.5107,1
500103004,20231008,1051,23,20,1,25.06864,121.5107,3
500103004,20231008,1052,23,19,1,25.06864,121.5107,4
500103004,20231008,1053,23,19,1,25.06864,121.5107,4
500103004,20231008,1054,23,19,1,25.06864,121.5107,4
500103004,20231008,1055,23,19,1,25.06864,121.5107,4
500103004,20231008,1056,23,20,1,25.06864,121.5107,3
500103004,20231008,1057,23,20,1,25.06864,121.5107,3
500103004,20231008,1058,23,20,1,25.06864,121.5107,3
500103004,20231008,1059,23,21,1,25.06864,121.5107,2
500103004,20231008,1060,23,21,1,25.06864,121.5107,2
500103004,20231008,1061,23,21,1,25.06864,121.5107,2
500103004,20231008,1062,23,21,1,25.06864,121.5107,2
500103004,20231008,1063,23,21,1,25.06864,121.5107,2
500103004,20231008,1064,23,21,1,25.06864,121.5107,2
500103004,20231008,1065,23,21,1,25.06864,121.5107,2
500103004,20231008,1066,23,20,1,25.06864,121.5107,3
500103004,20231008,1067,23,19,1,25.06864,121.5107,4
500103004,20231008,1068,23,18,1,25.06864,121.5107,5
500103004,20231008,1069,23,18,1,25.06864,121.5107,5
500103004,20231008,1070,23,18,1,25.06864,121.5107,5
500103004,20231008,1071,23,18,1,25.06864,121.5107,5
500103004,20231008,1072,23,17,1,25.06864,121.5107,6
500103004,20231008,1073,23,17,1,25.06864,121.5107,6
500103004,20231008,1074,23,16,1,25.06864,121.5107,7
500103004,20231008,1075,23,16,1,25.06864,121.5107,7
500103004,20231008,1076,23,12,1,25.06864,121.5107,11
500103004,20231008,1077,23,12,1,25.06864,121.5107,11
500103004,20231008,1078,23,12,1,25.06864,121.5107,11
500103004,20231008,1079,23,12,1,25.06864,121.5107,11
500103004,20231008,1081,23,12,1,25.06864,121.5107,11
500103004,20231008,1082,23,10,1,25.06864,121.5107,13
500103004,20231008,1083,23,10,1,25.06864,121.5107,13
500103004,20231008,1084,23,10,1,25.06864,121.5107,13
500103004,20231008,1085,23,9,1,25.06864,121.5107,14
500103004,20231008,1086,23,9,1,25.06864,121.5107,14
500103004,20231008,1087,23,9,1,25.06864,121.5107,14
500103004,20231008,1088,23,9,1,25.06864,121.5107,14
500103004,20231008,1089,23,9,1,25.06864,121.5107,14
500103004,20231008,1090,23,7,1,25.06864,121.5107,16
500103004,20231008,1091,23,7,1,25.06864,121.5107,16
500103004,20231008,1092,23,6,1,25.06864,121.5107,17
500103004,20231008,1093,23,6,1,25.06864,121.5107,17
500103004,20231008,1094,23,6,1,25.06864,121.5107,17
500103004,20231008,1095,23,5,1,25.06864,121.5107,18
500103004,20231008,1096,23,5,1,25.06864,121.5107,18
500103004,20231008,1097,23,5,1,25.06864,121.5107,18
500103004,20231008,1098,23,5,1,25.06864,121.5107,18
500103004,20231008,1099,23,4,1,25.06864,121.5107,19
500103004,20231008,1101,23,4,1,25.06864,121.5107,19
500103004,20231008,1102,23,4,1,25.06864,121.5107,19
500103004,20231008,1103,23,4,1,25.06864,121.5107,19
500103004,20231008,1104,23,4,1,25.06864,121.5107,19
500103004,20231008,1105,23,4,1,25.06864,121.5107,19
500103004,20231008,1106,23,4,1,25.06864,121.5107,19
500103004,20231008,1107,23,4,1,25.06864,121.5107,19
500103004,20231008,1108,23,4,1,25.06864,121.5107,19
500103004,20231008,1109,23,4,1,25.06864,121.5107,19
500103004,20231008,1110,23,4,1,25.06864,121.5107,19
500103004,20231008,1111,23,4,1,25.06864,121.5107,19
500103004,20231008,1112,23,4,1,25.06864,121.5107,19
500103004,20231008,1113,23,4,1,25.06864,121.5107,19
500103004,20231008,1114,23,4,1,25.06864,121.5107,19
500103004,20231008,1115,23,4,1,25.06864,121.5107,19
500103004,20231008,1116,23,4,1,25.06864,121.5107,19
500103004,20231008,1117,23,4,1,25.06864,121.5107,19
500103004,20231008,1118,23,4,1,25.06864,121.5107,19
500103004,20231008,1119,23,4,1,25.06864,121.5107,19
500103004,20231008,1120,23,4,1,25.06864,121.5107,19
500103004,20231008,1121,23,4,1,25.06864,121.5107,19
500103004,20231008,1122,23,4,1,25.06864,121.5107,19
500103004,20231008,1123,23,4,1,25.06864,121.5107,19
500103004,20231008,1124,23,4,1,25.06864,121.5107,19
500103004,20231008,1125,23,4,1,25.06864,121.5107,19
500103004,20231008,1126,23,4,1,25.06864,121.5107,19
500103004,20231008,1127,23,4,1,25.06864,121.5107,19
500103004,20231008,1128,23,4,1,25.06864,121.5107,19
500103004,20231008,1129,23,4,1,25.06864,121.5107,19
500103004,20231008,1130,23,4,1,25.06864,121.5107,19
500103004,20231008,1131,23,4,1,25.06864,121.5107,19
500103004,20231008,1132,23,4,1,25.06864,121.5107,19
500103004,20231008,1133,23,4,1,25.06864,121.5107,19
500103004,20231008,1134,23,4,1,25.06864,121.5107,19
500103004,20231008,1135,23,4,1,25.06864,121.5107,19
500103004,20231008,1136,23,4,1,25.06864,121.5107,19
500103004,20231008,1137,23,4,1,25.06864,121.5107,19
500103004,20231008,1138,23,4,1,25.06864,121.5107,19
500103004,20231008,1139,23,4,1,25.06864,121.5107,19
500103004,20231008,1141,23,4,1,25.06864,121.5107,19
500103004,20231008,1142,23,4,1,25.06864,121.5107,19
500103004,20231008,1143,23,4,1,25.06864,121.5107,19
500103004,20231008,1144,23,4,1,25.06864,121.5107,19
500103004,20231008,1145,23,4,1,25.06864,121.5107,19
500103004,20231008,1146,23,4,1,25.06864,121.5107,19
500103004,20231008,1147,23,4,1,25.06864,121.5107,19
500103004,20231008,1148,23,4,1,25.06864,121.5107,19
500103004,20231008,1149,23,3,1,25.06864,121.5107,20
500103004,20231008,1150,23,3,1,25.06864,121.5107,20
500103004,20231008,1151,23,3,1,25.06864,121.5107,20
500103004,20231008,1152,23,3,1,25.06864,121.5107,20
500103004,20231008,1153,23,3,1,25.06864,121.5107,20
500103004,20231008,1154,23,3,1,25.06864,121.5107,20
500103004,20231008,1155,23,3,1,25.06864,121.5107,20
500103004,20231008,1156,23,3,1,25.06864,121.5107,20
500103004,20231008,1157,23,3,1,25.06864,121.5107,20
500103004,20231008,1158,23,3,1,25.06864,121.5107,20
500103004,20231008,1159,23,3,1,25.06864,121.5107,20
500103004,20231008,1161,23,3,1,25.06864,121.5107,20
500103004,20231008,1162,23,3,1,25.06864,121.5107,20
500103004,20231008,1163,23,3,1,25.06864,121.5107,20
500103004,20231008,1164,23,3,1,25.06864,121.5107,20
500103004,20231008,1165,23,3,1,25.06864,121.5107,20
500103004,20231008,1166,23,3,1,25.06864,121.5107,20
500103004,20231008,1167,23,3,1,25.06864,121.5107,20
500103004,20231008,1168,23,3,1,25.06864,121.5107,20
500103004,20231008,1169,23,3,1,25.06864,121.5107,20
500103004,20231008,1170,23,3,1,25.06864,121.5107,20
500103004,20231008,1171,23,3,1,25.06864,121.5107,20
500103004,20231008,1172,23,3,1,25.06864,121.5107,20
500103004,20231008,1173,23,0,1,25.06864,121.5107,23
500103004,20231008,1174,23,0,1,25.06864,121.5107,23
500103004,20231008,1175,23,0,1,25.06864,121.5107,23
500103004,20231008,1176,23,0,1,25.06864,121.5107,23
500103004,20231008,1177,23,0,1,25.06864,121.5107,23
500103004,20231008,1178,23,0,1,25.06864,121.5107,23
500103004,20231008,1179,23,0,1,25.06864,121.5107,23
500103004,20231008,1180,23,0,1,25.06864,121.5107,23
500103004,20231008,1181,23,0,1,25.06864,121.5107,23
500103004,20231008,1182,23,0,1,25.06864,121.5107,23
500103004,20231008,1183,23,0,1,25.06864,121.5107,23
500103004,20231008,1184,23,2,1,25.06864,121.5107,21
500103004,20231008,1185,23,6,1,25.06864,121.5107,17
500103004,20231008,1186,23,7,1,25.06864,121.5107,16
500103004,20231008,1187,23,10,1,25.06864,121.5107,13
500103004,20231008,1188,23,14,1,25.06864,121.5107,9
500103004,20231008,1189,23,14,1,25.06864,121.5107,9
500103004,20231008,1190,23,18,1,25.06864,121.5107,5
500103004,20231008,1191,23,18,1,25.06864,121.5107,5
500103004,20231008,1192,23,18,1,25.06864,121.5107,5
500103004,20231008,1193,23,18,1,25.06864,121.5107,5
500103004,20231008,1194,23,18,1,25.06864,121.5107,5
500103004,20231008,1195,23,18,1,25.06864,121.5107,5
500103004,20231008,1196,23,18,1,25.06864,121.5107,5
500103004,20231008,1197,23,18,1,25.06864,121.5107,5
500103004,20231008,1198,23,18,1,25.06864,121.5107,5
500103004,20231008,1199,23,18,1,25.06864,121.5107,5
500103004,20231008,1201,23,18,1,25.06864,121.5107,5
500103004,20231008,1202,23,18,1,25.06864,121.5107,5
500103004,20231008,1203,23,18,1,25.06864,121.5107,5
500103004,20231008,1204,23,18,1,25.06864,121.5107,5
500103004,20231008,1205,23,18,1,25.06864,121.5107,5
500103004,20231008,1206,23,18,1,25.06864,121.5107,5
500103004,20231008,1207,23,18,1,25.06864,121.5107,5
500103004,20231008,1208,23,18,1,25.06864,121.5107,5
500103004,20231008,1209,23,18,1,25.06864,121.5107,5
500103004,20231008,1210,23,18,1,25.06864,121.5107,5
500103004,20231008,1211,23,18,1,25.06864,121.5107,5
500103004,20231008,1212,23,18,1,25.06864,121.5107,5
500103004,20231008,1213,23,18,1,25.06864,121.5107,5
500103004,20231008,1214,23,18,1,25.06864,121.5107,5
500103004,20231008,1215,23,18,1,25.06864,121.5107,5
500103004,20231008,1216,23,18,1,25.06864,121.5107,5
500103004,20231008,1217,23,18,1,25.06864,121.5107,5
500103004,20231008,1218,23,18,1,25.06864,121.5107,5
500103004,20231008,1219,23,18,1,25.06864,121.5107,5
500103004,20231008,1221,23,18,1,25.06864,121.5107,5
500103004,20231008,1222,23,18,1,25.06864,121.5107,5
500103004,20231008,1223,23,18,1,25.06864,121.5107,5
500103004,20231008,1224,23,18,1,25.06864,121.5107,5
500103004,20231008,1225,23,18,1,25.06864,121.5107,5
500103004,20231008,1226,23,18,1,25.06864,121.5107,5
500103004,20231008,1227,23,18,1,25.06864,121.5107,5
500103004,20231008,1228,23,18,1,25.06864,121.5107,5
500103004,20231008,1229,23,18,1,25.06864,121.5107,5
500103004,20231008,1230,23,18,1,25.06864,121.5107,5
500103004,20231008,1231,23,18,1,25.06864,121.5107,5
500103004,20231008,1232,23,18,1,25.06864,121.5107,5
500103004,20231008,1233,23,18,1,25.06864,121.5107,5
500103004,20231008,1234,23,18,1,25.06864,121.5107,5
500103004,20231008,1235,23,18,1,25.06864,121.5107,5
500103004,20231008,1236,23,18,1,25.06864,121.5107,5
500103004,20231008,1237,23,18,1,25.06864,121.5107,5
500103004,20231008,1238,23,18,1,25.06864,121.5107,5
500103004,20231008,1239,23,18,1,25.06864,121.5107,5
500103004,20231008,1240,23,18,1,25.06864,121.5107,5
500103004,20231008,1241,23,18,1,25.06864,121.5107,5
500103004,20231008,1242,23,18,1,25.06864,121.5107,5
500103004,20231008,1243,23,18,1,25.06864,121.5107,5
500103004,20231008,1244,23,18,1,25.06864,121.5107,5
500103004,20231008,1245,23,18,1,25.06864,121.5107,5
500103004,20231008,1246,23,17,1,25.06864,121.5107,6
500103004,20231008,1247,23,17,1,25.06864,121.5107,6
500103004,20231008,1248,23,17,1,25.06864,121.5107,6
500103004,20231008,1249,23,17,1,25.06864,121.5107,6
500103004,20231008,1250,23,17,1,25.06864,121.5107,6
500103004,20231008,1251,23,17,1,25.06864,121.5107,6
500103004,20231008,1252,23,17,1,25.06864,121.5107,6
500103004,20231008,1253,23,17,1,25.06864,121.5107,6
500103004,20231008,1254,23,17,1,25.06864,121.5107,6
500103004,20231008,1255,23,17,1,25.06864,121.5107,6
500103004,20231008,1256,23,17,1,25.06864,121.5107,6
500103004,20231008,1257,23,16,1,25.06864,121.5107,7
500103004,20231008,1258,23,16,1,25.06864,121.5107,7
500103004,20231008,1259,23,16,1,25.06864,121.5107,7
500103004,20231008,1261,23,16,1,25.06864,121.5107,7
500103004,20231008,1262,23,16,1,25.06864,121.5107,7
500103004,20231008,1263,23,16,1,25.06864,121.5107,7
500103004,20231008,1264,23,16,1,25.06864,121.5107,7
500103004,20231008,1265,23,16,1,25.06864,121.5107,7
500103004,20231008,1266,23,16,1,25.06864,121.5107,7
500103004,20231008,1267,23,16,1,25.06864,121.5107,7
500103004,20231008,1268,23,16,1,25.06864,121.5107,7
500103004,20231008,1269,23,16,1,25.06864,121.5107,7
500103004,20231008,1270,23,16,1,25.06864,121.5107,7
500103004,20231008,1271,23,16,1,25.06864,121.5107,7
500103004,20231008,1272,23,16,1,25.06864,121.5107,7
500103004,20231008,1273,23,16,1,25.06864,121.5107,7
500103004,20231008,1274,23,16,1,25.06864,121.5107,7
500103004,20231008,1275,23,16,1,25.06864,121.5107,7
500103004,20231008,1276,23,16,1,25.06864,121.5107,7
500103004,20231008,1277,23,16,1,25.06864,121.5107,7
500103004,20231008,1278,23,16,1,25.06864,121.5107,7
500103004,20231008,1279,23,16,1,25.06864,121.5107,7
500103004,20231008,1281,23,16,1,25.06864,121.5107,7
500103004,20231008,1282,23,16,1,25.06864,121.5107,7
500103004,20231008,1283,23,16,1,25.06864,121.5107,7
500103004,20231008,1284,23,16,1,25.06864,121.5107,7
500103004,20231008,1285,23,16,1,25.06864,121.5107,7
500103004,20231008,1286,23,16,1,25.06864,121.5107,7
500103004,20231008,1287,23,16,1,25.06864,121.5107,7
500103004,20231008,1288,23,16,1,25.06864,121.5107,7
500103004,20231008,1289,23,16,1,25.06864,121.5107,7
500103004,20231008,1290,23,16,1,25.06864,121.5107,7
500103004,20231008,1291,23,16,1,25.06864,121.5107,7
500103004,20231008,1292,23,16,1,25.06864,121.5107,7
500103004,20231008,1293,23,16,1,25.06864,121.5107,7
500103004,20231008,1294,23,16,1,25.06864,121.5107,7
500103004,20231008,1295,23,16,1,25.06864,121.5107,7
500103004,20231008,1296,23,15,1,25.06864,121.5107,8
500103004,20231008,1297,23,15,1,25.06864,121.5107,8
500103004,20231008,1298,23,15,1,25.06864,121.5107,8
500103004,20231008,1299,23,15,1,25.06864,121.5107,8
500103004,20231008,1300,23,15,1,25.06864,121.5107,8
500103004,20231008,1301,23,15,1,25.06864,121.5107,8
500103004,20231008,1302,23,15,1,25.06864,121.5107,8
500103004,20231008,1303,23,15,1,25.06864,121.5107,8
500103004,20231008,1304,23,15,1,25.06864,121.5107,8
500103004,20231008,1305,23,15,1,25.06864,121.5107,8
500103004,20231008,1306,23,15,1,25.06864,121.5107,8
500103004,20231008,1307,23,15,1,25.06864,121.5107,8
500103004,20231008,1308,23,15,1,25.06864,121.5107,8
500103004,20231008,1309,23,15,1,25.06864,121.5107,8
500103004,20231008,1310,23,15,1,25.06864,121.5107,8
500103004,20231008,1311,23,15,1,25.06864,121.5107,8
500103004,20231008,1312,23,15,1,25.06864,121.5107,8
500103004,20231008,1313,23,15,1,25.06864,121.5107,8
500103004,20231008,1314,23,15,1,25.06864,121.5107,8
500103004,20231008,1315,23,15,1,25.06864,121.5107,8
500103004,20231008,1316,23,15,1,25.06864,121.5107,8
500103004,20231008,1317,23,15,1,25.06864,121.5107,8
500103004,20231008,1318,23,15,1,25.06864,121.5107,8
500103004,20231008,1319,23,15,1,25.06864,121.5107,8
500103004,20231008,1321,23,15,1,25.06864,121.5107,8
500103004,20231008,1322,23,15,1,25.06864,121.5107,8
500103004,20231008,1323,23,15,1,25.06864,121.5107,8
500103004,20231008,1324,23,15,1,25.06864,121.5107,8
500103004,20231008,1325,23,15,1,25.06864,121.5107,8
500103004,20231008,1326,23,15,1,25.06864,121.5107,8
500103004,20231008,1327,23,15,1,25.06864,121.5107,8
500103004,20231008,1328,23,15,1,25.06864,121.5107,8
500103004,20231008,1329,23,15,1,25.06864,121.5107,8
500103004,20231008,1330,23,15,1,25.06864,121.5107,8
500103004,20231008,1331,23,15,1,25.06864,121.5107,8
500103004,20231008,1332,23,15,1,25.06864,121.5107,8
500103004,20231008,1333,23,15,1,25.06864,121.5107,8
500103004,20231008,1334,23,15,1,25.06864,121.5107,8
500103004,20231008,1335,23,15,1,25.06864,121.5107,8
500103004,20231008,1336,23,15,1,25.06864,121.5107,8
500103004,20231008,1337,23,15,1,25.06864,121.5107,8
500103004,20231008,1338,23,15,1,25.06864,121.5107,8
500103004,20231008,1339,23,15,1,25.06864,121.5107,8
500103004,20231008,1341,23,15,1,25.06864,121.5107,8
500103004,20231008,1342,23,15,1,25.06864,121.5107,8
500103004,20231008,1343,23,15,1,25.06864,121.5107,8
500103004,20231008,1344,23,15,1,25.06864,121.5107,8
500103004,20231008,1345,23,15,1,25.06864,121.5107,8
500103004,20231008,1346,23,15,1,25.06864,121.5107,8
500103004,20231008,1347,23,15,1,25.06864,121.5107,8
500103004,20231008,1348,23,15,1,25.06864,121.5107,8
500103004,20231008,1349,23,15,1,25.06864,121.5107,8
500103004,20231008,1350,23,15,1,25.06864,121.5107,8
500103004,20231008,1352,23,15,1,25.06864,121.5107,8
500103004,20231008,1353,23,15,1,25.06864,121.5107,8
500103004,20231008,1354,23,15,1,25.06864,121.5107,8
500103004,20231008,1355,23,15,1,25.06864,121.5107,8
500103004,20231008,1356,23,15,1,25.06864,121.5107,8
500103004,20231008,1357,23,15,1,25.06864,121.5107,8
500103004,20231008,1358,23,15,1,25.06864,121.5107,8
500103004,20231008,1359,23,15,1,25.06864,121.5107,8
500103004,20231008,1360,23,15,1,25.06864,121.5107,8
500103004,20231008,1361,23,15,1,25.06864,121.5107,8
500103004,20231008,1362,23,15,1,25.06864,121.5107,8
500103004,20231008,1363,23,16,1,25.06864,121.5107,7
500103004,20231008,1364,23,16,1,25.06864,121.5107,7
500103004,20231008,1365,23,16,1,25.06864,121.5107,7
500103004,20231008,1366,23,16,1,25.06864,121.5107,7
500103004,20231008,1367,23,16,1,25.06864,121.5107,7
500103004,20231008,1368,23,16,1,25.06864,121.5107,7
500103004,20231008,1369,23,16,1,25.06864,121.5107,7
500103004,20231008,1370,23,16,1,25.06864,121.5107,7
500103004,20231008,1371,23,16,1,25.06864,121.5107,7
500103004,20231008,1372,23,16,1,25.06864,121.5107,7
500103004,20231008,1373,23,16,1,25.06864,121.5107,7
500103004,20231008,1374,23,16,1,25.06864,121.5107,7
500103004,20231008,1375,23,16,1,25.06864,121.5107,7
500103004,20231008,1376,23,16,1,25.06864,121.5107,7
500103004,20231008,1377,23,16,1,25.06864,121.5107,7
500103004,20231008,1378,23,16,1,25.06864,121.5107,7
500103004,20231008,1379,23,16,1,25.06864,121.5107,7
500103004,20231008,1380,23,16,1,25.06864,121.5107,7
500103004,20231008,1381,23,16,1,25.06864,121.5107,7
500103004,20231008,1382,23,16,1,25.06864,121.5107,7
500103004,20231008,1383,23,16,1,25.06864,121.5107,7
500103004,20231008,1384,23,16,1,25.06864,121.5107,7
500103004,20231008,1385,23,16,1,25.06864,121.5107,7
500103004,20231008,1386,23,16,1,25.06864,121.5107,7
500103004,20231008,1387,23,16,1,25.06864,121.5107,7
500103004,20231008,1388,23,16,1,25.06864,121.5107,7
500103004,20231008,1389,23,16,1,25.06864,121.5107,7
500103004,20231008,1390,23,16,1,25.06864,121.5107,7
500103004,20231008,1391,23,16,1,25.06864,121.5107,7
500103004,20231008,1392,23,16,1,25.06864,121.5107,7
500103004,20231008,1393,23,16,1,25.06864,121.5107,7
500103004,20231008,1394,23,16,1,25.06864,121.5107,7
500103004,20231008,1395,23,16,1,25.06864,121.5107,7
500103004,20231008,1396,23,16,1,25.06864,121.5107,7
500103004,20231008,1397,23,16,1,25.06864,121.5107,7
500103004,20231008,1398,23,16,1,25.06864,121.5107,7
500103004,20231008,1399,23,16,1,25.06864,121.5107,7
500103004,20231008,1401,23,16,1,25.06864,121.5107,7
500103004,20231008,1402,23,16,1,25.06864,121.5107,7
500103004,20231008,1403,23,16,1,25.06864,121.5107,7
500103004,20231008,1404,23,16,1,25.06864,121.5107,7
500103004,20231008,1405,23,16,1,25.06864,121.5107,7
500103004,20231008,1406,23,16,1,25.06864,121.5107,7
500103004,20231008,1407,23,16,1,25.06864,121.5107,7
500103004,20231008,1408,23,16,1,25.06864,121.5107,7
500103004,20231008,1409,23,16,1,25.06864,121.5107,7
500103004,20231008,1410,23,16,1,25.06864,121.5107,7
500103004,20231008,1411,23,16,1,25.06864,121.5107,7
500103004,20231008,1412,23,16,1,25.06864,121.5107,7
500103004,20231008,1413,23,16,1,25.06864,121.5107,7
500103004,20231008,1414,23,16,1,25.06864,121.5107,7
500103004,20231008,1415,23,16,1,25.06864,121.5107,7
500103004,20231008,1416,23,16,1,25.06864,121.5107,7
500103004,20231008,1417,23,16,1,25.06864,121.5107,7
500103004,20231008,1418,23,16,1,25.06864,121.5107,7
500103004,20231008,1419,23,15,1,25.06864,121.5107,8
500103004,20231008,1420,23,15,1,25.06864,121.5107,8
500103004,20231008,1421,23,15,1,25.06864,121.5107,8
500103004,20231008,1422,23,15,1,25.06864,121.5107,8
500103004,20231008,1423,23,15,1,25.06864,121.5107,8
500103004,20231008,1424,23,15,1,25.06864,121.5107,8
500103004,20231008,1425,23,15,1,25.06864,121.5107,8
500103004,20231008,1426,23,15,1,25.06864,121.5107,8
500103004,20231008,1427,23,15,1,25.06864,121.5107,8
500103004,20231008,1428,23,15,1,25.06864,121.5107,8
500103004,20231008,1429,23,15,1,25.06864,121.5107,8
500103004,20231008,1430,23,15,1,25.06864,121.5107,8
500103004,20231008,1431,23,15,1,25.06864,121.5107,8
500103004,20231008,1432,23,15,1,25.06864,121.5107,8
500103004,20231008,1433,23,15,1,25.06864,121.5107,8
500103004,20231008,1434,23,15,1,25.06864,121.5107,8
500103004,20231008,1435,23,15,1,25.06864,121.5107,8
500103004,20231008,1436,23,15,1,25.06864,121.5107,8
500103004,20231008,1437,23,15,1,25.06864,121.5107,8
500103004,20231008,1438,23,16,1,25.06864,121.5107,7
500103004,20231008,1439,23,16,1,25.06864,121.5107,7
500103004,20231009,0,23,16,1,25.06864,121.5107,7
500103004,20231009,1,23,16,1,25.06864,121.5107,7
500103004,20231009,2,23,16,1,25.06864,121.5107,7
500103004,20231009,3,23,16,1,25.06864,121.5107,7
500103004,20231009,4,23,16,1,25.06864,121.5107,7
500103004,20231009,5,23,16,1,25.06864,121.5107,7
500103004,20231009,6,23,15,1,25.06864,121.5107,8
500103004,20231009,7,23,15,1,25.06864,121.5107,8
500103004,20231009,8,23,15,1,25.06864,121.5107,8
500103004,20231009,9,23,15,1,25.06864,121.5107,8
500103004,20231009,10,23,15,1,25.06864,121.5107,8
500103004,20231009,11,23,15,1,25.06864,121.5107,8
500103004,20231009,12,23,15,1,25.06864,121.5107,8
500103004,20231009,13,23,15,1,25.06864,121.5107,8
500103004,20231009,14,23,15,1,25.06864,121.5107,8
500103004,20231009,15,23,15,1,25.06864,121.5107,8
500103004,20231009,16,23,15,1,25.06864,121.5107,8
500103004,20231009,17,23,15,1,25.06864,121.5107,8
500103004,20231009,18,23,15,1,25.06864,121.5107,8
500103004,20231009,19,23,15,1,25.06864,121.5107,8
500103004,20231009,21,23,9,1,25.06864,121.5107,14
500103004,20231009,22,23,8,1,25.06864,121.5107,15
500103004,20231009,23,23,8,1,25.06864,121.5107,15
500103004,20231009,24,23,8,1,25.06864,121.5107,15
500103004,20231009,25,23,8,1,25.06864,121.5107,15
500103004,20231009,26,23,8,1,25.06864,121.5107,15
500103004,20231009,27,23,8,1,25.06864,121.5107,15
500103004,20231009,28,23,8,1,25.06864,121.5107,15
500103004,20231009,29,23,8,1,25.06864,121.5107,15
500103004,20231009,30,23,8,1,25.06864,121.5107,15
500103004,20231009,31,23,8,1,25.06864,121.5107,15
500103004,20231009,32,23,8,1,25.06864,121.5107,15
500103004,20231009,33,23,8,1,25.06864,121.5107,15
500103004,20231009,34,23,8,1,25.06864,121.5107,15
500103004,20231009,35,23,8,1,25.06864,121.5107,15
500103004,20231009,36,23,8,1,25.06864,121.5107,15
500103004,20231009,37,23,8,1,25.06864,121.5107,15
500103004,20231009,38,23,8,1,25.06864,121.5107,15
500103004,20231009,39,23,8,1,25.06864,121.5107,15
500103004,20231009,40,23,8,1,25.06864,121.5107,15
500103004,20231009,41,23,8,1,25.06864,121.5107,15
500103004,20231009,42,23,8,1,25.06864,121.5107,15
500103004,20231009,43,23,8,1,25.06864,121.5107,15
500103004,20231009,44,23,8,1,25.06864,121.5107,15
500103004,20231009,45,23,8,1,25.06864,121.5107,15
500103004,20231009,46,23,8,1,25.06864,121.5107,15
500103004,20231009,47,23,8,1,25.06864,121.5107,15
500103004,20231009,48,23,8,1,25.06864,121.5107,15
500103004,20231009,49,23,8,1,25.06864,121.5107,15
500103004,20231009,50,23,8,1,25.06864,121.5107,15
500103004,20231009,51,23,8,1,25.06864,121.5107,15
500103004,20231009,52,23,8,1,25.06864,121.5107,15
500103004,20231009,53,23,8,1,25.06864,121.5107,15
500103004,20231009,54,23,8,1,25.06864,121.5107,15
500103004,20231009,55,23,8,1,25.06864,121.5107,15
500103004,20231009,56,23,8,1,25.06864,121.5107,15
500103004,20231009,57,23,8,1,25.06864,121.5107,15
500103004,20231009,58,23,8,1,25.06864,121.5107,15
500103004,20231009,59,23,8,1,25.06864,121.5107,15
500103004,20231009,61,23,8,1,25.06864,121.5107,15
500103004,20231009,62,23,8,1,25.06864,121.5107,15
500103004,20231009,63,23,8,1,25.06864,121.5107,15
500103004,20231009,64,23,8,1,25.06864,121.5107,15
500103004,20231009,65,23,8,1,25.06864,121.5107,15
500103004,20231009,66,23,8,1,25.06864,121.5107,15
500103004,20231009,67,23,8,1,25.06864,121.5107,15
500103004,20231009,68,23,8,1,25.06864,121.5107,15
500103004,20231009,69,23,8,1,25.06864,121.5107,15
500103004,20231009,70,23,8,1,25.06864,121.5107,15
500103004,20231009,71,23,8,1,25.06864,121.5107,15
500103004,20231009,72,23,8,1,25.06864,121.5107,15
500103004,20231009,73,23,8,1,25.06864,121.5107,15
500103004,20231009,74,23,8,1,25.06864,121.5107,15
500103004,20231009,75,23,8,1,25.06864,121.5107,15
500103004,20231009,76,23,8,1,25.06864,121.5107,15
500103004,20231009,77,23,8,1,25.06864,121.5107,15
500103004,20231009,78,23,8,1,25.06864,121.5107,15
500103004,20231009,79,23,8,1,25.06864,121.5107,15
500103004,20231009,81,23,8,1,25.06864,121.5107,15
500103004,20231009,82,23,8,1,25.06864,121.5107,15
500103004,20231009,83,23,8,1,25.06864,121.5107,15
500103004,20231009,84,23,8,1,25.06864,121.5107,15
500103004,20231009,85,23,8,1,25.06864,121.5107,15
500103004,20231009,86,23,8,1,25.06864,121.5107,15
500103004,20231009,87,23,8,1,25.06864,121.5107,15
500103004,20231009,88,23,8,1,25.06864,121.5107,15
500103004,20231009,89,23,8,1,25.06864,121.5107,15
500103004,20231009,90,23,8,1,25.06864,121.5107,15
500103004,20231009,91,23,8,1,25.06864,121.5107,15
500103004,20231009,92,23,8,1,25.06864,121.5107,15
500103004,20231009,93,23,8,1,25.06864,121.5107,15
500103004,20231009,94,23,8,1,25.06864,121.5107,15
500103004,20231009,95,23,8,1,25.06864,121.5107,15
500103004,20231009,96,23,8,1,25.06864,121.5107,15
500103004,20231009,97,23,8,1,25.06864,121.5107,15
500103004,20231009,98,23,8,1,25.06864,121.5107,15
500103004,20231009,99,23,8,1,25.06864,121.5107,15
500103004,20231009,100,23,8,1,25.06864,121.5107,15
500103004,20231009,101,23,8,1,25.06864,121.5107,15
500103004,20231009,102,23,8,1,25.06864,121.5107,15
500103004,20231009,103,23,8,1,25.06864,121.5107,15
500103004,20231009,104,23,8,1,25.06864,121.5107,15
500103004,20231009,105,23,8,1,25.06864,121.5107,15
500103004,20231009,106,23,8,1,25.06864,121.5107,15
500103004,20231009,107,23,8,1,25.06864,121.5107,15
500103004,20231009,108,23,8,1,25.06864,121.5107,15
500103004,20231009,109,23,8,1,25.06864,121.5107,15
500103004,20231009,110,23,8,1,25.06864,121.5107,15
500103004,20231009,111,23,8,1,25.06864,121.5107,15
500103004,20231009,112,23,8,1,25.06864,121.5107,15
500103004,20231009,113,23,8,1,25.06864,121.5107,15
500103004,20231009,114,23,8,1,25.06864,121.5107,15
500103004,20231009,115,23,7,1,25.06864,121.5107,16
500103004,20231009,116,23,7,1,25.06864,121.5107,16
500103004,20231009,117,23,7,1,25.06864,121.5107,16
500103004,20231009,118,23,7,1,25.06864,121.5107,16
500103004,20231009,119,23,7,1,25.06864,121.5107,16
500103004,20231009,121,23,7,1,25.06864,121.5107,16
500103004,20231009,122,23,7,1,25.06864,121.5107,16
500103004,20231009,123,23,7,1,25.06864,121.5107,16
500103004,20231009,124,23,7,1,25.06864,121.5107,16
500103004,20231009,125,23,7,1,25.06864,121.5107,16
500103004,20231009,126,23,7,1,25.06864,121.5107,16
500103004,20231009,127,23,7,1,25.06864,121.5107,16
500103004,20231009,128,23,7,1,25.06864,121.5107,16
500103004,20231009,129,23,7,1,25.06864,121.5107,16
500103004,20231009,130,23,7,1,25.06864,121.5107,16
500103004,20231009,131,23,7,1,25.06864,121.5107,16
500103004,20231009,132,23,7,1,25.06864,121.5107,16
500103004,20231009,133,23,7,1,25.06864,121.5107,16
500103004,20231009,134,23,7,1,25.06864,121.5107,16
500103004,20231009,135,23,7,1,25.06864,121.5107,16
500103004,20231009,136,23,7,1,25.06864,121.5107,16
500103004,20231009,137,23,7,1,25.06864,121.5107,16
500103004,20231009,138,23,7,1,25.06864,121.5107,16
500103004,20231009,139,23,7,1,25.06864,121.5107,16
500103004,20231009,141,23,7,1,25.06864,121.5107,16
500103004,20231009,142,23,7,1,25.06864,121.5107,16
500103004,20231009,143,23,7,1,25.06864,121.5107,16
500103004,20231009,144,23,7,1,25.06864,121.5107,16
500103004,20231009,145,23,7,1,25.06864,121.5107,16
500103004,20231009,146,23,7,1,25.06864,121.5107,16
500103004,20231009,147,23,7,1,25.06864,121.5107,16
500103004,20231009,148,23,7,1,25.06864,121.5107,16
500103004,20231009,149,23,7,1,25.06864,121.5107,16
500103004,20231009,150,23,7,1,25.06864,121.5107,16
500103004,20231009,151,23,7,1,25.06864,121.5107,16
500103004,20231009,152,23,7,1,25.06864,121.5107,16
500103004,20231009,153,23,7,1,25.06864,121.5107,16
500103004,20231009,154,23,7,1,25.06864,121.5107,16
500103004,20231009,155,23,6,1,25.06864,121.5107,17
500103004,20231009,156,23,6,1,25.06864,121.5107,17
500103004,20231009,157,23,6,1,25.06864,121.5107,17
500103004,20231009,158,23,6,1,25.06864,121.5107,17
500103004,20231009,159,23,6,1,25.06864,121.5107,17
500103004,20231009,160,23,6,1,25.06864,121.5107,17
500103004,20231009,161,23,6,1,25.06864,121.5107,17
500103004,20231009,162,23,6,1,25.06864,121.5107,17
500103004,20231009,163,23,6,1,25.06864,121.5107,17
500103004,20231009,164,23,6,1,25.06864,121.5107,17
500103004,20231009,165,23,6,1,25.06864,121.5107,17
500103004,20231009,166,23,6,1,25.06864,121.5107,17
500103004,20231009,167,23,6,1,25.06864,121.5107,17
500103004,20231009,168,23,6,1,25.06864,121.5107,17
500103004,20231009,169,23,6,1,25.06864,121.5107,17
500103004,20231009,170,23,6,1,25.06864,121.5107,17
500103004,20231009,171,23,6,1,25.06864,121.5107,17
500103004,20231009,172,23,6,1,25.06864,121.5107,17
500103004,20231009,173,23,6,1,25.06864,121.5107,17
500103004,20231009,174,23,6,1,25.06864,121.5107,17
500103004,20231009,175,23,6,1,25.06864,121.5107,17
500103004,20231009,176,23,6,1,25.06864,121.5107,17
500103004,20231009,177,23,6,1,25.06864,121.5107,17
500103004,20231009,178,23,6,1,25.06864,121.5107,17
500103004,20231009,179,23,6,1,25.06864,121.5107,17
500103004,20231009,180,23,6,1,25.06864,121.5107,17
500103004,20231009,181,23,6,1,25.06864,121.5107,17
500103004,20231009,182,23,6,1,25.06864,121.5107,17
500103004,20231009,183,23,6,1,25.06864,121.5107,17
500103004,20231009,184,23,6,1,25.06864,121.5107,17
500103004,20231009,185,23,6,1,25.06864,121.5107,17
500103004,20231009,186,23,6,1,25.06864,121.5107,17
500103004,20231009,187,23,6,1,25.06864,121.5107,17
500103004,20231009,188,23,6,1,25.06864,121.5107,17
500103004,20231009,189,23,6,1,25.06864,121.5107,17
500103004,20231009,190,23,6,1,25.06864,121.5107,17
500103004,20231009,191,23,6,1,25.06864,121.5107,17
500103004,20231009,192,23,6,1,25.06864,121.5107,17
500103004,20231009,193,23,6,1,25.06864,121.5107,17
500103004,20231009,194,23,6,1,25.06864,121.5107,17
500103004,20231009,195,23,6,1,25.06864,121.5107,17
500103004,20231009,196,23,6,1,25.06864,121.5107,17
500103004,20231009,197,23,6,1,25.06864,121.5107,17
500103004,20231009,198,23,6,1,25.06864,121.5107,17
500103004,20231009,199,23,6,1,25.06864,121.5107,17
500103004,20231009,201,23,6,1,25.06864,121.5107,17
500103004,20231009,202,23,6,1,25.06864,121.5107,17
500103004,20231009,203,23,6,1,25.06864,121.5107,17
500103004,20231009,204,23,6,1,25.06864,121.5107,17
500103004,20231009,205,23,6,1,25.06864,121.5107,17
500103004,20231009,206,23,6,1,25.06864,121.5107,17
500103004,20231009,207,23,6,1,25.06864,121.5107,17
500103004,20231009,208,23,6,1,25.06864,121.5107,17
500103004,20231009,209,23,6,1,25.06864,121.5107,17
500103004,20231009,210,23,6,1,25.06864,121.5107,17
500103004,20231009,211,23,6,1,25.06864,121.5107,17
500103004,20231009,212,23,6,1,25.06864,121.5107,17
500103004,20231009,213,23,6,1,25.06864,121.5107,17
500103004,20231009,214,23,6,1,25.06864,121.5107,17
500103004,20231009,215,23,6,1,25.06864,121.5107,17
500103004,20231009,216,23,6,1,25.06864,121.5107,17
500103004,20231009,217,23,6,1,25.06864,121.5107,17
500103004,20231009,218,23,6,1,25.06864,121.5107,17
500103004,20231009,219,23,6,1,25.06864,121.5107,17
500103004,20231009,221,23,6,1,25.06864,121.5107,17
500103004,20231009,222,23,6,1,25.06864,121.5107,17
500103004,20231009,223,23,6,1,25.06864,121.5107,17
500103004,20231009,224,23,6,1,25.06864,121.5107,17
500103004,20231009,225,23,6,1,25.06864,121.5107,17
500103004,20231009,226,23,6,1,25.06864,121.5107,17
500103004,20231009,227,23,6,1,25.06864,121.5107,17
500103004,20231009,228,23,6,1,25.06864,121.5107,17
500103004,20231009,229,23,6,1,25.06864,121.5107,17
500103004,20231009,230,23,6,1,25.06864,121.5107,17
500103004,20231009,231,23,6,1,25.06864,121.5107,17
500103004,20231009,232,23,6,1,25.06864,121.5107,17
500103004,20231009,233,23,6,1,25.06864,121.5107,17
500103004,20231009,234,23,6,1,25.06864,121.5107,17
500103004,20231009,235,23,6,1,25.06864,121.5107,17
500103004,20231009,236,23,6,1,25.06864,121.5107,17
500103004,20231009,237,23,6,1,25.06864,121.5107,17
500103004,20231009,238,23,6,1,25.06864,121.5107,17
500103004,20231009,239,23,6,1,25.06864,121.5107,17
500103004,20231009,241,23,6,1,25.06864,121.5107,17
500103004,20231009,242,23,6,1,25.06864,121.5107,17
500103004,20231009,243,23,6,1,25.06864,121.5107,17
500103004,20231009,244,23,6,1,25.06864,121.5107,17
500103004,20231009,245,23,6,1,25.06864,121.5107,17
500103004,20231009,246,23,6,1,25.06864,121.5107,17
500103004,20231009,247,23,6,1,25.06864,121.5107,17
500103004,20231009,248,23,6,1,25.06864,121.5107,17
500103004,20231009,249,23,6,1,25.06864,121.5107,17
500103004,20231009,250,23,6,1,25.06864,121.5107,17
500103004,20231009,251,23,6,1,25.06864,121.5107,17
500103004,20231009,252,23,6,1,25.06864,121.5107,17
500103004,20231009,253,23,6,1,25.06864,121.5107,17
500103004,20231009,254,23,6,1,25.06864,121.5107,17
500103004,20231009,255,23,6,1,25.06864,121.5107,17
500103004,20231009,256,23,6,1,25.06864,121.5107,17
500103004,20231009,257,23,6,1,25.06864,121.5107,17
500103004,20231009,258,23,6,1,25.06864,121.5107,17
500103004,20231009,259,23,6,1,25.06864,121.5107,17
500103004,20231009,261,23,6,1,25.06864,121.5107,17
500103004,20231009,262,23,6,1,25.06864,121.5107,17
500103004,20231009,263,23,6,1,25.06864,121.5107,17
500103004,20231009,264,23,6,1,25.06864,121.5107,17
500103004,20231009,265,23,6,1,25.06864,121.5107,17
500103004,20231009,266,23,6,1,25.06864,121.5107,17
500103004,20231009,267,23,6,1,25.06864,121.5107,17
500103004,20231009,268,23,6,1,25.06864,121.5107,17
500103004,20231009,269,23,6,1,25.06864,121.5107,17
500103004,20231009,270,23,6,1,25.06864,121.5107,17
500103004,20231009,271,23,6,1,25.06864,121.5107,17
500103004,20231009,272,23,6,1,25.06864,121.5107,17
500103004,20231009,273,23,6,1,25.06864,121.5107,17
500103004,20231009,274,23,6,1,25.06864,121.5107,17
500103004,20231009,275,23,6,1,25.06864,121.5107,17
500103004,20231009,276,23,6,1,25.06864,121.5107,17
500103004,20231009,277,23,6,1,25.06864,121.5107,17
500103004,20231009,278,23,6,1,25.06864,121.5107,17
500103004,20231009,279,23,6,1,25.06864,121.5107,17
500103004,20231009,280,23,6,1,25.06864,121.5107,17
500103004,20231009,281,23,6,1,25.06864,121.5107,17
500103004,20231009,282,23,6,1,25.06864,121.5107,17
500103004,20231009,283,23,6,1,25.06864,121.5107,17
500103004,20231009,284,23,6,1,25.06864,121.5107,17
500103004,20231009,285,23,6,1,25.06864,121.5107,17
500103004,20231009,286,23,6,1,25.06864,121.5107,17
500103004,20231009,287,23,6,1,25.06864,121.5107,17
500103004,20231009,288,23,6,1,25.06864,121.5107,17
500103004,20231009,289,23,6,1,25.06864,121.5107,17
500103004,20231009,290,23,6,1,25.06864,121.5107,17
500103004,20231009,291,23,6,1,25.06864,121.5107,17
500103004,20231009,292,23,6,1,25.06864,121.5107,17
500103004,20231009,293,23,6,1,25.06864,121.5107,17
500103004,20231009,294,23,6,1,25.06864,121.5107,17
500103004,20231009,295,23,6,1,25.06864,121.5107,17
500103004,20231009,296,23,6,1,25.06864,121.5107,17
500103004,20231009,297,23,6,1,25.06864,121.5107,17
500103004,20231009,298,23,6,1,25.06864,121.5107,17
500103004,20231009,299,23,6,1,25.06864,121.5107,17
500103004,20231009,300,23,6,1,25.06864,121.5107,17
500103004,20231009,301,23,6,1,25.06864,121.5107,17
500103004,20231009,302,23,6,1,25.06864,121.5107,17
500103004,20231009,303,23,6,1,25.06864,121.5107,17
500103004,20231009,304,23,6,1,25.06864,121.5107,17
500103004,20231009,305,23,6,1,25.06864,121.5107,17
500103004,20231009,306,23,6,1,25.06864,121.5107,17
500103004,20231009,307,23,6,1,25.06864,121.5107,17
500103004,20231009,308,23,6,1,25.06864,121.5107,17
500103004,20231009,309,23,6,1,25.06864,121.5107,17
500103004,20231009,310,23,6,1,25.06864,121.5107,17
500103004,20231009,311,23,6,1,25.06864,121.5107,17
500103004,20231009,312,23,6,1,25.06864,121.5107,17
500103004,20231009,313,23,6,1,25.06864,121.5107,17
500103004,20231009,314,23,6,1,25.06864,121.5107,17
500103004,20231009,315,23,6,1,25.06864,121.5107,17
500103004,20231009,316,23,6,1,25.06864,121.5107,17
500103004,20231009,317,23,6,1,25.06864,121.5107,17
500103004,20231009,318,23,6,1,25.06864,121.5107,17
500103004,20231009,319,23,6,1,25.06864,121.5107,17
500103004,20231009,321,23,7,1,25.06864,121.5107,16
500103004,20231009,322,23,7,1,25.06864,121.5107,16
500103004,20231009,323,23,7,1,25.06864,121.5107,16
500103004,20231009,324,23,7,1,25.06864,121.5107,16
500103004,20231009,325,23,7,1,25.06864,121.5107,16
500103004,20231009,326,23,7,1,25.06864,121.5107,16
500103004,20231009,327,23,7,1,25.06864,121.5107,16
500103004,20231009,328,23,7,1,25.06864,121.5107,16
500103004,20231009,329,23,7,1,25.06864,121.5107,16
500103004,20231009,330,23,7,1,25.06864,121.5107,16
500103004,20231009,331,23,7,1,25.06864,121.5107,16
500103004,20231009,332,23,7,1,25.06864,121.5107,16
500103004,20231009,333,23,7,1,25.06864,121.5107,16
500103004,20231009,334,23,7,1,25.06864,121.5107,16
500103004,20231009,335,23,7,1,25.06864,121.5107,16
500103004,20231009,336,23,7,1,25.06864,121.5107,16
500103004,20231009,337,23,7,1,25.06864,121.5107,16
500103004,20231009,338,23,7,1,25.06864,121.5107,16
500103004,20231009,339,23,7,1,25.06864,121.5107,16
500103004,20231009,340,23,7,1,25.06864,121.5107,16
500103004,20231009,341,23,7,1,25.06864,121.5107,16
500103004,20231009,342,23,7,1,25.06864,121.5107,16
500103004,20231009,343,23,7,1,25.06864,121.5107,16
500103004,20231009,344,23,7,1,25.06864,121.5107,16
500103004,20231009,345,23,7,1,25.06864,121.5107,16
500103004,20231009,346,23,7,1,25.06864,121.5107,16
500103004,20231009,347,23,7,1,25.06864,121.5107,16
500103004,20231009,348,23,7,1,25.06864,121.5107,16
500103004,20231009,349,23,7,1,25.06864,121.5107,16
500103004,20231009,350,23,7,1,25.06864,121.5107,16
500103004,20231009,351,23,7,1,25.06864,121.5107,16
500103004,20231009,352,23,7,1,25.06864,121.5107,16
500103004,20231009,353,23,7,1,25.06864,121.5107,16
500103004,20231009,354,23,7,1,25.06864,121.5107,16
500103004,20231009,355,23,7,1,25.06864,121.5107,16
500103004,20231009,356,23,7,1,25.06864,121.5107,16
500103004,20231009,357,23,7,1,25.06864,121.5107,16
500103004,20231009,358,23,7,1,25.06864,121.5107,16
500103004,20231009,359,23,7,1,25.06864,121.5107,16
500103004,20231009,360,23,7,1,25.06864,121.5107,16
500103004,20231009,361,23,7,1,25.06864,121.5107,16
500103004,20231009,362,23,7,1,25.06864,121.5107,16
500103004,20231009,363,23,8,1,25.06864,121.5107,15
500103004,20231009,364,23,7,1,25.06864,121.5107,16
500103004,20231009,365,23,7,1,25.06864,121.5107,16
500103004,20231009,366,23,7,1,25.06864,121.5107,16
500103004,20231009,367,23,7,1,25.06864,121.5107,16
500103004,20231009,368,23,7,1,25.06864,121.5107,16
500103004,20231009,369,23,7,1,25.06864,121.5107,16
500103004,20231009,370,23,7,1,25.06864,121.5107,16
500103004,20231009,371,23,7,1,25.06864,121.5107,16
500103004,20231009,372,23,7,1,25.06864,121.5107,16
500103004,20231009,373,23,7,1,25.06864,121.5107,16
500103004,20231009,374,23,7,1,25.06864,121.5107,16
500103004,20231009,375,23,7,1,25.06864,121.5107,16
500103004,20231009,376,23,7,1,25.06864,121.5107,16
500103004,20231009,377,23,7,1,25.06864,121.5107,16
500103004,20231009,378,23,7,1,25.06864,121.5107,16
500103004,20231009,379,23,7,1,25.06864,121.5107,16
500103004,20231009,381,23,7,1,25.06864,121.5107,16
500103004,20231009,382,23,7,1,25.06864,121.5107,16
500103004,20231009,383,23,7,1,25.06864,121.5107,16
500103004,20231009,384,23,7,1,25.06864,121.5107,16
500103004,20231009,385,23,7,1,25.06864,121.5107,16
500103004,20231009,386,23,7,1,25.06864,121.5107,16
500103004,20231009,387,23,7,1,25.06864,121.5107,16
500103004,20231009,388,23,7,1,25.06864,121.5107,16
500103004,20231009,389,23,7,1,25.06864,121.5107,16
500103004,20231009,390,23,7,1,25.06864,121.5107,16
500103004,20231009,391,23,7,1,25.06864,121.5107,16
500103004,20231009,392,23,7,1,25.06864,121.5107,16
500103004,20231009,393,23,7,1,25.06864,121.5107,16
500103004,20231009,394,23,7,1,25.06864,121.5107,16
500103004,20231009,395,23,7,1,25.06864,121.5107,16
500103004,20231009,396,23,7,1,25.06864,121.5107,16
500103004,20231009,397,23,7,1,25.06864,121.5107,16
500103004,20231009,398,23,7,1,25.06864,121.5107,16
500103004,20231009,399,23,7,1,25.06864,121.5107,16
500103004,20231009,400,23,7,1,25.06864,121.5107,16
500103004,20231009,401,23,7,1,25.06864,121.5107,16
500103004,20231009,402,23,7,1,25.06864,121.5107,16
500103004,20231009,403,23,7,1,25.06864,121.5107,16
500103004,20231009,404,23,7,1,25.06864,121.5107,16
500103004,20231009,405,23,7,1,25.06864,121.5107,16
500103004,20231009,406,23,7,1,25.06864,121.5107,16
500103004,20231009,407,23,7,1,25.06864,121.5107,16
500103004,20231009,408,23,7,1,25.06864,121.5107,16
500103004,20231009,409,23,7,1,25.06864,121.5107,16
500103004,20231009,410,23,7,1,25.06864,121.5107,16
500103004,20231009,411,23,7,1,25.06864,121.5107,16
500103004,20231009,412,23,7,1,25.06864,121.5107,16
500103004,20231009,413,23,7,1,25.06864,121.5107,16
500103004,20231009,414,23,7,1,25.06864,121.5107,16
500103004,20231009,415,23,7,1,25.06864,121.5107,16
500103004,20231009,416,23,8,1,25.06864,121.5107,15
500103004,20231009,417,23,8,1,25.06864,121.5107,15
500103004,20231009,418,23,8,1,25.06864,121.5107,15
500103004,20231009,419,23,8,1,25.06864,121.5107,15
500103004,20231009,420,23,8,1,25.06864,121.5107,15
500103004,20231009,421,23,8,1,25.06864,121.5107,15
500103004,20231009,422,23,8,1,25.06864,121.5107,15
500103004,20231009,423,23,8,1,25.06864,121.5107,15
500103004,20231009,424,23,8,1,25.06864,121.5107,15
500103004,20231009,425,23,8,1,25.06864,121.5107,15
500103004,20231009,426,23,8,1,25.06864,121.5107,15
500103004,20231009,427,23,8,1,25.06864,121.5107,15
500103004,20231009,428,23,8,1,25.06864,121.5107,15
500103004,20231009,429,23,8,1,25.06864,121.5107,15
500103004,20231009,430,23,8,1,25.06864,121.5107,15
500103004,20231009,431,23,8,1,25.06864,121.5107,15
500103004,20231009,432,23,8,1,25.06864,121.5107,15
500103004,20231009,433,23,8,1,25.06864,121.5107,15
500103004,20231009,434,23,8,1,25.06864,121.5107,15
500103004,20231009,435,23,8,1,25.06864,121.5107,15
500103004,20231009,436,23,9,1,25.06864,121.5107,14
500103004,20231009,437,23,11,1,25.06864,121.5107,12
500103004,20231009,438,23,11,1,25.06864,121.5107,12
500103004,20231009,439,23,11,1,25.06864,121.5107,12
500103004,20231009,441,23,11,1,25.06864,121.5107,12
500103004,20231009,442,23,11,1,25.06864,121.5107,12
500103004,20231009,443,23,11,1,25.06864,121.5107,12
500103004,20231009,444,23,11,1,25.06864,121.5107,12
500103004,20231009,445,23,11,1,25.06864,121.5107,12
500103004,20231009,446,23,11,1,25.06864,121.5107,12
500103004,20231009,447,23,11,1,25.06864,121.5107,12
500103004,20231009,448,23,11,1,25.06864,121.5107,12
500103004,20231009,449,23,11,1,25.06864,121.5107,12
500103004,20231009,450,23,11,1,25.06864,121.5107,12
500103004,20231009,451,23,11,1,25.06864,121.5107,12
500103004,20231009,452,23,11,1,25.06864,121.5107,12
500103004,20231009,453,23,12,1,25.06864,121.5107,11
500103004,20231009,454,23,12,1,25.06864,121.5107,11
500103004,20231009,455,23,12,1,25.06864,121.5107,11
500103004,20231009,456,23,12,1,25.06864,121.5107,11
500103004,20231009,457,23,12,1,25.06864,121.5107,11
500103004,20231009,458,23,12,1,25.06864,121.5107,11
500103004,20231009,459,23,13,1,25.06864,121.5107,10
500103004,20231009,460,23,13,1,25.06864,121.5107,10
500103004,20231009,461,23,13,1,25.06864,121.5107,10
500103004,20231009,462,23,13,1,25.06864,121.5107,10
500103004,20231009,463,23,13,1,25.06864,121.5107,10
500103004,20231009,464,23,13,1,25.06864,121.5107,10
500103004,20231009,465,23,13,1,25.06864,121.5107,10
500103004,20231009,466,23,14,1,25.06864,121.5107,9
500103004,20231009,467,23,14,1,25.06864,121.5107,9
500103004,20231009,468,23,14,1,25.06864,121.5107,9
500103004,20231009,469,23,14,1,25.06864,121.5107,9
500103004,20231009,470,23,14,1,25.06864,121.5107,9
500103004,20231009,471,23,14,1,25.06864,121.5107,9
500103004,20231009,472,23,15,1,25.06864,121.5107,8
500103004,20231009,473,23,15,1,25.06864,121.5107,8
500103004,20231009,474,23,15,1,25.06864,121.5107,8
500103004,20231009,475,23,15,1,25.06864,121.5107,8
500103004,20231009,476,23,15,1,25.06864,121.5107,8
500103004,20231009,477,23,15,1,25.06864,121.5107,8
500103004,20231009,478,23,15,1,25.06864,121.5107,8
500103004,20231009,479,23,15,1,25.06864,121.5107,8
500103004,20231009,481,23,15,1,25.06864,121.5107,8
500103004,20231009,482,23,15,1,25.06864,121.5107,8
500103004,20231009,483,23,15,1,25.06864,121.5107,8
500103004,20231009,484,23,15,1,25.06864,121.5107,8
500103004,20231009,485,23,15,1,25.06864,121.5107,8
500103004,20231009,486,23,15,1,25.06864,121.5107,8
500103004,20231009,487,23,15,1,25.06864,121.5107,8
500103004,20231009,488,23,15,1,25.06864,121.5107,8
500103004,20231009,489,23,15,1,25.06864,121.5107,8
500103004,20231009,490,23,15,1,25.06864,121.5107,8
500103004,20231009,491,23,13,1,25.06864,121.5107,10
500103004,20231009,492,23,13,1,25.06864,121.5107,10
500103004,20231009,493,23,13,1,25.06864,121.5107,10
500103004,20231009,494,23,12,1,25.06864,121.5107,11
500103004,20231009,495,23,12,1,25.06864,121.5107,11
500103004,20231009,496,23,12,1,25.06864,121.5107,11
500103004,20231009,497,23,12,1,25.06864,121.5107,11
500103004,20231009,498,23,12,1,25.06864,121.5107,11
500103004,20231009,499,23,12,1,25.06864,121.5107,11
500103004,20231009,501,23,12,1,25.06864,121.5107,11
500103004,20231009,502,23,12,1,25.06864,121.5107,11
500103004,20231009,503,23,12,1,25.06864,121.5107,11
500103004,20231009,504,23,13,1,25.06864,121.5107,10
500103004,20231009,505,23,13,1,25.06864,121.5107,10
500103004,20231009,506,23,13,1,25.06864,121.5107,10
500103004,20231009,507,23,13,1,25.06864,121.5107,10
500103004,20231009,508,23,14,1,25.06864,121.5107,9
500103004,20231009,509,23,14,1,25.06864,121.5107,9
500103004,20231009,510,23,14,1,25.06864,121.5107,9
500103004,20231009,511,23,14,1,25.06864,121.5107,9
500103004,20231009,512,23,14,1,25.06864,121.5107,9
500103004,20231009,513,23,15,1,25.06864,121.5107,8
500103004,20231009,514,23,15,1,25.06864,121.5107,8
500103004,20231009,515,23,15,1,25.06864,121.5107,8
500103004,20231009,516,23,17,1,25.06864,121.5107,6
500103004,20231009,517,23,17,1,25.06864,121.5107,6
500103004,20231009,518,23,17,1,25.06864,121.5107,6
500103004,20231009,519,23,17,1,25.06864,121.5107,6
500103004,20231009,520,23,17,1,25.06864,121.5107,6
500103004,20231009,521,23,17,1,25.06864,121.5107,6
500103004,20231009,522,23,17,1,25.06864,121.5107,6
500103004,20231009,523,23,17,1,25.06864,121.5107,6
500103004,20231009,524,23,17,1,25.06864,121.5107,6
500103004,20231009,525,23,17,1,25.06864,121.5107,6
500103004,20231009,526,23,17,1,25.06864,121.5107,6
500103004,20231009,527,23,17,1,25.06864,121.5107,6
500103004,20231009,528,23,17,1,25.06864,121.5107,6
500103004,20231009,529,23,17,1,25.06864,121.5107,6
500103004,20231009,530,23,17,1,25.06864,121.5107,6
500103004,20231009,532,23,17,1,25.06864,121.5107,6
500103004,20231009,533,23,17,1,25.06864,121.5107,6
500103004,20231009,534,23,17,1,25.06864,121.5107,6
500103004,20231009,535,23,17,1,25.06864,121.5107,6
500103004,20231009,536,23,17,1,25.06864,121.5107,6
500103004,20231009,537,23,17,1,25.06864,121.5107,6
500103004,20231009,538,23,18,1,25.06864,121.5107,5
500103004,20231009,539,23,18,1,25.06864,121.5107,5
500103004,20231009,541,23,19,1,25.06864,121.5107,4
500103004,20231009,542,23,19,1,25.06864,121.5107,4
500103004,20231009,543,23,19,1,25.06864,121.5107,4
500103004,20231009,544,23,19,1,25.06864,121.5107,4
500103004,20231009,545,23,19,1,25.06864,121.5107,4
500103004,20231009,546,23,18,1,25.06864,121.5107,5
500103004,20231009,547,23,18,1,25.06864,121.5107,5
500103004,20231009,548,23,18,1,25.06864,121.5107,5
500103004,20231009,549,23,19,1,25.06864,121.5107,4
500103004,20231009,550,23,19,1,25.06864,121.5107,4
500103004,20231009,551,23,19,1,25.06864,121.5107,4
500103004,20231009,552,23,19,1,25.06864,121.5107,4
500103004,20231009,553,23,19,1,25.06864,121.5107,4
500103004,20231009,554,23,19,1,25.06864,121.5107,4
500103004,20231009,555,23,20,1,25.06864,121.5107,3
500103004,20231009,556,23,20,1,25.06864,121.5107,3
500103004,20231009,557,23,20,1,25.06864,121.5107,3
500103004,20231009,558,23,20,1,25.06864,121.5107,3
500103004,20231009,559,23,20,1,25.06864,121.5107,3
500103004,20231009,561,23,21,1,25.06864,121.5107,2
500103004,20231009,562,23,21,1,25.06864,121.5107,2
500103004,20231009,563,23,21,1,25.06864,121.5107,2
500103004,20231009,564,23,20,1,25.06864,121.5107,3
500103004,20231009,565,23,19,1,25.06864,121.5107,4
500103004,20231009,566,23,19,1,25.06864,121.5107,4
500103004,20231009,567,23,19,1,25.06864,121.5107,4
500103004,20231009,568,23,19,1,25.06864,121.5107,4
500103004,20231009,569,23,19,1,25.06864,121.5107,4
500103004,20231009,570,23,19,1,25.06864,121.5107,4
500103004,20231009,571,23,19,1,25.06864,121.5107,4
500103004,20231009,572,23,19,1,25.06864,121.5107,4
500103004,20231009,573,23,18,1,25.06864,121.5107,5
500103004,20231009,574,23,18,1,25.06864,121.5107,5
500103004,20231009,575,23,18,1,25.06864,121.5107,5
500103004,20231009,576,23,18,1,25.06864,121.5107,5
500103004,20231009,577,23,18,1,25.06864,121.5107,5
500103004,20231009,578,23,19,1,25.06864,121.5107,4
500103004,20231009,579,23,19,1,25.06864,121.5107,4
500103004,20231009,580,23,19,1,25.06864,121.5107,4
500103004,20231009,581,23,19,1,25.06864,121.5107,4
500103004,20231009,582,23,19,1,25.06864,121.5107,4
500103004,20231009,583,23,19,1,25.06864,121.5107,4
500103004,20231009,584,23,19,1,25.06864,121.5107,4
500103004,20231009,585,23,19,1,25.06864,121.5107,4
500103004,20231009,586,23,19,1,25.06864,121.5107,4
500103004,20231009,587,23,19,1,25.06864,121.5107,4
500103004,20231009,588,23,19,1,25.06864,121.5107,4
500103004,20231009,589,23,19,1,25.06864,121.5107,4
500103004,20231009,590,23,19,1,25.06864,121.5107,4
500103004,20231009,591,23,19,1,25.06864,121.5107,4
500103004,20231009,592,23,19,1,25.06864,121.5107,4
500103004,20231009,593,23,19,1,25.06864,121.5107,4
500103004,20231009,594,23,19,1,25.06864,121.5107,4
500103004,20231009,595,23,19,1,25.06864,121.5107,4
500103004,20231009,596,23,19,1,25.06864,121.5107,4
500103004,20231009,597,23,20,1,25.06864,121.5107,3
500103004,20231009,598,23,20,1,25.06864,121.5107,3
500103004,20231009,599,23,20,1,25.06864,121.5107,3
500103004,20231009,601,23,19,1,25.06864,121.5107,4
500103004,20231009,602,23,19,1,25.06864,121.5107,4
500103004,20231009,603,23,19,1,25.06864,121.5107,4
500103004,20231009,604,23,19,1,25.06864,121.5107,4
500103004,20231009,605,23,19,1,25.06864,121.5107,4
500103004,20231009,606,23,19,1,25.06864,121.5107,4
500103004,20231009,607,23,19,1,25.06864,121.5107,4
500103004,20231009,608,23,19,1,25.06864,121.5107,4
500103004,20231009,609,23,19,1,25.06864,121.5107,4
500103004,20231009,610,23,19,1,25.06864,121.5107,4
500103004,20231009,611,23,19,1,25.06864,121.5107,4
500103004,20231009,612,23,20,1,25.06864,121.5107,3
500103004,20231009,613,23,20,1,25.06864,121.5107,3
500103004,20231009,614,23,20,1,25.06864,121.5107,3
500103004,20231009,615,23,20,1,25.06864,121.5107,3
500103004,20231009,616,23,20,1,25.06864,121.5107,3
500103004,20231009,617,23,20,1,25.06864,121.5107,3
500103004,20231009,618,23,20,1,25.06864,121.5107,3
500103004,20231009,619,23,20,1,25.06864,121.5107,3
500103004,20231009,621,23,21,1,25.06864,121.5107,2
500103004,20231009,622,23,21,1,25.06864,121.5107,2
500103004,20231009,623,23,22,1,25.06864,121.5107,1
500103004,20231009,624,23,22,1,25.06864,121.5107,1
500103004,20231009,625,23,22,1,25.06864,121.5107,1
500103004,20231009,626,23,22,1,25.06864,121.5107,1
500103004,20231009,627,23,22,1,25.06864,121.5107,1
500103004,20231009,628,23,22,1,25.06864,121.5107,1
500103004,20231009,629,23,23,1,25.06864,121.5107,0
500103004,20231009,630,23,23,1,25.06864,121.5107,0
500103004,20231009,631,23,23,1,25.06864,121.5107,0
500103004,20231009,632,23,23,1,25.06864,121.5107,0
500103004,20231009,633,23,23,1,25.06864,121.5107,0
500103004,20231009,634,23,23,1,25.06864,121.5107,0
500103004,20231009,635,23,23,1,25.06864,121.5107,0
500103004,20231009,636,23,23,1,25.06864,121.5107,0
500103004,20231009,637,23,23,1,25.06864,121.5107,0
500103004,20231009,638,23,23,1,25.06864,121.5107,0
500103004,20231009,639,23,23,1,25.06864,121.5107,0
500103004,20231009,640,23,23,1,25.06864,121.5107,0
500103004,20231009,641,23,23,1,25.06864,121.5107,0
500103004,20231009,642,23,23,1,25.06864,121.5107,0
500103004,20231009,643,23,23,1,25.06864,121.5107,0
500103004,20231009,644,23,23,1,25.06864,121.5107,0
500103004,20231009,645,23,23,1,25.06864,121.5107,0
500103004,20231009,646,23,23,1,25.06864,121.5107,0
500103004,20231009,647,23,23,1,25.06864,121.5107,0
500103004,20231009,648,23,23,1,25.06864,121.5107,0
500103004,20231009,649,23,23,1,25.06864,121.5107,0
500103004,20231009,650,23,23,1,25.06864,121.5107,0
500103004,20231009,651,23,23,1,25.06864,121.5107,0
500103004,20231009,652,23,23,1,25.06864,121.5107,0
500103004,20231009,653,23,23,1,25.06864,121.5107,0
500103004,20231009,654,23,23,1,25.06864,121.5107,0
500103004,20231009,655,23,23,1,25.06864,121.5107,0
500103004,20231009,656,23,23,1,25.06864,121.5107,0
500103004,20231009,657,23,23,1,25.06864,121.5107,0
500103004,20231009,658,23,23,1,25.06864,121.5107,0
500103004,20231009,659,23,23,1,25.06864,121.5107,0
500103004,20231009,661,23,23,1,25.06864,121.5107,0
500103004,20231009,662,23,23,1,25.06864,121.5107,0
500103004,20231009,663,23,23,1,25.06864,121.5107,0
500103004,20231009,664,23,22,1,25.06864,121.5107,1
500103004,20231009,665,23,22,1,25.06864,121.5107,1
500103004,20231009,666,23,22,1,25.06864,121.5107,1
500103004,20231009,667,23,22,1,25.06864,121.5107,1
500103004,20231009,668,23,22,1,25.06864,121.5107,1
500103004,20231009,669,23,22,1,25.06864,121.5107,1
500103004,20231009,670,23,22,1,25.06864,121.5107,1
500103004,20231009,671,23,22,1,25.06864,121.5107,1
500103004,20231009,672,23,23,1,25.06864,121.5107,0
500103004,20231009,673,23,23,1,25.06864,121.5107,0
500103004,20231009,674,23,23,1,25.06864,121.5107,0
500103004,20231009,675,23,23,1,25.06864,121.5107,0
500103004,20231009,676,23,23,1,25.06864,121.5107,0
500103004,20231009,677,23,23,1,25.06864,121.5107,0
500103004,20231009,678,23,23,1,25.06864,121.5107,0
500103004,20231009,679,23,23,1,25.06864,121.5107,0
500103004,20231009,681,23,23,1,25.06864,121.5107,0
500103004,20231009,682,23,23,1,25.06864,121.5107,0
500103004,20231009,683,23,23,1,25.06864,121.5107,0
500103004,20231009,684,23,23,1,25.06864,121.5107,0
500103004,20231009,685,23,23,1,25.06864,121.5107,0
500103004,20231009,686,23,23,1,25.06864,121.5107,0
500103004,20231009,687,23,23,1,25.06864,121.5107,0
500103004,20231009,688,23,23,1,25.06864,121.5107,0
500103004,20231009,689,23,23,1,25.06864,121.5107,0
500103004,20231009,690,23,23,1,25.06864,121.5107,0
500103004,20231009,691,23,23,1,25.06864,121.5107,0
500103004,20231009,692,23,23,1,25.06864,121.5107,0
500103004,20231009,693,23,23,1,25.06864,121.5107,0
500103004,20231009,694,23,23,1,25.06864,121.5107,0
500103004,20231009,695,23,23,1,25.06864,121.5107,0
500103004,20231009,696,23,23,1,25.06864,121.5107,0
500103004,20231009,697,23,22,1,25.06864,121.5107,1
500103004,20231009,698,23,22,1,25.06864,121.5107,1
500103004,20231009,699,23,22,1,25.06864,121.5107,1
500103004,20231009,700,23,22,1,25.06864,121.5107,1
500103004,20231009,701,23,22,1,25.06864,121.5107,1
500103004,20231009,702,23,23,1,25.06864,121.5107,0
500103004,20231009,703,23,23,1,25.06864,121.5107,0
500103004,20231009,704,23,23,1,25.06864,121.5107,0
500103004,20231009,705,23,23,1,25.06864,121.5107,0
500103004,20231009,706,23,23,1,25.06864,121.5107,0
500103004,20231009,707,23,22,1,25.06864,121.5107,1
500103004,20231009,708,23,22,1,25.06864,121.5107,1
500103004,20231009,709,23,22,1,25.06864,121.5107,1
500103004,20231009,710,23,22,1,25.06864,121.5107,1
500103004,20231009,711,23,22,1,25.06864,121.5107,1
500103004,20231009,712,23,22,1,25.06864,121.5107,1
500103004,20231009,713,23,22,1,25.06864,121.5107,1
500103004,20231009,714,23,22,1,25.06864,121.5107,1
500103004,20231009,715,23,23,1,25.06864,121.5107,0
500103004,20231009,716,23,23,1,25.06864,121.5107,0
500103004,20231009,717,23,23,1,25.06864,121.5107,0
500103004,20231009,718,23,23,1,25.06864,121.5107,0
500103004,20231009,719,23,23,1,25.06864,121.5107,0
500103004,20231009,721,23,23,1,25.06864,121.5107,0
500103004,20231009,722,23,23,1,25.06864,121.5107,0
500103004,20231009,723,23,23,1,25.06864,121.5107,0
500103004,20231009,724,23,23,1,25.06864,121.5107,0
500103004,20231009,725,23,23,1,25.06864,121.5107,0
500103004,20231009,726,23,23,1,25.06864,121.5107,0
500103004,20231009,727,23,23,1,25.06864,121.5107,0
500103004,20231009,728,23,23,1,25.06864,121.5107,0
500103004,20231009,729,23,22,1,25.06864,121.5107,1
500103004,20231009,730,23,21,1,25.06864,121.5107,2
500103004,20231009,731,23,21,1,25.06864,121.5107,2
500103004,20231009,732,23,21,1,25.06864,121.5107,2
500103004,20231009,733,23,21,1,25.06864,121.5107,2
500103004,20231009,734,23,21,1,25.06864,121.5107,2
500103004,20231009,735,23,21,1,25.06864,121.5107,2
500103004,20231009,736,23,21,1,25.06864,121.5107,2
500103004,20231009,737,23,20,1,25.06864,121.5107,3
500103004,20231009,738,23,20,1,25.06864,121.5107,3
500103004,20231009,739,23,20,1,25.06864,121.5107,3
500103004,20231009,741,23,20,1,25.06864,121.5107,3
500103004,20231009,742,23,19,1,25.06864,121.5107,4
500103004,20231009,743,23,19,1,25.06864,121.5107,4
500103004,20231009,744,23,19,1,25.06864,121.5107,4
500103004,20231009,745,23,19,1,25.06864,121.5107,4
500103004,20231009,746,23,19,1,25.06864,121.5107,4
500103004,20231009,747,23,19,1,25.06864,121.5107,4
500103004,20231009,748,23,19,1,25.06864,121.5107,4
500103004,20231009,749,23,19,1,25.06864,121.5107,4
500103004,20231009,751,23,19,1,25.06864,121.5107,4
500103004,20231009,752,23,19,1,25.06864,121.5107,4
500103004,20231009,753,23,19,1,25.06864,121.5107,4
500103004,20231009,754,23,19,1,25.06864,121.5107,4
500103004,20231009,755,23,19,1,25.06864,121.5107,4
500103004,20231009,756,23,19,1,25.06864,121.5107,4
500103004,20231009,757,23,18,1,25.06864,121.5107,5
500103004,20231009,758,23,18,1,25.06864,121.5107,5
500103004,20231009,759,23,18,1,25.06864,121.5107,5
500103004,20231009,760,23,18,1,25.06864,121.5107,5
500103004,20231009,761,23,17,1,25.06864,121.5107,6
500103004,20231009,762,23,17,1,25.06864,121.5107,6
500103004,20231009,763,23,18,1,25.06864,121.5107,5
500103004,20231009,764,23,18,1,25.06864,121.5107,5
500103004,20231009,765,23,18,1,25.06864,121.5107,5
500103004,20231009,766,23,18,1,25.06864,121.5107,5
500103004,20231009,767,23,18,1,25.06864,121.5107,5
500103004,20231009,768,23,18,1,25.06864,121.5107,5
500103004,20231009,769,23,18,1,25.06864,121.5107,5
500103004,20231009,770,23,18,1,25.06864,121.5107,5
500103004,20231009,771,23,18,1,25.06864,121.5107,5
500103004,20231009,772,23,18,1,25.06864,121.5107,5
500103004,20231009,773,23,19,1,25.06864,121.5107,4
500103004,20231009,774,23,19,1,25.06864,121.5107,4
500103004,20231009,775,23,19,1,25.06864,121.5107,4
500103004,20231009,776,23,18,1,25.06864,121.5107,5
500103004,20231009,777,23,20,1,25.06864,121.5107,3
500103004,20231009,778,23,21,1,25.06864,121.5107,2
500103004,20231009,779,23,21,1,25.06864,121.5107,2
500103004,20231009,781,23,21,1,25.06864,121.5107,2
500103004,20231009,782,23,21,1,25.06864,121.5107,2
500103004,20231009,783,23,22,1,25.06864,121.5107,1
500103004,20231009,784,23,22,1,25.06864,121.5107,1
500103004,20231009,785,23,22,1,25.06864,121.5107,1
500103004,20231009,786,23,22,1,25.06864,121.5107,1
500103004,20231009,787,23,23,1,25.06864,121.5107,0
500103004,20231009,788,23,23,1,25.06864,121.5107,0
500103004,20231009,789,23,23,1,25.06864,121.5107,0
500103004,20231009,790,23,23,1,25.06864,121.5107,0
500103004,20231009,791,23,23,1,25.06864,121.5107,0
500103004,20231009,792,23,23,1,25.06864,121.5107,0
500103004,20231009,793,23,23,1,25.06864,121.5107,0
500103004,20231009,794,23,23,1,25.06864,121.5107,0
500103004,20231009,795,23,23,1,25.06864,121.5107,0
500103004,20231009,796,23,23,1,25.06864,121.5107,0
500103004,20231009,797,23,23,1,25.06864,121.5107,0
500103004,20231009,798,23,23,1,25.06864,121.5107,0
500103004,20231009,799,23,23,1,25.06864,121.5107,0
500103004,20231009,801,23,22,1,25.06864,121.5107,1
500103004,20231009,802,23,22,1,25.06864,121.5107,1
500103004,20231009,803,23,22,1,25.06864,121.5107,1
500103004,20231009,804,23,22,1,25.06864,121.5107,1
500103004,20231009,805,23,22,1,25.06864,121.5107,1
500103004,20231009,806,23,23,1,25.06864,121.5107,0
500103004,20231009,807,23,21,1,25.06864,121.5107,2
500103004,20231009,808,23,21,1,25.06864,121.5107,2
500103004,20231009,809,23,21,1,25.06864,121.5107,2
500103004,20231009,811,23,21,1,25.06864,121.5107,2
500103004,20231009,812,23,21,1,25.06864,121.5107,2
500103004,20231009,813,23,22,1,25.06864,121.5107,1
500103004,20231009,814,23,23,1,25.06864,121.5107,0
500103004,20231009,815,23,23,1,25.06864,121.5107,0
500103004,20231009,816,23,23,1,25.06864,121.5107,0
500103004,20231009,817,23,23,1,25.06864,121.5107,0
500103004,20231009,818,23,23,1,25.06864,121.5107,0
500103004,20231009,819,23,23,1,25.06864,121.5107,0
500103004,20231009,820,23,23,1,25.06864,121.5107,0
500103004,20231009,821,23,23,1,25.06864,121.5107,0
500103004,20231009,822,23,23,1,25.06864,121.5107,0
500103004,20231009,823,23,23,1,25.06864,121.5107,0
500103004,20231009,824,23,23,1,25.06864,121.5107,0
500103004,20231009,825,23,23,1,25.06864,121.5107,0
500103004,20231009,826,23,23,1,25.06864,121.5107,0
500103004,20231009,827,23,23,1,25.06864,121.5107,0
500103004,20231009,828,23,23,1,25.06864,121.5107,0
500103004,20231009,829,23,23,1,25.06864,121.5107,0
500103004,20231009,830,23,23,1,25.06864,121.5107,0
500103004,20231009,831,23,23,1,25.06864,121.5107,0
500103004,20231009,832,23,23,1,25.06864,121.5107,0
500103004,20231009,833,23,23,1,25.06864,121.5107,0
500103004,20231009,834,23,23,1,25.06864,121.5107,0
500103004,20231009,835,23,23,1,25.06864,121.5107,0
500103004,20231009,836,23,23,1,25.06864,121.5107,0
500103004,20231009,837,23,23,1,25.06864,121.5107,0
500103004,20231009,838,23,23,1,25.06864,121.5107,0
500103004,20231009,839,23,23,1,25.06864,121.5107,0
500103004,20231009,842,23,22,1,25.06864,121.5107,1
500103004,20231009,843,23,22,1,25.06864,121.5107,1
500103004,20231009,844,23,22,1,25.06864,121.5107,1
500103004,20231009,845,23,21,1,25.06864,121.5107,2
500103004,20231009,846,23,21,1,25.06864,121.5107,2
500103004,20231009,847,23,22,1,25.06864,121.5107,1
500103004,20231009,848,23,22,1,25.06864,121.5107,1
500103004,20231009,849,23,22,1,25.06864,121.5107,1
500103004,20231009,850,23,22,1,25.06864,121.5107,1
500103004,20231009,851,23,22,1,25.06864,121.5107,1
500103004,20231009,852,23,21,1,25.06864,121.5107,2
500103004,20231009,853,23,21,1,25.06864,121.5107,2
500103004,20231009,854,23,22,1,25.06864,121.5107,1
500103004,20231009,855,23,22,1,25.06864,121.5107,1
500103004,20231009,856,23,22,1,25.06864,121.5107,1
500103004,20231009,857,23,22,1,25.06864,121.5107,1
500103004,20231009,858,23,22,1,25.06864,121.5107,1
500103004,20231009,859,23,23,1,25.06864,121.5107,0
500103004,20231009,861,23,23,1,25.06864,121.5107,0
500103004,20231009,862,23,23,1,25.06864,121.5107,0
500103004,20231009,863,23,23,1,25.06864,121.5107,0
500103004,20231009,864,23,23,1,25.06864,121.5107,0
500103004,20231009,865,23,23,1,25.06864,121.5107,0
500103004,20231009,866,23,23,1,25.06864,121.5107,0
500103004,20231009,867,23,23,1,25.06864,121.5107,0
500103004,20231009,868,23,23,1,25.06864,121.5107,0
500103004,20231009,869,23,23,1,25.06864,121.5107,0
500103004,20231009,870,23,23,1,25.06864,121.5107,0
500103004,20231009,871,23,23,1,25.06864,121.5107,0
500103004,20231009,872,23,23,1,25.06864,121.5107,0
500103004,20231009,873,23,23,1,25.06864,121.5107,0
500103004,20231009,874,23,23,1,25.06864,121.5107,0
500103004,20231009,875,23,23,1,25.06864,121.5107,0
500103004,20231009,876,23,23,1,25.06864,121.5107,0
500103004,20231009,877,23,23,1,25.06864,121.5107,0
500103004,20231009,878,23,23,1,25.06864,121.5107,0
500103004,20231009,879,23,23,1,25.06864,121.5107,0
500103004,20231009,880,23,23,1,25.06864,121.5107,0
500103004,20231009,881,23,23,1,25.06864,121.5107,0
500103004,20231009,882,23,22,1,25.06864,121.5107,1
500103004,20231009,883,23,22,1,25.06864,121.5107,1
500103004,20231009,884,23,23,1,25.06864,121.5107,0
500103004,20231009,885,23,23,1,25.06864,121.5107,0
500103004,20231009,886,23,23,1,25.06864,121.5107,0
500103004,20231009,887,23,23,1,25.06864,121.5107,0
500103004,20231009,888,23,21,1,25.06864,121.5107,2
500103004,20231009,889,23,21,1,25.06864,121.5107,2
500103004,20231009,890,23,21,1,25.06864,121.5107,2
500103004,20231009,891,23,21,1,25.06864,121.5107,2
500103004,20231009,892,23,21,1,25.06864,121.5107,2
500103004,20231009,893,23,22,1,25.06864,121.5107,1
500103004,20231009,894,23,22,1,25.06864,121.5107,1
500103004,20231009,895,23,22,1,25.06864,121.5107,1
500103004,20231009,896,23,23,1,25.06864,121.5107,0
500103004,20231009,897,23,22,1,25.06864,121.5107,1
500103004,20231009,898,23,22,1,25.06864,121.5107,1
500103004,20231009,899,23,22,1,25.06864,121.5107,1
500103004,20231009,901,23,22,1,25.06864,121.5107,1
500103004,20231009,902,23,22,1,25.06864,121.5107,1
500103004,20231009,903,23,22,1,25.06864,121.5107,1
500103004,20231009,904,23,22,1,25.06864,121.5107,1
500103004,20231009,905,23,22,1,25.06864,121.5107,1
500103004,20231009,906,23,22,1,25.06864,121.5107,1
500103004,20231009,907,23,22,1,25.06864,121.5107,1
500103004,20231009,908,23,22,1,25.06864,121.5107,1
500103004,20231009,909,23,22,1,25.06864,121.5107,1
500103004,20231009,910,23,23,1,25.06864,121.5107,0
500103004,20231009,911,23,23,1,25.06864,121.5107,0
500103004,20231009,912,23,23,1,25.06864,121.5107,0
500103004,20231009,913,23,23,1,25.06864,121.5107,0
500103004,20231009,914,23,23,1,25.06864,121.5107,0
500103004,20231009,915,23,23,1,25.06864,121.5107,0
500103004,20231009,916,23,23,1,25.06864,121.5107,0
500103004,20231009,917,23,23,1,25.06864,121.5107,0
500103004,20231009,918,23,23,1,25.06864,121.5107,0
500103004,20231009,919,23,23,1,25.06864,121.5107,0
500103004,20231009,921,23,21,1,25.06864,121.5107,2
500103004,20231009,922,23,21,1,25.06864,121.5107,2
500103004,20231009,923,23,21,1,25.06864,121.5107,2
500103004,20231009,924,23,21,1,25.06864,121.5107,2
500103004,20231009,925,23,21,1,25.06864,121.5107,2
500103004,20231009,926,23,21,1,25.06864,121.5107,2
500103004,20231009,927,23,21,1,25.06864,121.5107,2
500103004,20231009,928,23,22,1,25.06864,121.5107,1
500103004,20231009,929,23,22,1,25.06864,121.5107,1
500103004,20231009,930,23,22,1,25.06864,121.5107,1
500103004,20231009,931,23,22,1,25.06864,121.5107,1
500103004,20231009,932,23,21,1,25.06864,121.5107,2
500103004,20231009,933,23,21,1,25.06864,121.5107,2
500103004,20231009,934,23,21,1,25.06864,121.5107,2
500103004,20231009,935,23,21,1,25.06864,121.5107,2
500103004,20231009,936,23,21,1,25.06864,121.5107,2
500103004,20231009,937,23,21,1,25.06864,121.5107,2
500103004,20231009,938,23,21,1,25.06864,121.5107,2
500103004,20231009,939,23,21,1,25.06864,121.5107,2
500103004,20231009,940,23,21,1,25.06864,121.5107,2
500103004,20231009,941,23,21,1,25.06864,121.5107,2
500103004,20231009,942,23,21,1,25.06864,121.5107,2
500103004,20231009,943,23,21,1,25.06864,121.5107,2
500103004,20231009,944,23,21,1,25.06864,121.5107,2
500103004,20231009,945,23,19,1,25.06864,121.5107,4
500103004,20231009,946,23,19,1,25.06864,121.5107,4
500103004,20231009,947,23,19,1,25.06864,121.5107,4
500103004,20231009,948,23,19,1,25.06864,121.5107,4
500103004,20231009,949,23,19,1,25.06864,121.5107,4
500103004,20231009,950,23,19,1,25.06864,121.5107,4
500103004,20231009,951,23,19,1,25.06864,121.5107,4
500103004,20231009,952,23,19,1,25.06864,121.5107,4
500103004,20231009,953,23,19,1,25.06864,121.5107,4
500103004,20231009,954,23,19,1,25.06864,121.5107,4
500103004,20231009,955,23,19,1,25.06864,121.5107,4
500103004,20231009,956,23,21,1,25.06864,121.5107,2
500103004,20231009,957,23,21,1,25.06864,121.5107,2
500103004,20231009,958,23,20,1,25.06864,121.5107,3
500103004,20231009,959,23,20,1,25.06864,121.5107,3
500103004,20231009,961,23,21,1,25.06864,121.5107,2
500103004,20231009,962,23,21,1,25.06864,121.5107,2
500103004,20231009,963,23,21,1,25.06864,121.5107,2
500103004,20231009,964,23,21,1,25.06864,121.5107,2
500103004,20231009,965,23,20,1,25.06864,121.5107,3
500103004,20231009,966,23,20,1,25.06864,121.5107,3
500103004,20231009,967,23,20,1,25.06864,121.5107,3
500103004,20231009,968,23,20,1,25.06864,121.5107,3
500103004,20231009,969,23,20,1,25.06864,121.5107,3
500103004,20231009,970,23,20,1,25.06864,121.5107,3
500103004,20231009,971,23,20,1,25.06864,121.5107,3
500103004,20231009,972,23,19,1,25.06864,121.5107,4
500103004,20231009,973,23,20,1,25.06864,121.5107,3
500103004,20231009,974,23,20,1,25.06864,121.5107,3
500103004,20231009,975,23,20,1,25.06864,121.5107,3
500103004,20231009,976,23,20,1,25.06864,121.5107,3
500103004,20231009,977,23,20,1,25.06864,121.5107,3
500103004,20231009,978,23,20,1,25.06864,121.5107,3
500103004,20231009,979,23,20,1,25.06864,121.5107,3
500103004,20231009,981,23,21,1,25.06864,121.5107,2
500103004,20231009,982,23,21,1,25.06864,121.5107,2
500103004,20231009,983,23,21,1,25.06864,121.5107,2
500103004,20231009,984,23,21,1,25.06864,121.5107,2
500103004,20231009,985,23,21,1,25.06864,121.5107,2
500103004,20231009,986,23,21,1,25.06864,121.5107,2
500103004,20231009,987,23,21,1,25.06864,121.5107,2
500103004,20231009,988,23,21,1,25.06864,121.5107,2
500103004,20231009,989,23,21,1,25.06864,121.5107,2
500103004,20231009,991,23,21,1,25.06864,121.5107,2
500103004,20231009,992,23,21,1,25.06864,121.5107,2
500103004,20231009,993,23,21,1,25.06864,121.5107,2
500103004,20231009,994,23,21,1,25.06864,121.5107,2
500103004,20231009,995,23,21,1,25.06864,121.5107,2
500103004,20231009,996,23,21,1,25.06864,121.5107,2
500103004,20231009,997,23,22,1,25.06864,121.5107,1
500103004,20231009,998,23,22,1,25.06864,121.5107,1
500103004,20231009,999,23,22,1,25.06864,121.5107,1
500103004,20231009,1000,23,21,1,25.06864,121.5107,2
500103004,20231009,1001,23,21,1,25.06864,121.5107,2
500103004,20231009,1002,23,21,1,25.06864,121.5107,2
500103004,20231009,1003,23,21,1,25.06864,121.5107,2
500103004,20231009,1004,23,21,1,25.06864,121.5107,2
500103004,20231009,1005,23,21,1,25.06864,121.5107,2
500103004,20231009,1006,23,21,1,25.06864,121.5107,2
500103004,20231009,1007,23,21,1,25.06864,121.5107,2
500103004,20231009,1008,23,21,1,25.06864,121.5107,2
500103004,20231009,1009,23,22,1,25.06864,121.5107,1
500103004,20231009,1010,23,22,1,25.06864,121.5107,1
500103004,20231009,1011,23,22,1,25.06864,121.5107,1
500103004,20231009,1012,23,22,1,25.06864,121.5107,1
500103004,20231009,1013,23,22,1,25.06864,121.5107,1
500103004,20231009,1014,23,22,1,25.06864,121.5107,1
500103004,20231009,1015,23,21,1,25.06864,121.5107,2
500103004,20231009,1016,23,21,1,25.06864,121.5107,2
500103004,20231009,1017,23,21,1,25.06864,121.5107,2
500103004,20231009,1018,23,21,1,25.06864,121.5107,2
500103004,20231009,1019,23,21,1,25.06864,121.5107,2
500103004,20231009,1021,23,21,1,25.06864,121.5107,2
500103004,20231009,1022,23,21,1,25.06864,121.5107,2
500103004,20231009,1023,23,22,1,25.06864,121.5107,1
500103004,20231009,1024,23,21,1,25.06864,121.5107,2
500103004,20231009,1025,23,21,1,25.06864,121.5107,2
500103004,20231009,1026,23,21,1,25.06864,121.5107,2
500103004,20231009,1027,23,21,1,25.06864,121.5107,2
500103004,20231009,1028,23,21,1,25.06864,121.5107,2
500103004,20231009,1029,23,21,1,25.06864,121.5107,2
500103004,20231009,1030,23,21,1,25.06864,121.5107,2
500103004,20231009,1031,23,21,1,25.06864,121.5107,2
500103004,20231009,1032,23,21,1,25.06864,121.5107,2
500103004,20231009,1033,23,21,1,25.06864,121.5107,2
500103004,20231009,1034,23,21,1,25.06864,121.5107,2
500103004,20231009,1035,23,21,1,25.06864,121.5107,2
500103004,20231009,1036,23,21,1,25.06864,121.5107,2
500103004,20231009,1037,23,22,1,25.06864,121.5107,1
500103004,20231009,1038,23,22,1,25.06864,121.5107,1
500103004,20231009,1039,23,21,1,25.06864,121.5107,2
500103004,20231009,1041,23,21,1,25.06864,121.5107,2
500103004,20231009,1042,23,21,1,25.06864,121.5107,2
500103004,20231009,1043,23,21,1,25.06864,121.5107,2
500103004,20231009,1044,23,22,1,25.06864,121.5107,1
500103004,20231009,1045,23,22,1,25.06864,121.5107,1
500103004,20231009,1046,23,22,1,25.06864,121.5107,1
500103004,20231009,1047,23,21,1,25.06864,121.5107,2
500103004,20231009,1048,23,21,1,25.06864,121.5107,2
500103004,20231009,1049,23,21,1,25.06864,121.5107,2
500103004,20231009,1051,23,21,1,25.06864,121.5107,2
500103004,20231009,1052,23,21,1,25.06864,121.5107,2
500103004,20231009,1053,23,21,1,25.06864,121.5107,2
500103004,20231009,1054,23,20,1,25.06864,121.5107,3
500103004,20231009,1055,23,20,1,25.06864,121.5107,3
500103004,20231009,1056,23,20,1,25.06864,121.5107,3
500103004,20231009,1057,23,20,1,25.06864,121.5107,3
500103004,20231009,1058,23,20,1,25.06864,121.5107,3
500103004,20231009,1059,23,21,1,25.06864,121.5107,2
500103004,20231009,1060,23,21,1,25.06864,121.5107,2
500103004,20231009,1061,23,21,1,25.06864,121.5107,2
500103004,20231009,1062,23,21,1,25.06864,121.5107,2
500103004,20231009,1063,23,20,1,25.06864,121.5107,3
500103004,20231009,1064,23,21,1,25.06864,121.5107,2
500103004,20231009,1065,23,21,1,25.06864,121.5107,2
500103004,20231009,1066,23,21,1,25.06864,121.5107,2
500103004,20231009,1067,23,20,1,25.06864,121.5107,3
500103004,20231009,1068,23,20,1,25.06864,121.5107,3
500103004,20231009,1069,23,20,1,25.06864,121.5107,3
500103004,20231009,1070,23,20,1,25.06864,121.5107,3
500103004,20231009,1071,23,19,1,25.06864,121.5107,4
500103004,20231009,1072,23,19,1,25.06864,121.5107,4
500103004,20231009,1073,23,19,1,25.06864,121.5107,4
500103004,20231009,1074,23,19,1,25.06864,121.5107,4
500103004,20231009,1075,23,19,1,25.06864,121.5107,4
500103004,20231009,1076,23,17,1,25.06864,121.5107,6
500103004,20231009,1077,23,17,1,25.06864,121.5107,6
500103004,20231009,1078,23,15,1,25.06864,121.5107,8
500103004,20231009,1079,23,15,1,25.06864,121.5107,8
500103004,20231009,1081,23,15,1,25.06864,121.5107,8
500103004,20231009,1082,23,14,1,25.06864,121.5107,9
500103004,20231009,1083,23,14,1,25.06864,121.5107,9
500103004,20231009,1084,23,13,1,25.06864,121.5107,10
500103004,20231009,1085,23,13,1,25.06864,121.5107,10
500103004,20231009,1086,23,13,1,25.06864,121.5107,10
500103004,20231009,1087,23,13,1,25.06864,121.5107,10
500103004,20231009,1088,23,13,1,25.06864,121.5107,10
500103004,20231009,1089,23,13,1,25.06864,121.5107,10
500103004,20231009,1090,23,13,1,25.06864,121.5107,10
500103004,20231009,1091,23,13,1,25.06864,121.5107,10
500103004,20231009,1092,23,13,1,25.06864,121.5107,10
500103004,20231009,1093,23,13,1,25.06864,121.5107,10
500103004,20231009,1094,23,13,1,25.06864,121.5107,10
500103004,20231009,1095,23,13,1,25.06864,121.5107,10
500103004,20231009,1096,23,12,1,25.06864,121.5107,11
500103004,20231009,1097,23,12,1,25.06864,121.5107,11
500103004,20231009,1098,23,12,1,25.06864,121.5107,11
500103004,20231009,1099,23,12,1,25.06864,121.5107,11
500103004,20231009,1101,23,12,1,25.06864,121.5107,11
500103004,20231009,1102,23,12,1,25.06864,121.5107,11
500103004,20231009,1103,23,12,1,25.06864,121.5107,11
500103004,20231009,1104,23,11,1,25.06864,121.5107,12
500103004,20231009,1105,23,11,1,25.06864,121.5107,12
500103004,20231009,1106,23,10,1,25.06864,121.5107,13
500103004,20231009,1107,23,10,1,25.06864,121.5107,13
500103004,20231009,1108,23,10,1,25.06864,121.5107,13
500103004,20231009,1109,23,10,1,25.06864,121.5107,13
500103004,20231009,1111,23,9,1,25.06864,121.5107,14
500103004,20231009,1112,23,9,1,25.06864,121.5107,14
500103004,20231009,1113,23,9,1,25.06864,121.5107,14
500103004,20231009,1114,23,9,1,25.06864,121.5107,14
500103004,20231009,1115,23,9,1,25.06864,121.5107,14
500103004,20231009,1116,23,9,1,25.06864,121.5107,14
500103004,20231009,1117,23,9,1,25.06864,121.5107,14
500103004,20231009,1118,23,9,1,25.06864,121.5107,14
500103004,20231009,1119,23,9,1,25.06864,121.5107,14
500103004,20231009,1120,23,9,1,25.06864,121.5107,14
500103004,20231009,1121,23,9,1,25.06864,121.5107,14
500103004,20231009,1122,23,9,1,25.06864,121.5107,14
500103004,20231009,1123,23,9,1,25.06864,121.5107,14
500103004,20231009,1124,23,9,1,25.06864,121.5107,14
500103004,20231009,1125,23,9,1,25.06864,121.5107,14
500103004,20231009,1126,23,9,1,25.06864,121.5107,14
500103004,20231009,1127,23,9,1,25.06864,121.5107,14
500103004,20231009,1128,23,9,1,25.06864,121.5107,14
500103004,20231009,1129,23,9,1,25.06864,121.5107,14
500103004,20231009,1130,23,8,1,25.06864,121.5107,15
500103004,20231009,1131,23,8,1,25.06864,121.5107,15
500103004,20231009,1132,23,8,1,25.06864,121.5107,15
500103004,20231009,1133,23,6,1,25.06864,121.5107,17
500103004,20231009,1134,23,6,1,25.06864,121.5107,17
500103004,20231009,1135,23,6,1,25.06864,121.5107,17
500103004,20231009,1136,23,6,1,25.06864,121.5107,17
500103004,20231009,1137,23,5,1,25.06864,121.5107,18
500103004,20231009,1138,23,6,1,25.06864,121.5107,17
500103004,20231009,1139,23,6,1,25.06864,121.5107,17
500103004,20231009,1141,23,6,1,25.06864,121.5107,17
500103004,20231009,1142,23,6,1,25.06864,121.5107,17
500103004,20231009,1143,23,6,1,25.06864,121.5107,17
500103004,20231009,1144,23,6,1,25.06864,121.5107,17
500103004,20231009,1145,23,7,1,25.06864,121.5107,16
500103004,20231009,1146,23,8,1,25.06864,121.5107,15
500103004,20231009,1148,23,8,1,25.06864,121.5107,15
500103004,20231009,1149,23,8,1,25.06864,121.5107,15
500103004,20231009,1150,23,8,1,25.06864,121.5107,15
500103004,20231009,1151,23,8,1,25.06864,121.5107,15
500103004,20231009,1152,23,11,1,25.06864,121.5107,12
500103004,20231009,1153,23,11,1,25.06864,121.5107,12
500103004,20231009,1154,23,11,1,25.06864,121.5107,12
500103004,20231009,1155,23,11,1,25.06864,121.5107,12
500103004,20231009,1156,23,12,1,25.06864,121.5107,11
500103004,20231009,1157,23,12,1,25.06864,121.5107,11
500103004,20231009,1158,23,12,1,25.06864,121.5107,11
500103004,20231009,1159,23,12,1,25.06864,121.5107,11
500103004,20231009,1161,23,12,1,25.06864,121.5107,11
500103004,20231009,1162,23,12,1,25.06864,121.5107,11
500103004,20231009,1163,23,12,1,25.06864,121.5107,11
500103004,20231009,1164,23,13,1,25.06864,121.5107,10
500103004,20231009,1165,23,13,1,25.06864,121.5107,10
500103004,20231009,1166,23,13,1,25.06864,121.5107,10
500103004,20231009,1167,23,13,1,25.06864,121.5107,10
500103004,20231009,1168,23,13,1,25.06864,121.5107,10
500103004,20231009,1169,23,13,1,25.06864,121.5107,10
500103004,20231009,1171,23,12,1,25.06864,121.5107,11
500103004,20231009,1172,23,11,1,25.06864,121.5107,12
500103004,20231009,1173,23,11,1,25.06864,121.5107,12
500103004,20231009,1174,23,11,1,25.06864,121.5107,12
500103004,20231009,1175,23,9,1,25.06864,121.5107,14
500103004,20231009,1176,23,9,1,25.06864,121.5107,14
500103004,20231009,1177,23,9,1,25.06864,121.5107,14
500103004,20231009,1178,23,9,1,25.06864,121.5107,14
500103004,20231009,1179,23,9,1,25.06864,121.5107,14
500103004,20231009,1180,23,9,1,25.06864,121.5107,14
500103004,20231009,1181,23,8,1,25.06864,121.5107,15
500103004,20231009,1182,23,8,1,25.06864,121.5107,15
500103004,20231009,1183,23,8,1,25.06864,121.5107,15
500103004,20231009,1184,23,8,1,25.06864,121.5107,15
500103004,20231009,1185,23,8,1,25.06864,121.5107,15
500103004,20231009,1186,23,8,1,25.06864,121.5107,15
500103004,20231009,1187,23,7,1,25.06864,121.5107,16
500103004,20231009,1188,23,7,1,25.06864,121.5107,16
500103004,20231009,1189,23,7,1,25.06864,121.5107,16
500103004,20231009,1190,23,7,1,25.06864,121.5107,16
500103004,20231009,1191,23,7,1,25.06864,121.5107,16
500103004,20231009,1192,23,7,1,25.06864,121.5107,16
500103004,20231009,1193,23,7,1,25.06864,121.5107,16
500103004,20231009,1194,23,7,1,25.06864,121.5107,16
500103004,20231009,1195,23,7,1,25.06864,121.5107,16
500103004,20231009,1196,23,7,1,25.06864,121.5107,16
500103004,20231009,1197,23,7,1,25.06864,121.5107,16
500103004,20231009,1198,23,7,1,25.06864,121.5107,16
500103004,20231009,1199,23,7,1,25.06864,121.5107,16
500103004,20231009,1201,23,7,1,25.06864,121.5107,16
500103004,20231009,1202,23,7,1,25.06864,121.5107,16
500103004,20231009,1203,23,7,1,25.06864,121.5107,16
500103004,20231009,1204,23,7,1,25.06864,121.5107,16
500103004,20231009,1205,23,7,1,25.06864,121.5107,16
500103004,20231009,1206,23,7,1,25.06864,121.5107,16
500103004,20231009,1207,23,8,1,25.06864,121.5107,15
500103004,20231009,1208,23,8,1,25.06864,121.5107,15
500103004,20231009,1209,23,8,1,25.06864,121.5107,15
500103004,20231009,1210,23,8,1,25.06864,121.5107,15
500103004,20231009,1211,23,8,1,25.06864,121.5107,15
500103004,20231009,1212,23,8,1,25.06864,121.5107,15
500103004,20231009,1213,23,8,1,25.06864,121.5107,15
500103004,20231009,1214,23,8,1,25.06864,121.5107,15
500103004,20231009,1215,23,9,1,25.06864,121.5107,14
500103004,20231009,1216,23,9,1,25.06864,121.5107,14
500103004,20231009,1217,23,10,1,25.06864,121.5107,13
500103004,20231009,1218,23,10,1,25.06864,121.5107,13
500103004,20231009,1219,23,10,1,25.06864,121.5107,13
500103004,20231009,1221,23,12,1,25.06864,121.5107,11
500103004,20231009,1222,23,12,1,25.06864,121.5107,11
500103004,20231009,1223,23,11,1,25.06864,121.5107,12
500103004,20231009,1224,23,12,1,25.06864,121.5107,11
500103004,20231009,1225,23,12,1,25.06864,121.5107,11
500103004,20231009,1226,23,12,1,25.06864,121.5107,11
500103004,20231009,1227,23,12,1,25.06864,121.5107,11
500103004,20231009,1228,23,12,1,25.06864,121.5107,11
500103004,20231009,1229,23,12,1,25.06864,121.5107,11
500103004,20231009,1230,23,12,1,25.06864,121.5107,11
500103004,20231009,1231,23,12,1,25.06864,121.5107,11
500103004,20231009,1232,23,12,1,25.06864,121.5107,11
500103004,20231009,1233,23,12,1,25.06864,121.5107,11
500103004,20231009,1234,23,11,1,25.06864,121.5107,12
500103004,20231009,1235,23,11,1,25.06864,121.5107,12
500103004,20231009,1236,23,11,1,25.06864,121.5107,12
500103004,20231009,1237,23,11,1,25.06864,121.5107,12
500103004,20231009,1238,23,11,1,25.06864,121.5107,12
500103004,20231009,1239,23,10,1,25.06864,121.5107,13
500103004,20231009,1240,23,9,1,25.06864,121.5107,14
500103004,20231009,1241,23,9,1,25.06864,121.5107,14
500103004,20231009,1242,23,9,1,25.06864,121.5107,14
500103004,20231009,1243,23,10,1,25.06864,121.5107,13
500103004,20231009,1244,23,10,1,25.06864,121.5107,13
500103004,20231009,1245,23,10,1,25.06864,121.5107,13
500103004,20231009,1246,23,10,1,25.06864,121.5107,13
500103004,20231009,1247,23,10,1,25.06864,121.5107,13
500103004,20231009,1248,23,9,1,25.06864,121.5107,14
500103004,20231009,1249,23,9,1,25.06864,121.5107,14
500103004,20231009,1250,23,9,1,25.06864,121.5107,14
500103004,20231009,1251,23,9,1,25.06864,121.5107,14
500103004,20231009,1252,23,9,1,25.06864,121.5107,14
500103004,20231009,1253,23,9,1,25.06864,121.5107,14
500103004,20231009,1254,23,8,1,25.06864,121.5107,15
500103004,20231009,1255,23,8,1,25.06864,121.5107,15
500103004,20231009,1256,23,8,1,25.06864,121.5107,15
500103004,20231009,1257,23,8,1,25.06864,121.5107,15
500103004,20231009,1258,23,8,1,25.06864,121.5107,15
500103004,20231009,1259,23,9,1,25.06864,121.5107,14
500103004,20231009,1261,23,9,1,25.06864,121.5107,14
500103004,20231009,1262,23,9,1,25.06864,121.5107,14
500103004,20231009,1263,23,9,1,25.06864,121.5107,14
500103004,20231009,1264,23,9,1,25.06864,121.5107,14
500103004,20231009,1265,23,9,1,25.06864,121.5107,14
500103004,20231009,1266,23,9,1,25.06864,121.5107,14
500103004,20231009,1267,23,9,1,25.06864,121.5107,14
500103004,20231009,1268,23,9,1,25.06864,121.5107,14
500103004,20231009,1269,23,9,1,25.06864,121.5107,14
500103004,20231009,1270,23,9,1,25.06864,121.5107,14
500103004,20231009,1271,23,9,1,25.06864,121.5107,14
500103004,20231009,1272,23,7,1,25.06864,121.5107,16
500103004,20231009,1273,23,7,1,25.06864,121.5107,16
500103004,20231009,1274,23,6,1,25.06864,121.5107,17
500103004,20231009,1275,23,6,1,25.06864,121.5107,17
500103004,20231009,1276,23,6,1,25.06864,121.5107,17
500103004,20231009,1277,23,6,1,25.06864,121.5107,17
500103004,20231009,1278,23,6,1,25.06864,121.5107,17
500103004,20231009,1279,23,8,1,25.06864,121.5107,15
500103004,20231009,1281,23,7,1,25.06864,121.5107,16
500103004,20231009,1282,23,7,1,25.06864,121.5107,16
500103004,20231009,1283,23,7,1,25.06864,121.5107,16
500103004,20231009,1284,23,7,1,25.06864,121.5107,16
500103004,20231009,1285,23,7,1,25.06864,121.5107,16
500103004,20231009,1286,23,5,1,25.06864,121.5107,18
500103004,20231009,1287,23,4,1,25.06864,121.5107,19
500103004,20231009,1288,23,0,1,25.06864,121.5107,23
500103004,20231009,1289,23,0,1,25.06864,121.5107,23
500103004,20231009,1290,23,0,1,25.06864,121.5107,23
500103004,20231009,1291,23,0,1,25.06864,121.5107,23
500103004,20231009,1292,23,0,1,25.06864,121.5107,23
500103004,20231009,1293,23,0,1,25.06864,121.5107,23
500103004,20231009,1294,23,0,1,25.06864,121.5107,23
500103004,20231009,1295,23,0,1,25.06864,121.5107,23
500103004,20231009,1296,23,0,1,25.06864,121.5107,23
500103004,20231009,1297,23,0,1,25.06864,121.5107,23
500103004,20231009,1298,23,0,1,25.06864,121.5107,23
500103004,20231009,1299,23,0,1,25.06864,121.5107,23
500103004,20231009,1300,23,0,1,25.06864,121.5107,23
500103004,20231009,1301,23,0,1,25.06864,121.5107,23
500103004,20231009,1302,23,0,1,25.06864,121.5107,23
500103004,20231009,1303,23,0,1,25.06864,121.5107,23
500103004,20231009,1304,23,0,1,25.06864,121.5107,23
500103004,20231009,1305,23,1,1,25.06864,121.5107,22
500103004,20231009,1306,23,1,1,25.06864,121.5107,22
500103004,20231009,1307,23,1,1,25.06864,121.5107,22
500103004,20231009,1308,23,1,1,25.06864,121.5107,22
500103004,20231009,1309,23,1,1,25.06864,121.5107,22
500103004,20231009,1310,23,1,1,25.06864,121.5107,22
500103004,20231009,1311,23,1,1,25.06864,121.5107,22
500103004,20231009,1312,23,1,1,25.06864,121.5107,22
500103004,20231009,1313,23,1,1,25.06864,121.5107,22
500103004,20231009,1314,23,1,1,25.06864,121.5107,22
500103004,20231009,1315,23,1,1,25.06864,121.5107,22
500103004,20231009,1316,23,1,1,25.06864,121.5107,22
500103004,20231009,1317,23,1,1,25.06864,121.5107,22
500103004,20231009,1318,23,1,1,25.06864,121.5107,22
500103004,20231009,1319,23,1,1,25.06864,121.5107,22
500103004,20231009,1321,23,0,1,25.06864,121.5107,23
500103004,20231009,1322,23,0,1,25.06864,121.5107,23
500103004,20231009,1323,23,0,1,25.06864,121.5107,23
500103004,20231009,1324,23,0,1,25.06864,121.5107,23
500103004,20231009,1325,23,0,1,25.06864,121.5107,23
500103004,20231009,1326,23,0,1,25.06864,121.5107,23
500103004,20231009,1327,23,0,1,25.06864,121.5107,23
500103004,20231009,1328,23,0,1,25.06864,121.5107,23
500103004,20231009,1329,23,0,1,25.06864,121.5107,23
500103004,20231009,1330,23,0,1,25.06864,121.5107,23
500103004,20231009,1331,23,0,1,25.06864,121.5107,23
500103004,20231009,1332,23,0,1,25.06864,121.5107,23
500103004,20231009,1333,23,0,1,25.06864,121.5107,23
500103004,20231009,1334,23,0,1,25.06864,121.5107,23
500103004,20231009,1335,23,0,1,25.06864,121.5107,23
500103004,20231009,1336,23,0,1,25.06864,121.5107,23
500103004,20231009,1337,23,0,1,25.06864,121.5107,23
500103004,20231009,1338,23,0,1,25.06864,121.5107,23
500103004,20231009,1339,23,0,1,25.06864,121.5107,23
500103004,20231009,1341,23,0,1,25.06864,121.5107,23
500103004,20231009,1342,23,0,1,25.06864,121.5107,23
500103004,20231009,1343,23,0,1,25.06864,121.5107,23
500103004,20231009,1344,23,0,1,25.06864,121.5107,23
500103004,20231009,1345,23,0,1,25.06864,121.5107,23
500103004,20231009,1346,23,0,1,25.06864,121.5107,23
500103004,20231009,1347,23,0,1,25.06864,121.5107,23
500103004,20231009,1348,23,0,1,25.06864,121.5107,23
500103004,20231009,1349,23,0,1,25.06864,121.5107,23
500103004,20231009,1350,23,0,1,25.06864,121.5107,23
500103004,20231009,1351,23,0,1,25.06864,121.5107,23
500103004,20231009,1352,23,0,1,25.06864,121.5107,23
500103004,20231009,1353,23,0,1,25.06864,121.5107,23
500103004,20231009,1354,23,0,1,25.06864,121.5107,23
500103004,20231009,1355,23,0,1,25.06864,121.5107,23
500103004,20231009,1356,23,0,1,25.06864,121.5107,23
500103004,20231009,1357,23,0,1,25.06864,121.5107,23
500103004,20231009,1358,23,0,1,25.06864,121.5107,23
500103004,20231009,1359,23,0,1,25.06864,121.5107,23
500103004,20231009,1360,23,0,1,25.06864,121.5107,23
500103004,20231009,1361,23,0,1,25.06864,121.5107,23
500103004,20231009,1362,23,0,1,25.06864,121.5107,23
500103004,20231009,1363,23,0,1,25.06864,121.5107,23
500103004,20231009,1364,23,0,1,25.06864,121.5107,23
500103004,20231009,1365,23,0,1,25.06864,121.5107,23
500103004,20231009,1366,23,0,1,25.06864,121.5107,23
500103004,20231009,1367,23,0,1,25.06864,121.5107,23
500103004,20231009,1368,23,0,1,25.06864,121.5107,23
500103004,20231009,1369,23,0,1,25.06864,121.5107,23
500103004,20231009,1370,23,0,1,25.06864,121.5107,23
500103004,20231009,1371,23,0,1,25.06864,121.5107,23
500103004,20231009,1372,23,0,1,25.06864,121.5107,23
500103004,20231009,1373,23,0,1,25.06864,121.5107,23
500103004,20231009,1374,23,0,1,25.06864,121.5107,23
500103004,20231009,1375,23,0,1,25.06864,121.5107,23
500103004,20231009,1376,23,0,1,25.06864,121.5107,23
500103004,20231009,1377,23,0,1,25.06864,121.5107,23
500103004,20231009,1378,23,0,1,25.06864,121.5107,23
500103004,20231009,1379,23,0,1,25.06864,121.5107,23
500103004,20231009,1381,23,0,1,25.06864,121.5107,23
500103004,20231009,1382,23,0,1,25.06864,121.5107,23
500103004,20231009,1383,23,0,1,25.06864,121.5107,23
500103004,20231009,1384,23,0,1,25.06864,121.5107,23
500103004,20231009,1385,23,0,1,25.06864,121.5107,23
500103004,20231009,1386,23,0,1,25.06864,121.5107,23
500103004,20231009,1387,23,0,1,25.06864,121.5107,23
500103004,20231009,1388,23,1,1,25.06864,121.5107,22
500103004,20231009,1389,23,1,1,25.06864,121.5107,22
500103004,20231009,1390,23,1,1,25.06864,121.5107,22
500103004,20231009,1391,23,1,1,25.06864,121.5107,22
500103004,20231009,1392,23,1,1,25.06864,121.5107,22
500103004,20231009,1393,23,1,1,25.06864,121.5107,22
500103004,20231009,1394,23,1,1,25.06864,121.5107,22
500103004,20231009,1395,23,1,1,25.06864,121.5107,22
500103004,20231009,1396,23,1,1,25.06864,121.5107,22
500103004,20231009,1397,23,1,1,25.06864,121.5107,22
500103004,20231009,1398,23,0,1,25.06864,121.5107,23
500103004,20231009,1399,23,0,1,25.06864,121.5107,23
500103004,20231009,1401,23,0,1,25.06864,121.5107,23
500103004,20231009,1402,23,0,1,25.06864,121.5107,23
500103004,20231009,1403,23,0,1,25.06864,121.5107,23
500103004,20231009,1404,23,0,1,25.06864,121.5107,23
500103004,20231009,1405,23,0,1,25.06864,121.5107,23
500103004,20231009,1406,23,0,1,25.06864,121.5107,23
500103004,20231009,1407,23,0,1,25.06864,121.5107,23
500103004,20231009,1408,23,0,1,25.06864,121.5107,23
500103004,20231009,1409,23,0,1,25.06864,121.5107,23
500103004,20231009,1410,23,0,1,25.06864,121.5107,23
500103004,20231009,1411,23,0,1,25.06864,121.5107,23
500103004,20231009,1412,23,0,1,25.06864,121.5107,23
500103004,20231009,1413,23,0,1,25.06864,121.5107,23
500103004,20231009,1414,23,0,1,25.06864,121.5107,23
500103004,20231009,1415,23,1,1,25.06864,121.5107,22
500103004,20231009,1416,23,1,1,25.06864,121.5107,22
500103004,20231009,1417,23,1,1,25.06864,121.5107,22
500103004,20231009,1418,23,1,1,25.06864,121.5107,22
500103004,20231009,1419,23,1,1,25.06864,121.5107,22
500103004,20231009,1420,23,2,1,25.06864,121.5107,21
500103004,20231009,1421,23,2,1,25.06864,121.5107,21
500103004,20231009,1422,23,2,1,25.06864,121.5107,21
500103004,20231009,1423,23,3,1,25.06864,121.5107,20
500103004,20231009,1424,23,3,1,25.06864,121.5107,20
500103004,20231009,1425,23,3,1,25.06864,121.5107,20
500103004,20231009,1426,23,2,1,25.06864,121.5107,21
500103004,20231009,1427,23,2,1,25.06864,121.5107,21
500103004,20231009,1428,23,5,1,25.06864,121.5107,18
500103004,20231009,1429,23,7,1,25.06864,121.5107,16
500103004,20231009,1430,23,9,1,25.06864,121.5107,14
500103004,20231009,1431,23,11,1,25.06864,121.5107,12
500103004,20231009,1432,23,11,1,25.06864,121.5107,12
500103004,20231009,1433,23,11,1,25.06864,121.5107,12
500103004,20231009,1434,23,11,1,25.06864,121.5107,12
500103004,20231009,1435,23,11,1,25.06864,121.5107,12
500103004,20231009,1436,23,11,1,25.06864,121.5107,12
500103004,20231009,1437,23,11,1,25.06864,121.5107,12
500103004,20231009,1438,23,11,1,25.06864,121.5107,12
500103004,20231009,1439,23,11,1,25.06864,121.5107,12
500103004,20231010,1,23,11,1,25.06864,121.5107,12
500103004,20231010,2,23,11,1,25.06864,121.5107,12
500103004,20231010,3,23,11,1,25.06864,121.5107,12
500103004,20231010,4,23,11,1,25.06864,121.5107,12
500103004,20231010,5,23,12,1,25.06864,121.5107,11
500103004,20231010,6,23,12,1,25.06864,121.5107,11
500103004,20231010,7,23,12,1,25.06864,121.5107,11
500103004,20231010,8,23,12,1,25.06864,121.5107,11
500103004,20231010,9,23,12,1,25.06864,121.5107,11
500103004,20231010,10,23,12,1,25.06864,121.5107,11
500103004,20231010,11,23,12,1,25.06864,121.5107,11
500103004,20231010,12,23,12,1,25.06864,121.5107,11
500103004,20231010,13,23,12,1,25.06864,121.5107,11
500103004,20231010,14,23,12,1,25.06864,121.5107,11
500103004,20231010,15,23,12,1,25.06864,121.5107,11
500103004,20231010,16,23,12,1,25.06864,121.5107,11
500103004,20231010,17,23,12,1,25.06864,121.5107,11
500103004,20231010,18,23,12,1,25.06864,121.5107,11
500103004,20231010,19,23,12,1,25.06864,121.5107,11
500103004,20231010,21,23,12,1,25.06864,121.5107,11
500103004,20231010,22,23,12,1,25.06864,121.5107,11
500103004,20231010,23,23,12,1,25.06864,121.5107,11
500103004,20231010,24,23,12,1,25.06864,121.5107,11
500103004,20231010,25,23,12,1,25.06864,121.5107,11
500103004,20231010,26,23,12,1,25.06864,121.5107,11
500103004,20231010,27,23,13,1,25.06864,121.5107,10
500103004,20231010,28,23,13,1,25.06864,121.5107,10
500103004,20231010,29,23,13,1,25.06864,121.5107,10
500103004,20231010,30,23,13,1,25.06864,121.5107,10
500103004,20231010,31,23,13,1,25.06864,121.5107,10
500103004,20231010,32,23,13,1,25.06864,121.5107,10
500103004,20231010,33,23,13,1,25.06864,121.5107,10
500103004,20231010,34,23,13,1,25.06864,121.5107,10
500103004,20231010,35,23,13,1,25.06864,121.5107,10
500103004,20231010,36,23,13,1,25.06864,121.5107,10
500103004,20231010,37,23,13,1,25.06864,121.5107,10
500103004,20231010,38,23,13,1,25.06864,121.5107,10
500103004,20231010,39,23,12,1,25.06864,121.5107,11
500103004,20231010,40,23,12,1,25.06864,121.5107,11
500103004,20231010,41,23,12,1,25.06864,121.5107,11
500103004,20231010,42,23,12,1,25.06864,121.5107,11
500103004,20231010,43,23,12,1,25.06864,121.5107,11
500103004,20231010,44,23,12,1,25.06864,121.5107,11
500103004,20231010,45,23,12,1,25.06864,121.5107,11
500103004,20231010,46,23,12,1,25.06864,121.5107,11
500103004,20231010,47,23,12,1,25.06864,121.5107,11
500103004,20231010,48,23,12,1,25.06864,121.5107,11
500103004,20231010,49,23,12,1,25.06864,121.5107,11
500103004,20231010,50,23,12,1,25.06864,121.5107,11
500103004,20231010,51,23,12,1,25.06864,121.5107,11
500103004,20231010,52,23,12,1,25.06864,121.5107,11
500103004,20231010,53,23,12,1,25.06864,121.5107,11
500103004,20231010,54,23,12,1,25.06864,121.5107,11
500103004,20231010,55,23,12,1,25.06864,121.5107,11
500103004,20231010,56,23,12,1,25.06864,121.5107,11
500103004,20231010,57,23,12,1,25.06864,121.5107,11
500103004,20231010,58,23,12,1,25.06864,121.5107,11
500103004,20231010,59,23,12,1,25.06864,121.5107,11
500103004,20231010,60,23,12,1,25.06864,121.5107,11
500103004,20231010,61,23,11,1,25.06864,121.5107,12
500103004,20231010,62,23,11,1,25.06864,121.5107,12
500103004,20231010,63,23,11,1,25.06864,121.5107,12
500103004,20231010,64,23,11,1,25.06864,121.5107,12
500103004,20231010,65,23,10,1,25.06864,121.5107,13
500103004,20231010,66,23,10,1,25.06864,121.5107,13
500103004,20231010,67,23,10,1,25.06864,121.5107,13
500103004,20231010,68,23,10,1,25.06864,121.5107,13
500103004,20231010,69,23,10,1,25.06864,121.5107,13
500103004,20231010,70,23,10,1,25.06864,121.5107,13
500103004,20231010,71,23,10,1,25.06864,121.5107,13
500103004,20231010,72,23,10,1,25.06864,121.5107,13
500103004,20231010,73,23,10,1,25.06864,121.5107,13
500103004,20231010,74,23,10,1,25.06864,121.5107,13
500103004,20231010,75,23,10,1,25.06864,121.5107,13
500103004,20231010,76,23,10,1,25.06864,121.5107,13
500103004,20231010,77,23,10,1,25.06864,121.5107,13
500103004,20231010,78,23,10,1,25.06864,121.5107,13
500103004,20231010,79,23,10,1,25.06864,121.5107,13
500103004,20231010,81,23,10,1,25.06864,121.5107,13
500103004,20231010,82,23,10,1,25.06864,121.5107,13
500103004,20231010,83,23,10,1,25.06864,121.5107,13
500103004,20231010,84,23,10,1,25.06864,121.5107,13
500103004,20231010,85,23,10,1,25.06864,121.5107,13
500103004,20231010,86,23,10,1,25.06864,121.5107,13
500103004,20231010,87,23,10,1,25.06864,121.5107,13
500103004,20231010,88,23,10,1,25.06864,121.5107,13
500103004,20231010,89,23,10,1,25.06864,121.5107,13
500103004,20231010,90,23,10,1,25.06864,121.5107,13
500103004,20231010,91,23,10,1,25.06864,121.5107,13
500103004,20231010,92,23,10,1,25.06864,121.5107,13
500103004,20231010,93,23,10,1,25.06864,121.5107,13
500103004,20231010,94,23,10,1,25.06864,121.5107,13
500103004,20231010,95,23,10,1,25.06864,121.5107,13
500103004,20231010,96,23,10,1,25.06864,121.5107,13
500103004,20231010,97,23,10,1,25.06864,121.5107,13
500103004,20231010,98,23,10,1,25.06864,121.5107,13
500103004,20231010,99,23,10,1,25.06864,121.5107,13
500103004,20231010,100,23,10,1,25.06864,121.5107,13
500103004,20231010,101,23,9,1,25.06864,121.5107,14
500103004,20231010,102,23,9,1,25.06864,121.5107,14
500103004,20231010,103,23,9,1,25.06864,121.5107,14
500103004,20231010,104,23,9,1,25.06864,121.5107,14
500103004,20231010,105,23,9,1,25.06864,121.5107,14
500103004,20231010,106,23,9,1,25.06864,121.5107,14
500103004,20231010,107,23,9,1,25.06864,121.5107,14
500103004,20231010,108,23,9,1,25.06864,121.5107,14
500103004,20231010,109,23,9,1,25.06864,121.5107,14
500103004,20231010,110,23,9,1,25.06864,121.5107,14
500103004,20231010,111,23,9,1,25.06864,121.5107,14
500103004,20231010,112,23,9,1,25.06864,121.5107,14
500103004,20231010,113,23,9,1,25.06864,121.5107,14
500103004,20231010,114,23,9,1,25.06864,121.5107,14
500103004,20231010,115,23,9,1,25.06864,121.5107,14
500103004,20231010,116,23,9,1,25.06864,121.5107,14
500103004,20231010,117,23,9,1,25.06864,121.5107,14
500103004,20231010,118,23,9,1,25.06864,121.5107,14
500103004,20231010,119,23,9,1,25.06864,121.5107,14
500103004,20231010,121,23,9,1,25.06864,121.5107,14
500103004,20231010,122,23,9,1,25.06864,121.5107,14
500103004,20231010,123,23,9,1,25.06864,121.5107,14
500103004,20231010,124,23,9,1,25.06864,121.5107,14
500103004,20231010,125,23,9,1,25.06864,121.5107,14
500103004,20231010,126,23,9,1,25.06864,121.5107,14
500103004,20231010,127,23,9,1,25.06864,121.5107,14
500103004,20231010,128,23,9,1,25.06864,121.5107,14
500103004,20231010,129,23,9,1,25.06864,121.5107,14
500103004,20231010,130,23,9,1,25.06864,121.5107,14
500103004,20231010,131,23,9,1,25.06864,121.5107,14
500103004,20231010,132,23,9,1,25.06864,121.5107,14
500103004,20231010,133,23,9,1,25.06864,121.5107,14
500103004,20231010,134,23,9,1,25.06864,121.5107,14
500103004,20231010,135,23,9,1,25.06864,121.5107,14
500103004,20231010,136,23,9,1,25.06864,121.5107,14
500103004,20231010,137,23,9,1,25.06864,121.5107,14
500103004,20231010,138,23,9,1,25.06864,121.5107,14
500103004,20231010,139,23,9,1,25.06864,121.5107,14
500103004,20231010,141,23,9,1,25.06864,121.5107,14
500103004,20231010,142,23,9,1,25.06864,121.5107,14
500103004,20231010,143,23,9,1,25.06864,121.5107,14
500103004,20231010,144,23,9,1,25.06864,121.5107,14
500103004,20231010,145,23,9,1,25.06864,121.5107,14
500103004,20231010,146,23,9,1,25.06864,121.5107,14
500103004,20231010,147,23,9,1,25.06864,121.5107,14
500103004,20231010,148,23,9,1,25.06864,121.5107,14
500103004,20231010,149,23,9,1,25.06864,121.5107,14
500103004,20231010,150,23,7,1,25.06864,121.5107,16
500103004,20231010,151,23,7,1,25.06864,121.5107,16
500103004,20231010,152,23,7,1,25.06864,121.5107,16
500103004,20231010,153,23,7,1,25.06864,121.5107,16
500103004,20231010,154,23,7,1,25.06864,121.5107,16
500103004,20231010,155,23,7,1,25.06864,121.5107,16
500103004,20231010,156,23,7,1,25.06864,121.5107,16
500103004,20231010,157,23,7,1,25.06864,121.5107,16
500103004,20231010,158,23,7,1,25.06864,121.5107,16
500103004,20231010,159,23,7,1,25.06864,121.5107,16
500103004,20231010,160,23,7,1,25.06864,121.5107,16
500103004,20231010,161,23,7,1,25.06864,121.5107,16
500103004,20231010,162,23,7,1,25.06864,121.5107,16
500103004,20231010,163,23,7,1,25.06864,121.5107,16
500103004,20231010,164,23,7,1,25.06864,121.5107,16
500103004,20231010,165,23,7,1,25.06864,121.5107,16
500103004,20231010,166,23,7,1,25.06864,121.5107,16
500103004,20231010,167,23,7,1,25.06864,121.5107,16
500103004,20231010,168,23,7,1,25.06864,121.5107,16
500103004,20231010,169,23,7,1,25.06864,121.5107,16
500103004,20231010,170,23,7,1,25.06864,121.5107,16
500103004,20231010,171,23,7,1,25.06864,121.5107,16
500103004,20231010,172,23,7,1,25.06864,121.5107,16
500103004,20231010,173,23,7,1,25.06864,121.5107,16
500103004,20231010,174,23,7,1,25.06864,121.5107,16
500103004,20231010,175,23,7,1,25.06864,121.5107,16
500103004,20231010,176,23,7,1,25.06864,121.5107,16
500103004,20231010,177,23,7,1,25.06864,121.5107,16
500103004,20231010,178,23,7,1,25.06864,121.5107,16
500103004,20231010,179,23,7,1,25.06864,121.5107,16
500103004,20231010,180,23,7,1,25.06864,121.5107,16
500103004,20231010,181,23,7,1,25.06864,121.5107,16
500103004,20231010,182,23,7,1,25.06864,121.5107,16
500103004,20231010,183,23,7,1,25.06864,121.5107,16
500103004,20231010,184,23,7,1,25.06864,121.5107,16
500103004,20231010,185,23,7,1,25.06864,121.5107,16
500103004,20231010,186,23,7,1,25.06864,121.5107,16
500103004,20231010,187,23,7,1,25.06864,121.5107,16
500103004,20231010,188,23,7,1,25.06864,121.5107,16
500103004,20231010,189,23,7,1,25.06864,121.5107,16
500103004,20231010,190,23,7,1,25.06864,121.5107,16
500103004,20231010,191,23,7,1,25.06864,121.5107,16
500103004,20231010,192,23,7,1,25.06864,121.5107,16
500103004,20231010,193,23,7,1,25.06864,121.5107,16
500103004,20231010,194,23,7,1,25.06864,121.5107,16
500103004,20231010,195,23,7,1,25.06864,121.5107,16
500103004,20231010,196,23,7,1,25.06864,121.5107,16
500103004,20231010,197,23,7,1,25.06864,121.5107,16
500103004,20231010,198,23,7,1,25.06864,121.5107,16
500103004,20231010,199,23,7,1,25.06864,121.5107,16
500103004,20231010,201,23,7,1,25.06864,121.5107,16
500103004,20231010,202,23,7,1,25.06864,121.5107,16
500103004,20231010,203,23,7,1,25.06864,121.5107,16
500103004,20231010,204,23,7,1,25.06864,121.5107,16
500103004,20231010,205,23,7,1,25.06864,121.5107,16
500103004,20231010,206,23,7,1,25.06864,121.5107,16
500103004,20231010,207,23,7,1,25.06864,121.5107,16
500103004,20231010,208,23,7,1,25.06864,121.5107,16
500103004,20231010,209,23,7,1,25.06864,121.5107,16
500103004,20231010,210,23,7,1,25.06864,121.5107,16
500103004,20231010,211,23,7,1,25.06864,121.5107,16
500103004,20231010,212,23,7,1,25.06864,121.5107,16
500103004,20231010,213,23,7,1,25.06864,121.5107,16
500103004,20231010,214,23,7,1,25.06864,121.5107,16
500103004,20231010,215,23,7,1,25.06864,121.5107,16
500103004,20231010,216,23,7,1,25.06864,121.5107,16
500103004,20231010,217,23,7,1,25.06864,121.5107,16
500103004,20231010,218,23,7,1,25.06864,121.5107,16
500103004,20231010,219,23,7,1,25.06864,121.5107,16
500103004,20231010,220,23,7,1,25.06864,121.5107,16
500103004,20231010,221,23,7,1,25.06864,121.5107,16
500103004,20231010,222,23,7,1,25.06864,121.5107,16
500103004,20231010,223,23,7,1,25.06864,121.5107,16
500103004,20231010,224,23,7,1,25.06864,121.5107,16
500103004,20231010,225,23,7,1,25.06864,121.5107,16
500103004,20231010,226,23,7,1,25.06864,121.5107,16
500103004,20231010,227,23,7,1,25.06864,121.5107,16
500103004,20231010,228,23,7,1,25.06864,121.5107,16
500103004,20231010,229,23,7,1,25.06864,121.5107,16
500103004,20231010,230,23,7,1,25.06864,121.5107,16
500103004,20231010,231,23,7,1,25.06864,121.5107,16
500103004,20231010,232,23,7,1,25.06864,121.5107,16
500103004,20231010,233,23,7,1,25.06864,121.5107,16
500103004,20231010,234,23,7,1,25.06864,121.5107,16
500103004,20231010,235,23,7,1,25.06864,121.5107,16
500103004,20231010,236,23,7,1,25.06864,121.5107,16
500103004,20231010,237,23,7,1,25.06864,121.5107,16
500103004,20231010,238,23,7,1,25.06864,121.5107,16
500103004,20231010,239,23,7,1,25.06864,121.5107,16
500103004,20231010,240,23,7,1,25.06864,121.5107,16
500103004,20231010,241,23,7,1,25.06864,121.5107,16
500103004,20231010,242,23,7,1,25.06864,121.5107,16
500103004,20231010,243,23,7,1,25.06864,121.5107,16
500103004,20231010,244,23,7,1,25.06864,121.5107,16
500103004,20231010,245,23,7,1,25.06864,121.5107,16
500103004,20231010,246,23,7,1,25.06864,121.5107,16
500103004,20231010,247,23,7,1,25.06864,121.5107,16
500103004,20231010,248,23,7,1,25.06864,121.5107,16
500103004,20231010,249,23,7,1,25.06864,121.5107,16
500103004,20231010,250,23,7,1,25.06864,121.5107,16
500103004,20231010,251,23,7,1,25.06864,121.5107,16
500103004,20231010,252,23,7,1,25.06864,121.5107,16
500103004,20231010,253,23,7,1,25.06864,121.5107,16
500103004,20231010,254,23,7,1,25.06864,121.5107,16
500103004,20231010,255,23,7,1,25.06864,121.5107,16
500103004,20231010,256,23,7,1,25.06864,121.5107,16
500103004,20231010,257,23,7,1,25.06864,121.5107,16
500103004,20231010,258,23,7,1,25.06864,121.5107,16
500103004,20231010,259,23,7,1,25.06864,121.5107,16
500103004,20231010,261,23,7,1,25.06864,121.5107,16
500103004,20231010,262,23,7,1,25.06864,121.5107,16
500103004,20231010,263,23,7,1,25.06864,121.5107,16
500103004,20231010,264,23,7,1,25.06864,121.5107,16
500103004,20231010,265,23,7,1,25.06864,121.5107,16
500103004,20231010,266,23,7,1,25.06864,121.5107,16
500103004,20231010,267,23,7,1,25.06864,121.5107,16
500103004,20231010,268,23,7,1,25.06864,121.5107,16
500103004,20231010,269,23,7,1,25.06864,121.5107,16
500103004,20231010,270,23,7,1,25.06864,121.5107,16
500103004,20231010,271,23,7,1,25.06864,121.5107,16
500103004,20231010,272,23,7,1,25.06864,121.5107,16
500103004,20231010,273,23,7,1,25.06864,121.5107,16
500103004,20231010,274,23,7,1,25.06864,121.5107,16
500103004,20231010,275,23,7,1,25.06864,121.5107,16
500103004,20231010,276,23,7,1,25.06864,121.5107,16
500103004,20231010,277,23,7,1,25.06864,121.5107,16
500103004,20231010,278,23,7,1,25.06864,121.5107,16
500103004,20231010,279,23,7,1,25.06864,121.5107,16
500103004,20231010,280,23,7,1,25.06864,121.5107,16
500103004,20231010,281,23,7,1,25.06864,121.5107,16
500103004,20231010,282,23,7,1,25.06864,121.5107,16
500103004,20231010,283,23,7,1,25.06864,121.5107,16
500103004,20231010,284,23,7,1,25.06864,121.5107,16
500103004,20231010,285,23,7,1,25.06864,121.5107,16
500103004,20231010,287,23,7,1,25.06864,121.5107,16
500103004,20231010,288,23,7,1,25.06864,121.5107,16
500103004,20231010,289,23,7,1,25.06864,121.5107,16
500103004,20231010,290,23,7,1,25.06864,121.5107,16
500103004,20231010,291,23,7,1,25.06864,121.5107,16
500103004,20231010,292,23,7,1,25.06864,121.5107,16
500103004,20231010,293,23,7,1,25.06864,121.5107,16
500103004,20231010,294,23,7,1,25.06864,121.5107,16
500103004,20231010,295,23,7,1,25.06864,121.5107,16
500103004,20231010,296,23,7,1,25.06864,121.5107,16
500103004,20231010,297,23,7,1,25.06864,121.5107,16
500103004,20231010,298,23,7,1,25.06864,121.5107,16
500103004,20231010,299,23,7,1,25.06864,121.5107,16
500103004,20231010,300,23,7,1,25.06864,121.5107,16
500103004,20231010,301,23,7,1,25.06864,121.5107,16
500103004,20231010,302,23,7,1,25.06864,121.5107,16
500103004,20231010,303,23,7,1,25.06864,121.5107,16
500103004,20231010,304,23,7,1,25.06864,121.5107,16
500103004,20231010,305,23,7,1,25.06864,121.5107,16
500103004,20231010,306,23,7,1,25.06864,121.5107,16
500103004,20231010,307,23,7,1,25.06864,121.5107,16
500103004,20231010,308,23,7,1,25.06864,121.5107,16
500103004,20231010,309,23,7,1,25.06864,121.5107,16
500103004,20231010,310,23,7,1,25.06864,121.5107,16
500103004,20231010,311,23,7,1,25.06864,121.5107,16
500103004,20231010,312,23,7,1,25.06864,121.5107,16
500103004,20231010,313,23,7,1,25.06864,121.5107,16
500103004,20231010,314,23,7,1,25.06864,121.5107,16
500103004,20231010,315,23,7,1,25.06864,121.5107,16
500103004,20231010,316,23,7,1,25.06864,121.5107,16
500103004,20231010,317,23,7,1,25.06864,121.5107,16
500103004,20231010,318,23,7,1,25.06864,121.5107,16
500103004,20231010,319,23,7,1,25.06864,121.5107,16
500103004,20231010,321,23,7,1,25.06864,121.5107,16
500103004,20231010,322,23,7,1,25.06864,121.5107,16
500103004,20231010,323,23,7,1,25.06864,121.5107,16
500103004,20231010,324,23,7,1,25.06864,121.5107,16
500103004,20231010,325,23,7,1,25.06864,121.5107,16
500103004,20231010,326,23,7,1,25.06864,121.5107,16
500103004,20231010,327,23,7,1,25.06864,121.5107,16
500103004,20231010,328,23,7,1,25.06864,121.5107,16
500103004,20231010,329,23,7,1,25.06864,121.5107,16
500103004,20231010,330,23,7,1,25.06864,121.5107,16
500103004,20231010,331,23,7,1,25.06864,121.5107,16
500103004,20231010,332,23,7,1,25.06864,121.5107,16
500103004,20231010,333,23,7,1,25.06864,121.5107,16
500103004,20231010,334,23,7,1,25.06864,121.5107,16
500103004,20231010,335,23,7,1,25.06864,121.5107,16
500103004,20231010,336,23,7,1,25.06864,121.5107,16
500103004,20231010,337,23,7,1,25.06864,121.5107,16
500103004,20231010,338,23,7,1,25.06864,121.5107,16
500103004,20231010,339,23,7,1,25.06864,121.5107,16
500103004,20231010,340,23,7,1,25.06864,121.5107,16
500103004,20231010,341,23,7,1,25.06864,121.5107,16
500103004,20231010,342,23,7,1,25.06864,121.5107,16
500103004,20231010,343,23,7,1,25.06864,121.5107,16
500103004,20231010,344,23,7,1,25.06864,121.5107,16
500103004,20231010,345,23,7,1,25.06864,121.5107,16
500103004,20231010,346,23,7,1,25.06864,121.5107,16
500103004,20231010,347,23,7,1,25.06864,121.5107,16
500103004,20231010,348,23,7,1,25.06864,121.5107,16
500103004,20231010,349,23,7,1,25.06864,121.5107,16
500103004,20231010,350,23,7,1,25.06864,121.5107,16
500103004,20231010,351,23,7,1,25.06864,121.5107,16
500103004,20231010,352,23,7,1,25.06864,121.5107,16
500103004,20231010,353,23,7,1,25.06864,121.5107,16
500103004,20231010,354,23,7,1,25.06864,121.5107,16
500103004,20231010,355,23,7,1,25.06864,121.5107,16
500103004,20231010,356,23,7,1,25.06864,121.5107,16
500103004,20231010,357,23,7,1,25.06864,121.5107,16
500103004,20231010,358,23,7,1,25.06864,121.5107,16
500103004,20231010,359,23,7,1,25.06864,121.5107,16
500103004,20231010,360,23,6,1,25.06864,121.5107,17
500103004,20231010,361,23,6,1,25.06864,121.5107,17
500103004,20231010,362,23,6,1,25.06864,121.5107,17
500103004,20231010,363,23,6,1,25.06864,121.5107,17
500103004,20231010,364,23,6,1,25.06864,121.5107,17
500103004,20231010,365,23,6,1,25.06864,121.5107,17
500103004,20231010,366,23,6,1,25.06864,121.5107,17
500103004,20231010,367,23,6,1,25.06864,121.5107,17
500103004,20231010,368,23,6,1,25.06864,121.5107,17
500103004,20231010,369,23,6,1,25.06864,121.5107,17
500103004,20231010,370,23,6,1,25.06864,121.5107,17
500103004,20231010,371,23,6,1,25.06864,121.5107,17
500103004,20231010,372,23,6,1,25.06864,121.5107,17
500103004,20231010,373,23,6,1,25.06864,121.5107,17
500103004,20231010,374,23,6,1,25.06864,121.5107,17
500103004,20231010,375,23,6,1,25.06864,121.5107,17
500103004,20231010,376,23,6,1,25.06864,121.5107,17
500103004,20231010,377,23,5,1,25.06864,121.5107,18
500103004,20231010,378,23,6,1,25.06864,121.5107,17
500103004,20231010,379,23,7,1,25.06864,121.5107,16
500103004,20231010,381,23,7,1,25.06864,121.5107,16
500103004,20231010,382,23,7,1,25.06864,121.5107,16
500103004,20231010,383,23,7,1,25.06864,121.5107,16
500103004,20231010,384,23,8,1,25.06864,121.5107,15
500103004,20231010,385,23,8,1,25.06864,121.5107,15
500103004,20231010,386,23,8,1,25.06864,121.5107,15
500103004,20231010,387,23,8,1,25.06864,121.5107,15
500103004,20231010,388,23,8,1,25.06864,121.5107,15
500103004,20231010,389,23,9,1,25.06864,121.5107,14
500103004,20231010,390,23,10,1,25.06864,121.5107,13
500103004,20231010,391,23,10,1,25.06864,121.5107,13
500103004,20231010,392,23,10,1,25.06864,121.5107,13
500103004,20231010,393,23,10,1,25.06864,121.5107,13
500103004,20231010,394,23,10,1,25.06864,121.5107,13
500103004,20231010,395,23,10,1,25.06864,121.5107,13
500103004,20231010,396,23,10,1,25.06864,121.5107,13
500103004,20231010,397,23,10,1,25.06864,121.5107,13
500103004,20231010,398,23,11,1,25.06864,121.5107,12
500103004,20231010,399,23,11,1,25.06864,121.5107,12
500103004,20231010,400,23,11,1,25.06864,121.5107,12
500103004,20231010,401,23,11,1,25.06864,121.5107,12
500103004,20231010,402,23,11,1,25.06864,121.5107,12
500103004,20231010,403,23,11,1,25.06864,121.5107,12
500103004,20231010,404,23,10,1,25.06864,121.5107,13
500103004,20231010,405,23,10,1,25.06864,121.5107,13
500103004,20231010,406,23,10,1,25.06864,121.5107,13
500103004,20231010,407,23,10,1,25.06864,121.5107,13
500103004,20231010,408,23,10,1,25.06864,121.5107,13
500103004,20231010,409,23,10,1,25.06864,121.5107,13
500103004,20231010,410,23,9,1,25.06864,121.5107,14
500103004,20231010,411,23,9,1,25.06864,121.5107,14
500103004,20231010,412,23,9,1,25.06864,121.5107,14
500103004,20231010,413,23,9,1,25.06864,121.5107,14
500103004,20231010,414,23,9,1,25.06864,121.5107,14
500103004,20231010,415,23,9,1,25.06864,121.5107,14
500103004,20231010,416,23,10,1,25.06864,121.5107,13
500103004,20231010,417,23,10,1,25.06864,121.5107,13
500103004,20231010,418,23,10,1,25.06864,121.5107,13
500103004,20231010,419,23,10,1,25.06864,121.5107,13
500103004,20231010,420,23,10,1,25.06864,121.5107,13
500103004,20231010,421,23,10,1,25.06864,121.5107,13
500103004,20231010,422,23,10,1,25.06864,121.5107,13
500103004,20231010,423,23,10,1,25.06864,121.5107,13
500103004,20231010,424,23,10,1,25.06864,121.5107,13
500103004,20231010,425,23,10,1,25.06864,121.5107,13
500103004,20231010,426,23,10,1,25.06864,121.5107,13
500103004,20231010,427,23,9,1,25.06864,121.5107,14
500103004,20231010,428,23,9,1,25.06864,121.5107,14
500103004,20231010,429,23,9,1,25.06864,121.5107,14
500103004,20231010,430,23,9,1,25.06864,121.5107,14
500103004,20231010,431,23,9,1,25.06864,121.5107,14
500103004,20231010,432,23,9,1,25.06864,121.5107,14
500103004,20231010,433,23,9,1,25.06864,121.5107,14
500103004,20231010,434,23,9,1,25.06864,121.5107,14
500103004,20231010,435,23,9,1,25.06864,121.5107,14
500103004,20231010,436,23,9,1,25.06864,121.5107,14
500103004,20231010,437,23,9,1,25.06864,121.5107,14
500103004,20231010,438,23,9,1,25.06864,121.5107,14
500103004,20231010,439,23,9,1,25.06864,121.5107,14
500103004,20231010,441,23,9,1,25.06864,121.5107,14
500103004,20231010,442,23,9,1,25.06864,121.5107,14
500103004,20231010,443,23,9,1,25.06864,121.5107,14
500103004,20231010,444,23,9,1,25.06864,121.5107,14
500103004,20231010,445,23,8,1,25.06864,121.5107,15
500103004,20231010,446,23,8,1,25.06864,121.5107,15
500103004,20231010,447,23,8,1,25.06864,121.5107,15
500103004,20231010,448,23,8,1,25.06864,121.5107,15
500103004,20231010,449,23,8,1,25.06864,121.5107,15
500103004,20231010,450,23,8,1,25.06864,121.5107,15
500103004,20231010,451,23,9,1,25.06864,121.5107,14
500103004,20231010,452,23,9,1,25.06864,121.5107,14
500103004,20231010,453,23,9,1,25.06864,121.5107,14
500103004,20231010,454,23,9,1,25.06864,121.5107,14
500103004,20231010,455,23,9,1,25.06864,121.5107,14
500103004,20231010,456,23,9,1,25.06864,121.5107,14
500103004,20231010,457,23,9,1,25.06864,121.5107,14
500103004,20231010,458,23,9,1,25.06864,121.5107,14
500103004,20231010,459,23,9,1,25.06864,121.5107,14
500103004,20231010,460,23,9,1,25.06864,121.5107,14
500103004,20231010,461,23,9,1,25.06864,121.5107,14
500103004,20231010,462,23,10,1,25.06864,121.5107,13
500103004,20231010,463,23,10,1,25.06864,121.5107,13
500103004,20231010,464,23,9,1,25.06864,121.5107,14
500103004,20231010,465,23,10,1,25.06864,121.5107,13
500103004,20231010,466,23,9,1,25.06864,121.5107,14
500103004,20231010,467,23,9,1,25.06864,121.5107,14
500103004,20231010,468,23,9,1,25.06864,121.5107,14
500103004,20231010,469,23,9,1,25.06864,121.5107,14
500103004,20231010,470,23,9,1,25.06864,121.5107,14
500103004,20231010,471,23,9,1,25.06864,121.5107,14
500103004,20231010,472,23,10,1,25.06864,121.5107,13
500103004,20231010,473,23,10,1,25.06864,121.5107,13
500103004,20231010,474,23,10,1,25.06864,121.5107,13
500103004,20231010,475,23,10,1,25.06864,121.5107,13
500103004,20231010,476,23,10,1,25.06864,121.5107,13
500103004,20231010,477,23,10,1,25.06864,121.5107,13
500103004,20231010,478,23,10,1,25.06864,121.5107,13
500103004,20231010,479,23,10,1,25.06864,121.5107,13
500103004,20231010,481,23,10,1,25.06864,121.5107,13
500103004,20231010,482,23,10,1,25.06864,121.5107,13
500103004,20231010,483,23,10,1,25.06864,121.5107,13
500103004,20231010,484,23,10,1,25.06864,121.5107,13
500103004,20231010,485,23,10,1,25.06864,121.5107,13
500103004,20231010,486,23,11,1,25.06864,121.5107,12
500103004,20231010,487,23,12,1,25.06864,121.5107,11
500103004,20231010,488,23,12,1,25.06864,121.5107,11
500103004,20231010,489,23,12,1,25.06864,121.5107,11
500103004,20231010,490,23,12,1,25.06864,121.5107,11
500103004,20231010,491,23,12,1,25.06864,121.5107,11
500103004,20231010,492,23,12,1,25.06864,121.5107,11
500103004,20231010,493,23,12,1,25.06864,121.5107,11
500103004,20231010,494,23,12,1,25.06864,121.5107,11
500103004,20231010,495,23,12,1,25.06864,121.5107,11
500103004,20231010,496,23,11,1,25.06864,121.5107,12
500103004,20231010,497,23,11,1,25.06864,121.5107,12
500103004,20231010,498,23,11,1,25.06864,121.5107,12
500103004,20231010,499,23,11,1,25.06864,121.5107,12
500103004,20231010,501,23,11,1,25.06864,121.5107,12
500103004,20231010,502,23,10,1,25.06864,121.5107,13
500103004,20231010,505,23,10,1,25.06864,121.5107,13
500103004,20231010,506,23,10,1,25.06864,121.5107,13
500103004,20231010,507,23,10,1,25.06864,121.5107,13
500103004,20231010,509,23,9,1,25.06864,121.5107,14
500103004,20231010,510,23,9,1,25.06864,121.5107,14
500103004,20231010,511,23,9,1,25.06864,121.5107,14
500103004,20231010,512,23,10,1,25.06864,121.5107,13
500103004,20231010,513,23,12,1,25.06864,121.5107,11
500103004,20231010,514,23,14,1,25.06864,121.5107,9
500103004,20231010,515,23,14,1,25.06864,121.5107,9
500103004,20231010,516,23,14,1,25.06864,121.5107,9
500103004,20231010,517,23,14,1,25.06864,121.5107,9
500103004,20231010,518,23,14,1,25.06864,121.5107,9
500103004,20231010,519,23,15,1,25.06864,121.5107,8
500103004,20231010,520,23,15,1,25.06864,121.5107,8
500103004,20231010,521,23,15,1,25.06864,121.5107,8
500103004,20231010,522,23,15,1,25.06864,121.5107,8
500103004,20231010,523,23,16,1,25.06864,121.5107,7
500103004,20231010,524,23,16,1,25.06864,121.5107,7
500103004,20231010,525,23,13,1,25.06864,121.5107,10
500103004,20231010,526,23,13,1,25.06864,121.5107,10
500103004,20231010,527,23,13,1,25.06864,121.5107,10
500103004,20231010,528,23,13,1,25.06864,121.5107,10
500103004,20231010,529,23,13,1,25.06864,121.5107,10
500103004,20231010,530,23,13,1,25.06864,121.5107,10
500103004,20231010,531,23,13,1,25.06864,121.5107,10
500103004,20231010,532,23,13,1,25.06864,121.5107,10
500103004,20231010,533,23,13,1,25.06864,121.5107,10
500103004,20231010,534,23,15,1,25.06864,121.5107,8
500103004,20231010,535,23,15,1,25.06864,121.5107,8
500103004,20231010,536,23,15,1,25.06864,121.5107,8
500103004,20231010,537,23,16,1,25.06864,121.5107,7
500103004,20231010,538,23,16,1,25.06864,121.5107,7
500103004,20231010,539,23,16,1,25.06864,121.5107,7
500103004,20231010,541,23,16,1,25.06864,121.5107,7
500103004,20231010,542,23,16,1,25.06864,121.5107,7
500103004,20231010,543,23,16,1,25.06864,121.5107,7
500103004,20231010,544,23,16,1,25.06864,121.5107,7
500103004,20231010,545,23,16,1,25.06864,121.5107,7
500103004,20231010,546,23,16,1,25.06864,121.5107,7
500103004,20231010,547,23,16,1,25.06864,121.5107,7
500103004,20231010,548,23,16,1,25.06864,121.5107,7
500103004,20231010,549,23,17,1,25.06864,121.5107,6
500103004,20231010,550,23,17,1,25.06864,121.5107,6
500103004,20231010,551,23,17,1,25.06864,121.5107,6
500103004,20231010,552,23,17,1,25.06864,121.5107,6
500103004,20231010,553,23,17,1,25.06864,121.5107,6
500103004,20231010,554,23,17,1,25.06864,121.5107,6
500103004,20231010,555,23,17,1,25.06864,121.5107,6
500103004,20231010,556,23,17,1,25.06864,121.5107,6
500103004,20231010,557,23,17,1,25.06864,121.5107,6
500103004,20231010,558,23,16,1,25.06864,121.5107,7
500103004,20231010,559,23,17,1,25.06864,121.5107,6
500103004,20231010,561,23,17,1,25.06864,121.5107,6
500103004,20231010,562,23,17,1,25.06864,121.5107,6
500103004,20231010,563,23,17,1,25.06864,121.5107,6
500103004,20231010,564,23,17,1,25.06864,121.5107,6
500103004,20231010,565,23,17,1,25.06864,121.5107,6
500103004,20231010,566,23,18,1,25.06864,121.5107,5
500103004,20231010,567,23,18,1,25.06864,121.5107,5
500103004,20231010,568,23,18,1,25.06864,121.5107,5
500103004,20231010,569,23,18,1,25.06864,121.5107,5
500103004,20231010,570,23,18,1,25.06864,121.5107,5
500103004,20231010,571,23,19,1,25.06864,121.5107,4
500103004,20231010,572,23,19,1,25.06864,121.5107,4
500103004,20231010,573,23,19,1,25.06864,121.5107,4
500103004,20231010,574,23,19,1,25.06864,121.5107,4
500103004,20231010,576,23,20,1,25.06864,121.5107,3
500103004,20231010,577,23,20,1,25.06864,121.5107,3
500103004,20231010,578,23,20,1,25.06864,121.5107,3
500103004,20231010,579,23,20,1,25.06864,121.5107,3
500103004,20231010,580,23,20,1,25.06864,121.5107,3
500103004,20231010,581,23,21,1,25.06864,121.5107,2
500103004,20231010,582,23,22,1,25.06864,121.5107,1
500103004,20231010,583,23,22,1,25.06864,121.5107,1
500103004,20231010,584,23,22,1,25.06864,121.5107,1
500103004,20231010,585,23,22,1,25.06864,121.5107,1
500103004,20231010,586,23,22,1,25.06864,121.5107,1
500103004,20231010,587,23,22,1,25.06864,121.5107,1
500103004,20231010,588,23,22,1,25.06864,121.5107,1
500103004,20231010,589,23,22,1,25.06864,121.5107,1
500103004,20231010,590,23,22,1,25.06864,121.5107,1
500103004,20231010,591,23,22,1,25.06864,121.5107,1
500103004,20231010,592,23,22,1,25.06864,121.5107,1
500103004,20231010,593,23,22,1,25.06864,121.5107,1
500103004,20231010,594,23,22,1,25.06864,121.5107,1
500103004,20231010,595,23,22,1,25.06864,121.5107,1
500103004,20231010,596,23,23,1,25.06864,121.5107,0
500103004,20231010,597,23,23,1,25.06864,121.5107,0
500103004,20231010,598,23,23,1,25.06864,121.5107,0
500103004,20231010,599,23,23,1,25.06864,121.5107,0
500103004,20231010,603,23,17,1,25.06864,121.5107,6
500103004,20231010,604,23,17,1,25.06864,121.5107,6
500103004,20231010,605,23,17,1,25.06864,121.5107,6
500103004,20231010,606,23,17,1,25.06864,121.5107,6
500103004,20231010,607,23,17,1,25.06864,121.5107,6
500103004,20231010,608,23,17,1,25.06864,121.5107,6
500103004,20231010,609,23,17,1,25.06864,121.5107,6
500103004,20231010,610,23,17,1,25.06864,121.5107,6
500103004,20231010,611,23,17,1,25.06864,121.5107,6
500103004,20231010,612,23,17,1,25.06864,121.5107,6
500103004,20231010,613,23,17,1,25.06864,121.5107,6
500103004,20231010,614,23,18,1,25.06864,121.5107,5
500103004,20231010,615,23,18,1,25.06864,121.5107,5
500103004,20231010,616,23,18,1,25.06864,121.5107,5
500103004,20231010,617,23,17,1,25.06864,121.5107,6
500103004,20231010,618,23,17,1,25.06864,121.5107,6
500103004,20231010,619,23,18,1,25.06864,121.5107,5
500103004,20231010,621,23,18,1,25.06864,121.5107,5
500103004,20231010,622,23,18,1,25.06864,121.5107,5
500103004,20231010,623,23,18,1,25.06864,121.5107,5
500103004,20231010,624,23,18,1,25.06864,121.5107,5
500103004,20231010,625,23,18,1,25.06864,121.5107,5
500103004,20231010,626,23,18,1,25.06864,121.5107,5
500103004,20231010,627,23,18,1,25.06864,121.5107,5
500103004,20231010,628,23,18,1,25.06864,121.5107,5
500103004,20231010,629,23,18,1,25.06864,121.5107,5
500103004,20231010,631,23,18,1,25.06864,121.5107,5
500103004,20231010,632,23,18,1,25.06864,121.5107,5
500103004,20231010,633,23,18,1,25.06864,121.5107,5
500103004,20231010,634,23,18,1,25.06864,121.5107,5
500103004,20231010,635,23,18,1,25.06864,121.5107,5
500103004,20231010,636,23,18,1,25.06864,121.5107,5
500103004,20231010,637,23,17,1,25.06864,121.5107,6
500103004,20231010,638,23,17,1,25.06864,121.5107,6
500103004,20231010,639,23,17,1,25.06864,121.5107,6
500103004,20231010,640,23,17,1,25.06864,121.5107,6
500103004,20231010,641,23,17,1,25.06864,121.5107,6
500103004,20231010,642,23,17,1,25.06864,121.5107,6
500103004,20231010,643,23,17,1,25.06864,121.5107,6
500103004,20231010,644,23,17,1,25.06864,121.5107,6
500103004,20231010,645,23,17,1,25.06864,121.5107,6
500103004,20231010,646,23,18,1,25.06864,121.5107,5
500103004,20231010,647,23,18,1,25.06864,121.5107,5
500103004,20231010,648,23,17,1,25.06864,121.5107,6
500103004,20231010,649,23,17,1,25.06864,121.5107,6
500103004,20231010,650,23,18,1,25.06864,121.5107,5
500103004,20231010,651,23,19,1,25.06864,121.5107,4
500103004,20231010,652,23,20,1,25.06864,121.5107,3
500103004,20231010,653,23,21,1,25.06864,121.5107,2
500103004,20231010,654,23,22,1,25.06864,121.5107,1
500103004,20231010,655,23,22,1,25.06864,121.5107,1
500103004,20231010,656,23,21,1,25.06864,121.5107,2
500103004,20231010,657,23,23,1,25.06864,121.5107,0
500103004,20231010,658,23,23,1,25.06864,121.5107,0
500103004,20231010,659,23,23,1,25.06864,121.5107,0
500103004,20231010,661,23,23,1,25.06864,121.5107,0
500103004,20231010,662,23,23,1,25.06864,121.5107,0
500103004,20231010,663,23,23,1,25.06864,121.5107,0
500103004,20231010,664,23,22,1,25.06864,121.5107,1
500103004,20231010,665,23,22,1,25.06864,121.5107,1
500103004,20231010,666,23,22,1,25.06864,121.5107,1
500103004,20231010,667,23,22,1,25.06864,121.5107,1
500103004,20231010,668,23,22,1,25.06864,121.5107,1
500103004,20231010,669,23,22,1,25.06864,121.5107,1
500103004,20231010,670,23,22,1,25.06864,121.5107,1
500103004,20231010,671,23,22,1,25.06864,121.5107,1
500103004,20231010,672,23,22,1,25.06864,121.5107,1
500103004,20231010,673,23,21,1,25.06864,121.5107,2
500103004,20231010,674,23,21,1,25.06864,121.5107,2
500103004,20231010,675,23,20,1,25.06864,121.5107,3
500103004,20231010,676,23,20,1,25.06864,121.5107,3
500103004,20231010,677,23,20,1,25.06864,121.5107,3
500103004,20231010,678,23,20,1,25.06864,121.5107,3
500103004,20231010,679,23,20,1,25.06864,121.5107,3
500103004,20231010,681,23,20,1,25.06864,121.5107,3
500103004,20231010,682,23,20,1,25.06864,121.5107,3
500103004,20231010,683,23,20,1,25.06864,121.5107,3
500103004,20231010,684,23,20,1,25.06864,121.5107,3
500103004,20231010,685,23,20,1,25.06864,121.5107,3
500103004,20231010,686,23,20,1,25.06864,121.5107,3
500103004,20231010,687,23,21,1,25.06864,121.5107,2
500103004,20231010,688,23,21,1,25.06864,121.5107,2
500103004,20231010,689,23,21,1,25.06864,121.5107,2
500103004,20231010,690,23,21,1,25.06864,121.5107,2
500103004,20231010,691,23,21,1,25.06864,121.5107,2
500103004,20231010,692,23,21,1,25.06864,121.5107,2
500103004,20231010,693,23,21,1,25.06864,121.5107,2
500103004,20231010,694,23,21,1,25.06864,121.5107,2
500103004,20231010,695,23,21,1,25.06864,121.5107,2
500103004,20231010,696,23,21,1,25.06864,121.5107,2
500103004,20231010,697,23,21,1,25.06864,121.5107,2
500103004,20231010,698,23,21,1,25.06864,121.5107,2
500103004,20231010,699,23,21,1,25.06864,121.5107,2
500103004,20231010,700,23,22,1,25.06864,121.5107,1
500103004,20231010,701,23,21,1,25.06864,121.5107,2
500103004,20231010,702,23,21,1,25.06864,121.5107,2
500103004,20231010,703,23,20,1,25.06864,121.5107,3
500103004,20231010,704,23,20,1,25.06864,121.5107,3
500103004,20231010,705,23,20,1,25.06864,121.5107,3
500103004,20231010,706,23,20,1,25.06864,121.5107,3
500103004,20231010,707,23,20,1,25.06864,121.5107,3
500103004,20231010,708,23,20,1,25.06864,121.5107,3
500103004,20231010,709,23,21,1,25.06864,121.5107,2
500103004,20231010,710,23,21,1,25.06864,121.5107,2
500103004,20231010,711,23,21,1,25.06864,121.5107,2
500103004,20231010,712,23,20,1,25.06864,121.5107,3
500103004,20231010,713,23,21,1,25.06864,121.5107,2
500103004,20231010,714,23,21,1,25.06864,121.5107,2
500103004,20231010,715,23,21,1,25.06864,121.5107,2
500103004,20231010,716,23,21,1,25.06864,121.5107,2
500103004,20231010,717,23,20,1,25.06864,121.5107,3
500103004,20231010,718,23,20,1,25.06864,121.5107,3
500103004,20231010,719,23,21,1,25.06864,121.5107,2
500103004,20231010,721,23,18,1,25.06864,121.5107,5
500103004,20231010,722,23,18,1,25.06864,121.5107,5
500103004,20231010,723,23,18,1,25.06864,121.5107,5
500103004,20231010,724,23,18,1,25.06864,121.5107,5
500103004,20231010,725,23,18,1,25.06864,121.5107,5
500103004,20231010,726,23,18,1,25.06864,121.5107,5
500103004,20231010,727,23,18,1,25.06864,121.5107,5
500103004,20231010,728,23,18,1,25.06864,121.5107,5
500103004,20231010,729,23,18,1,25.06864,121.5107,5
500103004,20231010,730,23,18,1,25.06864,121.5107,5
500103004,20231010,731,23,18,1,25.06864,121.5107,5
500103004,20231010,732,23,18,1,25.06864,121.5107,5
500103004,20231010,733,23,18,1,25.06864,121.5107,5
500103004,20231010,734,23,18,1,25.06864,121.5107,5
500103004,20231010,735,23,17,1,25.06864,121.5107,6
500103004,20231010,736,23,16,1,25.06864,121.5107,7
500103004,20231010,737,23,16,1,25.06864,121.5107,7
500103004,20231010,738,23,15,1,25.06864,121.5107,8
500103004,20231010,739,23,15,1,25.06864,121.5107,8
500103004,20231010,741,23,15,1,25.06864,121.5107,8
500103004,20231010,742,23,15,1,25.06864,121.5107,8
500103004,20231010,743,23,15,1,25.06864,121.5107,8
500103004,20231010,744,23,14,1,25.06864,121.5107,9
500103004,20231010,745,23,14,1,25.06864,121.5107,9
500103004,20231010,746,23,14,1,25.06864,121.5107,9
500103004,20231010,747,23,15,1,25.06864,121.5107,8
500103004,20231010,748,23,13,1,25.06864,121.5107,10
500103004,20231010,749,23,13,1,25.06864,121.5107,10
500103004,20231010,751,23,15,1,25.06864,121.5107,8
500103004,20231010,752,23,17,1,25.06864,121.5107,6
500103004,20231010,753,23,17,1,25.06864,121.5107,6
500103004,20231010,754,23,17,1,25.06864,121.5107,6
500103004,20231010,755,23,17,1,25.06864,121.5107,6
500103004,20231010,756,23,17,1,25.06864,121.5107,6
500103004,20231010,757,23,16,1,25.06864,121.5107,7
500103004,20231010,758,23,16,1,25.06864,121.5107,7
500103004,20231010,759,23,17,1,25.06864,121.5107,6
500103004,20231010,760,23,17,1,25.06864,121.5107,6
500103004,20231010,761,23,17,1,25.06864,121.5107,6
500103004,20231010,762,23,17,1,25.06864,121.5107,6
500103004,20231010,763,23,17,1,25.06864,121.5107,6
500103004,20231010,764,23,17,1,25.06864,121.5107,6
500103004,20231010,765,23,18,1,25.06864,121.5107,5
500103004,20231010,766,23,18,1,25.06864,121.5107,5
500103004,20231010,767,23,18,1,25.06864,121.5107,5
500103004,20231010,768,23,17,1,25.06864,121.5107,6
500103004,20231010,769,23,17,1,25.06864,121.5107,6
500103004,20231010,770,23,17,1,25.06864,121.5107,6
500103004,20231010,771,23,18,1,25.06864,121.5107,5
500103004,20231010,772,23,18,1,25.06864,121.5107,5
500103004,20231010,773,23,20,1,25.06864,121.5107,3
500103004,20231010,774,23,20,1,25.06864,121.5107,3
500103004,20231010,775,23,20,1,25.06864,121.5107,3
500103004,20231010,776,23,21,1,25.06864,121.5107,2
500103004,20231010,777,23,21,1,25.06864,121.5107,2
500103004,20231010,778,23,21,1,25.06864,121.5107,2
500103004,20231010,779,23,21,1,25.06864,121.5107,2
500103004,20231010,781,23,20,1,25.06864,121.5107,3
500103004,20231010,782,23,20,1,25.06864,121.5107,3
500103004,20231010,783,23,20,1,25.06864,121.5107,3
500103004,20231010,784,23,21,1,25.06864,121.5107,2
500103004,20231010,785,23,22,1,25.06864,121.5107,1
500103004,20231010,786,23,22,1,25.06864,121.5107,1
500103004,20231010,787,23,22,1,25.06864,121.5107,1
500103004,20231010,788,23,22,1,25.06864,121.5107,1
500103004,20231010,789,23,22,1,25.06864,121.5107,1
500103004,20231010,790,23,22,1,25.06864,121.5107,1
500103004,20231010,791,23,21,1,25.06864,121.5107,2
500103004,20231010,792,23,21,1,25.06864,121.5107,2
500103004,20231010,793,23,21,1,25.06864,121.5107,2
500103004,20231010,794,23,21,1,25.06864,121.5107,2
500103004,20231010,795,23,21,1,25.06864,121.5107,2
500103004,20231010,796,23,21,1,25.06864,121.5107,2
500103004,20231010,798,23,21,1,25.06864,121.5107,2
500103004,20231010,799,23,21,1,25.06864,121.5107,2
500103004,20231010,801,23,22,1,25.06864,121.5107,1
500103004,20231010,802,23,22,1,25.06864,121.5107,1
500103004,20231010,803,23,22,1,25.06864,121.5107,1
500103004,20231010,804,23,22,1,25.06864,121.5107,1
500103004,20231010,805,23,21,1,25.06864,121.5107,2
500103004,20231010,806,23,20,1,25.06864,121.5107,3
500103004,20231010,807,23,21,1,25.06864,121.5107,2
500103004,20231010,808,23,21,1,25.06864,121.5107,2
500103004,20231010,809,23,22,1,25.06864,121.5107,1
500103004,20231010,811,23,22,1,25.06864,121.5107,1
500103004,20231010,812,23,22,1,25.06864,121.5107,1
500103004,20231010,813,23,22,1,25.06864,121.5107,1
500103004,20231010,814,23,22,1,25.06864,121.5107,1
500103004,20231010,815,23,22,1,25.06864,121.5107,1
500103004,20231010,816,23,22,1,25.06864,121.5107,1
500103004,20231010,817,23,22,1,25.06864,121.5107,1
500103004,20231010,818,23,22,1,25.06864,121.5107,1
500103004,20231010,819,23,23,1,25.06864,121.5107,0
500103004,20231010,820,23,23,1,25.06864,121.5107,0
500103004,20231010,821,23,23,1,25.06864,121.5107,0
500103004,20231010,822,23,23,1,25.06864,121.5107,0
500103004,20231010,823,23,23,1,25.06864,121.5107,0
500103004,20231010,824,23,23,1,25.06864,121.5107,0
500103004,20231010,825,23,23,1,25.06864,121.5107,0
500103004,20231010,826,23,23,1,25.06864,121.5107,0
500103004,20231010,827,23,23,1,25.06864,121.5107,0
500103004,20231010,828,23,23,1,25.06864,121.5107,0
500103004,20231010,829,23,23,1,25.06864,121.5107,0
500103004,20231010,830,23,23,1,25.06864,121.5107,0
500103004,20231010,831,23,23,1,25.06864,121.5107,0
500103004,20231010,832,23,23,1,25.06864,121.5107,0
500103004,20231010,833,23,23,1,25.06864,121.5107,0
500103004,20231010,834,23,23,1,25.06864,121.5107,0
500103004,20231010,835,23,23,1,25.06864,121.5107,0
500103004,20231010,836,23,23,1,25.06864,121.5107,0
500103004,20231010,837,23,23,1,25.06864,121.5107,0
500103004,20231010,838,23,23,1,25.06864,121.5107,0
500103004,20231010,839,23,23,1,25.06864,121.5107,0
500103004,20231010,841,23,23,1,25.06864,121.5107,0
500103004,20231010,842,23,23,1,25.06864,121.5107,0
500103004,20231010,843,23,23,1,25.06864,121.5107,0
500103004,20231010,844,23,22,1,25.06864,121.5107,1
500103004,20231010,845,23,22,1,25.06864,121.5107,1
500103004,20231010,846,23,22,1,25.06864,121.5107,1
500103004,20231010,847,23,22,1,25.06864,121.5107,1
500103004,20231010,848,23,22,1,25.06864,121.5107,1
500103004,20231010,849,23,22,1,25.06864,121.5107,1
500103004,20231010,850,23,21,1,25.06864,121.5107,2
500103004,20231010,851,23,21,1,25.06864,121.5107,2
500103004,20231010,852,23,21,1,25.06864,121.5107,2
500103004,20231010,853,23,21,1,25.06864,121.5107,2
500103004,20231010,854,23,21,1,25.06864,121.5107,2
500103004,20231010,855,23,21,1,25.06864,121.5107,2
500103004,20231010,856,23,21,1,25.06864,121.5107,2
500103004,20231010,857,23,21,1,25.06864,121.5107,2
500103004,20231010,858,23,22,1,25.06864,121.5107,1
500103004,20231010,859,23,21,1,25.06864,121.5107,2
500103004,20231010,861,23,21,1,25.06864,121.5107,2
500103004,20231010,862,23,21,1,25.06864,121.5107,2
500103004,20231010,863,23,21,1,25.06864,121.5107,2
500103004,20231010,864,23,21,1,25.06864,121.5107,2
500103004,20231010,865,23,21,1,25.06864,121.5107,2
500103004,20231010,866,23,21,1,25.06864,121.5107,2
500103004,20231010,867,23,21,1,25.06864,121.5107,2
500103004,20231010,868,23,21,1,25.06864,121.5107,2
500103004,20231010,869,23,21,1,25.06864,121.5107,2
500103004,20231010,871,23,22,1,25.06864,121.5107,1
500103004,20231010,872,23,22,1,25.06864,121.5107,1
500103004,20231010,873,23,22,1,25.06864,121.5107,1
500103004,20231010,874,23,22,1,25.06864,121.5107,1
500103004,20231010,875,23,23,1,25.06864,121.5107,0
500103004,20231010,876,23,23,1,25.06864,121.5107,0
500103004,20231010,877,23,22,1,25.06864,121.5107,1
500103004,20231010,878,23,22,1,25.06864,121.5107,1
500103004,20231010,879,23,22,1,25.06864,121.5107,1
500103004,20231010,880,23,22,1,25.06864,121.5107,1
500103004,20231010,881,23,22,1,25.06864,121.5107,1
500103004,20231010,882,23,22,1,25.06864,121.5107,1
500103004,20231010,883,23,22,1,25.06864,121.5107,1
500103004,20231010,884,23,22,1,25.06864,121.5107,1
500103004,20231010,885,23,22,1,25.06864,121.5107,1
500103004,20231010,886,23,22,1,25.06864,121.5107,1
500103004,20231010,887,23,22,1,25.06864,121.5107,1
500103004,20231010,888,23,22,1,25.06864,121.5107,1
500103004,20231010,889,23,22,1,25.06864,121.5107,1
500103004,20231010,890,23,22,1,25.06864,121.5107,1
500103004,20231010,891,23,22,1,25.06864,121.5107,1
500103004,20231010,892,23,22,1,25.06864,121.5107,1
500103004,20231010,893,23,22,1,25.06864,121.5107,1
500103004,20231010,894,23,23,1,25.06864,121.5107,0
500103004,20231010,895,23,23,1,25.06864,121.5107,0
500103004,20231010,896,23,22,1,25.06864,121.5107,1
500103004,20231010,897,23,22,1,25.06864,121.5107,1
500103004,20231010,898,23,22,1,25.06864,121.5107,1
500103004,20231010,899,23,22,1,25.06864,121.5107,1
500103004,20231010,901,23,22,1,25.06864,121.5107,1
500103004,20231010,902,23,22,1,25.06864,121.5107,1
500103004,20231010,903,23,22,1,25.06864,121.5107,1
500103004,20231010,904,23,22,1,25.06864,121.5107,1
500103004,20231010,905,23,23,1,25.06864,121.5107,0
500103004,20231010,906,23,23,1,25.06864,121.5107,0
500103004,20231010,907,23,23,1,25.06864,121.5107,0
500103004,20231010,908,23,23,1,25.06864,121.5107,0
500103004,20231010,909,23,23,1,25.06864,121.5107,0
500103004,20231010,910,23,23,1,25.06864,121.5107,0
500103004,20231010,911,23,23,1,25.06864,121.5107,0
500103004,20231010,912,23,23,1,25.06864,121.5107,0
500103004,20231010,913,23,23,1,25.06864,121.5107,0
500103004,20231010,914,23,23,1,25.06864,121.5107,0
500103004,20231010,915,23,23,1,25.06864,121.5107,0
500103004,20231010,916,23,23,1,25.06864,121.5107,0
500103004,20231010,918,23,23,1,25.06864,121.5107,0
500103004,20231010,919,23,23,1,25.06864,121.5107,0
500103004,20231010,921,23,23,1,25.06864,121.5107,0
500103004,20231010,922,23,23,1,25.06864,121.5107,0
500103004,20231010,923,23,23,1,25.06864,121.5107,0
500103004,20231010,924,23,23,1,25.06864,121.5107,0
500103004,20231010,925,23,23,1,25.06864,121.5107,0
500103004,20231010,926,23,23,1,25.06864,121.5107,0
500103004,20231010,927,23,23,1,25.06864,121.5107,0
500103004,20231010,928,23,23,1,25.06864,121.5107,0
500103004,20231010,929,23,23,1,25.06864,121.5107,0
500103004,20231010,930,23,23,1,25.06864,121.5107,0
500103004,20231010,931,23,21,1,25.06864,121.5107,2
500103004,20231010,932,23,21,1,25.06864,121.5107,2
500103004,20231010,933,23,21,1,25.06864,121.5107,2
500103004,20231010,934,23,21,1,25.06864,121.5107,2
500103004,20231010,935,23,20,1,25.06864,121.5107,3
500103004,20231010,936,23,20,1,25.06864,121.5107,3
500103004,20231010,937,23,20,1,25.06864,121.5107,3
500103004,20231010,938,23,20,1,25.06864,121.5107,3
500103004,20231010,939,23,21,1,25.06864,121.5107,2
500103004,20231010,940,23,21,1,25.06864,121.5107,2
500103004,20231010,941,23,21,1,25.06864,121.5107,2
500103004,20231010,942,23,21,1,25.06864,121.5107,2
500103004,20231010,943,23,21,1,25.06864,121.5107,2
500103004,20231010,944,23,21,1,25.06864,121.5107,2
500103004,20231010,945,23,21,1,25.06864,121.5107,2
500103004,20231010,946,23,22,1,25.06864,121.5107,1
500103004,20231010,947,23,22,1,25.06864,121.5107,1
500103004,20231010,948,23,22,1,25.06864,121.5107,1
500103004,20231010,949,23,22,1,25.06864,121.5107,1
500103004,20231010,950,23,23,1,25.06864,121.5107,0
500103004,20231010,951,23,23,1,25.06864,121.5107,0
500103004,20231010,952,23,22,1,25.06864,121.5107,1
500103004,20231010,953,23,22,1,25.06864,121.5107,1
500103004,20231010,954,23,22,1,25.06864,121.5107,1
500103004,20231010,955,23,22,1,25.06864,121.5107,1
500103004,20231010,956,23,22,1,25.06864,121.5107,1
500103004,20231010,957,23,22,1,25.06864,121.5107,1
500103004,20231010,958,23,22,1,25.06864,121.5107,1
500103004,20231010,959,23,22,1,25.06864,121.5107,1
500103004,20231010,961,23,23,1,25.06864,121.5107,0
500103004,20231010,962,23,23,1,25.06864,121.5107,0
500103004,20231010,963,23,23,1,25.06864,121.5107,0
500103004,20231010,964,23,23,1,25.06864,121.5107,0
500103004,20231010,965,23,23,1,25.06864,121.5107,0
500103004,20231010,966,23,23,1,25.06864,121.5107,0
500103004,20231010,967,23,23,1,25.06864,121.5107,0
500103004,20231010,968,23,23,1,25.06864,121.5107,0
500103004,20231010,969,23,23,1,25.06864,121.5107,0
500103004,20231010,970,23,23,1,25.06864,121.5107,0
500103004,20231010,971,23,23,1,25.06864,121.5107,0
500103004,20231010,972,23,23,1,25.06864,121.5107,0
500103004,20231010,973,23,22,1,25.06864,121.5107,1
500103004,20231010,974,23,22,1,25.06864,121.5107,1
500103004,20231010,975,23,22,1,25.06864,121.5107,1
500103004,20231010,976,23,22,1,25.06864,121.5107,1
500103004,20231010,977,23,20,1,25.06864,121.5107,3
500103004,20231010,978,23,20,1,25.06864,121.5107,3
500103004,20231010,979,23,20,1,25.06864,121.5107,3
500103004,20231010,981,23,20,1,25.06864,121.5107,3
500103004,20231010,982,23,20,1,25.06864,121.5107,3
500103004,20231010,983,23,20,1,25.06864,121.5107,3
500103004,20231010,984,23,20,1,25.06864,121.5107,3
500103004,20231010,985,23,20,1,25.06864,121.5107,3
500103004,20231010,986,23,20,1,25.06864,121.5107,3
500103004,20231010,987,23,20,1,25.06864,121.5107,3
500103004,20231010,988,23,20,1,25.06864,121.5107,3
500103004,20231010,989,23,21,1,25.06864,121.5107,2
500103004,20231010,991,23,19,1,25.06864,121.5107,4
500103004,20231010,992,23,20,1,25.06864,121.5107,3
500103004,20231010,993,23,20,1,25.06864,121.5107,3
500103004,20231010,994,23,22,1,25.06864,121.5107,1
500103004,20231010,995,23,22,1,25.06864,121.5107,1
500103004,20231010,996,23,20,1,25.06864,121.5107,3
500103004,20231010,997,23,22,1,25.06864,121.5107,1
500103004,20231010,998,23,22,1,25.06864,121.5107,1
500103004,20231010,999,23,22,1,25.06864,121.5107,1
500103004,20231010,1000,23,22,1,25.06864,121.5107,1
500103004,20231010,1001,23,22,1,25.06864,121.5107,1
500103004,20231010,1002,23,22,1,25.06864,121.5107,1
500103004,20231010,1003,23,22,1,25.06864,121.5107,1
500103004,20231010,1004,23,22,1,25.06864,121.5107,1
500103004,20231010,1005,23,22,1,25.06864,121.5107,1
500103004,20231010,1006,23,22,1,25.06864,121.5107,1
500103004,20231010,1007,23,20,1,25.06864,121.5107,3
500103004,20231010,1008,23,22,1,25.06864,121.5107,1
500103004,20231010,1009,23,22,1,25.06864,121.5107,1
500103004,20231010,1010,23,22,1,25.06864,121.5107,1
500103004,20231010,1011,23,22,1,25.06864,121.5107,1
500103004,20231010,1012,23,22,1,25.06864,121.5107,1
500103004,20231010,1013,23,22,1,25.06864,121.5107,1
500103004,20231010,1014,23,22,1,25.06864,121.5107,1
500103004,20231010,1015,23,22,1,25.06864,121.5107,1
500103004,20231010,1016,23,22,1,25.06864,121.5107,1
500103004,20231010,1017,23,22,1,25.06864,121.5107,1
500103004,20231010,1018,23,22,1,25.06864,121.5107,1
500103004,20231010,1019,23,22,1,25.06864,121.5107,1
500103004,20231010,1021,23,23,1,25.06864,121.5107,0
500103004,20231010,1022,23,23,1,25.06864,121.5107,0
500103004,20231010,1023,23,23,1,25.06864,121.5107,0
500103004,20231010,1024,23,23,1,25.06864,121.5107,0
500103004,20231010,1025,23,23,1,25.06864,121.5107,0
500103004,20231010,1026,23,23,1,25.06864,121.5107,0
500103004,20231010,1027,23,23,1,25.06864,121.5107,0
500103004,20231010,1028,23,23,1,25.06864,121.5107,0
500103004,20231010,1029,23,23,1,25.06864,121.5107,0
500103004,20231010,1030,23,21,1,25.06864,121.5107,2
500103004,20231010,1031,23,21,1,25.06864,121.5107,2
500103004,20231010,1032,23,21,1,25.06864,121.5107,2
500103004,20231010,1033,23,21,1,25.06864,121.5107,2
500103004,20231010,1034,23,20,1,25.06864,121.5107,3
500103004,20231010,1035,23,20,1,25.06864,121.5107,3
500103004,20231010,1036,23,20,1,25.06864,121.5107,3
500103004,20231010,1037,23,21,1,25.06864,121.5107,2
500103004,20231010,1038,23,20,1,25.06864,121.5107,3
500103004,20231010,1039,23,20,1,25.06864,121.5107,3
500103004,20231010,1041,23,21,1,25.06864,121.5107,2
500103004,20231010,1042,23,21,1,25.06864,121.5107,2
500103004,20231010,1043,23,20,1,25.06864,121.5107,3
500103004,20231010,1044,23,20,1,25.06864,121.5107,3
500103004,20231010,1045,23,20,1,25.06864,121.5107,3
500103004,20231010,1046,23,19,1,25.06864,121.5107,4
500103004,20231010,1047,23,19,1,25.06864,121.5107,4
500103004,20231010,1048,23,19,1,25.06864,121.5107,4
500103004,20231010,1049,23,19,1,25.06864,121.5107,4
500103004,20231010,1051,23,19,1,25.06864,121.5107,4
500103004,20231010,1052,23,18,1,25.06864,121.5107,5
500103004,20231010,1053,23,18,1,25.06864,121.5107,5
500103004,20231010,1054,23,17,1,25.06864,121.5107,6
500103004,20231010,1055,23,16,1,25.06864,121.5107,7
500103004,20231010,1056,23,16,1,25.06864,121.5107,7
500103004,20231010,1057,23,16,1,25.06864,121.5107,7
500103004,20231010,1058,23,16,1,25.06864,121.5107,7
500103004,20231010,1059,23,16,1,25.06864,121.5107,7
500103004,20231010,1060,23,16,1,25.06864,121.5107,7
500103004,20231010,1061,23,16,1,25.06864,121.5107,7
500103004,20231010,1063,23,14,1,25.06864,121.5107,9
500103004,20231010,1064,23,15,1,25.06864,121.5107,8
500103004,20231010,1065,23,18,1,25.06864,121.5107,5
500103004,20231010,1066,23,17,1,25.06864,121.5107,6
500103004,20231010,1067,23,17,1,25.06864,121.5107,6
500103004,20231010,1068,23,16,1,25.06864,121.5107,7
500103004,20231010,1069,23,15,1,25.06864,121.5107,8
500103004,20231010,1070,23,14,1,25.06864,121.5107,9
500103004,20231010,1071,23,14,1,25.06864,121.5107,9
500103004,20231010,1072,23,14,1,25.06864,121.5107,9
500103004,20231010,1073,23,14,1,25.06864,121.5107,9
500103004,20231010,1074,23,14,1,25.06864,121.5107,9
500103004,20231010,1075,23,14,1,25.06864,121.5107,9
500103004,20231010,1076,23,13,1,25.06864,121.5107,10
500103004,20231010,1077,23,14,1,25.06864,121.5107,9
500103004,20231010,1078,23,14,1,25.06864,121.5107,9
500103004,20231010,1079,23,14,1,25.06864,121.5107,9
500103004,20231010,1081,23,12,1,25.06864,121.5107,11
500103004,20231010,1082,23,12,1,25.06864,121.5107,11
500103004,20231010,1083,23,10,1,25.06864,121.5107,13
500103004,20231010,1084,23,11,1,25.06864,121.5107,12
500103004,20231010,1085,23,11,1,25.06864,121.5107,12
500103004,20231010,1086,23,11,1,25.06864,121.5107,12
500103004,20231010,1087,23,11,1,25.06864,121.5107,12
500103004,20231010,1088,23,11,1,25.06864,121.5107,12
500103004,20231010,1089,23,10,1,25.06864,121.5107,13
500103004,20231010,1090,23,10,1,25.06864,121.5107,13
500103004,20231010,1091,23,10,1,25.06864,121.5107,13
500103004,20231010,1092,23,10,1,25.06864,121.5107,13
500103004,20231010,1093,23,10,1,25.06864,121.5107,13
500103004,20231010,1094,23,10,1,25.06864,121.5107,13
500103004,20231010,1095,23,10,1,25.06864,121.5107,13
500103004,20231010,1096,23,10,1,25.06864,121.5107,13
500103004,20231010,1097,23,10,1,25.06864,121.5107,13
500103004,20231010,1098,23,9,1,25.06864,121.5107,14
500103004,20231010,1099,23,9,1,25.06864,121.5107,14
500103004,20231010,1101,23,9,1,25.06864,121.5107,14
500103004,20231010,1102,23,8,1,25.06864,121.5107,15
500103004,20231010,1103,23,8,1,25.06864,121.5107,15
500103004,20231010,1104,23,8,1,25.06864,121.5107,15
500103004,20231010,1105,23,8,1,25.06864,121.5107,15
500103004,20231010,1106,23,8,1,25.06864,121.5107,15
500103004,20231010,1107,23,8,1,25.06864,121.5107,15
500103004,20231010,1108,23,9,1,25.06864,121.5107,14
500103004,20231010,1109,23,9,1,25.06864,121.5107,14
500103004,20231010,1111,23,10,1,25.06864,121.5107,13
500103004,20231010,1112,23,10,1,25.06864,121.5107,13
500103004,20231010,1113,23,10,1,25.06864,121.5107,13
500103004,20231010,1114,23,10,1,25.06864,121.5107,13
500103004,20231010,1115,23,10,1,25.06864,121.5107,13
500103004,20231010,1116,23,10,1,25.06864,121.5107,13
500103004,20231010,1117,23,10,1,25.06864,121.5107,13
500103004,20231010,1118,23,9,1,25.06864,121.5107,14
500103004,20231010,1119,23,11,1,25.06864,121.5107,12
500103004,20231010,1120,23,12,1,25.06864,121.5107,11
500103004,20231010,1121,23,13,1,25.06864,121.5107,10
500103004,20231010,1122,23,14,1,25.06864,121.5107,9
500103004,20231010,1123,23,14,1,25.06864,121.5107,9
500103004,20231010,1124,23,13,1,25.06864,121.5107,10
500103004,20231010,1125,23,13,1,25.06864,121.5107,10
500103004,20231010,1126,23,13,1,25.06864,121.5107,10
500103004,20231010,1127,23,13,1,25.06864,121.5107,10
500103004,20231010,1128,23,13,1,25.06864,121.5107,10
500103004,20231010,1129,23,13,1,25.06864,121.5107,10
500103004,20231010,1130,23,13,1,25.06864,121.5107,10
500103004,20231010,1131,23,13,1,25.06864,121.5107,10
500103004,20231010,1132,23,13,1,25.06864,121.5107,10
500103004,20231010,1133,23,13,1,25.06864,121.5107,10
500103004,20231010,1134,23,13,1,25.06864,121.5107,10
500103004,20231010,1135,23,13,1,25.06864,121.5107,10
500103004,20231010,1136,23,13,1,25.06864,121.5107,10
500103004,20231010,1137,23,13,1,25.06864,121.5107,10
500103004,20231010,1138,23,13,1,25.06864,121.5107,10
500103004,20231010,1139,23,13,1,25.06864,121.5107,10
500103004,20231010,1141,23,10,1,25.06864,121.5107,13
500103004,20231010,1142,23,11,1,25.06864,121.5107,12
500103004,20231010,1143,23,11,1,25.06864,121.5107,12
500103004,20231010,1144,23,10,1,25.06864,121.5107,13
500103004,20231010,1145,23,11,1,25.06864,121.5107,12
500103004,20231010,1146,23,11,1,25.06864,121.5107,12
500103004,20231010,1147,23,11,1,25.06864,121.5107,12
500103004,20231010,1148,23,11,1,25.06864,121.5107,12
500103004,20231010,1149,23,11,1,25.06864,121.5107,12
500103004,20231010,1150,23,11,1,25.06864,121.5107,12
500103004,20231010,1151,23,11,1,25.06864,121.5107,12
500103004,20231010,1152,23,11,1,25.06864,121.5107,12
500103004,20231010,1153,23,11,1,25.06864,121.5107,12
500103004,20231010,1154,23,10,1,25.06864,121.5107,13
500103004,20231010,1155,23,10,1,25.06864,121.5107,13
500103004,20231010,1156,23,10,1,25.06864,121.5107,13
500103004,20231010,1157,23,11,1,25.06864,121.5107,12
500103004,20231010,1158,23,11,1,25.06864,121.5107,12
500103004,20231010,1159,23,11,1,25.06864,121.5107,12
500103004,20231010,1161,23,12,1,25.06864,121.5107,11
500103004,20231010,1162,23,12,1,25.06864,121.5107,11
500103004,20231010,1163,23,12,1,25.06864,121.5107,11
500103004,20231010,1164,23,12,1,25.06864,121.5107,11
500103004,20231010,1165,23,10,1,25.06864,121.5107,13
500103004,20231010,1166,23,10,1,25.06864,121.5107,13
500103004,20231010,1167,23,11,1,25.06864,121.5107,12
500103004,20231010,1168,23,11,1,25.06864,121.5107,12
500103004,20231010,1169,23,11,1,25.06864,121.5107,12
500103004,20231010,1170,23,11,1,25.06864,121.5107,12
500103004,20231010,1171,23,12,1,25.06864,121.5107,11
500103004,20231010,1172,23,12,1,25.06864,121.5107,11
500103004,20231010,1173,23,12,1,25.06864,121.5107,11
500103004,20231010,1174,23,12,1,25.06864,121.5107,11
500103004,20231010,1175,23,11,1,25.06864,121.5107,12
500103004,20231010,1176,23,11,1,25.06864,121.5107,12
500103004,20231010,1177,23,11,1,25.06864,121.5107,12
500103004,20231010,1178,23,11,1,25.06864,121.5107,12
500103004,20231010,1179,23,11,1,25.06864,121.5107,12
500103004,20231010,1180,23,11,1,25.06864,121.5107,12
500103004,20231010,1181,23,11,1,25.06864,121.5107,12
500103004,20231010,1182,23,11,1,25.06864,121.5107,12
500103004,20231010,1183,23,11,1,25.06864,121.5107,12
500103004,20231010,1184,23,11,1,25.06864,121.5107,12
500103004,20231010,1185,23,10,1,25.06864,121.5107,13
500103004,20231010,1186,23,10,1,25.06864,121.5107,13
500103004,20231010,1187,23,10,1,25.06864,121.5107,13
500103004,20231010,1188,23,10,1,25.06864,121.5107,13
500103004,20231010,1189,23,10,1,25.06864,121.5107,13
500103004,20231010,1190,23,10,1,25.06864,121.5107,13
500103004,20231010,1191,23,10,1,25.06864,121.5107,13
500103004,20231010,1192,23,9,1,25.06864,121.5107,14
500103004,20231010,1193,23,8,1,25.06864,121.5107,15
500103004,20231010,1194,23,8,1,25.06864,121.5107,15
500103004,20231010,1195,23,8,1,25.06864,121.5107,15
500103004,20231010,1196,23,8,1,25.06864,121.5107,15
500103004,20231010,1197,23,8,1,25.06864,121.5107,15
500103004,20231010,1198,23,7,1,25.06864,121.5107,16
500103004,20231010,1199,23,5,1,25.06864,121.5107,18
500103004,20231010,1201,23,4,1,25.06864,121.5107,19
500103004,20231010,1202,23,4,1,25.06864,121.5107,19
500103004,20231010,1203,23,2,1,25.06864,121.5107,21
500103004,20231010,1204,23,2,1,25.06864,121.5107,21
500103004,20231010,1205,23,2,1,25.06864,121.5107,21
500103004,20231010,1206,23,2,1,25.06864,121.5107,21
500103004,20231010,1207,23,2,1,25.06864,121.5107,21
500103004,20231010,1208,23,2,1,25.06864,121.5107,21
500103004,20231010,1209,23,2,1,25.06864,121.5107,21
500103004,20231010,1210,23,2,1,25.06864,121.5107,21
500103004,20231010,1211,23,2,1,25.06864,121.5107,21
500103004,20231010,1212,23,2,1,25.06864,121.5107,21
500103004,20231010,1213,23,2,1,25.06864,121.5107,21
500103004,20231010,1214,23,2,1,25.06864,121.5107,21
500103004,20231010,1215,23,2,1,25.06864,121.5107,21
500103004,20231010,1216,23,2,1,25.06864,121.5107,21
500103004,20231010,1217,23,2,1,25.06864,121.5107,21
500103004,20231010,1218,23,2,1,25.06864,121.5107,21
500103004,20231010,1219,23,2,1,25.06864,121.5107,21
500103004,20231010,1221,23,2,1,25.06864,121.5107,21
500103004,20231010,1222,23,2,1,25.06864,121.5107,21
500103004,20231010,1223,23,2,1,25.06864,121.5107,21
500103004,20231010,1224,23,2,1,25.06864,121.5107,21
500103004,20231010,1225,23,2,1,25.06864,121.5107,21
500103004,20231010,1226,23,2,1,25.06864,121.5107,21
500103004,20231010,1227,23,2,1,25.06864,121.5107,21
500103004,20231010,1228,23,2,1,25.06864,121.5107,21
500103004,20231010,1229,23,2,1,25.06864,121.5107,21
500103004,20231010,1230,23,2,1,25.06864,121.5107,21
500103004,20231010,1231,23,2,1,25.06864,121.5107,21
500103004,20231010,1232,23,2,1,25.06864,121.5107,21
500103004,20231010,1233,23,2,1,25.06864,121.5107,21
500103004,20231010,1234,23,2,1,25.06864,121.5107,21
500103004,20231010,1235,23,2,1,25.06864,121.5107,21
500103004,20231010,1236,23,2,1,25.06864,121.5107,21
500103004,20231010,1237,23,2,1,25.06864,121.5107,21
500103004,20231010,1238,23,2,1,25.06864,121.5107,21
500103004,20231010,1239,23,2,1,25.06864,121.5107,21
500103004,20231010,1240,23,2,1,25.06864,121.5107,21
500103004,20231010,1241,23,2,1,25.06864,121.5107,21
500103004,20231010,1242,23,2,1,25.06864,121.5107,21
500103004,20231010,1243,23,2,1,25.06864,121.5107,21
500103004,20231010,1244,23,2,1,25.06864,121.5107,21
500103004,20231010,1245,23,2,1,25.06864,121.5107,21
500103004,20231010,1246,23,2,1,25.06864,121.5107,21
500103004,20231010,1247,23,2,1,25.06864,121.5107,21
500103004,20231010,1248,23,3,1,25.06864,121.5107,20
500103004,20231010,1249,23,3,1,25.06864,121.5107,20
500103004,20231010,1250,23,3,1,25.06864,121.5107,20
500103004,20231010,1251,23,3,1,25.06864,121.5107,20
500103004,20231010,1252,23,3,1,25.06864,121.5107,20
500103004,20231010,1253,23,3,1,25.06864,121.5107,20
500103004,20231010,1254,23,4,1,25.06864,121.5107,19
500103004,20231010,1255,23,4,1,25.06864,121.5107,19
500103004,20231010,1256,23,4,1,25.06864,121.5107,19
500103004,20231010,1257,23,3,1,25.06864,121.5107,20
500103004,20231010,1258,23,3,1,25.06864,121.5107,20
500103004,20231010,1259,23,3,1,25.06864,121.5107,20
500103004,20231010,1261,23,3,1,25.06864,121.5107,20
500103004,20231010,1262,23,2,1,25.06864,121.5107,21
500103004,20231010,1263,23,2,1,25.06864,121.5107,21
500103004,20231010,1264,23,2,1,25.06864,121.5107,21
500103004,20231010,1265,23,2,1,25.06864,121.5107,21
500103004,20231010,1266,23,2,1,25.06864,121.5107,21
500103004,20231010,1267,23,2,1,25.06864,121.5107,21
500103004,20231010,1268,23,2,1,25.06864,121.5107,21
500103004,20231010,1269,23,2,1,25.06864,121.5107,21
500103004,20231010,1270,23,2,1,25.06864,121.5107,21
500103004,20231010,1271,23,2,1,25.06864,121.5107,21
500103004,20231010,1272,23,2,1,25.06864,121.5107,21
500103004,20231010,1273,23,2,1,25.06864,121.5107,21
500103004,20231010,1274,23,2,1,25.06864,121.5107,21
500103004,20231010,1275,23,2,1,25.06864,121.5107,21
500103004,20231010,1276,23,2,1,25.06864,121.5107,21
500103004,20231010,1277,23,2,1,25.06864,121.5107,21
500103004,20231010,1278,23,3,1,25.06864,121.5107,20
500103004,20231010,1279,23,3,1,25.06864,121.5107,20
500103004,20231010,1281,23,3,1,25.06864,121.5107,20
500103004,20231010,1282,23,1,1,25.06864,121.5107,22
500103004,20231010,1283,23,1,1,25.06864,121.5107,22
500103004,20231010,1284,23,1,1,25.06864,121.5107,22
500103004,20231010,1285,23,2,1,25.06864,121.5107,21
500103004,20231010,1286,23,2,1,25.06864,121.5107,21
500103004,20231010,1287,23,3,1,25.06864,121.5107,20
500103004,20231010,1288,23,3,1,25.06864,121.5107,20
500103004,20231010,1289,23,3,1,25.06864,121.5107,20
500103004,20231010,1290,23,3,1,25.06864,121.5107,20
500103004,20231010,1291,23,3,1,25.06864,121.5107,20
500103004,20231010,1292,23,3,1,25.06864,121.5107,20
500103004,20231010,1293,23,3,1,25.06864,121.5107,20
500103004,20231010,1294,23,3,1,25.06864,121.5107,20
500103004,20231010,1295,23,3,1,25.06864,121.5107,20
500103004,20231010,1296,23,3,1,25.06864,121.5107,20
500103004,20231010,1297,23,3,1,25.06864,121.5107,20
500103004,20231010,1298,23,3,1,25.06864,121.5107,20
500103004,20231010,1299,23,3,1,25.06864,121.5107,20
500103004,20231010,1300,23,3,1,25.06864,121.5107,20
500103004,20231010,1301,23,3,1,25.06864,121.5107,20
500103004,20231010,1302,23,3,1,25.06864,121.5107,20
500103004,20231010,1303,23,3,1,25.06864,121.5107,20
500103004,20231010,1304,23,3,1,25.06864,121.5107,20
500103004,20231010,1305,23,4,1,25.06864,121.5107,19
500103004,20231010,1306,23,4,1,25.06864,121.5107,19
500103004,20231010,1307,23,3,1,25.06864,121.5107,20
500103004,20231010,1308,23,3,1,25.06864,121.5107,20
500103004,20231010,1309,23,3,1,25.06864,121.5107,20
500103004,20231010,1310,23,3,1,25.06864,121.5107,20
500103004,20231010,1311,23,3,1,25.06864,121.5107,20
500103004,20231010,1312,23,4,1,25.06864,121.5107,19
500103004,20231010,1313,23,4,1,25.06864,121.5107,19
500103004,20231010,1314,23,4,1,25.06864,121.5107,19
500103004,20231010,1315,23,4,1,25.06864,121.5107,19
500103004,20231010,1316,23,4,1,25.06864,121.5107,19
500103004,20231010,1317,23,4,1,25.06864,121.5107,19
500103004,20231010,1318,23,4,1,25.06864,121.5107,19
500103004,20231010,1319,23,3,1,25.06864,121.5107,20
500103004,20231010,1321,23,3,1,25.06864,121.5107,20
500103004,20231010,1322,23,1,1,25.06864,121.5107,22
500103004,20231010,1323,23,0,1,25.06864,121.5107,23
500103004,20231010,1324,23,0,1,25.06864,121.5107,23
500103004,20231010,1325,23,0,1,25.06864,121.5107,23
500103004,20231010,1326,23,0,1,25.06864,121.5107,23
500103004,20231010,1327,23,0,1,25.06864,121.5107,23
500103004,20231010,1328,23,0,1,25.06864,121.5107,23
500103004,20231010,1329,23,0,1,25.06864,121.5107,23
500103004,20231010,1330,23,0,1,25.06864,121.5107,23
500103004,20231010,1331,23,0,1,25.06864,121.5107,23
500103004,20231010,1332,23,0,1,25.06864,121.5107,23
500103004,20231010,1333,23,0,1,25.06864,121.5107,23
500103004,20231010,1334,23,0,1,25.06864,121.5107,23
500103004,20231010,1335,23,0,1,25.06864,121.5107,23
500103004,20231010,1336,23,0,1,25.06864,121.5107,23
500103004,20231010,1337,23,0,1,25.06864,121.5107,23
500103004,20231010,1338,23,0,1,25.06864,121.5107,23
500103004,20231010,1339,23,0,1,25.06864,121.5107,23
500103004,20231010,1341,23,0,1,25.06864,121.5107,23
500103004,20231010,1342,23,0,1,25.06864,121.5107,23
500103004,20231010,1343,23,0,1,25.06864,121.5107,23
500103004,20231010,1344,23,0,1,25.06864,121.5107,23
500103004,20231010,1346,23,0,1,25.06864,121.5107,23
500103004,20231010,1347,23,0,1,25.06864,121.5107,23
500103004,20231010,1348,23,0,1,25.06864,121.5107,23
500103004,20231010,1349,23,0,1,25.06864,121.5107,23
500103004,20231010,1350,23,0,1,25.06864,121.5107,23
500103004,20231010,1351,23,0,1,25.06864,121.5107,23
500103004,20231010,1352,23,0,1,25.06864,121.5107,23
500103004,20231010,1353,23,0,1,25.06864,121.5107,23
500103004,20231010,1354,23,1,1,25.06864,121.5107,22
500103004,20231010,1355,23,1,1,25.06864,121.5107,22
500103004,20231010,1356,23,1,1,25.06864,121.5107,22
500103004,20231010,1357,23,1,1,25.06864,121.5107,22
500103004,20231010,1358,23,1,1,25.06864,121.5107,22
500103004,20231010,1359,23,1,1,25.06864,121.5107,22
500103004,20231010,1360,23,0,1,25.06864,121.5107,23
500103004,20231010,1361,23,0,1,25.06864,121.5107,23
500103004,20231010,1362,23,0,1,25.06864,121.5107,23
500103004,20231010,1363,23,0,1,25.06864,121.5107,23
500103004,20231010,1364,23,0,1,25.06864,121.5107,23
500103004,20231010,1365,23,0,1,25.06864,121.5107,23
500103004,20231010,1366,23,0,1,25.06864,121.5107,23
500103004,20231010,1367,23,0,1,25.06864,121.5107,23
500103004,20231010,1368,23,0,1,25.06864,121.5107,23
500103004,20231010,1369,23,0,1,25.06864,121.5107,23
500103004,20231010,1370,23,0,1,25.06864,121.5107,23
500103004,20231010,1371,23,0,1,25.06864,121.5107,23
500103004,20231010,1372,23,0,1,25.06864,121.5107,23
500103004,20231010,1373,23,0,1,25.06864,121.5107,23
500103004,20231010,1374,23,0,1,25.06864,121.5107,23
500103004,20231010,1375,23,0,1,25.06864,121.5107,23
500103004,20231010,1376,23,0,1,25.06864,121.5107,23
500103004,20231010,1377,23,0,1,25.06864,121.5107,23
500103004,20231010,1378,23,0,1,25.06864,121.5107,23
500103004,20231010,1379,23,0,1,25.06864,121.5107,23
500103004,20231010,1381,23,0,1,25.06864,121.5107,23
500103004,20231010,1382,23,0,1,25.06864,121.5107,23
500103004,20231010,1383,23,0,1,25.06864,121.5107,23
500103004,20231010,1384,23,0,1,25.06864,121.5107,23
500103004,20231010,1385,23,0,1,25.06864,121.5107,23
500103004,20231010,1386,23,0,1,25.06864,121.5107,23
500103004,20231010,1387,23,0,1,25.06864,121.5107,23
500103004,20231010,1388,23,0,1,25.06864,121.5107,23
500103004,20231010,1389,23,0,1,25.06864,121.5107,23
500103004,20231010,1390,23,0,1,25.06864,121.5107,23
500103004,20231010,1391,23,0,1,25.06864,121.5107,23
500103004,20231010,1392,23,0,1,25.06864,121.5107,23
500103004,20231010,1393,23,0,1,25.06864,121.5107,23
500103004,20231010,1394,23,0,1,25.06864,121.5107,23
500103004,20231010,1395,23,0,1,25.06864,121.5107,23
500103004,20231010,1396,23,0,1,25.06864,121.5107,23
500103004,20231010,1397,23,0,1,25.06864,121.5107,23
500103004,20231010,1398,23,0,1,25.06864,121.5107,23
500103004,20231010,1399,23,0,1,25.06864,121.5107,23
500103004,20231010,1401,23,0,1,25.06864,121.5107,23
500103004,20231010,1402,23,0,1,25.06864,121.5107,23
500103004,20231010,1403,23,0,1,25.06864,121.5107,23
500103004,20231010,1404,23,1,1,25.06864,121.5107,22
500103004,20231010,1405,23,1,1,25.06864,121.5107,22
500103004,20231010,1406,23,1,1,25.06864,121.5107,22
500103004,20231010,1407,23,1,1,25.06864,121.5107,22
500103004,20231010,1408,23,1,1,25.06864,121.5107,22
500103004,20231010,1409,23,1,1,25.06864,121.5107,22
500103004,20231010,1410,23,0,1,25.06864,121.5107,23
500103004,20231010,1411,23,0,1,25.06864,121.5107,23
500103004,20231010,1412,23,0,1,25.06864,121.5107,23
500103004,20231010,1413,23,0,1,25.06864,121.5107,23
500103004,20231010,1414,23,0,1,25.06864,121.5107,23
500103004,20231010,1415,23,0,1,25.06864,121.5107,23
500103004,20231010,1416,23,0,1,25.06864,121.5107,23
500103004,20231010,1417,23,2,1,25.06864,121.5107,21
500103004,20231010,1418,23,2,1,25.06864,121.5107,21
500103004,20231010,1419,23,2,1,25.06864,121.5107,21
500103004,20231010,1420,23,2,1,25.06864,121.5107,21
500103004,20231010,1421,23,1,1,25.06864,121.5107,22
500103004,20231010,1422,23,1,1,25.06864,121.5107,22
500103004,20231010,1423,23,1,1,25.06864,121.5107,22
500103004,20231010,1424,23,1,1,25.06864,121.5107,22
500103004,20231010,1425,23,1,1,25.06864,121.5107,22
500103004,20231010,1426,23,1,1,25.06864,121.5107,22
500103004,20231010,1427,23,1,1,25.06864,121.5107,22
500103004,20231010,1428,23,1,1,25.06864,121.5107,22
500103004,20231010,1429,23,1,1,25.06864,121.5107,22
500103004,20231010,1430,23,1,1,25.06864,121.5107,22
500103004,20231010,1431,23,1,1,25.06864,121.5107,22
500103004,20231010,1432,23,1,1,25.06864,121.5107,22
500103004,20231010,1433,23,1,1,25.06864,121.5107,22
500103004,20231010,1434,23,0,1,25.06864,121.5107,23
500103004,20231010,1435,23,0,1,25.06864,121.5107,23
500103004,20231010,1436,23,0,1,25.06864,121.5107,23
500103004,20231010,1437,23,0,1,25.06864,121.5107,23
500103004,20231010,1438,23,0,1,25.06864,121.5107,23
500103004,20231010,1439,23,0,1,25.06864,121.5107,23
500103004,20231011,0,23,0,1,25.06864,121.5107,23
500103004,20231011,1,23,0,1,25.06864,121.5107,23
500103004,20231011,2,23,0,1,25.06864,121.5107,23
500103004,20231011,3,23,0,1,25.06864,121.5107,23
500103004,20231011,4,23,0,1,25.06864,121.5107,23
500103004,20231011,5,23,0,1,25.06864,121.5107,23
500103004,20231011,6,23,0,1,25.06864,121.5107,23
500103004,20231011,7,23,0,1,25.06864,121.5107,23
500103004,20231011,8,23,0,1,25.06864,121.5107,23
500103004,20231011,9,23,0,1,25.06864,121.5107,23
500103004,20231011,10,23,0,1,25.06864,121.5107,23
500103004,20231011,11,23,0,1,25.06864,121.5107,23
500103004,20231011,12,23,0,1,25.06864,121.5107,23
500103004,20231011,13,23,0,1,25.06864,121.5107,23
500103004,20231011,14,23,1,1,25.06864,121.5107,22
500103004,20231011,15,23,3,1,25.06864,121.5107,20
500103004,20231011,16,23,5,1,25.06864,121.5107,18
500103004,20231011,17,23,5,1,25.06864,121.5107,18
500103004,20231011,18,23,5,1,25.06864,121.5107,18
500103004,20231011,19,23,5,1,25.06864,121.5107,18
500103004,20231011,21,23,5,1,25.06864,121.5107,18
500103004,20231011,22,23,5,1,25.06864,121.5107,18
500103004,20231011,23,23,5,1,25.06864,121.5107,18
500103004,20231011,24,23,5,1,25.06864,121.5107,18
500103004,20231011,25,23,5,1,25.06864,121.5107,18
500103004,20231011,26,23,3,1,25.06864,121.5107,20
500103004,20231011,27,23,3,1,25.06864,121.5107,20
500103004,20231011,28,23,3,1,25.06864,121.5107,20
500103004,20231011,29,23,3,1,25.06864,121.5107,20
500103004,20231011,30,23,3,1,25.06864,121.5107,20
500103004,20231011,31,23,3,1,25.06864,121.5107,20
500103004,20231011,32,23,3,1,25.06864,121.5107,20
500103004,20231011,33,23,3,1,25.06864,121.5107,20
500103004,20231011,34,23,3,1,25.06864,121.5107,20
500103004,20231011,35,23,3,1,25.06864,121.5107,20
500103004,20231011,36,23,3,1,25.06864,121.5107,20
500103004,20231011,37,23,3,1,25.06864,121.5107,20
500103004,20231011,38,23,3,1,25.06864,121.5107,20
500103004,20231011,39,23,3,1,25.06864,121.5107,20
500103004,20231011,40,23,3,1,25.06864,121.5107,20
500103004,20231011,41,23,3,1,25.06864,121.5107,20
500103004,20231011,42,23,3,1,25.06864,121.5107,20
500103004,20231011,43,23,2,1,25.06864,121.5107,21
500103004,20231011,44,23,2,1,25.06864,121.5107,21
500103004,20231011,45,23,2,1,25.06864,121.5107,21
500103004,20231011,46,23,2,1,25.06864,121.5107,21
500103004,20231011,47,23,2,1,25.06864,121.5107,21
500103004,20231011,48,23,2,1,25.06864,121.5107,21
500103004,20231011,49,23,2,1,25.06864,121.5107,21
500103004,20231011,50,23,2,1,25.06864,121.5107,21
500103004,20231011,51,23,2,1,25.06864,121.5107,21
500103004,20231011,52,23,2,1,25.06864,121.5107,21
500103004,20231011,53,23,2,1,25.06864,121.5107,21
500103004,20231011,54,23,2,1,25.06864,121.5107,21
500103004,20231011,55,23,2,1,25.06864,121.5107,21
500103004,20231011,56,23,2,1,25.06864,121.5107,21
500103004,20231011,57,23,2,1,25.06864,121.5107,21
500103004,20231011,58,23,2,1,25.06864,121.5107,21
500103004,20231011,59,23,2,1,25.06864,121.5107,21
500103004,20231011,61,23,2,1,25.06864,121.5107,21
500103004,20231011,62,23,2,1,25.06864,121.5107,21
500103004,20231011,63,23,2,1,25.06864,121.5107,21
500103004,20231011,64,23,2,1,25.06864,121.5107,21
500103004,20231011,65,23,2,1,25.06864,121.5107,21
500103004,20231011,66,23,2,1,25.06864,121.5107,21
500103004,20231011,67,23,2,1,25.06864,121.5107,21
500103004,20231011,68,23,2,1,25.06864,121.5107,21
500103004,20231011,69,23,2,1,25.06864,121.5107,21
500103004,20231011,70,23,2,1,25.06864,121.5107,21
500103004,20231011,71,23,2,1,25.06864,121.5107,21
500103004,20231011,72,23,2,1,25.06864,121.5107,21
500103004,20231011,73,23,2,1,25.06864,121.5107,21
500103004,20231011,74,23,2,1,25.06864,121.5107,21
500103004,20231011,75,23,2,1,25.06864,121.5107,21
500103004,20231011,76,23,2,1,25.06864,121.5107,21
500103004,20231011,77,23,2,1,25.06864,121.5107,21
500103004,20231011,78,23,2,1,25.06864,121.5107,21
500103004,20231011,79,23,2,1,25.06864,121.5107,21
500103004,20231011,81,23,2,1,25.06864,121.5107,21
500103004,20231011,82,23,2,1,25.06864,121.5107,21
500103004,20231011,83,23,2,1,25.06864,121.5107,21
500103004,20231011,84,23,2,1,25.06864,121.5107,21
500103004,20231011,85,23,2,1,25.06864,121.5107,21
500103004,20231011,86,23,2,1,25.06864,121.5107,21
500103004,20231011,87,23,2,1,25.06864,121.5107,21
500103004,20231011,88,23,1,1,25.06864,121.5107,22
500103004,20231011,89,23,1,1,25.06864,121.5107,22
500103004,20231011,90,23,1,1,25.06864,121.5107,22
500103004,20231011,91,23,1,1,25.06864,121.5107,22
500103004,20231011,92,23,1,1,25.06864,121.5107,22
500103004,20231011,93,23,1,1,25.06864,121.5107,22
500103004,20231011,94,23,1,1,25.06864,121.5107,22
500103004,20231011,95,23,1,1,25.06864,121.5107,22
500103004,20231011,96,23,1,1,25.06864,121.5107,22
500103004,20231011,97,23,1,1,25.06864,121.5107,22
500103004,20231011,98,23,1,1,25.06864,121.5107,22
500103004,20231011,99,23,1,1,25.06864,121.5107,22
500103004,20231011,100,23,1,1,25.06864,121.5107,22
500103004,20231011,101,23,1,1,25.06864,121.5107,22
500103004,20231011,102,23,1,1,25.06864,121.5107,22
500103004,20231011,103,23,1,1,25.06864,121.5107,22
500103004,20231011,104,23,1,1,25.06864,121.5107,22
500103004,20231011,105,23,1,1,25.06864,121.5107,22
500103004,20231011,106,23,1,1,25.06864,121.5107,22
500103004,20231011,107,23,1,1,25.06864,121.5107,22
500103004,20231011,108,23,1,1,25.06864,121.5107,22
500103004,20231011,109,23,1,1,25.06864,121.5107,22
500103004,20231011,110,23,1,1,25.06864,121.5107,22
500103004,20231011,111,23,1,1,25.06864,121.5107,22
500103004,20231011,112,23,1,1,25.06864,121.5107,22
500103004,20231011,113,23,1,1,25.06864,121.5107,22
500103004,20231011,114,23,1,1,25.06864,121.5107,22
500103004,20231011,115,23,1,1,25.06864,121.5107,22
500103004,20231011,116,23,1,1,25.06864,121.5107,22
500103004,20231011,117,23,1,1,25.06864,121.5107,22
500103004,20231011,118,23,1,1,25.06864,121.5107,22
500103004,20231011,119,23,1,1,25.06864,121.5107,22
500103004,20231011,121,23,1,1,25.06864,121.5107,22
500103004,20231011,122,23,1,1,25.06864,121.5107,22
500103004,20231011,123,23,1,1,25.06864,121.5107,22
500103004,20231011,124,23,1,1,25.06864,121.5107,22
500103004,20231011,125,23,1,1,25.06864,121.5107,22
500103004,20231011,126,23,1,1,25.06864,121.5107,22
500103004,20231011,127,23,1,1,25.06864,121.5107,22
500103004,20231011,128,23,1,1,25.06864,121.5107,22
500103004,20231011,129,23,1,1,25.06864,121.5107,22
500103004,20231011,130,23,1,1,25.06864,121.5107,22
500103004,20231011,131,23,1,1,25.06864,121.5107,22
500103004,20231011,132,23,1,1,25.06864,121.5107,22
500103004,20231011,133,23,1,1,25.06864,121.5107,22
500103004,20231011,134,23,1,1,25.06864,121.5107,22
500103004,20231011,135,23,1,1,25.06864,121.5107,22
500103004,20231011,136,23,1,1,25.06864,121.5107,22
500103004,20231011,137,23,1,1,25.06864,121.5107,22
500103004,20231011,138,23,1,1,25.06864,121.5107,22
500103004,20231011,139,23,1,1,25.06864,121.5107,22
500103004,20231011,141,23,1,1,25.06864,121.5107,22
500103004,20231011,142,23,1,1,25.06864,121.5107,22
500103004,20231011,143,23,1,1,25.06864,121.5107,22
500103004,20231011,145,23,1,1,25.06864,121.5107,22
500103004,20231011,146,23,1,1,25.06864,121.5107,22
500103004,20231011,147,23,1,1,25.06864,121.5107,22
500103004,20231011,148,23,1,1,25.06864,121.5107,22
500103004,20231011,149,23,1,1,25.06864,121.5107,22
500103004,20231011,150,23,1,1,25.06864,121.5107,22
500103004,20231011,151,23,1,1,25.06864,121.5107,22
500103004,20231011,152,23,1,1,25.06864,121.5107,22
500103004,20231011,153,23,1,1,25.06864,121.5107,22
500103004,20231011,154,23,1,1,25.06864,121.5107,22
500103004,20231011,155,23,1,1,25.06864,121.5107,22
500103004,20231011,156,23,1,1,25.06864,121.5107,22
500103004,20231011,157,23,1,1,25.06864,121.5107,22
500103004,20231011,158,23,1,1,25.06864,121.5107,22
500103004,20231011,159,23,1,1,25.06864,121.5107,22
500103004,20231011,160,23,1,1,25.06864,121.5107,22
500103004,20231011,161,23,1,1,25.06864,121.5107,22
500103004,20231011,162,23,1,1,25.06864,121.5107,22
500103004,20231011,163,23,1,1,25.06864,121.5107,22
500103004,20231011,164,23,1,1,25.06864,121.5107,22
500103004,20231011,165,23,1,1,25.06864,121.5107,22
500103004,20231011,166,23,1,1,25.06864,121.5107,22
500103004,20231011,167,23,1,1,25.06864,121.5107,22
500103004,20231011,168,23,1,1,25.06864,121.5107,22
500103004,20231011,169,23,1,1,25.06864,121.5107,22
500103004,20231011,170,23,1,1,25.06864,121.5107,22
500103004,20231011,171,23,1,1,25.06864,121.5107,22
500103004,20231011,172,23,1,1,25.06864,121.5107,22
500103004,20231011,173,23,1,1,25.06864,121.5107,22
500103004,20231011,174,23,1,1,25.06864,121.5107,22
500103004,20231011,175,23,1,1,25.06864,121.5107,22
500103004,20231011,176,23,1,1,25.06864,121.5107,22
500103004,20231011,177,23,1,1,25.06864,121.5107,22
500103004,20231011,178,23,1,1,25.06864,121.5107,22
500103004,20231011,179,23,1,1,25.06864,121.5107,22
500103004,20231011,180,23,1,1,25.06864,121.5107,22
500103004,20231011,181,23,1,1,25.06864,121.5107,22
500103004,20231011,182,23,1,1,25.06864,121.5107,22
500103004,20231011,183,23,1,1,25.06864,121.5107,22
500103004,20231011,184,23,1,1,25.06864,121.5107,22
500103004,20231011,185,23,1,1,25.06864,121.5107,22
500103004,20231011,186,23,1,1,25.06864,121.5107,22
500103004,20231011,187,23,1,1,25.06864,121.5107,22
500103004,20231011,188,23,0,1,25.06864,121.5107,23
500103004,20231011,189,23,0,1,25.06864,121.5107,23
500103004,20231011,190,23,0,1,25.06864,121.5107,23
500103004,20231011,191,23,0,1,25.06864,121.5107,23
500103004,20231011,192,23,0,1,25.06864,121.5107,23
500103004,20231011,193,23,0,1,25.06864,121.5107,23
500103004,20231011,194,23,0,1,25.06864,121.5107,23
500103004,20231011,195,23,0,1,25.06864,121.5107,23
500103004,20231011,196,23,0,1,25.06864,121.5107,23
500103004,20231011,197,23,0,1,25.06864,121.5107,23
500103004,20231011,198,23,0,1,25.06864,121.5107,23
500103004,20231011,199,23,0,1,25.06864,121.5107,23
500103004,20231011,201,23,0,1,25.06864,121.5107,23
500103004,20231011,202,23,0,1,25.06864,121.5107,23
500103004,20231011,203,23,0,1,25.06864,121.5107,23
500103004,20231011,204,23,0,1,25.06864,121.5107,23
500103004,20231011,205,23,0,1,25.06864,121.5107,23
500103004,20231011,206,23,0,1,25.06864,121.5107,23
500103004,20231011,207,23,0,1,25.06864,121.5107,23
500103004,20231011,208,23,0,1,25.06864,121.5107,23
500103004,20231011,209,23,0,1,25.06864,121.5107,23
500103004,20231011,211,23,0,1,25.06864,121.5107,23
500103004,20231011,212,23,0,1,25.06864,121.5107,23
500103004,20231011,213,23,0,1,25.06864,121.5107,23
500103004,20231011,214,23,0,1,25.06864,121.5107,23
500103004,20231011,215,23,0,1,25.06864,121.5107,23
500103004,20231011,216,23,0,1,25.06864,121.5107,23
500103004,20231011,217,23,0,1,25.06864,121.5107,23
500103004,20231011,218,23,0,1,25.06864,121.5107,23
500103004,20231011,219,23,1,1,25.06864,121.5107,22
500103004,20231011,220,23,1,1,25.06864,121.5107,22
500103004,20231011,221,23,1,1,25.06864,121.5107,22
500103004,20231011,222,23,1,1,25.06864,121.5107,22
500103004,20231011,223,23,1,1,25.06864,121.5107,22
500103004,20231011,224,23,1,1,25.06864,121.5107,22
500103004,20231011,225,23,1,1,25.06864,121.5107,22
500103004,20231011,226,23,1,1,25.06864,121.5107,22
500103004,20231011,227,23,1,1,25.06864,121.5107,22
500103004,20231011,228,23,1,1,25.06864,121.5107,22
500103004,20231011,229,23,1,1,25.06864,121.5107,22
500103004,20231011,230,23,1,1,25.06864,121.5107,22
500103004,20231011,231,23,1,1,25.06864,121.5107,22
500103004,20231011,232,23,1,1,25.06864,121.5107,22
500103004,20231011,233,23,1,1,25.06864,121.5107,22
500103004,20231011,234,23,1,1,25.06864,121.5107,22
500103004,20231011,235,23,1,1,25.06864,121.5107,22
500103004,20231011,236,23,1,1,25.06864,121.5107,22
500103004,20231011,237,23,1,1,25.06864,121.5107,22
500103004,20231011,238,23,1,1,25.06864,121.5107,22
500103004,20231011,239,23,1,1,25.06864,121.5107,22
500103004,20231011,241,23,1,1,25.06864,121.5107,22
500103004,20231011,242,23,1,1,25.06864,121.5107,22
500103004,20231011,243,23,1,1,25.06864,121.5107,22
500103004,20231011,244,23,1,1,25.06864,121.5107,22
500103004,20231011,245,23,1,1,25.06864,121.5107,22
500103004,20231011,246,23,1,1,25.06864,121.5107,22
500103004,20231011,247,23,1,1,25.06864,121.5107,22
500103004,20231011,248,23,1,1,25.06864,121.5107,22
500103004,20231011,249,23,1,1,25.06864,121.5107,22
500103004,20231011,250,23,1,1,25.06864,121.5107,22
500103004,20231011,251,23,1,1,25.06864,121.5107,22
500103004,20231011,252,23,1,1,25.06864,121.5107,22
500103004,20231011,253,23,1,1,25.06864,121.5107,22
500103004,20231011,254,23,1,1,25.06864,121.5107,22
500103004,20231011,255,23,1,1,25.06864,121.5107,22
500103004,20231011,256,23,1,1,25.06864,121.5107,22
500103004,20231011,257,23,1,1,25.06864,121.5107,22
500103004,20231011,258,23,1,1,25.06864,121.5107,22
500103004,20231011,259,23,1,1,25.06864,121.5107,22
500103004,20231011,261,23,1,1,25.06864,121.5107,22
500103004,20231011,262,23,1,1,25.06864,121.5107,22
500103004,20231011,263,23,1,1,25.06864,121.5107,22
500103004,20231011,264,23,1,1,25.06864,121.5107,22
500103004,20231011,265,23,1,1,25.06864,121.5107,22
500103004,20231011,266,23,1,1,25.06864,121.5107,22
500103004,20231011,267,23,1,1,25.06864,121.5107,22
500103004,20231011,268,23,1,1,25.06864,121.5107,22
500103004,20231011,269,23,1,1,25.06864,121.5107,22
500103004,20231011,270,23,1,1,25.06864,121.5107,22
500103004,20231011,271,23,1,1,25.06864,121.5107,22
500103004,20231011,272,23,1,1,25.06864,121.5107,22
500103004,20231011,273,23,1,1,25.06864,121.5107,22
500103004,20231011,274,23,1,1,25.06864,121.5107,22
500103004,20231011,275,23,1,1,25.06864,121.5107,22
500103004,20231011,276,23,1,1,25.06864,121.5107,22
500103004,20231011,277,23,1,1,25.06864,121.5107,22
500103004,20231011,278,23,1,1,25.06864,121.5107,22
500103004,20231011,279,23,1,1,25.06864,121.5107,22
500103004,20231011,280,23,1,1,25.06864,121.5107,22
500103004,20231011,281,23,1,1,25.06864,121.5107,22
500103004,20231011,282,23,2,1,25.06864,121.5107,21
500103004,20231011,283,23,2,1,25.06864,121.5107,21
500103004,20231011,284,23,2,1,25.06864,121.5107,21
500103004,20231011,285,23,2,1,25.06864,121.5107,21
500103004,20231011,286,23,2,1,25.06864,121.5107,21
500103004,20231011,287,23,2,1,25.06864,121.5107,21
500103004,20231011,288,23,2,1,25.06864,121.5107,21
500103004,20231011,289,23,2,1,25.06864,121.5107,21
500103004,20231011,290,23,2,1,25.06864,121.5107,21
500103004,20231011,291,23,2,1,25.06864,121.5107,21
500103004,20231011,292,23,2,1,25.06864,121.5107,21
500103004,20231011,293,23,2,1,25.06864,121.5107,21
500103004,20231011,294,23,2,1,25.06864,121.5107,21
500103004,20231011,295,23,2,1,25.06864,121.5107,21
500103004,20231011,296,23,2,1,25.06864,121.5107,21
500103004,20231011,297,23,2,1,25.06864,121.5107,21
500103004,20231011,298,23,2,1,25.06864,121.5107,21
500103004,20231011,299,23,2,1,25.06864,121.5107,21
500103004,20231011,300,23,2,1,25.06864,121.5107,21
500103004,20231011,301,23,2,1,25.06864,121.5107,21
500103004,20231011,302,23,2,1,25.06864,121.5107,21
500103004,20231011,303,23,2,1,25.06864,121.5107,21
500103004,20231011,304,23,2,1,25.06864,121.5107,21
500103004,20231011,305,23,2,1,25.06864,121.5107,21
500103004,20231011,306,23,2,1,25.06864,121.5107,21
500103004,20231011,307,23,2,1,25.06864,121.5107,21
500103004,20231011,308,23,2,1,25.06864,121.5107,21
500103004,20231011,309,23,2,1,25.06864,121.5107,21
500103004,20231011,310,23,2,1,25.06864,121.5107,21
500103004,20231011,311,23,2,1,25.06864,121.5107,21
500103004,20231011,312,23,2,1,25.06864,121.5107,21
500103004,20231011,313,23,2,1,25.06864,121.5107,21
500103004,20231011,314,23,2,1,25.06864,121.5107,21
500103004,20231011,315,23,2,1,25.06864,121.5107,21
500103004,20231011,316,23,3,1,25.06864,121.5107,20
500103004,20231011,317,23,3,1,25.06864,121.5107,20
500103004,20231011,318,23,3,1,25.06864,121.5107,20
500103004,20231011,319,23,3,1,25.06864,121.5107,20
500103004,20231011,321,23,3,1,25.06864,121.5107,20
500103004,20231011,322,23,2,1,25.06864,121.5107,21
500103004,20231011,323,23,2,1,25.06864,121.5107,21
500103004,20231011,324,23,2,1,25.06864,121.5107,21
500103004,20231011,325,23,2,1,25.06864,121.5107,21
500103004,20231011,326,23,2,1,25.06864,121.5107,21
500103004,20231011,327,23,2,1,25.06864,121.5107,21
500103004,20231011,328,23,2,1,25.06864,121.5107,21
500103004,20231011,329,23,2,1,25.06864,121.5107,21
500103004,20231011,330,23,2,1,25.06864,121.5107,21
500103004,20231011,331,23,2,1,25.06864,121.5107,21
500103004,20231011,332,23,2,1,25.06864,121.5107,21
500103004,20231011,333,23,2,1,25.06864,121.5107,21
500103004,20231011,334,23,2,1,25.06864,121.5107,21
500103004,20231011,335,23,2,1,25.06864,121.5107,21
500103004,20231011,336,23,2,1,25.06864,121.5107,21
500103004,20231011,337,23,2,1,25.06864,121.5107,21
500103004,20231011,338,23,2,1,25.06864,121.5107,21
500103004,20231011,339,23,2,1,25.06864,121.5107,21
500103004,20231011,340,23,2,1,25.06864,121.5107,21
500103004,20231011,341,23,2,1,25.06864,121.5107,21
500103004,20231011,342,23,2,1,25.06864,121.5107,21
500103004,20231011,343,23,2,1,25.06864,121.5107,21
500103004,20231011,344,23,2,1,25.06864,121.5107,21
500103004,20231011,345,23,2,1,25.06864,121.5107,21
500103004,20231011,346,23,2,1,25.06864,121.5107,21
500103004,20231011,347,23,2,1,25.06864,121.5107,21
500103004,20231011,348,23,2,1,25.06864,121.5107,21
500103004,20231011,349,23,2,1,25.06864,121.5107,21
500103004,20231011,350,23,2,1,25.06864,121.5107,21
500103004,20231011,351,23,2,1,25.06864,121.5107,21
500103004,20231011,352,23,2,1,25.06864,121.5107,21
500103004,20231011,353,23,2,1,25.06864,121.5107,21
500103004,20231011,354,23,2,1,25.06864,121.5107,21
500103004,20231011,355,23,2,1,25.06864,121.5107,21
500103004,20231011,356,23,2,1,25.06864,121.5107,21
500103004,20231011,357,23,3,1,25.06864,121.5107,20
500103004,20231011,358,23,3,1,25.06864,121.5107,20
500103004,20231011,359,23,2,1,25.06864,121.5107,21
500103004,20231011,360,23,2,1,25.06864,121.5107,21
500103004,20231011,361,23,2,1,25.06864,121.5107,21
500103004,20231011,362,23,2,1,25.06864,121.5107,21
500103004,20231011,363,23,2,1,25.06864,121.5107,21
500103004,20231011,364,23,2,1,25.06864,121.5107,21
500103004,20231011,365,23,2,1,25.06864,121.5107,21
500103004,20231011,366,23,1,1,25.06864,121.5107,22
500103004,20231011,367,23,1,1,25.06864,121.5107,22
500103004,20231011,368,23,1,1,25.06864,121.5107,22
500103004,20231011,369,23,1,1,25.06864,121.5107,22
500103004,20231011,370,23,1,1,25.06864,121.5107,22
500103004,20231011,371,23,1,1,25.06864,121.5107,22
500103004,20231011,372,23,1,1,25.06864,121.5107,22
500103004,20231011,373,23,1,1,25.06864,121.5107,22
500103004,20231011,374,23,1,1,25.06864,121.5107,22
500103004,20231011,375,23,1,1,25.06864,121.5107,22
500103004,20231011,376,23,1,1,25.06864,121.5107,22
500103004,20231011,377,23,1,1,25.06864,121.5107,22
500103004,20231011,378,23,1,1,25.06864,121.5107,22
500103004,20231011,379,23,1,1,25.06864,121.5107,22
500103004,20231011,381,23,1,1,25.06864,121.5107,22
500103004,20231011,382,23,1,1,25.06864,121.5107,22
500103004,20231011,383,23,1,1,25.06864,121.5107,22
500103004,20231011,384,23,1,1,25.06864,121.5107,22
500103004,20231011,385,23,1,1,25.06864,121.5107,22
500103004,20231011,386,23,2,1,25.06864,121.5107,21
500103004,20231011,387,23,3,1,25.06864,121.5107,20
500103004,20231011,388,23,3,1,25.06864,121.5107,20
500103004,20231011,389,23,3,1,25.06864,121.5107,20
500103004,20231011,390,23,3,1,25.06864,121.5107,20
500103004,20231011,391,23,3,1,25.06864,121.5107,20
500103004,20231011,392,23,3,1,25.06864,121.5107,20
500103004,20231011,393,23,3,1,25.06864,121.5107,20
500103004,20231011,394,23,3,1,25.06864,121.5107,20
500103004,20231011,395,23,3,1,25.06864,121.5107,20
500103004,20231011,396,23,3,1,25.06864,121.5107,20
500103004,20231011,397,23,3,1,25.06864,121.5107,20
500103004,20231011,398,23,3,1,25.06864,121.5107,20
500103004,20231011,399,23,3,1,25.06864,121.5107,20
500103004,20231011,400,23,4,1,25.06864,121.5107,19
500103004,20231011,401,23,4,1,25.06864,121.5107,19
500103004,20231011,402,23,5,1,25.06864,121.5107,18
500103004,20231011,403,23,5,1,25.06864,121.5107,18
500103004,20231011,404,23,5,1,25.06864,121.5107,18
500103004,20231011,405,23,5,1,25.06864,121.5107,18
500103004,20231011,406,23,5,1,25.06864,121.5107,18
500103004,20231011,407,23,5,1,25.06864,121.5107,18
500103004,20231011,408,23,5,1,25.06864,121.5107,18
500103004,20231011,409,23,5,1,25.06864,121.5107,18
500103004,20231011,410,23,5,1,25.06864,121.5107,18
500103004,20231011,411,23,5,1,25.06864,121.5107,18
500103004,20231011,412,23,5,1,25.06864,121.5107,18
500103004,20231011,413,23,6,1,25.06864,121.5107,17
500103004,20231011,414,23,6,1,25.06864,121.5107,17
500103004,20231011,415,23,6,1,25.06864,121.5107,17
500103004,20231011,416,23,6,1,25.06864,121.5107,17
500103004,20231011,417,23,6,1,25.06864,121.5107,17
500103004,20231011,418,23,6,1,25.06864,121.5107,17
500103004,20231011,419,23,6,1,25.06864,121.5107,17
500103004,20231011,421,23,7,1,25.06864,121.5107,16
500103004,20231011,422,23,7,1,25.06864,121.5107,16
500103004,20231011,423,23,7,1,25.06864,121.5107,16
500103004,20231011,424,23,7,1,25.06864,121.5107,16
500103004,20231011,425,23,8,1,25.06864,121.5107,15
500103004,20231011,426,23,7,1,25.06864,121.5107,16
500103004,20231011,427,23,8,1,25.06864,121.5107,15
500103004,20231011,428,23,9,1,25.06864,121.5107,14
500103004,20231011,429,23,9,1,25.06864,121.5107,14
500103004,20231011,430,23,9,1,25.06864,121.5107,14
500103004,20231011,431,23,9,1,25.06864,121.5107,14
500103004,20231011,432,23,9,1,25.06864,121.5107,14
500103004,20231011,433,23,9,1,25.06864,121.5107,14
500103004,20231011,434,23,9,1,25.06864,121.5107,14
500103004,20231011,435,23,9,1,25.06864,121.5107,14
500103004,20231011,436,23,9,1,25.06864,121.5107,14
500103004,20231011,437,23,9,1,25.06864,121.5107,14
500103004,20231011,438,23,9,1,25.06864,121.5107,14
500103004,20231011,439,23,9,1,25.06864,121.5107,14
500103004,20231011,441,23,9,1,25.06864,121.5107,14
500103004,20231011,442,23,9,1,25.06864,121.5107,14
500103004,20231011,443,23,9,1,25.06864,121.5107,14
500103004,20231011,444,23,9,1,25.06864,121.5107,14
500103004,20231011,445,23,9,1,25.06864,121.5107,14
500103004,20231011,446,23,9,1,25.06864,121.5107,14
500103004,20231011,447,23,12,1,25.06864,121.5107,11
500103004,20231011,448,23,12,1,25.06864,121.5107,11
500103004,20231011,449,23,13,1,25.06864,121.5107,10
500103004,20231011,451,23,13,1,25.06864,121.5107,10
500103004,20231011,452,23,13,1,25.06864,121.5107,10
500103004,20231011,453,23,13,1,25.06864,121.5107,10
500103004,20231011,454,23,13,1,25.06864,121.5107,10
500103004,20231011,455,23,13,1,25.06864,121.5107,10
500103004,20231011,456,23,13,1,25.06864,121.5107,10
500103004,20231011,457,23,13,1,25.06864,121.5107,10
500103004,20231011,458,23,14,1,25.06864,121.5107,9
500103004,20231011,459,23,14,1,25.06864,121.5107,9
500103004,20231011,460,23,15,1,25.06864,121.5107,8
500103004,20231011,461,23,16,1,25.06864,121.5107,7
500103004,20231011,462,23,17,1,25.06864,121.5107,6
500103004,20231011,463,23,17,1,25.06864,121.5107,6
500103004,20231011,464,23,19,1,25.06864,121.5107,4
500103004,20231011,465,23,20,1,25.06864,121.5107,3
500103004,20231011,466,23,20,1,25.06864,121.5107,3
500103004,20231011,467,23,20,1,25.06864,121.5107,3
500103004,20231011,468,23,19,1,25.06864,121.5107,4
500103004,20231011,469,23,18,1,25.06864,121.5107,5
500103004,20231011,470,23,19,1,25.06864,121.5107,4
500103004,20231011,471,23,20,1,25.06864,121.5107,3
500103004,20231011,472,23,21,1,25.06864,121.5107,2
500103004,20231011,473,23,22,1,25.06864,121.5107,1
500103004,20231011,474,23,23,1,25.06864,121.5107,0
500103004,20231011,475,23,23,1,25.06864,121.5107,0
500103004,20231011,476,23,22,1,25.06864,121.5107,1
500103004,20231011,477,23,23,1,25.06864,121.5107,0
500103004,20231011,478,23,23,1,25.06864,121.5107,0
500103004,20231011,479,23,23,1,25.06864,121.5107,0
500103004,20231011,481,23,23,1,25.06864,121.5107,0
500103004,20231011,482,23,23,1,25.06864,121.5107,0
500103004,20231011,483,23,23,1,25.06864,121.5107,0
500103004,20231011,484,23,22,1,25.06864,121.5107,1
500103004,20231011,485,23,22,1,25.06864,121.5107,1
500103004,20231011,486,23,22,1,25.06864,121.5107,1
500103004,20231011,487,23,23,1,25.06864,121.5107,0
500103004,20231011,488,23,23,1,25.06864,121.5107,0
500103004,20231011,489,23,23,1,25.06864,121.5107,0
500103004,20231011,490,23,22,1,25.06864,121.5107,1
500103004,20231011,491,23,23,1,25.06864,121.5107,0
500103004,20231011,492,23,23,1,25.06864,121.5107,0
500103004,20231011,493,23,23,1,25.06864,121.5107,0
500103004,20231011,494,23,23,1,25.06864,121.5107,0
500103004,20231011,495,23,23,1,25.06864,121.5107,0
500103004,20231011,496,23,23,1,25.06864,121.5107,0
500103004,20231011,497,23,22,1,25.06864,121.5107,1
500103004,20231011,498,23,22,1,25.06864,121.5107,1
500103004,20231011,499,23,23,1,25.06864,121.5107,0
500103004,20231011,501,23,23,1,25.06864,121.5107,0
500103004,20231011,502,23,23,1,25.06864,121.5107,0
500103004,20231011,503,23,23,1,25.06864,121.5107,0
500103004,20231011,504,23,23,1,25.06864,121.5107,0
500103004,20231011,505,23,23,1,25.06864,121.5107,0
500103004,20231011,506,23,23,1,25.06864,121.5107,0
500103004,20231011,507,23,23,1,25.06864,121.5107,0
500103004,20231011,508,23,23,1,25.06864,121.5107,0
500103004,20231011,509,23,23,1,25.06864,121.5107,0
500103004,20231011,511,23,23,1,25.06864,121.5107,0
500103004,20231011,513,23,23,1,25.06864,121.5107,0
500103004,20231011,514,23,22,1,25.06864,121.5107,1
500103004,20231011,515,23,22,1,25.06864,121.5107,1
500103004,20231011,516,23,23,1,25.06864,121.5107,0
500103004,20231011,517,23,23,1,25.06864,121.5107,0
500103004,20231011,518,23,23,1,25.06864,121.5107,0
500103004,20231011,519,23,23,1,25.06864,121.5107,0
500103004,20231011,520,23,23,1,25.06864,121.5107,0
500103004,20231011,521,23,23,1,25.06864,121.5107,0
500103004,20231011,522,23,23,1,25.06864,121.5107,0
500103004,20231011,523,23,23,1,25.06864,121.5107,0
500103004,20231011,524,23,23,1,25.06864,121.5107,0
500103004,20231011,525,23,23,1,25.06864,121.5107,0
500103004,20231011,526,23,23,1,25.06864,121.5107,0
500103004,20231011,527,23,22,1,25.06864,121.5107,1
500103004,20231011,528,23,22,1,25.06864,121.5107,1
500103004,20231011,529,23,23,1,25.06864,121.5107,0
500103004,20231011,530,23,23,1,25.06864,121.5107,0
500103004,20231011,531,23,23,1,25.06864,121.5107,0
500103004,20231011,532,23,23,1,25.06864,121.5107,0
500103004,20231011,533,23,23,1,25.06864,121.5107,0
500103004,20231011,534,23,23,1,25.06864,121.5107,0
500103004,20231011,535,23,23,1,25.06864,121.5107,0
500103004,20231011,536,23,22,1,25.06864,121.5107,1
500103004,20231011,537,23,19,1,25.06864,121.5107,4
500103004,20231011,538,23,19,1,25.06864,121.5107,4
500103004,20231011,539,23,20,1,25.06864,121.5107,3
500103004,20231011,541,23,20,1,25.06864,121.5107,3
500103004,20231011,542,23,21,1,25.06864,121.5107,2
500103004,20231011,543,23,21,1,25.06864,121.5107,2
500103004,20231011,544,23,21,1,25.06864,121.5107,2
500103004,20231011,545,23,21,1,25.06864,121.5107,2
500103004,20231011,546,23,21,1,25.06864,121.5107,2
500103004,20231011,547,23,22,1,25.06864,121.5107,1
500103004,20231011,548,23,23,1,25.06864,121.5107,0
500103004,20231011,549,23,23,1,25.06864,121.5107,0
500103004,20231011,550,23,23,1,25.06864,121.5107,0
500103004,20231011,551,23,23,1,25.06864,121.5107,0
500103004,20231011,552,23,23,1,25.06864,121.5107,0
500103004,20231011,553,23,23,1,25.06864,121.5107,0
500103004,20231011,554,23,23,1,25.06864,121.5107,0
500103004,20231011,555,23,23,1,25.06864,121.5107,0
500103004,20231011,556,23,23,1,25.06864,121.5107,0
500103004,20231011,557,23,23,1,25.06864,121.5107,0
500103004,20231011,558,23,23,1,25.06864,121.5107,0
500103004,20231011,559,23,23,1,25.06864,121.5107,0
500103004,20231011,561,23,23,1,25.06864,121.5107,0
500103004,20231011,562,23,23,1,25.06864,121.5107,0
500103004,20231011,563,23,23,1,25.06864,121.5107,0
500103004,20231011,564,23,23,1,25.06864,121.5107,0
500103004,20231011,565,23,23,1,25.06864,121.5107,0
500103004,20231011,566,23,23,1,25.06864,121.5107,0
500103004,20231011,567,23,23,1,25.06864,121.5107,0
500103004,20231011,568,23,23,1,25.06864,121.5107,0
500103004,20231011,569,23,23,1,25.06864,121.5107,0
500103004,20231011,571,23,23,1,25.06864,121.5107,0
500103004,20231011,572,23,23,1,25.06864,121.5107,0
500103004,20231011,573,23,23,1,25.06864,121.5107,0
500103004,20231011,574,23,23,1,25.06864,121.5107,0
500103004,20231011,575,23,23,1,25.06864,121.5107,0
500103004,20231011,576,23,23,1,25.06864,121.5107,0
500103004,20231011,577,23,23,1,25.06864,121.5107,0
500103004,20231011,578,23,23,1,25.06864,121.5107,0
500103004,20231011,579,23,23,1,25.06864,121.5107,0
500103004,20231011,580,23,23,1,25.06864,121.5107,0
500103004,20231011,581,23,23,1,25.06864,121.5107,0
500103004,20231011,582,23,23,1,25.06864,121.5107,0
500103004,20231011,583,23,23,1,25.06864,121.5107,0
500103004,20231011,584,23,23,1,25.06864,121.5107,0
500103004,20231011,585,23,23,1,25.06864,121.5107,0
500103004,20231011,586,23,23,1,25.06864,121.5107,0
500103004,20231011,587,23,23,1,25.06864,121.5107,0
500103004,20231011,588,23,23,1,25.06864,121.5107,0
500103004,20231011,589,23,23,1,25.06864,121.5107,0
500103004,20231011,590,23,23,1,25.06864,121.5107,0
500103004,20231011,591,23,23,1,25.06864,121.5107,0
500103004,20231011,592,23,23,1,25.06864,121.5107,0
500103004,20231011,593,23,22,1,25.06864,121.5107,1
500103004,20231011,594,23,22,1,25.06864,121.5107,1
500103004,20231011,595,23,22,1,25.06864,121.5107,1
500103004,20231011,596,23,22,1,25.06864,121.5107,1
500103004,20231011,597,23,22,1,25.06864,121.5107,1
500103004,20231011,598,23,22,1,25.06864,121.5107,1
500103004,20231011,599,23,22,1,25.06864,121.5107,1
500103004,20231011,601,23,22,1,25.06864,121.5107,1
500103004,20231011,602,23,22,1,25.06864,121.5107,1
500103004,20231011,603,23,22,1,25.06864,121.5107,1
500103004,20231011,604,23,22,1,25.06864,121.5107,1
500103004,20231011,605,23,22,1,25.06864,121.5107,1
500103004,20231011,606,23,22,1,25.06864,121.5107,1
500103004,20231011,607,23,22,1,25.06864,121.5107,1
500103004,20231011,608,23,23,1,25.06864,121.5107,0
500103004,20231011,609,23,23,1,25.06864,121.5107,0
500103004,20231011,610,23,23,1,25.06864,121.5107,0
500103004,20231011,611,23,23,1,25.06864,121.5107,0
500103004,20231011,612,23,23,1,25.06864,121.5107,0
500103004,20231011,613,23,23,1,25.06864,121.5107,0
500103004,20231011,614,23,23,1,25.06864,121.5107,0
500103004,20231011,615,23,23,1,25.06864,121.5107,0
500103004,20231011,616,23,23,1,25.06864,121.5107,0
500103004,20231011,617,23,23,1,25.06864,121.5107,0
500103004,20231011,618,23,23,1,25.06864,121.5107,0
500103004,20231011,619,23,23,1,25.06864,121.5107,0
500103004,20231011,621,23,23,1,25.06864,121.5107,0
500103004,20231011,622,23,23,1,25.06864,121.5107,0
500103004,20231011,623,23,23,1,25.06864,121.5107,0
500103004,20231011,624,23,23,1,25.06864,121.5107,0
500103004,20231011,625,23,23,1,25.06864,121.5107,0
500103004,20231011,626,23,23,1,25.06864,121.5107,0
500103004,20231011,627,23,23,1,25.06864,121.5107,0
500103004,20231011,628,23,23,1,25.06864,121.5107,0
500103004,20231011,629,23,23,1,25.06864,121.5107,0
500103004,20231011,631,23,23,1,25.06864,121.5107,0
500103004,20231011,632,23,23,1,25.06864,121.5107,0
500103004,20231011,633,23,23,1,25.06864,121.5107,0
500103004,20231011,634,23,23,1,25.06864,121.5107,0
500103004,20231011,635,23,23,1,25.06864,121.5107,0
500103004,20231011,636,23,23,1,25.06864,121.5107,0
500103004,20231011,637,23,23,1,25.06864,121.5107,0
500103004,20231011,638,23,23,1,25.06864,121.5107,0
500103004,20231011,639,23,23,1,25.06864,121.5107,0
500103004,20231011,640,23,22,1,25.06864,121.5107,1
500103004,20231011,641,23,22,1,25.06864,121.5107,1
500103004,20231011,642,23,22,1,25.06864,121.5107,1
500103004,20231011,643,23,22,1,25.06864,121.5107,1
500103004,20231011,644,23,23,1,25.06864,121.5107,0
500103004,20231011,645,23,23,1,25.06864,121.5107,0
500103004,20231011,646,23,23,1,25.06864,121.5107,0
500103004,20231011,647,23,23,1,25.06864,121.5107,0
500103004,20231011,648,23,23,1,25.06864,121.5107,0
500103004,20231011,649,23,23,1,25.06864,121.5107,0
500103004,20231011,650,23,23,1,25.06864,121.5107,0
500103004,20231011,651,23,23,1,25.06864,121.5107,0
500103004,20231011,652,23,23,1,25.06864,121.5107,0
500103004,20231011,653,23,23,1,25.06864,121.5107,0
500103004,20231011,654,23,23,1,25.06864,121.5107,0
500103004,20231011,655,23,23,1,25.06864,121.5107,0
500103004,20231011,656,23,23,1,25.06864,121.5107,0
500103004,20231011,657,23,23,1,25.06864,121.5107,0
500103004,20231011,658,23,23,1,25.06864,121.5107,0
500103004,20231011,659,23,23,1,25.06864,121.5107,0
500103004,20231011,661,23,23,1,25.06864,121.5107,0
500103004,20231011,662,23,23,1,25.06864,121.5107,0
500103004,20231011,663,23,23,1,25.06864,121.5107,0
500103004,20231011,664,23,23,1,25.06864,121.5107,0
500103004,20231011,665,23,23,1,25.06864,121.5107,0
500103004,20231011,666,23,23,1,25.06864,121.5107,0
500103004,20231011,667,23,23,1,25.06864,121.5107,0
500103004,20231011,668,23,23,1,25.06864,121.5107,0
500103004,20231011,669,23,23,1,25.06864,121.5107,0
500103004,20231011,670,23,23,1,25.06864,121.5107,0
500103004,20231011,671,23,23,1,25.06864,121.5107,0
500103004,20231011,672,23,23,1,25.06864,121.5107,0
500103004,20231011,673,23,23,1,25.06864,121.5107,0
500103004,20231011,674,23,23,1,25.06864,121.5107,0
500103004,20231011,675,23,22,1,25.06864,121.5107,1
500103004,20231011,676,23,22,1,25.06864,121.5107,1
500103004,20231011,677,23,22,1,25.06864,121.5107,1
500103004,20231011,678,23,22,1,25.06864,121.5107,1
500103004,20231011,679,23,22,1,25.06864,121.5107,1
500103004,20231011,681,23,22,1,25.06864,121.5107,1
500103004,20231011,682,23,22,1,25.06864,121.5107,1
500103004,20231011,683,23,22,1,25.06864,121.5107,1
500103004,20231011,684,23,22,1,25.06864,121.5107,1
500103004,20231011,685,23,22,1,25.06864,121.5107,1
500103004,20231011,686,23,22,1,25.06864,121.5107,1
500103004,20231011,687,23,22,1,25.06864,121.5107,1
500103004,20231011,688,23,22,1,25.06864,121.5107,1
500103004,20231011,689,23,22,1,25.06864,121.5107,1
500103004,20231011,690,23,22,1,25.06864,121.5107,1
500103004,20231011,691,23,22,1,25.06864,121.5107,1
500103004,20231011,692,23,22,1,25.06864,121.5107,1
500103004,20231011,693,23,22,1,25.06864,121.5107,1
500103004,20231011,694,23,22,1,25.06864,121.5107,1
500103004,20231011,695,23,22,1,25.06864,121.5107,1
500103004,20231011,696,23,22,1,25.06864,121.5107,1
500103004,20231011,697,23,22,1,25.06864,121.5107,1
500103004,20231011,698,23,22,1,25.06864,121.5107,1
500103004,20231011,699,23,22,1,25.06864,121.5107,1
500103004,20231011,700,23,22,1,25.06864,121.5107,1
500103004,20231011,701,23,22,1,25.06864,121.5107,1
500103004,20231011,702,23,22,1,25.06864,121.5107,1
500103004,20231011,703,23,22,1,25.06864,121.5107,1
500103004,20231011,704,23,22,1,25.06864,121.5107,1
500103004,20231011,705,23,22,1,25.06864,121.5107,1
500103004,20231011,706,23,22,1,25.06864,121.5107,1
500103004,20231011,707,23,22,1,25.06864,121.5107,1
500103004,20231011,708,23,22,1,25.06864,121.5107,1
500103004,20231011,709,23,22,1,25.06864,121.5107,1
500103004,20231011,710,23,22,1,25.06864,121.5107,1
500103004,20231011,711,23,22,1,25.06864,121.5107,1
500103004,20231011,712,23,22,1,25.06864,121.5107,1
500103004,20231011,713,23,21,1,25.06864,121.5107,2
500103004,20231011,714,23,21,1,25.06864,121.5107,2
500103004,20231011,715,23,21,1,25.06864,121.5107,2
500103004,20231011,716,23,20,1,25.06864,121.5107,3
500103004,20231011,717,23,20,1,25.06864,121.5107,3
500103004,20231011,718,23,20,1,25.06864,121.5107,3
500103004,20231011,719,23,20,1,25.06864,121.5107,3
500103004,20231011,721,23,20,1,25.06864,121.5107,3
500103004,20231011,722,23,20,1,25.06864,121.5107,3
500103004,20231011,723,23,20,1,25.06864,121.5107,3
500103004,20231011,724,23,20,1,25.06864,121.5107,3
500103004,20231011,725,23,20,1,25.06864,121.5107,3
500103004,20231011,726,23,20,1,25.06864,121.5107,3
500103004,20231011,727,23,20,1,25.06864,121.5107,3
500103004,20231011,728,23,20,1,25.06864,121.5107,3
500103004,20231011,729,23,20,1,25.06864,121.5107,3
500103004,20231011,730,23,20,1,25.06864,121.5107,3
500103004,20231011,731,23,20,1,25.06864,121.5107,3
500103004,20231011,732,23,20,1,25.06864,121.5107,3
500103004,20231011,733,23,20,1,25.06864,121.5107,3
500103004,20231011,734,23,20,1,25.06864,121.5107,3
500103004,20231011,735,23,20,1,25.06864,121.5107,3
500103004,20231011,736,23,21,1,25.06864,121.5107,2
500103004,20231011,737,23,21,1,25.06864,121.5107,2
500103004,20231011,738,23,21,1,25.06864,121.5107,2
500103004,20231011,739,23,21,1,25.06864,121.5107,2
500103004,20231011,741,23,21,1,25.06864,121.5107,2
500103004,20231011,742,23,21,1,25.06864,121.5107,2
500103004,20231011,743,23,21,1,25.06864,121.5107,2
500103004,20231011,744,23,21,1,25.06864,121.5107,2
500103004,20231011,745,23,21,1,25.06864,121.5107,2
500103004,20231011,746,23,21,1,25.06864,121.5107,2
500103004,20231011,747,23,21,1,25.06864,121.5107,2
500103004,20231011,748,23,21,1,25.06864,121.5107,2
500103004,20231011,749,23,21,1,25.06864,121.5107,2
500103004,20231011,751,23,21,1,25.06864,121.5107,2
500103004,20231011,752,23,21,1,25.06864,121.5107,2
500103004,20231011,753,23,20,1,25.06864,121.5107,3
500103004,20231011,754,23,20,1,25.06864,121.5107,3
500103004,20231011,755,23,20,1,25.06864,121.5107,3
500103004,20231011,756,23,21,1,25.06864,121.5107,2
500103004,20231011,757,23,21,1,25.06864,121.5107,2
500103004,20231011,758,23,21,1,25.06864,121.5107,2
500103004,20231011,759,23,20,1,25.06864,121.5107,3
500103004,20231011,760,23,20,1,25.06864,121.5107,3
500103004,20231011,761,23,20,1,25.06864,121.5107,3
500103004,20231011,762,23,20,1,25.06864,121.5107,3
500103004,20231011,763,23,20,1,25.06864,121.5107,3
500103004,20231011,764,23,19,1,25.06864,121.5107,4
500103004,20231011,765,23,17,1,25.06864,121.5107,6
500103004,20231011,766,23,17,1,25.06864,121.5107,6
500103004,20231011,767,23,17,1,25.06864,121.5107,6
500103004,20231011,768,23,18,1,25.06864,121.5107,5
500103004,20231011,769,23,18,1,25.06864,121.5107,5
500103004,20231011,770,23,18,1,25.06864,121.5107,5
500103004,20231011,771,23,18,1,25.06864,121.5107,5
500103004,20231011,772,23,18,1,25.06864,121.5107,5
500103004,20231011,773,23,18,1,25.06864,121.5107,5
500103004,20231011,774,23,18,1,25.06864,121.5107,5
500103004,20231011,775,23,18,1,25.06864,121.5107,5
500103004,20231011,776,23,18,1,25.06864,121.5107,5
500103004,20231011,777,23,18,1,25.06864,121.5107,5
500103004,20231011,778,23,17,1,25.06864,121.5107,6
500103004,20231011,779,23,18,1,25.06864,121.5107,5
500103004,20231011,781,23,19,1,25.06864,121.5107,4
500103004,20231011,782,23,19,1,25.06864,121.5107,4
500103004,20231011,783,23,19,1,25.06864,121.5107,4
500103004,20231011,784,23,19,1,25.06864,121.5107,4
500103004,20231011,785,23,19,1,25.06864,121.5107,4
500103004,20231011,786,23,19,1,25.06864,121.5107,4
500103004,20231011,787,23,19,1,25.06864,121.5107,4
500103004,20231011,788,23,19,1,25.06864,121.5107,4
500103004,20231011,789,23,19,1,25.06864,121.5107,4
500103004,20231011,790,23,19,1,25.06864,121.5107,4
500103004,20231011,791,23,19,1,25.06864,121.5107,4
500103004,20231011,792,23,19,1,25.06864,121.5107,4
500103004,20231011,793,23,18,1,25.06864,121.5107,5
500103004,20231011,794,23,18,1,25.06864,121.5107,5
500103004,20231011,795,23,18,1,25.06864,121.5107,5
500103004,20231011,796,23,18,1,25.06864,121.5107,5
500103004,20231011,797,23,17,1,25.06864,121.5107,6
500103004,20231011,798,23,17,1,25.06864,121.5107,6
500103004,20231011,799,23,17,1,25.06864,121.5107,6
500103004,20231011,801,23,17,1,25.06864,121.5107,6
500103004,20231011,802,23,17,1,25.06864,121.5107,6
500103004,20231011,803,23,17,1,25.06864,121.5107,6
500103004,20231011,804,23,17,1,25.06864,121.5107,6
500103004,20231011,805,23,17,1,25.06864,121.5107,6
500103004,20231011,806,23,17,1,25.06864,121.5107,6
500103004,20231011,807,23,17,1,25.06864,121.5107,6
500103004,20231011,808,23,17,1,25.06864,121.5107,6
500103004,20231011,809,23,17,1,25.06864,121.5107,6
500103004,20231011,811,23,17,1,25.06864,121.5107,6
500103004,20231011,812,23,17,1,25.06864,121.5107,6
500103004,20231011,813,23,17,1,25.06864,121.5107,6
500103004,20231011,814,23,17,1,25.06864,121.5107,6
500103004,20231011,815,23,17,1,25.06864,121.5107,6
500103004,20231011,817,23,17,1,25.06864,121.5107,6
500103004,20231011,818,23,18,1,25.06864,121.5107,5
500103004,20231011,819,23,18,1,25.06864,121.5107,5
500103004,20231011,820,23,18,1,25.06864,121.5107,5
500103004,20231011,821,23,18,1,25.06864,121.5107,5
500103004,20231011,822,23,18,1,25.06864,121.5107,5
500103004,20231011,823,23,18,1,25.06864,121.5107,5
500103004,20231011,824,23,18,1,25.06864,121.5107,5
500103004,20231011,825,23,18,1,25.06864,121.5107,5
500103004,20231011,826,23,18,1,25.06864,121.5107,5
500103004,20231011,827,23,18,1,25.06864,121.5107,5
500103004,20231011,828,23,17,1,25.06864,121.5107,6
500103004,20231011,829,23,17,1,25.06864,121.5107,6
500103004,20231011,830,23,17,1,25.06864,121.5107,6
500103004,20231011,831,23,17,1,25.06864,121.5107,6
500103004,20231011,832,23,17,1,25.06864,121.5107,6
500103004,20231011,833,23,17,1,25.06864,121.5107,6
500103004,20231011,834,23,17,1,25.06864,121.5107,6
500103004,20231011,835,23,17,1,25.06864,121.5107,6
500103004,20231011,836,23,15,1,25.06864,121.5107,8
500103004,20231011,837,23,15,1,25.06864,121.5107,8
500103004,20231011,838,23,15,1,25.06864,121.5107,8
500103004,20231011,839,23,15,1,25.06864,121.5107,8
500103004,20231011,841,23,15,1,25.06864,121.5107,8
500103004,20231011,842,23,14,1,25.06864,121.5107,9
500103004,20231011,843,23,14,1,25.06864,121.5107,9
500103004,20231011,844,23,14,1,25.06864,121.5107,9
500103004,20231011,845,23,14,1,25.06864,121.5107,9
500103004,20231011,846,23,14,1,25.06864,121.5107,9
500103004,20231011,847,23,14,1,25.06864,121.5107,9
500103004,20231011,848,23,14,1,25.06864,121.5107,9
500103004,20231011,849,23,14,1,25.06864,121.5107,9
500103004,20231011,850,23,15,1,25.06864,121.5107,8
500103004,20231011,851,23,15,1,25.06864,121.5107,8
500103004,20231011,852,23,15,1,25.06864,121.5107,8
500103004,20231011,853,23,15,1,25.06864,121.5107,8
500103004,20231011,854,23,15,1,25.06864,121.5107,8
500103004,20231011,855,23,15,1,25.06864,121.5107,8
500103004,20231011,856,23,15,1,25.06864,121.5107,8
500103004,20231011,857,23,15,1,25.06864,121.5107,8
500103004,20231011,858,23,15,1,25.06864,121.5107,8
500103004,20231011,859,23,15,1,25.06864,121.5107,8
500103004,20231011,861,23,15,1,25.06864,121.5107,8
500103004,20231011,862,23,15,1,25.06864,121.5107,8
500103004,20231011,865,23,16,1,25.06864,121.5107,7
500103004,20231011,866,23,16,1,25.06864,121.5107,7
500103004,20231011,867,23,16,1,25.06864,121.5107,7
500103004,20231011,868,23,16,1,25.06864,121.5107,7
500103004,20231011,869,23,16,1,25.06864,121.5107,7
500103004,20231011,870,23,16,1,25.06864,121.5107,7
500103004,20231011,872,23,17,1,25.06864,121.5107,6
500103004,20231011,873,23,17,1,25.06864,121.5107,6
500103004,20231011,874,23,17,1,25.06864,121.5107,6
500103004,20231011,875,23,17,1,25.06864,121.5107,6
500103004,20231011,876,23,17,1,25.06864,121.5107,6
500103004,20231011,877,23,17,1,25.06864,121.5107,6
500103004,20231011,878,23,17,1,25.06864,121.5107,6
500103004,20231011,880,23,18,1,25.06864,121.5107,5
500103004,20231011,881,23,18,1,25.06864,121.5107,5
500103004,20231011,882,23,18,1,25.06864,121.5107,5
500103004,20231011,883,23,18,1,25.06864,121.5107,5
500103004,20231011,885,23,18,1,25.06864,121.5107,5
500103004,20231011,886,23,18,1,25.06864,121.5107,5
500103004,20231011,887,23,18,1,25.06864,121.5107,5
500103004,20231011,888,23,18,1,25.06864,121.5107,5
500103004,20231011,890,23,18,1,25.06864,121.5107,5
500103004,20231011,891,23,18,1,25.06864,121.5107,5
500103004,20231011,892,23,18,1,25.06864,121.5107,5
500103004,20231011,893,23,19,1,25.06864,121.5107,4
500103004,20231011,894,23,19,1,25.06864,121.5107,4
500103004,20231011,895,23,19,1,25.06864,121.5107,4
500103004,20231011,896,23,19,1,25.06864,121.5107,4
500103004,20231011,897,23,19,1,25.06864,121.5107,4
500103004,20231011,899,23,19,1,25.06864,121.5107,4
500103004,20231011,901,23,19,1,25.06864,121.5107,4
500103004,20231011,902,23,19,1,25.06864,121.5107,4
500103004,20231011,903,23,19,1,25.06864,121.5107,4
500103004,20231011,905,23,19,1,25.06864,121.5107,4
500103004,20231011,906,23,19,1,25.06864,121.5107,4
500103004,20231011,907,23,19,1,25.06864,121.5107,4
500103004,20231011,908,23,19,1,25.06864,121.5107,4
500103004,20231011,909,23,19,1,25.06864,121.5107,4
500103004,20231011,911,23,18,1,25.06864,121.5107,5
500103004,20231011,912,23,18,1,25.06864,121.5107,5
500103004,20231011,913,23,18,1,25.06864,121.5107,5
500103004,20231011,914,23,18,1,25.06864,121.5107,5
500103004,20231011,915,23,18,1,25.06864,121.5107,5
500103004,20231011,916,23,17,1,25.06864,121.5107,6
500103004,20231011,918,23,17,1,25.06864,121.5107,6
500103004,20231011,919,23,17,1,25.06864,121.5107,6
500103004,20231011,921,23,17,1,25.06864,121.5107,6
500103004,20231011,922,23,17,1,25.06864,121.5107,6
500103004,20231011,924,23,17,1,25.06864,121.5107,6
500103004,20231011,925,23,17,1,25.06864,121.5107,6
500103004,20231011,926,23,17,1,25.06864,121.5107,6
500103004,20231011,927,23,17,1,25.06864,121.5107,6
500103004,20231011,928,23,17,1,25.06864,121.5107,6
500103004,20231011,929,23,16,1,25.06864,121.5107,7
500103004,20231011,930,23,16,1,25.06864,121.5107,7
500103004,20231011,931,23,16,1,25.06864,121.5107,7
500103004,20231011,932,23,16,1,25.06864,121.5107,7
500103004,20231011,934,23,17,1,25.06864,121.5107,6
500103004,20231011,935,23,16,1,25.06864,121.5107,7
500103004,20231011,936,23,16,1,25.06864,121.5107,7
500103004,20231011,937,23,16,1,25.06864,121.5107,7
500103004,20231011,938,23,16,1,25.06864,121.5107,7
500103004,20231011,939,23,17,1,25.06864,121.5107,6
500103004,20231011,940,23,17,1,25.06864,121.5107,6
500103004,20231011,941,23,17,1,25.06864,121.5107,6
500103004,20231011,942,23,17,1,25.06864,121.5107,6
500103004,20231011,943,23,17,1,25.06864,121.5107,6
500103004,20231011,945,23,18,1,25.06864,121.5107,5
500103004,20231011,946,23,17,1,25.06864,121.5107,6
500103004,20231011,947,23,17,1,25.06864,121.5107,6
500103004,20231011,948,23,17,1,25.06864,121.5107,6
500103004,20231011,949,23,17,1,25.06864,121.5107,6
500103004,20231011,950,23,17,1,25.06864,121.5107,6
500103004,20231011,952,23,17,1,25.06864,121.5107,6
500103004,20231011,953,23,17,1,25.06864,121.5107,6
500103004,20231011,954,23,17,1,25.06864,121.5107,6
500103004,20231011,955,23,17,1,25.06864,121.5107,6
500103004,20231011,956,23,17,1,25.06864,121.5107,6
500103004,20231011,957,23,17,1,25.06864,121.5107,6
500103004,20231011,958,23,18,1,25.06864,121.5107,5
500103004,20231011,959,23,18,1,25.06864,121.5107,5
500103004,20231011,961,23,18,1,25.06864,121.5107,5
500103004,20231011,962,23,18,1,25.06864,121.5107,5
500103004,20231011,963,23,18,1,25.06864,121.5107,5
500103004,20231011,964,23,18,1,25.06864,121.5107,5
500103004,20231011,965,23,17,1,25.06864,121.5107,6
500103004,20231011,966,23,17,1,25.06864,121.5107,6
500103004,20231011,967,23,17,1,25.06864,121.5107,6
500103004,20231011,969,23,17,1,25.06864,121.5107,6
500103004,20231011,970,23,15,1,25.06864,121.5107,8
500103004,20231011,971,23,15,1,25.06864,121.5107,8
500103004,20231011,972,23,16,1,25.06864,121.5107,7
500103004,20231011,973,23,17,1,25.06864,121.5107,6
500103004,20231011,974,23,17,1,25.06864,121.5107,6
500103004,20231011,976,23,17,1,25.06864,121.5107,6
500103004,20231011,977,23,17,1,25.06864,121.5107,6
500103004,20231011,978,23,16,1,25.06864,121.5107,7
500103004,20231011,979,23,16,1,25.06864,121.5107,7
500103004,20231011,981,23,16,1,25.06864,121.5107,7
500103004,20231011,982,23,15,1,25.06864,121.5107,8
500103004,20231011,983,23,13,1,25.06864,121.5107,10
500103004,20231011,985,23,13,1,25.06864,121.5107,10
500103004,20231011,986,23,13,1,25.06864,121.5107,10
500103004,20231011,987,23,13,1,25.06864,121.5107,10
500103004,20231011,988,23,13,1,25.06864,121.5107,10
500103004,20231011,989,23,12,1,25.06864,121.5107,11
500103004,20231011,992,23,12,1,25.06864,121.5107,11
500103004,20231011,993,23,11,1,25.06864,121.5107,12
500103004,20231011,994,23,11,1,25.06864,121.5107,12
500103004,20231011,995,23,11,1,25.06864,121.5107,12
500103004,20231011,996,23,11,1,25.06864,121.5107,12
500103004,20231011,997,23,11,1,25.06864,121.5107,12
500103004,20231011,998,23,11,1,25.06864,121.5107,12
500103004,20231011,999,23,11,1,25.06864,121.5107,12
500103004,20231011,1000,23,10,1,25.06864,121.5107,13
500103004,20231011,1001,23,10,1,25.06864,121.5107,13
500103004,20231011,1002,23,10,1,25.06864,121.5107,13
500103004,20231011,1003,23,10,1,25.06864,121.5107,13
500103004,20231011,1004,23,9,1,25.06864,121.5107,14
500103004,20231011,1005,23,9,1,25.06864,121.5107,14
500103004,20231011,1006,23,7,1,25.06864,121.5107,16
500103004,20231011,1008,23,6,1,25.06864,121.5107,17
500103004,20231011,1009,23,5,1,25.06864,121.5107,18
500103004,20231011,1010,23,5,1,25.06864,121.5107,18
500103004,20231011,1011,23,5,1,25.06864,121.5107,18
500103004,20231011,1012,23,5,1,25.06864,121.5107,18
500103004,20231011,1013,23,6,1,25.06864,121.5107,17
500103004,20231011,1014,23,6,1,25.06864,121.5107,17
500103004,20231011,1015,23,6,1,25.06864,121.5107,17
500103004,20231011,1016,23,5,1,25.06864,121.5107,18
500103004,20231011,1017,23,6,1,25.06864,121.5107,17
500103004,20231011,1018,23,6,1,25.06864,121.5107,17
500103004,20231011,1019,23,6,1,25.06864,121.5107,17
500103004,20231011,1021,23,6,1,25.06864,121.5107,17
500103004,20231011,1022,23,6,1,25.06864,121.5107,17
500103004,20231011,1024,23,6,1,25.06864,121.5107,17
500103004,20231011,1025,23,6,1,25.06864,121.5107,17
500103004,20231011,1026,23,7,1,25.06864,121.5107,16
500103004,20231011,1027,23,7,1,25.06864,121.5107,16
500103004,20231011,1028,23,7,1,25.06864,121.5107,16
500103004,20231011,1029,23,7,1,25.06864,121.5107,16
500103004,20231011,1030,23,7,1,25.06864,121.5107,16
500103004,20231011,1031,23,7,1,25.06864,121.5107,16
500103004,20231011,1032,23,7,1,25.06864,121.5107,16
500103004,20231011,1033,23,6,1,25.06864,121.5107,17
500103004,20231011,1034,23,5,1,25.06864,121.5107,18
500103004,20231011,1035,23,5,1,25.06864,121.5107,18
500103004,20231011,1036,23,4,1,25.06864,121.5107,19
500103004,20231011,1037,23,3,1,25.06864,121.5107,20
500103004,20231011,1038,23,3,1,25.06864,121.5107,20
500103004,20231011,1039,23,4,1,25.06864,121.5107,19
500103004,20231011,1041,23,4,1,25.06864,121.5107,19
500103004,20231011,1042,23,4,1,25.06864,121.5107,19
500103004,20231011,1043,23,4,1,25.06864,121.5107,19
500103004,20231011,1044,23,4,1,25.06864,121.5107,19
500103004,20231011,1046,23,4,1,25.06864,121.5107,19
500103004,20231011,1047,23,4,1,25.06864,121.5107,19
500103004,20231011,1048,23,4,1,25.06864,121.5107,19
500103004,20231011,1049,23,3,1,25.06864,121.5107,20
500103004,20231011,1051,23,2,1,25.06864,121.5107,21
500103004,20231011,1052,23,2,1,25.06864,121.5107,21
500103004,20231011,1053,23,2,1,25.06864,121.5107,21
500103004,20231011,1054,23,2,1,25.06864,121.5107,21
500103004,20231011,1055,23,2,1,25.06864,121.5107,21
500103004,20231011,1056,23,1,1,25.06864,121.5107,22
500103004,20231011,1057,23,3,1,25.06864,121.5107,20
500103004,20231011,1058,23,3,1,25.06864,121.5107,20
500103004,20231011,1059,23,3,1,25.06864,121.5107,20
500103004,20231011,1060,23,3,1,25.06864,121.5107,20
500103004,20231011,1061,23,5,1,25.06864,121.5107,18
500103004,20231011,1062,23,6,1,25.06864,121.5107,17
500103004,20231011,1063,23,9,1,25.06864,121.5107,14
500103004,20231011,1064,23,11,1,25.06864,121.5107,12
500103004,20231011,1065,23,15,1,25.06864,121.5107,8
500103004,20231011,1066,23,15,1,25.06864,121.5107,8
500103004,20231011,1067,23,15,1,25.06864,121.5107,8
500103004,20231011,1068,23,19,1,25.06864,121.5107,4
500103004,20231011,1069,23,19,1,25.06864,121.5107,4
500103004,20231011,1070,23,19,1,25.06864,121.5107,4
500103004,20231011,1071,23,20,1,25.06864,121.5107,3
500103004,20231011,1072,23,20,1,25.06864,121.5107,3
500103004,20231011,1073,23,21,1,25.06864,121.5107,2
500103004,20231011,1074,23,21,1,25.06864,121.5107,2
500103004,20231011,1075,23,21,1,25.06864,121.5107,2
500103004,20231011,1076,23,21,1,25.06864,121.5107,2
500103004,20231011,1077,23,21,1,25.06864,121.5107,2
500103004,20231011,1078,23,21,1,25.06864,121.5107,2
500103004,20231011,1079,23,21,1,25.06864,121.5107,2
500103004,20231011,1082,23,20,1,25.06864,121.5107,3
500103004,20231011,1083,23,20,1,25.06864,121.5107,3
500103004,20231011,1084,23,20,1,25.06864,121.5107,3
500103004,20231011,1085,23,21,1,25.06864,121.5107,2
500103004,20231011,1086,23,18,1,25.06864,121.5107,5
500103004,20231011,1087,23,17,1,25.06864,121.5107,6
500103004,20231011,1088,23,17,1,25.06864,121.5107,6
500103004,20231011,1089,23,16,1,25.06864,121.5107,7
500103004,20231011,1090,23,16,1,25.06864,121.5107,7
500103004,20231011,1091,23,16,1,25.06864,121.5107,7
500103004,20231011,1092,23,17,1,25.06864,121.5107,6
500103004,20231011,1093,23,17,1,25.06864,121.5107,6
500103004,20231011,1094,23,17,1,25.06864,121.5107,6
500103004,20231011,1095,23,17,1,25.06864,121.5107,6
500103004,20231011,1096,23,17,1,25.06864,121.5107,6
500103004,20231011,1097,23,16,1,25.06864,121.5107,7
500103004,20231011,1098,23,16,1,25.06864,121.5107,7
500103004,20231011,1099,23,15,1,25.06864,121.5107,8
500103004,20231011,1101,23,14,1,25.06864,121.5107,9
500103004,20231011,1102,23,14,1,25.06864,121.5107,9
500103004,20231011,1103,23,14,1,25.06864,121.5107,9
500103004,20231011,1104,23,14,1,25.06864,121.5107,9
500103004,20231011,1105,23,15,1,25.06864,121.5107,8
500103004,20231011,1106,23,15,1,25.06864,121.5107,8
500103004,20231011,1107,23,15,1,25.06864,121.5107,8
500103004,20231011,1108,23,16,1,25.06864,121.5107,7
500103004,20231011,1109,23,16,1,25.06864,121.5107,7
500103004,20231011,1111,23,15,1,25.06864,121.5107,8
500103004,20231011,1112,23,15,1,25.06864,121.5107,8
500103004,20231011,1113,23,15,1,25.06864,121.5107,8
500103004,20231011,1114,23,17,1,25.06864,121.5107,6
500103004,20231011,1115,23,16,1,25.06864,121.5107,7
500103004,20231011,1116,23,15,1,25.06864,121.5107,8
500103004,20231011,1118,23,15,1,25.06864,121.5107,8
500103004,20231011,1119,23,15,1,25.06864,121.5107,8
500103004,20231011,1120,23,12,1,25.06864,121.5107,11
500103004,20231011,1121,23,12,1,25.06864,121.5107,11
500103004,20231011,1122,23,12,1,25.06864,121.5107,11
500103004,20231011,1123,23,12,1,25.06864,121.5107,11
500103004,20231011,1124,23,11,1,25.06864,121.5107,12
500103004,20231011,1125,23,11,1,25.06864,121.5107,12
500103004,20231011,1126,23,11,1,25.06864,121.5107,12
500103004,20231011,1127,23,10,1,25.06864,121.5107,13
500103004,20231011,1128,23,10,1,25.06864,121.5107,13
500103004,20231011,1129,23,10,1,25.06864,121.5107,13
500103004,20231011,1130,23,12,1,25.06864,121.5107,11
500103004,20231011,1131,23,14,1,25.06864,121.5107,9
500103004,20231011,1132,23,16,1,25.06864,121.5107,7
500103004,20231011,1133,23,16,1,25.06864,121.5107,7
500103004,20231011,1134,23,18,1,25.06864,121.5107,5
500103004,20231011,1135,23,18,1,25.06864,121.5107,5
500103004,20231011,1136,23,19,1,25.06864,121.5107,4
500103004,20231011,1137,23,21,1,25.06864,121.5107,2
500103004,20231011,1138,23,21,1,25.06864,121.5107,2
500103004,20231011,1139,23,21,1,25.06864,121.5107,2
500103004,20231011,1141,23,20,1,25.06864,121.5107,3
500103004,20231011,1142,23,21,1,25.06864,121.5107,2
500103004,20231011,1143,23,21,1,25.06864,121.5107,2
500103004,20231011,1144,23,21,1,25.06864,121.5107,2
500103004,20231011,1145,23,21,1,25.06864,121.5107,2
500103004,20231011,1146,23,21,1,25.06864,121.5107,2
500103004,20231011,1147,23,22,1,25.06864,121.5107,1
500103004,20231011,1148,23,22,1,25.06864,121.5107,1
500103004,20231011,1149,23,22,1,25.06864,121.5107,1
500103004,20231011,1150,23,22,1,25.06864,121.5107,1
500103004,20231011,1151,23,19,1,25.06864,121.5107,4
500103004,20231011,1152,23,18,1,25.06864,121.5107,5
500103004,20231011,1153,23,17,1,25.06864,121.5107,6
500103004,20231011,1154,23,16,1,25.06864,121.5107,7
500103004,20231011,1155,23,15,1,25.06864,121.5107,8
500103004,20231011,1156,23,15,1,25.06864,121.5107,8
500103004,20231011,1157,23,15,1,25.06864,121.5107,8
500103004,20231011,1158,23,14,1,25.06864,121.5107,9
500103004,20231011,1159,23,14,1,25.06864,121.5107,9
500103004,20231011,1161,23,14,1,25.06864,121.5107,9
500103004,20231011,1162,23,14,1,25.06864,121.5107,9
500103004,20231011,1163,23,13,1,25.06864,121.5107,10
500103004,20231011,1164,23,12,1,25.06864,121.5107,11
500103004,20231011,1165,23,12,1,25.06864,121.5107,11
500103004,20231011,1166,23,13,1,25.06864,121.5107,10
500103004,20231011,1167,23,13,1,25.06864,121.5107,10
500103004,20231011,1168,23,13,1,25.06864,121.5107,10
500103004,20231011,1169,23,13,1,25.06864,121.5107,10
500103004,20231011,1171,23,12,1,25.06864,121.5107,11
500103004,20231011,1172,23,12,1,25.06864,121.5107,11
500103004,20231011,1173,23,11,1,25.06864,121.5107,12
500103004,20231011,1174,23,11,1,25.06864,121.5107,12
500103004,20231011,1175,23,11,1,25.06864,121.5107,12
500103004,20231011,1176,23,9,1,25.06864,121.5107,14
500103004,20231011,1177,23,10,1,25.06864,121.5107,13
500103004,20231011,1178,23,10,1,25.06864,121.5107,13
500103004,20231011,1179,23,9,1,25.06864,121.5107,14
500103004,20231011,1180,23,9,1,25.06864,121.5107,14
500103004,20231011,1181,23,8,1,25.06864,121.5107,15
500103004,20231011,1182,23,10,1,25.06864,121.5107,13
500103004,20231011,1183,23,10,1,25.06864,121.5107,13
500103004,20231011,1184,23,10,1,25.06864,121.5107,13
500103004,20231011,1185,23,10,1,25.06864,121.5107,13
500103004,20231011,1186,23,10,1,25.06864,121.5107,13
500103004,20231011,1187,23,10,1,25.06864,121.5107,13
500103004,20231011,1188,23,10,1,25.06864,121.5107,13
500103004,20231011,1189,23,10,1,25.06864,121.5107,13
500103004,20231011,1190,23,10,1,25.06864,121.5107,13
500103004,20231011,1191,23,9,1,25.06864,121.5107,14
500103004,20231011,1192,23,8,1,25.06864,121.5107,15
500103004,20231011,1193,23,7,1,25.06864,121.5107,16
500103004,20231011,1194,23,8,1,25.06864,121.5107,15
500103004,20231011,1195,23,8,1,25.06864,121.5107,15
500103004,20231011,1196,23,8,1,25.06864,121.5107,15
500103004,20231011,1197,23,8,1,25.06864,121.5107,15
500103004,20231011,1198,23,8,1,25.06864,121.5107,15
500103004,20231011,1199,23,6,1,25.06864,121.5107,17
500103004,20231011,1201,23,4,1,25.06864,121.5107,19
500103004,20231011,1202,23,5,1,25.06864,121.5107,18
500103004,20231011,1203,23,6,1,25.06864,121.5107,17
500103004,20231011,1204,23,9,1,25.06864,121.5107,14
500103004,20231011,1205,23,20,1,25.06864,121.5107,3
500103004,20231011,1206,23,20,1,25.06864,121.5107,3
500103004,20231011,1207,23,19,1,25.06864,121.5107,4
500103004,20231011,1208,23,19,1,25.06864,121.5107,4
500103004,20231011,1209,23,19,1,25.06864,121.5107,4
500103004,20231011,1210,23,19,1,25.06864,121.5107,4
500103004,20231011,1211,23,19,1,25.06864,121.5107,4
500103004,20231011,1212,23,19,1,25.06864,121.5107,4
500103004,20231011,1213,23,19,1,25.06864,121.5107,4
500103004,20231011,1214,23,19,1,25.06864,121.5107,4
500103004,20231011,1215,23,19,1,25.06864,121.5107,4
500103004,20231011,1216,23,19,1,25.06864,121.5107,4
500103004,20231011,1217,23,19,1,25.06864,121.5107,4
500103004,20231011,1218,23,19,1,25.06864,121.5107,4
500103004,20231011,1219,23,19,1,25.06864,121.5107,4
500103004,20231011,1221,23,19,1,25.06864,121.5107,4
500103004,20231011,1222,23,19,1,25.06864,121.5107,4
500103004,20231011,1223,23,20,1,25.06864,121.5107,3
500103004,20231011,1224,23,20,1,25.06864,121.5107,3
500103004,20231011,1225,23,20,1,25.06864,121.5107,3
500103004,20231011,1226,23,20,1,25.06864,121.5107,3
500103004,20231011,1227,23,19,1,25.06864,121.5107,4
500103004,20231011,1228,23,18,1,25.06864,121.5107,5
500103004,20231011,1229,23,18,1,25.06864,121.5107,5
500103004,20231011,1230,23,18,1,25.06864,121.5107,5
500103004,20231011,1231,23,17,1,25.06864,121.5107,6
500103004,20231011,1232,23,17,1,25.06864,121.5107,6
500103004,20231011,1233,23,17,1,25.06864,121.5107,6
500103004,20231011,1234,23,17,1,25.06864,121.5107,6
500103004,20231011,1235,23,18,1,25.06864,121.5107,5
500103004,20231011,1236,23,18,1,25.06864,121.5107,5
500103004,20231011,1237,23,18,1,25.06864,121.5107,5
500103004,20231011,1238,23,18,1,25.06864,121.5107,5
500103004,20231011,1239,23,17,1,25.06864,121.5107,6
500103004,20231015,1407,23,1,1,25.06864,121.5107,22
500103004,20231015,1408,23,1,1,25.06864,121.5107,22
500103004,20231015,1409,23,1,1,25.06864,121.5107,22
500103004,20231015,1410,23,1,1,25.06864,121.5107,22
500103004,20231015,1411,23,1,1,25.06864,121.5107,22
500103004,20231015,1412,23,1,1,25.06864,121.5107,22
500103004,20231015,1413,23,1,1,25.06864,121.5107,22
500103004,20231015,1414,23,1,1,25.06864,121.5107,22
500103004,20231015,1415,23,1,1,25.06864,121.5107,22
500103004,20231015,1416,23,1,1,25.06864,121.5107,22
500103004,20231015,1417,23,1,1,25.06864,121.5107,22
500103004,20231015,1418,23,1,1,25.06864,121.5107,22
500103004,20231015,1419,23,1,1,25.06864,121.5107,22
500103004,20231015,1420,23,1,1,25.06864,121.5107,22
500103004,20231015,1421,23,2,1,25.06864,121.5107,21
500103004,20231015,1422,23,2,1,25.06864,121.5107,21
500103004,20231015,1423,23,2,1,25.06864,121.5107,21
500103004,20231015,1424,23,2,1,25.06864,121.5107,21
500103004,20231015,1425,23,2,1,25.06864,121.5107,21
500103004,20231015,1426,23,2,1,25.06864,121.5107,21
500103004,20231015,1427,23,2,1,25.06864,121.5107,21
500103004,20231015,1429,23,2,1,25.06864,121.5107,21
500103004,20231015,1430,23,3,1,25.06864,121.5107,20
500103004,20231015,1431,23,3,1,25.06864,121.5107,20
500103004,20231015,1432,23,3,1,25.06864,121.5107,20
500103004,20231015,1433,23,3,1,25.06864,121.5107,20
500103004,20231015,1434,23,3,1,25.06864,121.5107,20
500103004,20231015,1435,23,3,1,25.06864,121.5107,20
500103004,20231015,1436,23,3,1,25.06864,121.5107,20
500103004,20231015,1437,23,3,1,25.06864,121.5107,20
500103004,20231015,1438,23,3,1,25.06864,121.5107,20
500103004,20231015,1439,23,3,1,25.06864,121.5107,20
500103004,20231016,0,23,3,1,25.06864,121.5107,20
500103004,20231016,1,23,3,1,25.06864,121.5107,20
500103004,20231016,2,23,3,1,25.06864,121.5107,20
500103004,20231016,3,23,2,1,25.06864,121.5107,21
500103004,20231016,4,23,2,1,25.06864,121.5107,21
500103004,20231016,5,23,2,1,25.06864,121.5107,21
500103004,20231016,6,23,2,1,25.06864,121.5107,21
500103004,20231016,7,23,2,1,25.06864,121.5107,21
500103004,20231016,8,23,2,1,25.06864,121.5107,21
500103004,20231016,9,23,2,1,25.06864,121.5107,21
500103004,20231016,11,23,2,1,25.06864,121.5107,21
500103004,20231016,12,23,2,1,25.06864,121.5107,21
500103004,20231016,13,23,2,1,25.06864,121.5107,21
500103004,20231016,14,23,2,1,25.06864,121.5107,21
500103004,20231016,15,23,2,1,25.06864,121.5107,21
500103004,20231016,16,23,2,1,25.06864,121.5107,21
500103004,20231016,17,23,2,1,25.06864,121.5107,21
500103004,20231016,18,23,2,1,25.06864,121.5107,21
500103004,20231016,19,23,2,1,25.06864,121.5107,21
500103004,20231016,21,23,2,1,25.06864,121.5107,21
500103004,20231016,22,23,2,1,25.06864,121.5107,21
500103004,20231016,24,23,2,1,25.06864,121.5107,21
500103004,20231016,25,23,2,1,25.06864,121.5107,21
500103004,20231016,26,23,2,1,25.06864,121.5107,21
500103004,20231016,27,23,2,1,25.06864,121.5107,21
500103004,20231016,28,23,2,1,25.06864,121.5107,21
500103004,20231016,29,23,2,1,25.06864,121.5107,21
500103004,20231016,31,23,2,1,25.06864,121.5107,21
500103004,20231016,32,23,2,1,25.06864,121.5107,21
500103004,20231016,33,23,2,1,25.06864,121.5107,21
500103004,20231016,34,23,2,1,25.06864,121.5107,21
500103004,20231016,35,23,2,1,25.06864,121.5107,21
500103004,20231016,36,23,2,1,25.06864,121.5107,21
500103004,20231016,38,23,2,1,25.06864,121.5107,21
500103004,20231016,40,23,2,1,25.06864,121.5107,21
500103004,20231016,41,23,2,1,25.06864,121.5107,21
500103004,20231016,42,23,2,1,25.06864,121.5107,21
500103004,20231016,43,23,2,1,25.06864,121.5107,21
500103004,20231016,44,23,1,1,25.06864,121.5107,22
500103004,20231016,45,23,1,1,25.06864,121.5107,22
500103004,20231016,46,23,1,1,25.06864,121.5107,22
500103004,20231016,47,23,1,1,25.06864,121.5107,22
500103004,20231016,48,23,0,1,25.06864,121.5107,23
500103004,20231016,49,23,0,1,25.06864,121.5107,23
500103004,20231016,51,23,0,1,25.06864,121.5107,23
500103004,20231016,52,23,0,1,25.06864,121.5107,23
500103004,20231016,53,23,0,1,25.06864,121.5107,23
500103004,20231016,54,23,0,1,25.06864,121.5107,23
500103004,20231016,55,23,0,1,25.06864,121.5107,23
500103004,20231016,56,23,0,1,25.06864,121.5107,23
500103004,20231016,57,23,0,1,25.06864,121.5107,23
500103004,20231016,58,23,0,1,25.06864,121.5107,23
500103004,20231016,59,23,0,1,25.06864,121.5107,23
500103004,20231016,60,23,0,1,25.06864,121.5107,23
500103004,20231016,61,23,0,1,25.06864,121.5107,23
500103004,20231016,62,23,0,1,25.06864,121.5107,23
500103004,20231016,63,23,0,1,25.06864,121.5107,23
500103004,20231016,64,23,0,1,25.06864,121.5107,23
500103004,20231016,65,23,0,1,25.06864,121.5107,23
500103004,20231016,66,23,0,1,25.06864,121.5107,23
500103004,20231016,67,23,0,1,25.06864,121.5107,23
500103004,20231016,68,23,0,1,25.06864,121.5107,23
500103004,20231016,69,23,0,1,25.06864,121.5107,23
500103004,20231016,70,23,0,1,25.06864,121.5107,23
500103004,20231016,71,23,0,1,25.06864,121.5107,23
500103004,20231016,72,23,0,1,25.06864,121.5107,23
500103004,20231016,73,23,0,1,25.06864,121.5107,23
500103004,20231016,74,23,0,1,25.06864,121.5107,23
500103004,20231016,75,23,0,1,25.06864,121.5107,23
500103004,20231016,76,23,0,1,25.06864,121.5107,23
500103004,20231016,77,23,0,1,25.06864,121.5107,23
500103004,20231016,78,23,0,1,25.06864,121.5107,23
500103004,20231016,79,23,0,1,25.06864,121.5107,23
500103004,20231016,81,23,0,1,25.06864,121.5107,23
500103004,20231016,82,23,0,1,25.06864,121.5107,23
500103004,20231016,83,23,0,1,25.06864,121.5107,23
500103004,20231016,84,23,0,1,25.06864,121.5107,23
500103004,20231016,85,23,0,1,25.06864,121.5107,23
500103004,20231016,86,23,0,1,25.06864,121.5107,23
500103004,20231016,87,23,0,1,25.06864,121.5107,23
500103004,20231016,88,23,0,1,25.06864,121.5107,23
500103004,20231016,89,23,0,1,25.06864,121.5107,23
500103004,20231016,90,23,0,1,25.06864,121.5107,23
500103004,20231016,91,23,0,1,25.06864,121.5107,23
500103004,20231016,92,23,0,1,25.06864,121.5107,23
500103004,20231016,93,23,0,1,25.06864,121.5107,23
500103004,20231016,94,23,0,1,25.06864,121.5107,23
500103004,20231016,95,23,0,1,25.06864,121.5107,23
500103004,20231016,96,23,0,1,25.06864,121.5107,23
500103004,20231016,97,23,0,1,25.06864,121.5107,23
500103004,20231016,98,23,0,1,25.06864,121.5107,23
500103004,20231016,99,23,0,1,25.06864,121.5107,23
500103004,20231016,100,23,0,1,25.06864,121.5107,23
500103004,20231016,101,23,0,1,25.06864,121.5107,23
500103004,20231016,102,23,0,1,25.06864,121.5107,23
500103004,20231016,103,23,0,1,25.06864,121.5107,23
500103004,20231016,104,23,0,1,25.06864,121.5107,23
500103004,20231016,105,23,0,1,25.06864,121.5107,23
500103004,20231016,106,23,0,1,25.06864,121.5107,23
500103004,20231016,107,23,0,1,25.06864,121.5107,23
500103004,20231016,108,23,0,1,25.06864,121.5107,23
500103004,20231016,109,23,0,1,25.06864,121.5107,23
500103004,20231016,110,23,0,1,25.06864,121.5107,23
500103004,20231016,111,23,0,1,25.06864,121.5107,23
500103004,20231016,112,23,0,1,25.06864,121.5107,23
500103004,20231016,113,23,0,1,25.06864,121.5107,23
500103004,20231016,114,23,0,1,25.06864,121.5107,23
500103004,20231016,115,23,0,1,25.06864,121.5107,23
500103004,20231016,116,23,0,1,25.06864,121.5107,23
500103004,20231016,117,23,0,1,25.06864,121.5107,23
500103004,20231016,118,23,0,1,25.06864,121.5107,23
500103004,20231016,119,23,0,1,25.06864,121.5107,23
500103004,20231016,121,23,0,1,25.06864,121.5107,23
500103004,20231016,122,23,0,1,25.06864,121.5107,23
500103004,20231016,123,23,0,1,25.06864,121.5107,23
500103004,20231016,124,23,0,1,25.06864,121.5107,23
500103004,20231016,125,23,0,1,25.06864,121.5107,23
500103004,20231016,126,23,0,1,25.06864,121.5107,23
500103004,20231016,127,23,0,1,25.06864,121.5107,23
500103004,20231016,129,23,0,1,25.06864,121.5107,23
500103004,20231016,130,23,0,1,25.06864,121.5107,23
500103004,20231016,131,23,0,1,25.06864,121.5107,23
500103004,20231016,132,23,0,1,25.06864,121.5107,23
500103004,20231016,133,23,0,1,25.06864,121.5107,23
500103004,20231016,134,23,0,1,25.06864,121.5107,23
500103004,20231016,135,23,0,1,25.06864,121.5107,23
500103004,20231016,136,23,0,1,25.06864,121.5107,23
500103004,20231016,137,23,0,1,25.06864,121.5107,23
500103004,20231016,138,23,0,1,25.06864,121.5107,23
500103004,20231016,139,23,0,1,25.06864,121.5107,23
500103004,20231016,141,23,0,1,25.06864,121.5107,23
500103004,20231016,142,23,0,1,25.06864,121.5107,23
500103004,20231016,143,23,0,1,25.06864,121.5107,23
500103004,20231016,144,23,0,1,25.06864,121.5107,23
500103004,20231016,145,23,0,1,25.06864,121.5107,23
500103004,20231016,146,23,0,1,25.06864,121.5107,23
500103004,20231016,147,23,0,1,25.06864,121.5107,23
500103004,20231016,148,23,0,1,25.06864,121.5107,23
500103004,20231016,149,23,0,1,25.06864,121.5107,23
500103004,20231016,150,23,0,1,25.06864,121.5107,23
500103004,20231016,151,23,0,1,25.06864,121.5107,23
500103004,20231016,152,23,0,1,25.06864,121.5107,23
500103004,20231016,153,23,0,1,25.06864,121.5107,23
500103004,20231016,154,23,0,1,25.06864,121.5107,23
500103004,20231016,155,23,0,1,25.06864,121.5107,23
500103004,20231016,156,23,0,1,25.06864,121.5107,23
500103004,20231016,157,23,0,1,25.06864,121.5107,23
500103004,20231016,158,23,0,1,25.06864,121.5107,23
500103004,20231016,159,23,0,1,25.06864,121.5107,23
500103004,20231016,160,23,0,1,25.06864,121.5107,23
500103004,20231016,161,23,0,1,25.06864,121.5107,23
500103004,20231016,162,23,0,1,25.06864,121.5107,23
500103004,20231016,163,23,0,1,25.06864,121.5107,23
500103004,20231016,164,23,0,1,25.06864,121.5107,23
500103004,20231016,165,23,0,1,25.06864,121.5107,23
500103004,20231016,166,23,0,1,25.06864,121.5107,23
500103004,20231016,167,23,0,1,25.06864,121.5107,23
500103004,20231016,168,23,0,1,25.06864,121.5107,23
500103004,20231016,169,23,0,1,25.06864,121.5107,23
500103004,20231016,170,23,0,1,25.06864,121.5107,23
500103004,20231016,171,23,0,1,25.06864,121.5107,23
500103004,20231016,172,23,0,1,25.06864,121.5107,23
500103004,20231016,173,23,0,1,25.06864,121.5107,23
500103004,20231016,174,23,0,1,25.06864,121.5107,23
500103004,20231016,175,23,0,1,25.06864,121.5107,23
500103004,20231016,176,23,0,1,25.06864,121.5107,23
500103004,20231016,177,23,0,1,25.06864,121.5107,23
500103004,20231016,178,23,0,1,25.06864,121.5107,23
500103004,20231016,179,23,0,1,25.06864,121.5107,23
500103004,20231016,180,23,0,1,25.06864,121.5107,23
500103004,20231016,181,23,0,1,25.06864,121.5107,23
500103004,20231016,182,23,0,1,25.06864,121.5107,23
500103004,20231016,183,23,0,1,25.06864,121.5107,23
500103004,20231016,184,23,0,1,25.06864,121.5107,23
500103004,20231016,185,23,0,1,25.06864,121.5107,23
500103004,20231016,186,23,0,1,25.06864,121.5107,23
500103004,20231016,187,23,0,1,25.06864,121.5107,23
500103004,20231016,188,23,0,1,25.06864,121.5107,23
500103004,20231016,189,23,0,1,25.06864,121.5107,23
500103004,20231016,190,23,0,1,25.06864,121.5107,23
500103004,20231016,191,23,0,1,25.06864,121.5107,23
500103004,20231016,192,23,0,1,25.06864,121.5107,23
500103004,20231016,193,23,0,1,25.06864,121.5107,23
500103004,20231016,194,23,0,1,25.06864,121.5107,23
500103004,20231016,195,23,0,1,25.06864,121.5107,23
500103004,20231016,196,23,0,1,25.06864,121.5107,23
500103004,20231016,197,23,0,1,25.06864,121.5107,23
500103004,20231016,198,23,0,1,25.06864,121.5107,23
500103004,20231016,199,23,0,1,25.06864,121.5107,23
500103004,20231016,201,23,0,1,25.06864,121.5107,23
500103004,20231016,202,23,0,1,25.06864,121.5107,23
500103004,20231016,203,23,0,1,25.06864,121.5107,23
500103004,20231016,204,23,0,1,25.06864,121.5107,23
500103004,20231016,205,23,0,1,25.06864,121.5107,23
500103004,20231016,206,23,0,1,25.06864,121.5107,23
500103004,20231016,207,23,0,1,25.06864,121.5107,23
500103004,20231016,208,23,0,1,25.06864,121.5107,23
500103004,20231016,209,23,0,1,25.06864,121.5107,23
500103004,20231016,210,23,0,1,25.06864,121.5107,23
500103004,20231016,211,23,0,1,25.06864,121.5107,23
500103004,20231016,212,23,0,1,25.06864,121.5107,23
500103004,20231016,213,23,0,1,25.06864,121.5107,23
500103004,20231016,214,23,0,1,25.06864,121.5107,23
500103004,20231016,215,23,0,1,25.06864,121.5107,23
500103004,20231016,216,23,0,1,25.06864,121.5107,23
500103004,20231016,217,23,0,1,25.06864,121.5107,23
500103004,20231016,218,23,0,1,25.06864,121.5107,23
500103004,20231016,219,23,0,1,25.06864,121.5107,23
500103004,20231016,220,23,0,1,25.06864,121.5107,23
500103004,20231016,221,23,0,1,25.06864,121.5107,23
500103004,20231016,222,23,0,1,25.06864,121.5107,23
500103004,20231016,223,23,0,1,25.06864,121.5107,23
500103004,20231016,224,23,0,1,25.06864,121.5107,23
500103004,20231016,225,23,0,1,25.06864,121.5107,23
500103004,20231016,226,23,0,1,25.06864,121.5107,23
500103004,20231016,227,23,0,1,25.06864,121.5107,23
500103004,20231016,228,23,0,1,25.06864,121.5107,23
500103004,20231016,229,23,0,1,25.06864,121.5107,23
500103004,20231016,230,23,0,1,25.06864,121.5107,23
500103004,20231016,231,23,0,1,25.06864,121.5107,23
500103004,20231016,232,23,0,1,25.06864,121.5107,23
500103004,20231016,233,23,0,1,25.06864,121.5107,23
500103004,20231016,234,23,0,1,25.06864,121.5107,23
500103004,20231016,235,23,0,1,25.06864,121.5107,23
500103004,20231016,236,23,0,1,25.06864,121.5107,23
500103004,20231016,237,23,0,1,25.06864,121.5107,23
500103004,20231016,238,23,0,1,25.06864,121.5107,23
500103004,20231016,239,23,0,1,25.06864,121.5107,23
500103004,20231016,240,23,0,1,25.06864,121.5107,23
500103004,20231016,241,23,0,1,25.06864,121.5107,23
500103004,20231016,242,23,0,1,25.06864,121.5107,23
500103004,20231016,243,23,0,1,25.06864,121.5107,23
500103004,20231016,244,23,0,1,25.06864,121.5107,23
500103004,20231016,245,23,0,1,25.06864,121.5107,23
500103004,20231016,246,23,0,1,25.06864,121.5107,23
500103004,20231016,247,23,0,1,25.06864,121.5107,23
500103004,20231016,248,23,0,1,25.06864,121.5107,23
500103004,20231016,249,23,0,1,25.06864,121.5107,23
500103004,20231016,250,23,0,1,25.06864,121.5107,23
500103004,20231016,251,23,0,1,25.06864,121.5107,23
500103004,20231016,252,23,0,1,25.06864,121.5107,23
500103004,20231016,253,23,0,1,25.06864,121.5107,23
500103004,20231016,254,23,0,1,25.06864,121.5107,23
500103004,20231016,255,23,0,1,25.06864,121.5107,23
500103004,20231016,256,23,0,1,25.06864,121.5107,23
500103004,20231016,257,23,0,1,25.06864,121.5107,23
500103004,20231016,258,23,0,1,25.06864,121.5107,23
500103004,20231016,259,23,0,1,25.06864,121.5107,23
500103004,20231016,261,23,0,1,25.06864,121.5107,23
500103004,20231016,262,23,0,1,25.06864,121.5107,23
500103004,20231016,263,23,0,1,25.06864,121.5107,23
500103004,20231016,264,23,0,1,25.06864,121.5107,23
500103004,20231016,265,23,0,1,25.06864,121.5107,23
500103004,20231016,266,23,0,1,25.06864,121.5107,23
500103004,20231016,267,23,0,1,25.06864,121.5107,23
500103004,20231016,268,23,0,1,25.06864,121.5107,23
500103004,20231016,269,23,0,1,25.06864,121.5107,23
500103004,20231016,270,23,0,1,25.06864,121.5107,23
500103004,20231016,271,23,0,1,25.06864,121.5107,23
500103004,20231016,272,23,0,1,25.06864,121.5107,23
500103004,20231016,273,23,0,1,25.06864,121.5107,23
500103004,20231016,274,23,0,1,25.06864,121.5107,23
500103004,20231016,275,23,0,1,25.06864,121.5107,23
500103004,20231016,276,23,0,1,25.06864,121.5107,23
500103004,20231016,277,23,0,1,25.06864,121.5107,23
500103004,20231016,278,23,0,1,25.06864,121.5107,23
500103004,20231016,279,23,0,1,25.06864,121.5107,23
500103004,20231016,280,23,1,1,25.06864,121.5107,22
500103004,20231016,281,23,1,1,25.06864,121.5107,22
500103004,20231016,282,23,1,1,25.06864,121.5107,22
500103004,20231016,283,23,1,1,25.06864,121.5107,22
500103004,20231016,284,23,1,1,25.06864,121.5107,22
500103004,20231016,285,23,1,1,25.06864,121.5107,22
500103004,20231016,286,23,1,1,25.06864,121.5107,22
500103004,20231016,287,23,1,1,25.06864,121.5107,22
500103004,20231016,288,23,1,1,25.06864,121.5107,22
500103004,20231016,289,23,1,1,25.06864,121.5107,22
500103004,20231016,290,23,1,1,25.06864,121.5107,22
500103004,20231016,291,23,1,1,25.06864,121.5107,22
500103004,20231016,292,23,1,1,25.06864,121.5107,22
500103004,20231016,293,23,1,1,25.06864,121.5107,22
500103004,20231016,294,23,1,1,25.06864,121.5107,22
500103004,20231016,295,23,1,1,25.06864,121.5107,22
500103004,20231016,296,23,1,1,25.06864,121.5107,22
500103004,20231016,297,23,1,1,25.06864,121.5107,22
500103004,20231016,298,23,1,1,25.06864,121.5107,22
500103004,20231016,299,23,1,1,25.06864,121.5107,22
500103004,20231016,300,23,0,1,25.06864,121.5107,23
500103004,20231016,301,23,0,1,25.06864,121.5107,23
500103004,20231016,302,23,0,1,25.06864,121.5107,23
500103004,20231016,304,23,0,1,25.06864,121.5107,23
500103004,20231016,305,23,0,1,25.06864,121.5107,23
500103004,20231016,306,23,0,1,25.06864,121.5107,23
500103004,20231016,307,23,0,1,25.06864,121.5107,23
500103004,20231016,308,23,0,1,25.06864,121.5107,23
500103004,20231016,309,23,0,1,25.06864,121.5107,23
500103004,20231016,310,23,0,1,25.06864,121.5107,23
500103004,20231016,311,23,0,1,25.06864,121.5107,23
500103004,20231016,312,23,0,1,25.06864,121.5107,23
500103004,20231016,313,23,0,1,25.06864,121.5107,23
500103004,20231016,314,23,0,1,25.06864,121.5107,23
500103004,20231016,315,23,0,1,25.06864,121.5107,23
500103004,20231016,316,23,0,1,25.06864,121.5107,23
500103004,20231016,317,23,0,1,25.06864,121.5107,23
500103004,20231016,318,23,0,1,25.06864,121.5107,23
500103004,20231016,319,23,0,1,25.06864,121.5107,23
500103004,20231016,321,23,0,1,25.06864,121.5107,23
500103004,20231016,322,23,0,1,25.06864,121.5107,23
500103004,20231016,324,23,0,1,25.06864,121.5107,23
500103004,20231016,325,23,0,1,25.06864,121.5107,23
500103004,20231016,326,23,0,1,25.06864,121.5107,23
500103004,20231016,327,23,0,1,25.06864,121.5107,23
500103004,20231016,328,23,0,1,25.06864,121.5107,23
500103004,20231016,329,23,0,1,25.06864,121.5107,23
500103004,20231016,330,23,0,1,25.06864,121.5107,23
500103004,20231016,331,23,0,1,25.06864,121.5107,23
500103004,20231016,332,23,0,1,25.06864,121.5107,23
500103004,20231016,333,23,0,1,25.06864,121.5107,23
500103004,20231016,334,23,0,1,25.06864,121.5107,23
500103004,20231016,335,23,0,1,25.06864,121.5107,23
500103004,20231016,336,23,0,1,25.06864,121.5107,23
500103004,20231016,337,23,0,1,25.06864,121.5107,23
500103004,20231016,338,23,0,1,25.06864,121.5107,23
500103004,20231016,339,23,0,1,25.06864,121.5107,23
500103004,20231016,340,23,0,1,25.06864,121.5107,23
500103004,20231016,341,23,0,1,25.06864,121.5107,23
500103004,20231016,342,23,0,1,25.06864,121.5107,23
500103004,20231016,343,23,0,1,25.06864,121.5107,23
500103004,20231016,344,23,0,1,25.06864,121.5107,23
500103004,20231016,345,23,0,1,25.06864,121.5107,23
500103004,20231016,346,23,0,1,25.06864,121.5107,23
500103004,20231016,347,23,0,1,25.06864,121.5107,23
500103004,20231016,348,23,1,1,25.06864,121.5107,22
500103004,20231016,349,23,1,1,25.06864,121.5107,22
500103004,20231016,350,23,1,1,25.06864,121.5107,22
500103004,20231016,351,23,1,1,25.06864,121.5107,22
500103004,20231016,352,23,1,1,25.06864,121.5107,22
500103004,20231016,353,23,1,1,25.06864,121.5107,22
500103004,20231016,354,23,1,1,25.06864,121.5107,22
500103004,20231016,355,23,1,1,25.06864,121.5107,22
500103004,20231016,356,23,2,1,25.06864,121.5107,21
500103004,20231016,357,23,2,1,25.06864,121.5107,21
500103004,20231016,358,23,2,1,25.06864,121.5107,21
500103004,20231016,359,23,2,1,25.06864,121.5107,21
500103004,20231016,360,23,2,1,25.06864,121.5107,21
500103004,20231016,361,23,2,1,25.06864,121.5107,21
500103004,20231016,362,23,2,1,25.06864,121.5107,21
500103004,20231016,363,23,2,1,25.06864,121.5107,21
500103004,20231016,364,23,1,1,25.06864,121.5107,22
500103004,20231016,365,23,1,1,25.06864,121.5107,22
500103004,20231016,366,23,1,1,25.06864,121.5107,22
500103004,20231016,367,23,1,1,25.06864,121.5107,22
500103004,20231016,368,23,1,1,25.06864,121.5107,22
500103004,20231016,369,23,1,1,25.06864,121.5107,22
500103004,20231016,371,23,1,1,25.06864,121.5107,22
500103004,20231016,372,23,1,1,25.06864,121.5107,22
500103004,20231016,373,23,2,1,25.06864,121.5107,21
500103004,20231016,374,23,3,1,25.06864,121.5107,20
500103004,20231016,375,23,3,1,25.06864,121.5107,20
500103004,20231016,376,23,3,1,25.06864,121.5107,20
500103004,20231016,377,23,4,1,25.06864,121.5107,19
500103004,20231016,378,23,3,1,25.06864,121.5107,20
500103004,20231016,379,23,3,1,25.06864,121.5107,20
500103004,20231016,381,23,3,1,25.06864,121.5107,20
500103004,20231016,382,23,3,1,25.06864,121.5107,20
500103004,20231016,383,23,3,1,25.06864,121.5107,20
500103004,20231016,384,23,5,1,25.06864,121.5107,18
500103004,20231016,385,23,5,1,25.06864,121.5107,18
500103004,20231016,386,23,5,1,25.06864,121.5107,18
500103004,20231016,387,23,5,1,25.06864,121.5107,18
500103004,20231016,388,23,5,1,25.06864,121.5107,18
500103004,20231016,389,23,5,1,25.06864,121.5107,18
500103004,20231016,390,23,5,1,25.06864,121.5107,18
500103004,20231016,391,23,7,1,25.06864,121.5107,16
500103004,20231016,392,23,7,1,25.06864,121.5107,16
500103004,20231016,393,23,8,1,25.06864,121.5107,15
500103004,20231016,394,23,8,1,25.06864,121.5107,15
500103004,20231016,395,23,8,1,25.06864,121.5107,15
500103004,20231016,396,23,9,1,25.06864,121.5107,14
500103004,20231016,397,23,11,1,25.06864,121.5107,12
500103004,20231016,398,23,11,1,25.06864,121.5107,12
500103004,20231016,399,23,11,1,25.06864,121.5107,12
500103004,20231016,400,23,11,1,25.06864,121.5107,12
500103004,20231016,401,23,11,1,25.06864,121.5107,12
500103004,20231016,402,23,11,1,25.06864,121.5107,12
500103004,20231016,403,23,11,1,25.06864,121.5107,12
500103004,20231016,404,23,11,1,25.06864,121.5107,12
500103004,20231016,405,23,11,1,25.06864,121.5107,12
500103004,20231016,406,23,11,1,25.06864,121.5107,12
500103004,20231016,407,23,11,1,25.06864,121.5107,12
500103004,20231016,408,23,11,1,25.06864,121.5107,12
500103004,20231016,409,23,11,1,25.06864,121.5107,12
500103004,20231016,410,23,11,1,25.06864,121.5107,12
500103004,20231016,411,23,11,1,25.06864,121.5107,12
500103004,20231016,412,23,11,1,25.06864,121.5107,12
500103004,20231016,413,23,11,1,25.06864,121.5107,12
500103004,20231016,414,23,11,1,25.06864,121.5107,12
500103004,20231016,415,23,11,1,25.06864,121.5107,12
500103004,20231016,416,23,10,1,25.06864,121.5107,13
500103004,20231016,417,23,10,1,25.06864,121.5107,13
500103004,20231016,418,23,11,1,25.06864,121.5107,12
500103004,20231016,419,23,11,1,25.06864,121.5107,12
500103004,20231016,421,23,10,1,25.06864,121.5107,13
500103004,20231016,422,23,10,1,25.06864,121.5107,13
500103004,20231016,423,23,10,1,25.06864,121.5107,13
500103004,20231016,424,23,12,1,25.06864,121.5107,11
500103004,20231016,425,23,13,1,25.06864,121.5107,10
500103004,20231016,426,23,14,1,25.06864,121.5107,9
500103004,20231016,427,23,13,1,25.06864,121.5107,10
500103004,20231016,428,23,13,1,25.06864,121.5107,10
500103004,20231016,429,23,14,1,25.06864,121.5107,9
500103004,20231016,430,23,15,1,25.06864,121.5107,8
500103004,20231016,431,23,15,1,25.06864,121.5107,8
500103004,20231016,432,23,15,1,25.06864,121.5107,8
500103004,20231016,433,23,15,1,25.06864,121.5107,8
500103004,20231016,434,23,15,1,25.06864,121.5107,8
500103004,20231016,435,23,15,1,25.06864,121.5107,8
500103004,20231016,436,23,15,1,25.06864,121.5107,8
500103004,20231016,437,23,16,1,25.06864,121.5107,7
500103004,20231016,438,23,18,1,25.06864,121.5107,5
500103004,20231016,439,23,18,1,25.06864,121.5107,5
500103004,20231016,441,23,18,1,25.06864,121.5107,5
500103004,20231016,442,23,19,1,25.06864,121.5107,4
500103004,20231016,443,23,19,1,25.06864,121.5107,4
500103004,20231016,444,23,20,1,25.06864,121.5107,3
500103004,20231016,445,23,22,1,25.06864,121.5107,1
500103004,20231016,446,23,22,1,25.06864,121.5107,1
500103004,20231016,447,23,22,1,25.06864,121.5107,1
500103004,20231016,448,23,23,1,25.06864,121.5107,0
500103004,20231016,449,23,23,1,25.06864,121.5107,0
500103004,20231016,451,23,23,1,25.06864,121.5107,0
500103004,20231016,452,23,23,1,25.06864,121.5107,0
500103004,20231016,453,23,23,1,25.06864,121.5107,0
500103004,20231016,454,23,23,1,25.06864,121.5107,0
500103004,20231016,455,23,23,1,25.06864,121.5107,0
500103004,20231016,456,23,23,1,25.06864,121.5107,0
500103004,20231016,457,23,22,1,25.06864,121.5107,1
500103004,20231016,458,23,22,1,25.06864,121.5107,1
500103004,20231016,459,23,22,1,25.06864,121.5107,1
500103004,20231016,460,23,23,1,25.06864,121.5107,0
500103004,20231016,461,23,23,1,25.06864,121.5107,0
500103004,20231016,462,23,23,1,25.06864,121.5107,0
500103004,20231016,463,23,23,1,25.06864,121.5107,0
500103004,20231016,464,23,23,1,25.06864,121.5107,0
500103004,20231016,465,23,23,1,25.06864,121.5107,0
500103004,20231016,466,23,23,1,25.06864,121.5107,0
500103004,20231016,467,23,23,1,25.06864,121.5107,0
500103004,20231016,468,23,23,1,25.06864,121.5107,0
500103004,20231016,469,23,23,1,25.06864,121.5107,0
500103004,20231016,470,23,23,1,25.06864,121.5107,0
500103004,20231016,471,23,23,1,25.06864,121.5107,0
500103004,20231016,472,23,23,1,25.06864,121.5107,0
500103004,20231016,473,23,23,1,25.06864,121.5107,0
500103004,20231016,474,23,23,1,25.06864,121.5107,0
500103004,20231016,475,23,23,1,25.06864,121.5107,0
500103004,20231016,476,23,23,1,25.06864,121.5107,0
500103004,20231016,477,23,23,1,25.06864,121.5107,0
500103004,20231016,478,23,23,1,25.06864,121.5107,0
500103004,20231016,479,23,23,1,25.06864,121.5107,0
500103004,20231016,481,23,23,1,25.06864,121.5107,0
500103004,20231016,482,23,21,1,25.06864,121.5107,2
500103004,20231016,483,23,15,1,25.06864,121.5107,8
500103004,20231016,484,23,15,1,25.06864,121.5107,8
500103004,20231016,485,23,8,1,25.06864,121.5107,15
500103004,20231016,486,23,4,1,25.06864,121.5107,19
500103004,20231016,487,23,2,1,25.06864,121.5107,21
500103004,20231016,488,23,1,1,25.06864,121.5107,22
500103004,20231016,489,23,1,1,25.06864,121.5107,22
500103004,20231016,490,23,2,1,25.06864,121.5107,21
500103004,20231016,491,23,2,1,25.06864,121.5107,21
500103004,20231016,492,23,2,1,25.06864,121.5107,21
500103004,20231016,493,23,3,1,25.06864,121.5107,20
500103004,20231016,494,23,3,1,25.06864,121.5107,20
500103004,20231016,495,23,3,1,25.06864,121.5107,20
500103004,20231016,496,23,3,1,25.06864,121.5107,20
500103004,20231016,497,23,3,1,25.06864,121.5107,20
500103004,20231016,498,23,4,1,25.06864,121.5107,19
500103004,20231016,499,23,4,1,25.06864,121.5107,19
500103004,20231016,501,23,4,1,25.06864,121.5107,19
500103004,20231016,502,23,4,1,25.06864,121.5107,19
500103004,20231016,503,23,5,1,25.06864,121.5107,18
500103004,20231016,504,23,8,1,25.06864,121.5107,15
500103004,20231016,505,23,7,1,25.06864,121.5107,16
500103004,20231016,506,23,7,1,25.06864,121.5107,16
500103004,20231016,507,23,7,1,25.06864,121.5107,16
500103004,20231016,508,23,9,1,25.06864,121.5107,14
500103004,20231016,509,23,10,1,25.06864,121.5107,13
500103004,20231016,511,23,10,1,25.06864,121.5107,13
500103004,20231016,512,23,11,1,25.06864,121.5107,12
500103004,20231016,513,23,11,1,25.06864,121.5107,12
500103004,20231016,514,23,12,1,25.06864,121.5107,11
500103004,20231016,515,23,12,1,25.06864,121.5107,11
500103004,20231016,516,23,12,1,25.06864,121.5107,11
500103004,20231016,517,23,12,1,25.06864,121.5107,11
500103004,20231016,518,23,13,1,25.06864,121.5107,10
500103004,20231016,519,23,13,1,25.06864,121.5107,10
500103004,20231016,520,23,13,1,25.06864,121.5107,10
500103004,20231016,521,23,13,1,25.06864,121.5107,10
500103004,20231016,522,23,13,1,25.06864,121.5107,10
500103004,20231016,523,23,13,1,25.06864,121.5107,10
500103004,20231016,524,23,13,1,25.06864,121.5107,10
500103004,20231016,525,23,13,1,25.06864,121.5107,10
500103004,20231016,526,23,13,1,25.06864,121.5107,10
500103004,20231016,527,23,14,1,25.06864,121.5107,9
500103004,20231016,528,23,14,1,25.06864,121.5107,9
500103004,20231016,529,23,12,1,25.06864,121.5107,11
500103004,20231016,530,23,14,1,25.06864,121.5107,9
500103004,20231016,531,23,14,1,25.06864,121.5107,9
500103004,20231016,532,23,16,1,25.06864,121.5107,7
500103004,20231016,533,23,16,1,25.06864,121.5107,7
500103004,20231016,534,23,16,1,25.06864,121.5107,7
500103004,20231016,535,23,16,1,25.06864,121.5107,7
500103004,20231016,536,23,16,1,25.06864,121.5107,7
500103004,20231016,537,23,16,1,25.06864,121.5107,7
500103004,20231016,538,23,16,1,25.06864,121.5107,7
500103004,20231016,539,23,17,1,25.06864,121.5107,6
500103004,20231016,541,23,17,1,25.06864,121.5107,6
500103004,20231016,542,23,17,1,25.06864,121.5107,6
500103004,20231016,543,23,17,1,25.06864,121.5107,6
500103004,20231016,544,23,17,1,25.06864,121.5107,6
500103004,20231016,545,23,17,1,25.06864,121.5107,6
500103004,20231016,546,23,15,1,25.06864,121.5107,8
500103004,20231016,547,23,15,1,25.06864,121.5107,8
500103004,20231016,548,23,14,1,25.06864,121.5107,9
500103004,20231016,549,23,14,1,25.06864,121.5107,9
500103004,20231016,550,23,17,1,25.06864,121.5107,6
500103004,20231016,551,23,17,1,25.06864,121.5107,6
500103004,20231016,552,23,17,1,25.06864,121.5107,6
500103004,20231016,553,23,17,1,25.06864,121.5107,6
500103004,20231016,554,23,17,1,25.06864,121.5107,6
500103004,20231016,555,23,17,1,25.06864,121.5107,6
500103004,20231016,556,23,17,1,25.06864,121.5107,6
500103004,20231016,557,23,17,1,25.06864,121.5107,6
500103004,20231016,558,23,17,1,25.06864,121.5107,6
500103004,20231016,559,23,18,1,25.06864,121.5107,5
500103004,20231016,561,23,18,1,25.06864,121.5107,5
500103004,20231016,562,23,18,1,25.06864,121.5107,5
500103004,20231016,563,23,18,1,25.06864,121.5107,5
500103004,20231016,564,23,18,1,25.06864,121.5107,5
500103004,20231016,565,23,18,1,25.06864,121.5107,5
500103004,20231016,566,23,18,1,25.06864,121.5107,5
500103004,20231016,567,23,18,1,25.06864,121.5107,5
500103004,20231016,568,23,18,1,25.06864,121.5107,5
500103004,20231016,569,23,18,1,25.06864,121.5107,5
500103004,20231016,571,23,18,1,25.06864,121.5107,5
500103004,20231016,572,23,18,1,25.06864,121.5107,5
500103004,20231016,573,23,18,1,25.06864,121.5107,5
500103004,20231016,574,23,17,1,25.06864,121.5107,6
500103004,20231016,575,23,14,1,25.06864,121.5107,9
500103004,20231016,576,23,10,1,25.06864,121.5107,13
500103004,20231016,577,23,9,1,25.06864,121.5107,14
500103004,20231016,578,23,9,1,25.06864,121.5107,14
500103004,20231016,579,23,8,1,25.06864,121.5107,15
500103004,20231016,580,23,8,1,25.06864,121.5107,15
500103004,20231016,581,23,8,1,25.06864,121.5107,15
500103004,20231016,582,23,8,1,25.06864,121.5107,15
500103004,20231016,583,23,8,1,25.06864,121.5107,15
500103004,20231016,584,23,8,1,25.06864,121.5107,15
500103004,20231016,585,23,8,1,25.06864,121.5107,15
500103004,20231016,586,23,8,1,25.06864,121.5107,15
500103004,20231016,587,23,9,1,25.06864,121.5107,14
500103004,20231016,588,23,9,1,25.06864,121.5107,14
500103004,20231016,589,23,9,1,25.06864,121.5107,14
500103004,20231016,590,23,9,1,25.06864,121.5107,14
500103004,20231016,591,23,9,1,25.06864,121.5107,14
500103004,20231016,592,23,9,1,25.06864,121.5107,14
500103004,20231016,593,23,10,1,25.06864,121.5107,13
500103004,20231016,594,23,10,1,25.06864,121.5107,13
500103004,20231016,595,23,10,1,25.06864,121.5107,13
500103004,20231016,596,23,10,1,25.06864,121.5107,13
500103004,20231016,597,23,10,1,25.06864,121.5107,13
500103004,20231016,598,23,10,1,25.06864,121.5107,13
500103004,20231016,599,23,10,1,25.06864,121.5107,13
500103004,20231016,601,23,11,1,25.06864,121.5107,12
500103004,20231016,602,23,11,1,25.06864,121.5107,12
500103004,20231016,603,23,10,1,25.06864,121.5107,13
500103004,20231016,604,23,10,1,25.06864,121.5107,13
500103004,20231016,605,23,10,1,25.06864,121.5107,13
500103004,20231016,606,23,10,1,25.06864,121.5107,13
500103004,20231016,607,23,10,1,25.06864,121.5107,13
500103004,20231016,609,23,10,1,25.06864,121.5107,13
500103004,20231016,611,23,10,1,25.06864,121.5107,13
500103004,20231016,612,23,10,1,25.06864,121.5107,13
500103004,20231016,613,23,10,1,25.06864,121.5107,13
500103004,20231016,614,23,11,1,25.06864,121.5107,12
500103004,20231016,615,23,11,1,25.06864,121.5107,12
500103004,20231016,616,23,11,1,25.06864,121.5107,12
500103004,20231016,617,23,11,1,25.06864,121.5107,12
500103004,20231016,618,23,11,1,25.06864,121.5107,12
500103004,20231016,619,23,11,1,25.06864,121.5107,12
500103004,20231016,621,23,11,1,25.06864,121.5107,12
500103004,20231016,622,23,11,1,25.06864,121.5107,12
500103004,20231016,623,23,11,1,25.06864,121.5107,12
500103004,20231016,624,23,11,1,25.06864,121.5107,12
500103004,20231016,625,23,11,1,25.06864,121.5107,12
500103004,20231016,626,23,11,1,25.06864,121.5107,12
500103004,20231016,627,23,11,1,25.06864,121.5107,12
500103004,20231016,628,23,11,1,25.06864,121.5107,12
500103004,20231016,629,23,11,1,25.06864,121.5107,12
500103004,20231016,631,23,11,1,25.06864,121.5107,12
500103004,20231016,632,23,11,1,25.06864,121.5107,12
500103004,20231016,633,23,11,1,25.06864,121.5107,12
500103004,20231016,634,23,12,1,25.06864,121.5107,11
500103004,20231016,635,23,12,1,25.06864,121.5107,11
500103004,20231016,636,23,12,1,25.06864,121.5107,11
500103004,20231016,637,23,12,1,25.06864,121.5107,11
500103004,20231016,638,23,12,1,25.06864,121.5107,11
500103004,20231016,639,23,13,1,25.06864,121.5107,10
500103004,20231016,640,23,13,1,25.06864,121.5107,10
500103004,20231016,641,23,13,1,25.06864,121.5107,10
500103004,20231016,642,23,14,1,25.06864,121.5107,9
500103004,20231016,643,23,14,1,25.06864,121.5107,9
500103004,20231016,644,23,14,1,25.06864,121.5107,9
500103004,20231016,645,23,14,1,25.06864,121.5107,9
500103004,20231016,646,23,13,1,25.06864,121.5107,10
500103004,20231016,647,23,13,1,25.06864,121.5107,10
500103004,20231016,648,23,13,1,25.06864,121.5107,10
500103004,20231016,649,23,13,1,25.06864,121.5107,10
500103004,20231016,650,23,13,1,25.06864,121.5107,10
500103004,20231016,651,23,13,1,25.06864,121.5107,10
500103004,20231016,652,23,13,1,25.06864,121.5107,10
500103004,20231016,653,23,14,1,25.06864,121.5107,9
500103004,20231016,654,23,14,1,25.06864,121.5107,9
500103004,20231016,655,23,14,1,25.06864,121.5107,9
500103004,20231016,656,23,14,1,25.06864,121.5107,9
500103004,20231016,657,23,14,1,25.06864,121.5107,9
500103004,20231016,658,23,14,1,25.06864,121.5107,9
500103004,20231016,659,23,14,1,25.06864,121.5107,9
500103004,20231016,661,23,14,1,25.06864,121.5107,9
500103004,20231016,662,23,14,1,25.06864,121.5107,9
500103004,20231016,663,23,14,1,25.06864,121.5107,9
500103004,20231016,664,23,14,1,25.06864,121.5107,9
500103004,20231016,665,23,14,1,25.06864,121.5107,9
500103004,20231016,666,23,14,1,25.06864,121.5107,9
500103004,20231016,667,23,14,1,25.06864,121.5107,9
500103004,20231016,668,23,14,1,25.06864,121.5107,9
500103004,20231016,669,23,14,1,25.06864,121.5107,9
500103004,20231016,670,23,14,1,25.06864,121.5107,9
500103004,20231016,671,23,14,1,25.06864,121.5107,9
500103004,20231016,672,23,14,1,25.06864,121.5107,9
500103004,20231016,674,23,14,1,25.06864,121.5107,9
500103004,20231016,675,23,14,1,25.06864,121.5107,9
500103004,20231016,676,23,14,1,25.06864,121.5107,9
500103004,20231016,677,23,13,1,25.06864,121.5107,10
500103004,20231016,678,23,13,1,25.06864,121.5107,10
500103004,20231016,679,23,13,1,25.06864,121.5107,10
500103004,20231016,681,23,13,1,25.06864,121.5107,10
500103004,20231016,682,23,13,1,25.06864,121.5107,10
500103004,20231016,683,23,12,1,25.06864,121.5107,11
500103004,20231016,684,23,12,1,25.06864,121.5107,11
500103004,20231016,685,23,12,1,25.06864,121.5107,11
500103004,20231016,686,23,12,1,25.06864,121.5107,11
500103004,20231016,687,23,12,1,25.06864,121.5107,11
500103004,20231016,688,23,12,1,25.06864,121.5107,11
500103004,20231016,689,23,12,1,25.06864,121.5107,11
500103004,20231016,690,23,12,1,25.06864,121.5107,11
500103004,20231016,691,23,12,1,25.06864,121.5107,11
500103004,20231016,692,23,12,1,25.06864,121.5107,11
500103004,20231016,693,23,12,1,25.06864,121.5107,11
500103004,20231016,694,23,12,1,25.06864,121.5107,11
500103004,20231016,696,23,12,1,25.06864,121.5107,11
500103004,20231016,697,23,13,1,25.06864,121.5107,10
500103004,20231016,698,23,13,1,25.06864,121.5107,10
500103004,20231016,699,23,13,1,25.06864,121.5107,10
500103004,20231016,700,23,14,1,25.06864,121.5107,9
500103004,20231016,701,23,14,1,25.06864,121.5107,9
500103004,20231016,702,23,14,1,25.06864,121.5107,9
500103004,20231016,703,23,14,1,25.06864,121.5107,9
500103004,20231016,704,23,14,1,25.06864,121.5107,9
500103004,20231016,705,23,14,1,25.06864,121.5107,9
500103004,20231016,706,23,15,1,25.06864,121.5107,8
500103004,20231016,707,23,15,1,25.06864,121.5107,8
500103004,20231016,708,23,15,1,25.06864,121.5107,8
500103004,20231016,709,23,15,1,25.06864,121.5107,8
500103004,20231016,710,23,15,1,25.06864,121.5107,8
500103004,20231016,711,23,15,1,25.06864,121.5107,8
500103004,20231016,712,23,15,1,25.06864,121.5107,8
500103004,20231016,713,23,15,1,25.06864,121.5107,8
500103004,20231016,714,23,15,1,25.06864,121.5107,8
500103004,20231016,715,23,15,1,25.06864,121.5107,8
500103004,20231016,716,23,15,1,25.06864,121.5107,8
500103004,20231016,717,23,15,1,25.06864,121.5107,8
500103004,20231016,718,23,15,1,25.06864,121.5107,8
500103004,20231016,719,23,15,1,25.06864,121.5107,8
500103004,20231016,721,23,15,1,25.06864,121.5107,8
500103004,20231016,722,23,16,1,25.06864,121.5107,7
500103004,20231016,723,23,16,1,25.06864,121.5107,7
500103004,20231016,724,23,16,1,25.06864,121.5107,7
500103004,20231016,725,23,16,1,25.06864,121.5107,7
500103004,20231016,726,23,16,1,25.06864,121.5107,7
500103004,20231016,727,23,16,1,25.06864,121.5107,7
500103004,20231016,728,23,15,1,25.06864,121.5107,8
500103004,20231016,729,23,16,1,25.06864,121.5107,7
500103004,20231016,730,23,16,1,25.06864,121.5107,7
500103004,20231016,731,23,16,1,25.06864,121.5107,7
500103004,20231016,732,23,16,1,25.06864,121.5107,7
500103004,20231016,733,23,16,1,25.06864,121.5107,7
500103004,20231016,734,23,17,1,25.06864,121.5107,6
500103004,20231016,735,23,17,1,25.06864,121.5107,6
500103004,20231016,736,23,17,1,25.06864,121.5107,6
500103004,20231016,737,23,17,1,25.06864,121.5107,6
500103004,20231016,738,23,17,1,25.06864,121.5107,6
500103004,20231016,739,23,17,1,25.06864,121.5107,6
500103004,20231016,741,23,17,1,25.06864,121.5107,6
500103004,20231016,742,23,17,1,25.06864,121.5107,6
500103004,20231016,743,23,17,1,25.06864,121.5107,6
500103004,20231016,744,23,18,1,25.06864,121.5107,5
500103004,20231016,746,23,18,1,25.06864,121.5107,5
500103004,20231016,747,23,18,1,25.06864,121.5107,5
500103004,20231016,748,23,18,1,25.06864,121.5107,5
500103004,20231016,749,23,18,1,25.06864,121.5107,5
500103004,20231016,751,23,18,1,25.06864,121.5107,5
500103004,20231016,752,23,18,1,25.06864,121.5107,5
500103004,20231016,753,23,18,1,25.06864,121.5107,5
500103004,20231016,754,23,18,1,25.06864,121.5107,5
500103004,20231016,755,23,18,1,25.06864,121.5107,5
500103004,20231016,756,23,18,1,25.06864,121.5107,5
500103004,20231016,757,23,17,1,25.06864,121.5107,6
500103004,20231016,758,23,17,1,25.06864,121.5107,6
500103004,20231016,759,23,17,1,25.06864,121.5107,6
500103004,20231016,760,23,17,1,25.06864,121.5107,6
500103004,20231016,761,23,17,1,25.06864,121.5107,6
500103004,20231016,762,23,17,1,25.06864,121.5107,6
500103004,20231016,763,23,17,1,25.06864,121.5107,6
500103004,20231016,764,23,17,1,25.06864,121.5107,6
500103004,20231016,765,23,17,1,25.06864,121.5107,6
500103004,20231016,766,23,17,1,25.06864,121.5107,6
500103004,20231016,767,23,17,1,25.06864,121.5107,6
500103004,20231016,768,23,17,1,25.06864,121.5107,6
500103004,20231016,769,23,17,1,25.06864,121.5107,6
500103004,20231016,770,23,17,1,25.06864,121.5107,6
500103004,20231016,771,23,17,1,25.06864,121.5107,6
500103004,20231016,772,23,16,1,25.06864,121.5107,7
500103004,20231016,773,23,16,1,25.06864,121.5107,7
500103004,20231016,774,23,17,1,25.06864,121.5107,6
500103004,20231016,775,23,17,1,25.06864,121.5107,6
500103004,20231016,776,23,22,1,25.06864,121.5107,1
500103004,20231016,777,23,22,1,25.06864,121.5107,1
500103004,20231016,778,23,22,1,25.06864,121.5107,1
500103004,20231016,779,23,22,1,25.06864,121.5107,1
500103004,20231016,781,23,22,1,25.06864,121.5107,1
500103004,20231016,782,23,18,1,25.06864,121.5107,5
500103004,20231016,783,23,18,1,25.06864,121.5107,5
500103004,20231016,784,23,18,1,25.06864,121.5107,5
500103004,20231016,785,23,18,1,25.06864,121.5107,5
500103004,20231016,786,23,18,1,25.06864,121.5107,5
500103004,20231016,787,23,18,1,25.06864,121.5107,5
500103004,20231016,788,23,18,1,25.06864,121.5107,5
500103004,20231016,789,23,18,1,25.06864,121.5107,5
500103004,20231016,790,23,18,1,25.06864,121.5107,5
500103004,20231016,791,23,18,1,25.06864,121.5107,5
500103004,20231016,792,23,18,1,25.06864,121.5107,5
500103004,20231016,793,23,18,1,25.06864,121.5107,5
500103004,20231016,794,23,18,1,25.06864,121.5107,5
500103004,20231016,795,23,18,1,25.06864,121.5107,5
500103004,20231016,796,23,18,1,25.06864,121.5107,5
500103004,20231016,797,23,18,1,25.06864,121.5107,5
500103004,20231016,798,23,18,1,25.06864,121.5107,5
500103004,20231016,799,23,18,1,25.06864,121.5107,5
500103004,20231016,801,23,18,1,25.06864,121.5107,5
500103004,20231016,802,23,18,1,25.06864,121.5107,5
500103004,20231016,803,23,18,1,25.06864,121.5107,5
500103004,20231016,804,23,18,1,25.06864,121.5107,5
500103004,20231016,805,23,18,1,25.06864,121.5107,5
500103004,20231016,806,23,18,1,25.06864,121.5107,5
500103004,20231016,807,23,18,1,25.06864,121.5107,5
500103004,20231016,808,23,18,1,25.06864,121.5107,5
500103004,20231016,809,23,18,1,25.06864,121.5107,5
500103004,20231016,810,23,18,1,25.06864,121.5107,5
500103004,20231016,811,23,18,1,25.06864,121.5107,5
500103004,20231016,812,23,18,1,25.06864,121.5107,5
500103004,20231016,813,23,18,1,25.06864,121.5107,5
500103004,20231016,814,23,18,1,25.06864,121.5107,5
500103004,20231016,815,23,18,1,25.06864,121.5107,5
500103004,20231016,816,23,18,1,25.06864,121.5107,5
500103004,20231016,817,23,18,1,25.06864,121.5107,5
500103004,20231016,818,23,18,1,25.06864,121.5107,5
500103004,20231016,819,23,22,1,25.06864,121.5107,1
500103004,20231016,820,23,22,1,25.06864,121.5107,1
500103004,20231016,821,23,22,1,25.06864,121.5107,1
500103004,20231016,822,23,21,1,25.06864,121.5107,2
500103004,20231016,823,23,22,1,25.06864,121.5107,1
500103004,20231016,824,23,22,1,25.06864,121.5107,1
500103004,20231016,825,23,22,1,25.06864,121.5107,1
500103004,20231016,826,23,22,1,25.06864,121.5107,1
500103004,20231016,827,23,22,1,25.06864,121.5107,1
500103004,20231016,828,23,23,1,25.06864,121.5107,0
500103004,20231016,829,23,23,1,25.06864,121.5107,0
500103004,20231016,830,23,23,1,25.06864,121.5107,0
500103004,20231016,831,23,23,1,25.06864,121.5107,0
500103004,20231016,832,23,23,1,25.06864,121.5107,0
500103004,20231016,833,23,23,1,25.06864,121.5107,0
500103004,20231016,834,23,23,1,25.06864,121.5107,0
500103004,20231016,835,23,23,1,25.06864,121.5107,0
500103004,20231016,836,23,23,1,25.06864,121.5107,0
500103004,20231016,837,23,22,1,25.06864,121.5107,1
500103004,20231016,838,23,22,1,25.06864,121.5107,1
500103004,20231016,839,23,21,1,25.06864,121.5107,2
500103004,20231016,841,23,21,1,25.06864,121.5107,2
500103004,20231016,842,23,21,1,25.06864,121.5107,2
500103004,20231016,843,23,21,1,25.06864,121.5107,2
500103004,20231016,844,23,22,1,25.06864,121.5107,1
500103004,20231016,845,23,22,1,25.06864,121.5107,1
500103004,20231016,846,23,22,1,25.06864,121.5107,1
500103004,20231016,847,23,22,1,25.06864,121.5107,1
500103004,20231016,848,23,21,1,25.06864,121.5107,2
500103004,20231016,849,23,22,1,25.06864,121.5107,1
500103004,20231016,850,23,22,1,25.06864,121.5107,1
500103004,20231016,851,23,22,1,25.06864,121.5107,1
500103004,20231016,852,23,22,1,25.06864,121.5107,1
500103004,20231016,853,23,22,1,25.06864,121.5107,1
500103004,20231016,854,23,22,1,25.06864,121.5107,1
500103004,20231016,855,23,22,1,25.06864,121.5107,1
500103004,20231016,856,23,22,1,25.06864,121.5107,1
500103004,20231016,857,23,22,1,25.06864,121.5107,1
500103004,20231016,858,23,22,1,25.06864,121.5107,1
500103004,20231016,859,23,22,1,25.06864,121.5107,1
500103004,20231016,861,23,22,1,25.06864,121.5107,1
500103004,20231016,862,23,22,1,25.06864,121.5107,1
500103004,20231016,863,23,21,1,25.06864,121.5107,2
500103004,20231016,864,23,21,1,25.06864,121.5107,2
500103004,20231016,865,23,21,1,25.06864,121.5107,2
500103004,20231016,866,23,21,1,25.06864,121.5107,2
500103004,20231016,867,23,21,1,25.06864,121.5107,2
500103004,20231016,868,23,21,1,25.06864,121.5107,2
500103004,20231016,869,23,21,1,25.06864,121.5107,2
500103004,20231016,870,23,21,1,25.06864,121.5107,2
500103004,20231016,871,23,21,1,25.06864,121.5107,2
500103004,20231016,872,23,22,1,25.06864,121.5107,1
500103004,20231016,873,23,23,1,25.06864,121.5107,0
500103004,20231016,874,23,23,1,25.06864,121.5107,0
500103004,20231016,875,23,23,1,25.06864,121.5107,0
500103004,20231016,876,23,22,1,25.06864,121.5107,1
500103004,20231016,877,23,22,1,25.06864,121.5107,1
500103004,20231016,878,23,22,1,25.06864,121.5107,1
500103004,20231016,879,23,22,1,25.06864,121.5107,1
500103004,20231016,880,23,22,1,25.06864,121.5107,1
500103004,20231016,881,23,22,1,25.06864,121.5107,1
500103004,20231016,882,23,22,1,25.06864,121.5107,1
500103004,20231016,883,23,23,1,25.06864,121.5107,0
500103004,20231016,884,23,23,1,25.06864,121.5107,0
500103004,20231016,885,23,23,1,25.06864,121.5107,0
500103004,20231016,886,23,23,1,25.06864,121.5107,0
500103004,20231016,887,23,23,1,25.06864,121.5107,0
500103004,20231016,888,23,23,1,25.06864,121.5107,0
500103004,20231016,889,23,23,1,25.06864,121.5107,0
500103004,20231016,890,23,23,1,25.06864,121.5107,0
500103004,20231016,891,23,23,1,25.06864,121.5107,0
500103004,20231016,892,23,23,1,25.06864,121.5107,0
500103004,20231016,893,23,23,1,25.06864,121.5107,0
500103004,20231016,894,23,23,1,25.06864,121.5107,0
500103004,20231016,895,23,23,1,25.06864,121.5107,0
500103004,20231016,896,23,23,1,25.06864,121.5107,0
500103004,20231016,897,23,23,1,25.06864,121.5107,0
500103004,20231016,898,23,23,1,25.06864,121.5107,0
500103004,20231016,899,23,23,1,25.06864,121.5107,0
500103004,20231016,901,23,22,1,25.06864,121.5107,1
500103004,20231016,902,23,22,1,25.06864,121.5107,1
500103004,20231016,903,23,21,1,25.06864,121.5107,2
500103004,20231016,904,23,22,1,25.06864,121.5107,1
500103004,20231016,905,23,22,1,25.06864,121.5107,1
500103004,20231016,906,23,22,1,25.06864,121.5107,1
500103004,20231016,907,23,22,1,25.06864,121.5107,1
500103004,20231016,908,23,22,1,25.06864,121.5107,1
500103004,20231016,909,23,22,1,25.06864,121.5107,1
500103004,20231016,910,23,22,1,25.06864,121.5107,1
500103004,20231016,911,23,22,1,25.06864,121.5107,1
500103004,20231016,912,23,22,1,25.06864,121.5107,1
500103004,20231016,913,23,20,1,25.06864,121.5107,3
500103004,20231016,914,23,19,1,25.06864,121.5107,4
500103004,20231016,915,23,19,1,25.06864,121.5107,4
500103004,20231016,916,23,20,1,25.06864,121.5107,3
500103004,20231016,917,23,20,1,25.06864,121.5107,3
500103004,20231016,918,23,20,1,25.06864,121.5107,3
500103004,20231016,919,23,20,1,25.06864,121.5107,3
500103004,20231016,922,23,20,1,25.06864,121.5107,3
500103004,20231016,923,23,20,1,25.06864,121.5107,3
500103004,20231016,924,23,20,1,25.06864,121.5107,3
500103004,20231016,926,23,21,1,25.06864,121.5107,2
500103004,20231016,927,23,21,1,25.06864,121.5107,2
500103004,20231016,928,23,21,1,25.06864,121.5107,2
500103004,20231016,929,23,21,1,25.06864,121.5107,2
500103004,20231016,930,23,21,1,25.06864,121.5107,2
500103004,20231016,931,23,21,1,25.06864,121.5107,2
500103004,20231016,932,23,22,1,25.06864,121.5107,1
500103004,20231016,933,23,23,1,25.06864,121.5107,0
500103004,20231016,934,23,23,1,25.06864,121.5107,0
500103004,20231016,935,23,23,1,25.06864,121.5107,0
500103004,20231016,937,23,23,1,25.06864,121.5107,0
500103004,20231016,938,23,23,1,25.06864,121.5107,0
500103004,20231016,939,23,23,1,25.06864,121.5107,0
500103004,20231016,941,23,23,1,25.06864,121.5107,0
500103004,20231016,942,23,22,1,25.06864,121.5107,1
500103004,20231016,943,23,22,1,25.06864,121.5107,1
500103004,20231016,944,23,22,1,25.06864,121.5107,1
500103004,20231016,945,23,22,1,25.06864,121.5107,1
500103004,20231016,946,23,22,1,25.06864,121.5107,1
500103004,20231016,947,23,21,1,25.06864,121.5107,2
500103004,20231016,948,23,21,1,25.06864,121.5107,2
500103004,20231016,949,23,21,1,25.06864,121.5107,2
500103004,20231016,951,23,21,1,25.06864,121.5107,2
500103004,20231016,953,23,21,1,25.06864,121.5107,2
500103004,20231016,954,23,20,1,25.06864,121.5107,3
500103004,20231016,956,23,19,1,25.06864,121.5107,4
500103004,20231016,957,23,19,1,25.06864,121.5107,4
500103004,20231016,958,23,19,1,25.06864,121.5107,4
500103004,20231016,959,23,18,1,25.06864,121.5107,5
500103004,20231016,961,23,20,1,25.06864,121.5107,3
500103004,20231016,962,23,20,1,25.06864,121.5107,3
500103004,20231016,963,23,20,1,25.06864,121.5107,3
500103004,20231016,964,23,20,1,25.06864,121.5107,3
500103004,20231016,965,23,19,1,25.06864,121.5107,4
500103004,20231016,966,23,19,1,25.06864,121.5107,4
500103004,20231016,967,23,20,1,25.06864,121.5107,3
500103004,20231016,968,23,20,1,25.06864,121.5107,3
500103004,20231016,969,23,20,1,25.06864,121.5107,3
500103004,20231016,970,23,19,1,25.06864,121.5107,4
500103004,20231016,971,23,19,1,25.06864,121.5107,4
500103004,20231016,972,23,19,1,25.06864,121.5107,4
500103004,20231016,973,23,19,1,25.06864,121.5107,4
500103004,20231016,974,23,19,1,25.06864,121.5107,4
500103004,20231016,975,23,21,1,25.06864,121.5107,2
500103004,20231016,976,23,21,1,25.06864,121.5107,2
500103004,20231016,977,23,21,1,25.06864,121.5107,2
500103004,20231016,978,23,21,1,25.06864,121.5107,2
500103004,20231016,979,23,21,1,25.06864,121.5107,2
500103004,20231016,981,23,18,1,25.06864,121.5107,5
500103004,20231016,982,23,17,1,25.06864,121.5107,6
500103004,20231016,983,23,17,1,25.06864,121.5107,6
500103004,20231016,984,23,17,1,25.06864,121.5107,6
500103004,20231016,985,23,17,1,25.06864,121.5107,6
500103004,20231016,986,23,18,1,25.06864,121.5107,5
500103004,20231016,987,23,18,1,25.06864,121.5107,5
500103004,20231016,988,23,18,1,25.06864,121.5107,5
500103004,20231016,989,23,18,1,25.06864,121.5107,5
500103004,20231016,991,23,20,1,25.06864,121.5107,3
500103004,20231016,992,23,20,1,25.06864,121.5107,3
500103004,20231016,993,23,20,1,25.06864,121.5107,3
500103004,20231016,994,23,20,1,25.06864,121.5107,3
500103004,20231016,995,23,21,1,25.06864,121.5107,2
500103004,20231016,996,23,21,1,25.06864,121.5107,2
500103004,20231016,997,23,21,1,25.06864,121.5107,2
500103004,20231016,998,23,21,1,25.06864,121.5107,2
500103004,20231016,999,23,21,1,25.06864,121.5107,2
500103004,20231016,1000,23,21,1,25.06864,121.5107,2
500103004,20231016,1001,23,21,1,25.06864,121.5107,2
500103004,20231016,1002,23,21,1,25.06864,121.5107,2
500103004,20231016,1003,23,21,1,25.06864,121.5107,2
500103004,20231016,1004,23,20,1,25.06864,121.5107,3
500103004,20231016,1005,23,20,1,25.06864,121.5107,3
500103004,20231016,1006,23,18,1,25.06864,121.5107,5
500103004,20231016,1007,23,19,1,25.06864,121.5107,4
500103004,20231016,1008,23,19,1,25.06864,121.5107,4
500103004,20231016,1009,23,19,1,25.06864,121.5107,4
500103004,20231016,1010,23,19,1,25.06864,121.5107,4
500103004,20231016,1011,23,19,1,25.06864,121.5107,4
500103004,20231016,1012,23,19,1,25.06864,121.5107,4
500103004,20231016,1013,23,19,1,25.06864,121.5107,4
500103004,20231016,1014,23,19,1,25.06864,121.5107,4
500103004,20231016,1015,23,19,1,25.06864,121.5107,4
500103004,20231016,1016,23,19,1,25.06864,121.5107,4
500103004,20231016,1017,23,19,1,25.06864,121.5107,4
500103004,20231016,1018,23,19,1,25.06864,121.5107,4
500103004,20231016,1019,23,19,1,25.06864,121.5107,4
500103004,20231016,1021,23,19,1,25.06864,121.5107,4
500103004,20231016,1022,23,17,1,25.06864,121.5107,6
500103004,20231016,1023,23,17,1,25.06864,121.5107,6
500103004,20231016,1024,23,16,1,25.06864,121.5107,7
500103004,20231016,1025,23,16,1,25.06864,121.5107,7
500103004,20231016,1026,23,16,1,25.06864,121.5107,7
500103004,20231016,1027,23,15,1,25.06864,121.5107,8
500103004,20231016,1028,23,16,1,25.06864,121.5107,7
500103004,20231016,1029,23,16,1,25.06864,121.5107,7
500103004,20231016,1031,23,16,1,25.06864,121.5107,7
500103004,20231016,1032,23,16,1,25.06864,121.5107,7
500103004,20231016,1033,23,16,1,25.06864,121.5107,7
500103004,20231016,1034,23,16,1,25.06864,121.5107,7
500103004,20231016,1035,23,16,1,25.06864,121.5107,7
500103004,20231016,1036,23,15,1,25.06864,121.5107,8
500103004,20231016,1037,23,14,1,25.06864,121.5107,9
500103004,20231016,1038,23,16,1,25.06864,121.5107,7
500103004,20231016,1039,23,15,1,25.06864,121.5107,8
500103004,20231016,1042,23,16,1,25.06864,121.5107,7
500103004,20231016,1043,23,16,1,25.06864,121.5107,7
500103004,20231016,1044,23,15,1,25.06864,121.5107,8
500103004,20231016,1046,23,16,1,25.06864,121.5107,7
500103004,20231016,1047,23,14,1,25.06864,121.5107,9
500103004,20231016,1048,23,14,1,25.06864,121.5107,9
500103004,20231016,1049,23,14,1,25.06864,121.5107,9
500103004,20231016,1051,23,12,1,25.06864,121.5107,11
500103004,20231016,1052,23,12,1,25.06864,121.5107,11
500103004,20231016,1053,23,12,1,25.06864,121.5107,11
500103004,20231016,1054,23,11,1,25.06864,121.5107,12
500103004,20231016,1055,23,12,1,25.06864,121.5107,11
500103004,20231016,1056,23,12,1,25.06864,121.5107,11
500103004,20231016,1057,23,13,1,25.06864,121.5107,10
500103004,20231016,1058,23,12,1,25.06864,121.5107,11
500103004,20231016,1059,23,12,1,25.06864,121.5107,11
500103004,20231016,1060,23,12,1,25.06864,121.5107,11
500103004,20231016,1061,23,12,1,25.06864,121.5107,11
500103004,20231016,1062,23,11,1,25.06864,121.5107,12
500103004,20231016,1063,23,9,1,25.06864,121.5107,14
500103004,20231016,1064,23,9,1,25.06864,121.5107,14
500103004,20231016,1065,23,8,1,25.06864,121.5107,15
500103004,20231016,1066,23,8,1,25.06864,121.5107,15
500103004,20231016,1067,23,9,1,25.06864,121.5107,14
500103004,20231016,1068,23,9,1,25.06864,121.5107,14
500103004,20231016,1069,23,9,1,25.06864,121.5107,14
500103004,20231016,1071,23,9,1,25.06864,121.5107,14
500103004,20231016,1072,23,9,1,25.06864,121.5107,14
500103004,20231016,1073,23,10,1,25.06864,121.5107,13
500103004,20231016,1074,23,10,1,25.06864,121.5107,13
500103004,20231016,1076,23,9,1,25.06864,121.5107,14
500103004,20231016,1077,23,9,1,25.06864,121.5107,14
500103004,20231016,1078,23,10,1,25.06864,121.5107,13
500103004,20231016,1079,23,11,1,25.06864,121.5107,12
500103004,20231016,1081,23,9,1,25.06864,121.5107,14
500103004,20231016,1082,23,9,1,25.06864,121.5107,14
500103004,20231016,1083,23,9,1,25.06864,121.5107,14
500103004,20231016,1084,23,9,1,25.06864,121.5107,14
500103004,20231016,1085,23,9,1,25.06864,121.5107,14
500103004,20231016,1086,23,10,1,25.06864,121.5107,13
500103004,20231016,1087,23,9,1,25.06864,121.5107,14
500103004,20231016,1088,23,9,1,25.06864,121.5107,14
500103004,20231016,1089,23,9,1,25.06864,121.5107,14
500103004,20231016,1090,23,11,1,25.06864,121.5107,12
500103004,20231016,1091,23,11,1,25.06864,121.5107,12
500103004,20231016,1092,23,11,1,25.06864,121.5107,12
500103004,20231016,1093,23,11,1,25.06864,121.5107,12
500103004,20231016,1094,23,12,1,25.06864,121.5107,11
500103004,20231016,1095,23,12,1,25.06864,121.5107,11
500103004,20231016,1096,23,12,1,25.06864,121.5107,11
500103004,20231016,1097,23,12,1,25.06864,121.5107,11
500103004,20231016,1098,23,13,1,25.06864,121.5107,10
500103004,20231016,1099,23,12,1,25.06864,121.5107,11
500103004,20231016,1101,23,13,1,25.06864,121.5107,10
500103004,20231016,1102,23,13,1,25.06864,121.5107,10
500103004,20231016,1103,23,13,1,25.06864,121.5107,10
500103004,20231016,1104,23,12,1,25.06864,121.5107,11
500103004,20231016,1105,23,12,1,25.06864,121.5107,11
500103004,20231016,1106,23,12,1,25.06864,121.5107,11
500103004,20231016,1107,23,11,1,25.06864,121.5107,12
500103004,20231016,1108,23,11,1,25.06864,121.5107,12
500103004,20231016,1109,23,11,1,25.06864,121.5107,12
500103004,20231016,1111,23,10,1,25.06864,121.5107,13
500103004,20231016,1112,23,10,1,25.06864,121.5107,13
500103004,20231016,1113,23,10,1,25.06864,121.5107,13
500103004,20231016,1114,23,8,1,25.06864,121.5107,15
500103004,20231016,1115,23,9,1,25.06864,121.5107,14
500103004,20231016,1116,23,8,1,25.06864,121.5107,15
500103004,20231016,1117,23,7,1,25.06864,121.5107,16
500103004,20231016,1118,23,7,1,25.06864,121.5107,16
500103004,20231016,1119,23,7,1,25.06864,121.5107,16
500103004,20231016,1120,23,7,1,25.06864,121.5107,16
500103004,20231016,1121,23,5,1,25.06864,121.5107,18
500103004,20231016,1122,23,6,1,25.06864,121.5107,17
500103004,20231016,1123,23,6,1,25.06864,121.5107,17
500103004,20231016,1124,23,7,1,25.06864,121.5107,16
500103004,20231016,1125,23,7,1,25.06864,121.5107,16
500103004,20231016,1126,23,5,1,25.06864,121.5107,18
500103004,20231016,1127,23,4,1,25.06864,121.5107,19
500103004,20231016,1128,23,3,1,25.06864,121.5107,20
500103004,20231016,1129,23,2,1,25.06864,121.5107,21
500103004,20231016,1130,23,1,1,25.06864,121.5107,22
500103004,20231016,1131,23,1,1,25.06864,121.5107,22
500103004,20231016,1132,23,1,1,25.06864,121.5107,22
500103004,20231016,1133,23,0,1,25.06864,121.5107,23
500103004,20231016,1134,23,0,1,25.06864,121.5107,23
500103004,20231016,1135,23,0,1,25.06864,121.5107,23
500103004,20231016,1136,23,0,1,25.06864,121.5107,23
500103004,20231016,1137,23,0,1,25.06864,121.5107,23
500103004,20231016,1138,23,0,1,25.06864,121.5107,23
500103004,20231016,1139,23,0,1,25.06864,121.5107,23
500103004,20231016,1141,23,0,1,25.06864,121.5107,23
500103004,20231016,1142,23,1,1,25.06864,121.5107,22
500103004,20231016,1143,23,5,1,25.06864,121.5107,18
500103004,20231016,1144,23,5,1,25.06864,121.5107,18
500103004,20231016,1145,23,5,1,25.06864,121.5107,18
500103004,20231016,1146,23,9,1,25.06864,121.5107,14
500103004,20231016,1147,23,9,1,25.06864,121.5107,14
500103004,20231016,1148,23,10,1,25.06864,121.5107,13
500103004,20231016,1149,23,10,1,25.06864,121.5107,13
500103004,20231016,1150,23,13,1,25.06864,121.5107,10
500103004,20231016,1151,23,12,1,25.06864,121.5107,11
500103004,20231016,1152,23,17,1,25.06864,121.5107,6
500103004,20231016,1153,23,17,1,25.06864,121.5107,6
500103004,20231016,1154,23,19,1,25.06864,121.5107,4
500103004,20231016,1155,23,19,1,25.06864,121.5107,4
500103004,20231016,1156,23,19,1,25.06864,121.5107,4
500103004,20231016,1157,23,21,1,25.06864,121.5107,2
500103004,20231016,1158,23,21,1,25.06864,121.5107,2
500103004,20231016,1159,23,20,1,25.06864,121.5107,3
500103004,20231016,1161,23,20,1,25.06864,121.5107,3
500103004,20231016,1162,23,18,1,25.06864,121.5107,5
500103004,20231016,1163,23,18,1,25.06864,121.5107,5
500103004,20231016,1164,23,18,1,25.06864,121.5107,5
500103004,20231016,1165,23,18,1,25.06864,121.5107,5
500103004,20231016,1166,23,19,1,25.06864,121.5107,4
500103004,20231016,1167,23,18,1,25.06864,121.5107,5
500103004,20231016,1168,23,17,1,25.06864,121.5107,6
500103004,20231016,1169,23,17,1,25.06864,121.5107,6
500103004,20231016,1171,23,17,1,25.06864,121.5107,6
500103004,20231016,1172,23,16,1,25.06864,121.5107,7
500103004,20231016,1173,23,16,1,25.06864,121.5107,7
500103004,20231016,1174,23,16,1,25.06864,121.5107,7
500103004,20231016,1175,23,16,1,25.06864,121.5107,7
500103004,20231016,1176,23,16,1,25.06864,121.5107,7
500103004,20231016,1177,23,15,1,25.06864,121.5107,8
500103004,20231016,1178,23,15,1,25.06864,121.5107,8
500103004,20231016,1179,23,14,1,25.06864,121.5107,9
500103004,20231016,1180,23,14,1,25.06864,121.5107,9
500103004,20231016,1181,23,14,1,25.06864,121.5107,9
500103004,20231016,1182,23,14,1,25.06864,121.5107,9
500103004,20231016,1183,23,11,1,25.06864,121.5107,12
500103004,20231016,1184,23,11,1,25.06864,121.5107,12
500103004,20231016,1185,23,11,1,25.06864,121.5107,12
500103004,20231016,1186,23,10,1,25.06864,121.5107,13
500103004,20231016,1187,23,10,1,25.06864,121.5107,13
500103004,20231016,1188,23,10,1,25.06864,121.5107,13
500103004,20231016,1189,23,10,1,25.06864,121.5107,13
500103004,20231016,1190,23,10,1,25.06864,121.5107,13
500103004,20231016,1191,23,10,1,25.06864,121.5107,13
500103004,20231016,1192,23,9,1,25.06864,121.5107,14
500103004,20231016,1193,23,8,1,25.06864,121.5107,15
500103004,20231016,1194,23,8,1,25.06864,121.5107,15
500103004,20231016,1195,23,8,1,25.06864,121.5107,15
500103004,20231016,1196,23,8,1,25.06864,121.5107,15
500103004,20231016,1197,23,8,1,25.06864,121.5107,15
500103004,20231016,1198,23,8,1,25.06864,121.5107,15
500103004,20231016,1199,23,8,1,25.06864,121.5107,15
500103004,20231016,1201,23,8,1,25.06864,121.5107,15
500103004,20231016,1202,23,14,1,25.06864,121.5107,9
500103004,20231016,1203,23,13,1,25.06864,121.5107,10
500103004,20231016,1204,23,15,1,25.06864,121.5107,8
500103004,20231016,1205,23,15,1,25.06864,121.5107,8
500103004,20231016,1206,23,19,1,25.06864,121.5107,4
500103004,20231016,1207,23,19,1,25.06864,121.5107,4
500103004,20231016,1208,23,19,1,25.06864,121.5107,4
500103004,20231016,1209,23,19,1,25.06864,121.5107,4
500103004,20231016,1210,23,19,1,25.06864,121.5107,4
500103004,20231016,1211,23,19,1,25.06864,121.5107,4
500103004,20231016,1212,23,19,1,25.06864,121.5107,4
500103004,20231016,1213,23,19,1,25.06864,121.5107,4
500103004,20231016,1214,23,19,1,25.06864,121.5107,4
500103004,20231016,1215,23,20,1,25.06864,121.5107,3
500103004,20231016,1216,23,20,1,25.06864,121.5107,3
500103004,20231016,1217,23,21,1,25.06864,121.5107,2
500103004,20231016,1218,23,21,1,25.06864,121.5107,2
500103004,20231016,1219,23,21,1,25.06864,121.5107,2
500103004,20231016,1221,23,21,1,25.06864,121.5107,2
500103004,20231016,1222,23,21,1,25.06864,121.5107,2
500103004,20231016,1224,23,21,1,25.06864,121.5107,2
500103004,20231016,1225,23,21,1,25.06864,121.5107,2
500103004,20231016,1226,23,21,1,25.06864,121.5107,2
500103004,20231016,1227,23,21,1,25.06864,121.5107,2
500103004,20231016,1228,23,20,1,25.06864,121.5107,3
500103004,20231016,1229,23,19,1,25.06864,121.5107,4
500103004,20231016,1231,23,17,1,25.06864,121.5107,6
500103004,20231016,1232,23,16,1,25.06864,121.5107,7
500103004,20231016,1233,23,16,1,25.06864,121.5107,7
500103004,20231016,1234,23,16,1,25.06864,121.5107,7
500103004,20231016,1235,23,16,1,25.06864,121.5107,7
500103004,20231016,1236,23,16,1,25.06864,121.5107,7
500103004,20231016,1237,23,15,1,25.06864,121.5107,8
500103004,20231016,1238,23,15,1,25.06864,121.5107,8
500103004,20231016,1239,23,15,1,25.06864,121.5107,8
500103004,20231016,1240,23,15,1,25.06864,121.5107,8
500103004,20231016,1241,23,14,1,25.06864,121.5107,9
500103004,20231016,1242,23,13,1,25.06864,121.5107,10
500103004,20231016,1243,23,14,1,25.06864,121.5107,9
500103004,20231016,1244,23,14,1,25.06864,121.5107,9
500103004,20231016,1245,23,14,1,25.06864,121.5107,9
500103004,20231016,1246,23,14,1,25.06864,121.5107,9
500103004,20231016,1247,23,14,1,25.06864,121.5107,9
500103004,20231016,1248,23,14,1,25.06864,121.5107,9
500103004,20231016,1249,23,14,1,25.06864,121.5107,9
500103004,20231016,1250,23,14,1,25.06864,121.5107,9
500103004,20231016,1251,23,13,1,25.06864,121.5107,10
500103004,20231016,1252,23,13,1,25.06864,121.5107,10
500103004,20231016,1253,23,13,1,25.06864,121.5107,10
500103004,20231016,1254,23,13,1,25.06864,121.5107,10
500103004,20231016,1255,23,13,1,25.06864,121.5107,10
500103004,20231016,1256,23,13,1,25.06864,121.5107,10
500103004,20231016,1257,23,13,1,25.06864,121.5107,10
500103004,20231016,1258,23,13,1,25.06864,121.5107,10
500103004,20231016,1259,23,13,1,25.06864,121.5107,10
500103004,20231016,1261,23,13,1,25.06864,121.5107,10
500103004,20231016,1262,23,14,1,25.06864,121.5107,9
500103004,20231016,1263,23,14,1,25.06864,121.5107,9
500103004,20231016,1264,23,14,1,25.06864,121.5107,9
500103004,20231016,1265,23,14,1,25.06864,121.5107,9
500103004,20231016,1266,23,14,1,25.06864,121.5107,9
500103004,20231016,1267,23,14,1,25.06864,121.5107,9
500103004,20231016,1268,23,14,1,25.06864,121.5107,9
500103004,20231016,1269,23,14,1,25.06864,121.5107,9
500103004,20231016,1270,23,14,1,25.06864,121.5107,9
500103004,20231016,1271,23,14,1,25.06864,121.5107,9
500103004,20231016,1272,23,14,1,25.06864,121.5107,9
500103004,20231016,1273,23,14,1,25.06864,121.5107,9
500103004,20231016,1274,23,14,1,25.06864,121.5107,9
500103004,20231016,1275,23,14,1,25.06864,121.5107,9
500103004,20231016,1276,23,14,1,25.06864,121.5107,9
500103004,20231016,1277,23,13,1,25.06864,121.5107,10
500103004,20231016,1278,23,13,1,25.06864,121.5107,10
500103004,20231016,1279,23,12,1,25.06864,121.5107,11
500103004,20231016,1281,23,12,1,25.06864,121.5107,11
500103004,20231016,1282,23,12,1,25.06864,121.5107,11
500103004,20231016,1283,23,12,1,25.06864,121.5107,11
500103004,20231016,1284,23,11,1,25.06864,121.5107,12
500103004,20231016,1285,23,9,1,25.06864,121.5107,14
500103004,20231016,1286,23,9,1,25.06864,121.5107,14
500103004,20231016,1287,23,9,1,25.06864,121.5107,14
500103004,20231016,1288,23,9,1,25.06864,121.5107,14
500103004,20231016,1289,23,9,1,25.06864,121.5107,14
500103004,20231016,1291,23,9,1,25.06864,121.5107,14
500103004,20231016,1292,23,9,1,25.06864,121.5107,14
500103004,20231016,1293,23,9,1,25.06864,121.5107,14
500103004,20231016,1294,23,9,1,25.06864,121.5107,14
500103004,20231016,1295,23,9,1,25.06864,121.5107,14
500103004,20231016,1296,23,9,1,25.06864,121.5107,14
500103004,20231016,1297,23,8,1,25.06864,121.5107,15
500103004,20231016,1298,23,8,1,25.06864,121.5107,15
500103004,20231016,1299,23,8,1,25.06864,121.5107,15
500103004,20231016,1300,23,8,1,25.06864,121.5107,15
500103004,20231016,1301,23,8,1,25.06864,121.5107,15
500103004,20231016,1302,23,8,1,25.06864,121.5107,15
500103004,20231016,1303,23,8,1,25.06864,121.5107,15
500103004,20231016,1304,23,8,1,25.06864,121.5107,15
500103004,20231016,1305,23,7,1,25.06864,121.5107,16
500103004,20231016,1306,23,7,1,25.06864,121.5107,16
500103004,20231016,1307,23,7,1,25.06864,121.5107,16
500103004,20231016,1308,23,7,1,25.06864,121.5107,16
500103004,20231016,1309,23,7,1,25.06864,121.5107,16
500103004,20231016,1310,23,6,1,25.06864,121.5107,17
500103004,20231016,1311,23,6,1,25.06864,121.5107,17
500103004,20231016,1312,23,7,1,25.06864,121.5107,16
500103004,20231016,1313,23,7,1,25.06864,121.5107,16
500103004,20231016,1314,23,6,1,25.06864,121.5107,17
500103004,20231016,1315,23,6,1,25.06864,121.5107,17
500103004,20231016,1316,23,6,1,25.06864,121.5107,17
500103004,20231016,1317,23,6,1,25.06864,121.5107,17
500103004,20231016,1318,23,6,1,25.06864,121.5107,17
500103004,20231016,1319,23,6,1,25.06864,121.5107,17
500103004,20231016,1321,23,6,1,25.06864,121.5107,17
500103004,20231016,1322,23,6,1,25.06864,121.5107,17
500103004,20231016,1323,23,6,1,25.06864,121.5107,17
500103004,20231016,1324,23,6,1,25.06864,121.5107,17
500103004,20231016,1325,23,6,1,25.06864,121.5107,17
500103004,20231016,1326,23,6,1,25.06864,121.5107,17
500103004,20231016,1327,23,6,1,25.06864,121.5107,17
500103004,20231016,1328,23,6,1,25.06864,121.5107,17
500103004,20231016,1329,23,7,1,25.06864,121.5107,16
500103004,20231016,1330,23,7,1,25.06864,121.5107,16
500103004,20231016,1331,23,7,1,25.06864,121.5107,16
500103004,20231016,1332,23,7,1,25.06864,121.5107,16
500103004,20231016,1333,23,7,1,25.06864,121.5107,16
500103004,20231016,1334,23,7,1,25.06864,121.5107,16
500103004,20231016,1335,23,8,1,25.06864,121.5107,15
500103004,20231016,1336,23,7,1,25.06864,121.5107,16
500103004,20231016,1337,23,7,1,25.06864,121.5107,16
500103004,20231016,1338,23,7,1,25.06864,121.5107,16
500103004,20231016,1339,23,8,1,25.06864,121.5107,15
500103004,20231016,1341,23,9,1,25.06864,121.5107,14
500103004,20231016,1342,23,9,1,25.06864,121.5107,14
500103004,20231016,1343,23,9,1,25.06864,121.5107,14
500103004,20231016,1344,23,9,1,25.06864,121.5107,14
500103004,20231016,1345,23,9,1,25.06864,121.5107,14
500103004,20231016,1346,23,9,1,25.06864,121.5107,14
500103004,20231016,1347,23,9,1,25.06864,121.5107,14
500103004,20231016,1348,23,9,1,25.06864,121.5107,14
500103004,20231016,1349,23,9,1,25.06864,121.5107,14
500103004,20231016,1350,23,9,1,25.06864,121.5107,14
500103004,20231016,1351,23,9,1,25.06864,121.5107,14
500103004,20231016,1352,23,9,1,25.06864,121.5107,14
500103004,20231016,1353,23,9,1,25.06864,121.5107,14
500103004,20231016,1354,23,9,1,25.06864,121.5107,14
500103004,20231016,1355,23,9,1,25.06864,121.5107,14
500103004,20231016,1356,23,9,1,25.06864,121.5107,14
500103004,20231016,1357,23,9,1,25.06864,121.5107,14
500103004,20231016,1358,23,9,1,25.06864,121.5107,14
500103004,20231016,1359,23,8,1,25.06864,121.5107,15
500103004,20231016,1360,23,7,1,25.06864,121.5107,16
500103004,20231016,1361,23,7,1,25.06864,121.5107,16
500103004,20231016,1362,23,7,1,25.06864,121.5107,16
500103004,20231016,1363,23,7,1,25.06864,121.5107,16
500103004,20231016,1364,23,6,1,25.06864,121.5107,17
500103004,20231016,1365,23,6,1,25.06864,121.5107,17
500103004,20231016,1366,23,6,1,25.06864,121.5107,17
500103004,20231016,1367,23,6,1,25.06864,121.5107,17
500103004,20231016,1368,23,6,1,25.06864,121.5107,17
500103004,20231016,1369,23,6,1,25.06864,121.5107,17
500103004,20231016,1370,23,6,1,25.06864,121.5107,17
500103004,20231016,1371,23,6,1,25.06864,121.5107,17
500103004,20231016,1372,23,6,1,25.06864,121.5107,17
500103004,20231016,1373,23,6,1,25.06864,121.5107,17
500103004,20231016,1374,23,6,1,25.06864,121.5107,17
500103004,20231016,1375,23,6,1,25.06864,121.5107,17
500103004,20231016,1376,23,6,1,25.06864,121.5107,17
500103004,20231016,1377,23,6,1,25.06864,121.5107,17
500103004,20231016,1378,23,6,1,25.06864,121.5107,17
500103004,20231016,1379,23,6,1,25.06864,121.5107,17
500103004,20231016,1381,23,6,1,25.06864,121.5107,17
500103004,20231016,1382,23,6,1,25.06864,121.5107,17
500103004,20231016,1383,23,6,1,25.06864,121.5107,17
500103004,20231016,1384,23,6,1,25.06864,121.5107,17
500103004,20231016,1385,23,6,1,25.06864,121.5107,17
500103004,20231016,1386,23,6,1,25.06864,121.5107,17
500103004,20231016,1387,23,6,1,25.06864,121.5107,17
500103004,20231016,1388,23,6,1,25.06864,121.5107,17
500103004,20231016,1389,23,7,1,25.06864,121.5107,16
500103004,20231016,1390,23,7,1,25.06864,121.5107,16
500103004,20231016,1391,23,7,1,25.06864,121.5107,16
500103004,20231016,1392,23,7,1,25.06864,121.5107,16
500103004,20231016,1393,23,7,1,25.06864,121.5107,16
500103004,20231016,1394,23,7,1,25.06864,121.5107,16
500103004,20231016,1395,23,7,1,25.06864,121.5107,16
500103004,20231016,1396,23,7,1,25.06864,121.5107,16
500103004,20231016,1397,23,6,1,25.06864,121.5107,17
500103004,20231016,1398,23,6,1,25.06864,121.5107,17
500103004,20231016,1399,23,6,1,25.06864,121.5107,17
500103004,20231016,1401,23,6,1,25.06864,121.5107,17
500103004,20231016,1402,23,6,1,25.06864,121.5107,17
500103004,20231016,1403,23,4,1,25.06864,121.5107,19
500103004,20231016,1404,23,3,1,25.06864,121.5107,20
500103004,20231016,1405,23,2,1,25.06864,121.5107,21
500103004,20231016,1406,23,2,1,25.06864,121.5107,21
500103004,20231016,1407,23,2,1,25.06864,121.5107,21
500103004,20231016,1408,23,2,1,25.06864,121.5107,21
500103004,20231016,1409,23,2,1,25.06864,121.5107,21
500103004,20231016,1410,23,2,1,25.06864,121.5107,21
500103004,20231016,1411,23,2,1,25.06864,121.5107,21
500103004,20231016,1412,23,2,1,25.06864,121.5107,21
500103004,20231016,1413,23,2,1,25.06864,121.5107,21
500103004,20231016,1414,23,2,1,25.06864,121.5107,21
500103004,20231016,1415,23,2,1,25.06864,121.5107,21
500103004,20231016,1416,23,3,1,25.06864,121.5107,20
500103004,20231016,1417,23,3,1,25.06864,121.5107,20
500103004,20231016,1418,23,3,1,25.06864,121.5107,20
500103004,20231016,1419,23,3,1,25.06864,121.5107,20
500103004,20231016,1420,23,3,1,25.06864,121.5107,20
500103004,20231016,1421,23,3,1,25.06864,121.5107,20
500103004,20231016,1422,23,3,1,25.06864,121.5107,20
500103004,20231016,1423,23,3,1,25.06864,121.5107,20
500103004,20231016,1424,23,3,1,25.06864,121.5107,20
500103004,20231016,1425,23,3,1,25.06864,121.5107,20
500103004,20231016,1426,23,3,1,25.06864,121.5107,20
500103004,20231016,1427,23,3,1,25.06864,121.5107,20
500103004,20231016,1428,23,3,1,25.06864,121.5107,20
500103004,20231016,1429,23,3,1,25.06864,121.5107,20
500103004,20231016,1430,23,3,1,25.06864,121.5107,20
500103004,20231016,1431,23,3,1,25.06864,121.5107,20
500103004,20231016,1432,23,3,1,25.06864,121.5107,20
500103004,20231016,1433,23,3,1,25.06864,121.5107,20
500103004,20231016,1434,23,3,1,25.06864,121.5107,20
500103004,20231016,1435,23,3,1,25.06864,121.5107,20
500103004,20231016,1436,23,3,1,25.06864,121.5107,20
500103004,20231016,1437,23,3,1,25.06864,121.5107,20
500103004,20231016,1438,23,3,1,25.06864,121.5107,20
500103004,20231016,1439,23,3,1,25.06864,121.5107,20
500103004,20231017,1,23,3,1,25.06864,121.5107,20
500103004,20231017,2,23,3,1,25.06864,121.5107,20
500103004,20231017,3,23,3,1,25.06864,121.5107,20
500103004,20231017,4,23,3,1,25.06864,121.5107,20
500103004,20231017,5,23,3,1,25.06864,121.5107,20
500103004,20231017,6,23,3,1,25.06864,121.5107,20
500103004,20231017,7,23,3,1,25.06864,121.5107,20
500103004,20231017,8,23,3,1,25.06864,121.5107,20
500103004,20231017,9,23,3,1,25.06864,121.5107,20
500103004,20231017,10,23,3,1,25.06864,121.5107,20
500103004,20231017,11,23,3,1,25.06864,121.5107,20
500103004,20231017,12,23,3,1,25.06864,121.5107,20
500103004,20231017,13,23,3,1,25.06864,121.5107,20
500103004,20231017,14,23,3,1,25.06864,121.5107,20
500103004,20231017,15,23,2,1,25.06864,121.5107,21
500103004,20231017,16,23,2,1,25.06864,121.5107,21
500103004,20231017,17,23,2,1,25.06864,121.5107,21
500103004,20231017,18,23,2,1,25.06864,121.5107,21
500103004,20231017,19,23,2,1,25.06864,121.5107,21
500103004,20231017,21,23,2,1,25.06864,121.5107,21
500103004,20231017,22,23,2,1,25.06864,121.5107,21
500103004,20231017,23,23,2,1,25.06864,121.5107,21
500103004,20231017,24,23,2,1,25.06864,121.5107,21
500103004,20231017,25,23,2,1,25.06864,121.5107,21
500103004,20231017,26,23,2,1,25.06864,121.5107,21
500103004,20231017,27,23,2,1,25.06864,121.5107,21
500103004,20231017,28,23,2,1,25.06864,121.5107,21
500103004,20231017,29,23,2,1,25.06864,121.5107,21
500103004,20231017,30,23,2,1,25.06864,121.5107,21
500103004,20231017,31,23,2,1,25.06864,121.5107,21
500103004,20231017,32,23,2,1,25.06864,121.5107,21
500103004,20231017,33,23,2,1,25.06864,121.5107,21
500103004,20231017,34,23,2,1,25.06864,121.5107,21
500103004,20231017,35,23,2,1,25.06864,121.5107,21
500103004,20231017,36,23,2,1,25.06864,121.5107,21
500103004,20231017,37,23,2,1,25.06864,121.5107,21
500103004,20231017,38,23,2,1,25.06864,121.5107,21
500103004,20231017,39,23,2,1,25.06864,121.5107,21
500103004,20231017,40,23,2,1,25.06864,121.5107,21
500103004,20231017,41,23,2,1,25.06864,121.5107,21
500103004,20231017,42,23,2,1,25.06864,121.5107,21
500103004,20231017,43,23,2,1,25.06864,121.5107,21
500103004,20231017,44,23,2,1,25.06864,121.5107,21
500103004,20231017,45,23,2,1,25.06864,121.5107,21
500103004,20231017,46,23,2,1,25.06864,121.5107,21
500103004,20231017,47,23,2,1,25.06864,121.5107,21
500103004,20231017,48,23,2,1,25.06864,121.5107,21
500103004,20231017,49,23,2,1,25.06864,121.5107,21
500103004,20231017,50,23,2,1,25.06864,121.5107,21
500103004,20231017,51,23,2,1,25.06864,121.5107,21
500103004,20231017,52,23,2,1,25.06864,121.5107,21
500103004,20231017,53,23,2,1,25.06864,121.5107,21
500103004,20231017,54,23,2,1,25.06864,121.5107,21
500103004,20231017,55,23,2,1,25.06864,121.5107,21
500103004,20231017,56,23,2,1,25.06864,121.5107,21
500103004,20231017,57,23,2,1,25.06864,121.5107,21
500103004,20231017,58,23,2,1,25.06864,121.5107,21
500103004,20231017,59,23,2,1,25.06864,121.5107,21
500103004,20231017,61,23,2,1,25.06864,121.5107,21
500103004,20231017,62,23,2,1,25.06864,121.5107,21
500103004,20231017,63,23,2,1,25.06864,121.5107,21
500103004,20231017,64,23,2,1,25.06864,121.5107,21
500103004,20231017,65,23,2,1,25.06864,121.5107,21
500103004,20231017,66,23,2,1,25.06864,121.5107,21
500103004,20231017,67,23,2,1,25.06864,121.5107,21
500103004,20231017,68,23,2,1,25.06864,121.5107,21
500103004,20231017,69,23,2,1,25.06864,121.5107,21
500103004,20231017,70,23,2,1,25.06864,121.5107,21
500103004,20231017,71,23,2,1,25.06864,121.5107,21
500103004,20231017,72,23,2,1,25.06864,121.5107,21
500103004,20231017,73,23,2,1,25.06864,121.5107,21
500103004,20231017,74,23,1,1,25.06864,121.5107,22
500103004,20231017,75,23,1,1,25.06864,121.5107,22
500103004,20231017,76,23,1,1,25.06864,121.5107,22
500103004,20231017,77,23,0,1,25.06864,121.5107,23
500103004,20231017,78,23,0,1,25.06864,121.5107,23
500103004,20231017,79,23,0,1,25.06864,121.5107,23
500103004,20231017,81,23,0,1,25.06864,121.5107,23
500103004,20231017,82,23,0,1,25.06864,121.5107,23
500103004,20231017,83,23,0,1,25.06864,121.5107,23
500103004,20231017,84,23,0,1,25.06864,121.5107,23
500103004,20231017,85,23,0,1,25.06864,121.5107,23
500103004,20231017,86,23,0,1,25.06864,121.5107,23
500103004,20231017,87,23,0,1,25.06864,121.5107,23
500103004,20231017,88,23,0,1,25.06864,121.5107,23
500103004,20231017,89,23,0,1,25.06864,121.5107,23
500103004,20231017,90,23,0,1,25.06864,121.5107,23
500103004,20231017,91,23,0,1,25.06864,121.5107,23
500103004,20231017,92,23,0,1,25.06864,121.5107,23
500103004,20231017,93,23,0,1,25.06864,121.5107,23
500103004,20231017,94,23,0,1,25.06864,121.5107,23
500103004,20231017,95,23,0,1,25.06864,121.5107,23
500103004,20231017,96,23,0,1,25.06864,121.5107,23
500103004,20231017,97,23,0,1,25.06864,121.5107,23
500103004,20231017,99,23,0,1,25.06864,121.5107,23
500103004,20231017,100,23,0,1,25.06864,121.5107,23
500103004,20231017,101,23,0,1,25.06864,121.5107,23
500103004,20231017,102,23,0,1,25.06864,121.5107,23
500103004,20231017,103,23,0,1,25.06864,121.5107,23
500103004,20231017,104,23,0,1,25.06864,121.5107,23
500103004,20231017,105,23,0,1,25.06864,121.5107,23
500103004,20231017,106,23,0,1,25.06864,121.5107,23
500103004,20231017,107,23,0,1,25.06864,121.5107,23
500103004,20231017,108,23,0,1,25.06864,121.5107,23
500103004,20231017,109,23,0,1,25.06864,121.5107,23
500103004,20231017,110,23,0,1,25.06864,121.5107,23
500103004,20231017,111,23,0,1,25.06864,121.5107,23
500103004,20231017,112,23,0,1,25.06864,121.5107,23
500103004,20231017,113,23,0,1,25.06864,121.5107,23
500103004,20231017,114,23,0,1,25.06864,121.5107,23
500103004,20231017,115,23,0,1,25.06864,121.5107,23
500103004,20231017,116,23,0,1,25.06864,121.5107,23
500103004,20231017,117,23,0,1,25.06864,121.5107,23
500103004,20231017,118,23,0,1,25.06864,121.5107,23
500103004,20231017,119,23,0,1,25.06864,121.5107,23
500103004,20231017,121,23,0,1,25.06864,121.5107,23
500103004,20231017,122,23,0,1,25.06864,121.5107,23
500103004,20231017,123,23,0,1,25.06864,121.5107,23
500103004,20231017,124,23,0,1,25.06864,121.5107,23
500103004,20231017,125,23,0,1,25.06864,121.5107,23
500103004,20231017,126,23,0,1,25.06864,121.5107,23
500103004,20231017,127,23,0,1,25.06864,121.5107,23
500103004,20231017,128,23,0,1,25.06864,121.5107,23
500103004,20231017,129,23,0,1,25.06864,121.5107,23
500103004,20231017,130,23,0,1,25.06864,121.5107,23
500103004,20231017,131,23,0,1,25.06864,121.5107,23
500103004,20231017,132,23,0,1,25.06864,121.5107,23
500103004,20231017,133,23,0,1,25.06864,121.5107,23
500103004,20231017,134,23,0,1,25.06864,121.5107,23
500103004,20231017,135,23,0,1,25.06864,121.5107,23
500103004,20231017,136,23,0,1,25.06864,121.5107,23
500103004,20231017,137,23,0,1,25.06864,121.5107,23
500103004,20231017,138,23,0,1,25.06864,121.5107,23
500103004,20231017,139,23,0,1,25.06864,121.5107,23
500103004,20231017,141,23,0,1,25.06864,121.5107,23
500103004,20231017,142,23,0,1,25.06864,121.5107,23
500103004,20231017,143,23,0,1,25.06864,121.5107,23
500103004,20231017,144,23,0,1,25.06864,121.5107,23
500103004,20231017,145,23,0,1,25.06864,121.5107,23
500103004,20231017,146,23,0,1,25.06864,121.5107,23
500103004,20231017,147,23,0,1,25.06864,121.5107,23
500103004,20231017,148,23,0,1,25.06864,121.5107,23
500103004,20231017,149,23,0,1,25.06864,121.5107,23
500103004,20231017,150,23,0,1,25.06864,121.5107,23
500103004,20231017,151,23,0,1,25.06864,121.5107,23
500103004,20231017,152,23,0,1,25.06864,121.5107,23
500103004,20231017,153,23,0,1,25.06864,121.5107,23
500103004,20231017,154,23,0,1,25.06864,121.5107,23
500103004,20231017,155,23,0,1,25.06864,121.5107,23
500103004,20231017,156,23,0,1,25.06864,121.5107,23
500103004,20231017,157,23,0,1,25.06864,121.5107,23
500103004,20231017,158,23,0,1,25.06864,121.5107,23
500103004,20231017,159,23,0,1,25.06864,121.5107,23
500103004,20231017,160,23,0,1,25.06864,121.5107,23
500103004,20231017,161,23,0,1,25.06864,121.5107,23
500103004,20231017,162,23,0,1,25.06864,121.5107,23
500103004,20231017,163,23,0,1,25.06864,121.5107,23
500103004,20231017,164,23,0,1,25.06864,121.5107,23
500103004,20231017,165,23,0,1,25.06864,121.5107,23
500103004,20231017,166,23,0,1,25.06864,121.5107,23
500103004,20231017,167,23,0,1,25.06864,121.5107,23
500103004,20231017,168,23,0,1,25.06864,121.5107,23
500103004,20231017,169,23,0,1,25.06864,121.5107,23
500103004,20231017,170,23,0,1,25.06864,121.5107,23
500103004,20231017,171,23,0,1,25.06864,121.5107,23
500103004,20231017,172,23,0,1,25.06864,121.5107,23
500103004,20231017,173,23,0,1,25.06864,121.5107,23
500103004,20231017,174,23,0,1,25.06864,121.5107,23
500103004,20231017,175,23,0,1,25.06864,121.5107,23
500103004,20231017,176,23,0,1,25.06864,121.5107,23
500103004,20231017,177,23,0,1,25.06864,121.5107,23
500103004,20231017,178,23,0,1,25.06864,121.5107,23
500103004,20231017,179,23,0,1,25.06864,121.5107,23
500103004,20231017,180,23,0,1,25.06864,121.5107,23
500103004,20231017,182,23,0,1,25.06864,121.5107,23
500103004,20231017,183,23,0,1,25.06864,121.5107,23
500103004,20231017,184,23,0,1,25.06864,121.5107,23
500103004,20231017,185,23,0,1,25.06864,121.5107,23
500103004,20231017,186,23,0,1,25.06864,121.5107,23
500103004,20231017,187,23,0,1,25.06864,121.5107,23
500103004,20231017,188,23,0,1,25.06864,121.5107,23
500103004,20231017,189,23,0,1,25.06864,121.5107,23
500103004,20231017,190,23,0,1,25.06864,121.5107,23
500103004,20231017,191,23,0,1,25.06864,121.5107,23
500103004,20231017,192,23,0,1,25.06864,121.5107,23
500103004,20231017,193,23,0,1,25.06864,121.5107,23
500103004,20231017,194,23,0,1,25.06864,121.5107,23
500103004,20231017,195,23,0,1,25.06864,121.5107,23
500103004,20231017,196,23,0,1,25.06864,121.5107,23
500103004,20231017,197,23,0,1,25.06864,121.5107,23
500103004,20231017,198,23,0,1,25.06864,121.5107,23
500103004,20231017,199,23,0,1,25.06864,121.5107,23
500103004,20231017,201,23,0,1,25.06864,121.5107,23
500103004,20231017,202,23,0,1,25.06864,121.5107,23
500103004,20231017,203,23,0,1,25.06864,121.5107,23
500103004,20231017,204,23,0,1,25.06864,121.5107,23
500103004,20231017,205,23,0,1,25.06864,121.5107,23
500103004,20231017,206,23,0,1,25.06864,121.5107,23
500103004,20231017,207,23,0,1,25.06864,121.5107,23
500103004,20231017,208,23,0,1,25.06864,121.5107,23
500103004,20231017,209,23,0,1,25.06864,121.5107,23
500103004,20231017,211,23,0,1,25.06864,121.5107,23
500103004,20231017,212,23,0,1,25.06864,121.5107,23
500103004,20231017,213,23,0,1,25.06864,121.5107,23
500103004,20231017,214,23,0,1,25.06864,121.5107,23
500103004,20231017,215,23,0,1,25.06864,121.5107,23
500103004,20231017,216,23,0,1,25.06864,121.5107,23
500103004,20231017,217,23,0,1,25.06864,121.5107,23
500103004,20231017,218,23,0,1,25.06864,121.5107,23
500103004,20231017,219,23,0,1,25.06864,121.5107,23
500103004,20231017,220,23,0,1,25.06864,121.5107,23
500103004,20231017,221,23,0,1,25.06864,121.5107,23
500103004,20231017,222,23,0,1,25.06864,121.5107,23
500103004,20231017,223,23,0,1,25.06864,121.5107,23
500103004,20231017,224,23,0,1,25.06864,121.5107,23
500103004,20231017,225,23,0,1,25.06864,121.5107,23
500103004,20231017,226,23,0,1,25.06864,121.5107,23
500103004,20231017,227,23,0,1,25.06864,121.5107,23
500103004,20231017,228,23,0,1,25.06864,121.5107,23
500103004,20231017,229,23,0,1,25.06864,121.5107,23
500103004,20231017,230,23,0,1,25.06864,121.5107,23
500103004,20231017,231,23,0,1,25.06864,121.5107,23
500103004,20231017,232,23,0,1,25.06864,121.5107,23
500103004,20231017,233,23,0,1,25.06864,121.5107,23
500103004,20231017,234,23,0,1,25.06864,121.5107,23
500103004,20231017,235,23,0,1,25.06864,121.5107,23
500103004,20231017,236,23,0,1,25.06864,121.5107,23
500103004,20231017,237,23,0,1,25.06864,121.5107,23
500103004,20231017,238,23,0,1,25.06864,121.5107,23
500103004,20231017,239,23,0,1,25.06864,121.5107,23
500103004,20231017,240,23,0,1,25.06864,121.5107,23
500103004,20231017,241,23,0,1,25.06864,121.5107,23
500103004,20231017,242,23,0,1,25.06864,121.5107,23
500103004,20231017,243,23,0,1,25.06864,121.5107,23
500103004,20231017,244,23,0,1,25.06864,121.5107,23
500103004,20231017,245,23,0,1,25.06864,121.5107,23
500103004,20231017,246,23,0,1,25.06864,121.5107,23
500103004,20231017,247,23,0,1,25.06864,121.5107,23
500103004,20231017,248,23,0,1,25.06864,121.5107,23
500103004,20231017,249,23,0,1,25.06864,121.5107,23
500103004,20231017,250,23,0,1,25.06864,121.5107,23
500103004,20231017,251,23,0,1,25.06864,121.5107,23
500103004,20231017,252,23,0,1,25.06864,121.5107,23
500103004,20231017,253,23,0,1,25.06864,121.5107,23
500103004,20231017,254,23,0,1,25.06864,121.5107,23
500103004,20231017,255,23,0,1,25.06864,121.5107,23
500103004,20231017,256,23,0,1,25.06864,121.5107,23
500103004,20231017,257,23,0,1,25.06864,121.5107,23
500103004,20231017,258,23,0,1,25.06864,121.5107,23
500103004,20231017,259,23,0,1,25.06864,121.5107,23
500103004,20231017,261,23,0,1,25.06864,121.5107,23
500103004,20231017,262,23,0,1,25.06864,121.5107,23
500103004,20231017,263,23,0,1,25.06864,121.5107,23
500103004,20231017,264,23,0,1,25.06864,121.5107,23
500103004,20231017,265,23,0,1,25.06864,121.5107,23
500103004,20231017,266,23,0,1,25.06864,121.5107,23
500103004,20231017,267,23,0,1,25.06864,121.5107,23
500103004,20231017,268,23,1,1,25.06864,121.5107,22
500103004,20231017,269,23,1,1,25.06864,121.5107,22
500103004,20231017,270,23,1,1,25.06864,121.5107,22
500103004,20231017,271,23,1,1,25.06864,121.5107,22
500103004,20231017,272,23,1,1,25.06864,121.5107,22
500103004,20231017,273,23,1,1,25.06864,121.5107,22
500103004,20231017,274,23,1,1,25.06864,121.5107,22
500103004,20231017,275,23,1,1,25.06864,121.5107,22
500103004,20231017,276,23,1,1,25.06864,121.5107,22
500103004,20231017,277,23,1,1,25.06864,121.5107,22
500103004,20231017,278,23,1,1,25.06864,121.5107,22
500103004,20231017,279,23,2,1,25.06864,121.5107,21
500103004,20231017,280,23,2,1,25.06864,121.5107,21
500103004,20231017,281,23,2,1,25.06864,121.5107,21
500103004,20231017,282,23,2,1,25.06864,121.5107,21
500103004,20231017,283,23,2,1,25.06864,121.5107,21
500103004,20231017,284,23,2,1,25.06864,121.5107,21
500103004,20231017,285,23,1,1,25.06864,121.5107,22
500103004,20231017,286,23,1,1,25.06864,121.5107,22
500103004,20231017,287,23,1,1,25.06864,121.5107,22
500103004,20231017,288,23,1,1,25.06864,121.5107,22
500103004,20231017,289,23,1,1,25.06864,121.5107,22
500103004,20231017,290,23,1,1,25.06864,121.5107,22
500103004,20231017,291,23,1,1,25.06864,121.5107,22
500103004,20231017,292,23,1,1,25.06864,121.5107,22
500103004,20231017,293,23,1,1,25.06864,121.5107,22
500103004,20231017,294,23,1,1,25.06864,121.5107,22
500103004,20231017,295,23,1,1,25.06864,121.5107,22
500103004,20231017,296,23,1,1,25.06864,121.5107,22
500103004,20231017,297,23,1,1,25.06864,121.5107,22
500103004,20231017,298,23,1,1,25.06864,121.5107,22
500103004,20231017,299,23,1,1,25.06864,121.5107,22
500103004,20231017,300,23,1,1,25.06864,121.5107,22
500103004,20231017,301,23,1,1,25.06864,121.5107,22
500103004,20231017,302,23,1,1,25.06864,121.5107,22
500103004,20231017,303,23,1,1,25.06864,121.5107,22
500103004,20231017,304,23,1,1,25.06864,121.5107,22
500103004,20231017,305,23,1,1,25.06864,121.5107,22
500103004,20231017,306,23,1,1,25.06864,121.5107,22
500103004,20231017,307,23,1,1,25.06864,121.5107,22
500103004,20231017,308,23,1,1,25.06864,121.5107,22
500103004,20231017,309,23,1,1,25.06864,121.5107,22
500103004,20231017,310,23,1,1,25.06864,121.5107,22
500103004,20231017,311,23,1,1,25.06864,121.5107,22
500103004,20231017,312,23,1,1,25.06864,121.5107,22
500103004,20231017,313,23,1,1,25.06864,121.5107,22
500103004,20231017,314,23,1,1,25.06864,121.5107,22
500103004,20231017,315,23,1,1,25.06864,121.5107,22
500103004,20231017,316,23,1,1,25.06864,121.5107,22
500103004,20231017,317,23,1,1,25.06864,121.5107,22
500103004,20231017,318,23,1,1,25.06864,121.5107,22
500103004,20231017,319,23,1,1,25.06864,121.5107,22
500103004,20231017,321,23,1,1,25.06864,121.5107,22
500103004,20231017,322,23,1,1,25.06864,121.5107,22
500103004,20231017,323,23,1,1,25.06864,121.5107,22
500103004,20231017,324,23,2,1,25.06864,121.5107,21
500103004,20231017,325,23,2,1,25.06864,121.5107,21
500103004,20231017,326,23,2,1,25.06864,121.5107,21
500103004,20231017,327,23,2,1,25.06864,121.5107,21
500103004,20231017,328,23,2,1,25.06864,121.5107,21
500103004,20231017,329,23,2,1,25.06864,121.5107,21
500103004,20231017,330,23,2,1,25.06864,121.5107,21
500103004,20231017,331,23,2,1,25.06864,121.5107,21
500103004,20231017,332,23,2,1,25.06864,121.5107,21
500103004,20231017,334,23,2,1,25.06864,121.5107,21
500103004,20231017,335,23,2,1,25.06864,121.5107,21
500103004,20231017,336,23,2,1,25.06864,121.5107,21
500103004,20231017,337,23,2,1,25.06864,121.5107,21
500103004,20231017,338,23,2,1,25.06864,121.5107,21
500103004,20231017,339,23,2,1,25.06864,121.5107,21
500103004,20231017,340,23,2,1,25.06864,121.5107,21
500103004,20231017,341,23,2,1,25.06864,121.5107,21
500103004,20231017,342,23,2,1,25.06864,121.5107,21
500103004,20231017,343,23,2,1,25.06864,121.5107,21
500103004,20231017,344,23,2,1,25.06864,121.5107,21
500103004,20231017,345,23,2,1,25.06864,121.5107,21
500103004,20231017,346,23,2,1,25.06864,121.5107,21
500103004,20231017,347,23,2,1,25.06864,121.5107,21
500103004,20231017,348,23,2,1,25.06864,121.5107,21
500103004,20231017,349,23,2,1,25.06864,121.5107,21
500103004,20231017,350,23,2,1,25.06864,121.5107,21
500103004,20231017,351,23,2,1,25.06864,121.5107,21
500103004,20231017,352,23,2,1,25.06864,121.5107,21
500103004,20231017,353,23,2,1,25.06864,121.5107,21
500103004,20231017,354,23,2,1,25.06864,121.5107,21
500103004,20231017,355,23,2,1,25.06864,121.5107,21
500103004,20231017,356,23,2,1,25.06864,121.5107,21
500103004,20231017,357,23,2,1,25.06864,121.5107,21
500103004,20231017,358,23,2,1,25.06864,121.5107,21
500103004,20231017,359,23,2,1,25.06864,121.5107,21
500103004,20231017,360,23,2,1,25.06864,121.5107,21
500103004,20231017,361,23,3,1,25.06864,121.5107,20
500103004,20231017,362,23,3,1,25.06864,121.5107,20
500103004,20231017,363,23,3,1,25.06864,121.5107,20
500103004,20231017,364,23,3,1,25.06864,121.5107,20
500103004,20231017,365,23,3,1,25.06864,121.5107,20
500103004,20231017,366,23,2,1,25.06864,121.5107,21
500103004,20231017,367,23,2,1,25.06864,121.5107,21
500103004,20231017,368,23,2,1,25.06864,121.5107,21
500103004,20231017,369,23,1,1,25.06864,121.5107,22
500103004,20231017,370,23,1,1,25.06864,121.5107,22
500103004,20231017,371,23,1,1,25.06864,121.5107,22
500103004,20231017,372,23,2,1,25.06864,121.5107,21
500103004,20231017,373,23,2,1,25.06864,121.5107,21
500103004,20231017,374,23,2,1,25.06864,121.5107,21
500103004,20231017,375,23,3,1,25.06864,121.5107,20
500103004,20231017,376,23,3,1,25.06864,121.5107,20
500103004,20231017,377,23,3,1,25.06864,121.5107,20
500103004,20231017,378,23,4,1,25.06864,121.5107,19
500103004,20231017,379,23,4,1,25.06864,121.5107,19
500103004,20231017,381,23,4,1,25.06864,121.5107,19
500103004,20231017,382,23,5,1,25.06864,121.5107,18
500103004,20231017,383,23,6,1,25.06864,121.5107,17
500103004,20231017,384,23,6,1,25.06864,121.5107,17
500103004,20231017,385,23,5,1,25.06864,121.5107,18
500103004,20231017,386,23,5,1,25.06864,121.5107,18
500103004,20231017,387,23,5,1,25.06864,121.5107,18
500103004,20231017,388,23,5,1,25.06864,121.5107,18
500103004,20231017,389,23,6,1,25.06864,121.5107,17
500103004,20231017,390,23,6,1,25.06864,121.5107,17
500103004,20231017,391,23,6,1,25.06864,121.5107,17
500103004,20231017,392,23,6,1,25.06864,121.5107,17
500103004,20231017,393,23,6,1,25.06864,121.5107,17
500103004,20231017,394,23,6,1,25.06864,121.5107,17
500103004,20231017,395,23,6,1,25.06864,121.5107,17
500103004,20231017,396,23,7,1,25.06864,121.5107,16
500103004,20231017,397,23,7,1,25.06864,121.5107,16
500103004,20231017,398,23,7,1,25.06864,121.5107,16
500103004,20231017,399,23,7,1,25.06864,121.5107,16
500103004,20231017,400,23,7,1,25.06864,121.5107,16
500103004,20231017,401,23,7,1,25.06864,121.5107,16
500103004,20231017,402,23,7,1,25.06864,121.5107,16
500103004,20231017,403,23,7,1,25.06864,121.5107,16
500103004,20231017,404,23,7,1,25.06864,121.5107,16
500103004,20231017,405,23,7,1,25.06864,121.5107,16
500103004,20231017,406,23,7,1,25.06864,121.5107,16
500103004,20231017,407,23,7,1,25.06864,121.5107,16
500103004,20231017,408,23,7,1,25.06864,121.5107,16
500103004,20231017,409,23,7,1,25.06864,121.5107,16
500103004,20231017,410,23,7,1,25.06864,121.5107,16
500103004,20231017,411,23,7,1,25.06864,121.5107,16
500103004,20231017,412,23,7,1,25.06864,121.5107,16
500103004,20231017,413,23,8,1,25.06864,121.5107,15
500103004,20231017,414,23,8,1,25.06864,121.5107,15
500103004,20231017,415,23,8,1,25.06864,121.5107,15
500103004,20231017,416,23,8,1,25.06864,121.5107,15
500103004,20231017,417,23,9,1,25.06864,121.5107,14
500103004,20231017,418,23,9,1,25.06864,121.5107,14
500103004,20231017,419,23,9,1,25.06864,121.5107,14
500103004,20231017,421,23,9,1,25.06864,121.5107,14
500103004,20231017,422,23,10,1,25.06864,121.5107,13
500103004,20231017,423,23,10,1,25.06864,121.5107,13
500103004,20231017,424,23,10,1,25.06864,121.5107,13
500103004,20231017,425,23,10,1,25.06864,121.5107,13
500103004,20231017,426,23,10,1,25.06864,121.5107,13
500103004,20231017,427,23,10,1,25.06864,121.5107,13
500103004,20231017,428,23,10,1,25.06864,121.5107,13
500103004,20231017,429,23,11,1,25.06864,121.5107,12
500103004,20231017,430,23,10,1,25.06864,121.5107,13
500103004,20231017,431,23,11,1,25.06864,121.5107,12
500103004,20231017,432,23,11,1,25.06864,121.5107,12
500103004,20231017,433,23,11,1,25.06864,121.5107,12
500103004,20231017,434,23,11,1,25.06864,121.5107,12
500103004,20231017,435,23,11,1,25.06864,121.5107,12
500103004,20231017,436,23,11,1,25.06864,121.5107,12
500103004,20231017,437,23,11,1,25.06864,121.5107,12
500103004,20231017,438,23,11,1,25.06864,121.5107,12
500103004,20231017,439,23,11,1,25.06864,121.5107,12
500103004,20231017,441,23,11,1,25.06864,121.5107,12
500103004,20231017,442,23,11,1,25.06864,121.5107,12
500103004,20231017,443,23,11,1,25.06864,121.5107,12
500103004,20231017,444,23,11,1,25.06864,121.5107,12
500103004,20231017,445,23,11,1,25.06864,121.5107,12
500103004,20231017,446,23,13,1,25.06864,121.5107,10
500103004,20231017,447,23,13,1,25.06864,121.5107,10
500103004,20231017,448,23,13,1,25.06864,121.5107,10
500103004,20231017,449,23,13,1,25.06864,121.5107,10
500103004,20231017,451,23,13,1,25.06864,121.5107,10
500103004,20231017,452,23,14,1,25.06864,121.5107,9
500103004,20231017,453,23,14,1,25.06864,121.5107,9
500103004,20231017,454,23,15,1,25.06864,121.5107,8
500103004,20231017,455,23,16,1,25.06864,121.5107,7
500103004,20231017,456,23,16,1,25.06864,121.5107,7
500103004,20231017,457,23,16,1,25.06864,121.5107,7
500103004,20231017,458,23,16,1,25.06864,121.5107,7
500103004,20231017,459,23,17,1,25.06864,121.5107,6
500103004,20231017,460,23,18,1,25.06864,121.5107,5
500103004,20231017,461,23,19,1,25.06864,121.5107,4
500103004,20231017,462,23,19,1,25.06864,121.5107,4
500103004,20231017,463,23,19,1,25.06864,121.5107,4
500103004,20231017,464,23,19,1,25.06864,121.5107,4
500103004,20231017,465,23,20,1,25.06864,121.5107,3
500103004,20231017,466,23,22,1,25.06864,121.5107,1
500103004,20231017,467,23,22,1,25.06864,121.5107,1
500103004,20231017,468,23,22,1,25.06864,121.5107,1
500103004,20231017,469,23,22,1,25.06864,121.5107,1
500103004,20231017,470,23,23,1,25.06864,121.5107,0
500103004,20231017,471,23,23,1,25.06864,121.5107,0
500103004,20231017,472,23,23,1,25.06864,121.5107,0
500103004,20231017,473,23,23,1,25.06864,121.5107,0
500103004,20231017,474,23,23,1,25.06864,121.5107,0
500103004,20231017,475,23,23,1,25.06864,121.5107,0
500103004,20231017,476,23,22,1,25.06864,121.5107,1
500103004,20231017,477,23,22,1,25.06864,121.5107,1
500103004,20231017,478,23,22,1,25.06864,121.5107,1
500103004,20231017,479,23,22,1,25.06864,121.5107,1
500103004,20231017,481,23,23,1,25.06864,121.5107,0
500103004,20231017,482,23,23,1,25.06864,121.5107,0
500103004,20231017,483,23,23,1,25.06864,121.5107,0
500103004,20231017,484,23,23,1,25.06864,121.5107,0
500103004,20231017,485,23,23,1,25.06864,121.5107,0
500103004,20231017,486,23,23,1,25.06864,121.5107,0
500103004,20231017,487,23,23,1,25.06864,121.5107,0
500103004,20231017,488,23,23,1,25.06864,121.5107,0
500103004,20231017,489,23,23,1,25.06864,121.5107,0
500103004,20231017,490,23,22,1,25.06864,121.5107,1
500103004,20231017,491,23,22,1,25.06864,121.5107,1
500103004,20231017,492,23,23,1,25.06864,121.5107,0
500103004,20231017,493,23,20,1,25.06864,121.5107,3
500103004,20231017,494,23,17,1,25.06864,121.5107,6
500103004,20231017,495,23,15,1,25.06864,121.5107,8
500103004,20231017,496,23,10,1,25.06864,121.5107,13
500103004,20231017,497,23,6,1,25.06864,121.5107,17
500103004,20231017,498,23,4,1,25.06864,121.5107,19
500103004,20231017,499,23,2,1,25.06864,121.5107,21
500103004,20231017,501,23,2,1,25.06864,121.5107,21
500103004,20231017,502,23,6,1,25.06864,121.5107,17
500103004,20231017,503,23,6,1,25.06864,121.5107,17
500103004,20231017,504,23,6,1,25.06864,121.5107,17
500103004,20231017,505,23,6,1,25.06864,121.5107,17
500103004,20231017,506,23,6,1,25.06864,121.5107,17
500103004,20231017,507,23,6,1,25.06864,121.5107,17
500103004,20231017,508,23,6,1,25.06864,121.5107,17
500103004,20231017,509,23,6,1,25.06864,121.5107,17
500103004,20231017,511,23,6,1,25.06864,121.5107,17
500103004,20231017,512,23,8,1,25.06864,121.5107,15
500103004,20231017,513,23,8,1,25.06864,121.5107,15
500103004,20231017,514,23,9,1,25.06864,121.5107,14
500103004,20231017,515,23,9,1,25.06864,121.5107,14
500103004,20231017,516,23,9,1,25.06864,121.5107,14
500103004,20231017,517,23,9,1,25.06864,121.5107,14
500103004,20231017,518,23,9,1,25.06864,121.5107,14
500103004,20231017,519,23,8,1,25.06864,121.5107,15
500103004,20231017,520,23,8,1,25.06864,121.5107,15
500103004,20231017,521,23,8,1,25.06864,121.5107,15
500103004,20231017,522,23,9,1,25.06864,121.5107,14
500103004,20231017,523,23,9,1,25.06864,121.5107,14
500103004,20231017,524,23,10,1,25.06864,121.5107,13
500103004,20231017,525,23,11,1,25.06864,121.5107,12
500103004,20231017,526,23,11,1,25.06864,121.5107,12
500103004,20231017,527,23,11,1,25.06864,121.5107,12
500103004,20231017,528,23,12,1,25.06864,121.5107,11
500103004,20231017,529,23,12,1,25.06864,121.5107,11
500103004,20231017,530,23,14,1,25.06864,121.5107,9
500103004,20231017,531,23,14,1,25.06864,121.5107,9
500103004,20231017,532,23,14,1,25.06864,121.5107,9
500103004,20231017,533,23,14,1,25.06864,121.5107,9
500103004,20231017,534,23,15,1,25.06864,121.5107,8
500103004,20231017,535,23,15,1,25.06864,121.5107,8
500103004,20231017,536,23,15,1,25.06864,121.5107,8
500103004,20231017,537,23,15,1,25.06864,121.5107,8
500103004,20231017,538,23,14,1,25.06864,121.5107,9
500103004,20231017,539,23,14,1,25.06864,121.5107,9
500103004,20231017,541,23,14,1,25.06864,121.5107,9
500103004,20231017,542,23,14,1,25.06864,121.5107,9
500103004,20231017,543,23,14,1,25.06864,121.5107,9
500103004,20231017,544,23,14,1,25.06864,121.5107,9
500103004,20231017,545,23,14,1,25.06864,121.5107,9
500103004,20231017,546,23,13,1,25.06864,121.5107,10
500103004,20231017,547,23,13,1,25.06864,121.5107,10
500103004,20231017,548,23,13,1,25.06864,121.5107,10
500103004,20231017,549,23,13,1,25.06864,121.5107,10
500103004,20231017,550,23,14,1,25.06864,121.5107,9
500103004,20231017,551,23,14,1,25.06864,121.5107,9
500103004,20231017,552,23,14,1,25.06864,121.5107,9
500103004,20231017,553,23,14,1,25.06864,121.5107,9
500103004,20231017,554,23,14,1,25.06864,121.5107,9
500103004,20231017,555,23,14,1,25.06864,121.5107,9
500103004,20231017,556,23,15,1,25.06864,121.5107,8
500103004,20231017,557,23,15,1,25.06864,121.5107,8
500103004,20231017,558,23,15,1,25.06864,121.5107,8
500103004,20231017,559,23,11,1,25.06864,121.5107,12
500103004,20231017,561,23,5,1,25.06864,121.5107,18
500103004,20231017,562,23,2,1,25.06864,121.5107,21
500103004,20231017,563,23,2,1,25.06864,121.5107,21
500103004,20231017,564,23,3,1,25.06864,121.5107,20
500103004,20231017,565,23,3,1,25.06864,121.5107,20
500103004,20231017,566,23,3,1,25.06864,121.5107,20
500103004,20231017,567,23,3,1,25.06864,121.5107,20
500103004,20231017,568,23,3,1,25.06864,121.5107,20
500103004,20231017,569,23,3,1,25.06864,121.5107,20
500103004,20231017,571,23,3,1,25.06864,121.5107,20
500103004,20231017,572,23,3,1,25.06864,121.5107,20
500103004,20231017,573,23,3,1,25.06864,121.5107,20
500103004,20231017,574,23,3,1,25.06864,121.5107,20
500103004,20231017,575,23,4,1,25.06864,121.5107,19
500103004,20231017,576,23,4,1,25.06864,121.5107,19
500103004,20231017,577,23,4,1,25.06864,121.5107,19
500103004,20231017,578,23,4,1,25.06864,121.5107,19
500103004,20231017,579,23,4,1,25.06864,121.5107,19
500103004,20231017,580,23,4,1,25.06864,121.5107,19
500103004,20231017,581,23,4,1,25.06864,121.5107,19
500103004,20231017,582,23,5,1,25.06864,121.5107,18
500103004,20231017,583,23,5,1,25.06864,121.5107,18
500103004,20231017,584,23,5,1,25.06864,121.5107,18
500103004,20231017,585,23,5,1,25.06864,121.5107,18
500103004,20231017,586,23,5,1,25.06864,121.5107,18
500103004,20231017,587,23,5,1,25.06864,121.5107,18
500103004,20231017,588,23,5,1,25.06864,121.5107,18
500103004,20231017,589,23,5,1,25.06864,121.5107,18
500103004,20231017,590,23,5,1,25.06864,121.5107,18
500103004,20231017,591,23,5,1,25.06864,121.5107,18
500103004,20231017,592,23,5,1,25.06864,121.5107,18
500103004,20231017,593,23,5,1,25.06864,121.5107,18
500103004,20231017,594,23,5,1,25.06864,121.5107,18
500103004,20231017,595,23,5,1,25.06864,121.5107,18
500103004,20231017,596,23,5,1,25.06864,121.5107,18
500103004,20231017,597,23,5,1,25.06864,121.5107,18
500103004,20231017,598,23,5,1,25.06864,121.5107,18
500103004,20231017,599,23,5,1,25.06864,121.5107,18
500103004,20231017,601,23,5,1,25.06864,121.5107,18
500103004,20231017,602,23,5,1,25.06864,121.5107,18
500103004,20231017,603,23,5,1,25.06864,121.5107,18
500103004,20231017,604,23,5,1,25.06864,121.5107,18
500103004,20231017,605,23,5,1,25.06864,121.5107,18
500103004,20231017,606,23,6,1,25.06864,121.5107,17
500103004,20231017,607,23,6,1,25.06864,121.5107,17
500103004,20231017,608,23,6,1,25.06864,121.5107,17
500103004,20231017,609,23,6,1,25.06864,121.5107,17
500103004,20231017,610,23,6,1,25.06864,121.5107,17
500103004,20231017,611,23,6,1,25.06864,121.5107,17
500103004,20231017,612,23,7,1,25.06864,121.5107,16
500103004,20231017,613,23,7,1,25.06864,121.5107,16
500103004,20231017,614,23,7,1,25.06864,121.5107,16
500103004,20231017,616,23,7,1,25.06864,121.5107,16
500103004,20231017,617,23,7,1,25.06864,121.5107,16
500103004,20231017,618,23,7,1,25.06864,121.5107,16
500103004,20231017,619,23,7,1,25.06864,121.5107,16
500103004,20231017,622,23,7,1,25.06864,121.5107,16
500103004,20231017,623,23,7,1,25.06864,121.5107,16
500103004,20231017,624,23,7,1,25.06864,121.5107,16
500103004,20231017,625,23,7,1,25.06864,121.5107,16
500103004,20231017,626,23,7,1,25.06864,121.5107,16
500103004,20231017,627,23,7,1,25.06864,121.5107,16
500103004,20231017,628,23,7,1,25.06864,121.5107,16
500103004,20231017,629,23,8,1,25.06864,121.5107,15
500103004,20231017,631,23,8,1,25.06864,121.5107,15
500103004,20231017,632,23,8,1,25.06864,121.5107,15
500103004,20231017,633,23,8,1,25.06864,121.5107,15
500103004,20231017,634,23,8,1,25.06864,121.5107,15
500103004,20231017,635,23,8,1,25.06864,121.5107,15
500103004,20231017,636,23,8,1,25.06864,121.5107,15
500103004,20231017,637,23,8,1,25.06864,121.5107,15
500103004,20231017,638,23,8,1,25.06864,121.5107,15
500103004,20231017,639,23,8,1,25.06864,121.5107,15
500103004,20231017,640,23,8,1,25.06864,121.5107,15
500103004,20231017,641,23,8,1,25.06864,121.5107,15
500103004,20231017,642,23,8,1,25.06864,121.5107,15
500103004,20231017,643,23,8,1,25.06864,121.5107,15
500103004,20231017,644,23,8,1,25.06864,121.5107,15
500103004,20231017,645,23,8,1,25.06864,121.5107,15
500103004,20231017,646,23,8,1,25.06864,121.5107,15
500103004,20231017,647,23,9,1,25.06864,121.5107,14
500103004,20231017,648,23,9,1,25.06864,121.5107,14
500103004,20231017,649,23,9,1,25.06864,121.5107,14
500103004,20231017,650,23,9,1,25.06864,121.5107,14
500103004,20231017,651,23,8,1,25.06864,121.5107,15
500103004,20231017,652,23,7,1,25.06864,121.5107,16
500103004,20231017,654,23,8,1,25.06864,121.5107,15
500103004,20231017,655,23,8,1,25.06864,121.5107,15
500103004,20231017,656,23,8,1,25.06864,121.5107,15
500103004,20231017,657,23,8,1,25.06864,121.5107,15
500103004,20231017,658,23,8,1,25.06864,121.5107,15
500103004,20231017,659,23,8,1,25.06864,121.5107,15
500103004,20231017,661,23,8,1,25.06864,121.5107,15
500103004,20231017,662,23,8,1,25.06864,121.5107,15
500103004,20231017,663,23,8,1,25.06864,121.5107,15
500103004,20231017,664,23,8,1,25.06864,121.5107,15
500103004,20231017,665,23,8,1,25.06864,121.5107,15
500103004,20231017,666,23,8,1,25.06864,121.5107,15
500103004,20231017,667,23,9,1,25.06864,121.5107,14
500103004,20231017,668,23,9,1,25.06864,121.5107,14
500103004,20231017,669,23,9,1,25.06864,121.5107,14
500103004,20231017,670,23,9,1,25.06864,121.5107,14
500103004,20231017,671,23,9,1,25.06864,121.5107,14
500103004,20231017,672,23,9,1,25.06864,121.5107,14
500103004,20231017,673,23,9,1,25.06864,121.5107,14
500103004,20231017,674,23,9,1,25.06864,121.5107,14
500103004,20231017,675,23,10,1,25.06864,121.5107,13
500103004,20231017,676,23,10,1,25.06864,121.5107,13
500103004,20231017,677,23,10,1,25.06864,121.5107,13
500103004,20231017,679,23,10,1,25.06864,121.5107,13
500103004,20231017,681,23,10,1,25.06864,121.5107,13
500103004,20231017,682,23,10,1,25.06864,121.5107,13
500103004,20231017,683,23,10,1,25.06864,121.5107,13
500103004,20231017,684,23,10,1,25.06864,121.5107,13
500103004,20231017,685,23,10,1,25.06864,121.5107,13
500103004,20231017,686,23,10,1,25.06864,121.5107,13
500103004,20231017,687,23,10,1,25.06864,121.5107,13
500103004,20231017,688,23,10,1,25.06864,121.5107,13
500103004,20231017,689,23,10,1,25.06864,121.5107,13
500103004,20231017,690,23,10,1,25.06864,121.5107,13
500103004,20231017,691,23,10,1,25.06864,121.5107,13
500103004,20231017,692,23,10,1,25.06864,121.5107,13
500103004,20231017,693,23,10,1,25.06864,121.5107,13
500103004,20231017,694,23,10,1,25.06864,121.5107,13
500103004,20231017,695,23,9,1,25.06864,121.5107,14
500103004,20231017,696,23,9,1,25.06864,121.5107,14
500103004,20231017,697,23,9,1,25.06864,121.5107,14
500103004,20231017,698,23,9,1,25.06864,121.5107,14
500103004,20231017,699,23,9,1,25.06864,121.5107,14
500103004,20231017,700,23,9,1,25.06864,121.5107,14
500103004,20231017,701,23,10,1,25.06864,121.5107,13
500103004,20231017,702,23,10,1,25.06864,121.5107,13
500103004,20231017,703,23,10,1,25.06864,121.5107,13
500103004,20231017,704,23,10,1,25.06864,121.5107,13
500103004,20231017,705,23,10,1,25.06864,121.5107,13
500103004,20231017,706,23,10,1,25.06864,121.5107,13
500103004,20231017,707,23,10,1,25.06864,121.5107,13
500103004,20231017,708,23,9,1,25.06864,121.5107,14
500103004,20231017,709,23,9,1,25.06864,121.5107,14
500103004,20231017,710,23,9,1,25.06864,121.5107,14
500103004,20231017,711,23,9,1,25.06864,121.5107,14
500103004,20231017,712,23,9,1,25.06864,121.5107,14
500103004,20231017,713,23,9,1,25.06864,121.5107,14
500103004,20231017,714,23,9,1,25.06864,121.5107,14
500103004,20231017,715,23,10,1,25.06864,121.5107,13
500103004,20231017,716,23,10,1,25.06864,121.5107,13
500103004,20231017,717,23,10,1,25.06864,121.5107,13
500103004,20231017,718,23,10,1,25.06864,121.5107,13
500103004,20231017,719,23,10,1,25.06864,121.5107,13
500103004,20231017,721,23,9,1,25.06864,121.5107,14
500103004,20231017,722,23,9,1,25.06864,121.5107,14
500103004,20231017,723,23,9,1,25.06864,121.5107,14
500103004,20231017,724,23,9,1,25.06864,121.5107,14
500103004,20231017,725,23,9,1,25.06864,121.5107,14
500103004,20231017,726,23,9,1,25.06864,121.5107,14
500103004,20231017,727,23,9,1,25.06864,121.5107,14
500103004,20231017,728,23,9,1,25.06864,121.5107,14
500103004,20231017,729,23,9,1,25.06864,121.5107,14
500103004,20231017,730,23,9,1,25.06864,121.5107,14
500103004,20231017,731,23,9,1,25.06864,121.5107,14
500103004,20231017,732,23,9,1,25.06864,121.5107,14
500103004,20231017,733,23,10,1,25.06864,121.5107,13
500103004,20231017,734,23,10,1,25.06864,121.5107,13
500103004,20231017,735,23,10,1,25.06864,121.5107,13
500103004,20231017,736,23,10,1,25.06864,121.5107,13
500103004,20231017,737,23,10,1,25.06864,121.5107,13
500103004,20231017,738,23,10,1,25.06864,121.5107,13
500103004,20231017,739,23,10,1,25.06864,121.5107,13
500103004,20231017,741,23,10,1,25.06864,121.5107,13
500103004,20231017,742,23,11,1,25.06864,121.5107,12
500103004,20231017,743,23,10,1,25.06864,121.5107,13
500103004,20231017,744,23,10,1,25.06864,121.5107,13
500103004,20231017,745,23,10,1,25.06864,121.5107,13
500103004,20231017,746,23,10,1,25.06864,121.5107,13
500103004,20231017,747,23,10,1,25.06864,121.5107,13
500103004,20231017,748,23,10,1,25.06864,121.5107,13
500103004,20231017,749,23,10,1,25.06864,121.5107,13
500103004,20231017,751,23,11,1,25.06864,121.5107,12
500103004,20231017,752,23,11,1,25.06864,121.5107,12
500103004,20231017,753,23,11,1,25.06864,121.5107,12
500103004,20231017,754,23,11,1,25.06864,121.5107,12
500103004,20231017,755,23,11,1,25.06864,121.5107,12
500103004,20231017,756,23,11,1,25.06864,121.5107,12
500103004,20231017,757,23,11,1,25.06864,121.5107,12
500103004,20231017,758,23,11,1,25.06864,121.5107,12
500103004,20231017,759,23,11,1,25.06864,121.5107,12
500103004,20231017,760,23,11,1,25.06864,121.5107,12
500103004,20231017,761,23,11,1,25.06864,121.5107,12
500103004,20231017,762,23,11,1,25.06864,121.5107,12
500103004,20231017,763,23,11,1,25.06864,121.5107,12
500103004,20231017,764,23,11,1,25.06864,121.5107,12
500103004,20231017,765,23,11,1,25.06864,121.5107,12
500103004,20231017,766,23,11,1,25.06864,121.5107,12
500103004,20231017,767,23,11,1,25.06864,121.5107,12
500103004,20231017,768,23,11,1,25.06864,121.5107,12
500103004,20231017,769,23,11,1,25.06864,121.5107,12
500103004,20231017,770,23,10,1,25.06864,121.5107,13
500103004,20231017,771,23,10,1,25.06864,121.5107,13
500103004,20231017,772,23,9,1,25.06864,121.5107,14
500103004,20231017,773,23,9,1,25.06864,121.5107,14
500103004,20231017,774,23,11,1,25.06864,121.5107,12
500103004,20231017,775,23,11,1,25.06864,121.5107,12
500103004,20231017,776,23,11,1,25.06864,121.5107,12
500103004,20231017,777,23,11,1,25.06864,121.5107,12
500103004,20231017,778,23,11,1,25.06864,121.5107,12
500103004,20231017,779,23,11,1,25.06864,121.5107,12
500103004,20231017,781,23,11,1,25.06864,121.5107,12
500103004,20231017,782,23,14,1,25.06864,121.5107,9
500103004,20231017,783,23,18,1,25.06864,121.5107,5
500103004,20231017,784,23,21,1,25.06864,121.5107,2
500103004,20231017,785,23,22,1,25.06864,121.5107,1
500103004,20231017,786,23,21,1,25.06864,121.5107,2
500103004,20231017,787,23,21,1,25.06864,121.5107,2
500103004,20231017,788,23,21,1,25.06864,121.5107,2
500103004,20231017,789,23,21,1,25.06864,121.5107,2
500103004,20231017,790,23,21,1,25.06864,121.5107,2
500103004,20231017,791,23,21,1,25.06864,121.5107,2
500103004,20231017,792,23,21,1,25.06864,121.5107,2
500103004,20231017,793,23,21,1,25.06864,121.5107,2
500103004,20231017,794,23,21,1,25.06864,121.5107,2
500103004,20231017,795,23,21,1,25.06864,121.5107,2
500103004,20231017,796,23,21,1,25.06864,121.5107,2
500103004,20231017,797,23,21,1,25.06864,121.5107,2
500103004,20231017,798,23,22,1,25.06864,121.5107,1
500103004,20231017,799,23,22,1,25.06864,121.5107,1
500103004,20231017,801,23,22,1,25.06864,121.5107,1
500103004,20231017,802,23,22,1,25.06864,121.5107,1
500103004,20231017,803,23,22,1,25.06864,121.5107,1
500103004,20231017,804,23,22,1,25.06864,121.5107,1
500103004,20231017,805,23,22,1,25.06864,121.5107,1
500103004,20231017,806,23,22,1,25.06864,121.5107,1
500103004,20231017,807,23,22,1,25.06864,121.5107,1
500103004,20231017,808,23,22,1,25.06864,121.5107,1
500103004,20231017,809,23,22,1,25.06864,121.5107,1
500103004,20231017,810,23,22,1,25.06864,121.5107,1
500103004,20231017,811,23,22,1,25.06864,121.5107,1
500103004,20231017,812,23,22,1,25.06864,121.5107,1
500103004,20231017,813,23,22,1,25.06864,121.5107,1
500103004,20231017,814,23,22,1,25.06864,121.5107,1
500103004,20231017,815,23,22,1,25.06864,121.5107,1
500103004,20231017,816,23,22,1,25.06864,121.5107,1
500103004,20231017,817,23,20,1,25.06864,121.5107,3
500103004,20231017,818,23,20,1,25.06864,121.5107,3
500103004,20231017,819,23,20,1,25.06864,121.5107,3
500103004,20231017,820,23,20,1,25.06864,121.5107,3
500103004,20231017,821,23,20,1,25.06864,121.5107,3
500103004,20231017,822,23,20,1,25.06864,121.5107,3
500103004,20231017,823,23,20,1,25.06864,121.5107,3
500103004,20231017,824,23,19,1,25.06864,121.5107,4
500103004,20231017,825,23,20,1,25.06864,121.5107,3
500103004,20231017,826,23,20,1,25.06864,121.5107,3
500103004,20231017,827,23,20,1,25.06864,121.5107,3
500103004,20231017,828,23,20,1,25.06864,121.5107,3
500103004,20231017,829,23,20,1,25.06864,121.5107,3
500103004,20231017,830,23,20,1,25.06864,121.5107,3
500103004,20231017,831,23,20,1,25.06864,121.5107,3
500103004,20231017,832,23,20,1,25.06864,121.5107,3
500103004,20231017,833,23,20,1,25.06864,121.5107,3
500103004,20231017,834,23,20,1,25.06864,121.5107,3
500103004,20231017,835,23,19,1,25.06864,121.5107,4
500103004,20231017,836,23,19,1,25.06864,121.5107,4
500103004,20231017,837,23,19,1,25.06864,121.5107,4
500103004,20231017,838,23,19,1,25.06864,121.5107,4
500103004,20231017,839,23,19,1,25.06864,121.5107,4
500103004,20231017,841,23,19,1,25.06864,121.5107,4
500103004,20231017,842,23,19,1,25.06864,121.5107,4
500103004,20231017,843,23,19,1,25.06864,121.5107,4
500103004,20231017,844,23,19,1,25.06864,121.5107,4
500103004,20231017,845,23,19,1,25.06864,121.5107,4
500103004,20231017,846,23,19,1,25.06864,121.5107,4
500103004,20231017,847,23,19,1,25.06864,121.5107,4
500103004,20231017,848,23,19,1,25.06864,121.5107,4
500103004,20231017,849,23,19,1,25.06864,121.5107,4
500103004,20231017,850,23,19,1,25.06864,121.5107,4
500103004,20231017,851,23,19,1,25.06864,121.5107,4
500103004,20231017,852,23,19,1,25.06864,121.5107,4
500103004,20231017,853,23,19,1,25.06864,121.5107,4
500103004,20231017,854,23,19,1,25.06864,121.5107,4
500103004,20231017,855,23,19,1,25.06864,121.5107,4
500103004,20231017,856,23,19,1,25.06864,121.5107,4
500103004,20231017,857,23,19,1,25.06864,121.5107,4
500103004,20231017,858,23,19,1,25.06864,121.5107,4
500103004,20231017,859,23,19,1,25.06864,121.5107,4
500103004,20231017,861,23,20,1,25.06864,121.5107,3
500103004,20231017,862,23,19,1,25.06864,121.5107,4
500103004,20231017,863,23,19,1,25.06864,121.5107,4
500103004,20231017,864,23,18,1,25.06864,121.5107,5
500103004,20231017,865,23,18,1,25.06864,121.5107,5
500103004,20231017,866,23,18,1,25.06864,121.5107,5
500103004,20231017,867,23,18,1,25.06864,121.5107,5
500103004,20231017,868,23,18,1,25.06864,121.5107,5
500103004,20231017,869,23,18,1,25.06864,121.5107,5
500103004,20231017,870,23,18,1,25.06864,121.5107,5
500103004,20231017,871,23,18,1,25.06864,121.5107,5
500103004,20231017,872,23,18,1,25.06864,121.5107,5
500103004,20231017,873,23,18,1,25.06864,121.5107,5
500103004,20231017,874,23,18,1,25.06864,121.5107,5
500103004,20231017,875,23,18,1,25.06864,121.5107,5
500103004,20231017,876,23,19,1,25.06864,121.5107,4
500103004,20231017,877,23,19,1,25.06864,121.5107,4
500103004,20231017,878,23,19,1,25.06864,121.5107,4
500103004,20231017,879,23,19,1,25.06864,121.5107,4
500103004,20231017,880,23,19,1,25.06864,121.5107,4
500103004,20231017,881,23,19,1,25.06864,121.5107,4
500103004,20231017,882,23,19,1,25.06864,121.5107,4
500103004,20231017,883,23,20,1,25.06864,121.5107,3
500103004,20231017,884,23,20,1,25.06864,121.5107,3
500103004,20231017,885,23,20,1,25.06864,121.5107,3
500103004,20231017,886,23,20,1,25.06864,121.5107,3
500103004,20231017,887,23,20,1,25.06864,121.5107,3
500103004,20231017,888,23,20,1,25.06864,121.5107,3
500103004,20231017,889,23,20,1,25.06864,121.5107,3
500103004,20231017,890,23,20,1,25.06864,121.5107,3
500103004,20231017,891,23,20,1,25.06864,121.5107,3
500103004,20231017,892,23,20,1,25.06864,121.5107,3
500103004,20231017,893,23,20,1,25.06864,121.5107,3
500103004,20231017,894,23,20,1,25.06864,121.5107,3
500103004,20231017,895,23,20,1,25.06864,121.5107,3
500103004,20231017,896,23,21,1,25.06864,121.5107,2
500103004,20231017,897,23,21,1,25.06864,121.5107,2
500103004,20231017,898,23,21,1,25.06864,121.5107,2
500103004,20231017,899,23,21,1,25.06864,121.5107,2
500103004,20231017,901,23,21,1,25.06864,121.5107,2
500103004,20231017,902,23,22,1,25.06864,121.5107,1
500103004,20231017,904,23,22,1,25.06864,121.5107,1
500103004,20231017,905,23,22,1,25.06864,121.5107,1
500103004,20231017,906,23,22,1,25.06864,121.5107,1
500103004,20231017,907,23,22,1,25.06864,121.5107,1
500103004,20231017,908,23,22,1,25.06864,121.5107,1
500103004,20231017,909,23,22,1,25.06864,121.5107,1
500103004,20231017,910,23,22,1,25.06864,121.5107,1
500103004,20231017,911,23,22,1,25.06864,121.5107,1
500103004,20231017,912,23,21,1,25.06864,121.5107,2
500103004,20231017,913,23,21,1,25.06864,121.5107,2
500103004,20231017,914,23,21,1,25.06864,121.5107,2
500103004,20231017,915,23,21,1,25.06864,121.5107,2
500103004,20231017,916,23,22,1,25.06864,121.5107,1
500103004,20231017,917,23,21,1,25.06864,121.5107,2
500103004,20231017,918,23,21,1,25.06864,121.5107,2
500103004,20231017,919,23,21,1,25.06864,121.5107,2
500103004,20231017,921,23,20,1,25.06864,121.5107,3
500103004,20231017,922,23,20,1,25.06864,121.5107,3
500103004,20231017,923,23,20,1,25.06864,121.5107,3
500103004,20231017,924,23,20,1,25.06864,121.5107,3
500103004,20231017,925,23,20,1,25.06864,121.5107,3
500103004,20231017,926,23,20,1,25.06864,121.5107,3
500103004,20231017,927,23,21,1,25.06864,121.5107,2
500103004,20231017,928,23,21,1,25.06864,121.5107,2
500103004,20231017,929,23,21,1,25.06864,121.5107,2
500103004,20231017,930,23,21,1,25.06864,121.5107,2
500103004,20231017,931,23,21,1,25.06864,121.5107,2
500103004,20231017,932,23,21,1,25.06864,121.5107,2
500103004,20231017,933,23,21,1,25.06864,121.5107,2
500103004,20231017,934,23,21,1,25.06864,121.5107,2
500103004,20231017,935,23,19,1,25.06864,121.5107,3
500103004,20231017,936,23,19,1,25.06864,121.5107,4
500103004,20231017,937,23,19,1,25.06864,121.5107,4
500103004,20231017,938,23,19,1,25.06864,121.5107,4
500103004,20231017,939,23,19,1,25.06864,121.5107,4
500103004,20231017,940,23,19,1,25.06864,121.5107,4
500103004,20231017,941,23,19,1,25.06864,121.5107,4
500103004,20231017,942,23,19,1,25.06864,121.5107,4
500103004,20231017,943,23,19,1,25.06864,121.5107,4
500103004,20231017,944,23,19,1,25.06864,121.5107,4
500103004,20231017,945,23,19,1,25.06864,121.5107,4
500103004,20231017,946,23,19,1,25.06864,121.5107,4
500103004,20231017,947,23,19,1,25.06864,121.5107,4
500103004,20231017,948,23,20,1,25.06864,121.5107,3
500103004,20231017,949,23,20,1,25.06864,121.5107,3
500103004,20231017,950,23,20,1,25.06864,121.5107,3
500103004,20231017,951,23,20,1,25.06864,121.5107,3
500103004,20231017,952,23,20,1,25.06864,121.5107,3
500103004,20231017,953,23,20,1,25.06864,121.5107,3
500103004,20231017,954,23,21,1,25.06864,121.5107,2
500103004,20231017,955,23,21,1,25.06864,121.5107,2
500103004,20231017,956,23,21,1,25.06864,121.5107,2
500103004,20231017,957,23,21,1,25.06864,121.5107,2
500103004,20231017,958,23,21,1,25.06864,121.5107,2
500103004,20231017,959,23,21,1,25.06864,121.5107,2
500103004,20231017,961,23,21,1,25.06864,121.5107,2
500103004,20231017,962,23,21,1,25.06864,121.5107,2
500103004,20231017,963,23,21,1,25.06864,121.5107,2
500103004,20231017,964,23,21,1,25.06864,121.5107,2
500103004,20231017,965,23,21,1,25.06864,121.5107,2
500103004,20231017,966,23,20,1,25.06864,121.5107,3
500103004,20231017,967,23,20,1,25.06864,121.5107,3
500103004,20231017,968,23,20,1,25.06864,121.5107,3
500103004,20231017,969,23,20,1,25.06864,121.5107,3
500103004,20231017,971,23,20,1,25.06864,121.5107,3
500103004,20231017,972,23,20,1,25.06864,121.5107,3
500103004,20231017,973,23,20,1,25.06864,121.5107,3
500103004,20231017,974,23,20,1,25.06864,121.5107,3
500103004,20231017,975,23,22,1,25.06864,121.5107,1
500103004,20231017,977,23,22,1,25.06864,121.5107,1
500103004,20231017,978,23,22,1,25.06864,121.5107,1
500103004,20231017,979,23,21,1,25.06864,121.5107,2
500103004,20231017,981,23,22,1,25.06864,121.5107,1
500103004,20231017,982,23,22,1,25.06864,121.5107,1
500103004,20231017,983,23,22,1,25.06864,121.5107,1
500103004,20231017,984,23,22,1,25.06864,121.5107,1
500103004,20231017,985,23,22,1,25.06864,121.5107,1
500103004,20231017,986,23,22,1,25.06864,121.5107,1
500103004,20231017,987,23,22,1,25.06864,121.5107,1
500103004,20231017,988,23,22,1,25.06864,121.5107,1
500103004,20231017,989,23,22,1,25.06864,121.5107,1
500103004,20231017,991,23,22,1,25.06864,121.5107,1
500103004,20231017,992,23,22,1,25.06864,121.5107,1
500103004,20231017,993,23,23,1,25.06864,121.5107,0
500103004,20231017,994,23,23,1,25.06864,121.5107,0
500103004,20231017,995,23,22,1,25.06864,121.5107,1
500103004,20231017,996,23,20,1,25.06864,121.5107,3
500103004,20231017,997,23,20,1,25.06864,121.5107,3
500103004,20231017,998,23,20,1,25.06864,121.5107,3
500103004,20231017,999,23,20,1,25.06864,121.5107,3
500103004,20231017,1001,23,20,1,25.06864,121.5107,3
500103004,20231017,1002,23,20,1,25.06864,121.5107,3
500103004,20231017,1003,23,20,1,25.06864,121.5107,3
500103004,20231017,1004,23,20,1,25.06864,121.5107,3
500103004,20231017,1005,23,20,1,25.06864,121.5107,3
500103004,20231017,1006,23,20,1,25.06864,121.5107,3
500103004,20231017,1007,23,21,1,25.06864,121.5107,2
500103004,20231017,1008,23,21,1,25.06864,121.5107,2
500103004,20231017,1009,23,21,1,25.06864,121.5107,2
500103004,20231017,1010,23,21,1,25.06864,121.5107,2
500103004,20231017,1011,23,22,1,25.06864,121.5107,1
500103004,20231017,1012,23,22,1,25.06864,121.5107,1
500103004,20231017,1013,23,22,1,25.06864,121.5107,1
500103004,20231017,1015,23,22,1,25.06864,121.5107,1
500103004,20231017,1016,23,23,1,25.06864,121.5107,0
500103004,20231017,1017,23,23,1,25.06864,121.5107,0
500103004,20231017,1018,23,23,1,25.06864,121.5107,0
500103004,20231017,1019,23,23,1,25.06864,121.5107,0
500103004,20231017,1021,23,23,1,25.06864,121.5107,0
500103004,20231017,1022,23,22,1,25.06864,121.5107,1
500103004,20231017,1023,23,22,1,25.06864,121.5107,1
500103004,20231017,1025,23,21,1,25.06864,121.5107,2
500103004,20231017,1026,23,21,1,25.06864,121.5107,2
500103004,20231017,1027,23,21,1,25.06864,121.5107,2
500103004,20231017,1028,23,21,1,25.06864,121.5107,2
500103004,20231017,1029,23,21,1,25.06864,121.5107,2
500103004,20231017,1030,23,21,1,25.06864,121.5107,2
500103004,20231017,1031,23,21,1,25.06864,121.5107,2
500103004,20231017,1032,23,21,1,25.06864,121.5107,2
500103004,20231017,1033,23,21,1,25.06864,121.5107,2
500103004,20231017,1034,23,21,1,25.06864,121.5107,2
500103004,20231017,1035,23,21,1,25.06864,121.5107,2
500103004,20231017,1036,23,21,1,25.06864,121.5107,2
500103004,20231017,1037,23,19,1,25.06864,121.5107,4
500103004,20231017,1038,23,19,1,25.06864,121.5107,4
500103004,20231017,1039,23,20,1,25.06864,121.5107,3
500103004,20231017,1041,23,20,1,25.06864,121.5107,3
500103004,20231017,1042,23,20,1,25.06864,121.5107,3
500103004,20231017,1043,23,19,1,25.06864,121.5107,4
500103004,20231017,1044,23,19,1,25.06864,121.5107,4
500103004,20231017,1045,23,20,1,25.06864,121.5107,3
500103004,20231017,1046,23,20,1,25.06864,121.5107,3
500103004,20231017,1047,23,20,1,25.06864,121.5107,3
500103004,20231017,1048,23,20,1,25.06864,121.5107,3
500103004,20231017,1049,23,18,1,25.06864,121.5107,5
500103004,20231017,1051,23,15,1,25.06864,121.5107,8
500103004,20231017,1052,23,15,1,25.06864,121.5107,8
500103004,20231017,1053,23,15,1,25.06864,121.5107,8
500103004,20231017,1054,23,15,1,25.06864,121.5107,8
500103004,20231017,1055,23,15,1,25.06864,121.5107,8
500103004,20231017,1056,23,15,1,25.06864,121.5107,8
500103004,20231017,1057,23,15,1,25.06864,121.5107,8
500103004,20231017,1058,23,15,1,25.06864,121.5107,8
500103004,20231017,1059,23,14,1,25.06864,121.5107,9
500103004,20231017,1060,23,12,1,25.06864,121.5107,11
500103004,20231017,1061,23,12,1,25.06864,121.5107,11
500103004,20231017,1062,23,12,1,25.06864,121.5107,11
500103004,20231017,1063,23,13,1,25.06864,121.5107,10
500103004,20231017,1064,23,13,1,25.06864,121.5107,10
500103004,20231017,1065,23,13,1,25.06864,121.5107,10
500103004,20231017,1066,23,11,1,25.06864,121.5107,12
500103004,20231017,1067,23,11,1,25.06864,121.5107,12
500103004,20231017,1068,23,11,1,25.06864,121.5107,12
500103004,20231017,1069,23,10,1,25.06864,121.5107,13
500103004,20231017,1070,23,10,1,25.06864,121.5107,13
500103004,20231017,1071,23,10,1,25.06864,121.5107,13
500103004,20231017,1072,23,11,1,25.06864,121.5107,12
500103004,20231017,1073,23,9,1,25.06864,121.5107,14
500103004,20231017,1074,23,6,1,25.06864,121.5107,17
500103004,20231017,1075,23,6,1,25.06864,121.5107,17
500103004,20231017,1076,23,7,1,25.06864,121.5107,16
500103004,20231017,1077,23,8,1,25.06864,121.5107,15
500103004,20231017,1078,23,8,1,25.06864,121.5107,15
500103004,20231017,1079,23,8,1,25.06864,121.5107,15
500103004,20231017,1081,23,9,1,25.06864,121.5107,14
500103004,20231017,1082,23,9,1,25.06864,121.5107,14
500103004,20231017,1083,23,9,1,25.06864,121.5107,14
500103004,20231017,1084,23,10,1,25.06864,121.5107,13
500103004,20231017,1085,23,11,1,25.06864,121.5107,12
500103004,20231017,1086,23,11,1,25.06864,121.5107,12
500103004,20231017,1087,23,11,1,25.06864,121.5107,12
500103004,20231017,1088,23,11,1,25.06864,121.5107,12
500103004,20231017,1089,23,10,1,25.06864,121.5107,13
500103004,20231017,1090,23,10,1,25.06864,121.5107,13
500103004,20231017,1091,23,10,1,25.06864,121.5107,13
500103004,20231017,1092,23,10,1,25.06864,121.5107,13
500103004,20231017,1093,23,9,1,25.06864,121.5107,14
500103004,20231017,1094,23,9,1,25.06864,121.5107,14
500103004,20231017,1095,23,15,1,25.06864,121.5107,8
500103004,20231017,1096,23,20,1,25.06864,121.5107,3
500103004,20231017,1097,23,20,1,25.06864,121.5107,3
500103004,20231017,1098,23,21,1,25.06864,121.5107,2
500103004,20231017,1099,23,20,1,25.06864,121.5107,3
500103004,20231017,1101,23,21,1,25.06864,121.5107,2
500103004,20231017,1102,23,21,1,25.06864,121.5107,2
500103004,20231017,1103,23,21,1,25.06864,121.5107,2
500103004,20231017,1104,23,20,1,25.06864,121.5107,3
500103004,20231017,1105,23,20,1,25.06864,121.5107,3
500103004,20231017,1106,23,18,1,25.06864,121.5107,5
500103004,20231017,1107,23,18,1,25.06864,121.5107,5
500103004,20231017,1108,23,18,1,25.06864,121.5107,5
500103004,20231017,1109,23,18,1,25.06864,121.5107,5
500103004,20231017,1111,23,17,1,25.06864,121.5107,6
500103004,20231017,1112,23,17,1,25.06864,121.5107,6
500103004,20231017,1113,23,17,1,25.06864,121.5107,6
500103004,20231017,1114,23,16,1,25.06864,121.5107,7
500103004,20231017,1115,23,16,1,25.06864,121.5107,7
500103004,20231017,1116,23,16,1,25.06864,121.5107,7
500103004,20231017,1117,23,15,1,25.06864,121.5107,8
500103004,20231017,1118,23,14,1,25.06864,121.5107,9
500103004,20231017,1119,23,13,1,25.06864,121.5107,10
500103004,20231017,1120,23,13,1,25.06864,121.5107,10
500103004,20231017,1121,23,13,1,25.06864,121.5107,10
500103004,20231017,1122,23,13,1,25.06864,121.5107,10
500103004,20231017,1123,23,14,1,25.06864,121.5107,9
500103004,20231017,1124,23,14,1,25.06864,121.5107,9
500103004,20231017,1125,23,14,1,25.06864,121.5107,9
500103004,20231017,1126,23,14,1,25.06864,121.5107,9
500103004,20231017,1127,23,14,1,25.06864,121.5107,9
500103004,20231017,1128,23,14,1,25.06864,121.5107,9
500103004,20231017,1129,23,13,1,25.06864,121.5107,10
500103004,20231017,1130,23,13,1,25.06864,121.5107,10
500103004,20231017,1131,23,13,1,25.06864,121.5107,10
500103004,20231017,1132,23,13,1,25.06864,121.5107,10
500103004,20231017,1133,23,12,1,25.06864,121.5107,11
500103004,20231017,1134,23,12,1,25.06864,121.5107,11
500103004,20231017,1135,23,12,1,25.06864,121.5107,11
500103004,20231017,1136,23,12,1,25.06864,121.5107,11
500103004,20231017,1137,23,14,1,25.06864,121.5107,9
500103004,20231017,1138,23,14,1,25.06864,121.5107,9
500103004,20231017,1139,23,13,1,25.06864,121.5107,10
500103004,20231017,1141,23,14,1,25.06864,121.5107,9
500103004,20231017,1142,23,16,1,25.06864,121.5107,7
500103004,20231017,1143,23,15,1,25.06864,121.5107,8
500103004,20231017,1144,23,15,1,25.06864,121.5107,8
500103004,20231017,1145,23,15,1,25.06864,121.5107,8
500103004,20231017,1146,23,15,1,25.06864,121.5107,8
500103004,20231017,1147,23,15,1,25.06864,121.5107,8
500103004,20231017,1148,23,15,1,25.06864,121.5107,8
500103004,20231017,1149,23,14,1,25.06864,121.5107,9
500103004,20231017,1150,23,14,1,25.06864,121.5107,9
500103004,20231017,1151,23,15,1,25.06864,121.5107,8
500103004,20231017,1152,23,15,1,25.06864,121.5107,8
500103004,20231017,1153,23,14,1,25.06864,121.5107,9
500103004,20231017,1154,23,13,1,25.06864,121.5107,10
500103004,20231017,1155,23,12,1,25.06864,121.5107,11
500103004,20231017,1156,23,10,1,25.06864,121.5107,13
500103004,20231017,1157,23,10,1,25.06864,121.5107,13
500103004,20231017,1158,23,10,1,25.06864,121.5107,13
500103004,20231017,1159,23,9,1,25.06864,121.5107,14
500103004,20231017,1161,23,7,1,25.06864,121.5107,16
500103004,20231017,1162,23,7,1,25.06864,121.5107,16
500103004,20231017,1163,23,8,1,25.06864,121.5107,15
500103004,20231017,1164,23,8,1,25.06864,121.5107,15
500103004,20231017,1165,23,8,1,25.06864,121.5107,15
500103004,20231017,1166,23,8,1,25.06864,121.5107,15
500103004,20231017,1167,23,8,1,25.06864,121.5107,15
500103004,20231017,1168,23,8,1,25.06864,121.5107,15
500103004,20231017,1169,23,8,1,25.06864,121.5107,15
500103004,20231017,1171,23,8,1,25.06864,121.5107,15
500103004,20231017,1172,23,8,1,25.06864,121.5107,15
500103004,20231017,1173,23,7,1,25.06864,121.5107,16
500103004,20231017,1174,23,8,1,25.06864,121.5107,15
500103004,20231017,1175,23,8,1,25.06864,121.5107,15
500103004,20231017,1176,23,8,1,25.06864,121.5107,15
500103004,20231017,1177,23,8,1,25.06864,121.5107,15
500103004,20231017,1178,23,8,1,25.06864,121.5107,15
500103004,20231017,1179,23,7,1,25.06864,121.5107,16
500103004,20231017,1180,23,6,1,25.06864,121.5107,17
500103004,20231017,1181,23,6,1,25.06864,121.5107,17
500103004,20231017,1182,23,6,1,25.06864,121.5107,17
500103004,20231017,1183,23,6,1,25.06864,121.5107,17
500103004,20231017,1184,23,14,1,25.06864,121.5107,9
500103004,20231017,1185,23,18,1,25.06864,121.5107,5
500103004,20231017,1186,23,18,1,25.06864,121.5107,5
500103004,20231017,1187,23,17,1,25.06864,121.5107,6
500103004,20231017,1188,23,18,1,25.06864,121.5107,5
500103004,20231017,1190,23,17,1,25.06864,121.5107,6
500103004,20231017,1191,23,20,1,25.06864,121.5107,3
500103004,20231017,1192,23,20,1,25.06864,121.5107,3
500103004,20231017,1193,23,20,1,25.06864,121.5107,3
500103004,20231017,1194,23,19,1,25.06864,121.5107,4
500103004,20231017,1195,23,19,1,25.06864,121.5107,4
500103004,20231017,1196,23,19,1,25.06864,121.5107,4
500103004,20231017,1197,23,20,1,25.06864,121.5107,3
500103004,20231017,1198,23,21,1,25.06864,121.5107,2
500103004,20231017,1199,23,21,1,25.06864,121.5107,2
500103004,20231017,1201,23,21,1,25.06864,121.5107,2
500103004,20231017,1202,23,20,1,25.06864,121.5107,3
500103004,20231017,1203,23,19,1,25.06864,121.5107,4
500103004,20231017,1204,23,18,1,25.06864,121.5107,5
500103004,20231017,1205,23,18,1,25.06864,121.5107,5
500103004,20231017,1206,23,18,1,25.06864,121.5107,5
500103004,20231017,1207,23,18,1,25.06864,121.5107,5
500103004,20231017,1208,23,18,1,25.06864,121.5107,5
500103004,20231017,1209,23,16,1,25.06864,121.5107,7
500103004,20231017,1210,23,16,1,25.06864,121.5107,7
500103004,20231017,1211,23,16,1,25.06864,121.5107,7
500103004,20231017,1212,23,16,1,25.06864,121.5107,7
500103004,20231017,1213,23,15,1,25.06864,121.5107,8
500103004,20231017,1214,23,15,1,25.06864,121.5107,8
500103004,20231017,1215,23,15,1,25.06864,121.5107,8
500103004,20231017,1216,23,15,1,25.06864,121.5107,8
500103004,20231017,1217,23,15,1,25.06864,121.5107,8
500103004,20231017,1218,23,14,1,25.06864,121.5107,9
500103004,20231017,1219,23,14,1,25.06864,121.5107,9
500103004,20231017,1221,23,13,1,25.06864,121.5107,10
500103004,20231017,1222,23,13,1,25.06864,121.5107,10
500103004,20231017,1223,23,13,1,25.06864,121.5107,10
500103004,20231017,1224,23,12,1,25.06864,121.5107,11
500103004,20231017,1225,23,12,1,25.06864,121.5107,11
500103004,20231017,1226,23,12,1,25.06864,121.5107,11
500103004,20231017,1227,23,8,1,25.06864,121.5107,15
500103004,20231017,1228,23,8,1,25.06864,121.5107,15
500103004,20231017,1229,23,8,1,25.06864,121.5107,15
500103004,20231017,1231,23,7,1,25.06864,121.5107,16
500103004,20231017,1232,23,7,1,25.06864,121.5107,16
500103004,20231017,1233,23,7,1,25.06864,121.5107,16
500103004,20231017,1234,23,8,1,25.06864,121.5107,15
500103004,20231017,1235,23,9,1,25.06864,121.5107,14
500103004,20231017,1236,23,8,1,25.06864,121.5107,15
500103004,20231017,1237,23,7,1,25.06864,121.5107,16
500103004,20231017,1238,23,7,1,25.06864,121.5107,16
500103004,20231017,1239,23,7,1,25.06864,121.5107,16
500103004,20231017,1240,23,8,1,25.06864,121.5107,15
500103004,20231017,1241,23,8,1,25.06864,121.5107,15
500103004,20231017,1242,23,8,1,25.06864,121.5107,15
500103004,20231017,1243,23,7,1,25.06864,121.5107,16
500103004,20231017,1244,23,7,1,25.06864,121.5107,16
500103004,20231017,1245,23,6,1,25.06864,121.5107,17
500103004,20231017,1246,23,5,1,25.06864,121.5107,18
500103004,20231017,1247,23,4,1,25.06864,121.5107,19
500103004,20231017,1248,23,4,1,25.06864,121.5107,19
500103004,20231017,1249,23,4,1,25.06864,121.5107,19
500103004,20231017,1250,23,4,1,25.06864,121.5107,19
500103004,20231017,1251,23,4,1,25.06864,121.5107,19
500103004,20231017,1252,23,5,1,25.06864,121.5107,18
500103004,20231017,1253,23,4,1,25.06864,121.5107,19
500103004,20231017,1254,23,4,1,25.06864,121.5107,19
500103004,20231017,1255,23,4,1,25.06864,121.5107,19
500103004,20231017,1256,23,4,1,25.06864,121.5107,19
500103004,20231017,1257,23,4,1,25.06864,121.5107,19
500103004,20231017,1258,23,4,1,25.06864,121.5107,19
500103004,20231017,1259,23,4,1,25.06864,121.5107,19
500103004,20231017,1261,23,2,1,25.06864,121.5107,21
500103004,20231017,1262,23,0,1,25.06864,121.5107,23
500103004,20231017,1263,23,0,1,25.06864,121.5107,23
500103004,20231017,1264,23,0,1,25.06864,121.5107,23
500103004,20231017,1265,23,0,1,25.06864,121.5107,23
500103004,20231017,1266,23,0,1,25.06864,121.5107,23
500103004,20231017,1267,23,0,1,25.06864,121.5107,23
500103004,20231017,1268,23,0,1,25.06864,121.5107,23
500103004,20231017,1269,23,0,1,25.06864,121.5107,23
500103004,20231017,1270,23,0,1,25.06864,121.5107,23
500103004,20231017,1271,23,0,1,25.06864,121.5107,23
500103004,20231017,1272,23,0,1,25.06864,121.5107,23
500103004,20231017,1273,23,0,1,25.06864,121.5107,23
500103004,20231017,1274,23,0,1,25.06864,121.5107,23
500103004,20231017,1275,23,0,1,25.06864,121.5107,23
500103004,20231017,1276,23,0,1,25.06864,121.5107,23
500103004,20231017,1277,23,0,1,25.06864,121.5107,23
500103004,20231017,1278,23,0,1,25.06864,121.5107,23
500103004,20231017,1279,23,0,1,25.06864,121.5107,23
500103004,20231017,1281,23,0,1,25.06864,121.5107,23
500103004,20231017,1282,23,0,1,25.06864,121.5107,23
500103004,20231017,1283,23,0,1,25.06864,121.5107,23
500103004,20231017,1284,23,0,1,25.06864,121.5107,23
500103004,20231017,1285,23,0,1,25.06864,121.5107,23
500103004,20231017,1286,23,0,1,25.06864,121.5107,23
500103004,20231017,1287,23,0,1,25.06864,121.5107,23
500103004,20231017,1288,23,0,1,25.06864,121.5107,23
500103004,20231017,1289,23,0,1,25.06864,121.5107,23
500103004,20231017,1291,23,0,1,25.06864,121.5107,23
500103004,20231017,1292,23,0,1,25.06864,121.5107,23
500103004,20231017,1293,23,0,1,25.06864,121.5107,23
500103004,20231017,1294,23,0,1,25.06864,121.5107,23
500103004,20231017,1295,23,0,1,25.06864,121.5107,23
500103004,20231017,1296,23,0,1,25.06864,121.5107,23
500103004,20231017,1297,23,0,1,25.06864,121.5107,23
500103004,20231017,1298,23,0,1,25.06864,121.5107,23
500103004,20231017,1299,23,0,1,25.06864,121.5107,23
500103004,20231017,1300,23,0,1,25.06864,121.5107,23
500103004,20231017,1301,23,0,1,25.06864,121.5107,23
500103004,20231017,1302,23,0,1,25.06864,121.5107,23
500103004,20231017,1303,23,0,1,25.06864,121.5107,23
500103004,20231017,1304,23,0,1,25.06864,121.5107,23
500103004,20231017,1305,23,0,1,25.06864,121.5107,23
500103004,20231017,1306,23,0,1,25.06864,121.5107,23
500103004,20231017,1307,23,0,1,25.06864,121.5107,23
500103004,20231017,1308,23,0,1,25.06864,121.5107,23
500103004,20231017,1309,23,0,1,25.06864,121.5107,23
500103004,20231017,1310,23,0,1,25.06864,121.5107,23
500103004,20231017,1311,23,0,1,25.06864,121.5107,23
500103004,20231017,1312,23,1,1,25.06864,121.5107,22
500103004,20231017,1313,23,1,1,25.06864,121.5107,22
500103004,20231017,1314,23,4,1,25.06864,121.5107,19
500103004,20231017,1315,23,4,1,25.06864,121.5107,19
500103004,20231017,1316,23,4,1,25.06864,121.5107,19
500103004,20231017,1317,23,3,1,25.06864,121.5107,20
500103004,20231017,1318,23,3,1,25.06864,121.5107,20
500103004,20231017,1319,23,3,1,25.06864,121.5107,20
500103004,20231017,1321,23,3,1,25.06864,121.5107,20
500103004,20231017,1322,23,3,1,25.06864,121.5107,20
500103004,20231017,1323,23,3,1,25.06864,121.5107,20
500103004,20231017,1324,23,3,1,25.06864,121.5107,20
500103004,20231017,1325,23,3,1,25.06864,121.5107,20
500103004,20231017,1326,23,4,1,25.06864,121.5107,19
500103004,20231017,1327,23,4,1,25.06864,121.5107,19
500103004,20231017,1328,23,4,1,25.06864,121.5107,19
500103004,20231017,1329,23,4,1,25.06864,121.5107,19
500103004,20231017,1330,23,4,1,25.06864,121.5107,19
500103004,20231017,1331,23,3,1,25.06864,121.5107,20
500103004,20231017,1332,23,2,1,25.06864,121.5107,21
500103004,20231017,1333,23,2,1,25.06864,121.5107,21
500103004,20231017,1334,23,2,1,25.06864,121.5107,21
500103004,20231017,1335,23,2,1,25.06864,121.5107,21
500103004,20231017,1336,23,2,1,25.06864,121.5107,21
500103004,20231017,1337,23,2,1,25.06864,121.5107,21
500103004,20231017,1338,23,2,1,25.06864,121.5107,21
500103004,20231017,1339,23,1,1,25.06864,121.5107,22
500103004,20231017,1341,23,0,1,25.06864,121.5107,23
500103004,20231017,1342,23,0,1,25.06864,121.5107,23
500103004,20231017,1343,23,0,1,25.06864,121.5107,23
500103004,20231017,1344,23,0,1,25.06864,121.5107,23
500103004,20231017,1345,23,0,1,25.06864,121.5107,23
500103004,20231017,1346,23,0,1,25.06864,121.5107,23
500103004,20231017,1347,23,0,1,25.06864,121.5107,23
500103004,20231017,1348,23,0,1,25.06864,121.5107,23
500103004,20231017,1349,23,0,1,25.06864,121.5107,23
500103004,20231017,1350,23,0,1,25.06864,121.5107,23
500103004,20231017,1351,23,0,1,25.06864,121.5107,23
500103004,20231017,1352,23,1,1,25.06864,121.5107,22
500103004,20231017,1353,23,1,1,25.06864,121.5107,22
500103004,20231017,1354,23,1,1,25.06864,121.5107,22
500103004,20231017,1355,23,1,1,25.06864,121.5107,22
500103004,20231017,1356,23,1,1,25.06864,121.5107,22
500103004,20231017,1357,23,1,1,25.06864,121.5107,22
500103004,20231017,1358,23,1,1,25.06864,121.5107,22
500103004,20231017,1359,23,1,1,25.06864,121.5107,22
500103004,20231017,1360,23,1,1,25.06864,121.5107,22
500103004,20231017,1361,23,1,1,25.06864,121.5107,22
500103004,20231017,1362,23,1,1,25.06864,121.5107,22
500103004,20231017,1363,23,1,1,25.06864,121.5107,22
500103004,20231017,1364,23,1,1,25.06864,121.5107,22
500103004,20231017,1365,23,0,1,25.06864,121.5107,23
500103004,20231017,1366,23,0,1,25.06864,121.5107,23
500103004,20231017,1367,23,0,1,25.06864,121.5107,23
500103004,20231017,1368,23,0,1,25.06864,121.5107,23
500103004,20231017,1369,23,0,1,25.06864,121.5107,23
500103004,20231017,1370,23,0,1,25.06864,121.5107,23
500103004,20231017,1371,23,0,1,25.06864,121.5107,23
500103004,20231017,1372,23,0,1,25.06864,121.5107,23
500103004,20231017,1373,23,0,1,25.06864,121.5107,23
500103004,20231017,1374,23,0,1,25.06864,121.5107,23
500103004,20231017,1375,23,0,1,25.06864,121.5107,23
500103004,20231017,1376,23,0,1,25.06864,121.5107,23
500103004,20231017,1377,23,0,1,25.06864,121.5107,23
500103004,20231017,1378,23,0,1,25.06864,121.5107,23
500103004,20231017,1379,23,0,1,25.06864,121.5107,23
500103004,20231017,1381,23,0,1,25.06864,121.5107,23
500103004,20231017,1382,23,0,1,25.06864,121.5107,23
500103004,20231017,1383,23,0,1,25.06864,121.5107,23
500103004,20231017,1384,23,0,1,25.06864,121.5107,23
500103004,20231017,1385,23,0,1,25.06864,121.5107,23
500103004,20231017,1386,23,0,1,25.06864,121.5107,23
500103004,20231017,1387,23,0,1,25.06864,121.5107,23
500103004,20231017,1388,23,0,1,25.06864,121.5107,23
500103004,20231017,1389,23,1,1,25.06864,121.5107,22
500103004,20231017,1390,23,1,1,25.06864,121.5107,22
500103004,20231017,1391,23,0,1,25.06864,121.5107,23
500103004,20231017,1392,23,0,1,25.06864,121.5107,23
500103004,20231017,1393,23,0,1,25.06864,121.5107,23
500103004,20231017,1394,23,0,1,25.06864,121.5107,23
500103004,20231017,1395,23,0,1,25.06864,121.5107,23
500103004,20231017,1396,23,0,1,25.06864,121.5107,23
500103004,20231017,1397,23,1,1,25.06864,121.5107,22
500103004,20231017,1398,23,1,1,25.06864,121.5107,22
500103004,20231017,1399,23,0,1,25.06864,121.5107,23
500103004,20231017,1401,23,0,1,25.06864,121.5107,23
500103004,20231017,1402,23,0,1,25.06864,121.5107,23
500103004,20231017,1403,23,0,1,25.06864,121.5107,23
500103004,20231017,1404,23,0,1,25.06864,121.5107,23
500103004,20231017,1405,23,0,1,25.06864,121.5107,23
500103004,20231017,1406,23,0,1,25.06864,121.5107,23
500103004,20231017,1407,23,0,1,25.06864,121.5107,23
500103004,20231017,1408,23,0,1,25.06864,121.5107,23
500103004,20231017,1409,23,0,1,25.06864,121.5107,23
500103004,20231017,1410,23,0,1,25.06864,121.5107,23
500103004,20231017,1411,23,0,1,25.06864,121.5107,23
500103004,20231017,1412,23,0,1,25.06864,121.5107,23
500103004,20231017,1413,23,0,1,25.06864,121.5107,23
500103004,20231017,1414,23,0,1,25.06864,121.5107,23
500103004,20231017,1415,23,0,1,25.06864,121.5107,23
500103004,20231017,1416,23,0,1,25.06864,121.5107,23
500103004,20231017,1417,23,0,1,25.06864,121.5107,23
500103004,20231017,1418,23,0,1,25.06864,121.5107,23
500103004,20231017,1419,23,0,1,25.06864,121.5107,23
500103004,20231017,1420,23,0,1,25.06864,121.5107,23
500103004,20231017,1421,23,0,1,25.06864,121.5107,23
500103004,20231017,1422,23,0,1,25.06864,121.5107,23
500103004,20231017,1423,23,0,1,25.06864,121.5107,23
500103004,20231017,1424,23,0,1,25.06864,121.5107,23
500103004,20231017,1425,23,0,1,25.06864,121.5107,23
500103004,20231017,1426,23,0,1,25.06864,121.5107,23
500103004,20231017,1427,23,0,1,25.06864,121.5107,23
500103004,20231017,1428,23,0,1,25.06864,121.5107,23
500103004,20231017,1429,23,1,1,25.06864,121.5107,22
500103004,20231017,1430,23,1,1,25.06864,121.5107,22
500103004,20231017,1431,23,1,1,25.06864,121.5107,22
500103004,20231017,1432,23,1,1,25.06864,121.5107,22
500103004,20231017,1433,23,1,1,25.06864,121.5107,22
500103004,20231017,1434,23,1,1,25.06864,121.5107,22
500103004,20231017,1435,23,1,1,25.06864,121.5107,22
500103004,20231017,1436,23,1,1,25.06864,121.5107,22
500103004,20231017,1437,23,1,1,25.06864,121.5107,22
500103004,20231017,1438,23,1,1,25.06864,121.5107,22
500103004,20231017,1439,23,1,1,25.06864,121.5107,22
500103004,20231018,1,23,0,1,25.06864,121.5107,23
500103004,20231018,2,23,0,1,25.06864,121.5107,23
500103004,20231018,3,23,0,1,25.06864,121.5107,23
500103004,20231018,4,23,0,1,25.06864,121.5107,23
500103004,20231018,5,23,0,1,25.06864,121.5107,23
500103004,20231018,6,23,0,1,25.06864,121.5107,23
500103004,20231018,7,23,0,1,25.06864,121.5107,23
500103004,20231018,8,23,0,1,25.06864,121.5107,23
500103004,20231018,9,23,0,1,25.06864,121.5107,23
500103004,20231018,10,23,0,1,25.06864,121.5107,23
500103004,20231018,11,23,0,1,25.06864,121.5107,23
500103004,20231018,12,23,0,1,25.06864,121.5107,23
500103004,20231018,13,23,0,1,25.06864,121.5107,23
500103004,20231018,14,23,0,1,25.06864,121.5107,23
500103004,20231018,15,23,0,1,25.06864,121.5107,23
500103004,20231018,16,23,0,1,25.06864,121.5107,23
500103004,20231018,17,23,0,1,25.06864,121.5107,23
500103004,20231018,18,23,0,1,25.06864,121.5107,23
500103004,20231018,19,23,0,1,25.06864,121.5107,23
500103004,20231018,21,23,0,1,25.06864,121.5107,23
500103004,20231018,22,23,0,1,25.06864,121.5107,23
500103004,20231018,23,23,0,1,25.06864,121.5107,23
500103004,20231018,24,23,0,1,25.06864,121.5107,23
500103004,20231018,25,23,0,1,25.06864,121.5107,23
500103004,20231018,26,23,0,1,25.06864,121.5107,23
500103004,20231018,27,23,0,1,25.06864,121.5107,23
500103004,20231018,28,23,0,1,25.06864,121.5107,23
500103004,20231018,29,23,0,1,25.06864,121.5107,23
500103004,20231018,30,23,0,1,25.06864,121.5107,23
500103004,20231018,31,23,0,1,25.06864,121.5107,23
500103004,20231018,32,23,0,1,25.06864,121.5107,23
500103004,20231018,33,23,0,1,25.06864,121.5107,23
500103004,20231018,34,23,0,1,25.06864,121.5107,23
500103004,20231018,35,23,0,1,25.06864,121.5107,23
500103004,20231018,36,23,0,1,25.06864,121.5107,23
500103004,20231018,37,23,0,1,25.06864,121.5107,23
500103004,20231018,38,23,0,1,25.06864,121.5107,23
500103004,20231018,39,23,0,1,25.06864,121.5107,23
500103004,20231018,40,23,0,1,25.06864,121.5107,23
500103004,20231018,41,23,0,1,25.06864,121.5107,23
500103004,20231018,42,23,0,1,25.06864,121.5107,23
500103004,20231018,43,23,0,1,25.06864,121.5107,23
500103004,20231018,44,23,0,1,25.06864,121.5107,23
500103004,20231018,45,23,0,1,25.06864,121.5107,23
500103004,20231018,46,23,0,1,25.06864,121.5107,23
500103004,20231018,47,23,0,1,25.06864,121.5107,23
500103004,20231018,48,23,0,1,25.06864,121.5107,23
500103004,20231018,49,23,0,1,25.06864,121.5107,23
500103004,20231018,50,23,0,1,25.06864,121.5107,23
500103004,20231018,51,23,0,1,25.06864,121.5107,23
500103004,20231018,52,23,0,1,25.06864,121.5107,23
500103004,20231018,53,23,0,1,25.06864,121.5107,23
500103004,20231018,54,23,0,1,25.06864,121.5107,23
500103004,20231018,55,23,0,1,25.06864,121.5107,23
500103004,20231018,56,23,0,1,25.06864,121.5107,23
500103004,20231018,57,23,0,1,25.06864,121.5107,23
500103004,20231018,58,23,0,1,25.06864,121.5107,23
500103004,20231018,59,23,0,1,25.06864,121.5107,23
500103004,20231018,61,23,0,1,25.06864,121.5107,23
500103004,20231018,62,23,0,1,25.06864,121.5107,23
500103004,20231018,63,23,0,1,25.06864,121.5107,23
500103004,20231018,64,23,0,1,25.06864,121.5107,23
500103004,20231018,65,23,0,1,25.06864,121.5107,23
500103004,20231018,66,23,0,1,25.06864,121.5107,23
500103004,20231018,67,23,0,1,25.06864,121.5107,23
500103004,20231018,68,23,0,1,25.06864,121.5107,23
500103004,20231018,69,23,0,1,25.06864,121.5107,23
500103004,20231018,70,23,0,1,25.06864,121.5107,23
500103004,20231018,71,23,0,1,25.06864,121.5107,23
500103004,20231018,72,23,0,1,25.06864,121.5107,23
500103004,20231018,73,23,0,1,25.06864,121.5107,23
500103004,20231018,75,23,0,1,25.06864,121.5107,23
500103004,20231018,76,23,0,1,25.06864,121.5107,23
500103004,20231018,77,23,0,1,25.06864,121.5107,23
500103004,20231018,78,23,0,1,25.06864,121.5107,23
500103004,20231018,79,23,0,1,25.06864,121.5107,23
500103004,20231018,81,23,0,1,25.06864,121.5107,23
500103004,20231018,82,23,0,1,25.06864,121.5107,23
500103004,20231018,83,23,0,1,25.06864,121.5107,23
500103004,20231018,84,23,0,1,25.06864,121.5107,23
500103004,20231018,85,23,0,1,25.06864,121.5107,23
500103004,20231018,86,23,0,1,25.06864,121.5107,23
500103004,20231018,87,23,0,1,25.06864,121.5107,23
500103004,20231018,88,23,0,1,25.06864,121.5107,23
500103004,20231018,89,23,0,1,25.06864,121.5107,23
500103004,20231018,90,23,0,1,25.06864,121.5107,23
500103004,20231018,91,23,0,1,25.06864,121.5107,23
500103004,20231018,92,23,0,1,25.06864,121.5107,23
500103004,20231018,93,23,0,1,25.06864,121.5107,23
500103004,20231018,94,23,0,1,25.06864,121.5107,23
500103004,20231018,95,23,0,1,25.06864,121.5107,23
500103004,20231018,96,23,0,1,25.06864,121.5107,23
500103004,20231018,97,23,0,1,25.06864,121.5107,23
500103004,20231018,98,23,0,1,25.06864,121.5107,23
500103004,20231018,99,23,0,1,25.06864,121.5107,23
500103004,20231018,100,23,0,1,25.06864,121.5107,23
500103004,20231018,101,23,0,1,25.06864,121.5107,23
500103004,20231018,102,23,0,1,25.06864,121.5107,23
500103004,20231018,103,23,0,1,25.06864,121.5107,23
500103004,20231018,104,23,0,1,25.06864,121.5107,23
500103004,20231018,105,23,0,1,25.06864,121.5107,23
500103004,20231018,106,23,0,1,25.06864,121.5107,23
500103004,20231018,107,23,0,1,25.06864,121.5107,23
500103004,20231018,108,23,0,1,25.06864,121.5107,23
500103004,20231018,109,23,0,1,25.06864,121.5107,23
500103004,20231018,110,23,0,1,25.06864,121.5107,23
500103004,20231018,111,23,0,1,25.06864,121.5107,23
500103004,20231018,112,23,0,1,25.06864,121.5107,23
500103004,20231018,113,23,0,1,25.06864,121.5107,23
500103004,20231018,114,23,0,1,25.06864,121.5107,23
500103004,20231018,115,23,0,1,25.06864,121.5107,23
500103004,20231018,116,23,0,1,25.06864,121.5107,23
500103004,20231018,117,23,0,1,25.06864,121.5107,23
500103004,20231018,118,23,0,1,25.06864,121.5107,23
500103004,20231018,119,23,0,1,25.06864,121.5107,23
500103004,20231018,121,23,0,1,25.06864,121.5107,23
500103004,20231018,122,23,0,1,25.06864,121.5107,23
500103004,20231018,123,23,0,1,25.06864,121.5107,23
500103004,20231018,124,23,0,1,25.06864,121.5107,23
500103004,20231018,125,23,0,1,25.06864,121.5107,23
500103004,20231018,126,23,0,1,25.06864,121.5107,23
500103004,20231018,127,23,0,1,25.06864,121.5107,23
500103004,20231018,128,23,0,1,25.06864,121.5107,23
500103004,20231018,129,23,0,1,25.06864,121.5107,23
500103004,20231018,130,23,0,1,25.06864,121.5107,23
500103004,20231018,131,23,0,1,25.06864,121.5107,23
500103004,20231018,132,23,0,1,25.06864,121.5107,23
500103004,20231018,133,23,0,1,25.06864,121.5107,23
500103004,20231018,134,23,0,1,25.06864,121.5107,23
500103004,20231018,135,23,0,1,25.06864,121.5107,23
500103004,20231018,136,23,0,1,25.06864,121.5107,23
500103004,20231018,137,23,0,1,25.06864,121.5107,23
500103004,20231018,138,23,0,1,25.06864,121.5107,23
500103004,20231018,139,23,0,1,25.06864,121.5107,23
500103004,20231018,141,23,0,1,25.06864,121.5107,23
500103004,20231018,142,23,0,1,25.06864,121.5107,23
500103004,20231018,143,23,0,1,25.06864,121.5107,23
500103004,20231018,144,23,0,1,25.06864,121.5107,23
500103004,20231018,145,23,0,1,25.06864,121.5107,23
500103004,20231018,146,23,0,1,25.06864,121.5107,23
500103004,20231018,147,23,0,1,25.06864,121.5107,23
500103004,20231018,148,23,0,1,25.06864,121.5107,23
500103004,20231018,149,23,0,1,25.06864,121.5107,23
500103004,20231018,150,23,0,1,25.06864,121.5107,23
500103004,20231018,151,23,0,1,25.06864,121.5107,23
500103004,20231018,152,23,0,1,25.06864,121.5107,23
500103004,20231018,153,23,0,1,25.06864,121.5107,23
500103004,20231018,154,23,0,1,25.06864,121.5107,23
500103004,20231018,155,23,0,1,25.06864,121.5107,23
500103004,20231018,156,23,0,1,25.06864,121.5107,23
500103004,20231018,157,23,0,1,25.06864,121.5107,23
500103004,20231018,158,23,0,1,25.06864,121.5107,23
500103004,20231018,159,23,0,1,25.06864,121.5107,23
500103004,20231018,160,23,0,1,25.06864,121.5107,23
500103004,20231018,161,23,0,1,25.06864,121.5107,23
500103004,20231018,162,23,0,1,25.06864,121.5107,23
500103004,20231018,163,23,0,1,25.06864,121.5107,23
500103004,20231018,164,23,0,1,25.06864,121.5107,23
500103004,20231018,165,23,0,1,25.06864,121.5107,23
500103004,20231018,166,23,0,1,25.06864,121.5107,23
500103004,20231018,167,23,0,1,25.06864,121.5107,23
500103004,20231018,168,23,0,1,25.06864,121.5107,23
500103004,20231018,169,23,0,1,25.06864,121.5107,23
500103004,20231018,170,23,0,1,25.06864,121.5107,23
500103004,20231018,171,23,0,1,25.06864,121.5107,23
500103004,20231018,172,23,0,1,25.06864,121.5107,23
500103004,20231018,173,23,0,1,25.06864,121.5107,23
500103004,20231018,174,23,0,1,25.06864,121.5107,23
500103004,20231018,175,23,0,1,25.06864,121.5107,23
500103004,20231018,176,23,0,1,25.06864,121.5107,23
500103004,20231018,177,23,0,1,25.06864,121.5107,23
500103004,20231018,178,23,0,1,25.06864,121.5107,23
500103004,20231018,179,23,0,1,25.06864,121.5107,23
500103004,20231018,181,23,0,1,25.06864,121.5107,23
500103004,20231018,182,23,0,1,25.06864,121.5107,23
500103004,20231018,183,23,0,1,25.06864,121.5107,23
500103004,20231018,184,23,0,1,25.06864,121.5107,23
500103004,20231018,185,23,0,1,25.06864,121.5107,23
500103004,20231018,186,23,0,1,25.06864,121.5107,23
500103004,20231018,187,23,0,1,25.06864,121.5107,23
500103004,20231018,188,23,0,1,25.06864,121.5107,23
500103004,20231018,189,23,0,1,25.06864,121.5107,23
500103004,20231018,190,23,0,1,25.06864,121.5107,23
500103004,20231018,191,23,0,1,25.06864,121.5107,23
500103004,20231018,192,23,0,1,25.06864,121.5107,23
500103004,20231018,193,23,0,1,25.06864,121.5107,23
500103004,20231018,194,23,0,1,25.06864,121.5107,23
500103004,20231018,195,23,0,1,25.06864,121.5107,23
500103004,20231018,196,23,0,1,25.06864,121.5107,23
500103004,20231018,197,23,0,1,25.06864,121.5107,23
500103004,20231018,198,23,0,1,25.06864,121.5107,23
500103004,20231018,199,23,0,1,25.06864,121.5107,23
500103004,20231018,201,23,0,1,25.06864,121.5107,23
500103004,20231018,202,23,0,1,25.06864,121.5107,23
500103004,20231018,203,23,0,1,25.06864,121.5107,23
500103004,20231018,204,23,0,1,25.06864,121.5107,23
500103004,20231018,205,23,0,1,25.06864,121.5107,23
500103004,20231018,206,23,0,1,25.06864,121.5107,23
500103004,20231018,207,23,0,1,25.06864,121.5107,23
500103004,20231018,208,23,0,1,25.06864,121.5107,23
500103004,20231018,209,23,0,1,25.06864,121.5107,23
500103004,20231018,210,23,0,1,25.06864,121.5107,23
500103004,20231018,211,23,0,1,25.06864,121.5107,23
500103004,20231018,212,23,0,1,25.06864,121.5107,23
500103004,20231018,213,23,0,1,25.06864,121.5107,23
500103004,20231018,214,23,0,1,25.06864,121.5107,23
500103004,20231018,215,23,0,1,25.06864,121.5107,23
500103004,20231018,216,23,0,1,25.06864,121.5107,23
500103004,20231018,217,23,0,1,25.06864,121.5107,23
500103004,20231018,218,23,0,1,25.06864,121.5107,23
500103004,20231018,219,23,0,1,25.06864,121.5107,23
500103004,20231018,220,23,0,1,25.06864,121.5107,23
500103004,20231018,221,23,0,1,25.06864,121.5107,23
500103004,20231018,222,23,0,1,25.06864,121.5107,23
500103004,20231018,223,23,0,1,25.06864,121.5107,23
500103004,20231018,224,23,0,1,25.06864,121.5107,23
500103004,20231018,225,23,0,1,25.06864,121.5107,23
500103004,20231018,226,23,0,1,25.06864,121.5107,23
500103004,20231018,227,23,0,1,25.06864,121.5107,23
500103004,20231018,228,23,0,1,25.06864,121.5107,23
500103004,20231018,229,23,0,1,25.06864,121.5107,23
500103004,20231018,230,23,0,1,25.06864,121.5107,23
500103004,20231018,231,23,0,1,25.06864,121.5107,23
500103004,20231018,232,23,0,1,25.06864,121.5107,23
500103004,20231018,233,23,0,1,25.06864,121.5107,23
500103004,20231018,234,23,0,1,25.06864,121.5107,23
500103004,20231018,235,23,0,1,25.06864,121.5107,23
500103004,20231018,236,23,0,1,25.06864,121.5107,23
500103004,20231018,237,23,0,1,25.06864,121.5107,23
500103004,20231018,238,23,0,1,25.06864,121.5107,23
500103004,20231018,239,23,0,1,25.06864,121.5107,23
500103004,20231018,240,23,0,1,25.06864,121.5107,23
500103004,20231018,241,23,0,1,25.06864,121.5107,23
500103004,20231018,242,23,0,1,25.06864,121.5107,23
500103004,20231018,243,23,0,1,25.06864,121.5107,23
500103004,20231018,244,23,0,1,25.06864,121.5107,23
500103004,20231018,245,23,0,1,25.06864,121.5107,23
500103004,20231018,246,23,0,1,25.06864,121.5107,23
500103004,20231018,247,23,0,1,25.06864,121.5107,23
500103004,20231018,248,23,0,1,25.06864,121.5107,23
500103004,20231018,249,23,0,1,25.06864,121.5107,23
500103004,20231018,250,23,0,1,25.06864,121.5107,23
500103004,20231018,251,23,0,1,25.06864,121.5107,23
500103004,20231018,252,23,0,1,25.06864,121.5107,23
500103004,20231018,253,23,0,1,25.06864,121.5107,23
500103004,20231018,254,23,0,1,25.06864,121.5107,23
500103004,20231018,255,23,0,1,25.06864,121.5107,23
500103004,20231018,256,23,0,1,25.06864,121.5107,23
500103004,20231018,257,23,0,1,25.06864,121.5107,23
500103004,20231018,258,23,0,1,25.06864,121.5107,23
500103004,20231018,259,23,0,1,25.06864,121.5107,23
500103004,20231018,261,23,0,1,25.06864,121.5107,23
500103004,20231018,262,23,0,1,25.06864,121.5107,23
500103004,20231018,263,23,0,1,25.06864,121.5107,23
500103004,20231018,264,23,0,1,25.06864,121.5107,23
500103004,20231018,265,23,0,1,25.06864,121.5107,23
500103004,20231018,266,23,0,1,25.06864,121.5107,23
500103004,20231018,267,23,0,1,25.06864,121.5107,23
500103004,20231018,268,23,0,1,25.06864,121.5107,23
500103004,20231018,269,23,0,1,25.06864,121.5107,23
500103004,20231018,270,23,0,1,25.06864,121.5107,23
500103004,20231018,271,23,0,1,25.06864,121.5107,23
500103004,20231018,272,23,0,1,25.06864,121.5107,23
500103004,20231018,273,23,0,1,25.06864,121.5107,23
500103004,20231018,274,23,0,1,25.06864,121.5107,23
500103004,20231018,275,23,0,1,25.06864,121.5107,23
500103004,20231018,276,23,0,1,25.06864,121.5107,23
500103004,20231018,277,23,0,1,25.06864,121.5107,23
500103004,20231018,278,23,0,1,25.06864,121.5107,23
500103004,20231018,279,23,0,1,25.06864,121.5107,23
500103004,20231018,280,23,0,1,25.06864,121.5107,23
500103004,20231018,281,23,0,1,25.06864,121.5107,23
500103004,20231018,282,23,0,1,25.06864,121.5107,23
500103004,20231018,283,23,0,1,25.06864,121.5107,23
500103004,20231018,284,23,0,1,25.06864,121.5107,23
500103004,20231018,285,23,0,1,25.06864,121.5107,23
500103004,20231018,286,23,0,1,25.06864,121.5107,23
500103004,20231018,287,23,0,1,25.06864,121.5107,23
500103004,20231018,288,23,0,1,25.06864,121.5107,23
500103004,20231018,289,23,0,1,25.06864,121.5107,23
500103004,20231018,290,23,0,1,25.06864,121.5107,23
500103004,20231018,291,23,0,1,25.06864,121.5107,23
500103004,20231018,292,23,0,1,25.06864,121.5107,23
500103004,20231018,293,23,0,1,25.06864,121.5107,23
500103004,20231018,294,23,0,1,25.06864,121.5107,23
500103004,20231018,295,23,0,1,25.06864,121.5107,23
500103004,20231018,296,23,0,1,25.06864,121.5107,23
500103004,20231018,297,23,0,1,25.06864,121.5107,23
500103004,20231018,298,23,0,1,25.06864,121.5107,23
500103004,20231018,299,23,0,1,25.06864,121.5107,23
500103004,20231018,300,23,0,1,25.06864,121.5107,23
500103004,20231018,301,23,0,1,25.06864,121.5107,23
500103004,20231018,302,23,0,1,25.06864,121.5107,23
500103004,20231018,303,23,0,1,25.06864,121.5107,23
500103004,20231018,304,23,0,1,25.06864,121.5107,23
500103004,20231018,305,23,0,1,25.06864,121.5107,23
500103004,20231018,306,23,0,1,25.06864,121.5107,23
500103004,20231018,307,23,0,1,25.06864,121.5107,23
500103004,20231018,308,23,0,1,25.06864,121.5107,23
500103004,20231018,309,23,0,1,25.06864,121.5107,23
500103004,20231018,310,23,0,1,25.06864,121.5107,23
500103004,20231018,311,23,0,1,25.06864,121.5107,23
500103004,20231018,312,23,0,1,25.06864,121.5107,23
500103004,20231018,313,23,0,1,25.06864,121.5107,23
500103004,20231018,314,23,0,1,25.06864,121.5107,23
500103004,20231018,315,23,0,1,25.06864,121.5107,23
500103004,20231018,316,23,0,1,25.06864,121.5107,23
500103004,20231018,317,23,0,1,25.06864,121.5107,23
500103004,20231018,318,23,0,1,25.06864,121.5107,23
500103004,20231018,319,23,0,1,25.06864,121.5107,23
500103004,20231018,321,23,0,1,25.06864,121.5107,23
500103004,20231018,322,23,0,1,25.06864,121.5107,23
500103004,20231018,323,23,0,1,25.06864,121.5107,23
500103004,20231018,324,23,0,1,25.06864,121.5107,23
500103004,20231018,325,23,0,1,25.06864,121.5107,23
500103004,20231018,326,23,0,1,25.06864,121.5107,23
500103004,20231018,327,23,0,1,25.06864,121.5107,23
500103004,20231018,328,23,0,1,25.06864,121.5107,23
500103004,20231018,329,23,0,1,25.06864,121.5107,23
500103004,20231018,330,23,0,1,25.06864,121.5107,23
500103004,20231018,331,23,0,1,25.06864,121.5107,23
500103004,20231018,332,23,1,1,25.06864,121.5107,22
500103004,20231018,333,23,1,1,25.06864,121.5107,22
500103004,20231018,334,23,1,1,25.06864,121.5107,22
500103004,20231018,335,23,1,1,25.06864,121.5107,22
500103004,20231018,336,23,1,1,25.06864,121.5107,22
500103004,20231018,337,23,1,1,25.06864,121.5107,22
500103004,20231018,338,23,1,1,25.06864,121.5107,22
500103004,20231018,339,23,1,1,25.06864,121.5107,22
500103004,20231018,340,23,2,1,25.06864,121.5107,21
500103004,20231018,341,23,2,1,25.06864,121.5107,21
500103004,20231018,342,23,2,1,25.06864,121.5107,21
500103004,20231018,343,23,2,1,25.06864,121.5107,21
500103004,20231018,344,23,3,1,25.06864,121.5107,20
500103004,20231018,345,23,3,1,25.06864,121.5107,20
500103004,20231018,346,23,3,1,25.06864,121.5107,20
500103004,20231018,347,23,3,1,25.06864,121.5107,20
500103004,20231018,348,23,3,1,25.06864,121.5107,20
500103004,20231018,349,23,3,1,25.06864,121.5107,20
500103004,20231018,350,23,3,1,25.06864,121.5107,20
500103004,20231018,351,23,3,1,25.06864,121.5107,20
500103004,20231018,353,23,3,1,25.06864,121.5107,20
500103004,20231018,354,23,3,1,25.06864,121.5107,20
500103004,20231018,355,23,3,1,25.06864,121.5107,20
500103004,20231018,356,23,3,1,25.06864,121.5107,20
500103004,20231018,357,23,3,1,25.06864,121.5107,20
500103004,20231018,358,23,3,1,25.06864,121.5107,20
500103004,20231018,359,23,3,1,25.06864,121.5107,20
500103004,20231018,360,23,3,1,25.06864,121.5107,20
500103004,20231018,361,23,3,1,25.06864,121.5107,20
500103004,20231018,362,23,3,1,25.06864,121.5107,20
500103004,20231018,363,23,3,1,25.06864,121.5107,20
500103004,20231018,364,23,3,1,25.06864,121.5107,20
500103004,20231018,365,23,3,1,25.06864,121.5107,20
500103004,20231018,366,23,2,1,25.06864,121.5107,21
500103004,20231018,367,23,2,1,25.06864,121.5107,21
500103004,20231018,368,23,2,1,25.06864,121.5107,21
500103004,20231018,369,23,2,1,25.06864,121.5107,21
500103004,20231018,370,23,2,1,25.06864,121.5107,21
500103004,20231018,371,23,1,1,25.06864,121.5107,22
500103004,20231018,372,23,1,1,25.06864,121.5107,22
500103004,20231018,373,23,1,1,25.06864,121.5107,22
500103004,20231018,374,23,1,1,25.06864,121.5107,22
500103004,20231018,375,23,1,1,25.06864,121.5107,22
500103004,20231018,376,23,1,1,25.06864,121.5107,22
500103004,20231018,377,23,1,1,25.06864,121.5107,22
500103004,20231018,378,23,1,1,25.06864,121.5107,22
500103004,20231018,379,23,1,1,25.06864,121.5107,22
500103004,20231018,381,23,1,1,25.06864,121.5107,22
500103004,20231018,382,23,2,1,25.06864,121.5107,21
500103004,20231018,383,23,2,1,25.06864,121.5107,21
500103004,20231018,384,23,2,1,25.06864,121.5107,21
500103004,20231018,385,23,2,1,25.06864,121.5107,21
500103004,20231018,386,23,2,1,25.06864,121.5107,21
500103004,20231018,387,23,2,1,25.06864,121.5107,21
500103004,20231018,388,23,2,1,25.06864,121.5107,21
500103004,20231018,389,23,2,1,25.06864,121.5107,21
500103004,20231018,390,23,2,1,25.06864,121.5107,21
500103004,20231018,391,23,2,1,25.06864,121.5107,21
500103004,20231018,392,23,2,1,25.06864,121.5107,21
500103004,20231018,393,23,2,1,25.06864,121.5107,21
500103004,20231018,394,23,2,1,25.06864,121.5107,21
500103004,20231018,395,23,2,1,25.06864,121.5107,21
500103004,20231018,396,23,2,1,25.06864,121.5107,21
500103004,20231018,397,23,2,1,25.06864,121.5107,21
500103004,20231018,398,23,4,1,25.06864,121.5107,19
500103004,20231018,399,23,5,1,25.06864,121.5107,18
500103004,20231018,400,23,5,1,25.06864,121.5107,18
500103004,20231018,401,23,5,1,25.06864,121.5107,18
500103004,20231018,402,23,5,1,25.06864,121.5107,18
500103004,20231018,403,23,5,1,25.06864,121.5107,18
500103004,20231018,404,23,5,1,25.06864,121.5107,18
500103004,20231018,405,23,5,1,25.06864,121.5107,18
500103004,20231018,406,23,5,1,25.06864,121.5107,18
500103004,20231018,407,23,5,1,25.06864,121.5107,18
500103004,20231018,408,23,5,1,25.06864,121.5107,18
500103004,20231018,409,23,5,1,25.06864,121.5107,18
500103004,20231018,410,23,5,1,25.06864,121.5107,18
500103004,20231018,411,23,5,1,25.06864,121.5107,18
500103004,20231018,412,23,5,1,25.06864,121.5107,18
500103004,20231018,413,23,5,1,25.06864,121.5107,18
500103004,20231018,414,23,5,1,25.06864,121.5107,18
500103004,20231018,415,23,5,1,25.06864,121.5107,18
500103004,20231018,416,23,5,1,25.06864,121.5107,16
500103004,20231018,417,23,6,1,25.06864,121.5107,14
500103004,20231018,418,23,6,1,25.06864,121.5107,14
500103004,20231018,419,23,6,1,25.06864,121.5107,14
500103004,20231018,421,23,6,1,25.06864,121.5107,14
500103004,20231018,422,23,7,1,25.06864,121.5107,13
500103004,20231018,423,23,7,1,25.06864,121.5107,13
500103004,20231018,424,23,8,1,25.06864,121.5107,12
500103004,20231018,425,23,8,1,25.06864,121.5107,12
500103004,20231018,426,23,8,1,25.06864,121.5107,12
500103004,20231018,427,23,10,1,25.06864,121.5107,10
500103004,20231018,428,23,10,1,25.06864,121.5107,10
500103004,20231018,429,23,10,1,25.06864,121.5107,10
500103004,20231018,430,23,10,1,25.06864,121.5107,10
500103004,20231018,431,23,10,1,25.06864,121.5107,10
500103004,20231018,432,23,10,1,25.06864,121.5107,10
500103004,20231018,433,23,10,1,25.06864,121.5107,10
500103004,20231018,434,23,11,1,25.06864,121.5107,9
500103004,20231018,435,23,11,1,25.06864,121.5107,9
500103004,20231018,436,23,11,1,25.06864,121.5107,9
500103004,20231018,437,23,11,1,25.06864,121.5107,9
500103004,20231018,438,23,11,1,25.06864,121.5107,9
500103004,20231018,439,23,11,1,25.06864,121.5107,9
500103004,20231018,441,23,11,1,25.06864,121.5107,9
500103004,20231018,442,23,11,1,25.06864,121.5107,9
500103004,20231018,443,23,11,1,25.06864,121.5107,9
500103004,20231018,444,23,10,1,25.06864,121.5107,10
500103004,20231018,445,23,8,1,25.06864,121.5107,12
500103004,20231018,446,23,5,1,25.06864,121.5107,15
500103004,20231018,447,23,2,1,25.06864,121.5107,18
500103004,20231018,448,23,3,1,25.06864,121.5107,17
500103004,20231018,449,23,3,1,25.06864,121.5107,17
500103004,20231018,451,23,3,1,25.06864,121.5107,17
500103004,20231018,452,23,3,1,25.06864,121.5107,17
500103004,20231018,453,23,3,1,25.06864,121.5107,17
500103004,20231018,454,23,3,1,25.06864,121.5107,17
500103004,20231018,455,23,4,1,25.06864,121.5107,16
500103004,20231018,456,23,5,1,25.06864,121.5107,15
500103004,20231018,457,23,4,1,25.06864,121.5107,16
500103004,20231018,458,23,4,1,25.06864,121.5107,16
500103004,20231018,459,23,3,1,25.06864,121.5107,17
500103004,20231018,460,23,3,1,25.06864,121.5107,17
500103004,20231018,461,23,3,1,25.06864,121.5107,17
500103004,20231018,462,23,3,1,25.06864,121.5107,17
500103004,20231018,463,23,3,1,25.06864,121.5107,17
500103004,20231018,464,23,4,1,25.06864,121.5107,16
500103004,20231018,465,23,4,1,25.06864,121.5107,16
500103004,20231018,466,23,4,1,25.06864,121.5107,16
500103004,20231018,467,23,5,1,25.06864,121.5107,15
500103004,20231018,468,23,5,1,25.06864,121.5107,15
500103004,20231018,469,23,7,1,25.06864,121.5107,13
500103004,20231018,470,23,8,1,25.06864,121.5107,12
500103004,20231018,471,23,8,1,25.06864,121.5107,12
500103004,20231018,472,23,8,1,25.06864,121.5107,12
500103004,20231018,473,23,7,1,25.06864,121.5107,13
500103004,20231018,474,23,7,1,25.06864,121.5107,13
500103004,20231018,475,23,7,1,25.06864,121.5107,13
500103004,20231018,476,23,7,1,25.06864,121.5107,13
500103004,20231018,477,23,7,1,25.06864,121.5107,13
500103004,20231018,478,23,7,1,25.06864,121.5107,13
500103004,20231018,479,23,8,1,25.06864,121.5107,12
500103004,20231018,481,23,8,1,25.06864,121.5107,12
500103004,20231018,482,23,8,1,25.06864,121.5107,12
500103004,20231018,483,23,8,1,25.06864,121.5107,12
500103004,20231018,484,23,9,1,25.06864,121.5107,11
500103004,20231018,486,23,10,1,25.06864,121.5107,10
500103004,20231018,487,23,11,1,25.06864,121.5107,9
500103004,20231018,488,23,12,1,25.06864,121.5107,8
500103004,20231018,489,23,14,1,25.06864,121.5107,6
500103004,20231018,490,23,16,1,25.06864,121.5107,4
500103004,20231018,491,23,16,1,25.06864,121.5107,4
500103004,20231018,492,23,16,1,25.06864,121.5107,4
500103004,20231018,493,23,16,1,25.06864,121.5107,4
500103004,20231018,494,23,16,1,25.06864,121.5107,4
500103004,20231018,495,23,12,1,25.06864,121.5107,8
500103004,20231018,496,23,10,1,25.06864,121.5107,10
500103004,20231018,497,23,7,1,25.06864,121.5107,13
500103004,20231018,498,23,5,1,25.06864,121.5107,15
500103004,20231018,499,23,3,1,25.06864,121.5107,17
500103004,20231018,501,23,3,1,25.06864,121.5107,17
500103004,20231018,502,23,4,1,25.06864,121.5107,16
500103004,20231018,503,23,5,1,25.06864,121.5107,15
500103004,20231018,504,23,5,1,25.06864,121.5107,15
500103004,20231018,505,23,5,1,25.06864,121.5107,15
500103004,20231018,506,23,7,1,25.06864,121.5107,13
500103004,20231018,507,23,6,1,25.06864,121.5107,14
500103004,20231018,508,23,6,1,25.06864,121.5107,14
500103004,20231018,509,23,7,1,25.06864,121.5107,13
500103004,20231018,511,23,8,1,25.06864,121.5107,12
500103004,20231018,512,23,8,1,25.06864,121.5107,12
500103004,20231018,513,23,8,1,25.06864,121.5107,12
500103004,20231018,514,23,9,1,25.06864,121.5107,11
500103004,20231018,515,23,9,1,25.06864,121.5107,11
500103004,20231018,516,23,9,1,25.06864,121.5107,11
500103004,20231018,517,23,9,1,25.06864,121.5107,11
500103004,20231018,518,23,9,1,25.06864,121.5107,11
500103004,20231018,519,23,10,1,25.06864,121.5107,10
500103004,20231018,520,23,9,1,25.06864,121.5107,11
500103004,20231018,521,23,9,1,25.06864,121.5107,11
500103004,20231018,522,23,9,1,25.06864,121.5107,11
500103004,20231018,523,23,10,1,25.06864,121.5107,10
500103004,20231018,524,23,10,1,25.06864,121.5107,10
500103004,20231018,525,23,10,1,25.06864,121.5107,10
500103004,20231018,526,23,10,1,25.06864,121.5107,10
500103004,20231018,527,23,11,1,25.06864,121.5107,9
500103004,20231018,528,23,11,1,25.06864,121.5107,9
500103004,20231018,529,23,10,1,25.06864,121.5107,10
500103004,20231018,530,23,11,1,25.06864,121.5107,9
500103004,20231018,531,23,11,1,25.06864,121.5107,9
500103004,20231018,532,23,11,1,25.06864,121.5107,9
500103004,20231018,533,23,11,1,25.06864,121.5107,9
500103004,20231018,534,23,10,1,25.06864,121.5107,10
500103004,20231018,535,23,10,1,25.06864,121.5107,10
500103004,20231018,536,23,11,1,25.06864,121.5107,9
500103004,20231018,537,23,12,1,25.06864,121.5107,8
500103004,20231018,538,23,12,1,25.06864,121.5107,8
500103004,20231018,539,23,12,1,25.06864,121.5107,9
500103004,20231018,541,23,13,1,25.06864,121.5107,10
500103004,20231018,542,23,13,1,25.06864,121.5107,10
500103004,20231018,543,23,13,1,25.06864,121.5107,10
500103004,20231018,544,23,13,1,25.06864,121.5107,10
500103004,20231018,545,23,13,1,25.06864,121.5107,10
500103004,20231018,546,23,14,1,25.06864,121.5107,9
500103004,20231018,547,23,15,1,25.06864,121.5107,8
500103004,20231018,548,23,15,1,25.06864,121.5107,8
500103004,20231018,549,23,16,1,25.06864,121.5107,7
500103004,20231018,550,23,16,1,25.06864,121.5107,7
500103004,20231018,551,23,16,1,25.06864,121.5107,7
500103004,20231018,552,23,16,1,25.06864,121.5107,7
500103004,20231018,553,23,16,1,25.06864,121.5107,7
500103004,20231018,554,23,18,1,25.06864,121.5107,5
500103004,20231018,555,23,18,1,25.06864,121.5107,5
500103004,20231018,556,23,18,1,25.06864,121.5107,5
500103004,20231018,557,23,18,1,25.06864,121.5107,5
500103004,20231018,558,23,18,1,25.06864,121.5107,5
500103004,20231018,559,23,18,1,25.06864,121.5107,5
500103004,20231018,561,23,18,1,25.06864,121.5107,5
500103004,20231018,562,23,18,1,25.06864,121.5107,5
500103004,20231018,563,23,18,1,25.06864,121.5107,5
500103004,20231018,564,23,18,1,25.06864,121.5107,5
500103004,20231018,565,23,18,1,25.06864,121.5107,5
500103004,20231018,566,23,18,1,25.06864,121.5107,5
500103004,20231018,567,23,18,1,25.06864,121.5107,5
500103004,20231018,568,23,19,1,25.06864,121.5107,4
500103004,20231018,569,23,19,1,25.06864,121.5107,4
500103004,20231018,571,23,19,1,25.06864,121.5107,4
500103004,20231018,572,23,19,1,25.06864,121.5107,4
500103004,20231018,573,23,19,1,25.06864,121.5107,4
500103004,20231018,574,23,20,1,25.06864,121.5107,3
500103004,20231018,575,23,20,1,25.06864,121.5107,3
500103004,20231018,576,23,20,1,25.06864,121.5107,3
500103004,20231018,577,23,21,1,25.06864,121.5107,2
500103004,20231018,578,23,22,1,25.06864,121.5107,1
500103004,20231018,579,23,23,1,25.06864,121.5107,0
500103004,20231018,580,23,23,1,25.06864,121.5107,0
500103004,20231018,581,23,23,1,25.06864,121.5107,0
500103004,20231018,582,23,23,1,25.06864,121.5107,0
500103004,20231018,583,23,23,1,25.06864,121.5107,0
500103004,20231018,584,23,23,1,25.06864,121.5107,0
500103004,20231018,585,23,23,1,25.06864,121.5107,0
500103004,20231018,586,23,23,1,25.06864,121.5107,0
500103004,20231018,587,23,23,1,25.06864,121.5107,0
500103004,20231018,588,23,23,1,25.06864,121.5107,0
500103004,20231018,589,23,23,1,25.06864,121.5107,0
500103004,20231018,590,23,23,1,25.06864,121.5107,0
500103004,20231018,591,23,23,1,25.06864,121.5107,0
500103004,20231018,592,23,23,1,25.06864,121.5107,0
500103004,20231018,593,23,22,1,25.06864,121.5107,1
500103004,20231018,594,23,22,1,25.06864,121.5107,1
500103004,20231018,595,23,22,1,25.06864,121.5107,1
500103004,20231018,596,23,22,1,25.06864,121.5107,1
500103004,20231018,597,23,22,1,25.06864,121.5107,1
500103004,20231018,598,23,23,1,25.06864,121.5107,0
500103004,20231018,599,23,23,1,25.06864,121.5107,0
500103004,20231018,601,23,23,1,25.06864,121.5107,0
500103004,20231018,602,23,23,1,25.06864,121.5107,0
500103004,20231018,603,23,23,1,25.06864,121.5107,0
500103004,20231018,604,23,23,1,25.06864,121.5107,0
500103004,20231018,605,23,23,1,25.06864,121.5107,0
500103004,20231018,606,23,23,1,25.06864,121.5107,0
500103004,20231018,607,23,23,1,25.06864,121.5107,0
500103004,20231018,608,23,23,1,25.06864,121.5107,0
500103004,20231018,609,23,23,1,25.06864,121.5107,0
500103004,20231018,610,23,23,1,25.06864,121.5107,0
500103004,20231018,611,23,23,1,25.06864,121.5107,0
500103004,20231018,612,23,23,1,25.06864,121.5107,0
500103004,20231018,613,23,23,1,25.06864,121.5107,0
500103004,20231018,614,23,23,1,25.06864,121.5107,0
500103004,20231018,615,23,23,1,25.06864,121.5107,0
500103004,20231018,616,23,23,1,25.06864,121.5107,0
500103004,20231018,617,23,23,1,25.06864,121.5107,0
500103004,20231018,618,23,23,1,25.06864,121.5107,0
500103004,20231018,619,23,23,1,25.06864,121.5107,0
500103004,20231018,621,23,23,1,25.06864,121.5107,0
500103004,20231018,622,23,23,1,25.06864,121.5107,0
500103004,20231018,623,23,23,1,25.06864,121.5107,0
500103004,20231018,624,23,23,1,25.06864,121.5107,0
500103004,20231018,625,23,23,1,25.06864,121.5107,0
500103004,20231018,626,23,23,1,25.06864,121.5107,0
500103004,20231018,627,23,23,1,25.06864,121.5107,0
500103004,20231018,628,23,23,1,25.06864,121.5107,0
500103004,20231018,629,23,23,1,25.06864,121.5107,0
500103004,20231018,631,23,23,1,25.06864,121.5107,0
500103004,20231018,632,23,23,1,25.06864,121.5107,0
500103004,20231018,633,23,23,1,25.06864,121.5107,0
500103004,20231018,634,23,23,1,25.06864,121.5107,0
500103004,20231018,635,23,23,1,25.06864,121.5107,0
500103004,20231018,636,23,23,1,25.06864,121.5107,0
500103004,20231018,637,23,23,1,25.06864,121.5107,0
500103004,20231018,638,23,23,1,25.06864,121.5107,0
500103004,20231018,639,23,23,1,25.06864,121.5107,0
500103004,20231018,640,23,23,1,25.06864,121.5107,0
500103004,20231018,641,23,23,1,25.06864,121.5107,0
500103004,20231018,642,23,23,1,25.06864,121.5107,0
500103004,20231018,643,23,23,1,25.06864,121.5107,0
500103004,20231018,644,23,23,1,25.06864,121.5107,0
500103004,20231018,646,23,23,1,25.06864,121.5107,0
500103004,20231018,647,23,23,1,25.06864,121.5107,0
500103004,20231018,649,23,23,1,25.06864,121.5107,0
500103004,20231018,650,23,23,1,25.06864,121.5107,0
500103004,20231018,651,23,23,1,25.06864,121.5107,0
500103004,20231018,652,23,23,1,25.06864,121.5107,0
500103004,20231018,653,23,23,1,25.06864,121.5107,0
500103004,20231018,654,23,23,1,25.06864,121.5107,0
500103004,20231018,655,23,23,1,25.06864,121.5107,0
500103004,20231018,656,23,23,1,25.06864,121.5107,0
500103004,20231018,657,23,23,1,25.06864,121.5107,0
500103004,20231018,658,23,23,1,25.06864,121.5107,0
500103004,20231018,659,23,23,1,25.06864,121.5107,0
500103004,20231018,661,23,23,1,25.06864,121.5107,0
500103004,20231018,662,23,23,1,25.06864,121.5107,0
500103004,20231018,663,23,23,1,25.06864,121.5107,0
500103004,20231018,664,23,23,1,25.06864,121.5107,0
500103004,20231018,665,23,23,1,25.06864,121.5107,0
500103004,20231018,666,23,23,1,25.06864,121.5107,0
500103004,20231018,667,23,23,1,25.06864,121.5107,0
500103004,20231018,668,23,23,1,25.06864,121.5107,0
500103004,20231018,669,23,23,1,25.06864,121.5107,0
500103004,20231018,670,23,23,1,25.06864,121.5107,0
500103004,20231018,671,23,23,1,25.06864,121.5107,0
500103004,20231018,672,23,23,1,25.06864,121.5107,0
500103004,20231018,673,23,23,1,25.06864,121.5107,0
500103004,20231018,674,23,23,1,25.06864,121.5107,0
500103004,20231018,675,23,23,1,25.06864,121.5107,0
500103004,20231018,676,23,23,1,25.06864,121.5107,0
500103004,20231018,677,23,22,1,25.06864,121.5107,1
500103004,20231018,678,23,22,1,25.06864,121.5107,1
500103004,20231018,679,23,22,1,25.06864,121.5107,1
500103004,20231018,681,23,22,1,25.06864,121.5107,1
500103004,20231018,682,23,22,1,25.06864,121.5107,1
500103004,20231018,683,23,22,1,25.06864,121.5107,1
500103004,20231018,684,23,22,1,25.06864,121.5107,1
500103004,20231018,685,23,22,1,25.06864,121.5107,1
500103004,20231018,686,23,22,1,25.06864,121.5107,1
500103004,20231018,687,23,22,1,25.06864,121.5107,1
500103004,20231018,688,23,22,1,25.06864,121.5107,1
500103004,20231018,689,23,22,1,25.06864,121.5107,1
500103004,20231018,691,23,22,1,25.06864,121.5107,1
500103004,20231018,692,23,22,1,25.06864,121.5107,1
500103004,20231018,693,23,22,1,25.06864,121.5107,1
500103004,20231018,694,23,22,1,25.06864,121.5107,1
500103004,20231018,695,23,22,1,25.06864,121.5107,1
500103004,20231018,696,23,22,1,25.06864,121.5107,1
500103004,20231018,697,23,22,1,25.06864,121.5107,1
500103004,20231018,698,23,22,1,25.06864,121.5107,1
500103004,20231018,699,23,22,1,25.06864,121.5107,1
500103004,20231018,700,23,22,1,25.06864,121.5107,1
500103004,20231018,701,23,22,1,25.06864,121.5107,1
500103004,20231018,702,23,22,1,25.06864,121.5107,1
500103004,20231018,703,23,22,1,25.06864,121.5107,1
500103004,20231018,704,23,22,1,25.06864,121.5107,1
500103004,20231018,705,23,22,1,25.06864,121.5107,1
500103004,20231018,706,23,22,1,25.06864,121.5107,1
500103004,20231018,707,23,22,1,25.06864,121.5107,1
500103004,20231018,708,23,21,1,25.06864,121.5107,2
500103004,20231018,709,23,22,1,25.06864,121.5107,1
500103004,20231018,710,23,21,1,25.06864,121.5107,2
500103004,20231018,711,23,21,1,25.06864,121.5107,2
500103004,20231018,712,23,21,1,25.06864,121.5107,2
500103004,20231018,713,23,21,1,25.06864,121.5107,2
500103004,20231018,714,23,21,1,25.06864,121.5107,2
500103004,20231018,715,23,21,1,25.06864,121.5107,2
500103004,20231018,716,23,20,1,25.06864,121.5107,3
500103004,20231018,717,23,21,1,25.06864,121.5107,2
500103004,20231018,718,23,21,1,25.06864,121.5107,2
500103004,20231018,719,23,21,1,25.06864,121.5107,2
500103004,20231018,721,23,21,1,25.06864,121.5107,2
500103004,20231018,722,23,21,1,25.06864,121.5107,2
500103004,20231018,723,23,21,1,25.06864,121.5107,2
500103004,20231018,724,23,21,1,25.06864,121.5107,2
500103004,20231018,725,23,21,1,25.06864,121.5107,2
500103004,20231018,726,23,21,1,25.06864,121.5107,2
500103004,20231018,728,23,22,1,25.06864,121.5107,1
500103004,20231018,729,23,22,1,25.06864,121.5107,1
500103004,20231018,730,23,22,1,25.06864,121.5107,1
500103004,20231018,731,23,22,1,25.06864,121.5107,1
500103004,20231018,732,23,22,1,25.06864,121.5107,1
500103004,20231018,733,23,22,1,25.06864,121.5107,1
500103004,20231018,734,23,22,1,25.06864,121.5107,1
500103004,20231018,735,23,22,1,25.06864,121.5107,1
500103004,20231018,736,23,22,1,25.06864,121.5107,1
500103004,20231018,737,23,22,1,25.06864,121.5107,1
500103004,20231018,738,23,22,1,25.06864,121.5107,1
500103004,20231018,739,23,22,1,25.06864,121.5107,1
500103004,20231018,741,23,22,1,25.06864,121.5107,1
500103004,20231018,742,23,22,1,25.06864,121.5107,1
500103004,20231018,743,23,22,1,25.06864,121.5107,1
500103004,20231018,744,23,22,1,25.06864,121.5107,1
500103004,20231018,745,23,23,1,25.06864,121.5107,0
500103004,20231018,746,23,23,1,25.06864,121.5107,0
500103004,20231018,747,23,23,1,25.06864,121.5107,0
500103004,20231018,748,23,23,1,25.06864,121.5107,0
500103004,20231018,749,23,23,1,25.06864,121.5107,0
500103004,20231018,751,23,23,1,25.06864,121.5107,0
500103004,20231018,752,23,23,1,25.06864,121.5107,0
500103004,20231018,753,23,23,1,25.06864,121.5107,0
500103004,20231018,754,23,23,1,25.06864,121.5107,0
500103004,20231018,755,23,23,1,25.06864,121.5107,0
500103004,20231018,756,23,23,1,25.06864,121.5107,0
500103004,20231018,757,23,23,1,25.06864,121.5107,0
500103004,20231018,758,23,23,1,25.06864,121.5107,0
500103004,20231018,759,23,23,1,25.06864,121.5107,0
500103004,20231018,760,23,23,1,25.06864,121.5107,0
500103004,20231018,761,23,23,1,25.06864,121.5107,0
500103004,20231018,762,23,23,1,25.06864,121.5107,0
500103004,20231018,763,23,23,1,25.06864,121.5107,0
500103004,20231018,764,23,23,1,25.06864,121.5107,0
500103004,20231018,765,23,22,1,25.06864,121.5107,1
500103004,20231018,766,23,22,1,25.06864,121.5107,1
500103004,20231018,767,23,22,1,25.06864,121.5107,1
500103004,20231018,768,23,22,1,25.06864,121.5107,1
500103004,20231018,769,23,22,1,25.06864,121.5107,1
500103004,20231018,770,23,22,1,25.06864,121.5107,1
500103004,20231018,771,23,21,1,25.06864,121.5107,2
500103004,20231018,772,23,21,1,25.06864,121.5107,2
500103004,20231018,773,23,21,1,25.06864,121.5107,2
500103004,20231018,774,23,21,1,25.06864,121.5107,2
500103004,20231018,775,23,21,1,25.06864,121.5107,2
500103004,20231018,776,23,21,1,25.06864,121.5107,2
500103004,20231018,777,23,21,1,25.06864,121.5107,2
500103004,20231018,778,23,21,1,25.06864,121.5107,2
500103004,20231018,779,23,21,1,25.06864,121.5107,2
500103004,20231018,781,23,21,1,25.06864,121.5107,2
500103004,20231018,782,23,21,1,25.06864,121.5107,2
500103004,20231018,783,23,21,1,25.06864,121.5107,2
500103004,20231018,784,23,21,1,25.06864,121.5107,2
500103004,20231018,785,23,21,1,25.06864,121.5107,2
500103004,20231018,786,23,21,1,25.06864,121.5107,2
500103004,20231018,787,23,21,1,25.06864,121.5107,2
500103004,20231018,788,23,22,1,25.06864,121.5107,1
500103004,20231018,789,23,22,1,25.06864,121.5107,1
500103004,20231018,790,23,22,1,25.06864,121.5107,1
500103004,20231018,791,23,22,1,25.06864,121.5107,1
500103004,20231018,792,23,22,1,25.06864,121.5107,1
500103004,20231018,793,23,22,1,25.06864,121.5107,1
500103004,20231018,794,23,22,1,25.06864,121.5107,1
500103004,20231018,795,23,22,1,25.06864,121.5107,1
500103004,20231018,796,23,22,1,25.06864,121.5107,1
500103004,20231018,797,23,22,1,25.06864,121.5107,1
500103004,20231018,798,23,22,1,25.06864,121.5107,1
500103004,20231018,799,23,22,1,25.06864,121.5107,1
500103004,20231018,801,23,22,1,25.06864,121.5107,1
500103004,20231018,802,23,22,1,25.06864,121.5107,1
500103004,20231018,803,23,22,1,25.06864,121.5107,1
500103004,20231018,804,23,22,1,25.06864,121.5107,1
500103004,20231018,805,23,21,1,25.06864,121.5107,2
500103004,20231018,806,23,20,1,25.06864,121.5107,3
500103004,20231018,807,23,20,1,25.06864,121.5107,3
500103004,20231018,808,23,20,1,25.06864,121.5107,3
500103004,20231018,809,23,20,1,25.06864,121.5107,3
500103004,20231018,811,23,20,1,25.06864,121.5107,3
500103004,20231018,812,23,20,1,25.06864,121.5107,3
500103004,20231018,813,23,21,1,25.06864,121.5107,2
500103004,20231018,814,23,20,1,25.06864,121.5107,3
500103004,20231018,815,23,20,1,25.06864,121.5107,3
500103004,20231018,816,23,20,1,25.06864,121.5107,3
500103004,20231018,817,23,20,1,25.06864,121.5107,3
500103004,20231018,818,23,20,1,25.06864,121.5107,3
500103004,20231018,819,23,20,1,25.06864,121.5107,3
500103004,20231018,820,23,20,1,25.06864,121.5107,3
500103004,20231018,821,23,20,1,25.06864,121.5107,3
500103004,20231018,822,23,20,1,25.06864,121.5107,3
500103004,20231018,823,23,20,1,25.06864,121.5107,3
500103004,20231018,824,23,20,1,25.06864,121.5107,3
500103004,20231018,825,23,20,1,25.06864,121.5107,3
500103004,20231018,826,23,21,1,25.06864,121.5107,2
500103004,20231018,827,23,21,1,25.06864,121.5107,2
500103004,20231018,828,23,21,1,25.06864,121.5107,2
500103004,20231018,829,23,21,1,25.06864,121.5107,2
500103004,20231018,830,23,21,1,25.06864,121.5107,2
500103004,20231018,831,23,21,1,25.06864,121.5107,2
500103004,20231018,832,23,21,1,25.06864,121.5107,2
500103004,20231018,833,23,21,1,25.06864,121.5107,2
500103004,20231018,834,23,22,1,25.06864,121.5107,1
500103004,20231018,835,23,22,1,25.06864,121.5107,1
500103004,20231018,836,23,22,1,25.06864,121.5107,1
500103004,20231018,837,23,22,1,25.06864,121.5107,1
500103004,20231018,838,23,23,1,25.06864,121.5107,0
500103004,20231018,839,23,23,1,25.06864,121.5107,0
500103004,20231018,841,23,23,1,25.06864,121.5107,0
500103004,20231018,842,23,23,1,25.06864,121.5107,0
500103004,20231018,843,23,23,1,25.06864,121.5107,0
500103004,20231018,844,23,22,1,25.06864,121.5107,1
500103004,20231018,845,23,22,1,25.06864,121.5107,1
500103004,20231018,846,23,22,1,25.06864,121.5107,1
500103004,20231018,847,23,22,1,25.06864,121.5107,1
500103004,20231018,848,23,22,1,25.06864,121.5107,1
500103004,20231018,849,23,22,1,25.06864,121.5107,1
500103004,20231018,850,23,22,1,25.06864,121.5107,1
500103004,20231018,851,23,22,1,25.06864,121.5107,1
500103004,20231018,852,23,22,1,25.06864,121.5107,1
500103004,20231018,853,23,22,1,25.06864,121.5107,1
500103004,20231018,854,23,22,1,25.06864,121.5107,1
500103004,20231018,855,23,22,1,25.06864,121.5107,1
500103004,20231018,856,23,22,1,25.06864,121.5107,1
500103004,20231018,857,23,22,1,25.06864,121.5107,1
500103004,20231018,858,23,22,1,25.06864,121.5107,1
500103004,20231018,859,23,22,1,25.06864,121.5107,1
500103004,20231018,861,23,22,1,25.06864,121.5107,1
500103004,20231018,862,23,22,1,25.06864,121.5107,1
500103004,20231018,863,23,22,1,25.06864,121.5107,1
500103004,20231018,864,23,22,1,25.06864,121.5107,1
500103004,20231018,865,23,22,1,25.06864,121.5107,1
500103004,20231018,866,23,22,1,25.06864,121.5107,1
500103004,20231018,867,23,22,1,25.06864,121.5107,1
500103004,20231018,868,23,22,1,25.06864,121.5107,1
500103004,20231018,869,23,22,1,25.06864,121.5107,1
500103004,20231018,870,23,22,1,25.06864,121.5107,1
500103004,20231018,871,23,22,1,25.06864,121.5107,1
500103004,20231018,872,23,22,1,25.06864,121.5107,1
500103004,20231018,873,23,22,1,25.06864,121.5107,1
500103004,20231018,874,23,22,1,25.06864,121.5107,1
500103004,20231018,875,23,22,1,25.06864,121.5107,1
500103004,20231018,876,23,22,1,25.06864,121.5107,1
500103004,20231018,877,23,22,1,25.06864,121.5107,1
500103004,20231018,878,23,22,1,25.06864,121.5107,1
500103004,20231018,879,23,23,1,25.06864,121.5107,0
500103004,20231018,880,23,23,1,25.06864,121.5107,0
500103004,20231018,881,23,23,1,25.06864,121.5107,0
500103004,20231018,882,23,22,1,25.06864,121.5107,1
500103004,20231018,883,23,22,1,25.06864,121.5107,1
500103004,20231018,884,23,22,1,25.06864,121.5107,1
500103004,20231018,885,23,22,1,25.06864,121.5107,1
500103004,20231018,886,23,22,1,25.06864,121.5107,1
500103004,20231018,887,23,22,1,25.06864,121.5107,1
500103004,20231018,888,23,20,1,25.06864,121.5107,3
500103004,20231018,889,23,20,1,25.06864,121.5107,3
500103004,20231018,890,23,21,1,25.06864,121.5107,2
500103004,20231018,891,23,21,1,25.06864,121.5107,2
500103004,20231018,892,23,21,1,25.06864,121.5107,2
500103004,20231018,893,23,21,1,25.06864,121.5107,2
500103004,20231018,894,23,21,1,25.06864,121.5107,2
500103004,20231018,895,23,21,1,25.06864,121.5107,2
500103004,20231018,896,23,21,1,25.06864,121.5107,2
500103004,20231018,897,23,21,1,25.06864,121.5107,2
500103004,20231018,898,23,21,1,25.06864,121.5107,2
500103004,20231018,899,23,21,1,25.06864,121.5107,2
500103004,20231018,901,23,21,1,25.06864,121.5107,2
500103004,20231018,902,23,21,1,25.06864,121.5107,2
500103004,20231018,903,23,21,1,25.06864,121.5107,2
500103004,20231018,904,23,21,1,25.06864,121.5107,2
500103004,20231018,905,23,20,1,25.06864,121.5107,3
500103004,20231018,906,23,20,1,25.06864,121.5107,3
500103004,20231018,907,23,20,1,25.06864,121.5107,3
500103004,20231018,908,23,19,1,25.06864,121.5107,4
500103004,20231018,909,23,19,1,25.06864,121.5107,4
500103004,20231018,910,23,19,1,25.06864,121.5107,4
500103004,20231018,911,23,20,1,25.06864,121.5107,3
500103004,20231018,912,23,20,1,25.06864,121.5107,3
500103004,20231018,913,23,21,1,25.06864,121.5107,2
500103004,20231018,914,23,21,1,25.06864,121.5107,2
500103004,20231018,915,23,19,1,25.06864,121.5107,4
500103004,20231018,916,23,19,1,25.06864,121.5107,4
500103004,20231018,917,23,19,1,25.06864,121.5107,4
500103004,20231018,918,23,19,1,25.06864,121.5107,4
500103004,20231018,919,23,19,1,25.06864,121.5107,4
500103004,20231018,921,23,19,1,25.06864,121.5107,4
500103004,20231018,922,23,19,1,25.06864,121.5107,4
500103004,20231018,923,23,19,1,25.06864,121.5107,4
500103004,20231018,924,23,18,1,25.06864,121.5107,5
500103004,20231018,925,23,18,1,25.06864,121.5107,5
500103004,20231018,926,23,18,1,25.06864,121.5107,5
500103004,20231018,927,23,18,1,25.06864,121.5107,5
500103004,20231018,928,23,18,1,25.06864,121.5107,5
500103004,20231018,929,23,20,1,25.06864,121.5107,3
500103004,20231018,931,23,21,1,25.06864,121.5107,2
500103004,20231018,932,23,21,1,25.06864,121.5107,2
500103004,20231018,933,23,22,1,25.06864,121.5107,1
500103004,20231018,934,23,22,1,25.06864,121.5107,1
500103004,20231018,935,23,23,1,25.06864,121.5107,0
500103004,20231018,936,23,23,1,25.06864,121.5107,0
500103004,20231018,937,23,22,1,25.06864,121.5107,1
500103004,20231018,938,23,22,1,25.06864,121.5107,1
500103004,20231018,939,23,23,1,25.06864,121.5107,0
500103004,20231018,940,23,23,1,25.06864,121.5107,0
500103004,20231018,941,23,23,1,25.06864,121.5107,0
500103004,20231018,942,23,23,1,25.06864,121.5107,0
500103004,20231018,943,23,23,1,25.06864,121.5107,0
500103004,20231018,944,23,23,1,25.06864,121.5107,0
500103004,20231018,946,23,23,1,25.06864,121.5107,0
500103004,20231018,948,23,23,1,25.06864,121.5107,0
500103004,20231018,949,23,23,1,25.06864,121.5107,0
500103004,20231018,950,23,23,1,25.06864,121.5107,0
500103004,20231018,952,23,23,1,25.06864,121.5107,0
500103004,20231018,953,23,23,1,25.06864,121.5107,0
500103004,20231018,954,23,23,1,25.06864,121.5107,0
500103004,20231018,955,23,23,1,25.06864,121.5107,0
500103004,20231018,956,23,23,1,25.06864,121.5107,0
500103004,20231018,957,23,23,1,25.06864,121.5107,0
500103004,20231018,958,23,23,1,25.06864,121.5107,0
500103004,20231018,959,23,23,1,25.06864,121.5107,0
500103004,20231018,961,23,22,1,25.06864,121.5107,1
500103004,20231018,962,23,22,1,25.06864,121.5107,1
500103004,20231018,963,23,22,1,25.06864,121.5107,1
500103004,20231018,964,23,22,1,25.06864,121.5107,1
500103004,20231018,965,23,22,1,25.06864,121.5107,1
500103004,20231018,966,23,22,1,25.06864,121.5107,1
500103004,20231018,967,23,22,1,25.06864,121.5107,1
500103004,20231018,968,23,22,1,25.06864,121.5107,1
500103004,20231018,969,23,21,1,25.06864,121.5107,2
500103004,20231018,971,23,21,1,25.06864,121.5107,2
500103004,20231018,972,23,21,1,25.06864,121.5107,2
500103004,20231018,973,23,21,1,25.06864,121.5107,2
500103004,20231018,974,23,21,1,25.06864,121.5107,2
500103004,20231018,975,23,21,1,25.06864,121.5107,2
500103004,20231018,976,23,21,1,25.06864,121.5107,2
500103004,20231018,977,23,22,1,25.06864,121.5107,1
500103004,20231018,978,23,22,1,25.06864,121.5107,1
500103004,20231018,979,23,22,1,25.06864,121.5107,1
500103004,20231018,981,23,22,1,25.06864,121.5107,1
500103004,20231018,982,23,23,1,25.06864,121.5107,0
500103004,20231018,983,23,23,1,25.06864,121.5107,0
500103004,20231018,984,23,23,1,25.06864,121.5107,0
500103004,20231018,985,23,23,1,25.06864,121.5107,0
500103004,20231018,986,23,23,1,25.06864,121.5107,0
500103004,20231018,987,23,23,1,25.06864,121.5107,0
500103004,20231018,988,23,23,1,25.06864,121.5107,0
500103004,20231018,989,23,23,1,25.06864,121.5107,0
500103004,20231018,991,23,23,1,25.06864,121.5107,0
500103004,20231018,992,23,22,1,25.06864,121.5107,1
500103004,20231018,993,23,22,1,25.06864,121.5107,1
500103004,20231018,994,23,23,1,25.06864,121.5107,0
500103004,20231018,995,23,23,1,25.06864,121.5107,0
500103004,20231018,996,23,22,1,25.06864,121.5107,1
500103004,20231018,997,23,21,1,25.06864,121.5107,2
500103004,20231018,998,23,21,1,25.06864,121.5107,2
500103004,20231018,999,23,22,1,25.06864,121.5107,1
500103004,20231018,1001,23,23,1,25.06864,121.5107,0
500103004,20231018,1002,23,22,1,25.06864,121.5107,1
500103004,20231018,1003,23,22,1,25.06864,121.5107,1
500103004,20231018,1004,23,21,1,25.06864,121.5107,2
500103004,20231018,1005,23,20,1,25.06864,121.5107,3
500103004,20231018,1006,23,19,1,25.06864,121.5107,4
500103004,20231018,1007,23,19,1,25.06864,121.5107,4
500103004,20231018,1008,23,18,1,25.06864,121.5107,5
500103004,20231018,1009,23,18,1,25.06864,121.5107,5
500103004,20231018,1011,23,17,1,25.06864,121.5107,6
500103004,20231018,1012,23,18,1,25.06864,121.5107,5
500103004,20231018,1013,23,18,1,25.06864,121.5107,5
500103004,20231018,1014,23,18,1,25.06864,121.5107,5
500103004,20231018,1015,23,18,1,25.06864,121.5107,5
500103004,20231018,1016,23,18,1,25.06864,121.5107,5
500103004,20231018,1017,23,18,1,25.06864,121.5107,5
500103004,20231018,1018,23,18,1,25.06864,121.5107,5
500103004,20231018,1019,23,17,1,25.06864,121.5107,6
500103004,20231018,1021,23,16,1,25.06864,121.5107,7
500103004,20231018,1022,23,16,1,25.06864,121.5107,7
500103004,20231018,1023,23,16,1,25.06864,121.5107,7
500103004,20231018,1024,23,16,1,25.06864,121.5107,7
500103004,20231018,1025,23,16,1,25.06864,121.5107,7
500103004,20231018,1026,23,17,1,25.06864,121.5107,6
500103004,20231018,1027,23,17,1,25.06864,121.5107,6
500103004,20231018,1028,23,17,1,25.06864,121.5107,6
500103004,20231018,1029,23,17,1,25.06864,121.5107,6
500103004,20231018,1031,23,16,1,25.06864,121.5107,7
500103004,20231018,1032,23,14,1,25.06864,121.5107,9
500103004,20231018,1033,23,13,1,25.06864,121.5107,10
500103004,20231018,1034,23,13,1,25.06864,121.5107,10
500103004,20231018,1035,23,13,1,25.06864,121.5107,10
500103004,20231018,1036,23,13,1,25.06864,121.5107,10
500103004,20231018,1037,23,13,1,25.06864,121.5107,10
500103004,20231018,1038,23,13,1,25.06864,121.5107,10
500103004,20231018,1039,23,13,1,25.06864,121.5107,10
500103004,20231018,1041,23,13,1,25.06864,121.5107,10
500103004,20231018,1042,23,13,1,25.06864,121.5107,10
500103004,20231018,1043,23,12,1,25.06864,121.5107,11
500103004,20231018,1044,23,12,1,25.06864,121.5107,11
500103004,20231018,1045,23,12,1,25.06864,121.5107,11
500103004,20231018,1046,23,12,1,25.06864,121.5107,11
500103004,20231018,1047,23,12,1,25.06864,121.5107,11
500103004,20231018,1048,23,12,1,25.06864,121.5107,11
500103004,20231018,1049,23,12,1,25.06864,121.5107,11
500103004,20231018,1051,23,12,1,25.06864,121.5107,11
500103004,20231018,1052,23,9,1,25.06864,121.5107,14
500103004,20231018,1053,23,9,1,25.06864,121.5107,14
500103004,20231018,1054,23,9,1,25.06864,121.5107,14
500103004,20231018,1055,23,9,1,25.06864,121.5107,14
500103004,20231018,1056,23,9,1,25.06864,121.5107,14
500103004,20231018,1057,23,8,1,25.06864,121.5107,15
500103004,20231018,1058,23,9,1,25.06864,121.5107,14
500103004,20231018,1059,23,6,1,25.06864,121.5107,17
500103004,20231018,1061,23,7,1,25.06864,121.5107,16
500103004,20231018,1062,23,7,1,25.06864,121.5107,16
500103004,20231018,1063,23,6,1,25.06864,121.5107,17
500103004,20231018,1064,23,6,1,25.06864,121.5107,17
500103004,20231018,1065,23,6,1,25.06864,121.5107,17
500103004,20231018,1066,23,5,1,25.06864,121.5107,18
500103004,20231018,1067,23,5,1,25.06864,121.5107,18
500103004,20231018,1068,23,5,1,25.06864,121.5107,18
500103004,20231018,1069,23,5,1,25.06864,121.5107,18
500103004,20231018,1070,23,5,1,25.06864,121.5107,18
500103004,20231018,1071,23,5,1,25.06864,121.5107,18
500103004,20231018,1072,23,5,1,25.06864,121.5107,18
500103004,20231018,1073,23,5,1,25.06864,121.5107,18
500103004,20231018,1074,23,6,1,25.06864,121.5107,17
500103004,20231018,1075,23,6,1,25.06864,121.5107,17
500103004,20231018,1076,23,6,1,25.06864,121.5107,17
500103004,20231018,1077,23,6,1,25.06864,121.5107,17
500103004,20231018,1078,23,9,1,25.06864,121.5107,14
500103004,20231018,1079,23,8,1,25.06864,121.5107,15
500103004,20231018,1081,23,12,1,25.06864,121.5107,11
500103004,20231018,1082,23,11,1,25.06864,121.5107,12
500103004,20231018,1083,23,13,1,25.06864,121.5107,10
500103004,20231018,1084,23,17,1,25.06864,121.5107,6
500103004,20231018,1085,23,17,1,25.06864,121.5107,6
500103004,20231018,1086,23,20,1,25.06864,121.5107,3
500103004,20231018,1087,23,20,1,25.06864,121.5107,3
500103004,20231018,1088,23,20,1,25.06864,121.5107,3
500103004,20231018,1089,23,20,1,25.06864,121.5107,3
500103004,20231018,1090,23,20,1,25.06864,121.5107,3
500103004,20231018,1091,23,17,1,25.06864,121.5107,6
500103004,20231018,1092,23,19,1,25.06864,121.5107,4
500103004,20231018,1093,23,20,1,25.06864,121.5107,3
500103004,20231018,1094,23,19,1,25.06864,121.5107,4
500103004,20231018,1095,23,19,1,25.06864,121.5107,4
500103004,20231018,1096,23,19,1,25.06864,121.5107,4
500103004,20231018,1097,23,19,1,25.06864,121.5107,4
500103004,20231018,1098,23,19,1,25.06864,121.5107,4
500103004,20231018,1099,23,19,1,25.06864,121.5107,4
500103004,20231018,1101,23,18,1,25.06864,121.5107,5
500103004,20231018,1102,23,18,1,25.06864,121.5107,5
500103004,20231018,1103,23,17,1,25.06864,121.5107,6
500103004,20231018,1104,23,16,1,25.06864,121.5107,7
500103004,20231018,1105,23,16,1,25.06864,121.5107,7
500103004,20231018,1106,23,16,1,25.06864,121.5107,7
500103004,20231018,1107,23,16,1,25.06864,121.5107,7
500103004,20231018,1108,23,16,1,25.06864,121.5107,7
500103004,20231018,1109,23,14,1,25.06864,121.5107,9
500103004,20231018,1111,23,14,1,25.06864,121.5107,9
500103004,20231018,1112,23,14,1,25.06864,121.5107,9
500103004,20231018,1113,23,14,1,25.06864,121.5107,9
500103004,20231018,1114,23,14,1,25.06864,121.5107,9
500103004,20231018,1115,23,14,1,25.06864,121.5107,9
500103004,20231018,1116,23,14,1,25.06864,121.5107,9
500103004,20231018,1117,23,13,1,25.06864,121.5107,10
500103004,20231018,1118,23,12,1,25.06864,121.5107,11
500103004,20231018,1119,23,11,1,25.06864,121.5107,12
500103004,20231018,1120,23,11,1,25.06864,121.5107,12
500103004,20231018,1121,23,15,1,25.06864,121.5107,8
500103004,20231018,1122,23,15,1,25.06864,121.5107,8
500103004,20231018,1123,23,20,1,25.06864,121.5107,3
500103004,20231018,1124,23,18,1,25.06864,121.5107,5
500103004,20231018,1125,23,19,1,25.06864,121.5107,4
500103004,20231018,1126,23,19,1,25.06864,121.5107,4
500103004,20231018,1127,23,20,1,25.06864,121.5107,3
500103004,20231018,1128,23,19,1,25.06864,121.5107,4
500103004,20231018,1129,23,19,1,25.06864,121.5107,4
500103004,20231018,1130,23,18,1,25.06864,121.5107,5
500103004,20231018,1131,23,19,1,25.06864,121.5107,4
500103004,20231018,1132,23,19,1,25.06864,121.5107,4
500103004,20231018,1133,23,18,1,25.06864,121.5107,5
500103004,20231018,1134,23,18,1,25.06864,121.5107,5
500103004,20231018,1135,23,18,1,25.06864,121.5107,5
500103004,20231018,1136,23,18,1,25.06864,121.5107,5
500103004,20231018,1137,23,18,1,25.06864,121.5107,5
500103004,20231018,1138,23,18,1,25.06864,121.5107,5
500103004,20231018,1139,23,18,1,25.06864,121.5107,5
500103004,20231018,1141,23,18,1,25.06864,121.5107,5
500103004,20231018,1142,23,18,1,25.06864,121.5107,5
500103004,20231018,1143,23,18,1,25.06864,121.5107,5
500103004,20231018,1144,23,18,1,25.06864,121.5107,5
500103004,20231018,1145,23,15,1,25.06864,121.5107,8
500103004,20231018,1146,23,15,1,25.06864,121.5107,8
500103004,20231018,1147,23,16,1,25.06864,121.5107,7
500103004,20231018,1148,23,16,1,25.06864,121.5107,7
500103004,20231018,1149,23,16,1,25.06864,121.5107,7
500103004,20231018,1150,23,17,1,25.06864,121.5107,6
500103004,20231018,1151,23,17,1,25.06864,121.5107,6
500103004,20231018,1152,23,17,1,25.06864,121.5107,6
500103004,20231018,1153,23,16,1,25.06864,121.5107,7
500103004,20231018,1154,23,14,1,25.06864,121.5107,9
500103004,20231018,1155,23,14,1,25.06864,121.5107,9
500103004,20231018,1156,23,14,1,25.06864,121.5107,9
500103004,20231018,1157,23,14,1,25.06864,121.5107,9
500103004,20231018,1158,23,15,1,25.06864,121.5107,8
500103004,20231018,1159,23,15,1,25.06864,121.5107,8
500103004,20231018,1161,23,14,1,25.06864,121.5107,9
500103004,20231018,1162,23,11,1,25.06864,121.5107,12
500103004,20231018,1163,23,11,1,25.06864,121.5107,12
500103004,20231018,1164,23,11,1,25.06864,121.5107,12
500103004,20231018,1165,23,12,1,25.06864,121.5107,11
500103004,20231018,1166,23,12,1,25.06864,121.5107,11
500103004,20231018,1167,23,11,1,25.06864,121.5107,12
500103004,20231018,1168,23,12,1,25.06864,121.5107,11
500103004,20231018,1169,23,11,1,25.06864,121.5107,12
500103004,20231018,1171,23,9,1,25.06864,121.5107,14
500103004,20231018,1172,23,8,1,25.06864,121.5107,15
500103004,20231018,1173,23,8,1,25.06864,121.5107,15
500103004,20231018,1174,23,8,1,25.06864,121.5107,15
500103004,20231018,1175,23,8,1,25.06864,121.5107,15
500103004,20231018,1176,23,8,1,25.06864,121.5107,15
500103004,20231018,1177,23,8,1,25.06864,121.5107,15
500103004,20231018,1178,23,8,1,25.06864,121.5107,15
500103004,20231018,1179,23,8,1,25.06864,121.5107,15
500103004,20231018,1180,23,9,1,25.06864,121.5107,14
500103004,20231018,1181,23,9,1,25.06864,121.5107,14
500103004,20231018,1182,23,9,1,25.06864,121.5107,14
500103004,20231018,1183,23,8,1,25.06864,121.5107,15
500103004,20231018,1184,23,7,1,25.06864,121.5107,16
500103004,20231018,1185,23,7,1,25.06864,121.5107,16
500103004,20231018,1186,23,6,1,25.06864,121.5107,17
500103004,20231018,1187,23,16,1,25.06864,121.5107,7
500103004,20231018,1188,23,18,1,25.06864,121.5107,5
500103004,20231018,1189,23,17,1,25.06864,121.5107,6
500103004,20231018,1190,23,17,1,25.06864,121.5107,6
500103004,20231018,1191,23,18,1,25.06864,121.5107,5
500103004,20231018,1192,23,17,1,25.06864,121.5107,6
500103004,20231018,1193,23,19,1,25.06864,121.5107,4
500103004,20231018,1194,23,18,1,25.06864,121.5107,5
500103004,20231018,1195,23,18,1,25.06864,121.5107,5
500103004,20231018,1196,23,16,1,25.06864,121.5107,7
500103004,20231018,1197,23,16,1,25.06864,121.5107,7
500103004,20231018,1198,23,16,1,25.06864,121.5107,7
500103004,20231018,1199,23,17,1,25.06864,121.5107,6
500103004,20231018,1201,23,16,1,25.06864,121.5107,7
500103004,20231018,1202,23,15,1,25.06864,121.5107,8
500103004,20231018,1203,23,15,1,25.06864,121.5107,8
500103004,20231018,1204,23,15,1,25.06864,121.5107,8
500103004,20231018,1205,23,15,1,25.06864,121.5107,8
500103004,20231018,1206,23,15,1,25.06864,121.5107,8
500103004,20231018,1207,23,15,1,25.06864,121.5107,8
500103004,20231018,1208,23,15,1,25.06864,121.5107,8
500103004,20231018,1209,23,16,1,25.06864,121.5107,7
500103004,20231018,1210,23,15,1,25.06864,121.5107,8
500103004,20231018,1211,23,15,1,25.06864,121.5107,8
500103004,20231018,1212,23,15,1,25.06864,121.5107,8
500103004,20231018,1213,23,14,1,25.06864,121.5107,9
500103004,20231018,1214,23,13,1,25.06864,121.5107,10
500103004,20231018,1215,23,13,1,25.06864,121.5107,10
500103004,20231018,1216,23,13,1,25.06864,121.5107,10
500103004,20231018,1217,23,13,1,25.06864,121.5107,10
500103004,20231018,1218,23,13,1,25.06864,121.5107,10
500103004,20231018,1219,23,13,1,25.06864,121.5107,10
500103004,20231018,1221,23,13,1,25.06864,121.5107,10
500103004,20231018,1222,23,13,1,25.06864,121.5107,10
500103004,20231018,1223,23,13,1,25.06864,121.5107,10
500103004,20231018,1225,23,12,1,25.06864,121.5107,11
500103004,20231018,1226,23,12,1,25.06864,121.5107,11
500103004,20231018,1227,23,12,1,25.06864,121.5107,11
500103004,20231018,1228,23,11,1,25.06864,121.5107,12
500103004,20231018,1229,23,9,1,25.06864,121.5107,14
500103004,20231018,1231,23,7,1,25.06864,121.5107,16
500103004,20231018,1232,23,6,1,25.06864,121.5107,17
500103004,20231018,1233,23,6,1,25.06864,121.5107,17
500103004,20231018,1234,23,6,1,25.06864,121.5107,17
500103004,20231018,1235,23,6,1,25.06864,121.5107,17
500103004,20231018,1236,23,6,1,25.06864,121.5107,17
500103004,20231018,1237,23,6,1,25.06864,121.5107,17
500103004,20231018,1238,23,6,1,25.06864,121.5107,17
500103004,20231018,1239,23,6,1,25.06864,121.5107,17
500103004,20231018,1240,23,5,1,25.06864,121.5107,18
500103004,20231018,1241,23,4,1,25.06864,121.5107,19
500103004,20231018,1242,23,3,1,25.06864,121.5107,20
500103004,20231018,1243,23,3,1,25.06864,121.5107,20
500103004,20231018,1244,23,3,1,25.06864,121.5107,20
500103004,20231018,1245,23,3,1,25.06864,121.5107,20
500103004,20231018,1246,23,3,1,25.06864,121.5107,20
500103004,20231018,1247,23,3,1,25.06864,121.5107,20
500103004,20231018,1248,23,3,1,25.06864,121.5107,20
500103004,20231018,1249,23,3,1,25.06864,121.5107,20
500103004,20231018,1251,23,3,1,25.06864,121.5107,20
500103004,20231018,1252,23,2,1,25.06864,121.5107,21
500103004,20231018,1253,23,2,1,25.06864,121.5107,21
500103004,20231018,1254,23,2,1,25.06864,121.5107,21
500103004,20231018,1255,23,2,1,25.06864,121.5107,21
500103004,20231018,1256,23,0,1,25.06864,121.5107,23
500103004,20231018,1257,23,0,1,25.06864,121.5107,23
500103004,20231018,1258,23,0,1,25.06864,121.5107,23
500103004,20231018,1259,23,0,1,25.06864,121.5107,23
500103004,20231018,1261,23,0,1,25.06864,121.5107,23
500103004,20231018,1262,23,0,1,25.06864,121.5107,23
500103004,20231018,1263,23,0,1,25.06864,121.5107,23
500103004,20231018,1264,23,0,1,25.06864,121.5107,23
500103004,20231018,1265,23,0,1,25.06864,121.5107,23
500103004,20231018,1266,23,0,1,25.06864,121.5107,23
500103004,20231018,1267,23,0,1,25.06864,121.5107,23
500103004,20231018,1268,23,0,1,25.06864,121.5107,23
500103004,20231018,1269,23,0,1,25.06864,121.5107,23
500103004,20231018,1270,23,0,1,25.06864,121.5107,23
500103004,20231018,1271,23,0,1,25.06864,121.5107,23
500103004,20231018,1272,23,0,1,25.06864,121.5107,23
500103004,20231018,1273,23,1,1,25.06864,121.5107,22
500103004,20231018,1274,23,1,1,25.06864,121.5107,22
500103004,20231018,1275,23,0,1,25.06864,121.5107,23
500103004,20231018,1276,23,0,1,25.06864,121.5107,23
500103004,20231018,1277,23,0,1,25.06864,121.5107,23
500103004,20231018,1278,23,0,1,25.06864,121.5107,23
500103004,20231018,1279,23,0,1,25.06864,121.5107,23
500103004,20231018,1281,23,0,1,25.06864,121.5107,23
500103004,20231018,1282,23,0,1,25.06864,121.5107,23
500103004,20231018,1283,23,0,1,25.06864,121.5107,23
500103004,20231018,1284,23,1,1,25.06864,121.5107,22
500103004,20231018,1285,23,1,1,25.06864,121.5107,22
500103004,20231018,1286,23,1,1,25.06864,121.5107,22
500103004,20231018,1287,23,1,1,25.06864,121.5107,22
500103004,20231018,1288,23,1,1,25.06864,121.5107,22
500103004,20231018,1289,23,1,1,25.06864,121.5107,22
500103004,20231018,1291,23,2,1,25.06864,121.5107,21
500103004,20231018,1292,23,2,1,25.06864,121.5107,21
500103004,20231018,1293,23,2,1,25.06864,121.5107,21
500103004,20231018,1294,23,2,1,25.06864,121.5107,21
500103004,20231018,1295,23,2,1,25.06864,121.5107,21
500103004,20231018,1296,23,2,1,25.06864,121.5107,21
500103004,20231018,1297,23,2,1,25.06864,121.5107,21
500103004,20231018,1298,23,2,1,25.06864,121.5107,21
500103004,20231018,1299,23,2,1,25.06864,121.5107,21
500103004,20231018,1300,23,2,1,25.06864,121.5107,21
500103004,20231018,1301,23,1,1,25.06864,121.5107,22
500103004,20231018,1302,23,1,1,25.06864,121.5107,22
500103004,20231018,1303,23,1,1,25.06864,121.5107,22
500103004,20231018,1304,23,1,1,25.06864,121.5107,22
500103004,20231018,1305,23,1,1,25.06864,121.5107,22
500103004,20231018,1306,23,1,1,25.06864,121.5107,22
500103004,20231018,1307,23,2,1,25.06864,121.5107,21
500103004,20231018,1308,23,2,1,25.06864,121.5107,21
500103004,20231018,1309,23,1,1,25.06864,121.5107,22
500103004,20231018,1310,23,1,1,25.06864,121.5107,22
500103004,20231018,1311,23,1,1,25.06864,121.5107,22
500103004,20231018,1312,23,1,1,25.06864,121.5107,22
500103004,20231018,1313,23,1,1,25.06864,121.5107,22
500103004,20231018,1314,23,1,1,25.06864,121.5107,22
500103004,20231018,1315,23,1,1,25.06864,121.5107,22
500103004,20231018,1316,23,0,1,25.06864,121.5107,23
500103004,20231018,1317,23,0,1,25.06864,121.5107,23
500103004,20231018,1318,23,0,1,25.06864,121.5107,23
500103004,20231018,1319,23,0,1,25.06864,121.5107,23
500103004,20231018,1321,23,0,1,25.06864,121.5107,23
500103004,20231018,1322,23,1,1,25.06864,121.5107,22
500103004,20231018,1323,23,1,1,25.06864,121.5107,22
500103004,20231018,1324,23,1,1,25.06864,121.5107,22
500103004,20231018,1325,23,1,1,25.06864,121.5107,22
500103004,20231018,1326,23,1,1,25.06864,121.5107,22
500103004,20231018,1327,23,1,1,25.06864,121.5107,22
500103004,20231018,1328,23,1,1,25.06864,121.5107,22
500103004,20231018,1329,23,1,1,25.06864,121.5107,22
500103004,20231018,1330,23,1,1,25.06864,121.5107,22
500103004,20231018,1331,23,0,1,25.06864,121.5107,23
500103004,20231018,1332,23,0,1,25.06864,121.5107,23
500103004,20231018,1333,23,0,1,25.06864,121.5107,23
500103004,20231018,1334,23,0,1,25.06864,121.5107,23
500103004,20231018,1335,23,0,1,25.06864,121.5107,23
500103004,20231018,1336,23,0,1,25.06864,121.5107,23
500103004,20231018,1337,23,0,1,25.06864,121.5107,23
500103004,20231018,1338,23,0,1,25.06864,121.5107,23
500103004,20231018,1339,23,0,1,25.06864,121.5107,23
500103004,20231018,1341,23,0,1,25.06864,121.5107,23
500103004,20231018,1342,23,0,1,25.06864,121.5107,23
500103004,20231018,1343,23,0,1,25.06864,121.5107,23
500103004,20231018,1344,23,0,1,25.06864,121.5107,23
500103004,20231018,1345,23,0,1,25.06864,121.5107,23
500103004,20231018,1346,23,0,1,25.06864,121.5107,23
500103004,20231018,1347,23,0,1,25.06864,121.5107,23
500103004,20231018,1348,23,0,1,25.06864,121.5107,23
500103004,20231018,1349,23,0,1,25.06864,121.5107,23
500103004,20231018,1351,23,0,1,25.06864,121.5107,23
500103004,20231018,1352,23,0,1,25.06864,121.5107,23
500103004,20231018,1353,23,0,1,25.06864,121.5107,23
500103004,20231018,1354,23,0,1,25.06864,121.5107,23
500103004,20231018,1355,23,0,1,25.06864,121.5107,23
500103004,20231018,1356,23,0,1,25.06864,121.5107,23
500103004,20231018,1357,23,0,1,25.06864,121.5107,23
500103004,20231018,1358,23,0,1,25.06864,121.5107,23
500103004,20231018,1359,23,0,1,25.06864,121.5107,23
500103004,20231018,1360,23,0,1,25.06864,121.5107,23
500103004,20231018,1361,23,0,1,25.06864,121.5107,23
500103004,20231018,1362,23,0,1,25.06864,121.5107,23
500103004,20231018,1363,23,0,1,25.06864,121.5107,23
500103004,20231018,1364,23,0,1,25.06864,121.5107,23
500103004,20231018,1365,23,0,1,25.06864,121.5107,23
500103004,20231018,1366,23,0,1,25.06864,121.5107,23
500103004,20231018,1367,23,0,1,25.06864,121.5107,23
500103004,20231018,1368,23,0,1,25.06864,121.5107,23
500103004,20231018,1369,23,0,1,25.06864,121.5107,23
500103004,20231018,1370,23,0,1,25.06864,121.5107,23
500103004,20231018,1371,23,0,1,25.06864,121.5107,23
500103004,20231018,1372,23,0,1,25.06864,121.5107,23
500103004,20231018,1373,23,0,1,25.06864,121.5107,23
500103004,20231018,1374,23,0,1,25.06864,121.5107,23
500103004,20231018,1375,23,0,1,25.06864,121.5107,23
500103004,20231018,1376,23,0,1,25.06864,121.5107,23
500103004,20231018,1377,23,0,1,25.06864,121.5107,23
500103004,20231018,1378,23,0,1,25.06864,121.5107,23
500103004,20231018,1379,23,0,1,25.06864,121.5107,23
500103004,20231018,1381,23,0,1,25.06864,121.5107,23
500103004,20231018,1382,23,0,1,25.06864,121.5107,23
500103004,20231018,1383,23,0,1,25.06864,121.5107,23
500103004,20231018,1384,23,0,1,25.06864,121.5107,23
500103004,20231018,1385,23,0,1,25.06864,121.5107,23
500103004,20231018,1386,23,0,1,25.06864,121.5107,23
500103004,20231018,1387,23,0,1,25.06864,121.5107,23
500103004,20231018,1388,23,0,1,25.06864,121.5107,23
500103004,20231018,1389,23,0,1,25.06864,121.5107,23
500103004,20231018,1390,23,0,1,25.06864,121.5107,23
500103004,20231018,1391,23,0,1,25.06864,121.5107,23
500103004,20231018,1392,23,0,1,25.06864,121.5107,23
500103004,20231018,1393,23,0,1,25.06864,121.5107,23
500103004,20231018,1394,23,0,1,25.06864,121.5107,23
500103004,20231018,1395,23,0,1,25.06864,121.5107,23
500103004,20231018,1396,23,0,1,25.06864,121.5107,23
500103004,20231018,1397,23,0,1,25.06864,121.5107,23
500103004,20231018,1398,23,0,1,25.06864,121.5107,23
500103004,20231018,1399,23,1,1,25.06864,121.5107,22
500103004,20231018,1401,23,1,1,25.06864,121.5107,22
500103004,20231018,1402,23,1,1,25.06864,121.5107,22
500103004,20231018,1403,23,1,1,25.06864,121.5107,22
500103004,20231018,1404,23,1,1,25.06864,121.5107,22
500103004,20231018,1405,23,1,1,25.06864,121.5107,22
500103004,20231018,1406,23,1,1,25.06864,121.5107,22
500103004,20231018,1407,23,1,1,25.06864,121.5107,22
500103004,20231018,1408,23,2,1,25.06864,121.5107,21
500103004,20231018,1409,23,2,1,25.06864,121.5107,21
500103004,20231018,1410,23,2,1,25.06864,121.5107,21
500103004,20231018,1411,23,2,1,25.06864,121.5107,21
500103004,20231018,1412,23,2,1,25.06864,121.5107,21
500103004,20231018,1413,23,2,1,25.06864,121.5107,21
500103004,20231018,1414,23,2,1,25.06864,121.5107,21
500103004,20231018,1415,23,2,1,25.06864,121.5107,21
500103004,20231018,1416,23,2,1,25.06864,121.5107,21
500103004,20231018,1417,23,2,1,25.06864,121.5107,21
500103004,20231018,1418,23,2,1,25.06864,121.5107,21
500103004,20231018,1419,23,2,1,25.06864,121.5107,21
500103004,20231018,1420,23,2,1,25.06864,121.5107,21
500103004,20231018,1421,23,0,1,25.06864,121.5107,23
500103004,20231018,1422,23,0,1,25.06864,121.5107,23
500103004,20231018,1423,23,0,1,25.06864,121.5107,23
500103004,20231018,1424,23,0,1,25.06864,121.5107,23
500103004,20231018,1425,23,0,1,25.06864,121.5107,23
500103004,20231018,1426,23,0,1,25.06864,121.5107,23
500103004,20231018,1427,23,0,1,25.06864,121.5107,23
500103004,20231018,1428,23,0,1,25.06864,121.5107,23
500103004,20231018,1429,23,0,1,25.06864,121.5107,23
500103004,20231018,1430,23,0,1,25.06864,121.5107,23
500103004,20231018,1431,23,0,1,25.06864,121.5107,23
500103004,20231018,1432,23,0,1,25.06864,121.5107,23
500103004,20231018,1433,23,0,1,25.06864,121.5107,23
500103004,20231018,1434,23,0,1,25.06864,121.5107,23
500103004,20231018,1435,23,0,1,25.06864,121.5107,23
500103004,20231018,1436,23,0,1,25.06864,121.5107,23
500103004,20231018,1437,23,0,1,25.06864,121.5107,23
500103004,20231018,1438,23,0,1,25.06864,121.5107,23
500103004,20231018,1439,23,0,1,25.06864,121.5107,23
500103004,20231019,1,23,0,1,25.06864,121.5107,23
500103004,20231019,2,23,0,1,25.06864,121.5107,23
500103004,20231019,3,23,0,1,25.06864,121.5107,23
500103004,20231019,4,23,0,1,25.06864,121.5107,23
500103004,20231019,5,23,0,1,25.06864,121.5107,23
500103004,20231019,6,23,0,1,25.06864,121.5107,23
500103004,20231019,7,23,0,1,25.06864,121.5107,23
500103004,20231019,8,23,0,1,25.06864,121.5107,23
500103004,20231019,9,23,0,1,25.06864,121.5107,23
500103004,20231019,10,23,0,1,25.06864,121.5107,23
500103004,20231019,11,23,0,1,25.06864,121.5107,23
500103004,20231019,12,23,0,1,25.06864,121.5107,23
500103004,20231019,13,23,0,1,25.06864,121.5107,23
500103004,20231019,14,23,0,1,25.06864,121.5107,23
500103004,20231019,15,23,4,1,25.06864,121.5107,19
500103004,20231019,16,23,7,1,25.06864,121.5107,16
500103004,20231019,17,23,6,1,25.06864,121.5107,17
500103004,20231019,18,23,6,1,25.06864,121.5107,17
500103004,20231019,19,23,6,1,25.06864,121.5107,17
500103004,20231019,21,23,6,1,25.06864,121.5107,17
500103004,20231019,22,23,6,1,25.06864,121.5107,17
500103004,20231019,23,23,6,1,25.06864,121.5107,17
500103004,20231019,24,23,6,1,25.06864,121.5107,17
500103004,20231019,25,23,6,1,25.06864,121.5107,17
500103004,20231019,26,23,6,1,25.06864,121.5107,17
500103004,20231019,27,23,6,1,25.06864,121.5107,17
500103004,20231019,28,23,6,1,25.06864,121.5107,17
500103004,20231019,29,23,6,1,25.06864,121.5107,17
500103004,20231019,30,23,6,1,25.06864,121.5107,17
500103004,20231019,31,23,6,1,25.06864,121.5107,17
500103004,20231019,32,23,6,1,25.06864,121.5107,17
500103004,20231019,33,23,6,1,25.06864,121.5107,17
500103004,20231019,34,23,6,1,25.06864,121.5107,17
500103004,20231019,35,23,6,1,25.06864,121.5107,17
500103004,20231019,36,23,6,1,25.06864,121.5107,17
500103004,20231019,37,23,6,1,25.06864,121.5107,17
500103004,20231019,38,23,6,1,25.06864,121.5107,17
500103004,20231019,39,23,6,1,25.06864,121.5107,17
500103004,20231019,40,23,6,1,25.06864,121.5107,17
500103004,20231019,41,23,6,1,25.06864,121.5107,17
500103004,20231019,42,23,6,1,25.06864,121.5107,17
500103004,20231019,43,23,6,1,25.06864,121.5107,17
500103004,20231019,44,23,6,1,25.06864,121.5107,17
500103004,20231019,45,23,6,1,25.06864,121.5107,17
500103004,20231019,46,23,6,1,25.06864,121.5107,17
500103004,20231019,47,23,6,1,25.06864,121.5107,17
500103004,20231019,48,23,6,1,25.06864,121.5107,17
500103004,20231019,49,23,6,1,25.06864,121.5107,17
500103004,20231019,50,23,6,1,25.06864,121.5107,17
500103004,20231019,51,23,6,1,25.06864,121.5107,17
500103004,20231019,52,23,6,1,25.06864,121.5107,17
500103004,20231019,53,23,6,1,25.06864,121.5107,17
500103004,20231019,54,23,6,1,25.06864,121.5107,17
500103004,20231019,55,23,6,1,25.06864,121.5107,17
500103004,20231019,56,23,5,1,25.06864,121.5107,18
500103004,20231019,57,23,5,1,25.06864,121.5107,18
500103004,20231019,58,23,5,1,25.06864,121.5107,18
500103004,20231019,59,23,5,1,25.06864,121.5107,18
500103004,20231019,61,23,5,1,25.06864,121.5107,18
500103004,20231019,62,23,5,1,25.06864,121.5107,18
500103004,20231019,63,23,5,1,25.06864,121.5107,18
500103004,20231019,64,23,5,1,25.06864,121.5107,18
500103004,20231019,65,23,5,1,25.06864,121.5107,18
500103004,20231019,66,23,5,1,25.06864,121.5107,18
500103004,20231019,67,23,5,1,25.06864,121.5107,18
500103004,20231019,68,23,5,1,25.06864,121.5107,18
500103004,20231019,69,23,5,1,25.06864,121.5107,18
500103004,20231019,70,23,5,1,25.06864,121.5107,18
500103004,20231019,71,23,4,1,25.06864,121.5107,19
500103004,20231019,72,23,4,1,25.06864,121.5107,19
500103004,20231019,73,23,4,1,25.06864,121.5107,19
500103004,20231019,74,23,4,1,25.06864,121.5107,19
500103004,20231019,75,23,4,1,25.06864,121.5107,19
500103004,20231019,76,23,4,1,25.06864,121.5107,19
500103004,20231019,77,23,4,1,25.06864,121.5107,19
500103004,20231019,78,23,4,1,25.06864,121.5107,19
500103004,20231019,79,23,4,1,25.06864,121.5107,19
500103004,20231019,81,23,4,1,25.06864,121.5107,19
500103004,20231019,82,23,4,1,25.06864,121.5107,19
500103004,20231019,83,23,4,1,25.06864,121.5107,19
500103004,20231019,84,23,3,1,25.06864,121.5107,20
500103004,20231019,85,23,3,1,25.06864,121.5107,20
500103004,20231019,86,23,3,1,25.06864,121.5107,20
500103004,20231019,87,23,3,1,25.06864,121.5107,20
500103004,20231019,88,23,3,1,25.06864,121.5107,20
500103004,20231019,90,23,3,1,25.06864,121.5107,20
500103004,20231019,91,23,3,1,25.06864,121.5107,20
500103004,20231019,92,23,3,1,25.06864,121.5107,20
500103004,20231019,93,23,3,1,25.06864,121.5107,20
500103004,20231019,94,23,3,1,25.06864,121.5107,20
500103004,20231019,95,23,3,1,25.06864,121.5107,20
500103004,20231019,96,23,3,1,25.06864,121.5107,20
500103004,20231019,97,23,3,1,25.06864,121.5107,20
500103004,20231019,98,23,3,1,25.06864,121.5107,20
500103004,20231019,99,23,3,1,25.06864,121.5107,20
500103004,20231019,100,23,3,1,25.06864,121.5107,20
500103004,20231019,101,23,3,1,25.06864,121.5107,20
500103004,20231019,102,23,3,1,25.06864,121.5107,20
500103004,20231019,103,23,3,1,25.06864,121.5107,20
500103004,20231019,104,23,3,1,25.06864,121.5107,20
500103004,20231019,105,23,3,1,25.06864,121.5107,20
500103004,20231019,106,23,3,1,25.06864,121.5107,20
500103004,20231019,107,23,3,1,25.06864,121.5107,20
500103004,20231019,108,23,3,1,25.06864,121.5107,20
500103004,20231019,109,23,3,1,25.06864,121.5107,20
500103004,20231019,110,23,3,1,25.06864,121.5107,20
500103004,20231019,111,23,3,1,25.06864,121.5107,20
500103004,20231019,112,23,3,1,25.06864,121.5107,20
500103004,20231019,113,23,3,1,25.06864,121.5107,20
500103004,20231019,114,23,3,1,25.06864,121.5107,20
500103004,20231019,115,23,3,1,25.06864,121.5107,20
500103004,20231019,116,23,3,1,25.06864,121.5107,20
500103004,20231019,117,23,3,1,25.06864,121.5107,20
500103004,20231019,118,23,2,1,25.06864,121.5107,21
500103004,20231019,119,23,2,1,25.06864,121.5107,21
500103004,20231019,121,23,2,1,25.06864,121.5107,21
500103004,20231019,122,23,2,1,25.06864,121.5107,21
500103004,20231019,123,23,2,1,25.06864,121.5107,21
500103004,20231019,124,23,2,1,25.06864,121.5107,21
500103004,20231019,125,23,2,1,25.06864,121.5107,21
500103004,20231019,126,23,2,1,25.06864,121.5107,21
500103004,20231019,127,23,2,1,25.06864,121.5107,21
500103004,20231019,128,23,2,1,25.06864,121.5107,21
500103004,20231019,129,23,2,1,25.06864,121.5107,21
500103004,20231019,130,23,2,1,25.06864,121.5107,21
500103004,20231019,131,23,2,1,25.06864,121.5107,21
500103004,20231019,132,23,2,1,25.06864,121.5107,21
500103004,20231019,133,23,2,1,25.06864,121.5107,21
500103004,20231019,134,23,2,1,25.06864,121.5107,21
500103004,20231019,135,23,2,1,25.06864,121.5107,21
500103004,20231019,136,23,2,1,25.06864,121.5107,21
500103004,20231019,137,23,2,1,25.06864,121.5107,21
500103004,20231019,138,23,2,1,25.06864,121.5107,21
500103004,20231019,139,23,2,1,25.06864,121.5107,21
500103004,20231019,141,23,2,1,25.06864,121.5107,21
500103004,20231019,142,23,2,1,25.06864,121.5107,21
500103004,20231019,143,23,2,1,25.06864,121.5107,21
500103004,20231019,144,23,2,1,25.06864,121.5107,21
500103004,20231019,145,23,2,1,25.06864,121.5107,21
500103004,20231019,146,23,2,1,25.06864,121.5107,21
500103004,20231019,147,23,2,1,25.06864,121.5107,21
500103004,20231019,148,23,2,1,25.06864,121.5107,21
500103004,20231019,149,23,2,1,25.06864,121.5107,21
500103004,20231019,150,23,2,1,25.06864,121.5107,21
500103004,20231019,151,23,2,1,25.06864,121.5107,21
500103004,20231019,152,23,2,1,25.06864,121.5107,21
500103004,20231019,153,23,2,1,25.06864,121.5107,21
500103004,20231019,154,23,2,1,25.06864,121.5107,21
500103004,20231019,155,23,2,1,25.06864,121.5107,21
500103004,20231019,156,23,2,1,25.06864,121.5107,21
500103004,20231019,157,23,2,1,25.06864,121.5107,21
500103004,20231019,158,23,2,1,25.06864,121.5107,21
500103004,20231019,159,23,2,1,25.06864,121.5107,21
500103004,20231019,160,23,2,1,25.06864,121.5107,21
500103004,20231019,161,23,2,1,25.06864,121.5107,21
500103004,20231019,162,23,2,1,25.06864,121.5107,21
500103004,20231019,163,23,2,1,25.06864,121.5107,21
500103004,20231019,164,23,2,1,25.06864,121.5107,21
500103004,20231019,165,23,2,1,25.06864,121.5107,21
500103004,20231019,166,23,2,1,25.06864,121.5107,21
500103004,20231019,167,23,2,1,25.06864,121.5107,21
500103004,20231019,168,23,2,1,25.06864,121.5107,21
500103004,20231019,169,23,2,1,25.06864,121.5107,21
500103004,20231019,170,23,2,1,25.06864,121.5107,21
500103004,20231019,171,23,2,1,25.06864,121.5107,21
500103004,20231019,172,23,2,1,25.06864,121.5107,21
500103004,20231019,173,23,2,1,25.06864,121.5107,21
500103004,20231019,174,23,2,1,25.06864,121.5107,21
500103004,20231019,175,23,1,1,25.06864,121.5107,22
500103004,20231019,176,23,1,1,25.06864,121.5107,22
500103004,20231019,177,23,1,1,25.06864,121.5107,22
500103004,20231019,178,23,1,1,25.06864,121.5107,22
500103004,20231019,179,23,1,1,25.06864,121.5107,22
500103004,20231019,181,23,1,1,25.06864,121.5107,22
500103004,20231019,182,23,1,1,25.06864,121.5107,22
500103004,20231019,183,23,1,1,25.06864,121.5107,22
500103004,20231019,184,23,1,1,25.06864,121.5107,22
500103004,20231019,185,23,1,1,25.06864,121.5107,22
500103004,20231019,186,23,1,1,25.06864,121.5107,22
500103004,20231019,187,23,1,1,25.06864,121.5107,22
500103004,20231019,188,23,1,1,25.06864,121.5107,22
500103004,20231019,189,23,1,1,25.06864,121.5107,22
500103004,20231019,190,23,1,1,25.06864,121.5107,22
500103004,20231019,191,23,1,1,25.06864,121.5107,22
500103004,20231019,192,23,1,1,25.06864,121.5107,22
500103004,20231019,193,23,1,1,25.06864,121.5107,22
500103004,20231019,194,23,1,1,25.06864,121.5107,22
500103004,20231019,195,23,1,1,25.06864,121.5107,22
500103004,20231019,196,23,1,1,25.06864,121.5107,22
500103004,20231019,197,23,1,1,25.06864,121.5107,22
500103004,20231019,198,23,1,1,25.06864,121.5107,22
500103004,20231019,199,23,1,1,25.06864,121.5107,22
500103004,20231019,201,23,1,1,25.06864,121.5107,22
500103004,20231019,202,23,1,1,25.06864,121.5107,22
500103004,20231019,203,23,1,1,25.06864,121.5107,22
500103004,20231019,204,23,1,1,25.06864,121.5107,22
500103004,20231019,205,23,1,1,25.06864,121.5107,22
500103004,20231019,206,23,1,1,25.06864,121.5107,22
500103004,20231019,207,23,1,1,25.06864,121.5107,22
500103004,20231019,208,23,1,1,25.06864,121.5107,22
500103004,20231019,209,23,1,1,25.06864,121.5107,22
500103004,20231019,210,23,1,1,25.06864,121.5107,22
500103004,20231019,211,23,1,1,25.06864,121.5107,22
500103004,20231019,212,23,1,1,25.06864,121.5107,22
500103004,20231019,213,23,1,1,25.06864,121.5107,22
500103004,20231019,214,23,1,1,25.06864,121.5107,22
500103004,20231019,215,23,1,1,25.06864,121.5107,22
500103004,20231019,216,23,1,1,25.06864,121.5107,22
500103004,20231019,217,23,0,1,25.06864,121.5107,23
500103004,20231019,218,23,0,1,25.06864,121.5107,23
500103004,20231019,219,23,0,1,25.06864,121.5107,23
500103004,20231019,220,23,0,1,25.06864,121.5107,23
500103004,20231019,221,23,0,1,25.06864,121.5107,23
500103004,20231019,222,23,0,1,25.06864,121.5107,23
500103004,20231019,223,23,0,1,25.06864,121.5107,23
500103004,20231019,224,23,0,1,25.06864,121.5107,23
500103004,20231019,225,23,0,1,25.06864,121.5107,23
500103004,20231019,226,23,0,1,25.06864,121.5107,23
500103004,20231019,227,23,0,1,25.06864,121.5107,23
500103004,20231019,228,23,0,1,25.06864,121.5107,23
500103004,20231019,229,23,0,1,25.06864,121.5107,23
500103004,20231019,230,23,0,1,25.06864,121.5107,23
500103004,20231019,231,23,0,1,25.06864,121.5107,23
500103004,20231019,232,23,0,1,25.06864,121.5107,23
500103004,20231019,233,23,0,1,25.06864,121.5107,23
500103004,20231019,234,23,0,1,25.06864,121.5107,23
500103004,20231019,235,23,0,1,25.06864,121.5107,23
500103004,20231019,236,23,1,1,25.06864,121.5107,22
500103004,20231019,237,23,1,1,25.06864,121.5107,22
500103004,20231019,238,23,1,1,25.06864,121.5107,22
500103004,20231019,239,23,1,1,25.06864,121.5107,22
500103004,20231019,240,23,1,1,25.06864,121.5107,22
500103004,20231019,241,23,1,1,25.06864,121.5107,22
500103004,20231019,242,23,1,1,25.06864,121.5107,22
500103004,20231019,243,23,1,1,25.06864,121.5107,22
500103004,20231019,244,23,1,1,25.06864,121.5107,22
500103004,20231019,245,23,1,1,25.06864,121.5107,22
500103004,20231019,246,23,1,1,25.06864,121.5107,22
500103004,20231019,247,23,1,1,25.06864,121.5107,22
500103004,20231019,248,23,1,1,25.06864,121.5107,22
500103004,20231019,249,23,1,1,25.06864,121.5107,22
500103004,20231019,250,23,1,1,25.06864,121.5107,22
500103004,20231019,251,23,1,1,25.06864,121.5107,22
500103004,20231019,252,23,1,1,25.06864,121.5107,22
500103004,20231019,253,23,1,1,25.06864,121.5107,22
500103004,20231019,254,23,0,1,25.06864,121.5107,23
500103004,20231019,255,23,0,1,25.06864,121.5107,23
500103004,20231019,256,23,1,1,25.06864,121.5107,22
500103004,20231019,257,23,1,1,25.06864,121.5107,22
500103004,20231019,258,23,1,1,25.06864,121.5107,22
500103004,20231019,259,23,1,1,25.06864,121.5107,22
500103004,20231019,261,23,1,1,25.06864,121.5107,22
500103004,20231019,262,23,1,1,25.06864,121.5107,22
500103004,20231019,263,23,1,1,25.06864,121.5107,22
500103004,20231019,264,23,1,1,25.06864,121.5107,22
500103004,20231019,265,23,1,1,25.06864,121.5107,22
500103004,20231019,266,23,1,1,25.06864,121.5107,22
500103004,20231019,267,23,1,1,25.06864,121.5107,22
500103004,20231019,268,23,1,1,25.06864,121.5107,22
500103004,20231019,269,23,1,1,25.06864,121.5107,22
500103004,20231019,270,23,1,1,25.06864,121.5107,22
500103004,20231019,271,23,1,1,25.06864,121.5107,22
500103004,20231019,272,23,1,1,25.06864,121.5107,22
500103004,20231019,273,23,1,1,25.06864,121.5107,22
500103004,20231019,274,23,1,1,25.06864,121.5107,22
500103004,20231019,275,23,1,1,25.06864,121.5107,22
500103004,20231019,276,23,1,1,25.06864,121.5107,22
500103004,20231019,277,23,1,1,25.06864,121.5107,22
500103004,20231019,278,23,1,1,25.06864,121.5107,22
500103004,20231019,279,23,1,1,25.06864,121.5107,22
500103004,20231019,280,23,1,1,25.06864,121.5107,22
500103004,20231019,281,23,1,1,25.06864,121.5107,22
500103004,20231019,282,23,1,1,25.06864,121.5107,22
500103004,20231019,283,23,1,1,25.06864,121.5107,22
500103004,20231019,284,23,1,1,25.06864,121.5107,22
500103004,20231019,285,23,1,1,25.06864,121.5107,22
500103004,20231019,286,23,1,1,25.06864,121.5107,22
500103004,20231019,287,23,1,1,25.06864,121.5107,22
500103004,20231019,288,23,1,1,25.06864,121.5107,22
500103004,20231019,289,23,1,1,25.06864,121.5107,22
500103004,20231019,290,23,1,1,25.06864,121.5107,22
500103004,20231019,291,23,1,1,25.06864,121.5107,22
500103004,20231019,292,23,1,1,25.06864,121.5107,22
500103004,20231019,293,23,1,1,25.06864,121.5107,22
500103004,20231019,294,23,1,1,25.06864,121.5107,22
500103004,20231019,295,23,1,1,25.06864,121.5107,22
500103004,20231019,296,23,1,1,25.06864,121.5107,22
500103004,20231019,297,23,1,1,25.06864,121.5107,22
500103004,20231019,298,23,1,1,25.06864,121.5107,22
500103004,20231019,299,23,1,1,25.06864,121.5107,22
500103004,20231019,300,23,1,1,25.06864,121.5107,22
500103004,20231019,301,23,1,1,25.06864,121.5107,22
500103004,20231019,302,23,1,1,25.06864,121.5107,22
500103004,20231019,303,23,1,1,25.06864,121.5107,22
500103004,20231019,304,23,1,1,25.06864,121.5107,22
500103004,20231019,305,23,1,1,25.06864,121.5107,22
500103004,20231019,306,23,1,1,25.06864,121.5107,22
500103004,20231019,307,23,1,1,25.06864,121.5107,22
500103004,20231019,308,23,1,1,25.06864,121.5107,22
500103004,20231019,309,23,1,1,25.06864,121.5107,22
500103004,20231019,310,23,1,1,25.06864,121.5107,22
500103004,20231019,311,23,1,1,25.06864,121.5107,22
500103004,20231019,312,23,1,1,25.06864,121.5107,22
500103004,20231019,313,23,1,1,25.06864,121.5107,22
500103004,20231019,314,23,1,1,25.06864,121.5107,22
500103004,20231019,315,23,1,1,25.06864,121.5107,22
500103004,20231019,316,23,1,1,25.06864,121.5107,22
500103004,20231019,317,23,1,1,25.06864,121.5107,22
500103004,20231019,318,23,1,1,25.06864,121.5107,22
500103004,20231019,319,23,1,1,25.06864,121.5107,22
500103004,20231019,321,23,1,1,25.06864,121.5107,22
500103004,20231019,322,23,1,1,25.06864,121.5107,22
500103004,20231019,323,23,1,1,25.06864,121.5107,22
500103004,20231019,324,23,1,1,25.06864,121.5107,22
500103004,20231019,325,23,1,1,25.06864,121.5107,22
500103004,20231019,326,23,1,1,25.06864,121.5107,22
500103004,20231019,327,23,1,1,25.06864,121.5107,22
500103004,20231019,328,23,1,1,25.06864,121.5107,22
500103004,20231019,329,23,1,1,25.06864,121.5107,22
500103004,20231019,330,23,1,1,25.06864,121.5107,22
500103004,20231019,331,23,1,1,25.06864,121.5107,22
500103004,20231019,332,23,1,1,25.06864,121.5107,22
500103004,20231019,333,23,1,1,25.06864,121.5107,22
500103004,20231019,334,23,1,1,25.06864,121.5107,22
500103004,20231019,335,23,1,1,25.06864,121.5107,22
500103004,20231019,336,23,1,1,25.06864,121.5107,22
500103004,20231019,337,23,1,1,25.06864,121.5107,22
500103004,20231019,338,23,1,1,25.06864,121.5107,22
500103004,20231019,339,23,1,1,25.06864,121.5107,22
500103004,20231019,340,23,1,1,25.06864,121.5107,22
500103004,20231019,341,23,1,1,25.06864,121.5107,22
500103004,20231019,342,23,1,1,25.06864,121.5107,22
500103004,20231019,343,23,1,1,25.06864,121.5107,22
500103004,20231019,344,23,1,1,25.06864,121.5107,22
500103004,20231019,345,23,1,1,25.06864,121.5107,22
500103004,20231019,346,23,1,1,25.06864,121.5107,22
500103004,20231019,347,23,1,1,25.06864,121.5107,22
500103004,20231019,348,23,1,1,25.06864,121.5107,22
500103004,20231019,349,23,1,1,25.06864,121.5107,22
500103004,20231019,350,23,1,1,25.06864,121.5107,22
500103004,20231019,351,23,1,1,25.06864,121.5107,22
500103004,20231019,352,23,1,1,25.06864,121.5107,22
500103004,20231019,353,23,1,1,25.06864,121.5107,22
500103004,20231019,354,23,1,1,25.06864,121.5107,22
500103004,20231019,355,23,1,1,25.06864,121.5107,22
500103004,20231019,356,23,1,1,25.06864,121.5107,22
500103004,20231019,357,23,1,1,25.06864,121.5107,22
500103004,20231019,358,23,1,1,25.06864,121.5107,22
500103004,20231019,359,23,1,1,25.06864,121.5107,22
500103004,20231019,360,23,1,1,25.06864,121.5107,22
500103004,20231019,361,23,2,1,25.06864,121.5107,21
500103004,20231019,362,23,2,1,25.06864,121.5107,21
500103004,20231019,363,23,2,1,25.06864,121.5107,21
500103004,20231019,364,23,2,1,25.06864,121.5107,21
500103004,20231019,365,23,2,1,25.06864,121.5107,21
500103004,20231019,366,23,1,1,25.06864,121.5107,22
500103004,20231019,367,23,1,1,25.06864,121.5107,22
500103004,20231019,368,23,2,1,25.06864,121.5107,21
500103004,20231019,369,23,2,1,25.06864,121.5107,21
500103004,20231019,370,23,2,1,25.06864,121.5107,21
500103004,20231019,371,23,2,1,25.06864,121.5107,21
500103004,20231019,372,23,2,1,25.06864,121.5107,21
500103004,20231019,373,23,2,1,25.06864,121.5107,21
500103004,20231019,374,23,2,1,25.06864,121.5107,21
500103004,20231019,375,23,1,1,25.06864,121.5107,22
500103004,20231019,376,23,0,1,25.06864,121.5107,23
500103004,20231019,377,23,0,1,25.06864,121.5107,23
500103004,20231019,378,23,0,1,25.06864,121.5107,23
500103004,20231019,379,23,1,1,25.06864,121.5107,22
500103004,20231019,381,23,1,1,25.06864,121.5107,22
500103004,20231019,382,23,2,1,25.06864,121.5107,21
500103004,20231019,383,23,2,1,25.06864,121.5107,21
500103004,20231019,384,23,1,1,25.06864,121.5107,22
500103004,20231019,385,23,1,1,25.06864,121.5107,22
500103004,20231019,386,23,1,1,25.06864,121.5107,22
500103004,20231019,387,23,1,1,25.06864,121.5107,22
500103004,20231019,388,23,1,1,25.06864,121.5107,22
500103004,20231019,389,23,1,1,25.06864,121.5107,22
500103004,20231019,390,23,1,1,25.06864,121.5107,22
500103004,20231019,392,23,1,1,25.06864,121.5107,22
500103004,20231019,393,23,1,1,25.06864,121.5107,22
500103004,20231019,394,23,1,1,25.06864,121.5107,22
500103004,20231019,395,23,1,1,25.06864,121.5107,22
500103004,20231019,396,23,1,1,25.06864,121.5107,22
500103004,20231019,397,23,1,1,25.06864,121.5107,22
500103004,20231019,398,23,2,1,25.06864,121.5107,21
500103004,20231019,399,23,2,1,25.06864,121.5107,21
500103004,20231019,400,23,2,1,25.06864,121.5107,21
500103004,20231019,401,23,2,1,25.06864,121.5107,21
500103004,20231019,402,23,2,1,25.06864,121.5107,21
500103004,20231019,403,23,2,1,25.06864,121.5107,21
500103004,20231019,404,23,2,1,25.06864,121.5107,21
500103004,20231019,405,23,2,1,25.06864,121.5107,21
500103004,20231019,406,23,2,1,25.06864,121.5107,21
500103004,20231019,407,23,2,1,25.06864,121.5107,21
500103004,20231019,408,23,2,1,25.06864,121.5107,21
500103004,20231019,409,23,2,1,25.06864,121.5107,21
500103004,20231019,410,23,2,1,25.06864,121.5107,21
500103004,20231019,411,23,2,1,25.06864,121.5107,21
500103004,20231019,412,23,3,1,25.06864,121.5107,20
500103004,20231019,413,23,3,1,25.06864,121.5107,20
500103004,20231019,414,23,3,1,25.06864,121.5107,20
500103004,20231019,415,23,3,1,25.06864,121.5107,20
500103004,20231019,416,23,3,1,25.06864,121.5107,20
500103004,20231019,417,23,4,1,25.06864,121.5107,19
500103004,20231019,418,23,3,1,25.06864,121.5107,20
500103004,20231019,419,23,3,1,25.06864,121.5107,20
500103004,20231019,421,23,5,1,25.06864,121.5107,18
500103004,20231019,422,23,6,1,25.06864,121.5107,17
500103004,20231019,423,23,6,1,25.06864,121.5107,17
500103004,20231019,424,23,6,1,25.06864,121.5107,17
500103004,20231019,425,23,5,1,25.06864,121.5107,18
500103004,20231019,426,23,5,1,25.06864,121.5107,18
500103004,20231019,427,23,6,1,25.06864,121.5107,17
500103004,20231019,428,23,6,1,25.06864,121.5107,17
500103004,20231019,429,23,6,1,25.06864,121.5107,17
500103004,20231019,430,23,5,1,25.06864,121.5107,18
500103004,20231019,431,23,5,1,25.06864,121.5107,18
500103004,20231019,432,23,5,1,25.06864,121.5107,18
500103004,20231019,433,23,5,1,25.06864,121.5107,18
500103004,20231019,434,23,5,1,25.06864,121.5107,18
500103004,20231019,435,23,5,1,25.06864,121.5107,18
500103004,20231019,436,23,6,1,25.06864,121.5107,17
500103004,20231019,437,23,6,1,25.06864,121.5107,17
500103004,20231019,438,23,6,1,25.06864,121.5107,17
500103004,20231019,439,23,7,1,25.06864,121.5107,16
500103004,20231019,441,23,9,1,25.06864,121.5107,14
500103004,20231019,442,23,9,1,25.06864,121.5107,14
500103004,20231019,443,23,9,1,25.06864,121.5107,14
500103004,20231019,444,23,9,1,25.06864,121.5107,14
500103004,20231019,445,23,10,1,25.06864,121.5107,13
500103004,20231019,446,23,11,1,25.06864,121.5107,12
500103004,20231019,447,23,11,1,25.06864,121.5107,11
500103004,20231019,448,23,11,1,25.06864,121.5107,11
500103004,20231019,449,23,13,1,25.06864,121.5107,9
500103004,20231019,451,23,13,1,25.06864,121.5107,9
500103004,20231019,452,23,13,1,25.06864,121.5107,9
500103004,20231019,453,23,13,1,25.06864,121.5107,9
500103004,20231019,454,23,15,1,25.06864,121.5107,7
500103004,20231019,455,23,15,1,25.06864,121.5107,7
500103004,20231019,456,23,16,1,25.06864,121.5107,6
500103004,20231019,457,23,16,1,25.06864,121.5107,6
500103004,20231019,458,23,16,1,25.06864,121.5107,6
500103004,20231019,459,23,17,1,25.06864,121.5107,5
500103004,20231019,461,23,18,1,25.06864,121.5107,4
500103004,20231019,462,23,18,1,25.06864,121.5107,4
500103004,20231019,463,23,18,1,25.06864,121.5107,4
500103004,20231019,464,23,19,1,25.06864,121.5107,3
500103004,20231019,465,23,19,1,25.06864,121.5107,3
500103004,20231019,466,23,18,1,25.06864,121.5107,4
500103004,20231019,467,23,18,1,25.06864,121.5107,4
500103004,20231019,468,23,17,1,25.06864,121.5107,5
500103004,20231019,469,23,19,1,25.06864,121.5107,3
500103004,20231019,471,23,19,1,25.06864,121.5107,3
500103004,20231019,472,23,20,1,25.06864,121.5107,2
500103004,20231019,473,23,21,1,25.06864,121.5107,1
500103004,20231019,474,23,21,1,25.06864,121.5107,1
500103004,20231019,475,23,21,1,25.06864,121.5107,1
500103004,20231019,476,23,21,1,25.06864,121.5107,1
500103004,20231019,477,23,22,1,25.06864,121.5107,0
500103004,20231019,478,23,22,1,25.06864,121.5107,0
500103004,20231019,479,23,22,1,25.06864,121.5107,0
500103004,20231019,481,23,22,1,25.06864,121.5107,0
500103004,20231019,482,23,22,1,25.06864,121.5107,0
500103004,20231019,483,23,22,1,25.06864,121.5107,0
500103004,20231019,484,23,22,1,25.06864,121.5107,0
500103004,20231019,485,23,22,1,25.06864,121.5107,0
500103004,20231019,486,23,22,1,25.06864,121.5107,0
500103004,20231019,487,23,22,1,25.06864,121.5107,0
500103004,20231019,488,23,22,1,25.06864,121.5107,0
500103004,20231019,489,23,21,1,25.06864,121.5107,1
500103004,20231019,491,23,22,1,25.06864,121.5107,0
500103004,20231019,492,23,22,1,25.06864,121.5107,0
500103004,20231019,493,23,22,1,25.06864,121.5107,0
500103004,20231019,494,23,22,1,25.06864,121.5107,0
500103004,20231019,495,23,22,1,25.06864,121.5107,0
500103004,20231019,496,23,22,1,25.06864,121.5107,0
500103004,20231019,497,23,22,1,25.06864,121.5107,0
500103004,20231019,498,23,22,1,25.06864,121.5107,0
500103004,20231019,499,23,22,1,25.06864,121.5107,0
500103004,20231019,501,23,22,1,25.06864,121.5107,0
500103004,20231019,502,23,22,1,25.06864,121.5107,0
500103004,20231019,503,23,22,1,25.06864,121.5107,0
500103004,20231019,504,23,22,1,25.06864,121.5107,0
500103004,20231019,505,23,22,1,25.06864,121.5107,0
500103004,20231019,506,23,22,1,25.06864,121.5107,0
500103004,20231019,507,23,22,1,25.06864,121.5107,0
500103004,20231019,508,23,22,1,25.06864,121.5107,0
500103004,20231019,509,23,21,1,25.06864,121.5107,1
500103004,20231019,511,23,21,1,25.06864,121.5107,1
500103004,20231019,512,23,21,1,25.06864,121.5107,1
500103004,20231019,513,23,21,1,25.06864,121.5107,1
500103004,20231019,514,23,21,1,25.06864,121.5107,1
500103004,20231019,515,23,22,1,25.06864,121.5107,0
500103004,20231019,516,23,22,1,25.06864,121.5107,0
500103004,20231019,517,23,22,1,25.06864,121.5107,0
500103004,20231019,518,23,22,1,25.06864,121.5107,0
500103004,20231019,519,23,22,1,25.06864,121.5107,0
500103004,20231019,520,23,22,1,25.06864,121.5107,0
500103004,20231019,521,23,22,1,25.06864,121.5107,0
500103004,20231019,522,23,22,1,25.06864,121.5107,0
500103004,20231019,523,23,22,1,25.06864,121.5107,0
500103004,20231019,524,23,22,1,25.06864,121.5107,0
500103004,20231019,525,23,22,1,25.06864,121.5107,0
500103004,20231019,526,23,21,1,25.06864,121.5107,1
500103004,20231019,527,23,21,1,25.06864,121.5107,1
500103004,20231019,528,23,21,1,25.06864,121.5107,1
500103004,20231019,529,23,22,1,25.06864,121.5107,0
500103004,20231019,530,23,22,1,25.06864,121.5107,0
500103004,20231019,531,23,21,1,25.06864,121.5107,1
500103004,20231019,532,23,21,1,25.06864,121.5107,1
500103004,20231019,533,23,22,1,25.06864,121.5107,0
500103004,20231019,534,23,22,1,25.06864,121.5107,0
500103004,20231019,535,23,22,1,25.06864,121.5107,0
500103004,20231019,536,23,21,1,25.06864,121.5107,1
500103004,20231019,537,23,21,1,25.06864,121.5107,1
500103004,20231019,538,23,21,1,25.06864,121.5107,1
500103004,20231019,539,23,21,1,25.06864,121.5107,1
500103004,20231019,541,23,21,1,25.06864,121.5107,1
500103004,20231019,542,23,21,1,25.06864,121.5107,1
500103004,20231019,543,23,22,1,25.06864,121.5107,0
500103004,20231019,544,23,22,1,25.06864,121.5107,0
500103004,20231019,545,23,21,1,25.06864,121.5107,1
500103004,20231019,546,23,21,1,25.06864,121.5107,1
500103004,20231019,547,23,22,1,25.06864,121.5107,0
500103004,20231019,548,23,22,1,25.06864,121.5107,0
500103004,20231019,549,23,22,1,25.06864,121.5107,0
500103004,20231019,550,23,22,1,25.06864,121.5107,0
500103004,20231019,551,23,22,1,25.06864,121.5107,0
500103004,20231019,552,23,22,1,25.06864,121.5107,0
500103004,20231019,553,23,21,1,25.06864,121.5107,1
500103004,20231019,554,23,21,1,25.06864,121.5107,1
500103004,20231019,555,23,21,1,25.06864,121.5107,1
500103004,20231019,556,23,21,1,25.06864,121.5107,1
500103004,20231019,557,23,21,1,25.06864,121.5107,1
500103004,20231019,558,23,21,1,25.06864,121.5107,1
500103004,20231019,559,23,21,1,25.06864,121.5107,1
500103004,20231019,561,23,22,1,25.06864,121.5107,0
500103004,20231019,562,23,22,1,25.06864,121.5107,0
500103004,20231019,563,23,22,1,25.06864,121.5107,0
500103004,20231019,564,23,22,1,25.06864,121.5107,0
500103004,20231019,565,23,22,1,25.06864,121.5107,0
500103004,20231019,566,23,22,1,25.06864,121.5107,0
500103004,20231019,567,23,22,1,25.06864,121.5107,0
500103004,20231019,568,23,22,1,25.06864,121.5107,0
500103004,20231019,569,23,22,1,25.06864,121.5107,0
500103004,20231019,571,23,22,1,25.06864,121.5107,0
500103004,20231019,572,23,22,1,25.06864,121.5107,0
500103004,20231019,573,23,22,1,25.06864,121.5107,0
500103004,20231019,574,23,22,1,25.06864,121.5107,0
500103004,20231019,575,23,22,1,25.06864,121.5107,0
500103004,20231019,576,23,22,1,25.06864,121.5107,0
500103004,20231019,577,23,22,1,25.06864,121.5107,0
500103004,20231019,578,23,21,1,25.06864,121.5107,1
500103004,20231019,579,23,21,1,25.06864,121.5107,1
500103004,20231019,580,23,22,1,25.06864,121.5107,0
500103004,20231019,581,23,22,1,25.06864,121.5107,0
500103004,20231019,582,23,22,1,25.06864,121.5107,0
500103004,20231019,583,23,22,1,25.06864,121.5107,0
500103004,20231019,584,23,22,1,25.06864,121.5107,0
500103004,20231019,585,23,22,1,25.06864,121.5107,0
500103004,20231019,586,23,21,1,25.06864,121.5107,1
500103004,20231019,587,23,21,1,25.06864,121.5107,1
500103004,20231019,588,23,22,1,25.06864,121.5107,0
500103004,20231019,589,23,22,1,25.06864,121.5107,0
500103004,20231019,590,23,22,1,25.06864,121.5107,0
500103004,20231019,591,23,22,1,25.06864,121.5107,0
500103004,20231019,592,23,22,1,25.06864,121.5107,0
500103004,20231019,593,23,21,1,25.06864,121.5107,1
500103004,20231019,594,23,21,1,25.06864,121.5107,1
500103004,20231019,595,23,21,1,25.06864,121.5107,1
500103004,20231019,596,23,21,1,25.06864,121.5107,1
500103004,20231019,597,23,21,1,25.06864,121.5107,1
500103004,20231019,598,23,21,1,25.06864,121.5107,1
500103004,20231019,599,23,21,1,25.06864,121.5107,1
500103004,20231019,601,23,22,1,25.06864,121.5107,0
500103004,20231019,602,23,22,1,25.06864,121.5107,0
500103004,20231019,603,23,22,1,25.06864,121.5107,0
500103004,20231019,604,23,22,1,25.06864,121.5107,0
500103004,20231019,605,23,22,1,25.06864,121.5107,0
500103004,20231019,606,23,21,1,25.06864,121.5107,1
500103004,20231019,607,23,21,1,25.06864,121.5107,1
500103004,20231019,608,23,21,1,25.06864,121.5107,1
500103004,20231019,609,23,21,1,25.06864,121.5107,1
500103004,20231019,610,23,21,1,25.06864,121.5107,1
500103004,20231019,611,23,22,1,25.06864,121.5107,0
500103004,20231019,612,23,22,1,25.06864,121.5107,0
500103004,20231019,613,23,22,1,25.06864,121.5107,0
500103004,20231019,614,23,22,1,25.06864,121.5107,0
500103004,20231019,615,23,22,1,25.06864,121.5107,0
500103004,20231019,616,23,22,1,25.06864,121.5107,0
500103004,20231019,617,23,22,1,25.06864,121.5107,0
500103004,20231019,618,23,22,1,25.06864,121.5107,0
500103004,20231019,619,23,21,1,25.06864,121.5107,1
500103004,20231019,621,23,21,1,25.06864,121.5107,1
500103004,20231019,622,23,21,1,25.06864,121.5107,1
500103004,20231019,623,23,21,1,25.06864,121.5107,1
500103004,20231019,624,23,21,1,25.06864,121.5107,1
500103004,20231019,625,23,21,1,25.06864,121.5107,1
500103004,20231019,626,23,21,1,25.06864,121.5107,1
500103004,20231019,627,23,21,1,25.06864,121.5107,1
500103004,20231019,628,23,21,1,25.06864,121.5107,1
500103004,20231019,629,23,21,1,25.06864,121.5107,2
500103004,20231019,631,23,23,1,25.06864,121.5107,0
500103004,20231019,632,23,23,1,25.06864,121.5107,0
500103004,20231019,633,23,23,1,25.06864,121.5107,0
500103004,20231019,634,23,23,1,25.06864,121.5107,0
500103004,20231019,635,23,23,1,25.06864,121.5107,0
500103004,20231019,636,23,23,1,25.06864,121.5107,0
500103004,20231019,637,23,23,1,25.06864,121.5107,0
500103004,20231019,638,23,23,1,25.06864,121.5107,0
500103004,20231019,639,23,23,1,25.06864,121.5107,0
500103004,20231019,640,23,23,1,25.06864,121.5107,0
500103004,20231019,641,23,23,1,25.06864,121.5107,0
500103004,20231019,642,23,21,1,25.06864,121.5107,2
500103004,20231019,643,23,21,1,25.06864,121.5107,2
500103004,20231019,644,23,21,1,25.06864,121.5107,2
500103004,20231019,645,23,21,1,25.06864,121.5107,2
500103004,20231019,646,23,21,1,25.06864,121.5107,2
500103004,20231019,647,23,21,1,25.06864,121.5107,2
500103004,20231019,648,23,21,1,25.06864,121.5107,2
500103004,20231019,649,23,21,1,25.06864,121.5107,2
500103004,20231019,650,23,21,1,25.06864,121.5107,2
500103004,20231019,651,23,21,1,25.06864,121.5107,2
500103004,20231019,652,23,21,1,25.06864,121.5107,2
500103004,20231019,653,23,21,1,25.06864,121.5107,2
500103004,20231019,654,23,21,1,25.06864,121.5107,2
500103004,20231019,655,23,21,1,25.06864,121.5107,2
500103004,20231019,656,23,21,1,25.06864,121.5107,2
500103004,20231019,657,23,21,1,25.06864,121.5107,2
500103004,20231019,658,23,21,1,25.06864,121.5107,2
500103004,20231019,659,23,21,1,25.06864,121.5107,2
500103004,20231019,661,23,21,1,25.06864,121.5107,2
500103004,20231019,662,23,21,1,25.06864,121.5107,2
500103004,20231019,663,23,21,1,25.06864,121.5107,2
500103004,20231019,664,23,21,1,25.06864,121.5107,2
500103004,20231019,665,23,21,1,25.06864,121.5107,2
500103004,20231019,666,23,21,1,25.06864,121.5107,2
500103004,20231019,667,23,21,1,25.06864,121.5107,2
500103004,20231019,668,23,21,1,25.06864,121.5107,2
500103004,20231019,669,23,22,1,25.06864,121.5107,1
500103004,20231019,670,23,22,1,25.06864,121.5107,1
500103004,20231019,671,23,22,1,25.06864,121.5107,1
500103004,20231019,672,23,22,1,25.06864,121.5107,1
500103004,20231019,673,23,22,1,25.06864,121.5107,1
500103004,20231019,674,23,22,1,25.06864,121.5107,1
500103004,20231019,675,23,22,1,25.06864,121.5107,1
500103004,20231019,676,23,22,1,25.06864,121.5107,1
500103004,20231019,677,23,22,1,25.06864,121.5107,1
500103004,20231019,678,23,22,1,25.06864,121.5107,1
500103004,20231019,679,23,22,1,25.06864,121.5107,1
500103004,20231019,681,23,22,1,25.06864,121.5107,1
500103004,20231019,682,23,22,1,25.06864,121.5107,1
500103004,20231019,683,23,21,1,25.06864,121.5107,2
500103004,20231019,684,23,21,1,25.06864,121.5107,2
500103004,20231019,685,23,21,1,25.06864,121.5107,2
500103004,20231019,686,23,21,1,25.06864,121.5107,2
500103004,20231019,687,23,21,1,25.06864,121.5107,2
500103004,20231019,688,23,21,1,25.06864,121.5107,2
500103004,20231019,689,23,21,1,25.06864,121.5107,2
500103004,20231019,690,23,21,1,25.06864,121.5107,2
500103004,20231019,691,23,21,1,25.06864,121.5107,2
500103004,20231019,692,23,21,1,25.06864,121.5107,2
500103004,20231019,694,23,22,1,25.06864,121.5107,1
500103004,20231019,695,23,22,1,25.06864,121.5107,1
500103004,20231019,696,23,22,1,25.06864,121.5107,1
500103004,20231019,697,23,22,1,25.06864,121.5107,1
500103004,20231019,698,23,22,1,25.06864,121.5107,1
500103004,20231019,699,23,22,1,25.06864,121.5107,1
500103004,20231019,700,23,22,1,25.06864,121.5107,1
500103004,20231019,701,23,22,1,25.06864,121.5107,1
500103004,20231019,702,23,22,1,25.06864,121.5107,1
500103004,20231019,703,23,22,1,25.06864,121.5107,1
500103004,20231019,704,23,22,1,25.06864,121.5107,1
500103004,20231019,705,23,22,1,25.06864,121.5107,1
500103004,20231019,706,23,22,1,25.06864,121.5107,1
500103004,20231019,707,23,22,1,25.06864,121.5107,1
500103004,20231019,708,23,22,1,25.06864,121.5107,1
500103004,20231019,709,23,22,1,25.06864,121.5107,1
500103004,20231019,710,23,22,1,25.06864,121.5107,1
500103004,20231019,711,23,22,1,25.06864,121.5107,1
500103004,20231019,712,23,22,1,25.06864,121.5107,1
500103004,20231019,713,23,22,1,25.06864,121.5107,1
500103004,20231019,714,23,22,1,25.06864,121.5107,1
500103004,20231019,715,23,22,1,25.06864,121.5107,1
500103004,20231019,716,23,22,1,25.06864,121.5107,1
500103004,20231019,717,23,22,1,25.06864,121.5107,1
500103004,20231019,718,23,22,1,25.06864,121.5107,1
500103004,20231019,719,23,22,1,25.06864,121.5107,1
500103004,20231019,721,23,22,1,25.06864,121.5107,1
500103004,20231019,722,23,22,1,25.06864,121.5107,1
500103004,20231019,723,23,22,1,25.06864,121.5107,1
500103004,20231019,724,23,22,1,25.06864,121.5107,1
500103004,20231019,725,23,22,1,25.06864,121.5107,1
500103004,20231019,726,23,22,1,25.06864,121.5107,1
500103004,20231019,727,23,22,1,25.06864,121.5107,1
500103004,20231019,728,23,22,1,25.06864,121.5107,1
500103004,20231019,729,23,22,1,25.06864,121.5107,1
500103004,20231019,730,23,22,1,25.06864,121.5107,1
500103004,20231019,731,23,22,1,25.06864,121.5107,1
500103004,20231019,732,23,22,1,25.06864,121.5107,1
500103004,20231019,733,23,22,1,25.06864,121.5107,1
500103004,20231019,734,23,22,1,25.06864,121.5107,1
500103004,20231019,735,23,22,1,25.06864,121.5107,1
500103004,20231019,736,23,22,1,25.06864,121.5107,1
500103004,20231019,737,23,22,1,25.06864,121.5107,1
500103004,20231019,738,23,22,1,25.06864,121.5107,1
500103004,20231019,739,23,22,1,25.06864,121.5107,1
500103004,20231019,741,23,21,1,25.06864,121.5107,2
500103004,20231019,742,23,21,1,25.06864,121.5107,2
500103004,20231019,743,23,21,1,25.06864,121.5107,2
500103004,20231019,744,23,21,1,25.06864,121.5107,2
500103004,20231019,745,23,22,1,25.06864,121.5107,1
500103004,20231019,746,23,22,1,25.06864,121.5107,1
500103004,20231019,747,23,22,1,25.06864,121.5107,1
500103004,20231019,748,23,20,1,25.06864,121.5107,3
500103004,20231019,749,23,21,1,25.06864,121.5107,2
500103004,20231019,751,23,21,1,25.06864,121.5107,2
500103004,20231019,752,23,21,1,25.06864,121.5107,2
500103004,20231019,753,23,21,1,25.06864,121.5107,2
500103004,20231019,754,23,20,1,25.06864,121.5107,3
500103004,20231019,755,23,20,1,25.06864,121.5107,3
500103004,20231019,756,23,21,1,25.06864,121.5107,2
500103004,20231019,757,23,21,1,25.06864,121.5107,2
500103004,20231019,758,23,21,1,25.06864,121.5107,2
500103004,20231019,759,23,21,1,25.06864,121.5107,2
500103004,20231019,760,23,21,1,25.06864,121.5107,2
500103004,20231019,761,23,21,1,25.06864,121.5107,2
500103004,20231019,762,23,21,1,25.06864,121.5107,2
500103004,20231019,763,23,21,1,25.06864,121.5107,2
500103004,20231019,764,23,21,1,25.06864,121.5107,2
500103004,20231019,765,23,21,1,25.06864,121.5107,2
500103004,20231019,766,23,22,1,25.06864,121.5107,1
500103004,20231019,767,23,23,1,25.06864,121.5107,0
500103004,20231019,768,23,23,1,25.06864,121.5107,0
500103004,20231019,769,23,23,1,25.06864,121.5107,0
500103004,20231019,770,23,23,1,25.06864,121.5107,0
500103004,20231019,771,23,23,1,25.06864,121.5107,0
500103004,20231019,772,23,23,1,25.06864,121.5107,0
500103004,20231019,773,23,23,1,25.06864,121.5107,0
500103004,20231019,774,23,23,1,25.06864,121.5107,0
500103004,20231019,775,23,23,1,25.06864,121.5107,0
500103004,20231019,776,23,23,1,25.06864,121.5107,0
500103004,20231019,777,23,23,1,25.06864,121.5107,0
500103004,20231019,778,23,23,1,25.06864,121.5107,0
500103004,20231019,779,23,23,1,25.06864,121.5107,0
500103004,20231019,781,23,23,1,25.06864,121.5107,0
500103004,20231019,782,23,23,1,25.06864,121.5107,0
500103004,20231019,783,23,23,1,25.06864,121.5107,0
500103004,20231019,784,23,23,1,25.06864,121.5107,0
500103004,20231019,785,23,23,1,25.06864,121.5107,0
500103004,20231019,786,23,23,1,25.06864,121.5107,0
500103004,20231019,787,23,23,1,25.06864,121.5107,0
500103004,20231019,788,23,23,1,25.06864,121.5107,0
500103004,20231019,789,23,23,1,25.06864,121.5107,0
500103004,20231019,790,23,23,1,25.06864,121.5107,0
500103004,20231019,791,23,23,1,25.06864,121.5107,0
500103004,20231019,792,23,23,1,25.06864,121.5107,0
500103004,20231019,793,23,23,1,25.06864,121.5107,0
500103004,20231019,794,23,23,1,25.06864,121.5107,0
500103004,20231019,795,23,23,1,25.06864,121.5107,0
500103004,20231019,796,23,23,1,25.06864,121.5107,0
500103004,20231019,797,23,23,1,25.06864,121.5107,0
500103004,20231019,798,23,23,1,25.06864,121.5107,0
500103004,20231019,799,23,23,1,25.06864,121.5107,0
500103004,20231019,801,23,23,1,25.06864,121.5107,0
500103004,20231019,802,23,23,1,25.06864,121.5107,0
500103004,20231019,803,23,23,1,25.06864,121.5107,0
500103004,20231019,804,23,23,1,25.06864,121.5107,0
500103004,20231019,805,23,23,1,25.06864,121.5107,0
500103004,20231019,806,23,23,1,25.06864,121.5107,0
500103004,20231019,807,23,23,1,25.06864,121.5107,0
500103004,20231019,808,23,23,1,25.06864,121.5107,0
500103004,20231019,809,23,23,1,25.06864,121.5107,0
500103004,20231019,810,23,23,1,25.06864,121.5107,0
500103004,20231019,811,23,22,1,25.06864,121.5107,1
500103004,20231019,812,23,22,1,25.06864,121.5107,1
500103004,20231019,813,23,22,1,25.06864,121.5107,1
500103004,20231019,814,23,22,1,25.06864,121.5107,1
500103004,20231019,815,23,22,1,25.06864,121.5107,1
500103004,20231019,816,23,22,1,25.06864,121.5107,1
500103004,20231019,817,23,22,1,25.06864,121.5107,1
500103004,20231019,818,23,22,1,25.06864,121.5107,1
500103004,20231019,819,23,22,1,25.06864,121.5107,1
500103004,20231019,820,23,22,1,25.06864,121.5107,1
500103004,20231019,821,23,22,1,25.06864,121.5107,1
500103004,20231019,822,23,22,1,25.06864,121.5107,1
500103004,20231019,823,23,22,1,25.06864,121.5107,1
500103004,20231019,824,23,22,1,25.06864,121.5107,1
500103004,20231019,825,23,22,1,25.06864,121.5107,1
500103004,20231019,826,23,22,1,25.06864,121.5107,1
500103004,20231019,827,23,22,1,25.06864,121.5107,1
500103004,20231019,828,23,22,1,25.06864,121.5107,1
500103004,20231019,829,23,22,1,25.06864,121.5107,1
500103004,20231019,830,23,22,1,25.06864,121.5107,1
500103004,20231019,831,23,22,1,25.06864,121.5107,1
500103004,20231019,832,23,23,1,25.06864,121.5107,0
500103004,20231019,833,23,23,1,25.06864,121.5107,0
500103004,20231019,834,23,23,1,25.06864,121.5107,0
500103004,20231019,835,23,23,1,25.06864,121.5107,0
500103004,20231019,836,23,23,1,25.06864,121.5107,0
500103004,20231019,837,23,23,1,25.06864,121.5107,0
500103004,20231019,838,23,23,1,25.06864,121.5107,0
500103004,20231019,839,23,23,1,25.06864,121.5107,0
500103004,20231019,841,23,23,1,25.06864,121.5107,0
500103004,20231019,842,23,23,1,25.06864,121.5107,0
500103004,20231019,843,23,23,1,25.06864,121.5107,0
500103004,20231019,844,23,23,1,25.06864,121.5107,0
500103004,20231019,845,23,23,1,25.06864,121.5107,0
500103004,20231019,846,23,23,1,25.06864,121.5107,0
500103004,20231019,847,23,23,1,25.06864,121.5107,0
500103004,20231019,848,23,23,1,25.06864,121.5107,0
500103004,20231019,849,23,23,1,25.06864,121.5107,0
500103004,20231019,850,23,23,1,25.06864,121.5107,0
500103004,20231019,851,23,23,1,25.06864,121.5107,0
500103004,20231019,852,23,23,1,25.06864,121.5107,0
500103004,20231019,853,23,23,1,25.06864,121.5107,0
500103004,20231019,854,23,23,1,25.06864,121.5107,0
500103004,20231019,855,23,23,1,25.06864,121.5107,0
500103004,20231019,856,23,23,1,25.06864,121.5107,0
500103004,20231019,857,23,23,1,25.06864,121.5107,0
500103004,20231019,858,23,23,1,25.06864,121.5107,0
500103004,20231019,859,23,22,1,25.06864,121.5107,1
500103004,20231019,861,23,22,1,25.06864,121.5107,1
500103004,20231019,862,23,22,1,25.06864,121.5107,1
500103004,20231019,863,23,22,1,25.06864,121.5107,1
500103004,20231019,864,23,22,1,25.06864,121.5107,1
500103004,20231019,865,23,22,1,25.06864,121.5107,1
500103004,20231019,866,23,22,1,25.06864,121.5107,1
500103004,20231019,867,23,22,1,25.06864,121.5107,1
500103004,20231019,868,23,22,1,25.06864,121.5107,1
500103004,20231019,869,23,22,1,25.06864,121.5107,1
500103004,20231019,870,23,22,1,25.06864,121.5107,1
500103004,20231019,871,23,22,1,25.06864,121.5107,1
500103004,20231019,872,23,22,1,25.06864,121.5107,1
500103004,20231019,873,23,22,1,25.06864,121.5107,1
500103004,20231019,874,23,22,1,25.06864,121.5107,1
500103004,20231019,875,23,23,1,25.06864,121.5107,0
500103004,20231019,876,23,23,1,25.06864,121.5107,0
500103004,20231019,877,23,23,1,25.06864,121.5107,0
500103004,20231019,878,23,22,1,25.06864,121.5107,1
500103004,20231019,879,23,22,1,25.06864,121.5107,1
500103004,20231019,880,23,22,1,25.06864,121.5107,1
500103004,20231019,881,23,22,1,25.06864,121.5107,1
500103004,20231019,882,23,22,1,25.06864,121.5107,1
500103004,20231019,883,23,22,1,25.06864,121.5107,1
500103004,20231019,884,23,22,1,25.06864,121.5107,1
500103004,20231019,885,23,22,1,25.06864,121.5107,1
500103004,20231019,886,23,23,1,25.06864,121.5107,0
500103004,20231019,887,23,23,1,25.06864,121.5107,0
500103004,20231019,888,23,23,1,25.06864,121.5107,0
500103004,20231019,889,23,23,1,25.06864,121.5107,0
500103004,20231019,890,23,23,1,25.06864,121.5107,0
500103004,20231019,891,23,23,1,25.06864,121.5107,0
500103004,20231019,892,23,23,1,25.06864,121.5107,0
500103004,20231019,893,23,23,1,25.06864,121.5107,0
500103004,20231019,894,23,23,1,25.06864,121.5107,0
500103004,20231019,895,23,23,1,25.06864,121.5107,0
500103004,20231019,896,23,23,1,25.06864,121.5107,0
500103004,20231019,897,23,23,1,25.06864,121.5107,0
500103004,20231019,898,23,23,1,25.06864,121.5107,0
500103004,20231019,899,23,23,1,25.06864,121.5107,0
500103004,20231019,901,23,23,1,25.06864,121.5107,0
500103004,20231019,902,23,23,1,25.06864,121.5107,0
500103004,20231019,903,23,23,1,25.06864,121.5107,0
500103004,20231019,904,23,23,1,25.06864,121.5107,0
500103004,20231019,905,23,23,1,25.06864,121.5107,0
500103004,20231019,906,23,23,1,25.06864,121.5107,0
500103004,20231019,907,23,23,1,25.06864,121.5107,0
500103004,20231019,908,23,23,1,25.06864,121.5107,0
500103004,20231019,909,23,23,1,25.06864,121.5107,0
500103004,20231019,910,23,23,1,25.06864,121.5107,0
500103004,20231019,911,23,23,1,25.06864,121.5107,0
500103004,20231019,912,23,23,1,25.06864,121.5107,0
500103004,20231019,913,23,22,1,25.06864,121.5107,1
500103004,20231019,914,23,22,1,25.06864,121.5107,1
500103004,20231019,915,23,22,1,25.06864,121.5107,1
500103004,20231019,916,23,22,1,25.06864,121.5107,1
500103004,20231019,917,23,21,1,25.06864,121.5107,2
500103004,20231019,918,23,21,1,25.06864,121.5107,2
500103004,20231019,919,23,21,1,25.06864,121.5107,2
500103004,20231019,921,23,21,1,25.06864,121.5107,2
500103004,20231019,922,23,21,1,25.06864,121.5107,2
500103004,20231019,923,23,20,1,25.06864,121.5107,3
500103004,20231019,924,23,20,1,25.06864,121.5107,3
500103004,20231019,925,23,20,1,25.06864,121.5107,3
500103004,20231019,926,23,22,1,25.06864,121.5107,1
500103004,20231019,927,23,22,1,25.06864,121.5107,1
500103004,20231019,928,23,22,1,25.06864,121.5107,1
500103004,20231019,929,23,22,1,25.06864,121.5107,1
500103004,20231019,931,23,22,1,25.06864,121.5107,1
500103004,20231019,932,23,22,1,25.06864,121.5107,1
500103004,20231019,933,23,23,1,25.06864,121.5107,0
500103004,20231019,934,23,23,1,25.06864,121.5107,0
500103004,20231019,935,23,23,1,25.06864,121.5107,0
500103004,20231019,936,23,23,1,25.06864,121.5107,0
500103004,20231019,937,23,23,1,25.06864,121.5107,0
500103004,20231019,938,23,23,1,25.06864,121.5107,0
500103004,20231019,939,23,23,1,25.06864,121.5107,0
500103004,20231019,940,23,23,1,25.06864,121.5107,0
500103004,20231019,941,23,23,1,25.06864,121.5107,0
500103004,20231019,942,23,23,1,25.06864,121.5107,0
500103004,20231019,943,23,23,1,25.06864,121.5107,0
500103004,20231019,944,23,22,1,25.06864,121.5107,1
500103004,20231019,945,23,22,1,25.06864,121.5107,1
500103004,20231019,946,23,22,1,25.06864,121.5107,1
500103004,20231019,947,23,22,1,25.06864,121.5107,1
500103004,20231019,948,23,22,1,25.06864,121.5107,1
500103004,20231019,949,23,22,1,25.06864,121.5107,1
500103004,20231019,950,23,22,1,25.06864,121.5107,1
500103004,20231019,951,23,21,1,25.06864,121.5107,2
500103004,20231019,952,23,21,1,25.06864,121.5107,2
500103004,20231019,953,23,21,1,25.06864,121.5107,2
500103004,20231019,954,23,22,1,25.06864,121.5107,1
500103004,20231019,955,23,22,1,25.06864,121.5107,1
500103004,20231019,956,23,21,1,25.06864,121.5107,2
500103004,20231019,957,23,21,1,25.06864,121.5107,2
500103004,20231019,958,23,21,1,25.06864,121.5107,2
500103004,20231019,959,23,21,1,25.06864,121.5107,2
500103004,20231019,961,23,21,1,25.06864,121.5107,2
500103004,20231019,962,23,21,1,25.06864,121.5107,2
500103004,20231019,963,23,21,1,25.06864,121.5107,2
500103004,20231019,964,23,21,1,25.06864,121.5107,2
500103004,20231019,965,23,21,1,25.06864,121.5107,2
500103004,20231019,966,23,21,1,25.06864,121.5107,2
500103004,20231019,967,23,21,1,25.06864,121.5107,2
500103004,20231019,968,23,21,1,25.06864,121.5107,2
500103004,20231019,969,23,21,1,25.06864,121.5107,2
500103004,20231019,970,23,21,1,25.06864,121.5107,2
500103004,20231019,971,23,21,1,25.06864,121.5107,2
500103004,20231019,972,23,21,1,25.06864,121.5107,2
500103004,20231019,973,23,21,1,25.06864,121.5107,2
500103004,20231019,974,23,21,1,25.06864,121.5107,2
500103004,20231019,975,23,22,1,25.06864,121.5107,1
500103004,20231019,976,23,22,1,25.06864,121.5107,1
500103004,20231019,977,23,22,1,25.06864,121.5107,1
500103004,20231019,978,23,22,1,25.06864,121.5107,1
500103004,20231019,979,23,22,1,25.06864,121.5107,1
500103004,20231019,981,23,22,1,25.06864,121.5107,1
500103004,20231019,982,23,22,1,25.06864,121.5107,1
500103004,20231019,983,23,22,1,25.06864,121.5107,1
500103004,20231019,984,23,22,1,25.06864,121.5107,1
500103004,20231019,985,23,22,1,25.06864,121.5107,1
500103004,20231019,986,23,22,1,25.06864,121.5107,1
500103004,20231019,987,23,22,1,25.06864,121.5107,1
500103004,20231019,988,23,22,1,25.06864,121.5107,1
500103004,20231019,989,23,22,1,25.06864,121.5107,1
500103004,20231019,991,23,22,1,25.06864,121.5107,1
500103004,20231019,992,23,22,1,25.06864,121.5107,1
500103004,20231019,993,23,22,1,25.06864,121.5107,1
500103004,20231019,994,23,21,1,25.06864,121.5107,2
500103004,20231019,995,23,21,1,25.06864,121.5107,2
500103004,20231019,996,23,22,1,25.06864,121.5107,1
500103004,20231019,997,23,22,1,25.06864,121.5107,1
500103004,20231019,998,23,22,1,25.06864,121.5107,1
500103004,20231019,999,23,22,1,25.06864,121.5107,1
500103004,20231019,1000,23,21,1,25.06864,121.5107,2
500103004,20231019,1001,23,21,1,25.06864,121.5107,2
500103004,20231019,1003,23,20,1,25.06864,121.5107,3
500103004,20231019,1004,23,20,1,25.06864,121.5107,3
500103004,20231019,1005,23,20,1,25.06864,121.5107,3
500103004,20231019,1006,23,20,1,25.06864,121.5107,3
500103004,20231019,1007,23,20,1,25.06864,121.5107,3
500103004,20231019,1008,23,20,1,25.06864,121.5107,3
500103004,20231019,1009,23,21,1,25.06864,121.5107,2
500103004,20231019,1011,23,22,1,25.06864,121.5107,1
500103004,20231019,1012,23,21,1,25.06864,121.5107,2
500103004,20231019,1013,23,21,1,25.06864,121.5107,2
500103004,20231019,1014,23,20,1,25.06864,121.5107,3
500103004,20231019,1015,23,20,1,25.06864,121.5107,3
500103004,20231019,1016,23,20,1,25.06864,121.5107,3
500103004,20231019,1017,23,20,1,25.06864,121.5107,3
500103004,20231019,1018,23,20,1,25.06864,121.5107,3
500103004,20231019,1019,23,19,1,25.06864,121.5107,4
500103004,20231019,1021,23,19,1,25.06864,121.5107,4
500103004,20231019,1022,23,17,1,25.06864,121.5107,6
500103004,20231019,1023,23,17,1,25.06864,121.5107,6
500103004,20231019,1024,23,18,1,25.06864,121.5107,5
500103004,20231019,1025,23,18,1,25.06864,121.5107,5
500103004,20231019,1026,23,18,1,25.06864,121.5107,5
500103004,20231019,1027,23,18,1,25.06864,121.5107,5
500103004,20231019,1028,23,18,1,25.06864,121.5107,5
500103004,20231019,1029,23,17,1,25.06864,121.5107,6
500103004,20231019,1031,23,16,1,25.06864,121.5107,7
500103004,20231019,1032,23,16,1,25.06864,121.5107,7
500103004,20231019,1033,23,16,1,25.06864,121.5107,7
500103004,20231019,1034,23,16,1,25.06864,121.5107,7
500103004,20231019,1035,23,16,1,25.06864,121.5107,7
500103004,20231019,1036,23,16,1,25.06864,121.5107,7
500103004,20231019,1037,23,17,1,25.06864,121.5107,6
500103004,20231019,1038,23,18,1,25.06864,121.5107,5
500103004,20231019,1039,23,17,1,25.06864,121.5107,6
500103004,20231019,1041,23,17,1,25.06864,121.5107,6
500103004,20231019,1043,23,16,1,25.06864,121.5107,7
500103004,20231019,1044,23,16,1,25.06864,121.5107,7
500103004,20231019,1045,23,16,1,25.06864,121.5107,7
500103004,20231019,1046,23,14,1,25.06864,121.5107,9
500103004,20231019,1047,23,11,1,25.06864,121.5107,12
500103004,20231019,1048,23,11,1,25.06864,121.5107,12
500103004,20231019,1049,23,11,1,25.06864,121.5107,12
500103004,20231019,1051,23,11,1,25.06864,121.5107,12
500103004,20231019,1052,23,10,1,25.06864,121.5107,13
500103004,20231019,1053,23,10,1,25.06864,121.5107,13
500103004,20231019,1054,23,10,1,25.06864,121.5107,13
500103004,20231019,1055,23,10,1,25.06864,121.5107,13
500103004,20231019,1056,23,9,1,25.06864,121.5107,14
500103004,20231019,1057,23,9,1,25.06864,121.5107,14
500103004,20231019,1058,23,9,1,25.06864,121.5107,14
500103004,20231019,1059,23,9,1,25.06864,121.5107,14
500103004,20231019,1061,23,9,1,25.06864,121.5107,14
500103004,20231019,1062,23,9,1,25.06864,121.5107,14
500103004,20231019,1063,23,9,1,25.06864,121.5107,14
500103004,20231019,1064,23,9,1,25.06864,121.5107,14
500103004,20231019,1065,23,7,1,25.06864,121.5107,16
500103004,20231019,1066,23,8,1,25.06864,121.5107,15
500103004,20231019,1067,23,8,1,25.06864,121.5107,15
500103004,20231019,1068,23,8,1,25.06864,121.5107,15
500103004,20231019,1069,23,9,1,25.06864,121.5107,14
500103004,20231019,1071,23,9,1,25.06864,121.5107,14
500103004,20231019,1072,23,10,1,25.06864,121.5107,13
500103004,20231019,1073,23,9,1,25.06864,121.5107,14
500103004,20231019,1074,23,9,1,25.06864,121.5107,14
500103004,20231019,1075,23,9,1,25.06864,121.5107,14
500103004,20231019,1076,23,9,1,25.06864,121.5107,14
500103004,20231019,1077,23,9,1,25.06864,121.5107,14
500103004,20231019,1078,23,10,1,25.06864,121.5107,13
500103004,20231019,1079,23,10,1,25.06864,121.5107,13
500103004,20231019,1081,23,10,1,25.06864,121.5107,13
500103004,20231019,1082,23,10,1,25.06864,121.5107,13
500103004,20231019,1083,23,10,1,25.06864,121.5107,13
500103004,20231019,1084,23,10,1,25.06864,121.5107,13
500103004,20231019,1085,23,10,1,25.06864,121.5107,13
500103004,20231019,1086,23,10,1,25.06864,121.5107,13
500103004,20231019,1087,23,10,1,25.06864,121.5107,13
500103004,20231019,1088,23,10,1,25.06864,121.5107,13
500103004,20231019,1089,23,10,1,25.06864,121.5107,13
500103004,20231019,1091,23,9,1,25.06864,121.5107,14
500103004,20231019,1092,23,8,1,25.06864,121.5107,15
500103004,20231019,1093,23,8,1,25.06864,121.5107,15
500103004,20231019,1094,23,8,1,25.06864,121.5107,15
500103004,20231019,1095,23,8,1,25.06864,121.5107,15
500103004,20231019,1096,23,6,1,25.06864,121.5107,17
500103004,20231019,1097,23,7,1,25.06864,121.5107,16
500103004,20231019,1098,23,7,1,25.06864,121.5107,16
500103004,20231019,1099,23,5,1,25.06864,121.5107,18
500103004,20231019,1101,23,6,1,25.06864,121.5107,17
500103004,20231019,1102,23,6,1,25.06864,121.5107,17
500103004,20231019,1103,23,6,1,25.06864,121.5107,17
500103004,20231019,1104,23,6,1,25.06864,121.5107,17
500103004,20231019,1105,23,6,1,25.06864,121.5107,17
500103004,20231019,1106,23,7,1,25.06864,121.5107,16
500103004,20231019,1107,23,6,1,25.06864,121.5107,17
500103004,20231019,1108,23,6,1,25.06864,121.5107,17
500103004,20231019,1109,23,5,1,25.06864,121.5107,18
500103004,20231019,1111,23,5,1,25.06864,121.5107,18
500103004,20231019,1112,23,5,1,25.06864,121.5107,18
500103004,20231019,1113,23,5,1,25.06864,121.5107,18
500103004,20231019,1114,23,8,1,25.06864,121.5107,15
500103004,20231019,1115,23,14,1,25.06864,121.5107,9
500103004,20231019,1116,23,14,1,25.06864,121.5107,9
500103004,20231019,1117,23,13,1,25.06864,121.5107,10
500103004,20231019,1118,23,12,1,25.06864,121.5107,11
500103004,20231019,1119,23,14,1,25.06864,121.5107,9
500103004,20231019,1121,23,17,1,25.06864,121.5107,6
500103004,20231019,1122,23,17,1,25.06864,121.5107,6
500103004,20231019,1123,23,19,1,25.06864,121.5107,4
500103004,20231019,1124,23,21,1,25.06864,121.5107,2
500103004,20231019,1125,23,21,1,25.06864,121.5107,2
500103004,20231019,1126,23,21,1,25.06864,121.5107,2
500103004,20231019,1127,23,20,1,25.06864,121.5107,3
500103004,20231019,1128,23,20,1,25.06864,121.5107,3
500103004,20231019,1129,23,19,1,25.06864,121.5107,4
500103004,20231019,1130,23,17,1,25.06864,121.5107,6
500103004,20231019,1131,23,17,1,25.06864,121.5107,6
500103004,20231019,1132,23,17,1,25.06864,121.5107,6
500103004,20231019,1133,23,15,1,25.06864,121.5107,8
500103004,20231019,1134,23,15,1,25.06864,121.5107,8
500103004,20231019,1135,23,15,1,25.06864,121.5107,8
500103004,20231019,1136,23,15,1,25.06864,121.5107,8
500103004,20231019,1137,23,15,1,25.06864,121.5107,8
500103004,20231019,1138,23,16,1,25.06864,121.5107,7
500103004,20231019,1139,23,15,1,25.06864,121.5107,8
500103004,20231019,1141,23,15,1,25.06864,121.5107,8
500103004,20231019,1142,23,16,1,25.06864,121.5107,7
500103004,20231019,1143,23,13,1,25.06864,121.5107,10
500103004,20231019,1144,23,12,1,25.06864,121.5107,11
500103004,20231019,1145,23,12,1,25.06864,121.5107,11
500103004,20231019,1146,23,13,1,25.06864,121.5107,10
500103004,20231019,1147,23,14,1,25.06864,121.5107,9
500103004,20231019,1148,23,14,1,25.06864,121.5107,9
500103004,20231019,1149,23,11,1,25.06864,121.5107,12
500103004,20231019,1150,23,11,1,25.06864,121.5107,12
500103004,20231019,1151,23,10,1,25.06864,121.5107,13
500103004,20231019,1152,23,10,1,25.06864,121.5107,13
500103004,20231019,1153,23,10,1,25.06864,121.5107,13
500103004,20231019,1154,23,9,1,25.06864,121.5107,14
500103004,20231019,1155,23,9,1,25.06864,121.5107,14
500103004,20231019,1156,23,10,1,25.06864,121.5107,13
500103004,20231019,1157,23,10,1,25.06864,121.5107,13
500103004,20231019,1158,23,13,1,25.06864,121.5107,10
500103004,20231019,1159,23,13,1,25.06864,121.5107,10
500103004,20231019,1161,23,19,1,25.06864,121.5107,4
500103004,20231019,1162,23,19,1,25.06864,121.5107,4
500103004,20231019,1163,23,19,1,25.06864,121.5107,4
500103004,20231019,1164,23,21,1,25.06864,121.5107,2
500103004,20231019,1165,23,21,1,25.06864,121.5107,2
500103004,20231019,1166,23,20,1,25.06864,121.5107,3
500103004,20231019,1167,23,20,1,25.06864,121.5107,3
500103004,20231019,1168,23,18,1,25.06864,121.5107,5
500103004,20231019,1169,23,17,1,25.06864,121.5107,6
500103004,20231019,1171,23,17,1,25.06864,121.5107,6
500103004,20231019,1172,23,18,1,25.06864,121.5107,5
500103004,20231019,1173,23,18,1,25.06864,121.5107,5
500103004,20231019,1174,23,18,1,25.06864,121.5107,5
500103004,20231019,1175,23,19,1,25.06864,121.5107,4
500103004,20231019,1176,23,19,1,25.06864,121.5107,4
500103004,20231019,1177,23,19,1,25.06864,121.5107,4
500103004,20231019,1178,23,19,1,25.06864,121.5107,4
500103004,20231019,1179,23,18,1,25.06864,121.5107,5
500103004,20231019,1180,23,17,1,25.06864,121.5107,6
500103004,20231019,1181,23,17,1,25.06864,121.5107,6
500103004,20231019,1182,23,17,1,25.06864,121.5107,6
500103004,20231019,1183,23,17,1,25.06864,121.5107,6
500103004,20231019,1184,23,16,1,25.06864,121.5107,7
500103004,20231019,1185,23,17,1,25.06864,121.5107,6
500103004,20231019,1186,23,17,1,25.06864,121.5107,6
500103004,20231019,1187,23,17,1,25.06864,121.5107,6
500103004,20231019,1188,23,17,1,25.06864,121.5107,6
500103004,20231019,1189,23,17,1,25.06864,121.5107,6
500103004,20231019,1190,23,17,1,25.06864,121.5107,6
500103004,20231019,1191,23,17,1,25.06864,121.5107,6
500103004,20231019,1192,23,17,1,25.06864,121.5107,6
500103004,20231019,1193,23,17,1,25.06864,121.5107,6
500103004,20231019,1194,23,17,1,25.06864,121.5107,6
500103004,20231019,1195,23,17,1,25.06864,121.5107,6
500103004,20231019,1196,23,17,1,25.06864,121.5107,6
500103004,20231019,1197,23,17,1,25.06864,121.5107,6
500103004,20231019,1198,23,17,1,25.06864,121.5107,6
500103004,20231019,1199,23,16,1,25.06864,121.5107,7
500103004,20231019,1201,23,16,1,25.06864,121.5107,7
500103004,20231019,1202,23,16,1,25.06864,121.5107,7
500103004,20231019,1203,23,16,1,25.06864,121.5107,7
500103004,20231019,1204,23,16,1,25.06864,121.5107,7
500103004,20231019,1205,23,16,1,25.06864,121.5107,7
500103004,20231019,1206,23,15,1,25.06864,121.5107,8
500103004,20231019,1207,23,14,1,25.06864,121.5107,9
500103004,20231019,1208,23,14,1,25.06864,121.5107,9
500103004,20231019,1209,23,14,1,25.06864,121.5107,9
500103004,20231019,1210,23,14,1,25.06864,121.5107,9
500103004,20231019,1211,23,14,1,25.06864,121.5107,9
500103004,20231019,1212,23,14,1,25.06864,121.5107,9
500103004,20231019,1213,23,13,1,25.06864,121.5107,10
500103004,20231019,1214,23,11,1,25.06864,121.5107,12
500103004,20231019,1215,23,9,1,25.06864,121.5107,14
500103004,20231019,1216,23,8,1,25.06864,121.5107,15
500103004,20231019,1217,23,8,1,25.06864,121.5107,15
500103004,20231019,1218,23,9,1,25.06864,121.5107,14
500103004,20231019,1219,23,8,1,25.06864,121.5107,15
500103004,20231019,1221,23,7,1,25.06864,121.5107,16
500103004,20231019,1222,23,10,1,25.06864,121.5107,13
500103004,20231019,1223,23,14,1,25.06864,121.5107,9
500103004,20231019,1224,23,16,1,25.06864,121.5107,7
500103004,20231019,1225,23,18,1,25.06864,121.5107,5
500103004,20231019,1226,23,20,1,25.06864,121.5107,3
500103004,20231019,1227,23,19,1,25.06864,121.5107,4
500103004,20231019,1228,23,20,1,25.06864,121.5107,3
500103004,20231019,1229,23,20,1,25.06864,121.5107,3
500103004,20231019,1231,23,19,1,25.06864,121.5107,4
500103004,20231019,1232,23,19,1,25.06864,121.5107,4
500103004,20231019,1233,23,17,1,25.06864,121.5107,6
500103004,20231019,1234,23,18,1,25.06864,121.5107,5
500103004,20231019,1235,23,18,1,25.06864,121.5107,5
500103004,20231019,1236,23,18,1,25.06864,121.5107,5
500103004,20231019,1237,23,18,1,25.06864,121.5107,5
500103004,20231019,1238,23,18,1,25.06864,121.5107,5
500103004,20231019,1239,23,18,1,25.06864,121.5107,5
500103004,20231019,1240,23,18,1,25.06864,121.5107,5
500103004,20231019,1241,23,18,1,25.06864,121.5107,5
500103004,20231019,1242,23,18,1,25.06864,121.5107,5
500103004,20231019,1243,23,17,1,25.06864,121.5107,6
500103004,20231019,1244,23,17,1,25.06864,121.5107,6
500103004,20231019,1245,23,17,1,25.06864,121.5107,6
500103004,20231019,1246,23,17,1,25.06864,121.5107,6
500103004,20231019,1247,23,17,1,25.06864,121.5107,6
500103004,20231019,1248,23,17,1,25.06864,121.5107,6
500103004,20231019,1249,23,17,1,25.06864,121.5107,6
500103004,20231019,1250,23,17,1,25.06864,121.5107,6
500103004,20231019,1251,23,15,1,25.06864,121.5107,8
500103004,20231019,1252,23,15,1,25.06864,121.5107,8
500103004,20231019,1253,23,15,1,25.06864,121.5107,8
500103004,20231019,1254,23,14,1,25.06864,121.5107,9
500103004,20231019,1255,23,13,1,25.06864,121.5107,10
500103004,20231019,1256,23,13,1,25.06864,121.5107,10
500103004,20231019,1257,23,17,1,25.06864,121.5107,6
500103004,20231019,1258,23,19,1,25.06864,121.5107,4
500103004,20231019,1259,23,19,1,25.06864,121.5107,4
500103004,20231019,1261,23,19,1,25.06864,121.5107,4
500103004,20231019,1262,23,20,1,25.06864,121.5107,3
500103004,20231019,1263,23,20,1,25.06864,121.5107,3
500103004,20231019,1264,23,20,1,25.06864,121.5107,3
500103004,20231019,1265,23,22,1,25.06864,121.5107,1
500103004,20231019,1266,23,22,1,25.06864,121.5107,1
500103004,20231019,1267,23,22,1,25.06864,121.5107,1
500103004,20231019,1268,23,22,1,25.06864,121.5107,1
500103004,20231019,1269,23,21,1,25.06864,121.5107,2
500103004,20231019,1270,23,21,1,25.06864,121.5107,2
500103004,20231019,1271,23,21,1,25.06864,121.5107,2
500103004,20231019,1272,23,21,1,25.06864,121.5107,2
500103004,20231019,1273,23,20,1,25.06864,121.5107,3
500103004,20231019,1274,23,21,1,25.06864,121.5107,2
500103004,20231019,1275,23,21,1,25.06864,121.5107,2
500103004,20231019,1276,23,21,1,25.06864,121.5107,2
500103004,20231019,1277,23,18,1,25.06864,121.5107,5
500103004,20231019,1278,23,18,1,25.06864,121.5107,5
500103004,20231019,1279,23,18,1,25.06864,121.5107,5
500103004,20231019,1281,23,18,1,25.06864,121.5107,5
500103004,20231019,1282,23,18,1,25.06864,121.5107,5
500103004,20231019,1283,23,17,1,25.06864,121.5107,6
500103004,20231019,1284,23,16,1,25.06864,121.5107,7
500103004,20231019,1285,23,16,1,25.06864,121.5107,7
500103004,20231019,1286,23,16,1,25.06864,121.5107,7
500103004,20231019,1287,23,17,1,25.06864,121.5107,6
500103004,20231019,1288,23,17,1,25.06864,121.5107,6
500103004,20231019,1289,23,17,1,25.06864,121.5107,6
500103004,20231019,1291,23,17,1,25.06864,121.5107,6
500103004,20231019,1292,23,15,1,25.06864,121.5107,8
500103004,20231019,1293,23,13,1,25.06864,121.5107,10
500103004,20231019,1294,23,13,1,25.06864,121.5107,10
500103004,20231019,1295,23,13,1,25.06864,121.5107,10
500103004,20231019,1296,23,12,1,25.06864,121.5107,11
500103004,20231019,1297,23,11,1,25.06864,121.5107,12
500103004,20231019,1298,23,11,1,25.06864,121.5107,12
500103004,20231019,1300,23,11,1,25.06864,121.5107,12
500103004,20231019,1301,23,11,1,25.06864,121.5107,12
500103004,20231019,1302,23,11,1,25.06864,121.5107,12
500103004,20231019,1303,23,11,1,25.06864,121.5107,12
500103004,20231019,1304,23,11,1,25.06864,121.5107,12
500103004,20231019,1305,23,11,1,25.06864,121.5107,12
500103004,20231019,1306,23,11,1,25.06864,121.5107,12
500103004,20231019,1307,23,11,1,25.06864,121.5107,12
500103004,20231019,1308,23,11,1,25.06864,121.5107,12
500103004,20231019,1309,23,11,1,25.06864,121.5107,12
500103004,20231019,1310,23,11,1,25.06864,121.5107,12
500103004,20231019,1311,23,11,1,25.06864,121.5107,12
500103004,20231019,1312,23,12,1,25.06864,121.5107,11
500103004,20231019,1313,23,12,1,25.06864,121.5107,11
500103004,20231019,1314,23,12,1,25.06864,121.5107,11
500103004,20231019,1315,23,12,1,25.06864,121.5107,11
500103004,20231019,1316,23,11,1,25.06864,121.5107,12
500103004,20231019,1317,23,10,1,25.06864,121.5107,13
500103004,20231019,1318,23,9,1,25.06864,121.5107,14
500103004,20231019,1319,23,8,1,25.06864,121.5107,15
500103004,20231019,1321,23,8,1,25.06864,121.5107,15
500103004,20231019,1322,23,8,1,25.06864,121.5107,15
500103004,20231019,1323,23,8,1,25.06864,121.5107,15
500103004,20231019,1324,23,8,1,25.06864,121.5107,15
500103004,20231019,1325,23,4,1,25.06864,121.5107,19
500103004,20231019,1326,23,3,1,25.06864,121.5107,20
500103004,20231019,1327,23,2,1,25.06864,121.5107,21
500103004,20231019,1328,23,2,1,25.06864,121.5107,21
500103004,20231019,1329,23,2,1,25.06864,121.5107,21
500103004,20231019,1330,23,2,1,25.06864,121.5107,21
500103004,20231019,1331,23,2,1,25.06864,121.5107,21
500103004,20231019,1332,23,2,1,25.06864,121.5107,21
500103004,20231019,1333,23,0,1,25.06864,121.5107,23
500103004,20231019,1334,23,0,1,25.06864,121.5107,23
500103004,20231019,1335,23,0,1,25.06864,121.5107,23
500103004,20231019,1336,23,0,1,25.06864,121.5107,23
500103004,20231019,1337,23,0,1,25.06864,121.5107,23
500103004,20231019,1338,23,0,1,25.06864,121.5107,23
500103004,20231019,1339,23,0,1,25.06864,121.5107,23
500103004,20231019,1341,23,0,1,25.06864,121.5107,23
500103004,20231019,1342,23,0,1,25.06864,121.5107,23
500103004,20231019,1343,23,0,1,25.06864,121.5107,23
500103004,20231019,1344,23,0,1,25.06864,121.5107,23
500103004,20231019,1345,23,0,1,25.06864,121.5107,23
500103004,20231019,1346,23,1,1,25.06864,121.5107,22
500103004,20231019,1347,23,1,1,25.06864,121.5107,22
500103004,20231019,1348,23,1,1,25.06864,121.5107,22
500103004,20231019,1349,23,1,1,25.06864,121.5107,22
500103004,20231019,1350,23,1,1,25.06864,121.5107,22
500103004,20231019,1351,23,1,1,25.06864,121.5107,22
500103004,20231019,1352,23,1,1,25.06864,121.5107,22
500103004,20231019,1353,23,1,1,25.06864,121.5107,22
500103004,20231019,1354,23,1,1,25.06864,121.5107,22
500103004,20231019,1355,23,1,1,25.06864,121.5107,22
500103004,20231019,1356,23,1,1,25.06864,121.5107,22
500103004,20231019,1357,23,1,1,25.06864,121.5107,22
500103004,20231019,1358,23,1,1,25.06864,121.5107,22
500103004,20231019,1359,23,1,1,25.06864,121.5107,22
500103004,20231019,1360,23,1,1,25.06864,121.5107,22
500103004,20231019,1361,23,0,1,25.06864,121.5107,23
500103004,20231019,1362,23,0,1,25.06864,121.5107,23
500103004,20231019,1363,23,0,1,25.06864,121.5107,23
500103004,20231019,1364,23,0,1,25.06864,121.5107,23
500103004,20231019,1365,23,0,1,25.06864,121.5107,23
500103004,20231019,1366,23,0,1,25.06864,121.5107,23
500103004,20231019,1367,23,0,1,25.06864,121.5107,23
500103004,20231019,1368,23,0,1,25.06864,121.5107,23
500103004,20231019,1369,23,0,1,25.06864,121.5107,23
500103004,20231019,1370,23,0,1,25.06864,121.5107,23
500103004,20231019,1371,23,0,1,25.06864,121.5107,23
500103004,20231019,1372,23,0,1,25.06864,121.5107,23
500103004,20231019,1373,23,0,1,25.06864,121.5107,23
500103004,20231019,1374,23,0,1,25.06864,121.5107,23
500103004,20231019,1375,23,0,1,25.06864,121.5107,23
500103004,20231019,1376,23,0,1,25.06864,121.5107,23
500103004,20231019,1377,23,0,1,25.06864,121.5107,23
500103004,20231019,1378,23,0,1,25.06864,121.5107,23
500103004,20231019,1379,23,0,1,25.06864,121.5107,23
500103004,20231019,1381,23,0,1,25.06864,121.5107,23
500103004,20231019,1382,23,0,1,25.06864,121.5107,23
500103004,20231019,1383,23,0,1,25.06864,121.5107,23
500103004,20231019,1384,23,0,1,25.06864,121.5107,23
500103004,20231019,1385,23,0,1,25.06864,121.5107,23
500103004,20231019,1386,23,0,1,25.06864,121.5107,23
500103004,20231019,1387,23,0,1,25.06864,121.5107,23
500103004,20231019,1388,23,0,1,25.06864,121.5107,23
500103004,20231019,1389,23,1,1,25.06864,121.5107,22
500103004,20231019,1390,23,1,1,25.06864,121.5107,22
500103004,20231019,1391,23,1,1,25.06864,121.5107,22
500103004,20231019,1392,23,0,1,25.06864,121.5107,23
500103004,20231019,1393,23,0,1,25.06864,121.5107,23
500103004,20231019,1394,23,0,1,25.06864,121.5107,23
500103004,20231019,1395,23,2,1,25.06864,121.5107,21
500103004,20231019,1396,23,4,1,25.06864,121.5107,19
500103004,20231019,1397,23,6,1,25.06864,121.5107,17
500103004,20231019,1398,23,6,1,25.06864,121.5107,17
500103004,20231019,1399,23,7,1,25.06864,121.5107,16
500103004,20231019,1401,23,8,1,25.06864,121.5107,15
500103004,20231019,1402,23,8,1,25.06864,121.5107,15
500103004,20231019,1403,23,7,1,25.06864,121.5107,16
500103004,20231019,1404,23,7,1,25.06864,121.5107,16
500103004,20231019,1405,23,7,1,25.06864,121.5107,16
500103004,20231019,1406,23,7,1,25.06864,121.5107,16
500103004,20231019,1407,23,7,1,25.06864,121.5107,16
500103004,20231019,1408,23,7,1,25.06864,121.5107,16
500103004,20231019,1409,23,6,1,25.06864,121.5107,17
500103004,20231019,1410,23,6,1,25.06864,121.5107,17
500103004,20231019,1411,23,6,1,25.06864,121.5107,17
500103004,20231019,1412,23,6,1,25.06864,121.5107,17
500103004,20231019,1413,23,6,1,25.06864,121.5107,17
500103004,20231019,1414,23,6,1,25.06864,121.5107,17
500103004,20231019,1415,23,6,1,25.06864,121.5107,17
500103004,20231019,1416,23,6,1,25.06864,121.5107,17
500103004,20231019,1417,23,6,1,25.06864,121.5107,17
500103004,20231019,1418,23,6,1,25.06864,121.5107,17
500103004,20231019,1419,23,6,1,25.06864,121.5107,17
500103004,20231019,1420,23,6,1,25.06864,121.5107,17
500103004,20231019,1421,23,6,1,25.06864,121.5107,17
500103004,20231019,1422,23,5,1,25.06864,121.5107,18
500103004,20231019,1423,23,5,1,25.06864,121.5107,18
500103004,20231019,1424,23,5,1,25.06864,121.5107,18
500103004,20231019,1425,23,5,1,25.06864,121.5107,18
500103004,20231019,1426,23,5,1,25.06864,121.5107,18
500103004,20231019,1427,23,5,1,25.06864,121.5107,18
500103004,20231019,1428,23,5,1,25.06864,121.5107,18
500103004,20231019,1429,23,5,1,25.06864,121.5107,18
500103004,20231019,1430,23,5,1,25.06864,121.5107,18
500103004,20231019,1431,23,5,1,25.06864,121.5107,18
500103004,20231019,1432,23,4,1,25.06864,121.5107,19
500103004,20231019,1433,23,4,1,25.06864,121.5107,19
500103004,20231019,1434,23,4,1,25.06864,121.5107,19
500103004,20231019,1435,23,4,1,25.06864,121.5107,19
500103004,20231019,1436,23,4,1,25.06864,121.5107,19
500103004,20231019,1437,23,4,1,25.06864,121.5107,19
500103004,20231019,1438,23,4,1,25.06864,121.5107,19
500103004,20231019,1439,23,4,1,25.06864,121.5107,19
500103004,20231020,1,23,4,1,25.06864,121.5107,19
500103004,20231020,2,23,4,1,25.06864,121.5107,19
500103004,20231020,3,23,4,1,25.06864,121.5107,19
500103004,20231020,4,23,3,1,25.06864,121.5107,20
500103004,20231020,5,23,3,1,25.06864,121.5107,20
500103004,20231020,6,23,3,1,25.06864,121.5107,20
500103004,20231020,7,23,3,1,25.06864,121.5107,20
500103004,20231020,8,23,3,1,25.06864,121.5107,20
500103004,20231020,10,23,3,1,25.06864,121.5107,20
500103004,20231020,11,23,3,1,25.06864,121.5107,20
500103004,20231020,12,23,3,1,25.06864,121.5107,20
500103004,20231020,13,23,3,1,25.06864,121.5107,20
500103004,20231020,14,23,3,1,25.06864,121.5107,20
500103004,20231020,15,23,3,1,25.06864,121.5107,20
500103004,20231020,16,23,3,1,25.06864,121.5107,20
500103004,20231020,17,23,3,1,25.06864,121.5107,20
500103004,20231020,18,23,3,1,25.06864,121.5107,20
500103004,20231020,19,23,3,1,25.06864,121.5107,20
500103004,20231020,21,23,3,1,25.06864,121.5107,20
500103004,20231020,22,23,3,1,25.06864,121.5107,20
500103004,20231020,23,23,3,1,25.06864,121.5107,20
500103004,20231020,24,23,3,1,25.06864,121.5107,20
500103004,20231020,25,23,3,1,25.06864,121.5107,20
500103004,20231020,26,23,3,1,25.06864,121.5107,20
500103004,20231020,27,23,3,1,25.06864,121.5107,20
500103004,20231020,28,23,3,1,25.06864,121.5107,20
500103004,20231020,29,23,3,1,25.06864,121.5107,20
500103004,20231020,31,23,3,1,25.06864,121.5107,20
500103004,20231020,32,23,3,1,25.06864,121.5107,20
500103004,20231020,34,23,3,1,25.06864,121.5107,20
500103004,20231020,35,23,3,1,25.06864,121.5107,20
500103004,20231020,36,23,3,1,25.06864,121.5107,20
500103004,20231020,37,23,3,1,25.06864,121.5107,20
500103004,20231020,38,23,3,1,25.06864,121.5107,20
500103004,20231020,39,23,3,1,25.06864,121.5107,20
500103004,20231020,41,23,3,1,25.06864,121.5107,20
500103004,20231020,42,23,3,1,25.06864,121.5107,20
500103004,20231020,43,23,3,1,25.06864,121.5107,20
500103004,20231020,44,23,3,1,25.06864,121.5107,20
500103004,20231020,45,23,3,1,25.06864,121.5107,20
500103004,20231020,46,23,3,1,25.06864,121.5107,20
500103004,20231020,47,23,3,1,25.06864,121.5107,20
500103004,20231020,48,23,3,1,25.06864,121.5107,20
500103004,20231020,49,23,3,1,25.06864,121.5107,20
500103004,20231020,50,23,3,1,25.06864,121.5107,20
500103004,20231020,51,23,3,1,25.06864,121.5107,20
500103004,20231020,52,23,3,1,25.06864,121.5107,20
500103004,20231020,53,23,3,1,25.06864,121.5107,20
500103004,20231020,54,23,3,1,25.06864,121.5107,20
500103004,20231020,55,23,3,1,25.06864,121.5107,20
500103004,20231020,56,23,3,1,25.06864,121.5107,20
500103004,20231020,57,23,3,1,25.06864,121.5107,20
500103004,20231020,58,23,3,1,25.06864,121.5107,20
500103004,20231020,59,23,3,1,25.06864,121.5107,20
500103004,20231020,61,23,3,1,25.06864,121.5107,20
500103004,20231020,62,23,3,1,25.06864,121.5107,20
500103004,20231020,63,23,3,1,25.06864,121.5107,20
500103004,20231020,64,23,3,1,25.06864,121.5107,20
500103004,20231020,65,23,3,1,25.06864,121.5107,20
500103004,20231020,66,23,3,1,25.06864,121.5107,20
500103004,20231020,67,23,3,1,25.06864,121.5107,20
500103004,20231020,68,23,3,1,25.06864,121.5107,20
500103004,20231020,69,23,3,1,25.06864,121.5107,20
500103004,20231020,70,23,3,1,25.06864,121.5107,20
500103004,20231020,71,23,3,1,25.06864,121.5107,20
500103004,20231020,72,23,3,1,25.06864,121.5107,20
500103004,20231020,73,23,3,1,25.06864,121.5107,20
500103004,20231020,74,23,3,1,25.06864,121.5107,20
500103004,20231020,75,23,3,1,25.06864,121.5107,20
500103004,20231020,76,23,3,1,25.06864,121.5107,20
500103004,20231020,77,23,3,1,25.06864,121.5107,20
500103004,20231020,78,23,3,1,25.06864,121.5107,20
500103004,20231020,79,23,3,1,25.06864,121.5107,20
500103004,20231020,81,23,3,1,25.06864,121.5107,20
500103004,20231020,82,23,4,1,25.06864,121.5107,19
500103004,20231020,83,23,4,1,25.06864,121.5107,19
500103004,20231020,84,23,4,1,25.06864,121.5107,19
500103004,20231020,85,23,4,1,25.06864,121.5107,19
500103004,20231020,86,23,4,1,25.06864,121.5107,19
500103004,20231020,87,23,4,1,25.06864,121.5107,19
500103004,20231020,88,23,4,1,25.06864,121.5107,19
500103004,20231020,89,23,4,1,25.06864,121.5107,19
500103004,20231020,90,23,4,1,25.06864,121.5107,19
500103004,20231020,91,23,4,1,25.06864,121.5107,19
500103004,20231020,92,23,4,1,25.06864,121.5107,19
500103004,20231020,93,23,4,1,25.06864,121.5107,19
500103004,20231020,94,23,4,1,25.06864,121.5107,19
500103004,20231020,95,23,4,1,25.06864,121.5107,19
500103004,20231020,96,23,4,1,25.06864,121.5107,19
500103004,20231020,97,23,4,1,25.06864,121.5107,19
500103004,20231020,98,23,4,1,25.06864,121.5107,19
500103004,20231020,99,23,4,1,25.06864,121.5107,19
500103004,20231020,100,23,4,1,25.06864,121.5107,19
500103004,20231020,101,23,4,1,25.06864,121.5107,19
500103004,20231020,102,23,4,1,25.06864,121.5107,19
500103004,20231020,103,23,4,1,25.06864,121.5107,19
500103004,20231020,104,23,4,1,25.06864,121.5107,19
500103004,20231020,105,23,4,1,25.06864,121.5107,19
500103004,20231020,106,23,4,1,25.06864,121.5107,19
500103004,20231020,107,23,4,1,25.06864,121.5107,19
500103004,20231020,108,23,4,1,25.06864,121.5107,19
500103004,20231020,109,23,4,1,25.06864,121.5107,19
500103004,20231020,110,23,4,1,25.06864,121.5107,19
500103004,20231020,111,23,4,1,25.06864,121.5107,19
500103004,20231020,112,23,4,1,25.06864,121.5107,19
500103004,20231020,113,23,4,1,25.06864,121.5107,19
500103004,20231020,114,23,4,1,25.06864,121.5107,19
500103004,20231020,115,23,4,1,25.06864,121.5107,19
500103004,20231020,116,23,4,1,25.06864,121.5107,19
500103004,20231020,117,23,4,1,25.06864,121.5107,19
500103004,20231020,118,23,4,1,25.06864,121.5107,19
500103004,20231020,119,23,4,1,25.06864,121.5107,19
500103004,20231020,121,23,4,1,25.06864,121.5107,19
500103004,20231020,122,23,4,1,25.06864,121.5107,19
500103004,20231020,123,23,4,1,25.06864,121.5107,19
500103004,20231020,124,23,4,1,25.06864,121.5107,19
500103004,20231020,125,23,4,1,25.06864,121.5107,19
500103004,20231020,126,23,4,1,25.06864,121.5107,19
500103004,20231020,127,23,4,1,25.06864,121.5107,19
500103004,20231020,128,23,4,1,25.06864,121.5107,19
500103004,20231020,129,23,4,1,25.06864,121.5107,19
500103004,20231020,130,23,4,1,25.06864,121.5107,19
500103004,20231020,131,23,4,1,25.06864,121.5107,19
500103004,20231020,132,23,4,1,25.06864,121.5107,19
500103004,20231020,133,23,4,1,25.06864,121.5107,19
500103004,20231020,134,23,4,1,25.06864,121.5107,19
500103004,20231020,135,23,4,1,25.06864,121.5107,19
500103004,20231020,136,23,4,1,25.06864,121.5107,19
500103004,20231020,137,23,4,1,25.06864,121.5107,19
500103004,20231020,138,23,4,1,25.06864,121.5107,19
500103004,20231020,139,23,4,1,25.06864,121.5107,19
500103004,20231020,141,23,4,1,25.06864,121.5107,19
500103004,20231020,142,23,4,1,25.06864,121.5107,19
500103004,20231020,143,23,4,1,25.06864,121.5107,19
500103004,20231020,144,23,4,1,25.06864,121.5107,19
500103004,20231020,145,23,4,1,25.06864,121.5107,19
500103004,20231020,146,23,4,1,25.06864,121.5107,19
500103004,20231020,147,23,4,1,25.06864,121.5107,19
500103004,20231020,148,23,4,1,25.06864,121.5107,19
500103004,20231020,149,23,4,1,25.06864,121.5107,19
500103004,20231020,150,23,4,1,25.06864,121.5107,19
500103004,20231020,151,23,4,1,25.06864,121.5107,19
500103004,20231020,152,23,4,1,25.06864,121.5107,19
500103004,20231020,153,23,4,1,25.06864,121.5107,19
500103004,20231020,154,23,4,1,25.06864,121.5107,19
500103004,20231020,155,23,4,1,25.06864,121.5107,19
500103004,20231020,156,23,4,1,25.06864,121.5107,19
500103004,20231020,157,23,4,1,25.06864,121.5107,19
500103004,20231020,158,23,4,1,25.06864,121.5107,19
500103004,20231020,159,23,4,1,25.06864,121.5107,19
500103004,20231020,160,23,4,1,25.06864,121.5107,19
500103004,20231020,161,23,4,1,25.06864,121.5107,19
500103004,20231020,162,23,4,1,25.06864,121.5107,19
500103004,20231020,163,23,4,1,25.06864,121.5107,19
500103004,20231020,164,23,4,1,25.06864,121.5107,19
500103004,20231020,165,23,4,1,25.06864,121.5107,19
500103004,20231020,166,23,4,1,25.06864,121.5107,19
500103004,20231020,167,23,4,1,25.06864,121.5107,19
500103004,20231020,168,23,4,1,25.06864,121.5107,19
500103004,20231020,169,23,4,1,25.06864,121.5107,19
500103004,20231020,170,23,4,1,25.06864,121.5107,19
500103004,20231020,171,23,4,1,25.06864,121.5107,19
500103004,20231020,172,23,4,1,25.06864,121.5107,19
500103004,20231020,173,23,4,1,25.06864,121.5107,19
500103004,20231020,174,23,4,1,25.06864,121.5107,19
500103004,20231020,175,23,4,1,25.06864,121.5107,19
500103004,20231020,176,23,4,1,25.06864,121.5107,19
500103004,20231020,177,23,4,1,25.06864,121.5107,19
500103004,20231020,178,23,4,1,25.06864,121.5107,19
500103004,20231020,179,23,4,1,25.06864,121.5107,19
500103004,20231020,180,23,4,1,25.06864,121.5107,19
500103004,20231020,181,23,4,1,25.06864,121.5107,19
500103004,20231020,182,23,4,1,25.06864,121.5107,19
500103004,20231020,183,23,4,1,25.06864,121.5107,19
500103004,20231020,184,23,4,1,25.06864,121.5107,19
500103004,20231020,185,23,4,1,25.06864,121.5107,19
500103004,20231020,186,23,4,1,25.06864,121.5107,19
500103004,20231020,187,23,4,1,25.06864,121.5107,19
500103004,20231020,188,23,4,1,25.06864,121.5107,19
500103004,20231020,189,23,4,1,25.06864,121.5107,19
500103004,20231020,190,23,4,1,25.06864,121.5107,19
500103004,20231020,191,23,4,1,25.06864,121.5107,19
500103004,20231020,192,23,4,1,25.06864,121.5107,19
500103004,20231020,193,23,4,1,25.06864,121.5107,19
500103004,20231020,194,23,4,1,25.06864,121.5107,19
500103004,20231020,195,23,4,1,25.06864,121.5107,19
500103004,20231020,196,23,4,1,25.06864,121.5107,19
500103004,20231020,197,23,4,1,25.06864,121.5107,19
500103004,20231020,198,23,4,1,25.06864,121.5107,19
500103004,20231020,199,23,4,1,25.06864,121.5107,19
500103004,20231020,201,23,4,1,25.06864,121.5107,19
500103004,20231020,202,23,4,1,25.06864,121.5107,19
500103004,20231020,203,23,4,1,25.06864,121.5107,19
500103004,20231020,204,23,4,1,25.06864,121.5107,19
500103004,20231020,205,23,4,1,25.06864,121.5107,19
500103004,20231020,206,23,4,1,25.06864,121.5107,19
500103004,20231020,207,23,4,1,25.06864,121.5107,19
500103004,20231020,208,23,4,1,25.06864,121.5107,19
500103004,20231020,209,23,4,1,25.06864,121.5107,19
500103004,20231020,210,23,4,1,25.06864,121.5107,19
500103004,20231020,211,23,4,1,25.06864,121.5107,19
500103004,20231020,212,23,4,1,25.06864,121.5107,19
500103004,20231020,213,23,4,1,25.06864,121.5107,19
500103004,20231020,214,23,4,1,25.06864,121.5107,19
500103004,20231020,215,23,4,1,25.06864,121.5107,19
500103004,20231020,216,23,4,1,25.06864,121.5107,19
500103004,20231020,217,23,4,1,25.06864,121.5107,19
500103004,20231020,218,23,4,1,25.06864,121.5107,19
500103004,20231020,219,23,4,1,25.06864,121.5107,19
500103004,20231020,220,23,4,1,25.06864,121.5107,19
500103004,20231020,221,23,4,1,25.06864,121.5107,19
500103004,20231020,222,23,4,1,25.06864,121.5107,19
500103004,20231020,223,23,4,1,25.06864,121.5107,19
500103004,20231020,224,23,4,1,25.06864,121.5107,19
500103004,20231020,225,23,4,1,25.06864,121.5107,19
500103004,20231020,226,23,4,1,25.06864,121.5107,19
500103004,20231020,227,23,4,1,25.06864,121.5107,19
500103004,20231020,228,23,4,1,25.06864,121.5107,19
500103004,20231020,229,23,4,1,25.06864,121.5107,19
500103004,20231020,230,23,4,1,25.06864,121.5107,19
500103004,20231020,231,23,4,1,25.06864,121.5107,19
500103004,20231020,232,23,4,1,25.06864,121.5107,19
500103004,20231020,233,23,4,1,25.06864,121.5107,19
500103004,20231020,234,23,4,1,25.06864,121.5107,19
500103004,20231020,235,23,4,1,25.06864,121.5107,19
500103004,20231020,236,23,4,1,25.06864,121.5107,19
500103004,20231020,237,23,4,1,25.06864,121.5107,19
500103004,20231020,238,23,4,1,25.06864,121.5107,19
500103004,20231020,239,23,4,1,25.06864,121.5107,19
500103004,20231020,240,23,4,1,25.06864,121.5107,19
500103004,20231020,241,23,4,1,25.06864,121.5107,19
500103004,20231020,242,23,4,1,25.06864,121.5107,19
500103004,20231020,243,23,4,1,25.06864,121.5107,19
500103004,20231020,244,23,4,1,25.06864,121.5107,19
500103004,20231020,245,23,4,1,25.06864,121.5107,19
500103004,20231020,246,23,4,1,25.06864,121.5107,19
500103004,20231020,247,23,4,1,25.06864,121.5107,19
500103004,20231020,248,23,4,1,25.06864,121.5107,19
500103004,20231020,249,23,4,1,25.06864,121.5107,19
500103004,20231020,250,23,4,1,25.06864,121.5107,19
500103004,20231020,251,23,4,1,25.06864,121.5107,19
500103004,20231020,252,23,4,1,25.06864,121.5107,19
500103004,20231020,253,23,4,1,25.06864,121.5107,19
500103004,20231020,254,23,4,1,25.06864,121.5107,19
500103004,20231020,255,23,4,1,25.06864,121.5107,19
500103004,20231020,256,23,4,1,25.06864,121.5107,19
500103004,20231020,257,23,4,1,25.06864,121.5107,19
500103004,20231020,258,23,4,1,25.06864,121.5107,19
500103004,20231020,259,23,4,1,25.06864,121.5107,19
500103004,20231020,261,23,4,1,25.06864,121.5107,19
500103004,20231020,262,23,4,1,25.06864,121.5107,19
500103004,20231020,264,23,4,1,25.06864,121.5107,19
500103004,20231020,265,23,4,1,25.06864,121.5107,19
500103004,20231020,266,23,4,1,25.06864,121.5107,19
500103004,20231020,267,23,4,1,25.06864,121.5107,19
500103004,20231020,268,23,4,1,25.06864,121.5107,19
500103004,20231020,269,23,4,1,25.06864,121.5107,19
500103004,20231020,270,23,4,1,25.06864,121.5107,19
500103004,20231020,271,23,4,1,25.06864,121.5107,19
500103004,20231020,272,23,4,1,25.06864,121.5107,19
500103004,20231020,273,23,4,1,25.06864,121.5107,19
500103004,20231020,274,23,4,1,25.06864,121.5107,19
500103004,20231020,275,23,4,1,25.06864,121.5107,19
500103004,20231020,276,23,3,1,25.06864,121.5107,20
500103004,20231020,277,23,3,1,25.06864,121.5107,20
500103004,20231020,278,23,3,1,25.06864,121.5107,20
500103004,20231020,279,23,3,1,25.06864,121.5107,20
500103004,20231020,280,23,3,1,25.06864,121.5107,20
500103004,20231020,281,23,3,1,25.06864,121.5107,20
500103004,20231020,282,23,3,1,25.06864,121.5107,20
500103004,20231020,283,23,3,1,25.06864,121.5107,20
500103004,20231020,284,23,3,1,25.06864,121.5107,20
500103004,20231020,285,23,3,1,25.06864,121.5107,20
500103004,20231020,286,23,3,1,25.06864,121.5107,20
500103004,20231020,287,23,3,1,25.06864,121.5107,20
500103004,20231020,288,23,3,1,25.06864,121.5107,20
500103004,20231020,289,23,3,1,25.06864,121.5107,20
500103004,20231020,290,23,3,1,25.06864,121.5107,20
500103004,20231020,291,23,3,1,25.06864,121.5107,20
500103004,20231020,292,23,3,1,25.06864,121.5107,20
500103004,20231020,293,23,3,1,25.06864,121.5107,20
500103004,20231020,294,23,3,1,25.06864,121.5107,20
500103004,20231020,295,23,3,1,25.06864,121.5107,20
500103004,20231020,296,23,3,1,25.06864,121.5107,20
500103004,20231020,297,23,3,1,25.06864,121.5107,20
500103004,20231020,298,23,3,1,25.06864,121.5107,20
500103004,20231020,299,23,4,1,25.06864,121.5107,19
500103004,20231020,300,23,4,1,25.06864,121.5107,19
500103004,20231020,301,23,4,1,25.06864,121.5107,19
500103004,20231020,302,23,4,1,25.06864,121.5107,19
500103004,20231020,303,23,4,1,25.06864,121.5107,19
500103004,20231020,304,23,4,1,25.06864,121.5107,19
500103004,20231020,305,23,4,1,25.06864,121.5107,19
500103004,20231020,306,23,4,1,25.06864,121.5107,19
500103004,20231020,307,23,4,1,25.06864,121.5107,19
500103004,20231020,308,23,4,1,25.06864,121.5107,19
500103004,20231020,309,23,4,1,25.06864,121.5107,19
500103004,20231020,310,23,4,1,25.06864,121.5107,19
500103004,20231020,311,23,4,1,25.06864,121.5107,19
500103004,20231020,312,23,4,1,25.06864,121.5107,19
500103004,20231020,313,23,4,1,25.06864,121.5107,19
500103004,20231020,314,23,4,1,25.06864,121.5107,19
500103004,20231020,315,23,4,1,25.06864,121.5107,19
500103004,20231020,316,23,4,1,25.06864,121.5107,19
500103004,20231020,317,23,4,1,25.06864,121.5107,19
500103004,20231020,318,23,4,1,25.06864,121.5107,19
500103004,20231020,319,23,4,1,25.06864,121.5107,19
500103004,20231020,321,23,4,1,25.06864,121.5107,19
500103004,20231020,322,23,4,1,25.06864,121.5107,19
500103004,20231020,323,23,4,1,25.06864,121.5107,19
500103004,20231020,324,23,4,1,25.06864,121.5107,19
500103004,20231020,325,23,4,1,25.06864,121.5107,19
500103004,20231020,326,23,4,1,25.06864,121.5107,19
500103004,20231020,327,23,4,1,25.06864,121.5107,19
500103004,20231020,328,23,4,1,25.06864,121.5107,19
500103004,20231020,329,23,4,1,25.06864,121.5107,19
500103004,20231020,330,23,4,1,25.06864,121.5107,19
500103004,20231020,331,23,4,1,25.06864,121.5107,19
500103004,20231020,332,23,4,1,25.06864,121.5107,19
500103004,20231020,333,23,4,1,25.06864,121.5107,19
500103004,20231020,334,23,4,1,25.06864,121.5107,19
500103004,20231020,335,23,4,1,25.06864,121.5107,19
500103004,20231020,336,23,4,1,25.06864,121.5107,19
500103004,20231020,337,23,4,1,25.06864,121.5107,19
500103004,20231020,338,23,4,1,25.06864,121.5107,19
500103004,20231020,339,23,4,1,25.06864,121.5107,19
500103004,20231020,340,23,4,1,25.06864,121.5107,19
500103004,20231020,341,23,4,1,25.06864,121.5107,19
500103004,20231020,342,23,4,1,25.06864,121.5107,19
500103004,20231020,343,23,4,1,25.06864,121.5107,19
500103004,20231020,344,23,4,1,25.06864,121.5107,19
500103004,20231020,345,23,4,1,25.06864,121.5107,19
500103004,20231020,346,23,4,1,25.06864,121.5107,19
500103004,20231020,347,23,4,1,25.06864,121.5107,19
500103004,20231020,348,23,4,1,25.06864,121.5107,19
500103004,20231020,349,23,4,1,25.06864,121.5107,19
500103004,20231020,350,23,4,1,25.06864,121.5107,19
500103004,20231020,351,23,4,1,25.06864,121.5107,19
500103004,20231020,352,23,4,1,25.06864,121.5107,19
500103004,20231020,353,23,4,1,25.06864,121.5107,19
500103004,20231020,354,23,4,1,25.06864,121.5107,19
500103004,20231020,355,23,4,1,25.06864,121.5107,19
500103004,20231020,356,23,4,1,25.06864,121.5107,19
500103004,20231020,357,23,4,1,25.06864,121.5107,19
500103004,20231020,358,23,4,1,25.06864,121.5107,19
500103004,20231020,359,23,4,1,25.06864,121.5107,19
500103004,20231020,361,23,4,1,25.06864,121.5107,19
500103004,20231020,362,23,4,1,25.06864,121.5107,19
500103004,20231020,363,23,4,1,25.06864,121.5107,19
500103004,20231020,364,23,3,1,25.06864,121.5107,20
500103004,20231020,365,23,3,1,25.06864,121.5107,20
500103004,20231020,366,23,3,1,25.06864,121.5107,20
500103004,20231020,367,23,3,1,25.06864,121.5107,20
500103004,20231020,368,23,3,1,25.06864,121.5107,20
500103004,20231020,369,23,3,1,25.06864,121.5107,20
500103004,20231020,370,23,3,1,25.06864,121.5107,20
500103004,20231020,371,23,3,1,25.06864,121.5107,20
500103004,20231020,372,23,3,1,25.06864,121.5107,20
500103004,20231020,373,23,2,1,25.06864,121.5107,21
500103004,20231020,374,23,2,1,25.06864,121.5107,21
500103004,20231020,375,23,2,1,25.06864,121.5107,21
500103004,20231020,376,23,3,1,25.06864,121.5107,20
500103004,20231020,377,23,3,1,25.06864,121.5107,20
500103004,20231020,378,23,3,1,25.06864,121.5107,20
500103004,20231020,379,23,3,1,25.06864,121.5107,20
500103004,20231020,381,23,3,1,25.06864,121.5107,20
500103004,20231020,382,23,3,1,25.06864,121.5107,20
500103004,20231020,383,23,3,1,25.06864,121.5107,20
500103004,20231020,384,23,3,1,25.06864,121.5107,20
500103004,20231020,385,23,5,1,25.06864,121.5107,18
500103004,20231020,386,23,5,1,25.06864,121.5107,18
500103004,20231020,387,23,5,1,25.06864,121.5107,18
500103004,20231020,388,23,5,1,25.06864,121.5107,18
500103004,20231020,389,23,5,1,25.06864,121.5107,18
500103004,20231020,390,23,5,1,25.06864,121.5107,18
500103004,20231020,391,23,5,1,25.06864,121.5107,18
500103004,20231020,392,23,5,1,25.06864,121.5107,18
500103004,20231020,393,23,5,1,25.06864,121.5107,18
500103004,20231020,394,23,6,1,25.06864,121.5107,17
500103004,20231020,395,23,7,1,25.06864,121.5107,16
500103004,20231020,396,23,7,1,25.06864,121.5107,16
500103004,20231020,397,23,7,1,25.06864,121.5107,16
500103004,20231020,398,23,7,1,25.06864,121.5107,16
500103004,20231020,399,23,7,1,25.06864,121.5107,16
500103004,20231020,400,23,7,1,25.06864,121.5107,16
500103004,20231020,401,23,8,1,25.06864,121.5107,15
500103004,20231020,402,23,9,1,25.06864,121.5107,14
500103004,20231020,403,23,9,1,25.06864,121.5107,14
500103004,20231020,404,23,10,1,25.06864,121.5107,13
500103004,20231020,405,23,11,1,25.06864,121.5107,12
500103004,20231020,406,23,11,1,25.06864,121.5107,12
500103004,20231020,407,23,11,1,25.06864,121.5107,12
500103004,20231020,408,23,12,1,25.06864,121.5107,11
500103004,20231020,409,23,12,1,25.06864,121.5107,11
500103004,20231020,410,23,12,1,25.06864,121.5107,11
500103004,20231020,411,23,12,1,25.06864,121.5107,11
500103004,20231020,412,23,12,1,25.06864,121.5107,11
500103004,20231020,413,23,13,1,25.06864,121.5107,10
500103004,20231020,414,23,13,1,25.06864,121.5107,10
500103004,20231020,415,23,13,1,25.06864,121.5107,10
500103004,20231020,416,23,14,1,25.06864,121.5107,9
500103004,20231020,417,23,15,1,25.06864,121.5107,8
500103004,20231020,418,23,15,1,25.06864,121.5107,8
500103004,20231020,419,23,15,1,25.06864,121.5107,8
500103004,20231020,421,23,15,1,25.06864,121.5107,8
500103004,20231020,422,23,15,1,25.06864,121.5107,8
500103004,20231020,423,23,15,1,25.06864,121.5107,8
500103004,20231020,424,23,15,1,25.06864,121.5107,8
500103004,20231020,425,23,16,1,25.06864,121.5107,7
500103004,20231020,426,23,16,1,25.06864,121.5107,7
500103004,20231020,427,23,16,1,25.06864,121.5107,7
500103004,20231020,428,23,17,1,25.06864,121.5107,6
500103004,20231020,429,23,17,1,25.06864,121.5107,6
500103004,20231020,430,23,17,1,25.06864,121.5107,6
500103004,20231020,431,23,17,1,25.06864,121.5107,6
500103004,20231020,432,23,17,1,25.06864,121.5107,6
500103004,20231020,433,23,17,1,25.06864,121.5107,6
500103004,20231020,434,23,17,1,25.06864,121.5107,6
500103004,20231020,435,23,17,1,25.06864,121.5107,6
500103004,20231020,436,23,17,1,25.06864,121.5107,6
500103004,20231020,437,23,17,1,25.06864,121.5107,6
500103004,20231020,438,23,19,1,25.06864,121.5107,4
500103004,20231020,439,23,20,1,25.06864,121.5107,3
500103004,20231020,441,23,20,1,25.06864,121.5107,3
500103004,20231020,442,23,18,1,25.06864,121.5107,5
500103004,20231020,443,23,14,1,25.06864,121.5107,9
500103004,20231020,444,23,14,1,25.06864,121.5107,9
500103004,20231020,445,23,10,1,25.06864,121.5107,13
500103004,20231020,446,23,8,1,25.06864,121.5107,15
500103004,20231020,447,23,7,1,25.06864,121.5107,16
500103004,20231020,448,23,5,1,25.06864,121.5107,18
500103004,20231020,449,23,3,1,25.06864,121.5107,20
500103004,20231020,451,23,1,1,25.06864,121.5107,22
500103004,20231020,452,23,0,1,25.06864,121.5107,23
500103004,20231020,453,23,0,1,25.06864,121.5107,23
500103004,20231020,454,23,1,1,25.06864,121.5107,22
500103004,20231020,455,23,1,1,25.06864,121.5107,22
500103004,20231020,456,23,1,1,25.06864,121.5107,22
500103004,20231020,457,23,2,1,25.06864,121.5107,21
500103004,20231020,458,23,3,1,25.06864,121.5107,20
500103004,20231020,459,23,3,1,25.06864,121.5107,20
500103004,20231020,460,23,3,1,25.06864,121.5107,20
500103004,20231020,461,23,3,1,25.06864,121.5107,20
500103004,20231020,462,23,3,1,25.06864,121.5107,20
500103004,20231020,463,23,3,1,25.06864,121.5107,20
500103004,20231020,464,23,5,1,25.06864,121.5107,18
500103004,20231020,465,23,5,1,25.06864,121.5107,18
500103004,20231020,466,23,5,1,25.06864,121.5107,18
500103004,20231020,467,23,6,1,25.06864,121.5107,17
500103004,20231020,468,23,5,1,25.06864,121.5107,18
500103004,20231020,469,23,5,1,25.06864,121.5107,18
500103004,20231020,470,23,6,1,25.06864,121.5107,17
500103004,20231020,471,23,6,1,25.06864,121.5107,17
500103004,20231020,472,23,6,1,25.06864,121.5107,17
500103004,20231020,473,23,7,1,25.06864,121.5107,16
500103004,20231020,474,23,7,1,25.06864,121.5107,16
500103004,20231020,475,23,7,1,25.06864,121.5107,16
500103004,20231020,476,23,7,1,25.06864,121.5107,16
500103004,20231020,477,23,8,1,25.06864,121.5107,15
500103004,20231020,478,23,9,1,25.06864,121.5107,14
500103004,20231020,479,23,9,1,25.06864,121.5107,14
500103004,20231020,481,23,9,1,25.06864,121.5107,14
500103004,20231020,482,23,10,1,25.06864,121.5107,13
500103004,20231020,483,23,10,1,25.06864,121.5107,13
500103004,20231020,484,23,10,1,25.06864,121.5107,13
500103004,20231020,485,23,10,1,25.06864,121.5107,13
500103004,20231020,486,23,10,1,25.06864,121.5107,13
500103004,20231020,487,23,11,1,25.06864,121.5107,12
500103004,20231020,488,23,11,1,25.06864,121.5107,12
500103004,20231020,489,23,12,1,25.06864,121.5107,11
500103004,20231020,490,23,9,1,25.06864,121.5107,14
500103004,20231020,491,23,9,1,25.06864,121.5107,14
500103004,20231020,492,23,9,1,25.06864,121.5107,14
500103004,20231020,493,23,10,1,25.06864,121.5107,13
500103004,20231020,494,23,10,1,25.06864,121.5107,13
500103004,20231020,495,23,10,1,25.06864,121.5107,13
500103004,20231020,496,23,11,1,25.06864,121.5107,12
500103004,20231020,497,23,12,1,25.06864,121.5107,11
500103004,20231020,498,23,12,1,25.06864,121.5107,11
500103004,20231020,499,23,12,1,25.06864,121.5107,11
500103004,20231020,501,23,12,1,25.06864,121.5107,11
500103004,20231020,502,23,13,1,25.06864,121.5107,10
500103004,20231020,503,23,13,1,25.06864,121.5107,10
500103004,20231020,504,23,12,1,25.06864,121.5107,11
500103004,20231020,505,23,12,1,25.06864,121.5107,11
500103004,20231020,506,23,14,1,25.06864,121.5107,9
500103004,20231020,507,23,14,1,25.06864,121.5107,9
500103004,20231020,508,23,14,1,25.06864,121.5107,9
500103004,20231020,509,23,14,1,25.06864,121.5107,9
500103004,20231020,511,23,14,1,25.06864,121.5107,9
500103004,20231020,512,23,15,1,25.06864,121.5107,8
500103004,20231020,513,23,14,1,25.06864,121.5107,9
500103004,20231020,514,23,15,1,25.06864,121.5107,8
500103004,20231020,515,23,15,1,25.06864,121.5107,8
500103004,20231020,516,23,15,1,25.06864,121.5107,8
500103004,20231020,517,23,15,1,25.06864,121.5107,8
500103004,20231020,518,23,15,1,25.06864,121.5107,8
500103004,20231020,519,23,15,1,25.06864,121.5107,8
500103004,20231020,520,23,16,1,25.06864,121.5107,7
500103004,20231020,521,23,17,1,25.06864,121.5107,6
500103004,20231020,522,23,17,1,25.06864,121.5107,6
500103004,20231020,523,23,17,1,25.06864,121.5107,6
500103004,20231020,524,23,18,1,25.06864,121.5107,5
500103004,20231020,525,23,18,1,25.06864,121.5107,5
500103004,20231020,526,23,18,1,25.06864,121.5107,5
500103004,20231020,527,23,19,1,25.06864,121.5107,4
500103004,20231020,528,23,20,1,25.06864,121.5107,3
500103004,20231020,529,23,20,1,25.06864,121.5107,3
500103004,20231020,530,23,21,1,25.06864,121.5107,2
500103004,20231020,531,23,21,1,25.06864,121.5107,2
500103004,20231020,532,23,23,1,25.06864,121.5107,0
500103004,20231020,533,23,23,1,25.06864,121.5107,0
500103004,20231020,534,23,23,1,25.06864,121.5107,0
500103004,20231020,535,23,23,1,25.06864,121.5107,0
500103004,20231020,536,23,22,1,25.06864,121.5107,1
500103004,20231020,537,23,22,1,25.06864,121.5107,1
500103004,20231020,538,23,22,1,25.06864,121.5107,1
500103004,20231020,539,23,22,1,25.06864,121.5107,1
500103004,20231020,541,23,22,1,25.06864,121.5107,1
500103004,20231020,542,23,22,1,25.06864,121.5107,1
500103004,20231020,543,23,22,1,25.06864,121.5107,1
500103004,20231020,544,23,22,1,25.06864,121.5107,1
500103004,20231020,545,23,22,1,25.06864,121.5107,1
500103004,20231020,546,23,22,1,25.06864,121.5107,1
500103004,20231020,547,23,22,1,25.06864,121.5107,1
500103004,20231020,548,23,22,1,25.06864,121.5107,1
500103004,20231020,549,23,22,1,25.06864,121.5107,1
500103004,20231020,550,23,22,1,25.06864,121.5107,1
500103004,20231020,551,23,22,1,25.06864,121.5107,1
500103004,20231020,552,23,23,1,25.06864,121.5107,0
500103004,20231020,553,23,22,1,25.06864,121.5107,1
500103004,20231020,554,23,23,1,25.06864,121.5107,0
500103004,20231020,555,23,23,1,25.06864,121.5107,0
500103004,20231020,556,23,23,1,25.06864,121.5107,0
500103004,20231020,557,23,23,1,25.06864,121.5107,0
500103004,20231020,558,23,23,1,25.06864,121.5107,0
500103004,20231020,559,23,22,1,25.06864,121.5107,1
500103004,20231020,561,23,22,1,25.06864,121.5107,1
500103004,20231020,562,23,22,1,25.06864,121.5107,1
500103004,20231020,563,23,22,1,25.06864,121.5107,1
500103004,20231020,564,23,22,1,25.06864,121.5107,1
500103004,20231020,565,23,22,1,25.06864,121.5107,1
500103004,20231020,566,23,23,1,25.06864,121.5107,0
500103004,20231020,567,23,23,1,25.06864,121.5107,0
500103004,20231020,568,23,23,1,25.06864,121.5107,0
500103004,20231020,569,23,22,1,25.06864,121.5107,1
500103004,20231020,571,23,22,1,25.06864,121.5107,1
500103004,20231020,572,23,22,1,25.06864,121.5107,1
500103004,20231020,573,23,22,1,25.06864,121.5107,1
500103004,20231020,574,23,22,1,25.06864,121.5107,1
500103004,20231020,575,23,22,1,25.06864,121.5107,1
500103004,20231020,576,23,22,1,25.06864,121.5107,1
500103004,20231020,577,23,22,1,25.06864,121.5107,1
500103004,20231020,578,23,22,1,25.06864,121.5107,1
500103004,20231020,579,23,22,1,25.06864,121.5107,1
500103004,20231020,580,23,22,1,25.06864,121.5107,1
500103004,20231020,581,23,23,1,25.06864,121.5107,0
500103004,20231020,582,23,23,1,25.06864,121.5107,0
500103004,20231020,583,23,23,1,25.06864,121.5107,0
500103004,20231020,584,23,23,1,25.06864,121.5107,0
500103004,20231020,585,23,23,1,25.06864,121.5107,0
500103004,20231020,586,23,23,1,25.06864,121.5107,0
500103004,20231020,587,23,23,1,25.06864,121.5107,0
500103004,20231020,588,23,23,1,25.06864,121.5107,0
500103004,20231020,589,23,23,1,25.06864,121.5107,0
500103004,20231020,590,23,23,1,25.06864,121.5107,0
500103004,20231020,591,23,23,1,25.06864,121.5107,0
500103004,20231020,592,23,23,1,25.06864,121.5107,0
500103004,20231020,593,23,23,1,25.06864,121.5107,0
500103004,20231020,594,23,23,1,25.06864,121.5107,0
500103004,20231020,595,23,23,1,25.06864,121.5107,0
500103004,20231020,596,23,23,1,25.06864,121.5107,0
500103004,20231020,597,23,22,1,25.06864,121.5107,1
500103004,20231020,598,23,22,1,25.06864,121.5107,1
500103004,20231020,599,23,22,1,25.06864,121.5107,1
500103004,20231020,601,23,22,1,25.06864,121.5107,1
500103004,20231020,602,23,22,1,25.06864,121.5107,1
500103004,20231020,603,23,23,1,25.06864,121.5107,0
500103004,20231020,604,23,23,1,25.06864,121.5107,0
500103004,20231020,605,23,23,1,25.06864,121.5107,0
500103004,20231020,606,23,23,1,25.06864,121.5107,0
500103004,20231020,607,23,23,1,25.06864,121.5107,0
500103004,20231020,608,23,23,1,25.06864,121.5107,0
500103004,20231020,609,23,23,1,25.06864,121.5107,0
500103004,20231020,610,23,23,1,25.06864,121.5107,0
500103004,20231020,611,23,23,1,25.06864,121.5107,0
500103004,20231020,612,23,23,1,25.06864,121.5107,0
500103004,20231020,613,23,23,1,25.06864,121.5107,0
500103004,20231020,614,23,23,1,25.06864,121.5107,0
500103004,20231020,615,23,23,1,25.06864,121.5107,0
500103004,20231020,616,23,23,1,25.06864,121.5107,0
500103004,20231020,617,23,23,1,25.06864,121.5107,0
500103004,20231020,618,23,23,1,25.06864,121.5107,0
500103004,20231020,619,23,23,1,25.06864,121.5107,0
500103004,20231020,621,23,22,1,25.06864,121.5107,1
500103004,20231020,622,23,22,1,25.06864,121.5107,1
500103004,20231020,623,23,22,1,25.06864,121.5107,1
500103004,20231020,624,23,23,1,25.06864,121.5107,0
500103004,20231020,625,23,23,1,25.06864,121.5107,0
500103004,20231020,626,23,23,1,25.06864,121.5107,0
500103004,20231020,627,23,23,1,25.06864,121.5107,0
500103004,20231020,628,23,23,1,25.06864,121.5107,0
500103004,20231020,629,23,23,1,25.06864,121.5107,0
500103004,20231020,631,23,23,1,25.06864,121.5107,0
500103004,20231020,632,23,23,1,25.06864,121.5107,0
500103004,20231020,633,23,23,1,25.06864,121.5107,0
500103004,20231020,634,23,22,1,25.06864,121.5107,1
500103004,20231020,635,23,22,1,25.06864,121.5107,1
500103004,20231020,636,23,22,1,25.06864,121.5107,1
500103004,20231020,638,23,22,1,25.06864,121.5107,1
500103004,20231020,639,23,22,1,25.06864,121.5107,1
500103004,20231020,640,23,20,1,25.06864,121.5107,3
500103004,20231020,641,23,20,1,25.06864,121.5107,3
500103004,20231020,642,23,20,1,25.06864,121.5107,3
500103004,20231020,643,23,20,1,25.06864,121.5107,3
500103004,20231020,644,23,20,1,25.06864,121.5107,3
500103004,20231020,645,23,20,1,25.06864,121.5107,3
500103004,20231020,646,23,20,1,25.06864,121.5107,3
500103004,20231020,647,23,20,1,25.06864,121.5107,3
500103004,20231020,648,23,20,1,25.06864,121.5107,3
500103004,20231020,649,23,20,1,25.06864,121.5107,3
500103004,20231020,650,23,20,1,25.06864,121.5107,3
500103004,20231020,651,23,20,1,25.06864,121.5107,3
500103004,20231020,652,23,20,1,25.06864,121.5107,3
500103004,20231020,653,23,20,1,25.06864,121.5107,3
500103004,20231020,654,23,20,1,25.06864,121.5107,3
500103004,20231020,655,23,20,1,25.06864,121.5107,3
500103004,20231020,656,23,20,1,25.06864,121.5107,3
500103004,20231020,657,23,20,1,25.06864,121.5107,3
500103004,20231020,658,23,20,1,25.06864,121.5107,3
500103004,20231020,659,23,20,1,25.06864,121.5107,3
500103004,20231020,661,23,20,1,25.06864,121.5107,3
500103004,20231020,662,23,20,1,25.06864,121.5107,3
500103004,20231020,663,23,20,1,25.06864,121.5107,3
500103004,20231020,664,23,20,1,25.06864,121.5107,3
500103004,20231020,665,23,20,1,25.06864,121.5107,3
500103004,20231020,666,23,20,1,25.06864,121.5107,3
500103004,20231020,667,23,20,1,25.06864,121.5107,3
500103004,20231020,668,23,19,1,25.06864,121.5107,4
500103004,20231020,669,23,19,1,25.06864,121.5107,4
500103004,20231020,670,23,19,1,25.06864,121.5107,4
500103004,20231020,671,23,19,1,25.06864,121.5107,4
500103004,20231020,672,23,18,1,25.06864,121.5107,5
500103004,20231020,673,23,18,1,25.06864,121.5107,5
500103004,20231020,674,23,19,1,25.06864,121.5107,4
500103004,20231020,675,23,19,1,25.06864,121.5107,4
500103004,20231020,676,23,19,1,25.06864,121.5107,4
500103004,20231020,677,23,19,1,25.06864,121.5107,4
500103004,20231020,678,23,19,1,25.06864,121.5107,4
500103004,20231020,679,23,19,1,25.06864,121.5107,4
500103004,20231020,681,23,19,1,25.06864,121.5107,4
500103004,20231020,682,23,19,1,25.06864,121.5107,4
500103004,20231020,683,23,18,1,25.06864,121.5107,5
500103004,20231020,684,23,18,1,25.06864,121.5107,5
500103004,20231020,685,23,18,1,25.06864,121.5107,5
500103004,20231020,686,23,18,1,25.06864,121.5107,5
500103004,20231020,687,23,18,1,25.06864,121.5107,5
500103004,20231020,688,23,19,1,25.06864,121.5107,4
500103004,20231020,689,23,19,1,25.06864,121.5107,4
500103004,20231020,691,23,19,1,25.06864,121.5107,4
500103004,20231020,692,23,19,1,25.06864,121.5107,4
500103004,20231020,693,23,18,1,25.06864,121.5107,5
500103004,20231020,694,23,18,1,25.06864,121.5107,5
500103004,20231020,695,23,19,1,25.06864,121.5107,4
500103004,20231020,696,23,19,1,25.06864,121.5107,4
500103004,20231020,697,23,19,1,25.06864,121.5107,4
500103004,20231020,698,23,19,1,25.06864,121.5107,4
500103004,20231020,699,23,19,1,25.06864,121.5107,4
500103004,20231020,700,23,19,1,25.06864,121.5107,4
500103004,20231020,701,23,19,1,25.06864,121.5107,4
500103004,20231020,702,23,19,1,25.06864,121.5107,4
500103004,20231020,703,23,19,1,25.06864,121.5107,4
500103004,20231020,704,23,19,1,25.06864,121.5107,4
500103004,20231020,705,23,19,1,25.06864,121.5107,4
500103004,20231020,706,23,18,1,25.06864,121.5107,5
500103004,20231020,707,23,18,1,25.06864,121.5107,5
500103004,20231020,708,23,18,1,25.06864,121.5107,5
500103004,20231020,709,23,18,1,25.06864,121.5107,5
500103004,20231020,710,23,18,1,25.06864,121.5107,5
500103004,20231020,711,23,18,1,25.06864,121.5107,5
500103004,20231020,712,23,18,1,25.06864,121.5107,5
500103004,20231020,713,23,17,1,25.06864,121.5107,6
500103004,20231020,714,23,17,1,25.06864,121.5107,6
500103004,20231020,715,23,17,1,25.06864,121.5107,6
500103004,20231020,716,23,17,1,25.06864,121.5107,6
500103004,20231020,717,23,17,1,25.06864,121.5107,6
500103004,20231020,718,23,17,1,25.06864,121.5107,6
500103004,20231020,719,23,18,1,25.06864,121.5107,5
500103004,20231020,721,23,17,1,25.06864,121.5107,6
500103004,20231020,722,23,17,1,25.06864,121.5107,6
500103004,20231020,723,23,17,1,25.06864,121.5107,6
500103004,20231020,724,23,17,1,25.06864,121.5107,6
500103004,20231020,725,23,17,1,25.06864,121.5107,6
500103004,20231020,726,23,17,1,25.06864,121.5107,6
500103004,20231020,727,23,17,1,25.06864,121.5107,6
500103004,20231020,728,23,17,1,25.06864,121.5107,6
500103004,20231020,729,23,17,1,25.06864,121.5107,6
500103004,20231020,730,23,17,1,25.06864,121.5107,6
500103004,20231020,731,23,17,1,25.06864,121.5107,6
500103004,20231020,732,23,17,1,25.06864,121.5107,6
500103004,20231020,733,23,17,1,25.06864,121.5107,6
500103004,20231020,734,23,18,1,25.06864,121.5107,5
500103004,20231020,735,23,18,1,25.06864,121.5107,5
500103004,20231020,736,23,17,1,25.06864,121.5107,6
500103004,20231020,737,23,16,1,25.06864,121.5107,7
500103004,20231020,738,23,16,1,25.06864,121.5107,7
500103004,20231020,739,23,16,1,25.06864,121.5107,7
500103004,20231020,741,23,16,1,25.06864,121.5107,7
500103004,20231020,742,23,16,1,25.06864,121.5107,7
500103004,20231020,743,23,16,1,25.06864,121.5107,7
500103004,20231020,744,23,16,1,25.06864,121.5107,7
500103004,20231020,745,23,16,1,25.06864,121.5107,7
500103004,20231020,746,23,16,1,25.06864,121.5107,7
500103004,20231020,747,23,16,1,25.06864,121.5107,7
500103004,20231020,748,23,16,1,25.06864,121.5107,7
500103004,20231020,749,23,16,1,25.06864,121.5107,7
500103004,20231020,751,23,15,1,25.06864,121.5107,8
500103004,20231020,752,23,15,1,25.06864,121.5107,8
500103004,20231020,753,23,15,1,25.06864,121.5107,8
500103004,20231020,754,23,15,1,25.06864,121.5107,8
500103004,20231020,755,23,15,1,25.06864,121.5107,8
500103004,20231020,756,23,15,1,25.06864,121.5107,8
500103004,20231020,757,23,15,1,25.06864,121.5107,8
500103004,20231020,758,23,15,1,25.06864,121.5107,8
500103004,20231020,759,23,15,1,25.06864,121.5107,8
500103004,20231020,760,23,15,1,25.06864,121.5107,8
500103004,20231020,761,23,15,1,25.06864,121.5107,8
500103004,20231020,762,23,15,1,25.06864,121.5107,8
500103004,20231020,763,23,15,1,25.06864,121.5107,8
500103004,20231020,764,23,15,1,25.06864,121.5107,8
500103004,20231020,765,23,15,1,25.06864,121.5107,8
500103004,20231020,766,23,15,1,25.06864,121.5107,8
500103004,20231020,767,23,15,1,25.06864,121.5107,8
500103004,20231020,768,23,15,1,25.06864,121.5107,8
500103004,20231020,769,23,15,1,25.06864,121.5107,8
500103004,20231020,770,23,15,1,25.06864,121.5107,8
500103004,20231020,771,23,15,1,25.06864,121.5107,8
500103004,20231020,772,23,15,1,25.06864,121.5107,8
500103004,20231020,773,23,15,1,25.06864,121.5107,8
500103004,20231020,774,23,15,1,25.06864,121.5107,8
500103004,20231020,775,23,15,1,25.06864,121.5107,8
500103004,20231020,776,23,15,1,25.06864,121.5107,8
500103004,20231020,777,23,15,1,25.06864,121.5107,8
500103004,20231020,778,23,14,1,25.06864,121.5107,9
500103004,20231020,779,23,14,1,25.06864,121.5107,9
500103004,20231020,781,23,14,1,25.06864,121.5107,9
500103004,20231020,782,23,14,1,25.06864,121.5107,9
500103004,20231020,783,23,14,1,25.06864,121.5107,9
500103004,20231020,784,23,14,1,25.06864,121.5107,9
500103004,20231020,785,23,14,1,25.06864,121.5107,9
500103004,20231020,786,23,14,1,25.06864,121.5107,9
500103004,20231020,787,23,14,1,25.06864,121.5107,9
500103004,20231020,788,23,14,1,25.06864,121.5107,9
500103004,20231020,789,23,14,1,25.06864,121.5107,9
500103004,20231020,790,23,14,1,25.06864,121.5107,9
500103004,20231020,791,23,14,1,25.06864,121.5107,9
500103004,20231020,792,23,14,1,25.06864,121.5107,9
500103004,20231020,793,23,14,1,25.06864,121.5107,9
500103004,20231020,794,23,14,1,25.06864,121.5107,9
500103004,20231020,795,23,14,1,25.06864,121.5107,9
500103004,20231020,796,23,14,1,25.06864,121.5107,9
500103004,20231020,797,23,14,1,25.06864,121.5107,9
500103004,20231020,798,23,14,1,25.06864,121.5107,9
500103004,20231020,799,23,14,1,25.06864,121.5107,9
500103004,20231020,801,23,14,1,25.06864,121.5107,9
500103004,20231020,802,23,14,1,25.06864,121.5107,9
500103004,20231020,803,23,14,1,25.06864,121.5107,9
500103004,20231020,804,23,14,1,25.06864,121.5107,9
500103004,20231020,805,23,14,1,25.06864,121.5107,9
500103004,20231020,806,23,14,1,25.06864,121.5107,9
500103004,20231020,807,23,14,1,25.06864,121.5107,9
500103004,20231020,808,23,14,1,25.06864,121.5107,9
500103004,20231020,809,23,14,1,25.06864,121.5107,9
500103004,20231020,810,23,14,1,25.06864,121.5107,9
500103004,20231020,811,23,14,1,25.06864,121.5107,9
500103004,20231020,812,23,14,1,25.06864,121.5107,9
500103004,20231020,813,23,14,1,25.06864,121.5107,9
500103004,20231020,814,23,13,1,25.06864,121.5107,10
500103004,20231020,815,23,13,1,25.06864,121.5107,10
500103004,20231020,816,23,13,1,25.06864,121.5107,10
500103004,20231020,817,23,13,1,25.06864,121.5107,10
500103004,20231020,818,23,13,1,25.06864,121.5107,10
500103004,20231020,819,23,13,1,25.06864,121.5107,10
500103004,20231020,820,23,13,1,25.06864,121.5107,10
500103004,20231020,821,23,13,1,25.06864,121.5107,10
500103004,20231020,822,23,14,1,25.06864,121.5107,9
500103004,20231020,823,23,14,1,25.06864,121.5107,9
500103004,20231020,824,23,14,1,25.06864,121.5107,9
500103004,20231020,825,23,13,1,25.06864,121.5107,10
500103004,20231020,826,23,13,1,25.06864,121.5107,10
500103004,20231020,827,23,13,1,25.06864,121.5107,10
500103004,20231020,828,23,13,1,25.06864,121.5107,10
500103004,20231020,829,23,13,1,25.06864,121.5107,10
500103004,20231020,830,23,14,1,25.06864,121.5107,9
500103004,20231020,831,23,14,1,25.06864,121.5107,9
500103004,20231020,832,23,14,1,25.06864,121.5107,9
500103004,20231020,833,23,14,1,25.06864,121.5107,9
500103004,20231020,834,23,14,1,25.06864,121.5107,9
500103004,20231020,835,23,14,1,25.06864,121.5107,9
500103004,20231020,836,23,15,1,25.06864,121.5107,8
500103004,20231020,837,23,15,1,25.06864,121.5107,8
500103004,20231020,838,23,15,1,25.06864,121.5107,8
500103004,20231020,839,23,15,1,25.06864,121.5107,8
500103004,20231020,841,23,16,1,25.06864,121.5107,7
500103004,20231020,842,23,16,1,25.06864,121.5107,7
500103004,20231020,843,23,16,1,25.06864,121.5107,7
500103004,20231020,844,23,16,1,25.06864,121.5107,7
500103004,20231020,845,23,15,1,25.06864,121.5107,8
500103004,20231020,846,23,15,1,25.06864,121.5107,8
500103004,20231020,847,23,15,1,25.06864,121.5107,8
500103004,20231020,848,23,15,1,25.06864,121.5107,8
500103004,20231020,849,23,15,1,25.06864,121.5107,8
500103004,20231020,850,23,15,1,25.06864,121.5107,8
500103004,20231020,851,23,15,1,25.06864,121.5107,8
500103004,20231020,852,23,15,1,25.06864,121.5107,8
500103004,20231020,853,23,15,1,25.06864,121.5107,8
500103004,20231020,854,23,15,1,25.06864,121.5107,8
500103004,20231020,855,23,16,1,25.06864,121.5107,7
500103004,20231020,856,23,16,1,25.06864,121.5107,7
500103004,20231020,857,23,16,1,25.06864,121.5107,7
500103004,20231020,858,23,16,1,25.06864,121.5107,7
500103004,20231020,859,23,16,1,25.06864,121.5107,7
500103004,20231020,861,23,16,1,25.06864,121.5107,7
500103004,20231020,862,23,16,1,25.06864,121.5107,7
500103004,20231020,863,23,16,1,25.06864,121.5107,7
500103004,20231020,864,23,16,1,25.06864,121.5107,7
500103004,20231020,865,23,16,1,25.06864,121.5107,7
500103004,20231020,866,23,16,1,25.06864,121.5107,7
500103004,20231020,867,23,16,1,25.06864,121.5107,7
500103004,20231020,868,23,16,1,25.06864,121.5107,7
500103004,20231020,869,23,16,1,25.06864,121.5107,7
500103004,20231020,870,23,16,1,25.06864,121.5107,7
500103004,20231020,871,23,16,1,25.06864,121.5107,7
500103004,20231020,872,23,16,1,25.06864,121.5107,7
500103004,20231020,873,23,16,1,25.06864,121.5107,7
500103004,20231020,874,23,16,1,25.06864,121.5107,7
500103004,20231020,875,23,16,1,25.06864,121.5107,7
500103004,20231020,876,23,16,1,25.06864,121.5107,7
500103004,20231020,877,23,16,1,25.06864,121.5107,7
500103004,20231020,878,23,15,1,25.06864,121.5107,8
500103004,20231020,879,23,15,1,25.06864,121.5107,8
500103004,20231020,880,23,15,1,25.06864,121.5107,8
500103004,20231020,881,23,15,1,25.06864,121.5107,8
500103004,20231020,882,23,15,1,25.06864,121.5107,8
500103004,20231020,883,23,15,1,25.06864,121.5107,8
500103004,20231020,884,23,15,1,25.06864,121.5107,8
500103004,20231020,885,23,15,1,25.06864,121.5107,8
500103004,20231020,886,23,15,1,25.06864,121.5107,8
500103004,20231020,887,23,16,1,25.06864,121.5107,7
500103004,20231020,888,23,16,1,25.06864,121.5107,7
500103004,20231020,889,23,16,1,25.06864,121.5107,7
500103004,20231020,890,23,16,1,25.06864,121.5107,7
500103004,20231020,891,23,16,1,25.06864,121.5107,7
500103004,20231020,892,23,16,1,25.06864,121.5107,7
500103004,20231020,893,23,16,1,25.06864,121.5107,7
500103004,20231020,894,23,16,1,25.06864,121.5107,7
500103004,20231020,895,23,16,1,25.06864,121.5107,7
500103004,20231020,896,23,15,1,25.06864,121.5107,8
500103004,20231020,897,23,15,1,25.06864,121.5107,8
500103004,20231020,898,23,15,1,25.06864,121.5107,8
500103004,20231020,899,23,16,1,25.06864,121.5107,7
500103004,20231020,901,23,16,1,25.06864,121.5107,7
500103004,20231020,902,23,16,1,25.06864,121.5107,7
500103004,20231020,903,23,16,1,25.06864,121.5107,7
500103004,20231020,904,23,16,1,25.06864,121.5107,7
500103004,20231020,905,23,16,1,25.06864,121.5107,7
500103004,20231020,906,23,16,1,25.06864,121.5107,7
500103004,20231020,907,23,16,1,25.06864,121.5107,7
500103004,20231020,908,23,16,1,25.06864,121.5107,7
500103004,20231020,909,23,16,1,25.06864,121.5107,7
500103004,20231020,910,23,16,1,25.06864,121.5107,7
500103004,20231020,911,23,16,1,25.06864,121.5107,7
500103004,20231020,912,23,16,1,25.06864,121.5107,7
500103004,20231020,913,23,16,1,25.06864,121.5107,7
500103004,20231020,914,23,17,1,25.06864,121.5107,6
500103004,20231020,915,23,17,1,25.06864,121.5107,6
500103004,20231020,916,23,17,1,25.06864,121.5107,6
500103004,20231020,917,23,17,1,25.06864,121.5107,6
500103004,20231020,918,23,17,1,25.06864,121.5107,6
500103004,20231020,919,23,17,1,25.06864,121.5107,6
500103004,20231020,921,23,17,1,25.06864,121.5107,6
500103004,20231020,922,23,17,1,25.06864,121.5107,6
500103004,20231020,923,23,17,1,25.06864,121.5107,6
500103004,20231020,924,23,17,1,25.06864,121.5107,6
500103004,20231020,925,23,17,1,25.06864,121.5107,6
500103004,20231020,926,23,17,1,25.06864,121.5107,6
500103004,20231020,927,23,17,1,25.06864,121.5107,6
500103004,20231020,928,23,17,1,25.06864,121.5107,6
500103004,20231020,929,23,17,1,25.06864,121.5107,6
500103004,20231020,930,23,17,1,25.06864,121.5107,6
500103004,20231020,931,23,17,1,25.06864,121.5107,6
500103004,20231020,932,23,17,1,25.06864,121.5107,6
500103004,20231020,933,23,17,1,25.06864,121.5107,6
500103004,20231020,934,23,17,1,25.06864,121.5107,6
500103004,20231020,935,23,17,1,25.06864,121.5107,6
500103004,20231020,936,23,17,1,25.06864,121.5107,6
500103004,20231020,938,23,17,1,25.06864,121.5107,6
500103004,20231020,939,23,17,1,25.06864,121.5107,6
500103004,20231020,940,23,17,1,25.06864,121.5107,6
500103004,20231020,941,23,17,1,25.06864,121.5107,6
500103004,20231020,942,23,17,1,25.06864,121.5107,6
500103004,20231020,943,23,17,1,25.06864,121.5107,6
500103004,20231020,944,23,16,1,25.06864,121.5107,7
500103004,20231020,945,23,16,1,25.06864,121.5107,7
500103004,20231020,946,23,16,1,25.06864,121.5107,7
500103004,20231020,947,23,16,1,25.06864,121.5107,7
500103004,20231020,948,23,16,1,25.06864,121.5107,7
500103004,20231020,949,23,16,1,25.06864,121.5107,7
500103004,20231020,950,23,16,1,25.06864,121.5107,7
500103004,20231020,951,23,16,1,25.06864,121.5107,7
500103004,20231020,952,23,16,1,25.06864,121.5107,7
500103004,20231020,953,23,16,1,25.06864,121.5107,7
500103004,20231020,954,23,16,1,25.06864,121.5107,7
500103004,20231020,955,23,16,1,25.06864,121.5107,7
500103004,20231020,956,23,16,1,25.06864,121.5107,7
500103004,20231020,957,23,16,1,25.06864,121.5107,7
500103004,20231020,958,23,16,1,25.06864,121.5107,7
500103004,20231020,959,23,16,1,25.06864,121.5107,7
500103004,20231020,961,23,16,1,25.06864,121.5107,7
500103004,20231020,962,23,16,1,25.06864,121.5107,7
500103004,20231020,963,23,16,1,25.06864,121.5107,7
500103004,20231020,964,23,16,1,25.06864,121.5107,7
500103004,20231020,965,23,16,1,25.06864,121.5107,7
500103004,20231020,966,23,15,1,25.06864,121.5107,8
500103004,20231020,967,23,15,1,25.06864,121.5107,8
500103004,20231020,968,23,15,1,25.06864,121.5107,8
500103004,20231020,969,23,15,1,25.06864,121.5107,8
500103004,20231020,970,23,15,1,25.06864,121.5107,8
500103004,20231020,971,23,15,1,25.06864,121.5107,8
500103004,20231020,972,23,14,1,25.06864,121.5107,9
500103004,20231020,973,23,14,1,25.06864,121.5107,9
500103004,20231020,974,23,14,1,25.06864,121.5107,9
500103004,20231020,975,23,14,1,25.06864,121.5107,9
500103004,20231020,976,23,13,1,25.06864,121.5107,10
500103004,20231020,977,23,13,1,25.06864,121.5107,10
500103004,20231020,978,23,13,1,25.06864,121.5107,10
500103004,20231020,979,23,13,1,25.06864,121.5107,10
500103004,20231020,981,23,13,1,25.06864,121.5107,10
500103004,20231020,982,23,13,1,25.06864,121.5107,10
500103004,20231020,983,23,13,1,25.06864,121.5107,10
500103004,20231020,984,23,13,1,25.06864,121.5107,10
500103004,20231020,985,23,13,1,25.06864,121.5107,10
500103004,20231020,986,23,12,1,25.06864,121.5107,11
500103004,20231020,987,23,12,1,25.06864,121.5107,11
500103004,20231020,988,23,12,1,25.06864,121.5107,11
500103004,20231020,989,23,11,1,25.06864,121.5107,12
500103004,20231020,991,23,11,1,25.06864,121.5107,12
500103004,20231020,992,23,11,1,25.06864,121.5107,12
500103004,20231020,993,23,11,1,25.06864,121.5107,12
500103004,20231020,994,23,11,1,25.06864,121.5107,12
500103004,20231020,995,23,11,1,25.06864,121.5107,12
500103004,20231020,996,23,10,1,25.06864,121.5107,13
500103004,20231020,997,23,10,1,25.06864,121.5107,13
500103004,20231020,998,23,10,1,25.06864,121.5107,13
500103004,20231020,999,23,11,1,25.06864,121.5107,12
500103004,20231020,1000,23,11,1,25.06864,121.5107,12
500103004,20231020,1001,23,10,1,25.06864,121.5107,13
500103004,20231020,1002,23,10,1,25.06864,121.5107,13
500103004,20231020,1003,23,10,1,25.06864,121.5107,13
500103004,20231020,1004,23,10,1,25.06864,121.5107,13
500103004,20231020,1005,23,10,1,25.06864,121.5107,13
500103004,20231020,1006,23,11,1,25.06864,121.5107,12
500103004,20231020,1007,23,11,1,25.06864,121.5107,12
500103004,20231020,1008,23,11,1,25.06864,121.5107,12
500103004,20231020,1009,23,11,1,25.06864,121.5107,12
500103004,20231020,1010,23,12,1,25.06864,121.5107,11
500103004,20231020,1011,23,12,1,25.06864,121.5107,11
500103004,20231020,1012,23,12,1,25.06864,121.5107,11
500103004,20231020,1013,23,12,1,25.06864,121.5107,11
500103004,20231020,1014,23,12,1,25.06864,121.5107,11
500103004,20231020,1015,23,12,1,25.06864,121.5107,11
500103004,20231020,1016,23,12,1,25.06864,121.5107,11
500103004,20231020,1017,23,12,1,25.06864,121.5107,11
500103004,20231020,1018,23,13,1,25.06864,121.5107,10
500103004,20231020,1019,23,11,1,25.06864,121.5107,12
500103004,20231020,1021,23,11,1,25.06864,121.5107,12
500103004,20231020,1022,23,11,1,25.06864,121.5107,12
500103004,20231020,1023,23,11,1,25.06864,121.5107,12
500103004,20231020,1024,23,9,1,25.06864,121.5107,14
500103004,20231020,1025,23,9,1,25.06864,121.5107,14
500103004,20231020,1026,23,9,1,25.06864,121.5107,14
500103004,20231020,1027,23,9,1,25.06864,121.5107,14
500103004,20231020,1028,23,9,1,25.06864,121.5107,14
500103004,20231020,1029,23,9,1,25.06864,121.5107,14
500103004,20231020,1030,23,9,1,25.06864,121.5107,14
500103004,20231020,1031,23,9,1,25.06864,121.5107,14
500103004,20231020,1032,23,9,1,25.06864,121.5107,14
500103004,20231020,1033,23,9,1,25.06864,121.5107,14
500103004,20231020,1034,23,10,1,25.06864,121.5107,13
500103004,20231020,1035,23,10,1,25.06864,121.5107,13
500103004,20231020,1036,23,10,1,25.06864,121.5107,13
500103004,20231020,1037,23,10,1,25.06864,121.5107,13
500103004,20231020,1038,23,10,1,25.06864,121.5107,13
500103004,20231020,1039,23,10,1,25.06864,121.5107,13
500103004,20231020,1041,23,10,1,25.06864,121.5107,13
500103004,20231020,1042,23,9,1,25.06864,121.5107,14
500103004,20231020,1043,23,9,1,25.06864,121.5107,14
500103004,20231020,1044,23,9,1,25.06864,121.5107,14
500103004,20231020,1045,23,9,1,25.06864,121.5107,14
500103004,20231020,1046,23,9,1,25.06864,121.5107,14
500103004,20231020,1047,23,9,1,25.06864,121.5107,14
500103004,20231020,1048,23,9,1,25.06864,121.5107,14
500103004,20231020,1049,23,8,1,25.06864,121.5107,15
500103004,20231020,1051,23,8,1,25.06864,121.5107,15
500103004,20231020,1052,23,8,1,25.06864,121.5107,15
500103004,20231020,1053,23,8,1,25.06864,121.5107,15
500103004,20231020,1054,23,8,1,25.06864,121.5107,15
500103004,20231020,1055,23,8,1,25.06864,121.5107,15
500103004,20231020,1056,23,8,1,25.06864,121.5107,15
500103004,20231020,1057,23,8,1,25.06864,121.5107,15
500103004,20231020,1058,23,8,1,25.06864,121.5107,15
500103004,20231020,1059,23,8,1,25.06864,121.5107,15
500103004,20231020,1060,23,8,1,25.06864,121.5107,15
500103004,20231020,1061,23,8,1,25.06864,121.5107,15
500103004,20231020,1062,23,8,1,25.06864,121.5107,15
500103004,20231020,1063,23,8,1,25.06864,121.5107,15
500103004,20231020,1064,23,7,1,25.06864,121.5107,16
500103004,20231020,1065,23,7,1,25.06864,121.5107,16
500103004,20231020,1066,23,6,1,25.06864,121.5107,17
500103004,20231020,1067,23,6,1,25.06864,121.5107,17
500103004,20231020,1068,23,6,1,25.06864,121.5107,17
500103004,20231020,1069,23,6,1,25.06864,121.5107,17
500103004,20231020,1070,23,6,1,25.06864,121.5107,17
500103004,20231020,1071,23,6,1,25.06864,121.5107,17
500103004,20231020,1072,23,6,1,25.06864,121.5107,17
500103004,20231020,1073,23,6,1,25.06864,121.5107,17
500103004,20231020,1074,23,6,1,25.06864,121.5107,17
500103004,20231020,1075,23,6,1,25.06864,121.5107,17
500103004,20231020,1076,23,6,1,25.06864,121.5107,17
500103004,20231020,1077,23,7,1,25.06864,121.5107,16
500103004,20231020,1078,23,7,1,25.06864,121.5107,16
500103004,20231020,1079,23,7,1,25.06864,121.5107,16
500103004,20231020,1081,23,7,1,25.06864,121.5107,16
500103004,20231020,1082,23,7,1,25.06864,121.5107,16
500103004,20231020,1083,23,7,1,25.06864,121.5107,16
500103004,20231020,1084,23,6,1,25.06864,121.5107,17
500103004,20231020,1085,23,6,1,25.06864,121.5107,17
500103004,20231020,1086,23,6,1,25.06864,121.5107,17
500103004,20231020,1087,23,6,1,25.06864,121.5107,17
500103004,20231020,1088,23,6,1,25.06864,121.5107,17
500103004,20231020,1089,23,6,1,25.06864,121.5107,17
500103004,20231020,1090,23,6,1,25.06864,121.5107,17
500103004,20231020,1091,23,6,1,25.06864,121.5107,17
500103004,20231020,1092,23,6,1,25.06864,121.5107,17
500103004,20231020,1093,23,5,1,25.06864,121.5107,18
500103004,20231020,1094,23,5,1,25.06864,121.5107,18
500103004,20231020,1095,23,5,1,25.06864,121.5107,18
500103004,20231020,1096,23,5,1,25.06864,121.5107,18
500103004,20231020,1097,23,5,1,25.06864,121.5107,18
500103004,20231020,1098,23,5,1,25.06864,121.5107,18
500103004,20231020,1099,23,5,1,25.06864,121.5107,18
500103004,20231020,1101,23,5,1,25.06864,121.5107,18
500103004,20231020,1102,23,5,1,25.06864,121.5107,18
500103004,20231020,1103,23,5,1,25.06864,121.5107,18
500103004,20231020,1104,23,5,1,25.06864,121.5107,18
500103004,20231020,1105,23,5,1,25.06864,121.5107,18
500103004,20231020,1106,23,5,1,25.06864,121.5107,18
500103004,20231020,1107,23,5,1,25.06864,121.5107,18
500103004,20231020,1108,23,5,1,25.06864,121.5107,18
500103004,20231020,1109,23,5,1,25.06864,121.5107,18
500103004,20231020,1111,23,5,1,25.06864,121.5107,18
500103004,20231020,1112,23,5,1,25.06864,121.5107,18
500103004,20231020,1113,23,5,1,25.06864,121.5107,18
500103004,20231020,1114,23,5,1,25.06864,121.5107,18
500103004,20231020,1115,23,5,1,25.06864,121.5107,18
500103004,20231020,1116,23,5,1,25.06864,121.5107,18
500103004,20231020,1117,23,5,1,25.06864,121.5107,18
500103004,20231020,1118,23,5,1,25.06864,121.5107,18
500103004,20231020,1119,23,4,1,25.06864,121.5107,19
500103004,20231020,1120,23,2,1,25.06864,121.5107,21
500103004,20231020,1121,23,3,1,25.06864,121.5107,20
500103004,20231020,1122,23,3,1,25.06864,121.5107,20
500103004,20231020,1123,23,3,1,25.06864,121.5107,20
500103004,20231020,1124,23,3,1,25.06864,121.5107,20
500103004,20231020,1125,23,3,1,25.06864,121.5107,20
500103004,20231020,1126,23,5,1,25.06864,121.5107,18
500103004,20231020,1127,23,7,1,25.06864,121.5107,16
500103004,20231020,1128,23,11,1,25.06864,121.5107,12
500103004,20231020,1129,23,10,1,25.06864,121.5107,13
500103004,20231020,1130,23,14,1,25.06864,121.5107,9
500103004,20231020,1131,23,13,1,25.06864,121.5107,10
500103004,20231020,1132,23,17,1,25.06864,121.5107,6
500103004,20231020,1133,23,19,1,25.06864,121.5107,4
500103004,20231020,1134,23,19,1,25.06864,121.5107,4
500103004,20231020,1135,23,19,1,25.06864,121.5107,4
500103004,20231020,1136,23,18,1,25.06864,121.5107,5
500103004,20231020,1137,23,18,1,25.06864,121.5107,5
500103004,20231020,1138,23,19,1,25.06864,121.5107,4
500103004,20231020,1139,23,19,1,25.06864,121.5107,4
500103004,20231020,1141,23,18,1,25.06864,121.5107,5
500103004,20231020,1142,23,18,1,25.06864,121.5107,5
500103004,20231020,1143,23,17,1,25.06864,121.5107,6
500103004,20231020,1144,23,17,1,25.06864,121.5107,6
500103004,20231020,1145,23,16,1,25.06864,121.5107,7
500103004,20231020,1146,23,16,1,25.06864,121.5107,7
500103004,20231020,1147,23,16,1,25.06864,121.5107,7
500103004,20231020,1148,23,15,1,25.06864,121.5107,8
500103004,20231020,1149,23,15,1,25.06864,121.5107,8
500103004,20231020,1150,23,15,1,25.06864,121.5107,8
500103004,20231020,1151,23,15,1,25.06864,121.5107,8
500103004,20231020,1152,23,15,1,25.06864,121.5107,8
500103004,20231020,1153,23,15,1,25.06864,121.5107,8
500103004,20231020,1154,23,14,1,25.06864,121.5107,9
500103004,20231020,1155,23,14,1,25.06864,121.5107,9
500103004,20231020,1156,23,14,1,25.06864,121.5107,9
500103004,20231020,1157,23,13,1,25.06864,121.5107,10
500103004,20231020,1158,23,13,1,25.06864,121.5107,10
500103004,20231020,1159,23,13,1,25.06864,121.5107,10
500103004,20231020,1161,23,12,1,25.06864,121.5107,11
500103004,20231020,1162,23,11,1,25.06864,121.5107,12
500103004,20231020,1163,23,11,1,25.06864,121.5107,12
500103004,20231020,1164,23,11,1,25.06864,121.5107,12
500103004,20231020,1165,23,11,1,25.06864,121.5107,12
500103004,20231020,1166,23,11,1,25.06864,121.5107,12
500103004,20231020,1167,23,12,1,25.06864,121.5107,11
500103004,20231020,1168,23,12,1,25.06864,121.5107,11
500103004,20231020,1169,23,12,1,25.06864,121.5107,11
500103004,20231020,1171,23,10,1,25.06864,121.5107,13
500103004,20231020,1172,23,10,1,25.06864,121.5107,13
500103004,20231020,1173,23,10,1,25.06864,121.5107,13
500103004,20231020,1174,23,10,1,25.06864,121.5107,13
500103004,20231020,1175,23,10,1,25.06864,121.5107,13
500103004,20231020,1176,23,10,1,25.06864,121.5107,13
500103004,20231020,1177,23,10,1,25.06864,121.5107,13
500103004,20231020,1178,23,10,1,25.06864,121.5107,13
500103004,20231020,1179,23,10,1,25.06864,121.5107,13
500103004,20231020,1180,23,9,1,25.06864,121.5107,14
500103004,20231020,1181,23,9,1,25.06864,121.5107,14
500103004,20231020,1182,23,9,1,25.06864,121.5107,14
500103004,20231020,1183,23,9,1,25.06864,121.5107,14
500103004,20231020,1184,23,9,1,25.06864,121.5107,14
500103004,20231020,1185,23,9,1,25.06864,121.5107,14
500103004,20231020,1186,23,9,1,25.06864,121.5107,14
500103004,20231020,1187,23,9,1,25.06864,121.5107,14
500103004,20231020,1188,23,9,1,25.06864,121.5107,14
500103004,20231020,1189,23,9,1,25.06864,121.5107,14
500103004,20231020,1190,23,9,1,25.06864,121.5107,14
500103004,20231020,1191,23,9,1,25.06864,121.5107,14
500103004,20231020,1192,23,9,1,25.06864,121.5107,14
500103004,20231020,1193,23,9,1,25.06864,121.5107,14
500103004,20231020,1194,23,9,1,25.06864,121.5107,14
500103004,20231020,1195,23,9,1,25.06864,121.5107,14
500103004,20231020,1196,23,8,1,25.06864,121.5107,15
500103004,20231020,1197,23,8,1,25.06864,121.5107,15
500103004,20231020,1198,23,8,1,25.06864,121.5107,15
500103004,20231020,1199,23,8,1,25.06864,121.5107,15
500103004,20231020,1201,23,8,1,25.06864,121.5107,15
500103004,20231020,1202,23,8,1,25.06864,121.5107,15
500103004,20231020,1203,23,9,1,25.06864,121.5107,14
500103004,20231020,1204,23,10,1,25.06864,121.5107,13
500103004,20231020,1205,23,10,1,25.06864,121.5107,13
500103004,20231020,1206,23,10,1,25.06864,121.5107,13
500103004,20231020,1207,23,10,1,25.06864,121.5107,13
500103004,20231020,1208,23,10,1,25.06864,121.5107,13
500103004,20231020,1209,23,10,1,25.06864,121.5107,13
500103004,20231020,1210,23,9,1,25.06864,121.5107,14
500103004,20231020,1211,23,9,1,25.06864,121.5107,14
500103004,20231020,1212,23,8,1,25.06864,121.5107,15
500103004,20231020,1213,23,8,1,25.06864,121.5107,15
500103004,20231020,1214,23,8,1,25.06864,121.5107,15
500103004,20231020,1215,23,8,1,25.06864,121.5107,15
500103004,20231020,1216,23,8,1,25.06864,121.5107,15
500103004,20231020,1217,23,8,1,25.06864,121.5107,15
500103004,20231020,1218,23,7,1,25.06864,121.5107,16
500103004,20231020,1219,23,6,1,25.06864,121.5107,17
500103004,20231020,1221,23,7,1,25.06864,121.5107,16
500103004,20231020,1222,23,7,1,25.06864,121.5107,16
500103004,20231020,1223,23,7,1,25.06864,121.5107,16
500103004,20231020,1224,23,7,1,25.06864,121.5107,16
500103004,20231020,1225,23,7,1,25.06864,121.5107,16
500103004,20231020,1226,23,7,1,25.06864,121.5107,16
500103004,20231020,1227,23,7,1,25.06864,121.5107,16
500103004,20231020,1228,23,7,1,25.06864,121.5107,16
500103004,20231020,1230,23,7,1,25.06864,121.5107,16
500103004,20231020,1231,23,7,1,25.06864,121.5107,16
500103004,20231020,1232,23,7,1,25.06864,121.5107,16
500103004,20231020,1233,23,7,1,25.06864,121.5107,16
500103004,20231020,1234,23,7,1,25.06864,121.5107,16
500103004,20231020,1235,23,7,1,25.06864,121.5107,16
500103004,20231020,1236,23,7,1,25.06864,121.5107,16
500103004,20231020,1237,23,7,1,25.06864,121.5107,16
500103004,20231020,1238,23,6,1,25.06864,121.5107,17
500103004,20231020,1239,23,5,1,25.06864,121.5107,18
500103004,20231020,1240,23,5,1,25.06864,121.5107,18
500103004,20231020,1241,23,5,1,25.06864,121.5107,18
500103004,20231020,1242,23,5,1,25.06864,121.5107,18
500103004,20231020,1243,23,5,1,25.06864,121.5107,18
500103004,20231020,1244,23,5,1,25.06864,121.5107,18
500103004,20231020,1245,23,6,1,25.06864,121.5107,17
500103004,20231020,1246,23,6,1,25.06864,121.5107,17
500103004,20231020,1247,23,6,1,25.06864,121.5107,17
500103004,20231020,1248,23,6,1,25.06864,121.5107,17
500103004,20231020,1249,23,6,1,25.06864,121.5107,17
500103004,20231020,1250,23,6,1,25.06864,121.5107,17
500103004,20231020,1251,23,6,1,25.06864,121.5107,17
500103004,20231020,1252,23,6,1,25.06864,121.5107,17
500103004,20231020,1253,23,6,1,25.06864,121.5107,17
500103004,20231020,1254,23,6,1,25.06864,121.5107,17
500103004,20231020,1255,23,6,1,25.06864,121.5107,17
500103004,20231020,1256,23,6,1,25.06864,121.5107,17
500103004,20231020,1257,23,4,1,25.06864,121.5107,19
500103004,20231020,1258,23,4,1,25.06864,121.5107,19
500103004,20231020,1259,23,3,1,25.06864,121.5107,20
500103004,20231020,1261,23,3,1,25.06864,121.5107,20
500103004,20231020,1262,23,4,1,25.06864,121.5107,19
500103004,20231020,1263,23,5,1,25.06864,121.5107,18
500103004,20231020,1264,23,5,1,25.06864,121.5107,18
500103004,20231020,1265,23,5,1,25.06864,121.5107,18
500103004,20231020,1266,23,4,1,25.06864,121.5107,19
500103004,20231020,1267,23,4,1,25.06864,121.5107,19
500103004,20231020,1268,23,4,1,25.06864,121.5107,19
500103004,20231020,1269,23,4,1,25.06864,121.5107,19
500103004,20231020,1270,23,4,1,25.06864,121.5107,19
500103004,20231020,1271,23,5,1,25.06864,121.5107,18
500103004,20231020,1272,23,5,1,25.06864,121.5107,18
500103004,20231020,1273,23,5,1,25.06864,121.5107,18
500103004,20231020,1274,23,4,1,25.06864,121.5107,19
500103004,20231020,1275,23,4,1,25.06864,121.5107,19
500103004,20231020,1276,23,2,1,25.06864,121.5107,21
500103004,20231020,1277,23,2,1,25.06864,121.5107,21
500103004,20231020,1278,23,2,1,25.06864,121.5107,21
500103004,20231020,1279,23,1,1,25.06864,121.5107,22
500103004,20231020,1281,23,2,1,25.06864,121.5107,21
500103004,20231020,1282,23,2,1,25.06864,121.5107,21
500103004,20231020,1283,23,2,1,25.06864,121.5107,21
500103004,20231020,1284,23,2,1,25.06864,121.5107,21
500103004,20231020,1285,23,2,1,25.06864,121.5107,21
500103004,20231020,1286,23,1,1,25.06864,121.5107,22
500103004,20231020,1287,23,1,1,25.06864,121.5107,22
500103004,20231020,1288,23,0,1,25.06864,121.5107,23
500103004,20231020,1289,23,0,1,25.06864,121.5107,23
500103004,20231020,1291,23,0,1,25.06864,121.5107,23
500103004,20231020,1292,23,0,1,25.06864,121.5107,23
500103004,20231020,1293,23,0,1,25.06864,121.5107,23
500103004,20231020,1294,23,0,1,25.06864,121.5107,23
500103004,20231020,1295,23,0,1,25.06864,121.5107,23
500103004,20231020,1296,23,0,1,25.06864,121.5107,23
500103004,20231020,1297,23,0,1,25.06864,121.5107,23
500103004,20231020,1298,23,0,1,25.06864,121.5107,23
500103004,20231020,1299,23,0,1,25.06864,121.5107,23
500103004,20231020,1300,23,0,1,25.06864,121.5107,23
500103004,20231020,1301,23,0,1,25.06864,121.5107,23
500103004,20231020,1302,23,0,1,25.06864,121.5107,23
500103004,20231020,1303,23,0,1,25.06864,121.5107,23
500103004,20231020,1304,23,0,1,25.06864,121.5107,23
500103004,20231020,1305,23,0,1,25.06864,121.5107,23
500103004,20231020,1306,23,0,1,25.06864,121.5107,23
500103004,20231020,1307,23,0,1,25.06864,121.5107,23
500103004,20231020,1308,23,0,1,25.06864,121.5107,23
500103004,20231020,1309,23,0,1,25.06864,121.5107,23
500103004,20231020,1310,23,0,1,25.06864,121.5107,23
500103004,20231020,1311,23,0,1,25.06864,121.5107,23
500103004,20231020,1312,23,1,1,25.06864,121.5107,22
500103004,20231020,1313,23,1,1,25.06864,121.5107,22
500103004,20231020,1314,23,2,1,25.06864,121.5107,21
500103004,20231020,1315,23,3,1,25.06864,121.5107,20
500103004,20231020,1316,23,3,1,25.06864,121.5107,20
500103004,20231020,1317,23,4,1,25.06864,121.5107,19
500103004,20231020,1318,23,4,1,25.06864,121.5107,19
500103004,20231020,1319,23,4,1,25.06864,121.5107,19
500103004,20231020,1321,23,4,1,25.06864,121.5107,19
500103004,20231020,1322,23,4,1,25.06864,121.5107,19
500103004,20231020,1323,23,4,1,25.06864,121.5107,19
500103004,20231020,1324,23,4,1,25.06864,121.5107,19
500103004,20231020,1325,23,4,1,25.06864,121.5107,19
500103004,20231020,1326,23,3,1,25.06864,121.5107,20
500103004,20231020,1327,23,3,1,25.06864,121.5107,20
500103004,20231020,1328,23,3,1,25.06864,121.5107,20
500103004,20231020,1329,23,2,1,25.06864,121.5107,21
500103004,20231020,1330,23,3,1,25.06864,121.5107,20
500103004,20231020,1331,23,3,1,25.06864,121.5107,20
500103004,20231020,1332,23,3,1,25.06864,121.5107,20
500103004,20231020,1333,23,3,1,25.06864,121.5107,20
500103004,20231020,1334,23,3,1,25.06864,121.5107,20
500103004,20231020,1335,23,4,1,25.06864,121.5107,19
500103004,20231020,1336,23,4,1,25.06864,121.5107,19
500103004,20231020,1337,23,4,1,25.06864,121.5107,19
500103004,20231020,1338,23,4,1,25.06864,121.5107,19
500103004,20231020,1339,23,4,1,25.06864,121.5107,19
500103004,20231020,1341,23,4,1,25.06864,121.5107,19
500103004,20231020,1342,23,4,1,25.06864,121.5107,19
500103004,20231020,1343,23,4,1,25.06864,121.5107,19
500103004,20231020,1344,23,3,1,25.06864,121.5107,20
500103004,20231020,1345,23,4,1,25.06864,121.5107,19
500103004,20231020,1346,23,4,1,25.06864,121.5107,19
500103004,20231020,1347,23,4,1,25.06864,121.5107,19
500103004,20231020,1348,23,4,1,25.06864,121.5107,19
500103004,20231020,1349,23,4,1,25.06864,121.5107,19
500103004,20231020,1350,23,4,1,25.06864,121.5107,19
500103004,20231020,1351,23,3,1,25.06864,121.5107,20
500103004,20231020,1352,23,3,1,25.06864,121.5107,20
500103004,20231020,1353,23,3,1,25.06864,121.5107,20
500103004,20231020,1354,23,3,1,25.06864,121.5107,20
500103004,20231020,1355,23,3,1,25.06864,121.5107,20
500103004,20231020,1356,23,3,1,25.06864,121.5107,20
500103004,20231020,1357,23,3,1,25.06864,121.5107,20
500103004,20231020,1358,23,2,1,25.06864,121.5107,21
500103004,20231020,1359,23,2,1,25.06864,121.5107,21
500103004,20231020,1360,23,2,1,25.06864,121.5107,21
500103004,20231020,1361,23,2,1,25.06864,121.5107,21
500103004,20231020,1362,23,2,1,25.06864,121.5107,21
500103004,20231020,1363,23,1,1,25.06864,121.5107,22
500103004,20231020,1364,23,1,1,25.06864,121.5107,22
500103004,20231020,1365,23,1,1,25.06864,121.5107,22
500103004,20231020,1366,23,0,1,25.06864,121.5107,23
500103004,20231020,1367,23,0,1,25.06864,121.5107,23
500103004,20231020,1368,23,0,1,25.06864,121.5107,23
500103004,20231020,1369,23,0,1,25.06864,121.5107,23
500103004,20231020,1370,23,0,1,25.06864,121.5107,23
500103004,20231020,1371,23,1,1,25.06864,121.5107,22
500103004,20231020,1372,23,1,1,25.06864,121.5107,22
500103004,20231020,1373,23,1,1,25.06864,121.5107,22
500103004,20231020,1374,23,0,1,25.06864,121.5107,23
500103004,20231020,1375,23,0,1,25.06864,121.5107,23
500103004,20231020,1376,23,0,1,25.06864,121.5107,23
500103004,20231020,1377,23,0,1,25.06864,121.5107,23
500103004,20231020,1378,23,0,1,25.06864,121.5107,23
500103004,20231020,1379,23,0,1,25.06864,121.5107,23
500103004,20231020,1381,23,0,1,25.06864,121.5107,23
500103004,20231020,1382,23,0,1,25.06864,121.5107,23
500103004,20231020,1383,23,0,1,25.06864,121.5107,23
500103004,20231020,1384,23,0,1,25.06864,121.5107,23
500103004,20231020,1385,23,0,1,25.06864,121.5107,23
500103004,20231020,1386,23,0,1,25.06864,121.5107,23
500103004,20231020,1387,23,0,1,25.06864,121.5107,23
500103004,20231020,1388,23,0,1,25.06864,121.5107,23
500103004,20231020,1389,23,1,1,25.06864,121.5107,22
500103004,20231020,1390,23,4,1,25.06864,121.5107,19
500103004,20231020,1391,23,4,1,25.06864,121.5107,19
500103004,20231020,1392,23,4,1,25.06864,121.5107,19
500103004,20231020,1393,23,4,1,25.06864,121.5107,19
500103004,20231020,1394,23,4,1,25.06864,121.5107,19
500103004,20231020,1395,23,4,1,25.06864,121.5107,19
500103004,20231020,1396,23,3,1,25.06864,121.5107,20
500103004,20231020,1397,23,3,1,25.06864,121.5107,20
500103004,20231020,1398,23,3,1,25.06864,121.5107,20
500103004,20231020,1399,23,3,1,25.06864,121.5107,20
500103004,20231020,1401,23,3,1,25.06864,121.5107,20
500103004,20231020,1402,23,3,1,25.06864,121.5107,20
500103004,20231020,1403,23,3,1,25.06864,121.5107,20
500103004,20231020,1404,23,3,1,25.06864,121.5107,20
500103004,20231020,1405,23,3,1,25.06864,121.5107,20
500103004,20231020,1406,23,3,1,25.06864,121.5107,20
500103004,20231020,1407,23,3,1,25.06864,121.5107,20
500103004,20231020,1408,23,3,1,25.06864,121.5107,20
500103004,20231020,1409,23,3,1,25.06864,121.5107,20
500103004,20231020,1410,23,3,1,25.06864,121.5107,20
500103004,20231020,1411,23,3,1,25.06864,121.5107,20
500103004,20231020,1412,23,3,1,25.06864,121.5107,20
500103004,20231020,1413,23,3,1,25.06864,121.5107,20
500103004,20231020,1414,23,3,1,25.06864,121.5107,20
500103004,20231020,1415,23,3,1,25.06864,121.5107,20
500103004,20231020,1416,23,3,1,25.06864,121.5107,20
500103004,20231020,1417,23,3,1,25.06864,121.5107,20
500103004,20231020,1418,23,3,1,25.06864,121.5107,20
500103004,20231020,1419,23,3,1,25.06864,121.5107,20
500103004,20231020,1420,23,3,1,25.06864,121.5107,20
500103004,20231020,1421,23,3,1,25.06864,121.5107,20
500103004,20231020,1422,23,3,1,25.06864,121.5107,20
500103004,20231020,1423,23,3,1,25.06864,121.5107,20
500103004,20231020,1424,23,3,1,25.06864,121.5107,20
500103004,20231020,1425,23,3,1,25.06864,121.5107,20
500103004,20231020,1426,23,3,1,25.06864,121.5107,20
500103004,20231020,1427,23,3,1,25.06864,121.5107,20
500103004,20231020,1428,23,3,1,25.06864,121.5107,20
500103004,20231020,1429,23,3,1,25.06864,121.5107,20
500103004,20231020,1430,23,3,1,25.06864,121.5107,20
500103004,20231020,1431,23,3,1,25.06864,121.5107,20
500103004,20231020,1432,23,3,1,25.06864,121.5107,20
500103004,20231020,1433,23,3,1,25.06864,121.5107,20
500103004,20231020,1434,23,2,1,25.06864,121.5107,21
500103004,20231020,1435,23,2,1,25.06864,121.5107,21
500103004,20231020,1436,23,2,1,25.06864,121.5107,21
500103004,20231020,1437,23,1,1,25.06864,121.5107,22
500103004,20231020,1438,23,1,1,25.06864,121.5107,22
500103004,20231020,1439,23,1,1,25.06864,121.5107,22
500103004,20231025,0,23,0,1,25.06864,121.5107,23
500103004,20231025,1,23,0,1,25.06864,121.5107,23
500103004,20231025,2,23,0,1,25.06864,121.5107,23
500103004,20231025,3,23,0,1,25.06864,121.5107,23
500103004,20231025,4,23,0,1,25.06864,121.5107,23
500103004,20231025,5,23,0,1,25.06864,121.5107,23
500103004,20231025,6,23,0,1,25.06864,121.5107,23
500103004,20231025,7,23,0,1,25.06864,121.5107,23
500103004,20231025,8,23,0,1,25.06864,121.5107,23
500103004,20231025,9,23,0,1,25.06864,121.5107,23
500103004,20231025,10,23,0,1,25.06864,121.5107,23
500103004,20231025,11,23,0,1,25.06864,121.5107,23
500103004,20231025,12,23,0,1,25.06864,121.5107,23
500103004,20231025,13,23,0,1,25.06864,121.5107,23
500103004,20231025,14,23,0,1,25.06864,121.5107,23
500103004,20231025,15,23,0,1,25.06864,121.5107,23
500103004,20231025,16,23,2,1,25.06864,121.5107,21
500103004,20231025,17,23,4,1,25.06864,121.5107,19
500103004,20231025,18,23,5,1,25.06864,121.5107,18
500103004,20231025,19,23,5,1,25.06864,121.5107,18
500103004,20231025,21,23,5,1,25.06864,121.5107,18
500103004,20231025,22,23,5,1,25.06864,121.5107,18
500103004,20231025,23,23,5,1,25.06864,121.5107,18
500103004,20231025,24,23,6,1,25.06864,121.5107,17
500103004,20231025,25,23,6,1,25.06864,121.5107,17
500103004,20231025,26,23,6,1,25.06864,121.5107,17
500103004,20231025,27,23,6,1,25.06864,121.5107,17
500103004,20231025,28,23,6,1,25.06864,121.5107,17
500103004,20231025,29,23,6,1,25.06864,121.5107,17
500103004,20231025,30,23,6,1,25.06864,121.5107,17
500103004,20231025,31,23,6,1,25.06864,121.5107,17
500103004,20231025,32,23,6,1,25.06864,121.5107,17
500103004,20231025,33,23,6,1,25.06864,121.5107,17
500103004,20231025,34,23,6,1,25.06864,121.5107,17
500103004,20231025,35,23,6,1,25.06864,121.5107,17
500103004,20231025,36,23,6,1,25.06864,121.5107,17
500103004,20231025,37,23,6,1,25.06864,121.5107,17
500103004,20231025,38,23,6,1,25.06864,121.5107,17
500103004,20231025,39,23,6,1,25.06864,121.5107,17
500103004,20231025,40,23,6,1,25.06864,121.5107,17
500103004,20231025,41,23,6,1,25.06864,121.5107,17
500103004,20231025,42,23,6,1,25.06864,121.5107,17
500103004,20231025,43,23,6,1,25.06864,121.5107,17
500103004,20231025,44,23,6,1,25.06864,121.5107,17
500103004,20231025,45,23,6,1,25.06864,121.5107,17
500103004,20231025,46,23,6,1,25.06864,121.5107,17
500103004,20231025,47,23,6,1,25.06864,121.5107,17
500103004,20231025,48,23,6,1,25.06864,121.5107,17
500103004,20231025,49,23,6,1,25.06864,121.5107,17
500103004,20231025,50,23,6,1,25.06864,121.5107,17
500103004,20231025,51,23,6,1,25.06864,121.5107,17
500103004,20231025,52,23,6,1,25.06864,121.5107,17
500103004,20231025,53,23,6,1,25.06864,121.5107,17
500103004,20231025,54,23,6,1,25.06864,121.5107,17
500103004,20231025,55,23,6,1,25.06864,121.5107,17
500103004,20231025,56,23,7,1,25.06864,121.5107,16
500103004,20231025,57,23,7,1,25.06864,121.5107,16
500103004,20231025,58,23,7,1,25.06864,121.5107,16
500103004,20231025,59,23,7,1,25.06864,121.5107,16
500103004,20231025,60,23,7,1,25.06864,121.5107,16
500103004,20231025,61,23,7,1,25.06864,121.5107,16
500103004,20231025,62,23,7,1,25.06864,121.5107,16
500103004,20231025,63,23,7,1,25.06864,121.5107,16
500103004,20231025,64,23,7,1,25.06864,121.5107,16
500103004,20231025,65,23,7,1,25.06864,121.5107,16
500103004,20231025,66,23,7,1,25.06864,121.5107,16
500103004,20231025,67,23,7,1,25.06864,121.5107,16
500103004,20231025,68,23,7,1,25.06864,121.5107,16
500103004,20231025,69,23,4,1,25.06864,121.5107,19
500103004,20231025,70,23,4,1,25.06864,121.5107,19
500103004,20231025,71,23,4,1,25.06864,121.5107,19
500103004,20231025,72,23,2,1,25.06864,121.5107,21
500103004,20231025,73,23,2,1,25.06864,121.5107,21
500103004,20231025,74,23,2,1,25.06864,121.5107,21
500103004,20231025,75,23,2,1,25.06864,121.5107,21
500103004,20231025,76,23,2,1,25.06864,121.5107,21
500103004,20231025,77,23,2,1,25.06864,121.5107,21
500103004,20231025,78,23,2,1,25.06864,121.5107,21
500103004,20231025,79,23,2,1,25.06864,121.5107,21
500103004,20231025,81,23,2,1,25.06864,121.5107,21
500103004,20231025,82,23,2,1,25.06864,121.5107,21
500103004,20231025,83,23,2,1,25.06864,121.5107,21
500103004,20231025,84,23,2,1,25.06864,121.5107,21
500103004,20231025,85,23,2,1,25.06864,121.5107,21
500103004,20231025,86,23,2,1,25.06864,121.5107,21
500103004,20231025,87,23,2,1,25.06864,121.5107,21
500103004,20231025,88,23,2,1,25.06864,121.5107,21
500103004,20231025,89,23,2,1,25.06864,121.5107,21
500103004,20231025,90,23,2,1,25.06864,121.5107,21
500103004,20231025,91,23,2,1,25.06864,121.5107,21
500103004,20231025,92,23,2,1,25.06864,121.5107,21
500103004,20231025,93,23,2,1,25.06864,121.5107,21
500103004,20231025,94,23,2,1,25.06864,121.5107,21
500103004,20231025,95,23,2,1,25.06864,121.5107,21
500103004,20231025,96,23,2,1,25.06864,121.5107,21
500103004,20231025,97,23,2,1,25.06864,121.5107,21
500103004,20231025,98,23,2,1,25.06864,121.5107,21
500103004,20231025,100,23,2,1,25.06864,121.5107,21
500103004,20231025,101,23,2,1,25.06864,121.5107,21
500103004,20231025,102,23,2,1,25.06864,121.5107,21
500103004,20231025,103,23,2,1,25.06864,121.5107,21
500103004,20231025,104,23,2,1,25.06864,121.5107,21
500103004,20231025,105,23,2,1,25.06864,121.5107,21
500103004,20231025,106,23,2,1,25.06864,121.5107,21
500103004,20231025,107,23,2,1,25.06864,121.5107,21
500103004,20231025,108,23,2,1,25.06864,121.5107,21
500103004,20231025,109,23,2,1,25.06864,121.5107,21
500103004,20231025,110,23,2,1,25.06864,121.5107,21
500103004,20231025,111,23,2,1,25.06864,121.5107,21
500103004,20231025,112,23,2,1,25.06864,121.5107,21
500103004,20231025,113,23,2,1,25.06864,121.5107,21
500103004,20231025,114,23,2,1,25.06864,121.5107,21
500103004,20231025,115,23,2,1,25.06864,121.5107,21
500103004,20231025,116,23,2,1,25.06864,121.5107,21
500103004,20231025,117,23,2,1,25.06864,121.5107,21
500103004,20231025,118,23,2,1,25.06864,121.5107,21
500103004,20231025,119,23,2,1,25.06864,121.5107,21
500103004,20231025,121,23,2,1,25.06864,121.5107,21
500103004,20231025,122,23,2,1,25.06864,121.5107,21
500103004,20231025,123,23,2,1,25.06864,121.5107,21
500103004,20231025,124,23,2,1,25.06864,121.5107,21
500103004,20231025,125,23,2,1,25.06864,121.5107,21
500103004,20231025,126,23,2,1,25.06864,121.5107,21
500103004,20231025,127,23,2,1,25.06864,121.5107,21
500103004,20231025,128,23,2,1,25.06864,121.5107,21
500103004,20231025,129,23,2,1,25.06864,121.5107,21
500103004,20231025,130,23,2,1,25.06864,121.5107,21
500103004,20231025,131,23,2,1,25.06864,121.5107,21
500103004,20231025,132,23,2,1,25.06864,121.5107,21
500103004,20231025,133,23,2,1,25.06864,121.5107,21
500103004,20231025,134,23,2,1,25.06864,121.5107,21
500103004,20231025,135,23,2,1,25.06864,121.5107,21
500103004,20231025,136,23,2,1,25.06864,121.5107,21
500103004,20231025,137,23,2,1,25.06864,121.5107,21
500103004,20231025,138,23,2,1,25.06864,121.5107,21
500103004,20231025,139,23,2,1,25.06864,121.5107,21
500103004,20231025,141,23,2,1,25.06864,121.5107,21
500103004,20231025,142,23,2,1,25.06864,121.5107,21
500103004,20231025,143,23,2,1,25.06864,121.5107,21
500103004,20231025,144,23,2,1,25.06864,121.5107,21
500103004,20231025,145,23,2,1,25.06864,121.5107,21
500103004,20231025,146,23,2,1,25.06864,121.5107,21
500103004,20231025,147,23,2,1,25.06864,121.5107,21
500103004,20231025,148,23,2,1,25.06864,121.5107,21
500103004,20231025,149,23,2,1,25.06864,121.5107,21
500103004,20231025,150,23,2,1,25.06864,121.5107,21
500103004,20231025,151,23,2,1,25.06864,121.5107,21
500103004,20231025,152,23,2,1,25.06864,121.5107,21
500103004,20231025,153,23,2,1,25.06864,121.5107,21
500103004,20231025,154,23,2,1,25.06864,121.5107,21
500103004,20231025,155,23,2,1,25.06864,121.5107,21
500103004,20231025,156,23,2,1,25.06864,121.5107,21
500103004,20231025,157,23,2,1,25.06864,121.5107,21
500103004,20231025,158,23,2,1,25.06864,121.5107,21
500103004,20231025,159,23,2,1,25.06864,121.5107,21
500103004,20231025,160,23,2,1,25.06864,121.5107,21
500103004,20231025,161,23,2,1,25.06864,121.5107,21
500103004,20231025,162,23,2,1,25.06864,121.5107,21
500103004,20231025,163,23,2,1,25.06864,121.5107,21
500103004,20231025,164,23,2,1,25.06864,121.5107,21
500103004,20231025,165,23,2,1,25.06864,121.5107,21
500103004,20231025,166,23,2,1,25.06864,121.5107,21
500103004,20231025,167,23,2,1,25.06864,121.5107,21
500103004,20231025,168,23,2,1,25.06864,121.5107,21
500103004,20231025,169,23,2,1,25.06864,121.5107,21
500103004,20231025,170,23,2,1,25.06864,121.5107,21
500103004,20231025,171,23,2,1,25.06864,121.5107,21
500103004,20231025,172,23,2,1,25.06864,121.5107,21
500103004,20231025,173,23,2,1,25.06864,121.5107,21
500103004,20231025,174,23,2,1,25.06864,121.5107,21
500103004,20231025,175,23,2,1,25.06864,121.5107,21
500103004,20231025,176,23,2,1,25.06864,121.5107,21
500103004,20231025,177,23,2,1,25.06864,121.5107,21
500103004,20231025,178,23,2,1,25.06864,121.5107,21
500103004,20231025,179,23,2,1,25.06864,121.5107,21
500103004,20231025,180,23,2,1,25.06864,121.5107,21
500103004,20231025,181,23,2,1,25.06864,121.5107,21
500103004,20231025,182,23,2,1,25.06864,121.5107,21
500103004,20231025,183,23,2,1,25.06864,121.5107,21
500103004,20231025,184,23,2,1,25.06864,121.5107,21
500103004,20231025,185,23,2,1,25.06864,121.5107,21
500103004,20231025,186,23,2,1,25.06864,121.5107,21
500103004,20231025,187,23,2,1,25.06864,121.5107,21
500103004,20231025,188,23,2,1,25.06864,121.5107,21
500103004,20231025,189,23,2,1,25.06864,121.5107,21
500103004,20231025,190,23,2,1,25.06864,121.5107,21
500103004,20231025,191,23,2,1,25.06864,121.5107,21
500103004,20231025,192,23,2,1,25.06864,121.5107,21
500103004,20231025,193,23,2,1,25.06864,121.5107,21
500103004,20231025,194,23,2,1,25.06864,121.5107,21
500103004,20231025,195,23,2,1,25.06864,121.5107,21
500103004,20231025,196,23,2,1,25.06864,121.5107,21
500103004,20231025,197,23,2,1,25.06864,121.5107,21
500103004,20231025,198,23,2,1,25.06864,121.5107,21
500103004,20231025,199,23,2,1,25.06864,121.5107,21
500103004,20231025,201,23,2,1,25.06864,121.5107,21
500103004,20231025,202,23,2,1,25.06864,121.5107,21
500103004,20231025,203,23,2,1,25.06864,121.5107,21
500103004,20231025,204,23,2,1,25.06864,121.5107,21
500103004,20231025,205,23,2,1,25.06864,121.5107,21
500103004,20231025,206,23,2,1,25.06864,121.5107,21
500103004,20231025,207,23,2,1,25.06864,121.5107,21
500103004,20231025,208,23,2,1,25.06864,121.5107,21
500103004,20231025,209,23,2,1,25.06864,121.5107,21
500103004,20231025,210,23,2,1,25.06864,121.5107,21
500103004,20231025,211,23,2,1,25.06864,121.5107,21
500103004,20231025,212,23,2,1,25.06864,121.5107,21
500103004,20231025,213,23,2,1,25.06864,121.5107,21
500103004,20231025,214,23,2,1,25.06864,121.5107,21
500103004,20231025,215,23,2,1,25.06864,121.5107,21
500103004,20231025,216,23,2,1,25.06864,121.5107,21
500103004,20231025,217,23,2,1,25.06864,121.5107,21
500103004,20231025,218,23,2,1,25.06864,121.5107,21
500103004,20231025,219,23,3,1,25.06864,121.5107,20
500103004,20231025,220,23,3,1,25.06864,121.5107,20
500103004,20231025,221,23,3,1,25.06864,121.5107,20
500103004,20231025,222,23,3,1,25.06864,121.5107,20
500103004,20231025,223,23,3,1,25.06864,121.5107,20
500103004,20231025,224,23,3,1,25.06864,121.5107,20
500103004,20231025,225,23,3,1,25.06864,121.5107,20
500103004,20231025,226,23,3,1,25.06864,121.5107,20
500103004,20231025,227,23,3,1,25.06864,121.5107,20
500103004,20231025,228,23,3,1,25.06864,121.5107,20
500103004,20231025,229,23,3,1,25.06864,121.5107,20
500103004,20231025,230,23,3,1,25.06864,121.5107,20
500103004,20231025,231,23,3,1,25.06864,121.5107,20
500103004,20231025,232,23,3,1,25.06864,121.5107,20
500103004,20231025,233,23,3,1,25.06864,121.5107,20
500103004,20231025,234,23,3,1,25.06864,121.5107,20
500103004,20231025,235,23,3,1,25.06864,121.5107,20
500103004,20231025,236,23,3,1,25.06864,121.5107,20
500103004,20231025,237,23,3,1,25.06864,121.5107,20
500103004,20231025,238,23,3,1,25.06864,121.5107,20
500103004,20231025,239,23,4,1,25.06864,121.5107,19
500103004,20231025,241,23,4,1,25.06864,121.5107,19
500103004,20231025,242,23,4,1,25.06864,121.5107,19
500103004,20231025,243,23,4,1,25.06864,121.5107,19
500103004,20231025,244,23,4,1,25.06864,121.5107,19
500103004,20231025,245,23,4,1,25.06864,121.5107,19
500103004,20231025,246,23,4,1,25.06864,121.5107,19
500103004,20231025,247,23,4,1,25.06864,121.5107,19
500103004,20231025,248,23,4,1,25.06864,121.5107,19
500103004,20231025,249,23,5,1,25.06864,121.5107,18
500103004,20231025,250,23,5,1,25.06864,121.5107,18
500103004,20231025,251,23,5,1,25.06864,121.5107,18
500103004,20231025,252,23,5,1,25.06864,121.5107,18
500103004,20231025,253,23,5,1,25.06864,121.5107,18
500103004,20231025,254,23,5,1,25.06864,121.5107,18
500103004,20231025,255,23,5,1,25.06864,121.5107,18
500103004,20231025,256,23,5,1,25.06864,121.5107,18
500103004,20231025,257,23,5,1,25.06864,121.5107,18
500103004,20231025,258,23,5,1,25.06864,121.5107,18
500103004,20231025,259,23,5,1,25.06864,121.5107,18
500103004,20231025,261,23,5,1,25.06864,121.5107,18
500103004,20231025,262,23,5,1,25.06864,121.5107,18
500103004,20231025,263,23,5,1,25.06864,121.5107,18
500103004,20231025,264,23,5,1,25.06864,121.5107,18
500103004,20231025,265,23,5,1,25.06864,121.5107,18
500103004,20231025,266,23,5,1,25.06864,121.5107,18
500103004,20231025,267,23,5,1,25.06864,121.5107,18
500103004,20231025,268,23,5,1,25.06864,121.5107,18
500103004,20231025,269,23,4,1,25.06864,121.5107,19
500103004,20231025,270,23,4,1,25.06864,121.5107,19
500103004,20231025,271,23,4,1,25.06864,121.5107,19
500103004,20231025,272,23,4,1,25.06864,121.5107,19
500103004,20231025,273,23,4,1,25.06864,121.5107,19
500103004,20231025,274,23,4,1,25.06864,121.5107,19
500103004,20231025,275,23,4,1,25.06864,121.5107,19
500103004,20231025,276,23,4,1,25.06864,121.5107,19
500103004,20231025,277,23,4,1,25.06864,121.5107,19
500103004,20231025,278,23,4,1,25.06864,121.5107,19
500103004,20231025,279,23,4,1,25.06864,121.5107,19
500103004,20231025,280,23,4,1,25.06864,121.5107,19
500103004,20231025,281,23,4,1,25.06864,121.5107,19
500103004,20231025,282,23,4,1,25.06864,121.5107,19
500103004,20231025,283,23,4,1,25.06864,121.5107,19
500103004,20231025,284,23,4,1,25.06864,121.5107,19
500103004,20231025,285,23,4,1,25.06864,121.5107,19
500103004,20231025,286,23,4,1,25.06864,121.5107,19
500103004,20231025,287,23,4,1,25.06864,121.5107,19
500103004,20231025,288,23,4,1,25.06864,121.5107,19
500103004,20231025,289,23,4,1,25.06864,121.5107,19
500103004,20231025,290,23,4,1,25.06864,121.5107,19
500103004,20231025,291,23,4,1,25.06864,121.5107,19
500103004,20231025,292,23,4,1,25.06864,121.5107,19
500103004,20231025,293,23,4,1,25.06864,121.5107,19
500103004,20231025,294,23,4,1,25.06864,121.5107,19
500103004,20231025,295,23,4,1,25.06864,121.5107,19
500103004,20231025,296,23,4,1,25.06864,121.5107,19
500103004,20231025,297,23,4,1,25.06864,121.5107,19
500103004,20231025,298,23,4,1,25.06864,121.5107,19
500103004,20231025,299,23,4,1,25.06864,121.5107,19
500103004,20231025,300,23,4,1,25.06864,121.5107,19
500103004,20231025,301,23,4,1,25.06864,121.5107,19
500103004,20231025,302,23,4,1,25.06864,121.5107,19
500103004,20231025,303,23,4,1,25.06864,121.5107,19
500103004,20231025,304,23,4,1,25.06864,121.5107,19
500103004,20231025,305,23,4,1,25.06864,121.5107,19
500103004,20231025,306,23,4,1,25.06864,121.5107,19
500103004,20231025,307,23,4,1,25.06864,121.5107,19
500103004,20231025,308,23,4,1,25.06864,121.5107,19
500103004,20231025,309,23,4,1,25.06864,121.5107,19
500103004,20231025,310,23,4,1,25.06864,121.5107,19
500103004,20231025,311,23,4,1,25.06864,121.5107,19
500103004,20231025,312,23,4,1,25.06864,121.5107,19
500103004,20231025,313,23,4,1,25.06864,121.5107,19
500103004,20231025,314,23,4,1,25.06864,121.5107,19
500103004,20231025,315,23,4,1,25.06864,121.5107,19
500103004,20231025,316,23,4,1,25.06864,121.5107,19
500103004,20231025,317,23,4,1,25.06864,121.5107,19
500103004,20231025,318,23,4,1,25.06864,121.5107,19
500103004,20231025,319,23,4,1,25.06864,121.5107,19
500103004,20231025,321,23,4,1,25.06864,121.5107,19
500103004,20231025,322,23,4,1,25.06864,121.5107,19
500103004,20231025,323,23,4,1,25.06864,121.5107,19
500103004,20231025,324,23,4,1,25.06864,121.5107,19
500103004,20231025,325,23,4,1,25.06864,121.5107,19
500103004,20231025,326,23,4,1,25.06864,121.5107,19
500103004,20231025,327,23,4,1,25.06864,121.5107,19
500103004,20231025,328,23,4,1,25.06864,121.5107,19
500103004,20231025,329,23,4,1,25.06864,121.5107,19
500103004,20231025,330,23,4,1,25.06864,121.5107,19
500103004,20231025,331,23,4,1,25.06864,121.5107,19
500103004,20231025,332,23,4,1,25.06864,121.5107,19
500103004,20231025,333,23,4,1,25.06864,121.5107,19
500103004,20231025,334,23,4,1,25.06864,121.5107,19
500103004,20231025,335,23,4,1,25.06864,121.5107,19
500103004,20231025,336,23,4,1,25.06864,121.5107,19
500103004,20231025,337,23,4,1,25.06864,121.5107,19
500103004,20231025,338,23,4,1,25.06864,121.5107,19
500103004,20231025,339,23,4,1,25.06864,121.5107,19
500103004,20231025,340,23,5,1,25.06864,121.5107,18
500103004,20231025,341,23,5,1,25.06864,121.5107,18
500103004,20231025,342,23,5,1,25.06864,121.5107,18
500103004,20231025,343,23,5,1,25.06864,121.5107,18
500103004,20231025,344,23,5,1,25.06864,121.5107,18
500103004,20231025,345,23,5,1,25.06864,121.5107,18
500103004,20231025,346,23,5,1,25.06864,121.5107,18
500103004,20231025,347,23,5,1,25.06864,121.5107,18
500103004,20231025,348,23,5,1,25.06864,121.5107,18
500103004,20231025,349,23,5,1,25.06864,121.5107,18
500103004,20231025,350,23,5,1,25.06864,121.5107,18
500103004,20231025,351,23,5,1,25.06864,121.5107,18
500103004,20231025,352,23,5,1,25.06864,121.5107,18
500103004,20231025,353,23,5,1,25.06864,121.5107,18
500103004,20231025,354,23,5,1,25.06864,121.5107,18
500103004,20231025,355,23,5,1,25.06864,121.5107,18
500103004,20231025,356,23,7,1,25.06864,121.5107,16
500103004,20231025,357,23,7,1,25.06864,121.5107,16
500103004,20231025,358,23,7,1,25.06864,121.5107,16
500103004,20231025,359,23,7,1,25.06864,121.5107,16
500103004,20231025,360,23,7,1,25.06864,121.5107,16
500103004,20231025,361,23,7,1,25.06864,121.5107,16
500103004,20231025,362,23,7,1,25.06864,121.5107,16
500103004,20231025,363,23,7,1,25.06864,121.5107,16
500103004,20231025,364,23,8,1,25.06864,121.5107,15
500103004,20231025,365,23,8,1,25.06864,121.5107,15
500103004,20231025,366,23,7,1,25.06864,121.5107,16
500103004,20231025,367,23,7,1,25.06864,121.5107,16
500103004,20231025,368,23,8,1,25.06864,121.5107,15
500103004,20231025,369,23,8,1,25.06864,121.5107,15
500103004,20231025,370,23,8,1,25.06864,121.5107,15
500103004,20231025,371,23,8,1,25.06864,121.5107,15
500103004,20231025,372,23,8,1,25.06864,121.5107,15
500103004,20231025,373,23,8,1,25.06864,121.5107,15
500103004,20231025,374,23,8,1,25.06864,121.5107,15
500103004,20231025,375,23,8,1,25.06864,121.5107,15
500103004,20231025,376,23,8,1,25.06864,121.5107,15
500103004,20231025,378,23,7,1,25.06864,121.5107,16
500103004,20231025,379,23,7,1,25.06864,121.5107,16
500103004,20231025,381,23,7,1,25.06864,121.5107,16
500103004,20231025,382,23,7,1,25.06864,121.5107,16
500103004,20231025,383,23,7,1,25.06864,121.5107,16
500103004,20231025,384,23,7,1,25.06864,121.5107,16
500103004,20231025,385,23,7,1,25.06864,121.5107,16
500103004,20231025,386,23,8,1,25.06864,121.5107,15
500103004,20231025,387,23,8,1,25.06864,121.5107,15
500103004,20231025,388,23,8,1,25.06864,121.5107,15
500103004,20231025,389,23,9,1,25.06864,121.5107,14
500103004,20231025,390,23,9,1,25.06864,121.5107,14
500103004,20231025,391,23,10,1,25.06864,121.5107,13
500103004,20231025,392,23,10,1,25.06864,121.5107,13
500103004,20231025,393,23,11,1,25.06864,121.5107,12
500103004,20231025,394,23,11,1,25.06864,121.5107,12
500103004,20231025,395,23,11,1,25.06864,121.5107,12
500103004,20231025,396,23,11,1,25.06864,121.5107,12
500103004,20231025,397,23,11,1,25.06864,121.5107,12
500103004,20231025,398,23,11,1,25.06864,121.5107,12
500103004,20231025,399,23,12,1,25.06864,121.5107,11
500103004,20231025,400,23,12,1,25.06864,121.5107,11
500103004,20231025,401,23,12,1,25.06864,121.5107,11
500103004,20231025,402,23,12,1,25.06864,121.5107,11
500103004,20231025,403,23,12,1,25.06864,121.5107,11
500103004,20231025,404,23,12,1,25.06864,121.5107,11
500103004,20231025,405,23,12,1,25.06864,121.5107,11
500103004,20231025,406,23,12,1,25.06864,121.5107,11
500103004,20231025,407,23,12,1,25.06864,121.5107,11
500103004,20231025,408,23,12,1,25.06864,121.5107,11
500103004,20231025,409,23,12,1,25.06864,121.5107,11
500103004,20231025,410,23,12,1,25.06864,121.5107,11
500103004,20231025,411,23,12,1,25.06864,121.5107,11
500103004,20231025,412,23,12,1,25.06864,121.5107,11
500103004,20231025,413,23,12,1,25.06864,121.5107,11
500103004,20231025,414,23,13,1,25.06864,121.5107,10
500103004,20231025,415,23,13,1,25.06864,121.5107,10
500103004,20231025,416,23,12,1,25.06864,121.5107,11
500103004,20231025,417,23,12,1,25.06864,121.5107,11
500103004,20231025,418,23,12,1,25.06864,121.5107,11
500103004,20231025,419,23,13,1,25.06864,121.5107,10
500103004,20231025,421,23,15,1,25.06864,121.5107,8
500103004,20231025,422,23,17,1,25.06864,121.5107,5
500103004,20231025,423,23,17,1,25.06864,121.5107,5
500103004,20231025,425,23,17,1,25.06864,121.5107,5
500103004,20231025,426,23,17,1,25.06864,121.5107,5
500103004,20231025,427,23,17,1,25.06864,121.5107,5
500103004,20231025,428,23,17,1,25.06864,121.5107,5
500103004,20231025,429,23,17,1,25.06864,121.5107,5
500103004,20231025,430,23,17,1,25.06864,121.5107,5
500103004,20231025,431,23,18,1,25.06864,121.5107,4
500103004,20231025,432,23,18,1,25.06864,121.5107,4
500103004,20231025,433,23,18,1,25.06864,121.5107,4
500103004,20231025,434,23,18,1,25.06864,121.5107,4
500103004,20231025,435,23,18,1,25.06864,121.5107,4
500103004,20231025,436,23,18,1,25.06864,121.5107,4
500103004,20231025,437,23,18,1,25.06864,121.5107,4
500103004,20231025,438,23,18,1,25.06864,121.5107,4
500103004,20231025,439,23,19,1,25.06864,121.5107,3
500103004,20231025,441,23,19,1,25.06864,121.5107,3
500103004,20231025,442,23,19,1,25.06864,121.5107,3
500103004,20231025,443,23,19,1,25.06864,121.5107,3
500103004,20231025,444,23,21,1,25.06864,121.5107,1
500103004,20231025,445,23,21,1,25.06864,121.5107,1
500103004,20231025,446,23,22,1,25.06864,121.5107,0
500103004,20231025,447,23,22,1,25.06864,121.5107,0
500103004,20231025,448,23,22,1,25.06864,121.5107,0
500103004,20231025,449,23,22,1,25.06864,121.5107,0
500103004,20231025,451,23,22,1,25.06864,121.5107,0
500103004,20231025,452,23,22,1,25.06864,121.5107,0
500103004,20231025,453,23,22,1,25.06864,121.5107,0
500103004,20231025,454,23,22,1,25.06864,121.5107,0
500103004,20231025,455,23,22,1,25.06864,121.5107,0
500103004,20231025,456,23,22,1,25.06864,121.5107,0
500103004,20231025,457,23,22,1,25.06864,121.5107,0
500103004,20231025,458,23,22,1,25.06864,121.5107,0
500103004,20231025,459,23,22,1,25.06864,121.5107,0
500103004,20231025,460,23,22,1,25.06864,121.5107,0
500103004,20231025,461,23,21,1,25.06864,121.5107,1
500103004,20231025,462,23,22,1,25.06864,121.5107,0
500103004,20231025,463,23,22,1,25.06864,121.5107,0
500103004,20231025,464,23,21,1,25.06864,121.5107,1
500103004,20231025,465,23,22,1,25.06864,121.5107,0
500103004,20231025,466,23,22,1,25.06864,121.5107,0
500103004,20231025,467,23,22,1,25.06864,121.5107,0
500103004,20231025,468,23,22,1,25.06864,121.5107,0
500103004,20231025,469,23,22,1,25.06864,121.5107,0
500103004,20231025,470,23,22,1,25.06864,121.5107,0
500103004,20231025,471,23,22,1,25.06864,121.5107,0
500103004,20231025,472,23,22,1,25.06864,121.5107,0
500103004,20231025,473,23,22,1,25.06864,121.5107,0
500103004,20231025,474,23,22,1,25.06864,121.5107,0
500103004,20231025,475,23,22,1,25.06864,121.5107,0
500103004,20231025,476,23,22,1,25.06864,121.5107,0
500103004,20231025,477,23,22,1,25.06864,121.5107,0
500103004,20231025,478,23,22,1,25.06864,121.5107,0
500103004,20231025,479,23,22,1,25.06864,121.5107,0
500103004,20231025,481,23,22,1,25.06864,121.5107,0
500103004,20231025,482,23,22,1,25.06864,121.5107,0
500103004,20231025,483,23,21,1,25.06864,121.5107,1
500103004,20231025,484,23,21,1,25.06864,121.5107,1
500103004,20231025,485,23,21,1,25.06864,121.5107,1
500103004,20231025,486,23,21,1,25.06864,121.5107,1
500103004,20231025,487,23,20,1,25.06864,121.5107,2
500103004,20231025,488,23,20,1,25.06864,121.5107,2
500103004,20231025,489,23,20,1,25.06864,121.5107,2
500103004,20231025,490,23,21,1,25.06864,121.5107,1
500103004,20231025,491,23,18,1,25.06864,121.5107,4
500103004,20231025,492,23,18,1,25.06864,121.5107,4
500103004,20231025,493,23,8,1,25.06864,121.5107,14
500103004,20231025,494,23,5,1,25.06864,121.5107,17
500103004,20231025,495,23,3,1,25.06864,121.5107,19
500103004,20231025,496,23,1,1,25.06864,121.5107,21
500103004,20231025,497,23,2,1,25.06864,121.5107,20
500103004,20231025,498,23,3,1,25.06864,121.5107,19
500103004,20231025,499,23,3,1,25.06864,121.5107,19
500103004,20231025,501,23,8,1,25.06864,121.5107,14
500103004,20231025,502,23,9,1,25.06864,121.5107,13
500103004,20231025,503,23,9,1,25.06864,121.5107,13
500103004,20231025,504,23,8,1,25.06864,121.5107,14
500103004,20231025,505,23,8,1,25.06864,121.5107,14
500103004,20231025,506,23,9,1,25.06864,121.5107,13
500103004,20231025,507,23,11,1,25.06864,121.5107,11
500103004,20231025,508,23,11,1,25.06864,121.5107,11
500103004,20231025,509,23,11,1,25.06864,121.5107,11
500103004,20231025,511,23,13,1,25.06864,121.5107,9
500103004,20231025,512,23,14,1,25.06864,121.5107,8
500103004,20231025,513,23,14,1,25.06864,121.5107,8
500103004,20231025,514,23,15,1,25.06864,121.5107,7
500103004,20231025,515,23,14,1,25.06864,121.5107,8
500103004,20231025,516,23,14,1,25.06864,121.5107,8
500103004,20231025,517,23,13,1,25.06864,121.5107,9
500103004,20231025,518,23,13,1,25.06864,121.5107,9
500103004,20231025,519,23,13,1,25.06864,121.5107,9
500103004,20231025,520,23,13,1,25.06864,121.5107,9
500103004,20231025,521,23,13,1,25.06864,121.5107,9
500103004,20231025,522,23,13,1,25.06864,121.5107,9
500103004,20231025,523,23,14,1,25.06864,121.5107,8
500103004,20231025,524,23,12,1,25.06864,121.5107,10
500103004,20231025,525,23,12,1,25.06864,121.5107,10
500103004,20231025,526,23,14,1,25.06864,121.5107,8
500103004,20231025,527,23,17,1,25.06864,121.5107,5
500103004,20231025,528,23,17,1,25.06864,121.5107,5
500103004,20231025,529,23,17,1,25.06864,121.5107,5
500103004,20231025,530,23,18,1,25.06864,121.5107,4
500103004,20231025,531,23,18,1,25.06864,121.5107,4
500103004,20231025,532,23,18,1,25.06864,121.5107,4
500103004,20231025,533,23,17,1,25.06864,121.5107,5
500103004,20231025,534,23,18,1,25.06864,121.5107,4
500103004,20231025,535,23,18,1,25.06864,121.5107,4
500103004,20231025,536,23,17,1,25.06864,121.5107,5
500103004,20231025,537,23,17,1,25.06864,121.5107,5
500103004,20231025,538,23,17,1,25.06864,121.5107,5
500103004,20231025,539,23,17,1,25.06864,121.5107,5
500103004,20231025,541,23,17,1,25.06864,121.5107,5
500103004,20231025,542,23,17,1,25.06864,121.5107,5
500103004,20231025,543,23,17,1,25.06864,121.5107,5
500103004,20231025,544,23,17,1,25.06864,121.5107,5
500103004,20231025,545,23,18,1,25.06864,121.5107,4
500103004,20231025,546,23,17,1,25.06864,121.5107,5
500103004,20231025,547,23,17,1,25.06864,121.5107,5
500103004,20231025,548,23,18,1,25.06864,121.5107,4
500103004,20231025,549,23,18,1,25.06864,121.5107,4
500103004,20231025,550,23,18,1,25.06864,121.5107,4
500103004,20231025,551,23,19,1,25.06864,121.5107,3
500103004,20231025,552,23,19,1,25.06864,121.5107,3
500103004,20231025,553,23,19,1,25.06864,121.5107,3
500103004,20231025,554,23,20,1,25.06864,121.5107,2
500103004,20231025,555,23,20,1,25.06864,121.5107,2
500103004,20231025,556,23,18,1,25.06864,121.5107,4
500103004,20231025,557,23,19,1,25.06864,121.5107,3
500103004,20231025,558,23,17,1,25.06864,121.5107,5
500103004,20231025,559,23,16,1,25.06864,121.5107,6
500103004,20231025,561,23,16,1,25.06864,121.5107,6
500103004,20231025,562,23,17,1,25.06864,121.5107,5
500103004,20231025,563,23,18,1,25.06864,121.5107,4
500103004,20231025,564,23,20,1,25.06864,121.5107,2
500103004,20231025,565,23,20,1,25.06864,121.5107,2
500103004,20231025,566,23,20,1,25.06864,121.5107,2
500103004,20231025,567,23,19,1,25.06864,121.5107,3
500103004,20231025,568,23,20,1,25.06864,121.5107,2
500103004,20231025,569,23,20,1,25.06864,121.5107,2
500103004,20231025,571,23,21,1,25.06864,121.5107,1
500103004,20231025,572,23,21,1,25.06864,121.5107,1
500103004,20231025,573,23,21,1,25.06864,121.5107,1
500103004,20231025,574,23,21,1,25.06864,121.5107,1
500103004,20231025,575,23,21,1,25.06864,121.5107,1
500103004,20231025,576,23,21,1,25.06864,121.5107,1
500103004,20231025,577,23,21,1,25.06864,121.5107,1
500103004,20231025,578,23,17,1,25.06864,121.5107,5
500103004,20231025,579,23,17,1,25.06864,121.5107,5
500103004,20231025,580,23,17,1,25.06864,121.5107,5
500103004,20231025,581,23,17,1,25.06864,121.5107,5
500103004,20231025,582,23,17,1,25.06864,121.5107,5
500103004,20231025,583,23,17,1,25.06864,121.5107,5
500103004,20231025,584,23,18,1,25.06864,121.5107,4
500103004,20231025,585,23,19,1,25.06864,121.5107,3
500103004,20231025,586,23,19,1,25.06864,121.5107,3
500103004,20231025,587,23,19,1,25.06864,121.5107,4
500103004,20231025,588,23,19,1,25.06864,121.5107,4
500103004,20231025,589,23,19,1,25.06864,121.5107,4
500103004,20231025,590,23,19,1,25.06864,121.5107,4
500103004,20231025,591,23,19,1,25.06864,121.5107,4
500103004,20231025,592,23,19,1,25.06864,121.5107,4
500103004,20231025,593,23,18,1,25.06864,121.5107,5
500103004,20231025,594,23,18,1,25.06864,121.5107,5
500103004,20231025,595,23,18,1,25.06864,121.5107,5
500103004,20231025,596,23,18,1,25.06864,121.5107,5
500103004,20231025,597,23,18,1,25.06864,121.5107,5
500103004,20231025,598,23,18,1,25.06864,121.5107,5
500103004,20231025,599,23,18,1,25.06864,121.5107,5
500103004,20231025,601,23,19,1,25.06864,121.5107,4
500103004,20231025,602,23,19,1,25.06864,121.5107,4
500103004,20231025,603,23,20,1,25.06864,121.5107,3
500103004,20231025,604,23,20,1,25.06864,121.5107,3
500103004,20231025,605,23,20,1,25.06864,121.5107,3
500103004,20231025,606,23,20,1,25.06864,121.5107,3
500103004,20231025,607,23,20,1,25.06864,121.5107,3
500103004,20231025,608,23,20,1,25.06864,121.5107,3
500103004,20231025,609,23,20,1,25.06864,121.5107,3
500103004,20231025,610,23,20,1,25.06864,121.5107,3
500103004,20231025,611,23,20,1,25.06864,121.5107,3
500103004,20231025,612,23,20,1,25.06864,121.5107,3
500103004,20231025,613,23,20,1,25.06864,121.5107,3
500103004,20231025,614,23,20,1,25.06864,121.5107,3
500103004,20231025,615,23,20,1,25.06864,121.5107,3
500103004,20231025,616,23,20,1,25.06864,121.5107,3
500103004,20231025,617,23,20,1,25.06864,121.5107,3
500103004,20231025,618,23,21,1,25.06864,121.5107,2
500103004,20231025,619,23,21,1,25.06864,121.5107,2
500103004,20231025,621,23,21,1,25.06864,121.5107,2
500103004,20231025,622,23,21,1,25.06864,121.5107,2
500103004,20231025,623,23,21,1,25.06864,121.5107,2
500103004,20231025,624,23,21,1,25.06864,121.5107,2
500103004,20231025,625,23,21,1,25.06864,121.5107,2
500103004,20231025,626,23,21,1,25.06864,121.5107,2
500103004,20231025,627,23,21,1,25.06864,121.5107,2
500103004,20231025,628,23,22,1,25.06864,121.5107,1
500103004,20231025,629,23,22,1,25.06864,121.5107,1
500103004,20231025,631,23,22,1,25.06864,121.5107,1
500103004,20231025,632,23,22,1,25.06864,121.5107,1
500103004,20231025,633,23,22,1,25.06864,121.5107,1
500103004,20231025,634,23,22,1,25.06864,121.5107,1
500103004,20231025,635,23,22,1,25.06864,121.5107,1
500103004,20231025,636,23,22,1,25.06864,121.5107,1
500103004,20231025,637,23,23,1,25.06864,121.5107,0
500103004,20231025,638,23,23,1,25.06864,121.5107,0
500103004,20231025,639,23,23,1,25.06864,121.5107,0
500103004,20231025,640,23,23,1,25.06864,121.5107,0
500103004,20231025,641,23,23,1,25.06864,121.5107,0
500103004,20231025,642,23,23,1,25.06864,121.5107,0
500103004,20231025,643,23,23,1,25.06864,121.5107,0
500103004,20231025,644,23,23,1,25.06864,121.5107,0
500103004,20231025,645,23,23,1,25.06864,121.5107,0
500103004,20231025,646,23,23,1,25.06864,121.5107,0
500103004,20231025,647,23,23,1,25.06864,121.5107,0
500103004,20231025,648,23,23,1,25.06864,121.5107,0
500103004,20231025,649,23,23,1,25.06864,121.5107,0
500103004,20231025,650,23,23,1,25.06864,121.5107,0
500103004,20231025,651,23,23,1,25.06864,121.5107,0
500103004,20231025,652,23,23,1,25.06864,121.5107,0
500103004,20231025,653,23,23,1,25.06864,121.5107,0
500103004,20231025,654,23,23,1,25.06864,121.5107,0
500103004,20231025,655,23,23,1,25.06864,121.5107,0
500103004,20231025,656,23,23,1,25.06864,121.5107,0
500103004,20231025,657,23,23,1,25.06864,121.5107,0
500103004,20231025,658,23,23,1,25.06864,121.5107,0
500103004,20231025,659,23,22,1,25.06864,121.5107,1
500103004,20231025,661,23,22,1,25.06864,121.5107,1
500103004,20231025,662,23,22,1,25.06864,121.5107,1
500103004,20231025,663,23,22,1,25.06864,121.5107,1
500103004,20231025,664,23,22,1,25.06864,121.5107,1
500103004,20231025,665,23,22,1,25.06864,121.5107,1
500103004,20231025,667,23,22,1,25.06864,121.5107,1
500103004,20231025,668,23,22,1,25.06864,121.5107,1
500103004,20231025,669,23,22,1,25.06864,121.5107,1
500103004,20231025,670,23,22,1,25.06864,121.5107,1
500103004,20231025,671,23,22,1,25.06864,121.5107,1
500103004,20231025,672,23,21,1,25.06864,121.5107,2
500103004,20231025,673,23,21,1,25.06864,121.5107,2
500103004,20231025,674,23,21,1,25.06864,121.5107,2
500103004,20231025,675,23,21,1,25.06864,121.5107,2
500103004,20231025,676,23,21,1,25.06864,121.5107,2
500103004,20231025,677,23,22,1,25.06864,121.5107,1
500103004,20231025,678,23,22,1,25.06864,121.5107,1
500103004,20231025,679,23,22,1,25.06864,121.5107,1
500103004,20231025,681,23,22,1,25.06864,121.5107,1
500103004,20231025,682,23,22,1,25.06864,121.5107,1
500103004,20231025,683,23,22,1,25.06864,121.5107,1
500103004,20231025,684,23,22,1,25.06864,121.5107,1
500103004,20231025,685,23,22,1,25.06864,121.5107,1
500103004,20231025,686,23,22,1,25.06864,121.5107,1
500103004,20231025,687,23,22,1,25.06864,121.5107,1
500103004,20231025,688,23,22,1,25.06864,121.5107,1
500103004,20231025,689,23,22,1,25.06864,121.5107,1
500103004,20231025,690,23,22,1,25.06864,121.5107,1
500103004,20231025,691,23,23,1,25.06864,121.5107,0
500103004,20231025,692,23,23,1,25.06864,121.5107,0
500103004,20231025,693,23,23,1,25.06864,121.5107,0
500103004,20231025,694,23,23,1,25.06864,121.5107,0
500103004,20231025,695,23,23,1,25.06864,121.5107,0
500103004,20231025,696,23,23,1,25.06864,121.5107,0
500103004,20231025,697,23,22,1,25.06864,121.5107,1
500103004,20231025,698,23,22,1,25.06864,121.5107,1
500103004,20231025,699,23,22,1,25.06864,121.5107,1
500103004,20231025,700,23,22,1,25.06864,121.5107,1
500103004,20231025,701,23,22,1,25.06864,121.5107,1
500103004,20231025,702,23,22,1,25.06864,121.5107,1
500103004,20231025,703,23,21,1,25.06864,121.5107,2
500103004,20231025,704,23,21,1,25.06864,121.5107,2
500103004,20231025,705,23,21,1,25.06864,121.5107,2
500103004,20231025,706,23,21,1,25.06864,121.5107,2
500103004,20231025,707,23,22,1,25.06864,121.5107,1
500103004,20231025,708,23,22,1,25.06864,121.5107,1
500103004,20231025,709,23,22,1,25.06864,121.5107,1
500103004,20231025,710,23,22,1,25.06864,121.5107,1
500103004,20231025,711,23,22,1,25.06864,121.5107,1
500103004,20231025,712,23,22,1,25.06864,121.5107,1
500103004,20231025,713,23,22,1,25.06864,121.5107,1
500103004,20231025,714,23,23,1,25.06864,121.5107,0
500103004,20231025,715,23,23,1,25.06864,121.5107,0
500103004,20231025,716,23,23,1,25.06864,121.5107,0
500103004,20231025,717,23,23,1,25.06864,121.5107,0
500103004,20231025,718,23,23,1,25.06864,121.5107,0
500103004,20231025,719,23,23,1,25.06864,121.5107,0
500103004,20231025,721,23,22,1,25.06864,121.5107,1
500103004,20231025,722,23,22,1,25.06864,121.5107,1
500103004,20231025,723,23,22,1,25.06864,121.5107,1
500103004,20231025,724,23,22,1,25.06864,121.5107,1
500103004,20231025,725,23,23,1,25.06864,121.5107,0
500103004,20231025,726,23,23,1,25.06864,121.5107,0
500103004,20231025,727,23,23,1,25.06864,121.5107,0
500103004,20231025,728,23,23,1,25.06864,121.5107,0
500103004,20231025,729,23,23,1,25.06864,121.5107,0
500103004,20231025,730,23,23,1,25.06864,121.5107,0
500103004,20231025,731,23,23,1,25.06864,121.5107,0
500103004,20231025,732,23,23,1,25.06864,121.5107,0
500103004,20231025,733,23,23,1,25.06864,121.5107,0
500103004,20231025,734,23,23,1,25.06864,121.5107,0
500103004,20231025,735,23,23,1,25.06864,121.5107,0
500103004,20231025,736,23,23,1,25.06864,121.5107,0
500103004,20231025,737,23,23,1,25.06864,121.5107,0
500103004,20231025,738,23,23,1,25.06864,121.5107,0
500103004,20231025,739,23,23,1,25.06864,121.5107,0
500103004,20231025,741,23,23,1,25.06864,121.5107,0
500103004,20231025,742,23,23,1,25.06864,121.5107,0
500103004,20231025,743,23,23,1,25.06864,121.5107,0
500103004,20231025,744,23,23,1,25.06864,121.5107,0
500103004,20231025,745,23,23,1,25.06864,121.5107,0
500103004,20231025,746,23,22,1,25.06864,121.5107,1
500103004,20231025,747,23,22,1,25.06864,121.5107,1
500103004,20231025,748,23,21,1,25.06864,121.5107,2
500103004,20231025,749,23,21,1,25.06864,121.5107,2
500103004,20231025,751,23,19,1,25.06864,121.5107,4
500103004,20231025,752,23,19,1,25.06864,121.5107,4
500103004,20231025,753,23,20,1,25.06864,121.5107,3
500103004,20231025,754,23,20,1,25.06864,121.5107,3
500103004,20231025,755,23,20,1,25.06864,121.5107,3
500103004,20231025,756,23,20,1,25.06864,121.5107,3
500103004,20231025,757,23,21,1,25.06864,121.5107,2
500103004,20231025,758,23,21,1,25.06864,121.5107,2
500103004,20231025,759,23,21,1,25.06864,121.5107,2
500103004,20231025,760,23,21,1,25.06864,121.5107,2
500103004,20231025,761,23,21,1,25.06864,121.5107,2
500103004,20231025,762,23,21,1,25.06864,121.5107,2
500103004,20231025,763,23,21,1,25.06864,121.5107,2
500103004,20231025,764,23,21,1,25.06864,121.5107,2
500103004,20231025,765,23,21,1,25.06864,121.5107,2
500103004,20231025,766,23,21,1,25.06864,121.5107,2
500103004,20231025,767,23,21,1,25.06864,121.5107,2
500103004,20231025,768,23,21,1,25.06864,121.5107,2
500103004,20231025,769,23,21,1,25.06864,121.5107,2
500103004,20231025,770,23,21,1,25.06864,121.5107,2
500103004,20231025,771,23,21,1,25.06864,121.5107,2
500103004,20231025,772,23,21,1,25.06864,121.5107,2
500103004,20231025,773,23,21,1,25.06864,121.5107,2
500103004,20231025,774,23,21,1,25.06864,121.5107,2
500103004,20231025,775,23,21,1,25.06864,121.5107,2
500103004,20231025,776,23,21,1,25.06864,121.5107,2
500103004,20231025,777,23,21,1,25.06864,121.5107,2
500103004,20231025,778,23,21,1,25.06864,121.5107,2
500103004,20231025,779,23,22,1,25.06864,121.5107,1
500103004,20231025,781,23,22,1,25.06864,121.5107,1
500103004,20231025,782,23,22,1,25.06864,121.5107,1
500103004,20231025,783,23,22,1,25.06864,121.5107,1
500103004,20231025,784,23,22,1,25.06864,121.5107,1
500103004,20231025,785,23,22,1,25.06864,121.5107,1
500103004,20231025,786,23,22,1,25.06864,121.5107,1
500103004,20231025,787,23,22,1,25.06864,121.5107,1
500103004,20231025,788,23,22,1,25.06864,121.5107,1
500103004,20231025,789,23,22,1,25.06864,121.5107,1
500103004,20231025,790,23,22,1,25.06864,121.5107,1
500103004,20231025,791,23,22,1,25.06864,121.5107,1
500103004,20231025,792,23,22,1,25.06864,121.5107,1
500103004,20231025,793,23,22,1,25.06864,121.5107,1
500103004,20231025,794,23,22,1,25.06864,121.5107,1
500103004,20231025,795,23,22,1,25.06864,121.5107,1
500103004,20231025,796,23,22,1,25.06864,121.5107,1
500103004,20231025,797,23,22,1,25.06864,121.5107,1
500103004,20231025,798,23,22,1,25.06864,121.5107,1
500103004,20231025,799,23,22,1,25.06864,121.5107,1
500103004,20231025,801,23,22,1,25.06864,121.5107,1
500103004,20231025,802,23,22,1,25.06864,121.5107,1
500103004,20231025,803,23,23,1,25.06864,121.5107,0
500103004,20231025,804,23,23,1,25.06864,121.5107,0
500103004,20231025,805,23,23,1,25.06864,121.5107,0
500103004,20231025,806,23,23,1,25.06864,121.5107,0
500103004,20231025,807,23,23,1,25.06864,121.5107,0
500103004,20231025,808,23,23,1,25.06864,121.5107,0
500103004,20231025,809,23,23,1,25.06864,121.5107,0
500103004,20231025,811,23,23,1,25.06864,121.5107,0
500103004,20231025,812,23,23,1,25.06864,121.5107,0
500103004,20231025,813,23,23,1,25.06864,121.5107,0
500103004,20231025,814,23,23,1,25.06864,121.5107,0
500103004,20231025,815,23,23,1,25.06864,121.5107,0
500103004,20231025,816,23,23,1,25.06864,121.5107,0
500103004,20231025,817,23,23,1,25.06864,121.5107,0
500103004,20231025,818,23,23,1,25.06864,121.5107,0
500103004,20231025,819,23,23,1,25.06864,121.5107,0
500103004,20231025,820,23,23,1,25.06864,121.5107,0
500103004,20231025,821,23,23,1,25.06864,121.5107,0
500103004,20231025,822,23,23,1,25.06864,121.5107,0
500103004,20231025,823,23,23,1,25.06864,121.5107,0
500103004,20231025,824,23,23,1,25.06864,121.5107,0
500103004,20231025,825,23,23,1,25.06864,121.5107,0
500103004,20231025,826,23,23,1,25.06864,121.5107,0
500103004,20231025,827,23,23,1,25.06864,121.5107,0
500103004,20231025,828,23,23,1,25.06864,121.5107,0
500103004,20231025,829,23,23,1,25.06864,121.5107,0
500103004,20231025,830,23,23,1,25.06864,121.5107,0
500103004,20231025,831,23,23,1,25.06864,121.5107,0
500103004,20231025,832,23,23,1,25.06864,121.5107,0
500103004,20231025,833,23,23,1,25.06864,121.5107,0
500103004,20231025,834,23,22,1,25.06864,121.5107,1
500103004,20231025,835,23,22,1,25.06864,121.5107,1
500103004,20231025,836,23,22,1,25.06864,121.5107,1
500103004,20231025,837,23,22,1,25.06864,121.5107,1
500103004,20231025,838,23,22,1,25.06864,121.5107,1
500103004,20231025,839,23,22,1,25.06864,121.5107,1
500103004,20231025,841,23,22,1,25.06864,121.5107,1
500103004,20231025,842,23,21,1,25.06864,121.5107,2
500103004,20231025,843,23,21,1,25.06864,121.5107,2
500103004,20231025,844,23,21,1,25.06864,121.5107,2
500103004,20231025,845,23,21,1,25.06864,121.5107,2
500103004,20231025,846,23,21,1,25.06864,121.5107,2
500103004,20231025,847,23,21,1,25.06864,121.5107,2
500103004,20231025,848,23,23,1,25.06864,121.5107,0
500103004,20231025,849,23,22,1,25.06864,121.5107,1
500103004,20231025,850,23,20,1,25.06864,121.5107,3
500103004,20231025,851,23,20,1,25.06864,121.5107,3
500103004,20231025,852,23,20,1,25.06864,121.5107,3
500103004,20231025,853,23,20,1,25.06864,121.5107,3
500103004,20231025,854,23,20,1,25.06864,121.5107,3
500103004,20231025,855,23,20,1,25.06864,121.5107,3
500103004,20231025,856,23,20,1,25.06864,121.5107,3
500103004,20231025,857,23,20,1,25.06864,121.5107,3
500103004,20231025,858,23,20,1,25.06864,121.5107,3
500103004,20231025,859,23,21,1,25.06864,121.5107,2
500103004,20231025,861,23,20,1,25.06864,121.5107,3
500103004,20231025,862,23,20,1,25.06864,121.5107,3
500103004,20231025,863,23,20,1,25.06864,121.5107,3
500103004,20231025,864,23,20,1,25.06864,121.5107,3
500103004,20231025,865,23,20,1,25.06864,121.5107,3
500103004,20231025,866,23,20,1,25.06864,121.5107,3
500103004,20231025,867,23,20,1,25.06864,121.5107,3
500103004,20231025,868,23,20,1,25.06864,121.5107,3
500103004,20231025,869,23,20,1,25.06864,121.5107,3
500103004,20231025,870,23,20,1,25.06864,121.5107,3
500103004,20231025,871,23,19,1,25.06864,121.5107,4
500103004,20231025,872,23,19,1,25.06864,121.5107,4
500103004,20231025,874,23,19,1,25.06864,121.5107,4
500103004,20231025,875,23,19,1,25.06864,121.5107,4
500103004,20231025,876,23,20,1,25.06864,121.5107,3
500103004,20231025,877,23,20,1,25.06864,121.5107,3
500103004,20231025,878,23,20,1,25.06864,121.5107,3
500103004,20231025,879,23,21,1,25.06864,121.5107,2
500103004,20231025,880,23,21,1,25.06864,121.5107,2
500103004,20231025,881,23,21,1,25.06864,121.5107,2
500103004,20231025,882,23,21,1,25.06864,121.5107,2
500103004,20231025,883,23,21,1,25.06864,121.5107,2
500103004,20231025,884,23,21,1,25.06864,121.5107,2
500103004,20231025,885,23,21,1,25.06864,121.5107,2
500103004,20231025,886,23,21,1,25.06864,121.5107,2
500103004,20231025,887,23,21,1,25.06864,121.5107,2
500103004,20231025,888,23,21,1,25.06864,121.5107,2
500103004,20231025,889,23,21,1,25.06864,121.5107,2
500103004,20231025,890,23,22,1,25.06864,121.5107,1
500103004,20231025,891,23,22,1,25.06864,121.5107,1
500103004,20231025,892,23,22,1,25.06864,121.5107,1
500103004,20231025,893,23,22,1,25.06864,121.5107,1
500103004,20231025,894,23,22,1,25.06864,121.5107,1
500103004,20231025,895,23,22,1,25.06864,121.5107,1
500103004,20231025,896,23,22,1,25.06864,121.5107,1
500103004,20231025,897,23,22,1,25.06864,121.5107,1
500103004,20231025,898,23,22,1,25.06864,121.5107,1
500103004,20231025,899,23,22,1,25.06864,121.5107,1
500103004,20231025,901,23,23,1,25.06864,121.5107,0
500103004,20231025,902,23,23,1,25.06864,121.5107,0
500103004,20231025,907,23,23,1,25.06864,121.5107,0
500103004,20231025,908,23,23,1,25.06864,121.5107,0
500103004,20231025,909,23,23,1,25.06864,121.5107,0
500103004,20231025,910,23,23,1,25.06864,121.5107,0
500103004,20231025,911,23,23,1,25.06864,121.5107,0
500103004,20231025,912,23,23,1,25.06864,121.5107,0
500103004,20231025,913,23,23,1,25.06864,121.5107,0
500103004,20231025,914,23,23,1,25.06864,121.5107,0
500103004,20231025,915,23,22,1,25.06864,121.5107,1
500103004,20231025,916,23,21,1,25.06864,121.5107,2
500103004,20231025,917,23,21,1,25.06864,121.5107,2
500103004,20231025,918,23,21,1,25.06864,121.5107,2
500103004,20231025,919,23,21,1,25.06864,121.5107,2
500103004,20231025,921,23,21,1,25.06864,121.5107,2
500103004,20231025,922,23,21,1,25.06864,121.5107,2
500103004,20231025,923,23,21,1,25.06864,121.5107,2
500103004,20231025,924,23,20,1,25.06864,121.5107,3
500103004,20231025,925,23,20,1,25.06864,121.5107,3
500103004,20231025,926,23,20,1,25.06864,121.5107,3
500103004,20231025,927,23,21,1,25.06864,121.5107,2
500103004,20231025,928,23,21,1,25.06864,121.5107,2
500103004,20231025,929,23,21,1,25.06864,121.5107,2
500103004,20231025,931,23,21,1,25.06864,121.5107,2
500103004,20231025,932,23,22,1,25.06864,121.5107,1
500103004,20231025,933,23,22,1,25.06864,121.5107,1
500103004,20231025,934,23,22,1,25.06864,121.5107,1
500103004,20231025,935,23,22,1,25.06864,121.5107,1
500103004,20231025,936,23,22,1,25.06864,121.5107,1
500103004,20231025,937,23,22,1,25.06864,121.5107,1
500103004,20231025,938,23,22,1,25.06864,121.5107,1
500103004,20231025,939,23,22,1,25.06864,121.5107,1
500103004,20231025,940,23,22,1,25.06864,121.5107,1
500103004,20231025,941,23,22,1,25.06864,121.5107,1
500103004,20231025,942,23,22,1,25.06864,121.5107,1
500103004,20231025,943,23,22,1,25.06864,121.5107,1
500103004,20231025,944,23,22,1,25.06864,121.5107,1
500103004,20231025,945,23,22,1,25.06864,121.5107,1
500103004,20231025,946,23,22,1,25.06864,121.5107,1
500103004,20231025,947,23,22,1,25.06864,121.5107,1
500103004,20231025,948,23,22,1,25.06864,121.5107,1
500103004,20231025,949,23,22,1,25.06864,121.5107,1
500103004,20231025,950,23,22,1,25.06864,121.5107,1
500103004,20231025,951,23,22,1,25.06864,121.5107,1
500103004,20231025,952,23,22,1,25.06864,121.5107,1
500103004,20231025,953,23,22,1,25.06864,121.5107,1
500103004,20231025,954,23,22,1,25.06864,121.5107,1
500103004,20231025,955,23,22,1,25.06864,121.5107,1
500103004,20231025,956,23,22,1,25.06864,121.5107,1
500103004,20231025,957,23,22,1,25.06864,121.5107,1
500103004,20231025,958,23,22,1,25.06864,121.5107,1
500103004,20231025,959,23,22,1,25.06864,121.5107,1
500103004,20231025,961,23,22,1,25.06864,121.5107,1
500103004,20231025,962,23,22,1,25.06864,121.5107,1
500103004,20231025,963,23,22,1,25.06864,121.5107,1
500103004,20231025,964,23,22,1,25.06864,121.5107,1
500103004,20231025,965,23,22,1,25.06864,121.5107,1
500103004,20231025,966,23,22,1,25.06864,121.5107,1
500103004,20231025,967,23,22,1,25.06864,121.5107,1
500103004,20231025,968,23,22,1,25.06864,121.5107,1
500103004,20231025,969,23,22,1,25.06864,121.5107,1
500103004,20231025,970,23,22,1,25.06864,121.5107,1
500103004,20231025,971,23,23,1,25.06864,121.5107,0
500103004,20231025,972,23,23,1,25.06864,121.5107,0
500103004,20231025,973,23,23,1,25.06864,121.5107,0
500103004,20231025,974,23,23,1,25.06864,121.5107,0
500103004,20231025,975,23,23,1,25.06864,121.5107,0
500103004,20231025,976,23,23,1,25.06864,121.5107,0
500103004,20231025,977,23,23,1,25.06864,121.5107,0
500103004,20231025,978,23,23,1,25.06864,121.5107,0
500103004,20231025,979,23,23,1,25.06864,121.5107,0
500103004,20231025,981,23,23,1,25.06864,121.5107,0
500103004,20231025,982,23,23,1,25.06864,121.5107,0
500103004,20231025,983,23,23,1,25.06864,121.5107,0
500103004,20231025,984,23,23,1,25.06864,121.5107,0
500103004,20231025,985,23,23,1,25.06864,121.5107,0
500103004,20231025,986,23,23,1,25.06864,121.5107,0
500103004,20231025,987,23,23,1,25.06864,121.5107,0
500103004,20231025,988,23,23,1,25.06864,121.5107,0
500103004,20231025,989,23,23,1,25.06864,121.5107,0
500103004,20231025,991,23,23,1,25.06864,121.5107,0
500103004,20231025,992,23,22,1,25.06864,121.5107,1
500103004,20231025,993,23,22,1,25.06864,121.5107,1
500103004,20231025,994,23,22,1,25.06864,121.5107,1
500103004,20231025,995,23,22,1,25.06864,121.5107,1
500103004,20231025,996,23,22,1,25.06864,121.5107,1
500103004,20231025,997,23,21,1,25.06864,121.5107,2
500103004,20231025,998,23,21,1,25.06864,121.5107,2
500103004,20231025,999,23,21,1,25.06864,121.5107,2
500103004,20231025,1000,23,21,1,25.06864,121.5107,2
500103004,20231025,1001,23,21,1,25.06864,121.5107,2
500103004,20231025,1002,23,22,1,25.06864,121.5107,1
500103004,20231025,1003,23,22,1,25.06864,121.5107,1
500103004,20231025,1004,23,22,1,25.06864,121.5107,1
500103004,20231025,1005,23,23,1,25.06864,121.5107,0
500103004,20231025,1006,23,23,1,25.06864,121.5107,0
500103004,20231025,1007,23,23,1,25.06864,121.5107,0
500103004,20231025,1008,23,23,1,25.06864,121.5107,0
500103004,20231025,1009,23,22,1,25.06864,121.5107,1
500103004,20231025,1010,23,22,1,25.06864,121.5107,1
500103004,20231025,1011,23,22,1,25.06864,121.5107,1
500103004,20231025,1012,23,21,1,25.06864,121.5107,2
500103004,20231025,1013,23,21,1,25.06864,121.5107,2
500103004,20231025,1014,23,22,1,25.06864,121.5107,1
500103004,20231025,1015,23,22,1,25.06864,121.5107,1
500103004,20231025,1016,23,22,1,25.06864,121.5107,1
500103004,20231025,1017,23,21,1,25.06864,121.5107,2
500103004,20231025,1018,23,21,1,25.06864,121.5107,2
500103004,20231025,1019,23,21,1,25.06864,121.5107,2
500103004,20231025,1021,23,21,1,25.06864,121.5107,2
500103004,20231025,1022,23,21,1,25.06864,121.5107,2
500103004,20231025,1023,23,21,1,25.06864,121.5107,2
500103004,20231025,1024,23,21,1,25.06864,121.5107,2
500103004,20231025,1025,23,21,1,25.06864,121.5107,2
500103004,20231025,1026,23,22,1,25.06864,121.5107,1
500103004,20231025,1027,23,23,1,25.06864,121.5107,0
500103004,20231025,1028,23,23,1,25.06864,121.5107,0
500103004,20231025,1029,23,23,1,25.06864,121.5107,0
500103004,20231025,1030,23,22,1,25.06864,121.5107,1
500103004,20231025,1031,23,22,1,25.06864,121.5107,1
500103004,20231025,1032,23,22,1,25.06864,121.5107,1
500103004,20231025,1033,23,22,1,25.06864,121.5107,1
500103004,20231025,1034,23,22,1,25.06864,121.5107,1
500103004,20231025,1035,23,21,1,25.06864,121.5107,2
500103004,20231025,1036,23,21,1,25.06864,121.5107,2
500103004,20231025,1037,23,22,1,25.06864,121.5107,1
500103004,20231025,1038,23,22,1,25.06864,121.5107,1
500103004,20231025,1039,23,21,1,25.06864,121.5107,2
500103004,20231025,1041,23,21,1,25.06864,121.5107,2
500103004,20231025,1042,23,21,1,25.06864,121.5107,2
500103004,20231025,1043,23,20,1,25.06864,121.5107,3
500103004,20231025,1044,23,20,1,25.06864,121.5107,3
500103004,20231025,1046,23,20,1,25.06864,121.5107,3
500103004,20231025,1047,23,19,1,25.06864,121.5107,4
500103004,20231025,1048,23,19,1,25.06864,121.5107,4
500103004,20231025,1049,23,19,1,25.06864,121.5107,4
500103004,20231025,1051,23,18,1,25.06864,121.5107,5
500103004,20231025,1052,23,18,1,25.06864,121.5107,5
500103004,20231025,1053,23,17,1,25.06864,121.5107,6
500103004,20231025,1054,23,15,1,25.06864,121.5107,8
500103004,20231025,1055,23,14,1,25.06864,121.5107,9
500103004,20231025,1056,23,15,1,25.06864,121.5107,8
500103004,20231025,1057,23,15,1,25.06864,121.5107,8
500103004,20231025,1058,23,15,1,25.06864,121.5107,8
500103004,20231025,1059,23,15,1,25.06864,121.5107,8
500103004,20231025,1061,23,16,1,25.06864,121.5107,7
500103004,20231025,1062,23,16,1,25.06864,121.5107,7
500103004,20231025,1063,23,17,1,25.06864,121.5107,6
500103004,20231025,1064,23,17,1,25.06864,121.5107,6
500103004,20231025,1065,23,18,1,25.06864,121.5107,5
500103004,20231025,1066,23,20,1,25.06864,121.5107,3
500103004,20231025,1067,23,20,1,25.06864,121.5107,3
500103004,20231025,1068,23,20,1,25.06864,121.5107,3
500103004,20231025,1069,23,19,1,25.06864,121.5107,4
500103004,20231025,1071,23,18,1,25.06864,121.5107,5
500103004,20231025,1072,23,18,1,25.06864,121.5107,5
500103004,20231025,1073,23,20,1,25.06864,121.5107,3
500103004,20231025,1075,23,21,1,25.06864,121.5107,2
500103004,20231025,1076,23,20,1,25.06864,121.5107,3
500103004,20231025,1077,23,20,1,25.06864,121.5107,3
500103004,20231025,1078,23,20,1,25.06864,121.5107,3
500103004,20231025,1079,23,20,1,25.06864,121.5107,3
500103004,20231025,1081,23,20,1,25.06864,121.5107,3
500103004,20231025,1082,23,20,1,25.06864,121.5107,3
500103004,20231025,1083,23,20,1,25.06864,121.5107,3
500103004,20231025,1084,23,20,1,25.06864,121.5107,3
500103004,20231025,1085,23,20,1,25.06864,121.5107,3
500103004,20231025,1086,23,20,1,25.06864,121.5107,3
500103004,20231025,1087,23,20,1,25.06864,121.5107,3
500103004,20231025,1088,23,20,1,25.06864,121.5107,3
500103004,20231025,1089,23,20,1,25.06864,121.5107,3
500103004,20231025,1091,23,20,1,25.06864,121.5107,3
500103004,20231025,1092,23,19,1,25.06864,121.5107,4
500103004,20231025,1093,23,19,1,25.06864,121.5107,4
500103004,20231025,1094,23,17,1,25.06864,121.5107,6
500103004,20231025,1095,23,17,1,25.06864,121.5107,6
500103004,20231025,1096,23,17,1,25.06864,121.5107,6
500103004,20231025,1097,23,16,1,25.06864,121.5107,7
500103004,20231025,1098,23,16,1,25.06864,121.5107,7
500103004,20231025,1099,23,15,1,25.06864,121.5107,8
500103004,20231025,1101,23,15,1,25.06864,121.5107,8
500103004,20231025,1102,23,15,1,25.06864,121.5107,8
500103004,20231025,1103,23,15,1,25.06864,121.5107,8
500103004,20231025,1104,23,15,1,25.06864,121.5107,8
500103004,20231025,1105,23,15,1,25.06864,121.5107,8
500103004,20231025,1106,23,15,1,25.06864,121.5107,8
500103004,20231025,1107,23,15,1,25.06864,121.5107,8
500103004,20231025,1108,23,15,1,25.06864,121.5107,8
500103004,20231025,1109,23,14,1,25.06864,121.5107,9
500103004,20231025,1111,23,14,1,25.06864,121.5107,9
500103004,20231025,1112,23,14,1,25.06864,121.5107,9
500103004,20231025,1113,23,14,1,25.06864,121.5107,9
500103004,20231025,1114,23,14,1,25.06864,121.5107,9
500103004,20231025,1115,23,15,1,25.06864,121.5107,8
500103004,20231025,1116,23,14,1,25.06864,121.5107,9
500103004,20231025,1117,23,14,1,25.06864,121.5107,9
500103004,20231025,1118,23,14,1,25.06864,121.5107,9
500103004,20231025,1119,23,13,1,25.06864,121.5107,10
500103004,20231025,1121,23,11,1,25.06864,121.5107,12
500103004,20231025,1122,23,11,1,25.06864,121.5107,12
500103004,20231025,1123,23,11,1,25.06864,121.5107,12
500103004,20231025,1124,23,11,1,25.06864,121.5107,12
500103004,20231025,1125,23,11,1,25.06864,121.5107,12
500103004,20231025,1126,23,10,1,25.06864,121.5107,13
500103004,20231025,1127,23,10,1,25.06864,121.5107,13
500103004,20231025,1129,23,9,1,25.06864,121.5107,14
500103004,20231025,1131,23,9,1,25.06864,121.5107,14
500103004,20231025,1132,23,9,1,25.06864,121.5107,14
500103004,20231025,1133,23,8,1,25.06864,121.5107,15
500103004,20231025,1134,23,8,1,25.06864,121.5107,15
500103004,20231025,1135,23,8,1,25.06864,121.5107,15
500103004,20231025,1136,23,6,1,25.06864,121.5107,17
500103004,20231025,1137,23,5,1,25.06864,121.5107,18
500103004,20231025,1138,23,5,1,25.06864,121.5107,18
500103004,20231025,1139,23,6,1,25.06864,121.5107,17
500103004,20231025,1141,23,6,1,25.06864,121.5107,17
500103004,20231025,1142,23,5,1,25.06864,121.5107,18
500103004,20231025,1143,23,5,1,25.06864,121.5107,18
500103004,20231025,1144,23,6,1,25.06864,121.5107,17
500103004,20231025,1145,23,6,1,25.06864,121.5107,17
500103004,20231025,1146,23,7,1,25.06864,121.5107,16
500103004,20231025,1147,23,7,1,25.06864,121.5107,16
500103004,20231025,1148,23,8,1,25.06864,121.5107,15
500103004,20231025,1149,23,7,1,25.06864,121.5107,16
500103004,20231025,1151,23,6,1,25.06864,121.5107,17
500103004,20231025,1152,23,7,1,25.06864,121.5107,16
500103004,20231025,1153,23,6,1,25.06864,121.5107,17
500103004,20231025,1154,23,6,1,25.06864,121.5107,17
500103004,20231025,1155,23,8,1,25.06864,121.5107,15
500103004,20231025,1156,23,7,1,25.06864,121.5107,16
500103004,20231025,1157,23,7,1,25.06864,121.5107,16
500103004,20231025,1158,23,6,1,25.06864,121.5107,17
500103004,20231025,1159,23,5,1,25.06864,121.5107,18
500103004,20231025,1161,23,3,1,25.06864,121.5107,20
500103004,20231025,1162,23,2,1,25.06864,121.5107,21
500103004,20231025,1163,23,2,1,25.06864,121.5107,21
500103004,20231025,1164,23,1,1,25.06864,121.5107,22
500103004,20231025,1165,23,0,1,25.06864,121.5107,23
500103004,20231025,1166,23,2,1,25.06864,121.5107,21
500103004,20231025,1167,23,4,1,25.06864,121.5107,19
500103004,20231025,1168,23,8,1,25.06864,121.5107,15
500103004,20231025,1169,23,17,1,25.06864,121.5107,6
500103004,20231025,1171,23,19,1,25.06864,121.5107,4
500103004,20231025,1172,23,19,1,25.06864,121.5107,4
500103004,20231025,1173,23,19,1,25.06864,121.5107,4
500103004,20231025,1174,23,19,1,25.06864,121.5107,4
500103004,20231025,1175,23,20,1,25.06864,121.5107,3
500103004,20231025,1176,23,17,1,25.06864,121.5107,6
500103004,20231025,1177,23,19,1,25.06864,121.5107,4
500103004,20231025,1178,23,20,1,25.06864,121.5107,3
500103004,20231025,1179,23,20,1,25.06864,121.5107,3
500103004,20231025,1180,23,16,1,25.06864,121.5107,7
500103004,20231025,1181,23,15,1,25.06864,121.5107,8
500103004,20231025,1182,23,15,1,25.06864,121.5107,8
500103004,20231025,1183,23,15,1,25.06864,121.5107,8
500103004,20231025,1184,23,16,1,25.06864,121.5107,7
500103004,20231025,1185,23,16,1,25.06864,121.5107,7
500103004,20231025,1186,23,16,1,25.06864,121.5107,7
500103004,20231025,1187,23,17,1,25.06864,121.5107,6
500103004,20231025,1188,23,17,1,25.06864,121.5107,6
500103004,20231025,1189,23,16,1,25.06864,121.5107,7
500103004,20231025,1190,23,15,1,25.06864,121.5107,8
500103004,20231025,1191,23,15,1,25.06864,121.5107,8
500103004,20231025,1192,23,15,1,25.06864,121.5107,8
500103004,20231025,1193,23,16,1,25.06864,121.5107,7
500103004,20231025,1194,23,16,1,25.06864,121.5107,7
500103004,20231025,1195,23,16,1,25.06864,121.5107,7
500103004,20231025,1196,23,16,1,25.06864,121.5107,7
500103004,20231025,1197,23,15,1,25.06864,121.5107,8
500103004,20231025,1198,23,15,1,25.06864,121.5107,8
500103004,20231025,1199,23,13,1,25.06864,121.5107,10
500103004,20231025,1201,23,13,1,25.06864,121.5107,10
500103004,20231025,1202,23,13,1,25.06864,121.5107,10
500103004,20231025,1203,23,12,1,25.06864,121.5107,11
500103004,20231025,1204,23,13,1,25.06864,121.5107,10
500103004,20231025,1205,23,13,1,25.06864,121.5107,10
500103004,20231025,1206,23,15,1,25.06864,121.5107,8
500103004,20231025,1207,23,15,1,25.06864,121.5107,8
500103004,20231025,1208,23,15,1,25.06864,121.5107,8
500103004,20231025,1209,23,15,1,25.06864,121.5107,8
500103004,20231025,1210,23,16,1,25.06864,121.5107,7
500103004,20231025,1211,23,16,1,25.06864,121.5107,7
500103004,20231025,1212,23,16,1,25.06864,121.5107,7
500103004,20231025,1213,23,16,1,25.06864,121.5107,7
500103004,20231025,1214,23,15,1,25.06864,121.5107,8
500103004,20231025,1216,23,15,1,25.06864,121.5107,8
500103004,20231025,1217,23,15,1,25.06864,121.5107,8
500103004,20231025,1218,23,15,1,25.06864,121.5107,8
500103004,20231025,1219,23,14,1,25.06864,121.5107,9
500103004,20231025,1221,23,13,1,25.06864,121.5107,10
500103004,20231025,1222,23,13,1,25.06864,121.5107,10
500103004,20231025,1223,23,13,1,25.06864,121.5107,10
500103004,20231025,1224,23,12,1,25.06864,121.5107,11
500103004,20231025,1225,23,12,1,25.06864,121.5107,11
500103004,20231025,1226,23,13,1,25.06864,121.5107,10
500103004,20231025,1227,23,13,1,25.06864,121.5107,10
500103004,20231025,1228,23,13,1,25.06864,121.5107,10
500103004,20231025,1229,23,11,1,25.06864,121.5107,12
500103004,20231025,1231,23,11,1,25.06864,121.5107,12
500103004,20231025,1232,23,10,1,25.06864,121.5107,13
500103004,20231025,1233,23,10,1,25.06864,121.5107,13
500103004,20231025,1234,23,10,1,25.06864,121.5107,13
500103004,20231025,1235,23,10,1,25.06864,121.5107,13
500103004,20231025,1236,23,11,1,25.06864,121.5107,12
500103004,20231025,1237,23,10,1,25.06864,121.5107,13
500103004,20231025,1238,23,9,1,25.06864,121.5107,14
500103004,20231025,1239,23,9,1,25.06864,121.5107,14
500103004,20231025,1240,23,9,1,25.06864,121.5107,14
500103004,20231025,1241,23,9,1,25.06864,121.5107,14
500103004,20231025,1242,23,9,1,25.06864,121.5107,14
500103004,20231025,1243,23,9,1,25.06864,121.5107,14
500103004,20231025,1244,23,8,1,25.06864,121.5107,15
500103004,20231025,1245,23,8,1,25.06864,121.5107,15
500103004,20231025,1246,23,8,1,25.06864,121.5107,15
500103004,20231025,1247,23,8,1,25.06864,121.5107,15
500103004,20231025,1248,23,8,1,25.06864,121.5107,15
500103004,20231025,1249,23,8,1,25.06864,121.5107,15
500103004,20231025,1250,23,8,1,25.06864,121.5107,15
500103004,20231025,1251,23,8,1,25.06864,121.5107,15
500103004,20231025,1252,23,8,1,25.06864,121.5107,15
500103004,20231025,1253,23,8,1,25.06864,121.5107,15
500103004,20231025,1254,23,8,1,25.06864,121.5107,15
500103004,20231025,1255,23,8,1,25.06864,121.5107,15
500103004,20231025,1256,23,6,1,25.06864,121.5107,17
500103004,20231025,1257,23,6,1,25.06864,121.5107,17
500103004,20231025,1258,23,6,1,25.06864,121.5107,17
500103004,20231025,1259,23,6,1,25.06864,121.5107,17
500103004,20231025,1261,23,5,1,25.06864,121.5107,18
500103004,20231025,1262,23,5,1,25.06864,121.5107,18
500103004,20231025,1263,23,5,1,25.06864,121.5107,18
500103004,20231025,1264,23,4,1,25.06864,121.5107,19
500103004,20231025,1265,23,4,1,25.06864,121.5107,19
500103004,20231025,1266,23,3,1,25.06864,121.5107,20
500103004,20231025,1267,23,3,1,25.06864,121.5107,20
500103004,20231025,1268,23,3,1,25.06864,121.5107,20
500103004,20231025,1269,23,3,1,25.06864,121.5107,20
500103004,20231025,1270,23,2,1,25.06864,121.5107,21
500103004,20231025,1271,23,2,1,25.06864,121.5107,21
500103004,20231025,1272,23,1,1,25.06864,121.5107,22
500103004,20231025,1273,23,1,1,25.06864,121.5107,22
500103004,20231025,1274,23,0,1,25.06864,121.5107,23
500103004,20231025,1275,23,0,1,25.06864,121.5107,23
500103004,20231025,1276,23,0,1,25.06864,121.5107,23
500103004,20231025,1277,23,0,1,25.06864,121.5107,23
500103004,20231025,1278,23,0,1,25.06864,121.5107,23
500103004,20231025,1279,23,0,1,25.06864,121.5107,23
500103004,20231025,1281,23,0,1,25.06864,121.5107,23
500103004,20231025,1282,23,0,1,25.06864,121.5107,23
500103004,20231025,1283,23,0,1,25.06864,121.5107,23
500103004,20231025,1284,23,0,1,25.06864,121.5107,23
500103004,20231025,1285,23,0,1,25.06864,121.5107,23
500103004,20231025,1286,23,0,1,25.06864,121.5107,23
500103004,20231025,1287,23,0,1,25.06864,121.5107,23
500103004,20231025,1288,23,1,1,25.06864,121.5107,22
500103004,20231025,1289,23,1,1,25.06864,121.5107,22
500103004,20231025,1291,23,0,1,25.06864,121.5107,23
500103004,20231025,1292,23,0,1,25.06864,121.5107,23
500103004,20231025,1293,23,0,1,25.06864,121.5107,23
500103004,20231025,1294,23,0,1,25.06864,121.5107,23
500103004,20231025,1295,23,0,1,25.06864,121.5107,23
500103004,20231025,1296,23,0,1,25.06864,121.5107,23
500103004,20231025,1297,23,0,1,25.06864,121.5107,23
500103004,20231025,1298,23,0,1,25.06864,121.5107,23
500103004,20231025,1299,23,0,1,25.06864,121.5107,23
500103004,20231025,1301,23,0,1,25.06864,121.5107,23
500103004,20231025,1302,23,0,1,25.06864,121.5107,23
500103004,20231025,1303,23,0,1,25.06864,121.5107,23
500103004,20231025,1304,23,0,1,25.06864,121.5107,23
500103004,20231025,1305,23,0,1,25.06864,121.5107,23
500103004,20231025,1306,23,0,1,25.06864,121.5107,23
500103004,20231025,1307,23,0,1,25.06864,121.5107,23
500103004,20231025,1308,23,1,1,25.06864,121.5107,22
500103004,20231025,1309,23,1,1,25.06864,121.5107,22
500103004,20231025,1310,23,1,1,25.06864,121.5107,22
500103004,20231025,1311,23,0,1,25.06864,121.5107,23
500103004,20231025,1312,23,1,1,25.06864,121.5107,22
500103004,20231025,1313,23,1,1,25.06864,121.5107,22
500103004,20231025,1314,23,1,1,25.06864,121.5107,22
500103004,20231025,1315,23,1,1,25.06864,121.5107,22
500103004,20231025,1316,23,1,1,25.06864,121.5107,22
500103004,20231025,1317,23,1,1,25.06864,121.5107,22
500103004,20231025,1318,23,2,1,25.06864,121.5107,21
500103004,20231025,1319,23,2,1,25.06864,121.5107,21
500103004,20231025,1321,23,1,1,25.06864,121.5107,22
500103004,20231025,1322,23,0,1,25.06864,121.5107,23
500103004,20231025,1323,23,0,1,25.06864,121.5107,23
500103004,20231025,1324,23,0,1,25.06864,121.5107,23
500103004,20231025,1325,23,0,1,25.06864,121.5107,23
500103004,20231025,1326,23,0,1,25.06864,121.5107,23
500103004,20231025,1327,23,0,1,25.06864,121.5107,23
500103004,20231025,1328,23,0,1,25.06864,121.5107,23
500103004,20231025,1329,23,0,1,25.06864,121.5107,23
500103004,20231025,1330,23,0,1,25.06864,121.5107,23
500103004,20231025,1331,23,0,1,25.06864,121.5107,23
500103004,20231025,1332,23,0,1,25.06864,121.5107,23
500103004,20231025,1333,23,1,1,25.06864,121.5107,22
500103004,20231025,1334,23,1,1,25.06864,121.5107,22
500103004,20231025,1335,23,0,1,25.06864,121.5107,23
500103004,20231025,1336,23,0,1,25.06864,121.5107,23
500103004,20231025,1337,23,0,1,25.06864,121.5107,23
500103004,20231025,1338,23,0,1,25.06864,121.5107,23
500103004,20231025,1339,23,0,1,25.06864,121.5107,23
500103004,20231025,1341,23,0,1,25.06864,121.5107,23
500103004,20231025,1342,23,0,1,25.06864,121.5107,23
500103004,20231025,1343,23,0,1,25.06864,121.5107,23
500103004,20231025,1344,23,0,1,25.06864,121.5107,23
500103004,20231025,1345,23,0,1,25.06864,121.5107,23
500103004,20231025,1346,23,0,1,25.06864,121.5107,23
500103004,20231025,1347,23,0,1,25.06864,121.5107,23
500103004,20231025,1348,23,1,1,25.06864,121.5107,22
500103004,20231025,1349,23,1,1,25.06864,121.5107,22
500103004,20231025,1350,23,1,1,25.06864,121.5107,22
500103004,20231025,1351,23,1,1,25.06864,121.5107,22
500103004,20231025,1352,23,1,1,25.06864,121.5107,22
500103004,20231025,1353,23,1,1,25.06864,121.5107,22
500103004,20231025,1354,23,1,1,25.06864,121.5107,22
500103004,20231025,1355,23,1,1,25.06864,121.5107,22
500103004,20231025,1356,23,1,1,25.06864,121.5107,22
500103004,20231025,1358,23,1,1,25.06864,121.5107,22
500103004,20231025,1359,23,1,1,25.06864,121.5107,22
500103004,20231025,1360,23,1,1,25.06864,121.5107,22
500103004,20231025,1361,23,1,1,25.06864,121.5107,22
500103004,20231025,1362,23,1,1,25.06864,121.5107,22
500103004,20231025,1363,23,1,1,25.06864,121.5107,22
500103004,20231025,1364,23,1,1,25.06864,121.5107,22
500103004,20231025,1365,23,1,1,25.06864,121.5107,22
500103004,20231025,1366,23,1,1,25.06864,121.5107,22
500103004,20231025,1367,23,1,1,25.06864,121.5107,22
500103004,20231025,1368,23,1,1,25.06864,121.5107,22
500103004,20231025,1369,23,1,1,25.06864,121.5107,22
500103004,20231025,1370,23,1,1,25.06864,121.5107,22
500103004,20231025,1371,23,0,1,25.06864,121.5107,23
500103004,20231025,1372,23,0,1,25.06864,121.5107,23
500103004,20231025,1373,23,0,1,25.06864,121.5107,23
500103004,20231025,1374,23,0,1,25.06864,121.5107,23
500103004,20231025,1375,23,0,1,25.06864,121.5107,23
500103004,20231025,1376,23,0,1,25.06864,121.5107,23
500103004,20231025,1377,23,0,1,25.06864,121.5107,23
500103004,20231025,1378,23,0,1,25.06864,121.5107,23
500103004,20231025,1379,23,0,1,25.06864,121.5107,23
500103004,20231025,1381,23,0,1,25.06864,121.5107,23
500103004,20231025,1382,23,0,1,25.06864,121.5107,23
500103004,20231025,1383,23,0,1,25.06864,121.5107,23
500103004,20231025,1384,23,1,1,25.06864,121.5107,22
500103004,20231025,1385,23,1,1,25.06864,121.5107,22
500103004,20231025,1386,23,2,1,25.06864,121.5107,21
500103004,20231025,1387,23,3,1,25.06864,121.5107,20
500103004,20231025,1389,23,3,1,25.06864,121.5107,20
500103004,20231025,1390,23,3,1,25.06864,121.5107,20
500103004,20231025,1391,23,3,1,25.06864,121.5107,20
500103004,20231025,1392,23,3,1,25.06864,121.5107,20
500103004,20231025,1393,23,3,1,25.06864,121.5107,20
500103004,20231025,1394,23,3,1,25.06864,121.5107,20
500103004,20231025,1395,23,3,1,25.06864,121.5107,20
500103004,20231025,1396,23,3,1,25.06864,121.5107,20
500103004,20231025,1397,23,3,1,25.06864,121.5107,20
500103004,20231025,1398,23,3,1,25.06864,121.5107,20
500103004,20231025,1399,23,3,1,25.06864,121.5107,20
500103004,20231025,1401,23,2,1,25.06864,121.5107,21
500103004,20231025,1402,23,2,1,25.06864,121.5107,21
500103004,20231025,1403,23,1,1,25.06864,121.5107,22
500103004,20231025,1404,23,1,1,25.06864,121.5107,22
500103004,20231025,1405,23,1,1,25.06864,121.5107,22
500103004,20231025,1406,23,0,1,25.06864,121.5107,23
500103004,20231025,1407,23,1,1,25.06864,121.5107,22
500103004,20231025,1408,23,1,1,25.06864,121.5107,22
500103004,20231025,1409,23,1,1,25.06864,121.5107,22
500103004,20231025,1410,23,1,1,25.06864,121.5107,22
500103004,20231025,1411,23,1,1,25.06864,121.5107,22
500103004,20231025,1412,23,1,1,25.06864,121.5107,22
500103004,20231025,1413,23,1,1,25.06864,121.5107,22
500103004,20231025,1414,23,1,1,25.06864,121.5107,22
500103004,20231025,1415,23,1,1,25.06864,121.5107,22
500103004,20231025,1416,23,1,1,25.06864,121.5107,22
500103004,20231025,1417,23,1,1,25.06864,121.5107,22
500103004,20231025,1418,23,1,1,25.06864,121.5107,22
500103004,20231025,1419,23,0,1,25.06864,121.5107,23
500103004,20231025,1420,23,0,1,25.06864,121.5107,23
500103004,20231025,1421,23,0,1,25.06864,121.5107,23
500103004,20231025,1422,23,0,1,25.06864,121.5107,23
500103004,20231025,1423,23,0,1,25.06864,121.5107,23
500103004,20231025,1424,23,0,1,25.06864,121.5107,23
500103004,20231025,1425,23,0,1,25.06864,121.5107,23
500103004,20231025,1426,23,0,1,25.06864,121.5107,23
500103004,20231025,1427,23,0,1,25.06864,121.5107,23
500103004,20231025,1428,23,0,1,25.06864,121.5107,23
500103004,20231025,1429,23,0,1,25.06864,121.5107,23
500103004,20231025,1430,23,0,1,25.06864,121.5107,23
500103004,20231025,1431,23,0,1,25.06864,121.5107,23
500103004,20231025,1432,23,0,1,25.06864,121.5107,23
500103004,20231025,1433,23,0,1,25.06864,121.5107,23
500103004,20231025,1434,23,0,1,25.06864,121.5107,23
500103004,20231025,1435,23,0,1,25.06864,121.5107,23
500103004,20231025,1436,23,0,1,25.06864,121.5107,23
500103004,20231025,1438,23,0,1,25.06864,121.5107,23
500103004,20231025,1439,23,0,1,25.06864,121.5107,23
500103004,20231026,1,23,0,1,25.06864,121.5107,23
500103004,20231026,2,23,0,1,25.06864,121.5107,23
500103004,20231026,3,23,0,1,25.06864,121.5107,23
500103004,20231026,4,23,0,1,25.06864,121.5107,23
500103004,20231026,5,23,0,1,25.06864,121.5107,23
500103004,20231026,6,23,0,1,25.06864,121.5107,23
500103004,20231026,7,23,0,1,25.06864,121.5107,23
500103004,20231026,8,23,0,1,25.06864,121.5107,23
500103004,20231026,10,23,0,1,25.06864,121.5107,23
500103004,20231026,11,23,0,1,25.06864,121.5107,23
500103004,20231026,12,23,0,1,25.06864,121.5107,23
500103004,20231026,13,23,0,1,25.06864,121.5107,23
500103004,20231026,14,23,0,1,25.06864,121.5107,23
500103004,20231026,15,23,0,1,25.06864,121.5107,23
500103004,20231026,16,23,0,1,25.06864,121.5107,23
500103004,20231026,17,23,0,1,25.06864,121.5107,23
500103004,20231026,18,23,0,1,25.06864,121.5107,23
500103004,20231026,19,23,0,1,25.06864,121.5107,23
500103004,20231026,21,23,0,1,25.06864,121.5107,23
500103004,20231026,22,23,0,1,25.06864,121.5107,23
500103004,20231026,23,23,0,1,25.06864,121.5107,23
500103004,20231026,24,23,0,1,25.06864,121.5107,23
500103004,20231026,25,23,0,1,25.06864,121.5107,23
500103004,20231026,26,23,0,1,25.06864,121.5107,23
500103004,20231026,27,23,0,1,25.06864,121.5107,23
500103004,20231026,28,23,0,1,25.06864,121.5107,23
500103004,20231026,29,23,0,1,25.06864,121.5107,23
500103004,20231026,30,23,0,1,25.06864,121.5107,23
500103004,20231026,31,23,0,1,25.06864,121.5107,23
500103004,20231026,32,23,0,1,25.06864,121.5107,23
500103004,20231026,33,23,0,1,25.06864,121.5107,23
500103004,20231026,34,23,0,1,25.06864,121.5107,23
500103004,20231026,35,23,0,1,25.06864,121.5107,23
500103004,20231026,36,23,0,1,25.06864,121.5107,23
500103004,20231026,37,23,0,1,25.06864,121.5107,23
500103004,20231026,38,23,0,1,25.06864,121.5107,23
500103004,20231026,39,23,0,1,25.06864,121.5107,23
500103004,20231026,40,23,0,1,25.06864,121.5107,23
500103004,20231026,41,23,0,1,25.06864,121.5107,23
500103004,20231026,42,23,0,1,25.06864,121.5107,23
500103004,20231026,43,23,0,1,25.06864,121.5107,23
500103004,20231026,44,23,0,1,25.06864,121.5107,23
500103004,20231026,45,23,0,1,25.06864,121.5107,23
500103004,20231026,46,23,0,1,25.06864,121.5107,23
500103004,20231026,47,23,0,1,25.06864,121.5107,23
500103004,20231026,48,23,0,1,25.06864,121.5107,23
500103004,20231026,49,23,0,1,25.06864,121.5107,23
500103004,20231026,50,23,0,1,25.06864,121.5107,23
500103004,20231026,51,23,0,1,25.06864,121.5107,23
500103004,20231026,52,23,0,1,25.06864,121.5107,23
500103004,20231026,53,23,0,1,25.06864,121.5107,23
500103004,20231026,54,23,0,1,25.06864,121.5107,23
500103004,20231026,55,23,0,1,25.06864,121.5107,23
500103004,20231026,56,23,0,1,25.06864,121.5107,23
500103004,20231026,57,23,0,1,25.06864,121.5107,23
500103004,20231026,58,23,0,1,25.06864,121.5107,23
500103004,20231026,59,23,0,1,25.06864,121.5107,23
500103004,20231026,60,23,0,1,25.06864,121.5107,23
500103004,20231026,61,23,0,1,25.06864,121.5107,23
500103004,20231026,63,23,0,1,25.06864,121.5107,23
500103004,20231026,64,23,0,1,25.06864,121.5107,23
500103004,20231026,65,23,0,1,25.06864,121.5107,23
500103004,20231026,66,23,0,1,25.06864,121.5107,23
500103004,20231026,67,23,0,1,25.06864,121.5107,23
500103004,20231026,68,23,0,1,25.06864,121.5107,23
500103004,20231026,69,23,0,1,25.06864,121.5107,23
500103004,20231026,70,23,0,1,25.06864,121.5107,23
500103004,20231026,71,23,0,1,25.06864,121.5107,23
500103004,20231026,72,23,0,1,25.06864,121.5107,23
500103004,20231026,73,23,0,1,25.06864,121.5107,23
500103004,20231026,74,23,0,1,25.06864,121.5107,23
500103004,20231026,75,23,0,1,25.06864,121.5107,23
500103004,20231026,76,23,0,1,25.06864,121.5107,23
500103004,20231026,77,23,0,1,25.06864,121.5107,23
500103004,20231026,78,23,0,1,25.06864,121.5107,23
500103004,20231026,79,23,0,1,25.06864,121.5107,23
500103004,20231026,81,23,0,1,25.06864,121.5107,23
500103004,20231026,82,23,0,1,25.06864,121.5107,23
500103004,20231026,83,23,0,1,25.06864,121.5107,23
500103004,20231026,84,23,1,1,25.06864,121.5107,22
500103004,20231026,85,23,4,1,25.06864,121.5107,19
500103004,20231026,86,23,4,1,25.06864,121.5107,19
500103004,20231026,87,23,4,1,25.06864,121.5107,19
500103004,20231026,88,23,4,1,25.06864,121.5107,19
500103004,20231026,89,23,4,1,25.06864,121.5107,19
500103004,20231026,90,23,4,1,25.06864,121.5107,19
500103004,20231026,91,23,4,1,25.06864,121.5107,19
500103004,20231026,92,23,4,1,25.06864,121.5107,19
500103004,20231026,93,23,4,1,25.06864,121.5107,19
500103004,20231026,94,23,4,1,25.06864,121.5107,19
500103004,20231026,95,23,4,1,25.06864,121.5107,19
500103004,20231026,96,23,4,1,25.06864,121.5107,19
500103004,20231026,97,23,4,1,25.06864,121.5107,19
500103004,20231026,98,23,4,1,25.06864,121.5107,19
500103004,20231026,99,23,4,1,25.06864,121.5107,19
500103004,20231026,100,23,4,1,25.06864,121.5107,19
500103004,20231026,101,23,4,1,25.06864,121.5107,19
500103004,20231026,102,23,4,1,25.06864,121.5107,19
500103004,20231026,103,23,4,1,25.06864,121.5107,19
500103004,20231026,104,23,4,1,25.06864,121.5107,19
500103004,20231026,105,23,4,1,25.06864,121.5107,19
500103004,20231026,106,23,4,1,25.06864,121.5107,19
500103004,20231026,107,23,4,1,25.06864,121.5107,19
500103004,20231026,108,23,4,1,25.06864,121.5107,19
500103004,20231026,109,23,4,1,25.06864,121.5107,19
500103004,20231026,110,23,4,1,25.06864,121.5107,19
500103004,20231026,111,23,4,1,25.06864,121.5107,19
500103004,20231026,112,23,4,1,25.06864,121.5107,19
500103004,20231026,113,23,4,1,25.06864,121.5107,19
500103004,20231026,114,23,4,1,25.06864,121.5107,19
500103004,20231026,115,23,4,1,25.06864,121.5107,19
500103004,20231026,116,23,4,1,25.06864,121.5107,19
500103004,20231026,117,23,4,1,25.06864,121.5107,19
500103004,20231026,118,23,4,1,25.06864,121.5107,19
500103004,20231026,119,23,4,1,25.06864,121.5107,19
500103004,20231026,121,23,4,1,25.06864,121.5107,19
500103004,20231026,122,23,4,1,25.06864,121.5107,19
500103004,20231026,123,23,4,1,25.06864,121.5107,19
500103004,20231026,124,23,4,1,25.06864,121.5107,19
500103004,20231026,125,23,4,1,25.06864,121.5107,19
500103004,20231026,126,23,4,1,25.06864,121.5107,19
500103004,20231026,127,23,4,1,25.06864,121.5107,19
500103004,20231026,128,23,4,1,25.06864,121.5107,19
500103004,20231026,129,23,4,1,25.06864,121.5107,19
500103004,20231026,130,23,4,1,25.06864,121.5107,19
500103004,20231026,131,23,4,1,25.06864,121.5107,19
500103004,20231026,132,23,4,1,25.06864,121.5107,19
500103004,20231026,133,23,4,1,25.06864,121.5107,19
500103004,20231026,134,23,4,1,25.06864,121.5107,19
500103004,20231026,135,23,4,1,25.06864,121.5107,19
500103004,20231026,136,23,4,1,25.06864,121.5107,19
500103004,20231026,137,23,4,1,25.06864,121.5107,19
500103004,20231026,138,23,3,1,25.06864,121.5107,20
500103004,20231026,139,23,3,1,25.06864,121.5107,20
500103004,20231026,141,23,3,1,25.06864,121.5107,20
500103004,20231026,142,23,3,1,25.06864,121.5107,20
500103004,20231026,143,23,3,1,25.06864,121.5107,20
500103004,20231026,144,23,3,1,25.06864,121.5107,20
500103004,20231026,145,23,3,1,25.06864,121.5107,20
500103004,20231026,146,23,3,1,25.06864,121.5107,20
500103004,20231026,147,23,3,1,25.06864,121.5107,20
500103004,20231026,148,23,3,1,25.06864,121.5107,20
500103004,20231026,149,23,3,1,25.06864,121.5107,20
500103004,20231026,150,23,3,1,25.06864,121.5107,20
500103004,20231026,151,23,3,1,25.06864,121.5107,20
500103004,20231026,152,23,3,1,25.06864,121.5107,20
500103004,20231026,153,23,3,1,25.06864,121.5107,20
500103004,20231026,154,23,3,1,25.06864,121.5107,20
500103004,20231026,155,23,3,1,25.06864,121.5107,20
500103004,20231026,156,23,3,1,25.06864,121.5107,20
500103004,20231026,157,23,3,1,25.06864,121.5107,20
500103004,20231026,158,23,3,1,25.06864,121.5107,20
500103004,20231026,159,23,2,1,25.06864,121.5107,21
500103004,20231026,160,23,2,1,25.06864,121.5107,21
500103004,20231026,161,23,2,1,25.06864,121.5107,21
500103004,20231026,162,23,2,1,25.06864,121.5107,21
500103004,20231026,163,23,2,1,25.06864,121.5107,21
500103004,20231026,164,23,2,1,25.06864,121.5107,21
500103004,20231026,165,23,2,1,25.06864,121.5107,21
500103004,20231026,166,23,2,1,25.06864,121.5107,21
500103004,20231026,167,23,2,1,25.06864,121.5107,21
500103004,20231026,168,23,2,1,25.06864,121.5107,21
500103004,20231026,169,23,2,1,25.06864,121.5107,21
500103004,20231026,170,23,2,1,25.06864,121.5107,21
500103004,20231026,171,23,2,1,25.06864,121.5107,21
500103004,20231026,172,23,2,1,25.06864,121.5107,21
500103004,20231026,173,23,2,1,25.06864,121.5107,21
500103004,20231026,174,23,2,1,25.06864,121.5107,21
500103004,20231026,175,23,2,1,25.06864,121.5107,21
500103004,20231026,176,23,2,1,25.06864,121.5107,21
500103004,20231026,177,23,2,1,25.06864,121.5107,21
500103004,20231026,178,23,2,1,25.06864,121.5107,21
500103004,20231026,179,23,2,1,25.06864,121.5107,21
500103004,20231026,180,23,2,1,25.06864,121.5107,21
500103004,20231026,181,23,2,1,25.06864,121.5107,21
500103004,20231026,182,23,2,1,25.06864,121.5107,21
500103004,20231026,183,23,2,1,25.06864,121.5107,21
500103004,20231026,184,23,2,1,25.06864,121.5107,21
500103004,20231026,185,23,2,1,25.06864,121.5107,21
500103004,20231026,186,23,2,1,25.06864,121.5107,21
500103004,20231026,187,23,2,1,25.06864,121.5107,21
500103004,20231026,188,23,2,1,25.06864,121.5107,21
500103004,20231026,189,23,2,1,25.06864,121.5107,21
500103004,20231026,190,23,2,1,25.06864,121.5107,21
500103004,20231026,191,23,2,1,25.06864,121.5107,21
500103004,20231026,192,23,2,1,25.06864,121.5107,21
500103004,20231026,193,23,2,1,25.06864,121.5107,21
500103004,20231026,194,23,2,1,25.06864,121.5107,21
500103004,20231026,195,23,2,1,25.06864,121.5107,21
500103004,20231026,196,23,2,1,25.06864,121.5107,21
500103004,20231026,197,23,2,1,25.06864,121.5107,21
500103004,20231026,198,23,2,1,25.06864,121.5107,21
500103004,20231026,199,23,2,1,25.06864,121.5107,21
500103004,20231026,201,23,2,1,25.06864,121.5107,21
500103004,20231026,202,23,2,1,25.06864,121.5107,21
500103004,20231026,203,23,2,1,25.06864,121.5107,21
500103004,20231026,204,23,2,1,25.06864,121.5107,21
500103004,20231026,205,23,2,1,25.06864,121.5107,21
500103004,20231026,206,23,2,1,25.06864,121.5107,21
500103004,20231026,207,23,2,1,25.06864,121.5107,21
500103004,20231026,208,23,2,1,25.06864,121.5107,21
500103004,20231026,209,23,2,1,25.06864,121.5107,21
500103004,20231026,210,23,2,1,25.06864,121.5107,21
500103004,20231026,211,23,2,1,25.06864,121.5107,21
500103004,20231026,212,23,2,1,25.06864,121.5107,21
500103004,20231026,213,23,2,1,25.06864,121.5107,21
500103004,20231026,214,23,2,1,25.06864,121.5107,21
500103004,20231026,215,23,2,1,25.06864,121.5107,21
500103004,20231026,216,23,2,1,25.06864,121.5107,21
500103004,20231026,217,23,2,1,25.06864,121.5107,21
500103004,20231026,218,23,2,1,25.06864,121.5107,21
500103004,20231026,219,23,2,1,25.06864,121.5107,21
500103004,20231026,220,23,2,1,25.06864,121.5107,21
500103004,20231026,221,23,2,1,25.06864,121.5107,21
500103004,20231026,222,23,2,1,25.06864,121.5107,21
500103004,20231026,223,23,2,1,25.06864,121.5107,21
500103004,20231026,224,23,2,1,25.06864,121.5107,21
500103004,20231026,225,23,2,1,25.06864,121.5107,21
500103004,20231026,226,23,2,1,25.06864,121.5107,21
500103004,20231026,227,23,2,1,25.06864,121.5107,21
500103004,20231026,228,23,2,1,25.06864,121.5107,21
500103004,20231026,229,23,2,1,25.06864,121.5107,21
500103004,20231026,230,23,2,1,25.06864,121.5107,21
500103004,20231026,231,23,2,1,25.06864,121.5107,21
500103004,20231026,232,23,2,1,25.06864,121.5107,21
500103004,20231026,233,23,2,1,25.06864,121.5107,21
500103004,20231026,234,23,2,1,25.06864,121.5107,21
500103004,20231026,235,23,2,1,25.06864,121.5107,21
500103004,20231026,236,23,2,1,25.06864,121.5107,21
500103004,20231026,237,23,2,1,25.06864,121.5107,21
500103004,20231026,238,23,2,1,25.06864,121.5107,21
500103004,20231026,239,23,2,1,25.06864,121.5107,21
500103004,20231026,240,23,2,1,25.06864,121.5107,21
500103004,20231026,241,23,2,1,25.06864,121.5107,21
500103004,20231026,242,23,2,1,25.06864,121.5107,21
500103004,20231026,243,23,2,1,25.06864,121.5107,21
500103004,20231026,244,23,2,1,25.06864,121.5107,21
500103004,20231026,245,23,2,1,25.06864,121.5107,21
500103004,20231026,246,23,2,1,25.06864,121.5107,21
500103004,20231026,248,23,3,1,25.06864,121.5107,20
500103004,20231026,249,23,3,1,25.06864,121.5107,20
500103004,20231026,250,23,3,1,25.06864,121.5107,20
500103004,20231026,251,23,3,1,25.06864,121.5107,20
500103004,20231026,252,23,3,1,25.06864,121.5107,20
500103004,20231026,253,23,3,1,25.06864,121.5107,20
500103004,20231026,254,23,3,1,25.06864,121.5107,20
500103004,20231026,255,23,3,1,25.06864,121.5107,20
500103004,20231026,256,23,3,1,25.06864,121.5107,20
500103004,20231026,257,23,3,1,25.06864,121.5107,20
500103004,20231026,258,23,3,1,25.06864,121.5107,20
500103004,20231026,259,23,3,1,25.06864,121.5107,20
500103004,20231026,261,23,3,1,25.06864,121.5107,20
500103004,20231026,262,23,3,1,25.06864,121.5107,20
500103004,20231026,263,23,3,1,25.06864,121.5107,20
500103004,20231026,264,23,3,1,25.06864,121.5107,20
500103004,20231026,265,23,3,1,25.06864,121.5107,20
500103004,20231026,266,23,3,1,25.06864,121.5107,20
500103004,20231026,267,23,3,1,25.06864,121.5107,20
500103004,20231026,268,23,3,1,25.06864,121.5107,20
500103004,20231026,269,23,3,1,25.06864,121.5107,20
500103004,20231026,270,23,3,1,25.06864,121.5107,20
500103004,20231026,271,23,3,1,25.06864,121.5107,20
500103004,20231026,272,23,2,1,25.06864,121.5107,21
500103004,20231026,273,23,2,1,25.06864,121.5107,21
500103004,20231026,274,23,2,1,25.06864,121.5107,21
500103004,20231026,275,23,2,1,25.06864,121.5107,21
500103004,20231026,276,23,2,1,25.06864,121.5107,21
500103004,20231026,277,23,2,1,25.06864,121.5107,21
500103004,20231026,278,23,2,1,25.06864,121.5107,21
500103004,20231026,279,23,2,1,25.06864,121.5107,21
500103004,20231026,280,23,2,1,25.06864,121.5107,21
500103004,20231026,281,23,2,1,25.06864,121.5107,21
500103004,20231026,282,23,2,1,25.06864,121.5107,21
500103004,20231026,283,23,2,1,25.06864,121.5107,21
500103004,20231026,284,23,2,1,25.06864,121.5107,21
500103004,20231026,285,23,2,1,25.06864,121.5107,21
500103004,20231026,286,23,2,1,25.06864,121.5107,21
500103004,20231026,287,23,2,1,25.06864,121.5107,21
500103004,20231026,288,23,2,1,25.06864,121.5107,21
500103004,20231026,289,23,2,1,25.06864,121.5107,21
500103004,20231026,290,23,2,1,25.06864,121.5107,21
500103004,20231026,291,23,2,1,25.06864,121.5107,21
500103004,20231026,292,23,2,1,25.06864,121.5107,21
500103004,20231026,293,23,2,1,25.06864,121.5107,21
500103004,20231026,294,23,2,1,25.06864,121.5107,21
500103004,20231026,295,23,2,1,25.06864,121.5107,21
500103004,20231026,296,23,2,1,25.06864,121.5107,21
500103004,20231026,297,23,2,1,25.06864,121.5107,21
500103004,20231026,298,23,2,1,25.06864,121.5107,21
500103004,20231026,299,23,2,1,25.06864,121.5107,21
500103004,20231026,300,23,2,1,25.06864,121.5107,21
500103004,20231026,301,23,2,1,25.06864,121.5107,21
500103004,20231026,302,23,2,1,25.06864,121.5107,21
500103004,20231026,303,23,2,1,25.06864,121.5107,21
500103004,20231026,304,23,2,1,25.06864,121.5107,21
500103004,20231026,305,23,2,1,25.06864,121.5107,21
500103004,20231026,306,23,2,1,25.06864,121.5107,21
500103004,20231026,307,23,2,1,25.06864,121.5107,21
500103004,20231026,308,23,2,1,25.06864,121.5107,21
500103004,20231026,309,23,2,1,25.06864,121.5107,21
500103004,20231026,310,23,2,1,25.06864,121.5107,21
500103004,20231026,311,23,2,1,25.06864,121.5107,21
500103004,20231026,312,23,2,1,25.06864,121.5107,21
500103004,20231026,313,23,2,1,25.06864,121.5107,21
500103004,20231026,314,23,2,1,25.06864,121.5107,21
500103004,20231026,315,23,2,1,25.06864,121.5107,21
500103004,20231026,316,23,2,1,25.06864,121.5107,21
500103004,20231026,317,23,2,1,25.06864,121.5107,21
500103004,20231026,318,23,2,1,25.06864,121.5107,21
500103004,20231026,319,23,2,1,25.06864,121.5107,21
500103004,20231026,321,23,2,1,25.06864,121.5107,21
500103004,20231026,322,23,2,1,25.06864,121.5107,21
500103004,20231026,323,23,2,1,25.06864,121.5107,21
500103004,20231026,324,23,2,1,25.06864,121.5107,21
500103004,20231026,325,23,2,1,25.06864,121.5107,21
500103004,20231026,326,23,2,1,25.06864,121.5107,21
500103004,20231026,327,23,2,1,25.06864,121.5107,21
500103004,20231026,328,23,2,1,25.06864,121.5107,21
500103004,20231026,329,23,2,1,25.06864,121.5107,21
500103004,20231026,330,23,2,1,25.06864,121.5107,21
500103004,20231026,331,23,2,1,25.06864,121.5107,21
500103004,20231026,332,23,2,1,25.06864,121.5107,21
500103004,20231026,333,23,2,1,25.06864,121.5107,21
500103004,20231026,334,23,2,1,25.06864,121.5107,21
500103004,20231026,335,23,2,1,25.06864,121.5107,21
500103004,20231026,336,23,2,1,25.06864,121.5107,21
500103004,20231026,337,23,2,1,25.06864,121.5107,21
500103004,20231026,338,23,2,1,25.06864,121.5107,21
500103004,20231026,339,23,2,1,25.06864,121.5107,21
500103004,20231026,340,23,2,1,25.06864,121.5107,21
500103004,20231026,341,23,2,1,25.06864,121.5107,21
500103004,20231026,342,23,2,1,25.06864,121.5107,21
500103004,20231026,343,23,2,1,25.06864,121.5107,21
500103004,20231026,344,23,2,1,25.06864,121.5107,21
500103004,20231026,345,23,2,1,25.06864,121.5107,21
500103004,20231026,346,23,2,1,25.06864,121.5107,21
500103004,20231026,347,23,2,1,25.06864,121.5107,21
500103004,20231026,348,23,2,1,25.06864,121.5107,21
500103004,20231026,349,23,2,1,25.06864,121.5107,21
500103004,20231026,350,23,2,1,25.06864,121.5107,21
500103004,20231026,351,23,2,1,25.06864,121.5107,21
500103004,20231026,352,23,2,1,25.06864,121.5107,21
500103004,20231026,353,23,2,1,25.06864,121.5107,21
500103004,20231026,354,23,2,1,25.06864,121.5107,21
500103004,20231026,355,23,2,1,25.06864,121.5107,21
500103004,20231026,356,23,2,1,25.06864,121.5107,21
500103004,20231026,357,23,3,1,25.06864,121.5107,20
500103004,20231026,358,23,4,1,25.06864,121.5107,19
500103004,20231026,359,23,4,1,25.06864,121.5107,19
500103004,20231026,360,23,4,1,25.06864,121.5107,19
500103004,20231026,361,23,4,1,25.06864,121.5107,19
500103004,20231026,362,23,4,1,25.06864,121.5107,19
500103004,20231026,363,23,4,1,25.06864,121.5107,19
500103004,20231026,364,23,4,1,25.06864,121.5107,19
500103004,20231026,365,23,4,1,25.06864,121.5107,19
500103004,20231026,366,23,3,1,25.06864,121.5107,20
500103004,20231026,367,23,1,1,25.06864,121.5107,22
500103004,20231026,368,23,1,1,25.06864,121.5107,22
500103004,20231026,369,23,1,1,25.06864,121.5107,22
500103004,20231026,370,23,1,1,25.06864,121.5107,22
500103004,20231026,371,23,1,1,25.06864,121.5107,22
500103004,20231026,372,23,1,1,25.06864,121.5107,22
500103004,20231026,373,23,1,1,25.06864,121.5107,22
500103004,20231026,374,23,1,1,25.06864,121.5107,22
500103004,20231026,375,23,1,1,25.06864,121.5107,22
500103004,20231026,376,23,1,1,25.06864,121.5107,22
500103004,20231026,377,23,1,1,25.06864,121.5107,22
500103004,20231026,378,23,2,1,25.06864,121.5107,21
500103004,20231026,379,23,2,1,25.06864,121.5107,21
500103004,20231026,381,23,2,1,25.06864,121.5107,21
500103004,20231026,382,23,2,1,25.06864,121.5107,21
500103004,20231026,383,23,2,1,25.06864,121.5107,21
500103004,20231026,384,23,2,1,25.06864,121.5107,21
500103004,20231026,385,23,2,1,25.06864,121.5107,21
500103004,20231026,386,23,2,1,25.06864,121.5107,21
500103004,20231026,387,23,2,1,25.06864,121.5107,21
500103004,20231026,388,23,2,1,25.06864,121.5107,21
500103004,20231026,389,23,2,1,25.06864,121.5107,21
500103004,20231026,390,23,2,1,25.06864,121.5107,21
500103004,20231026,391,23,3,1,25.06864,121.5107,20
500103004,20231026,392,23,3,1,25.06864,121.5107,20
500103004,20231026,393,23,2,1,25.06864,121.5107,21
500103004,20231026,394,23,2,1,25.06864,121.5107,21
500103004,20231026,395,23,2,1,25.06864,121.5107,21
500103004,20231026,396,23,2,1,25.06864,121.5107,21
500103004,20231026,397,23,2,1,25.06864,121.5107,21
500103004,20231026,398,23,2,1,25.06864,121.5107,21
500103004,20231026,399,23,2,1,25.06864,121.5107,21
500103004,20231026,400,23,2,1,25.06864,121.5107,21
500103004,20231026,401,23,2,1,25.06864,121.5107,21
500103004,20231026,402,23,4,1,25.06864,121.5107,19
500103004,20231026,403,23,4,1,25.06864,121.5107,19
500103004,20231026,404,23,4,1,25.06864,121.5107,19
500103004,20231026,405,23,5,1,25.06864,121.5107,18
500103004,20231026,406,23,4,1,25.06864,121.5107,19
500103004,20231026,407,23,4,1,25.06864,121.5107,19
500103004,20231026,408,23,4,1,25.06864,121.5107,19
500103004,20231026,409,23,4,1,25.06864,121.5107,19
500103004,20231026,410,23,4,1,25.06864,121.5107,19
500103004,20231026,411,23,5,1,25.06864,121.5107,18
500103004,20231026,412,23,7,1,25.06864,121.5107,16
500103004,20231026,413,23,8,1,25.06864,121.5107,15
500103004,20231026,414,23,8,1,25.06864,121.5107,15
500103004,20231026,415,23,8,1,25.06864,121.5107,15
500103004,20231026,416,23,8,1,25.06864,121.5107,15
500103004,20231026,417,23,8,1,25.06864,121.5107,15
500103004,20231026,418,23,9,1,25.06864,121.5107,14
500103004,20231026,419,23,10,1,25.06864,121.5107,13
500103004,20231026,421,23,10,1,25.06864,121.5107,13
500103004,20231026,422,23,11,1,25.06864,121.5107,12
500103004,20231026,423,23,12,1,25.06864,121.5107,11
500103004,20231026,424,23,12,1,25.06864,121.5107,11
500103004,20231026,425,23,13,1,25.06864,121.5107,10
500103004,20231026,426,23,13,1,25.06864,121.5107,10
500103004,20231026,427,23,14,1,25.06864,121.5107,9
500103004,20231026,428,23,15,1,25.06864,121.5107,8
500103004,20231026,429,23,14,1,25.06864,121.5107,9
500103004,20231026,430,23,14,1,25.06864,121.5107,9
500103004,20231026,431,23,14,1,25.06864,121.5107,9
500103004,20231026,432,23,14,1,25.06864,121.5107,9
500103004,20231026,433,23,14,1,25.06864,121.5107,9
500103004,20231026,434,23,15,1,25.06864,121.5107,8
500103004,20231026,435,23,16,1,25.06864,121.5107,7
500103004,20231026,436,23,16,1,25.06864,121.5107,7
500103004,20231026,437,23,16,1,25.06864,121.5107,7
500103004,20231026,438,23,16,1,25.06864,121.5107,7
500103004,20231026,439,23,16,1,25.06864,121.5107,7
500103004,20231026,441,23,16,1,25.06864,121.5107,7
500103004,20231026,442,23,16,1,25.06864,121.5107,7
500103004,20231026,443,23,17,1,25.06864,121.5107,6
500103004,20231026,444,23,17,1,25.06864,121.5107,6
500103004,20231026,445,23,17,1,25.06864,121.5107,6
500103004,20231026,446,23,18,1,25.06864,121.5107,5
500103004,20231026,447,23,17,1,25.06864,121.5107,6
500103004,20231026,448,23,16,1,25.06864,121.5107,7
500103004,20231026,449,23,13,1,25.06864,121.5107,10
500103004,20231026,451,23,5,1,25.06864,121.5107,18
500103004,20231026,452,23,3,1,25.06864,121.5107,20
500103004,20231026,453,23,1,1,25.06864,121.5107,22
500103004,20231026,454,23,2,1,25.06864,121.5107,21
500103004,20231026,455,23,2,1,25.06864,121.5107,21
500103004,20231026,456,23,2,1,25.06864,121.5107,21
500103004,20231026,457,23,2,1,25.06864,121.5107,21
500103004,20231026,458,23,2,1,25.06864,121.5107,21
500103004,20231026,459,23,2,1,25.06864,121.5107,21
500103004,20231026,460,23,3,1,25.06864,121.5107,20
500103004,20231026,461,23,3,1,25.06864,121.5107,20
500103004,20231026,462,23,3,1,25.06864,121.5107,20
500103004,20231026,463,23,5,1,25.06864,121.5107,18
500103004,20231026,464,23,5,1,25.06864,121.5107,18
500103004,20231026,465,23,5,1,25.06864,121.5107,18
500103004,20231026,466,23,5,1,25.06864,121.5107,18
500103004,20231026,467,23,5,1,25.06864,121.5107,18
500103004,20231026,468,23,5,1,25.06864,121.5107,18
500103004,20231026,469,23,5,1,25.06864,121.5107,18
500103004,20231026,470,23,6,1,25.06864,121.5107,17
500103004,20231026,471,23,9,1,25.06864,121.5107,14
500103004,20231026,472,23,9,1,25.06864,121.5107,14
500103004,20231026,473,23,9,1,25.06864,121.5107,14
500103004,20231026,474,23,9,1,25.06864,121.5107,14
500103004,20231026,475,23,9,1,25.06864,121.5107,14
500103004,20231026,476,23,10,1,25.06864,121.5107,13
500103004,20231026,477,23,10,1,25.06864,121.5107,13
500103004,20231026,478,23,10,1,25.06864,121.5107,13
500103004,20231026,479,23,11,1,25.06864,121.5107,12
500103004,20231026,481,23,12,1,25.06864,121.5107,11
500103004,20231026,482,23,12,1,25.06864,121.5107,11
500103004,20231026,483,23,12,1,25.06864,121.5107,11
500103004,20231026,484,23,12,1,25.06864,121.5107,11
500103004,20231026,485,23,13,1,25.06864,121.5107,10
500103004,20231026,486,23,13,1,25.06864,121.5107,10
500103004,20231026,487,23,15,1,25.06864,121.5107,8
500103004,20231026,488,23,16,1,25.06864,121.5107,7
500103004,20231026,489,23,16,1,25.06864,121.5107,7
500103004,20231026,490,23,16,1,25.06864,121.5107,7
500103004,20231026,491,23,16,1,25.06864,121.5107,7
500103004,20231026,492,23,17,1,25.06864,121.5107,6
500103004,20231026,493,23,17,1,25.06864,121.5107,6
500103004,20231026,494,23,17,1,25.06864,121.5107,6
500103004,20231026,495,23,17,1,25.06864,121.5107,6
500103004,20231026,496,23,17,1,25.06864,121.5107,6
500103004,20231026,497,23,18,1,25.06864,121.5107,5
500103004,20231026,498,23,19,1,25.06864,121.5107,4
500103004,20231026,499,23,18,1,25.06864,121.5107,5
500103004,20231026,501,23,18,1,25.06864,121.5107,5
500103004,20231026,502,23,19,1,25.06864,121.5107,4
500103004,20231026,503,23,19,1,25.06864,121.5107,4
500103004,20231026,504,23,18,1,25.06864,121.5107,5
500103004,20231026,505,23,18,1,25.06864,121.5107,5
500103004,20231026,506,23,19,1,25.06864,121.5107,4
500103004,20231026,507,23,20,1,25.06864,121.5107,3
500103004,20231026,508,23,20,1,25.06864,121.5107,3
500103004,20231026,509,23,20,1,25.06864,121.5107,3
500103004,20231026,511,23,20,1,25.06864,121.5107,3
500103004,20231026,512,23,21,1,25.06864,121.5107,2
500103004,20231026,513,23,22,1,25.06864,121.5107,1
500103004,20231026,514,23,23,1,25.06864,121.5107,0
500103004,20231026,515,23,19,1,25.06864,121.5107,4
500103004,20231026,516,23,19,1,25.06864,121.5107,4
500103004,20231026,517,23,19,1,25.06864,121.5107,4
500103004,20231026,519,23,19,1,25.06864,121.5107,4
500103004,20231026,520,23,19,1,25.06864,121.5107,4
500103004,20231026,521,23,18,1,25.06864,121.5107,5
500103004,20231026,522,23,18,1,25.06864,121.5107,5
500103004,20231026,523,23,18,1,25.06864,121.5107,5
500103004,20231026,524,23,19,1,25.06864,121.5107,4
500103004,20231026,525,23,19,1,25.06864,121.5107,4
500103004,20231026,526,23,19,1,25.06864,121.5107,4
500103004,20231026,527,23,19,1,25.06864,121.5107,4
500103004,20231026,528,23,19,1,25.06864,121.5107,4
500103004,20231026,529,23,19,1,25.06864,121.5107,4
500103004,20231026,530,23,21,1,25.06864,121.5107,2
500103004,20231026,531,23,21,1,25.06864,121.5107,2
500103004,20231026,532,23,22,1,25.06864,121.5107,1
500103004,20231026,533,23,22,1,25.06864,121.5107,1
500103004,20231026,534,23,22,1,25.06864,121.5107,1
500103004,20231026,535,23,22,1,25.06864,121.5107,1
500103004,20231026,536,23,22,1,25.06864,121.5107,1
500103004,20231026,537,23,22,1,25.06864,121.5107,1
500103004,20231026,538,23,21,1,25.06864,121.5107,2
500103004,20231026,539,23,20,1,25.06864,121.5107,3
500103004,20231026,541,23,18,1,25.06864,121.5107,5
500103004,20231026,542,23,18,1,25.06864,121.5107,5
500103004,20231026,543,23,18,1,25.06864,121.5107,5
500103004,20231026,544,23,18,1,25.06864,121.5107,5
500103004,20231026,545,23,18,1,25.06864,121.5107,5
500103004,20231026,546,23,18,1,25.06864,121.5107,5
500103004,20231026,547,23,18,1,25.06864,121.5107,5
500103004,20231026,548,23,18,1,25.06864,121.5107,5
500103004,20231026,549,23,18,1,25.06864,121.5107,5
500103004,20231026,550,23,18,1,25.06864,121.5107,5
500103004,20231026,551,23,18,1,25.06864,121.5107,5
500103004,20231026,552,23,18,1,25.06864,121.5107,5
500103004,20231026,553,23,18,1,25.06864,121.5107,5
500103004,20231026,554,23,18,1,25.06864,121.5107,5
500103004,20231026,555,23,18,1,25.06864,121.5107,5
500103004,20231026,557,23,18,1,25.06864,121.5107,5
500103004,20231026,558,23,18,1,25.06864,121.5107,5
500103004,20231026,559,23,17,1,25.06864,121.5107,6
500103004,20231026,561,23,18,1,25.06864,121.5107,5
500103004,20231026,562,23,18,1,25.06864,121.5107,5
500103004,20231026,563,23,18,1,25.06864,121.5107,5
500103004,20231026,564,23,18,1,25.06864,121.5107,5
500103004,20231026,565,23,18,1,25.06864,121.5107,5
500103004,20231026,566,23,18,1,25.06864,121.5107,5
500103004,20231026,567,23,19,1,25.06864,121.5107,4
500103004,20231026,568,23,18,1,25.06864,121.5107,5
500103004,20231026,569,23,18,1,25.06864,121.5107,5
500103004,20231026,571,23,17,1,25.06864,121.5107,6
500103004,20231026,572,23,17,1,25.06864,121.5107,6
500103004,20231026,573,23,17,1,25.06864,121.5107,6
500103004,20231026,574,23,17,1,25.06864,121.5107,6
500103004,20231026,575,23,18,1,25.06864,121.5107,5
500103004,20231026,576,23,18,1,25.06864,121.5107,5
500103004,20231026,577,23,19,1,25.06864,121.5107,4
500103004,20231026,578,23,19,1,25.06864,121.5107,4
500103004,20231026,579,23,19,1,25.06864,121.5107,4
500103004,20231026,580,23,20,1,25.06864,121.5107,3
500103004,20231026,581,23,20,1,25.06864,121.5107,3
500103004,20231026,582,23,20,1,25.06864,121.5107,3
500103004,20231026,583,23,20,1,25.06864,121.5107,3
500103004,20231026,584,23,20,1,25.06864,121.5107,3
500103004,20231026,585,23,20,1,25.06864,121.5107,3
500103004,20231026,586,23,20,1,25.06864,121.5107,3
500103004,20231026,587,23,20,1,25.06864,121.5107,3
500103004,20231026,588,23,20,1,25.06864,121.5107,3
500103004,20231026,589,23,20,1,25.06864,121.5107,3
500103004,20231026,590,23,20,1,25.06864,121.5107,3
500103004,20231026,591,23,20,1,25.06864,121.5107,3
500103004,20231026,592,23,20,1,25.06864,121.5107,3
500103004,20231026,593,23,20,1,25.06864,121.5107,3
500103004,20231026,594,23,20,1,25.06864,121.5107,3
500103004,20231026,595,23,20,1,25.06864,121.5107,3
500103004,20231026,596,23,20,1,25.06864,121.5107,3
500103004,20231026,597,23,20,1,25.06864,121.5107,3
500103004,20231026,598,23,20,1,25.06864,121.5107,3
500103004,20231026,599,23,20,1,25.06864,121.5107,3
500103004,20231026,601,23,20,1,25.06864,121.5107,3
500103004,20231026,602,23,20,1,25.06864,121.5107,3
500103004,20231026,603,23,19,1,25.06864,121.5107,4
500103004,20231026,604,23,19,1,25.06864,121.5107,4
500103004,20231026,605,23,19,1,25.06864,121.5107,4
500103004,20231026,606,23,18,1,25.06864,121.5107,5
500103004,20231026,607,23,18,1,25.06864,121.5107,5
500103004,20231026,608,23,18,1,25.06864,121.5107,5
500103004,20231026,609,23,18,1,25.06864,121.5107,5
500103004,20231026,610,23,18,1,25.06864,121.5107,5
500103004,20231026,611,23,18,1,25.06864,121.5107,5
500103004,20231026,612,23,18,1,25.06864,121.5107,5
500103004,20231026,613,23,18,1,25.06864,121.5107,5
500103004,20231026,614,23,18,1,25.06864,121.5107,5
500103004,20231026,615,23,19,1,25.06864,121.5107,4
500103004,20231026,616,23,20,1,25.06864,121.5107,3
500103004,20231026,617,23,20,1,25.06864,121.5107,3
500103004,20231026,618,23,21,1,25.06864,121.5107,2
500103004,20231026,619,23,21,1,25.06864,121.5107,2
500103004,20231026,621,23,21,1,25.06864,121.5107,2
500103004,20231026,622,23,21,1,25.06864,121.5107,2
500103004,20231026,623,23,21,1,25.06864,121.5107,2
500103004,20231026,624,23,21,1,25.06864,121.5107,2
500103004,20231026,625,23,21,1,25.06864,121.5107,2
500103004,20231026,626,23,21,1,25.06864,121.5107,2
500103004,20231026,627,23,21,1,25.06864,121.5107,2
500103004,20231026,628,23,21,1,25.06864,121.5107,2
500103004,20231026,629,23,21,1,25.06864,121.5107,2
500103004,20231026,631,23,20,1,25.06864,121.5107,3
500103004,20231026,632,23,20,1,25.06864,121.5107,3
500103004,20231026,633,23,20,1,25.06864,121.5107,3
500103004,20231026,634,23,20,1,25.06864,121.5107,3
500103004,20231026,635,23,20,1,25.06864,121.5107,3
500103004,20231026,636,23,20,1,25.06864,121.5107,3
500103004,20231026,637,23,21,1,25.06864,121.5107,2
500103004,20231026,638,23,21,1,25.06864,121.5107,2
500103004,20231026,639,23,21,1,25.06864,121.5107,2
500103004,20231026,640,23,21,1,25.06864,121.5107,2
500103004,20231026,641,23,22,1,25.06864,121.5107,1
500103004,20231026,642,23,22,1,25.06864,121.5107,1
500103004,20231026,643,23,22,1,25.06864,121.5107,1
500103004,20231026,644,23,22,1,25.06864,121.5107,1
500103004,20231026,645,23,23,1,25.06864,121.5107,0
500103004,20231026,646,23,23,1,25.06864,121.5107,0
500103004,20231026,647,23,23,1,25.06864,121.5107,0
500103004,20231026,648,23,23,1,25.06864,121.5107,0
500103004,20231026,649,23,23,1,25.06864,121.5107,0
500103004,20231026,650,23,23,1,25.06864,121.5107,0
500103004,20231026,651,23,23,1,25.06864,121.5107,0
500103004,20231026,652,23,23,1,25.06864,121.5107,0
500103004,20231026,653,23,23,1,25.06864,121.5107,0
500103004,20231026,654,23,22,1,25.06864,121.5107,1
500103004,20231026,655,23,22,1,25.06864,121.5107,1
500103004,20231026,656,23,22,1,25.06864,121.5107,1
500103004,20231026,657,23,22,1,25.06864,121.5107,1
500103004,20231026,658,23,22,1,25.06864,121.5107,1
500103004,20231026,659,23,22,1,25.06864,121.5107,1
500103004,20231026,661,23,21,1,25.06864,121.5107,2
500103004,20231026,662,23,21,1,25.06864,121.5107,2
500103004,20231026,663,23,21,1,25.06864,121.5107,2
500103004,20231026,664,23,21,1,25.06864,121.5107,2
500103004,20231026,665,23,21,1,25.06864,121.5107,2
500103004,20231026,666,23,21,1,25.06864,121.5107,2
500103004,20231026,667,23,21,1,25.06864,121.5107,2
500103004,20231026,668,23,21,1,25.06864,121.5107,2
500103004,20231026,669,23,21,1,25.06864,121.5107,2
500103004,20231026,670,23,21,1,25.06864,121.5107,2
500103004,20231026,671,23,21,1,25.06864,121.5107,2
500103004,20231026,672,23,21,1,25.06864,121.5107,2
500103004,20231026,673,23,21,1,25.06864,121.5107,2
500103004,20231026,674,23,21,1,25.06864,121.5107,2
500103004,20231026,675,23,21,1,25.06864,121.5107,2
500103004,20231026,676,23,21,1,25.06864,121.5107,2
500103004,20231026,677,23,21,1,25.06864,121.5107,2
500103004,20231026,678,23,21,1,25.06864,121.5107,2
500103004,20231026,679,23,21,1,25.06864,121.5107,2
500103004,20231026,681,23,21,1,25.06864,121.5107,2
500103004,20231026,682,23,21,1,25.06864,121.5107,2
500103004,20231026,683,23,21,1,25.06864,121.5107,2
500103004,20231026,684,23,21,1,25.06864,121.5107,2
500103004,20231026,685,23,21,1,25.06864,121.5107,2
500103004,20231026,686,23,21,1,25.06864,121.5107,2
500103004,20231026,687,23,21,1,25.06864,121.5107,2
500103004,20231026,688,23,21,1,25.06864,121.5107,2
500103004,20231026,689,23,21,1,25.06864,121.5107,2
500103004,20231026,690,23,21,1,25.06864,121.5107,2
500103004,20231026,691,23,21,1,25.06864,121.5107,2
500103004,20231026,692,23,21,1,25.06864,121.5107,2
500103004,20231026,693,23,21,1,25.06864,121.5107,2
500103004,20231026,694,23,21,1,25.06864,121.5107,2
500103004,20231026,695,23,21,1,25.06864,121.5107,2
500103004,20231026,696,23,21,1,25.06864,121.5107,2
500103004,20231026,697,23,21,1,25.06864,121.5107,2
500103004,20231026,698,23,21,1,25.06864,121.5107,2
500103004,20231026,699,23,21,1,25.06864,121.5107,2
500103004,20231026,700,23,21,1,25.06864,121.5107,2
500103004,20231026,701,23,21,1,25.06864,121.5107,2
500103004,20231026,702,23,21,1,25.06864,121.5107,2
500103004,20231026,703,23,21,1,25.06864,121.5107,2
500103004,20231026,704,23,21,1,25.06864,121.5107,2
500103004,20231026,705,23,21,1,25.06864,121.5107,2
500103004,20231026,706,23,21,1,25.06864,121.5107,2
500103004,20231026,707,23,21,1,25.06864,121.5107,2
500103004,20231026,708,23,20,1,25.06864,121.5107,3
500103004,20231026,709,23,20,1,25.06864,121.5107,3
500103004,20231026,710,23,20,1,25.06864,121.5107,3
500103004,20231026,711,23,20,1,25.06864,121.5107,3
500103004,20231026,712,23,20,1,25.06864,121.5107,3
500103004,20231026,713,23,20,1,25.06864,121.5107,3
500103004,20231026,714,23,20,1,25.06864,121.5107,3
500103004,20231026,715,23,20,1,25.06864,121.5107,3
500103004,20231026,716,23,20,1,25.06864,121.5107,3
500103004,20231026,717,23,20,1,25.06864,121.5107,3
500103004,20231026,718,23,20,1,25.06864,121.5107,3
500103004,20231026,719,23,20,1,25.06864,121.5107,3
500103004,20231026,721,23,20,1,25.06864,121.5107,3
500103004,20231026,722,23,20,1,25.06864,121.5107,3
500103004,20231026,723,23,20,1,25.06864,121.5107,3
500103004,20231026,724,23,20,1,25.06864,121.5107,3
500103004,20231026,725,23,20,1,25.06864,121.5107,3
500103004,20231026,726,23,20,1,25.06864,121.5107,3
500103004,20231026,727,23,20,1,25.06864,121.5107,3
500103004,20231026,728,23,20,1,25.06864,121.5107,3
500103004,20231026,729,23,20,1,25.06864,121.5107,3
500103004,20231026,730,23,20,1,25.06864,121.5107,3
500103004,20231026,731,23,20,1,25.06864,121.5107,3
500103004,20231026,732,23,20,1,25.06864,121.5107,3
500103004,20231026,733,23,20,1,25.06864,121.5107,3
500103004,20231026,734,23,20,1,25.06864,121.5107,3
500103004,20231026,735,23,20,1,25.06864,121.5107,3
500103004,20231026,736,23,20,1,25.06864,121.5107,3
500103004,20231026,737,23,20,1,25.06864,121.5107,3
500103004,20231026,738,23,20,1,25.06864,121.5107,3
500103004,20231026,739,23,20,1,25.06864,121.5107,3
500103004,20231026,741,23,20,1,25.06864,121.5107,3
500103004,20231026,742,23,20,1,25.06864,121.5107,3
500103004,20231026,743,23,20,1,25.06864,121.5107,3
500103004,20231026,744,23,20,1,25.06864,121.5107,3
500103004,20231026,745,23,20,1,25.06864,121.5107,3
500103004,20231026,746,23,20,1,25.06864,121.5107,3
500103004,20231026,747,23,20,1,25.06864,121.5107,3
500103004,20231026,748,23,20,1,25.06864,121.5107,3
500103004,20231026,749,23,20,1,25.06864,121.5107,3
500103004,20231026,751,23,21,1,25.06864,121.5107,2
500103004,20231026,752,23,22,1,25.06864,121.5107,1
500103004,20231026,753,23,22,1,25.06864,121.5107,1
500103004,20231026,754,23,22,1,25.06864,121.5107,1
500103004,20231026,755,23,22,1,25.06864,121.5107,1
500103004,20231026,756,23,22,1,25.06864,121.5107,1
500103004,20231026,757,23,22,1,25.06864,121.5107,1
500103004,20231026,758,23,21,1,25.06864,121.5107,2
500103004,20231026,759,23,21,1,25.06864,121.5107,2
500103004,20231026,760,23,21,1,25.06864,121.5107,2
500103004,20231026,761,23,21,1,25.06864,121.5107,2
500103004,20231026,762,23,21,1,25.06864,121.5107,2
500103004,20231026,763,23,21,1,25.06864,121.5107,2
500103004,20231026,764,23,21,1,25.06864,121.5107,2
500103004,20231026,765,23,21,1,25.06864,121.5107,2
500103004,20231026,766,23,21,1,25.06864,121.5107,2
500103004,20231026,767,23,21,1,25.06864,121.5107,2
500103004,20231026,768,23,21,1,25.06864,121.5107,2
500103004,20231026,769,23,21,1,25.06864,121.5107,2
500103004,20231026,770,23,20,1,25.06864,121.5107,3
500103004,20231026,771,23,19,1,25.06864,121.5107,4
500103004,20231026,772,23,19,1,25.06864,121.5107,4
500103004,20231026,773,23,19,1,25.06864,121.5107,4
500103004,20231026,774,23,19,1,25.06864,121.5107,4
500103004,20231026,775,23,19,1,25.06864,121.5107,4
500103004,20231026,776,23,19,1,25.06864,121.5107,4
500103004,20231026,777,23,19,1,25.06864,121.5107,4
500103004,20231026,778,23,19,1,25.06864,121.5107,4
500103004,20231026,779,23,19,1,25.06864,121.5107,4
500103004,20231026,781,23,19,1,25.06864,121.5107,4
500103004,20231026,782,23,18,1,25.06864,121.5107,5
500103004,20231026,783,23,18,1,25.06864,121.5107,5
500103004,20231026,784,23,18,1,25.06864,121.5107,5
500103004,20231026,785,23,18,1,25.06864,121.5107,5
500103004,20231026,786,23,18,1,25.06864,121.5107,5
500103004,20231026,787,23,18,1,25.06864,121.5107,5
500103004,20231026,788,23,18,1,25.06864,121.5107,5
500103004,20231026,789,23,19,1,25.06864,121.5107,4
500103004,20231026,790,23,19,1,25.06864,121.5107,4
500103004,20231026,791,23,19,1,25.06864,121.5107,4
500103004,20231026,792,23,19,1,25.06864,121.5107,4
500103004,20231026,793,23,18,1,25.06864,121.5107,5
500103004,20231026,794,23,18,1,25.06864,121.5107,5
500103004,20231026,795,23,18,1,25.06864,121.5107,5
500103004,20231026,796,23,18,1,25.06864,121.5107,5
500103004,20231026,797,23,18,1,25.06864,121.5107,5
500103004,20231026,798,23,18,1,25.06864,121.5107,5
500103004,20231026,799,23,18,1,25.06864,121.5107,5
500103004,20231026,801,23,19,1,25.06864,121.5107,4
500103004,20231026,802,23,19,1,25.06864,121.5107,4
500103004,20231026,803,23,19,1,25.06864,121.5107,4
500103004,20231026,804,23,19,1,25.06864,121.5107,4
500103004,20231026,805,23,18,1,25.06864,121.5107,5
500103004,20231026,806,23,18,1,25.06864,121.5107,5
500103004,20231026,807,23,18,1,25.06864,121.5107,5
500103004,20231026,808,23,18,1,25.06864,121.5107,5
500103004,20231026,809,23,17,1,25.06864,121.5107,6
500103004,20231026,811,23,17,1,25.06864,121.5107,6
500103004,20231026,812,23,17,1,25.06864,121.5107,6
500103004,20231026,813,23,17,1,25.06864,121.5107,6
500103004,20231026,814,23,17,1,25.06864,121.5107,6
500103004,20231026,815,23,17,1,25.06864,121.5107,6
500103004,20231026,816,23,17,1,25.06864,121.5107,6
500103004,20231026,817,23,17,1,25.06864,121.5107,6
500103004,20231026,818,23,17,1,25.06864,121.5107,6
500103004,20231026,819,23,17,1,25.06864,121.5107,6
500103004,20231026,820,23,17,1,25.06864,121.5107,6
500103004,20231026,821,23,16,1,25.06864,121.5107,7
500103004,20231026,822,23,16,1,25.06864,121.5107,7
500103004,20231026,823,23,16,1,25.06864,121.5107,7
500103004,20231026,824,23,16,1,25.06864,121.5107,7
500103004,20231026,825,23,16,1,25.06864,121.5107,7
500103004,20231026,826,23,16,1,25.06864,121.5107,7
500103004,20231026,827,23,16,1,25.06864,121.5107,7
500103004,20231026,828,23,16,1,25.06864,121.5107,7
500103004,20231026,829,23,16,1,25.06864,121.5107,7
500103004,20231026,830,23,16,1,25.06864,121.5107,7
500103004,20231026,831,23,16,1,25.06864,121.5107,7
500103004,20231026,832,23,16,1,25.06864,121.5107,7
500103004,20231026,833,23,16,1,25.06864,121.5107,7
500103004,20231026,834,23,16,1,25.06864,121.5107,7
500103004,20231026,835,23,16,1,25.06864,121.5107,7
500103004,20231026,836,23,17,1,25.06864,121.5107,6
500103004,20231026,837,23,17,1,25.06864,121.5107,6
500103004,20231026,838,23,18,1,25.06864,121.5107,5
500103004,20231026,839,23,19,1,25.06864,121.5107,4
500103004,20231026,841,23,19,1,25.06864,121.5107,4
500103004,20231026,842,23,19,1,25.06864,121.5107,4
500103004,20231026,843,23,19,1,25.06864,121.5107,4
500103004,20231026,844,23,20,1,25.06864,121.5107,3
500103004,20231026,845,23,20,1,25.06864,121.5107,3
500103004,20231026,846,23,20,1,25.06864,121.5107,3
500103004,20231026,847,23,20,1,25.06864,121.5107,3
500103004,20231026,848,23,20,1,25.06864,121.5107,3
500103004,20231026,849,23,20,1,25.06864,121.5107,3
500103004,20231026,850,23,20,1,25.06864,121.5107,3
500103004,20231026,851,23,20,1,25.06864,121.5107,3
500103004,20231026,852,23,20,1,25.06864,121.5107,3
500103004,20231026,853,23,20,1,25.06864,121.5107,3
500103004,20231026,854,23,20,1,25.06864,121.5107,3
500103004,20231026,855,23,19,1,25.06864,121.5107,4
500103004,20231026,856,23,19,1,25.06864,121.5107,4
500103004,20231026,857,23,19,1,25.06864,121.5107,4
500103004,20231026,858,23,19,1,25.06864,121.5107,4
500103004,20231026,859,23,19,1,25.06864,121.5107,4
500103004,20231026,861,23,19,1,25.06864,121.5107,4
500103004,20231026,862,23,19,1,25.06864,121.5107,4
500103004,20231026,863,23,19,1,25.06864,121.5107,4
500103004,20231026,864,23,19,1,25.06864,121.5107,4
500103004,20231026,865,23,19,1,25.06864,121.5107,4
500103004,20231026,866,23,19,1,25.06864,121.5107,4
500103004,20231026,867,23,19,1,25.06864,121.5107,4
500103004,20231026,868,23,19,1,25.06864,121.5107,4
500103004,20231026,869,23,19,1,25.06864,121.5107,4
500103004,20231026,870,23,19,1,25.06864,121.5107,4
500103004,20231026,871,23,19,1,25.06864,121.5107,4
500103004,20231026,872,23,20,1,25.06864,121.5107,3
500103004,20231026,873,23,20,1,25.06864,121.5107,3
500103004,20231026,874,23,20,1,25.06864,121.5107,3
500103004,20231026,876,23,20,1,25.06864,121.5107,3
500103004,20231026,877,23,20,1,25.06864,121.5107,3
500103004,20231026,878,23,20,1,25.06864,121.5107,3
500103004,20231026,879,23,19,1,25.06864,121.5107,4
500103004,20231026,880,23,19,1,25.06864,121.5107,4
500103004,20231026,881,23,19,1,25.06864,121.5107,4
500103004,20231026,882,23,19,1,25.06864,121.5107,4
500103004,20231026,883,23,19,1,25.06864,121.5107,4
500103004,20231026,884,23,19,1,25.06864,121.5107,4
500103004,20231026,885,23,20,1,25.06864,121.5107,3
500103004,20231026,886,23,20,1,25.06864,121.5107,3
500103004,20231026,887,23,20,1,25.06864,121.5107,3
500103004,20231026,888,23,21,1,25.06864,121.5107,2
500103004,20231026,889,23,21,1,25.06864,121.5107,2
500103004,20231026,890,23,21,1,25.06864,121.5107,2
500103004,20231026,891,23,21,1,25.06864,121.5107,2
500103004,20231026,892,23,21,1,25.06864,121.5107,2
500103004,20231026,893,23,22,1,25.06864,121.5107,1
500103004,20231026,894,23,22,1,25.06864,121.5107,1
500103004,20231026,895,23,22,1,25.06864,121.5107,1
500103004,20231026,896,23,22,1,25.06864,121.5107,1
500103004,20231026,897,23,22,1,25.06864,121.5107,1
500103004,20231026,898,23,22,1,25.06864,121.5107,1
500103004,20231026,899,23,22,1,25.06864,121.5107,1
500103004,20231026,901,23,22,1,25.06864,121.5107,1
500103004,20231026,902,23,22,1,25.06864,121.5107,1
500103004,20231026,903,23,22,1,25.06864,121.5107,1
500103004,20231026,904,23,21,1,25.06864,121.5107,2
500103004,20231026,905,23,21,1,25.06864,121.5107,2
500103004,20231026,906,23,21,1,25.06864,121.5107,2
500103004,20231026,907,23,21,1,25.06864,121.5107,2
500103004,20231026,908,23,21,1,25.06864,121.5107,2
500103004,20231026,909,23,21,1,25.06864,121.5107,2
500103004,20231026,910,23,22,1,25.06864,121.5107,1
500103004,20231026,911,23,22,1,25.06864,121.5107,1
500103004,20231026,912,23,22,1,25.06864,121.5107,1
500103004,20231026,913,23,22,1,25.06864,121.5107,1
500103004,20231026,914,23,23,1,25.06864,121.5107,0
500103004,20231026,915,23,23,1,25.06864,121.5107,0
500103004,20231026,916,23,23,1,25.06864,121.5107,0
500103004,20231026,917,23,23,1,25.06864,121.5107,0
500103004,20231026,918,23,23,1,25.06864,121.5107,0
500103004,20231026,919,23,23,1,25.06864,121.5107,0
500103004,20231026,921,23,23,1,25.06864,121.5107,0
500103004,20231026,922,23,23,1,25.06864,121.5107,0
500103004,20231026,923,23,23,1,25.06864,121.5107,0
500103004,20231026,924,23,23,1,25.06864,121.5107,0
500103004,20231026,925,23,23,1,25.06864,121.5107,0
500103004,20231026,926,23,23,1,25.06864,121.5107,0
500103004,20231026,927,23,23,1,25.06864,121.5107,0
500103004,20231026,928,23,23,1,25.06864,121.5107,0
500103004,20231026,929,23,23,1,25.06864,121.5107,0
500103004,20231026,931,23,23,1,25.06864,121.5107,0
500103004,20231026,932,23,23,1,25.06864,121.5107,0
500103004,20231026,933,23,23,1,25.06864,121.5107,0
500103004,20231026,934,23,23,1,25.06864,121.5107,0
500103004,20231026,935,23,23,1,25.06864,121.5107,0
500103004,20231026,936,23,23,1,25.06864,121.5107,0
500103004,20231026,937,23,22,1,25.06864,121.5107,1
500103004,20231026,938,23,22,1,25.06864,121.5107,1
500103004,20231026,939,23,22,1,25.06864,121.5107,1
500103004,20231026,940,23,22,1,25.06864,121.5107,1
500103004,20231026,941,23,22,1,25.06864,121.5107,1
500103004,20231026,942,23,22,1,25.06864,121.5107,1
500103004,20231026,943,23,22,1,25.06864,121.5107,1
500103004,20231026,944,23,22,1,25.06864,121.5107,1
500103004,20231026,945,23,22,1,25.06864,121.5107,1
500103004,20231026,946,23,21,1,25.06864,121.5107,2
500103004,20231026,947,23,21,1,25.06864,121.5107,2
500103004,20231026,948,23,22,1,25.06864,121.5107,1
500103004,20231026,949,23,22,1,25.06864,121.5107,1
500103004,20231026,950,23,22,1,25.06864,121.5107,1
500103004,20231026,951,23,22,1,25.06864,121.5107,1
500103004,20231026,952,23,23,1,25.06864,121.5107,0
500103004,20231026,953,23,23,1,25.06864,121.5107,0
500103004,20231026,954,23,23,1,25.06864,121.5107,0
500103004,20231026,955,23,23,1,25.06864,121.5107,0
500103004,20231026,956,23,23,1,25.06864,121.5107,0
500103004,20231026,957,23,22,1,25.06864,121.5107,1
500103004,20231026,958,23,22,1,25.06864,121.5107,1
500103004,20231026,959,23,22,1,25.06864,121.5107,1
500103004,20231026,961,23,22,1,25.06864,121.5107,1
500103004,20231026,962,23,22,1,25.06864,121.5107,1
500103004,20231026,963,23,22,1,25.06864,121.5107,1
500103004,20231026,964,23,22,1,25.06864,121.5107,1
500103004,20231026,965,23,22,1,25.06864,121.5107,1
500103004,20231026,966,23,22,1,25.06864,121.5107,1
500103004,20231026,967,23,22,1,25.06864,121.5107,1
500103004,20231026,968,23,22,1,25.06864,121.5107,1
500103004,20231026,969,23,22,1,25.06864,121.5107,1
500103004,20231026,970,23,22,1,25.06864,121.5107,1
500103004,20231026,971,23,22,1,25.06864,121.5107,1
500103004,20231026,972,23,22,1,25.06864,121.5107,1
500103004,20231026,973,23,22,1,25.06864,121.5107,1
500103004,20231026,974,23,22,1,25.06864,121.5107,1
500103004,20231026,975,23,22,1,25.06864,121.5107,1
500103004,20231026,976,23,22,1,25.06864,121.5107,1
500103004,20231026,977,23,22,1,25.06864,121.5107,1
500103004,20231026,978,23,22,1,25.06864,121.5107,1
500103004,20231026,979,23,22,1,25.06864,121.5107,1
500103004,20231026,981,23,22,1,25.06864,121.5107,1
500103004,20231026,982,23,22,1,25.06864,121.5107,1
500103004,20231026,983,23,22,1,25.06864,121.5107,1
500103004,20231026,984,23,21,1,25.06864,121.5107,2
500103004,20231026,985,23,22,1,25.06864,121.5107,1
500103004,20231026,986,23,22,1,25.06864,121.5107,1
500103004,20231026,987,23,22,1,25.06864,121.5107,1
500103004,20231026,988,23,22,1,25.06864,121.5107,1
500103004,20231026,989,23,23,1,25.06864,121.5107,0
500103004,20231026,991,23,23,1,25.06864,121.5107,0
500103004,20231026,992,23,22,1,25.06864,121.5107,1
500103004,20231026,993,23,22,1,25.06864,121.5107,1
500103004,20231026,994,23,22,1,25.06864,121.5107,1
500103004,20231026,995,23,22,1,25.06864,121.5107,1
500103004,20231026,996,23,22,1,25.06864,121.5107,1
500103004,20231026,997,23,22,1,25.06864,121.5107,1
500103004,20231026,998,23,22,1,25.06864,121.5107,1
500103004,20231026,999,23,22,1,25.06864,121.5107,1
500103004,20231026,1000,23,22,1,25.06864,121.5107,1
500103004,20231026,1001,23,23,1,25.06864,121.5107,0
500103004,20231026,1002,23,22,1,25.06864,121.5107,1
500103004,20231026,1003,23,23,1,25.06864,121.5107,0
500103004,20231026,1004,23,23,1,25.06864,121.5107,0
500103004,20231026,1005,23,23,1,25.06864,121.5107,0
500103004,20231026,1006,23,23,1,25.06864,121.5107,0
500103004,20231026,1007,23,23,1,25.06864,121.5107,0
500103004,20231026,1008,23,23,1,25.06864,121.5107,0
500103004,20231026,1009,23,23,1,25.06864,121.5107,0
500103004,20231026,1010,23,23,1,25.06864,121.5107,0
500103004,20231026,1011,23,23,1,25.06864,121.5107,0
500103004,20231026,1012,23,23,1,25.06864,121.5107,0
500103004,20231026,1013,23,23,1,25.06864,121.5107,0
500103004,20231026,1014,23,22,1,25.06864,121.5107,1
500103004,20231026,1015,23,22,1,25.06864,121.5107,1
500103004,20231026,1016,23,21,1,25.06864,121.5107,2
500103004,20231026,1017,23,22,1,25.06864,121.5107,1
500103004,20231026,1018,23,23,1,25.06864,121.5107,0
500103004,20231026,1019,23,23,1,25.06864,121.5107,0
500103004,20231026,1021,23,22,1,25.06864,121.5107,1
500103004,20231026,1022,23,22,1,25.06864,121.5107,1
500103004,20231026,1023,23,22,1,25.06864,121.5107,1
500103004,20231026,1024,23,23,1,25.06864,121.5107,0
500103004,20231026,1025,23,23,1,25.06864,121.5107,0
500103004,20231026,1026,23,23,1,25.06864,121.5107,0
500103004,20231026,1027,23,23,1,25.06864,121.5107,0
500103004,20231026,1028,23,23,1,25.06864,121.5107,0
500103004,20231026,1029,23,23,1,25.06864,121.5107,0
500103004,20231026,1030,23,22,1,25.06864,121.5107,1
500103004,20231026,1031,23,21,1,25.06864,121.5107,2
500103004,20231026,1032,23,21,1,25.06864,121.5107,2
500103004,20231026,1033,23,21,1,25.06864,121.5107,2
500103004,20231026,1034,23,21,1,25.06864,121.5107,2
500103004,20231026,1035,23,21,1,25.06864,121.5107,2
500103004,20231026,1036,23,21,1,25.06864,121.5107,2
500103004,20231026,1037,23,21,1,25.06864,121.5107,2
500103004,20231026,1038,23,21,1,25.06864,121.5107,2
500103004,20231026,1039,23,21,1,25.06864,121.5107,2
500103004,20231026,1041,23,20,1,25.06864,121.5107,3
500103004,20231026,1042,23,20,1,25.06864,121.5107,3
500103004,20231026,1043,23,20,1,25.06864,121.5107,3
500103004,20231026,1044,23,20,1,25.06864,121.5107,3
500103004,20231026,1045,23,20,1,25.06864,121.5107,3
500103004,20231026,1046,23,20,1,25.06864,121.5107,3
500103004,20231026,1047,23,20,1,25.06864,121.5107,3
500103004,20231026,1048,23,22,1,25.06864,121.5107,1
500103004,20231026,1049,23,22,1,25.06864,121.5107,1
500103004,20231026,1050,23,22,1,25.06864,121.5107,1
500103004,20231026,1051,23,22,1,25.06864,121.5107,1
500103004,20231026,1052,23,20,1,25.06864,121.5107,3
500103004,20231026,1053,23,20,1,25.06864,121.5107,3
500103004,20231026,1054,23,20,1,25.06864,121.5107,3
500103004,20231026,1055,23,19,1,25.06864,121.5107,4
500103004,20231026,1056,23,19,1,25.06864,121.5107,4
500103004,20231026,1057,23,19,1,25.06864,121.5107,4
500103004,20231026,1058,23,19,1,25.06864,121.5107,4
500103004,20231026,1059,23,19,1,25.06864,121.5107,4
500103004,20231026,1061,23,19,1,25.06864,121.5107,4
500103004,20231026,1063,23,17,1,25.06864,121.5107,6
500103004,20231026,1064,23,17,1,25.06864,121.5107,6
500103004,20231026,1065,23,18,1,25.06864,121.5107,5
500103004,20231026,1066,23,17,1,25.06864,121.5107,6
500103004,20231026,1067,23,16,1,25.06864,121.5107,7
500103004,20231026,1068,23,15,1,25.06864,121.5107,8
500103004,20231026,1069,23,15,1,25.06864,121.5107,8
500103004,20231026,1070,23,15,1,25.06864,121.5107,8
500103004,20231026,1071,23,15,1,25.06864,121.5107,8
500103004,20231026,1072,23,14,1,25.06864,121.5107,9
500103004,20231026,1073,23,13,1,25.06864,121.5107,10
500103004,20231026,1074,23,13,1,25.06864,121.5107,10
500103004,20231026,1075,23,13,1,25.06864,121.5107,10
500103004,20231026,1076,23,12,1,25.06864,121.5107,11
500103004,20231026,1077,23,12,1,25.06864,121.5107,11
500103004,20231026,1078,23,12,1,25.06864,121.5107,11
500103004,20231026,1079,23,12,1,25.06864,121.5107,11
500103004,20231026,1081,23,12,1,25.06864,121.5107,11
500103004,20231026,1082,23,11,1,25.06864,121.5107,12
500103004,20231026,1083,23,11,1,25.06864,121.5107,12
500103004,20231026,1084,23,9,1,25.06864,121.5107,14
500103004,20231026,1085,23,9,1,25.06864,121.5107,14
500103004,20231026,1086,23,9,1,25.06864,121.5107,14
500103004,20231026,1087,23,8,1,25.06864,121.5107,15
500103004,20231026,1088,23,6,1,25.06864,121.5107,17
500103004,20231026,1089,23,7,1,25.06864,121.5107,16
500103004,20231026,1090,23,7,1,25.06864,121.5107,16
500103004,20231026,1091,23,7,1,25.06864,121.5107,16
500103004,20231026,1092,23,7,1,25.06864,121.5107,16
500103004,20231026,1093,23,8,1,25.06864,121.5107,15
500103004,20231026,1094,23,8,1,25.06864,121.5107,15
500103004,20231026,1095,23,9,1,25.06864,121.5107,14
500103004,20231026,1096,23,8,1,25.06864,121.5107,15
500103004,20231026,1097,23,8,1,25.06864,121.5107,15
500103004,20231026,1098,23,8,1,25.06864,121.5107,15
500103004,20231026,1099,23,8,1,25.06864,121.5107,15
500103004,20231026,1101,23,8,1,25.06864,121.5107,15
500103004,20231026,1102,23,8,1,25.06864,121.5107,15
500103004,20231026,1103,23,7,1,25.06864,121.5107,16
500103004,20231026,1104,23,6,1,25.06864,121.5107,17
500103004,20231026,1105,23,6,1,25.06864,121.5107,17
500103004,20231026,1106,23,4,1,25.06864,121.5107,19
500103004,20231026,1107,23,3,1,25.06864,121.5107,20
500103004,20231026,1108,23,2,1,25.06864,121.5107,21
500103004,20231026,1109,23,2,1,25.06864,121.5107,21
500103004,20231026,1111,23,3,1,25.06864,121.5107,20
500103004,20231026,1112,23,3,1,25.06864,121.5107,20
500103004,20231026,1113,23,1,1,25.06864,121.5107,22
500103004,20231026,1114,23,1,1,25.06864,121.5107,22
500103004,20231026,1115,23,1,1,25.06864,121.5107,22
500103004,20231026,1116,23,2,1,25.06864,121.5107,21
500103004,20231026,1117,23,2,1,25.06864,121.5107,21
500103004,20231026,1118,23,4,1,25.06864,121.5107,19
500103004,20231026,1119,23,5,1,25.06864,121.5107,18
500103004,20231026,1120,23,8,1,25.06864,121.5107,15
500103004,20231026,1121,23,10,1,25.06864,121.5107,13
500103004,20231026,1122,23,11,1,25.06864,121.5107,12
500103004,20231026,1123,23,12,1,25.06864,121.5107,11
500103004,20231026,1124,23,14,1,25.06864,121.5107,9
500103004,20231026,1125,23,15,1,25.06864,121.5107,8
500103004,20231026,1126,23,17,1,25.06864,121.5107,6
500103004,20231026,1127,23,19,1,25.06864,121.5107,4
500103004,20231026,1128,23,19,1,25.06864,121.5107,4
500103004,20231026,1129,23,19,1,25.06864,121.5107,4
500103004,20231026,1130,23,19,1,25.06864,121.5107,4
500103004,20231026,1131,23,19,1,25.06864,121.5107,4
500103004,20231026,1132,23,18,1,25.06864,121.5107,5
500103004,20231026,1133,23,19,1,25.06864,121.5107,4
500103004,20231026,1134,23,19,1,25.06864,121.5107,4
500103004,20231026,1135,23,19,1,25.06864,121.5107,4
500103004,20231026,1136,23,18,1,25.06864,121.5107,5
500103004,20231026,1137,23,18,1,25.06864,121.5107,5
500103004,20231026,1138,23,17,1,25.06864,121.5107,6
500103004,20231026,1139,23,18,1,25.06864,121.5107,5
500103004,20231026,1141,23,18,1,25.06864,121.5107,5
500103004,20231026,1142,23,18,1,25.06864,121.5107,5
500103004,20231026,1143,23,18,1,25.06864,121.5107,5
500103004,20231026,1144,23,19,1,25.06864,121.5107,4
500103004,20231026,1145,23,19,1,25.06864,121.5107,4
500103004,20231026,1146,23,19,1,25.06864,121.5107,4
500103004,20231026,1147,23,19,1,25.06864,121.5107,4
500103004,20231026,1148,23,18,1,25.06864,121.5107,5
500103004,20231026,1149,23,18,1,25.06864,121.5107,5
500103004,20231026,1150,23,18,1,25.06864,121.5107,5
500103004,20231026,1151,23,18,1,25.06864,121.5107,5
500103004,20231026,1152,23,17,1,25.06864,121.5107,6
500103004,20231026,1153,23,17,1,25.06864,121.5107,6
500103004,20231026,1154,23,17,1,25.06864,121.5107,6
500103004,20231026,1155,23,17,1,25.06864,121.5107,6
500103004,20231026,1156,23,17,1,25.06864,121.5107,6
500103004,20231026,1157,23,17,1,25.06864,121.5107,6
500103004,20231026,1158,23,17,1,25.06864,121.5107,6
500103004,20231026,1159,23,15,1,25.06864,121.5107,8
500103004,20231026,1161,23,13,1,25.06864,121.5107,10
500103004,20231026,1162,23,13,1,25.06864,121.5107,10
500103004,20231026,1163,23,13,1,25.06864,121.5107,10
500103004,20231026,1164,23,13,1,25.06864,121.5107,10
500103004,20231026,1165,23,13,1,25.06864,121.5107,10
500103004,20231026,1166,23,13,1,25.06864,121.5107,10
500103004,20231026,1167,23,13,1,25.06864,121.5107,10
500103004,20231026,1168,23,13,1,25.06864,121.5107,10
500103004,20231026,1169,23,14,1,25.06864,121.5107,9
500103004,20231026,1171,23,14,1,25.06864,121.5107,9
500103004,20231026,1172,23,14,1,25.06864,121.5107,9
500103004,20231026,1173,23,14,1,25.06864,121.5107,9
500103004,20231026,1174,23,14,1,25.06864,121.5107,9
500103004,20231026,1175,23,14,1,25.06864,121.5107,9
500103004,20231026,1176,23,12,1,25.06864,121.5107,11
500103004,20231026,1177,23,12,1,25.06864,121.5107,11
500103004,20231026,1178,23,12,1,25.06864,121.5107,11
500103004,20231026,1179,23,12,1,25.06864,121.5107,11
500103004,20231026,1180,23,12,1,25.06864,121.5107,11
500103004,20231026,1181,23,11,1,25.06864,121.5107,12
500103004,20231026,1183,23,9,1,25.06864,121.5107,14
500103004,20231026,1184,23,11,1,25.06864,121.5107,12
500103004,20231026,1185,23,11,1,25.06864,121.5107,12
500103004,20231026,1186,23,12,1,25.06864,121.5107,11
500103004,20231026,1187,23,11,1,25.06864,121.5107,12
500103004,20231026,1188,23,10,1,25.06864,121.5107,13
500103004,20231026,1189,23,9,1,25.06864,121.5107,14
500103004,20231026,1190,23,9,1,25.06864,121.5107,14
500103004,20231026,1191,23,9,1,25.06864,121.5107,14
500103004,20231026,1193,23,9,1,25.06864,121.5107,14
500103004,20231026,1194,23,9,1,25.06864,121.5107,14
500103004,20231026,1195,23,9,1,25.06864,121.5107,14
500103004,20231026,1196,23,9,1,25.06864,121.5107,14
500103004,20231026,1197,23,9,1,25.06864,121.5107,14
500103004,20231026,1198,23,9,1,25.06864,121.5107,14
500103004,20231026,1199,23,8,1,25.06864,121.5107,15
500103004,20231026,1201,23,7,1,25.06864,121.5107,16
500103004,20231026,1202,23,7,1,25.06864,121.5107,16
500103004,20231026,1203,23,6,1,25.06864,121.5107,17
500103004,20231026,1205,23,5,1,25.06864,121.5107,18
500103004,20231026,1206,23,5,1,25.06864,121.5107,18
500103004,20231026,1207,23,5,1,25.06864,121.5107,18
500103004,20231026,1208,23,5,1,25.06864,121.5107,18
500103004,20231026,1209,23,7,1,25.06864,121.5107,16
500103004,20231026,1210,23,7,1,25.06864,121.5107,16
500103004,20231026,1211,23,7,1,25.06864,121.5107,16
500103004,20231026,1212,23,5,1,25.06864,121.5107,18
500103004,20231026,1213,23,6,1,25.06864,121.5107,17
500103004,20231026,1214,23,6,1,25.06864,121.5107,17
500103004,20231026,1215,23,6,1,25.06864,121.5107,17
500103004,20231026,1216,23,5,1,25.06864,121.5107,18
500103004,20231026,1217,23,4,1,25.06864,121.5107,19
500103004,20231026,1218,23,4,1,25.06864,121.5107,19
500103004,20231026,1219,23,4,1,25.06864,121.5107,19
500103004,20231026,1221,23,4,1,25.06864,121.5107,19
500103004,20231026,1222,23,4,1,25.06864,121.5107,19
500103004,20231026,1223,23,4,1,25.06864,121.5107,19
500103004,20231026,1224,23,5,1,25.06864,121.5107,18
500103004,20231026,1225,23,5,1,25.06864,121.5107,18
500103004,20231026,1226,23,5,1,25.06864,121.5107,18
500103004,20231026,1227,23,4,1,25.06864,121.5107,19
500103004,20231026,1228,23,4,1,25.06864,121.5107,19
500103004,20231026,1229,23,4,1,25.06864,121.5107,19
500103004,20231026,1231,23,10,1,25.06864,121.5107,13
500103004,20231026,1232,23,12,1,25.06864,121.5107,11
500103004,20231026,1233,23,16,1,25.06864,121.5107,7
500103004,20231026,1234,23,16,1,25.06864,121.5107,7
500103004,20231026,1235,23,16,1,25.06864,121.5107,7
500103004,20231026,1236,23,17,1,25.06864,121.5107,6
500103004,20231026,1237,23,17,1,25.06864,121.5107,6
500103004,20231026,1238,23,17,1,25.06864,121.5107,6
500103004,20231026,1239,23,17,1,25.06864,121.5107,6
500103004,20231026,1240,23,18,1,25.06864,121.5107,5
500103004,20231026,1241,23,17,1,25.06864,121.5107,6
500103004,20231026,1242,23,16,1,25.06864,121.5107,7
500103004,20231026,1243,23,16,1,25.06864,121.5107,7
500103004,20231026,1244,23,15,1,25.06864,121.5107,8
500103004,20231026,1245,23,15,1,25.06864,121.5107,8
500103004,20231026,1246,23,15,1,25.06864,121.5107,8
500103004,20231026,1247,23,17,1,25.06864,121.5107,6
500103004,20231026,1248,23,17,1,25.06864,121.5107,6
500103004,20231026,1249,23,17,1,25.06864,121.5107,6
500103004,20231026,1250,23,17,1,25.06864,121.5107,6
500103004,20231026,1251,23,17,1,25.06864,121.5107,6
500103004,20231026,1252,23,17,1,25.06864,121.5107,6
500103004,20231026,1253,23,17,1,25.06864,121.5107,6
500103004,20231026,1254,23,17,1,25.06864,121.5107,6
500103004,20231026,1255,23,17,1,25.06864,121.5107,6
500103004,20231026,1256,23,17,1,25.06864,121.5107,6
500103004,20231026,1257,23,17,1,25.06864,121.5107,6
500103004,20231026,1258,23,16,1,25.06864,121.5107,7
500103004,20231026,1259,23,16,1,25.06864,121.5107,7
500103004,20231026,1261,23,16,1,25.06864,121.5107,7
500103004,20231026,1262,23,16,1,25.06864,121.5107,7
500103004,20231026,1263,23,16,1,25.06864,121.5107,7
500103004,20231026,1264,23,15,1,25.06864,121.5107,8
500103004,20231026,1265,23,14,1,25.06864,121.5107,9
500103004,20231026,1266,23,14,1,25.06864,121.5107,9
500103004,20231026,1267,23,13,1,25.06864,121.5107,10
500103004,20231026,1268,23,13,1,25.06864,121.5107,10
500103004,20231026,1269,23,12,1,25.06864,121.5107,11
500103004,20231026,1270,23,12,1,25.06864,121.5107,11
500103004,20231026,1271,23,12,1,25.06864,121.5107,11
500103004,20231026,1272,23,12,1,25.06864,121.5107,11
500103004,20231026,1273,23,12,1,25.06864,121.5107,11
500103004,20231026,1274,23,13,1,25.06864,121.5107,10
500103004,20231026,1275,23,13,1,25.06864,121.5107,10
500103004,20231026,1276,23,12,1,25.06864,121.5107,11
500103004,20231026,1277,23,12,1,25.06864,121.5107,11
500103004,20231026,1278,23,12,1,25.06864,121.5107,11
500103004,20231026,1279,23,12,1,25.06864,121.5107,11
500103004,20231026,1281,23,11,1,25.06864,121.5107,12
500103004,20231026,1282,23,10,1,25.06864,121.5107,13
500103004,20231026,1283,23,9,1,25.06864,121.5107,14
500103004,20231026,1284,23,8,1,25.06864,121.5107,15
500103004,20231026,1285,23,8,1,25.06864,121.5107,15
500103004,20231026,1286,23,8,1,25.06864,121.5107,15
500103004,20231026,1287,23,7,1,25.06864,121.5107,16
500103004,20231026,1288,23,7,1,25.06864,121.5107,16
500103004,20231026,1289,23,6,1,25.06864,121.5107,17
500103004,20231026,1291,23,5,1,25.06864,121.5107,18
500103004,20231026,1292,23,4,1,25.06864,121.5107,19
500103004,20231026,1293,23,3,1,25.06864,121.5107,20
500103004,20231026,1294,23,2,1,25.06864,121.5107,21
500103004,20231026,1295,23,1,1,25.06864,121.5107,22
500103004,20231026,1296,23,1,1,25.06864,121.5107,22
500103004,20231026,1297,23,1,1,25.06864,121.5107,22
500103004,20231026,1298,23,1,1,25.06864,121.5107,22
500103004,20231026,1299,23,1,1,25.06864,121.5107,22
500103004,20231026,1300,23,1,1,25.06864,121.5107,22
500103004,20231026,1301,23,0,1,25.06864,121.5107,23
500103004,20231026,1302,23,1,1,25.06864,121.5107,22
500103004,20231026,1303,23,1,1,25.06864,121.5107,22
500103004,20231026,1304,23,1,1,25.06864,121.5107,22
500103004,20231026,1305,23,1,1,25.06864,121.5107,22
500103004,20231026,1306,23,0,1,25.06864,121.5107,23
500103004,20231026,1307,23,0,1,25.06864,121.5107,23
500103004,20231026,1308,23,0,1,25.06864,121.5107,23
500103004,20231026,1309,23,0,1,25.06864,121.5107,23
500103004,20231026,1310,23,0,1,25.06864,121.5107,23
500103004,20231026,1311,23,0,1,25.06864,121.5107,23
500103004,20231026,1312,23,1,1,25.06864,121.5107,22
500103004,20231026,1313,23,1,1,25.06864,121.5107,22
500103004,20231026,1314,23,1,1,25.06864,121.5107,22
500103004,20231026,1315,23,1,1,25.06864,121.5107,22
500103004,20231026,1316,23,1,1,25.06864,121.5107,22
500103004,20231026,1317,23,0,1,25.06864,121.5107,23
500103004,20231026,1318,23,0,1,25.06864,121.5107,23
500103004,20231026,1319,23,0,1,25.06864,121.5107,23
500103004,20231026,1321,23,0,1,25.06864,121.5107,23
500103004,20231026,1322,23,0,1,25.06864,121.5107,23
500103004,20231026,1323,23,0,1,25.06864,121.5107,23
500103004,20231026,1324,23,0,1,25.06864,121.5107,23
500103004,20231026,1325,23,0,1,25.06864,121.5107,23
500103004,20231026,1326,23,0,1,25.06864,121.5107,23
500103004,20231026,1327,23,0,1,25.06864,121.5107,23
500103004,20231026,1328,23,1,1,25.06864,121.5107,22
500103004,20231026,1329,23,1,1,25.06864,121.5107,22
500103004,20231026,1330,23,1,1,25.06864,121.5107,22
500103004,20231026,1331,23,0,1,25.06864,121.5107,23
500103004,20231026,1332,23,0,1,25.06864,121.5107,23
500103004,20231026,1333,23,0,1,25.06864,121.5107,23
500103004,20231026,1334,23,0,1,25.06864,121.5107,23
500103004,20231026,1335,23,1,1,25.06864,121.5107,22
500103004,20231026,1336,23,1,1,25.06864,121.5107,22
500103004,20231026,1337,23,1,1,25.06864,121.5107,22
500103004,20231026,1338,23,1,1,25.06864,121.5107,22
500103004,20231026,1339,23,1,1,25.06864,121.5107,22
500103004,20231026,1341,23,0,1,25.06864,121.5107,23
500103004,20231026,1342,23,0,1,25.06864,121.5107,23
500103004,20231026,1343,23,0,1,25.06864,121.5107,23
500103004,20231026,1344,23,0,1,25.06864,121.5107,23
500103004,20231026,1345,23,0,1,25.06864,121.5107,23
500103004,20231026,1346,23,0,1,25.06864,121.5107,23
500103004,20231026,1347,23,0,1,25.06864,121.5107,23
500103004,20231026,1348,23,0,1,25.06864,121.5107,23
500103004,20231026,1349,23,0,1,25.06864,121.5107,23
500103004,20231026,1350,23,0,1,25.06864,121.5107,23
500103004,20231026,1351,23,0,1,25.06864,121.5107,23
500103004,20231026,1352,23,0,1,25.06864,121.5107,23
500103004,20231026,1353,23,0,1,25.06864,121.5107,23
500103004,20231026,1354,23,0,1,25.06864,121.5107,23
500103004,20231026,1355,23,0,1,25.06864,121.5107,23
500103004,20231026,1356,23,0,1,25.06864,121.5107,23
500103004,20231026,1357,23,0,1,25.06864,121.5107,23
500103004,20231026,1358,23,0,1,25.06864,121.5107,23
500103004,20231026,1359,23,0,1,25.06864,121.5107,23
500103004,20231026,1360,23,0,1,25.06864,121.5107,23
500103004,20231026,1361,23,0,1,25.06864,121.5107,23
500103004,20231026,1362,23,0,1,25.06864,121.5107,23
500103004,20231026,1363,23,0,1,25.06864,121.5107,23
500103004,20231026,1364,23,0,1,25.06864,121.5107,23
500103004,20231026,1365,23,0,1,25.06864,121.5107,23
500103004,20231026,1366,23,0,1,25.06864,121.5107,23
500103004,20231026,1367,23,1,1,25.06864,121.5107,22
500103004,20231026,1368,23,2,1,25.06864,121.5107,21
500103004,20231026,1369,23,3,1,25.06864,121.5107,20
500103004,20231026,1370,23,5,1,25.06864,121.5107,18
500103004,20231026,1371,23,4,1,25.06864,121.5107,19
500103004,20231026,1372,23,4,1,25.06864,121.5107,19
500103004,20231026,1373,23,5,1,25.06864,121.5107,18
500103004,20231026,1374,23,5,1,25.06864,121.5107,18
500103004,20231026,1375,23,5,1,25.06864,121.5107,18
500103004,20231026,1376,23,8,1,25.06864,121.5107,15
500103004,20231026,1377,23,10,1,25.06864,121.5107,13
500103004,20231026,1378,23,12,1,25.06864,121.5107,11
500103004,20231026,1379,23,12,1,25.06864,121.5107,11
500103004,20231026,1381,23,12,1,25.06864,121.5107,11
500103004,20231026,1382,23,12,1,25.06864,121.5107,11
500103004,20231026,1383,23,12,1,25.06864,121.5107,11
500103004,20231026,1384,23,12,1,25.06864,121.5107,11
500103004,20231026,1385,23,12,1,25.06864,121.5107,11
500103004,20231026,1386,23,12,1,25.06864,121.5107,11
500103004,20231026,1387,23,12,1,25.06864,121.5107,11
500103004,20231026,1388,23,12,1,25.06864,121.5107,11
500103004,20231026,1389,23,12,1,25.06864,121.5107,11
500103004,20231026,1390,23,11,1,25.06864,121.5107,12
500103004,20231026,1391,23,11,1,25.06864,121.5107,12
500103004,20231026,1392,23,11,1,25.06864,121.5107,12
500103004,20231026,1393,23,11,1,25.06864,121.5107,12
500103004,20231026,1394,23,11,1,25.06864,121.5107,12
500103004,20231026,1395,23,11,1,25.06864,121.5107,12
500103004,20231026,1396,23,11,1,25.06864,121.5107,12
500103004,20231026,1397,23,11,1,25.06864,121.5107,12
500103004,20231026,1398,23,11,1,25.06864,121.5107,12
500103004,20231026,1399,23,11,1,25.06864,121.5107,12
500103004,20231026,1401,23,11,1,25.06864,121.5107,12
500103004,20231026,1402,23,11,1,25.06864,121.5107,12
500103004,20231026,1403,23,11,1,25.06864,121.5107,12
500103004,20231026,1404,23,11,1,25.06864,121.5107,12
500103004,20231026,1405,23,11,1,25.06864,121.5107,12
500103004,20231026,1406,23,10,1,25.06864,121.5107,13
500103004,20231026,1407,23,10,1,25.06864,121.5107,13
500103004,20231026,1408,23,10,1,25.06864,121.5107,13
500103004,20231026,1409,23,10,1,25.06864,121.5107,13
500103004,20231026,1410,23,10,1,25.06864,121.5107,13
500103004,20231026,1411,23,10,1,25.06864,121.5107,13
500103004,20231026,1412,23,10,1,25.06864,121.5107,13
500103004,20231026,1413,23,10,1,25.06864,121.5107,13
500103004,20231026,1414,23,10,1,25.06864,121.5107,13
500103004,20231026,1415,23,10,1,25.06864,121.5107,13
500103004,20231026,1416,23,10,1,25.06864,121.5107,13
500103004,20231026,1417,23,10,1,25.06864,121.5107,13
500103004,20231026,1418,23,11,1,25.06864,121.5107,12
500103004,20231026,1419,23,11,1,25.06864,121.5107,12
500103004,20231026,1420,23,11,1,25.06864,121.5107,12
500103004,20231026,1421,23,11,1,25.06864,121.5107,12
500103004,20231026,1422,23,11,1,25.06864,121.5107,12
500103004,20231026,1423,23,11,1,25.06864,121.5107,12
500103004,20231026,1424,23,11,1,25.06864,121.5107,12
500103004,20231026,1425,23,10,1,25.06864,121.5107,13
500103004,20231026,1426,23,10,1,25.06864,121.5107,13
500103004,20231026,1427,23,10,1,25.06864,121.5107,13
500103004,20231026,1428,23,10,1,25.06864,121.5107,13
500103004,20231026,1429,23,9,1,25.06864,121.5107,14
500103004,20231026,1430,23,9,1,25.06864,121.5107,14
500103004,20231026,1431,23,9,1,25.06864,121.5107,14
500103004,20231026,1432,23,9,1,25.06864,121.5107,14
500103004,20231026,1433,23,9,1,25.06864,121.5107,14
500103004,20231026,1434,23,9,1,25.06864,121.5107,14
500103004,20231026,1435,23,9,1,25.06864,121.5107,14
500103004,20231026,1436,23,9,1,25.06864,121.5107,14
500103004,20231026,1437,23,9,1,25.06864,121.5107,14
500103004,20231026,1438,23,9,1,25.06864,121.5107,14
500103004,20231026,1439,23,9,1,25.06864,121.5107,14
500103004,20231027,1,23,9,1,25.06864,121.5107,14
500103004,20231027,2,23,9,1,25.06864,121.5107,14
500103004,20231027,3,23,9,1,25.06864,121.5107,14
500103004,20231027,4,23,9,1,25.06864,121.5107,14
500103004,20231027,5,23,9,1,25.06864,121.5107,14
500103004,20231027,6,23,9,1,25.06864,121.5107,14
500103004,20231027,7,23,9,1,25.06864,121.5107,14
500103004,20231027,8,23,9,1,25.06864,121.5107,14
500103004,20231027,9,23,9,1,25.06864,121.5107,14
500103004,20231027,10,23,9,1,25.06864,121.5107,14
500103004,20231027,11,23,9,1,25.06864,121.5107,14
500103004,20231027,12,23,9,1,25.06864,121.5107,14
500103004,20231027,13,23,9,1,25.06864,121.5107,14
500103004,20231027,14,23,8,1,25.06864,121.5107,15
500103004,20231027,15,23,8,1,25.06864,121.5107,15
500103004,20231027,16,23,8,1,25.06864,121.5107,15
500103004,20231027,17,23,8,1,25.06864,121.5107,15
500103004,20231027,18,23,8,1,25.06864,121.5107,15
500103004,20231027,19,23,8,1,25.06864,121.5107,15
500103004,20231027,21,23,8,1,25.06864,121.5107,15
500103004,20231027,22,23,8,1,25.06864,121.5107,15
500103004,20231027,23,23,8,1,25.06864,121.5107,15
500103004,20231027,24,23,8,1,25.06864,121.5107,15
500103004,20231027,25,23,8,1,25.06864,121.5107,15
500103004,20231027,26,23,8,1,25.06864,121.5107,15
500103004,20231027,27,23,8,1,25.06864,121.5107,15
500103004,20231027,28,23,8,1,25.06864,121.5107,15
500103004,20231027,29,23,8,1,25.06864,121.5107,15
500103004,20231027,30,23,8,1,25.06864,121.5107,15
500103004,20231027,31,23,8,1,25.06864,121.5107,15
500103004,20231027,32,23,8,1,25.06864,121.5107,15
500103004,20231027,33,23,8,1,25.06864,121.5107,15
500103004,20231027,35,23,7,1,25.06864,121.5107,16
500103004,20231027,36,23,7,1,25.06864,121.5107,16
500103004,20231027,37,23,7,1,25.06864,121.5107,16
500103004,20231027,38,23,7,1,25.06864,121.5107,16
500103004,20231027,39,23,7,1,25.06864,121.5107,16
500103004,20231027,40,23,7,1,25.06864,121.5107,16
500103004,20231027,41,23,7,1,25.06864,121.5107,16
500103004,20231027,42,23,7,1,25.06864,121.5107,16
500103004,20231027,43,23,7,1,25.06864,121.5107,16
500103004,20231027,44,23,7,1,25.06864,121.5107,16
500103004,20231027,45,23,7,1,25.06864,121.5107,16
500103004,20231027,46,23,7,1,25.06864,121.5107,16
500103004,20231027,47,23,6,1,25.06864,121.5107,17
500103004,20231027,48,23,6,1,25.06864,121.5107,17
500103004,20231027,49,23,6,1,25.06864,121.5107,17
500103004,20231027,50,23,6,1,25.06864,121.5107,17
500103004,20231027,51,23,6,1,25.06864,121.5107,17
500103004,20231027,52,23,6,1,25.06864,121.5107,17
500103004,20231027,53,23,6,1,25.06864,121.5107,17
500103004,20231027,54,23,6,1,25.06864,121.5107,17
500103004,20231027,55,23,6,1,25.06864,121.5107,17
500103004,20231027,56,23,6,1,25.06864,121.5107,17
500103004,20231027,57,23,6,1,25.06864,121.5107,17
500103004,20231027,58,23,6,1,25.06864,121.5107,17
500103004,20231027,59,23,6,1,25.06864,121.5107,17
500103004,20231027,60,23,6,1,25.06864,121.5107,17
500103004,20231027,61,23,6,1,25.06864,121.5107,17
500103004,20231027,62,23,6,1,25.06864,121.5107,17
500103004,20231027,63,23,6,1,25.06864,121.5107,17
500103004,20231027,64,23,6,1,25.06864,121.5107,17
500103004,20231027,65,23,6,1,25.06864,121.5107,17
500103004,20231027,67,23,6,1,25.06864,121.5107,17
500103004,20231027,68,23,6,1,25.06864,121.5107,17
500103004,20231027,69,23,6,1,25.06864,121.5107,17
500103004,20231027,70,23,6,1,25.06864,121.5107,17
500103004,20231027,71,23,6,1,25.06864,121.5107,17
500103004,20231027,72,23,6,1,25.06864,121.5107,17
500103004,20231027,73,23,6,1,25.06864,121.5107,17
500103004,20231027,74,23,6,1,25.06864,121.5107,17
500103004,20231027,75,23,6,1,25.06864,121.5107,17
500103004,20231027,76,23,6,1,25.06864,121.5107,17
500103004,20231027,77,23,6,1,25.06864,121.5107,17
500103004,20231027,78,23,6,1,25.06864,121.5107,17
500103004,20231027,79,23,6,1,25.06864,121.5107,17
500103004,20231027,82,23,6,1,25.06864,121.5107,17
500103004,20231027,83,23,6,1,25.06864,121.5107,17
500103004,20231027,84,23,6,1,25.06864,121.5107,17
500103004,20231027,85,23,6,1,25.06864,121.5107,17
500103004,20231027,86,23,6,1,25.06864,121.5107,17
500103004,20231027,87,23,1,1,25.06864,121.5107,22
500103004,20231027,88,23,1,1,25.06864,121.5107,22
500103004,20231027,89,23,1,1,25.06864,121.5107,22
500103004,20231027,91,23,1,1,25.06864,121.5107,22
500103004,20231027,92,23,1,1,25.06864,121.5107,22
500103004,20231027,93,23,1,1,25.06864,121.5107,22
500103004,20231027,94,23,1,1,25.06864,121.5107,22
500103004,20231027,95,23,1,1,25.06864,121.5107,22
500103004,20231027,96,23,1,1,25.06864,121.5107,22
500103004,20231027,97,23,1,1,25.06864,121.5107,22
500103004,20231027,98,23,1,1,25.06864,121.5107,22
500103004,20231027,99,23,1,1,25.06864,121.5107,22
500103004,20231027,100,23,1,1,25.06864,121.5107,22
500103004,20231027,101,23,1,1,25.06864,121.5107,22
500103004,20231027,102,23,1,1,25.06864,121.5107,22
500103004,20231027,103,23,1,1,25.06864,121.5107,22
500103004,20231027,104,23,1,1,25.06864,121.5107,22
500103004,20231027,105,23,1,1,25.06864,121.5107,22
500103004,20231027,106,23,1,1,25.06864,121.5107,22
500103004,20231027,107,23,1,1,25.06864,121.5107,22
500103004,20231027,108,23,1,1,25.06864,121.5107,22
500103004,20231027,109,23,1,1,25.06864,121.5107,22
500103004,20231027,110,23,1,1,25.06864,121.5107,22
500103004,20231027,111,23,1,1,25.06864,121.5107,22
500103004,20231027,112,23,1,1,25.06864,121.5107,22
500103004,20231027,113,23,1,1,25.06864,121.5107,22
500103004,20231027,114,23,1,1,25.06864,121.5107,22
500103004,20231027,115,23,1,1,25.06864,121.5107,22
500103004,20231027,116,23,1,1,25.06864,121.5107,22
500103004,20231027,117,23,1,1,25.06864,121.5107,22
500103004,20231027,118,23,1,1,25.06864,121.5107,22
500103004,20231027,119,23,1,1,25.06864,121.5107,22
500103004,20231027,121,23,1,1,25.06864,121.5107,22
500103004,20231027,122,23,1,1,25.06864,121.5107,22
500103004,20231027,123,23,1,1,25.06864,121.5107,22
500103004,20231027,124,23,1,1,25.06864,121.5107,22
500103004,20231027,125,23,1,1,25.06864,121.5107,22
500103004,20231027,126,23,1,1,25.06864,121.5107,22
500103004,20231027,127,23,1,1,25.06864,121.5107,22
500103004,20231027,128,23,1,1,25.06864,121.5107,22
500103004,20231027,129,23,1,1,25.06864,121.5107,22
500103004,20231027,130,23,1,1,25.06864,121.5107,22
500103004,20231027,131,23,1,1,25.06864,121.5107,22
500103004,20231027,132,23,1,1,25.06864,121.5107,22
500103004,20231027,133,23,1,1,25.06864,121.5107,22
500103004,20231027,134,23,1,1,25.06864,121.5107,22
500103004,20231027,135,23,1,1,25.06864,121.5107,22
500103004,20231027,136,23,1,1,25.06864,121.5107,22
500103004,20231027,137,23,1,1,25.06864,121.5107,22
500103004,20231027,138,23,1,1,25.06864,121.5107,22
500103004,20231027,139,23,1,1,25.06864,121.5107,22
500103004,20231027,141,23,1,1,25.06864,121.5107,22
500103004,20231027,142,23,1,1,25.06864,121.5107,22
500103004,20231027,143,23,1,1,25.06864,121.5107,22
500103004,20231027,144,23,1,1,25.06864,121.5107,22
500103004,20231027,145,23,1,1,25.06864,121.5107,22
500103004,20231027,146,23,1,1,25.06864,121.5107,22
500103004,20231027,147,23,1,1,25.06864,121.5107,22
500103004,20231027,148,23,1,1,25.06864,121.5107,22
500103004,20231027,149,23,1,1,25.06864,121.5107,22
500103004,20231027,150,23,1,1,25.06864,121.5107,22
500103004,20231027,151,23,1,1,25.06864,121.5107,22
500103004,20231027,152,23,1,1,25.06864,121.5107,22
500103004,20231027,153,23,1,1,25.06864,121.5107,22
500103004,20231027,154,23,1,1,25.06864,121.5107,22
500103004,20231027,155,23,1,1,25.06864,121.5107,22
500103004,20231027,156,23,1,1,25.06864,121.5107,22
500103004,20231027,157,23,1,1,25.06864,121.5107,22
500103004,20231027,158,23,1,1,25.06864,121.5107,22
500103004,20231027,159,23,1,1,25.06864,121.5107,22
500103004,20231027,160,23,1,1,25.06864,121.5107,22
500103004,20231027,161,23,1,1,25.06864,121.5107,22
500103004,20231027,162,23,1,1,25.06864,121.5107,22
500103004,20231027,163,23,1,1,25.06864,121.5107,22
500103004,20231027,164,23,1,1,25.06864,121.5107,22
500103004,20231027,165,23,1,1,25.06864,121.5107,22
500103004,20231027,166,23,1,1,25.06864,121.5107,22
500103004,20231027,167,23,1,1,25.06864,121.5107,22
500103004,20231027,168,23,1,1,25.06864,121.5107,22
500103004,20231027,169,23,1,1,25.06864,121.5107,22
500103004,20231027,170,23,1,1,25.06864,121.5107,22
500103004,20231027,171,23,1,1,25.06864,121.5107,22
500103004,20231027,172,23,1,1,25.06864,121.5107,22
500103004,20231027,173,23,1,1,25.06864,121.5107,22
500103004,20231027,174,23,1,1,25.06864,121.5107,22
500103004,20231027,175,23,1,1,25.06864,121.5107,22
500103004,20231027,176,23,1,1,25.06864,121.5107,22
500103004,20231027,177,23,1,1,25.06864,121.5107,22
500103004,20231027,178,23,1,1,25.06864,121.5107,22
500103004,20231027,179,23,1,1,25.06864,121.5107,22
500103004,20231027,180,23,1,1,25.06864,121.5107,22
500103004,20231027,181,23,1,1,25.06864,121.5107,22
500103004,20231027,182,23,1,1,25.06864,121.5107,22
500103004,20231027,183,23,1,1,25.06864,121.5107,22
500103004,20231027,184,23,1,1,25.06864,121.5107,22
500103004,20231027,185,23,1,1,25.06864,121.5107,22
500103004,20231027,186,23,1,1,25.06864,121.5107,22
500103004,20231027,187,23,1,1,25.06864,121.5107,22
500103004,20231027,188,23,1,1,25.06864,121.5107,22
500103004,20231027,189,23,1,1,25.06864,121.5107,22
500103004,20231027,190,23,1,1,25.06864,121.5107,22
500103004,20231027,191,23,1,1,25.06864,121.5107,22
500103004,20231027,192,23,1,1,25.06864,121.5107,22
500103004,20231027,193,23,1,1,25.06864,121.5107,22
500103004,20231027,194,23,1,1,25.06864,121.5107,22
500103004,20231027,195,23,1,1,25.06864,121.5107,22
500103004,20231027,196,23,1,1,25.06864,121.5107,22
500103004,20231027,197,23,1,1,25.06864,121.5107,22
500103004,20231027,198,23,1,1,25.06864,121.5107,22
500103004,20231027,199,23,1,1,25.06864,121.5107,22
500103004,20231027,201,23,1,1,25.06864,121.5107,22
500103004,20231027,202,23,1,1,25.06864,121.5107,22
500103004,20231027,203,23,1,1,25.06864,121.5107,22
500103004,20231027,204,23,1,1,25.06864,121.5107,22
500103004,20231027,205,23,1,1,25.06864,121.5107,22
500103004,20231027,206,23,1,1,25.06864,121.5107,22
500103004,20231027,207,23,1,1,25.06864,121.5107,22
500103004,20231027,208,23,1,1,25.06864,121.5107,22
500103004,20231027,209,23,1,1,25.06864,121.5107,22
500103004,20231027,210,23,1,1,25.06864,121.5107,22
500103004,20231027,211,23,1,1,25.06864,121.5107,22
500103004,20231027,212,23,1,1,25.06864,121.5107,22
500103004,20231027,213,23,1,1,25.06864,121.5107,22
500103004,20231027,214,23,1,1,25.06864,121.5107,22
500103004,20231027,215,23,1,1,25.06864,121.5107,22
500103004,20231027,216,23,1,1,25.06864,121.5107,22
500103004,20231027,217,23,1,1,25.06864,121.5107,22
500103004,20231027,218,23,1,1,25.06864,121.5107,22
500103004,20231027,219,23,1,1,25.06864,121.5107,22
500103004,20231027,220,23,1,1,25.06864,121.5107,22
500103004,20231027,221,23,1,1,25.06864,121.5107,22
500103004,20231027,222,23,1,1,25.06864,121.5107,22
500103004,20231027,223,23,1,1,25.06864,121.5107,22
500103004,20231027,224,23,1,1,25.06864,121.5107,22
500103004,20231027,225,23,1,1,25.06864,121.5107,22
500103004,20231027,226,23,1,1,25.06864,121.5107,22
500103004,20231027,227,23,1,1,25.06864,121.5107,22
500103004,20231027,228,23,1,1,25.06864,121.5107,22
500103004,20231027,229,23,1,1,25.06864,121.5107,22
500103004,20231027,230,23,1,1,25.06864,121.5107,22
500103004,20231027,231,23,1,1,25.06864,121.5107,22
500103004,20231027,232,23,1,1,25.06864,121.5107,22
500103004,20231027,233,23,1,1,25.06864,121.5107,22
500103004,20231027,234,23,1,1,25.06864,121.5107,22
500103004,20231027,235,23,1,1,25.06864,121.5107,22
500103004,20231027,236,23,0,1,25.06864,121.5107,23
500103004,20231027,237,23,0,1,25.06864,121.5107,23
500103004,20231027,238,23,0,1,25.06864,121.5107,23
500103004,20231027,239,23,0,1,25.06864,121.5107,23
500103004,20231027,240,23,0,1,25.06864,121.5107,23
500103004,20231027,241,23,0,1,25.06864,121.5107,23
500103004,20231027,242,23,0,1,25.06864,121.5107,23
500103004,20231027,243,23,0,1,25.06864,121.5107,23
500103004,20231027,244,23,0,1,25.06864,121.5107,23
500103004,20231027,245,23,0,1,25.06864,121.5107,23
500103004,20231027,246,23,0,1,25.06864,121.5107,23
500103004,20231027,247,23,0,1,25.06864,121.5107,23
500103004,20231027,248,23,0,1,25.06864,121.5107,23
500103004,20231027,249,23,0,1,25.06864,121.5107,23
500103004,20231027,250,23,0,1,25.06864,121.5107,23
500103004,20231027,251,23,0,1,25.06864,121.5107,23
500103004,20231027,252,23,0,1,25.06864,121.5107,23
500103004,20231027,253,23,0,1,25.06864,121.5107,23
500103004,20231027,254,23,0,1,25.06864,121.5107,23
500103004,20231027,255,23,0,1,25.06864,121.5107,23
500103004,20231027,256,23,0,1,25.06864,121.5107,23
500103004,20231027,257,23,0,1,25.06864,121.5107,23
500103004,20231027,258,23,0,1,25.06864,121.5107,23
500103004,20231027,259,23,0,1,25.06864,121.5107,23
500103004,20231027,261,23,0,1,25.06864,121.5107,23
500103004,20231027,262,23,0,1,25.06864,121.5107,23
500103004,20231027,263,23,0,1,25.06864,121.5107,23
500103004,20231027,264,23,0,1,25.06864,121.5107,23
500103004,20231027,265,23,0,1,25.06864,121.5107,23
500103004,20231027,266,23,0,1,25.06864,121.5107,23
500103004,20231027,267,23,0,1,25.06864,121.5107,23
500103004,20231027,268,23,0,1,25.06864,121.5107,23
500103004,20231027,269,23,0,1,25.06864,121.5107,23
500103004,20231027,270,23,0,1,25.06864,121.5107,23
500103004,20231027,271,23,0,1,25.06864,121.5107,23
500103004,20231027,272,23,0,1,25.06864,121.5107,23
500103004,20231027,273,23,0,1,25.06864,121.5107,23
500103004,20231027,274,23,0,1,25.06864,121.5107,23
500103004,20231027,275,23,0,1,25.06864,121.5107,23
500103004,20231027,276,23,0,1,25.06864,121.5107,23
500103004,20231027,277,23,0,1,25.06864,121.5107,23
500103004,20231027,278,23,0,1,25.06864,121.5107,23
500103004,20231027,279,23,0,1,25.06864,121.5107,23
500103004,20231027,280,23,0,1,25.06864,121.5107,23
500103004,20231027,281,23,0,1,25.06864,121.5107,23
500103004,20231027,282,23,0,1,25.06864,121.5107,23
500103004,20231027,283,23,0,1,25.06864,121.5107,23
500103004,20231027,284,23,0,1,25.06864,121.5107,23
500103004,20231027,285,23,0,1,25.06864,121.5107,23
500103004,20231027,286,23,0,1,25.06864,121.5107,23
500103004,20231027,287,23,0,1,25.06864,121.5107,23
500103004,20231027,288,23,0,1,25.06864,121.5107,23
500103004,20231027,289,23,0,1,25.06864,121.5107,23
500103004,20231027,290,23,0,1,25.06864,121.5107,23
500103004,20231027,291,23,0,1,25.06864,121.5107,23
500103004,20231027,292,23,0,1,25.06864,121.5107,23
500103004,20231027,293,23,0,1,25.06864,121.5107,23
500103004,20231027,294,23,0,1,25.06864,121.5107,23
500103004,20231027,295,23,0,1,25.06864,121.5107,23
500103004,20231027,296,23,0,1,25.06864,121.5107,23
500103004,20231027,297,23,0,1,25.06864,121.5107,23
500103004,20231027,298,23,0,1,25.06864,121.5107,23
500103004,20231027,299,23,0,1,25.06864,121.5107,23
500103004,20231027,300,23,0,1,25.06864,121.5107,23
500103004,20231027,301,23,0,1,25.06864,121.5107,23
500103004,20231027,302,23,0,1,25.06864,121.5107,23
500103004,20231027,303,23,0,1,25.06864,121.5107,23
500103004,20231027,304,23,0,1,25.06864,121.5107,23
500103004,20231027,305,23,0,1,25.06864,121.5107,23
500103004,20231027,306,23,0,1,25.06864,121.5107,23
500103004,20231027,307,23,0,1,25.06864,121.5107,23
500103004,20231027,308,23,0,1,25.06864,121.5107,23
500103004,20231027,309,23,0,1,25.06864,121.5107,23
500103004,20231027,310,23,0,1,25.06864,121.5107,23
500103004,20231027,311,23,0,1,25.06864,121.5107,23
500103004,20231027,312,23,0,1,25.06864,121.5107,23
500103004,20231027,313,23,0,1,25.06864,121.5107,23
500103004,20231027,314,23,0,1,25.06864,121.5107,23
500103004,20231027,315,23,0,1,25.06864,121.5107,23
500103004,20231027,316,23,0,1,25.06864,121.5107,23
500103004,20231027,317,23,0,1,25.06864,121.5107,23
500103004,20231027,318,23,0,1,25.06864,121.5107,23
500103004,20231027,319,23,1,1,25.06864,121.5107,22
500103004,20231027,321,23,1,1,25.06864,121.5107,22
500103004,20231027,322,23,1,1,25.06864,121.5107,22
500103004,20231027,323,23,1,1,25.06864,121.5107,22
500103004,20231027,324,23,1,1,25.06864,121.5107,22
500103004,20231027,325,23,1,1,25.06864,121.5107,22
500103004,20231027,326,23,1,1,25.06864,121.5107,22
500103004,20231027,327,23,1,1,25.06864,121.5107,22
500103004,20231027,328,23,1,1,25.06864,121.5107,22
500103004,20231027,329,23,1,1,25.06864,121.5107,22
500103004,20231027,330,23,1,1,25.06864,121.5107,22
500103004,20231027,331,23,1,1,25.06864,121.5107,22
500103004,20231027,332,23,1,1,25.06864,121.5107,22
500103004,20231027,333,23,1,1,25.06864,121.5107,22
500103004,20231027,334,23,1,1,25.06864,121.5107,22
500103004,20231027,335,23,1,1,25.06864,121.5107,22
500103004,20231027,336,23,1,1,25.06864,121.5107,22
500103004,20231027,337,23,1,1,25.06864,121.5107,22
500103004,20231027,338,23,1,1,25.06864,121.5107,22
500103004,20231027,339,23,1,1,25.06864,121.5107,22
500103004,20231027,340,23,1,1,25.06864,121.5107,22
500103004,20231027,341,23,1,1,25.06864,121.5107,22
500103004,20231027,342,23,1,1,25.06864,121.5107,22
500103004,20231027,344,23,2,1,25.06864,121.5107,21
500103004,20231027,345,23,2,1,25.06864,121.5107,21
500103004,20231027,346,23,2,1,25.06864,121.5107,21
500103004,20231027,347,23,2,1,25.06864,121.5107,21
500103004,20231027,348,23,2,1,25.06864,121.5107,21
500103004,20231027,349,23,2,1,25.06864,121.5107,21
500103004,20231027,350,23,2,1,25.06864,121.5107,21
500103004,20231027,351,23,2,1,25.06864,121.5107,21
500103004,20231027,352,23,2,1,25.06864,121.5107,21
500103004,20231027,353,23,2,1,25.06864,121.5107,21
500103004,20231027,354,23,2,1,25.06864,121.5107,21
500103004,20231027,355,23,2,1,25.06864,121.5107,21
500103004,20231027,356,23,3,1,25.06864,121.5107,20
500103004,20231027,357,23,3,1,25.06864,121.5107,20
500103004,20231027,358,23,3,1,25.06864,121.5107,20
500103004,20231027,359,23,3,1,25.06864,121.5107,20
500103004,20231027,360,23,3,1,25.06864,121.5107,20
500103004,20231027,361,23,3,1,25.06864,121.5107,20
500103004,20231027,362,23,3,1,25.06864,121.5107,20
500103004,20231027,363,23,4,1,25.06864,121.5107,19
500103004,20231027,364,23,4,1,25.06864,121.5107,19
500103004,20231027,365,23,4,1,25.06864,121.5107,19
500103004,20231027,366,23,4,1,25.06864,121.5107,19
500103004,20231027,367,23,3,1,25.06864,121.5107,20
500103004,20231027,368,23,3,1,25.06864,121.5107,20
500103004,20231027,369,23,3,1,25.06864,121.5107,20
500103004,20231027,370,23,3,1,25.06864,121.5107,20
500103004,20231027,371,23,3,1,25.06864,121.5107,20
500103004,20231027,372,23,3,1,25.06864,121.5107,20
500103004,20231027,373,23,3,1,25.06864,121.5107,20
500103004,20231027,374,23,3,1,25.06864,121.5107,20
500103004,20231027,375,23,3,1,25.06864,121.5107,20
500103004,20231027,376,23,3,1,25.06864,121.5107,20
500103004,20231027,377,23,3,1,25.06864,121.5107,20
500103004,20231027,378,23,3,1,25.06864,121.5107,20
500103004,20231027,379,23,4,1,25.06864,121.5107,19
500103004,20231027,381,23,4,1,25.06864,121.5107,19
500103004,20231027,382,23,4,1,25.06864,121.5107,19
500103004,20231027,383,23,4,1,25.06864,121.5107,19
500103004,20231027,384,23,5,1,25.06864,121.5107,18
500103004,20231027,385,23,5,1,25.06864,121.5107,18
500103004,20231027,386,23,5,1,25.06864,121.5107,18
500103004,20231027,387,23,5,1,25.06864,121.5107,18
500103004,20231027,388,23,5,1,25.06864,121.5107,18
500103004,20231027,389,23,5,1,25.06864,121.5107,18
500103004,20231027,390,23,5,1,25.06864,121.5107,18
500103004,20231027,391,23,5,1,25.06864,121.5107,18
500103004,20231027,392,23,5,1,25.06864,121.5107,18
500103004,20231027,393,23,5,1,25.06864,121.5107,18
500103004,20231027,394,23,5,1,25.06864,121.5107,18
500103004,20231027,395,23,5,1,25.06864,121.5107,18
500103004,20231027,396,23,5,1,25.06864,121.5107,18
500103004,20231027,397,23,6,1,25.06864,121.5107,17
500103004,20231027,398,23,7,1,25.06864,121.5107,16
500103004,20231027,399,23,7,1,25.06864,121.5107,16
500103004,20231027,400,23,8,1,25.06864,121.5107,15
500103004,20231027,401,23,8,1,25.06864,121.5107,15
500103004,20231027,402,23,8,1,25.06864,121.5107,15
500103004,20231027,403,23,8,1,25.06864,121.5107,15
500103004,20231027,404,23,8,1,25.06864,121.5107,15
500103004,20231027,405,23,8,1,25.06864,121.5107,15
500103004,20231027,406,23,8,1,25.06864,121.5107,15
500103004,20231027,407,23,8,1,25.06864,121.5107,15
500103004,20231027,408,23,8,1,25.06864,121.5107,15
500103004,20231027,409,23,8,1,25.06864,121.5107,15
500103004,20231027,410,23,8,1,25.06864,121.5107,15
500103004,20231027,411,23,8,1,25.06864,121.5107,15
500103004,20231027,412,23,9,1,25.06864,121.5107,14
500103004,20231027,413,23,9,1,25.06864,121.5107,14
500103004,20231027,414,23,9,1,25.06864,121.5107,14
500103004,20231027,415,23,9,1,25.06864,121.5107,14
500103004,20231027,416,23,9,1,25.06864,121.5107,14
500103004,20231027,417,23,9,1,25.06864,121.5107,14
500103004,20231027,418,23,9,1,25.06864,121.5107,14
500103004,20231027,419,23,10,1,25.06864,121.5107,13
500103004,20231027,421,23,10,1,25.06864,121.5107,13
500103004,20231027,422,23,11,1,25.06864,121.5107,12
500103004,20231027,423,23,12,1,25.06864,121.5107,11
500103004,20231027,424,23,12,1,25.06864,121.5107,11
500103004,20231027,425,23,14,1,25.06864,121.5107,9
500103004,20231027,426,23,14,1,25.06864,121.5107,9
500103004,20231027,427,23,15,1,25.06864,121.5107,8
500103004,20231027,428,23,16,1,25.06864,121.5107,7
500103004,20231027,429,23,16,1,25.06864,121.5107,7
500103004,20231027,430,23,15,1,25.06864,121.5107,8
500103004,20231027,431,23,15,1,25.06864,121.5107,8
500103004,20231027,432,23,15,1,25.06864,121.5107,8
500103004,20231027,433,23,15,1,25.06864,121.5107,8
500103004,20231027,434,23,15,1,25.06864,121.5107,8
500103004,20231027,435,23,16,1,25.06864,121.5107,7
500103004,20231027,436,23,16,1,25.06864,121.5107,7
500103004,20231027,437,23,16,1,25.06864,121.5107,7
500103004,20231027,438,23,16,1,25.06864,121.5107,7
500103004,20231027,439,23,16,1,25.06864,121.5107,7
500103004,20231027,441,23,16,1,25.06864,121.5107,7
500103004,20231027,442,23,17,1,25.06864,121.5107,6
500103004,20231027,443,23,17,1,25.06864,121.5107,6
500103004,20231027,444,23,17,1,25.06864,121.5107,6
500103004,20231027,445,23,17,1,25.06864,121.5107,6
500103004,20231027,446,23,18,1,25.06864,121.5107,5
500103004,20231027,447,23,19,1,25.06864,121.5107,4
500103004,20231027,448,23,15,1,25.06864,121.5107,8
500103004,20231027,449,23,13,1,25.06864,121.5107,10
500103004,20231027,451,23,6,1,25.06864,121.5107,17
500103004,20231027,452,23,5,1,25.06864,121.5107,18
500103004,20231027,453,23,3,1,25.06864,121.5107,20
500103004,20231027,454,23,3,1,25.06864,121.5107,20
500103004,20231027,455,23,3,1,25.06864,121.5107,20
500103004,20231027,456,23,3,1,25.06864,121.5107,20
500103004,20231027,457,23,3,1,25.06864,121.5107,20
500103004,20231027,458,23,3,1,25.06864,121.5107,20
500103004,20231027,459,23,4,1,25.06864,121.5107,19
500103004,20231027,460,23,4,1,25.06864,121.5107,19
500103004,20231027,461,23,4,1,25.06864,121.5107,19
500103004,20231027,462,23,4,1,25.06864,121.5107,19
500103004,20231027,463,23,3,1,25.06864,121.5107,20
500103004,20231027,464,23,3,1,25.06864,121.5107,20
500103004,20231027,465,23,3,1,25.06864,121.5107,20
500103004,20231027,466,23,4,1,25.06864,121.5107,19
500103004,20231027,467,23,4,1,25.06864,121.5107,19
500103004,20231027,468,23,4,1,25.06864,121.5107,19
500103004,20231027,469,23,4,1,25.06864,121.5107,19
500103004,20231027,470,23,5,1,25.06864,121.5107,18
500103004,20231027,471,23,6,1,25.06864,121.5107,17
500103004,20231027,472,23,8,1,25.06864,121.5107,15
500103004,20231027,473,23,8,1,25.06864,121.5107,15
500103004,20231027,474,23,8,1,25.06864,121.5107,15
500103004,20231027,475,23,8,1,25.06864,121.5107,15
500103004,20231027,476,23,8,1,25.06864,121.5107,15
500103004,20231027,477,23,8,1,25.06864,121.5107,15
500103004,20231027,478,23,8,1,25.06864,121.5107,15
500103004,20231027,479,23,7,1,25.06864,121.5107,16
500103004,20231027,481,23,6,1,25.06864,121.5107,17
500103004,20231027,482,23,7,1,25.06864,121.5107,16
500103004,20231027,483,23,8,1,25.06864,121.5107,15
500103004,20231027,484,23,8,1,25.06864,121.5107,15
500103004,20231027,485,23,8,1,25.06864,121.5107,15
500103004,20231027,486,23,9,1,25.06864,121.5107,14
500103004,20231027,487,23,9,1,25.06864,121.5107,14
500103004,20231027,488,23,10,1,25.06864,121.5107,13
500103004,20231027,489,23,11,1,25.06864,121.5107,12
500103004,20231027,490,23,9,1,25.06864,121.5107,14
500103004,20231027,491,23,9,1,25.06864,121.5107,14
500103004,20231027,492,23,9,1,25.06864,121.5107,14
500103004,20231027,493,23,11,1,25.06864,121.5107,12
500103004,20231027,494,23,13,1,25.06864,121.5107,10
500103004,20231027,495,23,13,1,25.06864,121.5107,10
500103004,20231027,496,23,13,1,25.06864,121.5107,10
500103004,20231027,497,23,13,1,25.06864,121.5107,10
500103004,20231027,498,23,15,1,25.06864,121.5107,8
500103004,20231027,499,23,16,1,25.06864,121.5107,7
500103004,20231027,501,23,17,1,25.06864,121.5107,6
500103004,20231027,502,23,18,1,25.06864,121.5107,5
500103004,20231027,503,23,18,1,25.06864,121.5107,5
500103004,20231027,504,23,18,1,25.06864,121.5107,5
500103004,20231027,505,23,18,1,25.06864,121.5107,5
500103004,20231027,506,23,17,1,25.06864,121.5107,6
500103004,20231027,507,23,17,1,25.06864,121.5107,6
500103004,20231027,508,23,18,1,25.06864,121.5107,5
500103004,20231027,509,23,19,1,25.06864,121.5107,4
500103004,20231027,511,23,19,1,25.06864,121.5107,4
500103004,20231027,512,23,19,1,25.06864,121.5107,4
500103004,20231027,513,23,19,1,25.06864,121.5107,4
500103004,20231027,514,23,21,1,25.06864,121.5107,2
500103004,20231027,515,23,21,1,25.06864,121.5107,2
500103004,20231027,516,23,21,1,25.06864,121.5107,2
500103004,20231027,517,23,22,1,25.06864,121.5107,1
500103004,20231027,518,23,22,1,25.06864,121.5107,1
500103004,20231027,519,23,22,1,25.06864,121.5107,1
500103004,20231027,520,23,22,1,25.06864,121.5107,1
500103004,20231027,521,23,23,1,25.06864,121.5107,0
500103004,20231027,522,23,23,1,25.06864,121.5107,0
500103004,20231027,523,23,23,1,25.06864,121.5107,0
500103004,20231027,524,23,23,1,25.06864,121.5107,0
500103004,20231027,525,23,23,1,25.06864,121.5107,0
500103004,20231027,526,23,23,1,25.06864,121.5107,0
500103004,20231027,527,23,23,1,25.06864,121.5107,0
500103004,20231027,528,23,23,1,25.06864,121.5107,0
500103004,20231027,529,23,22,1,25.06864,121.5107,1
500103004,20231027,530,23,21,1,25.06864,121.5107,2
500103004,20231027,531,23,21,1,25.06864,121.5107,2
500103004,20231027,532,23,21,1,25.06864,121.5107,2
500103004,20231027,533,23,21,1,25.06864,121.5107,2
500103004,20231027,534,23,21,1,25.06864,121.5107,2
500103004,20231027,535,23,21,1,25.06864,121.5107,2
500103004,20231027,536,23,23,1,25.06864,121.5107,0
500103004,20231027,537,23,23,1,25.06864,121.5107,0
500103004,20231027,538,23,23,1,25.06864,121.5107,0
500103004,20231027,539,23,23,1,25.06864,121.5107,0
500103004,20231027,541,23,23,1,25.06864,121.5107,0
500103004,20231027,542,23,23,1,25.06864,121.5107,0
500103004,20231027,543,23,23,1,25.06864,121.5107,0
500103004,20231027,544,23,23,1,25.06864,121.5107,0
500103004,20231027,545,23,23,1,25.06864,121.5107,0
500103004,20231027,546,23,23,1,25.06864,121.5107,0
500103004,20231027,547,23,23,1,25.06864,121.5107,0
500103004,20231027,548,23,23,1,25.06864,121.5107,0
500103004,20231027,549,23,23,1,25.06864,121.5107,0
500103004,20231027,550,23,23,1,25.06864,121.5107,0
500103004,20231027,551,23,23,1,25.06864,121.5107,0
500103004,20231027,552,23,23,1,25.06864,121.5107,0
500103004,20231027,553,23,23,1,25.06864,121.5107,0
500103004,20231027,554,23,23,1,25.06864,121.5107,0
500103004,20231027,555,23,23,1,25.06864,121.5107,0
500103004,20231027,556,23,22,1,25.06864,121.5107,1
500103004,20231027,557,23,22,1,25.06864,121.5107,1
500103004,20231027,558,23,22,1,25.06864,121.5107,1
500103004,20231027,559,23,21,1,25.06864,121.5107,2
500103004,20231027,561,23,22,1,25.06864,121.5107,1
500103004,20231027,562,23,22,1,25.06864,121.5107,1
500103004,20231027,563,23,22,1,25.06864,121.5107,1
500103004,20231027,564,23,22,1,25.06864,121.5107,1
500103004,20231027,565,23,22,1,25.06864,121.5107,1
500103004,20231027,566,23,21,1,25.06864,121.5107,2
500103004,20231027,567,23,21,1,25.06864,121.5107,2
500103004,20231027,568,23,21,1,25.06864,121.5107,2
500103004,20231027,569,23,20,1,25.06864,121.5107,3
500103004,20231027,571,23,20,1,25.06864,121.5107,3
500103004,20231027,572,23,20,1,25.06864,121.5107,3
500103004,20231027,573,23,20,1,25.06864,121.5107,3
500103004,20231027,574,23,20,1,25.06864,121.5107,3
500103004,20231027,575,23,20,1,25.06864,121.5107,3
500103004,20231027,576,23,20,1,25.06864,121.5107,3
500103004,20231027,577,23,21,1,25.06864,121.5107,2
500103004,20231027,578,23,22,1,25.06864,121.5107,1
500103004,20231027,579,23,23,1,25.06864,121.5107,0
500103004,20231027,580,23,23,1,25.06864,121.5107,0
500103004,20231027,581,23,22,1,25.06864,121.5107,1
500103004,20231027,582,23,22,1,25.06864,121.5107,1
500103004,20231027,583,23,23,1,25.06864,121.5107,0
500103004,20231027,584,23,23,1,25.06864,121.5107,0
500103004,20231027,585,23,23,1,25.06864,121.5107,0
500103004,20231027,586,23,23,1,25.06864,121.5107,0
500103004,20231027,587,23,23,1,25.06864,121.5107,0
500103004,20231027,588,23,23,1,25.06864,121.5107,0
500103004,20231027,589,23,23,1,25.06864,121.5107,0
500103004,20231027,590,23,23,1,25.06864,121.5107,0
500103004,20231027,591,23,23,1,25.06864,121.5107,0
500103004,20231027,592,23,23,1,25.06864,121.5107,0
500103004,20231027,593,23,23,1,25.06864,121.5107,0
500103004,20231027,594,23,23,1,25.06864,121.5107,0
500103004,20231027,595,23,23,1,25.06864,121.5107,0
500103004,20231027,596,23,23,1,25.06864,121.5107,0
500103004,20231027,597,23,23,1,25.06864,121.5107,0
500103004,20231027,598,23,23,1,25.06864,121.5107,0
500103004,20231027,599,23,23,1,25.06864,121.5107,0
500103004,20231027,601,23,23,1,25.06864,121.5107,0
500103004,20231027,602,23,23,1,25.06864,121.5107,0
500103004,20231027,603,23,23,1,25.06864,121.5107,0
500103004,20231027,604,23,23,1,25.06864,121.5107,0
500103004,20231027,605,23,23,1,25.06864,121.5107,0
500103004,20231027,606,23,23,1,25.06864,121.5107,0
500103004,20231027,607,23,23,1,25.06864,121.5107,0
500103004,20231027,608,23,23,1,25.06864,121.5107,0
500103004,20231027,609,23,23,1,25.06864,121.5107,0
500103004,20231027,610,23,23,1,25.06864,121.5107,0
500103004,20231027,611,23,23,1,25.06864,121.5107,0
500103004,20231027,612,23,23,1,25.06864,121.5107,0
500103004,20231027,613,23,23,1,25.06864,121.5107,0
500103004,20231027,614,23,23,1,25.06864,121.5107,0
500103004,20231027,615,23,23,1,25.06864,121.5107,0
500103004,20231027,616,23,23,1,25.06864,121.5107,0
500103004,20231027,617,23,23,1,25.06864,121.5107,0
500103004,20231027,618,23,23,1,25.06864,121.5107,0
500103004,20231027,619,23,23,1,25.06864,121.5107,0
500103004,20231027,621,23,23,1,25.06864,121.5107,0
500103004,20231027,622,23,23,1,25.06864,121.5107,0
500103004,20231027,623,23,23,1,25.06864,121.5107,0
500103004,20231027,624,23,23,1,25.06864,121.5107,0
500103004,20231027,625,23,23,1,25.06864,121.5107,0
500103004,20231027,626,23,23,1,25.06864,121.5107,0
500103004,20231027,627,23,23,1,25.06864,121.5107,0
500103004,20231027,628,23,23,1,25.06864,121.5107,0
500103004,20231027,629,23,23,1,25.06864,121.5107,0
500103004,20231027,631,23,23,1,25.06864,121.5107,0
500103004,20231027,632,23,23,1,25.06864,121.5107,0
500103004,20231027,633,23,23,1,25.06864,121.5107,0
500103004,20231027,634,23,23,1,25.06864,121.5107,0
500103004,20231027,636,23,23,1,25.06864,121.5107,0
500103004,20231027,637,23,23,1,25.06864,121.5107,0
500103004,20231027,638,23,23,1,25.06864,121.5107,0
500103004,20231027,639,23,23,1,25.06864,121.5107,0
500103004,20231027,640,23,23,1,25.06864,121.5107,0
500103004,20231027,641,23,23,1,25.06864,121.5107,0
500103004,20231027,642,23,23,1,25.06864,121.5107,0
500103004,20231027,643,23,22,1,25.06864,121.5107,1
500103004,20231027,644,23,22,1,25.06864,121.5107,1
500103004,20231027,645,23,22,1,25.06864,121.5107,1
500103004,20231027,646,23,22,1,25.06864,121.5107,1
500103004,20231027,647,23,22,1,25.06864,121.5107,1
500103004,20231027,648,23,22,1,25.06864,121.5107,1
500103004,20231027,649,23,22,1,25.06864,121.5107,1
500103004,20231027,650,23,22,1,25.06864,121.5107,1
500103004,20231027,651,23,22,1,25.06864,121.5107,1
500103004,20231027,652,23,22,1,25.06864,121.5107,1
500103004,20231027,653,23,22,1,25.06864,121.5107,1
500103004,20231027,654,23,21,1,25.06864,121.5107,2
500103004,20231027,655,23,21,1,25.06864,121.5107,2
500103004,20231027,656,23,21,1,25.06864,121.5107,2
500103004,20231027,657,23,21,1,25.06864,121.5107,2
500103004,20231027,658,23,21,1,25.06864,121.5107,2
500103004,20231027,659,23,21,1,25.06864,121.5107,2
500103004,20231027,661,23,22,1,25.06864,121.5107,1
500103004,20231027,662,23,22,1,25.06864,121.5107,1
500103004,20231027,663,23,22,1,25.06864,121.5107,1
500103004,20231027,664,23,22,1,25.06864,121.5107,1
500103004,20231027,665,23,22,1,25.06864,121.5107,1
500103004,20231027,666,23,22,1,25.06864,121.5107,1
500103004,20231027,667,23,22,1,25.06864,121.5107,1
500103004,20231027,668,23,23,1,25.06864,121.5107,0
500103004,20231027,669,23,23,1,25.06864,121.5107,0
500103004,20231027,670,23,23,1,25.06864,121.5107,0
500103004,20231027,671,23,23,1,25.06864,121.5107,0
500103004,20231027,672,23,23,1,25.06864,121.5107,0
500103004,20231027,673,23,23,1,25.06864,121.5107,0
500103004,20231027,674,23,22,1,25.06864,121.5107,1
500103004,20231027,675,23,22,1,25.06864,121.5107,1
500103004,20231027,676,23,22,1,25.06864,121.5107,1
500103004,20231027,677,23,22,1,25.06864,121.5107,1
500103004,20231027,678,23,21,1,25.06864,121.5107,2
500103004,20231027,679,23,21,1,25.06864,121.5107,2
500103004,20231027,681,23,21,1,25.06864,121.5107,2
500103004,20231027,682,23,21,1,25.06864,121.5107,2
500103004,20231027,683,23,21,1,25.06864,121.5107,2
500103004,20231027,684,23,22,1,25.06864,121.5107,1
500103004,20231027,685,23,22,1,25.06864,121.5107,1
500103004,20231027,686,23,21,1,25.06864,121.5107,2
500103004,20231027,687,23,22,1,25.06864,121.5107,1
500103004,20231027,688,23,22,1,25.06864,121.5107,1
500103004,20231027,689,23,22,1,25.06864,121.5107,1
500103004,20231027,690,23,22,1,25.06864,121.5107,1
500103004,20231027,691,23,22,1,25.06864,121.5107,1
500103004,20231027,692,23,22,1,25.06864,121.5107,1
500103004,20231027,693,23,22,1,25.06864,121.5107,1
500103004,20231027,694,23,22,1,25.06864,121.5107,1
500103004,20231027,695,23,22,1,25.06864,121.5107,1
500103004,20231027,696,23,22,1,25.06864,121.5107,1
500103004,20231027,697,23,22,1,25.06864,121.5107,1
500103004,20231027,698,23,22,1,25.06864,121.5107,1
500103004,20231027,699,23,22,1,25.06864,121.5107,1
500103004,20231027,700,23,22,1,25.06864,121.5107,1
500103004,20231027,701,23,22,1,25.06864,121.5107,1
500103004,20231027,702,23,22,1,25.06864,121.5107,1
500103004,20231027,703,23,22,1,25.06864,121.5107,1
500103004,20231027,704,23,22,1,25.06864,121.5107,1
500103004,20231027,705,23,22,1,25.06864,121.5107,1
500103004,20231027,706,23,22,1,25.06864,121.5107,1
500103004,20231027,707,23,22,1,25.06864,121.5107,1
500103004,20231027,708,23,22,1,25.06864,121.5107,1
500103004,20231027,709,23,22,1,25.06864,121.5107,1
500103004,20231027,710,23,22,1,25.06864,121.5107,1
500103004,20231027,711,23,22,1,25.06864,121.5107,1
500103004,20231027,712,23,22,1,25.06864,121.5107,1
500103004,20231027,713,23,22,1,25.06864,121.5107,1
500103004,20231027,714,23,22,1,25.06864,121.5107,1
500103004,20231027,715,23,22,1,25.06864,121.5107,1
500103004,20231027,716,23,22,1,25.06864,121.5107,1
500103004,20231027,717,23,22,1,25.06864,121.5107,1
500103004,20231027,718,23,22,1,25.06864,121.5107,1
500103004,20231027,719,23,22,1,25.06864,121.5107,1
500103004,20231027,721,23,22,1,25.06864,121.5107,1
500103004,20231027,722,23,22,1,25.06864,121.5107,1
500103004,20231027,723,23,22,1,25.06864,121.5107,1
500103004,20231027,724,23,22,1,25.06864,121.5107,1
500103004,20231027,725,23,23,1,25.06864,121.5107,0
500103004,20231027,726,23,23,1,25.06864,121.5107,0
500103004,20231027,727,23,23,1,25.06864,121.5107,0
500103004,20231027,728,23,23,1,25.06864,121.5107,0
500103004,20231027,729,23,23,1,25.06864,121.5107,0
500103004,20231027,730,23,23,1,25.06864,121.5107,0
500103004,20231027,731,23,23,1,25.06864,121.5107,0
500103004,20231027,732,23,23,1,25.06864,121.5107,0
500103004,20231027,733,23,23,1,25.06864,121.5107,0
500103004,20231027,734,23,23,1,25.06864,121.5107,0
500103004,20231027,735,23,23,1,25.06864,121.5107,0
500103004,20231027,736,23,23,1,25.06864,121.5107,0
500103004,20231027,737,23,23,1,25.06864,121.5107,0
500103004,20231027,738,23,23,1,25.06864,121.5107,0
500103004,20231027,739,23,23,1,25.06864,121.5107,0
500103004,20231027,741,23,21,1,25.06864,121.5107,2
500103004,20231027,742,23,21,1,25.06864,121.5107,2
500103004,20231027,743,23,21,1,25.06864,121.5107,2
500103004,20231027,744,23,21,1,25.06864,121.5107,2
500103004,20231027,745,23,21,1,25.06864,121.5107,2
500103004,20231027,746,23,20,1,25.06864,121.5107,3
500103004,20231027,747,23,21,1,25.06864,121.5107,2
500103004,20231027,748,23,21,1,25.06864,121.5107,2
500103004,20231027,749,23,21,1,25.06864,121.5107,2
500103004,20231027,751,23,22,1,25.06864,121.5107,1
500103004,20231027,752,23,22,1,25.06864,121.5107,1
500103004,20231027,753,23,22,1,25.06864,121.5107,1
500103004,20231027,754,23,22,1,25.06864,121.5107,1
500103004,20231027,755,23,22,1,25.06864,121.5107,1
500103004,20231027,756,23,22,1,25.06864,121.5107,1
500103004,20231027,757,23,22,1,25.06864,121.5107,1
500103004,20231027,758,23,22,1,25.06864,121.5107,1
500103004,20231027,759,23,22,1,25.06864,121.5107,1
500103004,20231027,760,23,22,1,25.06864,121.5107,1
500103004,20231027,761,23,22,1,25.06864,121.5107,1
500103004,20231027,762,23,22,1,25.06864,121.5107,1
500103004,20231027,763,23,22,1,25.06864,121.5107,1
500103004,20231027,764,23,22,1,25.06864,121.5107,1
500103004,20231027,765,23,23,1,25.06864,121.5107,0
500103004,20231027,766,23,23,1,25.06864,121.5107,0
500103004,20231027,767,23,23,1,25.06864,121.5107,0
500103004,20231027,768,23,23,1,25.06864,121.5107,0
500103004,20231027,769,23,23,1,25.06864,121.5107,0
500103004,20231027,770,23,22,1,25.06864,121.5107,1
500103004,20231027,771,23,22,1,25.06864,121.5107,1
500103004,20231027,772,23,19,1,25.06864,121.5107,4
500103004,20231027,773,23,19,1,25.06864,121.5107,4
500103004,20231027,774,23,18,1,25.06864,121.5107,5
500103004,20231027,775,23,18,1,25.06864,121.5107,5
500103004,20231027,776,23,18,1,25.06864,121.5107,5
500103004,20231027,777,23,18,1,25.06864,121.5107,5
500103004,20231027,778,23,18,1,25.06864,121.5107,5
500103004,20231027,779,23,18,1,25.06864,121.5107,5
500103004,20231027,781,23,17,1,25.06864,121.5107,6
500103004,20231027,782,23,17,1,25.06864,121.5107,6
500103004,20231027,783,23,17,1,25.06864,121.5107,6
500103004,20231027,784,23,17,1,25.06864,121.5107,6
500103004,20231027,785,23,17,1,25.06864,121.5107,6
500103004,20231027,786,23,17,1,25.06864,121.5107,6
500103004,20231027,787,23,18,1,25.06864,121.5107,5
500103004,20231027,788,23,18,1,25.06864,121.5107,5
500103004,20231027,789,23,18,1,25.06864,121.5107,5
500103004,20231027,790,23,18,1,25.06864,121.5107,5
500103004,20231027,791,23,17,1,25.06864,121.5107,6
500103004,20231027,792,23,18,1,25.06864,121.5107,5
500103004,20231027,793,23,18,1,25.06864,121.5107,5
500103004,20231027,794,23,18,1,25.06864,121.5107,5
500103004,20231027,795,23,18,1,25.06864,121.5107,5
500103004,20231027,796,23,17,1,25.06864,121.5107,6
500103004,20231027,797,23,16,1,25.06864,121.5107,7
500103004,20231027,798,23,16,1,25.06864,121.5107,7
500103004,20231027,799,23,16,1,25.06864,121.5107,7
500103004,20231027,801,23,16,1,25.06864,121.5107,7
500103004,20231027,802,23,16,1,25.06864,121.5107,7
500103004,20231027,803,23,16,1,25.06864,121.5107,7
500103004,20231027,804,23,16,1,25.06864,121.5107,7
500103004,20231027,805,23,16,1,25.06864,121.5107,7
500103004,20231027,806,23,16,1,25.06864,121.5107,7
500103004,20231027,807,23,16,1,25.06864,121.5107,7
500103004,20231027,808,23,16,1,25.06864,121.5107,7
500103004,20231027,809,23,16,1,25.06864,121.5107,7
500103004,20231027,811,23,16,1,25.06864,121.5107,7
500103004,20231027,812,23,16,1,25.06864,121.5107,7
500103004,20231027,813,23,16,1,25.06864,121.5107,7
500103004,20231027,814,23,16,1,25.06864,121.5107,7
500103004,20231027,815,23,16,1,25.06864,121.5107,7
500103004,20231027,816,23,16,1,25.06864,121.5107,7
500103004,20231027,817,23,16,1,25.06864,121.5107,7
500103004,20231027,818,23,16,1,25.06864,121.5107,7
500103004,20231027,819,23,16,1,25.06864,121.5107,7
500103004,20231027,820,23,16,1,25.06864,121.5107,7
500103004,20231027,821,23,16,1,25.06864,121.5107,7
500103004,20231027,822,23,16,1,25.06864,121.5107,7
500103004,20231027,823,23,16,1,25.06864,121.5107,7
500103004,20231027,824,23,17,1,25.06864,121.5107,6
500103004,20231027,825,23,17,1,25.06864,121.5107,6
500103004,20231027,826,23,17,1,25.06864,121.5107,6
500103004,20231027,827,23,18,1,25.06864,121.5107,5
500103004,20231027,828,23,18,1,25.06864,121.5107,5
500103004,20231027,829,23,18,1,25.06864,121.5107,5
500103004,20231027,830,23,17,1,25.06864,121.5107,6
500103004,20231027,831,23,17,1,25.06864,121.5107,6
500103004,20231027,832,23,17,1,25.06864,121.5107,6
500103004,20231027,833,23,17,1,25.06864,121.5107,6
500103004,20231027,834,23,17,1,25.06864,121.5107,6
500103004,20231027,835,23,17,1,25.06864,121.5107,6
500103004,20231027,836,23,17,1,25.06864,121.5107,6
500103004,20231027,837,23,17,1,25.06864,121.5107,6
500103004,20231027,838,23,17,1,25.06864,121.5107,6
500103004,20231027,839,23,17,1,25.06864,121.5107,6
500103004,20231027,841,23,17,1,25.06864,121.5107,6
500103004,20231027,842,23,17,1,25.06864,121.5107,6
500103004,20231027,843,23,17,1,25.06864,121.5107,6
500103004,20231027,844,23,17,1,25.06864,121.5107,6
500103004,20231027,845,23,17,1,25.06864,121.5107,6
500103004,20231027,846,23,17,1,25.06864,121.5107,6
500103004,20231027,847,23,17,1,25.06864,121.5107,6
500103004,20231027,848,23,17,1,25.06864,121.5107,6
500103004,20231027,849,23,17,1,25.06864,121.5107,6
500103004,20231027,850,23,17,1,25.06864,121.5107,6
500103004,20231027,851,23,17,1,25.06864,121.5107,6
500103004,20231027,852,23,17,1,25.06864,121.5107,6
500103004,20231027,853,23,17,1,25.06864,121.5107,6
500103004,20231027,854,23,17,1,25.06864,121.5107,6
500103004,20231027,855,23,17,1,25.06864,121.5107,6
500103004,20231027,856,23,18,1,25.06864,121.5107,5
500103004,20231027,857,23,18,1,25.06864,121.5107,5
500103004,20231027,858,23,18,1,25.06864,121.5107,5
500103004,20231027,859,23,18,1,25.06864,121.5107,5
500103004,20231027,861,23,19,1,25.06864,121.5107,4
500103004,20231027,862,23,19,1,25.06864,121.5107,4
500103004,20231027,863,23,20,1,25.06864,121.5107,3
500103004,20231027,864,23,20,1,25.06864,121.5107,3
500103004,20231027,865,23,20,1,25.06864,121.5107,3
500103004,20231027,866,23,20,1,25.06864,121.5107,3
500103004,20231027,867,23,20,1,25.06864,121.5107,3
500103004,20231027,868,23,20,1,25.06864,121.5107,3
500103004,20231027,869,23,20,1,25.06864,121.5107,3
500103004,20231027,871,23,20,1,25.06864,121.5107,3
500103004,20231027,872,23,20,1,25.06864,121.5107,3
500103004,20231027,873,23,20,1,25.06864,121.5107,3
500103004,20231027,874,23,20,1,25.06864,121.5107,3
500103004,20231027,875,23,20,1,25.06864,121.5107,3
500103004,20231027,876,23,20,1,25.06864,121.5107,3
500103004,20231027,877,23,20,1,25.06864,121.5107,3
500103004,20231027,878,23,20,1,25.06864,121.5107,3
500103004,20231027,879,23,19,1,25.06864,121.5107,4
500103004,20231027,880,23,20,1,25.06864,121.5107,3
500103004,20231027,881,23,20,1,25.06864,121.5107,3
500103004,20231027,882,23,20,1,25.06864,121.5107,3
500103004,20231027,883,23,20,1,25.06864,121.5107,3
500103004,20231027,884,23,18,1,25.06864,121.5107,5
500103004,20231027,885,23,18,1,25.06864,121.5107,5
500103004,20231027,886,23,18,1,25.06864,121.5107,5
500103004,20231027,887,23,18,1,25.06864,121.5107,5
500103004,20231027,888,23,18,1,25.06864,121.5107,5
500103004,20231027,889,23,18,1,25.06864,121.5107,5
500103004,20231027,890,23,18,1,25.06864,121.5107,5
500103004,20231027,891,23,19,1,25.06864,121.5107,4
500103004,20231027,892,23,19,1,25.06864,121.5107,4
500103004,20231027,893,23,19,1,25.06864,121.5107,4
500103004,20231027,894,23,19,1,25.06864,121.5107,4
500103004,20231027,895,23,19,1,25.06864,121.5107,4
500103004,20231027,896,23,20,1,25.06864,121.5107,3
500103004,20231027,897,23,21,1,25.06864,121.5107,2
500103004,20231027,898,23,22,1,25.06864,121.5107,1
500103004,20231027,899,23,22,1,25.06864,121.5107,1
500103004,20231027,901,23,22,1,25.06864,121.5107,1
500103004,20231027,902,23,22,1,25.06864,121.5107,1
500103004,20231027,903,23,22,1,25.06864,121.5107,1
500103004,20231027,904,23,22,1,25.06864,121.5107,1
500103004,20231027,905,23,22,1,25.06864,121.5107,1
500103004,20231027,906,23,22,1,25.06864,121.5107,1
500103004,20231027,907,23,22,1,25.06864,121.5107,1
500103004,20231027,908,23,22,1,25.06864,121.5107,1
500103004,20231027,909,23,22,1,25.06864,121.5107,1
500103004,20231027,910,23,22,1,25.06864,121.5107,1
500103004,20231027,911,23,22,1,25.06864,121.5107,1
500103004,20231027,912,23,22,1,25.06864,121.5107,1
500103004,20231027,913,23,22,1,25.06864,121.5107,1
500103004,20231027,914,23,22,1,25.06864,121.5107,1
500103004,20231027,915,23,22,1,25.06864,121.5107,1
500103004,20231027,916,23,21,1,25.06864,121.5107,2
500103004,20231027,917,23,21,1,25.06864,121.5107,2
500103004,20231027,918,23,22,1,25.06864,121.5107,1
500103004,20231027,919,23,22,1,25.06864,121.5107,1
500103004,20231027,921,23,22,1,25.06864,121.5107,1
500103004,20231027,922,23,22,1,25.06864,121.5107,1
500103004,20231027,923,23,22,1,25.06864,121.5107,1
500103004,20231027,924,23,22,1,25.06864,121.5107,1
500103004,20231027,925,23,22,1,25.06864,121.5107,1
500103004,20231027,926,23,22,1,25.06864,121.5107,1
500103004,20231027,927,23,22,1,25.06864,121.5107,1
500103004,20231027,928,23,22,1,25.06864,121.5107,1
500103004,20231027,929,23,22,1,25.06864,121.5107,1
500103004,20231027,931,23,22,1,25.06864,121.5107,1
500103004,20231027,932,23,22,1,25.06864,121.5107,1
500103004,20231027,933,23,21,1,25.06864,121.5107,2
500103004,20231027,934,23,22,1,25.06864,121.5107,1
500103004,20231027,935,23,22,1,25.06864,121.5107,1
500103004,20231027,936,23,22,1,25.06864,121.5107,1
500103004,20231027,937,23,22,1,25.06864,121.5107,1
500103004,20231027,938,23,22,1,25.06864,121.5107,1
500103004,20231027,939,23,22,1,25.06864,121.5107,1
500103004,20231027,940,23,22,1,25.06864,121.5107,1
500103004,20231027,941,23,23,1,25.06864,121.5107,0
500103004,20231027,943,23,23,1,25.06864,121.5107,0
500103004,20231027,944,23,23,1,25.06864,121.5107,0
500103004,20231027,945,23,23,1,25.06864,121.5107,0
500103004,20231027,946,23,23,1,25.06864,121.5107,0
500103004,20231027,947,23,23,1,25.06864,121.5107,0
500103004,20231027,948,23,23,1,25.06864,121.5107,0
500103004,20231027,949,23,23,1,25.06864,121.5107,0
500103004,20231027,951,23,23,1,25.06864,121.5107,0
500103004,20231027,952,23,23,1,25.06864,121.5107,0
500103004,20231027,953,23,23,1,25.06864,121.5107,0
500103004,20231027,954,23,23,1,25.06864,121.5107,0
500103004,20231027,955,23,23,1,25.06864,121.5107,0
500103004,20231027,956,23,23,1,25.06864,121.5107,0
500103004,20231027,957,23,23,1,25.06864,121.5107,0
500103004,20231027,958,23,23,1,25.06864,121.5107,0
500103004,20231027,959,23,23,1,25.06864,121.5107,0
500103004,20231027,961,23,23,1,25.06864,121.5107,0
500103004,20231027,962,23,23,1,25.06864,121.5107,0
500103004,20231027,963,23,23,1,25.06864,121.5107,0
500103004,20231027,964,23,23,1,25.06864,121.5107,0
500103004,20231027,965,23,22,1,25.06864,121.5107,1
500103004,20231027,966,23,22,1,25.06864,121.5107,1
500103004,20231027,967,23,22,1,25.06864,121.5107,1
500103004,20231027,968,23,22,1,25.06864,121.5107,1
500103004,20231027,969,23,22,1,25.06864,121.5107,1
500103004,20231027,971,23,22,1,25.06864,121.5107,1
500103004,20231027,972,23,22,1,25.06864,121.5107,1
500103004,20231027,973,23,22,1,25.06864,121.5107,1
500103004,20231027,974,23,22,1,25.06864,121.5107,1
500103004,20231027,975,23,22,1,25.06864,121.5107,1
500103004,20231027,976,23,22,1,25.06864,121.5107,1
500103004,20231027,977,23,23,1,25.06864,121.5107,0
500103004,20231027,978,23,22,1,25.06864,121.5107,1
500103004,20231027,979,23,22,1,25.06864,121.5107,1
500103004,20231027,981,23,22,1,25.06864,121.5107,1
500103004,20231027,982,23,22,1,25.06864,121.5107,1
500103004,20231027,983,23,22,1,25.06864,121.5107,1
500103004,20231027,984,23,22,1,25.06864,121.5107,1
500103004,20231027,985,23,22,1,25.06864,121.5107,1
500103004,20231027,986,23,22,1,25.06864,121.5107,1
500103004,20231027,987,23,22,1,25.06864,121.5107,1
500103004,20231027,988,23,22,1,25.06864,121.5107,1
500103004,20231027,989,23,21,1,25.06864,121.5107,2
500103004,20231027,991,23,21,1,25.06864,121.5107,2
500103004,20231027,992,23,21,1,25.06864,121.5107,2
500103004,20231027,993,23,21,1,25.06864,121.5107,2
500103004,20231027,994,23,21,1,25.06864,121.5107,2
500103004,20231027,995,23,21,1,25.06864,121.5107,2
500103004,20231027,996,23,21,1,25.06864,121.5107,2
500103004,20231027,997,23,22,1,25.06864,121.5107,1
500103004,20231027,998,23,23,1,25.06864,121.5107,0
500103004,20231027,999,23,23,1,25.06864,121.5107,0
500103004,20231027,1001,23,22,1,25.06864,121.5107,1
500103004,20231027,1002,23,21,1,25.06864,121.5107,2
500103004,20231027,1003,23,21,1,25.06864,121.5107,2
500103004,20231027,1004,23,21,1,25.06864,121.5107,2
500103004,20231027,1005,23,21,1,25.06864,121.5107,2
500103004,20231027,1006,23,22,1,25.06864,121.5107,1
500103004,20231027,1007,23,22,1,25.06864,121.5107,1
500103004,20231027,1008,23,22,1,25.06864,121.5107,1
500103004,20231027,1009,23,22,1,25.06864,121.5107,1
500103004,20231027,1011,23,22,1,25.06864,121.5107,1
500103004,20231027,1012,23,21,1,25.06864,121.5107,2
500103004,20231027,1013,23,19,1,25.06864,121.5107,4
500103004,20231027,1014,23,19,1,25.06864,121.5107,4
500103004,20231027,1015,23,19,1,25.06864,121.5107,4
500103004,20231027,1016,23,19,1,25.06864,121.5107,4
500103004,20231027,1017,23,19,1,25.06864,121.5107,4
500103004,20231027,1018,23,18,1,25.06864,121.5107,5
500103004,20231027,1019,23,18,1,25.06864,121.5107,5
500103004,20231027,1021,23,18,1,25.06864,121.5107,5
500103004,20231027,1022,23,17,1,25.06864,121.5107,6
500103004,20231027,1023,23,17,1,25.06864,121.5107,6
500103004,20231027,1024,23,17,1,25.06864,121.5107,6
500103004,20231027,1025,23,17,1,25.06864,121.5107,6
500103004,20231027,1026,23,15,1,25.06864,121.5107,8
500103004,20231027,1027,23,15,1,25.06864,121.5107,8
500103004,20231027,1028,23,15,1,25.06864,121.5107,8
500103004,20231027,1029,23,15,1,25.06864,121.5107,8
500103004,20231027,1031,23,16,1,25.06864,121.5107,7
500103004,20231027,1032,23,16,1,25.06864,121.5107,7
500103004,20231027,1033,23,16,1,25.06864,121.5107,7
500103004,20231027,1034,23,18,1,25.06864,121.5107,5
500103004,20231027,1035,23,18,1,25.06864,121.5107,5
500103004,20231027,1036,23,17,1,25.06864,121.5107,6
500103004,20231027,1037,23,17,1,25.06864,121.5107,6
500103004,20231027,1038,23,17,1,25.06864,121.5107,6
500103004,20231027,1039,23,17,1,25.06864,121.5107,6
500103004,20231027,1041,23,17,1,25.06864,121.5107,6
500103004,20231027,1042,23,17,1,25.06864,121.5107,6
500103004,20231027,1043,23,17,1,25.06864,121.5107,6
500103004,20231027,1044,23,17,1,25.06864,121.5107,6
500103004,20231027,1045,23,17,1,25.06864,121.5107,6
500103004,20231027,1046,23,16,1,25.06864,121.5107,7
500103004,20231027,1047,23,16,1,25.06864,121.5107,7
500103004,20231027,1048,23,16,1,25.06864,121.5107,7
500103004,20231027,1049,23,16,1,25.06864,121.5107,7
500103004,20231027,1051,23,16,1,25.06864,121.5107,7
500103004,20231027,1052,23,17,1,25.06864,121.5107,6
500103004,20231027,1053,23,16,1,25.06864,121.5107,7
500103004,20231027,1054,23,15,1,25.06864,121.5107,8
500103004,20231027,1055,23,15,1,25.06864,121.5107,8
500103004,20231027,1056,23,15,1,25.06864,121.5107,8
500103004,20231027,1057,23,15,1,25.06864,121.5107,8
500103004,20231027,1058,23,15,1,25.06864,121.5107,8
500103004,20231027,1059,23,15,1,25.06864,121.5107,8
500103004,20231027,1061,23,15,1,25.06864,121.5107,8
500103004,20231027,1062,23,15,1,25.06864,121.5107,8
500103004,20231027,1063,23,15,1,25.06864,121.5107,8
500103004,20231027,1064,23,15,1,25.06864,121.5107,8
500103004,20231027,1065,23,15,1,25.06864,121.5107,8
500103004,20231027,1066,23,15,1,25.06864,121.5107,8
500103004,20231027,1067,23,16,1,25.06864,121.5107,7
500103004,20231027,1068,23,17,1,25.06864,121.5107,6
500103004,20231027,1069,23,16,1,25.06864,121.5107,7
500103004,20231027,1070,23,16,1,25.06864,121.5107,7
500103004,20231027,1071,23,16,1,25.06864,121.5107,7
500103004,20231027,1072,23,17,1,25.06864,121.5107,6
500103004,20231027,1073,23,17,1,25.06864,121.5107,6
500103004,20231027,1074,23,17,1,25.06864,121.5107,6
500103004,20231027,1075,23,17,1,25.06864,121.5107,6
500103004,20231027,1076,23,17,1,25.06864,121.5107,6
500103004,20231027,1077,23,17,1,25.06864,121.5107,6
500103004,20231027,1078,23,18,1,25.06864,121.5107,5
500103004,20231027,1079,23,16,1,25.06864,121.5107,7
500103004,20231027,1081,23,16,1,25.06864,121.5107,7
500103004,20231027,1082,23,17,1,25.06864,121.5107,6
500103004,20231027,1083,23,17,1,25.06864,121.5107,6
500103004,20231027,1084,23,17,1,25.06864,121.5107,6
500103004,20231027,1085,23,17,1,25.06864,121.5107,6
500103004,20231027,1086,23,18,1,25.06864,121.5107,5
500103004,20231027,1087,23,18,1,25.06864,121.5107,5
500103004,20231027,1088,23,18,1,25.06864,121.5107,5
500103004,20231027,1089,23,18,1,25.06864,121.5107,5
500103004,20231027,1090,23,18,1,25.06864,121.5107,5
500103004,20231027,1091,23,18,1,25.06864,121.5107,5
500103004,20231027,1092,23,18,1,25.06864,121.5107,5
500103004,20231027,1093,23,16,1,25.06864,121.5107,7
500103004,20231027,1094,23,16,1,25.06864,121.5107,7
500103004,20231027,1095,23,16,1,25.06864,121.5107,7
500103004,20231027,1096,23,15,1,25.06864,121.5107,8
500103004,20231027,1097,23,15,1,25.06864,121.5107,8
500103004,20231027,1098,23,15,1,25.06864,121.5107,8
500103004,20231027,1099,23,15,1,25.06864,121.5107,8
500103004,20231027,1101,23,13,1,25.06864,121.5107,10
500103004,20231027,1102,23,13,1,25.06864,121.5107,10
500103004,20231027,1103,23,13,1,25.06864,121.5107,10
500103004,20231027,1104,23,13,1,25.06864,121.5107,10
500103004,20231027,1105,23,13,1,25.06864,121.5107,10
500103004,20231027,1106,23,13,1,25.06864,121.5107,10
500103004,20231027,1107,23,13,1,25.06864,121.5107,10
500103004,20231027,1108,23,13,1,25.06864,121.5107,10
500103004,20231027,1109,23,14,1,25.06864,121.5107,9
500103004,20231027,1111,23,14,1,25.06864,121.5107,9
500103004,20231027,1112,23,16,1,25.06864,121.5107,7
500103004,20231027,1113,23,16,1,25.06864,121.5107,7
500103004,20231027,1114,23,17,1,25.06864,121.5107,6
500103004,20231027,1115,23,17,1,25.06864,121.5107,6
500103004,20231027,1116,23,18,1,25.06864,121.5107,5
500103004,20231027,1117,23,16,1,25.06864,121.5107,7
500103004,20231027,1118,23,16,1,25.06864,121.5107,7
500103004,20231027,1119,23,16,1,25.06864,121.5107,7
500103004,20231027,1120,23,16,1,25.06864,121.5107,7
500103004,20231027,1121,23,17,1,25.06864,121.5107,6
500103004,20231027,1122,23,18,1,25.06864,121.5107,5
500103004,20231027,1123,23,18,1,25.06864,121.5107,5
500103004,20231027,1124,23,17,1,25.06864,121.5107,6
500103004,20231027,1125,23,16,1,25.06864,121.5107,7
500103004,20231027,1126,23,14,1,25.06864,121.5107,9
500103004,20231027,1127,23,14,1,25.06864,121.5107,9
500103004,20231027,1128,23,14,1,25.06864,121.5107,9
500103004,20231027,1129,23,14,1,25.06864,121.5107,9
500103004,20231027,1130,23,14,1,25.06864,121.5107,9
500103004,20231027,1131,23,14,1,25.06864,121.5107,9
500103004,20231027,1132,23,14,1,25.06864,121.5107,9
500103004,20231027,1133,23,13,1,25.06864,121.5107,10
500103004,20231027,1134,23,13,1,25.06864,121.5107,10
500103004,20231027,1135,23,13,1,25.06864,121.5107,10
500103004,20231027,1136,23,13,1,25.06864,121.5107,10
500103004,20231027,1137,23,13,1,25.06864,121.5107,10
500103004,20231027,1138,23,13,1,25.06864,121.5107,10
500103004,20231027,1139,23,12,1,25.06864,121.5107,11
500103004,20231027,1141,23,12,1,25.06864,121.5107,11
500103004,20231027,1142,23,11,1,25.06864,121.5107,12
500103004,20231027,1143,23,9,1,25.06864,121.5107,14
500103004,20231027,1144,23,9,1,25.06864,121.5107,14
500103004,20231027,1145,23,10,1,25.06864,121.5107,13
500103004,20231027,1146,23,9,1,25.06864,121.5107,14
500103004,20231027,1147,23,10,1,25.06864,121.5107,13
500103004,20231027,1148,23,10,1,25.06864,121.5107,13
500103004,20231027,1149,23,9,1,25.06864,121.5107,14
500103004,20231027,1150,23,8,1,25.06864,121.5107,15
500103004,20231027,1151,23,12,1,25.06864,121.5107,11
500103004,20231027,1152,23,18,1,25.06864,121.5107,5
500103004,20231027,1153,23,21,1,25.06864,121.5107,2
500103004,20231027,1154,23,21,1,25.06864,121.5107,2
500103004,20231027,1155,23,21,1,25.06864,121.5107,2
500103004,20231027,1156,23,20,1,25.06864,121.5107,3
500103004,20231027,1157,23,20,1,25.06864,121.5107,3
500103004,20231027,1158,23,19,1,25.06864,121.5107,4
500103004,20231027,1159,23,20,1,25.06864,121.5107,3
500103004,20231027,1161,23,21,1,25.06864,121.5107,2
500103004,20231027,1162,23,21,1,25.06864,121.5107,2
500103004,20231027,1163,23,19,1,25.06864,121.5107,4
500103004,20231027,1164,23,19,1,25.06864,121.5107,4
500103004,20231027,1165,23,19,1,25.06864,121.5107,4
500103004,20231027,1166,23,19,1,25.06864,121.5107,4
500103004,20231027,1167,23,18,1,25.06864,121.5107,5
500103004,20231027,1168,23,18,1,25.06864,121.5107,5
500103004,20231027,1169,23,19,1,25.06864,121.5107,4
500103004,20231027,1171,23,18,1,25.06864,121.5107,5
500103004,20231027,1172,23,18,1,25.06864,121.5107,5
500103004,20231027,1173,23,18,1,25.06864,121.5107,5
500103004,20231027,1174,23,19,1,25.06864,121.5107,4
500103004,20231027,1175,23,19,1,25.06864,121.5107,4
500103004,20231027,1176,23,19,1,25.06864,121.5107,4
500103004,20231027,1177,23,19,1,25.06864,121.5107,4
500103004,20231027,1178,23,19,1,25.06864,121.5107,4
500103004,20231027,1179,23,19,1,25.06864,121.5107,4
500103004,20231027,1180,23,19,1,25.06864,121.5107,4
500103004,20231027,1181,23,18,1,25.06864,121.5107,5
500103004,20231027,1182,23,18,1,25.06864,121.5107,5
500103004,20231027,1183,23,17,1,25.06864,121.5107,6
500103004,20231027,1184,23,17,1,25.06864,121.5107,6
500103004,20231027,1185,23,17,1,25.06864,121.5107,6
500103004,20231027,1186,23,17,1,25.06864,121.5107,6
500103004,20231027,1187,23,17,1,25.06864,121.5107,6
500103004,20231027,1188,23,17,1,25.06864,121.5107,6
500103004,20231027,1189,23,18,1,25.06864,121.5107,5
500103004,20231027,1190,23,19,1,25.06864,121.5107,4
500103004,20231027,1191,23,19,1,25.06864,121.5107,4
500103004,20231027,1192,23,19,1,25.06864,121.5107,4
500103004,20231027,1193,23,19,1,25.06864,121.5107,4
500103004,20231027,1194,23,16,1,25.06864,121.5107,7
500103004,20231027,1195,23,16,1,25.06864,121.5107,7
500103004,20231027,1196,23,17,1,25.06864,121.5107,6
500103004,20231027,1197,23,16,1,25.06864,121.5107,7
500103004,20231027,1198,23,16,1,25.06864,121.5107,7
500103004,20231027,1199,23,16,1,25.06864,121.5107,7
500103004,20231027,1201,23,17,1,25.06864,121.5107,6
500103004,20231027,1202,23,17,1,25.06864,121.5107,6
500103004,20231027,1203,23,17,1,25.06864,121.5107,6
500103004,20231027,1204,23,17,1,25.06864,121.5107,6
500103004,20231027,1205,23,17,1,25.06864,121.5107,6
500103004,20231027,1206,23,17,1,25.06864,121.5107,6
500103004,20231027,1207,23,17,1,25.06864,121.5107,6
500103004,20231027,1208,23,17,1,25.06864,121.5107,6
500103004,20231027,1209,23,17,1,25.06864,121.5107,6
500103004,20231027,1210,23,17,1,25.06864,121.5107,6
500103004,20231027,1211,23,17,1,25.06864,121.5107,6
500103004,20231027,1212,23,18,1,25.06864,121.5107,5
500103004,20231027,1213,23,18,1,25.06864,121.5107,5
500103004,20231027,1214,23,19,1,25.06864,121.5107,4
500103004,20231027,1215,23,17,1,25.06864,121.5107,6
500103004,20231027,1216,23,17,1,25.06864,121.5107,6
500103004,20231027,1217,23,18,1,25.06864,121.5107,5
500103004,20231027,1218,23,18,1,25.06864,121.5107,5
500103004,20231027,1219,23,18,1,25.06864,121.5107,5
500103004,20231027,1221,23,19,1,25.06864,121.5107,4
500103004,20231027,1222,23,19,1,25.06864,121.5107,4
500103004,20231027,1223,23,19,1,25.06864,121.5107,4
500103004,20231027,1224,23,18,1,25.06864,121.5107,5
500103004,20231027,1225,23,18,1,25.06864,121.5107,5
500103004,20231027,1226,23,18,1,25.06864,121.5107,5
500103004,20231027,1227,23,20,1,25.06864,121.5107,3
500103004,20231027,1228,23,19,1,25.06864,121.5107,4
500103004,20231027,1229,23,19,1,25.06864,121.5107,4
500103004,20231027,1231,23,19,1,25.06864,121.5107,4
500103004,20231027,1232,23,20,1,25.06864,121.5107,3
500103004,20231027,1233,23,20,1,25.06864,121.5107,3
500103004,20231027,1234,23,21,1,25.06864,121.5107,2
500103004,20231027,1235,23,21,1,25.06864,121.5107,2
500103004,20231027,1237,23,21,1,25.06864,121.5107,2
500103004,20231027,1238,23,21,1,25.06864,121.5107,2
500103004,20231027,1239,23,21,1,25.06864,121.5107,2
500103004,20231027,1240,23,21,1,25.06864,121.5107,2
500103004,20231027,1241,23,21,1,25.06864,121.5107,2
500103004,20231027,1242,23,21,1,25.06864,121.5107,2
500103004,20231027,1243,23,21,1,25.06864,121.5107,2
500103004,20231027,1244,23,21,1,25.06864,121.5107,2
500103004,20231027,1245,23,21,1,25.06864,121.5107,2
500103004,20231027,1246,23,21,1,25.06864,121.5107,2
500103004,20231027,1247,23,21,1,25.06864,121.5107,2
500103004,20231027,1248,23,21,1,25.06864,121.5107,2
500103004,20231027,1249,23,18,1,25.06864,121.5107,5
500103004,20231027,1250,23,17,1,25.06864,121.5107,6
500103004,20231027,1251,23,17,1,25.06864,121.5107,6
500103004,20231027,1252,23,17,1,25.06864,121.5107,6
500103004,20231027,1253,23,16,1,25.06864,121.5107,7
500103004,20231027,1254,23,16,1,25.06864,121.5107,7
500103004,20231027,1255,23,16,1,25.06864,121.5107,7
500103004,20231027,1256,23,16,1,25.06864,121.5107,7
500103004,20231027,1257,23,15,1,25.06864,121.5107,8
500103004,20231027,1258,23,14,1,25.06864,121.5107,9
500103004,20231027,1259,23,13,1,25.06864,121.5107,10
500103004,20231027,1261,23,13,1,25.06864,121.5107,10
500103004,20231027,1262,23,11,1,25.06864,121.5107,12
500103004,20231027,1263,23,11,1,25.06864,121.5107,12
500103004,20231027,1264,23,11,1,25.06864,121.5107,12
500103004,20231027,1265,23,11,1,25.06864,121.5107,12
500103004,20231027,1266,23,11,1,25.06864,121.5107,12
500103004,20231027,1267,23,11,1,25.06864,121.5107,12
500103004,20231027,1268,23,11,1,25.06864,121.5107,12
500103004,20231027,1269,23,11,1,25.06864,121.5107,12
500103004,20231027,1270,23,11,1,25.06864,121.5107,12
500103004,20231027,1271,23,9,1,25.06864,121.5107,14
500103004,20231027,1272,23,9,1,25.06864,121.5107,14
500103004,20231027,1273,23,9,1,25.06864,121.5107,14
500103004,20231027,1274,23,8,1,25.06864,121.5107,15
500103004,20231027,1275,23,8,1,25.06864,121.5107,15
500103004,20231027,1276,23,8,1,25.06864,121.5107,15
500103004,20231027,1277,23,8,1,25.06864,121.5107,15
500103004,20231027,1278,23,8,1,25.06864,121.5107,15
500103004,20231027,1279,23,8,1,25.06864,121.5107,15
500103004,20231027,1281,23,9,1,25.06864,121.5107,14
500103004,20231027,1282,23,9,1,25.06864,121.5107,14
500103004,20231027,1283,23,9,1,25.06864,121.5107,14
500103004,20231027,1284,23,9,1,25.06864,121.5107,14
500103004,20231027,1285,23,8,1,25.06864,121.5107,15
500103004,20231027,1286,23,8,1,25.06864,121.5107,15
500103004,20231027,1287,23,8,1,25.06864,121.5107,15
500103004,20231027,1288,23,8,1,25.06864,121.5107,15
500103004,20231027,1289,23,8,1,25.06864,121.5107,15
500103004,20231027,1291,23,8,1,25.06864,121.5107,15
500103004,20231027,1292,23,8,1,25.06864,121.5107,15
500103004,20231027,1293,23,8,1,25.06864,121.5107,15
500103004,20231027,1294,23,8,1,25.06864,121.5107,15
500103004,20231027,1295,23,9,1,25.06864,121.5107,14
500103004,20231027,1296,23,8,1,25.06864,121.5107,15
500103004,20231027,1297,23,8,1,25.06864,121.5107,15
500103004,20231027,1298,23,5,1,25.06864,121.5107,18
500103004,20231027,1299,23,5,1,25.06864,121.5107,18
500103004,20231027,1300,23,5,1,25.06864,121.5107,18
500103004,20231027,1301,23,5,1,25.06864,121.5107,18
500103004,20231027,1302,23,4,1,25.06864,121.5107,19
500103004,20231027,1303,23,4,1,25.06864,121.5107,19
500103004,20231027,1304,23,3,1,25.06864,121.5107,20
500103004,20231027,1305,23,2,1,25.06864,121.5107,21
500103004,20231027,1306,23,1,1,25.06864,121.5107,22
500103004,20231027,1307,23,2,1,25.06864,121.5107,21
500103004,20231027,1308,23,3,1,25.06864,121.5107,20
500103004,20231027,1309,23,5,1,25.06864,121.5107,18
500103004,20231027,1310,23,5,1,25.06864,121.5107,18
500103004,20231027,1311,23,5,1,25.06864,121.5107,18
500103004,20231027,1312,23,5,1,25.06864,121.5107,18
500103004,20231027,1313,23,5,1,25.06864,121.5107,18
500103004,20231027,1314,23,6,1,25.06864,121.5107,17
500103004,20231027,1315,23,6,1,25.06864,121.5107,17
500103004,20231027,1316,23,6,1,25.06864,121.5107,17
500103004,20231027,1317,23,6,1,25.06864,121.5107,17
500103004,20231027,1318,23,6,1,25.06864,121.5107,17
500103004,20231027,1319,23,6,1,25.06864,121.5107,17
500103004,20231027,1321,23,6,1,25.06864,121.5107,17
500103004,20231027,1322,23,6,1,25.06864,121.5107,17
500103004,20231027,1323,23,6,1,25.06864,121.5107,17
500103004,20231027,1324,23,5,1,25.06864,121.5107,18
500103004,20231027,1325,23,4,1,25.06864,121.5107,19
500103004,20231027,1326,23,4,1,25.06864,121.5107,19
500103004,20231027,1327,23,2,1,25.06864,121.5107,21
500103004,20231027,1328,23,1,1,25.06864,121.5107,22
500103004,20231027,1329,23,1,1,25.06864,121.5107,22
500103004,20231027,1330,23,1,1,25.06864,121.5107,22
500103004,20231027,1331,23,1,1,25.06864,121.5107,22
500103004,20231027,1332,23,1,1,25.06864,121.5107,22
500103004,20231027,1333,23,1,1,25.06864,121.5107,22
500103004,20231027,1334,23,1,1,25.06864,121.5107,22
500103004,20231027,1335,23,1,1,25.06864,121.5107,22
500103004,20231027,1336,23,1,1,25.06864,121.5107,22
500103004,20231027,1337,23,1,1,25.06864,121.5107,22
500103004,20231027,1338,23,1,1,25.06864,121.5107,22
500103004,20231027,1339,23,1,1,25.06864,121.5107,22
500103004,20231027,1341,23,1,1,25.06864,121.5107,22
500103004,20231027,1342,23,1,1,25.06864,121.5107,22
500103004,20231027,1343,23,1,1,25.06864,121.5107,22
500103004,20231027,1344,23,1,1,25.06864,121.5107,22
500103004,20231027,1345,23,1,1,25.06864,121.5107,22
500103004,20231027,1346,23,1,1,25.06864,121.5107,22
500103004,20231027,1347,23,2,1,25.06864,121.5107,21
500103004,20231027,1348,23,1,1,25.06864,121.5107,22
500103004,20231027,1349,23,1,1,25.06864,121.5107,22
500103004,20231027,1351,23,1,1,25.06864,121.5107,22
500103004,20231027,1352,23,1,1,25.06864,121.5107,22
500103004,20231027,1353,23,1,1,25.06864,121.5107,22
500103004,20231027,1354,23,1,1,25.06864,121.5107,22
500103004,20231027,1355,23,1,1,25.06864,121.5107,22
500103004,20231027,1356,23,1,1,25.06864,121.5107,22
500103004,20231027,1357,23,1,1,25.06864,121.5107,22
500103004,20231027,1358,23,2,1,25.06864,121.5107,21
500103004,20231027,1359,23,2,1,25.06864,121.5107,21
500103004,20231027,1360,23,2,1,25.06864,121.5107,21
500103004,20231027,1361,23,2,1,25.06864,121.5107,21
500103004,20231027,1362,23,2,1,25.06864,121.5107,21
500103004,20231027,1363,23,2,1,25.06864,121.5107,21
500103004,20231027,1364,23,2,1,25.06864,121.5107,21
500103004,20231027,1365,23,2,1,25.06864,121.5107,21
500103004,20231027,1366,23,2,1,25.06864,121.5107,21
500103004,20231027,1367,23,1,1,25.06864,121.5107,22
500103004,20231027,1368,23,1,1,25.06864,121.5107,22
500103004,20231027,1369,23,1,1,25.06864,121.5107,22
500103004,20231027,1370,23,1,1,25.06864,121.5107,22
500103004,20231027,1371,23,1,1,25.06864,121.5107,22
500103004,20231027,1372,23,1,1,25.06864,121.5107,22
500103004,20231027,1373,23,1,1,25.06864,121.5107,22
500103004,20231027,1374,23,1,1,25.06864,121.5107,22
500103004,20231027,1375,23,1,1,25.06864,121.5107,22
500103004,20231027,1376,23,1,1,25.06864,121.5107,22
500103004,20231027,1377,23,1,1,25.06864,121.5107,22
500103004,20231027,1378,23,1,1,25.06864,121.5107,22
500103004,20231027,1379,23,1,1,25.06864,121.5107,22
500103004,20231027,1381,23,1,1,25.06864,121.5107,22
500103004,20231027,1382,23,1,1,25.06864,121.5107,22
500103004,20231027,1383,23,1,1,25.06864,121.5107,22
500103004,20231027,1384,23,1,1,25.06864,121.5107,22
500103004,20231027,1385,23,1,1,25.06864,121.5107,22
500103004,20231027,1386,23,1,1,25.06864,121.5107,22
500103004,20231027,1387,23,1,1,25.06864,121.5107,22
500103004,20231027,1388,23,1,1,25.06864,121.5107,22
500103004,20231027,1389,23,1,1,25.06864,121.5107,22
500103004,20231027,1390,23,1,1,25.06864,121.5107,22
500103004,20231027,1391,23,1,1,25.06864,121.5107,22
500103004,20231027,1392,23,1,1,25.06864,121.5107,22
500103004,20231027,1393,23,1,1,25.06864,121.5107,22
500103004,20231027,1394,23,1,1,25.06864,121.5107,22
500103004,20231027,1395,23,1,1,25.06864,121.5107,22
500103004,20231027,1396,23,1,1,25.06864,121.5107,22
500103004,20231027,1397,23,1,1,25.06864,121.5107,22
500103004,20231027,1398,23,1,1,25.06864,121.5107,22
500103004,20231027,1399,23,1,1,25.06864,121.5107,22
500103004,20231027,1401,23,1,1,25.06864,121.5107,22
500103004,20231027,1402,23,1,1,25.06864,121.5107,22
500103004,20231027,1403,23,1,1,25.06864,121.5107,22
500103004,20231027,1404,23,1,1,25.06864,121.5107,22
500103004,20231027,1405,23,1,1,25.06864,121.5107,22
500103004,20231027,1406,23,1,1,25.06864,121.5107,22
500103004,20231027,1407,23,1,1,25.06864,121.5107,22
500103004,20231027,1408,23,1,1,25.06864,121.5107,22
500103004,20231027,1409,23,1,1,25.06864,121.5107,22
500103004,20231027,1410,23,1,1,25.06864,121.5107,22
500103004,20231027,1411,23,1,1,25.06864,121.5107,22
500103004,20231027,1412,23,1,1,25.06864,121.5107,22
500103004,20231027,1413,23,1,1,25.06864,121.5107,22
500103004,20231027,1414,23,1,1,25.06864,121.5107,22
500103004,20231027,1415,23,1,1,25.06864,121.5107,22
500103004,20231027,1416,23,1,1,25.06864,121.5107,22
500103004,20231027,1417,23,1,1,25.06864,121.5107,22
500103004,20231027,1418,23,1,1,25.06864,121.5107,22
500103004,20231027,1419,23,1,1,25.06864,121.5107,22
500103004,20231027,1420,23,1,1,25.06864,121.5107,22
500103004,20231027,1421,23,1,1,25.06864,121.5107,22
500103004,20231027,1422,23,1,1,25.06864,121.5107,22
500103004,20231027,1423,23,1,1,25.06864,121.5107,22
500103004,20231027,1424,23,1,1,25.06864,121.5107,22
500103004,20231027,1425,23,1,1,25.06864,121.5107,22
500103004,20231027,1426,23,1,1,25.06864,121.5107,22
500103004,20231027,1427,23,1,1,25.06864,121.5107,22
500103004,20231027,1428,23,1,1,25.06864,121.5107,22
500103004,20231027,1429,23,1,1,25.06864,121.5107,22
500103004,20231027,1430,23,1,1,25.06864,121.5107,22
500103004,20231027,1431,23,2,1,25.06864,121.5107,21
500103004,20231027,1432,23,2,1,25.06864,121.5107,21
500103004,20231027,1433,23,2,1,25.06864,121.5107,21
500103004,20231027,1434,23,2,1,25.06864,121.5107,21
500103004,20231027,1435,23,2,1,25.06864,121.5107,21
500103004,20231027,1436,23,2,1,25.06864,121.5107,21
500103004,20231027,1437,23,1,1,25.06864,121.5107,22
500103004,20231027,1438,23,1,1,25.06864,121.5107,22
500103004,20231027,1439,23,1,1,25.06864,121.5107,22
500103004,20231028,1,23,1,1,25.06864,121.5107,22
500103004,20231028,2,23,1,1,25.06864,121.5107,22
500103004,20231028,3,23,1,1,25.06864,121.5107,22
500103004,20231028,4,23,1,1,25.06864,121.5107,22
500103004,20231028,5,23,1,1,25.06864,121.5107,22
500103004,20231028,6,23,1,1,25.06864,121.5107,22
500103004,20231028,7,23,1,1,25.06864,121.5107,22
500103004,20231028,8,23,1,1,25.06864,121.5107,22
500103004,20231028,9,23,1,1,25.06864,121.5107,22
500103004,20231028,10,23,1,1,25.06864,121.5107,22
500103004,20231028,11,23,1,1,25.06864,121.5107,22
500103004,20231028,12,23,1,1,25.06864,121.5107,22
500103004,20231028,13,23,1,1,25.06864,121.5107,22
500103004,20231028,14,23,1,1,25.06864,121.5107,22
500103004,20231028,15,23,1,1,25.06864,121.5107,22
500103004,20231028,16,23,1,1,25.06864,121.5107,22
500103004,20231028,17,23,1,1,25.06864,121.5107,22
500103004,20231028,18,23,1,1,25.06864,121.5107,22
500103004,20231028,19,23,1,1,25.06864,121.5107,22
500103004,20231028,21,23,1,1,25.06864,121.5107,22
500103004,20231028,22,23,1,1,25.06864,121.5107,22
500103004,20231028,23,23,1,1,25.06864,121.5107,22
500103004,20231028,24,23,2,1,25.06864,121.5107,21
500103004,20231028,25,23,2,1,25.06864,121.5107,21
500103004,20231028,26,23,2,1,25.06864,121.5107,21
500103004,20231028,27,23,2,1,25.06864,121.5107,21
500103004,20231028,28,23,2,1,25.06864,121.5107,21
500103004,20231028,29,23,2,1,25.06864,121.5107,21
500103004,20231028,30,23,4,1,25.06864,121.5107,19
500103004,20231028,31,23,4,1,25.06864,121.5107,19
500103004,20231028,32,23,6,1,25.06864,121.5107,17
500103004,20231028,33,23,6,1,25.06864,121.5107,17
500103004,20231028,34,23,6,1,25.06864,121.5107,17
500103004,20231028,35,23,6,1,25.06864,121.5107,17
500103004,20231028,36,23,6,1,25.06864,121.5107,17
500103004,20231028,37,23,6,1,25.06864,121.5107,17
500103004,20231028,38,23,6,1,25.06864,121.5107,17
500103004,20231028,39,23,6,1,25.06864,121.5107,17
500103004,20231028,40,23,6,1,25.06864,121.5107,17
500103004,20231028,41,23,6,1,25.06864,121.5107,17
500103004,20231028,42,23,6,1,25.06864,121.5107,17
500103004,20231028,43,23,6,1,25.06864,121.5107,17
500103004,20231028,44,23,6,1,25.06864,121.5107,17
500103004,20231028,45,23,6,1,25.06864,121.5107,17
500103004,20231028,46,23,6,1,25.06864,121.5107,17
500103004,20231028,47,23,6,1,25.06864,121.5107,17
500103004,20231028,48,23,6,1,25.06864,121.5107,17
500103004,20231028,49,23,6,1,25.06864,121.5107,17
500103004,20231028,50,23,6,1,25.06864,121.5107,17
500103004,20231028,51,23,6,1,25.06864,121.5107,17
500103004,20231028,52,23,6,1,25.06864,121.5107,17
500103004,20231028,53,23,6,1,25.06864,121.5107,17
500103004,20231028,54,23,6,1,25.06864,121.5107,17
500103004,20231028,55,23,6,1,25.06864,121.5107,17
500103004,20231028,56,23,6,1,25.06864,121.5107,17
500103004,20231028,57,23,6,1,25.06864,121.5107,17
500103004,20231028,58,23,6,1,25.06864,121.5107,17
500103004,20231028,59,23,6,1,25.06864,121.5107,17
500103004,20231028,60,23,6,1,25.06864,121.5107,17
500103004,20231028,61,23,6,1,25.06864,121.5107,17
500103004,20231028,62,23,6,1,25.06864,121.5107,17
500103004,20231028,63,23,6,1,25.06864,121.5107,17
500103004,20231028,64,23,6,1,25.06864,121.5107,17
500103004,20231028,65,23,6,1,25.06864,121.5107,17
500103004,20231028,66,23,6,1,25.06864,121.5107,17
500103004,20231028,67,23,6,1,25.06864,121.5107,17
500103004,20231028,68,23,6,1,25.06864,121.5107,17
500103004,20231028,69,23,6,1,25.06864,121.5107,17
500103004,20231028,70,23,5,1,25.06864,121.5107,18
500103004,20231028,71,23,5,1,25.06864,121.5107,18
500103004,20231028,72,23,5,1,25.06864,121.5107,18
500103004,20231028,75,23,5,1,25.06864,121.5107,18
500103004,20231028,76,23,5,1,25.06864,121.5107,18
500103004,20231028,77,23,5,1,25.06864,121.5107,18
500103004,20231028,78,23,5,1,25.06864,121.5107,18
500103004,20231028,79,23,5,1,25.06864,121.5107,18
500103004,20231028,81,23,5,1,25.06864,121.5107,18
500103004,20231028,82,23,5,1,25.06864,121.5107,18
500103004,20231028,83,23,5,1,25.06864,121.5107,18
500103004,20231028,84,23,5,1,25.06864,121.5107,18
500103004,20231028,86,23,5,1,25.06864,121.5107,18
500103004,20231028,87,23,5,1,25.06864,121.5107,18
500103004,20231028,88,23,5,1,25.06864,121.5107,18
500103004,20231028,89,23,5,1,25.06864,121.5107,18
500103004,20231028,90,23,5,1,25.06864,121.5107,18
500103004,20231028,91,23,5,1,25.06864,121.5107,18
500103004,20231028,92,23,5,1,25.06864,121.5107,18
500103004,20231028,93,23,5,1,25.06864,121.5107,18
500103004,20231028,94,23,5,1,25.06864,121.5107,18
500103004,20231028,95,23,5,1,25.06864,121.5107,18
500103004,20231028,96,23,5,1,25.06864,121.5107,18
500103004,20231028,97,23,5,1,25.06864,121.5107,18
500103004,20231028,98,23,5,1,25.06864,121.5107,18
500103004,20231028,99,23,5,1,25.06864,121.5107,18
500103004,20231028,100,23,3,1,25.06864,121.5107,20
500103004,20231028,101,23,3,1,25.06864,121.5107,20
500103004,20231028,102,23,3,1,25.06864,121.5107,20
500103004,20231028,103,23,3,1,25.06864,121.5107,20
500103004,20231028,104,23,3,1,25.06864,121.5107,20
500103004,20231028,105,23,3,1,25.06864,121.5107,20
500103004,20231028,107,23,3,1,25.06864,121.5107,20
500103004,20231028,108,23,3,1,25.06864,121.5107,20
500103004,20231028,109,23,3,1,25.06864,121.5107,20
500103004,20231028,110,23,3,1,25.06864,121.5107,20
500103004,20231028,111,23,3,1,25.06864,121.5107,20
500103004,20231028,112,23,2,1,25.06864,121.5107,21
500103004,20231028,113,23,2,1,25.06864,121.5107,21
500103004,20231028,114,23,2,1,25.06864,121.5107,21
500103004,20231028,116,23,2,1,25.06864,121.5107,21
500103004,20231028,117,23,2,1,25.06864,121.5107,21
500103004,20231028,118,23,2,1,25.06864,121.5107,21
500103004,20231028,119,23,2,1,25.06864,121.5107,21
500103004,20231028,121,23,2,1,25.06864,121.5107,21
500103004,20231028,122,23,2,1,25.06864,121.5107,21
500103004,20231028,123,23,2,1,25.06864,121.5107,21
500103004,20231028,125,23,2,1,25.06864,121.5107,21
500103004,20231028,126,23,2,1,25.06864,121.5107,21
500103004,20231028,127,23,2,1,25.06864,121.5107,21
500103004,20231028,128,23,2,1,25.06864,121.5107,21
500103004,20231028,129,23,2,1,25.06864,121.5107,21
500103004,20231028,130,23,2,1,25.06864,121.5107,21
500103004,20231028,131,23,2,1,25.06864,121.5107,21
500103004,20231028,132,23,2,1,25.06864,121.5107,21
500103004,20231028,133,23,2,1,25.06864,121.5107,21
500103004,20231028,134,23,2,1,25.06864,121.5107,21
500103004,20231028,135,23,2,1,25.06864,121.5107,21
500103004,20231028,136,23,2,1,25.06864,121.5107,21
500103004,20231028,137,23,2,1,25.06864,121.5107,21
500103004,20231028,138,23,2,1,25.06864,121.5107,21
500103004,20231028,139,23,2,1,25.06864,121.5107,21
500103004,20231028,141,23,2,1,25.06864,121.5107,21
500103004,20231028,142,23,2,1,25.06864,121.5107,21
500103004,20231028,143,23,2,1,25.06864,121.5107,21
500103004,20231028,144,23,2,1,25.06864,121.5107,21
500103004,20231028,145,23,2,1,25.06864,121.5107,21
500103004,20231028,146,23,2,1,25.06864,121.5107,21
500103004,20231028,147,23,2,1,25.06864,121.5107,21
500103004,20231028,148,23,2,1,25.06864,121.5107,21
500103004,20231028,149,23,2,1,25.06864,121.5107,21
500103004,20231028,150,23,2,1,25.06864,121.5107,21
500103004,20231028,151,23,2,1,25.06864,121.5107,21
500103004,20231028,152,23,2,1,25.06864,121.5107,21
500103004,20231028,153,23,2,1,25.06864,121.5107,21
500103004,20231028,154,23,2,1,25.06864,121.5107,21
500103004,20231028,155,23,2,1,25.06864,121.5107,21
500103004,20231028,156,23,2,1,25.06864,121.5107,21
500103004,20231028,157,23,2,1,25.06864,121.5107,21
500103004,20231028,158,23,2,1,25.06864,121.5107,21
500103004,20231028,159,23,2,1,25.06864,121.5107,21
500103004,20231028,160,23,2,1,25.06864,121.5107,21
500103004,20231028,161,23,2,1,25.06864,121.5107,21
500103004,20231028,162,23,2,1,25.06864,121.5107,21
500103004,20231028,163,23,2,1,25.06864,121.5107,21
500103004,20231028,164,23,2,1,25.06864,121.5107,21
500103004,20231028,165,23,2,1,25.06864,121.5107,21
500103004,20231028,166,23,2,1,25.06864,121.5107,21
500103004,20231028,167,23,2,1,25.06864,121.5107,21
500103004,20231028,168,23,2,1,25.06864,121.5107,21
500103004,20231028,169,23,1,1,25.06864,121.5107,22
500103004,20231028,170,23,1,1,25.06864,121.5107,22
500103004,20231028,171,23,1,1,25.06864,121.5107,22
500103004,20231028,172,23,1,1,25.06864,121.5107,22
500103004,20231028,173,23,1,1,25.06864,121.5107,22
500103004,20231028,174,23,1,1,25.06864,121.5107,22
500103004,20231028,175,23,1,1,25.06864,121.5107,22
500103004,20231028,176,23,1,1,25.06864,121.5107,22
500103004,20231028,177,23,1,1,25.06864,121.5107,22
500103004,20231028,178,23,1,1,25.06864,121.5107,22
500103004,20231028,179,23,1,1,25.06864,121.5107,22
500103004,20231028,180,23,1,1,25.06864,121.5107,22
500103004,20231028,183,23,1,1,25.06864,121.5107,22
500103004,20231028,185,23,1,1,25.06864,121.5107,22
500103004,20231028,186,23,1,1,25.06864,121.5107,22
500103004,20231028,187,23,1,1,25.06864,121.5107,22
500103004,20231028,188,23,1,1,25.06864,121.5107,22
500103004,20231028,189,23,1,1,25.06864,121.5107,22
500103004,20231028,190,23,1,1,25.06864,121.5107,22
500103004,20231028,191,23,1,1,25.06864,121.5107,22
500103004,20231028,192,23,1,1,25.06864,121.5107,22
500103004,20231028,193,23,1,1,25.06864,121.5107,22
500103004,20231028,194,23,1,1,25.06864,121.5107,22
500103004,20231028,195,23,1,1,25.06864,121.5107,22
500103004,20231028,196,23,1,1,25.06864,121.5107,22
500103004,20231028,197,23,1,1,25.06864,121.5107,22
500103004,20231028,198,23,1,1,25.06864,121.5107,22
500103004,20231028,199,23,1,1,25.06864,121.5107,22
500103004,20231028,201,23,1,1,25.06864,121.5107,22
500103004,20231028,202,23,1,1,25.06864,121.5107,22
500103004,20231028,203,23,1,1,25.06864,121.5107,22
500103004,20231028,204,23,1,1,25.06864,121.5107,22
500103004,20231028,205,23,1,1,25.06864,121.5107,22
500103004,20231028,206,23,1,1,25.06864,121.5107,22
500103004,20231028,207,23,1,1,25.06864,121.5107,22
500103004,20231028,208,23,1,1,25.06864,121.5107,22
500103004,20231028,209,23,1,1,25.06864,121.5107,22
500103004,20231028,210,23,1,1,25.06864,121.5107,22
500103004,20231028,211,23,1,1,25.06864,121.5107,22
500103004,20231028,212,23,1,1,25.06864,121.5107,22
500103004,20231028,213,23,1,1,25.06864,121.5107,22
500103004,20231028,214,23,1,1,25.06864,121.5107,22
500103004,20231028,215,23,1,1,25.06864,121.5107,22
500103004,20231028,216,23,1,1,25.06864,121.5107,22
500103004,20231028,217,23,1,1,25.06864,121.5107,22
500103004,20231028,218,23,1,1,25.06864,121.5107,22
500103004,20231028,219,23,1,1,25.06864,121.5107,22
500103004,20231028,220,23,1,1,25.06864,121.5107,22
500103004,20231028,221,23,1,1,25.06864,121.5107,22
500103004,20231028,222,23,1,1,25.06864,121.5107,22
500103004,20231028,223,23,1,1,25.06864,121.5107,22
500103004,20231028,224,23,1,1,25.06864,121.5107,22
500103004,20231028,225,23,1,1,25.06864,121.5107,22
500103004,20231028,226,23,1,1,25.06864,121.5107,22
500103004,20231028,227,23,1,1,25.06864,121.5107,22
500103004,20231028,228,23,1,1,25.06864,121.5107,22
500103004,20231028,229,23,1,1,25.06864,121.5107,22
500103004,20231028,230,23,1,1,25.06864,121.5107,22
500103004,20231028,231,23,1,1,25.06864,121.5107,22
500103004,20231028,232,23,1,1,25.06864,121.5107,22
500103004,20231028,233,23,1,1,25.06864,121.5107,22
500103004,20231028,234,23,1,1,25.06864,121.5107,22
500103004,20231028,235,23,1,1,25.06864,121.5107,22
500103004,20231028,236,23,1,1,25.06864,121.5107,22
500103004,20231028,237,23,1,1,25.06864,121.5107,22
500103004,20231028,238,23,1,1,25.06864,121.5107,22
500103004,20231028,239,23,1,1,25.06864,121.5107,22
500103004,20231028,240,23,1,1,25.06864,121.5107,22
500103004,20231028,241,23,1,1,25.06864,121.5107,22
500103004,20231028,242,23,1,1,25.06864,121.5107,22
500103004,20231028,243,23,1,1,25.06864,121.5107,22
500103004,20231028,244,23,1,1,25.06864,121.5107,22
500103004,20231028,245,23,1,1,25.06864,121.5107,22
500103004,20231028,246,23,1,1,25.06864,121.5107,22
500103004,20231028,247,23,1,1,25.06864,121.5107,22
500103004,20231028,248,23,1,1,25.06864,121.5107,22
500103004,20231028,249,23,1,1,25.06864,121.5107,22
500103004,20231028,250,23,1,1,25.06864,121.5107,22
500103004,20231028,251,23,1,1,25.06864,121.5107,22
500103004,20231028,252,23,1,1,25.06864,121.5107,22
500103004,20231028,253,23,1,1,25.06864,121.5107,22
500103004,20231028,254,23,1,1,25.06864,121.5107,22
500103004,20231028,255,23,1,1,25.06864,121.5107,22
500103004,20231028,256,23,1,1,25.06864,121.5107,22
500103004,20231028,257,23,1,1,25.06864,121.5107,22
500103004,20231028,258,23,1,1,25.06864,121.5107,22
500103004,20231028,259,23,1,1,25.06864,121.5107,22
500103004,20231028,261,23,1,1,25.06864,121.5107,22
500103004,20231028,262,23,1,1,25.06864,121.5107,22
500103004,20231028,263,23,1,1,25.06864,121.5107,22
500103004,20231028,264,23,1,1,25.06864,121.5107,22
500103004,20231028,265,23,1,1,25.06864,121.5107,22
500103004,20231028,266,23,1,1,25.06864,121.5107,22
500103004,20231028,267,23,2,1,25.06864,121.5107,21
500103004,20231028,268,23,2,1,25.06864,121.5107,21
500103004,20231028,269,23,2,1,25.06864,121.5107,21
500103004,20231028,270,23,2,1,25.06864,121.5107,21
500103004,20231028,271,23,2,1,25.06864,121.5107,21
500103004,20231028,272,23,2,1,25.06864,121.5107,21
500103004,20231028,273,23,2,1,25.06864,121.5107,21
500103004,20231028,274,23,2,1,25.06864,121.5107,21
500103004,20231028,275,23,2,1,25.06864,121.5107,21
500103004,20231028,276,23,3,1,25.06864,121.5107,20
500103004,20231028,277,23,3,1,25.06864,121.5107,20
500103004,20231028,278,23,3,1,25.06864,121.5107,20
500103004,20231028,279,23,3,1,25.06864,121.5107,20
500103004,20231028,280,23,3,1,25.06864,121.5107,20
500103004,20231028,281,23,3,1,25.06864,121.5107,20
500103004,20231028,282,23,3,1,25.06864,121.5107,20
500103004,20231028,283,23,3,1,25.06864,121.5107,20
500103004,20231028,284,23,3,1,25.06864,121.5107,20
500103004,20231028,285,23,3,1,25.06864,121.5107,20
500103004,20231028,286,23,3,1,25.06864,121.5107,20
500103004,20231028,287,23,3,1,25.06864,121.5107,20
500103004,20231028,288,23,3,1,25.06864,121.5107,20
500103004,20231028,289,23,3,1,25.06864,121.5107,20
500103004,20231028,290,23,4,1,25.06864,121.5107,19
500103004,20231028,291,23,4,1,25.06864,121.5107,19
500103004,20231028,292,23,4,1,25.06864,121.5107,19
500103004,20231028,293,23,4,1,25.06864,121.5107,19
500103004,20231028,294,23,4,1,25.06864,121.5107,19
500103004,20231028,295,23,4,1,25.06864,121.5107,19
500103004,20231028,296,23,4,1,25.06864,121.5107,19
500103004,20231028,297,23,4,1,25.06864,121.5107,19
500103004,20231028,298,23,4,1,25.06864,121.5107,19
500103004,20231028,299,23,4,1,25.06864,121.5107,19
500103004,20231028,300,23,4,1,25.06864,121.5107,19
500103004,20231028,301,23,4,1,25.06864,121.5107,19
500103004,20231028,302,23,4,1,25.06864,121.5107,19
500103004,20231028,303,23,4,1,25.06864,121.5107,19
500103004,20231028,304,23,3,1,25.06864,121.5107,20
500103004,20231028,305,23,3,1,25.06864,121.5107,20
500103004,20231028,306,23,3,1,25.06864,121.5107,20
500103004,20231028,307,23,2,1,25.06864,121.5107,21
500103004,20231028,308,23,2,1,25.06864,121.5107,21
500103004,20231028,309,23,2,1,25.06864,121.5107,21
500103004,20231028,310,23,2,1,25.06864,121.5107,21
500103004,20231028,311,23,2,1,25.06864,121.5107,21
500103004,20231028,312,23,2,1,25.06864,121.5107,21
500103004,20231028,313,23,2,1,25.06864,121.5107,21
500103004,20231028,314,23,2,1,25.06864,121.5107,21
500103004,20231028,315,23,2,1,25.06864,121.5107,21
500103004,20231028,316,23,2,1,25.06864,121.5107,21
500103004,20231028,317,23,2,1,25.06864,121.5107,21
500103004,20231028,318,23,2,1,25.06864,121.5107,21
500103004,20231028,319,23,2,1,25.06864,121.5107,21
500103004,20231028,321,23,2,1,25.06864,121.5107,21
500103004,20231028,322,23,2,1,25.06864,121.5107,21
500103004,20231028,323,23,2,1,25.06864,121.5107,21
500103004,20231028,324,23,2,1,25.06864,121.5107,21
500103004,20231028,325,23,2,1,25.06864,121.5107,21
500103004,20231028,326,23,2,1,25.06864,121.5107,21
500103004,20231028,327,23,2,1,25.06864,121.5107,21
500103004,20231028,328,23,2,1,25.06864,121.5107,21
500103004,20231028,329,23,2,1,25.06864,121.5107,21
500103004,20231028,330,23,2,1,25.06864,121.5107,21
500103004,20231028,331,23,2,1,25.06864,121.5107,21
500103004,20231028,332,23,2,1,25.06864,121.5107,21
500103004,20231028,333,23,2,1,25.06864,121.5107,21
500103004,20231028,334,23,2,1,25.06864,121.5107,21
500103004,20231028,335,23,2,1,25.06864,121.5107,21
500103004,20231028,336,23,2,1,25.06864,121.5107,21
500103004,20231028,337,23,2,1,25.06864,121.5107,21
500103004,20231028,338,23,2,1,25.06864,121.5107,21
500103004,20231028,339,23,2,1,25.06864,121.5107,21
500103004,20231028,340,23,2,1,25.06864,121.5107,21
500103004,20231028,341,23,2,1,25.06864,121.5107,21
500103004,20231028,342,23,2,1,25.06864,121.5107,21
500103004,20231028,343,23,2,1,25.06864,121.5107,21
500103004,20231028,344,23,2,1,25.06864,121.5107,21
500103004,20231028,345,23,2,1,25.06864,121.5107,21
500103004,20231028,346,23,2,1,25.06864,121.5107,21
500103004,20231028,347,23,2,1,25.06864,121.5107,21
500103004,20231028,348,23,2,1,25.06864,121.5107,21
500103004,20231028,349,23,2,1,25.06864,121.5107,21
500103004,20231028,350,23,2,1,25.06864,121.5107,21
500103004,20231028,351,23,2,1,25.06864,121.5107,21
500103004,20231028,352,23,2,1,25.06864,121.5107,21
500103004,20231028,353,23,2,1,25.06864,121.5107,21
500103004,20231028,354,23,2,1,25.06864,121.5107,21
500103004,20231028,355,23,2,1,25.06864,121.5107,21
500103004,20231028,356,23,2,1,25.06864,121.5107,21
500103004,20231028,357,23,2,1,25.06864,121.5107,21
500103004,20231028,358,23,2,1,25.06864,121.5107,21
500103004,20231028,359,23,2,1,25.06864,121.5107,21
500103004,20231028,360,23,2,1,25.06864,121.5107,21
500103004,20231028,361,23,2,1,25.06864,121.5107,21
500103004,20231028,362,23,2,1,25.06864,121.5107,21
500103004,20231028,363,23,2,1,25.06864,121.5107,21
500103004,20231028,364,23,2,1,25.06864,121.5107,21
500103004,20231028,365,23,2,1,25.06864,121.5107,21
500103004,20231028,366,23,1,1,25.06864,121.5107,22
500103004,20231028,368,23,1,1,25.06864,121.5107,22
500103004,20231028,370,23,1,1,25.06864,121.5107,22
500103004,20231028,371,23,1,1,25.06864,121.5107,22
500103004,20231028,373,23,1,1,25.06864,121.5107,22
500103004,20231028,374,23,1,1,25.06864,121.5107,22
500103004,20231028,376,23,1,1,25.06864,121.5107,22
500103004,20231028,378,23,1,1,25.06864,121.5107,22
500103004,20231028,379,23,1,1,25.06864,121.5107,22
500103004,20231028,381,23,2,1,25.06864,121.5107,21
500103004,20231028,382,23,2,1,25.06864,121.5107,21
500103004,20231028,383,23,3,1,25.06864,121.5107,20
500103004,20231028,384,23,3,1,25.06864,121.5107,20
500103004,20231028,385,23,3,1,25.06864,121.5107,20
500103004,20231028,386,23,3,1,25.06864,121.5107,20
500103004,20231028,387,23,3,1,25.06864,121.5107,20
500103004,20231028,388,23,3,1,25.06864,121.5107,20
500103004,20231028,389,23,3,1,25.06864,121.5107,20
500103004,20231028,390,23,3,1,25.06864,121.5107,20
500103004,20231028,391,23,3,1,25.06864,121.5107,20
500103004,20231028,392,23,3,1,25.06864,121.5107,20
500103004,20231028,393,23,3,1,25.06864,121.5107,20
500103004,20231028,394,23,3,1,25.06864,121.5107,20
500103004,20231028,395,23,3,1,25.06864,121.5107,20
500103004,20231028,396,23,3,1,25.06864,121.5107,20
500103004,20231028,397,23,3,1,25.06864,121.5107,20
500103004,20231028,398,23,3,1,25.06864,121.5107,20
500103004,20231028,399,23,3,1,25.06864,121.5107,20
500103004,20231028,400,23,3,1,25.06864,121.5107,20
500103004,20231028,401,23,3,1,25.06864,121.5107,20
500103004,20231028,402,23,3,1,25.06864,121.5107,20
500103004,20231028,403,23,4,1,25.06864,121.5107,19
500103004,20231028,404,23,4,1,25.06864,121.5107,19
500103004,20231028,405,23,4,1,25.06864,121.5107,19
500103004,20231028,406,23,4,1,25.06864,121.5107,19
500103004,20231028,407,23,4,1,25.06864,121.5107,19
500103004,20231028,408,23,4,1,25.06864,121.5107,19
500103004,20231028,409,23,4,1,25.06864,121.5107,19
500103004,20231028,410,23,4,1,25.06864,121.5107,19
500103004,20231028,411,23,4,1,25.06864,121.5107,19
500103004,20231028,412,23,5,1,25.06864,121.5107,18
500103004,20231028,413,23,4,1,25.06864,121.5107,19
500103004,20231028,414,23,5,1,25.06864,121.5107,18
500103004,20231028,415,23,5,1,25.06864,121.5107,18
500103004,20231028,416,23,5,1,25.06864,121.5107,18
500103004,20231028,417,23,6,1,25.06864,121.5107,17
500103004,20231028,418,23,6,1,25.06864,121.5107,17
500103004,20231028,419,23,6,1,25.06864,121.5107,17
500103004,20231028,420,23,6,1,25.06864,121.5107,17
500103004,20231028,421,23,6,1,25.06864,121.5107,17
500103004,20231028,422,23,6,1,25.06864,121.5107,17
500103004,20231028,423,23,6,1,25.06864,121.5107,17
500103004,20231028,424,23,6,1,25.06864,121.5107,17
500103004,20231028,426,23,6,1,25.06864,121.5107,17
500103004,20231028,427,23,6,1,25.06864,121.5107,17
500103004,20231028,428,23,6,1,25.06864,121.5107,17
500103004,20231028,429,23,6,1,25.06864,121.5107,17
500103004,20231028,430,23,5,1,25.06864,121.5107,18
500103004,20231028,431,23,5,1,25.06864,121.5107,18
500103004,20231028,432,23,5,1,25.06864,121.5107,18
500103004,20231028,433,23,5,1,25.06864,121.5107,18
500103004,20231028,434,23,5,1,25.06864,121.5107,18
500103004,20231028,435,23,5,1,25.06864,121.5107,18
500103004,20231028,436,23,5,1,25.06864,121.5107,18
500103004,20231028,437,23,5,1,25.06864,121.5107,18
500103004,20231028,438,23,5,1,25.06864,121.5107,18
500103004,20231028,439,23,5,1,25.06864,121.5107,18
500103004,20231028,441,23,5,1,25.06864,121.5107,18
500103004,20231028,442,23,5,1,25.06864,121.5107,18
500103004,20231028,443,23,5,1,25.06864,121.5107,18
500103004,20231028,444,23,5,1,25.06864,121.5107,18
500103004,20231028,445,23,5,1,25.06864,121.5107,18
500103004,20231028,446,23,5,1,25.06864,121.5107,18
500103004,20231028,447,23,5,1,25.06864,121.5107,18
500103004,20231028,448,23,5,1,25.06864,121.5107,18
500103004,20231028,449,23,5,1,25.06864,121.5107,18
500103004,20231028,450,23,5,1,25.06864,121.5107,18
500103004,20231028,451,23,5,1,25.06864,121.5107,18
500103004,20231028,452,23,5,1,25.06864,121.5107,18
500103004,20231028,453,23,5,1,25.06864,121.5107,18
500103004,20231028,454,23,5,1,25.06864,121.5107,18
500103004,20231028,455,23,5,1,25.06864,121.5107,18
500103004,20231028,456,23,5,1,25.06864,121.5107,18
500103004,20231028,457,23,5,1,25.06864,121.5107,18
500103004,20231028,458,23,5,1,25.06864,121.5107,18
500103004,20231028,459,23,5,1,25.06864,121.5107,18
500103004,20231028,460,23,5,1,25.06864,121.5107,18
500103004,20231028,461,23,5,1,25.06864,121.5107,18
500103004,20231028,462,23,5,1,25.06864,121.5107,18
500103004,20231028,463,23,5,1,25.06864,121.5107,18
500103004,20231028,464,23,5,1,25.06864,121.5107,18
500103004,20231028,465,23,5,1,25.06864,121.5107,18
500103004,20231028,466,23,5,1,25.06864,121.5107,18
500103004,20231028,467,23,5,1,25.06864,121.5107,18
500103004,20231028,468,23,5,1,25.06864,121.5107,18
500103004,20231028,469,23,4,1,25.06864,121.5107,19
500103004,20231028,470,23,3,1,25.06864,121.5107,20
500103004,20231028,471,23,3,1,25.06864,121.5107,20
500103004,20231028,472,23,3,1,25.06864,121.5107,20
500103004,20231028,473,23,3,1,25.06864,121.5107,20
500103004,20231028,474,23,3,1,25.06864,121.5107,20
500103004,20231028,475,23,3,1,25.06864,121.5107,20
500103004,20231028,476,23,3,1,25.06864,121.5107,20
500103004,20231028,477,23,3,1,25.06864,121.5107,20
500103004,20231028,478,23,3,1,25.06864,121.5107,20
500103004,20231028,479,23,3,1,25.06864,121.5107,20
500103004,20231028,481,23,3,1,25.06864,121.5107,20
500103004,20231028,482,23,2,1,25.06864,121.5107,21
500103004,20231028,483,23,2,1,25.06864,121.5107,21
500103004,20231028,484,23,2,1,25.06864,121.5107,21
500103004,20231028,485,23,2,1,25.06864,121.5107,21
500103004,20231028,486,23,2,1,25.06864,121.5107,21
500103004,20231028,487,23,2,1,25.06864,121.5107,21
500103004,20231028,488,23,3,1,25.06864,121.5107,20
500103004,20231028,489,23,3,1,25.06864,121.5107,20
500103004,20231028,490,23,3,1,25.06864,121.5107,20
500103004,20231028,491,23,3,1,25.06864,121.5107,20
500103004,20231028,492,23,3,1,25.06864,121.5107,20
500103004,20231028,493,23,3,1,25.06864,121.5107,20
500103004,20231028,494,23,3,1,25.06864,121.5107,20
500103004,20231028,495,23,3,1,25.06864,121.5107,20
500103004,20231028,496,23,3,1,25.06864,121.5107,20
500103004,20231028,497,23,3,1,25.06864,121.5107,20
500103004,20231028,498,23,3,1,25.06864,121.5107,20
500103004,20231028,499,23,3,1,25.06864,121.5107,20
500103004,20231028,501,23,3,1,25.06864,121.5107,20
500103004,20231028,502,23,3,1,25.06864,121.5107,20
500103004,20231028,503,23,3,1,25.06864,121.5107,20
500103004,20231028,504,23,3,1,25.06864,121.5107,20
500103004,20231028,505,23,3,1,25.06864,121.5107,20
500103004,20231028,506,23,3,1,25.06864,121.5107,20
500103004,20231028,507,23,3,1,25.06864,121.5107,20
500103004,20231028,508,23,3,1,25.06864,121.5107,20
500103004,20231028,509,23,3,1,25.06864,121.5107,20
500103004,20231028,510,23,3,1,25.06864,121.5107,20
500103004,20231028,511,23,3,1,25.06864,121.5107,20
500103004,20231028,512,23,3,1,25.06864,121.5107,20
500103004,20231028,513,23,3,1,25.06864,121.5107,20
500103004,20231028,514,23,3,1,25.06864,121.5107,20
500103004,20231028,515,23,2,1,25.06864,121.5107,21
500103004,20231028,516,23,2,1,25.06864,121.5107,21
500103004,20231028,517,23,2,1,25.06864,121.5107,21
500103004,20231028,518,23,2,1,25.06864,121.5107,21
500103004,20231028,519,23,2,1,25.06864,121.5107,21
500103004,20231028,520,23,2,1,25.06864,121.5107,21
500103004,20231028,521,23,3,1,25.06864,121.5107,20
500103004,20231028,522,23,3,1,25.06864,121.5107,20
500103004,20231028,523,23,3,1,25.06864,121.5107,20
500103004,20231028,524,23,3,1,25.06864,121.5107,20
500103004,20231028,525,23,3,1,25.06864,121.5107,20
500103004,20231028,526,23,3,1,25.06864,121.5107,20
500103004,20231028,527,23,3,1,25.06864,121.5107,20
500103004,20231028,528,23,3,1,25.06864,121.5107,20
500103004,20231028,529,23,3,1,25.06864,121.5107,20
500103004,20231028,530,23,3,1,25.06864,121.5107,20
500103004,20231028,531,23,3,1,25.06864,121.5107,20
500103004,20231028,532,23,3,1,25.06864,121.5107,20
500103004,20231028,533,23,3,1,25.06864,121.5107,20
500103004,20231028,534,23,3,1,25.06864,121.5107,20
500103004,20231028,535,23,3,1,25.06864,121.5107,20
500103004,20231028,536,23,3,1,25.06864,121.5107,20
500103004,20231028,537,23,3,1,25.06864,121.5107,20
500103004,20231028,538,23,3,1,25.06864,121.5107,20
500103004,20231028,539,23,3,1,25.06864,121.5107,20
500103004,20231028,541,23,3,1,25.06864,121.5107,20
500103004,20231028,542,23,3,1,25.06864,121.5107,20
500103004,20231028,543,23,2,1,25.06864,121.5107,21
500103004,20231028,544,23,2,1,25.06864,121.5107,21
500103004,20231028,545,23,2,1,25.06864,121.5107,21
500103004,20231028,546,23,2,1,25.06864,121.5107,21
500103004,20231028,547,23,2,1,25.06864,121.5107,21
500103004,20231028,548,23,2,1,25.06864,121.5107,21
500103004,20231028,549,23,2,1,25.06864,121.5107,21
500103004,20231028,550,23,2,1,25.06864,121.5107,21
500103004,20231028,551,23,2,1,25.06864,121.5107,21
500103004,20231028,552,23,2,1,25.06864,121.5107,21
500103004,20231028,553,23,2,1,25.06864,121.5107,21
500103004,20231028,554,23,2,1,25.06864,121.5107,21
500103004,20231028,555,23,2,1,25.06864,121.5107,21
500103004,20231028,556,23,2,1,25.06864,121.5107,21
500103004,20231028,557,23,2,1,25.06864,121.5107,21
500103004,20231028,558,23,2,1,25.06864,121.5107,21
500103004,20231028,559,23,2,1,25.06864,121.5107,21
500103004,20231028,561,23,2,1,25.06864,121.5107,21
500103004,20231028,562,23,3,1,25.06864,121.5107,20
500103004,20231028,563,23,3,1,25.06864,121.5107,20
500103004,20231028,564,23,3,1,25.06864,121.5107,20
500103004,20231028,565,23,3,1,25.06864,121.5107,20
500103004,20231028,566,23,3,1,25.06864,121.5107,20
500103004,20231028,567,23,3,1,25.06864,121.5107,20
500103004,20231028,568,23,3,1,25.06864,121.5107,20
500103004,20231028,569,23,3,1,25.06864,121.5107,20
500103004,20231028,570,23,3,1,25.06864,121.5107,20
500103004,20231028,571,23,3,1,25.06864,121.5107,20
500103004,20231028,572,23,3,1,25.06864,121.5107,20
500103004,20231028,573,23,3,1,25.06864,121.5107,20
500103004,20231028,574,23,3,1,25.06864,121.5107,20
500103004,20231028,575,23,3,1,25.06864,121.5107,20
500103004,20231028,576,23,3,1,25.06864,121.5107,20
500103004,20231028,577,23,3,1,25.06864,121.5107,20
500103004,20231028,578,23,3,1,25.06864,121.5107,20
500103004,20231028,579,23,3,1,25.06864,121.5107,20
500103004,20231028,580,23,3,1,25.06864,121.5107,20
500103004,20231028,581,23,3,1,25.06864,121.5107,20
500103004,20231028,582,23,3,1,25.06864,121.5107,20
500103004,20231028,583,23,3,1,25.06864,121.5107,20
500103004,20231028,584,23,3,1,25.06864,121.5107,20
500103004,20231028,585,23,3,1,25.06864,121.5107,20
500103004,20231028,586,23,3,1,25.06864,121.5107,20
500103004,20231028,587,23,3,1,25.06864,121.5107,20
500103004,20231028,588,23,3,1,25.06864,121.5107,20
500103004,20231028,589,23,3,1,25.06864,121.5107,20
500103004,20231028,590,23,2,1,25.06864,121.5107,21
500103004,20231028,591,23,2,1,25.06864,121.5107,21
500103004,20231028,592,23,2,1,25.06864,121.5107,21
500103004,20231028,593,23,1,1,25.06864,121.5107,22
500103004,20231028,594,23,1,1,25.06864,121.5107,22
500103004,20231028,595,23,1,1,25.06864,121.5107,22
500103004,20231028,596,23,1,1,25.06864,121.5107,22
500103004,20231028,597,23,1,1,25.06864,121.5107,22
500103004,20231028,598,23,2,1,25.06864,121.5107,21
500103004,20231028,599,23,2,1,25.06864,121.5107,21
500103004,20231028,601,23,2,1,25.06864,121.5107,21
500103004,20231028,602,23,2,1,25.06864,121.5107,21
500103004,20231028,603,23,2,1,25.06864,121.5107,21
500103004,20231028,604,23,2,1,25.06864,121.5107,21
500103004,20231028,605,23,2,1,25.06864,121.5107,21
500103004,20231028,606,23,2,1,25.06864,121.5107,21
500103004,20231028,607,23,3,1,25.06864,121.5107,20
500103004,20231028,608,23,3,1,25.06864,121.5107,20
500103004,20231028,609,23,3,1,25.06864,121.5107,20
500103004,20231028,610,23,3,1,25.06864,121.5107,20
500103004,20231028,611,23,3,1,25.06864,121.5107,20
500103004,20231028,612,23,3,1,25.06864,121.5107,20
500103004,20231028,613,23,3,1,25.06864,121.5107,20
500103004,20231028,614,23,3,1,25.06864,121.5107,20
500103004,20231028,615,23,3,1,25.06864,121.5107,20
500103004,20231028,616,23,3,1,25.06864,121.5107,20
500103004,20231028,617,23,3,1,25.06864,121.5107,20
500103004,20231028,618,23,3,1,25.06864,121.5107,20
500103004,20231028,619,23,3,1,25.06864,121.5107,20
500103004,20231028,621,23,3,1,25.06864,121.5107,20
500103004,20231028,622,23,3,1,25.06864,121.5107,20
500103004,20231028,623,23,3,1,25.06864,121.5107,20
500103004,20231028,624,23,3,1,25.06864,121.5107,20
500103004,20231028,625,23,3,1,25.06864,121.5107,20
500103004,20231028,626,23,3,1,25.06864,121.5107,20
500103004,20231028,627,23,4,1,25.06864,121.5107,19
500103004,20231028,628,23,4,1,25.06864,121.5107,19
500103004,20231028,629,23,4,1,25.06864,121.5107,19
500103004,20231028,631,23,4,1,25.06864,121.5107,19
500103004,20231028,632,23,4,1,25.06864,121.5107,19
500103004,20231028,633,23,4,1,25.06864,121.5107,19
500103004,20231028,634,23,3,1,25.06864,121.5107,20
500103004,20231028,635,23,3,1,25.06864,121.5107,20
500103004,20231028,636,23,3,1,25.06864,121.5107,20
500103004,20231028,637,23,3,1,25.06864,121.5107,20
500103004,20231028,638,23,3,1,25.06864,121.5107,20
500103004,20231028,639,23,3,1,25.06864,121.5107,20
500103004,20231028,640,23,3,1,25.06864,121.5107,20
500103004,20231028,641,23,4,1,25.06864,121.5107,19
500103004,20231028,642,23,4,1,25.06864,121.5107,19
500103004,20231028,643,23,3,1,25.06864,121.5107,20
500103004,20231028,644,23,3,1,25.06864,121.5107,20
500103004,20231028,645,23,3,1,25.06864,121.5107,20
500103004,20231028,646,23,3,1,25.06864,121.5107,20
500103004,20231028,647,23,3,1,25.06864,121.5107,20
500103004,20231028,648,23,3,1,25.06864,121.5107,20
500103004,20231028,649,23,3,1,25.06864,121.5107,20
500103004,20231028,650,23,3,1,25.06864,121.5107,20
500103004,20231028,652,23,3,1,25.06864,121.5107,20
500103004,20231028,653,23,3,1,25.06864,121.5107,20
500103004,20231028,654,23,4,1,25.06864,121.5107,19
500103004,20231028,655,23,4,1,25.06864,121.5107,19
500103004,20231028,656,23,4,1,25.06864,121.5107,19
500103004,20231028,657,23,4,1,25.06864,121.5107,19
500103004,20231028,658,23,4,1,25.06864,121.5107,19
500103004,20231028,659,23,4,1,25.06864,121.5107,19
500103004,20231028,661,23,4,1,25.06864,121.5107,19
500103004,20231028,662,23,4,1,25.06864,121.5107,19
500103004,20231028,663,23,4,1,25.06864,121.5107,19
500103004,20231028,664,23,4,1,25.06864,121.5107,19
500103004,20231028,665,23,4,1,25.06864,121.5107,19
500103004,20231028,666,23,4,1,25.06864,121.5107,19
500103004,20231028,667,23,4,1,25.06864,121.5107,19
500103004,20231028,668,23,5,1,25.06864,121.5107,18
500103004,20231028,669,23,5,1,25.06864,121.5107,18
500103004,20231028,670,23,6,1,25.06864,121.5107,17
500103004,20231028,671,23,6,1,25.06864,121.5107,17
500103004,20231028,672,23,6,1,25.06864,121.5107,17
500103004,20231028,673,23,6,1,25.06864,121.5107,17
500103004,20231028,674,23,6,1,25.06864,121.5107,17
500103004,20231028,675,23,6,1,25.06864,121.5107,17
500103004,20231028,676,23,6,1,25.06864,121.5107,17
500103004,20231028,677,23,6,1,25.06864,121.5107,17
500103004,20231028,678,23,6,1,25.06864,121.5107,17
500103004,20231028,679,23,6,1,25.06864,121.5107,17
500103004,20231028,681,23,6,1,25.06864,121.5107,17
500103004,20231028,682,23,6,1,25.06864,121.5107,17
500103004,20231028,683,23,5,1,25.06864,121.5107,18
500103004,20231028,684,23,4,1,25.06864,121.5107,19
500103004,20231028,685,23,4,1,25.06864,121.5107,19
500103004,20231028,686,23,3,1,25.06864,121.5107,20
500103004,20231028,687,23,3,1,25.06864,121.5107,20
500103004,20231028,688,23,3,1,25.06864,121.5107,20
500103004,20231028,689,23,3,1,25.06864,121.5107,20
500103004,20231028,691,23,3,1,25.06864,121.5107,20
500103004,20231028,692,23,3,1,25.06864,121.5107,20
500103004,20231028,693,23,3,1,25.06864,121.5107,20
500103004,20231028,694,23,4,1,25.06864,121.5107,19
500103004,20231028,695,23,4,1,25.06864,121.5107,19
500103004,20231028,696,23,4,1,25.06864,121.5107,19
500103004,20231028,697,23,5,1,25.06864,121.5107,18
500103004,20231028,698,23,6,1,25.06864,121.5107,17
500103004,20231028,699,23,5,1,25.06864,121.5107,18
500103004,20231028,700,23,5,1,25.06864,121.5107,18
500103004,20231028,701,23,5,1,25.06864,121.5107,18
500103004,20231028,702,23,5,1,25.06864,121.5107,18
500103004,20231028,703,23,5,1,25.06864,121.5107,18
500103004,20231028,704,23,5,1,25.06864,121.5107,18
500103004,20231028,705,23,5,1,25.06864,121.5107,18
500103004,20231028,706,23,5,1,25.06864,121.5107,18
500103004,20231028,707,23,6,1,25.06864,121.5107,17
500103004,20231028,708,23,6,1,25.06864,121.5107,17
500103004,20231028,709,23,6,1,25.06864,121.5107,17
500103004,20231028,710,23,6,1,25.06864,121.5107,17
500103004,20231028,711,23,6,1,25.06864,121.5107,17
500103004,20231028,712,23,6,1,25.06864,121.5107,17
500103004,20231028,713,23,6,1,25.06864,121.5107,17
500103004,20231028,714,23,6,1,25.06864,121.5107,17
500103004,20231028,715,23,6,1,25.06864,121.5107,17
500103004,20231028,716,23,7,1,25.06864,121.5107,16
500103004,20231028,717,23,7,1,25.06864,121.5107,16
500103004,20231028,718,23,7,1,25.06864,121.5107,16
500103004,20231028,719,23,7,1,25.06864,121.5107,16
500103004,20231028,721,23,7,1,25.06864,121.5107,16
500103004,20231028,722,23,7,1,25.06864,121.5107,16
500103004,20231028,723,23,7,1,25.06864,121.5107,16
500103004,20231028,724,23,7,1,25.06864,121.5107,16
500103004,20231028,725,23,8,1,25.06864,121.5107,15
500103004,20231028,726,23,8,1,25.06864,121.5107,15
500103004,20231028,727,23,8,1,25.06864,121.5107,15
500103004,20231028,728,23,7,1,25.06864,121.5107,16
500103004,20231028,729,23,7,1,25.06864,121.5107,16
500103004,20231028,730,23,7,1,25.06864,121.5107,16
500103004,20231028,731,23,7,1,25.06864,121.5107,16
500103004,20231028,732,23,7,1,25.06864,121.5107,16
500103004,20231028,733,23,7,1,25.06864,121.5107,16
500103004,20231028,734,23,7,1,25.06864,121.5107,16
500103004,20231028,735,23,7,1,25.06864,121.5107,16
500103004,20231028,736,23,8,1,25.06864,121.5107,15
500103004,20231028,737,23,8,1,25.06864,121.5107,15
500103004,20231028,738,23,8,1,25.06864,121.5107,15
500103004,20231028,739,23,8,1,25.06864,121.5107,15
500103004,20231028,741,23,7,1,25.06864,121.5107,16
500103004,20231028,742,23,7,1,25.06864,121.5107,16
500103004,20231028,743,23,6,1,25.06864,121.5107,17
500103004,20231028,744,23,6,1,25.06864,121.5107,17
500103004,20231028,745,23,6,1,25.06864,121.5107,17
500103004,20231028,746,23,6,1,25.06864,121.5107,17
500103004,20231028,747,23,6,1,25.06864,121.5107,17
500103004,20231028,748,23,6,1,25.06864,121.5107,17
500103004,20231028,749,23,6,1,25.06864,121.5107,17
500103004,20231028,751,23,7,1,25.06864,121.5107,16
500103004,20231028,752,23,7,1,25.06864,121.5107,16
500103004,20231028,753,23,7,1,25.06864,121.5107,16
500103004,20231028,754,23,7,1,25.06864,121.5107,16
500103004,20231028,755,23,7,1,25.06864,121.5107,16
500103004,20231028,756,23,8,1,25.06864,121.5107,15
500103004,20231028,757,23,9,1,25.06864,121.5107,14
500103004,20231028,758,23,9,1,25.06864,121.5107,14
500103004,20231028,759,23,9,1,25.06864,121.5107,14
500103004,20231028,760,23,9,1,25.06864,121.5107,14
500103004,20231028,761,23,9,1,25.06864,121.5107,14
500103004,20231028,762,23,9,1,25.06864,121.5107,14
500103004,20231028,763,23,9,1,25.06864,121.5107,14
500103004,20231028,764,23,10,1,25.06864,121.5107,13
500103004,20231028,765,23,12,1,25.06864,121.5107,11
500103004,20231028,766,23,13,1,25.06864,121.5107,10
500103004,20231028,767,23,14,1,25.06864,121.5107,9
500103004,20231028,768,23,14,1,25.06864,121.5107,9
500103004,20231028,769,23,14,1,25.06864,121.5107,9
500103004,20231028,770,23,14,1,25.06864,121.5107,9
500103004,20231028,771,23,14,1,25.06864,121.5107,9
500103004,20231028,772,23,14,1,25.06864,121.5107,9
500103004,20231028,773,23,15,1,25.06864,121.5107,8
500103004,20231028,774,23,16,1,25.06864,121.5107,7
500103004,20231028,775,23,16,1,25.06864,121.5107,7
500103004,20231028,776,23,16,1,25.06864,121.5107,7
500103004,20231028,777,23,16,1,25.06864,121.5107,7
500103004,20231028,778,23,16,1,25.06864,121.5107,7
500103004,20231028,779,23,16,1,25.06864,121.5107,7
500103004,20231028,781,23,16,1,25.06864,121.5107,7
500103004,20231028,782,23,16,1,25.06864,121.5107,7
500103004,20231028,783,23,16,1,25.06864,121.5107,7
500103004,20231028,784,23,16,1,25.06864,121.5107,7
500103004,20231028,785,23,16,1,25.06864,121.5107,7
500103004,20231028,786,23,16,1,25.06864,121.5107,7
500103004,20231028,787,23,16,1,25.06864,121.5107,7
500103004,20231028,788,23,16,1,25.06864,121.5107,7
500103004,20231028,789,23,16,1,25.06864,121.5107,7
500103004,20231028,790,23,15,1,25.06864,121.5107,8
500103004,20231028,791,23,15,1,25.06864,121.5107,8
500103004,20231028,792,23,15,1,25.06864,121.5107,8
500103004,20231028,793,23,14,1,25.06864,121.5107,9
500103004,20231028,794,23,14,1,25.06864,121.5107,9
500103004,20231028,795,23,14,1,25.06864,121.5107,9
500103004,20231028,796,23,14,1,25.06864,121.5107,9
500103004,20231028,797,23,14,1,25.06864,121.5107,9
500103004,20231028,798,23,14,1,25.06864,121.5107,9
500103004,20231028,799,23,14,1,25.06864,121.5107,9
500103004,20231028,801,23,16,1,25.06864,121.5107,7
500103004,20231028,802,23,16,1,25.06864,121.5107,7
500103004,20231028,803,23,16,1,25.06864,121.5107,7
500103004,20231028,804,23,18,1,25.06864,121.5107,5
500103004,20231028,805,23,19,1,25.06864,121.5107,4
500103004,20231028,806,23,19,1,25.06864,121.5107,4
500103004,20231028,807,23,19,1,25.06864,121.5107,4
500103004,20231028,808,23,19,1,25.06864,121.5107,4
500103004,20231028,809,23,19,1,25.06864,121.5107,4
500103004,20231028,811,23,19,1,25.06864,121.5107,4
500103004,20231028,812,23,20,1,25.06864,121.5107,3
500103004,20231028,813,23,20,1,25.06864,121.5107,3
500103004,20231028,814,23,18,1,25.06864,121.5107,5
500103004,20231028,815,23,18,1,25.06864,121.5107,5
500103004,20231028,816,23,18,1,25.06864,121.5107,5
500103004,20231028,817,23,19,1,25.06864,121.5107,4
500103004,20231028,818,23,19,1,25.06864,121.5107,4
500103004,20231028,819,23,20,1,25.06864,121.5107,3
500103004,20231028,820,23,19,1,25.06864,121.5107,4
500103004,20231028,821,23,17,1,25.06864,121.5107,6
500103004,20231028,822,23,17,1,25.06864,121.5107,6
500103004,20231028,823,23,17,1,25.06864,121.5107,6
500103004,20231028,824,23,17,1,25.06864,121.5107,6
500103004,20231028,825,23,17,1,25.06864,121.5107,6
500103004,20231028,826,23,17,1,25.06864,121.5107,6
500103004,20231028,827,23,17,1,25.06864,121.5107,6
500103004,20231028,828,23,17,1,25.06864,121.5107,6
500103004,20231028,829,23,18,1,25.06864,121.5107,5
500103004,20231028,830,23,19,1,25.06864,121.5107,4
500103004,20231028,831,23,18,1,25.06864,121.5107,5
500103004,20231028,832,23,18,1,25.06864,121.5107,5
500103004,20231028,833,23,18,1,25.06864,121.5107,5
500103004,20231028,834,23,18,1,25.06864,121.5107,5
500103004,20231028,835,23,18,1,25.06864,121.5107,5
500103004,20231028,836,23,17,1,25.06864,121.5107,6
500103004,20231028,837,23,16,1,25.06864,121.5107,7
500103004,20231028,838,23,16,1,25.06864,121.5107,7
500103004,20231028,839,23,15,1,25.06864,121.5107,8
500103004,20231028,841,23,15,1,25.06864,121.5107,8
500103004,20231028,842,23,15,1,25.06864,121.5107,8
500103004,20231028,843,23,15,1,25.06864,121.5107,8
500103004,20231028,844,23,15,1,25.06864,121.5107,8
500103004,20231028,845,23,15,1,25.06864,121.5107,8
500103004,20231028,846,23,15,1,25.06864,121.5107,8
500103004,20231028,847,23,15,1,25.06864,121.5107,8
500103004,20231028,848,23,15,1,25.06864,121.5107,8
500103004,20231028,849,23,15,1,25.06864,121.5107,8
500103004,20231028,850,23,16,1,25.06864,121.5107,7
500103004,20231028,851,23,16,1,25.06864,121.5107,7
500103004,20231028,852,23,16,1,25.06864,121.5107,7
500103004,20231028,853,23,15,1,25.06864,121.5107,8
500103004,20231028,854,23,15,1,25.06864,121.5107,8
500103004,20231028,855,23,15,1,25.06864,121.5107,8
500103004,20231028,856,23,15,1,25.06864,121.5107,8
500103004,20231028,857,23,14,1,25.06864,121.5107,9
500103004,20231028,858,23,15,1,25.06864,121.5107,8
500103004,20231028,859,23,15,1,25.06864,121.5107,8
500103004,20231028,861,23,15,1,25.06864,121.5107,8
500103004,20231028,862,23,15,1,25.06864,121.5107,8
500103004,20231028,863,23,15,1,25.06864,121.5107,8
500103004,20231028,864,23,16,1,25.06864,121.5107,7
500103004,20231028,865,23,14,1,25.06864,121.5107,9
500103004,20231028,866,23,14,1,25.06864,121.5107,9
500103004,20231028,867,23,15,1,25.06864,121.5107,8
500103004,20231028,868,23,15,1,25.06864,121.5107,8
500103004,20231028,869,23,15,1,25.06864,121.5107,8
500103004,20231028,870,23,15,1,25.06864,121.5107,8
500103004,20231028,871,23,15,1,25.06864,121.5107,8
500103004,20231028,872,23,16,1,25.06864,121.5107,7
500103004,20231028,873,23,18,1,25.06864,121.5107,5
500103004,20231028,874,23,19,1,25.06864,121.5107,4
500103004,20231028,875,23,18,1,25.06864,121.5107,5
500103004,20231028,876,23,18,1,25.06864,121.5107,5
500103004,20231028,877,23,19,1,25.06864,121.5107,4
500103004,20231028,878,23,20,1,25.06864,121.5107,3
500103004,20231028,879,23,19,1,25.06864,121.5107,4
500103004,20231028,880,23,20,1,25.06864,121.5107,3
500103004,20231028,881,23,22,1,25.06864,121.5107,1
500103004,20231028,882,23,22,1,25.06864,121.5107,1
500103004,20231028,883,23,23,1,25.06864,121.5107,0
500103004,20231028,884,23,23,1,25.06864,121.5107,0
500103004,20231028,885,23,23,1,25.06864,121.5107,0
500103004,20231028,886,23,22,1,25.06864,121.5107,1
500103004,20231028,887,23,22,1,25.06864,121.5107,1
500103004,20231028,888,23,22,1,25.06864,121.5107,1
500103004,20231028,889,23,21,1,25.06864,121.5107,2
500103004,20231028,890,23,21,1,25.06864,121.5107,2
500103004,20231028,891,23,20,1,25.06864,121.5107,3
500103004,20231028,892,23,20,1,25.06864,121.5107,3
500103004,20231028,893,23,20,1,25.06864,121.5107,3
500103004,20231028,894,23,21,1,25.06864,121.5107,2
500103004,20231028,895,23,21,1,25.06864,121.5107,2
500103004,20231028,896,23,21,1,25.06864,121.5107,2
500103004,20231028,897,23,21,1,25.06864,121.5107,2
500103004,20231028,898,23,19,1,25.06864,121.5107,4
500103004,20231028,899,23,19,1,25.06864,121.5107,4
500103004,20231028,901,23,19,1,25.06864,121.5107,4
500103004,20231028,902,23,19,1,25.06864,121.5107,4
500103004,20231028,903,23,20,1,25.06864,121.5107,3
500103004,20231028,904,23,21,1,25.06864,121.5107,2
500103004,20231028,905,23,21,1,25.06864,121.5107,2
500103004,20231028,906,23,20,1,25.06864,121.5107,3
500103004,20231028,907,23,20,1,25.06864,121.5107,3
500103004,20231028,908,23,20,1,25.06864,121.5107,3
500103004,20231028,909,23,20,1,25.06864,121.5107,3
500103004,20231028,910,23,19,1,25.06864,121.5107,4
500103004,20231028,911,23,19,1,25.06864,121.5107,4
500103004,20231028,912,23,19,1,25.06864,121.5107,4
500103004,20231028,913,23,19,1,25.06864,121.5107,4
500103004,20231028,914,23,20,1,25.06864,121.5107,3
500103004,20231028,915,23,18,1,25.06864,121.5107,5
500103004,20231028,916,23,18,1,25.06864,121.5107,5
500103004,20231028,917,23,19,1,25.06864,121.5107,4
500103004,20231028,918,23,19,1,25.06864,121.5107,4
500103004,20231028,919,23,19,1,25.06864,121.5107,4
500103004,20231028,921,23,19,1,25.06864,121.5107,4
500103004,20231028,922,23,19,1,25.06864,121.5107,4
500103004,20231028,923,23,19,1,25.06864,121.5107,4
500103004,20231028,924,23,19,1,25.06864,121.5107,4
500103004,20231028,925,23,20,1,25.06864,121.5107,3
500103004,20231028,926,23,20,1,25.06864,121.5107,3
500103004,20231028,927,23,20,1,25.06864,121.5107,3
500103004,20231028,928,23,20,1,25.06864,121.5107,3
500103004,20231028,929,23,20,1,25.06864,121.5107,3
500103004,20231028,931,23,20,1,25.06864,121.5107,3
500103004,20231028,932,23,20,1,25.06864,121.5107,3
500103004,20231028,933,23,20,1,25.06864,121.5107,3
500103004,20231028,934,23,20,1,25.06864,121.5107,3
500103004,20231028,935,23,20,1,25.06864,121.5107,3
500103004,20231028,936,23,20,1,25.06864,121.5107,3
500103004,20231028,937,23,20,1,25.06864,121.5107,3
500103004,20231028,938,23,20,1,25.06864,121.5107,3
500103004,20231028,939,23,20,1,25.06864,121.5107,3
500103004,20231028,940,23,20,1,25.06864,121.5107,3
500103004,20231028,941,23,20,1,25.06864,121.5107,3
500103004,20231028,942,23,20,1,25.06864,121.5107,3
500103004,20231028,943,23,20,1,25.06864,121.5107,3
500103004,20231028,944,23,19,1,25.06864,121.5107,4
500103004,20231028,945,23,19,1,25.06864,121.5107,4
500103004,20231028,946,23,20,1,25.06864,121.5107,3
500103004,20231028,947,23,21,1,25.06864,121.5107,2
500103004,20231028,948,23,21,1,25.06864,121.5107,2
500103004,20231028,949,23,23,1,25.06864,121.5107,0
500103004,20231028,951,23,23,1,25.06864,121.5107,0
500103004,20231028,952,23,23,1,25.06864,121.5107,0
500103004,20231028,953,23,23,1,25.06864,121.5107,0
500103004,20231028,954,23,23,1,25.06864,121.5107,0
500103004,20231028,955,23,23,1,25.06864,121.5107,0
500103004,20231028,956,23,23,1,25.06864,121.5107,0
500103004,20231028,957,23,23,1,25.06864,121.5107,0
500103004,20231028,958,23,21,1,25.06864,121.5107,2
500103004,20231028,959,23,17,1,25.06864,121.5107,6
500103004,20231028,961,23,17,1,25.06864,121.5107,6
500103004,20231028,962,23,18,1,25.06864,121.5107,5
500103004,20231028,963,23,17,1,25.06864,121.5107,6
500103004,20231028,964,23,17,1,25.06864,121.5107,6
500103004,20231028,965,23,17,1,25.06864,121.5107,6
500103004,20231028,966,23,17,1,25.06864,121.5107,6
500103004,20231028,967,23,17,1,25.06864,121.5107,6
500103004,20231028,968,23,18,1,25.06864,121.5107,5
500103004,20231028,969,23,19,1,25.06864,121.5107,4
500103004,20231028,970,23,18,1,25.06864,121.5107,5
500103004,20231028,971,23,18,1,25.06864,121.5107,5
500103004,20231028,972,23,18,1,25.06864,121.5107,5
500103004,20231028,973,23,19,1,25.06864,121.5107,4
500103004,20231028,974,23,19,1,25.06864,121.5107,4
500103004,20231028,975,23,19,1,25.06864,121.5107,4
500103004,20231028,976,23,19,1,25.06864,121.5107,4
500103004,20231028,977,23,19,1,25.06864,121.5107,4
500103004,20231028,978,23,20,1,25.06864,121.5107,3
500103004,20231028,979,23,21,1,25.06864,121.5107,2
500103004,20231028,981,23,21,1,25.06864,121.5107,2
500103004,20231028,982,23,21,1,25.06864,121.5107,2
500103004,20231028,983,23,21,1,25.06864,121.5107,2
500103004,20231028,984,23,21,1,25.06864,121.5107,2
500103004,20231028,985,23,22,1,25.06864,121.5107,1
500103004,20231028,986,23,22,1,25.06864,121.5107,1
500103004,20231028,987,23,22,1,25.06864,121.5107,1
500103004,20231028,988,23,22,1,25.06864,121.5107,1
500103004,20231028,989,23,22,1,25.06864,121.5107,1
500103004,20231028,991,23,22,1,25.06864,121.5107,1
500103004,20231028,992,23,22,1,25.06864,121.5107,1
500103004,20231028,993,23,22,1,25.06864,121.5107,1
500103004,20231028,994,23,22,1,25.06864,121.5107,1
500103004,20231028,995,23,22,1,25.06864,121.5107,1
500103004,20231028,996,23,22,1,25.06864,121.5107,1
500103004,20231028,997,23,22,1,25.06864,121.5107,1
500103004,20231028,998,23,22,1,25.06864,121.5107,1
500103004,20231028,999,23,23,1,25.06864,121.5107,0
500103004,20231028,1000,23,23,1,25.06864,121.5107,0
500103004,20231028,1001,23,23,1,25.06864,121.5107,0
500103004,20231028,1002,23,23,1,25.06864,121.5107,0
500103004,20231028,1003,23,23,1,25.06864,121.5107,0
500103004,20231028,1004,23,22,1,25.06864,121.5107,1
500103004,20231028,1005,23,20,1,25.06864,121.5107,3
500103004,20231028,1006,23,21,1,25.06864,121.5107,2
500103004,20231028,1007,23,21,1,25.06864,121.5107,2
500103004,20231028,1008,23,21,1,25.06864,121.5107,2
500103004,20231028,1009,23,21,1,25.06864,121.5107,2
500103004,20231028,1011,23,21,1,25.06864,121.5107,2
500103004,20231028,1012,23,17,1,25.06864,121.5107,6
500103004,20231028,1013,23,17,1,25.06864,121.5107,6
500103004,20231028,1014,23,17,1,25.06864,121.5107,6
500103004,20231028,1015,23,17,1,25.06864,121.5107,6
500103004,20231028,1016,23,17,1,25.06864,121.5107,6
500103004,20231028,1017,23,17,1,25.06864,121.5107,6
500103004,20231028,1018,23,17,1,25.06864,121.5107,6
500103004,20231028,1019,23,18,1,25.06864,121.5107,5
500103004,20231028,1021,23,18,1,25.06864,121.5107,5
500103004,20231028,1022,23,17,1,25.06864,121.5107,6
500103004,20231028,1023,23,17,1,25.06864,121.5107,6
500103004,20231028,1024,23,17,1,25.06864,121.5107,6
500103004,20231028,1025,23,15,1,25.06864,121.5107,8
500103004,20231028,1026,23,17,1,25.06864,121.5107,6
500103004,20231028,1027,23,17,1,25.06864,121.5107,6
500103004,20231028,1028,23,17,1,25.06864,121.5107,6
500103004,20231028,1029,23,18,1,25.06864,121.5107,5
500103004,20231028,1030,23,18,1,25.06864,121.5107,5
500103004,20231028,1031,23,18,1,25.06864,121.5107,5
500103004,20231028,1032,23,18,1,25.06864,121.5107,5
500103004,20231028,1033,23,18,1,25.06864,121.5107,5
500103004,20231028,1034,23,18,1,25.06864,121.5107,5
500103004,20231028,1035,23,18,1,25.06864,121.5107,5
500103004,20231028,1036,23,19,1,25.06864,121.5107,4
500103004,20231028,1037,23,19,1,25.06864,121.5107,4
500103004,20231028,1038,23,17,1,25.06864,121.5107,6
500103004,20231028,1039,23,17,1,25.06864,121.5107,6
500103004,20231028,1041,23,16,1,25.06864,121.5107,7
500103004,20231028,1042,23,16,1,25.06864,121.5107,7
500103004,20231028,1043,23,16,1,25.06864,121.5107,7
500103004,20231028,1044,23,16,1,25.06864,121.5107,7
500103004,20231028,1045,23,16,1,25.06864,121.5107,7
500103004,20231028,1046,23,15,1,25.06864,121.5107,8
500103004,20231028,1047,23,15,1,25.06864,121.5107,8
500103004,20231028,1048,23,15,1,25.06864,121.5107,8
500103004,20231028,1049,23,17,1,25.06864,121.5107,6
500103004,20231028,1051,23,17,1,25.06864,121.5107,6
500103004,20231028,1052,23,18,1,25.06864,121.5107,5
500103004,20231028,1053,23,19,1,25.06864,121.5107,4
500103004,20231028,1054,23,19,1,25.06864,121.5107,4
500103004,20231028,1055,23,18,1,25.06864,121.5107,5
500103004,20231028,1056,23,16,1,25.06864,121.5107,7
500103004,20231028,1057,23,17,1,25.06864,121.5107,6
500103004,20231028,1058,23,18,1,25.06864,121.5107,5
500103004,20231028,1059,23,17,1,25.06864,121.5107,6
500103004,20231028,1060,23,17,1,25.06864,121.5107,6
500103004,20231028,1061,23,17,1,25.06864,121.5107,6
500103004,20231028,1062,23,17,1,25.06864,121.5107,6
500103004,20231028,1063,23,17,1,25.06864,121.5107,6
500103004,20231028,1064,23,17,1,25.06864,121.5107,6
500103004,20231028,1065,23,17,1,25.06864,121.5107,6
500103004,20231028,1066,23,17,1,25.06864,121.5107,6
500103004,20231028,1067,23,17,1,25.06864,121.5107,6
500103004,20231028,1068,23,17,1,25.06864,121.5107,6
500103004,20231028,1069,23,17,1,25.06864,121.5107,6
500103004,20231028,1070,23,16,1,25.06864,121.5107,7
500103004,20231028,1071,23,15,1,25.06864,121.5107,8
500103004,20231028,1072,23,15,1,25.06864,121.5107,8
500103004,20231028,1073,23,15,1,25.06864,121.5107,8
500103004,20231028,1074,23,15,1,25.06864,121.5107,8
500103004,20231028,1075,23,15,1,25.06864,121.5107,8
500103004,20231028,1076,23,15,1,25.06864,121.5107,8
500103004,20231028,1077,23,15,1,25.06864,121.5107,8
500103004,20231028,1078,23,15,1,25.06864,121.5107,8
500103004,20231028,1079,23,14,1,25.06864,121.5107,9
500103004,20231028,1081,23,14,1,25.06864,121.5107,9
500103004,20231028,1082,23,12,1,25.06864,121.5107,11
500103004,20231028,1083,23,13,1,25.06864,121.5107,10
500103004,20231028,1084,23,12,1,25.06864,121.5107,11
500103004,20231028,1085,23,12,1,25.06864,121.5107,11
500103004,20231028,1086,23,12,1,25.06864,121.5107,11
500103004,20231028,1087,23,12,1,25.06864,121.5107,11
500103004,20231028,1088,23,12,1,25.06864,121.5107,11
500103004,20231028,1089,23,13,1,25.06864,121.5107,10
500103004,20231028,1090,23,13,1,25.06864,121.5107,10
500103004,20231028,1091,23,13,1,25.06864,121.5107,10
500103004,20231028,1092,23,13,1,25.06864,121.5107,10
500103004,20231028,1093,23,12,1,25.06864,121.5107,11
500103004,20231028,1094,23,12,1,25.06864,121.5107,11
500103004,20231028,1095,23,12,1,25.06864,121.5107,11
500103004,20231028,1096,23,12,1,25.06864,121.5107,11
500103004,20231028,1097,23,12,1,25.06864,121.5107,11
500103004,20231028,1098,23,12,1,25.06864,121.5107,11
500103004,20231028,1099,23,12,1,25.06864,121.5107,11
500103004,20231028,1101,23,12,1,25.06864,121.5107,11
500103004,20231028,1102,23,12,1,25.06864,121.5107,11
500103004,20231028,1103,23,12,1,25.06864,121.5107,11
500103004,20231028,1104,23,11,1,25.06864,121.5107,12
500103004,20231028,1105,23,9,1,25.06864,121.5107,14
500103004,20231028,1106,23,9,1,25.06864,121.5107,14
500103004,20231028,1107,23,9,1,25.06864,121.5107,14
500103004,20231028,1108,23,9,1,25.06864,121.5107,14
500103004,20231028,1109,23,9,1,25.06864,121.5107,14
500103004,20231028,1111,23,9,1,25.06864,121.5107,14
500103004,20231028,1112,23,8,1,25.06864,121.5107,15
500103004,20231028,1113,23,8,1,25.06864,121.5107,15
500103004,20231028,1114,23,8,1,25.06864,121.5107,15
500103004,20231028,1115,23,8,1,25.06864,121.5107,15
500103004,20231028,1116,23,11,1,25.06864,121.5107,12
500103004,20231028,1117,23,15,1,25.06864,121.5107,8
500103004,20231028,1118,23,15,1,25.06864,121.5107,8
500103004,20231028,1119,23,16,1,25.06864,121.5107,7
500103004,20231028,1120,23,18,1,25.06864,121.5107,5
500103004,20231028,1121,23,19,1,25.06864,121.5107,4
500103004,20231028,1122,23,18,1,25.06864,121.5107,5
500103004,20231028,1123,23,20,1,25.06864,121.5107,3
500103004,20231028,1124,23,23,1,25.06864,121.5107,0
500103004,20231028,1125,23,21,1,25.06864,121.5107,2
500103004,20231028,1126,23,21,1,25.06864,121.5107,2
500103004,20231028,1127,23,21,1,25.06864,121.5107,2
500103004,20231028,1128,23,21,1,25.06864,121.5107,2
500103004,20231028,1129,23,21,1,25.06864,121.5107,2
500103004,20231028,1130,23,20,1,25.06864,121.5107,3
500103004,20231028,1131,23,20,1,25.06864,121.5107,3
500103004,20231028,1132,23,20,1,25.06864,121.5107,3
500103004,20231028,1133,23,20,1,25.06864,121.5107,3
500103004,20231028,1134,23,20,1,25.06864,121.5107,3
500103004,20231028,1135,23,20,1,25.06864,121.5107,3
500103004,20231028,1136,23,20,1,25.06864,121.5107,3
500103004,20231028,1137,23,20,1,25.06864,121.5107,3
500103004,20231028,1138,23,20,1,25.06864,121.5107,3
500103004,20231028,1139,23,20,1,25.06864,121.5107,3
500103004,20231028,1141,23,19,1,25.06864,121.5107,4
500103004,20231028,1142,23,19,1,25.06864,121.5107,4
500103004,20231028,1143,23,19,1,25.06864,121.5107,4
500103004,20231028,1144,23,19,1,25.06864,121.5107,4
500103004,20231028,1145,23,19,1,25.06864,121.5107,4
500103004,20231028,1146,23,19,1,25.06864,121.5107,4
500103004,20231028,1147,23,19,1,25.06864,121.5107,4
500103004,20231028,1148,23,20,1,25.06864,121.5107,3
500103004,20231028,1149,23,21,1,25.06864,121.5107,2
500103004,20231028,1150,23,21,1,25.06864,121.5107,2
500103004,20231028,1151,23,21,1,25.06864,121.5107,2
500103004,20231028,1152,23,21,1,25.06864,121.5107,2
500103004,20231028,1153,23,21,1,25.06864,121.5107,2
500103004,20231028,1154,23,21,1,25.06864,121.5107,2
500103004,20231028,1155,23,21,1,25.06864,121.5107,2
500103004,20231028,1156,23,21,1,25.06864,121.5107,2
500103004,20231028,1157,23,21,1,25.06864,121.5107,2
500103004,20231028,1158,23,21,1,25.06864,121.5107,2
500103004,20231028,1159,23,20,1,25.06864,121.5107,3
500103004,20231028,1161,23,20,1,25.06864,121.5107,3
500103004,20231028,1162,23,20,1,25.06864,121.5107,3
500103004,20231028,1163,23,21,1,25.06864,121.5107,2
500103004,20231028,1164,23,21,1,25.06864,121.5107,2
500103004,20231028,1165,23,20,1,25.06864,121.5107,3
500103004,20231028,1166,23,19,1,25.06864,121.5107,4
500103004,20231028,1167,23,19,1,25.06864,121.5107,4
500103004,20231028,1168,23,19,1,25.06864,121.5107,4
500103004,20231028,1169,23,20,1,25.06864,121.5107,3
500103004,20231028,1171,23,16,1,25.06864,121.5107,7
500103004,20231028,1172,23,17,1,25.06864,121.5107,6
500103004,20231028,1173,23,16,1,25.06864,121.5107,7
500103004,20231028,1174,23,17,1,25.06864,121.5107,6
500103004,20231028,1175,23,17,1,25.06864,121.5107,6
500103004,20231028,1176,23,16,1,25.06864,121.5107,7
500103004,20231028,1177,23,17,1,25.06864,121.5107,6
500103004,20231028,1178,23,18,1,25.06864,121.5107,5
500103004,20231028,1179,23,18,1,25.06864,121.5107,5
500103004,20231028,1180,23,18,1,25.06864,121.5107,5
500103004,20231028,1181,23,18,1,25.06864,121.5107,5
500103004,20231028,1182,23,18,1,25.06864,121.5107,5
500103004,20231028,1183,23,18,1,25.06864,121.5107,5
500103004,20231028,1184,23,17,1,25.06864,121.5107,6
500103004,20231028,1185,23,14,1,25.06864,121.5107,9
500103004,20231028,1186,23,14,1,25.06864,121.5107,9
500103004,20231028,1187,23,14,1,25.06864,121.5107,9
500103004,20231028,1188,23,14,1,25.06864,121.5107,9
500103004,20231028,1189,23,14,1,25.06864,121.5107,9
500103004,20231028,1190,23,14,1,25.06864,121.5107,9
500103004,20231028,1191,23,14,1,25.06864,121.5107,9
500103004,20231028,1192,23,14,1,25.06864,121.5107,9
500103004,20231028,1193,23,14,1,25.06864,121.5107,9
500103004,20231028,1194,23,16,1,25.06864,121.5107,7
500103004,20231028,1195,23,16,1,25.06864,121.5107,7
500103004,20231028,1196,23,18,1,25.06864,121.5107,5
500103004,20231028,1197,23,18,1,25.06864,121.5107,5
500103004,20231028,1198,23,18,1,25.06864,121.5107,5
500103004,20231028,1199,23,18,1,25.06864,121.5107,5
500103004,20231028,1201,23,19,1,25.06864,121.5107,4
500103004,20231028,1202,23,20,1,25.06864,121.5107,3
500103004,20231028,1203,23,20,1,25.06864,121.5107,3
500103004,20231028,1204,23,20,1,25.06864,121.5107,3
500103004,20231028,1206,23,20,1,25.06864,121.5107,3
500103004,20231028,1207,23,20,1,25.06864,121.5107,3
500103004,20231028,1208,23,20,1,25.06864,121.5107,3
500103004,20231028,1209,23,20,1,25.06864,121.5107,3
500103004,20231028,1210,23,19,1,25.06864,121.5107,4
500103004,20231028,1211,23,19,1,25.06864,121.5107,4
500103004,20231028,1212,23,19,1,25.06864,121.5107,4
500103004,20231028,1213,23,18,1,25.06864,121.5107,5
500103004,20231028,1214,23,18,1,25.06864,121.5107,5
500103004,20231028,1215,23,18,1,25.06864,121.5107,5
500103004,20231028,1216,23,18,1,25.06864,121.5107,5
500103004,20231028,1217,23,18,1,25.06864,121.5107,5
500103004,20231028,1218,23,18,1,25.06864,121.5107,5
500103004,20231028,1219,23,18,1,25.06864,121.5107,5
500103004,20231028,1221,23,17,1,25.06864,121.5107,6
500103004,20231028,1222,23,17,1,25.06864,121.5107,6
500103004,20231028,1223,23,17,1,25.06864,121.5107,6
500103004,20231028,1224,23,17,1,25.06864,121.5107,6
500103004,20231028,1225,23,17,1,25.06864,121.5107,6
500103004,20231028,1226,23,17,1,25.06864,121.5107,6
500103004,20231028,1227,23,17,1,25.06864,121.5107,6
500103004,20231028,1228,23,17,1,25.06864,121.5107,6
500103004,20231028,1229,23,19,1,25.06864,121.5107,4
500103004,20231028,1231,23,19,1,25.06864,121.5107,4
500103004,20231028,1232,23,18,1,25.06864,121.5107,5
500103004,20231028,1233,23,17,1,25.06864,121.5107,6
500103004,20231028,1234,23,17,1,25.06864,121.5107,6
500103004,20231028,1235,23,18,1,25.06864,121.5107,5
500103004,20231028,1236,23,18,1,25.06864,121.5107,5
500103004,20231028,1237,23,18,1,25.06864,121.5107,5
500103004,20231028,1238,23,18,1,25.06864,121.5107,5
500103004,20231028,1239,23,19,1,25.06864,121.5107,4
500103004,20231028,1241,23,19,1,25.06864,121.5107,4
500103004,20231028,1242,23,19,1,25.06864,121.5107,4
500103004,20231028,1243,23,19,1,25.06864,121.5107,4
500103004,20231028,1244,23,19,1,25.06864,121.5107,4
500103004,20231028,1245,23,19,1,25.06864,121.5107,4
500103004,20231028,1246,23,19,1,25.06864,121.5107,4
500103004,20231028,1247,23,19,1,25.06864,121.5107,4
500103004,20231028,1248,23,19,1,25.06864,121.5107,4
500103004,20231028,1249,23,19,1,25.06864,121.5107,4
500103004,20231028,1250,23,17,1,25.06864,121.5107,6
500103004,20231028,1251,23,17,1,25.06864,121.5107,6
500103004,20231028,1252,23,17,1,25.06864,121.5107,6
500103004,20231028,1253,23,17,1,25.06864,121.5107,6
500103004,20231028,1254,23,17,1,25.06864,121.5107,6
500103004,20231028,1255,23,17,1,25.06864,121.5107,6
500103004,20231028,1256,23,16,1,25.06864,121.5107,7
500103004,20231028,1257,23,16,1,25.06864,121.5107,7
500103004,20231028,1258,23,16,1,25.06864,121.5107,7
500103004,20231028,1259,23,16,1,25.06864,121.5107,7
500103004,20231028,1261,23,16,1,25.06864,121.5107,7
500103004,20231028,1262,23,16,1,25.06864,121.5107,7
500103004,20231028,1263,23,16,1,25.06864,121.5107,7
500103004,20231028,1264,23,16,1,25.06864,121.5107,7
500103004,20231028,1265,23,17,1,25.06864,121.5107,6
500103004,20231028,1266,23,17,1,25.06864,121.5107,6
500103004,20231028,1267,23,17,1,25.06864,121.5107,6
500103004,20231028,1268,23,17,1,25.06864,121.5107,6
500103004,20231028,1269,23,17,1,25.06864,121.5107,6
500103004,20231028,1270,23,17,1,25.06864,121.5107,6
500103004,20231028,1271,23,17,1,25.06864,121.5107,6
500103004,20231028,1272,23,16,1,25.06864,121.5107,7
500103004,20231028,1273,23,16,1,25.06864,121.5107,7
500103004,20231028,1274,23,16,1,25.06864,121.5107,7
500103004,20231028,1275,23,16,1,25.06864,121.5107,7
500103004,20231028,1276,23,16,1,25.06864,121.5107,7
500103004,20231028,1277,23,16,1,25.06864,121.5107,7
500103004,20231028,1278,23,17,1,25.06864,121.5107,6
500103004,20231028,1279,23,17,1,25.06864,121.5107,6
500103004,20231028,1281,23,16,1,25.06864,121.5107,7
500103004,20231028,1282,23,16,1,25.06864,121.5107,7
500103004,20231028,1283,23,17,1,25.06864,121.5107,6
500103004,20231028,1284,23,17,1,25.06864,121.5107,6
500103004,20231028,1285,23,17,1,25.06864,121.5107,6
500103004,20231028,1286,23,16,1,25.06864,121.5107,7
500103004,20231028,1287,23,16,1,25.06864,121.5107,7
500103004,20231028,1288,23,16,1,25.06864,121.5107,7
500103004,20231028,1289,23,16,1,25.06864,121.5107,7
500103004,20231028,1291,23,15,1,25.06864,121.5107,8
500103004,20231028,1292,23,15,1,25.06864,121.5107,8
500103004,20231028,1293,23,15,1,25.06864,121.5107,8
500103004,20231028,1294,23,18,1,25.06864,121.5107,5
500103004,20231028,1295,23,18,1,25.06864,121.5107,5
500103004,20231028,1296,23,18,1,25.06864,121.5107,5
500103004,20231028,1297,23,18,1,25.06864,121.5107,5
500103004,20231028,1298,23,18,1,25.06864,121.5107,5
500103004,20231028,1299,23,19,1,25.06864,121.5107,4
500103004,20231028,1300,23,19,1,25.06864,121.5107,4
500103004,20231028,1301,23,19,1,25.06864,121.5107,4
500103004,20231028,1302,23,19,1,25.06864,121.5107,4
500103004,20231028,1303,23,19,1,25.06864,121.5107,4
500103004,20231028,1304,23,19,1,25.06864,121.5107,4
500103004,20231028,1305,23,19,1,25.06864,121.5107,4
500103004,20231028,1306,23,20,1,25.06864,121.5107,3
500103004,20231028,1307,23,20,1,25.06864,121.5107,3
500103004,20231028,1308,23,19,1,25.06864,121.5107,4
500103004,20231028,1309,23,19,1,25.06864,121.5107,4
500103004,20231028,1310,23,18,1,25.06864,121.5107,5
500103004,20231028,1311,23,18,1,25.06864,121.5107,5
500103004,20231028,1312,23,19,1,25.06864,121.5107,4
500103004,20231028,1313,23,19,1,25.06864,121.5107,4
500103004,20231028,1314,23,19,1,25.06864,121.5107,4
500103004,20231028,1315,23,19,1,25.06864,121.5107,4
500103004,20231028,1316,23,19,1,25.06864,121.5107,4
500103004,20231028,1317,23,19,1,25.06864,121.5107,4
500103004,20231028,1318,23,19,1,25.06864,121.5107,4
500103004,20231028,1319,23,19,1,25.06864,121.5107,4
500103004,20231028,1321,23,18,1,25.06864,121.5107,5
500103004,20231028,1322,23,18,1,25.06864,121.5107,5
500103004,20231028,1323,23,18,1,25.06864,121.5107,5
500103004,20231028,1324,23,18,1,25.06864,121.5107,5
500103004,20231028,1325,23,18,1,25.06864,121.5107,5
500103004,20231028,1326,23,18,1,25.06864,121.5107,5
500103004,20231028,1327,23,18,1,25.06864,121.5107,5
500103004,20231028,1328,23,16,1,25.06864,121.5107,7
500103004,20231028,1329,23,15,1,25.06864,121.5107,8
500103004,20231028,1330,23,15,1,25.06864,121.5107,8
500103004,20231028,1331,23,13,1,25.06864,121.5107,10
500103004,20231028,1332,23,13,1,25.06864,121.5107,10
500103004,20231028,1333,23,13,1,25.06864,121.5107,10
500103004,20231028,1334,23,13,1,25.06864,121.5107,10
500103004,20231028,1335,23,12,1,25.06864,121.5107,11
500103004,20231028,1336,23,13,1,25.06864,121.5107,10
500103004,20231028,1337,23,13,1,25.06864,121.5107,10
500103004,20231028,1338,23,13,1,25.06864,121.5107,10
500103004,20231028,1339,23,13,1,25.06864,121.5107,10
500103004,20231028,1341,23,13,1,25.06864,121.5107,10
500103004,20231028,1342,23,13,1,25.06864,121.5107,10
500103004,20231028,1343,23,13,1,25.06864,121.5107,10
500103004,20231028,1344,23,13,1,25.06864,121.5107,10
500103004,20231028,1345,23,13,1,25.06864,121.5107,10
500103004,20231028,1346,23,13,1,25.06864,121.5107,10
500103004,20231028,1347,23,13,1,25.06864,121.5107,10
500103004,20231028,1348,23,12,1,25.06864,121.5107,11
500103004,20231028,1349,23,12,1,25.06864,121.5107,11
500103004,20231028,1350,23,12,1,25.06864,121.5107,11
500103004,20231028,1351,23,12,1,25.06864,121.5107,11
500103004,20231028,1352,23,12,1,25.06864,121.5107,11
500103004,20231028,1353,23,12,1,25.06864,121.5107,11
500103004,20231028,1354,23,12,1,25.06864,121.5107,11
500103004,20231028,1355,23,12,1,25.06864,121.5107,11
500103004,20231028,1356,23,12,1,25.06864,121.5107,11
500103004,20231028,1357,23,12,1,25.06864,121.5107,11
500103004,20231028,1358,23,12,1,25.06864,121.5107,11
500103004,20231028,1359,23,12,1,25.06864,121.5107,11
500103004,20231028,1360,23,12,1,25.06864,121.5107,11
500103004,20231028,1361,23,12,1,25.06864,121.5107,11
500103004,20231028,1362,23,12,1,25.06864,121.5107,11
500103004,20231028,1363,23,12,1,25.06864,121.5107,11
500103004,20231028,1364,23,12,1,25.06864,121.5107,11
500103004,20231028,1365,23,12,1,25.06864,121.5107,11
500103004,20231028,1366,23,12,1,25.06864,121.5107,11
500103004,20231028,1367,23,11,1,25.06864,121.5107,12
500103004,20231028,1368,23,10,1,25.06864,121.5107,13
500103004,20231028,1369,23,10,1,25.06864,121.5107,13
500103004,20231028,1370,23,10,1,25.06864,121.5107,13
500103004,20231028,1371,23,10,1,25.06864,121.5107,13
500103004,20231028,1372,23,10,1,25.06864,121.5107,13
500103004,20231028,1373,23,10,1,25.06864,121.5107,13
500103004,20231028,1374,23,10,1,25.06864,121.5107,13
500103004,20231028,1375,23,10,1,25.06864,121.5107,13
500103004,20231028,1376,23,9,1,25.06864,121.5107,14
500103004,20231028,1377,23,9,1,25.06864,121.5107,14
500103004,20231028,1378,23,9,1,25.06864,121.5107,14
500103004,20231028,1379,23,9,1,25.06864,121.5107,14
500103004,20231028,1381,23,9,1,25.06864,121.5107,14
500103004,20231028,1382,23,8,1,25.06864,121.5107,15
500103004,20231028,1383,23,7,1,25.06864,121.5107,16
500103004,20231028,1384,23,6,1,25.06864,121.5107,17
500103004,20231028,1385,23,6,1,25.06864,121.5107,17
500103004,20231028,1386,23,6,1,25.06864,121.5107,17
500103004,20231028,1387,23,6,1,25.06864,121.5107,17
500103004,20231028,1388,23,6,1,25.06864,121.5107,17
500103004,20231028,1389,23,6,1,25.06864,121.5107,17
500103004,20231028,1390,23,6,1,25.06864,121.5107,17
500103004,20231028,1391,23,6,1,25.06864,121.5107,17
500103004,20231028,1392,23,6,1,25.06864,121.5107,17
500103004,20231028,1393,23,5,1,25.06864,121.5107,18
500103004,20231028,1394,23,5,1,25.06864,121.5107,18
500103004,20231028,1395,23,4,1,25.06864,121.5107,19
500103004,20231028,1396,23,4,1,25.06864,121.5107,19
500103004,20231028,1397,23,4,1,25.06864,121.5107,19
500103004,20231028,1398,23,4,1,25.06864,121.5107,19
500103004,20231028,1399,23,4,1,25.06864,121.5107,19
500103004,20231028,1401,23,4,1,25.06864,121.5107,19
500103004,20231028,1402,23,4,1,25.06864,121.5107,19
500103004,20231028,1403,23,3,1,25.06864,121.5107,20
500103004,20231028,1404,23,3,1,25.06864,121.5107,20
500103004,20231028,1405,23,3,1,25.06864,121.5107,20
500103004,20231028,1406,23,3,1,25.06864,121.5107,20
500103004,20231028,1407,23,3,1,25.06864,121.5107,20
500103004,20231028,1408,23,3,1,25.06864,121.5107,20
500103004,20231028,1409,23,3,1,25.06864,121.5107,20
500103004,20231028,1410,23,3,1,25.06864,121.5107,20
500103004,20231028,1411,23,2,1,25.06864,121.5107,21
500103004,20231028,1412,23,2,1,25.06864,121.5107,21
500103004,20231028,1413,23,2,1,25.06864,121.5107,21
500103004,20231028,1414,23,2,1,25.06864,121.5107,21
500103004,20231028,1415,23,2,1,25.06864,121.5107,21
500103004,20231028,1416,23,3,1,25.06864,121.5107,20
500103004,20231028,1417,23,3,1,25.06864,121.5107,20
500103004,20231028,1418,23,3,1,25.06864,121.5107,20
500103004,20231028,1419,23,3,1,25.06864,121.5107,20
500103004,20231028,1420,23,3,1,25.06864,121.5107,20
500103004,20231028,1421,23,2,1,25.06864,121.5107,21
500103004,20231028,1422,23,2,1,25.06864,121.5107,21
500103004,20231028,1423,23,1,1,25.06864,121.5107,22
500103004,20231028,1424,23,2,1,25.06864,121.5107,21
500103004,20231028,1425,23,1,1,25.06864,121.5107,22
500103004,20231028,1426,23,1,1,25.06864,121.5107,22
500103004,20231028,1427,23,0,1,25.06864,121.5107,23
500103004,20231028,1428,23,0,1,25.06864,121.5107,23
500103004,20231028,1429,23,0,1,25.06864,121.5107,23
500103004,20231028,1430,23,0,1,25.06864,121.5107,23
500103004,20231028,1431,23,0,1,25.06864,121.5107,23
500103004,20231028,1432,23,0,1,25.06864,121.5107,23
500103004,20231028,1433,23,0,1,25.06864,121.5107,23
500103004,20231028,1434,23,0,1,25.06864,121.5107,23
500103004,20231028,1435,23,0,1,25.06864,121.5107,23
500103004,20231028,1436,23,0,1,25.06864,121.5107,23
500103004,20231028,1437,23,0,1,25.06864,121.5107,23
500103004,20231028,1438,23,0,1,25.06864,121.5107,23
500103004,20231028,1439,23,0,1,25.06864,121.5107,23
500103004,20231029,1,23,0,1,25.06864,121.5107,23
500103004,20231029,2,23,0,1,25.06864,121.5107,23
500103004,20231029,3,23,0,1,25.06864,121.5107,23
500103004,20231029,4,23,0,1,25.06864,121.5107,23
500103004,20231029,5,23,0,1,25.06864,121.5107,23
500103004,20231029,6,23,0,1,25.06864,121.5107,23
500103004,20231029,7,23,0,1,25.06864,121.5107,23
500103004,20231029,8,23,0,1,25.06864,121.5107,23
500103004,20231029,9,23,0,1,25.06864,121.5107,23
500103004,20231029,10,23,0,1,25.06864,121.5107,23
500103004,20231029,11,23,0,1,25.06864,121.5107,23
500103004,20231029,12,23,0,1,25.06864,121.5107,23
500103004,20231029,13,23,0,1,25.06864,121.5107,23
500103004,20231029,14,23,0,1,25.06864,121.5107,23
500103004,20231029,15,23,0,1,25.06864,121.5107,23
500103004,20231029,16,23,0,1,25.06864,121.5107,23
500103004,20231029,17,23,0,1,25.06864,121.5107,23
500103004,20231029,18,23,0,1,25.06864,121.5107,23
500103004,20231029,19,23,0,1,25.06864,121.5107,23
500103004,20231029,21,23,0,1,25.06864,121.5107,23
500103004,20231029,23,23,0,1,25.06864,121.5107,23
500103004,20231029,24,23,0,1,25.06864,121.5107,23
500103004,20231029,25,23,0,1,25.06864,121.5107,23
500103004,20231029,26,23,0,1,25.06864,121.5107,23
500103004,20231029,27,23,0,1,25.06864,121.5107,23
500103004,20231029,28,23,0,1,25.06864,121.5107,23
500103004,20231029,29,23,0,1,25.06864,121.5107,23
500103004,20231029,30,23,0,1,25.06864,121.5107,23
500103004,20231029,31,23,0,1,25.06864,121.5107,23
500103004,20231029,32,23,0,1,25.06864,121.5107,23
500103004,20231029,33,23,0,1,25.06864,121.5107,23
500103004,20231029,34,23,0,1,25.06864,121.5107,23
500103004,20231029,35,23,0,1,25.06864,121.5107,23
500103004,20231029,36,23,0,1,25.06864,121.5107,23
500103004,20231029,37,23,0,1,25.06864,121.5107,23
500103004,20231029,38,23,0,1,25.06864,121.5107,23
500103004,20231029,39,23,0,1,25.06864,121.5107,23
500103004,20231029,40,23,0,1,25.06864,121.5107,23
500103004,20231029,41,23,0,1,25.06864,121.5107,23
500103004,20231029,42,23,0,1,25.06864,121.5107,23
500103004,20231029,43,23,0,1,25.06864,121.5107,23
500103004,20231029,44,23,0,1,25.06864,121.5107,23
500103004,20231029,45,23,0,1,25.06864,121.5107,23
500103004,20231029,46,23,0,1,25.06864,121.5107,23
500103004,20231029,47,23,0,1,25.06864,121.5107,23
500103004,20231029,48,23,0,1,25.06864,121.5107,23
500103004,20231029,49,23,0,1,25.06864,121.5107,23
500103004,20231029,50,23,0,1,25.06864,121.5107,23
500103004,20231029,51,23,0,1,25.06864,121.5107,23
500103004,20231029,52,23,0,1,25.06864,121.5107,23
500103004,20231029,53,23,0,1,25.06864,121.5107,23
500103004,20231029,54,23,0,1,25.06864,121.5107,23
500103004,20231029,55,23,0,1,25.06864,121.5107,23
500103004,20231029,56,23,0,1,25.06864,121.5107,23
500103004,20231029,57,23,0,1,25.06864,121.5107,23
500103004,20231029,58,23,1,1,25.06864,121.5107,22
500103004,20231029,59,23,0,1,25.06864,121.5107,23
500103004,20231029,60,23,0,1,25.06864,121.5107,23
500103004,20231029,61,23,0,1,25.06864,121.5107,23
500103004,20231029,62,23,0,1,25.06864,121.5107,23
500103004,20231029,63,23,0,1,25.06864,121.5107,23
500103004,20231029,64,23,0,1,25.06864,121.5107,23
500103004,20231029,65,23,0,1,25.06864,121.5107,23
500103004,20231029,66,23,0,1,25.06864,121.5107,23
500103004,20231029,67,23,0,1,25.06864,121.5107,23
500103004,20231029,68,23,0,1,25.06864,121.5107,23
500103004,20231029,69,23,0,1,25.06864,121.5107,23
500103004,20231029,70,23,0,1,25.06864,121.5107,23
500103004,20231029,71,23,0,1,25.06864,121.5107,23
500103004,20231029,72,23,0,1,25.06864,121.5107,23
500103004,20231029,73,23,0,1,25.06864,121.5107,23
500103004,20231029,74,23,0,1,25.06864,121.5107,23
500103004,20231029,75,23,0,1,25.06864,121.5107,23
500103004,20231029,76,23,0,1,25.06864,121.5107,23
500103004,20231029,77,23,0,1,25.06864,121.5107,23
500103004,20231029,78,23,0,1,25.06864,121.5107,23
500103004,20231029,79,23,0,1,25.06864,121.5107,23
500103004,20231029,81,23,0,1,25.06864,121.5107,23
500103004,20231029,82,23,0,1,25.06864,121.5107,23
500103004,20231029,83,23,0,1,25.06864,121.5107,23
500103004,20231029,85,23,0,1,25.06864,121.5107,23
500103004,20231029,86,23,0,1,25.06864,121.5107,23
500103004,20231029,87,23,0,1,25.06864,121.5107,23
500103004,20231029,88,23,0,1,25.06864,121.5107,23
500103004,20231029,89,23,0,1,25.06864,121.5107,23
500103004,20231029,90,23,0,1,25.06864,121.5107,23
500103004,20231029,91,23,0,1,25.06864,121.5107,23
500103004,20231029,92,23,0,1,25.06864,121.5107,23
500103004,20231029,93,23,0,1,25.06864,121.5107,23
500103004,20231029,94,23,0,1,25.06864,121.5107,23
500103004,20231029,95,23,0,1,25.06864,121.5107,23
500103004,20231029,96,23,0,1,25.06864,121.5107,23
500103004,20231029,97,23,0,1,25.06864,121.5107,23
500103004,20231029,98,23,0,1,25.06864,121.5107,23
500103004,20231029,99,23,0,1,25.06864,121.5107,23
500103004,20231029,100,23,0,1,25.06864,121.5107,23
500103004,20231029,101,23,0,1,25.06864,121.5107,23
500103004,20231029,102,23,0,1,25.06864,121.5107,23
500103004,20231029,103,23,0,1,25.06864,121.5107,23
500103004,20231029,104,23,0,1,25.06864,121.5107,23
500103004,20231029,105,23,0,1,25.06864,121.5107,23
500103004,20231029,106,23,0,1,25.06864,121.5107,23
500103004,20231029,107,23,0,1,25.06864,121.5107,23
500103004,20231029,108,23,0,1,25.06864,121.5107,23
500103004,20231029,109,23,0,1,25.06864,121.5107,23
500103004,20231029,110,23,0,1,25.06864,121.5107,23
500103004,20231029,111,23,1,1,25.06864,121.5107,22
500103004,20231029,112,23,1,1,25.06864,121.5107,22
500103004,20231029,113,23,1,1,25.06864,121.5107,22
500103004,20231029,114,23,1,1,25.06864,121.5107,22
500103004,20231029,115,23,1,1,25.06864,121.5107,22
500103004,20231029,116,23,0,1,25.06864,121.5107,23
500103004,20231029,117,23,0,1,25.06864,121.5107,23
500103004,20231029,118,23,0,1,25.06864,121.5107,23
500103004,20231029,119,23,0,1,25.06864,121.5107,23
500103004,20231029,121,23,0,1,25.06864,121.5107,23
500103004,20231029,122,23,0,1,25.06864,121.5107,23
500103004,20231029,123,23,0,1,25.06864,121.5107,23
500103004,20231029,124,23,0,1,25.06864,121.5107,23
500103004,20231029,125,23,0,1,25.06864,121.5107,23
500103004,20231029,126,23,0,1,25.06864,121.5107,23
500103004,20231029,127,23,0,1,25.06864,121.5107,23
500103004,20231029,128,23,0,1,25.06864,121.5107,23
500103004,20231029,129,23,0,1,25.06864,121.5107,23
500103004,20231029,130,23,0,1,25.06864,121.5107,23
500103004,20231029,131,23,0,1,25.06864,121.5107,23
500103004,20231029,132,23,0,1,25.06864,121.5107,23
500103004,20231029,133,23,0,1,25.06864,121.5107,23
500103004,20231029,134,23,0,1,25.06864,121.5107,23
500103004,20231029,135,23,0,1,25.06864,121.5107,23
500103004,20231029,136,23,0,1,25.06864,121.5107,23
500103004,20231029,137,23,0,1,25.06864,121.5107,23
500103004,20231029,138,23,0,1,25.06864,121.5107,23
500103004,20231029,139,23,0,1,25.06864,121.5107,23
500103004,20231029,141,23,0,1,25.06864,121.5107,23
500103004,20231029,142,23,0,1,25.06864,121.5107,23
500103004,20231029,143,23,0,1,25.06864,121.5107,23
500103004,20231029,144,23,0,1,25.06864,121.5107,23
500103004,20231029,145,23,0,1,25.06864,121.5107,23
500103004,20231029,146,23,0,1,25.06864,121.5107,23
500103004,20231029,147,23,0,1,25.06864,121.5107,23
500103004,20231029,148,23,0,1,25.06864,121.5107,23
500103004,20231029,149,23,0,1,25.06864,121.5107,23
500103004,20231029,150,23,0,1,25.06864,121.5107,23
500103004,20231029,151,23,0,1,25.06864,121.5107,23
500103004,20231029,152,23,0,1,25.06864,121.5107,23
500103004,20231029,153,23,0,1,25.06864,121.5107,23
500103004,20231029,154,23,0,1,25.06864,121.5107,23
500103004,20231029,155,23,0,1,25.06864,121.5107,23
500103004,20231029,156,23,0,1,25.06864,121.5107,23
500103004,20231029,157,23,0,1,25.06864,121.5107,23
500103004,20231029,158,23,0,1,25.06864,121.5107,23
500103004,20231029,159,23,0,1,25.06864,121.5107,23
500103004,20231029,160,23,0,1,25.06864,121.5107,23
500103004,20231029,161,23,0,1,25.06864,121.5107,23
500103004,20231029,162,23,0,1,25.06864,121.5107,23
500103004,20231029,163,23,0,1,25.06864,121.5107,23
500103004,20231029,164,23,0,1,25.06864,121.5107,23
500103004,20231029,165,23,0,1,25.06864,121.5107,23
500103004,20231029,166,23,0,1,25.06864,121.5107,23
500103004,20231029,167,23,0,1,25.06864,121.5107,23
500103004,20231029,168,23,0,1,25.06864,121.5107,23
500103004,20231029,169,23,0,1,25.06864,121.5107,23
500103004,20231029,170,23,0,1,25.06864,121.5107,23
500103004,20231029,171,23,0,1,25.06864,121.5107,23
500103004,20231029,172,23,0,1,25.06864,121.5107,23
500103004,20231029,173,23,0,1,25.06864,121.5107,23
500103004,20231029,174,23,0,1,25.06864,121.5107,23
500103004,20231029,175,23,0,1,25.06864,121.5107,23
500103004,20231029,176,23,0,1,25.06864,121.5107,23
500103004,20231029,177,23,0,1,25.06864,121.5107,23
500103004,20231029,178,23,0,1,25.06864,121.5107,23
500103004,20231029,179,23,0,1,25.06864,121.5107,23
500103004,20231029,180,23,0,1,25.06864,121.5107,23
500103004,20231029,181,23,0,1,25.06864,121.5107,23
500103004,20231029,182,23,0,1,25.06864,121.5107,23
500103004,20231029,183,23,0,1,25.06864,121.5107,23
500103004,20231029,184,23,0,1,25.06864,121.5107,23
500103004,20231029,185,23,0,1,25.06864,121.5107,23
500103004,20231029,186,23,0,1,25.06864,121.5107,23
500103004,20231029,187,23,0,1,25.06864,121.5107,23
500103004,20231029,188,23,0,1,25.06864,121.5107,23
500103004,20231029,189,23,0,1,25.06864,121.5107,23
500103004,20231029,190,23,0,1,25.06864,121.5107,23
500103004,20231029,191,23,0,1,25.06864,121.5107,23
500103004,20231029,192,23,0,1,25.06864,121.5107,23
500103004,20231029,193,23,0,1,25.06864,121.5107,23
500103004,20231029,194,23,0,1,25.06864,121.5107,23
500103004,20231029,195,23,0,1,25.06864,121.5107,23
500103004,20231029,196,23,0,1,25.06864,121.5107,23
500103004,20231029,197,23,0,1,25.06864,121.5107,23
500103004,20231029,198,23,0,1,25.06864,121.5107,23
500103004,20231029,199,23,0,1,25.06864,121.5107,23
500103004,20231029,201,23,0,1,25.06864,121.5107,23
500103004,20231029,202,23,0,1,25.06864,121.5107,23
500103004,20231029,203,23,0,1,25.06864,121.5107,23
500103004,20231029,204,23,0,1,25.06864,121.5107,23
500103004,20231029,205,23,0,1,25.06864,121.5107,23
500103004,20231029,206,23,0,1,25.06864,121.5107,23
500103004,20231029,207,23,0,1,25.06864,121.5107,23
500103004,20231029,208,23,0,1,25.06864,121.5107,23
500103004,20231029,209,23,0,1,25.06864,121.5107,23
500103004,20231029,210,23,0,1,25.06864,121.5107,23
500103004,20231029,211,23,0,1,25.06864,121.5107,23
500103004,20231029,212,23,0,1,25.06864,121.5107,23
500103004,20231029,213,23,0,1,25.06864,121.5107,23
500103004,20231029,214,23,0,1,25.06864,121.5107,23
500103004,20231029,215,23,0,1,25.06864,121.5107,23
500103004,20231029,216,23,0,1,25.06864,121.5107,23
500103004,20231029,217,23,0,1,25.06864,121.5107,23
500103004,20231029,218,23,0,1,25.06864,121.5107,23
500103004,20231029,219,23,0,1,25.06864,121.5107,23
500103004,20231029,220,23,0,1,25.06864,121.5107,23
500103004,20231029,221,23,0,1,25.06864,121.5107,23
500103004,20231029,222,23,0,1,25.06864,121.5107,23
500103004,20231029,223,23,0,1,25.06864,121.5107,23
500103004,20231029,224,23,0,1,25.06864,121.5107,23
500103004,20231029,225,23,0,1,25.06864,121.5107,23
500103004,20231029,226,23,0,1,25.06864,121.5107,23
500103004,20231029,227,23,0,1,25.06864,121.5107,23
500103004,20231029,228,23,0,1,25.06864,121.5107,23
500103004,20231029,229,23,0,1,25.06864,121.5107,23
500103004,20231029,230,23,0,1,25.06864,121.5107,23
500103004,20231029,231,23,0,1,25.06864,121.5107,23
500103004,20231029,232,23,0,1,25.06864,121.5107,23
500103004,20231029,233,23,0,1,25.06864,121.5107,23
500103004,20231029,234,23,0,1,25.06864,121.5107,23
500103004,20231029,235,23,0,1,25.06864,121.5107,23
500103004,20231029,236,23,0,1,25.06864,121.5107,23
500103004,20231029,237,23,0,1,25.06864,121.5107,23
500103004,20231029,238,23,0,1,25.06864,121.5107,23
500103004,20231029,239,23,0,1,25.06864,121.5107,23
500103004,20231029,240,23,0,1,25.06864,121.5107,23
500103004,20231029,241,23,0,1,25.06864,121.5107,23
500103004,20231029,242,23,0,1,25.06864,121.5107,23
500103004,20231029,243,23,0,1,25.06864,121.5107,23
500103004,20231029,244,23,0,1,25.06864,121.5107,23
500103004,20231029,245,23,0,1,25.06864,121.5107,23
500103004,20231029,246,23,0,1,25.06864,121.5107,23
500103004,20231029,247,23,0,1,25.06864,121.5107,23
500103004,20231029,248,23,0,1,25.06864,121.5107,23
500103004,20231029,249,23,0,1,25.06864,121.5107,23
500103004,20231029,250,23,0,1,25.06864,121.5107,23
500103004,20231029,251,23,0,1,25.06864,121.5107,23
500103004,20231029,252,23,0,1,25.06864,121.5107,23
500103004,20231029,253,23,0,1,25.06864,121.5107,23
500103004,20231029,254,23,0,1,25.06864,121.5107,23
500103004,20231029,255,23,0,1,25.06864,121.5107,23
500103004,20231029,256,23,0,1,25.06864,121.5107,23
500103004,20231029,257,23,0,1,25.06864,121.5107,23
500103004,20231029,258,23,0,1,25.06864,121.5107,23
500103004,20231029,259,23,0,1,25.06864,121.5107,23
500103004,20231029,261,23,0,1,25.06864,121.5107,23
500103004,20231029,262,23,1,1,25.06864,121.5107,22
500103004,20231029,263,23,1,1,25.06864,121.5107,22
500103004,20231029,264,23,1,1,25.06864,121.5107,22
500103004,20231029,265,23,1,1,25.06864,121.5107,22
500103004,20231029,266,23,1,1,25.06864,121.5107,22
500103004,20231029,267,23,1,1,25.06864,121.5107,22
500103004,20231029,268,23,1,1,25.06864,121.5107,22
500103004,20231029,269,23,1,1,25.06864,121.5107,22
500103004,20231029,270,23,1,1,25.06864,121.5107,22
500103004,20231029,271,23,1,1,25.06864,121.5107,22
500103004,20231029,272,23,2,1,25.06864,121.5107,21
500103004,20231029,273,23,2,1,25.06864,121.5107,21
500103004,20231029,274,23,2,1,25.06864,121.5107,21
500103004,20231029,275,23,2,1,25.06864,121.5107,21
500103004,20231029,276,23,3,1,25.06864,121.5107,20
500103004,20231029,277,23,3,1,25.06864,121.5107,20
500103004,20231029,278,23,3,1,25.06864,121.5107,20
500103004,20231029,279,23,3,1,25.06864,121.5107,20
500103004,20231029,280,23,3,1,25.06864,121.5107,20
500103004,20231029,281,23,3,1,25.06864,121.5107,20
500103004,20231029,282,23,2,1,25.06864,121.5107,21
500103004,20231029,283,23,2,1,25.06864,121.5107,21
500103004,20231029,284,23,2,1,25.06864,121.5107,21
500103004,20231029,285,23,2,1,25.06864,121.5107,21
500103004,20231029,286,23,2,1,25.06864,121.5107,21
500103004,20231029,288,23,2,1,25.06864,121.5107,21
500103004,20231029,289,23,2,1,25.06864,121.5107,21
500103004,20231029,290,23,2,1,25.06864,121.5107,21
500103004,20231029,291,23,2,1,25.06864,121.5107,21
500103004,20231029,292,23,2,1,25.06864,121.5107,21
500103004,20231029,293,23,2,1,25.06864,121.5107,21
500103004,20231029,294,23,2,1,25.06864,121.5107,21
500103004,20231029,295,23,2,1,25.06864,121.5107,21
500103004,20231029,296,23,2,1,25.06864,121.5107,21
500103004,20231029,297,23,2,1,25.06864,121.5107,21
500103004,20231029,298,23,4,1,25.06864,121.5107,19
500103004,20231029,299,23,4,1,25.06864,121.5107,19
500103004,20231029,300,23,4,1,25.06864,121.5107,19
500103004,20231029,301,23,4,1,25.06864,121.5107,19
500103004,20231029,302,23,4,1,25.06864,121.5107,19
500103004,20231029,303,23,4,1,25.06864,121.5107,19
500103004,20231029,304,23,4,1,25.06864,121.5107,19
500103004,20231029,305,23,4,1,25.06864,121.5107,19
500103004,20231029,306,23,4,1,25.06864,121.5107,19
500103004,20231029,307,23,4,1,25.06864,121.5107,19
500103004,20231029,308,23,4,1,25.06864,121.5107,19
500103004,20231029,309,23,4,1,25.06864,121.5107,19
500103004,20231029,310,23,4,1,25.06864,121.5107,19
500103004,20231029,311,23,4,1,25.06864,121.5107,19
500103004,20231029,312,23,4,1,25.06864,121.5107,19
500103004,20231029,313,23,4,1,25.06864,121.5107,19
500103004,20231029,314,23,4,1,25.06864,121.5107,19
500103004,20231029,315,23,4,1,25.06864,121.5107,19
500103004,20231029,316,23,4,1,25.06864,121.5107,19
500103004,20231029,317,23,4,1,25.06864,121.5107,19
500103004,20231029,318,23,4,1,25.06864,121.5107,19
500103004,20231029,319,23,4,1,25.06864,121.5107,19
500103004,20231029,321,23,4,1,25.06864,121.5107,19
500103004,20231029,322,23,4,1,25.06864,121.5107,19
500103004,20231029,323,23,4,1,25.06864,121.5107,19
500103004,20231029,324,23,4,1,25.06864,121.5107,19
500103004,20231029,325,23,5,1,25.06864,121.5107,18
500103004,20231029,326,23,5,1,25.06864,121.5107,18
500103004,20231029,327,23,5,1,25.06864,121.5107,18
500103004,20231029,328,23,5,1,25.06864,121.5107,18
500103004,20231029,329,23,5,1,25.06864,121.5107,18
500103004,20231029,330,23,5,1,25.06864,121.5107,18
500103004,20231029,331,23,5,1,25.06864,121.5107,18
500103004,20231029,332,23,6,1,25.06864,121.5107,17
500103004,20231029,333,23,6,1,25.06864,121.5107,17
500103004,20231029,334,23,6,1,25.06864,121.5107,17
500103004,20231029,335,23,6,1,25.06864,121.5107,17
500103004,20231029,336,23,6,1,25.06864,121.5107,17
500103004,20231029,337,23,6,1,25.06864,121.5107,17
500103004,20231029,338,23,6,1,25.06864,121.5107,17
500103004,20231029,339,23,6,1,25.06864,121.5107,17
500103004,20231029,340,23,6,1,25.06864,121.5107,17
500103004,20231029,341,23,6,1,25.06864,121.5107,17
500103004,20231029,342,23,6,1,25.06864,121.5107,17
500103004,20231029,343,23,6,1,25.06864,121.5107,17
500103004,20231029,344,23,6,1,25.06864,121.5107,17
500103004,20231029,345,23,6,1,25.06864,121.5107,17
500103004,20231029,346,23,6,1,25.06864,121.5107,17
500103004,20231029,347,23,6,1,25.06864,121.5107,17
500103004,20231029,348,23,6,1,25.06864,121.5107,17
500103004,20231029,349,23,6,1,25.06864,121.5107,17
500103004,20231029,350,23,6,1,25.06864,121.5107,17
500103004,20231029,351,23,6,1,25.06864,121.5107,17
500103004,20231029,352,23,6,1,25.06864,121.5107,17
500103004,20231029,353,23,6,1,25.06864,121.5107,17
500103004,20231029,354,23,6,1,25.06864,121.5107,17
500103004,20231029,355,23,6,1,25.06864,121.5107,17
500103004,20231029,356,23,6,1,25.06864,121.5107,17
500103004,20231029,357,23,6,1,25.06864,121.5107,17
500103004,20231029,358,23,6,1,25.06864,121.5107,17
500103004,20231029,359,23,6,1,25.06864,121.5107,17
500103004,20231029,360,23,6,1,25.06864,121.5107,17
500103004,20231029,361,23,6,1,25.06864,121.5107,17
500103004,20231029,362,23,6,1,25.06864,121.5107,17
500103004,20231029,363,23,6,1,25.06864,121.5107,17
500103004,20231029,364,23,4,1,25.06864,121.5107,19
500103004,20231029,365,23,4,1,25.06864,121.5107,19
500103004,20231029,366,23,4,1,25.06864,121.5107,19
500103004,20231029,367,23,4,1,25.06864,121.5107,19
500103004,20231029,368,23,4,1,25.06864,121.5107,19
500103004,20231029,369,23,4,1,25.06864,121.5107,19
500103004,20231029,370,23,4,1,25.06864,121.5107,19
500103004,20231029,371,23,4,1,25.06864,121.5107,19
500103004,20231029,372,23,4,1,25.06864,121.5107,19
500103004,20231029,373,23,4,1,25.06864,121.5107,19
500103004,20231029,374,23,4,1,25.06864,121.5107,19
500103004,20231029,375,23,3,1,25.06864,121.5107,20
500103004,20231029,376,23,3,1,25.06864,121.5107,20
500103004,20231029,377,23,3,1,25.06864,121.5107,20
500103004,20231029,378,23,3,1,25.06864,121.5107,20
500103004,20231029,379,23,3,1,25.06864,121.5107,20
500103004,20231029,381,23,3,1,25.06864,121.5107,20
500103004,20231029,382,23,3,1,25.06864,121.5107,20
500103004,20231029,383,23,3,1,25.06864,121.5107,20
500103004,20231029,384,23,3,1,25.06864,121.5107,20
500103004,20231029,385,23,3,1,25.06864,121.5107,20
500103004,20231029,386,23,3,1,25.06864,121.5107,20
500103004,20231029,387,23,3,1,25.06864,121.5107,20
500103004,20231029,388,23,3,1,25.06864,121.5107,20
500103004,20231029,389,23,3,1,25.06864,121.5107,20
500103004,20231029,391,23,3,1,25.06864,121.5107,20
500103004,20231029,392,23,3,1,25.06864,121.5107,20
500103004,20231029,393,23,3,1,25.06864,121.5107,20
500103004,20231029,394,23,3,1,25.06864,121.5107,20
500103004,20231029,395,23,3,1,25.06864,121.5107,20
500103004,20231029,396,23,3,1,25.06864,121.5107,20
500103004,20231029,397,23,3,1,25.06864,121.5107,20
500103004,20231029,398,23,3,1,25.06864,121.5107,20
500103004,20231029,399,23,2,1,25.06864,121.5107,21
500103004,20231029,400,23,2,1,25.06864,121.5107,21
500103004,20231029,401,23,2,1,25.06864,121.5107,21
500103004,20231029,402,23,2,1,25.06864,121.5107,21
500103004,20231029,403,23,4,1,25.06864,121.5107,19
500103004,20231029,404,23,4,1,25.06864,121.5107,19
500103004,20231029,405,23,4,1,25.06864,121.5107,19
500103004,20231029,406,23,4,1,25.06864,121.5107,19
500103004,20231029,407,23,4,1,25.06864,121.5107,19
500103004,20231029,408,23,4,1,25.06864,121.5107,19
500103004,20231029,409,23,4,1,25.06864,121.5107,19
500103004,20231029,410,23,4,1,25.06864,121.5107,19
500103004,20231029,411,23,4,1,25.06864,121.5107,19
500103004,20231029,412,23,4,1,25.06864,121.5107,19
500103004,20231029,413,23,4,1,25.06864,121.5107,19
500103004,20231029,414,23,4,1,25.06864,121.5107,19
500103004,20231029,415,23,4,1,25.06864,121.5107,19
500103004,20231029,416,23,5,1,25.06864,121.5107,18
500103004,20231029,417,23,5,1,25.06864,121.5107,18
500103004,20231029,418,23,4,1,25.06864,121.5107,19
500103004,20231029,419,23,4,1,25.06864,121.5107,19
500103004,20231029,421,23,4,1,25.06864,121.5107,19
500103004,20231029,422,23,4,1,25.06864,121.5107,19
500103004,20231029,423,23,4,1,25.06864,121.5107,19
500103004,20231029,424,23,4,1,25.06864,121.5107,19
500103004,20231029,425,23,4,1,25.06864,121.5107,19
500103004,20231029,426,23,4,1,25.06864,121.5107,19
500103004,20231029,427,23,4,1,25.06864,121.5107,19
500103004,20231029,428,23,4,1,25.06864,121.5107,19
500103004,20231029,429,23,4,1,25.06864,121.5107,19
500103004,20231029,430,23,5,1,25.06864,121.5107,18
500103004,20231029,431,23,5,1,25.06864,121.5107,18
500103004,20231029,432,23,6,1,25.06864,121.5107,17
500103004,20231029,433,23,7,1,25.06864,121.5107,16
500103004,20231029,434,23,7,1,25.06864,121.5107,16
500103004,20231029,435,23,7,1,25.06864,121.5107,16
500103004,20231029,436,23,7,1,25.06864,121.5107,16
500103004,20231029,437,23,7,1,25.06864,121.5107,16
500103004,20231029,438,23,7,1,25.06864,121.5107,16
500103004,20231029,439,23,7,1,25.06864,121.5107,16
500103004,20231029,441,23,7,1,25.06864,121.5107,16
500103004,20231029,442,23,7,1,25.06864,121.5107,16
500103004,20231029,443,23,8,1,25.06864,121.5107,15
500103004,20231029,444,23,8,1,25.06864,121.5107,15
500103004,20231029,445,23,8,1,25.06864,121.5107,15
500103004,20231029,446,23,8,1,25.06864,121.5107,15
500103004,20231029,447,23,8,1,25.06864,121.5107,15
500103004,20231029,448,23,8,1,25.06864,121.5107,15
500103004,20231029,449,23,8,1,25.06864,121.5107,15
500103004,20231029,450,23,8,1,25.06864,121.5107,15
500103004,20231029,451,23,9,1,25.06864,121.5107,14
500103004,20231029,452,23,9,1,25.06864,121.5107,14
500103004,20231029,453,23,9,1,25.06864,121.5107,14
500103004,20231029,454,23,9,1,25.06864,121.5107,14
500103004,20231029,455,23,9,1,25.06864,121.5107,14
500103004,20231029,456,23,9,1,25.06864,121.5107,14
500103004,20231029,457,23,10,1,25.06864,121.5107,13
500103004,20231029,458,23,10,1,25.06864,121.5107,13
500103004,20231029,459,23,13,1,25.06864,121.5107,10
500103004,20231029,460,23,13,1,25.06864,121.5107,10
500103004,20231029,461,23,13,1,25.06864,121.5107,10
500103004,20231029,462,23,13,1,25.06864,121.5107,10
500103004,20231029,463,23,13,1,25.06864,121.5107,10
500103004,20231029,464,23,13,1,25.06864,121.5107,10
500103004,20231029,465,23,12,1,25.06864,121.5107,11
500103004,20231029,466,23,12,1,25.06864,121.5107,11
500103004,20231029,467,23,13,1,25.06864,121.5107,10
500103004,20231029,468,23,13,1,25.06864,121.5107,10
500103004,20231029,469,23,13,1,25.06864,121.5107,10
500103004,20231029,470,23,13,1,25.06864,121.5107,10
500103004,20231029,471,23,13,1,25.06864,121.5107,10
500103004,20231029,472,23,13,1,25.06864,121.5107,10
500103004,20231029,473,23,13,1,25.06864,121.5107,10
500103004,20231029,474,23,13,1,25.06864,121.5107,10
500103004,20231029,475,23,13,1,25.06864,121.5107,10
500103004,20231029,476,23,13,1,25.06864,121.5107,10
500103004,20231029,477,23,13,1,25.06864,121.5107,10
500103004,20231029,478,23,13,1,25.06864,121.5107,10
500103004,20231029,479,23,13,1,25.06864,121.5107,10
500103004,20231029,481,23,13,1,25.06864,121.5107,10
500103004,20231029,482,23,12,1,25.06864,121.5107,11
500103004,20231029,483,23,12,1,25.06864,121.5107,11
500103004,20231029,484,23,12,1,25.06864,121.5107,11
500103004,20231029,485,23,12,1,25.06864,121.5107,11
500103004,20231029,486,23,12,1,25.06864,121.5107,11
500103004,20231029,487,23,12,1,25.06864,121.5107,11
500103004,20231029,488,23,12,1,25.06864,121.5107,11
500103004,20231029,489,23,12,1,25.06864,121.5107,11
500103004,20231029,490,23,12,1,25.06864,121.5107,11
500103004,20231029,491,23,12,1,25.06864,121.5107,11
500103004,20231029,492,23,12,1,25.06864,121.5107,11
500103004,20231029,493,23,12,1,25.06864,121.5107,11
500103004,20231029,494,23,13,1,25.06864,121.5107,10
500103004,20231029,495,23,13,1,25.06864,121.5107,10
500103004,20231029,496,23,13,1,25.06864,121.5107,10
500103004,20231029,497,23,15,1,25.06864,121.5107,8
500103004,20231029,498,23,15,1,25.06864,121.5107,8
500103004,20231029,499,23,15,1,25.06864,121.5107,8
500103004,20231029,501,23,15,1,25.06864,121.5107,8
500103004,20231029,502,23,15,1,25.06864,121.5107,8
500103004,20231029,503,23,15,1,25.06864,121.5107,8
500103004,20231029,504,23,15,1,25.06864,121.5107,8
500103004,20231029,505,23,15,1,25.06864,121.5107,8
500103004,20231029,506,23,15,1,25.06864,121.5107,8
500103004,20231029,507,23,13,1,25.06864,121.5107,10
500103004,20231029,508,23,13,1,25.06864,121.5107,10
500103004,20231029,509,23,11,1,25.06864,121.5107,12
500103004,20231029,511,23,3,1,25.06864,121.5107,20
500103004,20231029,512,23,3,1,25.06864,121.5107,20
500103004,20231029,513,23,2,1,25.06864,121.5107,21
500103004,20231029,514,23,2,1,25.06864,121.5107,21
500103004,20231029,515,23,2,1,25.06864,121.5107,21
500103004,20231029,516,23,2,1,25.06864,121.5107,21
500103004,20231029,517,23,1,1,25.06864,121.5107,22
500103004,20231029,518,23,1,1,25.06864,121.5107,22
500103004,20231029,519,23,1,1,25.06864,121.5107,22
500103004,20231029,520,23,1,1,25.06864,121.5107,22
500103004,20231029,521,23,1,1,25.06864,121.5107,22
500103004,20231029,522,23,1,1,25.06864,121.5107,22
500103004,20231029,523,23,1,1,25.06864,121.5107,22
500103004,20231029,524,23,1,1,25.06864,121.5107,22
500103004,20231029,525,23,1,1,25.06864,121.5107,22
500103004,20231029,526,23,1,1,25.06864,121.5107,22
500103004,20231029,527,23,1,1,25.06864,121.5107,22
500103004,20231029,528,23,1,1,25.06864,121.5107,22
500103004,20231029,529,23,1,1,25.06864,121.5107,22
500103004,20231029,530,23,0,1,25.06864,121.5107,23
500103004,20231029,531,23,1,1,25.06864,121.5107,22
500103004,20231029,532,23,1,1,25.06864,121.5107,22
500103004,20231029,533,23,1,1,25.06864,121.5107,22
500103004,20231029,534,23,1,1,25.06864,121.5107,22
500103004,20231029,535,23,1,1,25.06864,121.5107,22
500103004,20231029,536,23,1,1,25.06864,121.5107,22
500103004,20231029,537,23,1,1,25.06864,121.5107,22
500103004,20231029,538,23,0,1,25.06864,121.5107,23
500103004,20231029,539,23,0,1,25.06864,121.5107,23
500103004,20231029,541,23,0,1,25.06864,121.5107,23
500103004,20231029,542,23,0,1,25.06864,121.5107,23
500103004,20231029,543,23,0,1,25.06864,121.5107,23
500103004,20231029,544,23,0,1,25.06864,121.5107,23
500103004,20231029,545,23,1,1,25.06864,121.5107,22
500103004,20231029,546,23,1,1,25.06864,121.5107,22
500103004,20231029,547,23,1,1,25.06864,121.5107,22
500103004,20231029,548,23,1,1,25.06864,121.5107,22
500103004,20231029,549,23,1,1,25.06864,121.5107,22
500103004,20231029,550,23,1,1,25.06864,121.5107,22
500103004,20231029,551,23,1,1,25.06864,121.5107,22
500103004,20231029,552,23,1,1,25.06864,121.5107,22
500103004,20231029,553,23,1,1,25.06864,121.5107,22
500103004,20231029,554,23,1,1,25.06864,121.5107,22
500103004,20231029,555,23,1,1,25.06864,121.5107,22
500103004,20231029,556,23,1,1,25.06864,121.5107,22
500103004,20231029,557,23,1,1,25.06864,121.5107,22
500103004,20231029,558,23,2,1,25.06864,121.5107,21
500103004,20231029,559,23,2,1,25.06864,121.5107,21
500103004,20231029,561,23,5,1,25.06864,121.5107,18
500103004,20231029,562,23,5,1,25.06864,121.5107,18
500103004,20231029,563,23,5,1,25.06864,121.5107,18
500103004,20231029,564,23,5,1,25.06864,121.5107,18
500103004,20231029,565,23,6,1,25.06864,121.5107,17
500103004,20231029,566,23,6,1,25.06864,121.5107,17
500103004,20231029,567,23,6,1,25.06864,121.5107,17
500103004,20231029,569,23,6,1,25.06864,121.5107,17
500103004,20231029,571,23,6,1,25.06864,121.5107,17
500103004,20231029,572,23,6,1,25.06864,121.5107,17
500103004,20231029,573,23,6,1,25.06864,121.5107,17
500103004,20231029,574,23,6,1,25.06864,121.5107,17
500103004,20231029,575,23,6,1,25.06864,121.5107,17
500103004,20231029,576,23,6,1,25.06864,121.5107,17
500103004,20231029,577,23,6,1,25.06864,121.5107,17
500103004,20231029,578,23,6,1,25.06864,121.5107,17
500103004,20231029,579,23,7,1,25.06864,121.5107,16
500103004,20231029,580,23,7,1,25.06864,121.5107,16
500103004,20231029,581,23,7,1,25.06864,121.5107,16
500103004,20231029,582,23,6,1,25.06864,121.5107,17
500103004,20231029,583,23,5,1,25.06864,121.5107,18
500103004,20231029,584,23,5,1,25.06864,121.5107,18
500103004,20231029,585,23,5,1,25.06864,121.5107,18
500103004,20231029,586,23,6,1,25.06864,121.5107,17
500103004,20231029,587,23,6,1,25.06864,121.5107,17
500103004,20231029,588,23,7,1,25.06864,121.5107,16
500103004,20231029,589,23,7,1,25.06864,121.5107,16
500103004,20231029,590,23,8,1,25.06864,121.5107,15
500103004,20231029,591,23,8,1,25.06864,121.5107,15
500103004,20231029,592,23,8,1,25.06864,121.5107,15
500103004,20231029,593,23,8,1,25.06864,121.5107,15
500103004,20231029,594,23,8,1,25.06864,121.5107,15
500103004,20231029,595,23,8,1,25.06864,121.5107,15
500103004,20231029,596,23,9,1,25.06864,121.5107,14
500103004,20231029,597,23,9,1,25.06864,121.5107,14
500103004,20231029,598,23,9,1,25.06864,121.5107,14
500103004,20231029,599,23,9,1,25.06864,121.5107,14
500103004,20231029,602,23,8,1,25.06864,121.5107,15
500103004,20231029,603,23,8,1,25.06864,121.5107,15
500103004,20231029,604,23,8,1,25.06864,121.5107,15
500103004,20231029,605,23,8,1,25.06864,121.5107,15
500103004,20231029,606,23,8,1,25.06864,121.5107,15
500103004,20231029,607,23,7,1,25.06864,121.5107,16
500103004,20231029,608,23,7,1,25.06864,121.5107,16
500103004,20231029,609,23,8,1,25.06864,121.5107,15
500103004,20231029,610,23,8,1,25.06864,121.5107,15
500103004,20231029,611,23,8,1,25.06864,121.5107,15
500103004,20231029,612,23,8,1,25.06864,121.5107,15
500103004,20231029,613,23,8,1,25.06864,121.5107,15
500103004,20231029,614,23,9,1,25.06864,121.5107,14
500103004,20231029,615,23,8,1,25.06864,121.5107,15
500103004,20231029,616,23,8,1,25.06864,121.5107,15
500103004,20231029,617,23,8,1,25.06864,121.5107,15
500103004,20231029,618,23,8,1,25.06864,121.5107,15
500103004,20231029,619,23,8,1,25.06864,121.5107,15
500103004,20231029,621,23,10,1,25.06864,121.5107,13
500103004,20231029,622,23,11,1,25.06864,121.5107,12
500103004,20231029,623,23,11,1,25.06864,121.5107,12
500103004,20231029,624,23,11,1,25.06864,121.5107,12
500103004,20231029,625,23,11,1,25.06864,121.5107,12
500103004,20231029,626,23,11,1,25.06864,121.5107,12
500103004,20231029,627,23,11,1,25.06864,121.5107,12
500103004,20231029,628,23,11,1,25.06864,121.5107,12
500103004,20231029,629,23,11,1,25.06864,121.5107,12
500103004,20231029,631,23,11,1,25.06864,121.5107,12
500103004,20231029,632,23,11,1,25.06864,121.5107,12
500103004,20231029,633,23,11,1,25.06864,121.5107,12
500103004,20231029,634,23,12,1,25.06864,121.5107,11
500103004,20231029,635,23,12,1,25.06864,121.5107,11
500103004,20231029,636,23,13,1,25.06864,121.5107,10
500103004,20231029,637,23,13,1,25.06864,121.5107,10
500103004,20231029,638,23,15,1,25.06864,121.5107,8
500103004,20231029,639,23,17,1,25.06864,121.5107,6
500103004,20231029,640,23,19,1,25.06864,121.5107,4
500103004,20231029,641,23,21,1,25.06864,121.5107,2
500103004,20231029,642,23,23,1,25.06864,121.5107,0
500103004,20231029,643,23,23,1,25.06864,121.5107,0
500103004,20231029,644,23,23,1,25.06864,121.5107,0
500103004,20231029,645,23,23,1,25.06864,121.5107,0
500103004,20231029,646,23,23,1,25.06864,121.5107,0
500103004,20231029,647,23,23,1,25.06864,121.5107,0
500103004,20231029,648,23,23,1,25.06864,121.5107,0
500103004,20231029,649,23,20,1,25.06864,121.5107,3
500103004,20231029,650,23,18,1,25.06864,121.5107,5
500103004,20231029,651,23,17,1,25.06864,121.5107,6
500103004,20231029,652,23,17,1,25.06864,121.5107,6
500103004,20231029,653,23,17,1,25.06864,121.5107,6
500103004,20231029,654,23,17,1,25.06864,121.5107,6
500103004,20231029,655,23,17,1,25.06864,121.5107,6
500103004,20231029,656,23,17,1,25.06864,121.5107,6
500103004,20231029,657,23,17,1,25.06864,121.5107,6
500103004,20231029,658,23,17,1,25.06864,121.5107,6
500103004,20231029,659,23,17,1,25.06864,121.5107,6
500103004,20231029,661,23,18,1,25.06864,121.5107,5
500103004,20231029,662,23,18,1,25.06864,121.5107,5
500103004,20231029,663,23,18,1,25.06864,121.5107,5
500103004,20231029,664,23,18,1,25.06864,121.5107,5
500103004,20231029,665,23,18,1,25.06864,121.5107,5
500103004,20231029,666,23,16,1,25.06864,121.5107,7
500103004,20231029,667,23,15,1,25.06864,121.5107,8
500103004,20231029,668,23,15,1,25.06864,121.5107,8
500103004,20231029,669,23,15,1,25.06864,121.5107,8
500103004,20231029,670,23,15,1,25.06864,121.5107,8
500103004,20231029,671,23,15,1,25.06864,121.5107,8
500103004,20231029,672,23,15,1,25.06864,121.5107,8
500103004,20231029,673,23,16,1,25.06864,121.5107,7
500103004,20231029,674,23,17,1,25.06864,121.5107,6
500103004,20231029,675,23,17,1,25.06864,121.5107,6
500103004,20231029,676,23,17,1,25.06864,121.5107,6
500103004,20231029,677,23,17,1,25.06864,121.5107,6
500103004,20231029,678,23,17,1,25.06864,121.5107,6
500103004,20231029,679,23,20,1,25.06864,121.5107,3
500103004,20231029,681,23,20,1,25.06864,121.5107,3
500103004,20231029,682,23,18,1,25.06864,121.5107,5
500103004,20231029,683,23,18,1,25.06864,121.5107,5
500103004,20231029,684,23,18,1,25.06864,121.5107,5
500103004,20231029,685,23,18,1,25.06864,121.5107,5
500103004,20231029,686,23,18,1,25.06864,121.5107,5
500103004,20231029,687,23,18,1,25.06864,121.5107,5
500103004,20231029,688,23,18,1,25.06864,121.5107,5
500103004,20231029,689,23,18,1,25.06864,121.5107,5
500103004,20231029,691,23,18,1,25.06864,121.5107,5
500103004,20231029,692,23,17,1,25.06864,121.5107,6
500103004,20231029,693,23,17,1,25.06864,121.5107,6
500103004,20231029,694,23,17,1,25.06864,121.5107,6
500103004,20231029,695,23,17,1,25.06864,121.5107,6
500103004,20231029,696,23,18,1,25.06864,121.5107,5
500103004,20231029,697,23,18,1,25.06864,121.5107,5
500103004,20231029,698,23,18,1,25.06864,121.5107,5
500103004,20231029,699,23,18,1,25.06864,121.5107,5
500103004,20231029,700,23,18,1,25.06864,121.5107,5
500103004,20231029,701,23,18,1,25.06864,121.5107,5
500103004,20231029,702,23,18,1,25.06864,121.5107,5
500103004,20231029,703,23,18,1,25.06864,121.5107,5
500103004,20231029,704,23,18,1,25.06864,121.5107,5
500103004,20231029,705,23,18,1,25.06864,121.5107,5
500103004,20231029,706,23,18,1,25.06864,121.5107,5
500103004,20231029,707,23,18,1,25.06864,121.5107,5
500103004,20231029,708,23,18,1,25.06864,121.5107,5
500103004,20231029,709,23,17,1,25.06864,121.5107,6
500103004,20231029,710,23,17,1,25.06864,121.5107,6
500103004,20231029,711,23,17,1,25.06864,121.5107,6
500103004,20231029,712,23,17,1,25.06864,121.5107,6
500103004,20231029,713,23,17,1,25.06864,121.5107,6
500103004,20231029,714,23,17,1,25.06864,121.5107,6
500103004,20231029,715,23,16,1,25.06864,121.5107,7
500103004,20231029,716,23,17,1,25.06864,121.5107,6
500103004,20231029,717,23,17,1,25.06864,121.5107,6
500103004,20231029,718,23,17,1,25.06864,121.5107,6
500103004,20231029,719,23,17,1,25.06864,121.5107,6
500103004,20231029,721,23,17,1,25.06864,121.5107,6
500103004,20231029,722,23,17,1,25.06864,121.5107,6
500103004,20231029,723,23,17,1,25.06864,121.5107,6
500103004,20231029,724,23,17,1,25.06864,121.5107,6
500103004,20231029,725,23,18,1,25.06864,121.5107,5
500103004,20231029,726,23,18,1,25.06864,121.5107,5
500103004,20231029,727,23,18,1,25.06864,121.5107,5
500103004,20231029,728,23,17,1,25.06864,121.5107,6
500103004,20231029,729,23,17,1,25.06864,121.5107,6
500103004,20231029,730,23,17,1,25.06864,121.5107,6
500103004,20231029,731,23,16,1,25.06864,121.5107,7
500103004,20231029,732,23,15,1,25.06864,121.5107,8
500103004,20231029,733,23,15,1,25.06864,121.5107,8
500103004,20231029,734,23,14,1,25.06864,121.5107,9
500103004,20231029,735,23,14,1,25.06864,121.5107,9
500103004,20231029,736,23,14,1,25.06864,121.5107,9
500103004,20231029,737,23,14,1,25.06864,121.5107,9
500103004,20231029,738,23,14,1,25.06864,121.5107,9
500103004,20231029,739,23,15,1,25.06864,121.5107,8
500103004,20231029,741,23,15,1,25.06864,121.5107,8
500103004,20231029,742,23,15,1,25.06864,121.5107,8
500103004,20231029,743,23,15,1,25.06864,121.5107,8
500103004,20231029,744,23,15,1,25.06864,121.5107,8
500103004,20231029,745,23,16,1,25.06864,121.5107,7
500103004,20231029,746,23,16,1,25.06864,121.5107,7
500103004,20231029,747,23,17,1,25.06864,121.5107,6
500103004,20231029,748,23,17,1,25.06864,121.5107,6
500103004,20231029,749,23,17,1,25.06864,121.5107,6
500103004,20231029,751,23,18,1,25.06864,121.5107,5
500103004,20231029,752,23,18,1,25.06864,121.5107,5
500103004,20231029,753,23,19,1,25.06864,121.5107,4
500103004,20231029,754,23,19,1,25.06864,121.5107,4
500103004,20231029,755,23,19,1,25.06864,121.5107,4
500103004,20231029,756,23,19,1,25.06864,121.5107,4
500103004,20231029,757,23,19,1,25.06864,121.5107,4
500103004,20231029,758,23,18,1,25.06864,121.5107,5
500103004,20231029,759,23,18,1,25.06864,121.5107,5
500103004,20231029,760,23,18,1,25.06864,121.5107,5
500103004,20231029,761,23,17,1,25.06864,121.5107,6
500103004,20231029,762,23,17,1,25.06864,121.5107,6
500103004,20231029,763,23,17,1,25.06864,121.5107,6
500103004,20231029,764,23,17,1,25.06864,121.5107,6
500103004,20231029,765,23,16,1,25.06864,121.5107,7
500103004,20231029,766,23,15,1,25.06864,121.5107,8
500103004,20231029,767,23,14,1,25.06864,121.5107,9
500103004,20231029,768,23,13,1,25.06864,121.5107,10
500103004,20231029,769,23,13,1,25.06864,121.5107,10
500103004,20231029,770,23,13,1,25.06864,121.5107,10
500103004,20231029,771,23,14,1,25.06864,121.5107,9
500103004,20231029,772,23,14,1,25.06864,121.5107,9
500103004,20231029,773,23,14,1,25.06864,121.5107,9
500103004,20231029,774,23,14,1,25.06864,121.5107,9
500103004,20231029,775,23,14,1,25.06864,121.5107,9
500103004,20231029,776,23,14,1,25.06864,121.5107,9
500103004,20231029,777,23,14,1,25.06864,121.5107,9
500103004,20231029,778,23,14,1,25.06864,121.5107,9
500103004,20231029,779,23,14,1,25.06864,121.5107,9
500103004,20231029,781,23,14,1,25.06864,121.5107,9
500103004,20231029,782,23,14,1,25.06864,121.5107,9
500103004,20231029,783,23,14,1,25.06864,121.5107,9
500103004,20231029,784,23,14,1,25.06864,121.5107,9
500103004,20231029,785,23,15,1,25.06864,121.5107,8
500103004,20231029,786,23,15,1,25.06864,121.5107,8
500103004,20231029,787,23,16,1,25.06864,121.5107,7
500103004,20231029,788,23,16,1,25.06864,121.5107,7
500103004,20231029,789,23,16,1,25.06864,121.5107,7
500103004,20231029,790,23,16,1,25.06864,121.5107,7
500103004,20231029,791,23,16,1,25.06864,121.5107,7
500103004,20231029,792,23,16,1,25.06864,121.5107,7
500103004,20231029,793,23,14,1,25.06864,121.5107,9
500103004,20231029,794,23,14,1,25.06864,121.5107,9
500103004,20231029,795,23,15,1,25.06864,121.5107,8
500103004,20231029,796,23,15,1,25.06864,121.5107,8
500103004,20231029,797,23,14,1,25.06864,121.5107,9
500103004,20231029,798,23,14,1,25.06864,121.5107,9
500103004,20231029,799,23,14,1,25.06864,121.5107,9
500103004,20231029,801,23,14,1,25.06864,121.5107,9
500103004,20231029,802,23,15,1,25.06864,121.5107,8
500103004,20231029,803,23,15,1,25.06864,121.5107,8
500103004,20231029,804,23,15,1,25.06864,121.5107,8
500103004,20231029,805,23,15,1,25.06864,121.5107,8
500103004,20231029,806,23,15,1,25.06864,121.5107,8
500103004,20231029,807,23,16,1,25.06864,121.5107,7
500103004,20231029,808,23,16,1,25.06864,121.5107,7
500103004,20231029,809,23,16,1,25.06864,121.5107,7
500103004,20231029,811,23,16,1,25.06864,121.5107,7
500103004,20231029,812,23,16,1,25.06864,121.5107,7
500103004,20231029,813,23,16,1,25.06864,121.5107,7
500103004,20231029,814,23,16,1,25.06864,121.5107,7
500103004,20231029,815,23,16,1,25.06864,121.5107,7
500103004,20231029,816,23,17,1,25.06864,121.5107,6
500103004,20231029,817,23,18,1,25.06864,121.5107,5
500103004,20231029,818,23,18,1,25.06864,121.5107,5
500103004,20231029,819,23,18,1,25.06864,121.5107,5
500103004,20231029,820,23,18,1,25.06864,121.5107,5
500103004,20231029,821,23,17,1,25.06864,121.5107,6
500103004,20231029,822,23,17,1,25.06864,121.5107,6
500103004,20231029,823,23,17,1,25.06864,121.5107,6
500103004,20231029,824,23,17,1,25.06864,121.5107,6
500103004,20231029,825,23,17,1,25.06864,121.5107,6
500103004,20231029,826,23,16,1,25.06864,121.5107,7
500103004,20231029,827,23,14,1,25.06864,121.5107,9
500103004,20231029,828,23,14,1,25.06864,121.5107,9
500103004,20231029,829,23,14,1,25.06864,121.5107,9
500103004,20231029,830,23,14,1,25.06864,121.5107,9
500103004,20231029,831,23,14,1,25.06864,121.5107,9
500103004,20231029,832,23,14,1,25.06864,121.5107,9
500103004,20231029,833,23,14,1,25.06864,121.5107,9
500103004,20231029,834,23,14,1,25.06864,121.5107,9
500103004,20231029,835,23,14,1,25.06864,121.5107,9
500103004,20231029,836,23,14,1,25.06864,121.5107,9
500103004,20231029,837,23,14,1,25.06864,121.5107,9
500103004,20231029,838,23,14,1,25.06864,121.5107,9
500103004,20231029,839,23,14,1,25.06864,121.5107,9
500103004,20231029,841,23,14,1,25.06864,121.5107,9
500103004,20231029,842,23,14,1,25.06864,121.5107,9
500103004,20231029,843,23,14,1,25.06864,121.5107,9
500103004,20231029,844,23,15,1,25.06864,121.5107,8
500103004,20231029,845,23,16,1,25.06864,121.5107,7
500103004,20231029,846,23,17,1,25.06864,121.5107,6
500103004,20231029,847,23,17,1,25.06864,121.5107,6
500103004,20231029,848,23,17,1,25.06864,121.5107,6
500103004,20231029,849,23,17,1,25.06864,121.5107,6
500103004,20231029,850,23,15,1,25.06864,121.5107,8
500103004,20231029,851,23,15,1,25.06864,121.5107,8
500103004,20231029,852,23,15,1,25.06864,121.5107,8
500103004,20231029,853,23,15,1,25.06864,121.5107,8
500103004,20231029,854,23,15,1,25.06864,121.5107,8
500103004,20231029,855,23,15,1,25.06864,121.5107,8
500103004,20231029,856,23,15,1,25.06864,121.5107,8
500103004,20231029,857,23,15,1,25.06864,121.5107,8
500103004,20231029,858,23,15,1,25.06864,121.5107,8
500103004,20231029,859,23,16,1,25.06864,121.5107,7
500103004,20231029,861,23,16,1,25.06864,121.5107,7
500103004,20231029,862,23,16,1,25.06864,121.5107,7
500103004,20231029,863,23,16,1,25.06864,121.5107,7
500103004,20231029,864,23,16,1,25.06864,121.5107,7
500103004,20231029,865,23,16,1,25.06864,121.5107,7
500103004,20231029,866,23,16,1,25.06864,121.5107,7
500103004,20231029,867,23,15,1,25.06864,121.5107,8
500103004,20231029,868,23,14,1,25.06864,121.5107,9
500103004,20231029,869,23,14,1,25.06864,121.5107,9
500103004,20231029,871,23,14,1,25.06864,121.5107,9
500103004,20231029,872,23,15,1,25.06864,121.5107,8
500103004,20231029,873,23,15,1,25.06864,121.5107,8
500103004,20231029,874,23,15,1,25.06864,121.5107,8
500103004,20231029,875,23,15,1,25.06864,121.5107,8
500103004,20231029,876,23,15,1,25.06864,121.5107,8
500103004,20231029,877,23,15,1,25.06864,121.5107,8
500103004,20231029,878,23,15,1,25.06864,121.5107,8
500103004,20231029,879,23,15,1,25.06864,121.5107,8
500103004,20231029,880,23,15,1,25.06864,121.5107,8
500103004,20231029,881,23,15,1,25.06864,121.5107,8
500103004,20231029,882,23,15,1,25.06864,121.5107,8
500103004,20231029,883,23,15,1,25.06864,121.5107,8
500103004,20231029,884,23,13,1,25.06864,121.5107,10
500103004,20231029,885,23,13,1,25.06864,121.5107,10
500103004,20231029,886,23,14,1,25.06864,121.5107,9
500103004,20231029,887,23,15,1,25.06864,121.5107,8
500103004,20231029,888,23,16,1,25.06864,121.5107,7
500103004,20231029,889,23,16,1,25.06864,121.5107,7
500103004,20231029,890,23,16,1,25.06864,121.5107,7
500103004,20231029,891,23,16,1,25.06864,121.5107,7
500103004,20231029,892,23,16,1,25.06864,121.5107,7
500103004,20231029,893,23,15,1,25.06864,121.5107,8
500103004,20231029,894,23,14,1,25.06864,121.5107,9
500103004,20231029,895,23,14,1,25.06864,121.5107,9
500103004,20231029,896,23,13,1,25.06864,121.5107,10
500103004,20231029,897,23,13,1,25.06864,121.5107,10
500103004,20231029,898,23,13,1,25.06864,121.5107,10
500103004,20231029,899,23,13,1,25.06864,121.5107,10
500103004,20231029,901,23,13,1,25.06864,121.5107,10
500103004,20231029,902,23,13,1,25.06864,121.5107,10
500103004,20231029,903,23,13,1,25.06864,121.5107,10
500103004,20231029,904,23,13,1,25.06864,121.5107,10
500103004,20231029,905,23,12,1,25.06864,121.5107,11
500103004,20231029,906,23,12,1,25.06864,121.5107,11
500103004,20231029,907,23,12,1,25.06864,121.5107,11
500103004,20231029,908,23,12,1,25.06864,121.5107,11
500103004,20231029,909,23,13,1,25.06864,121.5107,10
500103004,20231029,910,23,13,1,25.06864,121.5107,10
500103004,20231029,911,23,13,1,25.06864,121.5107,10
500103004,20231029,912,23,13,1,25.06864,121.5107,10
500103004,20231029,913,23,13,1,25.06864,121.5107,10
500103004,20231029,914,23,13,1,25.06864,121.5107,10
500103004,20231029,915,23,12,1,25.06864,121.5107,11
500103004,20231029,916,23,12,1,25.06864,121.5107,11
500103004,20231029,917,23,14,1,25.06864,121.5107,9
500103004,20231029,918,23,13,1,25.06864,121.5107,10
500103004,20231029,919,23,13,1,25.06864,121.5107,10
500103004,20231029,921,23,12,1,25.06864,121.5107,11
500103004,20231029,922,23,11,1,25.06864,121.5107,12
500103004,20231029,923,23,11,1,25.06864,121.5107,12
500103004,20231029,924,23,11,1,25.06864,121.5107,12
500103004,20231029,925,23,11,1,25.06864,121.5107,12
500103004,20231029,926,23,11,1,25.06864,121.5107,12
500103004,20231029,927,23,11,1,25.06864,121.5107,12
500103004,20231029,928,23,11,1,25.06864,121.5107,12
500103004,20231029,929,23,11,1,25.06864,121.5107,12
500103004,20231029,931,23,11,1,25.06864,121.5107,12
500103004,20231029,932,23,10,1,25.06864,121.5107,13
500103004,20231029,933,23,11,1,25.06864,121.5107,12
500103004,20231029,934,23,12,1,25.06864,121.5107,11
500103004,20231029,935,23,12,1,25.06864,121.5107,11
500103004,20231029,936,23,12,1,25.06864,121.5107,11
500103004,20231029,937,23,12,1,25.06864,121.5107,11
500103004,20231029,938,23,12,1,25.06864,121.5107,11
500103004,20231029,939,23,12,1,25.06864,121.5107,11
500103004,20231029,941,23,12,1,25.06864,121.5107,11
500103004,20231029,942,23,12,1,25.06864,121.5107,11
500103004,20231029,943,23,12,1,25.06864,121.5107,11
500103004,20231029,944,23,12,1,25.06864,121.5107,11
500103004,20231029,945,23,12,1,25.06864,121.5107,11
500103004,20231029,946,23,11,1,25.06864,121.5107,12
500103004,20231029,947,23,11,1,25.06864,121.5107,12
500103004,20231029,948,23,11,1,25.06864,121.5107,12
500103004,20231029,949,23,11,1,25.06864,121.5107,12
500103004,20231029,951,23,12,1,25.06864,121.5107,11
500103004,20231029,952,23,12,1,25.06864,121.5107,11
500103004,20231029,953,23,12,1,25.06864,121.5107,11
500103004,20231029,954,23,12,1,25.06864,121.5107,11
500103004,20231029,955,23,12,1,25.06864,121.5107,11
500103004,20231029,956,23,14,1,25.06864,121.5107,9
500103004,20231029,957,23,14,1,25.06864,121.5107,9
500103004,20231029,958,23,15,1,25.06864,121.5107,8
500103004,20231029,959,23,15,1,25.06864,121.5107,8
500103004,20231029,961,23,15,1,25.06864,121.5107,8
500103004,20231029,962,23,16,1,25.06864,121.5107,7
500103004,20231029,963,23,16,1,25.06864,121.5107,7
500103004,20231029,964,23,16,1,25.06864,121.5107,7
500103004,20231029,965,23,16,1,25.06864,121.5107,7
500103004,20231029,966,23,16,1,25.06864,121.5107,7
500103004,20231029,967,23,16,1,25.06864,121.5107,7
500103004,20231029,968,23,16,1,25.06864,121.5107,7
500103004,20231029,969,23,16,1,25.06864,121.5107,7
500103004,20231029,970,23,16,1,25.06864,121.5107,7
500103004,20231029,971,23,16,1,25.06864,121.5107,7
500103004,20231029,972,23,15,1,25.06864,121.5107,8
500103004,20231029,973,23,15,1,25.06864,121.5107,8
500103004,20231029,974,23,15,1,25.06864,121.5107,8
500103004,20231029,975,23,15,1,25.06864,121.5107,8
500103004,20231029,976,23,15,1,25.06864,121.5107,8
500103004,20231029,977,23,16,1,25.06864,121.5107,7
500103004,20231029,978,23,15,1,25.06864,121.5107,8
500103004,20231029,979,23,15,1,25.06864,121.5107,8
500103004,20231029,981,23,16,1,25.06864,121.5107,7
500103004,20231029,982,23,16,1,25.06864,121.5107,7
500103004,20231029,983,23,17,1,25.06864,121.5107,6
500103004,20231029,984,23,17,1,25.06864,121.5107,6
500103004,20231029,985,23,17,1,25.06864,121.5107,6
500103004,20231029,986,23,17,1,25.06864,121.5107,6
500103004,20231029,987,23,17,1,25.06864,121.5107,6
500103004,20231029,988,23,17,1,25.06864,121.5107,6
500103004,20231029,989,23,17,1,25.06864,121.5107,6
500103004,20231029,991,23,16,1,25.06864,121.5107,7
500103004,20231029,992,23,15,1,25.06864,121.5107,8
500103004,20231029,993,23,15,1,25.06864,121.5107,8
500103004,20231029,994,23,14,1,25.06864,121.5107,9
500103004,20231029,995,23,13,1,25.06864,121.5107,10
500103004,20231029,996,23,13,1,25.06864,121.5107,10
500103004,20231029,997,23,14,1,25.06864,121.5107,9
500103004,20231029,998,23,14,1,25.06864,121.5107,9
500103004,20231029,999,23,14,1,25.06864,121.5107,9
500103004,20231029,1000,23,14,1,25.06864,121.5107,9
500103004,20231029,1001,23,14,1,25.06864,121.5107,9
500103004,20231029,1002,23,15,1,25.06864,121.5107,8
500103004,20231029,1003,23,15,1,25.06864,121.5107,8
500103004,20231029,1004,23,16,1,25.06864,121.5107,7
500103004,20231029,1005,23,16,1,25.06864,121.5107,7
500103004,20231029,1006,23,17,1,25.06864,121.5107,6
500103004,20231029,1007,23,19,1,25.06864,121.5107,4
500103004,20231029,1008,23,19,1,25.06864,121.5107,4
500103004,20231029,1009,23,18,1,25.06864,121.5107,5
500103004,20231029,1010,23,16,1,25.06864,121.5107,7
500103004,20231029,1011,23,17,1,25.06864,121.5107,6
500103004,20231029,1012,23,17,1,25.06864,121.5107,6
500103004,20231029,1013,23,17,1,25.06864,121.5107,6
500103004,20231029,1014,23,17,1,25.06864,121.5107,6
500103004,20231029,1015,23,17,1,25.06864,121.5107,6
500103004,20231029,1016,23,17,1,25.06864,121.5107,6
500103004,20231029,1017,23,16,1,25.06864,121.5107,7
500103004,20231029,1018,23,16,1,25.06864,121.5107,7
500103004,20231029,1019,23,16,1,25.06864,121.5107,7
500103004,20231029,1021,23,17,1,25.06864,121.5107,6
500103004,20231029,1022,23,16,1,25.06864,121.5107,7
500103004,20231029,1023,23,16,1,25.06864,121.5107,7
500103004,20231029,1024,23,17,1,25.06864,121.5107,6
500103004,20231029,1025,23,18,1,25.06864,121.5107,5
500103004,20231029,1026,23,19,1,25.06864,121.5107,4
500103004,20231029,1027,23,19,1,25.06864,121.5107,4
500103004,20231029,1028,23,19,1,25.06864,121.5107,4
500103004,20231029,1029,23,19,1,25.06864,121.5107,4
500103004,20231029,1030,23,20,1,25.06864,121.5107,3
500103004,20231029,1031,23,21,1,25.06864,121.5107,2
500103004,20231029,1032,23,21,1,25.06864,121.5107,2
500103004,20231029,1033,23,20,1,25.06864,121.5107,3
500103004,20231029,1034,23,20,1,25.06864,121.5107,3
500103004,20231029,1035,23,20,1,25.06864,121.5107,3
500103004,20231029,1036,23,20,1,25.06864,121.5107,3
500103004,20231029,1037,23,19,1,25.06864,121.5107,4
500103004,20231029,1038,23,19,1,25.06864,121.5107,4
500103004,20231029,1039,23,19,1,25.06864,121.5107,4
500103004,20231029,1041,23,19,1,25.06864,121.5107,4
500103004,20231029,1042,23,20,1,25.06864,121.5107,3
500103004,20231029,1043,23,19,1,25.06864,121.5107,4
500103004,20231029,1044,23,18,1,25.06864,121.5107,5
500103004,20231029,1045,23,18,1,25.06864,121.5107,5
500103004,20231029,1046,23,18,1,25.06864,121.5107,5
500103004,20231029,1047,23,18,1,25.06864,121.5107,5
500103004,20231029,1048,23,18,1,25.06864,121.5107,5
500103004,20231029,1049,23,19,1,25.06864,121.5107,4
500103004,20231029,1051,23,19,1,25.06864,121.5107,4
500103004,20231029,1052,23,19,1,25.06864,121.5107,4
500103004,20231029,1053,23,18,1,25.06864,121.5107,5
500103004,20231029,1054,23,18,1,25.06864,121.5107,5
500103004,20231029,1055,23,18,1,25.06864,121.5107,5
500103004,20231029,1056,23,18,1,25.06864,121.5107,5
500103004,20231029,1057,23,18,1,25.06864,121.5107,5
500103004,20231029,1058,23,18,1,25.06864,121.5107,5
500103004,20231029,1059,23,18,1,25.06864,121.5107,5
500103004,20231029,1060,23,18,1,25.06864,121.5107,5
500103004,20231029,1061,23,18,1,25.06864,121.5107,5
500103004,20231029,1062,23,18,1,25.06864,121.5107,5
500103004,20231029,1063,23,18,1,25.06864,121.5107,5
500103004,20231029,1064,23,18,1,25.06864,121.5107,5
500103004,20231029,1065,23,19,1,25.06864,121.5107,4
500103004,20231029,1066,23,20,1,25.06864,121.5107,3
500103004,20231029,1067,23,20,1,25.06864,121.5107,3
500103004,20231029,1068,23,20,1,25.06864,121.5107,3
500103004,20231029,1069,23,20,1,25.06864,121.5107,3
500103004,20231029,1070,23,20,1,25.06864,121.5107,3
500103004,20231029,1071,23,20,1,25.06864,121.5107,3
500103004,20231029,1072,23,19,1,25.06864,121.5107,4
500103004,20231029,1073,23,19,1,25.06864,121.5107,4
500103004,20231029,1074,23,19,1,25.06864,121.5107,4
500103004,20231029,1075,23,19,1,25.06864,121.5107,4
500103004,20231029,1076,23,19,1,25.06864,121.5107,4
500103004,20231029,1077,23,18,1,25.06864,121.5107,5
500103004,20231029,1078,23,18,1,25.06864,121.5107,5
500103004,20231029,1079,23,17,1,25.06864,121.5107,6
500103004,20231029,1081,23,17,1,25.06864,121.5107,6
500103004,20231029,1082,23,16,1,25.06864,121.5107,7
500103004,20231029,1083,23,16,1,25.06864,121.5107,7
500103004,20231029,1084,23,16,1,25.06864,121.5107,7
500103004,20231029,1085,23,16,1,25.06864,121.5107,7
500103004,20231029,1086,23,15,1,25.06864,121.5107,8
500103004,20231029,1087,23,14,1,25.06864,121.5107,9
500103004,20231029,1088,23,14,1,25.06864,121.5107,9
500103004,20231029,1089,23,14,1,25.06864,121.5107,9
500103004,20231029,1090,23,14,1,25.06864,121.5107,9
500103004,20231029,1091,23,13,1,25.06864,121.5107,10
500103004,20231029,1092,23,13,1,25.06864,121.5107,10
500103004,20231029,1093,23,11,1,25.06864,121.5107,12
500103004,20231029,1094,23,11,1,25.06864,121.5107,12
500103004,20231029,1095,23,9,1,25.06864,121.5107,14
500103004,20231029,1096,23,9,1,25.06864,121.5107,14
500103004,20231029,1097,23,9,1,25.06864,121.5107,14
500103004,20231029,1098,23,9,1,25.06864,121.5107,14
500103004,20231029,1099,23,9,1,25.06864,121.5107,14
500103004,20231029,1101,23,9,1,25.06864,121.5107,14
500103004,20231029,1102,23,9,1,25.06864,121.5107,14
500103004,20231029,1103,23,9,1,25.06864,121.5107,14
500103004,20231029,1104,23,9,1,25.06864,121.5107,14
500103004,20231029,1105,23,9,1,25.06864,121.5107,14
500103004,20231029,1106,23,10,1,25.06864,121.5107,13
500103004,20231029,1107,23,10,1,25.06864,121.5107,13
500103004,20231029,1108,23,10,1,25.06864,121.5107,13
500103004,20231029,1109,23,10,1,25.06864,121.5107,13
500103004,20231029,1111,23,8,1,25.06864,121.5107,15
500103004,20231029,1112,23,9,1,25.06864,121.5107,14
500103004,20231029,1113,23,9,1,25.06864,121.5107,14
500103004,20231029,1114,23,9,1,25.06864,121.5107,14
500103004,20231029,1115,23,10,1,25.06864,121.5107,13
500103004,20231029,1116,23,11,1,25.06864,121.5107,12
500103004,20231029,1117,23,11,1,25.06864,121.5107,12
500103004,20231029,1118,23,11,1,25.06864,121.5107,12
500103004,20231029,1119,23,11,1,25.06864,121.5107,12
500103004,20231029,1120,23,11,1,25.06864,121.5107,12
500103004,20231029,1121,23,11,1,25.06864,121.5107,12
500103004,20231029,1122,23,11,1,25.06864,121.5107,12
500103004,20231029,1123,23,9,1,25.06864,121.5107,14
500103004,20231029,1124,23,9,1,25.06864,121.5107,14
500103004,20231029,1125,23,9,1,25.06864,121.5107,14
500103004,20231029,1126,23,9,1,25.06864,121.5107,14
500103004,20231029,1127,23,9,1,25.06864,121.5107,14
500103004,20231029,1128,23,9,1,25.06864,121.5107,14
500103004,20231029,1129,23,9,1,25.06864,121.5107,14
500103004,20231029,1130,23,9,1,25.06864,121.5107,14
500103004,20231029,1131,23,9,1,25.06864,121.5107,14
500103004,20231029,1132,23,9,1,25.06864,121.5107,14
500103004,20231029,1133,23,9,1,25.06864,121.5107,14
500103004,20231029,1134,23,10,1,25.06864,121.5107,13
500103004,20231029,1135,23,10,1,25.06864,121.5107,13
500103004,20231029,1137,23,10,1,25.06864,121.5107,13
500103004,20231029,1138,23,10,1,25.06864,121.5107,13
500103004,20231029,1139,23,9,1,25.06864,121.5107,14
500103004,20231029,1141,23,9,1,25.06864,121.5107,14
500103004,20231029,1142,23,9,1,25.06864,121.5107,14
500103004,20231029,1143,23,9,1,25.06864,121.5107,14
500103004,20231029,1144,23,8,1,25.06864,121.5107,15
500103004,20231029,1145,23,8,1,25.06864,121.5107,15
500103004,20231029,1146,23,7,1,25.06864,121.5107,16
500103004,20231029,1147,23,7,1,25.06864,121.5107,16
500103004,20231029,1148,23,7,1,25.06864,121.5107,16
500103004,20231029,1149,23,7,1,25.06864,121.5107,16
500103004,20231029,1151,23,5,1,25.06864,121.5107,18
500103004,20231029,1152,23,5,1,25.06864,121.5107,18
500103004,20231029,1153,23,5,1,25.06864,121.5107,18
500103004,20231029,1154,23,5,1,25.06864,121.5107,18
500103004,20231029,1155,23,5,1,25.06864,121.5107,18
500103004,20231029,1156,23,5,1,25.06864,121.5107,18
500103004,20231029,1157,23,5,1,25.06864,121.5107,18
500103004,20231029,1158,23,3,1,25.06864,121.5107,20
500103004,20231029,1159,23,3,1,25.06864,121.5107,20
500103004,20231029,1161,23,3,1,25.06864,121.5107,20
500103004,20231029,1162,23,3,1,25.06864,121.5107,20
500103004,20231029,1163,23,3,1,25.06864,121.5107,20
500103004,20231029,1164,23,3,1,25.06864,121.5107,20
500103004,20231029,1165,23,2,1,25.06864,121.5107,21
500103004,20231029,1166,23,3,1,25.06864,121.5107,20
500103004,20231029,1167,23,3,1,25.06864,121.5107,20
500103004,20231029,1168,23,3,1,25.06864,121.5107,20
500103004,20231029,1169,23,3,1,25.06864,121.5107,20
500103004,20231029,1171,23,3,1,25.06864,121.5107,20
500103004,20231029,1172,23,6,1,25.06864,121.5107,17
500103004,20231029,1173,23,7,1,25.06864,121.5107,16
500103004,20231029,1174,23,7,1,25.06864,121.5107,16
500103004,20231029,1175,23,13,1,25.06864,121.5107,10
500103004,20231029,1176,23,17,1,25.06864,121.5107,6
500103004,20231029,1177,23,17,1,25.06864,121.5107,6
500103004,20231029,1178,23,16,1,25.06864,121.5107,7
500103004,20231029,1179,23,19,1,25.06864,121.5107,4
500103004,20231029,1181,23,20,1,25.06864,121.5107,3
500103004,20231029,1182,23,20,1,25.06864,121.5107,3
500103004,20231029,1183,23,20,1,25.06864,121.5107,3
500103004,20231029,1184,23,21,1,25.06864,121.5107,2
500103004,20231029,1185,23,22,1,25.06864,121.5107,1
500103004,20231029,1186,23,22,1,25.06864,121.5107,1
500103004,20231029,1187,23,22,1,25.06864,121.5107,1
500103004,20231029,1188,23,22,1,25.06864,121.5107,1
500103004,20231029,1189,23,22,1,25.06864,121.5107,1
500103004,20231029,1191,23,22,1,25.06864,121.5107,1
500103004,20231029,1192,23,22,1,25.06864,121.5107,1
500103004,20231029,1193,23,21,1,25.06864,121.5107,2
500103004,20231029,1194,23,21,1,25.06864,121.5107,2
500103004,20231029,1195,23,21,1,25.06864,121.5107,2
500103004,20231029,1196,23,21,1,25.06864,121.5107,2
500103004,20231029,1197,23,23,1,25.06864,121.5107,0
500103004,20231029,1198,23,22,1,25.06864,121.5107,1
500103004,20231029,1199,23,23,1,25.06864,121.5107,0
500103004,20231029,1201,23,23,1,25.06864,121.5107,0
500103004,20231029,1202,23,23,1,25.06864,121.5107,0
500103004,20231029,1203,23,23,1,25.06864,121.5107,0
500103004,20231029,1204,23,23,1,25.06864,121.5107,0
500103004,20231029,1205,23,23,1,25.06864,121.5107,0
500103004,20231029,1206,23,21,1,25.06864,121.5107,2
500103004,20231029,1207,23,21,1,25.06864,121.5107,2
500103004,20231029,1208,23,20,1,25.06864,121.5107,3
500103004,20231029,1209,23,19,1,25.06864,121.5107,4
500103004,20231029,1211,23,20,1,25.06864,121.5107,3
500103004,20231029,1212,23,20,1,25.06864,121.5107,3
500103004,20231029,1213,23,20,1,25.06864,121.5107,3
500103004,20231029,1214,23,20,1,25.06864,121.5107,3
500103004,20231029,1215,23,20,1,25.06864,121.5107,3
500103004,20231029,1216,23,20,1,25.06864,121.5107,3
500103004,20231029,1217,23,20,1,25.06864,121.5107,3
500103004,20231029,1218,23,20,1,25.06864,121.5107,3
500103004,20231029,1219,23,20,1,25.06864,121.5107,3
500103004,20231029,1221,23,20,1,25.06864,121.5107,3
500103004,20231029,1222,23,20,1,25.06864,121.5107,3
500103004,20231029,1223,23,20,1,25.06864,121.5107,3
500103004,20231029,1224,23,20,1,25.06864,121.5107,3
500103004,20231029,1225,23,20,1,25.06864,121.5107,3
500103004,20231029,1226,23,20,1,25.06864,121.5107,3
500103004,20231029,1227,23,20,1,25.06864,121.5107,3
500103004,20231029,1228,23,20,1,25.06864,121.5107,3
500103004,20231029,1229,23,20,1,25.06864,121.5107,3
500103004,20231029,1231,23,20,1,25.06864,121.5107,3
500103004,20231029,1232,23,20,1,25.06864,121.5107,3
500103004,20231029,1233,23,20,1,25.06864,121.5107,3
500103004,20231029,1234,23,20,1,25.06864,121.5107,3
500103004,20231029,1235,23,20,1,25.06864,121.5107,3
500103004,20231029,1236,23,20,1,25.06864,121.5107,3
500103004,20231029,1237,23,20,1,25.06864,121.5107,3
500103004,20231029,1238,23,20,1,25.06864,121.5107,3
500103004,20231029,1239,23,20,1,25.06864,121.5107,3
500103004,20231029,1241,23,20,1,25.06864,121.5107,3
500103004,20231029,1242,23,20,1,25.06864,121.5107,3
500103004,20231029,1243,23,20,1,25.06864,121.5107,3
500103004,20231029,1244,23,20,1,25.06864,121.5107,3
500103004,20231029,1245,23,19,1,25.06864,121.5107,4
500103004,20231029,1246,23,19,1,25.06864,121.5107,4
500103004,20231029,1247,23,19,1,25.06864,121.5107,4
500103004,20231029,1248,23,19,1,25.06864,121.5107,4
500103004,20231029,1249,23,19,1,25.06864,121.5107,4
500103004,20231029,1251,23,19,1,25.06864,121.5107,4
500103004,20231029,1252,23,19,1,25.06864,121.5107,4
500103004,20231029,1253,23,19,1,25.06864,121.5107,4
500103004,20231029,1254,23,19,1,25.06864,121.5107,4
500103004,20231029,1255,23,19,1,25.06864,121.5107,4
500103004,20231029,1256,23,19,1,25.06864,121.5107,4
500103004,20231029,1257,23,19,1,25.06864,121.5107,4
500103004,20231029,1258,23,19,1,25.06864,121.5107,4
500103004,20231029,1259,23,19,1,25.06864,121.5107,4
500103004,20231029,1261,23,19,1,25.06864,121.5107,4
500103004,20231029,1262,23,19,1,25.06864,121.5107,4
500103004,20231029,1263,23,19,1,25.06864,121.5107,4
500103004,20231029,1264,23,19,1,25.06864,121.5107,4
500103004,20231029,1265,23,19,1,25.06864,121.5107,4
500103004,20231029,1266,23,19,1,25.06864,121.5107,4
500103004,20231029,1267,23,20,1,25.06864,121.5107,3
500103004,20231029,1268,23,20,1,25.06864,121.5107,3
500103004,20231029,1269,23,20,1,25.06864,121.5107,3
500103004,20231029,1270,23,20,1,25.06864,121.5107,3
500103004,20231029,1271,23,19,1,25.06864,121.5107,4
500103004,20231029,1272,23,19,1,25.06864,121.5107,4
500103004,20231029,1273,23,19,1,25.06864,121.5107,4
500103004,20231029,1274,23,19,1,25.06864,121.5107,4
500103004,20231029,1275,23,19,1,25.06864,121.5107,4
500103004,20231029,1276,23,19,1,25.06864,121.5107,4
500103004,20231029,1277,23,19,1,25.06864,121.5107,4
500103004,20231029,1278,23,19,1,25.06864,121.5107,4
500103004,20231029,1279,23,19,1,25.06864,121.5107,4
500103004,20231029,1281,23,17,1,25.06864,121.5107,6
500103004,20231029,1282,23,16,1,25.06864,121.5107,7
500103004,20231029,1283,23,16,1,25.06864,121.5107,7
500103004,20231029,1284,23,16,1,25.06864,121.5107,7
500103004,20231029,1285,23,16,1,25.06864,121.5107,7
500103004,20231029,1286,23,16,1,25.06864,121.5107,7
500103004,20231029,1287,23,16,1,25.06864,121.5107,7
500103004,20231029,1288,23,16,1,25.06864,121.5107,7
500103004,20231029,1289,23,16,1,25.06864,121.5107,7
500103004,20231029,1290,23,16,1,25.06864,121.5107,7
500103004,20231029,1291,23,16,1,25.06864,121.5107,7
500103004,20231029,1292,23,16,1,25.06864,121.5107,7
500103004,20231029,1293,23,16,1,25.06864,121.5107,7
500103004,20231029,1294,23,16,1,25.06864,121.5107,7
500103004,20231029,1295,23,16,1,25.06864,121.5107,7
500103004,20231029,1296,23,16,1,25.06864,121.5107,7
500103004,20231029,1297,23,16,1,25.06864,121.5107,7
500103004,20231029,1298,23,16,1,25.06864,121.5107,7
500103004,20231029,1299,23,16,1,25.06864,121.5107,7
500103004,20231029,1300,23,16,1,25.06864,121.5107,7
500103004,20231029,1301,23,15,1,25.06864,121.5107,8
500103004,20231029,1302,23,13,1,25.06864,121.5107,10
500103004,20231029,1303,23,13,1,25.06864,121.5107,10
500103004,20231029,1304,23,13,1,25.06864,121.5107,10
500103004,20231029,1305,23,13,1,25.06864,121.5107,10
500103004,20231029,1306,23,13,1,25.06864,121.5107,10
500103004,20231029,1307,23,13,1,25.06864,121.5107,10
500103004,20231029,1308,23,14,1,25.06864,121.5107,9
500103004,20231029,1309,23,14,1,25.06864,121.5107,9
500103004,20231029,1310,23,14,1,25.06864,121.5107,9
500103004,20231029,1311,23,15,1,25.06864,121.5107,8
500103004,20231029,1312,23,15,1,25.06864,121.5107,8
500103004,20231029,1313,23,15,1,25.06864,121.5107,8
500103004,20231029,1314,23,15,1,25.06864,121.5107,8
500103004,20231029,1315,23,15,1,25.06864,121.5107,8
500103004,20231029,1316,23,13,1,25.06864,121.5107,10
500103004,20231029,1317,23,13,1,25.06864,121.5107,10
500103004,20231029,1318,23,11,1,25.06864,121.5107,12
500103004,20231029,1319,23,11,1,25.06864,121.5107,12
500103004,20231029,1321,23,11,1,25.06864,121.5107,12
500103004,20231029,1322,23,11,1,25.06864,121.5107,12
500103004,20231029,1323,23,11,1,25.06864,121.5107,12
500103004,20231029,1324,23,11,1,25.06864,121.5107,12
500103004,20231029,1325,23,11,1,25.06864,121.5107,12
500103004,20231029,1326,23,11,1,25.06864,121.5107,12
500103004,20231029,1327,23,11,1,25.06864,121.5107,12
500103004,20231029,1328,23,11,1,25.06864,121.5107,12
500103004,20231029,1329,23,11,1,25.06864,121.5107,12
500103004,20231029,1330,23,11,1,25.06864,121.5107,12
500103004,20231029,1331,23,11,1,25.06864,121.5107,12
500103004,20231029,1332,23,11,1,25.06864,121.5107,12
500103004,20231029,1333,23,11,1,25.06864,121.5107,12
500103004,20231029,1334,23,11,1,25.06864,121.5107,12
500103004,20231029,1335,23,11,1,25.06864,121.5107,12
500103004,20231029,1336,23,11,1,25.06864,121.5107,12
500103004,20231029,1337,23,13,1,25.06864,121.5107,10
500103004,20231029,1338,23,13,1,25.06864,121.5107,10
500103004,20231029,1339,23,13,1,25.06864,121.5107,10
500103004,20231029,1341,23,13,1,25.06864,121.5107,10
500103004,20231029,1342,23,13,1,25.06864,121.5107,10
500103004,20231029,1343,23,13,1,25.06864,121.5107,10
500103004,20231029,1344,23,13,1,25.06864,121.5107,10
500103004,20231029,1345,23,13,1,25.06864,121.5107,10
500103004,20231029,1346,23,12,1,25.06864,121.5107,11
500103004,20231029,1347,23,12,1,25.06864,121.5107,11
500103004,20231029,1348,23,13,1,25.06864,121.5107,10
500103004,20231029,1349,23,13,1,25.06864,121.5107,10
500103004,20231029,1350,23,13,1,25.06864,121.5107,10
500103004,20231029,1351,23,13,1,25.06864,121.5107,10
500103004,20231029,1352,23,13,1,25.06864,121.5107,10
500103004,20231029,1353,23,13,1,25.06864,121.5107,10
500103004,20231029,1354,23,13,1,25.06864,121.5107,10
500103004,20231029,1355,23,13,1,25.06864,121.5107,10
500103004,20231029,1356,23,13,1,25.06864,121.5107,10
500103004,20231029,1357,23,13,1,25.06864,121.5107,10
500103004,20231029,1358,23,13,1,25.06864,121.5107,10
500103004,20231029,1359,23,13,1,25.06864,121.5107,10
500103004,20231029,1360,23,13,1,25.06864,121.5107,10
500103004,20231029,1361,23,13,1,25.06864,121.5107,10
500103004,20231029,1362,23,13,1,25.06864,121.5107,10
500103004,20231029,1363,23,12,1,25.06864,121.5107,11
500103004,20231029,1364,23,12,1,25.06864,121.5107,11
500103004,20231029,1365,23,12,1,25.06864,121.5107,11
500103004,20231029,1366,23,12,1,25.06864,121.5107,11
500103004,20231029,1367,23,12,1,25.06864,121.5107,11
500103004,20231029,1368,23,12,1,25.06864,121.5107,11
500103004,20231029,1369,23,11,1,25.06864,121.5107,12
500103004,20231029,1370,23,10,1,25.06864,121.5107,13
500103004,20231029,1371,23,10,1,25.06864,121.5107,13
500103004,20231029,1372,23,10,1,25.06864,121.5107,13
500103004,20231029,1373,23,10,1,25.06864,121.5107,13
500103004,20231029,1374,23,10,1,25.06864,121.5107,13
500103004,20231029,1375,23,10,1,25.06864,121.5107,13
500103004,20231029,1376,23,10,1,25.06864,121.5107,13
500103004,20231029,1377,23,10,1,25.06864,121.5107,13
500103004,20231029,1378,23,10,1,25.06864,121.5107,13
500103004,20231029,1379,23,9,1,25.06864,121.5107,14
500103004,20231029,1381,23,9,1,25.06864,121.5107,14
500103004,20231029,1382,23,9,1,25.06864,121.5107,14
500103004,20231029,1383,23,9,1,25.06864,121.5107,14
500103004,20231029,1384,23,9,1,25.06864,121.5107,14
500103004,20231029,1385,23,9,1,25.06864,121.5107,14
500103004,20231029,1386,23,9,1,25.06864,121.5107,14
500103004,20231029,1387,23,9,1,25.06864,121.5107,14
500103004,20231029,1388,23,9,1,25.06864,121.5107,14
500103004,20231029,1389,23,9,1,25.06864,121.5107,14
500103004,20231029,1390,23,9,1,25.06864,121.5107,14
500103004,20231029,1391,23,8,1,25.06864,121.5107,15
500103004,20231029,1392,23,8,1,25.06864,121.5107,15
500103004,20231029,1393,23,8,1,25.06864,121.5107,15
500103004,20231029,1394,23,8,1,25.06864,121.5107,15
500103004,20231029,1395,23,8,1,25.06864,121.5107,15
500103004,20231029,1396,23,8,1,25.06864,121.5107,15
500103004,20231029,1397,23,8,1,25.06864,121.5107,15
500103004,20231029,1398,23,8,1,25.06864,121.5107,15
500103004,20231029,1399,23,8,1,25.06864,121.5107,15
500103004,20231029,1401,23,8,1,25.06864,121.5107,15
500103004,20231029,1402,23,8,1,25.06864,121.5107,15
500103004,20231029,1403,23,8,1,25.06864,121.5107,15
500103004,20231029,1404,23,8,1,25.06864,121.5107,15
500103004,20231029,1405,23,8,1,25.06864,121.5107,15
500103004,20231029,1406,23,8,1,25.06864,121.5107,15
500103004,20231029,1407,23,8,1,25.06864,121.5107,15
500103004,20231029,1408,23,8,1,25.06864,121.5107,15
500103004,20231029,1409,23,7,1,25.06864,121.5107,16
500103004,20231029,1410,23,7,1,25.06864,121.5107,16
500103004,20231029,1411,23,8,1,25.06864,121.5107,15
500103004,20231029,1412,23,8,1,25.06864,121.5107,15
500103004,20231029,1413,23,8,1,25.06864,121.5107,15
500103004,20231029,1414,23,8,1,25.06864,121.5107,15
500103004,20231029,1415,23,8,1,25.06864,121.5107,15
500103004,20231029,1416,23,8,1,25.06864,121.5107,15
500103004,20231029,1417,23,8,1,25.06864,121.5107,15
500103004,20231029,1418,23,8,1,25.06864,121.5107,15
500103004,20231029,1419,23,8,1,25.06864,121.5107,15
500103004,20231029,1420,23,8,1,25.06864,121.5107,15
500103004,20231029,1421,23,8,1,25.06864,121.5107,15
500103004,20231029,1422,23,8,1,25.06864,121.5107,15
500103004,20231029,1423,23,9,1,25.06864,121.5107,14
500103004,20231029,1425,23,9,1,25.06864,121.5107,14
500103004,20231029,1426,23,9,1,25.06864,121.5107,14
500103004,20231029,1427,23,9,1,25.06864,121.5107,14
500103004,20231029,1428,23,9,1,25.06864,121.5107,14
500103004,20231029,1429,23,9,1,25.06864,121.5107,14
500103004,20231029,1431,23,9,1,25.06864,121.5107,14
500103004,20231029,1432,23,9,1,25.06864,121.5107,14
500103004,20231029,1433,23,9,1,25.06864,121.5107,14
500103004,20231029,1434,23,10,1,25.06864,121.5107,13
500103004,20231029,1435,23,10,1,25.06864,121.5107,13
500103004,20231029,1436,23,10,1,25.06864,121.5107,13
500103004,20231029,1437,23,10,1,25.06864,121.5107,13
500103004,20231029,1438,23,10,1,25.06864,121.5107,13
500103004,20231029,1439,23,10,1,25.06864,121.5107,13
500103004,20231030,1,23,10,1,25.06864,121.5107,13
500103004,20231030,2,23,10,1,25.06864,121.5107,13
500103004,20231030,3,23,10,1,25.06864,121.5107,13
500103004,20231030,4,23,10,1,25.06864,121.5107,13
500103004,20231030,5,23,10,1,25.06864,121.5107,13
500103004,20231030,6,23,10,1,25.06864,121.5107,13
500103004,20231030,7,23,10,1,25.06864,121.5107,13
500103004,20231030,8,23,10,1,25.06864,121.5107,13
500103004,20231030,9,23,10,1,25.06864,121.5107,13
500103004,20231030,11,23,10,1,25.06864,121.5107,13
500103004,20231030,12,23,10,1,25.06864,121.5107,13
500103004,20231030,13,23,10,1,25.06864,121.5107,13
500103004,20231030,14,23,10,1,25.06864,121.5107,13
500103004,20231030,15,23,10,1,25.06864,121.5107,13
500103004,20231030,16,23,10,1,25.06864,121.5107,13
500103004,20231030,17,23,10,1,25.06864,121.5107,13
500103004,20231030,18,23,10,1,25.06864,121.5107,13
500103004,20231030,19,23,10,1,25.06864,121.5107,13
500103004,20231030,21,23,10,1,25.06864,121.5107,13
500103004,20231030,22,23,10,1,25.06864,121.5107,13
500103004,20231030,23,23,10,1,25.06864,121.5107,13
500103004,20231030,24,23,9,1,25.06864,121.5107,14
500103004,20231030,25,23,9,1,25.06864,121.5107,14
500103004,20231030,26,23,9,1,25.06864,121.5107,14
500103004,20231030,27,23,9,1,25.06864,121.5107,14
500103004,20231030,28,23,9,1,25.06864,121.5107,14
500103004,20231030,29,23,9,1,25.06864,121.5107,14
500103004,20231030,31,23,9,1,25.06864,121.5107,14
500103004,20231030,32,23,9,1,25.06864,121.5107,14
500103004,20231030,33,23,9,1,25.06864,121.5107,14
500103004,20231030,34,23,9,1,25.06864,121.5107,14
500103004,20231030,35,23,9,1,25.06864,121.5107,14
500103004,20231030,36,23,9,1,25.06864,121.5107,14
500103004,20231030,37,23,9,1,25.06864,121.5107,14
500103004,20231030,38,23,8,1,25.06864,121.5107,15
500103004,20231030,39,23,8,1,25.06864,121.5107,15
500103004,20231030,41,23,6,1,25.06864,121.5107,17
500103004,20231030,42,23,6,1,25.06864,121.5107,17
500103004,20231030,43,23,6,1,25.06864,121.5107,17
500103004,20231030,44,23,6,1,25.06864,121.5107,17
500103004,20231030,45,23,6,1,25.06864,121.5107,17
500103004,20231030,46,23,6,1,25.06864,121.5107,17
500103004,20231030,47,23,6,1,25.06864,121.5107,17
500103004,20231030,48,23,6,1,25.06864,121.5107,17
500103004,20231030,49,23,6,1,25.06864,121.5107,17
500103004,20231030,51,23,6,1,25.06864,121.5107,17
500103004,20231030,52,23,6,1,25.06864,121.5107,17
500103004,20231030,53,23,6,1,25.06864,121.5107,17
500103004,20231030,54,23,6,1,25.06864,121.5107,17
500103004,20231030,55,23,6,1,25.06864,121.5107,17
500103004,20231030,56,23,4,1,25.06864,121.5107,19
500103004,20231030,57,23,4,1,25.06864,121.5107,19
500103004,20231030,58,23,4,1,25.06864,121.5107,19
500103004,20231030,59,23,4,1,25.06864,121.5107,19
500103004,20231030,61,23,4,1,25.06864,121.5107,19
500103004,20231030,62,23,4,1,25.06864,121.5107,19
500103004,20231030,63,23,4,1,25.06864,121.5107,19
500103004,20231030,64,23,4,1,25.06864,121.5107,19
500103004,20231030,65,23,4,1,25.06864,121.5107,19
500103004,20231030,67,23,4,1,25.06864,121.5107,19
500103004,20231030,68,23,4,1,25.06864,121.5107,19
500103004,20231030,69,23,4,1,25.06864,121.5107,19
500103004,20231030,71,23,4,1,25.06864,121.5107,19
500103004,20231030,72,23,4,1,25.06864,121.5107,19
500103004,20231030,73,23,4,1,25.06864,121.5107,19
500103004,20231030,74,23,4,1,25.06864,121.5107,19
500103004,20231030,75,23,4,1,25.06864,121.5107,19
500103004,20231030,76,23,4,1,25.06864,121.5107,19
500103004,20231030,77,23,4,1,25.06864,121.5107,19
500103004,20231030,78,23,4,1,25.06864,121.5107,19
500103004,20231030,79,23,4,1,25.06864,121.5107,19
500103004,20231030,81,23,4,1,25.06864,121.5107,19
500103004,20231030,82,23,4,1,25.06864,121.5107,19
500103004,20231030,83,23,4,1,25.06864,121.5107,19
500103004,20231030,84,23,4,1,25.06864,121.5107,19
500103004,20231030,85,23,4,1,25.06864,121.5107,19
500103004,20231030,86,23,4,1,25.06864,121.5107,19
500103004,20231030,87,23,4,1,25.06864,121.5107,19
500103004,20231030,88,23,4,1,25.06864,121.5107,19
500103004,20231030,89,23,4,1,25.06864,121.5107,19
500103004,20231030,91,23,4,1,25.06864,121.5107,19
500103004,20231030,92,23,4,1,25.06864,121.5107,19
500103004,20231030,93,23,4,1,25.06864,121.5107,19
500103004,20231030,94,23,4,1,25.06864,121.5107,19
500103004,20231030,95,23,4,1,25.06864,121.5107,19
500103004,20231030,96,23,4,1,25.06864,121.5107,19
500103004,20231030,97,23,4,1,25.06864,121.5107,19
500103004,20231030,98,23,4,1,25.06864,121.5107,19
500103004,20231030,99,23,4,1,25.06864,121.5107,19
500103004,20231030,100,23,4,1,25.06864,121.5107,19
500103004,20231030,101,23,4,1,25.06864,121.5107,19
500103004,20231030,102,23,4,1,25.06864,121.5107,19
500103004,20231030,103,23,4,1,25.06864,121.5107,19
500103004,20231030,104,23,4,1,25.06864,121.5107,19
500103004,20231030,105,23,4,1,25.06864,121.5107,19
500103004,20231030,106,23,4,1,25.06864,121.5107,19
500103004,20231030,107,23,4,1,25.06864,121.5107,19
500103004,20231030,108,23,4,1,25.06864,121.5107,19
500103004,20231030,109,23,4,1,25.06864,121.5107,19
500103004,20231030,110,23,4,1,25.06864,121.5107,19
500103004,20231030,111,23,4,1,25.06864,121.5107,19
500103004,20231030,112,23,4,1,25.06864,121.5107,19
500103004,20231030,113,23,4,1,25.06864,121.5107,19
500103004,20231030,114,23,4,1,25.06864,121.5107,19
500103004,20231030,115,23,4,1,25.06864,121.5107,19
500103004,20231030,116,23,4,1,25.06864,121.5107,19
500103004,20231030,117,23,4,1,25.06864,121.5107,19
500103004,20231030,118,23,4,1,25.06864,121.5107,19
500103004,20231030,119,23,4,1,25.06864,121.5107,19
500103004,20231030,121,23,4,1,25.06864,121.5107,19
500103004,20231030,122,23,4,1,25.06864,121.5107,19
500103004,20231030,123,23,4,1,25.06864,121.5107,19
500103004,20231030,124,23,4,1,25.06864,121.5107,19
500103004,20231030,125,23,4,1,25.06864,121.5107,19
500103004,20231030,126,23,4,1,25.06864,121.5107,19
500103004,20231030,127,23,4,1,25.06864,121.5107,19
500103004,20231030,128,23,4,1,25.06864,121.5107,19
500103004,20231030,129,23,4,1,25.06864,121.5107,19
500103004,20231030,130,23,4,1,25.06864,121.5107,19
500103004,20231030,131,23,4,1,25.06864,121.5107,19
500103004,20231030,132,23,4,1,25.06864,121.5107,19
500103004,20231030,133,23,4,1,25.06864,121.5107,19
500103004,20231030,134,23,3,1,25.06864,121.5107,20
500103004,20231030,135,23,3,1,25.06864,121.5107,20
500103004,20231030,136,23,3,1,25.06864,121.5107,20
500103004,20231030,137,23,3,1,25.06864,121.5107,20
500103004,20231030,138,23,3,1,25.06864,121.5107,20
500103004,20231030,139,23,3,1,25.06864,121.5107,20
500103004,20231030,141,23,3,1,25.06864,121.5107,20
500103004,20231030,142,23,3,1,25.06864,121.5107,20
500103004,20231030,143,23,3,1,25.06864,121.5107,20
500103004,20231030,144,23,3,1,25.06864,121.5107,20
500103004,20231030,145,23,3,1,25.06864,121.5107,20
500103004,20231030,146,23,3,1,25.06864,121.5107,20
500103004,20231030,147,23,3,1,25.06864,121.5107,20
500103004,20231030,148,23,3,1,25.06864,121.5107,20
500103004,20231030,149,23,3,1,25.06864,121.5107,20
500103004,20231030,150,23,3,1,25.06864,121.5107,20
500103004,20231030,151,23,3,1,25.06864,121.5107,20
500103004,20231030,152,23,3,1,25.06864,121.5107,20
500103004,20231030,153,23,3,1,25.06864,121.5107,20
500103004,20231030,154,23,3,1,25.06864,121.5107,20
500103004,20231030,155,23,3,1,25.06864,121.5107,20
500103004,20231030,156,23,3,1,25.06864,121.5107,20
500103004,20231030,157,23,3,1,25.06864,121.5107,20
500103004,20231030,158,23,3,1,25.06864,121.5107,20
500103004,20231030,159,23,3,1,25.06864,121.5107,20
500103004,20231030,160,23,3,1,25.06864,121.5107,20
500103004,20231030,161,23,3,1,25.06864,121.5107,20
500103004,20231030,162,23,3,1,25.06864,121.5107,20
500103004,20231030,163,23,3,1,25.06864,121.5107,20
500103004,20231030,164,23,3,1,25.06864,121.5107,20
500103004,20231030,165,23,3,1,25.06864,121.5107,20
500103004,20231030,166,23,3,1,25.06864,121.5107,20
500103004,20231030,167,23,3,1,25.06864,121.5107,20
500103004,20231030,168,23,3,1,25.06864,121.5107,20
500103004,20231030,169,23,3,1,25.06864,121.5107,20
500103004,20231030,170,23,3,1,25.06864,121.5107,20
500103004,20231030,171,23,3,1,25.06864,121.5107,20
500103004,20231030,172,23,3,1,25.06864,121.5107,20
500103004,20231030,173,23,3,1,25.06864,121.5107,20
500103004,20231030,174,23,3,1,25.06864,121.5107,20
500103004,20231030,175,23,3,1,25.06864,121.5107,20
500103004,20231030,176,23,3,1,25.06864,121.5107,20
500103004,20231030,177,23,3,1,25.06864,121.5107,20
500103004,20231030,178,23,3,1,25.06864,121.5107,20
500103004,20231030,179,23,3,1,25.06864,121.5107,20
500103004,20231030,180,23,3,1,25.06864,121.5107,20
500103004,20231030,181,23,3,1,25.06864,121.5107,20
500103004,20231030,182,23,3,1,25.06864,121.5107,20
500103004,20231030,183,23,3,1,25.06864,121.5107,20
500103004,20231030,184,23,2,1,25.06864,121.5107,21
500103004,20231030,185,23,2,1,25.06864,121.5107,21
500103004,20231030,186,23,2,1,25.06864,121.5107,21
500103004,20231030,187,23,2,1,25.06864,121.5107,21
500103004,20231030,188,23,2,1,25.06864,121.5107,21
500103004,20231030,189,23,2,1,25.06864,121.5107,21
500103004,20231030,190,23,2,1,25.06864,121.5107,21
500103004,20231030,191,23,2,1,25.06864,121.5107,21
500103004,20231030,192,23,2,1,25.06864,121.5107,21
500103004,20231030,193,23,2,1,25.06864,121.5107,21
500103004,20231030,194,23,2,1,25.06864,121.5107,21
500103004,20231030,195,23,2,1,25.06864,121.5107,21
500103004,20231030,196,23,2,1,25.06864,121.5107,21
500103004,20231030,197,23,2,1,25.06864,121.5107,21
500103004,20231030,198,23,2,1,25.06864,121.5107,21
500103004,20231030,199,23,2,1,25.06864,121.5107,21
500103004,20231030,201,23,2,1,25.06864,121.5107,21
500103004,20231030,202,23,2,1,25.06864,121.5107,21
500103004,20231030,203,23,2,1,25.06864,121.5107,21
500103004,20231030,204,23,2,1,25.06864,121.5107,21
500103004,20231030,205,23,2,1,25.06864,121.5107,21
500103004,20231030,206,23,2,1,25.06864,121.5107,21
500103004,20231030,207,23,2,1,25.06864,121.5107,21
500103004,20231030,208,23,2,1,25.06864,121.5107,21
500103004,20231030,209,23,2,1,25.06864,121.5107,21
500103004,20231030,210,23,2,1,25.06864,121.5107,21
500103004,20231030,211,23,2,1,25.06864,121.5107,21
500103004,20231030,212,23,2,1,25.06864,121.5107,21
500103004,20231030,213,23,2,1,25.06864,121.5107,21
500103004,20231030,214,23,2,1,25.06864,121.5107,21
500103004,20231030,215,23,2,1,25.06864,121.5107,21
500103004,20231030,216,23,2,1,25.06864,121.5107,21
500103004,20231030,217,23,2,1,25.06864,121.5107,21
500103004,20231030,218,23,2,1,25.06864,121.5107,21
500103004,20231030,219,23,2,1,25.06864,121.5107,21
500103004,20231030,220,23,2,1,25.06864,121.5107,21
500103004,20231030,221,23,2,1,25.06864,121.5107,21
500103004,20231030,222,23,2,1,25.06864,121.5107,21
500103004,20231030,223,23,2,1,25.06864,121.5107,21
500103004,20231030,224,23,2,1,25.06864,121.5107,21
500103004,20231030,225,23,2,1,25.06864,121.5107,21
500103004,20231030,226,23,2,1,25.06864,121.5107,21
500103004,20231030,227,23,2,1,25.06864,121.5107,21
500103004,20231030,228,23,2,1,25.06864,121.5107,21
500103004,20231030,229,23,2,1,25.06864,121.5107,21
500103004,20231030,230,23,2,1,25.06864,121.5107,21
500103004,20231030,231,23,2,1,25.06864,121.5107,21
500103004,20231030,232,23,2,1,25.06864,121.5107,21
500103004,20231030,233,23,2,1,25.06864,121.5107,21
500103004,20231030,234,23,2,1,25.06864,121.5107,21
500103004,20231030,235,23,2,1,25.06864,121.5107,21
500103004,20231030,236,23,2,1,25.06864,121.5107,21
500103004,20231030,237,23,2,1,25.06864,121.5107,21
500103004,20231030,238,23,2,1,25.06864,121.5107,21
500103004,20231030,239,23,2,1,25.06864,121.5107,21
500103004,20231030,240,23,2,1,25.06864,121.5107,21
500103004,20231030,241,23,2,1,25.06864,121.5107,21
500103004,20231030,242,23,2,1,25.06864,121.5107,21
500103004,20231030,243,23,2,1,25.06864,121.5107,21
500103004,20231030,244,23,2,1,25.06864,121.5107,21
500103004,20231030,245,23,2,1,25.06864,121.5107,21
500103004,20231030,246,23,2,1,25.06864,121.5107,21
500103004,20231030,247,23,2,1,25.06864,121.5107,21
500103004,20231030,248,23,2,1,25.06864,121.5107,21
500103004,20231030,249,23,2,1,25.06864,121.5107,21
500103004,20231030,250,23,2,1,25.06864,121.5107,21
500103004,20231030,251,23,2,1,25.06864,121.5107,21
500103004,20231030,252,23,2,1,25.06864,121.5107,21
500103004,20231030,253,23,2,1,25.06864,121.5107,21
500103004,20231030,254,23,2,1,25.06864,121.5107,21
500103004,20231030,255,23,2,1,25.06864,121.5107,21
500103004,20231030,256,23,2,1,25.06864,121.5107,21
500103004,20231030,257,23,2,1,25.06864,121.5107,21
500103004,20231030,258,23,2,1,25.06864,121.5107,21
500103004,20231030,259,23,2,1,25.06864,121.5107,21
500103004,20231030,261,23,2,1,25.06864,121.5107,21
500103004,20231030,263,23,2,1,25.06864,121.5107,21
500103004,20231030,264,23,2,1,25.06864,121.5107,21
500103004,20231030,265,23,2,1,25.06864,121.5107,21
500103004,20231030,266,23,2,1,25.06864,121.5107,21
500103004,20231030,267,23,2,1,25.06864,121.5107,21
500103004,20231030,268,23,2,1,25.06864,121.5107,21
500103004,20231030,269,23,2,1,25.06864,121.5107,21
500103004,20231030,271,23,2,1,25.06864,121.5107,21
500103004,20231030,272,23,2,1,25.06864,121.5107,21
500103004,20231030,273,23,2,1,25.06864,121.5107,21
500103004,20231030,274,23,2,1,25.06864,121.5107,21
500103004,20231030,275,23,2,1,25.06864,121.5107,21
500103004,20231030,276,23,2,1,25.06864,121.5107,21
500103004,20231030,277,23,2,1,25.06864,121.5107,21
500103004,20231030,278,23,2,1,25.06864,121.5107,21
500103004,20231030,279,23,2,1,25.06864,121.5107,21
500103004,20231030,281,23,2,1,25.06864,121.5107,21
500103004,20231030,282,23,2,1,25.06864,121.5107,21
500103004,20231030,283,23,2,1,25.06864,121.5107,21
500103004,20231030,284,23,2,1,25.06864,121.5107,21
500103004,20231030,285,23,2,1,25.06864,121.5107,21
500103004,20231030,286,23,2,1,25.06864,121.5107,21
500103004,20231030,287,23,2,1,25.06864,121.5107,21
500103004,20231030,288,23,2,1,25.06864,121.5107,21
500103004,20231030,289,23,2,1,25.06864,121.5107,21
500103004,20231030,291,23,2,1,25.06864,121.5107,21
500103004,20231030,292,23,2,1,25.06864,121.5107,21
500103004,20231030,293,23,2,1,25.06864,121.5107,21
500103004,20231030,294,23,2,1,25.06864,121.5107,21
500103004,20231030,295,23,2,1,25.06864,121.5107,21
500103004,20231030,296,23,2,1,25.06864,121.5107,21
500103004,20231030,297,23,2,1,25.06864,121.5107,21
500103004,20231030,298,23,2,1,25.06864,121.5107,21
500103004,20231030,299,23,2,1,25.06864,121.5107,21
500103004,20231030,301,23,2,1,25.06864,121.5107,21
500103004,20231030,302,23,2,1,25.06864,121.5107,21
500103004,20231030,303,23,2,1,25.06864,121.5107,21
500103004,20231030,304,23,2,1,25.06864,121.5107,21
500103004,20231030,305,23,2,1,25.06864,121.5107,21
500103004,20231030,306,23,2,1,25.06864,121.5107,21
500103004,20231030,307,23,2,1,25.06864,121.5107,21
500103004,20231030,308,23,2,1,25.06864,121.5107,21
500103004,20231030,309,23,2,1,25.06864,121.5107,21
500103004,20231030,311,23,2,1,25.06864,121.5107,21
500103004,20231030,312,23,2,1,25.06864,121.5107,21
500103004,20231030,313,23,2,1,25.06864,121.5107,21
500103004,20231030,314,23,3,1,25.06864,121.5107,20
500103004,20231030,315,23,3,1,25.06864,121.5107,20
500103004,20231030,316,23,3,1,25.06864,121.5107,20
500103004,20231030,317,23,3,1,25.06864,121.5107,20
500103004,20231030,318,23,3,1,25.06864,121.5107,20
500103004,20231030,319,23,3,1,25.06864,121.5107,20
500103004,20231030,321,23,3,1,25.06864,121.5107,20
500103004,20231030,322,23,3,1,25.06864,121.5107,20
500103004,20231030,323,23,3,1,25.06864,121.5107,20
500103004,20231030,324,23,3,1,25.06864,121.5107,20
500103004,20231030,325,23,3,1,25.06864,121.5107,20
500103004,20231030,326,23,3,1,25.06864,121.5107,20
500103004,20231030,327,23,3,1,25.06864,121.5107,20
500103004,20231030,328,23,3,1,25.06864,121.5107,20
500103004,20231030,329,23,3,1,25.06864,121.5107,20
500103004,20231030,331,23,3,1,25.06864,121.5107,20
500103004,20231030,332,23,3,1,25.06864,121.5107,20
500103004,20231030,333,23,3,1,25.06864,121.5107,20
500103004,20231030,334,23,3,1,25.06864,121.5107,20
500103004,20231030,335,23,3,1,25.06864,121.5107,20
500103004,20231030,336,23,3,1,25.06864,121.5107,20
500103004,20231030,337,23,3,1,25.06864,121.5107,20
500103004,20231030,338,23,3,1,25.06864,121.5107,20
500103004,20231030,339,23,3,1,25.06864,121.5107,20
500103004,20231030,341,23,3,1,25.06864,121.5107,20
500103004,20231030,342,23,3,1,25.06864,121.5107,20
500103004,20231030,343,23,3,1,25.06864,121.5107,20
500103004,20231030,344,23,3,1,25.06864,121.5107,20
500103004,20231030,345,23,3,1,25.06864,121.5107,20
500103004,20231030,346,23,3,1,25.06864,121.5107,20
500103004,20231030,347,23,3,1,25.06864,121.5107,20
500103004,20231030,348,23,3,1,25.06864,121.5107,20
500103004,20231030,349,23,3,1,25.06864,121.5107,20
500103004,20231030,351,23,3,1,25.06864,121.5107,20
500103004,20231030,352,23,4,1,25.06864,121.5107,19
500103004,20231030,353,23,4,1,25.06864,121.5107,19
500103004,20231030,354,23,4,1,25.06864,121.5107,19
500103004,20231030,355,23,4,1,25.06864,121.5107,19
500103004,20231030,356,23,4,1,25.06864,121.5107,19
500103004,20231030,357,23,4,1,25.06864,121.5107,19
500103004,20231030,358,23,4,1,25.06864,121.5107,19
500103004,20231030,359,23,4,1,25.06864,121.5107,19
500103004,20231030,361,23,4,1,25.06864,121.5107,19
500103004,20231030,362,23,4,1,25.06864,121.5107,19
500103004,20231030,363,23,4,1,25.06864,121.5107,19
500103004,20231030,364,23,4,1,25.06864,121.5107,19
500103004,20231030,365,23,4,1,25.06864,121.5107,19
500103004,20231030,366,23,4,1,25.06864,121.5107,19
500103004,20231030,367,23,5,1,25.06864,121.5107,18
500103004,20231030,368,23,5,1,25.06864,121.5107,18
500103004,20231030,369,23,5,1,25.06864,121.5107,18
500103004,20231030,370,23,5,1,25.06864,121.5107,18
500103004,20231030,371,23,5,1,25.06864,121.5107,18
500103004,20231030,372,23,5,1,25.06864,121.5107,18
500103004,20231030,373,23,5,1,25.06864,121.5107,18
500103004,20231030,374,23,5,1,25.06864,121.5107,18
500103004,20231030,375,23,5,1,25.06864,121.5107,18
500103004,20231030,376,23,5,1,25.06864,121.5107,18
500103004,20231030,377,23,5,1,25.06864,121.5107,18
500103004,20231030,378,23,5,1,25.06864,121.5107,18
500103004,20231030,379,23,4,1,25.06864,121.5107,19
500103004,20231030,381,23,4,1,25.06864,121.5107,19
500103004,20231030,382,23,5,1,25.06864,121.5107,18
500103004,20231030,383,23,5,1,25.06864,121.5107,18
500103004,20231030,384,23,5,1,25.06864,121.5107,18
500103004,20231030,385,23,5,1,25.06864,121.5107,18
500103004,20231030,386,23,5,1,25.06864,121.5107,18
500103004,20231030,387,23,5,1,25.06864,121.5107,18
500103004,20231030,388,23,5,1,25.06864,121.5107,18
500103004,20231030,389,23,5,1,25.06864,121.5107,18
500103004,20231030,390,23,5,1,25.06864,121.5107,18
500103004,20231030,391,23,5,1,25.06864,121.5107,18
500103004,20231030,392,23,5,1,25.06864,121.5107,18
500103004,20231030,393,23,5,1,25.06864,121.5107,18
500103004,20231030,394,23,5,1,25.06864,121.5107,18
500103004,20231030,395,23,5,1,25.06864,121.5107,18
500103004,20231030,396,23,5,1,25.06864,121.5107,18
500103004,20231030,397,23,6,1,25.06864,121.5107,17
500103004,20231030,398,23,7,1,25.06864,121.5107,16
500103004,20231030,399,23,7,1,25.06864,121.5107,16
500103004,20231030,400,23,7,1,25.06864,121.5107,16
500103004,20231030,401,23,7,1,25.06864,121.5107,16
500103004,20231030,402,23,7,1,25.06864,121.5107,16
500103004,20231030,403,23,8,1,25.06864,121.5107,15
500103004,20231030,404,23,8,1,25.06864,121.5107,15
500103004,20231030,405,23,9,1,25.06864,121.5107,14
500103004,20231030,406,23,9,1,25.06864,121.5107,14
500103004,20231030,407,23,9,1,25.06864,121.5107,14
500103004,20231030,408,23,9,1,25.06864,121.5107,14
500103004,20231030,409,23,9,1,25.06864,121.5107,14
500103004,20231030,410,23,9,1,25.06864,121.5107,14
500103004,20231030,411,23,9,1,25.06864,121.5107,14
500103004,20231030,412,23,10,1,25.06864,121.5107,13
500103004,20231030,413,23,10,1,25.06864,121.5107,13
500103004,20231030,414,23,10,1,25.06864,121.5107,13
500103004,20231030,415,23,10,1,25.06864,121.5107,13
500103004,20231030,416,23,11,1,25.06864,121.5107,12
500103004,20231030,417,23,11,1,25.06864,121.5107,9
500103004,20231030,418,23,11,1,25.06864,121.5107,9
500103004,20231030,419,23,10,1,25.06864,121.5107,10
500103004,20231030,421,23,10,1,25.06864,121.5107,10
500103004,20231030,422,23,10,1,25.06864,121.5107,10
500103004,20231030,423,23,10,1,25.06864,121.5107,10
500103004,20231030,424,23,10,1,25.06864,121.5107,10
500103004,20231030,425,23,9,1,25.06864,121.5107,11
500103004,20231030,426,23,11,1,25.06864,121.5107,9
500103004,20231030,427,23,11,1,25.06864,121.5107,9
500103004,20231030,428,23,11,1,25.06864,121.5107,9
500103004,20231030,429,23,12,1,25.06864,121.5107,8
500103004,20231030,430,23,12,1,25.06864,121.5107,8
500103004,20231030,431,23,13,1,25.06864,121.5107,7
500103004,20231030,432,23,13,1,25.06864,121.5107,7
500103004,20231030,433,23,13,1,25.06864,121.5107,7
500103004,20231030,434,23,13,1,25.06864,121.5107,7
500103004,20231030,435,23,13,1,25.06864,121.5107,7
500103004,20231030,436,23,13,1,25.06864,121.5107,7
500103004,20231030,437,23,14,1,25.06864,121.5107,6
500103004,20231030,438,23,14,1,25.06864,121.5107,6
500103004,20231030,439,23,14,1,25.06864,121.5107,6
500103004,20231030,441,23,15,1,25.06864,121.5107,5
500103004,20231030,442,23,15,1,25.06864,121.5107,5
500103004,20231030,443,23,15,1,25.06864,121.5107,5
500103004,20231030,444,23,16,1,25.06864,121.5107,4
500103004,20231030,445,23,16,1,25.06864,121.5107,4
500103004,20231030,446,23,16,1,25.06864,121.5107,4
500103004,20231030,447,23,18,1,25.06864,121.5107,2
500103004,20231030,448,23,18,1,25.06864,121.5107,2
500103004,20231030,449,23,18,1,25.06864,121.5107,2
500103004,20231030,451,23,18,1,25.06864,121.5107,2
500103004,20231030,452,23,18,1,25.06864,121.5107,2
500103004,20231030,453,23,18,1,25.06864,121.5107,2
500103004,20231030,454,23,19,1,25.06864,121.5107,1
500103004,20231030,455,23,19,1,25.06864,121.5107,1
500103004,20231030,456,23,19,1,25.06864,121.5107,1
500103004,20231030,457,23,19,1,25.06864,121.5107,1
500103004,20231030,458,23,20,1,25.06864,121.5107,0
500103004,20231030,459,23,20,1,25.06864,121.5107,0
500103004,20231030,460,23,20,1,25.06864,121.5107,0
500103004,20231030,461,23,20,1,25.06864,121.5107,0
500103004,20231030,462,23,20,1,25.06864,121.5107,0
500103004,20231030,463,23,20,1,25.06864,121.5107,0
500103004,20231030,464,23,19,1,25.06864,121.5107,1
500103004,20231030,465,23,20,1,25.06864,121.5107,0
500103004,20231030,466,23,20,1,25.06864,121.5107,0
500103004,20231030,467,23,20,1,25.06864,121.5107,0
500103004,20231030,468,23,20,1,25.06864,121.5107,0
500103004,20231030,469,23,20,1,25.06864,121.5107,0
500103004,20231030,470,23,20,1,25.06864,121.5107,0
500103004,20231030,471,23,20,1,25.06864,121.5107,0
500103004,20231030,472,23,20,1,25.06864,121.5107,0
500103004,20231030,473,23,20,1,25.06864,121.5107,0
500103004,20231030,474,23,20,1,25.06864,121.5107,0
500103004,20231030,475,23,20,1,25.06864,121.5107,0
500103004,20231030,476,23,20,1,25.06864,121.5107,0
500103004,20231030,477,23,20,1,25.06864,121.5107,0
500103004,20231030,478,23,20,1,25.06864,121.5107,0
500103004,20231030,479,23,20,1,25.06864,121.5107,0
500103004,20231030,481,23,20,1,25.06864,121.5107,0
500103004,20231030,482,23,20,1,25.06864,121.5107,0
500103004,20231030,483,23,20,1,25.06864,121.5107,0
500103004,20231030,484,23,20,1,25.06864,121.5107,0
500103004,20231030,485,23,20,1,25.06864,121.5107,0
500103004,20231030,486,23,19,1,25.06864,121.5107,1
500103004,20231030,487,23,20,1,25.06864,121.5107,0
500103004,20231030,488,23,20,1,25.06864,121.5107,0
500103004,20231030,489,23,20,1,25.06864,121.5107,0
500103004,20231030,491,23,20,1,25.06864,121.5107,0
500103004,20231030,492,23,20,1,25.06864,121.5107,0
500103004,20231030,493,23,20,1,25.06864,121.5107,0
500103004,20231030,494,23,20,1,25.06864,121.5107,0
500103004,20231030,495,23,20,1,25.06864,121.5107,0
500103004,20231030,496,23,19,1,25.06864,121.5107,1
500103004,20231030,497,23,19,1,25.06864,121.5107,1
500103004,20231030,498,23,20,1,25.06864,121.5107,0
500103004,20231030,499,23,19,1,25.06864,121.5107,1
500103004,20231030,501,23,17,1,25.06864,121.5107,3
500103004,20231030,502,23,13,1,25.06864,121.5107,7
500103004,20231030,503,23,10,1,25.06864,121.5107,10
500103004,20231030,504,23,7,1,25.06864,121.5107,13
500103004,20231030,505,23,7,1,25.06864,121.5107,13
500103004,20231030,506,23,5,1,25.06864,121.5107,15
500103004,20231030,507,23,5,1,25.06864,121.5107,15
500103004,20231030,508,23,5,1,25.06864,121.5107,15
500103004,20231030,509,23,4,1,25.06864,121.5107,16
500103004,20231030,511,23,7,1,25.06864,121.5107,13
500103004,20231030,512,23,7,1,25.06864,121.5107,13
500103004,20231030,513,23,7,1,25.06864,121.5107,13
500103004,20231030,514,23,7,1,25.06864,121.5107,13
500103004,20231030,515,23,8,1,25.06864,121.5107,12
500103004,20231030,516,23,8,1,25.06864,121.5107,12
500103004,20231030,517,23,6,1,25.06864,121.5107,14
500103004,20231030,518,23,5,1,25.06864,121.5107,15
500103004,20231030,519,23,5,1,25.06864,121.5107,15
500103004,20231030,521,23,5,1,25.06864,121.5107,15
500103004,20231030,522,23,5,1,25.06864,121.5107,15
500103004,20231030,523,23,5,1,25.06864,121.5107,15
500103004,20231030,524,23,6,1,25.06864,121.5107,14
500103004,20231030,525,23,6,1,25.06864,121.5107,14
500103004,20231030,526,23,6,1,25.06864,121.5107,14
500103004,20231030,527,23,4,1,25.06864,121.5107,16
500103004,20231030,528,23,4,1,25.06864,121.5107,16
500103004,20231030,529,23,4,1,25.06864,121.5107,16
500103004,20231030,531,23,6,1,25.06864,121.5107,13
500103004,20231030,532,23,6,1,25.06864,121.5107,13
500103004,20231030,533,23,6,1,25.06864,121.5107,13
500103004,20231030,534,23,6,1,25.06864,121.5107,13
500103004,20231030,535,23,7,1,25.06864,121.5107,12
500103004,20231030,537,23,5,1,25.06864,121.5107,14
500103004,20231030,538,23,6,1,25.06864,121.5107,13
500103004,20231030,539,23,7,1,25.06864,121.5107,12
500103004,20231030,541,23,8,1,25.06864,121.5107,11
500103004,20231030,542,23,8,1,25.06864,121.5107,11
500103004,20231030,543,23,8,1,25.06864,121.5107,11
500103004,20231030,544,23,8,1,25.06864,121.5107,11
500103004,20231030,545,23,8,1,25.06864,121.5107,11
500103004,20231030,546,23,8,1,25.06864,121.5107,11
500103004,20231030,547,23,9,1,25.06864,121.5107,10
500103004,20231030,548,23,9,1,25.06864,121.5107,10
500103004,20231030,549,23,9,1,25.06864,121.5107,10
500103004,20231030,551,23,10,1,25.06864,121.5107,9
500103004,20231030,552,23,10,1,25.06864,121.5107,9
500103004,20231030,553,23,10,1,25.06864,121.5107,9
500103004,20231030,554,23,10,1,25.06864,121.5107,9
500103004,20231030,555,23,10,1,25.06864,121.5107,9
500103004,20231030,556,23,10,1,25.06864,121.5107,9
500103004,20231030,557,23,10,1,25.06864,121.5107,9
500103004,20231030,558,23,10,1,25.06864,121.5107,9
500103004,20231030,559,23,10,1,25.06864,121.5107,9
500103004,20231030,561,23,9,1,25.06864,121.5107,10
500103004,20231030,562,23,9,1,25.06864,121.5107,10
500103004,20231030,563,23,9,1,25.06864,121.5107,10
500103004,20231030,564,23,10,1,25.06864,121.5107,9
500103004,20231030,565,23,10,1,25.06864,121.5107,9
500103004,20231030,566,23,10,1,25.06864,121.5107,9
500103004,20231030,567,23,11,1,25.06864,121.5107,8
500103004,20231030,568,23,11,1,25.06864,121.5107,8
500103004,20231030,569,23,11,1,25.06864,121.5107,8
500103004,20231030,571,23,11,1,25.06864,121.5107,8
500103004,20231030,572,23,11,1,25.06864,121.5107,8
500103004,20231030,573,23,11,1,25.06864,121.5107,8
500103004,20231030,574,23,11,1,25.06864,121.5107,8
500103004,20231030,575,23,11,1,25.06864,121.5107,8
500103004,20231030,576,23,11,1,25.06864,121.5107,8
500103004,20231030,577,23,11,1,25.06864,121.5107,8
500103004,20231030,578,23,11,1,25.06864,121.5107,8
500103004,20231030,579,23,11,1,25.06864,121.5107,8
500103004,20231030,581,23,12,1,25.06864,121.5107,7
500103004,20231030,582,23,13,1,25.06864,121.5107,7
500103004,20231030,583,23,13,1,25.06864,121.5107,8
500103004,20231030,585,23,14,1,25.06864,121.5107,9
500103004,20231030,587,23,13,1,25.06864,121.5107,10
500103004,20231030,588,23,13,1,25.06864,121.5107,10
500103004,20231030,589,23,13,1,25.06864,121.5107,10
500103004,20231030,590,23,13,1,25.06864,121.5107,10
500103004,20231030,592,23,13,1,25.06864,121.5107,10
500103004,20231030,594,23,14,1,25.06864,121.5107,9
500103004,20231030,595,23,14,1,25.06864,121.5107,9
500103004,20231030,596,23,14,1,25.06864,121.5107,9
500103004,20231030,597,23,14,1,25.06864,121.5107,9
500103004,20231030,598,23,14,1,25.06864,121.5107,9
500103004,20231030,599,23,14,1,25.06864,121.5107,9
500103004,20231030,601,23,14,1,25.06864,121.5107,9
500103004,20231030,602,23,14,1,25.06864,121.5107,9
500103004,20231030,604,23,14,1,25.06864,121.5107,9
500103004,20231030,605,23,14,1,25.06864,121.5107,9
500103004,20231030,606,23,14,1,25.06864,121.5107,9
500103004,20231030,607,23,14,1,25.06864,121.5107,9
500103004,20231030,609,23,13,1,25.06864,121.5107,10
500103004,20231030,611,23,13,1,25.06864,121.5107,10
500103004,20231030,612,23,13,1,25.06864,121.5107,10
500103004,20231030,629,23,17,1,25.06864,121.5107,6
500103004,20231030,631,23,15,1,25.06864,121.5107,8
500103004,20231030,633,23,15,1,25.06864,121.5107,8
500103004,20231030,634,23,15,1,25.06864,121.5107,8
500103004,20231030,635,23,16,1,25.06864,121.5107,7
500103004,20231030,636,23,16,1,25.06864,121.5107,7
500103004,20231030,637,23,17,1,25.06864,121.5107,6
500103004,20231030,638,23,18,1,25.06864,121.5107,5
500103004,20231030,639,23,17,1,25.06864,121.5107,6
500103004,20231030,641,23,17,1,25.06864,121.5107,6
500103004,20231030,642,23,17,1,25.06864,121.5107,6
500103004,20231030,644,23,17,1,25.06864,121.5107,6
500103004,20231030,645,23,17,1,25.06864,121.5107,6
500103004,20231030,646,23,17,1,25.06864,121.5107,6
500103004,20231030,647,23,17,1,25.06864,121.5107,6
500103004,20231030,648,23,17,1,25.06864,121.5107,6
500103004,20231030,649,23,16,1,25.06864,121.5107,7
500103004,20231030,651,23,16,1,25.06864,121.5107,7
500103004,20231030,652,23,16,1,25.06864,121.5107,7
500103004,20231030,653,23,16,1,25.06864,121.5107,7
500103004,20231030,654,23,16,1,25.06864,121.5107,7
500103004,20231030,655,23,16,1,25.06864,121.5107,7
500103004,20231030,656,23,16,1,25.06864,121.5107,7
500103004,20231030,657,23,16,1,25.06864,121.5107,7
500103004,20231030,658,23,16,1,25.06864,121.5107,7
500103004,20231030,659,23,16,1,25.06864,121.5107,7
500103004,20231030,661,23,16,1,25.06864,121.5107,7
500103004,20231030,662,23,17,1,25.06864,121.5107,6
500103004,20231030,663,23,17,1,25.06864,121.5107,6
500103004,20231030,664,23,17,1,25.06864,121.5107,6
500103004,20231030,665,23,17,1,25.06864,121.5107,6
500103004,20231030,666,23,17,1,25.06864,121.5107,6
500103004,20231030,667,23,17,1,25.06864,121.5107,6
500103004,20231030,668,23,17,1,25.06864,121.5107,6
500103004,20231030,669,23,17,1,25.06864,121.5107,6
500103004,20231030,671,23,18,1,25.06864,121.5107,5
500103004,20231030,673,23,18,1,25.06864,121.5107,5
500103004,20231030,674,23,18,1,25.06864,121.5107,5
500103004,20231030,675,23,18,1,25.06864,121.5107,5
500103004,20231030,676,23,18,1,25.06864,121.5107,5
500103004,20231030,677,23,18,1,25.06864,121.5107,5
500103004,20231030,678,23,18,1,25.06864,121.5107,5
500103004,20231030,679,23,18,1,25.06864,121.5107,5
500103004,20231030,681,23,18,1,25.06864,121.5107,5
500103004,20231030,682,23,18,1,25.06864,121.5107,5
500103004,20231030,683,23,18,1,25.06864,121.5107,5
500103004,20231030,684,23,18,1,25.06864,121.5107,5
500103004,20231030,685,23,17,1,25.06864,121.5107,6
500103004,20231030,686,23,17,1,25.06864,121.5107,6
500103004,20231030,687,23,18,1,25.06864,121.5107,5
500103004,20231030,688,23,18,1,25.06864,121.5107,5
500103004,20231030,689,23,18,1,25.06864,121.5107,5
500103004,20231030,691,23,18,1,25.06864,121.5107,5
500103004,20231030,692,23,18,1,25.06864,121.5107,5
500103004,20231030,693,23,19,1,25.06864,121.5107,4
500103004,20231030,694,23,19,1,25.06864,121.5107,4
500103004,20231030,695,23,19,1,25.06864,121.5107,4
500103004,20231030,696,23,19,1,25.06864,121.5107,4
500103004,20231030,697,23,19,1,25.06864,121.5107,4
500103004,20231030,698,23,19,1,25.06864,121.5107,4
500103004,20231030,699,23,19,1,25.06864,121.5107,4
500103004,20231030,700,23,19,1,25.06864,121.5107,4
500103004,20231030,701,23,19,1,25.06864,121.5107,4
500103004,20231030,703,23,19,1,25.06864,121.5107,4
500103004,20231030,705,23,19,1,25.06864,121.5107,4
500103004,20231030,706,23,19,1,25.06864,121.5107,4
500103004,20231030,707,23,19,1,25.06864,121.5107,4
500103004,20231030,708,23,19,1,25.06864,121.5107,4
500103004,20231030,709,23,19,1,25.06864,121.5107,4
500103004,20231030,710,23,19,1,25.06864,121.5107,4
500103004,20231030,712,23,19,1,25.06864,121.5107,4
500103004,20231030,713,23,19,1,25.06864,121.5107,4
500103004,20231030,714,23,19,1,25.06864,121.5107,4
500103004,20231030,715,23,19,1,25.06864,121.5107,4
500103004,20231030,716,23,19,1,25.06864,121.5107,4
500103004,20231030,718,23,20,1,25.06864,121.5107,3
500103004,20231030,719,23,20,1,25.06864,121.5107,3
500103004,20231030,721,23,20,1,25.06864,121.5107,3
500103004,20231030,722,23,20,1,25.06864,121.5107,3
500103004,20231030,723,23,20,1,25.06864,121.5107,3
500103004,20231030,724,23,20,1,25.06864,121.5107,3
500103004,20231030,725,23,20,1,25.06864,121.5107,3
500103004,20231030,726,23,20,1,25.06864,121.5107,3
500103004,20231030,727,23,20,1,25.06864,121.5107,3
500103004,20231030,728,23,21,1,25.06864,121.5107,2
500103004,20231030,729,23,22,1,25.06864,121.5107,1
500103004,20231030,731,23,21,1,25.06864,121.5107,2
500103004,20231030,732,23,22,1,25.06864,121.5107,1
500103004,20231030,733,23,23,1,25.06864,121.5107,0
500103004,20231030,734,23,23,1,25.06864,121.5107,0
500103004,20231030,735,23,23,1,25.06864,121.5107,0
500103004,20231030,736,23,23,1,25.06864,121.5107,0
500103004,20231030,737,23,23,1,25.06864,121.5107,0
500103004,20231030,738,23,22,1,25.06864,121.5107,1
500103004,20231030,739,23,22,1,25.06864,121.5107,1
500103004,20231030,741,23,22,1,25.06864,121.5107,1
500103004,20231030,742,23,22,1,25.06864,121.5107,1
500103004,20231030,743,23,22,1,25.06864,121.5107,1
500103004,20231030,744,23,22,1,25.06864,121.5107,1
500103004,20231030,745,23,21,1,25.06864,121.5107,2
500103004,20231030,746,23,21,1,25.06864,121.5107,2
500103004,20231030,747,23,21,1,25.06864,121.5107,2
500103004,20231030,748,23,21,1,25.06864,121.5107,2
500103004,20231030,749,23,21,1,25.06864,121.5107,2
500103004,20231030,751,23,21,1,25.06864,121.5107,2
500103004,20231030,752,23,20,1,25.06864,121.5107,3
500103004,20231030,753,23,20,1,25.06864,121.5107,3
500103004,20231030,754,23,20,1,25.06864,121.5107,3
500103004,20231030,755,23,20,1,25.06864,121.5107,3
500103004,20231030,756,23,20,1,25.06864,121.5107,3
500103004,20231030,757,23,20,1,25.06864,121.5107,3
500103004,20231030,758,23,20,1,25.06864,121.5107,3
500103004,20231030,759,23,20,1,25.06864,121.5107,3
500103004,20231030,761,23,20,1,25.06864,121.5107,3
500103004,20231030,762,23,19,1,25.06864,121.5107,4
500103004,20231030,763,23,20,1,25.06864,121.5107,3
500103004,20231030,764,23,20,1,25.06864,121.5107,3
500103004,20231030,765,23,20,1,25.06864,121.5107,3
500103004,20231030,766,23,20,1,25.06864,121.5107,3
500103004,20231030,767,23,20,1,25.06864,121.5107,3
500103004,20231030,768,23,20,1,25.06864,121.5107,3
500103004,20231030,769,23,20,1,25.06864,121.5107,3
500103004,20231030,771,23,20,1,25.06864,121.5107,3
500103004,20231030,772,23,20,1,25.06864,121.5107,3
500103004,20231030,773,23,20,1,25.06864,121.5107,3
500103004,20231030,774,23,20,1,25.06864,121.5107,3
500103004,20231030,775,23,20,1,25.06864,121.5107,3
500103004,20231030,776,23,20,1,25.06864,121.5107,3
500103004,20231030,778,23,21,1,25.06864,121.5107,2
500103004,20231030,779,23,21,1,25.06864,121.5107,2
500103004,20231030,781,23,20,1,25.06864,121.5107,3
500103004,20231030,782,23,19,1,25.06864,121.5107,4
500103004,20231030,783,23,19,1,25.06864,121.5107,4
500103004,20231030,784,23,19,1,25.06864,121.5107,4
500103004,20231030,785,23,19,1,25.06864,121.5107,4
500103004,20231030,786,23,19,1,25.06864,121.5107,4
500103004,20231030,787,23,19,1,25.06864,121.5107,4
500103004,20231030,788,23,19,1,25.06864,121.5107,4
500103004,20231030,789,23,19,1,25.06864,121.5107,4
500103004,20231030,791,23,19,1,25.06864,121.5107,4
500103004,20231030,792,23,19,1,25.06864,121.5107,4
500103004,20231030,793,23,19,1,25.06864,121.5107,4
500103004,20231030,794,23,19,1,25.06864,121.5107,4
500103004,20231030,796,23,19,1,25.06864,121.5107,4
500103004,20231030,797,23,19,1,25.06864,121.5107,4
500103004,20231030,799,23,18,1,25.06864,121.5107,5
500103004,20231030,801,23,19,1,25.06864,121.5107,4
500103004,20231030,802,23,19,1,25.06864,121.5107,4
500103004,20231030,803,23,19,1,25.06864,121.5107,4
500103004,20231030,804,23,19,1,25.06864,121.5107,4
500103004,20231030,805,23,20,1,25.06864,121.5107,3
500103004,20231030,806,23,20,1,25.06864,121.5107,3
500103004,20231030,807,23,22,1,25.06864,121.5107,1
500103004,20231030,808,23,22,1,25.06864,121.5107,1
500103004,20231030,809,23,21,1,25.06864,121.5107,2
500103004,20231030,811,23,21,1,25.06864,121.5107,2
500103004,20231030,812,23,20,1,25.06864,121.5107,3
500103004,20231030,813,23,20,1,25.06864,121.5107,3
500103004,20231030,814,23,20,1,25.06864,121.5107,3
500103004,20231030,815,23,20,1,25.06864,121.5107,3
500103004,20231030,816,23,20,1,25.06864,121.5107,3
500103004,20231030,817,23,20,1,25.06864,121.5107,3
500103004,20231030,819,23,20,1,25.06864,121.5107,3
500103004,20231030,821,23,19,1,25.06864,121.5107,4
500103004,20231030,822,23,19,1,25.06864,121.5107,4
500103004,20231030,823,23,19,1,25.06864,121.5107,4
500103004,20231030,824,23,19,1,25.06864,121.5107,4
500103004,20231030,825,23,19,1,25.06864,121.5107,4
500103004,20231030,826,23,19,1,25.06864,121.5107,4
500103004,20231030,827,23,20,1,25.06864,121.5107,3
500103004,20231030,828,23,20,1,25.06864,121.5107,3
500103004,20231030,829,23,20,1,25.06864,121.5107,3
500103004,20231030,831,23,20,1,25.06864,121.5107,3
500103004,20231030,832,23,19,1,25.06864,121.5107,4
500103004,20231030,833,23,19,1,25.06864,121.5107,4
500103004,20231030,834,23,19,1,25.06864,121.5107,4
500103004,20231030,835,23,19,1,25.06864,121.5107,4
500103004,20231030,836,23,19,1,25.06864,121.5107,4
500103004,20231030,837,23,19,1,25.06864,121.5107,4
500103004,20231030,838,23,19,1,25.06864,121.5107,4
500103004,20231030,839,23,19,1,25.06864,121.5107,4
500103004,20231030,841,23,19,1,25.06864,121.5107,3
500103004,20231030,842,23,19,1,25.06864,121.5107,3
500103004,20231030,843,23,19,1,25.06864,121.5107,3
500103004,20231030,844,23,19,1,25.06864,121.5107,3
500103004,20231030,845,23,19,1,25.06864,121.5107,3
500103004,20231030,846,23,19,1,25.06864,121.5107,3
500103004,20231030,847,23,19,1,25.06864,121.5107,3
500103004,20231030,848,23,19,1,25.06864,121.5107,3
500103004,20231030,849,23,19,1,25.06864,121.5107,3
500103004,20231030,851,23,19,1,25.06864,121.5107,3
500103004,20231030,852,23,19,1,25.06864,121.5107,3
500103004,20231030,853,23,19,1,25.06864,121.5107,3
500103004,20231030,854,23,19,1,25.06864,121.5107,3
500103004,20231030,855,23,19,1,25.06864,121.5107,3
500103004,20231030,856,23,19,1,25.06864,121.5107,3
500103004,20231030,857,23,19,1,25.06864,121.5107,3
500103004,20231030,858,23,19,1,25.06864,121.5107,3
500103004,20231030,859,23,19,1,25.06864,121.5107,3
500103004,20231030,861,23,19,1,25.06864,121.5107,3
500103004,20231030,862,23,19,1,25.06864,121.5107,3
500103004,20231030,863,23,19,1,25.06864,121.5107,3
500103004,20231030,864,23,20,1,25.06864,121.5107,2
500103004,20231030,865,23,19,1,25.06864,121.5107,3
500103004,20231030,866,23,19,1,25.06864,121.5107,3
500103004,20231030,867,23,19,1,25.06864,121.5107,3
500103004,20231030,868,23,19,1,25.06864,121.5107,3
500103004,20231030,869,23,19,1,25.06864,121.5107,3
500103004,20231030,871,23,19,1,25.06864,121.5107,3
500103004,20231030,872,23,19,1,25.06864,121.5107,3
500103004,20231030,873,23,18,1,25.06864,121.5107,4
500103004,20231030,874,23,18,1,25.06864,121.5107,4
500103004,20231030,875,23,18,1,25.06864,121.5107,4
500103004,20231030,877,23,18,1,25.06864,121.5107,4
500103004,20231030,878,23,19,1,25.06864,121.5107,3
500103004,20231030,879,23,19,1,25.06864,121.5107,3
500103004,20231030,881,23,18,1,25.06864,121.5107,4
500103004,20231030,882,23,18,1,25.06864,121.5107,4
500103004,20231030,883,23,18,1,25.06864,121.5107,4
500103004,20231030,884,23,18,1,25.06864,121.5107,4
500103004,20231030,885,23,18,1,25.06864,121.5107,4
500103004,20231030,886,23,17,1,25.06864,121.5107,5
500103004,20231030,887,23,17,1,25.06864,121.5107,5
500103004,20231030,888,23,17,1,25.06864,121.5107,5
500103004,20231030,889,23,17,1,25.06864,121.5107,5
500103004,20231030,891,23,17,1,25.06864,121.5107,5
500103004,20231030,892,23,17,1,25.06864,121.5107,5
500103004,20231030,893,23,17,1,25.06864,121.5107,5
500103004,20231030,894,23,17,1,25.06864,121.5107,5
500103004,20231030,895,23,17,1,25.06864,121.5107,5
500103004,20231030,896,23,17,1,25.06864,121.5107,5
500103004,20231030,897,23,17,1,25.06864,121.5107,5
500103004,20231030,898,23,17,1,25.06864,121.5107,5
500103004,20231030,899,23,16,1,25.06864,121.5107,6
500103004,20231030,901,23,16,1,25.06864,121.5107,6
500103004,20231030,902,23,17,1,25.06864,121.5107,5
500103004,20231030,903,23,17,1,25.06864,121.5107,5
500103004,20231030,904,23,17,1,25.06864,121.5107,5
500103004,20231030,905,23,17,1,25.06864,121.5107,5
500103004,20231030,906,23,17,1,25.06864,121.5107,5
500103004,20231030,907,23,17,1,25.06864,121.5107,5
500103004,20231030,908,23,17,1,25.06864,121.5107,5
500103004,20231030,909,23,17,1,25.06864,121.5107,5
500103004,20231030,911,23,18,1,25.06864,121.5107,4
500103004,20231030,912,23,18,1,25.06864,121.5107,4
500103004,20231030,913,23,18,1,25.06864,121.5107,4
500103004,20231030,914,23,18,1,25.06864,121.5107,4
500103004,20231030,915,23,18,1,25.06864,121.5107,4
500103004,20231030,916,23,18,1,25.06864,121.5107,4
500103004,20231030,917,23,18,1,25.06864,121.5107,4
500103004,20231030,918,23,18,1,25.06864,121.5107,4
500103004,20231030,919,23,18,1,25.06864,121.5107,4
500103004,20231030,921,23,18,1,25.06864,121.5107,4
500103004,20231030,922,23,17,1,25.06864,121.5107,5
500103004,20231030,923,23,17,1,25.06864,121.5107,5
500103004,20231030,924,23,17,1,25.06864,121.5107,5
500103004,20231030,925,23,17,1,25.06864,121.5107,5
500103004,20231030,926,23,17,1,25.06864,121.5107,5
500103004,20231030,927,23,17,1,25.06864,121.5107,5
500103004,20231030,928,23,16,1,25.06864,121.5107,6
500103004,20231030,929,23,16,1,25.06864,121.5107,6
500103004,20231030,931,23,16,1,25.06864,121.5107,6
500103004,20231030,932,23,16,1,25.06864,121.5107,6
500103004,20231030,933,23,16,1,25.06864,121.5107,6
500103004,20231030,934,23,16,1,25.06864,121.5107,6
500103004,20231030,935,23,16,1,25.06864,121.5107,6
500103004,20231030,936,23,16,1,25.06864,121.5107,6
500103004,20231030,937,23,16,1,25.06864,121.5107,6
500103004,20231030,938,23,16,1,25.06864,121.5107,6
500103004,20231030,939,23,16,1,25.06864,121.5107,6
500103004,20231030,941,23,16,1,25.06864,121.5107,6
500103004,20231030,942,23,16,1,25.06864,121.5107,6
500103004,20231030,943,23,16,1,25.06864,121.5107,6
500103004,20231030,944,23,16,1,25.06864,121.5107,6
500103004,20231030,945,23,16,1,25.06864,121.5107,6
500103004,20231030,946,23,16,1,25.06864,121.5107,6
500103004,20231030,947,23,16,1,25.06864,121.5107,6
500103004,20231030,948,23,16,1,25.06864,121.5107,6
500103004,20231030,949,23,16,1,25.06864,121.5107,6
500103004,20231030,951,23,16,1,25.06864,121.5107,6
500103004,20231030,952,23,16,1,25.06864,121.5107,6
500103004,20231030,953,23,16,1,25.06864,121.5107,6
500103004,20231030,954,23,16,1,25.06864,121.5107,6
500103004,20231030,955,23,16,1,25.06864,121.5107,6
500103004,20231030,956,23,15,1,25.06864,121.5107,7
500103004,20231030,957,23,17,1,25.06864,121.5107,5
500103004,20231030,958,23,17,1,25.06864,121.5107,5
500103004,20231030,959,23,18,1,25.06864,121.5107,4
500103004,20231030,961,23,18,1,25.06864,121.5107,4
500103004,20231030,962,23,18,1,25.06864,121.5107,4
500103004,20231030,963,23,18,1,25.06864,121.5107,4
500103004,20231030,964,23,18,1,25.06864,121.5107,4
500103004,20231030,965,23,18,1,25.06864,121.5107,4
500103004,20231030,966,23,18,1,25.06864,121.5107,4
500103004,20231030,967,23,18,1,25.06864,121.5107,4
500103004,20231030,968,23,18,1,25.06864,121.5107,4
500103004,20231030,969,23,18,1,25.06864,121.5107,4
500103004,20231030,971,23,18,1,25.06864,121.5107,4
500103004,20231030,972,23,18,1,25.06864,121.5107,4
500103004,20231030,973,23,18,1,25.06864,121.5107,4
500103004,20231030,974,23,18,1,25.06864,121.5107,4
500103004,20231030,975,23,18,1,25.06864,121.5107,4
500103004,20231030,976,23,18,1,25.06864,121.5107,4
500103004,20231030,977,23,18,1,25.06864,121.5107,4
500103004,20231030,978,23,18,1,25.06864,121.5107,4
500103004,20231030,979,23,18,1,25.06864,121.5107,4
500103004,20231030,981,23,19,1,25.06864,121.5107,3
500103004,20231030,982,23,19,1,25.06864,121.5107,3
500103004,20231030,983,23,18,1,25.06864,121.5107,4
500103004,20231030,984,23,18,1,25.06864,121.5107,4
500103004,20231030,985,23,17,1,25.06864,121.5107,5
500103004,20231030,986,23,17,1,25.06864,121.5107,5
500103004,20231030,987,23,17,1,25.06864,121.5107,5
500103004,20231030,988,23,17,1,25.06864,121.5107,5
500103004,20231030,989,23,17,1,25.06864,121.5107,5
500103004,20231030,992,23,17,1,25.06864,121.5107,5
500103004,20231030,993,23,17,1,25.06864,121.5107,5
500103004,20231030,994,23,17,1,25.06864,121.5107,5
500103004,20231030,995,23,17,1,25.06864,121.5107,5
500103004,20231030,996,23,17,1,25.06864,121.5107,5
500103004,20231030,997,23,17,1,25.06864,121.5107,5
500103004,20231030,998,23,17,1,25.06864,121.5107,5
500103004,20231030,999,23,17,1,25.06864,121.5107,5
500103004,20231030,1001,23,17,1,25.06864,121.5107,5
500103004,20231030,1002,23,17,1,25.06864,121.5107,5
500103004,20231030,1003,23,16,1,25.06864,121.5107,6
500103004,20231030,1004,23,16,1,25.06864,121.5107,6
500103004,20231030,1005,23,16,1,25.06864,121.5107,6
500103004,20231030,1006,23,16,1,25.06864,121.5107,6
500103004,20231030,1007,23,16,1,25.06864,121.5107,6
500103004,20231030,1008,23,16,1,25.06864,121.5107,6
500103004,20231030,1009,23,16,1,25.06864,121.5107,6
500103004,20231030,1011,23,16,1,25.06864,121.5107,6
500103004,20231030,1012,23,16,1,25.06864,121.5107,6
500103004,20231030,1013,23,17,1,25.06864,121.5107,5
500103004,20231030,1014,23,17,1,25.06864,121.5107,5
500103004,20231030,1015,23,17,1,25.06864,121.5107,5
500103004,20231030,1016,23,17,1,25.06864,121.5107,5
500103004,20231030,1017,23,17,1,25.06864,121.5107,5
500103004,20231030,1018,23,17,1,25.06864,121.5107,5
500103004,20231030,1019,23,17,1,25.06864,121.5107,5
500103004,20231030,1022,23,17,1,25.06864,121.5107,5
500103004,20231030,1023,23,17,1,25.06864,121.5107,5
500103004,20231030,1024,23,17,1,25.06864,121.5107,5
500103004,20231030,1025,23,17,1,25.06864,121.5107,5
500103004,20231030,1026,23,16,1,25.06864,121.5107,6
500103004,20231030,1027,23,15,1,25.06864,121.5107,7
500103004,20231030,1028,23,14,1,25.06864,121.5107,8
500103004,20231030,1029,23,14,1,25.06864,121.5107,8
500103004,20231030,1031,23,16,1,25.06864,121.5107,6
500103004,20231030,1032,23,15,1,25.06864,121.5107,7
500103004,20231030,1033,23,16,1,25.06864,121.5107,6
500103004,20231030,1034,23,16,1,25.06864,121.5107,6
500103004,20231030,1035,23,16,1,25.06864,121.5107,6
500103004,20231030,1036,23,17,1,25.06864,121.5107,5
500103004,20231030,1037,23,17,1,25.06864,121.5107,5
500103004,20231030,1038,23,18,1,25.06864,121.5107,4
500103004,20231030,1039,23,16,1,25.06864,121.5107,6
500103004,20231030,1041,23,18,1,25.06864,121.5107,4
500103004,20231030,1042,23,18,1,25.06864,121.5107,4
500103004,20231030,1044,23,18,1,25.06864,121.5107,4
500103004,20231030,1045,23,18,1,25.06864,121.5107,4
500103004,20231030,1046,23,16,1,25.06864,121.5107,6
500103004,20231030,1047,23,16,1,25.06864,121.5107,6
500103004,20231030,1048,23,16,1,25.06864,121.5107,6
500103004,20231030,1049,23,16,1,25.06864,121.5107,6
500103004,20231030,1051,23,16,1,25.06864,121.5107,6
500103004,20231030,1052,23,15,1,25.06864,121.5107,7
500103004,20231030,1053,23,14,1,25.06864,121.5107,8
500103004,20231030,1054,23,14,1,25.06864,121.5107,8
500103004,20231030,1055,23,14,1,25.06864,121.5107,8
500103004,20231030,1056,23,14,1,25.06864,121.5107,8
500103004,20231030,1057,23,15,1,25.06864,121.5107,7
500103004,20231030,1058,23,15,1,25.06864,121.5107,7
500103004,20231030,1059,23,15,1,25.06864,121.5107,7
500103004,20231030,1061,23,15,1,25.06864,121.5107,7
500103004,20231030,1062,23,15,1,25.06864,121.5107,7
500103004,20231030,1063,23,15,1,25.06864,121.5107,7
500103004,20231030,1064,23,14,1,25.06864,121.5107,8
500103004,20231030,1065,23,14,1,25.06864,121.5107,8
500103004,20231030,1066,23,14,1,25.06864,121.5107,8
500103004,20231030,1067,23,14,1,25.06864,121.5107,8
500103004,20231030,1068,23,14,1,25.06864,121.5107,8
500103004,20231030,1069,23,13,1,25.06864,121.5107,9
500103004,20231030,1070,23,11,1,25.06864,121.5107,11
500103004,20231030,1072,23,12,1,25.06864,121.5107,10
500103004,20231030,1073,23,13,1,25.06864,121.5107,9
500103004,20231030,1074,23,13,1,25.06864,121.5107,9
500103004,20231030,1075,23,13,1,25.06864,121.5107,9
500103004,20231030,1076,23,12,1,25.06864,121.5107,10
500103004,20231030,1077,23,12,1,25.06864,121.5107,10
500103004,20231030,1078,23,12,1,25.06864,121.5107,10
500103004,20231030,1079,23,11,1,25.06864,121.5107,11
500103004,20231030,1081,23,11,1,25.06864,121.5107,11
500103004,20231030,1082,23,11,1,25.06864,121.5107,11
500103004,20231030,1083,23,10,1,25.06864,121.5107,12
500103004,20231030,1084,23,11,1,25.06864,121.5107,11
500103004,20231030,1085,23,11,1,25.06864,121.5107,11
500103004,20231030,1086,23,8,1,25.06864,121.5107,14
500103004,20231030,1087,23,8,1,25.06864,121.5107,14
500103004,20231030,1088,23,9,1,25.06864,121.5107,13
500103004,20231030,1089,23,9,1,25.06864,121.5107,13
500103004,20231030,1091,23,12,1,25.06864,121.5107,10
500103004,20231030,1092,23,14,1,25.06864,121.5107,8
500103004,20231030,1093,23,18,1,25.06864,121.5107,4
500103004,20231030,1094,23,20,1,25.06864,121.5107,2
500103004,20231030,1095,23,20,1,25.06864,121.5107,2
500103004,20231030,1096,23,18,1,25.06864,121.5107,4
500103004,20231030,1097,23,19,1,25.06864,121.5107,3
500103004,20231030,1098,23,19,1,25.06864,121.5107,3
500103004,20231030,1099,23,19,1,25.06864,121.5107,3
500103004,20231030,1101,23,20,1,25.06864,121.5107,2
500103004,20231030,1102,23,20,1,25.06864,121.5107,2
500103004,20231030,1103,23,20,1,25.06864,121.5107,2
500103004,20231030,1104,23,19,1,25.06864,121.5107,3
500103004,20231030,1105,23,20,1,25.06864,121.5107,2
500103004,20231030,1106,23,19,1,25.06864,121.5107,3
500103004,20231030,1107,23,19,1,25.06864,121.5107,3
500103004,20231030,1108,23,17,1,25.06864,121.5107,5
500103004,20231030,1109,23,15,1,25.06864,121.5107,7
500103004,20231030,1111,23,15,1,25.06864,121.5107,7
500103004,20231030,1112,23,15,1,25.06864,121.5107,7
500103004,20231030,1113,23,14,1,25.06864,121.5107,8
500103004,20231030,1114,23,12,1,25.06864,121.5107,10
500103004,20231030,1115,23,13,1,25.06864,121.5107,9
500103004,20231030,1116,23,13,1,25.06864,121.5107,9
500103004,20231030,1117,23,12,1,25.06864,121.5107,10
500103004,20231030,1118,23,10,1,25.06864,121.5107,12
500103004,20231030,1119,23,9,1,25.06864,121.5107,13
500103004,20231030,1121,23,9,1,25.06864,121.5107,13
500103004,20231030,1122,23,9,1,25.06864,121.5107,13
500103004,20231030,1123,23,9,1,25.06864,121.5107,13
500103004,20231030,1124,23,10,1,25.06864,121.5107,12
500103004,20231030,1125,23,11,1,25.06864,121.5107,11
500103004,20231030,1126,23,11,1,25.06864,121.5107,11
500103004,20231030,1127,23,12,1,25.06864,121.5107,10
500103004,20231030,1128,23,13,1,25.06864,121.5107,9
500103004,20231030,1129,23,14,1,25.06864,121.5107,8
500103004,20231030,1131,23,19,1,25.06864,121.5107,3
500103004,20231030,1132,23,20,1,25.06864,121.5107,2
500103004,20231030,1133,23,20,1,25.06864,121.5107,2
500103004,20231030,1134,23,20,1,25.06864,121.5107,2
500103004,20231030,1135,23,20,1,25.06864,121.5107,2
500103004,20231030,1136,23,19,1,25.06864,121.5107,3
500103004,20231030,1137,23,19,1,25.06864,121.5107,3
500103004,20231030,1138,23,18,1,25.06864,121.5107,4
500103004,20231030,1139,23,18,1,25.06864,121.5107,4
500103004,20231030,1141,23,19,1,25.06864,121.5107,3
500103004,20231030,1142,23,19,1,25.06864,121.5107,3
500103004,20231030,1143,23,18,1,25.06864,121.5107,4
500103004,20231030,1144,23,18,1,25.06864,121.5107,4
500103004,20231030,1145,23,18,1,25.06864,121.5107,4
500103004,20231030,1146,23,18,1,25.06864,121.5107,4
500103004,20231030,1147,23,18,1,25.06864,121.5107,4
500103004,20231030,1148,23,18,1,25.06864,121.5107,4
500103004,20231030,1149,23,18,1,25.06864,121.5107,4
500103004,20231030,1151,23,15,1,25.06864,121.5107,7
500103004,20231030,1152,23,15,1,25.06864,121.5107,7
500103004,20231030,1153,23,15,1,25.06864,121.5107,7
500103004,20231030,1154,23,15,1,25.06864,121.5107,7
500103004,20231030,1155,23,15,1,25.06864,121.5107,7
500103004,20231030,1156,23,16,1,25.06864,121.5107,6
500103004,20231030,1157,23,15,1,25.06864,121.5107,7
500103004,20231030,1158,23,15,1,25.06864,121.5107,7
500103004,20231030,1159,23,16,1,25.06864,121.5107,6
500103004,20231030,1161,23,15,1,25.06864,121.5107,7
500103004,20231030,1162,23,15,1,25.06864,121.5107,7
500103004,20231030,1163,23,15,1,25.06864,121.5107,7
500103004,20231030,1164,23,16,1,25.06864,121.5107,6
500103004,20231030,1165,23,15,1,25.06864,121.5107,7
500103004,20231030,1166,23,15,1,25.06864,121.5107,7
500103004,20231030,1167,23,15,1,25.06864,121.5107,7
500103004,20231030,1168,23,15,1,25.06864,121.5107,7
500103004,20231030,1169,23,15,1,25.06864,121.5107,7
500103004,20231030,1171,23,14,1,25.06864,121.5107,8
500103004,20231030,1172,23,14,1,25.06864,121.5107,8
500103004,20231030,1173,23,13,1,25.06864,121.5107,9
500103004,20231030,1174,23,13,1,25.06864,121.5107,9
500103004,20231030,1175,23,13,1,25.06864,121.5107,9
500103004,20231030,1176,23,14,1,25.06864,121.5107,8
500103004,20231030,1177,23,13,1,25.06864,121.5107,9
500103004,20231030,1178,23,13,1,25.06864,121.5107,9
500103004,20231030,1179,23,15,1,25.06864,121.5107,7
500103004,20231030,1181,23,13,1,25.06864,121.5107,9
500103004,20231030,1182,23,13,1,25.06864,121.5107,9
500103004,20231030,1183,23,13,1,25.06864,121.5107,9
500103004,20231030,1184,23,13,1,25.06864,121.5107,9
500103004,20231030,1185,23,13,1,25.06864,121.5107,9
500103004,20231030,1186,23,13,1,25.06864,121.5107,9
500103004,20231030,1187,23,13,1,25.06864,121.5107,9
500103004,20231030,1188,23,13,1,25.06864,121.5107,9
500103004,20231030,1189,23,12,1,25.06864,121.5107,10
500103004,20231030,1190,23,12,1,25.06864,121.5107,10
500103004,20231030,1191,23,12,1,25.06864,121.5107,10
500103004,20231030,1192,23,12,1,25.06864,121.5107,10
500103004,20231030,1193,23,12,1,25.06864,121.5107,10
500103004,20231030,1194,23,12,1,25.06864,121.5107,10
500103004,20231030,1195,23,12,1,25.06864,121.5107,10
500103004,20231030,1196,23,11,1,25.06864,121.5107,11
500103004,20231030,1197,23,11,1,25.06864,121.5107,11
500103004,20231030,1198,23,11,1,25.06864,121.5107,11
500103004,20231030,1199,23,11,1,25.06864,121.5107,11
500103004,20231030,1201,23,9,1,25.06864,121.5107,13
500103004,20231030,1202,23,9,1,25.06864,121.5107,13
500103004,20231030,1203,23,9,1,25.06864,121.5107,13
500103004,20231030,1204,23,9,1,25.06864,121.5107,13
500103004,20231030,1205,23,11,1,25.06864,121.5107,11
500103004,20231030,1206,23,13,1,25.06864,121.5107,9
500103004,20231030,1207,23,20,1,25.06864,121.5107,2
500103004,20231030,1208,23,20,1,25.06864,121.5107,2
500103004,20231030,1209,23,20,1,25.06864,121.5107,2
500103004,20231030,1210,23,20,1,25.06864,121.5107,2
500103004,20231030,1211,23,20,1,25.06864,121.5107,2
500103004,20231030,1212,23,20,1,25.06864,121.5107,2
500103004,20231030,1213,23,20,1,25.06864,121.5107,2
500103004,20231030,1214,23,20,1,25.06864,121.5107,2
500103004,20231030,1215,23,20,1,25.06864,121.5107,2
500103004,20231030,1216,23,20,1,25.06864,121.5107,2
500103004,20231030,1217,23,20,1,25.06864,121.5107,2
500103004,20231030,1218,23,20,1,25.06864,121.5107,2
500103004,20231030,1219,23,21,1,25.06864,121.5107,1
500103004,20231030,1221,23,22,1,25.06864,121.5107,0
500103004,20231030,1222,23,22,1,25.06864,121.5107,0
500103004,20231030,1223,23,22,1,25.06864,121.5107,0
500103004,20231030,1224,23,22,1,25.06864,121.5107,0
500103004,20231030,1225,23,22,1,25.06864,121.5107,0
500103004,20231030,1226,23,22,1,25.06864,121.5107,0
500103004,20231030,1227,23,21,1,25.06864,121.5107,1
500103004,20231030,1228,23,21,1,25.06864,121.5107,1
500103004,20231030,1229,23,21,1,25.06864,121.5107,1
500103004,20231030,1231,23,19,1,25.06864,121.5107,3
500103004,20231030,1232,23,19,1,25.06864,121.5107,3
500103004,20231030,1233,23,18,1,25.06864,121.5107,4
500103004,20231030,1234,23,18,1,25.06864,121.5107,4
500103004,20231030,1235,23,18,1,25.06864,121.5107,4
500103004,20231030,1236,23,18,1,25.06864,121.5107,4
500103004,20231030,1237,23,18,1,25.06864,121.5107,4
500103004,20231030,1238,23,18,1,25.06864,121.5107,4
500103004,20231030,1239,23,17,1,25.06864,121.5107,5
500103004,20231030,1240,23,17,1,25.06864,121.5107,5
500103004,20231030,1241,23,17,1,25.06864,121.5107,5
500103004,20231030,1242,23,17,1,25.06864,121.5107,5
500103004,20231030,1243,23,17,1,25.06864,121.5107,5
500103004,20231030,1244,23,17,1,25.06864,121.5107,5
500103004,20231030,1245,23,17,1,25.06864,121.5107,5
500103004,20231030,1246,23,16,1,25.06864,121.5107,6
500103004,20231030,1247,23,16,1,25.06864,121.5107,6
500103004,20231030,1248,23,16,1,25.06864,121.5107,6
500103004,20231030,1249,23,16,1,25.06864,121.5107,6
500103004,20231030,1250,23,16,1,25.06864,121.5107,6
500103004,20231030,1251,23,15,1,25.06864,121.5107,7
500103004,20231030,1252,23,15,1,25.06864,121.5107,7
500103004,20231030,1253,23,15,1,25.06864,121.5107,7
500103004,20231030,1254,23,14,1,25.06864,121.5107,8
500103004,20231030,1255,23,14,1,25.06864,121.5107,8
500103004,20231030,1256,23,14,1,25.06864,121.5107,8
500103004,20231030,1257,23,13,1,25.06864,121.5107,9
500103004,20231030,1258,23,13,1,25.06864,121.5107,9
500103004,20231030,1259,23,13,1,25.06864,121.5107,9
500103004,20231030,1261,23,13,1,25.06864,121.5107,9
500103004,20231030,1262,23,13,1,25.06864,121.5107,9
500103004,20231030,1263,23,13,1,25.06864,121.5107,9
500103004,20231030,1264,23,13,1,25.06864,121.5107,9
500103004,20231030,1265,23,13,1,25.06864,121.5107,9
500103004,20231030,1266,23,13,1,25.06864,121.5107,9
500103004,20231030,1267,23,13,1,25.06864,121.5107,9
500103004,20231030,1268,23,13,1,25.06864,121.5107,9
500103004,20231030,1269,23,13,1,25.06864,121.5107,9
500103004,20231030,1270,23,13,1,25.06864,121.5107,9
500103004,20231030,1271,23,13,1,25.06864,121.5107,9
500103004,20231030,1272,23,13,1,25.06864,121.5107,9
500103004,20231030,1273,23,13,1,25.06864,121.5107,9
500103004,20231030,1274,23,13,1,25.06864,121.5107,9
500103004,20231030,1275,23,13,1,25.06864,121.5107,9
500103004,20231030,1276,23,12,1,25.06864,121.5107,10
500103004,20231030,1277,23,12,1,25.06864,121.5107,10
500103004,20231030,1278,23,12,1,25.06864,121.5107,10
500103004,20231030,1279,23,12,1,25.06864,121.5107,10
500103004,20231030,1281,23,11,1,25.06864,121.5107,11
500103004,20231030,1282,23,11,1,25.06864,121.5107,11
500103004,20231030,1283,23,11,1,25.06864,121.5107,11
500103004,20231030,1284,23,11,1,25.06864,121.5107,11
500103004,20231030,1285,23,11,1,25.06864,121.5107,11
500103004,20231030,1286,23,11,1,25.06864,121.5107,11
500103004,20231030,1287,23,11,1,25.06864,121.5107,11
500103004,20231030,1288,23,11,1,25.06864,121.5107,11
500103004,20231030,1289,23,11,1,25.06864,121.5107,11
500103004,20231030,1291,23,11,1,25.06864,121.5107,11
500103004,20231030,1292,23,10,1,25.06864,121.5107,12
500103004,20231030,1293,23,10,1,25.06864,121.5107,12
500103004,20231030,1294,23,10,1,25.06864,121.5107,12
500103004,20231030,1295,23,10,1,25.06864,121.5107,12
500103004,20231030,1296,23,10,1,25.06864,121.5107,12
500103004,20231030,1297,23,9,1,25.06864,121.5107,13
500103004,20231030,1298,23,10,1,25.06864,121.5107,12
500103004,20231030,1299,23,10,1,25.06864,121.5107,12
500103004,20231030,1300,23,9,1,25.06864,121.5107,13
500103004,20231030,1301,23,9,1,25.06864,121.5107,13
500103004,20231030,1302,23,9,1,25.06864,121.5107,13
500103004,20231030,1303,23,10,1,25.06864,121.5107,12
500103004,20231030,1304,23,10,1,25.06864,121.5107,12
500103004,20231030,1305,23,10,1,25.06864,121.5107,12
500103004,20231030,1306,23,10,1,25.06864,121.5107,12
500103004,20231030,1307,23,9,1,25.06864,121.5107,13
500103004,20231030,1308,23,7,1,25.06864,121.5107,15
500103004,20231030,1309,23,7,1,25.06864,121.5107,15
500103004,20231030,1310,23,7,1,25.06864,121.5107,15
500103004,20231030,1311,23,7,1,25.06864,121.5107,15
500103004,20231030,1312,23,7,1,25.06864,121.5107,15
500103004,20231030,1313,23,6,1,25.06864,121.5107,16
500103004,20231030,1314,23,6,1,25.06864,121.5107,16
500103004,20231030,1315,23,6,1,25.06864,121.5107,16
500103004,20231030,1316,23,6,1,25.06864,121.5107,16
500103004,20231030,1317,23,6,1,25.06864,121.5107,16
500103004,20231030,1318,23,6,1,25.06864,121.5107,16
500103004,20231030,1319,23,6,1,25.06864,121.5107,16
500103004,20231030,1321,23,6,1,25.06864,121.5107,16
500103004,20231030,1322,23,6,1,25.06864,121.5107,16
500103004,20231030,1323,23,6,1,25.06864,121.5107,16
500103004,20231030,1324,23,6,1,25.06864,121.5107,16
500103004,20231030,1325,23,6,1,25.06864,121.5107,16
500103004,20231030,1326,23,6,1,25.06864,121.5107,16
500103004,20231030,1327,23,6,1,25.06864,121.5107,16
500103004,20231030,1328,23,6,1,25.06864,121.5107,16
500103004,20231030,1329,23,5,1,25.06864,121.5107,17
500103004,20231030,1330,23,4,1,25.06864,121.5107,18
500103004,20231030,1331,23,4,1,25.06864,121.5107,18
500103004,20231030,1332,23,4,1,25.06864,121.5107,18
500103004,20231030,1333,23,3,1,25.06864,121.5107,19
500103004,20231030,1334,23,3,1,25.06864,121.5107,19
500103004,20231030,1335,23,3,1,25.06864,121.5107,19
500103004,20231030,1336,23,3,1,25.06864,121.5107,19
500103004,20231030,1337,23,3,1,25.06864,121.5107,19
500103004,20231030,1338,23,3,1,25.06864,121.5107,19
500103004,20231030,1339,23,3,1,25.06864,121.5107,19
500103004,20231030,1341,23,3,1,25.06864,121.5107,19
500103004,20231030,1343,23,4,1,25.06864,121.5107,18
500103004,20231030,1344,23,4,1,25.06864,121.5107,18
500103004,20231030,1345,23,4,1,25.06864,121.5107,18
500103004,20231030,1346,23,4,1,25.06864,121.5107,18
500103004,20231030,1347,23,5,1,25.06864,121.5107,17
500103004,20231030,1348,23,5,1,25.06864,121.5107,17
500103004,20231030,1349,23,5,1,25.06864,121.5107,17
500103004,20231030,1351,23,5,1,25.06864,121.5107,17
500103004,20231030,1352,23,4,1,25.06864,121.5107,18
500103004,20231030,1353,23,4,1,25.06864,121.5107,18
500103004,20231030,1354,23,4,1,25.06864,121.5107,18
500103004,20231030,1355,23,4,1,25.06864,121.5107,18
500103004,20231030,1356,23,4,1,25.06864,121.5107,18
500103004,20231030,1357,23,4,1,25.06864,121.5107,18
500103004,20231030,1358,23,4,1,25.06864,121.5107,18
500103004,20231030,1359,23,4,1,25.06864,121.5107,18
500103004,20231030,1361,23,4,1,25.06864,121.5107,18
500103004,20231030,1362,23,4,1,25.06864,121.5107,18
500103004,20231030,1363,23,4,1,25.06864,121.5107,18
500103004,20231030,1364,23,4,1,25.06864,121.5107,18
500103004,20231030,1365,23,4,1,25.06864,121.5107,18
500103004,20231030,1366,23,4,1,25.06864,121.5107,18
500103004,20231030,1367,23,3,1,25.06864,121.5107,19
500103004,20231030,1368,23,3,1,25.06864,121.5107,19
500103004,20231030,1369,23,3,1,25.06864,121.5107,19
500103004,20231030,1371,23,3,1,25.06864,121.5107,19
500103004,20231030,1372,23,3,1,25.06864,121.5107,19
500103004,20231030,1373,23,3,1,25.06864,121.5107,19
500103004,20231030,1374,23,3,1,25.06864,121.5107,19
500103004,20231030,1375,23,3,1,25.06864,121.5107,19
500103004,20231030,1376,23,2,1,25.06864,121.5107,20
500103004,20231030,1377,23,2,1,25.06864,121.5107,20
500103004,20231030,1378,23,2,1,25.06864,121.5107,20
500103004,20231030,1379,23,2,1,25.06864,121.5107,20
500103004,20231030,1381,23,2,1,25.06864,121.5107,20
500103004,20231030,1382,23,2,1,25.06864,121.5107,20
500103004,20231030,1383,23,2,1,25.06864,121.5107,20
500103004,20231030,1384,23,2,1,25.06864,121.5107,20
500103004,20231030,1385,23,2,1,25.06864,121.5107,20
500103004,20231030,1386,23,2,1,25.06864,121.5107,20
500103004,20231030,1387,23,2,1,25.06864,121.5107,20
500103004,20231030,1388,23,2,1,25.06864,121.5107,20
500103004,20231030,1389,23,2,1,25.06864,121.5107,20
500103004,20231030,1391,23,3,1,25.06864,121.5107,19
500103004,20231030,1392,23,3,1,25.06864,121.5107,19
500103004,20231030,1393,23,3,1,25.06864,121.5107,19
500103004,20231030,1394,23,3,1,25.06864,121.5107,19
500103004,20231030,1395,23,3,1,25.06864,121.5107,19
500103004,20231030,1396,23,3,1,25.06864,121.5107,19
500103004,20231030,1397,23,2,1,25.06864,121.5107,20
500103004,20231030,1398,23,1,1,25.06864,121.5107,21
500103004,20231030,1399,23,0,1,25.06864,121.5107,22
500103004,20231030,1401,23,0,1,25.06864,121.5107,22
500103004,20231030,1402,23,0,1,25.06864,121.5107,22
500103004,20231030,1403,23,0,1,25.06864,121.5107,22
500103004,20231030,1404,23,0,1,25.06864,121.5107,22
500103004,20231030,1405,23,0,1,25.06864,121.5107,22
500103004,20231030,1406,23,0,1,25.06864,121.5107,22
500103004,20231030,1407,23,0,1,25.06864,121.5107,22
500103004,20231030,1408,23,0,1,25.06864,121.5107,22
500103004,20231030,1409,23,0,1,25.06864,121.5107,22
500103004,20231030,1411,23,0,1,25.06864,121.5107,22
500103004,20231030,1412,23,0,1,25.06864,121.5107,22
500103004,20231030,1413,23,0,1,25.06864,121.5107,22
500103004,20231030,1414,23,0,1,25.06864,121.5107,22
500103004,20231030,1415,23,0,1,25.06864,121.5107,22
500103004,20231030,1416,23,0,1,25.06864,121.5107,22
500103004,20231030,1417,23,0,1,25.06864,121.5107,22
500103004,20231030,1418,23,0,1,25.06864,121.5107,22
500103004,20231030,1419,23,0,1,25.06864,121.5107,22
500103004,20231030,1421,23,0,1,25.06864,121.5107,22
500103004,20231030,1422,23,0,1,25.06864,121.5107,22
500103004,20231030,1423,23,0,1,25.06864,121.5107,22
500103004,20231030,1424,23,0,1,25.06864,121.5107,22
500103004,20231030,1425,23,0,1,25.06864,121.5107,22
500103004,20231030,1426,23,0,1,25.06864,121.5107,22
500103004,20231030,1427,23,0,1,25.06864,121.5107,22
500103004,20231030,1428,23,0,1,25.06864,121.5107,22
500103004,20231030,1429,23,0,1,25.06864,121.5107,22
500103004,20231030,1431,23,0,1,25.06864,121.5107,22
500103004,20231030,1432,23,0,1,25.06864,121.5107,22
500103004,20231030,1433,23,0,1,25.06864,121.5107,22
500103004,20231030,1434,23,0,1,25.06864,121.5107,22
500103004,20231030,1435,23,0,1,25.06864,121.5107,22
500103004,20231030,1436,23,0,1,25.06864,121.5107,22
500103004,20231030,1437,23,0,1,25.06864,121.5107,22
500103004,20231030,1438,23,0,1,25.06864,121.5107,22
500103004,20231030,1439,23,0,1,25.06864,121.5107,22
500103004,20231031,1,23,0,1,25.06864,121.5107,22
500103004,20231031,2,23,0,1,25.06864,121.5107,22
500103004,20231031,3,23,0,1,25.06864,121.5107,22
500103004,20231031,4,23,0,1,25.06864,121.5107,22
500103004,20231031,5,23,0,1,25.06864,121.5107,22
500103004,20231031,6,23,0,1,25.06864,121.5107,22
500103004,20231031,7,23,0,1,25.06864,121.5107,22
500103004,20231031,8,23,0,1,25.06864,121.5107,22
500103004,20231031,9,23,0,1,25.06864,121.5107,22
500103004,20231031,10,23,0,1,25.06864,121.5107,22
500103004,20231031,11,23,0,1,25.06864,121.5107,22
500103004,20231031,12,23,0,1,25.06864,121.5107,22
500103004,20231031,13,23,0,1,25.06864,121.5107,22
500103004,20231031,14,23,0,1,25.06864,121.5107,22
500103004,20231031,15,23,0,1,25.06864,121.5107,22
500103004,20231031,16,23,0,1,25.06864,121.5107,22
500103004,20231031,17,23,0,1,25.06864,121.5107,22
500103004,20231031,18,23,0,1,25.06864,121.5107,22
500103004,20231031,19,23,0,1,25.06864,121.5107,22
500103004,20231031,21,23,0,1,25.06864,121.5107,22
500103004,20231031,22,23,0,1,25.06864,121.5107,22
500103004,20231031,23,23,0,1,25.06864,121.5107,22
500103004,20231031,24,23,0,1,25.06864,121.5107,22
500103004,20231031,25,23,0,1,25.06864,121.5107,22
500103004,20231031,26,23,0,1,25.06864,121.5107,22
500103004,20231031,27,23,0,1,25.06864,121.5107,22
500103004,20231031,28,23,0,1,25.06864,121.5107,22
500103004,20231031,29,23,0,1,25.06864,121.5107,22
500103004,20231031,30,23,0,1,25.06864,121.5107,22
500103004,20231031,31,23,0,1,25.06864,121.5107,22
500103004,20231031,32,23,0,1,25.06864,121.5107,22
500103004,20231031,33,23,0,1,25.06864,121.5107,22
500103004,20231031,34,23,0,1,25.06864,121.5107,22
500103004,20231031,35,23,0,1,25.06864,121.5107,22
500103004,20231031,36,23,0,1,25.06864,121.5107,22
500103004,20231031,37,23,0,1,25.06864,121.5107,22
500103004,20231031,38,23,0,1,25.06864,121.5107,22
500103004,20231031,39,23,0,1,25.06864,121.5107,22
500103004,20231031,40,23,0,1,25.06864,121.5107,22
500103004,20231031,41,23,0,1,25.06864,121.5107,22
500103004,20231031,42,23,0,1,25.06864,121.5107,22
500103004,20231031,43,23,0,1,25.06864,121.5107,22
500103004,20231031,44,23,0,1,25.06864,121.5107,22
500103004,20231031,45,23,0,1,25.06864,121.5107,22
500103004,20231031,46,23,0,1,25.06864,121.5107,22
500103004,20231031,47,23,0,1,25.06864,121.5107,22
500103004,20231031,48,23,0,1,25.06864,121.5107,22
500103004,20231031,49,23,0,1,25.06864,121.5107,22
500103004,20231031,50,23,0,1,25.06864,121.5107,22
500103004,20231031,51,23,0,1,25.06864,121.5107,22
500103004,20231031,52,23,0,1,25.06864,121.5107,22
500103004,20231031,53,23,0,1,25.06864,121.5107,22
500103004,20231031,54,23,0,1,25.06864,121.5107,22
500103004,20231031,55,23,0,1,25.06864,121.5107,22
500103004,20231031,56,23,0,1,25.06864,121.5107,22
500103004,20231031,57,23,0,1,25.06864,121.5107,22
500103004,20231031,58,23,0,1,25.06864,121.5107,22
500103004,20231031,59,23,0,1,25.06864,121.5107,22
500103004,20231031,60,23,0,1,25.06864,121.5107,22
500103004,20231031,61,23,0,1,25.06864,121.5107,22
500103004,20231031,62,23,0,1,25.06864,121.5107,22
500103004,20231031,63,23,0,1,25.06864,121.5107,22
500103004,20231031,64,23,0,1,25.06864,121.5107,22
500103004,20231031,65,23,0,1,25.06864,121.5107,22
500103004,20231031,66,23,0,1,25.06864,121.5107,22
500103004,20231031,67,23,0,1,25.06864,121.5107,22
500103004,20231031,68,23,0,1,25.06864,121.5107,22
500103004,20231031,69,23,0,1,25.06864,121.5107,22
500103004,20231031,70,23,0,1,25.06864,121.5107,22
500103004,20231031,71,23,0,1,25.06864,121.5107,22
500103004,20231031,72,23,0,1,25.06864,121.5107,22
500103004,20231031,73,23,0,1,25.06864,121.5107,22
500103004,20231031,74,23,0,1,25.06864,121.5107,22
500103004,20231031,75,23,0,1,25.06864,121.5107,22
500103004,20231031,76,23,0,1,25.06864,121.5107,22
500103004,20231031,77,23,0,1,25.06864,121.5107,22
500103004,20231031,78,23,0,1,25.06864,121.5107,22
500103004,20231031,79,23,0,1,25.06864,121.5107,22
500103004,20231031,81,23,0,1,25.06864,121.5107,22
500103004,20231031,82,23,0,1,25.06864,121.5107,22
500103004,20231031,83,23,0,1,25.06864,121.5107,22
500103004,20231031,84,23,0,1,25.06864,121.5107,22
500103004,20231031,85,23,0,1,25.06864,121.5107,22
500103004,20231031,86,23,0,1,25.06864,121.5107,22
500103004,20231031,87,23,3,1,25.06864,121.5107,19
500103004,20231031,88,23,3,1,25.06864,121.5107,19
500103004,20231031,89,23,3,1,25.06864,121.5107,19
500103004,20231031,90,23,3,1,25.06864,121.5107,19
500103004,20231031,91,23,3,1,25.06864,121.5107,19
500103004,20231031,92,23,3,1,25.06864,121.5107,19
500103004,20231031,93,23,3,1,25.06864,121.5107,19
500103004,20231031,94,23,3,1,25.06864,121.5107,19
500103004,20231031,95,23,3,1,25.06864,121.5107,19
500103004,20231031,96,23,3,1,25.06864,121.5107,19
500103004,20231031,97,23,3,1,25.06864,121.5107,19
500103004,20231031,98,23,3,1,25.06864,121.5107,19
500103004,20231031,99,23,3,1,25.06864,121.5107,19
500103004,20231031,100,23,2,1,25.06864,121.5107,20
500103004,20231031,101,23,2,1,25.06864,121.5107,20
500103004,20231031,102,23,2,1,25.06864,121.5107,20
500103004,20231031,103,23,2,1,25.06864,121.5107,20
500103004,20231031,104,23,2,1,25.06864,121.5107,20
500103004,20231031,105,23,2,1,25.06864,121.5107,20
500103004,20231031,106,23,2,1,25.06864,121.5107,20
500103004,20231031,107,23,2,1,25.06864,121.5107,20
500103004,20231031,108,23,2,1,25.06864,121.5107,20
500103004,20231031,109,23,2,1,25.06864,121.5107,20
500103004,20231031,110,23,2,1,25.06864,121.5107,20
500103004,20231031,111,23,2,1,25.06864,121.5107,20
500103004,20231031,112,23,2,1,25.06864,121.5107,20
500103004,20231031,113,23,2,1,25.06864,121.5107,20
500103004,20231031,114,23,2,1,25.06864,121.5107,20
500103004,20231031,115,23,2,1,25.06864,121.5107,20
500103004,20231031,116,23,2,1,25.06864,121.5107,20
500103004,20231031,117,23,2,1,25.06864,121.5107,20
500103004,20231031,118,23,2,1,25.06864,121.5107,20
500103004,20231031,119,23,2,1,25.06864,121.5107,20
500103004,20231031,121,23,2,1,25.06864,121.5107,20
500103004,20231031,122,23,2,1,25.06864,121.5107,20
500103004,20231031,123,23,2,1,25.06864,121.5107,20
500103004,20231031,124,23,2,1,25.06864,121.5107,20
500103004,20231031,125,23,2,1,25.06864,121.5107,20
500103004,20231031,126,23,2,1,25.06864,121.5107,20
500103004,20231031,127,23,2,1,25.06864,121.5107,20
500103004,20231031,128,23,2,1,25.06864,121.5107,20
500103004,20231031,129,23,2,1,25.06864,121.5107,20
500103004,20231031,131,23,2,1,25.06864,121.5107,20
500103004,20231031,132,23,2,1,25.06864,121.5107,20
500103004,20231031,133,23,2,1,25.06864,121.5107,20
500103004,20231031,134,23,2,1,25.06864,121.5107,20
500103004,20231031,135,23,2,1,25.06864,121.5107,20
500103004,20231031,136,23,2,1,25.06864,121.5107,20
500103004,20231031,137,23,2,1,25.06864,121.5107,20
500103004,20231031,138,23,2,1,25.06864,121.5107,20
500103004,20231031,139,23,2,1,25.06864,121.5107,20
500103004,20231031,141,23,2,1,25.06864,121.5107,20
500103004,20231031,142,23,1,1,25.06864,121.5107,21
500103004,20231031,143,23,1,1,25.06864,121.5107,21
500103004,20231031,144,23,1,1,25.06864,121.5107,21
500103004,20231031,145,23,1,1,25.06864,121.5107,21
500103004,20231031,146,23,1,1,25.06864,121.5107,21
500103004,20231031,147,23,1,1,25.06864,121.5107,21
500103004,20231031,148,23,1,1,25.06864,121.5107,21
500103004,20231031,149,23,1,1,25.06864,121.5107,21
500103004,20231031,151,23,1,1,25.06864,121.5107,21
500103004,20231031,152,23,1,1,25.06864,121.5107,21
500103004,20231031,153,23,1,1,25.06864,121.5107,21
500103004,20231031,154,23,1,1,25.06864,121.5107,21
500103004,20231031,155,23,1,1,25.06864,121.5107,21
500103004,20231031,156,23,1,1,25.06864,121.5107,21
500103004,20231031,157,23,1,1,25.06864,121.5107,21
500103004,20231031,158,23,1,1,25.06864,121.5107,21
500103004,20231031,159,23,1,1,25.06864,121.5107,21
500103004,20231031,161,23,1,1,25.06864,121.5107,21
500103004,20231031,162,23,1,1,25.06864,121.5107,21
500103004,20231031,163,23,1,1,25.06864,121.5107,21
500103004,20231031,164,23,1,1,25.06864,121.5107,21
500103004,20231031,165,23,1,1,25.06864,121.5107,21
500103004,20231031,166,23,1,1,25.06864,121.5107,21
500103004,20231031,167,23,1,1,25.06864,121.5107,21
500103004,20231031,168,23,1,1,25.06864,121.5107,21
500103004,20231031,169,23,1,1,25.06864,121.5107,21
500103004,20231031,171,23,1,1,25.06864,121.5107,21
500103004,20231031,172,23,1,1,25.06864,121.5107,21
500103004,20231031,173,23,1,1,25.06864,121.5107,21
500103004,20231031,174,23,1,1,25.06864,121.5107,21
500103004,20231031,175,23,1,1,25.06864,121.5107,21
500103004,20231031,176,23,1,1,25.06864,121.5107,21
500103004,20231031,177,23,1,1,25.06864,121.5107,21
500103004,20231031,178,23,1,1,25.06864,121.5107,21
500103004,20231031,179,23,1,1,25.06864,121.5107,21
500103004,20231031,181,23,1,1,25.06864,121.5107,21
500103004,20231031,182,23,1,1,25.06864,121.5107,21
500103004,20231031,183,23,1,1,25.06864,121.5107,21
500103004,20231031,184,23,1,1,25.06864,121.5107,21
500103004,20231031,185,23,1,1,25.06864,121.5107,21
500103004,20231031,186,23,1,1,25.06864,121.5107,21
500103004,20231031,187,23,1,1,25.06864,121.5107,21
500103004,20231031,188,23,1,1,25.06864,121.5107,21
500103004,20231031,189,23,1,1,25.06864,121.5107,21
500103004,20231031,191,23,1,1,25.06864,121.5107,21
500103004,20231031,192,23,1,1,25.06864,121.5107,21
500103004,20231031,193,23,1,1,25.06864,121.5107,21
500103004,20231031,194,23,1,1,25.06864,121.5107,21
500103004,20231031,195,23,1,1,25.06864,121.5107,21
500103004,20231031,196,23,1,1,25.06864,121.5107,21
500103004,20231031,197,23,1,1,25.06864,121.5107,21
500103004,20231031,198,23,1,1,25.06864,121.5107,21
500103004,20231031,199,23,1,1,25.06864,121.5107,21
500103004,20231031,201,23,1,1,25.06864,121.5107,21
500103004,20231031,202,23,1,1,25.06864,121.5107,21
500103004,20231031,203,23,1,1,25.06864,121.5107,21
500103004,20231031,204,23,1,1,25.06864,121.5107,21
500103004,20231031,205,23,1,1,25.06864,121.5107,21
500103004,20231031,206,23,1,1,25.06864,121.5107,21
500103004,20231031,207,23,1,1,25.06864,121.5107,21
500103004,20231031,208,23,1,1,25.06864,121.5107,21
500103004,20231031,209,23,1,1,25.06864,121.5107,21
500103004,20231031,211,23,1,1,25.06864,121.5107,21
500103004,20231031,212,23,1,1,25.06864,121.5107,21
500103004,20231031,213,23,1,1,25.06864,121.5107,21
500103004,20231031,214,23,2,1,25.06864,121.5107,20
500103004,20231031,215,23,2,1,25.06864,121.5107,20
500103004,20231031,216,23,2,1,25.06864,121.5107,20
500103004,20231031,217,23,2,1,25.06864,121.5107,20
500103004,20231031,218,23,2,1,25.06864,121.5107,20
500103004,20231031,219,23,2,1,25.06864,121.5107,20
500103004,20231031,221,23,2,1,25.06864,121.5107,20
500103004,20231031,222,23,2,1,25.06864,121.5107,20
500103004,20231031,223,23,2,1,25.06864,121.5107,20
500103004,20231031,224,23,2,1,25.06864,121.5107,20
500103004,20231031,225,23,2,1,25.06864,121.5107,20
500103004,20231031,226,23,2,1,25.06864,121.5107,20
500103004,20231031,227,23,2,1,25.06864,121.5107,20
500103004,20231031,228,23,2,1,25.06864,121.5107,20
500103004,20231031,229,23,2,1,25.06864,121.5107,20
500103004,20231031,231,23,2,1,25.06864,121.5107,20
500103004,20231031,232,23,2,1,25.06864,121.5107,20
500103004,20231031,233,23,2,1,25.06864,121.5107,20
500103004,20231031,234,23,2,1,25.06864,121.5107,20
500103004,20231031,235,23,2,1,25.06864,121.5107,20
500103004,20231031,236,23,2,1,25.06864,121.5107,20
500103004,20231031,237,23,2,1,25.06864,121.5107,20
500103004,20231031,238,23,2,1,25.06864,121.5107,20
500103004,20231031,239,23,2,1,25.06864,121.5107,20
500103004,20231031,240,23,2,1,25.06864,121.5107,20
500103004,20231031,241,23,2,1,25.06864,121.5107,20
500103004,20231031,242,23,2,1,25.06864,121.5107,20
500103004,20231031,243,23,2,1,25.06864,121.5107,20
500103004,20231031,244,23,2,1,25.06864,121.5107,20
500103004,20231031,245,23,2,1,25.06864,121.5107,20
500103004,20231031,246,23,2,1,25.06864,121.5107,20
500103004,20231031,247,23,2,1,25.06864,121.5107,20
500103004,20231031,248,23,2,1,25.06864,121.5107,20
500103004,20231031,249,23,2,1,25.06864,121.5107,20
500103004,20231031,250,23,2,1,25.06864,121.5107,20
500103004,20231031,251,23,2,1,25.06864,121.5107,20
500103004,20231031,252,23,2,1,25.06864,121.5107,20
500103004,20231031,253,23,2,1,25.06864,121.5107,20
500103004,20231031,254,23,2,1,25.06864,121.5107,20
500103004,20231031,255,23,2,1,25.06864,121.5107,20
500103004,20231031,256,23,2,1,25.06864,121.5107,20
500103004,20231031,257,23,2,1,25.06864,121.5107,20
500103004,20231031,258,23,2,1,25.06864,121.5107,20
500103004,20231031,259,23,2,1,25.06864,121.5107,20
500103004,20231031,261,23,2,1,25.06864,121.5107,20
500103004,20231031,262,23,2,1,25.06864,121.5107,20
500103004,20231031,263,23,2,1,25.06864,121.5107,20
500103004,20231031,264,23,2,1,25.06864,121.5107,20
500103004,20231031,265,23,3,1,25.06864,121.5107,19
500103004,20231031,266,23,3,1,25.06864,121.5107,19
500103004,20231031,267,23,3,1,25.06864,121.5107,19
500103004,20231031,268,23,3,1,25.06864,121.5107,19
500103004,20231031,269,23,3,1,25.06864,121.5107,19
500103004,20231031,270,23,3,1,25.06864,121.5107,19
500103004,20231031,271,23,3,1,25.06864,121.5107,19
500103004,20231031,272,23,3,1,25.06864,121.5107,19
500103004,20231031,273,23,3,1,25.06864,121.5107,19
500103004,20231031,274,23,3,1,25.06864,121.5107,19
500103004,20231031,275,23,3,1,25.06864,121.5107,19
500103004,20231031,276,23,3,1,25.06864,121.5107,19
500103004,20231031,277,23,3,1,25.06864,121.5107,19
500103004,20231031,278,23,3,1,25.06864,121.5107,19
500103004,20231031,279,23,3,1,25.06864,121.5107,19
500103004,20231031,280,23,3,1,25.06864,121.5107,19
500103004,20231031,281,23,3,1,25.06864,121.5107,19
500103004,20231031,282,23,3,1,25.06864,121.5107,19
500103004,20231031,283,23,3,1,25.06864,121.5107,19
500103004,20231031,284,23,3,1,25.06864,121.5107,19
500103004,20231031,285,23,3,1,25.06864,121.5107,19
500103004,20231031,286,23,3,1,25.06864,121.5107,19
500103004,20231031,287,23,3,1,25.06864,121.5107,19
500103004,20231031,288,23,3,1,25.06864,121.5107,19
500103004,20231031,289,23,3,1,25.06864,121.5107,19
500103004,20231031,290,23,2,1,25.06864,121.5107,20
500103004,20231031,291,23,2,1,25.06864,121.5107,20
500103004,20231031,292,23,2,1,25.06864,121.5107,20
500103004,20231031,293,23,2,1,25.06864,121.5107,20
500103004,20231031,294,23,2,1,25.06864,121.5107,20
500103004,20231031,295,23,2,1,25.06864,121.5107,20
500103004,20231031,296,23,2,1,25.06864,121.5107,20
500103004,20231031,297,23,2,1,25.06864,121.5107,20
500103004,20231031,298,23,2,1,25.06864,121.5107,20
500103004,20231031,299,23,2,1,25.06864,121.5107,20
500103004,20231031,300,23,2,1,25.06864,121.5107,20
500103004,20231031,301,23,1,1,25.06864,121.5107,21
500103004,20231031,302,23,1,1,25.06864,121.5107,21
500103004,20231031,303,23,1,1,25.06864,121.5107,21
500103004,20231031,304,23,1,1,25.06864,121.5107,21
500103004,20231031,305,23,1,1,25.06864,121.5107,21
500103004,20231031,306,23,1,1,25.06864,121.5107,21
500103004,20231031,307,23,1,1,25.06864,121.5107,21
500103004,20231031,308,23,1,1,25.06864,121.5107,21
500103004,20231031,309,23,1,1,25.06864,121.5107,21
500103004,20231031,310,23,1,1,25.06864,121.5107,21
500103004,20231031,311,23,1,1,25.06864,121.5107,21
500103004,20231031,312,23,1,1,25.06864,121.5107,21
500103004,20231031,313,23,1,1,25.06864,121.5107,21
500103004,20231031,314,23,1,1,25.06864,121.5107,21
500103004,20231031,315,23,1,1,25.06864,121.5107,21
500103004,20231031,316,23,1,1,25.06864,121.5107,21
500103004,20231031,317,23,1,1,25.06864,121.5107,21
500103004,20231031,318,23,1,1,25.06864,121.5107,21
500103004,20231031,319,23,1,1,25.06864,121.5107,21
500103004,20231031,321,23,1,1,25.06864,121.5107,21
500103004,20231031,322,23,1,1,25.06864,121.5107,21
500103004,20231031,323,23,1,1,25.06864,121.5107,21
500103004,20231031,324,23,1,1,25.06864,121.5107,21
500103004,20231031,325,23,1,1,25.06864,121.5107,21
500103004,20231031,326,23,1,1,25.06864,121.5107,21
500103004,20231031,327,23,1,1,25.06864,121.5107,21
500103004,20231031,328,23,1,1,25.06864,121.5107,21
500103004,20231031,329,23,1,1,25.06864,121.5107,21
500103004,20231031,330,23,1,1,25.06864,121.5107,21
500103004,20231031,331,23,1,1,25.06864,121.5107,21
500103004,20231031,332,23,1,1,25.06864,121.5107,21
500103004,20231031,333,23,1,1,25.06864,121.5107,21
500103004,20231031,334,23,1,1,25.06864,121.5107,21
500103004,20231031,335,23,1,1,25.06864,121.5107,21
500103004,20231031,336,23,1,1,25.06864,121.5107,21
500103004,20231031,337,23,1,1,25.06864,121.5107,21
500103004,20231031,338,23,1,1,25.06864,121.5107,21
500103004,20231031,339,23,1,1,25.06864,121.5107,21
500103004,20231031,340,23,1,1,25.06864,121.5107,21
500103004,20231031,341,23,1,1,25.06864,121.5107,21
500103004,20231031,342,23,1,1,25.06864,121.5107,21
500103004,20231031,343,23,1,1,25.06864,121.5107,21
500103004,20231031,344,23,1,1,25.06864,121.5107,21
500103004,20231031,345,23,1,1,25.06864,121.5107,21
500103004,20231031,346,23,1,1,25.06864,121.5107,21
500103004,20231031,347,23,1,1,25.06864,121.5107,21
500103004,20231031,348,23,1,1,25.06864,121.5107,21
500103004,20231031,349,23,1,1,25.06864,121.5107,21
500103004,20231031,350,23,1,1,25.06864,121.5107,21
500103004,20231031,351,23,1,1,25.06864,121.5107,21
500103004,20231031,352,23,1,1,25.06864,121.5107,21
500103004,20231031,353,23,1,1,25.06864,121.5107,21
500103004,20231031,354,23,1,1,25.06864,121.5107,21
500103004,20231031,355,23,1,1,25.06864,121.5107,21
500103004,20231031,356,23,2,1,25.06864,121.5107,20
500103004,20231031,357,23,2,1,25.06864,121.5107,20
500103004,20231031,358,23,2,1,25.06864,121.5107,20
500103004,20231031,359,23,2,1,25.06864,121.5107,20
500103004,20231031,360,23,2,1,25.06864,121.5107,20
500103004,20231031,361,23,2,1,25.06864,121.5107,20
500103004,20231031,362,23,2,1,25.06864,121.5107,20
500103004,20231031,363,23,2,1,25.06864,121.5107,20
500103004,20231031,364,23,2,1,25.06864,121.5107,20
500103004,20231031,365,23,2,1,25.06864,121.5107,20
500103004,20231031,366,23,2,1,25.06864,121.5107,20
500103004,20231031,367,23,2,1,25.06864,121.5107,20
500103004,20231031,368,23,1,1,25.06864,121.5107,21
500103004,20231031,369,23,1,1,25.06864,121.5107,21
500103004,20231031,370,23,1,1,25.06864,121.5107,21
500103004,20231031,371,23,1,1,25.06864,121.5107,21
500103004,20231031,372,23,2,1,25.06864,121.5107,20
500103004,20231031,373,23,2,1,25.06864,121.5107,20
500103004,20231031,374,23,2,1,25.06864,121.5107,20
500103004,20231031,375,23,1,1,25.06864,121.5107,21
500103004,20231031,376,23,1,1,25.06864,121.5107,21
500103004,20231031,377,23,1,1,25.06864,121.5107,21
500103004,20231031,378,23,1,1,25.06864,121.5107,21
500103004,20231031,379,23,1,1,25.06864,121.5107,21
500103004,20231031,381,23,2,1,25.06864,121.5107,20
500103004,20231031,382,23,2,1,25.06864,121.5107,20
500103004,20231031,383,23,2,1,25.06864,121.5107,20
500103004,20231031,384,23,2,1,25.06864,121.5107,20
500103004,20231031,385,23,2,1,25.06864,121.5107,20
500103004,20231031,386,23,2,1,25.06864,121.5107,20
500103004,20231031,387,23,2,1,25.06864,121.5107,20
500103004,20231031,389,23,2,1,25.06864,121.5107,20
500103004,20231031,391,23,2,1,25.06864,121.5107,20
500103004,20231031,392,23,3,1,25.06864,121.5107,19
500103004,20231031,393,23,3,1,25.06864,121.5107,19
500103004,20231031,394,23,3,1,25.06864,121.5107,19
500103004,20231031,395,23,3,1,25.06864,121.5107,19
500103004,20231031,396,23,3,1,25.06864,121.5107,19
500103004,20231031,397,23,3,1,25.06864,121.5107,19
500103004,20231031,398,23,4,1,25.06864,121.5107,18
500103004,20231031,399,23,4,1,25.06864,121.5107,18
500103004,20231031,401,23,5,1,25.06864,121.5107,17
500103004,20231031,402,23,5,1,25.06864,121.5107,17
500103004,20231031,403,23,5,1,25.06864,121.5107,17
500103004,20231031,404,23,5,1,25.06864,121.5107,17
500103004,20231031,405,23,6,1,25.06864,121.5107,16
500103004,20231031,406,23,6,1,25.06864,121.5107,16
500103004,20231031,407,23,6,1,25.06864,121.5107,16
500103004,20231031,408,23,6,1,25.06864,121.5107,16
500103004,20231031,409,23,6,1,25.06864,121.5107,16
500103004,20231031,411,23,6,1,25.06864,121.5107,16
500103004,20231031,412,23,6,1,25.06864,121.5107,16
500103004,20231031,413,23,8,1,25.06864,121.5107,14
500103004,20231031,414,23,8,1,25.06864,121.5107,14
500103004,20231031,415,23,8,1,25.06864,121.5107,14
500103004,20231031,416,23,9,1,25.06864,121.5107,13
500103004,20231031,417,23,9,1,25.06864,121.5107,13
500103004,20231031,418,23,10,1,25.06864,121.5107,12
500103004,20231031,419,23,10,1,25.06864,121.5107,12
500103004,20231031,421,23,10,1,25.06864,121.5107,12
500103004,20231031,422,23,10,1,25.06864,121.5107,12
500103004,20231031,423,23,10,1,25.06864,121.5107,12
500103004,20231031,424,23,10,1,25.06864,121.5107,12
500103004,20231031,425,23,10,1,25.06864,121.5107,12
500103004,20231031,426,23,12,1,25.06864,121.5107,10
500103004,20231031,427,23,13,1,25.06864,121.5107,9
500103004,20231031,428,23,13,1,25.06864,121.5107,9
500103004,20231031,429,23,13,1,25.06864,121.5107,9
500103004,20231031,431,23,13,1,25.06864,121.5107,9
500103004,20231031,432,23,13,1,25.06864,121.5107,9
500103004,20231031,433,23,13,1,25.06864,121.5107,9
500103004,20231031,434,23,13,1,25.06864,121.5107,9
500103004,20231031,435,23,13,1,25.06864,121.5107,9
500103004,20231031,436,23,13,1,25.06864,121.5107,9
500103004,20231031,437,23,14,1,25.06864,121.5107,8
500103004,20231031,438,23,14,1,25.06864,121.5107,8
500103004,20231031,439,23,15,1,25.06864,121.5107,7
500103004,20231031,441,23,15,1,25.06864,121.5107,7
500103004,20231031,442,23,16,1,25.06864,121.5107,6
500103004,20231031,443,23,16,1,25.06864,121.5107,6
500103004,20231031,444,23,16,1,25.06864,121.5107,6
500103004,20231031,445,23,17,1,25.06864,121.5107,5
500103004,20231031,446,23,19,1,25.06864,121.5107,3
500103004,20231031,447,23,20,1,25.06864,121.5107,2
500103004,20231031,448,23,19,1,25.06864,121.5107,3
500103004,20231031,449,23,19,1,25.06864,121.5107,3
500103004,20231031,451,23,20,1,25.06864,121.5107,2
500103004,20231031,452,23,20,1,25.06864,121.5107,2
500103004,20231031,453,23,20,1,25.06864,121.5107,2
500103004,20231031,454,23,20,1,25.06864,121.5107,2
500103004,20231031,455,23,20,1,25.06864,121.5107,2
500103004,20231031,456,23,21,1,25.06864,121.5107,1
500103004,20231031,457,23,21,1,25.06864,121.5107,1
500103004,20231031,458,23,22,1,25.06864,121.5107,0
500103004,20231031,459,23,22,1,25.06864,121.5107,0
500103004,20231031,461,23,22,1,25.06864,121.5107,0
500103004,20231031,462,23,22,1,25.06864,121.5107,0
500103004,20231031,463,23,22,1,25.06864,121.5107,0
500103004,20231031,464,23,22,1,25.06864,121.5107,0
500103004,20231031,465,23,22,1,25.06864,121.5107,0
500103004,20231031,466,23,22,1,25.06864,121.5107,0
500103004,20231031,467,23,22,1,25.06864,121.5107,0
500103004,20231031,468,23,22,1,25.06864,121.5107,0
500103004,20231031,469,23,22,1,25.06864,121.5107,0
500103004,20231031,471,23,22,1,25.06864,121.5107,0
500103004,20231031,472,23,22,1,25.06864,121.5107,0
500103004,20231031,473,23,22,1,25.06864,121.5107,0
500103004,20231031,474,23,22,1,25.06864,121.5107,0
500103004,20231031,475,23,22,1,25.06864,121.5107,0
500103004,20231031,476,23,22,1,25.06864,121.5107,0
500103004,20231031,477,23,22,1,25.06864,121.5107,0
500103004,20231031,478,23,22,1,25.06864,121.5107,0
500103004,20231031,479,23,22,1,25.06864,121.5107,0
500103004,20231031,481,23,22,1,25.06864,121.5107,0
500103004,20231031,482,23,22,1,25.06864,121.5107,0
500103004,20231031,483,23,22,1,25.06864,121.5107,0
500103004,20231031,484,23,22,1,25.06864,121.5107,0
500103004,20231031,485,23,22,1,25.06864,121.5107,0
500103004,20231031,486,23,21,1,25.06864,121.5107,1
500103004,20231031,487,23,21,1,25.06864,121.5107,1
500103004,20231031,488,23,21,1,25.06864,121.5107,1
500103004,20231031,489,23,21,1,25.06864,121.5107,1
500103004,20231031,491,23,20,1,25.06864,121.5107,2
500103004,20231031,492,23,20,1,25.06864,121.5107,2
500103004,20231031,493,23,19,1,25.06864,121.5107,3
500103004,20231031,494,23,14,1,25.06864,121.5107,8
500103004,20231031,495,23,10,1,25.06864,121.5107,12
500103004,20231031,496,23,9,1,25.06864,121.5107,13
500103004,20231031,497,23,5,1,25.06864,121.5107,17
500103004,20231031,498,23,3,1,25.06864,121.5107,19
500103004,20231031,499,23,3,1,25.06864,121.5107,19
500103004,20231031,501,23,3,1,25.06864,121.5107,19
500103004,20231031,502,23,4,1,25.06864,121.5107,18
500103004,20231031,503,23,3,1,25.06864,121.5107,19
500103004,20231031,504,23,5,1,25.06864,121.5107,17
500103004,20231031,505,23,6,1,25.06864,121.5107,16
500103004,20231031,506,23,7,1,25.06864,121.5107,15
500103004,20231031,507,23,7,1,25.06864,121.5107,15
500103004,20231031,508,23,8,1,25.06864,121.5107,14
500103004,20231031,509,23,9,1,25.06864,121.5107,13
500103004,20231031,511,23,10,1,25.06864,121.5107,12
500103004,20231031,512,23,11,1,25.06864,121.5107,11
500103004,20231031,513,23,11,1,25.06864,121.5107,11
500103004,20231031,514,23,12,1,25.06864,121.5107,10
500103004,20231031,515,23,12,1,25.06864,121.5107,10
500103004,20231031,516,23,12,1,25.06864,121.5107,10
500103004,20231031,517,23,11,1,25.06864,121.5107,11
500103004,20231031,518,23,11,1,25.06864,121.5107,11
500103004,20231031,519,23,10,1,25.06864,121.5107,12
500103004,20231031,521,23,10,1,25.06864,121.5107,12
500103004,20231031,522,23,10,1,25.06864,121.5107,12
500103004,20231031,523,23,10,1,25.06864,121.5107,12
500103004,20231031,524,23,10,1,25.06864,121.5107,12
500103004,20231031,525,23,10,1,25.06864,121.5107,12
500103004,20231031,526,23,10,1,25.06864,121.5107,12
500103004,20231031,527,23,11,1,25.06864,121.5107,11
500103004,20231031,528,23,10,1,25.06864,121.5107,12
500103004,20231031,529,23,10,1,25.06864,121.5107,12
500103004,20231031,531,23,11,1,25.06864,121.5107,11
500103004,20231031,532,23,12,1,25.06864,121.5107,10
500103004,20231031,533,23,12,1,25.06864,121.5107,10
500103004,20231031,534,23,12,1,25.06864,121.5107,10
500103004,20231031,535,23,12,1,25.06864,121.5107,10
500103004,20231031,536,23,11,1,25.06864,121.5107,11
500103004,20231031,537,23,13,1,25.06864,121.5107,9
500103004,20231031,538,23,13,1,25.06864,121.5107,9
500103004,20231031,539,23,13,1,25.06864,121.5107,9
500103004,20231031,541,23,13,1,25.06864,121.5107,9
500103004,20231031,542,23,13,1,25.06864,121.5107,9
500103004,20231031,543,23,13,1,25.06864,121.5107,9
500103004,20231031,544,23,13,1,25.06864,121.5107,9
500103004,20231031,545,23,13,1,25.06864,121.5107,9
500103004,20231031,546,23,13,1,25.06864,121.5107,9
500103004,20231031,547,23,13,1,25.06864,121.5107,9
500103004,20231031,548,23,13,1,25.06864,121.5107,9
500103004,20231031,549,23,13,1,25.06864,121.5107,9
500103004,20231031,551,23,14,1,25.06864,121.5107,8
500103004,20231031,552,23,14,1,25.06864,121.5107,8
500103004,20231031,553,23,14,1,25.06864,121.5107,8
500103004,20231031,554,23,14,1,25.06864,121.5107,8
500103004,20231031,555,23,14,1,25.06864,121.5107,8
500103004,20231031,556,23,14,1,25.06864,121.5107,8
500103004,20231031,557,23,14,1,25.06864,121.5107,8
500103004,20231031,558,23,14,1,25.06864,121.5107,8
500103004,20231031,559,23,15,1,25.06864,121.5107,7
500103004,20231031,561,23,14,1,25.06864,121.5107,8
500103004,20231031,562,23,15,1,25.06864,121.5107,7
500103004,20231031,563,23,15,1,25.06864,121.5107,7
500103004,20231031,564,23,14,1,25.06864,121.5107,8
500103004,20231031,565,23,14,1,25.06864,121.5107,8
500103004,20231031,566,23,15,1,25.06864,121.5107,7
500103004,20231031,567,23,15,1,25.06864,121.5107,7
500103004,20231031,568,23,11,1,25.06864,121.5107,11
500103004,20231031,569,23,10,1,25.06864,121.5107,12
500103004,20231031,571,23,11,1,25.06864,121.5107,11
500103004,20231031,572,23,11,1,25.06864,121.5107,11
500103004,20231031,573,23,11,1,25.06864,121.5107,11
500103004,20231031,574,23,11,1,25.06864,121.5107,11
500103004,20231031,575,23,11,1,25.06864,121.5107,11
500103004,20231031,576,23,11,1,25.06864,121.5107,11
500103004,20231031,577,23,11,1,25.06864,121.5107,11
500103004,20231031,578,23,11,1,25.06864,121.5107,11
500103004,20231031,579,23,11,1,25.06864,121.5107,11
500103004,20231031,581,23,11,1,25.06864,121.5107,11
500103004,20231031,582,23,11,1,25.06864,121.5107,11
500103004,20231031,583,23,11,1,25.06864,121.5107,11
500103004,20231031,584,23,12,1,25.06864,121.5107,10
500103004,20231031,585,23,12,1,25.06864,121.5107,10
500103004,20231031,586,23,11,1,25.06864,121.5107,11
500103004,20231031,587,23,12,1,25.06864,121.5107,10
500103004,20231031,588,23,12,1,25.06864,121.5107,10
500103004,20231031,589,23,13,1,25.06864,121.5107,9
500103004,20231031,591,23,13,1,25.06864,121.5107,9
500103004,20231031,593,23,14,1,25.06864,121.5107,8
500103004,20231031,594,23,14,1,25.06864,121.5107,8
500103004,20231031,595,23,14,1,25.06864,121.5107,8
500103004,20231031,597,23,14,1,25.06864,121.5107,8
500103004,20231031,598,23,14,1,25.06864,121.5107,8
500103004,20231031,599,23,14,1,25.06864,121.5107,8
500103004,20231031,601,23,14,1,25.06864,121.5107,8
500103004,20231031,602,23,14,1,25.06864,121.5107,8
500103004,20231031,603,23,14,1,25.06864,121.5107,8
500103004,20231031,604,23,14,1,25.06864,121.5107,8
500103004,20231031,605,23,14,1,25.06864,121.5107,8
500103004,20231031,606,23,14,1,25.06864,121.5107,8
500103004,20231031,607,23,15,1,25.06864,121.5107,7
500103004,20231031,608,23,16,1,25.06864,121.5107,6
500103004,20231031,609,23,16,1,25.06864,121.5107,6
500103004,20231031,610,23,16,1,25.06864,121.5107,6
500103004,20231031,611,23,16,1,25.06864,121.5107,6
500103004,20231031,612,23,16,1,25.06864,121.5107,6
500103004,20231031,613,23,17,1,25.06864,121.5107,5
500103004,20231031,614,23,17,1,25.06864,121.5107,5
500103004,20231031,615,23,17,1,25.06864,121.5107,5
500103004,20231031,616,23,17,1,25.06864,121.5107,5
500103004,20231031,617,23,16,1,25.06864,121.5107,6
500103004,20231031,618,23,15,1,25.06864,121.5107,7
500103004,20231031,619,23,15,1,25.06864,121.5107,7
500103004,20231031,621,23,15,1,25.06864,121.5107,7
500103004,20231031,622,23,15,1,25.06864,121.5107,7
500103004,20231031,623,23,15,1,25.06864,121.5107,7
500103004,20231031,624,23,15,1,25.06864,121.5107,7
500103004,20231031,625,23,15,1,25.06864,121.5107,7
500103004,20231031,626,23,15,1,25.06864,121.5107,7
500103004,20231031,627,23,15,1,25.06864,121.5107,7
500103004,20231031,628,23,15,1,25.06864,121.5107,7
500103004,20231031,629,23,15,1,25.06864,121.5107,7
500103004,20231031,630,23,15,1,25.06864,121.5107,7
500103004,20231031,631,23,15,1,25.06864,121.5107,7
500103004,20231031,632,23,15,1,25.06864,121.5107,7
500103004,20231031,633,23,15,1,25.06864,121.5107,7
500103004,20231031,634,23,15,1,25.06864,121.5107,7
500103004,20231031,635,23,15,1,25.06864,121.5107,7
500103004,20231031,636,23,14,1,25.06864,121.5107,8
500103004,20231031,637,23,14,1,25.06864,121.5107,8
500103004,20231031,638,23,14,1,25.06864,121.5107,8
500103004,20231031,639,23,14,1,25.06864,121.5107,8
500103004,20231031,640,23,14,1,25.06864,121.5107,8
500103004,20231031,641,23,14,1,25.06864,121.5107,8
500103004,20231031,642,23,14,1,25.06864,121.5107,8
500103004,20231031,643,23,14,1,25.06864,121.5107,8
500103004,20231031,644,23,14,1,25.06864,121.5107,8
500103004,20231031,645,23,12,1,25.06864,121.5107,10
500103004,20231031,646,23,12,1,25.06864,121.5107,10
500103004,20231031,647,23,12,1,25.06864,121.5107,10
500103004,20231031,648,23,12,1,25.06864,121.5107,10
500103004,20231031,649,23,12,1,25.06864,121.5107,10
500103004,20231031,650,23,12,1,25.06864,121.5107,10
500103004,20231031,651,23,13,1,25.06864,121.5107,9
500103004,20231031,652,23,13,1,25.06864,121.5107,9
500103004,20231031,653,23,14,1,25.06864,121.5107,8
500103004,20231031,654,23,14,1,25.06864,121.5107,8
500103004,20231031,655,23,14,1,25.06864,121.5107,8
500103004,20231031,656,23,15,1,25.06864,121.5107,7
500103004,20231031,657,23,15,1,25.06864,121.5107,7
500103004,20231031,658,23,15,1,25.06864,121.5107,7
500103004,20231031,659,23,15,1,25.06864,121.5107,7
500103004,20231031,661,23,15,1,25.06864,121.5107,7
500103004,20231031,662,23,15,1,25.06864,121.5107,7
500103004,20231031,664,23,15,1,25.06864,121.5107,7
500103004,20231031,665,23,15,1,25.06864,121.5107,7
500103004,20231031,666,23,15,1,25.06864,121.5107,7
500103004,20231031,667,23,15,1,25.06864,121.5107,7
500103004,20231031,668,23,15,1,25.06864,121.5107,7
500103004,20231031,669,23,16,1,25.06864,121.5107,6
500103004,20231031,671,23,16,1,25.06864,121.5107,6
500103004,20231031,672,23,16,1,25.06864,121.5107,6
500103004,20231031,673,23,16,1,25.06864,121.5107,6
500103004,20231031,674,23,16,1,25.06864,121.5107,6
500103004,20231031,675,23,17,1,25.06864,121.5107,5
500103004,20231031,676,23,17,1,25.06864,121.5107,5
500103004,20231031,677,23,17,1,25.06864,121.5107,5
500103004,20231031,678,23,17,1,25.06864,121.5107,5
500103004,20231031,679,23,17,1,25.06864,121.5107,5
500103004,20231031,681,23,17,1,25.06864,121.5107,5
500103004,20231031,682,23,17,1,25.06864,121.5107,5
500103004,20231031,683,23,17,1,25.06864,121.5107,5
500103004,20231031,684,23,17,1,25.06864,121.5107,5
500103004,20231031,685,23,17,1,25.06864,121.5107,5
500103004,20231031,686,23,17,1,25.06864,121.5107,5
500103004,20231031,687,23,17,1,25.06864,121.5107,5
500103004,20231031,688,23,17,1,25.06864,121.5107,5
500103004,20231031,689,23,17,1,25.06864,121.5107,5
500103004,20231031,691,23,17,1,25.06864,121.5107,5
500103004,20231031,692,23,17,1,25.06864,121.5107,5
500103004,20231031,693,23,15,1,25.06864,121.5107,7
500103004,20231031,694,23,15,1,25.06864,121.5107,7
500103004,20231031,695,23,15,1,25.06864,121.5107,7
500103004,20231031,696,23,15,1,25.06864,121.5107,7
500103004,20231031,697,23,15,1,25.06864,121.5107,7
500103004,20231031,698,23,15,1,25.06864,121.5107,7
500103004,20231031,699,23,15,1,25.06864,121.5107,7
500103004,20231031,701,23,15,1,25.06864,121.5107,7
500103004,20231031,702,23,15,1,25.06864,121.5107,7
500103004,20231031,703,23,15,1,25.06864,121.5107,7
500103004,20231031,704,23,15,1,25.06864,121.5107,7
500103004,20231031,705,23,15,1,25.06864,121.5107,7
500103004,20231031,706,23,15,1,25.06864,121.5107,7
500103004,20231031,707,23,15,1,25.06864,121.5107,7
500103004,20231031,708,23,15,1,25.06864,121.5107,7
500103004,20231031,709,23,15,1,25.06864,121.5107,7
500103004,20231031,711,23,15,1,25.06864,121.5107,7
500103004,20231031,712,23,15,1,25.06864,121.5107,7
500103004,20231031,713,23,15,1,25.06864,121.5107,7
500103004,20231031,714,23,15,1,25.06864,121.5107,7
500103004,20231031,715,23,15,1,25.06864,121.5107,7
500103004,20231031,716,23,15,1,25.06864,121.5107,7
500103004,20231031,717,23,15,1,25.06864,121.5107,7
500103004,20231031,718,23,14,1,25.06864,121.5107,8
500103004,20231031,719,23,14,1,25.06864,121.5107,8
500103004,20231031,721,23,14,1,25.06864,121.5107,8
500103004,20231031,722,23,14,1,25.06864,121.5107,8
500103004,20231031,723,23,14,1,25.06864,121.5107,8
500103004,20231031,724,23,14,1,25.06864,121.5107,8
500103004,20231031,725,23,14,1,25.06864,121.5107,8
500103004,20231031,726,23,14,1,25.06864,121.5107,8
500103004,20231031,727,23,13,1,25.06864,121.5107,9
500103004,20231031,728,23,13,1,25.06864,121.5107,9
500103004,20231031,729,23,13,1,25.06864,121.5107,9
500103004,20231031,731,23,14,1,25.06864,121.5107,8
500103004,20231031,732,23,14,1,25.06864,121.5107,8
500103004,20231031,733,23,15,1,25.06864,121.5107,7
500103004,20231031,734,23,15,1,25.06864,121.5107,7
500103004,20231031,735,23,15,1,25.06864,121.5107,7
500103004,20231031,736,23,15,1,25.06864,121.5107,7
500103004,20231031,737,23,15,1,25.06864,121.5107,7
500103004,20231031,738,23,14,1,25.06864,121.5107,8
500103004,20231031,739,23,14,1,25.06864,121.5107,8
500103004,20231031,741,23,14,1,25.06864,121.5107,8
500103004,20231031,742,23,14,1,25.06864,121.5107,8
500103004,20231031,743,23,14,1,25.06864,121.5107,8
500103004,20231031,744,23,14,1,25.06864,121.5107,8
500103004,20231031,745,23,14,1,25.06864,121.5107,8
500103004,20231031,746,23,14,1,25.06864,121.5107,8
500103004,20231031,747,23,14,1,25.06864,121.5107,8
500103004,20231031,748,23,14,1,25.06864,121.5107,8
500103004,20231031,749,23,14,1,25.06864,121.5107,8
500103004,20231031,751,23,14,1,25.06864,121.5107,8
500103004,20231031,752,23,14,1,25.06864,121.5107,8
500103004,20231031,753,23,14,1,25.06864,121.5107,8
500103004,20231031,754,23,14,1,25.06864,121.5107,8
500103004,20231031,755,23,14,1,25.06864,121.5107,8
500103004,20231031,756,23,13,1,25.06864,121.5107,9
500103004,20231031,757,23,13,1,25.06864,121.5107,9
500103004,20231031,758,23,13,1,25.06864,121.5107,9
500103004,20231031,759,23,13,1,25.06864,121.5107,9
500103004,20231031,761,23,13,1,25.06864,121.5107,9
500103004,20231031,762,23,13,1,25.06864,121.5107,9
500103004,20231031,763,23,13,1,25.06864,121.5107,9
500103004,20231031,764,23,13,1,25.06864,121.5107,9
500103004,20231031,765,23,13,1,25.06864,121.5107,9
500103004,20231031,766,23,13,1,25.06864,121.5107,9
500103004,20231031,767,23,12,1,25.06864,121.5107,10
500103004,20231031,768,23,12,1,25.06864,121.5107,10
500103004,20231031,769,23,12,1,25.06864,121.5107,10
500103004,20231031,771,23,12,1,25.06864,121.5107,10
500103004,20231031,772,23,12,1,25.06864,121.5107,10
500103004,20231031,773,23,12,1,25.06864,121.5107,10
500103004,20231031,774,23,13,1,25.06864,121.5107,9
500103004,20231031,775,23,13,1,25.06864,121.5107,9
500103004,20231031,776,23,14,1,25.06864,121.5107,8
500103004,20231031,777,23,14,1,25.06864,121.5107,8
500103004,20231031,778,23,14,1,25.06864,121.5107,8
500103004,20231031,779,23,14,1,25.06864,121.5107,8
500103004,20231031,781,23,14,1,25.06864,121.5107,8
500103004,20231031,783,23,14,1,25.06864,121.5107,8
500103004,20231031,784,23,15,1,25.06864,121.5107,7
500103004,20231031,785,23,15,1,25.06864,121.5107,7
500103004,20231031,786,23,15,1,25.06864,121.5107,7
500103004,20231031,787,23,16,1,25.06864,121.5107,6
500103004,20231031,788,23,16,1,25.06864,121.5107,6
500103004,20231031,789,23,16,1,25.06864,121.5107,6
500103004,20231031,790,23,16,1,25.06864,121.5107,6
500103004,20231031,791,23,16,1,25.06864,121.5107,6
500103004,20231031,792,23,16,1,25.06864,121.5107,6
500103004,20231031,793,23,16,1,25.06864,121.5107,6
500103004,20231031,794,23,16,1,25.06864,121.5107,6
500103004,20231031,795,23,16,1,25.06864,121.5107,6
500103004,20231031,796,23,16,1,25.06864,121.5107,6
500103004,20231031,797,23,16,1,25.06864,121.5107,6
500103004,20231031,798,23,16,1,25.06864,121.5107,6
500103004,20231031,799,23,16,1,25.06864,121.5107,6
500103004,20231031,801,23,16,1,25.06864,121.5107,6
500103004,20231031,802,23,17,1,25.06864,121.5107,5
500103004,20231031,803,23,17,1,25.06864,121.5107,5
500103004,20231031,804,23,17,1,25.06864,121.5107,5
500103004,20231031,805,23,17,1,25.06864,121.5107,5
500103004,20231031,806,23,17,1,25.06864,121.5107,5
500103004,20231031,807,23,17,1,25.06864,121.5107,5
500103004,20231031,808,23,17,1,25.06864,121.5107,5
500103004,20231031,809,23,18,1,25.06864,121.5107,4
500103004,20231031,811,23,17,1,25.06864,121.5107,5
500103004,20231031,812,23,17,1,25.06864,121.5107,5
500103004,20231031,813,23,17,1,25.06864,121.5107,5
500103004,20231031,814,23,17,1,25.06864,121.5107,5
500103004,20231031,815,23,17,1,25.06864,121.5107,5
500103004,20231031,816,23,17,1,25.06864,121.5107,5
500103004,20231031,817,23,17,1,25.06864,121.5107,5
500103004,20231031,818,23,17,1,25.06864,121.5107,5
500103004,20231031,819,23,17,1,25.06864,121.5107,5
500103004,20231031,820,23,18,1,25.06864,121.5107,4
500103004,20231031,821,23,18,1,25.06864,121.5107,4
500103004,20231031,822,23,18,1,25.06864,121.5107,4
500103004,20231031,823,23,18,1,25.06864,121.5107,4
500103004,20231031,824,23,18,1,25.06864,121.5107,4
500103004,20231031,825,23,17,1,25.06864,121.5107,5
500103004,20231031,826,23,17,1,25.06864,121.5107,5
500103004,20231031,827,23,17,1,25.06864,121.5107,5
500103004,20231031,828,23,17,1,25.06864,121.5107,5
500103004,20231031,829,23,17,1,25.06864,121.5107,5
500103004,20231031,830,23,17,1,25.06864,121.5107,5
500103004,20231031,831,23,16,1,25.06864,121.5107,6
500103004,20231031,832,23,14,1,25.06864,121.5107,8
500103004,20231031,833,23,14,1,25.06864,121.5107,8
500103004,20231031,834,23,14,1,25.06864,121.5107,8
500103004,20231031,835,23,14,1,25.06864,121.5107,8
500103004,20231031,836,23,14,1,25.06864,121.5107,8
500103004,20231031,837,23,15,1,25.06864,121.5107,7
500103004,20231031,838,23,15,1,25.06864,121.5107,7
500103004,20231031,839,23,15,1,25.06864,121.5107,7
500103004,20231031,841,23,16,1,25.06864,121.5107,6
500103004,20231031,842,23,16,1,25.06864,121.5107,6
500103004,20231031,843,23,16,1,25.06864,121.5107,6
500103004,20231031,844,23,16,1,25.06864,121.5107,6
500103004,20231031,845,23,16,1,25.06864,121.5107,6
500103004,20231031,846,23,16,1,25.06864,121.5107,6
500103004,20231031,847,23,16,1,25.06864,121.5107,6
500103004,20231031,848,23,16,1,25.06864,121.5107,6
500103004,20231031,849,23,16,1,25.06864,121.5107,6
500103004,20231031,850,23,16,1,25.06864,121.5107,6
500103004,20231031,851,23,16,1,25.06864,121.5107,6
500103004,20231031,852,23,16,1,25.06864,121.5107,6
500103004,20231031,853,23,16,1,25.06864,121.5107,6
500103004,20231031,854,23,16,1,25.06864,121.5107,6
500103004,20231031,855,23,16,1,25.06864,121.5107,6
500103004,20231031,856,23,16,1,25.06864,121.5107,6
500103004,20231031,857,23,16,1,25.06864,121.5107,6
500103004,20231031,858,23,16,1,25.06864,121.5107,6
500103004,20231031,859,23,17,1,25.06864,121.5107,5
500103004,20231031,861,23,17,1,25.06864,121.5107,5
500103004,20231031,862,23,17,1,25.06864,121.5107,5
500103004,20231031,863,23,17,1,25.06864,121.5107,5
500103004,20231031,864,23,17,1,25.06864,121.5107,5
500103004,20231031,865,23,16,1,25.06864,121.5107,6
500103004,20231031,866,23,16,1,25.06864,121.5107,6
500103004,20231031,867,23,16,1,25.06864,121.5107,6
500103004,20231031,868,23,16,1,25.06864,121.5107,6
500103004,20231031,869,23,16,1,25.06864,121.5107,6
500103004,20231031,871,23,16,1,25.06864,121.5107,6
500103004,20231031,872,23,16,1,25.06864,121.5107,6
500103004,20231031,873,23,16,1,25.06864,121.5107,6
500103004,20231031,874,23,18,1,25.06864,121.5107,4
500103004,20231031,875,23,18,1,25.06864,121.5107,4
500103004,20231031,876,23,16,1,25.06864,121.5107,6
500103004,20231031,877,23,16,1,25.06864,121.5107,6
500103004,20231031,878,23,16,1,25.06864,121.5107,6
500103004,20231031,879,23,16,1,25.06864,121.5107,6
500103004,20231031,880,23,16,1,25.06864,121.5107,6
500103004,20231031,881,23,16,1,25.06864,121.5107,6
500103004,20231031,882,23,16,1,25.06864,121.5107,6
500103004,20231031,883,23,16,1,25.06864,121.5107,6
500103004,20231031,884,23,16,1,25.06864,121.5107,6
500103004,20231031,885,23,16,1,25.06864,121.5107,6
500103004,20231031,886,23,17,1,25.06864,121.5107,5
500103004,20231031,887,23,17,1,25.06864,121.5107,5
500103004,20231031,888,23,18,1,25.06864,121.5107,4
500103004,20231031,889,23,18,1,25.06864,121.5107,4
500103004,20231031,890,23,18,1,25.06864,121.5107,4
500103004,20231031,891,23,18,1,25.06864,121.5107,4
500103004,20231031,892,23,18,1,25.06864,121.5107,4
500103004,20231031,893,23,18,1,25.06864,121.5107,4
500103004,20231031,894,23,18,1,25.06864,121.5107,4
500103004,20231031,895,23,18,1,25.06864,121.5107,4
500103004,20231031,896,23,18,1,25.06864,121.5107,4
500103004,20231031,897,23,18,1,25.06864,121.5107,4
500103004,20231031,898,23,18,1,25.06864,121.5107,4
500103004,20231031,899,23,19,1,25.06864,121.5107,3
500103004,20231031,901,23,18,1,25.06864,121.5107,4
500103004,20231031,902,23,18,1,25.06864,121.5107,4
500103004,20231031,903,23,18,1,25.06864,121.5107,4
500103004,20231031,904,23,18,1,25.06864,121.5107,4
500103004,20231031,905,23,18,1,25.06864,121.5107,4
500103004,20231031,906,23,19,1,25.06864,121.5107,3
500103004,20231031,907,23,19,1,25.06864,121.5107,3
500103004,20231031,908,23,19,1,25.06864,121.5107,3
500103004,20231031,909,23,19,1,25.06864,121.5107,3
500103004,20231031,910,23,19,1,25.06864,121.5107,3
500103004,20231031,911,23,19,1,25.06864,121.5107,3
500103004,20231031,912,23,19,1,25.06864,121.5107,3
500103004,20231031,913,23,19,1,25.06864,121.5107,3
500103004,20231031,914,23,19,1,25.06864,121.5107,3
500103004,20231031,915,23,19,1,25.06864,121.5107,3
500103004,20231031,916,23,19,1,25.06864,121.5107,3
500103004,20231031,917,23,19,1,25.06864,121.5107,3
500103004,20231031,918,23,19,1,25.06864,121.5107,3
500103004,20231031,919,23,19,1,25.06864,121.5107,3
500103004,20231031,921,23,19,1,25.06864,121.5107,3
500103004,20231031,922,23,18,1,25.06864,121.5107,4
500103004,20231031,923,23,18,1,25.06864,121.5107,4
500103004,20231031,924,23,18,1,25.06864,121.5107,4
500103004,20231031,925,23,18,1,25.06864,121.5107,4
500103004,20231031,926,23,19,1,25.06864,121.5107,3
500103004,20231031,927,23,19,1,25.06864,121.5107,3
500103004,20231031,928,23,17,1,25.06864,121.5107,5
500103004,20231031,929,23,17,1,25.06864,121.5107,5
500103004,20231031,931,23,16,1,25.06864,121.5107,6
500103004,20231031,932,23,16,1,25.06864,121.5107,6
500103004,20231031,933,23,16,1,25.06864,121.5107,6
500103004,20231031,934,23,17,1,25.06864,121.5107,5
500103004,20231031,936,23,17,1,25.06864,121.5107,5
500103004,20231031,937,23,17,1,25.06864,121.5107,5
500103004,20231031,938,23,17,1,25.06864,121.5107,5
500103004,20231031,939,23,17,1,25.06864,121.5107,5
500103004,20231031,941,23,16,1,25.06864,121.5107,6
500103004,20231031,942,23,16,1,25.06864,121.5107,6
500103004,20231031,943,23,16,1,25.06864,121.5107,6
500103004,20231031,944,23,16,1,25.06864,121.5107,6
500103004,20231031,945,23,16,1,25.06864,121.5107,6
500103004,20231031,946,23,16,1,25.06864,121.5107,6
500103004,20231031,947,23,16,1,25.06864,121.5107,6
500103004,20231031,948,23,16,1,25.06864,121.5107,6
500103004,20231031,949,23,16,1,25.06864,121.5107,6
500103004,20231031,951,23,16,1,25.06864,121.5107,6
500103004,20231031,952,23,17,1,25.06864,121.5107,5
500103004,20231031,953,23,17,1,25.06864,121.5107,5
500103004,20231031,954,23,17,1,25.06864,121.5107,5
500103004,20231031,955,23,17,1,25.06864,121.5107,5
500103004,20231031,956,23,16,1,25.06864,121.5107,6
500103004,20231031,957,23,16,1,25.06864,121.5107,6
500103004,20231031,958,23,18,1,25.06864,121.5107,4
500103004,20231031,959,23,18,1,25.06864,121.5107,4
500103004,20231031,961,23,18,1,25.06864,121.5107,4
500103004,20231031,962,23,18,1,25.06864,121.5107,4
500103004,20231031,963,23,18,1,25.06864,121.5107,4
500103004,20231031,964,23,17,1,25.06864,121.5107,5
500103004,20231031,965,23,17,1,25.06864,121.5107,5
500103004,20231031,966,23,17,1,25.06864,121.5107,5
500103004,20231031,967,23,17,1,25.06864,121.5107,5
500103004,20231031,968,23,17,1,25.06864,121.5107,5
500103004,20231031,969,23,17,1,25.06864,121.5107,5
500103004,20231031,971,23,17,1,25.06864,121.5107,5
500103004,20231031,972,23,17,1,25.06864,121.5107,5
500103004,20231031,973,23,17,1,25.06864,121.5107,5
500103004,20231031,974,23,17,1,25.06864,121.5107,5
500103004,20231031,975,23,16,1,25.06864,121.5107,6
500103004,20231031,976,23,16,1,25.06864,121.5107,6
500103004,20231031,977,23,16,1,25.06864,121.5107,6
500103004,20231031,978,23,16,1,25.06864,121.5107,6
500103004,20231031,979,23,16,1,25.06864,121.5107,6
500103004,20231031,981,23,17,1,25.06864,121.5107,5
500103004,20231031,982,23,17,1,25.06864,121.5107,5
500103004,20231031,983,23,15,1,25.06864,121.5107,7
500103004,20231031,984,23,15,1,25.06864,121.5107,7
500103004,20231031,985,23,15,1,25.06864,121.5107,7
500103004,20231031,986,23,16,1,25.06864,121.5107,6
500103004,20231031,987,23,17,1,25.06864,121.5107,5
500103004,20231031,988,23,17,1,25.06864,121.5107,5
500103004,20231031,989,23,17,1,25.06864,121.5107,5
500103004,20231031,991,23,16,1,25.06864,121.5107,6
500103004,20231031,992,23,15,1,25.06864,121.5107,7
500103004,20231031,993,23,15,1,25.06864,121.5107,7
500103004,20231031,994,23,15,1,25.06864,121.5107,7
500103004,20231031,995,23,15,1,25.06864,121.5107,7
500103004,20231031,996,23,14,1,25.06864,121.5107,8
500103004,20231031,997,23,14,1,25.06864,121.5107,8
500103004,20231031,998,23,14,1,25.06864,121.5107,8
500103004,20231031,999,23,14,1,25.06864,121.5107,8
500103004,20231031,1001,23,15,1,25.06864,121.5107,7
500103004,20231031,1002,23,15,1,25.06864,121.5107,7
500103004,20231031,1003,23,15,1,25.06864,121.5107,7
500103004,20231031,1004,23,15,1,25.06864,121.5107,7
500103004,20231031,1005,23,15,1,25.06864,121.5107,7
500103004,20231031,1006,23,15,1,25.06864,121.5107,7
500103004,20231031,1007,23,15,1,25.06864,121.5107,7
500103004,20231031,1008,23,15,1,25.06864,121.5107,7
500103004,20231031,1009,23,15,1,25.06864,121.5107,7
500103004,20231031,1011,23,14,1,25.06864,121.5107,8
500103004,20231031,1012,23,14,1,25.06864,121.5107,8
500103004,20231031,1013,23,14,1,25.06864,121.5107,8
500103004,20231031,1014,23,14,1,25.06864,121.5107,8
500103004,20231031,1015,23,14,1,25.06864,121.5107,8
500103004,20231031,1016,23,12,1,25.06864,121.5107,10
500103004,20231031,1017,23,12,1,25.06864,121.5107,10
500103004,20231031,1018,23,12,1,25.06864,121.5107,10
500103004,20231031,1019,23,11,1,25.06864,121.5107,11
500103004,20231031,1021,23,12,1,25.06864,121.5107,10
500103004,20231031,1022,23,12,1,25.06864,121.5107,10
500103004,20231031,1023,23,11,1,25.06864,121.5107,11
500103004,20231031,1024,23,9,1,25.06864,121.5107,13
500103004,20231031,1025,23,9,1,25.06864,121.5107,13
500103004,20231031,1026,23,9,1,25.06864,121.5107,13
500103004,20231031,1027,23,9,1,25.06864,121.5107,13
500103004,20231031,1028,23,9,1,25.06864,121.5107,13
500103004,20231031,1029,23,9,1,25.06864,121.5107,13
500103004,20231031,1031,23,8,1,25.06864,121.5107,14
500103004,20231031,1032,23,8,1,25.06864,121.5107,14
500103004,20231031,1033,23,7,1,25.06864,121.5107,15
500103004,20231031,1034,23,5,1,25.06864,121.5107,17
500103004,20231031,1035,23,5,1,25.06864,121.5107,17
500103004,20231031,1037,23,4,1,25.06864,121.5107,18
500103004,20231031,1038,23,3,1,25.06864,121.5107,19
500103004,20231031,1039,23,3,1,25.06864,121.5107,19
500103004,20231031,1041,23,3,1,25.06864,121.5107,19
500103004,20231031,1042,23,3,1,25.06864,121.5107,19
500103004,20231031,1043,23,3,1,25.06864,121.5107,19
500103004,20231031,1044,23,3,1,25.06864,121.5107,19
500103004,20231031,1045,23,3,1,25.06864,121.5107,19
500103004,20231031,1046,23,3,1,25.06864,121.5107,19
500103004,20231031,1047,23,3,1,25.06864,121.5107,19
500103004,20231031,1048,23,3,1,25.06864,121.5107,19
500103004,20231031,1049,23,3,1,25.06864,121.5107,19
500103004,20231031,1051,23,3,1,25.06864,121.5107,19
500103004,20231031,1052,23,3,1,25.06864,121.5107,19
500103004,20231031,1053,23,3,1,25.06864,121.5107,19
500103004,20231031,1054,23,3,1,25.06864,121.5107,19
500103004,20231031,1055,23,2,1,25.06864,121.5107,20
500103004,20231031,1056,23,2,1,25.06864,121.5107,20
500103004,20231031,1057,23,3,1,25.06864,121.5107,19
500103004,20231031,1058,23,3,1,25.06864,121.5107,19
500103004,20231031,1059,23,3,1,25.06864,121.5107,19
500103004,20231031,1060,23,3,1,25.06864,121.5107,19
500103004,20231031,1061,23,3,1,25.06864,121.5107,19
500103004,20231031,1062,23,4,1,25.06864,121.5107,18
500103004,20231031,1063,23,4,1,25.06864,121.5107,18
500103004,20231031,1064,23,4,1,25.06864,121.5107,18
500103004,20231031,1065,23,10,1,25.06864,121.5107,12
500103004,20231031,1066,23,15,1,25.06864,121.5107,7
500103004,20231031,1067,23,20,1,25.06864,121.5107,2
500103004,20231031,1068,23,20,1,25.06864,121.5107,2
500103004,20231031,1069,23,19,1,25.06864,121.5107,3
500103004,20231031,1070,23,19,1,25.06864,121.5107,3
500103004,20231031,1071,23,19,1,25.06864,121.5107,3
500103004,20231031,1072,23,20,1,25.06864,121.5107,2
500103004,20231031,1073,23,20,1,25.06864,121.5107,2
500103004,20231031,1074,23,20,1,25.06864,121.5107,2
500103004,20231031,1075,23,20,1,25.06864,121.5107,2
500103004,20231031,1076,23,20,1,25.06864,121.5107,2
500103004,20231031,1077,23,20,1,25.06864,121.5107,2
500103004,20231031,1078,23,20,1,25.06864,121.5107,2
500103004,20231031,1079,23,19,1,25.06864,121.5107,3
500103004,20231031,1081,23,18,1,25.06864,121.5107,4
500103004,20231031,1082,23,18,1,25.06864,121.5107,4
500103004,20231031,1083,23,18,1,25.06864,121.5107,4
500103004,20231031,1084,23,18,1,25.06864,121.5107,4
500103004,20231031,1085,23,18,1,25.06864,121.5107,4
500103004,20231031,1086,23,18,1,25.06864,121.5107,4
500103004,20231031,1087,23,19,1,25.06864,121.5107,3
500103004,20231031,1088,23,19,1,25.06864,121.5107,3
500103004,20231031,1089,23,19,1,25.06864,121.5107,3
500103004,20231031,1090,23,19,1,25.06864,121.5107,3
500103004,20231031,1091,23,18,1,25.06864,121.5107,4
500103004,20231031,1092,23,17,1,25.06864,121.5107,5
500103004,20231031,1093,23,17,1,25.06864,121.5107,5
500103004,20231031,1094,23,15,1,25.06864,121.5107,7
500103004,20231031,1095,23,15,1,25.06864,121.5107,7
500103004,20231031,1096,23,15,1,25.06864,121.5107,7
500103004,20231031,1097,23,15,1,25.06864,121.5107,7
500103004,20231031,1098,23,15,1,25.06864,121.5107,7
500103004,20231031,1099,23,13,1,25.06864,121.5107,9
500103004,20231031,1101,23,14,1,25.06864,121.5107,8
500103004,20231031,1102,23,13,1,25.06864,121.5107,9
500103004,20231031,1103,23,14,1,25.06864,121.5107,8
500103004,20231031,1104,23,13,1,25.06864,121.5107,9
500103004,20231031,1105,23,13,1,25.06864,121.5107,9
500103004,20231031,1106,23,13,1,25.06864,121.5107,9
500103004,20231031,1107,23,13,1,25.06864,121.5107,9
500103004,20231031,1108,23,13,1,25.06864,121.5107,9
500103004,20231031,1109,23,12,1,25.06864,121.5107,10
500103004,20231031,1111,23,12,1,25.06864,121.5107,10
500103004,20231031,1112,23,13,1,25.06864,121.5107,9
500103004,20231031,1113,23,12,1,25.06864,121.5107,10
500103004,20231031,1114,23,11,1,25.06864,121.5107,11
500103004,20231031,1115,23,11,1,25.06864,121.5107,11
500103004,20231031,1116,23,10,1,25.06864,121.5107,12
500103004,20231031,1117,23,10,1,25.06864,121.5107,12
500103004,20231031,1118,23,10,1,25.06864,121.5107,12
500103004,20231031,1119,23,10,1,25.06864,121.5107,12
500103004,20231031,1120,23,10,1,25.06864,121.5107,12
500103004,20231031,1121,23,11,1,25.06864,121.5107,11
500103004,20231031,1122,23,10,1,25.06864,121.5107,12
500103004,20231031,1123,23,9,1,25.06864,121.5107,13
500103004,20231031,1124,23,4,1,25.06864,121.5107,18
500103004,20231031,1125,23,4,1,25.06864,121.5107,18
500103004,20231031,1126,23,4,1,25.06864,121.5107,18
500103004,20231031,1127,23,4,1,25.06864,121.5107,18
500103004,20231031,1128,23,3,1,25.06864,121.5107,19
500103004,20231031,1129,23,2,1,25.06864,121.5107,20
500103004,20231031,1130,23,3,1,25.06864,121.5107,19
500103004,20231031,1131,23,3,1,25.06864,121.5107,19
500103004,20231031,1132,23,3,1,25.06864,121.5107,19
500103004,20231031,1133,23,3,1,25.06864,121.5107,19
500103004,20231031,1134,23,3,1,25.06864,121.5107,19
500103004,20231031,1135,23,3,1,25.06864,121.5107,19
500103004,20231031,1136,23,2,1,25.06864,121.5107,20
500103004,20231031,1137,23,1,1,25.06864,121.5107,21
500103004,20231031,1138,23,1,1,25.06864,121.5107,21
500103004,20231031,1139,23,1,1,25.06864,121.5107,21
500103004,20231031,1141,23,1,1,25.06864,121.5107,21
500103004,20231031,1142,23,1,1,25.06864,121.5107,21
500103004,20231031,1143,23,0,1,25.06864,121.5107,22
500103004,20231031,1144,23,0,1,25.06864,121.5107,22
500103004,20231031,1145,23,2,1,25.06864,121.5107,20
500103004,20231031,1146,23,5,1,25.06864,121.5107,17
500103004,20231031,1147,23,9,1,25.06864,121.5107,13
500103004,20231031,1148,23,11,1,25.06864,121.5107,11
500103004,20231031,1149,23,16,1,25.06864,121.5107,6
500103004,20231031,1150,23,20,1,25.06864,121.5107,2
500103004,20231031,1151,23,21,1,25.06864,121.5107,1
500103004,20231031,1152,23,21,1,25.06864,121.5107,1
500103004,20231031,1153,23,21,1,25.06864,121.5107,1
500103004,20231031,1154,23,21,1,25.06864,121.5107,1
500103004,20231031,1155,23,21,1,25.06864,121.5107,1
500103004,20231031,1156,23,21,1,25.06864,121.5107,1
500103004,20231031,1157,23,21,1,25.06864,121.5107,1
500103004,20231031,1158,23,21,1,25.06864,121.5107,1
500103004,20231031,1159,23,20,1,25.06864,121.5107,2
500103004,20231031,1161,23,20,1,25.06864,121.5107,2
500103004,20231031,1162,23,20,1,25.06864,121.5107,2
500103004,20231031,1163,23,21,1,25.06864,121.5107,1
500103004,20231031,1164,23,22,1,25.06864,121.5107,0
500103004,20231031,1165,23,21,1,25.06864,121.5107,1
500103004,20231031,1166,23,22,1,25.06864,121.5107,0
500103004,20231031,1167,23,22,1,25.06864,121.5107,0
500103004,20231031,1168,23,22,1,25.06864,121.5107,0
500103004,20231031,1169,23,21,1,25.06864,121.5107,1
500103004,20231031,1171,23,21,1,25.06864,121.5107,1
500103004,20231031,1172,23,21,1,25.06864,121.5107,1
500103004,20231031,1173,23,21,1,25.06864,121.5107,1
500103004,20231031,1174,23,21,1,25.06864,121.5107,1
500103004,20231031,1175,23,21,1,25.06864,121.5107,1
500103004,20231031,1176,23,20,1,25.06864,121.5107,2
500103004,20231031,1177,23,20,1,25.06864,121.5107,2
500103004,20231031,1178,23,20,1,25.06864,121.5107,2
500103004,20231031,1179,23,20,1,25.06864,121.5107,2
500103004,20231031,1180,23,20,1,25.06864,121.5107,2
500103004,20231031,1181,23,20,1,25.06864,121.5107,2
500103004,20231031,1182,23,20,1,25.06864,121.5107,2
500103004,20231031,1183,23,20,1,25.06864,121.5107,2
500103004,20231031,1184,23,20,1,25.06864,121.5107,2
500103004,20231031,1185,23,20,1,25.06864,121.5107,2
500103004,20231031,1186,23,20,1,25.06864,121.5107,2
500103004,20231031,1187,23,20,1,25.06864,121.5107,2
500103004,20231031,1188,23,20,1,25.06864,121.5107,2
500103004,20231031,1189,23,20,1,25.06864,121.5107,2
500103004,20231031,1190,23,18,1,25.06864,121.5107,4
500103004,20231031,1191,23,18,1,25.06864,121.5107,4
500103004,20231031,1192,23,18,1,25.06864,121.5107,4
500103004,20231031,1193,23,18,1,25.06864,121.5107,4
500103004,20231031,1194,23,18,1,25.06864,121.5107,4
500103004,20231031,1195,23,18,1,25.06864,121.5107,4
500103004,20231031,1196,23,18,1,25.06864,121.5107,4
500103004,20231031,1197,23,18,1,25.06864,121.5107,4
500103004,20231031,1198,23,18,1,25.06864,121.5107,4
500103004,20231031,1199,23,18,1,25.06864,121.5107,4
500103004,20231031,1201,23,19,1,25.06864,121.5107,3
500103004,20231031,1202,23,19,1,25.06864,121.5107,3
500103004,20231031,1203,23,19,1,25.06864,121.5107,3
500103004,20231031,1204,23,20,1,25.06864,121.5107,2
500103004,20231031,1205,23,20,1,25.06864,121.5107,2
500103004,20231031,1206,23,20,1,25.06864,121.5107,2
500103004,20231031,1207,23,20,1,25.06864,121.5107,2
500103004,20231031,1208,23,20,1,25.06864,121.5107,2
500103004,20231031,1209,23,19,1,25.06864,121.5107,3
500103004,20231031,1210,23,13,1,25.06864,121.5107,9
500103004,20231031,1211,23,13,1,25.06864,121.5107,9
500103004,20231031,1212,23,13,1,25.06864,121.5107,9
500103004,20231031,1213,23,12,1,25.06864,121.5107,10
500103004,20231031,1214,23,12,1,25.06864,121.5107,10
500103004,20231031,1215,23,12,1,25.06864,121.5107,10
500103004,20231031,1216,23,12,1,25.06864,121.5107,10
500103004,20231031,1217,23,13,1,25.06864,121.5107,9
500103004,20231031,1219,23,13,1,25.06864,121.5107,9
500103004,20231031,1221,23,12,1,25.06864,121.5107,10
500103004,20231031,1222,23,12,1,25.06864,121.5107,10
500103004,20231031,1223,23,11,1,25.06864,121.5107,11
500103004,20231031,1224,23,10,1,25.06864,121.5107,12
500103004,20231031,1225,23,10,1,25.06864,121.5107,12
500103004,20231031,1226,23,10,1,25.06864,121.5107,12
500103004,20231031,1227,23,10,1,25.06864,121.5107,12
500103004,20231031,1228,23,11,1,25.06864,121.5107,11
500103004,20231031,1229,23,12,1,25.06864,121.5107,10
500103004,20231031,1231,23,12,1,25.06864,121.5107,10
500103004,20231031,1232,23,12,1,25.06864,121.5107,10
500103004,20231031,1233,23,12,1,25.06864,121.5107,10
500103004,20231031,1234,23,12,1,25.06864,121.5107,10
500103004,20231031,1235,23,12,1,25.06864,121.5107,10
500103004,20231031,1236,23,12,1,25.06864,121.5107,10
500103004,20231031,1237,23,12,1,25.06864,121.5107,10
500103004,20231031,1238,23,12,1,25.06864,121.5107,10
500103004,20231031,1239,23,12,1,25.06864,121.5107,10
500103004,20231031,1241,23,12,1,25.06864,121.5107,10
500103004,20231031,1242,23,11,1,25.06864,121.5107,11
500103004,20231031,1243,23,11,1,25.06864,121.5107,11
500103004,20231031,1244,23,12,1,25.06864,121.5107,10
500103004,20231031,1245,23,12,1,25.06864,121.5107,10
500103004,20231031,1246,23,12,1,25.06864,121.5107,10
500103004,20231031,1247,23,12,1,25.06864,121.5107,10
500103004,20231031,1248,23,11,1,25.06864,121.5107,11
500103004,20231031,1249,23,11,1,25.06864,121.5107,11
500103004,20231031,1251,23,11,1,25.06864,121.5107,11
500103004,20231031,1252,23,10,1,25.06864,121.5107,12
500103004,20231031,1253,23,10,1,25.06864,121.5107,12
500103004,20231031,1254,23,10,1,25.06864,121.5107,12
500103004,20231031,1255,23,10,1,25.06864,121.5107,12
500103004,20231031,1256,23,10,1,25.06864,121.5107,12
500103004,20231031,1257,23,10,1,25.06864,121.5107,12
500103004,20231031,1258,23,10,1,25.06864,121.5107,12
500103004,20231031,1259,23,9,1,25.06864,121.5107,13
500103004,20231031,1261,23,9,1,25.06864,121.5107,13
500103004,20231031,1262,23,9,1,25.06864,121.5107,13
500103004,20231031,1263,23,10,1,25.06864,121.5107,12
500103004,20231031,1264,23,10,1,25.06864,121.5107,12
500103004,20231031,1265,23,10,1,25.06864,121.5107,12
500103004,20231031,1266,23,10,1,25.06864,121.5107,12
500103004,20231031,1267,23,10,1,25.06864,121.5107,12
500103004,20231031,1268,23,10,1,25.06864,121.5107,12
500103004,20231031,1269,23,10,1,25.06864,121.5107,12
500103004,20231031,1271,23,10,1,25.06864,121.5107,12
500103004,20231031,1272,23,10,1,25.06864,121.5107,12
500103004,20231031,1273,23,10,1,25.06864,121.5107,12
500103004,20231031,1274,23,10,1,25.06864,121.5107,12
500103004,20231031,1275,23,10,1,25.06864,121.5107,12
500103004,20231031,1276,23,10,1,25.06864,121.5107,12
500103004,20231031,1277,23,10,1,25.06864,121.5107,12
500103004,20231031,1278,23,9,1,25.06864,121.5107,13
500103004,20231031,1279,23,9,1,25.06864,121.5107,13
500103004,20231031,1281,23,9,1,25.06864,121.5107,13
500103004,20231031,1282,23,9,1,25.06864,121.5107,13
500103004,20231031,1283,23,7,1,25.06864,121.5107,15
500103004,20231031,1284,23,7,1,25.06864,121.5107,15
500103004,20231031,1285,23,7,1,25.06864,121.5107,15
500103004,20231031,1286,23,6,1,25.06864,121.5107,16
500103004,20231031,1287,23,6,1,25.06864,121.5107,16
500103004,20231031,1288,23,4,1,25.06864,121.5107,18
500103004,20231031,1289,23,4,1,25.06864,121.5107,18
500103004,20231031,1291,23,4,1,25.06864,121.5107,18
500103004,20231031,1292,23,4,1,25.06864,121.5107,18
500103004,20231031,1293,23,3,1,25.06864,121.5107,19
500103004,20231031,1294,23,3,1,25.06864,121.5107,19
500103004,20231031,1295,23,3,1,25.06864,121.5107,19
500103004,20231031,1296,23,3,1,25.06864,121.5107,19
500103004,20231031,1297,23,2,1,25.06864,121.5107,20
500103004,20231031,1298,23,0,1,25.06864,121.5107,22
500103004,20231031,1299,23,0,1,25.06864,121.5107,22
500103004,20231031,1301,23,0,1,25.06864,121.5107,22
500103004,20231031,1302,23,0,1,25.06864,121.5107,22
500103004,20231031,1303,23,0,1,25.06864,121.5107,22
500103004,20231031,1304,23,0,1,25.06864,121.5107,22
500103004,20231031,1305,23,0,1,25.06864,121.5107,22
500103004,20231031,1306,23,0,1,25.06864,121.5107,22
500103004,20231031,1307,23,0,1,25.06864,121.5107,22
500103004,20231031,1308,23,0,1,25.06864,121.5107,22
500103004,20231031,1309,23,0,1,25.06864,121.5107,22
500103004,20231031,1311,23,0,1,25.06864,121.5107,22
500103004,20231031,1312,23,0,1,25.06864,121.5107,22
500103004,20231031,1313,23,0,1,25.06864,121.5107,22
500103004,20231031,1314,23,0,1,25.06864,121.5107,22
500103004,20231031,1315,23,0,1,25.06864,121.5107,22
500103004,20231031,1316,23,0,1,25.06864,121.5107,22
500103004,20231031,1317,23,0,1,25.06864,121.5107,22
500103004,20231031,1318,23,0,1,25.06864,121.5107,22
500103004,20231031,1319,23,0,1,25.06864,121.5107,22
500103004,20231031,1321,23,0,1,25.06864,121.5107,22
500103004,20231031,1322,23,0,1,25.06864,121.5107,22
500103004,20231031,1323,23,0,1,25.06864,121.5107,22
500103004,20231031,1324,23,0,1,25.06864,121.5107,22
500103004,20231031,1325,23,0,1,25.06864,121.5107,22
500103004,20231031,1326,23,0,1,25.06864,121.5107,22
500103004,20231031,1327,23,0,1,25.06864,121.5107,22
500103004,20231031,1328,23,0,1,25.06864,121.5107,22
500103004,20231031,1329,23,0,1,25.06864,121.5107,22
500103004,20231031,1331,23,0,1,25.06864,121.5107,22
500103004,20231031,1332,23,0,1,25.06864,121.5107,22
500103004,20231031,1333,23,0,1,25.06864,121.5107,22
500103004,20231031,1334,23,0,1,25.06864,121.5107,22
500103004,20231031,1335,23,0,1,25.06864,121.5107,22
500103004,20231031,1336,23,0,1,25.06864,121.5107,22
500103004,20231031,1337,23,1,1,25.06864,121.5107,21
500103004,20231031,1338,23,1,1,25.06864,121.5107,21
500103004,20231031,1339,23,1,1,25.06864,121.5107,21
500103004,20231031,1341,23,1,1,25.06864,121.5107,21
500103004,20231031,1342,23,1,1,25.06864,121.5107,21
500103004,20231031,1343,23,1,1,25.06864,121.5107,21
500103004,20231031,1344,23,0,1,25.06864,121.5107,22
500103004,20231031,1345,23,0,1,25.06864,121.5107,22
500103004,20231031,1346,23,0,1,25.06864,121.5107,22
500103004,20231031,1347,23,0,1,25.06864,121.5107,22
500103004,20231031,1348,23,0,1,25.06864,121.5107,22
500103004,20231031,1349,23,0,1,25.06864,121.5107,22
500103004,20231031,1350,23,0,1,25.06864,121.5107,22
500103004,20231031,1351,23,0,1,25.06864,121.5107,22
500103004,20231031,1352,23,0,1,25.06864,121.5107,22
500103004,20231031,1353,23,0,1,25.06864,121.5107,22
500103004,20231031,1354,23,0,1,25.06864,121.5107,22
500103004,20231031,1355,23,0,1,25.06864,121.5107,22
500103004,20231031,1356,23,0,1,25.06864,121.5107,22
500103004,20231031,1357,23,0,1,25.06864,121.5107,22
500103004,20231031,1358,23,0,1,25.06864,121.5107,22
500103004,20231031,1359,23,0,1,25.06864,121.5107,22
500103004,20231031,1360,23,0,1,25.06864,121.5107,22
500103004,20231031,1361,23,0,1,25.06864,121.5107,22
500103004,20231031,1362,23,0,1,25.06864,121.5107,22
500103004,20231031,1363,23,1,1,25.06864,121.5107,21
500103004,20231031,1364,23,1,1,25.06864,121.5107,21
500103004,20231031,1365,23,1,1,25.06864,121.5107,21
500103004,20231031,1366,23,1,1,25.06864,121.5107,21
500103004,20231031,1367,23,1,1,25.06864,121.5107,21
500103004,20231031,1368,23,1,1,25.06864,121.5107,21
500103004,20231031,1369,23,1,1,25.06864,121.5107,21
500103004,20231031,1370,23,1,1,25.06864,121.5107,21
500103004,20231031,1371,23,0,1,25.06864,121.5107,22
500103004,20231031,1372,23,0,1,25.06864,121.5107,22
500103004,20231031,1373,23,0,1,25.06864,121.5107,22
500103004,20231031,1374,23,0,1,25.06864,121.5107,22
500103004,20231031,1375,23,0,1,25.06864,121.5107,22
500103004,20231031,1376,23,0,1,25.06864,121.5107,22
500103004,20231031,1377,23,0,1,25.06864,121.5107,22
500103004,20231031,1378,23,0,1,25.06864,121.5107,22
500103004,20231031,1379,23,0,1,25.06864,121.5107,22
500103004,20231031,1381,23,0,1,25.06864,121.5107,22
500103004,20231031,1382,23,0,1,25.06864,121.5107,22
500103004,20231031,1383,23,0,1,25.06864,121.5107,22
500103004,20231031,1384,23,0,1,25.06864,121.5107,22
500103004,20231031,1385,23,0,1,25.06864,121.5107,22
500103004,20231031,1386,23,0,1,25.06864,121.5107,22
500103004,20231031,1387,23,0,1,25.06864,121.5107,22
500103004,20231031,1388,23,0,1,25.06864,121.5107,22
500103004,20231031,1389,23,0,1,25.06864,121.5107,22
500103004,20231031,1390,23,0,1,25.06864,121.5107,22
500103004,20231031,1391,23,0,1,25.06864,121.5107,22
500103004,20231031,1392,23,0,1,25.06864,121.5107,22
500103004,20231031,1393,23,0,1,25.06864,121.5107,22
500103004,20231031,1394,23,0,1,25.06864,121.5107,22
500103004,20231031,1395,23,0,1,25.06864,121.5107,22
500103004,20231031,1396,23,0,1,25.06864,121.5107,22
500103004,20231031,1397,23,0,1,25.06864,121.5107,22
500103004,20231031,1398,23,0,1,25.06864,121.5107,22
500103004,20231031,1399,23,0,1,25.06864,121.5107,22
500103004,20231031,1401,23,0,1,25.06864,121.5107,22
500103004,20231031,1402,23,0,1,25.06864,121.5107,22
500103004,20231031,1403,23,0,1,25.06864,121.5107,22
500103004,20231031,1404,23,0,1,25.06864,121.5107,22
500103004,20231031,1405,23,0,1,25.06864,121.5107,22
500103004,20231031,1406,23,0,1,25.06864,121.5107,22
500103004,20231031,1407,23,0,1,25.06864,121.5107,22
500103004,20231031,1408,23,0,1,25.06864,121.5107,22
500103004,20231031,1409,23,0,1,25.06864,121.5107,22
500103004,20231031,1410,23,0,1,25.06864,121.5107,22
500103004,20231031,1411,23,0,1,25.06864,121.5107,22
500103004,20231031,1412,23,0,1,25.06864,121.5107,22
500103004,20231031,1413,23,0,1,25.06864,121.5107,22
500103004,20231031,1414,23,0,1,25.06864,121.5107,22
500103004,20231031,1415,23,0,1,25.06864,121.5107,22
500103004,20231031,1416,23,0,1,25.06864,121.5107,22
500103004,20231031,1417,23,0,1,25.06864,121.5107,22
500103004,20231031,1418,23,0,1,25.06864,121.5107,22
500103004,20231031,1419,23,0,1,25.06864,121.5107,22
500103004,20231031,1420,23,0,1,25.06864,121.5107,22
500103004,20231031,1421,23,0,1,25.06864,121.5107,22
500103004,20231031,1422,23,0,1,25.06864,121.5107,22
500103004,20231031,1423,23,0,1,25.06864,121.5107,22
500103004,20231031,1424,23,0,1,25.06864,121.5107,22
500103004,20231031,1425,23,0,1,25.06864,121.5107,22
500103004,20231031,1426,23,0,1,25.06864,121.5107,22
500103004,20231031,1427,23,0,1,25.06864,121.5107,22
500103004,20231031,1428,23,0,1,25.06864,121.5107,22
500103004,20231031,1429,23,0,1,25.06864,121.5107,22
500103004,20231031,1430,23,0,1,25.06864,121.5107,22
500103004,20231031,1431,23,0,1,25.06864,121.5107,22
500103004,20231031,1432,23,0,1,25.06864,121.5107,22
500103004,20231031,1433,23,0,1,25.06864,121.5107,22
500103004,20231031,1434,23,0,1,25.06864,121.5107,22
500103004,20231031,1435,23,0,1,25.06864,121.5107,22
500103004,20231031,1436,23,0,1,25.06864,121.5107,22
500103004,20231031,1437,23,0,1,25.06864,121.5107,22
500103004,20231031,1438,23,0,1,25.06864,121.5107,22
500103004,20231031,1439,23,0,1,25.06864,121.5107,22
500103004,20231101,0,23,0,1,25.06864,121.5107,22
500103004,20231101,1,23,0,1,25.06864,121.5107,22
500103004,20231101,2,23,0,1,25.06864,121.5107,22
500103004,20231101,3,23,0,1,25.06864,121.5107,22
500103004,20231101,4,23,0,1,25.06864,121.5107,22
500103004,20231101,5,23,0,1,25.06864,121.5107,22
500103004,20231101,6,23,0,1,25.06864,121.5107,22
500103004,20231101,7,23,0,1,25.06864,121.5107,22
500103004,20231101,8,23,0,1,25.06864,121.5107,22
500103004,20231101,9,23,0,1,25.06864,121.5107,22
500103004,20231101,10,23,0,1,25.06864,121.5107,22
500103004,20231101,11,23,0,1,25.06864,121.5107,22
500103004,20231101,12,23,0,1,25.06864,121.5107,22
500103004,20231101,13,23,0,1,25.06864,121.5107,22
500103004,20231101,14,23,0,1,25.06864,121.5107,22
500103004,20231101,15,23,0,1,25.06864,121.5107,22
500103004,20231101,16,23,0,1,25.06864,121.5107,22
500103004,20231101,17,23,0,1,25.06864,121.5107,22
500103004,20231101,18,23,0,1,25.06864,121.5107,22
500103004,20231101,19,23,0,1,25.06864,121.5107,22
500103004,20231101,21,23,0,1,25.06864,121.5107,22
500103004,20231101,22,23,0,1,25.06864,121.5107,22
500103004,20231101,23,23,0,1,25.06864,121.5107,22
500103004,20231101,24,23,0,1,25.06864,121.5107,22
500103004,20231101,25,23,0,1,25.06864,121.5107,22
500103004,20231101,26,23,0,1,25.06864,121.5107,22
500103004,20231101,28,23,0,1,25.06864,121.5107,22
500103004,20231101,29,23,0,1,25.06864,121.5107,22
500103004,20231101,30,23,0,1,25.06864,121.5107,22
500103004,20231101,31,23,0,1,25.06864,121.5107,22
500103004,20231101,32,23,0,1,25.06864,121.5107,22
500103004,20231101,33,23,0,1,25.06864,121.5107,22
500103004,20231101,34,23,0,1,25.06864,121.5107,22
500103004,20231101,35,23,0,1,25.06864,121.5107,22
500103004,20231101,36,23,0,1,25.06864,121.5107,22
500103004,20231101,37,23,0,1,25.06864,121.5107,22
500103004,20231101,38,23,0,1,25.06864,121.5107,22
500103004,20231101,39,23,0,1,25.06864,121.5107,22
500103004,20231101,40,23,1,1,25.06864,121.5107,21
500103004,20231101,41,23,4,1,25.06864,121.5107,18
500103004,20231101,42,23,4,1,25.06864,121.5107,18
500103004,20231101,43,23,4,1,25.06864,121.5107,18
500103004,20231101,44,23,4,1,25.06864,121.5107,18
500103004,20231101,45,23,4,1,25.06864,121.5107,18
500103004,20231101,46,23,4,1,25.06864,121.5107,18
500103004,20231101,48,23,4,1,25.06864,121.5107,18
500103004,20231101,49,23,4,1,25.06864,121.5107,18
500103004,20231101,51,23,4,1,25.06864,121.5107,18
500103004,20231101,53,23,3,1,25.06864,121.5107,19
500103004,20231101,54,23,3,1,25.06864,121.5107,19
500103004,20231101,55,23,3,1,25.06864,121.5107,19
500103004,20231101,56,23,3,1,25.06864,121.5107,19
500103004,20231101,58,23,3,1,25.06864,121.5107,19
500103004,20231101,59,23,3,1,25.06864,121.5107,19
500103004,20231101,60,23,3,1,25.06864,121.5107,19
500103004,20231101,62,23,3,1,25.06864,121.5107,19
500103004,20231101,63,23,3,1,25.06864,121.5107,19
500103004,20231101,64,23,3,1,25.06864,121.5107,19
500103004,20231101,65,23,3,1,25.06864,121.5107,19
500103004,20231101,66,23,3,1,25.06864,121.5107,19
500103004,20231101,67,23,3,1,25.06864,121.5107,19
500103004,20231101,69,23,3,1,25.06864,121.5107,19
500103004,20231101,71,23,2,1,25.06864,121.5107,20
500103004,20231101,72,23,2,1,25.06864,121.5107,20
500103004,20231101,73,23,2,1,25.06864,121.5107,20
500103004,20231101,74,23,2,1,25.06864,121.5107,20
500103004,20231101,75,23,2,1,25.06864,121.5107,20
500103004,20231101,76,23,2,1,25.06864,121.5107,20
500103004,20231101,77,23,2,1,25.06864,121.5107,20
500103004,20231101,78,23,2,1,25.06864,121.5107,20
500103004,20231101,79,23,2,1,25.06864,121.5107,20
500103004,20231101,81,23,2,1,25.06864,121.5107,20
500103004,20231101,83,23,2,1,25.06864,121.5107,20
500103004,20231101,84,23,2,1,25.06864,121.5107,20
500103004,20231101,85,23,2,1,25.06864,121.5107,20
500103004,20231101,86,23,1,1,25.06864,121.5107,21
500103004,20231101,87,23,1,1,25.06864,121.5107,21
500103004,20231101,88,23,1,1,25.06864,121.5107,21
500103004,20231101,89,23,1,1,25.06864,121.5107,21
500103004,20231101,91,23,1,1,25.06864,121.5107,21
500103004,20231101,92,23,1,1,25.06864,121.5107,21
500103004,20231101,93,23,1,1,25.06864,121.5107,21
500103004,20231101,94,23,1,1,25.06864,121.5107,21
500103004,20231101,95,23,1,1,25.06864,121.5107,21
500103004,20231101,96,23,1,1,25.06864,121.5107,21
500103004,20231101,97,23,1,1,25.06864,121.5107,21
500103004,20231101,98,23,1,1,25.06864,121.5107,21
500103004,20231101,99,23,1,1,25.06864,121.5107,21
500103004,20231101,101,23,1,1,25.06864,121.5107,21
500103004,20231101,102,23,1,1,25.06864,121.5107,21
500103004,20231101,103,23,1,1,25.06864,121.5107,21
500103004,20231101,104,23,1,1,25.06864,121.5107,21
500103004,20231101,105,23,1,1,25.06864,121.5107,21
500103004,20231101,106,23,1,1,25.06864,121.5107,21
500103004,20231101,107,23,1,1,25.06864,121.5107,21
500103004,20231101,108,23,1,1,25.06864,121.5107,21
500103004,20231101,109,23,1,1,25.06864,121.5107,21
500103004,20231101,110,23,1,1,25.06864,121.5107,21
500103004,20231101,111,23,1,1,25.06864,121.5107,21
500103004,20231101,112,23,1,1,25.06864,121.5107,21
500103004,20231101,113,23,1,1,25.06864,121.5107,21
500103004,20231101,114,23,1,1,25.06864,121.5107,21
500103004,20231101,115,23,1,1,25.06864,121.5107,21
500103004,20231101,116,23,1,1,25.06864,121.5107,21
500103004,20231101,117,23,1,1,25.06864,121.5107,21
500103004,20231101,118,23,1,1,25.06864,121.5107,21
500103004,20231101,119,23,1,1,25.06864,121.5107,21
500103004,20231101,121,23,1,1,25.06864,121.5107,21
500103004,20231101,122,23,1,1,25.06864,121.5107,21
500103004,20231101,123,23,1,1,25.06864,121.5107,21
500103004,20231101,124,23,1,1,25.06864,121.5107,21
500103004,20231101,125,23,1,1,25.06864,121.5107,21
500103004,20231101,126,23,1,1,25.06864,121.5107,21
500103004,20231101,127,23,1,1,25.06864,121.5107,21
500103004,20231101,128,23,1,1,25.06864,121.5107,21
500103004,20231101,129,23,1,1,25.06864,121.5107,21
500103004,20231101,131,23,1,1,25.06864,121.5107,21
500103004,20231101,132,23,1,1,25.06864,121.5107,21
500103004,20231101,133,23,1,1,25.06864,121.5107,21
500103004,20231101,134,23,1,1,25.06864,121.5107,21
500103004,20231101,135,23,1,1,25.06864,121.5107,21
500103004,20231101,136,23,1,1,25.06864,121.5107,21
500103004,20231101,137,23,1,1,25.06864,121.5107,21
500103004,20231101,138,23,1,1,25.06864,121.5107,21
500103004,20231101,139,23,1,1,25.06864,121.5107,21
500103004,20231101,141,23,1,1,25.06864,121.5107,21
500103004,20231101,142,23,1,1,25.06864,121.5107,21
500103004,20231101,143,23,1,1,25.06864,121.5107,21
500103004,20231101,144,23,1,1,25.06864,121.5107,21
500103004,20231101,145,23,1,1,25.06864,121.5107,21
500103004,20231101,146,23,1,1,25.06864,121.5107,21
500103004,20231101,147,23,1,1,25.06864,121.5107,21
500103004,20231101,148,23,1,1,25.06864,121.5107,21
500103004,20231101,149,23,1,1,25.06864,121.5107,21
500103004,20231101,150,23,1,1,25.06864,121.5107,21
500103004,20231101,151,23,1,1,25.06864,121.5107,21
500103004,20231101,152,23,1,1,25.06864,121.5107,21
500103004,20231101,153,23,1,1,25.06864,121.5107,21
500103004,20231101,154,23,1,1,25.06864,121.5107,21
500103004,20231101,155,23,1,1,25.06864,121.5107,21
500103004,20231101,156,23,1,1,25.06864,121.5107,21
500103004,20231101,157,23,1,1,25.06864,121.5107,21
500103004,20231101,158,23,1,1,25.06864,121.5107,21
500103004,20231101,159,23,1,1,25.06864,121.5107,21
500103004,20231101,160,23,1,1,25.06864,121.5107,21
500103004,20231101,161,23,1,1,25.06864,121.5107,21
500103004,20231101,162,23,1,1,25.06864,121.5107,21
500103004,20231101,163,23,1,1,25.06864,121.5107,21
500103004,20231101,164,23,1,1,25.06864,121.5107,21
500103004,20231101,165,23,1,1,25.06864,121.5107,21
500103004,20231101,166,23,1,1,25.06864,121.5107,21
500103004,20231101,167,23,1,1,25.06864,121.5107,21
500103004,20231101,168,23,1,1,25.06864,121.5107,21
500103004,20231101,169,23,1,1,25.06864,121.5107,21
500103004,20231101,170,23,1,1,25.06864,121.5107,21
500103004,20231101,171,23,1,1,25.06864,121.5107,21
500103004,20231101,172,23,1,1,25.06864,121.5107,21
500103004,20231101,173,23,1,1,25.06864,121.5107,21
500103004,20231101,174,23,1,1,25.06864,121.5107,21
500103004,20231101,175,23,1,1,25.06864,121.5107,21
500103004,20231101,176,23,1,1,25.06864,121.5107,21
500103004,20231101,177,23,1,1,25.06864,121.5107,21
500103004,20231101,178,23,1,1,25.06864,121.5107,21
500103004,20231101,179,23,1,1,25.06864,121.5107,21
500103004,20231101,180,23,1,1,25.06864,121.5107,21
500103004,20231101,181,23,1,1,25.06864,121.5107,21
500103004,20231101,182,23,1,1,25.06864,121.5107,21
500103004,20231101,183,23,1,1,25.06864,121.5107,21
500103004,20231101,184,23,1,1,25.06864,121.5107,21
500103004,20231101,185,23,1,1,25.06864,121.5107,21
500103004,20231101,186,23,1,1,25.06864,121.5107,21
500103004,20231101,187,23,1,1,25.06864,121.5107,21
500103004,20231101,188,23,1,1,25.06864,121.5107,21
500103004,20231101,189,23,1,1,25.06864,121.5107,21
500103004,20231101,190,23,1,1,25.06864,121.5107,21
500103004,20231101,191,23,1,1,25.06864,121.5107,21
500103004,20231101,192,23,1,1,25.06864,121.5107,21
500103004,20231101,193,23,1,1,25.06864,121.5107,21
500103004,20231101,194,23,1,1,25.06864,121.5107,21
500103004,20231101,195,23,1,1,25.06864,121.5107,21
500103004,20231101,196,23,1,1,25.06864,121.5107,21
500103004,20231101,197,23,1,1,25.06864,121.5107,21
500103004,20231101,198,23,1,1,25.06864,121.5107,21
500103004,20231101,199,23,1,1,25.06864,121.5107,21
500103004,20231101,201,23,1,1,25.06864,121.5107,21
500103004,20231101,202,23,1,1,25.06864,121.5107,21
500103004,20231101,203,23,1,1,25.06864,121.5107,21
500103004,20231101,204,23,1,1,25.06864,121.5107,21
500103004,20231101,205,23,1,1,25.06864,121.5107,21
500103004,20231101,206,23,1,1,25.06864,121.5107,21
500103004,20231101,207,23,1,1,25.06864,121.5107,21
500103004,20231101,208,23,1,1,25.06864,121.5107,21
500103004,20231101,209,23,1,1,25.06864,121.5107,21
500103004,20231101,210,23,1,1,25.06864,121.5107,21
500103004,20231101,211,23,1,1,25.06864,121.5107,21
500103004,20231101,212,23,1,1,25.06864,121.5107,21
500103004,20231101,213,23,1,1,25.06864,121.5107,21
500103004,20231101,214,23,1,1,25.06864,121.5107,21
500103004,20231101,215,23,1,1,25.06864,121.5107,21
500103004,20231101,216,23,1,1,25.06864,121.5107,21
500103004,20231101,217,23,1,1,25.06864,121.5107,21
500103004,20231101,218,23,1,1,25.06864,121.5107,21
500103004,20231101,219,23,1,1,25.06864,121.5107,21
500103004,20231101,220,23,1,1,25.06864,121.5107,21
500103004,20231101,221,23,1,1,25.06864,121.5107,21
500103004,20231101,222,23,1,1,25.06864,121.5107,21
500103004,20231101,223,23,1,1,25.06864,121.5107,21
500103004,20231101,224,23,1,1,25.06864,121.5107,21
500103004,20231101,225,23,1,1,25.06864,121.5107,21
500103004,20231101,226,23,1,1,25.06864,121.5107,21
500103004,20231101,227,23,1,1,25.06864,121.5107,21
500103004,20231101,228,23,1,1,25.06864,121.5107,21
500103004,20231101,229,23,1,1,25.06864,121.5107,21
500103004,20231101,230,23,1,1,25.06864,121.5107,21
500103004,20231101,231,23,1,1,25.06864,121.5107,21
500103004,20231101,232,23,1,1,25.06864,121.5107,21
500103004,20231101,233,23,1,1,25.06864,121.5107,21
500103004,20231101,234,23,1,1,25.06864,121.5107,21
500103004,20231101,235,23,1,1,25.06864,121.5107,21
500103004,20231101,236,23,1,1,25.06864,121.5107,21
500103004,20231101,237,23,1,1,25.06864,121.5107,21
500103004,20231101,238,23,1,1,25.06864,121.5107,21
500103004,20231101,239,23,1,1,25.06864,121.5107,21
500103004,20231101,240,23,1,1,25.06864,121.5107,21
500103004,20231101,241,23,1,1,25.06864,121.5107,21
500103004,20231101,242,23,2,1,25.06864,121.5107,20
500103004,20231101,243,23,2,1,25.06864,121.5107,20
500103004,20231101,244,23,2,1,25.06864,121.5107,20
500103004,20231101,245,23,2,1,25.06864,121.5107,20
500103004,20231101,246,23,2,1,25.06864,121.5107,20
500103004,20231101,247,23,2,1,25.06864,121.5107,20
500103004,20231101,248,23,2,1,25.06864,121.5107,20
500103004,20231101,249,23,2,1,25.06864,121.5107,20
500103004,20231101,250,23,2,1,25.06864,121.5107,20
500103004,20231101,251,23,2,1,25.06864,121.5107,20
500103004,20231101,252,23,2,1,25.06864,121.5107,20
500103004,20231101,253,23,2,1,25.06864,121.5107,20
500103004,20231101,254,23,2,1,25.06864,121.5107,20
500103004,20231101,255,23,2,1,25.06864,121.5107,20
500103004,20231101,256,23,2,1,25.06864,121.5107,20
500103004,20231101,257,23,2,1,25.06864,121.5107,20
500103004,20231101,258,23,2,1,25.06864,121.5107,20
500103004,20231101,259,23,2,1,25.06864,121.5107,20
500103004,20231101,261,23,2,1,25.06864,121.5107,20
500103004,20231101,262,23,2,1,25.06864,121.5107,20
500103004,20231101,263,23,2,1,25.06864,121.5107,20
500103004,20231101,264,23,1,1,25.06864,121.5107,21
500103004,20231101,265,23,1,1,25.06864,121.5107,21
500103004,20231101,266,23,1,1,25.06864,121.5107,21
500103004,20231101,267,23,1,1,25.06864,121.5107,21
500103004,20231101,268,23,1,1,25.06864,121.5107,21
500103004,20231101,269,23,1,1,25.06864,121.5107,21
500103004,20231101,270,23,1,1,25.06864,121.5107,21
500103004,20231101,271,23,1,1,25.06864,121.5107,21
500103004,20231101,272,23,1,1,25.06864,121.5107,21
500103004,20231101,273,23,1,1,25.06864,121.5107,21
500103004,20231101,274,23,1,1,25.06864,121.5107,21
500103004,20231101,275,23,1,1,25.06864,121.5107,21
500103004,20231101,276,23,1,1,25.06864,121.5107,21
500103004,20231101,277,23,1,1,25.06864,121.5107,21
500103004,20231101,278,23,1,1,25.06864,121.5107,21
500103004,20231101,279,23,1,1,25.06864,121.5107,21
500103004,20231101,280,23,1,1,25.06864,121.5107,21
500103004,20231101,281,23,1,1,25.06864,121.5107,21
500103004,20231101,282,23,1,1,25.06864,121.5107,21
500103004,20231101,283,23,1,1,25.06864,121.5107,21
500103004,20231101,284,23,1,1,25.06864,121.5107,21
500103004,20231101,285,23,1,1,25.06864,121.5107,21
500103004,20231101,286,23,1,1,25.06864,121.5107,21
500103004,20231101,287,23,1,1,25.06864,121.5107,21
500103004,20231101,288,23,1,1,25.06864,121.5107,21
500103004,20231101,289,23,1,1,25.06864,121.5107,21
500103004,20231101,290,23,1,1,25.06864,121.5107,21
500103004,20231101,291,23,1,1,25.06864,121.5107,21
500103004,20231101,292,23,1,1,25.06864,121.5107,21
500103004,20231101,293,23,1,1,25.06864,121.5107,21
500103004,20231101,294,23,1,1,25.06864,121.5107,21
500103004,20231101,295,23,1,1,25.06864,121.5107,21
500103004,20231101,296,23,1,1,25.06864,121.5107,21
500103004,20231101,297,23,1,1,25.06864,121.5107,21
500103004,20231101,298,23,1,1,25.06864,121.5107,21
500103004,20231101,299,23,1,1,25.06864,121.5107,21
500103004,20231101,300,23,1,1,25.06864,121.5107,21
500103004,20231101,301,23,1,1,25.06864,121.5107,21
500103004,20231101,302,23,1,1,25.06864,121.5107,21
500103004,20231101,303,23,1,1,25.06864,121.5107,21
500103004,20231101,305,23,1,1,25.06864,121.5107,21
500103004,20231101,306,23,1,1,25.06864,121.5107,21
500103004,20231101,307,23,1,1,25.06864,121.5107,21
500103004,20231101,308,23,1,1,25.06864,121.5107,21
500103004,20231101,309,23,1,1,25.06864,121.5107,21
500103004,20231101,311,23,1,1,25.06864,121.5107,21
500103004,20231101,312,23,1,1,25.06864,121.5107,21
500103004,20231101,313,23,1,1,25.06864,121.5107,21
500103004,20231101,314,23,1,1,25.06864,121.5107,21
500103004,20231101,315,23,1,1,25.06864,121.5107,21
500103004,20231101,316,23,1,1,25.06864,121.5107,21
500103004,20231101,317,23,1,1,25.06864,121.5107,21
500103004,20231101,318,23,1,1,25.06864,121.5107,21
500103004,20231101,319,23,1,1,25.06864,121.5107,21
500103004,20231101,321,23,1,1,25.06864,121.5107,21
500103004,20231101,322,23,1,1,25.06864,121.5107,21
500103004,20231101,323,23,1,1,25.06864,121.5107,21
500103004,20231101,324,23,1,1,25.06864,121.5107,21
500103004,20231101,325,23,1,1,25.06864,121.5107,21
500103004,20231101,326,23,1,1,25.06864,121.5107,21
500103004,20231101,327,23,1,1,25.06864,121.5107,21
500103004,20231101,328,23,1,1,25.06864,121.5107,21
500103004,20231101,329,23,1,1,25.06864,121.5107,21
500103004,20231101,331,23,1,1,25.06864,121.5107,21
500103004,20231101,332,23,1,1,25.06864,121.5107,21
500103004,20231101,333,23,1,1,25.06864,121.5107,21
500103004,20231101,334,23,1,1,25.06864,121.5107,21
500103004,20231101,335,23,1,1,25.06864,121.5107,21
500103004,20231101,336,23,1,1,25.06864,121.5107,21
500103004,20231101,337,23,1,1,25.06864,121.5107,21
500103004,20231101,338,23,1,1,25.06864,121.5107,21
500103004,20231101,339,23,1,1,25.06864,121.5107,21
500103004,20231101,341,23,2,1,25.06864,121.5107,20
500103004,20231101,342,23,2,1,25.06864,121.5107,20
500103004,20231101,343,23,2,1,25.06864,121.5107,20
500103004,20231101,344,23,2,1,25.06864,121.5107,20
500103004,20231101,345,23,2,1,25.06864,121.5107,20
500103004,20231101,346,23,2,1,25.06864,121.5107,20
500103004,20231101,347,23,2,1,25.06864,121.5107,20
500103004,20231101,348,23,2,1,25.06864,121.5107,20
500103004,20231101,349,23,2,1,25.06864,121.5107,20
500103004,20231101,351,23,2,1,25.06864,121.5107,20
500103004,20231101,352,23,2,1,25.06864,121.5107,20
500103004,20231101,353,23,2,1,25.06864,121.5107,20
500103004,20231101,354,23,2,1,25.06864,121.5107,20
500103004,20231101,355,23,2,1,25.06864,121.5107,20
500103004,20231101,356,23,2,1,25.06864,121.5107,20
500103004,20231101,357,23,2,1,25.06864,121.5107,20
500103004,20231101,358,23,3,1,25.06864,121.5107,19
500103004,20231101,359,23,3,1,25.06864,121.5107,19
500103004,20231101,361,23,3,1,25.06864,121.5107,19
500103004,20231101,362,23,3,1,25.06864,121.5107,19
500103004,20231101,363,23,4,1,25.06864,121.5107,18
500103004,20231101,364,23,4,1,25.06864,121.5107,18
500103004,20231101,365,23,4,1,25.06864,121.5107,18
500103004,20231101,366,23,3,1,25.06864,121.5107,19
500103004,20231101,367,23,3,1,25.06864,121.5107,19
500103004,20231101,368,23,2,1,25.06864,121.5107,20
500103004,20231101,369,23,2,1,25.06864,121.5107,20
500103004,20231101,370,23,2,1,25.06864,121.5107,20
500103004,20231101,371,23,2,1,25.06864,121.5107,20
500103004,20231101,372,23,2,1,25.06864,121.5107,20
500103004,20231101,373,23,2,1,25.06864,121.5107,20
500103004,20231101,374,23,2,1,25.06864,121.5107,20
500103004,20231101,375,23,4,1,25.06864,121.5107,18
500103004,20231101,376,23,4,1,25.06864,121.5107,18
500103004,20231101,377,23,4,1,25.06864,121.5107,18
500103004,20231101,378,23,4,1,25.06864,121.5107,18
500103004,20231101,379,23,4,1,25.06864,121.5107,18
500103004,20231101,381,23,3,1,25.06864,121.5107,19
500103004,20231101,382,23,3,1,25.06864,121.5107,19
500103004,20231101,383,23,3,1,25.06864,121.5107,19
500103004,20231101,384,23,3,1,25.06864,121.5107,19
500103004,20231101,385,23,3,1,25.06864,121.5107,19
500103004,20231101,386,23,3,1,25.06864,121.5107,19
500103004,20231101,387,23,3,1,25.06864,121.5107,19
500103004,20231101,388,23,3,1,25.06864,121.5107,19
500103004,20231101,389,23,4,1,25.06864,121.5107,18
500103004,20231101,390,23,4,1,25.06864,121.5107,18
500103004,20231101,391,23,4,1,25.06864,121.5107,18
500103004,20231101,392,23,5,1,25.06864,121.5107,17
500103004,20231101,393,23,5,1,25.06864,121.5107,17
500103004,20231101,394,23,5,1,25.06864,121.5107,17
500103004,20231101,395,23,5,1,25.06864,121.5107,17
500103004,20231101,396,23,5,1,25.06864,121.5107,17
500103004,20231101,397,23,5,1,25.06864,121.5107,17
500103004,20231101,398,23,5,1,25.06864,121.5107,17
500103004,20231101,399,23,5,1,25.06864,121.5107,17
500103004,20231101,400,23,5,1,25.06864,121.5107,17
500103004,20231101,401,23,5,1,25.06864,121.5107,17
500103004,20231101,402,23,6,1,25.06864,121.5107,16
500103004,20231101,403,23,6,1,25.06864,121.5107,16
500103004,20231101,404,23,6,1,25.06864,121.5107,16
500103004,20231101,405,23,6,1,25.06864,121.5107,16
500103004,20231101,406,23,6,1,25.06864,121.5107,16
500103004,20231101,407,23,6,1,25.06864,121.5107,16
500103004,20231101,408,23,6,1,25.06864,121.5107,16
500103004,20231101,409,23,6,1,25.06864,121.5107,16
500103004,20231101,410,23,6,1,25.06864,121.5107,16
500103004,20231101,411,23,6,1,25.06864,121.5107,16
500103004,20231101,412,23,7,1,25.06864,121.5107,15
500103004,20231101,413,23,7,1,25.06864,121.5107,15
500103004,20231101,414,23,7,1,25.06864,121.5107,15
500103004,20231101,415,23,7,1,25.06864,121.5107,15
500103004,20231101,416,23,7,1,25.06864,121.5107,15
500103004,20231101,417,23,7,1,25.06864,121.5107,15
500103004,20231101,419,23,7,1,25.06864,121.5107,15
500103004,20231101,421,23,7,1,25.06864,121.5107,15
500103004,20231101,422,23,7,1,25.06864,121.5107,15
500103004,20231101,423,23,7,1,25.06864,121.5107,15
500103004,20231101,424,23,8,1,25.06864,121.5107,14
500103004,20231101,425,23,9,1,25.06864,121.5107,13
500103004,20231101,426,23,10,1,25.06864,121.5107,12
500103004,20231101,427,23,10,1,25.06864,121.5107,12
500103004,20231101,428,23,10,1,25.06864,121.5107,12
500103004,20231101,429,23,10,1,25.06864,121.5107,12
500103004,20231101,430,23,10,1,25.06864,121.5107,12
500103004,20231101,431,23,11,1,25.06864,121.5107,11
500103004,20231101,432,23,11,1,25.06864,121.5107,11
500103004,20231101,433,23,11,1,25.06864,121.5107,11
500103004,20231101,434,23,11,1,25.06864,121.5107,11
500103004,20231101,435,23,11,1,25.06864,121.5107,11
500103004,20231101,436,23,11,1,25.06864,121.5107,11
500103004,20231101,437,23,11,1,25.06864,121.5107,11
500103004,20231101,438,23,11,1,25.06864,121.5107,11
500103004,20231101,439,23,6,1,25.06864,121.5107,16
500103004,20231101,441,23,3,1,25.06864,121.5107,19
500103004,20231101,442,23,3,1,25.06864,121.5107,19
500103004,20231101,443,23,0,1,25.06864,121.5107,22
500103004,20231101,444,23,0,1,25.06864,121.5107,22
500103004,20231101,445,23,1,1,25.06864,121.5107,21
500103004,20231101,446,23,1,1,25.06864,121.5107,21
500103004,20231101,447,23,2,1,25.06864,121.5107,20
500103004,20231101,448,23,2,1,25.06864,121.5107,20
500103004,20231101,449,23,3,1,25.06864,121.5107,19
500103004,20231101,451,23,3,1,25.06864,121.5107,19
500103004,20231101,452,23,2,1,25.06864,121.5107,20
500103004,20231101,453,23,4,1,25.06864,121.5107,18
500103004,20231101,454,23,4,1,25.06864,121.5107,18
500103004,20231101,455,23,4,1,25.06864,121.5107,18
500103004,20231101,456,23,6,1,25.06864,121.5107,16
500103004,20231101,457,23,5,1,25.06864,121.5107,17
500103004,20231101,458,23,5,1,25.06864,121.5107,17
500103004,20231101,459,23,5,1,25.06864,121.5107,17
500103004,20231101,460,23,6,1,25.06864,121.5107,16
500103004,20231101,461,23,6,1,25.06864,121.5107,16
500103004,20231101,462,23,7,1,25.06864,121.5107,15
500103004,20231101,463,23,7,1,25.06864,121.5107,15
500103004,20231101,464,23,7,1,25.06864,121.5107,15
500103004,20231101,465,23,7,1,25.06864,121.5107,15
500103004,20231101,466,23,7,1,25.06864,121.5107,15
500103004,20231101,467,23,8,1,25.06864,121.5107,14
500103004,20231101,468,23,8,1,25.06864,121.5107,14
500103004,20231101,469,23,8,1,25.06864,121.5107,14
500103004,20231101,470,23,9,1,25.06864,121.5107,13
500103004,20231101,471,23,9,1,25.06864,121.5107,13
500103004,20231101,472,23,9,1,25.06864,121.5107,13
500103004,20231101,473,23,9,1,25.06864,121.5107,13
500103004,20231101,475,23,9,1,25.06864,121.5107,13
500103004,20231101,476,23,11,1,25.06864,121.5107,11
500103004,20231101,477,23,13,1,25.06864,121.5107,9
500103004,20231101,478,23,13,1,25.06864,121.5107,9
500103004,20231101,479,23,14,1,25.06864,121.5107,8
500103004,20231101,481,23,14,1,25.06864,121.5107,8
500103004,20231101,482,23,15,1,25.06864,121.5107,7
500103004,20231101,483,23,15,1,25.06864,121.5107,7
500103004,20231101,484,23,17,1,25.06864,121.5107,5
500103004,20231101,485,23,18,1,25.06864,121.5107,4
500103004,20231101,486,23,18,1,25.06864,121.5107,4
500103004,20231101,487,23,17,1,25.06864,121.5107,5
500103004,20231101,488,23,16,1,25.06864,121.5107,6
500103004,20231101,489,23,17,1,25.06864,121.5107,5
500103004,20231101,490,23,17,1,25.06864,121.5107,5
500103004,20231101,491,23,16,1,25.06864,121.5107,6
500103004,20231101,492,23,16,1,25.06864,121.5107,6
500103004,20231101,493,23,16,1,25.06864,121.5107,6
500103004,20231101,494,23,17,1,25.06864,121.5107,5
500103004,20231101,495,23,18,1,25.06864,121.5107,4
500103004,20231101,496,23,17,1,25.06864,121.5107,5
500103004,20231101,497,23,18,1,25.06864,121.5107,4
500103004,20231101,498,23,19,1,25.06864,121.5107,3
500103004,20231101,499,23,20,1,25.06864,121.5107,2
500103004,20231101,501,23,20,1,25.06864,121.5107,2
500103004,20231101,503,23,22,1,25.06864,121.5107,0
500103004,20231101,504,23,22,1,25.06864,121.5107,0
500103004,20231101,505,23,22,1,25.06864,121.5107,0
500103004,20231101,506,23,21,1,25.06864,121.5107,1
500103004,20231101,507,23,21,1,25.06864,121.5107,1
500103004,20231101,508,23,22,1,25.06864,121.5107,0
500103004,20231101,509,23,22,1,25.06864,121.5107,0
500103004,20231101,511,23,22,1,25.06864,121.5107,0
500103004,20231101,512,23,21,1,25.06864,121.5107,1
500103004,20231101,513,23,21,1,25.06864,121.5107,1
500103004,20231101,514,23,22,1,25.06864,121.5107,0
500103004,20231101,515,23,22,1,25.06864,121.5107,0
500103004,20231101,516,23,22,1,25.06864,121.5107,0
500103004,20231101,517,23,19,1,25.06864,121.5107,3
500103004,20231101,518,23,17,1,25.06864,121.5107,5
500103004,20231101,519,23,13,1,25.06864,121.5107,9
500103004,20231101,520,23,12,1,25.06864,121.5107,10
500103004,20231101,521,23,12,1,25.06864,121.5107,10
500103004,20231101,522,23,13,1,25.06864,121.5107,9
500103004,20231101,523,23,13,1,25.06864,121.5107,9
500103004,20231101,524,23,11,1,25.06864,121.5107,11
500103004,20231101,525,23,11,1,25.06864,121.5107,11
500103004,20231101,526,23,11,1,25.06864,121.5107,11
500103004,20231101,527,23,11,1,25.06864,121.5107,11
500103004,20231101,528,23,11,1,25.06864,121.5107,11
500103004,20231101,529,23,10,1,25.06864,121.5107,12
500103004,20231101,530,23,11,1,25.06864,121.5107,11
500103004,20231101,531,23,12,1,25.06864,121.5107,10
500103004,20231101,532,23,12,1,25.06864,121.5107,10
500103004,20231101,533,23,12,1,25.06864,121.5107,10
500103004,20231101,534,23,12,1,25.06864,121.5107,10
500103004,20231101,535,23,12,1,25.06864,121.5107,10
500103004,20231101,536,23,13,1,25.06864,121.5107,9
500103004,20231101,537,23,13,1,25.06864,121.5107,9
500103004,20231101,538,23,13,1,25.06864,121.5107,9
500103004,20231101,539,23,13,1,25.06864,121.5107,9
500103004,20231101,541,23,13,1,25.06864,121.5107,9
500103004,20231101,542,23,13,1,25.06864,121.5107,9
500103004,20231101,543,23,13,1,25.06864,121.5107,9
500103004,20231101,544,23,13,1,25.06864,121.5107,9
500103004,20231101,545,23,14,1,25.06864,121.5107,8
500103004,20231101,546,23,14,1,25.06864,121.5107,8
500103004,20231101,547,23,14,1,25.06864,121.5107,8
500103004,20231101,548,23,14,1,25.06864,121.5107,8
500103004,20231101,549,23,14,1,25.06864,121.5107,8
500103004,20231101,550,23,15,1,25.06864,121.5107,7
500103004,20231101,551,23,16,1,25.06864,121.5107,6
500103004,20231101,552,23,16,1,25.06864,121.5107,6
500103004,20231101,553,23,17,1,25.06864,121.5107,5
500103004,20231101,554,23,17,1,25.06864,121.5107,5
500103004,20231101,555,23,17,1,25.06864,121.5107,5
500103004,20231101,556,23,16,1,25.06864,121.5107,6
500103004,20231101,557,23,16,1,25.06864,121.5107,6
500103004,20231101,558,23,16,1,25.06864,121.5107,6
500103004,20231101,559,23,17,1,25.06864,121.5107,5
500103004,20231101,561,23,17,1,25.06864,121.5107,5
500103004,20231101,562,23,17,1,25.06864,121.5107,5
500103004,20231101,563,23,17,1,25.06864,121.5107,5
500103004,20231101,564,23,17,1,25.06864,121.5107,5
500103004,20231101,565,23,17,1,25.06864,121.5107,5
500103004,20231101,566,23,17,1,25.06864,121.5107,5
500103004,20231101,567,23,18,1,25.06864,121.5107,4
500103004,20231101,568,23,17,1,25.06864,121.5107,5
500103004,20231101,569,23,17,1,25.06864,121.5107,5
500103004,20231101,571,23,17,1,25.06864,121.5107,5
500103004,20231101,572,23,17,1,25.06864,121.5107,5
500103004,20231101,573,23,17,1,25.06864,121.5107,5
500103004,20231101,574,23,17,1,25.06864,121.5107,5
500103004,20231101,575,23,17,1,25.06864,121.5107,5
500103004,20231101,576,23,18,1,25.06864,121.5107,4
500103004,20231101,577,23,19,1,25.06864,121.5107,3
500103004,20231101,578,23,19,1,25.06864,121.5107,3
500103004,20231101,579,23,19,1,25.06864,121.5107,3
500103004,20231101,580,23,19,1,25.06864,121.5107,3
500103004,20231101,581,23,19,1,25.06864,121.5107,3
500103004,20231101,582,23,19,1,25.06864,121.5107,3
500103004,20231101,583,23,20,1,25.06864,121.5107,2
500103004,20231101,584,23,20,1,25.06864,121.5107,2
500103004,20231101,585,23,20,1,25.06864,121.5107,2
500103004,20231101,586,23,20,1,25.06864,121.5107,2
500103004,20231101,587,23,20,1,25.06864,121.5107,2
500103004,20231101,588,23,20,1,25.06864,121.5107,2
500103004,20231101,589,23,20,1,25.06864,121.5107,2
500103004,20231101,590,23,20,1,25.06864,121.5107,2
500103004,20231101,591,23,20,1,25.06864,121.5107,2
500103004,20231101,592,23,20,1,25.06864,121.5107,2
500103004,20231101,593,23,21,1,25.06864,121.5107,1
500103004,20231101,594,23,21,1,25.06864,121.5107,1
500103004,20231101,595,23,21,1,25.06864,121.5107,1
500103004,20231101,596,23,22,1,25.06864,121.5107,0
500103004,20231101,597,23,22,1,25.06864,121.5107,0
500103004,20231101,598,23,22,1,25.06864,121.5107,0
500103004,20231101,599,23,22,1,25.06864,121.5107,0
500103004,20231101,601,23,22,1,25.06864,121.5107,0
500103004,20231101,602,23,22,1,25.06864,121.5107,0
500103004,20231101,603,23,22,1,25.06864,121.5107,0
500103004,20231101,604,23,22,1,25.06864,121.5107,0
500103004,20231101,605,23,22,1,25.06864,121.5107,0
500103004,20231101,606,23,22,1,25.06864,121.5107,0
500103004,20231101,607,23,22,1,25.06864,121.5107,0
500103004,20231101,608,23,22,1,25.06864,121.5107,0
500103004,20231101,609,23,22,1,25.06864,121.5107,0
500103004,20231101,610,23,22,1,25.06864,121.5107,0
500103004,20231101,611,23,22,1,25.06864,121.5107,0
500103004,20231101,612,23,22,1,25.06864,121.5107,0
500103004,20231101,613,23,22,1,25.06864,121.5107,0
500103004,20231101,614,23,22,1,25.06864,121.5107,0
500103004,20231101,615,23,22,1,25.06864,121.5107,0
500103004,20231101,616,23,22,1,25.06864,121.5107,0
500103004,20231101,617,23,22,1,25.06864,121.5107,0
500103004,20231101,618,23,22,1,25.06864,121.5107,0
500103004,20231101,619,23,22,1,25.06864,121.5107,0
500103004,20231101,621,23,22,1,25.06864,121.5107,0
500103004,20231101,622,23,22,1,25.06864,121.5107,0
500103004,20231101,623,23,22,1,25.06864,121.5107,0
500103004,20231101,624,23,22,1,25.06864,121.5107,0
500103004,20231101,625,23,22,1,25.06864,121.5107,0
500103004,20231101,626,23,21,1,25.06864,121.5107,1
500103004,20231101,627,23,21,1,25.06864,121.5107,1
500103004,20231101,628,23,21,1,25.06864,121.5107,1
500103004,20231101,629,23,21,1,25.06864,121.5107,1
500103004,20231101,631,23,21,1,25.06864,121.5107,1
500103004,20231101,632,23,21,1,25.06864,121.5107,1
500103004,20231101,633,23,21,1,25.06864,121.5107,1
500103004,20231101,634,23,21,1,25.06864,121.5107,1
500103004,20231101,635,23,21,1,25.06864,121.5107,1
500103004,20231101,636,23,21,1,25.06864,121.5107,1
500103004,20231101,637,23,22,1,25.06864,121.5107,0
500103004,20231101,638,23,22,1,25.06864,121.5107,0
500103004,20231101,639,23,22,1,25.06864,121.5107,0
500103004,20231101,640,23,22,1,25.06864,121.5107,0
500103004,20231101,641,23,22,1,25.06864,121.5107,0
500103004,20231101,642,23,22,1,25.06864,121.5107,0
500103004,20231101,643,23,22,1,25.06864,121.5107,0
500103004,20231101,644,23,22,1,25.06864,121.5107,0
500103004,20231101,645,23,22,1,25.06864,121.5107,0
500103004,20231101,646,23,22,1,25.06864,121.5107,0
500103004,20231101,647,23,22,1,25.06864,121.5107,0
500103004,20231101,648,23,22,1,25.06864,121.5107,0
500103004,20231101,649,23,22,1,25.06864,121.5107,0
500103004,20231101,650,23,22,1,25.06864,121.5107,0
500103004,20231101,651,23,22,1,25.06864,121.5107,0
500103004,20231101,652,23,22,1,25.06864,121.5107,0
500103004,20231101,653,23,22,1,25.06864,121.5107,0
500103004,20231101,654,23,22,1,25.06864,121.5107,0
500103004,20231101,655,23,22,1,25.06864,121.5107,0
500103004,20231101,656,23,22,1,25.06864,121.5107,0
500103004,20231101,657,23,22,1,25.06864,121.5107,0
500103004,20231101,658,23,22,1,25.06864,121.5107,0
500103004,20231101,659,23,22,1,25.06864,121.5107,0
500103004,20231101,661,23,22,1,25.06864,121.5107,0
500103004,20231101,662,23,22,1,25.06864,121.5107,0
500103004,20231101,663,23,22,1,25.06864,121.5107,0
500103004,20231101,664,23,22,1,25.06864,121.5107,0
500103004,20231101,665,23,22,1,25.06864,121.5107,0
500103004,20231101,666,23,22,1,25.06864,121.5107,0
500103004,20231101,667,23,22,1,25.06864,121.5107,0
500103004,20231101,668,23,22,1,25.06864,121.5107,0
500103004,20231101,669,23,22,1,25.06864,121.5107,0
500103004,20231101,670,23,22,1,25.06864,121.5107,0
500103004,20231101,671,23,22,1,25.06864,121.5107,0
500103004,20231101,672,23,22,1,25.06864,121.5107,0
500103004,20231101,673,23,22,1,25.06864,121.5107,0
500103004,20231101,674,23,22,1,25.06864,121.5107,0
500103004,20231101,675,23,22,1,25.06864,121.5107,0
500103004,20231101,676,23,22,1,25.06864,121.5107,0
500103004,20231101,677,23,22,1,25.06864,121.5107,0
500103004,20231101,678,23,21,1,25.06864,121.5107,1
500103004,20231101,679,23,21,1,25.06864,121.5107,1
500103004,20231101,681,23,22,1,25.06864,121.5107,0
500103004,20231101,682,23,22,1,25.06864,121.5107,0
500103004,20231101,683,23,22,1,25.06864,121.5107,0
500103004,20231101,684,23,22,1,25.06864,121.5107,0
500103004,20231101,685,23,22,1,25.06864,121.5107,0
500103004,20231101,686,23,22,1,25.06864,121.5107,0
500103004,20231101,687,23,22,1,25.06864,121.5107,0
500103004,20231101,688,23,22,1,25.06864,121.5107,0
500103004,20231101,689,23,22,1,25.06864,121.5107,0
500103004,20231101,690,23,22,1,25.06864,121.5107,0
500103004,20231101,691,23,22,1,25.06864,121.5107,0
500103004,20231101,693,23,22,1,25.06864,121.5107,0
500103004,20231101,694,23,22,1,25.06864,121.5107,0
500103004,20231101,695,23,22,1,25.06864,121.5107,0
500103004,20231101,696,23,21,1,25.06864,121.5107,1
500103004,20231101,697,23,21,1,25.06864,121.5107,1
500103004,20231101,698,23,21,1,25.06864,121.5107,1
500103004,20231101,699,23,21,1,25.06864,121.5107,1
500103004,20231101,700,23,21,1,25.06864,121.5107,1
500103004,20231101,701,23,21,1,25.06864,121.5107,1
500103004,20231101,702,23,21,1,25.06864,121.5107,1
500103004,20231101,704,23,20,1,25.06864,121.5107,2
500103004,20231101,706,23,21,1,25.06864,121.5107,1
500103004,20231101,707,23,21,1,25.06864,121.5107,1
500103004,20231101,708,23,21,1,25.06864,121.5107,1
500103004,20231101,709,23,21,1,25.06864,121.5107,1
500103004,20231101,710,23,22,1,25.06864,121.5107,0
500103004,20231101,711,23,22,1,25.06864,121.5107,0
500103004,20231101,712,23,22,1,25.06864,121.5107,0
500103004,20231101,713,23,22,1,25.06864,121.5107,0
500103004,20231101,714,23,22,1,25.06864,121.5107,0
500103004,20231101,715,23,22,1,25.06864,121.5107,0
500103004,20231101,716,23,22,1,25.06864,121.5107,0
500103004,20231101,717,23,22,1,25.06864,121.5107,0
500103004,20231101,718,23,22,1,25.06864,121.5107,0
500103004,20231101,719,23,22,1,25.06864,121.5107,0
500103004,20231101,721,23,22,1,25.06864,121.5107,0
500103004,20231101,722,23,22,1,25.06864,121.5107,0
500103004,20231101,723,23,22,1,25.06864,121.5107,0
500103004,20231101,724,23,22,1,25.06864,121.5107,0
500103004,20231101,725,23,22,1,25.06864,121.5107,0
500103004,20231101,726,23,22,1,25.06864,121.5107,0
500103004,20231101,727,23,22,1,25.06864,121.5107,0
500103004,20231101,728,23,22,1,25.06864,121.5107,0
500103004,20231101,729,23,22,1,25.06864,121.5107,0
500103004,20231101,730,23,22,1,25.06864,121.5107,0
500103004,20231101,731,23,22,1,25.06864,121.5107,0
500103004,20231101,732,23,22,1,25.06864,121.5107,0
500103004,20231101,733,23,22,1,25.06864,121.5107,0
500103004,20231101,734,23,22,1,25.06864,121.5107,0
500103004,20231101,735,23,22,1,25.06864,121.5107,0
500103004,20231101,736,23,21,1,25.06864,121.5107,1
500103004,20231101,737,23,21,1,25.06864,121.5107,1
500103004,20231101,738,23,21,1,25.06864,121.5107,1
500103004,20231101,739,23,21,1,25.06864,121.5107,1
500103004,20231101,741,23,20,1,25.06864,121.5107,2
500103004,20231101,742,23,20,1,25.06864,121.5107,2
500103004,20231101,743,23,20,1,25.06864,121.5107,2
500103004,20231101,744,23,20,1,25.06864,121.5107,2
500103004,20231101,745,23,20,1,25.06864,121.5107,2
500103004,20231101,746,23,20,1,25.06864,121.5107,2
500103004,20231101,747,23,20,1,25.06864,121.5107,2
500103004,20231101,748,23,20,1,25.06864,121.5107,2
500103004,20231101,749,23,20,1,25.06864,121.5107,2
500103004,20231101,751,23,20,1,25.06864,121.5107,2
500103004,20231101,752,23,20,1,25.06864,121.5107,2
500103004,20231101,753,23,20,1,25.06864,121.5107,2
500103004,20231101,754,23,20,1,25.06864,121.5107,2
500103004,20231101,755,23,20,1,25.06864,121.5107,2
500103004,20231101,756,23,20,1,25.06864,121.5107,2
500103004,20231101,757,23,20,1,25.06864,121.5107,2
500103004,20231101,758,23,20,1,25.06864,121.5107,2
500103004,20231101,759,23,20,1,25.06864,121.5107,2
500103004,20231101,760,23,20,1,25.06864,121.5107,2
500103004,20231101,761,23,20,1,25.06864,121.5107,2
500103004,20231101,762,23,20,1,25.06864,121.5107,2
500103004,20231101,763,23,20,1,25.06864,121.5107,2
500103004,20231101,764,23,20,1,25.06864,121.5107,2
500103004,20231101,765,23,20,1,25.06864,121.5107,2
500103004,20231101,766,23,20,1,25.06864,121.5107,2
500103004,20231101,767,23,20,1,25.06864,121.5107,2
500103004,20231101,768,23,19,1,25.06864,121.5107,3
500103004,20231101,769,23,19,1,25.06864,121.5107,3
500103004,20231101,770,23,19,1,25.06864,121.5107,3
500103004,20231101,771,23,19,1,25.06864,121.5107,3
500103004,20231101,772,23,19,1,25.06864,121.5107,3
500103004,20231101,773,23,20,1,25.06864,121.5107,2
500103004,20231101,774,23,20,1,25.06864,121.5107,2
500103004,20231101,775,23,20,1,25.06864,121.5107,2
500103004,20231101,776,23,20,1,25.06864,121.5107,2
500103004,20231101,777,23,21,1,25.06864,121.5107,1
500103004,20231101,778,23,21,1,25.06864,121.5107,1
500103004,20231101,779,23,20,1,25.06864,121.5107,2
500103004,20231101,781,23,19,1,25.06864,121.5107,3
500103004,20231101,782,23,18,1,25.06864,121.5107,4
500103004,20231101,783,23,18,1,25.06864,121.5107,4
500103004,20231101,784,23,18,1,25.06864,121.5107,4
500103004,20231101,785,23,18,1,25.06864,121.5107,4
500103004,20231101,786,23,18,1,25.06864,121.5107,4
500103004,20231101,787,23,18,1,25.06864,121.5107,4
500103004,20231101,788,23,17,1,25.06864,121.5107,5
500103004,20231101,789,23,17,1,25.06864,121.5107,5
500103004,20231101,790,23,17,1,25.06864,121.5107,5
500103004,20231101,791,23,17,1,25.06864,121.5107,5
500103004,20231101,792,23,17,1,25.06864,121.5107,5
500103004,20231101,793,23,16,1,25.06864,121.5107,6
500103004,20231101,794,23,16,1,25.06864,121.5107,6
500103004,20231101,795,23,16,1,25.06864,121.5107,6
500103004,20231101,796,23,16,1,25.06864,121.5107,6
500103004,20231101,797,23,17,1,25.06864,121.5107,5
500103004,20231101,798,23,16,1,25.06864,121.5107,6
500103004,20231101,799,23,16,1,25.06864,121.5107,6
500103004,20231101,801,23,15,1,25.06864,121.5107,7
500103004,20231101,802,23,15,1,25.06864,121.5107,7
500103004,20231101,803,23,15,1,25.06864,121.5107,7
500103004,20231101,804,23,15,1,25.06864,121.5107,7
500103004,20231101,805,23,15,1,25.06864,121.5107,7
500103004,20231101,806,23,15,1,25.06864,121.5107,7
500103004,20231101,807,23,15,1,25.06864,121.5107,7
500103004,20231101,808,23,15,1,25.06864,121.5107,7
500103004,20231101,809,23,15,1,25.06864,121.5107,7
500103004,20231101,811,23,15,1,25.06864,121.5107,7
500103004,20231101,812,23,15,1,25.06864,121.5107,7
500103004,20231101,813,23,16,1,25.06864,121.5107,6
500103004,20231101,814,23,16,1,25.06864,121.5107,6
500103004,20231101,815,23,17,1,25.06864,121.5107,5
500103004,20231101,816,23,17,1,25.06864,121.5107,5
500103004,20231101,817,23,16,1,25.06864,121.5107,6
500103004,20231101,818,23,16,1,25.06864,121.5107,6
500103004,20231101,819,23,18,1,25.06864,121.5107,4
500103004,20231101,820,23,17,1,25.06864,121.5107,5
500103004,20231101,821,23,17,1,25.06864,121.5107,5
500103004,20231101,822,23,17,1,25.06864,121.5107,5
500103004,20231101,823,23,17,1,25.06864,121.5107,5
500103004,20231101,824,23,17,1,25.06864,121.5107,5
500103004,20231101,825,23,17,1,25.06864,121.5107,5
500103004,20231101,826,23,16,1,25.06864,121.5107,6
500103004,20231101,827,23,16,1,25.06864,121.5107,6
500103004,20231101,828,23,16,1,25.06864,121.5107,6
500103004,20231101,829,23,16,1,25.06864,121.5107,6
500103004,20231101,830,23,16,1,25.06864,121.5107,6
500103004,20231101,831,23,16,1,25.06864,121.5107,6
500103004,20231101,832,23,16,1,25.06864,121.5107,6
500103004,20231101,833,23,16,1,25.06864,121.5107,6
500103004,20231101,834,23,15,1,25.06864,121.5107,7
500103004,20231101,835,23,15,1,25.06864,121.5107,7
500103004,20231101,836,23,15,1,25.06864,121.5107,7
500103004,20231101,837,23,15,1,25.06864,121.5107,7
500103004,20231101,838,23,15,1,25.06864,121.5107,7
500103004,20231101,839,23,16,1,25.06864,121.5107,6
500103004,20231101,841,23,16,1,25.06864,121.5107,6
500103004,20231101,842,23,16,1,25.06864,121.5107,6
500103004,20231101,843,23,16,1,25.06864,121.5107,6
500103004,20231101,844,23,16,1,25.06864,121.5107,6
500103004,20231101,845,23,16,1,25.06864,121.5107,6
500103004,20231101,846,23,16,1,25.06864,121.5107,6
500103004,20231101,847,23,15,1,25.06864,121.5107,7
500103004,20231101,848,23,15,1,25.06864,121.5107,7
500103004,20231101,849,23,17,1,25.06864,121.5107,5
500103004,20231101,850,23,17,1,25.06864,121.5107,5
500103004,20231101,851,23,17,1,25.06864,121.5107,5
500103004,20231101,852,23,18,1,25.06864,121.5107,4
500103004,20231101,853,23,18,1,25.06864,121.5107,4
500103004,20231101,854,23,18,1,25.06864,121.5107,4
500103004,20231101,856,23,17,1,25.06864,121.5107,5
500103004,20231101,857,23,17,1,25.06864,121.5107,5
500103004,20231101,858,23,17,1,25.06864,121.5107,5
500103004,20231101,859,23,17,1,25.06864,121.5107,5
500103004,20231101,861,23,17,1,25.06864,121.5107,5
500103004,20231101,862,23,17,1,25.06864,121.5107,5
500103004,20231101,863,23,17,1,25.06864,121.5107,5
500103004,20231101,864,23,17,1,25.06864,121.5107,5
500103004,20231101,865,23,17,1,25.06864,121.5107,5
500103004,20231101,866,23,17,1,25.06864,121.5107,5
500103004,20231101,867,23,17,1,25.06864,121.5107,5
500103004,20231101,868,23,17,1,25.06864,121.5107,5
500103004,20231101,869,23,16,1,25.06864,121.5107,6
500103004,20231101,871,23,18,1,25.06864,121.5107,4
500103004,20231101,872,23,18,1,25.06864,121.5107,4
500103004,20231101,873,23,19,1,25.06864,121.5107,3
500103004,20231101,874,23,19,1,25.06864,121.5107,3
500103004,20231101,875,23,18,1,25.06864,121.5107,4
500103004,20231101,876,23,18,1,25.06864,121.5107,4
500103004,20231101,877,23,18,1,25.06864,121.5107,4
500103004,20231101,878,23,18,1,25.06864,121.5107,4
500103004,20231101,879,23,18,1,25.06864,121.5107,4
500103004,20231101,881,23,18,1,25.06864,121.5107,4
500103004,20231101,882,23,19,1,25.06864,121.5107,3
500103004,20231101,883,23,19,1,25.06864,121.5107,3
500103004,20231101,884,23,19,1,25.06864,121.5107,3
500103004,20231101,885,23,18,1,25.06864,121.5107,4
500103004,20231101,886,23,19,1,25.06864,121.5107,3
500103004,20231101,887,23,20,1,25.06864,121.5107,2
500103004,20231101,888,23,20,1,25.06864,121.5107,2
500103004,20231101,889,23,20,1,25.06864,121.5107,2
500103004,20231101,891,23,20,1,25.06864,121.5107,2
500103004,20231101,892,23,20,1,25.06864,121.5107,2
500103004,20231101,893,23,20,1,25.06864,121.5107,2
500103004,20231101,894,23,20,1,25.06864,121.5107,2
500103004,20231101,895,23,20,1,25.06864,121.5107,2
500103004,20231101,896,23,21,1,25.06864,121.5107,1
500103004,20231101,897,23,21,1,25.06864,121.5107,1
500103004,20231101,898,23,21,1,25.06864,121.5107,1
500103004,20231101,899,23,21,1,25.06864,121.5107,1
500103004,20231101,901,23,21,1,25.06864,121.5107,1
500103004,20231101,902,23,21,1,25.06864,121.5107,1
500103004,20231101,903,23,21,1,25.06864,121.5107,1
500103004,20231101,904,23,21,1,25.06864,121.5107,1
500103004,20231101,905,23,21,1,25.06864,121.5107,1
500103004,20231101,906,23,21,1,25.06864,121.5107,1
500103004,20231101,907,23,21,1,25.06864,121.5107,1
500103004,20231101,908,23,21,1,25.06864,121.5107,1
500103004,20231101,909,23,21,1,25.06864,121.5107,1
500103004,20231101,911,23,21,1,25.06864,121.5107,1
500103004,20231101,912,23,20,1,25.06864,121.5107,2
500103004,20231101,913,23,20,1,25.06864,121.5107,2
500103004,20231101,914,23,20,1,25.06864,121.5107,2
500103004,20231101,915,23,20,1,25.06864,121.5107,2
500103004,20231101,916,23,20,1,25.06864,121.5107,2
500103004,20231101,918,23,20,1,25.06864,121.5107,2
500103004,20231101,919,23,20,1,25.06864,121.5107,2
500103004,20231101,921,23,20,1,25.06864,121.5107,2
500103004,20231101,922,23,21,1,25.06864,121.5107,1
500103004,20231101,923,23,21,1,25.06864,121.5107,1
500103004,20231101,924,23,21,1,25.06864,121.5107,1
500103004,20231101,925,23,21,1,25.06864,121.5107,1
500103004,20231101,926,23,21,1,25.06864,121.5107,1
500103004,20231101,927,23,22,1,25.06864,121.5107,0
500103004,20231101,928,23,22,1,25.06864,121.5107,0
500103004,20231101,929,23,22,1,25.06864,121.5107,0
500103004,20231101,932,23,22,1,25.06864,121.5107,0
500103004,20231101,933,23,22,1,25.06864,121.5107,0
500103004,20231101,934,23,21,1,25.06864,121.5107,1
500103004,20231101,935,23,21,1,25.06864,121.5107,1
500103004,20231101,936,23,22,1,25.06864,121.5107,0
500103004,20231101,937,23,22,1,25.06864,121.5107,0
500103004,20231101,938,23,21,1,25.06864,121.5107,1
500103004,20231101,939,23,21,1,25.06864,121.5107,1
500103004,20231101,941,23,21,1,25.06864,121.5107,1
500103004,20231101,942,23,21,1,25.06864,121.5107,1
500103004,20231101,943,23,19,1,25.06864,121.5107,3
500103004,20231101,944,23,19,1,25.06864,121.5107,3
500103004,20231101,945,23,19,1,25.06864,121.5107,3
500103004,20231101,946,23,19,1,25.06864,121.5107,3
500103004,20231101,947,23,20,1,25.06864,121.5107,2
500103004,20231101,948,23,22,1,25.06864,121.5107,0
500103004,20231101,949,23,22,1,25.06864,121.5107,0
500103004,20231101,951,23,22,1,25.06864,121.5107,0
500103004,20231101,952,23,22,1,25.06864,121.5107,0
500103004,20231101,953,23,22,1,25.06864,121.5107,0
500103004,20231101,954,23,22,1,25.06864,121.5107,0
500103004,20231101,955,23,22,1,25.06864,121.5107,0
500103004,20231101,956,23,22,1,25.06864,121.5107,0
500103004,20231101,957,23,22,1,25.06864,121.5107,0
500103004,20231101,958,23,21,1,25.06864,121.5107,1
500103004,20231101,959,23,21,1,25.06864,121.5107,1
500103004,20231101,961,23,21,1,25.06864,121.5107,1
500103004,20231101,962,23,21,1,25.06864,121.5107,1
500103004,20231101,963,23,21,1,25.06864,121.5107,1
500103004,20231101,964,23,21,1,25.06864,121.5107,1
500103004,20231101,965,23,20,1,25.06864,121.5107,2
500103004,20231101,966,23,20,1,25.06864,121.5107,2
500103004,20231101,967,23,20,1,25.06864,121.5107,2
500103004,20231101,968,23,20,1,25.06864,121.5107,2
500103004,20231101,969,23,20,1,25.06864,121.5107,2
500103004,20231101,970,23,20,1,25.06864,121.5107,2
500103004,20231101,972,23,20,1,25.06864,121.5107,2
500103004,20231101,973,23,19,1,25.06864,121.5107,3
500103004,20231101,974,23,19,1,25.06864,121.5107,3
500103004,20231101,975,23,19,1,25.06864,121.5107,3
500103004,20231101,976,23,19,1,25.06864,121.5107,3
500103004,20231101,977,23,19,1,25.06864,121.5107,3
500103004,20231101,978,23,19,1,25.06864,121.5107,3
500103004,20231101,979,23,19,1,25.06864,121.5107,3
500103004,20231101,981,23,21,1,25.06864,121.5107,1
500103004,20231101,982,23,19,1,25.06864,121.5107,3
500103004,20231101,983,23,19,1,25.06864,121.5107,3
500103004,20231101,984,23,19,1,25.06864,121.5107,3
500103004,20231101,985,23,19,1,25.06864,121.5107,3
500103004,20231101,986,23,19,1,25.06864,121.5107,3
500103004,20231101,987,23,19,1,25.06864,121.5107,3
500103004,20231101,988,23,19,1,25.06864,121.5107,3
500103004,20231101,989,23,19,1,25.06864,121.5107,3
500103004,20231101,991,23,19,1,25.06864,121.5107,3
500103004,20231101,992,23,19,1,25.06864,121.5107,3
500103004,20231101,993,23,19,1,25.06864,121.5107,3
500103004,20231101,994,23,19,1,25.06864,121.5107,3
500103004,20231101,995,23,19,1,25.06864,121.5107,3
500103004,20231101,996,23,19,1,25.06864,121.5107,3
500103004,20231101,997,23,18,1,25.06864,121.5107,4
500103004,20231101,998,23,18,1,25.06864,121.5107,4
500103004,20231101,999,23,18,1,25.06864,121.5107,4
500103004,20231101,1000,23,18,1,25.06864,121.5107,4
500103004,20231101,1001,23,18,1,25.06864,121.5107,4
500103004,20231101,1002,23,17,1,25.06864,121.5107,5
500103004,20231101,1003,23,17,1,25.06864,121.5107,5
500103004,20231101,1004,23,16,1,25.06864,121.5107,6
500103004,20231101,1005,23,16,1,25.06864,121.5107,6
500103004,20231101,1006,23,16,1,25.06864,121.5107,6
500103004,20231101,1007,23,16,1,25.06864,121.5107,6
500103004,20231101,1008,23,15,1,25.06864,121.5107,7
500103004,20231101,1009,23,15,1,25.06864,121.5107,7
500103004,20231101,1010,23,15,1,25.06864,121.5107,7
500103004,20231101,1011,23,14,1,25.06864,121.5107,8
500103004,20231101,1012,23,14,1,25.06864,121.5107,8
500103004,20231101,1013,23,14,1,25.06864,121.5107,8
500103004,20231101,1014,23,14,1,25.06864,121.5107,8
500103004,20231101,1015,23,14,1,25.06864,121.5107,8
500103004,20231101,1016,23,14,1,25.06864,121.5107,8
500103004,20231101,1017,23,14,1,25.06864,121.5107,8
500103004,20231101,1018,23,14,1,25.06864,121.5107,8
500103004,20231101,1019,23,14,1,25.06864,121.5107,8
500103004,20231101,1021,23,15,1,25.06864,121.5107,7
500103004,20231101,1022,23,14,1,25.06864,121.5107,8
500103004,20231101,1023,23,14,1,25.06864,121.5107,8
500103004,20231101,1024,23,13,1,25.06864,121.5107,9
500103004,20231101,1025,23,13,1,25.06864,121.5107,9
500103004,20231101,1028,23,13,1,25.06864,121.5107,9
500103004,20231101,1029,23,13,1,25.06864,121.5107,9
500103004,20231101,1030,23,12,1,25.06864,121.5107,10
500103004,20231101,1031,23,11,1,25.06864,121.5107,11
500103004,20231101,1032,23,12,1,25.06864,121.5107,10
500103004,20231101,1033,23,11,1,25.06864,121.5107,11
500103004,20231101,1034,23,10,1,25.06864,121.5107,12
500103004,20231101,1035,23,10,1,25.06864,121.5107,12
500103004,20231101,1036,23,8,1,25.06864,121.5107,14
500103004,20231101,1037,23,8,1,25.06864,121.5107,14
500103004,20231101,1038,23,8,1,25.06864,121.5107,14
500103004,20231101,1039,23,8,1,25.06864,121.5107,14
500103004,20231101,1041,23,6,1,25.06864,121.5107,16
500103004,20231101,1042,23,6,1,25.06864,121.5107,16
500103004,20231101,1043,23,6,1,25.06864,121.5107,16
500103004,20231101,1044,23,6,1,25.06864,121.5107,16
500103004,20231101,1045,23,6,1,25.06864,121.5107,16
500103004,20231101,1046,23,5,1,25.06864,121.5107,17
500103004,20231101,1047,23,6,1,25.06864,121.5107,16
500103004,20231101,1048,23,6,1,25.06864,121.5107,16
500103004,20231101,1049,23,6,1,25.06864,121.5107,16
500103004,20231101,1051,23,6,1,25.06864,121.5107,16
500103004,20231101,1052,23,5,1,25.06864,121.5107,17
500103004,20231101,1053,23,6,1,25.06864,121.5107,16
500103004,20231101,1054,23,6,1,25.06864,121.5107,16
500103004,20231101,1055,23,6,1,25.06864,121.5107,16
500103004,20231101,1056,23,6,1,25.06864,121.5107,16
500103004,20231101,1057,23,6,1,25.06864,121.5107,16
500103004,20231101,1058,23,8,1,25.06864,121.5107,14
500103004,20231101,1059,23,8,1,25.06864,121.5107,14
500103004,20231101,1060,23,9,1,25.06864,121.5107,13
500103004,20231101,1061,23,8,1,25.06864,121.5107,14
500103004,20231101,1062,23,12,1,25.06864,121.5107,10
500103004,20231101,1063,23,13,1,25.06864,121.5107,9
500103004,20231101,1064,23,17,1,25.06864,121.5107,5
500103004,20231101,1065,23,17,1,25.06864,121.5107,5
500103004,20231101,1066,23,18,1,25.06864,121.5107,4
500103004,20231101,1067,23,18,1,25.06864,121.5107,4
500103004,20231101,1068,23,17,1,25.06864,121.5107,5
500103004,20231101,1069,23,17,1,25.06864,121.5107,5
500103004,20231101,1070,23,17,1,25.06864,121.5107,5
500103004,20231101,1071,23,19,1,25.06864,121.5107,3
500103004,20231101,1072,23,18,1,25.06864,121.5107,4
500103004,20231101,1073,23,18,1,25.06864,121.5107,4
500103004,20231101,1074,23,18,1,25.06864,121.5107,4
500103004,20231101,1075,23,18,1,25.06864,121.5107,4
500103004,20231101,1076,23,16,1,25.06864,121.5107,6
500103004,20231101,1077,23,16,1,25.06864,121.5107,6
500103004,20231101,1078,23,14,1,25.06864,121.5107,8
500103004,20231101,1079,23,12,1,25.06864,121.5107,10
500103004,20231101,1081,23,13,1,25.06864,121.5107,9
500103004,20231101,1082,23,13,1,25.06864,121.5107,9
500103004,20231101,1083,23,14,1,25.06864,121.5107,8
500103004,20231101,1084,23,18,1,25.06864,121.5107,4
500103004,20231101,1085,23,20,1,25.06864,121.5107,2
500103004,20231101,1086,23,20,1,25.06864,121.5107,2
500103004,20231101,1087,23,19,1,25.06864,121.5107,3
500103004,20231101,1088,23,19,1,25.06864,121.5107,3
500103004,20231101,1089,23,19,1,25.06864,121.5107,3
500103004,20231101,1090,23,19,1,25.06864,121.5107,3
500103004,20231101,1091,23,19,1,25.06864,121.5107,3
500103004,20231101,1092,23,19,1,25.06864,121.5107,3
500103004,20231101,1093,23,19,1,25.06864,121.5107,3
500103004,20231101,1094,23,19,1,25.06864,121.5107,3
500103004,20231101,1095,23,19,1,25.06864,121.5107,3
500103004,20231101,1096,23,19,1,25.06864,121.5107,3
500103004,20231101,1097,23,19,1,25.06864,121.5107,3
500103004,20231101,1098,23,19,1,25.06864,121.5107,3
500103004,20231101,1099,23,19,1,25.06864,121.5107,3
500103004,20231101,1101,23,20,1,25.06864,121.5107,2
500103004,20231101,1102,23,20,1,25.06864,121.5107,2
500103004,20231101,1103,23,19,1,25.06864,121.5107,3
500103004,20231101,1104,23,19,1,25.06864,121.5107,3
500103004,20231101,1105,23,19,1,25.06864,121.5107,3
500103004,20231101,1106,23,18,1,25.06864,121.5107,4
500103004,20231101,1107,23,17,1,25.06864,121.5107,5
500103004,20231101,1108,23,17,1,25.06864,121.5107,5
500103004,20231101,1109,23,17,1,25.06864,121.5107,5
500103004,20231101,1111,23,16,1,25.06864,121.5107,6
500103004,20231101,1112,23,16,1,25.06864,121.5107,6
500103004,20231101,1113,23,15,1,25.06864,121.5107,7
500103004,20231101,1114,23,15,1,25.06864,121.5107,7
500103004,20231101,1115,23,16,1,25.06864,121.5107,6
500103004,20231101,1116,23,16,1,25.06864,121.5107,6
500103004,20231101,1117,23,16,1,25.06864,121.5107,6
500103004,20231101,1118,23,15,1,25.06864,121.5107,7
500103004,20231101,1119,23,14,1,25.06864,121.5107,8
500103004,20231101,1120,23,14,1,25.06864,121.5107,8
500103004,20231101,1121,23,15,1,25.06864,121.5107,7
500103004,20231101,1123,23,15,1,25.06864,121.5107,7
500103004,20231101,1124,23,15,1,25.06864,121.5107,7
500103004,20231101,1125,23,15,1,25.06864,121.5107,7
500103004,20231101,1126,23,14,1,25.06864,121.5107,8
500103004,20231101,1127,23,13,1,25.06864,121.5107,9
500103004,20231101,1128,23,12,1,25.06864,121.5107,10
500103004,20231101,1129,23,11,1,25.06864,121.5107,11
500103004,20231101,1131,23,10,1,25.06864,121.5107,12
500103004,20231101,1132,23,10,1,25.06864,121.5107,12
500103004,20231101,1133,23,9,1,25.06864,121.5107,13
500103004,20231101,1134,23,8,1,25.06864,121.5107,14
500103004,20231101,1135,23,8,1,25.06864,121.5107,14
500103004,20231101,1136,23,8,1,25.06864,121.5107,14
500103004,20231101,1137,23,10,1,25.06864,121.5107,12
500103004,20231101,1138,23,10,1,25.06864,121.5107,12
500103004,20231101,1139,23,10,1,25.06864,121.5107,12
500103004,20231101,1141,23,7,1,25.06864,121.5107,15
500103004,20231101,1142,23,8,1,25.06864,121.5107,14
500103004,20231101,1143,23,8,1,25.06864,121.5107,14
500103004,20231101,1144,23,9,1,25.06864,121.5107,13
500103004,20231101,1145,23,9,1,25.06864,121.5107,13
500103004,20231101,1146,23,8,1,25.06864,121.5107,14
500103004,20231101,1147,23,10,1,25.06864,121.5107,12
500103004,20231101,1148,23,10,1,25.06864,121.5107,12
500103004,20231101,1149,23,9,1,25.06864,121.5107,13
500103004,20231101,1151,23,10,1,25.06864,121.5107,12
500103004,20231101,1152,23,10,1,25.06864,121.5107,12
500103004,20231101,1153,23,9,1,25.06864,121.5107,13
500103004,20231101,1154,23,9,1,25.06864,121.5107,13
500103004,20231101,1155,23,7,1,25.06864,121.5107,15
500103004,20231101,1156,23,7,1,25.06864,121.5107,15
500103004,20231101,1157,23,7,1,25.06864,121.5107,15
500103004,20231101,1158,23,8,1,25.06864,121.5107,14
500103004,20231101,1159,23,8,1,25.06864,121.5107,14
500103004,20231101,1161,23,7,1,25.06864,121.5107,15
500103004,20231101,1162,23,7,1,25.06864,121.5107,15
500103004,20231101,1163,23,7,1,25.06864,121.5107,15
500103004,20231101,1164,23,7,1,25.06864,121.5107,15
500103004,20231101,1165,23,7,1,25.06864,121.5107,15
500103004,20231101,1166,23,6,1,25.06864,121.5107,16
500103004,20231101,1167,23,6,1,25.06864,121.5107,16
500103004,20231101,1168,23,6,1,25.06864,121.5107,16
500103004,20231101,1169,23,6,1,25.06864,121.5107,16
500103004,20231101,1171,23,5,1,25.06864,121.5107,17
500103004,20231101,1172,23,5,1,25.06864,121.5107,17
500103004,20231101,1173,23,4,1,25.06864,121.5107,18
500103004,20231101,1174,23,4,1,25.06864,121.5107,18
500103004,20231101,1175,23,4,1,25.06864,121.5107,18
500103004,20231101,1176,23,4,1,25.06864,121.5107,18
500103004,20231101,1177,23,4,1,25.06864,121.5107,18
500103004,20231101,1178,23,4,1,25.06864,121.5107,18
500103004,20231101,1179,23,4,1,25.06864,121.5107,18
500103004,20231101,1181,23,4,1,25.06864,121.5107,18
500103004,20231101,1182,23,5,1,25.06864,121.5107,17
500103004,20231101,1183,23,4,1,25.06864,121.5107,18
500103004,20231101,1184,23,4,1,25.06864,121.5107,18
500103004,20231101,1185,23,8,1,25.06864,121.5107,14
500103004,20231101,1186,23,7,1,25.06864,121.5107,15
500103004,20231101,1187,23,9,1,25.06864,121.5107,13
500103004,20231101,1188,23,18,1,25.06864,121.5107,4
500103004,20231101,1189,23,19,1,25.06864,121.5107,3
500103004,20231101,1191,23,18,1,25.06864,121.5107,4
500103004,20231101,1192,23,18,1,25.06864,121.5107,4
500103004,20231101,1194,23,20,1,25.06864,121.5107,2
500103004,20231101,1195,23,20,1,25.06864,121.5107,2
500103004,20231101,1196,23,21,1,25.06864,121.5107,1
500103004,20231101,1197,23,21,1,25.06864,121.5107,1
500103004,20231101,1198,23,21,1,25.06864,121.5107,1
500103004,20231101,1199,23,20,1,25.06864,121.5107,2
500103004,20231101,1201,23,19,1,25.06864,121.5107,3
500103004,20231101,1202,23,19,1,25.06864,121.5107,3
500103004,20231101,1203,23,19,1,25.06864,121.5107,3
500103004,20231101,1204,23,19,1,25.06864,121.5107,3
500103004,20231101,1205,23,20,1,25.06864,121.5107,2
500103004,20231101,1206,23,20,1,25.06864,121.5107,2
500103004,20231101,1207,23,20,1,25.06864,121.5107,2
500103004,20231101,1208,23,20,1,25.06864,121.5107,2
500103004,20231101,1209,23,18,1,25.06864,121.5107,4
500103004,20231101,1211,23,19,1,25.06864,121.5107,3
500103004,20231101,1212,23,19,1,25.06864,121.5107,3
500103004,20231101,1213,23,20,1,25.06864,121.5107,2
500103004,20231101,1214,23,20,1,25.06864,121.5107,2
500103004,20231101,1215,23,21,1,25.06864,121.5107,1
500103004,20231101,1216,23,22,1,25.06864,121.5107,0
500103004,20231101,1217,23,22,1,25.06864,121.5107,0
500103004,20231101,1218,23,22,1,25.06864,121.5107,0
500103004,20231101,1219,23,22,1,25.06864,121.5107,0
500103004,20231101,1221,23,22,1,25.06864,121.5107,0
500103004,20231101,1222,23,22,1,25.06864,121.5107,0
500103004,20231101,1223,23,22,1,25.06864,121.5107,0
500103004,20231101,1224,23,21,1,25.06864,121.5107,1
500103004,20231101,1225,23,22,1,25.06864,121.5107,0
500103004,20231101,1226,23,22,1,25.06864,121.5107,0
500103004,20231101,1227,23,21,1,25.06864,121.5107,1
500103004,20231101,1228,23,21,1,25.06864,121.5107,1
500103004,20231101,1229,23,21,1,25.06864,121.5107,1
500103004,20231101,1231,23,21,1,25.06864,121.5107,1
500103004,20231101,1232,23,21,1,25.06864,121.5107,1
500103004,20231101,1233,23,21,1,25.06864,121.5107,1
500103004,20231101,1234,23,21,1,25.06864,121.5107,1
500103004,20231101,1235,23,21,1,25.06864,121.5107,1
500103004,20231101,1236,23,21,1,25.06864,121.5107,1
500103004,20231101,1237,23,21,1,25.06864,121.5107,1
500103004,20231101,1238,23,21,1,25.06864,121.5107,1
500103004,20231101,1239,23,21,1,25.06864,121.5107,1
500103004,20231101,1241,23,18,1,25.06864,121.5107,4
500103004,20231101,1242,23,18,1,25.06864,121.5107,4
500103004,20231101,1243,23,18,1,25.06864,121.5107,4
500103004,20231101,1244,23,19,1,25.06864,121.5107,3
500103004,20231101,1245,23,19,1,25.06864,121.5107,3
500103004,20231101,1246,23,18,1,25.06864,121.5107,4
500103004,20231101,1247,23,18,1,25.06864,121.5107,4
500103004,20231101,1248,23,19,1,25.06864,121.5107,3
500103004,20231101,1249,23,18,1,25.06864,121.5107,4
500103004,20231101,1251,23,18,1,25.06864,121.5107,4
500103004,20231101,1252,23,18,1,25.06864,121.5107,4
500103004,20231101,1253,23,18,1,25.06864,121.5107,4
500103004,20231101,1254,23,18,1,25.06864,121.5107,4
500103004,20231101,1255,23,18,1,25.06864,121.5107,4
500103004,20231101,1256,23,18,1,25.06864,121.5107,4
500103004,20231101,1257,23,18,1,25.06864,121.5107,4
500103004,20231101,1258,23,18,1,25.06864,121.5107,4
500103004,20231101,1259,23,18,1,25.06864,121.5107,4
500103004,20231101,1261,23,17,1,25.06864,121.5107,5
500103004,20231101,1262,23,16,1,25.06864,121.5107,6
500103004,20231101,1263,23,16,1,25.06864,121.5107,6
500103004,20231101,1264,23,15,1,25.06864,121.5107,7
500103004,20231101,1265,23,15,1,25.06864,121.5107,7
500103004,20231101,1266,23,15,1,25.06864,121.5107,7
500103004,20231101,1267,23,15,1,25.06864,121.5107,7
500103004,20231101,1268,23,15,1,25.06864,121.5107,7
500103004,20231101,1269,23,14,1,25.06864,121.5107,8
500103004,20231101,1270,23,14,1,25.06864,121.5107,8
500103004,20231101,1271,23,13,1,25.06864,121.5107,9
500103004,20231101,1272,23,13,1,25.06864,121.5107,9
500103004,20231101,1273,23,13,1,25.06864,121.5107,9
500103004,20231101,1274,23,13,1,25.06864,121.5107,9
500103004,20231101,1275,23,12,1,25.06864,121.5107,10
500103004,20231101,1276,23,12,1,25.06864,121.5107,10
500103004,20231101,1277,23,12,1,25.06864,121.5107,10
500103004,20231101,1278,23,11,1,25.06864,121.5107,11
500103004,20231101,1279,23,10,1,25.06864,121.5107,12
500103004,20231101,1281,23,11,1,25.06864,121.5107,11
500103004,20231101,1282,23,11,1,25.06864,121.5107,11
500103004,20231101,1283,23,11,1,25.06864,121.5107,11
500103004,20231101,1284,23,11,1,25.06864,121.5107,11
500103004,20231101,1285,23,10,1,25.06864,121.5107,12
500103004,20231101,1286,23,10,1,25.06864,121.5107,12
500103004,20231101,1287,23,10,1,25.06864,121.5107,12
500103004,20231101,1288,23,10,1,25.06864,121.5107,12
500103004,20231101,1289,23,10,1,25.06864,121.5107,12
500103004,20231101,1291,23,8,1,25.06864,121.5107,14
500103004,20231101,1292,23,9,1,25.06864,121.5107,13
500103004,20231101,1293,23,9,1,25.06864,121.5107,13
500103004,20231101,1294,23,9,1,25.06864,121.5107,13
500103004,20231101,1295,23,8,1,25.06864,121.5107,14
500103004,20231101,1296,23,8,1,25.06864,121.5107,14
500103004,20231101,1297,23,8,1,25.06864,121.5107,14
500103004,20231101,1298,23,8,1,25.06864,121.5107,14
500103004,20231101,1299,23,8,1,25.06864,121.5107,14
500103004,20231101,1300,23,4,1,25.06864,121.5107,18
500103004,20231101,1301,23,4,1,25.06864,121.5107,18
500103004,20231101,1302,23,4,1,25.06864,121.5107,18
500103004,20231101,1303,23,4,1,25.06864,121.5107,18
500103004,20231101,1304,23,4,1,25.06864,121.5107,18
500103004,20231101,1305,23,4,1,25.06864,121.5107,18
500103004,20231101,1306,23,3,1,25.06864,121.5107,19
500103004,20231101,1307,23,3,1,25.06864,121.5107,19
500103004,20231101,1308,23,2,1,25.06864,121.5107,20
500103004,20231101,1309,23,2,1,25.06864,121.5107,20
500103004,20231101,1310,23,2,1,25.06864,121.5107,20
500103004,20231101,1311,23,1,1,25.06864,121.5107,21
500103004,20231101,1312,23,2,1,25.06864,121.5107,20
500103004,20231101,1313,23,1,1,25.06864,121.5107,21
500103004,20231101,1314,23,1,1,25.06864,121.5107,21
500103004,20231101,1315,23,1,1,25.06864,121.5107,21
500103004,20231101,1316,23,1,1,25.06864,121.5107,21
500103004,20231101,1317,23,0,1,25.06864,121.5107,22
500103004,20231101,1318,23,0,1,25.06864,121.5107,22
500103004,20231101,1319,23,0,1,25.06864,121.5107,22
500103004,20231101,1321,23,0,1,25.06864,121.5107,22
500103004,20231101,1322,23,0,1,25.06864,121.5107,22
500103004,20231101,1323,23,0,1,25.06864,121.5107,22
500103004,20231101,1324,23,0,1,25.06864,121.5107,22
500103004,20231101,1325,23,0,1,25.06864,121.5107,22
500103004,20231101,1326,23,0,1,25.06864,121.5107,22
500103004,20231101,1327,23,0,1,25.06864,121.5107,22
500103004,20231101,1328,23,0,1,25.06864,121.5107,22
500103004,20231101,1329,23,0,1,25.06864,121.5107,22
500103004,20231101,1330,23,0,1,25.06864,121.5107,22
500103004,20231101,1331,23,0,1,25.06864,121.5107,22
500103004,20231101,1332,23,0,1,25.06864,121.5107,22
500103004,20231101,1333,23,0,1,25.06864,121.5107,22
500103004,20231101,1334,23,0,1,25.06864,121.5107,22
500103004,20231101,1335,23,1,1,25.06864,121.5107,21
500103004,20231101,1336,23,1,1,25.06864,121.5107,21
500103004,20231101,1337,23,0,1,25.06864,121.5107,22
500103004,20231101,1338,23,0,1,25.06864,121.5107,22
500103004,20231101,1339,23,0,1,25.06864,121.5107,22
500103004,20231101,1341,23,1,1,25.06864,121.5107,21
500103004,20231101,1342,23,0,1,25.06864,121.5107,22
500103004,20231101,1343,23,0,1,25.06864,121.5107,22
500103004,20231101,1344,23,0,1,25.06864,121.5107,22
500103004,20231101,1345,23,0,1,25.06864,121.5107,22
500103004,20231101,1346,23,0,1,25.06864,121.5107,22
500103004,20231101,1347,23,0,1,25.06864,121.5107,22
500103004,20231101,1348,23,0,1,25.06864,121.5107,22
500103004,20231101,1349,23,0,1,25.06864,121.5107,22
500103004,20231101,1351,23,0,1,25.06864,121.5107,22
500103004,20231101,1352,23,0,1,25.06864,121.5107,22
500103004,20231101,1353,23,0,1,25.06864,121.5107,22
500103004,20231101,1354,23,0,1,25.06864,121.5107,22
500103004,20231101,1355,23,0,1,25.06864,121.5107,22
500103004,20231101,1356,23,0,1,25.06864,121.5107,22
500103004,20231101,1357,23,0,1,25.06864,121.5107,22
500103004,20231101,1358,23,0,1,25.06864,121.5107,22
500103004,20231101,1359,23,0,1,25.06864,121.5107,22
500103004,20231101,1360,23,0,1,25.06864,121.5107,22
500103004,20231101,1361,23,0,1,25.06864,121.5107,22
500103004,20231101,1362,23,0,1,25.06864,121.5107,22
500103004,20231101,1363,23,0,1,25.06864,121.5107,22
500103004,20231101,1364,23,0,1,25.06864,121.5107,22
500103004,20231101,1365,23,0,1,25.06864,121.5107,22
500103004,20231101,1366,23,0,1,25.06864,121.5107,22
500103004,20231101,1367,23,0,1,25.06864,121.5107,22
500103004,20231101,1368,23,0,1,25.06864,121.5107,22
500103004,20231101,1369,23,1,1,25.06864,121.5107,21
500103004,20231101,1370,23,0,1,25.06864,121.5107,22
500103004,20231101,1371,23,0,1,25.06864,121.5107,22
500103004,20231101,1372,23,0,1,25.06864,121.5107,22
500103004,20231101,1373,23,0,1,25.06864,121.5107,22
500103004,20231101,1374,23,0,1,25.06864,121.5107,22
500103004,20231101,1375,23,0,1,25.06864,121.5107,22
500103004,20231101,1376,23,0,1,25.06864,121.5107,22
500103004,20231101,1377,23,0,1,25.06864,121.5107,22
500103004,20231101,1378,23,0,1,25.06864,121.5107,22
500103004,20231101,1379,23,0,1,25.06864,121.5107,22
500103004,20231101,1381,23,0,1,25.06864,121.5107,22
500103004,20231101,1382,23,0,1,25.06864,121.5107,22
500103004,20231101,1383,23,0,1,25.06864,121.5107,22
500103004,20231101,1384,23,0,1,25.06864,121.5107,22
500103004,20231101,1385,23,0,1,25.06864,121.5107,22
500103004,20231101,1386,23,0,1,25.06864,121.5107,22
500103004,20231101,1387,23,0,1,25.06864,121.5107,22
500103004,20231101,1388,23,0,1,25.06864,121.5107,22
500103004,20231101,1389,23,0,1,25.06864,121.5107,22
500103004,20231101,1390,23,0,1,25.06864,121.5107,22
500103004,20231101,1391,23,0,1,25.06864,121.5107,22
500103004,20231101,1392,23,0,1,25.06864,121.5107,22
500103004,20231101,1393,23,0,1,25.06864,121.5107,22
500103004,20231101,1394,23,0,1,25.06864,121.5107,22
500103004,20231101,1395,23,0,1,25.06864,121.5107,22
500103004,20231101,1396,23,0,1,25.06864,121.5107,22
500103004,20231101,1397,23,0,1,25.06864,121.5107,22
500103004,20231101,1398,23,0,1,25.06864,121.5107,22
500103004,20231101,1399,23,1,1,25.06864,121.5107,21
500103004,20231101,1401,23,1,1,25.06864,121.5107,21
500103004,20231101,1402,23,1,1,25.06864,121.5107,21
500103004,20231101,1403,23,0,1,25.06864,121.5107,22
500103004,20231101,1404,23,0,1,25.06864,121.5107,22
500103004,20231101,1405,23,0,1,25.06864,121.5107,22
500103004,20231101,1406,23,0,1,25.06864,121.5107,22
500103004,20231101,1407,23,0,1,25.06864,121.5107,22
500103004,20231101,1409,23,0,1,25.06864,121.5107,22
500103004,20231101,1411,23,0,1,25.06864,121.5107,22
500103004,20231101,1412,23,0,1,25.06864,121.5107,22
500103004,20231101,1413,23,0,1,25.06864,121.5107,22
500103004,20231101,1414,23,0,1,25.06864,121.5107,22
500103004,20231101,1415,23,0,1,25.06864,121.5107,22
500103004,20231101,1416,23,0,1,25.06864,121.5107,22
500103004,20231101,1417,23,0,1,25.06864,121.5107,22
500103004,20231101,1418,23,0,1,25.06864,121.5107,22
500103004,20231101,1419,23,0,1,25.06864,121.5107,22
500103004,20231101,1421,23,0,1,25.06864,121.5107,22
500103004,20231101,1422,23,0,1,25.06864,121.5107,22
500103004,20231101,1423,23,0,1,25.06864,121.5107,22
500103004,20231101,1424,23,0,1,25.06864,121.5107,22
500103004,20231101,1425,23,0,1,25.06864,121.5107,22
500103004,20231101,1426,23,0,1,25.06864,121.5107,22
500103004,20231101,1427,23,0,1,25.06864,121.5107,22
500103004,20231101,1428,23,0,1,25.06864,121.5107,22
500103004,20231101,1429,23,0,1,25.06864,121.5107,22
500103004,20231101,1431,23,0,1,25.06864,121.5107,22
500103004,20231101,1432,23,0,1,25.06864,121.5107,22
500103004,20231101,1433,23,0,1,25.06864,121.5107,22
500103004,20231101,1434,23,0,1,25.06864,121.5107,22
500103004,20231101,1435,23,0,1,25.06864,121.5107,22
500103004,20231101,1436,23,0,1,25.06864,121.5107,22
500103004,20231101,1437,23,0,1,25.06864,121.5107,22
500103004,20231101,1438,23,0,1,25.06864,121.5107,22
500103004,20231101,1439,23,0,1,25.06864,121.5107,22
500103004,20231102,1,23,0,1,25.06864,121.5107,22
500103004,20231102,2,23,0,1,25.06864,121.5107,22
500103004,20231102,3,23,0,1,25.06864,121.5107,22
500103004,20231102,4,23,0,1,25.06864,121.5107,22
500103004,20231102,5,23,0,1,25.06864,121.5107,22
500103004,20231102,6,23,0,1,25.06864,121.5107,22
500103004,20231102,7,23,0,1,25.06864,121.5107,22
500103004,20231102,8,23,0,1,25.06864,121.5107,22
500103004,20231102,9,23,0,1,25.06864,121.5107,22
500103004,20231102,11,23,0,1,25.06864,121.5107,22
500103004,20231102,12,23,0,1,25.06864,121.5107,22
500103004,20231102,13,23,0,1,25.06864,121.5107,22
500103004,20231102,14,23,0,1,25.06864,121.5107,22
500103004,20231102,15,23,0,1,25.06864,121.5107,22
500103004,20231102,16,23,0,1,25.06864,121.5107,22
500103004,20231102,17,23,0,1,25.06864,121.5107,22
500103004,20231102,18,23,0,1,25.06864,121.5107,22
500103004,20231102,19,23,0,1,25.06864,121.5107,22
500103004,20231102,21,23,0,1,25.06864,121.5107,22
500103004,20231102,22,23,0,1,25.06864,121.5107,22
500103004,20231102,25,23,0,1,25.06864,121.5107,22
500103004,20231102,26,23,0,1,25.06864,121.5107,22
500103004,20231102,27,23,0,1,25.06864,121.5107,22
500103004,20231102,28,23,0,1,25.06864,121.5107,22
500103004,20231102,29,23,0,1,25.06864,121.5107,22
500103004,20231102,30,23,0,1,25.06864,121.5107,22
500103004,20231102,33,23,0,1,25.06864,121.5107,22
500103004,20231102,34,23,0,1,25.06864,121.5107,22
500103004,20231102,35,23,0,1,25.06864,121.5107,22
500103004,20231102,37,23,0,1,25.06864,121.5107,22
500103004,20231102,38,23,0,1,25.06864,121.5107,22
500103004,20231102,39,23,0,1,25.06864,121.5107,22
500103004,20231102,40,23,0,1,25.06864,121.5107,22
500103004,20231102,42,23,0,1,25.06864,121.5107,22
500103004,20231102,43,23,0,1,25.06864,121.5107,22
500103004,20231102,45,23,0,1,25.06864,121.5107,22
500103004,20231102,46,23,0,1,25.06864,121.5107,22
500103004,20231102,47,23,0,1,25.06864,121.5107,22
500103004,20231102,48,23,0,1,25.06864,121.5107,22
500103004,20231102,49,23,0,1,25.06864,121.5107,22
500103004,20231102,51,23,0,1,25.06864,121.5107,22
500103004,20231102,52,23,0,1,25.06864,121.5107,22
500103004,20231102,53,23,0,1,25.06864,121.5107,22
500103004,20231102,54,23,0,1,25.06864,121.5107,22
500103004,20231102,55,23,0,1,25.06864,121.5107,22
500103004,20231102,58,23,0,1,25.06864,121.5107,22
500103004,20231102,59,23,0,1,25.06864,121.5107,22
500103004,20231102,61,23,0,1,25.06864,121.5107,22
500103004,20231102,62,23,0,1,25.06864,121.5107,22
500103004,20231102,63,23,0,1,25.06864,121.5107,22
500103004,20231102,64,23,0,1,25.06864,121.5107,22
500103004,20231102,65,23,0,1,25.06864,121.5107,22
500103004,20231102,66,23,0,1,25.06864,121.5107,22
500103004,20231102,69,23,0,1,25.06864,121.5107,22
500103004,20231102,71,23,0,1,25.06864,121.5107,22
500103004,20231102,72,23,0,1,25.06864,121.5107,22
500103004,20231102,73,23,0,1,25.06864,121.5107,22
500103004,20231102,74,23,0,1,25.06864,121.5107,22
500103004,20231102,75,23,0,1,25.06864,121.5107,22
500103004,20231102,76,23,0,1,25.06864,121.5107,22
500103004,20231102,77,23,0,1,25.06864,121.5107,22
500103004,20231102,78,23,0,1,25.06864,121.5107,22
500103004,20231102,79,23,0,1,25.06864,121.5107,22
500103004,20231102,82,23,0,1,25.06864,121.5107,22
500103004,20231102,83,23,0,1,25.06864,121.5107,22
500103004,20231102,84,23,0,1,25.06864,121.5107,22
500103004,20231102,85,23,0,1,25.06864,121.5107,22
500103004,20231102,86,23,0,1,25.06864,121.5107,22
500103004,20231102,87,23,0,1,25.06864,121.5107,22
500103004,20231102,88,23,0,1,25.06864,121.5107,22
500103004,20231102,89,23,0,1,25.06864,121.5107,22
500103004,20231102,90,23,0,1,25.06864,121.5107,22
500103004,20231102,91,23,0,1,25.06864,121.5107,22
500103004,20231102,92,23,0,1,25.06864,121.5107,22
500103004,20231102,93,23,0,1,25.06864,121.5107,22
500103004,20231102,97,23,1,1,25.06864,121.5107,21
500103004,20231102,98,23,1,1,25.06864,121.5107,21
500103004,20231102,100,23,1,1,25.06864,121.5107,21
500103004,20231102,101,23,1,1,25.06864,121.5107,21
500103004,20231102,102,23,1,1,25.06864,121.5107,21
500103004,20231102,103,23,1,1,25.06864,121.5107,21
500103004,20231102,104,23,1,1,25.06864,121.5107,21
500103004,20231102,105,23,1,1,25.06864,121.5107,21
500103004,20231102,106,23,1,1,25.06864,121.5107,21
500103004,20231102,107,23,1,1,25.06864,121.5107,21
500103004,20231102,108,23,1,1,25.06864,121.5107,21
500103004,20231102,109,23,1,1,25.06864,121.5107,21
500103004,20231102,110,23,1,1,25.06864,121.5107,21
500103004,20231102,111,23,1,1,25.06864,121.5107,21
500103004,20231102,113,23,1,1,25.06864,121.5107,21
500103004,20231102,114,23,1,1,25.06864,121.5107,21
500103004,20231102,115,23,1,1,25.06864,121.5107,21
500103004,20231102,116,23,1,1,25.06864,121.5107,21
500103004,20231102,117,23,1,1,25.06864,121.5107,21
500103004,20231102,118,23,1,1,25.06864,121.5107,21
500103004,20231102,119,23,1,1,25.06864,121.5107,21
500103004,20231102,121,23,1,1,25.06864,121.5107,21
500103004,20231102,122,23,1,1,25.06864,121.5107,21
500103004,20231102,123,23,1,1,25.06864,121.5107,21
500103004,20231102,124,23,1,1,25.06864,121.5107,21
500103004,20231102,125,23,1,1,25.06864,121.5107,21
500103004,20231102,126,23,1,1,25.06864,121.5107,21
500103004,20231102,127,23,1,1,25.06864,121.5107,21
500103004,20231102,128,23,1,1,25.06864,121.5107,21
500103004,20231102,129,23,1,1,25.06864,121.5107,21
500103004,20231102,130,23,1,1,25.06864,121.5107,21
500103004,20231102,131,23,1,1,25.06864,121.5107,21
500103004,20231102,132,23,1,1,25.06864,121.5107,21
500103004,20231102,133,23,1,1,25.06864,121.5107,21
500103004,20231102,134,23,1,1,25.06864,121.5107,21
500103004,20231102,135,23,1,1,25.06864,121.5107,21
500103004,20231102,136,23,1,1,25.06864,121.5107,21
500103004,20231102,137,23,1,1,25.06864,121.5107,21
500103004,20231102,138,23,1,1,25.06864,121.5107,21
500103004,20231102,139,23,1,1,25.06864,121.5107,21
500103004,20231102,141,23,1,1,25.06864,121.5107,21
500103004,20231102,142,23,1,1,25.06864,121.5107,21
500103004,20231102,143,23,1,1,25.06864,121.5107,21
500103004,20231102,144,23,1,1,25.06864,121.5107,21
500103004,20231102,145,23,1,1,25.06864,121.5107,21
500103004,20231102,146,23,1,1,25.06864,121.5107,21
500103004,20231102,147,23,1,1,25.06864,121.5107,21
500103004,20231102,148,23,1,1,25.06864,121.5107,21
500103004,20231102,149,23,1,1,25.06864,121.5107,21
500103004,20231102,150,23,1,1,25.06864,121.5107,21
500103004,20231102,151,23,1,1,25.06864,121.5107,21
500103004,20231102,152,23,1,1,25.06864,121.5107,21
500103004,20231102,153,23,1,1,25.06864,121.5107,21
500103004,20231102,154,23,1,1,25.06864,121.5107,21
500103004,20231102,155,23,1,1,25.06864,121.5107,21
500103004,20231102,156,23,1,1,25.06864,121.5107,21
500103004,20231102,157,23,1,1,25.06864,121.5107,21
500103004,20231102,158,23,1,1,25.06864,121.5107,21
500103004,20231102,159,23,1,1,25.06864,121.5107,21
500103004,20231102,160,23,1,1,25.06864,121.5107,21
500103004,20231102,161,23,1,1,25.06864,121.5107,21
500103004,20231102,162,23,1,1,25.06864,121.5107,21
500103004,20231102,163,23,1,1,25.06864,121.5107,21
500103004,20231102,164,23,1,1,25.06864,121.5107,21
500103004,20231102,165,23,1,1,25.06864,121.5107,21
500103004,20231102,166,23,1,1,25.06864,121.5107,21
500103004,20231102,167,23,1,1,25.06864,121.5107,21
500103004,20231102,168,23,1,1,25.06864,121.5107,21
500103004,20231102,169,23,1,1,25.06864,121.5107,21
500103004,20231102,170,23,1,1,25.06864,121.5107,21
500103004,20231102,171,23,1,1,25.06864,121.5107,21
500103004,20231102,172,23,1,1,25.06864,121.5107,21
500103004,20231102,173,23,1,1,25.06864,121.5107,21
500103004,20231102,174,23,1,1,25.06864,121.5107,21
500103004,20231102,175,23,1,1,25.06864,121.5107,21
500103004,20231102,176,23,1,1,25.06864,121.5107,21
500103004,20231102,177,23,1,1,25.06864,121.5107,21
500103004,20231102,178,23,1,1,25.06864,121.5107,21
500103004,20231102,179,23,1,1,25.06864,121.5107,21
500103004,20231102,180,23,1,1,25.06864,121.5107,21
500103004,20231102,181,23,1,1,25.06864,121.5107,21
500103004,20231102,182,23,1,1,25.06864,121.5107,21
500103004,20231102,183,23,1,1,25.06864,121.5107,21
500103004,20231102,184,23,1,1,25.06864,121.5107,21
500103004,20231102,185,23,1,1,25.06864,121.5107,21
500103004,20231102,186,23,1,1,25.06864,121.5107,21
500103004,20231102,187,23,1,1,25.06864,121.5107,21
500103004,20231102,188,23,1,1,25.06864,121.5107,21
500103004,20231102,189,23,1,1,25.06864,121.5107,21
500103004,20231102,190,23,1,1,25.06864,121.5107,21
500103004,20231102,191,23,1,1,25.06864,121.5107,21
500103004,20231102,192,23,1,1,25.06864,121.5107,21
500103004,20231102,193,23,1,1,25.06864,121.5107,21
500103004,20231102,194,23,1,1,25.06864,121.5107,21
500103004,20231102,195,23,1,1,25.06864,121.5107,21
500103004,20231102,196,23,1,1,25.06864,121.5107,21
500103004,20231102,197,23,1,1,25.06864,121.5107,21
500103004,20231102,198,23,1,1,25.06864,121.5107,21
500103004,20231102,199,23,1,1,25.06864,121.5107,21
500103004,20231102,201,23,1,1,25.06864,121.5107,21
500103004,20231102,202,23,1,1,25.06864,121.5107,21
500103004,20231102,203,23,1,1,25.06864,121.5107,21
500103004,20231102,204,23,1,1,25.06864,121.5107,21
500103004,20231102,205,23,1,1,25.06864,121.5107,21
500103004,20231102,206,23,1,1,25.06864,121.5107,21
500103004,20231102,207,23,1,1,25.06864,121.5107,21
500103004,20231102,208,23,1,1,25.06864,121.5107,21
500103004,20231102,209,23,1,1,25.06864,121.5107,21
500103004,20231102,210,23,1,1,25.06864,121.5107,21
500103004,20231102,211,23,1,1,25.06864,121.5107,21
500103004,20231102,212,23,1,1,25.06864,121.5107,21
500103004,20231102,213,23,1,1,25.06864,121.5107,21
500103004,20231102,214,23,1,1,25.06864,121.5107,21
500103004,20231102,215,23,1,1,25.06864,121.5107,21
500103004,20231102,216,23,1,1,25.06864,121.5107,21
500103004,20231102,217,23,1,1,25.06864,121.5107,21
500103004,20231102,219,23,1,1,25.06864,121.5107,21
500103004,20231102,221,23,1,1,25.06864,121.5107,21
500103004,20231102,222,23,1,1,25.06864,121.5107,21
500103004,20231102,223,23,1,1,25.06864,121.5107,21
500103004,20231102,224,23,1,1,25.06864,121.5107,21
500103004,20231102,225,23,1,1,25.06864,121.5107,21
500103004,20231102,226,23,1,1,25.06864,121.5107,21
500103004,20231102,227,23,1,1,25.06864,121.5107,21
500103004,20231102,228,23,1,1,25.06864,121.5107,21
500103004,20231102,229,23,1,1,25.06864,121.5107,21
500103004,20231102,231,23,1,1,25.06864,121.5107,21
500103004,20231102,232,23,1,1,25.06864,121.5107,21
500103004,20231102,233,23,1,1,25.06864,121.5107,21
500103004,20231102,234,23,1,1,25.06864,121.5107,21
500103004,20231102,235,23,1,1,25.06864,121.5107,21
500103004,20231102,236,23,1,1,25.06864,121.5107,21
500103004,20231102,237,23,1,1,25.06864,121.5107,21
500103004,20231102,238,23,1,1,25.06864,121.5107,21
500103004,20231102,239,23,1,1,25.06864,121.5107,21
500103004,20231102,241,23,1,1,25.06864,121.5107,21
500103004,20231102,242,23,1,1,25.06864,121.5107,21
500103004,20231102,243,23,1,1,25.06864,121.5107,21
500103004,20231102,244,23,1,1,25.06864,121.5107,21
500103004,20231102,245,23,1,1,25.06864,121.5107,21
500103004,20231102,246,23,1,1,25.06864,121.5107,21
500103004,20231102,247,23,1,1,25.06864,121.5107,21
500103004,20231102,248,23,1,1,25.06864,121.5107,21
500103004,20231102,249,23,1,1,25.06864,121.5107,21
500103004,20231102,251,23,1,1,25.06864,121.5107,21
500103004,20231102,252,23,1,1,25.06864,121.5107,21
500103004,20231102,253,23,1,1,25.06864,121.5107,21
500103004,20231102,254,23,1,1,25.06864,121.5107,21
500103004,20231102,255,23,1,1,25.06864,121.5107,21
500103004,20231102,256,23,1,1,25.06864,121.5107,21
500103004,20231102,257,23,1,1,25.06864,121.5107,21
500103004,20231102,258,23,2,1,25.06864,121.5107,20
500103004,20231102,259,23,2,1,25.06864,121.5107,20
500103004,20231102,261,23,2,1,25.06864,121.5107,20
500103004,20231102,262,23,2,1,25.06864,121.5107,20
500103004,20231102,263,23,2,1,25.06864,121.5107,20
500103004,20231102,264,23,2,1,25.06864,121.5107,20
500103004,20231102,265,23,2,1,25.06864,121.5107,20
500103004,20231102,266,23,2,1,25.06864,121.5107,20
500103004,20231102,267,23,2,1,25.06864,121.5107,20
500103004,20231102,269,23,2,1,25.06864,121.5107,20
500103004,20231102,271,23,2,1,25.06864,121.5107,20
500103004,20231102,272,23,2,1,25.06864,121.5107,20
500103004,20231102,273,23,2,1,25.06864,121.5107,20
500103004,20231102,274,23,2,1,25.06864,121.5107,20
500103004,20231102,275,23,2,1,25.06864,121.5107,20
500103004,20231102,276,23,2,1,25.06864,121.5107,20
500103004,20231102,277,23,2,1,25.06864,121.5107,20
500103004,20231102,278,23,2,1,25.06864,121.5107,20
500103004,20231102,279,23,1,1,25.06864,121.5107,21
500103004,20231102,281,23,1,1,25.06864,121.5107,21
500103004,20231102,282,23,1,1,25.06864,121.5107,21
500103004,20231102,283,23,1,1,25.06864,121.5107,21
500103004,20231102,284,23,1,1,25.06864,121.5107,21
500103004,20231102,285,23,1,1,25.06864,121.5107,21
500103004,20231102,286,23,1,1,25.06864,121.5107,21
500103004,20231102,287,23,1,1,25.06864,121.5107,21
500103004,20231102,288,23,1,1,25.06864,121.5107,21
500103004,20231102,289,23,1,1,25.06864,121.5107,21
500103004,20231102,291,23,1,1,25.06864,121.5107,21
500103004,20231102,292,23,1,1,25.06864,121.5107,21
500103004,20231102,293,23,1,1,25.06864,121.5107,21
500103004,20231102,294,23,1,1,25.06864,121.5107,21
500103004,20231102,295,23,1,1,25.06864,121.5107,21
500103004,20231102,296,23,1,1,25.06864,121.5107,21
500103004,20231102,297,23,1,1,25.06864,121.5107,21
500103004,20231102,298,23,1,1,25.06864,121.5107,21
500103004,20231102,299,23,1,1,25.06864,121.5107,21
500103004,20231102,301,23,1,1,25.06864,121.5107,21
500103004,20231102,302,23,1,1,25.06864,121.5107,21
500103004,20231102,303,23,1,1,25.06864,121.5107,21
500103004,20231102,304,23,1,1,25.06864,121.5107,21
500103004,20231102,305,23,1,1,25.06864,121.5107,21
500103004,20231102,306,23,1,1,25.06864,121.5107,21
500103004,20231102,307,23,1,1,25.06864,121.5107,21
500103004,20231102,308,23,1,1,25.06864,121.5107,21
500103004,20231102,309,23,1,1,25.06864,121.5107,21
500103004,20231102,311,23,1,1,25.06864,121.5107,21
500103004,20231102,312,23,1,1,25.06864,121.5107,21
500103004,20231102,313,23,1,1,25.06864,121.5107,21
500103004,20231102,314,23,1,1,25.06864,121.5107,21
500103004,20231102,315,23,1,1,25.06864,121.5107,21
500103004,20231102,316,23,1,1,25.06864,121.5107,21
500103004,20231102,317,23,1,1,25.06864,121.5107,21
500103004,20231102,318,23,1,1,25.06864,121.5107,21
500103004,20231102,319,23,1,1,25.06864,121.5107,21
500103004,20231102,321,23,1,1,25.06864,121.5107,21
500103004,20231102,322,23,1,1,25.06864,121.5107,21
500103004,20231102,323,23,1,1,25.06864,121.5107,21
500103004,20231102,324,23,1,1,25.06864,121.5107,21
500103004,20231102,325,23,1,1,25.06864,121.5107,21
500103004,20231102,326,23,1,1,25.06864,121.5107,21
500103004,20231102,327,23,1,1,25.06864,121.5107,21
500103004,20231102,328,23,1,1,25.06864,121.5107,21
500103004,20231102,329,23,1,1,25.06864,121.5107,21
500103004,20231102,330,23,1,1,25.06864,121.5107,21
500103004,20231102,331,23,1,1,25.06864,121.5107,21
500103004,20231102,332,23,1,1,25.06864,121.5107,21
500103004,20231102,333,23,1,1,25.06864,121.5107,21
500103004,20231102,334,23,1,1,25.06864,121.5107,21
500103004,20231102,335,23,1,1,25.06864,121.5107,21
500103004,20231102,336,23,1,1,25.06864,121.5107,21
500103004,20231102,337,23,1,1,25.06864,121.5107,21
500103004,20231102,338,23,1,1,25.06864,121.5107,21
500103004,20231102,339,23,1,1,25.06864,121.5107,21
500103004,20231102,340,23,1,1,25.06864,121.5107,21
500103004,20231102,341,23,1,1,25.06864,121.5107,21
500103004,20231102,342,23,1,1,25.06864,121.5107,21
500103004,20231102,343,23,1,1,25.06864,121.5107,21
500103004,20231102,344,23,1,1,25.06864,121.5107,21
500103004,20231102,345,23,1,1,25.06864,121.5107,21
500103004,20231102,346,23,1,1,25.06864,121.5107,21
500103004,20231102,347,23,1,1,25.06864,121.5107,21
500103004,20231102,348,23,1,1,25.06864,121.5107,21
500103004,20231102,349,23,1,1,25.06864,121.5107,21
500103004,20231102,350,23,1,1,25.06864,121.5107,21
500103004,20231102,351,23,1,1,25.06864,121.5107,21
500103004,20231102,352,23,1,1,25.06864,121.5107,21
500103004,20231102,353,23,1,1,25.06864,121.5107,21
500103004,20231102,354,23,1,1,25.06864,121.5107,21
500103004,20231102,355,23,1,1,25.06864,121.5107,21
500103004,20231102,356,23,1,1,25.06864,121.5107,21
500103004,20231102,357,23,1,1,25.06864,121.5107,21
500103004,20231102,358,23,1,1,25.06864,121.5107,21
500103004,20231102,359,23,1,1,25.06864,121.5107,21
500103004,20231102,360,23,1,1,25.06864,121.5107,21
500103004,20231102,361,23,2,1,25.06864,121.5107,20
500103004,20231102,362,23,2,1,25.06864,121.5107,20
500103004,20231102,363,23,2,1,25.06864,121.5107,20
500103004,20231102,364,23,2,1,25.06864,121.5107,20
500103004,20231102,365,23,1,1,25.06864,121.5107,21
500103004,20231102,366,23,0,1,25.06864,121.5107,22
500103004,20231102,367,23,0,1,25.06864,121.5107,22
500103004,20231102,368,23,0,1,25.06864,121.5107,22
500103004,20231102,369,23,0,1,25.06864,121.5107,22
500103004,20231102,370,23,0,1,25.06864,121.5107,22
500103004,20231102,371,23,0,1,25.06864,121.5107,22
500103004,20231102,372,23,0,1,25.06864,121.5107,22
500103004,20231102,373,23,0,1,25.06864,121.5107,22
500103004,20231102,374,23,0,1,25.06864,121.5107,22
500103004,20231102,375,23,0,1,25.06864,121.5107,22
500103004,20231102,376,23,0,1,25.06864,121.5107,22
500103004,20231102,377,23,0,1,25.06864,121.5107,22
500103004,20231102,378,23,0,1,25.06864,121.5107,22
500103004,20231102,379,23,0,1,25.06864,121.5107,22
500103004,20231102,381,23,0,1,25.06864,121.5107,22
500103004,20231102,382,23,0,1,25.06864,121.5107,22
500103004,20231102,383,23,0,1,25.06864,121.5107,22
500103004,20231102,384,23,1,1,25.06864,121.5107,21
500103004,20231102,385,23,1,1,25.06864,121.5107,21
500103004,20231102,386,23,1,1,25.06864,121.5107,21
500103004,20231102,387,23,1,1,25.06864,121.5107,21
500103004,20231102,388,23,1,1,25.06864,121.5107,21
500103004,20231102,389,23,1,1,25.06864,121.5107,21
500103004,20231102,390,23,1,1,25.06864,121.5107,21
500103004,20231102,391,23,2,1,25.06864,121.5107,20
500103004,20231102,392,23,2,1,25.06864,121.5107,20
500103004,20231102,393,23,2,1,25.06864,121.5107,20
500103004,20231102,394,23,2,1,25.06864,121.5107,20
500103004,20231102,395,23,2,1,25.06864,121.5107,20
500103004,20231102,396,23,2,1,25.06864,121.5107,20
500103004,20231102,397,23,2,1,25.06864,121.5107,20
500103004,20231102,398,23,2,1,25.06864,121.5107,20
500103004,20231102,399,23,3,1,25.06864,121.5107,19
500103004,20231102,400,23,3,1,25.06864,121.5107,19
500103004,20231102,401,23,3,1,25.06864,121.5107,19
500103004,20231102,402,23,3,1,25.06864,121.5107,19
500103004,20231102,403,23,3,1,25.06864,121.5107,19
500103004,20231102,404,23,3,1,25.06864,121.5107,19
500103004,20231102,405,23,3,1,25.06864,121.5107,19
500103004,20231102,406,23,4,1,25.06864,121.5107,18
500103004,20231102,407,23,4,1,25.06864,121.5107,18
500103004,20231102,408,23,4,1,25.06864,121.5107,18
500103004,20231102,409,23,4,1,25.06864,121.5107,18
500103004,20231102,410,23,4,1,25.06864,121.5107,18
500103004,20231102,411,23,4,1,25.06864,121.5107,18
500103004,20231102,412,23,4,1,25.06864,121.5107,18
500103004,20231102,413,23,5,1,25.06864,121.5107,17
500103004,20231102,414,23,5,1,25.06864,121.5107,17
500103004,20231102,415,23,5,1,25.06864,121.5107,17
500103004,20231102,416,23,5,1,25.06864,121.5107,17
500103004,20231102,417,23,5,1,25.06864,121.5107,17
500103004,20231102,418,23,5,1,25.06864,121.5107,17
500103004,20231102,419,23,5,1,25.06864,121.5107,17
500103004,20231102,421,23,6,1,25.06864,121.5107,16
500103004,20231102,422,23,6,1,25.06864,121.5107,16
500103004,20231102,423,23,6,1,25.06864,121.5107,16
500103004,20231102,424,23,6,1,25.06864,121.5107,16
500103004,20231102,425,23,6,1,25.06864,121.5107,16
500103004,20231102,426,23,7,1,25.06864,121.5107,15
500103004,20231102,427,23,8,1,25.06864,121.5107,14
500103004,20231102,428,23,8,1,25.06864,121.5107,14
500103004,20231102,429,23,9,1,25.06864,121.5107,13
500103004,20231102,430,23,9,1,25.06864,121.5107,13
500103004,20231102,431,23,9,1,25.06864,121.5107,13
500103004,20231102,432,23,10,1,25.06864,121.5107,12
500103004,20231102,433,23,11,1,25.06864,121.5107,11
500103004,20231102,434,23,11,1,25.06864,121.5107,11
500103004,20231102,435,23,11,1,25.06864,121.5107,11
500103004,20231102,436,23,11,1,25.06864,121.5107,11
500103004,20231102,437,23,11,1,25.06864,121.5107,11
500103004,20231102,438,23,11,1,25.06864,121.5107,11
500103004,20231102,439,23,11,1,25.06864,121.5107,11
500103004,20231102,441,23,12,1,25.06864,121.5107,10
500103004,20231102,442,23,13,1,25.06864,121.5107,9
500103004,20231102,443,23,13,1,25.06864,121.5107,9
500103004,20231102,444,23,14,1,25.06864,121.5107,8
500103004,20231102,445,23,14,1,25.06864,121.5107,8
500103004,20231102,446,23,14,1,25.06864,121.5107,8
500103004,20231102,447,23,15,1,25.06864,121.5107,7
500103004,20231102,448,23,12,1,25.06864,121.5107,10
500103004,20231102,449,23,10,1,25.06864,121.5107,12
500103004,20231102,451,23,3,1,25.06864,121.5107,19
500103004,20231102,452,23,2,1,25.06864,121.5107,20
500103004,20231102,453,23,0,1,25.06864,121.5107,22
500103004,20231102,454,23,0,1,25.06864,121.5107,22
500103004,20231102,455,23,0,1,25.06864,121.5107,22
500103004,20231102,456,23,0,1,25.06864,121.5107,22
500103004,20231102,457,23,0,1,25.06864,121.5107,22
500103004,20231102,458,23,1,1,25.06864,121.5107,21
500103004,20231102,459,23,2,1,25.06864,121.5107,20
500103004,20231102,460,23,2,1,25.06864,121.5107,20
500103004,20231102,461,23,3,1,25.06864,121.5107,19
500103004,20231102,463,23,5,1,25.06864,121.5107,17
500103004,20231102,464,23,5,1,25.06864,121.5107,17
500103004,20231102,465,23,5,1,25.06864,121.5107,17
500103004,20231102,466,23,6,1,25.06864,121.5107,16
500103004,20231102,467,23,6,1,25.06864,121.5107,16
500103004,20231102,468,23,7,1,25.06864,121.5107,15
500103004,20231102,469,23,7,1,25.06864,121.5107,15
500103004,20231102,471,23,7,1,25.06864,121.5107,15
500103004,20231102,472,23,9,1,25.06864,121.5107,13
500103004,20231102,473,23,8,1,25.06864,121.5107,14
500103004,20231102,474,23,8,1,25.06864,121.5107,14
500103004,20231102,475,23,8,1,25.06864,121.5107,14
500103004,20231102,476,23,9,1,25.06864,121.5107,13
500103004,20231102,477,23,9,1,25.06864,121.5107,13
500103004,20231102,478,23,9,1,25.06864,121.5107,13
500103004,20231102,479,23,11,1,25.06864,121.5107,11
500103004,20231102,481,23,11,1,25.06864,121.5107,11
500103004,20231102,482,23,12,1,25.06864,121.5107,10
500103004,20231102,483,23,12,1,25.06864,121.5107,10
500103004,20231102,484,23,12,1,25.06864,121.5107,10
500103004,20231102,485,23,12,1,25.06864,121.5107,10
500103004,20231102,486,23,12,1,25.06864,121.5107,10
500103004,20231102,487,23,13,1,25.06864,121.5107,9
500103004,20231102,488,23,13,1,25.06864,121.5107,9
500103004,20231102,489,23,13,1,25.06864,121.5107,9
500103004,20231102,491,23,15,1,25.06864,121.5107,7
500103004,20231102,492,23,16,1,25.06864,121.5107,6
500103004,20231102,493,23,15,1,25.06864,121.5107,7
500103004,20231102,494,23,15,1,25.06864,121.5107,7
500103004,20231102,495,23,15,1,25.06864,121.5107,7
500103004,20231102,496,23,15,1,25.06864,121.5107,7
500103004,20231102,497,23,16,1,25.06864,121.5107,6
500103004,20231102,498,23,16,1,25.06864,121.5107,6
500103004,20231102,499,23,16,1,25.06864,121.5107,6
500103004,20231102,501,23,17,1,25.06864,121.5107,5
500103004,20231102,503,23,20,1,25.06864,121.5107,2
500103004,20231102,504,23,20,1,25.06864,121.5107,2
500103004,20231102,506,23,20,1,25.06864,121.5107,2
500103004,20231102,507,23,20,1,25.06864,121.5107,2
500103004,20231102,508,23,20,1,25.06864,121.5107,2
500103004,20231102,509,23,20,1,25.06864,121.5107,2
500103004,20231102,511,23,21,1,25.06864,121.5107,1
500103004,20231102,512,23,20,1,25.06864,121.5107,2
500103004,20231102,513,23,20,1,25.06864,121.5107,2
500103004,20231102,514,23,21,1,25.06864,121.5107,1
500103004,20231102,515,23,21,1,25.06864,121.5107,1
500103004,20231102,516,23,22,1,25.06864,121.5107,0
500103004,20231102,517,23,22,1,25.06864,121.5107,0
500103004,20231102,518,23,22,1,25.06864,121.5107,0
500103004,20231102,519,23,22,1,25.06864,121.5107,0
500103004,20231102,521,23,18,1,25.06864,121.5107,4
500103004,20231102,522,23,16,1,25.06864,121.5107,6
500103004,20231102,523,23,12,1,25.06864,121.5107,10
500103004,20231102,524,23,8,1,25.06864,121.5107,14
500103004,20231102,525,23,8,1,25.06864,121.5107,14
500103004,20231102,526,23,1,1,25.06864,121.5107,21
500103004,20231102,527,23,0,1,25.06864,121.5107,22
500103004,20231102,528,23,0,1,25.06864,121.5107,22
500103004,20231102,529,23,0,1,25.06864,121.5107,22
500103004,20231102,531,23,0,1,25.06864,121.5107,22
500103004,20231102,532,23,1,1,25.06864,121.5107,21
500103004,20231102,533,23,2,1,25.06864,121.5107,20
500103004,20231102,534,23,3,1,25.06864,121.5107,19
500103004,20231102,535,23,3,1,25.06864,121.5107,19
500103004,20231102,536,23,1,1,25.06864,121.5107,21
500103004,20231102,537,23,2,1,25.06864,121.5107,20
500103004,20231102,538,23,2,1,25.06864,121.5107,20
500103004,20231102,539,23,2,1,25.06864,121.5107,20
500103004,20231102,541,23,3,1,25.06864,121.5107,19
500103004,20231102,542,23,3,1,25.06864,121.5107,19
500103004,20231102,543,23,3,1,25.06864,121.5107,19
500103004,20231102,544,23,3,1,25.06864,121.5107,19
500103004,20231102,545,23,3,1,25.06864,121.5107,19
500103004,20231102,546,23,4,1,25.06864,121.5107,18
500103004,20231102,547,23,4,1,25.06864,121.5107,18
500103004,20231102,548,23,4,1,25.06864,121.5107,18
500103004,20231102,549,23,4,1,25.06864,121.5107,18
500103004,20231102,551,23,4,1,25.06864,121.5107,18
500103004,20231102,552,23,4,1,25.06864,121.5107,18
500103004,20231102,553,23,4,1,25.06864,121.5107,18
500103004,20231102,554,23,3,1,25.06864,121.5107,19
500103004,20231102,555,23,3,1,25.06864,121.5107,19
500103004,20231102,556,23,3,1,25.06864,121.5107,19
500103004,20231102,557,23,3,1,25.06864,121.5107,19
500103004,20231102,558,23,3,1,25.06864,121.5107,19
500103004,20231102,559,23,5,1,25.06864,121.5107,17
500103004,20231102,561,23,5,1,25.06864,121.5107,17
500103004,20231102,562,23,5,1,25.06864,121.5107,17
500103004,20231102,563,23,4,1,25.06864,121.5107,18
500103004,20231102,564,23,4,1,25.06864,121.5107,18
500103004,20231102,565,23,4,1,25.06864,121.5107,18
500103004,20231102,566,23,4,1,25.06864,121.5107,18
500103004,20231102,567,23,4,1,25.06864,121.5107,18
500103004,20231102,568,23,4,1,25.06864,121.5107,18
500103004,20231102,569,23,5,1,25.06864,121.5107,17
500103004,20231102,571,23,5,1,25.06864,121.5107,17
500103004,20231102,572,23,6,1,25.06864,121.5107,16
500103004,20231102,573,23,6,1,25.06864,121.5107,16
500103004,20231102,574,23,6,1,25.06864,121.5107,16
500103004,20231102,575,23,6,1,25.06864,121.5107,16
500103004,20231102,576,23,6,1,25.06864,121.5107,16
500103004,20231102,577,23,6,1,25.06864,121.5107,16
500103004,20231102,578,23,6,1,25.06864,121.5107,16
500103004,20231102,579,23,6,1,25.06864,121.5107,16
500103004,20231102,580,23,6,1,25.06864,121.5107,16
500103004,20231102,581,23,7,1,25.06864,121.5107,15
500103004,20231102,582,23,6,1,25.06864,121.5107,16
500103004,20231102,583,23,5,1,25.06864,121.5107,17
500103004,20231102,584,23,3,1,25.06864,121.5107,19
500103004,20231102,585,23,3,1,25.06864,121.5107,19
500103004,20231102,586,23,3,1,25.06864,121.5107,19
500103004,20231102,587,23,3,1,25.06864,121.5107,19
500103004,20231102,588,23,3,1,25.06864,121.5107,19
500103004,20231102,589,23,3,1,25.06864,121.5107,19
500103004,20231102,590,23,4,1,25.06864,121.5107,18
500103004,20231102,591,23,3,1,25.06864,121.5107,19
500103004,20231102,592,23,3,1,25.06864,121.5107,19
500103004,20231102,593,23,3,1,25.06864,121.5107,19
500103004,20231102,594,23,4,1,25.06864,121.5107,18
500103004,20231102,595,23,4,1,25.06864,121.5107,18
500103004,20231102,596,23,5,1,25.06864,121.5107,17
500103004,20231102,597,23,5,1,25.06864,121.5107,17
500103004,20231102,598,23,5,1,25.06864,121.5107,17
500103004,20231102,599,23,5,1,25.06864,121.5107,17
500103004,20231102,601,23,5,1,25.06864,121.5107,17
500103004,20231102,602,23,5,1,25.06864,121.5107,17
500103004,20231102,603,23,5,1,25.06864,121.5107,17
500103004,20231102,604,23,5,1,25.06864,121.5107,17
500103004,20231102,605,23,5,1,25.06864,121.5107,17
500103004,20231102,606,23,5,1,25.06864,121.5107,17
500103004,20231102,607,23,5,1,25.06864,121.5107,17
500103004,20231102,608,23,5,1,25.06864,121.5107,17
500103004,20231102,609,23,5,1,25.06864,121.5107,17
500103004,20231102,610,23,5,1,25.06864,121.5107,17
500103004,20231102,611,23,5,1,25.06864,121.5107,17
500103004,20231102,612,23,5,1,25.06864,121.5107,17
500103004,20231102,613,23,5,1,25.06864,121.5107,17
500103004,20231102,614,23,5,1,25.06864,121.5107,17
500103004,20231102,615,23,5,1,25.06864,121.5107,17
500103004,20231102,616,23,5,1,25.06864,121.5107,17
500103004,20231102,617,23,5,1,25.06864,121.5107,17
500103004,20231102,618,23,5,1,25.06864,121.5107,17
500103004,20231102,619,23,5,1,25.06864,121.5107,17
500103004,20231102,621,23,5,1,25.06864,121.5107,17
500103004,20231102,622,23,6,1,25.06864,121.5107,16
500103004,20231102,623,23,6,1,25.06864,121.5107,16
500103004,20231102,624,23,6,1,25.06864,121.5107,16
500103004,20231102,625,23,6,1,25.06864,121.5107,16
500103004,20231102,626,23,6,1,25.06864,121.5107,16
500103004,20231102,627,23,7,1,25.06864,121.5107,15
500103004,20231102,628,23,7,1,25.06864,121.5107,15
500103004,20231102,629,23,7,1,25.06864,121.5107,15
500103004,20231102,631,23,7,1,25.06864,121.5107,15
500103004,20231102,632,23,7,1,25.06864,121.5107,15
500103004,20231102,633,23,5,1,25.06864,121.5107,17
500103004,20231102,634,23,4,1,25.06864,121.5107,18
500103004,20231102,635,23,4,1,25.06864,121.5107,18
500103004,20231102,636,23,4,1,25.06864,121.5107,18
500103004,20231102,637,23,4,1,25.06864,121.5107,18
500103004,20231102,638,23,4,1,25.06864,121.5107,18
500103004,20231102,639,23,4,1,25.06864,121.5107,18
500103004,20231102,640,23,5,1,25.06864,121.5107,17
500103004,20231102,641,23,5,1,25.06864,121.5107,17
500103004,20231102,642,23,5,1,25.06864,121.5107,17
500103004,20231102,643,23,5,1,25.06864,121.5107,17
500103004,20231102,644,23,5,1,25.06864,121.5107,17
500103004,20231102,645,23,5,1,25.06864,121.5107,17
500103004,20231102,646,23,5,1,25.06864,121.5107,17
500103004,20231102,647,23,5,1,25.06864,121.5107,17
500103004,20231102,648,23,5,1,25.06864,121.5107,17
500103004,20231102,649,23,5,1,25.06864,121.5107,17
500103004,20231102,650,23,5,1,25.06864,121.5107,17
500103004,20231102,651,23,5,1,25.06864,121.5107,17
500103004,20231102,652,23,5,1,25.06864,121.5107,17
500103004,20231102,653,23,5,1,25.06864,121.5107,17
500103004,20231102,654,23,5,1,25.06864,121.5107,17
500103004,20231102,655,23,5,1,25.06864,121.5107,17
500103004,20231102,656,23,5,1,25.06864,121.5107,17
500103004,20231102,657,23,6,1,25.06864,121.5107,16
500103004,20231102,658,23,6,1,25.06864,121.5107,16
500103004,20231102,659,23,6,1,25.06864,121.5107,16
500103004,20231102,661,23,8,1,25.06864,121.5107,14
500103004,20231102,662,23,8,1,25.06864,121.5107,14
500103004,20231102,663,23,8,1,25.06864,121.5107,14
500103004,20231102,664,23,9,1,25.06864,121.5107,13
500103004,20231102,665,23,9,1,25.06864,121.5107,13
500103004,20231102,666,23,9,1,25.06864,121.5107,13
500103004,20231102,667,23,9,1,25.06864,121.5107,13
500103004,20231102,668,23,9,1,25.06864,121.5107,13
500103004,20231102,669,23,9,1,25.06864,121.5107,13
500103004,20231102,670,23,9,1,25.06864,121.5107,13
500103004,20231102,671,23,9,1,25.06864,121.5107,13
500103004,20231102,672,23,9,1,25.06864,121.5107,13
500103004,20231102,673,23,9,1,25.06864,121.5107,13
500103004,20231102,674,23,9,1,25.06864,121.5107,13
500103004,20231102,675,23,9,1,25.06864,121.5107,13
500103004,20231102,676,23,9,1,25.06864,121.5107,13
500103004,20231102,677,23,9,1,25.06864,121.5107,13
500103004,20231102,679,23,9,1,25.06864,121.5107,13
500103004,20231102,681,23,8,1,25.06864,121.5107,14
500103004,20231102,682,23,8,1,25.06864,121.5107,14
500103004,20231102,683,23,7,1,25.06864,121.5107,15
500103004,20231102,684,23,7,1,25.06864,121.5107,15
500103004,20231102,685,23,7,1,25.06864,121.5107,15
500103004,20231102,686,23,7,1,25.06864,121.5107,15
500103004,20231102,687,23,7,1,25.06864,121.5107,15
500103004,20231102,688,23,7,1,25.06864,121.5107,15
500103004,20231102,689,23,7,1,25.06864,121.5107,15
500103004,20231102,691,23,7,1,25.06864,121.5107,15
500103004,20231102,692,23,7,1,25.06864,121.5107,15
500103004,20231102,693,23,7,1,25.06864,121.5107,15
500103004,20231102,694,23,7,1,25.06864,121.5107,15
500103004,20231102,695,23,7,1,25.06864,121.5107,15
500103004,20231102,696,23,7,1,25.06864,121.5107,15
500103004,20231102,697,23,7,1,25.06864,121.5107,15
500103004,20231102,698,23,7,1,25.06864,121.5107,15
500103004,20231102,699,23,7,1,25.06864,121.5107,15
500103004,20231102,701,23,7,1,25.06864,121.5107,15
500103004,20231102,702,23,7,1,25.06864,121.5107,15
500103004,20231102,703,23,7,1,25.06864,121.5107,15
500103004,20231102,704,23,7,1,25.06864,121.5107,15
500103004,20231102,705,23,7,1,25.06864,121.5107,15
500103004,20231102,706,23,7,1,25.06864,121.5107,15
500103004,20231102,707,23,7,1,25.06864,121.5107,15
500103004,20231102,708,23,7,1,25.06864,121.5107,15
500103004,20231102,709,23,7,1,25.06864,121.5107,15
500103004,20231102,711,23,7,1,25.06864,121.5107,15
500103004,20231102,712,23,7,1,25.06864,121.5107,15
500103004,20231102,713,23,7,1,25.06864,121.5107,15
500103004,20231102,714,23,7,1,25.06864,121.5107,15
500103004,20231102,715,23,7,1,25.06864,121.5107,15
500103004,20231102,716,23,7,1,25.06864,121.5107,15
500103004,20231102,717,23,8,1,25.06864,121.5107,14
500103004,20231102,718,23,8,1,25.06864,121.5107,14
500103004,20231102,719,23,8,1,25.06864,121.5107,14
500103004,20231102,721,23,8,1,25.06864,121.5107,14
500103004,20231102,722,23,8,1,25.06864,121.5107,14
500103004,20231102,723,23,8,1,25.06864,121.5107,14
500103004,20231102,724,23,8,1,25.06864,121.5107,14
500103004,20231102,725,23,7,1,25.06864,121.5107,15
500103004,20231102,726,23,6,1,25.06864,121.5107,16
500103004,20231102,727,23,6,1,25.06864,121.5107,16
500103004,20231102,728,23,6,1,25.06864,121.5107,16
500103004,20231102,729,23,6,1,25.06864,121.5107,16
500103004,20231102,731,23,6,1,25.06864,121.5107,16
500103004,20231102,732,23,6,1,25.06864,121.5107,16
500103004,20231102,733,23,6,1,25.06864,121.5107,16
500103004,20231102,734,23,6,1,25.06864,121.5107,16
500103004,20231102,735,23,6,1,25.06864,121.5107,16
500103004,20231102,736,23,6,1,25.06864,121.5107,16
500103004,20231102,737,23,6,1,25.06864,121.5107,16
500103004,20231102,738,23,6,1,25.06864,121.5107,16
500103004,20231102,739,23,6,1,25.06864,121.5107,16
500103004,20231102,741,23,6,1,25.06864,121.5107,16
500103004,20231102,742,23,6,1,25.06864,121.5107,16
500103004,20231102,743,23,6,1,25.06864,121.5107,16
500103004,20231102,744,23,4,1,25.06864,121.5107,18
500103004,20231102,745,23,4,1,25.06864,121.5107,18
500103004,20231102,746,23,4,1,25.06864,121.5107,18
500103004,20231102,747,23,4,1,25.06864,121.5107,18
500103004,20231102,748,23,4,1,25.06864,121.5107,18
500103004,20231102,749,23,4,1,25.06864,121.5107,18
500103004,20231102,751,23,4,1,25.06864,121.5107,18
500103004,20231102,752,23,3,1,25.06864,121.5107,19
500103004,20231102,753,23,3,1,25.06864,121.5107,19
500103004,20231102,754,23,4,1,25.06864,121.5107,18
500103004,20231102,755,23,4,1,25.06864,121.5107,18
500103004,20231102,756,23,4,1,25.06864,121.5107,18
500103004,20231102,757,23,4,1,25.06864,121.5107,18
500103004,20231102,758,23,4,1,25.06864,121.5107,18
500103004,20231102,759,23,4,1,25.06864,121.5107,18
500103004,20231102,761,23,5,1,25.06864,121.5107,17
500103004,20231102,762,23,5,1,25.06864,121.5107,17
500103004,20231102,763,23,5,1,25.06864,121.5107,17
500103004,20231102,764,23,5,1,25.06864,121.5107,17
500103004,20231102,765,23,5,1,25.06864,121.5107,17
500103004,20231102,766,23,5,1,25.06864,121.5107,17
500103004,20231102,767,23,5,1,25.06864,121.5107,17
500103004,20231102,768,23,5,1,25.06864,121.5107,17
500103004,20231102,769,23,5,1,25.06864,121.5107,17
500103004,20231102,771,23,5,1,25.06864,121.5107,17
500103004,20231102,772,23,5,1,25.06864,121.5107,17
500103004,20231102,773,23,5,1,25.06864,121.5107,17
500103004,20231102,774,23,5,1,25.06864,121.5107,17
500103004,20231102,775,23,5,1,25.06864,121.5107,17
500103004,20231102,776,23,6,1,25.06864,121.5107,16
500103004,20231102,777,23,6,1,25.06864,121.5107,16
500103004,20231102,778,23,6,1,25.06864,121.5107,16
500103004,20231102,779,23,6,1,25.06864,121.5107,16
500103004,20231102,781,23,5,1,25.06864,121.5107,17
500103004,20231102,782,23,5,1,25.06864,121.5107,17
500103004,20231102,783,23,5,1,25.06864,121.5107,17
500103004,20231102,784,23,5,1,25.06864,121.5107,17
500103004,20231102,785,23,6,1,25.06864,121.5107,16
500103004,20231102,786,23,6,1,25.06864,121.5107,16
500103004,20231102,787,23,6,1,25.06864,121.5107,16
500103004,20231102,788,23,5,1,25.06864,121.5107,17
500103004,20231102,789,23,5,1,25.06864,121.5107,17
500103004,20231102,790,23,5,1,25.06864,121.5107,17
500103004,20231102,791,23,5,1,25.06864,121.5107,17
500103004,20231102,792,23,5,1,25.06864,121.5107,17
500103004,20231102,793,23,5,1,25.06864,121.5107,17
500103004,20231102,794,23,6,1,25.06864,121.5107,16
500103004,20231102,795,23,6,1,25.06864,121.5107,16
500103004,20231102,796,23,6,1,25.06864,121.5107,16
500103004,20231102,797,23,8,1,25.06864,121.5107,14
500103004,20231102,798,23,13,1,25.06864,121.5107,9
500103004,20231102,799,23,13,1,25.06864,121.5107,9
500103004,20231102,801,23,13,1,25.06864,121.5107,9
500103004,20231102,802,23,13,1,25.06864,121.5107,9
500103004,20231102,803,23,13,1,25.06864,121.5107,9
500103004,20231102,804,23,13,1,25.06864,121.5107,9
500103004,20231102,805,23,13,1,25.06864,121.5107,9
500103004,20231102,806,23,13,1,25.06864,121.5107,9
500103004,20231102,807,23,13,1,25.06864,121.5107,9
500103004,20231102,808,23,13,1,25.06864,121.5107,9
500103004,20231102,809,23,12,1,25.06864,121.5107,10
500103004,20231102,811,23,12,1,25.06864,121.5107,10
500103004,20231102,812,23,12,1,25.06864,121.5107,10
500103004,20231102,813,23,12,1,25.06864,121.5107,10
500103004,20231102,814,23,12,1,25.06864,121.5107,10
500103004,20231102,815,23,12,1,25.06864,121.5107,10
500103004,20231102,816,23,13,1,25.06864,121.5107,9
500103004,20231102,817,23,13,1,25.06864,121.5107,9
500103004,20231102,818,23,12,1,25.06864,121.5107,10
500103004,20231102,819,23,12,1,25.06864,121.5107,10
500103004,20231102,820,23,12,1,25.06864,121.5107,10
500103004,20231102,821,23,12,1,25.06864,121.5107,10
500103004,20231102,822,23,12,1,25.06864,121.5107,10
500103004,20231102,823,23,12,1,25.06864,121.5107,10
500103004,20231102,824,23,12,1,25.06864,121.5107,10
500103004,20231102,825,23,12,1,25.06864,121.5107,10
500103004,20231102,826,23,12,1,25.06864,121.5107,10
500103004,20231102,827,23,12,1,25.06864,121.5107,10
500103004,20231102,828,23,12,1,25.06864,121.5107,10
500103004,20231102,829,23,13,1,25.06864,121.5107,9
500103004,20231102,830,23,13,1,25.06864,121.5107,9
500103004,20231102,831,23,13,1,25.06864,121.5107,9
500103004,20231102,832,23,13,1,25.06864,121.5107,9
500103004,20231102,833,23,13,1,25.06864,121.5107,9
500103004,20231102,834,23,13,1,25.06864,121.5107,9
500103004,20231102,835,23,13,1,25.06864,121.5107,9
500103004,20231102,836,23,14,1,25.06864,121.5107,8
500103004,20231102,837,23,14,1,25.06864,121.5107,8
500103004,20231102,838,23,14,1,25.06864,121.5107,8
500103004,20231102,839,23,14,1,25.06864,121.5107,8
500103004,20231102,841,23,14,1,25.06864,121.5107,8
500103004,20231102,842,23,13,1,25.06864,121.5107,9
500103004,20231102,843,23,13,1,25.06864,121.5107,9
500103004,20231102,844,23,13,1,25.06864,121.5107,9
500103004,20231102,845,23,13,1,25.06864,121.5107,9
500103004,20231102,846,23,13,1,25.06864,121.5107,9
500103004,20231102,847,23,13,1,25.06864,121.5107,9
500103004,20231102,848,23,13,1,25.06864,121.5107,9
500103004,20231102,849,23,13,1,25.06864,121.5107,9
500103004,20231102,850,23,13,1,25.06864,121.5107,9
500103004,20231102,851,23,13,1,25.06864,121.5107,9
500103004,20231102,852,23,13,1,25.06864,121.5107,9
500103004,20231102,853,23,14,1,25.06864,121.5107,8
500103004,20231102,854,23,14,1,25.06864,121.5107,8
500103004,20231102,855,23,14,1,25.06864,121.5107,8
500103004,20231102,856,23,14,1,25.06864,121.5107,8
500103004,20231102,857,23,14,1,25.06864,121.5107,8
500103004,20231102,858,23,13,1,25.06864,121.5107,9
500103004,20231102,859,23,13,1,25.06864,121.5107,9
500103004,20231102,861,23,12,1,25.06864,121.5107,10
500103004,20231102,862,23,12,1,25.06864,121.5107,10
500103004,20231102,863,23,12,1,25.06864,121.5107,10
500103004,20231102,864,23,12,1,25.06864,121.5107,10
500103004,20231102,865,23,12,1,25.06864,121.5107,10
500103004,20231102,866,23,12,1,25.06864,121.5107,10
500103004,20231102,867,23,11,1,25.06864,121.5107,11
500103004,20231102,868,23,11,1,25.06864,121.5107,11
500103004,20231102,869,23,12,1,25.06864,121.5107,10
500103004,20231102,871,23,12,1,25.06864,121.5107,10
500103004,20231102,872,23,12,1,25.06864,121.5107,10
500103004,20231102,873,23,12,1,25.06864,121.5107,10
500103004,20231102,874,23,12,1,25.06864,121.5107,10
500103004,20231102,875,23,11,1,25.06864,121.5107,11
500103004,20231102,876,23,12,1,25.06864,121.5107,10
500103004,20231102,877,23,12,1,25.06864,121.5107,10
500103004,20231102,878,23,12,1,25.06864,121.5107,10
500103004,20231102,879,23,12,1,25.06864,121.5107,10
500103004,20231102,880,23,12,1,25.06864,121.5107,10
500103004,20231102,881,23,11,1,25.06864,121.5107,11
500103004,20231102,882,23,11,1,25.06864,121.5107,11
500103004,20231102,883,23,11,1,25.06864,121.5107,11
500103004,20231102,884,23,11,1,25.06864,121.5107,11
500103004,20231102,885,23,11,1,25.06864,121.5107,11
500103004,20231102,886,23,11,1,25.06864,121.5107,11
500103004,20231102,887,23,11,1,25.06864,121.5107,11
500103004,20231102,888,23,11,1,25.06864,121.5107,11
500103004,20231102,889,23,11,1,25.06864,121.5107,11
500103004,20231102,890,23,12,1,25.06864,121.5107,10
500103004,20231102,891,23,12,1,25.06864,121.5107,10
500103004,20231102,892,23,12,1,25.06864,121.5107,10
500103004,20231102,893,23,12,1,25.06864,121.5107,10
500103004,20231102,894,23,12,1,25.06864,121.5107,10
500103004,20231102,895,23,12,1,25.06864,121.5107,10
500103004,20231102,896,23,12,1,25.06864,121.5107,10
500103004,20231102,897,23,12,1,25.06864,121.5107,10
500103004,20231102,898,23,11,1,25.06864,121.5107,11
500103004,20231102,899,23,11,1,25.06864,121.5107,11
500103004,20231102,901,23,11,1,25.06864,121.5107,11
500103004,20231102,902,23,11,1,25.06864,121.5107,11
500103004,20231102,903,23,11,1,25.06864,121.5107,11
500103004,20231102,904,23,11,1,25.06864,121.5107,11
500103004,20231102,905,23,11,1,25.06864,121.5107,11
500103004,20231102,907,23,11,1,25.06864,121.5107,11
500103004,20231102,908,23,11,1,25.06864,121.5107,11
500103004,20231102,909,23,11,1,25.06864,121.5107,11
500103004,20231102,911,23,11,1,25.06864,121.5107,11
500103004,20231102,912,23,11,1,25.06864,121.5107,11
500103004,20231102,913,23,11,1,25.06864,121.5107,11
500103004,20231102,914,23,11,1,25.06864,121.5107,11
500103004,20231102,915,23,11,1,25.06864,121.5107,11
500103004,20231102,916,23,11,1,25.06864,121.5107,11
500103004,20231102,917,23,11,1,25.06864,121.5107,11
500103004,20231102,918,23,11,1,25.06864,121.5107,11
500103004,20231102,919,23,11,1,25.06864,121.5107,11
500103004,20231102,921,23,9,1,25.06864,121.5107,13
500103004,20231102,922,23,9,1,25.06864,121.5107,13
500103004,20231102,923,23,9,1,25.06864,121.5107,13
500103004,20231102,924,23,9,1,25.06864,121.5107,13
500103004,20231102,925,23,9,1,25.06864,121.5107,13
500103004,20231102,926,23,9,1,25.06864,121.5107,13
500103004,20231102,927,23,9,1,25.06864,121.5107,13
500103004,20231102,928,23,9,1,25.06864,121.5107,13
500103004,20231102,929,23,9,1,25.06864,121.5107,13
500103004,20231102,931,23,9,1,25.06864,121.5107,13
500103004,20231102,932,23,9,1,25.06864,121.5107,13
500103004,20231102,933,23,8,1,25.06864,121.5107,14
500103004,20231102,934,23,8,1,25.06864,121.5107,14
500103004,20231102,935,23,8,1,25.06864,121.5107,14
500103004,20231102,936,23,8,1,25.06864,121.5107,14
500103004,20231102,937,23,8,1,25.06864,121.5107,14
500103004,20231102,938,23,8,1,25.06864,121.5107,14
500103004,20231102,939,23,8,1,25.06864,121.5107,14
500103004,20231102,941,23,9,1,25.06864,121.5107,13
500103004,20231102,942,23,9,1,25.06864,121.5107,13
500103004,20231102,943,23,9,1,25.06864,121.5107,13
500103004,20231102,944,23,9,1,25.06864,121.5107,13
500103004,20231102,945,23,9,1,25.06864,121.5107,13
500103004,20231102,946,23,9,1,25.06864,121.5107,13
500103004,20231102,947,23,10,1,25.06864,121.5107,12
500103004,20231102,948,23,9,1,25.06864,121.5107,13
500103004,20231102,949,23,9,1,25.06864,121.5107,13
500103004,20231102,951,23,9,1,25.06864,121.5107,13
500103004,20231102,952,23,9,1,25.06864,121.5107,13
500103004,20231102,953,23,9,1,25.06864,121.5107,13
500103004,20231102,954,23,9,1,25.06864,121.5107,13
500103004,20231102,955,23,9,1,25.06864,121.5107,13
500103004,20231102,956,23,9,1,25.06864,121.5107,13
500103004,20231102,957,23,9,1,25.06864,121.5107,13
500103004,20231102,958,23,9,1,25.06864,121.5107,13
500103004,20231102,959,23,10,1,25.06864,121.5107,12
500103004,20231102,961,23,10,1,25.06864,121.5107,12
500103004,20231102,962,23,10,1,25.06864,121.5107,12
500103004,20231102,963,23,11,1,25.06864,121.5107,11
500103004,20231102,964,23,11,1,25.06864,121.5107,11
500103004,20231102,965,23,11,1,25.06864,121.5107,11
500103004,20231102,966,23,11,1,25.06864,121.5107,11
500103004,20231102,967,23,11,1,25.06864,121.5107,11
500103004,20231102,968,23,12,1,25.06864,121.5107,10
500103004,20231102,969,23,12,1,25.06864,121.5107,10
500103004,20231102,971,23,12,1,25.06864,121.5107,10
500103004,20231102,972,23,12,1,25.06864,121.5107,10
500103004,20231102,973,23,13,1,25.06864,121.5107,9
500103004,20231102,974,23,13,1,25.06864,121.5107,9
500103004,20231102,975,23,14,1,25.06864,121.5107,8
500103004,20231102,976,23,14,1,25.06864,121.5107,8
500103004,20231102,977,23,14,1,25.06864,121.5107,8
500103004,20231102,978,23,14,1,25.06864,121.5107,8
500103004,20231102,979,23,14,1,25.06864,121.5107,8
500103004,20231102,981,23,14,1,25.06864,121.5107,8
500103004,20231102,982,23,14,1,25.06864,121.5107,8
500103004,20231102,983,23,14,1,25.06864,121.5107,8
500103004,20231102,984,23,14,1,25.06864,121.5107,8
500103004,20231102,985,23,14,1,25.06864,121.5107,8
500103004,20231102,986,23,15,1,25.06864,121.5107,7
500103004,20231102,987,23,15,1,25.06864,121.5107,7
500103004,20231102,988,23,15,1,25.06864,121.5107,7
500103004,20231102,989,23,15,1,25.06864,121.5107,7
500103004,20231102,991,23,15,1,25.06864,121.5107,7
500103004,20231102,992,23,15,1,25.06864,121.5107,7
500103004,20231102,993,23,15,1,25.06864,121.5107,7
500103004,20231102,994,23,17,1,25.06864,121.5107,5
500103004,20231102,995,23,17,1,25.06864,121.5107,5
500103004,20231102,996,23,17,1,25.06864,121.5107,5
500103004,20231102,998,23,16,1,25.06864,121.5107,6
500103004,20231102,999,23,16,1,25.06864,121.5107,6
500103004,20231102,1001,23,16,1,25.06864,121.5107,6
500103004,20231102,1002,23,15,1,25.06864,121.5107,7
500103004,20231102,1004,23,15,1,25.06864,121.5107,7
500103004,20231102,1005,23,15,1,25.06864,121.5107,7
500103004,20231102,1006,23,15,1,25.06864,121.5107,7
500103004,20231102,1007,23,15,1,25.06864,121.5107,7
500103004,20231102,1008,23,15,1,25.06864,121.5107,7
500103004,20231102,1009,23,14,1,25.06864,121.5107,8
500103004,20231102,1010,23,15,1,25.06864,121.5107,7
500103004,20231102,1011,23,15,1,25.06864,121.5107,7
500103004,20231102,1012,23,15,1,25.06864,121.5107,7
500103004,20231102,1013,23,15,1,25.06864,121.5107,7
500103004,20231102,1014,23,15,1,25.06864,121.5107,7
500103004,20231102,1015,23,15,1,25.06864,121.5107,7
500103004,20231102,1016,23,15,1,25.06864,121.5107,7
500103004,20231102,1017,23,15,1,25.06864,121.5107,7
500103004,20231102,1018,23,15,1,25.06864,121.5107,7
500103004,20231102,1019,23,14,1,25.06864,121.5107,8
500103004,20231102,1021,23,13,1,25.06864,121.5107,9
500103004,20231102,1022,23,13,1,25.06864,121.5107,9
500103004,20231102,1023,23,12,1,25.06864,121.5107,10
500103004,20231102,1024,23,12,1,25.06864,121.5107,10
500103004,20231102,1025,23,12,1,25.06864,121.5107,10
500103004,20231102,1026,23,12,1,25.06864,121.5107,10
500103004,20231102,1027,23,12,1,25.06864,121.5107,10
500103004,20231102,1028,23,12,1,25.06864,121.5107,10
500103004,20231102,1029,23,12,1,25.06864,121.5107,10
500103004,20231102,1030,23,12,1,25.06864,121.5107,10
500103004,20231102,1031,23,12,1,25.06864,121.5107,10
500103004,20231102,1032,23,12,1,25.06864,121.5107,10
500103004,20231102,1033,23,12,1,25.06864,121.5107,10
500103004,20231102,1034,23,12,1,25.06864,121.5107,10
500103004,20231102,1035,23,11,1,25.06864,121.5107,11
500103004,20231102,1036,23,11,1,25.06864,121.5107,11
500103004,20231102,1037,23,9,1,25.06864,121.5107,13
500103004,20231102,1038,23,9,1,25.06864,121.5107,13
500103004,20231102,1039,23,9,1,25.06864,121.5107,13
500103004,20231102,1041,23,7,1,25.06864,121.5107,15
500103004,20231102,1042,23,7,1,25.06864,121.5107,15
500103004,20231102,1043,23,7,1,25.06864,121.5107,15
500103004,20231102,1044,23,7,1,25.06864,121.5107,15
500103004,20231102,1045,23,7,1,25.06864,121.5107,15
500103004,20231102,1046,23,7,1,25.06864,121.5107,15
500103004,20231102,1047,23,7,1,25.06864,121.5107,15
500103004,20231102,1048,23,7,1,25.06864,121.5107,15
500103004,20231102,1049,23,7,1,25.06864,121.5107,15
500103004,20231102,1051,23,7,1,25.06864,121.5107,15
500103004,20231102,1052,23,6,1,25.06864,121.5107,16
500103004,20231102,1053,23,6,1,25.06864,121.5107,16
500103004,20231102,1054,23,5,1,25.06864,121.5107,17
500103004,20231102,1055,23,5,1,25.06864,121.5107,17
500103004,20231102,1056,23,5,1,25.06864,121.5107,17
500103004,20231102,1057,23,6,1,25.06864,121.5107,16
500103004,20231102,1058,23,6,1,25.06864,121.5107,16
500103004,20231102,1059,23,6,1,25.06864,121.5107,16
500103004,20231102,1060,23,5,1,25.06864,121.5107,17
500103004,20231102,1061,23,5,1,25.06864,121.5107,17
500103004,20231102,1062,23,5,1,25.06864,121.5107,17
500103004,20231102,1063,23,5,1,25.06864,121.5107,17
500103004,20231102,1064,23,5,1,25.06864,121.5107,17
500103004,20231102,1065,23,5,1,25.06864,121.5107,17
500103004,20231102,1066,23,4,1,25.06864,121.5107,18
500103004,20231102,1067,23,4,1,25.06864,121.5107,18
500103004,20231102,1068,23,4,1,25.06864,121.5107,18
500103004,20231102,1069,23,4,1,25.06864,121.5107,18
500103004,20231102,1070,23,1,1,25.06864,121.5107,21
500103004,20231102,1071,23,0,1,25.06864,121.5107,22
500103004,20231102,1072,23,0,1,25.06864,121.5107,22
500103004,20231102,1073,23,0,1,25.06864,121.5107,22
500103004,20231102,1074,23,3,1,25.06864,121.5107,19
500103004,20231102,1075,23,3,1,25.06864,121.5107,19
500103004,20231102,1076,23,8,1,25.06864,121.5107,14
500103004,20231102,1077,23,8,1,25.06864,121.5107,14
500103004,20231102,1078,23,10,1,25.06864,121.5107,12
500103004,20231102,1079,23,18,1,25.06864,121.5107,4
500103004,20231102,1081,23,13,1,25.06864,121.5107,9
500103004,20231102,1082,23,13,1,25.06864,121.5107,9
500103004,20231102,1083,23,15,1,25.06864,121.5107,7
500103004,20231102,1084,23,19,1,25.06864,121.5107,3
500103004,20231102,1085,23,19,1,25.06864,121.5107,3
500103004,20231102,1086,23,18,1,25.06864,121.5107,4
500103004,20231102,1087,23,20,1,25.06864,121.5107,2
500103004,20231102,1088,23,21,1,25.06864,121.5107,1
500103004,20231102,1089,23,21,1,25.06864,121.5107,1
500103004,20231102,1090,23,22,1,25.06864,121.5107,0
500103004,20231102,1091,23,22,1,25.06864,121.5107,0
500103004,20231102,1092,23,22,1,25.06864,121.5107,0
500103004,20231102,1093,23,21,1,25.06864,121.5107,1
500103004,20231102,1094,23,22,1,25.06864,121.5107,0
500103004,20231102,1095,23,22,1,25.06864,121.5107,0
500103004,20231102,1096,23,22,1,25.06864,121.5107,0
500103004,20231102,1097,23,22,1,25.06864,121.5107,0
500103004,20231102,1098,23,22,1,25.06864,121.5107,0
500103004,20231102,1099,23,20,1,25.06864,121.5107,2
500103004,20231102,1101,23,19,1,25.06864,121.5107,3
500103004,20231102,1102,23,19,1,25.06864,121.5107,3
500103004,20231102,1103,23,19,1,25.06864,121.5107,3
500103004,20231102,1104,23,19,1,25.06864,121.5107,3
500103004,20231102,1105,23,19,1,25.06864,121.5107,3
500103004,20231102,1106,23,19,1,25.06864,121.5107,3
500103004,20231102,1107,23,19,1,25.06864,121.5107,3
500103004,20231102,1108,23,20,1,25.06864,121.5107,2
500103004,20231102,1109,23,21,1,25.06864,121.5107,1
500103004,20231102,1111,23,21,1,25.06864,121.5107,1
500103004,20231102,1112,23,22,1,25.06864,121.5107,0
500103004,20231102,1113,23,21,1,25.06864,121.5107,1
500103004,20231102,1114,23,20,1,25.06864,121.5107,2
500103004,20231102,1115,23,20,1,25.06864,121.5107,2
500103004,20231102,1116,23,20,1,25.06864,121.5107,2
500103004,20231102,1117,23,20,1,25.06864,121.5107,2
500103004,20231102,1118,23,20,1,25.06864,121.5107,2
500103004,20231102,1119,23,20,1,25.06864,121.5107,2
500103004,20231102,1120,23,18,1,25.06864,121.5107,4
500103004,20231102,1121,23,17,1,25.06864,121.5107,5
500103004,20231102,1122,23,17,1,25.06864,121.5107,5
500103004,20231102,1123,23,16,1,25.06864,121.5107,6
500103004,20231102,1124,23,16,1,25.06864,121.5107,6
500103004,20231102,1125,23,16,1,25.06864,121.5107,6
500103004,20231102,1126,23,14,1,25.06864,121.5107,8
500103004,20231102,1127,23,13,1,25.06864,121.5107,9
500103004,20231102,1128,23,12,1,25.06864,121.5107,10
500103004,20231102,1129,23,11,1,25.06864,121.5107,11
500103004,20231102,1130,23,11,1,25.06864,121.5107,11
500103004,20231102,1131,23,10,1,25.06864,121.5107,12
500103004,20231102,1132,23,11,1,25.06864,121.5107,11
500103004,20231102,1133,23,12,1,25.06864,121.5107,10
500103004,20231102,1134,23,11,1,25.06864,121.5107,11
500103004,20231102,1135,23,11,1,25.06864,121.5107,11
500103004,20231102,1136,23,11,1,25.06864,121.5107,11
500103004,20231102,1137,23,11,1,25.06864,121.5107,11
500103004,20231102,1138,23,11,1,25.06864,121.5107,11
500103004,20231102,1139,23,10,1,25.06864,121.5107,12
500103004,20231102,1141,23,11,1,25.06864,121.5107,11
500103004,20231102,1142,23,11,1,25.06864,121.5107,11
500103004,20231102,1143,23,11,1,25.06864,121.5107,11
500103004,20231102,1144,23,11,1,25.06864,121.5107,11
500103004,20231102,1145,23,11,1,25.06864,121.5107,11
500103004,20231102,1146,23,11,1,25.06864,121.5107,11
500103004,20231102,1147,23,11,1,25.06864,121.5107,11
500103004,20231102,1148,23,11,1,25.06864,121.5107,11
500103004,20231102,1149,23,10,1,25.06864,121.5107,12
500103004,20231102,1150,23,10,1,25.06864,121.5107,12
500103004,20231102,1151,23,11,1,25.06864,121.5107,11
500103004,20231102,1152,23,11,1,25.06864,121.5107,11
500103004,20231102,1153,23,10,1,25.06864,121.5107,12
500103004,20231102,1154,23,9,1,25.06864,121.5107,13
500103004,20231102,1155,23,9,1,25.06864,121.5107,13
500103004,20231102,1156,23,8,1,25.06864,121.5107,14
500103004,20231102,1158,23,8,1,25.06864,121.5107,14
500103004,20231102,1159,23,8,1,25.06864,121.5107,14
500103004,20231102,1161,23,5,1,25.06864,121.5107,17
500103004,20231102,1162,23,6,1,25.06864,121.5107,16
500103004,20231102,1164,23,7,1,25.06864,121.5107,15
500103004,20231102,1165,23,7,1,25.06864,121.5107,15
500103004,20231102,1166,23,7,1,25.06864,121.5107,15
500103004,20231102,1168,23,6,1,25.06864,121.5107,16
500103004,20231102,1169,23,6,1,25.06864,121.5107,16
500103004,20231102,1171,23,8,1,25.06864,121.5107,14
500103004,20231102,1172,23,8,1,25.06864,121.5107,14
500103004,20231102,1174,23,5,1,25.06864,121.5107,17
500103004,20231102,1175,23,6,1,25.06864,121.5107,16
500103004,20231102,1176,23,8,1,25.06864,121.5107,14
500103004,20231102,1178,23,8,1,25.06864,121.5107,14
500103004,20231102,1179,23,8,1,25.06864,121.5107,14
500103004,20231102,1181,23,8,1,25.06864,121.5107,14
500103004,20231102,1182,23,8,1,25.06864,121.5107,14
500103004,20231102,1183,23,8,1,25.06864,121.5107,14
500103004,20231102,1184,23,7,1,25.06864,121.5107,15
500103004,20231102,1186,23,7,1,25.06864,121.5107,15
500103004,20231102,1188,23,6,1,25.06864,121.5107,16
500103004,20231102,1189,23,6,1,25.06864,121.5107,16
500103004,20231102,1191,23,7,1,25.06864,121.5107,15
500103004,20231102,1192,23,9,1,25.06864,121.5107,13
500103004,20231102,1193,23,11,1,25.06864,121.5107,11
500103004,20231102,1195,23,15,1,25.06864,121.5107,7
500103004,20231102,1196,23,19,1,25.06864,121.5107,3
500103004,20231102,1197,23,19,1,25.06864,121.5107,3
500103004,20231102,1198,23,19,1,25.06864,121.5107,3
500103004,20231102,1199,23,19,1,25.06864,121.5107,3
500103004,20231102,1202,23,17,1,25.06864,121.5107,5
500103004,20231102,1203,23,17,1,25.06864,121.5107,5
500103004,20231102,1204,23,17,1,25.06864,121.5107,5
500103004,20231102,1205,23,18,1,25.06864,121.5107,4
500103004,20231102,1207,23,17,1,25.06864,121.5107,5
500103004,20231102,1208,23,17,1,25.06864,121.5107,5
500103004,20231102,1209,23,17,1,25.06864,121.5107,5
500103004,20231102,1210,23,17,1,25.06864,121.5107,5
500103004,20231102,1212,23,16,1,25.06864,121.5107,6
500103004,20231102,1213,23,16,1,25.06864,121.5107,6
500103004,20231102,1214,23,16,1,25.06864,121.5107,6
500103004,20231102,1216,23,16,1,25.06864,121.5107,6
500103004,20231102,1217,23,16,1,25.06864,121.5107,6
500103004,20231102,1218,23,15,1,25.06864,121.5107,7
500103004,20231102,1219,23,15,1,25.06864,121.5107,7
500103004,20231102,1221,23,15,1,25.06864,121.5107,7
500103004,20231102,1222,23,15,1,25.06864,121.5107,7
500103004,20231102,1223,23,14,1,25.06864,121.5107,8
500103004,20231102,1224,23,14,1,25.06864,121.5107,8
500103004,20231102,1225,23,14,1,25.06864,121.5107,8
500103004,20231102,1226,23,14,1,25.06864,121.5107,8
500103004,20231102,1227,23,15,1,25.06864,121.5107,7
500103004,20231102,1228,23,16,1,25.06864,121.5107,6
500103004,20231102,1229,23,15,1,25.06864,121.5107,7
500103004,20231102,1231,23,15,1,25.06864,121.5107,7
500103004,20231102,1232,23,15,1,25.06864,121.5107,7
500103004,20231102,1234,23,15,1,25.06864,121.5107,7
500103004,20231102,1235,23,15,1,25.06864,121.5107,7
500103004,20231102,1236,23,14,1,25.06864,121.5107,8
500103004,20231102,1237,23,14,1,25.06864,121.5107,8
500103004,20231102,1238,23,14,1,25.06864,121.5107,8
500103004,20231102,1239,23,14,1,25.06864,121.5107,8
500103004,20231102,1241,23,15,1,25.06864,121.5107,7
500103004,20231102,1242,23,14,1,25.06864,121.5107,8
500103004,20231102,1243,23,15,1,25.06864,121.5107,7
500103004,20231102,1244,23,14,1,25.06864,121.5107,8
500103004,20231102,1245,23,14,1,25.06864,121.5107,8
500103004,20231102,1246,23,14,1,25.06864,121.5107,8
500103004,20231102,1247,23,14,1,25.06864,121.5107,8
500103004,20231102,1248,23,14,1,25.06864,121.5107,8
500103004,20231102,1249,23,14,1,25.06864,121.5107,8
500103004,20231102,1251,23,14,1,25.06864,121.5107,8
500103004,20231102,1252,23,14,1,25.06864,121.5107,8
500103004,20231102,1253,23,14,1,25.06864,121.5107,8
500103004,20231102,1254,23,15,1,25.06864,121.5107,7
500103004,20231102,1255,23,15,1,25.06864,121.5107,7
500103004,20231102,1256,23,15,1,25.06864,121.5107,7
500103004,20231102,1257,23,14,1,25.06864,121.5107,8
500103004,20231102,1258,23,14,1,25.06864,121.5107,8
500103004,20231102,1259,23,13,1,25.06864,121.5107,9
500103004,20231102,1261,23,13,1,25.06864,121.5107,9
500103004,20231102,1262,23,13,1,25.06864,121.5107,9
500103004,20231102,1263,23,13,1,25.06864,121.5107,9
500103004,20231102,1264,23,13,1,25.06864,121.5107,9
500103004,20231102,1265,23,13,1,25.06864,121.5107,9
500103004,20231102,1266,23,12,1,25.06864,121.5107,10
500103004,20231102,1267,23,12,1,25.06864,121.5107,10
500103004,20231102,1268,23,12,1,25.06864,121.5107,10
500103004,20231102,1269,23,12,1,25.06864,121.5107,10
500103004,20231102,1271,23,12,1,25.06864,121.5107,10
500103004,20231102,1272,23,14,1,25.06864,121.5107,8
500103004,20231102,1273,23,14,1,25.06864,121.5107,8
500103004,20231102,1274,23,14,1,25.06864,121.5107,8
500103004,20231102,1275,23,14,1,25.06864,121.5107,8
500103004,20231102,1276,23,14,1,25.06864,121.5107,8
500103004,20231102,1277,23,12,1,25.06864,121.5107,10
500103004,20231102,1278,23,11,1,25.06864,121.5107,11
500103004,20231102,1279,23,11,1,25.06864,121.5107,11
500103004,20231102,1281,23,11,1,25.06864,121.5107,11
500103004,20231102,1282,23,11,1,25.06864,121.5107,11
500103004,20231102,1283,23,11,1,25.06864,121.5107,11
500103004,20231102,1284,23,11,1,25.06864,121.5107,11
500103004,20231102,1285,23,11,1,25.06864,121.5107,11
500103004,20231102,1286,23,11,1,25.06864,121.5107,11
500103004,20231102,1287,23,11,1,25.06864,121.5107,11
500103004,20231102,1288,23,11,1,25.06864,121.5107,11
500103004,20231102,1289,23,11,1,25.06864,121.5107,11
500103004,20231102,1291,23,9,1,25.06864,121.5107,13
500103004,20231102,1292,23,8,1,25.06864,121.5107,14
500103004,20231102,1293,23,8,1,25.06864,121.5107,14
500103004,20231102,1294,23,6,1,25.06864,121.5107,16
500103004,20231102,1295,23,6,1,25.06864,121.5107,16
500103004,20231102,1296,23,5,1,25.06864,121.5107,17
500103004,20231102,1297,23,5,1,25.06864,121.5107,17
500103004,20231102,1298,23,5,1,25.06864,121.5107,17
500103004,20231102,1299,23,5,1,25.06864,121.5107,17
500103004,20231102,1300,23,5,1,25.06864,121.5107,17
500103004,20231102,1301,23,5,1,25.06864,121.5107,17
500103004,20231102,1302,23,4,1,25.06864,121.5107,18
500103004,20231102,1303,23,3,1,25.06864,121.5107,19
500103004,20231102,1304,23,3,1,25.06864,121.5107,19
500103004,20231102,1305,23,4,1,25.06864,121.5107,18
500103004,20231102,1306,23,2,1,25.06864,121.5107,20
500103004,20231102,1307,23,2,1,25.06864,121.5107,20
500103004,20231102,1308,23,1,1,25.06864,121.5107,21
500103004,20231102,1309,23,0,1,25.06864,121.5107,22
500103004,20231102,1310,23,0,1,25.06864,121.5107,22
500103004,20231102,1311,23,0,1,25.06864,121.5107,22
500103004,20231102,1312,23,0,1,25.06864,121.5107,22
500103004,20231102,1313,23,0,1,25.06864,121.5107,22
500103004,20231102,1314,23,0,1,25.06864,121.5107,22
500103004,20231102,1315,23,0,1,25.06864,121.5107,22
500103004,20231102,1316,23,0,1,25.06864,121.5107,22
500103004,20231102,1317,23,0,1,25.06864,121.5107,22
500103004,20231102,1318,23,0,1,25.06864,121.5107,22
500103004,20231102,1319,23,0,1,25.06864,121.5107,22
500103004,20231102,1321,23,0,1,25.06864,121.5107,22
500103004,20231102,1322,23,0,1,25.06864,121.5107,22
500103004,20231102,1323,23,0,1,25.06864,121.5107,22
500103004,20231102,1324,23,0,1,25.06864,121.5107,22
500103004,20231102,1325,23,0,1,25.06864,121.5107,22
500103004,20231102,1326,23,0,1,25.06864,121.5107,22
500103004,20231102,1327,23,0,1,25.06864,121.5107,22
500103004,20231102,1328,23,0,1,25.06864,121.5107,22
500103004,20231102,1329,23,0,1,25.06864,121.5107,22
500103004,20231102,1330,23,0,1,25.06864,121.5107,22
500103004,20231102,1331,23,0,1,25.06864,121.5107,22
500103004,20231102,1332,23,1,1,25.06864,121.5107,21
500103004,20231102,1333,23,1,1,25.06864,121.5107,21
500103004,20231102,1334,23,1,1,25.06864,121.5107,21
500103004,20231102,1335,23,1,1,25.06864,121.5107,21
500103004,20231102,1336,23,1,1,25.06864,121.5107,21
500103004,20231102,1337,23,1,1,25.06864,121.5107,21
500103004,20231102,1338,23,1,1,25.06864,121.5107,21
500103004,20231102,1339,23,2,1,25.06864,121.5107,20
500103004,20231102,1341,23,1,1,25.06864,121.5107,21
500103004,20231102,1342,23,0,1,25.06864,121.5107,22
500103004,20231102,1343,23,0,1,25.06864,121.5107,22
500103004,20231102,1344,23,0,1,25.06864,121.5107,22
500103004,20231102,1345,23,0,1,25.06864,121.5107,22
500103004,20231102,1346,23,0,1,25.06864,121.5107,22
500103004,20231102,1347,23,0,1,25.06864,121.5107,22
500103004,20231102,1348,23,0,1,25.06864,121.5107,22
500103004,20231102,1349,23,0,1,25.06864,121.5107,22
500103004,20231102,1350,23,0,1,25.06864,121.5107,22
500103004,20231102,1351,23,0,1,25.06864,121.5107,22
500103004,20231102,1352,23,0,1,25.06864,121.5107,22
500103004,20231102,1353,23,0,1,25.06864,121.5107,22
500103004,20231102,1354,23,0,1,25.06864,121.5107,22
500103004,20231102,1355,23,1,1,25.06864,121.5107,21
500103004,20231102,1356,23,3,1,25.06864,121.5107,19
500103004,20231102,1357,23,5,1,25.06864,121.5107,17
500103004,20231102,1358,23,5,1,25.06864,121.5107,17
500103004,20231102,1359,23,8,1,25.06864,121.5107,14
500103004,20231102,1360,23,10,1,25.06864,121.5107,12
500103004,20231102,1361,23,12,1,25.06864,121.5107,10
500103004,20231102,1362,23,11,1,25.06864,121.5107,11
500103004,20231102,1363,23,13,1,25.06864,121.5107,9
500103004,20231102,1364,23,13,1,25.06864,121.5107,9
500103004,20231102,1365,23,13,1,25.06864,121.5107,9
500103004,20231102,1366,23,13,1,25.06864,121.5107,9
500103004,20231102,1367,23,12,1,25.06864,121.5107,10
500103004,20231102,1368,23,10,1,25.06864,121.5107,12
500103004,20231102,1369,23,11,1,25.06864,121.5107,11
500103004,20231102,1370,23,11,1,25.06864,121.5107,11
500103004,20231102,1371,23,11,1,25.06864,121.5107,11
500103004,20231102,1372,23,11,1,25.06864,121.5107,11
500103004,20231102,1373,23,11,1,25.06864,121.5107,11
500103004,20231102,1374,23,11,1,25.06864,121.5107,11
500103004,20231102,1375,23,11,1,25.06864,121.5107,11
500103004,20231102,1376,23,10,1,25.06864,121.5107,12
500103004,20231102,1377,23,10,1,25.06864,121.5107,12
500103004,20231102,1378,23,10,1,25.06864,121.5107,12
500103004,20231102,1379,23,10,1,25.06864,121.5107,12
500103004,20231102,1381,23,10,1,25.06864,121.5107,12
500103004,20231102,1382,23,10,1,25.06864,121.5107,12
500103004,20231102,1383,23,8,1,25.06864,121.5107,14
500103004,20231102,1384,23,8,1,25.06864,121.5107,14
500103004,20231102,1385,23,8,1,25.06864,121.5107,14
500103004,20231102,1386,23,8,1,25.06864,121.5107,14
500103004,20231102,1387,23,8,1,25.06864,121.5107,14
500103004,20231102,1388,23,8,1,25.06864,121.5107,14
500103004,20231102,1389,23,8,1,25.06864,121.5107,14
500103004,20231102,1390,23,9,1,25.06864,121.5107,13
500103004,20231102,1391,23,9,1,25.06864,121.5107,13
500103004,20231102,1392,23,9,1,25.06864,121.5107,13
500103004,20231102,1393,23,9,1,25.06864,121.5107,13
500103004,20231102,1394,23,9,1,25.06864,121.5107,13
500103004,20231102,1395,23,9,1,25.06864,121.5107,13
500103004,20231102,1396,23,9,1,25.06864,121.5107,13
500103004,20231102,1397,23,7,1,25.06864,121.5107,15
500103004,20231102,1398,23,7,1,25.06864,121.5107,15
500103004,20231102,1399,23,7,1,25.06864,121.5107,15
500103004,20231102,1401,23,7,1,25.06864,121.5107,15
500103004,20231102,1402,23,7,1,25.06864,121.5107,15
500103004,20231102,1403,23,7,1,25.06864,121.5107,15
500103004,20231102,1404,23,7,1,25.06864,121.5107,15
500103004,20231102,1405,23,7,1,25.06864,121.5107,15
500103004,20231102,1406,23,7,1,25.06864,121.5107,15
500103004,20231102,1407,23,6,1,25.06864,121.5107,16
500103004,20231102,1408,23,6,1,25.06864,121.5107,16
500103004,20231102,1409,23,6,1,25.06864,121.5107,16
500103004,20231102,1410,23,6,1,25.06864,121.5107,16
500103004,20231102,1411,23,6,1,25.06864,121.5107,16
500103004,20231102,1412,23,6,1,25.06864,121.5107,16
500103004,20231102,1413,23,6,1,25.06864,121.5107,16
500103004,20231102,1414,23,6,1,25.06864,121.5107,16
500103004,20231102,1415,23,5,1,25.06864,121.5107,17
500103004,20231102,1416,23,5,1,25.06864,121.5107,17
500103004,20231102,1417,23,5,1,25.06864,121.5107,17
500103004,20231102,1418,23,5,1,25.06864,121.5107,17
500103004,20231102,1419,23,4,1,25.06864,121.5107,18
500103004,20231102,1420,23,4,1,25.06864,121.5107,18
500103004,20231102,1421,23,5,1,25.06864,121.5107,17
500103004,20231102,1422,23,6,1,25.06864,121.5107,16
500103004,20231102,1423,23,6,1,25.06864,121.5107,16
500103004,20231102,1425,23,6,1,25.06864,121.5107,16
500103004,20231102,1426,23,6,1,25.06864,121.5107,16
500103004,20231102,1427,23,5,1,25.06864,121.5107,17
500103004,20231102,1428,23,5,1,25.06864,121.5107,17
500103004,20231102,1429,23,4,1,25.06864,121.5107,18
500103004,20231102,1431,23,3,1,25.06864,121.5107,19
500103004,20231102,1432,23,3,1,25.06864,121.5107,19
500103004,20231102,1433,23,2,1,25.06864,121.5107,20
500103004,20231102,1434,23,2,1,25.06864,121.5107,20
500103004,20231102,1435,23,2,1,25.06864,121.5107,20
500103004,20231102,1436,23,1,1,25.06864,121.5107,21
500103004,20231102,1437,23,1,1,25.06864,121.5107,21
500103004,20231102,1438,23,1,1,25.06864,121.5107,21
500103004,20231102,1439,23,1,1,25.06864,121.5107,21
500103004,20231103,1,23,0,1,25.06864,121.5107,22
500103004,20231103,2,23,1,1,25.06864,121.5107,21
500103004,20231103,3,23,1,1,25.06864,121.5107,21
500103004,20231103,4,23,1,1,25.06864,121.5107,21
500103004,20231103,5,23,1,1,25.06864,121.5107,21
500103004,20231103,6,23,1,1,25.06864,121.5107,21
500103004,20231103,7,23,1,1,25.06864,121.5107,21
500103004,20231103,8,23,1,1,25.06864,121.5107,21
500103004,20231103,9,23,1,1,25.06864,121.5107,21
500103004,20231103,11,23,1,1,25.06864,121.5107,21
500103004,20231103,12,23,1,1,25.06864,121.5107,21
500103004,20231103,13,23,1,1,25.06864,121.5107,21
500103004,20231103,14,23,1,1,25.06864,121.5107,21
500103004,20231103,15,23,1,1,25.06864,121.5107,21
500103004,20231103,16,23,1,1,25.06864,121.5107,21
500103004,20231103,17,23,1,1,25.06864,121.5107,21
500103004,20231103,18,23,1,1,25.06864,121.5107,21
500103004,20231103,19,23,1,1,25.06864,121.5107,21
500103004,20231103,21,23,1,1,25.06864,121.5107,21
500103004,20231103,22,23,1,1,25.06864,121.5107,21
500103004,20231103,23,23,1,1,25.06864,121.5107,21
500103004,20231103,24,23,1,1,25.06864,121.5107,21
500103004,20231103,25,23,1,1,25.06864,121.5107,21
500103004,20231103,26,23,1,1,25.06864,121.5107,21
500103004,20231103,27,23,1,1,25.06864,121.5107,21
500103004,20231103,28,23,1,1,25.06864,121.5107,21
500103004,20231103,29,23,1,1,25.06864,121.5107,21
500103004,20231103,31,23,1,1,25.06864,121.5107,21
500103004,20231103,32,23,1,1,25.06864,121.5107,21
500103004,20231103,33,23,1,1,25.06864,121.5107,21
500103004,20231103,34,23,1,1,25.06864,121.5107,21
500103004,20231103,35,23,1,1,25.06864,121.5107,21
500103004,20231103,36,23,1,1,25.06864,121.5107,21
500103004,20231103,37,23,1,1,25.06864,121.5107,21
500103004,20231103,39,23,0,1,25.06864,121.5107,22
500103004,20231103,40,23,0,1,25.06864,121.5107,22
500103004,20231103,42,23,1,1,25.06864,121.5107,21
500103004,20231103,43,23,1,1,25.06864,121.5107,21
500103004,20231103,44,23,1,1,25.06864,121.5107,21
500103004,20231103,45,23,1,1,25.06864,121.5107,21
500103004,20231103,46,23,1,1,25.06864,121.5107,21
500103004,20231103,47,23,1,1,25.06864,121.5107,21
500103004,20231103,48,23,1,1,25.06864,121.5107,21
500103004,20231103,49,23,1,1,25.06864,121.5107,21
500103004,20231103,51,23,1,1,25.06864,121.5107,21
500103004,20231103,52,23,1,1,25.06864,121.5107,21
500103004,20231103,53,23,1,1,25.06864,121.5107,21
500103004,20231103,54,23,1,1,25.06864,121.5107,21
500103004,20231103,55,23,1,1,25.06864,121.5107,21
500103004,20231103,56,23,1,1,25.06864,121.5107,21
500103004,20231103,57,23,1,1,25.06864,121.5107,21
500103004,20231103,58,23,1,1,25.06864,121.5107,21
500103004,20231103,59,23,1,1,25.06864,121.5107,21
500103004,20231103,61,23,1,1,25.06864,121.5107,21
500103004,20231103,62,23,1,1,25.06864,121.5107,21
500103004,20231103,63,23,1,1,25.06864,121.5107,21
500103004,20231103,65,23,1,1,25.06864,121.5107,21
500103004,20231103,66,23,1,1,25.06864,121.5107,21
500103004,20231103,67,23,1,1,25.06864,121.5107,21
500103004,20231103,68,23,1,1,25.06864,121.5107,21
500103004,20231103,69,23,1,1,25.06864,121.5107,21
500103004,20231103,71,23,1,1,25.06864,121.5107,21
500103004,20231103,72,23,1,1,25.06864,121.5107,21
500103004,20231103,73,23,1,1,25.06864,121.5107,21
500103004,20231103,74,23,1,1,25.06864,121.5107,21
500103004,20231103,75,23,1,1,25.06864,121.5107,21
500103004,20231103,76,23,1,1,25.06864,121.5107,21
500103004,20231103,77,23,1,1,25.06864,121.5107,21
500103004,20231103,78,23,1,1,25.06864,121.5107,21
500103004,20231103,79,23,1,1,25.06864,121.5107,21
500103004,20231103,81,23,1,1,25.06864,121.5107,21
500103004,20231103,82,23,1,1,25.06864,121.5107,21
500103004,20231103,83,23,1,1,25.06864,121.5107,21
500103004,20231103,84,23,1,1,25.06864,121.5107,21
500103004,20231103,85,23,1,1,25.06864,121.5107,21
500103004,20231103,86,23,1,1,25.06864,121.5107,21
500103004,20231103,87,23,1,1,25.06864,121.5107,21
500103004,20231103,88,23,1,1,25.06864,121.5107,21
500103004,20231103,89,23,1,1,25.06864,121.5107,21
500103004,20231103,90,23,1,1,25.06864,121.5107,21
500103004,20231103,91,23,1,1,25.06864,121.5107,21
500103004,20231103,92,23,0,1,25.06864,121.5107,22
500103004,20231103,93,23,0,1,25.06864,121.5107,22
500103004,20231103,94,23,0,1,25.06864,121.5107,22
500103004,20231103,95,23,0,1,25.06864,121.5107,22
500103004,20231103,96,23,0,1,25.06864,121.5107,22
500103004,20231103,97,23,0,1,25.06864,121.5107,22
500103004,20231103,98,23,0,1,25.06864,121.5107,22
500103004,20231103,99,23,0,1,25.06864,121.5107,22
500103004,20231103,100,23,0,1,25.06864,121.5107,22
500103004,20231103,101,23,0,1,25.06864,121.5107,22
500103004,20231103,102,23,0,1,25.06864,121.5107,22
500103004,20231103,103,23,0,1,25.06864,121.5107,22
500103004,20231103,104,23,0,1,25.06864,121.5107,22
500103004,20231103,105,23,0,1,25.06864,121.5107,22
500103004,20231103,106,23,0,1,25.06864,121.5107,22
500103004,20231103,107,23,0,1,25.06864,121.5107,22
500103004,20231103,108,23,0,1,25.06864,121.5107,22
500103004,20231103,109,23,0,1,25.06864,121.5107,22
500103004,20231103,110,23,0,1,25.06864,121.5107,22
500103004,20231103,111,23,0,1,25.06864,121.5107,22
500103004,20231103,112,23,0,1,25.06864,121.5107,22
500103004,20231103,113,23,0,1,25.06864,121.5107,22
500103004,20231103,114,23,0,1,25.06864,121.5107,22
500103004,20231103,115,23,0,1,25.06864,121.5107,22
500103004,20231103,116,23,0,1,25.06864,121.5107,22
500103004,20231103,117,23,0,1,25.06864,121.5107,22
500103004,20231103,118,23,0,1,25.06864,121.5107,22
500103004,20231103,119,23,0,1,25.06864,121.5107,22
500103004,20231103,121,23,0,1,25.06864,121.5107,22
500103004,20231103,122,23,0,1,25.06864,121.5107,22
500103004,20231103,123,23,0,1,25.06864,121.5107,22
500103004,20231103,124,23,0,1,25.06864,121.5107,22
500103004,20231103,125,23,0,1,25.06864,121.5107,22
500103004,20231103,126,23,0,1,25.06864,121.5107,22
500103004,20231103,127,23,0,1,25.06864,121.5107,22
500103004,20231103,128,23,0,1,25.06864,121.5107,22
500103004,20231103,129,23,0,1,25.06864,121.5107,22
500103004,20231103,130,23,0,1,25.06864,121.5107,22
500103004,20231103,131,23,0,1,25.06864,121.5107,22
500103004,20231103,132,23,0,1,25.06864,121.5107,22
500103004,20231103,133,23,0,1,25.06864,121.5107,22
500103004,20231103,134,23,0,1,25.06864,121.5107,22
500103004,20231103,135,23,0,1,25.06864,121.5107,22
500103004,20231103,136,23,0,1,25.06864,121.5107,22
500103004,20231103,137,23,0,1,25.06864,121.5107,22
500103004,20231103,138,23,0,1,25.06864,121.5107,22
500103004,20231103,139,23,0,1,25.06864,121.5107,22
500103004,20231103,141,23,0,1,25.06864,121.5107,22
500103004,20231103,142,23,0,1,25.06864,121.5107,22
500103004,20231103,143,23,0,1,25.06864,121.5107,22
500103004,20231103,144,23,0,1,25.06864,121.5107,22
500103004,20231103,145,23,0,1,25.06864,121.5107,22
500103004,20231103,146,23,0,1,25.06864,121.5107,22
500103004,20231103,147,23,0,1,25.06864,121.5107,22
500103004,20231103,148,23,0,1,25.06864,121.5107,22
500103004,20231103,149,23,0,1,25.06864,121.5107,22
500103004,20231103,150,23,0,1,25.06864,121.5107,22
500103004,20231103,151,23,0,1,25.06864,121.5107,22
500103004,20231103,152,23,0,1,25.06864,121.5107,22
500103004,20231103,153,23,0,1,25.06864,121.5107,22
500103004,20231103,154,23,0,1,25.06864,121.5107,22
500103004,20231103,155,23,0,1,25.06864,121.5107,22
500103004,20231103,156,23,0,1,25.06864,121.5107,22
500103004,20231103,157,23,0,1,25.06864,121.5107,22
500103004,20231103,158,23,0,1,25.06864,121.5107,22
500103004,20231103,159,23,1,1,25.06864,121.5107,21
500103004,20231103,160,23,1,1,25.06864,121.5107,21
500103004,20231103,161,23,1,1,25.06864,121.5107,21
500103004,20231103,162,23,1,1,25.06864,121.5107,21
500103004,20231103,163,23,1,1,25.06864,121.5107,21
500103004,20231103,164,23,1,1,25.06864,121.5107,21
500103004,20231103,165,23,1,1,25.06864,121.5107,21
500103004,20231103,166,23,1,1,25.06864,121.5107,21
500103004,20231103,167,23,1,1,25.06864,121.5107,21
500103004,20231103,168,23,1,1,25.06864,121.5107,21
500103004,20231103,169,23,1,1,25.06864,121.5107,21
500103004,20231103,170,23,1,1,25.06864,121.5107,21
500103004,20231103,171,23,1,1,25.06864,121.5107,21
500103004,20231103,172,23,1,1,25.06864,121.5107,21
500103004,20231103,173,23,1,1,25.06864,121.5107,21
500103004,20231103,174,23,1,1,25.06864,121.5107,21
500103004,20231103,175,23,1,1,25.06864,121.5107,21
500103004,20231103,176,23,1,1,25.06864,121.5107,21
500103004,20231103,177,23,1,1,25.06864,121.5107,21
500103004,20231103,178,23,1,1,25.06864,121.5107,21
500103004,20231103,179,23,1,1,25.06864,121.5107,21
500103004,20231103,180,23,1,1,25.06864,121.5107,21
500103004,20231103,181,23,1,1,25.06864,121.5107,21
500103004,20231103,182,23,1,1,25.06864,121.5107,21
500103004,20231103,183,23,1,1,25.06864,121.5107,21
500103004,20231103,184,23,1,1,25.06864,121.5107,21
500103004,20231103,185,23,1,1,25.06864,121.5107,21
500103004,20231103,186,23,1,1,25.06864,121.5107,21
500103004,20231103,187,23,1,1,25.06864,121.5107,21
500103004,20231103,188,23,1,1,25.06864,121.5107,21
500103004,20231103,189,23,1,1,25.06864,121.5107,21
500103004,20231103,190,23,1,1,25.06864,121.5107,21
500103004,20231103,191,23,1,1,25.06864,121.5107,21
500103004,20231103,192,23,1,1,25.06864,121.5107,21
500103004,20231103,193,23,1,1,25.06864,121.5107,21
500103004,20231103,194,23,1,1,25.06864,121.5107,21
500103004,20231103,195,23,1,1,25.06864,121.5107,21
500103004,20231103,196,23,1,1,25.06864,121.5107,21
500103004,20231103,197,23,1,1,25.06864,121.5107,21
500103004,20231103,198,23,1,1,25.06864,121.5107,21
500103004,20231103,199,23,1,1,25.06864,121.5107,21
500103004,20231103,201,23,1,1,25.06864,121.5107,21
500103004,20231103,202,23,1,1,25.06864,121.5107,21
500103004,20231103,203,23,1,1,25.06864,121.5107,21
500103004,20231103,204,23,1,1,25.06864,121.5107,21
500103004,20231103,205,23,1,1,25.06864,121.5107,21
500103004,20231103,206,23,1,1,25.06864,121.5107,21
500103004,20231103,207,23,1,1,25.06864,121.5107,21
500103004,20231103,208,23,1,1,25.06864,121.5107,21
500103004,20231103,209,23,1,1,25.06864,121.5107,21
500103004,20231103,210,23,1,1,25.06864,121.5107,21
500103004,20231103,211,23,1,1,25.06864,121.5107,21
500103004,20231103,212,23,1,1,25.06864,121.5107,21
500103004,20231103,213,23,1,1,25.06864,121.5107,21
500103004,20231103,214,23,1,1,25.06864,121.5107,21
500103004,20231103,215,23,1,1,25.06864,121.5107,21
500103004,20231103,216,23,1,1,25.06864,121.5107,21
500103004,20231103,217,23,1,1,25.06864,121.5107,21
500103004,20231103,218,23,1,1,25.06864,121.5107,21
500103004,20231103,219,23,1,1,25.06864,121.5107,21
500103004,20231103,220,23,1,1,25.06864,121.5107,21
500103004,20231103,221,23,1,1,25.06864,121.5107,21
500103004,20231103,222,23,1,1,25.06864,121.5107,21
500103004,20231103,223,23,0,1,25.06864,121.5107,22
500103004,20231103,224,23,0,1,25.06864,121.5107,22
500103004,20231103,225,23,0,1,25.06864,121.5107,22
500103004,20231103,226,23,0,1,25.06864,121.5107,22
500103004,20231103,227,23,0,1,25.06864,121.5107,22
500103004,20231103,228,23,0,1,25.06864,121.5107,22
500103004,20231103,229,23,0,1,25.06864,121.5107,22
500103004,20231103,230,23,0,1,25.06864,121.5107,22
500103004,20231103,231,23,0,1,25.06864,121.5107,22
500103004,20231103,232,23,0,1,25.06864,121.5107,22
500103004,20231103,233,23,0,1,25.06864,121.5107,22
500103004,20231103,235,23,0,1,25.06864,121.5107,22
500103004,20231103,236,23,0,1,25.06864,121.5107,22
500103004,20231103,237,23,0,1,25.06864,121.5107,22
500103004,20231103,238,23,0,1,25.06864,121.5107,22
500103004,20231103,239,23,0,1,25.06864,121.5107,22
500103004,20231103,241,23,0,1,25.06864,121.5107,22
500103004,20231103,242,23,0,1,25.06864,121.5107,22
500103004,20231103,243,23,0,1,25.06864,121.5107,22
500103004,20231103,244,23,0,1,25.06864,121.5107,22
500103004,20231103,245,23,0,1,25.06864,121.5107,22
500103004,20231103,246,23,0,1,25.06864,121.5107,22
500103004,20231103,247,23,0,1,25.06864,121.5107,22
500103004,20231103,248,23,0,1,25.06864,121.5107,22
500103004,20231103,249,23,0,1,25.06864,121.5107,22
500103004,20231103,251,23,0,1,25.06864,121.5107,22
500103004,20231103,252,23,0,1,25.06864,121.5107,22
500103004,20231103,253,23,0,1,25.06864,121.5107,22
500103004,20231103,254,23,0,1,25.06864,121.5107,22
500103004,20231103,255,23,0,1,25.06864,121.5107,22
500103004,20231103,256,23,0,1,25.06864,121.5107,22
500103004,20231103,257,23,0,1,25.06864,121.5107,22
500103004,20231103,258,23,0,1,25.06864,121.5107,22
500103004,20231103,259,23,0,1,25.06864,121.5107,22
500103004,20231103,261,23,0,1,25.06864,121.5107,22
500103004,20231103,262,23,0,1,25.06864,121.5107,22
500103004,20231103,263,23,0,1,25.06864,121.5107,22
500103004,20231103,264,23,0,1,25.06864,121.5107,22
500103004,20231103,265,23,0,1,25.06864,121.5107,22
500103004,20231103,266,23,0,1,25.06864,121.5107,22
500103004,20231103,267,23,0,1,25.06864,121.5107,22
500103004,20231103,268,23,0,1,25.06864,121.5107,22
500103004,20231103,269,23,0,1,25.06864,121.5107,22
500103004,20231103,270,23,0,1,25.06864,121.5107,22
500103004,20231103,272,23,0,1,25.06864,121.5107,22
500103004,20231103,273,23,0,1,25.06864,121.5107,22
500103004,20231103,274,23,0,1,25.06864,121.5107,22
500103004,20231103,275,23,0,1,25.06864,121.5107,22
500103004,20231103,276,23,0,1,25.06864,121.5107,22
500103004,20231103,277,23,0,1,25.06864,121.5107,22
500103004,20231103,278,23,0,1,25.06864,121.5107,22
500103004,20231103,279,23,0,1,25.06864,121.5107,22
500103004,20231103,281,23,0,1,25.06864,121.5107,22
500103004,20231103,282,23,0,1,25.06864,121.5107,22
500103004,20231103,283,23,0,1,25.06864,121.5107,22
500103004,20231103,284,23,0,1,25.06864,121.5107,22
500103004,20231103,285,23,0,1,25.06864,121.5107,22
500103004,20231103,286,23,0,1,25.06864,121.5107,22
500103004,20231103,287,23,0,1,25.06864,121.5107,22
500103004,20231103,288,23,0,1,25.06864,121.5107,22
500103004,20231103,289,23,0,1,25.06864,121.5107,22
500103004,20231103,291,23,0,1,25.06864,121.5107,22
500103004,20231103,292,23,1,1,25.06864,121.5107,21
500103004,20231103,293,23,1,1,25.06864,121.5107,21
500103004,20231103,294,23,1,1,25.06864,121.5107,21
500103004,20231103,295,23,1,1,25.06864,121.5107,21
500103004,20231103,296,23,1,1,25.06864,121.5107,21
500103004,20231103,297,23,1,1,25.06864,121.5107,21
500103004,20231103,298,23,1,1,25.06864,121.5107,21
500103004,20231103,299,23,1,1,25.06864,121.5107,21
500103004,20231103,301,23,1,1,25.06864,121.5107,21
500103004,20231103,302,23,1,1,25.06864,121.5107,21
500103004,20231103,303,23,1,1,25.06864,121.5107,21
500103004,20231103,304,23,1,1,25.06864,121.5107,21
500103004,20231103,305,23,1,1,25.06864,121.5107,21
500103004,20231103,306,23,1,1,25.06864,121.5107,21
500103004,20231103,307,23,1,1,25.06864,121.5107,21
500103004,20231103,308,23,1,1,25.06864,121.5107,21
500103004,20231103,309,23,1,1,25.06864,121.5107,21
500103004,20231103,311,23,1,1,25.06864,121.5107,21
500103004,20231103,312,23,1,1,25.06864,121.5107,21
500103004,20231103,313,23,1,1,25.06864,121.5107,21
500103004,20231103,314,23,1,1,25.06864,121.5107,21
500103004,20231103,315,23,1,1,25.06864,121.5107,21
500103004,20231103,316,23,1,1,25.06864,121.5107,21
500103004,20231103,317,23,1,1,25.06864,121.5107,21
500103004,20231103,318,23,0,1,25.06864,121.5107,22
500103004,20231103,319,23,0,1,25.06864,121.5107,22
500103004,20231103,321,23,0,1,25.06864,121.5107,22
500103004,20231103,322,23,0,1,25.06864,121.5107,22
500103004,20231103,323,23,0,1,25.06864,121.5107,22
500103004,20231103,324,23,0,1,25.06864,121.5107,22
500103004,20231103,325,23,0,1,25.06864,121.5107,22
500103004,20231103,326,23,0,1,25.06864,121.5107,22
500103004,20231103,327,23,0,1,25.06864,121.5107,22
500103004,20231103,328,23,0,1,25.06864,121.5107,22
500103004,20231103,329,23,0,1,25.06864,121.5107,22
500103004,20231103,331,23,0,1,25.06864,121.5107,22
500103004,20231103,332,23,0,1,25.06864,121.5107,22
500103004,20231103,333,23,0,1,25.06864,121.5107,22
500103004,20231103,334,23,0,1,25.06864,121.5107,22
500103004,20231103,335,23,0,1,25.06864,121.5107,22
500103004,20231103,336,23,0,1,25.06864,121.5107,22
500103004,20231103,337,23,1,1,25.06864,121.5107,21
500103004,20231103,338,23,1,1,25.06864,121.5107,21
500103004,20231103,339,23,1,1,25.06864,121.5107,21
500103004,20231103,341,23,1,1,25.06864,121.5107,21
500103004,20231103,342,23,1,1,25.06864,121.5107,21
500103004,20231103,343,23,1,1,25.06864,121.5107,21
500103004,20231103,344,23,1,1,25.06864,121.5107,21
500103004,20231103,345,23,1,1,25.06864,121.5107,21
500103004,20231103,346,23,1,1,25.06864,121.5107,21
500103004,20231103,347,23,1,1,25.06864,121.5107,21
500103004,20231103,348,23,1,1,25.06864,121.5107,21
500103004,20231103,349,23,1,1,25.06864,121.5107,21
500103004,20231103,351,23,1,1,25.06864,121.5107,21
500103004,20231103,352,23,1,1,25.06864,121.5107,21
500103004,20231103,353,23,1,1,25.06864,121.5107,21
500103004,20231103,354,23,2,1,25.06864,121.5107,20
500103004,20231103,355,23,2,1,25.06864,121.5107,20
500103004,20231103,356,23,2,1,25.06864,121.5107,20
500103004,20231103,357,23,2,1,25.06864,121.5107,20
500103004,20231103,358,23,2,1,25.06864,121.5107,20
500103004,20231103,359,23,2,1,25.06864,121.5107,20
500103004,20231103,361,23,2,1,25.06864,121.5107,20
500103004,20231103,362,23,2,1,25.06864,121.5107,20
500103004,20231103,363,23,2,1,25.06864,121.5107,20
500103004,20231103,364,23,2,1,25.06864,121.5107,20
500103004,20231103,365,23,1,1,25.06864,121.5107,21
500103004,20231103,366,23,1,1,25.06864,121.5107,21
500103004,20231103,367,23,1,1,25.06864,121.5107,21
500103004,20231103,368,23,1,1,25.06864,121.5107,21
500103004,20231103,369,23,1,1,25.06864,121.5107,21
500103004,20231103,370,23,1,1,25.06864,121.5107,21
500103004,20231103,371,23,1,1,25.06864,121.5107,21
500103004,20231103,372,23,1,1,25.06864,121.5107,21
500103004,20231103,373,23,1,1,25.06864,121.5107,21
500103004,20231103,374,23,1,1,25.06864,121.5107,21
500103004,20231103,375,23,1,1,25.06864,121.5107,21
500103004,20231103,376,23,2,1,25.06864,121.5107,20
500103004,20231103,377,23,2,1,25.06864,121.5107,20
500103004,20231103,378,23,2,1,25.06864,121.5107,20
500103004,20231103,379,23,2,1,25.06864,121.5107,20
500103004,20231103,381,23,2,1,25.06864,121.5107,20
500103004,20231103,382,23,2,1,25.06864,121.5107,20
500103004,20231103,383,23,2,1,25.06864,121.5107,20
500103004,20231103,384,23,2,1,25.06864,121.5107,20
500103004,20231103,385,23,2,1,25.06864,121.5107,20
500103004,20231103,386,23,2,1,25.06864,121.5107,20
500103004,20231103,387,23,2,1,25.06864,121.5107,20
500103004,20231103,388,23,2,1,25.06864,121.5107,20
500103004,20231103,389,23,2,1,25.06864,121.5107,20
500103004,20231103,390,23,2,1,25.06864,121.5107,20
500103004,20231103,391,23,2,1,25.06864,121.5107,20
500103004,20231103,392,23,2,1,25.06864,121.5107,20
500103004,20231103,393,23,2,1,25.06864,121.5107,20
500103004,20231103,394,23,2,1,25.06864,121.5107,20
500103004,20231103,395,23,2,1,25.06864,121.5107,20
500103004,20231103,396,23,2,1,25.06864,121.5107,20
500103004,20231103,397,23,2,1,25.06864,121.5107,20
500103004,20231103,398,23,2,1,25.06864,121.5107,20
500103004,20231103,399,23,2,1,25.06864,121.5107,20
500103004,20231103,400,23,2,1,25.06864,121.5107,20
500103004,20231103,401,23,2,1,25.06864,121.5107,20
500103004,20231103,402,23,2,1,25.06864,121.5107,20
500103004,20231103,403,23,2,1,25.06864,121.5107,20
500103004,20231103,404,23,2,1,25.06864,121.5107,20
500103004,20231103,405,23,2,1,25.06864,121.5107,20
500103004,20231103,406,23,2,1,25.06864,121.5107,20
500103004,20231103,407,23,2,1,25.06864,121.5107,20
500103004,20231103,408,23,3,1,25.06864,121.5107,19
500103004,20231103,409,23,3,1,25.06864,121.5107,19
500103004,20231103,410,23,4,1,25.06864,121.5107,18
500103004,20231103,411,23,4,1,25.06864,121.5107,18
500103004,20231103,412,23,5,1,25.06864,121.5107,17
500103004,20231103,413,23,5,1,25.06864,121.5107,17
500103004,20231103,414,23,5,1,25.06864,121.5107,17
500103004,20231103,415,23,5,1,25.06864,121.5107,17
500103004,20231103,416,23,5,1,25.06864,121.5107,17
500103004,20231103,417,23,5,1,25.06864,121.5107,17
500103004,20231103,418,23,5,1,25.06864,121.5107,17
500103004,20231103,419,23,5,1,25.06864,121.5107,17
500103004,20231103,421,23,5,1,25.06864,121.5107,17
500103004,20231103,422,23,5,1,25.06864,121.5107,17
500103004,20231103,423,23,5,1,25.06864,121.5107,17
500103004,20231103,424,23,6,1,25.06864,121.5107,16
500103004,20231103,425,23,6,1,25.06864,121.5107,16
500103004,20231103,426,23,6,1,25.06864,121.5107,16
500103004,20231103,427,23,7,1,25.06864,121.5107,15
500103004,20231103,428,23,7,1,25.06864,121.5107,15
500103004,20231103,429,23,10,1,25.06864,121.5107,12
500103004,20231103,430,23,9,1,25.06864,121.5107,13
500103004,20231103,431,23,9,1,25.06864,121.5107,13
500103004,20231103,432,23,9,1,25.06864,121.5107,13
500103004,20231103,433,23,9,1,25.06864,121.5107,13
500103004,20231103,434,23,9,1,25.06864,121.5107,13
500103004,20231103,435,23,9,1,25.06864,121.5107,13
500103004,20231103,436,23,9,1,25.06864,121.5107,13
500103004,20231103,437,23,9,1,25.06864,121.5107,13
500103004,20231103,438,23,10,1,25.06864,121.5107,12
500103004,20231103,439,23,10,1,25.06864,121.5107,12
500103004,20231103,441,23,11,1,25.06864,121.5107,11
500103004,20231103,442,23,11,1,25.06864,121.5107,11
500103004,20231103,443,23,11,1,25.06864,121.5107,11
500103004,20231103,444,23,11,1,25.06864,121.5107,11
500103004,20231103,445,23,11,1,25.06864,121.5107,11
500103004,20231103,446,23,11,1,25.06864,121.5107,11
500103004,20231103,447,23,12,1,25.06864,121.5107,10
500103004,20231103,448,23,13,1,25.06864,121.5107,9
500103004,20231103,449,23,13,1,25.06864,121.5107,9
500103004,20231103,451,23,13,1,25.06864,121.5107,9
500103004,20231103,452,23,16,1,25.06864,121.5107,6
500103004,20231103,453,23,17,1,25.06864,121.5107,5
500103004,20231103,454,23,17,1,25.06864,121.5107,5
500103004,20231103,455,23,17,1,25.06864,121.5107,5
500103004,20231103,456,23,17,1,25.06864,121.5107,5
500103004,20231103,457,23,18,1,25.06864,121.5107,4
500103004,20231103,458,23,21,1,25.06864,121.5107,1
500103004,20231103,459,23,22,1,25.06864,121.5107,0
500103004,20231103,460,23,22,1,25.06864,121.5107,0
500103004,20231103,461,23,22,1,25.06864,121.5107,0
500103004,20231103,462,23,22,1,25.06864,121.5107,0
500103004,20231103,463,23,22,1,25.06864,121.5107,0
500103004,20231103,464,23,22,1,25.06864,121.5107,0
500103004,20231103,465,23,22,1,25.06864,121.5107,0
500103004,20231103,466,23,22,1,25.06864,121.5107,0
500103004,20231103,467,23,22,1,25.06864,121.5107,0
500103004,20231103,468,23,22,1,25.06864,121.5107,0
500103004,20231103,469,23,22,1,25.06864,121.5107,0
500103004,20231103,470,23,21,1,25.06864,121.5107,1
500103004,20231103,471,23,22,1,25.06864,121.5107,0
500103004,20231103,472,23,22,1,25.06864,121.5107,0
500103004,20231103,473,23,21,1,25.06864,121.5107,1
500103004,20231103,474,23,21,1,25.06864,121.5107,1
500103004,20231103,475,23,21,1,25.06864,121.5107,1
500103004,20231103,476,23,20,1,25.06864,121.5107,2
500103004,20231103,477,23,21,1,25.06864,121.5107,1
500103004,20231103,478,23,21,1,25.06864,121.5107,1
500103004,20231103,479,23,21,1,25.06864,121.5107,1
500103004,20231103,481,23,21,1,25.06864,121.5107,1
500103004,20231103,482,23,22,1,25.06864,121.5107,0
500103004,20231103,483,23,22,1,25.06864,121.5107,0
500103004,20231103,484,23,21,1,25.06864,121.5107,1
500103004,20231103,485,23,22,1,25.06864,121.5107,0
500103004,20231103,486,23,21,1,25.06864,121.5107,1
500103004,20231103,487,23,21,1,25.06864,121.5107,1
500103004,20231103,488,23,20,1,25.06864,121.5107,2
500103004,20231103,489,23,20,1,25.06864,121.5107,2
500103004,20231103,490,23,22,1,25.06864,121.5107,0
500103004,20231103,491,23,21,1,25.06864,121.5107,1
500103004,20231103,492,23,21,1,25.06864,121.5107,1
500103004,20231103,493,23,22,1,25.06864,121.5107,0
500103004,20231103,494,23,21,1,25.06864,121.5107,1
500103004,20231103,495,23,21,1,25.06864,121.5107,1
500103004,20231103,496,23,21,1,25.06864,121.5107,1
500103004,20231103,497,23,22,1,25.06864,121.5107,0
500103004,20231103,498,23,22,1,25.06864,121.5107,0
500103004,20231103,499,23,22,1,25.06864,121.5107,0
500103004,20231103,501,23,18,1,25.06864,121.5107,4
500103004,20231103,502,23,14,1,25.06864,121.5107,8
500103004,20231103,503,23,10,1,25.06864,121.5107,12
500103004,20231103,504,23,6,1,25.06864,121.5107,16
500103004,20231103,505,23,5,1,25.06864,121.5107,17
500103004,20231103,506,23,5,1,25.06864,121.5107,17
500103004,20231103,507,23,5,1,25.06864,121.5107,17
500103004,20231103,508,23,7,1,25.06864,121.5107,15
500103004,20231103,509,23,7,1,25.06864,121.5107,15
500103004,20231103,511,23,8,1,25.06864,121.5107,14
500103004,20231103,512,23,8,1,25.06864,121.5107,14
500103004,20231103,513,23,9,1,25.06864,121.5107,13
500103004,20231103,514,23,9,1,25.06864,121.5107,13
500103004,20231103,515,23,9,1,25.06864,121.5107,13
500103004,20231103,516,23,10,1,25.06864,121.5107,12
500103004,20231103,517,23,10,1,25.06864,121.5107,12
500103004,20231103,518,23,11,1,25.06864,121.5107,11
500103004,20231103,519,23,13,1,25.06864,121.5107,9
500103004,20231103,520,23,13,1,25.06864,121.5107,9
500103004,20231103,521,23,13,1,25.06864,121.5107,9
500103004,20231103,522,23,13,1,25.06864,121.5107,9
500103004,20231103,523,23,13,1,25.06864,121.5107,9
500103004,20231103,524,23,13,1,25.06864,121.5107,9
500103004,20231103,525,23,13,1,25.06864,121.5107,9
500103004,20231103,526,23,12,1,25.06864,121.5107,10
500103004,20231103,527,23,12,1,25.06864,121.5107,10
500103004,20231103,528,23,12,1,25.06864,121.5107,10
500103004,20231103,529,23,12,1,25.06864,121.5107,10
500103004,20231103,530,23,12,1,25.06864,121.5107,10
500103004,20231103,531,23,12,1,25.06864,121.5107,10
500103004,20231103,532,23,13,1,25.06864,121.5107,9
500103004,20231103,533,23,12,1,25.06864,121.5107,10
500103004,20231103,534,23,12,1,25.06864,121.5107,10
500103004,20231103,535,23,12,1,25.06864,121.5107,10
500103004,20231103,536,23,13,1,25.06864,121.5107,9
500103004,20231103,537,23,13,1,25.06864,121.5107,9
500103004,20231103,538,23,14,1,25.06864,121.5107,8
500103004,20231103,539,23,14,1,25.06864,121.5107,8
500103004,20231103,541,23,14,1,25.06864,121.5107,8
500103004,20231103,542,23,14,1,25.06864,121.5107,8
500103004,20231103,543,23,13,1,25.06864,121.5107,9
500103004,20231103,544,23,12,1,25.06864,121.5107,10
500103004,20231103,545,23,12,1,25.06864,121.5107,10
500103004,20231103,546,23,12,1,25.06864,121.5107,10
500103004,20231103,547,23,12,1,25.06864,121.5107,10
500103004,20231103,548,23,13,1,25.06864,121.5107,9
500103004,20231103,549,23,12,1,25.06864,121.5107,10
500103004,20231103,550,23,12,1,25.06864,121.5107,10
500103004,20231103,551,23,12,1,25.06864,121.5107,10
500103004,20231103,552,23,12,1,25.06864,121.5107,10
500103004,20231103,553,23,12,1,25.06864,121.5107,10
500103004,20231103,554,23,12,1,25.06864,121.5107,10
500103004,20231103,555,23,13,1,25.06864,121.5107,9
500103004,20231103,556,23,13,1,25.06864,121.5107,9
500103004,20231103,557,23,13,1,25.06864,121.5107,9
500103004,20231103,558,23,13,1,25.06864,121.5107,9
500103004,20231103,559,23,13,1,25.06864,121.5107,9
500103004,20231103,561,23,12,1,25.06864,121.5107,10
500103004,20231103,562,23,12,1,25.06864,121.5107,10
500103004,20231103,563,23,13,1,25.06864,121.5107,9
500103004,20231103,564,23,12,1,25.06864,121.5107,10
500103004,20231103,565,23,12,1,25.06864,121.5107,10
500103004,20231103,566,23,12,1,25.06864,121.5107,10
500103004,20231103,567,23,12,1,25.06864,121.5107,10
500103004,20231103,568,23,12,1,25.06864,121.5107,10
500103004,20231103,569,23,12,1,25.06864,121.5107,10
500103004,20231103,571,23,12,1,25.06864,121.5107,10
500103004,20231103,572,23,12,1,25.06864,121.5107,10
500103004,20231103,573,23,12,1,25.06864,121.5107,10
500103004,20231103,574,23,12,1,25.06864,121.5107,10
500103004,20231103,575,23,12,1,25.06864,121.5107,10
500103004,20231103,576,23,12,1,25.06864,121.5107,10
500103004,20231103,577,23,12,1,25.06864,121.5107,10
500103004,20231103,578,23,12,1,25.06864,121.5107,10
500103004,20231103,579,23,12,1,25.06864,121.5107,10
500103004,20231103,580,23,12,1,25.06864,121.5107,10
500103004,20231103,581,23,12,1,25.06864,121.5107,10
500103004,20231103,582,23,13,1,25.06864,121.5107,9
500103004,20231103,583,23,13,1,25.06864,121.5107,9
500103004,20231103,584,23,13,1,25.06864,121.5107,9
500103004,20231103,585,23,13,1,25.06864,121.5107,9
500103004,20231103,586,23,13,1,25.06864,121.5107,9
500103004,20231103,587,23,13,1,25.06864,121.5107,9
500103004,20231103,588,23,13,1,25.06864,121.5107,9
500103004,20231103,589,23,13,1,25.06864,121.5107,9
500103004,20231103,590,23,14,1,25.06864,121.5107,8
500103004,20231103,591,23,14,1,25.06864,121.5107,8
500103004,20231103,592,23,15,1,25.06864,121.5107,7
500103004,20231103,593,23,15,1,25.06864,121.5107,7
500103004,20231103,594,23,16,1,25.06864,121.5107,6
500103004,20231103,595,23,16,1,25.06864,121.5107,6
500103004,20231103,596,23,16,1,25.06864,121.5107,6
500103004,20231103,597,23,16,1,25.06864,121.5107,6
500103004,20231103,598,23,16,1,25.06864,121.5107,6
500103004,20231103,599,23,16,1,25.06864,121.5107,6
500103004,20231103,601,23,16,1,25.06864,121.5107,6
500103004,20231103,602,23,16,1,25.06864,121.5107,6
500103004,20231103,603,23,16,1,25.06864,121.5107,6
500103004,20231103,604,23,16,1,25.06864,121.5107,6
500103004,20231103,605,23,16,1,25.06864,121.5107,6
500103004,20231103,606,23,16,1,25.06864,121.5107,6
500103004,20231103,607,23,16,1,25.06864,121.5107,6
500103004,20231103,608,23,16,1,25.06864,121.5107,6
500103004,20231103,609,23,16,1,25.06864,121.5107,6
500103004,20231103,610,23,16,1,25.06864,121.5107,6
500103004,20231103,611,23,16,1,25.06864,121.5107,6
500103004,20231103,612,23,16,1,25.06864,121.5107,6
500103004,20231103,613,23,16,1,25.06864,121.5107,6
500103004,20231103,614,23,16,1,25.06864,121.5107,6
500103004,20231103,615,23,17,1,25.06864,121.5107,5
500103004,20231103,616,23,17,1,25.06864,121.5107,5
500103004,20231103,617,23,17,1,25.06864,121.5107,5
500103004,20231103,618,23,17,1,25.06864,121.5107,5
500103004,20231103,619,23,17,1,25.06864,121.5107,5
500103004,20231103,621,23,17,1,25.06864,121.5107,5
500103004,20231103,622,23,17,1,25.06864,121.5107,5
500103004,20231103,623,23,17,1,25.06864,121.5107,5
500103004,20231103,624,23,17,1,25.06864,121.5107,5
500103004,20231103,625,23,17,1,25.06864,121.5107,5
500103004,20231103,626,23,17,1,25.06864,121.5107,5
500103004,20231103,627,23,17,1,25.06864,121.5107,5
500103004,20231103,628,23,18,1,25.06864,121.5107,4
500103004,20231103,629,23,19,1,25.06864,121.5107,3
500103004,20231103,631,23,19,1,25.06864,121.5107,3
500103004,20231103,632,23,19,1,25.06864,121.5107,3
500103004,20231103,633,23,19,1,25.06864,121.5107,3
500103004,20231103,634,23,19,1,25.06864,121.5107,3
500103004,20231103,635,23,19,1,25.06864,121.5107,3
500103004,20231103,636,23,19,1,25.06864,121.5107,3
500103004,20231103,637,23,20,1,25.06864,121.5107,2
500103004,20231103,638,23,21,1,25.06864,121.5107,1
500103004,20231103,639,23,22,1,25.06864,121.5107,0
500103004,20231103,640,23,22,1,25.06864,121.5107,0
500103004,20231103,641,23,22,1,25.06864,121.5107,0
500103004,20231103,642,23,22,1,25.06864,121.5107,0
500103004,20231103,644,23,21,1,25.06864,121.5107,1
500103004,20231103,646,23,21,1,25.06864,121.5107,1
500103004,20231103,647,23,21,1,25.06864,121.5107,1
500103004,20231103,648,23,21,1,25.06864,121.5107,1
500103004,20231103,649,23,21,1,25.06864,121.5107,1
500103004,20231103,650,23,21,1,25.06864,121.5107,1
500103004,20231103,651,23,21,1,25.06864,121.5107,1
500103004,20231103,652,23,21,1,25.06864,121.5107,1
500103004,20231103,653,23,21,1,25.06864,121.5107,1
500103004,20231103,654,23,22,1,25.06864,121.5107,0
500103004,20231103,655,23,22,1,25.06864,121.5107,0
500103004,20231103,656,23,22,1,25.06864,121.5107,0
500103004,20231103,657,23,22,1,25.06864,121.5107,0
500103004,20231103,658,23,22,1,25.06864,121.5107,0
500103004,20231103,659,23,22,1,25.06864,121.5107,0
500103004,20231103,661,23,22,1,25.06864,121.5107,0
500103004,20231103,662,23,22,1,25.06864,121.5107,0
500103004,20231103,663,23,22,1,25.06864,121.5107,0
500103004,20231103,664,23,22,1,25.06864,121.5107,0
500103004,20231103,665,23,22,1,25.06864,121.5107,0
500103004,20231103,666,23,22,1,25.06864,121.5107,0
500103004,20231103,667,23,22,1,25.06864,121.5107,0
500103004,20231103,668,23,22,1,25.06864,121.5107,0
500103004,20231103,669,23,22,1,25.06864,121.5107,0
500103004,20231103,670,23,22,1,25.06864,121.5107,0
500103004,20231103,671,23,22,1,25.06864,121.5107,0
500103004,20231103,672,23,22,1,25.06864,121.5107,0
500103004,20231103,673,23,22,1,25.06864,121.5107,0
500103004,20231103,674,23,22,1,25.06864,121.5107,0
500103004,20231103,675,23,22,1,25.06864,121.5107,0
500103004,20231103,676,23,22,1,25.06864,121.5107,0
500103004,20231103,677,23,21,1,25.06864,121.5107,1
500103004,20231103,678,23,22,1,25.06864,121.5107,0
500103004,20231103,679,23,22,1,25.06864,121.5107,0
500103004,20231103,681,23,22,1,25.06864,121.5107,0
500103004,20231103,682,23,22,1,25.06864,121.5107,0
500103004,20231103,683,23,22,1,25.06864,121.5107,0
500103004,20231103,684,23,22,1,25.06864,121.5107,0
500103004,20231103,685,23,22,1,25.06864,121.5107,0
500103004,20231103,686,23,22,1,25.06864,121.5107,0
500103004,20231103,687,23,22,1,25.06864,121.5107,0
500103004,20231103,688,23,22,1,25.06864,121.5107,0
500103004,20231103,689,23,22,1,25.06864,121.5107,0
500103004,20231103,690,23,22,1,25.06864,121.5107,0
500103004,20231103,691,23,22,1,25.06864,121.5107,0
500103004,20231103,692,23,22,1,25.06864,121.5107,0
500103004,20231103,693,23,22,1,25.06864,121.5107,0
500103004,20231103,694,23,22,1,25.06864,121.5107,0
500103004,20231103,695,23,21,1,25.06864,121.5107,1
500103004,20231103,696,23,21,1,25.06864,121.5107,1
500103004,20231103,697,23,21,1,25.06864,121.5107,1
500103004,20231103,698,23,21,1,25.06864,121.5107,1
500103004,20231103,699,23,21,1,25.06864,121.5107,1
500103004,20231103,700,23,21,1,25.06864,121.5107,1
500103004,20231103,701,23,21,1,25.06864,121.5107,1
500103004,20231103,702,23,21,1,25.06864,121.5107,1
500103004,20231103,703,23,21,1,25.06864,121.5107,1
500103004,20231103,704,23,21,1,25.06864,121.5107,1
500103004,20231103,705,23,21,1,25.06864,121.5107,1
500103004,20231103,706,23,21,1,25.06864,121.5107,1
500103004,20231103,707,23,21,1,25.06864,121.5107,1
500103004,20231103,708,23,21,1,25.06864,121.5107,1
500103004,20231103,709,23,21,1,25.06864,121.5107,1
500103004,20231103,710,23,21,1,25.06864,121.5107,1
500103004,20231103,711,23,21,1,25.06864,121.5107,1
500103004,20231103,712,23,21,1,25.06864,121.5107,1
500103004,20231103,713,23,21,1,25.06864,121.5107,1
500103004,20231103,714,23,21,1,25.06864,121.5107,1
500103004,20231103,715,23,21,1,25.06864,121.5107,1
500103004,20231103,716,23,22,1,25.06864,121.5107,0
500103004,20231103,717,23,21,1,25.06864,121.5107,1
500103004,20231103,718,23,21,1,25.06864,121.5107,1
500103004,20231103,719,23,21,1,25.06864,121.5107,1
500103004,20231103,721,23,21,1,25.06864,121.5107,1
500103004,20231103,722,23,21,1,25.06864,121.5107,1
500103004,20231103,723,23,21,1,25.06864,121.5107,1
500103004,20231103,724,23,21,1,25.06864,121.5107,1
500103004,20231103,725,23,21,1,25.06864,121.5107,1
500103004,20231103,726,23,21,1,25.06864,121.5107,1
500103004,20231103,727,23,21,1,25.06864,121.5107,1
500103004,20231103,728,23,20,1,25.06864,121.5107,2
500103004,20231103,729,23,20,1,25.06864,121.5107,2
500103004,20231103,730,23,20,1,25.06864,121.5107,2
500103004,20231103,731,23,20,1,25.06864,121.5107,2
500103004,20231103,732,23,20,1,25.06864,121.5107,2
500103004,20231103,733,23,20,1,25.06864,121.5107,2
500103004,20231103,734,23,20,1,25.06864,121.5107,2
500103004,20231103,735,23,20,1,25.06864,121.5107,2
500103004,20231103,736,23,20,1,25.06864,121.5107,2
500103004,20231103,737,23,20,1,25.06864,121.5107,2
500103004,20231103,738,23,20,1,25.06864,121.5107,2
500103004,20231103,739,23,20,1,25.06864,121.5107,2
500103004,20231103,741,23,20,1,25.06864,121.5107,2
500103004,20231103,742,23,20,1,25.06864,121.5107,2
500103004,20231103,743,23,21,1,25.06864,121.5107,1
500103004,20231103,744,23,21,1,25.06864,121.5107,1
500103004,20231103,745,23,21,1,25.06864,121.5107,1
500103004,20231103,746,23,21,1,25.06864,121.5107,1
500103004,20231103,747,23,21,1,25.06864,121.5107,1
500103004,20231103,748,23,21,1,25.06864,121.5107,1
500103004,20231103,749,23,21,1,25.06864,121.5107,1
500103004,20231103,751,23,21,1,25.06864,121.5107,1
500103004,20231103,752,23,21,1,25.06864,121.5107,1
500103004,20231103,753,23,21,1,25.06864,121.5107,1
500103004,20231103,754,23,21,1,25.06864,121.5107,1
500103004,20231103,755,23,21,1,25.06864,121.5107,1
500103004,20231103,756,23,21,1,25.06864,121.5107,1
500103004,20231103,757,23,21,1,25.06864,121.5107,1
500103004,20231103,758,23,21,1,25.06864,121.5107,1
500103004,20231103,759,23,21,1,25.06864,121.5107,1
500103004,20231103,760,23,21,1,25.06864,121.5107,1
500103004,20231103,761,23,21,1,25.06864,121.5107,1
500103004,20231103,762,23,21,1,25.06864,121.5107,1
500103004,20231103,763,23,21,1,25.06864,121.5107,1
500103004,20231103,764,23,21,1,25.06864,121.5107,1
500103004,20231103,765,23,21,1,25.06864,121.5107,1
500103004,20231103,766,23,21,1,25.06864,121.5107,1
500103004,20231103,767,23,21,1,25.06864,121.5107,1
500103004,20231103,768,23,21,1,25.06864,121.5107,1
500103004,20231103,769,23,21,1,25.06864,121.5107,1
500103004,20231103,770,23,21,1,25.06864,121.5107,1
500103004,20231103,771,23,21,1,25.06864,121.5107,1
500103004,20231103,772,23,20,1,25.06864,121.5107,2
500103004,20231103,773,23,19,1,25.06864,121.5107,3
500103004,20231103,774,23,19,1,25.06864,121.5107,3
500103004,20231103,775,23,19,1,25.06864,121.5107,3
500103004,20231103,776,23,19,1,25.06864,121.5107,3
500103004,20231103,777,23,19,1,25.06864,121.5107,3
500103004,20231103,778,23,19,1,25.06864,121.5107,3
500103004,20231103,779,23,19,1,25.06864,121.5107,3
500103004,20231103,781,23,19,1,25.06864,121.5107,3
500103004,20231103,782,23,19,1,25.06864,121.5107,3
500103004,20231103,783,23,18,1,25.06864,121.5107,4
500103004,20231103,784,23,18,1,25.06864,121.5107,4
500103004,20231103,785,23,18,1,25.06864,121.5107,4
500103004,20231103,786,23,18,1,25.06864,121.5107,4
500103004,20231103,787,23,19,1,25.06864,121.5107,3
500103004,20231103,788,23,19,1,25.06864,121.5107,3
500103004,20231103,789,23,19,1,25.06864,121.5107,3
500103004,20231103,790,23,19,1,25.06864,121.5107,3
500103004,20231103,791,23,19,1,25.06864,121.5107,3
500103004,20231103,792,23,19,1,25.06864,121.5107,3
500103004,20231103,793,23,19,1,25.06864,121.5107,3
500103004,20231103,794,23,19,1,25.06864,121.5107,3
500103004,20231103,795,23,19,1,25.06864,121.5107,3
500103004,20231103,796,23,20,1,25.06864,121.5107,2
500103004,20231103,797,23,20,1,25.06864,121.5107,2
500103004,20231103,798,23,19,1,25.06864,121.5107,3
500103004,20231103,799,23,19,1,25.06864,121.5107,3
500103004,20231103,801,23,22,1,25.06864,121.5107,0
500103004,20231103,802,23,22,1,25.06864,121.5107,0
500103004,20231103,803,23,22,1,25.06864,121.5107,0
500103004,20231103,804,23,22,1,25.06864,121.5107,0
500103004,20231103,805,23,22,1,25.06864,121.5107,0
500103004,20231103,806,23,22,1,25.06864,121.5107,0
500103004,20231103,807,23,22,1,25.06864,121.5107,0
500103004,20231103,808,23,22,1,25.06864,121.5107,0
500103004,20231103,809,23,22,1,25.06864,121.5107,0
500103004,20231103,811,23,22,1,25.06864,121.5107,0
500103004,20231103,812,23,22,1,25.06864,121.5107,0
500103004,20231103,813,23,22,1,25.06864,121.5107,0
500103004,20231103,814,23,22,1,25.06864,121.5107,0
500103004,20231103,815,23,22,1,25.06864,121.5107,0
500103004,20231103,816,23,22,1,25.06864,121.5107,0
500103004,20231103,817,23,22,1,25.06864,121.5107,0
500103004,20231103,818,23,22,1,25.06864,121.5107,0
500103004,20231103,819,23,22,1,25.06864,121.5107,0
500103004,20231103,820,23,22,1,25.06864,121.5107,0
500103004,20231103,821,23,22,1,25.06864,121.5107,0
500103004,20231103,822,23,22,1,25.06864,121.5107,0
500103004,20231103,823,23,22,1,25.06864,121.5107,0
500103004,20231103,824,23,22,1,25.06864,121.5107,0
500103004,20231103,825,23,22,1,25.06864,121.5107,0
500103004,20231103,826,23,22,1,25.06864,121.5107,0
500103004,20231103,827,23,22,1,25.06864,121.5107,0
500103004,20231103,828,23,22,1,25.06864,121.5107,0
500103004,20231103,829,23,22,1,25.06864,121.5107,0
500103004,20231103,830,23,22,1,25.06864,121.5107,0
500103004,20231103,831,23,22,1,25.06864,121.5107,0
500103004,20231103,832,23,22,1,25.06864,121.5107,0
500103004,20231103,833,23,22,1,25.06864,121.5107,0
500103004,20231103,834,23,22,1,25.06864,121.5107,0
500103004,20231103,835,23,22,1,25.06864,121.5107,0
500103004,20231103,836,23,22,1,25.06864,121.5107,0
500103004,20231103,837,23,22,1,25.06864,121.5107,0
500103004,20231103,838,23,22,1,25.06864,121.5107,0
500103004,20231103,839,23,22,1,25.06864,121.5107,0
500103004,20231103,841,23,21,1,25.06864,121.5107,1
500103004,20231103,842,23,21,1,25.06864,121.5107,1
500103004,20231103,843,23,21,1,25.06864,121.5107,1
500103004,20231103,844,23,21,1,25.06864,121.5107,1
500103004,20231103,845,23,21,1,25.06864,121.5107,1
500103004,20231103,846,23,21,1,25.06864,121.5107,1
500103004,20231103,847,23,21,1,25.06864,121.5107,1
500103004,20231103,848,23,20,1,25.06864,121.5107,2
500103004,20231103,849,23,19,1,25.06864,121.5107,3
500103004,20231103,850,23,20,1,25.06864,121.5107,2
500103004,20231103,851,23,20,1,25.06864,121.5107,2
500103004,20231103,852,23,20,1,25.06864,121.5107,2
500103004,20231103,853,23,20,1,25.06864,121.5107,2
500103004,20231103,854,23,20,1,25.06864,121.5107,2
500103004,20231103,855,23,20,1,25.06864,121.5107,2
500103004,20231103,856,23,20,1,25.06864,121.5107,2
500103004,20231103,857,23,20,1,25.06864,121.5107,2
500103004,20231103,858,23,22,1,25.06864,121.5107,0
500103004,20231103,859,23,21,1,25.06864,121.5107,1
500103004,20231103,861,23,21,1,25.06864,121.5107,1
500103004,20231103,862,23,21,1,25.06864,121.5107,1
500103004,20231103,863,23,21,1,25.06864,121.5107,1
500103004,20231103,864,23,21,1,25.06864,121.5107,1
500103004,20231103,865,23,21,1,25.06864,121.5107,1
500103004,20231103,866,23,21,1,25.06864,121.5107,1
500103004,20231103,867,23,22,1,25.06864,121.5107,0
500103004,20231103,868,23,21,1,25.06864,121.5107,1
500103004,20231103,869,23,21,1,25.06864,121.5107,1
500103004,20231103,871,23,22,1,25.06864,121.5107,0
500103004,20231103,872,23,22,1,25.06864,121.5107,0
500103004,20231103,873,23,22,1,25.06864,121.5107,0
500103004,20231103,874,23,22,1,25.06864,121.5107,0
500103004,20231103,875,23,22,1,25.06864,121.5107,0
500103004,20231103,876,23,22,1,25.06864,121.5107,0
500103004,20231103,877,23,22,1,25.06864,121.5107,0
500103004,20231103,878,23,22,1,25.06864,121.5107,0
500103004,20231103,879,23,22,1,25.06864,121.5107,0
500103004,20231103,880,23,22,1,25.06864,121.5107,0
500103004,20231103,881,23,22,1,25.06864,121.5107,0
500103004,20231103,882,23,21,1,25.06864,121.5107,1
500103004,20231103,883,23,21,1,25.06864,121.5107,1
500103004,20231103,884,23,21,1,25.06864,121.5107,1
500103004,20231103,885,23,21,1,25.06864,121.5107,1
500103004,20231103,886,23,21,1,25.06864,121.5107,1
500103004,20231103,887,23,21,1,25.06864,121.5107,1
500103004,20231103,888,23,21,1,25.06864,121.5107,1
500103004,20231103,889,23,21,1,25.06864,121.5107,1
500103004,20231103,890,23,21,1,25.06864,121.5107,1
500103004,20231103,891,23,21,1,25.06864,121.5107,1
500103004,20231103,892,23,21,1,25.06864,121.5107,1
500103004,20231103,893,23,21,1,25.06864,121.5107,1
500103004,20231103,894,23,22,1,25.06864,121.5107,0
500103004,20231103,895,23,22,1,25.06864,121.5107,0
500103004,20231103,896,23,22,1,25.06864,121.5107,0
500103004,20231103,897,23,22,1,25.06864,121.5107,0
500103004,20231103,898,23,22,1,25.06864,121.5107,0
500103004,20231103,899,23,22,1,25.06864,121.5107,0
500103004,20231103,901,23,22,1,25.06864,121.5107,0
500103004,20231103,902,23,22,1,25.06864,121.5107,0
500103004,20231103,903,23,22,1,25.06864,121.5107,0
500103004,20231103,904,23,22,1,25.06864,121.5107,0
500103004,20231103,905,23,22,1,25.06864,121.5107,0
500103004,20231103,906,23,22,1,25.06864,121.5107,0
500103004,20231103,907,23,22,1,25.06864,121.5107,0
500103004,20231103,908,23,22,1,25.06864,121.5107,0
500103004,20231103,909,23,22,1,25.06864,121.5107,0
500103004,20231103,910,23,22,1,25.06864,121.5107,0
500103004,20231103,911,23,22,1,25.06864,121.5107,0
500103004,20231103,912,23,22,1,25.06864,121.5107,0
500103004,20231103,913,23,22,1,25.06864,121.5107,0
500103004,20231103,914,23,22,1,25.06864,121.5107,0
500103004,20231103,916,23,22,1,25.06864,121.5107,0
500103004,20231103,917,23,22,1,25.06864,121.5107,0
500103004,20231103,918,23,22,1,25.06864,121.5107,0
500103004,20231103,919,23,22,1,25.06864,121.5107,0
500103004,20231103,921,23,22,1,25.06864,121.5107,0
500103004,20231103,922,23,22,1,25.06864,121.5107,0
500103004,20231103,923,23,22,1,25.06864,121.5107,0
500103004,20231103,924,23,22,1,25.06864,121.5107,0
500103004,20231103,925,23,22,1,25.06864,121.5107,0
500103004,20231103,926,23,21,1,25.06864,121.5107,1
500103004,20231103,927,23,21,1,25.06864,121.5107,1
500103004,20231103,928,23,21,1,25.06864,121.5107,1
500103004,20231103,929,23,21,1,25.06864,121.5107,1
500103004,20231103,931,23,21,1,25.06864,121.5107,1
500103004,20231103,932,23,22,1,25.06864,121.5107,0
500103004,20231103,933,23,22,1,25.06864,121.5107,0
500103004,20231103,934,23,22,1,25.06864,121.5107,0
500103004,20231103,935,23,22,1,25.06864,121.5107,0
500103004,20231103,936,23,22,1,25.06864,121.5107,0
500103004,20231103,937,23,22,1,25.06864,121.5107,0
500103004,20231103,938,23,22,1,25.06864,121.5107,0
500103004,20231103,939,23,22,1,25.06864,121.5107,0
500103004,20231103,940,23,21,1,25.06864,121.5107,1
500103004,20231103,941,23,21,1,25.06864,121.5107,1
500103004,20231103,942,23,21,1,25.06864,121.5107,1
500103004,20231103,943,23,22,1,25.06864,121.5107,0
500103004,20231103,944,23,22,1,25.06864,121.5107,0
500103004,20231103,945,23,22,1,25.06864,121.5107,0
500103004,20231103,946,23,22,1,25.06864,121.5107,0
500103004,20231103,947,23,22,1,25.06864,121.5107,0
500103004,20231103,948,23,22,1,25.06864,121.5107,0
500103004,20231103,949,23,22,1,25.06864,121.5107,0
500103004,20231103,950,23,21,1,25.06864,121.5107,1
500103004,20231103,951,23,21,1,25.06864,121.5107,1
500103004,20231103,952,23,21,1,25.06864,121.5107,1
500103004,20231103,953,23,21,1,25.06864,121.5107,1
500103004,20231103,954,23,20,1,25.06864,121.5107,2
500103004,20231103,955,23,20,1,25.06864,121.5107,2
500103004,20231103,956,23,20,1,25.06864,121.5107,2
500103004,20231103,957,23,21,1,25.06864,121.5107,1
500103004,20231103,958,23,21,1,25.06864,121.5107,1
500103004,20231103,959,23,21,1,25.06864,121.5107,1
500103004,20231103,961,23,21,1,25.06864,121.5107,1
500103004,20231103,962,23,21,1,25.06864,121.5107,1
500103004,20231103,963,23,21,1,25.06864,121.5107,1
500103004,20231103,964,23,22,1,25.06864,121.5107,0
500103004,20231103,965,23,22,1,25.06864,121.5107,0
500103004,20231103,966,23,20,1,25.06864,121.5107,2
500103004,20231103,967,23,20,1,25.06864,121.5107,2
500103004,20231103,968,23,20,1,25.06864,121.5107,2
500103004,20231103,969,23,20,1,25.06864,121.5107,2
500103004,20231103,970,23,20,1,25.06864,121.5107,2
500103004,20231103,971,23,20,1,25.06864,121.5107,2
500103004,20231103,972,23,20,1,25.06864,121.5107,2
500103004,20231103,973,23,20,1,25.06864,121.5107,2
500103004,20231103,974,23,20,1,25.06864,121.5107,2
500103004,20231103,975,23,20,1,25.06864,121.5107,2
500103004,20231103,976,23,20,1,25.06864,121.5107,2
500103004,20231103,977,23,20,1,25.06864,121.5107,2
500103004,20231103,978,23,20,1,25.06864,121.5107,2
500103004,20231103,979,23,19,1,25.06864,121.5107,3
500103004,20231103,981,23,19,1,25.06864,121.5107,3
500103004,20231103,982,23,20,1,25.06864,121.5107,2
500103004,20231103,983,23,20,1,25.06864,121.5107,2
500103004,20231103,984,23,20,1,25.06864,121.5107,2
500103004,20231103,985,23,20,1,25.06864,121.5107,2
500103004,20231103,986,23,20,1,25.06864,121.5107,2
500103004,20231103,987,23,20,1,25.06864,121.5107,2
500103004,20231103,988,23,20,1,25.06864,121.5107,2
500103004,20231103,989,23,20,1,25.06864,121.5107,2
500103004,20231103,991,23,19,1,25.06864,121.5107,3
500103004,20231103,992,23,19,1,25.06864,121.5107,3
500103004,20231103,993,23,19,1,25.06864,121.5107,3
500103004,20231103,994,23,19,1,25.06864,121.5107,3
500103004,20231103,995,23,19,1,25.06864,121.5107,3
500103004,20231103,996,23,19,1,25.06864,121.5107,3
500103004,20231103,997,23,18,1,25.06864,121.5107,4
500103004,20231103,998,23,18,1,25.06864,121.5107,4
500103004,20231103,999,23,18,1,25.06864,121.5107,4
500103004,20231103,1000,23,19,1,25.06864,121.5107,3
500103004,20231103,1001,23,19,1,25.06864,121.5107,3
500103004,20231103,1002,23,18,1,25.06864,121.5107,4
500103004,20231103,1003,23,18,1,25.06864,121.5107,4
500103004,20231103,1004,23,18,1,25.06864,121.5107,4
500103004,20231103,1005,23,18,1,25.06864,121.5107,4
500103004,20231103,1006,23,18,1,25.06864,121.5107,4
500103004,20231103,1007,23,18,1,25.06864,121.5107,4
500103004,20231103,1008,23,17,1,25.06864,121.5107,5
500103004,20231103,1009,23,17,1,25.06864,121.5107,5
500103004,20231103,1010,23,16,1,25.06864,121.5107,6
500103004,20231103,1011,23,16,1,25.06864,121.5107,6
500103004,20231103,1012,23,16,1,25.06864,121.5107,6
500103004,20231103,1013,23,16,1,25.06864,121.5107,6
500103004,20231103,1014,23,16,1,25.06864,121.5107,6
500103004,20231103,1015,23,16,1,25.06864,121.5107,6
500103004,20231103,1016,23,16,1,25.06864,121.5107,6
500103004,20231103,1017,23,16,1,25.06864,121.5107,6
500103004,20231103,1018,23,16,1,25.06864,121.5107,6
500103004,20231103,1019,23,16,1,25.06864,121.5107,6
500103004,20231103,1021,23,16,1,25.06864,121.5107,6
500103004,20231103,1022,23,16,1,25.06864,121.5107,6
500103004,20231103,1023,23,15,1,25.06864,121.5107,7
500103004,20231103,1024,23,15,1,25.06864,121.5107,7
500103004,20231103,1025,23,16,1,25.06864,121.5107,6
500103004,20231103,1026,23,15,1,25.06864,121.5107,7
500103004,20231103,1027,23,15,1,25.06864,121.5107,7
500103004,20231103,1028,23,15,1,25.06864,121.5107,7
500103004,20231103,1029,23,16,1,25.06864,121.5107,6
500103004,20231103,1030,23,16,1,25.06864,121.5107,6
500103004,20231103,1031,23,16,1,25.06864,121.5107,6
500103004,20231103,1032,23,16,1,25.06864,121.5107,6
500103004,20231103,1033,23,16,1,25.06864,121.5107,6
500103004,20231103,1034,23,16,1,25.06864,121.5107,6
500103004,20231103,1035,23,16,1,25.06864,121.5107,6
500103004,20231103,1036,23,16,1,25.06864,121.5107,6
500103004,20231103,1037,23,16,1,25.06864,121.5107,6
500103004,20231103,1038,23,16,1,25.06864,121.5107,6
500103004,20231103,1039,23,15,1,25.06864,121.5107,7
500103004,20231103,1041,23,15,1,25.06864,121.5107,7
500103004,20231103,1042,23,14,1,25.06864,121.5107,8
500103004,20231103,1043,23,13,1,25.06864,121.5107,9
500103004,20231103,1044,23,13,1,25.06864,121.5107,9
500103004,20231103,1045,23,13,1,25.06864,121.5107,9
500103004,20231103,1046,23,12,1,25.06864,121.5107,10
500103004,20231103,1047,23,11,1,25.06864,121.5107,11
500103004,20231103,1048,23,13,1,25.06864,121.5107,9
500103004,20231103,1049,23,13,1,25.06864,121.5107,9
500103004,20231103,1051,23,12,1,25.06864,121.5107,10
500103004,20231103,1052,23,12,1,25.06864,121.5107,10
500103004,20231103,1053,23,13,1,25.06864,121.5107,9
500103004,20231103,1054,23,12,1,25.06864,121.5107,10
500103004,20231103,1055,23,12,1,25.06864,121.5107,10
500103004,20231103,1056,23,12,1,25.06864,121.5107,10
500103004,20231103,1057,23,12,1,25.06864,121.5107,10
500103004,20231103,1058,23,12,1,25.06864,121.5107,10
500103004,20231103,1059,23,12,1,25.06864,121.5107,10
500103004,20231103,1060,23,12,1,25.06864,121.5107,10
500103004,20231103,1061,23,12,1,25.06864,121.5107,10
500103004,20231103,1062,23,12,1,25.06864,121.5107,10
500103004,20231103,1063,23,13,1,25.06864,121.5107,9
500103004,20231103,1064,23,13,1,25.06864,121.5107,9
500103004,20231103,1065,23,13,1,25.06864,121.5107,9
500103004,20231103,1066,23,13,1,25.06864,121.5107,9
500103004,20231103,1067,23,13,1,25.06864,121.5107,9
500103004,20231103,1068,23,13,1,25.06864,121.5107,9
500103004,20231103,1069,23,13,1,25.06864,121.5107,9
500103004,20231103,1070,23,12,1,25.06864,121.5107,10
500103004,20231103,1071,23,12,1,25.06864,121.5107,10
500103004,20231103,1072,23,12,1,25.06864,121.5107,10
500103004,20231103,1073,23,12,1,25.06864,121.5107,10
500103004,20231103,1074,23,12,1,25.06864,121.5107,10
500103004,20231103,1075,23,12,1,25.06864,121.5107,10
500103004,20231103,1076,23,11,1,25.06864,121.5107,11
500103004,20231103,1077,23,11,1,25.06864,121.5107,11
500103004,20231103,1078,23,10,1,25.06864,121.5107,12
500103004,20231103,1079,23,10,1,25.06864,121.5107,12
500103004,20231103,1081,23,10,1,25.06864,121.5107,12
500103004,20231103,1082,23,10,1,25.06864,121.5107,12
500103004,20231103,1083,23,10,1,25.06864,121.5107,12
500103004,20231103,1084,23,11,1,25.06864,121.5107,11
500103004,20231103,1085,23,11,1,25.06864,121.5107,11
500103004,20231103,1086,23,8,1,25.06864,121.5107,14
500103004,20231103,1087,23,8,1,25.06864,121.5107,14
500103004,20231103,1088,23,8,1,25.06864,121.5107,14
500103004,20231103,1089,23,7,1,25.06864,121.5107,15
500103004,20231103,1090,23,7,1,25.06864,121.5107,15
500103004,20231103,1091,23,7,1,25.06864,121.5107,15
500103004,20231103,1092,23,7,1,25.06864,121.5107,15
500103004,20231103,1093,23,7,1,25.06864,121.5107,15
500103004,20231103,1094,23,7,1,25.06864,121.5107,15
500103004,20231103,1095,23,6,1,25.06864,121.5107,16
500103004,20231103,1096,23,6,1,25.06864,121.5107,16
500103004,20231103,1097,23,6,1,25.06864,121.5107,16
500103004,20231103,1098,23,4,1,25.06864,121.5107,18
500103004,20231103,1099,23,4,1,25.06864,121.5107,18
500103004,20231103,1101,23,3,1,25.06864,121.5107,19
500103004,20231103,1102,23,3,1,25.06864,121.5107,19
500103004,20231103,1103,23,2,1,25.06864,121.5107,20
500103004,20231103,1104,23,2,1,25.06864,121.5107,20
500103004,20231103,1105,23,2,1,25.06864,121.5107,20
500103004,20231103,1106,23,2,1,25.06864,121.5107,20
500103004,20231103,1107,23,3,1,25.06864,121.5107,19
500103004,20231103,1108,23,3,1,25.06864,121.5107,19
500103004,20231103,1109,23,3,1,25.06864,121.5107,19
500103004,20231103,1111,23,7,1,25.06864,121.5107,15
500103004,20231103,1112,23,7,1,25.06864,121.5107,15
500103004,20231103,1113,23,11,1,25.06864,121.5107,11
500103004,20231103,1114,23,12,1,25.06864,121.5107,10
500103004,20231103,1115,23,12,1,25.06864,121.5107,10
500103004,20231103,1116,23,17,1,25.06864,121.5107,5
500103004,20231103,1117,23,18,1,25.06864,121.5107,4
500103004,20231103,1118,23,18,1,25.06864,121.5107,4
500103004,20231103,1119,23,18,1,25.06864,121.5107,4
500103004,20231103,1120,23,18,1,25.06864,121.5107,4
500103004,20231103,1121,23,17,1,25.06864,121.5107,5
500103004,20231103,1122,23,17,1,25.06864,121.5107,5
500103004,20231103,1123,23,17,1,25.06864,121.5107,5
500103004,20231103,1124,23,17,1,25.06864,121.5107,5
500103004,20231103,1125,23,17,1,25.06864,121.5107,5
500103004,20231103,1126,23,17,1,25.06864,121.5107,5
500103004,20231103,1127,23,17,1,25.06864,121.5107,5
500103004,20231103,1128,23,17,1,25.06864,121.5107,5
500103004,20231103,1129,23,16,1,25.06864,121.5107,6
500103004,20231103,1130,23,18,1,25.06864,121.5107,4
500103004,20231103,1131,23,17,1,25.06864,121.5107,5
500103004,20231103,1132,23,18,1,25.06864,121.5107,4
500103004,20231103,1133,23,16,1,25.06864,121.5107,6
500103004,20231103,1134,23,16,1,25.06864,121.5107,6
500103004,20231103,1135,23,16,1,25.06864,121.5107,6
500103004,20231103,1136,23,15,1,25.06864,121.5107,7
500103004,20231103,1137,23,16,1,25.06864,121.5107,6
500103004,20231103,1138,23,16,1,25.06864,121.5107,6
500103004,20231103,1139,23,15,1,25.06864,121.5107,7
500103004,20231103,1141,23,15,1,25.06864,121.5107,7
500103004,20231103,1142,23,14,1,25.06864,121.5107,8
500103004,20231103,1143,23,13,1,25.06864,121.5107,9
500103004,20231103,1144,23,13,1,25.06864,121.5107,9
500103004,20231103,1145,23,13,1,25.06864,121.5107,9
500103004,20231103,1146,23,13,1,25.06864,121.5107,9
500103004,20231103,1147,23,12,1,25.06864,121.5107,10
500103004,20231103,1148,23,11,1,25.06864,121.5107,11
500103004,20231103,1149,23,10,1,25.06864,121.5107,12
500103004,20231103,1150,23,11,1,25.06864,121.5107,11
500103004,20231103,1151,23,11,1,25.06864,121.5107,11
500103004,20231103,1152,23,11,1,25.06864,121.5107,11
500103004,20231103,1153,23,11,1,25.06864,121.5107,11
500103004,20231103,1154,23,11,1,25.06864,121.5107,11
500103004,20231103,1155,23,10,1,25.06864,121.5107,12
500103004,20231103,1156,23,10,1,25.06864,121.5107,12
500103004,20231103,1157,23,10,1,25.06864,121.5107,12
500103004,20231103,1158,23,9,1,25.06864,121.5107,13
500103004,20231103,1159,23,8,1,25.06864,121.5107,14
500103004,20231103,1161,23,7,1,25.06864,121.5107,15
500103004,20231103,1162,23,7,1,25.06864,121.5107,15
500103004,20231103,1163,23,8,1,25.06864,121.5107,14
500103004,20231103,1164,23,8,1,25.06864,121.5107,14
500103004,20231103,1165,23,8,1,25.06864,121.5107,14
500103004,20231103,1166,23,6,1,25.06864,121.5107,16
500103004,20231103,1167,23,6,1,25.06864,121.5107,16
500103004,20231103,1168,23,6,1,25.06864,121.5107,16
500103004,20231103,1169,23,5,1,25.06864,121.5107,17
500103004,20231103,1171,23,5,1,25.06864,121.5107,17
500103004,20231103,1172,23,5,1,25.06864,121.5107,17
500103004,20231103,1173,23,4,1,25.06864,121.5107,18
500103004,20231103,1174,23,4,1,25.06864,121.5107,18
500103004,20231103,1175,23,4,1,25.06864,121.5107,18
500103004,20231103,1176,23,3,1,25.06864,121.5107,19
500103004,20231103,1177,23,2,1,25.06864,121.5107,20
500103004,20231103,1178,23,2,1,25.06864,121.5107,20
500103004,20231103,1179,23,1,1,25.06864,121.5107,21
500103004,20231103,1180,23,0,1,25.06864,121.5107,22
500103004,20231103,1181,23,0,1,25.06864,121.5107,22
500103004,20231103,1182,23,2,1,25.06864,121.5107,20
500103004,20231103,1183,23,4,1,25.06864,121.5107,18
500103004,20231103,1184,23,7,1,25.06864,121.5107,15
500103004,20231103,1185,23,8,1,25.06864,121.5107,14
500103004,20231103,1186,23,13,1,25.06864,121.5107,9
500103004,20231103,1187,23,13,1,25.06864,121.5107,9
500103004,20231103,1188,23,19,1,25.06864,121.5107,3
500103004,20231103,1189,23,19,1,25.06864,121.5107,3
500103004,20231103,1190,23,18,1,25.06864,121.5107,4
500103004,20231103,1191,23,18,1,25.06864,121.5107,4
500103004,20231103,1192,23,18,1,25.06864,121.5107,4
500103004,20231103,1193,23,18,1,25.06864,121.5107,4
500103004,20231103,1194,23,18,1,25.06864,121.5107,4
500103004,20231103,1195,23,18,1,25.06864,121.5107,4
500103004,20231103,1197,23,18,1,25.06864,121.5107,4
500103004,20231103,1198,23,18,1,25.06864,121.5107,4
500103004,20231103,1199,23,18,1,25.06864,121.5107,4
500103004,20231103,1201,23,18,1,25.06864,121.5107,4
500103004,20231103,1202,23,16,1,25.06864,121.5107,6
500103004,20231103,1203,23,16,1,25.06864,121.5107,6
500103004,20231103,1204,23,16,1,25.06864,121.5107,6
500103004,20231103,1205,23,16,1,25.06864,121.5107,6
500103004,20231103,1206,23,11,1,25.06864,121.5107,11
500103004,20231103,1207,23,11,1,25.06864,121.5107,11
500103004,20231103,1208,23,11,1,25.06864,121.5107,11
500103004,20231103,1209,23,11,1,25.06864,121.5107,11
500103004,20231103,1210,23,9,1,25.06864,121.5107,13
500103004,20231103,1211,23,8,1,25.06864,121.5107,14
500103004,20231103,1212,23,8,1,25.06864,121.5107,14
500103004,20231103,1213,23,9,1,25.06864,121.5107,13
500103004,20231103,1214,23,9,1,25.06864,121.5107,13
500103004,20231103,1215,23,10,1,25.06864,121.5107,12
500103004,20231103,1216,23,10,1,25.06864,121.5107,12
500103004,20231103,1217,23,10,1,25.06864,121.5107,12
500103004,20231103,1218,23,10,1,25.06864,121.5107,12
500103004,20231103,1219,23,14,1,25.06864,121.5107,8
500103004,20231103,1221,23,14,1,25.06864,121.5107,8
500103004,20231103,1222,23,19,1,25.06864,121.5107,3
500103004,20231103,1223,23,19,1,25.06864,121.5107,3
500103004,20231103,1224,23,17,1,25.06864,121.5107,5
500103004,20231103,1225,23,17,1,25.06864,121.5107,5
500103004,20231103,1226,23,17,1,25.06864,121.5107,5
500103004,20231103,1227,23,17,1,25.06864,121.5107,5
500103004,20231103,1228,23,15,1,25.06864,121.5107,7
500103004,20231103,1229,23,15,1,25.06864,121.5107,7
500103004,20231103,1231,23,15,1,25.06864,121.5107,7
500103004,20231103,1232,23,15,1,25.06864,121.5107,7
500103004,20231103,1233,23,15,1,25.06864,121.5107,7
500103004,20231103,1234,23,10,1,25.06864,121.5107,12
500103004,20231103,1235,23,10,1,25.06864,121.5107,12
500103004,20231103,1236,23,10,1,25.06864,121.5107,12
500103004,20231103,1237,23,10,1,25.06864,121.5107,12
500103004,20231103,1238,23,10,1,25.06864,121.5107,12
500103004,20231103,1239,23,10,1,25.06864,121.5107,12
500103004,20231103,1240,23,10,1,25.06864,121.5107,12
500103004,20231103,1241,23,10,1,25.06864,121.5107,12
500103004,20231103,1242,23,10,1,25.06864,121.5107,12
500103004,20231103,1243,23,11,1,25.06864,121.5107,11
500103004,20231103,1244,23,11,1,25.06864,121.5107,11
500103004,20231103,1245,23,11,1,25.06864,121.5107,11
500103004,20231103,1246,23,11,1,25.06864,121.5107,11
500103004,20231103,1247,23,10,1,25.06864,121.5107,12
500103004,20231103,1248,23,10,1,25.06864,121.5107,12
500103004,20231103,1249,23,9,1,25.06864,121.5107,13
500103004,20231103,1250,23,9,1,25.06864,121.5107,13
500103004,20231103,1251,23,9,1,25.06864,121.5107,13
500103004,20231103,1252,23,9,1,25.06864,121.5107,13
500103004,20231103,1253,23,9,1,25.06864,121.5107,13
500103004,20231103,1254,23,9,1,25.06864,121.5107,13
500103004,20231103,1255,23,9,1,25.06864,121.5107,13
500103004,20231103,1256,23,6,1,25.06864,121.5107,16
500103004,20231103,1257,23,6,1,25.06864,121.5107,16
500103004,20231103,1258,23,6,1,25.06864,121.5107,16
500103004,20231103,1259,23,6,1,25.06864,121.5107,16
500103004,20231103,1261,23,6,1,25.06864,121.5107,16
500103004,20231103,1262,23,8,1,25.06864,121.5107,14
500103004,20231103,1263,23,8,1,25.06864,121.5107,14
500103004,20231103,1264,23,7,1,25.06864,121.5107,15
500103004,20231103,1265,23,7,1,25.06864,121.5107,15
500103004,20231103,1266,23,7,1,25.06864,121.5107,15
500103004,20231103,1267,23,7,1,25.06864,121.5107,15
500103004,20231103,1268,23,7,1,25.06864,121.5107,15
500103004,20231103,1269,23,7,1,25.06864,121.5107,15
500103004,20231103,1270,23,7,1,25.06864,121.5107,15
500103004,20231103,1271,23,7,1,25.06864,121.5107,15
500103004,20231103,1272,23,6,1,25.06864,121.5107,16
500103004,20231103,1273,23,6,1,25.06864,121.5107,16
500103004,20231103,1274,23,6,1,25.06864,121.5107,16
500103004,20231103,1275,23,9,1,25.06864,121.5107,13
500103004,20231103,1276,23,9,1,25.06864,121.5107,13
500103004,20231103,1277,23,9,1,25.06864,121.5107,13
500103004,20231103,1278,23,9,1,25.06864,121.5107,13
500103004,20231103,1279,23,8,1,25.06864,121.5107,14
500103004,20231103,1281,23,8,1,25.06864,121.5107,14
500103004,20231103,1282,23,8,1,25.06864,121.5107,14
500103004,20231103,1283,23,8,1,25.06864,121.5107,14
500103004,20231103,1284,23,8,1,25.06864,121.5107,14
500103004,20231103,1285,23,7,1,25.06864,121.5107,15
500103004,20231103,1286,23,5,1,25.06864,121.5107,17
500103004,20231103,1287,23,5,1,25.06864,121.5107,17
500103004,20231103,1288,23,5,1,25.06864,121.5107,17
500103004,20231103,1289,23,5,1,25.06864,121.5107,17
500103004,20231103,1291,23,5,1,25.06864,121.5107,17
500103004,20231103,1292,23,5,1,25.06864,121.5107,17
500103004,20231103,1293,23,5,1,25.06864,121.5107,17
500103004,20231103,1294,23,6,1,25.06864,121.5107,16
500103004,20231103,1295,23,6,1,25.06864,121.5107,16
500103004,20231103,1296,23,6,1,25.06864,121.5107,16
500103004,20231103,1297,23,6,1,25.06864,121.5107,16
500103004,20231103,1298,23,7,1,25.06864,121.5107,15
500103004,20231103,1299,23,7,1,25.06864,121.5107,15
500103004,20231103,1300,23,8,1,25.06864,121.5107,14
500103004,20231103,1301,23,8,1,25.06864,121.5107,14
500103004,20231103,1302,23,7,1,25.06864,121.5107,15
500103004,20231103,1303,23,7,1,25.06864,121.5107,15
500103004,20231103,1304,23,7,1,25.06864,121.5107,15
500103004,20231103,1305,23,6,1,25.06864,121.5107,16
500103004,20231103,1306,23,6,1,25.06864,121.5107,16
500103004,20231103,1307,23,6,1,25.06864,121.5107,16
500103004,20231103,1308,23,6,1,25.06864,121.5107,16
500103004,20231103,1309,23,5,1,25.06864,121.5107,17
500103004,20231103,1310,23,5,1,25.06864,121.5107,17
500103004,20231103,1311,23,5,1,25.06864,121.5107,17
500103004,20231103,1312,23,5,1,25.06864,121.5107,17
500103004,20231103,1313,23,5,1,25.06864,121.5107,17
500103004,20231103,1314,23,5,1,25.06864,121.5107,17
500103004,20231103,1315,23,5,1,25.06864,121.5107,17
500103004,20231103,1316,23,5,1,25.06864,121.5107,17
500103004,20231103,1317,23,5,1,25.06864,121.5107,17
500103004,20231103,1318,23,5,1,25.06864,121.5107,17
500103004,20231103,1319,23,5,1,25.06864,121.5107,17
500103004,20231103,1321,23,5,1,25.06864,121.5107,17
500103004,20231103,1322,23,5,1,25.06864,121.5107,17
500103004,20231103,1323,23,5,1,25.06864,121.5107,17
500103004,20231103,1324,23,4,1,25.06864,121.5107,18
500103004,20231103,1325,23,4,1,25.06864,121.5107,18
500103004,20231103,1326,23,5,1,25.06864,121.5107,17
500103004,20231103,1327,23,5,1,25.06864,121.5107,17
500103004,20231103,1328,23,5,1,25.06864,121.5107,17
500103004,20231103,1329,23,5,1,25.06864,121.5107,17
500103004,20231103,1330,23,5,1,25.06864,121.5107,17
500103004,20231103,1331,23,5,1,25.06864,121.5107,17
500103004,20231103,1332,23,5,1,25.06864,121.5107,17
500103004,20231103,1333,23,5,1,25.06864,121.5107,17
500103004,20231103,1334,23,5,1,25.06864,121.5107,17
500103004,20231103,1335,23,5,1,25.06864,121.5107,17
500103004,20231103,1336,23,4,1,25.06864,121.5107,18
500103004,20231103,1337,23,4,1,25.06864,121.5107,18
500103004,20231103,1338,23,4,1,25.06864,121.5107,18
500103004,20231103,1339,23,4,1,25.06864,121.5107,18
500103004,20231103,1341,23,4,1,25.06864,121.5107,18
500103004,20231103,1342,23,7,1,25.06864,121.5107,15
500103004,20231103,1343,23,7,1,25.06864,121.5107,15
500103004,20231103,1344,23,6,1,25.06864,121.5107,16
500103004,20231103,1345,23,5,1,25.06864,121.5107,17
500103004,20231103,1346,23,5,1,25.06864,121.5107,17
500103004,20231103,1347,23,5,1,25.06864,121.5107,17
500103004,20231103,1348,23,5,1,25.06864,121.5107,17
500103004,20231103,1349,23,5,1,25.06864,121.5107,17
500103004,20231103,1351,23,5,1,25.06864,121.5107,17
500103004,20231103,1352,23,5,1,25.06864,121.5107,17
500103004,20231103,1353,23,3,1,25.06864,121.5107,19
500103004,20231103,1354,23,3,1,25.06864,121.5107,19
500103004,20231103,1355,23,3,1,25.06864,121.5107,19
500103004,20231103,1356,23,3,1,25.06864,121.5107,19
500103004,20231103,1357,23,3,1,25.06864,121.5107,19
500103004,20231103,1358,23,3,1,25.06864,121.5107,19
500103004,20231103,1359,23,2,1,25.06864,121.5107,20
500103004,20231103,1360,23,2,1,25.06864,121.5107,20
500103004,20231103,1361,23,2,1,25.06864,121.5107,20
500103004,20231103,1362,23,2,1,25.06864,121.5107,20
500103004,20231103,1363,23,2,1,25.06864,121.5107,20
500103004,20231103,1364,23,2,1,25.06864,121.5107,20
500103004,20231103,1365,23,2,1,25.06864,121.5107,20
500103004,20231103,1366,23,2,1,25.06864,121.5107,20
500103004,20231103,1367,23,2,1,25.06864,121.5107,20
500103004,20231103,1368,23,1,1,25.06864,121.5107,21
500103004,20231103,1369,23,1,1,25.06864,121.5107,21
500103004,20231103,1370,23,1,1,25.06864,121.5107,21
500103004,20231103,1371,23,1,1,25.06864,121.5107,21
500103004,20231103,1373,23,1,1,25.06864,121.5107,21
500103004,20231103,1374,23,0,1,25.06864,121.5107,22
500103004,20231103,1375,23,0,1,25.06864,121.5107,22
500103004,20231103,1376,23,0,1,25.06864,121.5107,22
500103004,20231103,1377,23,0,1,25.06864,121.5107,22
500103004,20231103,1378,23,0,1,25.06864,121.5107,22
500103004,20231103,1379,23,0,1,25.06864,121.5107,22
500103004,20231103,1381,23,0,1,25.06864,121.5107,22
500103004,20231103,1382,23,0,1,25.06864,121.5107,22
500103004,20231103,1383,23,0,1,25.06864,121.5107,22
500103004,20231103,1384,23,0,1,25.06864,121.5107,22
500103004,20231103,1385,23,0,1,25.06864,121.5107,22
500103004,20231103,1386,23,1,1,25.06864,121.5107,21
500103004,20231103,1387,23,1,1,25.06864,121.5107,21
500103004,20231103,1388,23,1,1,25.06864,121.5107,21
500103004,20231103,1389,23,1,1,25.06864,121.5107,21
500103004,20231103,1391,23,1,1,25.06864,121.5107,21
500103004,20231103,1392,23,1,1,25.06864,121.5107,21
500103004,20231103,1394,23,1,1,25.06864,121.5107,21
500103004,20231103,1395,23,0,1,25.06864,121.5107,22
500103004,20231103,1396,23,0,1,25.06864,121.5107,22
500103004,20231103,1397,23,0,1,25.06864,121.5107,22
500103004,20231103,1398,23,0,1,25.06864,121.5107,22
500103004,20231103,1399,23,0,1,25.06864,121.5107,22
500103004,20231103,1401,23,0,1,25.06864,121.5107,22
500103004,20231103,1402,23,0,1,25.06864,121.5107,22
500103004,20231103,1403,23,0,1,25.06864,121.5107,22
500103004,20231103,1404,23,0,1,25.06864,121.5107,22
500103004,20231103,1405,23,0,1,25.06864,121.5107,22
500103004,20231103,1406,23,0,1,25.06864,121.5107,22
500103004,20231103,1407,23,0,1,25.06864,121.5107,22
500103004,20231103,1408,23,0,1,25.06864,121.5107,22
500103004,20231103,1409,23,0,1,25.06864,121.5107,22
500103004,20231103,1411,23,0,1,25.06864,121.5107,22
500103004,20231103,1412,23,0,1,25.06864,121.5107,22
500103004,20231103,1413,23,0,1,25.06864,121.5107,22
500103004,20231103,1414,23,0,1,25.06864,121.5107,22
500103004,20231103,1415,23,0,1,25.06864,121.5107,22
500103004,20231103,1416,23,0,1,25.06864,121.5107,22
500103004,20231103,1417,23,0,1,25.06864,121.5107,22
500103004,20231103,1418,23,0,1,25.06864,121.5107,22
500103004,20231103,1419,23,0,1,25.06864,121.5107,22
500103004,20231103,1421,23,0,1,25.06864,121.5107,22
500103004,20231103,1422,23,1,1,25.06864,121.5107,21
500103004,20231103,1423,23,1,1,25.06864,121.5107,21
500103004,20231103,1424,23,1,1,25.06864,121.5107,21
500103004,20231103,1425,23,1,1,25.06864,121.5107,21
500103004,20231103,1426,23,1,1,25.06864,121.5107,21
500103004,20231103,1427,23,1,1,25.06864,121.5107,21
500103004,20231103,1428,23,1,1,25.06864,121.5107,21
500103004,20231103,1429,23,0,1,25.06864,121.5107,22
500103004,20231103,1431,23,0,1,25.06864,121.5107,22
500103004,20231103,1432,23,0,1,25.06864,121.5107,22
500103004,20231103,1433,23,0,1,25.06864,121.5107,22
500103004,20231103,1434,23,0,1,25.06864,121.5107,22
500103004,20231103,1435,23,0,1,25.06864,121.5107,22
500103004,20231103,1436,23,0,1,25.06864,121.5107,22
500103004,20231103,1437,23,0,1,25.06864,121.5107,22
500103004,20231103,1438,23,0,1,25.06864,121.5107,22
500103004,20231103,1439,23,0,1,25.06864,121.5107,22
500103004,20231104,1,23,0,1,25.06864,121.5107,22
500103004,20231104,2,23,0,1,25.06864,121.5107,22
500103004,20231104,3,23,0,1,25.06864,121.5107,22
500103004,20231104,4,23,0,1,25.06864,121.5107,22
500103004,20231104,5,23,0,1,25.06864,121.5107,22
500103004,20231104,6,23,0,1,25.06864,121.5107,22
500103004,20231104,7,23,0,1,25.06864,121.5107,22
500103004,20231104,8,23,0,1,25.06864,121.5107,22
500103004,20231104,9,23,0,1,25.06864,121.5107,22
500103004,20231104,11,23,0,1,25.06864,121.5107,22
500103004,20231104,12,23,0,1,25.06864,121.5107,22
500103004,20231104,13,23,0,1,25.06864,121.5107,22
500103004,20231104,14,23,0,1,25.06864,121.5107,22
500103004,20231104,15,23,0,1,25.06864,121.5107,22
500103004,20231104,16,23,0,1,25.06864,121.5107,22
500103004,20231104,17,23,0,1,25.06864,121.5107,22
500103004,20231104,18,23,0,1,25.06864,121.5107,22
500103004,20231104,19,23,0,1,25.06864,121.5107,22
500103004,20231104,21,23,0,1,25.06864,121.5107,22
500103004,20231104,22,23,2,1,25.06864,121.5107,20
500103004,20231104,23,23,5,1,25.06864,121.5107,17
500103004,20231104,24,23,5,1,25.06864,121.5107,17
500103004,20231104,25,23,5,1,25.06864,121.5107,17
500103004,20231104,26,23,7,1,25.06864,121.5107,15
500103004,20231104,27,23,9,1,25.06864,121.5107,13
500103004,20231104,28,23,11,1,25.06864,121.5107,11
500103004,20231104,29,23,13,1,25.06864,121.5107,9
500103004,20231104,31,23,13,1,25.06864,121.5107,9
500103004,20231104,32,23,13,1,25.06864,121.5107,9
500103004,20231104,33,23,13,1,25.06864,121.5107,9
500103004,20231104,35,23,13,1,25.06864,121.5107,9
500103004,20231104,36,23,13,1,25.06864,121.5107,9
500103004,20231104,37,23,13,1,25.06864,121.5107,9
500103004,20231104,38,23,13,1,25.06864,121.5107,9
500103004,20231104,39,23,13,1,25.06864,121.5107,9
500103004,20231104,40,23,12,1,25.06864,121.5107,10
500103004,20231104,41,23,12,1,25.06864,121.5107,10
500103004,20231104,42,23,12,1,25.06864,121.5107,10
500103004,20231104,43,23,12,1,25.06864,121.5107,10
500103004,20231104,44,23,12,1,25.06864,121.5107,10
500103004,20231104,45,23,12,1,25.06864,121.5107,10
500103004,20231104,46,23,12,1,25.06864,121.5107,10
500103004,20231104,47,23,12,1,25.06864,121.5107,10
500103004,20231104,48,23,12,1,25.06864,121.5107,10
500103004,20231104,49,23,12,1,25.06864,121.5107,10
500103004,20231104,50,23,12,1,25.06864,121.5107,10
500103004,20231104,51,23,12,1,25.06864,121.5107,10
500103004,20231104,52,23,12,1,25.06864,121.5107,10
500103004,20231104,53,23,12,1,25.06864,121.5107,10
500103004,20231104,54,23,12,1,25.06864,121.5107,10
500103004,20231104,55,23,12,1,25.06864,121.5107,10
500103004,20231104,56,23,11,1,25.06864,121.5107,11
500103004,20231104,57,23,11,1,25.06864,121.5107,11
500103004,20231104,58,23,11,1,25.06864,121.5107,11
500103004,20231104,59,23,11,1,25.06864,121.5107,11
500103004,20231104,61,23,11,1,25.06864,121.5107,11
500103004,20231104,62,23,11,1,25.06864,121.5107,11
500103004,20231104,63,23,11,1,25.06864,121.5107,11
500103004,20231104,64,23,11,1,25.06864,121.5107,11
500103004,20231104,65,23,11,1,25.06864,121.5107,11
500103004,20231104,66,23,11,1,25.06864,121.5107,11
500103004,20231104,67,23,11,1,25.06864,121.5107,11
500103004,20231104,68,23,11,1,25.06864,121.5107,11
500103004,20231104,69,23,12,1,25.06864,121.5107,10
500103004,20231104,70,23,12,1,25.06864,121.5107,10
500103004,20231104,71,23,12,1,25.06864,121.5107,10
500103004,20231104,72,23,12,1,25.06864,121.5107,10
500103004,20231104,73,23,12,1,25.06864,121.5107,10
500103004,20231104,74,23,12,1,25.06864,121.5107,10
500103004,20231104,75,23,12,1,25.06864,121.5107,10
500103004,20231104,76,23,12,1,25.06864,121.5107,10
500103004,20231104,77,23,13,1,25.06864,121.5107,9
500103004,20231104,78,23,14,1,25.06864,121.5107,8
500103004,20231104,79,23,14,1,25.06864,121.5107,8
500103004,20231104,81,23,14,1,25.06864,121.5107,8
500103004,20231104,82,23,14,1,25.06864,121.5107,8
500103004,20231104,83,23,14,1,25.06864,121.5107,8
500103004,20231104,84,23,14,1,25.06864,121.5107,8
500103004,20231104,85,23,14,1,25.06864,121.5107,8
500103004,20231104,86,23,14,1,25.06864,121.5107,8
500103004,20231104,87,23,14,1,25.06864,121.5107,8
500103004,20231104,88,23,14,1,25.06864,121.5107,8
500103004,20231104,89,23,14,1,25.06864,121.5107,8
500103004,20231104,90,23,14,1,25.06864,121.5107,8
500103004,20231104,91,23,14,1,25.06864,121.5107,8
500103004,20231104,92,23,14,1,25.06864,121.5107,8
500103004,20231104,93,23,14,1,25.06864,121.5107,8
500103004,20231104,94,23,14,1,25.06864,121.5107,8
500103004,20231104,95,23,14,1,25.06864,121.5107,8
500103004,20231104,96,23,14,1,25.06864,121.5107,8
500103004,20231104,97,23,14,1,25.06864,121.5107,8
500103004,20231104,98,23,14,1,25.06864,121.5107,8
500103004,20231104,99,23,14,1,25.06864,121.5107,8
500103004,20231104,100,23,14,1,25.06864,121.5107,8
500103004,20231104,101,23,14,1,25.06864,121.5107,8
500103004,20231104,102,23,14,1,25.06864,121.5107,8
500103004,20231104,103,23,14,1,25.06864,121.5107,8
500103004,20231104,104,23,14,1,25.06864,121.5107,8
500103004,20231104,105,23,14,1,25.06864,121.5107,8
500103004,20231104,106,23,14,1,25.06864,121.5107,8
500103004,20231104,107,23,14,1,25.06864,121.5107,8
500103004,20231104,108,23,14,1,25.06864,121.5107,8
500103004,20231104,109,23,14,1,25.06864,121.5107,8
500103004,20231104,110,23,14,1,25.06864,121.5107,8
500103004,20231104,111,23,14,1,25.06864,121.5107,8
500103004,20231104,112,23,14,1,25.06864,121.5107,8
500103004,20231104,113,23,14,1,25.06864,121.5107,8
500103004,20231104,114,23,14,1,25.06864,121.5107,8
500103004,20231104,115,23,14,1,25.06864,121.5107,8
500103004,20231104,116,23,14,1,25.06864,121.5107,8
500103004,20231104,117,23,14,1,25.06864,121.5107,8
500103004,20231104,118,23,14,1,25.06864,121.5107,8
500103004,20231104,119,23,14,1,25.06864,121.5107,8
500103004,20231104,121,23,14,1,25.06864,121.5107,8
500103004,20231104,122,23,14,1,25.06864,121.5107,8
500103004,20231104,123,23,14,1,25.06864,121.5107,8
500103004,20231104,124,23,14,1,25.06864,121.5107,8
500103004,20231104,125,23,14,1,25.06864,121.5107,8
500103004,20231104,126,23,14,1,25.06864,121.5107,8
500103004,20231104,127,23,14,1,25.06864,121.5107,8
500103004,20231104,128,23,14,1,25.06864,121.5107,8
500103004,20231104,129,23,14,1,25.06864,121.5107,8
500103004,20231104,130,23,14,1,25.06864,121.5107,8
500103004,20231104,131,23,14,1,25.06864,121.5107,8
500103004,20231104,132,23,14,1,25.06864,121.5107,8
500103004,20231104,133,23,14,1,25.06864,121.5107,8
500103004,20231104,134,23,14,1,25.06864,121.5107,8
500103004,20231104,135,23,14,1,25.06864,121.5107,8
500103004,20231104,136,23,14,1,25.06864,121.5107,8
500103004,20231104,137,23,14,1,25.06864,121.5107,8
500103004,20231104,138,23,14,1,25.06864,121.5107,8
500103004,20231104,139,23,14,1,25.06864,121.5107,8
500103004,20231104,141,23,14,1,25.06864,121.5107,8
500103004,20231104,142,23,14,1,25.06864,121.5107,8
500103004,20231104,143,23,14,1,25.06864,121.5107,8
500103004,20231104,144,23,14,1,25.06864,121.5107,8
500103004,20231104,145,23,14,1,25.06864,121.5107,8
500103004,20231104,146,23,14,1,25.06864,121.5107,8
500103004,20231104,147,23,14,1,25.06864,121.5107,8
500103004,20231104,148,23,14,1,25.06864,121.5107,8
500103004,20231104,149,23,14,1,25.06864,121.5107,8
500103004,20231104,150,23,14,1,25.06864,121.5107,8
500103004,20231104,151,23,14,1,25.06864,121.5107,8
500103004,20231104,152,23,14,1,25.06864,121.5107,8
500103004,20231104,153,23,14,1,25.06864,121.5107,8
500103004,20231104,154,23,14,1,25.06864,121.5107,8
500103004,20231104,155,23,14,1,25.06864,121.5107,8
500103004,20231104,156,23,14,1,25.06864,121.5107,8
500103004,20231104,157,23,14,1,25.06864,121.5107,8
500103004,20231104,158,23,13,1,25.06864,121.5107,9
500103004,20231104,159,23,13,1,25.06864,121.5107,9
500103004,20231104,160,23,12,1,25.06864,121.5107,10
500103004,20231104,161,23,12,1,25.06864,121.5107,10
500103004,20231104,162,23,12,1,25.06864,121.5107,10
500103004,20231104,163,23,12,1,25.06864,121.5107,10
500103004,20231104,164,23,12,1,25.06864,121.5107,10
500103004,20231104,165,23,12,1,25.06864,121.5107,10
500103004,20231104,166,23,12,1,25.06864,121.5107,10
500103004,20231104,167,23,12,1,25.06864,121.5107,10
500103004,20231104,168,23,12,1,25.06864,121.5107,10
500103004,20231104,169,23,12,1,25.06864,121.5107,10
500103004,20231104,170,23,12,1,25.06864,121.5107,10
500103004,20231104,171,23,12,1,25.06864,121.5107,10
500103004,20231104,172,23,12,1,25.06864,121.5107,10
500103004,20231104,173,23,12,1,25.06864,121.5107,10
500103004,20231104,174,23,12,1,25.06864,121.5107,10
500103004,20231104,175,23,12,1,25.06864,121.5107,10
500103004,20231104,176,23,12,1,25.06864,121.5107,10
500103004,20231104,177,23,12,1,25.06864,121.5107,10
500103004,20231104,178,23,12,1,25.06864,121.5107,10
500103004,20231104,179,23,12,1,25.06864,121.5107,10
500103004,20231104,180,23,12,1,25.06864,121.5107,10
500103004,20231104,181,23,12,1,25.06864,121.5107,10
500103004,20231104,182,23,12,1,25.06864,121.5107,10
500103004,20231104,183,23,12,1,25.06864,121.5107,10
500103004,20231104,184,23,12,1,25.06864,121.5107,10
500103004,20231104,185,23,12,1,25.06864,121.5107,10
500103004,20231104,186,23,12,1,25.06864,121.5107,10
500103004,20231104,187,23,12,1,25.06864,121.5107,10
500103004,20231104,188,23,12,1,25.06864,121.5107,10
500103004,20231104,189,23,12,1,25.06864,121.5107,10
500103004,20231104,190,23,12,1,25.06864,121.5107,10
500103004,20231104,191,23,12,1,25.06864,121.5107,10
500103004,20231104,192,23,12,1,25.06864,121.5107,10
500103004,20231104,193,23,12,1,25.06864,121.5107,10
500103004,20231104,194,23,12,1,25.06864,121.5107,10
500103004,20231104,196,23,12,1,25.06864,121.5107,10
500103004,20231104,197,23,12,1,25.06864,121.5107,10
500103004,20231104,198,23,12,1,25.06864,121.5107,10
500103004,20231104,199,23,12,1,25.06864,121.5107,10
500103004,20231104,201,23,12,1,25.06864,121.5107,10
500103004,20231104,202,23,12,1,25.06864,121.5107,10
500103004,20231104,203,23,12,1,25.06864,121.5107,10
500103004,20231104,204,23,12,1,25.06864,121.5107,10
500103004,20231104,205,23,12,1,25.06864,121.5107,10
500103004,20231104,206,23,12,1,25.06864,121.5107,10
500103004,20231104,207,23,12,1,25.06864,121.5107,10
500103004,20231104,208,23,12,1,25.06864,121.5107,10
500103004,20231104,209,23,12,1,25.06864,121.5107,10
500103004,20231104,211,23,12,1,25.06864,121.5107,10
500103004,20231104,212,23,12,1,25.06864,121.5107,10
500103004,20231104,214,23,12,1,25.06864,121.5107,10
500103004,20231104,215,23,12,1,25.06864,121.5107,10
500103004,20231104,216,23,12,1,25.06864,121.5107,10
500103004,20231104,218,23,10,1,25.06864,121.5107,12
500103004,20231104,219,23,10,1,25.06864,121.5107,12
500103004,20231104,221,23,10,1,25.06864,121.5107,12
500103004,20231104,222,23,10,1,25.06864,121.5107,12
500103004,20231104,223,23,10,1,25.06864,121.5107,12
500103004,20231104,224,23,10,1,25.06864,121.5107,12
500103004,20231104,225,23,10,1,25.06864,121.5107,12
500103004,20231104,226,23,10,1,25.06864,121.5107,12
500103004,20231104,227,23,10,1,25.06864,121.5107,12
500103004,20231104,228,23,10,1,25.06864,121.5107,12
500103004,20231104,230,23,10,1,25.06864,121.5107,12
500103004,20231104,231,23,10,1,25.06864,121.5107,12
500103004,20231104,232,23,10,1,25.06864,121.5107,12
500103004,20231104,233,23,10,1,25.06864,121.5107,12
500103004,20231104,234,23,9,1,25.06864,121.5107,13
500103004,20231104,235,23,9,1,25.06864,121.5107,13
500103004,20231104,236,23,9,1,25.06864,121.5107,13
500103004,20231104,237,23,9,1,25.06864,121.5107,13
500103004,20231104,238,23,9,1,25.06864,121.5107,13
500103004,20231104,239,23,9,1,25.06864,121.5107,13
500103004,20231104,241,23,9,1,25.06864,121.5107,13
500103004,20231104,242,23,9,1,25.06864,121.5107,13
500103004,20231104,243,23,9,1,25.06864,121.5107,13
500103004,20231104,244,23,9,1,25.06864,121.5107,13
500103004,20231104,245,23,9,1,25.06864,121.5107,13
500103004,20231104,246,23,9,1,25.06864,121.5107,13
500103004,20231104,247,23,9,1,25.06864,121.5107,13
500103004,20231104,248,23,9,1,25.06864,121.5107,13
500103004,20231104,249,23,10,1,25.06864,121.5107,12
500103004,20231104,251,23,10,1,25.06864,121.5107,12
500103004,20231104,252,23,10,1,25.06864,121.5107,12
500103004,20231104,253,23,10,1,25.06864,121.5107,12
500103004,20231104,254,23,10,1,25.06864,121.5107,12
500103004,20231104,255,23,10,1,25.06864,121.5107,12
500103004,20231104,256,23,10,1,25.06864,121.5107,12
500103004,20231104,257,23,10,1,25.06864,121.5107,12
500103004,20231104,258,23,10,1,25.06864,121.5107,12
500103004,20231104,259,23,10,1,25.06864,121.5107,12
500103004,20231104,261,23,10,1,25.06864,121.5107,12
500103004,20231104,262,23,10,1,25.06864,121.5107,12
500103004,20231104,263,23,10,1,25.06864,121.5107,12
500103004,20231104,264,23,10,1,25.06864,121.5107,12
500103004,20231104,265,23,10,1,25.06864,121.5107,12
500103004,20231104,266,23,10,1,25.06864,121.5107,12
500103004,20231104,267,23,9,1,25.06864,121.5107,13
500103004,20231104,268,23,9,1,25.06864,121.5107,13
500103004,20231104,269,23,9,1,25.06864,121.5107,13
500103004,20231104,271,23,9,1,25.06864,121.5107,13
500103004,20231104,272,23,9,1,25.06864,121.5107,13
500103004,20231104,273,23,9,1,25.06864,121.5107,13
500103004,20231104,274,23,9,1,25.06864,121.5107,13
500103004,20231104,275,23,9,1,25.06864,121.5107,13
500103004,20231104,276,23,9,1,25.06864,121.5107,13
500103004,20231104,277,23,9,1,25.06864,121.5107,13
500103004,20231104,278,23,9,1,25.06864,121.5107,13
500103004,20231104,279,23,9,1,25.06864,121.5107,13
500103004,20231104,281,23,9,1,25.06864,121.5107,13
500103004,20231104,282,23,9,1,25.06864,121.5107,13
500103004,20231104,283,23,9,1,25.06864,121.5107,13
500103004,20231104,284,23,9,1,25.06864,121.5107,13
500103004,20231104,285,23,9,1,25.06864,121.5107,13
500103004,20231104,286,23,9,1,25.06864,121.5107,13
500103004,20231104,287,23,9,1,25.06864,121.5107,13
500103004,20231104,288,23,9,1,25.06864,121.5107,13
500103004,20231104,289,23,9,1,25.06864,121.5107,13
500103004,20231104,291,23,9,1,25.06864,121.5107,13
500103004,20231104,292,23,9,1,25.06864,121.5107,13
500103004,20231104,293,23,9,1,25.06864,121.5107,13
500103004,20231104,294,23,9,1,25.06864,121.5107,13
500103004,20231104,295,23,9,1,25.06864,121.5107,13
500103004,20231104,296,23,10,1,25.06864,121.5107,12
500103004,20231104,297,23,10,1,25.06864,121.5107,12
500103004,20231104,299,23,10,1,25.06864,121.5107,12
500103004,20231104,301,23,10,1,25.06864,121.5107,12
500103004,20231104,302,23,10,1,25.06864,121.5107,12
500103004,20231104,303,23,10,1,25.06864,121.5107,12
500103004,20231104,304,23,10,1,25.06864,121.5107,12
500103004,20231104,305,23,10,1,25.06864,121.5107,12
500103004,20231104,306,23,10,1,25.06864,121.5107,12
500103004,20231104,307,23,10,1,25.06864,121.5107,12
500103004,20231104,308,23,10,1,25.06864,121.5107,12
500103004,20231104,309,23,10,1,25.06864,121.5107,12
500103004,20231104,310,23,10,1,25.06864,121.5107,12
500103004,20231104,311,23,10,1,25.06864,121.5107,12
500103004,20231104,312,23,10,1,25.06864,121.5107,12
500103004,20231104,313,23,10,1,25.06864,121.5107,12
500103004,20231104,314,23,10,1,25.06864,121.5107,12
500103004,20231104,315,23,10,1,25.06864,121.5107,12
500103004,20231104,316,23,10,1,25.06864,121.5107,12
500103004,20231104,317,23,10,1,25.06864,121.5107,12
500103004,20231104,318,23,10,1,25.06864,121.5107,12
500103004,20231104,319,23,10,1,25.06864,121.5107,12
500103004,20231104,321,23,10,1,25.06864,121.5107,12
500103004,20231104,322,23,10,1,25.06864,121.5107,12
500103004,20231104,323,23,10,1,25.06864,121.5107,12
500103004,20231104,324,23,10,1,25.06864,121.5107,12
500103004,20231104,325,23,10,1,25.06864,121.5107,12
500103004,20231104,326,23,10,1,25.06864,121.5107,12
500103004,20231104,327,23,10,1,25.06864,121.5107,12
500103004,20231104,328,23,10,1,25.06864,121.5107,12
500103004,20231104,329,23,10,1,25.06864,121.5107,12
500103004,20231104,330,23,10,1,25.06864,121.5107,12
500103004,20231104,331,23,10,1,25.06864,121.5107,12
500103004,20231104,332,23,10,1,25.06864,121.5107,12
500103004,20231104,333,23,10,1,25.06864,121.5107,12
500103004,20231104,334,23,9,1,25.06864,121.5107,13
500103004,20231104,335,23,9,1,25.06864,121.5107,13
500103004,20231104,336,23,9,1,25.06864,121.5107,13
500103004,20231104,337,23,9,1,25.06864,121.5107,13
500103004,20231104,338,23,9,1,25.06864,121.5107,13
500103004,20231104,339,23,9,1,25.06864,121.5107,13
500103004,20231104,340,23,9,1,25.06864,121.5107,13
500103004,20231104,341,23,9,1,25.06864,121.5107,13
500103004,20231104,342,23,9,1,25.06864,121.5107,13
500103004,20231104,343,23,9,1,25.06864,121.5107,13
500103004,20231104,344,23,9,1,25.06864,121.5107,13
500103004,20231104,345,23,9,1,25.06864,121.5107,13
500103004,20231104,346,23,9,1,25.06864,121.5107,13
500103004,20231104,347,23,9,1,25.06864,121.5107,13
500103004,20231104,348,23,9,1,25.06864,121.5107,13
500103004,20231104,349,23,9,1,25.06864,121.5107,13
500103004,20231104,350,23,8,1,25.06864,121.5107,14
500103004,20231104,351,23,8,1,25.06864,121.5107,14
500103004,20231104,352,23,8,1,25.06864,121.5107,14
500103004,20231104,353,23,8,1,25.06864,121.5107,14
500103004,20231104,354,23,8,1,25.06864,121.5107,14
500103004,20231104,355,23,8,1,25.06864,121.5107,14
500103004,20231104,356,23,8,1,25.06864,121.5107,14
500103004,20231104,357,23,8,1,25.06864,121.5107,14
500103004,20231104,358,23,8,1,25.06864,121.5107,14
500103004,20231104,359,23,8,1,25.06864,121.5107,14
500103004,20231104,360,23,8,1,25.06864,121.5107,14
500103004,20231104,361,23,8,1,25.06864,121.5107,14
500103004,20231104,362,23,8,1,25.06864,121.5107,14
500103004,20231104,363,23,9,1,25.06864,121.5107,13
500103004,20231104,364,23,9,1,25.06864,121.5107,13
500103004,20231104,365,23,9,1,25.06864,121.5107,13
500103004,20231104,366,23,8,1,25.06864,121.5107,14
500103004,20231104,367,23,8,1,25.06864,121.5107,14
500103004,20231104,368,23,8,1,25.06864,121.5107,14
500103004,20231104,369,23,8,1,25.06864,121.5107,14
500103004,20231104,370,23,8,1,25.06864,121.5107,14
500103004,20231104,371,23,8,1,25.06864,121.5107,14
500103004,20231104,372,23,8,1,25.06864,121.5107,14
500103004,20231104,373,23,8,1,25.06864,121.5107,14
500103004,20231104,374,23,8,1,25.06864,121.5107,14
500103004,20231104,375,23,8,1,25.06864,121.5107,14
500103004,20231104,376,23,8,1,25.06864,121.5107,14
500103004,20231104,377,23,7,1,25.06864,121.5107,15
500103004,20231104,378,23,7,1,25.06864,121.5107,15
500103004,20231104,379,23,7,1,25.06864,121.5107,15
500103004,20231104,381,23,9,1,25.06864,121.5107,13
500103004,20231104,382,23,9,1,25.06864,121.5107,13
500103004,20231104,383,23,9,1,25.06864,121.5107,13
500103004,20231104,384,23,9,1,25.06864,121.5107,13
500103004,20231104,385,23,9,1,25.06864,121.5107,13
500103004,20231104,386,23,9,1,25.06864,121.5107,13
500103004,20231104,387,23,9,1,25.06864,121.5107,13
500103004,20231104,388,23,9,1,25.06864,121.5107,13
500103004,20231104,389,23,10,1,25.06864,121.5107,12
500103004,20231104,390,23,11,1,25.06864,121.5107,11
500103004,20231104,391,23,11,1,25.06864,121.5107,11
500103004,20231104,392,23,11,1,25.06864,121.5107,11
500103004,20231104,393,23,11,1,25.06864,121.5107,11
500103004,20231104,394,23,11,1,25.06864,121.5107,11
500103004,20231104,395,23,11,1,25.06864,121.5107,11
500103004,20231104,396,23,11,1,25.06864,121.5107,11
500103004,20231104,397,23,11,1,25.06864,121.5107,11
500103004,20231104,398,23,11,1,25.06864,121.5107,11
500103004,20231104,399,23,11,1,25.06864,121.5107,11
500103004,20231104,400,23,11,1,25.06864,121.5107,11
500103004,20231104,401,23,11,1,25.06864,121.5107,11
500103004,20231104,402,23,11,1,25.06864,121.5107,11
500103004,20231104,403,23,11,1,25.06864,121.5107,11
500103004,20231104,404,23,11,1,25.06864,121.5107,11
500103004,20231104,405,23,12,1,25.06864,121.5107,10
500103004,20231104,406,23,13,1,25.06864,121.5107,9
500103004,20231104,407,23,12,1,25.06864,121.5107,10
500103004,20231104,408,23,12,1,25.06864,121.5107,10
500103004,20231104,409,23,12,1,25.06864,121.5107,10
500103004,20231104,410,23,12,1,25.06864,121.5107,10
500103004,20231104,411,23,12,1,25.06864,121.5107,10
500103004,20231104,412,23,12,1,25.06864,121.5107,10
500103004,20231104,413,23,12,1,25.06864,121.5107,10
500103004,20231104,414,23,12,1,25.06864,121.5107,10
500103004,20231104,415,23,12,1,25.06864,121.5107,10
500103004,20231104,416,23,12,1,25.06864,121.5107,10
500103004,20231104,417,23,12,1,25.06864,121.5107,10
500103004,20231104,418,23,12,1,25.06864,121.5107,10
500103004,20231104,419,23,12,1,25.06864,121.5107,10
500103004,20231104,421,23,12,1,25.06864,121.5107,10
500103004,20231104,422,23,13,1,25.06864,121.5107,9
500103004,20231104,423,23,12,1,25.06864,121.5107,10
500103004,20231104,424,23,12,1,25.06864,121.5107,10
500103004,20231104,425,23,12,1,25.06864,121.5107,10
500103004,20231104,426,23,12,1,25.06864,121.5107,10
500103004,20231104,427,23,12,1,25.06864,121.5107,10
500103004,20231104,428,23,12,1,25.06864,121.5107,10
500103004,20231104,429,23,12,1,25.06864,121.5107,10
500103004,20231104,430,23,12,1,25.06864,121.5107,10
500103004,20231104,431,23,12,1,25.06864,121.5107,10
500103004,20231104,432,23,12,1,25.06864,121.5107,10
500103004,20231104,433,23,12,1,25.06864,121.5107,10
500103004,20231104,434,23,9,1,25.06864,121.5107,13
500103004,20231104,435,23,5,1,25.06864,121.5107,17
500103004,20231104,436,23,3,1,25.06864,121.5107,19
500103004,20231104,437,23,3,1,25.06864,121.5107,19
500103004,20231104,438,23,3,1,25.06864,121.5107,19
500103004,20231104,439,23,3,1,25.06864,121.5107,19
500103004,20231104,441,23,3,1,25.06864,121.5107,19
500103004,20231104,442,23,3,1,25.06864,121.5107,19
500103004,20231104,443,23,3,1,25.06864,121.5107,19
500103004,20231104,444,23,3,1,25.06864,121.5107,19
500103004,20231104,445,23,4,1,25.06864,121.5107,18
500103004,20231104,446,23,5,1,25.06864,121.5107,17
500103004,20231104,447,23,5,1,25.06864,121.5107,17
500103004,20231104,448,23,6,1,25.06864,121.5107,16
500103004,20231104,449,23,6,1,25.06864,121.5107,16
500103004,20231104,450,23,6,1,25.06864,121.5107,16
500103004,20231104,451,23,6,1,25.06864,121.5107,16
500103004,20231104,452,23,6,1,25.06864,121.5107,16
500103004,20231104,453,23,6,1,25.06864,121.5107,16
500103004,20231104,454,23,6,1,25.06864,121.5107,16
500103004,20231104,455,23,6,1,25.06864,121.5107,16
500103004,20231104,456,23,6,1,25.06864,121.5107,16
500103004,20231104,457,23,6,1,25.06864,121.5107,16
500103004,20231104,458,23,6,1,25.06864,121.5107,16
500103004,20231104,459,23,5,1,25.06864,121.5107,17
500103004,20231104,460,23,5,1,25.06864,121.5107,17
500103004,20231104,461,23,6,1,25.06864,121.5107,16
500103004,20231104,462,23,7,1,25.06864,121.5107,15
500103004,20231104,464,23,8,1,25.06864,121.5107,14
500103004,20231104,465,23,8,1,25.06864,121.5107,14
500103004,20231104,466,23,8,1,25.06864,121.5107,14
500103004,20231104,467,23,8,1,25.06864,121.5107,14
500103004,20231104,468,23,8,1,25.06864,121.5107,14
500103004,20231104,469,23,8,1,25.06864,121.5107,14
500103004,20231104,471,23,8,1,25.06864,121.5107,14
500103004,20231104,472,23,8,1,25.06864,121.5107,14
500103004,20231104,473,23,8,1,25.06864,121.5107,14
500103004,20231104,475,23,8,1,25.06864,121.5107,14
500103004,20231104,476,23,8,1,25.06864,121.5107,14
500103004,20231104,477,23,8,1,25.06864,121.5107,14
500103004,20231104,478,23,8,1,25.06864,121.5107,14
500103004,20231104,479,23,9,1,25.06864,121.5107,13
500103004,20231104,481,23,10,1,25.06864,121.5107,12
500103004,20231104,482,23,10,1,25.06864,121.5107,12
500103004,20231104,483,23,10,1,25.06864,121.5107,12
500103004,20231104,484,23,10,1,25.06864,121.5107,12
500103004,20231104,485,23,11,1,25.06864,121.5107,11
500103004,20231104,486,23,11,1,25.06864,121.5107,11
500103004,20231104,487,23,11,1,25.06864,121.5107,11
500103004,20231104,488,23,11,1,25.06864,121.5107,11
500103004,20231104,489,23,10,1,25.06864,121.5107,12
500103004,20231104,491,23,10,1,25.06864,121.5107,12
500103004,20231104,492,23,10,1,25.06864,121.5107,12
500103004,20231104,493,23,10,1,25.06864,121.5107,12
500103004,20231104,494,23,10,1,25.06864,121.5107,12
500103004,20231104,495,23,10,1,25.06864,121.5107,12
500103004,20231104,497,23,11,1,25.06864,121.5107,11
500103004,20231104,498,23,11,1,25.06864,121.5107,11
500103004,20231104,499,23,11,1,25.06864,121.5107,11
500103004,20231104,501,23,11,1,25.06864,121.5107,11
500103004,20231104,502,23,11,1,25.06864,121.5107,11
500103004,20231104,503,23,11,1,25.06864,121.5107,11
500103004,20231104,505,23,9,1,25.06864,121.5107,13
500103004,20231104,506,23,9,1,25.06864,121.5107,13
500103004,20231104,507,23,7,1,25.06864,121.5107,15
500103004,20231104,508,23,8,1,25.06864,121.5107,14
500103004,20231104,509,23,8,1,25.06864,121.5107,14
500103004,20231104,511,23,9,1,25.06864,121.5107,13
500103004,20231104,512,23,9,1,25.06864,121.5107,13
500103004,20231104,513,23,9,1,25.06864,121.5107,13
500103004,20231104,514,23,9,1,25.06864,121.5107,13
500103004,20231104,516,23,12,1,25.06864,121.5107,10
500103004,20231104,517,23,11,1,25.06864,121.5107,11
500103004,20231104,518,23,11,1,25.06864,121.5107,11
500103004,20231104,519,23,11,1,25.06864,121.5107,11
500103004,20231104,521,23,12,1,25.06864,121.5107,10
500103004,20231104,522,23,12,1,25.06864,121.5107,10
500103004,20231104,523,23,12,1,25.06864,121.5107,10
500103004,20231104,524,23,12,1,25.06864,121.5107,10
500103004,20231104,526,23,11,1,25.06864,121.5107,11
500103004,20231104,527,23,11,1,25.06864,121.5107,11
500103004,20231104,528,23,11,1,25.06864,121.5107,11
500103004,20231104,529,23,12,1,25.06864,121.5107,10
500103004,20231104,531,23,14,1,25.06864,121.5107,8
500103004,20231104,532,23,14,1,25.06864,121.5107,8
500103004,20231104,533,23,14,1,25.06864,121.5107,8
500103004,20231104,535,23,14,1,25.06864,121.5107,8
500103004,20231104,536,23,15,1,25.06864,121.5107,7
500103004,20231104,537,23,16,1,25.06864,121.5107,6
500103004,20231104,538,23,16,1,25.06864,121.5107,6
500103004,20231104,539,23,16,1,25.06864,121.5107,6
500103004,20231104,541,23,16,1,25.06864,121.5107,6
500103004,20231104,542,23,17,1,25.06864,121.5107,5
500103004,20231104,543,23,17,1,25.06864,121.5107,5
500103004,20231104,544,23,17,1,25.06864,121.5107,5
500103004,20231104,545,23,17,1,25.06864,121.5107,5
500103004,20231104,546,23,17,1,25.06864,121.5107,5
500103004,20231104,547,23,18,1,25.06864,121.5107,4
500103004,20231104,548,23,18,1,25.06864,121.5107,4
500103004,20231104,549,23,18,1,25.06864,121.5107,4
500103004,20231104,551,23,19,1,25.06864,121.5107,4
500103004,20231104,553,23,13,1,25.06864,121.5107,10
500103004,20231104,554,23,9,1,25.06864,121.5107,14
500103004,20231104,555,23,7,1,25.06864,121.5107,16
500103004,20231104,556,23,5,1,25.06864,121.5107,18
500103004,20231104,557,23,5,1,25.06864,121.5107,18
500103004,20231104,558,23,3,1,25.06864,121.5107,20
500103004,20231104,559,23,1,1,25.06864,121.5107,22
500103004,20231104,561,23,2,1,25.06864,121.5107,21
500103004,20231104,562,23,2,1,25.06864,121.5107,21
500103004,20231104,563,23,2,1,25.06864,121.5107,21
500103004,20231104,564,23,2,1,25.06864,121.5107,21
500103004,20231104,565,23,2,1,25.06864,121.5107,21
500103004,20231104,566,23,3,1,25.06864,121.5107,20
500103004,20231104,567,23,4,1,25.06864,121.5107,19
500103004,20231104,568,23,4,1,25.06864,121.5107,19
500103004,20231104,569,23,4,1,25.06864,121.5107,19
500103004,20231104,571,23,4,1,25.06864,121.5107,19
500103004,20231104,572,23,4,1,25.06864,121.5107,19
500103004,20231104,573,23,4,1,25.06864,121.5107,19
500103004,20231104,574,23,4,1,25.06864,121.5107,19
500103004,20231104,575,23,5,1,25.06864,121.5107,18
500103004,20231104,576,23,7,1,25.06864,121.5107,16
500103004,20231104,577,23,7,1,25.06864,121.5107,16
500103004,20231104,578,23,7,1,25.06864,121.5107,16
500103004,20231104,579,23,7,1,25.06864,121.5107,16
500103004,20231104,580,23,7,1,25.06864,121.5107,16
500103004,20231104,581,23,7,1,25.06864,121.5107,16
500103004,20231104,582,23,7,1,25.06864,121.5107,16
500103004,20231104,583,23,7,1,25.06864,121.5107,16
500103004,20231104,584,23,7,1,25.06864,121.5107,16
500103004,20231104,585,23,8,1,25.06864,121.5107,15
500103004,20231104,586,23,8,1,25.06864,121.5107,15
500103004,20231104,587,23,9,1,25.06864,121.5107,14
500103004,20231104,588,23,9,1,25.06864,121.5107,14
500103004,20231104,589,23,10,1,25.06864,121.5107,13
500103004,20231104,590,23,9,1,25.06864,121.5107,14
500103004,20231104,591,23,9,1,25.06864,121.5107,14
500103004,20231104,592,23,9,1,25.06864,121.5107,14
500103004,20231104,593,23,9,1,25.06864,121.5107,14
500103004,20231104,594,23,9,1,25.06864,121.5107,14
500103004,20231104,595,23,9,1,25.06864,121.5107,14
500103004,20231104,596,23,9,1,25.06864,121.5107,14
500103004,20231104,597,23,9,1,25.06864,121.5107,14
500103004,20231104,598,23,9,1,25.06864,121.5107,14
500103004,20231104,599,23,9,1,25.06864,121.5107,14
500103004,20231104,601,23,11,1,25.06864,121.5107,12
500103004,20231104,602,23,11,1,25.06864,121.5107,12
500103004,20231104,603,23,10,1,25.06864,121.5107,13
500103004,20231104,604,23,10,1,25.06864,121.5107,13
500103004,20231104,605,23,10,1,25.06864,121.5107,13
500103004,20231104,606,23,10,1,25.06864,121.5107,13
500103004,20231104,607,23,10,1,25.06864,121.5107,13
500103004,20231104,608,23,9,1,25.06864,121.5107,14
500103004,20231104,609,23,7,1,25.06864,121.5107,16
500103004,20231104,610,23,4,1,25.06864,121.5107,19
500103004,20231104,611,23,2,1,25.06864,121.5107,21
500103004,20231104,612,23,2,1,25.06864,121.5107,21
500103004,20231104,613,23,2,1,25.06864,121.5107,21
500103004,20231104,614,23,2,1,25.06864,121.5107,21
500103004,20231104,615,23,2,1,25.06864,121.5107,21
500103004,20231104,616,23,2,1,25.06864,121.5107,21
500103004,20231104,617,23,2,1,25.06864,121.5107,21
500103004,20231104,618,23,1,1,25.06864,121.5107,22
500103004,20231104,619,23,1,1,25.06864,121.5107,22
500103004,20231104,621,23,1,1,25.06864,121.5107,22
500103004,20231104,622,23,1,1,25.06864,121.5107,22
500103004,20231104,623,23,1,1,25.06864,121.5107,22
500103004,20231104,624,23,1,1,25.06864,121.5107,22
500103004,20231104,625,23,1,1,25.06864,121.5107,22
500103004,20231104,626,23,1,1,25.06864,121.5107,22
500103004,20231104,627,23,1,1,25.06864,121.5107,22
500103004,20231104,628,23,1,1,25.06864,121.5107,22
500103004,20231104,629,23,1,1,25.06864,121.5107,22
500103004,20231104,631,23,1,1,25.06864,121.5107,22
500103004,20231104,632,23,1,1,25.06864,121.5107,22
500103004,20231104,633,23,1,1,25.06864,121.5107,22
500103004,20231104,634,23,4,1,25.06864,121.5107,19
500103004,20231104,635,23,4,1,25.06864,121.5107,19
500103004,20231104,636,23,4,1,25.06864,121.5107,19
500103004,20231104,637,23,4,1,25.06864,121.5107,19
500103004,20231104,638,23,4,1,25.06864,121.5107,19
500103004,20231104,639,23,4,1,25.06864,121.5107,19
500103004,20231104,640,23,4,1,25.06864,121.5107,19
500103004,20231104,641,23,4,1,25.06864,121.5107,19
500103004,20231104,642,23,4,1,25.06864,121.5107,19
500103004,20231104,643,23,4,1,25.06864,121.5107,19
500103004,20231104,644,23,4,1,25.06864,121.5107,19
500103004,20231104,645,23,4,1,25.06864,121.5107,19
500103004,20231104,646,23,5,1,25.06864,121.5107,18
500103004,20231104,647,23,5,1,25.06864,121.5107,18
500103004,20231104,648,23,5,1,25.06864,121.5107,18
500103004,20231104,649,23,5,1,25.06864,121.5107,18
500103004,20231104,650,23,5,1,25.06864,121.5107,18
500103004,20231104,651,23,5,1,25.06864,121.5107,18
500103004,20231104,652,23,7,1,25.06864,121.5107,16
500103004,20231104,653,23,7,1,25.06864,121.5107,16
500103004,20231104,654,23,7,1,25.06864,121.5107,16
500103004,20231104,655,23,7,1,25.06864,121.5107,16
500103004,20231104,656,23,7,1,25.06864,121.5107,16
500103004,20231104,657,23,7,1,25.06864,121.5107,16
500103004,20231104,658,23,7,1,25.06864,121.5107,16
500103004,20231104,659,23,7,1,25.06864,121.5107,16
500103004,20231104,661,23,7,1,25.06864,121.5107,16
500103004,20231104,662,23,7,1,25.06864,121.5107,16
500103004,20231104,663,23,7,1,25.06864,121.5107,16
500103004,20231104,664,23,7,1,25.06864,121.5107,16
500103004,20231104,665,23,7,1,25.06864,121.5107,16
500103004,20231104,666,23,7,1,25.06864,121.5107,16
500103004,20231104,667,23,7,1,25.06864,121.5107,16
500103004,20231104,668,23,7,1,25.06864,121.5107,16
500103004,20231104,669,23,8,1,25.06864,121.5107,15
500103004,20231104,670,23,8,1,25.06864,121.5107,15
500103004,20231104,671,23,8,1,25.06864,121.5107,15
500103004,20231104,672,23,8,1,25.06864,121.5107,15
500103004,20231104,673,23,8,1,25.06864,121.5107,15
500103004,20231104,674,23,8,1,25.06864,121.5107,15
500103004,20231104,675,23,9,1,25.06864,121.5107,14
500103004,20231104,676,23,9,1,25.06864,121.5107,14
500103004,20231104,677,23,9,1,25.06864,121.5107,14
500103004,20231104,678,23,9,1,25.06864,121.5107,14
500103004,20231104,679,23,9,1,25.06864,121.5107,14
500103004,20231104,681,23,9,1,25.06864,121.5107,14
500103004,20231104,682,23,9,1,25.06864,121.5107,14
500103004,20231104,683,23,9,1,25.06864,121.5107,14
500103004,20231104,684,23,9,1,25.06864,121.5107,14
500103004,20231104,685,23,9,1,25.06864,121.5107,14
500103004,20231104,686,23,10,1,25.06864,121.5107,13
500103004,20231104,687,23,10,1,25.06864,121.5107,13
500103004,20231104,688,23,10,1,25.06864,121.5107,13
500103004,20231104,689,23,10,1,25.06864,121.5107,13
500103004,20231104,691,23,10,1,25.06864,121.5107,13
500103004,20231104,692,23,11,1,25.06864,121.5107,12
500103004,20231104,694,23,11,1,25.06864,121.5107,12
500103004,20231104,695,23,11,1,25.06864,121.5107,12
500103004,20231104,696,23,11,1,25.06864,121.5107,12
500103004,20231104,697,23,11,1,25.06864,121.5107,12
500103004,20231104,698,23,11,1,25.06864,121.5107,12
500103004,20231104,699,23,11,1,25.06864,121.5107,12
500103004,20231104,700,23,11,1,25.06864,121.5107,12
500103004,20231104,701,23,11,1,25.06864,121.5107,12
500103004,20231104,702,23,11,1,25.06864,121.5107,12
500103004,20231104,703,23,11,1,25.06864,121.5107,12
500103004,20231104,704,23,12,1,25.06864,121.5107,11
500103004,20231104,705,23,12,1,25.06864,121.5107,11
500103004,20231104,706,23,12,1,25.06864,121.5107,11
500103004,20231104,707,23,13,1,25.06864,121.5107,10
500103004,20231104,708,23,13,1,25.06864,121.5107,10
500103004,20231104,709,23,14,1,25.06864,121.5107,9
500103004,20231104,710,23,14,1,25.06864,121.5107,9
500103004,20231104,711,23,14,1,25.06864,121.5107,9
500103004,20231104,712,23,14,1,25.06864,121.5107,9
500103004,20231104,713,23,14,1,25.06864,121.5107,9
500103004,20231104,714,23,14,1,25.06864,121.5107,9
500103004,20231104,715,23,14,1,25.06864,121.5107,9
500103004,20231104,716,23,14,1,25.06864,121.5107,9
500103004,20231104,717,23,14,1,25.06864,121.5107,9
500103004,20231104,718,23,13,1,25.06864,121.5107,10
500103004,20231104,719,23,13,1,25.06864,121.5107,10
500103004,20231104,721,23,11,1,25.06864,121.5107,12
500103004,20231104,722,23,11,1,25.06864,121.5107,12
500103004,20231104,723,23,12,1,25.06864,121.5107,11
500103004,20231104,724,23,12,1,25.06864,121.5107,11
500103004,20231104,725,23,12,1,25.06864,121.5107,11
500103004,20231104,726,23,12,1,25.06864,121.5107,11
500103004,20231104,727,23,12,1,25.06864,121.5107,11
500103004,20231104,728,23,12,1,25.06864,121.5107,11
500103004,20231104,729,23,12,1,25.06864,121.5107,11
500103004,20231104,730,23,12,1,25.06864,121.5107,11
500103004,20231104,731,23,12,1,25.06864,121.5107,11
500103004,20231104,732,23,12,1,25.06864,121.5107,11
500103004,20231104,733,23,12,1,25.06864,121.5107,11
500103004,20231104,734,23,12,1,25.06864,121.5107,11
500103004,20231104,735,23,12,1,25.06864,121.5107,11
500103004,20231104,737,23,13,1,25.06864,121.5107,10
500103004,20231104,738,23,13,1,25.06864,121.5107,10
500103004,20231104,739,23,14,1,25.06864,121.5107,9
500103004,20231104,741,23,14,1,25.06864,121.5107,9
500103004,20231104,742,23,15,1,25.06864,121.5107,8
500103004,20231104,743,23,14,1,25.06864,121.5107,9
500103004,20231104,744,23,13,1,25.06864,121.5107,10
500103004,20231104,745,23,13,1,25.06864,121.5107,10
500103004,20231104,746,23,14,1,25.06864,121.5107,9
500103004,20231104,747,23,14,1,25.06864,121.5107,9
500103004,20231104,748,23,15,1,25.06864,121.5107,8
500103004,20231104,749,23,16,1,25.06864,121.5107,7
500103004,20231104,751,23,16,1,25.06864,121.5107,7
500103004,20231104,752,23,16,1,25.06864,121.5107,7
500103004,20231104,753,23,17,1,25.06864,121.5107,6
500103004,20231104,754,23,17,1,25.06864,121.5107,6
500103004,20231104,755,23,17,1,25.06864,121.5107,6
500103004,20231104,756,23,17,1,25.06864,121.5107,6
500103004,20231104,757,23,17,1,25.06864,121.5107,6
500103004,20231104,758,23,16,1,25.06864,121.5107,7
500103004,20231104,759,23,16,1,25.06864,121.5107,7
500103004,20231104,761,23,16,1,25.06864,121.5107,7
500103004,20231104,762,23,15,1,25.06864,121.5107,8
500103004,20231104,763,23,15,1,25.06864,121.5107,8
500103004,20231104,764,23,16,1,25.06864,121.5107,7
500103004,20231104,765,23,17,1,25.06864,121.5107,6
500103004,20231104,766,23,17,1,25.06864,121.5107,6
500103004,20231104,767,23,17,1,25.06864,121.5107,6
500103004,20231104,768,23,15,1,25.06864,121.5107,8
500103004,20231104,769,23,15,1,25.06864,121.5107,8
500103004,20231104,771,23,15,1,25.06864,121.5107,8
500103004,20231104,772,23,15,1,25.06864,121.5107,8
500103004,20231104,773,23,15,1,25.06864,121.5107,8
500103004,20231104,775,23,16,1,25.06864,121.5107,7
500103004,20231104,776,23,15,1,25.06864,121.5107,8
500103004,20231104,777,23,15,1,25.06864,121.5107,8
500103004,20231104,778,23,15,1,25.06864,121.5107,8
500103004,20231104,779,23,15,1,25.06864,121.5107,8
500103004,20231104,781,23,15,1,25.06864,121.5107,8
500103004,20231104,782,23,15,1,25.06864,121.5107,8
500103004,20231104,783,23,14,1,25.06864,121.5107,9
500103004,20231104,784,23,14,1,25.06864,121.5107,9
500103004,20231104,785,23,14,1,25.06864,121.5107,9
500103004,20231104,786,23,15,1,25.06864,121.5107,8
500103004,20231104,787,23,14,1,25.06864,121.5107,9
500103004,20231104,788,23,13,1,25.06864,121.5107,10
500103004,20231104,789,23,15,1,25.06864,121.5107,8
500103004,20231104,791,23,16,1,25.06864,121.5107,7
500103004,20231104,792,23,18,1,25.06864,121.5107,5
500103004,20231104,793,23,18,1,25.06864,121.5107,5
500103004,20231104,794,23,19,1,25.06864,121.5107,4
500103004,20231104,795,23,19,1,25.06864,121.5107,4
500103004,20231104,796,23,19,1,25.06864,121.5107,4
500103004,20231104,797,23,19,1,25.06864,121.5107,4
500103004,20231104,798,23,19,1,25.06864,121.5107,4
500103004,20231104,799,23,19,1,25.06864,121.5107,4
500103004,20231104,801,23,19,1,25.06864,121.5107,4
500103004,20231104,802,23,18,1,25.06864,121.5107,5
500103004,20231104,803,23,18,1,25.06864,121.5107,5
500103004,20231104,804,23,17,1,25.06864,121.5107,6
500103004,20231104,805,23,18,1,25.06864,121.5107,5
500103004,20231104,806,23,18,1,25.06864,121.5107,5
500103004,20231104,807,23,18,1,25.06864,121.5107,5
500103004,20231104,808,23,18,1,25.06864,121.5107,5
500103004,20231104,809,23,19,1,25.06864,121.5107,4
500103004,20231104,811,23,18,1,25.06864,121.5107,5
500103004,20231104,812,23,18,1,25.06864,121.5107,5
500103004,20231104,813,23,18,1,25.06864,121.5107,5
500103004,20231104,814,23,18,1,25.06864,121.5107,5
500103004,20231104,815,23,15,1,25.06864,121.5107,8
500103004,20231104,816,23,15,1,25.06864,121.5107,8
500103004,20231104,817,23,16,1,25.06864,121.5107,7
500103004,20231104,818,23,16,1,25.06864,121.5107,7
500103004,20231104,819,23,16,1,25.06864,121.5107,7
500103004,20231104,821,23,16,1,25.06864,121.5107,7
500103004,20231104,822,23,16,1,25.06864,121.5107,7
500103004,20231104,823,23,16,1,25.06864,121.5107,7
500103004,20231104,824,23,16,1,25.06864,121.5107,7
500103004,20231104,825,23,16,1,25.06864,121.5107,7
500103004,20231104,826,23,17,1,25.06864,121.5107,6
500103004,20231104,827,23,17,1,25.06864,121.5107,6
500103004,20231104,828,23,18,1,25.06864,121.5107,5
500103004,20231104,829,23,18,1,25.06864,121.5107,5
500103004,20231104,831,23,18,1,25.06864,121.5107,5
500103004,20231104,832,23,18,1,25.06864,121.5107,5
500103004,20231104,833,23,18,1,25.06864,121.5107,5
500103004,20231104,834,23,18,1,25.06864,121.5107,5
500103004,20231104,835,23,18,1,25.06864,121.5107,5
500103004,20231104,836,23,17,1,25.06864,121.5107,6
500103004,20231104,837,23,17,1,25.06864,121.5107,6
500103004,20231104,838,23,17,1,25.06864,121.5107,6
500103004,20231104,839,23,17,1,25.06864,121.5107,6
500103004,20231104,841,23,19,1,25.06864,121.5107,4
500103004,20231104,842,23,19,1,25.06864,121.5107,4
500103004,20231104,843,23,19,1,25.06864,121.5107,4
500103004,20231104,844,23,19,1,25.06864,121.5107,4
500103004,20231104,845,23,19,1,25.06864,121.5107,4
500103004,20231104,846,23,19,1,25.06864,121.5107,4
500103004,20231104,847,23,19,1,25.06864,121.5107,4
500103004,20231104,848,23,19,1,25.06864,121.5107,4
500103004,20231104,849,23,19,1,25.06864,121.5107,4
500103004,20231104,850,23,19,1,25.06864,121.5107,4
500103004,20231104,851,23,19,1,25.06864,121.5107,4
500103004,20231104,852,23,19,1,25.06864,121.5107,4
500103004,20231104,853,23,19,1,25.06864,121.5107,4
500103004,20231104,854,23,19,1,25.06864,121.5107,4
500103004,20231104,855,23,19,1,25.06864,121.5107,4
500103004,20231104,856,23,19,1,25.06864,121.5107,4
500103004,20231104,857,23,19,1,25.06864,121.5107,4
500103004,20231104,858,23,19,1,25.06864,121.5107,4
500103004,20231104,859,23,19,1,25.06864,121.5107,4
500103004,20231104,861,23,19,1,25.06864,121.5107,4
500103004,20231104,862,23,17,1,25.06864,121.5107,6
500103004,20231104,863,23,17,1,25.06864,121.5107,6
500103004,20231104,864,23,17,1,25.06864,121.5107,6
500103004,20231104,865,23,17,1,25.06864,121.5107,6
500103004,20231104,866,23,17,1,25.06864,121.5107,6
500103004,20231104,867,23,17,1,25.06864,121.5107,6
500103004,20231104,868,23,17,1,25.06864,121.5107,6
500103004,20231104,869,23,17,1,25.06864,121.5107,6
500103004,20231104,871,23,17,1,25.06864,121.5107,6
500103004,20231104,872,23,17,1,25.06864,121.5107,6
500103004,20231104,873,23,17,1,25.06864,121.5107,6
500103004,20231104,874,23,17,1,25.06864,121.5107,6
500103004,20231104,875,23,16,1,25.06864,121.5107,7
500103004,20231104,876,23,16,1,25.06864,121.5107,7
500103004,20231104,877,23,16,1,25.06864,121.5107,7
500103004,20231104,878,23,16,1,25.06864,121.5107,7
500103004,20231104,879,23,16,1,25.06864,121.5107,7
500103004,20231104,880,23,16,1,25.06864,121.5107,7
500103004,20231104,881,23,15,1,25.06864,121.5107,8
500103004,20231104,882,23,15,1,25.06864,121.5107,8
500103004,20231104,883,23,15,1,25.06864,121.5107,8
500103004,20231104,884,23,15,1,25.06864,121.5107,8
500103004,20231104,885,23,14,1,25.06864,121.5107,9
500103004,20231104,886,23,14,1,25.06864,121.5107,9
500103004,20231104,887,23,14,1,25.06864,121.5107,9
500103004,20231104,888,23,14,1,25.06864,121.5107,9
500103004,20231104,889,23,14,1,25.06864,121.5107,9
500103004,20231104,890,23,14,1,25.06864,121.5107,9
500103004,20231104,891,23,12,1,25.06864,121.5107,11
500103004,20231104,892,23,12,1,25.06864,121.5107,11
500103004,20231104,893,23,12,1,25.06864,121.5107,11
500103004,20231104,894,23,12,1,25.06864,121.5107,11
500103004,20231104,895,23,12,1,25.06864,121.5107,11
500103004,20231104,896,23,12,1,25.06864,121.5107,11
500103004,20231104,897,23,13,1,25.06864,121.5107,10
500103004,20231104,898,23,13,1,25.06864,121.5107,10
500103004,20231104,899,23,15,1,25.06864,121.5107,8
500103004,20231104,901,23,15,1,25.06864,121.5107,8
500103004,20231104,902,23,15,1,25.06864,121.5107,8
500103004,20231104,903,23,15,1,25.06864,121.5107,8
500103004,20231104,904,23,15,1,25.06864,121.5107,8
500103004,20231104,905,23,15,1,25.06864,121.5107,8
500103004,20231104,906,23,15,1,25.06864,121.5107,8
500103004,20231104,907,23,15,1,25.06864,121.5107,8
500103004,20231104,908,23,15,1,25.06864,121.5107,8
500103004,20231104,909,23,15,1,25.06864,121.5107,8
500103004,20231104,910,23,13,1,25.06864,121.5107,10
500103004,20231104,911,23,13,1,25.06864,121.5107,10
500103004,20231104,912,23,13,1,25.06864,121.5107,10
500103004,20231104,913,23,13,1,25.06864,121.5107,10
500103004,20231104,914,23,13,1,25.06864,121.5107,10
500103004,20231104,915,23,13,1,25.06864,121.5107,10
500103004,20231104,916,23,13,1,25.06864,121.5107,10
500103004,20231104,917,23,13,1,25.06864,121.5107,10
500103004,20231104,918,23,13,1,25.06864,121.5107,10
500103004,20231104,919,23,13,1,25.06864,121.5107,10
500103004,20231104,921,23,13,1,25.06864,121.5107,10
500103004,20231104,922,23,13,1,25.06864,121.5107,10
500103004,20231104,923,23,13,1,25.06864,121.5107,10
500103004,20231104,924,23,13,1,25.06864,121.5107,10
500103004,20231104,925,23,13,1,25.06864,121.5107,10
500103004,20231104,926,23,15,1,25.06864,121.5107,8
500103004,20231104,927,23,15,1,25.06864,121.5107,8
500103004,20231104,928,23,15,1,25.06864,121.5107,8
500103004,20231104,929,23,15,1,25.06864,121.5107,8
500103004,20231104,931,23,16,1,25.06864,121.5107,7
500103004,20231104,932,23,15,1,25.06864,121.5107,8
500103004,20231104,933,23,15,1,25.06864,121.5107,8
500103004,20231104,934,23,15,1,25.06864,121.5107,8
500103004,20231104,935,23,15,1,25.06864,121.5107,8
500103004,20231104,936,23,15,1,25.06864,121.5107,8
500103004,20231104,937,23,15,1,25.06864,121.5107,8
500103004,20231104,938,23,14,1,25.06864,121.5107,9
500103004,20231104,939,23,14,1,25.06864,121.5107,9
500103004,20231104,940,23,14,1,25.06864,121.5107,9
500103004,20231104,941,23,14,1,25.06864,121.5107,9
500103004,20231104,942,23,14,1,25.06864,121.5107,9
500103004,20231104,943,23,14,1,25.06864,121.5107,9
500103004,20231104,944,23,14,1,25.06864,121.5107,9
500103004,20231104,945,23,13,1,25.06864,121.5107,10
500103004,20231104,946,23,13,1,25.06864,121.5107,10
500103004,20231104,947,23,11,1,25.06864,121.5107,12
500103004,20231104,948,23,11,1,25.06864,121.5107,12
500103004,20231104,949,23,11,1,25.06864,121.5107,12
500103004,20231104,950,23,11,1,25.06864,121.5107,12
500103004,20231104,951,23,11,1,25.06864,121.5107,12
500103004,20231104,952,23,10,1,25.06864,121.5107,13
500103004,20231104,953,23,9,1,25.06864,121.5107,14
500103004,20231104,954,23,9,1,25.06864,121.5107,14
500103004,20231104,955,23,9,1,25.06864,121.5107,14
500103004,20231104,956,23,9,1,25.06864,121.5107,14
500103004,20231104,957,23,9,1,25.06864,121.5107,14
500103004,20231104,958,23,9,1,25.06864,121.5107,14
500103004,20231104,959,23,8,1,25.06864,121.5107,15
500103004,20231104,961,23,9,1,25.06864,121.5107,14
500103004,20231104,962,23,9,1,25.06864,121.5107,14
500103004,20231104,963,23,9,1,25.06864,121.5107,14
500103004,20231104,964,23,10,1,25.06864,121.5107,13
500103004,20231104,965,23,10,1,25.06864,121.5107,13
500103004,20231104,966,23,10,1,25.06864,121.5107,13
500103004,20231104,967,23,10,1,25.06864,121.5107,13
500103004,20231104,968,23,10,1,25.06864,121.5107,13
500103004,20231104,969,23,10,1,25.06864,121.5107,13
500103004,20231104,970,23,10,1,25.06864,121.5107,13
500103004,20231104,971,23,10,1,25.06864,121.5107,13
500103004,20231104,972,23,10,1,25.06864,121.5107,13
500103004,20231104,973,23,10,1,25.06864,121.5107,13
500103004,20231104,974,23,10,1,25.06864,121.5107,13
500103004,20231104,975,23,11,1,25.06864,121.5107,12
500103004,20231104,976,23,14,1,25.06864,121.5107,9
500103004,20231104,977,23,15,1,25.06864,121.5107,8
500103004,20231104,978,23,15,1,25.06864,121.5107,8
500103004,20231104,979,23,15,1,25.06864,121.5107,8
500103004,20231104,981,23,15,1,25.06864,121.5107,8
500103004,20231104,982,23,15,1,25.06864,121.5107,8
500103004,20231104,983,23,15,1,25.06864,121.5107,8
500103004,20231104,984,23,18,1,25.06864,121.5107,5
500103004,20231104,985,23,18,1,25.06864,121.5107,5
500103004,20231104,986,23,19,1,25.06864,121.5107,4
500103004,20231104,987,23,19,1,25.06864,121.5107,4
500103004,20231104,988,23,19,1,25.06864,121.5107,4
500103004,20231104,989,23,19,1,25.06864,121.5107,4
500103004,20231104,991,23,20,1,25.06864,121.5107,3
500103004,20231104,992,23,20,1,25.06864,121.5107,3
500103004,20231104,993,23,20,1,25.06864,121.5107,3
500103004,20231104,994,23,21,1,25.06864,121.5107,2
500103004,20231104,995,23,21,1,25.06864,121.5107,2
500103004,20231104,996,23,22,1,25.06864,121.5107,1
500103004,20231104,997,23,21,1,25.06864,121.5107,2
500103004,20231104,998,23,21,1,25.06864,121.5107,2
500103004,20231104,999,23,21,1,25.06864,121.5107,2
500103004,20231104,1000,23,21,1,25.06864,121.5107,2
500103004,20231104,1001,23,21,1,25.06864,121.5107,2
500103004,20231104,1002,23,21,1,25.06864,121.5107,2
500103004,20231104,1003,23,21,1,25.06864,121.5107,2
500103004,20231104,1004,23,21,1,25.06864,121.5107,2
500103004,20231104,1005,23,22,1,25.06864,121.5107,1
500103004,20231104,1006,23,22,1,25.06864,121.5107,1
500103004,20231104,1007,23,22,1,25.06864,121.5107,1
500103004,20231104,1008,23,22,1,25.06864,121.5107,1
500103004,20231104,1009,23,22,1,25.06864,121.5107,1
500103004,20231104,1011,23,22,1,25.06864,121.5107,1
500103004,20231104,1012,23,22,1,25.06864,121.5107,1
500103004,20231104,1013,23,22,1,25.06864,121.5107,1
500103004,20231104,1014,23,22,1,25.06864,121.5107,1
500103004,20231104,1015,23,22,1,25.06864,121.5107,1
500103004,20231104,1016,23,22,1,25.06864,121.5107,1
500103004,20231104,1017,23,21,1,25.06864,121.5107,2
500103004,20231104,1018,23,20,1,25.06864,121.5107,3
500103004,20231104,1019,23,20,1,25.06864,121.5107,3
500103004,20231104,1021,23,21,1,25.06864,121.5107,2
500103004,20231104,1022,23,21,1,25.06864,121.5107,2
500103004,20231104,1023,23,21,1,25.06864,121.5107,2
500103004,20231104,1024,23,20,1,25.06864,121.5107,3
500103004,20231104,1025,23,20,1,25.06864,121.5107,3
500103004,20231104,1026,23,19,1,25.06864,121.5107,4
500103004,20231104,1027,23,19,1,25.06864,121.5107,4
500103004,20231104,1029,23,19,1,25.06864,121.5107,4
500103004,20231104,1031,23,19,1,25.06864,121.5107,4
500103004,20231104,1032,23,19,1,25.06864,121.5107,4
500103004,20231104,1033,23,19,1,25.06864,121.5107,4
500103004,20231104,1034,23,18,1,25.06864,121.5107,5
500103004,20231104,1035,23,17,1,25.06864,121.5107,6
500103004,20231104,1036,23,17,1,25.06864,121.5107,6
500103004,20231104,1037,23,16,1,25.06864,121.5107,7
500103004,20231104,1038,23,16,1,25.06864,121.5107,7
500103004,20231104,1039,23,15,1,25.06864,121.5107,8
500103004,20231104,1041,23,13,1,25.06864,121.5107,10
500103004,20231104,1042,23,13,1,25.06864,121.5107,10
500103004,20231104,1043,23,13,1,25.06864,121.5107,10
500103004,20231104,1044,23,13,1,25.06864,121.5107,10
500103004,20231104,1045,23,14,1,25.06864,121.5107,9
500103004,20231104,1046,23,14,1,25.06864,121.5107,9
500103004,20231104,1047,23,14,1,25.06864,121.5107,9
500103004,20231104,1048,23,14,1,25.06864,121.5107,9
500103004,20231104,1049,23,13,1,25.06864,121.5107,10
500103004,20231104,1051,23,12,1,25.06864,121.5107,11
500103004,20231104,1052,23,11,1,25.06864,121.5107,12
500103004,20231104,1053,23,10,1,25.06864,121.5107,13
500103004,20231104,1054,23,10,1,25.06864,121.5107,13
500103004,20231104,1055,23,10,1,25.06864,121.5107,13
500103004,20231104,1056,23,10,1,25.06864,121.5107,13
500103004,20231104,1057,23,10,1,25.06864,121.5107,13
500103004,20231104,1058,23,10,1,25.06864,121.5107,13
500103004,20231104,1059,23,10,1,25.06864,121.5107,13
500103004,20231104,1061,23,11,1,25.06864,121.5107,12
500103004,20231104,1062,23,11,1,25.06864,121.5107,12
500103004,20231104,1063,23,13,1,25.06864,121.5107,10
500103004,20231104,1064,23,13,1,25.06864,121.5107,10
500103004,20231104,1065,23,11,1,25.06864,121.5107,12
500103004,20231104,1067,23,11,1,25.06864,121.5107,12
500103004,20231104,1068,23,9,1,25.06864,121.5107,14
500103004,20231104,1069,23,9,1,25.06864,121.5107,14
500103004,20231104,1071,23,9,1,25.06864,121.5107,14
500103004,20231104,1072,23,8,1,25.06864,121.5107,15
500103004,20231104,1073,23,6,1,25.06864,121.5107,17
500103004,20231104,1074,23,6,1,25.06864,121.5107,17
500103004,20231104,1075,23,6,1,25.06864,121.5107,17
500103004,20231104,1076,23,7,1,25.06864,121.5107,16
500103004,20231104,1077,23,7,1,25.06864,121.5107,16
500103004,20231104,1078,23,4,1,25.06864,121.5107,19
500103004,20231104,1079,23,4,1,25.06864,121.5107,19
500103004,20231104,1081,23,4,1,25.06864,121.5107,19
500103004,20231104,1082,23,4,1,25.06864,121.5107,19
500103004,20231104,1083,23,4,1,25.06864,121.5107,19
500103004,20231104,1084,23,4,1,25.06864,121.5107,19
500103004,20231104,1085,23,4,1,25.06864,121.5107,19
500103004,20231104,1086,23,4,1,25.06864,121.5107,19
500103004,20231104,1087,23,4,1,25.06864,121.5107,19
500103004,20231104,1088,23,3,1,25.06864,121.5107,20
500103004,20231104,1089,23,3,1,25.06864,121.5107,20
500103004,20231104,1091,23,2,1,25.06864,121.5107,21
500103004,20231104,1092,23,2,1,25.06864,121.5107,21
500103004,20231104,1093,23,1,1,25.06864,121.5107,22
500103004,20231104,1094,23,1,1,25.06864,121.5107,22
500103004,20231104,1095,23,1,1,25.06864,121.5107,22
500103004,20231104,1096,23,1,1,25.06864,121.5107,22
500103004,20231104,1097,23,0,1,25.06864,121.5107,23
500103004,20231104,1098,23,4,1,25.06864,121.5107,19
500103004,20231104,1099,23,4,1,25.06864,121.5107,19
500103004,20231104,1101,23,7,1,25.06864,121.5107,16
500103004,20231104,1102,23,10,1,25.06864,121.5107,13
500103004,20231104,1103,23,13,1,25.06864,121.5107,10
500103004,20231104,1104,23,16,1,25.06864,121.5107,7
500103004,20231104,1105,23,18,1,25.06864,121.5107,5
500103004,20231104,1106,23,18,1,25.06864,121.5107,5
500103004,20231104,1107,23,19,1,25.06864,121.5107,4
500103004,20231104,1108,23,18,1,25.06864,121.5107,5
500103004,20231104,1109,23,19,1,25.06864,121.5107,4
500103004,20231104,1111,23,18,1,25.06864,121.5107,5
500103004,20231104,1112,23,20,1,25.06864,121.5107,3
500103004,20231104,1113,23,21,1,25.06864,121.5107,2
500103004,20231104,1114,23,21,1,25.06864,121.5107,2
500103004,20231104,1115,23,21,1,25.06864,121.5107,2
500103004,20231104,1116,23,21,1,25.06864,121.5107,2
500103004,20231104,1117,23,20,1,25.06864,121.5107,3
500103004,20231104,1118,23,20,1,25.06864,121.5107,3
500103004,20231104,1119,23,20,1,25.06864,121.5107,3
500103004,20231104,1120,23,20,1,25.06864,121.5107,3
500103004,20231104,1121,23,20,1,25.06864,121.5107,3
500103004,20231104,1122,23,20,1,25.06864,121.5107,3
500103004,20231104,1123,23,21,1,25.06864,121.5107,2
500103004,20231104,1124,23,21,1,25.06864,121.5107,2
500103004,20231104,1125,23,23,1,25.06864,121.5107,0
500103004,20231104,1126,23,23,1,25.06864,121.5107,0
500103004,20231104,1127,23,22,1,25.06864,121.5107,1
500103004,20231104,1128,23,22,1,25.06864,121.5107,1
500103004,20231104,1129,23,22,1,25.06864,121.5107,1
500103004,20231104,1130,23,22,1,25.06864,121.5107,1
500103004,20231104,1131,23,22,1,25.06864,121.5107,1
500103004,20231104,1132,23,22,1,25.06864,121.5107,1
500103004,20231104,1133,23,21,1,25.06864,121.5107,2
500103004,20231104,1134,23,23,1,25.06864,121.5107,0
500103004,20231104,1135,23,23,1,25.06864,121.5107,0
500103004,20231104,1136,23,23,1,25.06864,121.5107,0
500103004,20231104,1137,23,23,1,25.06864,121.5107,0
500103004,20231104,1138,23,22,1,25.06864,121.5107,1
500103004,20231104,1139,23,22,1,25.06864,121.5107,1
500103004,20231104,1141,23,22,1,25.06864,121.5107,1
500103004,20231104,1142,23,19,1,25.06864,121.5107,4
500103004,20231104,1143,23,16,1,25.06864,121.5107,7
500103004,20231104,1144,23,16,1,25.06864,121.5107,7
500103004,20231104,1145,23,17,1,25.06864,121.5107,6
500103004,20231104,1146,23,17,1,25.06864,121.5107,6
500103004,20231104,1147,23,17,1,25.06864,121.5107,6
500103004,20231104,1148,23,17,1,25.06864,121.5107,6
500103004,20231104,1149,23,20,1,25.06864,121.5107,3
500103004,20231104,1150,23,20,1,25.06864,121.5107,3
500103004,20231104,1151,23,19,1,25.06864,121.5107,4
500103004,20231104,1152,23,19,1,25.06864,121.5107,4
500103004,20231104,1153,23,19,1,25.06864,121.5107,4
500103004,20231104,1154,23,19,1,25.06864,121.5107,4
500103004,20231104,1155,23,19,1,25.06864,121.5107,4
500103004,20231104,1156,23,19,1,25.06864,121.5107,4
500103004,20231104,1157,23,19,1,25.06864,121.5107,4
500103004,20231104,1158,23,19,1,25.06864,121.5107,4
500103004,20231104,1159,23,19,1,25.06864,121.5107,4
500103004,20231104,1161,23,17,1,25.06864,121.5107,6
500103004,20231104,1162,23,17,1,25.06864,121.5107,6
500103004,20231104,1163,23,17,1,25.06864,121.5107,6
500103004,20231104,1164,23,17,1,25.06864,121.5107,6
500103004,20231104,1165,23,16,1,25.06864,121.5107,7
500103004,20231104,1166,23,16,1,25.06864,121.5107,7
500103004,20231104,1167,23,15,1,25.06864,121.5107,8
500103004,20231104,1168,23,16,1,25.06864,121.5107,7
500103004,20231104,1169,23,16,1,25.06864,121.5107,7
500103004,20231104,1171,23,16,1,25.06864,121.5107,7
500103004,20231104,1172,23,16,1,25.06864,121.5107,7
500103004,20231104,1173,23,16,1,25.06864,121.5107,7
500103004,20231104,1174,23,16,1,25.06864,121.5107,7
500103004,20231104,1175,23,16,1,25.06864,121.5107,7
500103004,20231104,1176,23,16,1,25.06864,121.5107,7
500103004,20231104,1177,23,16,1,25.06864,121.5107,7
500103004,20231104,1178,23,16,1,25.06864,121.5107,7
500103004,20231104,1179,23,16,1,25.06864,121.5107,7
500103004,20231104,1180,23,18,1,25.06864,121.5107,5
500103004,20231104,1181,23,18,1,25.06864,121.5107,5
500103004,20231104,1182,23,18,1,25.06864,121.5107,5
500103004,20231104,1183,23,18,1,25.06864,121.5107,5
500103004,20231104,1184,23,18,1,25.06864,121.5107,5
500103004,20231104,1185,23,18,1,25.06864,121.5107,5
500103004,20231104,1186,23,19,1,25.06864,121.5107,4
500103004,20231104,1187,23,15,1,25.06864,121.5107,8
500103004,20231104,1188,23,15,1,25.06864,121.5107,8
500103004,20231104,1189,23,15,1,25.06864,121.5107,8
500103004,20231104,1190,23,15,1,25.06864,121.5107,8
500103004,20231104,1191,23,15,1,25.06864,121.5107,8
500103004,20231104,1192,23,15,1,25.06864,121.5107,8
500103004,20231104,1193,23,15,1,25.06864,121.5107,8
500103004,20231104,1194,23,15,1,25.06864,121.5107,8
500103004,20231104,1195,23,15,1,25.06864,121.5107,8
500103004,20231104,1196,23,15,1,25.06864,121.5107,8
500103004,20231104,1197,23,17,1,25.06864,121.5107,6
500103004,20231104,1198,23,17,1,25.06864,121.5107,6
500103004,20231104,1199,23,17,1,25.06864,121.5107,6
500103004,20231104,1201,23,17,1,25.06864,121.5107,6
500103004,20231104,1202,23,16,1,25.06864,121.5107,7
500103004,20231104,1203,23,16,1,25.06864,121.5107,7
500103004,20231104,1204,23,16,1,25.06864,121.5107,7
500103004,20231104,1205,23,16,1,25.06864,121.5107,7
500103004,20231104,1206,23,15,1,25.06864,121.5107,8
500103004,20231104,1207,23,15,1,25.06864,121.5107,8
500103004,20231104,1208,23,15,1,25.06864,121.5107,8
500103004,20231104,1209,23,15,1,25.06864,121.5107,8
500103004,20231104,1210,23,14,1,25.06864,121.5107,9
500103004,20231104,1211,23,14,1,25.06864,121.5107,9
500103004,20231104,1212,23,14,1,25.06864,121.5107,9
500103004,20231104,1213,23,15,1,25.06864,121.5107,8
500103004,20231104,1214,23,15,1,25.06864,121.5107,8
500103004,20231104,1215,23,13,1,25.06864,121.5107,10
500103004,20231104,1216,23,15,1,25.06864,121.5107,8
500103004,20231104,1217,23,14,1,25.06864,121.5107,9
500103004,20231104,1218,23,14,1,25.06864,121.5107,9
500103004,20231104,1219,23,14,1,25.06864,121.5107,9
500103004,20231104,1221,23,13,1,25.06864,121.5107,10
500103004,20231104,1222,23,11,1,25.06864,121.5107,12
500103004,20231104,1223,23,10,1,25.06864,121.5107,13
500103004,20231104,1224,23,10,1,25.06864,121.5107,13
500103004,20231104,1225,23,10,1,25.06864,121.5107,13
500103004,20231104,1226,23,10,1,25.06864,121.5107,13
500103004,20231104,1227,23,10,1,25.06864,121.5107,13
500103004,20231104,1228,23,10,1,25.06864,121.5107,13
500103004,20231104,1229,23,10,1,25.06864,121.5107,13
500103004,20231104,1231,23,9,1,25.06864,121.5107,14
500103004,20231104,1232,23,9,1,25.06864,121.5107,14
500103004,20231104,1233,23,9,1,25.06864,121.5107,14
500103004,20231104,1234,23,9,1,25.06864,121.5107,14
500103004,20231104,1235,23,9,1,25.06864,121.5107,14
500103004,20231104,1236,23,9,1,25.06864,121.5107,14
500103004,20231104,1237,23,8,1,25.06864,121.5107,15
500103004,20231104,1238,23,7,1,25.06864,121.5107,16
500103004,20231104,1239,23,7,1,25.06864,121.5107,16
500103004,20231104,1240,23,7,1,25.06864,121.5107,16
500103004,20231104,1241,23,7,1,25.06864,121.5107,16
500103004,20231104,1242,23,10,1,25.06864,121.5107,13
500103004,20231104,1243,23,10,1,25.06864,121.5107,13
500103004,20231104,1244,23,10,1,25.06864,121.5107,13
500103004,20231104,1245,23,10,1,25.06864,121.5107,13
500103004,20231104,1246,23,10,1,25.06864,121.5107,13
500103004,20231104,1247,23,10,1,25.06864,121.5107,13
500103004,20231104,1248,23,10,1,25.06864,121.5107,13
500103004,20231104,1249,23,10,1,25.06864,121.5107,13
500103004,20231104,1250,23,10,1,25.06864,121.5107,13
500103004,20231104,1251,23,10,1,25.06864,121.5107,13
500103004,20231104,1252,23,10,1,25.06864,121.5107,13
500103004,20231104,1253,23,11,1,25.06864,121.5107,12
500103004,20231104,1254,23,10,1,25.06864,121.5107,13
500103004,20231104,1255,23,10,1,25.06864,121.5107,13
500103004,20231104,1256,23,8,1,25.06864,121.5107,15
500103004,20231104,1257,23,8,1,25.06864,121.5107,15
500103004,20231104,1258,23,8,1,25.06864,121.5107,15
500103004,20231104,1259,23,8,1,25.06864,121.5107,15
500103004,20231104,1261,23,8,1,25.06864,121.5107,15
500103004,20231104,1262,23,8,1,25.06864,121.5107,15
500103004,20231104,1263,23,9,1,25.06864,121.5107,14
500103004,20231104,1264,23,9,1,25.06864,121.5107,14
500103004,20231104,1265,23,9,1,25.06864,121.5107,14
500103004,20231104,1266,23,9,1,25.06864,121.5107,14
500103004,20231104,1267,23,9,1,25.06864,121.5107,14
500103004,20231104,1268,23,9,1,25.06864,121.5107,14
500103004,20231104,1269,23,9,1,25.06864,121.5107,14
500103004,20231104,1270,23,9,1,25.06864,121.5107,14
500103004,20231104,1271,23,7,1,25.06864,121.5107,16
500103004,20231104,1272,23,7,1,25.06864,121.5107,16
500103004,20231104,1273,23,7,1,25.06864,121.5107,16
500103004,20231104,1274,23,6,1,25.06864,121.5107,17
500103004,20231104,1275,23,5,1,25.06864,121.5107,18
500103004,20231104,1276,23,5,1,25.06864,121.5107,18
500103004,20231104,1277,23,5,1,25.06864,121.5107,18
500103004,20231104,1278,23,5,1,25.06864,121.5107,18
500103004,20231104,1279,23,5,1,25.06864,121.5107,18
500103004,20231104,1282,23,2,1,25.06864,121.5107,21
500103004,20231104,1283,23,1,1,25.06864,121.5107,22
500103004,20231104,1284,23,1,1,25.06864,121.5107,22
500103004,20231104,1285,23,1,1,25.06864,121.5107,22
500103004,20231104,1286,23,1,1,25.06864,121.5107,22
500103004,20231104,1287,23,2,1,25.06864,121.5107,21
500103004,20231104,1288,23,0,1,25.06864,121.5107,23
500103004,20231104,1289,23,0,1,25.06864,121.5107,23
500103004,20231104,1291,23,0,1,25.06864,121.5107,23
500103004,20231104,1292,23,0,1,25.06864,121.5107,23
500103004,20231104,1293,23,0,1,25.06864,121.5107,23
500103004,20231104,1294,23,0,1,25.06864,121.5107,23
500103004,20231104,1295,23,0,1,25.06864,121.5107,23
500103004,20231104,1296,23,0,1,25.06864,121.5107,23
500103004,20231104,1297,23,0,1,25.06864,121.5107,23
500103004,20231104,1298,23,0,1,25.06864,121.5107,23
500103004,20231104,1299,23,0,1,25.06864,121.5107,23
500103004,20231104,1301,23,1,1,25.06864,121.5107,22
500103004,20231104,1302,23,2,1,25.06864,121.5107,21
500103004,20231104,1303,23,2,1,25.06864,121.5107,21
500103004,20231104,1304,23,2,1,25.06864,121.5107,21
500103004,20231104,1305,23,2,1,25.06864,121.5107,21
500103004,20231104,1306,23,2,1,25.06864,121.5107,21
500103004,20231104,1307,23,1,1,25.06864,121.5107,22
500103004,20231104,1308,23,1,1,25.06864,121.5107,22
500103004,20231104,1309,23,2,1,25.06864,121.5107,21
500103004,20231104,1311,23,2,1,25.06864,121.5107,21
500103004,20231104,1312,23,2,1,25.06864,121.5107,21
500103004,20231104,1313,23,2,1,25.06864,121.5107,21
500103004,20231104,1314,23,1,1,25.06864,121.5107,22
500103004,20231104,1315,23,1,1,25.06864,121.5107,22
500103004,20231104,1316,23,0,1,25.06864,121.5107,23
500103004,20231104,1317,23,0,1,25.06864,121.5107,23
500103004,20231104,1318,23,0,1,25.06864,121.5107,23
500103004,20231104,1319,23,0,1,25.06864,121.5107,23
500103004,20231104,1321,23,0,1,25.06864,121.5107,23
500103004,20231104,1322,23,0,1,25.06864,121.5107,23
500103004,20231104,1323,23,0,1,25.06864,121.5107,23
500103004,20231104,1324,23,0,1,25.06864,121.5107,23
500103004,20231104,1325,23,0,1,25.06864,121.5107,23
500103004,20231104,1326,23,0,1,25.06864,121.5107,23
500103004,20231104,1327,23,0,1,25.06864,121.5107,23
500103004,20231104,1328,23,0,1,25.06864,121.5107,23
500103004,20231104,1329,23,0,1,25.06864,121.5107,23
500103004,20231104,1331,23,0,1,25.06864,121.5107,23
500103004,20231104,1332,23,0,1,25.06864,121.5107,23
500103004,20231104,1333,23,1,1,25.06864,121.5107,22
500103004,20231104,1334,23,2,1,25.06864,121.5107,21
500103004,20231104,1335,23,0,1,25.06864,121.5107,23
500103004,20231104,1336,23,1,1,25.06864,121.5107,22
500103004,20231104,1337,23,1,1,25.06864,121.5107,22
500103004,20231104,1338,23,1,1,25.06864,121.5107,22
500103004,20231104,1339,23,1,1,25.06864,121.5107,22
500103004,20231104,1341,23,1,1,25.06864,121.5107,22
500103004,20231104,1342,23,2,1,25.06864,121.5107,21
500103004,20231104,1343,23,2,1,25.06864,121.5107,21
500103004,20231104,1344,23,3,1,25.06864,121.5107,20
500103004,20231104,1345,23,3,1,25.06864,121.5107,20
500103004,20231104,1346,23,3,1,25.06864,121.5107,20
500103004,20231104,1347,23,3,1,25.06864,121.5107,20
500103004,20231104,1348,23,3,1,25.06864,121.5107,20
500103004,20231104,1349,23,3,1,25.06864,121.5107,20
500103004,20231104,1351,23,3,1,25.06864,121.5107,20
500103004,20231104,1352,23,3,1,25.06864,121.5107,20
500103004,20231104,1353,23,3,1,25.06864,121.5107,20
500103004,20231104,1354,23,3,1,25.06864,121.5107,20
500103004,20231104,1355,23,2,1,25.06864,121.5107,21
500103004,20231104,1356,23,2,1,25.06864,121.5107,21
500103004,20231104,1357,23,2,1,25.06864,121.5107,21
500103004,20231104,1358,23,2,1,25.06864,121.5107,21
500103004,20231104,1359,23,2,1,25.06864,121.5107,21
500103004,20231104,1361,23,1,1,25.06864,121.5107,22
500103004,20231104,1362,23,1,1,25.06864,121.5107,22
500103004,20231104,1363,23,1,1,25.06864,121.5107,22
500103004,20231104,1364,23,1,1,25.06864,121.5107,22
500103004,20231104,1365,23,1,1,25.06864,121.5107,22
500103004,20231104,1366,23,1,1,25.06864,121.5107,22
500103004,20231104,1367,23,1,1,25.06864,121.5107,22
500103004,20231104,1368,23,1,1,25.06864,121.5107,22
500103004,20231104,1369,23,0,1,25.06864,121.5107,23
500103004,20231104,1370,23,0,1,25.06864,121.5107,23
500103004,20231104,1371,23,0,1,25.06864,121.5107,23
500103004,20231104,1372,23,0,1,25.06864,121.5107,23
500103004,20231104,1373,23,0,1,25.06864,121.5107,23
500103004,20231104,1374,23,0,1,25.06864,121.5107,23
500103004,20231104,1375,23,0,1,25.06864,121.5107,23
500103004,20231104,1376,23,0,1,25.06864,121.5107,23
500103004,20231104,1377,23,0,1,25.06864,121.5107,23
500103004,20231104,1378,23,0,1,25.06864,121.5107,23
500103004,20231104,1379,23,0,1,25.06864,121.5107,23
500103004,20231104,1381,23,0,1,25.06864,121.5107,23
500103004,20231104,1382,23,0,1,25.06864,121.5107,23
500103004,20231104,1383,23,0,1,25.06864,121.5107,23
500103004,20231104,1384,23,1,1,25.06864,121.5107,22
500103004,20231104,1385,23,1,1,25.06864,121.5107,22
500103004,20231104,1386,23,1,1,25.06864,121.5107,22
500103004,20231104,1387,23,1,1,25.06864,121.5107,22
500103004,20231104,1388,23,1,1,25.06864,121.5107,22
500103004,20231104,1389,23,1,1,25.06864,121.5107,22
500103004,20231104,1390,23,1,1,25.06864,121.5107,22
500103004,20231104,1391,23,0,1,25.06864,121.5107,23
500103004,20231104,1392,23,0,1,25.06864,121.5107,23
500103004,20231104,1393,23,0,1,25.06864,121.5107,23
500103004,20231104,1394,23,0,1,25.06864,121.5107,23
500103004,20231104,1395,23,0,1,25.06864,121.5107,23
500103004,20231104,1396,23,0,1,25.06864,121.5107,23
500103004,20231104,1397,23,4,1,25.06864,121.5107,19
500103004,20231104,1398,23,4,1,25.06864,121.5107,19
500103004,20231104,1399,23,3,1,25.06864,121.5107,20
500103004,20231104,1401,23,3,1,25.06864,121.5107,20
500103004,20231104,1402,23,3,1,25.06864,121.5107,20
500103004,20231104,1403,23,2,1,25.06864,121.5107,21
500103004,20231104,1404,23,1,1,25.06864,121.5107,22
500103004,20231104,1405,23,1,1,25.06864,121.5107,22
500103004,20231104,1406,23,2,1,25.06864,121.5107,21
500103004,20231104,1407,23,2,1,25.06864,121.5107,21
500103004,20231104,1408,23,2,1,25.06864,121.5107,21
500103004,20231104,1409,23,2,1,25.06864,121.5107,21
500103004,20231104,1410,23,2,1,25.06864,121.5107,21
500103004,20231104,1411,23,2,1,25.06864,121.5107,21
500103004,20231104,1412,23,1,1,25.06864,121.5107,22
500103004,20231104,1413,23,1,1,25.06864,121.5107,22
500103004,20231104,1414,23,1,1,25.06864,121.5107,22
500103004,20231104,1415,23,1,1,25.06864,121.5107,22
500103004,20231104,1416,23,1,1,25.06864,121.5107,22
500103004,20231104,1417,23,1,1,25.06864,121.5107,22
500103004,20231104,1418,23,0,1,25.06864,121.5107,23
500103004,20231104,1419,23,0,1,25.06864,121.5107,23
500103004,20231104,1420,23,0,1,25.06864,121.5107,23
500103004,20231104,1421,23,0,1,25.06864,121.5107,23
500103004,20231104,1422,23,0,1,25.06864,121.5107,23
500103004,20231104,1423,23,0,1,25.06864,121.5107,23
500103004,20231104,1424,23,2,1,25.06864,121.5107,21
500103004,20231104,1425,23,2,1,25.06864,121.5107,21
500103004,20231104,1426,23,2,1,25.06864,121.5107,21
500103004,20231104,1427,23,2,1,25.06864,121.5107,21
500103004,20231104,1428,23,2,1,25.06864,121.5107,21
500103004,20231104,1429,23,2,1,25.06864,121.5107,21
500103004,20231104,1430,23,2,1,25.06864,121.5107,21
500103004,20231104,1431,23,2,1,25.06864,121.5107,21
500103004,20231104,1432,23,2,1,25.06864,121.5107,21
500103004,20231104,1433,23,2,1,25.06864,121.5107,21
500103004,20231104,1434,23,2,1,25.06864,121.5107,21
500103004,20231104,1435,23,2,1,25.06864,121.5107,21
500103004,20231104,1436,23,2,1,25.06864,121.5107,21
500103004,20231104,1437,23,2,1,25.06864,121.5107,21
500103004,20231104,1438,23,2,1,25.06864,121.5107,21
500103004,20231104,1439,23,2,1,25.06864,121.5107,21
500103004,20231105,1,23,2,1,25.06864,121.5107,21
500103004,20231105,2,23,2,1,25.06864,121.5107,21
500103004,20231105,3,23,1,1,25.06864,121.5107,22
500103004,20231105,4,23,1,1,25.06864,121.5107,22
500103004,20231105,5,23,1,1,25.06864,121.5107,22
500103004,20231105,6,23,1,1,25.06864,121.5107,22
500103004,20231105,7,23,1,1,25.06864,121.5107,22
500103004,20231105,8,23,1,1,25.06864,121.5107,22
500103004,20231105,9,23,1,1,25.06864,121.5107,22
500103004,20231105,10,23,1,1,25.06864,121.5107,22
500103004,20231105,11,23,1,1,25.06864,121.5107,22
500103004,20231105,12,23,1,1,25.06864,121.5107,22
500103004,20231105,13,23,1,1,25.06864,121.5107,22
500103004,20231105,14,23,1,1,25.06864,121.5107,22
500103004,20231105,15,23,1,1,25.06864,121.5107,22
500103004,20231105,16,23,1,1,25.06864,121.5107,22
500103004,20231105,17,23,1,1,25.06864,121.5107,22
500103004,20231105,18,23,1,1,25.06864,121.5107,22
500103004,20231105,19,23,1,1,25.06864,121.5107,22
500103004,20231105,21,23,1,1,25.06864,121.5107,22
500103004,20231105,22,23,1,1,25.06864,121.5107,22
500103004,20231105,23,23,1,1,25.06864,121.5107,22
500103004,20231105,24,23,1,1,25.06864,121.5107,22
500103004,20231105,25,23,1,1,25.06864,121.5107,22
500103004,20231105,26,23,1,1,25.06864,121.5107,22
500103004,20231105,27,23,1,1,25.06864,121.5107,22
500103004,20231105,28,23,1,1,25.06864,121.5107,22
500103004,20231105,29,23,1,1,25.06864,121.5107,22
500103004,20231105,30,23,1,1,25.06864,121.5107,22
500103004,20231105,31,23,1,1,25.06864,121.5107,22
500103004,20231105,32,23,1,1,25.06864,121.5107,22
500103004,20231105,33,23,0,1,25.06864,121.5107,23
500103004,20231105,34,23,0,1,25.06864,121.5107,23
500103004,20231105,35,23,0,1,25.06864,121.5107,23
500103004,20231105,37,23,0,1,25.06864,121.5107,23
500103004,20231105,38,23,0,1,25.06864,121.5107,23
500103004,20231105,39,23,0,1,25.06864,121.5107,23
500103004,20231105,41,23,0,1,25.06864,121.5107,23
500103004,20231105,42,23,0,1,25.06864,121.5107,23
500103004,20231105,43,23,0,1,25.06864,121.5107,23
500103004,20231105,44,23,0,1,25.06864,121.5107,23
500103004,20231105,45,23,0,1,25.06864,121.5107,23
500103004,20231105,46,23,0,1,25.06864,121.5107,23
500103004,20231105,47,23,0,1,25.06864,121.5107,23
500103004,20231105,48,23,0,1,25.06864,121.5107,23
500103004,20231105,49,23,0,1,25.06864,121.5107,23
500103004,20231105,51,23,0,1,25.06864,121.5107,23
500103004,20231105,52,23,0,1,25.06864,121.5107,23
500103004,20231105,53,23,0,1,25.06864,121.5107,23
500103004,20231105,54,23,0,1,25.06864,121.5107,23
500103004,20231105,55,23,0,1,25.06864,121.5107,23
500103004,20231105,56,23,0,1,25.06864,121.5107,23
500103004,20231105,57,23,0,1,25.06864,121.5107,23
500103004,20231105,58,23,0,1,25.06864,121.5107,23
500103004,20231105,59,23,0,1,25.06864,121.5107,23
500103004,20231105,61,23,0,1,25.06864,121.5107,23
500103004,20231105,62,23,0,1,25.06864,121.5107,23
500103004,20231105,63,23,0,1,25.06864,121.5107,23
500103004,20231105,64,23,0,1,25.06864,121.5107,23
500103004,20231105,65,23,0,1,25.06864,121.5107,23
500103004,20231105,66,23,0,1,25.06864,121.5107,23
500103004,20231105,67,23,0,1,25.06864,121.5107,23
500103004,20231105,68,23,0,1,25.06864,121.5107,23
500103004,20231105,69,23,0,1,25.06864,121.5107,23
500103004,20231105,71,23,0,1,25.06864,121.5107,23
500103004,20231105,72,23,0,1,25.06864,121.5107,23
500103004,20231105,73,23,0,1,25.06864,121.5107,23
500103004,20231105,74,23,0,1,25.06864,121.5107,23
500103004,20231105,75,23,0,1,25.06864,121.5107,23
500103004,20231105,76,23,1,1,25.06864,121.5107,22
500103004,20231105,77,23,1,1,25.06864,121.5107,22
500103004,20231105,78,23,1,1,25.06864,121.5107,22
500103004,20231105,79,23,1,1,25.06864,121.5107,22
500103004,20231105,81,23,1,1,25.06864,121.5107,22
500103004,20231105,82,23,1,1,25.06864,121.5107,22
500103004,20231105,83,23,2,1,25.06864,121.5107,21
500103004,20231105,84,23,2,1,25.06864,121.5107,21
500103004,20231105,85,23,2,1,25.06864,121.5107,21
500103004,20231105,86,23,2,1,25.06864,121.5107,21
500103004,20231105,87,23,2,1,25.06864,121.5107,21
500103004,20231105,88,23,2,1,25.06864,121.5107,21
500103004,20231105,89,23,2,1,25.06864,121.5107,21
500103004,20231105,91,23,2,1,25.06864,121.5107,21
500103004,20231105,92,23,2,1,25.06864,121.5107,21
500103004,20231105,93,23,2,1,25.06864,121.5107,21
500103004,20231105,94,23,2,1,25.06864,121.5107,21
500103004,20231105,95,23,2,1,25.06864,121.5107,21
500103004,20231105,96,23,2,1,25.06864,121.5107,21
500103004,20231105,97,23,2,1,25.06864,121.5107,21
500103004,20231105,98,23,2,1,25.06864,121.5107,21
500103004,20231105,99,23,2,1,25.06864,121.5107,21
500103004,20231105,101,23,2,1,25.06864,121.5107,21
500103004,20231105,102,23,2,1,25.06864,121.5107,21
500103004,20231105,103,23,2,1,25.06864,121.5107,21
500103004,20231105,104,23,2,1,25.06864,121.5107,21
500103004,20231105,105,23,2,1,25.06864,121.5107,21
500103004,20231105,106,23,2,1,25.06864,121.5107,21
500103004,20231105,107,23,2,1,25.06864,121.5107,21
500103004,20231105,108,23,2,1,25.06864,121.5107,21
500103004,20231105,109,23,2,1,25.06864,121.5107,21
500103004,20231105,111,23,2,1,25.06864,121.5107,21
500103004,20231105,112,23,2,1,25.06864,121.5107,21
500103004,20231105,113,23,2,1,25.06864,121.5107,21
500103004,20231105,114,23,2,1,25.06864,121.5107,21
500103004,20231105,115,23,2,1,25.06864,121.5107,21
500103004,20231105,116,23,2,1,25.06864,121.5107,21
500103004,20231105,117,23,1,1,25.06864,121.5107,22
500103004,20231105,118,23,1,1,25.06864,121.5107,22
500103004,20231105,119,23,1,1,25.06864,121.5107,22
500103004,20231105,121,23,1,1,25.06864,121.5107,22
500103004,20231105,122,23,1,1,25.06864,121.5107,22
500103004,20231105,123,23,1,1,25.06864,121.5107,22
500103004,20231105,124,23,1,1,25.06864,121.5107,22
500103004,20231105,125,23,1,1,25.06864,121.5107,22
500103004,20231105,126,23,1,1,25.06864,121.5107,22
500103004,20231105,127,23,1,1,25.06864,121.5107,22
500103004,20231105,128,23,1,1,25.06864,121.5107,22
500103004,20231105,129,23,1,1,25.06864,121.5107,22
500103004,20231105,131,23,1,1,25.06864,121.5107,22
500103004,20231105,132,23,1,1,25.06864,121.5107,22
500103004,20231105,133,23,1,1,25.06864,121.5107,22
500103004,20231105,134,23,1,1,25.06864,121.5107,22
500103004,20231105,135,23,1,1,25.06864,121.5107,22
500103004,20231105,136,23,1,1,25.06864,121.5107,22
500103004,20231105,137,23,1,1,25.06864,121.5107,22
500103004,20231105,138,23,1,1,25.06864,121.5107,22
500103004,20231105,139,23,1,1,25.06864,121.5107,22
500103004,20231105,141,23,1,1,25.06864,121.5107,22
500103004,20231105,142,23,1,1,25.06864,121.5107,22
500103004,20231105,143,23,1,1,25.06864,121.5107,22
500103004,20231105,144,23,1,1,25.06864,121.5107,22
500103004,20231105,145,23,0,1,25.06864,121.5107,23
500103004,20231105,146,23,0,1,25.06864,121.5107,23
500103004,20231105,147,23,0,1,25.06864,121.5107,23
500103004,20231105,148,23,0,1,25.06864,121.5107,23
500103004,20231105,149,23,0,1,25.06864,121.5107,23
500103004,20231105,150,23,0,1,25.06864,121.5107,23
500103004,20231105,151,23,0,1,25.06864,121.5107,23
500103004,20231105,152,23,0,1,25.06864,121.5107,23
500103004,20231105,153,23,0,1,25.06864,121.5107,23
500103004,20231105,154,23,0,1,25.06864,121.5107,23
500103004,20231105,155,23,0,1,25.06864,121.5107,23
500103004,20231105,156,23,0,1,25.06864,121.5107,23
500103004,20231105,157,23,0,1,25.06864,121.5107,23
500103004,20231105,158,23,0,1,25.06864,121.5107,23
500103004,20231105,159,23,0,1,25.06864,121.5107,23
500103004,20231105,160,23,0,1,25.06864,121.5107,23
500103004,20231105,161,23,0,1,25.06864,121.5107,23
500103004,20231105,162,23,0,1,25.06864,121.5107,23
500103004,20231105,163,23,0,1,25.06864,121.5107,23
500103004,20231105,164,23,0,1,25.06864,121.5107,23
500103004,20231105,165,23,0,1,25.06864,121.5107,23
500103004,20231105,166,23,0,1,25.06864,121.5107,23
500103004,20231105,167,23,0,1,25.06864,121.5107,23
500103004,20231105,168,23,0,1,25.06864,121.5107,23
500103004,20231105,169,23,0,1,25.06864,121.5107,23
500103004,20231105,170,23,0,1,25.06864,121.5107,23
500103004,20231105,171,23,0,1,25.06864,121.5107,23
500103004,20231105,172,23,0,1,25.06864,121.5107,23
500103004,20231105,173,23,0,1,25.06864,121.5107,23
500103004,20231105,174,23,0,1,25.06864,121.5107,23
500103004,20231105,175,23,0,1,25.06864,121.5107,23
500103004,20231105,176,23,1,1,25.06864,121.5107,22
500103004,20231105,177,23,1,1,25.06864,121.5107,22
500103004,20231105,178,23,1,1,25.06864,121.5107,22
500103004,20231105,179,23,1,1,25.06864,121.5107,22
500103004,20231105,180,23,1,1,25.06864,121.5107,22
500103004,20231105,181,23,1,1,25.06864,121.5107,22
500103004,20231105,182,23,1,1,25.06864,121.5107,22
500103004,20231105,183,23,1,1,25.06864,121.5107,22
500103004,20231105,184,23,1,1,25.06864,121.5107,22
500103004,20231105,185,23,1,1,25.06864,121.5107,22
500103004,20231105,186,23,1,1,25.06864,121.5107,22
500103004,20231105,187,23,1,1,25.06864,121.5107,22
500103004,20231105,188,23,1,1,25.06864,121.5107,22
500103004,20231105,189,23,1,1,25.06864,121.5107,22
500103004,20231105,190,23,1,1,25.06864,121.5107,22
500103004,20231105,191,23,1,1,25.06864,121.5107,22
500103004,20231105,192,23,1,1,25.06864,121.5107,22
500103004,20231105,193,23,1,1,25.06864,121.5107,22
500103004,20231105,194,23,1,1,25.06864,121.5107,22
500103004,20231105,195,23,1,1,25.06864,121.5107,22
500103004,20231105,196,23,1,1,25.06864,121.5107,22
500103004,20231105,197,23,1,1,25.06864,121.5107,22
500103004,20231105,198,23,1,1,25.06864,121.5107,22
500103004,20231105,199,23,1,1,25.06864,121.5107,22
500103004,20231105,201,23,1,1,25.06864,121.5107,22
500103004,20231105,202,23,1,1,25.06864,121.5107,22
500103004,20231105,203,23,1,1,25.06864,121.5107,22
500103004,20231105,204,23,1,1,25.06864,121.5107,22
500103004,20231105,205,23,1,1,25.06864,121.5107,22
500103004,20231105,206,23,1,1,25.06864,121.5107,22
500103004,20231105,207,23,1,1,25.06864,121.5107,22
500103004,20231105,208,23,1,1,25.06864,121.5107,22
500103004,20231105,209,23,0,1,25.06864,121.5107,23
500103004,20231105,210,23,0,1,25.06864,121.5107,23
500103004,20231105,211,23,0,1,25.06864,121.5107,23
500103004,20231105,212,23,0,1,25.06864,121.5107,23
500103004,20231105,213,23,0,1,25.06864,121.5107,23
500103004,20231105,214,23,0,1,25.06864,121.5107,23
500103004,20231105,215,23,0,1,25.06864,121.5107,23
500103004,20231105,216,23,0,1,25.06864,121.5107,23
500103004,20231105,217,23,0,1,25.06864,121.5107,23
500103004,20231105,218,23,0,1,25.06864,121.5107,23
500103004,20231105,219,23,0,1,25.06864,121.5107,23
500103004,20231105,220,23,0,1,25.06864,121.5107,23
500103004,20231105,221,23,0,1,25.06864,121.5107,23
500103004,20231105,222,23,0,1,25.06864,121.5107,23
500103004,20231105,223,23,0,1,25.06864,121.5107,23
500103004,20231105,224,23,0,1,25.06864,121.5107,23
500103004,20231105,225,23,0,1,25.06864,121.5107,23
500103004,20231105,226,23,0,1,25.06864,121.5107,23
500103004,20231105,227,23,0,1,25.06864,121.5107,23
500103004,20231105,228,23,0,1,25.06864,121.5107,23
500103004,20231105,229,23,0,1,25.06864,121.5107,23
500103004,20231105,230,23,0,1,25.06864,121.5107,23
500103004,20231105,231,23,0,1,25.06864,121.5107,23
500103004,20231105,232,23,0,1,25.06864,121.5107,23
500103004,20231105,233,23,0,1,25.06864,121.5107,23
500103004,20231105,234,23,0,1,25.06864,121.5107,23
500103004,20231105,235,23,0,1,25.06864,121.5107,23
500103004,20231105,236,23,0,1,25.06864,121.5107,23
500103004,20231105,237,23,0,1,25.06864,121.5107,23
500103004,20231105,239,23,0,1,25.06864,121.5107,23
500103004,20231105,241,23,1,1,25.06864,121.5107,22
500103004,20231105,242,23,1,1,25.06864,121.5107,22
500103004,20231105,243,23,1,1,25.06864,121.5107,22
500103004,20231105,244,23,1,1,25.06864,121.5107,22
500103004,20231105,245,23,0,1,25.06864,121.5107,23
500103004,20231105,246,23,0,1,25.06864,121.5107,23
500103004,20231105,247,23,0,1,25.06864,121.5107,23
500103004,20231105,248,23,0,1,25.06864,121.5107,23
500103004,20231105,249,23,0,1,25.06864,121.5107,23
500103004,20231105,251,23,0,1,25.06864,121.5107,23
500103004,20231105,252,23,0,1,25.06864,121.5107,23
500103004,20231105,253,23,0,1,25.06864,121.5107,23
500103004,20231105,254,23,0,1,25.06864,121.5107,23
500103004,20231105,256,23,0,1,25.06864,121.5107,23
500103004,20231105,257,23,0,1,25.06864,121.5107,23
500103004,20231105,258,23,0,1,25.06864,121.5107,23
500103004,20231105,259,23,0,1,25.06864,121.5107,23
500103004,20231105,261,23,0,1,25.06864,121.5107,23
500103004,20231105,262,23,0,1,25.06864,121.5107,23
500103004,20231105,263,23,0,1,25.06864,121.5107,23
500103004,20231105,264,23,0,1,25.06864,121.5107,23
500103004,20231105,265,23,0,1,25.06864,121.5107,23
500103004,20231105,267,23,0,1,25.06864,121.5107,23
500103004,20231105,268,23,0,1,25.06864,121.5107,23
500103004,20231105,269,23,0,1,25.06864,121.5107,23
500103004,20231105,270,23,0,1,25.06864,121.5107,23
500103004,20231105,272,23,0,1,25.06864,121.5107,23
500103004,20231105,274,23,0,1,25.06864,121.5107,23
500103004,20231105,275,23,0,1,25.06864,121.5107,23
500103004,20231105,276,23,0,1,25.06864,121.5107,23
500103004,20231105,278,23,0,1,25.06864,121.5107,23
500103004,20231105,279,23,0,1,25.06864,121.5107,23
500103004,20231105,280,23,0,1,25.06864,121.5107,23
500103004,20231105,281,23,0,1,25.06864,121.5107,23
500103004,20231105,282,23,0,1,25.06864,121.5107,23
500103004,20231105,283,23,0,1,25.06864,121.5107,23
500103004,20231105,284,23,0,1,25.06864,121.5107,23
500103004,20231105,285,23,0,1,25.06864,121.5107,23
500103004,20231105,286,23,0,1,25.06864,121.5107,23
500103004,20231105,288,23,0,1,25.06864,121.5107,23
500103004,20231105,289,23,0,1,25.06864,121.5107,23
500103004,20231105,291,23,0,1,25.06864,121.5107,23
500103004,20231105,292,23,0,1,25.06864,121.5107,23
500103004,20231105,293,23,0,1,25.06864,121.5107,23
500103004,20231105,294,23,0,1,25.06864,121.5107,23
500103004,20231105,296,23,0,1,25.06864,121.5107,23
500103004,20231105,297,23,0,1,25.06864,121.5107,23
500103004,20231105,298,23,0,1,25.06864,121.5107,23
500103004,20231105,299,23,0,1,25.06864,121.5107,23
500103004,20231105,300,23,0,1,25.06864,121.5107,23
500103004,20231105,301,23,0,1,25.06864,121.5107,23
500103004,20231105,303,23,0,1,25.06864,121.5107,23
500103004,20231105,304,23,0,1,25.06864,121.5107,23
500103004,20231105,305,23,0,1,25.06864,121.5107,23
500103004,20231105,306,23,0,1,25.06864,121.5107,23
500103004,20231105,307,23,0,1,25.06864,121.5107,23
500103004,20231105,308,23,0,1,25.06864,121.5107,23
500103004,20231105,309,23,0,1,25.06864,121.5107,23
500103004,20231105,310,23,0,1,25.06864,121.5107,23
500103004,20231105,311,23,0,1,25.06864,121.5107,23
500103004,20231105,312,23,0,1,25.06864,121.5107,23
500103004,20231105,313,23,0,1,25.06864,121.5107,23
500103004,20231105,314,23,0,1,25.06864,121.5107,23
500103004,20231105,315,23,0,1,25.06864,121.5107,23
500103004,20231105,316,23,0,1,25.06864,121.5107,23
500103004,20231105,317,23,0,1,25.06864,121.5107,23
500103004,20231105,318,23,0,1,25.06864,121.5107,23
500103004,20231105,319,23,0,1,25.06864,121.5107,23
500103004,20231105,321,23,0,1,25.06864,121.5107,23
500103004,20231105,322,23,0,1,25.06864,121.5107,23
500103004,20231105,323,23,0,1,25.06864,121.5107,23
500103004,20231105,324,23,0,1,25.06864,121.5107,23
500103004,20231105,325,23,0,1,25.06864,121.5107,23
500103004,20231105,326,23,0,1,25.06864,121.5107,23
500103004,20231105,327,23,0,1,25.06864,121.5107,23
500103004,20231105,328,23,0,1,25.06864,121.5107,23
500103004,20231105,329,23,0,1,25.06864,121.5107,23
500103004,20231105,330,23,0,1,25.06864,121.5107,23
500103004,20231105,331,23,0,1,25.06864,121.5107,23
500103004,20231105,332,23,0,1,25.06864,121.5107,23
500103004,20231105,333,23,0,1,25.06864,121.5107,23
500103004,20231105,334,23,0,1,25.06864,121.5107,23
500103004,20231105,335,23,0,1,25.06864,121.5107,23
500103004,20231105,336,23,0,1,25.06864,121.5107,23
500103004,20231105,337,23,0,1,25.06864,121.5107,23
500103004,20231105,338,23,0,1,25.06864,121.5107,23
500103004,20231105,339,23,0,1,25.06864,121.5107,23
500103004,20231105,340,23,0,1,25.06864,121.5107,23
500103004,20231105,342,23,2,1,25.06864,121.5107,21
500103004,20231105,343,23,2,1,25.06864,121.5107,21
500103004,20231105,344,23,2,1,25.06864,121.5107,21
500103004,20231105,345,23,2,1,25.06864,121.5107,21
500103004,20231105,346,23,2,1,25.06864,121.5107,21
500103004,20231105,347,23,2,1,25.06864,121.5107,21
500103004,20231105,348,23,2,1,25.06864,121.5107,21
500103004,20231105,349,23,3,1,25.06864,121.5107,20
500103004,20231105,350,23,3,1,25.06864,121.5107,20
500103004,20231105,351,23,3,1,25.06864,121.5107,20
500103004,20231105,352,23,3,1,25.06864,121.5107,20
500103004,20231105,353,23,3,1,25.06864,121.5107,20
500103004,20231105,354,23,3,1,25.06864,121.5107,20
500103004,20231105,355,23,3,1,25.06864,121.5107,20
500103004,20231105,356,23,3,1,25.06864,121.5107,20
500103004,20231105,357,23,3,1,25.06864,121.5107,20
500103004,20231105,358,23,3,1,25.06864,121.5107,20
500103004,20231105,359,23,3,1,25.06864,121.5107,20
500103004,20231105,360,23,4,1,25.06864,121.5107,19
500103004,20231105,361,23,4,1,25.06864,121.5107,19
500103004,20231105,362,23,4,1,25.06864,121.5107,19
500103004,20231105,363,23,4,1,25.06864,121.5107,19
500103004,20231105,364,23,4,1,25.06864,121.5107,19
500103004,20231105,365,23,4,1,25.06864,121.5107,19
500103004,20231105,366,23,3,1,25.06864,121.5107,20
500103004,20231105,367,23,3,1,25.06864,121.5107,20
500103004,20231105,368,23,2,1,25.06864,121.5107,21
500103004,20231105,369,23,2,1,25.06864,121.5107,21
500103004,20231105,370,23,2,1,25.06864,121.5107,21
500103004,20231105,371,23,2,1,25.06864,121.5107,21
500103004,20231105,372,23,2,1,25.06864,121.5107,21
500103004,20231105,373,23,2,1,25.06864,121.5107,21
500103004,20231105,374,23,2,1,25.06864,121.5107,21
500103004,20231105,375,23,1,1,25.06864,121.5107,22
500103004,20231105,376,23,1,1,25.06864,121.5107,22
500103004,20231105,377,23,0,1,25.06864,121.5107,23
500103004,20231105,378,23,0,1,25.06864,121.5107,23
500103004,20231105,379,23,0,1,25.06864,121.5107,23
500103004,20231105,381,23,1,1,25.06864,121.5107,22
500103004,20231105,382,23,2,1,25.06864,121.5107,21
500103004,20231105,383,23,2,1,25.06864,121.5107,21
500103004,20231105,384,23,2,1,25.06864,121.5107,21
500103004,20231105,385,23,2,1,25.06864,121.5107,21
500103004,20231105,386,23,2,1,25.06864,121.5107,21
500103004,20231105,387,23,2,1,25.06864,121.5107,21
500103004,20231105,388,23,2,1,25.06864,121.5107,21
500103004,20231105,389,23,2,1,25.06864,121.5107,21
500103004,20231105,390,23,2,1,25.06864,121.5107,21
500103004,20231105,391,23,2,1,25.06864,121.5107,21
500103004,20231105,392,23,3,1,25.06864,121.5107,20
500103004,20231105,393,23,3,1,25.06864,121.5107,20
500103004,20231105,394,23,3,1,25.06864,121.5107,20
500103004,20231105,395,23,3,1,25.06864,121.5107,20
500103004,20231105,396,23,3,1,25.06864,121.5107,20
500103004,20231105,397,23,3,1,25.06864,121.5107,20
500103004,20231105,398,23,3,1,25.06864,121.5107,20
500103004,20231105,399,23,5,1,25.06864,121.5107,18
500103004,20231105,400,23,5,1,25.06864,121.5107,18
500103004,20231105,401,23,5,1,25.06864,121.5107,18
500103004,20231105,402,23,5,1,25.06864,121.5107,18
500103004,20231105,403,23,5,1,25.06864,121.5107,18
500103004,20231105,404,23,5,1,25.06864,121.5107,18
500103004,20231105,405,23,5,1,25.06864,121.5107,18
500103004,20231105,406,23,5,1,25.06864,121.5107,18
500103004,20231105,407,23,5,1,25.06864,121.5107,18
500103004,20231105,408,23,5,1,25.06864,121.5107,18
500103004,20231105,409,23,5,1,25.06864,121.5107,18
500103004,20231105,410,23,5,1,25.06864,121.5107,18
500103004,20231105,411,23,5,1,25.06864,121.5107,18
500103004,20231105,412,23,5,1,25.06864,121.5107,18
500103004,20231105,413,23,5,1,25.06864,121.5107,18
500103004,20231105,414,23,5,1,25.06864,121.5107,18
500103004,20231105,415,23,5,1,25.06864,121.5107,18
500103004,20231105,416,23,5,1,25.06864,121.5107,18
500103004,20231105,417,23,5,1,25.06864,121.5107,18
500103004,20231105,418,23,5,1,25.06864,121.5107,18
500103004,20231105,419,23,5,1,25.06864,121.5107,18
500103004,20231105,420,23,5,1,25.06864,121.5107,18
500103004,20231105,421,23,5,1,25.06864,121.5107,18
500103004,20231105,422,23,6,1,25.06864,121.5107,17
500103004,20231105,423,23,6,1,25.06864,121.5107,17
500103004,20231105,424,23,6,1,25.06864,121.5107,17
500103004,20231105,425,23,6,1,25.06864,121.5107,17
500103004,20231105,426,23,6,1,25.06864,121.5107,17
500103004,20231105,427,23,6,1,25.06864,121.5107,17
500103004,20231105,428,23,6,1,25.06864,121.5107,17
500103004,20231105,429,23,7,1,25.06864,121.5107,16
500103004,20231105,430,23,8,1,25.06864,121.5107,15
500103004,20231105,431,23,8,1,25.06864,121.5107,15
500103004,20231105,432,23,8,1,25.06864,121.5107,15
500103004,20231105,433,23,8,1,25.06864,121.5107,15
500103004,20231105,434,23,8,1,25.06864,121.5107,15
500103004,20231105,435,23,8,1,25.06864,121.5107,15
500103004,20231105,436,23,9,1,25.06864,121.5107,14
500103004,20231105,437,23,9,1,25.06864,121.5107,14
500103004,20231105,438,23,9,1,25.06864,121.5107,14
500103004,20231105,439,23,9,1,25.06864,121.5107,14
500103004,20231105,441,23,9,1,25.06864,121.5107,14
500103004,20231105,442,23,9,1,25.06864,121.5107,14
500103004,20231105,443,23,9,1,25.06864,121.5107,14
500103004,20231105,444,23,9,1,25.06864,121.5107,14
500103004,20231105,445,23,9,1,25.06864,121.5107,14
500103004,20231105,446,23,9,1,25.06864,121.5107,14
500103004,20231105,447,23,9,1,25.06864,121.5107,14
500103004,20231105,448,23,9,1,25.06864,121.5107,14
500103004,20231105,449,23,9,1,25.06864,121.5107,14
500103004,20231105,450,23,9,1,25.06864,121.5107,14
500103004,20231105,451,23,9,1,25.06864,121.5107,14
500103004,20231105,452,23,9,1,25.06864,121.5107,14
500103004,20231105,453,23,9,1,25.06864,121.5107,14
500103004,20231105,454,23,9,1,25.06864,121.5107,14
500103004,20231105,455,23,9,1,25.06864,121.5107,14
500103004,20231105,456,23,9,1,25.06864,121.5107,14
500103004,20231105,457,23,9,1,25.06864,121.5107,14
500103004,20231105,458,23,9,1,25.06864,121.5107,14
500103004,20231105,459,23,9,1,25.06864,121.5107,14
500103004,20231105,460,23,8,1,25.06864,121.5107,15
500103004,20231105,461,23,8,1,25.06864,121.5107,15
500103004,20231105,462,23,8,1,25.06864,121.5107,15
500103004,20231105,463,23,8,1,25.06864,121.5107,15
500103004,20231105,464,23,9,1,25.06864,121.5107,14
500103004,20231105,465,23,9,1,25.06864,121.5107,14
500103004,20231105,466,23,9,1,25.06864,121.5107,14
500103004,20231105,467,23,8,1,25.06864,121.5107,15
500103004,20231105,468,23,8,1,25.06864,121.5107,15
500103004,20231105,469,23,8,1,25.06864,121.5107,15
500103004,20231105,470,23,8,1,25.06864,121.5107,15
500103004,20231105,471,23,8,1,25.06864,121.5107,15
500103004,20231105,472,23,8,1,25.06864,121.5107,15
500103004,20231105,473,23,8,1,25.06864,121.5107,15
500103004,20231105,474,23,8,1,25.06864,121.5107,15
500103004,20231105,475,23,8,1,25.06864,121.5107,15
500103004,20231105,476,23,8,1,25.06864,121.5107,15
500103004,20231105,477,23,8,1,25.06864,121.5107,15
500103004,20231105,478,23,8,1,25.06864,121.5107,15
500103004,20231105,479,23,8,1,25.06864,121.5107,15
500103004,20231105,481,23,8,1,25.06864,121.5107,15
500103004,20231105,482,23,8,1,25.06864,121.5107,15
500103004,20231105,483,23,8,1,25.06864,121.5107,15
500103004,20231105,484,23,8,1,25.06864,121.5107,15
500103004,20231105,485,23,8,1,25.06864,121.5107,15
500103004,20231105,486,23,8,1,25.06864,121.5107,15
500103004,20231105,487,23,7,1,25.06864,121.5107,16
500103004,20231105,488,23,7,1,25.06864,121.5107,16
500103004,20231105,489,23,7,1,25.06864,121.5107,16
500103004,20231105,490,23,7,1,25.06864,121.5107,16
500103004,20231105,491,23,7,1,25.06864,121.5107,16
500103004,20231105,492,23,7,1,25.06864,121.5107,16
500103004,20231105,493,23,8,1,25.06864,121.5107,15
500103004,20231105,494,23,8,1,25.06864,121.5107,15
500103004,20231105,495,23,7,1,25.06864,121.5107,16
500103004,20231105,496,23,7,1,25.06864,121.5107,16
500103004,20231105,497,23,7,1,25.06864,121.5107,16
500103004,20231105,498,23,7,1,25.06864,121.5107,16
500103004,20231105,499,23,8,1,25.06864,121.5107,15
500103004,20231105,501,23,8,1,25.06864,121.5107,15
500103004,20231105,502,23,7,1,25.06864,121.5107,16
500103004,20231105,503,23,7,1,25.06864,121.5107,16
500103004,20231105,504,23,7,1,25.06864,121.5107,16
500103004,20231105,505,23,7,1,25.06864,121.5107,16
500103004,20231105,506,23,7,1,25.06864,121.5107,16
500103004,20231105,507,23,8,1,25.06864,121.5107,15
500103004,20231105,508,23,7,1,25.06864,121.5107,16
500103004,20231105,509,23,8,1,25.06864,121.5107,15
500103004,20231105,511,23,8,1,25.06864,121.5107,15
500103004,20231105,512,23,8,1,25.06864,121.5107,15
500103004,20231105,513,23,9,1,25.06864,121.5107,14
500103004,20231105,514,23,9,1,25.06864,121.5107,14
500103004,20231105,515,23,9,1,25.06864,121.5107,14
500103004,20231105,516,23,9,1,25.06864,121.5107,14
500103004,20231105,517,23,9,1,25.06864,121.5107,14
500103004,20231105,518,23,9,1,25.06864,121.5107,14
500103004,20231105,519,23,10,1,25.06864,121.5107,13
500103004,20231105,520,23,10,1,25.06864,121.5107,13
500103004,20231105,521,23,11,1,25.06864,121.5107,12
500103004,20231105,522,23,13,1,25.06864,121.5107,10
500103004,20231105,523,23,12,1,25.06864,121.5107,11
500103004,20231105,524,23,12,1,25.06864,121.5107,11
500103004,20231105,525,23,12,1,25.06864,121.5107,11
500103004,20231105,526,23,12,1,25.06864,121.5107,11
500103004,20231105,527,23,12,1,25.06864,121.5107,11
500103004,20231105,528,23,12,1,25.06864,121.5107,11
500103004,20231105,529,23,14,1,25.06864,121.5107,9
500103004,20231105,530,23,15,1,25.06864,121.5107,8
500103004,20231105,531,23,15,1,25.06864,121.5107,8
500103004,20231105,532,23,15,1,25.06864,121.5107,8
500103004,20231105,533,23,16,1,25.06864,121.5107,7
500103004,20231105,534,23,15,1,25.06864,121.5107,8
500103004,20231105,535,23,15,1,25.06864,121.5107,8
500103004,20231105,536,23,11,1,25.06864,121.5107,12
500103004,20231105,537,23,9,1,25.06864,121.5107,14
500103004,20231105,538,23,7,1,25.06864,121.5107,16
500103004,20231105,539,23,5,1,25.06864,121.5107,18
500103004,20231105,541,23,2,1,25.06864,121.5107,21
500103004,20231105,542,23,1,1,25.06864,121.5107,22
500103004,20231105,543,23,0,1,25.06864,121.5107,23
500103004,20231105,544,23,0,1,25.06864,121.5107,23
500103004,20231105,545,23,0,1,25.06864,121.5107,23
500103004,20231105,546,23,0,1,25.06864,121.5107,23
500103004,20231105,547,23,0,1,25.06864,121.5107,23
500103004,20231105,548,23,1,1,25.06864,121.5107,22
500103004,20231105,549,23,1,1,25.06864,121.5107,22
500103004,20231105,550,23,1,1,25.06864,121.5107,22
500103004,20231105,551,23,1,1,25.06864,121.5107,22
500103004,20231105,552,23,1,1,25.06864,121.5107,22
500103004,20231105,554,23,3,1,25.06864,121.5107,20
500103004,20231105,555,23,3,1,25.06864,121.5107,20
500103004,20231105,556,23,3,1,25.06864,121.5107,20
500103004,20231105,557,23,4,1,25.06864,121.5107,19
500103004,20231105,558,23,4,1,25.06864,121.5107,19
500103004,20231105,559,23,4,1,25.06864,121.5107,19
500103004,20231105,561,23,4,1,25.06864,121.5107,19
500103004,20231105,562,23,4,1,25.06864,121.5107,19
500103004,20231105,563,23,4,1,25.06864,121.5107,19
500103004,20231105,564,23,4,1,25.06864,121.5107,19
500103004,20231105,565,23,4,1,25.06864,121.5107,19
500103004,20231105,566,23,4,1,25.06864,121.5107,19
500103004,20231105,567,23,4,1,25.06864,121.5107,19
500103004,20231105,568,23,4,1,25.06864,121.5107,19
500103004,20231105,569,23,5,1,25.06864,121.5107,18
500103004,20231105,571,23,5,1,25.06864,121.5107,18
500103004,20231105,572,23,5,1,25.06864,121.5107,18
500103004,20231105,573,23,5,1,25.06864,121.5107,18
500103004,20231105,574,23,5,1,25.06864,121.5107,18
500103004,20231105,575,23,5,1,25.06864,121.5107,18
500103004,20231105,576,23,5,1,25.06864,121.5107,18
500103004,20231105,577,23,5,1,25.06864,121.5107,18
500103004,20231105,578,23,5,1,25.06864,121.5107,18
500103004,20231105,579,23,5,1,25.06864,121.5107,18
500103004,20231105,580,23,5,1,25.06864,121.5107,18
500103004,20231105,581,23,5,1,25.06864,121.5107,18
500103004,20231105,582,23,5,1,25.06864,121.5107,18
500103004,20231105,583,23,5,1,25.06864,121.5107,18
500103004,20231105,584,23,4,1,25.06864,121.5107,19
500103004,20231105,585,23,5,1,25.06864,121.5107,18
500103004,20231105,586,23,4,1,25.06864,121.5107,19
500103004,20231105,587,23,5,1,25.06864,121.5107,18
500103004,20231105,588,23,6,1,25.06864,121.5107,17
500103004,20231105,589,23,6,1,25.06864,121.5107,17
500103004,20231105,590,23,7,1,25.06864,121.5107,16
500103004,20231105,591,23,7,1,25.06864,121.5107,16
500103004,20231105,592,23,8,1,25.06864,121.5107,15
500103004,20231105,593,23,8,1,25.06864,121.5107,15
500103004,20231105,594,23,8,1,25.06864,121.5107,15
500103004,20231105,595,23,8,1,25.06864,121.5107,15
500103004,20231105,596,23,8,1,25.06864,121.5107,15
500103004,20231105,597,23,11,1,25.06864,121.5107,12
500103004,20231105,598,23,11,1,25.06864,121.5107,12
500103004,20231105,599,23,11,1,25.06864,121.5107,12
500103004,20231105,601,23,11,1,25.06864,121.5107,12
500103004,20231105,602,23,11,1,25.06864,121.5107,12
500103004,20231105,603,23,11,1,25.06864,121.5107,12
500103004,20231105,604,23,10,1,25.06864,121.5107,13
500103004,20231105,605,23,10,1,25.06864,121.5107,13
500103004,20231105,606,23,10,1,25.06864,121.5107,13
500103004,20231105,607,23,12,1,25.06864,121.5107,11
500103004,20231105,608,23,12,1,25.06864,121.5107,11
500103004,20231105,609,23,12,1,25.06864,121.5107,11
500103004,20231105,610,23,12,1,25.06864,121.5107,11
500103004,20231105,611,23,12,1,25.06864,121.5107,11
500103004,20231105,612,23,11,1,25.06864,121.5107,12
500103004,20231105,613,23,12,1,25.06864,121.5107,11
500103004,20231105,614,23,12,1,25.06864,121.5107,11
500103004,20231105,615,23,13,1,25.06864,121.5107,10
500103004,20231105,616,23,13,1,25.06864,121.5107,10
500103004,20231105,617,23,11,1,25.06864,121.5107,12
500103004,20231105,618,23,12,1,25.06864,121.5107,11
500103004,20231105,619,23,13,1,25.06864,121.5107,10
500103004,20231105,621,23,13,1,25.06864,121.5107,10
500103004,20231105,622,23,13,1,25.06864,121.5107,10
500103004,20231105,623,23,13,1,25.06864,121.5107,10
500103004,20231105,624,23,13,1,25.06864,121.5107,10
500103004,20231105,625,23,13,1,25.06864,121.5107,10
500103004,20231105,626,23,13,1,25.06864,121.5107,10
500103004,20231105,627,23,13,1,25.06864,121.5107,10
500103004,20231105,628,23,14,1,25.06864,121.5107,9
500103004,20231105,629,23,14,1,25.06864,121.5107,9
500103004,20231105,631,23,13,1,25.06864,121.5107,10
500103004,20231105,632,23,12,1,25.06864,121.5107,11
500103004,20231105,633,23,13,1,25.06864,121.5107,10
500103004,20231105,634,23,13,1,25.06864,121.5107,10
500103004,20231105,635,23,12,1,25.06864,121.5107,11
500103004,20231105,636,23,12,1,25.06864,121.5107,11
500103004,20231105,637,23,11,1,25.06864,121.5107,12
500103004,20231105,638,23,11,1,25.06864,121.5107,12
500103004,20231105,639,23,11,1,25.06864,121.5107,12
500103004,20231105,640,23,11,1,25.06864,121.5107,12
500103004,20231105,641,23,11,1,25.06864,121.5107,12
500103004,20231105,642,23,11,1,25.06864,121.5107,12
500103004,20231105,643,23,10,1,25.06864,121.5107,13
500103004,20231105,644,23,10,1,25.06864,121.5107,13
500103004,20231105,645,23,8,1,25.06864,121.5107,15
500103004,20231105,646,23,8,1,25.06864,121.5107,15
500103004,20231105,647,23,8,1,25.06864,121.5107,15
500103004,20231105,648,23,8,1,25.06864,121.5107,15
500103004,20231105,649,23,8,1,25.06864,121.5107,15
500103004,20231105,650,23,8,1,25.06864,121.5107,15
500103004,20231105,651,23,9,1,25.06864,121.5107,14
500103004,20231105,652,23,9,1,25.06864,121.5107,14
500103004,20231105,653,23,9,1,25.06864,121.5107,14
500103004,20231105,654,23,9,1,25.06864,121.5107,14
500103004,20231105,655,23,8,1,25.06864,121.5107,15
500103004,20231105,656,23,8,1,25.06864,121.5107,15
500103004,20231105,657,23,8,1,25.06864,121.5107,15
500103004,20231105,658,23,8,1,25.06864,121.5107,15
500103004,20231105,659,23,8,1,25.06864,121.5107,15
500103004,20231105,661,23,9,1,25.06864,121.5107,14
500103004,20231105,662,23,9,1,25.06864,121.5107,14
500103004,20231105,663,23,9,1,25.06864,121.5107,14
500103004,20231105,664,23,9,1,25.06864,121.5107,14
500103004,20231105,665,23,9,1,25.06864,121.5107,14
500103004,20231105,666,23,9,1,25.06864,121.5107,14
500103004,20231105,667,23,9,1,25.06864,121.5107,14
500103004,20231105,668,23,9,1,25.06864,121.5107,14
500103004,20231105,669,23,9,1,25.06864,121.5107,14
500103004,20231105,670,23,9,1,25.06864,121.5107,14
500103004,20231105,671,23,9,1,25.06864,121.5107,14
500103004,20231105,672,23,9,1,25.06864,121.5107,14
500103004,20231105,673,23,9,1,25.06864,121.5107,14
500103004,20231105,674,23,9,1,25.06864,121.5107,14
500103004,20231105,675,23,9,1,25.06864,121.5107,14
500103004,20231105,676,23,9,1,25.06864,121.5107,14
500103004,20231105,677,23,9,1,25.06864,121.5107,14
500103004,20231105,678,23,9,1,25.06864,121.5107,14
500103004,20231105,679,23,9,1,25.06864,121.5107,14
500103004,20231105,681,23,9,1,25.06864,121.5107,14
500103004,20231105,682,23,9,1,25.06864,121.5107,14
500103004,20231105,683,23,9,1,25.06864,121.5107,14
500103004,20231105,684,23,8,1,25.06864,121.5107,15
500103004,20231105,685,23,8,1,25.06864,121.5107,15
500103004,20231105,686,23,8,1,25.06864,121.5107,15
500103004,20231105,687,23,8,1,25.06864,121.5107,15
500103004,20231105,688,23,9,1,25.06864,121.5107,14
500103004,20231105,689,23,9,1,25.06864,121.5107,14
500103004,20231105,691,23,7,1,25.06864,121.5107,16
500103004,20231105,692,23,9,1,25.06864,121.5107,14
500103004,20231105,693,23,10,1,25.06864,121.5107,13
500103004,20231105,694,23,11,1,25.06864,121.5107,12
500103004,20231105,695,23,11,1,25.06864,121.5107,12
500103004,20231105,696,23,11,1,25.06864,121.5107,12
500103004,20231105,697,23,11,1,25.06864,121.5107,12
500103004,20231105,698,23,11,1,25.06864,121.5107,12
500103004,20231105,699,23,11,1,25.06864,121.5107,12
500103004,20231105,700,23,11,1,25.06864,121.5107,12
500103004,20231105,701,23,11,1,25.06864,121.5107,12
500103004,20231105,702,23,11,1,25.06864,121.5107,12
500103004,20231105,703,23,13,1,25.06864,121.5107,10
500103004,20231105,704,23,11,1,25.06864,121.5107,12
500103004,20231105,705,23,11,1,25.06864,121.5107,12
500103004,20231105,706,23,11,1,25.06864,121.5107,12
500103004,20231105,707,23,11,1,25.06864,121.5107,12
500103004,20231105,708,23,11,1,25.06864,121.5107,12
500103004,20231105,709,23,11,1,25.06864,121.5107,12
500103004,20231105,710,23,11,1,25.06864,121.5107,12
500103004,20231105,711,23,11,1,25.06864,121.5107,12
500103004,20231105,712,23,11,1,25.06864,121.5107,12
500103004,20231105,713,23,11,1,25.06864,121.5107,12
500103004,20231105,714,23,11,1,25.06864,121.5107,12
500103004,20231105,715,23,11,1,25.06864,121.5107,12
500103004,20231105,716,23,9,1,25.06864,121.5107,14
500103004,20231105,717,23,9,1,25.06864,121.5107,14
500103004,20231105,718,23,9,1,25.06864,121.5107,14
500103004,20231105,719,23,9,1,25.06864,121.5107,14
500103004,20231105,721,23,9,1,25.06864,121.5107,14
500103004,20231105,722,23,9,1,25.06864,121.5107,14
500103004,20231105,723,23,9,1,25.06864,121.5107,14
500103004,20231105,724,23,9,1,25.06864,121.5107,14
500103004,20231105,725,23,9,1,25.06864,121.5107,14
500103004,20231105,726,23,9,1,25.06864,121.5107,14
500103004,20231105,727,23,9,1,25.06864,121.5107,14
500103004,20231105,728,23,9,1,25.06864,121.5107,14
500103004,20231105,729,23,9,1,25.06864,121.5107,14
500103004,20231105,730,23,9,1,25.06864,121.5107,14
500103004,20231105,731,23,9,1,25.06864,121.5107,14
500103004,20231105,732,23,9,1,25.06864,121.5107,14
500103004,20231105,733,23,9,1,25.06864,121.5107,14
500103004,20231105,734,23,9,1,25.06864,121.5107,14
500103004,20231105,735,23,9,1,25.06864,121.5107,14
500103004,20231105,736,23,10,1,25.06864,121.5107,13
500103004,20231105,737,23,8,1,25.06864,121.5107,15
500103004,20231105,738,23,9,1,25.06864,121.5107,14
500103004,20231105,739,23,9,1,25.06864,121.5107,14
500103004,20231105,741,23,9,1,25.06864,121.5107,14
500103004,20231105,742,23,9,1,25.06864,121.5107,14
500103004,20231105,743,23,9,1,25.06864,121.5107,14
500103004,20231105,744,23,9,1,25.06864,121.5107,14
500103004,20231105,745,23,8,1,25.06864,121.5107,15
500103004,20231105,746,23,8,1,25.06864,121.5107,15
500103004,20231105,747,23,9,1,25.06864,121.5107,14
500103004,20231105,749,23,9,1,25.06864,121.5107,14
500103004,20231105,751,23,8,1,25.06864,121.5107,15
500103004,20231105,752,23,9,1,25.06864,121.5107,14
500103004,20231105,753,23,9,1,25.06864,121.5107,14
500103004,20231105,754,23,8,1,25.06864,121.5107,15
500103004,20231105,755,23,8,1,25.06864,121.5107,15
500103004,20231105,756,23,8,1,25.06864,121.5107,15
500103004,20231105,757,23,6,1,25.06864,121.5107,17
500103004,20231105,758,23,6,1,25.06864,121.5107,17
500103004,20231105,759,23,6,1,25.06864,121.5107,17
500103004,20231105,760,23,7,1,25.06864,121.5107,16
500103004,20231105,761,23,7,1,25.06864,121.5107,16
500103004,20231105,762,23,6,1,25.06864,121.5107,17
500103004,20231105,763,23,6,1,25.06864,121.5107,17
500103004,20231105,764,23,6,1,25.06864,121.5107,17
500103004,20231105,765,23,7,1,25.06864,121.5107,16
500103004,20231105,766,23,7,1,25.06864,121.5107,16
500103004,20231105,767,23,6,1,25.06864,121.5107,17
500103004,20231105,768,23,6,1,25.06864,121.5107,17
500103004,20231105,769,23,6,1,25.06864,121.5107,17
500103004,20231105,770,23,6,1,25.06864,121.5107,17
500103004,20231105,771,23,6,1,25.06864,121.5107,17
500103004,20231105,772,23,8,1,25.06864,121.5107,15
500103004,20231105,773,23,8,1,25.06864,121.5107,15
500103004,20231105,774,23,8,1,25.06864,121.5107,15
500103004,20231105,775,23,8,1,25.06864,121.5107,15
500103004,20231105,776,23,8,1,25.06864,121.5107,15
500103004,20231105,777,23,8,1,25.06864,121.5107,15
500103004,20231105,778,23,8,1,25.06864,121.5107,15
500103004,20231105,779,23,9,1,25.06864,121.5107,14
500103004,20231105,781,23,9,1,25.06864,121.5107,14
500103004,20231105,782,23,11,1,25.06864,121.5107,12
500103004,20231105,783,23,11,1,25.06864,121.5107,12
500103004,20231105,784,23,11,1,25.06864,121.5107,12
500103004,20231105,785,23,11,1,25.06864,121.5107,12
500103004,20231105,786,23,11,1,25.06864,121.5107,12
500103004,20231105,787,23,12,1,25.06864,121.5107,11
500103004,20231105,788,23,12,1,25.06864,121.5107,11
500103004,20231105,789,23,13,1,25.06864,121.5107,10
500103004,20231105,790,23,13,1,25.06864,121.5107,10
500103004,20231105,791,23,13,1,25.06864,121.5107,10
500103004,20231105,792,23,13,1,25.06864,121.5107,10
500103004,20231105,793,23,13,1,25.06864,121.5107,10
500103004,20231105,794,23,13,1,25.06864,121.5107,10
500103004,20231105,795,23,14,1,25.06864,121.5107,9
500103004,20231105,796,23,15,1,25.06864,121.5107,8
500103004,20231105,797,23,15,1,25.06864,121.5107,8
500103004,20231105,798,23,15,1,25.06864,121.5107,8
500103004,20231105,799,23,15,1,25.06864,121.5107,8
500103004,20231105,801,23,15,1,25.06864,121.5107,8
500103004,20231105,802,23,16,1,25.06864,121.5107,7
500103004,20231105,803,23,16,1,25.06864,121.5107,7
500103004,20231105,804,23,16,1,25.06864,121.5107,7
500103004,20231105,805,23,15,1,25.06864,121.5107,8
500103004,20231105,806,23,15,1,25.06864,121.5107,8
500103004,20231105,807,23,15,1,25.06864,121.5107,8
500103004,20231105,808,23,15,1,25.06864,121.5107,8
500103004,20231105,809,23,15,1,25.06864,121.5107,8
500103004,20231105,811,23,15,1,25.06864,121.5107,8
500103004,20231105,812,23,15,1,25.06864,121.5107,8
500103004,20231105,813,23,15,1,25.06864,121.5107,8
500103004,20231105,814,23,16,1,25.06864,121.5107,7
500103004,20231105,815,23,17,1,25.06864,121.5107,6
500103004,20231105,816,23,17,1,25.06864,121.5107,6
500103004,20231105,817,23,19,1,25.06864,121.5107,4
500103004,20231105,818,23,19,1,25.06864,121.5107,4
500103004,20231105,819,23,19,1,25.06864,121.5107,4
500103004,20231105,820,23,19,1,25.06864,121.5107,4
500103004,20231105,821,23,19,1,25.06864,121.5107,4
500103004,20231105,822,23,19,1,25.06864,121.5107,4
500103004,20231105,823,23,19,1,25.06864,121.5107,4
500103004,20231105,824,23,19,1,25.06864,121.5107,4
500103004,20231105,825,23,19,1,25.06864,121.5107,4
500103004,20231105,826,23,19,1,25.06864,121.5107,4
500103004,20231105,827,23,18,1,25.06864,121.5107,5
500103004,20231105,828,23,19,1,25.06864,121.5107,4
500103004,20231105,829,23,19,1,25.06864,121.5107,4
500103004,20231105,830,23,19,1,25.06864,121.5107,4
500103004,20231105,831,23,19,1,25.06864,121.5107,4
500103004,20231105,832,23,19,1,25.06864,121.5107,4
500103004,20231105,833,23,19,1,25.06864,121.5107,4
500103004,20231105,834,23,19,1,25.06864,121.5107,4
500103004,20231105,835,23,19,1,25.06864,121.5107,4
500103004,20231105,836,23,19,1,25.06864,121.5107,4
500103004,20231105,837,23,19,1,25.06864,121.5107,4
500103004,20231105,838,23,19,1,25.06864,121.5107,4
500103004,20231105,839,23,19,1,25.06864,121.5107,4
500103004,20231105,841,23,19,1,25.06864,121.5107,4
500103004,20231105,842,23,19,1,25.06864,121.5107,4
500103004,20231105,843,23,19,1,25.06864,121.5107,4
500103004,20231105,844,23,20,1,25.06864,121.5107,3
500103004,20231105,845,23,20,1,25.06864,121.5107,3
500103004,20231105,846,23,21,1,25.06864,121.5107,2
500103004,20231105,847,23,21,1,25.06864,121.5107,2
500103004,20231105,848,23,20,1,25.06864,121.5107,3
500103004,20231105,849,23,20,1,25.06864,121.5107,3
500103004,20231105,850,23,21,1,25.06864,121.5107,2
500103004,20231105,851,23,21,1,25.06864,121.5107,2
500103004,20231105,852,23,21,1,25.06864,121.5107,2
500103004,20231105,853,23,20,1,25.06864,121.5107,3
500103004,20231105,854,23,21,1,25.06864,121.5107,2
500103004,20231105,855,23,21,1,25.06864,121.5107,2
500103004,20231105,856,23,20,1,25.06864,121.5107,3
500103004,20231105,857,23,20,1,25.06864,121.5107,3
500103004,20231105,858,23,20,1,25.06864,121.5107,3
500103004,20231105,859,23,20,1,25.06864,121.5107,3
500103004,20231105,861,23,20,1,25.06864,121.5107,3
500103004,20231105,862,23,20,1,25.06864,121.5107,3
500103004,20231105,863,23,20,1,25.06864,121.5107,3
500103004,20231105,864,23,20,1,25.06864,121.5107,3
500103004,20231105,865,23,20,1,25.06864,121.5107,3
500103004,20231105,866,23,20,1,25.06864,121.5107,3
500103004,20231105,867,23,20,1,25.06864,121.5107,3
500103004,20231105,868,23,20,1,25.06864,121.5107,3
500103004,20231105,869,23,20,1,25.06864,121.5107,3
500103004,20231105,871,23,21,1,25.06864,121.5107,2
500103004,20231105,872,23,21,1,25.06864,121.5107,2
500103004,20231105,873,23,21,1,25.06864,121.5107,2
500103004,20231105,874,23,21,1,25.06864,121.5107,2
500103004,20231105,875,23,21,1,25.06864,121.5107,2
500103004,20231105,876,23,22,1,25.06864,121.5107,1
500103004,20231105,877,23,22,1,25.06864,121.5107,1
500103004,20231105,878,23,22,1,25.06864,121.5107,1
500103004,20231105,879,23,22,1,25.06864,121.5107,1
500103004,20231105,880,23,22,1,25.06864,121.5107,1
500103004,20231105,881,23,22,1,25.06864,121.5107,1
500103004,20231105,882,23,22,1,25.06864,121.5107,1
500103004,20231105,883,23,21,1,25.06864,121.5107,2
500103004,20231105,884,23,21,1,25.06864,121.5107,2
500103004,20231105,885,23,21,1,25.06864,121.5107,2
500103004,20231105,886,23,21,1,25.06864,121.5107,2
500103004,20231105,887,23,21,1,25.06864,121.5107,2
500103004,20231105,888,23,21,1,25.06864,121.5107,2
500103004,20231105,889,23,21,1,25.06864,121.5107,2
500103004,20231105,890,23,22,1,25.06864,121.5107,1
500103004,20231105,891,23,22,1,25.06864,121.5107,1
500103004,20231105,892,23,22,1,25.06864,121.5107,1
500103004,20231105,893,23,22,1,25.06864,121.5107,1
500103004,20231105,894,23,22,1,25.06864,121.5107,1
500103004,20231105,895,23,22,1,25.06864,121.5107,1
500103004,20231105,896,23,22,1,25.06864,121.5107,1
500103004,20231105,897,23,22,1,25.06864,121.5107,1
500103004,20231105,898,23,22,1,25.06864,121.5107,1
500103004,20231105,899,23,22,1,25.06864,121.5107,1
500103004,20231105,901,23,22,1,25.06864,121.5107,1
500103004,20231105,902,23,22,1,25.06864,121.5107,1
500103004,20231105,903,23,22,1,25.06864,121.5107,1
500103004,20231105,904,23,22,1,25.06864,121.5107,1
500103004,20231105,905,23,22,1,25.06864,121.5107,1
500103004,20231105,906,23,22,1,25.06864,121.5107,1
500103004,20231105,907,23,22,1,25.06864,121.5107,1
500103004,20231105,908,23,22,1,25.06864,121.5107,1
500103004,20231105,909,23,22,1,25.06864,121.5107,1
500103004,20231105,910,23,21,1,25.06864,121.5107,2
500103004,20231105,911,23,21,1,25.06864,121.5107,2
500103004,20231105,912,23,21,1,25.06864,121.5107,2
500103004,20231105,913,23,21,1,25.06864,121.5107,2
500103004,20231105,914,23,21,1,25.06864,121.5107,2
500103004,20231105,915,23,21,1,25.06864,121.5107,2
500103004,20231105,916,23,21,1,25.06864,121.5107,2
500103004,20231105,917,23,21,1,25.06864,121.5107,2
500103004,20231105,918,23,21,1,25.06864,121.5107,2
500103004,20231105,919,23,21,1,25.06864,121.5107,2
500103004,20231105,921,23,21,1,25.06864,121.5107,2
500103004,20231105,922,23,21,1,25.06864,121.5107,2
500103004,20231105,923,23,21,1,25.06864,121.5107,2
500103004,20231105,924,23,21,1,25.06864,121.5107,2
500103004,20231105,925,23,21,1,25.06864,121.5107,2
500103004,20231105,926,23,21,1,25.06864,121.5107,2
500103004,20231105,927,23,21,1,25.06864,121.5107,2
500103004,20231105,928,23,21,1,25.06864,121.5107,2
500103004,20231105,929,23,21,1,25.06864,121.5107,2
500103004,20231105,931,23,20,1,25.06864,121.5107,3
500103004,20231105,932,23,20,1,25.06864,121.5107,3
500103004,20231105,933,23,20,1,25.06864,121.5107,3
500103004,20231105,934,23,19,1,25.06864,121.5107,4
500103004,20231105,935,23,19,1,25.06864,121.5107,4
500103004,20231105,936,23,19,1,25.06864,121.5107,4
500103004,20231105,937,23,19,1,25.06864,121.5107,4
500103004,20231105,938,23,19,1,25.06864,121.5107,4
500103004,20231105,939,23,19,1,25.06864,121.5107,4
500103004,20231105,940,23,20,1,25.06864,121.5107,3
500103004,20231105,941,23,20,1,25.06864,121.5107,3
500103004,20231105,943,23,20,1,25.06864,121.5107,3
500103004,20231105,944,23,20,1,25.06864,121.5107,3
500103004,20231105,945,23,20,1,25.06864,121.5107,3
500103004,20231105,946,23,20,1,25.06864,121.5107,3
500103004,20231105,947,23,20,1,25.06864,121.5107,3
500103004,20231105,948,23,20,1,25.06864,121.5107,3
500103004,20231105,949,23,20,1,25.06864,121.5107,3
500103004,20231105,950,23,21,1,25.06864,121.5107,2
500103004,20231105,951,23,22,1,25.06864,121.5107,1
500103004,20231105,952,23,22,1,25.06864,121.5107,1
500103004,20231105,953,23,22,1,25.06864,121.5107,1
500103004,20231105,954,23,22,1,25.06864,121.5107,1
500103004,20231105,955,23,22,1,25.06864,121.5107,1
500103004,20231105,956,23,22,1,25.06864,121.5107,1
500103004,20231105,957,23,22,1,25.06864,121.5107,1
500103004,20231105,958,23,22,1,25.06864,121.5107,1
500103004,20231105,959,23,22,1,25.06864,121.5107,1
500103004,20231105,961,23,22,1,25.06864,121.5107,1
500103004,20231105,962,23,22,1,25.06864,121.5107,1
500103004,20231105,963,23,22,1,25.06864,121.5107,1
500103004,20231105,964,23,22,1,25.06864,121.5107,1
500103004,20231105,965,23,21,1,25.06864,121.5107,2
500103004,20231105,966,23,20,1,25.06864,121.5107,3
500103004,20231105,967,23,20,1,25.06864,121.5107,3
500103004,20231105,968,23,20,1,25.06864,121.5107,3
500103004,20231105,969,23,20,1,25.06864,121.5107,3
500103004,20231105,970,23,20,1,25.06864,121.5107,3
500103004,20231105,971,23,20,1,25.06864,121.5107,3
500103004,20231105,972,23,21,1,25.06864,121.5107,2
500103004,20231105,973,23,21,1,25.06864,121.5107,2
500103004,20231105,974,23,21,1,25.06864,121.5107,2
500103004,20231105,975,23,21,1,25.06864,121.5107,2
500103004,20231105,976,23,20,1,25.06864,121.5107,3
500103004,20231105,977,23,20,1,25.06864,121.5107,3
500103004,20231105,978,23,20,1,25.06864,121.5107,3
500103004,20231105,979,23,21,1,25.06864,121.5107,2
500103004,20231105,981,23,22,1,25.06864,121.5107,1
500103004,20231105,982,23,22,1,25.06864,121.5107,1
500103004,20231105,983,23,22,1,25.06864,121.5107,1
500103004,20231105,984,23,22,1,25.06864,121.5107,1
500103004,20231105,985,23,22,1,25.06864,121.5107,1
500103004,20231105,986,23,22,1,25.06864,121.5107,1
500103004,20231105,987,23,21,1,25.06864,121.5107,2
500103004,20231105,988,23,21,1,25.06864,121.5107,2
500103004,20231105,989,23,21,1,25.06864,121.5107,2
500103004,20231105,991,23,21,1,25.06864,121.5107,2
500103004,20231105,992,23,21,1,25.06864,121.5107,2
500103004,20231105,993,23,21,1,25.06864,121.5107,2
500103004,20231105,994,23,21,1,25.06864,121.5107,2
500103004,20231105,995,23,21,1,25.06864,121.5107,2
500103004,20231105,996,23,21,1,25.06864,121.5107,2
500103004,20231105,997,23,21,1,25.06864,121.5107,2
500103004,20231105,998,23,21,1,25.06864,121.5107,2
500103004,20231105,999,23,21,1,25.06864,121.5107,2
500103004,20231105,1000,23,19,1,25.06864,121.5107,4
500103004,20231105,1001,23,19,1,25.06864,121.5107,4
500103004,20231105,1002,23,19,1,25.06864,121.5107,4
500103004,20231105,1003,23,19,1,25.06864,121.5107,4
500103004,20231105,1004,23,19,1,25.06864,121.5107,4
500103004,20231105,1005,23,18,1,25.06864,121.5107,5
500103004,20231105,1006,23,19,1,25.06864,121.5107,4
500103004,20231105,1007,23,19,1,25.06864,121.5107,4
500103004,20231105,1008,23,18,1,25.06864,121.5107,5
500103004,20231105,1009,23,18,1,25.06864,121.5107,5
500103004,20231105,1010,23,18,1,25.06864,121.5107,5
500103004,20231105,1011,23,18,1,25.06864,121.5107,5
500103004,20231105,1012,23,18,1,25.06864,121.5107,5
500103004,20231105,1013,23,18,1,25.06864,121.5107,5
500103004,20231105,1014,23,18,1,25.06864,121.5107,5
500103004,20231105,1015,23,18,1,25.06864,121.5107,5
500103004,20231105,1016,23,19,1,25.06864,121.5107,4
500103004,20231105,1017,23,19,1,25.06864,121.5107,4
500103004,20231105,1018,23,19,1,25.06864,121.5107,4
500103004,20231105,1019,23,19,1,25.06864,121.5107,4
500103004,20231105,1021,23,20,1,25.06864,121.5107,3
500103004,20231105,1022,23,20,1,25.06864,121.5107,3
500103004,20231105,1023,23,20,1,25.06864,121.5107,3
500103004,20231105,1024,23,21,1,25.06864,121.5107,2
500103004,20231105,1025,23,22,1,25.06864,121.5107,1
500103004,20231105,1026,23,22,1,25.06864,121.5107,1
500103004,20231105,1027,23,22,1,25.06864,121.5107,1
500103004,20231105,1028,23,22,1,25.06864,121.5107,1
500103004,20231105,1029,23,22,1,25.06864,121.5107,1
500103004,20231105,1030,23,22,1,25.06864,121.5107,1
500103004,20231105,1031,23,22,1,25.06864,121.5107,1
500103004,20231105,1032,23,22,1,25.06864,121.5107,1
500103004,20231105,1033,23,20,1,25.06864,121.5107,3
500103004,20231105,1034,23,18,1,25.06864,121.5107,5
500103004,20231105,1035,23,17,1,25.06864,121.5107,6
500103004,20231105,1036,23,16,1,25.06864,121.5107,7
500103004,20231105,1037,23,14,1,25.06864,121.5107,9
500103004,20231105,1038,23,15,1,25.06864,121.5107,8
500103004,20231105,1039,23,17,1,25.06864,121.5107,6
500103004,20231105,1041,23,11,1,25.06864,121.5107,12
500103004,20231105,1042,23,11,1,25.06864,121.5107,12
500103004,20231105,1043,23,11,1,25.06864,121.5107,12
500103004,20231105,1044,23,11,1,25.06864,121.5107,12
500103004,20231105,1045,23,11,1,25.06864,121.5107,12
500103004,20231105,1046,23,11,1,25.06864,121.5107,12
500103004,20231105,1047,23,10,1,25.06864,121.5107,13
500103004,20231105,1048,23,9,1,25.06864,121.5107,14
500103004,20231105,1049,23,7,1,25.06864,121.5107,16
500103004,20231105,1051,23,7,1,25.06864,121.5107,16
500103004,20231105,1052,23,6,1,25.06864,121.5107,17
500103004,20231105,1053,23,6,1,25.06864,121.5107,17
500103004,20231105,1054,23,6,1,25.06864,121.5107,17
500103004,20231105,1055,23,6,1,25.06864,121.5107,17
500103004,20231105,1056,23,7,1,25.06864,121.5107,16
500103004,20231105,1057,23,10,1,25.06864,121.5107,13
500103004,20231105,1058,23,10,1,25.06864,121.5107,13
500103004,20231105,1059,23,10,1,25.06864,121.5107,13
500103004,20231105,1060,23,10,1,25.06864,121.5107,13
500103004,20231105,1061,23,10,1,25.06864,121.5107,13
500103004,20231105,1062,23,9,1,25.06864,121.5107,14
500103004,20231105,1063,23,10,1,25.06864,121.5107,13
500103004,20231105,1064,23,10,1,25.06864,121.5107,13
500103004,20231105,1065,23,11,1,25.06864,121.5107,12
500103004,20231105,1066,23,11,1,25.06864,121.5107,12
500103004,20231105,1067,23,11,1,25.06864,121.5107,12
500103004,20231105,1068,23,11,1,25.06864,121.5107,12
500103004,20231105,1069,23,12,1,25.06864,121.5107,11
500103004,20231105,1070,23,12,1,25.06864,121.5107,11
500103004,20231105,1071,23,12,1,25.06864,121.5107,11
500103004,20231105,1072,23,12,1,25.06864,121.5107,11
500103004,20231105,1073,23,12,1,25.06864,121.5107,11
500103004,20231105,1074,23,13,1,25.06864,121.5107,10
500103004,20231105,1075,23,13,1,25.06864,121.5107,10
500103004,20231105,1076,23,13,1,25.06864,121.5107,10
500103004,20231105,1077,23,13,1,25.06864,121.5107,10
500103004,20231105,1078,23,14,1,25.06864,121.5107,9
500103004,20231105,1079,23,15,1,25.06864,121.5107,8
500103004,20231105,1081,23,15,1,25.06864,121.5107,8
500103004,20231105,1082,23,15,1,25.06864,121.5107,8
500103004,20231105,1083,23,16,1,25.06864,121.5107,7
500103004,20231105,1084,23,17,1,25.06864,121.5107,6
500103004,20231105,1085,23,17,1,25.06864,121.5107,6
500103004,20231105,1086,23,17,1,25.06864,121.5107,6
500103004,20231105,1087,23,17,1,25.06864,121.5107,6
500103004,20231105,1088,23,17,1,25.06864,121.5107,6
500103004,20231105,1089,23,17,1,25.06864,121.5107,6
500103004,20231105,1090,23,17,1,25.06864,121.5107,6
500103004,20231105,1091,23,17,1,25.06864,121.5107,6
500103004,20231105,1092,23,17,1,25.06864,121.5107,6
500103004,20231105,1093,23,17,1,25.06864,121.5107,6
500103004,20231105,1094,23,16,1,25.06864,121.5107,7
500103004,20231105,1095,23,14,1,25.06864,121.5107,9
500103004,20231105,1096,23,13,1,25.06864,121.5107,10
500103004,20231105,1097,23,13,1,25.06864,121.5107,10
500103004,20231105,1098,23,13,1,25.06864,121.5107,10
500103004,20231105,1099,23,13,1,25.06864,121.5107,10
500103004,20231105,1101,23,12,1,25.06864,121.5107,11
500103004,20231105,1102,23,12,1,25.06864,121.5107,11
500103004,20231105,1103,23,12,1,25.06864,121.5107,11
500103004,20231105,1104,23,12,1,25.06864,121.5107,11
500103004,20231105,1105,23,12,1,25.06864,121.5107,11
500103004,20231105,1106,23,12,1,25.06864,121.5107,11
500103004,20231105,1107,23,12,1,25.06864,121.5107,11
500103004,20231105,1108,23,13,1,25.06864,121.5107,10
500103004,20231105,1109,23,12,1,25.06864,121.5107,11
500103004,20231105,1111,23,12,1,25.06864,121.5107,11
500103004,20231105,1112,23,14,1,25.06864,121.5107,9
500103004,20231105,1113,23,18,1,25.06864,121.5107,5
500103004,20231105,1114,23,19,1,25.06864,121.5107,4
500103004,20231105,1115,23,19,1,25.06864,121.5107,4
500103004,20231105,1116,23,18,1,25.06864,121.5107,5
500103004,20231105,1117,23,18,1,25.06864,121.5107,5
500103004,20231105,1118,23,20,1,25.06864,121.5107,3
500103004,20231105,1119,23,20,1,25.06864,121.5107,3
500103004,20231105,1120,23,19,1,25.06864,121.5107,4
500103004,20231105,1121,23,19,1,25.06864,121.5107,4
500103004,20231105,1122,23,19,1,25.06864,121.5107,4
500103004,20231105,1123,23,19,1,25.06864,121.5107,4
500103004,20231105,1124,23,19,1,25.06864,121.5107,4
500103004,20231105,1125,23,19,1,25.06864,121.5107,4
500103004,20231105,1126,23,19,1,25.06864,121.5107,4
500103004,20231105,1127,23,19,1,25.06864,121.5107,4
500103004,20231105,1128,23,18,1,25.06864,121.5107,5
500103004,20231105,1129,23,17,1,25.06864,121.5107,6
500103004,20231105,1130,23,18,1,25.06864,121.5107,5
500103004,20231105,1131,23,18,1,25.06864,121.5107,5
500103004,20231105,1132,23,17,1,25.06864,121.5107,6
500103004,20231105,1134,23,15,1,25.06864,121.5107,8
500103004,20231105,1135,23,15,1,25.06864,121.5107,8
500103004,20231105,1136,23,11,1,25.06864,121.5107,12
500103004,20231105,1137,23,11,1,25.06864,121.5107,12
500103004,20231105,1138,23,11,1,25.06864,121.5107,12
500103004,20231105,1139,23,11,1,25.06864,121.5107,12
500103004,20231105,1141,23,11,1,25.06864,121.5107,12
500103004,20231105,1142,23,10,1,25.06864,121.5107,13
500103004,20231105,1143,23,9,1,25.06864,121.5107,14
500103004,20231105,1144,23,9,1,25.06864,121.5107,14
500103004,20231105,1145,23,9,1,25.06864,121.5107,14
500103004,20231105,1146,23,9,1,25.06864,121.5107,14
500103004,20231105,1147,23,8,1,25.06864,121.5107,15
500103004,20231105,1148,23,7,1,25.06864,121.5107,16
500103004,20231105,1149,23,7,1,25.06864,121.5107,16
500103004,20231105,1150,23,7,1,25.06864,121.5107,16
500103004,20231105,1151,23,8,1,25.06864,121.5107,15
500103004,20231105,1152,23,8,1,25.06864,121.5107,15
500103004,20231105,1153,23,8,1,25.06864,121.5107,15
500103004,20231105,1154,23,13,1,25.06864,121.5107,10
500103004,20231105,1155,23,17,1,25.06864,121.5107,6
500103004,20231105,1156,23,20,1,25.06864,121.5107,3
500103004,20231105,1157,23,21,1,25.06864,121.5107,2
500103004,20231105,1158,23,21,1,25.06864,121.5107,2
500103004,20231105,1159,23,19,1,25.06864,121.5107,4
500103004,20231105,1161,23,19,1,25.06864,121.5107,4
500103004,20231105,1162,23,19,1,25.06864,121.5107,4
500103004,20231105,1163,23,18,1,25.06864,121.5107,5
500103004,20231105,1164,23,19,1,25.06864,121.5107,4
500103004,20231105,1165,23,21,1,25.06864,121.5107,2
500103004,20231105,1166,23,21,1,25.06864,121.5107,2
500103004,20231105,1167,23,21,1,25.06864,121.5107,2
500103004,20231105,1168,23,20,1,25.06864,121.5107,3
500103004,20231105,1169,23,20,1,25.06864,121.5107,3
500103004,20231105,1171,23,20,1,25.06864,121.5107,3
500103004,20231105,1172,23,20,1,25.06864,121.5107,3
500103004,20231105,1173,23,20,1,25.06864,121.5107,3
500103004,20231105,1174,23,20,1,25.06864,121.5107,3
500103004,20231105,1175,23,20,1,25.06864,121.5107,3
500103004,20231105,1176,23,20,1,25.06864,121.5107,3
500103004,20231105,1177,23,20,1,25.06864,121.5107,3
500103004,20231105,1178,23,20,1,25.06864,121.5107,3
500103004,20231105,1179,23,20,1,25.06864,121.5107,3
500103004,20231105,1180,23,17,1,25.06864,121.5107,6
500103004,20231105,1181,23,17,1,25.06864,121.5107,6
500103004,20231105,1182,23,17,1,25.06864,121.5107,6
500103004,20231105,1183,23,17,1,25.06864,121.5107,6
500103004,20231105,1184,23,19,1,25.06864,121.5107,4
500103004,20231105,1185,23,17,1,25.06864,121.5107,6
500103004,20231105,1186,23,17,1,25.06864,121.5107,6
500103004,20231105,1187,23,14,1,25.06864,121.5107,9
500103004,20231105,1188,23,14,1,25.06864,121.5107,9
500103004,20231105,1189,23,14,1,25.06864,121.5107,9
500103004,20231105,1190,23,14,1,25.06864,121.5107,9
500103004,20231105,1191,23,14,1,25.06864,121.5107,9
500103004,20231105,1192,23,14,1,25.06864,121.5107,9
500103004,20231105,1193,23,14,1,25.06864,121.5107,9
500103004,20231105,1194,23,14,1,25.06864,121.5107,9
500103004,20231105,1195,23,14,1,25.06864,121.5107,9
500103004,20231105,1196,23,14,1,25.06864,121.5107,9
500103004,20231105,1197,23,14,1,25.06864,121.5107,9
500103004,20231105,1198,23,15,1,25.06864,121.5107,8
500103004,20231105,1199,23,14,1,25.06864,121.5107,9
500103004,20231105,1201,23,14,1,25.06864,121.5107,9
500103004,20231105,1202,23,14,1,25.06864,121.5107,9
500103004,20231105,1203,23,14,1,25.06864,121.5107,9
500103004,20231105,1204,23,14,1,25.06864,121.5107,9
500103004,20231105,1205,23,14,1,25.06864,121.5107,9
500103004,20231105,1206,23,14,1,25.06864,121.5107,9
500103004,20231105,1207,23,14,1,25.06864,121.5107,9
500103004,20231105,1208,23,13,1,25.06864,121.5107,10
500103004,20231105,1209,23,14,1,25.06864,121.5107,9
500103004,20231105,1210,23,13,1,25.06864,121.5107,10
500103004,20231105,1211,23,13,1,25.06864,121.5107,10
500103004,20231105,1212,23,12,1,25.06864,121.5107,11
500103004,20231105,1213,23,14,1,25.06864,121.5107,9
500103004,20231105,1214,23,15,1,25.06864,121.5107,8
500103004,20231105,1215,23,15,1,25.06864,121.5107,8
500103004,20231105,1216,23,15,1,25.06864,121.5107,8
500103004,20231105,1217,23,15,1,25.06864,121.5107,8
500103004,20231105,1218,23,15,1,25.06864,121.5107,8
500103004,20231105,1219,23,15,1,25.06864,121.5107,8
500103004,20231105,1221,23,15,1,25.06864,121.5107,8
500103004,20231105,1222,23,15,1,25.06864,121.5107,8
500103004,20231105,1223,23,15,1,25.06864,121.5107,8
500103004,20231105,1224,23,15,1,25.06864,121.5107,8
500103004,20231105,1225,23,15,1,25.06864,121.5107,8
500103004,20231105,1226,23,15,1,25.06864,121.5107,8
500103004,20231105,1227,23,15,1,25.06864,121.5107,8
500103004,20231105,1228,23,15,1,25.06864,121.5107,8
500103004,20231105,1229,23,16,1,25.06864,121.5107,7
500103004,20231105,1231,23,16,1,25.06864,121.5107,7
500103004,20231105,1232,23,16,1,25.06864,121.5107,7
500103004,20231105,1233,23,16,1,25.06864,121.5107,7
500103004,20231105,1234,23,14,1,25.06864,121.5107,9
500103004,20231105,1235,23,13,1,25.06864,121.5107,10
500103004,20231105,1236,23,13,1,25.06864,121.5107,10
500103004,20231105,1237,23,13,1,25.06864,121.5107,10
500103004,20231105,1238,23,14,1,25.06864,121.5107,9
500103004,20231105,1239,23,14,1,25.06864,121.5107,9
500103004,20231105,1240,23,15,1,25.06864,121.5107,8
500103004,20231105,1241,23,15,1,25.06864,121.5107,8
500103004,20231105,1242,23,15,1,25.06864,121.5107,8
500103004,20231105,1243,23,15,1,25.06864,121.5107,8
500103004,20231105,1244,23,15,1,25.06864,121.5107,8
500103004,20231105,1245,23,15,1,25.06864,121.5107,8
500103004,20231105,1246,23,15,1,25.06864,121.5107,8
500103004,20231105,1247,23,15,1,25.06864,121.5107,8
500103004,20231105,1248,23,15,1,25.06864,121.5107,8
500103004,20231105,1249,23,15,1,25.06864,121.5107,8
500103004,20231105,1250,23,15,1,25.06864,121.5107,8
500103004,20231105,1251,23,15,1,25.06864,121.5107,8
500103004,20231105,1252,23,15,1,25.06864,121.5107,8
500103004,20231105,1253,23,15,1,25.06864,121.5107,8
500103004,20231105,1254,23,15,1,25.06864,121.5107,8
500103004,20231105,1255,23,15,1,25.06864,121.5107,8
500103004,20231105,1256,23,15,1,25.06864,121.5107,8
500103004,20231105,1258,23,15,1,25.06864,121.5107,8
500103004,20231105,1259,23,15,1,25.06864,121.5107,8
500103004,20231105,1261,23,15,1,25.06864,121.5107,8
500103004,20231105,1262,23,14,1,25.06864,121.5107,9
500103004,20231105,1263,23,14,1,25.06864,121.5107,9
500103004,20231105,1264,23,14,1,25.06864,121.5107,9
500103004,20231105,1265,23,14,1,25.06864,121.5107,9
500103004,20231105,1266,23,14,1,25.06864,121.5107,9
500103004,20231105,1267,23,14,1,25.06864,121.5107,9
500103004,20231105,1268,23,14,1,25.06864,121.5107,9
500103004,20231105,1269,23,14,1,25.06864,121.5107,9
500103004,20231105,1270,23,14,1,25.06864,121.5107,9
500103004,20231105,1271,23,14,1,25.06864,121.5107,9
500103004,20231105,1272,23,14,1,25.06864,121.5107,9
500103004,20231105,1273,23,14,1,25.06864,121.5107,9
500103004,20231105,1274,23,13,1,25.06864,121.5107,10
500103004,20231105,1275,23,13,1,25.06864,121.5107,10
500103004,20231105,1276,23,13,1,25.06864,121.5107,10
500103004,20231105,1277,23,13,1,25.06864,121.5107,10
500103004,20231105,1278,23,13,1,25.06864,121.5107,10
500103004,20231105,1279,23,13,1,25.06864,121.5107,10
500103004,20231105,1281,23,13,1,25.06864,121.5107,10
500103004,20231105,1282,23,13,1,25.06864,121.5107,10
500103004,20231105,1283,23,12,1,25.06864,121.5107,11
500103004,20231105,1284,23,12,1,25.06864,121.5107,11
500103004,20231105,1285,23,13,1,25.06864,121.5107,10
500103004,20231105,1286,23,13,1,25.06864,121.5107,10
500103004,20231105,1287,23,14,1,25.06864,121.5107,9
500103004,20231105,1288,23,14,1,25.06864,121.5107,9
500103004,20231105,1289,23,14,1,25.06864,121.5107,9
500103004,20231105,1290,23,14,1,25.06864,121.5107,9
500103004,20231105,1291,23,14,1,25.06864,121.5107,9
500103004,20231105,1292,23,14,1,25.06864,121.5107,9
500103004,20231105,1293,23,12,1,25.06864,121.5107,11
500103004,20231105,1294,23,11,1,25.06864,121.5107,12
500103004,20231105,1295,23,11,1,25.06864,121.5107,12
500103004,20231105,1296,23,10,1,25.06864,121.5107,13
500103004,20231105,1297,23,10,1,25.06864,121.5107,13
500103004,20231105,1298,23,10,1,25.06864,121.5107,13
500103004,20231105,1299,23,10,1,25.06864,121.5107,13
500103004,20231105,1300,23,10,1,25.06864,121.5107,13
500103004,20231105,1301,23,10,1,25.06864,121.5107,13
500103004,20231105,1302,23,10,1,25.06864,121.5107,13
500103004,20231105,1303,23,10,1,25.06864,121.5107,13
500103004,20231105,1304,23,10,1,25.06864,121.5107,13
500103004,20231105,1305,23,10,1,25.06864,121.5107,13
500103004,20231105,1306,23,11,1,25.06864,121.5107,12
500103004,20231105,1307,23,11,1,25.06864,121.5107,12
500103004,20231105,1308,23,11,1,25.06864,121.5107,12
500103004,20231105,1309,23,11,1,25.06864,121.5107,12
500103004,20231105,1310,23,11,1,25.06864,121.5107,12
500103004,20231105,1311,23,11,1,25.06864,121.5107,12
500103004,20231105,1312,23,11,1,25.06864,121.5107,12
500103004,20231105,1313,23,11,1,25.06864,121.5107,12
500103004,20231105,1314,23,11,1,25.06864,121.5107,12
500103004,20231105,1315,23,11,1,25.06864,121.5107,12
500103004,20231105,1316,23,11,1,25.06864,121.5107,12
500103004,20231105,1317,23,11,1,25.06864,121.5107,12
500103004,20231105,1318,23,11,1,25.06864,121.5107,12
500103004,20231105,1319,23,11,1,25.06864,121.5107,12
500103004,20231105,1321,23,11,1,25.06864,121.5107,12
500103004,20231105,1322,23,11,1,25.06864,121.5107,12
500103004,20231105,1323,23,11,1,25.06864,121.5107,12
500103004,20231105,1324,23,11,1,25.06864,121.5107,12
500103004,20231105,1325,23,11,1,25.06864,121.5107,12
500103004,20231105,1327,23,11,1,25.06864,121.5107,12
500103004,20231105,1328,23,11,1,25.06864,121.5107,12
500103004,20231105,1329,23,11,1,25.06864,121.5107,12
500103004,20231105,1330,23,11,1,25.06864,121.5107,12
500103004,20231105,1331,23,10,1,25.06864,121.5107,13
500103004,20231105,1332,23,10,1,25.06864,121.5107,13
500103004,20231105,1333,23,10,1,25.06864,121.5107,13
500103004,20231105,1334,23,10,1,25.06864,121.5107,13
500103004,20231105,1335,23,9,1,25.06864,121.5107,14
500103004,20231105,1336,23,9,1,25.06864,121.5107,14
500103004,20231105,1337,23,9,1,25.06864,121.5107,14
500103004,20231105,1338,23,9,1,25.06864,121.5107,14
500103004,20231105,1339,23,9,1,25.06864,121.5107,14
500103004,20231105,1341,23,9,1,25.06864,121.5107,14
500103004,20231105,1342,23,9,1,25.06864,121.5107,14
500103004,20231105,1343,23,9,1,25.06864,121.5107,14
500103004,20231105,1344,23,10,1,25.06864,121.5107,13
500103004,20231105,1345,23,9,1,25.06864,121.5107,14
500103004,20231105,1346,23,9,1,25.06864,121.5107,14
500103004,20231105,1347,23,9,1,25.06864,121.5107,14
500103004,20231105,1348,23,9,1,25.06864,121.5107,14
500103004,20231105,1349,23,8,1,25.06864,121.5107,15
500103004,20231105,1350,23,8,1,25.06864,121.5107,15
500103004,20231105,1351,23,8,1,25.06864,121.5107,15
500103004,20231105,1352,23,8,1,25.06864,121.5107,15
500103004,20231105,1353,23,8,1,25.06864,121.5107,15
500103004,20231105,1354,23,7,1,25.06864,121.5107,16
500103004,20231105,1355,23,7,1,25.06864,121.5107,16
500103004,20231105,1356,23,7,1,25.06864,121.5107,16
500103004,20231105,1357,23,7,1,25.06864,121.5107,16
500103004,20231105,1358,23,7,1,25.06864,121.5107,16
500103004,20231105,1359,23,7,1,25.06864,121.5107,16
500103004,20231105,1360,23,6,1,25.06864,121.5107,17
500103004,20231105,1361,23,6,1,25.06864,121.5107,17
500103004,20231105,1362,23,6,1,25.06864,121.5107,17
500103004,20231105,1363,23,4,1,25.06864,121.5107,19
500103004,20231105,1364,23,4,1,25.06864,121.5107,19
500103004,20231105,1365,23,4,1,25.06864,121.5107,19
500103004,20231105,1366,23,4,1,25.06864,121.5107,19
500103004,20231105,1367,23,4,1,25.06864,121.5107,19
500103004,20231105,1368,23,4,1,25.06864,121.5107,19
500103004,20231105,1369,23,4,1,25.06864,121.5107,19
500103004,20231105,1370,23,4,1,25.06864,121.5107,19
500103004,20231105,1371,23,4,1,25.06864,121.5107,19
500103004,20231105,1372,23,4,1,25.06864,121.5107,19
500103004,20231105,1373,23,3,1,25.06864,121.5107,20
500103004,20231105,1374,23,3,1,25.06864,121.5107,20
500103004,20231105,1375,23,3,1,25.06864,121.5107,20
500103004,20231105,1376,23,3,1,25.06864,121.5107,20
500103004,20231105,1377,23,3,1,25.06864,121.5107,20
500103004,20231105,1378,23,3,1,25.06864,121.5107,20
500103004,20231105,1379,23,3,1,25.06864,121.5107,20
500103004,20231105,1381,23,3,1,25.06864,121.5107,20
500103004,20231105,1382,23,4,1,25.06864,121.5107,19
500103004,20231105,1383,23,4,1,25.06864,121.5107,19
500103004,20231105,1384,23,4,1,25.06864,121.5107,19
500103004,20231105,1385,23,4,1,25.06864,121.5107,19
500103004,20231105,1386,23,4,1,25.06864,121.5107,19
500103004,20231105,1387,23,4,1,25.06864,121.5107,19
500103004,20231105,1388,23,4,1,25.06864,121.5107,19
500103004,20231105,1389,23,4,1,25.06864,121.5107,19
500103004,20231105,1390,23,4,1,25.06864,121.5107,19
500103004,20231105,1391,23,4,1,25.06864,121.5107,19
500103004,20231105,1392,23,5,1,25.06864,121.5107,18
500103004,20231105,1393,23,5,1,25.06864,121.5107,18
500103004,20231105,1394,23,5,1,25.06864,121.5107,18
500103004,20231105,1395,23,5,1,25.06864,121.5107,18
500103004,20231105,1396,23,5,1,25.06864,121.5107,18
500103004,20231105,1397,23,5,1,25.06864,121.5107,18
500103004,20231105,1398,23,5,1,25.06864,121.5107,18
500103004,20231105,1399,23,5,1,25.06864,121.5107,18
500103004,20231105,1401,23,5,1,25.06864,121.5107,18
500103004,20231105,1402,23,5,1,25.06864,121.5107,18
500103004,20231105,1403,23,5,1,25.06864,121.5107,18
500103004,20231105,1404,23,5,1,25.06864,121.5107,18
500103004,20231105,1405,23,5,1,25.06864,121.5107,18
500103004,20231105,1406,23,5,1,25.06864,121.5107,18
500103004,20231105,1407,23,4,1,25.06864,121.5107,19
500103004,20231105,1408,23,4,1,25.06864,121.5107,19
500103004,20231105,1409,23,4,1,25.06864,121.5107,19
500103004,20231105,1410,23,4,1,25.06864,121.5107,19
500103004,20231105,1411,23,4,1,25.06864,121.5107,19
500103004,20231105,1412,23,4,1,25.06864,121.5107,19
500103004,20231105,1413,23,4,1,25.06864,121.5107,19
500103004,20231105,1414,23,4,1,25.06864,121.5107,19
500103004,20231105,1415,23,4,1,25.06864,121.5107,19
500103004,20231105,1416,23,5,1,25.06864,121.5107,18
500103004,20231105,1417,23,5,1,25.06864,121.5107,18
500103004,20231105,1418,23,5,1,25.06864,121.5107,18
500103004,20231105,1419,23,5,1,25.06864,121.5107,18
500103004,20231105,1420,23,5,1,25.06864,121.5107,18
500103004,20231105,1421,23,5,1,25.06864,121.5107,18
500103004,20231105,1422,23,5,1,25.06864,121.5107,18
500103004,20231105,1423,23,5,1,25.06864,121.5107,18
500103004,20231105,1424,23,6,1,25.06864,121.5107,17
500103004,20231105,1425,23,6,1,25.06864,121.5107,17
500103004,20231105,1426,23,6,1,25.06864,121.5107,17
500103004,20231105,1427,23,6,1,25.06864,121.5107,17
500103004,20231105,1428,23,6,1,25.06864,121.5107,17
500103004,20231105,1429,23,6,1,25.06864,121.5107,17
500103004,20231105,1430,23,6,1,25.06864,121.5107,17
500103004,20231105,1431,23,6,1,25.06864,121.5107,17
500103004,20231105,1432,23,6,1,25.06864,121.5107,17
500103004,20231105,1433,23,6,1,25.06864,121.5107,17
500103004,20231105,1434,23,6,1,25.06864,121.5107,17
500103004,20231105,1435,23,6,1,25.06864,121.5107,17
500103004,20231105,1436,23,6,1,25.06864,121.5107,17
500103004,20231105,1437,23,6,1,25.06864,121.5107,17
500103004,20231105,1438,23,6,1,25.06864,121.5107,17
500103004,20231105,1439,23,6,1,25.06864,121.5107,17
500103004,20231106,1,23,6,1,25.06864,121.5107,17
500103004,20231106,2,23,6,1,25.06864,121.5107,17
500103004,20231106,3,23,6,1,25.06864,121.5107,17
500103004,20231106,4,23,5,1,25.06864,121.5107,18
500103004,20231106,5,23,5,1,25.06864,121.5107,18
500103004,20231106,6,23,5,1,25.06864,121.5107,18
500103004,20231106,7,23,5,1,25.06864,121.5107,18
500103004,20231106,8,23,5,1,25.06864,121.5107,18
500103004,20231106,9,23,5,1,25.06864,121.5107,18
500103004,20231106,11,23,5,1,25.06864,121.5107,18
500103004,20231106,12,23,5,1,25.06864,121.5107,18
500103004,20231106,13,23,5,1,25.06864,121.5107,18
500103004,20231106,14,23,5,1,25.06864,121.5107,18
500103004,20231106,15,23,5,1,25.06864,121.5107,18
500103004,20231106,16,23,5,1,25.06864,121.5107,18
500103004,20231106,17,23,5,1,25.06864,121.5107,18
500103004,20231106,18,23,5,1,25.06864,121.5107,18
500103004,20231106,19,23,5,1,25.06864,121.5107,18
500103004,20231106,21,23,5,1,25.06864,121.5107,18
500103004,20231106,22,23,5,1,25.06864,121.5107,18
500103004,20231106,23,23,5,1,25.06864,121.5107,18
500103004,20231106,24,23,5,1,25.06864,121.5107,18
500103004,20231106,25,23,5,1,25.06864,121.5107,18
500103004,20231106,26,23,5,1,25.06864,121.5107,18
500103004,20231106,27,23,5,1,25.06864,121.5107,18
500103004,20231106,28,23,5,1,25.06864,121.5107,18
500103004,20231106,29,23,5,1,25.06864,121.5107,18
500103004,20231106,30,23,5,1,25.06864,121.5107,18
500103004,20231106,32,23,5,1,25.06864,121.5107,18
500103004,20231106,33,23,5,1,25.06864,121.5107,18
500103004,20231106,34,23,5,1,25.06864,121.5107,18
500103004,20231106,35,23,5,1,25.06864,121.5107,18
500103004,20231106,36,23,3,1,25.06864,121.5107,20
500103004,20231106,37,23,3,1,25.06864,121.5107,20
500103004,20231106,39,23,2,1,25.06864,121.5107,21
500103004,20231106,41,23,2,1,25.06864,121.5107,21
500103004,20231106,42,23,2,1,25.06864,121.5107,21
500103004,20231106,43,23,2,1,25.06864,121.5107,21
500103004,20231106,44,23,3,1,25.06864,121.5107,20
500103004,20231106,45,23,3,1,25.06864,121.5107,20
500103004,20231106,46,23,3,1,25.06864,121.5107,20
500103004,20231106,47,23,3,1,25.06864,121.5107,20
500103004,20231106,48,23,3,1,25.06864,121.5107,20
500103004,20231106,49,23,3,1,25.06864,121.5107,20
500103004,20231106,51,23,3,1,25.06864,121.5107,20
500103004,20231106,52,23,3,1,25.06864,121.5107,20
500103004,20231106,53,23,3,1,25.06864,121.5107,20
500103004,20231106,54,23,3,1,25.06864,121.5107,20
500103004,20231106,55,23,3,1,25.06864,121.5107,20
500103004,20231106,56,23,2,1,25.06864,121.5107,21
500103004,20231106,57,23,2,1,25.06864,121.5107,21
500103004,20231106,58,23,2,1,25.06864,121.5107,21
500103004,20231106,59,23,3,1,25.06864,121.5107,20
500103004,20231106,61,23,3,1,25.06864,121.5107,20
500103004,20231106,63,23,4,1,25.06864,121.5107,19
500103004,20231106,64,23,4,1,25.06864,121.5107,19
500103004,20231106,65,23,4,1,25.06864,121.5107,19
500103004,20231106,66,23,4,1,25.06864,121.5107,19
500103004,20231106,67,23,4,1,25.06864,121.5107,19
500103004,20231106,68,23,4,1,25.06864,121.5107,19
500103004,20231106,69,23,4,1,25.06864,121.5107,19
500103004,20231106,71,23,4,1,25.06864,121.5107,19
500103004,20231106,72,23,4,1,25.06864,121.5107,19
500103004,20231106,73,23,4,1,25.06864,121.5107,19
500103004,20231106,74,23,4,1,25.06864,121.5107,19
500103004,20231106,75,23,4,1,25.06864,121.5107,19
500103004,20231106,76,23,4,1,25.06864,121.5107,19
500103004,20231106,77,23,4,1,25.06864,121.5107,19
500103004,20231106,78,23,4,1,25.06864,121.5107,19
500103004,20231106,79,23,4,1,25.06864,121.5107,19
500103004,20231106,81,23,4,1,25.06864,121.5107,19
500103004,20231106,82,23,4,1,25.06864,121.5107,19
500103004,20231106,83,23,4,1,25.06864,121.5107,19
500103004,20231106,84,23,4,1,25.06864,121.5107,19
500103004,20231106,85,23,4,1,25.06864,121.5107,19
500103004,20231106,86,23,4,1,25.06864,121.5107,19
500103004,20231106,87,23,4,1,25.06864,121.5107,19
500103004,20231106,88,23,4,1,25.06864,121.5107,19
500103004,20231106,89,23,4,1,25.06864,121.5107,19
500103004,20231106,90,23,4,1,25.06864,121.5107,19
500103004,20231106,91,23,4,1,25.06864,121.5107,19
500103004,20231106,92,23,4,1,25.06864,121.5107,19
500103004,20231106,93,23,4,1,25.06864,121.5107,19
500103004,20231106,94,23,4,1,25.06864,121.5107,19
500103004,20231106,95,23,4,1,25.06864,121.5107,19
500103004,20231106,96,23,4,1,25.06864,121.5107,19
500103004,20231106,97,23,4,1,25.06864,121.5107,19
500103004,20231106,98,23,4,1,25.06864,121.5107,19
500103004,20231106,99,23,4,1,25.06864,121.5107,19
500103004,20231106,100,23,4,1,25.06864,121.5107,19
500103004,20231106,101,23,4,1,25.06864,121.5107,19
500103004,20231106,102,23,4,1,25.06864,121.5107,19
500103004,20231106,103,23,4,1,25.06864,121.5107,19
500103004,20231106,104,23,4,1,25.06864,121.5107,19
500103004,20231106,105,23,4,1,25.06864,121.5107,19
500103004,20231106,106,23,4,1,25.06864,121.5107,19
500103004,20231106,107,23,4,1,25.06864,121.5107,19
500103004,20231106,108,23,4,1,25.06864,121.5107,19
500103004,20231106,109,23,4,1,25.06864,121.5107,19
500103004,20231106,110,23,4,1,25.06864,121.5107,19
500103004,20231106,111,23,4,1,25.06864,121.5107,19
500103004,20231106,112,23,4,1,25.06864,121.5107,19
500103004,20231106,113,23,4,1,25.06864,121.5107,19
500103004,20231106,114,23,4,1,25.06864,121.5107,19
500103004,20231106,115,23,4,1,25.06864,121.5107,19
500103004,20231106,116,23,4,1,25.06864,121.5107,19
500103004,20231106,117,23,4,1,25.06864,121.5107,19
500103004,20231106,118,23,4,1,25.06864,121.5107,19
500103004,20231106,119,23,3,1,25.06864,121.5107,20
500103004,20231106,121,23,3,1,25.06864,121.5107,20
500103004,20231106,122,23,3,1,25.06864,121.5107,20
500103004,20231106,123,23,3,1,25.06864,121.5107,20
500103004,20231106,124,23,3,1,25.06864,121.5107,20
500103004,20231106,125,23,3,1,25.06864,121.5107,20
500103004,20231106,126,23,3,1,25.06864,121.5107,20
500103004,20231106,127,23,3,1,25.06864,121.5107,20
500103004,20231106,128,23,3,1,25.06864,121.5107,20
500103004,20231106,129,23,3,1,25.06864,121.5107,20
500103004,20231106,130,23,3,1,25.06864,121.5107,20
500103004,20231106,131,23,3,1,25.06864,121.5107,20
500103004,20231106,132,23,3,1,25.06864,121.5107,20
500103004,20231106,133,23,3,1,25.06864,121.5107,20
500103004,20231106,134,23,3,1,25.06864,121.5107,20
500103004,20231106,135,23,2,1,25.06864,121.5107,21
500103004,20231106,136,23,2,1,25.06864,121.5107,21
500103004,20231106,137,23,2,1,25.06864,121.5107,21
500103004,20231106,138,23,2,1,25.06864,121.5107,21
500103004,20231106,139,23,2,1,25.06864,121.5107,21
500103004,20231106,141,23,2,1,25.06864,121.5107,21
500103004,20231106,142,23,2,1,25.06864,121.5107,21
500103004,20231106,143,23,2,1,25.06864,121.5107,21
500103004,20231106,144,23,2,1,25.06864,121.5107,21
500103004,20231106,145,23,2,1,25.06864,121.5107,21
500103004,20231106,146,23,2,1,25.06864,121.5107,21
500103004,20231106,147,23,2,1,25.06864,121.5107,21
500103004,20231106,148,23,2,1,25.06864,121.5107,21
500103004,20231106,149,23,2,1,25.06864,121.5107,21
500103004,20231106,150,23,2,1,25.06864,121.5107,21
500103004,20231106,151,23,2,1,25.06864,121.5107,21
500103004,20231106,152,23,2,1,25.06864,121.5107,21
500103004,20231106,153,23,2,1,25.06864,121.5107,21
500103004,20231106,154,23,2,1,25.06864,121.5107,21
500103004,20231106,155,23,2,1,25.06864,121.5107,21
500103004,20231106,156,23,2,1,25.06864,121.5107,21
500103004,20231106,157,23,2,1,25.06864,121.5107,21
500103004,20231106,158,23,2,1,25.06864,121.5107,21
500103004,20231106,159,23,2,1,25.06864,121.5107,21
500103004,20231106,160,23,2,1,25.06864,121.5107,21
500103004,20231106,161,23,2,1,25.06864,121.5107,21
500103004,20231106,162,23,2,1,25.06864,121.5107,21
500103004,20231106,163,23,2,1,25.06864,121.5107,21
500103004,20231106,164,23,2,1,25.06864,121.5107,21
500103004,20231106,165,23,2,1,25.06864,121.5107,21
500103004,20231106,166,23,2,1,25.06864,121.5107,21
500103004,20231106,167,23,2,1,25.06864,121.5107,21
500103004,20231106,168,23,2,1,25.06864,121.5107,21
500103004,20231106,169,23,2,1,25.06864,121.5107,21
500103004,20231106,170,23,2,1,25.06864,121.5107,21
500103004,20231106,171,23,2,1,25.06864,121.5107,21
500103004,20231106,172,23,2,1,25.06864,121.5107,21
500103004,20231106,173,23,2,1,25.06864,121.5107,21
500103004,20231106,174,23,2,1,25.06864,121.5107,21
500103004,20231106,175,23,2,1,25.06864,121.5107,21
500103004,20231106,176,23,2,1,25.06864,121.5107,21
500103004,20231106,177,23,2,1,25.06864,121.5107,21
500103004,20231106,178,23,1,1,25.06864,121.5107,22
500103004,20231106,179,23,1,1,25.06864,121.5107,22
500103004,20231106,180,23,1,1,25.06864,121.5107,22
500103004,20231106,181,23,1,1,25.06864,121.5107,22
500103004,20231106,182,23,1,1,25.06864,121.5107,22
500103004,20231106,183,23,1,1,25.06864,121.5107,22
500103004,20231106,184,23,1,1,25.06864,121.5107,22
500103004,20231106,185,23,1,1,25.06864,121.5107,22
500103004,20231106,186,23,1,1,25.06864,121.5107,22
500103004,20231106,187,23,1,1,25.06864,121.5107,22
500103004,20231106,188,23,1,1,25.06864,121.5107,22
500103004,20231106,189,23,1,1,25.06864,121.5107,22
500103004,20231106,190,23,1,1,25.06864,121.5107,22
500103004,20231106,191,23,1,1,25.06864,121.5107,22
500103004,20231106,192,23,1,1,25.06864,121.5107,22
500103004,20231106,193,23,1,1,25.06864,121.5107,22
500103004,20231106,194,23,1,1,25.06864,121.5107,22
500103004,20231106,195,23,1,1,25.06864,121.5107,22
500103004,20231106,196,23,1,1,25.06864,121.5107,22
500103004,20231106,197,23,1,1,25.06864,121.5107,22
500103004,20231106,198,23,1,1,25.06864,121.5107,22
500103004,20231106,199,23,1,1,25.06864,121.5107,22
500103004,20231106,201,23,1,1,25.06864,121.5107,22
500103004,20231106,202,23,1,1,25.06864,121.5107,22
500103004,20231106,203,23,1,1,25.06864,121.5107,22
500103004,20231106,204,23,1,1,25.06864,121.5107,22
500103004,20231106,205,23,1,1,25.06864,121.5107,22
500103004,20231106,206,23,1,1,25.06864,121.5107,22
500103004,20231106,207,23,1,1,25.06864,121.5107,22
500103004,20231106,208,23,1,1,25.06864,121.5107,22
500103004,20231106,209,23,0,1,25.06864,121.5107,23
500103004,20231106,211,23,0,1,25.06864,121.5107,23
500103004,20231106,212,23,0,1,25.06864,121.5107,23
500103004,20231106,213,23,0,1,25.06864,121.5107,23
500103004,20231106,214,23,0,1,25.06864,121.5107,23
500103004,20231106,215,23,0,1,25.06864,121.5107,23
500103004,20231106,216,23,0,1,25.06864,121.5107,23
500103004,20231106,217,23,0,1,25.06864,121.5107,23
500103004,20231106,218,23,0,1,25.06864,121.5107,23
500103004,20231106,219,23,0,1,25.06864,121.5107,23
500103004,20231106,221,23,0,1,25.06864,121.5107,23
500103004,20231106,222,23,0,1,25.06864,121.5107,23
500103004,20231106,223,23,0,1,25.06864,121.5107,23
500103004,20231106,224,23,0,1,25.06864,121.5107,23
500103004,20231106,225,23,0,1,25.06864,121.5107,23
500103004,20231106,226,23,0,1,25.06864,121.5107,23
500103004,20231106,227,23,0,1,25.06864,121.5107,23
500103004,20231106,228,23,0,1,25.06864,121.5107,23
500103004,20231106,229,23,0,1,25.06864,121.5107,23
500103004,20231106,231,23,0,1,25.06864,121.5107,23
500103004,20231106,232,23,0,1,25.06864,121.5107,23
500103004,20231106,233,23,0,1,25.06864,121.5107,23
500103004,20231106,234,23,0,1,25.06864,121.5107,23
500103004,20231106,235,23,0,1,25.06864,121.5107,23
500103004,20231106,236,23,0,1,25.06864,121.5107,23
500103004,20231106,237,23,0,1,25.06864,121.5107,23
500103004,20231106,238,23,0,1,25.06864,121.5107,23
500103004,20231106,239,23,0,1,25.06864,121.5107,23
500103004,20231106,241,23,0,1,25.06864,121.5107,23
500103004,20231106,242,23,0,1,25.06864,121.5107,23
500103004,20231106,243,23,0,1,25.06864,121.5107,23
500103004,20231106,244,23,0,1,25.06864,121.5107,23
500103004,20231106,245,23,0,1,25.06864,121.5107,23
500103004,20231106,246,23,0,1,25.06864,121.5107,23
500103004,20231106,247,23,0,1,25.06864,121.5107,23
500103004,20231106,248,23,0,1,25.06864,121.5107,23
500103004,20231106,249,23,0,1,25.06864,121.5107,23
500103004,20231106,251,23,0,1,25.06864,121.5107,23
500103004,20231106,252,23,0,1,25.06864,121.5107,23
500103004,20231106,253,23,0,1,25.06864,121.5107,23
500103004,20231106,254,23,0,1,25.06864,121.5107,23
500103004,20231106,255,23,0,1,25.06864,121.5107,23
500103004,20231106,256,23,0,1,25.06864,121.5107,23
500103004,20231106,257,23,0,1,25.06864,121.5107,23
500103004,20231106,258,23,0,1,25.06864,121.5107,23
500103004,20231106,259,23,0,1,25.06864,121.5107,23
500103004,20231106,261,23,0,1,25.06864,121.5107,23
500103004,20231106,262,23,0,1,25.06864,121.5107,23
500103004,20231106,263,23,1,1,25.06864,121.5107,22
500103004,20231106,264,23,1,1,25.06864,121.5107,22
500103004,20231106,265,23,1,1,25.06864,121.5107,22
500103004,20231106,266,23,1,1,25.06864,121.5107,22
500103004,20231106,267,23,1,1,25.06864,121.5107,22
500103004,20231106,268,23,1,1,25.06864,121.5107,22
500103004,20231106,269,23,1,1,25.06864,121.5107,22
500103004,20231106,271,23,1,1,25.06864,121.5107,22
500103004,20231106,272,23,1,1,25.06864,121.5107,22
500103004,20231106,273,23,1,1,25.06864,121.5107,22
500103004,20231106,274,23,1,1,25.06864,121.5107,22
500103004,20231106,275,23,1,1,25.06864,121.5107,22
500103004,20231106,276,23,1,1,25.06864,121.5107,22
500103004,20231106,277,23,1,1,25.06864,121.5107,22
500103004,20231106,278,23,1,1,25.06864,121.5107,22
500103004,20231106,279,23,0,1,25.06864,121.5107,23
500103004,20231106,281,23,0,1,25.06864,121.5107,23
500103004,20231106,282,23,0,1,25.06864,121.5107,23
500103004,20231106,283,23,0,1,25.06864,121.5107,23
500103004,20231106,284,23,0,1,25.06864,121.5107,23
500103004,20231106,285,23,0,1,25.06864,121.5107,23
500103004,20231106,286,23,0,1,25.06864,121.5107,23
500103004,20231106,287,23,0,1,25.06864,121.5107,23
500103004,20231106,288,23,0,1,25.06864,121.5107,23
500103004,20231106,289,23,0,1,25.06864,121.5107,23
500103004,20231106,290,23,0,1,25.06864,121.5107,23
500103004,20231106,291,23,0,1,25.06864,121.5107,23
500103004,20231106,292,23,0,1,25.06864,121.5107,23
500103004,20231106,293,23,0,1,25.06864,121.5107,23
500103004,20231106,294,23,0,1,25.06864,121.5107,23
500103004,20231106,295,23,0,1,25.06864,121.5107,23
500103004,20231106,296,23,0,1,25.06864,121.5107,23
500103004,20231106,297,23,0,1,25.06864,121.5107,23
500103004,20231106,298,23,0,1,25.06864,121.5107,23
500103004,20231106,299,23,0,1,25.06864,121.5107,23
500103004,20231106,300,23,0,1,25.06864,121.5107,23
500103004,20231106,301,23,0,1,25.06864,121.5107,23
500103004,20231106,302,23,0,1,25.06864,121.5107,23
500103004,20231106,303,23,0,1,25.06864,121.5107,23
500103004,20231106,304,23,0,1,25.06864,121.5107,23
500103004,20231106,305,23,0,1,25.06864,121.5107,23
500103004,20231106,306,23,0,1,25.06864,121.5107,23
500103004,20231106,307,23,0,1,25.06864,121.5107,23
500103004,20231106,308,23,0,1,25.06864,121.5107,23
500103004,20231106,309,23,0,1,25.06864,121.5107,23
500103004,20231106,310,23,0,1,25.06864,121.5107,23
500103004,20231106,311,23,0,1,25.06864,121.5107,23
500103004,20231106,312,23,0,1,25.06864,121.5107,23
500103004,20231106,313,23,0,1,25.06864,121.5107,23
500103004,20231106,314,23,0,1,25.06864,121.5107,23
500103004,20231106,315,23,0,1,25.06864,121.5107,23
500103004,20231106,316,23,0,1,25.06864,121.5107,23
500103004,20231106,317,23,0,1,25.06864,121.5107,23
500103004,20231106,318,23,0,1,25.06864,121.5107,23
500103004,20231106,319,23,0,1,25.06864,121.5107,23
500103004,20231106,321,23,0,1,25.06864,121.5107,23
500103004,20231106,322,23,0,1,25.06864,121.5107,23
500103004,20231106,323,23,0,1,25.06864,121.5107,23
500103004,20231106,324,23,0,1,25.06864,121.5107,23
500103004,20231106,325,23,0,1,25.06864,121.5107,23
500103004,20231106,326,23,0,1,25.06864,121.5107,23
500103004,20231106,327,23,0,1,25.06864,121.5107,23
500103004,20231106,328,23,0,1,25.06864,121.5107,23
500103004,20231106,329,23,0,1,25.06864,121.5107,23
500103004,20231106,330,23,0,1,25.06864,121.5107,23
500103004,20231106,331,23,0,1,25.06864,121.5107,23
500103004,20231106,332,23,0,1,25.06864,121.5107,23
500103004,20231106,333,23,0,1,25.06864,121.5107,23
500103004,20231106,334,23,0,1,25.06864,121.5107,23
500103004,20231106,335,23,0,1,25.06864,121.5107,23
500103004,20231106,336,23,0,1,25.06864,121.5107,23
500103004,20231106,337,23,0,1,25.06864,121.5107,23
500103004,20231106,338,23,0,1,25.06864,121.5107,23
500103004,20231106,339,23,0,1,25.06864,121.5107,23
500103004,20231106,340,23,0,1,25.06864,121.5107,23
500103004,20231106,341,23,0,1,25.06864,121.5107,23
500103004,20231106,342,23,0,1,25.06864,121.5107,23
500103004,20231106,343,23,0,1,25.06864,121.5107,23
500103004,20231106,344,23,0,1,25.06864,121.5107,23
500103004,20231106,345,23,0,1,25.06864,121.5107,23
500103004,20231106,346,23,0,1,25.06864,121.5107,23
500103004,20231106,347,23,0,1,25.06864,121.5107,23
500103004,20231106,348,23,0,1,25.06864,121.5107,23
500103004,20231106,349,23,0,1,25.06864,121.5107,23
500103004,20231106,350,23,0,1,25.06864,121.5107,23
500103004,20231106,351,23,0,1,25.06864,121.5107,23
500103004,20231106,352,23,0,1,25.06864,121.5107,23
500103004,20231106,353,23,0,1,25.06864,121.5107,23
500103004,20231106,354,23,0,1,25.06864,121.5107,23
500103004,20231106,355,23,0,1,25.06864,121.5107,23
500103004,20231106,356,23,0,1,25.06864,121.5107,23
500103004,20231106,357,23,1,1,25.06864,121.5107,22
500103004,20231106,358,23,1,1,25.06864,121.5107,22
500103004,20231106,359,23,1,1,25.06864,121.5107,22
500103004,20231106,360,23,1,1,25.06864,121.5107,22
500103004,20231106,361,23,1,1,25.06864,121.5107,22
500103004,20231106,362,23,1,1,25.06864,121.5107,22
500103004,20231106,363,23,1,1,25.06864,121.5107,22
500103004,20231106,364,23,1,1,25.06864,121.5107,22
500103004,20231106,365,23,1,1,25.06864,121.5107,22
500103004,20231106,366,23,1,1,25.06864,121.5107,22
500103004,20231106,367,23,1,1,25.06864,121.5107,22
500103004,20231106,368,23,1,1,25.06864,121.5107,22
500103004,20231106,369,23,1,1,25.06864,121.5107,22
500103004,20231106,370,23,1,1,25.06864,121.5107,22
500103004,20231106,371,23,1,1,25.06864,121.5107,22
500103004,20231106,372,23,1,1,25.06864,121.5107,22
500103004,20231106,374,23,1,1,25.06864,121.5107,22
500103004,20231106,375,23,1,1,25.06864,121.5107,22
500103004,20231106,376,23,1,1,25.06864,121.5107,22
500103004,20231106,377,23,1,1,25.06864,121.5107,22
500103004,20231106,378,23,1,1,25.06864,121.5107,22
500103004,20231106,379,23,1,1,25.06864,121.5107,22
500103004,20231106,381,23,1,1,25.06864,121.5107,22
500103004,20231106,382,23,1,1,25.06864,121.5107,22
500103004,20231106,383,23,1,1,25.06864,121.5107,22
500103004,20231106,384,23,2,1,25.06864,121.5107,21
500103004,20231106,385,23,2,1,25.06864,121.5107,21
500103004,20231106,386,23,2,1,25.06864,121.5107,21
500103004,20231106,387,23,2,1,25.06864,121.5107,21
500103004,20231106,388,23,2,1,25.06864,121.5107,21
500103004,20231106,389,23,2,1,25.06864,121.5107,21
500103004,20231106,391,23,3,1,25.06864,121.5107,20
500103004,20231106,392,23,3,1,25.06864,121.5107,20
500103004,20231106,393,23,3,1,25.06864,121.5107,20
500103004,20231106,394,23,3,1,25.06864,121.5107,20
500103004,20231106,395,23,3,1,25.06864,121.5107,20
500103004,20231106,396,23,3,1,25.06864,121.5107,20
500103004,20231106,397,23,3,1,25.06864,121.5107,20
500103004,20231106,398,23,3,1,25.06864,121.5107,20
500103004,20231106,399,23,3,1,25.06864,121.5107,20
500103004,20231106,401,23,3,1,25.06864,121.5107,20
500103004,20231106,402,23,3,1,25.06864,121.5107,20
500103004,20231106,403,23,3,1,25.06864,121.5107,20
500103004,20231106,404,23,3,1,25.06864,121.5107,20
500103004,20231106,405,23,3,1,25.06864,121.5107,20
500103004,20231106,406,23,3,1,25.06864,121.5107,20
500103004,20231106,407,23,3,1,25.06864,121.5107,20
500103004,20231106,408,23,3,1,25.06864,121.5107,20
500103004,20231106,409,23,3,1,25.06864,121.5107,20
500103004,20231106,411,23,4,1,25.06864,121.5107,19
500103004,20231106,412,23,4,1,25.06864,121.5107,19
500103004,20231106,413,23,4,1,25.06864,121.5107,19
500103004,20231106,414,23,5,1,25.06864,121.5107,18
500103004,20231106,415,23,5,1,25.06864,121.5107,18
500103004,20231106,416,23,5,1,25.06864,121.5107,17
500103004,20231106,417,23,5,1,25.06864,121.5107,17
500103004,20231106,418,23,6,1,25.06864,121.5107,16
500103004,20231106,419,23,6,1,25.06864,121.5107,16
500103004,20231106,421,23,9,1,25.06864,121.5107,13
500103004,20231106,422,23,11,1,25.06864,121.5107,11
500103004,20231106,423,23,10,1,25.06864,121.5107,12
500103004,20231106,424,23,11,1,25.06864,121.5107,11
500103004,20231106,425,23,12,1,25.06864,121.5107,10
500103004,20231106,426,23,12,1,25.06864,121.5107,10
500103004,20231106,427,23,13,1,25.06864,121.5107,9
500103004,20231106,428,23,13,1,25.06864,121.5107,8
500103004,20231106,429,23,13,1,25.06864,121.5107,8
500103004,20231106,431,23,13,1,25.06864,121.5107,8
500103004,20231106,432,23,14,1,25.06864,121.5107,7
500103004,20231106,433,23,14,1,25.06864,121.5107,7
500103004,20231106,434,23,14,1,25.06864,121.5107,7
500103004,20231106,435,23,14,1,25.06864,121.5107,7
500103004,20231106,436,23,14,1,25.06864,121.5107,7
500103004,20231106,437,23,14,1,25.06864,121.5107,7
500103004,20231106,438,23,15,1,25.06864,121.5107,6
500103004,20231106,439,23,16,1,25.06864,121.5107,5
500103004,20231106,441,23,16,1,25.06864,121.5107,5
500103004,20231106,442,23,16,1,25.06864,121.5107,5
500103004,20231106,443,23,16,1,25.06864,121.5107,5
500103004,20231106,444,23,16,1,25.06864,121.5107,5
500103004,20231106,445,23,17,1,25.06864,121.5107,4
500103004,20231106,446,23,18,1,25.06864,121.5107,3
500103004,20231106,447,23,18,1,25.06864,121.5107,3
500103004,20231106,448,23,18,1,25.06864,121.5107,3
500103004,20231106,449,23,18,1,25.06864,121.5107,3
500103004,20231106,451,23,18,1,25.06864,121.5107,3
500103004,20231106,452,23,18,1,25.06864,121.5107,3
500103004,20231106,453,23,16,1,25.06864,121.5107,5
500103004,20231106,454,23,13,1,25.06864,121.5107,8
500103004,20231106,455,23,10,1,25.06864,121.5107,11
500103004,20231106,456,23,8,1,25.06864,121.5107,13
500103004,20231106,457,23,4,1,25.06864,121.5107,17
500103004,20231106,458,23,2,1,25.06864,121.5107,19
500103004,20231106,459,23,2,1,25.06864,121.5107,19
500103004,20231106,460,23,1,1,25.06864,121.5107,20
500103004,20231106,461,23,1,1,25.06864,121.5107,20
500103004,20231106,462,23,0,1,25.06864,121.5107,21
500103004,20231106,463,23,1,1,25.06864,121.5107,20
500103004,20231106,464,23,2,1,25.06864,121.5107,19
500103004,20231106,465,23,2,1,25.06864,121.5107,19
500103004,20231106,466,23,2,1,25.06864,121.5107,19
500103004,20231106,467,23,3,1,25.06864,121.5107,18
500103004,20231106,468,23,4,1,25.06864,121.5107,17
500103004,20231106,469,23,5,1,25.06864,121.5107,16
500103004,20231106,470,23,5,1,25.06864,121.5107,16
500103004,20231106,471,23,7,1,25.06864,121.5107,14
500103004,20231106,472,23,9,1,25.06864,121.5107,12
500103004,20231106,473,23,9,1,25.06864,121.5107,12
500103004,20231106,474,23,9,1,25.06864,121.5107,12
500103004,20231106,475,23,9,1,25.06864,121.5107,12
500103004,20231106,476,23,10,1,25.06864,121.5107,11
500103004,20231106,477,23,10,1,25.06864,121.5107,11
500103004,20231106,478,23,10,1,25.06864,121.5107,11
500103004,20231106,479,23,10,1,25.06864,121.5107,11
500103004,20231106,481,23,10,1,25.06864,121.5107,11
500103004,20231106,482,23,11,1,25.06864,121.5107,10
500103004,20231106,483,23,13,1,25.06864,121.5107,8
500103004,20231106,484,23,13,1,25.06864,121.5107,8
500103004,20231106,485,23,13,1,25.06864,121.5107,8
500103004,20231106,486,23,12,1,25.06864,121.5107,9
500103004,20231106,487,23,12,1,25.06864,121.5107,9
500103004,20231106,488,23,13,1,25.06864,121.5107,8
500103004,20231106,489,23,13,1,25.06864,121.5107,8
500103004,20231106,490,23,13,1,25.06864,121.5107,8
500103004,20231106,491,23,13,1,25.06864,121.5107,8
500103004,20231106,492,23,13,1,25.06864,121.5107,8
500103004,20231106,493,23,13,1,25.06864,121.5107,8
500103004,20231106,494,23,13,1,25.06864,121.5107,8
500103004,20231106,495,23,13,1,25.06864,121.5107,8
500103004,20231106,496,23,13,1,25.06864,121.5107,8
500103004,20231106,497,23,13,1,25.06864,121.5107,8
500103004,20231106,498,23,14,1,25.06864,121.5107,7
500103004,20231106,499,23,15,1,25.06864,121.5107,6
500103004,20231106,501,23,16,1,25.06864,121.5107,5
500103004,20231106,502,23,16,1,25.06864,121.5107,5
500103004,20231106,503,23,16,1,25.06864,121.5107,5
500103004,20231106,504,23,16,1,25.06864,121.5107,5
500103004,20231106,505,23,18,1,25.06864,121.5107,3
500103004,20231106,506,23,18,1,25.06864,121.5107,3
500103004,20231106,507,23,18,1,25.06864,121.5107,3
500103004,20231106,508,23,18,1,25.06864,121.5107,3
500103004,20231106,509,23,18,1,25.06864,121.5107,3
500103004,20231106,511,23,19,1,25.06864,121.5107,2
500103004,20231106,512,23,19,1,25.06864,121.5107,2
500103004,20231106,513,23,17,1,25.06864,121.5107,4
500103004,20231106,514,23,14,1,25.06864,121.5107,7
500103004,20231106,515,23,13,1,25.06864,121.5107,8
500103004,20231106,516,23,13,1,25.06864,121.5107,8
500103004,20231106,517,23,16,1,25.06864,121.5107,5
500103004,20231106,518,23,16,1,25.06864,121.5107,5
500103004,20231106,519,23,18,1,25.06864,121.5107,3
500103004,20231106,520,23,18,1,25.06864,121.5107,3
500103004,20231106,521,23,18,1,25.06864,121.5107,3
500103004,20231106,522,23,18,1,25.06864,121.5107,3
500103004,20231106,523,23,17,1,25.06864,121.5107,4
500103004,20231106,524,23,17,1,25.06864,121.5107,4
500103004,20231106,525,23,17,1,25.06864,121.5107,4
500103004,20231106,526,23,18,1,25.06864,121.5107,3
500103004,20231106,527,23,18,1,25.06864,121.5107,3
500103004,20231106,528,23,19,1,25.06864,121.5107,2
500103004,20231106,529,23,20,1,25.06864,121.5107,1
500103004,20231106,530,23,20,1,25.06864,121.5107,1
500103004,20231106,531,23,20,1,25.06864,121.5107,1
500103004,20231106,532,23,21,1,25.06864,121.5107,0
500103004,20231106,533,23,21,1,25.06864,121.5107,0
500103004,20231106,534,23,21,1,25.06864,121.5107,0
500103004,20231106,535,23,21,1,25.06864,121.5107,0
500103004,20231106,536,23,19,1,25.06864,121.5107,2
500103004,20231106,537,23,21,1,25.06864,121.5107,0
500103004,20231106,538,23,21,1,25.06864,121.5107,0
500103004,20231106,539,23,21,1,25.06864,121.5107,0
500103004,20231106,541,23,21,1,25.06864,121.5107,0
500103004,20231106,542,23,21,1,25.06864,121.5107,0
500103004,20231106,543,23,21,1,25.06864,121.5107,0
500103004,20231106,544,23,21,1,25.06864,121.5107,0
500103004,20231106,545,23,21,1,25.06864,121.5107,0
500103004,20231106,546,23,21,1,25.06864,121.5107,0
500103004,20231106,547,23,21,1,25.06864,121.5107,0
500103004,20231106,548,23,21,1,25.06864,121.5107,0
500103004,20231106,549,23,21,1,25.06864,121.5107,0
500103004,20231106,550,23,21,1,25.06864,121.5107,1
500103004,20231106,551,23,22,1,25.06864,121.5107,1
500103004,20231106,552,23,22,1,25.06864,121.5107,1
500103004,20231106,553,23,22,1,25.06864,121.5107,1
500103004,20231106,554,23,22,1,25.06864,121.5107,1
500103004,20231106,555,23,22,1,25.06864,121.5107,1
500103004,20231106,556,23,23,1,25.06864,121.5107,0
500103004,20231106,557,23,23,1,25.06864,121.5107,0
500103004,20231106,559,23,23,1,25.06864,121.5107,0
500103004,20231106,561,23,23,1,25.06864,121.5107,0
500103004,20231106,562,23,22,1,25.06864,121.5107,1
500103004,20231106,563,23,22,1,25.06864,121.5107,1
500103004,20231106,564,23,22,1,25.06864,121.5107,1
500103004,20231106,566,23,22,1,25.06864,121.5107,1
500103004,20231106,567,23,22,1,25.06864,121.5107,1
500103004,20231106,569,23,21,1,25.06864,121.5107,2
500103004,20231106,572,23,22,1,25.06864,121.5107,1
500103004,20231106,574,23,22,1,25.06864,121.5107,1
500103004,20231106,575,23,22,1,25.06864,121.5107,1
500103004,20231106,576,23,22,1,25.06864,121.5107,1
500103004,20231106,578,23,21,1,25.06864,121.5107,2
500103004,20231106,579,23,21,1,25.06864,121.5107,2
500103004,20231106,580,23,21,1,25.06864,121.5107,2
500103004,20231106,582,23,21,1,25.06864,121.5107,2
500103004,20231106,583,23,22,1,25.06864,121.5107,1
500103004,20231106,584,23,23,1,25.06864,121.5107,0
500103004,20231106,585,23,23,1,25.06864,121.5107,0
500103004,20231106,587,23,23,1,25.06864,121.5107,0
500103004,20231106,588,23,23,1,25.06864,121.5107,0
500103004,20231106,589,23,23,1,25.06864,121.5107,0
500103004,20231106,591,23,23,1,25.06864,121.5107,0
500103004,20231106,594,23,23,1,25.06864,121.5107,0
500103004,20231106,595,23,23,1,25.06864,121.5107,0
500103004,20231106,597,23,22,1,25.06864,121.5107,1
500103004,20231106,598,23,22,1,25.06864,121.5107,1
500103004,20231106,599,23,22,1,25.06864,121.5107,1
500103004,20231106,602,23,22,1,25.06864,121.5107,1
500103004,20231106,603,23,22,1,25.06864,121.5107,1
500103004,20231106,605,23,22,1,25.06864,121.5107,1
500103004,20231106,606,23,22,1,25.06864,121.5107,1
500103004,20231106,608,23,22,1,25.06864,121.5107,1
500103004,20231106,609,23,23,1,25.06864,121.5107,0
500103004,20231106,611,23,22,1,25.06864,121.5107,1
500103004,20231106,612,23,22,1,25.06864,121.5107,1
500103004,20231106,613,23,22,1,25.06864,121.5107,1
500103004,20231106,614,23,22,1,25.06864,121.5107,1
500103004,20231106,615,23,22,1,25.06864,121.5107,1
500103004,20231106,616,23,22,1,25.06864,121.5107,1
500103004,20231106,617,23,23,1,25.06864,121.5107,0
500103004,20231106,618,23,23,1,25.06864,121.5107,0
500103004,20231106,619,23,23,1,25.06864,121.5107,0
500103004,20231106,621,23,23,1,25.06864,121.5107,0
500103004,20231106,622,23,23,1,25.06864,121.5107,0
500103004,20231106,623,23,23,1,25.06864,121.5107,0
500103004,20231106,624,23,23,1,25.06864,121.5107,0
500103004,20231106,625,23,23,1,25.06864,121.5107,0
500103004,20231106,626,23,23,1,25.06864,121.5107,0
500103004,20231106,627,23,23,1,25.06864,121.5107,0
500103004,20231106,628,23,23,1,25.06864,121.5107,0
500103004,20231106,629,23,23,1,25.06864,121.5107,0
500103004,20231106,631,23,23,1,25.06864,121.5107,0
500103004,20231106,632,23,23,1,25.06864,121.5107,0
500103004,20231106,633,23,23,1,25.06864,121.5107,0
500103004,20231106,634,23,23,1,25.06864,121.5107,0
500103004,20231106,635,23,22,1,25.06864,121.5107,1
500103004,20231106,636,23,22,1,25.06864,121.5107,1
500103004,20231106,637,23,22,1,25.06864,121.5107,1
500103004,20231106,639,23,22,1,25.06864,121.5107,1
500103004,20231106,641,23,22,1,25.06864,121.5107,1
500103004,20231106,642,23,22,1,25.06864,121.5107,1
500103004,20231106,643,23,22,1,25.06864,121.5107,1
500103004,20231106,644,23,22,1,25.06864,121.5107,1
500103004,20231106,645,23,22,1,25.06864,121.5107,1
500103004,20231106,646,23,22,1,25.06864,121.5107,1
500103004,20231106,647,23,22,1,25.06864,121.5107,1
500103004,20231106,648,23,22,1,25.06864,121.5107,1
500103004,20231106,649,23,22,1,25.06864,121.5107,1
500103004,20231106,650,23,23,1,25.06864,121.5107,0
500103004,20231106,651,23,23,1,25.06864,121.5107,0
500103004,20231106,652,23,23,1,25.06864,121.5107,0
500103004,20231106,653,23,23,1,25.06864,121.5107,0
500103004,20231106,654,23,23,1,25.06864,121.5107,0
500103004,20231106,655,23,23,1,25.06864,121.5107,0
500103004,20231106,656,23,23,1,25.06864,121.5107,0
500103004,20231106,657,23,23,1,25.06864,121.5107,0
500103004,20231106,658,23,23,1,25.06864,121.5107,0
500103004,20231106,659,23,23,1,25.06864,121.5107,0
500103004,20231106,661,23,23,1,25.06864,121.5107,0
500103004,20231106,662,23,23,1,25.06864,121.5107,0
500103004,20231106,663,23,23,1,25.06864,121.5107,0
500103004,20231106,664,23,23,1,25.06864,121.5107,0
500103004,20231106,665,23,23,1,25.06864,121.5107,0
500103004,20231106,666,23,23,1,25.06864,121.5107,0
500103004,20231106,667,23,23,1,25.06864,121.5107,0
500103004,20231106,668,23,23,1,25.06864,121.5107,0
500103004,20231106,669,23,23,1,25.06864,121.5107,0
500103004,20231106,670,23,23,1,25.06864,121.5107,0
500103004,20231106,671,23,23,1,25.06864,121.5107,0
500103004,20231106,672,23,23,1,25.06864,121.5107,0
500103004,20231106,673,23,23,1,25.06864,121.5107,0
500103004,20231106,674,23,23,1,25.06864,121.5107,0
500103004,20231106,675,23,23,1,25.06864,121.5107,0
500103004,20231106,676,23,23,1,25.06864,121.5107,0
500103004,20231106,677,23,23,1,25.06864,121.5107,0
500103004,20231106,678,23,23,1,25.06864,121.5107,0
500103004,20231106,679,23,23,1,25.06864,121.5107,0
500103004,20231106,681,23,23,1,25.06864,121.5107,0
500103004,20231106,682,23,23,1,25.06864,121.5107,0
500103004,20231106,683,23,23,1,25.06864,121.5107,0
500103004,20231106,684,23,23,1,25.06864,121.5107,0
500103004,20231106,685,23,23,1,25.06864,121.5107,0
500103004,20231106,686,23,23,1,25.06864,121.5107,0
500103004,20231106,687,23,23,1,25.06864,121.5107,0
500103004,20231106,688,23,23,1,25.06864,121.5107,0
500103004,20231106,689,23,23,1,25.06864,121.5107,0
500103004,20231106,690,23,23,1,25.06864,121.5107,0
500103004,20231106,691,23,23,1,25.06864,121.5107,0
500103004,20231106,692,23,23,1,25.06864,121.5107,0
500103004,20231106,693,23,23,1,25.06864,121.5107,0
500103004,20231106,694,23,23,1,25.06864,121.5107,0
500103004,20231106,695,23,23,1,25.06864,121.5107,0
500103004,20231106,696,23,23,1,25.06864,121.5107,0
500103004,20231106,697,23,23,1,25.06864,121.5107,0
500103004,20231106,698,23,23,1,25.06864,121.5107,0
500103004,20231106,699,23,23,1,25.06864,121.5107,0
500103004,20231106,700,23,23,1,25.06864,121.5107,0
500103004,20231106,701,23,23,1,25.06864,121.5107,0
500103004,20231106,702,23,23,1,25.06864,121.5107,0
500103004,20231106,703,23,23,1,25.06864,121.5107,0
500103004,20231106,704,23,23,1,25.06864,121.5107,0
500103004,20231106,705,23,23,1,25.06864,121.5107,0
500103004,20231106,706,23,22,1,25.06864,121.5107,1
500103004,20231106,707,23,22,1,25.06864,121.5107,1
500103004,20231106,708,23,22,1,25.06864,121.5107,1
500103004,20231106,709,23,22,1,25.06864,121.5107,1
500103004,20231106,710,23,22,1,25.06864,121.5107,1
500103004,20231106,711,23,22,1,25.06864,121.5107,1
500103004,20231106,712,23,22,1,25.06864,121.5107,1
500103004,20231106,713,23,22,1,25.06864,121.5107,1
500103004,20231106,714,23,22,1,25.06864,121.5107,1
500103004,20231106,715,23,22,1,25.06864,121.5107,1
500103004,20231106,716,23,22,1,25.06864,121.5107,1
500103004,20231106,717,23,22,1,25.06864,121.5107,1
500103004,20231106,718,23,22,1,25.06864,121.5107,1
500103004,20231106,719,23,22,1,25.06864,121.5107,1
500103004,20231106,721,23,22,1,25.06864,121.5107,1
500103004,20231106,722,23,22,1,25.06864,121.5107,1
500103004,20231106,723,23,22,1,25.06864,121.5107,1
500103004,20231106,724,23,22,1,25.06864,121.5107,1
500103004,20231106,725,23,22,1,25.06864,121.5107,1
500103004,20231106,726,23,22,1,25.06864,121.5107,1
500103004,20231106,727,23,22,1,25.06864,121.5107,1
500103004,20231106,728,23,22,1,25.06864,121.5107,1
500103004,20231106,729,23,22,1,25.06864,121.5107,1
500103004,20231106,730,23,22,1,25.06864,121.5107,1
500103004,20231106,731,23,22,1,25.06864,121.5107,1
500103004,20231106,732,23,22,1,25.06864,121.5107,1
500103004,20231106,733,23,22,1,25.06864,121.5107,1
500103004,20231106,734,23,21,1,25.06864,121.5107,2
500103004,20231106,735,23,21,1,25.06864,121.5107,2
500103004,20231106,736,23,21,1,25.06864,121.5107,2
500103004,20231106,737,23,21,1,25.06864,121.5107,2
500103004,20231106,738,23,21,1,25.06864,121.5107,2
500103004,20231106,739,23,21,1,25.06864,121.5107,2
500103004,20231106,741,23,21,1,25.06864,121.5107,2
500103004,20231106,742,23,21,1,25.06864,121.5107,2
500103004,20231106,743,23,21,1,25.06864,121.5107,2
500103004,20231106,744,23,21,1,25.06864,121.5107,2
500103004,20231106,745,23,21,1,25.06864,121.5107,2
500103004,20231106,746,23,21,1,25.06864,121.5107,2
500103004,20231106,747,23,22,1,25.06864,121.5107,1
500103004,20231106,748,23,22,1,25.06864,121.5107,1
500103004,20231106,749,23,22,1,25.06864,121.5107,1
500103004,20231106,751,23,22,1,25.06864,121.5107,1
500103004,20231106,752,23,22,1,25.06864,121.5107,1
500103004,20231106,753,23,21,1,25.06864,121.5107,2
500103004,20231106,754,23,21,1,25.06864,121.5107,2
500103004,20231106,755,23,21,1,25.06864,121.5107,2
500103004,20231106,756,23,21,1,25.06864,121.5107,2
500103004,20231106,757,23,21,1,25.06864,121.5107,2
500103004,20231106,758,23,20,1,25.06864,121.5107,3
500103004,20231106,759,23,20,1,25.06864,121.5107,3
500103004,20231106,761,23,20,1,25.06864,121.5107,3
500103004,20231106,762,23,20,1,25.06864,121.5107,3
500103004,20231106,763,23,20,1,25.06864,121.5107,3
500103004,20231106,764,23,20,1,25.06864,121.5107,3
500103004,20231106,765,23,20,1,25.06864,121.5107,3
500103004,20231106,766,23,20,1,25.06864,121.5107,3
500103004,20231106,767,23,20,1,25.06864,121.5107,3
500103004,20231106,768,23,20,1,25.06864,121.5107,3
500103004,20231106,769,23,20,1,25.06864,121.5107,3
500103004,20231106,771,23,20,1,25.06864,121.5107,3
500103004,20231106,772,23,20,1,25.06864,121.5107,3
500103004,20231106,773,23,21,1,25.06864,121.5107,2
500103004,20231106,774,23,21,1,25.06864,121.5107,2
500103004,20231106,775,23,21,1,25.06864,121.5107,2
500103004,20231106,776,23,21,1,25.06864,121.5107,2
500103004,20231106,777,23,21,1,25.06864,121.5107,2
500103004,20231106,778,23,21,1,25.06864,121.5107,2
500103004,20231106,779,23,20,1,25.06864,121.5107,3
500103004,20231106,781,23,20,1,25.06864,121.5107,3
500103004,20231106,782,23,20,1,25.06864,121.5107,3
500103004,20231106,783,23,21,1,25.06864,121.5107,2
500103004,20231106,784,23,21,1,25.06864,121.5107,2
500103004,20231106,785,23,21,1,25.06864,121.5107,2
500103004,20231106,786,23,21,1,25.06864,121.5107,2
500103004,20231106,787,23,21,1,25.06864,121.5107,2
500103004,20231106,788,23,21,1,25.06864,121.5107,2
500103004,20231106,789,23,19,1,25.06864,121.5107,4
500103004,20231106,791,23,19,1,25.06864,121.5107,4
500103004,20231106,792,23,19,1,25.06864,121.5107,4
500103004,20231106,793,23,19,1,25.06864,121.5107,4
500103004,20231106,794,23,18,1,25.06864,121.5107,5
500103004,20231106,795,23,18,1,25.06864,121.5107,5
500103004,20231106,796,23,19,1,25.06864,121.5107,4
500103004,20231106,797,23,19,1,25.06864,121.5107,4
500103004,20231106,798,23,19,1,25.06864,121.5107,4
500103004,20231106,799,23,19,1,25.06864,121.5107,4
500103004,20231106,801,23,19,1,25.06864,121.5107,4
500103004,20231106,802,23,19,1,25.06864,121.5107,4
500103004,20231106,803,23,19,1,25.06864,121.5107,4
500103004,20231106,804,23,19,1,25.06864,121.5107,4
500103004,20231106,805,23,19,1,25.06864,121.5107,4
500103004,20231106,806,23,19,1,25.06864,121.5107,4
500103004,20231106,807,23,19,1,25.06864,121.5107,4
500103004,20231106,808,23,19,1,25.06864,121.5107,4
500103004,20231106,809,23,19,1,25.06864,121.5107,4
500103004,20231106,811,23,21,1,25.06864,121.5107,2
500103004,20231106,812,23,21,1,25.06864,121.5107,2
500103004,20231106,813,23,20,1,25.06864,121.5107,3
500103004,20231106,814,23,21,1,25.06864,121.5107,2
500103004,20231106,815,23,21,1,25.06864,121.5107,2
500103004,20231106,816,23,21,1,25.06864,121.5107,2
500103004,20231106,817,23,21,1,25.06864,121.5107,2
500103004,20231106,818,23,21,1,25.06864,121.5107,2
500103004,20231106,819,23,22,1,25.06864,121.5107,1
500103004,20231106,821,23,22,1,25.06864,121.5107,1
500103004,20231106,822,23,22,1,25.06864,121.5107,1
500103004,20231106,823,23,22,1,25.06864,121.5107,1
500103004,20231106,824,23,22,1,25.06864,121.5107,1
500103004,20231106,825,23,22,1,25.06864,121.5107,1
500103004,20231106,826,23,22,1,25.06864,121.5107,1
500103004,20231106,827,23,23,1,25.06864,121.5107,0
500103004,20231106,828,23,23,1,25.06864,121.5107,0
500103004,20231106,829,23,23,1,25.06864,121.5107,0
500103004,20231106,831,23,23,1,25.06864,121.5107,0
500103004,20231106,832,23,23,1,25.06864,121.5107,0
500103004,20231106,833,23,23,1,25.06864,121.5107,0
500103004,20231106,834,23,23,1,25.06864,121.5107,0
500103004,20231106,835,23,23,1,25.06864,121.5107,0
500103004,20231106,836,23,23,1,25.06864,121.5107,0
500103004,20231106,837,23,23,1,25.06864,121.5107,0
500103004,20231106,838,23,23,1,25.06864,121.5107,0
500103004,20231106,839,23,23,1,25.06864,121.5107,0
500103004,20231106,842,23,23,1,25.06864,121.5107,0
500103004,20231106,843,23,23,1,25.06864,121.5107,0
500103004,20231106,844,23,23,1,25.06864,121.5107,0
500103004,20231106,845,23,22,1,25.06864,121.5107,1
500103004,20231106,846,23,22,1,25.06864,121.5107,1
500103004,20231106,847,23,22,1,25.06864,121.5107,1
500103004,20231106,848,23,22,1,25.06864,121.5107,1
500103004,20231106,849,23,22,1,25.06864,121.5107,1
500103004,20231106,850,23,22,1,25.06864,121.5107,1
500103004,20231106,851,23,22,1,25.06864,121.5107,1
500103004,20231106,852,23,23,1,25.06864,121.5107,0
500103004,20231106,853,23,23,1,25.06864,121.5107,0
500103004,20231106,854,23,23,1,25.06864,121.5107,0
500103004,20231106,855,23,22,1,25.06864,121.5107,1
500103004,20231106,856,23,22,1,25.06864,121.5107,1
500103004,20231106,857,23,22,1,25.06864,121.5107,1
500103004,20231106,858,23,22,1,25.06864,121.5107,1
500103004,20231106,859,23,22,1,25.06864,121.5107,1
500103004,20231106,861,23,22,1,25.06864,121.5107,1
500103004,20231106,862,23,21,1,25.06864,121.5107,2
500103004,20231106,863,23,21,1,25.06864,121.5107,2
500103004,20231106,864,23,21,1,25.06864,121.5107,2
500103004,20231106,865,23,21,1,25.06864,121.5107,2
500103004,20231106,866,23,21,1,25.06864,121.5107,2
500103004,20231106,867,23,21,1,25.06864,121.5107,2
500103004,20231106,868,23,21,1,25.06864,121.5107,2
500103004,20231106,869,23,21,1,25.06864,121.5107,2
500103004,20231106,870,23,21,1,25.06864,121.5107,2
500103004,20231106,871,23,21,1,25.06864,121.5107,2
500103004,20231106,872,23,21,1,25.06864,121.5107,2
500103004,20231106,873,23,21,1,25.06864,121.5107,2
500103004,20231106,874,23,21,1,25.06864,121.5107,2
500103004,20231106,875,23,21,1,25.06864,121.5107,2
500103004,20231106,876,23,21,1,25.06864,121.5107,2
500103004,20231106,877,23,21,1,25.06864,121.5107,2
500103004,20231106,878,23,21,1,25.06864,121.5107,2
500103004,20231106,879,23,21,1,25.06864,121.5107,2
500103004,20231106,880,23,21,1,25.06864,121.5107,2
500103004,20231106,881,23,21,1,25.06864,121.5107,2
500103004,20231106,882,23,21,1,25.06864,121.5107,2
500103004,20231106,883,23,21,1,25.06864,121.5107,2
500103004,20231106,884,23,21,1,25.06864,121.5107,2
500103004,20231106,885,23,20,1,25.06864,121.5107,3
500103004,20231106,886,23,22,1,25.06864,121.5107,1
500103004,20231106,887,23,22,1,25.06864,121.5107,1
500103004,20231106,888,23,22,1,25.06864,121.5107,1
500103004,20231106,889,23,22,1,25.06864,121.5107,1
500103004,20231106,890,23,22,1,25.06864,121.5107,1
500103004,20231106,891,23,22,1,25.06864,121.5107,1
500103004,20231106,892,23,21,1,25.06864,121.5107,2
500103004,20231106,893,23,21,1,25.06864,121.5107,2
500103004,20231106,894,23,21,1,25.06864,121.5107,2
500103004,20231106,895,23,21,1,25.06864,121.5107,2
500103004,20231106,896,23,20,1,25.06864,121.5107,3
500103004,20231106,897,23,20,1,25.06864,121.5107,3
500103004,20231106,898,23,20,1,25.06864,121.5107,3
500103004,20231106,899,23,20,1,25.06864,121.5107,3
500103004,20231106,901,23,20,1,25.06864,121.5107,3
500103004,20231106,902,23,20,1,25.06864,121.5107,3
500103004,20231106,903,23,20,1,25.06864,121.5107,3
500103004,20231106,904,23,20,1,25.06864,121.5107,3
500103004,20231106,905,23,20,1,25.06864,121.5107,3
500103004,20231106,906,23,20,1,25.06864,121.5107,3
500103004,20231106,907,23,21,1,25.06864,121.5107,2
500103004,20231106,908,23,21,1,25.06864,121.5107,2
500103004,20231106,909,23,21,1,25.06864,121.5107,2
500103004,20231106,910,23,21,1,25.06864,121.5107,2
500103004,20231106,911,23,21,1,25.06864,121.5107,2
500103004,20231106,912,23,21,1,25.06864,121.5107,2
500103004,20231106,913,23,21,1,25.06864,121.5107,2
500103004,20231106,914,23,21,1,25.06864,121.5107,2
500103004,20231106,915,23,21,1,25.06864,121.5107,2
500103004,20231106,916,23,21,1,25.06864,121.5107,2
500103004,20231106,917,23,21,1,25.06864,121.5107,2
500103004,20231106,918,23,21,1,25.06864,121.5107,2
500103004,20231106,919,23,21,1,25.06864,121.5107,2
500103004,20231106,921,23,21,1,25.06864,121.5107,2
500103004,20231106,922,23,21,1,25.06864,121.5107,2
500103004,20231106,923,23,21,1,25.06864,121.5107,2
500103004,20231106,924,23,21,1,25.06864,121.5107,2
500103004,20231106,925,23,21,1,25.06864,121.5107,2
500103004,20231106,926,23,21,1,25.06864,121.5107,2
500103004,20231106,927,23,21,1,25.06864,121.5107,2
500103004,20231106,928,23,20,1,25.06864,121.5107,3
500103004,20231106,929,23,20,1,25.06864,121.5107,3
500103004,20231106,931,23,21,1,25.06864,121.5107,2
500103004,20231106,932,23,22,1,25.06864,121.5107,1
500103004,20231106,933,23,22,1,25.06864,121.5107,1
500103004,20231106,934,23,22,1,25.06864,121.5107,1
500103004,20231106,935,23,22,1,25.06864,121.5107,1
500103004,20231106,936,23,21,1,25.06864,121.5107,2
500103004,20231106,937,23,21,1,25.06864,121.5107,2
500103004,20231106,938,23,21,1,25.06864,121.5107,2
500103004,20231106,939,23,21,1,25.06864,121.5107,2
500103004,20231106,940,23,21,1,25.06864,121.5107,2
500103004,20231106,941,23,21,1,25.06864,121.5107,2
500103004,20231106,942,23,21,1,25.06864,121.5107,2
500103004,20231106,943,23,22,1,25.06864,121.5107,1
500103004,20231106,944,23,22,1,25.06864,121.5107,1
500103004,20231106,945,23,22,1,25.06864,121.5107,1
500103004,20231106,946,23,22,1,25.06864,121.5107,1
500103004,20231106,947,23,22,1,25.06864,121.5107,1
500103004,20231106,948,23,22,1,25.06864,121.5107,1
500103004,20231106,949,23,21,1,25.06864,121.5107,2
500103004,20231106,950,23,21,1,25.06864,121.5107,2
500103004,20231106,951,23,22,1,25.06864,121.5107,1
500103004,20231106,952,23,22,1,25.06864,121.5107,1
500103004,20231106,953,23,22,1,25.06864,121.5107,1
500103004,20231106,954,23,22,1,25.06864,121.5107,1
500103004,20231106,955,23,22,1,25.06864,121.5107,1
500103004,20231106,956,23,22,1,25.06864,121.5107,1
500103004,20231106,957,23,22,1,25.06864,121.5107,1
500103004,20231106,958,23,22,1,25.06864,121.5107,1
500103004,20231106,959,23,22,1,25.06864,121.5107,1
500103004,20231106,961,23,22,1,25.06864,121.5107,1
500103004,20231106,962,23,22,1,25.06864,121.5107,1
500103004,20231106,963,23,22,1,25.06864,121.5107,1
500103004,20231106,964,23,22,1,25.06864,121.5107,1
500103004,20231106,965,23,23,1,25.06864,121.5107,0
500103004,20231106,966,23,22,1,25.06864,121.5107,1
500103004,20231106,967,23,22,1,25.06864,121.5107,1
500103004,20231106,968,23,22,1,25.06864,121.5107,1
500103004,20231106,969,23,22,1,25.06864,121.5107,1
500103004,20231106,970,23,22,1,25.06864,121.5107,1
500103004,20231106,972,23,22,1,25.06864,121.5107,1
500103004,20231106,973,23,21,1,25.06864,121.5107,2
500103004,20231106,974,23,21,1,25.06864,121.5107,2
500103004,20231106,975,23,21,1,25.06864,121.5107,2
500103004,20231106,976,23,21,1,25.06864,121.5107,2
500103004,20231106,977,23,21,1,25.06864,121.5107,2
500103004,20231106,978,23,20,1,25.06864,121.5107,3
500103004,20231106,979,23,20,1,25.06864,121.5107,3
500103004,20231106,981,23,20,1,25.06864,121.5107,3
500103004,20231106,982,23,19,1,25.06864,121.5107,4
500103004,20231106,983,23,19,1,25.06864,121.5107,4
500103004,20231106,984,23,19,1,25.06864,121.5107,4
500103004,20231106,985,23,19,1,25.06864,121.5107,4
500103004,20231106,986,23,19,1,25.06864,121.5107,4
500103004,20231106,987,23,19,1,25.06864,121.5107,4
500103004,20231106,988,23,19,1,25.06864,121.5107,4
500103004,20231106,989,23,19,1,25.06864,121.5107,4
500103004,20231106,991,23,19,1,25.06864,121.5107,4
500103004,20231106,992,23,18,1,25.06864,121.5107,5
500103004,20231106,993,23,18,1,25.06864,121.5107,5
500103004,20231106,994,23,18,1,25.06864,121.5107,5
500103004,20231106,995,23,18,1,25.06864,121.5107,5
500103004,20231106,996,23,17,1,25.06864,121.5107,6
500103004,20231106,997,23,16,1,25.06864,121.5107,7
500103004,20231106,998,23,16,1,25.06864,121.5107,7
500103004,20231106,999,23,16,1,25.06864,121.5107,7
500103004,20231106,1001,23,17,1,25.06864,121.5107,6
500103004,20231106,1002,23,17,1,25.06864,121.5107,6
500103004,20231106,1003,23,17,1,25.06864,121.5107,6
500103004,20231106,1004,23,17,1,25.06864,121.5107,6
500103004,20231106,1005,23,17,1,25.06864,121.5107,6
500103004,20231106,1006,23,17,1,25.06864,121.5107,6
500103004,20231106,1007,23,17,1,25.06864,121.5107,6
500103004,20231106,1008,23,17,1,25.06864,121.5107,6
500103004,20231106,1009,23,17,1,25.06864,121.5107,6
500103004,20231106,1011,23,16,1,25.06864,121.5107,7
500103004,20231106,1012,23,16,1,25.06864,121.5107,7
500103004,20231106,1013,23,15,1,25.06864,121.5107,8
500103004,20231106,1014,23,15,1,25.06864,121.5107,8
500103004,20231106,1015,23,15,1,25.06864,121.5107,8
500103004,20231106,1016,23,13,1,25.06864,121.5107,10
500103004,20231106,1017,23,13,1,25.06864,121.5107,10
500103004,20231106,1018,23,13,1,25.06864,121.5107,10
500103004,20231106,1019,23,12,1,25.06864,121.5107,11
500103004,20231106,1021,23,12,1,25.06864,121.5107,11
500103004,20231106,1022,23,12,1,25.06864,121.5107,11
500103004,20231106,1023,23,12,1,25.06864,121.5107,11
500103004,20231106,1024,23,9,1,25.06864,121.5107,14
500103004,20231106,1025,23,8,1,25.06864,121.5107,15
500103004,20231106,1026,23,9,1,25.06864,121.5107,14
500103004,20231106,1027,23,10,1,25.06864,121.5107,13
500103004,20231106,1028,23,9,1,25.06864,121.5107,14
500103004,20231106,1029,23,9,1,25.06864,121.5107,14
500103004,20231106,1031,23,10,1,25.06864,121.5107,13
500103004,20231106,1032,23,10,1,25.06864,121.5107,13
500103004,20231106,1034,23,10,1,25.06864,121.5107,13
500103004,20231106,1035,23,10,1,25.06864,121.5107,13
500103004,20231106,1036,23,10,1,25.06864,121.5107,13
500103004,20231106,1037,23,10,1,25.06864,121.5107,13
500103004,20231106,1038,23,10,1,25.06864,121.5107,13
500103004,20231106,1039,23,10,1,25.06864,121.5107,13
500103004,20231106,1041,23,9,1,25.06864,121.5107,14
500103004,20231106,1042,23,9,1,25.06864,121.5107,14
500103004,20231106,1043,23,9,1,25.06864,121.5107,14
500103004,20231106,1044,23,9,1,25.06864,121.5107,14
500103004,20231106,1045,23,9,1,25.06864,121.5107,14
500103004,20231106,1046,23,9,1,25.06864,121.5107,14
500103004,20231106,1047,23,9,1,25.06864,121.5107,14
500103004,20231106,1048,23,10,1,25.06864,121.5107,13
500103004,20231106,1049,23,10,1,25.06864,121.5107,13
500103004,20231106,1051,23,10,1,25.06864,121.5107,13
500103004,20231106,1052,23,10,1,25.06864,121.5107,13
500103004,20231106,1053,23,10,1,25.06864,121.5107,13
500103004,20231106,1054,23,9,1,25.06864,121.5107,14
500103004,20231106,1055,23,9,1,25.06864,121.5107,14
500103004,20231106,1056,23,8,1,25.06864,121.5107,15
500103004,20231106,1057,23,9,1,25.06864,121.5107,14
500103004,20231106,1058,23,10,1,25.06864,121.5107,13
500103004,20231106,1059,23,10,1,25.06864,121.5107,13
500103004,20231106,1060,23,11,1,25.06864,121.5107,12
500103004,20231106,1061,23,11,1,25.06864,121.5107,12
500103004,20231106,1062,23,11,1,25.06864,121.5107,12
500103004,20231106,1063,23,10,1,25.06864,121.5107,13
500103004,20231106,1064,23,10,1,25.06864,121.5107,13
500103004,20231106,1065,23,9,1,25.06864,121.5107,14
500103004,20231106,1066,23,9,1,25.06864,121.5107,14
500103004,20231106,1067,23,9,1,25.06864,121.5107,14
500103004,20231106,1068,23,9,1,25.06864,121.5107,14
500103004,20231106,1069,23,9,1,25.06864,121.5107,14
500103004,20231106,1070,23,9,1,25.06864,121.5107,14
500103004,20231106,1071,23,9,1,25.06864,121.5107,14
500103004,20231106,1072,23,10,1,25.06864,121.5107,13
500103004,20231106,1073,23,10,1,25.06864,121.5107,13
500103004,20231106,1074,23,10,1,25.06864,121.5107,13
500103004,20231106,1075,23,10,1,25.06864,121.5107,13
500103004,20231106,1076,23,7,1,25.06864,121.5107,16
500103004,20231106,1077,23,7,1,25.06864,121.5107,16
500103004,20231106,1078,23,6,1,25.06864,121.5107,17
500103004,20231106,1079,23,6,1,25.06864,121.5107,17
500103004,20231106,1081,23,6,1,25.06864,121.5107,17
500103004,20231106,1082,23,3,1,25.06864,121.5107,20
500103004,20231106,1083,23,3,1,25.06864,121.5107,20
500103004,20231106,1084,23,3,1,25.06864,121.5107,20
500103004,20231106,1085,23,3,1,25.06864,121.5107,20
500103004,20231106,1086,23,3,1,25.06864,121.5107,20
500103004,20231106,1087,23,4,1,25.06864,121.5107,19
500103004,20231106,1088,23,4,1,25.06864,121.5107,19
500103004,20231106,1089,23,4,1,25.06864,121.5107,19
500103004,20231106,1090,23,4,1,25.06864,121.5107,19
500103004,20231106,1091,23,4,1,25.06864,121.5107,19
500103004,20231106,1092,23,9,1,25.06864,121.5107,14
500103004,20231106,1093,23,9,1,25.06864,121.5107,14
500103004,20231106,1094,23,14,1,25.06864,121.5107,9
500103004,20231106,1095,23,14,1,25.06864,121.5107,9
500103004,20231106,1096,23,12,1,25.06864,121.5107,11
500103004,20231106,1097,23,12,1,25.06864,121.5107,11
500103004,20231106,1098,23,18,1,25.06864,121.5107,5
500103004,20231106,1099,23,20,1,25.06864,121.5107,3
500103004,20231106,1101,23,19,1,25.06864,121.5107,4
500103004,20231106,1102,23,18,1,25.06864,121.5107,5
500103004,20231106,1103,23,17,1,25.06864,121.5107,6
500103004,20231106,1104,23,17,1,25.06864,121.5107,6
500103004,20231106,1105,23,17,1,25.06864,121.5107,6
500103004,20231106,1106,23,18,1,25.06864,121.5107,5
500103004,20231106,1107,23,18,1,25.06864,121.5107,5
500103004,20231106,1108,23,17,1,25.06864,121.5107,6
500103004,20231106,1109,23,17,1,25.06864,121.5107,6
500103004,20231106,1111,23,16,1,25.06864,121.5107,7
500103004,20231106,1112,23,16,1,25.06864,121.5107,7
500103004,20231106,1113,23,16,1,25.06864,121.5107,7
500103004,20231106,1114,23,17,1,25.06864,121.5107,6
500103004,20231106,1115,23,17,1,25.06864,121.5107,6
500103004,20231106,1116,23,17,1,25.06864,121.5107,6
500103004,20231106,1117,23,17,1,25.06864,121.5107,6
500103004,20231106,1118,23,18,1,25.06864,121.5107,5
500103004,20231106,1119,23,18,1,25.06864,121.5107,5
500103004,20231106,1120,23,17,1,25.06864,121.5107,6
500103004,20231106,1121,23,17,1,25.06864,121.5107,6
500103004,20231106,1122,23,15,1,25.06864,121.5107,8
500103004,20231106,1123,23,15,1,25.06864,121.5107,8
500103004,20231106,1124,23,14,1,25.06864,121.5107,9
500103004,20231106,1125,23,14,1,25.06864,121.5107,9
500103004,20231106,1126,23,12,1,25.06864,121.5107,11
500103004,20231106,1127,23,11,1,25.06864,121.5107,12
500103004,20231106,1128,23,11,1,25.06864,121.5107,12
500103004,20231106,1129,23,12,1,25.06864,121.5107,11
500103004,20231106,1130,23,13,1,25.06864,121.5107,10
500103004,20231106,1131,23,12,1,25.06864,121.5107,11
500103004,20231106,1132,23,12,1,25.06864,121.5107,11
500103004,20231106,1133,23,12,1,25.06864,121.5107,11
500103004,20231106,1134,23,12,1,25.06864,121.5107,11
500103004,20231106,1135,23,12,1,25.06864,121.5107,11
500103004,20231106,1136,23,12,1,25.06864,121.5107,11
500103004,20231106,1137,23,12,1,25.06864,121.5107,11
500103004,20231106,1138,23,12,1,25.06864,121.5107,11
500103004,20231106,1139,23,11,1,25.06864,121.5107,12
500103004,20231106,1141,23,11,1,25.06864,121.5107,12
500103004,20231106,1142,23,11,1,25.06864,121.5107,12
500103004,20231106,1143,23,11,1,25.06864,121.5107,12
500103004,20231106,1144,23,13,1,25.06864,121.5107,10
500103004,20231106,1145,23,15,1,25.06864,121.5107,8
500103004,20231106,1146,23,17,1,25.06864,121.5107,6
500103004,20231106,1147,23,18,1,25.06864,121.5107,5
500103004,20231106,1148,23,18,1,25.06864,121.5107,5
500103004,20231106,1149,23,20,1,25.06864,121.5107,3
500103004,20231106,1150,23,19,1,25.06864,121.5107,4
500103004,20231106,1151,23,19,1,25.06864,121.5107,4
500103004,20231106,1152,23,19,1,25.06864,121.5107,4
500103004,20231106,1153,23,19,1,25.06864,121.5107,4
500103004,20231106,1154,23,19,1,25.06864,121.5107,4
500103004,20231106,1155,23,19,1,25.06864,121.5107,4
500103004,20231106,1157,23,19,1,25.06864,121.5107,4
500103004,20231106,1158,23,17,1,25.06864,121.5107,6
500103004,20231106,1159,23,17,1,25.06864,121.5107,6
500103004,20231106,1161,23,17,1,25.06864,121.5107,6
500103004,20231106,1162,23,17,1,25.06864,121.5107,6
500103004,20231106,1163,23,17,1,25.06864,121.5107,6
500103004,20231106,1164,23,17,1,25.06864,121.5107,6
500103004,20231106,1165,23,15,1,25.06864,121.5107,8
500103004,20231106,1166,23,14,1,25.06864,121.5107,9
500103004,20231106,1167,23,14,1,25.06864,121.5107,9
500103004,20231106,1168,23,14,1,25.06864,121.5107,9
500103004,20231106,1169,23,14,1,25.06864,121.5107,9
500103004,20231106,1171,23,14,1,25.06864,121.5107,9
500103004,20231106,1172,23,15,1,25.06864,121.5107,8
500103004,20231106,1173,23,15,1,25.06864,121.5107,8
500103004,20231106,1174,23,15,1,25.06864,121.5107,8
500103004,20231106,1175,23,15,1,25.06864,121.5107,8
500103004,20231106,1176,23,13,1,25.06864,121.5107,10
500103004,20231106,1177,23,13,1,25.06864,121.5107,10
500103004,20231106,1178,23,12,1,25.06864,121.5107,11
500103004,20231106,1179,23,12,1,25.06864,121.5107,11
500103004,20231106,1181,23,11,1,25.06864,121.5107,12
500103004,20231106,1182,23,10,1,25.06864,121.5107,13
500103004,20231106,1183,23,9,1,25.06864,121.5107,14
500103004,20231106,1184,23,9,1,25.06864,121.5107,14
500103004,20231106,1185,23,9,1,25.06864,121.5107,14
500103004,20231106,1186,23,10,1,25.06864,121.5107,13
500103004,20231106,1187,23,10,1,25.06864,121.5107,13
500103004,20231106,1188,23,10,1,25.06864,121.5107,13
500103004,20231106,1189,23,10,1,25.06864,121.5107,13
500103004,20231106,1191,23,10,1,25.06864,121.5107,13
500103004,20231106,1192,23,10,1,25.06864,121.5107,13
500103004,20231106,1193,23,9,1,25.06864,121.5107,14
500103004,20231106,1194,23,8,1,25.06864,121.5107,15
500103004,20231106,1195,23,8,1,25.06864,121.5107,15
500103004,20231106,1196,23,9,1,25.06864,121.5107,14
500103004,20231106,1197,23,8,1,25.06864,121.5107,15
500103004,20231106,1198,23,8,1,25.06864,121.5107,15
500103004,20231106,1199,23,8,1,25.06864,121.5107,15
500103004,20231106,1201,23,8,1,25.06864,121.5107,15
500103004,20231106,1202,23,8,1,25.06864,121.5107,15
500103004,20231106,1203,23,8,1,25.06864,121.5107,15
500103004,20231106,1204,23,8,1,25.06864,121.5107,15
500103004,20231106,1205,23,8,1,25.06864,121.5107,15
500103004,20231106,1206,23,9,1,25.06864,121.5107,14
500103004,20231106,1207,23,11,1,25.06864,121.5107,12
500103004,20231106,1208,23,11,1,25.06864,121.5107,12
500103004,20231106,1209,23,10,1,25.06864,121.5107,13
500103004,20231106,1211,23,9,1,25.06864,121.5107,14
500103004,20231106,1212,23,9,1,25.06864,121.5107,14
500103004,20231106,1213,23,9,1,25.06864,121.5107,14
500103004,20231106,1214,23,10,1,25.06864,121.5107,13
500103004,20231106,1215,23,10,1,25.06864,121.5107,13
500103004,20231106,1216,23,10,1,25.06864,121.5107,13
500103004,20231106,1217,23,10,1,25.06864,121.5107,13
500103004,20231106,1218,23,9,1,25.06864,121.5107,14
500103004,20231106,1219,23,9,1,25.06864,121.5107,14
500103004,20231106,1221,23,9,1,25.06864,121.5107,14
500103004,20231106,1222,23,9,1,25.06864,121.5107,14
500103004,20231106,1223,23,9,1,25.06864,121.5107,14
500103004,20231106,1224,23,11,1,25.06864,121.5107,12
500103004,20231106,1225,23,11,1,25.06864,121.5107,12
500103004,20231106,1226,23,11,1,25.06864,121.5107,12
500103004,20231106,1227,23,11,1,25.06864,121.5107,12
500103004,20231106,1228,23,11,1,25.06864,121.5107,12
500103004,20231106,1229,23,11,1,25.06864,121.5107,12
500103004,20231106,1231,23,10,1,25.06864,121.5107,13
500103004,20231106,1232,23,10,1,25.06864,121.5107,13
500103004,20231106,1233,23,10,1,25.06864,121.5107,13
500103004,20231106,1234,23,10,1,25.06864,121.5107,13
500103004,20231106,1235,23,10,1,25.06864,121.5107,13
500103004,20231106,1236,23,10,1,25.06864,121.5107,13
500103004,20231106,1237,23,9,1,25.06864,121.5107,14
500103004,20231106,1238,23,8,1,25.06864,121.5107,15
500103004,20231106,1239,23,8,1,25.06864,121.5107,15
500103004,20231106,1240,23,8,1,25.06864,121.5107,15
500103004,20231106,1241,23,8,1,25.06864,121.5107,15
500103004,20231106,1242,23,8,1,25.06864,121.5107,15
500103004,20231106,1243,23,8,1,25.06864,121.5107,15
500103004,20231106,1244,23,9,1,25.06864,121.5107,14
500103004,20231106,1245,23,9,1,25.06864,121.5107,14
500103004,20231106,1246,23,9,1,25.06864,121.5107,14
500103004,20231106,1247,23,8,1,25.06864,121.5107,15
500103004,20231106,1248,23,8,1,25.06864,121.5107,15
500103004,20231106,1249,23,10,1,25.06864,121.5107,13
500103004,20231106,1250,23,10,1,25.06864,121.5107,13
500103004,20231106,1251,23,10,1,25.06864,121.5107,13
500103004,20231106,1252,23,10,1,25.06864,121.5107,13
500103004,20231106,1253,23,10,1,25.06864,121.5107,13
500103004,20231106,1254,23,10,1,25.06864,121.5107,13
500103004,20231106,1255,23,10,1,25.06864,121.5107,13
500103004,20231106,1256,23,10,1,25.06864,121.5107,13
500103004,20231106,1257,23,10,1,25.06864,121.5107,13
500103004,20231106,1258,23,10,1,25.06864,121.5107,13
500103004,20231106,1259,23,11,1,25.06864,121.5107,12
500103004,20231106,1261,23,13,1,25.06864,121.5107,10
500103004,20231106,1262,23,13,1,25.06864,121.5107,10
500103004,20231106,1263,23,13,1,25.06864,121.5107,10
500103004,20231106,1264,23,13,1,25.06864,121.5107,10
500103004,20231106,1265,23,13,1,25.06864,121.5107,10
500103004,20231106,1266,23,13,1,25.06864,121.5107,10
500103004,20231106,1267,23,13,1,25.06864,121.5107,10
500103004,20231106,1268,23,13,1,25.06864,121.5107,10
500103004,20231106,1269,23,13,1,25.06864,121.5107,10
500103004,20231106,1270,23,13,1,25.06864,121.5107,10
500103004,20231106,1271,23,13,1,25.06864,121.5107,10
500103004,20231106,1272,23,13,1,25.06864,121.5107,10
500103004,20231106,1273,23,13,1,25.06864,121.5107,10
500103004,20231106,1274,23,13,1,25.06864,121.5107,10
500103004,20231106,1275,23,13,1,25.06864,121.5107,10
500103004,20231106,1276,23,13,1,25.06864,121.5107,10
500103004,20231106,1277,23,13,1,25.06864,121.5107,10
500103004,20231106,1278,23,14,1,25.06864,121.5107,9
500103004,20231106,1279,23,14,1,25.06864,121.5107,9
500103004,20231106,1281,23,14,1,25.06864,121.5107,9
500103004,20231106,1282,23,15,1,25.06864,121.5107,8
500103004,20231106,1283,23,15,1,25.06864,121.5107,8
500103004,20231106,1284,23,15,1,25.06864,121.5107,8
500103004,20231106,1285,23,15,1,25.06864,121.5107,8
500103004,20231106,1286,23,13,1,25.06864,121.5107,10
500103004,20231106,1287,23,13,1,25.06864,121.5107,10
500103004,20231106,1288,23,13,1,25.06864,121.5107,10
500103004,20231106,1289,23,14,1,25.06864,121.5107,9
500103004,20231106,1291,23,14,1,25.06864,121.5107,9
500103004,20231106,1292,23,14,1,25.06864,121.5107,9
500103004,20231106,1293,23,14,1,25.06864,121.5107,9
500103004,20231106,1294,23,14,1,25.06864,121.5107,9
500103004,20231106,1295,23,14,1,25.06864,121.5107,9
500103004,20231106,1296,23,13,1,25.06864,121.5107,10
500103004,20231106,1297,23,13,1,25.06864,121.5107,10
500103004,20231106,1298,23,11,1,25.06864,121.5107,12
500103004,20231106,1299,23,11,1,25.06864,121.5107,12
500103004,20231106,1300,23,11,1,25.06864,121.5107,12
500103004,20231106,1301,23,11,1,25.06864,121.5107,12
500103004,20231106,1302,23,11,1,25.06864,121.5107,12
500103004,20231106,1303,23,9,1,25.06864,121.5107,14
500103004,20231106,1304,23,9,1,25.06864,121.5107,14
500103004,20231106,1305,23,9,1,25.06864,121.5107,14
500103004,20231106,1306,23,8,1,25.06864,121.5107,15
500103004,20231106,1307,23,8,1,25.06864,121.5107,15
500103004,20231106,1308,23,8,1,25.06864,121.5107,15
500103004,20231106,1309,23,8,1,25.06864,121.5107,15
500103004,20231106,1310,23,8,1,25.06864,121.5107,15
500103004,20231106,1311,23,4,1,25.06864,121.5107,19
500103004,20231106,1312,23,4,1,25.06864,121.5107,19
500103004,20231106,1313,23,3,1,25.06864,121.5107,20
500103004,20231106,1314,23,3,1,25.06864,121.5107,20
500103004,20231106,1315,23,3,1,25.06864,121.5107,20
500103004,20231106,1316,23,0,1,25.06864,121.5107,23
500103004,20231106,1317,23,0,1,25.06864,121.5107,23
500103004,20231106,1318,23,0,1,25.06864,121.5107,23
500103004,20231106,1319,23,0,1,25.06864,121.5107,23
500103004,20231106,1321,23,0,1,25.06864,121.5107,23
500103004,20231106,1322,23,0,1,25.06864,121.5107,23
500103004,20231106,1323,23,0,1,25.06864,121.5107,23
500103004,20231106,1324,23,0,1,25.06864,121.5107,23
500103004,20231106,1325,23,0,1,25.06864,121.5107,23
500103004,20231106,1326,23,0,1,25.06864,121.5107,23
500103004,20231106,1327,23,0,1,25.06864,121.5107,23
500103004,20231106,1328,23,0,1,25.06864,121.5107,23
500103004,20231106,1329,23,0,1,25.06864,121.5107,23
500103004,20231106,1330,23,0,1,25.06864,121.5107,23
500103004,20231106,1331,23,0,1,25.06864,121.5107,23
500103004,20231106,1332,23,0,1,25.06864,121.5107,23
500103004,20231106,1333,23,0,1,25.06864,121.5107,23
500103004,20231106,1334,23,0,1,25.06864,121.5107,23
500103004,20231106,1335,23,0,1,25.06864,121.5107,23
500103004,20231106,1336,23,0,1,25.06864,121.5107,23
500103004,20231106,1337,23,0,1,25.06864,121.5107,23
500103004,20231106,1338,23,1,1,25.06864,121.5107,22
500103004,20231106,1339,23,2,1,25.06864,121.5107,21
500103004,20231106,1341,23,2,1,25.06864,121.5107,21
500103004,20231106,1342,23,2,1,25.06864,121.5107,21
500103004,20231106,1343,23,2,1,25.06864,121.5107,21
500103004,20231106,1344,23,2,1,25.06864,121.5107,21
500103004,20231106,1345,23,2,1,25.06864,121.5107,21
500103004,20231106,1346,23,2,1,25.06864,121.5107,21
500103004,20231106,1347,23,2,1,25.06864,121.5107,21
500103004,20231106,1348,23,1,1,25.06864,121.5107,22
500103004,20231106,1349,23,1,1,25.06864,121.5107,22
500103004,20231106,1351,23,0,1,25.06864,121.5107,23
500103004,20231106,1352,23,0,1,25.06864,121.5107,23
500103004,20231106,1353,23,0,1,25.06864,121.5107,23
500103004,20231106,1354,23,0,1,25.06864,121.5107,23
500103004,20231106,1355,23,0,1,25.06864,121.5107,23
500103004,20231106,1356,23,0,1,25.06864,121.5107,23
500103004,20231106,1357,23,0,1,25.06864,121.5107,23
500103004,20231106,1358,23,0,1,25.06864,121.5107,23
500103004,20231106,1359,23,0,1,25.06864,121.5107,23
500103004,20231106,1361,23,0,1,25.06864,121.5107,23
500103004,20231106,1362,23,0,1,25.06864,121.5107,23
500103004,20231106,1363,23,0,1,25.06864,121.5107,23
500103004,20231106,1364,23,0,1,25.06864,121.5107,23
500103004,20231106,1365,23,0,1,25.06864,121.5107,23
500103004,20231106,1367,23,0,1,25.06864,121.5107,23
500103004,20231106,1368,23,0,1,25.06864,121.5107,23
500103004,20231106,1369,23,0,1,25.06864,121.5107,23
500103004,20231106,1371,23,0,1,25.06864,121.5107,23
500103004,20231106,1372,23,0,1,25.06864,121.5107,23
500103004,20231106,1373,23,0,1,25.06864,121.5107,23
500103004,20231106,1374,23,0,1,25.06864,121.5107,23
500103004,20231106,1375,23,0,1,25.06864,121.5107,23
500103004,20231106,1376,23,0,1,25.06864,121.5107,23
500103004,20231106,1377,23,0,1,25.06864,121.5107,23
500103004,20231106,1378,23,0,1,25.06864,121.5107,23
500103004,20231106,1379,23,0,1,25.06864,121.5107,23
500103004,20231106,1381,23,0,1,25.06864,121.5107,23
500103004,20231106,1382,23,0,1,25.06864,121.5107,23
500103004,20231106,1383,23,0,1,25.06864,121.5107,23
500103004,20231106,1384,23,0,1,25.06864,121.5107,23
500103004,20231106,1385,23,0,1,25.06864,121.5107,23
500103004,20231106,1386,23,0,1,25.06864,121.5107,23
500103004,20231106,1387,23,0,1,25.06864,121.5107,23
500103004,20231106,1388,23,0,1,25.06864,121.5107,23
500103004,20231106,1389,23,0,1,25.06864,121.5107,23
500103004,20231106,1391,23,0,1,25.06864,121.5107,23
500103004,20231106,1392,23,0,1,25.06864,121.5107,23
500103004,20231106,1393,23,0,1,25.06864,121.5107,23
500103004,20231106,1394,23,0,1,25.06864,121.5107,23
500103004,20231106,1395,23,0,1,25.06864,121.5107,23
500103004,20231106,1396,23,0,1,25.06864,121.5107,23
500103004,20231106,1397,23,0,1,25.06864,121.5107,23
500103004,20231106,1398,23,0,1,25.06864,121.5107,23
500103004,20231106,1399,23,0,1,25.06864,121.5107,23
500103004,20231106,1401,23,0,1,25.06864,121.5107,23
500103004,20231106,1402,23,0,1,25.06864,121.5107,23
500103004,20231106,1403,23,0,1,25.06864,121.5107,23
500103004,20231106,1404,23,0,1,25.06864,121.5107,23
500103004,20231106,1405,23,0,1,25.06864,121.5107,23
500103004,20231106,1406,23,0,1,25.06864,121.5107,23
500103004,20231106,1407,23,0,1,25.06864,121.5107,23
500103004,20231106,1408,23,0,1,25.06864,121.5107,23
500103004,20231106,1409,23,0,1,25.06864,121.5107,23
500103004,20231106,1411,23,0,1,25.06864,121.5107,23
500103004,20231106,1412,23,0,1,25.06864,121.5107,23
500103004,20231106,1413,23,0,1,25.06864,121.5107,23
500103004,20231106,1414,23,0,1,25.06864,121.5107,23
500103004,20231106,1415,23,0,1,25.06864,121.5107,23
500103004,20231106,1416,23,0,1,25.06864,121.5107,23
500103004,20231106,1417,23,0,1,25.06864,121.5107,23
500103004,20231106,1418,23,0,1,25.06864,121.5107,23
500103004,20231106,1419,23,0,1,25.06864,121.5107,23
500103004,20231106,1421,23,0,1,25.06864,121.5107,23
500103004,20231106,1422,23,0,1,25.06864,121.5107,23
500103004,20231106,1423,23,0,1,25.06864,121.5107,23
500103004,20231106,1424,23,0,1,25.06864,121.5107,23
500103004,20231106,1425,23,0,1,25.06864,121.5107,23
500103004,20231106,1426,23,0,1,25.06864,121.5107,23
500103004,20231106,1427,23,0,1,25.06864,121.5107,23
500103004,20231106,1428,23,0,1,25.06864,121.5107,23
500103004,20231106,1429,23,0,1,25.06864,121.5107,23
500103004,20231106,1430,23,0,1,25.06864,121.5107,23
500103004,20231106,1431,23,0,1,25.06864,121.5107,23
500103004,20231106,1432,23,0,1,25.06864,121.5107,23
500103004,20231106,1433,23,0,1,25.06864,121.5107,23
500103004,20231106,1434,23,0,1,25.06864,121.5107,23
500103004,20231106,1435,23,0,1,25.06864,121.5107,23
500103004,20231106,1436,23,0,1,25.06864,121.5107,23
500103004,20231106,1437,23,0,1,25.06864,121.5107,23
500103004,20231106,1438,23,0,1,25.06864,121.5107,23
500103004,20231106,1439,23,0,1,25.06864,121.5107,23
500103004,20231107,1,23,0,1,25.06864,121.5107,23
500103004,20231107,2,23,0,1,25.06864,121.5107,23
500103004,20231107,3,23,0,1,25.06864,121.5107,23
500103004,20231107,4,23,0,1,25.06864,121.5107,23
500103004,20231107,5,23,0,1,25.06864,121.5107,23
500103004,20231107,6,23,0,1,25.06864,121.5107,23
500103004,20231107,7,23,0,1,25.06864,121.5107,23
500103004,20231107,8,23,0,1,25.06864,121.5107,23
500103004,20231107,9,23,0,1,25.06864,121.5107,23
500103004,20231107,10,23,0,1,25.06864,121.5107,23
500103004,20231107,11,23,0,1,25.06864,121.5107,23
500103004,20231107,12,23,0,1,25.06864,121.5107,23
500103004,20231107,13,23,0,1,25.06864,121.5107,23
500103004,20231107,14,23,0,1,25.06864,121.5107,23
500103004,20231107,15,23,0,1,25.06864,121.5107,23
500103004,20231107,16,23,0,1,25.06864,121.5107,23
500103004,20231107,17,23,0,1,25.06864,121.5107,23
500103004,20231107,18,23,0,1,25.06864,121.5107,23
500103004,20231107,19,23,0,1,25.06864,121.5107,23
500103004,20231107,21,23,0,1,25.06864,121.5107,23
500103004,20231107,22,23,0,1,25.06864,121.5107,23
500103004,20231107,23,23,0,1,25.06864,121.5107,23
500103004,20231107,24,23,0,1,25.06864,121.5107,23
500103004,20231107,25,23,0,1,25.06864,121.5107,23
500103004,20231107,26,23,0,1,25.06864,121.5107,23
500103004,20231107,27,23,0,1,25.06864,121.5107,23
500103004,20231107,28,23,0,1,25.06864,121.5107,23
500103004,20231107,29,23,0,1,25.06864,121.5107,23
500103004,20231107,30,23,0,1,25.06864,121.5107,23
500103004,20231107,31,23,0,1,25.06864,121.5107,23
500103004,20231107,32,23,0,1,25.06864,121.5107,23
500103004,20231107,33,23,0,1,25.06864,121.5107,23
500103004,20231107,34,23,0,1,25.06864,121.5107,23
500103004,20231107,35,23,0,1,25.06864,121.5107,23
500103004,20231107,36,23,0,1,25.06864,121.5107,23
500103004,20231107,37,23,0,1,25.06864,121.5107,23
500103004,20231107,38,23,0,1,25.06864,121.5107,23
500103004,20231107,39,23,0,1,25.06864,121.5107,23
500103004,20231107,40,23,0,1,25.06864,121.5107,23
500103004,20231107,41,23,0,1,25.06864,121.5107,23
500103004,20231107,42,23,0,1,25.06864,121.5107,23
500103004,20231107,43,23,0,1,25.06864,121.5107,23
500103004,20231107,44,23,0,1,25.06864,121.5107,23
500103004,20231107,45,23,0,1,25.06864,121.5107,23
500103004,20231107,46,23,0,1,25.06864,121.5107,23
500103004,20231107,47,23,0,1,25.06864,121.5107,23
500103004,20231107,48,23,0,1,25.06864,121.5107,23
500103004,20231107,49,23,0,1,25.06864,121.5107,23
500103004,20231107,50,23,0,1,25.06864,121.5107,23
500103004,20231107,51,23,0,1,25.06864,121.5107,23
500103004,20231107,52,23,0,1,25.06864,121.5107,23
500103004,20231107,53,23,0,1,25.06864,121.5107,23
500103004,20231107,54,23,0,1,25.06864,121.5107,23
500103004,20231107,55,23,0,1,25.06864,121.5107,23
500103004,20231107,56,23,0,1,25.06864,121.5107,23
500103004,20231107,57,23,0,1,25.06864,121.5107,23
500103004,20231107,58,23,0,1,25.06864,121.5107,23
500103004,20231107,59,23,0,1,25.06864,121.5107,23
500103004,20231107,60,23,0,1,25.06864,121.5107,23
500103004,20231107,61,23,0,1,25.06864,121.5107,23
500103004,20231107,62,23,0,1,25.06864,121.5107,23
500103004,20231107,63,23,0,1,25.06864,121.5107,23
500103004,20231107,64,23,0,1,25.06864,121.5107,23
500103004,20231107,65,23,0,1,25.06864,121.5107,23
500103004,20231107,66,23,0,1,25.06864,121.5107,23
500103004,20231107,67,23,0,1,25.06864,121.5107,23
500103004,20231107,68,23,0,1,25.06864,121.5107,23
500103004,20231107,69,23,0,1,25.06864,121.5107,23
500103004,20231107,70,23,0,1,25.06864,121.5107,23
500103004,20231107,71,23,0,1,25.06864,121.5107,23
500103004,20231107,72,23,0,1,25.06864,121.5107,23
500103004,20231107,73,23,0,1,25.06864,121.5107,23
500103004,20231107,74,23,0,1,25.06864,121.5107,23
500103004,20231107,75,23,0,1,25.06864,121.5107,23
500103004,20231107,76,23,0,1,25.06864,121.5107,23
500103004,20231107,77,23,0,1,25.06864,121.5107,23
500103004,20231107,78,23,0,1,25.06864,121.5107,23
500103004,20231107,79,23,4,1,25.06864,121.5107,19
500103004,20231107,81,23,4,1,25.06864,121.5107,19
500103004,20231107,82,23,5,1,25.06864,121.5107,18
500103004,20231107,83,23,5,1,25.06864,121.5107,18
500103004,20231107,84,23,5,1,25.06864,121.5107,18
500103004,20231107,85,23,5,1,25.06864,121.5107,18
500103004,20231107,86,23,4,1,25.06864,121.5107,19
500103004,20231107,87,23,4,1,25.06864,121.5107,19
500103004,20231107,88,23,4,1,25.06864,121.5107,19
500103004,20231107,89,23,4,1,25.06864,121.5107,19
500103004,20231107,90,23,4,1,25.06864,121.5107,19
500103004,20231107,91,23,4,1,25.06864,121.5107,19
500103004,20231107,92,23,4,1,25.06864,121.5107,19
500103004,20231107,93,23,4,1,25.06864,121.5107,19
500103004,20231107,94,23,4,1,25.06864,121.5107,19
500103004,20231107,95,23,4,1,25.06864,121.5107,19
500103004,20231107,96,23,4,1,25.06864,121.5107,19
500103004,20231107,97,23,4,1,25.06864,121.5107,19
500103004,20231107,98,23,4,1,25.06864,121.5107,19
500103004,20231107,99,23,4,1,25.06864,121.5107,19
500103004,20231107,101,23,4,1,25.06864,121.5107,19
500103004,20231107,102,23,4,1,25.06864,121.5107,19
500103004,20231107,103,23,4,1,25.06864,121.5107,19
500103004,20231107,104,23,4,1,25.06864,121.5107,19
500103004,20231107,105,23,4,1,25.06864,121.5107,19
500103004,20231107,106,23,4,1,25.06864,121.5107,19
500103004,20231107,107,23,4,1,25.06864,121.5107,19
500103004,20231107,108,23,4,1,25.06864,121.5107,19
500103004,20231107,109,23,4,1,25.06864,121.5107,19
500103004,20231107,111,23,4,1,25.06864,121.5107,19
500103004,20231107,112,23,4,1,25.06864,121.5107,19
500103004,20231107,113,23,4,1,25.06864,121.5107,19
500103004,20231107,114,23,4,1,25.06864,121.5107,19
500103004,20231107,115,23,4,1,25.06864,121.5107,19
500103004,20231107,116,23,4,1,25.06864,121.5107,19
500103004,20231107,117,23,4,1,25.06864,121.5107,19
500103004,20231107,118,23,4,1,25.06864,121.5107,19
500103004,20231107,119,23,4,1,25.06864,121.5107,19
500103004,20231107,121,23,4,1,25.06864,121.5107,19
500103004,20231107,122,23,4,1,25.06864,121.5107,19
500103004,20231107,123,23,4,1,25.06864,121.5107,19
500103004,20231107,124,23,4,1,25.06864,121.5107,19
500103004,20231107,125,23,4,1,25.06864,121.5107,19
500103004,20231107,126,23,4,1,25.06864,121.5107,19
500103004,20231107,127,23,4,1,25.06864,121.5107,19
500103004,20231107,128,23,4,1,25.06864,121.5107,19
500103004,20231107,129,23,4,1,25.06864,121.5107,19
500103004,20231107,131,23,4,1,25.06864,121.5107,19
500103004,20231107,132,23,4,1,25.06864,121.5107,19
500103004,20231107,133,23,4,1,25.06864,121.5107,19
500103004,20231107,134,23,4,1,25.06864,121.5107,19
500103004,20231107,135,23,4,1,25.06864,121.5107,19
500103004,20231107,136,23,4,1,25.06864,121.5107,19
500103004,20231107,137,23,4,1,25.06864,121.5107,19
500103004,20231107,138,23,4,1,25.06864,121.5107,19
500103004,20231107,139,23,4,1,25.06864,121.5107,19
500103004,20231107,141,23,4,1,25.06864,121.5107,19
500103004,20231107,142,23,4,1,25.06864,121.5107,19
500103004,20231107,143,23,4,1,25.06864,121.5107,19
500103004,20231107,144,23,4,1,25.06864,121.5107,19
500103004,20231107,145,23,4,1,25.06864,121.5107,19
500103004,20231107,146,23,4,1,25.06864,121.5107,19
500103004,20231107,147,23,4,1,25.06864,121.5107,19
500103004,20231107,148,23,4,1,25.06864,121.5107,19
500103004,20231107,149,23,4,1,25.06864,121.5107,19
500103004,20231107,150,23,4,1,25.06864,121.5107,19
500103004,20231107,151,23,4,1,25.06864,121.5107,19
500103004,20231107,152,23,4,1,25.06864,121.5107,19
500103004,20231107,153,23,4,1,25.06864,121.5107,19
500103004,20231107,154,23,4,1,25.06864,121.5107,19
500103004,20231107,155,23,4,1,25.06864,121.5107,19
500103004,20231107,156,23,4,1,25.06864,121.5107,19
500103004,20231107,157,23,4,1,25.06864,121.5107,19
500103004,20231107,158,23,4,1,25.06864,121.5107,19
500103004,20231107,159,23,4,1,25.06864,121.5107,19
500103004,20231107,160,23,4,1,25.06864,121.5107,19
500103004,20231107,161,23,4,1,25.06864,121.5107,19
500103004,20231107,162,23,4,1,25.06864,121.5107,19
500103004,20231107,163,23,4,1,25.06864,121.5107,19
500103004,20231107,164,23,4,1,25.06864,121.5107,19
500103004,20231107,165,23,4,1,25.06864,121.5107,19
500103004,20231107,166,23,4,1,25.06864,121.5107,19
500103004,20231107,167,23,4,1,25.06864,121.5107,19
500103004,20231107,168,23,4,1,25.06864,121.5107,19
500103004,20231107,169,23,4,1,25.06864,121.5107,19
500103004,20231107,170,23,4,1,25.06864,121.5107,19
500103004,20231107,171,23,4,1,25.06864,121.5107,19
500103004,20231107,172,23,4,1,25.06864,121.5107,19
500103004,20231107,173,23,4,1,25.06864,121.5107,19
500103004,20231107,174,23,4,1,25.06864,121.5107,19
500103004,20231107,175,23,4,1,25.06864,121.5107,19
500103004,20231107,176,23,4,1,25.06864,121.5107,19
500103004,20231107,177,23,4,1,25.06864,121.5107,19
500103004,20231107,178,23,4,1,25.06864,121.5107,19
500103004,20231107,179,23,4,1,25.06864,121.5107,19
500103004,20231107,180,23,4,1,25.06864,121.5107,19
500103004,20231107,181,23,4,1,25.06864,121.5107,19
500103004,20231107,182,23,4,1,25.06864,121.5107,19
500103004,20231107,183,23,4,1,25.06864,121.5107,19
500103004,20231107,184,23,4,1,25.06864,121.5107,19
500103004,20231107,185,23,4,1,25.06864,121.5107,19
500103004,20231107,186,23,4,1,25.06864,121.5107,19
500103004,20231107,187,23,4,1,25.06864,121.5107,19
500103004,20231107,188,23,4,1,25.06864,121.5107,19
500103004,20231107,189,23,4,1,25.06864,121.5107,19
500103004,20231107,190,23,4,1,25.06864,121.5107,19
500103004,20231107,191,23,4,1,25.06864,121.5107,19
500103004,20231107,192,23,4,1,25.06864,121.5107,19
500103004,20231107,193,23,4,1,25.06864,121.5107,19
500103004,20231107,194,23,4,1,25.06864,121.5107,19
500103004,20231107,195,23,4,1,25.06864,121.5107,19
500103004,20231107,196,23,4,1,25.06864,121.5107,19
500103004,20231107,197,23,4,1,25.06864,121.5107,19
500103004,20231107,198,23,4,1,25.06864,121.5107,19
500103004,20231107,199,23,4,1,25.06864,121.5107,19
500103004,20231107,201,23,4,1,25.06864,121.5107,19
500103004,20231107,202,23,4,1,25.06864,121.5107,19
500103004,20231107,203,23,4,1,25.06864,121.5107,19
500103004,20231107,204,23,4,1,25.06864,121.5107,19
500103004,20231107,205,23,4,1,25.06864,121.5107,19
500103004,20231107,206,23,4,1,25.06864,121.5107,19
500103004,20231107,207,23,4,1,25.06864,121.5107,19
500103004,20231107,208,23,4,1,25.06864,121.5107,19
500103004,20231107,209,23,4,1,25.06864,121.5107,19
500103004,20231107,210,23,4,1,25.06864,121.5107,19
500103004,20231107,211,23,4,1,25.06864,121.5107,19
500103004,20231107,212,23,4,1,25.06864,121.5107,19
500103004,20231107,213,23,4,1,25.06864,121.5107,19
500103004,20231107,214,23,4,1,25.06864,121.5107,19
500103004,20231107,215,23,4,1,25.06864,121.5107,19
500103004,20231107,216,23,4,1,25.06864,121.5107,19
500103004,20231107,217,23,4,1,25.06864,121.5107,19
500103004,20231107,218,23,4,1,25.06864,121.5107,19
500103004,20231107,219,23,4,1,25.06864,121.5107,19
500103004,20231107,220,23,4,1,25.06864,121.5107,19
500103004,20231107,221,23,4,1,25.06864,121.5107,19
500103004,20231107,222,23,4,1,25.06864,121.5107,19
500103004,20231107,223,23,4,1,25.06864,121.5107,19
500103004,20231107,224,23,4,1,25.06864,121.5107,19
500103004,20231107,225,23,4,1,25.06864,121.5107,19
500103004,20231107,226,23,4,1,25.06864,121.5107,19
500103004,20231107,227,23,4,1,25.06864,121.5107,19
500103004,20231107,228,23,4,1,25.06864,121.5107,19
500103004,20231107,229,23,4,1,25.06864,121.5107,19
500103004,20231107,230,23,4,1,25.06864,121.5107,19
500103004,20231107,232,23,4,1,25.06864,121.5107,19
500103004,20231107,233,23,4,1,25.06864,121.5107,19
500103004,20231107,234,23,4,1,25.06864,121.5107,19
500103004,20231107,235,23,4,1,25.06864,121.5107,19
500103004,20231107,236,23,4,1,25.06864,121.5107,19
500103004,20231107,237,23,4,1,25.06864,121.5107,19
500103004,20231107,238,23,4,1,25.06864,121.5107,19
500103004,20231107,239,23,4,1,25.06864,121.5107,19
500103004,20231107,240,23,4,1,25.06864,121.5107,19
500103004,20231107,242,23,4,1,25.06864,121.5107,19
500103004,20231107,243,23,4,1,25.06864,121.5107,19
500103004,20231107,244,23,4,1,25.06864,121.5107,19
500103004,20231107,245,23,4,1,25.06864,121.5107,19
500103004,20231107,246,23,4,1,25.06864,121.5107,19
500103004,20231107,247,23,4,1,25.06864,121.5107,19
500103004,20231107,248,23,4,1,25.06864,121.5107,19
500103004,20231107,249,23,4,1,25.06864,121.5107,19
500103004,20231107,251,23,4,1,25.06864,121.5107,19
500103004,20231107,252,23,4,1,25.06864,121.5107,19
500103004,20231107,253,23,4,1,25.06864,121.5107,19
500103004,20231107,254,23,4,1,25.06864,121.5107,19
500103004,20231107,255,23,4,1,25.06864,121.5107,19
500103004,20231107,256,23,4,1,25.06864,121.5107,19
500103004,20231107,257,23,4,1,25.06864,121.5107,19
500103004,20231107,258,23,4,1,25.06864,121.5107,19
500103004,20231107,259,23,4,1,25.06864,121.5107,19
500103004,20231107,261,23,4,1,25.06864,121.5107,19
500103004,20231107,262,23,4,1,25.06864,121.5107,19
500103004,20231107,263,23,4,1,25.06864,121.5107,19
500103004,20231107,264,23,4,1,25.06864,121.5107,19
500103004,20231107,265,23,4,1,25.06864,121.5107,19
500103004,20231107,266,23,4,1,25.06864,121.5107,19
500103004,20231107,267,23,4,1,25.06864,121.5107,19
500103004,20231107,268,23,4,1,25.06864,121.5107,19
500103004,20231107,269,23,4,1,25.06864,121.5107,19
500103004,20231107,271,23,4,1,25.06864,121.5107,19
500103004,20231107,272,23,4,1,25.06864,121.5107,19
500103004,20231107,273,23,4,1,25.06864,121.5107,19
500103004,20231107,274,23,4,1,25.06864,121.5107,19
500103004,20231107,275,23,4,1,25.06864,121.5107,19
500103004,20231107,276,23,4,1,25.06864,121.5107,19
500103004,20231107,277,23,4,1,25.06864,121.5107,19
500103004,20231107,278,23,4,1,25.06864,121.5107,19
500103004,20231107,279,23,4,1,25.06864,121.5107,19
500103004,20231107,281,23,4,1,25.06864,121.5107,19
500103004,20231107,282,23,4,1,25.06864,121.5107,19
500103004,20231107,283,23,4,1,25.06864,121.5107,19
500103004,20231107,284,23,4,1,25.06864,121.5107,19
500103004,20231107,285,23,4,1,25.06864,121.5107,19
500103004,20231107,286,23,4,1,25.06864,121.5107,19
500103004,20231107,287,23,4,1,25.06864,121.5107,19
500103004,20231107,288,23,4,1,25.06864,121.5107,19
500103004,20231107,289,23,4,1,25.06864,121.5107,19
500103004,20231107,291,23,4,1,25.06864,121.5107,19
500103004,20231107,292,23,4,1,25.06864,121.5107,19
500103004,20231107,293,23,4,1,25.06864,121.5107,19
500103004,20231107,294,23,4,1,25.06864,121.5107,19
500103004,20231107,295,23,4,1,25.06864,121.5107,19
500103004,20231107,296,23,4,1,25.06864,121.5107,19
500103004,20231107,297,23,4,1,25.06864,121.5107,19
500103004,20231107,298,23,4,1,25.06864,121.5107,19
500103004,20231107,299,23,4,1,25.06864,121.5107,19
500103004,20231107,301,23,4,1,25.06864,121.5107,19
500103004,20231107,302,23,4,1,25.06864,121.5107,19
500103004,20231107,303,23,4,1,25.06864,121.5107,19
500103004,20231107,304,23,4,1,25.06864,121.5107,19
500103004,20231107,305,23,4,1,25.06864,121.5107,19
500103004,20231107,306,23,4,1,25.06864,121.5107,19
500103004,20231107,307,23,4,1,25.06864,121.5107,19
500103004,20231107,308,23,4,1,25.06864,121.5107,19
500103004,20231107,309,23,4,1,25.06864,121.5107,19
500103004,20231107,310,23,4,1,25.06864,121.5107,19
500103004,20231107,311,23,4,1,25.06864,121.5107,19
500103004,20231107,312,23,4,1,25.06864,121.5107,19
500103004,20231107,313,23,4,1,25.06864,121.5107,19
500103004,20231107,314,23,4,1,25.06864,121.5107,19
500103004,20231107,315,23,4,1,25.06864,121.5107,19
500103004,20231107,316,23,4,1,25.06864,121.5107,19
500103004,20231107,317,23,4,1,25.06864,121.5107,19
500103004,20231107,318,23,4,1,25.06864,121.5107,19
500103004,20231107,319,23,4,1,25.06864,121.5107,19
500103004,20231107,321,23,4,1,25.06864,121.5107,19
500103004,20231107,322,23,4,1,25.06864,121.5107,19
500103004,20231107,323,23,4,1,25.06864,121.5107,19
500103004,20231107,324,23,4,1,25.06864,121.5107,19
500103004,20231107,325,23,4,1,25.06864,121.5107,19
500103004,20231107,326,23,4,1,25.06864,121.5107,19
500103004,20231107,327,23,4,1,25.06864,121.5107,19
500103004,20231107,328,23,4,1,25.06864,121.5107,19
500103004,20231107,329,23,4,1,25.06864,121.5107,19
500103004,20231107,330,23,4,1,25.06864,121.5107,19
500103004,20231107,331,23,4,1,25.06864,121.5107,19
500103004,20231107,332,23,4,1,25.06864,121.5107,19
500103004,20231107,333,23,4,1,25.06864,121.5107,19
500103004,20231107,334,23,4,1,25.06864,121.5107,19
500103004,20231107,335,23,4,1,25.06864,121.5107,19
500103004,20231107,336,23,4,1,25.06864,121.5107,19
500103004,20231107,337,23,4,1,25.06864,121.5107,19
500103004,20231107,338,23,4,1,25.06864,121.5107,19
500103004,20231107,339,23,4,1,25.06864,121.5107,19
500103004,20231107,340,23,4,1,25.06864,121.5107,19
500103004,20231107,341,23,4,1,25.06864,121.5107,19
500103004,20231107,342,23,4,1,25.06864,121.5107,19
500103004,20231107,343,23,4,1,25.06864,121.5107,19
500103004,20231107,344,23,4,1,25.06864,121.5107,19
500103004,20231107,345,23,4,1,25.06864,121.5107,19
500103004,20231107,346,23,4,1,25.06864,121.5107,19
500103004,20231107,347,23,4,1,25.06864,121.5107,19
500103004,20231107,348,23,4,1,25.06864,121.5107,19
500103004,20231107,349,23,4,1,25.06864,121.5107,19
500103004,20231107,350,23,4,1,25.06864,121.5107,19
500103004,20231107,351,23,4,1,25.06864,121.5107,19
500103004,20231107,352,23,4,1,25.06864,121.5107,19
500103004,20231107,353,23,4,1,25.06864,121.5107,19
500103004,20231107,354,23,5,1,25.06864,121.5107,18
500103004,20231107,355,23,5,1,25.06864,121.5107,18
500103004,20231107,356,23,5,1,25.06864,121.5107,18
500103004,20231107,357,23,5,1,25.06864,121.5107,18
500103004,20231107,358,23,5,1,25.06864,121.5107,18
500103004,20231107,359,23,5,1,25.06864,121.5107,18
500103004,20231107,360,23,5,1,25.06864,121.5107,18
500103004,20231107,361,23,5,1,25.06864,121.5107,18
500103004,20231107,362,23,6,1,25.06864,121.5107,17
500103004,20231107,363,23,5,1,25.06864,121.5107,18
500103004,20231107,364,23,4,1,25.06864,121.5107,19
500103004,20231107,365,23,4,1,25.06864,121.5107,19
500103004,20231107,366,23,4,1,25.06864,121.5107,19
500103004,20231107,367,23,4,1,25.06864,121.5107,19
500103004,20231107,368,23,4,1,25.06864,121.5107,19
500103004,20231107,369,23,4,1,25.06864,121.5107,19
500103004,20231107,370,23,4,1,25.06864,121.5107,19
500103004,20231107,371,23,4,1,25.06864,121.5107,19
500103004,20231107,372,23,4,1,25.06864,121.5107,19
500103004,20231107,373,23,4,1,25.06864,121.5107,19
500103004,20231107,374,23,4,1,25.06864,121.5107,19
500103004,20231107,375,23,4,1,25.06864,121.5107,19
500103004,20231107,376,23,4,1,25.06864,121.5107,19
500103004,20231107,377,23,4,1,25.06864,121.5107,19
500103004,20231107,378,23,4,1,25.06864,121.5107,19
500103004,20231107,379,23,4,1,25.06864,121.5107,19
500103004,20231107,381,23,4,1,25.06864,121.5107,19
500103004,20231107,382,23,4,1,25.06864,121.5107,19
500103004,20231107,383,23,4,1,25.06864,121.5107,19
500103004,20231107,384,23,4,1,25.06864,121.5107,19
500103004,20231107,385,23,4,1,25.06864,121.5107,19
500103004,20231107,386,23,4,1,25.06864,121.5107,19
500103004,20231107,387,23,4,1,25.06864,121.5107,19
500103004,20231107,388,23,4,1,25.06864,121.5107,19
500103004,20231107,389,23,5,1,25.06864,121.5107,18
500103004,20231107,390,23,5,1,25.06864,121.5107,18
500103004,20231107,391,23,5,1,25.06864,121.5107,18
500103004,20231107,392,23,5,1,25.06864,121.5107,18
500103004,20231107,393,23,6,1,25.06864,121.5107,17
500103004,20231107,394,23,5,1,25.06864,121.5107,18
500103004,20231107,395,23,5,1,25.06864,121.5107,18
500103004,20231107,396,23,5,1,25.06864,121.5107,18
500103004,20231107,397,23,5,1,25.06864,121.5107,18
500103004,20231107,398,23,5,1,25.06864,121.5107,18
500103004,20231107,399,23,5,1,25.06864,121.5107,18
500103004,20231107,400,23,6,1,25.06864,121.5107,17
500103004,20231107,401,23,6,1,25.06864,121.5107,17
500103004,20231107,403,23,7,1,25.06864,121.5107,16
500103004,20231107,404,23,7,1,25.06864,121.5107,16
500103004,20231107,405,23,7,1,25.06864,121.5107,16
500103004,20231107,406,23,8,1,25.06864,121.5107,15
500103004,20231107,407,23,8,1,25.06864,121.5107,15
500103004,20231107,408,23,8,1,25.06864,121.5107,15
500103004,20231107,409,23,8,1,25.06864,121.5107,15
500103004,20231107,411,23,8,1,25.06864,121.5107,15
500103004,20231107,412,23,8,1,25.06864,121.5107,15
500103004,20231107,413,23,8,1,25.06864,121.5107,15
500103004,20231107,414,23,10,1,25.06864,121.5107,13
500103004,20231107,415,23,10,1,25.06864,121.5107,13
500103004,20231107,416,23,9,1,25.06864,121.5107,14
500103004,20231107,417,23,9,1,25.06864,121.5107,14
500103004,20231107,418,23,9,1,25.06864,121.5107,14
500103004,20231107,419,23,9,1,25.06864,121.5107,14
500103004,20231107,421,23,9,1,25.06864,121.5107,14
500103004,20231107,422,23,10,1,25.06864,121.5107,13
500103004,20231107,423,23,10,1,25.06864,121.5107,13
500103004,20231107,424,23,10,1,25.06864,121.5107,13
500103004,20231107,425,23,10,1,25.06864,121.5107,13
500103004,20231107,426,23,10,1,25.06864,121.5107,13
500103004,20231107,427,23,10,1,25.06864,121.5107,13
500103004,20231107,428,23,12,1,25.06864,121.5107,11
500103004,20231107,429,23,12,1,25.06864,121.5107,11
500103004,20231107,431,23,12,1,25.06864,121.5107,11
500103004,20231107,432,23,13,1,25.06864,121.5107,10
500103004,20231107,433,23,13,1,25.06864,121.5107,10
500103004,20231107,434,23,13,1,25.06864,121.5107,10
500103004,20231107,435,23,13,1,25.06864,121.5107,10
500103004,20231107,436,23,13,1,25.06864,121.5107,10
500103004,20231107,437,23,13,1,25.06864,121.5107,10
500103004,20231107,438,23,13,1,25.06864,121.5107,10
500103004,20231107,439,23,15,1,25.06864,121.5107,8
500103004,20231107,441,23,15,1,25.06864,121.5107,8
500103004,20231107,442,23,15,1,25.06864,121.5107,8
500103004,20231107,443,23,15,1,25.06864,121.5107,8
500103004,20231107,444,23,15,1,25.06864,121.5107,8
500103004,20231107,445,23,15,1,25.06864,121.5107,8
500103004,20231107,446,23,15,1,25.06864,121.5107,8
500103004,20231107,447,23,15,1,25.06864,121.5107,8
500103004,20231107,448,23,16,1,25.06864,121.5107,7
500103004,20231107,449,23,16,1,25.06864,121.5107,7
500103004,20231107,451,23,16,1,25.06864,121.5107,7
500103004,20231107,452,23,16,1,25.06864,121.5107,7
500103004,20231107,453,23,17,1,25.06864,121.5107,6
500103004,20231107,454,23,17,1,25.06864,121.5107,6
500103004,20231107,455,23,18,1,25.06864,121.5107,5
500103004,20231107,456,23,18,1,25.06864,121.5107,5
500103004,20231107,457,23,19,1,25.06864,121.5107,4
500103004,20231107,458,23,21,1,25.06864,121.5107,2
500103004,20231107,459,23,22,1,25.06864,121.5107,1
500103004,20231107,461,23,23,1,25.06864,121.5107,0
500103004,20231107,462,23,23,1,25.06864,121.5107,0
500103004,20231107,463,23,23,1,25.06864,121.5107,0
500103004,20231107,464,23,23,1,25.06864,121.5107,0
500103004,20231107,465,23,23,1,25.06864,121.5107,0
500103004,20231107,466,23,23,1,25.06864,121.5107,0
500103004,20231107,467,23,23,1,25.06864,121.5107,0
500103004,20231107,468,23,23,1,25.06864,121.5107,0
500103004,20231107,469,23,23,1,25.06864,121.5107,0
500103004,20231107,471,23,23,1,25.06864,121.5107,0
500103004,20231107,472,23,23,1,25.06864,121.5107,0
500103004,20231107,473,23,23,1,25.06864,121.5107,0
500103004,20231107,474,23,23,1,25.06864,121.5107,0
500103004,20231107,475,23,23,1,25.06864,121.5107,0
500103004,20231107,476,23,22,1,25.06864,121.5107,1
500103004,20231107,477,23,22,1,25.06864,121.5107,1
500103004,20231107,478,23,22,1,25.06864,121.5107,1
500103004,20231107,479,23,21,1,25.06864,121.5107,2
500103004,20231107,481,23,21,1,25.06864,121.5107,2
500103004,20231107,482,23,22,1,25.06864,121.5107,1
500103004,20231107,483,23,22,1,25.06864,121.5107,1
500103004,20231107,484,23,22,1,25.06864,121.5107,1
500103004,20231107,485,23,23,1,25.06864,121.5107,0
500103004,20231107,486,23,22,1,25.06864,121.5107,1
500103004,20231107,487,23,23,1,25.06864,121.5107,0
500103004,20231107,488,23,23,1,25.06864,121.5107,0
500103004,20231107,489,23,18,1,25.06864,121.5107,5
500103004,20231107,490,23,12,1,25.06864,121.5107,11
500103004,20231107,491,23,8,1,25.06864,121.5107,15
500103004,20231107,492,23,6,1,25.06864,121.5107,17
500103004,20231107,493,23,4,1,25.06864,121.5107,19
500103004,20231107,494,23,3,1,25.06864,121.5107,20
500103004,20231107,495,23,3,1,25.06864,121.5107,20
500103004,20231107,496,23,1,1,25.06864,121.5107,22
500103004,20231107,497,23,0,1,25.06864,121.5107,23
500103004,20231107,498,23,0,1,25.06864,121.5107,23
500103004,20231107,499,23,1,1,25.06864,121.5107,22
500103004,20231107,501,23,1,1,25.06864,121.5107,22
500103004,20231107,502,23,1,1,25.06864,121.5107,22
500103004,20231107,503,23,1,1,25.06864,121.5107,22
500103004,20231107,504,23,3,1,25.06864,121.5107,20
500103004,20231107,505,23,3,1,25.06864,121.5107,20
500103004,20231107,506,23,3,1,25.06864,121.5107,20
500103004,20231107,507,23,5,1,25.06864,121.5107,18
500103004,20231107,508,23,5,1,25.06864,121.5107,18
500103004,20231107,509,23,5,1,25.06864,121.5107,18
500103004,20231107,511,23,5,1,25.06864,121.5107,18
500103004,20231107,512,23,5,1,25.06864,121.5107,18
500103004,20231107,513,23,5,1,25.06864,121.5107,18
500103004,20231107,514,23,5,1,25.06864,121.5107,18
500103004,20231107,515,23,4,1,25.06864,121.5107,19
500103004,20231107,516,23,4,1,25.06864,121.5107,19
500103004,20231107,517,23,5,1,25.06864,121.5107,18
500103004,20231107,518,23,5,1,25.06864,121.5107,18
500103004,20231107,519,23,5,1,25.06864,121.5107,18
500103004,20231107,520,23,5,1,25.06864,121.5107,18
500103004,20231107,521,23,6,1,25.06864,121.5107,17
500103004,20231107,522,23,6,1,25.06864,121.5107,17
500103004,20231107,523,23,6,1,25.06864,121.5107,17
500103004,20231107,524,23,6,1,25.06864,121.5107,17
500103004,20231107,525,23,5,1,25.06864,121.5107,18
500103004,20231107,526,23,5,1,25.06864,121.5107,18
500103004,20231107,527,23,5,1,25.06864,121.5107,18
500103004,20231107,528,23,5,1,25.06864,121.5107,17
500103004,20231107,529,23,4,1,25.06864,121.5107,18
500103004,20231107,530,23,4,1,25.06864,121.5107,18
500103004,20231107,531,23,4,1,25.06864,121.5107,18
500103004,20231107,532,23,5,1,25.06864,121.5107,17
500103004,20231107,533,23,7,1,25.06864,121.5107,15
500103004,20231107,534,23,7,1,25.06864,121.5107,15
500103004,20231107,535,23,7,1,25.06864,121.5107,15
500103004,20231107,536,23,8,1,25.06864,121.5107,14
500103004,20231107,537,23,9,1,25.06864,121.5107,13
500103004,20231107,538,23,9,1,25.06864,121.5107,13
500103004,20231107,539,23,9,1,25.06864,121.5107,13
500103004,20231107,541,23,9,1,25.06864,121.5107,13
500103004,20231107,542,23,10,1,25.06864,121.5107,12
500103004,20231107,543,23,9,1,25.06864,121.5107,13
500103004,20231107,544,23,10,1,25.06864,121.5107,12
500103004,20231107,545,23,10,1,25.06864,121.5107,12
500103004,20231107,546,23,10,1,25.06864,121.5107,12
500103004,20231107,547,23,10,1,25.06864,121.5107,12
500103004,20231107,548,23,10,1,25.06864,121.5107,12
500103004,20231107,549,23,11,1,25.06864,121.5107,11
500103004,20231107,550,23,12,1,25.06864,121.5107,10
500103004,20231107,551,23,12,1,25.06864,121.5107,10
500103004,20231107,552,23,13,1,25.06864,121.5107,9
500103004,20231107,553,23,12,1,25.06864,121.5107,10
500103004,20231107,554,23,13,1,25.06864,121.5107,9
500103004,20231107,555,23,13,1,25.06864,121.5107,9
500103004,20231107,556,23,13,1,25.06864,121.5107,9
500103004,20231107,557,23,13,1,25.06864,121.5107,9
500103004,20231107,558,23,12,1,25.06864,121.5107,10
500103004,20231107,559,23,13,1,25.06864,121.5107,9
500103004,20231107,561,23,14,1,25.06864,121.5107,8
500103004,20231107,562,23,14,1,25.06864,121.5107,9
500103004,20231107,563,23,14,1,25.06864,121.5107,9
500103004,20231107,564,23,15,1,25.06864,121.5107,8
500103004,20231107,565,23,15,1,25.06864,121.5107,8
500103004,20231107,566,23,14,1,25.06864,121.5107,9
500103004,20231107,567,23,13,1,25.06864,121.5107,10
500103004,20231107,568,23,13,1,25.06864,121.5107,10
500103004,20231107,569,23,13,1,25.06864,121.5107,10
500103004,20231107,571,23,13,1,25.06864,121.5107,10
500103004,20231107,572,23,13,1,25.06864,121.5107,10
500103004,20231107,573,23,12,1,25.06864,121.5107,11
500103004,20231107,574,23,12,1,25.06864,121.5107,11
500103004,20231107,575,23,11,1,25.06864,121.5107,12
500103004,20231107,576,23,12,1,25.06864,121.5107,11
500103004,20231107,577,23,12,1,25.06864,121.5107,11
500103004,20231107,579,23,12,1,25.06864,121.5107,11
500103004,20231107,581,23,12,1,25.06864,121.5107,11
500103004,20231107,582,23,12,1,25.06864,121.5107,11
500103004,20231107,583,23,13,1,25.06864,121.5107,10
500103004,20231107,584,23,13,1,25.06864,121.5107,10
500103004,20231107,585,23,13,1,25.06864,121.5107,10
500103004,20231107,587,23,14,1,25.06864,121.5107,9
500103004,20231107,588,23,15,1,25.06864,121.5107,8
500103004,20231107,589,23,15,1,25.06864,121.5107,8
500103004,20231107,591,23,15,1,25.06864,121.5107,8
500103004,20231107,592,23,17,1,25.06864,121.5107,6
500103004,20231107,593,23,17,1,25.06864,121.5107,6
500103004,20231107,594,23,17,1,25.06864,121.5107,6
500103004,20231107,595,23,17,1,25.06864,121.5107,6
500103004,20231107,596,23,14,1,25.06864,121.5107,9
500103004,20231107,597,23,14,1,25.06864,121.5107,9
500103004,20231107,598,23,14,1,25.06864,121.5107,9
500103004,20231107,599,23,14,1,25.06864,121.5107,9
500103004,20231107,601,23,14,1,25.06864,121.5107,9
500103004,20231107,602,23,13,1,25.06864,121.5107,10
500103004,20231107,603,23,14,1,25.06864,121.5107,9
500103004,20231107,604,23,14,1,25.06864,121.5107,9
500103004,20231107,605,23,14,1,25.06864,121.5107,9
500103004,20231107,606,23,14,1,25.06864,121.5107,9
500103004,20231107,607,23,14,1,25.06864,121.5107,9
500103004,20231107,608,23,14,1,25.06864,121.5107,9
500103004,20231107,609,23,15,1,25.06864,121.5107,8
500103004,20231107,611,23,16,1,25.06864,121.5107,7
500103004,20231107,612,23,16,1,25.06864,121.5107,7
500103004,20231107,613,23,16,1,25.06864,121.5107,7
500103004,20231107,614,23,16,1,25.06864,121.5107,7
500103004,20231107,615,23,16,1,25.06864,121.5107,7
500103004,20231107,616,23,16,1,25.06864,121.5107,7
500103004,20231107,617,23,16,1,25.06864,121.5107,7
500103004,20231107,618,23,16,1,25.06864,121.5107,7
500103004,20231107,619,23,16,1,25.06864,121.5107,7
500103004,20231107,621,23,16,1,25.06864,121.5107,7
500103004,20231107,622,23,16,1,25.06864,121.5107,7
500103004,20231107,623,23,16,1,25.06864,121.5107,7
500103004,20231107,624,23,16,1,25.06864,121.5107,7
500103004,20231107,625,23,16,1,25.06864,121.5107,7
500103004,20231107,626,23,16,1,25.06864,121.5107,7
500103004,20231107,627,23,16,1,25.06864,121.5107,7
500103004,20231107,628,23,16,1,25.06864,121.5107,7
500103004,20231107,629,23,16,1,25.06864,121.5107,7
500103004,20231107,631,23,16,1,25.06864,121.5107,7
500103004,20231107,632,23,16,1,25.06864,121.5107,7
500103004,20231107,633,23,17,1,25.06864,121.5107,6
500103004,20231107,634,23,17,1,25.06864,121.5107,6
500103004,20231107,635,23,17,1,25.06864,121.5107,6
500103004,20231107,636,23,17,1,25.06864,121.5107,6
500103004,20231107,637,23,17,1,25.06864,121.5107,6
500103004,20231107,638,23,17,1,25.06864,121.5107,6
500103004,20231107,639,23,17,1,25.06864,121.5107,6
500103004,20231107,641,23,17,1,25.06864,121.5107,6
500103004,20231107,642,23,18,1,25.06864,121.5107,5
500103004,20231107,643,23,18,1,25.06864,121.5107,5
500103004,20231107,644,23,18,1,25.06864,121.5107,5
500103004,20231107,645,23,18,1,25.06864,121.5107,5
500103004,20231107,646,23,18,1,25.06864,121.5107,5
500103004,20231107,647,23,18,1,25.06864,121.5107,5
500103004,20231107,648,23,18,1,25.06864,121.5107,5
500103004,20231107,649,23,18,1,25.06864,121.5107,5
500103004,20231107,650,23,19,1,25.06864,121.5107,4
500103004,20231107,651,23,19,1,25.06864,121.5107,4
500103004,20231107,652,23,19,1,25.06864,121.5107,4
500103004,20231107,653,23,19,1,25.06864,121.5107,4
500103004,20231107,654,23,19,1,25.06864,121.5107,4
500103004,20231107,655,23,19,1,25.06864,121.5107,4
500103004,20231107,656,23,19,1,25.06864,121.5107,4
500103004,20231107,657,23,19,1,25.06864,121.5107,4
500103004,20231107,658,23,19,1,25.06864,121.5107,4
500103004,20231107,659,23,19,1,25.06864,121.5107,4
500103004,20231107,661,23,19,1,25.06864,121.5107,4
500103004,20231107,662,23,19,1,25.06864,121.5107,4
500103004,20231107,663,23,18,1,25.06864,121.5107,5
500103004,20231107,664,23,18,1,25.06864,121.5107,5
500103004,20231107,665,23,18,1,25.06864,121.5107,5
500103004,20231107,666,23,18,1,25.06864,121.5107,5
500103004,20231107,667,23,18,1,25.06864,121.5107,5
500103004,20231107,668,23,18,1,25.06864,121.5107,5
500103004,20231107,669,23,18,1,25.06864,121.5107,5
500103004,20231107,670,23,19,1,25.06864,121.5107,4
500103004,20231107,671,23,19,1,25.06864,121.5107,4
500103004,20231107,672,23,18,1,25.06864,121.5107,5
500103004,20231107,673,23,18,1,25.06864,121.5107,5
500103004,20231107,674,23,18,1,25.06864,121.5107,5
500103004,20231107,675,23,18,1,25.06864,121.5107,5
500103004,20231107,676,23,18,1,25.06864,121.5107,5
500103004,20231107,677,23,18,1,25.06864,121.5107,5
500103004,20231107,678,23,18,1,25.06864,121.5107,5
500103004,20231107,679,23,18,1,25.06864,121.5107,5
500103004,20231107,681,23,18,1,25.06864,121.5107,5
500103004,20231107,682,23,18,1,25.06864,121.5107,5
500103004,20231107,683,23,18,1,25.06864,121.5107,5
500103004,20231107,684,23,18,1,25.06864,121.5107,5
500103004,20231107,685,23,16,1,25.06864,121.5107,7
500103004,20231107,686,23,16,1,25.06864,121.5107,7
500103004,20231107,687,23,16,1,25.06864,121.5107,7
500103004,20231107,688,23,16,1,25.06864,121.5107,7
500103004,20231107,689,23,16,1,25.06864,121.5107,7
500103004,20231107,691,23,16,1,25.06864,121.5107,7
500103004,20231107,692,23,16,1,25.06864,121.5107,7
500103004,20231107,693,23,16,1,25.06864,121.5107,7
500103004,20231107,694,23,16,1,25.06864,121.5107,7
500103004,20231107,695,23,16,1,25.06864,121.5107,7
500103004,20231107,696,23,16,1,25.06864,121.5107,7
500103004,20231107,697,23,17,1,25.06864,121.5107,6
500103004,20231107,698,23,17,1,25.06864,121.5107,6
500103004,20231107,699,23,17,1,25.06864,121.5107,6
500103004,20231107,700,23,17,1,25.06864,121.5107,6
500103004,20231107,701,23,17,1,25.06864,121.5107,6
500103004,20231107,702,23,17,1,25.06864,121.5107,6
500103004,20231107,703,23,16,1,25.06864,121.5107,7
500103004,20231107,704,23,16,1,25.06864,121.5107,7
500103004,20231107,705,23,15,1,25.06864,121.5107,8
500103004,20231107,706,23,15,1,25.06864,121.5107,8
500103004,20231107,707,23,15,1,25.06864,121.5107,8
500103004,20231107,708,23,15,1,25.06864,121.5107,8
500103004,20231107,709,23,15,1,25.06864,121.5107,8
500103004,20231107,710,23,14,1,25.06864,121.5107,9
500103004,20231107,711,23,14,1,25.06864,121.5107,9
500103004,20231107,712,23,14,1,25.06864,121.5107,9
500103004,20231107,713,23,15,1,25.06864,121.5107,8
500103004,20231107,714,23,15,1,25.06864,121.5107,8
500103004,20231107,715,23,15,1,25.06864,121.5107,8
500103004,20231107,716,23,15,1,25.06864,121.5107,8
500103004,20231107,717,23,15,1,25.06864,121.5107,8
500103004,20231107,718,23,15,1,25.06864,121.5107,8
500103004,20231107,719,23,14,1,25.06864,121.5107,9
500103004,20231107,721,23,14,1,25.06864,121.5107,9
500103004,20231107,722,23,14,1,25.06864,121.5107,9
500103004,20231107,723,23,16,1,25.06864,121.5107,7
500103004,20231107,724,23,17,1,25.06864,121.5107,6
500103004,20231107,725,23,17,1,25.06864,121.5107,6
500103004,20231107,726,23,17,1,25.06864,121.5107,6
500103004,20231107,727,23,17,1,25.06864,121.5107,6
500103004,20231107,728,23,19,1,25.06864,121.5107,4
500103004,20231107,729,23,19,1,25.06864,121.5107,4
500103004,20231107,730,23,19,1,25.06864,121.5107,4
500103004,20231107,731,23,19,1,25.06864,121.5107,4
500103004,20231107,732,23,19,1,25.06864,121.5107,4
500103004,20231107,733,23,19,1,25.06864,121.5107,4
500103004,20231107,734,23,19,1,25.06864,121.5107,4
500103004,20231107,735,23,19,1,25.06864,121.5107,4
500103004,20231107,736,23,19,1,25.06864,121.5107,4
500103004,20231107,737,23,20,1,25.06864,121.5107,3
500103004,20231107,738,23,20,1,25.06864,121.5107,3
500103004,20231107,739,23,20,1,25.06864,121.5107,3
500103004,20231107,741,23,20,1,25.06864,121.5107,3
500103004,20231107,742,23,20,1,25.06864,121.5107,3
500103004,20231107,743,23,20,1,25.06864,121.5107,3
500103004,20231107,744,23,20,1,25.06864,121.5107,3
500103004,20231107,745,23,20,1,25.06864,121.5107,3
500103004,20231107,746,23,21,1,25.06864,121.5107,2
500103004,20231107,747,23,21,1,25.06864,121.5107,2
500103004,20231107,748,23,21,1,25.06864,121.5107,2
500103004,20231107,749,23,21,1,25.06864,121.5107,2
500103004,20231107,751,23,21,1,25.06864,121.5107,2
500103004,20231107,752,23,21,1,25.06864,121.5107,2
500103004,20231107,753,23,21,1,25.06864,121.5107,2
500103004,20231107,754,23,21,1,25.06864,121.5107,2
500103004,20231107,755,23,21,1,25.06864,121.5107,2
500103004,20231107,756,23,22,1,25.06864,121.5107,1
500103004,20231107,757,23,22,1,25.06864,121.5107,1
500103004,20231107,758,23,22,1,25.06864,121.5107,1
500103004,20231107,759,23,22,1,25.06864,121.5107,1
500103004,20231107,761,23,22,1,25.06864,121.5107,1
500103004,20231107,762,23,22,1,25.06864,121.5107,1
500103004,20231107,763,23,22,1,25.06864,121.5107,1
500103004,20231107,764,23,23,1,25.06864,121.5107,0
500103004,20231107,765,23,23,1,25.06864,121.5107,0
500103004,20231107,766,23,23,1,25.06864,121.5107,0
500103004,20231107,767,23,23,1,25.06864,121.5107,0
500103004,20231107,768,23,23,1,25.06864,121.5107,0
500103004,20231107,769,23,23,1,25.06864,121.5107,0
500103004,20231107,771,23,23,1,25.06864,121.5107,0
500103004,20231107,772,23,23,1,25.06864,121.5107,0
500103004,20231107,773,23,23,1,25.06864,121.5107,0
500103004,20231107,774,23,23,1,25.06864,121.5107,0
500103004,20231107,775,23,23,1,25.06864,121.5107,0
500103004,20231107,776,23,23,1,25.06864,121.5107,0
500103004,20231107,777,23,23,1,25.06864,121.5107,0
500103004,20231107,778,23,23,1,25.06864,121.5107,0
500103004,20231107,779,23,23,1,25.06864,121.5107,0
500103004,20231107,781,23,23,1,25.06864,121.5107,0
500103004,20231107,782,23,23,1,25.06864,121.5107,0
500103004,20231107,783,23,23,1,25.06864,121.5107,0
500103004,20231107,784,23,23,1,25.06864,121.5107,0
500103004,20231107,785,23,23,1,25.06864,121.5107,0
500103004,20231107,786,23,23,1,25.06864,121.5107,0
500103004,20231107,787,23,23,1,25.06864,121.5107,0
500103004,20231107,788,23,23,1,25.06864,121.5107,0
500103004,20231107,789,23,23,1,25.06864,121.5107,0
500103004,20231107,791,23,23,1,25.06864,121.5107,0
500103004,20231107,792,23,23,1,25.06864,121.5107,0
500103004,20231107,793,23,22,1,25.06864,121.5107,1
500103004,20231107,794,23,22,1,25.06864,121.5107,1
500103004,20231107,795,23,22,1,25.06864,121.5107,1
500103004,20231107,796,23,22,1,25.06864,121.5107,1
500103004,20231107,797,23,22,1,25.06864,121.5107,1
500103004,20231107,798,23,22,1,25.06864,121.5107,1
500103004,20231107,799,23,22,1,25.06864,121.5107,1
500103004,20231107,801,23,22,1,25.06864,121.5107,1
500103004,20231107,802,23,22,1,25.06864,121.5107,1
500103004,20231107,803,23,22,1,25.06864,121.5107,1
500103004,20231107,804,23,22,1,25.06864,121.5107,1
500103004,20231107,805,23,22,1,25.06864,121.5107,1
500103004,20231107,806,23,22,1,25.06864,121.5107,1
500103004,20231107,807,23,22,1,25.06864,121.5107,1
500103004,20231107,808,23,22,1,25.06864,121.5107,1
500103004,20231107,809,23,22,1,25.06864,121.5107,1
500103004,20231107,811,23,20,1,25.06864,121.5107,3
500103004,20231107,812,23,20,1,25.06864,121.5107,3
500103004,20231107,813,23,19,1,25.06864,121.5107,4
500103004,20231107,814,23,20,1,25.06864,121.5107,3
500103004,20231107,815,23,20,1,25.06864,121.5107,3
500103004,20231107,816,23,20,1,25.06864,121.5107,3
500103004,20231107,817,23,20,1,25.06864,121.5107,3
500103004,20231107,818,23,20,1,25.06864,121.5107,3
500103004,20231107,819,23,20,1,25.06864,121.5107,3
500103004,20231107,820,23,20,1,25.06864,121.5107,3
500103004,20231107,821,23,20,1,25.06864,121.5107,3
500103004,20231107,822,23,20,1,25.06864,121.5107,3
500103004,20231107,823,23,20,1,25.06864,121.5107,3
500103004,20231107,824,23,20,1,25.06864,121.5107,3
500103004,20231107,825,23,20,1,25.06864,121.5107,3
500103004,20231107,826,23,20,1,25.06864,121.5107,3
500103004,20231107,827,23,20,1,25.06864,121.5107,3
500103004,20231107,828,23,20,1,25.06864,121.5107,3
500103004,20231107,829,23,20,1,25.06864,121.5107,3
500103004,20231107,830,23,20,1,25.06864,121.5107,3
500103004,20231107,831,23,21,1,25.06864,121.5107,2
500103004,20231107,832,23,21,1,25.06864,121.5107,2
500103004,20231107,833,23,21,1,25.06864,121.5107,2
500103004,20231107,834,23,21,1,25.06864,121.5107,2
500103004,20231107,835,23,21,1,25.06864,121.5107,2
500103004,20231107,836,23,20,1,25.06864,121.5107,3
500103004,20231107,837,23,20,1,25.06864,121.5107,3
500103004,20231107,838,23,20,1,25.06864,121.5107,3
500103004,20231107,839,23,20,1,25.06864,121.5107,3
500103004,20231107,841,23,20,1,25.06864,121.5107,3
500103004,20231107,842,23,20,1,25.06864,121.5107,3
500103004,20231107,843,23,20,1,25.06864,121.5107,3
500103004,20231107,844,23,21,1,25.06864,121.5107,2
500103004,20231107,845,23,21,1,25.06864,121.5107,2
500103004,20231107,846,23,21,1,25.06864,121.5107,2
500103004,20231107,847,23,21,1,25.06864,121.5107,2
500103004,20231107,848,23,21,1,25.06864,121.5107,2
500103004,20231107,849,23,21,1,25.06864,121.5107,2
500103004,20231107,850,23,21,1,25.06864,121.5107,2
500103004,20231107,851,23,21,1,25.06864,121.5107,2
500103004,20231107,852,23,21,1,25.06864,121.5107,2
500103004,20231107,853,23,21,1,25.06864,121.5107,2
500103004,20231107,854,23,21,1,25.06864,121.5107,2
500103004,20231107,855,23,22,1,25.06864,121.5107,1
500103004,20231107,856,23,22,1,25.06864,121.5107,1
500103004,20231107,857,23,22,1,25.06864,121.5107,1
500103004,20231107,858,23,22,1,25.06864,121.5107,1
500103004,20231107,859,23,22,1,25.06864,121.5107,1
500103004,20231107,861,23,22,1,25.06864,121.5107,1
500103004,20231107,862,23,22,1,25.06864,121.5107,1
500103004,20231107,863,23,22,1,25.06864,121.5107,1
500103004,20231107,864,23,22,1,25.06864,121.5107,1
500103004,20231107,865,23,22,1,25.06864,121.5107,1
500103004,20231107,866,23,22,1,25.06864,121.5107,1
500103004,20231107,867,23,22,1,25.06864,121.5107,1
500103004,20231107,868,23,22,1,25.06864,121.5107,1
500103004,20231107,869,23,22,1,25.06864,121.5107,1
500103004,20231107,870,23,22,1,25.06864,121.5107,1
500103004,20231107,871,23,22,1,25.06864,121.5107,1
500103004,20231107,872,23,22,1,25.06864,121.5107,1
500103004,20231107,873,23,22,1,25.06864,121.5107,1
500103004,20231107,874,23,22,1,25.06864,121.5107,1
500103004,20231107,875,23,22,1,25.06864,121.5107,1
500103004,20231107,876,23,22,1,25.06864,121.5107,1
500103004,20231107,877,23,22,1,25.06864,121.5107,1
500103004,20231107,878,23,22,1,25.06864,121.5107,1
500103004,20231107,879,23,22,1,25.06864,121.5107,1
500103004,20231107,880,23,22,1,25.06864,121.5107,1
500103004,20231107,881,23,22,1,25.06864,121.5107,1
500103004,20231107,882,23,22,1,25.06864,121.5107,1
500103004,20231107,883,23,22,1,25.06864,121.5107,1
500103004,20231107,884,23,23,1,25.06864,121.5107,0
500103004,20231107,885,23,23,1,25.06864,121.5107,0
500103004,20231107,886,23,23,1,25.06864,121.5107,0
500103004,20231107,887,23,23,1,25.06864,121.5107,0
500103004,20231107,888,23,23,1,25.06864,121.5107,0
500103004,20231107,889,23,23,1,25.06864,121.5107,0
500103004,20231107,890,23,23,1,25.06864,121.5107,0
500103004,20231107,891,23,23,1,25.06864,121.5107,0
500103004,20231107,892,23,23,1,25.06864,121.5107,0
500103004,20231107,893,23,23,1,25.06864,121.5107,0
500103004,20231107,894,23,23,1,25.06864,121.5107,0
500103004,20231107,895,23,23,1,25.06864,121.5107,0
500103004,20231107,896,23,23,1,25.06864,121.5107,0
500103004,20231107,897,23,23,1,25.06864,121.5107,0
500103004,20231107,898,23,23,1,25.06864,121.5107,0
500103004,20231107,899,23,23,1,25.06864,121.5107,0
500103004,20231107,901,23,23,1,25.06864,121.5107,0
500103004,20231107,902,23,22,1,25.06864,121.5107,1
500103004,20231107,903,23,22,1,25.06864,121.5107,1
500103004,20231107,904,23,22,1,25.06864,121.5107,1
500103004,20231107,905,23,22,1,25.06864,121.5107,1
500103004,20231107,906,23,22,1,25.06864,121.5107,1
500103004,20231107,907,23,22,1,25.06864,121.5107,1
500103004,20231107,908,23,22,1,25.06864,121.5107,1
500103004,20231107,909,23,21,1,25.06864,121.5107,2
500103004,20231107,910,23,21,1,25.06864,121.5107,2
500103004,20231107,911,23,21,1,25.06864,121.5107,2
500103004,20231107,912,23,21,1,25.06864,121.5107,2
500103004,20231107,913,23,21,1,25.06864,121.5107,2
500103004,20231107,914,23,21,1,25.06864,121.5107,2
500103004,20231107,915,23,21,1,25.06864,121.5107,2
500103004,20231107,916,23,21,1,25.06864,121.5107,2
500103004,20231107,917,23,21,1,25.06864,121.5107,2
500103004,20231107,918,23,21,1,25.06864,121.5107,2
500103004,20231107,919,23,21,1,25.06864,121.5107,2
500103004,20231107,921,23,21,1,25.06864,121.5107,2
500103004,20231107,922,23,20,1,25.06864,121.5107,3
500103004,20231107,923,23,20,1,25.06864,121.5107,3
500103004,20231107,924,23,20,1,25.06864,121.5107,3
500103004,20231107,925,23,20,1,25.06864,121.5107,3
500103004,20231107,926,23,19,1,25.06864,121.5107,4
500103004,20231107,927,23,20,1,25.06864,121.5107,3
500103004,20231107,928,23,20,1,25.06864,121.5107,3
500103004,20231107,929,23,20,1,25.06864,121.5107,3
500103004,20231107,930,23,20,1,25.06864,121.5107,3
500103004,20231107,931,23,20,1,25.06864,121.5107,3
500103004,20231107,932,23,20,1,25.06864,121.5107,3
500103004,20231107,933,23,20,1,25.06864,121.5107,3
500103004,20231107,934,23,20,1,25.06864,121.5107,3
500103004,20231107,935,23,20,1,25.06864,121.5107,3
500103004,20231107,936,23,20,1,25.06864,121.5107,3
500103004,20231107,937,23,20,1,25.06864,121.5107,3
500103004,20231107,938,23,20,1,25.06864,121.5107,3
500103004,20231107,939,23,20,1,25.06864,121.5107,3
500103004,20231107,940,23,20,1,25.06864,121.5107,3
500103004,20231107,941,23,20,1,25.06864,121.5107,3
500103004,20231107,942,23,20,1,25.06864,121.5107,3
500103004,20231107,943,23,20,1,25.06864,121.5107,3
500103004,20231107,944,23,19,1,25.06864,121.5107,4
500103004,20231107,945,23,19,1,25.06864,121.5107,4
500103004,20231107,946,23,20,1,25.06864,121.5107,3
500103004,20231107,947,23,20,1,25.06864,121.5107,3
500103004,20231107,948,23,20,1,25.06864,121.5107,3
500103004,20231107,949,23,20,1,25.06864,121.5107,3
500103004,20231107,950,23,20,1,25.06864,121.5107,3
500103004,20231107,951,23,20,1,25.06864,121.5107,3
500103004,20231107,952,23,19,1,25.06864,121.5107,4
500103004,20231107,953,23,19,1,25.06864,121.5107,4
500103004,20231107,954,23,20,1,25.06864,121.5107,3
500103004,20231107,955,23,20,1,25.06864,121.5107,3
500103004,20231107,956,23,20,1,25.06864,121.5107,3
500103004,20231107,957,23,18,1,25.06864,121.5107,5
500103004,20231107,958,23,18,1,25.06864,121.5107,5
500103004,20231107,959,23,18,1,25.06864,121.5107,5
500103004,20231107,961,23,18,1,25.06864,121.5107,5
500103004,20231107,962,23,18,1,25.06864,121.5107,5
500103004,20231107,963,23,18,1,25.06864,121.5107,5
500103004,20231107,964,23,18,1,25.06864,121.5107,5
500103004,20231107,965,23,18,1,25.06864,121.5107,5
500103004,20231107,966,23,18,1,25.06864,121.5107,5
500103004,20231107,967,23,18,1,25.06864,121.5107,5
500103004,20231107,968,23,18,1,25.06864,121.5107,5
500103004,20231107,969,23,18,1,25.06864,121.5107,5
500103004,20231107,970,23,18,1,25.06864,121.5107,5
500103004,20231107,971,23,18,1,25.06864,121.5107,5
500103004,20231107,972,23,18,1,25.06864,121.5107,5
500103004,20231107,973,23,17,1,25.06864,121.5107,6
500103004,20231107,974,23,17,1,25.06864,121.5107,6
500103004,20231107,975,23,17,1,25.06864,121.5107,6
500103004,20231107,976,23,17,1,25.06864,121.5107,6
500103004,20231107,977,23,17,1,25.06864,121.5107,6
500103004,20231107,978,23,18,1,25.06864,121.5107,5
500103004,20231107,979,23,19,1,25.06864,121.5107,4
500103004,20231107,981,23,19,1,25.06864,121.5107,4
500103004,20231107,982,23,20,1,25.06864,121.5107,3
500103004,20231107,983,23,20,1,25.06864,121.5107,3
500103004,20231107,984,23,20,1,25.06864,121.5107,3
500103004,20231107,985,23,20,1,25.06864,121.5107,3
500103004,20231107,986,23,20,1,25.06864,121.5107,3
500103004,20231107,987,23,20,1,25.06864,121.5107,3
500103004,20231107,988,23,21,1,25.06864,121.5107,2
500103004,20231107,989,23,21,1,25.06864,121.5107,2
500103004,20231107,991,23,22,1,25.06864,121.5107,1
500103004,20231107,992,23,20,1,25.06864,121.5107,3
500103004,20231107,993,23,20,1,25.06864,121.5107,3
500103004,20231107,994,23,20,1,25.06864,121.5107,3
500103004,20231107,995,23,20,1,25.06864,121.5107,3
500103004,20231107,996,23,20,1,25.06864,121.5107,3
500103004,20231107,997,23,20,1,25.06864,121.5107,3
500103004,20231107,998,23,19,1,25.06864,121.5107,4
500103004,20231107,999,23,19,1,25.06864,121.5107,4
500103004,20231107,1000,23,19,1,25.06864,121.5107,4
500103004,20231107,1001,23,19,1,25.06864,121.5107,4
500103004,20231107,1002,23,18,1,25.06864,121.5107,5
500103004,20231107,1003,23,18,1,25.06864,121.5107,5
500103004,20231107,1004,23,18,1,25.06864,121.5107,5
500103004,20231107,1005,23,18,1,25.06864,121.5107,5
500103004,20231107,1006,23,18,1,25.06864,121.5107,5
500103004,20231107,1007,23,18,1,25.06864,121.5107,5
500103004,20231107,1008,23,18,1,25.06864,121.5107,5
500103004,20231107,1009,23,18,1,25.06864,121.5107,5
500103004,20231107,1010,23,18,1,25.06864,121.5107,5
500103004,20231107,1011,23,17,1,25.06864,121.5107,6
500103004,20231107,1012,23,17,1,25.06864,121.5107,6
500103004,20231107,1013,23,17,1,25.06864,121.5107,6
500103004,20231107,1014,23,17,1,25.06864,121.5107,6
500103004,20231107,1015,23,17,1,25.06864,121.5107,6
500103004,20231107,1016,23,17,1,25.06864,121.5107,6
500103004,20231107,1017,23,17,1,25.06864,121.5107,6
500103004,20231107,1018,23,17,1,25.06864,121.5107,6
500103004,20231107,1019,23,16,1,25.06864,121.5107,7
500103004,20231107,1021,23,16,1,25.06864,121.5107,7
500103004,20231107,1022,23,15,1,25.06864,121.5107,8
500103004,20231107,1023,23,15,1,25.06864,121.5107,8
500103004,20231107,1024,23,16,1,25.06864,121.5107,7
500103004,20231107,1025,23,16,1,25.06864,121.5107,7
500103004,20231107,1026,23,15,1,25.06864,121.5107,8
500103004,20231107,1027,23,15,1,25.06864,121.5107,8
500103004,20231107,1028,23,15,1,25.06864,121.5107,8
500103004,20231107,1029,23,15,1,25.06864,121.5107,8
500103004,20231107,1030,23,15,1,25.06864,121.5107,8
500103004,20231107,1032,23,15,1,25.06864,121.5107,8
500103004,20231107,1033,23,15,1,25.06864,121.5107,8
500103004,20231107,1034,23,15,1,25.06864,121.5107,8
500103004,20231107,1036,23,15,1,25.06864,121.5107,8
500103004,20231107,1038,23,15,1,25.06864,121.5107,8
500103004,20231107,1039,23,15,1,25.06864,121.5107,8
500103004,20231107,1041,23,16,1,25.06864,121.5107,7
500103004,20231107,1042,23,16,1,25.06864,121.5107,7
500103004,20231107,1044,23,15,1,25.06864,121.5107,8
500103004,20231107,1046,23,14,1,25.06864,121.5107,9
500103004,20231107,1047,23,13,1,25.06864,121.5107,10
500103004,20231107,1048,23,14,1,25.06864,121.5107,9
500103004,20231107,1049,23,13,1,25.06864,121.5107,10
500103004,20231107,1051,23,14,1,25.06864,121.5107,9
500103004,20231107,1052,23,14,1,25.06864,121.5107,9
500103004,20231107,1053,23,13,1,25.06864,121.5107,10
500103004,20231107,1054,23,14,1,25.06864,121.5107,9
500103004,20231107,1055,23,13,1,25.06864,121.5107,10
500103004,20231107,1057,23,12,1,25.06864,121.5107,11
500103004,20231107,1058,23,12,1,25.06864,121.5107,11
500103004,20231107,1059,23,12,1,25.06864,121.5107,11
500103004,20231107,1061,23,12,1,25.06864,121.5107,11
500103004,20231107,1062,23,12,1,25.06864,121.5107,11
500103004,20231107,1063,23,11,1,25.06864,121.5107,12
500103004,20231107,1064,23,11,1,25.06864,121.5107,12
500103004,20231107,1065,23,10,1,25.06864,121.5107,13
500103004,20231107,1066,23,10,1,25.06864,121.5107,13
500103004,20231107,1067,23,10,1,25.06864,121.5107,13
500103004,20231107,1068,23,10,1,25.06864,121.5107,13
500103004,20231107,1069,23,10,1,25.06864,121.5107,13
500103004,20231107,1071,23,9,1,25.06864,121.5107,14
500103004,20231107,1072,23,9,1,25.06864,121.5107,14
500103004,20231107,1073,23,6,1,25.06864,121.5107,17
500103004,20231107,1074,23,5,1,25.06864,121.5107,18
500103004,20231107,1075,23,5,1,25.06864,121.5107,18
500103004,20231107,1076,23,6,1,25.06864,121.5107,17
500103004,20231107,1077,23,5,1,25.06864,121.5107,18
500103004,20231107,1078,23,5,1,25.06864,121.5107,18
500103004,20231107,1079,23,5,1,25.06864,121.5107,18
500103004,20231107,1081,23,5,1,25.06864,121.5107,18
500103004,20231107,1082,23,5,1,25.06864,121.5107,18
500103004,20231107,1083,23,4,1,25.06864,121.5107,19
500103004,20231107,1084,23,4,1,25.06864,121.5107,19
500103004,20231107,1085,23,3,1,25.06864,121.5107,20
500103004,20231107,1086,23,4,1,25.06864,121.5107,19
500103004,20231107,1087,23,4,1,25.06864,121.5107,19
500103004,20231107,1088,23,3,1,25.06864,121.5107,20
500103004,20231107,1089,23,4,1,25.06864,121.5107,19
500103004,20231107,1091,23,4,1,25.06864,121.5107,19
500103004,20231107,1092,23,3,1,25.06864,121.5107,20
500103004,20231107,1093,23,3,1,25.06864,121.5107,20
500103004,20231107,1094,23,2,1,25.06864,121.5107,21
500103004,20231107,1095,23,3,1,25.06864,121.5107,20
500103004,20231107,1096,23,1,1,25.06864,121.5107,22
500103004,20231107,1097,23,1,1,25.06864,121.5107,22
500103004,20231107,1098,23,1,1,25.06864,121.5107,22
500103004,20231107,1099,23,0,1,25.06864,121.5107,23
500103004,20231107,1101,23,1,1,25.06864,121.5107,22
500103004,20231107,1102,23,3,1,25.06864,121.5107,20
500103004,20231107,1103,23,3,1,25.06864,121.5107,20
500103004,20231107,1104,23,3,1,25.06864,121.5107,20
500103004,20231107,1105,23,2,1,25.06864,121.5107,21
500103004,20231107,1106,23,4,1,25.06864,121.5107,19
500103004,20231107,1107,23,6,1,25.06864,121.5107,17
500103004,20231107,1108,23,10,1,25.06864,121.5107,13
500103004,20231107,1109,23,12,1,25.06864,121.5107,11
500103004,20231107,1111,23,12,1,25.06864,121.5107,11
500103004,20231107,1112,23,15,1,25.06864,121.5107,8
500103004,20231107,1113,23,20,1,25.06864,121.5107,3
500103004,20231107,1114,23,20,1,25.06864,121.5107,3
500103004,20231107,1115,23,20,1,25.06864,121.5107,3
500103004,20231107,1116,23,20,1,25.06864,121.5107,3
500103004,20231107,1117,23,20,1,25.06864,121.5107,3
500103004,20231107,1118,23,21,1,25.06864,121.5107,2
500103004,20231107,1119,23,18,1,25.06864,121.5107,5
500103004,20231107,1120,23,18,1,25.06864,121.5107,5
500103004,20231107,1121,23,18,1,25.06864,121.5107,5
500103004,20231107,1122,23,18,1,25.06864,121.5107,5
500103004,20231107,1123,23,18,1,25.06864,121.5107,5
500103004,20231107,1124,23,16,1,25.06864,121.5107,7
500103004,20231107,1125,23,15,1,25.06864,121.5107,8
500103004,20231107,1126,23,15,1,25.06864,121.5107,8
500103004,20231107,1127,23,14,1,25.06864,121.5107,9
500103004,20231107,1128,23,13,1,25.06864,121.5107,10
500103004,20231107,1129,23,13,1,25.06864,121.5107,10
500103004,20231107,1130,23,13,1,25.06864,121.5107,10
500103004,20231107,1131,23,13,1,25.06864,121.5107,10
500103004,20231107,1132,23,13,1,25.06864,121.5107,10
500103004,20231107,1133,23,12,1,25.06864,121.5107,11
500103004,20231107,1134,23,11,1,25.06864,121.5107,12
500103004,20231107,1135,23,11,1,25.06864,121.5107,12
500103004,20231107,1136,23,10,1,25.06864,121.5107,13
500103004,20231107,1137,23,10,1,25.06864,121.5107,13
500103004,20231107,1138,23,10,1,25.06864,121.5107,13
500103004,20231107,1139,23,10,1,25.06864,121.5107,13
500103004,20231107,1141,23,10,1,25.06864,121.5107,13
500103004,20231107,1142,23,11,1,25.06864,121.5107,12
500103004,20231107,1143,23,11,1,25.06864,121.5107,12
500103004,20231107,1144,23,10,1,25.06864,121.5107,13
500103004,20231107,1145,23,10,1,25.06864,121.5107,13
500103004,20231107,1146,23,11,1,25.06864,121.5107,12
500103004,20231107,1147,23,11,1,25.06864,121.5107,12
500103004,20231107,1148,23,11,1,25.06864,121.5107,12
500103004,20231107,1149,23,10,1,25.06864,121.5107,13
500103004,20231107,1150,23,9,1,25.06864,121.5107,14
500103004,20231107,1151,23,8,1,25.06864,121.5107,15
500103004,20231107,1152,23,10,1,25.06864,121.5107,13
500103004,20231107,1153,23,10,1,25.06864,121.5107,13
500103004,20231107,1154,23,7,1,25.06864,121.5107,16
500103004,20231107,1155,23,7,1,25.06864,121.5107,16
500103004,20231107,1156,23,6,1,25.06864,121.5107,17
500103004,20231107,1157,23,7,1,25.06864,121.5107,16
500103004,20231107,1158,23,7,1,25.06864,121.5107,16
500103004,20231107,1159,23,7,1,25.06864,121.5107,16
500103004,20231107,1161,23,6,1,25.06864,121.5107,17
500103004,20231107,1162,23,5,1,25.06864,121.5107,18
500103004,20231107,1163,23,4,1,25.06864,121.5107,19
500103004,20231107,1164,23,4,1,25.06864,121.5107,19
500103004,20231107,1165,23,4,1,25.06864,121.5107,19
500103004,20231107,1166,23,6,1,25.06864,121.5107,17
500103004,20231107,1167,23,9,1,25.06864,121.5107,14
500103004,20231107,1168,23,11,1,25.06864,121.5107,12
500103004,20231107,1169,23,8,1,25.06864,121.5107,15
500103004,20231107,1171,23,19,1,25.06864,121.5107,4
500103004,20231107,1172,23,19,1,25.06864,121.5107,4
500103004,20231107,1173,23,19,1,25.06864,121.5107,4
500103004,20231107,1174,23,19,1,25.06864,121.5107,4
500103004,20231107,1175,23,19,1,25.06864,121.5107,4
500103004,20231107,1176,23,19,1,25.06864,121.5107,4
500103004,20231107,1177,23,19,1,25.06864,121.5107,4
500103004,20231107,1178,23,19,1,25.06864,121.5107,4
500103004,20231107,1179,23,19,1,25.06864,121.5107,4
500103004,20231107,1180,23,19,1,25.06864,121.5107,4
500103004,20231107,1181,23,18,1,25.06864,121.5107,5
500103004,20231107,1182,23,18,1,25.06864,121.5107,5
500103004,20231107,1183,23,19,1,25.06864,121.5107,4
500103004,20231107,1184,23,19,1,25.06864,121.5107,4
500103004,20231107,1185,23,19,1,25.06864,121.5107,4
500103004,20231107,1186,23,18,1,25.06864,121.5107,5
500103004,20231107,1187,23,18,1,25.06864,121.5107,5
500103004,20231107,1188,23,18,1,25.06864,121.5107,5
500103004,20231107,1189,23,17,1,25.06864,121.5107,6
500103004,20231107,1190,23,16,1,25.06864,121.5107,7
500103004,20231107,1191,23,15,1,25.06864,121.5107,8
500103004,20231107,1192,23,15,1,25.06864,121.5107,8
500103004,20231107,1193,23,15,1,25.06864,121.5107,8
500103004,20231107,1194,23,15,1,25.06864,121.5107,8
500103004,20231107,1195,23,15,1,25.06864,121.5107,8
500103004,20231107,1196,23,15,1,25.06864,121.5107,8
500103004,20231107,1197,23,15,1,25.06864,121.5107,8
500103004,20231107,1198,23,15,1,25.06864,121.5107,8
500103004,20231107,1199,23,15,1,25.06864,121.5107,8
500103004,20231107,1201,23,15,1,25.06864,121.5107,8
500103004,20231107,1202,23,15,1,25.06864,121.5107,8
500103004,20231107,1203,23,15,1,25.06864,121.5107,8
500103004,20231107,1204,23,15,1,25.06864,121.5107,8
500103004,20231107,1205,23,15,1,25.06864,121.5107,8
500103004,20231107,1206,23,15,1,25.06864,121.5107,8
500103004,20231107,1207,23,15,1,25.06864,121.5107,8
500103004,20231107,1208,23,15,1,25.06864,121.5107,8
500103004,20231107,1209,23,15,1,25.06864,121.5107,8
500103004,20231107,1210,23,15,1,25.06864,121.5107,8
500103004,20231107,1211,23,15,1,25.06864,121.5107,8
500103004,20231107,1212,23,13,1,25.06864,121.5107,10
500103004,20231107,1213,23,12,1,25.06864,121.5107,11
500103004,20231107,1214,23,12,1,25.06864,121.5107,11
500103004,20231107,1215,23,12,1,25.06864,121.5107,11
500103004,20231107,1216,23,12,1,25.06864,121.5107,11
500103004,20231107,1217,23,12,1,25.06864,121.5107,11
500103004,20231107,1218,23,12,1,25.06864,121.5107,11
500103004,20231107,1219,23,12,1,25.06864,121.5107,11
500103004,20231107,1221,23,11,1,25.06864,121.5107,12
500103004,20231107,1222,23,11,1,25.06864,121.5107,12
500103004,20231107,1223,23,12,1,25.06864,121.5107,11
500103004,20231107,1224,23,11,1,25.06864,121.5107,12
500103004,20231107,1225,23,12,1,25.06864,121.5107,11
500103004,20231107,1226,23,12,1,25.06864,121.5107,11
500103004,20231107,1227,23,12,1,25.06864,121.5107,11
500103004,20231107,1228,23,12,1,25.06864,121.5107,11
500103004,20231107,1229,23,12,1,25.06864,121.5107,11
500103004,20231107,1231,23,12,1,25.06864,121.5107,11
500103004,20231107,1232,23,12,1,25.06864,121.5107,11
500103004,20231107,1233,23,12,1,25.06864,121.5107,11
500103004,20231107,1234,23,12,1,25.06864,121.5107,11
500103004,20231107,1235,23,12,1,25.06864,121.5107,11
500103004,20231107,1236,23,11,1,25.06864,121.5107,12
500103004,20231107,1237,23,11,1,25.06864,121.5107,12
500103004,20231107,1238,23,11,1,25.06864,121.5107,12
500103004,20231107,1239,23,10,1,25.06864,121.5107,13
500103004,20231107,1240,23,10,1,25.06864,121.5107,13
500103004,20231107,1241,23,10,1,25.06864,121.5107,13
500103004,20231107,1242,23,10,1,25.06864,121.5107,13
500103004,20231107,1243,23,10,1,25.06864,121.5107,13
500103004,20231107,1244,23,10,1,25.06864,121.5107,13
500103004,20231107,1245,23,10,1,25.06864,121.5107,13
500103004,20231107,1246,23,9,1,25.06864,121.5107,14
500103004,20231107,1247,23,9,1,25.06864,121.5107,14
500103004,20231107,1248,23,9,1,25.06864,121.5107,14
500103004,20231107,1249,23,9,1,25.06864,121.5107,14
500103004,20231107,1250,23,9,1,25.06864,121.5107,14
500103004,20231107,1251,23,9,1,25.06864,121.5107,14
500103004,20231107,1252,23,9,1,25.06864,121.5107,14
500103004,20231107,1253,23,9,1,25.06864,121.5107,14
500103004,20231107,1254,23,9,1,25.06864,121.5107,14
500103004,20231107,1255,23,9,1,25.06864,121.5107,14
500103004,20231107,1256,23,8,1,25.06864,121.5107,15
500103004,20231107,1257,23,7,1,25.06864,121.5107,16
500103004,20231107,1258,23,7,1,25.06864,121.5107,16
500103004,20231107,1259,23,7,1,25.06864,121.5107,16
500103004,20231107,1261,23,7,1,25.06864,121.5107,16
500103004,20231107,1262,23,7,1,25.06864,121.5107,16
500103004,20231107,1263,23,7,1,25.06864,121.5107,16
500103004,20231107,1264,23,7,1,25.06864,121.5107,16
500103004,20231107,1265,23,7,1,25.06864,121.5107,16
500103004,20231107,1266,23,7,1,25.06864,121.5107,16
500103004,20231107,1267,23,7,1,25.06864,121.5107,16
500103004,20231107,1268,23,6,1,25.06864,121.5107,17
500103004,20231107,1269,23,5,1,25.06864,121.5107,18
500103004,20231107,1270,23,5,1,25.06864,121.5107,18
500103004,20231107,1271,23,5,1,25.06864,121.5107,18
500103004,20231107,1272,23,5,1,25.06864,121.5107,18
500103004,20231107,1273,23,4,1,25.06864,121.5107,19
500103004,20231107,1274,23,3,1,25.06864,121.5107,20
500103004,20231107,1275,23,3,1,25.06864,121.5107,20
500103004,20231107,1276,23,3,1,25.06864,121.5107,20
500103004,20231107,1277,23,4,1,25.06864,121.5107,19
500103004,20231107,1278,23,5,1,25.06864,121.5107,18
500103004,20231107,1279,23,5,1,25.06864,121.5107,18
500103004,20231107,1281,23,5,1,25.06864,121.5107,18
500103004,20231107,1282,23,4,1,25.06864,121.5107,19
500103004,20231107,1283,23,4,1,25.06864,121.5107,19
500103004,20231107,1284,23,3,1,25.06864,121.5107,20
500103004,20231107,1285,23,3,1,25.06864,121.5107,20
500103004,20231107,1286,23,2,1,25.06864,121.5107,21
500103004,20231107,1287,23,2,1,25.06864,121.5107,21
500103004,20231107,1288,23,2,1,25.06864,121.5107,21
500103004,20231107,1289,23,1,1,25.06864,121.5107,22
500103004,20231107,1291,23,1,1,25.06864,121.5107,22
500103004,20231107,1292,23,0,1,25.06864,121.5107,23
500103004,20231107,1293,23,0,1,25.06864,121.5107,23
500103004,20231107,1294,23,0,1,25.06864,121.5107,23
500103004,20231107,1295,23,0,1,25.06864,121.5107,23
500103004,20231107,1296,23,0,1,25.06864,121.5107,23
500103004,20231107,1297,23,0,1,25.06864,121.5107,23
500103004,20231107,1298,23,0,1,25.06864,121.5107,23
500103004,20231107,1299,23,1,1,25.06864,121.5107,22
500103004,20231107,1300,23,0,1,25.06864,121.5107,23
500103004,20231107,1301,23,0,1,25.06864,121.5107,23
500103004,20231107,1302,23,0,1,25.06864,121.5107,23
500103004,20231107,1303,23,0,1,25.06864,121.5107,23
500103004,20231107,1304,23,0,1,25.06864,121.5107,23
500103004,20231107,1305,23,0,1,25.06864,121.5107,23
500103004,20231107,1306,23,0,1,25.06864,121.5107,23
500103004,20231107,1307,23,0,1,25.06864,121.5107,23
500103004,20231107,1308,23,0,1,25.06864,121.5107,23
500103004,20231107,1309,23,0,1,25.06864,121.5107,23
500103004,20231107,1310,23,0,1,25.06864,121.5107,23
500103004,20231107,1311,23,0,1,25.06864,121.5107,23
500103004,20231107,1312,23,0,1,25.06864,121.5107,23
500103004,20231107,1313,23,0,1,25.06864,121.5107,23
500103004,20231107,1314,23,0,1,25.06864,121.5107,23
500103004,20231107,1315,23,0,1,25.06864,121.5107,23
500103004,20231107,1316,23,0,1,25.06864,121.5107,23
500103004,20231107,1317,23,0,1,25.06864,121.5107,23
500103004,20231107,1318,23,0,1,25.06864,121.5107,23
500103004,20231107,1319,23,0,1,25.06864,121.5107,23
500103004,20231107,1321,23,0,1,25.06864,121.5107,23
500103004,20231107,1322,23,0,1,25.06864,121.5107,23
500103004,20231107,1323,23,0,1,25.06864,121.5107,23
500103004,20231107,1324,23,0,1,25.06864,121.5107,23
500103004,20231107,1325,23,0,1,25.06864,121.5107,23
500103004,20231107,1326,23,0,1,25.06864,121.5107,23
500103004,20231107,1327,23,0,1,25.06864,121.5107,23
500103004,20231107,1328,23,0,1,25.06864,121.5107,23
500103004,20231107,1329,23,0,1,25.06864,121.5107,23
500103004,20231107,1330,23,0,1,25.06864,121.5107,23
500103004,20231107,1331,23,0,1,25.06864,121.5107,23
500103004,20231107,1332,23,1,1,25.06864,121.5107,22
500103004,20231107,1333,23,1,1,25.06864,121.5107,22
500103004,20231107,1334,23,1,1,25.06864,121.5107,22
500103004,20231107,1335,23,1,1,25.06864,121.5107,22
500103004,20231107,1336,23,1,1,25.06864,121.5107,22
500103004,20231107,1337,23,0,1,25.06864,121.5107,23
500103004,20231107,1338,23,0,1,25.06864,121.5107,23
500103004,20231107,1339,23,0,1,25.06864,121.5107,23
500103004,20231107,1341,23,0,1,25.06864,121.5107,23
500103004,20231107,1342,23,0,1,25.06864,121.5107,23
500103004,20231107,1343,23,1,1,25.06864,121.5107,22
500103004,20231107,1344,23,2,1,25.06864,121.5107,21
500103004,20231107,1345,23,2,1,25.06864,121.5107,21
500103004,20231107,1346,23,2,1,25.06864,121.5107,21
500103004,20231107,1347,23,2,1,25.06864,121.5107,21
500103004,20231107,1348,23,2,1,25.06864,121.5107,21
500103004,20231107,1349,23,2,1,25.06864,121.5107,21
500103004,20231107,1350,23,2,1,25.06864,121.5107,21
500103004,20231107,1351,23,3,1,25.06864,121.5107,20
500103004,20231107,1352,23,2,1,25.06864,121.5107,21
500103004,20231107,1353,23,2,1,25.06864,121.5107,21
500103004,20231107,1354,23,2,1,25.06864,121.5107,21
500103004,20231107,1355,23,2,1,25.06864,121.5107,21
500103004,20231107,1356,23,2,1,25.06864,121.5107,21
500103004,20231107,1357,23,2,1,25.06864,121.5107,21
500103004,20231107,1358,23,2,1,25.06864,121.5107,21
500103004,20231107,1359,23,3,1,25.06864,121.5107,20
500103004,20231107,1360,23,7,1,25.06864,121.5107,16
500103004,20231107,1361,23,6,1,25.06864,121.5107,17
500103004,20231107,1362,23,8,1,25.06864,121.5107,15
500103004,20231107,1363,23,10,1,25.06864,121.5107,13
500103004,20231107,1364,23,10,1,25.06864,121.5107,13
500103004,20231107,1365,23,12,1,25.06864,121.5107,11
500103004,20231107,1366,23,14,1,25.06864,121.5107,9
500103004,20231107,1367,23,16,1,25.06864,121.5107,7
500103004,20231107,1368,23,15,1,25.06864,121.5107,8
500103004,20231107,1369,23,15,1,25.06864,121.5107,8
500103004,20231107,1370,23,15,1,25.06864,121.5107,8
500103004,20231107,1371,23,15,1,25.06864,121.5107,8
500103004,20231107,1372,23,15,1,25.06864,121.5107,8
500103004,20231107,1373,23,16,1,25.06864,121.5107,7
500103004,20231107,1374,23,16,1,25.06864,121.5107,7
500103004,20231107,1375,23,16,1,25.06864,121.5107,7
500103004,20231107,1376,23,16,1,25.06864,121.5107,7
500103004,20231107,1377,23,16,1,25.06864,121.5107,7
500103004,20231107,1378,23,16,1,25.06864,121.5107,7
500103004,20231107,1379,23,16,1,25.06864,121.5107,7
500103004,20231107,1381,23,16,1,25.06864,121.5107,7
500103004,20231107,1382,23,16,1,25.06864,121.5107,7
500103004,20231107,1383,23,14,1,25.06864,121.5107,9
500103004,20231107,1384,23,14,1,25.06864,121.5107,9
500103004,20231107,1385,23,14,1,25.06864,121.5107,9
500103004,20231107,1386,23,13,1,25.06864,121.5107,10
500103004,20231107,1387,23,13,1,25.06864,121.5107,10
500103004,20231107,1388,23,13,1,25.06864,121.5107,10
500103004,20231107,1389,23,11,1,25.06864,121.5107,12
500103004,20231107,1390,23,11,1,25.06864,121.5107,12
500103004,20231107,1391,23,11,1,25.06864,121.5107,12
500103004,20231107,1392,23,11,1,25.06864,121.5107,12
500103004,20231107,1393,23,11,1,25.06864,121.5107,12
500103004,20231107,1394,23,10,1,25.06864,121.5107,13
500103004,20231107,1395,23,10,1,25.06864,121.5107,13
500103004,20231107,1396,23,10,1,25.06864,121.5107,13
500103004,20231107,1397,23,9,1,25.06864,121.5107,14
500103004,20231107,1398,23,9,1,25.06864,121.5107,14
500103004,20231107,1399,23,9,1,25.06864,121.5107,14
500103004,20231107,1401,23,9,1,25.06864,121.5107,14
500103004,20231107,1402,23,9,1,25.06864,121.5107,14
500103004,20231107,1403,23,9,1,25.06864,121.5107,14
500103004,20231107,1404,23,9,1,25.06864,121.5107,14
500103004,20231107,1405,23,9,1,25.06864,121.5107,14
500103004,20231107,1406,23,9,1,25.06864,121.5107,14
500103004,20231107,1407,23,9,1,25.06864,121.5107,14
500103004,20231107,1408,23,9,1,25.06864,121.5107,14
500103004,20231107,1409,23,9,1,25.06864,121.5107,14
500103004,20231107,1410,23,10,1,25.06864,121.5107,13
500103004,20231107,1411,23,9,1,25.06864,121.5107,14
500103004,20231107,1412,23,9,1,25.06864,121.5107,14
500103004,20231107,1413,23,9,1,25.06864,121.5107,14
500103004,20231107,1414,23,9,1,25.06864,121.5107,14
500103004,20231107,1415,23,9,1,25.06864,121.5107,14
500103004,20231107,1416,23,8,1,25.06864,121.5107,15
500103004,20231107,1417,23,8,1,25.06864,121.5107,15
500103004,20231107,1418,23,8,1,25.06864,121.5107,15
500103004,20231107,1419,23,8,1,25.06864,121.5107,15
500103004,20231107,1420,23,8,1,25.06864,121.5107,15
500103004,20231107,1421,23,8,1,25.06864,121.5107,15
500103004,20231107,1422,23,8,1,25.06864,121.5107,15
500103004,20231107,1423,23,8,1,25.06864,121.5107,15
500103004,20231107,1424,23,8,1,25.06864,121.5107,15
500103004,20231107,1425,23,8,1,25.06864,121.5107,15
500103004,20231107,1426,23,8,1,25.06864,121.5107,15
500103004,20231107,1427,23,8,1,25.06864,121.5107,15
500103004,20231107,1428,23,8,1,25.06864,121.5107,15
500103004,20231107,1429,23,8,1,25.06864,121.5107,15
500103004,20231107,1430,23,8,1,25.06864,121.5107,15
500103004,20231107,1431,23,8,1,25.06864,121.5107,15
500103004,20231107,1432,23,8,1,25.06864,121.5107,15
500103004,20231107,1433,23,8,1,25.06864,121.5107,15
500103004,20231107,1434,23,8,1,25.06864,121.5107,15
500103004,20231107,1435,23,8,1,25.06864,121.5107,15
500103004,20231107,1436,23,8,1,25.06864,121.5107,15
500103004,20231107,1437,23,8,1,25.06864,121.5107,15
500103004,20231107,1438,23,8,1,25.06864,121.5107,15
500103004,20231107,1439,23,8,1,25.06864,121.5107,15
500103004,20231108,0,23,8,1,25.06864,121.5107,15
500103004,20231108,1,23,8,1,25.06864,121.5107,15
500103004,20231108,2,23,8,1,25.06864,121.5107,15
500103004,20231108,3,23,8,1,25.06864,121.5107,15
500103004,20231108,4,23,8,1,25.06864,121.5107,15
500103004,20231108,5,23,8,1,25.06864,121.5107,15
500103004,20231108,6,23,8,1,25.06864,121.5107,15
500103004,20231108,7,23,8,1,25.06864,121.5107,15
500103004,20231108,8,23,8,1,25.06864,121.5107,15
500103004,20231108,9,23,8,1,25.06864,121.5107,15
500103004,20231108,10,23,8,1,25.06864,121.5107,15
500103004,20231108,11,23,7,1,25.06864,121.5107,16
500103004,20231108,12,23,7,1,25.06864,121.5107,16
500103004,20231108,13,23,7,1,25.06864,121.5107,16
500103004,20231108,14,23,7,1,25.06864,121.5107,16
500103004,20231108,15,23,7,1,25.06864,121.5107,16
500103004,20231108,16,23,7,1,25.06864,121.5107,16
500103004,20231108,17,23,7,1,25.06864,121.5107,16
500103004,20231108,18,23,7,1,25.06864,121.5107,16
500103004,20231108,19,23,7,1,25.06864,121.5107,16
500103004,20231108,21,23,7,1,25.06864,121.5107,16
500103004,20231108,22,23,7,1,25.06864,121.5107,16
500103004,20231108,23,23,7,1,25.06864,121.5107,16
500103004,20231108,24,23,7,1,25.06864,121.5107,16
500103004,20231108,25,23,7,1,25.06864,121.5107,16
500103004,20231108,26,23,7,1,25.06864,121.5107,16
500103004,20231108,27,23,7,1,25.06864,121.5107,16
500103004,20231108,28,23,7,1,25.06864,121.5107,16
500103004,20231108,29,23,7,1,25.06864,121.5107,16
500103004,20231108,30,23,7,1,25.06864,121.5107,16
500103004,20231108,31,23,7,1,25.06864,121.5107,16
500103004,20231108,32,23,7,1,25.06864,121.5107,16
500103004,20231108,33,23,7,1,25.06864,121.5107,16
500103004,20231108,34,23,7,1,25.06864,121.5107,16
500103004,20231108,35,23,7,1,25.06864,121.5107,16
500103004,20231108,36,23,7,1,25.06864,121.5107,16
500103004,20231108,37,23,7,1,25.06864,121.5107,16
500103004,20231108,38,23,7,1,25.06864,121.5107,16
500103004,20231108,39,23,7,1,25.06864,121.5107,16
500103004,20231108,40,23,7,1,25.06864,121.5107,16
500103004,20231108,41,23,7,1,25.06864,121.5107,16
500103004,20231108,42,23,7,1,25.06864,121.5107,16
500103004,20231108,43,23,7,1,25.06864,121.5107,16
500103004,20231108,44,23,7,1,25.06864,121.5107,16
500103004,20231108,45,23,7,1,25.06864,121.5107,16
500103004,20231108,46,23,7,1,25.06864,121.5107,16
500103004,20231108,47,23,7,1,25.06864,121.5107,16
500103004,20231108,48,23,7,1,25.06864,121.5107,16
500103004,20231108,49,23,7,1,25.06864,121.5107,16
500103004,20231108,50,23,7,1,25.06864,121.5107,16
500103004,20231108,51,23,7,1,25.06864,121.5107,16
500103004,20231108,52,23,7,1,25.06864,121.5107,16
500103004,20231108,53,23,7,1,25.06864,121.5107,16
500103004,20231108,54,23,7,1,25.06864,121.5107,16
500103004,20231108,55,23,7,1,25.06864,121.5107,16
500103004,20231108,56,23,7,1,25.06864,121.5107,16
500103004,20231108,57,23,7,1,25.06864,121.5107,16
500103004,20231108,58,23,7,1,25.06864,121.5107,16
500103004,20231108,59,23,7,1,25.06864,121.5107,16
500103004,20231108,60,23,7,1,25.06864,121.5107,16
500103004,20231108,61,23,7,1,25.06864,121.5107,16
500103004,20231108,62,23,7,1,25.06864,121.5107,16
500103004,20231108,64,23,7,1,25.06864,121.5107,16
500103004,20231108,65,23,7,1,25.06864,121.5107,16
500103004,20231108,66,23,7,1,25.06864,121.5107,16
500103004,20231108,67,23,7,1,25.06864,121.5107,16
500103004,20231108,68,23,7,1,25.06864,121.5107,16
500103004,20231108,69,23,7,1,25.06864,121.5107,16
500103004,20231108,71,23,7,1,25.06864,121.5107,16
500103004,20231108,72,23,7,1,25.06864,121.5107,16
500103004,20231108,73,23,7,1,25.06864,121.5107,16
500103004,20231108,74,23,7,1,25.06864,121.5107,16
500103004,20231108,75,23,7,1,25.06864,121.5107,16
500103004,20231108,76,23,7,1,25.06864,121.5107,16
500103004,20231108,77,23,7,1,25.06864,121.5107,16
500103004,20231108,78,23,7,1,25.06864,121.5107,16
500103004,20231108,79,23,7,1,25.06864,121.5107,16
500103004,20231108,81,23,7,1,25.06864,121.5107,16
500103004,20231108,83,23,7,1,25.06864,121.5107,16
500103004,20231108,84,23,7,1,25.06864,121.5107,16
500103004,20231108,85,23,7,1,25.06864,121.5107,16
500103004,20231108,86,23,7,1,25.06864,121.5107,16
500103004,20231108,87,23,7,1,25.06864,121.5107,16
500103004,20231108,88,23,7,1,25.06864,121.5107,16
500103004,20231108,89,23,7,1,25.06864,121.5107,16
500103004,20231108,91,23,7,1,25.06864,121.5107,16
500103004,20231108,92,23,7,1,25.06864,121.5107,16
500103004,20231108,93,23,7,1,25.06864,121.5107,16
500103004,20231108,94,23,7,1,25.06864,121.5107,16
500103004,20231108,95,23,7,1,25.06864,121.5107,16
500103004,20231108,96,23,7,1,25.06864,121.5107,16
500103004,20231108,97,23,7,1,25.06864,121.5107,16
500103004,20231108,98,23,7,1,25.06864,121.5107,16
500103004,20231108,99,23,7,1,25.06864,121.5107,16
500103004,20231108,101,23,7,1,25.06864,121.5107,16
500103004,20231108,102,23,7,1,25.06864,121.5107,16
500103004,20231108,103,23,7,1,25.06864,121.5107,16
500103004,20231108,104,23,7,1,25.06864,121.5107,16
500103004,20231108,105,23,7,1,25.06864,121.5107,16
500103004,20231108,106,23,7,1,25.06864,121.5107,16
500103004,20231108,107,23,7,1,25.06864,121.5107,16
500103004,20231108,108,23,7,1,25.06864,121.5107,16
500103004,20231108,109,23,7,1,25.06864,121.5107,16
500103004,20231108,111,23,7,1,25.06864,121.5107,16
500103004,20231108,112,23,7,1,25.06864,121.5107,16
500103004,20231108,113,23,7,1,25.06864,121.5107,16
500103004,20231108,114,23,7,1,25.06864,121.5107,16
500103004,20231108,115,23,7,1,25.06864,121.5107,16
500103004,20231108,116,23,7,1,25.06864,121.5107,16
500103004,20231108,117,23,7,1,25.06864,121.5107,16
500103004,20231108,118,23,7,1,25.06864,121.5107,16
500103004,20231108,119,23,7,1,25.06864,121.5107,16
500103004,20231108,121,23,7,1,25.06864,121.5107,16
500103004,20231108,122,23,7,1,25.06864,121.5107,16
500103004,20231108,123,23,7,1,25.06864,121.5107,16
500103004,20231108,124,23,7,1,25.06864,121.5107,16
500103004,20231108,125,23,7,1,25.06864,121.5107,16
500103004,20231108,126,23,7,1,25.06864,121.5107,16
500103004,20231108,127,23,7,1,25.06864,121.5107,16
500103004,20231108,128,23,7,1,25.06864,121.5107,16
500103004,20231108,129,23,7,1,25.06864,121.5107,16
500103004,20231108,131,23,7,1,25.06864,121.5107,16
500103004,20231108,132,23,7,1,25.06864,121.5107,16
500103004,20231108,133,23,7,1,25.06864,121.5107,16
500103004,20231108,134,23,7,1,25.06864,121.5107,16
500103004,20231108,135,23,7,1,25.06864,121.5107,16
500103004,20231108,136,23,7,1,25.06864,121.5107,16
500103004,20231108,137,23,7,1,25.06864,121.5107,16
500103004,20231108,139,23,7,1,25.06864,121.5107,16
500103004,20231108,141,23,7,1,25.06864,121.5107,16
500103004,20231108,142,23,7,1,25.06864,121.5107,16
500103004,20231108,143,23,7,1,25.06864,121.5107,16
500103004,20231108,144,23,7,1,25.06864,121.5107,16
500103004,20231108,145,23,7,1,25.06864,121.5107,16
500103004,20231108,146,23,7,1,25.06864,121.5107,16
500103004,20231108,147,23,7,1,25.06864,121.5107,16
500103004,20231108,148,23,7,1,25.06864,121.5107,16
500103004,20231108,149,23,7,1,25.06864,121.5107,16
500103004,20231108,150,23,7,1,25.06864,121.5107,16
500103004,20231108,152,23,7,1,25.06864,121.5107,16
500103004,20231108,153,23,7,1,25.06864,121.5107,16
500103004,20231108,155,23,7,1,25.06864,121.5107,16
500103004,20231108,156,23,7,1,25.06864,121.5107,16
500103004,20231108,157,23,7,1,25.06864,121.5107,16
500103004,20231108,158,23,7,1,25.06864,121.5107,16
500103004,20231108,159,23,7,1,25.06864,121.5107,16
500103004,20231108,161,23,7,1,25.06864,121.5107,16
500103004,20231108,162,23,7,1,25.06864,121.5107,16
500103004,20231108,163,23,7,1,25.06864,121.5107,16
500103004,20231108,164,23,7,1,25.06864,121.5107,16
500103004,20231108,165,23,7,1,25.06864,121.5107,16
500103004,20231108,166,23,7,1,25.06864,121.5107,16
500103004,20231108,167,23,7,1,25.06864,121.5107,16
500103004,20231108,168,23,7,1,25.06864,121.5107,16
500103004,20231108,169,23,7,1,25.06864,121.5107,16
500103004,20231108,171,23,7,1,25.06864,121.5107,16
500103004,20231108,172,23,7,1,25.06864,121.5107,16
500103004,20231108,173,23,7,1,25.06864,121.5107,16
500103004,20231108,174,23,7,1,25.06864,121.5107,16
500103004,20231108,175,23,7,1,25.06864,121.5107,16
500103004,20231108,176,23,7,1,25.06864,121.5107,16
500103004,20231108,177,23,7,1,25.06864,121.5107,16
500103004,20231108,178,23,7,1,25.06864,121.5107,16
500103004,20231108,179,23,7,1,25.06864,121.5107,16
500103004,20231108,181,23,7,1,25.06864,121.5107,16
500103004,20231108,182,23,7,1,25.06864,121.5107,16
500103004,20231108,183,23,7,1,25.06864,121.5107,16
500103004,20231108,184,23,7,1,25.06864,121.5107,16
500103004,20231108,185,23,7,1,25.06864,121.5107,16
500103004,20231108,186,23,7,1,25.06864,121.5107,16
500103004,20231108,187,23,7,1,25.06864,121.5107,16
500103004,20231108,188,23,7,1,25.06864,121.5107,16
500103004,20231108,189,23,7,1,25.06864,121.5107,16
500103004,20231108,191,23,7,1,25.06864,121.5107,16
500103004,20231108,192,23,7,1,25.06864,121.5107,16
500103004,20231108,193,23,7,1,25.06864,121.5107,16
500103004,20231108,194,23,7,1,25.06864,121.5107,16
500103004,20231108,195,23,7,1,25.06864,121.5107,16
500103004,20231108,196,23,7,1,25.06864,121.5107,16
500103004,20231108,197,23,7,1,25.06864,121.5107,16
500103004,20231108,198,23,7,1,25.06864,121.5107,16
500103004,20231108,199,23,7,1,25.06864,121.5107,16
500103004,20231108,201,23,7,1,25.06864,121.5107,16
500103004,20231108,202,23,7,1,25.06864,121.5107,16
500103004,20231108,203,23,7,1,25.06864,121.5107,16
500103004,20231108,204,23,7,1,25.06864,121.5107,16
500103004,20231108,205,23,7,1,25.06864,121.5107,16
500103004,20231108,206,23,7,1,25.06864,121.5107,16
500103004,20231108,207,23,7,1,25.06864,121.5107,16
500103004,20231108,208,23,7,1,25.06864,121.5107,16
500103004,20231108,209,23,7,1,25.06864,121.5107,16
500103004,20231108,210,23,7,1,25.06864,121.5107,16
500103004,20231108,211,23,7,1,25.06864,121.5107,16
500103004,20231108,212,23,7,1,25.06864,121.5107,16
500103004,20231108,213,23,7,1,25.06864,121.5107,16
500103004,20231108,214,23,7,1,25.06864,121.5107,16
500103004,20231108,215,23,7,1,25.06864,121.5107,16
500103004,20231108,216,23,7,1,25.06864,121.5107,16
500103004,20231108,217,23,7,1,25.06864,121.5107,16
500103004,20231108,218,23,7,1,25.06864,121.5107,16
500103004,20231108,219,23,7,1,25.06864,121.5107,16
500103004,20231108,220,23,7,1,25.06864,121.5107,16
500103004,20231108,221,23,7,1,25.06864,121.5107,16
500103004,20231108,222,23,7,1,25.06864,121.5107,16
500103004,20231108,223,23,7,1,25.06864,121.5107,16
500103004,20231108,224,23,7,1,25.06864,121.5107,16
500103004,20231108,225,23,7,1,25.06864,121.5107,16
500103004,20231108,226,23,7,1,25.06864,121.5107,16
500103004,20231108,227,23,7,1,25.06864,121.5107,16
500103004,20231108,228,23,7,1,25.06864,121.5107,16
500103004,20231108,229,23,7,1,25.06864,121.5107,16
500103004,20231108,230,23,7,1,25.06864,121.5107,16
500103004,20231108,231,23,7,1,25.06864,121.5107,16
500103004,20231108,232,23,7,1,25.06864,121.5107,16
500103004,20231108,233,23,7,1,25.06864,121.5107,16
500103004,20231108,234,23,7,1,25.06864,121.5107,16
500103004,20231108,235,23,7,1,25.06864,121.5107,16
500103004,20231108,236,23,7,1,25.06864,121.5107,16
500103004,20231108,237,23,7,1,25.06864,121.5107,16
500103004,20231108,238,23,7,1,25.06864,121.5107,16
500103004,20231108,239,23,7,1,25.06864,121.5107,16
500103004,20231108,241,23,7,1,25.06864,121.5107,16
500103004,20231108,242,23,8,1,25.06864,121.5107,15
500103004,20231108,243,23,8,1,25.06864,121.5107,15
500103004,20231108,244,23,8,1,25.06864,121.5107,15
500103004,20231108,245,23,8,1,25.06864,121.5107,15
500103004,20231108,246,23,8,1,25.06864,121.5107,15
500103004,20231108,247,23,8,1,25.06864,121.5107,15
500103004,20231108,248,23,8,1,25.06864,121.5107,15
500103004,20231108,249,23,8,1,25.06864,121.5107,15
500103004,20231108,250,23,8,1,25.06864,121.5107,15
500103004,20231108,251,23,9,1,25.06864,121.5107,14
500103004,20231108,252,23,9,1,25.06864,121.5107,14
500103004,20231108,253,23,9,1,25.06864,121.5107,14
500103004,20231108,254,23,9,1,25.06864,121.5107,14
500103004,20231108,255,23,9,1,25.06864,121.5107,14
500103004,20231108,256,23,9,1,25.06864,121.5107,14
500103004,20231108,257,23,9,1,25.06864,121.5107,14
500103004,20231108,258,23,9,1,25.06864,121.5107,14
500103004,20231108,259,23,9,1,25.06864,121.5107,14
500103004,20231108,261,23,9,1,25.06864,121.5107,14
500103004,20231108,262,23,9,1,25.06864,121.5107,14
500103004,20231108,263,23,9,1,25.06864,121.5107,14
500103004,20231108,264,23,9,1,25.06864,121.5107,14
500103004,20231108,265,23,9,1,25.06864,121.5107,14
500103004,20231108,266,23,9,1,25.06864,121.5107,14
500103004,20231108,267,23,9,1,25.06864,121.5107,14
500103004,20231108,268,23,8,1,25.06864,121.5107,15
500103004,20231108,269,23,8,1,25.06864,121.5107,15
500103004,20231108,270,23,8,1,25.06864,121.5107,15
500103004,20231108,271,23,8,1,25.06864,121.5107,15
500103004,20231108,272,23,8,1,25.06864,121.5107,15
500103004,20231108,273,23,8,1,25.06864,121.5107,15
500103004,20231108,274,23,8,1,25.06864,121.5107,15
500103004,20231108,275,23,8,1,25.06864,121.5107,15
500103004,20231108,276,23,8,1,25.06864,121.5107,15
500103004,20231108,277,23,8,1,25.06864,121.5107,15
500103004,20231108,278,23,8,1,25.06864,121.5107,15
500103004,20231108,279,23,8,1,25.06864,121.5107,15
500103004,20231108,280,23,8,1,25.06864,121.5107,15
500103004,20231108,281,23,8,1,25.06864,121.5107,15
500103004,20231108,282,23,8,1,25.06864,121.5107,15
500103004,20231108,283,23,8,1,25.06864,121.5107,15
500103004,20231108,284,23,8,1,25.06864,121.5107,15
500103004,20231108,285,23,8,1,25.06864,121.5107,15
500103004,20231108,286,23,8,1,25.06864,121.5107,15
500103004,20231108,287,23,8,1,25.06864,121.5107,15
500103004,20231108,288,23,8,1,25.06864,121.5107,15
500103004,20231108,289,23,8,1,25.06864,121.5107,15
500103004,20231108,291,23,8,1,25.06864,121.5107,15
500103004,20231108,292,23,8,1,25.06864,121.5107,15
500103004,20231108,293,23,8,1,25.06864,121.5107,15
500103004,20231108,294,23,8,1,25.06864,121.5107,15
500103004,20231108,295,23,8,1,25.06864,121.5107,15
500103004,20231108,296,23,8,1,25.06864,121.5107,15
500103004,20231108,297,23,8,1,25.06864,121.5107,15
500103004,20231108,298,23,8,1,25.06864,121.5107,15
500103004,20231108,299,23,8,1,25.06864,121.5107,15
500103004,20231108,301,23,8,1,25.06864,121.5107,15
500103004,20231108,302,23,8,1,25.06864,121.5107,15
500103004,20231108,303,23,8,1,25.06864,121.5107,15
500103004,20231108,304,23,8,1,25.06864,121.5107,15
500103004,20231108,305,23,8,1,25.06864,121.5107,15
500103004,20231108,306,23,8,1,25.06864,121.5107,15
500103004,20231108,307,23,8,1,25.06864,121.5107,15
500103004,20231108,308,23,8,1,25.06864,121.5107,15
500103004,20231108,309,23,8,1,25.06864,121.5107,15
500103004,20231108,310,23,8,1,25.06864,121.5107,15
500103004,20231108,311,23,8,1,25.06864,121.5107,15
500103004,20231108,312,23,8,1,25.06864,121.5107,15
500103004,20231108,313,23,8,1,25.06864,121.5107,15
500103004,20231108,314,23,8,1,25.06864,121.5107,15
500103004,20231108,315,23,8,1,25.06864,121.5107,15
500103004,20231108,316,23,8,1,25.06864,121.5107,15
500103004,20231108,317,23,8,1,25.06864,121.5107,15
500103004,20231108,318,23,8,1,25.06864,121.5107,15
500103004,20231108,319,23,8,1,25.06864,121.5107,15
500103004,20231108,321,23,8,1,25.06864,121.5107,15
500103004,20231108,322,23,9,1,25.06864,121.5107,14
500103004,20231108,323,23,9,1,25.06864,121.5107,14
500103004,20231108,324,23,9,1,25.06864,121.5107,14
500103004,20231108,325,23,9,1,25.06864,121.5107,14
500103004,20231108,326,23,9,1,25.06864,121.5107,14
500103004,20231108,327,23,9,1,25.06864,121.5107,14
500103004,20231108,328,23,9,1,25.06864,121.5107,14
500103004,20231108,329,23,9,1,25.06864,121.5107,14
500103004,20231108,330,23,9,1,25.06864,121.5107,14
500103004,20231108,331,23,9,1,25.06864,121.5107,14
500103004,20231108,332,23,9,1,25.06864,121.5107,14
500103004,20231108,333,23,9,1,25.06864,121.5107,14
500103004,20231108,334,23,9,1,25.06864,121.5107,14
500103004,20231108,335,23,9,1,25.06864,121.5107,14
500103004,20231108,336,23,9,1,25.06864,121.5107,14
500103004,20231108,337,23,9,1,25.06864,121.5107,14
500103004,20231108,338,23,10,1,25.06864,121.5107,13
500103004,20231108,339,23,10,1,25.06864,121.5107,13
500103004,20231108,340,23,10,1,25.06864,121.5107,13
500103004,20231108,341,23,10,1,25.06864,121.5107,13
500103004,20231108,342,23,10,1,25.06864,121.5107,13
500103004,20231108,343,23,10,1,25.06864,121.5107,13
500103004,20231108,344,23,10,1,25.06864,121.5107,13
500103004,20231108,345,23,10,1,25.06864,121.5107,13
500103004,20231108,346,23,9,1,25.06864,121.5107,14
500103004,20231108,347,23,9,1,25.06864,121.5107,14
500103004,20231108,348,23,9,1,25.06864,121.5107,14
500103004,20231108,349,23,9,1,25.06864,121.5107,14
500103004,20231108,350,23,9,1,25.06864,121.5107,14
500103004,20231108,351,23,9,1,25.06864,121.5107,14
500103004,20231108,352,23,9,1,25.06864,121.5107,14
500103004,20231108,353,23,8,1,25.06864,121.5107,15
500103004,20231108,354,23,8,1,25.06864,121.5107,15
500103004,20231108,355,23,8,1,25.06864,121.5107,15
500103004,20231108,356,23,9,1,25.06864,121.5107,14
500103004,20231108,357,23,9,1,25.06864,121.5107,14
500103004,20231108,358,23,9,1,25.06864,121.5107,14
500103004,20231108,359,23,9,1,25.06864,121.5107,14
500103004,20231108,360,23,9,1,25.06864,121.5107,14
500103004,20231108,361,23,9,1,25.06864,121.5107,14
500103004,20231108,362,23,10,1,25.06864,121.5107,13
500103004,20231108,363,23,10,1,25.06864,121.5107,13
500103004,20231108,364,23,11,1,25.06864,121.5107,12
500103004,20231108,365,23,10,1,25.06864,121.5107,13
500103004,20231108,366,23,10,1,25.06864,121.5107,13
500103004,20231108,367,23,10,1,25.06864,121.5107,13
500103004,20231108,368,23,10,1,25.06864,121.5107,13
500103004,20231108,369,23,10,1,25.06864,121.5107,13
500103004,20231108,370,23,10,1,25.06864,121.5107,13
500103004,20231108,371,23,10,1,25.06864,121.5107,13
500103004,20231108,372,23,10,1,25.06864,121.5107,13
500103004,20231108,373,23,10,1,25.06864,121.5107,13
500103004,20231108,374,23,10,1,25.06864,121.5107,13
500103004,20231108,375,23,10,1,25.06864,121.5107,13
500103004,20231108,376,23,10,1,25.06864,121.5107,13
500103004,20231108,377,23,10,1,25.06864,121.5107,13
500103004,20231108,378,23,10,1,25.06864,121.5107,13
500103004,20231108,379,23,11,1,25.06864,121.5107,12
500103004,20231108,381,23,11,1,25.06864,121.5107,12
500103004,20231108,382,23,11,1,25.06864,121.5107,12
500103004,20231108,383,23,11,1,25.06864,121.5107,12
500103004,20231108,384,23,11,1,25.06864,121.5107,12
500103004,20231108,385,23,11,1,25.06864,121.5107,12
500103004,20231108,386,23,11,1,25.06864,121.5107,12
500103004,20231108,387,23,11,1,25.06864,121.5107,12
500103004,20231108,388,23,11,1,25.06864,121.5107,12
500103004,20231108,389,23,11,1,25.06864,121.5107,12
500103004,20231108,390,23,11,1,25.06864,121.5107,12
500103004,20231108,391,23,11,1,25.06864,121.5107,12
500103004,20231108,392,23,11,1,25.06864,121.5107,12
500103004,20231108,393,23,11,1,25.06864,121.5107,12
500103004,20231108,394,23,12,1,25.06864,121.5107,11
500103004,20231108,395,23,12,1,25.06864,121.5107,11
500103004,20231108,396,23,12,1,25.06864,121.5107,11
500103004,20231108,397,23,12,1,25.06864,121.5107,11
500103004,20231108,398,23,12,1,25.06864,121.5107,11
500103004,20231108,399,23,12,1,25.06864,121.5107,11
500103004,20231108,400,23,12,1,25.06864,121.5107,11
500103004,20231108,401,23,13,1,25.06864,121.5107,10
500103004,20231108,402,23,13,1,25.06864,121.5107,10
500103004,20231108,403,23,13,1,25.06864,121.5107,10
500103004,20231108,404,23,13,1,25.06864,121.5107,10
500103004,20231108,405,23,13,1,25.06864,121.5107,10
500103004,20231108,406,23,13,1,25.06864,121.5107,10
500103004,20231108,407,23,13,1,25.06864,121.5107,10
500103004,20231108,408,23,13,1,25.06864,121.5107,10
500103004,20231108,409,23,13,1,25.06864,121.5107,10
500103004,20231108,410,23,13,1,25.06864,121.5107,10
500103004,20231108,411,23,13,1,25.06864,121.5107,10
500103004,20231108,412,23,13,1,25.06864,121.5107,10
500103004,20231108,413,23,13,1,25.06864,121.5107,10
500103004,20231108,414,23,14,1,25.06864,121.5107,9
500103004,20231108,415,23,14,1,25.06864,121.5107,9
500103004,20231108,416,23,14,1,25.06864,121.5107,9
500103004,20231108,417,23,15,1,25.06864,121.5107,8
500103004,20231108,418,23,15,1,25.06864,121.5107,8
500103004,20231108,419,23,15,1,25.06864,121.5107,8
500103004,20231108,421,23,15,1,25.06864,121.5107,8
500103004,20231108,422,23,16,1,25.06864,121.5107,7
500103004,20231108,423,23,16,1,25.06864,121.5107,7
500103004,20231108,424,23,16,1,25.06864,121.5107,7
500103004,20231108,425,23,16,1,25.06864,121.5107,7
500103004,20231108,426,23,18,1,25.06864,121.5107,5
500103004,20231108,427,23,19,1,25.06864,121.5107,4
500103004,20231108,428,23,19,1,25.06864,121.5107,4
500103004,20231108,429,23,20,1,25.06864,121.5107,3
500103004,20231108,430,23,20,1,25.06864,121.5107,3
500103004,20231108,431,23,20,1,25.06864,121.5107,3
500103004,20231108,432,23,21,1,25.06864,121.5107,2
500103004,20231108,433,23,21,1,25.06864,121.5107,2
500103004,20231108,434,23,22,1,25.06864,121.5107,1
500103004,20231108,435,23,22,1,25.06864,121.5107,1
500103004,20231108,436,23,22,1,25.06864,121.5107,1
500103004,20231108,437,23,22,1,25.06864,121.5107,1
500103004,20231108,438,23,22,1,25.06864,121.5107,1
500103004,20231108,439,23,23,1,25.06864,121.5107,0
500103004,20231108,441,23,20,1,25.06864,121.5107,3
500103004,20231108,442,23,18,1,25.06864,121.5107,5
500103004,20231108,443,23,18,1,25.06864,121.5107,5
500103004,20231108,444,23,14,1,25.06864,121.5107,9
500103004,20231108,445,23,12,1,25.06864,121.5107,11
500103004,20231108,446,23,8,1,25.06864,121.5107,15
500103004,20231108,447,23,5,1,25.06864,121.5107,18
500103004,20231108,448,23,2,1,25.06864,121.5107,21
500103004,20231108,449,23,0,1,25.06864,121.5107,23
500103004,20231108,451,23,0,1,25.06864,121.5107,23
500103004,20231108,452,23,0,1,25.06864,121.5107,23
500103004,20231108,453,23,0,1,25.06864,121.5107,23
500103004,20231108,454,23,1,1,25.06864,121.5107,22
500103004,20231108,455,23,1,1,25.06864,121.5107,22
500103004,20231108,456,23,1,1,25.06864,121.5107,22
500103004,20231108,458,23,1,1,25.06864,121.5107,22
500103004,20231108,459,23,3,1,25.06864,121.5107,20
500103004,20231108,460,23,3,1,25.06864,121.5107,20
500103004,20231108,461,23,3,1,25.06864,121.5107,20
500103004,20231108,462,23,4,1,25.06864,121.5107,19
500103004,20231108,463,23,4,1,25.06864,121.5107,19
500103004,20231108,464,23,4,1,25.06864,121.5107,19
500103004,20231108,465,23,5,1,25.06864,121.5107,18
500103004,20231108,466,23,5,1,25.06864,121.5107,18
500103004,20231108,467,23,6,1,25.06864,121.5107,17
500103004,20231108,468,23,5,1,25.06864,121.5107,18
500103004,20231108,469,23,6,1,25.06864,121.5107,17
500103004,20231108,470,23,6,1,25.06864,121.5107,17
500103004,20231108,471,23,7,1,25.06864,121.5107,16
500103004,20231108,472,23,7,1,25.06864,121.5107,16
500103004,20231108,473,23,7,1,25.06864,121.5107,16
500103004,20231108,474,23,7,1,25.06864,121.5107,16
500103004,20231108,475,23,7,1,25.06864,121.5107,16
500103004,20231108,476,23,7,1,25.06864,121.5107,16
500103004,20231108,477,23,7,1,25.06864,121.5107,16
500103004,20231108,478,23,8,1,25.06864,121.5107,15
500103004,20231108,479,23,8,1,25.06864,121.5107,15
500103004,20231108,481,23,7,1,25.06864,121.5107,16
500103004,20231108,482,23,8,1,25.06864,121.5107,15
500103004,20231108,483,23,8,1,25.06864,121.5107,15
500103004,20231108,484,23,9,1,25.06864,121.5107,14
500103004,20231108,485,23,9,1,25.06864,121.5107,14
500103004,20231108,486,23,11,1,25.06864,121.5107,12
500103004,20231108,487,23,12,1,25.06864,121.5107,11
500103004,20231108,488,23,11,1,25.06864,121.5107,12
500103004,20231108,489,23,11,1,25.06864,121.5107,12
500103004,20231108,490,23,14,1,25.06864,121.5107,9
500103004,20231108,491,23,14,1,25.06864,121.5107,9
500103004,20231108,492,23,16,1,25.06864,121.5107,7
500103004,20231108,493,23,15,1,25.06864,121.5107,8
500103004,20231108,494,23,16,1,25.06864,121.5107,7
500103004,20231108,495,23,17,1,25.06864,121.5107,6
500103004,20231108,496,23,17,1,25.06864,121.5107,6
500103004,20231108,497,23,18,1,25.06864,121.5107,5
500103004,20231108,498,23,19,1,25.06864,121.5107,4
500103004,20231108,499,23,20,1,25.06864,121.5107,3
500103004,20231108,501,23,21,1,25.06864,121.5107,2
500103004,20231108,502,23,21,1,25.06864,121.5107,2
500103004,20231108,503,23,21,1,25.06864,121.5107,2
500103004,20231108,504,23,18,1,25.06864,121.5107,5
500103004,20231108,505,23,12,1,25.06864,121.5107,11
500103004,20231108,506,23,11,1,25.06864,121.5107,12
500103004,20231108,507,23,11,1,25.06864,121.5107,12
500103004,20231108,508,23,11,1,25.06864,121.5107,12
500103004,20231108,509,23,11,1,25.06864,121.5107,12
500103004,20231108,511,23,13,1,25.06864,121.5107,10
500103004,20231108,512,23,13,1,25.06864,121.5107,10
500103004,20231108,513,23,13,1,25.06864,121.5107,10
500103004,20231108,514,23,13,1,25.06864,121.5107,10
500103004,20231108,515,23,14,1,25.06864,121.5107,9
500103004,20231108,516,23,14,1,25.06864,121.5107,9
500103004,20231108,517,23,15,1,25.06864,121.5107,8
500103004,20231108,518,23,15,1,25.06864,121.5107,8
500103004,20231108,519,23,15,1,25.06864,121.5107,8
500103004,20231108,520,23,16,1,25.06864,121.5107,7
500103004,20231108,521,23,16,1,25.06864,121.5107,7
500103004,20231108,522,23,17,1,25.06864,121.5107,6
500103004,20231108,523,23,17,1,25.06864,121.5107,6
500103004,20231108,524,23,16,1,25.06864,121.5107,7
500103004,20231108,525,23,16,1,25.06864,121.5107,7
500103004,20231108,526,23,16,1,25.06864,121.5107,7
500103004,20231108,527,23,17,1,25.06864,121.5107,6
500103004,20231108,528,23,17,1,25.06864,121.5107,6
500103004,20231108,529,23,17,1,25.06864,121.5107,6
500103004,20231108,530,23,17,1,25.06864,121.5107,6
500103004,20231108,531,23,17,1,25.06864,121.5107,6
500103004,20231108,532,23,17,1,25.06864,121.5107,6
500103004,20231108,533,23,18,1,25.06864,121.5107,5
500103004,20231108,534,23,18,1,25.06864,121.5107,5
500103004,20231108,535,23,18,1,25.06864,121.5107,5
500103004,20231108,536,23,18,1,25.06864,121.5107,5
500103004,20231108,537,23,19,1,25.06864,121.5107,4
500103004,20231108,538,23,19,1,25.06864,121.5107,4
500103004,20231108,539,23,20,1,25.06864,121.5107,3
500103004,20231108,541,23,20,1,25.06864,121.5107,3
500103004,20231108,542,23,21,1,25.06864,121.5107,2
500103004,20231108,543,23,21,1,25.06864,121.5107,2
500103004,20231108,544,23,21,1,25.06864,121.5107,2
500103004,20231108,545,23,21,1,25.06864,121.5107,2
500103004,20231108,546,23,21,1,25.06864,121.5107,2
500103004,20231108,547,23,20,1,25.06864,121.5107,3
500103004,20231108,548,23,20,1,25.06864,121.5107,3
500103004,20231108,549,23,20,1,25.06864,121.5107,3
500103004,20231108,550,23,21,1,25.06864,121.5107,2
500103004,20231108,551,23,22,1,25.06864,121.5107,1
500103004,20231108,552,23,22,1,25.06864,121.5107,1
500103004,20231108,553,23,22,1,25.06864,121.5107,1
500103004,20231108,554,23,23,1,25.06864,121.5107,0
500103004,20231108,555,23,23,1,25.06864,121.5107,0
500103004,20231108,556,23,23,1,25.06864,121.5107,0
500103004,20231108,557,23,23,1,25.06864,121.5107,0
500103004,20231108,558,23,23,1,25.06864,121.5107,0
500103004,20231108,559,23,23,1,25.06864,121.5107,0
500103004,20231108,561,23,23,1,25.06864,121.5107,0
500103004,20231108,562,23,23,1,25.06864,121.5107,0
500103004,20231108,563,23,23,1,25.06864,121.5107,0
500103004,20231108,564,23,23,1,25.06864,121.5107,0
500103004,20231108,565,23,23,1,25.06864,121.5107,0
500103004,20231108,566,23,23,1,25.06864,121.5107,0
500103004,20231108,567,23,23,1,25.06864,121.5107,0
500103004,20231108,568,23,23,1,25.06864,121.5107,0
500103004,20231108,569,23,23,1,25.06864,121.5107,0
500103004,20231108,571,23,22,1,25.06864,121.5107,1
500103004,20231108,572,23,22,1,25.06864,121.5107,1
500103004,20231108,573,23,22,1,25.06864,121.5107,1
500103004,20231108,574,23,22,1,25.06864,121.5107,1
500103004,20231108,575,23,22,1,25.06864,121.5107,1
500103004,20231108,576,23,22,1,25.06864,121.5107,1
500103004,20231108,577,23,22,1,25.06864,121.5107,1
500103004,20231108,578,23,22,1,25.06864,121.5107,1
500103004,20231108,579,23,22,1,25.06864,121.5107,1
500103004,20231108,580,23,23,1,25.06864,121.5107,0
500103004,20231108,581,23,23,1,25.06864,121.5107,0
500103004,20231108,582,23,23,1,25.06864,121.5107,0
500103004,20231108,583,23,23,1,25.06864,121.5107,0
500103004,20231108,584,23,23,1,25.06864,121.5107,0
500103004,20231108,585,23,23,1,25.06864,121.5107,0
500103004,20231108,586,23,23,1,25.06864,121.5107,0
500103004,20231108,587,23,23,1,25.06864,121.5107,0
500103004,20231108,588,23,23,1,25.06864,121.5107,0
500103004,20231108,589,23,23,1,25.06864,121.5107,0
500103004,20231108,590,23,23,1,25.06864,121.5107,0
500103004,20231108,591,23,23,1,25.06864,121.5107,0
500103004,20231108,592,23,23,1,25.06864,121.5107,0
500103004,20231108,593,23,23,1,25.06864,121.5107,0
500103004,20231108,594,23,23,1,25.06864,121.5107,0
500103004,20231108,595,23,23,1,25.06864,121.5107,0
500103004,20231108,596,23,23,1,25.06864,121.5107,0
500103004,20231108,597,23,23,1,25.06864,121.5107,0
500103004,20231108,598,23,23,1,25.06864,121.5107,0
500103004,20231108,599,23,23,1,25.06864,121.5107,0
500103004,20231108,601,23,23,1,25.06864,121.5107,0
500103004,20231108,602,23,23,1,25.06864,121.5107,0
500103004,20231108,603,23,23,1,25.06864,121.5107,0
500103004,20231108,604,23,23,1,25.06864,121.5107,0
500103004,20231108,605,23,23,1,25.06864,121.5107,0
500103004,20231108,606,23,23,1,25.06864,121.5107,0
500103004,20231108,607,23,23,1,25.06864,121.5107,0
500103004,20231108,608,23,23,1,25.06864,121.5107,0
500103004,20231108,609,23,23,1,25.06864,121.5107,0
500103004,20231108,610,23,23,1,25.06864,121.5107,0
500103004,20231108,611,23,23,1,25.06864,121.5107,0
500103004,20231108,612,23,23,1,25.06864,121.5107,0
500103004,20231108,613,23,23,1,25.06864,121.5107,0
500103004,20231108,614,23,23,1,25.06864,121.5107,0
500103004,20231108,615,23,23,1,25.06864,121.5107,0
500103004,20231108,616,23,23,1,25.06864,121.5107,0
500103004,20231108,617,23,23,1,25.06864,121.5107,0
500103004,20231108,618,23,23,1,25.06864,121.5107,0
500103004,20231108,619,23,23,1,25.06864,121.5107,0
500103004,20231108,621,23,23,1,25.06864,121.5107,0
500103004,20231108,622,23,23,1,25.06864,121.5107,0
500103004,20231108,623,23,23,1,25.06864,121.5107,0
500103004,20231108,624,23,23,1,25.06864,121.5107,0
500103004,20231108,625,23,23,1,25.06864,121.5107,0
500103004,20231108,626,23,23,1,25.06864,121.5107,0
500103004,20231108,627,23,23,1,25.06864,121.5107,0
500103004,20231108,628,23,23,1,25.06864,121.5107,0
500103004,20231108,629,23,23,1,25.06864,121.5107,0
500103004,20231108,631,23,23,1,25.06864,121.5107,0
500103004,20231108,632,23,23,1,25.06864,121.5107,0
500103004,20231108,633,23,22,1,25.06864,121.5107,1
500103004,20231108,634,23,23,1,25.06864,121.5107,0
500103004,20231108,635,23,23,1,25.06864,121.5107,0
500103004,20231108,636,23,23,1,25.06864,121.5107,0
500103004,20231108,637,23,23,1,25.06864,121.5107,0
500103004,20231108,638,23,23,1,25.06864,121.5107,0
500103004,20231108,639,23,23,1,25.06864,121.5107,0
500103004,20231108,640,23,23,1,25.06864,121.5107,0
500103004,20231108,641,23,23,1,25.06864,121.5107,0
500103004,20231108,642,23,23,1,25.06864,121.5107,0
500103004,20231108,643,23,22,1,25.06864,121.5107,1
500103004,20231108,644,23,22,1,25.06864,121.5107,1
500103004,20231108,645,23,22,1,25.06864,121.5107,1
500103004,20231108,646,23,22,1,25.06864,121.5107,1
500103004,20231108,647,23,22,1,25.06864,121.5107,1
500103004,20231108,648,23,22,1,25.06864,121.5107,1
500103004,20231108,649,23,23,1,25.06864,121.5107,0
500103004,20231108,650,23,23,1,25.06864,121.5107,0
500103004,20231108,651,23,23,1,25.06864,121.5107,0
500103004,20231108,652,23,23,1,25.06864,121.5107,0
500103004,20231108,653,23,23,1,25.06864,121.5107,0
500103004,20231108,654,23,23,1,25.06864,121.5107,0
500103004,20231108,655,23,23,1,25.06864,121.5107,0
500103004,20231108,656,23,23,1,25.06864,121.5107,0
500103004,20231108,657,23,23,1,25.06864,121.5107,0
500103004,20231108,658,23,23,1,25.06864,121.5107,0
500103004,20231108,659,23,23,1,25.06864,121.5107,0
500103004,20231108,661,23,23,1,25.06864,121.5107,0
500103004,20231108,662,23,23,1,25.06864,121.5107,0
500103004,20231108,663,23,23,1,25.06864,121.5107,0
500103004,20231108,664,23,23,1,25.06864,121.5107,0
500103004,20231108,665,23,23,1,25.06864,121.5107,0
500103004,20231108,666,23,23,1,25.06864,121.5107,0
500103004,20231108,667,23,23,1,25.06864,121.5107,0
500103004,20231108,668,23,23,1,25.06864,121.5107,0
500103004,20231108,669,23,23,1,25.06864,121.5107,0
500103004,20231108,670,23,23,1,25.06864,121.5107,0
500103004,20231108,671,23,23,1,25.06864,121.5107,0
500103004,20231108,672,23,23,1,25.06864,121.5107,0
500103004,20231108,673,23,23,1,25.06864,121.5107,0
500103004,20231108,674,23,22,1,25.06864,121.5107,1
500103004,20231108,675,23,22,1,25.06864,121.5107,1
500103004,20231108,676,23,22,1,25.06864,121.5107,1
500103004,20231108,677,23,22,1,25.06864,121.5107,1
500103004,20231108,678,23,22,1,25.06864,121.5107,1
500103004,20231108,679,23,22,1,25.06864,121.5107,1
500103004,20231108,681,23,22,1,25.06864,121.5107,1
500103004,20231108,682,23,22,1,25.06864,121.5107,1
500103004,20231108,683,23,22,1,25.06864,121.5107,1
500103004,20231108,684,23,22,1,25.06864,121.5107,1
500103004,20231108,685,23,22,1,25.06864,121.5107,1
500103004,20231108,686,23,23,1,25.06864,121.5107,0
500103004,20231108,687,23,23,1,25.06864,121.5107,0
500103004,20231108,688,23,23,1,25.06864,121.5107,0
500103004,20231108,689,23,23,1,25.06864,121.5107,0
500103004,20231108,690,23,23,1,25.06864,121.5107,0
500103004,20231108,691,23,23,1,25.06864,121.5107,0
500103004,20231108,692,23,23,1,25.06864,121.5107,0
500103004,20231108,693,23,23,1,25.06864,121.5107,0
500103004,20231108,694,23,23,1,25.06864,121.5107,0
500103004,20231108,695,23,22,1,25.06864,121.5107,1
500103004,20231108,696,23,22,1,25.06864,121.5107,1
500103004,20231108,697,23,22,1,25.06864,121.5107,1
500103004,20231108,698,23,22,1,25.06864,121.5107,1
500103004,20231108,699,23,22,1,25.06864,121.5107,1
500103004,20231108,700,23,21,1,25.06864,121.5107,2
500103004,20231108,701,23,21,1,25.06864,121.5107,2
500103004,20231108,702,23,21,1,25.06864,121.5107,2
500103004,20231108,703,23,21,1,25.06864,121.5107,2
500103004,20231108,704,23,21,1,25.06864,121.5107,2
500103004,20231108,705,23,21,1,25.06864,121.5107,2
500103004,20231108,706,23,21,1,25.06864,121.5107,2
500103004,20231108,707,23,21,1,25.06864,121.5107,2
500103004,20231108,708,23,21,1,25.06864,121.5107,2
500103004,20231108,709,23,21,1,25.06864,121.5107,2
500103004,20231108,710,23,21,1,25.06864,121.5107,2
500103004,20231108,711,23,21,1,25.06864,121.5107,2
500103004,20231108,712,23,21,1,25.06864,121.5107,2
500103004,20231108,713,23,21,1,25.06864,121.5107,2
500103004,20231108,714,23,21,1,25.06864,121.5107,2
500103004,20231108,715,23,21,1,25.06864,121.5107,2
500103004,20231108,716,23,20,1,25.06864,121.5107,3
500103004,20231108,717,23,20,1,25.06864,121.5107,3
500103004,20231108,718,23,20,1,25.06864,121.5107,3
500103004,20231108,719,23,20,1,25.06864,121.5107,3
500103004,20231108,721,23,20,1,25.06864,121.5107,3
500103004,20231108,722,23,20,1,25.06864,121.5107,3
500103004,20231108,723,23,20,1,25.06864,121.5107,3
500103004,20231108,724,23,21,1,25.06864,121.5107,2
500103004,20231108,725,23,21,1,25.06864,121.5107,2
500103004,20231108,726,23,21,1,25.06864,121.5107,2
500103004,20231108,727,23,21,1,25.06864,121.5107,2
500103004,20231108,728,23,21,1,25.06864,121.5107,2
500103004,20231108,729,23,21,1,25.06864,121.5107,2
500103004,20231108,730,23,21,1,25.06864,121.5107,2
500103004,20231108,731,23,21,1,25.06864,121.5107,2
500103004,20231108,732,23,21,1,25.06864,121.5107,2
500103004,20231108,733,23,21,1,25.06864,121.5107,2
500103004,20231108,734,23,21,1,25.06864,121.5107,2
500103004,20231108,735,23,21,1,25.06864,121.5107,2
500103004,20231108,736,23,21,1,25.06864,121.5107,2
500103004,20231108,737,23,21,1,25.06864,121.5107,2
500103004,20231108,739,23,21,1,25.06864,121.5107,2
500103004,20231108,741,23,21,1,25.06864,121.5107,2
500103004,20231108,742,23,21,1,25.06864,121.5107,2
500103004,20231108,743,23,21,1,25.06864,121.5107,2
500103004,20231108,744,23,21,1,25.06864,121.5107,2
500103004,20231108,746,23,21,1,25.06864,121.5107,2
500103004,20231108,747,23,21,1,25.06864,121.5107,2
500103004,20231108,748,23,21,1,25.06864,121.5107,2
500103004,20231108,749,23,21,1,25.06864,121.5107,2
500103004,20231108,751,23,19,1,25.06864,121.5107,4
500103004,20231108,752,23,19,1,25.06864,121.5107,4
500103004,20231108,753,23,19,1,25.06864,121.5107,4
500103004,20231108,754,23,19,1,25.06864,121.5107,4
500103004,20231108,755,23,19,1,25.06864,121.5107,4
500103004,20231108,756,23,19,1,25.06864,121.5107,4
500103004,20231108,757,23,20,1,25.06864,121.5107,3
500103004,20231108,758,23,21,1,25.06864,121.5107,2
500103004,20231108,759,23,21,1,25.06864,121.5107,2
500103004,20231108,760,23,21,1,25.06864,121.5107,2
500103004,20231108,761,23,21,1,25.06864,121.5107,2
500103004,20231108,762,23,21,1,25.06864,121.5107,2
500103004,20231108,763,23,21,1,25.06864,121.5107,2
500103004,20231108,764,23,21,1,25.06864,121.5107,2
500103004,20231108,765,23,21,1,25.06864,121.5107,2
500103004,20231108,766,23,22,1,25.06864,121.5107,1
500103004,20231108,767,23,22,1,25.06864,121.5107,1
500103004,20231108,768,23,22,1,25.06864,121.5107,1
500103004,20231108,769,23,22,1,25.06864,121.5107,1
500103004,20231108,770,23,22,1,25.06864,121.5107,1
500103004,20231108,771,23,22,1,25.06864,121.5107,1
500103004,20231108,772,23,22,1,25.06864,121.5107,1
500103004,20231108,773,23,22,1,25.06864,121.5107,1
500103004,20231108,774,23,22,1,25.06864,121.5107,1
500103004,20231108,775,23,22,1,25.06864,121.5107,1
500103004,20231108,776,23,22,1,25.06864,121.5107,1
500103004,20231108,777,23,22,1,25.06864,121.5107,1
500103004,20231108,778,23,22,1,25.06864,121.5107,1
500103004,20231108,779,23,21,1,25.06864,121.5107,2
500103004,20231108,781,23,21,1,25.06864,121.5107,2
500103004,20231108,782,23,21,1,25.06864,121.5107,2
500103004,20231108,783,23,21,1,25.06864,121.5107,2
500103004,20231108,784,23,21,1,25.06864,121.5107,2
500103004,20231108,785,23,21,1,25.06864,121.5107,2
500103004,20231108,786,23,20,1,25.06864,121.5107,3
500103004,20231108,787,23,20,1,25.06864,121.5107,3
500103004,20231108,788,23,20,1,25.06864,121.5107,3
500103004,20231108,789,23,20,1,25.06864,121.5107,3
500103004,20231108,790,23,20,1,25.06864,121.5107,3
500103004,20231108,791,23,20,1,25.06864,121.5107,3
500103004,20231108,792,23,20,1,25.06864,121.5107,3
500103004,20231108,793,23,20,1,25.06864,121.5107,3
500103004,20231108,794,23,20,1,25.06864,121.5107,3
500103004,20231108,795,23,20,1,25.06864,121.5107,3
500103004,20231108,796,23,20,1,25.06864,121.5107,3
500103004,20231108,797,23,20,1,25.06864,121.5107,3
500103004,20231108,798,23,20,1,25.06864,121.5107,3
500103004,20231108,799,23,20,1,25.06864,121.5107,3
500103004,20231108,801,23,20,1,25.06864,121.5107,3
500103004,20231108,802,23,20,1,25.06864,121.5107,3
500103004,20231108,803,23,20,1,25.06864,121.5107,3
500103004,20231108,804,23,20,1,25.06864,121.5107,3
500103004,20231108,805,23,20,1,25.06864,121.5107,3
500103004,20231108,806,23,20,1,25.06864,121.5107,3
500103004,20231108,807,23,20,1,25.06864,121.5107,3
500103004,20231108,808,23,20,1,25.06864,121.5107,3
500103004,20231108,809,23,20,1,25.06864,121.5107,3
500103004,20231108,811,23,20,1,25.06864,121.5107,3
500103004,20231108,812,23,20,1,25.06864,121.5107,3
500103004,20231108,813,23,20,1,25.06864,121.5107,3
500103004,20231108,814,23,20,1,25.06864,121.5107,3
500103004,20231108,815,23,20,1,25.06864,121.5107,3
500103004,20231108,816,23,21,1,25.06864,121.5107,2
500103004,20231108,817,23,21,1,25.06864,121.5107,2
500103004,20231108,818,23,21,1,25.06864,121.5107,2
500103004,20231108,819,23,20,1,25.06864,121.5107,3
500103004,20231108,820,23,20,1,25.06864,121.5107,3
500103004,20231108,821,23,20,1,25.06864,121.5107,3
500103004,20231108,822,23,20,1,25.06864,121.5107,3
500103004,20231108,823,23,20,1,25.06864,121.5107,3
500103004,20231108,824,23,20,1,25.06864,121.5107,3
500103004,20231108,825,23,20,1,25.06864,121.5107,3
500103004,20231108,826,23,20,1,25.06864,121.5107,3
500103004,20231108,827,23,20,1,25.06864,121.5107,3
500103004,20231108,828,23,20,1,25.06864,121.5107,3
500103004,20231108,829,23,20,1,25.06864,121.5107,3
500103004,20231108,830,23,20,1,25.06864,121.5107,3
500103004,20231108,831,23,19,1,25.06864,121.5107,4
500103004,20231108,832,23,19,1,25.06864,121.5107,4
500103004,20231108,833,23,19,1,25.06864,121.5107,4
500103004,20231108,834,23,19,1,25.06864,121.5107,4
500103004,20231108,835,23,19,1,25.06864,121.5107,4
500103004,20231108,836,23,19,1,25.06864,121.5107,4
500103004,20231108,837,23,18,1,25.06864,121.5107,5
500103004,20231108,838,23,18,1,25.06864,121.5107,5
500103004,20231108,839,23,18,1,25.06864,121.5107,5
500103004,20231108,841,23,17,1,25.06864,121.5107,6
500103004,20231108,842,23,17,1,25.06864,121.5107,6
500103004,20231108,843,23,17,1,25.06864,121.5107,6
500103004,20231108,844,23,18,1,25.06864,121.5107,5
500103004,20231108,845,23,18,1,25.06864,121.5107,5
500103004,20231108,846,23,18,1,25.06864,121.5107,5
500103004,20231108,847,23,17,1,25.06864,121.5107,6
500103004,20231108,848,23,17,1,25.06864,121.5107,6
500103004,20231108,849,23,17,1,25.06864,121.5107,6
500103004,20231108,850,23,17,1,25.06864,121.5107,6
500103004,20231108,851,23,17,1,25.06864,121.5107,6
500103004,20231108,852,23,17,1,25.06864,121.5107,6
500103004,20231108,853,23,17,1,25.06864,121.5107,6
500103004,20231108,854,23,17,1,25.06864,121.5107,6
500103004,20231108,856,23,17,1,25.06864,121.5107,6
500103004,20231108,857,23,18,1,25.06864,121.5107,5
500103004,20231108,858,23,18,1,25.06864,121.5107,5
500103004,20231108,859,23,18,1,25.06864,121.5107,5
500103004,20231108,861,23,18,1,25.06864,121.5107,5
500103004,20231108,862,23,18,1,25.06864,121.5107,5
500103004,20231108,863,23,19,1,25.06864,121.5107,4
500103004,20231108,864,23,20,1,25.06864,121.5107,3
500103004,20231108,865,23,20,1,25.06864,121.5107,3
500103004,20231108,866,23,20,1,25.06864,121.5107,3
500103004,20231108,867,23,21,1,25.06864,121.5107,2
500103004,20231108,868,23,21,1,25.06864,121.5107,2
500103004,20231108,869,23,21,1,25.06864,121.5107,2
500103004,20231108,871,23,21,1,25.06864,121.5107,2
500103004,20231108,872,23,21,1,25.06864,121.5107,2
500103004,20231108,873,23,21,1,25.06864,121.5107,2
500103004,20231108,874,23,21,1,25.06864,121.5107,2
500103004,20231108,875,23,21,1,25.06864,121.5107,2
500103004,20231108,876,23,21,1,25.06864,121.5107,2
500103004,20231108,877,23,21,1,25.06864,121.5107,2
500103004,20231108,878,23,21,1,25.06864,121.5107,2
500103004,20231108,879,23,21,1,25.06864,121.5107,2
500103004,20231108,880,23,21,1,25.06864,121.5107,2
500103004,20231108,881,23,21,1,25.06864,121.5107,2
500103004,20231108,882,23,21,1,25.06864,121.5107,2
500103004,20231108,883,23,21,1,25.06864,121.5107,2
500103004,20231108,884,23,21,1,25.06864,121.5107,2
500103004,20231108,885,23,21,1,25.06864,121.5107,2
500103004,20231108,886,23,21,1,25.06864,121.5107,2
500103004,20231108,887,23,20,1,25.06864,121.5107,3
500103004,20231108,888,23,20,1,25.06864,121.5107,3
500103004,20231108,889,23,21,1,25.06864,121.5107,2
500103004,20231108,890,23,22,1,25.06864,121.5107,1
500103004,20231108,891,23,22,1,25.06864,121.5107,1
500103004,20231108,892,23,22,1,25.06864,121.5107,1
500103004,20231108,893,23,23,1,25.06864,121.5107,0
500103004,20231108,894,23,23,1,25.06864,121.5107,0
500103004,20231108,895,23,23,1,25.06864,121.5107,0
500103004,20231108,896,23,23,1,25.06864,121.5107,0
500103004,20231108,897,23,23,1,25.06864,121.5107,0
500103004,20231108,898,23,23,1,25.06864,121.5107,0
500103004,20231108,899,23,23,1,25.06864,121.5107,0
500103004,20231108,901,23,23,1,25.06864,121.5107,0
500103004,20231108,902,23,23,1,25.06864,121.5107,0
500103004,20231108,904,23,23,1,25.06864,121.5107,0
500103004,20231108,905,23,23,1,25.06864,121.5107,0
500103004,20231108,906,23,23,1,25.06864,121.5107,0
500103004,20231108,907,23,23,1,25.06864,121.5107,0
500103004,20231108,908,23,23,1,25.06864,121.5107,0
500103004,20231108,909,23,23,1,25.06864,121.5107,0
500103004,20231108,910,23,23,1,25.06864,121.5107,0
500103004,20231108,911,23,23,1,25.06864,121.5107,0
500103004,20231108,912,23,23,1,25.06864,121.5107,0
500103004,20231108,913,23,23,1,25.06864,121.5107,0
500103004,20231108,914,23,23,1,25.06864,121.5107,0
500103004,20231108,915,23,23,1,25.06864,121.5107,0
500103004,20231108,916,23,23,1,25.06864,121.5107,0
500103004,20231108,917,23,19,1,25.06864,121.5107,4
500103004,20231108,918,23,19,1,25.06864,121.5107,4
500103004,20231108,919,23,19,1,25.06864,121.5107,4
500103004,20231108,921,23,19,1,25.06864,121.5107,4
500103004,20231108,922,23,19,1,25.06864,121.5107,4
500103004,20231108,923,23,19,1,25.06864,121.5107,4
500103004,20231108,924,23,19,1,25.06864,121.5107,4
500103004,20231108,925,23,19,1,25.06864,121.5107,4
500103004,20231108,926,23,18,1,25.06864,121.5107,5
500103004,20231108,927,23,18,1,25.06864,121.5107,5
500103004,20231108,928,23,18,1,25.06864,121.5107,5
500103004,20231108,929,23,18,1,25.06864,121.5107,5
500103004,20231108,931,23,18,1,25.06864,121.5107,5
500103004,20231108,932,23,18,1,25.06864,121.5107,5
500103004,20231108,933,23,19,1,25.06864,121.5107,4
500103004,20231108,934,23,19,1,25.06864,121.5107,4
500103004,20231108,935,23,19,1,25.06864,121.5107,4
500103004,20231108,936,23,19,1,25.06864,121.5107,4
500103004,20231108,937,23,19,1,25.06864,121.5107,4
500103004,20231108,938,23,20,1,25.06864,121.5107,3
500103004,20231108,939,23,20,1,25.06864,121.5107,3
500103004,20231108,940,23,20,1,25.06864,121.5107,3
500103004,20231108,941,23,20,1,25.06864,121.5107,3
500103004,20231108,942,23,19,1,25.06864,121.5107,4
500103004,20231108,943,23,19,1,25.06864,121.5107,4
500103004,20231108,944,23,19,1,25.06864,121.5107,4
500103004,20231108,945,23,19,1,25.06864,121.5107,4
500103004,20231108,946,23,19,1,25.06864,121.5107,4
500103004,20231108,947,23,19,1,25.06864,121.5107,4
500103004,20231108,948,23,19,1,25.06864,121.5107,4
500103004,20231108,949,23,19,1,25.06864,121.5107,4
500103004,20231108,950,23,20,1,25.06864,121.5107,3
500103004,20231108,951,23,20,1,25.06864,121.5107,3
500103004,20231108,952,23,21,1,25.06864,121.5107,2
500103004,20231108,953,23,21,1,25.06864,121.5107,2
500103004,20231108,954,23,21,1,25.06864,121.5107,2
500103004,20231108,955,23,21,1,25.06864,121.5107,2
500103004,20231108,956,23,20,1,25.06864,121.5107,3
500103004,20231108,957,23,20,1,25.06864,121.5107,3
500103004,20231108,958,23,20,1,25.06864,121.5107,3
500103004,20231108,959,23,20,1,25.06864,121.5107,3
500103004,20231108,961,23,20,1,25.06864,121.5107,3
500103004,20231108,962,23,20,1,25.06864,121.5107,3
500103004,20231108,963,23,20,1,25.06864,121.5107,3
500103004,20231108,964,23,20,1,25.06864,121.5107,3
500103004,20231108,965,23,20,1,25.06864,121.5107,3
500103004,20231108,966,23,20,1,25.06864,121.5107,3
500103004,20231108,967,23,20,1,25.06864,121.5107,3
500103004,20231108,968,23,20,1,25.06864,121.5107,3
500103004,20231108,969,23,20,1,25.06864,121.5107,3
500103004,20231108,970,23,20,1,25.06864,121.5107,3
500103004,20231108,971,23,20,1,25.06864,121.5107,3
500103004,20231108,972,23,20,1,25.06864,121.5107,3
500103004,20231108,973,23,20,1,25.06864,121.5107,3
500103004,20231108,974,23,20,1,25.06864,121.5107,3
500103004,20231108,975,23,20,1,25.06864,121.5107,3
500103004,20231108,976,23,20,1,25.06864,121.5107,3
500103004,20231108,977,23,20,1,25.06864,121.5107,3
500103004,20231108,978,23,20,1,25.06864,121.5107,3
500103004,20231108,979,23,20,1,25.06864,121.5107,3
500103004,20231108,981,23,20,1,25.06864,121.5107,3
500103004,20231108,982,23,20,1,25.06864,121.5107,3
500103004,20231108,983,23,19,1,25.06864,121.5107,4
500103004,20231108,984,23,18,1,25.06864,121.5107,5
500103004,20231108,985,23,18,1,25.06864,121.5107,5
500103004,20231108,986,23,18,1,25.06864,121.5107,5
500103004,20231108,987,23,18,1,25.06864,121.5107,5
500103004,20231108,988,23,18,1,25.06864,121.5107,5
500103004,20231108,989,23,18,1,25.06864,121.5107,5
500103004,20231108,991,23,18,1,25.06864,121.5107,5
500103004,20231108,992,23,18,1,25.06864,121.5107,5
500103004,20231108,993,23,18,1,25.06864,121.5107,5
500103004,20231108,994,23,18,1,25.06864,121.5107,5
500103004,20231108,995,23,18,1,25.06864,121.5107,5
500103004,20231108,996,23,17,1,25.06864,121.5107,6
500103004,20231108,997,23,17,1,25.06864,121.5107,6
500103004,20231108,998,23,16,1,25.06864,121.5107,7
500103004,20231108,999,23,16,1,25.06864,121.5107,7
500103004,20231108,1000,23,17,1,25.06864,121.5107,6
500103004,20231108,1001,23,17,1,25.06864,121.5107,6
500103004,20231108,1002,23,16,1,25.06864,121.5107,7
500103004,20231108,1003,23,16,1,25.06864,121.5107,7
500103004,20231108,1004,23,16,1,25.06864,121.5107,7
500103004,20231108,1005,23,16,1,25.06864,121.5107,7
500103004,20231108,1006,23,17,1,25.06864,121.5107,6
500103004,20231108,1007,23,17,1,25.06864,121.5107,6
500103004,20231108,1008,23,16,1,25.06864,121.5107,7
500103004,20231108,1009,23,17,1,25.06864,121.5107,6
500103004,20231108,1010,23,17,1,25.06864,121.5107,6
500103004,20231108,1011,23,17,1,25.06864,121.5107,6
500103004,20231108,1012,23,17,1,25.06864,121.5107,6
500103004,20231108,1013,23,17,1,25.06864,121.5107,6
500103004,20231108,1014,23,17,1,25.06864,121.5107,6
500103004,20231108,1015,23,17,1,25.06864,121.5107,6
500103004,20231108,1016,23,16,1,25.06864,121.5107,7
500103004,20231108,1017,23,16,1,25.06864,121.5107,7
500103004,20231108,1018,23,15,1,25.06864,121.5107,8
500103004,20231108,1019,23,14,1,25.06864,121.5107,9
500103004,20231108,1021,23,13,1,25.06864,121.5107,10
500103004,20231108,1022,23,12,1,25.06864,121.5107,11
500103004,20231108,1023,23,12,1,25.06864,121.5107,11
500103004,20231108,1024,23,11,1,25.06864,121.5107,12
500103004,20231108,1025,23,11,1,25.06864,121.5107,12
500103004,20231108,1026,23,10,1,25.06864,121.5107,13
500103004,20231108,1027,23,11,1,25.06864,121.5107,12
500103004,20231108,1028,23,11,1,25.06864,121.5107,12
500103004,20231108,1029,23,11,1,25.06864,121.5107,12
500103004,20231108,1030,23,10,1,25.06864,121.5107,13
500103004,20231108,1031,23,10,1,25.06864,121.5107,13
500103004,20231108,1032,23,10,1,25.06864,121.5107,13
500103004,20231108,1033,23,11,1,25.06864,121.5107,12
500103004,20231108,1034,23,11,1,25.06864,121.5107,12
500103004,20231108,1035,23,11,1,25.06864,121.5107,12
500103004,20231108,1036,23,11,1,25.06864,121.5107,12
500103004,20231108,1037,23,11,1,25.06864,121.5107,12
500103004,20231108,1038,23,11,1,25.06864,121.5107,12
500103004,20231108,1039,23,11,1,25.06864,121.5107,12
500103004,20231108,1041,23,11,1,25.06864,121.5107,12
500103004,20231108,1042,23,11,1,25.06864,121.5107,12
500103004,20231108,1043,23,11,1,25.06864,121.5107,12
500103004,20231108,1044,23,11,1,25.06864,121.5107,12
500103004,20231108,1045,23,12,1,25.06864,121.5107,11
500103004,20231108,1046,23,12,1,25.06864,121.5107,11
500103004,20231108,1047,23,12,1,25.06864,121.5107,11
500103004,20231108,1048,23,10,1,25.06864,121.5107,13
500103004,20231108,1049,23,9,1,25.06864,121.5107,14
500103004,20231108,1051,23,10,1,25.06864,121.5107,13
500103004,20231108,1052,23,10,1,25.06864,121.5107,13
500103004,20231108,1053,23,10,1,25.06864,121.5107,13
500103004,20231108,1054,23,10,1,25.06864,121.5107,13
500103004,20231108,1055,23,10,1,25.06864,121.5107,13
500103004,20231108,1056,23,10,1,25.06864,121.5107,13
500103004,20231108,1057,23,9,1,25.06864,121.5107,14
500103004,20231108,1058,23,9,1,25.06864,121.5107,14
500103004,20231108,1059,23,10,1,25.06864,121.5107,13
500103004,20231108,1060,23,10,1,25.06864,121.5107,13
500103004,20231108,1061,23,9,1,25.06864,121.5107,14
500103004,20231108,1062,23,9,1,25.06864,121.5107,14
500103004,20231108,1063,23,9,1,25.06864,121.5107,14
500103004,20231108,1064,23,9,1,25.06864,121.5107,14
500103004,20231108,1065,23,9,1,25.06864,121.5107,14
500103004,20231108,1066,23,9,1,25.06864,121.5107,14
500103004,20231108,1067,23,10,1,25.06864,121.5107,13
500103004,20231108,1068,23,10,1,25.06864,121.5107,13
500103004,20231108,1069,23,10,1,25.06864,121.5107,13
500103004,20231108,1070,23,10,1,25.06864,121.5107,13
500103004,20231108,1071,23,10,1,25.06864,121.5107,13
500103004,20231108,1072,23,9,1,25.06864,121.5107,14
500103004,20231108,1073,23,8,1,25.06864,121.5107,15
500103004,20231108,1074,23,7,1,25.06864,121.5107,16
500103004,20231108,1075,23,7,1,25.06864,121.5107,16
500103004,20231108,1076,23,7,1,25.06864,121.5107,16
500103004,20231108,1077,23,7,1,25.06864,121.5107,16
500103004,20231108,1078,23,7,1,25.06864,121.5107,16
500103004,20231108,1079,23,7,1,25.06864,121.5107,16
500103004,20231108,1081,23,3,1,25.06864,121.5107,20
500103004,20231108,1082,23,3,1,25.06864,121.5107,20
500103004,20231108,1083,23,2,1,25.06864,121.5107,21
500103004,20231108,1084,23,2,1,25.06864,121.5107,21
500103004,20231108,1085,23,2,1,25.06864,121.5107,21
500103004,20231108,1086,23,2,1,25.06864,121.5107,21
500103004,20231108,1087,23,2,1,25.06864,121.5107,21
500103004,20231108,1088,23,2,1,25.06864,121.5107,21
500103004,20231108,1089,23,1,1,25.06864,121.5107,22
500103004,20231108,1090,23,1,1,25.06864,121.5107,22
500103004,20231108,1091,23,3,1,25.06864,121.5107,20
500103004,20231108,1092,23,4,1,25.06864,121.5107,19
500103004,20231108,1093,23,6,1,25.06864,121.5107,17
500103004,20231108,1094,23,8,1,25.06864,121.5107,15
500103004,20231108,1095,23,10,1,25.06864,121.5107,13
500103004,20231108,1096,23,12,1,25.06864,121.5107,11
500103004,20231108,1097,23,14,1,25.06864,121.5107,9
500103004,20231108,1098,23,16,1,25.06864,121.5107,7
500103004,20231108,1099,23,17,1,25.06864,121.5107,6
500103004,20231108,1101,23,19,1,25.06864,121.5107,4
500103004,20231108,1102,23,19,1,25.06864,121.5107,4
500103004,20231108,1103,23,18,1,25.06864,121.5107,5
500103004,20231108,1104,23,18,1,25.06864,121.5107,5
500103004,20231108,1105,23,18,1,25.06864,121.5107,5
500103004,20231108,1106,23,18,1,25.06864,121.5107,5
500103004,20231108,1107,23,18,1,25.06864,121.5107,5
500103004,20231108,1108,23,17,1,25.06864,121.5107,6
500103004,20231108,1109,23,16,1,25.06864,121.5107,7
500103004,20231108,1111,23,16,1,25.06864,121.5107,7
500103004,20231108,1112,23,16,1,25.06864,121.5107,7
500103004,20231108,1113,23,16,1,25.06864,121.5107,7
500103004,20231108,1114,23,17,1,25.06864,121.5107,6
500103004,20231108,1115,23,17,1,25.06864,121.5107,6
500103004,20231108,1116,23,17,1,25.06864,121.5107,6
500103004,20231108,1117,23,16,1,25.06864,121.5107,7
500103004,20231108,1118,23,16,1,25.06864,121.5107,7
500103004,20231108,1119,23,16,1,25.06864,121.5107,7
500103004,20231108,1120,23,15,1,25.06864,121.5107,8
500103004,20231108,1121,23,13,1,25.06864,121.5107,10
500103004,20231108,1122,23,13,1,25.06864,121.5107,10
500103004,20231108,1123,23,13,1,25.06864,121.5107,10
500103004,20231108,1124,23,12,1,25.06864,121.5107,11
500103004,20231108,1125,23,12,1,25.06864,121.5107,11
500103004,20231108,1126,23,13,1,25.06864,121.5107,10
500103004,20231108,1127,23,13,1,25.06864,121.5107,10
500103004,20231108,1128,23,11,1,25.06864,121.5107,12
500103004,20231108,1129,23,11,1,25.06864,121.5107,12
500103004,20231108,1130,23,10,1,25.06864,121.5107,13
500103004,20231108,1131,23,10,1,25.06864,121.5107,13
500103004,20231108,1132,23,10,1,25.06864,121.5107,13
500103004,20231108,1133,23,10,1,25.06864,121.5107,13
500103004,20231108,1134,23,10,1,25.06864,121.5107,13
500103004,20231108,1135,23,10,1,25.06864,121.5107,13
500103004,20231108,1136,23,10,1,25.06864,121.5107,13
500103004,20231108,1137,23,10,1,25.06864,121.5107,13
500103004,20231108,1138,23,9,1,25.06864,121.5107,14
500103004,20231108,1139,23,9,1,25.06864,121.5107,14
500103004,20231108,1141,23,8,1,25.06864,121.5107,15
500103004,20231108,1142,23,8,1,25.06864,121.5107,15
500103004,20231108,1143,23,8,1,25.06864,121.5107,15
500103004,20231108,1144,23,7,1,25.06864,121.5107,16
500103004,20231108,1145,23,7,1,25.06864,121.5107,16
500103004,20231108,1146,23,7,1,25.06864,121.5107,16
500103004,20231108,1147,23,8,1,25.06864,121.5107,15
500103004,20231108,1148,23,8,1,25.06864,121.5107,15
500103004,20231108,1149,23,8,1,25.06864,121.5107,15
500103004,20231108,1150,23,8,1,25.06864,121.5107,15
500103004,20231108,1151,23,8,1,25.06864,121.5107,15
500103004,20231108,1153,23,8,1,25.06864,121.5107,15
500103004,20231108,1154,23,6,1,25.06864,121.5107,17
500103004,20231108,1155,23,6,1,25.06864,121.5107,17
500103004,20231108,1156,23,5,1,25.06864,121.5107,18
500103004,20231108,1157,23,5,1,25.06864,121.5107,18
500103004,20231108,1158,23,5,1,25.06864,121.5107,18
500103004,20231108,1159,23,5,1,25.06864,121.5107,18
500103004,20231108,1161,23,5,1,25.06864,121.5107,18
500103004,20231108,1162,23,3,1,25.06864,121.5107,20
500103004,20231108,1163,23,3,1,25.06864,121.5107,20
500103004,20231108,1164,23,3,1,25.06864,121.5107,20
500103004,20231108,1165,23,3,1,25.06864,121.5107,20
500103004,20231108,1166,23,1,1,25.06864,121.5107,22
500103004,20231108,1167,23,0,1,25.06864,121.5107,23
500103004,20231108,1168,23,0,1,25.06864,121.5107,23
500103004,20231108,1169,23,0,1,25.06864,121.5107,23
500103004,20231108,1171,23,0,1,25.06864,121.5107,23
500103004,20231108,1172,23,2,1,25.06864,121.5107,21
500103004,20231108,1173,23,2,1,25.06864,121.5107,21
500103004,20231108,1174,23,2,1,25.06864,121.5107,21
500103004,20231108,1175,23,4,1,25.06864,121.5107,19
500103004,20231108,1176,23,4,1,25.06864,121.5107,19
500103004,20231108,1177,23,4,1,25.06864,121.5107,19
500103004,20231108,1178,23,5,1,25.06864,121.5107,18
500103004,20231108,1179,23,9,1,25.06864,121.5107,14
500103004,20231108,1180,23,16,1,25.06864,121.5107,7
500103004,20231108,1181,23,17,1,25.06864,121.5107,6
500103004,20231108,1182,23,18,1,25.06864,121.5107,5
500103004,20231108,1183,23,18,1,25.06864,121.5107,5
500103004,20231108,1184,23,18,1,25.06864,121.5107,5
500103004,20231108,1185,23,18,1,25.06864,121.5107,5
500103004,20231108,1186,23,17,1,25.06864,121.5107,6
500103004,20231108,1187,23,17,1,25.06864,121.5107,6
500103004,20231108,1188,23,20,1,25.06864,121.5107,3
500103004,20231108,1189,23,20,1,25.06864,121.5107,3
500103004,20231108,1190,23,19,1,25.06864,121.5107,4
500103004,20231108,1191,23,19,1,25.06864,121.5107,4
500103004,20231108,1192,23,19,1,25.06864,121.5107,4
500103004,20231108,1193,23,18,1,25.06864,121.5107,5
500103004,20231108,1194,23,18,1,25.06864,121.5107,5
500103004,20231108,1195,23,18,1,25.06864,121.5107,5
500103004,20231108,1196,23,18,1,25.06864,121.5107,5
500103004,20231108,1197,23,17,1,25.06864,121.5107,6
500103004,20231108,1198,23,18,1,25.06864,121.5107,5
500103004,20231108,1199,23,17,1,25.06864,121.5107,6
500103004,20231108,1201,23,17,1,25.06864,121.5107,6
500103004,20231108,1202,23,17,1,25.06864,121.5107,6
500103004,20231108,1203,23,17,1,25.06864,121.5107,6
500103004,20231108,1204,23,17,1,25.06864,121.5107,6
500103004,20231108,1205,23,17,1,25.06864,121.5107,6
500103004,20231108,1206,23,15,1,25.06864,121.5107,8
500103004,20231108,1207,23,15,1,25.06864,121.5107,8
500103004,20231108,1208,23,15,1,25.06864,121.5107,8
500103004,20231108,1209,23,15,1,25.06864,121.5107,8
500103004,20231108,1210,23,15,1,25.06864,121.5107,8
500103004,20231108,1211,23,15,1,25.06864,121.5107,8
500103004,20231108,1212,23,15,1,25.06864,121.5107,8
500103004,20231108,1213,23,15,1,25.06864,121.5107,8
500103004,20231108,1214,23,15,1,25.06864,121.5107,8
500103004,20231108,1215,23,15,1,25.06864,121.5107,8
500103004,20231108,1216,23,15,1,25.06864,121.5107,8
500103004,20231108,1217,23,15,1,25.06864,121.5107,8
500103004,20231108,1218,23,14,1,25.06864,121.5107,9
500103004,20231108,1219,23,14,1,25.06864,121.5107,9
500103004,20231108,1221,23,12,1,25.06864,121.5107,11
500103004,20231108,1222,23,12,1,25.06864,121.5107,11
500103004,20231108,1223,23,12,1,25.06864,121.5107,11
500103004,20231108,1224,23,11,1,25.06864,121.5107,12
500103004,20231108,1225,23,11,1,25.06864,121.5107,12
500103004,20231108,1226,23,11,1,25.06864,121.5107,12
500103004,20231108,1227,23,11,1,25.06864,121.5107,12
500103004,20231108,1228,23,11,1,25.06864,121.5107,12
500103004,20231108,1229,23,11,1,25.06864,121.5107,12
500103004,20231108,1231,23,10,1,25.06864,121.5107,13
500103004,20231108,1232,23,10,1,25.06864,121.5107,13
500103004,20231108,1233,23,10,1,25.06864,121.5107,13
500103004,20231108,1234,23,10,1,25.06864,121.5107,13
500103004,20231108,1235,23,10,1,25.06864,121.5107,13
500103004,20231108,1236,23,10,1,25.06864,121.5107,13
500103004,20231108,1237,23,10,1,25.06864,121.5107,13
500103004,20231108,1238,23,10,1,25.06864,121.5107,13
500103004,20231108,1239,23,9,1,25.06864,121.5107,14
500103004,20231108,1240,23,9,1,25.06864,121.5107,14
500103004,20231108,1241,23,9,1,25.06864,121.5107,14
500103004,20231108,1242,23,9,1,25.06864,121.5107,14
500103004,20231108,1243,23,9,1,25.06864,121.5107,14
500103004,20231108,1244,23,9,1,25.06864,121.5107,14
500103004,20231108,1245,23,10,1,25.06864,121.5107,13
500103004,20231108,1246,23,10,1,25.06864,121.5107,13
500103004,20231108,1247,23,10,1,25.06864,121.5107,13
500103004,20231108,1248,23,10,1,25.06864,121.5107,13
500103004,20231108,1249,23,10,1,25.06864,121.5107,13
500103004,20231108,1250,23,10,1,25.06864,121.5107,13
500103004,20231108,1251,23,10,1,25.06864,121.5107,13
500103004,20231108,1252,23,10,1,25.06864,121.5107,13
500103004,20231108,1253,23,10,1,25.06864,121.5107,13
500103004,20231108,1254,23,10,1,25.06864,121.5107,13
500103004,20231108,1255,23,10,1,25.06864,121.5107,13
500103004,20231108,1256,23,11,1,25.06864,121.5107,12
500103004,20231108,1257,23,12,1,25.06864,121.5107,11
500103004,20231108,1258,23,12,1,25.06864,121.5107,11
500103004,20231108,1259,23,12,1,25.06864,121.5107,11
500103004,20231108,1261,23,11,1,25.06864,121.5107,12
500103004,20231108,1262,23,11,1,25.06864,121.5107,12
500103004,20231108,1263,23,10,1,25.06864,121.5107,13
500103004,20231108,1264,23,12,1,25.06864,121.5107,11
500103004,20231108,1265,23,12,1,25.06864,121.5107,11
500103004,20231108,1266,23,12,1,25.06864,121.5107,11
500103004,20231108,1267,23,12,1,25.06864,121.5107,11
500103004,20231108,1268,23,12,1,25.06864,121.5107,11
500103004,20231108,1269,23,13,1,25.06864,121.5107,10
500103004,20231108,1270,23,13,1,25.06864,121.5107,10
500103004,20231108,1271,23,13,1,25.06864,121.5107,10
500103004,20231108,1272,23,13,1,25.06864,121.5107,10
500103004,20231108,1273,23,13,1,25.06864,121.5107,10
500103004,20231108,1274,23,14,1,25.06864,121.5107,9
500103004,20231108,1275,23,14,1,25.06864,121.5107,9
500103004,20231108,1276,23,14,1,25.06864,121.5107,9
500103004,20231108,1277,23,14,1,25.06864,121.5107,9
500103004,20231108,1278,23,13,1,25.06864,121.5107,10
500103004,20231108,1279,23,12,1,25.06864,121.5107,11
500103004,20231108,1281,23,12,1,25.06864,121.5107,11
500103004,20231108,1282,23,12,1,25.06864,121.5107,11
500103004,20231108,1283,23,11,1,25.06864,121.5107,12
500103004,20231108,1284,23,12,1,25.06864,121.5107,11
500103004,20231108,1285,23,12,1,25.06864,121.5107,11
500103004,20231108,1286,23,11,1,25.06864,121.5107,12
500103004,20231108,1287,23,10,1,25.06864,121.5107,13
500103004,20231108,1288,23,9,1,25.06864,121.5107,14
500103004,20231108,1289,23,9,1,25.06864,121.5107,14
500103004,20231108,1291,23,9,1,25.06864,121.5107,14
500103004,20231108,1292,23,10,1,25.06864,121.5107,13
500103004,20231108,1293,23,12,1,25.06864,121.5107,11
500103004,20231108,1294,23,12,1,25.06864,121.5107,11
500103004,20231108,1295,23,12,1,25.06864,121.5107,11
500103004,20231108,1296,23,12,1,25.06864,121.5107,11
500103004,20231108,1297,23,13,1,25.06864,121.5107,10
500103004,20231108,1298,23,13,1,25.06864,121.5107,10
500103004,20231108,1299,23,13,1,25.06864,121.5107,10
500103004,20231108,1300,23,12,1,25.06864,121.5107,11
500103004,20231108,1301,23,11,1,25.06864,121.5107,12
500103004,20231108,1302,23,11,1,25.06864,121.5107,12
500103004,20231108,1303,23,10,1,25.06864,121.5107,13
500103004,20231108,1304,23,10,1,25.06864,121.5107,13
500103004,20231108,1305,23,10,1,25.06864,121.5107,13
500103004,20231108,1306,23,10,1,25.06864,121.5107,13
500103004,20231108,1308,23,10,1,25.06864,121.5107,13
500103004,20231108,1309,23,10,1,25.06864,121.5107,13
500103004,20231108,1310,23,11,1,25.06864,121.5107,12
500103004,20231108,1311,23,10,1,25.06864,121.5107,13
500103004,20231108,1312,23,10,1,25.06864,121.5107,13
500103004,20231108,1313,23,10,1,25.06864,121.5107,13
500103004,20231108,1314,23,10,1,25.06864,121.5107,13
500103004,20231108,1315,23,10,1,25.06864,121.5107,13
500103004,20231108,1316,23,9,1,25.06864,121.5107,14
500103004,20231108,1317,23,9,1,25.06864,121.5107,14
500103004,20231108,1318,23,9,1,25.06864,121.5107,14
500103004,20231108,1319,23,7,1,25.06864,121.5107,16
500103004,20231108,1321,23,7,1,25.06864,121.5107,16
500103004,20231108,1322,23,7,1,25.06864,121.5107,16
500103004,20231108,1323,23,6,1,25.06864,121.5107,17
500103004,20231108,1324,23,6,1,25.06864,121.5107,17
500103004,20231108,1325,23,6,1,25.06864,121.5107,17
500103004,20231108,1326,23,6,1,25.06864,121.5107,17
500103004,20231108,1327,23,7,1,25.06864,121.5107,16
500103004,20231108,1328,23,7,1,25.06864,121.5107,16
500103004,20231108,1329,23,6,1,25.06864,121.5107,17
500103004,20231108,1330,23,6,1,25.06864,121.5107,17
500103004,20231108,1331,23,6,1,25.06864,121.5107,17
500103004,20231108,1332,23,6,1,25.06864,121.5107,17
500103004,20231108,1333,23,6,1,25.06864,121.5107,17
500103004,20231108,1334,23,7,1,25.06864,121.5107,16
500103004,20231108,1335,23,8,1,25.06864,121.5107,15
500103004,20231108,1336,23,8,1,25.06864,121.5107,15
500103004,20231108,1337,23,8,1,25.06864,121.5107,15
500103004,20231108,1338,23,8,1,25.06864,121.5107,15
500103004,20231108,1339,23,8,1,25.06864,121.5107,15
500103004,20231108,1341,23,8,1,25.06864,121.5107,15
500103004,20231108,1342,23,8,1,25.06864,121.5107,15
500103004,20231108,1343,23,7,1,25.06864,121.5107,16
500103004,20231108,1344,23,7,1,25.06864,121.5107,16
500103004,20231108,1345,23,7,1,25.06864,121.5107,16
500103004,20231108,1346,23,7,1,25.06864,121.5107,16
500103004,20231108,1347,23,7,1,25.06864,121.5107,16
500103004,20231108,1348,23,7,1,25.06864,121.5107,16
500103004,20231108,1349,23,7,1,25.06864,121.5107,16
500103004,20231108,1350,23,7,1,25.06864,121.5107,16
500103004,20231108,1351,23,6,1,25.06864,121.5107,17
500103004,20231108,1352,23,6,1,25.06864,121.5107,17
500103004,20231108,1353,23,6,1,25.06864,121.5107,17
500103004,20231108,1354,23,6,1,25.06864,121.5107,17
500103004,20231108,1355,23,6,1,25.06864,121.5107,17
500103004,20231108,1356,23,6,1,25.06864,121.5107,17
500103004,20231108,1357,23,6,1,25.06864,121.5107,17
500103004,20231108,1358,23,6,1,25.06864,121.5107,17
500103004,20231108,1359,23,6,1,25.06864,121.5107,17
500103004,20231108,1360,23,6,1,25.06864,121.5107,17
500103004,20231108,1361,23,5,1,25.06864,121.5107,18
500103004,20231108,1362,23,5,1,25.06864,121.5107,18
500103004,20231108,1363,23,5,1,25.06864,121.5107,18
500103004,20231108,1364,23,5,1,25.06864,121.5107,18
500103004,20231108,1365,23,5,1,25.06864,121.5107,18
500103004,20231108,1366,23,5,1,25.06864,121.5107,18
500103004,20231108,1367,23,5,1,25.06864,121.5107,18
500103004,20231108,1368,23,5,1,25.06864,121.5107,18
500103004,20231108,1369,23,6,1,25.06864,121.5107,17
500103004,20231108,1370,23,6,1,25.06864,121.5107,17
500103004,20231108,1371,23,6,1,25.06864,121.5107,17
500103004,20231108,1372,23,6,1,25.06864,121.5107,17
500103004,20231108,1373,23,6,1,25.06864,121.5107,17
500103004,20231108,1374,23,6,1,25.06864,121.5107,17
500103004,20231108,1375,23,6,1,25.06864,121.5107,17
500103004,20231108,1376,23,6,1,25.06864,121.5107,17
500103004,20231108,1377,23,6,1,25.06864,121.5107,17
500103004,20231108,1378,23,6,1,25.06864,121.5107,17
500103004,20231108,1379,23,6,1,25.06864,121.5107,17
500103004,20231108,1381,23,5,1,25.06864,121.5107,18
500103004,20231108,1382,23,5,1,25.06864,121.5107,18
500103004,20231108,1383,23,5,1,25.06864,121.5107,18
500103004,20231108,1384,23,6,1,25.06864,121.5107,17
500103004,20231108,1385,23,6,1,25.06864,121.5107,17
500103004,20231108,1386,23,6,1,25.06864,121.5107,17
500103004,20231108,1387,23,5,1,25.06864,121.5107,18
500103004,20231108,1389,23,6,1,25.06864,121.5107,17
500103004,20231108,1391,23,5,1,25.06864,121.5107,18
500103004,20231108,1392,23,5,1,25.06864,121.5107,18
500103004,20231108,1393,23,5,1,25.06864,121.5107,18
500103004,20231108,1394,23,5,1,25.06864,121.5107,18
500103004,20231108,1395,23,5,1,25.06864,121.5107,18
500103004,20231108,1396,23,5,1,25.06864,121.5107,18
500103004,20231108,1397,23,5,1,25.06864,121.5107,18
500103004,20231108,1398,23,5,1,25.06864,121.5107,18
500103004,20231108,1399,23,5,1,25.06864,121.5107,18
500103004,20231108,1401,23,5,1,25.06864,121.5107,18
500103004,20231108,1402,23,5,1,25.06864,121.5107,18
500103004,20231108,1403,23,5,1,25.06864,121.5107,18
500103004,20231108,1404,23,4,1,25.06864,121.5107,19
500103004,20231108,1405,23,4,1,25.06864,121.5107,19
500103004,20231108,1406,23,4,1,25.06864,121.5107,19
500103004,20231108,1407,23,4,1,25.06864,121.5107,19
500103004,20231108,1408,23,4,1,25.06864,121.5107,19
500103004,20231108,1409,23,3,1,25.06864,121.5107,20
500103004,20231108,1410,23,3,1,25.06864,121.5107,20
500103004,20231108,1411,23,2,1,25.06864,121.5107,21
500103004,20231108,1412,23,2,1,25.06864,121.5107,21
500103004,20231108,1413,23,2,1,25.06864,121.5107,21
500103004,20231108,1414,23,2,1,25.06864,121.5107,21
500103004,20231108,1415,23,2,1,25.06864,121.5107,21
500103004,20231108,1416,23,2,1,25.06864,121.5107,21
500103004,20231108,1417,23,2,1,25.06864,121.5107,21
500103004,20231108,1418,23,2,1,25.06864,121.5107,21
500103004,20231108,1419,23,2,1,25.06864,121.5107,21
500103004,20231108,1420,23,2,1,25.06864,121.5107,21
500103004,20231108,1421,23,2,1,25.06864,121.5107,21
500103004,20231108,1422,23,2,1,25.06864,121.5107,21
500103004,20231108,1423,23,2,1,25.06864,121.5107,21
500103004,20231108,1424,23,2,1,25.06864,121.5107,21
500103004,20231108,1425,23,2,1,25.06864,121.5107,21
500103004,20231108,1426,23,2,1,25.06864,121.5107,21
500103004,20231108,1427,23,2,1,25.06864,121.5107,21
500103004,20231108,1428,23,2,1,25.06864,121.5107,21
500103004,20231108,1429,23,2,1,25.06864,121.5107,21
500103004,20231108,1430,23,2,1,25.06864,121.5107,21
500103004,20231108,1431,23,2,1,25.06864,121.5107,21
500103004,20231108,1432,23,2,1,25.06864,121.5107,21
500103004,20231108,1433,23,2,1,25.06864,121.5107,21
500103004,20231108,1434,23,2,1,25.06864,121.5107,21
500103004,20231108,1435,23,2,1,25.06864,121.5107,21
500103004,20231108,1436,23,2,1,25.06864,121.5107,21
500103004,20231108,1437,23,2,1,25.06864,121.5107,21
500103004,20231108,1438,23,2,1,25.06864,121.5107,21
500103004,20231108,1439,23,2,1,25.06864,121.5107,21
500103004,20231109,1,23,2,1,25.06864,121.5107,21
500103004,20231109,2,23,2,1,25.06864,121.5107,21
500103004,20231109,3,23,2,1,25.06864,121.5107,21
500103004,20231109,4,23,1,1,25.06864,121.5107,22
500103004,20231109,5,23,1,1,25.06864,121.5107,22
500103004,20231109,6,23,1,1,25.06864,121.5107,22
500103004,20231109,7,23,2,1,25.06864,121.5107,21
500103004,20231109,8,23,2,1,25.06864,121.5107,21
500103004,20231109,9,23,2,1,25.06864,121.5107,21
500103004,20231109,10,23,2,1,25.06864,121.5107,21
500103004,20231109,11,23,2,1,25.06864,121.5107,21
500103004,20231109,12,23,2,1,25.06864,121.5107,21
500103004,20231109,13,23,2,1,25.06864,121.5107,21
500103004,20231109,14,23,2,1,25.06864,121.5107,21
500103004,20231109,15,23,2,1,25.06864,121.5107,21
500103004,20231109,16,23,2,1,25.06864,121.5107,21
500103004,20231109,17,23,2,1,25.06864,121.5107,21
500103004,20231109,18,23,2,1,25.06864,121.5107,21
500103004,20231109,19,23,2,1,25.06864,121.5107,21
500103004,20231109,21,23,2,1,25.06864,121.5107,21
500103004,20231109,22,23,2,1,25.06864,121.5107,21
500103004,20231109,24,23,2,1,25.06864,121.5107,21
500103004,20231109,25,23,2,1,25.06864,121.5107,21
500103004,20231109,26,23,2,1,25.06864,121.5107,21
500103004,20231109,27,23,2,1,25.06864,121.5107,21
500103004,20231109,28,23,2,1,25.06864,121.5107,21
500103004,20231109,29,23,2,1,25.06864,121.5107,21
500103004,20231109,31,23,2,1,25.06864,121.5107,21
500103004,20231109,32,23,3,1,25.06864,121.5107,20
500103004,20231109,33,23,3,1,25.06864,121.5107,20
500103004,20231109,34,23,3,1,25.06864,121.5107,20
500103004,20231109,35,23,3,1,25.06864,121.5107,20
500103004,20231109,36,23,3,1,25.06864,121.5107,20
500103004,20231109,37,23,3,1,25.06864,121.5107,20
500103004,20231109,39,23,3,1,25.06864,121.5107,20
500103004,20231109,41,23,3,1,25.06864,121.5107,20
500103004,20231109,42,23,3,1,25.06864,121.5107,20
500103004,20231109,43,23,3,1,25.06864,121.5107,20
500103004,20231109,44,23,3,1,25.06864,121.5107,20
500103004,20231109,45,23,3,1,25.06864,121.5107,20
500103004,20231109,46,23,3,1,25.06864,121.5107,20
500103004,20231109,47,23,3,1,25.06864,121.5107,20
500103004,20231109,48,23,3,1,25.06864,121.5107,20
500103004,20231109,49,23,3,1,25.06864,121.5107,20
500103004,20231109,51,23,3,1,25.06864,121.5107,20
500103004,20231109,52,23,3,1,25.06864,121.5107,20
500103004,20231109,53,23,3,1,25.06864,121.5107,20
500103004,20231109,54,23,3,1,25.06864,121.5107,20
500103004,20231109,55,23,3,1,25.06864,121.5107,20
500103004,20231109,56,23,3,1,25.06864,121.5107,20
500103004,20231109,58,23,3,1,25.06864,121.5107,20
500103004,20231109,59,23,3,1,25.06864,121.5107,20
500103004,20231109,61,23,3,1,25.06864,121.5107,20
500103004,20231109,62,23,3,1,25.06864,121.5107,20
500103004,20231109,63,23,3,1,25.06864,121.5107,20
500103004,20231109,64,23,3,1,25.06864,121.5107,20
500103004,20231109,65,23,3,1,25.06864,121.5107,20
500103004,20231109,66,23,3,1,25.06864,121.5107,20
500103004,20231109,67,23,3,1,25.06864,121.5107,20
500103004,20231109,68,23,3,1,25.06864,121.5107,20
500103004,20231109,69,23,3,1,25.06864,121.5107,20
500103004,20231109,71,23,2,1,25.06864,121.5107,21
500103004,20231109,72,23,2,1,25.06864,121.5107,21
500103004,20231109,73,23,2,1,25.06864,121.5107,21
500103004,20231109,74,23,2,1,25.06864,121.5107,21
500103004,20231109,75,23,2,1,25.06864,121.5107,21
500103004,20231109,76,23,2,1,25.06864,121.5107,21
500103004,20231109,77,23,2,1,25.06864,121.5107,21
500103004,20231109,78,23,2,1,25.06864,121.5107,21
500103004,20231109,79,23,2,1,25.06864,121.5107,21
500103004,20231109,81,23,2,1,25.06864,121.5107,21
500103004,20231109,82,23,2,1,25.06864,121.5107,21
500103004,20231109,83,23,2,1,25.06864,121.5107,21
500103004,20231109,84,23,2,1,25.06864,121.5107,21
500103004,20231109,85,23,2,1,25.06864,121.5107,21
500103004,20231109,86,23,2,1,25.06864,121.5107,21
500103004,20231109,87,23,2,1,25.06864,121.5107,21
500103004,20231109,88,23,2,1,25.06864,121.5107,21
500103004,20231109,89,23,2,1,25.06864,121.5107,21
500103004,20231109,91,23,2,1,25.06864,121.5107,21
500103004,20231109,92,23,2,1,25.06864,121.5107,21
500103004,20231109,93,23,2,1,25.06864,121.5107,21
500103004,20231109,94,23,2,1,25.06864,121.5107,21
500103004,20231109,95,23,2,1,25.06864,121.5107,21
500103004,20231109,96,23,2,1,25.06864,121.5107,21
500103004,20231109,97,23,2,1,25.06864,121.5107,21
500103004,20231109,98,23,2,1,25.06864,121.5107,21
500103004,20231109,99,23,1,1,25.06864,121.5107,22
500103004,20231109,101,23,1,1,25.06864,121.5107,22
500103004,20231109,102,23,1,1,25.06864,121.5107,22
500103004,20231109,103,23,1,1,25.06864,121.5107,22
500103004,20231109,104,23,1,1,25.06864,121.5107,22
500103004,20231109,105,23,1,1,25.06864,121.5107,22
500103004,20231109,106,23,1,1,25.06864,121.5107,22
500103004,20231109,107,23,1,1,25.06864,121.5107,22
500103004,20231109,108,23,1,1,25.06864,121.5107,22
500103004,20231109,109,23,1,1,25.06864,121.5107,22
500103004,20231109,111,23,1,1,25.06864,121.5107,22
500103004,20231109,112,23,1,1,25.06864,121.5107,22
500103004,20231109,113,23,1,1,25.06864,121.5107,22
500103004,20231109,114,23,1,1,25.06864,121.5107,22
500103004,20231109,115,23,1,1,25.06864,121.5107,22
500103004,20231109,116,23,1,1,25.06864,121.5107,22
500103004,20231109,117,23,1,1,25.06864,121.5107,22
500103004,20231109,118,23,1,1,25.06864,121.5107,22
500103004,20231109,119,23,1,1,25.06864,121.5107,22
500103004,20231109,121,23,1,1,25.06864,121.5107,22
500103004,20231109,122,23,1,1,25.06864,121.5107,22
500103004,20231109,123,23,1,1,25.06864,121.5107,22
500103004,20231109,124,23,1,1,25.06864,121.5107,22
500103004,20231109,125,23,1,1,25.06864,121.5107,22
500103004,20231109,126,23,1,1,25.06864,121.5107,22
500103004,20231109,127,23,1,1,25.06864,121.5107,22
500103004,20231109,128,23,1,1,25.06864,121.5107,22
500103004,20231109,129,23,1,1,25.06864,121.5107,22
500103004,20231109,130,23,1,1,25.06864,121.5107,22
500103004,20231109,131,23,1,1,25.06864,121.5107,22
500103004,20231109,132,23,1,1,25.06864,121.5107,22
500103004,20231109,133,23,1,1,25.06864,121.5107,22
500103004,20231109,134,23,1,1,25.06864,121.5107,22
500103004,20231109,135,23,1,1,25.06864,121.5107,22
500103004,20231109,136,23,1,1,25.06864,121.5107,22
500103004,20231109,137,23,1,1,25.06864,121.5107,22
500103004,20231109,138,23,1,1,25.06864,121.5107,22
500103004,20231109,139,23,1,1,25.06864,121.5107,22
500103004,20231109,141,23,1,1,25.06864,121.5107,22
500103004,20231109,142,23,1,1,25.06864,121.5107,22
500103004,20231109,143,23,1,1,25.06864,121.5107,22
500103004,20231109,144,23,1,1,25.06864,121.5107,22
500103004,20231109,145,23,1,1,25.06864,121.5107,22
500103004,20231109,146,23,1,1,25.06864,121.5107,22
500103004,20231109,147,23,1,1,25.06864,121.5107,22
500103004,20231109,148,23,1,1,25.06864,121.5107,22
500103004,20231109,149,23,1,1,25.06864,121.5107,22
500103004,20231109,150,23,1,1,25.06864,121.5107,22
500103004,20231109,151,23,1,1,25.06864,121.5107,22
500103004,20231109,152,23,1,1,25.06864,121.5107,22
500103004,20231109,153,23,1,1,25.06864,121.5107,22
500103004,20231109,154,23,1,1,25.06864,121.5107,22
500103004,20231109,155,23,1,1,25.06864,121.5107,22
500103004,20231109,156,23,1,1,25.06864,121.5107,22
500103004,20231109,157,23,1,1,25.06864,121.5107,22
500103004,20231109,158,23,1,1,25.06864,121.5107,22
500103004,20231109,159,23,1,1,25.06864,121.5107,22
500103004,20231109,160,23,1,1,25.06864,121.5107,22
500103004,20231109,161,23,1,1,25.06864,121.5107,22
500103004,20231109,162,23,1,1,25.06864,121.5107,22
500103004,20231109,163,23,1,1,25.06864,121.5107,22
500103004,20231109,164,23,1,1,25.06864,121.5107,22
500103004,20231109,165,23,1,1,25.06864,121.5107,22
500103004,20231109,166,23,1,1,25.06864,121.5107,22
500103004,20231109,167,23,1,1,25.06864,121.5107,22
500103004,20231109,168,23,1,1,25.06864,121.5107,22
500103004,20231109,169,23,1,1,25.06864,121.5107,22
500103004,20231109,170,23,1,1,25.06864,121.5107,22
500103004,20231109,171,23,1,1,25.06864,121.5107,22
500103004,20231109,172,23,1,1,25.06864,121.5107,22
500103004,20231109,173,23,1,1,25.06864,121.5107,22
500103004,20231109,174,23,1,1,25.06864,121.5107,22
500103004,20231109,175,23,1,1,25.06864,121.5107,22
500103004,20231109,176,23,1,1,25.06864,121.5107,22
500103004,20231109,177,23,1,1,25.06864,121.5107,22
500103004,20231109,178,23,1,1,25.06864,121.5107,22
500103004,20231109,179,23,1,1,25.06864,121.5107,22
500103004,20231109,180,23,1,1,25.06864,121.5107,22
500103004,20231109,181,23,1,1,25.06864,121.5107,22
500103004,20231109,182,23,1,1,25.06864,121.5107,22
500103004,20231109,183,23,1,1,25.06864,121.5107,22
500103004,20231109,184,23,1,1,25.06864,121.5107,22
500103004,20231109,185,23,1,1,25.06864,121.5107,22
500103004,20231109,186,23,1,1,25.06864,121.5107,22
500103004,20231109,187,23,1,1,25.06864,121.5107,22
500103004,20231109,188,23,1,1,25.06864,121.5107,22
500103004,20231109,189,23,1,1,25.06864,121.5107,22
500103004,20231109,190,23,0,1,25.06864,121.5107,23
500103004,20231109,191,23,0,1,25.06864,121.5107,23
500103004,20231109,192,23,0,1,25.06864,121.5107,23
500103004,20231109,193,23,0,1,25.06864,121.5107,23
500103004,20231109,194,23,0,1,25.06864,121.5107,23
500103004,20231109,195,23,0,1,25.06864,121.5107,23
500103004,20231109,196,23,0,1,25.06864,121.5107,23
500103004,20231109,197,23,0,1,25.06864,121.5107,23
500103004,20231109,198,23,0,1,25.06864,121.5107,23
500103004,20231109,199,23,0,1,25.06864,121.5107,23
500103004,20231109,201,23,0,1,25.06864,121.5107,23
500103004,20231109,202,23,0,1,25.06864,121.5107,23
500103004,20231109,203,23,0,1,25.06864,121.5107,23
500103004,20231109,204,23,0,1,25.06864,121.5107,23
500103004,20231109,205,23,0,1,25.06864,121.5107,23
500103004,20231109,206,23,0,1,25.06864,121.5107,23
500103004,20231109,207,23,0,1,25.06864,121.5107,23
500103004,20231109,208,23,0,1,25.06864,121.5107,23
500103004,20231109,209,23,0,1,25.06864,121.5107,23
500103004,20231109,210,23,0,1,25.06864,121.5107,23
500103004,20231109,211,23,0,1,25.06864,121.5107,23
500103004,20231109,212,23,0,1,25.06864,121.5107,23
500103004,20231109,213,23,0,1,25.06864,121.5107,23
500103004,20231109,214,23,0,1,25.06864,121.5107,23
500103004,20231109,215,23,0,1,25.06864,121.5107,23
500103004,20231109,216,23,0,1,25.06864,121.5107,23
500103004,20231109,217,23,0,1,25.06864,121.5107,23
500103004,20231109,218,23,0,1,25.06864,121.5107,23
500103004,20231109,219,23,0,1,25.06864,121.5107,23
500103004,20231109,220,23,0,1,25.06864,121.5107,23
500103004,20231109,221,23,0,1,25.06864,121.5107,23
500103004,20231109,222,23,0,1,25.06864,121.5107,23
500103004,20231109,223,23,0,1,25.06864,121.5107,23
500103004,20231109,224,23,0,1,25.06864,121.5107,23
500103004,20231109,225,23,0,1,25.06864,121.5107,23
500103004,20231109,226,23,0,1,25.06864,121.5107,23
500103004,20231109,227,23,0,1,25.06864,121.5107,23
500103004,20231109,228,23,0,1,25.06864,121.5107,23
500103004,20231109,229,23,0,1,25.06864,121.5107,23
500103004,20231109,230,23,0,1,25.06864,121.5107,23
500103004,20231109,231,23,0,1,25.06864,121.5107,23
500103004,20231109,232,23,0,1,25.06864,121.5107,23
500103004,20231109,233,23,0,1,25.06864,121.5107,23
500103004,20231109,234,23,0,1,25.06864,121.5107,23
500103004,20231109,235,23,0,1,25.06864,121.5107,23
500103004,20231109,236,23,0,1,25.06864,121.5107,23
500103004,20231109,237,23,0,1,25.06864,121.5107,23
500103004,20231109,238,23,0,1,25.06864,121.5107,23
500103004,20231109,239,23,0,1,25.06864,121.5107,23
500103004,20231109,241,23,0,1,25.06864,121.5107,23
500103004,20231109,242,23,0,1,25.06864,121.5107,23
500103004,20231109,243,23,0,1,25.06864,121.5107,23
500103004,20231109,244,23,0,1,25.06864,121.5107,23
500103004,20231109,245,23,0,1,25.06864,121.5107,23
500103004,20231109,246,23,0,1,25.06864,121.5107,23
500103004,20231109,247,23,0,1,25.06864,121.5107,23
500103004,20231109,248,23,0,1,25.06864,121.5107,23
500103004,20231109,249,23,0,1,25.06864,121.5107,23
500103004,20231109,250,23,0,1,25.06864,121.5107,23
500103004,20231109,251,23,0,1,25.06864,121.5107,23
500103004,20231109,252,23,0,1,25.06864,121.5107,23
500103004,20231109,253,23,0,1,25.06864,121.5107,23
500103004,20231109,254,23,0,1,25.06864,121.5107,23
500103004,20231109,255,23,0,1,25.06864,121.5107,23
500103004,20231109,256,23,0,1,25.06864,121.5107,23
500103004,20231109,257,23,0,1,25.06864,121.5107,23
500103004,20231109,258,23,0,1,25.06864,121.5107,23
500103004,20231109,259,23,0,1,25.06864,121.5107,23
500103004,20231109,261,23,0,1,25.06864,121.5107,23
500103004,20231109,262,23,0,1,25.06864,121.5107,23
500103004,20231109,263,23,0,1,25.06864,121.5107,23
500103004,20231109,264,23,0,1,25.06864,121.5107,23
500103004,20231109,265,23,0,1,25.06864,121.5107,23
500103004,20231109,266,23,0,1,25.06864,121.5107,23
500103004,20231109,267,23,0,1,25.06864,121.5107,23
500103004,20231109,268,23,0,1,25.06864,121.5107,23
500103004,20231109,269,23,0,1,25.06864,121.5107,23
500103004,20231109,270,23,0,1,25.06864,121.5107,23
500103004,20231109,271,23,0,1,25.06864,121.5107,23
500103004,20231109,272,23,0,1,25.06864,121.5107,23
500103004,20231109,273,23,0,1,25.06864,121.5107,23
500103004,20231109,274,23,0,1,25.06864,121.5107,23
500103004,20231109,275,23,0,1,25.06864,121.5107,23
500103004,20231109,277,23,0,1,25.06864,121.5107,23
500103004,20231109,278,23,0,1,25.06864,121.5107,23
500103004,20231109,279,23,0,1,25.06864,121.5107,23
500103004,20231109,281,23,0,1,25.06864,121.5107,23
500103004,20231109,282,23,0,1,25.06864,121.5107,23
500103004,20231109,283,23,0,1,25.06864,121.5107,23
500103004,20231109,284,23,0,1,25.06864,121.5107,23
500103004,20231109,285,23,0,1,25.06864,121.5107,23
500103004,20231109,286,23,0,1,25.06864,121.5107,23
500103004,20231109,287,23,0,1,25.06864,121.5107,23
500103004,20231109,288,23,0,1,25.06864,121.5107,23
500103004,20231109,289,23,0,1,25.06864,121.5107,23
500103004,20231109,291,23,0,1,25.06864,121.5107,23
500103004,20231109,292,23,0,1,25.06864,121.5107,23
500103004,20231109,293,23,0,1,25.06864,121.5107,23
500103004,20231109,294,23,0,1,25.06864,121.5107,23
500103004,20231109,295,23,0,1,25.06864,121.5107,23
500103004,20231109,296,23,0,1,25.06864,121.5107,23
500103004,20231109,297,23,0,1,25.06864,121.5107,23
500103004,20231109,298,23,0,1,25.06864,121.5107,23
500103004,20231109,299,23,0,1,25.06864,121.5107,23
500103004,20231109,301,23,1,1,25.06864,121.5107,22
500103004,20231109,302,23,1,1,25.06864,121.5107,22
500103004,20231109,303,23,1,1,25.06864,121.5107,22
500103004,20231109,304,23,1,1,25.06864,121.5107,22
500103004,20231109,305,23,1,1,25.06864,121.5107,22
500103004,20231109,306,23,1,1,25.06864,121.5107,22
500103004,20231109,307,23,1,1,25.06864,121.5107,22
500103004,20231109,308,23,1,1,25.06864,121.5107,22
500103004,20231109,309,23,1,1,25.06864,121.5107,22
500103004,20231109,311,23,1,1,25.06864,121.5107,22
500103004,20231109,312,23,1,1,25.06864,121.5107,22
500103004,20231109,313,23,1,1,25.06864,121.5107,22
500103004,20231109,314,23,1,1,25.06864,121.5107,22
500103004,20231109,315,23,1,1,25.06864,121.5107,22
500103004,20231109,316,23,1,1,25.06864,121.5107,22
500103004,20231109,317,23,1,1,25.06864,121.5107,22
500103004,20231109,318,23,1,1,25.06864,121.5107,22
500103004,20231109,319,23,1,1,25.06864,121.5107,22
500103004,20231109,321,23,0,1,25.06864,121.5107,23
500103004,20231109,322,23,0,1,25.06864,121.5107,23
500103004,20231109,323,23,0,1,25.06864,121.5107,23
500103004,20231109,324,23,0,1,25.06864,121.5107,23
500103004,20231109,325,23,0,1,25.06864,121.5107,23
500103004,20231109,326,23,0,1,25.06864,121.5107,23
500103004,20231109,327,23,0,1,25.06864,121.5107,23
500103004,20231109,328,23,0,1,25.06864,121.5107,23
500103004,20231109,329,23,0,1,25.06864,121.5107,23
500103004,20231109,331,23,0,1,25.06864,121.5107,23
500103004,20231109,332,23,0,1,25.06864,121.5107,23
500103004,20231109,333,23,0,1,25.06864,121.5107,23
500103004,20231109,334,23,0,1,25.06864,121.5107,23
500103004,20231109,335,23,0,1,25.06864,121.5107,23
500103004,20231109,336,23,0,1,25.06864,121.5107,23
500103004,20231109,337,23,0,1,25.06864,121.5107,23
500103004,20231109,338,23,0,1,25.06864,121.5107,23
500103004,20231109,339,23,0,1,25.06864,121.5107,23
500103004,20231109,341,23,0,1,25.06864,121.5107,23
500103004,20231109,342,23,0,1,25.06864,121.5107,23
500103004,20231109,343,23,0,1,25.06864,121.5107,23
500103004,20231109,344,23,0,1,25.06864,121.5107,23
500103004,20231109,345,23,0,1,25.06864,121.5107,23
500103004,20231109,346,23,0,1,25.06864,121.5107,23
500103004,20231109,347,23,0,1,25.06864,121.5107,23
500103004,20231109,348,23,0,1,25.06864,121.5107,23
500103004,20231109,349,23,0,1,25.06864,121.5107,23
500103004,20231109,351,23,0,1,25.06864,121.5107,23
500103004,20231109,352,23,0,1,25.06864,121.5107,23
500103004,20231109,353,23,0,1,25.06864,121.5107,23
500103004,20231109,354,23,0,1,25.06864,121.5107,23
500103004,20231109,355,23,0,1,25.06864,121.5107,23
500103004,20231109,356,23,1,1,25.06864,121.5107,22
500103004,20231109,357,23,1,1,25.06864,121.5107,22
500103004,20231109,358,23,1,1,25.06864,121.5107,22
500103004,20231109,359,23,1,1,25.06864,121.5107,22
500103004,20231109,361,23,3,1,25.06864,121.5107,20
500103004,20231109,362,23,3,1,25.06864,121.5107,20
500103004,20231109,363,23,3,1,25.06864,121.5107,20
500103004,20231109,364,23,3,1,25.06864,121.5107,20
500103004,20231109,365,23,3,1,25.06864,121.5107,20
500103004,20231109,366,23,3,1,25.06864,121.5107,20
500103004,20231109,367,23,3,1,25.06864,121.5107,20
500103004,20231109,368,23,3,1,25.06864,121.5107,20
500103004,20231109,369,23,3,1,25.06864,121.5107,20
500103004,20231109,371,23,3,1,25.06864,121.5107,20
500103004,20231109,372,23,3,1,25.06864,121.5107,20
500103004,20231109,373,23,2,1,25.06864,121.5107,21
500103004,20231109,374,23,2,1,25.06864,121.5107,21
500103004,20231109,375,23,2,1,25.06864,121.5107,21
500103004,20231109,376,23,2,1,25.06864,121.5107,21
500103004,20231109,377,23,2,1,25.06864,121.5107,21
500103004,20231109,378,23,2,1,25.06864,121.5107,21
500103004,20231109,379,23,2,1,25.06864,121.5107,21
500103004,20231109,381,23,2,1,25.06864,121.5107,21
500103004,20231109,382,23,2,1,25.06864,121.5107,21
500103004,20231109,383,23,2,1,25.06864,121.5107,21
500103004,20231109,384,23,2,1,25.06864,121.5107,21
500103004,20231109,385,23,2,1,25.06864,121.5107,21
500103004,20231109,386,23,2,1,25.06864,121.5107,21
500103004,20231109,387,23,2,1,25.06864,121.5107,21
500103004,20231109,388,23,2,1,25.06864,121.5107,21
500103004,20231109,389,23,3,1,25.06864,121.5107,20
500103004,20231109,390,23,3,1,25.06864,121.5107,20
500103004,20231109,391,23,3,1,25.06864,121.5107,20
500103004,20231109,392,23,3,1,25.06864,121.5107,20
500103004,20231109,393,23,3,1,25.06864,121.5107,20
500103004,20231109,394,23,3,1,25.06864,121.5107,20
500103004,20231109,395,23,4,1,25.06864,121.5107,19
500103004,20231109,396,23,5,1,25.06864,121.5107,18
500103004,20231109,397,23,5,1,25.06864,121.5107,18
500103004,20231109,398,23,5,1,25.06864,121.5107,18
500103004,20231109,399,23,4,1,25.06864,121.5107,19
500103004,20231109,400,23,4,1,25.06864,121.5107,19
500103004,20231109,401,23,4,1,25.06864,121.5107,19
500103004,20231109,402,23,4,1,25.06864,121.5107,19
500103004,20231109,403,23,4,1,25.06864,121.5107,19
500103004,20231109,404,23,4,1,25.06864,121.5107,19
500103004,20231109,405,23,4,1,25.06864,121.5107,19
500103004,20231109,406,23,4,1,25.06864,121.5107,19
500103004,20231109,407,23,4,1,25.06864,121.5107,19
500103004,20231109,408,23,5,1,25.06864,121.5107,18
500103004,20231109,409,23,5,1,25.06864,121.5107,18
500103004,20231109,410,23,5,1,25.06864,121.5107,18
500103004,20231109,411,23,5,1,25.06864,121.5107,18
500103004,20231109,412,23,5,1,25.06864,121.5107,18
500103004,20231109,413,23,5,1,25.06864,121.5107,18
500103004,20231109,414,23,7,1,25.06864,121.5107,15
500103004,20231109,415,23,7,1,25.06864,121.5107,15
500103004,20231109,416,23,8,1,25.06864,121.5107,13
500103004,20231109,417,23,8,1,25.06864,121.5107,13
500103004,20231109,418,23,8,1,25.06864,121.5107,13
500103004,20231109,419,23,8,1,25.06864,121.5107,13
500103004,20231109,421,23,8,1,25.06864,121.5107,13
500103004,20231109,422,23,8,1,25.06864,121.5107,13
500103004,20231109,423,23,7,1,25.06864,121.5107,14
500103004,20231109,424,23,7,1,25.06864,121.5107,14
500103004,20231109,425,23,7,1,25.06864,121.5107,14
500103004,20231109,426,23,7,1,25.06864,121.5107,14
500103004,20231109,427,23,6,1,25.06864,121.5107,15
500103004,20231109,428,23,6,1,25.06864,121.5107,15
500103004,20231109,429,23,7,1,25.06864,121.5107,14
500103004,20231109,430,23,8,1,25.06864,121.5107,13
500103004,20231109,431,23,8,1,25.06864,121.5107,13
500103004,20231109,432,23,8,1,25.06864,121.5107,13
500103004,20231109,433,23,8,1,25.06864,121.5107,13
500103004,20231109,434,23,8,1,25.06864,121.5107,13
500103004,20231109,435,23,8,1,25.06864,121.5107,13
500103004,20231109,436,23,10,1,25.06864,121.5107,11
500103004,20231109,437,23,10,1,25.06864,121.5107,11
500103004,20231109,438,23,10,1,25.06864,121.5107,11
500103004,20231109,439,23,10,1,25.06864,121.5107,11
500103004,20231109,441,23,9,1,25.06864,121.5107,12
500103004,20231109,442,23,10,1,25.06864,121.5107,11
500103004,20231109,443,23,10,1,25.06864,121.5107,11
500103004,20231109,444,23,11,1,25.06864,121.5107,10
500103004,20231109,445,23,11,1,25.06864,121.5107,10
500103004,20231109,446,23,11,1,25.06864,121.5107,10
500103004,20231109,447,23,11,1,25.06864,121.5107,10
500103004,20231109,448,23,12,1,25.06864,121.5107,9
500103004,20231109,449,23,12,1,25.06864,121.5107,9
500103004,20231109,451,23,12,1,25.06864,121.5107,9
500103004,20231109,452,23,12,1,25.06864,121.5107,9
500103004,20231109,453,23,11,1,25.06864,121.5107,10
500103004,20231109,454,23,11,1,25.06864,121.5107,10
500103004,20231109,455,23,8,1,25.06864,121.5107,13
500103004,20231109,456,23,4,1,25.06864,121.5107,17
500103004,20231109,457,23,3,1,25.06864,121.5107,18
500103004,20231109,458,23,0,1,25.06864,121.5107,21
500103004,20231109,459,23,1,1,25.06864,121.5107,20
500103004,20231109,460,23,1,1,25.06864,121.5107,20
500103004,20231109,461,23,2,1,25.06864,121.5107,19
500103004,20231109,462,23,2,1,25.06864,121.5107,19
500103004,20231109,463,23,2,1,25.06864,121.5107,19
500103004,20231109,464,23,1,1,25.06864,121.5107,20
500103004,20231109,465,23,3,1,25.06864,121.5107,18
500103004,20231109,466,23,3,1,25.06864,121.5107,18
500103004,20231109,467,23,4,1,25.06864,121.5107,17
500103004,20231109,468,23,4,1,25.06864,121.5107,17
500103004,20231109,469,23,5,1,25.06864,121.5107,16
500103004,20231109,470,23,5,1,25.06864,121.5107,16
500103004,20231109,471,23,5,1,25.06864,121.5107,16
500103004,20231109,472,23,4,1,25.06864,121.5107,17
500103004,20231109,473,23,5,1,25.06864,121.5107,16
500103004,20231109,474,23,5,1,25.06864,121.5107,16
500103004,20231109,475,23,5,1,25.06864,121.5107,16
500103004,20231109,476,23,6,1,25.06864,121.5107,15
500103004,20231109,477,23,7,1,25.06864,121.5107,14
500103004,20231109,478,23,7,1,25.06864,121.5107,14
500103004,20231109,479,23,8,1,25.06864,121.5107,13
500103004,20231109,481,23,7,1,25.06864,121.5107,14
500103004,20231109,482,23,7,1,25.06864,121.5107,14
500103004,20231109,483,23,7,1,25.06864,121.5107,14
500103004,20231109,484,23,8,1,25.06864,121.5107,13
500103004,20231109,485,23,8,1,25.06864,121.5107,13
500103004,20231109,486,23,11,1,25.06864,121.5107,10
500103004,20231109,487,23,14,1,25.06864,121.5107,7
500103004,20231109,488,23,14,1,25.06864,121.5107,7
500103004,20231109,489,23,16,1,25.06864,121.5107,5
500103004,20231109,490,23,17,1,25.06864,121.5107,4
500103004,20231109,491,23,17,1,25.06864,121.5107,4
500103004,20231109,492,23,18,1,25.06864,121.5107,3
500103004,20231109,493,23,19,1,25.06864,121.5107,2
500103004,20231109,494,23,20,1,25.06864,121.5107,1
500103004,20231109,495,23,19,1,25.06864,121.5107,2
500103004,20231109,496,23,19,1,25.06864,121.5107,2
500103004,20231109,497,23,20,1,25.06864,121.5107,1
500103004,20231109,498,23,20,1,25.06864,121.5107,1
500103004,20231109,499,23,20,1,25.06864,121.5107,1
500103004,20231109,501,23,20,1,25.06864,121.5107,1
500103004,20231109,502,23,20,1,25.06864,121.5107,1
500103004,20231109,503,23,20,1,25.06864,121.5107,1
500103004,20231109,504,23,20,1,25.06864,121.5107,1
500103004,20231109,505,23,20,1,25.06864,121.5107,1
500103004,20231109,506,23,20,1,25.06864,121.5107,1
500103004,20231109,507,23,20,1,25.06864,121.5107,1
500103004,20231109,508,23,20,1,25.06864,121.5107,1
500103004,20231109,509,23,20,1,25.06864,121.5107,1
500103004,20231109,511,23,20,1,25.06864,121.5107,1
500103004,20231109,512,23,20,1,25.06864,121.5107,1
500103004,20231109,513,23,20,1,25.06864,121.5107,1
500103004,20231109,514,23,20,1,25.06864,121.5107,1
500103004,20231109,515,23,20,1,25.06864,121.5107,1
500103004,20231109,516,23,20,1,25.06864,121.5107,1
500103004,20231109,517,23,18,1,25.06864,121.5107,3
500103004,20231109,518,23,16,1,25.06864,121.5107,5
500103004,20231109,519,23,10,1,25.06864,121.5107,11
500103004,20231109,520,23,6,1,25.06864,121.5107,15
500103004,20231109,521,23,3,1,25.06864,121.5107,18
500103004,20231109,522,23,0,1,25.06864,121.5107,21
500103004,20231109,523,23,0,1,25.06864,121.5107,21
500103004,20231109,524,23,1,1,25.06864,121.5107,20
500103004,20231109,525,23,0,1,25.06864,121.5107,21
500103004,20231109,526,23,0,1,25.06864,121.5107,21
500103004,20231109,527,23,0,1,25.06864,121.5107,21
500103004,20231109,528,23,0,1,25.06864,121.5107,21
500103004,20231109,529,23,0,1,25.06864,121.5107,21
500103004,20231109,530,23,0,1,25.06864,121.5107,21
500103004,20231109,531,23,0,1,25.06864,121.5107,21
500103004,20231109,532,23,0,1,25.06864,121.5107,21
500103004,20231109,533,23,1,1,25.06864,121.5107,20
500103004,20231109,534,23,1,1,25.06864,121.5107,20
500103004,20231109,535,23,1,1,25.06864,121.5107,20
500103004,20231109,536,23,0,1,25.06864,121.5107,21
500103004,20231109,538,23,0,1,25.06864,121.5107,21
500103004,20231109,539,23,0,1,25.06864,121.5107,21
500103004,20231109,541,23,0,1,25.06864,121.5107,21
500103004,20231109,542,23,0,1,25.06864,121.5107,21
500103004,20231109,543,23,0,1,25.06864,121.5107,21
500103004,20231109,544,23,0,1,25.06864,121.5107,21
500103004,20231109,545,23,0,1,25.06864,121.5107,21
500103004,20231109,546,23,0,1,25.06864,121.5107,21
500103004,20231109,547,23,1,1,25.06864,121.5107,20
500103004,20231109,548,23,2,1,25.06864,121.5107,19
500103004,20231109,549,23,1,1,25.06864,121.5107,20
500103004,20231109,551,23,2,1,25.06864,121.5107,19
500103004,20231109,552,23,2,1,25.06864,121.5107,19
500103004,20231109,553,23,2,1,25.06864,121.5107,19
500103004,20231109,554,23,2,1,25.06864,121.5107,19
500103004,20231109,555,23,3,1,25.06864,121.5107,18
500103004,20231109,556,23,4,1,25.06864,121.5107,17
500103004,20231109,557,23,4,1,25.06864,121.5107,17
500103004,20231109,558,23,4,1,25.06864,121.5107,17
500103004,20231109,559,23,3,1,25.06864,121.5107,19
500103004,20231109,561,23,4,1,25.06864,121.5107,19
500103004,20231109,562,23,4,1,25.06864,121.5107,19
500103004,20231109,563,23,5,1,25.06864,121.5107,18
500103004,20231109,564,23,5,1,25.06864,121.5107,18
500103004,20231109,565,23,4,1,25.06864,121.5107,19
500103004,20231109,566,23,4,1,25.06864,121.5107,19
500103004,20231109,567,23,4,1,25.06864,121.5107,19
500103004,20231109,568,23,4,1,25.06864,121.5107,19
500103004,20231109,569,23,4,1,25.06864,121.5107,19
500103004,20231109,571,23,4,1,25.06864,121.5107,19
500103004,20231109,572,23,4,1,25.06864,121.5107,19
500103004,20231109,574,23,4,1,25.06864,121.5107,19
500103004,20231109,575,23,4,1,25.06864,121.5107,19
500103004,20231109,576,23,3,1,25.06864,121.5107,20
500103004,20231109,577,23,3,1,25.06864,121.5107,20
500103004,20231109,578,23,3,1,25.06864,121.5107,20
500103004,20231109,579,23,3,1,25.06864,121.5107,20
500103004,20231109,581,23,3,1,25.06864,121.5107,20
500103004,20231109,582,23,4,1,25.06864,121.5107,19
500103004,20231109,583,23,5,1,25.06864,121.5107,18
500103004,20231109,584,23,5,1,25.06864,121.5107,18
500103004,20231109,585,23,5,1,25.06864,121.5107,18
500103004,20231109,586,23,6,1,25.06864,121.5107,17
500103004,20231109,587,23,6,1,25.06864,121.5107,17
500103004,20231109,588,23,6,1,25.06864,121.5107,17
500103004,20231109,589,23,6,1,25.06864,121.5107,17
500103004,20231109,591,23,6,1,25.06864,121.5107,17
500103004,20231109,592,23,6,1,25.06864,121.5107,17
500103004,20231109,593,23,6,1,25.06864,121.5107,17
500103004,20231109,594,23,6,1,25.06864,121.5107,17
500103004,20231109,595,23,6,1,25.06864,121.5107,17
500103004,20231109,596,23,6,1,25.06864,121.5107,17
500103004,20231109,597,23,6,1,25.06864,121.5107,17
500103004,20231109,598,23,5,1,25.06864,121.5107,18
500103004,20231109,599,23,5,1,25.06864,121.5107,18
500103004,20231109,601,23,6,1,25.06864,121.5107,17
500103004,20231109,602,23,6,1,25.06864,121.5107,17
500103004,20231109,603,23,6,1,25.06864,121.5107,17
500103004,20231109,604,23,6,1,25.06864,121.5107,17
500103004,20231109,605,23,6,1,25.06864,121.5107,17
500103004,20231109,606,23,6,1,25.06864,121.5107,17
500103004,20231109,607,23,6,1,25.06864,121.5107,17
500103004,20231109,608,23,6,1,25.06864,121.5107,17
500103004,20231109,609,23,6,1,25.06864,121.5107,17
500103004,20231109,611,23,7,1,25.06864,121.5107,16
500103004,20231109,612,23,7,1,25.06864,121.5107,16
500103004,20231109,613,23,7,1,25.06864,121.5107,16
500103004,20231109,614,23,7,1,25.06864,121.5107,16
500103004,20231109,615,23,7,1,25.06864,121.5107,16
500103004,20231109,616,23,8,1,25.06864,121.5107,15
500103004,20231109,617,23,8,1,25.06864,121.5107,15
500103004,20231109,618,23,8,1,25.06864,121.5107,15
500103004,20231109,619,23,8,1,25.06864,121.5107,15
500103004,20231109,621,23,8,1,25.06864,121.5107,15
500103004,20231109,622,23,8,1,25.06864,121.5107,15
500103004,20231109,623,23,8,1,25.06864,121.5107,15
500103004,20231109,624,23,6,1,25.06864,121.5107,17
500103004,20231109,625,23,6,1,25.06864,121.5107,17
500103004,20231109,626,23,6,1,25.06864,121.5107,17
500103004,20231109,627,23,6,1,25.06864,121.5107,17
500103004,20231109,628,23,6,1,25.06864,121.5107,17
500103004,20231109,629,23,5,1,25.06864,121.5107,18
500103004,20231109,631,23,5,1,25.06864,121.5107,18
500103004,20231109,632,23,5,1,25.06864,121.5107,18
500103004,20231109,633,23,5,1,25.06864,121.5107,18
500103004,20231109,634,23,5,1,25.06864,121.5107,18
500103004,20231109,635,23,5,1,25.06864,121.5107,18
500103004,20231109,636,23,6,1,25.06864,121.5107,17
500103004,20231109,638,23,6,1,25.06864,121.5107,17
500103004,20231109,639,23,6,1,25.06864,121.5107,17
500103004,20231109,641,23,7,1,25.06864,121.5107,16
500103004,20231109,642,23,8,1,25.06864,121.5107,15
500103004,20231109,643,23,8,1,25.06864,121.5107,15
500103004,20231109,644,23,8,1,25.06864,121.5107,15
500103004,20231109,645,23,8,1,25.06864,121.5107,15
500103004,20231109,646,23,8,1,25.06864,121.5107,15
500103004,20231109,647,23,8,1,25.06864,121.5107,15
500103004,20231109,648,23,8,1,25.06864,121.5107,15
500103004,20231109,649,23,8,1,25.06864,121.5107,15
500103004,20231109,651,23,8,1,25.06864,121.5107,15
500103004,20231109,652,23,8,1,25.06864,121.5107,15
500103004,20231109,653,23,8,1,25.06864,121.5107,15
500103004,20231109,654,23,8,1,25.06864,121.5107,15
500103004,20231109,655,23,8,1,25.06864,121.5107,15
500103004,20231109,656,23,8,1,25.06864,121.5107,15
500103004,20231109,657,23,8,1,25.06864,121.5107,15
500103004,20231109,658,23,7,1,25.06864,121.5107,16
500103004,20231109,659,23,7,1,25.06864,121.5107,16
500103004,20231109,661,23,7,1,25.06864,121.5107,16
500103004,20231109,662,23,7,1,25.06864,121.5107,16
500103004,20231109,663,23,7,1,25.06864,121.5107,16
500103004,20231109,664,23,7,1,25.06864,121.5107,16
500103004,20231109,665,23,7,1,25.06864,121.5107,16
500103004,20231109,666,23,8,1,25.06864,121.5107,15
500103004,20231109,667,23,8,1,25.06864,121.5107,15
500103004,20231109,668,23,8,1,25.06864,121.5107,15
500103004,20231109,669,23,8,1,25.06864,121.5107,15
500103004,20231109,670,23,8,1,25.06864,121.5107,15
500103004,20231109,671,23,8,1,25.06864,121.5107,15
500103004,20231109,672,23,8,1,25.06864,121.5107,15
500103004,20231109,673,23,8,1,25.06864,121.5107,15
500103004,20231109,674,23,8,1,25.06864,121.5107,15
500103004,20231109,675,23,8,1,25.06864,121.5107,15
500103004,20231109,676,23,8,1,25.06864,121.5107,15
500103004,20231109,677,23,8,1,25.06864,121.5107,15
500103004,20231109,678,23,8,1,25.06864,121.5107,15
500103004,20231109,679,23,8,1,25.06864,121.5107,15
500103004,20231109,681,23,6,1,25.06864,121.5107,17
500103004,20231109,682,23,6,1,25.06864,121.5107,17
500103004,20231109,683,23,6,1,25.06864,121.5107,17
500103004,20231109,684,23,6,1,25.06864,121.5107,17
500103004,20231109,685,23,6,1,25.06864,121.5107,17
500103004,20231109,686,23,6,1,25.06864,121.5107,17
500103004,20231109,687,23,6,1,25.06864,121.5107,17
500103004,20231109,688,23,6,1,25.06864,121.5107,17
500103004,20231109,689,23,6,1,25.06864,121.5107,17
500103004,20231109,690,23,6,1,25.06864,121.5107,17
500103004,20231109,691,23,5,1,25.06864,121.5107,18
500103004,20231109,692,23,5,1,25.06864,121.5107,18
500103004,20231109,693,23,5,1,25.06864,121.5107,18
500103004,20231109,694,23,4,1,25.06864,121.5107,19
500103004,20231109,695,23,4,1,25.06864,121.5107,19
500103004,20231109,696,23,4,1,25.06864,121.5107,19
500103004,20231109,697,23,4,1,25.06864,121.5107,19
500103004,20231109,698,23,4,1,25.06864,121.5107,19
500103004,20231109,699,23,4,1,25.06864,121.5107,19
500103004,20231109,700,23,4,1,25.06864,121.5107,19
500103004,20231109,701,23,4,1,25.06864,121.5107,19
500103004,20231109,702,23,4,1,25.06864,121.5107,19
500103004,20231109,703,23,4,1,25.06864,121.5107,19
500103004,20231109,704,23,6,1,25.06864,121.5107,17
500103004,20231109,705,23,6,1,25.06864,121.5107,17
500103004,20231109,706,23,6,1,25.06864,121.5107,17
500103004,20231109,707,23,6,1,25.06864,121.5107,17
500103004,20231109,708,23,6,1,25.06864,121.5107,17
500103004,20231109,709,23,6,1,25.06864,121.5107,17
500103004,20231109,710,23,6,1,25.06864,121.5107,17
500103004,20231109,711,23,6,1,25.06864,121.5107,17
500103004,20231109,712,23,6,1,25.06864,121.5107,17
500103004,20231109,713,23,5,1,25.06864,121.5107,18
500103004,20231109,714,23,5,1,25.06864,121.5107,18
500103004,20231109,715,23,5,1,25.06864,121.5107,18
500103004,20231109,716,23,5,1,25.06864,121.5107,18
500103004,20231109,717,23,5,1,25.06864,121.5107,18
500103004,20231109,718,23,5,1,25.06864,121.5107,18
500103004,20231109,719,23,5,1,25.06864,121.5107,18
500103004,20231109,721,23,5,1,25.06864,121.5107,18
500103004,20231109,722,23,5,1,25.06864,121.5107,18
500103004,20231109,723,23,5,1,25.06864,121.5107,18
500103004,20231109,724,23,5,1,25.06864,121.5107,18
500103004,20231109,725,23,5,1,25.06864,121.5107,18
500103004,20231109,726,23,6,1,25.06864,121.5107,17
500103004,20231109,727,23,6,1,25.06864,121.5107,17
500103004,20231109,728,23,6,1,25.06864,121.5107,17
500103004,20231109,729,23,7,1,25.06864,121.5107,16
500103004,20231109,730,23,7,1,25.06864,121.5107,16
500103004,20231109,731,23,7,1,25.06864,121.5107,16
500103004,20231109,732,23,7,1,25.06864,121.5107,16
500103004,20231109,733,23,8,1,25.06864,121.5107,15
500103004,20231109,734,23,8,1,25.06864,121.5107,15
500103004,20231109,735,23,8,1,25.06864,121.5107,15
500103004,20231109,736,23,8,1,25.06864,121.5107,15
500103004,20231109,737,23,7,1,25.06864,121.5107,16
500103004,20231109,738,23,7,1,25.06864,121.5107,16
500103004,20231109,739,23,7,1,25.06864,121.5107,16
500103004,20231109,741,23,8,1,25.06864,121.5107,15
500103004,20231109,742,23,8,1,25.06864,121.5107,15
500103004,20231109,743,23,8,1,25.06864,121.5107,15
500103004,20231109,744,23,8,1,25.06864,121.5107,15
500103004,20231109,745,23,8,1,25.06864,121.5107,15
500103004,20231109,746,23,8,1,25.06864,121.5107,15
500103004,20231109,747,23,7,1,25.06864,121.5107,16
500103004,20231109,748,23,6,1,25.06864,121.5107,17
500103004,20231109,749,23,6,1,25.06864,121.5107,17
500103004,20231109,751,23,5,1,25.06864,121.5107,18
500103004,20231109,752,23,5,1,25.06864,121.5107,18
500103004,20231109,753,23,5,1,25.06864,121.5107,18
500103004,20231109,754,23,5,1,25.06864,121.5107,18
500103004,20231109,755,23,5,1,25.06864,121.5107,18
500103004,20231109,756,23,5,1,25.06864,121.5107,18
500103004,20231109,757,23,5,1,25.06864,121.5107,18
500103004,20231109,758,23,5,1,25.06864,121.5107,18
500103004,20231109,759,23,5,1,25.06864,121.5107,18
500103004,20231109,760,23,6,1,25.06864,121.5107,17
500103004,20231109,761,23,6,1,25.06864,121.5107,17
500103004,20231109,762,23,6,1,25.06864,121.5107,17
500103004,20231109,763,23,5,1,25.06864,121.5107,18
500103004,20231109,764,23,5,1,25.06864,121.5107,18
500103004,20231109,765,23,5,1,25.06864,121.5107,18
500103004,20231109,766,23,6,1,25.06864,121.5107,17
500103004,20231109,767,23,6,1,25.06864,121.5107,17
500103004,20231109,768,23,7,1,25.06864,121.5107,16
500103004,20231109,769,23,7,1,25.06864,121.5107,16
500103004,20231109,770,23,8,1,25.06864,121.5107,15
500103004,20231109,771,23,8,1,25.06864,121.5107,15
500103004,20231109,772,23,8,1,25.06864,121.5107,15
500103004,20231109,773,23,8,1,25.06864,121.5107,15
500103004,20231109,774,23,8,1,25.06864,121.5107,15
500103004,20231109,775,23,8,1,25.06864,121.5107,15
500103004,20231109,776,23,7,1,25.06864,121.5107,16
500103004,20231109,777,23,7,1,25.06864,121.5107,16
500103004,20231109,778,23,7,1,25.06864,121.5107,16
500103004,20231109,779,23,6,1,25.06864,121.5107,17
500103004,20231109,781,23,6,1,25.06864,121.5107,17
500103004,20231109,782,23,6,1,25.06864,121.5107,17
500103004,20231109,783,23,6,1,25.06864,121.5107,17
500103004,20231109,784,23,6,1,25.06864,121.5107,17
500103004,20231109,785,23,6,1,25.06864,121.5107,17
500103004,20231109,786,23,6,1,25.06864,121.5107,17
500103004,20231109,787,23,6,1,25.06864,121.5107,17
500103004,20231109,788,23,6,1,25.06864,121.5107,17
500103004,20231109,789,23,6,1,25.06864,121.5107,17
500103004,20231109,790,23,6,1,25.06864,121.5107,17
500103004,20231109,791,23,5,1,25.06864,121.5107,18
500103004,20231109,792,23,5,1,25.06864,121.5107,18
500103004,20231109,793,23,5,1,25.06864,121.5107,18
500103004,20231109,794,23,5,1,25.06864,121.5107,18
500103004,20231109,795,23,6,1,25.06864,121.5107,17
500103004,20231109,796,23,6,1,25.06864,121.5107,17
500103004,20231109,797,23,6,1,25.06864,121.5107,17
500103004,20231109,798,23,6,1,25.06864,121.5107,17
500103004,20231109,799,23,6,1,25.06864,121.5107,17
500103004,20231109,801,23,6,1,25.06864,121.5107,17
500103004,20231109,802,23,6,1,25.06864,121.5107,17
500103004,20231109,803,23,6,1,25.06864,121.5107,17
500103004,20231109,804,23,5,1,25.06864,121.5107,18
500103004,20231109,805,23,5,1,25.06864,121.5107,18
500103004,20231109,806,23,5,1,25.06864,121.5107,18
500103004,20231109,807,23,5,1,25.06864,121.5107,18
500103004,20231109,809,23,5,1,25.06864,121.5107,18
500103004,20231109,811,23,5,1,25.06864,121.5107,18
500103004,20231109,812,23,5,1,25.06864,121.5107,18
500103004,20231109,813,23,5,1,25.06864,121.5107,18
500103004,20231109,814,23,5,1,25.06864,121.5107,18
500103004,20231109,815,23,5,1,25.06864,121.5107,18
500103004,20231109,816,23,5,1,25.06864,121.5107,18
500103004,20231109,817,23,5,1,25.06864,121.5107,18
500103004,20231109,818,23,5,1,25.06864,121.5107,18
500103004,20231109,819,23,5,1,25.06864,121.5107,18
500103004,20231109,821,23,5,1,25.06864,121.5107,18
500103004,20231109,822,23,5,1,25.06864,121.5107,18
500103004,20231109,823,23,5,1,25.06864,121.5107,18
500103004,20231109,824,23,5,1,25.06864,121.5107,18
500103004,20231109,825,23,6,1,25.06864,121.5107,17
500103004,20231109,826,23,6,1,25.06864,121.5107,17
500103004,20231109,827,23,6,1,25.06864,121.5107,17
500103004,20231109,828,23,6,1,25.06864,121.5107,17
500103004,20231109,829,23,6,1,25.06864,121.5107,17
500103004,20231109,831,23,6,1,25.06864,121.5107,17
500103004,20231109,832,23,5,1,25.06864,121.5107,18
500103004,20231109,833,23,5,1,25.06864,121.5107,18
500103004,20231109,834,23,5,1,25.06864,121.5107,18
500103004,20231109,835,23,5,1,25.06864,121.5107,18
500103004,20231109,836,23,5,1,25.06864,121.5107,18
500103004,20231109,837,23,5,1,25.06864,121.5107,18
500103004,20231109,838,23,5,1,25.06864,121.5107,18
500103004,20231109,839,23,5,1,25.06864,121.5107,18
500103004,20231109,841,23,5,1,25.06864,121.5107,18
500103004,20231109,842,23,5,1,25.06864,121.5107,18
500103004,20231109,843,23,5,1,25.06864,121.5107,18
500103004,20231109,844,23,6,1,25.06864,121.5107,17
500103004,20231109,845,23,6,1,25.06864,121.5107,17
500103004,20231109,846,23,6,1,25.06864,121.5107,17
500103004,20231109,847,23,6,1,25.06864,121.5107,17
500103004,20231109,848,23,6,1,25.06864,121.5107,17
500103004,20231109,849,23,6,1,25.06864,121.5107,17
500103004,20231109,851,23,6,1,25.06864,121.5107,17
500103004,20231109,852,23,6,1,25.06864,121.5107,17
500103004,20231109,853,23,6,1,25.06864,121.5107,17
500103004,20231109,854,23,6,1,25.06864,121.5107,17
500103004,20231109,855,23,6,1,25.06864,121.5107,17
500103004,20231109,856,23,6,1,25.06864,121.5107,17
500103004,20231109,857,23,6,1,25.06864,121.5107,17
500103004,20231109,858,23,6,1,25.06864,121.5107,17
500103004,20231109,859,23,6,1,25.06864,121.5107,17
500103004,20231109,861,23,6,1,25.06864,121.5107,17
500103004,20231109,862,23,6,1,25.06864,121.5107,17
500103004,20231109,863,23,6,1,25.06864,121.5107,17
500103004,20231109,864,23,7,1,25.06864,121.5107,16
500103004,20231109,865,23,7,1,25.06864,121.5107,16
500103004,20231109,866,23,7,1,25.06864,121.5107,16
500103004,20231109,867,23,7,1,25.06864,121.5107,16
500103004,20231109,868,23,7,1,25.06864,121.5107,16
500103004,20231109,869,23,7,1,25.06864,121.5107,16
500103004,20231109,871,23,7,1,25.06864,121.5107,16
500103004,20231109,872,23,7,1,25.06864,121.5107,16
500103004,20231109,873,23,7,1,25.06864,121.5107,16
500103004,20231109,874,23,7,1,25.06864,121.5107,16
500103004,20231109,875,23,7,1,25.06864,121.5107,16
500103004,20231109,876,23,6,1,25.06864,121.5107,17
500103004,20231109,877,23,6,1,25.06864,121.5107,17
500103004,20231109,878,23,6,1,25.06864,121.5107,17
500103004,20231109,879,23,6,1,25.06864,121.5107,17
500103004,20231109,881,23,6,1,25.06864,121.5107,17
500103004,20231109,882,23,6,1,25.06864,121.5107,17
500103004,20231109,883,23,6,1,25.06864,121.5107,17
500103004,20231109,884,23,7,1,25.06864,121.5107,16
500103004,20231109,885,23,7,1,25.06864,121.5107,16
500103004,20231109,886,23,7,1,25.06864,121.5107,16
500103004,20231109,887,23,6,1,25.06864,121.5107,17
500103004,20231109,888,23,6,1,25.06864,121.5107,17
500103004,20231109,889,23,6,1,25.06864,121.5107,17
500103004,20231109,891,23,6,1,25.06864,121.5107,17
500103004,20231109,892,23,6,1,25.06864,121.5107,17
500103004,20231109,893,23,7,1,25.06864,121.5107,16
500103004,20231109,895,23,9,1,25.06864,121.5107,14
500103004,20231109,896,23,8,1,25.06864,121.5107,15
500103004,20231109,897,23,8,1,25.06864,121.5107,15
500103004,20231109,898,23,8,1,25.06864,121.5107,15
500103004,20231109,899,23,8,1,25.06864,121.5107,15
500103004,20231109,901,23,7,1,25.06864,121.5107,16
500103004,20231109,902,23,7,1,25.06864,121.5107,16
500103004,20231109,903,23,7,1,25.06864,121.5107,16
500103004,20231109,904,23,7,1,25.06864,121.5107,16
500103004,20231109,905,23,7,1,25.06864,121.5107,16
500103004,20231109,906,23,7,1,25.06864,121.5107,16
500103004,20231109,907,23,7,1,25.06864,121.5107,16
500103004,20231109,908,23,7,1,25.06864,121.5107,16
500103004,20231109,909,23,7,1,25.06864,121.5107,16
500103004,20231109,911,23,7,1,25.06864,121.5107,16
500103004,20231109,912,23,6,1,25.06864,121.5107,17
500103004,20231109,913,23,6,1,25.06864,121.5107,17
500103004,20231109,914,23,6,1,25.06864,121.5107,17
500103004,20231109,915,23,5,1,25.06864,121.5107,18
500103004,20231109,916,23,5,1,25.06864,121.5107,18
500103004,20231109,917,23,5,1,25.06864,121.5107,18
500103004,20231109,918,23,5,1,25.06864,121.5107,18
500103004,20231109,919,23,4,1,25.06864,121.5107,19
500103004,20231109,921,23,5,1,25.06864,121.5107,18
500103004,20231109,922,23,5,1,25.06864,121.5107,18
500103004,20231109,923,23,5,1,25.06864,121.5107,18
500103004,20231109,924,23,5,1,25.06864,121.5107,18
500103004,20231109,925,23,5,1,25.06864,121.5107,18
500103004,20231109,926,23,5,1,25.06864,121.5107,18
500103004,20231109,927,23,5,1,25.06864,121.5107,18
500103004,20231109,928,23,5,1,25.06864,121.5107,18
500103004,20231109,929,23,5,1,25.06864,121.5107,18
500103004,20231109,931,23,5,1,25.06864,121.5107,18
500103004,20231109,932,23,6,1,25.06864,121.5107,17
500103004,20231109,933,23,10,1,25.06864,121.5107,13
500103004,20231109,934,23,11,1,25.06864,121.5107,12
500103004,20231109,935,23,13,1,25.06864,121.5107,10
500103004,20231109,936,23,13,1,25.06864,121.5107,10
500103004,20231109,937,23,15,1,25.06864,121.5107,8
500103004,20231109,938,23,17,1,25.06864,121.5107,6
500103004,20231109,939,23,19,1,25.06864,121.5107,4
500103004,20231109,940,23,21,1,25.06864,121.5107,2
500103004,20231109,941,23,21,1,25.06864,121.5107,2
500103004,20231109,942,23,21,1,25.06864,121.5107,2
500103004,20231109,943,23,21,1,25.06864,121.5107,2
500103004,20231109,944,23,21,1,25.06864,121.5107,2
500103004,20231109,945,23,21,1,25.06864,121.5107,2
500103004,20231109,946,23,21,1,25.06864,121.5107,2
500103004,20231109,947,23,21,1,25.06864,121.5107,2
500103004,20231109,948,23,21,1,25.06864,121.5107,2
500103004,20231109,949,23,21,1,25.06864,121.5107,2
500103004,20231109,950,23,21,1,25.06864,121.5107,2
500103004,20231109,951,23,21,1,25.06864,121.5107,2
500103004,20231109,952,23,21,1,25.06864,121.5107,2
500103004,20231109,953,23,21,1,25.06864,121.5107,2
500103004,20231109,954,23,21,1,25.06864,121.5107,2
500103004,20231109,955,23,21,1,25.06864,121.5107,2
500103004,20231109,956,23,21,1,25.06864,121.5107,2
500103004,20231109,957,23,21,1,25.06864,121.5107,2
500103004,20231109,958,23,21,1,25.06864,121.5107,2
500103004,20231109,959,23,21,1,25.06864,121.5107,2
500103004,20231109,961,23,21,1,25.06864,121.5107,2
500103004,20231109,962,23,21,1,25.06864,121.5107,2
500103004,20231109,963,23,21,1,25.06864,121.5107,2
500103004,20231109,964,23,21,1,25.06864,121.5107,2
500103004,20231109,965,23,22,1,25.06864,121.5107,1
500103004,20231109,966,23,22,1,25.06864,121.5107,1
500103004,20231109,967,23,22,1,25.06864,121.5107,1
500103004,20231109,968,23,22,1,25.06864,121.5107,1
500103004,20231109,969,23,21,1,25.06864,121.5107,2
500103004,20231109,970,23,20,1,25.06864,121.5107,3
500103004,20231109,971,23,20,1,25.06864,121.5107,3
500103004,20231109,972,23,20,1,25.06864,121.5107,3
500103004,20231109,973,23,20,1,25.06864,121.5107,3
500103004,20231109,974,23,20,1,25.06864,121.5107,3
500103004,20231109,975,23,20,1,25.06864,121.5107,3
500103004,20231109,976,23,21,1,25.06864,121.5107,2
500103004,20231109,977,23,21,1,25.06864,121.5107,2
500103004,20231109,978,23,21,1,25.06864,121.5107,2
500103004,20231109,979,23,22,1,25.06864,121.5107,1
500103004,20231109,981,23,22,1,25.06864,121.5107,1
500103004,20231109,982,23,22,1,25.06864,121.5107,1
500103004,20231109,983,23,22,1,25.06864,121.5107,1
500103004,20231109,984,23,22,1,25.06864,121.5107,1
500103004,20231109,985,23,22,1,25.06864,121.5107,1
500103004,20231109,986,23,22,1,25.06864,121.5107,1
500103004,20231109,987,23,22,1,25.06864,121.5107,1
500103004,20231109,988,23,22,1,25.06864,121.5107,1
500103004,20231109,989,23,22,1,25.06864,121.5107,1
500103004,20231109,991,23,22,1,25.06864,121.5107,1
500103004,20231109,992,23,21,1,25.06864,121.5107,2
500103004,20231109,993,23,21,1,25.06864,121.5107,2
500103004,20231109,994,23,21,1,25.06864,121.5107,2
500103004,20231109,995,23,21,1,25.06864,121.5107,2
500103004,20231109,996,23,21,1,25.06864,121.5107,2
500103004,20231109,997,23,21,1,25.06864,121.5107,2
500103004,20231109,998,23,21,1,25.06864,121.5107,2
500103004,20231109,999,23,21,1,25.06864,121.5107,2
500103004,20231109,1000,23,21,1,25.06864,121.5107,2
500103004,20231109,1001,23,21,1,25.06864,121.5107,2
500103004,20231109,1002,23,21,1,25.06864,121.5107,2
500103004,20231109,1003,23,21,1,25.06864,121.5107,2
500103004,20231109,1004,23,21,1,25.06864,121.5107,2
500103004,20231109,1005,23,21,1,25.06864,121.5107,2
500103004,20231109,1006,23,21,1,25.06864,121.5107,2
500103004,20231109,1007,23,20,1,25.06864,121.5107,3
500103004,20231109,1008,23,20,1,25.06864,121.5107,3
500103004,20231109,1009,23,20,1,25.06864,121.5107,3
500103004,20231109,1010,23,20,1,25.06864,121.5107,3
500103004,20231109,1011,23,20,1,25.06864,121.5107,3
500103004,20231109,1012,23,19,1,25.06864,121.5107,4
500103004,20231109,1013,23,19,1,25.06864,121.5107,4
500103004,20231109,1014,23,19,1,25.06864,121.5107,4
500103004,20231109,1015,23,19,1,25.06864,121.5107,4
500103004,20231109,1016,23,20,1,25.06864,121.5107,3
500103004,20231109,1017,23,20,1,25.06864,121.5107,3
500103004,20231109,1018,23,19,1,25.06864,121.5107,4
500103004,20231109,1019,23,19,1,25.06864,121.5107,4
500103004,20231109,1021,23,19,1,25.06864,121.5107,4
500103004,20231109,1022,23,18,1,25.06864,121.5107,5
500103004,20231109,1023,23,17,1,25.06864,121.5107,6
500103004,20231109,1024,23,16,1,25.06864,121.5107,7
500103004,20231109,1025,23,16,1,25.06864,121.5107,7
500103004,20231109,1026,23,16,1,25.06864,121.5107,7
500103004,20231109,1027,23,16,1,25.06864,121.5107,7
500103004,20231109,1028,23,14,1,25.06864,121.5107,9
500103004,20231109,1029,23,14,1,25.06864,121.5107,9
500103004,20231109,1030,23,14,1,25.06864,121.5107,9
500103004,20231109,1031,23,14,1,25.06864,121.5107,9
500103004,20231109,1032,23,14,1,25.06864,121.5107,9
500103004,20231109,1033,23,14,1,25.06864,121.5107,9
500103004,20231109,1034,23,14,1,25.06864,121.5107,9
500103004,20231109,1035,23,15,1,25.06864,121.5107,8
500103004,20231109,1036,23,15,1,25.06864,121.5107,8
500103004,20231109,1037,23,15,1,25.06864,121.5107,8
500103004,20231109,1038,23,15,1,25.06864,121.5107,8
500103004,20231109,1039,23,15,1,25.06864,121.5107,8
500103004,20231109,1041,23,15,1,25.06864,121.5107,8
500103004,20231109,1042,23,15,1,25.06864,121.5107,8
500103004,20231109,1043,23,14,1,25.06864,121.5107,9
500103004,20231109,1044,23,15,1,25.06864,121.5107,8
500103004,20231109,1045,23,15,1,25.06864,121.5107,8
500103004,20231109,1046,23,15,1,25.06864,121.5107,8
500103004,20231109,1047,23,14,1,25.06864,121.5107,9
500103004,20231109,1048,23,14,1,25.06864,121.5107,9
500103004,20231109,1049,23,13,1,25.06864,121.5107,10
500103004,20231109,1051,23,13,1,25.06864,121.5107,10
500103004,20231109,1052,23,9,1,25.06864,121.5107,14
500103004,20231109,1053,23,10,1,25.06864,121.5107,13
500103004,20231109,1054,23,11,1,25.06864,121.5107,12
500103004,20231109,1055,23,11,1,25.06864,121.5107,12
500103004,20231109,1057,23,13,1,25.06864,121.5107,10
500103004,20231109,1058,23,13,1,25.06864,121.5107,10
500103004,20231109,1059,23,13,1,25.06864,121.5107,10
500103004,20231109,1060,23,13,1,25.06864,121.5107,10
500103004,20231109,1061,23,13,1,25.06864,121.5107,10
500103004,20231109,1063,23,12,1,25.06864,121.5107,11
500103004,20231109,1064,23,11,1,25.06864,121.5107,12
500103004,20231109,1065,23,10,1,25.06864,121.5107,13
500103004,20231109,1066,23,10,1,25.06864,121.5107,13
500103004,20231109,1067,23,9,1,25.06864,121.5107,14
500103004,20231109,1068,23,9,1,25.06864,121.5107,14
500103004,20231109,1069,23,9,1,25.06864,121.5107,14
500103004,20231109,1071,23,8,1,25.06864,121.5107,15
500103004,20231109,1072,23,8,1,25.06864,121.5107,15
500103004,20231109,1073,23,8,1,25.06864,121.5107,15
500103004,20231109,1074,23,8,1,25.06864,121.5107,15
500103004,20231109,1075,23,8,1,25.06864,121.5107,15
500103004,20231109,1076,23,7,1,25.06864,121.5107,16
500103004,20231109,1077,23,6,1,25.06864,121.5107,17
500103004,20231109,1078,23,6,1,25.06864,121.5107,17
500103004,20231109,1079,23,6,1,25.06864,121.5107,17
500103004,20231109,1081,23,4,1,25.06864,121.5107,19
500103004,20231109,1082,23,4,1,25.06864,121.5107,19
500103004,20231109,1083,23,4,1,25.06864,121.5107,19
500103004,20231109,1084,23,5,1,25.06864,121.5107,18
500103004,20231109,1085,23,6,1,25.06864,121.5107,17
500103004,20231109,1086,23,6,1,25.06864,121.5107,17
500103004,20231109,1087,23,7,1,25.06864,121.5107,16
500103004,20231109,1088,23,8,1,25.06864,121.5107,15
500103004,20231109,1089,23,8,1,25.06864,121.5107,15
500103004,20231109,1091,23,8,1,25.06864,121.5107,15
500103004,20231109,1092,23,8,1,25.06864,121.5107,15
500103004,20231109,1093,23,8,1,25.06864,121.5107,15
500103004,20231109,1094,23,8,1,25.06864,121.5107,15
500103004,20231109,1095,23,9,1,25.06864,121.5107,14
500103004,20231109,1096,23,10,1,25.06864,121.5107,13
500103004,20231109,1097,23,10,1,25.06864,121.5107,13
500103004,20231109,1098,23,9,1,25.06864,121.5107,14
500103004,20231109,1099,23,7,1,25.06864,121.5107,16
500103004,20231109,1101,23,6,1,25.06864,121.5107,17
500103004,20231109,1102,23,6,1,25.06864,121.5107,17
500103004,20231109,1103,23,6,1,25.06864,121.5107,17
500103004,20231109,1104,23,5,1,25.06864,121.5107,18
500103004,20231109,1106,23,4,1,25.06864,121.5107,19
500103004,20231109,1107,23,3,1,25.06864,121.5107,20
500103004,20231109,1108,23,3,1,25.06864,121.5107,20
500103004,20231109,1109,23,3,1,25.06864,121.5107,20
500103004,20231109,1111,23,3,1,25.06864,121.5107,20
500103004,20231109,1112,23,3,1,25.06864,121.5107,20
500103004,20231109,1113,23,3,1,25.06864,121.5107,20
500103004,20231109,1114,23,3,1,25.06864,121.5107,20
500103004,20231109,1115,23,3,1,25.06864,121.5107,20
500103004,20231109,1116,23,3,1,25.06864,121.5107,20
500103004,20231109,1117,23,3,1,25.06864,121.5107,20
500103004,20231109,1118,23,3,1,25.06864,121.5107,20
500103004,20231109,1119,23,2,1,25.06864,121.5107,21
500103004,20231109,1121,23,1,1,25.06864,121.5107,22
500103004,20231109,1122,23,1,1,25.06864,121.5107,22
500103004,20231109,1123,23,1,1,25.06864,121.5107,22
500103004,20231109,1124,23,2,1,25.06864,121.5107,21
500103004,20231109,1125,23,8,1,25.06864,121.5107,15
500103004,20231109,1126,23,14,1,25.06864,121.5107,9
500103004,20231109,1127,23,14,1,25.06864,121.5107,9
500103004,20231109,1128,23,16,1,25.06864,121.5107,7
500103004,20231109,1129,23,18,1,25.06864,121.5107,5
500103004,20231109,1131,23,17,1,25.06864,121.5107,6
500103004,20231109,1132,23,17,1,25.06864,121.5107,6
500103004,20231109,1133,23,17,1,25.06864,121.5107,6
500103004,20231109,1134,23,18,1,25.06864,121.5107,5
500103004,20231109,1135,23,18,1,25.06864,121.5107,5
500103004,20231109,1136,23,20,1,25.06864,121.5107,3
500103004,20231109,1137,23,20,1,25.06864,121.5107,3
500103004,20231109,1138,23,20,1,25.06864,121.5107,3
500103004,20231109,1139,23,19,1,25.06864,121.5107,4
500103004,20231109,1141,23,18,1,25.06864,121.5107,5
500103004,20231109,1142,23,18,1,25.06864,121.5107,5
500103004,20231109,1143,23,18,1,25.06864,121.5107,5
500103004,20231109,1144,23,16,1,25.06864,121.5107,7
500103004,20231109,1145,23,16,1,25.06864,121.5107,7
500103004,20231109,1146,23,16,1,25.06864,121.5107,7
500103004,20231109,1148,23,16,1,25.06864,121.5107,7
500103004,20231109,1149,23,12,1,25.06864,121.5107,11
500103004,20231109,1157,23,10,1,25.06864,121.5107,13
500103004,20231109,1165,23,7,1,25.06864,121.5107,16
500103004,20231109,1166,23,6,1,25.06864,121.5107,17
500103004,20231109,1168,23,6,1,25.06864,121.5107,17
500103004,20231109,1169,23,6,1,25.06864,121.5107,17
500103004,20231109,1171,23,6,1,25.06864,121.5107,17
500103004,20231109,1172,23,6,1,25.06864,121.5107,17
500103004,20231109,1173,23,6,1,25.06864,121.5107,17
500103004,20231109,1174,23,6,1,25.06864,121.5107,17
500103004,20231109,1175,23,7,1,25.06864,121.5107,16
500103004,20231109,1176,23,7,1,25.06864,121.5107,16
500103004,20231109,1177,23,7,1,25.06864,121.5107,16
500103004,20231109,1178,23,8,1,25.06864,121.5107,15
500103004,20231109,1179,23,7,1,25.06864,121.5107,16
500103004,20231109,1180,23,6,1,25.06864,121.5107,17
500103004,20231109,1181,23,6,1,25.06864,121.5107,17
500103004,20231109,1182,23,6,1,25.06864,121.5107,17
500103004,20231109,1183,23,5,1,25.06864,121.5107,18
500103004,20231109,1184,23,4,1,25.06864,121.5107,19
500103004,20231109,1185,23,4,1,25.06864,121.5107,19
500103004,20231109,1186,23,4,1,25.06864,121.5107,19
500103004,20231109,1187,23,4,1,25.06864,121.5107,19
500103004,20231109,1188,23,3,1,25.06864,121.5107,20
500103004,20231109,1189,23,4,1,25.06864,121.5107,19
500103004,20231109,1190,23,4,1,25.06864,121.5107,19
500103004,20231109,1191,23,4,1,25.06864,121.5107,19
500103004,20231109,1192,23,4,1,25.06864,121.5107,19
500103004,20231109,1193,23,3,1,25.06864,121.5107,20
500103004,20231109,1194,23,3,1,25.06864,121.5107,20
500103004,20231109,1195,23,3,1,25.06864,121.5107,20
500103004,20231109,1196,23,4,1,25.06864,121.5107,19
500103004,20231109,1197,23,4,1,25.06864,121.5107,19
500103004,20231109,1198,23,4,1,25.06864,121.5107,19
500103004,20231109,1199,23,4,1,25.06864,121.5107,19
500103004,20231109,1201,23,4,1,25.06864,121.5107,19
500103004,20231109,1202,23,4,1,25.06864,121.5107,19
500103004,20231109,1203,23,2,1,25.06864,121.5107,21
500103004,20231109,1204,23,2,1,25.06864,121.5107,21
500103004,20231109,1205,23,2,1,25.06864,121.5107,21
500103004,20231109,1206,23,3,1,25.06864,121.5107,20
500103004,20231109,1207,23,1,1,25.06864,121.5107,22
500103004,20231109,1208,23,0,1,25.06864,121.5107,23
500103004,20231109,1209,23,0,1,25.06864,121.5107,23
500103004,20231109,1210,23,0,1,25.06864,121.5107,23
500103004,20231109,1211,23,0,1,25.06864,121.5107,23
500103004,20231109,1212,23,0,1,25.06864,121.5107,23
500103004,20231109,1213,23,0,1,25.06864,121.5107,23
500103004,20231109,1214,23,0,1,25.06864,121.5107,23
500103004,20231109,1215,23,0,1,25.06864,121.5107,23
500103004,20231109,1216,23,0,1,25.06864,121.5107,23
500103004,20231109,1217,23,0,1,25.06864,121.5107,23
500103004,20231109,1218,23,0,1,25.06864,121.5107,23
500103004,20231109,1219,23,0,1,25.06864,121.5107,23
500103004,20231109,1221,23,0,1,25.06864,121.5107,23
500103004,20231109,1222,23,0,1,25.06864,121.5107,23
500103004,20231109,1223,23,0,1,25.06864,121.5107,23
500103004,20231109,1224,23,0,1,25.06864,121.5107,23
500103004,20231109,1225,23,0,1,25.06864,121.5107,23
500103004,20231109,1226,23,0,1,25.06864,121.5107,23
500103004,20231109,1227,23,0,1,25.06864,121.5107,23
500103004,20231109,1228,23,0,1,25.06864,121.5107,23
500103004,20231109,1229,23,0,1,25.06864,121.5107,23
500103004,20231109,1231,23,3,1,25.06864,121.5107,20
500103004,20231109,1232,23,10,1,25.06864,121.5107,13
500103004,20231109,1233,23,15,1,25.06864,121.5107,8
500103004,20231109,1234,23,17,1,25.06864,121.5107,6
500103004,20231109,1235,23,16,1,25.06864,121.5107,7
500103004,20231109,1236,23,21,1,25.06864,121.5107,2
500103004,20231109,1237,23,22,1,25.06864,121.5107,1
500103004,20231109,1238,23,22,1,25.06864,121.5107,1
500103004,20231109,1239,23,22,1,25.06864,121.5107,1
500103004,20231109,1240,23,21,1,25.06864,121.5107,2
500103004,20231109,1241,23,21,1,25.06864,121.5107,2
500103004,20231109,1242,23,22,1,25.06864,121.5107,1
500103004,20231109,1243,23,22,1,25.06864,121.5107,1
500103004,20231109,1244,23,21,1,25.06864,121.5107,2
500103004,20231109,1245,23,21,1,25.06864,121.5107,2
500103004,20231109,1246,23,19,1,25.06864,121.5107,4
500103004,20231109,1247,23,19,1,25.06864,121.5107,4
500103004,20231109,1248,23,19,1,25.06864,121.5107,4
500103004,20231109,1249,23,19,1,25.06864,121.5107,4
500103004,20231109,1250,23,20,1,25.06864,121.5107,3
500103004,20231109,1251,23,20,1,25.06864,121.5107,3
500103004,20231109,1252,23,19,1,25.06864,121.5107,4
500103004,20231109,1253,23,19,1,25.06864,121.5107,4
500103004,20231109,1254,23,19,1,25.06864,121.5107,4
500103004,20231109,1255,23,19,1,25.06864,121.5107,4
500103004,20231109,1256,23,18,1,25.06864,121.5107,5
500103004,20231109,1257,23,18,1,25.06864,121.5107,5
500103004,20231109,1258,23,17,1,25.06864,121.5107,6
500103004,20231109,1259,23,17,1,25.06864,121.5107,6
500103004,20231109,1261,23,17,1,25.06864,121.5107,6
500103004,20231109,1262,23,16,1,25.06864,121.5107,7
500103004,20231109,1263,23,16,1,25.06864,121.5107,7
500103004,20231109,1264,23,17,1,25.06864,121.5107,6
500103004,20231109,1265,23,17,1,25.06864,121.5107,6
500103004,20231109,1266,23,16,1,25.06864,121.5107,7
500103004,20231109,1267,23,16,1,25.06864,121.5107,7
500103004,20231109,1268,23,15,1,25.06864,121.5107,8
500103004,20231109,1269,23,15,1,25.06864,121.5107,8
500103004,20231109,1270,23,14,1,25.06864,121.5107,9
500103004,20231109,1271,23,14,1,25.06864,121.5107,9
500103004,20231109,1272,23,14,1,25.06864,121.5107,9
500103004,20231109,1273,23,14,1,25.06864,121.5107,9
500103004,20231109,1274,23,13,1,25.06864,121.5107,10
500103004,20231109,1275,23,15,1,25.06864,121.5107,8
500103004,20231109,1276,23,15,1,25.06864,121.5107,8
500103004,20231109,1277,23,14,1,25.06864,121.5107,9
500103004,20231109,1278,23,15,1,25.06864,121.5107,8
500103004,20231109,1279,23,14,1,25.06864,121.5107,9
500103004,20231109,1281,23,13,1,25.06864,121.5107,10
500103004,20231109,1282,23,13,1,25.06864,121.5107,10
500103004,20231109,1283,23,12,1,25.06864,121.5107,11
500103004,20231109,1284,23,12,1,25.06864,121.5107,11
500103004,20231109,1285,23,12,1,25.06864,121.5107,11
500103004,20231109,1286,23,12,1,25.06864,121.5107,11
500103004,20231109,1287,23,12,1,25.06864,121.5107,11
500103004,20231109,1288,23,12,1,25.06864,121.5107,11
500103004,20231109,1289,23,12,1,25.06864,121.5107,11
500103004,20231109,1291,23,11,1,25.06864,121.5107,12
500103004,20231109,1292,23,11,1,25.06864,121.5107,12
500103004,20231109,1293,23,10,1,25.06864,121.5107,13
500103004,20231109,1294,23,10,1,25.06864,121.5107,13
500103004,20231109,1295,23,9,1,25.06864,121.5107,14
500103004,20231109,1296,23,10,1,25.06864,121.5107,13
500103004,20231109,1297,23,9,1,25.06864,121.5107,14
500103004,20231109,1298,23,6,1,25.06864,121.5107,17
500103004,20231109,1299,23,6,1,25.06864,121.5107,17
500103004,20231109,1300,23,6,1,25.06864,121.5107,17
500103004,20231109,1301,23,6,1,25.06864,121.5107,17
500103004,20231109,1302,23,6,1,25.06864,121.5107,17
500103004,20231109,1303,23,6,1,25.06864,121.5107,17
500103004,20231109,1304,23,6,1,25.06864,121.5107,17
500103004,20231109,1305,23,6,1,25.06864,121.5107,17
500103004,20231109,1306,23,7,1,25.06864,121.5107,16
500103004,20231109,1307,23,7,1,25.06864,121.5107,16
500103004,20231109,1308,23,7,1,25.06864,121.5107,16
500103004,20231109,1309,23,5,1,25.06864,121.5107,18
500103004,20231109,1310,23,6,1,25.06864,121.5107,17
500103004,20231109,1311,23,5,1,25.06864,121.5107,18
500103004,20231109,1312,23,6,1,25.06864,121.5107,17
500103004,20231109,1313,23,7,1,25.06864,121.5107,16
500103004,20231109,1314,23,7,1,25.06864,121.5107,16
500103004,20231109,1315,23,7,1,25.06864,121.5107,16
500103004,20231109,1316,23,7,1,25.06864,121.5107,16
500103004,20231109,1317,23,7,1,25.06864,121.5107,16
500103004,20231109,1318,23,6,1,25.06864,121.5107,17
500103004,20231109,1319,23,6,1,25.06864,121.5107,17
500103004,20231109,1321,23,6,1,25.06864,121.5107,17
500103004,20231109,1322,23,6,1,25.06864,121.5107,17
500103004,20231109,1323,23,6,1,25.06864,121.5107,17
500103004,20231109,1324,23,6,1,25.06864,121.5107,17
500103004,20231109,1325,23,6,1,25.06864,121.5107,17
500103004,20231109,1326,23,7,1,25.06864,121.5107,16
500103004,20231109,1327,23,6,1,25.06864,121.5107,17
500103004,20231109,1328,23,6,1,25.06864,121.5107,17
500103004,20231109,1329,23,5,1,25.06864,121.5107,18
500103004,20231109,1330,23,5,1,25.06864,121.5107,18
500103004,20231109,1331,23,5,1,25.06864,121.5107,18
500103004,20231109,1332,23,5,1,25.06864,121.5107,18
500103004,20231109,1333,23,5,1,25.06864,121.5107,18
500103004,20231109,1334,23,5,1,25.06864,121.5107,18
500103004,20231109,1335,23,5,1,25.06864,121.5107,18
500103004,20231109,1336,23,5,1,25.06864,121.5107,18
500103004,20231109,1337,23,5,1,25.06864,121.5107,18
500103004,20231109,1338,23,5,1,25.06864,121.5107,18
500103004,20231109,1339,23,5,1,25.06864,121.5107,18
500103004,20231109,1341,23,3,1,25.06864,121.5107,20
500103004,20231109,1342,23,3,1,25.06864,121.5107,20
500103004,20231109,1343,23,4,1,25.06864,121.5107,19
500103004,20231109,1344,23,2,1,25.06864,121.5107,21
500103004,20231109,1345,23,3,1,25.06864,121.5107,20
500103004,20231109,1346,23,3,1,25.06864,121.5107,20
500103004,20231109,1347,23,3,1,25.06864,121.5107,20
500103004,20231109,1348,23,3,1,25.06864,121.5107,20
500103004,20231109,1349,23,3,1,25.06864,121.5107,20
500103004,20231109,1351,23,3,1,25.06864,121.5107,20
500103004,20231109,1352,23,3,1,25.06864,121.5107,20
500103004,20231109,1353,23,3,1,25.06864,121.5107,20
500103004,20231109,1354,23,3,1,25.06864,121.5107,20
500103004,20231109,1355,23,3,1,25.06864,121.5107,20
500103004,20231109,1356,23,3,1,25.06864,121.5107,20
500103004,20231109,1357,23,3,1,25.06864,121.5107,20
500103004,20231109,1358,23,3,1,25.06864,121.5107,20
500103004,20231109,1359,23,3,1,25.06864,121.5107,20
500103004,20231109,1360,23,3,1,25.06864,121.5107,20
500103004,20231109,1361,23,3,1,25.06864,121.5107,20
500103004,20231109,1362,23,3,1,25.06864,121.5107,20
500103004,20231109,1363,23,3,1,25.06864,121.5107,20
500103004,20231109,1364,23,2,1,25.06864,121.5107,21
500103004,20231109,1365,23,2,1,25.06864,121.5107,21
500103004,20231109,1366,23,2,1,25.06864,121.5107,21
500103004,20231109,1367,23,2,1,25.06864,121.5107,21
500103004,20231109,1368,23,2,1,25.06864,121.5107,21
500103004,20231109,1369,23,2,1,25.06864,121.5107,21
500103004,20231109,1370,23,1,1,25.06864,121.5107,22
500103004,20231109,1371,23,1,1,25.06864,121.5107,22
500103004,20231109,1372,23,1,1,25.06864,121.5107,22
500103004,20231109,1373,23,1,1,25.06864,121.5107,22
500103004,20231109,1374,23,1,1,25.06864,121.5107,22
500103004,20231109,1375,23,1,1,25.06864,121.5107,22
500103004,20231109,1376,23,0,1,25.06864,121.5107,23
500103004,20231109,1377,23,0,1,25.06864,121.5107,23
500103004,20231109,1378,23,0,1,25.06864,121.5107,23
500103004,20231109,1379,23,0,1,25.06864,121.5107,23
500103004,20231109,1381,23,0,1,25.06864,121.5107,23
500103004,20231109,1382,23,0,1,25.06864,121.5107,23
500103004,20231109,1383,23,0,1,25.06864,121.5107,23
500103004,20231109,1384,23,0,1,25.06864,121.5107,23
500103004,20231109,1385,23,0,1,25.06864,121.5107,23
500103004,20231109,1386,23,0,1,25.06864,121.5107,23
500103004,20231109,1387,23,0,1,25.06864,121.5107,23
500103004,20231109,1388,23,0,1,25.06864,121.5107,23
500103004,20231109,1389,23,0,1,25.06864,121.5107,23
500103004,20231109,1390,23,0,1,25.06864,121.5107,23
500103004,20231109,1391,23,0,1,25.06864,121.5107,23
500103004,20231109,1392,23,0,1,25.06864,121.5107,23
500103004,20231109,1393,23,0,1,25.06864,121.5107,23
500103004,20231109,1394,23,0,1,25.06864,121.5107,23
500103004,20231109,1395,23,0,1,25.06864,121.5107,23
500103004,20231109,1396,23,0,1,25.06864,121.5107,23
500103004,20231109,1397,23,0,1,25.06864,121.5107,23
500103004,20231109,1398,23,0,1,25.06864,121.5107,23
500103004,20231109,1399,23,0,1,25.06864,121.5107,23
500103004,20231109,1401,23,0,1,25.06864,121.5107,23
500103004,20231109,1402,23,0,1,25.06864,121.5107,23
500103004,20231109,1403,23,0,1,25.06864,121.5107,23
500103004,20231109,1404,23,0,1,25.06864,121.5107,23
500103004,20231109,1405,23,0,1,25.06864,121.5107,23
500103004,20231109,1406,23,0,1,25.06864,121.5107,23
500103004,20231109,1407,23,0,1,25.06864,121.5107,23
500103004,20231109,1408,23,0,1,25.06864,121.5107,23
500103004,20231109,1409,23,0,1,25.06864,121.5107,23
500103004,20231109,1410,23,0,1,25.06864,121.5107,23
500103004,20231109,1411,23,0,1,25.06864,121.5107,23
500103004,20231109,1412,23,0,1,25.06864,121.5107,23
500103004,20231109,1413,23,0,1,25.06864,121.5107,23
500103004,20231109,1414,23,0,1,25.06864,121.5107,23
500103004,20231109,1415,23,0,1,25.06864,121.5107,23
500103004,20231109,1416,23,0,1,25.06864,121.5107,23
500103004,20231109,1417,23,0,1,25.06864,121.5107,23
500103004,20231109,1418,23,0,1,25.06864,121.5107,23
500103004,20231109,1419,23,0,1,25.06864,121.5107,23
500103004,20231109,1420,23,0,1,25.06864,121.5107,23
500103004,20231109,1421,23,0,1,25.06864,121.5107,23
500103004,20231109,1422,23,0,1,25.06864,121.5107,23
500103004,20231109,1423,23,1,1,25.06864,121.5107,22
500103004,20231109,1424,23,1,1,25.06864,121.5107,22
500103004,20231109,1426,23,1,1,25.06864,121.5107,22
500103004,20231109,1427,23,1,1,25.06864,121.5107,22
500103004,20231109,1428,23,1,1,25.06864,121.5107,22
500103004,20231109,1429,23,1,1,25.06864,121.5107,22
500103004,20231109,1430,23,1,1,25.06864,121.5107,22
500103004,20231109,1431,23,1,1,25.06864,121.5107,22
500103004,20231109,1432,23,0,1,25.06864,121.5107,23
500103004,20231109,1433,23,0,1,25.06864,121.5107,23
500103004,20231109,1434,23,0,1,25.06864,121.5107,23
500103004,20231109,1435,23,0,1,25.06864,121.5107,23
500103004,20231109,1436,23,0,1,25.06864,121.5107,23
500103004,20231109,1437,23,0,1,25.06864,121.5107,23
500103004,20231109,1438,23,0,1,25.06864,121.5107,23
500103004,20231109,1439,23,0,1,25.06864,121.5107,23
500103004,20231110,1,23,0,1,25.06864,121.5107,23
500103004,20231110,2,23,0,1,25.06864,121.5107,23
500103004,20231110,3,23,0,1,25.06864,121.5107,23
500103004,20231110,4,23,0,1,25.06864,121.5107,23
500103004,20231110,5,23,0,1,25.06864,121.5107,23
500103004,20231110,6,23,0,1,25.06864,121.5107,23
500103004,20231110,7,23,0,1,25.06864,121.5107,23
500103004,20231110,8,23,0,1,25.06864,121.5107,23
500103004,20231110,9,23,0,1,25.06864,121.5107,23
500103004,20231110,10,23,0,1,25.06864,121.5107,23
500103004,20231110,11,23,0,1,25.06864,121.5107,23
500103004,20231110,12,23,0,1,25.06864,121.5107,23
500103004,20231110,13,23,0,1,25.06864,121.5107,23
500103004,20231110,14,23,0,1,25.06864,121.5107,23
500103004,20231110,15,23,0,1,25.06864,121.5107,23
500103004,20231110,16,23,0,1,25.06864,121.5107,23
500103004,20231110,17,23,0,1,25.06864,121.5107,23
500103004,20231110,18,23,0,1,25.06864,121.5107,23
500103004,20231110,19,23,0,1,25.06864,121.5107,23
500103004,20231110,21,23,0,1,25.06864,121.5107,23
500103004,20231110,22,23,0,1,25.06864,121.5107,23
500103004,20231110,23,23,0,1,25.06864,121.5107,23
500103004,20231110,24,23,1,1,25.06864,121.5107,22
500103004,20231110,25,23,1,1,25.06864,121.5107,22
500103004,20231110,26,23,1,1,25.06864,121.5107,22
500103004,20231110,27,23,1,1,25.06864,121.5107,22
500103004,20231110,28,23,1,1,25.06864,121.5107,22
500103004,20231110,29,23,0,1,25.06864,121.5107,23
500103004,20231110,30,23,0,1,25.06864,121.5107,23
500103004,20231110,31,23,0,1,25.06864,121.5107,23
500103004,20231110,32,23,0,1,25.06864,121.5107,23
500103004,20231110,33,23,0,1,25.06864,121.5107,23
500103004,20231110,34,23,0,1,25.06864,121.5107,23
500103004,20231110,35,23,0,1,25.06864,121.5107,23
500103004,20231110,36,23,0,1,25.06864,121.5107,23
500103004,20231110,37,23,0,1,25.06864,121.5107,23
500103004,20231110,38,23,0,1,25.06864,121.5107,23
500103004,20231110,39,23,0,1,25.06864,121.5107,23
500103004,20231110,40,23,0,1,25.06864,121.5107,23
500103004,20231110,41,23,1,1,25.06864,121.5107,22
500103004,20231110,42,23,1,1,25.06864,121.5107,22
500103004,20231110,43,23,0,1,25.06864,121.5107,23
500103004,20231110,44,23,0,1,25.06864,121.5107,23
500103004,20231110,45,23,0,1,25.06864,121.5107,23
500103004,20231110,46,23,0,1,25.06864,121.5107,23
500103004,20231110,47,23,0,1,25.06864,121.5107,23
500103004,20231110,48,23,0,1,25.06864,121.5107,23
500103004,20231110,49,23,0,1,25.06864,121.5107,23
500103004,20231110,50,23,0,1,25.06864,121.5107,23
500103004,20231110,51,23,0,1,25.06864,121.5107,23
500103004,20231110,52,23,0,1,25.06864,121.5107,23
500103004,20231110,53,23,0,1,25.06864,121.5107,23
500103004,20231110,54,23,0,1,25.06864,121.5107,23
500103004,20231110,55,23,0,1,25.06864,121.5107,23
500103004,20231110,56,23,0,1,25.06864,121.5107,23
500103004,20231110,57,23,0,1,25.06864,121.5107,23
500103004,20231110,58,23,0,1,25.06864,121.5107,23
500103004,20231110,59,23,0,1,25.06864,121.5107,23
500103004,20231110,60,23,0,1,25.06864,121.5107,23
500103004,20231110,61,23,0,1,25.06864,121.5107,23
500103004,20231110,62,23,0,1,25.06864,121.5107,23
500103004,20231110,63,23,0,1,25.06864,121.5107,23
500103004,20231110,64,23,0,1,25.06864,121.5107,23
500103004,20231110,65,23,0,1,25.06864,121.5107,23
500103004,20231110,66,23,0,1,25.06864,121.5107,23
500103004,20231110,67,23,0,1,25.06864,121.5107,23
500103004,20231110,68,23,0,1,25.06864,121.5107,23
500103004,20231110,69,23,3,1,25.06864,121.5107,20
500103004,20231110,70,23,5,1,25.06864,121.5107,18
500103004,20231110,71,23,5,1,25.06864,121.5107,18
500103004,20231110,72,23,5,1,25.06864,121.5107,18
500103004,20231110,73,23,5,1,25.06864,121.5107,18
500103004,20231110,74,23,5,1,25.06864,121.5107,18
500103004,20231110,75,23,5,1,25.06864,121.5107,18
500103004,20231110,76,23,4,1,25.06864,121.5107,19
500103004,20231110,77,23,4,1,25.06864,121.5107,19
500103004,20231110,78,23,4,1,25.06864,121.5107,19
500103004,20231110,79,23,4,1,25.06864,121.5107,19
500103004,20231110,81,23,4,1,25.06864,121.5107,19
500103004,20231110,82,23,4,1,25.06864,121.5107,19
500103004,20231110,83,23,5,1,25.06864,121.5107,18
500103004,20231110,84,23,5,1,25.06864,121.5107,18
500103004,20231110,85,23,5,1,25.06864,121.5107,18
500103004,20231110,86,23,5,1,25.06864,121.5107,18
500103004,20231110,87,23,5,1,25.06864,121.5107,18
500103004,20231110,88,23,5,1,25.06864,121.5107,18
500103004,20231110,89,23,5,1,25.06864,121.5107,18
500103004,20231110,90,23,5,1,25.06864,121.5107,18
500103004,20231110,91,23,5,1,25.06864,121.5107,18
500103004,20231110,92,23,5,1,25.06864,121.5107,18
500103004,20231110,93,23,5,1,25.06864,121.5107,18
500103004,20231110,94,23,5,1,25.06864,121.5107,18
500103004,20231110,95,23,5,1,25.06864,121.5107,18
500103004,20231110,96,23,5,1,25.06864,121.5107,18
500103004,20231110,97,23,5,1,25.06864,121.5107,18
500103004,20231110,98,23,5,1,25.06864,121.5107,18
500103004,20231110,99,23,5,1,25.06864,121.5107,18
500103004,20231110,100,23,5,1,25.06864,121.5107,18
500103004,20231110,101,23,5,1,25.06864,121.5107,18
500103004,20231110,102,23,5,1,25.06864,121.5107,18
500103004,20231110,103,23,5,1,25.06864,121.5107,18
500103004,20231110,104,23,5,1,25.06864,121.5107,18
500103004,20231110,106,23,5,1,25.06864,121.5107,18
500103004,20231110,107,23,5,1,25.06864,121.5107,18
500103004,20231110,108,23,5,1,25.06864,121.5107,18
500103004,20231110,109,23,5,1,25.06864,121.5107,18
500103004,20231110,110,23,5,1,25.06864,121.5107,18
500103004,20231110,111,23,5,1,25.06864,121.5107,18
500103004,20231110,112,23,5,1,25.06864,121.5107,18
500103004,20231110,114,23,5,1,25.06864,121.5107,18
500103004,20231110,115,23,5,1,25.06864,121.5107,18
500103004,20231110,116,23,5,1,25.06864,121.5107,18
500103004,20231110,118,23,5,1,25.06864,121.5107,18
500103004,20231110,119,23,5,1,25.06864,121.5107,18
500103004,20231110,121,23,5,1,25.06864,121.5107,18
500103004,20231110,122,23,5,1,25.06864,121.5107,18
500103004,20231110,123,23,5,1,25.06864,121.5107,18
500103004,20231110,124,23,5,1,25.06864,121.5107,18
500103004,20231110,125,23,5,1,25.06864,121.5107,18
500103004,20231110,126,23,5,1,25.06864,121.5107,18
500103004,20231110,127,23,5,1,25.06864,121.5107,18
500103004,20231110,128,23,5,1,25.06864,121.5107,18
500103004,20231110,129,23,5,1,25.06864,121.5107,18
500103004,20231110,130,23,5,1,25.06864,121.5107,18
500103004,20231110,131,23,5,1,25.06864,121.5107,18
500103004,20231110,132,23,5,1,25.06864,121.5107,18
500103004,20231110,133,23,5,1,25.06864,121.5107,18
500103004,20231110,134,23,5,1,25.06864,121.5107,18
500103004,20231110,135,23,5,1,25.06864,121.5107,18
500103004,20231110,136,23,5,1,25.06864,121.5107,18
500103004,20231110,137,23,5,1,25.06864,121.5107,18
500103004,20231110,138,23,5,1,25.06864,121.5107,18
500103004,20231110,139,23,5,1,25.06864,121.5107,18
500103004,20231110,141,23,5,1,25.06864,121.5107,18
500103004,20231110,142,23,5,1,25.06864,121.5107,18
500103004,20231110,143,23,5,1,25.06864,121.5107,18
500103004,20231110,144,23,5,1,25.06864,121.5107,18
500103004,20231110,145,23,5,1,25.06864,121.5107,18
500103004,20231110,146,23,5,1,25.06864,121.5107,18
500103004,20231110,147,23,5,1,25.06864,121.5107,18
500103004,20231110,148,23,5,1,25.06864,121.5107,18
500103004,20231110,149,23,5,1,25.06864,121.5107,18
500103004,20231110,150,23,5,1,25.06864,121.5107,18
500103004,20231110,151,23,5,1,25.06864,121.5107,18
500103004,20231110,152,23,5,1,25.06864,121.5107,18
500103004,20231110,153,23,5,1,25.06864,121.5107,18
500103004,20231110,154,23,5,1,25.06864,121.5107,18
500103004,20231110,155,23,5,1,25.06864,121.5107,18
500103004,20231110,156,23,5,1,25.06864,121.5107,18
500103004,20231110,157,23,5,1,25.06864,121.5107,18
500103004,20231110,158,23,5,1,25.06864,121.5107,18
500103004,20231110,159,23,5,1,25.06864,121.5107,18
500103004,20231110,160,23,5,1,25.06864,121.5107,18
500103004,20231110,161,23,5,1,25.06864,121.5107,18
500103004,20231110,162,23,5,1,25.06864,121.5107,18
500103004,20231110,163,23,5,1,25.06864,121.5107,18
500103004,20231110,164,23,5,1,25.06864,121.5107,18
500103004,20231110,165,23,5,1,25.06864,121.5107,18
500103004,20231110,166,23,5,1,25.06864,121.5107,18
500103004,20231110,167,23,5,1,25.06864,121.5107,18
500103004,20231110,168,23,5,1,25.06864,121.5107,18
500103004,20231110,169,23,5,1,25.06864,121.5107,18
500103004,20231110,170,23,5,1,25.06864,121.5107,18
500103004,20231110,171,23,5,1,25.06864,121.5107,18
500103004,20231110,172,23,4,1,25.06864,121.5107,19
500103004,20231110,173,23,4,1,25.06864,121.5107,19
500103004,20231110,174,23,4,1,25.06864,121.5107,19
500103004,20231110,175,23,4,1,25.06864,121.5107,19
500103004,20231110,176,23,4,1,25.06864,121.5107,19
500103004,20231110,177,23,4,1,25.06864,121.5107,19
500103004,20231110,178,23,4,1,25.06864,121.5107,19
500103004,20231110,179,23,4,1,25.06864,121.5107,19
500103004,20231110,180,23,4,1,25.06864,121.5107,19
500103004,20231110,181,23,4,1,25.06864,121.5107,19
500103004,20231110,182,23,4,1,25.06864,121.5107,19
500103004,20231110,183,23,4,1,25.06864,121.5107,19
500103004,20231110,184,23,4,1,25.06864,121.5107,19
500103004,20231110,185,23,4,1,25.06864,121.5107,19
500103004,20231110,186,23,4,1,25.06864,121.5107,19
500103004,20231110,187,23,4,1,25.06864,121.5107,19
500103004,20231110,188,23,4,1,25.06864,121.5107,19
500103004,20231110,189,23,4,1,25.06864,121.5107,19
500103004,20231110,190,23,4,1,25.06864,121.5107,19
500103004,20231110,191,23,4,1,25.06864,121.5107,19
500103004,20231110,192,23,4,1,25.06864,121.5107,19
500103004,20231110,193,23,4,1,25.06864,121.5107,19
500103004,20231110,194,23,4,1,25.06864,121.5107,19
500103004,20231110,195,23,4,1,25.06864,121.5107,19
500103004,20231110,196,23,4,1,25.06864,121.5107,19
500103004,20231110,197,23,4,1,25.06864,121.5107,19
500103004,20231110,198,23,4,1,25.06864,121.5107,19
500103004,20231110,199,23,4,1,25.06864,121.5107,19
500103004,20231110,201,23,4,1,25.06864,121.5107,19
500103004,20231110,202,23,4,1,25.06864,121.5107,19
500103004,20231110,203,23,4,1,25.06864,121.5107,19
500103004,20231110,204,23,4,1,25.06864,121.5107,19
500103004,20231110,205,23,4,1,25.06864,121.5107,19
500103004,20231110,206,23,4,1,25.06864,121.5107,19
500103004,20231110,207,23,4,1,25.06864,121.5107,19
500103004,20231110,208,23,4,1,25.06864,121.5107,19
500103004,20231110,209,23,4,1,25.06864,121.5107,19
500103004,20231110,210,23,4,1,25.06864,121.5107,19
500103004,20231110,211,23,4,1,25.06864,121.5107,19
500103004,20231110,212,23,4,1,25.06864,121.5107,19
500103004,20231110,213,23,4,1,25.06864,121.5107,19
500103004,20231110,214,23,4,1,25.06864,121.5107,19
500103004,20231110,215,23,4,1,25.06864,121.5107,19
500103004,20231110,216,23,4,1,25.06864,121.5107,19
500103004,20231110,217,23,4,1,25.06864,121.5107,19
500103004,20231110,218,23,4,1,25.06864,121.5107,19
500103004,20231110,219,23,4,1,25.06864,121.5107,19
500103004,20231110,220,23,4,1,25.06864,121.5107,19
500103004,20231110,221,23,4,1,25.06864,121.5107,19
500103004,20231110,222,23,4,1,25.06864,121.5107,19
500103004,20231110,223,23,4,1,25.06864,121.5107,19
500103004,20231110,224,23,4,1,25.06864,121.5107,19
500103004,20231110,225,23,4,1,25.06864,121.5107,19
500103004,20231110,226,23,4,1,25.06864,121.5107,19
500103004,20231110,227,23,4,1,25.06864,121.5107,19
500103004,20231110,228,23,4,1,25.06864,121.5107,19
500103004,20231110,229,23,4,1,25.06864,121.5107,19
500103004,20231110,230,23,4,1,25.06864,121.5107,19
500103004,20231110,231,23,4,1,25.06864,121.5107,19
500103004,20231110,232,23,4,1,25.06864,121.5107,19
500103004,20231110,233,23,4,1,25.06864,121.5107,19
500103004,20231110,234,23,4,1,25.06864,121.5107,19
500103004,20231110,235,23,4,1,25.06864,121.5107,19
500103004,20231110,236,23,4,1,25.06864,121.5107,19
500103004,20231110,237,23,4,1,25.06864,121.5107,19
500103004,20231110,238,23,4,1,25.06864,121.5107,19
500103004,20231110,240,23,4,1,25.06864,121.5107,19
500103004,20231110,241,23,4,1,25.06864,121.5107,19
500103004,20231110,242,23,4,1,25.06864,121.5107,19
500103004,20231110,243,23,4,1,25.06864,121.5107,19
500103004,20231110,244,23,4,1,25.06864,121.5107,19
500103004,20231110,245,23,4,1,25.06864,121.5107,19
500103004,20231110,246,23,4,1,25.06864,121.5107,19
500103004,20231110,247,23,4,1,25.06864,121.5107,19
500103004,20231110,248,23,4,1,25.06864,121.5107,19
500103004,20231110,249,23,4,1,25.06864,121.5107,19
500103004,20231110,250,23,4,1,25.06864,121.5107,19
500103004,20231110,251,23,4,1,25.06864,121.5107,19
500103004,20231110,252,23,4,1,25.06864,121.5107,19
500103004,20231110,253,23,4,1,25.06864,121.5107,19
500103004,20231110,254,23,4,1,25.06864,121.5107,19
500103004,20231110,255,23,4,1,25.06864,121.5107,19
500103004,20231110,256,23,4,1,25.06864,121.5107,19
500103004,20231110,257,23,4,1,25.06864,121.5107,19
500103004,20231110,258,23,4,1,25.06864,121.5107,19
500103004,20231110,259,23,4,1,25.06864,121.5107,19
500103004,20231110,261,23,4,1,25.06864,121.5107,19
500103004,20231110,262,23,4,1,25.06864,121.5107,19
500103004,20231110,263,23,4,1,25.06864,121.5107,19
500103004,20231110,264,23,4,1,25.06864,121.5107,19
500103004,20231110,265,23,4,1,25.06864,121.5107,19
500103004,20231110,266,23,4,1,25.06864,121.5107,19
500103004,20231110,267,23,4,1,25.06864,121.5107,19
500103004,20231110,268,23,4,1,25.06864,121.5107,19
500103004,20231110,269,23,4,1,25.06864,121.5107,19
500103004,20231110,270,23,4,1,25.06864,121.5107,19
500103004,20231110,271,23,4,1,25.06864,121.5107,19
500103004,20231110,272,23,4,1,25.06864,121.5107,19
500103004,20231110,273,23,4,1,25.06864,121.5107,19
500103004,20231110,274,23,4,1,25.06864,121.5107,19
500103004,20231110,275,23,4,1,25.06864,121.5107,19
500103004,20231110,276,23,4,1,25.06864,121.5107,19
500103004,20231110,277,23,4,1,25.06864,121.5107,19
500103004,20231110,278,23,4,1,25.06864,121.5107,19
500103004,20231110,279,23,4,1,25.06864,121.5107,19
500103004,20231110,280,23,4,1,25.06864,121.5107,19
500103004,20231110,281,23,4,1,25.06864,121.5107,19
500103004,20231110,282,23,4,1,25.06864,121.5107,19
500103004,20231110,283,23,4,1,25.06864,121.5107,19
500103004,20231110,284,23,4,1,25.06864,121.5107,19
500103004,20231110,285,23,4,1,25.06864,121.5107,19
500103004,20231110,286,23,4,1,25.06864,121.5107,19
500103004,20231110,287,23,4,1,25.06864,121.5107,19
500103004,20231110,288,23,4,1,25.06864,121.5107,19
500103004,20231110,289,23,4,1,25.06864,121.5107,19
500103004,20231110,290,23,4,1,25.06864,121.5107,19
500103004,20231110,291,23,3,1,25.06864,121.5107,20
500103004,20231110,292,23,3,1,25.06864,121.5107,20
500103004,20231110,293,23,3,1,25.06864,121.5107,20
500103004,20231110,294,23,3,1,25.06864,121.5107,20
500103004,20231110,295,23,3,1,25.06864,121.5107,20
500103004,20231110,296,23,3,1,25.06864,121.5107,20
500103004,20231110,297,23,3,1,25.06864,121.5107,20
500103004,20231110,298,23,3,1,25.06864,121.5107,20
500103004,20231110,299,23,3,1,25.06864,121.5107,20
500103004,20231110,300,23,3,1,25.06864,121.5107,20
500103004,20231110,301,23,3,1,25.06864,121.5107,20
500103004,20231110,302,23,3,1,25.06864,121.5107,20
500103004,20231110,303,23,3,1,25.06864,121.5107,20
500103004,20231110,304,23,3,1,25.06864,121.5107,20
500103004,20231110,305,23,3,1,25.06864,121.5107,20
500103004,20231110,306,23,3,1,25.06864,121.5107,20
500103004,20231110,307,23,3,1,25.06864,121.5107,20
500103004,20231110,308,23,3,1,25.06864,121.5107,20
500103004,20231110,309,23,3,1,25.06864,121.5107,20
500103004,20231110,310,23,3,1,25.06864,121.5107,20
500103004,20231110,311,23,3,1,25.06864,121.5107,20
500103004,20231110,312,23,3,1,25.06864,121.5107,20
500103004,20231110,313,23,3,1,25.06864,121.5107,20
500103004,20231110,314,23,3,1,25.06864,121.5107,20
500103004,20231110,315,23,3,1,25.06864,121.5107,20
500103004,20231110,316,23,3,1,25.06864,121.5107,20
500103004,20231110,317,23,3,1,25.06864,121.5107,20
500103004,20231110,318,23,3,1,25.06864,121.5107,20
500103004,20231110,319,23,3,1,25.06864,121.5107,20
500103004,20231110,321,23,3,1,25.06864,121.5107,20
500103004,20231110,322,23,3,1,25.06864,121.5107,20
500103004,20231110,323,23,3,1,25.06864,121.5107,20
500103004,20231110,324,23,3,1,25.06864,121.5107,20
500103004,20231110,325,23,3,1,25.06864,121.5107,20
500103004,20231110,326,23,3,1,25.06864,121.5107,20
500103004,20231110,327,23,3,1,25.06864,121.5107,20
500103004,20231110,328,23,3,1,25.06864,121.5107,20
500103004,20231110,329,23,3,1,25.06864,121.5107,20
500103004,20231110,330,23,3,1,25.06864,121.5107,20
500103004,20231110,331,23,3,1,25.06864,121.5107,20
500103004,20231110,332,23,3,1,25.06864,121.5107,20
500103004,20231110,333,23,3,1,25.06864,121.5107,20
500103004,20231110,334,23,3,1,25.06864,121.5107,20
500103004,20231110,335,23,3,1,25.06864,121.5107,20
500103004,20231110,336,23,3,1,25.06864,121.5107,20
500103004,20231110,337,23,3,1,25.06864,121.5107,20
500103004,20231110,338,23,3,1,25.06864,121.5107,20
500103004,20231110,339,23,3,1,25.06864,121.5107,20
500103004,20231110,340,23,2,1,25.06864,121.5107,21
500103004,20231110,341,23,2,1,25.06864,121.5107,21
500103004,20231110,342,23,2,1,25.06864,121.5107,21
500103004,20231110,343,23,2,1,25.06864,121.5107,21
500103004,20231110,344,23,2,1,25.06864,121.5107,21
500103004,20231110,345,23,2,1,25.06864,121.5107,21
500103004,20231110,346,23,2,1,25.06864,121.5107,21
500103004,20231110,347,23,2,1,25.06864,121.5107,21
500103004,20231110,348,23,2,1,25.06864,121.5107,21
500103004,20231110,349,23,2,1,25.06864,121.5107,21
500103004,20231110,350,23,2,1,25.06864,121.5107,21
500103004,20231110,351,23,2,1,25.06864,121.5107,21
500103004,20231110,352,23,2,1,25.06864,121.5107,21
500103004,20231110,353,23,2,1,25.06864,121.5107,21
500103004,20231110,354,23,2,1,25.06864,121.5107,21
500103004,20231110,355,23,2,1,25.06864,121.5107,21
500103004,20231110,356,23,2,1,25.06864,121.5107,21
500103004,20231110,357,23,2,1,25.06864,121.5107,21
500103004,20231110,358,23,3,1,25.06864,121.5107,20
500103004,20231110,359,23,3,1,25.06864,121.5107,20
500103004,20231110,360,23,3,1,25.06864,121.5107,20
500103004,20231110,361,23,3,1,25.06864,121.5107,20
500103004,20231110,362,23,3,1,25.06864,121.5107,20
500103004,20231110,363,23,3,1,25.06864,121.5107,20
500103004,20231110,364,23,5,1,25.06864,121.5107,18
500103004,20231110,365,23,5,1,25.06864,121.5107,18
500103004,20231110,366,23,3,1,25.06864,121.5107,20
500103004,20231110,367,23,3,1,25.06864,121.5107,20
500103004,20231110,368,23,4,1,25.06864,121.5107,19
500103004,20231110,369,23,4,1,25.06864,121.5107,19
500103004,20231110,370,23,4,1,25.06864,121.5107,19
500103004,20231110,371,23,4,1,25.06864,121.5107,19
500103004,20231110,372,23,4,1,25.06864,121.5107,19
500103004,20231110,373,23,4,1,25.06864,121.5107,19
500103004,20231110,374,23,4,1,25.06864,121.5107,19
500103004,20231110,375,23,4,1,25.06864,121.5107,19
500103004,20231110,376,23,4,1,25.06864,121.5107,19
500103004,20231110,377,23,4,1,25.06864,121.5107,19
500103004,20231110,378,23,4,1,25.06864,121.5107,19
500103004,20231110,379,23,4,1,25.06864,121.5107,19
500103004,20231110,381,23,3,1,25.06864,121.5107,20
500103004,20231110,382,23,3,1,25.06864,121.5107,20
500103004,20231110,383,23,3,1,25.06864,121.5107,20
500103004,20231110,384,23,4,1,25.06864,121.5107,19
500103004,20231110,385,23,4,1,25.06864,121.5107,19
500103004,20231110,386,23,4,1,25.06864,121.5107,19
500103004,20231110,387,23,4,1,25.06864,121.5107,19
500103004,20231110,388,23,4,1,25.06864,121.5107,19
500103004,20231110,389,23,4,1,25.06864,121.5107,19
500103004,20231110,390,23,5,1,25.06864,121.5107,18
500103004,20231110,391,23,5,1,25.06864,121.5107,18
500103004,20231110,392,23,6,1,25.06864,121.5107,17
500103004,20231110,393,23,6,1,25.06864,121.5107,17
500103004,20231110,394,23,6,1,25.06864,121.5107,17
500103004,20231110,395,23,6,1,25.06864,121.5107,17
500103004,20231110,396,23,6,1,25.06864,121.5107,17
500103004,20231110,397,23,6,1,25.06864,121.5107,17
500103004,20231110,398,23,6,1,25.06864,121.5107,17
500103004,20231110,399,23,6,1,25.06864,121.5107,17
500103004,20231110,400,23,6,1,25.06864,121.5107,17
500103004,20231110,401,23,6,1,25.06864,121.5107,17
500103004,20231110,402,23,6,1,25.06864,121.5107,17
500103004,20231110,403,23,6,1,25.06864,121.5107,17
500103004,20231110,404,23,6,1,25.06864,121.5107,17
500103004,20231110,405,23,6,1,25.06864,121.5107,17
500103004,20231110,406,23,7,1,25.06864,121.5107,16
500103004,20231110,407,23,7,1,25.06864,121.5107,16
500103004,20231110,408,23,8,1,25.06864,121.5107,15
500103004,20231110,409,23,8,1,25.06864,121.5107,15
500103004,20231110,410,23,8,1,25.06864,121.5107,15
500103004,20231110,411,23,8,1,25.06864,121.5107,15
500103004,20231110,412,23,9,1,25.06864,121.5107,14
500103004,20231110,413,23,9,1,25.06864,121.5107,14
500103004,20231110,414,23,9,1,25.06864,121.5107,14
500103004,20231110,415,23,9,1,25.06864,121.5107,14
500103004,20231110,416,23,9,1,25.06864,121.5107,14
500103004,20231110,417,23,9,1,25.06864,121.5107,14
500103004,20231110,418,23,9,1,25.06864,121.5107,14
500103004,20231110,419,23,10,1,25.06864,121.5107,13
500103004,20231110,421,23,10,1,25.06864,121.5107,13
500103004,20231110,422,23,10,1,25.06864,121.5107,13
500103004,20231110,423,23,10,1,25.06864,121.5107,13
500103004,20231110,424,23,6,1,25.06864,121.5107,17
500103004,20231110,425,23,1,1,25.06864,121.5107,22
500103004,20231110,426,23,0,1,25.06864,121.5107,23
500103004,20231110,427,23,0,1,25.06864,121.5107,23
500103004,20231110,428,23,0,1,25.06864,121.5107,23
500103004,20231110,429,23,2,1,25.06864,121.5107,21
500103004,20231110,430,23,2,1,25.06864,121.5107,21
500103004,20231110,431,23,4,1,25.06864,121.5107,19
500103004,20231110,432,23,4,1,25.06864,121.5107,19
500103004,20231110,433,23,4,1,25.06864,121.5107,19
500103004,20231110,434,23,4,1,25.06864,121.5107,19
500103004,20231110,435,23,4,1,25.06864,121.5107,19
500103004,20231110,436,23,4,1,25.06864,121.5107,19
500103004,20231110,437,23,5,1,25.06864,121.5107,18
500103004,20231110,438,23,5,1,25.06864,121.5107,18
500103004,20231110,439,23,5,1,25.06864,121.5107,18
500103004,20231110,441,23,5,1,25.06864,121.5107,18
500103004,20231110,442,23,5,1,25.06864,121.5107,18
500103004,20231110,443,23,5,1,25.06864,121.5107,18
500103004,20231110,444,23,5,1,25.06864,121.5107,18
500103004,20231110,445,23,5,1,25.06864,121.5107,18
500103004,20231110,446,23,5,1,25.06864,121.5107,18
500103004,20231110,447,23,5,1,25.06864,121.5107,18
500103004,20231110,448,23,5,1,25.06864,121.5107,18
500103004,20231110,449,23,5,1,25.06864,121.5107,18
500103004,20231110,451,23,6,1,25.06864,121.5107,17
500103004,20231110,452,23,6,1,25.06864,121.5107,17
500103004,20231110,453,23,6,1,25.06864,121.5107,17
500103004,20231110,454,23,6,1,25.06864,121.5107,17
500103004,20231110,455,23,7,1,25.06864,121.5107,16
500103004,20231110,456,23,9,1,25.06864,121.5107,14
500103004,20231110,457,23,12,1,25.06864,121.5107,11
500103004,20231110,458,23,12,1,25.06864,121.5107,11
500103004,20231110,459,23,13,1,25.06864,121.5107,10
500103004,20231110,460,23,13,1,25.06864,121.5107,10
500103004,20231110,461,23,13,1,25.06864,121.5107,10
500103004,20231110,462,23,13,1,25.06864,121.5107,10
500103004,20231110,463,23,14,1,25.06864,121.5107,9
500103004,20231110,464,23,15,1,25.06864,121.5107,8
500103004,20231110,465,23,15,1,25.06864,121.5107,8
500103004,20231110,466,23,15,1,25.06864,121.5107,8
500103004,20231110,467,23,16,1,25.06864,121.5107,7
500103004,20231110,468,23,16,1,25.06864,121.5107,7
500103004,20231110,469,23,18,1,25.06864,121.5107,5
500103004,20231110,470,23,18,1,25.06864,121.5107,5
500103004,20231110,472,23,20,1,25.06864,121.5107,3
500103004,20231110,473,23,20,1,25.06864,121.5107,3
500103004,20231110,474,23,21,1,25.06864,121.5107,2
500103004,20231110,475,23,21,1,25.06864,121.5107,2
500103004,20231110,476,23,22,1,25.06864,121.5107,1
500103004,20231110,477,23,21,1,25.06864,121.5107,2
500103004,20231110,478,23,21,1,25.06864,121.5107,2
500103004,20231110,479,23,21,1,25.06864,121.5107,2
500103004,20231110,481,23,21,1,25.06864,121.5107,2
500103004,20231110,482,23,21,1,25.06864,121.5107,2
500103004,20231110,483,23,22,1,25.06864,121.5107,1
500103004,20231110,484,23,18,1,25.06864,121.5107,5
500103004,20231110,485,23,12,1,25.06864,121.5107,11
500103004,20231110,486,23,8,1,25.06864,121.5107,15
500103004,20231110,487,23,7,1,25.06864,121.5107,16
500103004,20231110,488,23,4,1,25.06864,121.5107,19
500103004,20231110,489,23,1,1,25.06864,121.5107,22
500103004,20231110,490,23,1,1,25.06864,121.5107,22
500103004,20231110,491,23,1,1,25.06864,121.5107,22
500103004,20231110,492,23,1,1,25.06864,121.5107,22
500103004,20231110,493,23,3,1,25.06864,121.5107,20
500103004,20231110,494,23,4,1,25.06864,121.5107,19
500103004,20231110,495,23,4,1,25.06864,121.5107,19
500103004,20231110,496,23,4,1,25.06864,121.5107,19
500103004,20231110,497,23,4,1,25.06864,121.5107,19
500103004,20231110,498,23,4,1,25.06864,121.5107,19
500103004,20231110,499,23,7,1,25.06864,121.5107,16
500103004,20231110,501,23,7,1,25.06864,121.5107,16
500103004,20231110,502,23,7,1,25.06864,121.5107,16
500103004,20231110,503,23,7,1,25.06864,121.5107,16
500103004,20231110,504,23,8,1,25.06864,121.5107,15
500103004,20231110,505,23,8,1,25.06864,121.5107,15
500103004,20231110,506,23,9,1,25.06864,121.5107,14
500103004,20231110,507,23,9,1,25.06864,121.5107,14
500103004,20231110,508,23,9,1,25.06864,121.5107,14
500103004,20231110,509,23,9,1,25.06864,121.5107,14
500103004,20231110,511,23,9,1,25.06864,121.5107,14
500103004,20231110,512,23,11,1,25.06864,121.5107,12
500103004,20231110,513,23,11,1,25.06864,121.5107,12
500103004,20231110,514,23,10,1,25.06864,121.5107,13
500103004,20231110,515,23,10,1,25.06864,121.5107,13
500103004,20231110,516,23,11,1,25.06864,121.5107,12
500103004,20231110,517,23,14,1,25.06864,121.5107,9
500103004,20231110,518,23,14,1,25.06864,121.5107,9
500103004,20231110,519,23,15,1,25.06864,121.5107,8
500103004,20231110,520,23,16,1,25.06864,121.5107,7
500103004,20231110,521,23,16,1,25.06864,121.5107,7
500103004,20231110,522,23,16,1,25.06864,121.5107,7
500103004,20231110,523,23,16,1,25.06864,121.5107,7
500103004,20231110,524,23,16,1,25.06864,121.5107,7
500103004,20231110,525,23,16,1,25.06864,121.5107,7
500103004,20231110,526,23,15,1,25.06864,121.5107,8
500103004,20231110,527,23,15,1,25.06864,121.5107,8
500103004,20231110,528,23,15,1,25.06864,121.5107,8
500103004,20231110,529,23,16,1,25.06864,121.5107,7
500103004,20231110,530,23,17,1,25.06864,121.5107,6
500103004,20231110,531,23,17,1,25.06864,121.5107,6
500103004,20231110,532,23,17,1,25.06864,121.5107,6
500103004,20231110,533,23,17,1,25.06864,121.5107,6
500103004,20231110,534,23,17,1,25.06864,121.5107,6
500103004,20231110,535,23,17,1,25.06864,121.5107,6
500103004,20231110,536,23,17,1,25.06864,121.5107,6
500103004,20231110,537,23,16,1,25.06864,121.5107,7
500103004,20231110,538,23,16,1,25.06864,121.5107,7
500103004,20231110,539,23,17,1,25.06864,121.5107,6
500103004,20231110,541,23,17,1,25.06864,121.5107,6
500103004,20231110,542,23,17,1,25.06864,121.5107,6
500103004,20231110,543,23,16,1,25.06864,121.5107,7
500103004,20231110,544,23,17,1,25.06864,121.5107,6
500103004,20231110,545,23,18,1,25.06864,121.5107,5
500103004,20231110,546,23,18,1,25.06864,121.5107,5
500103004,20231110,547,23,18,1,25.06864,121.5107,5
500103004,20231110,548,23,18,1,25.06864,121.5107,5
500103004,20231110,549,23,17,1,25.06864,121.5107,6
500103004,20231110,550,23,16,1,25.06864,121.5107,7
500103004,20231110,551,23,17,1,25.06864,121.5107,6
500103004,20231110,552,23,17,1,25.06864,121.5107,6
500103004,20231110,553,23,17,1,25.06864,121.5107,6
500103004,20231110,554,23,17,1,25.06864,121.5107,6
500103004,20231110,555,23,17,1,25.06864,121.5107,6
500103004,20231110,556,23,17,1,25.06864,121.5107,6
500103004,20231110,557,23,16,1,25.06864,121.5107,7
500103004,20231110,558,23,17,1,25.06864,121.5107,6
500103004,20231110,559,23,17,1,25.06864,121.5107,6
500103004,20231110,561,23,19,1,25.06864,121.5107,4
500103004,20231110,562,23,19,1,25.06864,121.5107,4
500103004,20231110,563,23,19,1,25.06864,121.5107,4
500103004,20231110,564,23,19,1,25.06864,121.5107,4
500103004,20231110,565,23,19,1,25.06864,121.5107,4
500103004,20231110,566,23,19,1,25.06864,121.5107,4
500103004,20231110,567,23,19,1,25.06864,121.5107,4
500103004,20231110,568,23,19,1,25.06864,121.5107,4
500103004,20231110,569,23,19,1,25.06864,121.5107,4
500103004,20231110,571,23,19,1,25.06864,121.5107,4
500103004,20231110,572,23,19,1,25.06864,121.5107,4
500103004,20231110,573,23,19,1,25.06864,121.5107,4
500103004,20231110,574,23,20,1,25.06864,121.5107,3
500103004,20231110,575,23,20,1,25.06864,121.5107,3
500103004,20231110,576,23,21,1,25.06864,121.5107,2
500103004,20231110,577,23,22,1,25.06864,121.5107,1
500103004,20231110,578,23,22,1,25.06864,121.5107,1
500103004,20231110,579,23,22,1,25.06864,121.5107,1
500103004,20231110,580,23,22,1,25.06864,121.5107,1
500103004,20231110,581,23,22,1,25.06864,121.5107,1
500103004,20231110,582,23,22,1,25.06864,121.5107,1
500103004,20231110,583,23,22,1,25.06864,121.5107,1
500103004,20231110,584,23,22,1,25.06864,121.5107,1
500103004,20231110,585,23,22,1,25.06864,121.5107,1
500103004,20231110,586,23,23,1,25.06864,121.5107,0
500103004,20231110,587,23,23,1,25.06864,121.5107,0
500103004,20231110,588,23,23,1,25.06864,121.5107,0
500103004,20231110,589,23,23,1,25.06864,121.5107,0
500103004,20231110,590,23,23,1,25.06864,121.5107,0
500103004,20231110,591,23,23,1,25.06864,121.5107,0
500103004,20231110,592,23,23,1,25.06864,121.5107,0
500103004,20231110,593,23,23,1,25.06864,121.5107,0
500103004,20231110,594,23,23,1,25.06864,121.5107,0
500103004,20231110,595,23,23,1,25.06864,121.5107,0
500103004,20231110,596,23,22,1,25.06864,121.5107,1
500103004,20231110,597,23,22,1,25.06864,121.5107,1
500103004,20231110,598,23,22,1,25.06864,121.5107,1
500103004,20231110,599,23,22,1,25.06864,121.5107,1
500103004,20231110,601,23,23,1,25.06864,121.5107,0
500103004,20231110,602,23,23,1,25.06864,121.5107,0
500103004,20231110,603,23,23,1,25.06864,121.5107,0
500103004,20231110,604,23,23,1,25.06864,121.5107,0
500103004,20231110,605,23,23,1,25.06864,121.5107,0
500103004,20231110,606,23,23,1,25.06864,121.5107,0
500103004,20231110,607,23,23,1,25.06864,121.5107,0
500103004,20231110,608,23,23,1,25.06864,121.5107,0
500103004,20231110,609,23,23,1,25.06864,121.5107,0
500103004,20231110,610,23,23,1,25.06864,121.5107,0
500103004,20231110,611,23,23,1,25.06864,121.5107,0
500103004,20231110,612,23,23,1,25.06864,121.5107,0
500103004,20231110,613,23,23,1,25.06864,121.5107,0
500103004,20231110,614,23,23,1,25.06864,121.5107,0
500103004,20231110,615,23,23,1,25.06864,121.5107,0
500103004,20231110,616,23,23,1,25.06864,121.5107,0
500103004,20231110,617,23,23,1,25.06864,121.5107,0
500103004,20231110,618,23,23,1,25.06864,121.5107,0
500103004,20231110,619,23,23,1,25.06864,121.5107,0
500103004,20231110,621,23,23,1,25.06864,121.5107,0
500103004,20231110,622,23,23,1,25.06864,121.5107,0
500103004,20231110,623,23,23,1,25.06864,121.5107,0
500103004,20231110,624,23,23,1,25.06864,121.5107,0
500103004,20231110,625,23,23,1,25.06864,121.5107,0
500103004,20231110,626,23,23,1,25.06864,121.5107,0
500103004,20231110,627,23,23,1,25.06864,121.5107,0
500103004,20231110,628,23,23,1,25.06864,121.5107,0
500103004,20231110,629,23,23,1,25.06864,121.5107,0
500103004,20231110,631,23,22,1,25.06864,121.5107,1
500103004,20231110,632,23,22,1,25.06864,121.5107,1
500103004,20231110,633,23,22,1,25.06864,121.5107,1
500103004,20231110,634,23,22,1,25.06864,121.5107,1
500103004,20231110,635,23,22,1,25.06864,121.5107,1
500103004,20231110,636,23,22,1,25.06864,121.5107,1
500103004,20231110,637,23,22,1,25.06864,121.5107,1
500103004,20231110,638,23,22,1,25.06864,121.5107,1
500103004,20231110,639,23,22,1,25.06864,121.5107,1
500103004,20231110,640,23,22,1,25.06864,121.5107,1
500103004,20231110,641,23,22,1,25.06864,121.5107,1
500103004,20231110,642,23,21,1,25.06864,121.5107,2
500103004,20231110,643,23,21,1,25.06864,121.5107,2
500103004,20231110,644,23,21,1,25.06864,121.5107,2
500103004,20231110,645,23,21,1,25.06864,121.5107,2
500103004,20231110,646,23,22,1,25.06864,121.5107,1
500103004,20231110,647,23,22,1,25.06864,121.5107,1
500103004,20231110,648,23,22,1,25.06864,121.5107,1
500103004,20231110,649,23,22,1,25.06864,121.5107,1
500103004,20231110,650,23,22,1,25.06864,121.5107,1
500103004,20231110,651,23,22,1,25.06864,121.5107,1
500103004,20231110,652,23,22,1,25.06864,121.5107,1
500103004,20231110,653,23,22,1,25.06864,121.5107,1
500103004,20231110,654,23,22,1,25.06864,121.5107,1
500103004,20231110,655,23,22,1,25.06864,121.5107,1
500103004,20231110,656,23,22,1,25.06864,121.5107,1
500103004,20231110,657,23,22,1,25.06864,121.5107,1
500103004,20231110,658,23,22,1,25.06864,121.5107,1
500103004,20231110,659,23,22,1,25.06864,121.5107,1
500103004,20231110,661,23,22,1,25.06864,121.5107,1
500103004,20231110,662,23,22,1,25.06864,121.5107,1
500103004,20231110,663,23,22,1,25.06864,121.5107,1
500103004,20231110,664,23,22,1,25.06864,121.5107,1
500103004,20231110,665,23,22,1,25.06864,121.5107,1
500103004,20231110,666,23,22,1,25.06864,121.5107,1
500103004,20231110,667,23,22,1,25.06864,121.5107,1
500103004,20231110,668,23,22,1,25.06864,121.5107,1
500103004,20231110,669,23,23,1,25.06864,121.5107,0
500103004,20231110,670,23,23,1,25.06864,121.5107,0
500103004,20231110,671,23,23,1,25.06864,121.5107,0
500103004,20231110,672,23,23,1,25.06864,121.5107,0
500103004,20231110,673,23,23,1,25.06864,121.5107,0
500103004,20231110,674,23,23,1,25.06864,121.5107,0
500103004,20231110,675,23,23,1,25.06864,121.5107,0
500103004,20231110,676,23,23,1,25.06864,121.5107,0
500103004,20231110,677,23,22,1,25.06864,121.5107,1
500103004,20231110,678,23,22,1,25.06864,121.5107,1
500103004,20231110,679,23,23,1,25.06864,121.5107,0
500103004,20231110,681,23,23,1,25.06864,121.5107,0
500103004,20231110,682,23,23,1,25.06864,121.5107,0
500103004,20231110,683,23,23,1,25.06864,121.5107,0
500103004,20231110,684,23,23,1,25.06864,121.5107,0
500103004,20231110,685,23,23,1,25.06864,121.5107,0
500103004,20231110,686,23,23,1,25.06864,121.5107,0
500103004,20231110,687,23,23,1,25.06864,121.5107,0
500103004,20231110,688,23,23,1,25.06864,121.5107,0
500103004,20231110,689,23,23,1,25.06864,121.5107,0
500103004,20231110,690,23,23,1,25.06864,121.5107,0
500103004,20231110,691,23,23,1,25.06864,121.5107,0
500103004,20231110,692,23,23,1,25.06864,121.5107,0
500103004,20231110,693,23,23,1,25.06864,121.5107,0
500103004,20231110,694,23,23,1,25.06864,121.5107,0
500103004,20231110,695,23,22,1,25.06864,121.5107,1
500103004,20231110,696,23,23,1,25.06864,121.5107,0
500103004,20231110,697,23,23,1,25.06864,121.5107,0
500103004,20231110,698,23,23,1,25.06864,121.5107,0
500103004,20231110,699,23,23,1,25.06864,121.5107,0
500103004,20231110,700,23,22,1,25.06864,121.5107,1
500103004,20231110,701,23,22,1,25.06864,121.5107,1
500103004,20231110,702,23,22,1,25.06864,121.5107,1
500103004,20231110,703,23,22,1,25.06864,121.5107,1
500103004,20231110,704,23,22,1,25.06864,121.5107,1
500103004,20231110,705,23,22,1,25.06864,121.5107,1
500103004,20231110,706,23,22,1,25.06864,121.5107,1
500103004,20231110,707,23,22,1,25.06864,121.5107,1
500103004,20231110,708,23,22,1,25.06864,121.5107,1
500103004,20231110,709,23,22,1,25.06864,121.5107,1
500103004,20231110,710,23,22,1,25.06864,121.5107,1
500103004,20231110,711,23,22,1,25.06864,121.5107,1
500103004,20231110,713,23,22,1,25.06864,121.5107,1
500103004,20231110,714,23,21,1,25.06864,121.5107,2
500103004,20231110,715,23,21,1,25.06864,121.5107,2
500103004,20231110,716,23,21,1,25.06864,121.5107,2
500103004,20231110,717,23,21,1,25.06864,121.5107,2
500103004,20231110,718,23,21,1,25.06864,121.5107,2
500103004,20231110,719,23,21,1,25.06864,121.5107,2
500103004,20231110,721,23,21,1,25.06864,121.5107,2
500103004,20231110,722,23,22,1,25.06864,121.5107,1
500103004,20231110,723,23,23,1,25.06864,121.5107,0
500103004,20231110,724,23,23,1,25.06864,121.5107,0
500103004,20231110,725,23,23,1,25.06864,121.5107,0
500103004,20231110,726,23,23,1,25.06864,121.5107,0
500103004,20231110,727,23,23,1,25.06864,121.5107,0
500103004,20231110,728,23,23,1,25.06864,121.5107,0
500103004,20231110,729,23,23,1,25.06864,121.5107,0
500103004,20231110,730,23,23,1,25.06864,121.5107,0
500103004,20231110,731,23,23,1,25.06864,121.5107,0
500103004,20231110,732,23,23,1,25.06864,121.5107,0
500103004,20231110,733,23,22,1,25.06864,121.5107,1
500103004,20231110,734,23,22,1,25.06864,121.5107,1
500103004,20231110,735,23,22,1,25.06864,121.5107,1
500103004,20231110,736,23,22,1,25.06864,121.5107,1
500103004,20231110,737,23,22,1,25.06864,121.5107,1
500103004,20231110,738,23,22,1,25.06864,121.5107,1
500103004,20231110,739,23,22,1,25.06864,121.5107,1
500103004,20231110,741,23,22,1,25.06864,121.5107,1
500103004,20231110,742,23,23,1,25.06864,121.5107,0
500103004,20231110,743,23,23,1,25.06864,121.5107,0
500103004,20231110,744,23,23,1,25.06864,121.5107,0
500103004,20231110,745,23,23,1,25.06864,121.5107,0
500103004,20231110,746,23,23,1,25.06864,121.5107,0
500103004,20231110,747,23,23,1,25.06864,121.5107,0
500103004,20231110,748,23,23,1,25.06864,121.5107,0
500103004,20231110,749,23,23,1,25.06864,121.5107,0
500103004,20231110,751,23,23,1,25.06864,121.5107,0
500103004,20231110,752,23,22,1,25.06864,121.5107,1
500103004,20231110,753,23,22,1,25.06864,121.5107,1
500103004,20231110,754,23,22,1,25.06864,121.5107,1
500103004,20231110,755,23,22,1,25.06864,121.5107,1
500103004,20231110,757,23,22,1,25.06864,121.5107,1
500103004,20231110,758,23,22,1,25.06864,121.5107,1
500103004,20231110,759,23,22,1,25.06864,121.5107,1
500103004,20231110,760,23,22,1,25.06864,121.5107,1
500103004,20231110,761,23,22,1,25.06864,121.5107,1
500103004,20231110,762,23,22,1,25.06864,121.5107,1
500103004,20231110,763,23,22,1,25.06864,121.5107,1
500103004,20231110,764,23,22,1,25.06864,121.5107,1
500103004,20231110,765,23,22,1,25.06864,121.5107,1
500103004,20231110,766,23,22,1,25.06864,121.5107,1
500103004,20231110,767,23,22,1,25.06864,121.5107,1
500103004,20231110,768,23,22,1,25.06864,121.5107,1
500103004,20231110,769,23,22,1,25.06864,121.5107,1
500103004,20231110,770,23,23,1,25.06864,121.5107,0
500103004,20231110,771,23,22,1,25.06864,121.5107,1
500103004,20231110,772,23,23,1,25.06864,121.5107,0
500103004,20231110,773,23,23,1,25.06864,121.5107,0
500103004,20231110,774,23,23,1,25.06864,121.5107,0
500103004,20231110,775,23,23,1,25.06864,121.5107,0
500103004,20231110,776,23,23,1,25.06864,121.5107,0
500103004,20231110,777,23,23,1,25.06864,121.5107,0
500103004,20231110,778,23,23,1,25.06864,121.5107,0
500103004,20231110,779,23,23,1,25.06864,121.5107,0
500103004,20231110,781,23,23,1,25.06864,121.5107,0
500103004,20231110,782,23,23,1,25.06864,121.5107,0
500103004,20231110,783,23,23,1,25.06864,121.5107,0
500103004,20231110,784,23,23,1,25.06864,121.5107,0
500103004,20231110,785,23,23,1,25.06864,121.5107,0
500103004,20231110,786,23,23,1,25.06864,121.5107,0
500103004,20231110,787,23,22,1,25.06864,121.5107,1
500103004,20231110,788,23,22,1,25.06864,121.5107,1
500103004,20231110,789,23,22,1,25.06864,121.5107,1
500103004,20231110,790,23,22,1,25.06864,121.5107,1
500103004,20231110,791,23,22,1,25.06864,121.5107,1
500103004,20231110,792,23,22,1,25.06864,121.5107,1
500103004,20231110,793,23,22,1,25.06864,121.5107,1
500103004,20231110,794,23,22,1,25.06864,121.5107,1
500103004,20231110,795,23,22,1,25.06864,121.5107,1
500103004,20231110,796,23,22,1,25.06864,121.5107,1
500103004,20231110,797,23,20,1,25.06864,121.5107,3
500103004,20231110,798,23,19,1,25.06864,121.5107,4
500103004,20231110,799,23,19,1,25.06864,121.5107,4
500103004,20231110,801,23,19,1,25.06864,121.5107,4
500103004,20231110,802,23,19,1,25.06864,121.5107,4
500103004,20231110,803,23,19,1,25.06864,121.5107,4
500103004,20231110,804,23,19,1,25.06864,121.5107,4
500103004,20231110,805,23,19,1,25.06864,121.5107,4
500103004,20231110,806,23,19,1,25.06864,121.5107,4
500103004,20231110,807,23,19,1,25.06864,121.5107,4
500103004,20231110,808,23,19,1,25.06864,121.5107,4
500103004,20231110,809,23,19,1,25.06864,121.5107,4
500103004,20231110,811,23,19,1,25.06864,121.5107,4
500103004,20231110,812,23,19,1,25.06864,121.5107,4
500103004,20231110,813,23,19,1,25.06864,121.5107,4
500103004,20231110,814,23,19,1,25.06864,121.5107,4
500103004,20231110,815,23,17,1,25.06864,121.5107,6
500103004,20231110,816,23,17,1,25.06864,121.5107,6
500103004,20231110,817,23,17,1,25.06864,121.5107,6
500103004,20231110,818,23,17,1,25.06864,121.5107,6
500103004,20231110,819,23,17,1,25.06864,121.5107,6
500103004,20231110,820,23,16,1,25.06864,121.5107,7
500103004,20231110,821,23,16,1,25.06864,121.5107,7
500103004,20231110,822,23,17,1,25.06864,121.5107,6
500103004,20231110,823,23,17,1,25.06864,121.5107,6
500103004,20231110,824,23,17,1,25.06864,121.5107,6
500103004,20231110,825,23,17,1,25.06864,121.5107,6
500103004,20231110,826,23,17,1,25.06864,121.5107,6
500103004,20231110,827,23,17,1,25.06864,121.5107,6
500103004,20231110,828,23,17,1,25.06864,121.5107,6
500103004,20231110,829,23,17,1,25.06864,121.5107,6
500103004,20231110,830,23,17,1,25.06864,121.5107,6
500103004,20231110,831,23,17,1,25.06864,121.5107,6
500103004,20231110,832,23,17,1,25.06864,121.5107,6
500103004,20231110,833,23,17,1,25.06864,121.5107,6
500103004,20231110,834,23,17,1,25.06864,121.5107,6
500103004,20231110,835,23,17,1,25.06864,121.5107,6
500103004,20231110,836,23,17,1,25.06864,121.5107,6
500103004,20231110,837,23,17,1,25.06864,121.5107,6
500103004,20231110,838,23,17,1,25.06864,121.5107,6
500103004,20231110,839,23,17,1,25.06864,121.5107,6
500103004,20231110,841,23,17,1,25.06864,121.5107,6
500103004,20231110,842,23,17,1,25.06864,121.5107,6
500103004,20231110,843,23,17,1,25.06864,121.5107,6
500103004,20231110,844,23,17,1,25.06864,121.5107,6
500103004,20231110,845,23,17,1,25.06864,121.5107,6
500103004,20231110,846,23,17,1,25.06864,121.5107,6
500103004,20231110,847,23,17,1,25.06864,121.5107,6
500103004,20231110,848,23,17,1,25.06864,121.5107,6
500103004,20231110,849,23,17,1,25.06864,121.5107,6
500103004,20231110,850,23,17,1,25.06864,121.5107,6
500103004,20231110,851,23,17,1,25.06864,121.5107,6
500103004,20231110,852,23,17,1,25.06864,121.5107,6
500103004,20231110,853,23,17,1,25.06864,121.5107,6
500103004,20231110,854,23,17,1,25.06864,121.5107,6
500103004,20231110,855,23,17,1,25.06864,121.5107,6
500103004,20231110,856,23,17,1,25.06864,121.5107,6
500103004,20231110,857,23,17,1,25.06864,121.5107,6
500103004,20231110,858,23,17,1,25.06864,121.5107,6
500103004,20231110,859,23,17,1,25.06864,121.5107,6
500103004,20231110,861,23,17,1,25.06864,121.5107,6
500103004,20231110,862,23,17,1,25.06864,121.5107,6
500103004,20231110,863,23,17,1,25.06864,121.5107,6
500103004,20231110,864,23,17,1,25.06864,121.5107,6
500103004,20231110,865,23,17,1,25.06864,121.5107,6
500103004,20231110,866,23,17,1,25.06864,121.5107,6
500103004,20231110,867,23,17,1,25.06864,121.5107,6
500103004,20231110,868,23,17,1,25.06864,121.5107,6
500103004,20231110,869,23,17,1,25.06864,121.5107,6
500103004,20231110,871,23,18,1,25.06864,121.5107,5
500103004,20231110,872,23,18,1,25.06864,121.5107,5
500103004,20231110,873,23,18,1,25.06864,121.5107,5
500103004,20231110,874,23,18,1,25.06864,121.5107,5
500103004,20231110,875,23,18,1,25.06864,121.5107,5
500103004,20231110,876,23,18,1,25.06864,121.5107,5
500103004,20231110,877,23,18,1,25.06864,121.5107,5
500103004,20231110,878,23,18,1,25.06864,121.5107,5
500103004,20231110,879,23,18,1,25.06864,121.5107,5
500103004,20231110,880,23,18,1,25.06864,121.5107,5
500103004,20231110,881,23,18,1,25.06864,121.5107,5
500103004,20231110,882,23,18,1,25.06864,121.5107,5
500103004,20231110,883,23,18,1,25.06864,121.5107,5
500103004,20231110,884,23,18,1,25.06864,121.5107,5
500103004,20231110,885,23,18,1,25.06864,121.5107,5
500103004,20231110,886,23,18,1,25.06864,121.5107,5
500103004,20231110,887,23,18,1,25.06864,121.5107,5
500103004,20231110,888,23,18,1,25.06864,121.5107,5
500103004,20231110,889,23,18,1,25.06864,121.5107,5
500103004,20231110,890,23,19,1,25.06864,121.5107,4
500103004,20231110,891,23,19,1,25.06864,121.5107,4
500103004,20231110,892,23,19,1,25.06864,121.5107,4
500103004,20231110,893,23,19,1,25.06864,121.5107,4
500103004,20231110,894,23,19,1,25.06864,121.5107,4
500103004,20231110,895,23,19,1,25.06864,121.5107,4
500103004,20231110,896,23,19,1,25.06864,121.5107,4
500103004,20231110,897,23,19,1,25.06864,121.5107,4
500103004,20231110,898,23,19,1,25.06864,121.5107,4
500103004,20231110,899,23,19,1,25.06864,121.5107,4
500103004,20231110,901,23,20,1,25.06864,121.5107,3
500103004,20231110,902,23,20,1,25.06864,121.5107,3
500103004,20231110,903,23,20,1,25.06864,121.5107,3
500103004,20231110,904,23,20,1,25.06864,121.5107,3
500103004,20231110,905,23,20,1,25.06864,121.5107,3
500103004,20231110,906,23,20,1,25.06864,121.5107,3
500103004,20231110,907,23,20,1,25.06864,121.5107,3
500103004,20231110,908,23,20,1,25.06864,121.5107,3
500103004,20231110,909,23,20,1,25.06864,121.5107,3
500103004,20231110,910,23,20,1,25.06864,121.5107,3
500103004,20231110,911,23,20,1,25.06864,121.5107,3
500103004,20231110,912,23,20,1,25.06864,121.5107,3
500103004,20231110,913,23,20,1,25.06864,121.5107,3
500103004,20231110,914,23,20,1,25.06864,121.5107,3
500103004,20231110,915,23,19,1,25.06864,121.5107,4
500103004,20231110,916,23,18,1,25.06864,121.5107,5
500103004,20231110,917,23,18,1,25.06864,121.5107,5
500103004,20231110,918,23,18,1,25.06864,121.5107,5
500103004,20231110,919,23,18,1,25.06864,121.5107,5
500103004,20231110,921,23,18,1,25.06864,121.5107,5
500103004,20231110,922,23,18,1,25.06864,121.5107,5
500103004,20231110,923,23,18,1,25.06864,121.5107,5
500103004,20231110,924,23,18,1,25.06864,121.5107,5
500103004,20231110,925,23,18,1,25.06864,121.5107,5
500103004,20231110,926,23,18,1,25.06864,121.5107,5
500103004,20231110,927,23,18,1,25.06864,121.5107,5
500103004,20231110,928,23,18,1,25.06864,121.5107,5
500103004,20231110,929,23,18,1,25.06864,121.5107,5
500103004,20231110,931,23,19,1,25.06864,121.5107,4
500103004,20231110,932,23,19,1,25.06864,121.5107,4
500103004,20231110,933,23,19,1,25.06864,121.5107,4
500103004,20231110,934,23,20,1,25.06864,121.5107,3
500103004,20231110,935,23,20,1,25.06864,121.5107,3
500103004,20231110,936,23,19,1,25.06864,121.5107,4
500103004,20231110,937,23,19,1,25.06864,121.5107,4
500103004,20231110,938,23,18,1,25.06864,121.5107,5
500103004,20231110,939,23,17,1,25.06864,121.5107,6
500103004,20231110,940,23,17,1,25.06864,121.5107,6
500103004,20231110,941,23,17,1,25.06864,121.5107,6
500103004,20231110,942,23,17,1,25.06864,121.5107,6
500103004,20231110,943,23,17,1,25.06864,121.5107,6
500103004,20231110,944,23,18,1,25.06864,121.5107,5
500103004,20231110,945,23,18,1,25.06864,121.5107,5
500103004,20231110,946,23,18,1,25.06864,121.5107,5
500103004,20231110,947,23,18,1,25.06864,121.5107,5
500103004,20231110,948,23,17,1,25.06864,121.5107,6
500103004,20231110,949,23,17,1,25.06864,121.5107,6
500103004,20231110,950,23,17,1,25.06864,121.5107,6
500103004,20231110,951,23,17,1,25.06864,121.5107,6
500103004,20231110,952,23,16,1,25.06864,121.5107,7
500103004,20231110,953,23,15,1,25.06864,121.5107,8
500103004,20231110,954,23,15,1,25.06864,121.5107,8
500103004,20231110,955,23,15,1,25.06864,121.5107,8
500103004,20231110,956,23,17,1,25.06864,121.5107,6
500103004,20231110,957,23,17,1,25.06864,121.5107,6
500103004,20231110,958,23,17,1,25.06864,121.5107,6
500103004,20231110,959,23,17,1,25.06864,121.5107,6
500103004,20231110,961,23,17,1,25.06864,121.5107,6
500103004,20231110,963,23,17,1,25.06864,121.5107,6
500103004,20231110,964,23,16,1,25.06864,121.5107,7
500103004,20231110,965,23,16,1,25.06864,121.5107,7
500103004,20231110,966,23,16,1,25.06864,121.5107,7
500103004,20231110,967,23,16,1,25.06864,121.5107,7
500103004,20231110,968,23,15,1,25.06864,121.5107,8
500103004,20231110,969,23,14,1,25.06864,121.5107,9
500103004,20231110,970,23,14,1,25.06864,121.5107,9
500103004,20231110,971,23,14,1,25.06864,121.5107,9
500103004,20231110,972,23,14,1,25.06864,121.5107,9
500103004,20231110,973,23,14,1,25.06864,121.5107,9
500103004,20231110,974,23,14,1,25.06864,121.5107,9
500103004,20231110,975,23,14,1,25.06864,121.5107,9
500103004,20231110,976,23,14,1,25.06864,121.5107,9
500103004,20231110,977,23,15,1,25.06864,121.5107,8
500103004,20231110,978,23,16,1,25.06864,121.5107,7
500103004,20231110,979,23,16,1,25.06864,121.5107,7
500103004,20231110,981,23,15,1,25.06864,121.5107,8
500103004,20231110,982,23,15,1,25.06864,121.5107,8
500103004,20231110,983,23,15,1,25.06864,121.5107,8
500103004,20231110,984,23,15,1,25.06864,121.5107,8
500103004,20231110,985,23,15,1,25.06864,121.5107,8
500103004,20231110,986,23,15,1,25.06864,121.5107,8
500103004,20231110,987,23,15,1,25.06864,121.5107,8
500103004,20231110,988,23,15,1,25.06864,121.5107,8
500103004,20231110,989,23,15,1,25.06864,121.5107,8
500103004,20231110,991,23,16,1,25.06864,121.5107,7
500103004,20231110,992,23,16,1,25.06864,121.5107,7
500103004,20231110,993,23,16,1,25.06864,121.5107,7
500103004,20231110,994,23,16,1,25.06864,121.5107,7
500103004,20231110,995,23,16,1,25.06864,121.5107,7
500103004,20231110,996,23,16,1,25.06864,121.5107,7
500103004,20231110,997,23,16,1,25.06864,121.5107,7
500103004,20231110,998,23,15,1,25.06864,121.5107,8
500103004,20231110,999,23,16,1,25.06864,121.5107,7
500103004,20231110,1000,23,16,1,25.06864,121.5107,7
500103004,20231110,1001,23,16,1,25.06864,121.5107,7
500103004,20231110,1002,23,15,1,25.06864,121.5107,8
500103004,20231110,1003,23,15,1,25.06864,121.5107,8
500103004,20231110,1004,23,15,1,25.06864,121.5107,8
500103004,20231110,1005,23,15,1,25.06864,121.5107,8
500103004,20231110,1006,23,15,1,25.06864,121.5107,8
500103004,20231110,1007,23,15,1,25.06864,121.5107,8
500103004,20231110,1008,23,14,1,25.06864,121.5107,9
500103004,20231110,1009,23,14,1,25.06864,121.5107,9
500103004,20231110,1010,23,14,1,25.06864,121.5107,9
500103004,20231110,1011,23,14,1,25.06864,121.5107,9
500103004,20231110,1012,23,14,1,25.06864,121.5107,9
500103004,20231110,1013,23,14,1,25.06864,121.5107,9
500103004,20231110,1014,23,14,1,25.06864,121.5107,9
500103004,20231110,1015,23,14,1,25.06864,121.5107,9
500103004,20231110,1016,23,13,1,25.06864,121.5107,10
500103004,20231110,1017,23,13,1,25.06864,121.5107,10
500103004,20231110,1018,23,13,1,25.06864,121.5107,10
500103004,20231110,1019,23,12,1,25.06864,121.5107,11
500103004,20231110,1021,23,12,1,25.06864,121.5107,11
500103004,20231110,1022,23,12,1,25.06864,121.5107,11
500103004,20231110,1023,23,10,1,25.06864,121.5107,13
500103004,20231110,1024,23,9,1,25.06864,121.5107,14
500103004,20231110,1025,23,10,1,25.06864,121.5107,13
500103004,20231110,1026,23,10,1,25.06864,121.5107,13
500103004,20231110,1027,23,10,1,25.06864,121.5107,13
500103004,20231110,1028,23,10,1,25.06864,121.5107,13
500103004,20231110,1029,23,10,1,25.06864,121.5107,13
500103004,20231110,1030,23,10,1,25.06864,121.5107,13
500103004,20231110,1031,23,10,1,25.06864,121.5107,13
500103004,20231110,1032,23,10,1,25.06864,121.5107,13
500103004,20231110,1033,23,10,1,25.06864,121.5107,13
500103004,20231110,1034,23,10,1,25.06864,121.5107,13
500103004,20231110,1035,23,11,1,25.06864,121.5107,12
500103004,20231110,1036,23,11,1,25.06864,121.5107,12
500103004,20231110,1037,23,11,1,25.06864,121.5107,12
500103004,20231110,1038,23,10,1,25.06864,121.5107,13
500103004,20231110,1039,23,9,1,25.06864,121.5107,14
500103004,20231110,1041,23,10,1,25.06864,121.5107,13
500103004,20231110,1042,23,11,1,25.06864,121.5107,12
500103004,20231110,1043,23,12,1,25.06864,121.5107,11
500103004,20231110,1044,23,12,1,25.06864,121.5107,11
500103004,20231110,1045,23,12,1,25.06864,121.5107,11
500103004,20231110,1046,23,12,1,25.06864,121.5107,11
500103004,20231110,1047,23,12,1,25.06864,121.5107,11
500103004,20231110,1048,23,12,1,25.06864,121.5107,11
500103004,20231110,1049,23,11,1,25.06864,121.5107,12
500103004,20231110,1051,23,11,1,25.06864,121.5107,12
500103004,20231110,1052,23,11,1,25.06864,121.5107,12
500103004,20231110,1053,23,11,1,25.06864,121.5107,12
500103004,20231110,1054,23,11,1,25.06864,121.5107,12
500103004,20231110,1055,23,11,1,25.06864,121.5107,12
500103004,20231110,1056,23,11,1,25.06864,121.5107,12
500103004,20231110,1057,23,11,1,25.06864,121.5107,12
500103004,20231110,1058,23,11,1,25.06864,121.5107,12
500103004,20231110,1059,23,10,1,25.06864,121.5107,13
500103004,20231110,1060,23,9,1,25.06864,121.5107,14
500103004,20231110,1061,23,9,1,25.06864,121.5107,14
500103004,20231110,1062,23,9,1,25.06864,121.5107,14
500103004,20231110,1063,23,9,1,25.06864,121.5107,14
500103004,20231110,1064,23,9,1,25.06864,121.5107,14
500103004,20231110,1065,23,9,1,25.06864,121.5107,14
500103004,20231110,1066,23,9,1,25.06864,121.5107,14
500103004,20231110,1067,23,9,1,25.06864,121.5107,14
500103004,20231110,1068,23,10,1,25.06864,121.5107,13
500103004,20231110,1069,23,10,1,25.06864,121.5107,13
500103004,20231110,1070,23,10,1,25.06864,121.5107,13
500103004,20231110,1071,23,10,1,25.06864,121.5107,13
500103004,20231110,1072,23,11,1,25.06864,121.5107,12
500103004,20231110,1073,23,11,1,25.06864,121.5107,12
500103004,20231110,1074,23,11,1,25.06864,121.5107,12
500103004,20231110,1075,23,11,1,25.06864,121.5107,12
500103004,20231110,1076,23,10,1,25.06864,121.5107,13
500103004,20231110,1077,23,9,1,25.06864,121.5107,14
500103004,20231110,1078,23,9,1,25.06864,121.5107,14
500103004,20231110,1079,23,8,1,25.06864,121.5107,15
500103004,20231110,1081,23,8,1,25.06864,121.5107,15
500103004,20231110,1082,23,8,1,25.06864,121.5107,15
500103004,20231110,1083,23,7,1,25.06864,121.5107,16
500103004,20231110,1084,23,7,1,25.06864,121.5107,16
500103004,20231110,1085,23,8,1,25.06864,121.5107,15
500103004,20231110,1086,23,6,1,25.06864,121.5107,17
500103004,20231110,1087,23,6,1,25.06864,121.5107,17
500103004,20231110,1088,23,6,1,25.06864,121.5107,17
500103004,20231110,1089,23,6,1,25.06864,121.5107,17
500103004,20231110,1090,23,6,1,25.06864,121.5107,17
500103004,20231110,1091,23,6,1,25.06864,121.5107,17
500103004,20231110,1092,23,6,1,25.06864,121.5107,17
500103004,20231110,1093,23,6,1,25.06864,121.5107,17
500103004,20231110,1094,23,6,1,25.06864,121.5107,17
500103004,20231110,1095,23,6,1,25.06864,121.5107,17
500103004,20231110,1096,23,6,1,25.06864,121.5107,17
500103004,20231110,1097,23,6,1,25.06864,121.5107,17
500103004,20231110,1098,23,6,1,25.06864,121.5107,17
500103004,20231110,1099,23,6,1,25.06864,121.5107,17
500103004,20231110,1101,23,4,1,25.06864,121.5107,19
500103004,20231110,1102,23,5,1,25.06864,121.5107,18
500103004,20231110,1103,23,5,1,25.06864,121.5107,18
500103004,20231110,1104,23,5,1,25.06864,121.5107,18
500103004,20231110,1105,23,5,1,25.06864,121.5107,18
500103004,20231110,1106,23,7,1,25.06864,121.5107,16
500103004,20231110,1107,23,10,1,25.06864,121.5107,13
500103004,20231110,1108,23,10,1,25.06864,121.5107,13
500103004,20231110,1109,23,10,1,25.06864,121.5107,13
500103004,20231110,1111,23,14,1,25.06864,121.5107,9
500103004,20231110,1112,23,17,1,25.06864,121.5107,6
500103004,20231110,1113,23,17,1,25.06864,121.5107,6
500103004,20231110,1114,23,19,1,25.06864,121.5107,4
500103004,20231110,1115,23,19,1,25.06864,121.5107,4
500103004,20231110,1116,23,20,1,25.06864,121.5107,3
500103004,20231110,1117,23,20,1,25.06864,121.5107,3
500103004,20231110,1118,23,17,1,25.06864,121.5107,6
500103004,20231110,1119,23,17,1,25.06864,121.5107,6
500103004,20231110,1120,23,16,1,25.06864,121.5107,7
500103004,20231110,1121,23,16,1,25.06864,121.5107,7
500103004,20231110,1122,23,16,1,25.06864,121.5107,7
500103004,20231110,1123,23,16,1,25.06864,121.5107,7
500103004,20231110,1124,23,16,1,25.06864,121.5107,7
500103004,20231110,1125,23,16,1,25.06864,121.5107,7
500103004,20231110,1126,23,16,1,25.06864,121.5107,7
500103004,20231110,1127,23,16,1,25.06864,121.5107,7
500103004,20231110,1128,23,17,1,25.06864,121.5107,6
500103004,20231110,1129,23,18,1,25.06864,121.5107,5
500103004,20231110,1130,23,17,1,25.06864,121.5107,6
500103004,20231110,1131,23,18,1,25.06864,121.5107,5
500103004,20231110,1132,23,18,1,25.06864,121.5107,5
500103004,20231110,1133,23,18,1,25.06864,121.5107,5
500103004,20231110,1134,23,18,1,25.06864,121.5107,5
500103004,20231110,1135,23,18,1,25.06864,121.5107,5
500103004,20231110,1136,23,18,1,25.06864,121.5107,5
500103004,20231110,1137,23,20,1,25.06864,121.5107,3
500103004,20231110,1138,23,20,1,25.06864,121.5107,3
500103004,20231110,1139,23,19,1,25.06864,121.5107,4
500103004,20231110,1141,23,21,1,25.06864,121.5107,2
500103004,20231110,1142,23,21,1,25.06864,121.5107,2
500103004,20231110,1143,23,21,1,25.06864,121.5107,2
500103004,20231110,1144,23,21,1,25.06864,121.5107,2
500103004,20231110,1145,23,21,1,25.06864,121.5107,2
500103004,20231110,1146,23,19,1,25.06864,121.5107,4
500103004,20231110,1147,23,19,1,25.06864,121.5107,4
500103004,20231110,1148,23,19,1,25.06864,121.5107,4
500103004,20231110,1149,23,19,1,25.06864,121.5107,4
500103004,20231110,1150,23,19,1,25.06864,121.5107,4
500103004,20231110,1151,23,19,1,25.06864,121.5107,4
500103004,20231110,1152,23,19,1,25.06864,121.5107,4
500103004,20231110,1153,23,19,1,25.06864,121.5107,4
500103004,20231110,1154,23,19,1,25.06864,121.5107,4
500103004,20231110,1155,23,19,1,25.06864,121.5107,4
500103004,20231110,1156,23,19,1,25.06864,121.5107,4
500103004,20231110,1157,23,19,1,25.06864,121.5107,4
500103004,20231110,1158,23,19,1,25.06864,121.5107,4
500103004,20231110,1159,23,18,1,25.06864,121.5107,5
500103004,20231110,1161,23,18,1,25.06864,121.5107,5
500103004,20231110,1162,23,18,1,25.06864,121.5107,5
500103004,20231110,1163,23,18,1,25.06864,121.5107,5
500103004,20231110,1164,23,18,1,25.06864,121.5107,5
500103004,20231110,1165,23,17,1,25.06864,121.5107,6
500103004,20231110,1166,23,16,1,25.06864,121.5107,7
500103004,20231110,1167,23,16,1,25.06864,121.5107,7
500103004,20231110,1168,23,16,1,25.06864,121.5107,7
500103004,20231110,1169,23,15,1,25.06864,121.5107,8
500103004,20231110,1171,23,15,1,25.06864,121.5107,8
500103004,20231110,1172,23,15,1,25.06864,121.5107,8
500103004,20231110,1173,23,14,1,25.06864,121.5107,9
500103004,20231110,1174,23,14,1,25.06864,121.5107,9
500103004,20231110,1175,23,14,1,25.06864,121.5107,9
500103004,20231110,1176,23,14,1,25.06864,121.5107,9
500103004,20231110,1177,23,14,1,25.06864,121.5107,9
500103004,20231110,1178,23,14,1,25.06864,121.5107,9
500103004,20231110,1179,23,13,1,25.06864,121.5107,10
500103004,20231110,1180,23,13,1,25.06864,121.5107,10
500103004,20231110,1181,23,13,1,25.06864,121.5107,10
500103004,20231110,1182,23,13,1,25.06864,121.5107,10
500103004,20231110,1183,23,12,1,25.06864,121.5107,11
500103004,20231110,1184,23,12,1,25.06864,121.5107,11
500103004,20231110,1185,23,12,1,25.06864,121.5107,11
500103004,20231110,1186,23,14,1,25.06864,121.5107,9
500103004,20231110,1187,23,14,1,25.06864,121.5107,9
500103004,20231110,1188,23,13,1,25.06864,121.5107,10
500103004,20231110,1189,23,13,1,25.06864,121.5107,10
500103004,20231110,1190,23,13,1,25.06864,121.5107,10
500103004,20231110,1191,23,12,1,25.06864,121.5107,11
500103004,20231110,1192,23,11,1,25.06864,121.5107,12
500103004,20231110,1193,23,11,1,25.06864,121.5107,12
500103004,20231110,1194,23,11,1,25.06864,121.5107,12
500103004,20231110,1195,23,11,1,25.06864,121.5107,12
500103004,20231110,1196,23,11,1,25.06864,121.5107,12
500103004,20231110,1197,23,11,1,25.06864,121.5107,12
500103004,20231110,1198,23,11,1,25.06864,121.5107,12
500103004,20231110,1199,23,10,1,25.06864,121.5107,13
500103004,20231110,1201,23,10,1,25.06864,121.5107,13
500103004,20231110,1202,23,10,1,25.06864,121.5107,13
500103004,20231110,1203,23,10,1,25.06864,121.5107,13
500103004,20231110,1204,23,8,1,25.06864,121.5107,15
500103004,20231110,1205,23,8,1,25.06864,121.5107,15
500103004,20231110,1206,23,8,1,25.06864,121.5107,15
500103004,20231110,1207,23,8,1,25.06864,121.5107,15
500103004,20231110,1208,23,8,1,25.06864,121.5107,15
500103004,20231110,1209,23,8,1,25.06864,121.5107,15
500103004,20231110,1210,23,7,1,25.06864,121.5107,16
500103004,20231110,1211,23,7,1,25.06864,121.5107,16
500103004,20231110,1212,23,7,1,25.06864,121.5107,16
500103004,20231110,1213,23,7,1,25.06864,121.5107,16
500103004,20231110,1214,23,7,1,25.06864,121.5107,16
500103004,20231110,1215,23,6,1,25.06864,121.5107,17
500103004,20231110,1216,23,6,1,25.06864,121.5107,17
500103004,20231110,1217,23,6,1,25.06864,121.5107,17
500103004,20231110,1218,23,6,1,25.06864,121.5107,17
500103004,20231110,1219,23,7,1,25.06864,121.5107,16
500103004,20231110,1221,23,5,1,25.06864,121.5107,18
500103004,20231110,1222,23,5,1,25.06864,121.5107,18
500103004,20231110,1223,23,5,1,25.06864,121.5107,18
500103004,20231110,1224,23,6,1,25.06864,121.5107,17
500103004,20231110,1225,23,6,1,25.06864,121.5107,17
500103004,20231110,1226,23,6,1,25.06864,121.5107,17
500103004,20231110,1227,23,6,1,25.06864,121.5107,17
500103004,20231110,1228,23,6,1,25.06864,121.5107,17
500103004,20231110,1229,23,6,1,25.06864,121.5107,17
500103004,20231110,1231,23,6,1,25.06864,121.5107,17
500103004,20231110,1232,23,6,1,25.06864,121.5107,17
500103004,20231110,1233,23,7,1,25.06864,121.5107,16
500103004,20231110,1234,23,7,1,25.06864,121.5107,16
500103004,20231110,1235,23,7,1,25.06864,121.5107,16
500103004,20231110,1236,23,5,1,25.06864,121.5107,18
500103004,20231110,1237,23,4,1,25.06864,121.5107,19
500103004,20231110,1238,23,3,1,25.06864,121.5107,20
500103004,20231110,1239,23,3,1,25.06864,121.5107,20
500103004,20231110,1240,23,3,1,25.06864,121.5107,20
500103004,20231110,1241,23,3,1,25.06864,121.5107,20
500103004,20231110,1242,23,3,1,25.06864,121.5107,20
500103004,20231110,1243,23,2,1,25.06864,121.5107,21
500103004,20231110,1244,23,2,1,25.06864,121.5107,21
500103004,20231110,1245,23,2,1,25.06864,121.5107,21
500103004,20231110,1246,23,3,1,25.06864,121.5107,20
500103004,20231110,1247,23,3,1,25.06864,121.5107,20
500103004,20231110,1248,23,3,1,25.06864,121.5107,20
500103004,20231110,1249,23,3,1,25.06864,121.5107,20
500103004,20231110,1250,23,3,1,25.06864,121.5107,20
500103004,20231110,1251,23,4,1,25.06864,121.5107,19
500103004,20231110,1252,23,4,1,25.06864,121.5107,19
500103004,20231110,1253,23,4,1,25.06864,121.5107,19
500103004,20231110,1254,23,4,1,25.06864,121.5107,19
500103004,20231110,1255,23,4,1,25.06864,121.5107,19
500103004,20231110,1256,23,3,1,25.06864,121.5107,20
500103004,20231110,1257,23,3,1,25.06864,121.5107,20
500103004,20231110,1258,23,3,1,25.06864,121.5107,20
500103004,20231110,1259,23,3,1,25.06864,121.5107,20
500103004,20231110,1261,23,3,1,25.06864,121.5107,20
500103004,20231110,1262,23,3,1,25.06864,121.5107,20
500103004,20231110,1263,23,4,1,25.06864,121.5107,19
500103004,20231110,1264,23,5,1,25.06864,121.5107,18
500103004,20231110,1265,23,5,1,25.06864,121.5107,18
500103004,20231110,1266,23,4,1,25.06864,121.5107,19
500103004,20231110,1267,23,4,1,25.06864,121.5107,19
500103004,20231110,1268,23,4,1,25.06864,121.5107,19
500103004,20231110,1269,23,4,1,25.06864,121.5107,19
500103004,20231110,1270,23,4,1,25.06864,121.5107,19
500103004,20231110,1271,23,4,1,25.06864,121.5107,19
500103004,20231110,1272,23,4,1,25.06864,121.5107,19
500103004,20231110,1273,23,4,1,25.06864,121.5107,19
500103004,20231110,1274,23,4,1,25.06864,121.5107,19
500103004,20231110,1275,23,5,1,25.06864,121.5107,18
500103004,20231110,1276,23,4,1,25.06864,121.5107,19
500103004,20231110,1277,23,4,1,25.06864,121.5107,19
500103004,20231110,1278,23,4,1,25.06864,121.5107,19
500103004,20231110,1279,23,4,1,25.06864,121.5107,19
500103004,20231110,1281,23,4,1,25.06864,121.5107,19
500103004,20231110,1282,23,3,1,25.06864,121.5107,20
500103004,20231110,1283,23,2,1,25.06864,121.5107,21
500103004,20231110,1284,23,1,1,25.06864,121.5107,22
500103004,20231110,1285,23,1,1,25.06864,121.5107,22
500103004,20231110,1286,23,0,1,25.06864,121.5107,23
500103004,20231110,1287,23,0,1,25.06864,121.5107,23
500103004,20231110,1288,23,0,1,25.06864,121.5107,23
500103004,20231110,1289,23,0,1,25.06864,121.5107,23
500103004,20231110,1290,23,0,1,25.06864,121.5107,23
500103004,20231110,1291,23,0,1,25.06864,121.5107,23
500103004,20231110,1292,23,0,1,25.06864,121.5107,23
500103004,20231110,1293,23,0,1,25.06864,121.5107,23
500103004,20231110,1294,23,1,1,25.06864,121.5107,22
500103004,20231110,1295,23,1,1,25.06864,121.5107,22
500103004,20231110,1296,23,1,1,25.06864,121.5107,22
500103004,20231110,1297,23,1,1,25.06864,121.5107,22
500103004,20231110,1298,23,1,1,25.06864,121.5107,22
500103004,20231110,1299,23,1,1,25.06864,121.5107,22
500103004,20231110,1300,23,0,1,25.06864,121.5107,23
500103004,20231110,1301,23,2,1,25.06864,121.5107,21
500103004,20231110,1302,23,2,1,25.06864,121.5107,21
500103004,20231110,1303,23,2,1,25.06864,121.5107,21
500103004,20231110,1304,23,2,1,25.06864,121.5107,21
500103004,20231110,1305,23,2,1,25.06864,121.5107,21
500103004,20231110,1306,23,3,1,25.06864,121.5107,20
500103004,20231110,1307,23,5,1,25.06864,121.5107,18
500103004,20231110,1308,23,5,1,25.06864,121.5107,18
500103004,20231110,1309,23,5,1,25.06864,121.5107,18
500103004,20231110,1310,23,5,1,25.06864,121.5107,18
500103004,20231110,1311,23,4,1,25.06864,121.5107,19
500103004,20231110,1312,23,2,1,25.06864,121.5107,21
500103004,20231110,1313,23,5,1,25.06864,121.5107,18
500103004,20231110,1314,23,5,1,25.06864,121.5107,18
500103004,20231110,1315,23,5,1,25.06864,121.5107,18
500103004,20231110,1316,23,5,1,25.06864,121.5107,18
500103004,20231110,1317,23,4,1,25.06864,121.5107,19
500103004,20231110,1318,23,4,1,25.06864,121.5107,19
500103004,20231110,1319,23,4,1,25.06864,121.5107,19
500103004,20231110,1321,23,4,1,25.06864,121.5107,19
500103004,20231110,1322,23,5,1,25.06864,121.5107,18
500103004,20231110,1323,23,5,1,25.06864,121.5107,18
500103004,20231110,1324,23,5,1,25.06864,121.5107,18
500103004,20231110,1325,23,5,1,25.06864,121.5107,18
500103004,20231110,1326,23,5,1,25.06864,121.5107,18
500103004,20231110,1327,23,5,1,25.06864,121.5107,18
500103004,20231110,1328,23,5,1,25.06864,121.5107,18
500103004,20231110,1329,23,5,1,25.06864,121.5107,18
500103004,20231110,1330,23,5,1,25.06864,121.5107,18
500103004,20231110,1331,23,5,1,25.06864,121.5107,18
500103004,20231110,1332,23,5,1,25.06864,121.5107,18
500103004,20231110,1333,23,5,1,25.06864,121.5107,18
500103004,20231110,1334,23,5,1,25.06864,121.5107,18
500103004,20231110,1335,23,5,1,25.06864,121.5107,18
500103004,20231110,1336,23,5,1,25.06864,121.5107,18
500103004,20231110,1337,23,5,1,25.06864,121.5107,18
500103004,20231110,1338,23,5,1,25.06864,121.5107,18
500103004,20231110,1339,23,3,1,25.06864,121.5107,20
500103004,20231110,1341,23,4,1,25.06864,121.5107,19
500103004,20231110,1342,23,5,1,25.06864,121.5107,18
500103004,20231110,1343,23,5,1,25.06864,121.5107,18
500103004,20231110,1344,23,4,1,25.06864,121.5107,19
500103004,20231110,1345,23,4,1,25.06864,121.5107,19
500103004,20231110,1346,23,4,1,25.06864,121.5107,19
500103004,20231110,1347,23,4,1,25.06864,121.5107,19
500103004,20231110,1348,23,4,1,25.06864,121.5107,19
500103004,20231110,1349,23,4,1,25.06864,121.5107,19
500103004,20231110,1350,23,4,1,25.06864,121.5107,19
500103004,20231110,1351,23,4,1,25.06864,121.5107,19
500103004,20231110,1352,23,3,1,25.06864,121.5107,20
500103004,20231110,1353,23,1,1,25.06864,121.5107,22
500103004,20231110,1354,23,1,1,25.06864,121.5107,22
500103004,20231110,1355,23,1,1,25.06864,121.5107,22
500103004,20231110,1356,23,1,1,25.06864,121.5107,22
500103004,20231110,1357,23,1,1,25.06864,121.5107,22
500103004,20231110,1358,23,1,1,25.06864,121.5107,22
500103004,20231110,1359,23,0,1,25.06864,121.5107,23
500103004,20231110,1360,23,0,1,25.06864,121.5107,23
500103004,20231110,1361,23,0,1,25.06864,121.5107,23
500103004,20231110,1362,23,0,1,25.06864,121.5107,23
500103004,20231110,1363,23,0,1,25.06864,121.5107,23
500103004,20231110,1364,23,0,1,25.06864,121.5107,23
500103004,20231110,1365,23,0,1,25.06864,121.5107,23
500103004,20231110,1366,23,0,1,25.06864,121.5107,23
500103004,20231110,1367,23,0,1,25.06864,121.5107,23
500103004,20231110,1368,23,0,1,25.06864,121.5107,23
500103004,20231110,1369,23,0,1,25.06864,121.5107,23
500103004,20231110,1370,23,0,1,25.06864,121.5107,23
500103004,20231110,1371,23,0,1,25.06864,121.5107,23
500103004,20231110,1372,23,0,1,25.06864,121.5107,23
500103004,20231110,1373,23,0,1,25.06864,121.5107,23
500103004,20231110,1374,23,0,1,25.06864,121.5107,23
500103004,20231110,1375,23,0,1,25.06864,121.5107,23
500103004,20231110,1376,23,0,1,25.06864,121.5107,23
500103004,20231110,1377,23,0,1,25.06864,121.5107,23
500103004,20231110,1378,23,0,1,25.06864,121.5107,23
500103004,20231110,1379,23,0,1,25.06864,121.5107,23
500103004,20231110,1381,23,0,1,25.06864,121.5107,23
500103004,20231110,1382,23,0,1,25.06864,121.5107,23
500103004,20231110,1383,23,0,1,25.06864,121.5107,23
500103004,20231110,1384,23,0,1,25.06864,121.5107,23
500103004,20231110,1385,23,0,1,25.06864,121.5107,23
500103004,20231110,1386,23,0,1,25.06864,121.5107,23
500103004,20231110,1387,23,0,1,25.06864,121.5107,23
500103004,20231110,1388,23,0,1,25.06864,121.5107,23
500103004,20231110,1389,23,0,1,25.06864,121.5107,23
500103004,20231110,1390,23,0,1,25.06864,121.5107,23
500103004,20231110,1391,23,0,1,25.06864,121.5107,23
500103004,20231110,1392,23,0,1,25.06864,121.5107,23
500103004,20231110,1393,23,0,1,25.06864,121.5107,23
500103004,20231110,1394,23,1,1,25.06864,121.5107,22
500103004,20231110,1395,23,0,1,25.06864,121.5107,23
500103004,20231110,1396,23,0,1,25.06864,121.5107,23
500103004,20231110,1397,23,0,1,25.06864,121.5107,23
500103004,20231110,1398,23,0,1,25.06864,121.5107,23
500103004,20231110,1399,23,1,1,25.06864,121.5107,22
500103004,20231110,1401,23,1,1,25.06864,121.5107,22
500103004,20231110,1402,23,1,1,25.06864,121.5107,22
500103004,20231110,1403,23,1,1,25.06864,121.5107,22
500103004,20231110,1404,23,1,1,25.06864,121.5107,22
500103004,20231110,1405,23,1,1,25.06864,121.5107,22
500103004,20231110,1406,23,1,1,25.06864,121.5107,22
500103004,20231110,1407,23,0,1,25.06864,121.5107,23
500103004,20231110,1408,23,0,1,25.06864,121.5107,23
500103004,20231110,1409,23,0,1,25.06864,121.5107,23
500103004,20231110,1410,23,0,1,25.06864,121.5107,23
500103004,20231110,1411,23,0,1,25.06864,121.5107,23
500103004,20231110,1412,23,0,1,25.06864,121.5107,23
500103004,20231110,1413,23,0,1,25.06864,121.5107,23
500103004,20231110,1414,23,0,1,25.06864,121.5107,23
500103004,20231110,1415,23,0,1,25.06864,121.5107,23
500103004,20231110,1416,23,0,1,25.06864,121.5107,23
500103004,20231110,1417,23,0,1,25.06864,121.5107,23
500103004,20231110,1418,23,0,1,25.06864,121.5107,23
500103004,20231110,1419,23,0,1,25.06864,121.5107,23
500103004,20231110,1420,23,0,1,25.06864,121.5107,23
500103004,20231110,1421,23,0,1,25.06864,121.5107,23
500103004,20231110,1422,23,0,1,25.06864,121.5107,23
500103004,20231110,1423,23,0,1,25.06864,121.5107,23
500103004,20231110,1424,23,0,1,25.06864,121.5107,23
500103004,20231110,1425,23,0,1,25.06864,121.5107,23
500103004,20231110,1426,23,0,1,25.06864,121.5107,23
500103004,20231110,1427,23,0,1,25.06864,121.5107,23
500103004,20231110,1428,23,0,1,25.06864,121.5107,23
500103004,20231110,1429,23,0,1,25.06864,121.5107,23
500103004,20231110,1430,23,0,1,25.06864,121.5107,23
500103004,20231110,1431,23,0,1,25.06864,121.5107,23
500103004,20231110,1432,23,0,1,25.06864,121.5107,23
500103004,20231110,1433,23,0,1,25.06864,121.5107,23
500103004,20231110,1434,23,0,1,25.06864,121.5107,23
500103004,20231110,1435,23,0,1,25.06864,121.5107,23
500103004,20231110,1436,23,0,1,25.06864,121.5107,23
500103004,20231110,1437,23,0,1,25.06864,121.5107,23
500103004,20231110,1438,23,0,1,25.06864,121.5107,23
500103004,20231110,1439,23,0,1,25.06864,121.5107,23
500103004,20231111,1,23,0,1,25.06864,121.5107,23
500103004,20231111,2,23,0,1,25.06864,121.5107,23
500103004,20231111,3,23,0,1,25.06864,121.5107,23
500103004,20231111,4,23,0,1,25.06864,121.5107,23
500103004,20231111,5,23,0,1,25.06864,121.5107,23
500103004,20231111,6,23,0,1,25.06864,121.5107,23
500103004,20231111,7,23,0,1,25.06864,121.5107,23
500103004,20231111,8,23,0,1,25.06864,121.5107,23
500103004,20231111,9,23,0,1,25.06864,121.5107,23
500103004,20231111,10,23,0,1,25.06864,121.5107,23
500103004,20231111,11,23,0,1,25.06864,121.5107,23
500103004,20231111,12,23,0,1,25.06864,121.5107,23
500103004,20231111,13,23,0,1,25.06864,121.5107,23
500103004,20231111,14,23,0,1,25.06864,121.5107,23
500103004,20231111,15,23,0,1,25.06864,121.5107,23
500103004,20231111,16,23,0,1,25.06864,121.5107,23
500103004,20231111,17,23,0,1,25.06864,121.5107,23
500103004,20231111,18,23,0,1,25.06864,121.5107,23
500103004,20231111,19,23,0,1,25.06864,121.5107,23
500103004,20231111,21,23,0,1,25.06864,121.5107,23
500103004,20231111,22,23,0,1,25.06864,121.5107,23
500103004,20231111,23,23,0,1,25.06864,121.5107,23
500103004,20231111,24,23,0,1,25.06864,121.5107,23
500103004,20231111,25,23,0,1,25.06864,121.5107,23
500103004,20231111,26,23,0,1,25.06864,121.5107,23
500103004,20231111,27,23,0,1,25.06864,121.5107,23
500103004,20231111,28,23,0,1,25.06864,121.5107,23
500103004,20231111,29,23,0,1,25.06864,121.5107,23
500103004,20231111,30,23,0,1,25.06864,121.5107,23
500103004,20231111,31,23,0,1,25.06864,121.5107,23
500103004,20231111,32,23,0,1,25.06864,121.5107,23
500103004,20231111,33,23,0,1,25.06864,121.5107,23
500103004,20231111,34,23,0,1,25.06864,121.5107,23
500103004,20231111,35,23,0,1,25.06864,121.5107,23
500103004,20231111,36,23,0,1,25.06864,121.5107,23
500103004,20231111,37,23,0,1,25.06864,121.5107,23
500103004,20231111,38,23,2,1,25.06864,121.5107,21
500103004,20231111,39,23,2,1,25.06864,121.5107,21
500103004,20231111,40,23,2,1,25.06864,121.5107,21
500103004,20231111,41,23,2,1,25.06864,121.5107,21
500103004,20231111,42,23,2,1,25.06864,121.5107,21
500103004,20231111,43,23,2,1,25.06864,121.5107,21
500103004,20231111,44,23,2,1,25.06864,121.5107,21
500103004,20231111,45,23,2,1,25.06864,121.5107,21
500103004,20231111,47,23,2,1,25.06864,121.5107,21
500103004,20231111,48,23,2,1,25.06864,121.5107,21
500103004,20231111,49,23,2,1,25.06864,121.5107,21
500103004,20231111,50,23,2,1,25.06864,121.5107,21
500103004,20231111,51,23,2,1,25.06864,121.5107,21
500103004,20231111,52,23,2,1,25.06864,121.5107,21
500103004,20231111,53,23,2,1,25.06864,121.5107,21
500103004,20231111,54,23,2,1,25.06864,121.5107,21
500103004,20231111,55,23,2,1,25.06864,121.5107,21
500103004,20231111,56,23,2,1,25.06864,121.5107,21
500103004,20231111,57,23,1,1,25.06864,121.5107,22
500103004,20231111,58,23,1,1,25.06864,121.5107,22
500103004,20231111,59,23,1,1,25.06864,121.5107,22
500103004,20231111,61,23,1,1,25.06864,121.5107,22
500103004,20231111,62,23,1,1,25.06864,121.5107,22
500103004,20231111,63,23,0,1,25.06864,121.5107,23
500103004,20231111,64,23,0,1,25.06864,121.5107,23
500103004,20231111,65,23,0,1,25.06864,121.5107,23
500103004,20231111,66,23,0,1,25.06864,121.5107,23
500103004,20231111,67,23,0,1,25.06864,121.5107,23
500103004,20231111,68,23,0,1,25.06864,121.5107,23
500103004,20231111,69,23,0,1,25.06864,121.5107,23
500103004,20231111,70,23,0,1,25.06864,121.5107,23
500103004,20231111,71,23,0,1,25.06864,121.5107,23
500103004,20231111,72,23,0,1,25.06864,121.5107,23
500103004,20231111,73,23,0,1,25.06864,121.5107,23
500103004,20231111,74,23,0,1,25.06864,121.5107,23
500103004,20231111,75,23,0,1,25.06864,121.5107,23
500103004,20231111,76,23,0,1,25.06864,121.5107,23
500103004,20231111,77,23,0,1,25.06864,121.5107,23
500103004,20231111,78,23,0,1,25.06864,121.5107,23
500103004,20231111,79,23,0,1,25.06864,121.5107,23
500103004,20231111,81,23,0,1,25.06864,121.5107,23
500103004,20231111,82,23,0,1,25.06864,121.5107,23
500103004,20231111,83,23,0,1,25.06864,121.5107,23
500103004,20231111,84,23,0,1,25.06864,121.5107,23
500103004,20231111,85,23,0,1,25.06864,121.5107,23
500103004,20231111,86,23,0,1,25.06864,121.5107,23
500103004,20231111,87,23,0,1,25.06864,121.5107,23
500103004,20231111,88,23,0,1,25.06864,121.5107,23
500103004,20231111,89,23,0,1,25.06864,121.5107,23
500103004,20231111,90,23,1,1,25.06864,121.5107,22
500103004,20231111,91,23,1,1,25.06864,121.5107,22
500103004,20231111,92,23,1,1,25.06864,121.5107,22
500103004,20231111,93,23,1,1,25.06864,121.5107,22
500103004,20231111,94,23,1,1,25.06864,121.5107,22
500103004,20231111,95,23,1,1,25.06864,121.5107,22
500103004,20231111,96,23,1,1,25.06864,121.5107,22
500103004,20231111,97,23,1,1,25.06864,121.5107,22
500103004,20231111,98,23,1,1,25.06864,121.5107,22
500103004,20231111,99,23,1,1,25.06864,121.5107,22
500103004,20231111,100,23,1,1,25.06864,121.5107,22
500103004,20231111,101,23,0,1,25.06864,121.5107,23
500103004,20231111,102,23,0,1,25.06864,121.5107,23
500103004,20231111,103,23,0,1,25.06864,121.5107,23
500103004,20231111,104,23,1,1,25.06864,121.5107,22
500103004,20231111,105,23,1,1,25.06864,121.5107,22
500103004,20231111,106,23,1,1,25.06864,121.5107,22
500103004,20231111,107,23,1,1,25.06864,121.5107,22
500103004,20231111,108,23,1,1,25.06864,121.5107,22
500103004,20231111,109,23,1,1,25.06864,121.5107,22
500103004,20231111,110,23,1,1,25.06864,121.5107,22
500103004,20231111,111,23,1,1,25.06864,121.5107,22
500103004,20231111,112,23,1,1,25.06864,121.5107,22
500103004,20231111,113,23,1,1,25.06864,121.5107,22
500103004,20231111,114,23,1,1,25.06864,121.5107,22
500103004,20231111,115,23,1,1,25.06864,121.5107,22
500103004,20231111,116,23,1,1,25.06864,121.5107,22
500103004,20231111,117,23,1,1,25.06864,121.5107,22
500103004,20231111,118,23,1,1,25.06864,121.5107,22
500103004,20231111,119,23,1,1,25.06864,121.5107,22
500103004,20231111,121,23,1,1,25.06864,121.5107,22
500103004,20231111,122,23,1,1,25.06864,121.5107,22
500103004,20231111,123,23,1,1,25.06864,121.5107,22
500103004,20231111,124,23,1,1,25.06864,121.5107,22
500103004,20231111,125,23,1,1,25.06864,121.5107,22
500103004,20231111,126,23,1,1,25.06864,121.5107,22
500103004,20231111,127,23,0,1,25.06864,121.5107,23
500103004,20231111,128,23,0,1,25.06864,121.5107,23
500103004,20231111,129,23,0,1,25.06864,121.5107,23
500103004,20231111,130,23,0,1,25.06864,121.5107,23
500103004,20231111,131,23,0,1,25.06864,121.5107,23
500103004,20231111,132,23,0,1,25.06864,121.5107,23
500103004,20231111,133,23,0,1,25.06864,121.5107,23
500103004,20231111,134,23,0,1,25.06864,121.5107,23
500103004,20231111,135,23,0,1,25.06864,121.5107,23
500103004,20231111,136,23,0,1,25.06864,121.5107,23
500103004,20231111,137,23,0,1,25.06864,121.5107,23
500103004,20231111,138,23,0,1,25.06864,121.5107,23
500103004,20231111,139,23,0,1,25.06864,121.5107,23
500103004,20231111,141,23,0,1,25.06864,121.5107,23
500103004,20231111,142,23,0,1,25.06864,121.5107,23
500103004,20231111,143,23,0,1,25.06864,121.5107,23
500103004,20231111,144,23,0,1,25.06864,121.5107,23
500103004,20231111,145,23,0,1,25.06864,121.5107,23
500103004,20231111,146,23,0,1,25.06864,121.5107,23
500103004,20231111,147,23,0,1,25.06864,121.5107,23
500103004,20231111,148,23,0,1,25.06864,121.5107,23
500103004,20231111,149,23,0,1,25.06864,121.5107,23
500103004,20231111,150,23,0,1,25.06864,121.5107,23
500103004,20231111,151,23,0,1,25.06864,121.5107,23
500103004,20231111,152,23,0,1,25.06864,121.5107,23
500103004,20231111,153,23,0,1,25.06864,121.5107,23
500103004,20231111,154,23,0,1,25.06864,121.5107,23
500103004,20231111,155,23,0,1,25.06864,121.5107,23
500103004,20231111,156,23,0,1,25.06864,121.5107,23
500103004,20231111,157,23,0,1,25.06864,121.5107,23
500103004,20231111,158,23,0,1,25.06864,121.5107,23
500103004,20231111,159,23,0,1,25.06864,121.5107,23
500103004,20231111,160,23,0,1,25.06864,121.5107,23
500103004,20231111,161,23,0,1,25.06864,121.5107,23
500103004,20231111,162,23,0,1,25.06864,121.5107,23
500103004,20231111,163,23,0,1,25.06864,121.5107,23
500103004,20231111,164,23,0,1,25.06864,121.5107,23
500103004,20231111,165,23,0,1,25.06864,121.5107,23
500103004,20231111,166,23,0,1,25.06864,121.5107,23
500103004,20231111,167,23,0,1,25.06864,121.5107,23
500103004,20231111,168,23,0,1,25.06864,121.5107,23
500103004,20231111,169,23,0,1,25.06864,121.5107,23
500103004,20231111,170,23,0,1,25.06864,121.5107,23
500103004,20231111,171,23,0,1,25.06864,121.5107,23
500103004,20231111,172,23,0,1,25.06864,121.5107,23
500103004,20231111,173,23,0,1,25.06864,121.5107,23
500103004,20231111,174,23,0,1,25.06864,121.5107,23
500103004,20231111,175,23,0,1,25.06864,121.5107,23
500103004,20231111,176,23,0,1,25.06864,121.5107,23
500103004,20231111,177,23,0,1,25.06864,121.5107,23
500103004,20231111,178,23,0,1,25.06864,121.5107,23
500103004,20231111,179,23,0,1,25.06864,121.5107,23
500103004,20231111,180,23,0,1,25.06864,121.5107,23
500103004,20231111,181,23,0,1,25.06864,121.5107,23
500103004,20231111,182,23,0,1,25.06864,121.5107,23
500103004,20231111,183,23,0,1,25.06864,121.5107,23
500103004,20231111,184,23,0,1,25.06864,121.5107,23
500103004,20231111,185,23,0,1,25.06864,121.5107,23
500103004,20231111,186,23,0,1,25.06864,121.5107,23
500103004,20231111,187,23,0,1,25.06864,121.5107,23
500103004,20231111,188,23,0,1,25.06864,121.5107,23
500103004,20231111,189,23,0,1,25.06864,121.5107,23
500103004,20231111,190,23,0,1,25.06864,121.5107,23
500103004,20231111,191,23,0,1,25.06864,121.5107,23
500103004,20231111,192,23,0,1,25.06864,121.5107,23
500103004,20231111,193,23,0,1,25.06864,121.5107,23
500103004,20231111,194,23,0,1,25.06864,121.5107,23
500103004,20231111,195,23,0,1,25.06864,121.5107,23
500103004,20231111,196,23,0,1,25.06864,121.5107,23
500103004,20231111,197,23,0,1,25.06864,121.5107,23
500103004,20231111,198,23,0,1,25.06864,121.5107,23
500103004,20231111,199,23,0,1,25.06864,121.5107,23
500103004,20231111,201,23,0,1,25.06864,121.5107,23
500103004,20231111,202,23,0,1,25.06864,121.5107,23
500103004,20231111,203,23,0,1,25.06864,121.5107,23
500103004,20231111,204,23,0,1,25.06864,121.5107,23
500103004,20231111,205,23,0,1,25.06864,121.5107,23
500103004,20231111,206,23,0,1,25.06864,121.5107,23
500103004,20231111,207,23,0,1,25.06864,121.5107,23
500103004,20231111,208,23,0,1,25.06864,121.5107,23
500103004,20231111,209,23,0,1,25.06864,121.5107,23
500103004,20231111,210,23,0,1,25.06864,121.5107,23
500103004,20231111,211,23,0,1,25.06864,121.5107,23
500103004,20231111,212,23,0,1,25.06864,121.5107,23
500103004,20231111,213,23,0,1,25.06864,121.5107,23
500103004,20231111,214,23,0,1,25.06864,121.5107,23
500103004,20231111,215,23,0,1,25.06864,121.5107,23
500103004,20231111,216,23,0,1,25.06864,121.5107,23
500103004,20231111,217,23,0,1,25.06864,121.5107,23
500103004,20231111,218,23,0,1,25.06864,121.5107,23
500103004,20231111,219,23,1,1,25.06864,121.5107,22
500103004,20231111,220,23,1,1,25.06864,121.5107,22
500103004,20231111,221,23,1,1,25.06864,121.5107,22
500103004,20231111,222,23,1,1,25.06864,121.5107,22
500103004,20231111,223,23,1,1,25.06864,121.5107,22
500103004,20231111,224,23,1,1,25.06864,121.5107,22
500103004,20231111,225,23,0,1,25.06864,121.5107,23
500103004,20231111,226,23,0,1,25.06864,121.5107,23
500103004,20231111,227,23,0,1,25.06864,121.5107,23
500103004,20231111,228,23,0,1,25.06864,121.5107,23
500103004,20231111,229,23,0,1,25.06864,121.5107,23
500103004,20231111,230,23,0,1,25.06864,121.5107,23
500103004,20231111,231,23,0,1,25.06864,121.5107,23
500103004,20231111,232,23,0,1,25.06864,121.5107,23
500103004,20231111,233,23,0,1,25.06864,121.5107,23
500103004,20231111,234,23,0,1,25.06864,121.5107,23
500103004,20231111,235,23,0,1,25.06864,121.5107,23
500103004,20231111,236,23,0,1,25.06864,121.5107,23
500103004,20231111,237,23,0,1,25.06864,121.5107,23
500103004,20231111,238,23,0,1,25.06864,121.5107,23
500103004,20231111,239,23,0,1,25.06864,121.5107,23
500103004,20231111,241,23,1,1,25.06864,121.5107,22
500103004,20231111,242,23,1,1,25.06864,121.5107,22
500103004,20231111,243,23,1,1,25.06864,121.5107,22
500103004,20231111,244,23,1,1,25.06864,121.5107,22
500103004,20231111,245,23,1,1,25.06864,121.5107,22
500103004,20231111,246,23,1,1,25.06864,121.5107,22
500103004,20231111,247,23,1,1,25.06864,121.5107,22
500103004,20231111,248,23,1,1,25.06864,121.5107,22
500103004,20231111,249,23,1,1,25.06864,121.5107,22
500103004,20231111,250,23,1,1,25.06864,121.5107,22
500103004,20231111,251,23,1,1,25.06864,121.5107,22
500103004,20231111,252,23,1,1,25.06864,121.5107,22
500103004,20231111,253,23,1,1,25.06864,121.5107,22
500103004,20231111,254,23,1,1,25.06864,121.5107,22
500103004,20231111,255,23,1,1,25.06864,121.5107,22
500103004,20231111,256,23,1,1,25.06864,121.5107,22
500103004,20231111,257,23,1,1,25.06864,121.5107,22
500103004,20231111,258,23,1,1,25.06864,121.5107,22
500103004,20231111,259,23,1,1,25.06864,121.5107,22
500103004,20231111,261,23,1,1,25.06864,121.5107,22
500103004,20231111,262,23,1,1,25.06864,121.5107,22
500103004,20231111,263,23,1,1,25.06864,121.5107,22
500103004,20231111,264,23,1,1,25.06864,121.5107,22
500103004,20231111,265,23,1,1,25.06864,121.5107,22
500103004,20231111,266,23,1,1,25.06864,121.5107,22
500103004,20231111,267,23,1,1,25.06864,121.5107,22
500103004,20231111,268,23,1,1,25.06864,121.5107,22
500103004,20231111,269,23,1,1,25.06864,121.5107,22
500103004,20231111,270,23,1,1,25.06864,121.5107,22
500103004,20231111,271,23,1,1,25.06864,121.5107,22
500103004,20231111,272,23,1,1,25.06864,121.5107,22
500103004,20231111,273,23,0,1,25.06864,121.5107,23
500103004,20231111,274,23,0,1,25.06864,121.5107,23
500103004,20231111,275,23,0,1,25.06864,121.5107,23
500103004,20231111,276,23,0,1,25.06864,121.5107,23
500103004,20231111,277,23,0,1,25.06864,121.5107,23
500103004,20231111,278,23,0,1,25.06864,121.5107,23
500103004,20231111,279,23,0,1,25.06864,121.5107,23
500103004,20231111,280,23,0,1,25.06864,121.5107,23
500103004,20231111,281,23,0,1,25.06864,121.5107,23
500103004,20231111,282,23,0,1,25.06864,121.5107,23
500103004,20231111,283,23,0,1,25.06864,121.5107,23
500103004,20231111,284,23,0,1,25.06864,121.5107,23
500103004,20231111,285,23,0,1,25.06864,121.5107,23
500103004,20231111,286,23,0,1,25.06864,121.5107,23
500103004,20231111,287,23,0,1,25.06864,121.5107,23
500103004,20231111,288,23,0,1,25.06864,121.5107,23
500103004,20231111,289,23,0,1,25.06864,121.5107,23
500103004,20231111,290,23,0,1,25.06864,121.5107,23
500103004,20231111,291,23,0,1,25.06864,121.5107,23
500103004,20231111,292,23,0,1,25.06864,121.5107,23
500103004,20231111,293,23,0,1,25.06864,121.5107,23
500103004,20231111,294,23,0,1,25.06864,121.5107,23
500103004,20231111,295,23,0,1,25.06864,121.5107,23
500103004,20231111,296,23,0,1,25.06864,121.5107,23
500103004,20231111,297,23,0,1,25.06864,121.5107,23
500103004,20231111,298,23,0,1,25.06864,121.5107,23
500103004,20231111,299,23,0,1,25.06864,121.5107,23
500103004,20231111,301,23,0,1,25.06864,121.5107,23
500103004,20231111,302,23,0,1,25.06864,121.5107,23
500103004,20231111,303,23,0,1,25.06864,121.5107,23
500103004,20231111,304,23,0,1,25.06864,121.5107,23
500103004,20231111,305,23,0,1,25.06864,121.5107,23
500103004,20231111,306,23,0,1,25.06864,121.5107,23
500103004,20231111,307,23,0,1,25.06864,121.5107,23
500103004,20231111,308,23,0,1,25.06864,121.5107,23
500103004,20231111,309,23,0,1,25.06864,121.5107,23
500103004,20231111,310,23,0,1,25.06864,121.5107,23
500103004,20231111,311,23,0,1,25.06864,121.5107,23
500103004,20231111,312,23,0,1,25.06864,121.5107,23
500103004,20231111,313,23,0,1,25.06864,121.5107,23
500103004,20231111,314,23,0,1,25.06864,121.5107,23
500103004,20231111,315,23,0,1,25.06864,121.5107,23
500103004,20231111,316,23,1,1,25.06864,121.5107,22
500103004,20231111,317,23,1,1,25.06864,121.5107,22
500103004,20231111,318,23,1,1,25.06864,121.5107,22
500103004,20231111,319,23,1,1,25.06864,121.5107,22
500103004,20231111,321,23,1,1,25.06864,121.5107,22
500103004,20231111,322,23,1,1,25.06864,121.5107,22
500103004,20231111,323,23,1,1,25.06864,121.5107,22
500103004,20231111,324,23,1,1,25.06864,121.5107,22
500103004,20231111,325,23,1,1,25.06864,121.5107,22
500103004,20231111,326,23,1,1,25.06864,121.5107,22
500103004,20231111,327,23,1,1,25.06864,121.5107,22
500103004,20231111,328,23,1,1,25.06864,121.5107,22
500103004,20231111,329,23,1,1,25.06864,121.5107,22
500103004,20231111,330,23,1,1,25.06864,121.5107,22
500103004,20231111,331,23,1,1,25.06864,121.5107,22
500103004,20231111,332,23,1,1,25.06864,121.5107,22
500103004,20231111,333,23,1,1,25.06864,121.5107,22
500103004,20231111,334,23,1,1,25.06864,121.5107,22
500103004,20231111,335,23,1,1,25.06864,121.5107,22
500103004,20231111,336,23,1,1,25.06864,121.5107,22
500103004,20231111,337,23,1,1,25.06864,121.5107,22
500103004,20231111,338,23,1,1,25.06864,121.5107,22
500103004,20231111,339,23,1,1,25.06864,121.5107,22
500103004,20231111,340,23,1,1,25.06864,121.5107,22
500103004,20231111,341,23,1,1,25.06864,121.5107,22
500103004,20231111,342,23,1,1,25.06864,121.5107,22
500103004,20231111,343,23,1,1,25.06864,121.5107,22
500103004,20231111,344,23,1,1,25.06864,121.5107,22
500103004,20231111,345,23,1,1,25.06864,121.5107,22
500103004,20231111,346,23,1,1,25.06864,121.5107,22
500103004,20231111,347,23,0,1,25.06864,121.5107,23
500103004,20231111,348,23,0,1,25.06864,121.5107,23
500103004,20231111,349,23,0,1,25.06864,121.5107,23
500103004,20231111,350,23,0,1,25.06864,121.5107,23
500103004,20231111,351,23,0,1,25.06864,121.5107,23
500103004,20231111,352,23,0,1,25.06864,121.5107,23
500103004,20231111,353,23,1,1,25.06864,121.5107,22
500103004,20231111,354,23,1,1,25.06864,121.5107,22
500103004,20231111,355,23,1,1,25.06864,121.5107,22
500103004,20231111,356,23,1,1,25.06864,121.5107,22
500103004,20231111,357,23,1,1,25.06864,121.5107,22
500103004,20231111,358,23,1,1,25.06864,121.5107,22
500103004,20231111,359,23,1,1,25.06864,121.5107,22
500103004,20231111,360,23,1,1,25.06864,121.5107,22
500103004,20231111,361,23,1,1,25.06864,121.5107,22
500103004,20231111,362,23,1,1,25.06864,121.5107,22
500103004,20231111,363,23,0,1,25.06864,121.5107,23
500103004,20231111,364,23,0,1,25.06864,121.5107,23
500103004,20231111,365,23,0,1,25.06864,121.5107,23
500103004,20231111,366,23,0,1,25.06864,121.5107,23
500103004,20231111,367,23,0,1,25.06864,121.5107,23
500103004,20231111,368,23,0,1,25.06864,121.5107,23
500103004,20231111,369,23,0,1,25.06864,121.5107,23
500103004,20231111,370,23,0,1,25.06864,121.5107,23
500103004,20231111,371,23,0,1,25.06864,121.5107,23
500103004,20231111,372,23,0,1,25.06864,121.5107,23
500103004,20231111,373,23,0,1,25.06864,121.5107,23
500103004,20231111,374,23,0,1,25.06864,121.5107,23
500103004,20231111,375,23,0,1,25.06864,121.5107,23
500103004,20231111,376,23,0,1,25.06864,121.5107,23
500103004,20231111,377,23,0,1,25.06864,121.5107,23
500103004,20231111,378,23,0,1,25.06864,121.5107,23
500103004,20231111,379,23,0,1,25.06864,121.5107,23
500103004,20231111,381,23,0,1,25.06864,121.5107,23
500103004,20231111,382,23,0,1,25.06864,121.5107,23
500103004,20231111,383,23,1,1,25.06864,121.5107,22
500103004,20231111,384,23,1,1,25.06864,121.5107,22
500103004,20231111,385,23,1,1,25.06864,121.5107,22
500103004,20231111,386,23,1,1,25.06864,121.5107,22
500103004,20231111,387,23,1,1,25.06864,121.5107,22
500103004,20231111,388,23,1,1,25.06864,121.5107,22
500103004,20231111,389,23,1,1,25.06864,121.5107,22
500103004,20231111,390,23,1,1,25.06864,121.5107,22
500103004,20231111,391,23,1,1,25.06864,121.5107,22
500103004,20231111,392,23,1,1,25.06864,121.5107,22
500103004,20231111,393,23,1,1,25.06864,121.5107,22
500103004,20231111,394,23,1,1,25.06864,121.5107,22
500103004,20231111,395,23,1,1,25.06864,121.5107,22
500103004,20231111,396,23,1,1,25.06864,121.5107,22
500103004,20231111,397,23,1,1,25.06864,121.5107,22
500103004,20231111,398,23,1,1,25.06864,121.5107,22
500103004,20231111,399,23,2,1,25.06864,121.5107,21
500103004,20231111,400,23,2,1,25.06864,121.5107,21
500103004,20231111,401,23,2,1,25.06864,121.5107,21
500103004,20231111,402,23,2,1,25.06864,121.5107,21
500103004,20231111,403,23,2,1,25.06864,121.5107,21
500103004,20231111,404,23,3,1,25.06864,121.5107,20
500103004,20231111,405,23,3,1,25.06864,121.5107,20
500103004,20231111,406,23,3,1,25.06864,121.5107,20
500103004,20231111,407,23,3,1,25.06864,121.5107,20
500103004,20231111,408,23,3,1,25.06864,121.5107,20
500103004,20231111,409,23,3,1,25.06864,121.5107,20
500103004,20231111,410,23,3,1,25.06864,121.5107,20
500103004,20231111,411,23,3,1,25.06864,121.5107,20
500103004,20231111,412,23,3,1,25.06864,121.5107,20
500103004,20231111,413,23,3,1,25.06864,121.5107,20
500103004,20231111,414,23,3,1,25.06864,121.5107,20
500103004,20231111,415,23,3,1,25.06864,121.5107,20
500103004,20231111,416,23,3,1,25.06864,121.5107,20
500103004,20231111,417,23,3,1,25.06864,121.5107,20
500103004,20231111,418,23,3,1,25.06864,121.5107,20
500103004,20231111,419,23,3,1,25.06864,121.5107,20
500103004,20231111,421,23,3,1,25.06864,121.5107,20
500103004,20231111,422,23,3,1,25.06864,121.5107,20
500103004,20231111,423,23,4,1,25.06864,121.5107,19
500103004,20231111,424,23,4,1,25.06864,121.5107,19
500103004,20231111,425,23,4,1,25.06864,121.5107,19
500103004,20231111,426,23,4,1,25.06864,121.5107,19
500103004,20231111,427,23,4,1,25.06864,121.5107,19
500103004,20231111,428,23,4,1,25.06864,121.5107,19
500103004,20231111,429,23,4,1,25.06864,121.5107,19
500103004,20231111,430,23,6,1,25.06864,121.5107,17
500103004,20231111,431,23,6,1,25.06864,121.5107,17
500103004,20231111,432,23,7,1,25.06864,121.5107,16
500103004,20231111,433,23,7,1,25.06864,121.5107,16
500103004,20231111,434,23,7,1,25.06864,121.5107,16
500103004,20231111,435,23,7,1,25.06864,121.5107,16
500103004,20231111,436,23,7,1,25.06864,121.5107,16
500103004,20231111,437,23,7,1,25.06864,121.5107,16
500103004,20231111,438,23,7,1,25.06864,121.5107,16
500103004,20231111,439,23,7,1,25.06864,121.5107,16
500103004,20231111,441,23,7,1,25.06864,121.5107,16
500103004,20231111,442,23,7,1,25.06864,121.5107,16
500103004,20231111,443,23,7,1,25.06864,121.5107,16
500103004,20231111,444,23,7,1,25.06864,121.5107,16
500103004,20231111,445,23,7,1,25.06864,121.5107,16
500103004,20231111,446,23,7,1,25.06864,121.5107,16
500103004,20231111,447,23,7,1,25.06864,121.5107,16
500103004,20231111,448,23,7,1,25.06864,121.5107,16
500103004,20231111,449,23,7,1,25.06864,121.5107,16
500103004,20231111,451,23,7,1,25.06864,121.5107,16
500103004,20231111,452,23,7,1,25.06864,121.5107,16
500103004,20231111,453,23,7,1,25.06864,121.5107,16
500103004,20231111,454,23,7,1,25.06864,121.5107,16
500103004,20231111,455,23,7,1,25.06864,121.5107,16
500103004,20231111,456,23,7,1,25.06864,121.5107,16
500103004,20231111,457,23,7,1,25.06864,121.5107,16
500103004,20231111,458,23,6,1,25.06864,121.5107,17
500103004,20231111,459,23,6,1,25.06864,121.5107,17
500103004,20231111,460,23,7,1,25.06864,121.5107,16
500103004,20231111,461,23,7,1,25.06864,121.5107,16
500103004,20231111,462,23,7,1,25.06864,121.5107,16
500103004,20231111,463,23,7,1,25.06864,121.5107,16
500103004,20231111,464,23,8,1,25.06864,121.5107,15
500103004,20231111,465,23,8,1,25.06864,121.5107,15
500103004,20231111,466,23,8,1,25.06864,121.5107,15
500103004,20231111,467,23,8,1,25.06864,121.5107,15
500103004,20231111,468,23,8,1,25.06864,121.5107,15
500103004,20231111,469,23,8,1,25.06864,121.5107,15
500103004,20231111,470,23,8,1,25.06864,121.5107,15
500103004,20231111,471,23,8,1,25.06864,121.5107,15
500103004,20231111,472,23,8,1,25.06864,121.5107,15
500103004,20231111,473,23,8,1,25.06864,121.5107,15
500103004,20231111,474,23,8,1,25.06864,121.5107,15
500103004,20231111,475,23,8,1,25.06864,121.5107,15
500103004,20231111,476,23,8,1,25.06864,121.5107,15
500103004,20231111,477,23,8,1,25.06864,121.5107,15
500103004,20231111,478,23,8,1,25.06864,121.5107,15
500103004,20231111,479,23,8,1,25.06864,121.5107,15
500103004,20231111,481,23,8,1,25.06864,121.5107,15
500103004,20231111,482,23,7,1,25.06864,121.5107,16
500103004,20231111,483,23,7,1,25.06864,121.5107,16
500103004,20231111,484,23,7,1,25.06864,121.5107,16
500103004,20231111,485,23,7,1,25.06864,121.5107,16
500103004,20231111,486,23,8,1,25.06864,121.5107,15
500103004,20231111,487,23,8,1,25.06864,121.5107,15
500103004,20231111,488,23,8,1,25.06864,121.5107,15
500103004,20231111,489,23,9,1,25.06864,121.5107,14
500103004,20231111,490,23,8,1,25.06864,121.5107,15
500103004,20231111,491,23,8,1,25.06864,121.5107,15
500103004,20231111,492,23,8,1,25.06864,121.5107,15
500103004,20231111,493,23,8,1,25.06864,121.5107,15
500103004,20231111,494,23,8,1,25.06864,121.5107,15
500103004,20231111,495,23,8,1,25.06864,121.5107,15
500103004,20231111,496,23,7,1,25.06864,121.5107,16
500103004,20231111,497,23,7,1,25.06864,121.5107,16
500103004,20231111,498,23,7,1,25.06864,121.5107,16
500103004,20231111,499,23,7,1,25.06864,121.5107,16
500103004,20231111,501,23,7,1,25.06864,121.5107,16
500103004,20231111,502,23,8,1,25.06864,121.5107,15
500103004,20231111,503,23,8,1,25.06864,121.5107,15
500103004,20231111,504,23,9,1,25.06864,121.5107,14
500103004,20231111,505,23,9,1,25.06864,121.5107,14
500103004,20231111,506,23,9,1,25.06864,121.5107,14
500103004,20231111,507,23,9,1,25.06864,121.5107,14
500103004,20231111,508,23,9,1,25.06864,121.5107,14
500103004,20231111,509,23,9,1,25.06864,121.5107,14
500103004,20231111,511,23,10,1,25.06864,121.5107,13
500103004,20231111,512,23,9,1,25.06864,121.5107,14
500103004,20231111,513,23,9,1,25.06864,121.5107,14
500103004,20231111,514,23,9,1,25.06864,121.5107,14
500103004,20231111,515,23,9,1,25.06864,121.5107,14
500103004,20231111,516,23,8,1,25.06864,121.5107,15
500103004,20231111,517,23,8,1,25.06864,121.5107,15
500103004,20231111,518,23,8,1,25.06864,121.5107,15
500103004,20231111,519,23,8,1,25.06864,121.5107,15
500103004,20231111,520,23,5,1,25.06864,121.5107,18
500103004,20231111,521,23,5,1,25.06864,121.5107,18
500103004,20231111,522,23,5,1,25.06864,121.5107,18
500103004,20231111,523,23,4,1,25.06864,121.5107,19
500103004,20231111,524,23,4,1,25.06864,121.5107,19
500103004,20231111,525,23,4,1,25.06864,121.5107,19
500103004,20231111,526,23,4,1,25.06864,121.5107,19
500103004,20231111,527,23,3,1,25.06864,121.5107,20
500103004,20231111,529,23,4,1,25.06864,121.5107,19
500103004,20231111,530,23,4,1,25.06864,121.5107,19
500103004,20231111,532,23,4,1,25.06864,121.5107,19
500103004,20231111,533,23,4,1,25.06864,121.5107,19
500103004,20231111,534,23,4,1,25.06864,121.5107,19
500103004,20231111,535,23,4,1,25.06864,121.5107,19
500103004,20231111,536,23,5,1,25.06864,121.5107,18
500103004,20231111,537,23,6,1,25.06864,121.5107,17
500103004,20231111,538,23,6,1,25.06864,121.5107,17
500103004,20231111,539,23,6,1,25.06864,121.5107,17
500103004,20231111,542,23,7,1,25.06864,121.5107,16
500103004,20231111,543,23,7,1,25.06864,121.5107,16
500103004,20231111,544,23,7,1,25.06864,121.5107,16
500103004,20231111,545,23,7,1,25.06864,121.5107,16
500103004,20231111,546,23,7,1,25.06864,121.5107,16
500103004,20231111,547,23,7,1,25.06864,121.5107,16
500103004,20231111,548,23,11,1,25.06864,121.5107,12
500103004,20231111,549,23,11,1,25.06864,121.5107,12
500103004,20231111,550,23,12,1,25.06864,121.5107,11
500103004,20231111,551,23,12,1,25.06864,121.5107,11
500103004,20231111,552,23,12,1,25.06864,121.5107,11
500103004,20231111,553,23,12,1,25.06864,121.5107,11
500103004,20231111,555,23,13,1,25.06864,121.5107,10
500103004,20231111,556,23,14,1,25.06864,121.5107,9
500103004,20231111,557,23,14,1,25.06864,121.5107,9
500103004,20231111,558,23,14,1,25.06864,121.5107,9
500103004,20231111,559,23,14,1,25.06864,121.5107,9
500103004,20231111,561,23,15,1,25.06864,121.5107,8
500103004,20231111,562,23,14,1,25.06864,121.5107,9
500103004,20231111,563,23,14,1,25.06864,121.5107,9
500103004,20231111,564,23,14,1,25.06864,121.5107,9
500103004,20231111,565,23,15,1,25.06864,121.5107,8
500103004,20231111,566,23,15,1,25.06864,121.5107,8
500103004,20231111,567,23,15,1,25.06864,121.5107,8
500103004,20231111,568,23,13,1,25.06864,121.5107,10
500103004,20231111,569,23,13,1,25.06864,121.5107,10
500103004,20231111,571,23,13,1,25.06864,121.5107,10
500103004,20231111,572,23,13,1,25.06864,121.5107,10
500103004,20231111,573,23,13,1,25.06864,121.5107,10
500103004,20231111,574,23,15,1,25.06864,121.5107,8
500103004,20231111,575,23,15,1,25.06864,121.5107,8
500103004,20231111,576,23,15,1,25.06864,121.5107,8
500103004,20231111,577,23,16,1,25.06864,121.5107,7
500103004,20231111,579,23,16,1,25.06864,121.5107,7
500103004,20231111,580,23,16,1,25.06864,121.5107,7
500103004,20231111,581,23,16,1,25.06864,121.5107,7
500103004,20231111,582,23,18,1,25.06864,121.5107,5
500103004,20231111,583,23,18,1,25.06864,121.5107,5
500103004,20231111,585,23,17,1,25.06864,121.5107,6
500103004,20231111,586,23,17,1,25.06864,121.5107,6
500103004,20231111,587,23,17,1,25.06864,121.5107,6
500103004,20231111,589,23,17,1,25.06864,121.5107,6
500103004,20231111,590,23,17,1,25.06864,121.5107,6
500103004,20231111,591,23,17,1,25.06864,121.5107,6
500103004,20231111,592,23,18,1,25.06864,121.5107,5
500103004,20231111,593,23,18,1,25.06864,121.5107,5
500103004,20231111,594,23,18,1,25.06864,121.5107,5
500103004,20231111,595,23,18,1,25.06864,121.5107,5
500103004,20231111,596,23,18,1,25.06864,121.5107,5
500103004,20231111,597,23,19,1,25.06864,121.5107,4
500103004,20231111,598,23,21,1,25.06864,121.5107,2
500103004,20231111,599,23,22,1,25.06864,121.5107,1
500103004,20231111,601,23,22,1,25.06864,121.5107,1
500103004,20231111,602,23,22,1,25.06864,121.5107,1
500103004,20231111,603,23,21,1,25.06864,121.5107,2
500103004,20231111,604,23,21,1,25.06864,121.5107,2
500103004,20231111,605,23,22,1,25.06864,121.5107,1
500103004,20231111,606,23,22,1,25.06864,121.5107,1
500103004,20231111,607,23,22,1,25.06864,121.5107,1
500103004,20231111,608,23,22,1,25.06864,121.5107,1
500103004,20231111,609,23,22,1,25.06864,121.5107,1
500103004,20231111,610,23,22,1,25.06864,121.5107,1
500103004,20231111,611,23,22,1,25.06864,121.5107,1
500103004,20231111,612,23,22,1,25.06864,121.5107,1
500103004,20231111,613,23,22,1,25.06864,121.5107,1
500103004,20231111,614,23,22,1,25.06864,121.5107,1
500103004,20231111,615,23,22,1,25.06864,121.5107,1
500103004,20231111,616,23,22,1,25.06864,121.5107,1
500103004,20231111,617,23,22,1,25.06864,121.5107,1
500103004,20231111,618,23,22,1,25.06864,121.5107,1
500103004,20231111,619,23,22,1,25.06864,121.5107,1
500103004,20231111,621,23,22,1,25.06864,121.5107,1
500103004,20231111,622,23,22,1,25.06864,121.5107,1
500103004,20231111,623,23,22,1,25.06864,121.5107,1
500103004,20231111,624,23,22,1,25.06864,121.5107,1
500103004,20231111,625,23,22,1,25.06864,121.5107,1
500103004,20231111,626,23,21,1,25.06864,121.5107,2
500103004,20231111,627,23,21,1,25.06864,121.5107,2
500103004,20231111,628,23,21,1,25.06864,121.5107,2
500103004,20231111,629,23,21,1,25.06864,121.5107,2
500103004,20231111,631,23,21,1,25.06864,121.5107,2
500103004,20231111,632,23,21,1,25.06864,121.5107,2
500103004,20231111,633,23,21,1,25.06864,121.5107,2
500103004,20231111,634,23,22,1,25.06864,121.5107,1
500103004,20231111,635,23,22,1,25.06864,121.5107,1
500103004,20231111,636,23,22,1,25.06864,121.5107,1
500103004,20231111,637,23,21,1,25.06864,121.5107,2
500103004,20231111,638,23,21,1,25.06864,121.5107,2
500103004,20231111,639,23,22,1,25.06864,121.5107,1
500103004,20231111,640,23,22,1,25.06864,121.5107,1
500103004,20231111,641,23,22,1,25.06864,121.5107,1
500103004,20231111,642,23,22,1,25.06864,121.5107,1
500103004,20231111,643,23,22,1,25.06864,121.5107,1
500103004,20231111,644,23,22,1,25.06864,121.5107,1
500103004,20231111,645,23,22,1,25.06864,121.5107,1
500103004,20231111,646,23,22,1,25.06864,121.5107,1
500103004,20231111,647,23,22,1,25.06864,121.5107,1
500103004,20231111,648,23,22,1,25.06864,121.5107,1
500103004,20231111,649,23,22,1,25.06864,121.5107,1
500103004,20231111,650,23,22,1,25.06864,121.5107,1
500103004,20231111,651,23,22,1,25.06864,121.5107,1
500103004,20231111,652,23,22,1,25.06864,121.5107,1
500103004,20231111,653,23,22,1,25.06864,121.5107,1
500103004,20231111,654,23,22,1,25.06864,121.5107,1
500103004,20231111,655,23,22,1,25.06864,121.5107,1
500103004,20231111,656,23,20,1,25.06864,121.5107,3
500103004,20231111,657,23,20,1,25.06864,121.5107,3
500103004,20231111,658,23,20,1,25.06864,121.5107,3
500103004,20231111,659,23,20,1,25.06864,121.5107,3
500103004,20231111,661,23,20,1,25.06864,121.5107,3
500103004,20231111,662,23,21,1,25.06864,121.5107,2
500103004,20231111,663,23,21,1,25.06864,121.5107,2
500103004,20231111,664,23,21,1,25.06864,121.5107,2
500103004,20231111,665,23,21,1,25.06864,121.5107,2
500103004,20231111,666,23,21,1,25.06864,121.5107,2
500103004,20231111,667,23,21,1,25.06864,121.5107,2
500103004,20231111,668,23,21,1,25.06864,121.5107,2
500103004,20231111,669,23,22,1,25.06864,121.5107,1
500103004,20231111,670,23,22,1,25.06864,121.5107,1
500103004,20231111,671,23,22,1,25.06864,121.5107,1
500103004,20231111,672,23,22,1,25.06864,121.5107,1
500103004,20231111,673,23,22,1,25.06864,121.5107,1
500103004,20231111,674,23,22,1,25.06864,121.5107,1
500103004,20231111,675,23,22,1,25.06864,121.5107,1
500103004,20231111,676,23,22,1,25.06864,121.5107,1
500103004,20231111,677,23,22,1,25.06864,121.5107,1
500103004,20231111,678,23,22,1,25.06864,121.5107,1
500103004,20231111,679,23,22,1,25.06864,121.5107,1
500103004,20231111,681,23,22,1,25.06864,121.5107,1
500103004,20231111,682,23,22,1,25.06864,121.5107,1
500103004,20231111,683,23,21,1,25.06864,121.5107,2
500103004,20231111,684,23,21,1,25.06864,121.5107,2
500103004,20231111,685,23,22,1,25.06864,121.5107,1
500103004,20231111,686,23,22,1,25.06864,121.5107,1
500103004,20231111,696,23,20,1,25.06864,121.5107,3
500103004,20231111,697,23,19,1,25.06864,121.5107,4
500103004,20231111,698,23,19,1,25.06864,121.5107,4
500103004,20231111,699,23,19,1,25.06864,121.5107,4
500103004,20231111,700,23,19,1,25.06864,121.5107,4
500103004,20231111,701,23,17,1,25.06864,121.5107,6
500103004,20231111,702,23,17,1,25.06864,121.5107,6
500103004,20231111,703,23,17,1,25.06864,121.5107,6
500103004,20231111,704,23,17,1,25.06864,121.5107,6
500103004,20231111,705,23,17,1,25.06864,121.5107,6
500103004,20231111,706,23,17,1,25.06864,121.5107,6
500103004,20231111,707,23,17,1,25.06864,121.5107,6
500103004,20231111,708,23,17,1,25.06864,121.5107,6
500103004,20231111,709,23,17,1,25.06864,121.5107,6
500103004,20231111,710,23,17,1,25.06864,121.5107,6
500103004,20231111,711,23,17,1,25.06864,121.5107,6
500103004,20231111,712,23,17,1,25.06864,121.5107,6
500103004,20231111,713,23,18,1,25.06864,121.5107,5
500103004,20231111,714,23,18,1,25.06864,121.5107,5
500103004,20231111,715,23,18,1,25.06864,121.5107,5
500103004,20231111,716,23,14,1,25.06864,121.5107,9
500103004,20231111,717,23,15,1,25.06864,121.5107,8
500103004,20231111,718,23,15,1,25.06864,121.5107,8
500103004,20231111,719,23,15,1,25.06864,121.5107,8
500103004,20231111,721,23,15,1,25.06864,121.5107,8
500103004,20231111,722,23,15,1,25.06864,121.5107,8
500103004,20231111,723,23,15,1,25.06864,121.5107,8
500103004,20231111,724,23,16,1,25.06864,121.5107,7
500103004,20231111,725,23,16,1,25.06864,121.5107,7
500103004,20231111,726,23,17,1,25.06864,121.5107,6
500103004,20231111,727,23,17,1,25.06864,121.5107,6
500103004,20231111,728,23,17,1,25.06864,121.5107,6
500103004,20231111,729,23,17,1,25.06864,121.5107,6
500103004,20231111,730,23,17,1,25.06864,121.5107,6
500103004,20231111,731,23,18,1,25.06864,121.5107,5
500103004,20231111,732,23,20,1,25.06864,121.5107,3
500103004,20231111,733,23,19,1,25.06864,121.5107,4
500103004,20231111,734,23,18,1,25.06864,121.5107,5
500103004,20231111,735,23,18,1,25.06864,121.5107,5
500103004,20231111,736,23,18,1,25.06864,121.5107,5
500103004,20231111,737,23,18,1,25.06864,121.5107,5
500103004,20231111,738,23,19,1,25.06864,121.5107,4
500103004,20231111,739,23,19,1,25.06864,121.5107,4
500103004,20231111,741,23,19,1,25.06864,121.5107,4
500103004,20231111,742,23,19,1,25.06864,121.5107,4
500103004,20231111,743,23,19,1,25.06864,121.5107,4
500103004,20231111,744,23,20,1,25.06864,121.5107,3
500103004,20231111,745,23,20,1,25.06864,121.5107,3
500103004,20231111,746,23,18,1,25.06864,121.5107,5
500103004,20231111,747,23,18,1,25.06864,121.5107,5
500103004,20231111,748,23,19,1,25.06864,121.5107,4
500103004,20231111,749,23,20,1,25.06864,121.5107,3
500103004,20231111,751,23,19,1,25.06864,121.5107,4
500103004,20231111,752,23,19,1,25.06864,121.5107,4
500103004,20231111,753,23,19,1,25.06864,121.5107,4
500103004,20231111,754,23,17,1,25.06864,121.5107,6
500103004,20231111,755,23,17,1,25.06864,121.5107,6
500103004,20231111,756,23,19,1,25.06864,121.5107,4
500103004,20231111,757,23,18,1,25.06864,121.5107,5
500103004,20231111,758,23,19,1,25.06864,121.5107,4
500103004,20231111,759,23,19,1,25.06864,121.5107,4
500103004,20231111,760,23,20,1,25.06864,121.5107,3
500103004,20231111,761,23,20,1,25.06864,121.5107,3
500103004,20231111,762,23,20,1,25.06864,121.5107,3
500103004,20231111,763,23,20,1,25.06864,121.5107,3
500103004,20231111,764,23,20,1,25.06864,121.5107,3
500103004,20231111,765,23,20,1,25.06864,121.5107,3
500103004,20231111,766,23,21,1,25.06864,121.5107,2
500103004,20231111,767,23,20,1,25.06864,121.5107,3
500103004,20231111,768,23,20,1,25.06864,121.5107,3
500103004,20231111,769,23,20,1,25.06864,121.5107,3
500103004,20231111,770,23,20,1,25.06864,121.5107,3
500103004,20231111,771,23,20,1,25.06864,121.5107,3
500103004,20231111,772,23,20,1,25.06864,121.5107,3
500103004,20231111,773,23,20,1,25.06864,121.5107,3
500103004,20231111,774,23,20,1,25.06864,121.5107,3
500103004,20231111,775,23,20,1,25.06864,121.5107,3
500103004,20231111,776,23,20,1,25.06864,121.5107,3
500103004,20231111,777,23,22,1,25.06864,121.5107,1
500103004,20231111,778,23,22,1,25.06864,121.5107,1
500103004,20231111,779,23,20,1,25.06864,121.5107,3
500103004,20231111,781,23,20,1,25.06864,121.5107,3
500103004,20231111,782,23,20,1,25.06864,121.5107,3
500103004,20231111,783,23,21,1,25.06864,121.5107,2
500103004,20231111,784,23,21,1,25.06864,121.5107,2
500103004,20231111,785,23,21,1,25.06864,121.5107,2
500103004,20231111,786,23,21,1,25.06864,121.5107,2
500103004,20231111,787,23,21,1,25.06864,121.5107,2
500103004,20231111,788,23,21,1,25.06864,121.5107,2
500103004,20231111,789,23,21,1,25.06864,121.5107,2
500103004,20231111,790,23,21,1,25.06864,121.5107,2
500103004,20231111,791,23,21,1,25.06864,121.5107,2
500103004,20231111,792,23,21,1,25.06864,121.5107,2
500103004,20231111,793,23,21,1,25.06864,121.5107,2
500103004,20231111,794,23,21,1,25.06864,121.5107,2
500103004,20231111,795,23,21,1,25.06864,121.5107,2
500103004,20231111,796,23,20,1,25.06864,121.5107,3
500103004,20231111,797,23,20,1,25.06864,121.5107,3
500103004,20231111,798,23,19,1,25.06864,121.5107,4
500103004,20231111,799,23,19,1,25.06864,121.5107,4
500103004,20231111,801,23,19,1,25.06864,121.5107,4
500103004,20231111,803,23,21,1,25.06864,121.5107,2
500103004,20231111,804,23,21,1,25.06864,121.5107,2
500103004,20231111,805,23,21,1,25.06864,121.5107,2
500103004,20231111,806,23,21,1,25.06864,121.5107,2
500103004,20231111,807,23,21,1,25.06864,121.5107,2
500103004,20231111,808,23,21,1,25.06864,121.5107,2
500103004,20231111,809,23,21,1,25.06864,121.5107,2
500103004,20231111,811,23,20,1,25.06864,121.5107,3
500103004,20231111,812,23,20,1,25.06864,121.5107,3
500103004,20231111,813,23,20,1,25.06864,121.5107,3
500103004,20231111,814,23,20,1,25.06864,121.5107,3
500103004,20231111,815,23,20,1,25.06864,121.5107,3
500103004,20231111,816,23,20,1,25.06864,121.5107,3
500103004,20231111,817,23,20,1,25.06864,121.5107,3
500103004,20231111,818,23,20,1,25.06864,121.5107,3
500103004,20231111,819,23,20,1,25.06864,121.5107,3
500103004,20231111,820,23,20,1,25.06864,121.5107,3
500103004,20231111,821,23,20,1,25.06864,121.5107,3
500103004,20231111,822,23,21,1,25.06864,121.5107,2
500103004,20231111,823,23,21,1,25.06864,121.5107,2
500103004,20231111,824,23,19,1,25.06864,121.5107,4
500103004,20231111,825,23,19,1,25.06864,121.5107,4
500103004,20231111,826,23,19,1,25.06864,121.5107,4
500103004,20231111,827,23,19,1,25.06864,121.5107,4
500103004,20231111,828,23,19,1,25.06864,121.5107,4
500103004,20231111,829,23,20,1,25.06864,121.5107,3
500103004,20231111,830,23,20,1,25.06864,121.5107,3
500103004,20231111,831,23,20,1,25.06864,121.5107,3
500103004,20231111,832,23,20,1,25.06864,121.5107,3
500103004,20231111,833,23,19,1,25.06864,121.5107,4
500103004,20231111,834,23,19,1,25.06864,121.5107,4
500103004,20231111,835,23,19,1,25.06864,121.5107,4
500103004,20231111,836,23,19,1,25.06864,121.5107,4
500103004,20231111,837,23,19,1,25.06864,121.5107,4
500103004,20231111,838,23,19,1,25.06864,121.5107,4
500103004,20231111,839,23,19,1,25.06864,121.5107,4
500103004,20231111,841,23,19,1,25.06864,121.5107,4
500103004,20231111,842,23,19,1,25.06864,121.5107,4
500103004,20231111,843,23,19,1,25.06864,121.5107,4
500103004,20231111,844,23,19,1,25.06864,121.5107,4
500103004,20231111,845,23,19,1,25.06864,121.5107,4
500103004,20231111,846,23,19,1,25.06864,121.5107,4
500103004,20231111,847,23,19,1,25.06864,121.5107,4
500103004,20231111,848,23,19,1,25.06864,121.5107,4
500103004,20231111,849,23,20,1,25.06864,121.5107,3
500103004,20231111,850,23,20,1,25.06864,121.5107,3
500103004,20231111,851,23,20,1,25.06864,121.5107,3
500103004,20231111,852,23,18,1,25.06864,121.5107,5
500103004,20231111,853,23,17,1,25.06864,121.5107,6
500103004,20231111,854,23,18,1,25.06864,121.5107,5
500103004,20231111,855,23,18,1,25.06864,121.5107,5
500103004,20231111,856,23,18,1,25.06864,121.5107,5
500103004,20231111,857,23,18,1,25.06864,121.5107,5
500103004,20231111,858,23,18,1,25.06864,121.5107,5
500103004,20231111,859,23,18,1,25.06864,121.5107,5
500103004,20231111,861,23,18,1,25.06864,121.5107,5
500103004,20231111,862,23,18,1,25.06864,121.5107,5
500103004,20231111,863,23,18,1,25.06864,121.5107,5
500103004,20231111,864,23,18,1,25.06864,121.5107,5
500103004,20231111,865,23,18,1,25.06864,121.5107,5
500103004,20231111,866,23,17,1,25.06864,121.5107,6
500103004,20231111,867,23,17,1,25.06864,121.5107,6
500103004,20231111,868,23,17,1,25.06864,121.5107,6
500103004,20231111,869,23,17,1,25.06864,121.5107,6
500103004,20231111,871,23,17,1,25.06864,121.5107,6
500103004,20231111,872,23,17,1,25.06864,121.5107,6
500103004,20231111,873,23,18,1,25.06864,121.5107,5
500103004,20231111,874,23,19,1,25.06864,121.5107,4
500103004,20231111,875,23,19,1,25.06864,121.5107,4
500103004,20231111,876,23,19,1,25.06864,121.5107,4
500103004,20231111,877,23,19,1,25.06864,121.5107,4
500103004,20231111,878,23,19,1,25.06864,121.5107,4
500103004,20231111,879,23,19,1,25.06864,121.5107,4
500103004,20231111,880,23,19,1,25.06864,121.5107,4
500103004,20231111,881,23,19,1,25.06864,121.5107,4
500103004,20231111,882,23,19,1,25.06864,121.5107,4
500103004,20231111,883,23,19,1,25.06864,121.5107,4
500103004,20231111,884,23,19,1,25.06864,121.5107,4
500103004,20231111,885,23,19,1,25.06864,121.5107,4
500103004,20231111,886,23,19,1,25.06864,121.5107,4
500103004,20231111,887,23,19,1,25.06864,121.5107,4
500103004,20231111,888,23,17,1,25.06864,121.5107,6
500103004,20231111,889,23,17,1,25.06864,121.5107,6
500103004,20231111,890,23,17,1,25.06864,121.5107,6
500103004,20231111,891,23,17,1,25.06864,121.5107,6
500103004,20231111,892,23,17,1,25.06864,121.5107,6
500103004,20231111,893,23,17,1,25.06864,121.5107,6
500103004,20231111,894,23,17,1,25.06864,121.5107,6
500103004,20231111,895,23,17,1,25.06864,121.5107,6
500103004,20231111,896,23,17,1,25.06864,121.5107,6
500103004,20231111,897,23,17,1,25.06864,121.5107,6
500103004,20231111,898,23,17,1,25.06864,121.5107,6
500103004,20231111,899,23,19,1,25.06864,121.5107,4
500103004,20231111,901,23,19,1,25.06864,121.5107,4
500103004,20231111,902,23,18,1,25.06864,121.5107,5
500103004,20231111,903,23,18,1,25.06864,121.5107,5
500103004,20231111,904,23,19,1,25.06864,121.5107,4
500103004,20231111,905,23,19,1,25.06864,121.5107,4
500103004,20231111,906,23,19,1,25.06864,121.5107,4
500103004,20231111,907,23,19,1,25.06864,121.5107,4
500103004,20231111,908,23,21,1,25.06864,121.5107,2
500103004,20231111,909,23,21,1,25.06864,121.5107,2
500103004,20231111,910,23,21,1,25.06864,121.5107,2
500103004,20231111,911,23,21,1,25.06864,121.5107,2
500103004,20231111,912,23,21,1,25.06864,121.5107,2
500103004,20231111,913,23,21,1,25.06864,121.5107,2
500103004,20231111,914,23,21,1,25.06864,121.5107,2
500103004,20231111,915,23,21,1,25.06864,121.5107,2
500103004,20231111,916,23,21,1,25.06864,121.5107,2
500103004,20231111,917,23,21,1,25.06864,121.5107,2
500103004,20231111,918,23,21,1,25.06864,121.5107,2
500103004,20231111,919,23,20,1,25.06864,121.5107,3
500103004,20231111,921,23,20,1,25.06864,121.5107,3
500103004,20231111,922,23,20,1,25.06864,121.5107,3
500103004,20231111,923,23,20,1,25.06864,121.5107,3
500103004,20231111,924,23,20,1,25.06864,121.5107,3
500103004,20231111,925,23,20,1,25.06864,121.5107,3
500103004,20231111,926,23,20,1,25.06864,121.5107,3
500103004,20231111,927,23,19,1,25.06864,121.5107,4
500103004,20231111,928,23,19,1,25.06864,121.5107,4
500103004,20231111,929,23,20,1,25.06864,121.5107,3
500103004,20231111,931,23,20,1,25.06864,121.5107,3
500103004,20231111,932,23,22,1,25.06864,121.5107,1
500103004,20231111,933,23,22,1,25.06864,121.5107,1
500103004,20231111,934,23,21,1,25.06864,121.5107,2
500103004,20231111,935,23,22,1,25.06864,121.5107,1
500103004,20231111,936,23,22,1,25.06864,121.5107,1
500103004,20231111,937,23,22,1,25.06864,121.5107,1
500103004,20231111,938,23,22,1,25.06864,121.5107,1
500103004,20231111,939,23,22,1,25.06864,121.5107,1
500103004,20231111,940,23,23,1,25.06864,121.5107,0
500103004,20231111,941,23,23,1,25.06864,121.5107,0
500103004,20231111,942,23,22,1,25.06864,121.5107,1
500103004,20231111,943,23,22,1,25.06864,121.5107,1
500103004,20231111,944,23,22,1,25.06864,121.5107,1
500103004,20231111,945,23,22,1,25.06864,121.5107,1
500103004,20231111,946,23,21,1,25.06864,121.5107,2
500103004,20231111,947,23,21,1,25.06864,121.5107,2
500103004,20231111,948,23,22,1,25.06864,121.5107,1
500103004,20231111,949,23,22,1,25.06864,121.5107,1
500103004,20231111,950,23,22,1,25.06864,121.5107,1
500103004,20231111,951,23,22,1,25.06864,121.5107,1
500103004,20231111,952,23,22,1,25.06864,121.5107,1
500103004,20231111,953,23,22,1,25.06864,121.5107,1
500103004,20231111,954,23,22,1,25.06864,121.5107,1
500103004,20231111,955,23,22,1,25.06864,121.5107,1
500103004,20231111,956,23,22,1,25.06864,121.5107,1
500103004,20231111,957,23,22,1,25.06864,121.5107,1
500103004,20231111,958,23,22,1,25.06864,121.5107,1
500103004,20231111,959,23,22,1,25.06864,121.5107,1
500103004,20231111,961,23,22,1,25.06864,121.5107,1
500103004,20231111,962,23,22,1,25.06864,121.5107,1
500103004,20231111,963,23,21,1,25.06864,121.5107,2
500103004,20231111,964,23,21,1,25.06864,121.5107,2
500103004,20231111,965,23,20,1,25.06864,121.5107,3
500103004,20231111,966,23,20,1,25.06864,121.5107,3
500103004,20231111,967,23,20,1,25.06864,121.5107,3
500103004,20231111,968,23,20,1,25.06864,121.5107,3
500103004,20231111,969,23,20,1,25.06864,121.5107,3
500103004,20231111,970,23,20,1,25.06864,121.5107,3
500103004,20231111,971,23,21,1,25.06864,121.5107,2
500103004,20231111,972,23,17,1,25.06864,121.5107,6
500103004,20231111,973,23,17,1,25.06864,121.5107,6
500103004,20231111,974,23,17,1,25.06864,121.5107,6
500103004,20231111,975,23,17,1,25.06864,121.5107,6
500103004,20231111,976,23,17,1,25.06864,121.5107,6
500103004,20231111,977,23,18,1,25.06864,121.5107,5
500103004,20231111,978,23,16,1,25.06864,121.5107,7
500103004,20231111,979,23,16,1,25.06864,121.5107,7
500103004,20231111,981,23,16,1,25.06864,121.5107,7
500103004,20231111,982,23,16,1,25.06864,121.5107,7
500103004,20231111,983,23,16,1,25.06864,121.5107,7
500103004,20231111,984,23,16,1,25.06864,121.5107,7
500103004,20231111,985,23,16,1,25.06864,121.5107,7
500103004,20231111,986,23,15,1,25.06864,121.5107,8
500103004,20231111,987,23,15,1,25.06864,121.5107,8
500103004,20231111,988,23,15,1,25.06864,121.5107,8
500103004,20231111,989,23,15,1,25.06864,121.5107,8
500103004,20231111,991,23,12,1,25.06864,121.5107,11
500103004,20231111,992,23,12,1,25.06864,121.5107,11
500103004,20231111,993,23,12,1,25.06864,121.5107,11
500103004,20231111,994,23,12,1,25.06864,121.5107,11
500103004,20231111,995,23,12,1,25.06864,121.5107,11
500103004,20231111,996,23,12,1,25.06864,121.5107,11
500103004,20231111,997,23,12,1,25.06864,121.5107,11
500103004,20231111,998,23,12,1,25.06864,121.5107,11
500103004,20231111,999,23,12,1,25.06864,121.5107,11
500103004,20231111,1000,23,11,1,25.06864,121.5107,12
500103004,20231111,1001,23,12,1,25.06864,121.5107,11
500103004,20231111,1002,23,12,1,25.06864,121.5107,11
500103004,20231111,1003,23,11,1,25.06864,121.5107,12
500103004,20231111,1004,23,11,1,25.06864,121.5107,12
500103004,20231111,1005,23,11,1,25.06864,121.5107,12
500103004,20231111,1006,23,11,1,25.06864,121.5107,12
500103004,20231111,1007,23,11,1,25.06864,121.5107,12
500103004,20231111,1008,23,11,1,25.06864,121.5107,12
500103004,20231111,1009,23,11,1,25.06864,121.5107,12
500103004,20231111,1010,23,11,1,25.06864,121.5107,12
500103004,20231111,1011,23,11,1,25.06864,121.5107,12
500103004,20231111,1012,23,11,1,25.06864,121.5107,12
500103004,20231111,1013,23,11,1,25.06864,121.5107,12
500103004,20231111,1014,23,11,1,25.06864,121.5107,12
500103004,20231111,1015,23,12,1,25.06864,121.5107,11
500103004,20231111,1016,23,10,1,25.06864,121.5107,13
500103004,20231111,1017,23,11,1,25.06864,121.5107,12
500103004,20231111,1018,23,11,1,25.06864,121.5107,12
500103004,20231111,1019,23,11,1,25.06864,121.5107,12
500103004,20231111,1021,23,11,1,25.06864,121.5107,12
500103004,20231111,1022,23,11,1,25.06864,121.5107,12
500103004,20231111,1023,23,11,1,25.06864,121.5107,12
500103004,20231111,1024,23,12,1,25.06864,121.5107,11
500103004,20231111,1025,23,12,1,25.06864,121.5107,11
500103004,20231111,1026,23,12,1,25.06864,121.5107,11
500103004,20231111,1027,23,12,1,25.06864,121.5107,11
500103004,20231111,1028,23,12,1,25.06864,121.5107,11
500103004,20231111,1029,23,12,1,25.06864,121.5107,11
500103004,20231111,1030,23,14,1,25.06864,121.5107,9
500103004,20231111,1031,23,15,1,25.06864,121.5107,8
500103004,20231111,1032,23,14,1,25.06864,121.5107,9
500103004,20231111,1033,23,14,1,25.06864,121.5107,9
500103004,20231111,1034,23,14,1,25.06864,121.5107,9
500103004,20231111,1035,23,14,1,25.06864,121.5107,9
500103004,20231111,1036,23,13,1,25.06864,121.5107,10
500103004,20231111,1037,23,13,1,25.06864,121.5107,10
500103004,20231111,1038,23,13,1,25.06864,121.5107,10
500103004,20231111,1039,23,13,1,25.06864,121.5107,10
500103004,20231111,1041,23,13,1,25.06864,121.5107,10
500103004,20231111,1042,23,13,1,25.06864,121.5107,10
500103004,20231111,1043,23,13,1,25.06864,121.5107,10
500103004,20231111,1044,23,13,1,25.06864,121.5107,10
500103004,20231111,1045,23,13,1,25.06864,121.5107,10
500103004,20231111,1046,23,14,1,25.06864,121.5107,9
500103004,20231111,1048,23,13,1,25.06864,121.5107,10
500103004,20231111,1049,23,13,1,25.06864,121.5107,10
500103004,20231111,1051,23,13,1,25.06864,121.5107,10
500103004,20231111,1052,23,13,1,25.06864,121.5107,10
500103004,20231111,1053,23,13,1,25.06864,121.5107,10
500103004,20231111,1054,23,13,1,25.06864,121.5107,10
500103004,20231111,1055,23,13,1,25.06864,121.5107,10
500103004,20231111,1056,23,13,1,25.06864,121.5107,10
500103004,20231111,1057,23,13,1,25.06864,121.5107,10
500103004,20231111,1058,23,13,1,25.06864,121.5107,10
500103004,20231111,1059,23,13,1,25.06864,121.5107,10
500103004,20231111,1060,23,13,1,25.06864,121.5107,10
500103004,20231111,1061,23,13,1,25.06864,121.5107,10
500103004,20231111,1062,23,12,1,25.06864,121.5107,11
500103004,20231111,1063,23,11,1,25.06864,121.5107,12
500103004,20231111,1064,23,11,1,25.06864,121.5107,12
500103004,20231111,1065,23,11,1,25.06864,121.5107,12
500103004,20231111,1066,23,10,1,25.06864,121.5107,13
500103004,20231111,1067,23,10,1,25.06864,121.5107,13
500103004,20231111,1068,23,11,1,25.06864,121.5107,12
500103004,20231111,1069,23,10,1,25.06864,121.5107,13
500103004,20231111,1070,23,11,1,25.06864,121.5107,12
500103004,20231111,1071,23,10,1,25.06864,121.5107,13
500103004,20231111,1072,23,10,1,25.06864,121.5107,13
500103004,20231111,1073,23,10,1,25.06864,121.5107,13
500103004,20231111,1074,23,9,1,25.06864,121.5107,14
500103004,20231111,1075,23,9,1,25.06864,121.5107,14
500103004,20231111,1076,23,8,1,25.06864,121.5107,15
500103004,20231111,1077,23,7,1,25.06864,121.5107,16
500103004,20231111,1078,23,7,1,25.06864,121.5107,16
500103004,20231111,1079,23,7,1,25.06864,121.5107,16
500103004,20231111,1081,23,7,1,25.06864,121.5107,16
500103004,20231111,1082,23,5,1,25.06864,121.5107,18
500103004,20231111,1083,23,4,1,25.06864,121.5107,19
500103004,20231111,1084,23,4,1,25.06864,121.5107,19
500103004,20231111,1085,23,4,1,25.06864,121.5107,19
500103004,20231111,1086,23,3,1,25.06864,121.5107,20
500103004,20231111,1087,23,4,1,25.06864,121.5107,19
500103004,20231111,1088,23,4,1,25.06864,121.5107,19
500103004,20231111,1089,23,4,1,25.06864,121.5107,19
500103004,20231111,1090,23,2,1,25.06864,121.5107,21
500103004,20231111,1091,23,2,1,25.06864,121.5107,21
500103004,20231111,1092,23,2,1,25.06864,121.5107,21
500103004,20231111,1093,23,4,1,25.06864,121.5107,19
500103004,20231111,1094,23,4,1,25.06864,121.5107,19
500103004,20231111,1095,23,8,1,25.06864,121.5107,15
500103004,20231111,1096,23,12,1,25.06864,121.5107,11
500103004,20231111,1097,23,12,1,25.06864,121.5107,11
500103004,20231111,1098,23,12,1,25.06864,121.5107,11
500103004,20231111,1099,23,20,1,25.06864,121.5107,3
500103004,20231111,1101,23,20,1,25.06864,121.5107,3
500103004,20231111,1102,23,19,1,25.06864,121.5107,4
500103004,20231111,1103,23,19,1,25.06864,121.5107,4
500103004,20231111,1104,23,19,1,25.06864,121.5107,4
500103004,20231111,1105,23,19,1,25.06864,121.5107,4
500103004,20231111,1106,23,19,1,25.06864,121.5107,4
500103004,20231111,1107,23,19,1,25.06864,121.5107,4
500103004,20231111,1108,23,19,1,25.06864,121.5107,4
500103004,20231111,1109,23,20,1,25.06864,121.5107,3
500103004,20231111,1111,23,20,1,25.06864,121.5107,3
500103004,20231111,1112,23,20,1,25.06864,121.5107,3
500103004,20231111,1113,23,20,1,25.06864,121.5107,3
500103004,20231111,1114,23,20,1,25.06864,121.5107,3
500103004,20231111,1115,23,21,1,25.06864,121.5107,2
500103004,20231111,1116,23,21,1,25.06864,121.5107,2
500103004,20231111,1117,23,20,1,25.06864,121.5107,3
500103004,20231111,1118,23,20,1,25.06864,121.5107,3
500103004,20231111,1119,23,20,1,25.06864,121.5107,3
500103004,20231111,1120,23,20,1,25.06864,121.5107,3
500103004,20231111,1121,23,20,1,25.06864,121.5107,3
500103004,20231111,1122,23,20,1,25.06864,121.5107,3
500103004,20231111,1123,23,20,1,25.06864,121.5107,3
500103004,20231111,1124,23,20,1,25.06864,121.5107,3
500103004,20231111,1125,23,20,1,25.06864,121.5107,3
500103004,20231111,1126,23,21,1,25.06864,121.5107,2
500103004,20231111,1127,23,21,1,25.06864,121.5107,2
500103004,20231111,1128,23,21,1,25.06864,121.5107,2
500103004,20231111,1129,23,20,1,25.06864,121.5107,3
500103004,20231111,1130,23,20,1,25.06864,121.5107,3
500103004,20231111,1131,23,20,1,25.06864,121.5107,3
500103004,20231111,1132,23,20,1,25.06864,121.5107,3
500103004,20231111,1133,23,20,1,25.06864,121.5107,3
500103004,20231111,1134,23,20,1,25.06864,121.5107,3
500103004,20231111,1135,23,20,1,25.06864,121.5107,3
500103004,20231111,1136,23,20,1,25.06864,121.5107,3
500103004,20231111,1137,23,20,1,25.06864,121.5107,3
500103004,20231111,1138,23,22,1,25.06864,121.5107,1
500103004,20231111,1139,23,23,1,25.06864,121.5107,0
500103004,20231111,1141,23,22,1,25.06864,121.5107,1
500103004,20231111,1142,23,22,1,25.06864,121.5107,1
500103004,20231111,1143,23,22,1,25.06864,121.5107,1
500103004,20231111,1144,23,23,1,25.06864,121.5107,0
500103004,20231111,1145,23,23,1,25.06864,121.5107,0
500103004,20231111,1146,23,23,1,25.06864,121.5107,0
500103004,20231111,1147,23,23,1,25.06864,121.5107,0
500103004,20231111,1148,23,23,1,25.06864,121.5107,0
500103004,20231111,1149,23,23,1,25.06864,121.5107,0
500103004,20231111,1150,23,22,1,25.06864,121.5107,1
500103004,20231111,1151,23,22,1,25.06864,121.5107,1
500103004,20231111,1152,23,23,1,25.06864,121.5107,0
500103004,20231111,1153,23,23,1,25.06864,121.5107,0
500103004,20231111,1154,23,23,1,25.06864,121.5107,0
500103004,20231111,1155,23,23,1,25.06864,121.5107,0
500103004,20231111,1156,23,23,1,25.06864,121.5107,0
500103004,20231111,1157,23,23,1,25.06864,121.5107,0
500103004,20231111,1158,23,23,1,25.06864,121.5107,0
500103004,20231111,1159,23,23,1,25.06864,121.5107,0
500103004,20231111,1161,23,23,1,25.06864,121.5107,0
500103004,20231111,1162,23,23,1,25.06864,121.5107,0
500103004,20231111,1163,23,22,1,25.06864,121.5107,1
500103004,20231111,1164,23,22,1,25.06864,121.5107,1
500103004,20231111,1165,23,23,1,25.06864,121.5107,0
500103004,20231111,1166,23,23,1,25.06864,121.5107,0
500103004,20231111,1167,23,23,1,25.06864,121.5107,0
500103004,20231111,1168,23,23,1,25.06864,121.5107,0
500103004,20231111,1169,23,22,1,25.06864,121.5107,1
500103004,20231111,1171,23,20,1,25.06864,121.5107,3
500103004,20231111,1172,23,20,1,25.06864,121.5107,3
500103004,20231111,1173,23,20,1,25.06864,121.5107,3
500103004,20231111,1174,23,19,1,25.06864,121.5107,4
500103004,20231111,1175,23,18,1,25.06864,121.5107,5
500103004,20231111,1176,23,18,1,25.06864,121.5107,5
500103004,20231111,1177,23,17,1,25.06864,121.5107,6
500103004,20231111,1178,23,17,1,25.06864,121.5107,6
500103004,20231111,1179,23,17,1,25.06864,121.5107,6
500103004,20231111,1180,23,17,1,25.06864,121.5107,6
500103004,20231111,1181,23,17,1,25.06864,121.5107,6
500103004,20231111,1182,23,15,1,25.06864,121.5107,8
500103004,20231111,1183,23,15,1,25.06864,121.5107,8
500103004,20231111,1184,23,15,1,25.06864,121.5107,8
500103004,20231111,1185,23,15,1,25.06864,121.5107,8
500103004,20231111,1186,23,16,1,25.06864,121.5107,7
500103004,20231111,1187,23,16,1,25.06864,121.5107,7
500103004,20231111,1188,23,17,1,25.06864,121.5107,6
500103004,20231111,1189,23,20,1,25.06864,121.5107,3
500103004,20231111,1190,23,22,1,25.06864,121.5107,1
500103004,20231111,1191,23,22,1,25.06864,121.5107,1
500103004,20231111,1192,23,22,1,25.06864,121.5107,1
500103004,20231111,1193,23,22,1,25.06864,121.5107,1
500103004,20231111,1194,23,22,1,25.06864,121.5107,1
500103004,20231111,1195,23,22,1,25.06864,121.5107,1
500103004,20231111,1196,23,22,1,25.06864,121.5107,1
500103004,20231111,1197,23,22,1,25.06864,121.5107,1
500103004,20231111,1198,23,22,1,25.06864,121.5107,1
500103004,20231111,1199,23,22,1,25.06864,121.5107,1
500103004,20231111,1201,23,22,1,25.06864,121.5107,1
500103004,20231111,1202,23,22,1,25.06864,121.5107,1
500103004,20231111,1203,23,22,1,25.06864,121.5107,1
500103004,20231111,1204,23,22,1,25.06864,121.5107,1
500103004,20231111,1205,23,22,1,25.06864,121.5107,1
500103004,20231111,1206,23,22,1,25.06864,121.5107,1
500103004,20231111,1207,23,22,1,25.06864,121.5107,1
500103004,20231111,1208,23,21,1,25.06864,121.5107,2
500103004,20231111,1209,23,20,1,25.06864,121.5107,3
500103004,20231111,1210,23,19,1,25.06864,121.5107,4
500103004,20231111,1211,23,19,1,25.06864,121.5107,4
500103004,20231111,1212,23,19,1,25.06864,121.5107,4
500103004,20231111,1213,23,19,1,25.06864,121.5107,4
500103004,20231111,1214,23,19,1,25.06864,121.5107,4
500103004,20231111,1215,23,19,1,25.06864,121.5107,4
500103004,20231111,1216,23,19,1,25.06864,121.5107,4
500103004,20231111,1217,23,19,1,25.06864,121.5107,4
500103004,20231111,1218,23,19,1,25.06864,121.5107,4
500103004,20231111,1219,23,19,1,25.06864,121.5107,4
500103004,20231111,1221,23,19,1,25.06864,121.5107,4
500103004,20231111,1222,23,19,1,25.06864,121.5107,4
500103004,20231111,1223,23,19,1,25.06864,121.5107,4
500103004,20231111,1224,23,19,1,25.06864,121.5107,4
500103004,20231111,1225,23,19,1,25.06864,121.5107,4
500103004,20231111,1226,23,19,1,25.06864,121.5107,4
500103004,20231111,1227,23,19,1,25.06864,121.5107,4
500103004,20231111,1228,23,19,1,25.06864,121.5107,4
500103004,20231111,1229,23,19,1,25.06864,121.5107,4
500103004,20231111,1231,23,19,1,25.06864,121.5107,4
500103004,20231111,1232,23,18,1,25.06864,121.5107,5
500103004,20231111,1233,23,18,1,25.06864,121.5107,5
500103004,20231111,1234,23,18,1,25.06864,121.5107,5
500103004,20231111,1235,23,18,1,25.06864,121.5107,5
500103004,20231111,1236,23,17,1,25.06864,121.5107,6
500103004,20231111,1237,23,17,1,25.06864,121.5107,6
500103004,20231111,1238,23,17,1,25.06864,121.5107,6
500103004,20231111,1239,23,17,1,25.06864,121.5107,6
500103004,20231111,1240,23,17,1,25.06864,121.5107,6
500103004,20231111,1241,23,17,1,25.06864,121.5107,6
500103004,20231111,1242,23,18,1,25.06864,121.5107,5
500103004,20231111,1243,23,18,1,25.06864,121.5107,5
500103004,20231111,1244,23,18,1,25.06864,121.5107,5
500103004,20231111,1245,23,17,1,25.06864,121.5107,6
500103004,20231111,1246,23,17,1,25.06864,121.5107,6
500103004,20231111,1247,23,17,1,25.06864,121.5107,6
500103004,20231111,1248,23,17,1,25.06864,121.5107,6
500103004,20231111,1249,23,17,1,25.06864,121.5107,6
500103004,20231111,1250,23,16,1,25.06864,121.5107,7
500103004,20231111,1251,23,16,1,25.06864,121.5107,7
500103004,20231111,1252,23,16,1,25.06864,121.5107,7
500103004,20231111,1253,23,16,1,25.06864,121.5107,7
500103004,20231111,1254,23,16,1,25.06864,121.5107,7
500103004,20231111,1255,23,16,1,25.06864,121.5107,7
500103004,20231111,1256,23,15,1,25.06864,121.5107,8
500103004,20231111,1257,23,15,1,25.06864,121.5107,8
500103004,20231111,1258,23,15,1,25.06864,121.5107,8
500103004,20231111,1259,23,15,1,25.06864,121.5107,8
500103004,20231111,1261,23,13,1,25.06864,121.5107,10
500103004,20231111,1262,23,13,1,25.06864,121.5107,10
500103004,20231111,1263,23,13,1,25.06864,121.5107,10
500103004,20231111,1264,23,13,1,25.06864,121.5107,10
500103004,20231111,1265,23,13,1,25.06864,121.5107,10
500103004,20231111,1266,23,11,1,25.06864,121.5107,12
500103004,20231111,1267,23,9,1,25.06864,121.5107,14
500103004,20231111,1268,23,9,1,25.06864,121.5107,14
500103004,20231111,1269,23,10,1,25.06864,121.5107,13
500103004,20231111,1270,23,10,1,25.06864,121.5107,13
500103004,20231111,1271,23,11,1,25.06864,121.5107,12
500103004,20231111,1272,23,11,1,25.06864,121.5107,12
500103004,20231111,1273,23,9,1,25.06864,121.5107,14
500103004,20231111,1274,23,9,1,25.06864,121.5107,14
500103004,20231111,1275,23,9,1,25.06864,121.5107,14
500103004,20231111,1276,23,9,1,25.06864,121.5107,14
500103004,20231111,1277,23,8,1,25.06864,121.5107,15
500103004,20231111,1278,23,8,1,25.06864,121.5107,15
500103004,20231111,1279,23,8,1,25.06864,121.5107,15
500103004,20231111,1281,23,7,1,25.06864,121.5107,16
500103004,20231111,1282,23,6,1,25.06864,121.5107,17
500103004,20231111,1283,23,6,1,25.06864,121.5107,17
500103004,20231111,1284,23,6,1,25.06864,121.5107,17
500103004,20231111,1285,23,6,1,25.06864,121.5107,17
500103004,20231111,1286,23,6,1,25.06864,121.5107,17
500103004,20231111,1287,23,6,1,25.06864,121.5107,17
500103004,20231111,1288,23,7,1,25.06864,121.5107,16
500103004,20231111,1289,23,7,1,25.06864,121.5107,16
500103004,20231111,1291,23,8,1,25.06864,121.5107,15
500103004,20231111,1292,23,8,1,25.06864,121.5107,15
500103004,20231111,1293,23,8,1,25.06864,121.5107,15
500103004,20231111,1294,23,8,1,25.06864,121.5107,15
500103004,20231111,1295,23,8,1,25.06864,121.5107,15
500103004,20231111,1296,23,7,1,25.06864,121.5107,16
500103004,20231111,1297,23,7,1,25.06864,121.5107,16
500103004,20231111,1298,23,7,1,25.06864,121.5107,16
500103004,20231111,1299,23,7,1,25.06864,121.5107,16
500103004,20231111,1300,23,7,1,25.06864,121.5107,16
500103004,20231111,1301,23,7,1,25.06864,121.5107,16
500103004,20231111,1302,23,8,1,25.06864,121.5107,15
500103004,20231111,1303,23,8,1,25.06864,121.5107,15
500103004,20231111,1304,23,8,1,25.06864,121.5107,15
500103004,20231111,1305,23,9,1,25.06864,121.5107,14
500103004,20231111,1306,23,9,1,25.06864,121.5107,14
500103004,20231111,1307,23,9,1,25.06864,121.5107,14
500103004,20231111,1308,23,9,1,25.06864,121.5107,14
500103004,20231111,1309,23,9,1,25.06864,121.5107,14
500103004,20231111,1311,23,9,1,25.06864,121.5107,14
500103004,20231111,1312,23,9,1,25.06864,121.5107,14
500103004,20231111,1313,23,9,1,25.06864,121.5107,14
500103004,20231111,1314,23,9,1,25.06864,121.5107,14
500103004,20231111,1315,23,9,1,25.06864,121.5107,14
500103004,20231111,1316,23,9,1,25.06864,121.5107,14
500103004,20231111,1317,23,9,1,25.06864,121.5107,14
500103004,20231111,1318,23,9,1,25.06864,121.5107,14
500103004,20231111,1319,23,9,1,25.06864,121.5107,14
500103004,20231111,1321,23,8,1,25.06864,121.5107,15
500103004,20231111,1322,23,8,1,25.06864,121.5107,15
500103004,20231111,1323,23,8,1,25.06864,121.5107,15
500103004,20231111,1324,23,8,1,25.06864,121.5107,15
500103004,20231111,1325,23,8,1,25.06864,121.5107,15
500103004,20231111,1326,23,8,1,25.06864,121.5107,15
500103004,20231111,1327,23,8,1,25.06864,121.5107,15
500103004,20231111,1328,23,8,1,25.06864,121.5107,15
500103004,20231111,1329,23,8,1,25.06864,121.5107,15
500103004,20231111,1330,23,8,1,25.06864,121.5107,15
500103004,20231111,1331,23,8,1,25.06864,121.5107,15
500103004,20231111,1332,23,8,1,25.06864,121.5107,15
500103004,20231111,1333,23,8,1,25.06864,121.5107,15
500103004,20231111,1334,23,8,1,25.06864,121.5107,15
500103004,20231111,1335,23,7,1,25.06864,121.5107,16
500103004,20231111,1336,23,8,1,25.06864,121.5107,15
500103004,20231111,1337,23,9,1,25.06864,121.5107,14
500103004,20231111,1338,23,8,1,25.06864,121.5107,15
500103004,20231111,1339,23,7,1,25.06864,121.5107,16
500103004,20231111,1341,23,8,1,25.06864,121.5107,15
500103004,20231111,1342,23,8,1,25.06864,121.5107,15
500103004,20231111,1343,23,8,1,25.06864,121.5107,15
500103004,20231111,1344,23,8,1,25.06864,121.5107,15
500103004,20231111,1345,23,8,1,25.06864,121.5107,15
500103004,20231111,1346,23,8,1,25.06864,121.5107,15
500103004,20231111,1347,23,8,1,25.06864,121.5107,15
500103004,20231111,1348,23,8,1,25.06864,121.5107,15
500103004,20231111,1349,23,8,1,25.06864,121.5107,15
500103004,20231111,1350,23,8,1,25.06864,121.5107,15
500103004,20231111,1351,23,8,1,25.06864,121.5107,15
500103004,20231111,1352,23,8,1,25.06864,121.5107,15
500103004,20231111,1353,23,8,1,25.06864,121.5107,15
500103004,20231111,1354,23,8,1,25.06864,121.5107,15
500103004,20231111,1355,23,8,1,25.06864,121.5107,15
500103004,20231111,1356,23,8,1,25.06864,121.5107,15
500103004,20231111,1357,23,8,1,25.06864,121.5107,15
500103004,20231111,1358,23,9,1,25.06864,121.5107,14
500103004,20231111,1359,23,9,1,25.06864,121.5107,14
500103004,20231111,1360,23,9,1,25.06864,121.5107,14
500103004,20231111,1361,23,7,1,25.06864,121.5107,16
500103004,20231111,1362,23,7,1,25.06864,121.5107,16
500103004,20231111,1363,23,7,1,25.06864,121.5107,16
500103004,20231111,1364,23,7,1,25.06864,121.5107,16
500103004,20231111,1365,23,7,1,25.06864,121.5107,16
500103004,20231111,1366,23,7,1,25.06864,121.5107,16
500103004,20231111,1367,23,7,1,25.06864,121.5107,16
500103004,20231111,1368,23,7,1,25.06864,121.5107,16
500103004,20231111,1369,23,7,1,25.06864,121.5107,16
500103004,20231111,1370,23,7,1,25.06864,121.5107,16
500103004,20231111,1371,23,7,1,25.06864,121.5107,16
500103004,20231111,1372,23,6,1,25.06864,121.5107,17
500103004,20231111,1373,23,6,1,25.06864,121.5107,17
500103004,20231111,1374,23,6,1,25.06864,121.5107,17
500103004,20231111,1375,23,6,1,25.06864,121.5107,17
500103004,20231111,1376,23,6,1,25.06864,121.5107,17
500103004,20231111,1377,23,6,1,25.06864,121.5107,17
500103004,20231111,1378,23,6,1,25.06864,121.5107,17
500103004,20231111,1379,23,6,1,25.06864,121.5107,17
500103004,20231111,1381,23,6,1,25.06864,121.5107,17
500103004,20231111,1382,23,6,1,25.06864,121.5107,17
500103004,20231111,1383,23,6,1,25.06864,121.5107,17
500103004,20231111,1384,23,5,1,25.06864,121.5107,18
500103004,20231111,1385,23,5,1,25.06864,121.5107,18
500103004,20231111,1386,23,5,1,25.06864,121.5107,18
500103004,20231111,1387,23,5,1,25.06864,121.5107,18
500103004,20231111,1388,23,5,1,25.06864,121.5107,18
500103004,20231111,1389,23,5,1,25.06864,121.5107,18
500103004,20231111,1390,23,5,1,25.06864,121.5107,18
500103004,20231111,1391,23,5,1,25.06864,121.5107,18
500103004,20231111,1392,23,5,1,25.06864,121.5107,18
500103004,20231111,1393,23,5,1,25.06864,121.5107,18
500103004,20231111,1394,23,4,1,25.06864,121.5107,19
500103004,20231111,1395,23,4,1,25.06864,121.5107,19
500103004,20231111,1396,23,4,1,25.06864,121.5107,19
500103004,20231111,1397,23,4,1,25.06864,121.5107,19
500103004,20231111,1398,23,4,1,25.06864,121.5107,19
500103004,20231111,1399,23,5,1,25.06864,121.5107,18
500103004,20231111,1401,23,5,1,25.06864,121.5107,18
500103004,20231111,1402,23,4,1,25.06864,121.5107,19
500103004,20231111,1403,23,4,1,25.06864,121.5107,19
500103004,20231111,1404,23,4,1,25.06864,121.5107,19
500103004,20231111,1405,23,4,1,25.06864,121.5107,19
500103004,20231111,1406,23,4,1,25.06864,121.5107,19
500103004,20231111,1407,23,1,1,25.06864,121.5107,22
500103004,20231111,1408,23,0,1,25.06864,121.5107,23
500103004,20231111,1409,23,0,1,25.06864,121.5107,23
500103004,20231111,1410,23,0,1,25.06864,121.5107,23
500103004,20231111,1411,23,0,1,25.06864,121.5107,23
500103004,20231111,1412,23,0,1,25.06864,121.5107,23
500103004,20231111,1413,23,0,1,25.06864,121.5107,23
500103004,20231111,1414,23,0,1,25.06864,121.5107,23
500103004,20231111,1415,23,0,1,25.06864,121.5107,23
500103004,20231111,1416,23,0,1,25.06864,121.5107,23
500103004,20231111,1417,23,0,1,25.06864,121.5107,23
500103004,20231111,1418,23,0,1,25.06864,121.5107,23
500103004,20231111,1419,23,0,1,25.06864,121.5107,23
500103004,20231111,1420,23,0,1,25.06864,121.5107,23
500103004,20231111,1421,23,0,1,25.06864,121.5107,23
500103004,20231111,1422,23,0,1,25.06864,121.5107,23
500103004,20231111,1423,23,0,1,25.06864,121.5107,23
500103004,20231111,1424,23,0,1,25.06864,121.5107,23
500103004,20231111,1425,23,0,1,25.06864,121.5107,23
500103004,20231111,1426,23,0,1,25.06864,121.5107,23
500103004,20231111,1427,23,0,1,25.06864,121.5107,23
500103004,20231111,1428,23,0,1,25.06864,121.5107,23
500103004,20231111,1429,23,1,1,25.06864,121.5107,22
500103004,20231111,1430,23,0,1,25.06864,121.5107,23
500103004,20231111,1431,23,0,1,25.06864,121.5107,23
500103004,20231111,1432,23,0,1,25.06864,121.5107,23
500103004,20231111,1433,23,1,1,25.06864,121.5107,22
500103004,20231111,1434,23,1,1,25.06864,121.5107,22
500103004,20231111,1435,23,0,1,25.06864,121.5107,23
500103004,20231111,1436,23,1,1,25.06864,121.5107,22
500103004,20231111,1437,23,1,1,25.06864,121.5107,22
500103004,20231111,1438,23,0,1,25.06864,121.5107,23
500103004,20231111,1439,23,0,1,25.06864,121.5107,23
500103004,20231112,1,23,0,1,25.06864,121.5107,23
500103004,20231112,2,23,0,1,25.06864,121.5107,23
500103004,20231112,3,23,0,1,25.06864,121.5107,23
500103004,20231112,4,23,0,1,25.06864,121.5107,23
500103004,20231112,5,23,0,1,25.06864,121.5107,23
500103004,20231112,6,23,0,1,25.06864,121.5107,23
500103004,20231112,7,23,0,1,25.06864,121.5107,23
500103004,20231112,8,23,0,1,25.06864,121.5107,23
500103004,20231112,9,23,0,1,25.06864,121.5107,23
500103004,20231112,10,23,0,1,25.06864,121.5107,23
500103004,20231112,11,23,0,1,25.06864,121.5107,23
500103004,20231112,12,23,0,1,25.06864,121.5107,23
500103004,20231112,13,23,0,1,25.06864,121.5107,23
500103004,20231112,14,23,0,1,25.06864,121.5107,23
500103004,20231112,15,23,0,1,25.06864,121.5107,23
500103004,20231112,16,23,0,1,25.06864,121.5107,23
500103004,20231112,17,23,0,1,25.06864,121.5107,23
500103004,20231112,18,23,0,1,25.06864,121.5107,23
500103004,20231112,19,23,0,1,25.06864,121.5107,23
500103004,20231112,21,23,0,1,25.06864,121.5107,23
500103004,20231112,22,23,0,1,25.06864,121.5107,23
500103004,20231112,23,23,0,1,25.06864,121.5107,23
500103004,20231112,24,23,0,1,25.06864,121.5107,23
500103004,20231112,25,23,0,1,25.06864,121.5107,23
500103004,20231112,26,23,0,1,25.06864,121.5107,23
500103004,20231112,27,23,0,1,25.06864,121.5107,23
500103004,20231112,28,23,0,1,25.06864,121.5107,23
500103004,20231112,29,23,0,1,25.06864,121.5107,23
500103004,20231112,30,23,0,1,25.06864,121.5107,23
500103004,20231112,31,23,0,1,25.06864,121.5107,23
500103004,20231112,32,23,0,1,25.06864,121.5107,23
500103004,20231112,33,23,0,1,25.06864,121.5107,23
500103004,20231112,34,23,0,1,25.06864,121.5107,23
500103004,20231112,35,23,0,1,25.06864,121.5107,23
500103004,20231112,36,23,0,1,25.06864,121.5107,23
500103004,20231112,37,23,0,1,25.06864,121.5107,23
500103004,20231112,38,23,0,1,25.06864,121.5107,23
500103004,20231112,39,23,0,1,25.06864,121.5107,23
500103004,20231112,40,23,0,1,25.06864,121.5107,23
500103004,20231112,41,23,0,1,25.06864,121.5107,23
500103004,20231112,42,23,0,1,25.06864,121.5107,23
500103004,20231112,43,23,0,1,25.06864,121.5107,23
500103004,20231112,44,23,0,1,25.06864,121.5107,23
500103004,20231112,45,23,2,1,25.06864,121.5107,21
500103004,20231112,46,23,2,1,25.06864,121.5107,21
500103004,20231112,47,23,2,1,25.06864,121.5107,21
500103004,20231112,48,23,2,1,25.06864,121.5107,21
500103004,20231112,49,23,2,1,25.06864,121.5107,21
500103004,20231112,50,23,2,1,25.06864,121.5107,21
500103004,20231112,51,23,2,1,25.06864,121.5107,21
500103004,20231112,52,23,2,1,25.06864,121.5107,21
500103004,20231112,53,23,2,1,25.06864,121.5107,21
500103004,20231112,54,23,2,1,25.06864,121.5107,21
500103004,20231112,55,23,2,1,25.06864,121.5107,21
500103004,20231112,56,23,2,1,25.06864,121.5107,21
500103004,20231112,57,23,2,1,25.06864,121.5107,21
500103004,20231112,58,23,2,1,25.06864,121.5107,21
500103004,20231112,59,23,2,1,25.06864,121.5107,21
500103004,20231112,60,23,2,1,25.06864,121.5107,21
500103004,20231112,61,23,4,1,25.06864,121.5107,19
500103004,20231112,62,23,4,1,25.06864,121.5107,19
500103004,20231112,63,23,4,1,25.06864,121.5107,19
500103004,20231112,64,23,4,1,25.06864,121.5107,19
500103004,20231112,65,23,4,1,25.06864,121.5107,19
500103004,20231112,66,23,4,1,25.06864,121.5107,19
500103004,20231112,67,23,4,1,25.06864,121.5107,19
500103004,20231112,68,23,4,1,25.06864,121.5107,19
500103004,20231112,69,23,4,1,25.06864,121.5107,19
500103004,20231112,70,23,4,1,25.06864,121.5107,19
500103004,20231112,71,23,4,1,25.06864,121.5107,19
500103004,20231112,72,23,4,1,25.06864,121.5107,19
500103004,20231112,73,23,4,1,25.06864,121.5107,19
500103004,20231112,74,23,4,1,25.06864,121.5107,19
500103004,20231112,75,23,4,1,25.06864,121.5107,19
500103004,20231112,76,23,4,1,25.06864,121.5107,19
500103004,20231112,77,23,4,1,25.06864,121.5107,19
500103004,20231112,78,23,4,1,25.06864,121.5107,19
500103004,20231112,79,23,4,1,25.06864,121.5107,19
500103004,20231112,81,23,4,1,25.06864,121.5107,19
500103004,20231112,82,23,4,1,25.06864,121.5107,19
500103004,20231112,83,23,4,1,25.06864,121.5107,19
500103004,20231112,84,23,4,1,25.06864,121.5107,19
500103004,20231112,85,23,4,1,25.06864,121.5107,19
500103004,20231112,86,23,4,1,25.06864,121.5107,19
500103004,20231112,87,23,4,1,25.06864,121.5107,19
500103004,20231112,88,23,4,1,25.06864,121.5107,19
500103004,20231112,89,23,4,1,25.06864,121.5107,19
500103004,20231112,90,23,4,1,25.06864,121.5107,19
500103004,20231112,91,23,5,1,25.06864,121.5107,18
500103004,20231112,92,23,5,1,25.06864,121.5107,18
500103004,20231112,93,23,5,1,25.06864,121.5107,18
500103004,20231112,94,23,5,1,25.06864,121.5107,18
500103004,20231112,95,23,5,1,25.06864,121.5107,18
500103004,20231112,96,23,5,1,25.06864,121.5107,18
500103004,20231112,97,23,5,1,25.06864,121.5107,18
500103004,20231112,98,23,6,1,25.06864,121.5107,17
500103004,20231112,99,23,6,1,25.06864,121.5107,17
500103004,20231112,100,23,6,1,25.06864,121.5107,17
500103004,20231112,101,23,6,1,25.06864,121.5107,17
500103004,20231112,102,23,6,1,25.06864,121.5107,17
500103004,20231112,103,23,6,1,25.06864,121.5107,17
500103004,20231112,104,23,6,1,25.06864,121.5107,17
500103004,20231112,105,23,6,1,25.06864,121.5107,17
500103004,20231112,106,23,6,1,25.06864,121.5107,17
500103004,20231112,107,23,6,1,25.06864,121.5107,17
500103004,20231112,108,23,6,1,25.06864,121.5107,17
500103004,20231112,109,23,6,1,25.06864,121.5107,17
500103004,20231112,110,23,6,1,25.06864,121.5107,17
500103004,20231112,111,23,6,1,25.06864,121.5107,17
500103004,20231112,112,23,6,1,25.06864,121.5107,17
500103004,20231112,113,23,6,1,25.06864,121.5107,17
500103004,20231112,114,23,6,1,25.06864,121.5107,17
500103004,20231112,115,23,6,1,25.06864,121.5107,17
500103004,20231112,116,23,6,1,25.06864,121.5107,17
500103004,20231112,117,23,6,1,25.06864,121.5107,17
500103004,20231112,118,23,6,1,25.06864,121.5107,17
500103004,20231112,119,23,6,1,25.06864,121.5107,17
500103004,20231112,121,23,6,1,25.06864,121.5107,17
500103004,20231112,122,23,6,1,25.06864,121.5107,17
500103004,20231112,123,23,6,1,25.06864,121.5107,17
500103004,20231112,125,23,6,1,25.06864,121.5107,17
500103004,20231112,126,23,6,1,25.06864,121.5107,17
500103004,20231112,127,23,6,1,25.06864,121.5107,17
500103004,20231112,128,23,6,1,25.06864,121.5107,17
500103004,20231112,129,23,6,1,25.06864,121.5107,17
500103004,20231112,130,23,6,1,25.06864,121.5107,17
500103004,20231112,131,23,6,1,25.06864,121.5107,17
500103004,20231112,132,23,6,1,25.06864,121.5107,17
500103004,20231112,133,23,6,1,25.06864,121.5107,17
500103004,20231112,134,23,6,1,25.06864,121.5107,17
500103004,20231112,135,23,6,1,25.06864,121.5107,17
500103004,20231112,136,23,5,1,25.06864,121.5107,18
500103004,20231112,137,23,5,1,25.06864,121.5107,18
500103004,20231112,138,23,5,1,25.06864,121.5107,18
500103004,20231112,139,23,5,1,25.06864,121.5107,18
500103004,20231112,141,23,5,1,25.06864,121.5107,18
500103004,20231112,142,23,5,1,25.06864,121.5107,18
500103004,20231112,143,23,5,1,25.06864,121.5107,18
500103004,20231112,144,23,5,1,25.06864,121.5107,18
500103004,20231112,145,23,5,1,25.06864,121.5107,18
500103004,20231112,146,23,5,1,25.06864,121.5107,18
500103004,20231112,147,23,5,1,25.06864,121.5107,18
500103004,20231112,148,23,5,1,25.06864,121.5107,18
500103004,20231112,149,23,5,1,25.06864,121.5107,18
500103004,20231112,150,23,5,1,25.06864,121.5107,18
500103004,20231112,151,23,5,1,25.06864,121.5107,18
500103004,20231112,152,23,5,1,25.06864,121.5107,18
500103004,20231112,153,23,5,1,25.06864,121.5107,18
500103004,20231112,154,23,5,1,25.06864,121.5107,18
500103004,20231112,155,23,5,1,25.06864,121.5107,18
500103004,20231112,156,23,5,1,25.06864,121.5107,18
500103004,20231112,157,23,5,1,25.06864,121.5107,18
500103004,20231112,158,23,5,1,25.06864,121.5107,18
500103004,20231112,159,23,5,1,25.06864,121.5107,18
500103004,20231112,160,23,5,1,25.06864,121.5107,18
500103004,20231112,161,23,5,1,25.06864,121.5107,18
500103004,20231112,162,23,5,1,25.06864,121.5107,18
500103004,20231112,163,23,5,1,25.06864,121.5107,18
500103004,20231112,164,23,5,1,25.06864,121.5107,18
500103004,20231112,165,23,5,1,25.06864,121.5107,18
500103004,20231112,166,23,5,1,25.06864,121.5107,18
500103004,20231112,167,23,5,1,25.06864,121.5107,18
500103004,20231112,168,23,5,1,25.06864,121.5107,18
500103004,20231112,169,23,5,1,25.06864,121.5107,18
500103004,20231112,170,23,5,1,25.06864,121.5107,18
500103004,20231112,171,23,5,1,25.06864,121.5107,18
500103004,20231112,172,23,5,1,25.06864,121.5107,18
500103004,20231112,173,23,5,1,25.06864,121.5107,18
500103004,20231112,174,23,5,1,25.06864,121.5107,18
500103004,20231112,175,23,5,1,25.06864,121.5107,18
500103004,20231112,176,23,5,1,25.06864,121.5107,18
500103004,20231112,177,23,5,1,25.06864,121.5107,18
500103004,20231112,178,23,5,1,25.06864,121.5107,18
500103004,20231112,179,23,5,1,25.06864,121.5107,18
500103004,20231112,180,23,5,1,25.06864,121.5107,18
500103004,20231112,181,23,5,1,25.06864,121.5107,18
500103004,20231112,182,23,5,1,25.06864,121.5107,18
500103004,20231112,183,23,5,1,25.06864,121.5107,18
500103004,20231112,184,23,5,1,25.06864,121.5107,18
500103004,20231112,185,23,5,1,25.06864,121.5107,18
500103004,20231112,186,23,5,1,25.06864,121.5107,18
500103004,20231112,187,23,5,1,25.06864,121.5107,18
500103004,20231112,188,23,5,1,25.06864,121.5107,18
500103004,20231112,189,23,5,1,25.06864,121.5107,18
500103004,20231112,190,23,5,1,25.06864,121.5107,18
500103004,20231112,191,23,5,1,25.06864,121.5107,18
500103004,20231112,192,23,5,1,25.06864,121.5107,18
500103004,20231112,193,23,5,1,25.06864,121.5107,18
500103004,20231112,194,23,5,1,25.06864,121.5107,18
500103004,20231112,195,23,5,1,25.06864,121.5107,18
500103004,20231112,196,23,5,1,25.06864,121.5107,18
500103004,20231112,197,23,5,1,25.06864,121.5107,18
500103004,20231112,198,23,5,1,25.06864,121.5107,18
500103004,20231112,199,23,5,1,25.06864,121.5107,18
500103004,20231112,201,23,5,1,25.06864,121.5107,18
500103004,20231112,202,23,5,1,25.06864,121.5107,18
500103004,20231112,203,23,5,1,25.06864,121.5107,18
500103004,20231112,204,23,5,1,25.06864,121.5107,18
500103004,20231112,205,23,5,1,25.06864,121.5107,18
500103004,20231112,206,23,5,1,25.06864,121.5107,18
500103004,20231112,207,23,5,1,25.06864,121.5107,18
500103004,20231112,208,23,5,1,25.06864,121.5107,18
500103004,20231112,209,23,5,1,25.06864,121.5107,18
500103004,20231112,210,23,5,1,25.06864,121.5107,18
500103004,20231112,211,23,5,1,25.06864,121.5107,18
500103004,20231112,212,23,5,1,25.06864,121.5107,18
500103004,20231112,213,23,5,1,25.06864,121.5107,18
500103004,20231112,214,23,5,1,25.06864,121.5107,18
500103004,20231112,215,23,5,1,25.06864,121.5107,18
500103004,20231112,216,23,5,1,25.06864,121.5107,18
500103004,20231112,217,23,7,1,25.06864,121.5107,16
500103004,20231112,218,23,9,1,25.06864,121.5107,14
500103004,20231112,219,23,9,1,25.06864,121.5107,14
500103004,20231112,220,23,9,1,25.06864,121.5107,14
500103004,20231112,221,23,8,1,25.06864,121.5107,15
500103004,20231112,222,23,8,1,25.06864,121.5107,15
500103004,20231112,223,23,8,1,25.06864,121.5107,15
500103004,20231112,224,23,8,1,25.06864,121.5107,15
500103004,20231112,225,23,8,1,25.06864,121.5107,15
500103004,20231112,226,23,8,1,25.06864,121.5107,15
500103004,20231112,227,23,8,1,25.06864,121.5107,15
500103004,20231112,228,23,8,1,25.06864,121.5107,15
500103004,20231112,229,23,8,1,25.06864,121.5107,15
500103004,20231112,230,23,8,1,25.06864,121.5107,15
500103004,20231112,231,23,8,1,25.06864,121.5107,15
500103004,20231112,232,23,8,1,25.06864,121.5107,15
500103004,20231112,233,23,8,1,25.06864,121.5107,15
500103004,20231112,234,23,8,1,25.06864,121.5107,15
500103004,20231112,235,23,8,1,25.06864,121.5107,15
500103004,20231112,236,23,8,1,25.06864,121.5107,15
500103004,20231112,237,23,8,1,25.06864,121.5107,15
500103004,20231112,238,23,8,1,25.06864,121.5107,15
500103004,20231112,239,23,8,1,25.06864,121.5107,15
500103004,20231112,240,23,8,1,25.06864,121.5107,15
500103004,20231112,241,23,8,1,25.06864,121.5107,15
500103004,20231112,242,23,8,1,25.06864,121.5107,15
500103004,20231112,243,23,8,1,25.06864,121.5107,15
500103004,20231112,244,23,8,1,25.06864,121.5107,15
500103004,20231112,245,23,8,1,25.06864,121.5107,15
500103004,20231112,246,23,9,1,25.06864,121.5107,14
500103004,20231112,247,23,9,1,25.06864,121.5107,14
500103004,20231112,248,23,9,1,25.06864,121.5107,14
500103004,20231112,249,23,9,1,25.06864,121.5107,14
500103004,20231112,250,23,9,1,25.06864,121.5107,14
500103004,20231112,251,23,9,1,25.06864,121.5107,14
500103004,20231112,252,23,9,1,25.06864,121.5107,14
500103004,20231112,253,23,10,1,25.06864,121.5107,13
500103004,20231112,254,23,10,1,25.06864,121.5107,13
500103004,20231112,255,23,10,1,25.06864,121.5107,13
500103004,20231112,256,23,10,1,25.06864,121.5107,13
500103004,20231112,257,23,10,1,25.06864,121.5107,13
500103004,20231112,258,23,10,1,25.06864,121.5107,13
500103004,20231112,259,23,10,1,25.06864,121.5107,13
500103004,20231112,261,23,10,1,25.06864,121.5107,13
500103004,20231112,262,23,10,1,25.06864,121.5107,13
500103004,20231112,263,23,10,1,25.06864,121.5107,13
500103004,20231112,264,23,10,1,25.06864,121.5107,13
500103004,20231112,265,23,10,1,25.06864,121.5107,13
500103004,20231112,266,23,10,1,25.06864,121.5107,13
500103004,20231112,267,23,10,1,25.06864,121.5107,13
500103004,20231112,268,23,10,1,25.06864,121.5107,13
500103004,20231112,269,23,10,1,25.06864,121.5107,13
500103004,20231112,270,23,10,1,25.06864,121.5107,13
500103004,20231112,271,23,10,1,25.06864,121.5107,13
500103004,20231112,272,23,10,1,25.06864,121.5107,13
500103004,20231112,273,23,9,1,25.06864,121.5107,14
500103004,20231112,274,23,9,1,25.06864,121.5107,14
500103004,20231112,275,23,9,1,25.06864,121.5107,14
500103004,20231112,276,23,9,1,25.06864,121.5107,14
500103004,20231112,277,23,9,1,25.06864,121.5107,14
500103004,20231112,278,23,10,1,25.06864,121.5107,13
500103004,20231112,279,23,10,1,25.06864,121.5107,13
500103004,20231112,280,23,10,1,25.06864,121.5107,13
500103004,20231112,281,23,10,1,25.06864,121.5107,13
500103004,20231112,282,23,10,1,25.06864,121.5107,13
500103004,20231112,283,23,10,1,25.06864,121.5107,13
500103004,20231112,284,23,10,1,25.06864,121.5107,13
500103004,20231112,285,23,10,1,25.06864,121.5107,13
500103004,20231112,286,23,10,1,25.06864,121.5107,13
500103004,20231112,287,23,10,1,25.06864,121.5107,13
500103004,20231112,288,23,10,1,25.06864,121.5107,13
500103004,20231112,289,23,11,1,25.06864,121.5107,12
500103004,20231112,290,23,11,1,25.06864,121.5107,12
500103004,20231112,291,23,11,1,25.06864,121.5107,12
500103004,20231112,292,23,11,1,25.06864,121.5107,12
500103004,20231112,293,23,11,1,25.06864,121.5107,12
500103004,20231112,294,23,11,1,25.06864,121.5107,12
500103004,20231112,295,23,11,1,25.06864,121.5107,12
500103004,20231112,296,23,10,1,25.06864,121.5107,13
500103004,20231112,297,23,10,1,25.06864,121.5107,13
500103004,20231112,298,23,10,1,25.06864,121.5107,13
500103004,20231112,299,23,10,1,25.06864,121.5107,13
500103004,20231112,300,23,10,1,25.06864,121.5107,13
500103004,20231112,301,23,10,1,25.06864,121.5107,13
500103004,20231112,302,23,10,1,25.06864,121.5107,13
500103004,20231112,303,23,10,1,25.06864,121.5107,13
500103004,20231112,304,23,10,1,25.06864,121.5107,13
500103004,20231112,305,23,10,1,25.06864,121.5107,13
500103004,20231112,306,23,10,1,25.06864,121.5107,13
500103004,20231112,307,23,10,1,25.06864,121.5107,13
500103004,20231112,308,23,10,1,25.06864,121.5107,13
500103004,20231112,309,23,10,1,25.06864,121.5107,13
500103004,20231112,310,23,10,1,25.06864,121.5107,13
500103004,20231112,311,23,10,1,25.06864,121.5107,13
500103004,20231112,312,23,10,1,25.06864,121.5107,13
500103004,20231112,313,23,10,1,25.06864,121.5107,13
500103004,20231112,314,23,10,1,25.06864,121.5107,13
500103004,20231112,315,23,10,1,25.06864,121.5107,13
500103004,20231112,316,23,10,1,25.06864,121.5107,13
500103004,20231112,317,23,10,1,25.06864,121.5107,13
500103004,20231112,318,23,10,1,25.06864,121.5107,13
500103004,20231112,319,23,10,1,25.06864,121.5107,13
500103004,20231112,321,23,10,1,25.06864,121.5107,13
500103004,20231112,322,23,10,1,25.06864,121.5107,13
500103004,20231112,323,23,10,1,25.06864,121.5107,13
500103004,20231112,324,23,10,1,25.06864,121.5107,13
500103004,20231112,325,23,10,1,25.06864,121.5107,13
500103004,20231112,326,23,10,1,25.06864,121.5107,13
500103004,20231112,327,23,10,1,25.06864,121.5107,13
500103004,20231112,328,23,10,1,25.06864,121.5107,13
500103004,20231112,329,23,10,1,25.06864,121.5107,13
500103004,20231112,330,23,10,1,25.06864,121.5107,13
500103004,20231112,331,23,10,1,25.06864,121.5107,13
500103004,20231112,332,23,10,1,25.06864,121.5107,13
500103004,20231112,333,23,10,1,25.06864,121.5107,13
500103004,20231112,334,23,10,1,25.06864,121.5107,13
500103004,20231112,335,23,10,1,25.06864,121.5107,13
500103004,20231112,336,23,10,1,25.06864,121.5107,13
500103004,20231112,337,23,10,1,25.06864,121.5107,13
500103004,20231112,338,23,10,1,25.06864,121.5107,13
500103004,20231112,339,23,10,1,25.06864,121.5107,13
500103004,20231112,340,23,10,1,25.06864,121.5107,13
500103004,20231112,341,23,10,1,25.06864,121.5107,13
500103004,20231112,342,23,10,1,25.06864,121.5107,13
500103004,20231112,343,23,10,1,25.06864,121.5107,13
500103004,20231112,344,23,10,1,25.06864,121.5107,13
500103004,20231112,345,23,10,1,25.06864,121.5107,13
500103004,20231112,346,23,10,1,25.06864,121.5107,13
500103004,20231112,347,23,10,1,25.06864,121.5107,13
500103004,20231112,348,23,10,1,25.06864,121.5107,13
500103004,20231112,349,23,11,1,25.06864,121.5107,12
500103004,20231112,350,23,11,1,25.06864,121.5107,12
500103004,20231112,351,23,11,1,25.06864,121.5107,12
500103004,20231112,352,23,11,1,25.06864,121.5107,12
500103004,20231112,353,23,11,1,25.06864,121.5107,12
500103004,20231112,354,23,11,1,25.06864,121.5107,12
500103004,20231112,355,23,11,1,25.06864,121.5107,12
500103004,20231112,356,23,11,1,25.06864,121.5107,12
500103004,20231112,357,23,11,1,25.06864,121.5107,12
500103004,20231112,358,23,11,1,25.06864,121.5107,12
500103004,20231112,359,23,11,1,25.06864,121.5107,12
500103004,20231112,360,23,11,1,25.06864,121.5107,12
500103004,20231112,361,23,11,1,25.06864,121.5107,12
500103004,20231112,362,23,11,1,25.06864,121.5107,12
500103004,20231112,363,23,11,1,25.06864,121.5107,12
500103004,20231112,364,23,11,1,25.06864,121.5107,12
500103004,20231112,365,23,11,1,25.06864,121.5107,12
500103004,20231112,366,23,11,1,25.06864,121.5107,12
500103004,20231112,367,23,11,1,25.06864,121.5107,12
500103004,20231112,369,23,11,1,25.06864,121.5107,12
500103004,20231112,370,23,11,1,25.06864,121.5107,12
500103004,20231112,371,23,11,1,25.06864,121.5107,12
500103004,20231112,372,23,11,1,25.06864,121.5107,12
500103004,20231112,373,23,11,1,25.06864,121.5107,12
500103004,20231112,374,23,11,1,25.06864,121.5107,12
500103004,20231112,375,23,11,1,25.06864,121.5107,12
500103004,20231112,376,23,11,1,25.06864,121.5107,12
500103004,20231112,377,23,11,1,25.06864,121.5107,12
500103004,20231112,378,23,11,1,25.06864,121.5107,12
500103004,20231112,379,23,11,1,25.06864,121.5107,12
500103004,20231112,381,23,11,1,25.06864,121.5107,12
500103004,20231112,382,23,11,1,25.06864,121.5107,12
500103004,20231112,383,23,11,1,25.06864,121.5107,12
500103004,20231112,384,23,11,1,25.06864,121.5107,12
500103004,20231112,385,23,11,1,25.06864,121.5107,12
500103004,20231112,386,23,11,1,25.06864,121.5107,12
500103004,20231112,387,23,11,1,25.06864,121.5107,12
500103004,20231112,388,23,11,1,25.06864,121.5107,12
500103004,20231112,389,23,11,1,25.06864,121.5107,12
500103004,20231112,390,23,11,1,25.06864,121.5107,12
500103004,20231112,391,23,11,1,25.06864,121.5107,12
500103004,20231112,392,23,11,1,25.06864,121.5107,12
500103004,20231112,393,23,11,1,25.06864,121.5107,12
500103004,20231112,394,23,11,1,25.06864,121.5107,12
500103004,20231112,395,23,11,1,25.06864,121.5107,12
500103004,20231112,396,23,11,1,25.06864,121.5107,12
500103004,20231112,397,23,11,1,25.06864,121.5107,12
500103004,20231112,398,23,11,1,25.06864,121.5107,12
500103004,20231112,399,23,11,1,25.06864,121.5107,12
500103004,20231112,400,23,11,1,25.06864,121.5107,12
500103004,20231112,401,23,11,1,25.06864,121.5107,12
500103004,20231112,402,23,11,1,25.06864,121.5107,12
500103004,20231112,403,23,11,1,25.06864,121.5107,12
500103004,20231112,404,23,11,1,25.06864,121.5107,12
500103004,20231112,405,23,11,1,25.06864,121.5107,12
500103004,20231112,406,23,11,1,25.06864,121.5107,12
500103004,20231112,407,23,11,1,25.06864,121.5107,12
500103004,20231112,408,23,11,1,25.06864,121.5107,12
500103004,20231112,409,23,12,1,25.06864,121.5107,11
500103004,20231112,410,23,12,1,25.06864,121.5107,11
500103004,20231112,411,23,13,1,25.06864,121.5107,10
500103004,20231112,412,23,13,1,25.06864,121.5107,10
500103004,20231112,413,23,13,1,25.06864,121.5107,10
500103004,20231112,414,23,13,1,25.06864,121.5107,10
500103004,20231112,415,23,13,1,25.06864,121.5107,10
500103004,20231112,416,23,13,1,25.06864,121.5107,10
500103004,20231112,417,23,13,1,25.06864,121.5107,10
500103004,20231112,418,23,13,1,25.06864,121.5107,10
500103004,20231112,419,23,13,1,25.06864,121.5107,10
500103004,20231112,420,23,13,1,25.06864,121.5107,10
500103004,20231112,421,23,13,1,25.06864,121.5107,10
500103004,20231112,422,23,13,1,25.06864,121.5107,10
500103004,20231112,423,23,13,1,25.06864,121.5107,10
500103004,20231112,424,23,13,1,25.06864,121.5107,10
500103004,20231112,425,23,13,1,25.06864,121.5107,10
500103004,20231112,426,23,13,1,25.06864,121.5107,10
500103004,20231112,427,23,13,1,25.06864,121.5107,10
500103004,20231112,428,23,13,1,25.06864,121.5107,10
500103004,20231112,429,23,13,1,25.06864,121.5107,10
500103004,20231112,430,23,13,1,25.06864,121.5107,10
500103004,20231112,431,23,13,1,25.06864,121.5107,10
500103004,20231112,432,23,13,1,25.06864,121.5107,10
500103004,20231112,433,23,14,1,25.06864,121.5107,9
500103004,20231112,434,23,15,1,25.06864,121.5107,8
500103004,20231112,435,23,15,1,25.06864,121.5107,8
500103004,20231112,436,23,15,1,25.06864,121.5107,8
500103004,20231112,437,23,17,1,25.06864,121.5107,6
500103004,20231112,438,23,17,1,25.06864,121.5107,6
500103004,20231112,439,23,17,1,25.06864,121.5107,6
500103004,20231112,441,23,17,1,25.06864,121.5107,6
500103004,20231112,442,23,17,1,25.06864,121.5107,6
500103004,20231112,443,23,17,1,25.06864,121.5107,6
500103004,20231112,444,23,17,1,25.06864,121.5107,6
500103004,20231112,445,23,17,1,25.06864,121.5107,6
500103004,20231112,446,23,17,1,25.06864,121.5107,6
500103004,20231112,447,23,17,1,25.06864,121.5107,6
500103004,20231112,448,23,17,1,25.06864,121.5107,6
500103004,20231112,449,23,17,1,25.06864,121.5107,6
500103004,20231112,450,23,18,1,25.06864,121.5107,5
500103004,20231112,451,23,18,1,25.06864,121.5107,5
500103004,20231112,452,23,18,1,25.06864,121.5107,5
500103004,20231112,453,23,18,1,25.06864,121.5107,5
500103004,20231112,454,23,18,1,25.06864,121.5107,5
500103004,20231112,455,23,18,1,25.06864,121.5107,5
500103004,20231112,456,23,19,1,25.06864,121.5107,4
500103004,20231112,457,23,19,1,25.06864,121.5107,4
500103004,20231112,458,23,20,1,25.06864,121.5107,3
500103004,20231112,459,23,20,1,25.06864,121.5107,3
500103004,20231112,460,23,20,1,25.06864,121.5107,3
500103004,20231112,461,23,20,1,25.06864,121.5107,3
500103004,20231112,462,23,20,1,25.06864,121.5107,3
500103004,20231112,463,23,20,1,25.06864,121.5107,3
500103004,20231112,464,23,20,1,25.06864,121.5107,3
500103004,20231112,465,23,20,1,25.06864,121.5107,3
500103004,20231112,466,23,21,1,25.06864,121.5107,2
500103004,20231112,467,23,21,1,25.06864,121.5107,2
500103004,20231112,468,23,21,1,25.06864,121.5107,2
500103004,20231112,469,23,21,1,25.06864,121.5107,2
500103004,20231112,470,23,21,1,25.06864,121.5107,2
500103004,20231112,471,23,21,1,25.06864,121.5107,2
500103004,20231112,472,23,21,1,25.06864,121.5107,2
500103004,20231112,473,23,21,1,25.06864,121.5107,2
500103004,20231112,474,23,21,1,25.06864,121.5107,2
500103004,20231112,475,23,21,1,25.06864,121.5107,2
500103004,20231112,476,23,22,1,25.06864,121.5107,1
500103004,20231112,477,23,22,1,25.06864,121.5107,1
500103004,20231112,478,23,22,1,25.06864,121.5107,1
500103004,20231112,479,23,22,1,25.06864,121.5107,1
500103004,20231112,481,23,23,1,25.06864,121.5107,0
500103004,20231112,482,23,23,1,25.06864,121.5107,0
500103004,20231112,483,23,23,1,25.06864,121.5107,0
500103004,20231112,484,23,23,1,25.06864,121.5107,0
500103004,20231112,485,23,23,1,25.06864,121.5107,0
500103004,20231112,486,23,23,1,25.06864,121.5107,0
500103004,20231112,487,23,23,1,25.06864,121.5107,0
500103004,20231112,488,23,23,1,25.06864,121.5107,0
500103004,20231112,489,23,22,1,25.06864,121.5107,1
500103004,20231112,490,23,22,1,25.06864,121.5107,1
500103004,20231112,491,23,22,1,25.06864,121.5107,1
500103004,20231112,492,23,22,1,25.06864,121.5107,1
500103004,20231112,493,23,21,1,25.06864,121.5107,2
500103004,20231112,494,23,21,1,25.06864,121.5107,2
500103004,20231112,495,23,21,1,25.06864,121.5107,2
500103004,20231112,496,23,21,1,25.06864,121.5107,2
500103004,20231112,497,23,21,1,25.06864,121.5107,2
500103004,20231112,498,23,21,1,25.06864,121.5107,2
500103004,20231112,499,23,21,1,25.06864,121.5107,2
500103004,20231112,501,23,21,1,25.06864,121.5107,2
500103004,20231112,502,23,21,1,25.06864,121.5107,2
500103004,20231112,503,23,21,1,25.06864,121.5107,2
500103004,20231112,504,23,21,1,25.06864,121.5107,2
500103004,20231112,505,23,22,1,25.06864,121.5107,1
500103004,20231112,506,23,22,1,25.06864,121.5107,1
500103004,20231112,507,23,22,1,25.06864,121.5107,1
500103004,20231112,508,23,21,1,25.06864,121.5107,2
500103004,20231112,509,23,21,1,25.06864,121.5107,2
500103004,20231112,510,23,22,1,25.06864,121.5107,1
500103004,20231112,511,23,22,1,25.06864,121.5107,1
500103004,20231112,512,23,22,1,25.06864,121.5107,1
500103004,20231112,513,23,22,1,25.06864,121.5107,1
500103004,20231112,514,23,22,1,25.06864,121.5107,1
500103004,20231112,515,23,22,1,25.06864,121.5107,1
500103004,20231112,516,23,22,1,25.06864,121.5107,1
500103004,20231112,517,23,22,1,25.06864,121.5107,1
500103004,20231112,518,23,22,1,25.06864,121.5107,1
500103004,20231112,519,23,22,1,25.06864,121.5107,1
500103004,20231112,520,23,21,1,25.06864,121.5107,2
500103004,20231112,521,23,21,1,25.06864,121.5107,2
500103004,20231112,522,23,21,1,25.06864,121.5107,2
500103004,20231112,523,23,21,1,25.06864,121.5107,2
500103004,20231112,524,23,21,1,25.06864,121.5107,2
500103004,20231112,525,23,21,1,25.06864,121.5107,2
500103004,20231112,526,23,21,1,25.06864,121.5107,2
500103004,20231112,527,23,21,1,25.06864,121.5107,2
500103004,20231112,528,23,21,1,25.06864,121.5107,2
500103004,20231112,529,23,21,1,25.06864,121.5107,2
500103004,20231112,530,23,21,1,25.06864,121.5107,2
500103004,20231112,531,23,21,1,25.06864,121.5107,2
500103004,20231112,532,23,21,1,25.06864,121.5107,2
500103004,20231112,533,23,21,1,25.06864,121.5107,2
500103004,20231112,534,23,21,1,25.06864,121.5107,2
500103004,20231112,535,23,21,1,25.06864,121.5107,2
500103004,20231112,536,23,21,1,25.06864,121.5107,2
500103004,20231112,537,23,20,1,25.06864,121.5107,3
500103004,20231112,538,23,20,1,25.06864,121.5107,3
500103004,20231112,539,23,20,1,25.06864,121.5107,3
500103004,20231112,541,23,20,1,25.06864,121.5107,3
500103004,20231112,542,23,20,1,25.06864,121.5107,3
500103004,20231112,543,23,20,1,25.06864,121.5107,3
500103004,20231112,544,23,20,1,25.06864,121.5107,3
500103004,20231112,545,23,20,1,25.06864,121.5107,3
500103004,20231112,546,23,20,1,25.06864,121.5107,3
500103004,20231112,547,23,21,1,25.06864,121.5107,2
500103004,20231112,548,23,21,1,25.06864,121.5107,2
500103004,20231112,549,23,21,1,25.06864,121.5107,2
500103004,20231112,550,23,21,1,25.06864,121.5107,2
500103004,20231112,551,23,21,1,25.06864,121.5107,2
500103004,20231112,552,23,21,1,25.06864,121.5107,2
500103004,20231112,553,23,21,1,25.06864,121.5107,2
500103004,20231112,554,23,21,1,25.06864,121.5107,2
500103004,20231112,555,23,21,1,25.06864,121.5107,2
500103004,20231112,556,23,21,1,25.06864,121.5107,2
500103004,20231112,557,23,21,1,25.06864,121.5107,2
500103004,20231112,558,23,21,1,25.06864,121.5107,2
500103004,20231112,559,23,21,1,25.06864,121.5107,2
500103004,20231112,561,23,21,1,25.06864,121.5107,2
500103004,20231112,562,23,21,1,25.06864,121.5107,2
500103004,20231112,563,23,21,1,25.06864,121.5107,2
500103004,20231112,564,23,22,1,25.06864,121.5107,1
500103004,20231112,565,23,22,1,25.06864,121.5107,1
500103004,20231112,566,23,22,1,25.06864,121.5107,1
500103004,20231112,567,23,22,1,25.06864,121.5107,1
500103004,20231112,568,23,22,1,25.06864,121.5107,1
500103004,20231112,569,23,22,1,25.06864,121.5107,1
500103004,20231112,571,23,22,1,25.06864,121.5107,1
500103004,20231112,572,23,22,1,25.06864,121.5107,1
500103004,20231112,573,23,23,1,25.06864,121.5107,0
500103004,20231112,574,23,23,1,25.06864,121.5107,0
500103004,20231112,575,23,23,1,25.06864,121.5107,0
500103004,20231112,576,23,23,1,25.06864,121.5107,0
500103004,20231112,577,23,22,1,25.06864,121.5107,1
500103004,20231112,578,23,22,1,25.06864,121.5107,1
500103004,20231112,579,23,22,1,25.06864,121.5107,1
500103004,20231112,580,23,23,1,25.06864,121.5107,0
500103004,20231112,581,23,22,1,25.06864,121.5107,1
500103004,20231112,582,23,22,1,25.06864,121.5107,1
500103004,20231112,583,23,22,1,25.06864,121.5107,1
500103004,20231112,584,23,22,1,25.06864,121.5107,1
500103004,20231112,585,23,22,1,25.06864,121.5107,1
500103004,20231112,586,23,22,1,25.06864,121.5107,1
500103004,20231112,587,23,22,1,25.06864,121.5107,1
500103004,20231112,588,23,23,1,25.06864,121.5107,0
500103004,20231112,589,23,23,1,25.06864,121.5107,0
500103004,20231112,590,23,23,1,25.06864,121.5107,0
500103004,20231112,591,23,23,1,25.06864,121.5107,0
500103004,20231112,592,23,23,1,25.06864,121.5107,0
500103004,20231112,593,23,23,1,25.06864,121.5107,0
500103004,20231112,594,23,23,1,25.06864,121.5107,0
500103004,20231112,595,23,23,1,25.06864,121.5107,0
500103004,20231112,596,23,22,1,25.06864,121.5107,1
500103004,20231112,597,23,22,1,25.06864,121.5107,1
500103004,20231112,598,23,22,1,25.06864,121.5107,1
500103004,20231112,599,23,22,1,25.06864,121.5107,1
500103004,20231112,601,23,23,1,25.06864,121.5107,0
500103004,20231112,602,23,23,1,25.06864,121.5107,0
500103004,20231112,603,23,23,1,25.06864,121.5107,0
500103004,20231112,604,23,23,1,25.06864,121.5107,0
500103004,20231112,605,23,23,1,25.06864,121.5107,0
500103004,20231112,606,23,23,1,25.06864,121.5107,0
500103004,20231112,608,23,23,1,25.06864,121.5107,0
500103004,20231112,609,23,23,1,25.06864,121.5107,0
500103004,20231112,610,23,23,1,25.06864,121.5107,0
500103004,20231112,611,23,23,1,25.06864,121.5107,0
500103004,20231112,612,23,23,1,25.06864,121.5107,0
500103004,20231112,613,23,23,1,25.06864,121.5107,0
500103004,20231112,614,23,23,1,25.06864,121.5107,0
500103004,20231112,615,23,23,1,25.06864,121.5107,0
500103004,20231112,616,23,23,1,25.06864,121.5107,0
500103004,20231112,617,23,23,1,25.06864,121.5107,0
500103004,20231112,618,23,23,1,25.06864,121.5107,0
500103004,20231112,619,23,23,1,25.06864,121.5107,0
500103004,20231112,621,23,23,1,25.06864,121.5107,0
500103004,20231112,622,23,23,1,25.06864,121.5107,0
500103004,20231112,623,23,23,1,25.06864,121.5107,0
500103004,20231112,624,23,21,1,25.06864,121.5107,2
500103004,20231112,625,23,22,1,25.06864,121.5107,1
500103004,20231112,626,23,21,1,25.06864,121.5107,2
500103004,20231112,627,23,22,1,25.06864,121.5107,1
500103004,20231112,628,23,22,1,25.06864,121.5107,1
500103004,20231112,629,23,22,1,25.06864,121.5107,1
500103004,20231112,631,23,22,1,25.06864,121.5107,1
500103004,20231112,632,23,22,1,25.06864,121.5107,1
500103004,20231112,633,23,22,1,25.06864,121.5107,1
500103004,20231112,634,23,22,1,25.06864,121.5107,1
500103004,20231112,635,23,22,1,25.06864,121.5107,1
500103004,20231112,636,23,22,1,25.06864,121.5107,1
500103004,20231112,637,23,22,1,25.06864,121.5107,1
500103004,20231112,638,23,22,1,25.06864,121.5107,1
500103004,20231112,639,23,22,1,25.06864,121.5107,1
500103004,20231112,640,23,22,1,25.06864,121.5107,1
500103004,20231112,641,23,22,1,25.06864,121.5107,1
500103004,20231112,642,23,22,1,25.06864,121.5107,1
500103004,20231112,643,23,22,1,25.06864,121.5107,1
500103004,20231112,644,23,22,1,25.06864,121.5107,1
500103004,20231112,645,23,23,1,25.06864,121.5107,0
500103004,20231112,646,23,23,1,25.06864,121.5107,0
500103004,20231112,647,23,23,1,25.06864,121.5107,0
500103004,20231112,648,23,23,1,25.06864,121.5107,0
500103004,20231112,649,23,23,1,25.06864,121.5107,0
500103004,20231112,650,23,21,1,25.06864,121.5107,2
500103004,20231112,651,23,21,1,25.06864,121.5107,2
500103004,20231112,652,23,21,1,25.06864,121.5107,2
500103004,20231112,653,23,21,1,25.06864,121.5107,2
500103004,20231112,654,23,21,1,25.06864,121.5107,2
500103004,20231112,655,23,21,1,25.06864,121.5107,2
500103004,20231112,656,23,21,1,25.06864,121.5107,2
500103004,20231112,657,23,21,1,25.06864,121.5107,2
500103004,20231112,658,23,20,1,25.06864,121.5107,3
500103004,20231112,659,23,20,1,25.06864,121.5107,3
500103004,20231112,661,23,20,1,25.06864,121.5107,3
500103004,20231112,662,23,20,1,25.06864,121.5107,3
500103004,20231112,663,23,21,1,25.06864,121.5107,2
500103004,20231112,664,23,21,1,25.06864,121.5107,2
500103004,20231112,665,23,21,1,25.06864,121.5107,2
500103004,20231112,666,23,21,1,25.06864,121.5107,2
500103004,20231112,667,23,20,1,25.06864,121.5107,3
500103004,20231112,668,23,20,1,25.06864,121.5107,3
500103004,20231112,669,23,21,1,25.06864,121.5107,2
500103004,20231112,670,23,22,1,25.06864,121.5107,1
500103004,20231112,671,23,21,1,25.06864,121.5107,2
500103004,20231112,672,23,22,1,25.06864,121.5107,1
500103004,20231112,673,23,22,1,25.06864,121.5107,1
500103004,20231112,674,23,23,1,25.06864,121.5107,0
500103004,20231112,675,23,23,1,25.06864,121.5107,0
500103004,20231112,676,23,23,1,25.06864,121.5107,0
500103004,20231112,677,23,23,1,25.06864,121.5107,0
500103004,20231112,678,23,23,1,25.06864,121.5107,0
500103004,20231112,679,23,23,1,25.06864,121.5107,0
500103004,20231112,681,23,23,1,25.06864,121.5107,0
500103004,20231112,682,23,23,1,25.06864,121.5107,0
500103004,20231112,683,23,23,1,25.06864,121.5107,0
500103004,20231112,684,23,23,1,25.06864,121.5107,0
500103004,20231112,685,23,23,1,25.06864,121.5107,0
500103004,20231112,686,23,23,1,25.06864,121.5107,0
500103004,20231112,687,23,23,1,25.06864,121.5107,0
500103004,20231112,688,23,23,1,25.06864,121.5107,0
500103004,20231112,689,23,23,1,25.06864,121.5107,0
500103004,20231112,691,23,22,1,25.06864,121.5107,1
500103004,20231112,692,23,22,1,25.06864,121.5107,1
500103004,20231112,693,23,22,1,25.06864,121.5107,1
500103004,20231112,694,23,22,1,25.06864,121.5107,1
500103004,20231112,695,23,22,1,25.06864,121.5107,1
500103004,20231112,696,23,22,1,25.06864,121.5107,1
500103004,20231112,697,23,23,1,25.06864,121.5107,0
500103004,20231112,698,23,23,1,25.06864,121.5107,0
500103004,20231112,699,23,23,1,25.06864,121.5107,0
500103004,20231112,700,23,23,1,25.06864,121.5107,0
500103004,20231112,701,23,22,1,25.06864,121.5107,1
500103004,20231112,702,23,22,1,25.06864,121.5107,1
500103004,20231112,703,23,22,1,25.06864,121.5107,1
500103004,20231112,704,23,22,1,25.06864,121.5107,1
500103004,20231112,705,23,22,1,25.06864,121.5107,1
500103004,20231112,706,23,22,1,25.06864,121.5107,1
500103004,20231112,707,23,22,1,25.06864,121.5107,1
500103004,20231112,708,23,22,1,25.06864,121.5107,1
500103004,20231112,709,23,22,1,25.06864,121.5107,1
500103004,20231112,710,23,22,1,25.06864,121.5107,1
500103004,20231112,711,23,22,1,25.06864,121.5107,1
500103004,20231112,712,23,22,1,25.06864,121.5107,1
500103004,20231112,713,23,22,1,25.06864,121.5107,1
500103004,20231112,714,23,22,1,25.06864,121.5107,1
500103004,20231112,715,23,22,1,25.06864,121.5107,1
500103004,20231112,716,23,22,1,25.06864,121.5107,1
500103004,20231112,717,23,20,1,25.06864,121.5107,3
500103004,20231112,718,23,20,1,25.06864,121.5107,3
500103004,20231112,719,23,20,1,25.06864,121.5107,3
500103004,20231112,721,23,22,1,25.06864,121.5107,1
500103004,20231112,722,23,22,1,25.06864,121.5107,1
500103004,20231112,723,23,23,1,25.06864,121.5107,0
500103004,20231112,724,23,23,1,25.06864,121.5107,0
500103004,20231112,725,23,23,1,25.06864,121.5107,0
500103004,20231112,726,23,23,1,25.06864,121.5107,0
500103004,20231112,727,23,23,1,25.06864,121.5107,0
500103004,20231112,728,23,23,1,25.06864,121.5107,0
500103004,20231112,729,23,23,1,25.06864,121.5107,0
500103004,20231112,730,23,23,1,25.06864,121.5107,0
500103004,20231112,731,23,23,1,25.06864,121.5107,0
500103004,20231112,732,23,23,1,25.06864,121.5107,0
500103004,20231112,733,23,23,1,25.06864,121.5107,0
500103004,20231112,734,23,23,1,25.06864,121.5107,0
500103004,20231112,735,23,23,1,25.06864,121.5107,0
500103004,20231112,736,23,23,1,25.06864,121.5107,0
500103004,20231112,737,23,23,1,25.06864,121.5107,0
500103004,20231112,738,23,23,1,25.06864,121.5107,0
500103004,20231112,739,23,23,1,25.06864,121.5107,0
500103004,20231112,741,23,23,1,25.06864,121.5107,0
500103004,20231112,742,23,23,1,25.06864,121.5107,0
500103004,20231112,743,23,23,1,25.06864,121.5107,0
500103004,20231112,744,23,23,1,25.06864,121.5107,0
500103004,20231112,745,23,22,1,25.06864,121.5107,1
500103004,20231112,746,23,22,1,25.06864,121.5107,1
500103004,20231112,748,23,22,1,25.06864,121.5107,1
500103004,20231112,749,23,22,1,25.06864,121.5107,1
500103004,20231112,751,23,21,1,25.06864,121.5107,2
500103004,20231112,752,23,21,1,25.06864,121.5107,2
500103004,20231112,753,23,21,1,25.06864,121.5107,2
500103004,20231112,754,23,21,1,25.06864,121.5107,2
500103004,20231112,755,23,22,1,25.06864,121.5107,1
500103004,20231112,756,23,22,1,25.06864,121.5107,1
500103004,20231112,757,23,22,1,25.06864,121.5107,1
500103004,20231112,758,23,22,1,25.06864,121.5107,1
500103004,20231112,759,23,22,1,25.06864,121.5107,1
500103004,20231112,761,23,22,1,25.06864,121.5107,1
500103004,20231112,762,23,22,1,25.06864,121.5107,1
500103004,20231112,763,23,22,1,25.06864,121.5107,1
500103004,20231112,764,23,22,1,25.06864,121.5107,1
500103004,20231112,765,23,22,1,25.06864,121.5107,1
500103004,20231112,766,23,22,1,25.06864,121.5107,1
500103004,20231112,767,23,21,1,25.06864,121.5107,2
500103004,20231112,768,23,21,1,25.06864,121.5107,2
500103004,20231112,769,23,21,1,25.06864,121.5107,2
500103004,20231112,771,23,23,1,25.06864,121.5107,0
500103004,20231112,772,23,23,1,25.06864,121.5107,0
500103004,20231112,773,23,23,1,25.06864,121.5107,0
500103004,20231112,774,23,23,1,25.06864,121.5107,0
500103004,20231112,775,23,23,1,25.06864,121.5107,0
500103004,20231112,776,23,23,1,25.06864,121.5107,0
500103004,20231112,777,23,23,1,25.06864,121.5107,0
500103004,20231112,778,23,23,1,25.06864,121.5107,0
500103004,20231112,779,23,23,1,25.06864,121.5107,0
500103004,20231112,781,23,23,1,25.06864,121.5107,0
500103004,20231112,782,23,23,1,25.06864,121.5107,0
500103004,20231112,783,23,22,1,25.06864,121.5107,1
500103004,20231112,784,23,22,1,25.06864,121.5107,1
500103004,20231112,785,23,22,1,25.06864,121.5107,1
500103004,20231112,786,23,22,1,25.06864,121.5107,1
500103004,20231112,787,23,22,1,25.06864,121.5107,1
500103004,20231112,788,23,23,1,25.06864,121.5107,0
500103004,20231112,789,23,23,1,25.06864,121.5107,0
500103004,20231112,791,23,23,1,25.06864,121.5107,0
500103004,20231112,792,23,23,1,25.06864,121.5107,0
500103004,20231112,793,23,23,1,25.06864,121.5107,0
500103004,20231112,794,23,23,1,25.06864,121.5107,0
500103004,20231112,795,23,23,1,25.06864,121.5107,0
500103004,20231112,796,23,23,1,25.06864,121.5107,0
500103004,20231112,797,23,23,1,25.06864,121.5107,0
500103004,20231112,798,23,23,1,25.06864,121.5107,0
500103004,20231112,799,23,23,1,25.06864,121.5107,0
500103004,20231112,801,23,23,1,25.06864,121.5107,0
500103004,20231112,802,23,23,1,25.06864,121.5107,0
500103004,20231112,803,23,23,1,25.06864,121.5107,0
500103004,20231112,804,23,23,1,25.06864,121.5107,0
500103004,20231112,805,23,23,1,25.06864,121.5107,0
500103004,20231112,806,23,23,1,25.06864,121.5107,0
500103004,20231112,807,23,23,1,25.06864,121.5107,0
500103004,20231112,808,23,21,1,25.06864,121.5107,2
500103004,20231112,809,23,22,1,25.06864,121.5107,1
500103004,20231112,811,23,21,1,25.06864,121.5107,2
500103004,20231112,812,23,21,1,25.06864,121.5107,2
500103004,20231112,813,23,20,1,25.06864,121.5107,3
500103004,20231112,814,23,21,1,25.06864,121.5107,2
500103004,20231112,815,23,20,1,25.06864,121.5107,3
500103004,20231112,816,23,20,1,25.06864,121.5107,3
500103004,20231112,817,23,20,1,25.06864,121.5107,3
500103004,20231112,818,23,20,1,25.06864,121.5107,3
500103004,20231112,819,23,20,1,25.06864,121.5107,3
500103004,20231112,821,23,20,1,25.06864,121.5107,3
500103004,20231112,822,23,20,1,25.06864,121.5107,3
500103004,20231112,823,23,20,1,25.06864,121.5107,3
500103004,20231112,824,23,20,1,25.06864,121.5107,3
500103004,20231112,825,23,21,1,25.06864,121.5107,2
500103004,20231112,826,23,21,1,25.06864,121.5107,2
500103004,20231112,827,23,21,1,25.06864,121.5107,2
500103004,20231112,828,23,21,1,25.06864,121.5107,2
500103004,20231112,829,23,21,1,25.06864,121.5107,2
500103004,20231112,831,23,20,1,25.06864,121.5107,3
500103004,20231112,832,23,20,1,25.06864,121.5107,3
500103004,20231112,833,23,20,1,25.06864,121.5107,3
500103004,20231112,834,23,20,1,25.06864,121.5107,3
500103004,20231112,835,23,20,1,25.06864,121.5107,3
500103004,20231112,836,23,20,1,25.06864,121.5107,3
500103004,20231112,837,23,20,1,25.06864,121.5107,3
500103004,20231112,838,23,20,1,25.06864,121.5107,3
500103004,20231112,839,23,20,1,25.06864,121.5107,3
500103004,20231112,841,23,20,1,25.06864,121.5107,3
500103004,20231112,842,23,20,1,25.06864,121.5107,3
500103004,20231112,843,23,20,1,25.06864,121.5107,3
500103004,20231112,844,23,20,1,25.06864,121.5107,3
500103004,20231112,845,23,22,1,25.06864,121.5107,1
500103004,20231112,846,23,21,1,25.06864,121.5107,2
500103004,20231112,847,23,21,1,25.06864,121.5107,2
500103004,20231112,848,23,22,1,25.06864,121.5107,1
500103004,20231112,849,23,22,1,25.06864,121.5107,1
500103004,20231112,851,23,23,1,25.06864,121.5107,0
500103004,20231112,852,23,23,1,25.06864,121.5107,0
500103004,20231112,853,23,23,1,25.06864,121.5107,0
500103004,20231112,854,23,23,1,25.06864,121.5107,0
500103004,20231112,855,23,23,1,25.06864,121.5107,0
500103004,20231112,856,23,23,1,25.06864,121.5107,0
500103004,20231112,857,23,23,1,25.06864,121.5107,0
500103004,20231112,858,23,23,1,25.06864,121.5107,0
500103004,20231112,859,23,23,1,25.06864,121.5107,0
500103004,20231112,861,23,23,1,25.06864,121.5107,0
500103004,20231112,862,23,23,1,25.06864,121.5107,0
500103004,20231112,863,23,23,1,25.06864,121.5107,0
500103004,20231112,864,23,22,1,25.06864,121.5107,1
500103004,20231112,865,23,22,1,25.06864,121.5107,1
500103004,20231112,866,23,22,1,25.06864,121.5107,1
500103004,20231112,867,23,22,1,25.06864,121.5107,1
500103004,20231112,868,23,22,1,25.06864,121.5107,1
500103004,20231112,869,23,22,1,25.06864,121.5107,1
500103004,20231112,871,23,22,1,25.06864,121.5107,1
500103004,20231112,872,23,23,1,25.06864,121.5107,0
500103004,20231112,873,23,23,1,25.06864,121.5107,0
500103004,20231112,874,23,23,1,25.06864,121.5107,0
500103004,20231112,875,23,23,1,25.06864,121.5107,0
500103004,20231112,876,23,23,1,25.06864,121.5107,0
500103004,20231112,877,23,23,1,25.06864,121.5107,0
500103004,20231112,878,23,23,1,25.06864,121.5107,0
500103004,20231112,879,23,23,1,25.06864,121.5107,0
500103004,20231112,880,23,21,1,25.06864,121.5107,2
500103004,20231112,881,23,21,1,25.06864,121.5107,2
500103004,20231112,882,23,20,1,25.06864,121.5107,3
500103004,20231112,883,23,20,1,25.06864,121.5107,3
500103004,20231112,884,23,20,1,25.06864,121.5107,3
500103004,20231112,885,23,20,1,25.06864,121.5107,3
500103004,20231112,886,23,20,1,25.06864,121.5107,3
500103004,20231112,887,23,20,1,25.06864,121.5107,3
500103004,20231112,888,23,20,1,25.06864,121.5107,3
500103004,20231112,889,23,20,1,25.06864,121.5107,3
500103004,20231112,890,23,20,1,25.06864,121.5107,3
500103004,20231112,891,23,20,1,25.06864,121.5107,3
500103004,20231112,892,23,19,1,25.06864,121.5107,4
500103004,20231112,893,23,19,1,25.06864,121.5107,4
500103004,20231112,894,23,19,1,25.06864,121.5107,4
500103004,20231112,895,23,19,1,25.06864,121.5107,4
500103004,20231112,896,23,19,1,25.06864,121.5107,4
500103004,20231112,897,23,19,1,25.06864,121.5107,4
500103004,20231112,898,23,19,1,25.06864,121.5107,4
500103004,20231112,899,23,19,1,25.06864,121.5107,4
500103004,20231112,901,23,19,1,25.06864,121.5107,4
500103004,20231112,902,23,19,1,25.06864,121.5107,4
500103004,20231112,903,23,19,1,25.06864,121.5107,4
500103004,20231112,904,23,20,1,25.06864,121.5107,3
500103004,20231112,905,23,20,1,25.06864,121.5107,3
500103004,20231112,906,23,20,1,25.06864,121.5107,3
500103004,20231112,907,23,19,1,25.06864,121.5107,4
500103004,20231112,908,23,19,1,25.06864,121.5107,4
500103004,20231112,909,23,19,1,25.06864,121.5107,4
500103004,20231112,910,23,19,1,25.06864,121.5107,4
500103004,20231112,911,23,19,1,25.06864,121.5107,4
500103004,20231112,912,23,19,1,25.06864,121.5107,4
500103004,20231112,913,23,19,1,25.06864,121.5107,4
500103004,20231112,914,23,19,1,25.06864,121.5107,4
500103004,20231112,915,23,19,1,25.06864,121.5107,4
500103004,20231112,916,23,19,1,25.06864,121.5107,4
500103004,20231112,917,23,19,1,25.06864,121.5107,4
500103004,20231112,918,23,20,1,25.06864,121.5107,3
500103004,20231112,919,23,20,1,25.06864,121.5107,3
500103004,20231112,921,23,20,1,25.06864,121.5107,3
500103004,20231112,922,23,20,1,25.06864,121.5107,3
500103004,20231112,923,23,20,1,25.06864,121.5107,3
500103004,20231112,924,23,20,1,25.06864,121.5107,3
500103004,20231112,925,23,20,1,25.06864,121.5107,3
500103004,20231112,926,23,20,1,25.06864,121.5107,3
500103004,20231112,927,23,20,1,25.06864,121.5107,3
500103004,20231112,928,23,20,1,25.06864,121.5107,3
500103004,20231112,929,23,20,1,25.06864,121.5107,3
500103004,20231112,931,23,20,1,25.06864,121.5107,3
500103004,20231112,932,23,20,1,25.06864,121.5107,3
500103004,20231112,933,23,21,1,25.06864,121.5107,2
500103004,20231112,934,23,21,1,25.06864,121.5107,2
500103004,20231112,935,23,21,1,25.06864,121.5107,2
500103004,20231112,936,23,23,1,25.06864,121.5107,0
500103004,20231112,937,23,23,1,25.06864,121.5107,0
500103004,20231112,938,23,23,1,25.06864,121.5107,0
500103004,20231112,939,23,23,1,25.06864,121.5107,0
500103004,20231112,940,23,23,1,25.06864,121.5107,0
500103004,20231112,941,23,23,1,25.06864,121.5107,0
500103004,20231112,942,23,23,1,25.06864,121.5107,0
500103004,20231112,943,23,23,1,25.06864,121.5107,0
500103004,20231112,944,23,23,1,25.06864,121.5107,0
500103004,20231112,945,23,23,1,25.06864,121.5107,0
500103004,20231112,946,23,23,1,25.06864,121.5107,0
500103004,20231112,947,23,23,1,25.06864,121.5107,0
500103004,20231112,948,23,23,1,25.06864,121.5107,0
500103004,20231112,949,23,23,1,25.06864,121.5107,0
500103004,20231112,950,23,23,1,25.06864,121.5107,0
500103004,20231112,951,23,23,1,25.06864,121.5107,0
500103004,20231112,952,23,23,1,25.06864,121.5107,0
500103004,20231112,953,23,23,1,25.06864,121.5107,0
500103004,20231112,954,23,23,1,25.06864,121.5107,0
500103004,20231112,955,23,23,1,25.06864,121.5107,0
500103004,20231112,956,23,23,1,25.06864,121.5107,0
500103004,20231112,957,23,23,1,25.06864,121.5107,0
500103004,20231112,958,23,23,1,25.06864,121.5107,0
500103004,20231112,959,23,23,1,25.06864,121.5107,0
500103004,20231112,961,23,23,1,25.06864,121.5107,0
500103004,20231112,962,23,23,1,25.06864,121.5107,0
500103004,20231112,963,23,23,1,25.06864,121.5107,0
500103004,20231112,964,23,23,1,25.06864,121.5107,0
500103004,20231112,965,23,21,1,25.06864,121.5107,2
500103004,20231112,966,23,21,1,25.06864,121.5107,2
500103004,20231112,967,23,21,1,25.06864,121.5107,2
500103004,20231112,968,23,21,1,25.06864,121.5107,2
500103004,20231112,969,23,21,1,25.06864,121.5107,2
500103004,20231112,970,23,21,1,25.06864,121.5107,2
500103004,20231112,971,23,21,1,25.06864,121.5107,2
500103004,20231112,972,23,21,1,25.06864,121.5107,2
500103004,20231112,973,23,22,1,25.06864,121.5107,1
500103004,20231112,974,23,22,1,25.06864,121.5107,1
500103004,20231112,975,23,22,1,25.06864,121.5107,1
500103004,20231112,976,23,21,1,25.06864,121.5107,2
500103004,20231112,977,23,21,1,25.06864,121.5107,2
500103004,20231112,978,23,21,1,25.06864,121.5107,2
500103004,20231112,979,23,21,1,25.06864,121.5107,2
500103004,20231112,981,23,22,1,25.06864,121.5107,1
500103004,20231112,982,23,23,1,25.06864,121.5107,0
500103004,20231112,983,23,23,1,25.06864,121.5107,0
500103004,20231112,984,23,23,1,25.06864,121.5107,0
500103004,20231112,985,23,23,1,25.06864,121.5107,0
500103004,20231112,986,23,23,1,25.06864,121.5107,0
500103004,20231112,987,23,23,1,25.06864,121.5107,0
500103004,20231112,988,23,23,1,25.06864,121.5107,0
500103004,20231112,989,23,23,1,25.06864,121.5107,0
500103004,20231112,991,23,21,1,25.06864,121.5107,2
500103004,20231112,992,23,21,1,25.06864,121.5107,2
500103004,20231112,993,23,21,1,25.06864,121.5107,2
500103004,20231112,994,23,21,1,25.06864,121.5107,2
500103004,20231112,995,23,21,1,25.06864,121.5107,2
500103004,20231112,996,23,21,1,25.06864,121.5107,2
500103004,20231112,997,23,21,1,25.06864,121.5107,2
500103004,20231112,998,23,21,1,25.06864,121.5107,2
500103004,20231112,999,23,21,1,25.06864,121.5107,2
500103004,20231112,1000,23,21,1,25.06864,121.5107,2
500103004,20231112,1001,23,21,1,25.06864,121.5107,2
500103004,20231112,1003,23,19,1,25.06864,121.5107,4
500103004,20231112,1004,23,19,1,25.06864,121.5107,4
500103004,20231112,1005,23,18,1,25.06864,121.5107,5
500103004,20231112,1006,23,18,1,25.06864,121.5107,5
500103004,20231112,1007,23,18,1,25.06864,121.5107,5
500103004,20231112,1008,23,18,1,25.06864,121.5107,5
500103004,20231112,1009,23,18,1,25.06864,121.5107,5
500103004,20231112,1011,23,20,1,25.06864,121.5107,3
500103004,20231112,1012,23,19,1,25.06864,121.5107,4
500103004,20231112,1013,23,18,1,25.06864,121.5107,5
500103004,20231112,1014,23,18,1,25.06864,121.5107,5
500103004,20231112,1015,23,18,1,25.06864,121.5107,5
500103004,20231112,1016,23,17,1,25.06864,121.5107,6
500103004,20231112,1017,23,17,1,25.06864,121.5107,6
500103004,20231112,1018,23,17,1,25.06864,121.5107,6
500103004,20231112,1019,23,17,1,25.06864,121.5107,6
500103004,20231112,1021,23,18,1,25.06864,121.5107,5
500103004,20231112,1022,23,19,1,25.06864,121.5107,4
500103004,20231112,1023,23,22,1,25.06864,121.5107,1
500103004,20231112,1024,23,22,1,25.06864,121.5107,1
500103004,20231112,1025,23,21,1,25.06864,121.5107,2
500103004,20231112,1026,23,21,1,25.06864,121.5107,2
500103004,20231112,1027,23,22,1,25.06864,121.5107,1
500103004,20231112,1028,23,22,1,25.06864,121.5107,1
500103004,20231112,1029,23,23,1,25.06864,121.5107,0
500103004,20231112,1031,23,23,1,25.06864,121.5107,0
500103004,20231112,1032,23,23,1,25.06864,121.5107,0
500103004,20231112,1033,23,23,1,25.06864,121.5107,0
500103004,20231112,1034,23,23,1,25.06864,121.5107,0
500103004,20231112,1035,23,23,1,25.06864,121.5107,0
500103004,20231112,1036,23,23,1,25.06864,121.5107,0
500103004,20231112,1037,23,23,1,25.06864,121.5107,0
500103004,20231112,1038,23,23,1,25.06864,121.5107,0
500103004,20231112,1039,23,23,1,25.06864,121.5107,0
500103004,20231112,1041,23,23,1,25.06864,121.5107,0
500103004,20231112,1042,23,22,1,25.06864,121.5107,1
500103004,20231112,1043,23,22,1,25.06864,121.5107,1
500103004,20231112,1044,23,22,1,25.06864,121.5107,1
500103004,20231112,1045,23,22,1,25.06864,121.5107,1
500103004,20231112,1046,23,22,1,25.06864,121.5107,1
500103004,20231112,1047,23,22,1,25.06864,121.5107,1
500103004,20231112,1048,23,23,1,25.06864,121.5107,0
500103004,20231112,1049,23,23,1,25.06864,121.5107,0
500103004,20231112,1051,23,21,1,25.06864,121.5107,2
500103004,20231112,1052,23,21,1,25.06864,121.5107,2
500103004,20231112,1053,23,22,1,25.06864,121.5107,1
500103004,20231112,1054,23,20,1,25.06864,121.5107,3
500103004,20231112,1055,23,20,1,25.06864,121.5107,3
500103004,20231112,1056,23,20,1,25.06864,121.5107,3
500103004,20231112,1057,23,20,1,25.06864,121.5107,3
500103004,20231112,1058,23,20,1,25.06864,121.5107,3
500103004,20231112,1059,23,20,1,25.06864,121.5107,3
500103004,20231112,1061,23,19,1,25.06864,121.5107,4
500103004,20231112,1062,23,18,1,25.06864,121.5107,5
500103004,20231112,1063,23,18,1,25.06864,121.5107,5
500103004,20231112,1064,23,18,1,25.06864,121.5107,5
500103004,20231112,1065,23,18,1,25.06864,121.5107,5
500103004,20231112,1066,23,18,1,25.06864,121.5107,5
500103004,20231112,1067,23,18,1,25.06864,121.5107,5
500103004,20231112,1068,23,17,1,25.06864,121.5107,6
500103004,20231112,1069,23,17,1,25.06864,121.5107,6
500103004,20231112,1071,23,17,1,25.06864,121.5107,6
500103004,20231112,1072,23,17,1,25.06864,121.5107,6
500103004,20231112,1073,23,17,1,25.06864,121.5107,6
500103004,20231112,1074,23,17,1,25.06864,121.5107,6
500103004,20231112,1075,23,17,1,25.06864,121.5107,6
500103004,20231112,1076,23,17,1,25.06864,121.5107,6
500103004,20231112,1077,23,17,1,25.06864,121.5107,6
500103004,20231112,1078,23,17,1,25.06864,121.5107,6
500103004,20231112,1079,23,17,1,25.06864,121.5107,6
500103004,20231112,1081,23,17,1,25.06864,121.5107,6
500103004,20231112,1082,23,17,1,25.06864,121.5107,6
500103004,20231112,1083,23,17,1,25.06864,121.5107,6
500103004,20231112,1084,23,17,1,25.06864,121.5107,6
500103004,20231112,1085,23,17,1,25.06864,121.5107,6
500103004,20231112,1086,23,17,1,25.06864,121.5107,6
500103004,20231112,1087,23,17,1,25.06864,121.5107,6
500103004,20231112,1088,23,17,1,25.06864,121.5107,6
500103004,20231112,1089,23,17,1,25.06864,121.5107,6
500103004,20231112,1091,23,17,1,25.06864,121.5107,6
500103004,20231112,1092,23,16,1,25.06864,121.5107,7
500103004,20231112,1093,23,15,1,25.06864,121.5107,8
500103004,20231112,1094,23,15,1,25.06864,121.5107,8
500103004,20231112,1095,23,14,1,25.06864,121.5107,9
500103004,20231112,1096,23,14,1,25.06864,121.5107,9
500103004,20231112,1097,23,13,1,25.06864,121.5107,10
500103004,20231112,1098,23,13,1,25.06864,121.5107,10
500103004,20231112,1099,23,12,1,25.06864,121.5107,11
500103004,20231112,1101,23,12,1,25.06864,121.5107,11
500103004,20231112,1102,23,12,1,25.06864,121.5107,11
500103004,20231112,1103,23,12,1,25.06864,121.5107,11
500103004,20231112,1104,23,12,1,25.06864,121.5107,11
500103004,20231112,1105,23,12,1,25.06864,121.5107,11
500103004,20231112,1106,23,12,1,25.06864,121.5107,11
500103004,20231112,1107,23,12,1,25.06864,121.5107,11
500103004,20231112,1108,23,11,1,25.06864,121.5107,12
500103004,20231112,1109,23,11,1,25.06864,121.5107,12
500103004,20231112,1111,23,11,1,25.06864,121.5107,12
500103004,20231112,1112,23,11,1,25.06864,121.5107,12
500103004,20231112,1113,23,11,1,25.06864,121.5107,12
500103004,20231112,1114,23,11,1,25.06864,121.5107,12
500103004,20231112,1115,23,9,1,25.06864,121.5107,14
500103004,20231112,1116,23,8,1,25.06864,121.5107,15
500103004,20231112,1117,23,8,1,25.06864,121.5107,15
500103004,20231112,1118,23,8,1,25.06864,121.5107,15
500103004,20231112,1119,23,8,1,25.06864,121.5107,15
500103004,20231112,1120,23,8,1,25.06864,121.5107,15
500103004,20231112,1121,23,8,1,25.06864,121.5107,15
500103004,20231112,1122,23,8,1,25.06864,121.5107,15
500103004,20231112,1123,23,8,1,25.06864,121.5107,15
500103004,20231112,1124,23,8,1,25.06864,121.5107,15
500103004,20231112,1125,23,8,1,25.06864,121.5107,15
500103004,20231112,1126,23,8,1,25.06864,121.5107,15
500103004,20231112,1127,23,8,1,25.06864,121.5107,15
500103004,20231112,1128,23,8,1,25.06864,121.5107,15
500103004,20231112,1129,23,7,1,25.06864,121.5107,16
500103004,20231112,1130,23,7,1,25.06864,121.5107,16
500103004,20231112,1131,23,7,1,25.06864,121.5107,16
500103004,20231112,1132,23,7,1,25.06864,121.5107,16
500103004,20231112,1133,23,7,1,25.06864,121.5107,16
500103004,20231112,1134,23,7,1,25.06864,121.5107,16
500103004,20231112,1135,23,7,1,25.06864,121.5107,16
500103004,20231112,1136,23,6,1,25.06864,121.5107,17
500103004,20231112,1137,23,6,1,25.06864,121.5107,17
500103004,20231112,1138,23,6,1,25.06864,121.5107,17
500103004,20231112,1139,23,6,1,25.06864,121.5107,17
500103004,20231112,1141,23,6,1,25.06864,121.5107,17
500103004,20231112,1142,23,6,1,25.06864,121.5107,17
500103004,20231112,1143,23,7,1,25.06864,121.5107,16
500103004,20231112,1144,23,7,1,25.06864,121.5107,16
500103004,20231112,1145,23,4,1,25.06864,121.5107,19
500103004,20231112,1146,23,4,1,25.06864,121.5107,19
500103004,20231112,1147,23,4,1,25.06864,121.5107,19
500103004,20231112,1148,23,4,1,25.06864,121.5107,19
500103004,20231112,1149,23,5,1,25.06864,121.5107,18
500103004,20231112,1150,23,4,1,25.06864,121.5107,19
500103004,20231112,1151,23,4,1,25.06864,121.5107,19
500103004,20231112,1152,23,4,1,25.06864,121.5107,19
500103004,20231112,1153,23,4,1,25.06864,121.5107,19
500103004,20231112,1154,23,4,1,25.06864,121.5107,19
500103004,20231112,1155,23,4,1,25.06864,121.5107,19
500103004,20231112,1156,23,4,1,25.06864,121.5107,19
500103004,20231112,1157,23,6,1,25.06864,121.5107,17
500103004,20231112,1158,23,8,1,25.06864,121.5107,15
500103004,20231112,1159,23,10,1,25.06864,121.5107,13
500103004,20231112,1161,23,11,1,25.06864,121.5107,12
500103004,20231112,1162,23,13,1,25.06864,121.5107,10
500103004,20231112,1163,23,16,1,25.06864,121.5107,7
500103004,20231112,1164,23,18,1,25.06864,121.5107,5
500103004,20231112,1165,23,18,1,25.06864,121.5107,5
500103004,20231112,1166,23,18,1,25.06864,121.5107,5
500103004,20231112,1167,23,18,1,25.06864,121.5107,5
500103004,20231112,1168,23,18,1,25.06864,121.5107,5
500103004,20231112,1169,23,18,1,25.06864,121.5107,5
500103004,20231112,1170,23,18,1,25.06864,121.5107,5
500103004,20231112,1171,23,19,1,25.06864,121.5107,4
500103004,20231112,1172,23,19,1,25.06864,121.5107,4
500103004,20231112,1173,23,19,1,25.06864,121.5107,4
500103004,20231112,1174,23,19,1,25.06864,121.5107,4
500103004,20231112,1175,23,19,1,25.06864,121.5107,4
500103004,20231112,1176,23,19,1,25.06864,121.5107,4
500103004,20231112,1177,23,19,1,25.06864,121.5107,4
500103004,20231112,1178,23,19,1,25.06864,121.5107,4
500103004,20231112,1179,23,19,1,25.06864,121.5107,4
500103004,20231112,1180,23,19,1,25.06864,121.5107,4
500103004,20231112,1181,23,19,1,25.06864,121.5107,4
500103004,20231112,1182,23,19,1,25.06864,121.5107,4
500103004,20231112,1183,23,19,1,25.06864,121.5107,4
500103004,20231112,1184,23,19,1,25.06864,121.5107,4
500103004,20231112,1185,23,19,1,25.06864,121.5107,4
500103004,20231112,1186,23,19,1,25.06864,121.5107,4
500103004,20231112,1187,23,19,1,25.06864,121.5107,4
500103004,20231112,1188,23,19,1,25.06864,121.5107,4
500103004,20231112,1189,23,19,1,25.06864,121.5107,4
500103004,20231112,1190,23,19,1,25.06864,121.5107,4
500103004,20231112,1191,23,19,1,25.06864,121.5107,4
500103004,20231112,1192,23,17,1,25.06864,121.5107,6
500103004,20231112,1193,23,17,1,25.06864,121.5107,6
500103004,20231112,1194,23,17,1,25.06864,121.5107,6
500103004,20231112,1195,23,17,1,25.06864,121.5107,6
500103004,20231112,1196,23,17,1,25.06864,121.5107,6
500103004,20231112,1197,23,17,1,25.06864,121.5107,6
500103004,20231112,1198,23,18,1,25.06864,121.5107,5
500103004,20231112,1199,23,18,1,25.06864,121.5107,5
500103004,20231112,1201,23,18,1,25.06864,121.5107,5
500103004,20231112,1202,23,18,1,25.06864,121.5107,5
500103004,20231112,1203,23,18,1,25.06864,121.5107,5
500103004,20231112,1204,23,18,1,25.06864,121.5107,5
500103004,20231112,1205,23,18,1,25.06864,121.5107,5
500103004,20231112,1206,23,19,1,25.06864,121.5107,4
500103004,20231112,1207,23,20,1,25.06864,121.5107,3
500103004,20231112,1208,23,18,1,25.06864,121.5107,5
500103004,20231112,1209,23,18,1,25.06864,121.5107,5
500103004,20231112,1210,23,18,1,25.06864,121.5107,5
500103004,20231112,1211,23,18,1,25.06864,121.5107,5
500103004,20231112,1212,23,18,1,25.06864,121.5107,5
500103004,20231112,1213,23,17,1,25.06864,121.5107,6
500103004,20231112,1214,23,17,1,25.06864,121.5107,6
500103004,20231112,1215,23,17,1,25.06864,121.5107,6
500103004,20231112,1216,23,17,1,25.06864,121.5107,6
500103004,20231112,1217,23,17,1,25.06864,121.5107,6
500103004,20231112,1218,23,17,1,25.06864,121.5107,6
500103004,20231112,1219,23,17,1,25.06864,121.5107,6
500103004,20231112,1221,23,17,1,25.06864,121.5107,6
500103004,20231112,1222,23,17,1,25.06864,121.5107,6
500103004,20231112,1223,23,17,1,25.06864,121.5107,6
500103004,20231112,1224,23,17,1,25.06864,121.5107,6
500103004,20231112,1225,23,17,1,25.06864,121.5107,6
500103004,20231112,1226,23,17,1,25.06864,121.5107,6
500103004,20231112,1227,23,17,1,25.06864,121.5107,6
500103004,20231112,1228,23,17,1,25.06864,121.5107,6
500103004,20231112,1229,23,17,1,25.06864,121.5107,6
500103004,20231112,1230,23,17,1,25.06864,121.5107,6
500103004,20231112,1231,23,17,1,25.06864,121.5107,6
500103004,20231112,1232,23,16,1,25.06864,121.5107,7
500103004,20231112,1233,23,16,1,25.06864,121.5107,7
500103004,20231112,1234,23,16,1,25.06864,121.5107,7
500103004,20231112,1235,23,16,1,25.06864,121.5107,7
500103004,20231112,1236,23,16,1,25.06864,121.5107,7
500103004,20231112,1237,23,16,1,25.06864,121.5107,7
500103004,20231112,1238,23,16,1,25.06864,121.5107,7
500103004,20231112,1239,23,16,1,25.06864,121.5107,7
500103004,20231112,1240,23,16,1,25.06864,121.5107,7
500103004,20231112,1241,23,16,1,25.06864,121.5107,7
500103004,20231112,1242,23,16,1,25.06864,121.5107,7
500103004,20231112,1243,23,15,1,25.06864,121.5107,8
500103004,20231112,1244,23,14,1,25.06864,121.5107,9
500103004,20231112,1245,23,14,1,25.06864,121.5107,9
500103004,20231112,1246,23,14,1,25.06864,121.5107,9
500103004,20231112,1247,23,14,1,25.06864,121.5107,9
500103004,20231112,1248,23,14,1,25.06864,121.5107,9
500103004,20231112,1249,23,14,1,25.06864,121.5107,9
500103004,20231112,1250,23,13,1,25.06864,121.5107,10
500103004,20231112,1251,23,13,1,25.06864,121.5107,10
500103004,20231112,1252,23,13,1,25.06864,121.5107,10
500103004,20231112,1253,23,13,1,25.06864,121.5107,10
500103004,20231112,1254,23,13,1,25.06864,121.5107,10
500103004,20231112,1255,23,13,1,25.06864,121.5107,10
500103004,20231112,1256,23,13,1,25.06864,121.5107,10
500103004,20231112,1257,23,13,1,25.06864,121.5107,10
500103004,20231112,1258,23,13,1,25.06864,121.5107,10
500103004,20231112,1259,23,13,1,25.06864,121.5107,10
500103004,20231112,1261,23,13,1,25.06864,121.5107,10
500103004,20231112,1263,23,14,1,25.06864,121.5107,9
500103004,20231112,1264,23,14,1,25.06864,121.5107,9
500103004,20231112,1265,23,14,1,25.06864,121.5107,9
500103004,20231112,1266,23,13,1,25.06864,121.5107,10
500103004,20231112,1267,23,13,1,25.06864,121.5107,10
500103004,20231112,1268,23,13,1,25.06864,121.5107,10
500103004,20231112,1269,23,13,1,25.06864,121.5107,10
500103004,20231112,1270,23,13,1,25.06864,121.5107,10
500103004,20231112,1272,23,13,1,25.06864,121.5107,10
500103004,20231112,1273,23,13,1,25.06864,121.5107,10
500103004,20231112,1274,23,12,1,25.06864,121.5107,11
500103004,20231112,1275,23,12,1,25.06864,121.5107,11
500103004,20231112,1276,23,11,1,25.06864,121.5107,12
500103004,20231112,1277,23,11,1,25.06864,121.5107,12
500103004,20231112,1278,23,12,1,25.06864,121.5107,11
500103004,20231112,1279,23,12,1,25.06864,121.5107,11
500103004,20231112,1281,23,13,1,25.06864,121.5107,10
500103004,20231112,1282,23,13,1,25.06864,121.5107,10
500103004,20231112,1283,23,13,1,25.06864,121.5107,10
500103004,20231112,1284,23,13,1,25.06864,121.5107,10
500103004,20231112,1285,23,13,1,25.06864,121.5107,10
500103004,20231112,1286,23,14,1,25.06864,121.5107,9
500103004,20231112,1287,23,14,1,25.06864,121.5107,9
500103004,20231112,1288,23,14,1,25.06864,121.5107,9
500103004,20231112,1289,23,14,1,25.06864,121.5107,9
500103004,20231112,1291,23,14,1,25.06864,121.5107,9
500103004,20231112,1292,23,14,1,25.06864,121.5107,9
500103004,20231112,1293,23,14,1,25.06864,121.5107,9
500103004,20231112,1294,23,14,1,25.06864,121.5107,9
500103004,20231112,1295,23,14,1,25.06864,121.5107,9
500103004,20231112,1296,23,15,1,25.06864,121.5107,8
500103004,20231112,1297,23,15,1,25.06864,121.5107,8
500103004,20231112,1298,23,15,1,25.06864,121.5107,8
500103004,20231112,1299,23,15,1,25.06864,121.5107,8
500103004,20231112,1301,23,15,1,25.06864,121.5107,8
500103004,20231112,1302,23,15,1,25.06864,121.5107,8
500103004,20231112,1303,23,16,1,25.06864,121.5107,7
500103004,20231112,1304,23,16,1,25.06864,121.5107,7
500103004,20231112,1305,23,16,1,25.06864,121.5107,7
500103004,20231112,1306,23,15,1,25.06864,121.5107,8
500103004,20231112,1307,23,15,1,25.06864,121.5107,8
500103004,20231112,1308,23,15,1,25.06864,121.5107,8
500103004,20231112,1309,23,15,1,25.06864,121.5107,8
500103004,20231112,1311,23,15,1,25.06864,121.5107,8
500103004,20231112,1312,23,15,1,25.06864,121.5107,8
500103004,20231112,1313,23,15,1,25.06864,121.5107,8
500103004,20231112,1314,23,15,1,25.06864,121.5107,8
500103004,20231112,1315,23,15,1,25.06864,121.5107,8
500103004,20231112,1316,23,15,1,25.06864,121.5107,8
500103004,20231112,1317,23,15,1,25.06864,121.5107,8
500103004,20231112,1318,23,15,1,25.06864,121.5107,8
500103004,20231112,1319,23,15,1,25.06864,121.5107,8
500103004,20231112,1321,23,15,1,25.06864,121.5107,8
500103004,20231112,1322,23,15,1,25.06864,121.5107,8
500103004,20231112,1323,23,15,1,25.06864,121.5107,8
500103004,20231112,1324,23,15,1,25.06864,121.5107,8
500103004,20231112,1325,23,15,1,25.06864,121.5107,8
500103004,20231112,1326,23,15,1,25.06864,121.5107,8
500103004,20231112,1327,23,15,1,25.06864,121.5107,8
500103004,20231112,1328,23,15,1,25.06864,121.5107,8
500103004,20231112,1329,23,15,1,25.06864,121.5107,8
500103004,20231112,1331,23,15,1,25.06864,121.5107,8
500103004,20231112,1332,23,15,1,25.06864,121.5107,8
500103004,20231112,1333,23,15,1,25.06864,121.5107,8
500103004,20231112,1334,23,15,1,25.06864,121.5107,8
500103004,20231112,1335,23,15,1,25.06864,121.5107,8
500103004,20231112,1336,23,15,1,25.06864,121.5107,8
500103004,20231112,1337,23,15,1,25.06864,121.5107,8
500103004,20231112,1338,23,15,1,25.06864,121.5107,8
500103004,20231112,1339,23,15,1,25.06864,121.5107,8
500103004,20231112,1341,23,15,1,25.06864,121.5107,8
500103004,20231112,1342,23,15,1,25.06864,121.5107,8
500103004,20231112,1343,23,15,1,25.06864,121.5107,8
500103004,20231112,1344,23,15,1,25.06864,121.5107,8
500103004,20231112,1345,23,14,1,25.06864,121.5107,9
500103004,20231112,1346,23,14,1,25.06864,121.5107,9
500103004,20231112,1347,23,14,1,25.06864,121.5107,9
500103004,20231112,1348,23,14,1,25.06864,121.5107,9
500103004,20231112,1349,23,14,1,25.06864,121.5107,9
500103004,20231112,1351,23,14,1,25.06864,121.5107,9
500103004,20231112,1352,23,14,1,25.06864,121.5107,9
500103004,20231112,1353,23,14,1,25.06864,121.5107,9
500103004,20231112,1354,23,14,1,25.06864,121.5107,9
500103004,20231112,1355,23,14,1,25.06864,121.5107,9
500103004,20231112,1356,23,14,1,25.06864,121.5107,9
500103004,20231112,1357,23,14,1,25.06864,121.5107,9
500103004,20231112,1358,23,14,1,25.06864,121.5107,9
500103004,20231112,1359,23,14,1,25.06864,121.5107,9
500103004,20231112,1360,23,15,1,25.06864,121.5107,8
500103004,20231112,1361,23,15,1,25.06864,121.5107,8
500103004,20231112,1362,23,15,1,25.06864,121.5107,8
500103004,20231112,1363,23,15,1,25.06864,121.5107,8
500103004,20231112,1364,23,15,1,25.06864,121.5107,8
500103004,20231112,1365,23,15,1,25.06864,121.5107,8
500103004,20231112,1366,23,15,1,25.06864,121.5107,8
500103004,20231112,1367,23,15,1,25.06864,121.5107,8
500103004,20231112,1368,23,15,1,25.06864,121.5107,8
500103004,20231112,1369,23,15,1,25.06864,121.5107,8
500103004,20231112,1370,23,15,1,25.06864,121.5107,8
500103004,20231112,1371,23,15,1,25.06864,121.5107,8
500103004,20231112,1372,23,15,1,25.06864,121.5107,8
500103004,20231112,1373,23,15,1,25.06864,121.5107,8
500103004,20231112,1374,23,15,1,25.06864,121.5107,8
500103004,20231112,1375,23,15,1,25.06864,121.5107,8
500103004,20231112,1376,23,15,1,25.06864,121.5107,8
500103004,20231112,1377,23,15,1,25.06864,121.5107,8
500103004,20231112,1378,23,15,1,25.06864,121.5107,8
500103004,20231112,1379,23,15,1,25.06864,121.5107,8
500103004,20231112,1381,23,14,1,25.06864,121.5107,9
500103004,20231112,1382,23,14,1,25.06864,121.5107,9
500103004,20231112,1383,23,14,1,25.06864,121.5107,9
500103004,20231112,1384,23,14,1,25.06864,121.5107,9
500103004,20231112,1385,23,13,1,25.06864,121.5107,10
500103004,20231112,1386,23,13,1,25.06864,121.5107,10
500103004,20231112,1387,23,13,1,25.06864,121.5107,10
500103004,20231112,1388,23,13,1,25.06864,121.5107,10
500103004,20231112,1389,23,13,1,25.06864,121.5107,10
500103004,20231112,1390,23,13,1,25.06864,121.5107,10
500103004,20231112,1391,23,13,1,25.06864,121.5107,10
500103004,20231112,1392,23,13,1,25.06864,121.5107,10
500103004,20231112,1393,23,13,1,25.06864,121.5107,10
500103004,20231112,1394,23,13,1,25.06864,121.5107,10
500103004,20231112,1395,23,13,1,25.06864,121.5107,10
500103004,20231112,1396,23,13,1,25.06864,121.5107,10
500103004,20231112,1397,23,12,1,25.06864,121.5107,11
500103004,20231112,1398,23,12,1,25.06864,121.5107,11
500103004,20231112,1399,23,12,1,25.06864,121.5107,11
500103004,20231112,1401,23,12,1,25.06864,121.5107,11
500103004,20231112,1402,23,12,1,25.06864,121.5107,11
500103004,20231112,1403,23,12,1,25.06864,121.5107,11
500103004,20231112,1404,23,12,1,25.06864,121.5107,11
500103004,20231112,1405,23,12,1,25.06864,121.5107,11
500103004,20231112,1406,23,11,1,25.06864,121.5107,12
500103004,20231112,1407,23,11,1,25.06864,121.5107,12
500103004,20231112,1408,23,11,1,25.06864,121.5107,12
500103004,20231112,1409,23,11,1,25.06864,121.5107,12
500103004,20231112,1410,23,11,1,25.06864,121.5107,12
500103004,20231112,1411,23,11,1,25.06864,121.5107,12
500103004,20231112,1412,23,11,1,25.06864,121.5107,12
500103004,20231112,1413,23,11,1,25.06864,121.5107,12
500103004,20231112,1414,23,11,1,25.06864,121.5107,12
500103004,20231112,1415,23,11,1,25.06864,121.5107,12
500103004,20231112,1416,23,11,1,25.06864,121.5107,12
500103004,20231112,1417,23,11,1,25.06864,121.5107,12
500103004,20231112,1418,23,11,1,25.06864,121.5107,12
500103004,20231112,1419,23,11,1,25.06864,121.5107,12
500103004,20231112,1420,23,11,1,25.06864,121.5107,12
500103004,20231112,1421,23,11,1,25.06864,121.5107,12
500103004,20231112,1422,23,11,1,25.06864,121.5107,12
500103004,20231112,1423,23,11,1,25.06864,121.5107,12
500103004,20231112,1424,23,11,1,25.06864,121.5107,12
500103004,20231112,1425,23,11,1,25.06864,121.5107,12
500103004,20231112,1426,23,11,1,25.06864,121.5107,12
500103004,20231112,1427,23,11,1,25.06864,121.5107,12
500103004,20231112,1428,23,11,1,25.06864,121.5107,12
500103004,20231112,1429,23,11,1,25.06864,121.5107,12
500103004,20231112,1430,23,11,1,25.06864,121.5107,12
500103004,20231112,1431,23,11,1,25.06864,121.5107,12
500103004,20231112,1432,23,11,1,25.06864,121.5107,12
500103004,20231112,1433,23,11,1,25.06864,121.5107,12
500103004,20231112,1434,23,11,1,25.06864,121.5107,12
500103004,20231112,1435,23,11,1,25.06864,121.5107,12
500103004,20231112,1436,23,11,1,25.06864,121.5107,12
500103004,20231112,1437,23,11,1,25.06864,121.5107,12
500103004,20231112,1438,23,11,1,25.06864,121.5107,12
500103004,20231112,1439,23,11,1,25.06864,121.5107,12
500103004,20231113,0,23,11,1,25.06864,121.5107,12
500103004,20231113,1,23,11,1,25.06864,121.5107,12
500103004,20231113,2,23,11,1,25.06864,121.5107,12
500103004,20231113,3,23,11,1,25.06864,121.5107,12
500103004,20231113,4,23,11,1,25.06864,121.5107,12
500103004,20231113,5,23,11,1,25.06864,121.5107,12
500103004,20231113,6,23,11,1,25.06864,121.5107,12
500103004,20231113,7,23,11,1,25.06864,121.5107,12
500103004,20231113,8,23,11,1,25.06864,121.5107,12
500103004,20231113,9,23,11,1,25.06864,121.5107,12
500103004,20231113,10,23,11,1,25.06864,121.5107,12
500103004,20231113,11,23,11,1,25.06864,121.5107,12
500103004,20231113,12,23,11,1,25.06864,121.5107,12
500103004,20231113,13,23,11,1,25.06864,121.5107,12
500103004,20231113,14,23,11,1,25.06864,121.5107,12
500103004,20231113,15,23,11,1,25.06864,121.5107,12
500103004,20231113,16,23,11,1,25.06864,121.5107,12
500103004,20231113,17,23,11,1,25.06864,121.5107,12
500103004,20231113,18,23,11,1,25.06864,121.5107,12
500103004,20231113,19,23,11,1,25.06864,121.5107,12
500103004,20231113,21,23,11,1,25.06864,121.5107,12
500103004,20231113,22,23,11,1,25.06864,121.5107,12
500103004,20231113,23,23,11,1,25.06864,121.5107,12
500103004,20231113,24,23,11,1,25.06864,121.5107,12
500103004,20231113,25,23,11,1,25.06864,121.5107,12
500103004,20231113,26,23,11,1,25.06864,121.5107,12
500103004,20231113,27,23,11,1,25.06864,121.5107,12
500103004,20231113,28,23,11,1,25.06864,121.5107,12
500103004,20231113,29,23,11,1,25.06864,121.5107,12
500103004,20231113,30,23,11,1,25.06864,121.5107,12
500103004,20231113,31,23,11,1,25.06864,121.5107,12
500103004,20231113,32,23,11,1,25.06864,121.5107,12
500103004,20231113,33,23,11,1,25.06864,121.5107,12
500103004,20231113,34,23,11,1,25.06864,121.5107,12
500103004,20231113,35,23,11,1,25.06864,121.5107,12
500103004,20231113,36,23,11,1,25.06864,121.5107,12
500103004,20231113,37,23,11,1,25.06864,121.5107,12
500103004,20231113,38,23,11,1,25.06864,121.5107,12
500103004,20231113,39,23,11,1,25.06864,121.5107,12
500103004,20231113,40,23,11,1,25.06864,121.5107,12
500103004,20231113,41,23,11,1,25.06864,121.5107,12
500103004,20231113,42,23,11,1,25.06864,121.5107,12
500103004,20231113,43,23,12,1,25.06864,121.5107,11
500103004,20231113,44,23,12,1,25.06864,121.5107,11
500103004,20231113,45,23,12,1,25.06864,121.5107,11
500103004,20231113,46,23,12,1,25.06864,121.5107,11
500103004,20231113,47,23,12,1,25.06864,121.5107,11
500103004,20231113,48,23,12,1,25.06864,121.5107,11
500103004,20231113,49,23,12,1,25.06864,121.5107,11
500103004,20231113,50,23,12,1,25.06864,121.5107,11
500103004,20231113,51,23,12,1,25.06864,121.5107,11
500103004,20231113,52,23,12,1,25.06864,121.5107,11
500103004,20231113,53,23,12,1,25.06864,121.5107,11
500103004,20231113,54,23,12,1,25.06864,121.5107,11
500103004,20231113,55,23,12,1,25.06864,121.5107,11
500103004,20231113,56,23,12,1,25.06864,121.5107,11
500103004,20231113,57,23,12,1,25.06864,121.5107,11
500103004,20231113,58,23,12,1,25.06864,121.5107,11
500103004,20231113,59,23,12,1,25.06864,121.5107,11
500103004,20231113,60,23,12,1,25.06864,121.5107,11
500103004,20231113,61,23,12,1,25.06864,121.5107,11
500103004,20231113,62,23,12,1,25.06864,121.5107,11
500103004,20231113,63,23,12,1,25.06864,121.5107,11
500103004,20231113,64,23,12,1,25.06864,121.5107,11
500103004,20231113,65,23,12,1,25.06864,121.5107,11
500103004,20231113,66,23,12,1,25.06864,121.5107,11
500103004,20231113,67,23,12,1,25.06864,121.5107,11
500103004,20231113,68,23,12,1,25.06864,121.5107,11
500103004,20231113,69,23,12,1,25.06864,121.5107,11
500103004,20231113,70,23,12,1,25.06864,121.5107,11
500103004,20231113,71,23,12,1,25.06864,121.5107,11
500103004,20231113,73,23,12,1,25.06864,121.5107,11
500103004,20231113,74,23,12,1,25.06864,121.5107,11
500103004,20231113,75,23,12,1,25.06864,121.5107,11
500103004,20231113,76,23,12,1,25.06864,121.5107,11
500103004,20231113,77,23,12,1,25.06864,121.5107,11
500103004,20231113,78,23,12,1,25.06864,121.5107,11
500103004,20231113,79,23,12,1,25.06864,121.5107,11
500103004,20231113,81,23,13,1,25.06864,121.5107,10
500103004,20231113,82,23,15,1,25.06864,121.5107,8
500103004,20231113,83,23,15,1,25.06864,121.5107,8
500103004,20231113,84,23,15,1,25.06864,121.5107,8
500103004,20231113,85,23,15,1,25.06864,121.5107,8
500103004,20231113,86,23,15,1,25.06864,121.5107,8
500103004,20231113,87,23,15,1,25.06864,121.5107,8
500103004,20231113,88,23,15,1,25.06864,121.5107,8
500103004,20231113,89,23,15,1,25.06864,121.5107,8
500103004,20231113,91,23,15,1,25.06864,121.5107,8
500103004,20231113,92,23,15,1,25.06864,121.5107,8
500103004,20231113,93,23,15,1,25.06864,121.5107,8
500103004,20231113,94,23,15,1,25.06864,121.5107,8
500103004,20231113,95,23,15,1,25.06864,121.5107,8
500103004,20231113,96,23,15,1,25.06864,121.5107,8
500103004,20231113,97,23,15,1,25.06864,121.5107,8
500103004,20231113,98,23,15,1,25.06864,121.5107,8
500103004,20231113,99,23,15,1,25.06864,121.5107,8
500103004,20231113,101,23,15,1,25.06864,121.5107,8
500103004,20231113,102,23,15,1,25.06864,121.5107,8
500103004,20231113,103,23,15,1,25.06864,121.5107,8
500103004,20231113,104,23,15,1,25.06864,121.5107,8
500103004,20231113,105,23,15,1,25.06864,121.5107,8
500103004,20231113,106,23,16,1,25.06864,121.5107,7
500103004,20231113,107,23,16,1,25.06864,121.5107,7
500103004,20231113,108,23,16,1,25.06864,121.5107,7
500103004,20231113,109,23,16,1,25.06864,121.5107,7
500103004,20231113,111,23,16,1,25.06864,121.5107,7
500103004,20231113,112,23,16,1,25.06864,121.5107,7
500103004,20231113,113,23,16,1,25.06864,121.5107,7
500103004,20231113,114,23,16,1,25.06864,121.5107,7
500103004,20231113,115,23,16,1,25.06864,121.5107,7
500103004,20231113,116,23,16,1,25.06864,121.5107,7
500103004,20231113,117,23,16,1,25.06864,121.5107,7
500103004,20231113,118,23,16,1,25.06864,121.5107,7
500103004,20231113,119,23,16,1,25.06864,121.5107,7
500103004,20231113,121,23,16,1,25.06864,121.5107,7
500103004,20231113,122,23,16,1,25.06864,121.5107,7
500103004,20231113,123,23,16,1,25.06864,121.5107,7
500103004,20231113,124,23,16,1,25.06864,121.5107,7
500103004,20231113,125,23,16,1,25.06864,121.5107,7
500103004,20231113,126,23,16,1,25.06864,121.5107,7
500103004,20231113,127,23,16,1,25.06864,121.5107,7
500103004,20231113,128,23,16,1,25.06864,121.5107,7
500103004,20231113,129,23,16,1,25.06864,121.5107,7
500103004,20231113,131,23,16,1,25.06864,121.5107,7
500103004,20231113,132,23,16,1,25.06864,121.5107,7
500103004,20231113,133,23,16,1,25.06864,121.5107,7
500103004,20231113,134,23,16,1,25.06864,121.5107,7
500103004,20231113,135,23,16,1,25.06864,121.5107,7
500103004,20231113,136,23,16,1,25.06864,121.5107,7
500103004,20231113,137,23,16,1,25.06864,121.5107,7
500103004,20231113,138,23,16,1,25.06864,121.5107,7
500103004,20231113,139,23,16,1,25.06864,121.5107,7
500103004,20231113,141,23,16,1,25.06864,121.5107,7
500103004,20231113,142,23,16,1,25.06864,121.5107,7
500103004,20231113,143,23,16,1,25.06864,121.5107,7
500103004,20231113,144,23,16,1,25.06864,121.5107,7
500103004,20231113,145,23,16,1,25.06864,121.5107,7
500103004,20231113,146,23,16,1,25.06864,121.5107,7
500103004,20231113,147,23,16,1,25.06864,121.5107,7
500103004,20231113,148,23,16,1,25.06864,121.5107,7
500103004,20231113,149,23,16,1,25.06864,121.5107,7
500103004,20231113,151,23,16,1,25.06864,121.5107,7
500103004,20231113,152,23,16,1,25.06864,121.5107,7
500103004,20231113,153,23,16,1,25.06864,121.5107,7
500103004,20231113,154,23,16,1,25.06864,121.5107,7
500103004,20231113,155,23,16,1,25.06864,121.5107,7
500103004,20231113,156,23,15,1,25.06864,121.5107,8
500103004,20231113,157,23,15,1,25.06864,121.5107,8
500103004,20231113,158,23,15,1,25.06864,121.5107,8
500103004,20231113,159,23,15,1,25.06864,121.5107,8
500103004,20231113,161,23,15,1,25.06864,121.5107,8
500103004,20231113,162,23,15,1,25.06864,121.5107,8
500103004,20231113,163,23,15,1,25.06864,121.5107,8
500103004,20231113,164,23,15,1,25.06864,121.5107,8
500103004,20231113,165,23,15,1,25.06864,121.5107,8
500103004,20231113,166,23,15,1,25.06864,121.5107,8
500103004,20231113,167,23,15,1,25.06864,121.5107,8
500103004,20231113,168,23,15,1,25.06864,121.5107,8
500103004,20231113,169,23,15,1,25.06864,121.5107,8
500103004,20231113,171,23,15,1,25.06864,121.5107,8
500103004,20231113,172,23,15,1,25.06864,121.5107,8
500103004,20231113,173,23,15,1,25.06864,121.5107,8
500103004,20231113,174,23,15,1,25.06864,121.5107,8
500103004,20231113,175,23,15,1,25.06864,121.5107,8
500103004,20231113,176,23,15,1,25.06864,121.5107,8
500103004,20231113,177,23,15,1,25.06864,121.5107,8
500103004,20231113,178,23,15,1,25.06864,121.5107,8
500103004,20231113,179,23,15,1,25.06864,121.5107,8
500103004,20231113,181,23,15,1,25.06864,121.5107,8
500103004,20231113,182,23,15,1,25.06864,121.5107,8
500103004,20231113,183,23,15,1,25.06864,121.5107,8
500103004,20231113,184,23,15,1,25.06864,121.5107,8
500103004,20231113,185,23,15,1,25.06864,121.5107,8
500103004,20231113,186,23,15,1,25.06864,121.5107,8
500103004,20231113,187,23,15,1,25.06864,121.5107,8
500103004,20231113,188,23,15,1,25.06864,121.5107,8
500103004,20231113,189,23,15,1,25.06864,121.5107,8
500103004,20231113,190,23,15,1,25.06864,121.5107,8
500103004,20231113,191,23,15,1,25.06864,121.5107,8
500103004,20231113,192,23,15,1,25.06864,121.5107,8
500103004,20231113,193,23,15,1,25.06864,121.5107,8
500103004,20231113,194,23,15,1,25.06864,121.5107,8
500103004,20231113,195,23,15,1,25.06864,121.5107,8
500103004,20231113,196,23,16,1,25.06864,121.5107,7
500103004,20231113,197,23,16,1,25.06864,121.5107,7
500103004,20231113,198,23,16,1,25.06864,121.5107,7
500103004,20231113,199,23,16,1,25.06864,121.5107,7
500103004,20231113,201,23,16,1,25.06864,121.5107,7
500103004,20231113,202,23,16,1,25.06864,121.5107,7
500103004,20231113,203,23,16,1,25.06864,121.5107,7
500103004,20231113,204,23,16,1,25.06864,121.5107,7
500103004,20231113,205,23,16,1,25.06864,121.5107,7
500103004,20231113,206,23,16,1,25.06864,121.5107,7
500103004,20231113,207,23,16,1,25.06864,121.5107,7
500103004,20231113,208,23,16,1,25.06864,121.5107,7
500103004,20231113,209,23,16,1,25.06864,121.5107,7
500103004,20231113,210,23,16,1,25.06864,121.5107,7
500103004,20231113,211,23,16,1,25.06864,121.5107,7
500103004,20231113,212,23,16,1,25.06864,121.5107,7
500103004,20231113,213,23,16,1,25.06864,121.5107,7
500103004,20231113,214,23,16,1,25.06864,121.5107,7
500103004,20231113,215,23,16,1,25.06864,121.5107,7
500103004,20231113,216,23,16,1,25.06864,121.5107,7
500103004,20231113,217,23,16,1,25.06864,121.5107,7
500103004,20231113,218,23,16,1,25.06864,121.5107,7
500103004,20231113,219,23,16,1,25.06864,121.5107,7
500103004,20231113,220,23,16,1,25.06864,121.5107,7
500103004,20231113,221,23,16,1,25.06864,121.5107,7
500103004,20231113,222,23,16,1,25.06864,121.5107,7
500103004,20231113,223,23,16,1,25.06864,121.5107,7
500103004,20231113,224,23,16,1,25.06864,121.5107,7
500103004,20231113,225,23,16,1,25.06864,121.5107,7
500103004,20231113,226,23,16,1,25.06864,121.5107,7
500103004,20231113,227,23,16,1,25.06864,121.5107,7
500103004,20231113,228,23,16,1,25.06864,121.5107,7
500103004,20231113,229,23,16,1,25.06864,121.5107,7
500103004,20231113,230,23,16,1,25.06864,121.5107,7
500103004,20231113,231,23,16,1,25.06864,121.5107,7
500103004,20231113,232,23,16,1,25.06864,121.5107,7
500103004,20231113,233,23,16,1,25.06864,121.5107,7
500103004,20231113,234,23,16,1,25.06864,121.5107,7
500103004,20231113,235,23,16,1,25.06864,121.5107,7
500103004,20231113,236,23,16,1,25.06864,121.5107,7
500103004,20231113,237,23,16,1,25.06864,121.5107,7
500103004,20231113,238,23,16,1,25.06864,121.5107,7
500103004,20231113,239,23,16,1,25.06864,121.5107,7
500103004,20231113,240,23,16,1,25.06864,121.5107,7
500103004,20231113,241,23,16,1,25.06864,121.5107,7
500103004,20231113,242,23,16,1,25.06864,121.5107,7
500103004,20231113,243,23,16,1,25.06864,121.5107,7
500103004,20231113,244,23,16,1,25.06864,121.5107,7
500103004,20231113,245,23,16,1,25.06864,121.5107,7
500103004,20231113,246,23,16,1,25.06864,121.5107,7
500103004,20231113,247,23,16,1,25.06864,121.5107,7
500103004,20231113,248,23,16,1,25.06864,121.5107,7
500103004,20231113,249,23,16,1,25.06864,121.5107,7
500103004,20231113,250,23,16,1,25.06864,121.5107,7
500103004,20231113,251,23,16,1,25.06864,121.5107,7
500103004,20231113,252,23,16,1,25.06864,121.5107,7
500103004,20231113,253,23,16,1,25.06864,121.5107,7
500103004,20231113,254,23,16,1,25.06864,121.5107,7
500103004,20231113,255,23,16,1,25.06864,121.5107,7
500103004,20231113,256,23,16,1,25.06864,121.5107,7
500103004,20231113,257,23,16,1,25.06864,121.5107,7
500103004,20231113,258,23,16,1,25.06864,121.5107,7
500103004,20231113,259,23,16,1,25.06864,121.5107,7
500103004,20231113,261,23,16,1,25.06864,121.5107,7
500103004,20231113,262,23,16,1,25.06864,121.5107,7
500103004,20231113,263,23,16,1,25.06864,121.5107,7
500103004,20231113,264,23,16,1,25.06864,121.5107,7
500103004,20231113,265,23,16,1,25.06864,121.5107,7
500103004,20231113,266,23,16,1,25.06864,121.5107,7
500103004,20231113,267,23,16,1,25.06864,121.5107,7
500103004,20231113,268,23,16,1,25.06864,121.5107,7
500103004,20231113,269,23,16,1,25.06864,121.5107,7
500103004,20231113,270,23,16,1,25.06864,121.5107,7
500103004,20231113,271,23,16,1,25.06864,121.5107,7
500103004,20231113,272,23,16,1,25.06864,121.5107,7
500103004,20231113,273,23,16,1,25.06864,121.5107,7
500103004,20231113,274,23,16,1,25.06864,121.5107,7
500103004,20231113,275,23,16,1,25.06864,121.5107,7
500103004,20231113,276,23,16,1,25.06864,121.5107,7
500103004,20231113,277,23,16,1,25.06864,121.5107,7
500103004,20231113,278,23,16,1,25.06864,121.5107,7
500103004,20231113,279,23,16,1,25.06864,121.5107,7
500103004,20231113,280,23,16,1,25.06864,121.5107,7
500103004,20231113,281,23,16,1,25.06864,121.5107,7
500103004,20231113,282,23,16,1,25.06864,121.5107,7
500103004,20231113,283,23,16,1,25.06864,121.5107,7
500103004,20231113,284,23,16,1,25.06864,121.5107,7
500103004,20231113,285,23,16,1,25.06864,121.5107,7
500103004,20231113,286,23,16,1,25.06864,121.5107,7
500103004,20231113,287,23,16,1,25.06864,121.5107,7
500103004,20231113,288,23,16,1,25.06864,121.5107,7
500103004,20231113,289,23,16,1,25.06864,121.5107,7
500103004,20231113,290,23,16,1,25.06864,121.5107,7
500103004,20231113,291,23,16,1,25.06864,121.5107,7
500103004,20231113,292,23,16,1,25.06864,121.5107,7
500103004,20231113,293,23,16,1,25.06864,121.5107,7
500103004,20231113,294,23,16,1,25.06864,121.5107,7
500103004,20231113,295,23,16,1,25.06864,121.5107,7
500103004,20231113,296,23,16,1,25.06864,121.5107,7
500103004,20231113,297,23,16,1,25.06864,121.5107,7
500103004,20231113,298,23,16,1,25.06864,121.5107,7
500103004,20231113,299,23,16,1,25.06864,121.5107,7
500103004,20231113,300,23,16,1,25.06864,121.5107,7
500103004,20231113,301,23,16,1,25.06864,121.5107,7
500103004,20231113,302,23,16,1,25.06864,121.5107,7
500103004,20231113,303,23,16,1,25.06864,121.5107,7
500103004,20231113,304,23,16,1,25.06864,121.5107,7
500103004,20231113,305,23,16,1,25.06864,121.5107,7
500103004,20231113,306,23,16,1,25.06864,121.5107,7
500103004,20231113,307,23,16,1,25.06864,121.5107,7
500103004,20231113,308,23,16,1,25.06864,121.5107,7
500103004,20231113,309,23,16,1,25.06864,121.5107,7
500103004,20231113,310,23,16,1,25.06864,121.5107,7
500103004,20231113,311,23,16,1,25.06864,121.5107,7
500103004,20231113,312,23,16,1,25.06864,121.5107,7
500103004,20231113,313,23,16,1,25.06864,121.5107,7
500103004,20231113,314,23,16,1,25.06864,121.5107,7
500103004,20231113,315,23,16,1,25.06864,121.5107,7
500103004,20231113,316,23,16,1,25.06864,121.5107,7
500103004,20231113,317,23,16,1,25.06864,121.5107,7
500103004,20231113,318,23,16,1,25.06864,121.5107,7
500103004,20231113,319,23,16,1,25.06864,121.5107,7
500103004,20231113,321,23,16,1,25.06864,121.5107,7
500103004,20231113,322,23,16,1,25.06864,121.5107,7
500103004,20231113,323,23,16,1,25.06864,121.5107,7
500103004,20231113,324,23,16,1,25.06864,121.5107,7
500103004,20231113,325,23,16,1,25.06864,121.5107,7
500103004,20231113,326,23,16,1,25.06864,121.5107,7
500103004,20231113,327,23,16,1,25.06864,121.5107,7
500103004,20231113,328,23,16,1,25.06864,121.5107,7
500103004,20231113,329,23,16,1,25.06864,121.5107,7
500103004,20231113,331,23,16,1,25.06864,121.5107,7
500103004,20231113,332,23,16,1,25.06864,121.5107,7
500103004,20231113,333,23,16,1,25.06864,121.5107,7
500103004,20231113,334,23,16,1,25.06864,121.5107,7
500103004,20231113,335,23,16,1,25.06864,121.5107,7
500103004,20231113,336,23,16,1,25.06864,121.5107,7
500103004,20231113,337,23,16,1,25.06864,121.5107,7
500103004,20231113,338,23,16,1,25.06864,121.5107,7
500103004,20231113,339,23,16,1,25.06864,121.5107,7
500103004,20231113,341,23,16,1,25.06864,121.5107,7
500103004,20231113,342,23,16,1,25.06864,121.5107,7
500103004,20231113,343,23,16,1,25.06864,121.5107,7
500103004,20231113,344,23,16,1,25.06864,121.5107,7
500103004,20231113,345,23,16,1,25.06864,121.5107,7
500103004,20231113,346,23,16,1,25.06864,121.5107,7
500103004,20231113,347,23,16,1,25.06864,121.5107,7
500103004,20231113,348,23,16,1,25.06864,121.5107,7
500103004,20231113,349,23,16,1,25.06864,121.5107,7
500103004,20231113,351,23,16,1,25.06864,121.5107,7
500103004,20231113,352,23,16,1,25.06864,121.5107,7
500103004,20231113,353,23,16,1,25.06864,121.5107,7
500103004,20231113,354,23,16,1,25.06864,121.5107,7
500103004,20231113,355,23,16,1,25.06864,121.5107,7
500103004,20231113,356,23,16,1,25.06864,121.5107,7
500103004,20231113,357,23,17,1,25.06864,121.5107,6
500103004,20231113,358,23,17,1,25.06864,121.5107,6
500103004,20231113,359,23,17,1,25.06864,121.5107,6
500103004,20231113,361,23,17,1,25.06864,121.5107,6
500103004,20231113,362,23,17,1,25.06864,121.5107,6
500103004,20231113,363,23,17,1,25.06864,121.5107,6
500103004,20231113,364,23,17,1,25.06864,121.5107,6
500103004,20231113,365,23,17,1,25.06864,121.5107,6
500103004,20231113,366,23,17,1,25.06864,121.5107,6
500103004,20231113,367,23,17,1,25.06864,121.5107,6
500103004,20231113,368,23,17,1,25.06864,121.5107,6
500103004,20231113,369,23,17,1,25.06864,121.5107,6
500103004,20231113,371,23,17,1,25.06864,121.5107,6
500103004,20231113,372,23,17,1,25.06864,121.5107,6
500103004,20231113,373,23,17,1,25.06864,121.5107,6
500103004,20231113,374,23,17,1,25.06864,121.5107,6
500103004,20231113,375,23,17,1,25.06864,121.5107,6
500103004,20231113,376,23,17,1,25.06864,121.5107,6
500103004,20231113,377,23,17,1,25.06864,121.5107,6
500103004,20231113,378,23,17,1,25.06864,121.5107,6
500103004,20231113,379,23,17,1,25.06864,121.5107,6
500103004,20231113,381,23,17,1,25.06864,121.5107,6
500103004,20231113,382,23,17,1,25.06864,121.5107,6
500103004,20231113,383,23,17,1,25.06864,121.5107,6
500103004,20231113,384,23,17,1,25.06864,121.5107,6
500103004,20231113,385,23,17,1,25.06864,121.5107,6
500103004,20231113,386,23,17,1,25.06864,121.5107,6
500103004,20231113,387,23,17,1,25.06864,121.5107,6
500103004,20231113,388,23,17,1,25.06864,121.5107,6
500103004,20231113,389,23,17,1,25.06864,121.5107,6
500103004,20231113,391,23,18,1,25.06864,121.5107,5
500103004,20231113,392,23,18,1,25.06864,121.5107,5
500103004,20231113,393,23,18,1,25.06864,121.5107,5
500103004,20231113,394,23,18,1,25.06864,121.5107,5
500103004,20231113,395,23,18,1,25.06864,121.5107,5
500103004,20231113,396,23,18,1,25.06864,121.5107,5
500103004,20231113,397,23,18,1,25.06864,121.5107,5
500103004,20231113,398,23,18,1,25.06864,121.5107,5
500103004,20231113,399,23,18,1,25.06864,121.5107,5
500103004,20231113,401,23,18,1,25.06864,121.5107,5
500103004,20231113,402,23,18,1,25.06864,121.5107,5
500103004,20231113,403,23,18,1,25.06864,121.5107,5
500103004,20231113,404,23,18,1,25.06864,121.5107,5
500103004,20231113,405,23,20,1,25.06864,121.5107,3
500103004,20231113,406,23,20,1,25.06864,121.5107,3
500103004,20231113,407,23,20,1,25.06864,121.5107,3
500103004,20231113,408,23,20,1,25.06864,121.5107,3
500103004,20231113,409,23,20,1,25.06864,121.5107,3
500103004,20231113,411,23,21,1,25.06864,121.5107,2
500103004,20231113,412,23,21,1,25.06864,121.5107,2
500103004,20231113,413,23,21,1,25.06864,121.5107,2
500103004,20231113,414,23,21,1,25.06864,121.5107,2
500103004,20231113,415,23,21,1,25.06864,121.5107,2
500103004,20231113,416,23,21,1,25.06864,121.5107,2
500103004,20231113,417,23,21,1,25.06864,121.5107,2
500103004,20231113,418,23,21,1,25.06864,121.5107,2
500103004,20231113,419,23,21,1,25.06864,121.5107,2
500103004,20231113,421,23,21,1,25.06864,121.5107,2
500103004,20231113,422,23,21,1,25.06864,121.5107,2
500103004,20231113,423,23,21,1,25.06864,121.5107,2
500103004,20231113,424,23,21,1,25.06864,121.5107,2
500103004,20231113,425,23,21,1,25.06864,121.5107,2
500103004,20231113,426,23,23,1,25.06864,121.5107,0
500103004,20231113,427,23,23,1,25.06864,121.5107,0
500103004,20231113,428,23,23,1,25.06864,121.5107,0
500103004,20231113,429,23,23,1,25.06864,121.5107,0
500103004,20231113,431,23,23,1,25.06864,121.5107,0
500103004,20231113,432,23,23,1,25.06864,121.5107,0
500103004,20231113,433,23,23,1,25.06864,121.5107,0
500103004,20231113,434,23,23,1,25.06864,121.5107,0
500103004,20231113,435,23,23,1,25.06864,121.5107,0
500103004,20231113,436,23,23,1,25.06864,121.5107,0
500103004,20231113,437,23,23,1,25.06864,121.5107,0
500103004,20231113,438,23,23,1,25.06864,121.5107,0
500103004,20231113,439,23,23,1,25.06864,121.5107,0
500103004,20231113,441,23,23,1,25.06864,121.5107,0
500103004,20231113,442,23,23,1,25.06864,121.5107,0
500103004,20231113,443,23,23,1,25.06864,121.5107,0
500103004,20231113,444,23,23,1,25.06864,121.5107,0
500103004,20231113,445,23,23,1,25.06864,121.5107,0
500103004,20231113,446,23,23,1,25.06864,121.5107,0
500103004,20231113,447,23,23,1,25.06864,121.5107,0
500103004,20231113,448,23,23,1,25.06864,121.5107,0
500103004,20231113,449,23,23,1,25.06864,121.5107,0
500103004,20231113,451,23,23,1,25.06864,121.5107,0
500103004,20231113,452,23,23,1,25.06864,121.5107,0
500103004,20231113,453,23,23,1,25.06864,121.5107,0
500103004,20231113,454,23,23,1,25.06864,121.5107,0
500103004,20231113,455,23,23,1,25.06864,121.5107,0
500103004,20231113,456,23,23,1,25.06864,121.5107,0
500103004,20231113,457,23,23,1,25.06864,121.5107,0
500103004,20231113,458,23,23,1,25.06864,121.5107,0
500103004,20231113,459,23,23,1,25.06864,121.5107,0
500103004,20231113,460,23,23,1,25.06864,121.5107,0
500103004,20231113,461,23,23,1,25.06864,121.5107,0
500103004,20231113,462,23,23,1,25.06864,121.5107,0
500103004,20231113,463,23,23,1,25.06864,121.5107,0
500103004,20231113,464,23,23,1,25.06864,121.5107,0
500103004,20231113,465,23,23,1,25.06864,121.5107,0
500103004,20231113,466,23,23,1,25.06864,121.5107,0
500103004,20231113,467,23,23,1,25.06864,121.5107,0
500103004,20231113,468,23,23,1,25.06864,121.5107,0
500103004,20231113,469,23,23,1,25.06864,121.5107,0
500103004,20231113,470,23,23,1,25.06864,121.5107,0
500103004,20231113,471,23,23,1,25.06864,121.5107,0
500103004,20231113,472,23,23,1,25.06864,121.5107,0
500103004,20231113,473,23,23,1,25.06864,121.5107,0
500103004,20231113,474,23,23,1,25.06864,121.5107,0
500103004,20231113,475,23,23,1,25.06864,121.5107,0
500103004,20231113,476,23,23,1,25.06864,121.5107,0
500103004,20231113,477,23,23,1,25.06864,121.5107,0
500103004,20231113,478,23,23,1,25.06864,121.5107,0
500103004,20231113,479,23,23,1,25.06864,121.5107,0
500103004,20231113,481,23,23,1,25.06864,121.5107,0
500103004,20231113,482,23,23,1,25.06864,121.5107,0
500103004,20231113,483,23,23,1,25.06864,121.5107,0
500103004,20231113,484,23,23,1,25.06864,121.5107,0
500103004,20231113,485,23,22,1,25.06864,121.5107,1
500103004,20231113,486,23,22,1,25.06864,121.5107,1
500103004,20231113,487,23,23,1,25.06864,121.5107,0
500103004,20231113,488,23,23,1,25.06864,121.5107,0
500103004,20231113,489,23,23,1,25.06864,121.5107,0
500103004,20231113,490,23,23,1,25.06864,121.5107,0
500103004,20231113,491,23,23,1,25.06864,121.5107,0
500103004,20231113,492,23,23,1,25.06864,121.5107,0
500103004,20231113,493,23,23,1,25.06864,121.5107,0
500103004,20231113,494,23,23,1,25.06864,121.5107,0
500103004,20231113,495,23,23,1,25.06864,121.5107,0
500103004,20231113,496,23,23,1,25.06864,121.5107,0
500103004,20231113,497,23,23,1,25.06864,121.5107,0
500103004,20231113,498,23,23,1,25.06864,121.5107,0
500103004,20231113,499,23,23,1,25.06864,121.5107,0
500103004,20231113,501,23,23,1,25.06864,121.5107,0
500103004,20231113,502,23,23,1,25.06864,121.5107,0
500103004,20231113,503,23,23,1,25.06864,121.5107,0
500103004,20231113,504,23,23,1,25.06864,121.5107,0
500103004,20231113,505,23,23,1,25.06864,121.5107,0
500103004,20231113,506,23,22,1,25.06864,121.5107,1
500103004,20231113,507,23,23,1,25.06864,121.5107,0
500103004,20231113,508,23,23,1,25.06864,121.5107,0
500103004,20231113,509,23,23,1,25.06864,121.5107,0
500103004,20231113,511,23,23,1,25.06864,121.5107,0
500103004,20231113,512,23,23,1,25.06864,121.5107,0
500103004,20231113,513,23,23,1,25.06864,121.5107,0
500103004,20231113,514,23,23,1,25.06864,121.5107,0
500103004,20231113,515,23,23,1,25.06864,121.5107,0
500103004,20231113,516,23,23,1,25.06864,121.5107,0
500103004,20231113,517,23,23,1,25.06864,121.5107,0
500103004,20231113,518,23,23,1,25.06864,121.5107,0
500103004,20231113,519,23,23,1,25.06864,121.5107,0
500103004,20231113,520,23,23,1,25.06864,121.5107,0
500103004,20231113,521,23,23,1,25.06864,121.5107,0
500103004,20231113,522,23,22,1,25.06864,121.5107,1
500103004,20231113,523,23,22,1,25.06864,121.5107,1
500103004,20231113,524,23,23,1,25.06864,121.5107,0
500103004,20231113,525,23,22,1,25.06864,121.5107,1
500103004,20231113,526,23,23,1,25.06864,121.5107,0
500103004,20231113,527,23,23,1,25.06864,121.5107,0
500103004,20231113,528,23,23,1,25.06864,121.5107,0
500103004,20231113,529,23,23,1,25.06864,121.5107,0
500103004,20231113,530,23,23,1,25.06864,121.5107,0
500103004,20231113,531,23,23,1,25.06864,121.5107,0
500103004,20231113,532,23,23,1,25.06864,121.5107,0
500103004,20231113,533,23,23,1,25.06864,121.5107,0
500103004,20231113,534,23,23,1,25.06864,121.5107,0
500103004,20231113,535,23,23,1,25.06864,121.5107,0
500103004,20231113,536,23,22,1,25.06864,121.5107,1
500103004,20231113,537,23,23,1,25.06864,121.5107,0
500103004,20231113,538,23,23,1,25.06864,121.5107,0
500103004,20231113,539,23,23,1,25.06864,121.5107,0
500103004,20231113,541,23,23,1,25.06864,121.5107,0
500103004,20231113,542,23,23,1,25.06864,121.5107,0
500103004,20231113,543,23,23,1,25.06864,121.5107,0
500103004,20231113,544,23,23,1,25.06864,121.5107,0
500103004,20231113,545,23,23,1,25.06864,121.5107,0
500103004,20231113,546,23,23,1,25.06864,121.5107,0
500103004,20231113,547,23,23,1,25.06864,121.5107,0
500103004,20231113,548,23,23,1,25.06864,121.5107,0
500103004,20231113,549,23,23,1,25.06864,121.5107,0
500103004,20231113,550,23,23,1,25.06864,121.5107,0
500103004,20231113,551,23,23,1,25.06864,121.5107,0
500103004,20231113,552,23,23,1,25.06864,121.5107,0
500103004,20231113,553,23,23,1,25.06864,121.5107,0
500103004,20231113,554,23,23,1,25.06864,121.5107,0
500103004,20231113,555,23,23,1,25.06864,121.5107,0
500103004,20231113,556,23,23,1,25.06864,121.5107,0
500103004,20231113,557,23,23,1,25.06864,121.5107,0
500103004,20231113,558,23,23,1,25.06864,121.5107,0
500103004,20231113,559,23,23,1,25.06864,121.5107,0
500103004,20231113,561,23,23,1,25.06864,121.5107,0
500103004,20231113,562,23,23,1,25.06864,121.5107,0
500103004,20231113,563,23,23,1,25.06864,121.5107,0
500103004,20231113,564,23,23,1,25.06864,121.5107,0
500103004,20231113,565,23,23,1,25.06864,121.5107,0
500103004,20231113,566,23,23,1,25.06864,121.5107,0
500103004,20231113,567,23,23,1,25.06864,121.5107,0
500103004,20231113,568,23,23,1,25.06864,121.5107,0
500103004,20231113,569,23,23,1,25.06864,121.5107,0
500103004,20231113,571,23,23,1,25.06864,121.5107,0
500103004,20231113,572,23,23,1,25.06864,121.5107,0
500103004,20231113,573,23,23,1,25.06864,121.5107,0
500103004,20231113,574,23,23,1,25.06864,121.5107,0
500103004,20231113,575,23,23,1,25.06864,121.5107,0
500103004,20231113,576,23,23,1,25.06864,121.5107,0
500103004,20231113,577,23,23,1,25.06864,121.5107,0
500103004,20231113,578,23,23,1,25.06864,121.5107,0
500103004,20231113,579,23,23,1,25.06864,121.5107,0
500103004,20231113,580,23,23,1,25.06864,121.5107,0
500103004,20231113,581,23,23,1,25.06864,121.5107,0
500103004,20231113,582,23,23,1,25.06864,121.5107,0
500103004,20231113,583,23,23,1,25.06864,121.5107,0
500103004,20231113,584,23,23,1,25.06864,121.5107,0
500103004,20231113,585,23,23,1,25.06864,121.5107,0
500103004,20231113,586,23,23,1,25.06864,121.5107,0
500103004,20231113,587,23,23,1,25.06864,121.5107,0
500103004,20231113,589,23,23,1,25.06864,121.5107,0
500103004,20231113,591,23,23,1,25.06864,121.5107,0
500103004,20231113,592,23,23,1,25.06864,121.5107,0
500103004,20231113,593,23,23,1,25.06864,121.5107,0
500103004,20231113,594,23,23,1,25.06864,121.5107,0
500103004,20231113,595,23,23,1,25.06864,121.5107,0
500103004,20231113,596,23,23,1,25.06864,121.5107,0
500103004,20231113,597,23,23,1,25.06864,121.5107,0
500103004,20231113,598,23,23,1,25.06864,121.5107,0
500103004,20231113,599,23,23,1,25.06864,121.5107,0
500103004,20231113,601,23,23,1,25.06864,121.5107,0
500103004,20231113,602,23,23,1,25.06864,121.5107,0
500103004,20231113,603,23,23,1,25.06864,121.5107,0
500103004,20231113,604,23,23,1,25.06864,121.5107,0
500103004,20231113,605,23,23,1,25.06864,121.5107,0
500103004,20231113,606,23,23,1,25.06864,121.5107,0
500103004,20231113,607,23,23,1,25.06864,121.5107,0
500103004,20231113,608,23,23,1,25.06864,121.5107,0
500103004,20231113,609,23,23,1,25.06864,121.5107,0
500103004,20231113,611,23,23,1,25.06864,121.5107,0
500103004,20231113,612,23,23,1,25.06864,121.5107,0
500103004,20231113,613,23,23,1,25.06864,121.5107,0
500103004,20231113,614,23,22,1,25.06864,121.5107,1
500103004,20231113,615,23,22,1,25.06864,121.5107,1
500103004,20231113,616,23,21,1,25.06864,121.5107,2
500103004,20231113,617,23,21,1,25.06864,121.5107,2
500103004,20231113,618,23,22,1,25.06864,121.5107,1
500103004,20231113,619,23,22,1,25.06864,121.5107,1
500103004,20231113,621,23,22,1,25.06864,121.5107,1
500103004,20231113,622,23,22,1,25.06864,121.5107,1
500103004,20231113,623,23,22,1,25.06864,121.5107,1
500103004,20231113,624,23,22,1,25.06864,121.5107,1
500103004,20231113,625,23,22,1,25.06864,121.5107,1
500103004,20231113,627,23,22,1,25.06864,121.5107,1
500103004,20231113,628,23,22,1,25.06864,121.5107,1
500103004,20231113,629,23,22,1,25.06864,121.5107,1
500103004,20231113,631,23,22,1,25.06864,121.5107,1
500103004,20231113,632,23,22,1,25.06864,121.5107,1
500103004,20231113,633,23,22,1,25.06864,121.5107,1
500103004,20231113,634,23,22,1,25.06864,121.5107,1
500103004,20231113,635,23,22,1,25.06864,121.5107,1
500103004,20231113,636,23,23,1,25.06864,121.5107,0
500103004,20231113,637,23,23,1,25.06864,121.5107,0
500103004,20231113,638,23,23,1,25.06864,121.5107,0
500103004,20231113,639,23,23,1,25.06864,121.5107,0
500103004,20231113,641,23,23,1,25.06864,121.5107,0
500103004,20231113,642,23,23,1,25.06864,121.5107,0
500103004,20231113,643,23,23,1,25.06864,121.5107,0
500103004,20231113,644,23,23,1,25.06864,121.5107,0
500103004,20231113,645,23,23,1,25.06864,121.5107,0
500103004,20231113,646,23,23,1,25.06864,121.5107,0
500103004,20231113,647,23,23,1,25.06864,121.5107,0
500103004,20231113,648,23,23,1,25.06864,121.5107,0
500103004,20231113,649,23,23,1,25.06864,121.5107,0
500103004,20231113,651,23,23,1,25.06864,121.5107,0
500103004,20231113,652,23,23,1,25.06864,121.5107,0
500103004,20231113,653,23,23,1,25.06864,121.5107,0
500103004,20231113,654,23,23,1,25.06864,121.5107,0
500103004,20231113,655,23,23,1,25.06864,121.5107,0
500103004,20231113,656,23,23,1,25.06864,121.5107,0
500103004,20231113,657,23,23,1,25.06864,121.5107,0
500103004,20231113,658,23,23,1,25.06864,121.5107,0
500103004,20231113,659,23,23,1,25.06864,121.5107,0
500103004,20231113,661,23,23,1,25.06864,121.5107,0
500103004,20231113,662,23,23,1,25.06864,121.5107,0
500103004,20231113,663,23,23,1,25.06864,121.5107,0
500103004,20231113,664,23,23,1,25.06864,121.5107,0
500103004,20231113,665,23,23,1,25.06864,121.5107,0
500103004,20231113,666,23,23,1,25.06864,121.5107,0
500103004,20231113,667,23,23,1,25.06864,121.5107,0
500103004,20231113,668,23,23,1,25.06864,121.5107,0
500103004,20231113,669,23,23,1,25.06864,121.5107,0
500103004,20231113,671,23,23,1,25.06864,121.5107,0
500103004,20231113,672,23,23,1,25.06864,121.5107,0
500103004,20231113,673,23,23,1,25.06864,121.5107,0
500103004,20231113,674,23,23,1,25.06864,121.5107,0
500103004,20231113,675,23,23,1,25.06864,121.5107,0
500103004,20231113,676,23,23,1,25.06864,121.5107,0
500103004,20231113,677,23,23,1,25.06864,121.5107,0
500103004,20231113,678,23,23,1,25.06864,121.5107,0
500103004,20231113,679,23,23,1,25.06864,121.5107,0
500103004,20231113,681,23,23,1,25.06864,121.5107,0
500103004,20231113,682,23,23,1,25.06864,121.5107,0
500103004,20231113,683,23,23,1,25.06864,121.5107,0
500103004,20231113,684,23,23,1,25.06864,121.5107,0
500103004,20231113,685,23,23,1,25.06864,121.5107,0
500103004,20231113,686,23,23,1,25.06864,121.5107,0
500103004,20231113,687,23,23,1,25.06864,121.5107,0
500103004,20231113,688,23,23,1,25.06864,121.5107,0
500103004,20231113,689,23,23,1,25.06864,121.5107,0
500103004,20231113,691,23,23,1,25.06864,121.5107,0
500103004,20231113,692,23,23,1,25.06864,121.5107,0
500103004,20231113,693,23,23,1,25.06864,121.5107,0
500103004,20231113,694,23,23,1,25.06864,121.5107,0
500103004,20231113,695,23,23,1,25.06864,121.5107,0
500103004,20231113,696,23,23,1,25.06864,121.5107,0
500103004,20231113,697,23,23,1,25.06864,121.5107,0
500103004,20231113,698,23,23,1,25.06864,121.5107,0
500103004,20231113,699,23,23,1,25.06864,121.5107,0
500103004,20231113,700,23,23,1,25.06864,121.5107,0
500103004,20231113,701,23,23,1,25.06864,121.5107,0
500103004,20231113,702,23,23,1,25.06864,121.5107,0
500103004,20231113,703,23,23,1,25.06864,121.5107,0
500103004,20231113,704,23,23,1,25.06864,121.5107,0
500103004,20231113,705,23,23,1,25.06864,121.5107,0
500103004,20231113,706,23,23,1,25.06864,121.5107,0
500103004,20231113,707,23,23,1,25.06864,121.5107,0
500103004,20231113,708,23,23,1,25.06864,121.5107,0
500103004,20231113,709,23,23,1,25.06864,121.5107,0
500103004,20231113,710,23,23,1,25.06864,121.5107,0
500103004,20231113,711,23,23,1,25.06864,121.5107,0
500103004,20231113,712,23,23,1,25.06864,121.5107,0
500103004,20231113,713,23,23,1,25.06864,121.5107,0
500103004,20231113,714,23,23,1,25.06864,121.5107,0
500103004,20231113,715,23,23,1,25.06864,121.5107,0
500103004,20231113,716,23,23,1,25.06864,121.5107,0
500103004,20231113,717,23,23,1,25.06864,121.5107,0
500103004,20231113,718,23,23,1,25.06864,121.5107,0
500103004,20231113,719,23,23,1,25.06864,121.5107,0
500103004,20231113,721,23,22,1,25.06864,121.5107,1
500103004,20231113,722,23,22,1,25.06864,121.5107,1
500103004,20231113,723,23,22,1,25.06864,121.5107,1
500103004,20231113,724,23,22,1,25.06864,121.5107,1
500103004,20231113,725,23,22,1,25.06864,121.5107,1
500103004,20231113,726,23,22,1,25.06864,121.5107,1
500103004,20231113,727,23,22,1,25.06864,121.5107,1
500103004,20231113,728,23,22,1,25.06864,121.5107,1
500103004,20231113,729,23,22,1,25.06864,121.5107,1
500103004,20231113,730,23,22,1,25.06864,121.5107,1
500103004,20231113,731,23,22,1,25.06864,121.5107,1
500103004,20231113,732,23,22,1,25.06864,121.5107,1
500103004,20231113,733,23,22,1,25.06864,121.5107,1
500103004,20231113,734,23,22,1,25.06864,121.5107,1
500103004,20231113,735,23,22,1,25.06864,121.5107,1
500103004,20231113,736,23,22,1,25.06864,121.5107,1
500103004,20231113,737,23,22,1,25.06864,121.5107,1
500103004,20231113,738,23,22,1,25.06864,121.5107,1
500103004,20231113,739,23,22,1,25.06864,121.5107,1
500103004,20231113,741,23,22,1,25.06864,121.5107,1
500103004,20231113,742,23,22,1,25.06864,121.5107,1
500103004,20231113,743,23,22,1,25.06864,121.5107,1
500103004,20231113,744,23,22,1,25.06864,121.5107,1
500103004,20231113,745,23,22,1,25.06864,121.5107,1
500103004,20231113,746,23,22,1,25.06864,121.5107,1
500103004,20231113,747,23,22,1,25.06864,121.5107,1
500103004,20231113,748,23,22,1,25.06864,121.5107,1
500103004,20231113,749,23,22,1,25.06864,121.5107,1
500103004,20231113,751,23,22,1,25.06864,121.5107,1
500103004,20231113,752,23,22,1,25.06864,121.5107,1
500103004,20231113,753,23,22,1,25.06864,121.5107,1
500103004,20231113,754,23,22,1,25.06864,121.5107,1
500103004,20231113,755,23,22,1,25.06864,121.5107,1
500103004,20231113,756,23,22,1,25.06864,121.5107,1
500103004,20231113,757,23,22,1,25.06864,121.5107,1
500103004,20231113,758,23,22,1,25.06864,121.5107,1
500103004,20231113,759,23,22,1,25.06864,121.5107,1
500103004,20231113,760,23,22,1,25.06864,121.5107,1
500103004,20231113,761,23,22,1,25.06864,121.5107,1
500103004,20231113,762,23,22,1,25.06864,121.5107,1
500103004,20231113,763,23,22,1,25.06864,121.5107,1
500103004,20231113,764,23,22,1,25.06864,121.5107,1
500103004,20231113,765,23,22,1,25.06864,121.5107,1
500103004,20231113,766,23,22,1,25.06864,121.5107,1
500103004,20231113,767,23,22,1,25.06864,121.5107,1
500103004,20231113,768,23,23,1,25.06864,121.5107,0
500103004,20231113,769,23,23,1,25.06864,121.5107,0
500103004,20231113,770,23,23,1,25.06864,121.5107,0
500103004,20231113,771,23,23,1,25.06864,121.5107,0
500103004,20231113,772,23,23,1,25.06864,121.5107,0
500103004,20231113,773,23,23,1,25.06864,121.5107,0
500103004,20231113,774,23,23,1,25.06864,121.5107,0
500103004,20231113,775,23,23,1,25.06864,121.5107,0
500103004,20231113,776,23,23,1,25.06864,121.5107,0
500103004,20231113,777,23,23,1,25.06864,121.5107,0
500103004,20231113,778,23,23,1,25.06864,121.5107,0
500103004,20231113,779,23,23,1,25.06864,121.5107,0
500103004,20231113,781,23,22,1,25.06864,121.5107,1
500103004,20231113,782,23,22,1,25.06864,121.5107,1
500103004,20231113,783,23,22,1,25.06864,121.5107,1
500103004,20231113,784,23,22,1,25.06864,121.5107,1
500103004,20231113,785,23,22,1,25.06864,121.5107,1
500103004,20231113,786,23,22,1,25.06864,121.5107,1
500103004,20231113,787,23,22,1,25.06864,121.5107,1
500103004,20231113,788,23,22,1,25.06864,121.5107,1
500103004,20231113,789,23,22,1,25.06864,121.5107,1
500103004,20231113,790,23,22,1,25.06864,121.5107,1
500103004,20231113,791,23,22,1,25.06864,121.5107,1
500103004,20231113,792,23,22,1,25.06864,121.5107,1
500103004,20231113,793,23,22,1,25.06864,121.5107,1
500103004,20231113,794,23,22,1,25.06864,121.5107,1
500103004,20231113,795,23,23,1,25.06864,121.5107,0
500103004,20231113,796,23,23,1,25.06864,121.5107,0
500103004,20231113,797,23,23,1,25.06864,121.5107,0
500103004,20231113,798,23,23,1,25.06864,121.5107,0
500103004,20231113,799,23,23,1,25.06864,121.5107,0
500103004,20231113,801,23,23,1,25.06864,121.5107,0
500103004,20231113,802,23,23,1,25.06864,121.5107,0
500103004,20231113,803,23,23,1,25.06864,121.5107,0
500103004,20231113,804,23,23,1,25.06864,121.5107,0
500103004,20231113,805,23,23,1,25.06864,121.5107,0
500103004,20231113,806,23,23,1,25.06864,121.5107,0
500103004,20231113,807,23,23,1,25.06864,121.5107,0
500103004,20231113,808,23,23,1,25.06864,121.5107,0
500103004,20231113,809,23,23,1,25.06864,121.5107,0
500103004,20231113,810,23,23,1,25.06864,121.5107,0
500103004,20231113,811,23,23,1,25.06864,121.5107,0
500103004,20231113,812,23,23,1,25.06864,121.5107,0
500103004,20231113,813,23,23,1,25.06864,121.5107,0
500103004,20231113,814,23,23,1,25.06864,121.5107,0
500103004,20231113,815,23,23,1,25.06864,121.5107,0
500103004,20231113,816,23,23,1,25.06864,121.5107,0
500103004,20231113,817,23,23,1,25.06864,121.5107,0
500103004,20231113,818,23,23,1,25.06864,121.5107,0
500103004,20231113,819,23,23,1,25.06864,121.5107,0
500103004,20231113,820,23,23,1,25.06864,121.5107,0
500103004,20231113,821,23,23,1,25.06864,121.5107,0
500103004,20231113,822,23,23,1,25.06864,121.5107,0
500103004,20231113,823,23,23,1,25.06864,121.5107,0
500103004,20231113,824,23,21,1,25.06864,121.5107,2
500103004,20231113,825,23,21,1,25.06864,121.5107,2
500103004,20231113,826,23,21,1,25.06864,121.5107,2
500103004,20231113,827,23,21,1,25.06864,121.5107,2
500103004,20231113,828,23,21,1,25.06864,121.5107,2
500103004,20231113,829,23,21,1,25.06864,121.5107,2
500103004,20231113,830,23,21,1,25.06864,121.5107,2
500103004,20231113,831,23,21,1,25.06864,121.5107,2
500103004,20231113,832,23,21,1,25.06864,121.5107,2
500103004,20231113,833,23,21,1,25.06864,121.5107,2
500103004,20231113,834,23,22,1,25.06864,121.5107,1
500103004,20231113,835,23,22,1,25.06864,121.5107,1
500103004,20231113,836,23,22,1,25.06864,121.5107,1
500103004,20231113,837,23,22,1,25.06864,121.5107,1
500103004,20231113,838,23,22,1,25.06864,121.5107,1
500103004,20231113,839,23,22,1,25.06864,121.5107,1
500103004,20231113,841,23,21,1,25.06864,121.5107,2
500103004,20231113,842,23,21,1,25.06864,121.5107,2
500103004,20231113,843,23,21,1,25.06864,121.5107,2
500103004,20231113,844,23,22,1,25.06864,121.5107,1
500103004,20231113,845,23,22,1,25.06864,121.5107,1
500103004,20231113,846,23,22,1,25.06864,121.5107,1
500103004,20231113,847,23,22,1,25.06864,121.5107,1
500103004,20231113,848,23,22,1,25.06864,121.5107,1
500103004,20231113,849,23,22,1,25.06864,121.5107,1
500103004,20231113,850,23,22,1,25.06864,121.5107,1
500103004,20231113,851,23,22,1,25.06864,121.5107,1
500103004,20231113,853,23,22,1,25.06864,121.5107,1
500103004,20231113,854,23,22,1,25.06864,121.5107,1
500103004,20231113,855,23,22,1,25.06864,121.5107,1
500103004,20231113,856,23,22,1,25.06864,121.5107,1
500103004,20231113,857,23,22,1,25.06864,121.5107,1
500103004,20231113,858,23,23,1,25.06864,121.5107,0
500103004,20231113,859,23,23,1,25.06864,121.5107,0
500103004,20231113,861,23,23,1,25.06864,121.5107,0
500103004,20231113,862,23,23,1,25.06864,121.5107,0
500103004,20231113,863,23,23,1,25.06864,121.5107,0
500103004,20231113,864,23,23,1,25.06864,121.5107,0
500103004,20231113,865,23,23,1,25.06864,121.5107,0
500103004,20231113,866,23,23,1,25.06864,121.5107,0
500103004,20231113,867,23,23,1,25.06864,121.5107,0
500103004,20231113,868,23,23,1,25.06864,121.5107,0
500103004,20231113,869,23,23,1,25.06864,121.5107,0
500103004,20231113,871,23,23,1,25.06864,121.5107,0
500103004,20231113,872,23,23,1,25.06864,121.5107,0
500103004,20231113,873,23,23,1,25.06864,121.5107,0
500103004,20231113,874,23,23,1,25.06864,121.5107,0
500103004,20231113,875,23,23,1,25.06864,121.5107,0
500103004,20231113,876,23,23,1,25.06864,121.5107,0
500103004,20231113,877,23,23,1,25.06864,121.5107,0
500103004,20231113,878,23,23,1,25.06864,121.5107,0
500103004,20231113,879,23,23,1,25.06864,121.5107,0
500103004,20231113,881,23,23,1,25.06864,121.5107,0
500103004,20231113,882,23,21,1,25.06864,121.5107,2
500103004,20231113,883,23,21,1,25.06864,121.5107,2
500103004,20231113,884,23,21,1,25.06864,121.5107,2
500103004,20231113,885,23,21,1,25.06864,121.5107,2
500103004,20231113,886,23,21,1,25.06864,121.5107,2
500103004,20231113,887,23,21,1,25.06864,121.5107,2
500103004,20231113,888,23,21,1,25.06864,121.5107,2
500103004,20231113,889,23,21,1,25.06864,121.5107,2
500103004,20231113,891,23,21,1,25.06864,121.5107,2
500103004,20231113,892,23,21,1,25.06864,121.5107,2
500103004,20231113,893,23,21,1,25.06864,121.5107,2
500103004,20231113,894,23,21,1,25.06864,121.5107,2
500103004,20231113,895,23,21,1,25.06864,121.5107,2
500103004,20231113,896,23,21,1,25.06864,121.5107,2
500103004,20231113,897,23,21,1,25.06864,121.5107,2
500103004,20231113,898,23,21,1,25.06864,121.5107,2
500103004,20231113,899,23,21,1,25.06864,121.5107,2
500103004,20231113,901,23,21,1,25.06864,121.5107,2
500103004,20231113,902,23,21,1,25.06864,121.5107,2
500103004,20231113,903,23,21,1,25.06864,121.5107,2
500103004,20231113,904,23,21,1,25.06864,121.5107,2
500103004,20231113,905,23,21,1,25.06864,121.5107,2
500103004,20231113,906,23,21,1,25.06864,121.5107,2
500103004,20231113,907,23,21,1,25.06864,121.5107,2
500103004,20231113,908,23,21,1,25.06864,121.5107,2
500103004,20231113,909,23,21,1,25.06864,121.5107,2
500103004,20231113,911,23,21,1,25.06864,121.5107,2
500103004,20231113,912,23,21,1,25.06864,121.5107,2
500103004,20231113,913,23,21,1,25.06864,121.5107,2
500103004,20231113,914,23,21,1,25.06864,121.5107,2
500103004,20231113,915,23,21,1,25.06864,121.5107,2
500103004,20231113,916,23,21,1,25.06864,121.5107,2
500103004,20231113,917,23,21,1,25.06864,121.5107,2
500103004,20231113,918,23,21,1,25.06864,121.5107,2
500103004,20231113,919,23,21,1,25.06864,121.5107,2
500103004,20231113,921,23,21,1,25.06864,121.5107,2
500103004,20231113,922,23,21,1,25.06864,121.5107,2
500103004,20231113,923,23,21,1,25.06864,121.5107,2
500103004,20231113,924,23,21,1,25.06864,121.5107,2
500103004,20231113,925,23,21,1,25.06864,121.5107,2
500103004,20231113,926,23,21,1,25.06864,121.5107,2
500103004,20231113,927,23,21,1,25.06864,121.5107,2
500103004,20231113,928,23,21,1,25.06864,121.5107,2
500103004,20231113,929,23,21,1,25.06864,121.5107,2
500103004,20231113,931,23,20,1,25.06864,121.5107,3
500103004,20231113,932,23,20,1,25.06864,121.5107,3
500103004,20231113,933,23,21,1,25.06864,121.5107,2
500103004,20231113,934,23,21,1,25.06864,121.5107,2
500103004,20231113,935,23,21,1,25.06864,121.5107,2
500103004,20231113,936,23,21,1,25.06864,121.5107,2
500103004,20231113,937,23,21,1,25.06864,121.5107,2
500103004,20231113,938,23,21,1,25.06864,121.5107,2
500103004,20231113,939,23,21,1,25.06864,121.5107,2
500103004,20231113,941,23,20,1,25.06864,121.5107,3
500103004,20231113,942,23,20,1,25.06864,121.5107,3
500103004,20231113,943,23,20,1,25.06864,121.5107,3
500103004,20231113,944,23,20,1,25.06864,121.5107,3
500103004,20231113,945,23,20,1,25.06864,121.5107,3
500103004,20231113,946,23,20,1,25.06864,121.5107,3
500103004,20231113,947,23,20,1,25.06864,121.5107,3
500103004,20231113,948,23,20,1,25.06864,121.5107,3
500103004,20231113,949,23,20,1,25.06864,121.5107,3
500103004,20231113,951,23,20,1,25.06864,121.5107,3
500103004,20231113,952,23,20,1,25.06864,121.5107,3
500103004,20231113,953,23,20,1,25.06864,121.5107,3
500103004,20231113,954,23,20,1,25.06864,121.5107,3
500103004,20231113,955,23,20,1,25.06864,121.5107,3
500103004,20231113,956,23,20,1,25.06864,121.5107,3
500103004,20231113,957,23,20,1,25.06864,121.5107,3
500103004,20231113,958,23,20,1,25.06864,121.5107,3
500103004,20231113,959,23,20,1,25.06864,121.5107,3
500103004,20231113,961,23,20,1,25.06864,121.5107,3
500103004,20231113,962,23,20,1,25.06864,121.5107,3
500103004,20231113,963,23,20,1,25.06864,121.5107,3
500103004,20231113,964,23,20,1,25.06864,121.5107,3
500103004,20231113,965,23,20,1,25.06864,121.5107,3
500103004,20231113,966,23,20,1,25.06864,121.5107,3
500103004,20231113,967,23,20,1,25.06864,121.5107,3
500103004,20231113,968,23,20,1,25.06864,121.5107,3
500103004,20231113,969,23,20,1,25.06864,121.5107,3
500103004,20231113,970,23,20,1,25.06864,121.5107,3
500103004,20231113,971,23,20,1,25.06864,121.5107,3
500103004,20231113,972,23,20,1,25.06864,121.5107,3
500103004,20231113,973,23,20,1,25.06864,121.5107,3
500103004,20231113,974,23,20,1,25.06864,121.5107,3
500103004,20231113,975,23,20,1,25.06864,121.5107,3
500103004,20231113,976,23,20,1,25.06864,121.5107,3
500103004,20231113,977,23,20,1,25.06864,121.5107,3
500103004,20231113,978,23,20,1,25.06864,121.5107,3
500103004,20231113,979,23,20,1,25.06864,121.5107,3
500103004,20231113,981,23,20,1,25.06864,121.5107,3
500103004,20231113,982,23,20,1,25.06864,121.5107,3
500103004,20231113,983,23,20,1,25.06864,121.5107,3
500103004,20231113,984,23,20,1,25.06864,121.5107,3
500103004,20231113,985,23,20,1,25.06864,121.5107,3
500103004,20231113,986,23,20,1,25.06864,121.5107,3
500103004,20231113,987,23,20,1,25.06864,121.5107,3
500103004,20231113,988,23,20,1,25.06864,121.5107,3
500103004,20231113,989,23,20,1,25.06864,121.5107,3
500103004,20231113,991,23,20,1,25.06864,121.5107,3
500103004,20231113,992,23,21,1,25.06864,121.5107,2
500103004,20231113,993,23,21,1,25.06864,121.5107,2
500103004,20231113,994,23,21,1,25.06864,121.5107,2
500103004,20231113,995,23,20,1,25.06864,121.5107,3
500103004,20231113,996,23,20,1,25.06864,121.5107,3
500103004,20231113,997,23,20,1,25.06864,121.5107,3
500103004,20231113,998,23,20,1,25.06864,121.5107,3
500103004,20231113,999,23,20,1,25.06864,121.5107,3
500103004,20231113,1000,23,20,1,25.06864,121.5107,3
500103004,20231113,1001,23,19,1,25.06864,121.5107,4
500103004,20231113,1002,23,19,1,25.06864,121.5107,4
500103004,20231113,1003,23,19,1,25.06864,121.5107,4
500103004,20231113,1004,23,19,1,25.06864,121.5107,4
500103004,20231113,1005,23,19,1,25.06864,121.5107,4
500103004,20231113,1006,23,19,1,25.06864,121.5107,4
500103004,20231113,1007,23,19,1,25.06864,121.5107,4
500103004,20231113,1008,23,19,1,25.06864,121.5107,4
500103004,20231113,1009,23,19,1,25.06864,121.5107,4
500103004,20231113,1010,23,19,1,25.06864,121.5107,4
500103004,20231113,1011,23,19,1,25.06864,121.5107,4
500103004,20231113,1012,23,19,1,25.06864,121.5107,4
500103004,20231113,1013,23,18,1,25.06864,121.5107,5
500103004,20231113,1014,23,18,1,25.06864,121.5107,5
500103004,20231113,1015,23,18,1,25.06864,121.5107,5
500103004,20231113,1016,23,18,1,25.06864,121.5107,5
500103004,20231113,1017,23,17,1,25.06864,121.5107,6
500103004,20231113,1018,23,17,1,25.06864,121.5107,6
500103004,20231113,1019,23,17,1,25.06864,121.5107,6
500103004,20231113,1021,23,17,1,25.06864,121.5107,6
500103004,20231113,1022,23,17,1,25.06864,121.5107,6
500103004,20231113,1023,23,17,1,25.06864,121.5107,6
500103004,20231113,1024,23,16,1,25.06864,121.5107,7
500103004,20231113,1025,23,16,1,25.06864,121.5107,7
500103004,20231113,1026,23,16,1,25.06864,121.5107,7
500103004,20231113,1027,23,16,1,25.06864,121.5107,7
500103004,20231113,1028,23,17,1,25.06864,121.5107,6
500103004,20231113,1029,23,17,1,25.06864,121.5107,6
500103004,20231113,1030,23,17,1,25.06864,121.5107,6
500103004,20231113,1031,23,17,1,25.06864,121.5107,6
500103004,20231113,1032,23,18,1,25.06864,121.5107,5
500103004,20231113,1033,23,18,1,25.06864,121.5107,5
500103004,20231113,1034,23,18,1,25.06864,121.5107,5
500103004,20231113,1035,23,18,1,25.06864,121.5107,5
500103004,20231113,1036,23,18,1,25.06864,121.5107,5
500103004,20231113,1037,23,18,1,25.06864,121.5107,5
500103004,20231113,1038,23,17,1,25.06864,121.5107,6
500103004,20231113,1039,23,17,1,25.06864,121.5107,6
500103004,20231113,1041,23,17,1,25.06864,121.5107,6
500103004,20231113,1042,23,17,1,25.06864,121.5107,6
500103004,20231113,1043,23,17,1,25.06864,121.5107,6
500103004,20231113,1044,23,17,1,25.06864,121.5107,6
500103004,20231113,1045,23,17,1,25.06864,121.5107,6
500103004,20231113,1046,23,17,1,25.06864,121.5107,6
500103004,20231113,1047,23,17,1,25.06864,121.5107,6
500103004,20231113,1048,23,17,1,25.06864,121.5107,6
500103004,20231113,1049,23,17,1,25.06864,121.5107,6
500103004,20231113,1051,23,17,1,25.06864,121.5107,6
500103004,20231113,1052,23,17,1,25.06864,121.5107,6
500103004,20231113,1053,23,17,1,25.06864,121.5107,6
500103004,20231113,1054,23,17,1,25.06864,121.5107,6
500103004,20231113,1055,23,17,1,25.06864,121.5107,6
500103004,20231113,1056,23,16,1,25.06864,121.5107,7
500103004,20231113,1057,23,17,1,25.06864,121.5107,6
500103004,20231113,1058,23,17,1,25.06864,121.5107,6
500103004,20231113,1059,23,18,1,25.06864,121.5107,5
500103004,20231113,1060,23,18,1,25.06864,121.5107,5
500103004,20231113,1061,23,17,1,25.06864,121.5107,6
500103004,20231113,1062,23,17,1,25.06864,121.5107,6
500103004,20231113,1063,23,18,1,25.06864,121.5107,5
500103004,20231113,1064,23,17,1,25.06864,121.5107,6
500103004,20231113,1065,23,16,1,25.06864,121.5107,7
500103004,20231113,1066,23,17,1,25.06864,121.5107,6
500103004,20231113,1067,23,17,1,25.06864,121.5107,6
500103004,20231113,1068,23,17,1,25.06864,121.5107,6
500103004,20231113,1069,23,18,1,25.06864,121.5107,5
500103004,20231113,1070,23,19,1,25.06864,121.5107,4
500103004,20231113,1071,23,20,1,25.06864,121.5107,3
500103004,20231113,1072,23,22,1,25.06864,121.5107,1
500103004,20231113,1073,23,22,1,25.06864,121.5107,1
500103004,20231113,1074,23,22,1,25.06864,121.5107,1
500103004,20231113,1075,23,22,1,25.06864,121.5107,1
500103004,20231113,1076,23,23,1,25.06864,121.5107,0
500103004,20231113,1077,23,23,1,25.06864,121.5107,0
500103004,20231113,1078,23,23,1,25.06864,121.5107,0
500103004,20231113,1079,23,23,1,25.06864,121.5107,0
500103004,20231113,1081,23,23,1,25.06864,121.5107,0
500103004,20231113,1082,23,21,1,25.06864,121.5107,2
500103004,20231113,1083,23,20,1,25.06864,121.5107,3
500103004,20231113,1084,23,18,1,25.06864,121.5107,5
500103004,20231113,1085,23,19,1,25.06864,121.5107,4
500103004,20231113,1086,23,19,1,25.06864,121.5107,4
500103004,20231113,1087,23,19,1,25.06864,121.5107,4
500103004,20231113,1088,23,19,1,25.06864,121.5107,4
500103004,20231113,1089,23,19,1,25.06864,121.5107,4
500103004,20231113,1090,23,18,1,25.06864,121.5107,5
500103004,20231113,1091,23,18,1,25.06864,121.5107,5
500103004,20231113,1092,23,18,1,25.06864,121.5107,5
500103004,20231113,1093,23,18,1,25.06864,121.5107,5
500103004,20231113,1094,23,17,1,25.06864,121.5107,6
500103004,20231113,1095,23,19,1,25.06864,121.5107,4
500103004,20231113,1096,23,19,1,25.06864,121.5107,4
500103004,20231113,1097,23,19,1,25.06864,121.5107,4
500103004,20231113,1098,23,17,1,25.06864,121.5107,6
500103004,20231113,1099,23,16,1,25.06864,121.5107,7
500103004,20231113,1101,23,16,1,25.06864,121.5107,7
500103004,20231113,1102,23,15,1,25.06864,121.5107,8
500103004,20231113,1103,23,14,1,25.06864,121.5107,9
500103004,20231113,1104,23,14,1,25.06864,121.5107,9
500103004,20231113,1105,23,14,1,25.06864,121.5107,9
500103004,20231113,1106,23,14,1,25.06864,121.5107,9
500103004,20231113,1107,23,13,1,25.06864,121.5107,10
500103004,20231113,1108,23,13,1,25.06864,121.5107,10
500103004,20231113,1109,23,10,1,25.06864,121.5107,13
500103004,20231113,1111,23,10,1,25.06864,121.5107,13
500103004,20231113,1112,23,10,1,25.06864,121.5107,13
500103004,20231113,1113,23,10,1,25.06864,121.5107,13
500103004,20231113,1114,23,9,1,25.06864,121.5107,14
500103004,20231113,1115,23,10,1,25.06864,121.5107,13
500103004,20231113,1116,23,11,1,25.06864,121.5107,12
500103004,20231113,1117,23,10,1,25.06864,121.5107,13
500103004,20231113,1118,23,10,1,25.06864,121.5107,13
500103004,20231113,1119,23,10,1,25.06864,121.5107,13
500103004,20231113,1121,23,10,1,25.06864,121.5107,13
500103004,20231113,1123,23,9,1,25.06864,121.5107,14
500103004,20231113,1124,23,9,1,25.06864,121.5107,14
500103004,20231113,1125,23,9,1,25.06864,121.5107,14
500103004,20231113,1126,23,7,1,25.06864,121.5107,16
500103004,20231113,1127,23,7,1,25.06864,121.5107,16
500103004,20231113,1128,23,7,1,25.06864,121.5107,16
500103004,20231113,1129,23,6,1,25.06864,121.5107,17
500103004,20231113,1131,23,3,1,25.06864,121.5107,20
500103004,20231113,1132,23,3,1,25.06864,121.5107,20
500103004,20231113,1133,23,2,1,25.06864,121.5107,21
500103004,20231113,1134,23,2,1,25.06864,121.5107,21
500103004,20231113,1135,23,2,1,25.06864,121.5107,21
500103004,20231113,1136,23,2,1,25.06864,121.5107,21
500103004,20231113,1137,23,2,1,25.06864,121.5107,21
500103004,20231113,1138,23,2,1,25.06864,121.5107,21
500103004,20231113,1139,23,1,1,25.06864,121.5107,22
500103004,20231113,1141,23,1,1,25.06864,121.5107,22
500103004,20231113,1142,23,1,1,25.06864,121.5107,22
500103004,20231113,1143,23,5,1,25.06864,121.5107,18
500103004,20231113,1144,23,9,1,25.06864,121.5107,14
500103004,20231113,1145,23,9,1,25.06864,121.5107,14
500103004,20231113,1146,23,8,1,25.06864,121.5107,15
500103004,20231113,1147,23,9,1,25.06864,121.5107,14
500103004,20231113,1148,23,10,1,25.06864,121.5107,13
500103004,20231113,1149,23,12,1,25.06864,121.5107,11
500103004,20231113,1151,23,18,1,25.06864,121.5107,5
500103004,20231113,1152,23,18,1,25.06864,121.5107,5
500103004,20231113,1153,23,18,1,25.06864,121.5107,5
500103004,20231113,1154,23,18,1,25.06864,121.5107,5
500103004,20231113,1155,23,18,1,25.06864,121.5107,5
500103004,20231113,1156,23,18,1,25.06864,121.5107,5
500103004,20231113,1157,23,17,1,25.06864,121.5107,6
500103004,20231113,1158,23,17,1,25.06864,121.5107,6
500103004,20231113,1159,23,17,1,25.06864,121.5107,6
500103004,20231113,1161,23,17,1,25.06864,121.5107,6
500103004,20231113,1162,23,17,1,25.06864,121.5107,6
500103004,20231113,1163,23,17,1,25.06864,121.5107,6
500103004,20231113,1164,23,18,1,25.06864,121.5107,5
500103004,20231113,1165,23,18,1,25.06864,121.5107,5
500103004,20231113,1166,23,19,1,25.06864,121.5107,4
500103004,20231113,1167,23,17,1,25.06864,121.5107,6
500103004,20231113,1168,23,17,1,25.06864,121.5107,6
500103004,20231113,1169,23,17,1,25.06864,121.5107,6
500103004,20231113,1171,23,18,1,25.06864,121.5107,5
500103004,20231113,1172,23,18,1,25.06864,121.5107,5
500103004,20231113,1173,23,17,1,25.06864,121.5107,6
500103004,20231113,1174,23,17,1,25.06864,121.5107,6
500103004,20231113,1175,23,17,1,25.06864,121.5107,6
500103004,20231113,1176,23,17,1,25.06864,121.5107,6
500103004,20231113,1177,23,17,1,25.06864,121.5107,6
500103004,20231113,1178,23,17,1,25.06864,121.5107,6
500103004,20231113,1179,23,17,1,25.06864,121.5107,6
500103004,20231113,1181,23,17,1,25.06864,121.5107,6
500103004,20231113,1182,23,17,1,25.06864,121.5107,6
500103004,20231113,1183,23,17,1,25.06864,121.5107,6
500103004,20231113,1184,23,17,1,25.06864,121.5107,6
500103004,20231113,1185,23,17,1,25.06864,121.5107,6
500103004,20231113,1186,23,17,1,25.06864,121.5107,6
500103004,20231113,1187,23,17,1,25.06864,121.5107,6
500103004,20231113,1188,23,17,1,25.06864,121.5107,6
500103004,20231113,1189,23,17,1,25.06864,121.5107,6
500103004,20231113,1191,23,17,1,25.06864,121.5107,6
500103004,20231113,1192,23,18,1,25.06864,121.5107,5
500103004,20231113,1193,23,18,1,25.06864,121.5107,5
500103004,20231113,1194,23,18,1,25.06864,121.5107,5
500103004,20231113,1195,23,18,1,25.06864,121.5107,5
500103004,20231113,1196,23,16,1,25.06864,121.5107,7
500103004,20231113,1197,23,16,1,25.06864,121.5107,7
500103004,20231113,1198,23,16,1,25.06864,121.5107,7
500103004,20231113,1199,23,16,1,25.06864,121.5107,7
500103004,20231113,1201,23,17,1,25.06864,121.5107,6
500103004,20231113,1202,23,17,1,25.06864,121.5107,6
500103004,20231113,1203,23,17,1,25.06864,121.5107,6
500103004,20231113,1204,23,17,1,25.06864,121.5107,6
500103004,20231113,1205,23,17,1,25.06864,121.5107,6
500103004,20231113,1206,23,17,1,25.06864,121.5107,6
500103004,20231113,1207,23,17,1,25.06864,121.5107,6
500103004,20231113,1209,23,17,1,25.06864,121.5107,6
500103004,20231113,1211,23,16,1,25.06864,121.5107,7
500103004,20231113,1212,23,16,1,25.06864,121.5107,7
500103004,20231113,1213,23,16,1,25.06864,121.5107,7
500103004,20231113,1214,23,16,1,25.06864,121.5107,7
500103004,20231113,1215,23,17,1,25.06864,121.5107,6
500103004,20231113,1216,23,17,1,25.06864,121.5107,6
500103004,20231113,1217,23,17,1,25.06864,121.5107,6
500103004,20231113,1218,23,17,1,25.06864,121.5107,6
500103004,20231113,1219,23,17,1,25.06864,121.5107,6
500103004,20231113,1221,23,16,1,25.06864,121.5107,7
500103004,20231113,1222,23,15,1,25.06864,121.5107,8
500103004,20231113,1223,23,15,1,25.06864,121.5107,8
500103004,20231113,1224,23,13,1,25.06864,121.5107,10
500103004,20231113,1225,23,13,1,25.06864,121.5107,10
500103004,20231113,1226,23,13,1,25.06864,121.5107,10
500103004,20231113,1227,23,13,1,25.06864,121.5107,10
500103004,20231113,1228,23,12,1,25.06864,121.5107,11
500103004,20231113,1229,23,11,1,25.06864,121.5107,12
500103004,20231113,1231,23,11,1,25.06864,121.5107,12
500103004,20231113,1232,23,10,1,25.06864,121.5107,13
500103004,20231113,1233,23,10,1,25.06864,121.5107,13
500103004,20231113,1234,23,10,1,25.06864,121.5107,13
500103004,20231113,1235,23,10,1,25.06864,121.5107,13
500103004,20231113,1236,23,10,1,25.06864,121.5107,13
500103004,20231113,1237,23,10,1,25.06864,121.5107,13
500103004,20231113,1238,23,10,1,25.06864,121.5107,13
500103004,20231113,1239,23,11,1,25.06864,121.5107,12
500103004,20231113,1240,23,12,1,25.06864,121.5107,11
500103004,20231113,1241,23,12,1,25.06864,121.5107,11
500103004,20231113,1242,23,12,1,25.06864,121.5107,11
500103004,20231113,1243,23,12,1,25.06864,121.5107,11
500103004,20231113,1244,23,11,1,25.06864,121.5107,12
500103004,20231113,1245,23,11,1,25.06864,121.5107,12
500103004,20231113,1246,23,11,1,25.06864,121.5107,12
500103004,20231113,1247,23,9,1,25.06864,121.5107,14
500103004,20231113,1248,23,9,1,25.06864,121.5107,14
500103004,20231113,1249,23,9,1,25.06864,121.5107,14
500103004,20231113,1250,23,9,1,25.06864,121.5107,14
500103004,20231113,1251,23,9,1,25.06864,121.5107,14
500103004,20231113,1252,23,8,1,25.06864,121.5107,15
500103004,20231113,1253,23,8,1,25.06864,121.5107,15
500103004,20231113,1254,23,8,1,25.06864,121.5107,15
500103004,20231113,1255,23,8,1,25.06864,121.5107,15
500103004,20231113,1256,23,8,1,25.06864,121.5107,15
500103004,20231113,1257,23,8,1,25.06864,121.5107,15
500103004,20231113,1258,23,8,1,25.06864,121.5107,15
500103004,20231113,1259,23,8,1,25.06864,121.5107,15
500103004,20231113,1261,23,8,1,25.06864,121.5107,15
500103004,20231113,1262,23,8,1,25.06864,121.5107,15
500103004,20231113,1263,23,8,1,25.06864,121.5107,15
500103004,20231113,1264,23,8,1,25.06864,121.5107,15
500103004,20231113,1265,23,7,1,25.06864,121.5107,16
500103004,20231113,1266,23,8,1,25.06864,121.5107,15
500103004,20231113,1267,23,8,1,25.06864,121.5107,15
500103004,20231113,1268,23,8,1,25.06864,121.5107,15
500103004,20231113,1269,23,8,1,25.06864,121.5107,15
500103004,20231113,1270,23,8,1,25.06864,121.5107,15
500103004,20231113,1271,23,8,1,25.06864,121.5107,15
500103004,20231113,1272,23,9,1,25.06864,121.5107,14
500103004,20231113,1273,23,9,1,25.06864,121.5107,14
500103004,20231113,1274,23,9,1,25.06864,121.5107,14
500103004,20231113,1275,23,9,1,25.06864,121.5107,14
500103004,20231113,1276,23,9,1,25.06864,121.5107,14
500103004,20231113,1277,23,9,1,25.06864,121.5107,14
500103004,20231113,1278,23,9,1,25.06864,121.5107,14
500103004,20231113,1279,23,10,1,25.06864,121.5107,13
500103004,20231113,1281,23,10,1,25.06864,121.5107,13
500103004,20231113,1282,23,10,1,25.06864,121.5107,13
500103004,20231113,1283,23,10,1,25.06864,121.5107,13
500103004,20231113,1284,23,10,1,25.06864,121.5107,13
500103004,20231113,1285,23,10,1,25.06864,121.5107,13
500103004,20231113,1286,23,10,1,25.06864,121.5107,13
500103004,20231113,1287,23,10,1,25.06864,121.5107,13
500103004,20231113,1288,23,10,1,25.06864,121.5107,13
500103004,20231113,1289,23,10,1,25.06864,121.5107,13
500103004,20231113,1291,23,9,1,25.06864,121.5107,14
500103004,20231113,1292,23,9,1,25.06864,121.5107,14
500103004,20231113,1293,23,9,1,25.06864,121.5107,14
500103004,20231113,1294,23,8,1,25.06864,121.5107,15
500103004,20231113,1295,23,8,1,25.06864,121.5107,15
500103004,20231113,1296,23,8,1,25.06864,121.5107,15
500103004,20231113,1297,23,8,1,25.06864,121.5107,15
500103004,20231113,1298,23,8,1,25.06864,121.5107,15
500103004,20231113,1299,23,8,1,25.06864,121.5107,15
500103004,20231113,1300,23,8,1,25.06864,121.5107,15
500103004,20231113,1301,23,9,1,25.06864,121.5107,14
500103004,20231113,1302,23,9,1,25.06864,121.5107,14
500103004,20231113,1303,23,9,1,25.06864,121.5107,14
500103004,20231113,1304,23,9,1,25.06864,121.5107,14
500103004,20231113,1305,23,10,1,25.06864,121.5107,13
500103004,20231113,1306,23,10,1,25.06864,121.5107,13
500103004,20231113,1307,23,10,1,25.06864,121.5107,13
500103004,20231113,1308,23,10,1,25.06864,121.5107,13
500103004,20231113,1309,23,10,1,25.06864,121.5107,13
500103004,20231113,1310,23,10,1,25.06864,121.5107,13
500103004,20231113,1311,23,10,1,25.06864,121.5107,13
500103004,20231113,1312,23,11,1,25.06864,121.5107,12
500103004,20231113,1313,23,11,1,25.06864,121.5107,12
500103004,20231113,1314,23,11,1,25.06864,121.5107,12
500103004,20231113,1315,23,11,1,25.06864,121.5107,12
500103004,20231113,1316,23,7,1,25.06864,121.5107,16
500103004,20231113,1317,23,7,1,25.06864,121.5107,16
500103004,20231113,1318,23,7,1,25.06864,121.5107,16
500103004,20231113,1319,23,6,1,25.06864,121.5107,17
500103004,20231113,1321,23,6,1,25.06864,121.5107,17
500103004,20231113,1322,23,5,1,25.06864,121.5107,18
500103004,20231113,1323,23,5,1,25.06864,121.5107,18
500103004,20231113,1324,23,4,1,25.06864,121.5107,19
500103004,20231113,1325,23,4,1,25.06864,121.5107,19
500103004,20231113,1326,23,4,1,25.06864,121.5107,19
500103004,20231113,1327,23,4,1,25.06864,121.5107,19
500103004,20231113,1328,23,4,1,25.06864,121.5107,19
500103004,20231113,1329,23,4,1,25.06864,121.5107,19
500103004,20231113,1330,23,4,1,25.06864,121.5107,19
500103004,20231113,1331,23,4,1,25.06864,121.5107,19
500103004,20231113,1332,23,4,1,25.06864,121.5107,19
500103004,20231113,1333,23,4,1,25.06864,121.5107,19
500103004,20231113,1334,23,4,1,25.06864,121.5107,19
500103004,20231113,1335,23,4,1,25.06864,121.5107,19
500103004,20231113,1336,23,4,1,25.06864,121.5107,19
500103004,20231113,1337,23,5,1,25.06864,121.5107,18
500103004,20231113,1338,23,5,1,25.06864,121.5107,18
500103004,20231113,1339,23,5,1,25.06864,121.5107,18
500103004,20231113,1341,23,4,1,25.06864,121.5107,19
500103004,20231113,1342,23,4,1,25.06864,121.5107,19
500103004,20231113,1343,23,4,1,25.06864,121.5107,19
500103004,20231113,1344,23,3,1,25.06864,121.5107,20
500103004,20231113,1345,23,3,1,25.06864,121.5107,20
500103004,20231113,1346,23,3,1,25.06864,121.5107,20
500103004,20231113,1347,23,3,1,25.06864,121.5107,20
500103004,20231113,1348,23,3,1,25.06864,121.5107,20
500103004,20231113,1349,23,3,1,25.06864,121.5107,20
500103004,20231113,1350,23,3,1,25.06864,121.5107,20
500103004,20231113,1351,23,3,1,25.06864,121.5107,20
500103004,20231113,1352,23,3,1,25.06864,121.5107,20
500103004,20231113,1353,23,3,1,25.06864,121.5107,20
500103004,20231113,1354,23,3,1,25.06864,121.5107,20
500103004,20231113,1355,23,3,1,25.06864,121.5107,20
500103004,20231113,1356,23,3,1,25.06864,121.5107,20
500103004,20231113,1357,23,3,1,25.06864,121.5107,20
500103004,20231113,1358,23,3,1,25.06864,121.5107,20
500103004,20231113,1359,23,3,1,25.06864,121.5107,20
500103004,20231113,1360,23,3,1,25.06864,121.5107,20
500103004,20231113,1361,23,3,1,25.06864,121.5107,20
500103004,20231113,1362,23,3,1,25.06864,121.5107,20
500103004,20231113,1363,23,3,1,25.06864,121.5107,20
500103004,20231113,1364,23,3,1,25.06864,121.5107,20
500103004,20231113,1365,23,3,1,25.06864,121.5107,20
500103004,20231113,1366,23,3,1,25.06864,121.5107,20
500103004,20231113,1367,23,3,1,25.06864,121.5107,20
500103004,20231113,1368,23,3,1,25.06864,121.5107,20
500103004,20231113,1369,23,4,1,25.06864,121.5107,19
500103004,20231113,1370,23,4,1,25.06864,121.5107,19
500103004,20231113,1371,23,4,1,25.06864,121.5107,19
500103004,20231113,1372,23,4,1,25.06864,121.5107,19
500103004,20231113,1373,23,3,1,25.06864,121.5107,20
500103004,20231113,1374,23,3,1,25.06864,121.5107,20
500103004,20231113,1375,23,3,1,25.06864,121.5107,20
500103004,20231113,1376,23,3,1,25.06864,121.5107,20
500103004,20231113,1377,23,3,1,25.06864,121.5107,20
500103004,20231113,1378,23,3,1,25.06864,121.5107,20
500103004,20231113,1379,23,3,1,25.06864,121.5107,20
500103004,20231113,1381,23,2,1,25.06864,121.5107,21
500103004,20231113,1382,23,2,1,25.06864,121.5107,21
500103004,20231113,1383,23,2,1,25.06864,121.5107,21
500103004,20231113,1384,23,2,1,25.06864,121.5107,21
500103004,20231113,1386,23,1,1,25.06864,121.5107,22
500103004,20231113,1387,23,1,1,25.06864,121.5107,22
500103004,20231113,1388,23,1,1,25.06864,121.5107,22
500103004,20231113,1389,23,1,1,25.06864,121.5107,22
500103004,20231113,1391,23,1,1,25.06864,121.5107,22
500103004,20231113,1392,23,1,1,25.06864,121.5107,22
500103004,20231113,1393,23,1,1,25.06864,121.5107,22
500103004,20231113,1394,23,1,1,25.06864,121.5107,22
500103004,20231113,1395,23,0,1,25.06864,121.5107,23
500103004,20231113,1396,23,0,1,25.06864,121.5107,23
500103004,20231113,1397,23,0,1,25.06864,121.5107,23
500103004,20231113,1398,23,0,1,25.06864,121.5107,23
500103004,20231113,1399,23,0,1,25.06864,121.5107,23
500103004,20231113,1401,23,0,1,25.06864,121.5107,23
500103004,20231113,1402,23,0,1,25.06864,121.5107,23
500103004,20231113,1403,23,0,1,25.06864,121.5107,23
500103004,20231113,1404,23,0,1,25.06864,121.5107,23
500103004,20231113,1405,23,0,1,25.06864,121.5107,23
500103004,20231113,1406,23,0,1,25.06864,121.5107,23
500103004,20231113,1407,23,0,1,25.06864,121.5107,23
500103004,20231113,1408,23,0,1,25.06864,121.5107,23
500103004,20231113,1409,23,0,1,25.06864,121.5107,23
500103004,20231113,1411,23,0,1,25.06864,121.5107,23
500103004,20231113,1412,23,0,1,25.06864,121.5107,23
500103004,20231113,1413,23,0,1,25.06864,121.5107,23
500103004,20231113,1414,23,0,1,25.06864,121.5107,23
500103004,20231113,1415,23,0,1,25.06864,121.5107,23
500103004,20231113,1416,23,0,1,25.06864,121.5107,23
500103004,20231113,1417,23,0,1,25.06864,121.5107,23
500103004,20231113,1418,23,0,1,25.06864,121.5107,23
500103004,20231113,1419,23,0,1,25.06864,121.5107,23
500103004,20231113,1421,23,0,1,25.06864,121.5107,23
500103004,20231113,1422,23,0,1,25.06864,121.5107,23
500103004,20231113,1423,23,0,1,25.06864,121.5107,23
500103004,20231113,1424,23,0,1,25.06864,121.5107,23
500103004,20231113,1425,23,0,1,25.06864,121.5107,23
500103004,20231113,1426,23,0,1,25.06864,121.5107,23
500103004,20231113,1427,23,0,1,25.06864,121.5107,23
500103004,20231113,1428,23,0,1,25.06864,121.5107,23
500103004,20231113,1429,23,0,1,25.06864,121.5107,23
500103004,20231113,1431,23,0,1,25.06864,121.5107,23
500103004,20231113,1432,23,0,1,25.06864,121.5107,23
500103004,20231113,1433,23,0,1,25.06864,121.5107,23
500103004,20231113,1434,23,0,1,25.06864,121.5107,23
500103004,20231113,1435,23,0,1,25.06864,121.5107,23
500103004,20231113,1436,23,0,1,25.06864,121.5107,23
500103004,20231113,1437,23,0,1,25.06864,121.5107,23
500103004,20231113,1438,23,0,1,25.06864,121.5107,23
500103004,20231113,1439,23,0,1,25.06864,121.5107,23
500103004,20231114,1,23,0,1,25.06864,121.5107,23
500103004,20231114,2,23,0,1,25.06864,121.5107,23
500103004,20231114,3,23,0,1,25.06864,121.5107,23
500103004,20231114,4,23,0,1,25.06864,121.5107,23
500103004,20231114,5,23,0,1,25.06864,121.5107,23
500103004,20231114,6,23,0,1,25.06864,121.5107,23
500103004,20231114,7,23,0,1,25.06864,121.5107,23
500103004,20231114,8,23,0,1,25.06864,121.5107,23
500103004,20231114,9,23,0,1,25.06864,121.5107,23
500103004,20231114,11,23,0,1,25.06864,121.5107,23
500103004,20231114,12,23,0,1,25.06864,121.5107,23
500103004,20231114,13,23,0,1,25.06864,121.5107,23
500103004,20231114,14,23,0,1,25.06864,121.5107,23
500103004,20231114,15,23,0,1,25.06864,121.5107,23
500103004,20231114,16,23,0,1,25.06864,121.5107,23
500103004,20231114,17,23,0,1,25.06864,121.5107,23
500103004,20231114,18,23,0,1,25.06864,121.5107,23
500103004,20231114,19,23,0,1,25.06864,121.5107,23
500103004,20231114,21,23,0,1,25.06864,121.5107,23
500103004,20231114,22,23,0,1,25.06864,121.5107,23
500103004,20231114,23,23,0,1,25.06864,121.5107,23
500103004,20231114,24,23,0,1,25.06864,121.5107,23
500103004,20231114,25,23,0,1,25.06864,121.5107,23
500103004,20231114,26,23,0,1,25.06864,121.5107,23
500103004,20231114,27,23,0,1,25.06864,121.5107,23
500103004,20231114,28,23,0,1,25.06864,121.5107,23
500103004,20231114,29,23,0,1,25.06864,121.5107,23
500103004,20231114,31,23,0,1,25.06864,121.5107,23
500103004,20231114,32,23,0,1,25.06864,121.5107,23
500103004,20231114,33,23,0,1,25.06864,121.5107,23
500103004,20231114,34,23,0,1,25.06864,121.5107,23
500103004,20231114,35,23,0,1,25.06864,121.5107,23
500103004,20231114,36,23,0,1,25.06864,121.5107,23
500103004,20231114,37,23,0,1,25.06864,121.5107,23
500103004,20231114,38,23,0,1,25.06864,121.5107,23
500103004,20231114,39,23,0,1,25.06864,121.5107,23
500103004,20231114,41,23,0,1,25.06864,121.5107,23
500103004,20231114,42,23,0,1,25.06864,121.5107,23
500103004,20231114,43,23,0,1,25.06864,121.5107,23
500103004,20231114,44,23,0,1,25.06864,121.5107,23
500103004,20231114,45,23,0,1,25.06864,121.5107,23
500103004,20231114,46,23,0,1,25.06864,121.5107,23
500103004,20231114,47,23,0,1,25.06864,121.5107,23
500103004,20231114,48,23,0,1,25.06864,121.5107,23
500103004,20231114,49,23,0,1,25.06864,121.5107,23
500103004,20231114,50,23,0,1,25.06864,121.5107,23
500103004,20231114,51,23,0,1,25.06864,121.5107,23
500103004,20231114,52,23,0,1,25.06864,121.5107,23
500103004,20231114,53,23,0,1,25.06864,121.5107,23
500103004,20231114,54,23,0,1,25.06864,121.5107,23
500103004,20231114,55,23,0,1,25.06864,121.5107,23
500103004,20231114,56,23,0,1,25.06864,121.5107,23
500103004,20231114,57,23,0,1,25.06864,121.5107,23
500103004,20231114,58,23,0,1,25.06864,121.5107,23
500103004,20231114,59,23,0,1,25.06864,121.5107,23
500103004,20231114,60,23,0,1,25.06864,121.5107,23
500103004,20231114,61,23,0,1,25.06864,121.5107,23
500103004,20231114,62,23,0,1,25.06864,121.5107,23
500103004,20231114,63,23,0,1,25.06864,121.5107,23
500103004,20231114,64,23,0,1,25.06864,121.5107,23
500103004,20231114,65,23,0,1,25.06864,121.5107,23
500103004,20231114,66,23,0,1,25.06864,121.5107,23
500103004,20231114,67,23,0,1,25.06864,121.5107,23
500103004,20231114,68,23,0,1,25.06864,121.5107,23
500103004,20231114,69,23,0,1,25.06864,121.5107,23
500103004,20231114,70,23,0,1,25.06864,121.5107,23
500103004,20231114,71,23,0,1,25.06864,121.5107,23
500103004,20231114,72,23,0,1,25.06864,121.5107,23
500103004,20231114,73,23,0,1,25.06864,121.5107,23
500103004,20231114,74,23,0,1,25.06864,121.5107,23
500103004,20231114,75,23,0,1,25.06864,121.5107,23
500103004,20231114,76,23,0,1,25.06864,121.5107,23
500103004,20231114,77,23,0,1,25.06864,121.5107,23
500103004,20231114,78,23,0,1,25.06864,121.5107,23
500103004,20231114,79,23,0,1,25.06864,121.5107,23
500103004,20231114,81,23,0,1,25.06864,121.5107,23
500103004,20231114,82,23,0,1,25.06864,121.5107,23
500103004,20231114,83,23,0,1,25.06864,121.5107,23
500103004,20231114,84,23,0,1,25.06864,121.5107,23
500103004,20231114,85,23,0,1,25.06864,121.5107,23
500103004,20231114,86,23,0,1,25.06864,121.5107,23
500103004,20231114,87,23,0,1,25.06864,121.5107,23
500103004,20231114,88,23,0,1,25.06864,121.5107,23
500103004,20231114,89,23,0,1,25.06864,121.5107,23
500103004,20231114,90,23,0,1,25.06864,121.5107,23
500103004,20231114,91,23,0,1,25.06864,121.5107,23
500103004,20231114,92,23,2,1,25.06864,121.5107,21
500103004,20231114,93,23,2,1,25.06864,121.5107,21
500103004,20231114,94,23,2,1,25.06864,121.5107,21
500103004,20231114,95,23,2,1,25.06864,121.5107,21
500103004,20231114,96,23,2,1,25.06864,121.5107,21
500103004,20231114,97,23,2,1,25.06864,121.5107,21
500103004,20231114,98,23,2,1,25.06864,121.5107,21
500103004,20231114,99,23,2,1,25.06864,121.5107,21
500103004,20231114,100,23,2,1,25.06864,121.5107,21
500103004,20231114,101,23,2,1,25.06864,121.5107,21
500103004,20231114,102,23,2,1,25.06864,121.5107,21
500103004,20231114,103,23,2,1,25.06864,121.5107,21
500103004,20231114,104,23,2,1,25.06864,121.5107,21
500103004,20231114,105,23,2,1,25.06864,121.5107,21
500103004,20231114,106,23,2,1,25.06864,121.5107,21
500103004,20231114,107,23,2,1,25.06864,121.5107,21
500103004,20231114,108,23,2,1,25.06864,121.5107,21
500103004,20231114,109,23,2,1,25.06864,121.5107,21
500103004,20231114,110,23,2,1,25.06864,121.5107,21
500103004,20231114,111,23,2,1,25.06864,121.5107,21
500103004,20231114,112,23,2,1,25.06864,121.5107,21
500103004,20231114,113,23,2,1,25.06864,121.5107,21
500103004,20231114,114,23,2,1,25.06864,121.5107,21
500103004,20231114,115,23,2,1,25.06864,121.5107,21
500103004,20231114,116,23,2,1,25.06864,121.5107,21
500103004,20231114,117,23,2,1,25.06864,121.5107,21
500103004,20231114,118,23,2,1,25.06864,121.5107,21
500103004,20231114,119,23,2,1,25.06864,121.5107,21
500103004,20231114,121,23,2,1,25.06864,121.5107,21
500103004,20231114,122,23,2,1,25.06864,121.5107,21
500103004,20231114,123,23,2,1,25.06864,121.5107,21
500103004,20231114,124,23,2,1,25.06864,121.5107,21
500103004,20231114,125,23,2,1,25.06864,121.5107,21
500103004,20231114,126,23,2,1,25.06864,121.5107,21
500103004,20231114,127,23,2,1,25.06864,121.5107,21
500103004,20231114,128,23,2,1,25.06864,121.5107,21
500103004,20231114,129,23,2,1,25.06864,121.5107,21
500103004,20231114,130,23,2,1,25.06864,121.5107,21
500103004,20231114,131,23,2,1,25.06864,121.5107,21
500103004,20231114,132,23,2,1,25.06864,121.5107,21
500103004,20231114,133,23,2,1,25.06864,121.5107,21
500103004,20231114,134,23,2,1,25.06864,121.5107,21
500103004,20231114,135,23,2,1,25.06864,121.5107,21
500103004,20231114,136,23,2,1,25.06864,121.5107,21
500103004,20231114,137,23,2,1,25.06864,121.5107,21
500103004,20231114,138,23,2,1,25.06864,121.5107,21
500103004,20231114,139,23,2,1,25.06864,121.5107,21
500103004,20231114,141,23,2,1,25.06864,121.5107,21
500103004,20231114,142,23,2,1,25.06864,121.5107,21
500103004,20231114,143,23,2,1,25.06864,121.5107,21
500103004,20231114,144,23,2,1,25.06864,121.5107,21
500103004,20231114,145,23,2,1,25.06864,121.5107,21
500103004,20231114,146,23,2,1,25.06864,121.5107,21
500103004,20231114,147,23,2,1,25.06864,121.5107,21
500103004,20231114,148,23,2,1,25.06864,121.5107,21
500103004,20231114,149,23,2,1,25.06864,121.5107,21
500103004,20231114,150,23,2,1,25.06864,121.5107,21
500103004,20231114,151,23,2,1,25.06864,121.5107,21
500103004,20231114,152,23,2,1,25.06864,121.5107,21
500103004,20231114,153,23,2,1,25.06864,121.5107,21
500103004,20231114,154,23,2,1,25.06864,121.5107,21
500103004,20231114,155,23,2,1,25.06864,121.5107,21
500103004,20231114,156,23,2,1,25.06864,121.5107,21
500103004,20231114,157,23,2,1,25.06864,121.5107,21
500103004,20231114,158,23,2,1,25.06864,121.5107,21
500103004,20231114,159,23,2,1,25.06864,121.5107,21
500103004,20231114,160,23,2,1,25.06864,121.5107,21
500103004,20231114,161,23,2,1,25.06864,121.5107,21
500103004,20231114,162,23,2,1,25.06864,121.5107,21
500103004,20231114,163,23,2,1,25.06864,121.5107,21
500103004,20231114,164,23,2,1,25.06864,121.5107,21
500103004,20231114,165,23,2,1,25.06864,121.5107,21
500103004,20231114,166,23,2,1,25.06864,121.5107,21
500103004,20231114,167,23,2,1,25.06864,121.5107,21
500103004,20231114,168,23,2,1,25.06864,121.5107,21
500103004,20231114,169,23,2,1,25.06864,121.5107,21
500103004,20231114,170,23,2,1,25.06864,121.5107,21
500103004,20231114,171,23,2,1,25.06864,121.5107,21
500103004,20231114,172,23,2,1,25.06864,121.5107,21
500103004,20231114,173,23,2,1,25.06864,121.5107,21
500103004,20231114,174,23,2,1,25.06864,121.5107,21
500103004,20231114,175,23,2,1,25.06864,121.5107,21
500103004,20231114,176,23,2,1,25.06864,121.5107,21
500103004,20231114,177,23,2,1,25.06864,121.5107,21
500103004,20231114,178,23,2,1,25.06864,121.5107,21
500103004,20231114,179,23,2,1,25.06864,121.5107,21
500103004,20231114,180,23,2,1,25.06864,121.5107,21
500103004,20231114,181,23,2,1,25.06864,121.5107,21
500103004,20231114,182,23,2,1,25.06864,121.5107,21
500103004,20231114,183,23,2,1,25.06864,121.5107,21
500103004,20231114,184,23,2,1,25.06864,121.5107,21
500103004,20231114,185,23,2,1,25.06864,121.5107,21
500103004,20231114,186,23,2,1,25.06864,121.5107,21
500103004,20231114,187,23,2,1,25.06864,121.5107,21
500103004,20231114,188,23,2,1,25.06864,121.5107,21
500103004,20231114,189,23,2,1,25.06864,121.5107,21
500103004,20231114,191,23,2,1,25.06864,121.5107,21
500103004,20231114,192,23,2,1,25.06864,121.5107,21
500103004,20231114,193,23,2,1,25.06864,121.5107,21
500103004,20231114,194,23,2,1,25.06864,121.5107,21
500103004,20231114,195,23,2,1,25.06864,121.5107,21
500103004,20231114,196,23,1,1,25.06864,121.5107,22
500103004,20231114,197,23,1,1,25.06864,121.5107,22
500103004,20231114,198,23,1,1,25.06864,121.5107,22
500103004,20231114,199,23,1,1,25.06864,121.5107,22
500103004,20231114,201,23,1,1,25.06864,121.5107,22
500103004,20231114,202,23,1,1,25.06864,121.5107,22
500103004,20231114,203,23,1,1,25.06864,121.5107,22
500103004,20231114,204,23,1,1,25.06864,121.5107,22
500103004,20231114,205,23,1,1,25.06864,121.5107,22
500103004,20231114,206,23,1,1,25.06864,121.5107,22
500103004,20231114,207,23,1,1,25.06864,121.5107,22
500103004,20231114,208,23,1,1,25.06864,121.5107,22
500103004,20231114,209,23,1,1,25.06864,121.5107,22
500103004,20231114,211,23,1,1,25.06864,121.5107,22
500103004,20231114,212,23,1,1,25.06864,121.5107,22
500103004,20231114,213,23,1,1,25.06864,121.5107,22
500103004,20231114,214,23,1,1,25.06864,121.5107,22
500103004,20231114,215,23,1,1,25.06864,121.5107,22
500103004,20231114,216,23,1,1,25.06864,121.5107,22
500103004,20231114,217,23,1,1,25.06864,121.5107,22
500103004,20231114,218,23,1,1,25.06864,121.5107,22
500103004,20231114,219,23,1,1,25.06864,121.5107,22
500103004,20231114,221,23,1,1,25.06864,121.5107,22
500103004,20231114,222,23,1,1,25.06864,121.5107,22
500103004,20231114,223,23,1,1,25.06864,121.5107,22
500103004,20231114,224,23,1,1,25.06864,121.5107,22
500103004,20231114,225,23,1,1,25.06864,121.5107,22
500103004,20231114,226,23,1,1,25.06864,121.5107,22
500103004,20231114,227,23,1,1,25.06864,121.5107,22
500103004,20231114,228,23,1,1,25.06864,121.5107,22
500103004,20231114,229,23,1,1,25.06864,121.5107,22
500103004,20231114,231,23,1,1,25.06864,121.5107,22
500103004,20231114,232,23,1,1,25.06864,121.5107,22
500103004,20231114,233,23,1,1,25.06864,121.5107,22
500103004,20231114,234,23,1,1,25.06864,121.5107,22
500103004,20231114,235,23,1,1,25.06864,121.5107,22
500103004,20231114,236,23,1,1,25.06864,121.5107,22
500103004,20231114,237,23,1,1,25.06864,121.5107,22
500103004,20231114,238,23,1,1,25.06864,121.5107,22
500103004,20231114,239,23,1,1,25.06864,121.5107,22
500103004,20231114,241,23,1,1,25.06864,121.5107,22
500103004,20231114,242,23,1,1,25.06864,121.5107,22
500103004,20231114,243,23,1,1,25.06864,121.5107,22
500103004,20231114,244,23,1,1,25.06864,121.5107,22
500103004,20231114,245,23,1,1,25.06864,121.5107,22
500103004,20231114,246,23,1,1,25.06864,121.5107,22
500103004,20231114,247,23,1,1,25.06864,121.5107,22
500103004,20231114,248,23,1,1,25.06864,121.5107,22
500103004,20231114,249,23,1,1,25.06864,121.5107,22
500103004,20231114,251,23,1,1,25.06864,121.5107,22
500103004,20231114,252,23,2,1,25.06864,121.5107,21
500103004,20231114,253,23,2,1,25.06864,121.5107,21
500103004,20231114,254,23,2,1,25.06864,121.5107,21
500103004,20231114,255,23,2,1,25.06864,121.5107,21
500103004,20231114,256,23,2,1,25.06864,121.5107,21
500103004,20231114,257,23,2,1,25.06864,121.5107,21
500103004,20231114,258,23,2,1,25.06864,121.5107,21
500103004,20231114,259,23,2,1,25.06864,121.5107,21
500103004,20231114,261,23,2,1,25.06864,121.5107,21
500103004,20231114,262,23,2,1,25.06864,121.5107,21
500103004,20231114,263,23,2,1,25.06864,121.5107,21
500103004,20231114,264,23,2,1,25.06864,121.5107,21
500103004,20231114,265,23,2,1,25.06864,121.5107,21
500103004,20231114,266,23,2,1,25.06864,121.5107,21
500103004,20231114,267,23,2,1,25.06864,121.5107,21
500103004,20231114,268,23,2,1,25.06864,121.5107,21
500103004,20231114,269,23,2,1,25.06864,121.5107,21
500103004,20231114,271,23,1,1,25.06864,121.5107,22
500103004,20231114,272,23,1,1,25.06864,121.5107,22
500103004,20231114,273,23,1,1,25.06864,121.5107,22
500103004,20231114,274,23,1,1,25.06864,121.5107,22
500103004,20231114,275,23,1,1,25.06864,121.5107,22
500103004,20231114,276,23,1,1,25.06864,121.5107,22
500103004,20231114,277,23,1,1,25.06864,121.5107,22
500103004,20231114,278,23,1,1,25.06864,121.5107,22
500103004,20231114,279,23,1,1,25.06864,121.5107,22
500103004,20231114,281,23,1,1,25.06864,121.5107,22
500103004,20231114,282,23,1,1,25.06864,121.5107,22
500103004,20231114,283,23,1,1,25.06864,121.5107,22
500103004,20231114,284,23,1,1,25.06864,121.5107,22
500103004,20231114,285,23,1,1,25.06864,121.5107,22
500103004,20231114,286,23,1,1,25.06864,121.5107,22
500103004,20231114,287,23,1,1,25.06864,121.5107,22
500103004,20231114,288,23,1,1,25.06864,121.5107,22
500103004,20231114,289,23,1,1,25.06864,121.5107,22
500103004,20231114,290,23,1,1,25.06864,121.5107,22
500103004,20231114,291,23,1,1,25.06864,121.5107,22
500103004,20231114,292,23,1,1,25.06864,121.5107,22
500103004,20231114,293,23,1,1,25.06864,121.5107,22
500103004,20231114,294,23,1,1,25.06864,121.5107,22
500103004,20231114,295,23,1,1,25.06864,121.5107,22
500103004,20231114,296,23,1,1,25.06864,121.5107,22
500103004,20231114,297,23,1,1,25.06864,121.5107,22
500103004,20231114,298,23,1,1,25.06864,121.5107,22
500103004,20231114,299,23,1,1,25.06864,121.5107,22
500103004,20231114,300,23,1,1,25.06864,121.5107,22
500103004,20231114,301,23,1,1,25.06864,121.5107,22
500103004,20231114,302,23,1,1,25.06864,121.5107,22
500103004,20231114,303,23,1,1,25.06864,121.5107,22
500103004,20231114,304,23,1,1,25.06864,121.5107,22
500103004,20231114,305,23,1,1,25.06864,121.5107,22
500103004,20231114,306,23,1,1,25.06864,121.5107,22
500103004,20231114,307,23,1,1,25.06864,121.5107,22
500103004,20231114,308,23,1,1,25.06864,121.5107,22
500103004,20231114,309,23,1,1,25.06864,121.5107,22
500103004,20231114,310,23,1,1,25.06864,121.5107,22
500103004,20231114,311,23,1,1,25.06864,121.5107,22
500103004,20231114,312,23,1,1,25.06864,121.5107,22
500103004,20231114,313,23,1,1,25.06864,121.5107,22
500103004,20231114,314,23,1,1,25.06864,121.5107,22
500103004,20231114,315,23,1,1,25.06864,121.5107,22
500103004,20231114,316,23,1,1,25.06864,121.5107,22
500103004,20231114,317,23,1,1,25.06864,121.5107,22
500103004,20231114,318,23,1,1,25.06864,121.5107,22
500103004,20231114,319,23,1,1,25.06864,121.5107,22
500103004,20231114,321,23,1,1,25.06864,121.5107,22
500103004,20231114,322,23,1,1,25.06864,121.5107,22
500103004,20231114,323,23,1,1,25.06864,121.5107,22
500103004,20231114,324,23,1,1,25.06864,121.5107,22
500103004,20231114,325,23,1,1,25.06864,121.5107,22
500103004,20231114,326,23,1,1,25.06864,121.5107,22
500103004,20231114,327,23,1,1,25.06864,121.5107,22
500103004,20231114,328,23,1,1,25.06864,121.5107,22
500103004,20231114,329,23,1,1,25.06864,121.5107,22
500103004,20231114,330,23,1,1,25.06864,121.5107,22
500103004,20231114,331,23,1,1,25.06864,121.5107,22
500103004,20231114,332,23,1,1,25.06864,121.5107,22
500103004,20231114,333,23,2,1,25.06864,121.5107,21
500103004,20231114,334,23,2,1,25.06864,121.5107,21
500103004,20231114,335,23,2,1,25.06864,121.5107,21
500103004,20231114,336,23,2,1,25.06864,121.5107,21
500103004,20231114,337,23,2,1,25.06864,121.5107,21
500103004,20231114,338,23,2,1,25.06864,121.5107,21
500103004,20231114,339,23,2,1,25.06864,121.5107,21
500103004,20231114,340,23,2,1,25.06864,121.5107,21
500103004,20231114,341,23,2,1,25.06864,121.5107,21
500103004,20231114,342,23,2,1,25.06864,121.5107,21
500103004,20231114,343,23,2,1,25.06864,121.5107,21
500103004,20231114,344,23,2,1,25.06864,121.5107,21
500103004,20231114,345,23,2,1,25.06864,121.5107,21
500103004,20231114,346,23,2,1,25.06864,121.5107,21
500103004,20231114,347,23,2,1,25.06864,121.5107,21
500103004,20231114,348,23,2,1,25.06864,121.5107,21
500103004,20231114,349,23,2,1,25.06864,121.5107,21
500103004,20231114,350,23,2,1,25.06864,121.5107,21
500103004,20231114,351,23,2,1,25.06864,121.5107,21
500103004,20231114,352,23,2,1,25.06864,121.5107,21
500103004,20231114,353,23,2,1,25.06864,121.5107,21
500103004,20231114,354,23,2,1,25.06864,121.5107,21
500103004,20231114,355,23,2,1,25.06864,121.5107,21
500103004,20231114,356,23,2,1,25.06864,121.5107,21
500103004,20231114,357,23,2,1,25.06864,121.5107,21
500103004,20231114,358,23,2,1,25.06864,121.5107,21
500103004,20231114,359,23,3,1,25.06864,121.5107,20
500103004,20231114,360,23,3,1,25.06864,121.5107,20
500103004,20231114,361,23,3,1,25.06864,121.5107,20
500103004,20231114,362,23,3,1,25.06864,121.5107,20
500103004,20231114,363,23,3,1,25.06864,121.5107,20
500103004,20231114,364,23,3,1,25.06864,121.5107,20
500103004,20231114,365,23,3,1,25.06864,121.5107,20
500103004,20231114,366,23,2,1,25.06864,121.5107,21
500103004,20231114,367,23,2,1,25.06864,121.5107,21
500103004,20231114,368,23,2,1,25.06864,121.5107,21
500103004,20231114,369,23,2,1,25.06864,121.5107,21
500103004,20231114,370,23,2,1,25.06864,121.5107,21
500103004,20231114,371,23,2,1,25.06864,121.5107,21
500103004,20231114,372,23,2,1,25.06864,121.5107,21
500103004,20231114,373,23,3,1,25.06864,121.5107,20
500103004,20231114,374,23,3,1,25.06864,121.5107,20
500103004,20231114,375,23,3,1,25.06864,121.5107,20
500103004,20231114,376,23,3,1,25.06864,121.5107,20
500103004,20231114,377,23,3,1,25.06864,121.5107,20
500103004,20231114,378,23,3,1,25.06864,121.5107,20
500103004,20231114,379,23,3,1,25.06864,121.5107,20
500103004,20231114,381,23,2,1,25.06864,121.5107,21
500103004,20231114,382,23,2,1,25.06864,121.5107,21
500103004,20231114,383,23,2,1,25.06864,121.5107,21
500103004,20231114,384,23,3,1,25.06864,121.5107,20
500103004,20231114,385,23,3,1,25.06864,121.5107,20
500103004,20231114,386,23,3,1,25.06864,121.5107,20
500103004,20231114,387,23,3,1,25.06864,121.5107,20
500103004,20231114,388,23,2,1,25.06864,121.5107,21
500103004,20231114,389,23,2,1,25.06864,121.5107,21
500103004,20231114,390,23,2,1,25.06864,121.5107,21
500103004,20231114,391,23,2,1,25.06864,121.5107,21
500103004,20231114,392,23,2,1,25.06864,121.5107,21
500103004,20231114,393,23,3,1,25.06864,121.5107,20
500103004,20231114,394,23,3,1,25.06864,121.5107,20
500103004,20231114,395,23,3,1,25.06864,121.5107,20
500103004,20231114,396,23,3,1,25.06864,121.5107,20
500103004,20231114,397,23,3,1,25.06864,121.5107,20
500103004,20231114,398,23,3,1,25.06864,121.5107,20
500103004,20231114,399,23,3,1,25.06864,121.5107,20
500103004,20231114,400,23,2,1,25.06864,121.5107,21
500103004,20231114,401,23,2,1,25.06864,121.5107,21
500103004,20231114,402,23,2,1,25.06864,121.5107,21
500103004,20231114,403,23,2,1,25.06864,121.5107,21
500103004,20231114,404,23,2,1,25.06864,121.5107,21
500103004,20231114,405,23,2,1,25.06864,121.5107,21
500103004,20231114,406,23,2,1,25.06864,121.5107,21
500103004,20231114,407,23,2,1,25.06864,121.5107,21
500103004,20231114,408,23,3,1,25.06864,121.5107,20
500103004,20231114,409,23,3,1,25.06864,121.5107,20
500103004,20231114,410,23,3,1,25.06864,121.5107,20
500103004,20231114,411,23,3,1,25.06864,121.5107,20
500103004,20231114,412,23,3,1,25.06864,121.5107,20
500103004,20231114,413,23,3,1,25.06864,121.5107,20
500103004,20231114,414,23,3,1,25.06864,121.5107,20
500103004,20231114,415,23,3,1,25.06864,121.5107,20
500103004,20231114,416,23,4,1,25.06864,121.5107,19
500103004,20231114,417,23,4,1,25.06864,121.5107,19
500103004,20231114,418,23,4,1,25.06864,121.5107,19
500103004,20231114,419,23,5,1,25.06864,121.5107,18
500103004,20231114,421,23,5,1,25.06864,121.5107,18
500103004,20231114,422,23,5,1,25.06864,121.5107,18
500103004,20231114,423,23,5,1,25.06864,121.5107,18
500103004,20231114,424,23,5,1,25.06864,121.5107,18
500103004,20231114,425,23,5,1,25.06864,121.5107,18
500103004,20231114,426,23,5,1,25.06864,121.5107,18
500103004,20231114,427,23,6,1,25.06864,121.5107,17
500103004,20231114,428,23,6,1,25.06864,121.5107,17
500103004,20231114,429,23,6,1,25.06864,121.5107,17
500103004,20231114,430,23,6,1,25.06864,121.5107,17
500103004,20231114,431,23,6,1,25.06864,121.5107,17
500103004,20231114,432,23,9,1,25.06864,121.5107,14
500103004,20231114,433,23,9,1,25.06864,121.5107,14
500103004,20231114,434,23,9,1,25.06864,121.5107,14
500103004,20231114,435,23,9,1,25.06864,121.5107,14
500103004,20231114,436,23,9,1,25.06864,121.5107,14
500103004,20231114,438,23,9,1,25.06864,121.5107,14
500103004,20231114,439,23,9,1,25.06864,121.5107,14
500103004,20231114,441,23,10,1,25.06864,121.5107,13
500103004,20231114,442,23,10,1,25.06864,121.5107,13
500103004,20231114,443,23,10,1,25.06864,121.5107,13
500103004,20231114,444,23,11,1,25.06864,121.5107,12
500103004,20231114,445,23,11,1,25.06864,121.5107,12
500103004,20231114,446,23,11,1,25.06864,121.5107,12
500103004,20231114,447,23,11,1,25.06864,121.5107,12
500103004,20231114,448,23,11,1,25.06864,121.5107,12
500103004,20231114,449,23,11,1,25.06864,121.5107,12
500103004,20231114,451,23,11,1,25.06864,121.5107,12
500103004,20231114,452,23,11,1,25.06864,121.5107,12
500103004,20231114,453,23,11,1,25.06864,121.5107,12
500103004,20231114,454,23,12,1,25.06864,121.5107,11
500103004,20231114,455,23,12,1,25.06864,121.5107,11
500103004,20231114,456,23,13,1,25.06864,121.5107,10
500103004,20231114,457,23,13,1,25.06864,121.5107,10
500103004,20231114,458,23,13,1,25.06864,121.5107,10
500103004,20231114,459,23,14,1,25.06864,121.5107,9
500103004,20231114,461,23,15,1,25.06864,121.5107,8
500103004,20231114,462,23,15,1,25.06864,121.5107,8
500103004,20231114,463,23,15,1,25.06864,121.5107,8
500103004,20231114,464,23,16,1,25.06864,121.5107,7
500103004,20231114,465,23,16,1,25.06864,121.5107,7
500103004,20231114,466,23,17,1,25.06864,121.5107,6
500103004,20231114,467,23,17,1,25.06864,121.5107,6
500103004,20231114,468,23,17,1,25.06864,121.5107,6
500103004,20231114,469,23,17,1,25.06864,121.5107,6
500103004,20231114,471,23,20,1,25.06864,121.5107,3
500103004,20231114,472,23,21,1,25.06864,121.5107,2
500103004,20231114,473,23,21,1,25.06864,121.5107,2
500103004,20231114,474,23,22,1,25.06864,121.5107,1
500103004,20231114,475,23,22,1,25.06864,121.5107,1
500103004,20231114,476,23,21,1,25.06864,121.5107,2
500103004,20231114,477,23,21,1,25.06864,121.5107,2
500103004,20231114,478,23,21,1,25.06864,121.5107,2
500103004,20231114,479,23,21,1,25.06864,121.5107,2
500103004,20231114,481,23,23,1,25.06864,121.5107,0
500103004,20231114,482,23,23,1,25.06864,121.5107,0
500103004,20231114,483,23,23,1,25.06864,121.5107,0
500103004,20231114,484,23,23,1,25.06864,121.5107,0
500103004,20231114,485,23,23,1,25.06864,121.5107,0
500103004,20231114,486,23,23,1,25.06864,121.5107,0
500103004,20231114,487,23,23,1,25.06864,121.5107,0
500103004,20231114,488,23,23,1,25.06864,121.5107,0
500103004,20231114,489,23,23,1,25.06864,121.5107,0
500103004,20231114,491,23,23,1,25.06864,121.5107,0
500103004,20231114,492,23,23,1,25.06864,121.5107,0
500103004,20231114,493,23,23,1,25.06864,121.5107,0
500103004,20231114,494,23,23,1,25.06864,121.5107,0
500103004,20231114,495,23,23,1,25.06864,121.5107,0
500103004,20231114,496,23,23,1,25.06864,121.5107,0
500103004,20231114,497,23,23,1,25.06864,121.5107,0
500103004,20231114,498,23,23,1,25.06864,121.5107,0
500103004,20231114,499,23,23,1,25.06864,121.5107,0
500103004,20231114,501,23,23,1,25.06864,121.5107,0
500103004,20231114,502,23,23,1,25.06864,121.5107,0
500103004,20231114,503,23,23,1,25.06864,121.5107,0
500103004,20231114,504,23,23,1,25.06864,121.5107,0
500103004,20231114,505,23,22,1,25.06864,121.5107,1
500103004,20231114,506,23,23,1,25.06864,121.5107,0
500103004,20231114,507,23,23,1,25.06864,121.5107,0
500103004,20231114,508,23,23,1,25.06864,121.5107,0
500103004,20231114,509,23,23,1,25.06864,121.5107,0
500103004,20231114,511,23,22,1,25.06864,121.5107,1
500103004,20231114,512,23,23,1,25.06864,121.5107,0
500103004,20231114,513,23,23,1,25.06864,121.5107,0
500103004,20231114,514,23,23,1,25.06864,121.5107,0
500103004,20231114,515,23,23,1,25.06864,121.5107,0
500103004,20231114,516,23,23,1,25.06864,121.5107,0
500103004,20231114,517,23,22,1,25.06864,121.5107,1
500103004,20231114,518,23,22,1,25.06864,121.5107,1
500103004,20231114,519,23,22,1,25.06864,121.5107,1
500103004,20231114,521,23,21,1,25.06864,121.5107,2
500103004,20231114,522,23,21,1,25.06864,121.5107,2
500103004,20231114,523,23,21,1,25.06864,121.5107,2
500103004,20231114,524,23,20,1,25.06864,121.5107,3
500103004,20231114,525,23,20,1,25.06864,121.5107,3
500103004,20231114,526,23,20,1,25.06864,121.5107,3
500103004,20231114,527,23,19,1,25.06864,121.5107,4
500103004,20231114,528,23,19,1,25.06864,121.5107,4
500103004,20231114,529,23,19,1,25.06864,121.5107,4
500103004,20231114,531,23,19,1,25.06864,121.5107,4
500103004,20231114,532,23,19,1,25.06864,121.5107,4
500103004,20231114,533,23,20,1,25.06864,121.5107,3
500103004,20231114,534,23,21,1,25.06864,121.5107,2
500103004,20231114,535,23,21,1,25.06864,121.5107,2
500103004,20231114,536,23,21,1,25.06864,121.5107,2
500103004,20231114,537,23,21,1,25.06864,121.5107,2
500103004,20231114,538,23,21,1,25.06864,121.5107,2
500103004,20231114,539,23,21,1,25.06864,121.5107,2
500103004,20231114,541,23,21,1,25.06864,121.5107,2
500103004,20231114,542,23,21,1,25.06864,121.5107,2
500103004,20231114,543,23,21,1,25.06864,121.5107,2
500103004,20231114,544,23,21,1,25.06864,121.5107,2
500103004,20231114,545,23,22,1,25.06864,121.5107,1
500103004,20231114,546,23,22,1,25.06864,121.5107,1
500103004,20231114,547,23,22,1,25.06864,121.5107,1
500103004,20231114,548,23,23,1,25.06864,121.5107,0
500103004,20231114,549,23,23,1,25.06864,121.5107,0
500103004,20231114,550,23,23,1,25.06864,121.5107,0
500103004,20231114,551,23,23,1,25.06864,121.5107,0
500103004,20231114,552,23,23,1,25.06864,121.5107,0
500103004,20231114,553,23,23,1,25.06864,121.5107,0
500103004,20231114,554,23,23,1,25.06864,121.5107,0
500103004,20231114,555,23,23,1,25.06864,121.5107,0
500103004,20231114,556,23,23,1,25.06864,121.5107,0
500103004,20231114,557,23,23,1,25.06864,121.5107,0
500103004,20231114,558,23,23,1,25.06864,121.5107,0
500103004,20231114,559,23,23,1,25.06864,121.5107,0
500103004,20231114,561,23,23,1,25.06864,121.5107,0
500103004,20231114,562,23,23,1,25.06864,121.5107,0
500103004,20231114,563,23,23,1,25.06864,121.5107,0
500103004,20231114,564,23,23,1,25.06864,121.5107,0
500103004,20231114,565,23,23,1,25.06864,121.5107,0
500103004,20231114,566,23,23,1,25.06864,121.5107,0
500103004,20231114,567,23,23,1,25.06864,121.5107,0
500103004,20231114,568,23,23,1,25.06864,121.5107,0
500103004,20231114,569,23,21,1,25.06864,121.5107,2
500103004,20231114,571,23,21,1,25.06864,121.5107,2
500103004,20231114,572,23,22,1,25.06864,121.5107,1
500103004,20231114,573,23,22,1,25.06864,121.5107,1
500103004,20231114,574,23,21,1,25.06864,121.5107,2
500103004,20231114,575,23,22,1,25.06864,121.5107,1
500103004,20231114,576,23,23,1,25.06864,121.5107,0
500103004,20231114,577,23,23,1,25.06864,121.5107,0
500103004,20231114,578,23,23,1,25.06864,121.5107,0
500103004,20231114,579,23,23,1,25.06864,121.5107,0
500103004,20231114,580,23,23,1,25.06864,121.5107,0
500103004,20231114,581,23,23,1,25.06864,121.5107,0
500103004,20231114,582,23,23,1,25.06864,121.5107,0
500103004,20231114,583,23,23,1,25.06864,121.5107,0
500103004,20231114,584,23,23,1,25.06864,121.5107,0
500103004,20231114,585,23,23,1,25.06864,121.5107,0
500103004,20231114,586,23,23,1,25.06864,121.5107,0
500103004,20231114,587,23,23,1,25.06864,121.5107,0
500103004,20231114,588,23,23,1,25.06864,121.5107,0
500103004,20231114,589,23,23,1,25.06864,121.5107,0
500103004,20231114,590,23,23,1,25.06864,121.5107,0
500103004,20231114,591,23,23,1,25.06864,121.5107,0
500103004,20231114,592,23,23,1,25.06864,121.5107,0
500103004,20231114,593,23,23,1,25.06864,121.5107,0
500103004,20231114,594,23,23,1,25.06864,121.5107,0
500103004,20231114,595,23,23,1,25.06864,121.5107,0
500103004,20231114,596,23,23,1,25.06864,121.5107,0
500103004,20231114,597,23,23,1,25.06864,121.5107,0
500103004,20231114,598,23,23,1,25.06864,121.5107,0
500103004,20231114,599,23,23,1,25.06864,121.5107,0
500103004,20231114,601,23,23,1,25.06864,121.5107,0
500103004,20231114,602,23,23,1,25.06864,121.5107,0
500103004,20231114,603,23,23,1,25.06864,121.5107,0
500103004,20231114,604,23,23,1,25.06864,121.5107,0
500103004,20231114,605,23,23,1,25.06864,121.5107,0
500103004,20231114,606,23,23,1,25.06864,121.5107,0
500103004,20231114,607,23,23,1,25.06864,121.5107,0
500103004,20231114,608,23,23,1,25.06864,121.5107,0
500103004,20231114,609,23,23,1,25.06864,121.5107,0
500103004,20231114,610,23,23,1,25.06864,121.5107,0
500103004,20231114,611,23,23,1,25.06864,121.5107,0
500103004,20231114,612,23,23,1,25.06864,121.5107,0
500103004,20231114,613,23,23,1,25.06864,121.5107,0
500103004,20231114,614,23,23,1,25.06864,121.5107,0
500103004,20231114,615,23,23,1,25.06864,121.5107,0
500103004,20231114,616,23,23,1,25.06864,121.5107,0
500103004,20231114,617,23,23,1,25.06864,121.5107,0
500103004,20231114,618,23,23,1,25.06864,121.5107,0
500103004,20231114,619,23,23,1,25.06864,121.5107,0
500103004,20231114,621,23,23,1,25.06864,121.5107,0
500103004,20231114,622,23,23,1,25.06864,121.5107,0
500103004,20231114,623,23,23,1,25.06864,121.5107,0
500103004,20231114,624,23,23,1,25.06864,121.5107,0
500103004,20231114,625,23,23,1,25.06864,121.5107,0
500103004,20231114,626,23,23,1,25.06864,121.5107,0
500103004,20231114,627,23,23,1,25.06864,121.5107,0
500103004,20231114,628,23,23,1,25.06864,121.5107,0
500103004,20231114,629,23,23,1,25.06864,121.5107,0
500103004,20231114,631,23,22,1,25.06864,121.5107,1
500103004,20231114,632,23,22,1,25.06864,121.5107,1
500103004,20231114,633,23,22,1,25.06864,121.5107,1
500103004,20231114,634,23,22,1,25.06864,121.5107,1
500103004,20231114,635,23,22,1,25.06864,121.5107,1
500103004,20231114,636,23,22,1,25.06864,121.5107,1
500103004,20231114,637,23,22,1,25.06864,121.5107,1
500103004,20231114,638,23,22,1,25.06864,121.5107,1
500103004,20231114,639,23,22,1,25.06864,121.5107,1
500103004,20231114,640,23,22,1,25.06864,121.5107,1
500103004,20231114,641,23,22,1,25.06864,121.5107,1
500103004,20231114,642,23,22,1,25.06864,121.5107,1
500103004,20231114,643,23,21,1,25.06864,121.5107,2
500103004,20231114,644,23,21,1,25.06864,121.5107,2
500103004,20231114,645,23,21,1,25.06864,121.5107,2
500103004,20231114,646,23,21,1,25.06864,121.5107,2
500103004,20231114,647,23,21,1,25.06864,121.5107,2
500103004,20231114,648,23,21,1,25.06864,121.5107,2
500103004,20231114,649,23,21,1,25.06864,121.5107,2
500103004,20231114,650,23,21,1,25.06864,121.5107,2
500103004,20231114,651,23,21,1,25.06864,121.5107,2
500103004,20231114,652,23,21,1,25.06864,121.5107,2
500103004,20231114,653,23,22,1,25.06864,121.5107,1
500103004,20231114,654,23,22,1,25.06864,121.5107,1
500103004,20231114,655,23,22,1,25.06864,121.5107,1
500103004,20231114,656,23,23,1,25.06864,121.5107,0
500103004,20231114,657,23,23,1,25.06864,121.5107,0
500103004,20231114,658,23,23,1,25.06864,121.5107,0
500103004,20231114,659,23,23,1,25.06864,121.5107,0
500103004,20231114,661,23,23,1,25.06864,121.5107,0
500103004,20231114,662,23,23,1,25.06864,121.5107,0
500103004,20231114,663,23,23,1,25.06864,121.5107,0
500103004,20231114,664,23,23,1,25.06864,121.5107,0
500103004,20231114,665,23,23,1,25.06864,121.5107,0
500103004,20231114,666,23,23,1,25.06864,121.5107,0
500103004,20231114,667,23,23,1,25.06864,121.5107,0
500103004,20231114,668,23,23,1,25.06864,121.5107,0
500103004,20231114,669,23,23,1,25.06864,121.5107,0
500103004,20231114,670,23,23,1,25.06864,121.5107,0
500103004,20231114,671,23,23,1,25.06864,121.5107,0
500103004,20231114,672,23,23,1,25.06864,121.5107,0
500103004,20231114,673,23,23,1,25.06864,121.5107,0
500103004,20231114,674,23,23,1,25.06864,121.5107,0
500103004,20231114,675,23,23,1,25.06864,121.5107,0
500103004,20231114,676,23,23,1,25.06864,121.5107,0
500103004,20231114,677,23,23,1,25.06864,121.5107,0
500103004,20231114,678,23,23,1,25.06864,121.5107,0
500103004,20231114,679,23,23,1,25.06864,121.5107,0
500103004,20231114,681,23,23,1,25.06864,121.5107,0
500103004,20231114,682,23,23,1,25.06864,121.5107,0
500103004,20231114,683,23,23,1,25.06864,121.5107,0
500103004,20231114,684,23,23,1,25.06864,121.5107,0
500103004,20231114,685,23,23,1,25.06864,121.5107,0
500103004,20231114,686,23,23,1,25.06864,121.5107,0
500103004,20231114,688,23,23,1,25.06864,121.5107,0
500103004,20231114,689,23,23,1,25.06864,121.5107,0
500103004,20231114,691,23,23,1,25.06864,121.5107,0
500103004,20231114,692,23,23,1,25.06864,121.5107,0
500103004,20231114,693,23,23,1,25.06864,121.5107,0
500103004,20231114,694,23,23,1,25.06864,121.5107,0
500103004,20231114,695,23,23,1,25.06864,121.5107,0
500103004,20231114,696,23,23,1,25.06864,121.5107,0
500103004,20231114,697,23,23,1,25.06864,121.5107,0
500103004,20231114,698,23,23,1,25.06864,121.5107,0
500103004,20231114,699,23,23,1,25.06864,121.5107,0
500103004,20231114,701,23,21,1,25.06864,121.5107,2
500103004,20231114,702,23,21,1,25.06864,121.5107,2
500103004,20231114,703,23,21,1,25.06864,121.5107,2
500103004,20231114,704,23,21,1,25.06864,121.5107,2
500103004,20231114,705,23,20,1,25.06864,121.5107,3
500103004,20231114,706,23,20,1,25.06864,121.5107,3
500103004,20231114,707,23,20,1,25.06864,121.5107,3
500103004,20231114,708,23,19,1,25.06864,121.5107,4
500103004,20231114,709,23,21,1,25.06864,121.5107,2
500103004,20231114,711,23,22,1,25.06864,121.5107,1
500103004,20231114,712,23,22,1,25.06864,121.5107,1
500103004,20231114,713,23,22,1,25.06864,121.5107,1
500103004,20231114,714,23,22,1,25.06864,121.5107,1
500103004,20231114,715,23,22,1,25.06864,121.5107,1
500103004,20231114,716,23,23,1,25.06864,121.5107,0
500103004,20231114,717,23,23,1,25.06864,121.5107,0
500103004,20231114,718,23,23,1,25.06864,121.5107,0
500103004,20231114,719,23,21,1,25.06864,121.5107,2
500103004,20231114,721,23,21,1,25.06864,121.5107,2
500103004,20231114,722,23,21,1,25.06864,121.5107,2
500103004,20231114,723,23,21,1,25.06864,121.5107,2
500103004,20231114,724,23,21,1,25.06864,121.5107,2
500103004,20231114,725,23,21,1,25.06864,121.5107,2
500103004,20231114,726,23,22,1,25.06864,121.5107,1
500103004,20231114,727,23,21,1,25.06864,121.5107,2
500103004,20231114,728,23,21,1,25.06864,121.5107,2
500103004,20231114,729,23,21,1,25.06864,121.5107,2
500103004,20231114,731,23,21,1,25.06864,121.5107,2
500103004,20231114,732,23,21,1,25.06864,121.5107,2
500103004,20231114,733,23,21,1,25.06864,121.5107,2
500103004,20231114,734,23,21,1,25.06864,121.5107,2
500103004,20231114,735,23,21,1,25.06864,121.5107,2
500103004,20231114,736,23,21,1,25.06864,121.5107,2
500103004,20231114,737,23,21,1,25.06864,121.5107,2
500103004,20231114,738,23,21,1,25.06864,121.5107,2
500103004,20231114,739,23,21,1,25.06864,121.5107,2
500103004,20231114,741,23,18,1,25.06864,121.5107,5
500103004,20231114,742,23,18,1,25.06864,121.5107,5
500103004,20231114,743,23,18,1,25.06864,121.5107,5
500103004,20231114,744,23,18,1,25.06864,121.5107,5
500103004,20231114,745,23,19,1,25.06864,121.5107,4
500103004,20231114,746,23,19,1,25.06864,121.5107,4
500103004,20231114,747,23,19,1,25.06864,121.5107,4
500103004,20231114,748,23,19,1,25.06864,121.5107,4
500103004,20231114,749,23,19,1,25.06864,121.5107,4
500103004,20231114,751,23,19,1,25.06864,121.5107,4
500103004,20231114,752,23,19,1,25.06864,121.5107,4
500103004,20231114,753,23,19,1,25.06864,121.5107,4
500103004,20231114,754,23,19,1,25.06864,121.5107,4
500103004,20231114,755,23,19,1,25.06864,121.5107,4
500103004,20231114,756,23,19,1,25.06864,121.5107,4
500103004,20231114,757,23,19,1,25.06864,121.5107,4
500103004,20231114,758,23,19,1,25.06864,121.5107,4
500103004,20231114,759,23,19,1,25.06864,121.5107,4
500103004,20231114,761,23,19,1,25.06864,121.5107,4
500103004,20231114,762,23,19,1,25.06864,121.5107,4
500103004,20231114,763,23,19,1,25.06864,121.5107,4
500103004,20231114,764,23,19,1,25.06864,121.5107,4
500103004,20231114,765,23,19,1,25.06864,121.5107,4
500103004,20231114,766,23,19,1,25.06864,121.5107,4
500103004,20231114,767,23,19,1,25.06864,121.5107,4
500103004,20231114,768,23,19,1,25.06864,121.5107,4
500103004,20231114,769,23,19,1,25.06864,121.5107,4
500103004,20231114,770,23,19,1,25.06864,121.5107,4
500103004,20231114,772,23,19,1,25.06864,121.5107,4
500103004,20231114,773,23,20,1,25.06864,121.5107,3
500103004,20231114,774,23,20,1,25.06864,121.5107,3
500103004,20231114,775,23,20,1,25.06864,121.5107,3
500103004,20231114,776,23,20,1,25.06864,121.5107,3
500103004,20231114,777,23,20,1,25.06864,121.5107,3
500103004,20231114,778,23,20,1,25.06864,121.5107,3
500103004,20231114,779,23,20,1,25.06864,121.5107,3
500103004,20231114,781,23,20,1,25.06864,121.5107,3
500103004,20231114,782,23,20,1,25.06864,121.5107,3
500103004,20231114,783,23,20,1,25.06864,121.5107,3
500103004,20231114,784,23,20,1,25.06864,121.5107,3
500103004,20231114,785,23,20,1,25.06864,121.5107,3
500103004,20231114,786,23,20,1,25.06864,121.5107,3
500103004,20231114,787,23,20,1,25.06864,121.5107,3
500103004,20231114,788,23,20,1,25.06864,121.5107,3
500103004,20231114,789,23,21,1,25.06864,121.5107,2
500103004,20231114,790,23,21,1,25.06864,121.5107,2
500103004,20231114,791,23,21,1,25.06864,121.5107,2
500103004,20231114,792,23,21,1,25.06864,121.5107,2
500103004,20231114,793,23,21,1,25.06864,121.5107,2
500103004,20231114,794,23,21,1,25.06864,121.5107,2
500103004,20231114,795,23,22,1,25.06864,121.5107,1
500103004,20231114,796,23,22,1,25.06864,121.5107,1
500103004,20231114,797,23,22,1,25.06864,121.5107,1
500103004,20231114,798,23,22,1,25.06864,121.5107,1
500103004,20231114,799,23,22,1,25.06864,121.5107,1
500103004,20231114,801,23,22,1,25.06864,121.5107,1
500103004,20231114,802,23,22,1,25.06864,121.5107,1
500103004,20231114,803,23,22,1,25.06864,121.5107,1
500103004,20231114,804,23,22,1,25.06864,121.5107,1
500103004,20231114,805,23,22,1,25.06864,121.5107,1
500103004,20231114,806,23,23,1,25.06864,121.5107,0
500103004,20231114,807,23,23,1,25.06864,121.5107,0
500103004,20231114,808,23,23,1,25.06864,121.5107,0
500103004,20231114,809,23,23,1,25.06864,121.5107,0
500103004,20231114,810,23,23,1,25.06864,121.5107,0
500103004,20231114,811,23,23,1,25.06864,121.5107,0
500103004,20231114,812,23,23,1,25.06864,121.5107,0
500103004,20231114,813,23,23,1,25.06864,121.5107,0
500103004,20231114,814,23,23,1,25.06864,121.5107,0
500103004,20231114,815,23,23,1,25.06864,121.5107,0
500103004,20231114,816,23,23,1,25.06864,121.5107,0
500103004,20231114,817,23,23,1,25.06864,121.5107,0
500103004,20231114,818,23,22,1,25.06864,121.5107,1
500103004,20231114,819,23,22,1,25.06864,121.5107,1
500103004,20231114,820,23,22,1,25.06864,121.5107,1
500103004,20231114,821,23,22,1,25.06864,121.5107,1
500103004,20231114,822,23,23,1,25.06864,121.5107,0
500103004,20231114,823,23,23,1,25.06864,121.5107,0
500103004,20231114,824,23,23,1,25.06864,121.5107,0
500103004,20231114,825,23,23,1,25.06864,121.5107,0
500103004,20231114,826,23,23,1,25.06864,121.5107,0
500103004,20231114,827,23,23,1,25.06864,121.5107,0
500103004,20231114,828,23,23,1,25.06864,121.5107,0
500103004,20231114,829,23,23,1,25.06864,121.5107,0
500103004,20231114,830,23,23,1,25.06864,121.5107,0
500103004,20231114,831,23,23,1,25.06864,121.5107,0
500103004,20231114,832,23,23,1,25.06864,121.5107,0
500103004,20231114,833,23,22,1,25.06864,121.5107,1
500103004,20231114,834,23,22,1,25.06864,121.5107,1
500103004,20231114,835,23,22,1,25.06864,121.5107,1
500103004,20231114,836,23,22,1,25.06864,121.5107,1
500103004,20231114,837,23,22,1,25.06864,121.5107,1
500103004,20231114,838,23,22,1,25.06864,121.5107,1
500103004,20231114,839,23,23,1,25.06864,121.5107,0
500103004,20231114,841,23,23,1,25.06864,121.5107,0
500103004,20231114,842,23,23,1,25.06864,121.5107,0
500103004,20231114,843,23,23,1,25.06864,121.5107,0
500103004,20231114,844,23,23,1,25.06864,121.5107,0
500103004,20231114,845,23,23,1,25.06864,121.5107,0
500103004,20231114,846,23,23,1,25.06864,121.5107,0
500103004,20231114,847,23,23,1,25.06864,121.5107,0
500103004,20231114,848,23,23,1,25.06864,121.5107,0
500103004,20231114,849,23,23,1,25.06864,121.5107,0
500103004,20231114,850,23,23,1,25.06864,121.5107,0
500103004,20231114,851,23,23,1,25.06864,121.5107,0
500103004,20231114,852,23,22,1,25.06864,121.5107,1
500103004,20231114,853,23,22,1,25.06864,121.5107,1
500103004,20231114,854,23,22,1,25.06864,121.5107,1
500103004,20231114,855,23,22,1,25.06864,121.5107,1
500103004,20231114,856,23,22,1,25.06864,121.5107,1
500103004,20231114,857,23,22,1,25.06864,121.5107,1
500103004,20231114,858,23,22,1,25.06864,121.5107,1
500103004,20231114,859,23,21,1,25.06864,121.5107,2
500103004,20231114,861,23,21,1,25.06864,121.5107,2
500103004,20231114,862,23,21,1,25.06864,121.5107,2
500103004,20231114,863,23,21,1,25.06864,121.5107,2
500103004,20231114,864,23,21,1,25.06864,121.5107,2
500103004,20231114,865,23,20,1,25.06864,121.5107,3
500103004,20231114,866,23,20,1,25.06864,121.5107,3
500103004,20231114,867,23,20,1,25.06864,121.5107,3
500103004,20231114,868,23,20,1,25.06864,121.5107,3
500103004,20231114,869,23,20,1,25.06864,121.5107,3
500103004,20231114,871,23,20,1,25.06864,121.5107,3
500103004,20231114,872,23,20,1,25.06864,121.5107,3
500103004,20231114,873,23,20,1,25.06864,121.5107,3
500103004,20231114,874,23,20,1,25.06864,121.5107,3
500103004,20231114,875,23,20,1,25.06864,121.5107,3
500103004,20231114,876,23,20,1,25.06864,121.5107,3
500103004,20231114,877,23,20,1,25.06864,121.5107,3
500103004,20231114,878,23,20,1,25.06864,121.5107,3
500103004,20231114,879,23,20,1,25.06864,121.5107,3
500103004,20231114,880,23,20,1,25.06864,121.5107,3
500103004,20231114,881,23,19,1,25.06864,121.5107,4
500103004,20231114,882,23,19,1,25.06864,121.5107,4
500103004,20231114,883,23,19,1,25.06864,121.5107,4
500103004,20231114,884,23,19,1,25.06864,121.5107,4
500103004,20231114,885,23,19,1,25.06864,121.5107,4
500103004,20231114,886,23,19,1,25.06864,121.5107,4
500103004,20231114,887,23,18,1,25.06864,121.5107,5
500103004,20231114,888,23,18,1,25.06864,121.5107,5
500103004,20231114,889,23,18,1,25.06864,121.5107,5
500103004,20231114,890,23,18,1,25.06864,121.5107,5
500103004,20231114,891,23,19,1,25.06864,121.5107,4
500103004,20231114,892,23,19,1,25.06864,121.5107,4
500103004,20231114,893,23,19,1,25.06864,121.5107,4
500103004,20231114,894,23,19,1,25.06864,121.5107,4
500103004,20231114,895,23,19,1,25.06864,121.5107,4
500103004,20231114,896,23,19,1,25.06864,121.5107,4
500103004,20231114,897,23,19,1,25.06864,121.5107,4
500103004,20231114,898,23,19,1,25.06864,121.5107,4
500103004,20231114,899,23,18,1,25.06864,121.5107,5
500103004,20231114,901,23,18,1,25.06864,121.5107,5
500103004,20231114,902,23,18,1,25.06864,121.5107,5
500103004,20231114,903,23,18,1,25.06864,121.5107,5
500103004,20231114,904,23,18,1,25.06864,121.5107,5
500103004,20231114,905,23,18,1,25.06864,121.5107,5
500103004,20231114,906,23,15,1,25.06864,121.5107,8
500103004,20231114,907,23,15,1,25.06864,121.5107,8
500103004,20231114,908,23,13,1,25.06864,121.5107,10
500103004,20231114,909,23,13,1,25.06864,121.5107,10
500103004,20231114,910,23,13,1,25.06864,121.5107,10
500103004,20231114,911,23,13,1,25.06864,121.5107,10
500103004,20231114,912,23,13,1,25.06864,121.5107,10
500103004,20231114,913,23,13,1,25.06864,121.5107,10
500103004,20231114,914,23,13,1,25.06864,121.5107,10
500103004,20231114,915,23,13,1,25.06864,121.5107,10
500103004,20231114,916,23,13,1,25.06864,121.5107,10
500103004,20231114,917,23,13,1,25.06864,121.5107,10
500103004,20231114,918,23,13,1,25.06864,121.5107,10
500103004,20231114,919,23,13,1,25.06864,121.5107,10
500103004,20231114,921,23,13,1,25.06864,121.5107,10
500103004,20231114,922,23,14,1,25.06864,121.5107,9
500103004,20231114,923,23,14,1,25.06864,121.5107,9
500103004,20231114,924,23,14,1,25.06864,121.5107,9
500103004,20231114,925,23,14,1,25.06864,121.5107,9
500103004,20231114,926,23,14,1,25.06864,121.5107,9
500103004,20231114,927,23,14,1,25.06864,121.5107,9
500103004,20231114,928,23,14,1,25.06864,121.5107,9
500103004,20231114,929,23,14,1,25.06864,121.5107,9
500103004,20231114,931,23,14,1,25.06864,121.5107,9
500103004,20231114,932,23,14,1,25.06864,121.5107,9
500103004,20231114,933,23,14,1,25.06864,121.5107,9
500103004,20231114,934,23,14,1,25.06864,121.5107,9
500103004,20231114,935,23,14,1,25.06864,121.5107,9
500103004,20231114,936,23,14,1,25.06864,121.5107,9
500103004,20231114,937,23,14,1,25.06864,121.5107,9
500103004,20231114,938,23,14,1,25.06864,121.5107,9
500103004,20231114,939,23,14,1,25.06864,121.5107,9
500103004,20231114,941,23,15,1,25.06864,121.5107,8
500103004,20231114,942,23,16,1,25.06864,121.5107,7
500103004,20231114,943,23,16,1,25.06864,121.5107,7
500103004,20231114,944,23,16,1,25.06864,121.5107,7
500103004,20231114,945,23,16,1,25.06864,121.5107,7
500103004,20231114,947,23,16,1,25.06864,121.5107,7
500103004,20231114,948,23,16,1,25.06864,121.5107,7
500103004,20231114,949,23,16,1,25.06864,121.5107,7
500103004,20231114,951,23,16,1,25.06864,121.5107,7
500103004,20231114,952,23,16,1,25.06864,121.5107,7
500103004,20231114,953,23,14,1,25.06864,121.5107,9
500103004,20231114,954,23,14,1,25.06864,121.5107,9
500103004,20231114,955,23,14,1,25.06864,121.5107,9
500103004,20231114,956,23,14,1,25.06864,121.5107,9
500103004,20231114,957,23,14,1,25.06864,121.5107,9
500103004,20231114,958,23,14,1,25.06864,121.5107,9
500103004,20231114,959,23,14,1,25.06864,121.5107,9
500103004,20231114,961,23,14,1,25.06864,121.5107,9
500103004,20231114,962,23,14,1,25.06864,121.5107,9
500103004,20231114,963,23,14,1,25.06864,121.5107,9
500103004,20231114,964,23,14,1,25.06864,121.5107,9
500103004,20231114,965,23,14,1,25.06864,121.5107,9
500103004,20231114,966,23,14,1,25.06864,121.5107,9
500103004,20231114,967,23,14,1,25.06864,121.5107,9
500103004,20231114,968,23,14,1,25.06864,121.5107,9
500103004,20231114,969,23,14,1,25.06864,121.5107,9
500103004,20231114,971,23,14,1,25.06864,121.5107,9
500103004,20231114,972,23,14,1,25.06864,121.5107,9
500103004,20231114,973,23,14,1,25.06864,121.5107,9
500103004,20231114,974,23,14,1,25.06864,121.5107,9
500103004,20231114,975,23,14,1,25.06864,121.5107,9
500103004,20231114,977,23,14,1,25.06864,121.5107,9
500103004,20231114,978,23,14,1,25.06864,121.5107,9
500103004,20231114,979,23,14,1,25.06864,121.5107,9
500103004,20231114,981,23,14,1,25.06864,121.5107,9
500103004,20231114,982,23,14,1,25.06864,121.5107,9
500103004,20231114,983,23,14,1,25.06864,121.5107,9
500103004,20231114,984,23,14,1,25.06864,121.5107,9
500103004,20231114,985,23,14,1,25.06864,121.5107,9
500103004,20231114,986,23,14,1,25.06864,121.5107,9
500103004,20231114,987,23,14,1,25.06864,121.5107,9
500103004,20231114,988,23,14,1,25.06864,121.5107,9
500103004,20231114,989,23,14,1,25.06864,121.5107,9
500103004,20231114,991,23,14,1,25.06864,121.5107,9
500103004,20231114,992,23,14,1,25.06864,121.5107,9
500103004,20231114,993,23,14,1,25.06864,121.5107,9
500103004,20231114,994,23,14,1,25.06864,121.5107,9
500103004,20231114,995,23,14,1,25.06864,121.5107,9
500103004,20231114,996,23,14,1,25.06864,121.5107,9
500103004,20231114,997,23,14,1,25.06864,121.5107,9
500103004,20231114,998,23,14,1,25.06864,121.5107,9
500103004,20231114,999,23,14,1,25.06864,121.5107,9
500103004,20231114,1001,23,14,1,25.06864,121.5107,9
500103004,20231114,1002,23,12,1,25.06864,121.5107,11
500103004,20231114,1003,23,12,1,25.06864,121.5107,11
500103004,20231114,1004,23,12,1,25.06864,121.5107,11
500103004,20231114,1005,23,12,1,25.06864,121.5107,11
500103004,20231114,1006,23,12,1,25.06864,121.5107,11
500103004,20231114,1007,23,12,1,25.06864,121.5107,11
500103004,20231114,1008,23,12,1,25.06864,121.5107,11
500103004,20231114,1009,23,12,1,25.06864,121.5107,11
500103004,20231114,1011,23,10,1,25.06864,121.5107,13
500103004,20231114,1012,23,10,1,25.06864,121.5107,13
500103004,20231114,1013,23,10,1,25.06864,121.5107,13
500103004,20231114,1014,23,10,1,25.06864,121.5107,13
500103004,20231114,1015,23,10,1,25.06864,121.5107,13
500103004,20231114,1016,23,10,1,25.06864,121.5107,13
500103004,20231114,1017,23,10,1,25.06864,121.5107,13
500103004,20231114,1018,23,11,1,25.06864,121.5107,12
500103004,20231114,1019,23,11,1,25.06864,121.5107,12
500103004,20231114,1021,23,11,1,25.06864,121.5107,12
500103004,20231114,1022,23,11,1,25.06864,121.5107,12
500103004,20231114,1023,23,11,1,25.06864,121.5107,12
500103004,20231114,1024,23,11,1,25.06864,121.5107,12
500103004,20231114,1025,23,11,1,25.06864,121.5107,12
500103004,20231114,1026,23,11,1,25.06864,121.5107,12
500103004,20231114,1027,23,11,1,25.06864,121.5107,12
500103004,20231114,1028,23,11,1,25.06864,121.5107,12
500103004,20231114,1029,23,11,1,25.06864,121.5107,12
500103004,20231114,1031,23,11,1,25.06864,121.5107,12
500103004,20231114,1032,23,10,1,25.06864,121.5107,13
500103004,20231114,1034,23,10,1,25.06864,121.5107,13
500103004,20231114,1035,23,10,1,25.06864,121.5107,13
500103004,20231114,1036,23,10,1,25.06864,121.5107,13
500103004,20231114,1037,23,10,1,25.06864,121.5107,13
500103004,20231114,1038,23,9,1,25.06864,121.5107,14
500103004,20231114,1039,23,8,1,25.06864,121.5107,15
500103004,20231114,1041,23,8,1,25.06864,121.5107,15
500103004,20231114,1042,23,8,1,25.06864,121.5107,15
500103004,20231114,1043,23,8,1,25.06864,121.5107,15
500103004,20231114,1044,23,8,1,25.06864,121.5107,15
500103004,20231114,1045,23,8,1,25.06864,121.5107,15
500103004,20231114,1046,23,8,1,25.06864,121.5107,15
500103004,20231114,1047,23,8,1,25.06864,121.5107,15
500103004,20231114,1048,23,8,1,25.06864,121.5107,15
500103004,20231114,1049,23,8,1,25.06864,121.5107,15
500103004,20231114,1051,23,8,1,25.06864,121.5107,15
500103004,20231114,1052,23,7,1,25.06864,121.5107,16
500103004,20231114,1053,23,7,1,25.06864,121.5107,16
500103004,20231114,1054,23,8,1,25.06864,121.5107,15
500103004,20231114,1055,23,8,1,25.06864,121.5107,15
500103004,20231114,1056,23,8,1,25.06864,121.5107,15
500103004,20231114,1057,23,8,1,25.06864,121.5107,15
500103004,20231114,1058,23,8,1,25.06864,121.5107,15
500103004,20231114,1059,23,8,1,25.06864,121.5107,15
500103004,20231114,1060,23,8,1,25.06864,121.5107,15
500103004,20231114,1061,23,8,1,25.06864,121.5107,15
500103004,20231114,1062,23,8,1,25.06864,121.5107,15
500103004,20231114,1063,23,8,1,25.06864,121.5107,15
500103004,20231114,1064,23,8,1,25.06864,121.5107,15
500103004,20231114,1065,23,8,1,25.06864,121.5107,15
500103004,20231114,1066,23,8,1,25.06864,121.5107,15
500103004,20231114,1067,23,8,1,25.06864,121.5107,15
500103004,20231114,1068,23,7,1,25.06864,121.5107,16
500103004,20231114,1069,23,6,1,25.06864,121.5107,17
500103004,20231114,1070,23,6,1,25.06864,121.5107,17
500103004,20231114,1071,23,6,1,25.06864,121.5107,17
500103004,20231114,1072,23,6,1,25.06864,121.5107,17
500103004,20231114,1073,23,6,1,25.06864,121.5107,17
500103004,20231114,1074,23,6,1,25.06864,121.5107,17
500103004,20231114,1075,23,6,1,25.06864,121.5107,17
500103004,20231114,1076,23,5,1,25.06864,121.5107,18
500103004,20231114,1077,23,5,1,25.06864,121.5107,18
500103004,20231114,1078,23,5,1,25.06864,121.5107,18
500103004,20231114,1079,23,12,1,25.06864,121.5107,11
500103004,20231114,1081,23,18,1,25.06864,121.5107,5
500103004,20231114,1082,23,18,1,25.06864,121.5107,5
500103004,20231114,1083,23,17,1,25.06864,121.5107,6
500103004,20231114,1084,23,16,1,25.06864,121.5107,7
500103004,20231114,1085,23,18,1,25.06864,121.5107,5
500103004,20231114,1086,23,18,1,25.06864,121.5107,5
500103004,20231114,1087,23,18,1,25.06864,121.5107,5
500103004,20231114,1088,23,17,1,25.06864,121.5107,6
500103004,20231114,1089,23,17,1,25.06864,121.5107,6
500103004,20231114,1090,23,17,1,25.06864,121.5107,6
500103004,20231114,1091,23,18,1,25.06864,121.5107,5
500103004,20231114,1092,23,18,1,25.06864,121.5107,5
500103004,20231114,1093,23,18,1,25.06864,121.5107,5
500103004,20231114,1094,23,18,1,25.06864,121.5107,5
500103004,20231114,1095,23,18,1,25.06864,121.5107,5
500103004,20231114,1096,23,18,1,25.06864,121.5107,5
500103004,20231114,1097,23,18,1,25.06864,121.5107,5
500103004,20231114,1098,23,18,1,25.06864,121.5107,5
500103004,20231114,1099,23,17,1,25.06864,121.5107,6
500103004,20231114,1101,23,17,1,25.06864,121.5107,6
500103004,20231114,1102,23,17,1,25.06864,121.5107,6
500103004,20231114,1103,23,17,1,25.06864,121.5107,6
500103004,20231114,1104,23,17,1,25.06864,121.5107,5
500103004,20231114,1105,23,17,1,25.06864,121.5107,5
500103004,20231114,1106,23,17,1,25.06864,121.5107,5
500103004,20231114,1107,23,17,1,25.06864,121.5107,5
500103004,20231114,1108,23,17,1,25.06864,121.5107,5
500103004,20231114,1109,23,17,1,25.06864,121.5107,5
500103004,20231114,1111,23,17,1,25.06864,121.5107,5
500103004,20231114,1112,23,17,1,25.06864,121.5107,5
500103004,20231114,1113,23,17,1,25.06864,121.5107,5
500103004,20231114,1114,23,17,1,25.06864,121.5107,5
500103004,20231114,1115,23,17,1,25.06864,121.5107,5
500103004,20231114,1116,23,17,1,25.06864,121.5107,5
500103004,20231114,1117,23,17,1,25.06864,121.5107,5
500103004,20231114,1118,23,17,1,25.06864,121.5107,5
500103004,20231114,1119,23,17,1,25.06864,121.5107,5
500103004,20231114,1120,23,16,1,25.06864,121.5107,6
500103004,20231114,1121,23,16,1,25.06864,121.5107,6
500103004,20231114,1122,23,16,1,25.06864,121.5107,6
500103004,20231114,1123,23,16,1,25.06864,121.5107,6
500103004,20231114,1124,23,16,1,25.06864,121.5107,6
500103004,20231114,1125,23,17,1,25.06864,121.5107,5
500103004,20231114,1126,23,17,1,25.06864,121.5107,5
500103004,20231114,1127,23,16,1,25.06864,121.5107,6
500103004,20231114,1128,23,16,1,25.06864,121.5107,6
500103004,20231114,1129,23,16,1,25.06864,121.5107,6
500103004,20231114,1130,23,16,1,25.06864,121.5107,6
500103004,20231114,1131,23,16,1,25.06864,121.5107,6
500103004,20231114,1132,23,16,1,25.06864,121.5107,6
500103004,20231114,1133,23,16,1,25.06864,121.5107,6
500103004,20231114,1134,23,15,1,25.06864,121.5107,7
500103004,20231114,1135,23,15,1,25.06864,121.5107,7
500103004,20231114,1136,23,15,1,25.06864,121.5107,7
500103004,20231114,1137,23,15,1,25.06864,121.5107,7
500103004,20231114,1138,23,16,1,25.06864,121.5107,6
500103004,20231114,1139,23,15,1,25.06864,121.5107,7
500103004,20231114,1141,23,15,1,25.06864,121.5107,7
500103004,20231114,1142,23,15,1,25.06864,121.5107,7
500103004,20231114,1143,23,15,1,25.06864,121.5107,7
500103004,20231114,1144,23,15,1,25.06864,121.5107,7
500103004,20231114,1145,23,15,1,25.06864,121.5107,7
500103004,20231114,1146,23,15,1,25.06864,121.5107,7
500103004,20231114,1147,23,15,1,25.06864,121.5107,7
500103004,20231114,1148,23,16,1,25.06864,121.5107,6
500103004,20231114,1149,23,16,1,25.06864,121.5107,6
500103004,20231114,1150,23,14,1,25.06864,121.5107,8
500103004,20231114,1151,23,14,1,25.06864,121.5107,8
500103004,20231114,1152,23,14,1,25.06864,121.5107,8
500103004,20231114,1153,23,14,1,25.06864,121.5107,8
500103004,20231114,1154,23,14,1,25.06864,121.5107,8
500103004,20231114,1155,23,14,1,25.06864,121.5107,8
500103004,20231114,1156,23,14,1,25.06864,121.5107,8
500103004,20231114,1157,23,14,1,25.06864,121.5107,8
500103004,20231114,1158,23,14,1,25.06864,121.5107,8
500103004,20231114,1159,23,14,1,25.06864,121.5107,8
500103004,20231114,1161,23,14,1,25.06864,121.5107,8
500103004,20231114,1162,23,14,1,25.06864,121.5107,8
500103004,20231114,1163,23,14,1,25.06864,121.5107,8
500103004,20231114,1164,23,14,1,25.06864,121.5107,8
500103004,20231114,1165,23,15,1,25.06864,121.5107,7
500103004,20231114,1166,23,15,1,25.06864,121.5107,7
500103004,20231114,1167,23,14,1,25.06864,121.5107,8
500103004,20231114,1168,23,14,1,25.06864,121.5107,8
500103004,20231114,1169,23,14,1,25.06864,121.5107,8
500103004,20231114,1171,23,14,1,25.06864,121.5107,8
500103004,20231114,1172,23,15,1,25.06864,121.5107,7
500103004,20231114,1173,23,15,1,25.06864,121.5107,7
500103004,20231114,1174,23,15,1,25.06864,121.5107,7
500103004,20231114,1175,23,15,1,25.06864,121.5107,7
500103004,20231114,1176,23,15,1,25.06864,121.5107,7
500103004,20231114,1177,23,15,1,25.06864,121.5107,7
500103004,20231114,1178,23,15,1,25.06864,121.5107,7
500103004,20231114,1179,23,15,1,25.06864,121.5107,7
500103004,20231114,1180,23,15,1,25.06864,121.5107,7
500103004,20231114,1181,23,15,1,25.06864,121.5107,7
500103004,20231114,1182,23,15,1,25.06864,121.5107,7
500103004,20231114,1183,23,15,1,25.06864,121.5107,7
500103004,20231114,1184,23,15,1,25.06864,121.5107,7
500103004,20231114,1185,23,16,1,25.06864,121.5107,6
500103004,20231114,1186,23,16,1,25.06864,121.5107,6
500103004,20231114,1187,23,16,1,25.06864,121.5107,6
500103004,20231114,1188,23,16,1,25.06864,121.5107,6
500103004,20231114,1189,23,16,1,25.06864,121.5107,6
500103004,20231114,1190,23,16,1,25.06864,121.5107,6
500103004,20231114,1191,23,16,1,25.06864,121.5107,6
500103004,20231114,1192,23,16,1,25.06864,121.5107,6
500103004,20231114,1193,23,16,1,25.06864,121.5107,6
500103004,20231114,1194,23,16,1,25.06864,121.5107,6
500103004,20231114,1195,23,16,1,25.06864,121.5107,6
500103004,20231114,1196,23,16,1,25.06864,121.5107,6
500103004,20231114,1197,23,16,1,25.06864,121.5107,6
500103004,20231114,1198,23,15,1,25.06864,121.5107,7
500103004,20231114,1199,23,15,1,25.06864,121.5107,7
500103004,20231114,1201,23,14,1,25.06864,121.5107,8
500103004,20231114,1203,23,14,1,25.06864,121.5107,8
500103004,20231114,1204,23,12,1,25.06864,121.5107,10
500103004,20231114,1205,23,12,1,25.06864,121.5107,10
500103004,20231114,1206,23,12,1,25.06864,121.5107,10
500103004,20231114,1207,23,12,1,25.06864,121.5107,10
500103004,20231114,1208,23,12,1,25.06864,121.5107,10
500103004,20231114,1209,23,12,1,25.06864,121.5107,10
500103004,20231114,1211,23,12,1,25.06864,121.5107,10
500103004,20231114,1212,23,12,1,25.06864,121.5107,10
500103004,20231114,1213,23,16,1,25.06864,121.5107,6
500103004,20231114,1214,23,17,1,25.06864,121.5107,5
500103004,20231114,1215,23,17,1,25.06864,121.5107,5
500103004,20231114,1216,23,17,1,25.06864,121.5107,5
500103004,20231114,1217,23,15,1,25.06864,121.5107,7
500103004,20231114,1218,23,15,1,25.06864,121.5107,7
500103004,20231114,1219,23,15,1,25.06864,121.5107,7
500103004,20231114,1221,23,16,1,25.06864,121.5107,6
500103004,20231114,1222,23,16,1,25.06864,121.5107,6
500103004,20231114,1223,23,16,1,25.06864,121.5107,6
500103004,20231114,1224,23,16,1,25.06864,121.5107,6
500103004,20231114,1225,23,16,1,25.06864,121.5107,6
500103004,20231114,1226,23,16,1,25.06864,121.5107,6
500103004,20231114,1227,23,15,1,25.06864,121.5107,7
500103004,20231114,1228,23,15,1,25.06864,121.5107,7
500103004,20231114,1229,23,15,1,25.06864,121.5107,7
500103004,20231114,1231,23,15,1,25.06864,121.5107,7
500103004,20231114,1232,23,16,1,25.06864,121.5107,6
500103004,20231114,1233,23,16,1,25.06864,121.5107,6
500103004,20231114,1234,23,15,1,25.06864,121.5107,7
500103004,20231114,1235,23,15,1,25.06864,121.5107,7
500103004,20231114,1236,23,15,1,25.06864,121.5107,7
500103004,20231114,1237,23,15,1,25.06864,121.5107,7
500103004,20231114,1238,23,15,1,25.06864,121.5107,7
500103004,20231114,1239,23,16,1,25.06864,121.5107,6
500103004,20231114,1241,23,15,1,25.06864,121.5107,7
500103004,20231114,1242,23,15,1,25.06864,121.5107,7
500103004,20231114,1243,23,15,1,25.06864,121.5107,7
500103004,20231114,1244,23,15,1,25.06864,121.5107,7
500103004,20231114,1245,23,16,1,25.06864,121.5107,6
500103004,20231114,1246,23,15,1,25.06864,121.5107,7
500103004,20231114,1247,23,15,1,25.06864,121.5107,7
500103004,20231114,1248,23,14,1,25.06864,121.5107,8
500103004,20231114,1249,23,14,1,25.06864,121.5107,8
500103004,20231114,1251,23,14,1,25.06864,121.5107,8
500103004,20231114,1252,23,13,1,25.06864,121.5107,9
500103004,20231114,1253,23,13,1,25.06864,121.5107,9
500103004,20231114,1254,23,13,1,25.06864,121.5107,9
500103004,20231114,1255,23,13,1,25.06864,121.5107,9
500103004,20231114,1256,23,13,1,25.06864,121.5107,9
500103004,20231114,1257,23,11,1,25.06864,121.5107,11
500103004,20231114,1258,23,10,1,25.06864,121.5107,12
500103004,20231114,1259,23,10,1,25.06864,121.5107,12
500103004,20231114,1261,23,10,1,25.06864,121.5107,12
500103004,20231114,1262,23,10,1,25.06864,121.5107,12
500103004,20231114,1263,23,11,1,25.06864,121.5107,11
500103004,20231114,1264,23,11,1,25.06864,121.5107,11
500103004,20231114,1265,23,11,1,25.06864,121.5107,11
500103004,20231114,1266,23,11,1,25.06864,121.5107,11
500103004,20231114,1267,23,11,1,25.06864,121.5107,11
500103004,20231114,1268,23,11,1,25.06864,121.5107,11
500103004,20231114,1269,23,10,1,25.06864,121.5107,12
500103004,20231114,1271,23,10,1,25.06864,121.5107,12
500103004,20231114,1272,23,11,1,25.06864,121.5107,11
500103004,20231114,1273,23,11,1,25.06864,121.5107,11
500103004,20231114,1274,23,11,1,25.06864,121.5107,11
500103004,20231114,1275,23,11,1,25.06864,121.5107,11
500103004,20231114,1276,23,11,1,25.06864,121.5107,11
500103004,20231114,1277,23,11,1,25.06864,121.5107,11
500103004,20231114,1278,23,10,1,25.06864,121.5107,12
500103004,20231114,1279,23,8,1,25.06864,121.5107,14
500103004,20231114,1281,23,8,1,25.06864,121.5107,14
500103004,20231114,1282,23,8,1,25.06864,121.5107,14
500103004,20231114,1283,23,8,1,25.06864,121.5107,14
500103004,20231114,1284,23,8,1,25.06864,121.5107,14
500103004,20231114,1285,23,8,1,25.06864,121.5107,14
500103004,20231114,1286,23,8,1,25.06864,121.5107,14
500103004,20231114,1287,23,8,1,25.06864,121.5107,14
500103004,20231114,1288,23,8,1,25.06864,121.5107,14
500103004,20231114,1289,23,8,1,25.06864,121.5107,14
500103004,20231114,1291,23,8,1,25.06864,121.5107,14
500103004,20231114,1292,23,8,1,25.06864,121.5107,14
500103004,20231114,1293,23,8,1,25.06864,121.5107,14
500103004,20231114,1294,23,8,1,25.06864,121.5107,14
500103004,20231114,1295,23,7,1,25.06864,121.5107,15
500103004,20231114,1296,23,7,1,25.06864,121.5107,15
500103004,20231114,1297,23,7,1,25.06864,121.5107,15
500103004,20231114,1298,23,7,1,25.06864,121.5107,15
500103004,20231114,1299,23,7,1,25.06864,121.5107,15
500103004,20231114,1300,23,7,1,25.06864,121.5107,15
500103004,20231114,1301,23,7,1,25.06864,121.5107,15
500103004,20231114,1302,23,7,1,25.06864,121.5107,15
500103004,20231114,1303,23,7,1,25.06864,121.5107,15
500103004,20231114,1304,23,7,1,25.06864,121.5107,15
500103004,20231114,1305,23,7,1,25.06864,121.5107,15
500103004,20231114,1306,23,7,1,25.06864,121.5107,15
500103004,20231114,1307,23,7,1,25.06864,121.5107,15
500103004,20231114,1308,23,7,1,25.06864,121.5107,15
500103004,20231114,1309,23,7,1,25.06864,121.5107,15
500103004,20231114,1310,23,7,1,25.06864,121.5107,15
500103004,20231114,1311,23,7,1,25.06864,121.5107,15
500103004,20231114,1312,23,7,1,25.06864,121.5107,15
500103004,20231114,1313,23,7,1,25.06864,121.5107,15
500103004,20231114,1314,23,7,1,25.06864,121.5107,15
500103004,20231114,1315,23,7,1,25.06864,121.5107,15
500103004,20231114,1316,23,8,1,25.06864,121.5107,14
500103004,20231114,1317,23,8,1,25.06864,121.5107,14
500103004,20231114,1318,23,8,1,25.06864,121.5107,14
500103004,20231114,1319,23,8,1,25.06864,121.5107,14
500103004,20231114,1321,23,8,1,25.06864,121.5107,14
500103004,20231114,1322,23,8,1,25.06864,121.5107,14
500103004,20231114,1323,23,8,1,25.06864,121.5107,14
500103004,20231114,1324,23,8,1,25.06864,121.5107,14
500103004,20231114,1325,23,8,1,25.06864,121.5107,14
500103004,20231114,1326,23,8,1,25.06864,121.5107,14
500103004,20231114,1327,23,8,1,25.06864,121.5107,14
500103004,20231114,1328,23,8,1,25.06864,121.5107,14
500103004,20231114,1329,23,8,1,25.06864,121.5107,14
500103004,20231114,1330,23,8,1,25.06864,121.5107,14
500103004,20231114,1331,23,8,1,25.06864,121.5107,14
500103004,20231114,1332,23,8,1,25.06864,121.5107,14
500103004,20231114,1333,23,8,1,25.06864,121.5107,14
500103004,20231114,1334,23,8,1,25.06864,121.5107,14
500103004,20231114,1335,23,8,1,25.06864,121.5107,14
500103004,20231114,1336,23,8,1,25.06864,121.5107,14
500103004,20231114,1337,23,8,1,25.06864,121.5107,14
500103004,20231114,1338,23,8,1,25.06864,121.5107,14
500103004,20231114,1339,23,7,1,25.06864,121.5107,15
500103004,20231114,1341,23,7,1,25.06864,121.5107,15
500103004,20231114,1342,23,8,1,25.06864,121.5107,14
500103004,20231114,1343,23,8,1,25.06864,121.5107,14
500103004,20231114,1344,23,7,1,25.06864,121.5107,15
500103004,20231114,1345,23,7,1,25.06864,121.5107,15
500103004,20231114,1346,23,6,1,25.06864,121.5107,16
500103004,20231114,1347,23,6,1,25.06864,121.5107,16
500103004,20231114,1348,23,5,1,25.06864,121.5107,17
500103004,20231114,1349,23,5,1,25.06864,121.5107,17
500103004,20231114,1350,23,5,1,25.06864,121.5107,17
500103004,20231114,1351,23,5,1,25.06864,121.5107,17
500103004,20231114,1352,23,5,1,25.06864,121.5107,17
500103004,20231114,1353,23,5,1,25.06864,121.5107,17
500103004,20231114,1354,23,5,1,25.06864,121.5107,17
500103004,20231114,1355,23,5,1,25.06864,121.5107,17
500103004,20231114,1356,23,4,1,25.06864,121.5107,18
500103004,20231114,1357,23,4,1,25.06864,121.5107,18
500103004,20231114,1358,23,4,1,25.06864,121.5107,18
500103004,20231114,1359,23,4,1,25.06864,121.5107,18
500103004,20231114,1360,23,4,1,25.06864,121.5107,18
500103004,20231114,1361,23,4,1,25.06864,121.5107,18
500103004,20231114,1362,23,4,1,25.06864,121.5107,18
500103004,20231114,1363,23,5,1,25.06864,121.5107,17
500103004,20231114,1364,23,5,1,25.06864,121.5107,17
500103004,20231114,1365,23,5,1,25.06864,121.5107,17
500103004,20231114,1366,23,5,1,25.06864,121.5107,17
500103004,20231114,1367,23,5,1,25.06864,121.5107,17
500103004,20231114,1368,23,5,1,25.06864,121.5107,17
500103004,20231114,1369,23,5,1,25.06864,121.5107,17
500103004,20231114,1370,23,5,1,25.06864,121.5107,17
500103004,20231114,1371,23,5,1,25.06864,121.5107,17
500103004,20231114,1372,23,5,1,25.06864,121.5107,17
500103004,20231114,1373,23,5,1,25.06864,121.5107,17
500103004,20231114,1374,23,5,1,25.06864,121.5107,17
500103004,20231114,1375,23,5,1,25.06864,121.5107,17
500103004,20231114,1376,23,6,1,25.06864,121.5107,16
500103004,20231114,1377,23,6,1,25.06864,121.5107,16
500103004,20231114,1378,23,6,1,25.06864,121.5107,16
500103004,20231114,1379,23,6,1,25.06864,121.5107,16
500103004,20231114,1381,23,6,1,25.06864,121.5107,16
500103004,20231114,1382,23,6,1,25.06864,121.5107,16
500103004,20231114,1383,23,6,1,25.06864,121.5107,16
500103004,20231114,1384,23,6,1,25.06864,121.5107,16
500103004,20231114,1385,23,6,1,25.06864,121.5107,16
500103004,20231114,1386,23,6,1,25.06864,121.5107,16
500103004,20231114,1387,23,6,1,25.06864,121.5107,16
500103004,20231114,1388,23,6,1,25.06864,121.5107,16
500103004,20231114,1389,23,6,1,25.06864,121.5107,16
500103004,20231114,1390,23,6,1,25.06864,121.5107,16
500103004,20231114,1391,23,6,1,25.06864,121.5107,16
500103004,20231114,1392,23,6,1,25.06864,121.5107,16
500103004,20231114,1393,23,6,1,25.06864,121.5107,16
500103004,20231114,1394,23,6,1,25.06864,121.5107,16
500103004,20231114,1395,23,6,1,25.06864,121.5107,16
500103004,20231114,1396,23,6,1,25.06864,121.5107,16
500103004,20231114,1397,23,6,1,25.06864,121.5107,16
500103004,20231114,1398,23,6,1,25.06864,121.5107,16
500103004,20231114,1399,23,6,1,25.06864,121.5107,16
500103004,20231114,1401,23,6,1,25.06864,121.5107,16
500103004,20231114,1402,23,6,1,25.06864,121.5107,16
500103004,20231114,1403,23,6,1,25.06864,121.5107,16
500103004,20231114,1404,23,6,1,25.06864,121.5107,16
500103004,20231114,1405,23,6,1,25.06864,121.5107,16
500103004,20231114,1406,23,5,1,25.06864,121.5107,17
500103004,20231114,1407,23,6,1,25.06864,121.5107,16
500103004,20231114,1408,23,6,1,25.06864,121.5107,16
500103004,20231114,1409,23,6,1,25.06864,121.5107,16
500103004,20231114,1410,23,6,1,25.06864,121.5107,16
500103004,20231114,1411,23,6,1,25.06864,121.5107,16
500103004,20231114,1412,23,6,1,25.06864,121.5107,16
500103004,20231114,1413,23,6,1,25.06864,121.5107,16
500103004,20231114,1414,23,6,1,25.06864,121.5107,16
500103004,20231114,1415,23,6,1,25.06864,121.5107,16
500103004,20231114,1416,23,6,1,25.06864,121.5107,16
500103004,20231114,1417,23,6,1,25.06864,121.5107,16
500103004,20231114,1418,23,6,1,25.06864,121.5107,16
500103004,20231114,1419,23,6,1,25.06864,121.5107,16
500103004,20231114,1420,23,6,1,25.06864,121.5107,16
500103004,20231114,1421,23,6,1,25.06864,121.5107,16
500103004,20231114,1422,23,6,1,25.06864,121.5107,16
500103004,20231114,1423,23,6,1,25.06864,121.5107,16
500103004,20231114,1424,23,6,1,25.06864,121.5107,16
500103004,20231114,1425,23,6,1,25.06864,121.5107,16
500103004,20231114,1426,23,6,1,25.06864,121.5107,16
500103004,20231114,1427,23,6,1,25.06864,121.5107,16
500103004,20231114,1428,23,6,1,25.06864,121.5107,16
500103004,20231114,1429,23,6,1,25.06864,121.5107,16
500103004,20231114,1430,23,6,1,25.06864,121.5107,16
500103004,20231114,1431,23,6,1,25.06864,121.5107,16
500103004,20231114,1432,23,6,1,25.06864,121.5107,16
500103004,20231114,1433,23,6,1,25.06864,121.5107,16
500103004,20231114,1434,23,6,1,25.06864,121.5107,16
500103004,20231114,1435,23,6,1,25.06864,121.5107,16
500103004,20231114,1436,23,6,1,25.06864,121.5107,16
500103004,20231114,1437,23,5,1,25.06864,121.5107,17
500103004,20231114,1438,23,5,1,25.06864,121.5107,17
500103004,20231114,1439,23,5,1,25.06864,121.5107,17
500103004,20231115,1,23,5,1,25.06864,121.5107,17
500103004,20231115,2,23,5,1,25.06864,121.5107,17
500103004,20231115,4,23,5,1,25.06864,121.5107,17
500103004,20231115,5,23,5,1,25.06864,121.5107,17
500103004,20231115,6,23,5,1,25.06864,121.5107,17
500103004,20231115,7,23,5,1,25.06864,121.5107,17
500103004,20231115,8,23,5,1,25.06864,121.5107,17
500103004,20231115,10,23,5,1,25.06864,121.5107,17
500103004,20231115,11,23,5,1,25.06864,121.5107,17
500103004,20231115,12,23,5,1,25.06864,121.5107,17
500103004,20231115,13,23,5,1,25.06864,121.5107,17
500103004,20231115,14,23,5,1,25.06864,121.5107,17
500103004,20231115,15,23,5,1,25.06864,121.5107,17
500103004,20231115,16,23,5,1,25.06864,121.5107,17
500103004,20231115,17,23,5,1,25.06864,121.5107,17
500103004,20231115,18,23,5,1,25.06864,121.5107,17
500103004,20231115,19,23,5,1,25.06864,121.5107,17
500103004,20231115,21,23,5,1,25.06864,121.5107,17
500103004,20231115,22,23,4,1,25.06864,121.5107,18
500103004,20231115,23,23,4,1,25.06864,121.5107,18
500103004,20231115,24,23,4,1,25.06864,121.5107,18
500103004,20231115,25,23,4,1,25.06864,121.5107,18
500103004,20231115,26,23,3,1,25.06864,121.5107,19
500103004,20231115,27,23,3,1,25.06864,121.5107,19
500103004,20231115,28,23,3,1,25.06864,121.5107,19
500103004,20231115,29,23,3,1,25.06864,121.5107,19
500103004,20231115,30,23,3,1,25.06864,121.5107,19
500103004,20231115,31,23,3,1,25.06864,121.5107,19
500103004,20231115,32,23,3,1,25.06864,121.5107,19
500103004,20231115,33,23,3,1,25.06864,121.5107,19
500103004,20231115,34,23,3,1,25.06864,121.5107,19
500103004,20231115,35,23,3,1,25.06864,121.5107,19
500103004,20231115,36,23,3,1,25.06864,121.5107,19
500103004,20231115,37,23,3,1,25.06864,121.5107,19
500103004,20231115,38,23,3,1,25.06864,121.5107,19
500103004,20231115,39,23,3,1,25.06864,121.5107,19
500103004,20231115,41,23,3,1,25.06864,121.5107,19
500103004,20231115,42,23,3,1,25.06864,121.5107,19
500103004,20231115,43,23,3,1,25.06864,121.5107,19
500103004,20231115,44,23,3,1,25.06864,121.5107,19
500103004,20231115,45,23,3,1,25.06864,121.5107,19
500103004,20231115,46,23,3,1,25.06864,121.5107,19
500103004,20231115,47,23,3,1,25.06864,121.5107,19
500103004,20231115,48,23,3,1,25.06864,121.5107,19
500103004,20231115,49,23,3,1,25.06864,121.5107,19
500103004,20231115,50,23,3,1,25.06864,121.5107,19
500103004,20231115,51,23,3,1,25.06864,121.5107,19
500103004,20231115,52,23,3,1,25.06864,121.5107,19
500103004,20231115,53,23,3,1,25.06864,121.5107,19
500103004,20231115,54,23,3,1,25.06864,121.5107,19
500103004,20231115,55,23,3,1,25.06864,121.5107,19
500103004,20231115,56,23,3,1,25.06864,121.5107,19
500103004,20231115,57,23,3,1,25.06864,121.5107,19
500103004,20231115,58,23,3,1,25.06864,121.5107,19
500103004,20231115,59,23,3,1,25.06864,121.5107,19
500103004,20231115,61,23,3,1,25.06864,121.5107,19
500103004,20231115,62,23,3,1,25.06864,121.5107,19
500103004,20231115,63,23,3,1,25.06864,121.5107,19
500103004,20231115,64,23,3,1,25.06864,121.5107,19
500103004,20231115,65,23,3,1,25.06864,121.5107,19
500103004,20231115,66,23,3,1,25.06864,121.5107,19
500103004,20231115,67,23,3,1,25.06864,121.5107,19
500103004,20231115,68,23,3,1,25.06864,121.5107,19
500103004,20231115,69,23,3,1,25.06864,121.5107,19
500103004,20231115,70,23,3,1,25.06864,121.5107,19
500103004,20231115,71,23,3,1,25.06864,121.5107,19
500103004,20231115,72,23,3,1,25.06864,121.5107,19
500103004,20231115,73,23,3,1,25.06864,121.5107,19
500103004,20231115,74,23,3,1,25.06864,121.5107,19
500103004,20231115,75,23,3,1,25.06864,121.5107,19
500103004,20231115,76,23,3,1,25.06864,121.5107,19
500103004,20231115,77,23,3,1,25.06864,121.5107,19
500103004,20231115,78,23,3,1,25.06864,121.5107,19
500103004,20231115,79,23,3,1,25.06864,121.5107,19
500103004,20231115,81,23,3,1,25.06864,121.5107,19
500103004,20231115,82,23,3,1,25.06864,121.5107,19
500103004,20231115,83,23,3,1,25.06864,121.5107,19
500103004,20231115,84,23,3,1,25.06864,121.5107,19
500103004,20231115,85,23,3,1,25.06864,121.5107,19
500103004,20231115,86,23,3,1,25.06864,121.5107,19
500103004,20231115,87,23,3,1,25.06864,121.5107,19
500103004,20231115,88,23,3,1,25.06864,121.5107,19
500103004,20231115,89,23,3,1,25.06864,121.5107,19
500103004,20231115,90,23,3,1,25.06864,121.5107,19
500103004,20231115,91,23,3,1,25.06864,121.5107,19
500103004,20231115,92,23,3,1,25.06864,121.5107,19
500103004,20231115,93,23,3,1,25.06864,121.5107,19
500103004,20231115,94,23,3,1,25.06864,121.5107,19
500103004,20231115,95,23,3,1,25.06864,121.5107,19
500103004,20231115,96,23,3,1,25.06864,121.5107,19
500103004,20231115,97,23,3,1,25.06864,121.5107,19
500103004,20231115,98,23,3,1,25.06864,121.5107,19
500103004,20231115,99,23,3,1,25.06864,121.5107,19
500103004,20231115,100,23,3,1,25.06864,121.5107,19
500103004,20231115,101,23,3,1,25.06864,121.5107,19
500103004,20231115,102,23,3,1,25.06864,121.5107,19
500103004,20231115,103,23,3,1,25.06864,121.5107,19
500103004,20231115,104,23,3,1,25.06864,121.5107,19
500103004,20231115,105,23,3,1,25.06864,121.5107,19
500103004,20231115,106,23,3,1,25.06864,121.5107,19
500103004,20231115,107,23,3,1,25.06864,121.5107,19
500103004,20231115,108,23,3,1,25.06864,121.5107,19
500103004,20231115,109,23,3,1,25.06864,121.5107,19
500103004,20231115,110,23,3,1,25.06864,121.5107,19
500103004,20231115,111,23,3,1,25.06864,121.5107,19
500103004,20231115,112,23,3,1,25.06864,121.5107,19
500103004,20231115,113,23,3,1,25.06864,121.5107,19
500103004,20231115,114,23,3,1,25.06864,121.5107,19
500103004,20231115,115,23,3,1,25.06864,121.5107,19
500103004,20231115,116,23,3,1,25.06864,121.5107,19
500103004,20231115,117,23,3,1,25.06864,121.5107,19
500103004,20231115,118,23,3,1,25.06864,121.5107,19
500103004,20231115,119,23,3,1,25.06864,121.5107,19
500103004,20231115,121,23,3,1,25.06864,121.5107,19
500103004,20231115,122,23,3,1,25.06864,121.5107,19
500103004,20231115,123,23,3,1,25.06864,121.5107,19
500103004,20231115,124,23,3,1,25.06864,121.5107,19
500103004,20231115,125,23,3,1,25.06864,121.5107,19
500103004,20231115,126,23,3,1,25.06864,121.5107,19
500103004,20231115,127,23,3,1,25.06864,121.5107,19
500103004,20231115,128,23,2,1,25.06864,121.5107,20
500103004,20231115,129,23,2,1,25.06864,121.5107,20
500103004,20231115,130,23,2,1,25.06864,121.5107,20
500103004,20231115,131,23,2,1,25.06864,121.5107,20
500103004,20231115,132,23,2,1,25.06864,121.5107,20
500103004,20231115,133,23,2,1,25.06864,121.5107,20
500103004,20231115,134,23,2,1,25.06864,121.5107,20
500103004,20231115,135,23,2,1,25.06864,121.5107,20
500103004,20231115,136,23,2,1,25.06864,121.5107,20
500103004,20231115,137,23,2,1,25.06864,121.5107,20
500103004,20231115,138,23,2,1,25.06864,121.5107,20
500103004,20231115,139,23,2,1,25.06864,121.5107,20
500103004,20231115,141,23,2,1,25.06864,121.5107,20
500103004,20231115,142,23,2,1,25.06864,121.5107,20
500103004,20231115,143,23,2,1,25.06864,121.5107,20
500103004,20231115,144,23,2,1,25.06864,121.5107,20
500103004,20231115,145,23,2,1,25.06864,121.5107,20
500103004,20231115,146,23,2,1,25.06864,121.5107,20
500103004,20231115,147,23,2,1,25.06864,121.5107,20
500103004,20231115,148,23,2,1,25.06864,121.5107,20
500103004,20231115,149,23,2,1,25.06864,121.5107,20
500103004,20231115,150,23,2,1,25.06864,121.5107,20
500103004,20231115,151,23,2,1,25.06864,121.5107,20
500103004,20231115,152,23,2,1,25.06864,121.5107,20
500103004,20231115,153,23,2,1,25.06864,121.5107,20
500103004,20231115,154,23,2,1,25.06864,121.5107,20
500103004,20231115,155,23,2,1,25.06864,121.5107,20
500103004,20231115,156,23,2,1,25.06864,121.5107,20
500103004,20231115,157,23,2,1,25.06864,121.5107,20
500103004,20231115,158,23,2,1,25.06864,121.5107,20
500103004,20231115,159,23,2,1,25.06864,121.5107,20
500103004,20231115,160,23,2,1,25.06864,121.5107,20
500103004,20231115,161,23,2,1,25.06864,121.5107,20
500103004,20231115,162,23,2,1,25.06864,121.5107,20
500103004,20231115,163,23,2,1,25.06864,121.5107,20
500103004,20231115,164,23,2,1,25.06864,121.5107,20
500103004,20231115,165,23,2,1,25.06864,121.5107,20
500103004,20231115,166,23,2,1,25.06864,121.5107,20
500103004,20231115,167,23,2,1,25.06864,121.5107,20
500103004,20231115,168,23,2,1,25.06864,121.5107,20
500103004,20231115,169,23,2,1,25.06864,121.5107,20
500103004,20231115,170,23,2,1,25.06864,121.5107,20
500103004,20231115,171,23,2,1,25.06864,121.5107,20
500103004,20231115,172,23,2,1,25.06864,121.5107,20
500103004,20231115,173,23,2,1,25.06864,121.5107,20
500103004,20231115,174,23,2,1,25.06864,121.5107,20
500103004,20231115,175,23,2,1,25.06864,121.5107,20
500103004,20231115,176,23,2,1,25.06864,121.5107,20
500103004,20231115,177,23,2,1,25.06864,121.5107,20
500103004,20231115,178,23,2,1,25.06864,121.5107,20
500103004,20231115,179,23,2,1,25.06864,121.5107,20
500103004,20231115,180,23,2,1,25.06864,121.5107,20
500103004,20231115,181,23,2,1,25.06864,121.5107,20
500103004,20231115,182,23,2,1,25.06864,121.5107,20
500103004,20231115,183,23,2,1,25.06864,121.5107,20
500103004,20231115,184,23,2,1,25.06864,121.5107,20
500103004,20231115,185,23,2,1,25.06864,121.5107,20
500103004,20231115,186,23,2,1,25.06864,121.5107,20
500103004,20231115,187,23,2,1,25.06864,121.5107,20
500103004,20231115,188,23,2,1,25.06864,121.5107,20
500103004,20231115,189,23,2,1,25.06864,121.5107,20
500103004,20231115,190,23,2,1,25.06864,121.5107,20
500103004,20231115,191,23,2,1,25.06864,121.5107,20
500103004,20231115,192,23,2,1,25.06864,121.5107,20
500103004,20231115,193,23,2,1,25.06864,121.5107,20
500103004,20231115,194,23,2,1,25.06864,121.5107,20
500103004,20231115,195,23,2,1,25.06864,121.5107,20
500103004,20231115,196,23,2,1,25.06864,121.5107,20
500103004,20231115,197,23,2,1,25.06864,121.5107,20
500103004,20231115,198,23,2,1,25.06864,121.5107,20
500103004,20231115,199,23,2,1,25.06864,121.5107,20
500103004,20231115,201,23,2,1,25.06864,121.5107,20
500103004,20231115,202,23,2,1,25.06864,121.5107,20
500103004,20231115,203,23,2,1,25.06864,121.5107,20
500103004,20231115,204,23,2,1,25.06864,121.5107,20
500103004,20231115,205,23,2,1,25.06864,121.5107,20
500103004,20231115,206,23,2,1,25.06864,121.5107,20
500103004,20231115,207,23,2,1,25.06864,121.5107,20
500103004,20231115,208,23,2,1,25.06864,121.5107,20
500103004,20231115,209,23,2,1,25.06864,121.5107,20
500103004,20231115,210,23,2,1,25.06864,121.5107,20
500103004,20231115,211,23,2,1,25.06864,121.5107,20
500103004,20231115,212,23,2,1,25.06864,121.5107,20
500103004,20231115,213,23,2,1,25.06864,121.5107,20
500103004,20231115,214,23,2,1,25.06864,121.5107,20
500103004,20231115,215,23,2,1,25.06864,121.5107,20
500103004,20231115,216,23,2,1,25.06864,121.5107,20
500103004,20231115,217,23,2,1,25.06864,121.5107,20
500103004,20231115,218,23,2,1,25.06864,121.5107,20
500103004,20231115,219,23,2,1,25.06864,121.5107,20
500103004,20231115,220,23,2,1,25.06864,121.5107,20
500103004,20231115,221,23,2,1,25.06864,121.5107,20
500103004,20231115,222,23,2,1,25.06864,121.5107,20
500103004,20231115,223,23,2,1,25.06864,121.5107,20
500103004,20231115,224,23,2,1,25.06864,121.5107,20
500103004,20231115,225,23,2,1,25.06864,121.5107,20
500103004,20231115,226,23,2,1,25.06864,121.5107,20
500103004,20231115,227,23,2,1,25.06864,121.5107,20
500103004,20231115,228,23,2,1,25.06864,121.5107,20
500103004,20231115,229,23,2,1,25.06864,121.5107,20
500103004,20231115,230,23,2,1,25.06864,121.5107,20
500103004,20231115,231,23,2,1,25.06864,121.5107,20
500103004,20231115,232,23,2,1,25.06864,121.5107,20
500103004,20231115,233,23,2,1,25.06864,121.5107,20
500103004,20231115,234,23,2,1,25.06864,121.5107,20
500103004,20231115,235,23,2,1,25.06864,121.5107,20
500103004,20231115,236,23,2,1,25.06864,121.5107,20
500103004,20231115,237,23,2,1,25.06864,121.5107,20
500103004,20231115,238,23,2,1,25.06864,121.5107,20
500103004,20231115,239,23,2,1,25.06864,121.5107,20
500103004,20231115,240,23,2,1,25.06864,121.5107,20
500103004,20231115,241,23,2,1,25.06864,121.5107,20
500103004,20231115,242,23,2,1,25.06864,121.5107,20
500103004,20231115,243,23,2,1,25.06864,121.5107,20
500103004,20231115,244,23,2,1,25.06864,121.5107,20
500103004,20231115,245,23,2,1,25.06864,121.5107,20
500103004,20231115,246,23,2,1,25.06864,121.5107,20
500103004,20231115,247,23,2,1,25.06864,121.5107,20
500103004,20231115,248,23,2,1,25.06864,121.5107,20
500103004,20231115,249,23,2,1,25.06864,121.5107,20
500103004,20231115,250,23,2,1,25.06864,121.5107,20
500103004,20231115,251,23,2,1,25.06864,121.5107,20
500103004,20231115,252,23,2,1,25.06864,121.5107,20
500103004,20231115,253,23,2,1,25.06864,121.5107,20
500103004,20231115,254,23,2,1,25.06864,121.5107,20
500103004,20231115,255,23,2,1,25.06864,121.5107,20
500103004,20231115,256,23,2,1,25.06864,121.5107,20
500103004,20231115,257,23,2,1,25.06864,121.5107,20
500103004,20231115,258,23,2,1,25.06864,121.5107,20
500103004,20231115,259,23,2,1,25.06864,121.5107,20
500103004,20231115,261,23,2,1,25.06864,121.5107,20
500103004,20231115,262,23,2,1,25.06864,121.5107,20
500103004,20231115,263,23,2,1,25.06864,121.5107,20
500103004,20231115,264,23,2,1,25.06864,121.5107,20
500103004,20231115,265,23,2,1,25.06864,121.5107,20
500103004,20231115,266,23,2,1,25.06864,121.5107,20
500103004,20231115,267,23,2,1,25.06864,121.5107,20
500103004,20231115,269,23,2,1,25.06864,121.5107,20
500103004,20231115,270,23,2,1,25.06864,121.5107,20
500103004,20231115,271,23,2,1,25.06864,121.5107,20
500103004,20231115,272,23,2,1,25.06864,121.5107,20
500103004,20231115,273,23,2,1,25.06864,121.5107,20
500103004,20231115,274,23,2,1,25.06864,121.5107,20
500103004,20231115,275,23,2,1,25.06864,121.5107,20
500103004,20231115,276,23,2,1,25.06864,121.5107,20
500103004,20231115,277,23,2,1,25.06864,121.5107,20
500103004,20231115,278,23,2,1,25.06864,121.5107,20
500103004,20231115,279,23,2,1,25.06864,121.5107,20
500103004,20231115,280,23,2,1,25.06864,121.5107,20
500103004,20231115,281,23,2,1,25.06864,121.5107,20
500103004,20231115,282,23,2,1,25.06864,121.5107,20
500103004,20231115,283,23,2,1,25.06864,121.5107,20
500103004,20231115,284,23,2,1,25.06864,121.5107,20
500103004,20231115,285,23,2,1,25.06864,121.5107,20
500103004,20231115,286,23,2,1,25.06864,121.5107,20
500103004,20231115,287,23,2,1,25.06864,121.5107,20
500103004,20231115,288,23,2,1,25.06864,121.5107,20
500103004,20231115,289,23,2,1,25.06864,121.5107,20
500103004,20231115,290,23,2,1,25.06864,121.5107,20
500103004,20231115,291,23,2,1,25.06864,121.5107,20
500103004,20231115,292,23,2,1,25.06864,121.5107,20
500103004,20231115,293,23,2,1,25.06864,121.5107,20
500103004,20231115,294,23,2,1,25.06864,121.5107,20
500103004,20231115,295,23,2,1,25.06864,121.5107,20
500103004,20231115,296,23,2,1,25.06864,121.5107,20
500103004,20231115,297,23,2,1,25.06864,121.5107,20
500103004,20231115,298,23,2,1,25.06864,121.5107,20
500103004,20231115,299,23,2,1,25.06864,121.5107,20
500103004,20231115,300,23,2,1,25.06864,121.5107,20
500103004,20231115,301,23,2,1,25.06864,121.5107,20
500103004,20231115,302,23,3,1,25.06864,121.5107,19
500103004,20231115,303,23,3,1,25.06864,121.5107,19
500103004,20231115,304,23,3,1,25.06864,121.5107,19
500103004,20231115,305,23,3,1,25.06864,121.5107,19
500103004,20231115,306,23,3,1,25.06864,121.5107,19
500103004,20231115,307,23,3,1,25.06864,121.5107,19
500103004,20231115,308,23,3,1,25.06864,121.5107,19
500103004,20231115,309,23,3,1,25.06864,121.5107,19
500103004,20231115,310,23,3,1,25.06864,121.5107,19
500103004,20231115,311,23,3,1,25.06864,121.5107,19
500103004,20231115,312,23,3,1,25.06864,121.5107,19
500103004,20231115,313,23,3,1,25.06864,121.5107,19
500103004,20231115,314,23,3,1,25.06864,121.5107,19
500103004,20231115,315,23,3,1,25.06864,121.5107,19
500103004,20231115,316,23,3,1,25.06864,121.5107,19
500103004,20231115,317,23,3,1,25.06864,121.5107,19
500103004,20231115,318,23,3,1,25.06864,121.5107,19
500103004,20231115,319,23,3,1,25.06864,121.5107,19
500103004,20231115,321,23,3,1,25.06864,121.5107,19
500103004,20231115,322,23,3,1,25.06864,121.5107,19
500103004,20231115,323,23,3,1,25.06864,121.5107,19
500103004,20231115,324,23,4,1,25.06864,121.5107,18
500103004,20231115,325,23,3,1,25.06864,121.5107,19
500103004,20231115,326,23,3,1,25.06864,121.5107,19
500103004,20231115,327,23,3,1,25.06864,121.5107,19
500103004,20231115,328,23,3,1,25.06864,121.5107,19
500103004,20231115,329,23,3,1,25.06864,121.5107,19
500103004,20231115,330,23,3,1,25.06864,121.5107,19
500103004,20231115,331,23,3,1,25.06864,121.5107,19
500103004,20231115,332,23,3,1,25.06864,121.5107,19
500103004,20231115,333,23,3,1,25.06864,121.5107,19
500103004,20231115,334,23,3,1,25.06864,121.5107,19
500103004,20231115,335,23,3,1,25.06864,121.5107,19
500103004,20231115,336,23,3,1,25.06864,121.5107,19
500103004,20231115,337,23,3,1,25.06864,121.5107,19
500103004,20231115,338,23,3,1,25.06864,121.5107,19
500103004,20231115,339,23,3,1,25.06864,121.5107,19
500103004,20231115,340,23,3,1,25.06864,121.5107,19
500103004,20231115,341,23,3,1,25.06864,121.5107,19
500103004,20231115,342,23,3,1,25.06864,121.5107,19
500103004,20231115,343,23,3,1,25.06864,121.5107,19
500103004,20231115,344,23,3,1,25.06864,121.5107,19
500103004,20231115,345,23,3,1,25.06864,121.5107,19
500103004,20231115,346,23,3,1,25.06864,121.5107,19
500103004,20231115,347,23,3,1,25.06864,121.5107,19
500103004,20231115,348,23,4,1,25.06864,121.5107,18
500103004,20231115,349,23,4,1,25.06864,121.5107,18
500103004,20231115,350,23,4,1,25.06864,121.5107,18
500103004,20231115,351,23,4,1,25.06864,121.5107,18
500103004,20231115,352,23,4,1,25.06864,121.5107,18
500103004,20231115,353,23,4,1,25.06864,121.5107,18
500103004,20231115,354,23,4,1,25.06864,121.5107,18
500103004,20231115,355,23,4,1,25.06864,121.5107,18
500103004,20231115,356,23,4,1,25.06864,121.5107,18
500103004,20231115,357,23,4,1,25.06864,121.5107,18
500103004,20231115,358,23,5,1,25.06864,121.5107,17
500103004,20231115,359,23,5,1,25.06864,121.5107,17
500103004,20231115,360,23,5,1,25.06864,121.5107,17
500103004,20231115,361,23,5,1,25.06864,121.5107,17
500103004,20231115,362,23,5,1,25.06864,121.5107,17
500103004,20231115,363,23,5,1,25.06864,121.5107,17
500103004,20231115,364,23,4,1,25.06864,121.5107,18
500103004,20231115,365,23,3,1,25.06864,121.5107,19
500103004,20231115,366,23,3,1,25.06864,121.5107,19
500103004,20231115,367,23,3,1,25.06864,121.5107,19
500103004,20231115,368,23,3,1,25.06864,121.5107,19
500103004,20231115,369,23,3,1,25.06864,121.5107,19
500103004,20231115,370,23,3,1,25.06864,121.5107,19
500103004,20231115,371,23,3,1,25.06864,121.5107,19
500103004,20231115,372,23,3,1,25.06864,121.5107,19
500103004,20231115,373,23,3,1,25.06864,121.5107,19
500103004,20231115,374,23,3,1,25.06864,121.5107,19
500103004,20231115,375,23,3,1,25.06864,121.5107,19
500103004,20231115,376,23,3,1,25.06864,121.5107,19
500103004,20231115,377,23,3,1,25.06864,121.5107,19
500103004,20231115,378,23,3,1,25.06864,121.5107,19
500103004,20231115,379,23,3,1,25.06864,121.5107,19
500103004,20231115,381,23,3,1,25.06864,121.5107,19
500103004,20231115,382,23,3,1,25.06864,121.5107,19
500103004,20231115,383,23,3,1,25.06864,121.5107,19
500103004,20231115,384,23,3,1,25.06864,121.5107,19
500103004,20231115,385,23,3,1,25.06864,121.5107,19
500103004,20231115,386,23,3,1,25.06864,121.5107,19
500103004,20231115,387,23,3,1,25.06864,121.5107,19
500103004,20231115,388,23,3,1,25.06864,121.5107,19
500103004,20231115,389,23,3,1,25.06864,121.5107,19
500103004,20231115,390,23,3,1,25.06864,121.5107,19
500103004,20231115,391,23,3,1,25.06864,121.5107,19
500103004,20231115,392,23,3,1,25.06864,121.5107,19
500103004,20231115,393,23,3,1,25.06864,121.5107,19
500103004,20231115,394,23,4,1,25.06864,121.5107,18
500103004,20231115,395,23,4,1,25.06864,121.5107,18
500103004,20231115,396,23,4,1,25.06864,121.5107,18
500103004,20231115,397,23,4,1,25.06864,121.5107,18
500103004,20231115,398,23,4,1,25.06864,121.5107,18
500103004,20231115,399,23,4,1,25.06864,121.5107,18
500103004,20231115,400,23,4,1,25.06864,121.5107,18
500103004,20231115,401,23,4,1,25.06864,121.5107,18
500103004,20231115,402,23,6,1,25.06864,121.5107,16
500103004,20231115,403,23,6,1,25.06864,121.5107,16
500103004,20231115,404,23,7,1,25.06864,121.5107,15
500103004,20231115,405,23,8,1,25.06864,121.5107,14
500103004,20231115,406,23,8,1,25.06864,121.5107,14
500103004,20231115,407,23,8,1,25.06864,121.5107,14
500103004,20231115,408,23,8,1,25.06864,121.5107,14
500103004,20231115,409,23,9,1,25.06864,121.5107,13
500103004,20231115,410,23,9,1,25.06864,121.5107,13
500103004,20231115,411,23,9,1,25.06864,121.5107,13
500103004,20231115,412,23,10,1,25.06864,121.5107,12
500103004,20231115,413,23,10,1,25.06864,121.5107,12
500103004,20231115,414,23,11,1,25.06864,121.5107,11
500103004,20231115,415,23,11,1,25.06864,121.5107,11
500103004,20231115,416,23,11,1,25.06864,121.5107,11
500103004,20231115,417,23,11,1,25.06864,121.5107,11
500103004,20231115,418,23,11,1,25.06864,121.5107,11
500103004,20231115,419,23,11,1,25.06864,121.5107,11
500103004,20231115,421,23,12,1,25.06864,121.5107,10
500103004,20231115,422,23,11,1,25.06864,121.5107,11
500103004,20231115,423,23,11,1,25.06864,121.5107,11
500103004,20231115,424,23,11,1,25.06864,121.5107,11
500103004,20231115,425,23,11,1,25.06864,121.5107,11
500103004,20231115,426,23,12,1,25.06864,121.5107,10
500103004,20231115,427,23,12,1,25.06864,121.5107,10
500103004,20231115,428,23,12,1,25.06864,121.5107,10
500103004,20231115,429,23,13,1,25.06864,121.5107,9
500103004,20231115,430,23,13,1,25.06864,121.5107,9
500103004,20231115,431,23,13,1,25.06864,121.5107,9
500103004,20231115,432,23,13,1,25.06864,121.5107,9
500103004,20231115,433,23,13,1,25.06864,121.5107,9
500103004,20231115,434,23,13,1,25.06864,121.5107,9
500103004,20231115,435,23,14,1,25.06864,121.5107,8
500103004,20231115,436,23,14,1,25.06864,121.5107,8
500103004,20231115,437,23,14,1,25.06864,121.5107,8
500103004,20231115,438,23,15,1,25.06864,121.5107,7
500103004,20231115,439,23,15,1,25.06864,121.5107,7
500103004,20231115,441,23,15,1,25.06864,121.5107,7
500103004,20231115,442,23,15,1,25.06864,121.5107,7
500103004,20231115,443,23,15,1,25.06864,121.5107,7
500103004,20231115,444,23,15,1,25.06864,121.5107,7
500103004,20231115,445,23,15,1,25.06864,121.5107,7
500103004,20231115,446,23,15,1,25.06864,121.5107,7
500103004,20231115,447,23,15,1,25.06864,121.5107,7
500103004,20231115,448,23,15,1,25.06864,121.5107,7
500103004,20231115,449,23,15,1,25.06864,121.5107,7
500103004,20231115,451,23,16,1,25.06864,121.5107,6
500103004,20231115,452,23,16,1,25.06864,121.5107,6
500103004,20231115,453,23,17,1,25.06864,121.5107,5
500103004,20231115,454,23,14,1,25.06864,121.5107,8
500103004,20231115,455,23,14,1,25.06864,121.5107,8
500103004,20231115,456,23,14,1,25.06864,121.5107,8
500103004,20231115,457,23,14,1,25.06864,121.5107,8
500103004,20231115,458,23,15,1,25.06864,121.5107,7
500103004,20231115,459,23,15,1,25.06864,121.5107,7
500103004,20231115,460,23,15,1,25.06864,121.5107,7
500103004,20231115,461,23,15,1,25.06864,121.5107,7
500103004,20231115,462,23,15,1,25.06864,121.5107,7
500103004,20231115,463,23,17,1,25.06864,121.5107,5
500103004,20231115,464,23,18,1,25.06864,121.5107,4
500103004,20231115,465,23,18,1,25.06864,121.5107,4
500103004,20231115,466,23,18,1,25.06864,121.5107,4
500103004,20231115,467,23,19,1,25.06864,121.5107,3
500103004,20231115,468,23,19,1,25.06864,121.5107,3
500103004,20231115,469,23,19,1,25.06864,121.5107,3
500103004,20231115,470,23,19,1,25.06864,121.5107,3
500103004,20231115,471,23,20,1,25.06864,121.5107,2
500103004,20231115,472,23,21,1,25.06864,121.5107,1
500103004,20231115,473,23,21,1,25.06864,121.5107,1
500103004,20231115,474,23,22,1,25.06864,121.5107,0
500103004,20231115,475,23,22,1,25.06864,121.5107,0
500103004,20231115,476,23,22,1,25.06864,121.5107,0
500103004,20231115,477,23,22,1,25.06864,121.5107,0
500103004,20231115,478,23,22,1,25.06864,121.5107,0
500103004,20231115,479,23,22,1,25.06864,121.5107,0
500103004,20231115,481,23,21,1,25.06864,121.5107,1
500103004,20231115,482,23,22,1,25.06864,121.5107,0
500103004,20231115,483,23,22,1,25.06864,121.5107,0
500103004,20231115,484,23,22,1,25.06864,121.5107,0
500103004,20231115,485,23,22,1,25.06864,121.5107,0
500103004,20231115,486,23,22,1,25.06864,121.5107,0
500103004,20231115,487,23,22,1,25.06864,121.5107,0
500103004,20231115,488,23,22,1,25.06864,121.5107,0
500103004,20231115,489,23,22,1,25.06864,121.5107,0
500103004,20231115,490,23,22,1,25.06864,121.5107,0
500103004,20231115,491,23,21,1,25.06864,121.5107,1
500103004,20231115,492,23,21,1,25.06864,121.5107,1
500103004,20231115,493,23,22,1,25.06864,121.5107,0
500103004,20231115,494,23,22,1,25.06864,121.5107,0
500103004,20231115,495,23,22,1,25.06864,121.5107,0
500103004,20231115,496,23,22,1,25.06864,121.5107,0
500103004,20231115,497,23,22,1,25.06864,121.5107,0
500103004,20231115,498,23,22,1,25.06864,121.5107,0
500103004,20231115,499,23,22,1,25.06864,121.5107,0
500103004,20231115,501,23,22,1,25.06864,121.5107,0
500103004,20231115,502,23,22,1,25.06864,121.5107,0
500103004,20231115,503,23,21,1,25.06864,121.5107,1
500103004,20231115,504,23,22,1,25.06864,121.5107,0
500103004,20231115,505,23,22,1,25.06864,121.5107,0
500103004,20231115,506,23,21,1,25.06864,121.5107,1
500103004,20231115,507,23,21,1,25.06864,121.5107,1
500103004,20231115,508,23,20,1,25.06864,121.5107,2
500103004,20231115,509,23,22,1,25.06864,121.5107,0
500103004,20231115,511,23,22,1,25.06864,121.5107,0
500103004,20231115,512,23,21,1,25.06864,121.5107,1
500103004,20231115,513,23,21,1,25.06864,121.5107,1
500103004,20231115,514,23,22,1,25.06864,121.5107,0
500103004,20231115,515,23,22,1,25.06864,121.5107,0
500103004,20231115,516,23,22,1,25.06864,121.5107,0
500103004,20231115,518,23,22,1,25.06864,121.5107,0
500103004,20231115,519,23,22,1,25.06864,121.5107,0
500103004,20231115,521,23,22,1,25.06864,121.5107,0
500103004,20231115,522,23,22,1,25.06864,121.5107,0
500103004,20231115,523,23,22,1,25.06864,121.5107,0
500103004,20231115,524,23,22,1,25.06864,121.5107,0
500103004,20231115,525,23,22,1,25.06864,121.5107,0
500103004,20231115,526,23,21,1,25.06864,121.5107,1
500103004,20231115,527,23,21,1,25.06864,121.5107,1
500103004,20231115,528,23,21,1,25.06864,121.5107,1
500103004,20231115,529,23,21,1,25.06864,121.5107,2
500103004,20231115,530,23,23,1,25.06864,121.5107,0
500103004,20231115,531,23,23,1,25.06864,121.5107,0
500103004,20231115,532,23,23,1,25.06864,121.5107,0
500103004,20231115,533,23,23,1,25.06864,121.5107,0
500103004,20231115,534,23,23,1,25.06864,121.5107,0
500103004,20231115,535,23,23,1,25.06864,121.5107,0
500103004,20231115,536,23,23,1,25.06864,121.5107,0
500103004,20231115,537,23,23,1,25.06864,121.5107,0
500103004,20231115,538,23,23,1,25.06864,121.5107,0
500103004,20231115,539,23,23,1,25.06864,121.5107,0
500103004,20231115,541,23,23,1,25.06864,121.5107,0
500103004,20231115,542,23,23,1,25.06864,121.5107,0
500103004,20231115,543,23,23,1,25.06864,121.5107,0
500103004,20231115,544,23,23,1,25.06864,121.5107,0
500103004,20231115,545,23,23,1,25.06864,121.5107,0
500103004,20231115,546,23,23,1,25.06864,121.5107,0
500103004,20231115,547,23,23,1,25.06864,121.5107,0
500103004,20231115,548,23,23,1,25.06864,121.5107,0
500103004,20231115,549,23,22,1,25.06864,121.5107,1
500103004,20231115,550,23,22,1,25.06864,121.5107,1
500103004,20231115,551,23,23,1,25.06864,121.5107,0
500103004,20231115,552,23,22,1,25.06864,121.5107,1
500103004,20231115,553,23,22,1,25.06864,121.5107,1
500103004,20231115,554,23,23,1,25.06864,121.5107,0
500103004,20231115,555,23,23,1,25.06864,121.5107,0
500103004,20231115,556,23,23,1,25.06864,121.5107,0
500103004,20231115,557,23,23,1,25.06864,121.5107,0
500103004,20231115,558,23,23,1,25.06864,121.5107,0
500103004,20231115,559,23,23,1,25.06864,121.5107,0
500103004,20231115,561,23,23,1,25.06864,121.5107,0
500103004,20231115,562,23,23,1,25.06864,121.5107,0
500103004,20231115,563,23,23,1,25.06864,121.5107,0
500103004,20231115,564,23,23,1,25.06864,121.5107,0
500103004,20231115,565,23,23,1,25.06864,121.5107,0
500103004,20231115,566,23,23,1,25.06864,121.5107,0
500103004,20231115,567,23,23,1,25.06864,121.5107,0
500103004,20231115,568,23,23,1,25.06864,121.5107,0
500103004,20231115,569,23,23,1,25.06864,121.5107,0
500103004,20231115,571,23,23,1,25.06864,121.5107,0
500103004,20231115,572,23,23,1,25.06864,121.5107,0
500103004,20231115,573,23,23,1,25.06864,121.5107,0
500103004,20231115,574,23,23,1,25.06864,121.5107,0
500103004,20231115,575,23,23,1,25.06864,121.5107,0
500103004,20231115,576,23,23,1,25.06864,121.5107,0
500103004,20231115,577,23,23,1,25.06864,121.5107,0
500103004,20231115,578,23,23,1,25.06864,121.5107,0
500103004,20231115,579,23,23,1,25.06864,121.5107,0
500103004,20231115,581,23,23,1,25.06864,121.5107,0
500103004,20231115,582,23,23,1,25.06864,121.5107,0
500103004,20231115,583,23,23,1,25.06864,121.5107,0
500103004,20231115,584,23,23,1,25.06864,121.5107,0
500103004,20231115,585,23,23,1,25.06864,121.5107,0
500103004,20231115,586,23,23,1,25.06864,121.5107,0
500103004,20231115,587,23,23,1,25.06864,121.5107,0
500103004,20231115,588,23,23,1,25.06864,121.5107,0
500103004,20231115,589,23,23,1,25.06864,121.5107,0
500103004,20231115,590,23,23,1,25.06864,121.5107,0
500103004,20231115,591,23,23,1,25.06864,121.5107,0
500103004,20231115,592,23,23,1,25.06864,121.5107,0
500103004,20231115,593,23,23,1,25.06864,121.5107,0
500103004,20231115,594,23,23,1,25.06864,121.5107,0
500103004,20231115,595,23,23,1,25.06864,121.5107,0
500103004,20231115,596,23,23,1,25.06864,121.5107,0
500103004,20231115,597,23,23,1,25.06864,121.5107,0
500103004,20231115,598,23,23,1,25.06864,121.5107,0
500103004,20231115,599,23,23,1,25.06864,121.5107,0
500103004,20231115,601,23,23,1,25.06864,121.5107,0
500103004,20231115,602,23,23,1,25.06864,121.5107,0
500103004,20231115,603,23,23,1,25.06864,121.5107,0
500103004,20231115,604,23,23,1,25.06864,121.5107,0
500103004,20231115,605,23,23,1,25.06864,121.5107,0
500103004,20231115,606,23,23,1,25.06864,121.5107,0
500103004,20231115,607,23,23,1,25.06864,121.5107,0
500103004,20231115,608,23,23,1,25.06864,121.5107,0
500103004,20231115,609,23,23,1,25.06864,121.5107,0
500103004,20231115,610,23,23,1,25.06864,121.5107,0
500103004,20231115,611,23,23,1,25.06864,121.5107,0
500103004,20231115,612,23,22,1,25.06864,121.5107,1
500103004,20231115,613,23,23,1,25.06864,121.5107,0
500103004,20231115,614,23,23,1,25.06864,121.5107,0
500103004,20231115,615,23,23,1,25.06864,121.5107,0
500103004,20231115,616,23,22,1,25.06864,121.5107,1
500103004,20231115,617,23,23,1,25.06864,121.5107,0
500103004,20231115,618,23,23,1,25.06864,121.5107,0
500103004,20231115,619,23,23,1,25.06864,121.5107,0
500103004,20231115,621,23,23,1,25.06864,121.5107,0
500103004,20231115,622,23,23,1,25.06864,121.5107,0
500103004,20231115,623,23,23,1,25.06864,121.5107,0
500103004,20231115,624,23,23,1,25.06864,121.5107,0
500103004,20231115,625,23,23,1,25.06864,121.5107,0
500103004,20231115,626,23,23,1,25.06864,121.5107,0
500103004,20231115,627,23,23,1,25.06864,121.5107,0
500103004,20231115,628,23,23,1,25.06864,121.5107,0
500103004,20231115,629,23,23,1,25.06864,121.5107,0
500103004,20231115,631,23,23,1,25.06864,121.5107,0
500103004,20231115,632,23,23,1,25.06864,121.5107,0
500103004,20231115,633,23,23,1,25.06864,121.5107,0
500103004,20231115,634,23,23,1,25.06864,121.5107,0
500103004,20231115,635,23,23,1,25.06864,121.5107,0
500103004,20231115,636,23,23,1,25.06864,121.5107,0
500103004,20231115,637,23,23,1,25.06864,121.5107,0
500103004,20231115,638,23,23,1,25.06864,121.5107,0
500103004,20231115,639,23,23,1,25.06864,121.5107,0
500103004,20231115,640,23,23,1,25.06864,121.5107,0
500103004,20231115,641,23,23,1,25.06864,121.5107,0
500103004,20231115,642,23,23,1,25.06864,121.5107,0
500103004,20231115,643,23,23,1,25.06864,121.5107,0
500103004,20231115,644,23,23,1,25.06864,121.5107,0
500103004,20231115,645,23,23,1,25.06864,121.5107,0
500103004,20231115,646,23,23,1,25.06864,121.5107,0
500103004,20231115,647,23,23,1,25.06864,121.5107,0
500103004,20231115,648,23,23,1,25.06864,121.5107,0
500103004,20231115,649,23,23,1,25.06864,121.5107,0
500103004,20231115,650,23,23,1,25.06864,121.5107,0
500103004,20231115,651,23,23,1,25.06864,121.5107,0
500103004,20231115,652,23,22,1,25.06864,121.5107,1
500103004,20231115,653,23,22,1,25.06864,121.5107,1
500103004,20231115,654,23,22,1,25.06864,121.5107,1
500103004,20231115,655,23,22,1,25.06864,121.5107,1
500103004,20231115,656,23,22,1,25.06864,121.5107,1
500103004,20231115,657,23,22,1,25.06864,121.5107,1
500103004,20231115,658,23,22,1,25.06864,121.5107,1
500103004,20231115,659,23,23,1,25.06864,121.5107,0
500103004,20231115,661,23,23,1,25.06864,121.5107,0
500103004,20231115,662,23,23,1,25.06864,121.5107,0
500103004,20231115,663,23,23,1,25.06864,121.5107,0
500103004,20231115,664,23,23,1,25.06864,121.5107,0
500103004,20231115,665,23,23,1,25.06864,121.5107,0
500103004,20231115,666,23,22,1,25.06864,121.5107,1
500103004,20231115,667,23,23,1,25.06864,121.5107,0
500103004,20231115,668,23,23,1,25.06864,121.5107,0
500103004,20231115,669,23,23,1,25.06864,121.5107,0
500103004,20231115,670,23,23,1,25.06864,121.5107,0
500103004,20231115,671,23,23,1,25.06864,121.5107,0
500103004,20231115,672,23,23,1,25.06864,121.5107,0
500103004,20231115,673,23,23,1,25.06864,121.5107,0
500103004,20231115,674,23,23,1,25.06864,121.5107,0
500103004,20231115,675,23,23,1,25.06864,121.5107,0
500103004,20231115,676,23,23,1,25.06864,121.5107,0
500103004,20231115,677,23,23,1,25.06864,121.5107,0
500103004,20231115,678,23,23,1,25.06864,121.5107,0
500103004,20231115,679,23,23,1,25.06864,121.5107,0
500103004,20231115,681,23,23,1,25.06864,121.5107,0
500103004,20231115,682,23,22,1,25.06864,121.5107,1
500103004,20231115,683,23,22,1,25.06864,121.5107,1
500103004,20231115,684,23,22,1,25.06864,121.5107,1
500103004,20231115,685,23,22,1,25.06864,121.5107,1
500103004,20231115,686,23,22,1,25.06864,121.5107,1
500103004,20231115,687,23,22,1,25.06864,121.5107,1
500103004,20231115,688,23,22,1,25.06864,121.5107,1
500103004,20231115,689,23,22,1,25.06864,121.5107,1
500103004,20231115,690,23,22,1,25.06864,121.5107,1
500103004,20231115,691,23,22,1,25.06864,121.5107,1
500103004,20231115,692,23,22,1,25.06864,121.5107,1
500103004,20231115,693,23,22,1,25.06864,121.5107,1
500103004,20231115,694,23,22,1,25.06864,121.5107,1
500103004,20231115,695,23,22,1,25.06864,121.5107,1
500103004,20231115,696,23,22,1,25.06864,121.5107,1
500103004,20231115,697,23,22,1,25.06864,121.5107,1
500103004,20231115,698,23,22,1,25.06864,121.5107,1
500103004,20231115,699,23,22,1,25.06864,121.5107,1
500103004,20231115,700,23,22,1,25.06864,121.5107,1
500103004,20231115,701,23,22,1,25.06864,121.5107,1
500103004,20231115,702,23,22,1,25.06864,121.5107,1
500103004,20231115,703,23,22,1,25.06864,121.5107,1
500103004,20231115,704,23,22,1,25.06864,121.5107,1
500103004,20231115,705,23,22,1,25.06864,121.5107,1
500103004,20231115,706,23,22,1,25.06864,121.5107,1
500103004,20231115,707,23,22,1,25.06864,121.5107,1
500103004,20231115,708,23,22,1,25.06864,121.5107,1
500103004,20231115,709,23,22,1,25.06864,121.5107,1
500103004,20231115,711,23,22,1,25.06864,121.5107,1
500103004,20231115,712,23,20,1,25.06864,121.5107,3
500103004,20231115,713,23,20,1,25.06864,121.5107,3
500103004,20231115,714,23,20,1,25.06864,121.5107,3
500103004,20231115,715,23,20,1,25.06864,121.5107,3
500103004,20231115,716,23,20,1,25.06864,121.5107,3
500103004,20231115,717,23,20,1,25.06864,121.5107,3
500103004,20231115,718,23,20,1,25.06864,121.5107,3
500103004,20231115,719,23,20,1,25.06864,121.5107,3
500103004,20231115,721,23,20,1,25.06864,121.5107,3
500103004,20231115,722,23,20,1,25.06864,121.5107,3
500103004,20231115,723,23,20,1,25.06864,121.5107,3
500103004,20231115,724,23,20,1,25.06864,121.5107,3
500103004,20231115,725,23,20,1,25.06864,121.5107,3
500103004,20231115,726,23,20,1,25.06864,121.5107,3
500103004,20231115,727,23,20,1,25.06864,121.5107,3
500103004,20231115,728,23,20,1,25.06864,121.5107,3
500103004,20231115,729,23,20,1,25.06864,121.5107,3
500103004,20231115,730,23,20,1,25.06864,121.5107,3
500103004,20231115,731,23,19,1,25.06864,121.5107,4
500103004,20231115,732,23,19,1,25.06864,121.5107,4
500103004,20231115,733,23,19,1,25.06864,121.5107,4
500103004,20231115,734,23,19,1,25.06864,121.5107,4
500103004,20231115,735,23,19,1,25.06864,121.5107,4
500103004,20231115,736,23,19,1,25.06864,121.5107,4
500103004,20231115,737,23,19,1,25.06864,121.5107,4
500103004,20231115,738,23,19,1,25.06864,121.5107,4
500103004,20231115,739,23,19,1,25.06864,121.5107,4
500103004,20231115,741,23,19,1,25.06864,121.5107,4
500103004,20231115,742,23,19,1,25.06864,121.5107,4
500103004,20231115,743,23,19,1,25.06864,121.5107,4
500103004,20231115,744,23,19,1,25.06864,121.5107,4
500103004,20231115,745,23,19,1,25.06864,121.5107,4
500103004,20231115,746,23,19,1,25.06864,121.5107,4
500103004,20231115,747,23,20,1,25.06864,121.5107,3
500103004,20231115,748,23,21,1,25.06864,121.5107,2
500103004,20231115,749,23,21,1,25.06864,121.5107,2
500103004,20231115,751,23,21,1,25.06864,121.5107,2
500103004,20231115,752,23,21,1,25.06864,121.5107,2
500103004,20231115,753,23,21,1,25.06864,121.5107,2
500103004,20231115,754,23,21,1,25.06864,121.5107,2
500103004,20231115,756,23,21,1,25.06864,121.5107,2
500103004,20231115,758,23,21,1,25.06864,121.5107,2
500103004,20231115,759,23,21,1,25.06864,121.5107,2
500103004,20231115,761,23,20,1,25.06864,121.5107,3
500103004,20231115,762,23,20,1,25.06864,121.5107,3
500103004,20231115,764,23,20,1,25.06864,121.5107,3
500103004,20231115,766,23,20,1,25.06864,121.5107,3
500103004,20231115,768,23,20,1,25.06864,121.5107,3
500103004,20231115,769,23,20,1,25.06864,121.5107,3
500103004,20231115,771,23,18,1,25.06864,121.5107,5
500103004,20231115,772,23,18,1,25.06864,121.5107,5
500103004,20231115,774,23,18,1,25.06864,121.5107,5
500103004,20231115,776,23,18,1,25.06864,121.5107,5
500103004,20231115,777,23,18,1,25.06864,121.5107,5
500103004,20231115,778,23,18,1,25.06864,121.5107,5
500103004,20231115,779,23,18,1,25.06864,121.5107,5
500103004,20231115,781,23,20,1,25.06864,121.5107,3
500103004,20231115,782,23,20,1,25.06864,121.5107,3
500103004,20231115,783,23,20,1,25.06864,121.5107,3
500103004,20231115,784,23,20,1,25.06864,121.5107,3
500103004,20231115,785,23,20,1,25.06864,121.5107,3
500103004,20231115,786,23,21,1,25.06864,121.5107,2
500103004,20231115,787,23,21,1,25.06864,121.5107,2
500103004,20231115,788,23,20,1,25.06864,121.5107,3
500103004,20231115,789,23,20,1,25.06864,121.5107,3
500103004,20231115,791,23,20,1,25.06864,121.5107,3
500103004,20231115,792,23,20,1,25.06864,121.5107,3
500103004,20231115,793,23,20,1,25.06864,121.5107,3
500103004,20231115,794,23,20,1,25.06864,121.5107,3
500103004,20231115,795,23,21,1,25.06864,121.5107,2
500103004,20231115,796,23,21,1,25.06864,121.5107,2
500103004,20231115,797,23,21,1,25.06864,121.5107,2
500103004,20231115,798,23,21,1,25.06864,121.5107,2
500103004,20231115,799,23,21,1,25.06864,121.5107,2
500103004,20231115,801,23,21,1,25.06864,121.5107,2
500103004,20231115,802,23,22,1,25.06864,121.5107,1
500103004,20231115,804,23,22,1,25.06864,121.5107,1
500103004,20231115,805,23,22,1,25.06864,121.5107,1
500103004,20231115,806,23,21,1,25.06864,121.5107,2
500103004,20231115,807,23,21,1,25.06864,121.5107,2
500103004,20231115,808,23,21,1,25.06864,121.5107,2
500103004,20231115,809,23,21,1,25.06864,121.5107,2
500103004,20231115,811,23,21,1,25.06864,121.5107,2
500103004,20231115,812,23,21,1,25.06864,121.5107,2
500103004,20231115,813,23,21,1,25.06864,121.5107,2
500103004,20231115,814,23,21,1,25.06864,121.5107,2
500103004,20231115,815,23,21,1,25.06864,121.5107,2
500103004,20231115,816,23,22,1,25.06864,121.5107,1
500103004,20231115,817,23,22,1,25.06864,121.5107,1
500103004,20231115,818,23,22,1,25.06864,121.5107,1
500103004,20231115,819,23,21,1,25.06864,121.5107,2
500103004,20231115,821,23,21,1,25.06864,121.5107,2
500103004,20231115,822,23,21,1,25.06864,121.5107,2
500103004,20231115,823,23,21,1,25.06864,121.5107,2
500103004,20231115,824,23,21,1,25.06864,121.5107,2
500103004,20231115,825,23,21,1,25.06864,121.5107,2
500103004,20231115,826,23,21,1,25.06864,121.5107,2
500103004,20231115,827,23,21,1,25.06864,121.5107,2
500103004,20231115,828,23,21,1,25.06864,121.5107,2
500103004,20231115,829,23,21,1,25.06864,121.5107,2
500103004,20231115,831,23,21,1,25.06864,121.5107,2
500103004,20231115,832,23,21,1,25.06864,121.5107,2
500103004,20231115,833,23,21,1,25.06864,121.5107,2
500103004,20231115,834,23,21,1,25.06864,121.5107,2
500103004,20231115,835,23,21,1,25.06864,121.5107,2
500103004,20231115,836,23,21,1,25.06864,121.5107,2
500103004,20231115,837,23,21,1,25.06864,121.5107,2
500103004,20231115,838,23,22,1,25.06864,121.5107,1
500103004,20231115,839,23,22,1,25.06864,121.5107,1
500103004,20231115,841,23,22,1,25.06864,121.5107,1
500103004,20231115,842,23,22,1,25.06864,121.5107,1
500103004,20231115,843,23,22,1,25.06864,121.5107,1
500103004,20231115,844,23,22,1,25.06864,121.5107,1
500103004,20231115,845,23,22,1,25.06864,121.5107,1
500103004,20231115,846,23,22,1,25.06864,121.5107,1
500103004,20231115,847,23,22,1,25.06864,121.5107,1
500103004,20231115,848,23,22,1,25.06864,121.5107,1
500103004,20231115,849,23,22,1,25.06864,121.5107,1
500103004,20231115,851,23,21,1,25.06864,121.5107,2
500103004,20231115,852,23,21,1,25.06864,121.5107,2
500103004,20231115,853,23,20,1,25.06864,121.5107,3
500103004,20231115,854,23,20,1,25.06864,121.5107,3
500103004,20231115,855,23,20,1,25.06864,121.5107,3
500103004,20231115,856,23,19,1,25.06864,121.5107,4
500103004,20231115,857,23,19,1,25.06864,121.5107,4
500103004,20231115,858,23,19,1,25.06864,121.5107,4
500103004,20231115,859,23,19,1,25.06864,121.5107,4
500103004,20231115,861,23,19,1,25.06864,121.5107,4
500103004,20231115,862,23,19,1,25.06864,121.5107,4
500103004,20231115,863,23,19,1,25.06864,121.5107,4
500103004,20231115,864,23,19,1,25.06864,121.5107,4
500103004,20231115,865,23,19,1,25.06864,121.5107,4
500103004,20231115,866,23,19,1,25.06864,121.5107,4
500103004,20231115,867,23,19,1,25.06864,121.5107,4
500103004,20231115,868,23,19,1,25.06864,121.5107,4
500103004,20231115,869,23,19,1,25.06864,121.5107,4
500103004,20231115,871,23,20,1,25.06864,121.5107,3
500103004,20231115,872,23,20,1,25.06864,121.5107,3
500103004,20231115,873,23,20,1,25.06864,121.5107,3
500103004,20231115,874,23,21,1,25.06864,121.5107,2
500103004,20231115,875,23,21,1,25.06864,121.5107,2
500103004,20231115,876,23,20,1,25.06864,121.5107,3
500103004,20231115,877,23,21,1,25.06864,121.5107,2
500103004,20231115,878,23,21,1,25.06864,121.5107,2
500103004,20231115,879,23,21,1,25.06864,121.5107,2
500103004,20231115,880,23,21,1,25.06864,121.5107,2
500103004,20231115,881,23,21,1,25.06864,121.5107,2
500103004,20231115,882,23,21,1,25.06864,121.5107,2
500103004,20231115,883,23,21,1,25.06864,121.5107,2
500103004,20231115,884,23,21,1,25.06864,121.5107,2
500103004,20231115,885,23,21,1,25.06864,121.5107,2
500103004,20231115,886,23,21,1,25.06864,121.5107,2
500103004,20231115,887,23,21,1,25.06864,121.5107,2
500103004,20231115,888,23,22,1,25.06864,121.5107,1
500103004,20231115,889,23,22,1,25.06864,121.5107,1
500103004,20231115,890,23,22,1,25.06864,121.5107,1
500103004,20231115,891,23,22,1,25.06864,121.5107,1
500103004,20231115,892,23,22,1,25.06864,121.5107,1
500103004,20231115,893,23,22,1,25.06864,121.5107,1
500103004,20231115,894,23,22,1,25.06864,121.5107,1
500103004,20231115,895,23,22,1,25.06864,121.5107,1
500103004,20231115,896,23,21,1,25.06864,121.5107,2
500103004,20231115,897,23,21,1,25.06864,121.5107,2
500103004,20231115,898,23,21,1,25.06864,121.5107,2
500103004,20231115,899,23,21,1,25.06864,121.5107,2
500103004,20231115,901,23,21,1,25.06864,121.5107,2
500103004,20231115,902,23,21,1,25.06864,121.5107,2
500103004,20231115,903,23,21,1,25.06864,121.5107,2
500103004,20231115,904,23,21,1,25.06864,121.5107,2
500103004,20231115,905,23,21,1,25.06864,121.5107,2
500103004,20231115,906,23,20,1,25.06864,121.5107,3
500103004,20231115,907,23,22,1,25.06864,121.5107,1
500103004,20231115,908,23,22,1,25.06864,121.5107,1
500103004,20231115,909,23,22,1,25.06864,121.5107,1
500103004,20231115,910,23,22,1,25.06864,121.5107,1
500103004,20231115,911,23,22,1,25.06864,121.5107,1
500103004,20231115,912,23,22,1,25.06864,121.5107,1
500103004,20231115,913,23,21,1,25.06864,121.5107,2
500103004,20231115,914,23,21,1,25.06864,121.5107,2
500103004,20231115,915,23,21,1,25.06864,121.5107,2
500103004,20231115,916,23,21,1,25.06864,121.5107,2
500103004,20231115,917,23,21,1,25.06864,121.5107,2
500103004,20231115,918,23,21,1,25.06864,121.5107,2
500103004,20231115,919,23,21,1,25.06864,121.5107,2
500103004,20231115,921,23,21,1,25.06864,121.5107,2
500103004,20231115,922,23,21,1,25.06864,121.5107,2
500103004,20231115,923,23,21,1,25.06864,121.5107,2
500103004,20231115,924,23,21,1,25.06864,121.5107,2
500103004,20231115,925,23,21,1,25.06864,121.5107,2
500103004,20231115,926,23,20,1,25.06864,121.5107,3
500103004,20231115,927,23,19,1,25.06864,121.5107,4
500103004,20231115,928,23,19,1,25.06864,121.5107,4
500103004,20231115,929,23,19,1,25.06864,121.5107,4
500103004,20231115,931,23,19,1,25.06864,121.5107,4
500103004,20231115,932,23,20,1,25.06864,121.5107,3
500103004,20231115,933,23,20,1,25.06864,121.5107,3
500103004,20231115,934,23,20,1,25.06864,121.5107,3
500103004,20231115,935,23,20,1,25.06864,121.5107,3
500103004,20231115,936,23,19,1,25.06864,121.5107,4
500103004,20231115,937,23,19,1,25.06864,121.5107,4
500103004,20231115,938,23,19,1,25.06864,121.5107,4
500103004,20231115,939,23,18,1,25.06864,121.5107,5
500103004,20231115,940,23,19,1,25.06864,121.5107,4
500103004,20231115,941,23,19,1,25.06864,121.5107,4
500103004,20231115,942,23,19,1,25.06864,121.5107,4
500103004,20231115,943,23,19,1,25.06864,121.5107,4
500103004,20231115,944,23,18,1,25.06864,121.5107,5
500103004,20231115,945,23,18,1,25.06864,121.5107,5
500103004,20231115,946,23,19,1,25.06864,121.5107,4
500103004,20231115,947,23,19,1,25.06864,121.5107,4
500103004,20231115,948,23,19,1,25.06864,121.5107,4
500103004,20231115,949,23,19,1,25.06864,121.5107,4
500103004,20231115,950,23,19,1,25.06864,121.5107,4
500103004,20231115,951,23,19,1,25.06864,121.5107,4
500103004,20231115,952,23,19,1,25.06864,121.5107,4
500103004,20231115,953,23,19,1,25.06864,121.5107,4
500103004,20231115,954,23,19,1,25.06864,121.5107,4
500103004,20231115,955,23,19,1,25.06864,121.5107,4
500103004,20231115,956,23,19,1,25.06864,121.5107,4
500103004,20231115,957,23,19,1,25.06864,121.5107,4
500103004,20231115,958,23,19,1,25.06864,121.5107,4
500103004,20231115,959,23,19,1,25.06864,121.5107,4
500103004,20231115,961,23,19,1,25.06864,121.5107,4
500103004,20231115,962,23,20,1,25.06864,121.5107,3
500103004,20231115,963,23,20,1,25.06864,121.5107,3
500103004,20231115,964,23,20,1,25.06864,121.5107,3
500103004,20231115,965,23,20,1,25.06864,121.5107,3
500103004,20231115,966,23,20,1,25.06864,121.5107,3
500103004,20231115,967,23,20,1,25.06864,121.5107,3
500103004,20231115,968,23,20,1,25.06864,121.5107,3
500103004,20231115,969,23,20,1,25.06864,121.5107,3
500103004,20231115,970,23,20,1,25.06864,121.5107,3
500103004,20231115,971,23,20,1,25.06864,121.5107,3
500103004,20231115,972,23,20,1,25.06864,121.5107,3
500103004,20231115,973,23,20,1,25.06864,121.5107,3
500103004,20231115,974,23,20,1,25.06864,121.5107,3
500103004,20231115,975,23,20,1,25.06864,121.5107,3
500103004,20231115,976,23,20,1,25.06864,121.5107,3
500103004,20231115,977,23,20,1,25.06864,121.5107,3
500103004,20231115,978,23,20,1,25.06864,121.5107,3
500103004,20231115,979,23,20,1,25.06864,121.5107,3
500103004,20231115,981,23,20,1,25.06864,121.5107,3
500103004,20231115,982,23,22,1,25.06864,121.5107,1
500103004,20231115,983,23,22,1,25.06864,121.5107,1
500103004,20231115,984,23,22,1,25.06864,121.5107,1
500103004,20231115,985,23,22,1,25.06864,121.5107,1
500103004,20231115,986,23,21,1,25.06864,121.5107,2
500103004,20231115,987,23,21,1,25.06864,121.5107,2
500103004,20231115,988,23,21,1,25.06864,121.5107,2
500103004,20231115,989,23,21,1,25.06864,121.5107,2
500103004,20231115,991,23,21,1,25.06864,121.5107,2
500103004,20231115,992,23,20,1,25.06864,121.5107,3
500103004,20231115,993,23,20,1,25.06864,121.5107,3
500103004,20231115,994,23,20,1,25.06864,121.5107,3
500103004,20231115,995,23,19,1,25.06864,121.5107,4
500103004,20231115,996,23,19,1,25.06864,121.5107,4
500103004,20231115,997,23,19,1,25.06864,121.5107,4
500103004,20231115,998,23,19,1,25.06864,121.5107,4
500103004,20231115,999,23,20,1,25.06864,121.5107,3
500103004,20231115,1000,23,20,1,25.06864,121.5107,3
500103004,20231115,1001,23,19,1,25.06864,121.5107,4
500103004,20231115,1002,23,18,1,25.06864,121.5107,5
500103004,20231115,1003,23,18,1,25.06864,121.5107,5
500103004,20231115,1004,23,18,1,25.06864,121.5107,5
500103004,20231115,1005,23,18,1,25.06864,121.5107,5
500103004,20231115,1006,23,18,1,25.06864,121.5107,5
500103004,20231115,1007,23,19,1,25.06864,121.5107,4
500103004,20231115,1008,23,19,1,25.06864,121.5107,4
500103004,20231115,1009,23,21,1,25.06864,121.5107,2
500103004,20231115,1010,23,21,1,25.06864,121.5107,2
500103004,20231115,1011,23,21,1,25.06864,121.5107,2
500103004,20231115,1012,23,19,1,25.06864,121.5107,4
500103004,20231115,1013,23,19,1,25.06864,121.5107,4
500103004,20231115,1014,23,19,1,25.06864,121.5107,4
500103004,20231115,1015,23,19,1,25.06864,121.5107,4
500103004,20231115,1016,23,19,1,25.06864,121.5107,4
500103004,20231115,1017,23,19,1,25.06864,121.5107,4
500103004,20231115,1018,23,19,1,25.06864,121.5107,4
500103004,20231115,1019,23,19,1,25.06864,121.5107,4
500103004,20231115,1021,23,19,1,25.06864,121.5107,4
500103004,20231115,1022,23,19,1,25.06864,121.5107,4
500103004,20231115,1024,23,19,1,25.06864,121.5107,4
500103004,20231115,1025,23,19,1,25.06864,121.5107,4
500103004,20231115,1026,23,18,1,25.06864,121.5107,5
500103004,20231115,1027,23,18,1,25.06864,121.5107,5
500103004,20231115,1029,23,19,1,25.06864,121.5107,4
500103004,20231115,1031,23,17,1,25.06864,121.5107,6
500103004,20231115,1032,23,17,1,25.06864,121.5107,6
500103004,20231115,1033,23,17,1,25.06864,121.5107,6
500103004,20231115,1034,23,17,1,25.06864,121.5107,6
500103004,20231115,1035,23,17,1,25.06864,121.5107,6
500103004,20231115,1036,23,17,1,25.06864,121.5107,6
500103004,20231115,1037,23,17,1,25.06864,121.5107,6
500103004,20231115,1038,23,17,1,25.06864,121.5107,6
500103004,20231115,1039,23,18,1,25.06864,121.5107,5
500103004,20231115,1041,23,18,1,25.06864,121.5107,5
500103004,20231115,1042,23,19,1,25.06864,121.5107,4
500103004,20231115,1043,23,18,1,25.06864,121.5107,5
500103004,20231115,1044,23,17,1,25.06864,121.5107,6
500103004,20231115,1045,23,18,1,25.06864,121.5107,5
500103004,20231115,1046,23,18,1,25.06864,121.5107,5
500103004,20231115,1047,23,17,1,25.06864,121.5107,6
500103004,20231115,1048,23,17,1,25.06864,121.5107,6
500103004,20231115,1049,23,17,1,25.06864,121.5107,6
500103004,20231115,1051,23,17,1,25.06864,121.5107,6
500103004,20231115,1052,23,17,1,25.06864,121.5107,6
500103004,20231115,1053,23,15,1,25.06864,121.5107,8
500103004,20231115,1054,23,15,1,25.06864,121.5107,8
500103004,20231115,1055,23,14,1,25.06864,121.5107,9
500103004,20231115,1056,23,14,1,25.06864,121.5107,9
500103004,20231115,1057,23,15,1,25.06864,121.5107,8
500103004,20231115,1058,23,14,1,25.06864,121.5107,9
500103004,20231115,1059,23,15,1,25.06864,121.5107,8
500103004,20231115,1061,23,14,1,25.06864,121.5107,9
500103004,20231115,1062,23,14,1,25.06864,121.5107,9
500103004,20231115,1063,23,13,1,25.06864,121.5107,10
500103004,20231115,1064,23,13,1,25.06864,121.5107,10
500103004,20231115,1065,23,12,1,25.06864,121.5107,11
500103004,20231115,1066,23,11,1,25.06864,121.5107,12
500103004,20231115,1067,23,11,1,25.06864,121.5107,12
500103004,20231115,1068,23,11,1,25.06864,121.5107,12
500103004,20231115,1069,23,10,1,25.06864,121.5107,13
500103004,20231115,1071,23,9,1,25.06864,121.5107,14
500103004,20231115,1072,23,9,1,25.06864,121.5107,14
500103004,20231115,1073,23,9,1,25.06864,121.5107,14
500103004,20231115,1074,23,9,1,25.06864,121.5107,14
500103004,20231115,1075,23,9,1,25.06864,121.5107,14
500103004,20231115,1076,23,10,1,25.06864,121.5107,13
500103004,20231115,1077,23,9,1,25.06864,121.5107,14
500103004,20231115,1078,23,8,1,25.06864,121.5107,15
500103004,20231115,1079,23,9,1,25.06864,121.5107,14
500103004,20231115,1081,23,9,1,25.06864,121.5107,14
500103004,20231115,1082,23,10,1,25.06864,121.5107,13
500103004,20231115,1083,23,8,1,25.06864,121.5107,15
500103004,20231115,1084,23,8,1,25.06864,121.5107,15
500103004,20231115,1085,23,8,1,25.06864,121.5107,15
500103004,20231115,1086,23,8,1,25.06864,121.5107,15
500103004,20231115,1088,23,9,1,25.06864,121.5107,14
500103004,20231115,1089,23,9,1,25.06864,121.5107,14
500103004,20231115,1091,23,10,1,25.06864,121.5107,13
500103004,20231115,1092,23,10,1,25.06864,121.5107,13
500103004,20231115,1093,23,10,1,25.06864,121.5107,13
500103004,20231115,1094,23,11,1,25.06864,121.5107,12
500103004,20231115,1095,23,14,1,25.06864,121.5107,9
500103004,20231115,1096,23,20,1,25.06864,121.5107,3
500103004,20231115,1097,23,20,1,25.06864,121.5107,3
500103004,20231115,1098,23,20,1,25.06864,121.5107,3
500103004,20231115,1099,23,20,1,25.06864,121.5107,3
500103004,20231115,1101,23,19,1,25.06864,121.5107,4
500103004,20231115,1102,23,19,1,25.06864,121.5107,4
500103004,20231115,1103,23,19,1,25.06864,121.5107,4
500103004,20231115,1104,23,18,1,25.06864,121.5107,5
500103004,20231115,1105,23,17,1,25.06864,121.5107,6
500103004,20231115,1106,23,17,1,25.06864,121.5107,6
500103004,20231115,1107,23,17,1,25.06864,121.5107,6
500103004,20231115,1108,23,16,1,25.06864,121.5107,7
500103004,20231115,1109,23,16,1,25.06864,121.5107,7
500103004,20231115,1111,23,17,1,25.06864,121.5107,6
500103004,20231115,1112,23,17,1,25.06864,121.5107,6
500103004,20231115,1113,23,17,1,25.06864,121.5107,6
500103004,20231115,1114,23,16,1,25.06864,121.5107,7
500103004,20231115,1115,23,15,1,25.06864,121.5107,8
500103004,20231115,1116,23,13,1,25.06864,121.5107,10
500103004,20231115,1117,23,13,1,25.06864,121.5107,10
500103004,20231115,1118,23,13,1,25.06864,121.5107,10
500103004,20231115,1119,23,13,1,25.06864,121.5107,10
500103004,20231115,1121,23,13,1,25.06864,121.5107,10
500103004,20231115,1122,23,12,1,25.06864,121.5107,11
500103004,20231115,1123,23,12,1,25.06864,121.5107,11
500103004,20231115,1124,23,12,1,25.06864,121.5107,11
500103004,20231115,1125,23,12,1,25.06864,121.5107,11
500103004,20231115,1126,23,12,1,25.06864,121.5107,11
500103004,20231115,1127,23,13,1,25.06864,121.5107,10
500103004,20231115,1128,23,12,1,25.06864,121.5107,11
500103004,20231115,1129,23,13,1,25.06864,121.5107,10
500103004,20231115,1131,23,13,1,25.06864,121.5107,10
500103004,20231115,1132,23,13,1,25.06864,121.5107,10
500103004,20231115,1133,23,10,1,25.06864,121.5107,13
500103004,20231115,1134,23,9,1,25.06864,121.5107,14
500103004,20231115,1135,23,9,1,25.06864,121.5107,14
500103004,20231115,1136,23,7,1,25.06864,121.5107,16
500103004,20231115,1137,23,7,1,25.06864,121.5107,16
500103004,20231115,1138,23,6,1,25.06864,121.5107,17
500103004,20231115,1139,23,6,1,25.06864,121.5107,17
500103004,20231115,1141,23,6,1,25.06864,121.5107,17
500103004,20231115,1142,23,6,1,25.06864,121.5107,17
500103004,20231115,1143,23,6,1,25.06864,121.5107,17
500103004,20231115,1144,23,6,1,25.06864,121.5107,17
500103004,20231115,1145,23,6,1,25.06864,121.5107,17
500103004,20231115,1146,23,6,1,25.06864,121.5107,17
500103004,20231115,1147,23,6,1,25.06864,121.5107,17
500103004,20231115,1148,23,6,1,25.06864,121.5107,17
500103004,20231115,1149,23,6,1,25.06864,121.5107,17
500103004,20231115,1150,23,6,1,25.06864,121.5107,17
500103004,20231115,1151,23,6,1,25.06864,121.5107,17
500103004,20231115,1152,23,6,1,25.06864,121.5107,17
500103004,20231115,1153,23,6,1,25.06864,121.5107,17
500103004,20231115,1154,23,6,1,25.06864,121.5107,17
500103004,20231115,1155,23,6,1,25.06864,121.5107,17
500103004,20231115,1156,23,10,1,25.06864,121.5107,13
500103004,20231115,1157,23,10,1,25.06864,121.5107,13
500103004,20231115,1158,23,18,1,25.06864,121.5107,5
500103004,20231115,1159,23,18,1,25.06864,121.5107,5
500103004,20231115,1161,23,18,1,25.06864,121.5107,5
500103004,20231115,1162,23,19,1,25.06864,121.5107,4
500103004,20231115,1163,23,19,1,25.06864,121.5107,4
500103004,20231115,1164,23,18,1,25.06864,121.5107,5
500103004,20231115,1165,23,18,1,25.06864,121.5107,5
500103004,20231115,1166,23,19,1,25.06864,121.5107,4
500103004,20231115,1167,23,18,1,25.06864,121.5107,5
500103004,20231115,1168,23,18,1,25.06864,121.5107,5
500103004,20231115,1169,23,18,1,25.06864,121.5107,5
500103004,20231115,1171,23,18,1,25.06864,121.5107,5
500103004,20231115,1172,23,18,1,25.06864,121.5107,5
500103004,20231115,1173,23,18,1,25.06864,121.5107,5
500103004,20231115,1174,23,18,1,25.06864,121.5107,5
500103004,20231115,1175,23,18,1,25.06864,121.5107,5
500103004,20231115,1176,23,18,1,25.06864,121.5107,5
500103004,20231115,1177,23,19,1,25.06864,121.5107,4
500103004,20231115,1178,23,19,1,25.06864,121.5107,4
500103004,20231115,1179,23,19,1,25.06864,121.5107,4
500103004,20231115,1180,23,19,1,25.06864,121.5107,4
500103004,20231115,1181,23,20,1,25.06864,121.5107,3
500103004,20231115,1182,23,20,1,25.06864,121.5107,3
500103004,20231115,1183,23,20,1,25.06864,121.5107,3
500103004,20231115,1184,23,20,1,25.06864,121.5107,3
500103004,20231115,1185,23,20,1,25.06864,121.5107,3
500103004,20231115,1186,23,20,1,25.06864,121.5107,3
500103004,20231115,1187,23,20,1,25.06864,121.5107,3
500103004,20231115,1188,23,20,1,25.06864,121.5107,3
500103004,20231115,1189,23,21,1,25.06864,121.5107,2
500103004,20231115,1190,23,21,1,25.06864,121.5107,2
500103004,20231115,1191,23,21,1,25.06864,121.5107,2
500103004,20231115,1192,23,20,1,25.06864,121.5107,3
500103004,20231115,1193,23,20,1,25.06864,121.5107,3
500103004,20231115,1194,23,21,1,25.06864,121.5107,2
500103004,20231115,1195,23,21,1,25.06864,121.5107,2
500103004,20231115,1196,23,22,1,25.06864,121.5107,1
500103004,20231115,1197,23,22,1,25.06864,121.5107,1
500103004,20231115,1198,23,22,1,25.06864,121.5107,1
500103004,20231115,1199,23,22,1,25.06864,121.5107,1
500103004,20231115,1201,23,22,1,25.06864,121.5107,1
500103004,20231115,1202,23,22,1,25.06864,121.5107,1
500103004,20231115,1203,23,23,1,25.06864,121.5107,0
500103004,20231115,1204,23,23,1,25.06864,121.5107,0
500103004,20231115,1205,23,23,1,25.06864,121.5107,0
500103004,20231115,1206,23,23,1,25.06864,121.5107,0
500103004,20231115,1207,23,23,1,25.06864,121.5107,0
500103004,20231115,1208,23,23,1,25.06864,121.5107,0
500103004,20231115,1209,23,23,1,25.06864,121.5107,0
500103004,20231115,1210,23,23,1,25.06864,121.5107,0
500103004,20231115,1211,23,23,1,25.06864,121.5107,0
500103004,20231115,1212,23,23,1,25.06864,121.5107,0
500103004,20231115,1213,23,23,1,25.06864,121.5107,0
500103004,20231115,1214,23,23,1,25.06864,121.5107,0
500103004,20231115,1215,23,23,1,25.06864,121.5107,0
500103004,20231115,1216,23,23,1,25.06864,121.5107,0
500103004,20231115,1217,23,23,1,25.06864,121.5107,0
500103004,20231115,1218,23,23,1,25.06864,121.5107,0
500103004,20231115,1219,23,23,1,25.06864,121.5107,0
500103004,20231115,1221,23,22,1,25.06864,121.5107,1
500103004,20231115,1222,23,22,1,25.06864,121.5107,1
500103004,20231115,1223,23,22,1,25.06864,121.5107,1
500103004,20231115,1224,23,22,1,25.06864,121.5107,1
500103004,20231115,1225,23,21,1,25.06864,121.5107,2
500103004,20231115,1226,23,21,1,25.06864,121.5107,2
500103004,20231115,1227,23,20,1,25.06864,121.5107,3
500103004,20231115,1228,23,20,1,25.06864,121.5107,3
500103004,20231115,1229,23,18,1,25.06864,121.5107,5
500103004,20231115,1231,23,18,1,25.06864,121.5107,5
500103004,20231115,1232,23,18,1,25.06864,121.5107,5
500103004,20231115,1233,23,17,1,25.06864,121.5107,6
500103004,20231115,1234,23,16,1,25.06864,121.5107,7
500103004,20231115,1235,23,17,1,25.06864,121.5107,6
500103004,20231115,1236,23,17,1,25.06864,121.5107,6
500103004,20231115,1237,23,17,1,25.06864,121.5107,6
500103004,20231115,1238,23,17,1,25.06864,121.5107,6
500103004,20231115,1239,23,17,1,25.06864,121.5107,6
500103004,20231115,1240,23,18,1,25.06864,121.5107,5
500103004,20231115,1241,23,19,1,25.06864,121.5107,4
500103004,20231115,1242,23,18,1,25.06864,121.5107,5
500103004,20231115,1243,23,17,1,25.06864,121.5107,6
500103004,20231115,1244,23,17,1,25.06864,121.5107,6
500103004,20231115,1245,23,16,1,25.06864,121.5107,7
500103004,20231115,1246,23,16,1,25.06864,121.5107,7
500103004,20231115,1247,23,18,1,25.06864,121.5107,5
500103004,20231115,1248,23,18,1,25.06864,121.5107,5
500103004,20231115,1249,23,18,1,25.06864,121.5107,5
500103004,20231115,1250,23,16,1,25.06864,121.5107,7
500103004,20231115,1251,23,16,1,25.06864,121.5107,7
500103004,20231115,1252,23,15,1,25.06864,121.5107,8
500103004,20231115,1253,23,15,1,25.06864,121.5107,8
500103004,20231115,1254,23,15,1,25.06864,121.5107,8
500103004,20231115,1255,23,15,1,25.06864,121.5107,8
500103004,20231115,1256,23,15,1,25.06864,121.5107,8
500103004,20231115,1257,23,15,1,25.06864,121.5107,8
500103004,20231115,1258,23,15,1,25.06864,121.5107,8
500103004,20231115,1259,23,15,1,25.06864,121.5107,8
500103004,20231115,1261,23,15,1,25.06864,121.5107,8
500103004,20231115,1262,23,13,1,25.06864,121.5107,10
500103004,20231115,1263,23,14,1,25.06864,121.5107,9
500103004,20231115,1264,23,14,1,25.06864,121.5107,9
500103004,20231115,1265,23,14,1,25.06864,121.5107,9
500103004,20231115,1266,23,13,1,25.06864,121.5107,10
500103004,20231115,1267,23,14,1,25.06864,121.5107,9
500103004,20231115,1268,23,14,1,25.06864,121.5107,9
500103004,20231115,1269,23,14,1,25.06864,121.5107,9
500103004,20231115,1270,23,12,1,25.06864,121.5107,11
500103004,20231115,1271,23,13,1,25.06864,121.5107,10
500103004,20231115,1272,23,13,1,25.06864,121.5107,10
500103004,20231115,1273,23,13,1,25.06864,121.5107,10
500103004,20231115,1274,23,13,1,25.06864,121.5107,10
500103004,20231115,1275,23,13,1,25.06864,121.5107,10
500103004,20231115,1276,23,13,1,25.06864,121.5107,10
500103004,20231115,1277,23,13,1,25.06864,121.5107,10
500103004,20231115,1278,23,9,1,25.06864,121.5107,14
500103004,20231115,1279,23,9,1,25.06864,121.5107,14
500103004,20231115,1281,23,9,1,25.06864,121.5107,14
500103004,20231115,1283,23,9,1,25.06864,121.5107,14
500103004,20231115,1284,23,8,1,25.06864,121.5107,15
500103004,20231115,1285,23,8,1,25.06864,121.5107,15
500103004,20231115,1286,23,8,1,25.06864,121.5107,15
500103004,20231115,1287,23,8,1,25.06864,121.5107,15
500103004,20231115,1288,23,8,1,25.06864,121.5107,15
500103004,20231115,1289,23,8,1,25.06864,121.5107,15
500103004,20231115,1291,23,8,1,25.06864,121.5107,15
500103004,20231115,1292,23,8,1,25.06864,121.5107,15
500103004,20231115,1293,23,8,1,25.06864,121.5107,15
500103004,20231115,1294,23,9,1,25.06864,121.5107,14
500103004,20231115,1295,23,9,1,25.06864,121.5107,14
500103004,20231115,1296,23,9,1,25.06864,121.5107,14
500103004,20231115,1297,23,9,1,25.06864,121.5107,14
500103004,20231115,1298,23,9,1,25.06864,121.5107,14
500103004,20231115,1299,23,9,1,25.06864,121.5107,14
500103004,20231115,1301,23,8,1,25.06864,121.5107,15
500103004,20231115,1302,23,8,1,25.06864,121.5107,15
500103004,20231115,1303,23,8,1,25.06864,121.5107,15
500103004,20231115,1304,23,8,1,25.06864,121.5107,15
500103004,20231115,1305,23,8,1,25.06864,121.5107,15
500103004,20231115,1306,23,8,1,25.06864,121.5107,15
500103004,20231115,1307,23,8,1,25.06864,121.5107,15
500103004,20231115,1308,23,8,1,25.06864,121.5107,15
500103004,20231115,1309,23,8,1,25.06864,121.5107,15
500103004,20231115,1311,23,8,1,25.06864,121.5107,15
500103004,20231115,1312,23,8,1,25.06864,121.5107,15
500103004,20231115,1313,23,8,1,25.06864,121.5107,15
500103004,20231115,1314,23,8,1,25.06864,121.5107,15
500103004,20231115,1315,23,8,1,25.06864,121.5107,15
500103004,20231115,1316,23,8,1,25.06864,121.5107,15
500103004,20231115,1317,23,5,1,25.06864,121.5107,18
500103004,20231115,1318,23,5,1,25.06864,121.5107,18
500103004,20231115,1319,23,4,1,25.06864,121.5107,19
500103004,20231115,1321,23,4,1,25.06864,121.5107,19
500103004,20231115,1322,23,4,1,25.06864,121.5107,19
500103004,20231115,1323,23,3,1,25.06864,121.5107,20
500103004,20231115,1324,23,3,1,25.06864,121.5107,20
500103004,20231115,1325,23,3,1,25.06864,121.5107,20
500103004,20231115,1326,23,3,1,25.06864,121.5107,20
500103004,20231115,1327,23,4,1,25.06864,121.5107,19
500103004,20231115,1328,23,4,1,25.06864,121.5107,19
500103004,20231115,1329,23,5,1,25.06864,121.5107,18
500103004,20231115,1331,23,5,1,25.06864,121.5107,18
500103004,20231115,1332,23,5,1,25.06864,121.5107,18
500103004,20231115,1333,23,5,1,25.06864,121.5107,18
500103004,20231115,1334,23,4,1,25.06864,121.5107,19
500103004,20231115,1335,23,4,1,25.06864,121.5107,19
500103004,20231115,1336,23,5,1,25.06864,121.5107,18
500103004,20231115,1337,23,5,1,25.06864,121.5107,18
500103004,20231115,1338,23,6,1,25.06864,121.5107,17
500103004,20231115,1339,23,6,1,25.06864,121.5107,17
500103004,20231115,1341,23,6,1,25.06864,121.5107,17
500103004,20231115,1342,23,6,1,25.06864,121.5107,17
500103004,20231115,1343,23,6,1,25.06864,121.5107,17
500103004,20231115,1344,23,6,1,25.06864,121.5107,17
500103004,20231115,1345,23,5,1,25.06864,121.5107,18
500103004,20231115,1346,23,5,1,25.06864,121.5107,18
500103004,20231115,1347,23,5,1,25.06864,121.5107,18
500103004,20231115,1348,23,5,1,25.06864,121.5107,18
500103004,20231115,1349,23,5,1,25.06864,121.5107,18
500103004,20231115,1351,23,5,1,25.06864,121.5107,18
500103004,20231115,1352,23,4,1,25.06864,121.5107,19
500103004,20231115,1353,23,3,1,25.06864,121.5107,20
500103004,20231115,1354,23,3,1,25.06864,121.5107,20
500103004,20231115,1355,23,3,1,25.06864,121.5107,20
500103004,20231115,1356,23,3,1,25.06864,121.5107,20
500103004,20231115,1357,23,3,1,25.06864,121.5107,20
500103004,20231115,1358,23,3,1,25.06864,121.5107,20
500103004,20231115,1359,23,3,1,25.06864,121.5107,20
500103004,20231115,1361,23,3,1,25.06864,121.5107,20
500103004,20231115,1362,23,3,1,25.06864,121.5107,20
500103004,20231115,1363,23,2,1,25.06864,121.5107,21
500103004,20231115,1364,23,2,1,25.06864,121.5107,21
500103004,20231115,1365,23,2,1,25.06864,121.5107,21
500103004,20231115,1366,23,2,1,25.06864,121.5107,21
500103004,20231115,1367,23,2,1,25.06864,121.5107,21
500103004,20231115,1368,23,2,1,25.06864,121.5107,21
500103004,20231115,1369,23,2,1,25.06864,121.5107,21
500103004,20231115,1371,23,0,1,25.06864,121.5107,23
500103004,20231115,1372,23,0,1,25.06864,121.5107,23
500103004,20231115,1373,23,0,1,25.06864,121.5107,23
500103004,20231115,1374,23,0,1,25.06864,121.5107,23
500103004,20231115,1375,23,0,1,25.06864,121.5107,23
500103004,20231115,1376,23,0,1,25.06864,121.5107,23
500103004,20231115,1377,23,0,1,25.06864,121.5107,23
500103004,20231115,1378,23,0,1,25.06864,121.5107,23
500103004,20231115,1379,23,0,1,25.06864,121.5107,23
500103004,20231115,1381,23,0,1,25.06864,121.5107,23
500103004,20231115,1382,23,0,1,25.06864,121.5107,23
500103004,20231115,1383,23,0,1,25.06864,121.5107,23
500103004,20231115,1384,23,0,1,25.06864,121.5107,23
500103004,20231115,1385,23,0,1,25.06864,121.5107,23
500103004,20231115,1386,23,0,1,25.06864,121.5107,23
500103004,20231115,1387,23,0,1,25.06864,121.5107,23
500103004,20231115,1388,23,0,1,25.06864,121.5107,23
500103004,20231115,1389,23,0,1,25.06864,121.5107,23
500103004,20231115,1391,23,0,1,25.06864,121.5107,23
500103004,20231115,1392,23,0,1,25.06864,121.5107,23
500103004,20231115,1393,23,0,1,25.06864,121.5107,23
500103004,20231115,1394,23,0,1,25.06864,121.5107,23
500103004,20231115,1395,23,0,1,25.06864,121.5107,23
500103004,20231115,1396,23,0,1,25.06864,121.5107,23
500103004,20231115,1397,23,0,1,25.06864,121.5107,23
500103004,20231115,1398,23,0,1,25.06864,121.5107,23
500103004,20231115,1399,23,0,1,25.06864,121.5107,23
500103004,20231115,1401,23,0,1,25.06864,121.5107,23
500103004,20231115,1402,23,0,1,25.06864,121.5107,23
500103004,20231115,1403,23,0,1,25.06864,121.5107,23
500103004,20231115,1404,23,0,1,25.06864,121.5107,23
500103004,20231115,1405,23,0,1,25.06864,121.5107,23
500103004,20231115,1406,23,0,1,25.06864,121.5107,23
500103004,20231115,1407,23,0,1,25.06864,121.5107,23
500103004,20231115,1408,23,0,1,25.06864,121.5107,23
500103004,20231115,1409,23,0,1,25.06864,121.5107,23
500103004,20231115,1410,23,0,1,25.06864,121.5107,23
500103004,20231115,1411,23,0,1,25.06864,121.5107,23
500103004,20231115,1412,23,0,1,25.06864,121.5107,23
500103004,20231115,1413,23,0,1,25.06864,121.5107,23
500103004,20231115,1414,23,0,1,25.06864,121.5107,23
500103004,20231115,1415,23,0,1,25.06864,121.5107,23
500103004,20231115,1416,23,0,1,25.06864,121.5107,23
500103004,20231115,1417,23,0,1,25.06864,121.5107,23
500103004,20231115,1418,23,0,1,25.06864,121.5107,23
500103004,20231115,1419,23,0,1,25.06864,121.5107,23
500103004,20231115,1420,23,0,1,25.06864,121.5107,23
500103004,20231115,1421,23,0,1,25.06864,121.5107,23
500103004,20231115,1422,23,0,1,25.06864,121.5107,23
500103004,20231115,1423,23,0,1,25.06864,121.5107,23
500103004,20231115,1424,23,0,1,25.06864,121.5107,23
500103004,20231115,1425,23,0,1,25.06864,121.5107,23
500103004,20231115,1426,23,0,1,25.06864,121.5107,23
500103004,20231115,1427,23,0,1,25.06864,121.5107,23
500103004,20231115,1428,23,0,1,25.06864,121.5107,23
500103004,20231115,1429,23,0,1,25.06864,121.5107,23
500103004,20231115,1430,23,0,1,25.06864,121.5107,23
500103004,20231115,1431,23,0,1,25.06864,121.5107,23
500103004,20231115,1432,23,0,1,25.06864,121.5107,23
500103004,20231115,1433,23,0,1,25.06864,121.5107,23
500103004,20231115,1434,23,0,1,25.06864,121.5107,23
500103004,20231115,1435,23,0,1,25.06864,121.5107,23
500103004,20231115,1436,23,0,1,25.06864,121.5107,23
500103004,20231115,1437,23,0,1,25.06864,121.5107,23
500103004,20231115,1438,23,0,1,25.06864,121.5107,23
500103004,20231115,1439,23,0,1,25.06864,121.5107,23
500103004,20231116,1,23,0,1,25.06864,121.5107,23
500103004,20231116,2,23,0,1,25.06864,121.5107,23
500103004,20231116,3,23,0,1,25.06864,121.5107,23
500103004,20231116,4,23,0,1,25.06864,121.5107,23
500103004,20231116,5,23,0,1,25.06864,121.5107,23
500103004,20231116,6,23,0,1,25.06864,121.5107,23
500103004,20231116,7,23,0,1,25.06864,121.5107,23
500103004,20231116,8,23,0,1,25.06864,121.5107,23
500103004,20231116,9,23,0,1,25.06864,121.5107,23
500103004,20231116,10,23,0,1,25.06864,121.5107,23
500103004,20231116,11,23,0,1,25.06864,121.5107,23
500103004,20231116,12,23,0,1,25.06864,121.5107,23
500103004,20231116,13,23,2,1,25.06864,121.5107,21
500103004,20231116,14,23,2,1,25.06864,121.5107,21
500103004,20231116,15,23,2,1,25.06864,121.5107,21
500103004,20231116,16,23,2,1,25.06864,121.5107,21
500103004,20231116,17,23,2,1,25.06864,121.5107,21
500103004,20231116,18,23,2,1,25.06864,121.5107,21
500103004,20231116,19,23,2,1,25.06864,121.5107,21
500103004,20231116,21,23,2,1,25.06864,121.5107,21
500103004,20231116,22,23,2,1,25.06864,121.5107,21
500103004,20231116,23,23,2,1,25.06864,121.5107,21
500103004,20231116,24,23,1,1,25.06864,121.5107,22
500103004,20231116,25,23,1,1,25.06864,121.5107,22
500103004,20231116,26,23,1,1,25.06864,121.5107,22
500103004,20231116,27,23,1,1,25.06864,121.5107,22
500103004,20231116,28,23,1,1,25.06864,121.5107,22
500103004,20231116,29,23,1,1,25.06864,121.5107,22
500103004,20231116,30,23,1,1,25.06864,121.5107,22
500103004,20231116,31,23,1,1,25.06864,121.5107,22
500103004,20231116,32,23,1,1,25.06864,121.5107,22
500103004,20231116,33,23,1,1,25.06864,121.5107,22
500103004,20231116,34,23,1,1,25.06864,121.5107,22
500103004,20231116,35,23,1,1,25.06864,121.5107,22
500103004,20231116,36,23,1,1,25.06864,121.5107,22
500103004,20231116,37,23,1,1,25.06864,121.5107,22
500103004,20231116,38,23,1,1,25.06864,121.5107,22
500103004,20231116,39,23,1,1,25.06864,121.5107,22
500103004,20231116,40,23,1,1,25.06864,121.5107,22
500103004,20231116,41,23,1,1,25.06864,121.5107,22
500103004,20231116,42,23,1,1,25.06864,121.5107,22
500103004,20231116,43,23,1,1,25.06864,121.5107,22
500103004,20231116,44,23,1,1,25.06864,121.5107,22
500103004,20231116,45,23,1,1,25.06864,121.5107,22
500103004,20231116,46,23,1,1,25.06864,121.5107,22
500103004,20231116,47,23,1,1,25.06864,121.5107,22
500103004,20231116,48,23,1,1,25.06864,121.5107,22
500103004,20231116,49,23,1,1,25.06864,121.5107,22
500103004,20231116,50,23,1,1,25.06864,121.5107,22
500103004,20231116,51,23,1,1,25.06864,121.5107,22
500103004,20231116,52,23,1,1,25.06864,121.5107,22
500103004,20231116,53,23,1,1,25.06864,121.5107,22
500103004,20231116,54,23,1,1,25.06864,121.5107,22
500103004,20231116,55,23,1,1,25.06864,121.5107,22
500103004,20231116,56,23,1,1,25.06864,121.5107,22
500103004,20231116,57,23,1,1,25.06864,121.5107,22
500103004,20231116,58,23,1,1,25.06864,121.5107,22
500103004,20231116,59,23,1,1,25.06864,121.5107,22
500103004,20231116,60,23,1,1,25.06864,121.5107,22
500103004,20231116,61,23,1,1,25.06864,121.5107,22
500103004,20231116,62,23,1,1,25.06864,121.5107,22
500103004,20231116,63,23,1,1,25.06864,121.5107,22
500103004,20231116,64,23,1,1,25.06864,121.5107,22
500103004,20231116,65,23,1,1,25.06864,121.5107,22
500103004,20231116,66,23,1,1,25.06864,121.5107,22
500103004,20231116,67,23,1,1,25.06864,121.5107,22
500103004,20231116,68,23,1,1,25.06864,121.5107,22
500103004,20231116,69,23,1,1,25.06864,121.5107,22
500103004,20231116,70,23,1,1,25.06864,121.5107,22
500103004,20231116,71,23,1,1,25.06864,121.5107,22
500103004,20231116,72,23,1,1,25.06864,121.5107,22
500103004,20231116,73,23,1,1,25.06864,121.5107,22
500103004,20231116,74,23,1,1,25.06864,121.5107,22
500103004,20231116,75,23,1,1,25.06864,121.5107,22
500103004,20231116,76,23,1,1,25.06864,121.5107,22
500103004,20231116,77,23,1,1,25.06864,121.5107,22
500103004,20231116,78,23,1,1,25.06864,121.5107,22
500103004,20231116,79,23,1,1,25.06864,121.5107,22
500103004,20231116,81,23,0,1,25.06864,121.5107,23
500103004,20231116,82,23,0,1,25.06864,121.5107,23
500103004,20231116,83,23,0,1,25.06864,121.5107,23
500103004,20231116,84,23,0,1,25.06864,121.5107,23
500103004,20231116,85,23,0,1,25.06864,121.5107,23
500103004,20231116,86,23,0,1,25.06864,121.5107,23
500103004,20231116,87,23,0,1,25.06864,121.5107,23
500103004,20231116,88,23,0,1,25.06864,121.5107,23
500103004,20231116,89,23,0,1,25.06864,121.5107,23
500103004,20231116,90,23,0,1,25.06864,121.5107,23
500103004,20231116,91,23,0,1,25.06864,121.5107,23
500103004,20231116,92,23,0,1,25.06864,121.5107,23
500103004,20231116,93,23,0,1,25.06864,121.5107,23
500103004,20231116,94,23,0,1,25.06864,121.5107,23
500103004,20231116,95,23,0,1,25.06864,121.5107,23
500103004,20231116,96,23,0,1,25.06864,121.5107,23
500103004,20231116,98,23,0,1,25.06864,121.5107,23
500103004,20231116,99,23,0,1,25.06864,121.5107,23
500103004,20231116,101,23,0,1,25.06864,121.5107,23
500103004,20231116,102,23,0,1,25.06864,121.5107,23
500103004,20231116,103,23,0,1,25.06864,121.5107,23
500103004,20231116,104,23,0,1,25.06864,121.5107,23
500103004,20231116,105,23,0,1,25.06864,121.5107,23
500103004,20231116,106,23,0,1,25.06864,121.5107,23
500103004,20231116,107,23,0,1,25.06864,121.5107,23
500103004,20231116,108,23,0,1,25.06864,121.5107,23
500103004,20231116,109,23,0,1,25.06864,121.5107,23
500103004,20231116,111,23,0,1,25.06864,121.5107,23
500103004,20231116,112,23,0,1,25.06864,121.5107,23
500103004,20231116,113,23,0,1,25.06864,121.5107,23
500103004,20231116,114,23,0,1,25.06864,121.5107,23
500103004,20231116,115,23,0,1,25.06864,121.5107,23
500103004,20231116,116,23,0,1,25.06864,121.5107,23
500103004,20231116,117,23,0,1,25.06864,121.5107,23
500103004,20231116,118,23,0,1,25.06864,121.5107,23
500103004,20231116,119,23,0,1,25.06864,121.5107,23
500103004,20231116,121,23,0,1,25.06864,121.5107,23
500103004,20231116,122,23,0,1,25.06864,121.5107,23
500103004,20231116,123,23,0,1,25.06864,121.5107,23
500103004,20231116,124,23,0,1,25.06864,121.5107,23
500103004,20231116,125,23,0,1,25.06864,121.5107,23
500103004,20231116,126,23,0,1,25.06864,121.5107,23
500103004,20231116,127,23,0,1,25.06864,121.5107,23
500103004,20231116,128,23,0,1,25.06864,121.5107,23
500103004,20231116,129,23,0,1,25.06864,121.5107,23
500103004,20231116,131,23,0,1,25.06864,121.5107,23
500103004,20231116,132,23,0,1,25.06864,121.5107,23
500103004,20231116,133,23,0,1,25.06864,121.5107,23
500103004,20231116,134,23,0,1,25.06864,121.5107,23
500103004,20231116,135,23,0,1,25.06864,121.5107,23
500103004,20231116,136,23,0,1,25.06864,121.5107,23
500103004,20231116,137,23,0,1,25.06864,121.5107,23
500103004,20231116,138,23,0,1,25.06864,121.5107,23
500103004,20231116,139,23,0,1,25.06864,121.5107,23
500103004,20231116,141,23,0,1,25.06864,121.5107,23
500103004,20231116,142,23,0,1,25.06864,121.5107,23
500103004,20231116,143,23,0,1,25.06864,121.5107,23
500103004,20231116,144,23,0,1,25.06864,121.5107,23
500103004,20231116,145,23,0,1,25.06864,121.5107,23
500103004,20231116,146,23,0,1,25.06864,121.5107,23
500103004,20231116,147,23,0,1,25.06864,121.5107,23
500103004,20231116,148,23,0,1,25.06864,121.5107,23
500103004,20231116,149,23,0,1,25.06864,121.5107,23
500103004,20231116,151,23,0,1,25.06864,121.5107,23
500103004,20231116,152,23,0,1,25.06864,121.5107,22
500103004,20231116,153,23,0,1,25.06864,121.5107,22
500103004,20231116,154,23,0,1,25.06864,121.5107,23
500103004,20231116,155,23,0,1,25.06864,121.5107,23
500103004,20231116,156,23,0,1,25.06864,121.5107,23
500103004,20231116,157,23,0,1,25.06864,121.5107,23
500103004,20231116,158,23,0,1,25.06864,121.5107,23
500103004,20231116,159,23,0,1,25.06864,121.5107,23
500103004,20231116,161,23,0,1,25.06864,121.5107,23
500103004,20231116,162,23,0,1,25.06864,121.5107,23
500103004,20231116,163,23,0,1,25.06864,121.5107,23
500103004,20231116,164,23,0,1,25.06864,121.5107,23
500103004,20231116,165,23,0,1,25.06864,121.5107,23
500103004,20231116,166,23,0,1,25.06864,121.5107,23
500103004,20231116,167,23,0,1,25.06864,121.5107,23
500103004,20231116,168,23,0,1,25.06864,121.5107,23
500103004,20231116,169,23,0,1,25.06864,121.5107,23
500103004,20231116,171,23,0,1,25.06864,121.5107,23
500103004,20231116,172,23,0,1,25.06864,121.5107,23
500103004,20231116,173,23,0,1,25.06864,121.5107,23
500103004,20231116,174,23,0,1,25.06864,121.5107,23
500103004,20231116,175,23,0,1,25.06864,121.5107,23
500103004,20231116,176,23,0,1,25.06864,121.5107,23
500103004,20231116,177,23,0,1,25.06864,121.5107,23
500103004,20231116,178,23,0,1,25.06864,121.5107,23
500103004,20231116,179,23,0,1,25.06864,121.5107,23
500103004,20231116,181,23,0,1,25.06864,121.5107,23
500103004,20231116,182,23,0,1,25.06864,121.5107,23
500103004,20231116,183,23,0,1,25.06864,121.5107,23
500103004,20231116,184,23,0,1,25.06864,121.5107,23
500103004,20231116,185,23,0,1,25.06864,121.5107,23
500103004,20231116,186,23,0,1,25.06864,121.5107,23
500103004,20231116,187,23,0,1,25.06864,121.5107,23
500103004,20231116,188,23,0,1,25.06864,121.5107,23
500103004,20231116,189,23,0,1,25.06864,121.5107,23
500103004,20231116,191,23,0,1,25.06864,121.5107,23
500103004,20231116,192,23,0,1,25.06864,121.5107,23
500103004,20231116,193,23,0,1,25.06864,121.5107,23
500103004,20231116,194,23,0,1,25.06864,121.5107,23
500103004,20231116,195,23,0,1,25.06864,121.5107,23
500103004,20231116,196,23,0,1,25.06864,121.5107,23
500103004,20231116,197,23,0,1,25.06864,121.5107,23
500103004,20231116,198,23,0,1,25.06864,121.5107,23
500103004,20231116,199,23,0,1,25.06864,121.5107,23
500103004,20231116,201,23,0,1,25.06864,121.5107,23
500103004,20231116,202,23,0,1,25.06864,121.5107,23
500103004,20231116,203,23,0,1,25.06864,121.5107,23
500103004,20231116,204,23,0,1,25.06864,121.5107,23
500103004,20231116,205,23,0,1,25.06864,121.5107,23
500103004,20231116,206,23,0,1,25.06864,121.5107,23
500103004,20231116,207,23,0,1,25.06864,121.5107,23
500103004,20231116,208,23,0,1,25.06864,121.5107,23
500103004,20231116,209,23,0,1,25.06864,121.5107,23
500103004,20231116,210,23,0,1,25.06864,121.5107,23
500103004,20231116,211,23,0,1,25.06864,121.5107,23
500103004,20231116,212,23,0,1,25.06864,121.5107,23
500103004,20231116,213,23,0,1,25.06864,121.5107,23
500103004,20231116,214,23,0,1,25.06864,121.5107,23
500103004,20231116,215,23,0,1,25.06864,121.5107,23
500103004,20231116,216,23,0,1,25.06864,121.5107,23
500103004,20231116,217,23,0,1,25.06864,121.5107,23
500103004,20231116,218,23,0,1,25.06864,121.5107,23
500103004,20231116,219,23,0,1,25.06864,121.5107,23
500103004,20231116,220,23,0,1,25.06864,121.5107,23
500103004,20231116,221,23,0,1,25.06864,121.5107,23
500103004,20231116,222,23,0,1,25.06864,121.5107,23
500103004,20231116,223,23,0,1,25.06864,121.5107,23
500103004,20231116,224,23,0,1,25.06864,121.5107,23
500103004,20231116,225,23,0,1,25.06864,121.5107,23
500103004,20231116,226,23,0,1,25.06864,121.5107,23
500103004,20231116,227,23,0,1,25.06864,121.5107,23
500103004,20231116,228,23,0,1,25.06864,121.5107,23
500103004,20231116,229,23,0,1,25.06864,121.5107,23
500103004,20231116,230,23,0,1,25.06864,121.5107,23
500103004,20231116,231,23,0,1,25.06864,121.5107,23
500103004,20231116,232,23,0,1,25.06864,121.5107,23
500103004,20231116,233,23,0,1,25.06864,121.5107,23
500103004,20231116,234,23,0,1,25.06864,121.5107,23
500103004,20231116,235,23,0,1,25.06864,121.5107,23
500103004,20231116,236,23,0,1,25.06864,121.5107,23
500103004,20231116,237,23,0,1,25.06864,121.5107,23
500103004,20231116,238,23,0,1,25.06864,121.5107,23
500103004,20231116,239,23,0,1,25.06864,121.5107,23
500103004,20231116,240,23,0,1,25.06864,121.5107,23
500103004,20231116,241,23,0,1,25.06864,121.5107,23
500103004,20231116,242,23,0,1,25.06864,121.5107,23
500103004,20231116,243,23,0,1,25.06864,121.5107,23
500103004,20231116,244,23,0,1,25.06864,121.5107,23
500103004,20231116,245,23,0,1,25.06864,121.5107,23
500103004,20231116,246,23,0,1,25.06864,121.5107,23
500103004,20231116,247,23,0,1,25.06864,121.5107,23
500103004,20231116,248,23,0,1,25.06864,121.5107,23
500103004,20231116,249,23,0,1,25.06864,121.5107,23
500103004,20231116,250,23,0,1,25.06864,121.5107,23
500103004,20231116,251,23,0,1,25.06864,121.5107,23
500103004,20231116,252,23,0,1,25.06864,121.5107,23
500103004,20231116,253,23,0,1,25.06864,121.5107,23
500103004,20231116,254,23,0,1,25.06864,121.5107,23
500103004,20231116,255,23,0,1,25.06864,121.5107,23
500103004,20231116,256,23,0,1,25.06864,121.5107,23
500103004,20231116,257,23,0,1,25.06864,121.5107,23
500103004,20231116,258,23,0,1,25.06864,121.5107,23
500103004,20231116,259,23,0,1,25.06864,121.5107,23
500103004,20231116,261,23,0,1,25.06864,121.5107,23
500103004,20231116,262,23,0,1,25.06864,121.5107,23
500103004,20231116,263,23,0,1,25.06864,121.5107,23
500103004,20231116,264,23,0,1,25.06864,121.5107,23
500103004,20231116,265,23,0,1,25.06864,121.5107,23
500103004,20231116,266,23,0,1,25.06864,121.5107,23
500103004,20231116,267,23,0,1,25.06864,121.5107,23
500103004,20231116,268,23,0,1,25.06864,121.5107,23
500103004,20231116,269,23,0,1,25.06864,121.5107,23
500103004,20231116,270,23,0,1,25.06864,121.5107,23
500103004,20231116,271,23,0,1,25.06864,121.5107,23
500103004,20231116,272,23,0,1,25.06864,121.5107,23
500103004,20231116,273,23,0,1,25.06864,121.5107,23
500103004,20231116,274,23,0,1,25.06864,121.5107,23
500103004,20231116,275,23,0,1,25.06864,121.5107,23
500103004,20231116,276,23,0,1,25.06864,121.5107,23
500103004,20231116,277,23,0,1,25.06864,121.5107,23
500103004,20231116,278,23,0,1,25.06864,121.5107,23
500103004,20231116,279,23,0,1,25.06864,121.5107,23
500103004,20231116,280,23,0,1,25.06864,121.5107,23
500103004,20231116,281,23,0,1,25.06864,121.5107,23
500103004,20231116,282,23,0,1,25.06864,121.5107,23
500103004,20231116,283,23,0,1,25.06864,121.5107,23
500103004,20231116,284,23,0,1,25.06864,121.5107,23
500103004,20231116,285,23,0,1,25.06864,121.5107,23
500103004,20231116,286,23,0,1,25.06864,121.5107,23
500103004,20231116,287,23,0,1,25.06864,121.5107,23
500103004,20231116,288,23,0,1,25.06864,121.5107,23
500103004,20231116,289,23,0,1,25.06864,121.5107,23
500103004,20231116,290,23,0,1,25.06864,121.5107,23
500103004,20231116,291,23,0,1,25.06864,121.5107,23
500103004,20231116,292,23,0,1,25.06864,121.5107,23
500103004,20231116,293,23,0,1,25.06864,121.5107,23
500103004,20231116,294,23,0,1,25.06864,121.5107,23
500103004,20231116,295,23,0,1,25.06864,121.5107,23
500103004,20231116,296,23,0,1,25.06864,121.5107,23
500103004,20231116,297,23,0,1,25.06864,121.5107,23
500103004,20231116,298,23,0,1,25.06864,121.5107,23
500103004,20231116,299,23,0,1,25.06864,121.5107,23
500103004,20231116,300,23,0,1,25.06864,121.5107,23
500103004,20231116,301,23,0,1,25.06864,121.5107,23
500103004,20231116,302,23,0,1,25.06864,121.5107,23
500103004,20231116,303,23,0,1,25.06864,121.5107,23
500103004,20231116,304,23,0,1,25.06864,121.5107,23
500103004,20231116,305,23,0,1,25.06864,121.5107,23
500103004,20231116,306,23,0,1,25.06864,121.5107,23
500103004,20231116,307,23,0,1,25.06864,121.5107,23
500103004,20231116,308,23,0,1,25.06864,121.5107,23
500103004,20231116,309,23,0,1,25.06864,121.5107,23
500103004,20231116,310,23,0,1,25.06864,121.5107,23
500103004,20231116,311,23,0,1,25.06864,121.5107,23
500103004,20231116,312,23,0,1,25.06864,121.5107,23
500103004,20231116,313,23,0,1,25.06864,121.5107,23
500103004,20231116,314,23,0,1,25.06864,121.5107,23
500103004,20231116,315,23,0,1,25.06864,121.5107,23
500103004,20231116,316,23,0,1,25.06864,121.5107,23
500103004,20231116,317,23,0,1,25.06864,121.5107,23
500103004,20231116,318,23,0,1,25.06864,121.5107,23
500103004,20231116,319,23,0,1,25.06864,121.5107,23
500103004,20231116,321,23,0,1,25.06864,121.5107,23
500103004,20231116,322,23,0,1,25.06864,121.5107,23
500103004,20231116,323,23,0,1,25.06864,121.5107,23
500103004,20231116,324,23,0,1,25.06864,121.5107,23
500103004,20231116,325,23,0,1,25.06864,121.5107,23
500103004,20231116,326,23,0,1,25.06864,121.5107,23
500103004,20231116,327,23,0,1,25.06864,121.5107,23
500103004,20231116,328,23,0,1,25.06864,121.5107,23
500103004,20231116,329,23,0,1,25.06864,121.5107,23
500103004,20231116,330,23,1,1,25.06864,121.5107,22
500103004,20231116,331,23,1,1,25.06864,121.5107,22
500103004,20231116,332,23,1,1,25.06864,121.5107,22
500103004,20231116,333,23,1,1,25.06864,121.5107,22
500103004,20231116,334,23,1,1,25.06864,121.5107,22
500103004,20231116,335,23,1,1,25.06864,121.5107,22
500103004,20231116,336,23,1,1,25.06864,121.5107,22
500103004,20231116,337,23,1,1,25.06864,121.5107,22
500103004,20231116,338,23,1,1,25.06864,121.5107,22
500103004,20231116,339,23,1,1,25.06864,121.5107,22
500103004,20231116,340,23,1,1,25.06864,121.5107,22
500103004,20231116,341,23,1,1,25.06864,121.5107,22
500103004,20231116,342,23,1,1,25.06864,121.5107,22
500103004,20231116,343,23,1,1,25.06864,121.5107,22
500103004,20231116,344,23,1,1,25.06864,121.5107,22
500103004,20231116,345,23,1,1,25.06864,121.5107,22
500103004,20231116,346,23,1,1,25.06864,121.5107,22
500103004,20231116,347,23,1,1,25.06864,121.5107,22
500103004,20231116,348,23,1,1,25.06864,121.5107,22
500103004,20231116,349,23,1,1,25.06864,121.5107,22
500103004,20231116,350,23,1,1,25.06864,121.5107,22
500103004,20231116,351,23,1,1,25.06864,121.5107,22
500103004,20231116,353,23,1,1,25.06864,121.5107,22
500103004,20231116,354,23,1,1,25.06864,121.5107,22
500103004,20231116,355,23,1,1,25.06864,121.5107,22
500103004,20231116,356,23,2,1,25.06864,121.5107,21
500103004,20231116,357,23,2,1,25.06864,121.5107,21
500103004,20231116,358,23,2,1,25.06864,121.5107,21
500103004,20231116,359,23,2,1,25.06864,121.5107,21
500103004,20231116,361,23,2,1,25.06864,121.5107,21
500103004,20231116,362,23,2,1,25.06864,121.5107,21
500103004,20231116,363,23,2,1,25.06864,121.5107,21
500103004,20231116,364,23,2,1,25.06864,121.5107,21
500103004,20231116,365,23,2,1,25.06864,121.5107,21
500103004,20231116,366,23,1,1,25.06864,121.5107,22
500103004,20231116,367,23,1,1,25.06864,121.5107,22
500103004,20231116,368,23,1,1,25.06864,121.5107,22
500103004,20231116,369,23,1,1,25.06864,121.5107,22
500103004,20231116,371,23,1,1,25.06864,121.5107,22
500103004,20231116,372,23,1,1,25.06864,121.5107,22
500103004,20231116,373,23,0,1,25.06864,121.5107,23
500103004,20231116,374,23,0,1,25.06864,121.5107,23
500103004,20231116,375,23,0,1,25.06864,121.5107,23
500103004,20231116,376,23,1,1,25.06864,121.5107,22
500103004,20231116,377,23,1,1,25.06864,121.5107,22
500103004,20231116,378,23,1,1,25.06864,121.5107,22
500103004,20231116,379,23,1,1,25.06864,121.5107,22
500103004,20231116,381,23,1,1,25.06864,121.5107,22
500103004,20231116,382,23,1,1,25.06864,121.5107,22
500103004,20231116,383,23,1,1,25.06864,121.5107,22
500103004,20231116,384,23,1,1,25.06864,121.5107,22
500103004,20231116,385,23,1,1,25.06864,121.5107,22
500103004,20231116,386,23,1,1,25.06864,121.5107,22
500103004,20231116,387,23,1,1,25.06864,121.5107,22
500103004,20231116,388,23,1,1,25.06864,121.5107,22
500103004,20231116,389,23,1,1,25.06864,121.5107,22
500103004,20231116,391,23,1,1,25.06864,121.5107,22
500103004,20231116,392,23,1,1,25.06864,121.5107,22
500103004,20231116,393,23,1,1,25.06864,121.5107,22
500103004,20231116,394,23,1,1,25.06864,121.5107,22
500103004,20231116,395,23,1,1,25.06864,121.5107,22
500103004,20231116,396,23,1,1,25.06864,121.5107,22
500103004,20231116,397,23,1,1,25.06864,121.5107,22
500103004,20231116,398,23,2,1,25.06864,121.5107,21
500103004,20231116,399,23,2,1,25.06864,121.5107,21
500103004,20231116,401,23,2,1,25.06864,121.5107,21
500103004,20231116,402,23,3,1,25.06864,121.5107,20
500103004,20231116,403,23,2,1,25.06864,121.5107,21
500103004,20231116,404,23,2,1,25.06864,121.5107,21
500103004,20231116,405,23,2,1,25.06864,121.5107,21
500103004,20231116,406,23,3,1,25.06864,121.5107,20
500103004,20231116,407,23,3,1,25.06864,121.5107,20
500103004,20231116,408,23,4,1,25.06864,121.5107,19
500103004,20231116,409,23,4,1,25.06864,121.5107,19
500103004,20231116,411,23,4,1,25.06864,121.5107,19
500103004,20231116,412,23,4,1,25.06864,121.5107,19
500103004,20231116,413,23,5,1,25.06864,121.5107,18
500103004,20231116,414,23,5,1,25.06864,121.5107,18
500103004,20231116,415,23,5,1,25.06864,121.5107,18
500103004,20231116,416,23,5,1,25.06864,121.5107,18
500103004,20231116,417,23,5,1,25.06864,121.5107,18
500103004,20231116,418,23,5,1,25.06864,121.5107,18
500103004,20231116,419,23,5,1,25.06864,121.5107,18
500103004,20231116,421,23,6,1,25.06864,121.5107,17
500103004,20231116,422,23,6,1,25.06864,121.5107,17
500103004,20231116,423,23,6,1,25.06864,121.5107,17
500103004,20231116,424,23,6,1,25.06864,121.5107,17
500103004,20231116,425,23,7,1,25.06864,121.5107,16
500103004,20231116,426,23,9,1,25.06864,121.5107,14
500103004,20231116,427,23,9,1,25.06864,121.5107,14
500103004,20231116,428,23,9,1,25.06864,121.5107,14
500103004,20231116,429,23,9,1,25.06864,121.5107,14
500103004,20231116,431,23,9,1,25.06864,121.5107,14
500103004,20231116,432,23,9,1,25.06864,121.5107,14
500103004,20231116,433,23,9,1,25.06864,121.5107,14
500103004,20231116,434,23,9,1,25.06864,121.5107,14
500103004,20231116,435,23,10,1,25.06864,121.5107,13
500103004,20231116,436,23,11,1,25.06864,121.5107,12
500103004,20231116,437,23,11,1,25.06864,121.5107,12
500103004,20231116,438,23,12,1,25.06864,121.5107,11
500103004,20231116,439,23,12,1,25.06864,121.5107,11
500103004,20231116,441,23,12,1,25.06864,121.5107,11
500103004,20231116,442,23,12,1,25.06864,121.5107,11
500103004,20231116,443,23,11,1,25.06864,121.5107,12
500103004,20231116,444,23,11,1,25.06864,121.5107,12
500103004,20231116,445,23,11,1,25.06864,121.5107,12
500103004,20231116,446,23,11,1,25.06864,121.5107,12
500103004,20231116,447,23,11,1,25.06864,121.5107,12
500103004,20231116,448,23,13,1,25.06864,121.5107,10
500103004,20231116,449,23,14,1,25.06864,121.5107,9
500103004,20231116,451,23,15,1,25.06864,121.5107,8
500103004,20231116,452,23,15,1,25.06864,121.5107,8
500103004,20231116,453,23,16,1,25.06864,121.5107,7
500103004,20231116,454,23,16,1,25.06864,121.5107,7
500103004,20231116,455,23,16,1,25.06864,121.5107,7
500103004,20231116,456,23,17,1,25.06864,121.5107,6
500103004,20231116,457,23,17,1,25.06864,121.5107,6
500103004,20231116,458,23,18,1,25.06864,121.5107,5
500103004,20231116,459,23,18,1,25.06864,121.5107,5
500103004,20231116,461,23,20,1,25.06864,121.5107,3
500103004,20231116,462,23,21,1,25.06864,121.5107,2
500103004,20231116,463,23,19,1,25.06864,121.5107,4
500103004,20231116,464,23,19,1,25.06864,121.5107,4
500103004,20231116,465,23,13,1,25.06864,121.5107,10
500103004,20231116,466,23,10,1,25.06864,121.5107,13
500103004,20231116,467,23,5,1,25.06864,121.5107,18
500103004,20231116,468,23,4,1,25.06864,121.5107,19
500103004,20231116,469,23,4,1,25.06864,121.5107,19
500103004,20231116,470,23,6,1,25.06864,121.5107,17
500103004,20231116,471,23,6,1,25.06864,121.5107,17
500103004,20231116,472,23,6,1,25.06864,121.5107,17
500103004,20231116,473,23,6,1,25.06864,121.5107,17
500103004,20231116,474,23,7,1,25.06864,121.5107,16
500103004,20231116,475,23,7,1,25.06864,121.5107,16
500103004,20231116,476,23,7,1,25.06864,121.5107,16
500103004,20231116,477,23,7,1,25.06864,121.5107,16
500103004,20231116,478,23,7,1,25.06864,121.5107,16
500103004,20231116,479,23,7,1,25.06864,121.5107,16
500103004,20231116,481,23,7,1,25.06864,121.5107,16
500103004,20231116,482,23,9,1,25.06864,121.5107,14
500103004,20231116,483,23,9,1,25.06864,121.5107,14
500103004,20231116,484,23,10,1,25.06864,121.5107,13
500103004,20231116,485,23,10,1,25.06864,121.5107,13
500103004,20231116,486,23,11,1,25.06864,121.5107,12
500103004,20231116,487,23,12,1,25.06864,121.5107,11
500103004,20231116,488,23,12,1,25.06864,121.5107,11
500103004,20231116,489,23,13,1,25.06864,121.5107,10
500103004,20231116,490,23,15,1,25.06864,121.5107,8
500103004,20231116,491,23,15,1,25.06864,121.5107,8
500103004,20231116,492,23,15,1,25.06864,121.5107,8
500103004,20231116,493,23,16,1,25.06864,121.5107,7
500103004,20231116,494,23,16,1,25.06864,121.5107,7
500103004,20231116,495,23,17,1,25.06864,121.5107,6
500103004,20231116,496,23,17,1,25.06864,121.5107,6
500103004,20231116,497,23,17,1,25.06864,121.5107,6
500103004,20231116,498,23,19,1,25.06864,121.5107,4
500103004,20231116,499,23,20,1,25.06864,121.5107,3
500103004,20231116,501,23,20,1,25.06864,121.5107,3
500103004,20231116,502,23,21,1,25.06864,121.5107,2
500103004,20231116,503,23,20,1,25.06864,121.5107,3
500103004,20231116,504,23,20,1,25.06864,121.5107,3
500103004,20231116,505,23,20,1,25.06864,121.5107,3
500103004,20231116,506,23,20,1,25.06864,121.5107,3
500103004,20231116,507,23,22,1,25.06864,121.5107,1
500103004,20231116,508,23,23,1,25.06864,121.5107,0
500103004,20231116,509,23,23,1,25.06864,121.5107,0
500103004,20231116,511,23,23,1,25.06864,121.5107,0
500103004,20231116,512,23,22,1,25.06864,121.5107,1
500103004,20231116,513,23,22,1,25.06864,121.5107,1
500103004,20231116,514,23,22,1,25.06864,121.5107,1
500103004,20231116,515,23,22,1,25.06864,121.5107,1
500103004,20231116,516,23,22,1,25.06864,121.5107,1
500103004,20231116,517,23,22,1,25.06864,121.5107,1
500103004,20231116,518,23,22,1,25.06864,121.5107,1
500103004,20231116,519,23,22,1,25.06864,121.5107,1
500103004,20231116,520,23,21,1,25.06864,121.5107,2
500103004,20231116,521,23,21,1,25.06864,121.5107,2
500103004,20231116,522,23,22,1,25.06864,121.5107,1
500103004,20231116,523,23,22,1,25.06864,121.5107,1
500103004,20231116,524,23,22,1,25.06864,121.5107,1
500103004,20231116,525,23,22,1,25.06864,121.5107,1
500103004,20231116,526,23,22,1,25.06864,121.5107,1
500103004,20231116,527,23,21,1,25.06864,121.5107,2
500103004,20231116,528,23,22,1,25.06864,121.5107,1
500103004,20231116,529,23,23,1,25.06864,121.5107,0
500103004,20231116,530,23,22,1,25.06864,121.5107,1
500103004,20231116,531,23,22,1,25.06864,121.5107,1
500103004,20231116,532,23,23,1,25.06864,121.5107,0
500103004,20231116,533,23,23,1,25.06864,121.5107,0
500103004,20231116,534,23,22,1,25.06864,121.5107,1
500103004,20231116,535,23,22,1,25.06864,121.5107,1
500103004,20231116,536,23,23,1,25.06864,121.5107,0
500103004,20231116,537,23,23,1,25.06864,121.5107,0
500103004,20231116,538,23,23,1,25.06864,121.5107,0
500103004,20231116,539,23,22,1,25.06864,121.5107,1
500103004,20231116,541,23,22,1,25.06864,121.5107,1
500103004,20231116,542,23,22,1,25.06864,121.5107,1
500103004,20231116,543,23,22,1,25.06864,121.5107,1
500103004,20231116,544,23,22,1,25.06864,121.5107,1
500103004,20231116,545,23,22,1,25.06864,121.5107,1
500103004,20231116,546,23,22,1,25.06864,121.5107,1
500103004,20231116,547,23,22,1,25.06864,121.5107,1
500103004,20231116,548,23,22,1,25.06864,121.5107,1
500103004,20231116,549,23,23,1,25.06864,121.5107,0
500103004,20231116,550,23,21,1,25.06864,121.5107,2
500103004,20231116,551,23,17,1,25.06864,121.5107,5
500103004,20231116,552,23,17,1,25.06864,121.5107,5
500103004,20231116,553,23,17,1,25.06864,121.5107,5
500103004,20231116,554,23,19,1,25.06864,121.5107,3
500103004,20231116,555,23,19,1,25.06864,121.5107,3
500103004,20231116,556,23,19,1,25.06864,121.5107,3
500103004,20231116,557,23,19,1,25.06864,121.5107,3
500103004,20231116,558,23,19,1,25.06864,121.5107,3
500103004,20231116,559,23,19,1,25.06864,121.5107,3
500103004,20231116,561,23,19,1,25.06864,121.5107,3
500103004,20231116,562,23,19,1,25.06864,121.5107,3
500103004,20231116,563,23,19,1,25.06864,121.5107,3
500103004,20231116,564,23,19,1,25.06864,121.5107,3
500103004,20231116,565,23,19,1,25.06864,121.5107,3
500103004,20231116,566,23,19,1,25.06864,121.5107,3
500103004,20231116,567,23,19,1,25.06864,121.5107,3
500103004,20231116,568,23,19,1,25.06864,121.5107,3
500103004,20231116,569,23,20,1,25.06864,121.5107,2
500103004,20231116,571,23,21,1,25.06864,121.5107,1
500103004,20231116,572,23,20,1,25.06864,121.5107,2
500103004,20231116,573,23,19,1,25.06864,121.5107,3
500103004,20231116,574,23,19,1,25.06864,121.5107,3
500103004,20231116,575,23,19,1,25.06864,121.5107,3
500103004,20231116,576,23,20,1,25.06864,121.5107,2
500103004,20231116,577,23,20,1,25.06864,121.5107,2
500103004,20231116,578,23,19,1,25.06864,121.5107,3
500103004,20231116,579,23,19,1,25.06864,121.5107,3
500103004,20231116,580,23,19,1,25.06864,121.5107,3
500103004,20231116,581,23,19,1,25.06864,121.5107,3
500103004,20231116,582,23,19,1,25.06864,121.5107,3
500103004,20231116,583,23,19,1,25.06864,121.5107,3
500103004,20231116,584,23,20,1,25.06864,121.5107,2
500103004,20231116,585,23,20,1,25.06864,121.5107,2
500103004,20231116,586,23,20,1,25.06864,121.5107,2
500103004,20231116,587,23,20,1,25.06864,121.5107,2
500103004,20231116,588,23,20,1,25.06864,121.5107,2
500103004,20231116,589,23,20,1,25.06864,121.5107,2
500103004,20231116,590,23,21,1,25.06864,121.5107,1
500103004,20231116,591,23,21,1,25.06864,121.5107,1
500103004,20231116,592,23,21,1,25.06864,121.5107,1
500103004,20231116,593,23,21,1,25.06864,121.5107,1
500103004,20231116,594,23,20,1,25.06864,121.5107,2
500103004,20231116,595,23,20,1,25.06864,121.5107,2
500103004,20231116,596,23,19,1,25.06864,121.5107,3
500103004,20231116,597,23,20,1,25.06864,121.5107,2
500103004,20231116,598,23,20,1,25.06864,121.5107,2
500103004,20231116,599,23,20,1,25.06864,121.5107,2
500103004,20231116,601,23,20,1,25.06864,121.5107,2
500103004,20231116,602,23,21,1,25.06864,121.5107,1
500103004,20231116,603,23,21,1,25.06864,121.5107,1
500103004,20231116,604,23,22,1,25.06864,121.5107,0
500103004,20231116,605,23,22,1,25.06864,121.5107,0
500103004,20231116,606,23,22,1,25.06864,121.5107,0
500103004,20231116,607,23,22,1,25.06864,121.5107,0
500103004,20231116,608,23,22,1,25.06864,121.5107,0
500103004,20231116,609,23,22,1,25.06864,121.5107,0
500103004,20231116,610,23,22,1,25.06864,121.5107,0
500103004,20231116,611,23,22,1,25.06864,121.5107,0
500103004,20231116,612,23,22,1,25.06864,121.5107,0
500103004,20231116,613,23,22,1,25.06864,121.5107,0
500103004,20231116,614,23,22,1,25.06864,121.5107,0
500103004,20231116,615,23,22,1,25.06864,121.5107,0
500103004,20231116,616,23,21,1,25.06864,121.5107,1
500103004,20231116,617,23,21,1,25.06864,121.5107,1
500103004,20231116,618,23,22,1,25.06864,121.5107,0
500103004,20231116,619,23,22,1,25.06864,121.5107,0
500103004,20231116,621,23,22,1,25.06864,121.5107,0
500103004,20231116,623,23,22,1,25.06864,121.5107,0
500103004,20231116,624,23,22,1,25.06864,121.5107,0
500103004,20231116,625,23,22,1,25.06864,121.5107,0
500103004,20231116,626,23,22,1,25.06864,121.5107,0
500103004,20231116,627,23,22,1,25.06864,121.5107,0
500103004,20231116,628,23,22,1,25.06864,121.5107,0
500103004,20231116,629,23,22,1,25.06864,121.5107,0
500103004,20231116,631,23,22,1,25.06864,121.5107,0
500103004,20231116,632,23,22,1,25.06864,121.5107,0
500103004,20231116,633,23,22,1,25.06864,121.5107,0
500103004,20231116,634,23,22,1,25.06864,121.5107,0
500103004,20231116,635,23,22,1,25.06864,121.5107,0
500103004,20231116,636,23,22,1,25.06864,121.5107,0
500103004,20231116,637,23,22,1,25.06864,121.5107,0
500103004,20231116,638,23,22,1,25.06864,121.5107,0
500103004,20231116,639,23,22,1,25.06864,121.5107,0
500103004,20231116,641,23,22,1,25.06864,121.5107,0
500103004,20231116,642,23,22,1,25.06864,121.5107,0
500103004,20231116,643,23,22,1,25.06864,121.5107,0
500103004,20231116,644,23,22,1,25.06864,121.5107,0
500103004,20231116,645,23,22,1,25.06864,121.5107,0
500103004,20231116,646,23,22,1,25.06864,121.5107,0
500103004,20231116,647,23,22,1,25.06864,121.5107,0
500103004,20231116,648,23,22,1,25.06864,121.5107,0
500103004,20231116,649,23,22,1,25.06864,121.5107,0
500103004,20231116,651,23,22,1,25.06864,121.5107,0
500103004,20231116,652,23,22,1,25.06864,121.5107,0
500103004,20231116,653,23,22,1,25.06864,121.5107,0
500103004,20231116,654,23,22,1,25.06864,121.5107,0
500103004,20231116,655,23,22,1,25.06864,121.5107,0
500103004,20231116,656,23,22,1,25.06864,121.5107,0
500103004,20231116,657,23,22,1,25.06864,121.5107,0
500103004,20231116,658,23,22,1,25.06864,121.5107,0
500103004,20231116,659,23,20,1,25.06864,121.5107,2
500103004,20231116,661,23,20,1,25.06864,121.5107,2
500103004,20231116,662,23,20,1,25.06864,121.5107,2
500103004,20231116,663,23,20,1,25.06864,121.5107,2
500103004,20231116,664,23,20,1,25.06864,121.5107,2
500103004,20231116,665,23,20,1,25.06864,121.5107,2
500103004,20231116,666,23,20,1,25.06864,121.5107,2
500103004,20231116,667,23,20,1,25.06864,121.5107,2
500103004,20231116,668,23,20,1,25.06864,121.5107,2
500103004,20231116,669,23,20,1,25.06864,121.5107,2
500103004,20231116,671,23,20,1,25.06864,121.5107,2
500103004,20231116,672,23,20,1,25.06864,121.5107,2
500103004,20231116,673,23,20,1,25.06864,121.5107,2
500103004,20231116,674,23,20,1,25.06864,121.5107,2
500103004,20231116,675,23,20,1,25.06864,121.5107,2
500103004,20231116,676,23,19,1,25.06864,121.5107,3
500103004,20231116,677,23,19,1,25.06864,121.5107,3
500103004,20231116,678,23,19,1,25.06864,121.5107,3
500103004,20231116,679,23,19,1,25.06864,121.5107,3
500103004,20231116,681,23,19,1,25.06864,121.5107,3
500103004,20231116,682,23,18,1,25.06864,121.5107,4
500103004,20231116,683,23,18,1,25.06864,121.5107,4
500103004,20231116,684,23,18,1,25.06864,121.5107,4
500103004,20231116,685,23,18,1,25.06864,121.5107,4
500103004,20231116,686,23,18,1,25.06864,121.5107,4
500103004,20231116,687,23,18,1,25.06864,121.5107,4
500103004,20231116,688,23,18,1,25.06864,121.5107,4
500103004,20231116,689,23,18,1,25.06864,121.5107,4
500103004,20231116,691,23,18,1,25.06864,121.5107,4
500103004,20231116,692,23,18,1,25.06864,121.5107,4
500103004,20231116,693,23,18,1,25.06864,121.5107,4
500103004,20231116,694,23,18,1,25.06864,121.5107,4
500103004,20231116,695,23,18,1,25.06864,121.5107,4
500103004,20231116,696,23,18,1,25.06864,121.5107,4
500103004,20231116,697,23,18,1,25.06864,121.5107,4
500103004,20231116,698,23,18,1,25.06864,121.5107,4
500103004,20231116,699,23,18,1,25.06864,121.5107,4
500103004,20231116,701,23,18,1,25.06864,121.5107,4
500103004,20231116,702,23,18,1,25.06864,121.5107,4
500103004,20231116,703,23,18,1,25.06864,121.5107,4
500103004,20231116,704,23,18,1,25.06864,121.5107,4
500103004,20231116,705,23,18,1,25.06864,121.5107,4
500103004,20231116,706,23,18,1,25.06864,121.5107,4
500103004,20231116,707,23,18,1,25.06864,121.5107,4
500103004,20231116,708,23,18,1,25.06864,121.5107,4
500103004,20231116,709,23,18,1,25.06864,121.5107,4
500103004,20231116,711,23,18,1,25.06864,121.5107,4
500103004,20231116,712,23,18,1,25.06864,121.5107,4
500103004,20231116,713,23,18,1,25.06864,121.5107,4
500103004,20231116,714,23,18,1,25.06864,121.5107,4
500103004,20231116,715,23,18,1,25.06864,121.5107,4
500103004,20231116,716,23,18,1,25.06864,121.5107,4
500103004,20231116,717,23,18,1,25.06864,121.5107,4
500103004,20231116,718,23,18,1,25.06864,121.5107,4
500103004,20231116,719,23,18,1,25.06864,121.5107,4
500103004,20231116,721,23,17,1,25.06864,121.5107,5
500103004,20231116,722,23,17,1,25.06864,121.5107,5
500103004,20231116,723,23,17,1,25.06864,121.5107,5
500103004,20231116,724,23,17,1,25.06864,121.5107,5
500103004,20231116,725,23,17,1,25.06864,121.5107,5
500103004,20231116,726,23,17,1,25.06864,121.5107,5
500103004,20231116,727,23,17,1,25.06864,121.5107,5
500103004,20231116,728,23,17,1,25.06864,121.5107,5
500103004,20231116,729,23,17,1,25.06864,121.5107,5
500103004,20231116,730,23,17,1,25.06864,121.5107,5
500103004,20231116,731,23,16,1,25.06864,121.5107,6
500103004,20231116,732,23,16,1,25.06864,121.5107,6
500103004,20231116,733,23,16,1,25.06864,121.5107,6
500103004,20231116,734,23,16,1,25.06864,121.5107,6
500103004,20231116,735,23,16,1,25.06864,121.5107,6
500103004,20231116,736,23,16,1,25.06864,121.5107,6
500103004,20231116,737,23,16,1,25.06864,121.5107,6
500103004,20231116,738,23,16,1,25.06864,121.5107,6
500103004,20231116,739,23,16,1,25.06864,121.5107,6
500103004,20231116,741,23,16,1,25.06864,121.5107,6
500103004,20231116,742,23,16,1,25.06864,121.5107,6
500103004,20231116,743,23,16,1,25.06864,121.5107,6
500103004,20231116,744,23,16,1,25.06864,121.5107,6
500103004,20231116,745,23,16,1,25.06864,121.5107,6
500103004,20231116,746,23,16,1,25.06864,121.5107,6
500103004,20231116,747,23,16,1,25.06864,121.5107,6
500103004,20231116,748,23,16,1,25.06864,121.5107,6
500103004,20231116,749,23,16,1,25.06864,121.5107,6
500103004,20231116,750,23,16,1,25.06864,121.5107,6
500103004,20231116,751,23,16,1,25.06864,121.5107,6
500103004,20231116,752,23,16,1,25.06864,121.5107,6
500103004,20231116,753,23,16,1,25.06864,121.5107,6
500103004,20231116,754,23,16,1,25.06864,121.5107,6
500103004,20231116,755,23,16,1,25.06864,121.5107,6
500103004,20231116,756,23,16,1,25.06864,121.5107,6
500103004,20231116,757,23,16,1,25.06864,121.5107,6
500103004,20231116,758,23,16,1,25.06864,121.5107,6
500103004,20231116,759,23,16,1,25.06864,121.5107,6
500103004,20231116,760,23,16,1,25.06864,121.5107,6
500103004,20231116,761,23,16,1,25.06864,121.5107,6
500103004,20231116,762,23,16,1,25.06864,121.5107,6
500103004,20231116,763,23,16,1,25.06864,121.5107,6
500103004,20231116,764,23,16,1,25.06864,121.5107,6
500103004,20231116,765,23,17,1,25.06864,121.5107,5
500103004,20231116,766,23,17,1,25.06864,121.5107,5
500103004,20231116,767,23,18,1,25.06864,121.5107,4
500103004,20231116,768,23,18,1,25.06864,121.5107,4
500103004,20231116,769,23,18,1,25.06864,121.5107,4
500103004,20231116,770,23,18,1,25.06864,121.5107,4
500103004,20231116,771,23,18,1,25.06864,121.5107,4
500103004,20231116,772,23,18,1,25.06864,121.5107,4
500103004,20231116,773,23,18,1,25.06864,121.5107,4
500103004,20231116,774,23,18,1,25.06864,121.5107,4
500103004,20231116,775,23,18,1,25.06864,121.5107,4
500103004,20231116,776,23,19,1,25.06864,121.5107,3
500103004,20231116,777,23,19,1,25.06864,121.5107,3
500103004,20231116,778,23,19,1,25.06864,121.5107,3
500103004,20231116,779,23,19,1,25.06864,121.5107,3
500103004,20231116,781,23,19,1,25.06864,121.5107,3
500103004,20231116,782,23,19,1,25.06864,121.5107,3
500103004,20231116,783,23,19,1,25.06864,121.5107,3
500103004,20231116,784,23,19,1,25.06864,121.5107,3
500103004,20231116,785,23,19,1,25.06864,121.5107,3
500103004,20231116,786,23,20,1,25.06864,121.5107,2
500103004,20231116,787,23,20,1,25.06864,121.5107,2
500103004,20231116,788,23,20,1,25.06864,121.5107,2
500103004,20231116,789,23,20,1,25.06864,121.5107,2
500103004,20231116,790,23,20,1,25.06864,121.5107,2
500103004,20231116,791,23,20,1,25.06864,121.5107,2
500103004,20231116,792,23,20,1,25.06864,121.5107,2
500103004,20231116,793,23,20,1,25.06864,121.5107,2
500103004,20231116,794,23,20,1,25.06864,121.5107,2
500103004,20231116,795,23,21,1,25.06864,121.5107,1
500103004,20231116,796,23,22,1,25.06864,121.5107,0
500103004,20231116,797,23,22,1,25.06864,121.5107,0
500103004,20231116,798,23,22,1,25.06864,121.5107,0
500103004,20231116,799,23,22,1,25.06864,121.5107,0
500103004,20231116,801,23,22,1,25.06864,121.5107,0
500103004,20231116,802,23,22,1,25.06864,121.5107,0
500103004,20231116,803,23,22,1,25.06864,121.5107,0
500103004,20231116,804,23,22,1,25.06864,121.5107,0
500103004,20231116,805,23,21,1,25.06864,121.5107,1
500103004,20231116,806,23,21,1,25.06864,121.5107,1
500103004,20231116,807,23,20,1,25.06864,121.5107,2
500103004,20231116,808,23,19,1,25.06864,121.5107,3
500103004,20231116,809,23,19,1,25.06864,121.5107,3
500103004,20231116,811,23,19,1,25.06864,121.5107,3
500103004,20231116,812,23,19,1,25.06864,121.5107,3
500103004,20231116,813,23,19,1,25.06864,121.5107,3
500103004,20231116,814,23,19,1,25.06864,121.5107,3
500103004,20231116,815,23,19,1,25.06864,121.5107,3
500103004,20231116,816,23,19,1,25.06864,121.5107,3
500103004,20231116,817,23,19,1,25.06864,121.5107,3
500103004,20231116,818,23,19,1,25.06864,121.5107,3
500103004,20231116,819,23,20,1,25.06864,121.5107,2
500103004,20231116,820,23,20,1,25.06864,121.5107,2
500103004,20231116,821,23,20,1,25.06864,121.5107,2
500103004,20231116,822,23,20,1,25.06864,121.5107,2
500103004,20231116,823,23,20,1,25.06864,121.5107,2
500103004,20231116,824,23,20,1,25.06864,121.5107,2
500103004,20231116,825,23,20,1,25.06864,121.5107,2
500103004,20231116,826,23,20,1,25.06864,121.5107,2
500103004,20231116,827,23,20,1,25.06864,121.5107,2
500103004,20231116,828,23,21,1,25.06864,121.5107,1
500103004,20231116,829,23,21,1,25.06864,121.5107,1
500103004,20231116,830,23,21,1,25.06864,121.5107,1
500103004,20231116,831,23,21,1,25.06864,121.5107,1
500103004,20231116,832,23,21,1,25.06864,121.5107,1
500103004,20231116,833,23,21,1,25.06864,121.5107,1
500103004,20231116,834,23,21,1,25.06864,121.5107,1
500103004,20231116,835,23,21,1,25.06864,121.5107,1
500103004,20231116,836,23,21,1,25.06864,121.5107,1
500103004,20231116,837,23,21,1,25.06864,121.5107,1
500103004,20231116,838,23,20,1,25.06864,121.5107,2
500103004,20231116,839,23,20,1,25.06864,121.5107,2
500103004,20231116,841,23,20,1,25.06864,121.5107,2
500103004,20231116,842,23,20,1,25.06864,121.5107,2
500103004,20231116,843,23,19,1,25.06864,121.5107,3
500103004,20231116,844,23,19,1,25.06864,121.5107,3
500103004,20231116,845,23,19,1,25.06864,121.5107,3
500103004,20231116,846,23,19,1,25.06864,121.5107,3
500103004,20231116,847,23,19,1,25.06864,121.5107,3
500103004,20231116,848,23,19,1,25.06864,121.5107,3
500103004,20231116,849,23,19,1,25.06864,121.5107,3
500103004,20231116,850,23,19,1,25.06864,121.5107,3
500103004,20231116,851,23,19,1,25.06864,121.5107,3
500103004,20231116,852,23,19,1,25.06864,121.5107,3
500103004,20231116,853,23,19,1,25.06864,121.5107,3
500103004,20231116,854,23,19,1,25.06864,121.5107,3
500103004,20231116,855,23,19,1,25.06864,121.5107,3
500103004,20231116,856,23,19,1,25.06864,121.5107,3
500103004,20231116,857,23,19,1,25.06864,121.5107,3
500103004,20231116,858,23,19,1,25.06864,121.5107,3
500103004,20231116,859,23,19,1,25.06864,121.5107,3
500103004,20231116,861,23,19,1,25.06864,121.5107,3
500103004,20231116,862,23,19,1,25.06864,121.5107,3
500103004,20231116,863,23,19,1,25.06864,121.5107,3
500103004,20231116,864,23,19,1,25.06864,121.5107,3
500103004,20231116,865,23,19,1,25.06864,121.5107,3
500103004,20231116,866,23,19,1,25.06864,121.5107,3
500103004,20231116,867,23,19,1,25.06864,121.5107,3
500103004,20231116,868,23,19,1,25.06864,121.5107,3
500103004,20231116,869,23,19,1,25.06864,121.5107,3
500103004,20231116,871,23,19,1,25.06864,121.5107,3
500103004,20231116,872,23,19,1,25.06864,121.5107,3
500103004,20231116,873,23,19,1,25.06864,121.5107,3
500103004,20231116,874,23,19,1,25.06864,121.5107,3
500103004,20231116,876,23,19,1,25.06864,121.5107,3
500103004,20231116,878,23,19,1,25.06864,121.5107,3
500103004,20231116,879,23,19,1,25.06864,121.5107,3
500103004,20231116,881,23,19,1,25.06864,121.5107,3
500103004,20231116,882,23,19,1,25.06864,121.5107,3
500103004,20231116,883,23,19,1,25.06864,121.5107,3
500103004,20231116,884,23,19,1,25.06864,121.5107,3
500103004,20231116,885,23,19,1,25.06864,121.5107,3
500103004,20231116,886,23,19,1,25.06864,121.5107,3
500103004,20231116,887,23,19,1,25.06864,121.5107,3
500103004,20231116,888,23,19,1,25.06864,121.5107,3
500103004,20231116,889,23,19,1,25.06864,121.5107,3
500103004,20231116,891,23,20,1,25.06864,121.5107,2
500103004,20231116,892,23,20,1,25.06864,121.5107,2
500103004,20231116,893,23,20,1,25.06864,121.5107,2
500103004,20231116,894,23,20,1,25.06864,121.5107,2
500103004,20231116,895,23,20,1,25.06864,121.5107,2
500103004,20231116,896,23,20,1,25.06864,121.5107,2
500103004,20231116,897,23,20,1,25.06864,121.5107,2
500103004,20231116,898,23,20,1,25.06864,121.5107,2
500103004,20231116,899,23,20,1,25.06864,121.5107,2
500103004,20231116,901,23,20,1,25.06864,121.5107,2
500103004,20231116,902,23,20,1,25.06864,121.5107,2
500103004,20231116,903,23,20,1,25.06864,121.5107,2
500103004,20231116,904,23,20,1,25.06864,121.5107,2
500103004,20231116,905,23,20,1,25.06864,121.5107,2
500103004,20231116,906,23,20,1,25.06864,121.5107,2
500103004,20231116,907,23,20,1,25.06864,121.5107,2
500103004,20231116,908,23,20,1,25.06864,121.5107,2
500103004,20231116,909,23,20,1,25.06864,121.5107,2
500103004,20231116,911,23,20,1,25.06864,121.5107,2
500103004,20231116,912,23,20,1,25.06864,121.5107,2
500103004,20231116,913,23,20,1,25.06864,121.5107,2
500103004,20231116,914,23,20,1,25.06864,121.5107,2
500103004,20231116,915,23,20,1,25.06864,121.5107,2
500103004,20231116,916,23,20,1,25.06864,121.5107,2
500103004,20231116,917,23,20,1,25.06864,121.5107,2
500103004,20231116,918,23,20,1,25.06864,121.5107,2
500103004,20231116,919,23,20,1,25.06864,121.5107,2
500103004,20231116,921,23,20,1,25.06864,121.5107,2
500103004,20231116,922,23,20,1,25.06864,121.5107,2
500103004,20231116,923,23,20,1,25.06864,121.5107,2
500103004,20231116,924,23,20,1,25.06864,121.5107,2
500103004,20231116,925,23,20,1,25.06864,121.5107,2
500103004,20231116,926,23,20,1,25.06864,121.5107,2
500103004,20231116,927,23,20,1,25.06864,121.5107,2
500103004,20231116,928,23,20,1,25.06864,121.5107,2
500103004,20231116,929,23,19,1,25.06864,121.5107,3
500103004,20231116,931,23,19,1,25.06864,121.5107,3
500103004,20231116,932,23,19,1,25.06864,121.5107,3
500103004,20231116,933,23,19,1,25.06864,121.5107,3
500103004,20231116,934,23,19,1,25.06864,121.5107,3
500103004,20231116,935,23,19,1,25.06864,121.5107,3
500103004,20231116,936,23,19,1,25.06864,121.5107,3
500103004,20231116,937,23,19,1,25.06864,121.5107,3
500103004,20231116,938,23,20,1,25.06864,121.5107,2
500103004,20231116,939,23,20,1,25.06864,121.5107,2
500103004,20231116,941,23,20,1,25.06864,121.5107,2
500103004,20231116,942,23,20,1,25.06864,121.5107,2
500103004,20231116,943,23,20,1,25.06864,121.5107,2
500103004,20231116,944,23,20,1,25.06864,121.5107,2
500103004,20231116,945,23,20,1,25.06864,121.5107,2
500103004,20231116,946,23,21,1,25.06864,121.5107,1
500103004,20231116,947,23,21,1,25.06864,121.5107,1
500103004,20231116,948,23,21,1,25.06864,121.5107,1
500103004,20231116,949,23,21,1,25.06864,121.5107,1
500103004,20231116,951,23,20,1,25.06864,121.5107,2
500103004,20231116,952,23,20,1,25.06864,121.5107,2
500103004,20231116,953,23,20,1,25.06864,121.5107,2
500103004,20231116,954,23,20,1,25.06864,121.5107,2
500103004,20231116,955,23,20,1,25.06864,121.5107,2
500103004,20231116,956,23,20,1,25.06864,121.5107,2
500103004,20231116,957,23,20,1,25.06864,121.5107,2
500103004,20231116,958,23,20,1,25.06864,121.5107,2
500103004,20231116,959,23,20,1,25.06864,121.5107,2
500103004,20231116,961,23,20,1,25.06864,121.5107,2
500103004,20231116,962,23,20,1,25.06864,121.5107,2
500103004,20231116,963,23,20,1,25.06864,121.5107,2
500103004,20231116,964,23,20,1,25.06864,121.5107,2
500103004,20231116,965,23,20,1,25.06864,121.5107,2
500103004,20231116,966,23,20,1,25.06864,121.5107,2
500103004,20231116,967,23,20,1,25.06864,121.5107,2
500103004,20231116,968,23,20,1,25.06864,121.5107,2
500103004,20231116,969,23,20,1,25.06864,121.5107,2
500103004,20231116,971,23,20,1,25.06864,121.5107,2
500103004,20231116,972,23,20,1,25.06864,121.5107,2
500103004,20231116,973,23,20,1,25.06864,121.5107,2
500103004,20231116,974,23,20,1,25.06864,121.5107,2
500103004,20231116,975,23,20,1,25.06864,121.5107,2
500103004,20231116,976,23,20,1,25.06864,121.5107,2
500103004,20231116,978,23,20,1,25.06864,121.5107,2
500103004,20231116,979,23,21,1,25.06864,121.5107,1
500103004,20231116,981,23,21,1,25.06864,121.5107,1
500103004,20231116,982,23,20,1,25.06864,121.5107,2
500103004,20231116,983,23,20,1,25.06864,121.5107,2
500103004,20231116,984,23,20,1,25.06864,121.5107,2
500103004,20231116,985,23,20,1,25.06864,121.5107,2
500103004,20231116,986,23,20,1,25.06864,121.5107,2
500103004,20231116,987,23,20,1,25.06864,121.5107,2
500103004,20231116,988,23,20,1,25.06864,121.5107,2
500103004,20231116,989,23,20,1,25.06864,121.5107,2
500103004,20231116,991,23,20,1,25.06864,121.5107,2
500103004,20231116,992,23,21,1,25.06864,121.5107,1
500103004,20231116,993,23,21,1,25.06864,121.5107,1
500103004,20231116,994,23,21,1,25.06864,121.5107,1
500103004,20231116,995,23,21,1,25.06864,121.5107,1
500103004,20231116,996,23,21,1,25.06864,121.5107,1
500103004,20231116,997,23,21,1,25.06864,121.5107,1
500103004,20231116,998,23,21,1,25.06864,121.5107,1
500103004,20231116,999,23,22,1,25.06864,121.5107,0
500103004,20231116,1000,23,22,1,25.06864,121.5107,0
500103004,20231116,1001,23,22,1,25.06864,121.5107,0
500103004,20231116,1002,23,22,1,25.06864,121.5107,0
500103004,20231116,1003,23,22,1,25.06864,121.5107,0
500103004,20231116,1004,23,22,1,25.06864,121.5107,0
500103004,20231116,1005,23,22,1,25.06864,121.5107,0
500103004,20231116,1006,23,22,1,25.06864,121.5107,0
500103004,20231116,1007,23,22,1,25.06864,121.5107,0
500103004,20231116,1008,23,22,1,25.06864,121.5107,0
500103004,20231116,1009,23,22,1,25.06864,121.5107,0
500103004,20231116,1010,23,22,1,25.06864,121.5107,0
500103004,20231116,1011,23,22,1,25.06864,121.5107,0
500103004,20231116,1012,23,22,1,25.06864,121.5107,0
500103004,20231116,1013,23,21,1,25.06864,121.5107,1
500103004,20231116,1014,23,21,1,25.06864,121.5107,1
500103004,20231116,1015,23,21,1,25.06864,121.5107,1
500103004,20231116,1016,23,22,1,25.06864,121.5107,0
500103004,20231116,1017,23,22,1,25.06864,121.5107,0
500103004,20231116,1018,23,22,1,25.06864,121.5107,0
500103004,20231116,1019,23,22,1,25.06864,121.5107,0
500103004,20231116,1021,23,22,1,25.06864,121.5107,0
500103004,20231116,1022,23,22,1,25.06864,121.5107,0
500103004,20231116,1023,23,22,1,25.06864,121.5107,0
500103004,20231116,1024,23,22,1,25.06864,121.5107,0
500103004,20231116,1025,23,22,1,25.06864,121.5107,0
500103004,20231116,1026,23,22,1,25.06864,121.5107,0
500103004,20231116,1027,23,22,1,25.06864,121.5107,0
500103004,20231116,1028,23,22,1,25.06864,121.5107,0
500103004,20231116,1029,23,21,1,25.06864,121.5107,1
500103004,20231116,1030,23,19,1,25.06864,121.5107,3
500103004,20231116,1031,23,19,1,25.06864,121.5107,3
500103004,20231116,1032,23,19,1,25.06864,121.5107,3
500103004,20231116,1033,23,19,1,25.06864,121.5107,3
500103004,20231116,1034,23,19,1,25.06864,121.5107,3
500103004,20231116,1035,23,18,1,25.06864,121.5107,4
500103004,20231116,1036,23,18,1,25.06864,121.5107,4
500103004,20231116,1037,23,18,1,25.06864,121.5107,4
500103004,20231116,1038,23,18,1,25.06864,121.5107,4
500103004,20231116,1039,23,18,1,25.06864,121.5107,4
500103004,20231116,1041,23,18,1,25.06864,121.5107,4
500103004,20231116,1042,23,18,1,25.06864,121.5107,4
500103004,20231116,1043,23,16,1,25.06864,121.5107,6
500103004,20231116,1044,23,17,1,25.06864,121.5107,5
500103004,20231116,1045,23,17,1,25.06864,121.5107,5
500103004,20231116,1046,23,17,1,25.06864,121.5107,5
500103004,20231116,1047,23,18,1,25.06864,121.5107,4
500103004,20231116,1048,23,18,1,25.06864,121.5107,4
500103004,20231116,1049,23,18,1,25.06864,121.5107,4
500103004,20231116,1051,23,17,1,25.06864,121.5107,5
500103004,20231116,1052,23,17,1,25.06864,121.5107,5
500103004,20231116,1053,23,17,1,25.06864,121.5107,5
500103004,20231116,1054,23,17,1,25.06864,121.5107,5
500103004,20231116,1055,23,17,1,25.06864,121.5107,5
500103004,20231116,1056,23,17,1,25.06864,121.5107,5
500103004,20231116,1057,23,16,1,25.06864,121.5107,6
500103004,20231116,1058,23,18,1,25.06864,121.5107,4
500103004,20231116,1059,23,18,1,25.06864,121.5107,4
500103004,20231116,1060,23,18,1,25.06864,121.5107,4
500103004,20231116,1061,23,18,1,25.06864,121.5107,4
500103004,20231116,1062,23,17,1,25.06864,121.5107,5
500103004,20231116,1063,23,17,1,25.06864,121.5107,5
500103004,20231116,1064,23,16,1,25.06864,121.5107,6
500103004,20231116,1065,23,15,1,25.06864,121.5107,7
500103004,20231116,1066,23,15,1,25.06864,121.5107,7
500103004,20231116,1067,23,15,1,25.06864,121.5107,7
500103004,20231116,1068,23,15,1,25.06864,121.5107,7
500103004,20231116,1069,23,15,1,25.06864,121.5107,7
500103004,20231116,1070,23,15,1,25.06864,121.5107,7
500103004,20231116,1071,23,15,1,25.06864,121.5107,7
500103004,20231116,1072,23,15,1,25.06864,121.5107,7
500103004,20231116,1073,23,15,1,25.06864,121.5107,7
500103004,20231116,1074,23,15,1,25.06864,121.5107,7
500103004,20231116,1075,23,15,1,25.06864,121.5107,7
500103004,20231116,1076,23,15,1,25.06864,121.5107,7
500103004,20231116,1077,23,15,1,25.06864,121.5107,7
500103004,20231116,1078,23,15,1,25.06864,121.5107,7
500103004,20231116,1079,23,15,1,25.06864,121.5107,7
500103004,20231116,1081,23,15,1,25.06864,121.5107,7
500103004,20231116,1082,23,15,1,25.06864,121.5107,7
500103004,20231116,1083,23,15,1,25.06864,121.5107,7
500103004,20231116,1084,23,15,1,25.06864,121.5107,7
500103004,20231116,1085,23,15,1,25.06864,121.5107,7
500103004,20231116,1086,23,14,1,25.06864,121.5107,8
500103004,20231116,1087,23,14,1,25.06864,121.5107,8
500103004,20231116,1088,23,14,1,25.06864,121.5107,8
500103004,20231116,1089,23,14,1,25.06864,121.5107,8
500103004,20231116,1090,23,14,1,25.06864,121.5107,8
500103004,20231116,1091,23,14,1,25.06864,121.5107,8
500103004,20231116,1092,23,14,1,25.06864,121.5107,8
500103004,20231116,1093,23,14,1,25.06864,121.5107,8
500103004,20231116,1094,23,14,1,25.06864,121.5107,8
500103004,20231116,1095,23,13,1,25.06864,121.5107,9
500103004,20231116,1096,23,13,1,25.06864,121.5107,9
500103004,20231116,1097,23,13,1,25.06864,121.5107,9
500103004,20231116,1098,23,13,1,25.06864,121.5107,9
500103004,20231116,1099,23,13,1,25.06864,121.5107,9
500103004,20231116,1101,23,13,1,25.06864,121.5107,9
500103004,20231116,1102,23,13,1,25.06864,121.5107,9
500103004,20231116,1103,23,13,1,25.06864,121.5107,9
500103004,20231116,1104,23,11,1,25.06864,121.5107,11
500103004,20231116,1105,23,11,1,25.06864,121.5107,11
500103004,20231116,1106,23,11,1,25.06864,121.5107,11
500103004,20231116,1107,23,11,1,25.06864,121.5107,11
500103004,20231116,1108,23,11,1,25.06864,121.5107,11
500103004,20231116,1109,23,11,1,25.06864,121.5107,11
500103004,20231116,1111,23,11,1,25.06864,121.5107,11
500103004,20231116,1112,23,11,1,25.06864,121.5107,11
500103004,20231116,1113,23,11,1,25.06864,121.5107,11
500103004,20231116,1114,23,11,1,25.06864,121.5107,11
500103004,20231116,1115,23,11,1,25.06864,121.5107,11
500103004,20231116,1116,23,11,1,25.06864,121.5107,11
500103004,20231116,1117,23,10,1,25.06864,121.5107,12
500103004,20231116,1118,23,10,1,25.06864,121.5107,12
500103004,20231116,1119,23,10,1,25.06864,121.5107,12
500103004,20231116,1120,23,10,1,25.06864,121.5107,12
500103004,20231116,1121,23,10,1,25.06864,121.5107,12
500103004,20231116,1122,23,10,1,25.06864,121.5107,12
500103004,20231116,1123,23,10,1,25.06864,121.5107,12
500103004,20231116,1124,23,10,1,25.06864,121.5107,12
500103004,20231116,1125,23,10,1,25.06864,121.5107,12
500103004,20231116,1126,23,10,1,25.06864,121.5107,12
500103004,20231116,1127,23,10,1,25.06864,121.5107,12
500103004,20231116,1128,23,10,1,25.06864,121.5107,12
500103004,20231116,1129,23,10,1,25.06864,121.5107,12
500103004,20231116,1130,23,10,1,25.06864,121.5107,12
500103004,20231116,1131,23,10,1,25.06864,121.5107,12
500103004,20231116,1132,23,10,1,25.06864,121.5107,12
500103004,20231116,1133,23,10,1,25.06864,121.5107,12
500103004,20231116,1134,23,10,1,25.06864,121.5107,12
500103004,20231116,1135,23,10,1,25.06864,121.5107,12
500103004,20231116,1137,23,10,1,25.06864,121.5107,12
500103004,20231116,1138,23,10,1,25.06864,121.5107,12
500103004,20231116,1139,23,10,1,25.06864,121.5107,12
500103004,20231116,1141,23,10,1,25.06864,121.5107,12
500103004,20231116,1142,23,10,1,25.06864,121.5107,12
500103004,20231116,1143,23,10,1,25.06864,121.5107,12
500103004,20231116,1144,23,10,1,25.06864,121.5107,12
500103004,20231116,1145,23,10,1,25.06864,121.5107,12
500103004,20231116,1146,23,10,1,25.06864,121.5107,12
500103004,20231116,1147,23,10,1,25.06864,121.5107,12
500103004,20231116,1148,23,10,1,25.06864,121.5107,12
500103004,20231116,1149,23,10,1,25.06864,121.5107,12
500103004,20231116,1151,23,9,1,25.06864,121.5107,13
500103004,20231116,1152,23,9,1,25.06864,121.5107,13
500103004,20231116,1153,23,9,1,25.06864,121.5107,13
500103004,20231116,1154,23,8,1,25.06864,121.5107,14
500103004,20231116,1155,23,8,1,25.06864,121.5107,14
500103004,20231116,1157,23,8,1,25.06864,121.5107,14
500103004,20231116,1158,23,8,1,25.06864,121.5107,14
500103004,20231116,1159,23,8,1,25.06864,121.5107,14
500103004,20231116,1161,23,7,1,25.06864,121.5107,15
500103004,20231116,1162,23,7,1,25.06864,121.5107,15
500103004,20231116,1163,23,7,1,25.06864,121.5107,15
500103004,20231116,1164,23,7,1,25.06864,121.5107,15
500103004,20231116,1165,23,7,1,25.06864,121.5107,15
500103004,20231116,1166,23,7,1,25.06864,121.5107,15
500103004,20231116,1167,23,6,1,25.06864,121.5107,16
500103004,20231116,1168,23,6,1,25.06864,121.5107,16
500103004,20231116,1169,23,6,1,25.06864,121.5107,16
500103004,20231116,1171,23,6,1,25.06864,121.5107,16
500103004,20231116,1172,23,6,1,25.06864,121.5107,16
500103004,20231116,1173,23,6,1,25.06864,121.5107,16
500103004,20231116,1174,23,6,1,25.06864,121.5107,16
500103004,20231116,1175,23,6,1,25.06864,121.5107,16
500103004,20231116,1176,23,8,1,25.06864,121.5107,14
500103004,20231116,1177,23,12,1,25.06864,121.5107,10
500103004,20231116,1178,23,12,1,25.06864,121.5107,10
500103004,20231116,1179,23,16,1,25.06864,121.5107,6
500103004,20231116,1181,23,18,1,25.06864,121.5107,4
500103004,20231116,1182,23,18,1,25.06864,121.5107,4
500103004,20231116,1183,23,18,1,25.06864,121.5107,4
500103004,20231116,1184,23,18,1,25.06864,121.5107,4
500103004,20231116,1185,23,18,1,25.06864,121.5107,4
500103004,20231116,1186,23,18,1,25.06864,121.5107,4
500103004,20231116,1187,23,17,1,25.06864,121.5107,5
500103004,20231116,1188,23,17,1,25.06864,121.5107,5
500103004,20231116,1189,23,17,1,25.06864,121.5107,5
500103004,20231116,1191,23,17,1,25.06864,121.5107,5
500103004,20231116,1192,23,17,1,25.06864,121.5107,5
500103004,20231116,1193,23,17,1,25.06864,121.5107,5
500103004,20231116,1194,23,17,1,25.06864,121.5107,5
500103004,20231116,1195,23,17,1,25.06864,121.5107,5
500103004,20231116,1196,23,17,1,25.06864,121.5107,5
500103004,20231116,1197,23,17,1,25.06864,121.5107,5
500103004,20231116,1198,23,17,1,25.06864,121.5107,5
500103004,20231116,1199,23,17,1,25.06864,121.5107,5
500103004,20231116,1201,23,17,1,25.06864,121.5107,5
500103004,20231116,1202,23,17,1,25.06864,121.5107,5
500103004,20231116,1203,23,17,1,25.06864,121.5107,5
500103004,20231116,1204,23,17,1,25.06864,121.5107,5
500103004,20231116,1205,23,17,1,25.06864,121.5107,5
500103004,20231116,1206,23,17,1,25.06864,121.5107,5
500103004,20231116,1207,23,17,1,25.06864,121.5107,5
500103004,20231116,1208,23,17,1,25.06864,121.5107,5
500103004,20231116,1209,23,17,1,25.06864,121.5107,5
500103004,20231116,1211,23,17,1,25.06864,121.5107,5
500103004,20231116,1212,23,17,1,25.06864,121.5107,5
500103004,20231116,1213,23,17,1,25.06864,121.5107,5
500103004,20231116,1214,23,16,1,25.06864,121.5107,6
500103004,20231116,1215,23,16,1,25.06864,121.5107,6
500103004,20231116,1216,23,16,1,25.06864,121.5107,6
500103004,20231116,1217,23,16,1,25.06864,121.5107,6
500103004,20231116,1218,23,16,1,25.06864,121.5107,6
500103004,20231116,1219,23,16,1,25.06864,121.5107,6
500103004,20231116,1221,23,16,1,25.06864,121.5107,6
500103004,20231116,1222,23,16,1,25.06864,121.5107,6
500103004,20231116,1223,23,16,1,25.06864,121.5107,6
500103004,20231116,1224,23,16,1,25.06864,121.5107,6
500103004,20231116,1225,23,16,1,25.06864,121.5107,6
500103004,20231116,1226,23,16,1,25.06864,121.5107,6
500103004,20231116,1227,23,16,1,25.06864,121.5107,6
500103004,20231116,1228,23,15,1,25.06864,121.5107,7
500103004,20231116,1229,23,15,1,25.06864,121.5107,7
500103004,20231116,1231,23,15,1,25.06864,121.5107,7
500103004,20231116,1232,23,15,1,25.06864,121.5107,7
500103004,20231116,1233,23,15,1,25.06864,121.5107,7
500103004,20231116,1234,23,15,1,25.06864,121.5107,7
500103004,20231116,1235,23,15,1,25.06864,121.5107,7
500103004,20231116,1236,23,15,1,25.06864,121.5107,7
500103004,20231116,1237,23,15,1,25.06864,121.5107,7
500103004,20231116,1238,23,15,1,25.06864,121.5107,7
500103004,20231116,1239,23,15,1,25.06864,121.5107,7
500103004,20231116,1240,23,15,1,25.06864,121.5107,7
500103004,20231116,1241,23,15,1,25.06864,121.5107,7
500103004,20231116,1242,23,15,1,25.06864,121.5107,7
500103004,20231116,1243,23,15,1,25.06864,121.5107,7
500103004,20231116,1244,23,15,1,25.06864,121.5107,7
500103004,20231116,1245,23,15,1,25.06864,121.5107,7
500103004,20231116,1246,23,15,1,25.06864,121.5107,7
500103004,20231116,1247,23,15,1,25.06864,121.5107,7
500103004,20231116,1248,23,15,1,25.06864,121.5107,7
500103004,20231116,1249,23,15,1,25.06864,121.5107,7
500103004,20231116,1250,23,15,1,25.06864,121.5107,7
500103004,20231116,1251,23,15,1,25.06864,121.5107,7
500103004,20231116,1252,23,15,1,25.06864,121.5107,7
500103004,20231116,1253,23,14,1,25.06864,121.5107,8
500103004,20231116,1254,23,14,1,25.06864,121.5107,8
500103004,20231116,1255,23,14,1,25.06864,121.5107,8
500103004,20231116,1256,23,14,1,25.06864,121.5107,8
500103004,20231116,1257,23,15,1,25.06864,121.5107,7
500103004,20231116,1258,23,15,1,25.06864,121.5107,7
500103004,20231116,1259,23,15,1,25.06864,121.5107,7
500103004,20231116,1261,23,15,1,25.06864,121.5107,7
500103004,20231116,1262,23,15,1,25.06864,121.5107,7
500103004,20231116,1263,23,15,1,25.06864,121.5107,7
500103004,20231116,1264,23,15,1,25.06864,121.5107,7
500103004,20231116,1265,23,15,1,25.06864,121.5107,7
500103004,20231116,1266,23,15,1,25.06864,121.5107,7
500103004,20231116,1267,23,15,1,25.06864,121.5107,7
500103004,20231116,1268,23,15,1,25.06864,121.5107,7
500103004,20231116,1269,23,15,1,25.06864,121.5107,7
500103004,20231116,1270,23,15,1,25.06864,121.5107,7
500103004,20231116,1271,23,15,1,25.06864,121.5107,7
500103004,20231116,1272,23,15,1,25.06864,121.5107,7
500103004,20231116,1273,23,15,1,25.06864,121.5107,7
500103004,20231116,1274,23,15,1,25.06864,121.5107,7
500103004,20231116,1275,23,15,1,25.06864,121.5107,7
500103004,20231116,1276,23,15,1,25.06864,121.5107,7
500103004,20231116,1277,23,15,1,25.06864,121.5107,7
500103004,20231116,1278,23,14,1,25.06864,121.5107,8
500103004,20231116,1279,23,14,1,25.06864,121.5107,8
500103004,20231116,1281,23,13,1,25.06864,121.5107,9
500103004,20231116,1282,23,13,1,25.06864,121.5107,9
500103004,20231116,1283,23,13,1,25.06864,121.5107,9
500103004,20231116,1284,23,13,1,25.06864,121.5107,9
500103004,20231116,1285,23,13,1,25.06864,121.5107,9
500103004,20231116,1286,23,13,1,25.06864,121.5107,9
500103004,20231116,1287,23,13,1,25.06864,121.5107,9
500103004,20231116,1288,23,13,1,25.06864,121.5107,9
500103004,20231116,1289,23,13,1,25.06864,121.5107,9
500103004,20231116,1290,23,13,1,25.06864,121.5107,9
500103004,20231116,1291,23,13,1,25.06864,121.5107,9
500103004,20231116,1292,23,13,1,25.06864,121.5107,9
500103004,20231116,1293,23,13,1,25.06864,121.5107,9
500103004,20231116,1294,23,13,1,25.06864,121.5107,9
500103004,20231116,1295,23,13,1,25.06864,121.5107,9
500103004,20231116,1296,23,13,1,25.06864,121.5107,9
500103004,20231116,1297,23,13,1,25.06864,121.5107,9
500103004,20231116,1298,23,13,1,25.06864,121.5107,9
500103004,20231116,1299,23,13,1,25.06864,121.5107,9
500103004,20231116,1300,23,13,1,25.06864,121.5107,9
500103004,20231116,1301,23,13,1,25.06864,121.5107,9
500103004,20231116,1302,23,13,1,25.06864,121.5107,9
500103004,20231116,1303,23,13,1,25.06864,121.5107,9
500103004,20231116,1304,23,13,1,25.06864,121.5107,9
500103004,20231116,1305,23,13,1,25.06864,121.5107,9
500103004,20231116,1306,23,13,1,25.06864,121.5107,9
500103004,20231116,1307,23,13,1,25.06864,121.5107,9
500103004,20231116,1308,23,13,1,25.06864,121.5107,9
500103004,20231116,1309,23,13,1,25.06864,121.5107,9
500103004,20231116,1310,23,13,1,25.06864,121.5107,9
500103004,20231116,1311,23,13,1,25.06864,121.5107,9
500103004,20231116,1312,23,13,1,25.06864,121.5107,9
500103004,20231116,1313,23,13,1,25.06864,121.5107,9
500103004,20231116,1314,23,13,1,25.06864,121.5107,9
500103004,20231116,1315,23,13,1,25.06864,121.5107,9
500103004,20231116,1316,23,13,1,25.06864,121.5107,9
500103004,20231116,1317,23,12,1,25.06864,121.5107,10
500103004,20231116,1318,23,12,1,25.06864,121.5107,10
500103004,20231116,1319,23,12,1,25.06864,121.5107,10
500103004,20231116,1321,23,12,1,25.06864,121.5107,10
500103004,20231116,1322,23,12,1,25.06864,121.5107,10
500103004,20231116,1323,23,12,1,25.06864,121.5107,10
500103004,20231116,1324,23,12,1,25.06864,121.5107,10
500103004,20231116,1325,23,12,1,25.06864,121.5107,10
500103004,20231116,1326,23,12,1,25.06864,121.5107,10
500103004,20231116,1327,23,12,1,25.06864,121.5107,10
500103004,20231116,1328,23,12,1,25.06864,121.5107,10
500103004,20231116,1329,23,12,1,25.06864,121.5107,10
500103004,20231116,1330,23,12,1,25.06864,121.5107,10
500103004,20231116,1331,23,12,1,25.06864,121.5107,10
500103004,20231116,1332,23,12,1,25.06864,121.5107,10
500103004,20231116,1333,23,12,1,25.06864,121.5107,10
500103004,20231116,1334,23,12,1,25.06864,121.5107,10
500103004,20231116,1335,23,12,1,25.06864,121.5107,10
500103004,20231116,1336,23,12,1,25.06864,121.5107,10
500103004,20231116,1337,23,12,1,25.06864,121.5107,10
500103004,20231116,1338,23,12,1,25.06864,121.5107,10
500103004,20231116,1339,23,12,1,25.06864,121.5107,10
500103004,20231116,1341,23,12,1,25.06864,121.5107,10
500103004,20231116,1342,23,12,1,25.06864,121.5107,10
500103004,20231116,1343,23,12,1,25.06864,121.5107,10
500103004,20231116,1344,23,12,1,25.06864,121.5107,10
500103004,20231116,1345,23,12,1,25.06864,121.5107,10
500103004,20231116,1346,23,12,1,25.06864,121.5107,10
500103004,20231116,1347,23,12,1,25.06864,121.5107,10
500103004,20231116,1348,23,12,1,25.06864,121.5107,10
500103004,20231116,1349,23,12,1,25.06864,121.5107,10
500103004,20231116,1350,23,12,1,25.06864,121.5107,10
500103004,20231116,1351,23,12,1,25.06864,121.5107,10
500103004,20231116,1352,23,12,1,25.06864,121.5107,10
500103004,20231116,1353,23,12,1,25.06864,121.5107,10
500103004,20231116,1354,23,12,1,25.06864,121.5107,10
500103004,20231116,1355,23,12,1,25.06864,121.5107,10
500103004,20231116,1356,23,12,1,25.06864,121.5107,10
500103004,20231116,1357,23,12,1,25.06864,121.5107,10
500103004,20231116,1358,23,12,1,25.06864,121.5107,10
500103004,20231116,1359,23,12,1,25.06864,121.5107,10
500103004,20231116,1360,23,12,1,25.06864,121.5107,10
500103004,20231116,1361,23,12,1,25.06864,121.5107,10
500103004,20231116,1362,23,12,1,25.06864,121.5107,10
500103004,20231116,1363,23,12,1,25.06864,121.5107,10
500103004,20231116,1364,23,12,1,25.06864,121.5107,10
500103004,20231116,1365,23,12,1,25.06864,121.5107,10
500103004,20231116,1366,23,12,1,25.06864,121.5107,10
500103004,20231116,1367,23,12,1,25.06864,121.5107,10
500103004,20231116,1368,23,11,1,25.06864,121.5107,11
500103004,20231116,1369,23,10,1,25.06864,121.5107,12
500103004,20231116,1370,23,10,1,25.06864,121.5107,12
500103004,20231116,1371,23,10,1,25.06864,121.5107,12
500103004,20231116,1372,23,10,1,25.06864,121.5107,12
500103004,20231116,1373,23,10,1,25.06864,121.5107,12
500103004,20231116,1374,23,10,1,25.06864,121.5107,12
500103004,20231116,1375,23,10,1,25.06864,121.5107,12
500103004,20231116,1376,23,10,1,25.06864,121.5107,12
500103004,20231116,1377,23,10,1,25.06864,121.5107,12
500103004,20231116,1378,23,10,1,25.06864,121.5107,12
500103004,20231116,1379,23,9,1,25.06864,121.5107,13
500103004,20231116,1381,23,9,1,25.06864,121.5107,13
500103004,20231116,1382,23,9,1,25.06864,121.5107,13
500103004,20231116,1383,23,9,1,25.06864,121.5107,13
500103004,20231116,1384,23,9,1,25.06864,121.5107,13
500103004,20231116,1385,23,9,1,25.06864,121.5107,13
500103004,20231116,1386,23,9,1,25.06864,121.5107,13
500103004,20231116,1387,23,9,1,25.06864,121.5107,13
500103004,20231116,1388,23,9,1,25.06864,121.5107,13
500103004,20231116,1389,23,9,1,25.06864,121.5107,13
500103004,20231116,1390,23,9,1,25.06864,121.5107,13
500103004,20231116,1391,23,9,1,25.06864,121.5107,13
500103004,20231116,1392,23,9,1,25.06864,121.5107,13
500103004,20231116,1393,23,9,1,25.06864,121.5107,13
500103004,20231116,1394,23,9,1,25.06864,121.5107,13
500103004,20231116,1395,23,9,1,25.06864,121.5107,13
500103004,20231116,1396,23,10,1,25.06864,121.5107,12
500103004,20231116,1397,23,13,1,25.06864,121.5107,9
500103004,20231116,1398,23,13,1,25.06864,121.5107,9
500103004,20231116,1399,23,13,1,25.06864,121.5107,9
500103004,20231116,1401,23,13,1,25.06864,121.5107,9
500103004,20231116,1403,23,13,1,25.06864,121.5107,9
500103004,20231116,1404,23,13,1,25.06864,121.5107,9
500103004,20231116,1405,23,13,1,25.06864,121.5107,9
500103004,20231116,1406,23,13,1,25.06864,121.5107,9
500103004,20231116,1407,23,13,1,25.06864,121.5107,9
500103004,20231116,1408,23,13,1,25.06864,121.5107,9
500103004,20231116,1409,23,13,1,25.06864,121.5107,9
500103004,20231116,1411,23,13,1,25.06864,121.5107,9
500103004,20231116,1412,23,13,1,25.06864,121.5107,9
500103004,20231116,1413,23,13,1,25.06864,121.5107,9
500103004,20231116,1414,23,13,1,25.06864,121.5107,9
500103004,20231116,1415,23,13,1,25.06864,121.5107,9
500103004,20231116,1416,23,13,1,25.06864,121.5107,9
500103004,20231116,1417,23,13,1,25.06864,121.5107,9
500103004,20231116,1418,23,12,1,25.06864,121.5107,10
500103004,20231116,1419,23,12,1,25.06864,121.5107,10
500103004,20231116,1421,23,11,1,25.06864,121.5107,11
500103004,20231116,1422,23,11,1,25.06864,121.5107,11
500103004,20231116,1423,23,11,1,25.06864,121.5107,11
500103004,20231116,1424,23,11,1,25.06864,121.5107,11
500103004,20231116,1425,23,11,1,25.06864,121.5107,11
500103004,20231116,1426,23,11,1,25.06864,121.5107,11
500103004,20231116,1427,23,10,1,25.06864,121.5107,12
500103004,20231116,1428,23,10,1,25.06864,121.5107,12
500103004,20231116,1429,23,10,1,25.06864,121.5107,12
500103004,20231116,1431,23,10,1,25.06864,121.5107,12
500103004,20231116,1432,23,10,1,25.06864,121.5107,12
500103004,20231116,1433,23,10,1,25.06864,121.5107,12
500103004,20231116,1434,23,10,1,25.06864,121.5107,12
500103004,20231116,1435,23,10,1,25.06864,121.5107,12
500103004,20231116,1436,23,10,1,25.06864,121.5107,12
500103004,20231116,1437,23,10,1,25.06864,121.5107,12
500103004,20231116,1438,23,10,1,25.06864,121.5107,12
500103004,20231116,1439,23,10,1,25.06864,121.5107,12
500103004,20231117,1,23,10,1,25.06864,121.5107,12
500103004,20231117,2,23,10,1,25.06864,121.5107,12
500103004,20231117,3,23,10,1,25.06864,121.5107,12
500103004,20231117,4,23,10,1,25.06864,121.5107,12
500103004,20231117,5,23,10,1,25.06864,121.5107,12
500103004,20231117,6,23,10,1,25.06864,121.5107,12
500103004,20231117,7,23,10,1,25.06864,121.5107,12
500103004,20231117,8,23,10,1,25.06864,121.5107,12
500103004,20231117,9,23,10,1,25.06864,121.5107,12
500103004,20231117,11,23,10,1,25.06864,121.5107,12
500103004,20231117,12,23,10,1,25.06864,121.5107,12
500103004,20231117,13,23,10,1,25.06864,121.5107,12
500103004,20231117,14,23,10,1,25.06864,121.5107,12
500103004,20231117,15,23,10,1,25.06864,121.5107,12
500103004,20231117,16,23,10,1,25.06864,121.5107,12
500103004,20231117,17,23,10,1,25.06864,121.5107,12
500103004,20231117,18,23,10,1,25.06864,121.5107,12
500103004,20231117,19,23,10,1,25.06864,121.5107,12
500103004,20231117,21,23,10,1,25.06864,121.5107,12
500103004,20231117,22,23,10,1,25.06864,121.5107,12
500103004,20231117,23,23,10,1,25.06864,121.5107,12
500103004,20231117,24,23,10,1,25.06864,121.5107,12
500103004,20231117,25,23,10,1,25.06864,121.5107,12
500103004,20231117,26,23,10,1,25.06864,121.5107,12
500103004,20231117,27,23,10,1,25.06864,121.5107,12
500103004,20231117,28,23,10,1,25.06864,121.5107,12
500103004,20231117,29,23,10,1,25.06864,121.5107,12
500103004,20231117,31,23,10,1,25.06864,121.5107,12
500103004,20231117,32,23,10,1,25.06864,121.5107,12
500103004,20231117,33,23,10,1,25.06864,121.5107,12
500103004,20231117,34,23,10,1,25.06864,121.5107,12
500103004,20231117,35,23,10,1,25.06864,121.5107,12
500103004,20231117,36,23,10,1,25.06864,121.5107,12
500103004,20231117,37,23,10,1,25.06864,121.5107,12
500103004,20231117,38,23,10,1,25.06864,121.5107,12
500103004,20231117,39,23,10,1,25.06864,121.5107,12
500103004,20231117,41,23,10,1,25.06864,121.5107,12
500103004,20231117,42,23,10,1,25.06864,121.5107,12
500103004,20231117,43,23,10,1,25.06864,121.5107,12
500103004,20231117,44,23,10,1,25.06864,121.5107,12
500103004,20231117,45,23,10,1,25.06864,121.5107,12
500103004,20231117,46,23,10,1,25.06864,121.5107,12
500103004,20231117,47,23,10,1,25.06864,121.5107,12
500103004,20231117,48,23,10,1,25.06864,121.5107,12
500103004,20231117,49,23,10,1,25.06864,121.5107,12
500103004,20231117,51,23,10,1,25.06864,121.5107,12
500103004,20231117,52,23,10,1,25.06864,121.5107,12
500103004,20231117,53,23,10,1,25.06864,121.5107,12
500103004,20231117,54,23,10,1,25.06864,121.5107,12
500103004,20231117,55,23,10,1,25.06864,121.5107,12
500103004,20231117,56,23,10,1,25.06864,121.5107,12
500103004,20231117,57,23,10,1,25.06864,121.5107,12
500103004,20231117,58,23,10,1,25.06864,121.5107,12
500103004,20231117,59,23,10,1,25.06864,121.5107,12
500103004,20231117,61,23,10,1,25.06864,121.5107,12
500103004,20231117,62,23,10,1,25.06864,121.5107,12
500103004,20231117,63,23,10,1,25.06864,121.5107,12
500103004,20231117,64,23,10,1,25.06864,121.5107,12
500103004,20231117,65,23,10,1,25.06864,121.5107,12
500103004,20231117,66,23,10,1,25.06864,121.5107,12
500103004,20231117,67,23,10,1,25.06864,121.5107,12
500103004,20231117,68,23,10,1,25.06864,121.5107,12
500103004,20231117,69,23,10,1,25.06864,121.5107,12
500103004,20231117,70,23,10,1,25.06864,121.5107,12
500103004,20231117,71,23,9,1,25.06864,121.5107,13
500103004,20231117,72,23,9,1,25.06864,121.5107,13
500103004,20231117,73,23,9,1,25.06864,121.5107,13
500103004,20231117,74,23,9,1,25.06864,121.5107,13
500103004,20231117,75,23,9,1,25.06864,121.5107,13
500103004,20231117,76,23,9,1,25.06864,121.5107,13
500103004,20231117,77,23,8,1,25.06864,121.5107,14
500103004,20231117,78,23,8,1,25.06864,121.5107,14
500103004,20231117,79,23,8,1,25.06864,121.5107,14
500103004,20231117,81,23,8,1,25.06864,121.5107,14
500103004,20231117,82,23,8,1,25.06864,121.5107,14
500103004,20231117,83,23,8,1,25.06864,121.5107,14
500103004,20231117,84,23,8,1,25.06864,121.5107,14
500103004,20231117,85,23,8,1,25.06864,121.5107,14
500103004,20231117,86,23,8,1,25.06864,121.5107,14
500103004,20231117,87,23,8,1,25.06864,121.5107,14
500103004,20231117,88,23,8,1,25.06864,121.5107,14
500103004,20231117,89,23,8,1,25.06864,121.5107,14
500103004,20231117,90,23,8,1,25.06864,121.5107,14
500103004,20231117,91,23,8,1,25.06864,121.5107,14
500103004,20231117,92,23,8,1,25.06864,121.5107,14
500103004,20231117,93,23,8,1,25.06864,121.5107,14
500103004,20231117,94,23,8,1,25.06864,121.5107,14
500103004,20231117,95,23,8,1,25.06864,121.5107,14
500103004,20231117,96,23,8,1,25.06864,121.5107,14
500103004,20231117,97,23,8,1,25.06864,121.5107,14
500103004,20231117,98,23,8,1,25.06864,121.5107,14
500103004,20231117,99,23,8,1,25.06864,121.5107,14
500103004,20231117,100,23,8,1,25.06864,121.5107,14
500103004,20231117,101,23,8,1,25.06864,121.5107,14
500103004,20231117,102,23,8,1,25.06864,121.5107,14
500103004,20231117,103,23,8,1,25.06864,121.5107,14
500103004,20231117,104,23,8,1,25.06864,121.5107,14
500103004,20231117,105,23,8,1,25.06864,121.5107,14
500103004,20231117,106,23,8,1,25.06864,121.5107,14
500103004,20231117,107,23,8,1,25.06864,121.5107,14
500103004,20231117,108,23,8,1,25.06864,121.5107,14
500103004,20231117,109,23,8,1,25.06864,121.5107,14
500103004,20231117,110,23,8,1,25.06864,121.5107,14
500103004,20231117,111,23,8,1,25.06864,121.5107,14
500103004,20231117,113,23,8,1,25.06864,121.5107,14
500103004,20231117,114,23,8,1,25.06864,121.5107,14
500103004,20231117,115,23,8,1,25.06864,121.5107,14
500103004,20231117,116,23,8,1,25.06864,121.5107,14
500103004,20231117,117,23,8,1,25.06864,121.5107,14
500103004,20231117,118,23,8,1,25.06864,121.5107,14
500103004,20231117,119,23,8,1,25.06864,121.5107,14
500103004,20231117,121,23,8,1,25.06864,121.5107,14
500103004,20231117,122,23,8,1,25.06864,121.5107,14
500103004,20231117,123,23,8,1,25.06864,121.5107,14
500103004,20231117,124,23,8,1,25.06864,121.5107,14
500103004,20231117,125,23,8,1,25.06864,121.5107,14
500103004,20231117,126,23,8,1,25.06864,121.5107,14
500103004,20231117,127,23,8,1,25.06864,121.5107,14
500103004,20231117,128,23,7,1,25.06864,121.5107,15
500103004,20231117,129,23,7,1,25.06864,121.5107,15
500103004,20231117,130,23,7,1,25.06864,121.5107,15
500103004,20231117,131,23,7,1,25.06864,121.5107,15
500103004,20231117,132,23,7,1,25.06864,121.5107,15
500103004,20231117,133,23,7,1,25.06864,121.5107,15
500103004,20231117,134,23,7,1,25.06864,121.5107,15
500103004,20231117,135,23,7,1,25.06864,121.5107,15
500103004,20231117,136,23,7,1,25.06864,121.5107,15
500103004,20231117,137,23,7,1,25.06864,121.5107,15
500103004,20231117,138,23,7,1,25.06864,121.5107,15
500103004,20231117,139,23,7,1,25.06864,121.5107,15
500103004,20231117,141,23,7,1,25.06864,121.5107,15
500103004,20231117,142,23,7,1,25.06864,121.5107,15
500103004,20231117,143,23,7,1,25.06864,121.5107,15
500103004,20231117,144,23,7,1,25.06864,121.5107,15
500103004,20231117,145,23,7,1,25.06864,121.5107,15
500103004,20231117,146,23,7,1,25.06864,121.5107,15
500103004,20231117,147,23,7,1,25.06864,121.5107,15
500103004,20231117,148,23,7,1,25.06864,121.5107,15
500103004,20231117,149,23,7,1,25.06864,121.5107,15
500103004,20231117,150,23,7,1,25.06864,121.5107,15
500103004,20231117,151,23,7,1,25.06864,121.5107,15
500103004,20231117,152,23,7,1,25.06864,121.5107,15
500103004,20231117,153,23,7,1,25.06864,121.5107,15
500103004,20231117,154,23,7,1,25.06864,121.5107,15
500103004,20231117,155,23,7,1,25.06864,121.5107,15
500103004,20231117,156,23,7,1,25.06864,121.5107,15
500103004,20231117,157,23,7,1,25.06864,121.5107,15
500103004,20231117,158,23,7,1,25.06864,121.5107,15
500103004,20231117,159,23,7,1,25.06864,121.5107,15
500103004,20231117,160,23,7,1,25.06864,121.5107,15
500103004,20231117,161,23,7,1,25.06864,121.5107,15
500103004,20231117,162,23,7,1,25.06864,121.5107,15
500103004,20231117,163,23,7,1,25.06864,121.5107,15
500103004,20231117,164,23,7,1,25.06864,121.5107,15
500103004,20231117,165,23,7,1,25.06864,121.5107,15
500103004,20231117,166,23,7,1,25.06864,121.5107,15
500103004,20231117,167,23,7,1,25.06864,121.5107,15
500103004,20231117,168,23,7,1,25.06864,121.5107,15
500103004,20231117,169,23,7,1,25.06864,121.5107,15
500103004,20231117,170,23,7,1,25.06864,121.5107,15
500103004,20231117,171,23,7,1,25.06864,121.5107,15
500103004,20231117,172,23,7,1,25.06864,121.5107,15
500103004,20231117,173,23,7,1,25.06864,121.5107,15
500103004,20231117,174,23,7,1,25.06864,121.5107,15
500103004,20231117,175,23,7,1,25.06864,121.5107,15
500103004,20231117,176,23,7,1,25.06864,121.5107,15
500103004,20231117,177,23,7,1,25.06864,121.5107,15
500103004,20231117,178,23,7,1,25.06864,121.5107,15
500103004,20231117,179,23,7,1,25.06864,121.5107,15
500103004,20231117,180,23,7,1,25.06864,121.5107,15
500103004,20231117,181,23,7,1,25.06864,121.5107,15
500103004,20231117,182,23,7,1,25.06864,121.5107,15
500103004,20231117,183,23,7,1,25.06864,121.5107,15
500103004,20231117,184,23,7,1,25.06864,121.5107,15
500103004,20231117,185,23,7,1,25.06864,121.5107,15
500103004,20231117,186,23,7,1,25.06864,121.5107,15
500103004,20231117,187,23,7,1,25.06864,121.5107,15
500103004,20231117,188,23,7,1,25.06864,121.5107,15
500103004,20231117,189,23,7,1,25.06864,121.5107,15
500103004,20231117,190,23,7,1,25.06864,121.5107,15
500103004,20231117,191,23,7,1,25.06864,121.5107,15
500103004,20231117,192,23,7,1,25.06864,121.5107,15
500103004,20231117,193,23,7,1,25.06864,121.5107,15
500103004,20231117,194,23,7,1,25.06864,121.5107,15
500103004,20231117,195,23,7,1,25.06864,121.5107,16
500103004,20231117,196,23,7,1,25.06864,121.5107,16
500103004,20231117,197,23,7,1,25.06864,121.5107,16
500103004,20231117,198,23,7,1,25.06864,121.5107,16
500103004,20231117,199,23,7,1,25.06864,121.5107,16
500103004,20231117,201,23,7,1,25.06864,121.5107,16
500103004,20231117,202,23,7,1,25.06864,121.5107,16
500103004,20231117,203,23,7,1,25.06864,121.5107,16
500103004,20231117,204,23,7,1,25.06864,121.5107,16
500103004,20231117,205,23,7,1,25.06864,121.5107,16
500103004,20231117,206,23,7,1,25.06864,121.5107,16
500103004,20231117,207,23,7,1,25.06864,121.5107,16
500103004,20231117,208,23,7,1,25.06864,121.5107,16
500103004,20231117,209,23,7,1,25.06864,121.5107,16
500103004,20231117,210,23,7,1,25.06864,121.5107,16
500103004,20231117,211,23,7,1,25.06864,121.5107,16
500103004,20231117,212,23,7,1,25.06864,121.5107,16
500103004,20231117,213,23,7,1,25.06864,121.5107,16
500103004,20231117,214,23,7,1,25.06864,121.5107,16
500103004,20231117,215,23,7,1,25.06864,121.5107,16
500103004,20231117,216,23,7,1,25.06864,121.5107,16
500103004,20231117,218,23,7,1,25.06864,121.5107,16
500103004,20231117,219,23,7,1,25.06864,121.5107,16
500103004,20231117,221,23,7,1,25.06864,121.5107,16
500103004,20231117,222,23,7,1,25.06864,121.5107,16
500103004,20231117,223,23,7,1,25.06864,121.5107,16
500103004,20231117,224,23,7,1,25.06864,121.5107,16
500103004,20231117,225,23,7,1,25.06864,121.5107,16
500103004,20231117,226,23,7,1,25.06864,121.5107,16
500103004,20231117,227,23,7,1,25.06864,121.5107,16
500103004,20231117,228,23,7,1,25.06864,121.5107,16
500103004,20231117,229,23,7,1,25.06864,121.5107,16
500103004,20231117,231,23,7,1,25.06864,121.5107,16
500103004,20231117,232,23,7,1,25.06864,121.5107,16
500103004,20231117,233,23,7,1,25.06864,121.5107,16
500103004,20231117,234,23,7,1,25.06864,121.5107,16
500103004,20231117,235,23,7,1,25.06864,121.5107,16
500103004,20231117,236,23,7,1,25.06864,121.5107,16
500103004,20231117,237,23,7,1,25.06864,121.5107,16
500103004,20231117,238,23,7,1,25.06864,121.5107,16
500103004,20231117,239,23,7,1,25.06864,121.5107,16
500103004,20231117,241,23,7,1,25.06864,121.5107,16
500103004,20231117,242,23,7,1,25.06864,121.5107,16
500103004,20231117,243,23,7,1,25.06864,121.5107,16
500103004,20231117,244,23,7,1,25.06864,121.5107,16
500103004,20231117,245,23,7,1,25.06864,121.5107,16
500103004,20231117,246,23,7,1,25.06864,121.5107,16
500103004,20231117,247,23,7,1,25.06864,121.5107,16
500103004,20231117,248,23,7,1,25.06864,121.5107,16
500103004,20231117,249,23,7,1,25.06864,121.5107,16
500103004,20231117,251,23,7,1,25.06864,121.5107,16
500103004,20231117,252,23,7,1,25.06864,121.5107,16
500103004,20231117,253,23,7,1,25.06864,121.5107,16
500103004,20231117,254,23,7,1,25.06864,121.5107,16
500103004,20231117,255,23,7,1,25.06864,121.5107,16
500103004,20231117,256,23,7,1,25.06864,121.5107,16
500103004,20231117,257,23,7,1,25.06864,121.5107,16
500103004,20231117,258,23,6,1,25.06864,121.5107,17
500103004,20231117,259,23,6,1,25.06864,121.5107,17
500103004,20231117,261,23,6,1,25.06864,121.5107,17
500103004,20231117,262,23,6,1,25.06864,121.5107,17
500103004,20231117,263,23,6,1,25.06864,121.5107,17
500103004,20231117,264,23,6,1,25.06864,121.5107,17
500103004,20231117,265,23,6,1,25.06864,121.5107,17
500103004,20231117,266,23,6,1,25.06864,121.5107,17
500103004,20231117,267,23,6,1,25.06864,121.5107,17
500103004,20231117,268,23,6,1,25.06864,121.5107,17
500103004,20231117,269,23,6,1,25.06864,121.5107,17
500103004,20231117,271,23,6,1,25.06864,121.5107,17
500103004,20231117,272,23,6,1,25.06864,121.5107,17
500103004,20231117,273,23,6,1,25.06864,121.5107,17
500103004,20231117,274,23,6,1,25.06864,121.5107,17
500103004,20231117,275,23,6,1,25.06864,121.5107,17
500103004,20231117,276,23,6,1,25.06864,121.5107,17
500103004,20231117,277,23,6,1,25.06864,121.5107,17
500103004,20231117,278,23,6,1,25.06864,121.5107,17
500103004,20231117,279,23,6,1,25.06864,121.5107,17
500103004,20231117,281,23,6,1,25.06864,121.5107,17
500103004,20231117,282,23,6,1,25.06864,121.5107,17
500103004,20231117,283,23,6,1,25.06864,121.5107,17
500103004,20231117,284,23,6,1,25.06864,121.5107,17
500103004,20231117,285,23,6,1,25.06864,121.5107,17
500103004,20231117,286,23,6,1,25.06864,121.5107,17
500103004,20231117,287,23,6,1,25.06864,121.5107,17
500103004,20231117,288,23,6,1,25.06864,121.5107,17
500103004,20231117,289,23,6,1,25.06864,121.5107,17
500103004,20231117,291,23,7,1,25.06864,121.5107,16
500103004,20231117,292,23,7,1,25.06864,121.5107,16
500103004,20231117,293,23,7,1,25.06864,121.5107,16
500103004,20231117,294,23,7,1,25.06864,121.5107,16
500103004,20231117,295,23,7,1,25.06864,121.5107,16
500103004,20231117,296,23,7,1,25.06864,121.5107,16
500103004,20231117,297,23,7,1,25.06864,121.5107,16
500103004,20231117,298,23,7,1,25.06864,121.5107,16
500103004,20231117,299,23,7,1,25.06864,121.5107,16
500103004,20231117,300,23,7,1,25.06864,121.5107,16
500103004,20231117,301,23,7,1,25.06864,121.5107,16
500103004,20231117,302,23,7,1,25.06864,121.5107,16
500103004,20231117,303,23,7,1,25.06864,121.5107,16
500103004,20231117,304,23,7,1,25.06864,121.5107,16
500103004,20231117,305,23,7,1,25.06864,121.5107,16
500103004,20231117,306,23,6,1,25.06864,121.5107,17
500103004,20231117,307,23,6,1,25.06864,121.5107,17
500103004,20231117,308,23,6,1,25.06864,121.5107,17
500103004,20231117,309,23,6,1,25.06864,121.5107,17
500103004,20231117,310,23,6,1,25.06864,121.5107,17
500103004,20231117,311,23,6,1,25.06864,121.5107,17
500103004,20231117,312,23,6,1,25.06864,121.5107,17
500103004,20231117,313,23,6,1,25.06864,121.5107,17
500103004,20231117,314,23,6,1,25.06864,121.5107,17
500103004,20231117,315,23,6,1,25.06864,121.5107,17
500103004,20231117,316,23,6,1,25.06864,121.5107,17
500103004,20231117,317,23,6,1,25.06864,121.5107,17
500103004,20231117,318,23,6,1,25.06864,121.5107,17
500103004,20231117,319,23,6,1,25.06864,121.5107,17
500103004,20231117,321,23,6,1,25.06864,121.5107,17
500103004,20231117,322,23,6,1,25.06864,121.5107,17
500103004,20231117,323,23,6,1,25.06864,121.5107,17
500103004,20231117,324,23,6,1,25.06864,121.5107,17
500103004,20231117,325,23,6,1,25.06864,121.5107,17
500103004,20231117,326,23,6,1,25.06864,121.5107,17
500103004,20231117,327,23,6,1,25.06864,121.5107,17
500103004,20231117,328,23,6,1,25.06864,121.5107,17
500103004,20231117,329,23,6,1,25.06864,121.5107,17
500103004,20231117,330,23,6,1,25.06864,121.5107,17
500103004,20231117,331,23,6,1,25.06864,121.5107,17
500103004,20231117,332,23,6,1,25.06864,121.5107,17
500103004,20231117,333,23,6,1,25.06864,121.5107,17
500103004,20231117,334,23,6,1,25.06864,121.5107,17
500103004,20231117,335,23,6,1,25.06864,121.5107,17
500103004,20231117,336,23,6,1,25.06864,121.5107,17
500103004,20231117,337,23,6,1,25.06864,121.5107,17
500103004,20231117,338,23,6,1,25.06864,121.5107,17
500103004,20231117,339,23,6,1,25.06864,121.5107,17
500103004,20231117,340,23,6,1,25.06864,121.5107,17
500103004,20231117,341,23,6,1,25.06864,121.5107,17
500103004,20231117,342,23,6,1,25.06864,121.5107,17
500103004,20231117,343,23,6,1,25.06864,121.5107,17
500103004,20231117,344,23,6,1,25.06864,121.5107,17
500103004,20231117,345,23,6,1,25.06864,121.5107,17
500103004,20231117,346,23,6,1,25.06864,121.5107,17
500103004,20231117,347,23,6,1,25.06864,121.5107,17
500103004,20231117,348,23,6,1,25.06864,121.5107,17
500103004,20231117,349,23,6,1,25.06864,121.5107,17
500103004,20231117,350,23,6,1,25.06864,121.5107,17
500103004,20231117,351,23,6,1,25.06864,121.5107,17
500103004,20231117,352,23,6,1,25.06864,121.5107,17
500103004,20231117,353,23,6,1,25.06864,121.5107,17
500103004,20231117,354,23,6,1,25.06864,121.5107,17
500103004,20231117,355,23,6,1,25.06864,121.5107,17
500103004,20231117,356,23,6,1,25.06864,121.5107,17
500103004,20231117,357,23,6,1,25.06864,121.5107,17
500103004,20231117,358,23,7,1,25.06864,121.5107,16
500103004,20231117,359,23,7,1,25.06864,121.5107,16
500103004,20231117,360,23,7,1,25.06864,121.5107,16
500103004,20231117,361,23,7,1,25.06864,121.5107,16
500103004,20231117,362,23,6,1,25.06864,121.5107,17
500103004,20231117,363,23,6,1,25.06864,121.5107,17
500103004,20231117,364,23,7,1,25.06864,121.5107,16
500103004,20231117,365,23,7,1,25.06864,121.5107,16
500103004,20231117,366,23,8,1,25.06864,121.5107,15
500103004,20231117,367,23,8,1,25.06864,121.5107,15
500103004,20231117,368,23,8,1,25.06864,121.5107,15
500103004,20231117,369,23,8,1,25.06864,121.5107,15
500103004,20231117,370,23,8,1,25.06864,121.5107,15
500103004,20231117,371,23,8,1,25.06864,121.5107,15
500103004,20231117,372,23,8,1,25.06864,121.5107,15
500103004,20231117,373,23,8,1,25.06864,121.5107,15
500103004,20231117,374,23,8,1,25.06864,121.5107,15
500103004,20231117,375,23,8,1,25.06864,121.5107,15
500103004,20231117,376,23,8,1,25.06864,121.5107,15
500103004,20231117,377,23,8,1,25.06864,121.5107,15
500103004,20231117,378,23,8,1,25.06864,121.5107,15
500103004,20231117,379,23,8,1,25.06864,121.5107,15
500103004,20231117,381,23,8,1,25.06864,121.5107,15
500103004,20231117,382,23,8,1,25.06864,121.5107,15
500103004,20231117,383,23,8,1,25.06864,121.5107,15
500103004,20231117,384,23,8,1,25.06864,121.5107,15
500103004,20231117,385,23,8,1,25.06864,121.5107,15
500103004,20231117,386,23,8,1,25.06864,121.5107,15
500103004,20231117,387,23,8,1,25.06864,121.5107,15
500103004,20231117,388,23,8,1,25.06864,121.5107,15
500103004,20231117,389,23,8,1,25.06864,121.5107,15
500103004,20231117,390,23,8,1,25.06864,121.5107,15
500103004,20231117,391,23,8,1,25.06864,121.5107,15
500103004,20231117,392,23,9,1,25.06864,121.5107,14
500103004,20231117,393,23,9,1,25.06864,121.5107,14
500103004,20231117,394,23,9,1,25.06864,121.5107,14
500103004,20231117,395,23,9,1,25.06864,121.5107,14
500103004,20231117,396,23,9,1,25.06864,121.5107,14
500103004,20231117,397,23,9,1,25.06864,121.5107,14
500103004,20231117,398,23,9,1,25.06864,121.5107,14
500103004,20231117,399,23,9,1,25.06864,121.5107,14
500103004,20231117,400,23,9,1,25.06864,121.5107,14
500103004,20231117,401,23,9,1,25.06864,121.5107,14
500103004,20231117,402,23,9,1,25.06864,121.5107,14
500103004,20231117,403,23,9,1,25.06864,121.5107,14
500103004,20231117,404,23,9,1,25.06864,121.5107,14
500103004,20231117,405,23,9,1,25.06864,121.5107,14
500103004,20231117,406,23,9,1,25.06864,121.5107,14
500103004,20231117,407,23,9,1,25.06864,121.5107,14
500103004,20231117,408,23,9,1,25.06864,121.5107,14
500103004,20231117,409,23,9,1,25.06864,121.5107,14
500103004,20231117,410,23,10,1,25.06864,121.5107,13
500103004,20231117,411,23,10,1,25.06864,121.5107,13
500103004,20231117,412,23,10,1,25.06864,121.5107,13
500103004,20231117,413,23,10,1,25.06864,121.5107,13
500103004,20231117,414,23,10,1,25.06864,121.5107,13
500103004,20231117,415,23,10,1,25.06864,121.5107,13
500103004,20231117,416,23,11,1,25.06864,121.5107,12
500103004,20231117,417,23,11,1,25.06864,121.5107,12
500103004,20231117,418,23,11,1,25.06864,121.5107,12
500103004,20231117,419,23,11,1,25.06864,121.5107,12
500103004,20231117,421,23,11,1,25.06864,121.5107,12
500103004,20231117,422,23,11,1,25.06864,121.5107,12
500103004,20231117,423,23,11,1,25.06864,121.5107,12
500103004,20231117,424,23,12,1,25.06864,121.5107,11
500103004,20231117,425,23,12,1,25.06864,121.5107,11
500103004,20231117,426,23,12,1,25.06864,121.5107,11
500103004,20231117,427,23,12,1,25.06864,121.5107,11
500103004,20231117,428,23,12,1,25.06864,121.5107,11
500103004,20231117,429,23,12,1,25.06864,121.5107,11
500103004,20231117,430,23,13,1,25.06864,121.5107,10
500103004,20231117,431,23,13,1,25.06864,121.5107,10
500103004,20231117,432,23,14,1,25.06864,121.5107,9
500103004,20231117,433,23,14,1,25.06864,121.5107,9
500103004,20231117,434,23,14,1,25.06864,121.5107,9
500103004,20231117,435,23,14,1,25.06864,121.5107,9
500103004,20231117,436,23,14,1,25.06864,121.5107,9
500103004,20231117,437,23,14,1,25.06864,121.5107,9
500103004,20231117,438,23,14,1,25.06864,121.5107,9
500103004,20231117,439,23,14,1,25.06864,121.5107,9
500103004,20231117,441,23,14,1,25.06864,121.5107,9
500103004,20231117,442,23,14,1,25.06864,121.5107,9
500103004,20231117,443,23,14,1,25.06864,121.5107,9
500103004,20231117,444,23,14,1,25.06864,121.5107,9
500103004,20231117,445,23,13,1,25.06864,121.5107,10
500103004,20231117,446,23,13,1,25.06864,121.5107,10
500103004,20231117,447,23,13,1,25.06864,121.5107,10
500103004,20231117,448,23,13,1,25.06864,121.5107,10
500103004,20231117,449,23,13,1,25.06864,121.5107,10
500103004,20231117,451,23,13,1,25.06864,121.5107,10
500103004,20231117,452,23,13,1,25.06864,121.5107,10
500103004,20231117,453,23,13,1,25.06864,121.5107,10
500103004,20231117,454,23,14,1,25.06864,121.5107,9
500103004,20231117,455,23,14,1,25.06864,121.5107,9
500103004,20231117,456,23,15,1,25.06864,121.5107,8
500103004,20231117,457,23,15,1,25.06864,121.5107,8
500103004,20231117,458,23,15,1,25.06864,121.5107,8
500103004,20231117,459,23,15,1,25.06864,121.5107,8
500103004,20231117,460,23,15,1,25.06864,121.5107,8
500103004,20231117,461,23,18,1,25.06864,121.5107,5
500103004,20231117,462,23,18,1,25.06864,121.5107,5
500103004,20231117,463,23,18,1,25.06864,121.5107,5
500103004,20231117,464,23,18,1,25.06864,121.5107,5
500103004,20231117,465,23,18,1,25.06864,121.5107,5
500103004,20231117,466,23,18,1,25.06864,121.5107,5
500103004,20231117,467,23,18,1,25.06864,121.5107,5
500103004,20231117,468,23,19,1,25.06864,121.5107,4
500103004,20231117,469,23,21,1,25.06864,121.5107,2
500103004,20231117,470,23,22,1,25.06864,121.5107,1
500103004,20231117,471,23,22,1,25.06864,121.5107,1
500103004,20231117,472,23,22,1,25.06864,121.5107,1
500103004,20231117,473,23,22,1,25.06864,121.5107,1
500103004,20231117,474,23,22,1,25.06864,121.5107,1
500103004,20231117,476,23,22,1,25.06864,121.5107,1
500103004,20231117,478,23,22,1,25.06864,121.5107,1
500103004,20231117,479,23,22,1,25.06864,121.5107,1
500103004,20231117,481,23,22,1,25.06864,121.5107,1
500103004,20231117,482,23,22,1,25.06864,121.5107,1
500103004,20231117,483,23,22,1,25.06864,121.5107,1
500103004,20231117,484,23,22,1,25.06864,121.5107,1
500103004,20231117,485,23,22,1,25.06864,121.5107,1
500103004,20231117,486,23,22,1,25.06864,121.5107,1
500103004,20231117,487,23,22,1,25.06864,121.5107,1
500103004,20231117,488,23,22,1,25.06864,121.5107,1
500103004,20231117,489,23,21,1,25.06864,121.5107,2
500103004,20231117,491,23,22,1,25.06864,121.5107,1
500103004,20231117,492,23,22,1,25.06864,121.5107,1
500103004,20231117,493,23,22,1,25.06864,121.5107,1
500103004,20231117,494,23,22,1,25.06864,121.5107,1
500103004,20231117,495,23,22,1,25.06864,121.5107,1
500103004,20231117,496,23,22,1,25.06864,121.5107,1
500103004,20231117,497,23,22,1,25.06864,121.5107,1
500103004,20231117,498,23,22,1,25.06864,121.5107,1
500103004,20231117,499,23,22,1,25.06864,121.5107,1
500103004,20231117,501,23,22,1,25.06864,121.5107,1
500103004,20231117,502,23,21,1,25.06864,121.5107,2
500103004,20231117,503,23,22,1,25.06864,121.5107,1
500103004,20231117,504,23,22,1,25.06864,121.5107,1
500103004,20231117,505,23,22,1,25.06864,121.5107,1
500103004,20231117,506,23,22,1,25.06864,121.5107,1
500103004,20231117,507,23,22,1,25.06864,121.5107,1
500103004,20231117,508,23,22,1,25.06864,121.5107,1
500103004,20231117,509,23,23,1,25.06864,121.5107,0
500103004,20231117,511,23,23,1,25.06864,121.5107,0
500103004,20231117,512,23,23,1,25.06864,121.5107,0
500103004,20231117,513,23,23,1,25.06864,121.5107,0
500103004,20231117,514,23,22,1,25.06864,121.5107,1
500103004,20231117,515,23,22,1,25.06864,121.5107,1
500103004,20231117,516,23,23,1,25.06864,121.5107,0
500103004,20231117,517,23,23,1,25.06864,121.5107,0
500103004,20231117,518,23,23,1,25.06864,121.5107,0
500103004,20231117,519,23,23,1,25.06864,121.5107,0
500103004,20231117,520,23,22,1,25.06864,121.5107,1
500103004,20231117,521,23,23,1,25.06864,121.5107,0
500103004,20231117,522,23,23,1,25.06864,121.5107,0
500103004,20231117,523,23,23,1,25.06864,121.5107,0
500103004,20231117,524,23,23,1,25.06864,121.5107,0
500103004,20231117,525,23,23,1,25.06864,121.5107,0
500103004,20231117,526,23,22,1,25.06864,121.5107,1
500103004,20231117,527,23,22,1,25.06864,121.5107,1
500103004,20231117,528,23,23,1,25.06864,121.5107,0
500103004,20231117,529,23,23,1,25.06864,121.5107,0
500103004,20231117,531,23,23,1,25.06864,121.5107,0
500103004,20231117,532,23,23,1,25.06864,121.5107,0
500103004,20231117,533,23,23,1,25.06864,121.5107,0
500103004,20231117,534,23,23,1,25.06864,121.5107,0
500103004,20231117,535,23,23,1,25.06864,121.5107,0
500103004,20231117,536,23,23,1,25.06864,121.5107,0
500103004,20231117,537,23,23,1,25.06864,121.5107,0
500103004,20231117,538,23,23,1,25.06864,121.5107,0
500103004,20231117,539,23,23,1,25.06864,121.5107,0
500103004,20231117,541,23,23,1,25.06864,121.5107,0
500103004,20231117,542,23,23,1,25.06864,121.5107,0
500103004,20231117,543,23,22,1,25.06864,121.5107,1
500103004,20231117,544,23,22,1,25.06864,121.5107,1
500103004,20231117,545,23,22,1,25.06864,121.5107,1
500103004,20231117,546,23,22,1,25.06864,121.5107,1
500103004,20231117,547,23,22,1,25.06864,121.5107,1
500103004,20231117,548,23,22,1,25.06864,121.5107,1
500103004,20231117,549,23,22,1,25.06864,121.5107,1
500103004,20231117,550,23,22,1,25.06864,121.5107,1
500103004,20231117,551,23,22,1,25.06864,121.5107,1
500103004,20231117,552,23,22,1,25.06864,121.5107,1
500103004,20231117,553,23,22,1,25.06864,121.5107,1
500103004,20231117,554,23,22,1,25.06864,121.5107,1
500103004,20231117,555,23,22,1,25.06864,121.5107,1
500103004,20231117,556,23,23,1,25.06864,121.5107,0
500103004,20231117,557,23,23,1,25.06864,121.5107,0
500103004,20231117,558,23,23,1,25.06864,121.5107,0
500103004,20231117,559,23,23,1,25.06864,121.5107,0
500103004,20231117,561,23,23,1,25.06864,121.5107,0
500103004,20231117,562,23,23,1,25.06864,121.5107,0
500103004,20231117,563,23,23,1,25.06864,121.5107,0
500103004,20231117,564,23,23,1,25.06864,121.5107,0
500103004,20231117,565,23,23,1,25.06864,121.5107,0
500103004,20231117,566,23,22,1,25.06864,121.5107,1
500103004,20231117,567,23,22,1,25.06864,121.5107,1
500103004,20231117,568,23,22,1,25.06864,121.5107,1
500103004,20231117,569,23,22,1,25.06864,121.5107,1
500103004,20231117,571,23,22,1,25.06864,121.5107,1
500103004,20231117,572,23,22,1,25.06864,121.5107,1
500103004,20231117,573,23,22,1,25.06864,121.5107,1
500103004,20231117,574,23,21,1,25.06864,121.5107,2
500103004,20231117,575,23,21,1,25.06864,121.5107,2
500103004,20231117,576,23,21,1,25.06864,121.5107,2
500103004,20231117,577,23,21,1,25.06864,121.5107,2
500103004,20231117,578,23,21,1,25.06864,121.5107,2
500103004,20231117,579,23,22,1,25.06864,121.5107,1
500103004,20231117,580,23,22,1,25.06864,121.5107,1
500103004,20231117,581,23,22,1,25.06864,121.5107,1
500103004,20231117,582,23,22,1,25.06864,121.5107,1
500103004,20231117,583,23,22,1,25.06864,121.5107,1
500103004,20231117,584,23,23,1,25.06864,121.5107,0
500103004,20231117,585,23,23,1,25.06864,121.5107,0
500103004,20231117,586,23,23,1,25.06864,121.5107,0
500103004,20231117,587,23,23,1,25.06864,121.5107,0
500103004,20231117,588,23,23,1,25.06864,121.5107,0
500103004,20231117,589,23,23,1,25.06864,121.5107,0
500103004,20231117,590,23,23,1,25.06864,121.5107,0
500103004,20231117,591,23,23,1,25.06864,121.5107,0
500103004,20231117,592,23,23,1,25.06864,121.5107,0
500103004,20231117,593,23,23,1,25.06864,121.5107,0
500103004,20231117,594,23,23,1,25.06864,121.5107,0
500103004,20231117,595,23,23,1,25.06864,121.5107,0
500103004,20231117,596,23,23,1,25.06864,121.5107,0
500103004,20231117,597,23,23,1,25.06864,121.5107,0
500103004,20231117,598,23,23,1,25.06864,121.5107,0
500103004,20231117,599,23,23,1,25.06864,121.5107,0
500103004,20231117,601,23,23,1,25.06864,121.5107,0
500103004,20231117,602,23,23,1,25.06864,121.5107,0
500103004,20231117,603,23,23,1,25.06864,121.5107,0
500103004,20231117,604,23,23,1,25.06864,121.5107,0
500103004,20231117,605,23,23,1,25.06864,121.5107,0
500103004,20231117,606,23,23,1,25.06864,121.5107,0
500103004,20231117,607,23,23,1,25.06864,121.5107,0
500103004,20231117,608,23,23,1,25.06864,121.5107,0
500103004,20231117,609,23,23,1,25.06864,121.5107,0
500103004,20231117,610,23,23,1,25.06864,121.5107,0
500103004,20231117,611,23,23,1,25.06864,121.5107,0
500103004,20231117,612,23,23,1,25.06864,121.5107,0
500103004,20231117,613,23,22,1,25.06864,121.5107,1
500103004,20231117,614,23,22,1,25.06864,121.5107,1
500103004,20231117,615,23,22,1,25.06864,121.5107,1
500103004,20231117,616,23,22,1,25.06864,121.5107,1
500103004,20231117,617,23,22,1,25.06864,121.5107,1
500103004,20231117,618,23,22,1,25.06864,121.5107,1
500103004,20231117,619,23,22,1,25.06864,121.5107,1
500103004,20231117,621,23,22,1,25.06864,121.5107,1
500103004,20231117,622,23,22,1,25.06864,121.5107,1
500103004,20231117,623,23,22,1,25.06864,121.5107,1
500103004,20231117,624,23,22,1,25.06864,121.5107,1
500103004,20231117,625,23,22,1,25.06864,121.5107,1
500103004,20231117,626,23,22,1,25.06864,121.5107,1
500103004,20231117,627,23,22,1,25.06864,121.5107,1
500103004,20231117,628,23,22,1,25.06864,121.5107,1
500103004,20231117,629,23,22,1,25.06864,121.5107,1
500103004,20231117,631,23,22,1,25.06864,121.5107,1
500103004,20231117,632,23,22,1,25.06864,121.5107,1
500103004,20231117,633,23,23,1,25.06864,121.5107,0
500103004,20231117,634,23,23,1,25.06864,121.5107,0
500103004,20231117,635,23,23,1,25.06864,121.5107,0
500103004,20231117,636,23,23,1,25.06864,121.5107,0
500103004,20231117,637,23,23,1,25.06864,121.5107,0
500103004,20231117,638,23,23,1,25.06864,121.5107,0
500103004,20231117,639,23,23,1,25.06864,121.5107,0
500103004,20231117,640,23,23,1,25.06864,121.5107,0
500103004,20231117,641,23,23,1,25.06864,121.5107,0
500103004,20231117,642,23,23,1,25.06864,121.5107,0
500103004,20231117,643,23,23,1,25.06864,121.5107,0
500103004,20231117,644,23,23,1,25.06864,121.5107,0
500103004,20231117,645,23,23,1,25.06864,121.5107,0
500103004,20231117,646,23,23,1,25.06864,121.5107,0
500103004,20231117,647,23,23,1,25.06864,121.5107,0
500103004,20231117,648,23,23,1,25.06864,121.5107,0
500103004,20231117,649,23,23,1,25.06864,121.5107,0
500103004,20231117,650,23,23,1,25.06864,121.5107,0
500103004,20231117,651,23,23,1,25.06864,121.5107,0
500103004,20231117,652,23,23,1,25.06864,121.5107,0
500103004,20231117,653,23,23,1,25.06864,121.5107,0
500103004,20231117,654,23,23,1,25.06864,121.5107,0
500103004,20231117,655,23,23,1,25.06864,121.5107,0
500103004,20231117,656,23,23,1,25.06864,121.5107,0
500103004,20231117,657,23,23,1,25.06864,121.5107,0
500103004,20231117,658,23,23,1,25.06864,121.5107,0
500103004,20231117,659,23,23,1,25.06864,121.5107,0
500103004,20231117,661,23,23,1,25.06864,121.5107,0
500103004,20231117,662,23,23,1,25.06864,121.5107,0
500103004,20231117,663,23,23,1,25.06864,121.5107,0
500103004,20231117,664,23,23,1,25.06864,121.5107,0
500103004,20231117,665,23,22,1,25.06864,121.5107,1
500103004,20231117,666,23,22,1,25.06864,121.5107,1
500103004,20231117,667,23,23,1,25.06864,121.5107,0
500103004,20231117,668,23,23,1,25.06864,121.5107,0
500103004,20231117,669,23,23,1,25.06864,121.5107,0
500103004,20231117,670,23,23,1,25.06864,121.5107,0
500103004,20231117,671,23,23,1,25.06864,121.5107,0
500103004,20231117,672,23,23,1,25.06864,121.5107,0
500103004,20231117,673,23,23,1,25.06864,121.5107,0
500103004,20231117,674,23,23,1,25.06864,121.5107,0
500103004,20231117,675,23,22,1,25.06864,121.5107,1
500103004,20231117,676,23,22,1,25.06864,121.5107,1
500103004,20231117,677,23,22,1,25.06864,121.5107,1
500103004,20231117,678,23,22,1,25.06864,121.5107,1
500103004,20231117,679,23,22,1,25.06864,121.5107,1
500103004,20231117,681,23,22,1,25.06864,121.5107,1
500103004,20231117,682,23,22,1,25.06864,121.5107,1
500103004,20231117,683,23,22,1,25.06864,121.5107,1
500103004,20231117,684,23,22,1,25.06864,121.5107,1
500103004,20231117,685,23,23,1,25.06864,121.5107,0
500103004,20231117,686,23,23,1,25.06864,121.5107,0
500103004,20231117,687,23,23,1,25.06864,121.5107,0
500103004,20231117,688,23,23,1,25.06864,121.5107,0
500103004,20231117,689,23,23,1,25.06864,121.5107,0
500103004,20231117,691,23,23,1,25.06864,121.5107,0
500103004,20231117,692,23,23,1,25.06864,121.5107,0
500103004,20231117,693,23,23,1,25.06864,121.5107,0
500103004,20231117,694,23,23,1,25.06864,121.5107,0
500103004,20231117,695,23,23,1,25.06864,121.5107,0
500103004,20231117,696,23,23,1,25.06864,121.5107,0
500103004,20231117,697,23,23,1,25.06864,121.5107,0
500103004,20231117,698,23,23,1,25.06864,121.5107,0
500103004,20231117,699,23,23,1,25.06864,121.5107,0
500103004,20231117,700,23,23,1,25.06864,121.5107,0
500103004,20231117,701,23,23,1,25.06864,121.5107,0
500103004,20231117,702,23,23,1,25.06864,121.5107,0
500103004,20231117,703,23,23,1,25.06864,121.5107,0
500103004,20231117,704,23,23,1,25.06864,121.5107,0
500103004,20231117,705,23,23,1,25.06864,121.5107,0
500103004,20231117,706,23,23,1,25.06864,121.5107,0
500103004,20231117,707,23,23,1,25.06864,121.5107,0
500103004,20231117,708,23,23,1,25.06864,121.5107,0
500103004,20231117,709,23,23,1,25.06864,121.5107,0
500103004,20231117,710,23,23,1,25.06864,121.5107,0
500103004,20231117,712,23,23,1,25.06864,121.5107,0
500103004,20231117,713,23,23,1,25.06864,121.5107,0
500103004,20231117,714,23,23,1,25.06864,121.5107,0
500103004,20231117,715,23,23,1,25.06864,121.5107,0
500103004,20231117,716,23,23,1,25.06864,121.5107,0
500103004,20231117,717,23,23,1,25.06864,121.5107,0
500103004,20231117,718,23,23,1,25.06864,121.5107,0
500103004,20231117,719,23,23,1,25.06864,121.5107,0
500103004,20231117,721,23,23,1,25.06864,121.5107,0
500103004,20231117,722,23,23,1,25.06864,121.5107,0
500103004,20231117,723,23,23,1,25.06864,121.5107,0
500103004,20231117,724,23,23,1,25.06864,121.5107,0
500103004,20231117,725,23,23,1,25.06864,121.5107,0
500103004,20231117,726,23,23,1,25.06864,121.5107,0
500103004,20231117,727,23,23,1,25.06864,121.5107,0
500103004,20231117,728,23,23,1,25.06864,121.5107,0
500103004,20231117,729,23,23,1,25.06864,121.5107,0
500103004,20231117,731,23,23,1,25.06864,121.5107,0
500103004,20231117,732,23,23,1,25.06864,121.5107,0
500103004,20231117,733,23,23,1,25.06864,121.5107,0
500103004,20231117,734,23,22,1,25.06864,121.5107,1
500103004,20231117,735,23,22,1,25.06864,121.5107,1
500103004,20231117,736,23,22,1,25.06864,121.5107,1
500103004,20231117,737,23,22,1,25.06864,121.5107,1
500103004,20231117,738,23,22,1,25.06864,121.5107,1
500103004,20231117,739,23,22,1,25.06864,121.5107,1
500103004,20231117,741,23,21,1,25.06864,121.5107,2
500103004,20231117,742,23,21,1,25.06864,121.5107,2
500103004,20231117,743,23,21,1,25.06864,121.5107,2
500103004,20231117,744,23,21,1,25.06864,121.5107,2
500103004,20231117,745,23,20,1,25.06864,121.5107,3
500103004,20231117,746,23,20,1,25.06864,121.5107,3
500103004,20231117,747,23,20,1,25.06864,121.5107,3
500103004,20231117,748,23,19,1,25.06864,121.5107,4
500103004,20231117,749,23,19,1,25.06864,121.5107,4
500103004,20231117,751,23,19,1,25.06864,121.5107,4
500103004,20231117,752,23,19,1,25.06864,121.5107,4
500103004,20231117,753,23,19,1,25.06864,121.5107,4
500103004,20231117,754,23,19,1,25.06864,121.5107,4
500103004,20231117,755,23,19,1,25.06864,121.5107,4
500103004,20231117,756,23,19,1,25.06864,121.5107,4
500103004,20231117,757,23,19,1,25.06864,121.5107,4
500103004,20231117,758,23,19,1,25.06864,121.5107,4
500103004,20231117,759,23,19,1,25.06864,121.5107,4
500103004,20231117,761,23,19,1,25.06864,121.5107,4
500103004,20231117,762,23,19,1,25.06864,121.5107,4
500103004,20231117,763,23,19,1,25.06864,121.5107,4
500103004,20231117,764,23,19,1,25.06864,121.5107,4
500103004,20231117,765,23,19,1,25.06864,121.5107,4
500103004,20231117,766,23,19,1,25.06864,121.5107,4
500103004,20231117,767,23,19,1,25.06864,121.5107,4
500103004,20231117,768,23,18,1,25.06864,121.5107,5
500103004,20231117,769,23,18,1,25.06864,121.5107,5
500103004,20231117,770,23,18,1,25.06864,121.5107,5
500103004,20231117,771,23,17,1,25.06864,121.5107,6
500103004,20231117,772,23,17,1,25.06864,121.5107,6
500103004,20231117,773,23,17,1,25.06864,121.5107,6
500103004,20231117,774,23,17,1,25.06864,121.5107,6
500103004,20231117,775,23,17,1,25.06864,121.5107,6
500103004,20231117,776,23,17,1,25.06864,121.5107,6
500103004,20231117,777,23,17,1,25.06864,121.5107,6
500103004,20231117,778,23,17,1,25.06864,121.5107,6
500103004,20231117,779,23,18,1,25.06864,121.5107,5
500103004,20231117,781,23,18,1,25.06864,121.5107,5
500103004,20231117,782,23,18,1,25.06864,121.5107,5
500103004,20231117,783,23,18,1,25.06864,121.5107,5
500103004,20231117,784,23,18,1,25.06864,121.5107,5
500103004,20231117,785,23,18,1,25.06864,121.5107,5
500103004,20231117,786,23,18,1,25.06864,121.5107,5
500103004,20231117,787,23,19,1,25.06864,121.5107,4
500103004,20231117,788,23,19,1,25.06864,121.5107,4
500103004,20231117,789,23,19,1,25.06864,121.5107,4
500103004,20231117,790,23,19,1,25.06864,121.5107,4
500103004,20231117,791,23,19,1,25.06864,121.5107,4
500103004,20231117,792,23,19,1,25.06864,121.5107,4
500103004,20231117,793,23,18,1,25.06864,121.5107,5
500103004,20231117,794,23,18,1,25.06864,121.5107,5
500103004,20231117,795,23,18,1,25.06864,121.5107,5
500103004,20231117,796,23,18,1,25.06864,121.5107,5
500103004,20231117,797,23,18,1,25.06864,121.5107,5
500103004,20231117,798,23,17,1,25.06864,121.5107,6
500103004,20231117,799,23,17,1,25.06864,121.5107,6
500103004,20231117,801,23,17,1,25.06864,121.5107,6
500103004,20231117,802,23,17,1,25.06864,121.5107,6
500103004,20231117,803,23,17,1,25.06864,121.5107,6
500103004,20231117,804,23,17,1,25.06864,121.5107,6
500103004,20231117,805,23,17,1,25.06864,121.5107,6
500103004,20231117,806,23,17,1,25.06864,121.5107,6
500103004,20231117,807,23,17,1,25.06864,121.5107,6
500103004,20231117,808,23,17,1,25.06864,121.5107,6
500103004,20231117,809,23,17,1,25.06864,121.5107,6
500103004,20231117,810,23,17,1,25.06864,121.5107,6
500103004,20231117,811,23,17,1,25.06864,121.5107,6
500103004,20231117,812,23,17,1,25.06864,121.5107,6
500103004,20231117,813,23,17,1,25.06864,121.5107,6
500103004,20231117,814,23,18,1,25.06864,121.5107,5
500103004,20231117,815,23,18,1,25.06864,121.5107,5
500103004,20231117,816,23,18,1,25.06864,121.5107,5
500103004,20231117,817,23,18,1,25.06864,121.5107,5
500103004,20231117,818,23,18,1,25.06864,121.5107,5
500103004,20231117,819,23,18,1,25.06864,121.5107,5
500103004,20231117,820,23,18,1,25.06864,121.5107,5
500103004,20231117,821,23,18,1,25.06864,121.5107,5
500103004,20231117,822,23,18,1,25.06864,121.5107,5
500103004,20231117,823,23,18,1,25.06864,121.5107,5
500103004,20231117,824,23,18,1,25.06864,121.5107,5
500103004,20231117,825,23,18,1,25.06864,121.5107,5
500103004,20231117,826,23,18,1,25.06864,121.5107,5
500103004,20231117,827,23,18,1,25.06864,121.5107,5
500103004,20231117,828,23,18,1,25.06864,121.5107,5
500103004,20231117,829,23,18,1,25.06864,121.5107,5
500103004,20231117,830,23,18,1,25.06864,121.5107,5
500103004,20231117,831,23,17,1,25.06864,121.5107,6
500103004,20231117,832,23,17,1,25.06864,121.5107,6
500103004,20231117,833,23,17,1,25.06864,121.5107,6
500103004,20231117,834,23,17,1,25.06864,121.5107,6
500103004,20231117,835,23,17,1,25.06864,121.5107,6
500103004,20231117,836,23,17,1,25.06864,121.5107,6
500103004,20231117,837,23,17,1,25.06864,121.5107,6
500103004,20231117,838,23,17,1,25.06864,121.5107,6
500103004,20231117,839,23,17,1,25.06864,121.5107,6
500103004,20231117,841,23,17,1,25.06864,121.5107,6
500103004,20231117,842,23,17,1,25.06864,121.5107,6
500103004,20231117,843,23,17,1,25.06864,121.5107,6
500103004,20231117,844,23,17,1,25.06864,121.5107,6
500103004,20231117,845,23,17,1,25.06864,121.5107,6
500103004,20231117,846,23,17,1,25.06864,121.5107,6
500103004,20231117,847,23,17,1,25.06864,121.5107,6
500103004,20231117,848,23,17,1,25.06864,121.5107,6
500103004,20231117,849,23,17,1,25.06864,121.5107,6
500103004,20231117,850,23,17,1,25.06864,121.5107,6
500103004,20231117,851,23,17,1,25.06864,121.5107,6
500103004,20231117,852,23,17,1,25.06864,121.5107,6
500103004,20231117,853,23,17,1,25.06864,121.5107,6
500103004,20231117,854,23,17,1,25.06864,121.5107,6
500103004,20231117,855,23,17,1,25.06864,121.5107,6
500103004,20231117,856,23,17,1,25.06864,121.5107,6
500103004,20231117,857,23,17,1,25.06864,121.5107,6
500103004,20231117,858,23,17,1,25.06864,121.5107,6
500103004,20231117,859,23,17,1,25.06864,121.5107,6
500103004,20231117,861,23,15,1,25.06864,121.5107,8
500103004,20231117,862,23,14,1,25.06864,121.5107,9
500103004,20231117,863,23,14,1,25.06864,121.5107,9
500103004,20231117,864,23,16,1,25.06864,121.5107,7
500103004,20231117,865,23,17,1,25.06864,121.5107,6
500103004,20231117,866,23,17,1,25.06864,121.5107,6
500103004,20231117,867,23,17,1,25.06864,121.5107,6
500103004,20231117,868,23,17,1,25.06864,121.5107,6
500103004,20231117,869,23,17,1,25.06864,121.5107,6
500103004,20231117,871,23,17,1,25.06864,121.5107,6
500103004,20231117,872,23,17,1,25.06864,121.5107,6
500103004,20231117,873,23,17,1,25.06864,121.5107,6
500103004,20231117,874,23,16,1,25.06864,121.5107,7
500103004,20231117,875,23,16,1,25.06864,121.5107,7
500103004,20231117,876,23,17,1,25.06864,121.5107,6
500103004,20231117,877,23,17,1,25.06864,121.5107,6
500103004,20231117,878,23,17,1,25.06864,121.5107,6
500103004,20231117,879,23,17,1,25.06864,121.5107,6
500103004,20231117,880,23,16,1,25.06864,121.5107,7
500103004,20231117,881,23,16,1,25.06864,121.5107,7
500103004,20231117,882,23,16,1,25.06864,121.5107,7
500103004,20231117,883,23,17,1,25.06864,121.5107,6
500103004,20231117,884,23,17,1,25.06864,121.5107,6
500103004,20231117,885,23,17,1,25.06864,121.5107,6
500103004,20231117,886,23,17,1,25.06864,121.5107,6
500103004,20231117,887,23,17,1,25.06864,121.5107,6
500103004,20231117,888,23,17,1,25.06864,121.5107,6
500103004,20231117,889,23,17,1,25.06864,121.5107,6
500103004,20231117,890,23,18,1,25.06864,121.5107,5
500103004,20231117,891,23,18,1,25.06864,121.5107,5
500103004,20231117,892,23,18,1,25.06864,121.5107,5
500103004,20231117,893,23,18,1,25.06864,121.5107,5
500103004,20231117,894,23,20,1,25.06864,121.5107,3
500103004,20231117,895,23,20,1,25.06864,121.5107,3
500103004,20231117,896,23,20,1,25.06864,121.5107,3
500103004,20231117,897,23,19,1,25.06864,121.5107,4
500103004,20231117,898,23,19,1,25.06864,121.5107,4
500103004,20231117,899,23,19,1,25.06864,121.5107,4
500103004,20231117,901,23,19,1,25.06864,121.5107,4
500103004,20231117,902,23,19,1,25.06864,121.5107,4
500103004,20231117,903,23,19,1,25.06864,121.5107,4
500103004,20231117,904,23,19,1,25.06864,121.5107,4
500103004,20231117,905,23,19,1,25.06864,121.5107,4
500103004,20231117,906,23,19,1,25.06864,121.5107,4
500103004,20231117,907,23,19,1,25.06864,121.5107,4
500103004,20231117,908,23,19,1,25.06864,121.5107,4
500103004,20231117,909,23,19,1,25.06864,121.5107,4
500103004,20231117,910,23,19,1,25.06864,121.5107,4
500103004,20231117,911,23,19,1,25.06864,121.5107,4
500103004,20231117,912,23,19,1,25.06864,121.5107,4
500103004,20231117,913,23,19,1,25.06864,121.5107,4
500103004,20231117,914,23,19,1,25.06864,121.5107,4
500103004,20231117,915,23,19,1,25.06864,121.5107,4
500103004,20231117,916,23,19,1,25.06864,121.5107,4
500103004,20231117,917,23,19,1,25.06864,121.5107,4
500103004,20231117,918,23,20,1,25.06864,121.5107,3
500103004,20231117,919,23,20,1,25.06864,121.5107,3
500103004,20231117,921,23,21,1,25.06864,121.5107,2
500103004,20231117,922,23,21,1,25.06864,121.5107,2
500103004,20231117,923,23,21,1,25.06864,121.5107,2
500103004,20231117,924,23,21,1,25.06864,121.5107,2
500103004,20231117,926,23,21,1,25.06864,121.5107,2
500103004,20231117,927,23,20,1,25.06864,121.5107,3
500103004,20231117,928,23,20,1,25.06864,121.5107,3
500103004,20231117,929,23,20,1,25.06864,121.5107,3
500103004,20231117,931,23,20,1,25.06864,121.5107,3
500103004,20231117,932,23,21,1,25.06864,121.5107,2
500103004,20231117,933,23,21,1,25.06864,121.5107,2
500103004,20231117,934,23,22,1,25.06864,121.5107,1
500103004,20231117,935,23,22,1,25.06864,121.5107,1
500103004,20231117,936,23,22,1,25.06864,121.5107,1
500103004,20231117,937,23,22,1,25.06864,121.5107,1
500103004,20231117,938,23,22,1,25.06864,121.5107,1
500103004,20231117,939,23,22,1,25.06864,121.5107,1
500103004,20231117,941,23,22,1,25.06864,121.5107,1
500103004,20231117,942,23,20,1,25.06864,121.5107,3
500103004,20231117,943,23,20,1,25.06864,121.5107,3
500103004,20231117,944,23,19,1,25.06864,121.5107,4
500103004,20231117,945,23,19,1,25.06864,121.5107,4
500103004,20231117,946,23,19,1,25.06864,121.5107,4
500103004,20231117,947,23,19,1,25.06864,121.5107,4
500103004,20231117,948,23,19,1,25.06864,121.5107,4
500103004,20231117,949,23,19,1,25.06864,121.5107,4
500103004,20231117,951,23,18,1,25.06864,121.5107,5
500103004,20231117,952,23,18,1,25.06864,121.5107,5
500103004,20231117,953,23,18,1,25.06864,121.5107,5
500103004,20231117,954,23,18,1,25.06864,121.5107,5
500103004,20231117,955,23,18,1,25.06864,121.5107,5
500103004,20231117,956,23,19,1,25.06864,121.5107,4
500103004,20231117,957,23,19,1,25.06864,121.5107,4
500103004,20231117,958,23,18,1,25.06864,121.5107,5
500103004,20231117,959,23,18,1,25.06864,121.5107,5
500103004,20231117,961,23,18,1,25.06864,121.5107,5
500103004,20231117,962,23,18,1,25.06864,121.5107,5
500103004,20231117,963,23,18,1,25.06864,121.5107,5
500103004,20231117,964,23,18,1,25.06864,121.5107,5
500103004,20231117,965,23,18,1,25.06864,121.5107,5
500103004,20231117,966,23,18,1,25.06864,121.5107,5
500103004,20231117,967,23,18,1,25.06864,121.5107,5
500103004,20231117,968,23,18,1,25.06864,121.5107,5
500103004,20231117,969,23,18,1,25.06864,121.5107,5
500103004,20231117,971,23,18,1,25.06864,121.5107,5
500103004,20231117,972,23,18,1,25.06864,121.5107,5
500103004,20231117,973,23,18,1,25.06864,121.5107,5
500103004,20231117,974,23,18,1,25.06864,121.5107,5
500103004,20231117,975,23,17,1,25.06864,121.5107,6
500103004,20231117,976,23,17,1,25.06864,121.5107,6
500103004,20231117,977,23,18,1,25.06864,121.5107,5
500103004,20231117,978,23,18,1,25.06864,121.5107,5
500103004,20231117,979,23,18,1,25.06864,121.5107,5
500103004,20231117,981,23,17,1,25.06864,121.5107,6
500103004,20231117,982,23,17,1,25.06864,121.5107,6
500103004,20231117,983,23,17,1,25.06864,121.5107,6
500103004,20231117,984,23,16,1,25.06864,121.5107,7
500103004,20231117,985,23,17,1,25.06864,121.5107,6
500103004,20231117,986,23,17,1,25.06864,121.5107,6
500103004,20231117,987,23,17,1,25.06864,121.5107,6
500103004,20231117,988,23,17,1,25.06864,121.5107,6
500103004,20231117,989,23,17,1,25.06864,121.5107,6
500103004,20231117,991,23,16,1,25.06864,121.5107,7
500103004,20231117,992,23,15,1,25.06864,121.5107,8
500103004,20231117,993,23,15,1,25.06864,121.5107,8
500103004,20231117,994,23,15,1,25.06864,121.5107,8
500103004,20231117,995,23,15,1,25.06864,121.5107,8
500103004,20231117,996,23,13,1,25.06864,121.5107,10
500103004,20231117,997,23,13,1,25.06864,121.5107,10
500103004,20231117,998,23,13,1,25.06864,121.5107,10
500103004,20231117,999,23,13,1,25.06864,121.5107,10
500103004,20231117,1001,23,15,1,25.06864,121.5107,8
500103004,20231117,1002,23,15,1,25.06864,121.5107,8
500103004,20231117,1003,23,15,1,25.06864,121.5107,8
500103004,20231117,1004,23,15,1,25.06864,121.5107,8
500103004,20231117,1005,23,15,1,25.06864,121.5107,8
500103004,20231117,1006,23,14,1,25.06864,121.5107,9
500103004,20231117,1007,23,15,1,25.06864,121.5107,8
500103004,20231117,1008,23,15,1,25.06864,121.5107,8
500103004,20231117,1009,23,15,1,25.06864,121.5107,8
500103004,20231117,1011,23,15,1,25.06864,121.5107,8
500103004,20231117,1012,23,14,1,25.06864,121.5107,9
500103004,20231117,1013,23,14,1,25.06864,121.5107,9
500103004,20231117,1014,23,15,1,25.06864,121.5107,8
500103004,20231117,1015,23,15,1,25.06864,121.5107,8
500103004,20231117,1016,23,15,1,25.06864,121.5107,8
500103004,20231117,1017,23,14,1,25.06864,121.5107,9
500103004,20231117,1018,23,14,1,25.06864,121.5107,9
500103004,20231117,1019,23,14,1,25.06864,121.5107,9
500103004,20231117,1021,23,13,1,25.06864,121.5107,10
500103004,20231117,1022,23,12,1,25.06864,121.5107,11
500103004,20231117,1023,23,12,1,25.06864,121.5107,11
500103004,20231117,1024,23,13,1,25.06864,121.5107,10
500103004,20231117,1025,23,13,1,25.06864,121.5107,10
500103004,20231117,1026,23,13,1,25.06864,121.5107,10
500103004,20231117,1027,23,13,1,25.06864,121.5107,10
500103004,20231117,1028,23,13,1,25.06864,121.5107,10
500103004,20231117,1029,23,13,1,25.06864,121.5107,10
500103004,20231117,1031,23,12,1,25.06864,121.5107,11
500103004,20231117,1032,23,13,1,25.06864,121.5107,10
500103004,20231117,1033,23,13,1,25.06864,121.5107,10
500103004,20231117,1034,23,12,1,25.06864,121.5107,11
500103004,20231117,1035,23,13,1,25.06864,121.5107,10
500103004,20231117,1036,23,13,1,25.06864,121.5107,10
500103004,20231117,1037,23,13,1,25.06864,121.5107,10
500103004,20231117,1038,23,13,1,25.06864,121.5107,10
500103004,20231117,1039,23,13,1,25.06864,121.5107,10
500103004,20231117,1041,23,13,1,25.06864,121.5107,10
500103004,20231117,1042,23,13,1,25.06864,121.5107,10
500103004,20231117,1043,23,13,1,25.06864,121.5107,10
500103004,20231117,1044,23,14,1,25.06864,121.5107,9
500103004,20231117,1045,23,14,1,25.06864,121.5107,9
500103004,20231117,1046,23,14,1,25.06864,121.5107,9
500103004,20231117,1047,23,14,1,25.06864,121.5107,9
500103004,20231117,1048,23,16,1,25.06864,121.5107,7
500103004,20231117,1049,23,15,1,25.06864,121.5107,8
500103004,20231117,1051,23,14,1,25.06864,121.5107,9
500103004,20231117,1052,23,14,1,25.06864,121.5107,9
500103004,20231117,1053,23,14,1,25.06864,121.5107,9
500103004,20231117,1054,23,14,1,25.06864,121.5107,9
500103004,20231117,1055,23,14,1,25.06864,121.5107,9
500103004,20231117,1056,23,14,1,25.06864,121.5107,9
500103004,20231117,1057,23,13,1,25.06864,121.5107,10
500103004,20231117,1058,23,13,1,25.06864,121.5107,10
500103004,20231117,1059,23,13,1,25.06864,121.5107,10
500103004,20231117,1060,23,13,1,25.06864,121.5107,10
500103004,20231117,1061,23,14,1,25.06864,121.5107,9
500103004,20231117,1062,23,14,1,25.06864,121.5107,9
500103004,20231117,1063,23,13,1,25.06864,121.5107,10
500103004,20231117,1064,23,14,1,25.06864,121.5107,9
500103004,20231117,1065,23,14,1,25.06864,121.5107,9
500103004,20231117,1066,23,14,1,25.06864,121.5107,9
500103004,20231117,1067,23,14,1,25.06864,121.5107,9
500103004,20231117,1068,23,14,1,25.06864,121.5107,9
500103004,20231117,1069,23,14,1,25.06864,121.5107,9
500103004,20231117,1070,23,12,1,25.06864,121.5107,11
500103004,20231117,1071,23,12,1,25.06864,121.5107,11
500103004,20231117,1072,23,12,1,25.06864,121.5107,11
500103004,20231117,1073,23,12,1,25.06864,121.5107,11
500103004,20231117,1074,23,12,1,25.06864,121.5107,11
500103004,20231117,1075,23,12,1,25.06864,121.5107,11
500103004,20231117,1076,23,12,1,25.06864,121.5107,11
500103004,20231117,1077,23,12,1,25.06864,121.5107,11
500103004,20231117,1078,23,11,1,25.06864,121.5107,12
500103004,20231117,1079,23,11,1,25.06864,121.5107,12
500103004,20231117,1081,23,11,1,25.06864,121.5107,12
500103004,20231117,1082,23,11,1,25.06864,121.5107,12
500103004,20231117,1083,23,10,1,25.06864,121.5107,13
500103004,20231117,1084,23,10,1,25.06864,121.5107,13
500103004,20231117,1085,23,10,1,25.06864,121.5107,13
500103004,20231117,1086,23,10,1,25.06864,121.5107,13
500103004,20231117,1087,23,10,1,25.06864,121.5107,13
500103004,20231117,1088,23,10,1,25.06864,121.5107,13
500103004,20231117,1089,23,9,1,25.06864,121.5107,14
500103004,20231117,1090,23,9,1,25.06864,121.5107,14
500103004,20231117,1091,23,8,1,25.06864,121.5107,15
500103004,20231117,1092,23,7,1,25.06864,121.5107,16
500103004,20231117,1093,23,7,1,25.06864,121.5107,16
500103004,20231117,1094,23,7,1,25.06864,121.5107,16
500103004,20231117,1095,23,6,1,25.06864,121.5107,17
500103004,20231117,1096,23,6,1,25.06864,121.5107,17
500103004,20231117,1097,23,6,1,25.06864,121.5107,17
500103004,20231117,1098,23,5,1,25.06864,121.5107,18
500103004,20231117,1099,23,3,1,25.06864,121.5107,20
500103004,20231117,1101,23,2,1,25.06864,121.5107,21
500103004,20231117,1102,23,2,1,25.06864,121.5107,21
500103004,20231117,1103,23,0,1,25.06864,121.5107,23
500103004,20231117,1104,23,0,1,25.06864,121.5107,23
500103004,20231117,1105,23,0,1,25.06864,121.5107,23
500103004,20231117,1106,23,0,1,25.06864,121.5107,23
500103004,20231117,1107,23,0,1,25.06864,121.5107,23
500103004,20231117,1108,23,3,1,25.06864,121.5107,20
500103004,20231117,1109,23,5,1,25.06864,121.5107,18
500103004,20231117,1111,23,12,1,25.06864,121.5107,11
500103004,20231117,1112,23,14,1,25.06864,121.5107,9
500103004,20231117,1113,23,12,1,25.06864,121.5107,11
500103004,20231117,1114,23,12,1,25.06864,121.5107,11
500103004,20231117,1115,23,13,1,25.06864,121.5107,10
500103004,20231117,1116,23,12,1,25.06864,121.5107,11
500103004,20231117,1117,23,17,1,25.06864,121.5107,6
500103004,20231117,1118,23,19,1,25.06864,121.5107,4
500103004,20231117,1119,23,19,1,25.06864,121.5107,4
500103004,20231117,1120,23,19,1,25.06864,121.5107,4
500103004,20231117,1121,23,19,1,25.06864,121.5107,4
500103004,20231117,1122,23,19,1,25.06864,121.5107,4
500103004,20231117,1123,23,19,1,25.06864,121.5107,4
500103004,20231117,1124,23,19,1,25.06864,121.5107,4
500103004,20231117,1125,23,19,1,25.06864,121.5107,4
500103004,20231117,1126,23,19,1,25.06864,121.5107,4
500103004,20231117,1127,23,19,1,25.06864,121.5107,4
500103004,20231117,1128,23,19,1,25.06864,121.5107,4
500103004,20231117,1129,23,19,1,25.06864,121.5107,4
500103004,20231117,1130,23,19,1,25.06864,121.5107,4
500103004,20231117,1131,23,19,1,25.06864,121.5107,4
500103004,20231117,1132,23,19,1,25.06864,121.5107,4
500103004,20231117,1133,23,18,1,25.06864,121.5107,5
500103004,20231117,1134,23,18,1,25.06864,121.5107,5
500103004,20231117,1135,23,18,1,25.06864,121.5107,5
500103004,20231117,1136,23,18,1,25.06864,121.5107,5
500103004,20231117,1137,23,18,1,25.06864,121.5107,5
500103004,20231117,1138,23,18,1,25.06864,121.5107,5
500103004,20231117,1139,23,17,1,25.06864,121.5107,6
500103004,20231117,1141,23,17,1,25.06864,121.5107,6
500103004,20231117,1142,23,17,1,25.06864,121.5107,6
500103004,20231117,1143,23,17,1,25.06864,121.5107,6
500103004,20231117,1144,23,17,1,25.06864,121.5107,6
500103004,20231117,1145,23,17,1,25.06864,121.5107,6
500103004,20231117,1146,23,18,1,25.06864,121.5107,5
500103004,20231117,1147,23,18,1,25.06864,121.5107,5
500103004,20231117,1148,23,18,1,25.06864,121.5107,5
500103004,20231117,1149,23,17,1,25.06864,121.5107,6
500103004,20231117,1150,23,17,1,25.06864,121.5107,6
500103004,20231117,1151,23,17,1,25.06864,121.5107,6
500103004,20231117,1152,23,16,1,25.06864,121.5107,7
500103004,20231117,1153,23,16,1,25.06864,121.5107,7
500103004,20231117,1154,23,16,1,25.06864,121.5107,7
500103004,20231117,1155,23,16,1,25.06864,121.5107,7
500103004,20231117,1156,23,15,1,25.06864,121.5107,8
500103004,20231117,1157,23,15,1,25.06864,121.5107,8
500103004,20231117,1158,23,15,1,25.06864,121.5107,8
500103004,20231117,1159,23,15,1,25.06864,121.5107,8
500103004,20231117,1161,23,15,1,25.06864,121.5107,8
500103004,20231117,1162,23,15,1,25.06864,121.5107,8
500103004,20231117,1163,23,14,1,25.06864,121.5107,9
500103004,20231117,1164,23,13,1,25.06864,121.5107,10
500103004,20231117,1165,23,13,1,25.06864,121.5107,10
500103004,20231117,1166,23,11,1,25.06864,121.5107,12
500103004,20231117,1167,23,10,1,25.06864,121.5107,13
500103004,20231117,1168,23,10,1,25.06864,121.5107,13
500103004,20231117,1169,23,9,1,25.06864,121.5107,14
500103004,20231117,1171,23,9,1,25.06864,121.5107,14
500103004,20231117,1172,23,9,1,25.06864,121.5107,14
500103004,20231117,1173,23,9,1,25.06864,121.5107,14
500103004,20231117,1174,23,8,1,25.06864,121.5107,15
500103004,20231117,1175,23,8,1,25.06864,121.5107,15
500103004,20231117,1176,23,7,1,25.06864,121.5107,16
500103004,20231117,1177,23,8,1,25.06864,121.5107,15
500103004,20231117,1178,23,8,1,25.06864,121.5107,15
500103004,20231117,1179,23,8,1,25.06864,121.5107,15
500103004,20231117,1180,23,8,1,25.06864,121.5107,15
500103004,20231117,1181,23,8,1,25.06864,121.5107,15
500103004,20231117,1182,23,8,1,25.06864,121.5107,15
500103004,20231117,1183,23,8,1,25.06864,121.5107,15
500103004,20231117,1184,23,8,1,25.06864,121.5107,15
500103004,20231117,1185,23,8,1,25.06864,121.5107,15
500103004,20231117,1186,23,8,1,25.06864,121.5107,15
500103004,20231117,1188,23,8,1,25.06864,121.5107,15
500103004,20231117,1189,23,8,1,25.06864,121.5107,15
500103004,20231117,1191,23,17,1,25.06864,121.5107,6
500103004,20231117,1192,23,17,1,25.06864,121.5107,6
500103004,20231117,1193,23,17,1,25.06864,121.5107,6
500103004,20231117,1194,23,17,1,25.06864,121.5107,6
500103004,20231117,1195,23,17,1,25.06864,121.5107,6
500103004,20231117,1196,23,20,1,25.06864,121.5107,3
500103004,20231117,1197,23,20,1,25.06864,121.5107,3
500103004,20231117,1198,23,20,1,25.06864,121.5107,3
500103004,20231117,1199,23,20,1,25.06864,121.5107,3
500103004,20231117,1201,23,19,1,25.06864,121.5107,4
500103004,20231117,1202,23,19,1,25.06864,121.5107,4
500103004,20231117,1203,23,19,1,25.06864,121.5107,4
500103004,20231117,1204,23,19,1,25.06864,121.5107,4
500103004,20231117,1205,23,20,1,25.06864,121.5107,3
500103004,20231117,1206,23,20,1,25.06864,121.5107,3
500103004,20231117,1207,23,20,1,25.06864,121.5107,3
500103004,20231117,1208,23,20,1,25.06864,121.5107,3
500103004,20231117,1209,23,21,1,25.06864,121.5107,2
500103004,20231117,1211,23,21,1,25.06864,121.5107,2
500103004,20231117,1212,23,20,1,25.06864,121.5107,3
500103004,20231117,1213,23,21,1,25.06864,121.5107,2
500103004,20231117,1214,23,21,1,25.06864,121.5107,2
500103004,20231117,1215,23,21,1,25.06864,121.5107,2
500103004,20231117,1216,23,21,1,25.06864,121.5107,2
500103004,20231117,1217,23,21,1,25.06864,121.5107,2
500103004,20231117,1218,23,21,1,25.06864,121.5107,2
500103004,20231117,1219,23,21,1,25.06864,121.5107,2
500103004,20231117,1221,23,19,1,25.06864,121.5107,4
500103004,20231117,1222,23,19,1,25.06864,121.5107,4
500103004,20231117,1223,23,19,1,25.06864,121.5107,4
500103004,20231117,1224,23,19,1,25.06864,121.5107,4
500103004,20231117,1225,23,19,1,25.06864,121.5107,4
500103004,20231117,1226,23,18,1,25.06864,121.5107,5
500103004,20231117,1227,23,18,1,25.06864,121.5107,5
500103004,20231117,1228,23,18,1,25.06864,121.5107,5
500103004,20231117,1229,23,18,1,25.06864,121.5107,5
500103004,20231117,1231,23,19,1,25.06864,121.5107,4
500103004,20231117,1232,23,19,1,25.06864,121.5107,4
500103004,20231117,1233,23,19,1,25.06864,121.5107,4
500103004,20231117,1234,23,19,1,25.06864,121.5107,4
500103004,20231117,1235,23,19,1,25.06864,121.5107,4
500103004,20231117,1236,23,19,1,25.06864,121.5107,4
500103004,20231117,1237,23,19,1,25.06864,121.5107,4
500103004,20231117,1238,23,19,1,25.06864,121.5107,4
500103004,20231117,1239,23,19,1,25.06864,121.5107,4
500103004,20231117,1241,23,19,1,25.06864,121.5107,4
500103004,20231117,1242,23,19,1,25.06864,121.5107,4
500103004,20231117,1243,23,19,1,25.06864,121.5107,4
500103004,20231117,1244,23,19,1,25.06864,121.5107,4
500103004,20231117,1245,23,19,1,25.06864,121.5107,4
500103004,20231117,1246,23,19,1,25.06864,121.5107,4
500103004,20231117,1247,23,19,1,25.06864,121.5107,4
500103004,20231117,1248,23,17,1,25.06864,121.5107,6
500103004,20231117,1249,23,16,1,25.06864,121.5107,7
500103004,20231117,1251,23,16,1,25.06864,121.5107,7
500103004,20231117,1252,23,15,1,25.06864,121.5107,8
500103004,20231117,1253,23,14,1,25.06864,121.5107,9
500103004,20231117,1254,23,13,1,25.06864,121.5107,10
500103004,20231117,1255,23,13,1,25.06864,121.5107,10
500103004,20231117,1256,23,12,1,25.06864,121.5107,11
500103004,20231117,1257,23,12,1,25.06864,121.5107,11
500103004,20231117,1258,23,12,1,25.06864,121.5107,11
500103004,20231117,1259,23,11,1,25.06864,121.5107,12
500103004,20231117,1261,23,11,1,25.06864,121.5107,12
500103004,20231117,1262,23,11,1,25.06864,121.5107,12
500103004,20231117,1263,23,11,1,25.06864,121.5107,12
500103004,20231117,1264,23,11,1,25.06864,121.5107,12
500103004,20231117,1265,23,11,1,25.06864,121.5107,12
500103004,20231117,1266,23,9,1,25.06864,121.5107,14
500103004,20231117,1267,23,9,1,25.06864,121.5107,14
500103004,20231117,1268,23,9,1,25.06864,121.5107,14
500103004,20231117,1269,23,9,1,25.06864,121.5107,14
500103004,20231117,1271,23,7,1,25.06864,121.5107,16
500103004,20231117,1272,23,7,1,25.06864,121.5107,16
500103004,20231117,1273,23,6,1,25.06864,121.5107,17
500103004,20231117,1274,23,6,1,25.06864,121.5107,17
500103004,20231117,1275,23,6,1,25.06864,121.5107,17
500103004,20231117,1276,23,6,1,25.06864,121.5107,17
500103004,20231117,1277,23,6,1,25.06864,121.5107,17
500103004,20231117,1278,23,6,1,25.06864,121.5107,17
500103004,20231117,1279,23,5,1,25.06864,121.5107,18
500103004,20231117,1281,23,4,1,25.06864,121.5107,19
500103004,20231117,1282,23,5,1,25.06864,121.5107,18
500103004,20231117,1283,23,5,1,25.06864,121.5107,18
500103004,20231117,1284,23,5,1,25.06864,121.5107,18
500103004,20231117,1285,23,5,1,25.06864,121.5107,18
500103004,20231117,1286,23,5,1,25.06864,121.5107,18
500103004,20231117,1287,23,5,1,25.06864,121.5107,18
500103004,20231117,1288,23,5,1,25.06864,121.5107,18
500103004,20231117,1289,23,5,1,25.06864,121.5107,18
500103004,20231117,1291,23,5,1,25.06864,121.5107,18
500103004,20231117,1292,23,5,1,25.06864,121.5107,18
500103004,20231117,1293,23,4,1,25.06864,121.5107,19
500103004,20231117,1294,23,4,1,25.06864,121.5107,19
500103004,20231117,1295,23,4,1,25.06864,121.5107,19
500103004,20231117,1296,23,4,1,25.06864,121.5107,19
500103004,20231117,1297,23,3,1,25.06864,121.5107,20
500103004,20231117,1298,23,3,1,25.06864,121.5107,20
500103004,20231117,1299,23,3,1,25.06864,121.5107,20
500103004,20231117,1300,23,3,1,25.06864,121.5107,20
500103004,20231117,1301,23,3,1,25.06864,121.5107,20
500103004,20231117,1302,23,3,1,25.06864,121.5107,20
500103004,20231117,1303,23,3,1,25.06864,121.5107,20
500103004,20231117,1304,23,2,1,25.06864,121.5107,21
500103004,20231117,1305,23,2,1,25.06864,121.5107,21
500103004,20231117,1306,23,2,1,25.06864,121.5107,21
500103004,20231117,1307,23,3,1,25.06864,121.5107,20
500103004,20231117,1308,23,3,1,25.06864,121.5107,20
500103004,20231117,1309,23,3,1,25.06864,121.5107,20
500103004,20231117,1310,23,2,1,25.06864,121.5107,21
500103004,20231117,1311,23,2,1,25.06864,121.5107,21
500103004,20231117,1312,23,2,1,25.06864,121.5107,21
500103004,20231117,1313,23,2,1,25.06864,121.5107,21
500103004,20231117,1314,23,2,1,25.06864,121.5107,21
500103004,20231117,1315,23,2,1,25.06864,121.5107,21
500103004,20231117,1316,23,2,1,25.06864,121.5107,21
500103004,20231117,1317,23,2,1,25.06864,121.5107,21
500103004,20231117,1318,23,2,1,25.06864,121.5107,21
500103004,20231117,1319,23,2,1,25.06864,121.5107,21
500103004,20231117,1321,23,3,1,25.06864,121.5107,20
500103004,20231117,1322,23,3,1,25.06864,121.5107,20
500103004,20231117,1323,23,3,1,25.06864,121.5107,20
500103004,20231117,1324,23,3,1,25.06864,121.5107,20
500103004,20231117,1325,23,3,1,25.06864,121.5107,20
500103004,20231117,1326,23,3,1,25.06864,121.5107,20
500103004,20231117,1327,23,3,1,25.06864,121.5107,20
500103004,20231117,1328,23,3,1,25.06864,121.5107,20
500103004,20231117,1329,23,3,1,25.06864,121.5107,20
500103004,20231117,1330,23,3,1,25.06864,121.5107,20
500103004,20231117,1331,23,3,1,25.06864,121.5107,20
500103004,20231117,1332,23,3,1,25.06864,121.5107,20
500103004,20231117,1333,23,2,1,25.06864,121.5107,21
500103004,20231117,1334,23,1,1,25.06864,121.5107,22
500103004,20231117,1335,23,1,1,25.06864,121.5107,22
500103004,20231117,1336,23,0,1,25.06864,121.5107,23
500103004,20231117,1337,23,0,1,25.06864,121.5107,23
500103004,20231117,1338,23,0,1,25.06864,121.5107,23
500103004,20231117,1339,23,0,1,25.06864,121.5107,23
500103004,20231117,1341,23,0,1,25.06864,121.5107,23
500103004,20231117,1342,23,0,1,25.06864,121.5107,23
500103004,20231117,1343,23,0,1,25.06864,121.5107,23
500103004,20231117,1344,23,0,1,25.06864,121.5107,23
500103004,20231117,1345,23,0,1,25.06864,121.5107,23
500103004,20231117,1346,23,0,1,25.06864,121.5107,23
500103004,20231117,1347,23,0,1,25.06864,121.5107,23
500103004,20231117,1348,23,1,1,25.06864,121.5107,22
500103004,20231117,1349,23,1,1,25.06864,121.5107,22
500103004,20231117,1350,23,1,1,25.06864,121.5107,22
500103004,20231117,1351,23,1,1,25.06864,121.5107,22
500103004,20231117,1352,23,1,1,25.06864,121.5107,22
500103004,20231117,1353,23,0,1,25.06864,121.5107,23
500103004,20231117,1354,23,0,1,25.06864,121.5107,23
500103004,20231117,1355,23,0,1,25.06864,121.5107,23
500103004,20231117,1356,23,0,1,25.06864,121.5107,23
500103004,20231117,1357,23,0,1,25.06864,121.5107,23
500103004,20231117,1358,23,0,1,25.06864,121.5107,23
500103004,20231117,1359,23,0,1,25.06864,121.5107,23
500103004,20231117,1360,23,0,1,25.06864,121.5107,23
500103004,20231117,1361,23,0,1,25.06864,121.5107,23
500103004,20231117,1362,23,0,1,25.06864,121.5107,23
500103004,20231117,1363,23,0,1,25.06864,121.5107,23
500103004,20231117,1364,23,0,1,25.06864,121.5107,23
500103004,20231117,1365,23,0,1,25.06864,121.5107,23
500103004,20231117,1366,23,0,1,25.06864,121.5107,23
500103004,20231117,1367,23,0,1,25.06864,121.5107,23
500103004,20231117,1368,23,0,1,25.06864,121.5107,23
500103004,20231117,1369,23,0,1,25.06864,121.5107,23
500103004,20231117,1370,23,0,1,25.06864,121.5107,23
500103004,20231117,1371,23,0,1,25.06864,121.5107,23
500103004,20231117,1372,23,0,1,25.06864,121.5107,23
500103004,20231117,1373,23,0,1,25.06864,121.5107,23
500103004,20231117,1374,23,0,1,25.06864,121.5107,23
500103004,20231117,1375,23,0,1,25.06864,121.5107,23
500103004,20231117,1376,23,0,1,25.06864,121.5107,23
500103004,20231117,1377,23,0,1,25.06864,121.5107,23
500103004,20231117,1378,23,0,1,25.06864,121.5107,23
500103004,20231117,1379,23,0,1,25.06864,121.5107,23
500103004,20231117,1381,23,0,1,25.06864,121.5107,23
500103004,20231117,1382,23,0,1,25.06864,121.5107,23
500103004,20231117,1383,23,0,1,25.06864,121.5107,23
500103004,20231117,1384,23,0,1,25.06864,121.5107,23
500103004,20231117,1385,23,0,1,25.06864,121.5107,23
500103004,20231117,1386,23,0,1,25.06864,121.5107,23
500103004,20231117,1387,23,0,1,25.06864,121.5107,23
500103004,20231117,1388,23,0,1,25.06864,121.5107,23
500103004,20231117,1389,23,0,1,25.06864,121.5107,23
500103004,20231117,1390,23,0,1,25.06864,121.5107,23
500103004,20231117,1391,23,0,1,25.06864,121.5107,23
500103004,20231117,1392,23,0,1,25.06864,121.5107,23
500103004,20231117,1393,23,0,1,25.06864,121.5107,23
500103004,20231117,1394,23,0,1,25.06864,121.5107,23
500103004,20231117,1395,23,0,1,25.06864,121.5107,23
500103004,20231117,1396,23,1,1,25.06864,121.5107,22
500103004,20231117,1397,23,1,1,25.06864,121.5107,22
500103004,20231117,1398,23,1,1,25.06864,121.5107,22
500103004,20231117,1399,23,0,1,25.06864,121.5107,23
500103004,20231117,1401,23,0,1,25.06864,121.5107,23
500103004,20231117,1402,23,0,1,25.06864,121.5107,23
500103004,20231117,1403,23,0,1,25.06864,121.5107,23
500103004,20231117,1404,23,0,1,25.06864,121.5107,23
500103004,20231117,1405,23,0,1,25.06864,121.5107,23
500103004,20231117,1406,23,0,1,25.06864,121.5107,23
500103004,20231117,1407,23,0,1,25.06864,121.5107,23
500103004,20231117,1408,23,0,1,25.06864,121.5107,23
500103004,20231117,1409,23,0,1,25.06864,121.5107,23
500103004,20231117,1410,23,0,1,25.06864,121.5107,23
500103004,20231117,1411,23,0,1,25.06864,121.5107,23
500103004,20231117,1412,23,0,1,25.06864,121.5107,23
500103004,20231117,1413,23,0,1,25.06864,121.5107,23
500103004,20231117,1414,23,0,1,25.06864,121.5107,23
500103004,20231117,1415,23,0,1,25.06864,121.5107,23
500103004,20231117,1416,23,0,1,25.06864,121.5107,23
500103004,20231117,1417,23,0,1,25.06864,121.5107,23
500103004,20231117,1418,23,0,1,25.06864,121.5107,23
500103004,20231117,1419,23,1,1,25.06864,121.5107,22
500103004,20231117,1421,23,1,1,25.06864,121.5107,22
500103004,20231117,1422,23,1,1,25.06864,121.5107,22
500103004,20231117,1423,23,1,1,25.06864,121.5107,22
500103004,20231117,1424,23,1,1,25.06864,121.5107,22
500103004,20231117,1425,23,1,1,25.06864,121.5107,22
500103004,20231117,1426,23,1,1,25.06864,121.5107,22
500103004,20231117,1427,23,1,1,25.06864,121.5107,22
500103004,20231117,1428,23,1,1,25.06864,121.5107,22
500103004,20231117,1429,23,1,1,25.06864,121.5107,22
500103004,20231117,1430,23,1,1,25.06864,121.5107,22
500103004,20231117,1431,23,1,1,25.06864,121.5107,22
500103004,20231117,1432,23,1,1,25.06864,121.5107,22
500103004,20231117,1433,23,1,1,25.06864,121.5107,22
500103004,20231117,1434,23,1,1,25.06864,121.5107,22
500103004,20231117,1435,23,1,1,25.06864,121.5107,22
500103004,20231117,1436,23,1,1,25.06864,121.5107,22
500103004,20231117,1437,23,1,1,25.06864,121.5107,22
500103004,20231117,1438,23,1,1,25.06864,121.5107,22
500103004,20231117,1439,23,1,1,25.06864,121.5107,22
500103004,20231118,1,23,1,1,25.06864,121.5107,22
500103004,20231118,2,23,1,1,25.06864,121.5107,22
500103004,20231118,3,23,1,1,25.06864,121.5107,22
500103004,20231118,4,23,1,1,25.06864,121.5107,22
500103004,20231118,5,23,1,1,25.06864,121.5107,22
500103004,20231118,6,23,1,1,25.06864,121.5107,22
500103004,20231118,7,23,0,1,25.06864,121.5107,23
500103004,20231118,8,23,0,1,25.06864,121.5107,23
500103004,20231118,9,23,0,1,25.06864,121.5107,23
500103004,20231118,11,23,0,1,25.06864,121.5107,23
500103004,20231118,12,23,0,1,25.06864,121.5107,23
500103004,20231118,13,23,0,1,25.06864,121.5107,23
500103004,20231118,14,23,0,1,25.06864,121.5107,23
500103004,20231118,15,23,0,1,25.06864,121.5107,23
500103004,20231118,16,23,0,1,25.06864,121.5107,23
500103004,20231118,17,23,0,1,25.06864,121.5107,23
500103004,20231118,18,23,0,1,25.06864,121.5107,23
500103004,20231118,19,23,0,1,25.06864,121.5107,23
500103004,20231118,21,23,0,1,25.06864,121.5107,23
500103004,20231118,22,23,0,1,25.06864,121.5107,23
500103004,20231118,23,23,0,1,25.06864,121.5107,23
500103004,20231118,24,23,0,1,25.06864,121.5107,23
500103004,20231118,25,23,0,1,25.06864,121.5107,23
500103004,20231118,26,23,0,1,25.06864,121.5107,23
500103004,20231118,27,23,0,1,25.06864,121.5107,23
500103004,20231118,28,23,0,1,25.06864,121.5107,23
500103004,20231118,29,23,0,1,25.06864,121.5107,23
500103004,20231118,31,23,0,1,25.06864,121.5107,23
500103004,20231118,32,23,1,1,25.06864,121.5107,22
500103004,20231118,33,23,1,1,25.06864,121.5107,22
500103004,20231118,34,23,1,1,25.06864,121.5107,22
500103004,20231118,35,23,1,1,25.06864,121.5107,22
500103004,20231118,36,23,1,1,25.06864,121.5107,22
500103004,20231118,37,23,1,1,25.06864,121.5107,22
500103004,20231118,38,23,1,1,25.06864,121.5107,22
500103004,20231118,39,23,1,1,25.06864,121.5107,22
500103004,20231118,41,23,1,1,25.06864,121.5107,22
500103004,20231118,42,23,1,1,25.06864,121.5107,22
500103004,20231118,43,23,1,1,25.06864,121.5107,22
500103004,20231118,44,23,1,1,25.06864,121.5107,22
500103004,20231118,45,23,1,1,25.06864,121.5107,22
500103004,20231118,46,23,1,1,25.06864,121.5107,22
500103004,20231118,47,23,1,1,25.06864,121.5107,22
500103004,20231118,48,23,1,1,25.06864,121.5107,22
500103004,20231118,49,23,1,1,25.06864,121.5107,22
500103004,20231118,51,23,1,1,25.06864,121.5107,22
500103004,20231118,52,23,1,1,25.06864,121.5107,22
500103004,20231118,53,23,1,1,25.06864,121.5107,22
500103004,20231118,54,23,1,1,25.06864,121.5107,22
500103004,20231118,55,23,1,1,25.06864,121.5107,22
500103004,20231118,56,23,1,1,25.06864,121.5107,22
500103004,20231118,57,23,1,1,25.06864,121.5107,22
500103004,20231118,58,23,1,1,25.06864,121.5107,22
500103004,20231118,59,23,1,1,25.06864,121.5107,22
500103004,20231118,61,23,1,1,25.06864,121.5107,22
500103004,20231118,62,23,1,1,25.06864,121.5107,22
500103004,20231118,63,23,1,1,25.06864,121.5107,22
500103004,20231118,64,23,1,1,25.06864,121.5107,22
500103004,20231118,65,23,0,1,25.06864,121.5107,23
500103004,20231118,66,23,0,1,25.06864,121.5107,23
500103004,20231118,67,23,0,1,25.06864,121.5107,23
500103004,20231118,68,23,0,1,25.06864,121.5107,23
500103004,20231118,69,23,0,1,25.06864,121.5107,23
500103004,20231118,71,23,0,1,25.06864,121.5107,23
500103004,20231118,72,23,0,1,25.06864,121.5107,23
500103004,20231118,73,23,0,1,25.06864,121.5107,23
500103004,20231118,74,23,0,1,25.06864,121.5107,23
500103004,20231118,75,23,0,1,25.06864,121.5107,23
500103004,20231118,76,23,0,1,25.06864,121.5107,23
500103004,20231118,77,23,0,1,25.06864,121.5107,23
500103004,20231118,78,23,0,1,25.06864,121.5107,23
500103004,20231118,79,23,0,1,25.06864,121.5107,23
500103004,20231118,81,23,0,1,25.06864,121.5107,23
500103004,20231118,82,23,0,1,25.06864,121.5107,23
500103004,20231118,83,23,0,1,25.06864,121.5107,23
500103004,20231118,84,23,0,1,25.06864,121.5107,23
500103004,20231118,85,23,0,1,25.06864,121.5107,23
500103004,20231118,86,23,0,1,25.06864,121.5107,23
500103004,20231118,87,23,0,1,25.06864,121.5107,23
500103004,20231118,88,23,0,1,25.06864,121.5107,23
500103004,20231118,90,23,0,1,25.06864,121.5107,23
500103004,20231118,91,23,0,1,25.06864,121.5107,23
500103004,20231118,92,23,0,1,25.06864,121.5107,23
500103004,20231118,93,23,0,1,25.06864,121.5107,23
500103004,20231118,94,23,0,1,25.06864,121.5107,23
500103004,20231118,95,23,0,1,25.06864,121.5107,23
500103004,20231118,96,23,1,1,25.06864,121.5107,22
500103004,20231118,97,23,1,1,25.06864,121.5107,22
500103004,20231118,98,23,1,1,25.06864,121.5107,22
500103004,20231118,99,23,1,1,25.06864,121.5107,22
500103004,20231118,100,23,1,1,25.06864,121.5107,22
500103004,20231118,101,23,1,1,25.06864,121.5107,22
500103004,20231118,102,23,1,1,25.06864,121.5107,22
500103004,20231118,103,23,1,1,25.06864,121.5107,22
500103004,20231118,104,23,1,1,25.06864,121.5107,22
500103004,20231118,105,23,1,1,25.06864,121.5107,22
500103004,20231118,106,23,1,1,25.06864,121.5107,22
500103004,20231118,107,23,1,1,25.06864,121.5107,22
500103004,20231118,108,23,1,1,25.06864,121.5107,22
500103004,20231118,109,23,1,1,25.06864,121.5107,22
500103004,20231118,110,23,1,1,25.06864,121.5107,22
500103004,20231118,111,23,1,1,25.06864,121.5107,22
500103004,20231118,112,23,1,1,25.06864,121.5107,22
500103004,20231118,113,23,1,1,25.06864,121.5107,22
500103004,20231118,114,23,1,1,25.06864,121.5107,22
500103004,20231118,115,23,1,1,25.06864,121.5107,22
500103004,20231118,116,23,1,1,25.06864,121.5107,22
500103004,20231118,117,23,1,1,25.06864,121.5107,22
500103004,20231118,118,23,1,1,25.06864,121.5107,22
500103004,20231118,119,23,1,1,25.06864,121.5107,22
500103004,20231118,121,23,1,1,25.06864,121.5107,22
500103004,20231118,122,23,1,1,25.06864,121.5107,22
500103004,20231118,123,23,1,1,25.06864,121.5107,22
500103004,20231118,124,23,1,1,25.06864,121.5107,22
500103004,20231118,125,23,1,1,25.06864,121.5107,22
500103004,20231118,126,23,1,1,25.06864,121.5107,22
500103004,20231118,127,23,1,1,25.06864,121.5107,22
500103004,20231118,128,23,1,1,25.06864,121.5107,22
500103004,20231118,129,23,1,1,25.06864,121.5107,22
500103004,20231118,130,23,1,1,25.06864,121.5107,22
500103004,20231118,131,23,0,1,25.06864,121.5107,23
500103004,20231118,132,23,0,1,25.06864,121.5107,23
500103004,20231118,133,23,0,1,25.06864,121.5107,23
500103004,20231118,134,23,0,1,25.06864,121.5107,23
500103004,20231118,135,23,0,1,25.06864,121.5107,23
500103004,20231118,136,23,0,1,25.06864,121.5107,23
500103004,20231118,137,23,0,1,25.06864,121.5107,23
500103004,20231118,138,23,0,1,25.06864,121.5107,23
500103004,20231118,139,23,0,1,25.06864,121.5107,23
500103004,20231118,141,23,0,1,25.06864,121.5107,23
500103004,20231118,142,23,0,1,25.06864,121.5107,23
500103004,20231118,143,23,0,1,25.06864,121.5107,23
500103004,20231118,144,23,0,1,25.06864,121.5107,23
500103004,20231118,145,23,0,1,25.06864,121.5107,23
500103004,20231118,146,23,0,1,25.06864,121.5107,23
500103004,20231118,147,23,0,1,25.06864,121.5107,23
500103004,20231118,148,23,0,1,25.06864,121.5107,23
500103004,20231118,149,23,0,1,25.06864,121.5107,23
500103004,20231118,150,23,0,1,25.06864,121.5107,23
500103004,20231118,151,23,0,1,25.06864,121.5107,23
500103004,20231118,152,23,0,1,25.06864,121.5107,23
500103004,20231118,153,23,0,1,25.06864,121.5107,23
500103004,20231118,154,23,0,1,25.06864,121.5107,23
500103004,20231118,155,23,0,1,25.06864,121.5107,23
500103004,20231118,156,23,0,1,25.06864,121.5107,23
500103004,20231118,157,23,0,1,25.06864,121.5107,23
500103004,20231118,158,23,0,1,25.06864,121.5107,23
500103004,20231118,159,23,0,1,25.06864,121.5107,23
500103004,20231118,160,23,0,1,25.06864,121.5107,23
500103004,20231118,161,23,0,1,25.06864,121.5107,23
500103004,20231118,162,23,0,1,25.06864,121.5107,23
500103004,20231118,163,23,0,1,25.06864,121.5107,23
500103004,20231118,164,23,0,1,25.06864,121.5107,23
500103004,20231118,165,23,0,1,25.06864,121.5107,23
500103004,20231118,166,23,0,1,25.06864,121.5107,23
500103004,20231118,167,23,0,1,25.06864,121.5107,23
500103004,20231118,168,23,0,1,25.06864,121.5107,23
500103004,20231118,169,23,0,1,25.06864,121.5107,23
500103004,20231118,170,23,0,1,25.06864,121.5107,23
500103004,20231118,171,23,0,1,25.06864,121.5107,23
500103004,20231118,172,23,0,1,25.06864,121.5107,23
500103004,20231118,173,23,0,1,25.06864,121.5107,23
500103004,20231118,174,23,0,1,25.06864,121.5107,23
500103004,20231118,175,23,0,1,25.06864,121.5107,23
500103004,20231118,176,23,0,1,25.06864,121.5107,23
500103004,20231118,177,23,0,1,25.06864,121.5107,23
500103004,20231118,178,23,0,1,25.06864,121.5107,23
500103004,20231118,179,23,0,1,25.06864,121.5107,23
500103004,20231118,180,23,0,1,25.06864,121.5107,23
500103004,20231118,181,23,0,1,25.06864,121.5107,23
500103004,20231118,182,23,0,1,25.06864,121.5107,23
500103004,20231118,183,23,0,1,25.06864,121.5107,23
500103004,20231118,184,23,0,1,25.06864,121.5107,23
500103004,20231118,185,23,0,1,25.06864,121.5107,23
500103004,20231118,186,23,0,1,25.06864,121.5107,23
500103004,20231118,187,23,0,1,25.06864,121.5107,23
500103004,20231118,189,23,0,1,25.06864,121.5107,23
500103004,20231118,190,23,0,1,25.06864,121.5107,23
500103004,20231118,191,23,0,1,25.06864,121.5107,23
500103004,20231118,192,23,0,1,25.06864,121.5107,23
500103004,20231118,193,23,0,1,25.06864,121.5107,23
500103004,20231118,194,23,0,1,25.06864,121.5107,23
500103004,20231118,195,23,0,1,25.06864,121.5107,23
500103004,20231118,196,23,0,1,25.06864,121.5107,23
500103004,20231118,197,23,0,1,25.06864,121.5107,23
500103004,20231118,198,23,0,1,25.06864,121.5107,23
500103004,20231118,199,23,0,1,25.06864,121.5107,23
500103004,20231118,201,23,0,1,25.06864,121.5107,23
500103004,20231118,202,23,0,1,25.06864,121.5107,23
500103004,20231118,203,23,0,1,25.06864,121.5107,23
500103004,20231118,204,23,0,1,25.06864,121.5107,23
500103004,20231118,205,23,0,1,25.06864,121.5107,23
500103004,20231118,206,23,0,1,25.06864,121.5107,23
500103004,20231118,207,23,0,1,25.06864,121.5107,23
500103004,20231118,208,23,0,1,25.06864,121.5107,23
500103004,20231118,209,23,0,1,25.06864,121.5107,23
500103004,20231118,210,23,0,1,25.06864,121.5107,23
500103004,20231118,211,23,0,1,25.06864,121.5107,23
500103004,20231118,212,23,0,1,25.06864,121.5107,23
500103004,20231118,213,23,0,1,25.06864,121.5107,23
500103004,20231118,214,23,0,1,25.06864,121.5107,23
500103004,20231118,215,23,0,1,25.06864,121.5107,23
500103004,20231118,216,23,0,1,25.06864,121.5107,23
500103004,20231118,217,23,0,1,25.06864,121.5107,23
500103004,20231118,218,23,0,1,25.06864,121.5107,23
500103004,20231118,219,23,0,1,25.06864,121.5107,23
500103004,20231118,220,23,0,1,25.06864,121.5107,23
500103004,20231118,221,23,0,1,25.06864,121.5107,23
500103004,20231118,222,23,0,1,25.06864,121.5107,23
500103004,20231118,223,23,0,1,25.06864,121.5107,23
500103004,20231118,224,23,0,1,25.06864,121.5107,23
500103004,20231118,225,23,0,1,25.06864,121.5107,23
500103004,20231118,226,23,0,1,25.06864,121.5107,23
500103004,20231118,227,23,0,1,25.06864,121.5107,23
500103004,20231118,228,23,0,1,25.06864,121.5107,23
500103004,20231118,229,23,0,1,25.06864,121.5107,23
500103004,20231118,230,23,0,1,25.06864,121.5107,23
500103004,20231118,231,23,0,1,25.06864,121.5107,23
500103004,20231118,232,23,0,1,25.06864,121.5107,23
500103004,20231118,233,23,0,1,25.06864,121.5107,23
500103004,20231118,234,23,0,1,25.06864,121.5107,23
500103004,20231118,235,23,0,1,25.06864,121.5107,23
500103004,20231118,236,23,0,1,25.06864,121.5107,23
500103004,20231118,237,23,0,1,25.06864,121.5107,23
500103004,20231118,238,23,0,1,25.06864,121.5107,23
500103004,20231118,239,23,0,1,25.06864,121.5107,23
500103004,20231118,240,23,0,1,25.06864,121.5107,23
500103004,20231118,241,23,0,1,25.06864,121.5107,23
500103004,20231118,242,23,0,1,25.06864,121.5107,23
500103004,20231118,243,23,0,1,25.06864,121.5107,23
500103004,20231118,244,23,0,1,25.06864,121.5107,23
500103004,20231118,245,23,0,1,25.06864,121.5107,23
500103004,20231118,247,23,0,1,25.06864,121.5107,23
500103004,20231118,248,23,0,1,25.06864,121.5107,23
500103004,20231118,249,23,0,1,25.06864,121.5107,23
500103004,20231118,251,23,0,1,25.06864,121.5107,23
500103004,20231118,252,23,0,1,25.06864,121.5107,23
500103004,20231118,253,23,0,1,25.06864,121.5107,23
500103004,20231118,254,23,0,1,25.06864,121.5107,23
500103004,20231118,255,23,0,1,25.06864,121.5107,23
500103004,20231118,256,23,0,1,25.06864,121.5107,23
500103004,20231118,257,23,0,1,25.06864,121.5107,23
500103004,20231118,258,23,0,1,25.06864,121.5107,23
500103004,20231118,259,23,0,1,25.06864,121.5107,23
500103004,20231118,261,23,0,1,25.06864,121.5107,23
500103004,20231118,262,23,0,1,25.06864,121.5107,23
500103004,20231118,263,23,0,1,25.06864,121.5107,23
500103004,20231118,264,23,0,1,25.06864,121.5107,23
500103004,20231118,265,23,0,1,25.06864,121.5107,23
500103004,20231118,266,23,0,1,25.06864,121.5107,23
500103004,20231118,267,23,0,1,25.06864,121.5107,23
500103004,20231118,268,23,0,1,25.06864,121.5107,23
500103004,20231118,269,23,0,1,25.06864,121.5107,23
500103004,20231118,271,23,0,1,25.06864,121.5107,23
500103004,20231118,272,23,0,1,25.06864,121.5107,23
500103004,20231118,273,23,0,1,25.06864,121.5107,23
500103004,20231118,274,23,0,1,25.06864,121.5107,23
500103004,20231118,275,23,0,1,25.06864,121.5107,23
500103004,20231118,276,23,0,1,25.06864,121.5107,23
500103004,20231118,277,23,0,1,25.06864,121.5107,23
500103004,20231118,278,23,0,1,25.06864,121.5107,23
500103004,20231118,279,23,0,1,25.06864,121.5107,23
500103004,20231118,281,23,0,1,25.06864,121.5107,23
500103004,20231118,282,23,0,1,25.06864,121.5107,23
500103004,20231118,283,23,0,1,25.06864,121.5107,23
500103004,20231118,284,23,0,1,25.06864,121.5107,23
500103004,20231118,285,23,0,1,25.06864,121.5107,23
500103004,20231118,286,23,0,1,25.06864,121.5107,23
500103004,20231118,287,23,0,1,25.06864,121.5107,23
500103004,20231118,288,23,0,1,25.06864,121.5107,23
500103004,20231118,289,23,0,1,25.06864,121.5107,23
500103004,20231118,291,23,0,1,25.06864,121.5107,23
500103004,20231118,292,23,0,1,25.06864,121.5107,23
500103004,20231118,293,23,0,1,25.06864,121.5107,23
500103004,20231118,294,23,0,1,25.06864,121.5107,23
500103004,20231118,295,23,0,1,25.06864,121.5107,23
500103004,20231118,296,23,0,1,25.06864,121.5107,23
500103004,20231118,297,23,0,1,25.06864,121.5107,23
500103004,20231118,298,23,0,1,25.06864,121.5107,23
500103004,20231118,299,23,0,1,25.06864,121.5107,23
500103004,20231118,301,23,0,1,25.06864,121.5107,23
500103004,20231118,302,23,0,1,25.06864,121.5107,23
500103004,20231118,303,23,0,1,25.06864,121.5107,23
500103004,20231118,304,23,1,1,25.06864,121.5107,22
500103004,20231118,305,23,1,1,25.06864,121.5107,22
500103004,20231118,306,23,1,1,25.06864,121.5107,22
500103004,20231118,307,23,1,1,25.06864,121.5107,22
500103004,20231118,308,23,1,1,25.06864,121.5107,22
500103004,20231118,309,23,1,1,25.06864,121.5107,22
500103004,20231118,311,23,1,1,25.06864,121.5107,22
500103004,20231118,312,23,1,1,25.06864,121.5107,22
500103004,20231118,313,23,1,1,25.06864,121.5107,22
500103004,20231118,314,23,1,1,25.06864,121.5107,22
500103004,20231118,315,23,1,1,25.06864,121.5107,22
500103004,20231118,316,23,1,1,25.06864,121.5107,22
500103004,20231118,317,23,1,1,25.06864,121.5107,22
500103004,20231118,318,23,1,1,25.06864,121.5107,22
500103004,20231118,319,23,1,1,25.06864,121.5107,22
500103004,20231118,321,23,1,1,25.06864,121.5107,22
500103004,20231118,322,23,0,1,25.06864,121.5107,23
500103004,20231118,323,23,1,1,25.06864,121.5107,22
500103004,20231118,324,23,1,1,25.06864,121.5107,22
500103004,20231118,325,23,1,1,25.06864,121.5107,22
500103004,20231118,326,23,1,1,25.06864,121.5107,22
500103004,20231118,327,23,0,1,25.06864,121.5107,23
500103004,20231118,328,23,0,1,25.06864,121.5107,23
500103004,20231118,329,23,0,1,25.06864,121.5107,23
500103004,20231118,331,23,0,1,25.06864,121.5107,23
500103004,20231118,332,23,0,1,25.06864,121.5107,23
500103004,20231118,333,23,0,1,25.06864,121.5107,23
500103004,20231118,334,23,0,1,25.06864,121.5107,23
500103004,20231118,335,23,0,1,25.06864,121.5107,23
500103004,20231118,336,23,0,1,25.06864,121.5107,23
500103004,20231118,337,23,0,1,25.06864,121.5107,23
500103004,20231118,338,23,0,1,25.06864,121.5107,23
500103004,20231118,339,23,0,1,25.06864,121.5107,23
500103004,20231118,341,23,0,1,25.06864,121.5107,23
500103004,20231118,342,23,0,1,25.06864,121.5107,23
500103004,20231118,343,23,0,1,25.06864,121.5107,23
500103004,20231118,344,23,0,1,25.06864,121.5107,23
500103004,20231118,345,23,0,1,25.06864,121.5107,23
500103004,20231118,346,23,0,1,25.06864,121.5107,23
500103004,20231118,347,23,0,1,25.06864,121.5107,23
500103004,20231118,348,23,0,1,25.06864,121.5107,23
500103004,20231118,349,23,0,1,25.06864,121.5107,23
500103004,20231118,351,23,0,1,25.06864,121.5107,23
500103004,20231118,352,23,0,1,25.06864,121.5107,23
500103004,20231118,353,23,0,1,25.06864,121.5107,23
500103004,20231118,354,23,0,1,25.06864,121.5107,23
500103004,20231118,355,23,0,1,25.06864,121.5107,23
500103004,20231118,356,23,0,1,25.06864,121.5107,23
500103004,20231118,357,23,0,1,25.06864,121.5107,23
500103004,20231118,358,23,0,1,25.06864,121.5107,23
500103004,20231118,359,23,0,1,25.06864,121.5107,23
500103004,20231118,360,23,0,1,25.06864,121.5107,23
500103004,20231118,361,23,0,1,25.06864,121.5107,23
500103004,20231118,362,23,0,1,25.06864,121.5107,23
500103004,20231118,363,23,0,1,25.06864,121.5107,23
500103004,20231118,364,23,0,1,25.06864,121.5107,23
500103004,20231118,365,23,0,1,25.06864,121.5107,23
500103004,20231118,366,23,0,1,25.06864,121.5107,23
500103004,20231118,367,23,0,1,25.06864,121.5107,23
500103004,20231118,368,23,0,1,25.06864,121.5107,23
500103004,20231118,369,23,0,1,25.06864,121.5107,23
500103004,20231118,370,23,0,1,25.06864,121.5107,23
500103004,20231118,371,23,0,1,25.06864,121.5107,23
500103004,20231118,372,23,0,1,25.06864,121.5107,23
500103004,20231118,373,23,0,1,25.06864,121.5107,23
500103004,20231118,374,23,0,1,25.06864,121.5107,23
500103004,20231118,375,23,0,1,25.06864,121.5107,23
500103004,20231118,376,23,0,1,25.06864,121.5107,23
500103004,20231118,377,23,0,1,25.06864,121.5107,23
500103004,20231118,378,23,0,1,25.06864,121.5107,23
500103004,20231118,379,23,0,1,25.06864,121.5107,23
500103004,20231118,381,23,0,1,25.06864,121.5107,23
500103004,20231118,382,23,0,1,25.06864,121.5107,23
500103004,20231118,383,23,0,1,25.06864,121.5107,23
500103004,20231118,384,23,0,1,25.06864,121.5107,23
500103004,20231118,385,23,0,1,25.06864,121.5107,23
500103004,20231118,386,23,0,1,25.06864,121.5107,23
500103004,20231118,387,23,0,1,25.06864,121.5107,23
500103004,20231118,388,23,0,1,25.06864,121.5107,23
500103004,20231118,389,23,0,1,25.06864,121.5107,23
500103004,20231118,390,23,0,1,25.06864,121.5107,23
500103004,20231118,391,23,0,1,25.06864,121.5107,23
500103004,20231118,392,23,0,1,25.06864,121.5107,23
500103004,20231118,393,23,0,1,25.06864,121.5107,23
500103004,20231118,394,23,0,1,25.06864,121.5107,23
500103004,20231118,395,23,0,1,25.06864,121.5107,23
500103004,20231118,396,23,0,1,25.06864,121.5107,23
500103004,20231118,397,23,0,1,25.06864,121.5107,23
500103004,20231118,398,23,0,1,25.06864,121.5107,23
500103004,20231118,399,23,0,1,25.06864,121.5107,23
500103004,20231118,400,23,0,1,25.06864,121.5107,23
500103004,20231118,401,23,0,1,25.06864,121.5107,23
500103004,20231118,402,23,0,1,25.06864,121.5107,23
500103004,20231118,403,23,0,1,25.06864,121.5107,23
500103004,20231118,404,23,0,1,25.06864,121.5107,23
500103004,20231118,405,23,0,1,25.06864,121.5107,23
500103004,20231118,406,23,2,1,25.06864,121.5107,21
500103004,20231118,407,23,2,1,25.06864,121.5107,21
500103004,20231118,408,23,2,1,25.06864,121.5107,21
500103004,20231118,409,23,2,1,25.06864,121.5107,21
500103004,20231118,410,23,1,1,25.06864,121.5107,22
500103004,20231118,411,23,1,1,25.06864,121.5107,22
500103004,20231118,412,23,1,1,25.06864,121.5107,22
500103004,20231118,413,23,1,1,25.06864,121.5107,22
500103004,20231118,414,23,2,1,25.06864,121.5107,21
500103004,20231118,415,23,2,1,25.06864,121.5107,21
500103004,20231118,416,23,3,1,25.06864,121.5107,20
500103004,20231118,417,23,3,1,25.06864,121.5107,20
500103004,20231118,418,23,3,1,25.06864,121.5107,20
500103004,20231118,419,23,3,1,25.06864,121.5107,20
500103004,20231118,421,23,3,1,25.06864,121.5107,20
500103004,20231118,422,23,4,1,25.06864,121.5107,19
500103004,20231118,423,23,4,1,25.06864,121.5107,19
500103004,20231118,424,23,2,1,25.06864,121.5107,21
500103004,20231118,425,23,2,1,25.06864,121.5107,21
500103004,20231118,426,23,2,1,25.06864,121.5107,21
500103004,20231118,427,23,2,1,25.06864,121.5107,21
500103004,20231118,428,23,2,1,25.06864,121.5107,21
500103004,20231118,429,23,2,1,25.06864,121.5107,21
500103004,20231118,430,23,2,1,25.06864,121.5107,21
500103004,20231118,431,23,2,1,25.06864,121.5107,21
500103004,20231118,432,23,1,1,25.06864,121.5107,22
500103004,20231118,433,23,1,1,25.06864,121.5107,22
500103004,20231118,434,23,1,1,25.06864,121.5107,22
500103004,20231118,435,23,1,1,25.06864,121.5107,22
500103004,20231118,436,23,1,1,25.06864,121.5107,22
500103004,20231118,437,23,1,1,25.06864,121.5107,22
500103004,20231118,438,23,1,1,25.06864,121.5107,22
500103004,20231118,439,23,1,1,25.06864,121.5107,22
500103004,20231118,441,23,1,1,25.06864,121.5107,22
500103004,20231118,442,23,1,1,25.06864,121.5107,22
500103004,20231118,443,23,1,1,25.06864,121.5107,22
500103004,20231118,444,23,1,1,25.06864,121.5107,22
500103004,20231118,445,23,1,1,25.06864,121.5107,22
500103004,20231118,446,23,2,1,25.06864,121.5107,21
500103004,20231118,447,23,2,1,25.06864,121.5107,21
500103004,20231118,448,23,3,1,25.06864,121.5107,20
500103004,20231118,449,23,3,1,25.06864,121.5107,20
500103004,20231118,450,23,3,1,25.06864,121.5107,20
500103004,20231118,451,23,3,1,25.06864,121.5107,20
500103004,20231118,452,23,3,1,25.06864,121.5107,20
500103004,20231118,453,23,3,1,25.06864,121.5107,20
500103004,20231118,454,23,3,1,25.06864,121.5107,20
500103004,20231118,455,23,4,1,25.06864,121.5107,19
500103004,20231118,456,23,4,1,25.06864,121.5107,19
500103004,20231118,457,23,4,1,25.06864,121.5107,19
500103004,20231118,458,23,4,1,25.06864,121.5107,19
500103004,20231118,459,23,4,1,25.06864,121.5107,19
500103004,20231118,460,23,4,1,25.06864,121.5107,19
500103004,20231118,461,23,4,1,25.06864,121.5107,19
500103004,20231118,462,23,4,1,25.06864,121.5107,19
500103004,20231118,463,23,4,1,25.06864,121.5107,19
500103004,20231118,464,23,4,1,25.06864,121.5107,19
500103004,20231118,465,23,4,1,25.06864,121.5107,19
500103004,20231118,466,23,4,1,25.06864,121.5107,19
500103004,20231118,467,23,4,1,25.06864,121.5107,19
500103004,20231118,468,23,4,1,25.06864,121.5107,19
500103004,20231118,469,23,4,1,25.06864,121.5107,19
500103004,20231118,470,23,4,1,25.06864,121.5107,19
500103004,20231118,471,23,4,1,25.06864,121.5107,19
500103004,20231118,472,23,4,1,25.06864,121.5107,19
500103004,20231118,473,23,4,1,25.06864,121.5107,19
500103004,20231118,474,23,4,1,25.06864,121.5107,19
500103004,20231118,476,23,4,1,25.06864,121.5107,19
500103004,20231118,477,23,4,1,25.06864,121.5107,19
500103004,20231118,478,23,4,1,25.06864,121.5107,19
500103004,20231118,479,23,4,1,25.06864,121.5107,19
500103004,20231118,481,23,5,1,25.06864,121.5107,18
500103004,20231118,482,23,5,1,25.06864,121.5107,18
500103004,20231118,483,23,5,1,25.06864,121.5107,18
500103004,20231118,484,23,5,1,25.06864,121.5107,18
500103004,20231118,485,23,5,1,25.06864,121.5107,18
500103004,20231118,486,23,4,1,25.06864,121.5107,19
500103004,20231118,487,23,4,1,25.06864,121.5107,19
500103004,20231118,488,23,4,1,25.06864,121.5107,19
500103004,20231118,489,23,4,1,25.06864,121.5107,19
500103004,20231118,490,23,4,1,25.06864,121.5107,19
500103004,20231118,491,23,4,1,25.06864,121.5107,19
500103004,20231118,492,23,4,1,25.06864,121.5107,19
500103004,20231118,493,23,5,1,25.06864,121.5107,18
500103004,20231118,494,23,6,1,25.06864,121.5107,17
500103004,20231118,495,23,8,1,25.06864,121.5107,15
500103004,20231118,496,23,8,1,25.06864,121.5107,15
500103004,20231118,497,23,8,1,25.06864,121.5107,15
500103004,20231118,498,23,8,1,25.06864,121.5107,15
500103004,20231118,499,23,8,1,25.06864,121.5107,15
500103004,20231118,501,23,8,1,25.06864,121.5107,15
500103004,20231118,502,23,8,1,25.06864,121.5107,15
500103004,20231118,503,23,9,1,25.06864,121.5107,14
500103004,20231118,504,23,9,1,25.06864,121.5107,14
500103004,20231118,505,23,9,1,25.06864,121.5107,14
500103004,20231118,506,23,9,1,25.06864,121.5107,14
500103004,20231118,508,23,9,1,25.06864,121.5107,14
500103004,20231118,509,23,9,1,25.06864,121.5107,14
500103004,20231118,511,23,9,1,25.06864,121.5107,14
500103004,20231118,512,23,9,1,25.06864,121.5107,14
500103004,20231118,513,23,9,1,25.06864,121.5107,14
500103004,20231118,514,23,10,1,25.06864,121.5107,13
500103004,20231118,515,23,10,1,25.06864,121.5107,13
500103004,20231118,516,23,10,1,25.06864,121.5107,13
500103004,20231118,517,23,10,1,25.06864,121.5107,13
500103004,20231118,518,23,10,1,25.06864,121.5107,13
500103004,20231118,519,23,10,1,25.06864,121.5107,13
500103004,20231118,521,23,11,1,25.06864,121.5107,12
500103004,20231118,522,23,11,1,25.06864,121.5107,12
500103004,20231118,523,23,11,1,25.06864,121.5107,12
500103004,20231118,524,23,11,1,25.06864,121.5107,12
500103004,20231118,525,23,10,1,25.06864,121.5107,13
500103004,20231118,526,23,10,1,25.06864,121.5107,13
500103004,20231118,527,23,10,1,25.06864,121.5107,13
500103004,20231118,528,23,10,1,25.06864,121.5107,13
500103004,20231118,529,23,10,1,25.06864,121.5107,13
500103004,20231118,531,23,10,1,25.06864,121.5107,13
500103004,20231118,532,23,10,1,25.06864,121.5107,13
500103004,20231118,533,23,10,1,25.06864,121.5107,13
500103004,20231118,534,23,10,1,25.06864,121.5107,13
500103004,20231118,535,23,10,1,25.06864,121.5107,13
500103004,20231118,536,23,10,1,25.06864,121.5107,13
500103004,20231118,537,23,10,1,25.06864,121.5107,13
500103004,20231118,538,23,10,1,25.06864,121.5107,13
500103004,20231118,539,23,11,1,25.06864,121.5107,12
500103004,20231118,541,23,11,1,25.06864,121.5107,12
500103004,20231118,542,23,11,1,25.06864,121.5107,12
500103004,20231118,543,23,12,1,25.06864,121.5107,11
500103004,20231118,544,23,12,1,25.06864,121.5107,11
500103004,20231118,545,23,12,1,25.06864,121.5107,11
500103004,20231118,546,23,12,1,25.06864,121.5107,11
500103004,20231118,547,23,12,1,25.06864,121.5107,11
500103004,20231118,548,23,12,1,25.06864,121.5107,11
500103004,20231118,549,23,12,1,25.06864,121.5107,11
500103004,20231118,551,23,13,1,25.06864,121.5107,10
500103004,20231118,552,23,14,1,25.06864,121.5107,9
500103004,20231118,553,23,14,1,25.06864,121.5107,9
500103004,20231118,554,23,14,1,25.06864,121.5107,9
500103004,20231118,555,23,14,1,25.06864,121.5107,9
500103004,20231118,556,23,14,1,25.06864,121.5107,9
500103004,20231118,557,23,14,1,25.06864,121.5107,9
500103004,20231118,558,23,13,1,25.06864,121.5107,10
500103004,20231118,559,23,14,1,25.06864,121.5107,9
500103004,20231118,561,23,15,1,25.06864,121.5107,8
500103004,20231118,562,23,15,1,25.06864,121.5107,8
500103004,20231118,563,23,14,1,25.06864,121.5107,9
500103004,20231118,564,23,14,1,25.06864,121.5107,9
500103004,20231118,565,23,12,1,25.06864,121.5107,11
500103004,20231118,566,23,10,1,25.06864,121.5107,13
500103004,20231118,567,23,6,1,25.06864,121.5107,17
500103004,20231118,568,23,5,1,25.06864,121.5107,18
500103004,20231118,569,23,5,1,25.06864,121.5107,18
500103004,20231118,571,23,2,1,25.06864,121.5107,21
500103004,20231118,572,23,2,1,25.06864,121.5107,21
500103004,20231118,573,23,2,1,25.06864,121.5107,21
500103004,20231118,574,23,2,1,25.06864,121.5107,21
500103004,20231118,575,23,2,1,25.06864,121.5107,21
500103004,20231118,576,23,2,1,25.06864,121.5107,21
500103004,20231118,577,23,2,1,25.06864,121.5107,21
500103004,20231118,578,23,2,1,25.06864,121.5107,21
500103004,20231118,579,23,2,1,25.06864,121.5107,21
500103004,20231118,581,23,2,1,25.06864,121.5107,21
500103004,20231118,582,23,1,1,25.06864,121.5107,22
500103004,20231118,583,23,2,1,25.06864,121.5107,21
500103004,20231118,584,23,1,1,25.06864,121.5107,22
500103004,20231118,585,23,1,1,25.06864,121.5107,22
500103004,20231118,586,23,1,1,25.06864,121.5107,22
500103004,20231118,587,23,3,1,25.06864,121.5107,20
500103004,20231118,588,23,5,1,25.06864,121.5107,18
500103004,20231118,589,23,7,1,25.06864,121.5107,16
500103004,20231118,591,23,9,1,25.06864,121.5107,14
500103004,20231118,592,23,9,1,25.06864,121.5107,14
500103004,20231118,593,23,9,1,25.06864,121.5107,14
500103004,20231118,594,23,9,1,25.06864,121.5107,14
500103004,20231118,595,23,9,1,25.06864,121.5107,14
500103004,20231118,596,23,9,1,25.06864,121.5107,14
500103004,20231118,597,23,9,1,25.06864,121.5107,14
500103004,20231118,598,23,9,1,25.06864,121.5107,14
500103004,20231118,599,23,9,1,25.06864,121.5107,14
500103004,20231118,601,23,9,1,25.06864,121.5107,14
500103004,20231118,602,23,9,1,25.06864,121.5107,14
500103004,20231118,603,23,9,1,25.06864,121.5107,14
500103004,20231118,604,23,9,1,25.06864,121.5107,14
500103004,20231118,605,23,9,1,25.06864,121.5107,14
500103004,20231118,606,23,9,1,25.06864,121.5107,14
500103004,20231118,607,23,9,1,25.06864,121.5107,14
500103004,20231118,608,23,9,1,25.06864,121.5107,14
500103004,20231118,609,23,9,1,25.06864,121.5107,14
500103004,20231118,611,23,10,1,25.06864,121.5107,13
500103004,20231118,612,23,10,1,25.06864,121.5107,13
500103004,20231118,613,23,10,1,25.06864,121.5107,13
500103004,20231118,614,23,11,1,25.06864,121.5107,12
500103004,20231118,615,23,12,1,25.06864,121.5107,11
500103004,20231118,616,23,11,1,25.06864,121.5107,12
500103004,20231118,617,23,11,1,25.06864,121.5107,12
500103004,20231118,618,23,11,1,25.06864,121.5107,12
500103004,20231118,619,23,11,1,25.06864,121.5107,12
500103004,20231118,621,23,12,1,25.06864,121.5107,11
500103004,20231118,622,23,12,1,25.06864,121.5107,11
500103004,20231118,623,23,12,1,25.06864,121.5107,11
500103004,20231118,624,23,12,1,25.06864,121.5107,11
500103004,20231118,625,23,12,1,25.06864,121.5107,11
500103004,20231118,626,23,12,1,25.06864,121.5107,11
500103004,20231118,627,23,13,1,25.06864,121.5107,10
500103004,20231118,628,23,13,1,25.06864,121.5107,10
500103004,20231118,629,23,13,1,25.06864,121.5107,10
500103004,20231118,631,23,13,1,25.06864,121.5107,10
500103004,20231118,632,23,14,1,25.06864,121.5107,9
500103004,20231118,633,23,14,1,25.06864,121.5107,9
500103004,20231118,634,23,14,1,25.06864,121.5107,9
500103004,20231118,635,23,14,1,25.06864,121.5107,9
500103004,20231118,636,23,14,1,25.06864,121.5107,9
500103004,20231118,637,23,14,1,25.06864,121.5107,9
500103004,20231118,638,23,14,1,25.06864,121.5107,9
500103004,20231118,639,23,15,1,25.06864,121.5107,8
500103004,20231118,640,23,18,1,25.06864,121.5107,5
500103004,20231118,641,23,18,1,25.06864,121.5107,5
500103004,20231118,642,23,17,1,25.06864,121.5107,6
500103004,20231118,643,23,16,1,25.06864,121.5107,7
500103004,20231118,644,23,16,1,25.06864,121.5107,7
500103004,20231118,645,23,17,1,25.06864,121.5107,6
500103004,20231118,646,23,17,1,25.06864,121.5107,6
500103004,20231118,647,23,17,1,25.06864,121.5107,6
500103004,20231118,648,23,16,1,25.06864,121.5107,7
500103004,20231118,649,23,16,1,25.06864,121.5107,7
500103004,20231118,650,23,16,1,25.06864,121.5107,7
500103004,20231118,651,23,17,1,25.06864,121.5107,6
500103004,20231118,652,23,17,1,25.06864,121.5107,6
500103004,20231118,653,23,17,1,25.06864,121.5107,6
500103004,20231118,654,23,17,1,25.06864,121.5107,6
500103004,20231118,655,23,17,1,25.06864,121.5107,6
500103004,20231118,656,23,17,1,25.06864,121.5107,6
500103004,20231118,657,23,17,1,25.06864,121.5107,6
500103004,20231118,658,23,17,1,25.06864,121.5107,6
500103004,20231118,659,23,17,1,25.06864,121.5107,6
500103004,20231118,661,23,17,1,25.06864,121.5107,6
500103004,20231118,662,23,17,1,25.06864,121.5107,6
500103004,20231118,663,23,18,1,25.06864,121.5107,5
500103004,20231118,664,23,18,1,25.06864,121.5107,5
500103004,20231118,665,23,18,1,25.06864,121.5107,5
500103004,20231118,666,23,18,1,25.06864,121.5107,5
500103004,20231118,667,23,18,1,25.06864,121.5107,5
500103004,20231118,668,23,18,1,25.06864,121.5107,5
500103004,20231118,669,23,18,1,25.06864,121.5107,5
500103004,20231118,670,23,18,1,25.06864,121.5107,5
500103004,20231118,671,23,18,1,25.06864,121.5107,5
500103004,20231118,672,23,18,1,25.06864,121.5107,5
500103004,20231118,673,23,18,1,25.06864,121.5107,5
500103004,20231118,674,23,18,1,25.06864,121.5107,5
500103004,20231118,675,23,18,1,25.06864,121.5107,5
500103004,20231118,676,23,18,1,25.06864,121.5107,5
500103004,20231118,677,23,18,1,25.06864,121.5107,5
500103004,20231118,678,23,18,1,25.06864,121.5107,5
500103004,20231118,679,23,18,1,25.06864,121.5107,5
500103004,20231118,681,23,18,1,25.06864,121.5107,5
500103004,20231118,682,23,19,1,25.06864,121.5107,4
500103004,20231118,683,23,19,1,25.06864,121.5107,4
500103004,20231118,684,23,19,1,25.06864,121.5107,4
500103004,20231118,685,23,20,1,25.06864,121.5107,3
500103004,20231118,686,23,20,1,25.06864,121.5107,3
500103004,20231118,687,23,20,1,25.06864,121.5107,3
500103004,20231118,688,23,21,1,25.06864,121.5107,2
500103004,20231118,689,23,21,1,25.06864,121.5107,2
500103004,20231118,691,23,21,1,25.06864,121.5107,2
500103004,20231118,692,23,21,1,25.06864,121.5107,2
500103004,20231118,693,23,21,1,25.06864,121.5107,2
500103004,20231118,694,23,21,1,25.06864,121.5107,2
500103004,20231118,695,23,21,1,25.06864,121.5107,2
500103004,20231118,696,23,20,1,25.06864,121.5107,3
500103004,20231118,697,23,20,1,25.06864,121.5107,3
500103004,20231118,698,23,20,1,25.06864,121.5107,3
500103004,20231118,699,23,20,1,25.06864,121.5107,3
500103004,20231118,700,23,20,1,25.06864,121.5107,3
500103004,20231118,701,23,20,1,25.06864,121.5107,3
500103004,20231118,702,23,20,1,25.06864,121.5107,3
500103004,20231118,703,23,21,1,25.06864,121.5107,2
500103004,20231118,704,23,21,1,25.06864,121.5107,2
500103004,20231118,705,23,21,1,25.06864,121.5107,2
500103004,20231118,706,23,21,1,25.06864,121.5107,2
500103004,20231118,707,23,21,1,25.06864,121.5107,2
500103004,20231118,708,23,21,1,25.06864,121.5107,2
500103004,20231118,709,23,21,1,25.06864,121.5107,2
500103004,20231118,710,23,21,1,25.06864,121.5107,2
500103004,20231118,711,23,21,1,25.06864,121.5107,2
500103004,20231118,712,23,20,1,25.06864,121.5107,3
500103004,20231118,713,23,20,1,25.06864,121.5107,3
500103004,20231118,714,23,20,1,25.06864,121.5107,3
500103004,20231118,715,23,20,1,25.06864,121.5107,3
500103004,20231118,716,23,19,1,25.06864,121.5107,4
500103004,20231118,717,23,19,1,25.06864,121.5107,4
500103004,20231118,718,23,19,1,25.06864,121.5107,4
500103004,20231118,719,23,19,1,25.06864,121.5107,4
500103004,20231118,721,23,19,1,25.06864,121.5107,4
500103004,20231118,722,23,17,1,25.06864,121.5107,6
500103004,20231118,723,23,16,1,25.06864,121.5107,7
500103004,20231118,724,23,16,1,25.06864,121.5107,7
500103004,20231118,725,23,16,1,25.06864,121.5107,7
500103004,20231118,726,23,16,1,25.06864,121.5107,7
500103004,20231118,727,23,16,1,25.06864,121.5107,7
500103004,20231118,728,23,16,1,25.06864,121.5107,7
500103004,20231118,729,23,15,1,25.06864,121.5107,8
500103004,20231118,730,23,16,1,25.06864,121.5107,7
500103004,20231118,731,23,16,1,25.06864,121.5107,7
500103004,20231118,732,23,16,1,25.06864,121.5107,7
500103004,20231118,733,23,16,1,25.06864,121.5107,7
500103004,20231118,734,23,16,1,25.06864,121.5107,7
500103004,20231118,735,23,16,1,25.06864,121.5107,7
500103004,20231118,736,23,16,1,25.06864,121.5107,7
500103004,20231118,737,23,16,1,25.06864,121.5107,7
500103004,20231118,738,23,17,1,25.06864,121.5107,6
500103004,20231118,739,23,16,1,25.06864,121.5107,7
500103004,20231118,741,23,16,1,25.06864,121.5107,7
500103004,20231118,742,23,16,1,25.06864,121.5107,7
500103004,20231118,743,23,16,1,25.06864,121.5107,7
500103004,20231118,744,23,16,1,25.06864,121.5107,7
500103004,20231118,745,23,15,1,25.06864,121.5107,8
500103004,20231118,746,23,15,1,25.06864,121.5107,8
500103004,20231118,747,23,16,1,25.06864,121.5107,7
500103004,20231118,748,23,17,1,25.06864,121.5107,6
500103004,20231118,749,23,19,1,25.06864,121.5107,4
500103004,20231118,751,23,18,1,25.06864,121.5107,5
500103004,20231118,752,23,18,1,25.06864,121.5107,5
500103004,20231118,753,23,18,1,25.06864,121.5107,5
500103004,20231118,754,23,17,1,25.06864,121.5107,6
500103004,20231118,755,23,17,1,25.06864,121.5107,6
500103004,20231118,756,23,17,1,25.06864,121.5107,6
500103004,20231118,757,23,17,1,25.06864,121.5107,6
500103004,20231118,758,23,17,1,25.06864,121.5107,6
500103004,20231118,759,23,17,1,25.06864,121.5107,6
500103004,20231118,760,23,17,1,25.06864,121.5107,6
500103004,20231118,761,23,17,1,25.06864,121.5107,6
500103004,20231118,762,23,17,1,25.06864,121.5107,6
500103004,20231118,763,23,17,1,25.06864,121.5107,6
500103004,20231118,764,23,17,1,25.06864,121.5107,6
500103004,20231118,765,23,17,1,25.06864,121.5107,6
500103004,20231118,766,23,18,1,25.06864,121.5107,5
500103004,20231118,767,23,18,1,25.06864,121.5107,5
500103004,20231118,768,23,18,1,25.06864,121.5107,5
500103004,20231118,769,23,18,1,25.06864,121.5107,5
500103004,20231118,770,23,18,1,25.06864,121.5107,5
500103004,20231118,771,23,18,1,25.06864,121.5107,5
500103004,20231118,772,23,18,1,25.06864,121.5107,5
500103004,20231118,773,23,18,1,25.06864,121.5107,5
500103004,20231118,774,23,18,1,25.06864,121.5107,5
500103004,20231118,775,23,18,1,25.06864,121.5107,5
500103004,20231118,776,23,19,1,25.06864,121.5107,4
500103004,20231118,778,23,19,1,25.06864,121.5107,4
500103004,20231118,779,23,19,1,25.06864,121.5107,4
500103004,20231118,782,23,19,1,25.06864,121.5107,4
500103004,20231118,783,23,20,1,25.06864,121.5107,3
500103004,20231118,784,23,20,1,25.06864,121.5107,3
500103004,20231118,785,23,20,1,25.06864,121.5107,3
500103004,20231118,787,23,17,1,25.06864,121.5107,6
500103004,20231118,789,23,18,1,25.06864,121.5107,5
500103004,20231118,791,23,18,1,25.06864,121.5107,5
500103004,20231118,792,23,18,1,25.06864,121.5107,5
500103004,20231118,794,23,18,1,25.06864,121.5107,5
500103004,20231118,795,23,18,1,25.06864,121.5107,5
500103004,20231118,797,23,21,1,25.06864,121.5107,2
500103004,20231118,798,23,21,1,25.06864,121.5107,2
500103004,20231118,799,23,21,1,25.06864,121.5107,2
500103004,20231118,801,23,21,1,25.06864,121.5107,2
500103004,20231118,803,23,22,1,25.06864,121.5107,1
500103004,20231118,805,23,20,1,25.06864,121.5107,3
500103004,20231118,806,23,20,1,25.06864,121.5107,3
500103004,20231118,807,23,21,1,25.06864,121.5107,2
500103004,20231118,808,23,21,1,25.06864,121.5107,2
500103004,20231118,809,23,22,1,25.06864,121.5107,1
500103004,20231118,811,23,21,1,25.06864,121.5107,2
500103004,20231118,812,23,20,1,25.06864,121.5107,3
500103004,20231118,813,23,19,1,25.06864,121.5107,4
500103004,20231118,814,23,19,1,25.06864,121.5107,4
500103004,20231118,815,23,19,1,25.06864,121.5107,4
500103004,20231118,816,23,18,1,25.06864,121.5107,5
500103004,20231118,817,23,18,1,25.06864,121.5107,5
500103004,20231118,818,23,18,1,25.06864,121.5107,5
500103004,20231118,819,23,18,1,25.06864,121.5107,5
500103004,20231118,821,23,18,1,25.06864,121.5107,5
500103004,20231118,822,23,18,1,25.06864,121.5107,5
500103004,20231118,824,23,18,1,25.06864,121.5107,5
500103004,20231118,825,23,18,1,25.06864,121.5107,5
500103004,20231118,826,23,18,1,25.06864,121.5107,5
500103004,20231118,827,23,18,1,25.06864,121.5107,5
500103004,20231118,828,23,18,1,25.06864,121.5107,5
500103004,20231118,829,23,19,1,25.06864,121.5107,4
500103004,20231118,831,23,19,1,25.06864,121.5107,4
500103004,20231118,832,23,19,1,25.06864,121.5107,4
500103004,20231118,833,23,20,1,25.06864,121.5107,3
500103004,20231118,834,23,20,1,25.06864,121.5107,3
500103004,20231118,835,23,20,1,25.06864,121.5107,3
500103004,20231118,836,23,19,1,25.06864,121.5107,4
500103004,20231118,837,23,19,1,25.06864,121.5107,4
500103004,20231118,838,23,20,1,25.06864,121.5107,3
500103004,20231118,839,23,20,1,25.06864,121.5107,3
500103004,20231118,841,23,20,1,25.06864,121.5107,3
500103004,20231118,842,23,20,1,25.06864,121.5107,3
500103004,20231118,843,23,19,1,25.06864,121.5107,4
500103004,20231118,844,23,19,1,25.06864,121.5107,4
500103004,20231118,845,23,19,1,25.06864,121.5107,4
500103004,20231118,846,23,19,1,25.06864,121.5107,4
500103004,20231118,847,23,19,1,25.06864,121.5107,4
500103004,20231118,848,23,17,1,25.06864,121.5107,6
500103004,20231118,849,23,17,1,25.06864,121.5107,6
500103004,20231118,851,23,17,1,25.06864,121.5107,6
500103004,20231118,852,23,17,1,25.06864,121.5107,6
500103004,20231118,853,23,17,1,25.06864,121.5107,6
500103004,20231118,854,23,17,1,25.06864,121.5107,6
500103004,20231118,855,23,17,1,25.06864,121.5107,6
500103004,20231118,856,23,18,1,25.06864,121.5107,5
500103004,20231118,857,23,18,1,25.06864,121.5107,5
500103004,20231118,858,23,18,1,25.06864,121.5107,5
500103004,20231118,859,23,18,1,25.06864,121.5107,5
500103004,20231118,861,23,18,1,25.06864,121.5107,5
500103004,20231118,862,23,18,1,25.06864,121.5107,5
500103004,20231118,863,23,18,1,25.06864,121.5107,5
500103004,20231118,864,23,20,1,25.06864,121.5107,3
500103004,20231118,865,23,20,1,25.06864,121.5107,3
500103004,20231118,866,23,20,1,25.06864,121.5107,3
500103004,20231118,868,23,20,1,25.06864,121.5107,3
500103004,20231118,869,23,20,1,25.06864,121.5107,3
500103004,20231118,871,23,21,1,25.06864,121.5107,2
500103004,20231118,872,23,21,1,25.06864,121.5107,2
500103004,20231118,873,23,21,1,25.06864,121.5107,2
500103004,20231118,874,23,21,1,25.06864,121.5107,2
500103004,20231118,876,23,22,1,25.06864,121.5107,1
500103004,20231118,877,23,22,1,25.06864,121.5107,1
500103004,20231118,878,23,23,1,25.06864,121.5107,0
500103004,20231118,879,23,23,1,25.06864,121.5107,0
500103004,20231118,881,23,23,1,25.06864,121.5107,0
500103004,20231118,882,23,23,1,25.06864,121.5107,0
500103004,20231118,883,23,23,1,25.06864,121.5107,0
500103004,20231118,886,23,22,1,25.06864,121.5107,1
500103004,20231118,887,23,22,1,25.06864,121.5107,1
500103004,20231118,888,23,22,1,25.06864,121.5107,1
500103004,20231118,889,23,21,1,25.06864,121.5107,2
500103004,20231118,891,23,23,1,25.06864,121.5107,0
500103004,20231118,892,23,23,1,25.06864,121.5107,0
500103004,20231118,893,23,23,1,25.06864,121.5107,0
500103004,20231118,894,23,23,1,25.06864,121.5107,0
500103004,20231118,895,23,23,1,25.06864,121.5107,0
500103004,20231118,896,23,23,1,25.06864,121.5107,0
500103004,20231118,897,23,22,1,25.06864,121.5107,1
500103004,20231118,898,23,22,1,25.06864,121.5107,1
500103004,20231118,899,23,22,1,25.06864,121.5107,1
500103004,20231118,901,23,22,1,25.06864,121.5107,1
500103004,20231118,902,23,22,1,25.06864,121.5107,1
500103004,20231118,903,23,22,1,25.06864,121.5107,1
500103004,20231118,904,23,22,1,25.06864,121.5107,1
500103004,20231118,905,23,23,1,25.06864,121.5107,0
500103004,20231118,906,23,23,1,25.06864,121.5107,0
500103004,20231118,907,23,23,1,25.06864,121.5107,0
500103004,20231118,908,23,23,1,25.06864,121.5107,0
500103004,20231118,909,23,23,1,25.06864,121.5107,0
500103004,20231118,910,23,23,1,25.06864,121.5107,0
500103004,20231118,911,23,23,1,25.06864,121.5107,0
500103004,20231118,912,23,23,1,25.06864,121.5107,0
500103004,20231118,913,23,23,1,25.06864,121.5107,0
500103004,20231118,914,23,23,1,25.06864,121.5107,0
500103004,20231118,915,23,23,1,25.06864,121.5107,0
500103004,20231118,916,23,23,1,25.06864,121.5107,0
500103004,20231118,917,23,23,1,25.06864,121.5107,0
500103004,20231118,918,23,23,1,25.06864,121.5107,0
500103004,20231118,919,23,23,1,25.06864,121.5107,0
500103004,20231118,921,23,23,1,25.06864,121.5107,0
500103004,20231118,922,23,22,1,25.06864,121.5107,1
500103004,20231118,923,23,23,1,25.06864,121.5107,0
500103004,20231118,924,23,23,1,25.06864,121.5107,0
500103004,20231118,925,23,23,1,25.06864,121.5107,0
500103004,20231118,926,23,23,1,25.06864,121.5107,0
500103004,20231118,927,23,22,1,25.06864,121.5107,1
500103004,20231118,928,23,23,1,25.06864,121.5107,0
500103004,20231118,929,23,22,1,25.06864,121.5107,1
500103004,20231118,931,23,22,1,25.06864,121.5107,1
500103004,20231118,932,23,22,1,25.06864,121.5107,1
500103004,20231118,933,23,22,1,25.06864,121.5107,1
500103004,20231118,934,23,22,1,25.06864,121.5107,1
500103004,20231118,935,23,22,1,25.06864,121.5107,1
500103004,20231118,936,23,22,1,25.06864,121.5107,1
500103004,20231118,937,23,22,1,25.06864,121.5107,1
500103004,20231118,938,23,22,1,25.06864,121.5107,1
500103004,20231118,939,23,22,1,25.06864,121.5107,1
500103004,20231118,940,23,23,1,25.06864,121.5107,0
500103004,20231118,941,23,23,1,25.06864,121.5107,0
500103004,20231118,942,23,22,1,25.06864,121.5107,1
500103004,20231118,943,23,22,1,25.06864,121.5107,1
500103004,20231118,944,23,22,1,25.06864,121.5107,1
500103004,20231118,945,23,22,1,25.06864,121.5107,1
500103004,20231118,946,23,22,1,25.06864,121.5107,1
500103004,20231118,947,23,22,1,25.06864,121.5107,1
500103004,20231118,948,23,23,1,25.06864,121.5107,0
500103004,20231118,949,23,23,1,25.06864,121.5107,0
500103004,20231118,950,23,22,1,25.06864,121.5107,1
500103004,20231118,951,23,22,1,25.06864,121.5107,1
500103004,20231118,952,23,22,1,25.06864,121.5107,1
500103004,20231118,953,23,22,1,25.06864,121.5107,1
500103004,20231118,954,23,22,1,25.06864,121.5107,1
500103004,20231118,955,23,22,1,25.06864,121.5107,1
500103004,20231118,956,23,20,1,25.06864,121.5107,3
500103004,20231118,957,23,19,1,25.06864,121.5107,4
500103004,20231118,958,23,19,1,25.06864,121.5107,4
500103004,20231118,959,23,19,1,25.06864,121.5107,4
500103004,20231118,961,23,18,1,25.06864,121.5107,5
500103004,20231118,962,23,18,1,25.06864,121.5107,5
500103004,20231118,963,23,18,1,25.06864,121.5107,5
500103004,20231118,964,23,18,1,25.06864,121.5107,5
500103004,20231118,965,23,16,1,25.06864,121.5107,7
500103004,20231118,966,23,16,1,25.06864,121.5107,7
500103004,20231118,967,23,17,1,25.06864,121.5107,6
500103004,20231118,968,23,17,1,25.06864,121.5107,6
500103004,20231118,969,23,17,1,25.06864,121.5107,6
500103004,20231118,970,23,14,1,25.06864,121.5107,9
500103004,20231118,971,23,14,1,25.06864,121.5107,9
500103004,20231118,972,23,14,1,25.06864,121.5107,9
500103004,20231118,973,23,14,1,25.06864,121.5107,9
500103004,20231118,974,23,14,1,25.06864,121.5107,9
500103004,20231118,975,23,14,1,25.06864,121.5107,9
500103004,20231118,976,23,14,1,25.06864,121.5107,9
500103004,20231118,977,23,14,1,25.06864,121.5107,9
500103004,20231118,978,23,14,1,25.06864,121.5107,9
500103004,20231118,979,23,14,1,25.06864,121.5107,9
500103004,20231118,981,23,16,1,25.06864,121.5107,7
500103004,20231118,982,23,16,1,25.06864,121.5107,7
500103004,20231118,983,23,16,1,25.06864,121.5107,7
500103004,20231118,984,23,16,1,25.06864,121.5107,7
500103004,20231118,985,23,16,1,25.06864,121.5107,7
500103004,20231118,986,23,16,1,25.06864,121.5107,7
500103004,20231118,987,23,17,1,25.06864,121.5107,6
500103004,20231118,988,23,17,1,25.06864,121.5107,6
500103004,20231118,989,23,17,1,25.06864,121.5107,6
500103004,20231118,991,23,18,1,25.06864,121.5107,5
500103004,20231118,992,23,17,1,25.06864,121.5107,6
500103004,20231118,993,23,17,1,25.06864,121.5107,6
500103004,20231118,994,23,17,1,25.06864,121.5107,6
500103004,20231118,995,23,17,1,25.06864,121.5107,6
500103004,20231118,996,23,17,1,25.06864,121.5107,6
500103004,20231118,997,23,17,1,25.06864,121.5107,6
500103004,20231118,998,23,17,1,25.06864,121.5107,6
500103004,20231118,999,23,17,1,25.06864,121.5107,6
500103004,20231118,1000,23,17,1,25.06864,121.5107,6
500103004,20231118,1001,23,17,1,25.06864,121.5107,6
500103004,20231118,1002,23,16,1,25.06864,121.5107,7
500103004,20231118,1003,23,16,1,25.06864,121.5107,7
500103004,20231118,1004,23,16,1,25.06864,121.5107,7
500103004,20231118,1005,23,16,1,25.06864,121.5107,7
500103004,20231118,1006,23,16,1,25.06864,121.5107,7
500103004,20231118,1007,23,16,1,25.06864,121.5107,7
500103004,20231118,1008,23,16,1,25.06864,121.5107,7
500103004,20231118,1009,23,16,1,25.06864,121.5107,7
500103004,20231118,1010,23,17,1,25.06864,121.5107,6
500103004,20231118,1011,23,17,1,25.06864,121.5107,6
500103004,20231118,1012,23,17,1,25.06864,121.5107,6
500103004,20231118,1013,23,17,1,25.06864,121.5107,6
500103004,20231118,1014,23,17,1,25.06864,121.5107,6
500103004,20231118,1015,23,17,1,25.06864,121.5107,6
500103004,20231118,1016,23,16,1,25.06864,121.5107,7
500103004,20231118,1017,23,16,1,25.06864,121.5107,7
500103004,20231118,1018,23,16,1,25.06864,121.5107,7
500103004,20231118,1019,23,17,1,25.06864,121.5107,6
500103004,20231118,1021,23,17,1,25.06864,121.5107,6
500103004,20231118,1022,23,15,1,25.06864,121.5107,8
500103004,20231118,1023,23,14,1,25.06864,121.5107,9
500103004,20231118,1024,23,14,1,25.06864,121.5107,9
500103004,20231118,1025,23,14,1,25.06864,121.5107,9
500103004,20231118,1026,23,14,1,25.06864,121.5107,9
500103004,20231118,1027,23,12,1,25.06864,121.5107,11
500103004,20231118,1028,23,14,1,25.06864,121.5107,9
500103004,20231118,1029,23,15,1,25.06864,121.5107,8
500103004,20231118,1030,23,15,1,25.06864,121.5107,8
500103004,20231118,1031,23,15,1,25.06864,121.5107,8
500103004,20231118,1032,23,12,1,25.06864,121.5107,11
500103004,20231118,1033,23,12,1,25.06864,121.5107,11
500103004,20231118,1034,23,12,1,25.06864,121.5107,11
500103004,20231118,1035,23,11,1,25.06864,121.5107,12
500103004,20231118,1036,23,12,1,25.06864,121.5107,11
500103004,20231118,1037,23,12,1,25.06864,121.5107,11
500103004,20231118,1038,23,13,1,25.06864,121.5107,10
500103004,20231118,1039,23,14,1,25.06864,121.5107,9
500103004,20231118,1041,23,15,1,25.06864,121.5107,8
500103004,20231118,1042,23,15,1,25.06864,121.5107,8
500103004,20231118,1043,23,15,1,25.06864,121.5107,8
500103004,20231118,1044,23,15,1,25.06864,121.5107,8
500103004,20231118,1045,23,14,1,25.06864,121.5107,9
500103004,20231118,1046,23,14,1,25.06864,121.5107,9
500103004,20231118,1047,23,14,1,25.06864,121.5107,9
500103004,20231118,1048,23,14,1,25.06864,121.5107,9
500103004,20231118,1049,23,14,1,25.06864,121.5107,9
500103004,20231118,1052,23,13,1,25.06864,121.5107,10
500103004,20231118,1053,23,13,1,25.06864,121.5107,10
500103004,20231118,1054,23,13,1,25.06864,121.5107,10
500103004,20231118,1055,23,13,1,25.06864,121.5107,10
500103004,20231118,1056,23,12,1,25.06864,121.5107,11
500103004,20231118,1057,23,10,1,25.06864,121.5107,13
500103004,20231118,1058,23,9,1,25.06864,121.5107,14
500103004,20231118,1059,23,9,1,25.06864,121.5107,14
500103004,20231118,1061,23,10,1,25.06864,121.5107,13
500103004,20231118,1062,23,11,1,25.06864,121.5107,12
500103004,20231118,1063,23,11,1,25.06864,121.5107,12
500103004,20231118,1064,23,11,1,25.06864,121.5107,12
500103004,20231118,1065,23,10,1,25.06864,121.5107,13
500103004,20231118,1066,23,10,1,25.06864,121.5107,13
500103004,20231118,1067,23,7,1,25.06864,121.5107,16
500103004,20231118,1068,23,7,1,25.06864,121.5107,16
500103004,20231118,1069,23,4,1,25.06864,121.5107,19
500103004,20231118,1071,23,4,1,25.06864,121.5107,19
500103004,20231118,1072,23,4,1,25.06864,121.5107,19
500103004,20231118,1073,23,4,1,25.06864,121.5107,19
500103004,20231118,1074,23,3,1,25.06864,121.5107,20
500103004,20231118,1075,23,3,1,25.06864,121.5107,20
500103004,20231118,1076,23,0,1,25.06864,121.5107,23
500103004,20231118,1077,23,0,1,25.06864,121.5107,23
500103004,20231118,1078,23,0,1,25.06864,121.5107,23
500103004,20231118,1079,23,0,1,25.06864,121.5107,23
500103004,20231118,1081,23,1,1,25.06864,121.5107,22
500103004,20231118,1082,23,9,1,25.06864,121.5107,14
500103004,20231118,1083,23,13,1,25.06864,121.5107,10
500103004,20231118,1084,23,13,1,25.06864,121.5107,10
500103004,20231118,1085,23,12,1,25.06864,121.5107,11
500103004,20231118,1086,23,14,1,25.06864,121.5107,9
500103004,20231118,1087,23,14,1,25.06864,121.5107,9
500103004,20231118,1088,23,18,1,25.06864,121.5107,5
500103004,20231118,1089,23,17,1,25.06864,121.5107,6
500103004,20231118,1091,23,17,1,25.06864,121.5107,6
500103004,20231118,1092,23,17,1,25.06864,121.5107,6
500103004,20231118,1093,23,18,1,25.06864,121.5107,5
500103004,20231118,1094,23,18,1,25.06864,121.5107,5
500103004,20231118,1095,23,18,1,25.06864,121.5107,5
500103004,20231118,1096,23,18,1,25.06864,121.5107,5
500103004,20231118,1097,23,18,1,25.06864,121.5107,5
500103004,20231118,1098,23,17,1,25.06864,121.5107,6
500103004,20231118,1099,23,17,1,25.06864,121.5107,6
500103004,20231118,1101,23,18,1,25.06864,121.5107,5
500103004,20231118,1102,23,18,1,25.06864,121.5107,5
500103004,20231118,1103,23,18,1,25.06864,121.5107,5
500103004,20231118,1104,23,19,1,25.06864,121.5107,4
500103004,20231118,1105,23,19,1,25.06864,121.5107,4
500103004,20231118,1106,23,19,1,25.06864,121.5107,4
500103004,20231118,1107,23,19,1,25.06864,121.5107,4
500103004,20231118,1108,23,19,1,25.06864,121.5107,4
500103004,20231118,1109,23,19,1,25.06864,121.5107,4
500103004,20231118,1111,23,19,1,25.06864,121.5107,4
500103004,20231118,1112,23,19,1,25.06864,121.5107,4
500103004,20231118,1113,23,19,1,25.06864,121.5107,4
500103004,20231118,1114,23,19,1,25.06864,121.5107,4
500103004,20231118,1115,23,18,1,25.06864,121.5107,5
500103004,20231118,1116,23,18,1,25.06864,121.5107,5
500103004,20231118,1117,23,19,1,25.06864,121.5107,4
500103004,20231118,1118,23,21,1,25.06864,121.5107,2
500103004,20231118,1119,23,20,1,25.06864,121.5107,3
500103004,20231118,1121,23,17,1,25.06864,121.5107,6
500103004,20231118,1122,23,15,1,25.06864,121.5107,8
500103004,20231118,1123,23,15,1,25.06864,121.5107,8
500103004,20231118,1124,23,15,1,25.06864,121.5107,8
500103004,20231118,1125,23,15,1,25.06864,121.5107,8
500103004,20231118,1126,23,15,1,25.06864,121.5107,8
500103004,20231118,1127,23,15,1,25.06864,121.5107,8
500103004,20231118,1128,23,14,1,25.06864,121.5107,9
500103004,20231118,1129,23,14,1,25.06864,121.5107,9
500103004,20231118,1131,23,14,1,25.06864,121.5107,9
500103004,20231118,1132,23,14,1,25.06864,121.5107,9
500103004,20231118,1133,23,14,1,25.06864,121.5107,9
500103004,20231118,1134,23,14,1,25.06864,121.5107,9
500103004,20231118,1135,23,14,1,25.06864,121.5107,9
500103004,20231118,1136,23,12,1,25.06864,121.5107,11
500103004,20231118,1137,23,12,1,25.06864,121.5107,11
500103004,20231118,1138,23,12,1,25.06864,121.5107,11
500103004,20231118,1139,23,12,1,25.06864,121.5107,11
500103004,20231118,1141,23,10,1,25.06864,121.5107,13
500103004,20231118,1142,23,9,1,25.06864,121.5107,14
500103004,20231118,1143,23,9,1,25.06864,121.5107,14
500103004,20231118,1144,23,9,1,25.06864,121.5107,14
500103004,20231118,1145,23,11,1,25.06864,121.5107,12
500103004,20231118,1146,23,11,1,25.06864,121.5107,12
500103004,20231118,1147,23,11,1,25.06864,121.5107,12
500103004,20231118,1148,23,11,1,25.06864,121.5107,12
500103004,20231118,1149,23,11,1,25.06864,121.5107,12
500103004,20231118,1151,23,11,1,25.06864,121.5107,12
500103004,20231118,1152,23,10,1,25.06864,121.5107,13
500103004,20231118,1153,23,9,1,25.06864,121.5107,14
500103004,20231118,1154,23,8,1,25.06864,121.5107,15
500103004,20231118,1155,23,8,1,25.06864,121.5107,15
500103004,20231118,1156,23,8,1,25.06864,121.5107,15
500103004,20231118,1157,23,8,1,25.06864,121.5107,15
500103004,20231118,1158,23,7,1,25.06864,121.5107,16
500103004,20231118,1159,23,7,1,25.06864,121.5107,16
500103004,20231118,1161,23,6,1,25.06864,121.5107,17
500103004,20231118,1162,23,6,1,25.06864,121.5107,17
500103004,20231118,1163,23,6,1,25.06864,121.5107,17
500103004,20231118,1164,23,6,1,25.06864,121.5107,17
500103004,20231118,1165,23,6,1,25.06864,121.5107,17
500103004,20231118,1166,23,6,1,25.06864,121.5107,17
500103004,20231118,1167,23,6,1,25.06864,121.5107,17
500103004,20231118,1168,23,6,1,25.06864,121.5107,17
500103004,20231118,1169,23,6,1,25.06864,121.5107,17
500103004,20231118,1171,23,6,1,25.06864,121.5107,17
500103004,20231118,1172,23,6,1,25.06864,121.5107,17
500103004,20231118,1173,23,6,1,25.06864,121.5107,17
500103004,20231118,1174,23,6,1,25.06864,121.5107,17
500103004,20231118,1175,23,6,1,25.06864,121.5107,17
500103004,20231118,1176,23,6,1,25.06864,121.5107,17
500103004,20231118,1177,23,6,1,25.06864,121.5107,17
500103004,20231118,1178,23,7,1,25.06864,121.5107,16
500103004,20231118,1179,23,7,1,25.06864,121.5107,16
500103004,20231118,1180,23,5,1,25.06864,121.5107,18
500103004,20231118,1181,23,5,1,25.06864,121.5107,18
500103004,20231118,1182,23,6,1,25.06864,121.5107,17
500103004,20231118,1183,23,6,1,25.06864,121.5107,17
500103004,20231118,1184,23,6,1,25.06864,121.5107,17
500103004,20231118,1185,23,7,1,25.06864,121.5107,16
500103004,20231118,1186,23,11,1,25.06864,121.5107,12
500103004,20231118,1187,23,15,1,25.06864,121.5107,8
500103004,20231118,1188,23,14,1,25.06864,121.5107,9
500103004,20231118,1189,23,16,1,25.06864,121.5107,7
500103004,20231118,1190,23,17,1,25.06864,121.5107,6
500103004,20231118,1191,23,17,1,25.06864,121.5107,6
500103004,20231118,1192,23,16,1,25.06864,121.5107,7
500103004,20231118,1193,23,18,1,25.06864,121.5107,5
500103004,20231118,1194,23,18,1,25.06864,121.5107,5
500103004,20231118,1195,23,18,1,25.06864,121.5107,5
500103004,20231118,1196,23,19,1,25.06864,121.5107,4
500103004,20231118,1197,23,20,1,25.06864,121.5107,3
500103004,20231118,1198,23,20,1,25.06864,121.5107,3
500103004,20231118,1199,23,20,1,25.06864,121.5107,3
500103004,20231118,1201,23,20,1,25.06864,121.5107,3
500103004,20231118,1202,23,20,1,25.06864,121.5107,3
500103004,20231118,1203,23,20,1,25.06864,121.5107,3
500103004,20231118,1204,23,20,1,25.06864,121.5107,3
500103004,20231118,1205,23,19,1,25.06864,121.5107,4
500103004,20231118,1206,23,20,1,25.06864,121.5107,3
500103004,20231118,1207,23,19,1,25.06864,121.5107,4
500103004,20231118,1208,23,19,1,25.06864,121.5107,4
500103004,20231118,1209,23,19,1,25.06864,121.5107,4
500103004,20231118,1210,23,17,1,25.06864,121.5107,6
500103004,20231118,1211,23,17,1,25.06864,121.5107,6
500103004,20231118,1212,23,16,1,25.06864,121.5107,7
500103004,20231118,1213,23,15,1,25.06864,121.5107,8
500103004,20231118,1214,23,15,1,25.06864,121.5107,8
500103004,20231118,1215,23,15,1,25.06864,121.5107,8
500103004,20231118,1216,23,15,1,25.06864,121.5107,8
500103004,20231118,1217,23,15,1,25.06864,121.5107,8
500103004,20231118,1218,23,15,1,25.06864,121.5107,8
500103004,20231118,1219,23,15,1,25.06864,121.5107,8
500103004,20231118,1221,23,15,1,25.06864,121.5107,8
500103004,20231118,1222,23,15,1,25.06864,121.5107,8
500103004,20231118,1223,23,15,1,25.06864,121.5107,8
500103004,20231118,1224,23,15,1,25.06864,121.5107,8
500103004,20231118,1225,23,15,1,25.06864,121.5107,8
500103004,20231118,1226,23,13,1,25.06864,121.5107,10
500103004,20231118,1227,23,13,1,25.06864,121.5107,10
500103004,20231118,1228,23,13,1,25.06864,121.5107,10
500103004,20231118,1229,23,13,1,25.06864,121.5107,10
500103004,20231118,1230,23,13,1,25.06864,121.5107,10
500103004,20231118,1231,23,13,1,25.06864,121.5107,10
500103004,20231118,1232,23,13,1,25.06864,121.5107,10
500103004,20231118,1233,23,13,1,25.06864,121.5107,10
500103004,20231118,1234,23,12,1,25.06864,121.5107,11
500103004,20231118,1235,23,12,1,25.06864,121.5107,11
500103004,20231118,1236,23,12,1,25.06864,121.5107,11
500103004,20231118,1237,23,12,1,25.06864,121.5107,11
500103004,20231118,1238,23,12,1,25.06864,121.5107,11
500103004,20231118,1239,23,12,1,25.06864,121.5107,11
500103004,20231118,1240,23,12,1,25.06864,121.5107,11
500103004,20231118,1241,23,12,1,25.06864,121.5107,11
500103004,20231118,1242,23,13,1,25.06864,121.5107,10
500103004,20231118,1243,23,13,1,25.06864,121.5107,10
500103004,20231118,1244,23,13,1,25.06864,121.5107,10
500103004,20231118,1245,23,13,1,25.06864,121.5107,10
500103004,20231118,1246,23,13,1,25.06864,121.5107,10
500103004,20231118,1247,23,13,1,25.06864,121.5107,10
500103004,20231118,1248,23,13,1,25.06864,121.5107,10
500103004,20231118,1249,23,13,1,25.06864,121.5107,10
500103004,20231118,1250,23,13,1,25.06864,121.5107,10
500103004,20231118,1251,23,13,1,25.06864,121.5107,10
500103004,20231118,1252,23,13,1,25.06864,121.5107,10
500103004,20231118,1253,23,13,1,25.06864,121.5107,10
500103004,20231118,1254,23,13,1,25.06864,121.5107,10
500103004,20231118,1255,23,13,1,25.06864,121.5107,10
500103004,20231118,1256,23,12,1,25.06864,121.5107,11
500103004,20231118,1257,23,12,1,25.06864,121.5107,11
500103004,20231118,1258,23,12,1,25.06864,121.5107,11
500103004,20231118,1259,23,12,1,25.06864,121.5107,11
500103004,20231118,1261,23,12,1,25.06864,121.5107,11
500103004,20231118,1262,23,12,1,25.06864,121.5107,11
500103004,20231118,1263,23,12,1,25.06864,121.5107,11
500103004,20231118,1264,23,12,1,25.06864,121.5107,11
500103004,20231118,1265,23,12,1,25.06864,121.5107,11
500103004,20231118,1266,23,12,1,25.06864,121.5107,11
500103004,20231118,1267,23,12,1,25.06864,121.5107,11
500103004,20231118,1268,23,12,1,25.06864,121.5107,11
500103004,20231118,1269,23,12,1,25.06864,121.5107,11
500103004,20231118,1270,23,12,1,25.06864,121.5107,11
500103004,20231118,1271,23,12,1,25.06864,121.5107,11
500103004,20231118,1272,23,12,1,25.06864,121.5107,11
500103004,20231118,1273,23,12,1,25.06864,121.5107,11
500103004,20231118,1274,23,12,1,25.06864,121.5107,11
500103004,20231118,1275,23,13,1,25.06864,121.5107,10
500103004,20231118,1276,23,13,1,25.06864,121.5107,10
500103004,20231118,1277,23,13,1,25.06864,121.5107,10
500103004,20231118,1278,23,13,1,25.06864,121.5107,10
500103004,20231118,1279,23,13,1,25.06864,121.5107,10
500103004,20231118,1281,23,13,1,25.06864,121.5107,10
500103004,20231118,1282,23,13,1,25.06864,121.5107,10
500103004,20231118,1283,23,13,1,25.06864,121.5107,10
500103004,20231118,1284,23,13,1,25.06864,121.5107,10
500103004,20231118,1285,23,13,1,25.06864,121.5107,10
500103004,20231118,1286,23,13,1,25.06864,121.5107,10
500103004,20231118,1287,23,13,1,25.06864,121.5107,10
500103004,20231118,1288,23,13,1,25.06864,121.5107,10
500103004,20231118,1289,23,13,1,25.06864,121.5107,10
500103004,20231118,1290,23,13,1,25.06864,121.5107,10
500103004,20231118,1291,23,13,1,25.06864,121.5107,10
500103004,20231118,1292,23,13,1,25.06864,121.5107,10
500103004,20231118,1293,23,13,1,25.06864,121.5107,10
500103004,20231118,1294,23,13,1,25.06864,121.5107,10
500103004,20231118,1295,23,13,1,25.06864,121.5107,10
500103004,20231118,1296,23,13,1,25.06864,121.5107,10
500103004,20231118,1297,23,13,1,25.06864,121.5107,10
500103004,20231118,1298,23,13,1,25.06864,121.5107,10
500103004,20231118,1299,23,13,1,25.06864,121.5107,10
500103004,20231118,1300,23,13,1,25.06864,121.5107,10
500103004,20231118,1301,23,13,1,25.06864,121.5107,10
500103004,20231118,1302,23,12,1,25.06864,121.5107,11
500103004,20231118,1303,23,12,1,25.06864,121.5107,11
500103004,20231118,1304,23,12,1,25.06864,121.5107,11
500103004,20231118,1305,23,12,1,25.06864,121.5107,11
500103004,20231118,1306,23,12,1,25.06864,121.5107,11
500103004,20231118,1307,23,12,1,25.06864,121.5107,11
500103004,20231118,1308,23,11,1,25.06864,121.5107,12
500103004,20231118,1309,23,12,1,25.06864,121.5107,11
500103004,20231118,1310,23,12,1,25.06864,121.5107,11
500103004,20231118,1311,23,12,1,25.06864,121.5107,11
500103004,20231118,1312,23,12,1,25.06864,121.5107,11
500103004,20231118,1313,23,12,1,25.06864,121.5107,11
500103004,20231118,1314,23,12,1,25.06864,121.5107,11
500103004,20231118,1315,23,12,1,25.06864,121.5107,11
500103004,20231118,1316,23,13,1,25.06864,121.5107,10
500103004,20231118,1317,23,13,1,25.06864,121.5107,10
500103004,20231118,1318,23,13,1,25.06864,121.5107,10
500103004,20231118,1319,23,13,1,25.06864,121.5107,10
500103004,20231118,1321,23,13,1,25.06864,121.5107,10
500103004,20231118,1322,23,11,1,25.06864,121.5107,12
500103004,20231118,1323,23,11,1,25.06864,121.5107,12
500103004,20231118,1324,23,11,1,25.06864,121.5107,12
500103004,20231118,1325,23,11,1,25.06864,121.5107,12
500103004,20231118,1326,23,11,1,25.06864,121.5107,12
500103004,20231118,1327,23,11,1,25.06864,121.5107,12
500103004,20231118,1328,23,11,1,25.06864,121.5107,12
500103004,20231118,1329,23,11,1,25.06864,121.5107,12
500103004,20231118,1330,23,11,1,25.06864,121.5107,12
500103004,20231118,1331,23,11,1,25.06864,121.5107,12
500103004,20231118,1332,23,11,1,25.06864,121.5107,12
500103004,20231118,1333,23,11,1,25.06864,121.5107,12
500103004,20231118,1334,23,11,1,25.06864,121.5107,12
500103004,20231118,1335,23,11,1,25.06864,121.5107,12
500103004,20231118,1336,23,9,1,25.06864,121.5107,14
500103004,20231118,1337,23,9,1,25.06864,121.5107,14
500103004,20231118,1339,23,10,1,25.06864,121.5107,13
500103004,20231118,1341,23,10,1,25.06864,121.5107,13
500103004,20231118,1342,23,9,1,25.06864,121.5107,14
500103004,20231118,1343,23,9,1,25.06864,121.5107,14
500103004,20231118,1344,23,9,1,25.06864,121.5107,14
500103004,20231118,1345,23,9,1,25.06864,121.5107,14
500103004,20231118,1346,23,9,1,25.06864,121.5107,14
500103004,20231118,1347,23,9,1,25.06864,121.5107,14
500103004,20231118,1348,23,9,1,25.06864,121.5107,14
500103004,20231118,1349,23,9,1,25.06864,121.5107,14
500103004,20231118,1351,23,9,1,25.06864,121.5107,14
500103004,20231118,1352,23,9,1,25.06864,121.5107,14
500103004,20231118,1353,23,9,1,25.06864,121.5107,14
500103004,20231118,1354,23,9,1,25.06864,121.5107,14
500103004,20231118,1355,23,9,1,25.06864,121.5107,14
500103004,20231118,1356,23,10,1,25.06864,121.5107,13
500103004,20231118,1357,23,10,1,25.06864,121.5107,13
500103004,20231118,1358,23,10,1,25.06864,121.5107,13
500103004,20231118,1359,23,10,1,25.06864,121.5107,13
500103004,20231118,1361,23,10,1,25.06864,121.5107,13
500103004,20231118,1362,23,10,1,25.06864,121.5107,13
500103004,20231118,1363,23,10,1,25.06864,121.5107,13
500103004,20231118,1364,23,10,1,25.06864,121.5107,13
500103004,20231118,1365,23,10,1,25.06864,121.5107,13
500103004,20231118,1366,23,10,1,25.06864,121.5107,13
500103004,20231118,1367,23,10,1,25.06864,121.5107,13
500103004,20231118,1368,23,10,1,25.06864,121.5107,13
500103004,20231118,1369,23,10,1,25.06864,121.5107,13
500103004,20231118,1371,23,10,1,25.06864,121.5107,13
500103004,20231118,1372,23,10,1,25.06864,121.5107,13
500103004,20231118,1373,23,10,1,25.06864,121.5107,13
500103004,20231118,1374,23,10,1,25.06864,121.5107,13
500103004,20231118,1375,23,10,1,25.06864,121.5107,13
500103004,20231118,1376,23,10,1,25.06864,121.5107,13
500103004,20231118,1377,23,10,1,25.06864,121.5107,13
500103004,20231118,1378,23,10,1,25.06864,121.5107,13
500103004,20231118,1379,23,10,1,25.06864,121.5107,13
500103004,20231118,1381,23,9,1,25.06864,121.5107,14
500103004,20231118,1382,23,9,1,25.06864,121.5107,14
500103004,20231118,1383,23,9,1,25.06864,121.5107,14
500103004,20231118,1384,23,9,1,25.06864,121.5107,14
500103004,20231118,1385,23,9,1,25.06864,121.5107,14
500103004,20231118,1386,23,9,1,25.06864,121.5107,14
500103004,20231118,1387,23,9,1,25.06864,121.5107,14
500103004,20231118,1388,23,9,1,25.06864,121.5107,14
500103004,20231118,1389,23,9,1,25.06864,121.5107,14
500103004,20231118,1391,23,9,1,25.06864,121.5107,14
500103004,20231118,1392,23,9,1,25.06864,121.5107,14
500103004,20231118,1393,23,9,1,25.06864,121.5107,14
500103004,20231118,1394,23,9,1,25.06864,121.5107,14
500103004,20231118,1395,23,9,1,25.06864,121.5107,14
500103004,20231118,1396,23,9,1,25.06864,121.5107,14
500103004,20231118,1397,23,9,1,25.06864,121.5107,14
500103004,20231118,1398,23,9,1,25.06864,121.5107,14
500103004,20231118,1399,23,9,1,25.06864,121.5107,14
500103004,20231118,1401,23,9,1,25.06864,121.5107,14
500103004,20231118,1402,23,9,1,25.06864,121.5107,14
500103004,20231118,1403,23,9,1,25.06864,121.5107,14
500103004,20231118,1404,23,9,1,25.06864,121.5107,14
500103004,20231118,1405,23,8,1,25.06864,121.5107,15
500103004,20231118,1406,23,7,1,25.06864,121.5107,16
500103004,20231118,1407,23,7,1,25.06864,121.5107,16
500103004,20231118,1408,23,7,1,25.06864,121.5107,16
500103004,20231118,1409,23,7,1,25.06864,121.5107,16
500103004,20231118,1411,23,7,1,25.06864,121.5107,16
500103004,20231118,1412,23,7,1,25.06864,121.5107,16
500103004,20231118,1413,23,7,1,25.06864,121.5107,16
500103004,20231118,1414,23,7,1,25.06864,121.5107,16
500103004,20231118,1415,23,7,1,25.06864,121.5107,16
500103004,20231118,1416,23,7,1,25.06864,121.5107,16
500103004,20231118,1417,23,6,1,25.06864,121.5107,17
500103004,20231118,1418,23,6,1,25.06864,121.5107,17
500103004,20231118,1419,23,6,1,25.06864,121.5107,17
500103004,20231118,1421,23,6,1,25.06864,121.5107,17
500103004,20231118,1422,23,6,1,25.06864,121.5107,17
500103004,20231118,1423,23,6,1,25.06864,121.5107,17
500103004,20231118,1424,23,6,1,25.06864,121.5107,17
500103004,20231118,1425,23,6,1,25.06864,121.5107,17
500103004,20231118,1426,23,7,1,25.06864,121.5107,16
500103004,20231118,1427,23,7,1,25.06864,121.5107,16
500103004,20231118,1428,23,7,1,25.06864,121.5107,16
500103004,20231118,1429,23,7,1,25.06864,121.5107,16
500103004,20231118,1431,23,6,1,25.06864,121.5107,17
500103004,20231118,1432,23,6,1,25.06864,121.5107,17
500103004,20231118,1433,23,6,1,25.06864,121.5107,17
500103004,20231118,1434,23,6,1,25.06864,121.5107,17
500103004,20231118,1435,23,6,1,25.06864,121.5107,17
500103004,20231118,1436,23,6,1,25.06864,121.5107,17
500103004,20231118,1437,23,6,1,25.06864,121.5107,17
500103004,20231118,1438,23,6,1,25.06864,121.5107,17
500103004,20231118,1439,23,6,1,25.06864,121.5107,17
500103004,20231119,1,23,6,1,25.06864,121.5107,17
500103004,20231119,2,23,6,1,25.06864,121.5107,17
500103004,20231119,3,23,6,1,25.06864,121.5107,17
500103004,20231119,4,23,6,1,25.06864,121.5107,17
500103004,20231119,5,23,5,1,25.06864,121.5107,18
500103004,20231119,6,23,5,1,25.06864,121.5107,18
500103004,20231119,7,23,5,1,25.06864,121.5107,18
500103004,20231119,8,23,5,1,25.06864,121.5107,18
500103004,20231119,9,23,5,1,25.06864,121.5107,18
500103004,20231119,10,23,5,1,25.06864,121.5107,18
500103004,20231119,11,23,5,1,25.06864,121.5107,18
500103004,20231119,12,23,5,1,25.06864,121.5107,18
500103004,20231119,13,23,5,1,25.06864,121.5107,18
500103004,20231119,14,23,5,1,25.06864,121.5107,18
500103004,20231119,15,23,5,1,25.06864,121.5107,18
500103004,20231119,16,23,5,1,25.06864,121.5107,18
500103004,20231119,17,23,5,1,25.06864,121.5107,18
500103004,20231119,18,23,5,1,25.06864,121.5107,18
500103004,20231119,19,23,5,1,25.06864,121.5107,18
500103004,20231119,21,23,5,1,25.06864,121.5107,18
500103004,20231119,22,23,5,1,25.06864,121.5107,18
500103004,20231119,23,23,5,1,25.06864,121.5107,18
500103004,20231119,25,23,5,1,25.06864,121.5107,18
500103004,20231119,26,23,5,1,25.06864,121.5107,18
500103004,20231119,27,23,5,1,25.06864,121.5107,18
500103004,20231119,28,23,5,1,25.06864,121.5107,18
500103004,20231119,29,23,5,1,25.06864,121.5107,18
500103004,20231119,30,23,5,1,25.06864,121.5107,18
500103004,20231119,31,23,6,1,25.06864,121.5107,17
500103004,20231119,32,23,6,1,25.06864,121.5107,17
500103004,20231119,33,23,6,1,25.06864,121.5107,17
500103004,20231119,34,23,6,1,25.06864,121.5107,17
500103004,20231119,35,23,6,1,25.06864,121.5107,17
500103004,20231119,36,23,6,1,25.06864,121.5107,17
500103004,20231119,37,23,6,1,25.06864,121.5107,17
500103004,20231119,38,23,6,1,25.06864,121.5107,17
500103004,20231119,39,23,6,1,25.06864,121.5107,17
500103004,20231119,40,23,6,1,25.06864,121.5107,17
500103004,20231119,41,23,6,1,25.06864,121.5107,17
500103004,20231119,42,23,6,1,25.06864,121.5107,17
500103004,20231119,43,23,6,1,25.06864,121.5107,17
500103004,20231119,44,23,6,1,25.06864,121.5107,17
500103004,20231119,45,23,6,1,25.06864,121.5107,17
500103004,20231119,46,23,6,1,25.06864,121.5107,17
500103004,20231119,47,23,6,1,25.06864,121.5107,17
500103004,20231119,48,23,6,1,25.06864,121.5107,17
500103004,20231119,49,23,6,1,25.06864,121.5107,17
500103004,20231119,50,23,6,1,25.06864,121.5107,17
500103004,20231119,51,23,6,1,25.06864,121.5107,17
500103004,20231119,52,23,6,1,25.06864,121.5107,17
500103004,20231119,53,23,7,1,25.06864,121.5107,16
500103004,20231119,54,23,7,1,25.06864,121.5107,16
500103004,20231119,55,23,7,1,25.06864,121.5107,16
500103004,20231119,56,23,7,1,25.06864,121.5107,16
500103004,20231119,57,23,7,1,25.06864,121.5107,16
500103004,20231119,58,23,7,1,25.06864,121.5107,16
500103004,20231119,59,23,7,1,25.06864,121.5107,16
500103004,20231119,60,23,7,1,25.06864,121.5107,16
500103004,20231119,61,23,7,1,25.06864,121.5107,16
500103004,20231119,62,23,7,1,25.06864,121.5107,16
500103004,20231119,63,23,7,1,25.06864,121.5107,16
500103004,20231119,64,23,7,1,25.06864,121.5107,16
500103004,20231119,65,23,7,1,25.06864,121.5107,16
500103004,20231119,66,23,7,1,25.06864,121.5107,16
500103004,20231119,67,23,7,1,25.06864,121.5107,16
500103004,20231119,68,23,7,1,25.06864,121.5107,16
500103004,20231119,69,23,7,1,25.06864,121.5107,16
500103004,20231119,70,23,7,1,25.06864,121.5107,16
500103004,20231119,71,23,7,1,25.06864,121.5107,16
500103004,20231119,72,23,7,1,25.06864,121.5107,16
500103004,20231119,73,23,7,1,25.06864,121.5107,16
500103004,20231119,74,23,7,1,25.06864,121.5107,16
500103004,20231119,75,23,7,1,25.06864,121.5107,16
500103004,20231119,76,23,7,1,25.06864,121.5107,16
500103004,20231119,77,23,7,1,25.06864,121.5107,16
500103004,20231119,78,23,7,1,25.06864,121.5107,16
500103004,20231119,79,23,7,1,25.06864,121.5107,16
500103004,20231119,81,23,7,1,25.06864,121.5107,16
500103004,20231119,82,23,7,1,25.06864,121.5107,16
500103004,20231119,83,23,7,1,25.06864,121.5107,16
500103004,20231119,84,23,7,1,25.06864,121.5107,16
500103004,20231119,85,23,7,1,25.06864,121.5107,16
500103004,20231119,86,23,7,1,25.06864,121.5107,16
500103004,20231119,87,23,7,1,25.06864,121.5107,16
500103004,20231119,88,23,7,1,25.06864,121.5107,16
500103004,20231119,89,23,7,1,25.06864,121.5107,16
500103004,20231119,90,23,7,1,25.06864,121.5107,16
500103004,20231119,91,23,7,1,25.06864,121.5107,16
500103004,20231119,92,23,7,1,25.06864,121.5107,16
500103004,20231119,93,23,7,1,25.06864,121.5107,16
500103004,20231119,94,23,7,1,25.06864,121.5107,16
500103004,20231119,95,23,7,1,25.06864,121.5107,16
500103004,20231119,96,23,7,1,25.06864,121.5107,16
500103004,20231119,97,23,7,1,25.06864,121.5107,16
500103004,20231119,98,23,7,1,25.06864,121.5107,16
500103004,20231119,99,23,7,1,25.06864,121.5107,16
500103004,20231119,100,23,7,1,25.06864,121.5107,16
500103004,20231119,101,23,7,1,25.06864,121.5107,16
500103004,20231119,102,23,7,1,25.06864,121.5107,16
500103004,20231119,103,23,7,1,25.06864,121.5107,16
500103004,20231119,104,23,7,1,25.06864,121.5107,16
500103004,20231119,105,23,7,1,25.06864,121.5107,16
500103004,20231119,106,23,7,1,25.06864,121.5107,16
500103004,20231119,107,23,7,1,25.06864,121.5107,16
500103004,20231119,108,23,7,1,25.06864,121.5107,16
500103004,20231119,109,23,7,1,25.06864,121.5107,16
500103004,20231119,110,23,7,1,25.06864,121.5107,16
500103004,20231119,111,23,7,1,25.06864,121.5107,16
500103004,20231119,112,23,7,1,25.06864,121.5107,16
500103004,20231119,113,23,7,1,25.06864,121.5107,16
500103004,20231119,114,23,7,1,25.06864,121.5107,16
500103004,20231119,115,23,7,1,25.06864,121.5107,16
500103004,20231119,116,23,8,1,25.06864,121.5107,15
500103004,20231119,117,23,8,1,25.06864,121.5107,15
500103004,20231119,118,23,8,1,25.06864,121.5107,15
500103004,20231119,119,23,8,1,25.06864,121.5107,15
500103004,20231119,121,23,8,1,25.06864,121.5107,15
500103004,20231119,122,23,8,1,25.06864,121.5107,15
500103004,20231119,123,23,8,1,25.06864,121.5107,15
500103004,20231119,124,23,8,1,25.06864,121.5107,15
500103004,20231119,125,23,8,1,25.06864,121.5107,15
500103004,20231119,126,23,8,1,25.06864,121.5107,15
500103004,20231119,127,23,8,1,25.06864,121.5107,15
500103004,20231119,128,23,8,1,25.06864,121.5107,15
500103004,20231119,129,23,8,1,25.06864,121.5107,15
500103004,20231119,130,23,8,1,25.06864,121.5107,15
500103004,20231119,131,23,8,1,25.06864,121.5107,15
500103004,20231119,132,23,8,1,25.06864,121.5107,15
500103004,20231119,133,23,8,1,25.06864,121.5107,15
500103004,20231119,134,23,8,1,25.06864,121.5107,15
500103004,20231119,135,23,8,1,25.06864,121.5107,15
500103004,20231119,136,23,8,1,25.06864,121.5107,15
500103004,20231119,137,23,8,1,25.06864,121.5107,15
500103004,20231119,138,23,8,1,25.06864,121.5107,15
500103004,20231119,139,23,8,1,25.06864,121.5107,15
500103004,20231119,141,23,8,1,25.06864,121.5107,15
500103004,20231119,142,23,8,1,25.06864,121.5107,15
500103004,20231119,143,23,8,1,25.06864,121.5107,15
500103004,20231119,144,23,8,1,25.06864,121.5107,15
500103004,20231119,145,23,8,1,25.06864,121.5107,15
500103004,20231119,146,23,8,1,25.06864,121.5107,15
500103004,20231119,147,23,8,1,25.06864,121.5107,15
500103004,20231119,148,23,8,1,25.06864,121.5107,15
500103004,20231119,149,23,8,1,25.06864,121.5107,15
500103004,20231119,150,23,8,1,25.06864,121.5107,15
500103004,20231119,151,23,8,1,25.06864,121.5107,15
500103004,20231119,152,23,8,1,25.06864,121.5107,15
500103004,20231119,153,23,8,1,25.06864,121.5107,15
500103004,20231119,154,23,8,1,25.06864,121.5107,15
500103004,20231119,155,23,8,1,25.06864,121.5107,15
500103004,20231119,156,23,8,1,25.06864,121.5107,15
500103004,20231119,157,23,8,1,25.06864,121.5107,15
500103004,20231119,158,23,8,1,25.06864,121.5107,15
500103004,20231119,159,23,8,1,25.06864,121.5107,15
500103004,20231119,160,23,8,1,25.06864,121.5107,15
500103004,20231119,161,23,8,1,25.06864,121.5107,15
500103004,20231119,162,23,8,1,25.06864,121.5107,15
500103004,20231119,163,23,8,1,25.06864,121.5107,15
500103004,20231119,164,23,8,1,25.06864,121.5107,15
500103004,20231119,165,23,8,1,25.06864,121.5107,15
500103004,20231119,166,23,8,1,25.06864,121.5107,15
500103004,20231119,167,23,8,1,25.06864,121.5107,15
500103004,20231119,168,23,8,1,25.06864,121.5107,15
500103004,20231119,169,23,8,1,25.06864,121.5107,15
500103004,20231119,170,23,8,1,25.06864,121.5107,15
500103004,20231119,171,23,8,1,25.06864,121.5107,15
500103004,20231119,172,23,8,1,25.06864,121.5107,15
500103004,20231119,173,23,8,1,25.06864,121.5107,15
500103004,20231119,174,23,8,1,25.06864,121.5107,15
500103004,20231119,175,23,8,1,25.06864,121.5107,15
500103004,20231119,176,23,8,1,25.06864,121.5107,15
500103004,20231119,177,23,8,1,25.06864,121.5107,15
500103004,20231119,178,23,8,1,25.06864,121.5107,15
500103004,20231119,179,23,8,1,25.06864,121.5107,15
500103004,20231119,180,23,8,1,25.06864,121.5107,15
500103004,20231119,181,23,8,1,25.06864,121.5107,15
500103004,20231119,183,23,8,1,25.06864,121.5107,15
500103004,20231119,184,23,8,1,25.06864,121.5107,15
500103004,20231119,185,23,8,1,25.06864,121.5107,15
500103004,20231119,186,23,8,1,25.06864,121.5107,15
500103004,20231119,187,23,8,1,25.06864,121.5107,15
500103004,20231119,188,23,8,1,25.06864,121.5107,15
500103004,20231119,189,23,8,1,25.06864,121.5107,15
500103004,20231119,191,23,8,1,25.06864,121.5107,15
500103004,20231119,192,23,8,1,25.06864,121.5107,15
500103004,20231119,193,23,8,1,25.06864,121.5107,15
500103004,20231119,194,23,8,1,25.06864,121.5107,15
500103004,20231119,195,23,8,1,25.06864,121.5107,15
500103004,20231119,196,23,8,1,25.06864,121.5107,15
500103004,20231119,197,23,8,1,25.06864,121.5107,15
500103004,20231119,198,23,8,1,25.06864,121.5107,15
500103004,20231119,199,23,8,1,25.06864,121.5107,15
500103004,20231119,201,23,8,1,25.06864,121.5107,15
500103004,20231119,202,23,8,1,25.06864,121.5107,15
500103004,20231119,203,23,8,1,25.06864,121.5107,15
500103004,20231119,204,23,8,1,25.06864,121.5107,15
500103004,20231119,205,23,8,1,25.06864,121.5107,15
500103004,20231119,206,23,8,1,25.06864,121.5107,15
500103004,20231119,207,23,8,1,25.06864,121.5107,15
500103004,20231119,208,23,8,1,25.06864,121.5107,15
500103004,20231119,209,23,8,1,25.06864,121.5107,15
500103004,20231119,211,23,8,1,25.06864,121.5107,15
500103004,20231119,212,23,6,1,25.06864,121.5107,17
500103004,20231119,213,23,4,1,25.06864,121.5107,19
500103004,20231119,214,23,4,1,25.06864,121.5107,19
500103004,20231119,215,23,4,1,25.06864,121.5107,19
500103004,20231119,216,23,4,1,25.06864,121.5107,19
500103004,20231119,217,23,4,1,25.06864,121.5107,19
500103004,20231119,218,23,4,1,25.06864,121.5107,19
500103004,20231119,219,23,4,1,25.06864,121.5107,19
500103004,20231119,221,23,4,1,25.06864,121.5107,19
500103004,20231119,222,23,4,1,25.06864,121.5107,19
500103004,20231119,223,23,4,1,25.06864,121.5107,19
500103004,20231119,224,23,4,1,25.06864,121.5107,19
500103004,20231119,225,23,4,1,25.06864,121.5107,19
500103004,20231119,226,23,4,1,25.06864,121.5107,19
500103004,20231119,227,23,4,1,25.06864,121.5107,19
500103004,20231119,228,23,4,1,25.06864,121.5107,19
500103004,20231119,229,23,4,1,25.06864,121.5107,19
500103004,20231119,231,23,4,1,25.06864,121.5107,19
500103004,20231119,232,23,4,1,25.06864,121.5107,19
500103004,20231119,233,23,4,1,25.06864,121.5107,19
500103004,20231119,234,23,4,1,25.06864,121.5107,19
500103004,20231119,235,23,4,1,25.06864,121.5107,19
500103004,20231119,236,23,4,1,25.06864,121.5107,19
500103004,20231119,237,23,4,1,25.06864,121.5107,19
500103004,20231119,238,23,4,1,25.06864,121.5107,19
500103004,20231119,239,23,4,1,25.06864,121.5107,19
500103004,20231119,241,23,4,1,25.06864,121.5107,19
500103004,20231119,242,23,4,1,25.06864,121.5107,19
500103004,20231119,243,23,4,1,25.06864,121.5107,19
500103004,20231119,244,23,4,1,25.06864,121.5107,19
500103004,20231119,245,23,4,1,25.06864,121.5107,19
500103004,20231119,246,23,4,1,25.06864,121.5107,19
500103004,20231119,247,23,4,1,25.06864,121.5107,19
500103004,20231119,248,23,4,1,25.06864,121.5107,19
500103004,20231119,249,23,4,1,25.06864,121.5107,19
500103004,20231119,251,23,4,1,25.06864,121.5107,19
500103004,20231119,252,23,4,1,25.06864,121.5107,19
500103004,20231119,253,23,4,1,25.06864,121.5107,19
500103004,20231119,254,23,4,1,25.06864,121.5107,19
500103004,20231119,255,23,4,1,25.06864,121.5107,19
500103004,20231119,256,23,4,1,25.06864,121.5107,19
500103004,20231119,257,23,4,1,25.06864,121.5107,19
500103004,20231119,258,23,4,1,25.06864,121.5107,19
500103004,20231119,259,23,4,1,25.06864,121.5107,19
500103004,20231119,261,23,4,1,25.06864,121.5107,19
500103004,20231119,262,23,4,1,25.06864,121.5107,19
500103004,20231119,263,23,4,1,25.06864,121.5107,19
500103004,20231119,264,23,4,1,25.06864,121.5107,19
500103004,20231119,265,23,4,1,25.06864,121.5107,19
500103004,20231119,266,23,4,1,25.06864,121.5107,19
500103004,20231119,267,23,4,1,25.06864,121.5107,19
500103004,20231119,268,23,4,1,25.06864,121.5107,19
500103004,20231119,269,23,4,1,25.06864,121.5107,19
500103004,20231119,270,23,4,1,25.06864,121.5107,19
500103004,20231119,271,23,4,1,25.06864,121.5107,19
500103004,20231119,272,23,4,1,25.06864,121.5107,19
500103004,20231119,273,23,4,1,25.06864,121.5107,19
500103004,20231119,274,23,4,1,25.06864,121.5107,19
500103004,20231119,275,23,4,1,25.06864,121.5107,19
500103004,20231119,276,23,4,1,25.06864,121.5107,19
500103004,20231119,277,23,4,1,25.06864,121.5107,19
500103004,20231119,278,23,4,1,25.06864,121.5107,19
500103004,20231119,279,23,4,1,25.06864,121.5107,19
500103004,20231119,280,23,4,1,25.06864,121.5107,19
500103004,20231119,281,23,4,1,25.06864,121.5107,19
500103004,20231119,282,23,4,1,25.06864,121.5107,19
500103004,20231119,283,23,4,1,25.06864,121.5107,19
500103004,20231119,284,23,4,1,25.06864,121.5107,19
500103004,20231119,285,23,4,1,25.06864,121.5107,19
500103004,20231119,286,23,4,1,25.06864,121.5107,19
500103004,20231119,287,23,4,1,25.06864,121.5107,19
500103004,20231119,288,23,4,1,25.06864,121.5107,19
500103004,20231119,289,23,4,1,25.06864,121.5107,19
500103004,20231119,290,23,4,1,25.06864,121.5107,19
500103004,20231119,291,23,4,1,25.06864,121.5107,19
500103004,20231119,292,23,4,1,25.06864,121.5107,19
500103004,20231119,293,23,4,1,25.06864,121.5107,19
500103004,20231119,294,23,4,1,25.06864,121.5107,19
500103004,20231119,295,23,4,1,25.06864,121.5107,19
500103004,20231119,296,23,4,1,25.06864,121.5107,19
500103004,20231119,297,23,4,1,25.06864,121.5107,19
500103004,20231119,298,23,4,1,25.06864,121.5107,19
500103004,20231119,299,23,4,1,25.06864,121.5107,19
500103004,20231119,300,23,4,1,25.06864,121.5107,19
500103004,20231119,301,23,4,1,25.06864,121.5107,19
500103004,20231119,302,23,4,1,25.06864,121.5107,19
500103004,20231119,303,23,4,1,25.06864,121.5107,19
500103004,20231119,304,23,4,1,25.06864,121.5107,19
500103004,20231119,305,23,4,1,25.06864,121.5107,19
500103004,20231119,306,23,4,1,25.06864,121.5107,19
500103004,20231119,307,23,4,1,25.06864,121.5107,19
500103004,20231119,308,23,4,1,25.06864,121.5107,19
500103004,20231119,309,23,4,1,25.06864,121.5107,19
500103004,20231119,310,23,3,1,25.06864,121.5107,20
500103004,20231119,311,23,3,1,25.06864,121.5107,20
500103004,20231119,312,23,3,1,25.06864,121.5107,20
500103004,20231119,313,23,3,1,25.06864,121.5107,20
500103004,20231119,314,23,3,1,25.06864,121.5107,20
500103004,20231119,315,23,3,1,25.06864,121.5107,20
500103004,20231119,316,23,3,1,25.06864,121.5107,20
500103004,20231119,317,23,3,1,25.06864,121.5107,20
500103004,20231119,318,23,3,1,25.06864,121.5107,20
500103004,20231119,319,23,3,1,25.06864,121.5107,20
500103004,20231119,321,23,3,1,25.06864,121.5107,20
500103004,20231119,322,23,3,1,25.06864,121.5107,20
500103004,20231119,323,23,3,1,25.06864,121.5107,20
500103004,20231119,324,23,3,1,25.06864,121.5107,20
500103004,20231119,325,23,3,1,25.06864,121.5107,20
500103004,20231119,326,23,3,1,25.06864,121.5107,20
500103004,20231119,327,23,3,1,25.06864,121.5107,20
500103004,20231119,328,23,3,1,25.06864,121.5107,20
500103004,20231119,329,23,4,1,25.06864,121.5107,19
500103004,20231119,330,23,5,1,25.06864,121.5107,18
500103004,20231119,331,23,5,1,25.06864,121.5107,18
500103004,20231119,332,23,5,1,25.06864,121.5107,18
500103004,20231119,333,23,5,1,25.06864,121.5107,18
500103004,20231119,334,23,5,1,25.06864,121.5107,18
500103004,20231119,335,23,5,1,25.06864,121.5107,18
500103004,20231119,336,23,5,1,25.06864,121.5107,18
500103004,20231119,337,23,5,1,25.06864,121.5107,18
500103004,20231119,338,23,5,1,25.06864,121.5107,18
500103004,20231119,339,23,5,1,25.06864,121.5107,18
500103004,20231119,340,23,5,1,25.06864,121.5107,18
500103004,20231119,341,23,5,1,25.06864,121.5107,18
500103004,20231119,342,23,5,1,25.06864,121.5107,18
500103004,20231119,343,23,5,1,25.06864,121.5107,18
500103004,20231119,344,23,5,1,25.06864,121.5107,18
500103004,20231119,345,23,5,1,25.06864,121.5107,18
500103004,20231119,346,23,5,1,25.06864,121.5107,18
500103004,20231119,347,23,6,1,25.06864,121.5107,17
500103004,20231119,348,23,6,1,25.06864,121.5107,17
500103004,20231119,349,23,6,1,25.06864,121.5107,17
500103004,20231119,350,23,6,1,25.06864,121.5107,17
500103004,20231119,351,23,6,1,25.06864,121.5107,17
500103004,20231119,352,23,6,1,25.06864,121.5107,17
500103004,20231119,353,23,6,1,25.06864,121.5107,17
500103004,20231119,354,23,6,1,25.06864,121.5107,17
500103004,20231119,355,23,6,1,25.06864,121.5107,17
500103004,20231119,356,23,6,1,25.06864,121.5107,17
500103004,20231119,357,23,6,1,25.06864,121.5107,17
500103004,20231119,358,23,6,1,25.06864,121.5107,17
500103004,20231119,359,23,6,1,25.06864,121.5107,17
500103004,20231119,360,23,6,1,25.06864,121.5107,17
500103004,20231119,361,23,6,1,25.06864,121.5107,17
500103004,20231119,362,23,6,1,25.06864,121.5107,17
500103004,20231119,363,23,6,1,25.06864,121.5107,17
500103004,20231119,364,23,6,1,25.06864,121.5107,17
500103004,20231119,365,23,6,1,25.06864,121.5107,17
500103004,20231119,366,23,5,1,25.06864,121.5107,18
500103004,20231119,367,23,5,1,25.06864,121.5107,18
500103004,20231119,368,23,5,1,25.06864,121.5107,18
500103004,20231119,369,23,5,1,25.06864,121.5107,18
500103004,20231119,370,23,5,1,25.06864,121.5107,18
500103004,20231119,371,23,5,1,25.06864,121.5107,18
500103004,20231119,372,23,4,1,25.06864,121.5107,19
500103004,20231119,373,23,4,1,25.06864,121.5107,19
500103004,20231119,374,23,4,1,25.06864,121.5107,19
500103004,20231119,375,23,4,1,25.06864,121.5107,19
500103004,20231119,376,23,4,1,25.06864,121.5107,19
500103004,20231119,377,23,4,1,25.06864,121.5107,19
500103004,20231119,378,23,4,1,25.06864,121.5107,19
500103004,20231119,379,23,4,1,25.06864,121.5107,19
500103004,20231119,381,23,3,1,25.06864,121.5107,20
500103004,20231119,382,23,3,1,25.06864,121.5107,20
500103004,20231119,383,23,3,1,25.06864,121.5107,20
500103004,20231119,384,23,3,1,25.06864,121.5107,20
500103004,20231119,385,23,3,1,25.06864,121.5107,20
500103004,20231119,386,23,3,1,25.06864,121.5107,20
500103004,20231119,387,23,3,1,25.06864,121.5107,20
500103004,20231119,388,23,3,1,25.06864,121.5107,20
500103004,20231119,389,23,3,1,25.06864,121.5107,20
500103004,20231119,390,23,3,1,25.06864,121.5107,20
500103004,20231119,391,23,4,1,25.06864,121.5107,19
500103004,20231119,392,23,4,1,25.06864,121.5107,19
500103004,20231119,393,23,4,1,25.06864,121.5107,19
500103004,20231119,394,23,4,1,25.06864,121.5107,19
500103004,20231119,395,23,4,1,25.06864,121.5107,19
500103004,20231119,396,23,4,1,25.06864,121.5107,19
500103004,20231119,397,23,4,1,25.06864,121.5107,19
500103004,20231119,398,23,4,1,25.06864,121.5107,19
500103004,20231119,399,23,4,1,25.06864,121.5107,19
500103004,20231119,400,23,4,1,25.06864,121.5107,19
500103004,20231119,401,23,4,1,25.06864,121.5107,19
500103004,20231119,402,23,4,1,25.06864,121.5107,19
500103004,20231119,403,23,4,1,25.06864,121.5107,19
500103004,20231119,404,23,4,1,25.06864,121.5107,19
500103004,20231119,405,23,4,1,25.06864,121.5107,19
500103004,20231119,406,23,4,1,25.06864,121.5107,19
500103004,20231119,407,23,4,1,25.06864,121.5107,19
500103004,20231119,408,23,4,1,25.06864,121.5107,19
500103004,20231119,409,23,4,1,25.06864,121.5107,19
500103004,20231119,410,23,4,1,25.06864,121.5107,19
500103004,20231119,411,23,4,1,25.06864,121.5107,19
500103004,20231119,412,23,4,1,25.06864,121.5107,19
500103004,20231119,413,23,5,1,25.06864,121.5107,18
500103004,20231119,414,23,5,1,25.06864,121.5107,18
500103004,20231119,415,23,5,1,25.06864,121.5107,18
500103004,20231119,416,23,4,1,25.06864,121.5107,19
500103004,20231119,417,23,4,1,25.06864,121.5107,19
500103004,20231119,418,23,4,1,25.06864,121.5107,19
500103004,20231119,419,23,4,1,25.06864,121.5107,19
500103004,20231119,420,23,4,1,25.06864,121.5107,19
500103004,20231119,421,23,4,1,25.06864,121.5107,19
500103004,20231119,422,23,4,1,25.06864,121.5107,19
500103004,20231119,423,23,4,1,25.06864,121.5107,19
500103004,20231119,424,23,4,1,25.06864,121.5107,19
500103004,20231119,425,23,4,1,25.06864,121.5107,19
500103004,20231119,426,23,4,1,25.06864,121.5107,19
500103004,20231119,427,23,4,1,25.06864,121.5107,19
500103004,20231119,428,23,4,1,25.06864,121.5107,19
500103004,20231119,429,23,4,1,25.06864,121.5107,19
500103004,20231119,430,23,4,1,25.06864,121.5107,19
500103004,20231119,431,23,4,1,25.06864,121.5107,19
500103004,20231119,432,23,4,1,25.06864,121.5107,19
500103004,20231119,433,23,4,1,25.06864,121.5107,19
500103004,20231119,434,23,4,1,25.06864,121.5107,19
500103004,20231119,435,23,4,1,25.06864,121.5107,19
500103004,20231119,436,23,4,1,25.06864,121.5107,19
500103004,20231119,437,23,4,1,25.06864,121.5107,19
500103004,20231119,438,23,5,1,25.06864,121.5107,18
500103004,20231119,439,23,5,1,25.06864,121.5107,18
500103004,20231119,441,23,5,1,25.06864,121.5107,18
500103004,20231119,442,23,5,1,25.06864,121.5107,18
500103004,20231119,443,23,5,1,25.06864,121.5107,18
500103004,20231119,444,23,5,1,25.06864,121.5107,18
500103004,20231119,445,23,6,1,25.06864,121.5107,17
500103004,20231119,446,23,6,1,25.06864,121.5107,17
500103004,20231119,447,23,6,1,25.06864,121.5107,17
500103004,20231119,448,23,6,1,25.06864,121.5107,17
500103004,20231119,449,23,6,1,25.06864,121.5107,17
500103004,20231119,450,23,6,1,25.06864,121.5107,17
500103004,20231119,451,23,5,1,25.06864,121.5107,18
500103004,20231119,452,23,5,1,25.06864,121.5107,18
500103004,20231119,453,23,5,1,25.06864,121.5107,18
500103004,20231119,454,23,5,1,25.06864,121.5107,18
500103004,20231119,456,23,5,1,25.06864,121.5107,18
500103004,20231119,457,23,5,1,25.06864,121.5107,18
500103004,20231119,458,23,5,1,25.06864,121.5107,18
500103004,20231119,459,23,5,1,25.06864,121.5107,18
500103004,20231119,461,23,5,1,25.06864,121.5107,18
500103004,20231119,462,23,6,1,25.06864,121.5107,17
500103004,20231119,463,23,6,1,25.06864,121.5107,17
500103004,20231119,464,23,6,1,25.06864,121.5107,17
500103004,20231119,465,23,6,1,25.06864,121.5107,17
500103004,20231119,466,23,6,1,25.06864,121.5107,17
500103004,20231119,467,23,6,1,25.06864,121.5107,17
500103004,20231119,468,23,5,1,25.06864,121.5107,18
500103004,20231119,469,23,5,1,25.06864,121.5107,18
500103004,20231119,471,23,5,1,25.06864,121.5107,18
500103004,20231119,472,23,5,1,25.06864,121.5107,18
500103004,20231119,473,23,5,1,25.06864,121.5107,18
500103004,20231119,474,23,5,1,25.06864,121.5107,18
500103004,20231119,475,23,5,1,25.06864,121.5107,18
500103004,20231119,476,23,5,1,25.06864,121.5107,18
500103004,20231119,477,23,5,1,25.06864,121.5107,18
500103004,20231119,478,23,5,1,25.06864,121.5107,18
500103004,20231119,479,23,5,1,25.06864,121.5107,18
500103004,20231119,481,23,5,1,25.06864,121.5107,18
500103004,20231119,482,23,5,1,25.06864,121.5107,18
500103004,20231119,483,23,5,1,25.06864,121.5107,18
500103004,20231119,484,23,5,1,25.06864,121.5107,18
500103004,20231119,485,23,5,1,25.06864,121.5107,18
500103004,20231119,486,23,5,1,25.06864,121.5107,18
500103004,20231119,487,23,5,1,25.06864,121.5107,18
500103004,20231119,488,23,5,1,25.06864,121.5107,18
500103004,20231119,489,23,5,1,25.06864,121.5107,18
500103004,20231119,490,23,5,1,25.06864,121.5107,18
500103004,20231119,491,23,5,1,25.06864,121.5107,18
500103004,20231119,492,23,5,1,25.06864,121.5107,18
500103004,20231119,493,23,5,1,25.06864,121.5107,18
500103004,20231119,494,23,5,1,25.06864,121.5107,18
500103004,20231119,495,23,5,1,25.06864,121.5107,18
500103004,20231119,496,23,5,1,25.06864,121.5107,18
500103004,20231119,497,23,6,1,25.06864,121.5107,17
500103004,20231119,498,23,6,1,25.06864,121.5107,17
500103004,20231119,499,23,6,1,25.06864,121.5107,17
500103004,20231119,501,23,7,1,25.06864,121.5107,16
500103004,20231119,502,23,7,1,25.06864,121.5107,16
500103004,20231119,503,23,7,1,25.06864,121.5107,16
500103004,20231119,504,23,7,1,25.06864,121.5107,16
500103004,20231119,505,23,8,1,25.06864,121.5107,15
500103004,20231119,506,23,8,1,25.06864,121.5107,15
500103004,20231119,507,23,8,1,25.06864,121.5107,15
500103004,20231119,508,23,8,1,25.06864,121.5107,15
500103004,20231119,509,23,8,1,25.06864,121.5107,15
500103004,20231119,511,23,8,1,25.06864,121.5107,15
500103004,20231119,512,23,8,1,25.06864,121.5107,15
500103004,20231119,513,23,9,1,25.06864,121.5107,14
500103004,20231119,514,23,9,1,25.06864,121.5107,14
500103004,20231119,515,23,9,1,25.06864,121.5107,14
500103004,20231119,516,23,9,1,25.06864,121.5107,14
500103004,20231119,517,23,9,1,25.06864,121.5107,14
500103004,20231119,518,23,10,1,25.06864,121.5107,13
500103004,20231119,519,23,10,1,25.06864,121.5107,13
500103004,20231119,521,23,9,1,25.06864,121.5107,14
500103004,20231119,522,23,9,1,25.06864,121.5107,14
500103004,20231119,523,23,9,1,25.06864,121.5107,14
500103004,20231119,524,23,8,1,25.06864,121.5107,15
500103004,20231119,525,23,8,1,25.06864,121.5107,15
500103004,20231119,526,23,9,1,25.06864,121.5107,14
500103004,20231119,527,23,9,1,25.06864,121.5107,14
500103004,20231119,528,23,9,1,25.06864,121.5107,14
500103004,20231119,529,23,9,1,25.06864,121.5107,14
500103004,20231119,531,23,9,1,25.06864,121.5107,14
500103004,20231119,532,23,9,1,25.06864,121.5107,14
500103004,20231119,533,23,9,1,25.06864,121.5107,14
500103004,20231119,534,23,11,1,25.06864,121.5107,12
500103004,20231119,535,23,11,1,25.06864,121.5107,12
500103004,20231119,536,23,11,1,25.06864,121.5107,12
500103004,20231119,537,23,11,1,25.06864,121.5107,12
500103004,20231119,538,23,11,1,25.06864,121.5107,12
500103004,20231119,539,23,11,1,25.06864,121.5107,12
500103004,20231119,541,23,11,1,25.06864,121.5107,12
500103004,20231119,542,23,9,1,25.06864,121.5107,14
500103004,20231119,543,23,5,1,25.06864,121.5107,18
500103004,20231119,544,23,1,1,25.06864,121.5107,22
500103004,20231119,545,23,0,1,25.06864,121.5107,23
500103004,20231119,546,23,0,1,25.06864,121.5107,23
500103004,20231119,547,23,0,1,25.06864,121.5107,23
500103004,20231119,548,23,0,1,25.06864,121.5107,23
500103004,20231119,549,23,0,1,25.06864,121.5107,23
500103004,20231119,550,23,0,1,25.06864,121.5107,23
500103004,20231119,551,23,0,1,25.06864,121.5107,23
500103004,20231119,552,23,0,1,25.06864,121.5107,23
500103004,20231119,553,23,0,1,25.06864,121.5107,23
500103004,20231119,554,23,0,1,25.06864,121.5107,23
500103004,20231119,555,23,0,1,25.06864,121.5107,23
500103004,20231119,556,23,0,1,25.06864,121.5107,23
500103004,20231119,557,23,0,1,25.06864,121.5107,23
500103004,20231119,558,23,0,1,25.06864,121.5107,23
500103004,20231119,559,23,0,1,25.06864,121.5107,23
500103004,20231119,561,23,0,1,25.06864,121.5107,23
500103004,20231119,562,23,0,1,25.06864,121.5107,23
500103004,20231119,563,23,0,1,25.06864,121.5107,23
500103004,20231119,564,23,0,1,25.06864,121.5107,23
500103004,20231119,565,23,0,1,25.06864,121.5107,23
500103004,20231119,566,23,0,1,25.06864,121.5107,23
500103004,20231119,567,23,0,1,25.06864,121.5107,23
500103004,20231119,568,23,0,1,25.06864,121.5107,23
500103004,20231119,569,23,0,1,25.06864,121.5107,23
500103004,20231119,571,23,0,1,25.06864,121.5107,23
500103004,20231119,572,23,0,1,25.06864,121.5107,23
500103004,20231119,573,23,0,1,25.06864,121.5107,23
500103004,20231119,574,23,1,1,25.06864,121.5107,22
500103004,20231119,575,23,1,1,25.06864,121.5107,22
500103004,20231119,576,23,1,1,25.06864,121.5107,22
500103004,20231119,577,23,3,1,25.06864,121.5107,20
500103004,20231119,578,23,3,1,25.06864,121.5107,20
500103004,20231119,579,23,3,1,25.06864,121.5107,20
500103004,20231119,580,23,3,1,25.06864,121.5107,20
500103004,20231119,581,23,4,1,25.06864,121.5107,19
500103004,20231119,582,23,4,1,25.06864,121.5107,19
500103004,20231119,583,23,4,1,25.06864,121.5107,19
500103004,20231119,584,23,5,1,25.06864,121.5107,18
500103004,20231119,585,23,5,1,25.06864,121.5107,18
500103004,20231119,586,23,5,1,25.06864,121.5107,18
500103004,20231119,587,23,4,1,25.06864,121.5107,19
500103004,20231119,588,23,5,1,25.06864,121.5107,18
500103004,20231119,589,23,5,1,25.06864,121.5107,18
500103004,20231119,590,23,5,1,25.06864,121.5107,18
500103004,20231119,591,23,5,1,25.06864,121.5107,18
500103004,20231119,592,23,5,1,25.06864,121.5107,18
500103004,20231119,593,23,5,1,25.06864,121.5107,18
500103004,20231119,594,23,6,1,25.06864,121.5107,17
500103004,20231119,595,23,6,1,25.06864,121.5107,17
500103004,20231119,596,23,6,1,25.06864,121.5107,17
500103004,20231119,597,23,5,1,25.06864,121.5107,18
500103004,20231119,598,23,5,1,25.06864,121.5107,18
500103004,20231119,599,23,5,1,25.06864,121.5107,18
500103004,20231119,601,23,5,1,25.06864,121.5107,18
500103004,20231119,602,23,5,1,25.06864,121.5107,18
500103004,20231119,603,23,6,1,25.06864,121.5107,17
500103004,20231119,604,23,6,1,25.06864,121.5107,17
500103004,20231119,605,23,6,1,25.06864,121.5107,17
500103004,20231119,606,23,6,1,25.06864,121.5107,17
500103004,20231119,607,23,6,1,25.06864,121.5107,17
500103004,20231119,608,23,7,1,25.06864,121.5107,16
500103004,20231119,609,23,7,1,25.06864,121.5107,16
500103004,20231119,610,23,7,1,25.06864,121.5107,16
500103004,20231119,611,23,7,1,25.06864,121.5107,16
500103004,20231119,612,23,7,1,25.06864,121.5107,16
500103004,20231119,613,23,7,1,25.06864,121.5107,16
500103004,20231119,614,23,7,1,25.06864,121.5107,16
500103004,20231119,615,23,7,1,25.06864,121.5107,16
500103004,20231119,616,23,7,1,25.06864,121.5107,16
500103004,20231119,617,23,7,1,25.06864,121.5107,16
500103004,20231119,618,23,7,1,25.06864,121.5107,16
500103004,20231119,619,23,7,1,25.06864,121.5107,16
500103004,20231119,621,23,7,1,25.06864,121.5107,16
500103004,20231119,622,23,8,1,25.06864,121.5107,15
500103004,20231119,623,23,8,1,25.06864,121.5107,15
500103004,20231119,624,23,8,1,25.06864,121.5107,15
500103004,20231119,625,23,7,1,25.06864,121.5107,16
500103004,20231119,626,23,7,1,25.06864,121.5107,16
500103004,20231119,627,23,7,1,25.06864,121.5107,16
500103004,20231119,628,23,8,1,25.06864,121.5107,15
500103004,20231119,629,23,8,1,25.06864,121.5107,15
500103004,20231119,631,23,8,1,25.06864,121.5107,15
500103004,20231119,632,23,8,1,25.06864,121.5107,15
500103004,20231119,633,23,9,1,25.06864,121.5107,14
500103004,20231119,634,23,9,1,25.06864,121.5107,14
500103004,20231119,635,23,9,1,25.06864,121.5107,14
500103004,20231119,636,23,9,1,25.06864,121.5107,14
500103004,20231119,637,23,9,1,25.06864,121.5107,14
500103004,20231119,638,23,9,1,25.06864,121.5107,14
500103004,20231119,639,23,9,1,25.06864,121.5107,14
500103004,20231119,640,23,9,1,25.06864,121.5107,14
500103004,20231119,641,23,9,1,25.06864,121.5107,14
500103004,20231119,642,23,9,1,25.06864,121.5107,14
500103004,20231119,643,23,9,1,25.06864,121.5107,14
500103004,20231119,644,23,9,1,25.06864,121.5107,14
500103004,20231119,645,23,9,1,25.06864,121.5107,14
500103004,20231119,646,23,9,1,25.06864,121.5107,14
500103004,20231119,647,23,9,1,25.06864,121.5107,14
500103004,20231119,648,23,10,1,25.06864,121.5107,13
500103004,20231119,649,23,10,1,25.06864,121.5107,13
500103004,20231119,650,23,10,1,25.06864,121.5107,13
500103004,20231119,651,23,10,1,25.06864,121.5107,13
500103004,20231119,652,23,9,1,25.06864,121.5107,14
500103004,20231119,653,23,9,1,25.06864,121.5107,14
500103004,20231119,654,23,9,1,25.06864,121.5107,14
500103004,20231119,655,23,9,1,25.06864,121.5107,14
500103004,20231119,656,23,9,1,25.06864,121.5107,14
500103004,20231119,657,23,9,1,25.06864,121.5107,14
500103004,20231119,658,23,9,1,25.06864,121.5107,14
500103004,20231119,659,23,9,1,25.06864,121.5107,14
500103004,20231119,661,23,9,1,25.06864,121.5107,14
500103004,20231119,662,23,9,1,25.06864,121.5107,14
500103004,20231119,663,23,10,1,25.06864,121.5107,13
500103004,20231119,664,23,10,1,25.06864,121.5107,13
500103004,20231119,665,23,11,1,25.06864,121.5107,12
500103004,20231119,666,23,11,1,25.06864,121.5107,12
500103004,20231119,667,23,11,1,25.06864,121.5107,12
500103004,20231119,668,23,11,1,25.06864,121.5107,12
500103004,20231119,669,23,11,1,25.06864,121.5107,12
500103004,20231119,670,23,11,1,25.06864,121.5107,12
500103004,20231119,671,23,11,1,25.06864,121.5107,12
500103004,20231119,672,23,10,1,25.06864,121.5107,13
500103004,20231119,673,23,10,1,25.06864,121.5107,13
500103004,20231119,674,23,10,1,25.06864,121.5107,13
500103004,20231119,675,23,10,1,25.06864,121.5107,13
500103004,20231119,676,23,10,1,25.06864,121.5107,13
500103004,20231119,677,23,10,1,25.06864,121.5107,13
500103004,20231119,678,23,10,1,25.06864,121.5107,13
500103004,20231119,679,23,12,1,25.06864,121.5107,11
500103004,20231119,682,23,13,1,25.06864,121.5107,10
500103004,20231119,683,23,13,1,25.06864,121.5107,10
500103004,20231119,684,23,13,1,25.06864,121.5107,10
500103004,20231119,685,23,13,1,25.06864,121.5107,10
500103004,20231119,686,23,13,1,25.06864,121.5107,10
500103004,20231119,687,23,13,1,25.06864,121.5107,10
500103004,20231119,688,23,12,1,25.06864,121.5107,11
500103004,20231119,689,23,12,1,25.06864,121.5107,11
500103004,20231119,691,23,11,1,25.06864,121.5107,12
500103004,20231119,692,23,11,1,25.06864,121.5107,12
500103004,20231119,693,23,11,1,25.06864,121.5107,12
500103004,20231119,694,23,11,1,25.06864,121.5107,12
500103004,20231119,695,23,10,1,25.06864,121.5107,13
500103004,20231119,696,23,10,1,25.06864,121.5107,13
500103004,20231119,697,23,10,1,25.06864,121.5107,13
500103004,20231119,698,23,10,1,25.06864,121.5107,13
500103004,20231119,699,23,9,1,25.06864,121.5107,14
500103004,20231119,701,23,7,1,25.06864,121.5107,16
500103004,20231119,702,23,5,1,25.06864,121.5107,18
500103004,20231119,703,23,5,1,25.06864,121.5107,18
500103004,20231119,704,23,5,1,25.06864,121.5107,18
500103004,20231119,705,23,5,1,25.06864,121.5107,18
500103004,20231119,706,23,5,1,25.06864,121.5107,18
500103004,20231119,707,23,5,1,25.06864,121.5107,18
500103004,20231119,708,23,5,1,25.06864,121.5107,18
500103004,20231119,709,23,5,1,25.06864,121.5107,18
500103004,20231119,711,23,5,1,25.06864,121.5107,18
500103004,20231119,712,23,5,1,25.06864,121.5107,18
500103004,20231119,713,23,5,1,25.06864,121.5107,18
500103004,20231119,714,23,5,1,25.06864,121.5107,18
500103004,20231119,715,23,5,1,25.06864,121.5107,18
500103004,20231119,716,23,5,1,25.06864,121.5107,18
500103004,20231119,717,23,5,1,25.06864,121.5107,18
500103004,20231119,718,23,5,1,25.06864,121.5107,18
500103004,20231119,719,23,5,1,25.06864,121.5107,18
500103004,20231119,721,23,3,1,25.06864,121.5107,20
500103004,20231119,722,23,3,1,25.06864,121.5107,20
500103004,20231119,723,23,3,1,25.06864,121.5107,20
500103004,20231119,724,23,4,1,25.06864,121.5107,19
500103004,20231119,725,23,4,1,25.06864,121.5107,19
500103004,20231119,726,23,4,1,25.06864,121.5107,19
500103004,20231119,727,23,5,1,25.06864,121.5107,18
500103004,20231119,728,23,5,1,25.06864,121.5107,18
500103004,20231119,729,23,5,1,25.06864,121.5107,18
500103004,20231119,731,23,5,1,25.06864,121.5107,18
500103004,20231119,732,23,5,1,25.06864,121.5107,18
500103004,20231119,733,23,5,1,25.06864,121.5107,18
500103004,20231119,734,23,4,1,25.06864,121.5107,19
500103004,20231119,735,23,4,1,25.06864,121.5107,19
500103004,20231119,736,23,6,1,25.06864,121.5107,17
500103004,20231119,737,23,6,1,25.06864,121.5107,17
500103004,20231119,738,23,8,1,25.06864,121.5107,15
500103004,20231119,739,23,9,1,25.06864,121.5107,14
500103004,20231119,741,23,10,1,25.06864,121.5107,13
500103004,20231119,742,23,9,1,25.06864,121.5107,14
500103004,20231119,743,23,9,1,25.06864,121.5107,14
500103004,20231119,744,23,9,1,25.06864,121.5107,14
500103004,20231119,745,23,11,1,25.06864,121.5107,12
500103004,20231119,746,23,12,1,25.06864,121.5107,11
500103004,20231119,747,23,11,1,25.06864,121.5107,12
500103004,20231119,748,23,11,1,25.06864,121.5107,12
500103004,20231119,749,23,11,1,25.06864,121.5107,12
500103004,20231119,751,23,12,1,25.06864,121.5107,11
500103004,20231119,752,23,12,1,25.06864,121.5107,11
500103004,20231119,753,23,12,1,25.06864,121.5107,11
500103004,20231119,754,23,12,1,25.06864,121.5107,11
500103004,20231119,755,23,13,1,25.06864,121.5107,10
500103004,20231119,756,23,13,1,25.06864,121.5107,10
500103004,20231119,757,23,14,1,25.06864,121.5107,9
500103004,20231119,758,23,14,1,25.06864,121.5107,9
500103004,20231119,759,23,14,1,25.06864,121.5107,9
500103004,20231119,761,23,14,1,25.06864,121.5107,9
500103004,20231119,762,23,14,1,25.06864,121.5107,9
500103004,20231119,763,23,14,1,25.06864,121.5107,9
500103004,20231119,764,23,14,1,25.06864,121.5107,9
500103004,20231119,765,23,14,1,25.06864,121.5107,9
500103004,20231119,766,23,14,1,25.06864,121.5107,9
500103004,20231119,767,23,15,1,25.06864,121.5107,8
500103004,20231119,768,23,17,1,25.06864,121.5107,6
500103004,20231119,769,23,17,1,25.06864,121.5107,6
500103004,20231119,771,23,18,1,25.06864,121.5107,5
500103004,20231119,772,23,19,1,25.06864,121.5107,4
500103004,20231119,773,23,19,1,25.06864,121.5107,4
500103004,20231119,774,23,19,1,25.06864,121.5107,4
500103004,20231119,775,23,19,1,25.06864,121.5107,4
500103004,20231119,776,23,19,1,25.06864,121.5107,4
500103004,20231119,777,23,19,1,25.06864,121.5107,4
500103004,20231119,778,23,19,1,25.06864,121.5107,4
500103004,20231119,779,23,19,1,25.06864,121.5107,4
500103004,20231119,781,23,19,1,25.06864,121.5107,4
500103004,20231119,782,23,18,1,25.06864,121.5107,5
500103004,20231119,783,23,18,1,25.06864,121.5107,5
500103004,20231119,784,23,19,1,25.06864,121.5107,4
500103004,20231119,785,23,19,1,25.06864,121.5107,4
500103004,20231119,786,23,19,1,25.06864,121.5107,4
500103004,20231119,787,23,18,1,25.06864,121.5107,5
500103004,20231119,788,23,18,1,25.06864,121.5107,5
500103004,20231119,789,23,18,1,25.06864,121.5107,5
500103004,20231119,791,23,18,1,25.06864,121.5107,5
500103004,20231119,792,23,18,1,25.06864,121.5107,5
500103004,20231119,793,23,19,1,25.06864,121.5107,4
500103004,20231119,794,23,19,1,25.06864,121.5107,4
500103004,20231119,795,23,20,1,25.06864,121.5107,3
500103004,20231119,796,23,20,1,25.06864,121.5107,3
500103004,20231119,797,23,20,1,25.06864,121.5107,3
500103004,20231119,798,23,19,1,25.06864,121.5107,4
500103004,20231119,799,23,19,1,25.06864,121.5107,4
500103004,20231119,801,23,21,1,25.06864,121.5107,2
500103004,20231119,802,23,21,1,25.06864,121.5107,2
500103004,20231119,803,23,21,1,25.06864,121.5107,2
500103004,20231119,804,23,22,1,25.06864,121.5107,1
500103004,20231119,805,23,23,1,25.06864,121.5107,0
500103004,20231119,806,23,23,1,25.06864,121.5107,0
500103004,20231119,807,23,23,1,25.06864,121.5107,0
500103004,20231119,808,23,23,1,25.06864,121.5107,0
500103004,20231119,809,23,23,1,25.06864,121.5107,0
500103004,20231119,811,23,22,1,25.06864,121.5107,1
500103004,20231119,812,23,22,1,25.06864,121.5107,1
500103004,20231119,813,23,22,1,25.06864,121.5107,1
500103004,20231119,814,23,22,1,25.06864,121.5107,1
500103004,20231119,815,23,22,1,25.06864,121.5107,1
500103004,20231119,816,23,21,1,25.06864,121.5107,2
500103004,20231119,817,23,19,1,25.06864,121.5107,4
500103004,20231119,818,23,19,1,25.06864,121.5107,4
500103004,20231119,819,23,19,1,25.06864,121.5107,4
500103004,20231119,820,23,18,1,25.06864,121.5107,5
500103004,20231119,821,23,18,1,25.06864,121.5107,5
500103004,20231119,822,23,18,1,25.06864,121.5107,5
500103004,20231119,823,23,19,1,25.06864,121.5107,4
500103004,20231119,824,23,19,1,25.06864,121.5107,4
500103004,20231119,825,23,19,1,25.06864,121.5107,4
500103004,20231119,826,23,19,1,25.06864,121.5107,4
500103004,20231119,827,23,17,1,25.06864,121.5107,6
500103004,20231119,828,23,17,1,25.06864,121.5107,6
500103004,20231119,829,23,17,1,25.06864,121.5107,6
500103004,20231119,830,23,17,1,25.06864,121.5107,6
500103004,20231119,831,23,17,1,25.06864,121.5107,6
500103004,20231119,832,23,17,1,25.06864,121.5107,6
500103004,20231119,833,23,18,1,25.06864,121.5107,5
500103004,20231119,834,23,18,1,25.06864,121.5107,5
500103004,20231119,835,23,18,1,25.06864,121.5107,5
500103004,20231119,836,23,20,1,25.06864,121.5107,3
500103004,20231119,837,23,20,1,25.06864,121.5107,3
500103004,20231119,838,23,20,1,25.06864,121.5107,3
500103004,20231119,839,23,20,1,25.06864,121.5107,3
500103004,20231119,841,23,20,1,25.06864,121.5107,3
500103004,20231119,842,23,20,1,25.06864,121.5107,3
500103004,20231119,843,23,20,1,25.06864,121.5107,3
500103004,20231119,844,23,20,1,25.06864,121.5107,3
500103004,20231119,845,23,20,1,25.06864,121.5107,3
500103004,20231119,846,23,20,1,25.06864,121.5107,3
500103004,20231119,847,23,20,1,25.06864,121.5107,3
500103004,20231119,848,23,20,1,25.06864,121.5107,3
500103004,20231119,849,23,21,1,25.06864,121.5107,2
500103004,20231119,850,23,21,1,25.06864,121.5107,2
500103004,20231119,851,23,21,1,25.06864,121.5107,2
500103004,20231119,852,23,21,1,25.06864,121.5107,2
500103004,20231119,853,23,21,1,25.06864,121.5107,2
500103004,20231119,854,23,21,1,25.06864,121.5107,2
500103004,20231119,855,23,21,1,25.06864,121.5107,2
500103004,20231119,856,23,21,1,25.06864,121.5107,2
500103004,20231119,857,23,21,1,25.06864,121.5107,2
500103004,20231119,858,23,21,1,25.06864,121.5107,2
500103004,20231119,859,23,21,1,25.06864,121.5107,2
500103004,20231119,861,23,21,1,25.06864,121.5107,2
500103004,20231119,862,23,21,1,25.06864,121.5107,2
500103004,20231119,863,23,21,1,25.06864,121.5107,2
500103004,20231119,864,23,21,1,25.06864,121.5107,2
500103004,20231119,865,23,21,1,25.06864,121.5107,2
500103004,20231119,866,23,22,1,25.06864,121.5107,1
500103004,20231119,867,23,22,1,25.06864,121.5107,1
500103004,20231119,868,23,22,1,25.06864,121.5107,1
500103004,20231119,869,23,22,1,25.06864,121.5107,1
500103004,20231119,871,23,22,1,25.06864,121.5107,1
500103004,20231119,872,23,22,1,25.06864,121.5107,1
500103004,20231119,873,23,22,1,25.06864,121.5107,1
500103004,20231119,874,23,23,1,25.06864,121.5107,0
500103004,20231119,875,23,23,1,25.06864,121.5107,0
500103004,20231119,876,23,23,1,25.06864,121.5107,0
500103004,20231119,877,23,23,1,25.06864,121.5107,0
500103004,20231119,878,23,23,1,25.06864,121.5107,0
500103004,20231119,879,23,23,1,25.06864,121.5107,0
500103004,20231119,880,23,23,1,25.06864,121.5107,0
500103004,20231119,881,23,21,1,25.06864,121.5107,2
500103004,20231119,882,23,21,1,25.06864,121.5107,2
500103004,20231119,883,23,22,1,25.06864,121.5107,1
500103004,20231119,884,23,23,1,25.06864,121.5107,0
500103004,20231119,885,23,23,1,25.06864,121.5107,0
500103004,20231119,886,23,23,1,25.06864,121.5107,0
500103004,20231119,887,23,23,1,25.06864,121.5107,0
500103004,20231119,888,23,23,1,25.06864,121.5107,0
500103004,20231119,889,23,23,1,25.06864,121.5107,0
500103004,20231119,890,23,23,1,25.06864,121.5107,0
500103004,20231119,891,23,23,1,25.06864,121.5107,0
500103004,20231119,892,23,23,1,25.06864,121.5107,0
500103004,20231119,893,23,22,1,25.06864,121.5107,1
500103004,20231119,894,23,22,1,25.06864,121.5107,1
500103004,20231119,895,23,22,1,25.06864,121.5107,1
500103004,20231119,896,23,22,1,25.06864,121.5107,1
500103004,20231119,897,23,21,1,25.06864,121.5107,2
500103004,20231119,898,23,21,1,25.06864,121.5107,2
500103004,20231119,899,23,21,1,25.06864,121.5107,2
500103004,20231119,901,23,21,1,25.06864,121.5107,2
500103004,20231119,902,23,21,1,25.06864,121.5107,2
500103004,20231119,903,23,21,1,25.06864,121.5107,2
500103004,20231119,904,23,21,1,25.06864,121.5107,2
500103004,20231119,905,23,21,1,25.06864,121.5107,2
500103004,20231119,906,23,22,1,25.06864,121.5107,1
500103004,20231119,907,23,22,1,25.06864,121.5107,1
500103004,20231119,908,23,22,1,25.06864,121.5107,1
500103004,20231119,909,23,22,1,25.06864,121.5107,1
500103004,20231119,910,23,22,1,25.06864,121.5107,1
500103004,20231119,911,23,22,1,25.06864,121.5107,1
500103004,20231119,912,23,23,1,25.06864,121.5107,0
500103004,20231119,913,23,23,1,25.06864,121.5107,0
500103004,20231119,914,23,23,1,25.06864,121.5107,0
500103004,20231119,915,23,21,1,25.06864,121.5107,2
500103004,20231119,916,23,21,1,25.06864,121.5107,2
500103004,20231119,917,23,21,1,25.06864,121.5107,2
500103004,20231119,918,23,21,1,25.06864,121.5107,2
500103004,20231119,919,23,21,1,25.06864,121.5107,2
500103004,20231119,921,23,21,1,25.06864,121.5107,2
500103004,20231119,922,23,21,1,25.06864,121.5107,2
500103004,20231119,923,23,21,1,25.06864,121.5107,2
500103004,20231119,925,23,21,1,25.06864,121.5107,2
500103004,20231119,926,23,21,1,25.06864,121.5107,2
500103004,20231119,928,23,21,1,25.06864,121.5107,2
500103004,20231119,929,23,21,1,25.06864,121.5107,2
500103004,20231119,931,23,21,1,25.06864,121.5107,2
500103004,20231119,932,23,19,1,25.06864,121.5107,4
500103004,20231119,933,23,20,1,25.06864,121.5107,3
500103004,20231119,934,23,20,1,25.06864,121.5107,3
500103004,20231119,935,23,20,1,25.06864,121.5107,3
500103004,20231119,936,23,20,1,25.06864,121.5107,3
500103004,20231119,937,23,20,1,25.06864,121.5107,3
500103004,20231119,938,23,21,1,25.06864,121.5107,2
500103004,20231119,939,23,23,1,25.06864,121.5107,0
500103004,20231119,941,23,20,1,25.06864,121.5107,3
500103004,20231119,942,23,21,1,25.06864,121.5107,2
500103004,20231119,943,23,21,1,25.06864,121.5107,2
500103004,20231119,944,23,21,1,25.06864,121.5107,2
500103004,20231119,945,23,21,1,25.06864,121.5107,2
500103004,20231119,946,23,21,1,25.06864,121.5107,2
500103004,20231119,947,23,21,1,25.06864,121.5107,2
500103004,20231119,948,23,21,1,25.06864,121.5107,2
500103004,20231119,949,23,21,1,25.06864,121.5107,2
500103004,20231119,951,23,19,1,25.06864,121.5107,4
500103004,20231119,952,23,21,1,25.06864,121.5107,2
500103004,20231119,953,23,22,1,25.06864,121.5107,1
500103004,20231119,954,23,22,1,25.06864,121.5107,1
500103004,20231119,955,23,22,1,25.06864,121.5107,1
500103004,20231119,956,23,23,1,25.06864,121.5107,0
500103004,20231119,957,23,23,1,25.06864,121.5107,0
500103004,20231119,958,23,23,1,25.06864,121.5107,0
500103004,20231119,959,23,23,1,25.06864,121.5107,0
500103004,20231119,961,23,23,1,25.06864,121.5107,0
500103004,20231119,962,23,23,1,25.06864,121.5107,0
500103004,20231119,963,23,23,1,25.06864,121.5107,0
500103004,20231119,964,23,23,1,25.06864,121.5107,0
500103004,20231119,965,23,23,1,25.06864,121.5107,0
500103004,20231119,966,23,23,1,25.06864,121.5107,0
500103004,20231119,967,23,23,1,25.06864,121.5107,0
500103004,20231119,968,23,23,1,25.06864,121.5107,0
500103004,20231119,969,23,23,1,25.06864,121.5107,0
500103004,20231119,971,23,23,1,25.06864,121.5107,0
500103004,20231119,972,23,23,1,25.06864,121.5107,0
500103004,20231119,973,23,23,1,25.06864,121.5107,0
500103004,20231119,974,23,23,1,25.06864,121.5107,0
500103004,20231119,975,23,23,1,25.06864,121.5107,0
500103004,20231119,976,23,23,1,25.06864,121.5107,0
500103004,20231119,977,23,23,1,25.06864,121.5107,0
500103004,20231119,978,23,22,1,25.06864,121.5107,1
500103004,20231119,979,23,22,1,25.06864,121.5107,1
500103004,20231119,981,23,22,1,25.06864,121.5107,1
500103004,20231119,982,23,21,1,25.06864,121.5107,2
500103004,20231119,983,23,21,1,25.06864,121.5107,2
500103004,20231119,984,23,21,1,25.06864,121.5107,2
500103004,20231119,985,23,21,1,25.06864,121.5107,2
500103004,20231119,986,23,21,1,25.06864,121.5107,2
500103004,20231119,987,23,22,1,25.06864,121.5107,1
500103004,20231119,988,23,22,1,25.06864,121.5107,1
500103004,20231119,989,23,22,1,25.06864,121.5107,1
500103004,20231119,991,23,23,1,25.06864,121.5107,0
500103004,20231119,992,23,23,1,25.06864,121.5107,0
500103004,20231119,993,23,21,1,25.06864,121.5107,2
500103004,20231119,994,23,22,1,25.06864,121.5107,1
500103004,20231119,995,23,22,1,25.06864,121.5107,1
500103004,20231119,996,23,22,1,25.06864,121.5107,1
500103004,20231119,997,23,22,1,25.06864,121.5107,1
500103004,20231119,998,23,22,1,25.06864,121.5107,1
500103004,20231119,999,23,22,1,25.06864,121.5107,1
500103004,20231119,1001,23,22,1,25.06864,121.5107,1
500103004,20231119,1002,23,21,1,25.06864,121.5107,2
500103004,20231119,1003,23,21,1,25.06864,121.5107,2
500103004,20231119,1004,23,21,1,25.06864,121.5107,2
500103004,20231119,1005,23,20,1,25.06864,121.5107,3
500103004,20231119,1006,23,20,1,25.06864,121.5107,3
500103004,20231119,1007,23,20,1,25.06864,121.5107,3
500103004,20231119,1008,23,20,1,25.06864,121.5107,3
500103004,20231119,1009,23,20,1,25.06864,121.5107,3
500103004,20231119,1011,23,20,1,25.06864,121.5107,3
500103004,20231119,1012,23,20,1,25.06864,121.5107,3
500103004,20231119,1013,23,20,1,25.06864,121.5107,3
500103004,20231119,1014,23,23,1,25.06864,121.5107,0
500103004,20231119,1015,23,23,1,25.06864,121.5107,0
500103004,20231119,1016,23,20,1,25.06864,121.5107,3
500103004,20231119,1017,23,21,1,25.06864,121.5107,2
500103004,20231119,1018,23,21,1,25.06864,121.5107,2
500103004,20231119,1019,23,21,1,25.06864,121.5107,2
500103004,20231119,1021,23,23,1,25.06864,121.5107,0
500103004,20231119,1022,23,23,1,25.06864,121.5107,0
500103004,20231119,1023,23,18,1,25.06864,121.5107,5
500103004,20231119,1024,23,18,1,25.06864,121.5107,5
500103004,20231119,1025,23,16,1,25.06864,121.5107,7
500103004,20231119,1026,23,16,1,25.06864,121.5107,7
500103004,20231119,1027,23,18,1,25.06864,121.5107,5
500103004,20231119,1028,23,18,1,25.06864,121.5107,5
500103004,20231119,1029,23,18,1,25.06864,121.5107,5
500103004,20231119,1031,23,17,1,25.06864,121.5107,6
500103004,20231119,1032,23,17,1,25.06864,121.5107,6
500103004,20231119,1033,23,17,1,25.06864,121.5107,6
500103004,20231119,1034,23,17,1,25.06864,121.5107,6
500103004,20231119,1035,23,18,1,25.06864,121.5107,5
500103004,20231119,1036,23,18,1,25.06864,121.5107,5
500103004,20231119,1037,23,18,1,25.06864,121.5107,5
500103004,20231119,1038,23,19,1,25.06864,121.5107,4
500103004,20231119,1039,23,19,1,25.06864,121.5107,4
500103004,20231119,1041,23,17,1,25.06864,121.5107,6
500103004,20231119,1042,23,18,1,25.06864,121.5107,5
500103004,20231119,1043,23,18,1,25.06864,121.5107,5
500103004,20231119,1044,23,18,1,25.06864,121.5107,5
500103004,20231119,1045,23,17,1,25.06864,121.5107,6
500103004,20231119,1046,23,17,1,25.06864,121.5107,6
500103004,20231119,1047,23,17,1,25.06864,121.5107,6
500103004,20231119,1048,23,17,1,25.06864,121.5107,6
500103004,20231119,1049,23,17,1,25.06864,121.5107,6
500103004,20231119,1051,23,17,1,25.06864,121.5107,6
500103004,20231119,1052,23,17,1,25.06864,121.5107,6
500103004,20231119,1053,23,17,1,25.06864,121.5107,6
500103004,20231119,1054,23,17,1,25.06864,121.5107,6
500103004,20231119,1055,23,18,1,25.06864,121.5107,5
500103004,20231119,1056,23,17,1,25.06864,121.5107,6
500103004,20231119,1057,23,17,1,25.06864,121.5107,6
500103004,20231119,1058,23,16,1,25.06864,121.5107,7
500103004,20231119,1059,23,16,1,25.06864,121.5107,7
500103004,20231119,1060,23,16,1,25.06864,121.5107,7
500103004,20231119,1061,23,16,1,25.06864,121.5107,7
500103004,20231119,1062,23,16,1,25.06864,121.5107,7
500103004,20231119,1063,23,15,1,25.06864,121.5107,8
500103004,20231119,1064,23,15,1,25.06864,121.5107,8
500103004,20231119,1065,23,11,1,25.06864,121.5107,12
500103004,20231119,1066,23,11,1,25.06864,121.5107,12
500103004,20231119,1067,23,10,1,25.06864,121.5107,13
500103004,20231119,1068,23,7,1,25.06864,121.5107,16
500103004,20231119,1069,23,7,1,25.06864,121.5107,16
500103004,20231119,1070,23,7,1,25.06864,121.5107,16
500103004,20231119,1071,23,7,1,25.06864,121.5107,16
500103004,20231119,1072,23,6,1,25.06864,121.5107,17
500103004,20231119,1073,23,6,1,25.06864,121.5107,17
500103004,20231119,1074,23,6,1,25.06864,121.5107,17
500103004,20231119,1075,23,6,1,25.06864,121.5107,17
500103004,20231119,1076,23,6,1,25.06864,121.5107,17
500103004,20231119,1077,23,5,1,25.06864,121.5107,18
500103004,20231119,1078,23,4,1,25.06864,121.5107,19
500103004,20231119,1079,23,4,1,25.06864,121.5107,19
500103004,20231119,1081,23,4,1,25.06864,121.5107,19
500103004,20231119,1082,23,4,1,25.06864,121.5107,19
500103004,20231119,1083,23,3,1,25.06864,121.5107,20
500103004,20231119,1084,23,2,1,25.06864,121.5107,21
500103004,20231119,1085,23,2,1,25.06864,121.5107,21
500103004,20231119,1086,23,2,1,25.06864,121.5107,21
500103004,20231119,1087,23,2,1,25.06864,121.5107,21
500103004,20231119,1088,23,2,1,25.06864,121.5107,21
500103004,20231119,1089,23,2,1,25.06864,121.5107,21
500103004,20231119,1090,23,2,1,25.06864,121.5107,21
500103004,20231119,1091,23,2,1,25.06864,121.5107,21
500103004,20231119,1092,23,2,1,25.06864,121.5107,21
500103004,20231119,1093,23,2,1,25.06864,121.5107,21
500103004,20231119,1094,23,2,1,25.06864,121.5107,21
500103004,20231119,1095,23,1,1,25.06864,121.5107,22
500103004,20231119,1096,23,3,1,25.06864,121.5107,20
500103004,20231119,1097,23,3,1,25.06864,121.5107,20
500103004,20231119,1098,23,5,1,25.06864,121.5107,18
500103004,20231119,1099,23,13,1,25.06864,121.5107,10
500103004,20231119,1101,23,13,1,25.06864,121.5107,10
500103004,20231119,1102,23,13,1,25.06864,121.5107,10
500103004,20231119,1103,23,18,1,25.06864,121.5107,5
500103004,20231119,1104,23,20,1,25.06864,121.5107,3
500103004,20231119,1105,23,17,1,25.06864,121.5107,6
500103004,20231119,1106,23,17,1,25.06864,121.5107,6
500103004,20231119,1107,23,19,1,25.06864,121.5107,4
500103004,20231119,1108,23,19,1,25.06864,121.5107,4
500103004,20231119,1109,23,19,1,25.06864,121.5107,4
500103004,20231119,1111,23,19,1,25.06864,121.5107,4
500103004,20231119,1112,23,18,1,25.06864,121.5107,5
500103004,20231119,1113,23,18,1,25.06864,121.5107,5
500103004,20231119,1114,23,18,1,25.06864,121.5107,5
500103004,20231119,1115,23,18,1,25.06864,121.5107,5
500103004,20231119,1116,23,18,1,25.06864,121.5107,5
500103004,20231119,1117,23,17,1,25.06864,121.5107,6
500103004,20231119,1118,23,18,1,25.06864,121.5107,5
500103004,20231119,1119,23,18,1,25.06864,121.5107,5
500103004,20231119,1120,23,18,1,25.06864,121.5107,5
500103004,20231119,1121,23,18,1,25.06864,121.5107,5
500103004,20231119,1122,23,16,1,25.06864,121.5107,7
500103004,20231119,1123,23,16,1,25.06864,121.5107,7
500103004,20231119,1124,23,16,1,25.06864,121.5107,7
500103004,20231119,1125,23,16,1,25.06864,121.5107,7
500103004,20231119,1126,23,15,1,25.06864,121.5107,8
500103004,20231119,1127,23,15,1,25.06864,121.5107,8
500103004,20231119,1128,23,15,1,25.06864,121.5107,8
500103004,20231119,1129,23,15,1,25.06864,121.5107,8
500103004,20231119,1130,23,14,1,25.06864,121.5107,9
500103004,20231119,1131,23,13,1,25.06864,121.5107,10
500103004,20231119,1132,23,13,1,25.06864,121.5107,10
500103004,20231119,1133,23,13,1,25.06864,121.5107,10
500103004,20231119,1134,23,12,1,25.06864,121.5107,11
500103004,20231119,1135,23,12,1,25.06864,121.5107,11
500103004,20231119,1136,23,12,1,25.06864,121.5107,11
500103004,20231119,1137,23,12,1,25.06864,121.5107,11
500103004,20231119,1138,23,12,1,25.06864,121.5107,11
500103004,20231119,1139,23,12,1,25.06864,121.5107,11
500103004,20231119,1141,23,12,1,25.06864,121.5107,11
500103004,20231119,1142,23,12,1,25.06864,121.5107,11
500103004,20231119,1143,23,12,1,25.06864,121.5107,11
500103004,20231119,1144,23,12,1,25.06864,121.5107,11
500103004,20231119,1145,23,12,1,25.06864,121.5107,11
500103004,20231119,1146,23,12,1,25.06864,121.5107,11
500103004,20231119,1147,23,12,1,25.06864,121.5107,11
500103004,20231119,1148,23,12,1,25.06864,121.5107,11
500103004,20231119,1149,23,13,1,25.06864,121.5107,10
500103004,20231119,1150,23,15,1,25.06864,121.5107,8
500103004,20231119,1151,23,15,1,25.06864,121.5107,8
500103004,20231119,1152,23,15,1,25.06864,121.5107,8
500103004,20231119,1153,23,14,1,25.06864,121.5107,9
500103004,20231119,1154,23,16,1,25.06864,121.5107,7
500103004,20231119,1155,23,16,1,25.06864,121.5107,7
500103004,20231119,1156,23,17,1,25.06864,121.5107,6
500103004,20231119,1157,23,17,1,25.06864,121.5107,6
500103004,20231119,1158,23,17,1,25.06864,121.5107,6
500103004,20231119,1159,23,17,1,25.06864,121.5107,6
500103004,20231119,1161,23,17,1,25.06864,121.5107,6
500103004,20231119,1162,23,16,1,25.06864,121.5107,7
500103004,20231119,1163,23,16,1,25.06864,121.5107,7
500103004,20231119,1164,23,16,1,25.06864,121.5107,7
500103004,20231119,1165,23,15,1,25.06864,121.5107,8
500103004,20231119,1166,23,15,1,25.06864,121.5107,8
500103004,20231119,1167,23,15,1,25.06864,121.5107,8
500103004,20231119,1168,23,15,1,25.06864,121.5107,8
500103004,20231119,1169,23,15,1,25.06864,121.5107,8
500103004,20231119,1171,23,15,1,25.06864,121.5107,8
500103004,20231119,1172,23,15,1,25.06864,121.5107,8
500103004,20231119,1173,23,15,1,25.06864,121.5107,8
500103004,20231119,1174,23,15,1,25.06864,121.5107,8
500103004,20231119,1175,23,15,1,25.06864,121.5107,8
500103004,20231119,1176,23,15,1,25.06864,121.5107,8
500103004,20231119,1177,23,15,1,25.06864,121.5107,8
500103004,20231119,1178,23,15,1,25.06864,121.5107,8
500103004,20231119,1179,23,15,1,25.06864,121.5107,8
500103004,20231119,1181,23,15,1,25.06864,121.5107,8
500103004,20231119,1182,23,15,1,25.06864,121.5107,8
500103004,20231119,1183,23,14,1,25.06864,121.5107,9
500103004,20231119,1184,23,14,1,25.06864,121.5107,9
500103004,20231119,1185,23,15,1,25.06864,121.5107,8
500103004,20231119,1186,23,14,1,25.06864,121.5107,9
500103004,20231119,1187,23,14,1,25.06864,121.5107,9
500103004,20231119,1188,23,15,1,25.06864,121.5107,8
500103004,20231119,1189,23,15,1,25.06864,121.5107,8
500103004,20231119,1191,23,15,1,25.06864,121.5107,8
500103004,20231119,1192,23,15,1,25.06864,121.5107,8
500103004,20231119,1193,23,15,1,25.06864,121.5107,8
500103004,20231119,1194,23,15,1,25.06864,121.5107,8
500103004,20231119,1195,23,15,1,25.06864,121.5107,8
500103004,20231119,1196,23,15,1,25.06864,121.5107,8
500103004,20231119,1197,23,15,1,25.06864,121.5107,8
500103004,20231119,1198,23,14,1,25.06864,121.5107,9
500103004,20231119,1199,23,14,1,25.06864,121.5107,9
500103004,20231119,1201,23,14,1,25.06864,121.5107,9
500103004,20231119,1202,23,14,1,25.06864,121.5107,9
500103004,20231119,1203,23,13,1,25.06864,121.5107,10
500103004,20231119,1204,23,13,1,25.06864,121.5107,10
500103004,20231119,1205,23,13,1,25.06864,121.5107,10
500103004,20231119,1206,23,13,1,25.06864,121.5107,10
500103004,20231119,1207,23,13,1,25.06864,121.5107,10
500103004,20231119,1208,23,13,1,25.06864,121.5107,10
500103004,20231119,1209,23,13,1,25.06864,121.5107,10
500103004,20231119,1211,23,12,1,25.06864,121.5107,11
500103004,20231119,1212,23,12,1,25.06864,121.5107,11
500103004,20231119,1213,23,12,1,25.06864,121.5107,11
500103004,20231119,1214,23,12,1,25.06864,121.5107,11
500103004,20231119,1215,23,10,1,25.06864,121.5107,13
500103004,20231119,1216,23,10,1,25.06864,121.5107,13
500103004,20231119,1217,23,10,1,25.06864,121.5107,13
500103004,20231119,1218,23,10,1,25.06864,121.5107,13
500103004,20231119,1219,23,12,1,25.06864,121.5107,11
500103004,20231119,1221,23,15,1,25.06864,121.5107,8
500103004,20231119,1222,23,17,1,25.06864,121.5107,6
500103004,20231119,1223,23,19,1,25.06864,121.5107,4
500103004,20231119,1224,23,19,1,25.06864,121.5107,4
500103004,20231119,1225,23,19,1,25.06864,121.5107,4
500103004,20231119,1226,23,19,1,25.06864,121.5107,4
500103004,20231119,1227,23,18,1,25.06864,121.5107,5
500103004,20231119,1228,23,20,1,25.06864,121.5107,3
500103004,20231119,1229,23,20,1,25.06864,121.5107,3
500103004,20231119,1231,23,19,1,25.06864,121.5107,4
500103004,20231119,1232,23,19,1,25.06864,121.5107,4
500103004,20231119,1233,23,19,1,25.06864,121.5107,4
500103004,20231119,1234,23,19,1,25.06864,121.5107,4
500103004,20231119,1235,23,19,1,25.06864,121.5107,4
500103004,20231119,1236,23,19,1,25.06864,121.5107,4
500103004,20231119,1237,23,19,1,25.06864,121.5107,4
500103004,20231119,1238,23,19,1,25.06864,121.5107,4
500103004,20231119,1239,23,19,1,25.06864,121.5107,4
500103004,20231119,1241,23,20,1,25.06864,121.5107,3
500103004,20231119,1242,23,20,1,25.06864,121.5107,3
500103004,20231119,1243,23,20,1,25.06864,121.5107,3
500103004,20231119,1244,23,20,1,25.06864,121.5107,3
500103004,20231119,1245,23,18,1,25.06864,121.5107,5
500103004,20231119,1246,23,18,1,25.06864,121.5107,5
500103004,20231119,1247,23,17,1,25.06864,121.5107,6
500103004,20231119,1248,23,17,1,25.06864,121.5107,6
500103004,20231119,1249,23,17,1,25.06864,121.5107,6
500103004,20231119,1251,23,17,1,25.06864,121.5107,6
500103004,20231119,1252,23,17,1,25.06864,121.5107,6
500103004,20231119,1253,23,17,1,25.06864,121.5107,6
500103004,20231119,1254,23,17,1,25.06864,121.5107,6
500103004,20231119,1255,23,17,1,25.06864,121.5107,6
500103004,20231119,1256,23,17,1,25.06864,121.5107,6
500103004,20231119,1257,23,17,1,25.06864,121.5107,6
500103004,20231119,1258,23,17,1,25.06864,121.5107,6
500103004,20231119,1259,23,17,1,25.06864,121.5107,6
500103004,20231119,1261,23,17,1,25.06864,121.5107,6
500103004,20231119,1262,23,17,1,25.06864,121.5107,6
500103004,20231119,1263,23,17,1,25.06864,121.5107,6
500103004,20231119,1264,23,17,1,25.06864,121.5107,6
500103004,20231119,1265,23,17,1,25.06864,121.5107,6
500103004,20231119,1266,23,17,1,25.06864,121.5107,6
500103004,20231119,1267,23,17,1,25.06864,121.5107,6
500103004,20231119,1268,23,17,1,25.06864,121.5107,6
500103004,20231119,1269,23,17,1,25.06864,121.5107,6
500103004,20231119,1271,23,17,1,25.06864,121.5107,6
500103004,20231119,1272,23,17,1,25.06864,121.5107,6
500103004,20231119,1273,23,17,1,25.06864,121.5107,6
500103004,20231119,1274,23,17,1,25.06864,121.5107,6
500103004,20231119,1275,23,17,1,25.06864,121.5107,6
500103004,20231119,1276,23,17,1,25.06864,121.5107,6
500103004,20231119,1277,23,17,1,25.06864,121.5107,6
500103004,20231119,1278,23,17,1,25.06864,121.5107,6
500103004,20231119,1279,23,16,1,25.06864,121.5107,7
500103004,20231119,1281,23,16,1,25.06864,121.5107,7
500103004,20231119,1282,23,16,1,25.06864,121.5107,7
500103004,20231119,1283,23,16,1,25.06864,121.5107,7
500103004,20231119,1284,23,16,1,25.06864,121.5107,7
500103004,20231119,1285,23,16,1,25.06864,121.5107,7
500103004,20231119,1286,23,16,1,25.06864,121.5107,7
500103004,20231119,1287,23,16,1,25.06864,121.5107,7
500103004,20231119,1288,23,16,1,25.06864,121.5107,7
500103004,20231119,1289,23,16,1,25.06864,121.5107,7
500103004,20231119,1290,23,16,1,25.06864,121.5107,7
500103004,20231119,1291,23,16,1,25.06864,121.5107,7
500103004,20231119,1292,23,16,1,25.06864,121.5107,7
500103004,20231119,1293,23,16,1,25.06864,121.5107,7
500103004,20231119,1294,23,16,1,25.06864,121.5107,7
500103004,20231119,1295,23,15,1,25.06864,121.5107,8
500103004,20231119,1296,23,15,1,25.06864,121.5107,8
500103004,20231119,1297,23,15,1,25.06864,121.5107,8
500103004,20231119,1298,23,15,1,25.06864,121.5107,8
500103004,20231119,1299,23,15,1,25.06864,121.5107,8
500103004,20231119,1300,23,16,1,25.06864,121.5107,7
500103004,20231119,1301,23,16,1,25.06864,121.5107,7
500103004,20231119,1302,23,16,1,25.06864,121.5107,7
500103004,20231119,1303,23,16,1,25.06864,121.5107,7
500103004,20231119,1304,23,16,1,25.06864,121.5107,7
500103004,20231119,1305,23,16,1,25.06864,121.5107,7
500103004,20231119,1306,23,16,1,25.06864,121.5107,7
500103004,20231119,1307,23,15,1,25.06864,121.5107,8
500103004,20231119,1308,23,15,1,25.06864,121.5107,8
500103004,20231119,1309,23,15,1,25.06864,121.5107,8
500103004,20231119,1310,23,15,1,25.06864,121.5107,8
500103004,20231119,1311,23,15,1,25.06864,121.5107,8
500103004,20231119,1312,23,15,1,25.06864,121.5107,8
500103004,20231119,1313,23,15,1,25.06864,121.5107,8
500103004,20231119,1314,23,15,1,25.06864,121.5107,8
500103004,20231119,1315,23,15,1,25.06864,121.5107,8
500103004,20231119,1316,23,15,1,25.06864,121.5107,8
500103004,20231119,1317,23,15,1,25.06864,121.5107,8
500103004,20231119,1318,23,15,1,25.06864,121.5107,8
500103004,20231119,1319,23,15,1,25.06864,121.5107,8
500103004,20231119,1321,23,15,1,25.06864,121.5107,8
500103004,20231119,1322,23,14,1,25.06864,121.5107,9
500103004,20231119,1323,23,14,1,25.06864,121.5107,9
500103004,20231119,1324,23,14,1,25.06864,121.5107,9
500103004,20231119,1325,23,14,1,25.06864,121.5107,9
500103004,20231119,1326,23,14,1,25.06864,121.5107,9
500103004,20231119,1327,23,14,1,25.06864,121.5107,9
500103004,20231119,1328,23,14,1,25.06864,121.5107,9
500103004,20231119,1329,23,14,1,25.06864,121.5107,9
500103004,20231119,1330,23,14,1,25.06864,121.5107,9
500103004,20231119,1331,23,14,1,25.06864,121.5107,9
500103004,20231119,1332,23,14,1,25.06864,121.5107,9
500103004,20231119,1333,23,14,1,25.06864,121.5107,9
500103004,20231119,1334,23,14,1,25.06864,121.5107,9
500103004,20231119,1335,23,14,1,25.06864,121.5107,9
500103004,20231119,1336,23,14,1,25.06864,121.5107,9
500103004,20231119,1337,23,14,1,25.06864,121.5107,9
500103004,20231119,1338,23,14,1,25.06864,121.5107,9
500103004,20231119,1339,23,14,1,25.06864,121.5107,9
500103004,20231119,1341,23,13,1,25.06864,121.5107,10
500103004,20231119,1342,23,13,1,25.06864,121.5107,10
500103004,20231119,1343,23,14,1,25.06864,121.5107,9
500103004,20231119,1344,23,13,1,25.06864,121.5107,10
500103004,20231119,1345,23,13,1,25.06864,121.5107,10
500103004,20231119,1346,23,13,1,25.06864,121.5107,10
500103004,20231119,1347,23,13,1,25.06864,121.5107,10
500103004,20231119,1348,23,12,1,25.06864,121.5107,11
500103004,20231119,1349,23,12,1,25.06864,121.5107,11
500103004,20231119,1350,23,12,1,25.06864,121.5107,11
500103004,20231119,1351,23,12,1,25.06864,121.5107,11
500103004,20231119,1352,23,12,1,25.06864,121.5107,11
500103004,20231119,1353,23,12,1,25.06864,121.5107,11
500103004,20231119,1354,23,12,1,25.06864,121.5107,11
500103004,20231119,1355,23,12,1,25.06864,121.5107,11
500103004,20231119,1356,23,12,1,25.06864,121.5107,11
500103004,20231119,1357,23,12,1,25.06864,121.5107,11
500103004,20231119,1358,23,12,1,25.06864,121.5107,11
500103004,20231119,1359,23,11,1,25.06864,121.5107,12
500103004,20231119,1360,23,11,1,25.06864,121.5107,12
500103004,20231119,1361,23,11,1,25.06864,121.5107,12
500103004,20231119,1362,23,11,1,25.06864,121.5107,12
500103004,20231119,1363,23,10,1,25.06864,121.5107,13
500103004,20231119,1364,23,10,1,25.06864,121.5107,13
500103004,20231119,1365,23,10,1,25.06864,121.5107,13
500103004,20231119,1366,23,10,1,25.06864,121.5107,13
500103004,20231119,1367,23,10,1,25.06864,121.5107,13
500103004,20231119,1368,23,8,1,25.06864,121.5107,15
500103004,20231119,1369,23,8,1,25.06864,121.5107,15
500103004,20231119,1370,23,8,1,25.06864,121.5107,15
500103004,20231119,1371,23,8,1,25.06864,121.5107,15
500103004,20231119,1372,23,8,1,25.06864,121.5107,15
500103004,20231119,1373,23,8,1,25.06864,121.5107,15
500103004,20231119,1374,23,8,1,25.06864,121.5107,15
500103004,20231119,1375,23,8,1,25.06864,121.5107,15
500103004,20231119,1376,23,8,1,25.06864,121.5107,15
500103004,20231119,1377,23,8,1,25.06864,121.5107,15
500103004,20231119,1378,23,8,1,25.06864,121.5107,15
500103004,20231119,1379,23,8,1,25.06864,121.5107,15
500103004,20231119,1381,23,8,1,25.06864,121.5107,15
500103004,20231119,1382,23,8,1,25.06864,121.5107,15
500103004,20231119,1383,23,8,1,25.06864,121.5107,15
500103004,20231119,1384,23,8,1,25.06864,121.5107,15
500103004,20231119,1385,23,8,1,25.06864,121.5107,15
500103004,20231119,1386,23,8,1,25.06864,121.5107,15
500103004,20231119,1387,23,8,1,25.06864,121.5107,15
500103004,20231119,1388,23,8,1,25.06864,121.5107,15
500103004,20231119,1389,23,8,1,25.06864,121.5107,15
500103004,20231119,1390,23,8,1,25.06864,121.5107,15
500103004,20231119,1391,23,8,1,25.06864,121.5107,15
500103004,20231119,1392,23,8,1,25.06864,121.5107,15
500103004,20231119,1393,23,8,1,25.06864,121.5107,15
500103004,20231119,1394,23,8,1,25.06864,121.5107,15
500103004,20231119,1395,23,8,1,25.06864,121.5107,15
500103004,20231119,1396,23,8,1,25.06864,121.5107,15
500103004,20231119,1397,23,8,1,25.06864,121.5107,15
500103004,20231119,1398,23,8,1,25.06864,121.5107,15
500103004,20231119,1399,23,7,1,25.06864,121.5107,16
500103004,20231119,1401,23,7,1,25.06864,121.5107,16
500103004,20231119,1402,23,7,1,25.06864,121.5107,16
500103004,20231119,1403,23,7,1,25.06864,121.5107,16
500103004,20231119,1404,23,7,1,25.06864,121.5107,16
500103004,20231119,1405,23,6,1,25.06864,121.5107,17
500103004,20231119,1406,23,6,1,25.06864,121.5107,17
500103004,20231119,1407,23,6,1,25.06864,121.5107,17
500103004,20231119,1408,23,6,1,25.06864,121.5107,17
500103004,20231119,1409,23,6,1,25.06864,121.5107,17
500103004,20231119,1410,23,7,1,25.06864,121.5107,16
500103004,20231119,1411,23,4,1,25.06864,121.5107,19
500103004,20231119,1412,23,3,1,25.06864,121.5107,20
500103004,20231119,1413,23,3,1,25.06864,121.5107,20
500103004,20231119,1414,23,3,1,25.06864,121.5107,20
500103004,20231119,1415,23,3,1,25.06864,121.5107,20
500103004,20231119,1416,23,3,1,25.06864,121.5107,20
500103004,20231119,1417,23,3,1,25.06864,121.5107,20
500103004,20231119,1418,23,3,1,25.06864,121.5107,20
500103004,20231119,1419,23,3,1,25.06864,121.5107,20
500103004,20231119,1420,23,3,1,25.06864,121.5107,20
500103004,20231119,1421,23,3,1,25.06864,121.5107,20
500103004,20231119,1422,23,3,1,25.06864,121.5107,20
500103004,20231119,1423,23,3,1,25.06864,121.5107,20
500103004,20231119,1424,23,3,1,25.06864,121.5107,20
500103004,20231119,1425,23,3,1,25.06864,121.5107,20
500103004,20231119,1426,23,3,1,25.06864,121.5107,20
500103004,20231119,1427,23,3,1,25.06864,121.5107,20
500103004,20231119,1428,23,3,1,25.06864,121.5107,20
500103004,20231119,1429,23,3,1,25.06864,121.5107,20
500103004,20231119,1430,23,3,1,25.06864,121.5107,20
500103004,20231119,1431,23,3,1,25.06864,121.5107,20
500103004,20231119,1432,23,2,1,25.06864,121.5107,21
500103004,20231119,1433,23,2,1,25.06864,121.5107,21
500103004,20231119,1434,23,2,1,25.06864,121.5107,21
500103004,20231119,1435,23,2,1,25.06864,121.5107,21
500103004,20231119,1436,23,2,1,25.06864,121.5107,21
500103004,20231119,1437,23,2,1,25.06864,121.5107,21
500103004,20231119,1438,23,2,1,25.06864,121.5107,21
500103004,20231119,1439,23,2,1,25.06864,121.5107,21
500103004,20231120,0,23,1,1,25.06864,121.5107,22
500103004,20231120,1,23,1,1,25.06864,121.5107,22
500103004,20231120,3,23,1,1,25.06864,121.5107,22
500103004,20231120,4,23,1,1,25.06864,121.5107,22
500103004,20231120,5,23,0,1,25.06864,121.5107,23
500103004,20231120,6,23,0,1,25.06864,121.5107,23
500103004,20231120,7,23,0,1,25.06864,121.5107,23
500103004,20231120,8,23,0,1,25.06864,121.5107,23
500103004,20231120,9,23,0,1,25.06864,121.5107,23
500103004,20231120,11,23,0,1,25.06864,121.5107,23
500103004,20231120,12,23,0,1,25.06864,121.5107,23
500103004,20231120,13,23,0,1,25.06864,121.5107,23
500103004,20231120,14,23,0,1,25.06864,121.5107,23
500103004,20231120,15,23,0,1,25.06864,121.5107,23
500103004,20231120,16,23,0,1,25.06864,121.5107,23
500103004,20231120,17,23,0,1,25.06864,121.5107,23
500103004,20231120,18,23,0,1,25.06864,121.5107,23
500103004,20231120,19,23,0,1,25.06864,121.5107,23
500103004,20231120,21,23,0,1,25.06864,121.5107,23
500103004,20231120,22,23,0,1,25.06864,121.5107,23
500103004,20231120,23,23,0,1,25.06864,121.5107,23
500103004,20231120,24,23,0,1,25.06864,121.5107,23
500103004,20231120,25,23,0,1,25.06864,121.5107,23
500103004,20231120,26,23,0,1,25.06864,121.5107,23
500103004,20231120,27,23,0,1,25.06864,121.5107,23
500103004,20231120,28,23,0,1,25.06864,121.5107,23
500103004,20231120,29,23,0,1,25.06864,121.5107,23
500103004,20231120,31,23,0,1,25.06864,121.5107,23
500103004,20231120,32,23,0,1,25.06864,121.5107,23
500103004,20231120,33,23,0,1,25.06864,121.5107,23
500103004,20231120,34,23,0,1,25.06864,121.5107,23
500103004,20231120,36,23,0,1,25.06864,121.5107,23
500103004,20231120,37,23,0,1,25.06864,121.5107,23
500103004,20231120,38,23,0,1,25.06864,121.5107,23
500103004,20231120,39,23,1,1,25.06864,121.5107,22
500103004,20231120,41,23,0,1,25.06864,121.5107,23
500103004,20231120,42,23,0,1,25.06864,121.5107,23
500103004,20231120,43,23,0,1,25.06864,121.5107,23
500103004,20231120,44,23,0,1,25.06864,121.5107,23
500103004,20231120,45,23,0,1,25.06864,121.5107,23
500103004,20231120,46,23,0,1,25.06864,121.5107,23
500103004,20231120,47,23,0,1,25.06864,121.5107,23
500103004,20231120,48,23,0,1,25.06864,121.5107,23
500103004,20231120,49,23,0,1,25.06864,121.5107,23
500103004,20231120,51,23,0,1,25.06864,121.5107,23
500103004,20231120,52,23,0,1,25.06864,121.5107,23
500103004,20231120,53,23,0,1,25.06864,121.5107,23
500103004,20231120,54,23,0,1,25.06864,121.5107,23
500103004,20231120,55,23,0,1,25.06864,121.5107,23
500103004,20231120,56,23,0,1,25.06864,121.5107,23
500103004,20231120,57,23,0,1,25.06864,121.5107,23
500103004,20231120,58,23,0,1,25.06864,121.5107,23
500103004,20231120,59,23,0,1,25.06864,121.5107,23
500103004,20231120,61,23,0,1,25.06864,121.5107,23
500103004,20231120,62,23,0,1,25.06864,121.5107,23
500103004,20231120,63,23,0,1,25.06864,121.5107,23
500103004,20231120,64,23,0,1,25.06864,121.5107,23
500103004,20231120,65,23,0,1,25.06864,121.5107,23
500103004,20231120,66,23,0,1,25.06864,121.5107,23
500103004,20231120,67,23,0,1,25.06864,121.5107,23
500103004,20231120,68,23,0,1,25.06864,121.5107,23
500103004,20231120,69,23,0,1,25.06864,121.5107,23
500103004,20231120,71,23,0,1,25.06864,121.5107,23
500103004,20231120,72,23,0,1,25.06864,121.5107,23
500103004,20231120,73,23,0,1,25.06864,121.5107,23
500103004,20231120,74,23,0,1,25.06864,121.5107,23
500103004,20231120,75,23,0,1,25.06864,121.5107,23
500103004,20231120,76,23,0,1,25.06864,121.5107,23
500103004,20231120,77,23,0,1,25.06864,121.5107,23
500103004,20231120,78,23,0,1,25.06864,121.5107,23
500103004,20231120,79,23,0,1,25.06864,121.5107,23
500103004,20231120,81,23,0,1,25.06864,121.5107,23
500103004,20231120,82,23,0,1,25.06864,121.5107,23
500103004,20231120,83,23,0,1,25.06864,121.5107,23
500103004,20231120,84,23,0,1,25.06864,121.5107,23
500103004,20231120,85,23,0,1,25.06864,121.5107,23
500103004,20231120,86,23,0,1,25.06864,121.5107,23
500103004,20231120,87,23,0,1,25.06864,121.5107,23
500103004,20231120,88,23,0,1,25.06864,121.5107,23
500103004,20231120,89,23,0,1,25.06864,121.5107,23
500103004,20231120,91,23,0,1,25.06864,121.5107,23
500103004,20231120,92,23,0,1,25.06864,121.5107,23
500103004,20231120,93,23,0,1,25.06864,121.5107,23
500103004,20231120,94,23,0,1,25.06864,121.5107,23
500103004,20231120,95,23,0,1,25.06864,121.5107,23
500103004,20231120,96,23,0,1,25.06864,121.5107,23
500103004,20231120,97,23,0,1,25.06864,121.5107,23
500103004,20231120,98,23,0,1,25.06864,121.5107,23
500103004,20231120,99,23,0,1,25.06864,121.5107,23
500103004,20231120,101,23,0,1,25.06864,121.5107,23
500103004,20231120,102,23,0,1,25.06864,121.5107,23
500103004,20231120,103,23,0,1,25.06864,121.5107,23
500103004,20231120,104,23,0,1,25.06864,121.5107,23
500103004,20231120,105,23,0,1,25.06864,121.5107,23
500103004,20231120,106,23,0,1,25.06864,121.5107,23
500103004,20231120,107,23,0,1,25.06864,121.5107,23
500103004,20231120,108,23,0,1,25.06864,121.5107,23
500103004,20231120,109,23,0,1,25.06864,121.5107,23
500103004,20231120,111,23,0,1,25.06864,121.5107,23
500103004,20231120,112,23,0,1,25.06864,121.5107,23
500103004,20231120,113,23,0,1,25.06864,121.5107,23
500103004,20231120,114,23,0,1,25.06864,121.5107,23
500103004,20231120,115,23,0,1,25.06864,121.5107,23
500103004,20231120,116,23,0,1,25.06864,121.5107,23
500103004,20231120,117,23,0,1,25.06864,121.5107,23
500103004,20231120,118,23,0,1,25.06864,121.5107,23
500103004,20231120,119,23,0,1,25.06864,121.5107,23
500103004,20231120,121,23,0,1,25.06864,121.5107,23
500103004,20231120,122,23,0,1,25.06864,121.5107,23
500103004,20231120,123,23,0,1,25.06864,121.5107,23
500103004,20231120,124,23,0,1,25.06864,121.5107,23
500103004,20231120,125,23,0,1,25.06864,121.5107,23
500103004,20231120,126,23,0,1,25.06864,121.5107,23
500103004,20231120,127,23,0,1,25.06864,121.5107,23
500103004,20231120,128,23,0,1,25.06864,121.5107,23
500103004,20231120,129,23,0,1,25.06864,121.5107,23
500103004,20231120,130,23,0,1,25.06864,121.5107,23
500103004,20231120,131,23,0,1,25.06864,121.5107,23
500103004,20231120,132,23,0,1,25.06864,121.5107,23
500103004,20231120,133,23,0,1,25.06864,121.5107,23
500103004,20231120,134,23,0,1,25.06864,121.5107,23
500103004,20231120,135,23,0,1,25.06864,121.5107,23
500103004,20231120,136,23,0,1,25.06864,121.5107,23
500103004,20231120,137,23,0,1,25.06864,121.5107,23
500103004,20231120,138,23,0,1,25.06864,121.5107,23
500103004,20231120,139,23,0,1,25.06864,121.5107,23
500103004,20231120,141,23,1,1,25.06864,121.5107,22
500103004,20231120,142,23,1,1,25.06864,121.5107,22
500103004,20231120,143,23,1,1,25.06864,121.5107,22
500103004,20231120,144,23,1,1,25.06864,121.5107,22
500103004,20231120,145,23,1,1,25.06864,121.5107,22
500103004,20231120,146,23,1,1,25.06864,121.5107,22
500103004,20231120,147,23,1,1,25.06864,121.5107,22
500103004,20231120,148,23,1,1,25.06864,121.5107,22
500103004,20231120,149,23,1,1,25.06864,121.5107,22
500103004,20231120,150,23,1,1,25.06864,121.5107,22
500103004,20231120,151,23,1,1,25.06864,121.5107,22
500103004,20231120,152,23,1,1,25.06864,121.5107,22
500103004,20231120,153,23,1,1,25.06864,121.5107,22
500103004,20231120,154,23,1,1,25.06864,121.5107,22
500103004,20231120,155,23,1,1,25.06864,121.5107,22
500103004,20231120,156,23,1,1,25.06864,121.5107,22
500103004,20231120,157,23,1,1,25.06864,121.5107,22
500103004,20231120,158,23,1,1,25.06864,121.5107,22
500103004,20231120,159,23,1,1,25.06864,121.5107,22
500103004,20231120,160,23,1,1,25.06864,121.5107,22
500103004,20231120,161,23,1,1,25.06864,121.5107,22
500103004,20231120,162,23,1,1,25.06864,121.5107,22
500103004,20231120,163,23,1,1,25.06864,121.5107,22
500103004,20231120,164,23,1,1,25.06864,121.5107,22
500103004,20231120,165,23,1,1,25.06864,121.5107,22
500103004,20231120,166,23,1,1,25.06864,121.5107,22
500103004,20231120,167,23,1,1,25.06864,121.5107,22
500103004,20231120,168,23,1,1,25.06864,121.5107,22
500103004,20231120,169,23,1,1,25.06864,121.5107,22
500103004,20231120,170,23,1,1,25.06864,121.5107,22
500103004,20231120,171,23,1,1,25.06864,121.5107,22
500103004,20231120,172,23,1,1,25.06864,121.5107,22
500103004,20231120,173,23,1,1,25.06864,121.5107,22
500103004,20231120,174,23,1,1,25.06864,121.5107,22
500103004,20231120,175,23,1,1,25.06864,121.5107,22
500103004,20231120,176,23,1,1,25.06864,121.5107,22
500103004,20231120,177,23,1,1,25.06864,121.5107,22
500103004,20231120,178,23,1,1,25.06864,121.5107,22
500103004,20231120,179,23,1,1,25.06864,121.5107,22
500103004,20231120,180,23,1,1,25.06864,121.5107,22
500103004,20231120,181,23,1,1,25.06864,121.5107,22
500103004,20231120,182,23,1,1,25.06864,121.5107,22
500103004,20231120,183,23,1,1,25.06864,121.5107,22
500103004,20231120,184,23,1,1,25.06864,121.5107,22
500103004,20231120,185,23,1,1,25.06864,121.5107,22
500103004,20231120,186,23,1,1,25.06864,121.5107,22
500103004,20231120,187,23,1,1,25.06864,121.5107,22
500103004,20231120,188,23,1,1,25.06864,121.5107,22
500103004,20231120,189,23,1,1,25.06864,121.5107,22
500103004,20231120,190,23,1,1,25.06864,121.5107,22
500103004,20231120,191,23,1,1,25.06864,121.5107,22
500103004,20231120,192,23,1,1,25.06864,121.5107,22
500103004,20231120,193,23,1,1,25.06864,121.5107,22
500103004,20231120,194,23,1,1,25.06864,121.5107,22
500103004,20231120,195,23,1,1,25.06864,121.5107,22
500103004,20231120,196,23,1,1,25.06864,121.5107,22
500103004,20231120,197,23,1,1,25.06864,121.5107,22
500103004,20231120,198,23,1,1,25.06864,121.5107,22
500103004,20231120,199,23,1,1,25.06864,121.5107,22
500103004,20231120,201,23,1,1,25.06864,121.5107,22
500103004,20231120,202,23,1,1,25.06864,121.5107,22
500103004,20231120,203,23,1,1,25.06864,121.5107,22
500103004,20231120,204,23,1,1,25.06864,121.5107,22
500103004,20231120,205,23,1,1,25.06864,121.5107,22
500103004,20231120,206,23,1,1,25.06864,121.5107,22
500103004,20231120,207,23,1,1,25.06864,121.5107,22
500103004,20231120,208,23,1,1,25.06864,121.5107,22
500103004,20231120,209,23,1,1,25.06864,121.5107,22
500103004,20231120,210,23,1,1,25.06864,121.5107,22
500103004,20231120,211,23,1,1,25.06864,121.5107,22
500103004,20231120,212,23,1,1,25.06864,121.5107,22
500103004,20231120,213,23,1,1,25.06864,121.5107,22
500103004,20231120,214,23,1,1,25.06864,121.5107,22
500103004,20231120,215,23,1,1,25.06864,121.5107,22
500103004,20231120,216,23,1,1,25.06864,121.5107,22
500103004,20231120,217,23,1,1,25.06864,121.5107,22
500103004,20231120,218,23,1,1,25.06864,121.5107,22
500103004,20231120,219,23,1,1,25.06864,121.5107,22
500103004,20231120,220,23,1,1,25.06864,121.5107,22
500103004,20231120,221,23,1,1,25.06864,121.5107,22
500103004,20231120,222,23,1,1,25.06864,121.5107,22
500103004,20231120,223,23,1,1,25.06864,121.5107,22
500103004,20231120,224,23,1,1,25.06864,121.5107,22
500103004,20231120,225,23,1,1,25.06864,121.5107,22
500103004,20231120,226,23,1,1,25.06864,121.5107,22
500103004,20231120,227,23,1,1,25.06864,121.5107,22
500103004,20231120,228,23,1,1,25.06864,121.5107,22
500103004,20231120,229,23,1,1,25.06864,121.5107,22
500103004,20231120,230,23,1,1,25.06864,121.5107,22
500103004,20231120,231,23,1,1,25.06864,121.5107,22
500103004,20231120,232,23,1,1,25.06864,121.5107,22
500103004,20231120,233,23,1,1,25.06864,121.5107,22
500103004,20231120,234,23,1,1,25.06864,121.5107,22
500103004,20231120,235,23,1,1,25.06864,121.5107,22
500103004,20231120,236,23,1,1,25.06864,121.5107,22
500103004,20231120,237,23,1,1,25.06864,121.5107,22
500103004,20231120,238,23,1,1,25.06864,121.5107,22
500103004,20231120,239,23,1,1,25.06864,121.5107,22
500103004,20231120,240,23,1,1,25.06864,121.5107,22
500103004,20231120,241,23,1,1,25.06864,121.5107,22
500103004,20231120,242,23,1,1,25.06864,121.5107,22
500103004,20231120,243,23,1,1,25.06864,121.5107,22
500103004,20231120,244,23,1,1,25.06864,121.5107,22
500103004,20231120,245,23,1,1,25.06864,121.5107,22
500103004,20231120,246,23,1,1,25.06864,121.5107,22
500103004,20231120,247,23,1,1,25.06864,121.5107,22
500103004,20231120,248,23,1,1,25.06864,121.5107,22
500103004,20231120,249,23,1,1,25.06864,121.5107,22
500103004,20231120,250,23,1,1,25.06864,121.5107,22
500103004,20231120,251,23,1,1,25.06864,121.5107,22
500103004,20231120,252,23,1,1,25.06864,121.5107,22
500103004,20231120,253,23,1,1,25.06864,121.5107,22
500103004,20231120,254,23,1,1,25.06864,121.5107,22
500103004,20231120,255,23,1,1,25.06864,121.5107,22
500103004,20231120,256,23,1,1,25.06864,121.5107,22
500103004,20231120,257,23,1,1,25.06864,121.5107,22
500103004,20231120,258,23,1,1,25.06864,121.5107,22
500103004,20231120,259,23,1,1,25.06864,121.5107,22
500103004,20231120,261,23,1,1,25.06864,121.5107,22
500103004,20231120,262,23,1,1,25.06864,121.5107,22
500103004,20231120,263,23,1,1,25.06864,121.5107,22
500103004,20231120,264,23,1,1,25.06864,121.5107,22
500103004,20231120,266,23,1,1,25.06864,121.5107,22
500103004,20231120,267,23,1,1,25.06864,121.5107,22
500103004,20231120,268,23,1,1,25.06864,121.5107,22
500103004,20231120,269,23,1,1,25.06864,121.5107,22
500103004,20231120,271,23,1,1,25.06864,121.5107,22
500103004,20231120,272,23,1,1,25.06864,121.5107,22
500103004,20231120,273,23,1,1,25.06864,121.5107,22
500103004,20231120,274,23,4,1,25.06864,121.5107,19
500103004,20231120,275,23,4,1,25.06864,121.5107,19
500103004,20231120,276,23,4,1,25.06864,121.5107,19
500103004,20231120,277,23,4,1,25.06864,121.5107,19
500103004,20231120,278,23,4,1,25.06864,121.5107,19
500103004,20231120,279,23,4,1,25.06864,121.5107,19
500103004,20231120,281,23,4,1,25.06864,121.5107,19
500103004,20231120,282,23,4,1,25.06864,121.5107,19
500103004,20231120,283,23,4,1,25.06864,121.5107,19
500103004,20231120,284,23,4,1,25.06864,121.5107,19
500103004,20231120,285,23,4,1,25.06864,121.5107,19
500103004,20231120,286,23,4,1,25.06864,121.5107,19
500103004,20231120,287,23,4,1,25.06864,121.5107,19
500103004,20231120,288,23,4,1,25.06864,121.5107,19
500103004,20231120,289,23,4,1,25.06864,121.5107,19
500103004,20231120,291,23,4,1,25.06864,121.5107,19
500103004,20231120,292,23,3,1,25.06864,121.5107,20
500103004,20231120,293,23,3,1,25.06864,121.5107,20
500103004,20231120,294,23,3,1,25.06864,121.5107,20
500103004,20231120,295,23,3,1,25.06864,121.5107,20
500103004,20231120,296,23,3,1,25.06864,121.5107,20
500103004,20231120,297,23,3,1,25.06864,121.5107,20
500103004,20231120,298,23,3,1,25.06864,121.5107,20
500103004,20231120,299,23,3,1,25.06864,121.5107,20
500103004,20231120,301,23,3,1,25.06864,121.5107,20
500103004,20231120,302,23,3,1,25.06864,121.5107,20
500103004,20231120,303,23,3,1,25.06864,121.5107,20
500103004,20231120,304,23,3,1,25.06864,121.5107,20
500103004,20231120,305,23,3,1,25.06864,121.5107,20
500103004,20231120,306,23,3,1,25.06864,121.5107,20
500103004,20231120,307,23,3,1,25.06864,121.5107,20
500103004,20231120,308,23,3,1,25.06864,121.5107,20
500103004,20231120,309,23,3,1,25.06864,121.5107,20
500103004,20231120,311,23,3,1,25.06864,121.5107,20
500103004,20231120,312,23,3,1,25.06864,121.5107,20
500103004,20231120,313,23,3,1,25.06864,121.5107,20
500103004,20231120,314,23,3,1,25.06864,121.5107,20
500103004,20231120,315,23,3,1,25.06864,121.5107,20
500103004,20231120,316,23,3,1,25.06864,121.5107,20
500103004,20231120,317,23,3,1,25.06864,121.5107,20
500103004,20231120,318,23,3,1,25.06864,121.5107,20
500103004,20231120,319,23,3,1,25.06864,121.5107,20
500103004,20231120,321,23,3,1,25.06864,121.5107,20
500103004,20231120,322,23,3,1,25.06864,121.5107,20
500103004,20231120,323,23,3,1,25.06864,121.5107,20
500103004,20231120,324,23,3,1,25.06864,121.5107,20
500103004,20231120,325,23,3,1,25.06864,121.5107,20
500103004,20231120,326,23,3,1,25.06864,121.5107,20
500103004,20231120,327,23,3,1,25.06864,121.5107,20
500103004,20231120,328,23,3,1,25.06864,121.5107,20
500103004,20231120,329,23,3,1,25.06864,121.5107,20
500103004,20231120,331,23,3,1,25.06864,121.5107,20
500103004,20231120,332,23,3,1,25.06864,121.5107,20
500103004,20231120,333,23,3,1,25.06864,121.5107,20
500103004,20231120,334,23,3,1,25.06864,121.5107,20
500103004,20231120,335,23,3,1,25.06864,121.5107,20
500103004,20231120,336,23,3,1,25.06864,121.5107,20
500103004,20231120,337,23,3,1,25.06864,121.5107,20
500103004,20231120,338,23,3,1,25.06864,121.5107,20
500103004,20231120,339,23,3,1,25.06864,121.5107,20
500103004,20231120,341,23,3,1,25.06864,121.5107,20
500103004,20231120,342,23,3,1,25.06864,121.5107,20
500103004,20231120,343,23,3,1,25.06864,121.5107,20
500103004,20231120,344,23,3,1,25.06864,121.5107,20
500103004,20231120,345,23,3,1,25.06864,121.5107,20
500103004,20231120,346,23,3,1,25.06864,121.5107,20
500103004,20231120,347,23,3,1,25.06864,121.5107,20
500103004,20231120,348,23,3,1,25.06864,121.5107,20
500103004,20231120,349,23,3,1,25.06864,121.5107,20
500103004,20231120,351,23,3,1,25.06864,121.5107,20
500103004,20231120,352,23,3,1,25.06864,121.5107,20
500103004,20231120,353,23,3,1,25.06864,121.5107,20
500103004,20231120,354,23,3,1,25.06864,121.5107,20
500103004,20231120,355,23,3,1,25.06864,121.5107,20
500103004,20231120,356,23,3,1,25.06864,121.5107,20
500103004,20231120,357,23,3,1,25.06864,121.5107,20
500103004,20231120,358,23,4,1,25.06864,121.5107,19
500103004,20231120,359,23,4,1,25.06864,121.5107,19
500103004,20231120,361,23,4,1,25.06864,121.5107,19
500103004,20231120,362,23,4,1,25.06864,121.5107,19
500103004,20231120,363,23,4,1,25.06864,121.5107,19
500103004,20231120,364,23,4,1,25.06864,121.5107,19
500103004,20231120,365,23,4,1,25.06864,121.5107,19
500103004,20231120,366,23,4,1,25.06864,121.5107,19
500103004,20231120,367,23,4,1,25.06864,121.5107,19
500103004,20231120,368,23,4,1,25.06864,121.5107,19
500103004,20231120,369,23,4,1,25.06864,121.5107,19
500103004,20231120,370,23,4,1,25.06864,121.5107,19
500103004,20231120,371,23,4,1,25.06864,121.5107,19
500103004,20231120,372,23,4,1,25.06864,121.5107,19
500103004,20231120,373,23,4,1,25.06864,121.5107,19
500103004,20231120,374,23,4,1,25.06864,121.5107,19
500103004,20231120,375,23,4,1,25.06864,121.5107,19
500103004,20231120,376,23,4,1,25.06864,121.5107,19
500103004,20231120,377,23,4,1,25.06864,121.5107,19
500103004,20231120,378,23,4,1,25.06864,121.5107,19
500103004,20231120,379,23,3,1,25.06864,121.5107,20
500103004,20231120,381,23,3,1,25.06864,121.5107,20
500103004,20231120,382,23,3,1,25.06864,121.5107,20
500103004,20231120,383,23,3,1,25.06864,121.5107,20
500103004,20231120,384,23,3,1,25.06864,121.5107,20
500103004,20231120,385,23,3,1,25.06864,121.5107,20
500103004,20231120,386,23,3,1,25.06864,121.5107,20
500103004,20231120,387,23,4,1,25.06864,121.5107,19
500103004,20231120,388,23,5,1,25.06864,121.5107,18
500103004,20231120,389,23,5,1,25.06864,121.5107,18
500103004,20231120,390,23,5,1,25.06864,121.5107,18
500103004,20231120,391,23,5,1,25.06864,121.5107,18
500103004,20231120,392,23,5,1,25.06864,121.5107,18
500103004,20231120,393,23,5,1,25.06864,121.5107,18
500103004,20231120,394,23,5,1,25.06864,121.5107,18
500103004,20231120,395,23,5,1,25.06864,121.5107,18
500103004,20231120,396,23,5,1,25.06864,121.5107,18
500103004,20231120,397,23,5,1,25.06864,121.5107,18
500103004,20231120,398,23,5,1,25.06864,121.5107,18
500103004,20231120,399,23,5,1,25.06864,121.5107,18
500103004,20231120,400,23,7,1,25.06864,121.5107,16
500103004,20231120,401,23,7,1,25.06864,121.5107,16
500103004,20231120,402,23,7,1,25.06864,121.5107,16
500103004,20231120,403,23,7,1,25.06864,121.5107,16
500103004,20231120,404,23,7,1,25.06864,121.5107,16
500103004,20231120,405,23,7,1,25.06864,121.5107,16
500103004,20231120,406,23,7,1,25.06864,121.5107,16
500103004,20231120,407,23,7,1,25.06864,121.5107,16
500103004,20231120,408,23,7,1,25.06864,121.5107,16
500103004,20231120,409,23,7,1,25.06864,121.5107,16
500103004,20231120,410,23,9,1,25.06864,121.5107,14
500103004,20231120,411,23,9,1,25.06864,121.5107,14
500103004,20231120,412,23,9,1,25.06864,121.5107,14
500103004,20231120,413,23,9,1,25.06864,121.5107,14
500103004,20231120,414,23,10,1,25.06864,121.5107,13
500103004,20231120,415,23,10,1,25.06864,121.5107,13
500103004,20231120,416,23,12,1,25.06864,121.5107,11
500103004,20231120,417,23,12,1,25.06864,121.5107,11
500103004,20231120,418,23,11,1,25.06864,121.5107,12
500103004,20231120,419,23,11,1,25.06864,121.5107,12
500103004,20231120,421,23,11,1,25.06864,121.5107,12
500103004,20231120,422,23,11,1,25.06864,121.5107,12
500103004,20231120,423,23,11,1,25.06864,121.5107,12
500103004,20231120,424,23,11,1,25.06864,121.5107,12
500103004,20231120,425,23,11,1,25.06864,121.5107,12
500103004,20231120,426,23,11,1,25.06864,121.5107,12
500103004,20231120,427,23,14,1,25.06864,121.5107,9
500103004,20231120,428,23,14,1,25.06864,121.5107,9
500103004,20231120,429,23,16,1,25.06864,121.5107,6
500103004,20231120,430,23,16,1,25.06864,121.5107,6
500103004,20231120,431,23,16,1,25.06864,121.5107,6
500103004,20231120,432,23,16,1,25.06864,121.5107,6
500103004,20231120,433,23,16,1,25.06864,121.5107,6
500103004,20231120,434,23,17,1,25.06864,121.5107,5
500103004,20231120,435,23,17,1,25.06864,121.5107,5
500103004,20231120,436,23,17,1,25.06864,121.5107,5
500103004,20231120,437,23,17,1,25.06864,121.5107,5
500103004,20231120,438,23,17,1,25.06864,121.5107,5
500103004,20231120,439,23,18,1,25.06864,121.5107,4
500103004,20231120,441,23,18,1,25.06864,121.5107,4
500103004,20231120,442,23,18,1,25.06864,121.5107,4
500103004,20231120,443,23,18,1,25.06864,121.5107,4
500103004,20231120,444,23,18,1,25.06864,121.5107,4
500103004,20231120,445,23,18,1,25.06864,121.5107,4
500103004,20231120,446,23,18,1,25.06864,121.5107,4
500103004,20231120,447,23,19,1,25.06864,121.5107,3
500103004,20231120,448,23,20,1,25.06864,121.5107,2
500103004,20231120,449,23,20,1,25.06864,121.5107,2
500103004,20231120,451,23,19,1,25.06864,121.5107,3
500103004,20231120,452,23,17,1,25.06864,121.5107,5
500103004,20231120,453,23,14,1,25.06864,121.5107,8
500103004,20231120,454,23,14,1,25.06864,121.5107,8
500103004,20231120,455,23,9,1,25.06864,121.5107,13
500103004,20231120,456,23,5,1,25.06864,121.5107,17
500103004,20231120,457,23,4,1,25.06864,121.5107,18
500103004,20231120,458,23,4,1,25.06864,121.5107,18
500103004,20231120,459,23,0,1,25.06864,121.5107,22
500103004,20231120,460,23,1,1,25.06864,121.5107,21
500103004,20231120,461,23,1,1,25.06864,121.5107,21
500103004,20231120,462,23,1,1,25.06864,121.5107,21
500103004,20231120,463,23,1,1,25.06864,121.5107,21
500103004,20231120,464,23,1,1,25.06864,121.5107,21
500103004,20231120,465,23,2,1,25.06864,121.5107,20
500103004,20231120,466,23,2,1,25.06864,121.5107,20
500103004,20231120,467,23,2,1,25.06864,121.5107,20
500103004,20231120,468,23,2,1,25.06864,121.5107,20
500103004,20231120,469,23,2,1,25.06864,121.5107,20
500103004,20231120,470,23,1,1,25.06864,121.5107,21
500103004,20231120,471,23,1,1,25.06864,121.5107,21
500103004,20231120,472,23,3,1,25.06864,121.5107,19
500103004,20231120,473,23,4,1,25.06864,121.5107,18
500103004,20231120,474,23,4,1,25.06864,121.5107,18
500103004,20231120,475,23,4,1,25.06864,121.5107,18
500103004,20231120,476,23,6,1,25.06864,121.5107,16
500103004,20231120,477,23,6,1,25.06864,121.5107,16
500103004,20231120,478,23,6,1,25.06864,121.5107,16
500103004,20231120,479,23,6,1,25.06864,121.5107,16
500103004,20231120,481,23,8,1,25.06864,121.5107,14
500103004,20231120,482,23,9,1,25.06864,121.5107,13
500103004,20231120,483,23,9,1,25.06864,121.5107,13
500103004,20231120,484,23,9,1,25.06864,121.5107,13
500103004,20231120,485,23,9,1,25.06864,121.5107,13
500103004,20231120,486,23,9,1,25.06864,121.5107,13
500103004,20231120,487,23,10,1,25.06864,121.5107,12
500103004,20231120,488,23,10,1,25.06864,121.5107,12
500103004,20231120,489,23,11,1,25.06864,121.5107,11
500103004,20231120,490,23,12,1,25.06864,121.5107,10
500103004,20231120,491,23,12,1,25.06864,121.5107,10
500103004,20231120,492,23,13,1,25.06864,121.5107,9
500103004,20231120,493,23,14,1,25.06864,121.5107,8
500103004,20231120,494,23,15,1,25.06864,121.5107,7
500103004,20231120,495,23,16,1,25.06864,121.5107,6
500103004,20231120,496,23,17,1,25.06864,121.5107,5
500103004,20231120,497,23,17,1,25.06864,121.5107,5
500103004,20231120,498,23,16,1,25.06864,121.5107,6
500103004,20231120,499,23,17,1,25.06864,121.5107,5
500103004,20231120,501,23,18,1,25.06864,121.5107,4
500103004,20231120,502,23,18,1,25.06864,121.5107,4
500103004,20231120,503,23,19,1,25.06864,121.5107,3
500103004,20231120,504,23,21,1,25.06864,121.5107,1
500103004,20231120,505,23,17,1,25.06864,121.5107,5
500103004,20231120,506,23,14,1,25.06864,121.5107,8
500103004,20231120,507,23,14,1,25.06864,121.5107,8
500103004,20231120,508,23,13,1,25.06864,121.5107,9
500103004,20231120,509,23,13,1,25.06864,121.5107,9
500103004,20231120,511,23,13,1,25.06864,121.5107,9
500103004,20231120,512,23,14,1,25.06864,121.5107,8
500103004,20231120,513,23,13,1,25.06864,121.5107,9
500103004,20231120,514,23,14,1,25.06864,121.5107,8
500103004,20231120,515,23,13,1,25.06864,121.5107,9
500103004,20231120,516,23,15,1,25.06864,121.5107,7
500103004,20231120,517,23,14,1,25.06864,121.5107,8
500103004,20231120,519,23,17,1,25.06864,121.5107,5
500103004,20231120,521,23,17,1,25.06864,121.5107,5
500103004,20231120,522,23,17,1,25.06864,121.5107,5
500103004,20231120,523,23,17,1,25.06864,121.5107,5
500103004,20231120,524,23,17,1,25.06864,121.5107,5
500103004,20231120,525,23,17,1,25.06864,121.5107,5
500103004,20231120,526,23,17,1,25.06864,121.5107,5
500103004,20231120,527,23,16,1,25.06864,121.5107,6
500103004,20231120,528,23,16,1,25.06864,121.5107,6
500103004,20231120,529,23,16,1,25.06864,121.5107,6
500103004,20231120,531,23,18,1,25.06864,121.5107,4
500103004,20231120,532,23,18,1,25.06864,121.5107,4
500103004,20231120,533,23,18,1,25.06864,121.5107,4
500103004,20231120,534,23,17,1,25.06864,121.5107,5
500103004,20231120,535,23,17,1,25.06864,121.5107,5
500103004,20231120,536,23,15,1,25.06864,121.5107,7
500103004,20231120,537,23,15,1,25.06864,121.5107,7
500103004,20231120,538,23,15,1,25.06864,121.5107,7
500103004,20231120,539,23,15,1,25.06864,121.5107,7
500103004,20231120,541,23,17,1,25.06864,121.5107,5
500103004,20231120,542,23,17,1,25.06864,121.5107,5
500103004,20231120,543,23,17,1,25.06864,121.5107,5
500103004,20231120,544,23,17,1,25.06864,121.5107,5
500103004,20231120,545,23,17,1,25.06864,121.5107,5
500103004,20231120,546,23,18,1,25.06864,121.5107,4
500103004,20231120,547,23,19,1,25.06864,121.5107,3
500103004,20231120,548,23,18,1,25.06864,121.5107,4
500103004,20231120,549,23,18,1,25.06864,121.5107,4
500103004,20231120,551,23,18,1,25.06864,121.5107,4
500103004,20231120,552,23,18,1,25.06864,121.5107,4
500103004,20231120,553,23,18,1,25.06864,121.5107,4
500103004,20231120,554,23,18,1,25.06864,121.5107,4
500103004,20231120,555,23,18,1,25.06864,121.5107,4
500103004,20231120,556,23,18,1,25.06864,121.5107,4
500103004,20231120,557,23,18,1,25.06864,121.5107,4
500103004,20231120,558,23,19,1,25.06864,121.5107,3
500103004,20231120,559,23,20,1,25.06864,121.5107,2
500103004,20231120,561,23,20,1,25.06864,121.5107,2
500103004,20231120,562,23,20,1,25.06864,121.5107,2
500103004,20231120,563,23,21,1,25.06864,121.5107,1
500103004,20231120,564,23,21,1,25.06864,121.5107,1
500103004,20231120,565,23,21,1,25.06864,121.5107,1
500103004,20231120,566,23,21,1,25.06864,121.5107,1
500103004,20231120,567,23,21,1,25.06864,121.5107,1
500103004,20231120,568,23,20,1,25.06864,121.5107,2
500103004,20231120,569,23,20,1,25.06864,121.5107,2
500103004,20231120,571,23,19,1,25.06864,121.5107,3
500103004,20231120,572,23,19,1,25.06864,121.5107,3
500103004,20231120,573,23,19,1,25.06864,121.5107,3
500103004,20231120,574,23,20,1,25.06864,121.5107,2
500103004,20231120,575,23,20,1,25.06864,121.5107,2
500103004,20231120,576,23,20,1,25.06864,121.5107,2
500103004,20231120,577,23,20,1,25.06864,121.5107,2
500103004,20231120,578,23,20,1,25.06864,121.5107,2
500103004,20231120,579,23,20,1,25.06864,121.5107,2
500103004,20231120,581,23,20,1,25.06864,121.5107,2
500103004,20231120,582,23,20,1,25.06864,121.5107,2
500103004,20231120,583,23,21,1,25.06864,121.5107,1
500103004,20231120,584,23,21,1,25.06864,121.5107,1
500103004,20231120,585,23,21,1,25.06864,121.5107,1
500103004,20231120,586,23,21,1,25.06864,121.5107,1
500103004,20231120,587,23,21,1,25.06864,121.5107,1
500103004,20231120,588,23,21,1,25.06864,121.5107,1
500103004,20231120,589,23,21,1,25.06864,121.5107,1
500103004,20231120,591,23,22,1,25.06864,121.5107,0
500103004,20231120,592,23,21,1,25.06864,121.5107,1
500103004,20231120,593,23,21,1,25.06864,121.5107,1
500103004,20231120,594,23,22,1,25.06864,121.5107,0
500103004,20231120,595,23,22,1,25.06864,121.5107,0
500103004,20231120,596,23,22,1,25.06864,121.5107,0
500103004,20231120,597,23,22,1,25.06864,121.5107,0
500103004,20231120,598,23,22,1,25.06864,121.5107,0
500103004,20231120,599,23,22,1,25.06864,121.5107,0
500103004,20231120,601,23,22,1,25.06864,121.5107,0
500103004,20231120,602,23,22,1,25.06864,121.5107,0
500103004,20231120,603,23,22,1,25.06864,121.5107,0
500103004,20231120,604,23,22,1,25.06864,121.5107,0
500103004,20231120,605,23,22,1,25.06864,121.5107,0
500103004,20231120,606,23,22,1,25.06864,121.5107,0
500103004,20231120,607,23,22,1,25.06864,121.5107,0
500103004,20231120,608,23,22,1,25.06864,121.5107,0
500103004,20231120,609,23,22,1,25.06864,121.5107,0
500103004,20231120,611,23,22,1,25.06864,121.5107,0
500103004,20231120,612,23,22,1,25.06864,121.5107,0
500103004,20231120,613,23,22,1,25.06864,121.5107,0
500103004,20231120,614,23,22,1,25.06864,121.5107,0
500103004,20231120,615,23,22,1,25.06864,121.5107,0
500103004,20231120,616,23,22,1,25.06864,121.5107,0
500103004,20231120,617,23,22,1,25.06864,121.5107,0
500103004,20231120,618,23,22,1,25.06864,121.5107,0
500103004,20231120,619,23,22,1,25.06864,121.5107,0
500103004,20231120,621,23,22,1,25.06864,121.5107,0
500103004,20231120,622,23,22,1,25.06864,121.5107,0
500103004,20231120,623,23,22,1,25.06864,121.5107,0
500103004,20231120,624,23,22,1,25.06864,121.5107,0
500103004,20231120,625,23,22,1,25.06864,121.5107,0
500103004,20231120,626,23,22,1,25.06864,121.5107,0
500103004,20231120,627,23,22,1,25.06864,121.5107,0
500103004,20231120,628,23,22,1,25.06864,121.5107,0
500103004,20231120,629,23,22,1,25.06864,121.5107,0
500103004,20231120,631,23,21,1,25.06864,121.5107,1
500103004,20231120,632,23,21,1,25.06864,121.5107,1
500103004,20231120,633,23,21,1,25.06864,121.5107,1
500103004,20231120,634,23,21,1,25.06864,121.5107,1
500103004,20231120,635,23,21,1,25.06864,121.5107,1
500103004,20231120,636,23,20,1,25.06864,121.5107,2
500103004,20231120,637,23,20,1,25.06864,121.5107,2
500103004,20231120,638,23,20,1,25.06864,121.5107,2
500103004,20231120,639,23,19,1,25.06864,121.5107,3
500103004,20231120,640,23,19,1,25.06864,121.5107,3
500103004,20231120,641,23,19,1,25.06864,121.5107,3
500103004,20231120,642,23,19,1,25.06864,121.5107,3
500103004,20231120,643,23,19,1,25.06864,121.5107,3
500103004,20231120,644,23,19,1,25.06864,121.5107,3
500103004,20231120,645,23,19,1,25.06864,121.5107,3
500103004,20231120,646,23,20,1,25.06864,121.5107,2
500103004,20231120,647,23,20,1,25.06864,121.5107,2
500103004,20231120,648,23,20,1,25.06864,121.5107,2
500103004,20231120,649,23,20,1,25.06864,121.5107,2
500103004,20231120,650,23,20,1,25.06864,121.5107,2
500103004,20231120,651,23,20,1,25.06864,121.5107,2
500103004,20231120,652,23,20,1,25.06864,121.5107,2
500103004,20231120,653,23,20,1,25.06864,121.5107,2
500103004,20231120,654,23,20,1,25.06864,121.5107,2
500103004,20231120,655,23,20,1,25.06864,121.5107,2
500103004,20231120,656,23,20,1,25.06864,121.5107,2
500103004,20231120,657,23,21,1,25.06864,121.5107,1
500103004,20231120,658,23,21,1,25.06864,121.5107,1
500103004,20231120,659,23,21,1,25.06864,121.5107,1
500103004,20231120,661,23,22,1,25.06864,121.5107,0
500103004,20231120,662,23,22,1,25.06864,121.5107,0
500103004,20231120,663,23,22,1,25.06864,121.5107,0
500103004,20231120,664,23,22,1,25.06864,121.5107,0
500103004,20231120,665,23,22,1,25.06864,121.5107,0
500103004,20231120,666,23,22,1,25.06864,121.5107,0
500103004,20231120,667,23,22,1,25.06864,121.5107,0
500103004,20231120,668,23,22,1,25.06864,121.5107,0
500103004,20231120,669,23,22,1,25.06864,121.5107,0
500103004,20231120,670,23,22,1,25.06864,121.5107,0
500103004,20231120,671,23,22,1,25.06864,121.5107,0
500103004,20231120,672,23,22,1,25.06864,121.5107,0
500103004,20231120,673,23,22,1,25.06864,121.5107,0
500103004,20231120,674,23,22,1,25.06864,121.5107,0
500103004,20231120,675,23,22,1,25.06864,121.5107,0
500103004,20231120,676,23,22,1,25.06864,121.5107,0
500103004,20231120,677,23,22,1,25.06864,121.5107,0
500103004,20231120,678,23,22,1,25.06864,121.5107,0
500103004,20231120,679,23,22,1,25.06864,121.5107,0
500103004,20231120,681,23,22,1,25.06864,121.5107,0
500103004,20231120,682,23,22,1,25.06864,121.5107,0
500103004,20231120,683,23,22,1,25.06864,121.5107,0
500103004,20231120,684,23,22,1,25.06864,121.5107,0
500103004,20231120,685,23,22,1,25.06864,121.5107,0
500103004,20231120,686,23,22,1,25.06864,121.5107,0
500103004,20231120,687,23,22,1,25.06864,121.5107,0
500103004,20231120,688,23,22,1,25.06864,121.5107,0
500103004,20231120,689,23,22,1,25.06864,121.5107,0
500103004,20231120,690,23,22,1,25.06864,121.5107,0
500103004,20231120,691,23,22,1,25.06864,121.5107,0
500103004,20231120,692,23,21,1,25.06864,121.5107,1
500103004,20231120,693,23,21,1,25.06864,121.5107,1
500103004,20231120,694,23,21,1,25.06864,121.5107,1
500103004,20231120,695,23,21,1,25.06864,121.5107,1
500103004,20231120,696,23,21,1,25.06864,121.5107,1
500103004,20231120,697,23,21,1,25.06864,121.5107,1
500103004,20231120,698,23,21,1,25.06864,121.5107,1
500103004,20231120,699,23,22,1,25.06864,121.5107,0
500103004,20231120,700,23,22,1,25.06864,121.5107,0
500103004,20231120,701,23,22,1,25.06864,121.5107,0
500103004,20231120,702,23,22,1,25.06864,121.5107,0
500103004,20231120,703,23,22,1,25.06864,121.5107,0
500103004,20231120,704,23,22,1,25.06864,121.5107,0
500103004,20231120,705,23,22,1,25.06864,121.5107,0
500103004,20231120,706,23,22,1,25.06864,121.5107,0
500103004,20231120,707,23,22,1,25.06864,121.5107,0
500103004,20231120,708,23,22,1,25.06864,121.5107,0
500103004,20231120,709,23,22,1,25.06864,121.5107,0
500103004,20231120,710,23,22,1,25.06864,121.5107,0
500103004,20231120,711,23,22,1,25.06864,121.5107,0
500103004,20231120,712,23,22,1,25.06864,121.5107,0
500103004,20231120,713,23,22,1,25.06864,121.5107,0
500103004,20231120,714,23,21,1,25.06864,121.5107,1
500103004,20231120,715,23,21,1,25.06864,121.5107,1
500103004,20231120,716,23,21,1,25.06864,121.5107,1
500103004,20231120,717,23,21,1,25.06864,121.5107,1
500103004,20231120,718,23,21,1,25.06864,121.5107,1
500103004,20231120,719,23,21,1,25.06864,121.5107,1
500103004,20231120,721,23,21,1,25.06864,121.5107,1
500103004,20231120,722,23,21,1,25.06864,121.5107,1
500103004,20231120,723,23,21,1,25.06864,121.5107,1
500103004,20231120,724,23,21,1,25.06864,121.5107,1
500103004,20231120,725,23,21,1,25.06864,121.5107,1
500103004,20231120,726,23,21,1,25.06864,121.5107,1
500103004,20231120,727,23,21,1,25.06864,121.5107,1
500103004,20231120,728,23,21,1,25.06864,121.5107,1
500103004,20231120,729,23,21,1,25.06864,121.5107,1
500103004,20231120,730,23,21,1,25.06864,121.5107,1
500103004,20231120,731,23,21,1,25.06864,121.5107,1
500103004,20231120,732,23,21,1,25.06864,121.5107,1
500103004,20231120,733,23,21,1,25.06864,121.5107,1
500103004,20231120,734,23,21,1,25.06864,121.5107,1
500103004,20231120,735,23,21,1,25.06864,121.5107,1
500103004,20231120,736,23,21,1,25.06864,121.5107,1
500103004,20231120,737,23,20,1,25.06864,121.5107,2
500103004,20231120,738,23,20,1,25.06864,121.5107,2
500103004,20231120,739,23,20,1,25.06864,121.5107,2
500103004,20231120,741,23,20,1,25.06864,121.5107,2
500103004,20231120,742,23,20,1,25.06864,121.5107,2
500103004,20231120,743,23,20,1,25.06864,121.5107,2
500103004,20231120,744,23,20,1,25.06864,121.5107,2
500103004,20231120,745,23,20,1,25.06864,121.5107,2
500103004,20231120,746,23,20,1,25.06864,121.5107,2
500103004,20231120,747,23,20,1,25.06864,121.5107,2
500103004,20231120,748,23,20,1,25.06864,121.5107,2
500103004,20231120,749,23,20,1,25.06864,121.5107,2
500103004,20231120,751,23,19,1,25.06864,121.5107,3
500103004,20231120,752,23,19,1,25.06864,121.5107,3
500103004,20231120,753,23,19,1,25.06864,121.5107,3
500103004,20231120,754,23,19,1,25.06864,121.5107,3
500103004,20231120,755,23,19,1,25.06864,121.5107,3
500103004,20231120,756,23,20,1,25.06864,121.5107,2
500103004,20231120,757,23,20,1,25.06864,121.5107,2
500103004,20231120,758,23,21,1,25.06864,121.5107,1
500103004,20231120,759,23,21,1,25.06864,121.5107,1
500103004,20231120,760,23,21,1,25.06864,121.5107,1
500103004,20231120,761,23,21,1,25.06864,121.5107,1
500103004,20231120,762,23,21,1,25.06864,121.5107,1
500103004,20231120,763,23,21,1,25.06864,121.5107,1
500103004,20231120,764,23,22,1,25.06864,121.5107,0
500103004,20231120,765,23,21,1,25.06864,121.5107,1
500103004,20231120,766,23,21,1,25.06864,121.5107,1
500103004,20231120,767,23,21,1,25.06864,121.5107,1
500103004,20231120,768,23,21,1,25.06864,121.5107,1
500103004,20231120,769,23,21,1,25.06864,121.5107,1
500103004,20231120,770,23,21,1,25.06864,121.5107,1
500103004,20231120,771,23,21,1,25.06864,121.5107,1
500103004,20231120,772,23,20,1,25.06864,121.5107,2
500103004,20231120,773,23,19,1,25.06864,121.5107,3
500103004,20231120,774,23,19,1,25.06864,121.5107,3
500103004,20231120,775,23,19,1,25.06864,121.5107,3
500103004,20231120,776,23,19,1,25.06864,121.5107,3
500103004,20231120,777,23,19,1,25.06864,121.5107,3
500103004,20231120,778,23,19,1,25.06864,121.5107,3
500103004,20231120,779,23,19,1,25.06864,121.5107,3
500103004,20231120,781,23,19,1,25.06864,121.5107,3
500103004,20231120,782,23,19,1,25.06864,121.5107,3
500103004,20231120,783,23,19,1,25.06864,121.5107,3
500103004,20231120,784,23,19,1,25.06864,121.5107,3
500103004,20231120,786,23,19,1,25.06864,121.5107,3
500103004,20231120,787,23,19,1,25.06864,121.5107,3
500103004,20231120,788,23,19,1,25.06864,121.5107,3
500103004,20231120,789,23,19,1,25.06864,121.5107,3
500103004,20231120,791,23,19,1,25.06864,121.5107,3
500103004,20231120,792,23,19,1,25.06864,121.5107,3
500103004,20231120,793,23,19,1,25.06864,121.5107,3
500103004,20231120,794,23,19,1,25.06864,121.5107,3
500103004,20231120,795,23,19,1,25.06864,121.5107,3
500103004,20231120,796,23,19,1,25.06864,121.5107,3
500103004,20231120,797,23,19,1,25.06864,121.5107,3
500103004,20231120,798,23,19,1,25.06864,121.5107,3
500103004,20231120,799,23,19,1,25.06864,121.5107,3
500103004,20231120,801,23,20,1,25.06864,121.5107,2
500103004,20231120,802,23,20,1,25.06864,121.5107,2
500103004,20231120,803,23,20,1,25.06864,121.5107,2
500103004,20231120,804,23,20,1,25.06864,121.5107,2
500103004,20231120,805,23,20,1,25.06864,121.5107,2
500103004,20231120,806,23,21,1,25.06864,121.5107,1
500103004,20231120,808,23,21,1,25.06864,121.5107,1
500103004,20231120,809,23,21,1,25.06864,121.5107,1
500103004,20231120,811,23,21,1,25.06864,121.5107,1
500103004,20231120,812,23,21,1,25.06864,121.5107,1
500103004,20231120,813,23,21,1,25.06864,121.5107,1
500103004,20231120,814,23,21,1,25.06864,121.5107,1
500103004,20231120,815,23,20,1,25.06864,121.5107,2
500103004,20231120,816,23,20,1,25.06864,121.5107,2
500103004,20231120,817,23,20,1,25.06864,121.5107,2
500103004,20231120,818,23,20,1,25.06864,121.5107,2
500103004,20231120,819,23,20,1,25.06864,121.5107,2
500103004,20231120,821,23,20,1,25.06864,121.5107,2
500103004,20231120,822,23,20,1,25.06864,121.5107,2
500103004,20231120,823,23,20,1,25.06864,121.5107,2
500103004,20231120,824,23,21,1,25.06864,121.5107,1
500103004,20231120,825,23,21,1,25.06864,121.5107,1
500103004,20231120,826,23,21,1,25.06864,121.5107,1
500103004,20231120,827,23,21,1,25.06864,121.5107,1
500103004,20231120,828,23,21,1,25.06864,121.5107,1
500103004,20231120,829,23,21,1,25.06864,121.5107,1
500103004,20231120,831,23,21,1,25.06864,121.5107,1
500103004,20231120,832,23,21,1,25.06864,121.5107,1
500103004,20231120,833,23,21,1,25.06864,121.5107,1
500103004,20231120,834,23,21,1,25.06864,121.5107,1
500103004,20231120,835,23,21,1,25.06864,121.5107,1
500103004,20231120,836,23,20,1,25.06864,121.5107,2
500103004,20231120,837,23,20,1,25.06864,121.5107,2
500103004,20231120,838,23,20,1,25.06864,121.5107,2
500103004,20231120,839,23,20,1,25.06864,121.5107,2
500103004,20231120,841,23,21,1,25.06864,121.5107,1
500103004,20231120,842,23,21,1,25.06864,121.5107,1
500103004,20231120,843,23,21,1,25.06864,121.5107,1
500103004,20231120,844,23,21,1,25.06864,121.5107,1
500103004,20231120,845,23,21,1,25.06864,121.5107,1
500103004,20231120,846,23,22,1,25.06864,121.5107,0
500103004,20231120,847,23,22,1,25.06864,121.5107,0
500103004,20231120,848,23,22,1,25.06864,121.5107,0
500103004,20231120,849,23,22,1,25.06864,121.5107,0
500103004,20231120,851,23,22,1,25.06864,121.5107,0
500103004,20231120,852,23,22,1,25.06864,121.5107,0
500103004,20231120,853,23,22,1,25.06864,121.5107,0
500103004,20231120,854,23,22,1,25.06864,121.5107,0
500103004,20231120,855,23,22,1,25.06864,121.5107,0
500103004,20231120,856,23,22,1,25.06864,121.5107,0
500103004,20231120,857,23,22,1,25.06864,121.5107,0
500103004,20231120,858,23,22,1,25.06864,121.5107,0
500103004,20231120,859,23,22,1,25.06864,121.5107,0
500103004,20231120,861,23,22,1,25.06864,121.5107,0
500103004,20231120,862,23,22,1,25.06864,121.5107,0
500103004,20231120,863,23,22,1,25.06864,121.5107,0
500103004,20231120,864,23,22,1,25.06864,121.5107,0
500103004,20231120,865,23,22,1,25.06864,121.5107,0
500103004,20231120,866,23,22,1,25.06864,121.5107,0
500103004,20231120,867,23,22,1,25.06864,121.5107,0
500103004,20231120,868,23,22,1,25.06864,121.5107,0
500103004,20231120,869,23,22,1,25.06864,121.5107,0
500103004,20231120,871,23,22,1,25.06864,121.5107,0
500103004,20231120,872,23,22,1,25.06864,121.5107,0
500103004,20231120,873,23,22,1,25.06864,121.5107,0
500103004,20231120,874,23,21,1,25.06864,121.5107,1
500103004,20231120,875,23,21,1,25.06864,121.5107,1
500103004,20231120,876,23,22,1,25.06864,121.5107,0
500103004,20231120,877,23,22,1,25.06864,121.5107,0
500103004,20231120,878,23,22,1,25.06864,121.5107,0
500103004,20231120,879,23,22,1,25.06864,121.5107,0
500103004,20231120,881,23,22,1,25.06864,121.5107,0
500103004,20231120,882,23,22,1,25.06864,121.5107,0
500103004,20231120,883,23,21,1,25.06864,121.5107,1
500103004,20231120,884,23,21,1,25.06864,121.5107,1
500103004,20231120,885,23,21,1,25.06864,121.5107,1
500103004,20231120,886,23,21,1,25.06864,121.5107,1
500103004,20231120,887,23,21,1,25.06864,121.5107,1
500103004,20231120,888,23,20,1,25.06864,121.5107,2
500103004,20231120,889,23,20,1,25.06864,121.5107,2
500103004,20231120,891,23,20,1,25.06864,121.5107,2
500103004,20231120,892,23,20,1,25.06864,121.5107,2
500103004,20231120,893,23,20,1,25.06864,121.5107,2
500103004,20231120,894,23,20,1,25.06864,121.5107,2
500103004,20231120,895,23,20,1,25.06864,121.5107,2
500103004,20231120,896,23,20,1,25.06864,121.5107,2
500103004,20231120,897,23,20,1,25.06864,121.5107,2
500103004,20231120,898,23,20,1,25.06864,121.5107,2
500103004,20231120,899,23,20,1,25.06864,121.5107,2
500103004,20231120,901,23,20,1,25.06864,121.5107,2
500103004,20231120,902,23,20,1,25.06864,121.5107,2
500103004,20231120,903,23,20,1,25.06864,121.5107,2
500103004,20231120,904,23,19,1,25.06864,121.5107,3
500103004,20231120,905,23,19,1,25.06864,121.5107,3
500103004,20231120,906,23,19,1,25.06864,121.5107,3
500103004,20231120,907,23,18,1,25.06864,121.5107,4
500103004,20231120,908,23,18,1,25.06864,121.5107,4
500103004,20231120,909,23,18,1,25.06864,121.5107,4
500103004,20231120,910,23,17,1,25.06864,121.5107,5
500103004,20231120,911,23,17,1,25.06864,121.5107,5
500103004,20231120,912,23,17,1,25.06864,121.5107,5
500103004,20231120,913,23,17,1,25.06864,121.5107,5
500103004,20231120,914,23,17,1,25.06864,121.5107,5
500103004,20231120,915,23,17,1,25.06864,121.5107,5
500103004,20231120,916,23,17,1,25.06864,121.5107,5
500103004,20231120,917,23,17,1,25.06864,121.5107,5
500103004,20231120,918,23,17,1,25.06864,121.5107,5
500103004,20231120,919,23,17,1,25.06864,121.5107,5
500103004,20231120,921,23,18,1,25.06864,121.5107,4
500103004,20231120,922,23,18,1,25.06864,121.5107,4
500103004,20231120,923,23,18,1,25.06864,121.5107,4
500103004,20231120,924,23,18,1,25.06864,121.5107,4
500103004,20231120,925,23,18,1,25.06864,121.5107,4
500103004,20231120,926,23,18,1,25.06864,121.5107,4
500103004,20231120,927,23,18,1,25.06864,121.5107,4
500103004,20231120,928,23,18,1,25.06864,121.5107,4
500103004,20231120,929,23,18,1,25.06864,121.5107,4
500103004,20231120,931,23,18,1,25.06864,121.5107,4
500103004,20231120,932,23,19,1,25.06864,121.5107,3
500103004,20231120,933,23,19,1,25.06864,121.5107,3
500103004,20231120,934,23,19,1,25.06864,121.5107,3
500103004,20231120,935,23,20,1,25.06864,121.5107,2
500103004,20231120,936,23,20,1,25.06864,121.5107,2
500103004,20231120,937,23,20,1,25.06864,121.5107,2
500103004,20231120,938,23,20,1,25.06864,121.5107,2
500103004,20231120,939,23,20,1,25.06864,121.5107,2
500103004,20231120,940,23,20,1,25.06864,121.5107,2
500103004,20231120,941,23,20,1,25.06864,121.5107,2
500103004,20231120,942,23,20,1,25.06864,121.5107,2
500103004,20231120,943,23,20,1,25.06864,121.5107,2
500103004,20231120,944,23,20,1,25.06864,121.5107,2
500103004,20231120,945,23,19,1,25.06864,121.5107,3
500103004,20231120,946,23,19,1,25.06864,121.5107,3
500103004,20231120,947,23,19,1,25.06864,121.5107,3
500103004,20231120,948,23,19,1,25.06864,121.5107,3
500103004,20231120,949,23,19,1,25.06864,121.5107,3
500103004,20231120,950,23,19,1,25.06864,121.5107,3
500103004,20231120,951,23,19,1,25.06864,121.5107,3
500103004,20231120,952,23,19,1,25.06864,121.5107,3
500103004,20231120,953,23,18,1,25.06864,121.5107,4
500103004,20231120,954,23,18,1,25.06864,121.5107,4
500103004,20231120,955,23,18,1,25.06864,121.5107,4
500103004,20231120,956,23,18,1,25.06864,121.5107,4
500103004,20231120,957,23,18,1,25.06864,121.5107,4
500103004,20231120,958,23,18,1,25.06864,121.5107,4
500103004,20231120,959,23,17,1,25.06864,121.5107,5
500103004,20231120,961,23,17,1,25.06864,121.5107,5
500103004,20231120,962,23,17,1,25.06864,121.5107,5
500103004,20231120,963,23,17,1,25.06864,121.5107,5
500103004,20231120,964,23,17,1,25.06864,121.5107,5
500103004,20231120,965,23,17,1,25.06864,121.5107,5
500103004,20231120,966,23,18,1,25.06864,121.5107,4
500103004,20231120,967,23,18,1,25.06864,121.5107,4
500103004,20231120,968,23,18,1,25.06864,121.5107,4
500103004,20231120,969,23,18,1,25.06864,121.5107,4
500103004,20231120,970,23,18,1,25.06864,121.5107,4
500103004,20231120,971,23,18,1,25.06864,121.5107,4
500103004,20231120,972,23,19,1,25.06864,121.5107,3
500103004,20231120,973,23,18,1,25.06864,121.5107,4
500103004,20231120,974,23,18,1,25.06864,121.5107,4
500103004,20231120,975,23,18,1,25.06864,121.5107,4
500103004,20231120,976,23,18,1,25.06864,121.5107,4
500103004,20231120,977,23,17,1,25.06864,121.5107,5
500103004,20231120,978,23,17,1,25.06864,121.5107,5
500103004,20231120,979,23,17,1,25.06864,121.5107,5
500103004,20231120,981,23,17,1,25.06864,121.5107,5
500103004,20231120,982,23,17,1,25.06864,121.5107,5
500103004,20231120,983,23,16,1,25.06864,121.5107,6
500103004,20231120,984,23,15,1,25.06864,121.5107,7
500103004,20231120,985,23,15,1,25.06864,121.5107,7
500103004,20231120,986,23,15,1,25.06864,121.5107,7
500103004,20231120,987,23,15,1,25.06864,121.5107,7
500103004,20231120,988,23,15,1,25.06864,121.5107,7
500103004,20231120,989,23,15,1,25.06864,121.5107,7
500103004,20231120,991,23,15,1,25.06864,121.5107,7
500103004,20231120,992,23,15,1,25.06864,121.5107,7
500103004,20231120,993,23,16,1,25.06864,121.5107,6
500103004,20231120,994,23,15,1,25.06864,121.5107,7
500103004,20231120,995,23,16,1,25.06864,121.5107,6
500103004,20231120,996,23,16,1,25.06864,121.5107,6
500103004,20231120,997,23,16,1,25.06864,121.5107,6
500103004,20231120,998,23,16,1,25.06864,121.5107,6
500103004,20231120,999,23,16,1,25.06864,121.5107,6
500103004,20231120,1000,23,16,1,25.06864,121.5107,6
500103004,20231120,1001,23,16,1,25.06864,121.5107,6
500103004,20231120,1002,23,15,1,25.06864,121.5107,7
500103004,20231120,1003,23,15,1,25.06864,121.5107,7
500103004,20231120,1004,23,15,1,25.06864,121.5107,7
500103004,20231120,1005,23,15,1,25.06864,121.5107,7
500103004,20231120,1006,23,15,1,25.06864,121.5107,7
500103004,20231120,1007,23,16,1,25.06864,121.5107,6
500103004,20231120,1008,23,16,1,25.06864,121.5107,6
500103004,20231120,1009,23,16,1,25.06864,121.5107,6
500103004,20231120,1010,23,17,1,25.06864,121.5107,5
500103004,20231120,1011,23,17,1,25.06864,121.5107,5
500103004,20231120,1012,23,17,1,25.06864,121.5107,5
500103004,20231120,1013,23,17,1,25.06864,121.5107,5
500103004,20231120,1014,23,17,1,25.06864,121.5107,5
500103004,20231120,1015,23,17,1,25.06864,121.5107,5
500103004,20231120,1016,23,17,1,25.06864,121.5107,5
500103004,20231120,1017,23,17,1,25.06864,121.5107,5
500103004,20231120,1018,23,17,1,25.06864,121.5107,5
500103004,20231120,1019,23,17,1,25.06864,121.5107,5
500103004,20231120,1021,23,17,1,25.06864,121.5107,5
500103004,20231120,1022,23,18,1,25.06864,121.5107,4
500103004,20231120,1023,23,18,1,25.06864,121.5107,4
500103004,20231120,1024,23,18,1,25.06864,121.5107,4
500103004,20231120,1025,23,18,1,25.06864,121.5107,4
500103004,20231120,1026,23,17,1,25.06864,121.5107,5
500103004,20231120,1027,23,17,1,25.06864,121.5107,5
500103004,20231120,1028,23,17,1,25.06864,121.5107,5
500103004,20231120,1029,23,17,1,25.06864,121.5107,5
500103004,20231120,1030,23,17,1,25.06864,121.5107,5
500103004,20231120,1031,23,18,1,25.06864,121.5107,4
500103004,20231120,1032,23,18,1,25.06864,121.5107,4
500103004,20231120,1033,23,18,1,25.06864,121.5107,4
500103004,20231120,1034,23,18,1,25.06864,121.5107,4
500103004,20231120,1035,23,18,1,25.06864,121.5107,4
500103004,20231120,1036,23,16,1,25.06864,121.5107,6
500103004,20231120,1037,23,17,1,25.06864,121.5107,5
500103004,20231120,1038,23,17,1,25.06864,121.5107,5
500103004,20231120,1039,23,18,1,25.06864,121.5107,4
500103004,20231120,1041,23,18,1,25.06864,121.5107,4
500103004,20231120,1042,23,18,1,25.06864,121.5107,4
500103004,20231120,1043,23,19,1,25.06864,121.5107,3
500103004,20231120,1044,23,19,1,25.06864,121.5107,3
500103004,20231120,1045,23,19,1,25.06864,121.5107,3
500103004,20231120,1046,23,19,1,25.06864,121.5107,3
500103004,20231120,1047,23,19,1,25.06864,121.5107,3
500103004,20231120,1048,23,19,1,25.06864,121.5107,3
500103004,20231120,1049,23,18,1,25.06864,121.5107,4
500103004,20231120,1051,23,18,1,25.06864,121.5107,4
500103004,20231120,1052,23,18,1,25.06864,121.5107,4
500103004,20231120,1053,23,18,1,25.06864,121.5107,4
500103004,20231120,1054,23,18,1,25.06864,121.5107,4
500103004,20231120,1055,23,18,1,25.06864,121.5107,4
500103004,20231120,1056,23,18,1,25.06864,121.5107,4
500103004,20231120,1057,23,18,1,25.06864,121.5107,4
500103004,20231120,1058,23,18,1,25.06864,121.5107,4
500103004,20231120,1059,23,18,1,25.06864,121.5107,4
500103004,20231120,1060,23,17,1,25.06864,121.5107,5
500103004,20231120,1061,23,17,1,25.06864,121.5107,5
500103004,20231120,1062,23,17,1,25.06864,121.5107,5
500103004,20231120,1063,23,17,1,25.06864,121.5107,5
500103004,20231120,1065,23,17,1,25.06864,121.5107,5
500103004,20231120,1066,23,18,1,25.06864,121.5107,4
500103004,20231120,1067,23,19,1,25.06864,121.5107,3
500103004,20231120,1068,23,19,1,25.06864,121.5107,3
500103004,20231120,1069,23,19,1,25.06864,121.5107,3
500103004,20231120,1071,23,19,1,25.06864,121.5107,3
500103004,20231120,1072,23,19,1,25.06864,121.5107,3
500103004,20231120,1073,23,19,1,25.06864,121.5107,3
500103004,20231120,1074,23,20,1,25.06864,121.5107,2
500103004,20231120,1075,23,20,1,25.06864,121.5107,2
500103004,20231120,1076,23,20,1,25.06864,121.5107,2
500103004,20231120,1077,23,20,1,25.06864,121.5107,2
500103004,20231120,1078,23,21,1,25.06864,121.5107,1
500103004,20231120,1079,23,21,1,25.06864,121.5107,1
500103004,20231120,1081,23,20,1,25.06864,121.5107,2
500103004,20231120,1082,23,19,1,25.06864,121.5107,3
500103004,20231120,1083,23,18,1,25.06864,121.5107,4
500103004,20231120,1084,23,19,1,25.06864,121.5107,3
500103004,20231120,1085,23,19,1,25.06864,121.5107,3
500103004,20231120,1086,23,19,1,25.06864,121.5107,3
500103004,20231120,1087,23,19,1,25.06864,121.5107,3
500103004,20231120,1088,23,19,1,25.06864,121.5107,3
500103004,20231120,1089,23,19,1,25.06864,121.5107,3
500103004,20231120,1091,23,18,1,25.06864,121.5107,4
500103004,20231120,1092,23,17,1,25.06864,121.5107,5
500103004,20231120,1093,23,18,1,25.06864,121.5107,4
500103004,20231120,1094,23,18,1,25.06864,121.5107,4
500103004,20231120,1095,23,17,1,25.06864,121.5107,5
500103004,20231120,1096,23,17,1,25.06864,121.5107,5
500103004,20231120,1097,23,17,1,25.06864,121.5107,5
500103004,20231120,1098,23,17,1,25.06864,121.5107,5
500103004,20231120,1099,23,16,1,25.06864,121.5107,6
500103004,20231120,1101,23,16,1,25.06864,121.5107,6
500103004,20231120,1102,23,16,1,25.06864,121.5107,6
500103004,20231120,1103,23,16,1,25.06864,121.5107,6
500103004,20231120,1104,23,16,1,25.06864,121.5107,6
500103004,20231120,1105,23,16,1,25.06864,121.5107,6
500103004,20231120,1106,23,15,1,25.06864,121.5107,7
500103004,20231120,1107,23,14,1,25.06864,121.5107,8
500103004,20231120,1108,23,14,1,25.06864,121.5107,8
500103004,20231120,1109,23,15,1,25.06864,121.5107,7
500103004,20231120,1111,23,15,1,25.06864,121.5107,7
500103004,20231120,1112,23,15,1,25.06864,121.5107,7
500103004,20231120,1113,23,14,1,25.06864,121.5107,8
500103004,20231120,1114,23,14,1,25.06864,121.5107,8
500103004,20231120,1115,23,14,1,25.06864,121.5107,8
500103004,20231120,1116,23,14,1,25.06864,121.5107,8
500103004,20231120,1117,23,12,1,25.06864,121.5107,10
500103004,20231120,1118,23,12,1,25.06864,121.5107,10
500103004,20231120,1119,23,12,1,25.06864,121.5107,10
500103004,20231120,1121,23,11,1,25.06864,121.5107,11
500103004,20231120,1122,23,11,1,25.06864,121.5107,11
500103004,20231120,1123,23,11,1,25.06864,121.5107,11
500103004,20231120,1124,23,11,1,25.06864,121.5107,11
500103004,20231120,1125,23,11,1,25.06864,121.5107,11
500103004,20231120,1126,23,10,1,25.06864,121.5107,12
500103004,20231120,1127,23,10,1,25.06864,121.5107,12
500103004,20231120,1128,23,11,1,25.06864,121.5107,11
500103004,20231120,1129,23,11,1,25.06864,121.5107,11
500103004,20231120,1131,23,10,1,25.06864,121.5107,12
500103004,20231120,1132,23,10,1,25.06864,121.5107,12
500103004,20231120,1133,23,9,1,25.06864,121.5107,13
500103004,20231120,1134,23,6,1,25.06864,121.5107,16
500103004,20231120,1135,23,6,1,25.06864,121.5107,16
500103004,20231120,1136,23,6,1,25.06864,121.5107,16
500103004,20231120,1137,23,5,1,25.06864,121.5107,17
500103004,20231120,1138,23,4,1,25.06864,121.5107,18
500103004,20231120,1139,23,4,1,25.06864,121.5107,18
500103004,20231120,1141,23,3,1,25.06864,121.5107,19
500103004,20231120,1142,23,3,1,25.06864,121.5107,19
500103004,20231120,1143,23,4,1,25.06864,121.5107,18
500103004,20231120,1144,23,4,1,25.06864,121.5107,18
500103004,20231120,1145,23,4,1,25.06864,121.5107,18
500103004,20231120,1146,23,4,1,25.06864,121.5107,18
500103004,20231120,1147,23,4,1,25.06864,121.5107,18
500103004,20231120,1148,23,4,1,25.06864,121.5107,18
500103004,20231120,1149,23,3,1,25.06864,121.5107,19
500103004,20231120,1150,23,3,1,25.06864,121.5107,19
500103004,20231120,1151,23,3,1,25.06864,121.5107,19
500103004,20231120,1152,23,5,1,25.06864,121.5107,17
500103004,20231120,1153,23,11,1,25.06864,121.5107,11
500103004,20231120,1154,23,13,1,25.06864,121.5107,9
500103004,20231120,1155,23,13,1,25.06864,121.5107,9
500103004,20231120,1156,23,13,1,25.06864,121.5107,9
500103004,20231120,1157,23,13,1,25.06864,121.5107,9
500103004,20231120,1158,23,16,1,25.06864,121.5107,6
500103004,20231120,1159,23,20,1,25.06864,121.5107,2
500103004,20231120,1161,23,21,1,25.06864,121.5107,1
500103004,20231120,1162,23,21,1,25.06864,121.5107,1
500103004,20231120,1163,23,21,1,25.06864,121.5107,1
500103004,20231120,1164,23,20,1,25.06864,121.5107,2
500103004,20231120,1165,23,19,1,25.06864,121.5107,3
500103004,20231120,1166,23,19,1,25.06864,121.5107,3
500103004,20231120,1167,23,19,1,25.06864,121.5107,3
500103004,20231120,1168,23,19,1,25.06864,121.5107,3
500103004,20231120,1169,23,20,1,25.06864,121.5107,2
500103004,20231120,1171,23,20,1,25.06864,121.5107,2
500103004,20231120,1172,23,20,1,25.06864,121.5107,2
500103004,20231120,1173,23,19,1,25.06864,121.5107,3
500103004,20231120,1174,23,19,1,25.06864,121.5107,3
500103004,20231120,1175,23,19,1,25.06864,121.5107,3
500103004,20231120,1176,23,19,1,25.06864,121.5107,3
500103004,20231120,1177,23,19,1,25.06864,121.5107,3
500103004,20231120,1178,23,19,1,25.06864,121.5107,3
500103004,20231120,1179,23,19,1,25.06864,121.5107,3
500103004,20231120,1180,23,19,1,25.06864,121.5107,3
500103004,20231120,1181,23,20,1,25.06864,121.5107,2
500103004,20231120,1182,23,20,1,25.06864,121.5107,2
500103004,20231120,1183,23,20,1,25.06864,121.5107,2
500103004,20231120,1184,23,20,1,25.06864,121.5107,2
500103004,20231120,1185,23,20,1,25.06864,121.5107,2
500103004,20231120,1186,23,20,1,25.06864,121.5107,2
500103004,20231120,1187,23,20,1,25.06864,121.5107,2
500103004,20231120,1188,23,20,1,25.06864,121.5107,2
500103004,20231120,1189,23,21,1,25.06864,121.5107,1
500103004,20231120,1190,23,22,1,25.06864,121.5107,0
500103004,20231120,1191,23,22,1,25.06864,121.5107,0
500103004,20231120,1192,23,22,1,25.06864,121.5107,0
500103004,20231120,1193,23,22,1,25.06864,121.5107,0
500103004,20231120,1194,23,22,1,25.06864,121.5107,0
500103004,20231120,1195,23,22,1,25.06864,121.5107,0
500103004,20231120,1196,23,22,1,25.06864,121.5107,0
500103004,20231120,1197,23,22,1,25.06864,121.5107,0
500103004,20231120,1198,23,22,1,25.06864,121.5107,0
500103004,20231120,1199,23,22,1,25.06864,121.5107,0
500103004,20231120,1201,23,22,1,25.06864,121.5107,0
500103004,20231120,1202,23,22,1,25.06864,121.5107,0
500103004,20231120,1203,23,21,1,25.06864,121.5107,1
500103004,20231120,1204,23,21,1,25.06864,121.5107,1
500103004,20231120,1205,23,21,1,25.06864,121.5107,1
500103004,20231120,1206,23,21,1,25.06864,121.5107,1
500103004,20231120,1207,23,21,1,25.06864,121.5107,1
500103004,20231120,1208,23,22,1,25.06864,121.5107,0
500103004,20231120,1209,23,22,1,25.06864,121.5107,0
500103004,20231120,1210,23,22,1,25.06864,121.5107,0
500103004,20231120,1211,23,22,1,25.06864,121.5107,0
500103004,20231120,1212,23,22,1,25.06864,121.5107,0
500103004,20231120,1213,23,21,1,25.06864,121.5107,1
500103004,20231120,1214,23,22,1,25.06864,121.5107,0
500103004,20231120,1215,23,22,1,25.06864,121.5107,0
500103004,20231120,1216,23,22,1,25.06864,121.5107,0
500103004,20231120,1217,23,22,1,25.06864,121.5107,0
500103004,20231120,1218,23,22,1,25.06864,121.5107,0
500103004,20231120,1219,23,22,1,25.06864,121.5107,0
500103004,20231120,1221,23,22,1,25.06864,121.5107,0
500103004,20231120,1222,23,22,1,25.06864,121.5107,0
500103004,20231120,1223,23,22,1,25.06864,121.5107,0
500103004,20231120,1224,23,22,1,25.06864,121.5107,0
500103004,20231120,1225,23,22,1,25.06864,121.5107,0
500103004,20231120,1226,23,22,1,25.06864,121.5107,0
500103004,20231120,1227,23,22,1,25.06864,121.5107,0
500103004,20231120,1228,23,22,1,25.06864,121.5107,0
500103004,20231120,1229,23,22,1,25.06864,121.5107,0
500103004,20231120,1231,23,22,1,25.06864,121.5107,0
500103004,20231120,1232,23,22,1,25.06864,121.5107,0
500103004,20231120,1233,23,22,1,25.06864,121.5107,0
500103004,20231120,1234,23,22,1,25.06864,121.5107,0
500103004,20231120,1235,23,21,1,25.06864,121.5107,1
500103004,20231120,1236,23,21,1,25.06864,121.5107,1
500103004,20231120,1237,23,21,1,25.06864,121.5107,1
500103004,20231120,1238,23,21,1,25.06864,121.5107,1
500103004,20231120,1239,23,20,1,25.06864,121.5107,2
500103004,20231120,1240,23,19,1,25.06864,121.5107,3
500103004,20231120,1241,23,20,1,25.06864,121.5107,2
500103004,20231120,1242,23,20,1,25.06864,121.5107,2
500103004,20231120,1243,23,20,1,25.06864,121.5107,2
500103004,20231120,1244,23,19,1,25.06864,121.5107,3
500103004,20231120,1245,23,19,1,25.06864,121.5107,3
500103004,20231120,1246,23,19,1,25.06864,121.5107,3
500103004,20231120,1247,23,19,1,25.06864,121.5107,3
500103004,20231120,1248,23,18,1,25.06864,121.5107,4
500103004,20231120,1249,23,18,1,25.06864,121.5107,4
500103004,20231120,1250,23,16,1,25.06864,121.5107,6
500103004,20231120,1251,23,16,1,25.06864,121.5107,6
500103004,20231120,1252,23,16,1,25.06864,121.5107,6
500103004,20231120,1253,23,17,1,25.06864,121.5107,5
500103004,20231120,1254,23,17,1,25.06864,121.5107,5
500103004,20231120,1255,23,17,1,25.06864,121.5107,5
500103004,20231120,1256,23,13,1,25.06864,121.5107,9
500103004,20231120,1257,23,13,1,25.06864,121.5107,9
500103004,20231120,1258,23,13,1,25.06864,121.5107,9
500103004,20231120,1259,23,13,1,25.06864,121.5107,9
500103004,20231120,1261,23,14,1,25.06864,121.5107,8
500103004,20231120,1262,23,14,1,25.06864,121.5107,8
500103004,20231120,1263,23,14,1,25.06864,121.5107,8
500103004,20231120,1264,23,13,1,25.06864,121.5107,9
500103004,20231120,1265,23,14,1,25.06864,121.5107,8
500103004,20231120,1266,23,14,1,25.06864,121.5107,8
500103004,20231120,1267,23,14,1,25.06864,121.5107,8
500103004,20231120,1268,23,14,1,25.06864,121.5107,8
500103004,20231120,1269,23,14,1,25.06864,121.5107,8
500103004,20231120,1270,23,15,1,25.06864,121.5107,7
500103004,20231120,1271,23,15,1,25.06864,121.5107,7
500103004,20231120,1272,23,15,1,25.06864,121.5107,7
500103004,20231120,1273,23,15,1,25.06864,121.5107,7
500103004,20231120,1274,23,15,1,25.06864,121.5107,7
500103004,20231120,1275,23,15,1,25.06864,121.5107,7
500103004,20231120,1276,23,15,1,25.06864,121.5107,7
500103004,20231120,1277,23,15,1,25.06864,121.5107,7
500103004,20231120,1278,23,15,1,25.06864,121.5107,7
500103004,20231120,1279,23,15,1,25.06864,121.5107,7
500103004,20231120,1281,23,15,1,25.06864,121.5107,7
500103004,20231120,1282,23,15,1,25.06864,121.5107,7
500103004,20231120,1283,23,15,1,25.06864,121.5107,7
500103004,20231120,1284,23,15,1,25.06864,121.5107,7
500103004,20231120,1285,23,15,1,25.06864,121.5107,7
500103004,20231120,1286,23,15,1,25.06864,121.5107,7
500103004,20231120,1287,23,15,1,25.06864,121.5107,7
500103004,20231120,1288,23,15,1,25.06864,121.5107,7
500103004,20231120,1289,23,15,1,25.06864,121.5107,7
500103004,20231120,1291,23,15,1,25.06864,121.5107,7
500103004,20231120,1292,23,15,1,25.06864,121.5107,7
500103004,20231120,1293,23,15,1,25.06864,121.5107,7
500103004,20231120,1294,23,15,1,25.06864,121.5107,7
500103004,20231120,1295,23,15,1,25.06864,121.5107,7
500103004,20231120,1296,23,15,1,25.06864,121.5107,7
500103004,20231120,1297,23,15,1,25.06864,121.5107,7
500103004,20231120,1298,23,15,1,25.06864,121.5107,7
500103004,20231120,1299,23,15,1,25.06864,121.5107,7
500103004,20231120,1300,23,16,1,25.06864,121.5107,6
500103004,20231120,1301,23,16,1,25.06864,121.5107,6
500103004,20231120,1302,23,15,1,25.06864,121.5107,7
500103004,20231120,1303,23,14,1,25.06864,121.5107,8
500103004,20231120,1304,23,13,1,25.06864,121.5107,9
500103004,20231120,1305,23,13,1,25.06864,121.5107,9
500103004,20231120,1306,23,12,1,25.06864,121.5107,10
500103004,20231120,1307,23,12,1,25.06864,121.5107,10
500103004,20231120,1308,23,13,1,25.06864,121.5107,9
500103004,20231120,1309,23,13,1,25.06864,121.5107,9
500103004,20231120,1310,23,12,1,25.06864,121.5107,10
500103004,20231120,1311,23,12,1,25.06864,121.5107,10
500103004,20231120,1312,23,12,1,25.06864,121.5107,10
500103004,20231120,1313,23,13,1,25.06864,121.5107,9
500103004,20231120,1314,23,13,1,25.06864,121.5107,9
500103004,20231120,1315,23,13,1,25.06864,121.5107,9
500103004,20231120,1316,23,13,1,25.06864,121.5107,9
500103004,20231120,1317,23,13,1,25.06864,121.5107,9
500103004,20231120,1318,23,13,1,25.06864,121.5107,9
500103004,20231120,1319,23,13,1,25.06864,121.5107,9
500103004,20231120,1321,23,12,1,25.06864,121.5107,10
500103004,20231120,1322,23,12,1,25.06864,121.5107,10
500103004,20231120,1323,23,12,1,25.06864,121.5107,10
500103004,20231120,1324,23,11,1,25.06864,121.5107,11
500103004,20231120,1325,23,11,1,25.06864,121.5107,11
500103004,20231120,1326,23,11,1,25.06864,121.5107,11
500103004,20231120,1327,23,10,1,25.06864,121.5107,12
500103004,20231120,1328,23,10,1,25.06864,121.5107,12
500103004,20231120,1329,23,10,1,25.06864,121.5107,12
500103004,20231120,1330,23,10,1,25.06864,121.5107,12
500103004,20231120,1331,23,10,1,25.06864,121.5107,12
500103004,20231120,1332,23,10,1,25.06864,121.5107,12
500103004,20231120,1333,23,10,1,25.06864,121.5107,12
500103004,20231120,1334,23,10,1,25.06864,121.5107,12
500103004,20231120,1335,23,11,1,25.06864,121.5107,11
500103004,20231120,1336,23,11,1,25.06864,121.5107,11
500103004,20231120,1337,23,11,1,25.06864,121.5107,11
500103004,20231120,1338,23,11,1,25.06864,121.5107,11
500103004,20231120,1339,23,11,1,25.06864,121.5107,11
500103004,20231120,1341,23,11,1,25.06864,121.5107,11
500103004,20231120,1342,23,11,1,25.06864,121.5107,11
500103004,20231120,1343,23,11,1,25.06864,121.5107,11
500103004,20231120,1345,23,10,1,25.06864,121.5107,12
500103004,20231120,1346,23,10,1,25.06864,121.5107,12
500103004,20231120,1347,23,10,1,25.06864,121.5107,12
500103004,20231120,1349,23,10,1,25.06864,121.5107,12
500103004,20231120,1350,23,10,1,25.06864,121.5107,12
500103004,20231120,1351,23,9,1,25.06864,121.5107,13
500103004,20231120,1352,23,9,1,25.06864,121.5107,13
500103004,20231120,1353,23,9,1,25.06864,121.5107,13
500103004,20231120,1354,23,9,1,25.06864,121.5107,13
500103004,20231120,1355,23,9,1,25.06864,121.5107,13
500103004,20231120,1356,23,9,1,25.06864,121.5107,13
500103004,20231120,1357,23,9,1,25.06864,121.5107,13
500103004,20231120,1358,23,9,1,25.06864,121.5107,13
500103004,20231120,1359,23,9,1,25.06864,121.5107,13
500103004,20231120,1360,23,9,1,25.06864,121.5107,13
500103004,20231120,1361,23,7,1,25.06864,121.5107,15
500103004,20231120,1362,23,7,1,25.06864,121.5107,15
500103004,20231120,1363,23,7,1,25.06864,121.5107,15
500103004,20231120,1364,23,7,1,25.06864,121.5107,15
500103004,20231120,1365,23,7,1,25.06864,121.5107,15
500103004,20231120,1366,23,7,1,25.06864,121.5107,15
500103004,20231120,1367,23,7,1,25.06864,121.5107,15
500103004,20231120,1368,23,7,1,25.06864,121.5107,15
500103004,20231120,1369,23,7,1,25.06864,121.5107,15
500103004,20231120,1370,23,7,1,25.06864,121.5107,15
500103004,20231120,1371,23,7,1,25.06864,121.5107,15
500103004,20231120,1372,23,6,1,25.06864,121.5107,16
500103004,20231120,1373,23,6,1,25.06864,121.5107,16
500103004,20231120,1374,23,6,1,25.06864,121.5107,16
500103004,20231120,1376,23,4,1,25.06864,121.5107,18
500103004,20231120,1377,23,4,1,25.06864,121.5107,18
500103004,20231120,1378,23,4,1,25.06864,121.5107,18
500103004,20231120,1379,23,4,1,25.06864,121.5107,18
500103004,20231120,1381,23,3,1,25.06864,121.5107,19
500103004,20231120,1382,23,3,1,25.06864,121.5107,19
500103004,20231120,1383,23,3,1,25.06864,121.5107,19
500103004,20231120,1384,23,3,1,25.06864,121.5107,19
500103004,20231120,1385,23,3,1,25.06864,121.5107,19
500103004,20231120,1386,23,3,1,25.06864,121.5107,19
500103004,20231120,1387,23,3,1,25.06864,121.5107,19
500103004,20231120,1388,23,3,1,25.06864,121.5107,19
500103004,20231120,1389,23,3,1,25.06864,121.5107,19
500103004,20231120,1390,23,3,1,25.06864,121.5107,19
500103004,20231120,1391,23,4,1,25.06864,121.5107,18
500103004,20231120,1392,23,4,1,25.06864,121.5107,18
500103004,20231120,1393,23,4,1,25.06864,121.5107,18
500103004,20231120,1394,23,4,1,25.06864,121.5107,18
500103004,20231120,1395,23,4,1,25.06864,121.5107,18
500103004,20231120,1396,23,4,1,25.06864,121.5107,18
500103004,20231120,1397,23,4,1,25.06864,121.5107,18
500103004,20231120,1398,23,5,1,25.06864,121.5107,17
500103004,20231120,1399,23,5,1,25.06864,121.5107,17
500103004,20231120,1401,23,5,1,25.06864,121.5107,17
500103004,20231120,1402,23,5,1,25.06864,121.5107,17
500103004,20231120,1403,23,5,1,25.06864,121.5107,17
500103004,20231120,1404,23,5,1,25.06864,121.5107,17
500103004,20231120,1405,23,5,1,25.06864,121.5107,17
500103004,20231120,1406,23,5,1,25.06864,121.5107,17
500103004,20231120,1407,23,5,1,25.06864,121.5107,17
500103004,20231120,1408,23,5,1,25.06864,121.5107,17
500103004,20231120,1409,23,5,1,25.06864,121.5107,17
500103004,20231120,1410,23,5,1,25.06864,121.5107,17
500103004,20231120,1411,23,5,1,25.06864,121.5107,17
500103004,20231120,1412,23,5,1,25.06864,121.5107,17
500103004,20231120,1413,23,5,1,25.06864,121.5107,17
500103004,20231120,1414,23,5,1,25.06864,121.5107,17
500103004,20231120,1415,23,5,1,25.06864,121.5107,17
500103004,20231120,1416,23,5,1,25.06864,121.5107,17
500103004,20231120,1417,23,5,1,25.06864,121.5107,17
500103004,20231120,1418,23,5,1,25.06864,121.5107,17
500103004,20231120,1419,23,5,1,25.06864,121.5107,17
500103004,20231120,1420,23,5,1,25.06864,121.5107,17
500103004,20231120,1421,23,4,1,25.06864,121.5107,18
500103004,20231120,1422,23,4,1,25.06864,121.5107,18
500103004,20231120,1423,23,4,1,25.06864,121.5107,18
500103004,20231120,1424,23,4,1,25.06864,121.5107,18
500103004,20231120,1425,23,4,1,25.06864,121.5107,18
500103004,20231120,1426,23,5,1,25.06864,121.5107,17
500103004,20231120,1427,23,5,1,25.06864,121.5107,17
500103004,20231120,1428,23,5,1,25.06864,121.5107,17
500103004,20231120,1429,23,5,1,25.06864,121.5107,17
500103004,20231120,1430,23,5,1,25.06864,121.5107,17
500103004,20231120,1431,23,5,1,25.06864,121.5107,17
500103004,20231120,1432,23,5,1,25.06864,121.5107,17
500103004,20231120,1433,23,5,1,25.06864,121.5107,17
500103004,20231120,1434,23,5,1,25.06864,121.5107,17
500103004,20231120,1435,23,5,1,25.06864,121.5107,17
500103004,20231120,1436,23,5,1,25.06864,121.5107,17
500103004,20231120,1437,23,5,1,25.06864,121.5107,17
500103004,20231120,1438,23,5,1,25.06864,121.5107,17
500103004,20231120,1439,23,5,1,25.06864,121.5107,17
500103004,20231121,1,23,5,1,25.06864,121.5107,17
500103004,20231121,2,23,5,1,25.06864,121.5107,17
500103004,20231121,3,23,4,1,25.06864,121.5107,18
500103004,20231121,4,23,4,1,25.06864,121.5107,18
500103004,20231121,5,23,4,1,25.06864,121.5107,18
500103004,20231121,6,23,4,1,25.06864,121.5107,18
500103004,20231121,7,23,4,1,25.06864,121.5107,18
500103004,20231121,8,23,4,1,25.06864,121.5107,18
500103004,20231121,9,23,4,1,25.06864,121.5107,18
500103004,20231121,10,23,3,1,25.06864,121.5107,19
500103004,20231121,11,23,3,1,25.06864,121.5107,19
500103004,20231121,12,23,3,1,25.06864,121.5107,19
500103004,20231121,13,23,3,1,25.06864,121.5107,19
500103004,20231121,14,23,3,1,25.06864,121.5107,19
500103004,20231121,15,23,3,1,25.06864,121.5107,19
500103004,20231121,16,23,3,1,25.06864,121.5107,19
500103004,20231121,17,23,3,1,25.06864,121.5107,19
500103004,20231121,18,23,3,1,25.06864,121.5107,19
500103004,20231121,19,23,3,1,25.06864,121.5107,19
500103004,20231121,21,23,3,1,25.06864,121.5107,19
500103004,20231121,22,23,3,1,25.06864,121.5107,19
500103004,20231121,23,23,3,1,25.06864,121.5107,19
500103004,20231121,24,23,3,1,25.06864,121.5107,19
500103004,20231121,25,23,3,1,25.06864,121.5107,19
500103004,20231121,26,23,3,1,25.06864,121.5107,19
500103004,20231121,27,23,3,1,25.06864,121.5107,19
500103004,20231121,28,23,3,1,25.06864,121.5107,19
500103004,20231121,29,23,3,1,25.06864,121.5107,19
500103004,20231121,30,23,3,1,25.06864,121.5107,19
500103004,20231121,31,23,3,1,25.06864,121.5107,19
500103004,20231121,32,23,3,1,25.06864,121.5107,19
500103004,20231121,33,23,3,1,25.06864,121.5107,19
500103004,20231121,34,23,3,1,25.06864,121.5107,19
500103004,20231121,35,23,3,1,25.06864,121.5107,19
500103004,20231121,36,23,3,1,25.06864,121.5107,19
500103004,20231121,37,23,3,1,25.06864,121.5107,19
500103004,20231121,38,23,3,1,25.06864,121.5107,19
500103004,20231121,39,23,3,1,25.06864,121.5107,19
500103004,20231121,40,23,3,1,25.06864,121.5107,19
500103004,20231121,41,23,3,1,25.06864,121.5107,19
500103004,20231121,42,23,3,1,25.06864,121.5107,19
500103004,20231121,43,23,3,1,25.06864,121.5107,19
500103004,20231121,44,23,3,1,25.06864,121.5107,19
500103004,20231121,45,23,3,1,25.06864,121.5107,19
500103004,20231121,46,23,3,1,25.06864,121.5107,19
500103004,20231121,47,23,3,1,25.06864,121.5107,19
500103004,20231121,48,23,3,1,25.06864,121.5107,19
500103004,20231121,49,23,2,1,25.06864,121.5107,20
500103004,20231121,50,23,2,1,25.06864,121.5107,20
500103004,20231121,51,23,2,1,25.06864,121.5107,20
500103004,20231121,52,23,2,1,25.06864,121.5107,20
500103004,20231121,53,23,2,1,25.06864,121.5107,20
500103004,20231121,54,23,2,1,25.06864,121.5107,20
500103004,20231121,55,23,2,1,25.06864,121.5107,20
500103004,20231121,56,23,2,1,25.06864,121.5107,20
500103004,20231121,57,23,2,1,25.06864,121.5107,20
500103004,20231121,58,23,2,1,25.06864,121.5107,20
500103004,20231121,59,23,2,1,25.06864,121.5107,20
500103004,20231121,60,23,2,1,25.06864,121.5107,20
500103004,20231121,61,23,2,1,25.06864,121.5107,20
500103004,20231121,62,23,2,1,25.06864,121.5107,20
500103004,20231121,63,23,2,1,25.06864,121.5107,20
500103004,20231121,64,23,2,1,25.06864,121.5107,20
500103004,20231121,65,23,2,1,25.06864,121.5107,20
500103004,20231121,66,23,2,1,25.06864,121.5107,20
500103004,20231121,67,23,2,1,25.06864,121.5107,20
500103004,20231121,68,23,2,1,25.06864,121.5107,20
500103004,20231121,69,23,2,1,25.06864,121.5107,20
500103004,20231121,70,23,2,1,25.06864,121.5107,20
500103004,20231121,71,23,2,1,25.06864,121.5107,20
500103004,20231121,72,23,2,1,25.06864,121.5107,20
500103004,20231121,73,23,2,1,25.06864,121.5107,20
500103004,20231121,74,23,2,1,25.06864,121.5107,20
500103004,20231121,75,23,2,1,25.06864,121.5107,20
500103004,20231121,76,23,2,1,25.06864,121.5107,20
500103004,20231121,77,23,2,1,25.06864,121.5107,20
500103004,20231121,78,23,2,1,25.06864,121.5107,20
500103004,20231121,79,23,2,1,25.06864,121.5107,20
500103004,20231121,81,23,2,1,25.06864,121.5107,20
500103004,20231121,82,23,2,1,25.06864,121.5107,20
500103004,20231121,83,23,2,1,25.06864,121.5107,20
500103004,20231121,84,23,2,1,25.06864,121.5107,20
500103004,20231121,85,23,2,1,25.06864,121.5107,20
500103004,20231121,86,23,2,1,25.06864,121.5107,20
500103004,20231121,87,23,2,1,25.06864,121.5107,20
500103004,20231121,88,23,2,1,25.06864,121.5107,20
500103004,20231121,89,23,2,1,25.06864,121.5107,20
500103004,20231121,90,23,2,1,25.06864,121.5107,20
500103004,20231121,91,23,2,1,25.06864,121.5107,20
500103004,20231121,92,23,2,1,25.06864,121.5107,20
500103004,20231121,93,23,2,1,25.06864,121.5107,20
500103004,20231121,94,23,2,1,25.06864,121.5107,20
500103004,20231121,95,23,2,1,25.06864,121.5107,20
500103004,20231121,96,23,2,1,25.06864,121.5107,20
500103004,20231121,97,23,2,1,25.06864,121.5107,20
500103004,20231121,98,23,2,1,25.06864,121.5107,20
500103004,20231121,99,23,2,1,25.06864,121.5107,20
500103004,20231121,100,23,2,1,25.06864,121.5107,20
500103004,20231121,101,23,2,1,25.06864,121.5107,20
500103004,20231121,102,23,2,1,25.06864,121.5107,20
500103004,20231121,103,23,2,1,25.06864,121.5107,20
500103004,20231121,104,23,2,1,25.06864,121.5107,20
500103004,20231121,105,23,2,1,25.06864,121.5107,20
500103004,20231121,106,23,2,1,25.06864,121.5107,20
500103004,20231121,107,23,2,1,25.06864,121.5107,20
500103004,20231121,108,23,2,1,25.06864,121.5107,20
500103004,20231121,109,23,2,1,25.06864,121.5107,20
500103004,20231121,110,23,2,1,25.06864,121.5107,20
500103004,20231121,111,23,2,1,25.06864,121.5107,20
500103004,20231121,112,23,2,1,25.06864,121.5107,20
500103004,20231121,113,23,2,1,25.06864,121.5107,20
500103004,20231121,114,23,2,1,25.06864,121.5107,20
500103004,20231121,115,23,2,1,25.06864,121.5107,20
500103004,20231121,116,23,2,1,25.06864,121.5107,20
500103004,20231121,117,23,2,1,25.06864,121.5107,20
500103004,20231121,118,23,2,1,25.06864,121.5107,20
500103004,20231121,119,23,2,1,25.06864,121.5107,20
500103004,20231121,121,23,2,1,25.06864,121.5107,20
500103004,20231121,122,23,2,1,25.06864,121.5107,20
500103004,20231121,123,23,2,1,25.06864,121.5107,20
500103004,20231121,124,23,2,1,25.06864,121.5107,20
500103004,20231121,125,23,2,1,25.06864,121.5107,20
500103004,20231121,126,23,2,1,25.06864,121.5107,20
500103004,20231121,127,23,2,1,25.06864,121.5107,20
500103004,20231121,128,23,2,1,25.06864,121.5107,20
500103004,20231121,129,23,2,1,25.06864,121.5107,20
500103004,20231121,130,23,2,1,25.06864,121.5107,20
500103004,20231121,131,23,2,1,25.06864,121.5107,20
500103004,20231121,132,23,2,1,25.06864,121.5107,20
500103004,20231121,133,23,2,1,25.06864,121.5107,20
500103004,20231121,134,23,2,1,25.06864,121.5107,20
500103004,20231121,135,23,2,1,25.06864,121.5107,20
500103004,20231121,136,23,2,1,25.06864,121.5107,20
500103004,20231121,137,23,2,1,25.06864,121.5107,20
500103004,20231121,138,23,2,1,25.06864,121.5107,20
500103004,20231121,139,23,2,1,25.06864,121.5107,20
500103004,20231121,141,23,2,1,25.06864,121.5107,20
500103004,20231121,142,23,2,1,25.06864,121.5107,20
500103004,20231121,143,23,2,1,25.06864,121.5107,20
500103004,20231121,144,23,2,1,25.06864,121.5107,20
500103004,20231121,145,23,2,1,25.06864,121.5107,20
500103004,20231121,146,23,2,1,25.06864,121.5107,20
500103004,20231121,147,23,2,1,25.06864,121.5107,20
500103004,20231121,148,23,2,1,25.06864,121.5107,20
500103004,20231121,149,23,2,1,25.06864,121.5107,20
500103004,20231121,150,23,2,1,25.06864,121.5107,20
500103004,20231121,151,23,2,1,25.06864,121.5107,20
500103004,20231121,152,23,2,1,25.06864,121.5107,20
500103004,20231121,153,23,2,1,25.06864,121.5107,20
500103004,20231121,154,23,2,1,25.06864,121.5107,20
500103004,20231121,155,23,2,1,25.06864,121.5107,20
500103004,20231121,156,23,2,1,25.06864,121.5107,20
500103004,20231121,157,23,2,1,25.06864,121.5107,20
500103004,20231121,158,23,2,1,25.06864,121.5107,20
500103004,20231121,159,23,2,1,25.06864,121.5107,20
500103004,20231121,160,23,2,1,25.06864,121.5107,20
500103004,20231121,161,23,2,1,25.06864,121.5107,20
500103004,20231121,162,23,2,1,25.06864,121.5107,20
500103004,20231121,163,23,2,1,25.06864,121.5107,20
500103004,20231121,164,23,2,1,25.06864,121.5107,20
500103004,20231121,165,23,2,1,25.06864,121.5107,20
500103004,20231121,166,23,2,1,25.06864,121.5107,20
500103004,20231121,167,23,2,1,25.06864,121.5107,20
500103004,20231121,168,23,2,1,25.06864,121.5107,20
500103004,20231121,169,23,2,1,25.06864,121.5107,20
500103004,20231121,170,23,2,1,25.06864,121.5107,20
500103004,20231121,171,23,2,1,25.06864,121.5107,20
500103004,20231121,172,23,2,1,25.06864,121.5107,20
500103004,20231121,173,23,2,1,25.06864,121.5107,20
500103004,20231121,174,23,2,1,25.06864,121.5107,20
500103004,20231121,175,23,2,1,25.06864,121.5107,20
500103004,20231121,176,23,2,1,25.06864,121.5107,20
500103004,20231121,177,23,2,1,25.06864,121.5107,20
500103004,20231121,178,23,2,1,25.06864,121.5107,20
500103004,20231121,179,23,2,1,25.06864,121.5107,20
500103004,20231121,180,23,2,1,25.06864,121.5107,20
500103004,20231121,181,23,2,1,25.06864,121.5107,20
500103004,20231121,182,23,2,1,25.06864,121.5107,20
500103004,20231121,183,23,2,1,25.06864,121.5107,20
500103004,20231121,184,23,2,1,25.06864,121.5107,20
500103004,20231121,185,23,2,1,25.06864,121.5107,20
500103004,20231121,186,23,2,1,25.06864,121.5107,20
500103004,20231121,187,23,2,1,25.06864,121.5107,20
500103004,20231121,188,23,2,1,25.06864,121.5107,20
500103004,20231121,189,23,2,1,25.06864,121.5107,20
500103004,20231121,190,23,2,1,25.06864,121.5107,20
500103004,20231121,191,23,2,1,25.06864,121.5107,20
500103004,20231121,192,23,2,1,25.06864,121.5107,20
500103004,20231121,193,23,2,1,25.06864,121.5107,20
500103004,20231121,194,23,2,1,25.06864,121.5107,20
500103004,20231121,195,23,2,1,25.06864,121.5107,20
500103004,20231121,196,23,2,1,25.06864,121.5107,20
500103004,20231121,197,23,2,1,25.06864,121.5107,20
500103004,20231121,198,23,2,1,25.06864,121.5107,20
500103004,20231121,199,23,2,1,25.06864,121.5107,20
500103004,20231121,201,23,1,1,25.06864,121.5107,21
500103004,20231121,202,23,1,1,25.06864,121.5107,21
500103004,20231121,203,23,1,1,25.06864,121.5107,21
500103004,20231121,204,23,1,1,25.06864,121.5107,21
500103004,20231121,205,23,1,1,25.06864,121.5107,21
500103004,20231121,206,23,1,1,25.06864,121.5107,21
500103004,20231121,207,23,1,1,25.06864,121.5107,21
500103004,20231121,208,23,1,1,25.06864,121.5107,21
500103004,20231121,209,23,1,1,25.06864,121.5107,21
500103004,20231121,210,23,1,1,25.06864,121.5107,21
500103004,20231121,211,23,1,1,25.06864,121.5107,21
500103004,20231121,212,23,1,1,25.06864,121.5107,21
500103004,20231121,213,23,1,1,25.06864,121.5107,21
500103004,20231121,214,23,1,1,25.06864,121.5107,21
500103004,20231121,215,23,1,1,25.06864,121.5107,21
500103004,20231121,216,23,1,1,25.06864,121.5107,21
500103004,20231121,217,23,1,1,25.06864,121.5107,21
500103004,20231121,218,23,1,1,25.06864,121.5107,21
500103004,20231121,219,23,1,1,25.06864,121.5107,21
500103004,20231121,220,23,1,1,25.06864,121.5107,21
500103004,20231121,221,23,1,1,25.06864,121.5107,21
500103004,20231121,222,23,1,1,25.06864,121.5107,21
500103004,20231121,223,23,1,1,25.06864,121.5107,21
500103004,20231121,224,23,1,1,25.06864,121.5107,21
500103004,20231121,225,23,1,1,25.06864,121.5107,21
500103004,20231121,226,23,1,1,25.06864,121.5107,21
500103004,20231121,227,23,1,1,25.06864,121.5107,21
500103004,20231121,228,23,1,1,25.06864,121.5107,21
500103004,20231121,229,23,1,1,25.06864,121.5107,21
500103004,20231121,231,23,1,1,25.06864,121.5107,21
500103004,20231121,232,23,1,1,25.06864,121.5107,21
500103004,20231121,233,23,1,1,25.06864,121.5107,21
500103004,20231121,234,23,1,1,25.06864,121.5107,21
500103004,20231121,235,23,1,1,25.06864,121.5107,21
500103004,20231121,236,23,1,1,25.06864,121.5107,21
500103004,20231121,237,23,1,1,25.06864,121.5107,21
500103004,20231121,238,23,1,1,25.06864,121.5107,21
500103004,20231121,239,23,1,1,25.06864,121.5107,21
500103004,20231121,240,23,1,1,25.06864,121.5107,21
500103004,20231121,241,23,1,1,25.06864,121.5107,21
500103004,20231121,242,23,1,1,25.06864,121.5107,21
500103004,20231121,243,23,1,1,25.06864,121.5107,21
500103004,20231121,244,23,1,1,25.06864,121.5107,21
500103004,20231121,245,23,1,1,25.06864,121.5107,21
500103004,20231121,246,23,1,1,25.06864,121.5107,21
500103004,20231121,247,23,1,1,25.06864,121.5107,21
500103004,20231121,248,23,1,1,25.06864,121.5107,21
500103004,20231121,249,23,1,1,25.06864,121.5107,21
500103004,20231121,250,23,1,1,25.06864,121.5107,21
500103004,20231121,251,23,1,1,25.06864,121.5107,21
500103004,20231121,252,23,1,1,25.06864,121.5107,21
500103004,20231121,253,23,1,1,25.06864,121.5107,21
500103004,20231121,254,23,1,1,25.06864,121.5107,21
500103004,20231121,255,23,1,1,25.06864,121.5107,21
500103004,20231121,256,23,1,1,25.06864,121.5107,21
500103004,20231121,257,23,1,1,25.06864,121.5107,21
500103004,20231121,258,23,1,1,25.06864,121.5107,21
500103004,20231121,259,23,1,1,25.06864,121.5107,21
500103004,20231121,261,23,1,1,25.06864,121.5107,21
500103004,20231121,262,23,1,1,25.06864,121.5107,21
500103004,20231121,263,23,1,1,25.06864,121.5107,21
500103004,20231121,264,23,1,1,25.06864,121.5107,21
500103004,20231121,265,23,1,1,25.06864,121.5107,21
500103004,20231121,266,23,1,1,25.06864,121.5107,21
500103004,20231121,267,23,1,1,25.06864,121.5107,21
500103004,20231121,268,23,1,1,25.06864,121.5107,21
500103004,20231121,269,23,1,1,25.06864,121.5107,21
500103004,20231121,270,23,1,1,25.06864,121.5107,21
500103004,20231121,271,23,1,1,25.06864,121.5107,21
500103004,20231121,272,23,1,1,25.06864,121.5107,21
500103004,20231121,273,23,1,1,25.06864,121.5107,21
500103004,20231121,274,23,1,1,25.06864,121.5107,21
500103004,20231121,275,23,1,1,25.06864,121.5107,21
500103004,20231121,276,23,1,1,25.06864,121.5107,21
500103004,20231121,277,23,1,1,25.06864,121.5107,21
500103004,20231121,278,23,1,1,25.06864,121.5107,21
500103004,20231121,279,23,1,1,25.06864,121.5107,21
500103004,20231121,280,23,1,1,25.06864,121.5107,21
500103004,20231121,281,23,1,1,25.06864,121.5107,21
500103004,20231121,282,23,1,1,25.06864,121.5107,21
500103004,20231121,283,23,1,1,25.06864,121.5107,21
500103004,20231121,284,23,1,1,25.06864,121.5107,21
500103004,20231121,285,23,1,1,25.06864,121.5107,21
500103004,20231121,286,23,1,1,25.06864,121.5107,21
500103004,20231121,287,23,1,1,25.06864,121.5107,21
500103004,20231121,288,23,1,1,25.06864,121.5107,21
500103004,20231121,289,23,1,1,25.06864,121.5107,21
500103004,20231121,290,23,1,1,25.06864,121.5107,21
500103004,20231121,291,23,1,1,25.06864,121.5107,21
500103004,20231121,292,23,1,1,25.06864,121.5107,21
500103004,20231121,293,23,1,1,25.06864,121.5107,21
500103004,20231121,294,23,1,1,25.06864,121.5107,21
500103004,20231121,295,23,1,1,25.06864,121.5107,21
500103004,20231121,296,23,1,1,25.06864,121.5107,21
500103004,20231121,297,23,1,1,25.06864,121.5107,21
500103004,20231121,298,23,1,1,25.06864,121.5107,21
500103004,20231121,299,23,1,1,25.06864,121.5107,21
500103004,20231121,300,23,1,1,25.06864,121.5107,21
500103004,20231121,301,23,1,1,25.06864,121.5107,21
500103004,20231121,302,23,1,1,25.06864,121.5107,21
500103004,20231121,303,23,1,1,25.06864,121.5107,21
500103004,20231121,304,23,1,1,25.06864,121.5107,21
500103004,20231121,305,23,1,1,25.06864,121.5107,21
500103004,20231121,306,23,1,1,25.06864,121.5107,21
500103004,20231121,307,23,1,1,25.06864,121.5107,21
500103004,20231121,308,23,1,1,25.06864,121.5107,21
500103004,20231121,309,23,1,1,25.06864,121.5107,21
500103004,20231121,310,23,1,1,25.06864,121.5107,21
500103004,20231121,311,23,0,1,25.06864,121.5107,22
500103004,20231121,312,23,0,1,25.06864,121.5107,22
500103004,20231121,313,23,0,1,25.06864,121.5107,22
500103004,20231121,314,23,0,1,25.06864,121.5107,22
500103004,20231121,315,23,0,1,25.06864,121.5107,22
500103004,20231121,316,23,0,1,25.06864,121.5107,22
500103004,20231121,317,23,0,1,25.06864,121.5107,22
500103004,20231121,318,23,0,1,25.06864,121.5107,22
500103004,20231121,319,23,0,1,25.06864,121.5107,22
500103004,20231121,321,23,0,1,25.06864,121.5107,22
500103004,20231121,322,23,0,1,25.06864,121.5107,22
500103004,20231121,323,23,0,1,25.06864,121.5107,22
500103004,20231121,324,23,0,1,25.06864,121.5107,22
500103004,20231121,325,23,0,1,25.06864,121.5107,22
500103004,20231121,326,23,0,1,25.06864,121.5107,22
500103004,20231121,327,23,0,1,25.06864,121.5107,22
500103004,20231121,328,23,0,1,25.06864,121.5107,22
500103004,20231121,329,23,0,1,25.06864,121.5107,22
500103004,20231121,330,23,0,1,25.06864,121.5107,22
500103004,20231121,331,23,0,1,25.06864,121.5107,22
500103004,20231121,332,23,0,1,25.06864,121.5107,22
500103004,20231121,333,23,0,1,25.06864,121.5107,22
500103004,20231121,334,23,0,1,25.06864,121.5107,22
500103004,20231121,335,23,0,1,25.06864,121.5107,22
500103004,20231121,336,23,0,1,25.06864,121.5107,22
500103004,20231121,337,23,0,1,25.06864,121.5107,22
500103004,20231121,338,23,0,1,25.06864,121.5107,22
500103004,20231121,339,23,0,1,25.06864,121.5107,22
500103004,20231121,340,23,0,1,25.06864,121.5107,22
500103004,20231121,341,23,0,1,25.06864,121.5107,22
500103004,20231121,342,23,0,1,25.06864,121.5107,22
500103004,20231121,343,23,0,1,25.06864,121.5107,22
500103004,20231121,344,23,0,1,25.06864,121.5107,22
500103004,20231121,345,23,0,1,25.06864,121.5107,22
500103004,20231121,346,23,0,1,25.06864,121.5107,22
500103004,20231121,347,23,0,1,25.06864,121.5107,22
500103004,20231121,348,23,0,1,25.06864,121.5107,22
500103004,20231121,349,23,0,1,25.06864,121.5107,22
500103004,20231121,350,23,0,1,25.06864,121.5107,22
500103004,20231121,351,23,0,1,25.06864,121.5107,22
500103004,20231121,352,23,0,1,25.06864,121.5107,22
500103004,20231121,353,23,0,1,25.06864,121.5107,22
500103004,20231121,354,23,0,1,25.06864,121.5107,22
500103004,20231121,355,23,0,1,25.06864,121.5107,22
500103004,20231121,356,23,0,1,25.06864,121.5107,22
500103004,20231121,357,23,0,1,25.06864,121.5107,22
500103004,20231121,358,23,0,1,25.06864,121.5107,22
500103004,20231121,359,23,0,1,25.06864,121.5107,22
500103004,20231121,360,23,0,1,25.06864,121.5107,22
500103004,20231121,361,23,0,1,25.06864,121.5107,22
500103004,20231121,362,23,0,1,25.06864,121.5107,22
500103004,20231121,363,23,0,1,25.06864,121.5107,22
500103004,20231121,364,23,0,1,25.06864,121.5107,22
500103004,20231121,365,23,0,1,25.06864,121.5107,22
500103004,20231121,366,23,0,1,25.06864,121.5107,22
500103004,20231121,367,23,0,1,25.06864,121.5107,22
500103004,20231121,368,23,0,1,25.06864,121.5107,22
500103004,20231121,369,23,0,1,25.06864,121.5107,22
500103004,20231121,370,23,0,1,25.06864,121.5107,22
500103004,20231121,371,23,0,1,25.06864,121.5107,22
500103004,20231121,372,23,0,1,25.06864,121.5107,22
500103004,20231121,373,23,0,1,25.06864,121.5107,22
500103004,20231121,374,23,0,1,25.06864,121.5107,22
500103004,20231121,375,23,0,1,25.06864,121.5107,22
500103004,20231121,376,23,0,1,25.06864,121.5107,22
500103004,20231121,377,23,0,1,25.06864,121.5107,22
500103004,20231121,378,23,0,1,25.06864,121.5107,22
500103004,20231121,379,23,0,1,25.06864,121.5107,22
500103004,20231121,381,23,0,1,25.06864,121.5107,22
500103004,20231121,382,23,0,1,25.06864,121.5107,22
500103004,20231121,383,23,0,1,25.06864,121.5107,22
500103004,20231121,384,23,0,1,25.06864,121.5107,22
500103004,20231121,385,23,0,1,25.06864,121.5107,22
500103004,20231121,386,23,0,1,25.06864,121.5107,22
500103004,20231121,387,23,0,1,25.06864,121.5107,22
500103004,20231121,388,23,0,1,25.06864,121.5107,22
500103004,20231121,389,23,0,1,25.06864,121.5107,22
500103004,20231121,390,23,0,1,25.06864,121.5107,22
500103004,20231121,391,23,0,1,25.06864,121.5107,22
500103004,20231121,392,23,0,1,25.06864,121.5107,22
500103004,20231121,393,23,0,1,25.06864,121.5107,22
500103004,20231121,394,23,0,1,25.06864,121.5107,22
500103004,20231121,395,23,0,1,25.06864,121.5107,22
500103004,20231121,396,23,0,1,25.06864,121.5107,22
500103004,20231121,397,23,0,1,25.06864,121.5107,22
500103004,20231121,398,23,0,1,25.06864,121.5107,22
500103004,20231121,399,23,0,1,25.06864,121.5107,22
500103004,20231121,400,23,0,1,25.06864,121.5107,22
500103004,20231121,401,23,0,1,25.06864,121.5107,22
500103004,20231121,402,23,0,1,25.06864,121.5107,22
500103004,20231121,403,23,0,1,25.06864,121.5107,22
500103004,20231121,404,23,0,1,25.06864,121.5107,22
500103004,20231121,405,23,0,1,25.06864,121.5107,22
500103004,20231121,406,23,0,1,25.06864,121.5107,22
500103004,20231121,407,23,0,1,25.06864,121.5107,22
500103004,20231121,408,23,0,1,25.06864,121.5107,22
500103004,20231121,409,23,1,1,25.06864,121.5107,21
500103004,20231121,410,23,2,1,25.06864,121.5107,20
500103004,20231121,411,23,3,1,25.06864,121.5107,19
500103004,20231121,412,23,3,1,25.06864,121.5107,19
500103004,20231121,413,23,5,1,25.06864,121.5107,17
500103004,20231121,414,23,4,1,25.06864,121.5107,18
500103004,20231121,415,23,4,1,25.06864,121.5107,18
500103004,20231121,416,23,5,1,25.06864,121.5107,17
500103004,20231121,417,23,6,1,25.06864,121.5107,16
500103004,20231121,418,23,7,1,25.06864,121.5107,15
500103004,20231121,419,23,8,1,25.06864,121.5107,14
500103004,20231121,421,23,9,1,25.06864,121.5107,13
500103004,20231121,422,23,9,1,25.06864,121.5107,13
500103004,20231121,423,23,10,1,25.06864,121.5107,12
500103004,20231121,424,23,10,1,25.06864,121.5107,12
500103004,20231121,425,23,10,1,25.06864,121.5107,12
500103004,20231121,426,23,10,1,25.06864,121.5107,12
500103004,20231121,427,23,10,1,25.06864,121.5107,12
500103004,20231121,428,23,10,1,25.06864,121.5107,12
500103004,20231121,429,23,10,1,25.06864,121.5107,12
500103004,20231121,430,23,12,1,25.06864,121.5107,10
500103004,20231121,431,23,12,1,25.06864,121.5107,10
500103004,20231121,432,23,12,1,25.06864,121.5107,10
500103004,20231121,433,23,12,1,25.06864,121.5107,10
500103004,20231121,434,23,12,1,25.06864,121.5107,10
500103004,20231121,435,23,13,1,25.06864,121.5107,9
500103004,20231121,436,23,14,1,25.06864,121.5107,8
500103004,20231121,437,23,14,1,25.06864,121.5107,8
500103004,20231121,438,23,14,1,25.06864,121.5107,8
500103004,20231121,439,23,14,1,25.06864,121.5107,8
500103004,20231121,441,23,14,1,25.06864,121.5107,8
500103004,20231121,442,23,15,1,25.06864,121.5107,7
500103004,20231121,443,23,15,1,25.06864,121.5107,7
500103004,20231121,444,23,15,1,25.06864,121.5107,7
500103004,20231121,445,23,15,1,25.06864,121.5107,7
500103004,20231121,446,23,14,1,25.06864,121.5107,8
500103004,20231121,447,23,14,1,25.06864,121.5107,8
500103004,20231121,448,23,15,1,25.06864,121.5107,7
500103004,20231121,449,23,14,1,25.06864,121.5107,8
500103004,20231121,451,23,14,1,25.06864,121.5107,8
500103004,20231121,452,23,14,1,25.06864,121.5107,8
500103004,20231121,453,23,11,1,25.06864,121.5107,11
500103004,20231121,454,23,7,1,25.06864,121.5107,15
500103004,20231121,455,23,3,1,25.06864,121.5107,19
500103004,20231121,456,23,2,1,25.06864,121.5107,20
500103004,20231121,457,23,3,1,25.06864,121.5107,19
500103004,20231121,458,23,3,1,25.06864,121.5107,19
500103004,20231121,459,23,3,1,25.06864,121.5107,19
500103004,20231121,460,23,3,1,25.06864,121.5107,19
500103004,20231121,461,23,3,1,25.06864,121.5107,19
500103004,20231121,462,23,3,1,25.06864,121.5107,19
500103004,20231121,463,23,4,1,25.06864,121.5107,18
500103004,20231121,464,23,3,1,25.06864,121.5107,19
500103004,20231121,465,23,3,1,25.06864,121.5107,19
500103004,20231121,466,23,5,1,25.06864,121.5107,17
500103004,20231121,467,23,7,1,25.06864,121.5107,15
500103004,20231121,468,23,7,1,25.06864,121.5107,15
500103004,20231121,469,23,8,1,25.06864,121.5107,14
500103004,20231121,470,23,9,1,25.06864,121.5107,13
500103004,20231121,471,23,10,1,25.06864,121.5107,12
500103004,20231121,472,23,11,1,25.06864,121.5107,11
500103004,20231121,473,23,11,1,25.06864,121.5107,11
500103004,20231121,474,23,11,1,25.06864,121.5107,11
500103004,20231121,475,23,11,1,25.06864,121.5107,11
500103004,20231121,476,23,11,1,25.06864,121.5107,11
500103004,20231121,477,23,11,1,25.06864,121.5107,11
500103004,20231121,478,23,10,1,25.06864,121.5107,12
500103004,20231121,479,23,10,1,25.06864,121.5107,12
500103004,20231121,481,23,10,1,25.06864,121.5107,12
500103004,20231121,482,23,12,1,25.06864,121.5107,10
500103004,20231121,483,23,13,1,25.06864,121.5107,9
500103004,20231121,484,23,13,1,25.06864,121.5107,9
500103004,20231121,485,23,12,1,25.06864,121.5107,10
500103004,20231121,486,23,15,1,25.06864,121.5107,7
500103004,20231121,487,23,16,1,25.06864,121.5107,6
500103004,20231121,488,23,17,1,25.06864,121.5107,5
500103004,20231121,489,23,18,1,25.06864,121.5107,4
500103004,20231121,490,23,18,1,25.06864,121.5107,4
500103004,20231121,492,23,17,1,25.06864,121.5107,5
500103004,20231121,493,23,17,1,25.06864,121.5107,5
500103004,20231121,494,23,18,1,25.06864,121.5107,4
500103004,20231121,495,23,18,1,25.06864,121.5107,4
500103004,20231121,496,23,19,1,25.06864,121.5107,3
500103004,20231121,497,23,19,1,25.06864,121.5107,3
500103004,20231121,498,23,22,1,25.06864,121.5107,0
500103004,20231121,499,23,20,1,25.06864,121.5107,2
500103004,20231121,501,23,17,1,25.06864,121.5107,5
500103004,20231121,502,23,16,1,25.06864,121.5107,6
500103004,20231121,503,23,14,1,25.06864,121.5107,8
500103004,20231121,504,23,14,1,25.06864,121.5107,8
500103004,20231121,505,23,14,1,25.06864,121.5107,8
500103004,20231121,506,23,15,1,25.06864,121.5107,7
500103004,20231121,507,23,17,1,25.06864,121.5107,5
500103004,20231121,508,23,17,1,25.06864,121.5107,5
500103004,20231121,509,23,17,1,25.06864,121.5107,5
500103004,20231121,511,23,18,1,25.06864,121.5107,4
500103004,20231121,512,23,18,1,25.06864,121.5107,4
500103004,20231121,513,23,19,1,25.06864,121.5107,3
500103004,20231121,514,23,19,1,25.06864,121.5107,3
500103004,20231121,515,23,19,1,25.06864,121.5107,3
500103004,20231121,516,23,19,1,25.06864,121.5107,3
500103004,20231121,517,23,19,1,25.06864,121.5107,3
500103004,20231121,518,23,19,1,25.06864,121.5107,3
500103004,20231121,519,23,21,1,25.06864,121.5107,1
500103004,20231121,520,23,20,1,25.06864,121.5107,2
500103004,20231121,521,23,19,1,25.06864,121.5107,3
500103004,20231121,522,23,19,1,25.06864,121.5107,3
500103004,20231121,523,23,19,1,25.06864,121.5107,3
500103004,20231121,524,23,19,1,25.06864,121.5107,3
500103004,20231121,525,23,19,1,25.06864,121.5107,3
500103004,20231121,526,23,20,1,25.06864,121.5107,2
500103004,20231121,527,23,20,1,25.06864,121.5107,2
500103004,20231121,528,23,21,1,25.06864,121.5107,1
500103004,20231121,529,23,21,1,25.06864,121.5107,1
500103004,20231121,530,23,22,1,25.06864,121.5107,0
500103004,20231121,531,23,22,1,25.06864,121.5107,0
500103004,20231121,532,23,22,1,25.06864,121.5107,0
500103004,20231121,533,23,22,1,25.06864,121.5107,0
500103004,20231121,534,23,22,1,25.06864,121.5107,0
500103004,20231121,535,23,22,1,25.06864,121.5107,0
500103004,20231121,536,23,22,1,25.06864,121.5107,0
500103004,20231121,537,23,21,1,25.06864,121.5107,1
500103004,20231121,538,23,21,1,25.06864,121.5107,1
500103004,20231121,539,23,21,1,25.06864,121.5107,1
500103004,20231121,541,23,21,1,25.06864,121.5107,1
500103004,20231121,542,23,21,1,25.06864,121.5107,1
500103004,20231121,543,23,20,1,25.06864,121.5107,2
500103004,20231121,544,23,20,1,25.06864,121.5107,2
500103004,20231121,545,23,20,1,25.06864,121.5107,2
500103004,20231121,546,23,20,1,25.06864,121.5107,2
500103004,20231121,547,23,20,1,25.06864,121.5107,2
500103004,20231121,548,23,20,1,25.06864,121.5107,2
500103004,20231121,549,23,20,1,25.06864,121.5107,2
500103004,20231121,550,23,20,1,25.06864,121.5107,2
500103004,20231121,551,23,21,1,25.06864,121.5107,1
500103004,20231121,552,23,21,1,25.06864,121.5107,1
500103004,20231121,553,23,21,1,25.06864,121.5107,1
500103004,20231121,554,23,21,1,25.06864,121.5107,1
500103004,20231121,555,23,21,1,25.06864,121.5107,1
500103004,20231121,556,23,21,1,25.06864,121.5107,1
500103004,20231121,557,23,21,1,25.06864,121.5107,1
500103004,20231121,558,23,21,1,25.06864,121.5107,1
500103004,20231121,559,23,22,1,25.06864,121.5107,0
500103004,20231121,561,23,22,1,25.06864,121.5107,0
500103004,20231121,562,23,22,1,25.06864,121.5107,0
500103004,20231121,563,23,21,1,25.06864,121.5107,1
500103004,20231121,564,23,21,1,25.06864,121.5107,1
500103004,20231121,565,23,22,1,25.06864,121.5107,0
500103004,20231121,566,23,22,1,25.06864,121.5107,0
500103004,20231121,567,23,22,1,25.06864,121.5107,0
500103004,20231121,568,23,21,1,25.06864,121.5107,1
500103004,20231121,569,23,21,1,25.06864,121.5107,1
500103004,20231121,571,23,21,1,25.06864,121.5107,1
500103004,20231121,572,23,22,1,25.06864,121.5107,0
500103004,20231121,573,23,22,1,25.06864,121.5107,0
500103004,20231121,574,23,22,1,25.06864,121.5107,0
500103004,20231121,575,23,22,1,25.06864,121.5107,0
500103004,20231121,576,23,22,1,25.06864,121.5107,0
500103004,20231121,577,23,22,1,25.06864,121.5107,0
500103004,20231121,578,23,22,1,25.06864,121.5107,0
500103004,20231121,579,23,22,1,25.06864,121.5107,0
500103004,20231121,580,23,22,1,25.06864,121.5107,0
500103004,20231121,581,23,22,1,25.06864,121.5107,0
500103004,20231121,582,23,22,1,25.06864,121.5107,0
500103004,20231121,583,23,22,1,25.06864,121.5107,0
500103004,20231121,584,23,22,1,25.06864,121.5107,0
500103004,20231121,585,23,22,1,25.06864,121.5107,0
500103004,20231121,586,23,22,1,25.06864,121.5107,0
500103004,20231121,587,23,22,1,25.06864,121.5107,0
500103004,20231121,588,23,22,1,25.06864,121.5107,0
500103004,20231121,589,23,22,1,25.06864,121.5107,0
500103004,20231121,590,23,22,1,25.06864,121.5107,0
500103004,20231121,591,23,22,1,25.06864,121.5107,0
500103004,20231121,592,23,22,1,25.06864,121.5107,0
500103004,20231121,593,23,22,1,25.06864,121.5107,0
500103004,20231121,594,23,22,1,25.06864,121.5107,0
500103004,20231121,595,23,22,1,25.06864,121.5107,0
500103004,20231121,596,23,22,1,25.06864,121.5107,0
500103004,20231121,597,23,22,1,25.06864,121.5107,0
500103004,20231121,598,23,22,1,25.06864,121.5107,0
500103004,20231121,599,23,22,1,25.06864,121.5107,0
500103004,20231121,601,23,22,1,25.06864,121.5107,0
500103004,20231121,602,23,22,1,25.06864,121.5107,0
500103004,20231121,603,23,22,1,25.06864,121.5107,0
500103004,20231121,604,23,22,1,25.06864,121.5107,0
500103004,20231121,605,23,22,1,25.06864,121.5107,0
500103004,20231121,606,23,22,1,25.06864,121.5107,0
500103004,20231121,607,23,22,1,25.06864,121.5107,0
500103004,20231121,608,23,22,1,25.06864,121.5107,0
500103004,20231121,609,23,22,1,25.06864,121.5107,0
500103004,20231121,610,23,22,1,25.06864,121.5107,0
500103004,20231121,611,23,22,1,25.06864,121.5107,0
500103004,20231121,612,23,22,1,25.06864,121.5107,0
500103004,20231121,613,23,22,1,25.06864,121.5107,0
500103004,20231121,614,23,22,1,25.06864,121.5107,0
500103004,20231121,615,23,22,1,25.06864,121.5107,0
500103004,20231121,616,23,21,1,25.06864,121.5107,1
500103004,20231121,617,23,21,1,25.06864,121.5107,1
500103004,20231121,618,23,21,1,25.06864,121.5107,1
500103004,20231121,619,23,21,1,25.06864,121.5107,1
500103004,20231121,621,23,21,1,25.06864,121.5107,1
500103004,20231121,622,23,21,1,25.06864,121.5107,1
500103004,20231121,623,23,20,1,25.06864,121.5107,2
500103004,20231121,624,23,20,1,25.06864,121.5107,2
500103004,20231121,625,23,19,1,25.06864,121.5107,3
500103004,20231121,626,23,19,1,25.06864,121.5107,3
500103004,20231121,627,23,18,1,25.06864,121.5107,4
500103004,20231121,628,23,18,1,25.06864,121.5107,4
500103004,20231121,629,23,18,1,25.06864,121.5107,4
500103004,20231121,631,23,18,1,25.06864,121.5107,4
500103004,20231121,632,23,18,1,25.06864,121.5107,4
500103004,20231121,633,23,18,1,25.06864,121.5107,4
500103004,20231121,634,23,18,1,25.06864,121.5107,4
500103004,20231121,635,23,18,1,25.06864,121.5107,4
500103004,20231121,636,23,18,1,25.06864,121.5107,4
500103004,20231121,637,23,18,1,25.06864,121.5107,4
500103004,20231121,638,23,18,1,25.06864,121.5107,4
500103004,20231121,639,23,18,1,25.06864,121.5107,4
500103004,20231121,640,23,18,1,25.06864,121.5107,4
500103004,20231121,641,23,18,1,25.06864,121.5107,4
500103004,20231121,642,23,18,1,25.06864,121.5107,4
500103004,20231121,643,23,18,1,25.06864,121.5107,4
500103004,20231121,644,23,18,1,25.06864,121.5107,4
500103004,20231121,645,23,18,1,25.06864,121.5107,4
500103004,20231121,646,23,18,1,25.06864,121.5107,4
500103004,20231121,647,23,19,1,25.06864,121.5107,3
500103004,20231121,648,23,19,1,25.06864,121.5107,3
500103004,20231121,649,23,19,1,25.06864,121.5107,3
500103004,20231121,650,23,18,1,25.06864,121.5107,4
500103004,20231121,651,23,18,1,25.06864,121.5107,4
500103004,20231121,652,23,18,1,25.06864,121.5107,4
500103004,20231121,653,23,18,1,25.06864,121.5107,4
500103004,20231121,654,23,18,1,25.06864,121.5107,4
500103004,20231121,655,23,18,1,25.06864,121.5107,4
500103004,20231121,656,23,17,1,25.06864,121.5107,5
500103004,20231121,657,23,15,1,25.06864,121.5107,7
500103004,20231121,658,23,14,1,25.06864,121.5107,8
500103004,20231121,659,23,14,1,25.06864,121.5107,8
500103004,20231121,661,23,15,1,25.06864,121.5107,7
500103004,20231121,662,23,15,1,25.06864,121.5107,7
500103004,20231121,663,23,15,1,25.06864,121.5107,7
500103004,20231121,664,23,15,1,25.06864,121.5107,7
500103004,20231121,665,23,15,1,25.06864,121.5107,7
500103004,20231121,666,23,15,1,25.06864,121.5107,7
500103004,20231121,667,23,16,1,25.06864,121.5107,6
500103004,20231121,668,23,16,1,25.06864,121.5107,6
500103004,20231121,669,23,16,1,25.06864,121.5107,6
500103004,20231121,670,23,16,1,25.06864,121.5107,6
500103004,20231121,671,23,16,1,25.06864,121.5107,6
500103004,20231121,672,23,16,1,25.06864,121.5107,6
500103004,20231121,673,23,16,1,25.06864,121.5107,6
500103004,20231121,674,23,16,1,25.06864,121.5107,6
500103004,20231121,675,23,16,1,25.06864,121.5107,6
500103004,20231121,676,23,16,1,25.06864,121.5107,6
500103004,20231121,677,23,16,1,25.06864,121.5107,6
500103004,20231121,678,23,16,1,25.06864,121.5107,6
500103004,20231121,679,23,16,1,25.06864,121.5107,6
500103004,20231121,681,23,16,1,25.06864,121.5107,6
500103004,20231121,682,23,16,1,25.06864,121.5107,6
500103004,20231121,683,23,16,1,25.06864,121.5107,6
500103004,20231121,684,23,16,1,25.06864,121.5107,6
500103004,20231121,685,23,16,1,25.06864,121.5107,6
500103004,20231121,686,23,16,1,25.06864,121.5107,6
500103004,20231121,687,23,16,1,25.06864,121.5107,6
500103004,20231121,688,23,16,1,25.06864,121.5107,6
500103004,20231121,689,23,16,1,25.06864,121.5107,6
500103004,20231121,690,23,16,1,25.06864,121.5107,6
500103004,20231121,691,23,16,1,25.06864,121.5107,6
500103004,20231121,692,23,16,1,25.06864,121.5107,6
500103004,20231121,693,23,16,1,25.06864,121.5107,6
500103004,20231121,694,23,16,1,25.06864,121.5107,6
500103004,20231121,695,23,16,1,25.06864,121.5107,6
500103004,20231121,696,23,16,1,25.06864,121.5107,6
500103004,20231121,697,23,16,1,25.06864,121.5107,6
500103004,20231121,698,23,16,1,25.06864,121.5107,6
500103004,20231121,699,23,16,1,25.06864,121.5107,6
500103004,20231121,701,23,15,1,25.06864,121.5107,7
500103004,20231121,702,23,16,1,25.06864,121.5107,6
500103004,20231121,703,23,16,1,25.06864,121.5107,6
500103004,20231121,704,23,16,1,25.06864,121.5107,6
500103004,20231121,705,23,15,1,25.06864,121.5107,7
500103004,20231121,706,23,15,1,25.06864,121.5107,7
500103004,20231121,707,23,15,1,25.06864,121.5107,7
500103004,20231121,708,23,15,1,25.06864,121.5107,7
500103004,20231121,709,23,16,1,25.06864,121.5107,6
500103004,20231121,711,23,17,1,25.06864,121.5107,5
500103004,20231121,712,23,17,1,25.06864,121.5107,5
500103004,20231121,713,23,17,1,25.06864,121.5107,5
500103004,20231121,714,23,17,1,25.06864,121.5107,5
500103004,20231121,715,23,17,1,25.06864,121.5107,5
500103004,20231121,716,23,17,1,25.06864,121.5107,5
500103004,20231121,717,23,17,1,25.06864,121.5107,5
500103004,20231121,718,23,17,1,25.06864,121.5107,5
500103004,20231121,719,23,17,1,25.06864,121.5107,5
500103004,20231121,721,23,17,1,25.06864,121.5107,5
500103004,20231121,722,23,18,1,25.06864,121.5107,4
500103004,20231121,723,23,18,1,25.06864,121.5107,4
500103004,20231121,724,23,18,1,25.06864,121.5107,4
500103004,20231121,725,23,18,1,25.06864,121.5107,4
500103004,20231121,726,23,18,1,25.06864,121.5107,4
500103004,20231121,727,23,18,1,25.06864,121.5107,4
500103004,20231121,728,23,18,1,25.06864,121.5107,4
500103004,20231121,729,23,18,1,25.06864,121.5107,4
500103004,20231121,731,23,19,1,25.06864,121.5107,3
500103004,20231121,732,23,19,1,25.06864,121.5107,3
500103004,20231121,733,23,19,1,25.06864,121.5107,3
500103004,20231121,734,23,19,1,25.06864,121.5107,3
500103004,20231121,735,23,19,1,25.06864,121.5107,3
500103004,20231121,736,23,19,1,25.06864,121.5107,3
500103004,20231121,737,23,19,1,25.06864,121.5107,3
500103004,20231121,738,23,19,1,25.06864,121.5107,3
500103004,20231121,739,23,19,1,25.06864,121.5107,3
500103004,20231121,741,23,18,1,25.06864,121.5107,4
500103004,20231121,742,23,18,1,25.06864,121.5107,4
500103004,20231121,743,23,18,1,25.06864,121.5107,4
500103004,20231121,744,23,18,1,25.06864,121.5107,4
500103004,20231121,745,23,18,1,25.06864,121.5107,4
500103004,20231121,746,23,18,1,25.06864,121.5107,4
500103004,20231121,747,23,18,1,25.06864,121.5107,4
500103004,20231121,748,23,18,1,25.06864,121.5107,4
500103004,20231121,749,23,18,1,25.06864,121.5107,4
500103004,20231121,751,23,18,1,25.06864,121.5107,4
500103004,20231121,752,23,18,1,25.06864,121.5107,4
500103004,20231121,753,23,18,1,25.06864,121.5107,4
500103004,20231121,754,23,18,1,25.06864,121.5107,4
500103004,20231121,755,23,18,1,25.06864,121.5107,4
500103004,20231121,756,23,18,1,25.06864,121.5107,4
500103004,20231121,757,23,18,1,25.06864,121.5107,4
500103004,20231121,758,23,18,1,25.06864,121.5107,4
500103004,20231121,759,23,19,1,25.06864,121.5107,3
500103004,20231121,760,23,19,1,25.06864,121.5107,3
500103004,20231121,761,23,19,1,25.06864,121.5107,3
500103004,20231121,762,23,21,1,25.06864,121.5107,1
500103004,20231121,763,23,21,1,25.06864,121.5107,1
500103004,20231121,764,23,21,1,25.06864,121.5107,1
500103004,20231121,765,23,21,1,25.06864,121.5107,1
500103004,20231121,766,23,21,1,25.06864,121.5107,1
500103004,20231121,767,23,21,1,25.06864,121.5107,1
500103004,20231121,768,23,21,1,25.06864,121.5107,1
500103004,20231121,769,23,21,1,25.06864,121.5107,1
500103004,20231121,770,23,21,1,25.06864,121.5107,1
500103004,20231121,771,23,21,1,25.06864,121.5107,1
500103004,20231121,772,23,21,1,25.06864,121.5107,1
500103004,20231121,773,23,20,1,25.06864,121.5107,2
500103004,20231121,774,23,20,1,25.06864,121.5107,2
500103004,20231121,775,23,20,1,25.06864,121.5107,2
500103004,20231121,776,23,20,1,25.06864,121.5107,2
500103004,20231121,777,23,20,1,25.06864,121.5107,2
500103004,20231121,778,23,20,1,25.06864,121.5107,2
500103004,20231121,779,23,20,1,25.06864,121.5107,2
500103004,20231121,781,23,20,1,25.06864,121.5107,2
500103004,20231121,782,23,20,1,25.06864,121.5107,2
500103004,20231121,783,23,19,1,25.06864,121.5107,3
500103004,20231121,784,23,19,1,25.06864,121.5107,3
500103004,20231121,785,23,19,1,25.06864,121.5107,3
500103004,20231121,786,23,18,1,25.06864,121.5107,4
500103004,20231121,787,23,18,1,25.06864,121.5107,4
500103004,20231121,788,23,18,1,25.06864,121.5107,4
500103004,20231121,789,23,18,1,25.06864,121.5107,4
500103004,20231121,790,23,18,1,25.06864,121.5107,4
500103004,20231121,791,23,18,1,25.06864,121.5107,4
500103004,20231121,792,23,18,1,25.06864,121.5107,4
500103004,20231121,793,23,16,1,25.06864,121.5107,6
500103004,20231121,794,23,16,1,25.06864,121.5107,6
500103004,20231121,795,23,16,1,25.06864,121.5107,6
500103004,20231121,796,23,16,1,25.06864,121.5107,6
500103004,20231121,797,23,16,1,25.06864,121.5107,6
500103004,20231121,798,23,16,1,25.06864,121.5107,6
500103004,20231121,799,23,16,1,25.06864,121.5107,6
500103004,20231121,801,23,16,1,25.06864,121.5107,6
500103004,20231121,802,23,16,1,25.06864,121.5107,6
500103004,20231121,803,23,16,1,25.06864,121.5107,6
500103004,20231121,804,23,16,1,25.06864,121.5107,6
500103004,20231121,805,23,16,1,25.06864,121.5107,6
500103004,20231121,806,23,16,1,25.06864,121.5107,6
500103004,20231121,807,23,16,1,25.06864,121.5107,6
500103004,20231121,808,23,16,1,25.06864,121.5107,6
500103004,20231121,809,23,17,1,25.06864,121.5107,5
500103004,20231121,810,23,17,1,25.06864,121.5107,5
500103004,20231121,811,23,18,1,25.06864,121.5107,4
500103004,20231121,812,23,18,1,25.06864,121.5107,4
500103004,20231121,813,23,18,1,25.06864,121.5107,4
500103004,20231121,814,23,17,1,25.06864,121.5107,5
500103004,20231121,815,23,18,1,25.06864,121.5107,4
500103004,20231121,816,23,17,1,25.06864,121.5107,5
500103004,20231121,817,23,17,1,25.06864,121.5107,5
500103004,20231121,818,23,17,1,25.06864,121.5107,5
500103004,20231121,819,23,17,1,25.06864,121.5107,5
500103004,20231121,820,23,17,1,25.06864,121.5107,5
500103004,20231121,821,23,17,1,25.06864,121.5107,5
500103004,20231121,822,23,17,1,25.06864,121.5107,5
500103004,20231121,823,23,17,1,25.06864,121.5107,5
500103004,20231121,824,23,18,1,25.06864,121.5107,4
500103004,20231121,825,23,18,1,25.06864,121.5107,4
500103004,20231121,826,23,18,1,25.06864,121.5107,4
500103004,20231121,827,23,18,1,25.06864,121.5107,4
500103004,20231121,828,23,19,1,25.06864,121.5107,3
500103004,20231121,829,23,20,1,25.06864,121.5107,2
500103004,20231121,830,23,20,1,25.06864,121.5107,2
500103004,20231121,831,23,20,1,25.06864,121.5107,2
500103004,20231121,832,23,20,1,25.06864,121.5107,2
500103004,20231121,833,23,20,1,25.06864,121.5107,2
500103004,20231121,834,23,20,1,25.06864,121.5107,2
500103004,20231121,835,23,20,1,25.06864,121.5107,2
500103004,20231121,836,23,22,1,25.06864,121.5107,0
500103004,20231121,837,23,22,1,25.06864,121.5107,0
500103004,20231121,838,23,22,1,25.06864,121.5107,0
500103004,20231121,839,23,22,1,25.06864,121.5107,0
500103004,20231121,841,23,21,1,25.06864,121.5107,1
500103004,20231121,842,23,21,1,25.06864,121.5107,1
500103004,20231121,843,23,21,1,25.06864,121.5107,1
500103004,20231121,844,23,21,1,25.06864,121.5107,1
500103004,20231121,845,23,21,1,25.06864,121.5107,1
500103004,20231121,846,23,21,1,25.06864,121.5107,1
500103004,20231121,847,23,21,1,25.06864,121.5107,1
500103004,20231121,848,23,21,1,25.06864,121.5107,1
500103004,20231121,849,23,21,1,25.06864,121.5107,1
500103004,20231121,850,23,21,1,25.06864,121.5107,1
500103004,20231121,851,23,21,1,25.06864,121.5107,1
500103004,20231121,852,23,21,1,25.06864,121.5107,1
500103004,20231121,853,23,21,1,25.06864,121.5107,1
500103004,20231121,854,23,21,1,25.06864,121.5107,1
500103004,20231121,855,23,21,1,25.06864,121.5107,1
500103004,20231121,856,23,21,1,25.06864,121.5107,1
500103004,20231121,857,23,21,1,25.06864,121.5107,1
500103004,20231121,858,23,21,1,25.06864,121.5107,1
500103004,20231121,859,23,21,1,25.06864,121.5107,1
500103004,20231121,861,23,21,1,25.06864,121.5107,1
500103004,20231121,862,23,21,1,25.06864,121.5107,1
500103004,20231121,863,23,21,1,25.06864,121.5107,1
500103004,20231121,864,23,21,1,25.06864,121.5107,1
500103004,20231121,865,23,21,1,25.06864,121.5107,1
500103004,20231121,866,23,21,1,25.06864,121.5107,1
500103004,20231121,867,23,21,1,25.06864,121.5107,1
500103004,20231121,868,23,21,1,25.06864,121.5107,1
500103004,20231121,869,23,21,1,25.06864,121.5107,1
500103004,20231121,870,23,21,1,25.06864,121.5107,1
500103004,20231121,871,23,21,1,25.06864,121.5107,1
500103004,20231121,872,23,21,1,25.06864,121.5107,1
500103004,20231121,873,23,21,1,25.06864,121.5107,1
500103004,20231121,874,23,22,1,25.06864,121.5107,0
500103004,20231121,875,23,22,1,25.06864,121.5107,0
500103004,20231121,876,23,21,1,25.06864,121.5107,1
500103004,20231121,877,23,21,1,25.06864,121.5107,1
500103004,20231121,878,23,21,1,25.06864,121.5107,1
500103004,20231121,879,23,21,1,25.06864,121.5107,1
500103004,20231121,880,23,21,1,25.06864,121.5107,1
500103004,20231121,881,23,21,1,25.06864,121.5107,1
500103004,20231121,882,23,21,1,25.06864,121.5107,1
500103004,20231121,883,23,21,1,25.06864,121.5107,1
500103004,20231121,884,23,21,1,25.06864,121.5107,1
500103004,20231121,885,23,21,1,25.06864,121.5107,1
500103004,20231121,886,23,21,1,25.06864,121.5107,1
500103004,20231121,887,23,21,1,25.06864,121.5107,1
500103004,20231121,888,23,21,1,25.06864,121.5107,1
500103004,20231121,889,23,21,1,25.06864,121.5107,1
500103004,20231121,890,23,22,1,25.06864,121.5107,0
500103004,20231121,891,23,22,1,25.06864,121.5107,0
500103004,20231121,892,23,22,1,25.06864,121.5107,0
500103004,20231121,893,23,22,1,25.06864,121.5107,0
500103004,20231121,895,23,22,1,25.06864,121.5107,0
500103004,20231121,896,23,22,1,25.06864,121.5107,0
500103004,20231121,897,23,22,1,25.06864,121.5107,0
500103004,20231121,898,23,22,1,25.06864,121.5107,0
500103004,20231121,899,23,22,1,25.06864,121.5107,0
500103004,20231121,901,23,22,1,25.06864,121.5107,0
500103004,20231121,902,23,22,1,25.06864,121.5107,0
500103004,20231121,903,23,22,1,25.06864,121.5107,0
500103004,20231121,904,23,22,1,25.06864,121.5107,0
500103004,20231121,905,23,22,1,25.06864,121.5107,0
500103004,20231121,906,23,22,1,25.06864,121.5107,0
500103004,20231121,907,23,22,1,25.06864,121.5107,0
500103004,20231121,908,23,22,1,25.06864,121.5107,0
500103004,20231121,909,23,22,1,25.06864,121.5107,0
500103004,20231121,911,23,22,1,25.06864,121.5107,0
500103004,20231121,912,23,22,1,25.06864,121.5107,0
500103004,20231121,913,23,22,1,25.06864,121.5107,0
500103004,20231121,914,23,22,1,25.06864,121.5107,0
500103004,20231121,915,23,22,1,25.06864,121.5107,0
500103004,20231121,916,23,22,1,25.06864,121.5107,0
500103004,20231121,917,23,22,1,25.06864,121.5107,0
500103004,20231121,918,23,21,1,25.06864,121.5107,1
500103004,20231121,919,23,21,1,25.06864,121.5107,1
500103004,20231121,921,23,21,1,25.06864,121.5107,1
500103004,20231121,922,23,21,1,25.06864,121.5107,1
500103004,20231121,923,23,21,1,25.06864,121.5107,1
500103004,20231121,924,23,21,1,25.06864,121.5107,1
500103004,20231121,925,23,21,1,25.06864,121.5107,1
500103004,20231121,926,23,21,1,25.06864,121.5107,1
500103004,20231121,927,23,21,1,25.06864,121.5107,1
500103004,20231121,928,23,20,1,25.06864,121.5107,2
500103004,20231121,929,23,20,1,25.06864,121.5107,2
500103004,20231121,931,23,20,1,25.06864,121.5107,2
500103004,20231121,932,23,19,1,25.06864,121.5107,3
500103004,20231121,933,23,19,1,25.06864,121.5107,3
500103004,20231121,934,23,19,1,25.06864,121.5107,3
500103004,20231121,935,23,17,1,25.06864,121.5107,5
500103004,20231121,936,23,18,1,25.06864,121.5107,4
500103004,20231121,937,23,18,1,25.06864,121.5107,4
500103004,20231121,938,23,18,1,25.06864,121.5107,4
500103004,20231121,939,23,18,1,25.06864,121.5107,4
500103004,20231121,941,23,18,1,25.06864,121.5107,4
500103004,20231121,942,23,18,1,25.06864,121.5107,4
500103004,20231121,943,23,18,1,25.06864,121.5107,4
500103004,20231121,944,23,18,1,25.06864,121.5107,4
500103004,20231121,945,23,18,1,25.06864,121.5107,4
500103004,20231121,946,23,19,1,25.06864,121.5107,3
500103004,20231121,947,23,20,1,25.06864,121.5107,2
500103004,20231121,948,23,20,1,25.06864,121.5107,2
500103004,20231121,949,23,20,1,25.06864,121.5107,2
500103004,20231121,951,23,20,1,25.06864,121.5107,2
500103004,20231121,952,23,19,1,25.06864,121.5107,3
500103004,20231121,953,23,19,1,25.06864,121.5107,3
500103004,20231121,954,23,18,1,25.06864,121.5107,4
500103004,20231121,955,23,18,1,25.06864,121.5107,4
500103004,20231121,956,23,18,1,25.06864,121.5107,4
500103004,20231121,957,23,18,1,25.06864,121.5107,4
500103004,20231121,958,23,18,1,25.06864,121.5107,4
500103004,20231121,959,23,19,1,25.06864,121.5107,3
500103004,20231121,961,23,19,1,25.06864,121.5107,3
500103004,20231121,962,23,20,1,25.06864,121.5107,2
500103004,20231121,963,23,20,1,25.06864,121.5107,2
500103004,20231121,964,23,20,1,25.06864,121.5107,2
500103004,20231121,965,23,20,1,25.06864,121.5107,2
500103004,20231121,966,23,20,1,25.06864,121.5107,2
500103004,20231121,967,23,20,1,25.06864,121.5107,2
500103004,20231121,968,23,20,1,25.06864,121.5107,2
500103004,20231121,969,23,20,1,25.06864,121.5107,2
500103004,20231121,971,23,20,1,25.06864,121.5107,2
500103004,20231121,972,23,19,1,25.06864,121.5107,3
500103004,20231121,973,23,19,1,25.06864,121.5107,3
500103004,20231121,974,23,19,1,25.06864,121.5107,3
500103004,20231121,975,23,19,1,25.06864,121.5107,3
500103004,20231121,976,23,18,1,25.06864,121.5107,4
500103004,20231121,977,23,18,1,25.06864,121.5107,4
500103004,20231121,978,23,18,1,25.06864,121.5107,4
500103004,20231121,979,23,18,1,25.06864,121.5107,4
500103004,20231121,981,23,16,1,25.06864,121.5107,6
500103004,20231121,982,23,15,1,25.06864,121.5107,7
500103004,20231121,983,23,15,1,25.06864,121.5107,7
500103004,20231121,984,23,15,1,25.06864,121.5107,7
500103004,20231121,985,23,15,1,25.06864,121.5107,7
500103004,20231121,986,23,15,1,25.06864,121.5107,7
500103004,20231121,988,23,15,1,25.06864,121.5107,7
500103004,20231121,989,23,16,1,25.06864,121.5107,6
500103004,20231121,991,23,16,1,25.06864,121.5107,6
500103004,20231121,992,23,16,1,25.06864,121.5107,6
500103004,20231121,993,23,16,1,25.06864,121.5107,6
500103004,20231121,994,23,16,1,25.06864,121.5107,6
500103004,20231121,995,23,16,1,25.06864,121.5107,6
500103004,20231121,996,23,17,1,25.06864,121.5107,5
500103004,20231121,997,23,17,1,25.06864,121.5107,5
500103004,20231121,998,23,17,1,25.06864,121.5107,5
500103004,20231121,999,23,17,1,25.06864,121.5107,5
500103004,20231121,1000,23,16,1,25.06864,121.5107,6
500103004,20231121,1001,23,16,1,25.06864,121.5107,6
500103004,20231121,1002,23,16,1,25.06864,121.5107,6
500103004,20231121,1003,23,16,1,25.06864,121.5107,6
500103004,20231121,1004,23,16,1,25.06864,121.5107,6
500103004,20231121,1005,23,16,1,25.06864,121.5107,6
500103004,20231121,1006,23,16,1,25.06864,121.5107,6
500103004,20231121,1007,23,14,1,25.06864,121.5107,8
500103004,20231121,1008,23,14,1,25.06864,121.5107,8
500103004,20231121,1009,23,14,1,25.06864,121.5107,8
500103004,20231121,1010,23,14,1,25.06864,121.5107,8
500103004,20231121,1011,23,14,1,25.06864,121.5107,8
500103004,20231121,1012,23,15,1,25.06864,121.5107,7
500103004,20231121,1013,23,15,1,25.06864,121.5107,7
500103004,20231121,1014,23,15,1,25.06864,121.5107,7
500103004,20231121,1015,23,15,1,25.06864,121.5107,7
500103004,20231121,1016,23,14,1,25.06864,121.5107,8
500103004,20231121,1017,23,14,1,25.06864,121.5107,8
500103004,20231121,1018,23,15,1,25.06864,121.5107,7
500103004,20231121,1019,23,15,1,25.06864,121.5107,7
500103004,20231121,1021,23,15,1,25.06864,121.5107,7
500103004,20231121,1022,23,16,1,25.06864,121.5107,6
500103004,20231121,1023,23,15,1,25.06864,121.5107,7
500103004,20231121,1024,23,15,1,25.06864,121.5107,7
500103004,20231121,1025,23,15,1,25.06864,121.5107,7
500103004,20231121,1026,23,15,1,25.06864,121.5107,7
500103004,20231121,1027,23,15,1,25.06864,121.5107,7
500103004,20231121,1028,23,14,1,25.06864,121.5107,8
500103004,20231121,1029,23,14,1,25.06864,121.5107,8
500103004,20231121,1030,23,14,1,25.06864,121.5107,8
500103004,20231121,1031,23,13,1,25.06864,121.5107,9
500103004,20231121,1032,23,13,1,25.06864,121.5107,9
500103004,20231121,1033,23,13,1,25.06864,121.5107,9
500103004,20231121,1034,23,12,1,25.06864,121.5107,10
500103004,20231121,1035,23,12,1,25.06864,121.5107,10
500103004,20231121,1036,23,12,1,25.06864,121.5107,10
500103004,20231121,1037,23,12,1,25.06864,121.5107,10
500103004,20231121,1038,23,13,1,25.06864,121.5107,9
500103004,20231121,1039,23,13,1,25.06864,121.5107,9
500103004,20231121,1041,23,12,1,25.06864,121.5107,10
500103004,20231121,1042,23,12,1,25.06864,121.5107,10
500103004,20231121,1043,23,12,1,25.06864,121.5107,10
500103004,20231121,1044,23,12,1,25.06864,121.5107,10
500103004,20231121,1045,23,11,1,25.06864,121.5107,11
500103004,20231121,1046,23,11,1,25.06864,121.5107,11
500103004,20231121,1047,23,13,1,25.06864,121.5107,9
500103004,20231121,1048,23,13,1,25.06864,121.5107,9
500103004,20231121,1049,23,14,1,25.06864,121.5107,8
500103004,20231121,1051,23,15,1,25.06864,121.5107,7
500103004,20231121,1052,23,13,1,25.06864,121.5107,9
500103004,20231121,1053,23,13,1,25.06864,121.5107,9
500103004,20231121,1054,23,13,1,25.06864,121.5107,9
500103004,20231121,1055,23,13,1,25.06864,121.5107,9
500103004,20231121,1056,23,12,1,25.06864,121.5107,10
500103004,20231121,1057,23,11,1,25.06864,121.5107,11
500103004,20231121,1058,23,10,1,25.06864,121.5107,12
500103004,20231121,1059,23,10,1,25.06864,121.5107,12
500103004,20231121,1060,23,10,1,25.06864,121.5107,12
500103004,20231121,1061,23,10,1,25.06864,121.5107,12
500103004,20231121,1062,23,10,1,25.06864,121.5107,12
500103004,20231121,1063,23,10,1,25.06864,121.5107,12
500103004,20231121,1064,23,9,1,25.06864,121.5107,13
500103004,20231121,1066,23,10,1,25.06864,121.5107,12
500103004,20231121,1067,23,10,1,25.06864,121.5107,12
500103004,20231121,1068,23,10,1,25.06864,121.5107,12
500103004,20231121,1069,23,10,1,25.06864,121.5107,12
500103004,20231121,1071,23,10,1,25.06864,121.5107,12
500103004,20231121,1072,23,10,1,25.06864,121.5107,12
500103004,20231121,1073,23,9,1,25.06864,121.5107,13
500103004,20231121,1074,23,8,1,25.06864,121.5107,14
500103004,20231121,1075,23,8,1,25.06864,121.5107,14
500103004,20231121,1076,23,8,1,25.06864,121.5107,14
500103004,20231121,1077,23,7,1,25.06864,121.5107,15
500103004,20231121,1078,23,7,1,25.06864,121.5107,15
500103004,20231121,1079,23,7,1,25.06864,121.5107,15
500103004,20231121,1081,23,5,1,25.06864,121.5107,17
500103004,20231121,1082,23,6,1,25.06864,121.5107,16
500103004,20231121,1083,23,7,1,25.06864,121.5107,15
500103004,20231121,1084,23,7,1,25.06864,121.5107,15
500103004,20231121,1085,23,7,1,25.06864,121.5107,15
500103004,20231121,1086,23,7,1,25.06864,121.5107,15
500103004,20231121,1087,23,7,1,25.06864,121.5107,15
500103004,20231121,1088,23,7,1,25.06864,121.5107,15
500103004,20231121,1089,23,5,1,25.06864,121.5107,17
500103004,20231121,1091,23,5,1,25.06864,121.5107,17
500103004,20231121,1092,23,5,1,25.06864,121.5107,17
500103004,20231121,1093,23,6,1,25.06864,121.5107,16
500103004,20231121,1094,23,6,1,25.06864,121.5107,16
500103004,20231121,1095,23,6,1,25.06864,121.5107,16
500103004,20231121,1096,23,6,1,25.06864,121.5107,16
500103004,20231121,1097,23,6,1,25.06864,121.5107,16
500103004,20231121,1098,23,7,1,25.06864,121.5107,15
500103004,20231121,1099,23,7,1,25.06864,121.5107,15
500103004,20231121,1101,23,6,1,25.06864,121.5107,16
500103004,20231121,1102,23,8,1,25.06864,121.5107,14
500103004,20231121,1103,23,8,1,25.06864,121.5107,14
500103004,20231121,1104,23,7,1,25.06864,121.5107,15
500103004,20231121,1105,23,9,1,25.06864,121.5107,13
500103004,20231121,1106,23,10,1,25.06864,121.5107,12
500103004,20231121,1107,23,13,1,25.06864,121.5107,9
500103004,20231121,1108,23,18,1,25.06864,121.5107,4
500103004,20231121,1109,23,17,1,25.06864,121.5107,5
500103004,20231121,1111,23,17,1,25.06864,121.5107,5
500103004,20231121,1112,23,19,1,25.06864,121.5107,3
500103004,20231121,1113,23,19,1,25.06864,121.5107,3
500103004,20231121,1114,23,19,1,25.06864,121.5107,3
500103004,20231121,1115,23,19,1,25.06864,121.5107,3
500103004,20231121,1116,23,18,1,25.06864,121.5107,4
500103004,20231121,1117,23,18,1,25.06864,121.5107,4
500103004,20231121,1118,23,18,1,25.06864,121.5107,4
500103004,20231121,1119,23,17,1,25.06864,121.5107,5
500103004,20231121,1121,23,17,1,25.06864,121.5107,5
500103004,20231121,1122,23,17,1,25.06864,121.5107,5
500103004,20231121,1123,23,17,1,25.06864,121.5107,5
500103004,20231121,1124,23,15,1,25.06864,121.5107,7
500103004,20231121,1125,23,15,1,25.06864,121.5107,7
500103004,20231121,1126,23,15,1,25.06864,121.5107,7
500103004,20231121,1127,23,14,1,25.06864,121.5107,8
500103004,20231121,1128,23,13,1,25.06864,121.5107,9
500103004,20231121,1129,23,13,1,25.06864,121.5107,9
500103004,20231121,1131,23,10,1,25.06864,121.5107,12
500103004,20231121,1132,23,10,1,25.06864,121.5107,12
500103004,20231121,1133,23,9,1,25.06864,121.5107,13
500103004,20231121,1134,23,8,1,25.06864,121.5107,14
500103004,20231121,1135,23,8,1,25.06864,121.5107,14
500103004,20231121,1136,23,6,1,25.06864,121.5107,16
500103004,20231121,1137,23,7,1,25.06864,121.5107,15
500103004,20231121,1138,23,7,1,25.06864,121.5107,15
500103004,20231121,1139,23,6,1,25.06864,121.5107,16
500103004,20231121,1141,23,6,1,25.06864,121.5107,16
500103004,20231121,1142,23,5,1,25.06864,121.5107,17
500103004,20231121,1143,23,5,1,25.06864,121.5107,17
500103004,20231121,1144,23,5,1,25.06864,121.5107,17
500103004,20231121,1145,23,4,1,25.06864,121.5107,18
500103004,20231121,1146,23,3,1,25.06864,121.5107,19
500103004,20231121,1147,23,3,1,25.06864,121.5107,19
500103004,20231121,1148,23,1,1,25.06864,121.5107,21
500103004,20231121,1149,23,1,1,25.06864,121.5107,21
500103004,20231121,1151,23,0,1,25.06864,121.5107,22
500103004,20231121,1152,23,0,1,25.06864,121.5107,22
500103004,20231121,1153,23,0,1,25.06864,121.5107,22
500103004,20231121,1154,23,0,1,25.06864,121.5107,22
500103004,20231121,1155,23,0,1,25.06864,121.5107,22
500103004,20231121,1156,23,0,1,25.06864,121.5107,22
500103004,20231121,1157,23,0,1,25.06864,121.5107,22
500103004,20231121,1158,23,1,1,25.06864,121.5107,21
500103004,20231121,1159,23,0,1,25.06864,121.5107,22
500103004,20231121,1161,23,0,1,25.06864,121.5107,22
500103004,20231121,1162,23,0,1,25.06864,121.5107,22
500103004,20231121,1163,23,0,1,25.06864,121.5107,22
500103004,20231121,1164,23,0,1,25.06864,121.5107,22
500103004,20231121,1165,23,1,1,25.06864,121.5107,21
500103004,20231121,1166,23,3,1,25.06864,121.5107,19
500103004,20231121,1167,23,5,1,25.06864,121.5107,17
500103004,20231121,1168,23,13,1,25.06864,121.5107,9
500103004,20231121,1169,23,14,1,25.06864,121.5107,8
500103004,20231121,1171,23,14,1,25.06864,121.5107,8
500103004,20231121,1172,23,18,1,25.06864,121.5107,4
500103004,20231121,1173,23,18,1,25.06864,121.5107,4
500103004,20231121,1174,23,18,1,25.06864,121.5107,4
500103004,20231121,1175,23,18,1,25.06864,121.5107,4
500103004,20231121,1176,23,18,1,25.06864,121.5107,4
500103004,20231121,1177,23,18,1,25.06864,121.5107,4
500103004,20231121,1178,23,18,1,25.06864,121.5107,4
500103004,20231121,1179,23,18,1,25.06864,121.5107,4
500103004,20231121,1181,23,17,1,25.06864,121.5107,5
500103004,20231121,1182,23,15,1,25.06864,121.5107,7
500103004,20231121,1183,23,15,1,25.06864,121.5107,7
500103004,20231121,1184,23,15,1,25.06864,121.5107,7
500103004,20231121,1185,23,16,1,25.06864,121.5107,6
500103004,20231121,1186,23,16,1,25.06864,121.5107,6
500103004,20231121,1187,23,16,1,25.06864,121.5107,6
500103004,20231121,1188,23,16,1,25.06864,121.5107,6
500103004,20231121,1189,23,16,1,25.06864,121.5107,6
500103004,20231121,1190,23,16,1,25.06864,121.5107,6
500103004,20231121,1191,23,16,1,25.06864,121.5107,6
500103004,20231121,1192,23,16,1,25.06864,121.5107,6
500103004,20231121,1193,23,16,1,25.06864,121.5107,6
500103004,20231121,1194,23,16,1,25.06864,121.5107,6
500103004,20231121,1195,23,16,1,25.06864,121.5107,6
500103004,20231121,1196,23,16,1,25.06864,121.5107,6
500103004,20231121,1197,23,15,1,25.06864,121.5107,7
500103004,20231121,1198,23,15,1,25.06864,121.5107,7
500103004,20231121,1199,23,15,1,25.06864,121.5107,7
500103004,20231121,1201,23,15,1,25.06864,121.5107,7
500103004,20231121,1202,23,15,1,25.06864,121.5107,7
500103004,20231121,1203,23,15,1,25.06864,121.5107,7
500103004,20231121,1204,23,13,1,25.06864,121.5107,9
500103004,20231121,1207,23,11,1,25.06864,121.5107,11
500103004,20231121,1208,23,12,1,25.06864,121.5107,10
500103004,20231121,1209,23,12,1,25.06864,121.5107,10
500103004,20231121,1210,23,12,1,25.06864,121.5107,10
500103004,20231121,1211,23,12,1,25.06864,121.5107,10
500103004,20231121,1212,23,14,1,25.06864,121.5107,8
500103004,20231121,1213,23,14,1,25.06864,121.5107,8
500103004,20231121,1214,23,14,1,25.06864,121.5107,8
500103004,20231121,1215,23,14,1,25.06864,121.5107,8
500103004,20231121,1216,23,14,1,25.06864,121.5107,8
500103004,20231121,1217,23,14,1,25.06864,121.5107,8
500103004,20231121,1218,23,14,1,25.06864,121.5107,8
500103004,20231121,1219,23,14,1,25.06864,121.5107,8
500103004,20231121,1221,23,14,1,25.06864,121.5107,8
500103004,20231121,1222,23,14,1,25.06864,121.5107,8
500103004,20231121,1223,23,14,1,25.06864,121.5107,8
500103004,20231121,1224,23,14,1,25.06864,121.5107,8
500103004,20231121,1225,23,14,1,25.06864,121.5107,8
500103004,20231121,1226,23,14,1,25.06864,121.5107,8
500103004,20231121,1227,23,14,1,25.06864,121.5107,8
500103004,20231121,1228,23,14,1,25.06864,121.5107,8
500103004,20231121,1229,23,14,1,25.06864,121.5107,8
500103004,20231121,1231,23,14,1,25.06864,121.5107,8
500103004,20231121,1232,23,14,1,25.06864,121.5107,8
500103004,20231121,1234,23,14,1,25.06864,121.5107,8
500103004,20231121,1235,23,14,1,25.06864,121.5107,8
500103004,20231121,1236,23,14,1,25.06864,121.5107,8
500103004,20231121,1237,23,14,1,25.06864,121.5107,8
500103004,20231121,1238,23,14,1,25.06864,121.5107,8
500103004,20231121,1239,23,14,1,25.06864,121.5107,8
500103004,20231121,1240,23,14,1,25.06864,121.5107,8
500103004,20231121,1241,23,14,1,25.06864,121.5107,8
500103004,20231121,1242,23,14,1,25.06864,121.5107,8
500103004,20231121,1243,23,14,1,25.06864,121.5107,8
500103004,20231121,1244,23,14,1,25.06864,121.5107,8
500103004,20231121,1245,23,15,1,25.06864,121.5107,7
500103004,20231121,1246,23,15,1,25.06864,121.5107,7
500103004,20231121,1247,23,15,1,25.06864,121.5107,7
500103004,20231121,1248,23,15,1,25.06864,121.5107,7
500103004,20231121,1249,23,15,1,25.06864,121.5107,7
500103004,20231121,1250,23,16,1,25.06864,121.5107,6
500103004,20231121,1251,23,15,1,25.06864,121.5107,7
500103004,20231121,1259,23,14,1,25.06864,121.5107,8
500103004,20231121,1329,23,2,1,25.06864,121.5107,20
500103004,20231121,1332,23,2,1,25.06864,121.5107,20
500103004,20231121,1333,23,2,1,25.06864,121.5107,20
500103004,20231121,1334,23,2,1,25.06864,121.5107,20
500103004,20231121,1335,23,2,1,25.06864,121.5107,20
500103004,20231121,1336,23,1,1,25.06864,121.5107,21
500103004,20231121,1337,23,1,1,25.06864,121.5107,21
500103004,20231121,1339,23,1,1,25.06864,121.5107,21
500103004,20231121,1342,23,1,1,25.06864,121.5107,21
500103004,20231121,1343,23,1,1,25.06864,121.5107,21
500103004,20231121,1344,23,0,1,25.06864,121.5107,22
500103004,20231121,1345,23,0,1,25.06864,121.5107,22
500103004,20231121,1347,23,0,1,25.06864,121.5107,22
500103004,20231121,1348,23,0,1,25.06864,121.5107,22
500103004,20231121,1349,23,0,1,25.06864,121.5107,22
500103004,20231121,1351,23,0,1,25.06864,121.5107,22
500103004,20231121,1352,23,0,1,25.06864,121.5107,22
500103004,20231121,1353,23,0,1,25.06864,121.5107,22
500103004,20231121,1355,23,0,1,25.06864,121.5107,22
500103004,20231121,1356,23,0,1,25.06864,121.5107,22
500103004,20231121,1357,23,0,1,25.06864,121.5107,22
500103004,20231121,1358,23,1,1,25.06864,121.5107,21
500103004,20231121,1359,23,1,1,25.06864,121.5107,21
500103004,20231121,1360,23,1,1,25.06864,121.5107,21
500103004,20231121,1362,23,1,1,25.06864,121.5107,21
500103004,20231121,1363,23,1,1,25.06864,121.5107,21
500103004,20231121,1364,23,0,1,25.06864,121.5107,22
500103004,20231121,1366,23,0,1,25.06864,121.5107,22
500103004,20231121,1367,23,0,1,25.06864,121.5107,22
500103004,20231121,1368,23,0,1,25.06864,121.5107,22
500103004,20231121,1369,23,0,1,25.06864,121.5107,22
500103004,20231121,1371,23,0,1,25.06864,121.5107,22
500103004,20231121,1373,23,1,1,25.06864,121.5107,21
500103004,20231121,1374,23,0,1,25.06864,121.5107,22
500103004,20231121,1375,23,0,1,25.06864,121.5107,22
500103004,20231121,1376,23,0,1,25.06864,121.5107,22
500103004,20231121,1377,23,0,1,25.06864,121.5107,22
500103004,20231121,1378,23,0,1,25.06864,121.5107,22
500103004,20231121,1379,23,0,1,25.06864,121.5107,22
500103004,20231121,1381,23,0,1,25.06864,121.5107,22
500103004,20231121,1382,23,0,1,25.06864,121.5107,22
500103004,20231121,1383,23,0,1,25.06864,121.5107,22
500103004,20231121,1385,23,0,1,25.06864,121.5107,22
500103004,20231121,1386,23,0,1,25.06864,121.5107,22
500103004,20231121,1388,23,0,1,25.06864,121.5107,22
500103004,20231121,1389,23,0,1,25.06864,121.5107,22
500103004,20231121,1391,23,0,1,25.06864,121.5107,22
500103004,20231121,1392,23,0,1,25.06864,121.5107,22
500103004,20231121,1393,23,0,1,25.06864,121.5107,22
500103004,20231121,1394,23,0,1,25.06864,121.5107,22
500103004,20231121,1395,23,0,1,25.06864,121.5107,22
500103004,20231121,1396,23,0,1,25.06864,121.5107,22
500103004,20231121,1397,23,0,1,25.06864,121.5107,22
500103004,20231121,1398,23,0,1,25.06864,121.5107,22
500103004,20231121,1399,23,0,1,25.06864,121.5107,22
500103004,20231121,1401,23,0,1,25.06864,121.5107,22
500103004,20231121,1402,23,0,1,25.06864,121.5107,22
500103004,20231121,1403,23,0,1,25.06864,121.5107,22
500103004,20231121,1404,23,0,1,25.06864,121.5107,22
500103004,20231121,1405,23,0,1,25.06864,121.5107,22
500103004,20231121,1406,23,0,1,25.06864,121.5107,22
500103004,20231121,1407,23,0,1,25.06864,121.5107,22
500103004,20231121,1408,23,0,1,25.06864,121.5107,22
500103004,20231121,1409,23,0,1,25.06864,121.5107,22
500103004,20231121,1411,23,0,1,25.06864,121.5107,22
500103004,20231121,1413,23,0,1,25.06864,121.5107,22
500103004,20231121,1415,23,0,1,25.06864,121.5107,22
500103004,20231121,1416,23,1,1,25.06864,121.5107,21
500103004,20231121,1418,23,0,1,25.06864,121.5107,22
500103004,20231121,1419,23,0,1,25.06864,121.5107,22
500103004,20231121,1421,23,0,1,25.06864,121.5107,22
500103004,20231121,1422,23,0,1,25.06864,121.5107,22
500103004,20231121,1423,23,0,1,25.06864,121.5107,22
500103004,20231121,1424,23,0,1,25.06864,121.5107,22
500103004,20231121,1425,23,0,1,25.06864,121.5107,22
500103004,20231121,1426,23,0,1,25.06864,121.5107,22
500103004,20231121,1428,23,0,1,25.06864,121.5107,22
500103004,20231121,1429,23,0,1,25.06864,121.5107,22
500103004,20231121,1431,23,0,1,25.06864,121.5107,22
500103004,20231121,1432,23,0,1,25.06864,121.5107,22
500103004,20231121,1433,23,0,1,25.06864,121.5107,22
500103004,20231121,1434,23,0,1,25.06864,121.5107,22
500103004,20231121,1435,23,0,1,25.06864,121.5107,22
500103004,20231121,1436,23,0,1,25.06864,121.5107,22
500103004,20231121,1437,23,0,1,25.06864,121.5107,22
500103004,20231121,1438,23,0,1,25.06864,121.5107,22
500103004,20231121,1439,23,0,1,25.06864,121.5107,22
500103004,20231122,0,23,0,1,25.06864,121.5107,22
500103004,20231122,1,23,0,1,25.06864,121.5107,22
500103004,20231122,2,23,0,1,25.06864,121.5107,22
500103004,20231122,3,23,0,1,25.06864,121.5107,22
500103004,20231122,4,23,0,1,25.06864,121.5107,22
500103004,20231122,5,23,0,1,25.06864,121.5107,22
500103004,20231122,6,23,0,1,25.06864,121.5107,22
500103004,20231122,7,23,0,1,25.06864,121.5107,22
500103004,20231122,8,23,0,1,25.06864,121.5107,22
500103004,20231122,9,23,0,1,25.06864,121.5107,22
500103004,20231122,10,23,0,1,25.06864,121.5107,22
500103004,20231122,11,23,0,1,25.06864,121.5107,22
500103004,20231122,12,23,0,1,25.06864,121.5107,22
500103004,20231122,13,23,0,1,25.06864,121.5107,22
500103004,20231122,14,23,0,1,25.06864,121.5107,22
500103004,20231122,15,23,0,1,25.06864,121.5107,22
500103004,20231122,16,23,0,1,25.06864,121.5107,22
500103004,20231122,17,23,0,1,25.06864,121.5107,22
500103004,20231122,18,23,0,1,25.06864,121.5107,22
500103004,20231122,19,23,0,1,25.06864,121.5107,22
500103004,20231122,21,23,0,1,25.06864,121.5107,22
500103004,20231122,22,23,0,1,25.06864,121.5107,22
500103004,20231122,23,23,0,1,25.06864,121.5107,22
500103004,20231122,24,23,0,1,25.06864,121.5107,22
500103004,20231122,25,23,0,1,25.06864,121.5107,22
500103004,20231122,26,23,0,1,25.06864,121.5107,22
500103004,20231122,27,23,0,1,25.06864,121.5107,22
500103004,20231122,28,23,0,1,25.06864,121.5107,22
500103004,20231122,29,23,0,1,25.06864,121.5107,22
500103004,20231122,30,23,0,1,25.06864,121.5107,22
500103004,20231122,31,23,0,1,25.06864,121.5107,22
500103004,20231122,32,23,0,1,25.06864,121.5107,22
500103004,20231122,33,23,0,1,25.06864,121.5107,22
500103004,20231122,34,23,0,1,25.06864,121.5107,22
500103004,20231122,35,23,0,1,25.06864,121.5107,22
500103004,20231122,36,23,0,1,25.06864,121.5107,22
500103004,20231122,37,23,0,1,25.06864,121.5107,22
500103004,20231122,38,23,0,1,25.06864,121.5107,22
500103004,20231122,39,23,0,1,25.06864,121.5107,22
500103004,20231122,40,23,0,1,25.06864,121.5107,22
500103004,20231122,41,23,0,1,25.06864,121.5107,22
500103004,20231122,42,23,0,1,25.06864,121.5107,22
500103004,20231122,43,23,0,1,25.06864,121.5107,22
500103004,20231122,44,23,0,1,25.06864,121.5107,22
500103004,20231122,45,23,0,1,25.06864,121.5107,22
500103004,20231122,46,23,0,1,25.06864,121.5107,22
500103004,20231122,47,23,0,1,25.06864,121.5107,22
500103004,20231122,48,23,0,1,25.06864,121.5107,22
500103004,20231122,49,23,0,1,25.06864,121.5107,22
500103004,20231122,50,23,0,1,25.06864,121.5107,22
500103004,20231122,51,23,0,1,25.06864,121.5107,22
500103004,20231122,52,23,0,1,25.06864,121.5107,22
500103004,20231122,53,23,0,1,25.06864,121.5107,22
500103004,20231122,54,23,0,1,25.06864,121.5107,22
500103004,20231122,55,23,0,1,25.06864,121.5107,22
500103004,20231122,56,23,0,1,25.06864,121.5107,22
500103004,20231122,57,23,0,1,25.06864,121.5107,22
500103004,20231122,58,23,0,1,25.06864,121.5107,22
500103004,20231122,59,23,0,1,25.06864,121.5107,22
500103004,20231122,60,23,0,1,25.06864,121.5107,22
500103004,20231122,61,23,0,1,25.06864,121.5107,22
500103004,20231122,62,23,0,1,25.06864,121.5107,22
500103004,20231122,63,23,0,1,25.06864,121.5107,22
500103004,20231122,64,23,0,1,25.06864,121.5107,22
500103004,20231122,65,23,0,1,25.06864,121.5107,22
500103004,20231122,66,23,0,1,25.06864,121.5107,22
500103004,20231122,67,23,0,1,25.06864,121.5107,22
500103004,20231122,68,23,0,1,25.06864,121.5107,22
500103004,20231122,69,23,0,1,25.06864,121.5107,22
500103004,20231122,70,23,0,1,25.06864,121.5107,22
500103004,20231122,71,23,0,1,25.06864,121.5107,22
500103004,20231122,72,23,0,1,25.06864,121.5107,22
500103004,20231122,73,23,0,1,25.06864,121.5107,22
500103004,20231122,74,23,0,1,25.06864,121.5107,22
500103004,20231122,75,23,0,1,25.06864,121.5107,22
500103004,20231122,76,23,0,1,25.06864,121.5107,22
500103004,20231122,77,23,0,1,25.06864,121.5107,22
500103004,20231122,78,23,0,1,25.06864,121.5107,22
500103004,20231122,79,23,0,1,25.06864,121.5107,22
500103004,20231122,81,23,0,1,25.06864,121.5107,22
500103004,20231122,82,23,0,1,25.06864,121.5107,22
500103004,20231122,83,23,0,1,25.06864,121.5107,22
500103004,20231122,84,23,0,1,25.06864,121.5107,22
500103004,20231122,85,23,0,1,25.06864,121.5107,22
500103004,20231122,86,23,0,1,25.06864,121.5107,22
500103004,20231122,87,23,0,1,25.06864,121.5107,22
500103004,20231122,88,23,0,1,25.06864,121.5107,22
500103004,20231122,89,23,0,1,25.06864,121.5107,22
500103004,20231122,90,23,0,1,25.06864,121.5107,22
500103004,20231122,91,23,0,1,25.06864,121.5107,22
500103004,20231122,92,23,0,1,25.06864,121.5107,22
500103004,20231122,93,23,0,1,25.06864,121.5107,22
500103004,20231122,94,23,0,1,25.06864,121.5107,22
500103004,20231122,95,23,0,1,25.06864,121.5107,22
500103004,20231122,96,23,0,1,25.06864,121.5107,22
500103004,20231122,97,23,0,1,25.06864,121.5107,22
500103004,20231122,98,23,0,1,25.06864,121.5107,22
500103004,20231122,99,23,0,1,25.06864,121.5107,22
500103004,20231122,100,23,0,1,25.06864,121.5107,22
500103004,20231122,101,23,0,1,25.06864,121.5107,22
500103004,20231122,102,23,0,1,25.06864,121.5107,22
500103004,20231122,103,23,0,1,25.06864,121.5107,22
500103004,20231122,104,23,0,1,25.06864,121.5107,22
500103004,20231122,105,23,0,1,25.06864,121.5107,22
500103004,20231122,106,23,0,1,25.06864,121.5107,22
500103004,20231122,107,23,0,1,25.06864,121.5107,22
500103004,20231122,108,23,0,1,25.06864,121.5107,22
500103004,20231122,109,23,0,1,25.06864,121.5107,22
500103004,20231122,110,23,0,1,25.06864,121.5107,22
500103004,20231122,111,23,0,1,25.06864,121.5107,22
500103004,20231122,112,23,0,1,25.06864,121.5107,22
500103004,20231122,113,23,0,1,25.06864,121.5107,22
500103004,20231122,114,23,0,1,25.06864,121.5107,22
500103004,20231122,115,23,0,1,25.06864,121.5107,22
500103004,20231122,116,23,0,1,25.06864,121.5107,22
500103004,20231122,117,23,0,1,25.06864,121.5107,22
500103004,20231122,118,23,0,1,25.06864,121.5107,22
500103004,20231122,119,23,0,1,25.06864,121.5107,22
500103004,20231122,121,23,0,1,25.06864,121.5107,22
500103004,20231122,122,23,0,1,25.06864,121.5107,22
500103004,20231122,123,23,0,1,25.06864,121.5107,22
500103004,20231122,125,23,0,1,25.06864,121.5107,22
500103004,20231122,126,23,0,1,25.06864,121.5107,22
500103004,20231122,127,23,0,1,25.06864,121.5107,22
500103004,20231122,129,23,0,1,25.06864,121.5107,22
500103004,20231122,131,23,0,1,25.06864,121.5107,22
500103004,20231122,132,23,0,1,25.06864,121.5107,22
500103004,20231122,133,23,0,1,25.06864,121.5107,22
500103004,20231122,135,23,0,1,25.06864,121.5107,22
500103004,20231122,136,23,0,1,25.06864,121.5107,22
500103004,20231122,138,23,0,1,25.06864,121.5107,22
500103004,20231122,139,23,0,1,25.06864,121.5107,22
500103004,20231122,141,23,0,1,25.06864,121.5107,22
500103004,20231122,142,23,0,1,25.06864,121.5107,22
500103004,20231122,143,23,0,1,25.06864,121.5107,22
500103004,20231122,144,23,0,1,25.06864,121.5107,22
500103004,20231122,145,23,0,1,25.06864,121.5107,22
500103004,20231122,146,23,0,1,25.06864,121.5107,22
500103004,20231122,147,23,0,1,25.06864,121.5107,22
500103004,20231122,148,23,0,1,25.06864,121.5107,22
500103004,20231122,149,23,0,1,25.06864,121.5107,22
500103004,20231122,150,23,0,1,25.06864,121.5107,22
500103004,20231122,152,23,0,1,25.06864,121.5107,22
500103004,20231122,153,23,0,1,25.06864,121.5107,22
500103004,20231122,154,23,0,1,25.06864,121.5107,22
500103004,20231122,155,23,0,1,25.06864,121.5107,22
500103004,20231122,156,23,0,1,25.06864,121.5107,22
500103004,20231122,157,23,0,1,25.06864,121.5107,22
500103004,20231122,158,23,0,1,25.06864,121.5107,22
500103004,20231122,159,23,0,1,25.06864,121.5107,22
500103004,20231122,161,23,0,1,25.06864,121.5107,22
500103004,20231122,162,23,0,1,25.06864,121.5107,22
500103004,20231122,163,23,0,1,25.06864,121.5107,22
500103004,20231122,164,23,0,1,25.06864,121.5107,22
500103004,20231122,165,23,0,1,25.06864,121.5107,22
500103004,20231122,167,23,0,1,25.06864,121.5107,22
500103004,20231122,168,23,0,1,25.06864,121.5107,22
500103004,20231122,169,23,0,1,25.06864,121.5107,22
500103004,20231122,171,23,0,1,25.06864,121.5107,22
500103004,20231122,173,23,0,1,25.06864,121.5107,22
500103004,20231122,174,23,0,1,25.06864,121.5107,22
500103004,20231122,175,23,0,1,25.06864,121.5107,22
500103004,20231122,176,23,0,1,25.06864,121.5107,22
500103004,20231122,177,23,0,1,25.06864,121.5107,22
500103004,20231122,178,23,0,1,25.06864,121.5107,22
500103004,20231122,179,23,0,1,25.06864,121.5107,22
500103004,20231122,181,23,0,1,25.06864,121.5107,22
500103004,20231122,183,23,0,1,25.06864,121.5107,22
500103004,20231122,184,23,0,1,25.06864,121.5107,22
500103004,20231122,185,23,0,1,25.06864,121.5107,22
500103004,20231122,186,23,0,1,25.06864,121.5107,22
500103004,20231122,187,23,0,1,25.06864,121.5107,22
500103004,20231122,188,23,0,1,25.06864,121.5107,22
500103004,20231122,189,23,0,1,25.06864,121.5107,22
500103004,20231122,191,23,0,1,25.06864,121.5107,22
500103004,20231122,192,23,0,1,25.06864,121.5107,22
500103004,20231122,193,23,0,1,25.06864,121.5107,22
500103004,20231122,194,23,0,1,25.06864,121.5107,22
500103004,20231122,195,23,0,1,25.06864,121.5107,22
500103004,20231122,196,23,0,1,25.06864,121.5107,22
500103004,20231122,197,23,0,1,25.06864,121.5107,22
500103004,20231122,198,23,0,1,25.06864,121.5107,22
500103004,20231122,199,23,0,1,25.06864,121.5107,22
500103004,20231122,201,23,0,1,25.06864,121.5107,22
500103004,20231122,202,23,0,1,25.06864,121.5107,22
500103004,20231122,203,23,0,1,25.06864,121.5107,22
500103004,20231122,204,23,0,1,25.06864,121.5107,22
500103004,20231122,205,23,0,1,25.06864,121.5107,22
500103004,20231122,206,23,0,1,25.06864,121.5107,22
500103004,20231122,207,23,0,1,25.06864,121.5107,22
500103004,20231122,208,23,0,1,25.06864,121.5107,22
500103004,20231122,209,23,0,1,25.06864,121.5107,22
500103004,20231122,211,23,0,1,25.06864,121.5107,22
500103004,20231122,212,23,0,1,25.06864,121.5107,22
500103004,20231122,213,23,0,1,25.06864,121.5107,22
500103004,20231122,214,23,0,1,25.06864,121.5107,22
500103004,20231122,215,23,0,1,25.06864,121.5107,22
500103004,20231122,216,23,0,1,25.06864,121.5107,22
500103004,20231122,217,23,0,1,25.06864,121.5107,22
500103004,20231122,218,23,0,1,25.06864,121.5107,22
500103004,20231122,219,23,0,1,25.06864,121.5107,22
500103004,20231122,220,23,0,1,25.06864,121.5107,22
500103004,20231122,221,23,0,1,25.06864,121.5107,22
500103004,20231122,222,23,0,1,25.06864,121.5107,22
500103004,20231122,223,23,0,1,25.06864,121.5107,22
500103004,20231122,224,23,0,1,25.06864,121.5107,22
500103004,20231122,225,23,0,1,25.06864,121.5107,22
500103004,20231122,226,23,0,1,25.06864,121.5107,22
500103004,20231122,227,23,0,1,25.06864,121.5107,22
500103004,20231122,228,23,0,1,25.06864,121.5107,22
500103004,20231122,229,23,0,1,25.06864,121.5107,22
500103004,20231122,230,23,0,1,25.06864,121.5107,22
500103004,20231122,231,23,0,1,25.06864,121.5107,22
500103004,20231122,232,23,0,1,25.06864,121.5107,22
500103004,20231122,233,23,0,1,25.06864,121.5107,22
500103004,20231122,234,23,0,1,25.06864,121.5107,22
500103004,20231122,235,23,0,1,25.06864,121.5107,22
500103004,20231122,236,23,0,1,25.06864,121.5107,22
500103004,20231122,237,23,0,1,25.06864,121.5107,22
500103004,20231122,238,23,0,1,25.06864,121.5107,22
500103004,20231122,239,23,0,1,25.06864,121.5107,22
500103004,20231122,240,23,0,1,25.06864,121.5107,22
500103004,20231122,241,23,0,1,25.06864,121.5107,22
500103004,20231122,242,23,0,1,25.06864,121.5107,22
500103004,20231122,243,23,0,1,25.06864,121.5107,22
500103004,20231122,244,23,0,1,25.06864,121.5107,22
500103004,20231122,245,23,0,1,25.06864,121.5107,22
500103004,20231122,246,23,0,1,25.06864,121.5107,22
500103004,20231122,247,23,0,1,25.06864,121.5107,22
500103004,20231122,248,23,0,1,25.06864,121.5107,22
500103004,20231122,249,23,0,1,25.06864,121.5107,22
500103004,20231122,250,23,0,1,25.06864,121.5107,22
500103004,20231122,251,23,0,1,25.06864,121.5107,22
500103004,20231122,252,23,0,1,25.06864,121.5107,22
500103004,20231122,253,23,0,1,25.06864,121.5107,22
500103004,20231122,254,23,0,1,25.06864,121.5107,22
500103004,20231122,255,23,0,1,25.06864,121.5107,22
500103004,20231122,256,23,0,1,25.06864,121.5107,22
500103004,20231122,257,23,0,1,25.06864,121.5107,22
500103004,20231122,258,23,0,1,25.06864,121.5107,22
500103004,20231122,259,23,0,1,25.06864,121.5107,22
500103004,20231122,261,23,0,1,25.06864,121.5107,22
500103004,20231122,262,23,0,1,25.06864,121.5107,22
500103004,20231122,263,23,0,1,25.06864,121.5107,22
500103004,20231122,264,23,0,1,25.06864,121.5107,22
500103004,20231122,265,23,0,1,25.06864,121.5107,22
500103004,20231122,266,23,0,1,25.06864,121.5107,22
500103004,20231122,267,23,0,1,25.06864,121.5107,22
500103004,20231122,268,23,0,1,25.06864,121.5107,22
500103004,20231122,269,23,0,1,25.06864,121.5107,22
500103004,20231122,270,23,0,1,25.06864,121.5107,22
500103004,20231122,271,23,0,1,25.06864,121.5107,22
500103004,20231122,272,23,0,1,25.06864,121.5107,22
500103004,20231122,273,23,0,1,25.06864,121.5107,22
500103004,20231122,274,23,0,1,25.06864,121.5107,22
500103004,20231122,275,23,0,1,25.06864,121.5107,22
500103004,20231122,276,23,0,1,25.06864,121.5107,22
500103004,20231122,277,23,0,1,25.06864,121.5107,22
500103004,20231122,278,23,0,1,25.06864,121.5107,22
500103004,20231122,279,23,1,1,25.06864,121.5107,21
500103004,20231122,280,23,1,1,25.06864,121.5107,21
500103004,20231122,281,23,1,1,25.06864,121.5107,21
500103004,20231122,282,23,1,1,25.06864,121.5107,21
500103004,20231122,283,23,1,1,25.06864,121.5107,21
500103004,20231122,284,23,1,1,25.06864,121.5107,21
500103004,20231122,286,23,1,1,25.06864,121.5107,21
500103004,20231122,287,23,1,1,25.06864,121.5107,21
500103004,20231122,288,23,1,1,25.06864,121.5107,21
500103004,20231122,289,23,1,1,25.06864,121.5107,21
500103004,20231122,290,23,1,1,25.06864,121.5107,21
500103004,20231122,291,23,1,1,25.06864,121.5107,21
500103004,20231122,292,23,1,1,25.06864,121.5107,21
500103004,20231122,293,23,1,1,25.06864,121.5107,21
500103004,20231122,294,23,1,1,25.06864,121.5107,21
500103004,20231122,295,23,1,1,25.06864,121.5107,21
500103004,20231122,296,23,1,1,25.06864,121.5107,21
500103004,20231122,297,23,1,1,25.06864,121.5107,21
500103004,20231122,298,23,1,1,25.06864,121.5107,21
500103004,20231122,299,23,1,1,25.06864,121.5107,21
500103004,20231122,300,23,1,1,25.06864,121.5107,21
500103004,20231122,301,23,1,1,25.06864,121.5107,21
500103004,20231122,302,23,1,1,25.06864,121.5107,21
500103004,20231122,303,23,1,1,25.06864,121.5107,21
500103004,20231122,304,23,1,1,25.06864,121.5107,21
500103004,20231122,305,23,1,1,25.06864,121.5107,21
500103004,20231122,306,23,1,1,25.06864,121.5107,21
500103004,20231122,307,23,1,1,25.06864,121.5107,21
500103004,20231122,308,23,1,1,25.06864,121.5107,21
500103004,20231122,309,23,1,1,25.06864,121.5107,21
500103004,20231122,310,23,1,1,25.06864,121.5107,21
500103004,20231122,311,23,1,1,25.06864,121.5107,21
500103004,20231122,312,23,1,1,25.06864,121.5107,21
500103004,20231122,313,23,1,1,25.06864,121.5107,21
500103004,20231122,314,23,1,1,25.06864,121.5107,21
500103004,20231122,315,23,1,1,25.06864,121.5107,21
500103004,20231122,316,23,1,1,25.06864,121.5107,21
500103004,20231122,317,23,1,1,25.06864,121.5107,21
500103004,20231122,318,23,1,1,25.06864,121.5107,21
500103004,20231122,319,23,1,1,25.06864,121.5107,21
500103004,20231122,321,23,1,1,25.06864,121.5107,21
500103004,20231122,323,23,1,1,25.06864,121.5107,21
500103004,20231122,324,23,1,1,25.06864,121.5107,21
500103004,20231122,325,23,1,1,25.06864,121.5107,21
500103004,20231122,326,23,1,1,25.06864,121.5107,21
500103004,20231122,327,23,1,1,25.06864,121.5107,21
500103004,20231122,328,23,1,1,25.06864,121.5107,21
500103004,20231122,329,23,1,1,25.06864,121.5107,21
500103004,20231122,330,23,1,1,25.06864,121.5107,21
500103004,20231122,331,23,1,1,25.06864,121.5107,21
500103004,20231122,332,23,1,1,25.06864,121.5107,21
500103004,20231122,333,23,1,1,25.06864,121.5107,21
500103004,20231122,334,23,1,1,25.06864,121.5107,21
500103004,20231122,335,23,1,1,25.06864,121.5107,21
500103004,20231122,336,23,1,1,25.06864,121.5107,21
500103004,20231122,337,23,1,1,25.06864,121.5107,21
500103004,20231122,338,23,1,1,25.06864,121.5107,21
500103004,20231122,339,23,1,1,25.06864,121.5107,21
500103004,20231122,340,23,1,1,25.06864,121.5107,21
500103004,20231122,341,23,1,1,25.06864,121.5107,21
500103004,20231122,342,23,1,1,25.06864,121.5107,21
500103004,20231122,344,23,1,1,25.06864,121.5107,21
500103004,20231122,345,23,1,1,25.06864,121.5107,21
500103004,20231122,347,23,2,1,25.06864,121.5107,20
500103004,20231122,349,23,2,1,25.06864,121.5107,20
500103004,20231122,351,23,2,1,25.06864,121.5107,20
500103004,20231122,352,23,2,1,25.06864,121.5107,20
500103004,20231122,353,23,2,1,25.06864,121.5107,20
500103004,20231122,355,23,2,1,25.06864,121.5107,20
500103004,20231122,356,23,2,1,25.06864,121.5107,20
500103004,20231122,357,23,2,1,25.06864,121.5107,20
500103004,20231122,358,23,3,1,25.06864,121.5107,19
500103004,20231122,359,23,3,1,25.06864,121.5107,19
500103004,20231122,360,23,3,1,25.06864,121.5107,19
500103004,20231122,362,23,3,1,25.06864,121.5107,19
500103004,20231122,363,23,3,1,25.06864,121.5107,19
500103004,20231122,364,23,2,1,25.06864,121.5107,20
500103004,20231122,365,23,2,1,25.06864,121.5107,20
500103004,20231122,366,23,2,1,25.06864,121.5107,20
500103004,20231122,367,23,2,1,25.06864,121.5107,20
500103004,20231122,368,23,2,1,25.06864,121.5107,20
500103004,20231122,369,23,2,1,25.06864,121.5107,20
500103004,20231122,371,23,2,1,25.06864,121.5107,20
500103004,20231122,372,23,2,1,25.06864,121.5107,20
500103004,20231122,373,23,2,1,25.06864,121.5107,20
500103004,20231122,374,23,2,1,25.06864,121.5107,20
500103004,20231122,375,23,2,1,25.06864,121.5107,20
500103004,20231122,377,23,2,1,25.06864,121.5107,20
500103004,20231122,379,23,2,1,25.06864,121.5107,20
500103004,20231122,382,23,2,1,25.06864,121.5107,20
500103004,20231122,383,23,2,1,25.06864,121.5107,20
500103004,20231122,384,23,2,1,25.06864,121.5107,20
500103004,20231122,385,23,2,1,25.06864,121.5107,20
500103004,20231122,387,23,2,1,25.06864,121.5107,20
500103004,20231122,388,23,2,1,25.06864,121.5107,20
500103004,20231122,389,23,2,1,25.06864,121.5107,20
500103004,20231122,391,23,3,1,25.06864,121.5107,19
500103004,20231122,392,23,3,1,25.06864,121.5107,19
500103004,20231122,394,23,3,1,25.06864,121.5107,19
500103004,20231122,395,23,5,1,25.06864,121.5107,17
500103004,20231122,396,23,5,1,25.06864,121.5107,17
500103004,20231122,397,23,5,1,25.06864,121.5107,17
500103004,20231122,398,23,5,1,25.06864,121.5107,17
500103004,20231122,399,23,5,1,25.06864,121.5107,17
500103004,20231122,401,23,6,1,25.06864,121.5107,16
500103004,20231122,402,23,6,1,25.06864,121.5107,16
500103004,20231122,403,23,7,1,25.06864,121.5107,15
500103004,20231122,404,23,7,1,25.06864,121.5107,15
500103004,20231122,405,23,8,1,25.06864,121.5107,14
500103004,20231122,406,23,8,1,25.06864,121.5107,14
500103004,20231122,407,23,8,1,25.06864,121.5107,14
500103004,20231122,409,23,8,1,25.06864,121.5107,14
500103004,20231122,411,23,8,1,25.06864,121.5107,14
500103004,20231122,412,23,8,1,25.06864,121.5107,14
500103004,20231122,414,23,9,1,25.06864,121.5107,13
500103004,20231122,415,23,9,1,25.06864,121.5107,13
500103004,20231122,416,23,9,1,25.06864,121.5107,13
500103004,20231122,417,23,9,1,25.06864,121.5107,13
500103004,20231122,419,23,11,1,25.06864,121.5107,11
500103004,20231122,421,23,11,1,25.06864,121.5107,11
500103004,20231122,423,23,11,1,25.06864,121.5107,11
500103004,20231122,424,23,12,1,25.06864,121.5107,10
500103004,20231122,425,23,12,1,25.06864,121.5107,10
500103004,20231122,426,23,12,1,25.06864,121.5107,10
500103004,20231122,427,23,12,1,25.06864,121.5107,10
500103004,20231122,428,23,12,1,25.06864,121.5107,10
500103004,20231122,429,23,14,1,25.06864,121.5107,8
500103004,20231122,431,23,15,1,25.06864,121.5107,7
500103004,20231122,432,23,15,1,25.06864,121.5107,7
500103004,20231122,433,23,15,1,25.06864,121.5107,7
500103004,20231122,434,23,15,1,25.06864,121.5107,7
500103004,20231122,435,23,15,1,25.06864,121.5107,7
500103004,20231122,436,23,15,1,25.06864,121.5107,7
500103004,20231122,437,23,15,1,25.06864,121.5107,7
500103004,20231122,438,23,15,1,25.06864,121.5107,7
500103004,20231122,439,23,15,1,25.06864,121.5107,7
500103004,20231122,441,23,15,1,25.06864,121.5107,7
500103004,20231122,442,23,15,1,25.06864,121.5107,7
500103004,20231122,443,23,15,1,25.06864,121.5107,7
500103004,20231122,444,23,16,1,25.06864,121.5107,6
500103004,20231122,445,23,16,1,25.06864,121.5107,6
500103004,20231122,446,23,16,1,25.06864,121.5107,6
500103004,20231122,447,23,17,1,25.06864,121.5107,5
500103004,20231122,448,23,18,1,25.06864,121.5107,4
500103004,20231122,449,23,19,1,25.06864,121.5107,3
500103004,20231122,451,23,18,1,25.06864,121.5107,4
500103004,20231122,452,23,15,1,25.06864,121.5107,7
500103004,20231122,453,23,11,1,25.06864,121.5107,11
500103004,20231122,454,23,9,1,25.06864,121.5107,13
500103004,20231122,455,23,7,1,25.06864,121.5107,15
500103004,20231122,456,23,8,1,25.06864,121.5107,14
500103004,20231122,457,23,6,1,25.06864,121.5107,16
500103004,20231122,458,23,4,1,25.06864,121.5107,18
500103004,20231122,459,23,2,1,25.06864,121.5107,20
500103004,20231122,460,23,3,1,25.06864,121.5107,19
500103004,20231122,461,23,3,1,25.06864,121.5107,19
500103004,20231122,462,23,3,1,25.06864,121.5107,19
500103004,20231122,463,23,4,1,25.06864,121.5107,18
500103004,20231122,464,23,4,1,25.06864,121.5107,18
500103004,20231122,465,23,4,1,25.06864,121.5107,18
500103004,20231122,466,23,4,1,25.06864,121.5107,18
500103004,20231122,467,23,5,1,25.06864,121.5107,17
500103004,20231122,468,23,6,1,25.06864,121.5107,16
500103004,20231122,469,23,6,1,25.06864,121.5107,16
500103004,20231122,470,23,6,1,25.06864,121.5107,16
500103004,20231122,471,23,6,1,25.06864,121.5107,16
500103004,20231122,472,23,7,1,25.06864,121.5107,15
500103004,20231122,473,23,7,1,25.06864,121.5107,15
500103004,20231122,474,23,9,1,25.06864,121.5107,13
500103004,20231122,475,23,9,1,25.06864,121.5107,13
500103004,20231122,476,23,9,1,25.06864,121.5107,13
500103004,20231122,477,23,9,1,25.06864,121.5107,13
500103004,20231122,478,23,10,1,25.06864,121.5107,12
500103004,20231122,479,23,11,1,25.06864,121.5107,11
500103004,20231122,481,23,12,1,25.06864,121.5107,10
500103004,20231122,482,23,12,1,25.06864,121.5107,10
500103004,20231122,483,23,12,1,25.06864,121.5107,10
500103004,20231122,484,23,12,1,25.06864,121.5107,10
500103004,20231122,485,23,13,1,25.06864,121.5107,9
500103004,20231122,486,23,14,1,25.06864,121.5107,8
500103004,20231122,487,23,15,1,25.06864,121.5107,7
500103004,20231122,488,23,15,1,25.06864,121.5107,7
500103004,20231122,489,23,16,1,25.06864,121.5107,6
500103004,20231122,490,23,17,1,25.06864,121.5107,5
500103004,20231122,491,23,17,1,25.06864,121.5107,5
500103004,20231122,492,23,17,1,25.06864,121.5107,5
500103004,20231122,493,23,17,1,25.06864,121.5107,5
500103004,20231122,494,23,17,1,25.06864,121.5107,5
500103004,20231122,495,23,19,1,25.06864,121.5107,3
500103004,20231122,496,23,19,1,25.06864,121.5107,3
500103004,20231122,497,23,19,1,25.06864,121.5107,3
500103004,20231122,498,23,19,1,25.06864,121.5107,3
500103004,20231122,499,23,19,1,25.06864,121.5107,3
500103004,20231122,501,23,20,1,25.06864,121.5107,2
500103004,20231122,502,23,21,1,25.06864,121.5107,1
500103004,20231122,503,23,22,1,25.06864,121.5107,0
500103004,20231122,504,23,22,1,25.06864,121.5107,0
500103004,20231122,505,23,22,1,25.06864,121.5107,0
500103004,20231122,506,23,22,1,25.06864,121.5107,0
500103004,20231122,507,23,22,1,25.06864,121.5107,0
500103004,20231122,508,23,22,1,25.06864,121.5107,0
500103004,20231122,509,23,19,1,25.06864,121.5107,3
500103004,20231122,511,23,14,1,25.06864,121.5107,8
500103004,20231122,512,23,12,1,25.06864,121.5107,10
500103004,20231122,513,23,8,1,25.06864,121.5107,14
500103004,20231122,514,23,8,1,25.06864,121.5107,14
500103004,20231122,515,23,8,1,25.06864,121.5107,14
500103004,20231122,516,23,8,1,25.06864,121.5107,14
500103004,20231122,517,23,9,1,25.06864,121.5107,13
500103004,20231122,518,23,9,1,25.06864,121.5107,13
500103004,20231122,519,23,11,1,25.06864,121.5107,11
500103004,20231122,520,23,11,1,25.06864,121.5107,11
500103004,20231122,521,23,10,1,25.06864,121.5107,12
500103004,20231122,522,23,10,1,25.06864,121.5107,12
500103004,20231122,523,23,10,1,25.06864,121.5107,12
500103004,20231122,524,23,10,1,25.06864,121.5107,12
500103004,20231122,525,23,10,1,25.06864,121.5107,12
500103004,20231122,526,23,10,1,25.06864,121.5107,12
500103004,20231122,527,23,11,1,25.06864,121.5107,11
500103004,20231122,528,23,11,1,25.06864,121.5107,11
500103004,20231122,529,23,11,1,25.06864,121.5107,11
500103004,20231122,531,23,14,1,25.06864,121.5107,8
500103004,20231122,532,23,16,1,25.06864,121.5107,6
500103004,20231122,533,23,16,1,25.06864,121.5107,6
500103004,20231122,534,23,14,1,25.06864,121.5107,8
500103004,20231122,535,23,14,1,25.06864,121.5107,8
500103004,20231122,536,23,13,1,25.06864,121.5107,9
500103004,20231122,537,23,14,1,25.06864,121.5107,8
500103004,20231122,538,23,14,1,25.06864,121.5107,8
500103004,20231122,539,23,15,1,25.06864,121.5107,7
500103004,20231122,541,23,15,1,25.06864,121.5107,7
500103004,20231122,542,23,15,1,25.06864,121.5107,7
500103004,20231122,543,23,15,1,25.06864,121.5107,7
500103004,20231122,544,23,15,1,25.06864,121.5107,7
500103004,20231122,545,23,15,1,25.06864,121.5107,7
500103004,20231122,546,23,15,1,25.06864,121.5107,7
500103004,20231122,547,23,15,1,25.06864,121.5107,7
500103004,20231122,548,23,16,1,25.06864,121.5107,6
500103004,20231122,549,23,16,1,25.06864,121.5107,6
500103004,20231122,550,23,17,1,25.06864,121.5107,5
500103004,20231122,551,23,18,1,25.06864,121.5107,4
500103004,20231122,552,23,18,1,25.06864,121.5107,4
500103004,20231122,553,23,18,1,25.06864,121.5107,4
500103004,20231122,554,23,18,1,25.06864,121.5107,4
500103004,20231122,555,23,18,1,25.06864,121.5107,4
500103004,20231122,556,23,17,1,25.06864,121.5107,5
500103004,20231122,557,23,17,1,25.06864,121.5107,5
500103004,20231122,558,23,18,1,25.06864,121.5107,4
500103004,20231122,559,23,18,1,25.06864,121.5107,4
500103004,20231122,561,23,18,1,25.06864,121.5107,4
500103004,20231122,562,23,18,1,25.06864,121.5107,4
500103004,20231122,563,23,20,1,25.06864,121.5107,2
500103004,20231122,564,23,20,1,25.06864,121.5107,2
500103004,20231122,565,23,20,1,25.06864,121.5107,2
500103004,20231122,566,23,20,1,25.06864,121.5107,2
500103004,20231122,567,23,20,1,25.06864,121.5107,2
500103004,20231122,568,23,20,1,25.06864,121.5107,2
500103004,20231122,569,23,20,1,25.06864,121.5107,2
500103004,20231122,571,23,19,1,25.06864,121.5107,3
500103004,20231122,572,23,19,1,25.06864,121.5107,3
500103004,20231122,573,23,20,1,25.06864,121.5107,2
500103004,20231122,574,23,21,1,25.06864,121.5107,1
500103004,20231122,575,23,21,1,25.06864,121.5107,1
500103004,20231122,576,23,22,1,25.06864,121.5107,0
500103004,20231122,577,23,22,1,25.06864,121.5107,0
500103004,20231122,578,23,22,1,25.06864,121.5107,0
500103004,20231122,579,23,22,1,25.06864,121.5107,0
500103004,20231122,580,23,22,1,25.06864,121.5107,0
500103004,20231122,581,23,22,1,25.06864,121.5107,0
500103004,20231122,582,23,22,1,25.06864,121.5107,0
500103004,20231122,583,23,22,1,25.06864,121.5107,0
500103004,20231122,584,23,22,1,25.06864,121.5107,0
500103004,20231122,585,23,22,1,25.06864,121.5107,0
500103004,20231122,586,23,22,1,25.06864,121.5107,0
500103004,20231122,587,23,22,1,25.06864,121.5107,0
500103004,20231122,588,23,22,1,25.06864,121.5107,0
500103004,20231122,589,23,22,1,25.06864,121.5107,0
500103004,20231122,590,23,22,1,25.06864,121.5107,0
500103004,20231122,591,23,22,1,25.06864,121.5107,0
500103004,20231122,592,23,22,1,25.06864,121.5107,0
500103004,20231122,593,23,22,1,25.06864,121.5107,0
500103004,20231122,594,23,22,1,25.06864,121.5107,0
500103004,20231122,596,23,22,1,25.06864,121.5107,0
500103004,20231122,597,23,22,1,25.06864,121.5107,0
500103004,20231122,598,23,22,1,25.06864,121.5107,0
500103004,20231122,599,23,22,1,25.06864,121.5107,0
500103004,20231122,601,23,22,1,25.06864,121.5107,0
500103004,20231122,603,23,22,1,25.06864,121.5107,0
500103004,20231122,605,23,22,1,25.06864,121.5107,0
500103004,20231122,606,23,22,1,25.06864,121.5107,0
500103004,20231122,607,23,22,1,25.06864,121.5107,0
500103004,20231122,609,23,22,1,25.06864,121.5107,0
500103004,20231122,610,23,22,1,25.06864,121.5107,0
500103004,20231122,611,23,22,1,25.06864,121.5107,0
500103004,20231122,612,23,22,1,25.06864,121.5107,0
500103004,20231122,614,23,22,1,25.06864,121.5107,0
500103004,20231122,616,23,22,1,25.06864,121.5107,0
500103004,20231122,618,23,22,1,25.06864,121.5107,0
500103004,20231122,619,23,22,1,25.06864,121.5107,0
500103004,20231122,621,23,22,1,25.06864,121.5107,0
500103004,20231122,622,23,22,1,25.06864,121.5107,0
500103004,20231122,623,23,22,1,25.06864,121.5107,0
500103004,20231122,624,23,22,1,25.06864,121.5107,0
500103004,20231122,626,23,22,1,25.06864,121.5107,0
500103004,20231122,627,23,22,1,25.06864,121.5107,0
500103004,20231122,628,23,22,1,25.06864,121.5107,0
500103004,20231122,629,23,22,1,25.06864,121.5107,0
500103004,20231122,631,23,22,1,25.06864,121.5107,0
500103004,20231122,632,23,22,1,25.06864,121.5107,0
500103004,20231122,633,23,22,1,25.06864,121.5107,0
500103004,20231122,635,23,22,1,25.06864,121.5107,0
500103004,20231122,636,23,22,1,25.06864,121.5107,0
500103004,20231122,637,23,22,1,25.06864,121.5107,0
500103004,20231122,638,23,22,1,25.06864,121.5107,0
500103004,20231122,639,23,22,1,25.06864,121.5107,0
500103004,20231122,640,23,22,1,25.06864,121.5107,0
500103004,20231122,642,23,22,1,25.06864,121.5107,0
500103004,20231122,643,23,22,1,25.06864,121.5107,0
500103004,20231122,644,23,22,1,25.06864,121.5107,0
500103004,20231122,645,23,22,1,25.06864,121.5107,0
500103004,20231122,646,23,22,1,25.06864,121.5107,0
500103004,20231122,647,23,22,1,25.06864,121.5107,0
500103004,20231122,648,23,22,1,25.06864,121.5107,0
500103004,20231122,649,23,22,1,25.06864,121.5107,0
500103004,20231122,651,23,22,1,25.06864,121.5107,0
500103004,20231122,652,23,22,1,25.06864,121.5107,0
500103004,20231122,653,23,22,1,25.06864,121.5107,0
500103004,20231122,654,23,22,1,25.06864,121.5107,0
500103004,20231122,655,23,22,1,25.06864,121.5107,0
500103004,20231122,656,23,22,1,25.06864,121.5107,0
500103004,20231122,657,23,22,1,25.06864,121.5107,0
500103004,20231122,658,23,21,1,25.06864,121.5107,1
500103004,20231122,659,23,22,1,25.06864,121.5107,0
500103004,20231122,661,23,22,1,25.06864,121.5107,0
500103004,20231122,662,23,22,1,25.06864,121.5107,0
500103004,20231122,663,23,22,1,25.06864,121.5107,0
500103004,20231122,664,23,22,1,25.06864,121.5107,0
500103004,20231122,665,23,22,1,25.06864,121.5107,0
500103004,20231122,666,23,22,1,25.06864,121.5107,0
500103004,20231122,667,23,22,1,25.06864,121.5107,0
500103004,20231122,668,23,22,1,25.06864,121.5107,0
500103004,20231122,669,23,22,1,25.06864,121.5107,0
500103004,20231122,671,23,22,1,25.06864,121.5107,0
500103004,20231122,672,23,22,1,25.06864,121.5107,0
500103004,20231122,673,23,22,1,25.06864,121.5107,0
500103004,20231122,674,23,22,1,25.06864,121.5107,0
500103004,20231122,675,23,22,1,25.06864,121.5107,0
500103004,20231122,676,23,22,1,25.06864,121.5107,0
500103004,20231122,677,23,22,1,25.06864,121.5107,0
500103004,20231122,678,23,22,1,25.06864,121.5107,0
500103004,20231122,679,23,22,1,25.06864,121.5107,0
500103004,20231122,681,23,22,1,25.06864,121.5107,0
500103004,20231122,682,23,22,1,25.06864,121.5107,0
500103004,20231122,683,23,22,1,25.06864,121.5107,0
500103004,20231122,685,23,22,1,25.06864,121.5107,0
500103004,20231122,686,23,22,1,25.06864,121.5107,0
500103004,20231122,687,23,22,1,25.06864,121.5107,0
500103004,20231122,688,23,22,1,25.06864,121.5107,0
500103004,20231122,689,23,22,1,25.06864,121.5107,0
500103004,20231122,691,23,22,1,25.06864,121.5107,0
500103004,20231122,692,23,22,1,25.06864,121.5107,0
500103004,20231122,693,23,22,1,25.06864,121.5107,0
500103004,20231122,694,23,21,1,25.06864,121.5107,1
500103004,20231122,695,23,21,1,25.06864,121.5107,1
500103004,20231122,696,23,21,1,25.06864,121.5107,1
500103004,20231122,697,23,21,1,25.06864,121.5107,1
500103004,20231122,698,23,21,1,25.06864,121.5107,1
500103004,20231122,699,23,21,1,25.06864,121.5107,1
500103004,20231122,701,23,21,1,25.06864,121.5107,1
500103004,20231122,702,23,21,1,25.06864,121.5107,1
500103004,20231122,703,23,21,1,25.06864,121.5107,1
500103004,20231122,704,23,21,1,25.06864,121.5107,1
500103004,20231122,705,23,21,1,25.06864,121.5107,1
500103004,20231122,706,23,21,1,25.06864,121.5107,1
500103004,20231122,707,23,21,1,25.06864,121.5107,1
500103004,20231122,708,23,21,1,25.06864,121.5107,1
500103004,20231122,709,23,21,1,25.06864,121.5107,1
500103004,20231122,711,23,21,1,25.06864,121.5107,1
500103004,20231122,712,23,21,1,25.06864,121.5107,1
500103004,20231122,713,23,21,1,25.06864,121.5107,1
500103004,20231122,714,23,21,1,25.06864,121.5107,1
500103004,20231122,715,23,21,1,25.06864,121.5107,1
500103004,20231122,716,23,21,1,25.06864,121.5107,1
500103004,20231122,717,23,21,1,25.06864,121.5107,1
500103004,20231122,718,23,21,1,25.06864,121.5107,1
500103004,20231122,719,23,21,1,25.06864,121.5107,1
500103004,20231122,721,23,21,1,25.06864,121.5107,1
500103004,20231122,722,23,21,1,25.06864,121.5107,1
500103004,20231122,723,23,21,1,25.06864,121.5107,1
500103004,20231122,724,23,21,1,25.06864,121.5107,1
500103004,20231122,725,23,21,1,25.06864,121.5107,1
500103004,20231122,726,23,21,1,25.06864,121.5107,1
500103004,20231122,727,23,21,1,25.06864,121.5107,1
500103004,20231122,728,23,21,1,25.06864,121.5107,1
500103004,20231122,729,23,21,1,25.06864,121.5107,1
500103004,20231122,730,23,21,1,25.06864,121.5107,1
500103004,20231122,731,23,21,1,25.06864,121.5107,1
500103004,20231122,732,23,21,1,25.06864,121.5107,1
500103004,20231122,733,23,21,1,25.06864,121.5107,1
500103004,20231122,734,23,21,1,25.06864,121.5107,1
500103004,20231122,735,23,22,1,25.06864,121.5107,0
500103004,20231122,736,23,22,1,25.06864,121.5107,0
500103004,20231122,737,23,22,1,25.06864,121.5107,0
500103004,20231122,738,23,21,1,25.06864,121.5107,1
500103004,20231122,739,23,21,1,25.06864,121.5107,1
500103004,20231122,741,23,21,1,25.06864,121.5107,1
500103004,20231122,742,23,22,1,25.06864,121.5107,0
500103004,20231122,743,23,22,1,25.06864,121.5107,0
500103004,20231122,744,23,22,1,25.06864,121.5107,0
500103004,20231122,745,23,22,1,25.06864,121.5107,0
500103004,20231122,746,23,22,1,25.06864,121.5107,0
500103004,20231122,747,23,22,1,25.06864,121.5107,0
500103004,20231122,748,23,21,1,25.06864,121.5107,1
500103004,20231122,749,23,21,1,25.06864,121.5107,1
500103004,20231122,751,23,21,1,25.06864,121.5107,1
500103004,20231122,752,23,21,1,25.06864,121.5107,1
500103004,20231122,753,23,21,1,25.06864,121.5107,1
500103004,20231122,754,23,21,1,25.06864,121.5107,1
500103004,20231122,755,23,21,1,25.06864,121.5107,1
500103004,20231122,756,23,21,1,25.06864,121.5107,1
500103004,20231122,757,23,21,1,25.06864,121.5107,1
500103004,20231122,758,23,21,1,25.06864,121.5107,1
500103004,20231122,759,23,21,1,25.06864,121.5107,1
500103004,20231122,760,23,21,1,25.06864,121.5107,1
500103004,20231122,761,23,21,1,25.06864,121.5107,1
500103004,20231122,762,23,20,1,25.06864,121.5107,2
500103004,20231122,763,23,20,1,25.06864,121.5107,2
500103004,20231122,764,23,20,1,25.06864,121.5107,2
500103004,20231122,765,23,20,1,25.06864,121.5107,2
500103004,20231122,766,23,21,1,25.06864,121.5107,1
500103004,20231122,767,23,21,1,25.06864,121.5107,1
500103004,20231122,768,23,21,1,25.06864,121.5107,1
500103004,20231122,769,23,21,1,25.06864,121.5107,1
500103004,20231122,770,23,21,1,25.06864,121.5107,1
500103004,20231122,771,23,21,1,25.06864,121.5107,1
500103004,20231122,772,23,21,1,25.06864,121.5107,1
500103004,20231122,773,23,21,1,25.06864,121.5107,1
500103004,20231122,774,23,21,1,25.06864,121.5107,1
500103004,20231122,775,23,21,1,25.06864,121.5107,1
500103004,20231122,776,23,21,1,25.06864,121.5107,1
500103004,20231122,777,23,21,1,25.06864,121.5107,1
500103004,20231122,778,23,21,1,25.06864,121.5107,1
500103004,20231122,779,23,21,1,25.06864,121.5107,1
500103004,20231122,781,23,21,1,25.06864,121.5107,1
500103004,20231122,782,23,21,1,25.06864,121.5107,1
500103004,20231122,783,23,21,1,25.06864,121.5107,1
500103004,20231122,784,23,21,1,25.06864,121.5107,1
500103004,20231122,785,23,21,1,25.06864,121.5107,1
500103004,20231122,786,23,20,1,25.06864,121.5107,2
500103004,20231122,787,23,20,1,25.06864,121.5107,2
500103004,20231122,788,23,20,1,25.06864,121.5107,2
500103004,20231122,789,23,20,1,25.06864,121.5107,2
500103004,20231122,790,23,20,1,25.06864,121.5107,2
500103004,20231122,791,23,20,1,25.06864,121.5107,2
500103004,20231122,792,23,20,1,25.06864,121.5107,2
500103004,20231122,793,23,20,1,25.06864,121.5107,2
500103004,20231122,794,23,20,1,25.06864,121.5107,2
500103004,20231122,795,23,20,1,25.06864,121.5107,2
500103004,20231122,796,23,20,1,25.06864,121.5107,2
500103004,20231122,797,23,20,1,25.06864,121.5107,2
500103004,20231122,798,23,20,1,25.06864,121.5107,2
500103004,20231122,799,23,20,1,25.06864,121.5107,2
500103004,20231122,801,23,20,1,25.06864,121.5107,2
500103004,20231122,802,23,19,1,25.06864,121.5107,3
500103004,20231122,803,23,19,1,25.06864,121.5107,3
500103004,20231122,804,23,19,1,25.06864,121.5107,3
500103004,20231122,805,23,19,1,25.06864,121.5107,3
500103004,20231122,806,23,19,1,25.06864,121.5107,3
500103004,20231122,807,23,19,1,25.06864,121.5107,3
500103004,20231122,808,23,20,1,25.06864,121.5107,2
500103004,20231122,809,23,20,1,25.06864,121.5107,2
500103004,20231122,811,23,20,1,25.06864,121.5107,2
500103004,20231122,812,23,20,1,25.06864,121.5107,2
500103004,20231122,813,23,20,1,25.06864,121.5107,2
500103004,20231122,814,23,20,1,25.06864,121.5107,2
500103004,20231122,815,23,21,1,25.06864,121.5107,1
500103004,20231122,816,23,21,1,25.06864,121.5107,1
500103004,20231122,817,23,21,1,25.06864,121.5107,1
500103004,20231122,818,23,21,1,25.06864,121.5107,1
500103004,20231122,819,23,21,1,25.06864,121.5107,1
500103004,20231122,820,23,21,1,25.06864,121.5107,1
500103004,20231122,821,23,21,1,25.06864,121.5107,1
500103004,20231122,822,23,21,1,25.06864,121.5107,1
500103004,20231122,823,23,21,1,25.06864,121.5107,1
500103004,20231122,824,23,21,1,25.06864,121.5107,1
500103004,20231122,825,23,21,1,25.06864,121.5107,1
500103004,20231122,826,23,21,1,25.06864,121.5107,1
500103004,20231122,827,23,21,1,25.06864,121.5107,1
500103004,20231122,828,23,21,1,25.06864,121.5107,1
500103004,20231122,829,23,21,1,25.06864,121.5107,1
500103004,20231122,830,23,21,1,25.06864,121.5107,1
500103004,20231122,831,23,21,1,25.06864,121.5107,1
500103004,20231122,832,23,21,1,25.06864,121.5107,1
500103004,20231122,833,23,21,1,25.06864,121.5107,1
500103004,20231122,834,23,21,1,25.06864,121.5107,1
500103004,20231122,835,23,21,1,25.06864,121.5107,1
500103004,20231122,836,23,22,1,25.06864,121.5107,0
500103004,20231122,837,23,22,1,25.06864,121.5107,0
500103004,20231122,838,23,22,1,25.06864,121.5107,0
500103004,20231122,839,23,22,1,25.06864,121.5107,0
500103004,20231122,841,23,22,1,25.06864,121.5107,0
500103004,20231122,842,23,22,1,25.06864,121.5107,0
500103004,20231122,843,23,22,1,25.06864,121.5107,0
500103004,20231122,844,23,21,1,25.06864,121.5107,1
500103004,20231122,845,23,21,1,25.06864,121.5107,1
500103004,20231122,846,23,21,1,25.06864,121.5107,1
500103004,20231122,847,23,21,1,25.06864,121.5107,1
500103004,20231122,848,23,21,1,25.06864,121.5107,1
500103004,20231122,849,23,21,1,25.06864,121.5107,1
500103004,20231122,850,23,21,1,25.06864,121.5107,1
500103004,20231122,851,23,21,1,25.06864,121.5107,1
500103004,20231122,852,23,21,1,25.06864,121.5107,1
500103004,20231122,853,23,21,1,25.06864,121.5107,1
500103004,20231122,854,23,21,1,25.06864,121.5107,1
500103004,20231122,855,23,21,1,25.06864,121.5107,1
500103004,20231122,856,23,21,1,25.06864,121.5107,1
500103004,20231122,857,23,21,1,25.06864,121.5107,1
500103004,20231122,858,23,22,1,25.06864,121.5107,0
500103004,20231122,859,23,22,1,25.06864,121.5107,0
500103004,20231122,861,23,22,1,25.06864,121.5107,0
500103004,20231122,862,23,22,1,25.06864,121.5107,0
500103004,20231122,863,23,22,1,25.06864,121.5107,0
500103004,20231122,864,23,21,1,25.06864,121.5107,1
500103004,20231122,865,23,21,1,25.06864,121.5107,1
500103004,20231122,866,23,21,1,25.06864,121.5107,1
500103004,20231122,867,23,21,1,25.06864,121.5107,1
500103004,20231122,868,23,21,1,25.06864,121.5107,1
500103004,20231122,869,23,21,1,25.06864,121.5107,1
500103004,20231122,870,23,21,1,25.06864,121.5107,1
500103004,20231122,871,23,21,1,25.06864,121.5107,1
500103004,20231122,872,23,21,1,25.06864,121.5107,1
500103004,20231122,873,23,21,1,25.06864,121.5107,1
500103004,20231122,874,23,20,1,25.06864,121.5107,2
500103004,20231122,875,23,20,1,25.06864,121.5107,2
500103004,20231122,876,23,20,1,25.06864,121.5107,2
500103004,20231122,877,23,20,1,25.06864,121.5107,2
500103004,20231122,878,23,20,1,25.06864,121.5107,2
500103004,20231122,879,23,20,1,25.06864,121.5107,2
500103004,20231122,880,23,20,1,25.06864,121.5107,2
500103004,20231122,881,23,20,1,25.06864,121.5107,2
500103004,20231122,882,23,20,1,25.06864,121.5107,2
500103004,20231122,884,23,20,1,25.06864,121.5107,2
500103004,20231122,885,23,20,1,25.06864,121.5107,2
500103004,20231122,887,23,20,1,25.06864,121.5107,2
500103004,20231122,889,23,20,1,25.06864,121.5107,2
500103004,20231122,891,23,20,1,25.06864,121.5107,2
500103004,20231122,892,23,20,1,25.06864,121.5107,2
500103004,20231122,893,23,20,1,25.06864,121.5107,2
500103004,20231122,894,23,20,1,25.06864,121.5107,2
500103004,20231122,895,23,20,1,25.06864,121.5107,2
500103004,20231122,896,23,22,1,25.06864,121.5107,0
500103004,20231122,898,23,21,1,25.06864,121.5107,1
500103004,20231122,899,23,21,1,25.06864,121.5107,1
500103004,20231122,901,23,21,1,25.06864,121.5107,1
500103004,20231122,902,23,21,1,25.06864,121.5107,1
500103004,20231122,903,23,21,1,25.06864,121.5107,1
500103004,20231122,904,23,21,1,25.06864,121.5107,1
500103004,20231122,905,23,21,1,25.06864,121.5107,1
500103004,20231122,907,23,21,1,25.06864,121.5107,1
500103004,20231122,908,23,21,1,25.06864,121.5107,1
500103004,20231122,909,23,21,1,25.06864,121.5107,1
500103004,20231122,911,23,21,1,25.06864,121.5107,1
500103004,20231122,912,23,21,1,25.06864,121.5107,1
500103004,20231122,913,23,21,1,25.06864,121.5107,1
500103004,20231122,914,23,21,1,25.06864,121.5107,1
500103004,20231122,915,23,21,1,25.06864,121.5107,1
500103004,20231122,916,23,21,1,25.06864,121.5107,1
500103004,20231122,917,23,21,1,25.06864,121.5107,1
500103004,20231122,918,23,20,1,25.06864,121.5107,2
500103004,20231122,919,23,20,1,25.06864,121.5107,2
500103004,20231122,921,23,20,1,25.06864,121.5107,2
500103004,20231122,922,23,20,1,25.06864,121.5107,2
500103004,20231122,923,23,20,1,25.06864,121.5107,2
500103004,20231122,924,23,21,1,25.06864,121.5107,1
500103004,20231122,925,23,21,1,25.06864,121.5107,1
500103004,20231122,926,23,21,1,25.06864,121.5107,1
500103004,20231122,927,23,21,1,25.06864,121.5107,1
500103004,20231122,928,23,21,1,25.06864,121.5107,1
500103004,20231122,929,23,22,1,25.06864,121.5107,0
500103004,20231122,931,23,22,1,25.06864,121.5107,0
500103004,20231122,932,23,22,1,25.06864,121.5107,0
500103004,20231122,933,23,22,1,25.06864,121.5107,0
500103004,20231122,934,23,22,1,25.06864,121.5107,0
500103004,20231122,935,23,22,1,25.06864,121.5107,0
500103004,20231122,936,23,22,1,25.06864,121.5107,0
500103004,20231122,937,23,22,1,25.06864,121.5107,0
500103004,20231122,938,23,22,1,25.06864,121.5107,0
500103004,20231122,939,23,22,1,25.06864,121.5107,0
500103004,20231122,940,23,22,1,25.06864,121.5107,0
500103004,20231122,942,23,21,1,25.06864,121.5107,1
500103004,20231122,943,23,21,1,25.06864,121.5107,1
500103004,20231122,944,23,21,1,25.06864,121.5107,1
500103004,20231122,945,23,20,1,25.06864,121.5107,2
500103004,20231122,946,23,19,1,25.06864,121.5107,3
500103004,20231122,947,23,19,1,25.06864,121.5107,3
500103004,20231122,948,23,19,1,25.06864,121.5107,3
500103004,20231122,949,23,20,1,25.06864,121.5107,2
500103004,20231122,951,23,21,1,25.06864,121.5107,1
500103004,20231122,953,23,20,1,25.06864,121.5107,2
500103004,20231122,954,23,20,1,25.06864,121.5107,2
500103004,20231122,955,23,20,1,25.06864,121.5107,2
500103004,20231122,956,23,20,1,25.06864,121.5107,2
500103004,20231122,957,23,20,1,25.06864,121.5107,2
500103004,20231122,958,23,20,1,25.06864,121.5107,2
500103004,20231122,959,23,20,1,25.06864,121.5107,2
500103004,20231122,961,23,20,1,25.06864,121.5107,2
500103004,20231122,962,23,20,1,25.06864,121.5107,2
500103004,20231122,964,23,20,1,25.06864,121.5107,2
500103004,20231122,965,23,19,1,25.06864,121.5107,3
500103004,20231122,967,23,19,1,25.06864,121.5107,3
500103004,20231122,968,23,19,1,25.06864,121.5107,3
500103004,20231122,969,23,20,1,25.06864,121.5107,2
500103004,20231122,971,23,20,1,25.06864,121.5107,2
500103004,20231122,972,23,20,1,25.06864,121.5107,2
500103004,20231122,973,23,20,1,25.06864,121.5107,2
500103004,20231122,975,23,22,1,25.06864,121.5107,0
500103004,20231122,976,23,21,1,25.06864,121.5107,1
500103004,20231122,977,23,21,1,25.06864,121.5107,1
500103004,20231122,978,23,21,1,25.06864,121.5107,1
500103004,20231122,979,23,20,1,25.06864,121.5107,2
500103004,20231122,982,23,20,1,25.06864,121.5107,2
500103004,20231122,983,23,20,1,25.06864,121.5107,2
500103004,20231122,984,23,20,1,25.06864,121.5107,2
500103004,20231122,985,23,20,1,25.06864,121.5107,2
500103004,20231122,986,23,20,1,25.06864,121.5107,2
500103004,20231122,987,23,20,1,25.06864,121.5107,2
500103004,20231122,988,23,21,1,25.06864,121.5107,1
500103004,20231122,989,23,20,1,25.06864,121.5107,2
500103004,20231122,991,23,20,1,25.06864,121.5107,2
500103004,20231122,992,23,20,1,25.06864,121.5107,2
500103004,20231122,993,23,20,1,25.06864,121.5107,2
500103004,20231122,994,23,20,1,25.06864,121.5107,2
500103004,20231122,995,23,20,1,25.06864,121.5107,2
500103004,20231122,996,23,20,1,25.06864,121.5107,2
500103004,20231122,997,23,20,1,25.06864,121.5107,2
500103004,20231122,998,23,20,1,25.06864,121.5107,2
500103004,20231122,1000,23,19,1,25.06864,121.5107,3
500103004,20231122,1001,23,19,1,25.06864,121.5107,3
500103004,20231122,1002,23,19,1,25.06864,121.5107,3
500103004,20231122,1003,23,17,1,25.06864,121.5107,5
500103004,20231122,1004,23,16,1,25.06864,121.5107,6
500103004,20231122,1005,23,16,1,25.06864,121.5107,6
500103004,20231122,1006,23,16,1,25.06864,121.5107,6
500103004,20231122,1007,23,16,1,25.06864,121.5107,6
500103004,20231122,1008,23,15,1,25.06864,121.5107,7
500103004,20231122,1009,23,15,1,25.06864,121.5107,7
500103004,20231122,1010,23,15,1,25.06864,121.5107,7
500103004,20231122,1011,23,15,1,25.06864,121.5107,7
500103004,20231122,1012,23,15,1,25.06864,121.5107,7
500103004,20231122,1013,23,15,1,25.06864,121.5107,7
500103004,20231122,1014,23,15,1,25.06864,121.5107,7
500103004,20231122,1015,23,15,1,25.06864,121.5107,7
500103004,20231122,1016,23,15,1,25.06864,121.5107,7
500103004,20231122,1017,23,15,1,25.06864,121.5107,7
500103004,20231122,1018,23,15,1,25.06864,121.5107,7
500103004,20231122,1019,23,15,1,25.06864,121.5107,7
500103004,20231122,1021,23,15,1,25.06864,121.5107,7
500103004,20231122,1022,23,15,1,25.06864,121.5107,7
500103004,20231122,1023,23,15,1,25.06864,121.5107,7
500103004,20231122,1024,23,15,1,25.06864,121.5107,7
500103004,20231122,1025,23,15,1,25.06864,121.5107,7
500103004,20231122,1026,23,15,1,25.06864,121.5107,7
500103004,20231122,1027,23,15,1,25.06864,121.5107,7
500103004,20231122,1028,23,15,1,25.06864,121.5107,7
500103004,20231122,1029,23,15,1,25.06864,121.5107,7
500103004,20231122,1030,23,13,1,25.06864,121.5107,9
500103004,20231122,1031,23,14,1,25.06864,121.5107,8
500103004,20231122,1032,23,14,1,25.06864,121.5107,8
500103004,20231122,1033,23,13,1,25.06864,121.5107,9
500103004,20231122,1034,23,14,1,25.06864,121.5107,8
500103004,20231122,1035,23,14,1,25.06864,121.5107,8
500103004,20231122,1036,23,13,1,25.06864,121.5107,9
500103004,20231122,1037,23,13,1,25.06864,121.5107,9
500103004,20231122,1038,23,14,1,25.06864,121.5107,8
500103004,20231122,1039,23,14,1,25.06864,121.5107,8
500103004,20231122,1041,23,14,1,25.06864,121.5107,8
500103004,20231122,1042,23,14,1,25.06864,121.5107,9
500103004,20231122,1043,23,14,1,25.06864,121.5107,9
500103004,20231122,1044,23,14,1,25.06864,121.5107,9
500103004,20231122,1045,23,14,1,25.06864,121.5107,9
500103004,20231122,1046,23,13,1,25.06864,121.5107,10
500103004,20231122,1047,23,13,1,25.06864,121.5107,10
500103004,20231122,1048,23,13,1,25.06864,121.5107,10
500103004,20231122,1049,23,13,1,25.06864,121.5107,10
500103004,20231122,1051,23,12,1,25.06864,121.5107,11
500103004,20231122,1052,23,12,1,25.06864,121.5107,11
500103004,20231122,1053,23,11,1,25.06864,121.5107,12
500103004,20231122,1054,23,9,1,25.06864,121.5107,14
500103004,20231122,1055,23,8,1,25.06864,121.5107,15
500103004,20231122,1056,23,8,1,25.06864,121.5107,15
500103004,20231122,1057,23,8,1,25.06864,121.5107,15
500103004,20231122,1058,23,9,1,25.06864,121.5107,14
500103004,20231122,1059,23,9,1,25.06864,121.5107,14
500103004,20231122,1061,23,10,1,25.06864,121.5107,13
500103004,20231122,1062,23,11,1,25.06864,121.5107,12
500103004,20231122,1063,23,11,1,25.06864,121.5107,12
500103004,20231122,1064,23,11,1,25.06864,121.5107,12
500103004,20231122,1065,23,11,1,25.06864,121.5107,12
500103004,20231122,1066,23,11,1,25.06864,121.5107,12
500103004,20231122,1067,23,11,1,25.06864,121.5107,12
500103004,20231122,1068,23,10,1,25.06864,121.5107,13
500103004,20231122,1069,23,10,1,25.06864,121.5107,13
500103004,20231122,1070,23,10,1,25.06864,121.5107,13
500103004,20231122,1071,23,10,1,25.06864,121.5107,13
500103004,20231122,1072,23,10,1,25.06864,121.5107,13
500103004,20231122,1073,23,10,1,25.06864,121.5107,13
500103004,20231122,1074,23,10,1,25.06864,121.5107,13
500103004,20231122,1075,23,10,1,25.06864,121.5107,13
500103004,20231122,1076,23,10,1,25.06864,121.5107,13
500103004,20231122,1077,23,10,1,25.06864,121.5107,13
500103004,20231122,1078,23,10,1,25.06864,121.5107,13
500103004,20231122,1079,23,9,1,25.06864,121.5107,14
500103004,20231122,1081,23,10,1,25.06864,121.5107,13
500103004,20231122,1082,23,10,1,25.06864,121.5107,13
500103004,20231122,1083,23,10,1,25.06864,121.5107,13
500103004,20231122,1084,23,9,1,25.06864,121.5107,14
500103004,20231122,1085,23,9,1,25.06864,121.5107,14
500103004,20231122,1086,23,9,1,25.06864,121.5107,14
500103004,20231122,1087,23,9,1,25.06864,121.5107,14
500103004,20231122,1088,23,8,1,25.06864,121.5107,15
500103004,20231122,1089,23,8,1,25.06864,121.5107,15
500103004,20231122,1091,23,5,1,25.06864,121.5107,18
500103004,20231122,1092,23,6,1,25.06864,121.5107,17
500103004,20231122,1093,23,6,1,25.06864,121.5107,17
500103004,20231122,1094,23,6,1,25.06864,121.5107,17
500103004,20231122,1095,23,6,1,25.06864,121.5107,17
500103004,20231122,1096,23,6,1,25.06864,121.5107,17
500103004,20231122,1097,23,6,1,25.06864,121.5107,17
500103004,20231122,1098,23,5,1,25.06864,121.5107,18
500103004,20231122,1099,23,3,1,25.06864,121.5107,20
500103004,20231122,1101,23,2,1,25.06864,121.5107,21
500103004,20231122,1102,23,2,1,25.06864,121.5107,21
500103004,20231122,1103,23,2,1,25.06864,121.5107,21
500103004,20231122,1104,23,2,1,25.06864,121.5107,21
500103004,20231122,1105,23,2,1,25.06864,121.5107,21
500103004,20231122,1106,23,5,1,25.06864,121.5107,18
500103004,20231122,1107,23,5,1,25.06864,121.5107,18
500103004,20231122,1108,23,7,1,25.06864,121.5107,16
500103004,20231122,1109,23,16,1,25.06864,121.5107,7
500103004,20231122,1111,23,20,1,25.06864,121.5107,3
500103004,20231122,1112,23,20,1,25.06864,121.5107,3
500103004,20231122,1113,23,20,1,25.06864,121.5107,3
500103004,20231122,1114,23,20,1,25.06864,121.5107,3
500103004,20231122,1115,23,20,1,25.06864,121.5107,3
500103004,20231122,1116,23,20,1,25.06864,121.5107,3
500103004,20231122,1117,23,20,1,25.06864,121.5107,3
500103004,20231122,1118,23,20,1,25.06864,121.5107,3
500103004,20231122,1119,23,18,1,25.06864,121.5107,5
500103004,20231122,1120,23,18,1,25.06864,121.5107,5
500103004,20231122,1121,23,18,1,25.06864,121.5107,5
500103004,20231122,1122,23,18,1,25.06864,121.5107,5
500103004,20231122,1123,23,16,1,25.06864,121.5107,7
500103004,20231122,1124,23,16,1,25.06864,121.5107,7
500103004,20231122,1125,23,16,1,25.06864,121.5107,7
500103004,20231122,1126,23,16,1,25.06864,121.5107,7
500103004,20231122,1127,23,16,1,25.06864,121.5107,7
500103004,20231122,1128,23,16,1,25.06864,121.5107,7
500103004,20231122,1129,23,16,1,25.06864,121.5107,7
500103004,20231122,1130,23,16,1,25.06864,121.5107,7
500103004,20231122,1131,23,16,1,25.06864,121.5107,7
500103004,20231122,1132,23,15,1,25.06864,121.5107,8
500103004,20231122,1133,23,14,1,25.06864,121.5107,9
500103004,20231122,1134,23,14,1,25.06864,121.5107,9
500103004,20231122,1135,23,14,1,25.06864,121.5107,9
500103004,20231122,1136,23,13,1,25.06864,121.5107,10
500103004,20231122,1137,23,13,1,25.06864,121.5107,10
500103004,20231122,1138,23,13,1,25.06864,121.5107,10
500103004,20231122,1139,23,12,1,25.06864,121.5107,11
500103004,20231122,1141,23,10,1,25.06864,121.5107,13
500103004,20231122,1142,23,10,1,25.06864,121.5107,13
500103004,20231122,1143,23,10,1,25.06864,121.5107,13
500103004,20231122,1144,23,10,1,25.06864,121.5107,13
500103004,20231122,1145,23,9,1,25.06864,121.5107,14
500103004,20231122,1146,23,9,1,25.06864,121.5107,14
500103004,20231122,1147,23,9,1,25.06864,121.5107,14
500103004,20231122,1148,23,9,1,25.06864,121.5107,14
500103004,20231122,1149,23,7,1,25.06864,121.5107,16
500103004,20231122,1150,23,7,1,25.06864,121.5107,16
500103004,20231122,1151,23,7,1,25.06864,121.5107,16
500103004,20231122,1152,23,6,1,25.06864,121.5107,17
500103004,20231122,1153,23,6,1,25.06864,121.5107,17
500103004,20231122,1154,23,6,1,25.06864,121.5107,17
500103004,20231122,1155,23,6,1,25.06864,121.5107,17
500103004,20231122,1156,23,7,1,25.06864,121.5107,16
500103004,20231122,1157,23,7,1,25.06864,121.5107,16
500103004,20231122,1158,23,7,1,25.06864,121.5107,16
500103004,20231122,1159,23,7,1,25.06864,121.5107,16
500103004,20231122,1161,23,7,1,25.06864,121.5107,16
500103004,20231122,1162,23,7,1,25.06864,121.5107,16
500103004,20231122,1163,23,5,1,25.06864,121.5107,18
500103004,20231122,1164,23,2,1,25.06864,121.5107,21
500103004,20231122,1165,23,1,1,25.06864,121.5107,22
500103004,20231122,1166,23,1,1,25.06864,121.5107,22
500103004,20231122,1167,23,2,1,25.06864,121.5107,21
500103004,20231122,1168,23,2,1,25.06864,121.5107,21
500103004,20231122,1169,23,2,1,25.06864,121.5107,21
500103004,20231122,1171,23,2,1,25.06864,121.5107,21
500103004,20231122,1172,23,3,1,25.06864,121.5107,20
500103004,20231122,1173,23,2,1,25.06864,121.5107,21
500103004,20231122,1175,23,2,1,25.06864,121.5107,21
500103004,20231122,1176,23,2,1,25.06864,121.5107,21
500103004,20231122,1177,23,2,1,25.06864,121.5107,21
500103004,20231122,1178,23,2,1,25.06864,121.5107,21
500103004,20231122,1179,23,2,1,25.06864,121.5107,21
500103004,20231122,1181,23,1,1,25.06864,121.5107,22
500103004,20231122,1182,23,1,1,25.06864,121.5107,22
500103004,20231122,1183,23,1,1,25.06864,121.5107,22
500103004,20231122,1184,23,2,1,25.06864,121.5107,21
500103004,20231122,1185,23,3,1,25.06864,121.5107,20
500103004,20231122,1186,23,3,1,25.06864,121.5107,20
500103004,20231122,1187,23,10,1,25.06864,121.5107,13
500103004,20231122,1188,23,14,1,25.06864,121.5107,9
500103004,20231122,1189,23,14,1,25.06864,121.5107,9
500103004,20231122,1191,23,13,1,25.06864,121.5107,10
500103004,20231122,1192,23,17,1,25.06864,121.5107,6
500103004,20231122,1193,23,20,1,25.06864,121.5107,3
500103004,20231122,1194,23,18,1,25.06864,121.5107,5
500103004,20231122,1195,23,18,1,25.06864,121.5107,5
500103004,20231122,1196,23,19,1,25.06864,121.5107,4
500103004,20231122,1197,23,19,1,25.06864,121.5107,4
500103004,20231122,1198,23,19,1,25.06864,121.5107,4
500103004,20231122,1199,23,19,1,25.06864,121.5107,4
500103004,20231122,1201,23,19,1,25.06864,121.5107,4
500103004,20231122,1202,23,19,1,25.06864,121.5107,4
500103004,20231122,1203,23,18,1,25.06864,121.5107,5
500103004,20231122,1204,23,17,1,25.06864,121.5107,6
500103004,20231122,1205,23,19,1,25.06864,121.5107,4
500103004,20231122,1206,23,19,1,25.06864,121.5107,4
500103004,20231122,1207,23,18,1,25.06864,121.5107,5
500103004,20231122,1208,23,17,1,25.06864,121.5107,6
500103004,20231122,1209,23,16,1,25.06864,121.5107,7
500103004,20231122,1211,23,16,1,25.06864,121.5107,7
500103004,20231122,1212,23,16,1,25.06864,121.5107,7
500103004,20231122,1213,23,15,1,25.06864,121.5107,8
500103004,20231122,1214,23,14,1,25.06864,121.5107,9
500103004,20231122,1215,23,14,1,25.06864,121.5107,9
500103004,20231122,1216,23,14,1,25.06864,121.5107,9
500103004,20231122,1217,23,14,1,25.06864,121.5107,9
500103004,20231122,1218,23,14,1,25.06864,121.5107,9
500103004,20231122,1219,23,14,1,25.06864,121.5107,9
500103004,20231122,1221,23,15,1,25.06864,121.5107,8
500103004,20231122,1222,23,15,1,25.06864,121.5107,8
500103004,20231122,1223,23,14,1,25.06864,121.5107,9
500103004,20231122,1224,23,13,1,25.06864,121.5107,10
500103004,20231122,1225,23,13,1,25.06864,121.5107,10
500103004,20231122,1226,23,14,1,25.06864,121.5107,9
500103004,20231122,1227,23,13,1,25.06864,121.5107,10
500103004,20231122,1228,23,13,1,25.06864,121.5107,10
500103004,20231122,1229,23,13,1,25.06864,121.5107,10
500103004,20231122,1231,23,13,1,25.06864,121.5107,10
500103004,20231122,1232,23,13,1,25.06864,121.5107,10
500103004,20231122,1233,23,13,1,25.06864,121.5107,10
500103004,20231122,1234,23,13,1,25.06864,121.5107,10
500103004,20231122,1235,23,13,1,25.06864,121.5107,10
500103004,20231122,1236,23,13,1,25.06864,121.5107,10
500103004,20231122,1237,23,13,1,25.06864,121.5107,10
500103004,20231122,1238,23,13,1,25.06864,121.5107,10
500103004,20231122,1239,23,13,1,25.06864,121.5107,10
500103004,20231122,1241,23,11,1,25.06864,121.5107,12
500103004,20231122,1242,23,11,1,25.06864,121.5107,12
500103004,20231122,1244,23,11,1,25.06864,121.5107,12
500103004,20231122,1245,23,10,1,25.06864,121.5107,13
500103004,20231122,1246,23,11,1,25.06864,121.5107,12
500103004,20231122,1247,23,12,1,25.06864,121.5107,11
500103004,20231122,1248,23,12,1,25.06864,121.5107,11
500103004,20231122,1249,23,12,1,25.06864,121.5107,11
500103004,20231122,1251,23,12,1,25.06864,121.5107,11
500103004,20231122,1252,23,12,1,25.06864,121.5107,11
500103004,20231122,1253,23,12,1,25.06864,121.5107,11
500103004,20231122,1254,23,13,1,25.06864,121.5107,10
500103004,20231122,1255,23,13,1,25.06864,121.5107,10
500103004,20231122,1256,23,13,1,25.06864,121.5107,10
500103004,20231122,1257,23,12,1,25.06864,121.5107,11
500103004,20231122,1258,23,12,1,25.06864,121.5107,11
500103004,20231122,1259,23,13,1,25.06864,121.5107,10
500103004,20231122,1261,23,12,1,25.06864,121.5107,11
500103004,20231122,1262,23,12,1,25.06864,121.5107,11
500103004,20231122,1263,23,12,1,25.06864,121.5107,11
500103004,20231122,1264,23,12,1,25.06864,121.5107,11
500103004,20231122,1265,23,11,1,25.06864,121.5107,12
500103004,20231122,1266,23,11,1,25.06864,121.5107,12
500103004,20231122,1267,23,11,1,25.06864,121.5107,12
500103004,20231122,1268,23,10,1,25.06864,121.5107,13
500103004,20231122,1269,23,10,1,25.06864,121.5107,13
500103004,20231122,1271,23,10,1,25.06864,121.5107,13
500103004,20231122,1272,23,10,1,25.06864,121.5107,13
500103004,20231122,1273,23,9,1,25.06864,121.5107,14
500103004,20231122,1274,23,8,1,25.06864,121.5107,15
500103004,20231122,1275,23,8,1,25.06864,121.5107,15
500103004,20231122,1276,23,8,1,25.06864,121.5107,15
500103004,20231122,1277,23,8,1,25.06864,121.5107,15
500103004,20231122,1278,23,9,1,25.06864,121.5107,14
500103004,20231122,1279,23,8,1,25.06864,121.5107,15
500103004,20231122,1281,23,8,1,25.06864,121.5107,15
500103004,20231122,1282,23,8,1,25.06864,121.5107,15
500103004,20231122,1283,23,8,1,25.06864,121.5107,15
500103004,20231122,1284,23,8,1,25.06864,121.5107,15
500103004,20231122,1285,23,8,1,25.06864,121.5107,15
500103004,20231122,1286,23,6,1,25.06864,121.5107,17
500103004,20231122,1287,23,6,1,25.06864,121.5107,17
500103004,20231122,1288,23,5,1,25.06864,121.5107,18
500103004,20231122,1289,23,5,1,25.06864,121.5107,18
500103004,20231122,1291,23,5,1,25.06864,121.5107,18
500103004,20231122,1292,23,6,1,25.06864,121.5107,17
500103004,20231122,1293,23,6,1,25.06864,121.5107,17
500103004,20231122,1294,23,6,1,25.06864,121.5107,17
500103004,20231122,1295,23,6,1,25.06864,121.5107,17
500103004,20231122,1296,23,5,1,25.06864,121.5107,18
500103004,20231122,1297,23,5,1,25.06864,121.5107,18
500103004,20231122,1298,23,6,1,25.06864,121.5107,17
500103004,20231122,1299,23,5,1,25.06864,121.5107,18
500103004,20231122,1300,23,4,1,25.06864,121.5107,19
500103004,20231122,1301,23,4,1,25.06864,121.5107,19
500103004,20231122,1302,23,4,1,25.06864,121.5107,19
500103004,20231122,1303,23,3,1,25.06864,121.5107,20
500103004,20231122,1304,23,3,1,25.06864,121.5107,20
500103004,20231122,1305,23,3,1,25.06864,121.5107,20
500103004,20231122,1306,23,3,1,25.06864,121.5107,20
500103004,20231122,1307,23,3,1,25.06864,121.5107,20
500103004,20231122,1308,23,3,1,25.06864,121.5107,20
500103004,20231122,1309,23,4,1,25.06864,121.5107,19
500103004,20231122,1310,23,4,1,25.06864,121.5107,19
500103004,20231122,1311,23,3,1,25.06864,121.5107,20
500103004,20231122,1312,23,2,1,25.06864,121.5107,21
500103004,20231122,1313,23,1,1,25.06864,121.5107,22
500103004,20231122,1314,23,1,1,25.06864,121.5107,22
500103004,20231122,1315,23,1,1,25.06864,121.5107,22
500103004,20231122,1316,23,1,1,25.06864,121.5107,22
500103004,20231122,1317,23,0,1,25.06864,121.5107,23
500103004,20231122,1318,23,1,1,25.06864,121.5107,22
500103004,20231122,1319,23,1,1,25.06864,121.5107,22
500103004,20231122,1321,23,1,1,25.06864,121.5107,22
500103004,20231122,1322,23,0,1,25.06864,121.5107,23
500103004,20231122,1323,23,0,1,25.06864,121.5107,23
500103004,20231122,1324,23,0,1,25.06864,121.5107,23
500103004,20231122,1325,23,0,1,25.06864,121.5107,23
500103004,20231122,1326,23,0,1,25.06864,121.5107,23
500103004,20231122,1327,23,0,1,25.06864,121.5107,23
500103004,20231122,1328,23,0,1,25.06864,121.5107,23
500103004,20231122,1329,23,0,1,25.06864,121.5107,23
500103004,20231122,1330,23,0,1,25.06864,121.5107,23
500103004,20231122,1331,23,0,1,25.06864,121.5107,23
500103004,20231122,1332,23,0,1,25.06864,121.5107,23
500103004,20231122,1333,23,0,1,25.06864,121.5107,23
500103004,20231122,1334,23,0,1,25.06864,121.5107,23
500103004,20231122,1335,23,0,1,25.06864,121.5107,23
500103004,20231122,1336,23,0,1,25.06864,121.5107,23
500103004,20231122,1337,23,0,1,25.06864,121.5107,23
500103004,20231122,1338,23,0,1,25.06864,121.5107,23
500103004,20231122,1339,23,0,1,25.06864,121.5107,23
500103004,20231122,1341,23,0,1,25.06864,121.5107,23
500103004,20231122,1342,23,0,1,25.06864,121.5107,23
500103004,20231122,1343,23,0,1,25.06864,121.5107,23
500103004,20231122,1344,23,0,1,25.06864,121.5107,23
500103004,20231122,1345,23,0,1,25.06864,121.5107,23
500103004,20231122,1346,23,0,1,25.06864,121.5107,23
500103004,20231122,1347,23,1,1,25.06864,121.5107,22
500103004,20231122,1348,23,0,1,25.06864,121.5107,23
500103004,20231122,1349,23,0,1,25.06864,121.5107,23
500103004,20231122,1351,23,0,1,25.06864,121.5107,23
500103004,20231122,1352,23,0,1,25.06864,121.5107,23
500103004,20231122,1353,23,0,1,25.06864,121.5107,23
500103004,20231122,1354,23,0,1,25.06864,121.5107,23
500103004,20231122,1355,23,0,1,25.06864,121.5107,23
500103004,20231122,1356,23,0,1,25.06864,121.5107,23
500103004,20231122,1357,23,0,1,25.06864,121.5107,23
500103004,20231122,1358,23,0,1,25.06864,121.5107,23
500103004,20231122,1359,23,0,1,25.06864,121.5107,23
500103004,20231122,1360,23,0,1,25.06864,121.5107,23
500103004,20231122,1361,23,0,1,25.06864,121.5107,23
500103004,20231122,1362,23,0,1,25.06864,121.5107,23
500103004,20231122,1363,23,0,1,25.06864,121.5107,23
500103004,20231122,1364,23,0,1,25.06864,121.5107,23
500103004,20231122,1365,23,0,1,25.06864,121.5107,23
500103004,20231122,1366,23,0,1,25.06864,121.5107,23
500103004,20231122,1367,23,1,1,25.06864,121.5107,22
500103004,20231122,1368,23,1,1,25.06864,121.5107,22
500103004,20231122,1369,23,0,1,25.06864,121.5107,23
500103004,20231122,1370,23,0,1,25.06864,121.5107,23
500103004,20231122,1371,23,0,1,25.06864,121.5107,23
500103004,20231122,1372,23,0,1,25.06864,121.5107,23
500103004,20231122,1373,23,0,1,25.06864,121.5107,23
500103004,20231122,1374,23,0,1,25.06864,121.5107,23
500103004,20231122,1375,23,0,1,25.06864,121.5107,23
500103004,20231122,1376,23,0,1,25.06864,121.5107,23
500103004,20231122,1377,23,0,1,25.06864,121.5107,23
500103004,20231122,1378,23,0,1,25.06864,121.5107,23
500103004,20231122,1379,23,0,1,25.06864,121.5107,23
500103004,20231122,1381,23,0,1,25.06864,121.5107,23
500103004,20231122,1382,23,0,1,25.06864,121.5107,23
500103004,20231122,1383,23,0,1,25.06864,121.5107,23
500103004,20231122,1384,23,0,1,25.06864,121.5107,23
500103004,20231122,1385,23,0,1,25.06864,121.5107,23
500103004,20231122,1386,23,0,1,25.06864,121.5107,23
500103004,20231122,1387,23,0,1,25.06864,121.5107,23
500103004,20231122,1388,23,0,1,25.06864,121.5107,23
500103004,20231122,1389,23,0,1,25.06864,121.5107,23
500103004,20231122,1390,23,0,1,25.06864,121.5107,23
500103004,20231122,1391,23,0,1,25.06864,121.5107,23
500103004,20231122,1392,23,0,1,25.06864,121.5107,23
500103004,20231122,1393,23,0,1,25.06864,121.5107,23
500103004,20231122,1394,23,0,1,25.06864,121.5107,23
500103004,20231122,1395,23,0,1,25.06864,121.5107,23
500103004,20231122,1396,23,0,1,25.06864,121.5107,23
500103004,20231122,1397,23,0,1,25.06864,121.5107,23
500103004,20231122,1398,23,0,1,25.06864,121.5107,23
500103004,20231122,1399,23,0,1,25.06864,121.5107,23
500103004,20231122,1401,23,0,1,25.06864,121.5107,23
500103004,20231122,1402,23,0,1,25.06864,121.5107,23
500103004,20231122,1403,23,0,1,25.06864,121.5107,23
500103004,20231122,1404,23,0,1,25.06864,121.5107,23
500103004,20231122,1405,23,0,1,25.06864,121.5107,23
500103004,20231122,1406,23,0,1,25.06864,121.5107,23
500103004,20231122,1407,23,0,1,25.06864,121.5107,23
500103004,20231122,1408,23,0,1,25.06864,121.5107,23
500103004,20231122,1409,23,0,1,25.06864,121.5107,23
500103004,20231122,1410,23,0,1,25.06864,121.5107,23
500103004,20231122,1411,23,0,1,25.06864,121.5107,23
500103004,20231122,1412,23,0,1,25.06864,121.5107,23
500103004,20231122,1413,23,0,1,25.06864,121.5107,23
500103004,20231122,1414,23,0,1,25.06864,121.5107,23
500103004,20231122,1415,23,0,1,25.06864,121.5107,23
500103004,20231122,1416,23,0,1,25.06864,121.5107,23
500103004,20231122,1417,23,0,1,25.06864,121.5107,23
500103004,20231122,1418,23,0,1,25.06864,121.5107,23
500103004,20231122,1419,23,0,1,25.06864,121.5107,23
500103004,20231122,1420,23,0,1,25.06864,121.5107,23
500103004,20231122,1421,23,0,1,25.06864,121.5107,23
500103004,20231122,1422,23,0,1,25.06864,121.5107,23
500103004,20231122,1423,23,0,1,25.06864,121.5107,23
500103004,20231122,1424,23,0,1,25.06864,121.5107,23
500103004,20231122,1425,23,0,1,25.06864,121.5107,23
500103004,20231122,1426,23,0,1,25.06864,121.5107,23
500103004,20231122,1427,23,0,1,25.06864,121.5107,23
500103004,20231122,1428,23,0,1,25.06864,121.5107,23
500103004,20231122,1429,23,0,1,25.06864,121.5107,23
500103004,20231122,1430,23,0,1,25.06864,121.5107,23
500103004,20231122,1431,23,0,1,25.06864,121.5107,23
500103004,20231122,1432,23,1,1,25.06864,121.5107,22
500103004,20231122,1433,23,1,1,25.06864,121.5107,22
500103004,20231122,1434,23,1,1,25.06864,121.5107,22
500103004,20231122,1435,23,1,1,25.06864,121.5107,22
500103004,20231122,1436,23,1,1,25.06864,121.5107,22
500103004,20231122,1437,23,1,1,25.06864,121.5107,22
500103004,20231122,1438,23,1,1,25.06864,121.5107,22
500103004,20231122,1439,23,1,1,25.06864,121.5107,22
500103004,20231123,1,23,1,1,25.06864,121.5107,22
500103004,20231123,2,23,1,1,25.06864,121.5107,22
500103004,20231123,4,23,1,1,25.06864,121.5107,22
500103004,20231123,5,23,1,1,25.06864,121.5107,22
500103004,20231123,6,23,1,1,25.06864,121.5107,22
500103004,20231123,7,23,1,1,25.06864,121.5107,22
500103004,20231123,8,23,1,1,25.06864,121.5107,22
500103004,20231123,9,23,0,1,25.06864,121.5107,23
500103004,20231123,11,23,0,1,25.06864,121.5107,23
500103004,20231123,12,23,0,1,25.06864,121.5107,23
500103004,20231123,13,23,0,1,25.06864,121.5107,23
500103004,20231123,14,23,0,1,25.06864,121.5107,23
500103004,20231123,15,23,0,1,25.06864,121.5107,23
500103004,20231123,16,23,0,1,25.06864,121.5107,23
500103004,20231123,17,23,0,1,25.06864,121.5107,23
500103004,20231123,18,23,0,1,25.06864,121.5107,23
500103004,20231123,19,23,0,1,25.06864,121.5107,23
500103004,20231123,21,23,0,1,25.06864,121.5107,23
500103004,20231123,22,23,0,1,25.06864,121.5107,23
500103004,20231123,23,23,0,1,25.06864,121.5107,23
500103004,20231123,24,23,0,1,25.06864,121.5107,23
500103004,20231123,25,23,0,1,25.06864,121.5107,23
500103004,20231123,26,23,0,1,25.06864,121.5107,23
500103004,20231123,27,23,0,1,25.06864,121.5107,23
500103004,20231123,28,23,0,1,25.06864,121.5107,23
500103004,20231123,29,23,0,1,25.06864,121.5107,23
500103004,20231123,31,23,0,1,25.06864,121.5107,23
500103004,20231123,32,23,0,1,25.06864,121.5107,23
500103004,20231123,33,23,0,1,25.06864,121.5107,23
500103004,20231123,34,23,0,1,25.06864,121.5107,23
500103004,20231123,35,23,0,1,25.06864,121.5107,23
500103004,20231123,36,23,0,1,25.06864,121.5107,23
500103004,20231123,37,23,0,1,25.06864,121.5107,23
500103004,20231123,38,23,0,1,25.06864,121.5107,23
500103004,20231123,39,23,0,1,25.06864,121.5107,23
500103004,20231123,41,23,0,1,25.06864,121.5107,23
500103004,20231123,42,23,0,1,25.06864,121.5107,23
500103004,20231123,43,23,0,1,25.06864,121.5107,23
500103004,20231123,44,23,0,1,25.06864,121.5107,23
500103004,20231123,46,23,0,1,25.06864,121.5107,23
500103004,20231123,47,23,0,1,25.06864,121.5107,23
500103004,20231123,48,23,0,1,25.06864,121.5107,23
500103004,20231123,49,23,0,1,25.06864,121.5107,23
500103004,20231123,51,23,0,1,25.06864,121.5107,23
500103004,20231123,53,23,0,1,25.06864,121.5107,23
500103004,20231123,54,23,0,1,25.06864,121.5107,23
500103004,20231123,56,23,0,1,25.06864,121.5107,23
500103004,20231123,57,23,0,1,25.06864,121.5107,23
500103004,20231123,58,23,0,1,25.06864,121.5107,23
500103004,20231123,59,23,0,1,25.06864,121.5107,23
500103004,20231123,61,23,0,1,25.06864,121.5107,23
500103004,20231123,62,23,0,1,25.06864,121.5107,23
500103004,20231123,63,23,0,1,25.06864,121.5107,23
500103004,20231123,64,23,0,1,25.06864,121.5107,23
500103004,20231123,65,23,0,1,25.06864,121.5107,23
500103004,20231123,66,23,0,1,25.06864,121.5107,23
500103004,20231123,67,23,0,1,25.06864,121.5107,23
500103004,20231123,68,23,0,1,25.06864,121.5107,23
500103004,20231123,69,23,0,1,25.06864,121.5107,23
500103004,20231123,71,23,0,1,25.06864,121.5107,23
500103004,20231123,72,23,0,1,25.06864,121.5107,23
500103004,20231123,73,23,0,1,25.06864,121.5107,23
500103004,20231123,74,23,0,1,25.06864,121.5107,23
500103004,20231123,76,23,0,1,25.06864,121.5107,23
500103004,20231123,77,23,0,1,25.06864,121.5107,23
500103004,20231123,78,23,0,1,25.06864,121.5107,23
500103004,20231123,79,23,0,1,25.06864,121.5107,23
500103004,20231123,81,23,0,1,25.06864,121.5107,23
500103004,20231123,82,23,0,1,25.06864,121.5107,23
500103004,20231123,83,23,0,1,25.06864,121.5107,23
500103004,20231123,84,23,0,1,25.06864,121.5107,23
500103004,20231123,85,23,0,1,25.06864,121.5107,23
500103004,20231123,86,23,0,1,25.06864,121.5107,23
500103004,20231123,87,23,0,1,25.06864,121.5107,23
500103004,20231123,88,23,0,1,25.06864,121.5107,23
500103004,20231123,89,23,0,1,25.06864,121.5107,23
500103004,20231123,91,23,0,1,25.06864,121.5107,23
500103004,20231123,92,23,0,1,25.06864,121.5107,23
500103004,20231123,93,23,0,1,25.06864,121.5107,23
500103004,20231123,94,23,0,1,25.06864,121.5107,23
500103004,20231123,95,23,0,1,25.06864,121.5107,23
500103004,20231123,96,23,0,1,25.06864,121.5107,23
500103004,20231123,97,23,0,1,25.06864,121.5107,23
500103004,20231123,98,23,0,1,25.06864,121.5107,23
500103004,20231123,99,23,0,1,25.06864,121.5107,23
500103004,20231123,101,23,0,1,25.06864,121.5107,23
500103004,20231123,102,23,0,1,25.06864,121.5107,23
500103004,20231123,103,23,0,1,25.06864,121.5107,23
500103004,20231123,104,23,0,1,25.06864,121.5107,23
500103004,20231123,105,23,0,1,25.06864,121.5107,23
500103004,20231123,106,23,0,1,25.06864,121.5107,23
500103004,20231123,107,23,0,1,25.06864,121.5107,23
500103004,20231123,108,23,0,1,25.06864,121.5107,23
500103004,20231123,109,23,0,1,25.06864,121.5107,23
500103004,20231123,110,23,0,1,25.06864,121.5107,23
500103004,20231123,111,23,0,1,25.06864,121.5107,23
500103004,20231123,112,23,0,1,25.06864,121.5107,23
500103004,20231123,113,23,0,1,25.06864,121.5107,23
500103004,20231123,114,23,0,1,25.06864,121.5107,23
500103004,20231123,115,23,0,1,25.06864,121.5107,23
500103004,20231123,116,23,0,1,25.06864,121.5107,23
500103004,20231123,117,23,0,1,25.06864,121.5107,23
500103004,20231123,118,23,0,1,25.06864,121.5107,23
500103004,20231123,119,23,0,1,25.06864,121.5107,23
500103004,20231123,121,23,0,1,25.06864,121.5107,23
500103004,20231123,122,23,0,1,25.06864,121.5107,23
500103004,20231123,123,23,0,1,25.06864,121.5107,23
500103004,20231123,124,23,0,1,25.06864,121.5107,23
500103004,20231123,125,23,0,1,25.06864,121.5107,23
500103004,20231123,126,23,0,1,25.06864,121.5107,23
500103004,20231123,127,23,0,1,25.06864,121.5107,23
500103004,20231123,128,23,0,1,25.06864,121.5107,23
500103004,20231123,129,23,0,1,25.06864,121.5107,23
500103004,20231123,130,23,0,1,25.06864,121.5107,23
500103004,20231123,131,23,0,1,25.06864,121.5107,23
500103004,20231123,132,23,0,1,25.06864,121.5107,23
500103004,20231123,133,23,0,1,25.06864,121.5107,23
500103004,20231123,134,23,0,1,25.06864,121.5107,23
500103004,20231123,135,23,0,1,25.06864,121.5107,23
500103004,20231123,136,23,0,1,25.06864,121.5107,23
500103004,20231123,137,23,0,1,25.06864,121.5107,23
500103004,20231123,138,23,0,1,25.06864,121.5107,23
500103004,20231123,139,23,0,1,25.06864,121.5107,23
500103004,20231123,141,23,0,1,25.06864,121.5107,23
500103004,20231123,142,23,2,1,25.06864,121.5107,21
500103004,20231123,143,23,6,1,25.06864,121.5107,17
500103004,20231123,144,23,6,1,25.06864,121.5107,17
500103004,20231123,145,23,6,1,25.06864,121.5107,17
500103004,20231123,146,23,6,1,25.06864,121.5107,17
500103004,20231123,147,23,6,1,25.06864,121.5107,17
500103004,20231123,148,23,6,1,25.06864,121.5107,17
500103004,20231123,149,23,6,1,25.06864,121.5107,17
500103004,20231123,150,23,6,1,25.06864,121.5107,17
500103004,20231123,151,23,6,1,25.06864,121.5107,17
500103004,20231123,152,23,6,1,25.06864,121.5107,17
500103004,20231123,153,23,6,1,25.06864,121.5107,17
500103004,20231123,154,23,6,1,25.06864,121.5107,17
500103004,20231123,155,23,6,1,25.06864,121.5107,17
500103004,20231123,156,23,6,1,25.06864,121.5107,17
500103004,20231123,157,23,6,1,25.06864,121.5107,17
500103004,20231123,158,23,6,1,25.06864,121.5107,17
500103004,20231123,159,23,6,1,25.06864,121.5107,17
500103004,20231123,160,23,6,1,25.06864,121.5107,17
500103004,20231123,161,23,6,1,25.06864,121.5107,17
500103004,20231123,162,23,6,1,25.06864,121.5107,17
500103004,20231123,163,23,6,1,25.06864,121.5107,17
500103004,20231123,164,23,6,1,25.06864,121.5107,17
500103004,20231123,165,23,6,1,25.06864,121.5107,17
500103004,20231123,166,23,6,1,25.06864,121.5107,17
500103004,20231123,167,23,6,1,25.06864,121.5107,17
500103004,20231123,168,23,6,1,25.06864,121.5107,17
500103004,20231123,169,23,6,1,25.06864,121.5107,17
500103004,20231123,170,23,6,1,25.06864,121.5107,17
500103004,20231123,171,23,6,1,25.06864,121.5107,17
500103004,20231123,172,23,6,1,25.06864,121.5107,17
500103004,20231123,173,23,6,1,25.06864,121.5107,17
500103004,20231123,174,23,6,1,25.06864,121.5107,17
500103004,20231123,175,23,6,1,25.06864,121.5107,17
500103004,20231123,176,23,6,1,25.06864,121.5107,17
500103004,20231123,177,23,6,1,25.06864,121.5107,17
500103004,20231123,178,23,6,1,25.06864,121.5107,17
500103004,20231123,179,23,6,1,25.06864,121.5107,17
500103004,20231123,180,23,6,1,25.06864,121.5107,17
500103004,20231123,181,23,6,1,25.06864,121.5107,17
500103004,20231123,182,23,6,1,25.06864,121.5107,17
500103004,20231123,183,23,6,1,25.06864,121.5107,17
500103004,20231123,184,23,6,1,25.06864,121.5107,17
500103004,20231123,185,23,6,1,25.06864,121.5107,17
500103004,20231123,186,23,6,1,25.06864,121.5107,17
500103004,20231123,187,23,6,1,25.06864,121.5107,17
500103004,20231123,188,23,6,1,25.06864,121.5107,17
500103004,20231123,189,23,6,1,25.06864,121.5107,17
500103004,20231123,190,23,6,1,25.06864,121.5107,17
500103004,20231123,191,23,6,1,25.06864,121.5107,17
500103004,20231123,192,23,6,1,25.06864,121.5107,17
500103004,20231123,193,23,6,1,25.06864,121.5107,17
500103004,20231123,194,23,6,1,25.06864,121.5107,17
500103004,20231123,195,23,6,1,25.06864,121.5107,17
500103004,20231123,196,23,6,1,25.06864,121.5107,17
500103004,20231123,197,23,6,1,25.06864,121.5107,17
500103004,20231123,198,23,6,1,25.06864,121.5107,17
500103004,20231123,199,23,6,1,25.06864,121.5107,17
500103004,20231123,201,23,6,1,25.06864,121.5107,17
500103004,20231123,202,23,6,1,25.06864,121.5107,17
500103004,20231123,203,23,6,1,25.06864,121.5107,17
500103004,20231123,204,23,6,1,25.06864,121.5107,17
500103004,20231123,205,23,6,1,25.06864,121.5107,17
500103004,20231123,206,23,6,1,25.06864,121.5107,17
500103004,20231123,207,23,6,1,25.06864,121.5107,17
500103004,20231123,208,23,6,1,25.06864,121.5107,17
500103004,20231123,209,23,6,1,25.06864,121.5107,17
500103004,20231123,210,23,6,1,25.06864,121.5107,17
500103004,20231123,211,23,6,1,25.06864,121.5107,17
500103004,20231123,212,23,6,1,25.06864,121.5107,17
500103004,20231123,213,23,6,1,25.06864,121.5107,17
500103004,20231123,214,23,6,1,25.06864,121.5107,17
500103004,20231123,215,23,6,1,25.06864,121.5107,17
500103004,20231123,216,23,6,1,25.06864,121.5107,17
500103004,20231123,217,23,6,1,25.06864,121.5107,17
500103004,20231123,218,23,6,1,25.06864,121.5107,17
500103004,20231123,219,23,6,1,25.06864,121.5107,17
500103004,20231123,220,23,6,1,25.06864,121.5107,17
500103004,20231123,221,23,6,1,25.06864,121.5107,17
500103004,20231123,222,23,6,1,25.06864,121.5107,17
500103004,20231123,223,23,6,1,25.06864,121.5107,17
500103004,20231123,224,23,6,1,25.06864,121.5107,17
500103004,20231123,225,23,6,1,25.06864,121.5107,17
500103004,20231123,226,23,6,1,25.06864,121.5107,17
500103004,20231123,227,23,6,1,25.06864,121.5107,17
500103004,20231123,228,23,6,1,25.06864,121.5107,17
500103004,20231123,229,23,6,1,25.06864,121.5107,17
500103004,20231123,230,23,6,1,25.06864,121.5107,17
500103004,20231123,231,23,6,1,25.06864,121.5107,17
500103004,20231123,232,23,6,1,25.06864,121.5107,17
500103004,20231123,233,23,6,1,25.06864,121.5107,17
500103004,20231123,234,23,6,1,25.06864,121.5107,17
500103004,20231123,235,23,6,1,25.06864,121.5107,17
500103004,20231123,236,23,6,1,25.06864,121.5107,17
500103004,20231123,237,23,6,1,25.06864,121.5107,17
500103004,20231123,238,23,6,1,25.06864,121.5107,17
500103004,20231123,239,23,6,1,25.06864,121.5107,17
500103004,20231123,240,23,7,1,25.06864,121.5107,16
500103004,20231123,242,23,7,1,25.06864,121.5107,16
500103004,20231123,243,23,7,1,25.06864,121.5107,16
500103004,20231123,244,23,7,1,25.06864,121.5107,16
500103004,20231123,245,23,7,1,25.06864,121.5107,16
500103004,20231123,246,23,7,1,25.06864,121.5107,16
500103004,20231123,247,23,7,1,25.06864,121.5107,16
500103004,20231123,248,23,7,1,25.06864,121.5107,16
500103004,20231123,249,23,7,1,25.06864,121.5107,16
500103004,20231123,250,23,7,1,25.06864,121.5107,16
500103004,20231123,251,23,7,1,25.06864,121.5107,16
500103004,20231123,252,23,7,1,25.06864,121.5107,16
500103004,20231123,253,23,7,1,25.06864,121.5107,16
500103004,20231123,254,23,7,1,25.06864,121.5107,16
500103004,20231123,255,23,7,1,25.06864,121.5107,16
500103004,20231123,256,23,7,1,25.06864,121.5107,16
500103004,20231123,257,23,7,1,25.06864,121.5107,16
500103004,20231123,258,23,7,1,25.06864,121.5107,16
500103004,20231123,259,23,7,1,25.06864,121.5107,16
500103004,20231123,261,23,7,1,25.06864,121.5107,16
500103004,20231123,262,23,7,1,25.06864,121.5107,16
500103004,20231123,263,23,7,1,25.06864,121.5107,16
500103004,20231123,264,23,7,1,25.06864,121.5107,16
500103004,20231123,265,23,7,1,25.06864,121.5107,16
500103004,20231123,266,23,7,1,25.06864,121.5107,16
500103004,20231123,267,23,7,1,25.06864,121.5107,16
500103004,20231123,268,23,7,1,25.06864,121.5107,16
500103004,20231123,269,23,7,1,25.06864,121.5107,16
500103004,20231123,270,23,7,1,25.06864,121.5107,16
500103004,20231123,271,23,7,1,25.06864,121.5107,16
500103004,20231123,272,23,7,1,25.06864,121.5107,16
500103004,20231123,273,23,7,1,25.06864,121.5107,16
500103004,20231123,274,23,7,1,25.06864,121.5107,16
500103004,20231123,275,23,7,1,25.06864,121.5107,16
500103004,20231123,276,23,7,1,25.06864,121.5107,16
500103004,20231123,277,23,7,1,25.06864,121.5107,16
500103004,20231123,278,23,7,1,25.06864,121.5107,16
500103004,20231123,279,23,7,1,25.06864,121.5107,16
500103004,20231123,281,23,7,1,25.06864,121.5107,16
500103004,20231123,282,23,7,1,25.06864,121.5107,16
500103004,20231123,283,23,7,1,25.06864,121.5107,16
500103004,20231123,284,23,7,1,25.06864,121.5107,16
500103004,20231123,285,23,7,1,25.06864,121.5107,16
500103004,20231123,286,23,7,1,25.06864,121.5107,16
500103004,20231123,287,23,7,1,25.06864,121.5107,16
500103004,20231123,288,23,7,1,25.06864,121.5107,16
500103004,20231123,289,23,7,1,25.06864,121.5107,16
500103004,20231123,291,23,7,1,25.06864,121.5107,16
500103004,20231123,292,23,7,1,25.06864,121.5107,16
500103004,20231123,293,23,7,1,25.06864,121.5107,16
500103004,20231123,294,23,7,1,25.06864,121.5107,16
500103004,20231123,295,23,7,1,25.06864,121.5107,16
500103004,20231123,296,23,7,1,25.06864,121.5107,16
500103004,20231123,297,23,7,1,25.06864,121.5107,16
500103004,20231123,298,23,7,1,25.06864,121.5107,16
500103004,20231123,299,23,7,1,25.06864,121.5107,16
500103004,20231123,301,23,7,1,25.06864,121.5107,16
500103004,20231123,302,23,7,1,25.06864,121.5107,16
500103004,20231123,303,23,7,1,25.06864,121.5107,16
500103004,20231123,304,23,7,1,25.06864,121.5107,16
500103004,20231123,305,23,7,1,25.06864,121.5107,16
500103004,20231123,306,23,7,1,25.06864,121.5107,16
500103004,20231123,307,23,7,1,25.06864,121.5107,16
500103004,20231123,308,23,7,1,25.06864,121.5107,16
500103004,20231123,309,23,7,1,25.06864,121.5107,16
500103004,20231123,311,23,7,1,25.06864,121.5107,16
500103004,20231123,312,23,7,1,25.06864,121.5107,16
500103004,20231123,313,23,7,1,25.06864,121.5107,16
500103004,20231123,314,23,7,1,25.06864,121.5107,16
500103004,20231123,315,23,7,1,25.06864,121.5107,16
500103004,20231123,316,23,7,1,25.06864,121.5107,16
500103004,20231123,317,23,7,1,25.06864,121.5107,16
500103004,20231123,318,23,7,1,25.06864,121.5107,16
500103004,20231123,319,23,7,1,25.06864,121.5107,16
500103004,20231123,321,23,7,1,25.06864,121.5107,16
500103004,20231123,322,23,7,1,25.06864,121.5107,16
500103004,20231123,323,23,7,1,25.06864,121.5107,16
500103004,20231123,324,23,7,1,25.06864,121.5107,16
500103004,20231123,325,23,7,1,25.06864,121.5107,16
500103004,20231123,326,23,7,1,25.06864,121.5107,16
500103004,20231123,327,23,7,1,25.06864,121.5107,16
500103004,20231123,328,23,7,1,25.06864,121.5107,16
500103004,20231123,329,23,7,1,25.06864,121.5107,16
500103004,20231123,331,23,7,1,25.06864,121.5107,16
500103004,20231123,332,23,7,1,25.06864,121.5107,16
500103004,20231123,333,23,7,1,25.06864,121.5107,16
500103004,20231123,334,23,7,1,25.06864,121.5107,16
500103004,20231123,335,23,7,1,25.06864,121.5107,16
500103004,20231123,336,23,7,1,25.06864,121.5107,16
500103004,20231123,337,23,7,1,25.06864,121.5107,16
500103004,20231123,338,23,7,1,25.06864,121.5107,16
500103004,20231123,339,23,7,1,25.06864,121.5107,16
500103004,20231123,341,23,7,1,25.06864,121.5107,16
500103004,20231123,342,23,7,1,25.06864,121.5107,16
500103004,20231123,343,23,7,1,25.06864,121.5107,16
500103004,20231123,344,23,7,1,25.06864,121.5107,16
500103004,20231123,345,23,7,1,25.06864,121.5107,16
500103004,20231123,346,23,7,1,25.06864,121.5107,16
500103004,20231123,347,23,7,1,25.06864,121.5107,16
500103004,20231123,348,23,7,1,25.06864,121.5107,16
500103004,20231123,349,23,7,1,25.06864,121.5107,16
500103004,20231123,351,23,7,1,25.06864,121.5107,16
500103004,20231123,352,23,7,1,25.06864,121.5107,16
500103004,20231123,353,23,7,1,25.06864,121.5107,16
500103004,20231123,354,23,7,1,25.06864,121.5107,16
500103004,20231123,355,23,7,1,25.06864,121.5107,16
500103004,20231123,356,23,7,1,25.06864,121.5107,16
500103004,20231123,357,23,7,1,25.06864,121.5107,16
500103004,20231123,358,23,8,1,25.06864,121.5107,15
500103004,20231123,359,23,8,1,25.06864,121.5107,15
500103004,20231123,361,23,8,1,25.06864,121.5107,15
500103004,20231123,362,23,8,1,25.06864,121.5107,15
500103004,20231123,363,23,7,1,25.06864,121.5107,16
500103004,20231123,364,23,7,1,25.06864,121.5107,16
500103004,20231123,365,23,7,1,25.06864,121.5107,16
500103004,20231123,366,23,7,1,25.06864,121.5107,16
500103004,20231123,367,23,7,1,25.06864,121.5107,16
500103004,20231123,368,23,7,1,25.06864,121.5107,16
500103004,20231123,369,23,7,1,25.06864,121.5107,16
500103004,20231123,370,23,7,1,25.06864,121.5107,16
500103004,20231123,371,23,7,1,25.06864,121.5107,16
500103004,20231123,372,23,7,1,25.06864,121.5107,16
500103004,20231123,373,23,7,1,25.06864,121.5107,16
500103004,20231123,374,23,7,1,25.06864,121.5107,16
500103004,20231123,375,23,6,1,25.06864,121.5107,17
500103004,20231123,376,23,6,1,25.06864,121.5107,17
500103004,20231123,377,23,6,1,25.06864,121.5107,17
500103004,20231123,378,23,6,1,25.06864,121.5107,17
500103004,20231123,379,23,6,1,25.06864,121.5107,17
500103004,20231123,381,23,6,1,25.06864,121.5107,17
500103004,20231123,382,23,6,1,25.06864,121.5107,17
500103004,20231123,383,23,6,1,25.06864,121.5107,17
500103004,20231123,384,23,6,1,25.06864,121.5107,17
500103004,20231123,385,23,6,1,25.06864,121.5107,17
500103004,20231123,386,23,6,1,25.06864,121.5107,17
500103004,20231123,387,23,6,1,25.06864,121.5107,17
500103004,20231123,388,23,6,1,25.06864,121.5107,17
500103004,20231123,389,23,6,1,25.06864,121.5107,17
500103004,20231123,390,23,6,1,25.06864,121.5107,17
500103004,20231123,391,23,7,1,25.06864,121.5107,16
500103004,20231123,392,23,7,1,25.06864,121.5107,16
500103004,20231123,393,23,8,1,25.06864,121.5107,15
500103004,20231123,394,23,8,1,25.06864,121.5107,15
500103004,20231123,395,23,9,1,25.06864,121.5107,14
500103004,20231123,396,23,9,1,25.06864,121.5107,14
500103004,20231123,397,23,9,1,25.06864,121.5107,14
500103004,20231123,398,23,9,1,25.06864,121.5107,14
500103004,20231123,399,23,9,1,25.06864,121.5107,14
500103004,20231123,400,23,9,1,25.06864,121.5107,14
500103004,20231123,401,23,9,1,25.06864,121.5107,14
500103004,20231123,402,23,9,1,25.06864,121.5107,14
500103004,20231123,403,23,10,1,25.06864,121.5107,13
500103004,20231123,404,23,10,1,25.06864,121.5107,13
500103004,20231123,405,23,10,1,25.06864,121.5107,13
500103004,20231123,406,23,10,1,25.06864,121.5107,13
500103004,20231123,407,23,10,1,25.06864,121.5107,13
500103004,20231123,408,23,10,1,25.06864,121.5107,13
500103004,20231123,409,23,10,1,25.06864,121.5107,13
500103004,20231123,410,23,10,1,25.06864,121.5107,13
500103004,20231123,411,23,10,1,25.06864,121.5107,13
500103004,20231123,412,23,11,1,25.06864,121.5107,12
500103004,20231123,413,23,11,1,25.06864,121.5107,12
500103004,20231123,414,23,11,1,25.06864,121.5107,12
500103004,20231123,416,23,11,1,25.06864,121.5107,12
500103004,20231123,417,23,12,1,25.06864,121.5107,11
500103004,20231123,418,23,13,1,25.06864,121.5107,10
500103004,20231123,419,23,14,1,25.06864,121.5107,9
500103004,20231123,421,23,15,1,25.06864,121.5107,8
500103004,20231123,422,23,15,1,25.06864,121.5107,8
500103004,20231123,423,23,15,1,25.06864,121.5107,8
500103004,20231123,424,23,16,1,25.06864,121.5107,7
500103004,20231123,425,23,16,1,25.06864,121.5107,7
500103004,20231123,426,23,17,1,25.06864,121.5107,6
500103004,20231123,427,23,18,1,25.06864,121.5107,5
500103004,20231123,428,23,19,1,25.06864,121.5107,4
500103004,20231123,429,23,20,1,25.06864,121.5107,3
500103004,20231123,430,23,20,1,25.06864,121.5107,3
500103004,20231123,431,23,20,1,25.06864,121.5107,3
500103004,20231123,432,23,20,1,25.06864,121.5107,3
500103004,20231123,433,23,20,1,25.06864,121.5107,3
500103004,20231123,434,23,20,1,25.06864,121.5107,3
500103004,20231123,435,23,20,1,25.06864,121.5107,3
500103004,20231123,436,23,20,1,25.06864,121.5107,3
500103004,20231123,437,23,20,1,25.06864,121.5107,3
500103004,20231123,438,23,20,1,25.06864,121.5107,3
500103004,20231123,439,23,21,1,25.06864,121.5107,2
500103004,20231123,441,23,21,1,25.06864,121.5107,2
500103004,20231123,442,23,21,1,25.06864,121.5107,2
500103004,20231123,443,23,21,1,25.06864,121.5107,2
500103004,20231123,444,23,21,1,25.06864,121.5107,2
500103004,20231123,445,23,22,1,25.06864,121.5107,1
500103004,20231123,446,23,22,1,25.06864,121.5107,1
500103004,20231123,447,23,22,1,25.06864,121.5107,1
500103004,20231123,448,23,23,1,25.06864,121.5107,0
500103004,20231123,449,23,23,1,25.06864,121.5107,0
500103004,20231123,451,23,23,1,25.06864,121.5107,0
500103004,20231123,452,23,23,1,25.06864,121.5107,0
500103004,20231123,453,23,23,1,25.06864,121.5107,0
500103004,20231123,454,23,23,1,25.06864,121.5107,0
500103004,20231123,455,23,23,1,25.06864,121.5107,0
500103004,20231123,456,23,23,1,25.06864,121.5107,0
500103004,20231123,457,23,23,1,25.06864,121.5107,0
500103004,20231123,458,23,23,1,25.06864,121.5107,0
500103004,20231123,459,23,23,1,25.06864,121.5107,0
500103004,20231123,460,23,21,1,25.06864,121.5107,2
500103004,20231123,461,23,17,1,25.06864,121.5107,6
500103004,20231123,462,23,13,1,25.06864,121.5107,10
500103004,20231123,463,23,12,1,25.06864,121.5107,11
500103004,20231123,464,23,10,1,25.06864,121.5107,13
500103004,20231123,465,23,10,1,25.06864,121.5107,13
500103004,20231123,466,23,10,1,25.06864,121.5107,13
500103004,20231123,467,23,10,1,25.06864,121.5107,13
500103004,20231123,468,23,11,1,25.06864,121.5107,12
500103004,20231123,469,23,13,1,25.06864,121.5107,10
500103004,20231123,470,23,11,1,25.06864,121.5107,12
500103004,20231123,471,23,8,1,25.06864,121.5107,15
500103004,20231123,472,23,6,1,25.06864,121.5107,17
500103004,20231123,473,23,5,1,25.06864,121.5107,18
500103004,20231123,474,23,7,1,25.06864,121.5107,16
500103004,20231123,475,23,7,1,25.06864,121.5107,16
500103004,20231123,476,23,7,1,25.06864,121.5107,16
500103004,20231123,477,23,8,1,25.06864,121.5107,15
500103004,20231123,478,23,8,1,25.06864,121.5107,15
500103004,20231123,479,23,8,1,25.06864,121.5107,15
500103004,20231123,481,23,8,1,25.06864,121.5107,15
500103004,20231123,482,23,8,1,25.06864,121.5107,15
500103004,20231123,483,23,8,1,25.06864,121.5107,15
500103004,20231123,484,23,9,1,25.06864,121.5107,14
500103004,20231123,485,23,9,1,25.06864,121.5107,14
500103004,20231123,486,23,10,1,25.06864,121.5107,13
500103004,20231123,487,23,11,1,25.06864,121.5107,12
500103004,20231123,488,23,12,1,25.06864,121.5107,11
500103004,20231123,489,23,12,1,25.06864,121.5107,11
500103004,20231123,490,23,13,1,25.06864,121.5107,10
500103004,20231123,491,23,13,1,25.06864,121.5107,10
500103004,20231123,492,23,12,1,25.06864,121.5107,11
500103004,20231123,493,23,12,1,25.06864,121.5107,11
500103004,20231123,494,23,12,1,25.06864,121.5107,11
500103004,20231123,495,23,13,1,25.06864,121.5107,10
500103004,20231123,496,23,13,1,25.06864,121.5107,10
500103004,20231123,497,23,13,1,25.06864,121.5107,10
500103004,20231123,498,23,14,1,25.06864,121.5107,9
500103004,20231123,499,23,13,1,25.06864,121.5107,10
500103004,20231123,501,23,13,1,25.06864,121.5107,10
500103004,20231123,502,23,13,1,25.06864,121.5107,10
500103004,20231123,503,23,13,1,25.06864,121.5107,10
500103004,20231123,504,23,15,1,25.06864,121.5107,8
500103004,20231123,505,23,15,1,25.06864,121.5107,8
500103004,20231123,506,23,17,1,25.06864,121.5107,6
500103004,20231123,507,23,17,1,25.06864,121.5107,6
500103004,20231123,508,23,17,1,25.06864,121.5107,6
500103004,20231123,509,23,19,1,25.06864,121.5107,4
500103004,20231123,511,23,19,1,25.06864,121.5107,4
500103004,20231123,512,23,21,1,25.06864,121.5107,2
500103004,20231123,513,23,21,1,25.06864,121.5107,2
500103004,20231123,514,23,21,1,25.06864,121.5107,2
500103004,20231123,515,23,21,1,25.06864,121.5107,2
500103004,20231123,516,23,22,1,25.06864,121.5107,1
500103004,20231123,517,23,22,1,25.06864,121.5107,1
500103004,20231123,518,23,23,1,25.06864,121.5107,0
500103004,20231123,519,23,23,1,25.06864,121.5107,0
500103004,20231123,520,23,23,1,25.06864,121.5107,0
500103004,20231123,521,23,21,1,25.06864,121.5107,2
500103004,20231123,522,23,21,1,25.06864,121.5107,2
500103004,20231123,523,23,21,1,25.06864,121.5107,2
500103004,20231123,524,23,21,1,25.06864,121.5107,2
500103004,20231123,525,23,21,1,25.06864,121.5107,2
500103004,20231123,526,23,21,1,25.06864,121.5107,2
500103004,20231123,527,23,21,1,25.06864,121.5107,2
500103004,20231123,528,23,19,1,25.06864,121.5107,4
500103004,20231123,529,23,20,1,25.06864,121.5107,3
500103004,20231123,530,23,19,1,25.06864,121.5107,4
500103004,20231123,531,23,19,1,25.06864,121.5107,4
500103004,20231123,532,23,19,1,25.06864,121.5107,4
500103004,20231123,533,23,19,1,25.06864,121.5107,4
500103004,20231123,534,23,19,1,25.06864,121.5107,4
500103004,20231123,535,23,19,1,25.06864,121.5107,4
500103004,20231123,537,23,21,1,25.06864,121.5107,2
500103004,20231123,538,23,21,1,25.06864,121.5107,2
500103004,20231123,539,23,22,1,25.06864,121.5107,1
500103004,20231123,541,23,22,1,25.06864,121.5107,1
500103004,20231123,542,23,22,1,25.06864,121.5107,1
500103004,20231123,543,23,22,1,25.06864,121.5107,1
500103004,20231123,544,23,22,1,25.06864,121.5107,1
500103004,20231123,545,23,22,1,25.06864,121.5107,1
500103004,20231123,546,23,19,1,25.06864,121.5107,4
500103004,20231123,547,23,19,1,25.06864,121.5107,4
500103004,20231123,548,23,19,1,25.06864,121.5107,4
500103004,20231123,549,23,19,1,25.06864,121.5107,4
500103004,20231123,551,23,18,1,25.06864,121.5107,5
500103004,20231123,552,23,18,1,25.06864,121.5107,5
500103004,20231123,553,23,18,1,25.06864,121.5107,5
500103004,20231123,554,23,18,1,25.06864,121.5107,5
500103004,20231123,555,23,18,1,25.06864,121.5107,5
500103004,20231123,556,23,19,1,25.06864,121.5107,4
500103004,20231123,557,23,19,1,25.06864,121.5107,4
500103004,20231123,558,23,19,1,25.06864,121.5107,4
500103004,20231123,559,23,19,1,25.06864,121.5107,4
500103004,20231123,561,23,19,1,25.06864,121.5107,4
500103004,20231123,562,23,20,1,25.06864,121.5107,3
500103004,20231123,563,23,20,1,25.06864,121.5107,3
500103004,20231123,564,23,20,1,25.06864,121.5107,3
500103004,20231123,565,23,20,1,25.06864,121.5107,3
500103004,20231123,566,23,20,1,25.06864,121.5107,3
500103004,20231123,567,23,20,1,25.06864,121.5107,3
500103004,20231123,568,23,20,1,25.06864,121.5107,3
500103004,20231123,569,23,19,1,25.06864,121.5107,4
500103004,20231123,571,23,19,1,25.06864,121.5107,4
500103004,20231123,572,23,19,1,25.06864,121.5107,4
500103004,20231123,573,23,19,1,25.06864,121.5107,4
500103004,20231123,574,23,19,1,25.06864,121.5107,4
500103004,20231123,575,23,19,1,25.06864,121.5107,4
500103004,20231123,576,23,19,1,25.06864,121.5107,4
500103004,20231123,577,23,19,1,25.06864,121.5107,4
500103004,20231123,578,23,20,1,25.06864,121.5107,3
500103004,20231123,579,23,20,1,25.06864,121.5107,3
500103004,20231123,581,23,20,1,25.06864,121.5107,3
500103004,20231123,582,23,20,1,25.06864,121.5107,3
500103004,20231123,583,23,20,1,25.06864,121.5107,3
500103004,20231123,584,23,21,1,25.06864,121.5107,2
500103004,20231123,585,23,21,1,25.06864,121.5107,2
500103004,20231123,586,23,21,1,25.06864,121.5107,2
500103004,20231123,587,23,21,1,25.06864,121.5107,2
500103004,20231123,588,23,21,1,25.06864,121.5107,2
500103004,20231123,589,23,21,1,25.06864,121.5107,2
500103004,20231123,591,23,22,1,25.06864,121.5107,1
500103004,20231123,592,23,22,1,25.06864,121.5107,1
500103004,20231123,593,23,23,1,25.06864,121.5107,0
500103004,20231123,594,23,23,1,25.06864,121.5107,0
500103004,20231123,595,23,23,1,25.06864,121.5107,0
500103004,20231123,596,23,23,1,25.06864,121.5107,0
500103004,20231123,597,23,23,1,25.06864,121.5107,0
500103004,20231123,598,23,23,1,25.06864,121.5107,0
500103004,20231123,599,23,23,1,25.06864,121.5107,0
500103004,20231123,601,23,23,1,25.06864,121.5107,0
500103004,20231123,602,23,23,1,25.06864,121.5107,0
500103004,20231123,603,23,23,1,25.06864,121.5107,0
500103004,20231123,604,23,23,1,25.06864,121.5107,0
500103004,20231123,605,23,23,1,25.06864,121.5107,0
500103004,20231123,606,23,23,1,25.06864,121.5107,0
500103004,20231123,607,23,23,1,25.06864,121.5107,0
500103004,20231123,608,23,23,1,25.06864,121.5107,0
500103004,20231123,609,23,23,1,25.06864,121.5107,0
500103004,20231123,611,23,23,1,25.06864,121.5107,0
500103004,20231123,612,23,23,1,25.06864,121.5107,0
500103004,20231123,613,23,23,1,25.06864,121.5107,0
500103004,20231123,614,23,23,1,25.06864,121.5107,0
500103004,20231123,615,23,23,1,25.06864,121.5107,0
500103004,20231123,616,23,22,1,25.06864,121.5107,1
500103004,20231123,617,23,22,1,25.06864,121.5107,1
500103004,20231123,618,23,22,1,25.06864,121.5107,1
500103004,20231123,619,23,22,1,25.06864,121.5107,1
500103004,20231123,621,23,22,1,25.06864,121.5107,1
500103004,20231123,622,23,22,1,25.06864,121.5107,1
500103004,20231123,623,23,22,1,25.06864,121.5107,1
500103004,20231123,624,23,22,1,25.06864,121.5107,1
500103004,20231123,625,23,22,1,25.06864,121.5107,1
500103004,20231123,626,23,22,1,25.06864,121.5107,1
500103004,20231123,627,23,22,1,25.06864,121.5107,1
500103004,20231123,628,23,22,1,25.06864,121.5107,1
500103004,20231123,629,23,23,1,25.06864,121.5107,0
500103004,20231123,631,23,23,1,25.06864,121.5107,0
500103004,20231123,632,23,23,1,25.06864,121.5107,0
500103004,20231123,633,23,23,1,25.06864,121.5107,0
500103004,20231123,634,23,23,1,25.06864,121.5107,0
500103004,20231123,635,23,23,1,25.06864,121.5107,0
500103004,20231123,636,23,23,1,25.06864,121.5107,0
500103004,20231123,637,23,23,1,25.06864,121.5107,0
500103004,20231123,638,23,23,1,25.06864,121.5107,0
500103004,20231123,639,23,23,1,25.06864,121.5107,0
500103004,20231123,640,23,23,1,25.06864,121.5107,0
500103004,20231123,641,23,23,1,25.06864,121.5107,0
500103004,20231123,642,23,23,1,25.06864,121.5107,0
500103004,20231123,643,23,23,1,25.06864,121.5107,0
500103004,20231123,644,23,23,1,25.06864,121.5107,0
500103004,20231123,645,23,23,1,25.06864,121.5107,0
500103004,20231123,646,23,23,1,25.06864,121.5107,0
500103004,20231123,647,23,23,1,25.06864,121.5107,0
500103004,20231123,648,23,23,1,25.06864,121.5107,0
500103004,20231123,649,23,23,1,25.06864,121.5107,0
500103004,20231123,650,23,23,1,25.06864,121.5107,0
500103004,20231123,651,23,23,1,25.06864,121.5107,0
500103004,20231123,652,23,23,1,25.06864,121.5107,0
500103004,20231123,653,23,22,1,25.06864,121.5107,1
500103004,20231123,654,23,22,1,25.06864,121.5107,1
500103004,20231123,655,23,22,1,25.06864,121.5107,1
500103004,20231123,656,23,21,1,25.06864,121.5107,2
500103004,20231123,657,23,21,1,25.06864,121.5107,2
500103004,20231123,658,23,21,1,25.06864,121.5107,2
500103004,20231123,659,23,21,1,25.06864,121.5107,2
500103004,20231123,661,23,21,1,25.06864,121.5107,2
500103004,20231123,662,23,21,1,25.06864,121.5107,2
500103004,20231123,663,23,21,1,25.06864,121.5107,2
500103004,20231123,664,23,21,1,25.06864,121.5107,2
500103004,20231123,665,23,21,1,25.06864,121.5107,2
500103004,20231123,666,23,21,1,25.06864,121.5107,2
500103004,20231123,667,23,21,1,25.06864,121.5107,2
500103004,20231123,668,23,21,1,25.06864,121.5107,2
500103004,20231123,669,23,21,1,25.06864,121.5107,2
500103004,20231123,670,23,21,1,25.06864,121.5107,2
500103004,20231123,671,23,21,1,25.06864,121.5107,2
500103004,20231123,672,23,21,1,25.06864,121.5107,2
500103004,20231123,673,23,20,1,25.06864,121.5107,3
500103004,20231123,674,23,20,1,25.06864,121.5107,3
500103004,20231123,675,23,20,1,25.06864,121.5107,3
500103004,20231123,676,23,21,1,25.06864,121.5107,2
500103004,20231123,677,23,21,1,25.06864,121.5107,2
500103004,20231123,678,23,21,1,25.06864,121.5107,2
500103004,20231123,679,23,21,1,25.06864,121.5107,2
500103004,20231123,681,23,21,1,25.06864,121.5107,2
500103004,20231123,682,23,21,1,25.06864,121.5107,2
500103004,20231123,683,23,21,1,25.06864,121.5107,2
500103004,20231123,684,23,21,1,25.06864,121.5107,2
500103004,20231123,685,23,21,1,25.06864,121.5107,2
500103004,20231123,686,23,21,1,25.06864,121.5107,2
500103004,20231123,687,23,21,1,25.06864,121.5107,2
500103004,20231123,688,23,21,1,25.06864,121.5107,2
500103004,20231123,689,23,21,1,25.06864,121.5107,2
500103004,20231123,690,23,21,1,25.06864,121.5107,2
500103004,20231123,691,23,21,1,25.06864,121.5107,2
500103004,20231123,692,23,21,1,25.06864,121.5107,2
500103004,20231123,693,23,21,1,25.06864,121.5107,2
500103004,20231123,694,23,21,1,25.06864,121.5107,2
500103004,20231123,695,23,22,1,25.06864,121.5107,1
500103004,20231123,696,23,22,1,25.06864,121.5107,1
500103004,20231123,697,23,22,1,25.06864,121.5107,1
500103004,20231123,698,23,22,1,25.06864,121.5107,1
500103004,20231123,699,23,22,1,25.06864,121.5107,1
500103004,20231123,700,23,22,1,25.06864,121.5107,1
500103004,20231123,701,23,22,1,25.06864,121.5107,1
500103004,20231123,702,23,22,1,25.06864,121.5107,1
500103004,20231123,703,23,22,1,25.06864,121.5107,1
500103004,20231123,704,23,22,1,25.06864,121.5107,1
500103004,20231123,705,23,22,1,25.06864,121.5107,1
500103004,20231123,706,23,22,1,25.06864,121.5107,1
500103004,20231123,707,23,22,1,25.06864,121.5107,1
500103004,20231123,708,23,21,1,25.06864,121.5107,2
500103004,20231123,709,23,21,1,25.06864,121.5107,2
500103004,20231123,710,23,21,1,25.06864,121.5107,2
500103004,20231123,711,23,21,1,25.06864,121.5107,2
500103004,20231123,712,23,21,1,25.06864,121.5107,2
500103004,20231123,713,23,21,1,25.06864,121.5107,2
500103004,20231123,714,23,21,1,25.06864,121.5107,2
500103004,20231123,715,23,21,1,25.06864,121.5107,2
500103004,20231123,716,23,21,1,25.06864,121.5107,2
500103004,20231123,717,23,21,1,25.06864,121.5107,2
500103004,20231123,718,23,19,1,25.06864,121.5107,4
500103004,20231123,719,23,19,1,25.06864,121.5107,4
500103004,20231123,721,23,19,1,25.06864,121.5107,4
500103004,20231123,722,23,19,1,25.06864,121.5107,4
500103004,20231123,723,23,19,1,25.06864,121.5107,4
500103004,20231123,724,23,19,1,25.06864,121.5107,4
500103004,20231123,725,23,19,1,25.06864,121.5107,4
500103004,20231123,726,23,19,1,25.06864,121.5107,4
500103004,20231123,727,23,19,1,25.06864,121.5107,4
500103004,20231123,728,23,19,1,25.06864,121.5107,4
500103004,20231123,729,23,19,1,25.06864,121.5107,4
500103004,20231123,730,23,19,1,25.06864,121.5107,4
500103004,20231123,731,23,19,1,25.06864,121.5107,4
500103004,20231123,732,23,19,1,25.06864,121.5107,4
500103004,20231123,733,23,19,1,25.06864,121.5107,4
500103004,20231123,734,23,19,1,25.06864,121.5107,4
500103004,20231123,735,23,19,1,25.06864,121.5107,4
500103004,20231123,736,23,20,1,25.06864,121.5107,3
500103004,20231123,737,23,20,1,25.06864,121.5107,3
500103004,20231123,738,23,20,1,25.06864,121.5107,3
500103004,20231123,739,23,20,1,25.06864,121.5107,3
500103004,20231123,741,23,20,1,25.06864,121.5107,3
500103004,20231123,742,23,20,1,25.06864,121.5107,3
500103004,20231123,743,23,20,1,25.06864,121.5107,3
500103004,20231123,744,23,20,1,25.06864,121.5107,3
500103004,20231123,745,23,20,1,25.06864,121.5107,3
500103004,20231123,746,23,20,1,25.06864,121.5107,3
500103004,20231123,747,23,21,1,25.06864,121.5107,2
500103004,20231123,749,23,20,1,25.06864,121.5107,3
500103004,20231123,751,23,20,1,25.06864,121.5107,3
500103004,20231123,752,23,20,1,25.06864,121.5107,3
500103004,20231123,753,23,22,1,25.06864,121.5107,1
500103004,20231123,754,23,22,1,25.06864,121.5107,1
500103004,20231123,755,23,22,1,25.06864,121.5107,1
500103004,20231123,756,23,22,1,25.06864,121.5107,1
500103004,20231123,757,23,22,1,25.06864,121.5107,1
500103004,20231123,758,23,22,1,25.06864,121.5107,1
500103004,20231123,759,23,22,1,25.06864,121.5107,1
500103004,20231123,761,23,23,1,25.06864,121.5107,0
500103004,20231123,762,23,22,1,25.06864,121.5107,1
500103004,20231123,763,23,23,1,25.06864,121.5107,0
500103004,20231123,764,23,23,1,25.06864,121.5107,0
500103004,20231123,765,23,23,1,25.06864,121.5107,0
500103004,20231123,766,23,23,1,25.06864,121.5107,0
500103004,20231123,767,23,22,1,25.06864,121.5107,1
500103004,20231123,768,23,22,1,25.06864,121.5107,1
500103004,20231123,769,23,22,1,25.06864,121.5107,1
500103004,20231123,771,23,23,1,25.06864,121.5107,0
500103004,20231123,772,23,22,1,25.06864,121.5107,1
500103004,20231123,773,23,22,1,25.06864,121.5107,1
500103004,20231123,774,23,22,1,25.06864,121.5107,1
500103004,20231123,775,23,22,1,25.06864,121.5107,1
500103004,20231123,776,23,23,1,25.06864,121.5107,0
500103004,20231123,777,23,23,1,25.06864,121.5107,0
500103004,20231123,778,23,23,1,25.06864,121.5107,0
500103004,20231123,779,23,23,1,25.06864,121.5107,0
500103004,20231123,781,23,23,1,25.06864,121.5107,0
500103004,20231123,782,23,23,1,25.06864,121.5107,0
500103004,20231123,783,23,23,1,25.06864,121.5107,0
500103004,20231123,784,23,23,1,25.06864,121.5107,0
500103004,20231123,785,23,23,1,25.06864,121.5107,0
500103004,20231123,786,23,23,1,25.06864,121.5107,0
500103004,20231123,787,23,23,1,25.06864,121.5107,0
500103004,20231123,788,23,23,1,25.06864,121.5107,0
500103004,20231123,789,23,23,1,25.06864,121.5107,0
500103004,20231123,791,23,23,1,25.06864,121.5107,0
500103004,20231123,792,23,23,1,25.06864,121.5107,0
500103004,20231123,793,23,23,1,25.06864,121.5107,0
500103004,20231123,794,23,23,1,25.06864,121.5107,0
500103004,20231123,795,23,23,1,25.06864,121.5107,0
500103004,20231123,796,23,23,1,25.06864,121.5107,0
500103004,20231123,797,23,23,1,25.06864,121.5107,0
500103004,20231123,798,23,23,1,25.06864,121.5107,0
500103004,20231123,799,23,23,1,25.06864,121.5107,0
500103004,20231123,801,23,23,1,25.06864,121.5107,0
500103004,20231123,802,23,23,1,25.06864,121.5107,0
500103004,20231123,803,23,23,1,25.06864,121.5107,0
500103004,20231123,804,23,23,1,25.06864,121.5107,0
500103004,20231123,805,23,23,1,25.06864,121.5107,0
500103004,20231123,806,23,23,1,25.06864,121.5107,0
500103004,20231123,807,23,23,1,25.06864,121.5107,0
500103004,20231123,808,23,23,1,25.06864,121.5107,0
500103004,20231123,809,23,23,1,25.06864,121.5107,0
500103004,20231123,811,23,23,1,25.06864,121.5107,0
500103004,20231123,812,23,21,1,25.06864,121.5107,2
500103004,20231123,813,23,20,1,25.06864,121.5107,3
500103004,20231123,814,23,20,1,25.06864,121.5107,3
500103004,20231123,815,23,20,1,25.06864,121.5107,3
500103004,20231123,816,23,20,1,25.06864,121.5107,3
500103004,20231123,817,23,20,1,25.06864,121.5107,3
500103004,20231123,818,23,20,1,25.06864,121.5107,3
500103004,20231123,819,23,19,1,25.06864,121.5107,4
500103004,20231123,821,23,20,1,25.06864,121.5107,3
500103004,20231123,822,23,20,1,25.06864,121.5107,3
500103004,20231123,823,23,20,1,25.06864,121.5107,3
500103004,20231123,824,23,20,1,25.06864,121.5107,3
500103004,20231123,825,23,20,1,25.06864,121.5107,3
500103004,20231123,826,23,20,1,25.06864,121.5107,3
500103004,20231123,827,23,20,1,25.06864,121.5107,3
500103004,20231123,828,23,20,1,25.06864,121.5107,3
500103004,20231123,829,23,20,1,25.06864,121.5107,3
500103004,20231123,831,23,20,1,25.06864,121.5107,3
500103004,20231123,832,23,20,1,25.06864,121.5107,3
500103004,20231123,833,23,20,1,25.06864,121.5107,3
500103004,20231123,834,23,20,1,25.06864,121.5107,3
500103004,20231123,835,23,20,1,25.06864,121.5107,3
500103004,20231123,836,23,20,1,25.06864,121.5107,3
500103004,20231123,837,23,20,1,25.06864,121.5107,3
500103004,20231123,838,23,20,1,25.06864,121.5107,3
500103004,20231123,839,23,21,1,25.06864,121.5107,2
500103004,20231123,841,23,21,1,25.06864,121.5107,2
500103004,20231123,842,23,21,1,25.06864,121.5107,2
500103004,20231123,843,23,21,1,25.06864,121.5107,2
500103004,20231123,844,23,21,1,25.06864,121.5107,2
500103004,20231123,845,23,21,1,25.06864,121.5107,2
500103004,20231123,846,23,23,1,25.06864,121.5107,0
500103004,20231123,847,23,23,1,25.06864,121.5107,0
500103004,20231123,848,23,23,1,25.06864,121.5107,0
500103004,20231123,849,23,23,1,25.06864,121.5107,0
500103004,20231123,851,23,23,1,25.06864,121.5107,0
500103004,20231123,852,23,23,1,25.06864,121.5107,0
500103004,20231123,853,23,23,1,25.06864,121.5107,0
500103004,20231123,854,23,23,1,25.06864,121.5107,0
500103004,20231123,855,23,23,1,25.06864,121.5107,0
500103004,20231123,856,23,23,1,25.06864,121.5107,0
500103004,20231123,857,23,23,1,25.06864,121.5107,0
500103004,20231123,858,23,23,1,25.06864,121.5107,0
500103004,20231123,859,23,23,1,25.06864,121.5107,0
500103004,20231123,861,23,23,1,25.06864,121.5107,0
500103004,20231123,862,23,23,1,25.06864,121.5107,0
500103004,20231123,863,23,23,1,25.06864,121.5107,0
500103004,20231123,864,23,23,1,25.06864,121.5107,0
500103004,20231123,865,23,23,1,25.06864,121.5107,0
500103004,20231123,866,23,23,1,25.06864,121.5107,0
500103004,20231123,867,23,23,1,25.06864,121.5107,0
500103004,20231123,868,23,23,1,25.06864,121.5107,0
500103004,20231123,869,23,23,1,25.06864,121.5107,0
500103004,20231123,871,23,21,1,25.06864,121.5107,2
500103004,20231123,872,23,21,1,25.06864,121.5107,2
500103004,20231123,873,23,21,1,25.06864,121.5107,2
500103004,20231123,874,23,21,1,25.06864,121.5107,2
500103004,20231123,875,23,21,1,25.06864,121.5107,2
500103004,20231123,876,23,21,1,25.06864,121.5107,2
500103004,20231123,877,23,22,1,25.06864,121.5107,1
500103004,20231123,878,23,23,1,25.06864,121.5107,0
500103004,20231123,879,23,23,1,25.06864,121.5107,0
500103004,20231123,880,23,23,1,25.06864,121.5107,0
500103004,20231123,881,23,23,1,25.06864,121.5107,0
500103004,20231123,882,23,23,1,25.06864,121.5107,0
500103004,20231123,883,23,23,1,25.06864,121.5107,0
500103004,20231123,884,23,23,1,25.06864,121.5107,0
500103004,20231123,885,23,23,1,25.06864,121.5107,0
500103004,20231123,886,23,23,1,25.06864,121.5107,0
500103004,20231123,887,23,23,1,25.06864,121.5107,0
500103004,20231123,888,23,23,1,25.06864,121.5107,0
500103004,20231123,889,23,23,1,25.06864,121.5107,0
500103004,20231123,890,23,23,1,25.06864,121.5107,0
500103004,20231123,891,23,23,1,25.06864,121.5107,0
500103004,20231123,892,23,23,1,25.06864,121.5107,0
500103004,20231123,893,23,23,1,25.06864,121.5107,0
500103004,20231123,894,23,23,1,25.06864,121.5107,0
500103004,20231123,895,23,23,1,25.06864,121.5107,0
500103004,20231123,896,23,23,1,25.06864,121.5107,0
500103004,20231123,897,23,23,1,25.06864,121.5107,0
500103004,20231123,898,23,23,1,25.06864,121.5107,0
500103004,20231123,899,23,23,1,25.06864,121.5107,0
500103004,20231123,901,23,21,1,25.06864,121.5107,2
500103004,20231123,902,23,21,1,25.06864,121.5107,2
500103004,20231123,903,23,21,1,25.06864,121.5107,2
500103004,20231123,904,23,21,1,25.06864,121.5107,2
500103004,20231123,905,23,21,1,25.06864,121.5107,2
500103004,20231123,906,23,22,1,25.06864,121.5107,1
500103004,20231123,907,23,22,1,25.06864,121.5107,1
500103004,20231123,908,23,21,1,25.06864,121.5107,2
500103004,20231123,909,23,21,1,25.06864,121.5107,2
500103004,20231123,910,23,21,1,25.06864,121.5107,2
500103004,20231123,911,23,22,1,25.06864,121.5107,1
500103004,20231123,912,23,22,1,25.06864,121.5107,1
500103004,20231123,913,23,22,1,25.06864,121.5107,1
500103004,20231123,914,23,22,1,25.06864,121.5107,1
500103004,20231123,915,23,22,1,25.06864,121.5107,1
500103004,20231123,916,23,22,1,25.06864,121.5107,1
500103004,20231123,917,23,22,1,25.06864,121.5107,1
500103004,20231123,918,23,22,1,25.06864,121.5107,1
500103004,20231123,919,23,23,1,25.06864,121.5107,0
500103004,20231123,921,23,23,1,25.06864,121.5107,0
500103004,20231123,922,23,23,1,25.06864,121.5107,0
500103004,20231123,923,23,23,1,25.06864,121.5107,0
500103004,20231123,924,23,23,1,25.06864,121.5107,0
500103004,20231123,925,23,23,1,25.06864,121.5107,0
500103004,20231123,926,23,23,1,25.06864,121.5107,0
500103004,20231123,927,23,23,1,25.06864,121.5107,0
500103004,20231123,928,23,23,1,25.06864,121.5107,0
500103004,20231123,929,23,23,1,25.06864,121.5107,0
500103004,20231123,931,23,23,1,25.06864,121.5107,0
500103004,20231123,932,23,23,1,25.06864,121.5107,0
500103004,20231123,933,23,23,1,25.06864,121.5107,0
500103004,20231123,934,23,23,1,25.06864,121.5107,0
500103004,20231123,935,23,23,1,25.06864,121.5107,0
500103004,20231123,936,23,23,1,25.06864,121.5107,0
500103004,20231123,937,23,23,1,25.06864,121.5107,0
500103004,20231123,938,23,23,1,25.06864,121.5107,0
500103004,20231123,939,23,23,1,25.06864,121.5107,0
500103004,20231123,940,23,23,1,25.06864,121.5107,0
500103004,20231123,941,23,23,1,25.06864,121.5107,0
500103004,20231123,942,23,22,1,25.06864,121.5107,1
500103004,20231123,943,23,22,1,25.06864,121.5107,1
500103004,20231123,944,23,22,1,25.06864,121.5107,1
500103004,20231123,945,23,22,1,25.06864,121.5107,1
500103004,20231123,946,23,21,1,25.06864,121.5107,2
500103004,20231123,947,23,21,1,25.06864,121.5107,2
500103004,20231123,948,23,21,1,25.06864,121.5107,2
500103004,20231123,949,23,21,1,25.06864,121.5107,2
500103004,20231123,950,23,21,1,25.06864,121.5107,2
500103004,20231123,951,23,21,1,25.06864,121.5107,2
500103004,20231123,952,23,20,1,25.06864,121.5107,3
500103004,20231123,953,23,20,1,25.06864,121.5107,3
500103004,20231123,954,23,20,1,25.06864,121.5107,3
500103004,20231123,955,23,20,1,25.06864,121.5107,3
500103004,20231123,956,23,20,1,25.06864,121.5107,3
500103004,20231123,957,23,20,1,25.06864,121.5107,3
500103004,20231123,958,23,19,1,25.06864,121.5107,4
500103004,20231123,959,23,20,1,25.06864,121.5107,3
500103004,20231123,961,23,20,1,25.06864,121.5107,3
500103004,20231123,962,23,20,1,25.06864,121.5107,3
500103004,20231123,963,23,21,1,25.06864,121.5107,2
500103004,20231123,964,23,21,1,25.06864,121.5107,2
500103004,20231123,965,23,21,1,25.06864,121.5107,2
500103004,20231123,966,23,21,1,25.06864,121.5107,2
500103004,20231123,967,23,21,1,25.06864,121.5107,2
500103004,20231123,968,23,22,1,25.06864,121.5107,1
500103004,20231123,969,23,22,1,25.06864,121.5107,1
500103004,20231123,970,23,23,1,25.06864,121.5107,0
500103004,20231123,971,23,23,1,25.06864,121.5107,0
500103004,20231123,972,23,23,1,25.06864,121.5107,0
500103004,20231123,973,23,22,1,25.06864,121.5107,1
500103004,20231123,974,23,22,1,25.06864,121.5107,1
500103004,20231123,975,23,23,1,25.06864,121.5107,0
500103004,20231123,976,23,23,1,25.06864,121.5107,0
500103004,20231123,977,23,23,1,25.06864,121.5107,0
500103004,20231123,978,23,23,1,25.06864,121.5107,0
500103004,20231123,979,23,23,1,25.06864,121.5107,0
500103004,20231123,981,23,23,1,25.06864,121.5107,0
500103004,20231123,982,23,23,1,25.06864,121.5107,0
500103004,20231123,983,23,23,1,25.06864,121.5107,0
500103004,20231123,984,23,23,1,25.06864,121.5107,0
500103004,20231123,985,23,22,1,25.06864,121.5107,1
500103004,20231123,986,23,22,1,25.06864,121.5107,1
500103004,20231123,987,23,22,1,25.06864,121.5107,1
500103004,20231123,988,23,23,1,25.06864,121.5107,0
500103004,20231123,989,23,23,1,25.06864,121.5107,0
500103004,20231123,991,23,23,1,25.06864,121.5107,0
500103004,20231123,992,23,23,1,25.06864,121.5107,0
500103004,20231123,993,23,23,1,25.06864,121.5107,0
500103004,20231123,994,23,23,1,25.06864,121.5107,0
500103004,20231123,995,23,22,1,25.06864,121.5107,1
500103004,20231123,996,23,21,1,25.06864,121.5107,2
500103004,20231123,997,23,21,1,25.06864,121.5107,2
500103004,20231123,998,23,21,1,25.06864,121.5107,2
500103004,20231123,999,23,20,1,25.06864,121.5107,3
500103004,20231123,1000,23,20,1,25.06864,121.5107,3
500103004,20231123,1001,23,20,1,25.06864,121.5107,3
500103004,20231123,1002,23,20,1,25.06864,121.5107,3
500103004,20231123,1003,23,20,1,25.06864,121.5107,3
500103004,20231123,1004,23,19,1,25.06864,121.5107,4
500103004,20231123,1005,23,19,1,25.06864,121.5107,4
500103004,20231123,1006,23,19,1,25.06864,121.5107,4
500103004,20231123,1007,23,19,1,25.06864,121.5107,4
500103004,20231123,1009,23,19,1,25.06864,121.5107,4
500103004,20231123,1011,23,20,1,25.06864,121.5107,3
500103004,20231123,1012,23,20,1,25.06864,121.5107,3
500103004,20231123,1013,23,20,1,25.06864,121.5107,3
500103004,20231123,1014,23,21,1,25.06864,121.5107,2
500103004,20231123,1015,23,21,1,25.06864,121.5107,2
500103004,20231123,1016,23,19,1,25.06864,121.5107,4
500103004,20231123,1017,23,19,1,25.06864,121.5107,4
500103004,20231123,1018,23,19,1,25.06864,121.5107,4
500103004,20231123,1019,23,19,1,25.06864,121.5107,4
500103004,20231123,1022,23,18,1,25.06864,121.5107,5
500103004,20231123,1023,23,18,1,25.06864,121.5107,5
500103004,20231123,1024,23,17,1,25.06864,121.5107,6
500103004,20231123,1025,23,17,1,25.06864,121.5107,6
500103004,20231123,1026,23,17,1,25.06864,121.5107,6
500103004,20231123,1027,23,16,1,25.06864,121.5107,7
500103004,20231123,1028,23,16,1,25.06864,121.5107,7
500103004,20231123,1029,23,15,1,25.06864,121.5107,8
500103004,20231123,1031,23,13,1,25.06864,121.5107,10
500103004,20231123,1032,23,13,1,25.06864,121.5107,10
500103004,20231123,1033,23,13,1,25.06864,121.5107,10
500103004,20231123,1035,23,12,1,25.06864,121.5107,11
500103004,20231123,1036,23,11,1,25.06864,121.5107,12
500103004,20231123,1038,23,11,1,25.06864,121.5107,12
500103004,20231123,1039,23,11,1,25.06864,121.5107,12
500103004,20231123,1041,23,11,1,25.06864,121.5107,12
500103004,20231123,1042,23,11,1,25.06864,121.5107,12
500103004,20231123,1043,23,11,1,25.06864,121.5107,12
500103004,20231123,1044,23,13,1,25.06864,121.5107,10
500103004,20231123,1045,23,13,1,25.06864,121.5107,10
500103004,20231123,1046,23,13,1,25.06864,121.5107,10
500103004,20231123,1047,23,13,1,25.06864,121.5107,10
500103004,20231123,1048,23,13,1,25.06864,121.5107,10
500103004,20231123,1049,23,13,1,25.06864,121.5107,10
500103004,20231123,1051,23,13,1,25.06864,121.5107,10
500103004,20231123,1052,23,12,1,25.06864,121.5107,11
500103004,20231123,1053,23,12,1,25.06864,121.5107,11
500103004,20231123,1054,23,12,1,25.06864,121.5107,11
500103004,20231123,1055,23,12,1,25.06864,121.5107,11
500103004,20231123,1056,23,13,1,25.06864,121.5107,10
500103004,20231123,1057,23,13,1,25.06864,121.5107,10
500103004,20231123,1058,23,13,1,25.06864,121.5107,10
500103004,20231123,1059,23,12,1,25.06864,121.5107,11
500103004,20231123,1061,23,13,1,25.06864,121.5107,10
500103004,20231123,1062,23,15,1,25.06864,121.5107,8
500103004,20231123,1063,23,15,1,25.06864,121.5107,8
500103004,20231123,1064,23,15,1,25.06864,121.5107,8
500103004,20231123,1065,23,15,1,25.06864,121.5107,8
500103004,20231123,1066,23,15,1,25.06864,121.5107,8
500103004,20231123,1067,23,13,1,25.06864,121.5107,10
500103004,20231123,1068,23,13,1,25.06864,121.5107,10
500103004,20231123,1069,23,12,1,25.06864,121.5107,11
500103004,20231123,1071,23,11,1,25.06864,121.5107,12
500103004,20231123,1072,23,11,1,25.06864,121.5107,12
500103004,20231123,1073,23,11,1,25.06864,121.5107,12
500103004,20231123,1074,23,11,1,25.06864,121.5107,12
500103004,20231123,1075,23,11,1,25.06864,121.5107,12
500103004,20231123,1076,23,11,1,25.06864,121.5107,12
500103004,20231123,1077,23,11,1,25.06864,121.5107,12
500103004,20231123,1078,23,11,1,25.06864,121.5107,12
500103004,20231123,1079,23,10,1,25.06864,121.5107,13
500103004,20231123,1081,23,9,1,25.06864,121.5107,14
500103004,20231123,1082,23,9,1,25.06864,121.5107,14
500103004,20231123,1083,23,8,1,25.06864,121.5107,15
500103004,20231123,1084,23,8,1,25.06864,121.5107,15
500103004,20231123,1085,23,8,1,25.06864,121.5107,15
500103004,20231123,1086,23,8,1,25.06864,121.5107,15
500103004,20231123,1087,23,8,1,25.06864,121.5107,15
500103004,20231123,1088,23,8,1,25.06864,121.5107,15
500103004,20231123,1089,23,8,1,25.06864,121.5107,15
500103004,20231123,1091,23,8,1,25.06864,121.5107,15
500103004,20231123,1092,23,9,1,25.06864,121.5107,14
500103004,20231123,1093,23,9,1,25.06864,121.5107,14
500103004,20231123,1094,23,9,1,25.06864,121.5107,14
500103004,20231123,1095,23,9,1,25.06864,121.5107,14
500103004,20231123,1096,23,9,1,25.06864,121.5107,14
500103004,20231123,1097,23,9,1,25.06864,121.5107,14
500103004,20231123,1098,23,8,1,25.06864,121.5107,15
500103004,20231123,1099,23,10,1,25.06864,121.5107,13
500103004,20231123,1101,23,10,1,25.06864,121.5107,13
500103004,20231123,1102,23,10,1,25.06864,121.5107,13
500103004,20231123,1103,23,7,1,25.06864,121.5107,16
500103004,20231123,1104,23,7,1,25.06864,121.5107,16
500103004,20231123,1105,23,7,1,25.06864,121.5107,16
500103004,20231123,1106,23,7,1,25.06864,121.5107,16
500103004,20231123,1107,23,7,1,25.06864,121.5107,16
500103004,20231123,1108,23,7,1,25.06864,121.5107,16
500103004,20231123,1109,23,7,1,25.06864,121.5107,16
500103004,20231123,1111,23,14,1,25.06864,121.5107,9
500103004,20231123,1112,23,16,1,25.06864,121.5107,7
500103004,20231123,1113,23,17,1,25.06864,121.5107,6
500103004,20231123,1114,23,18,1,25.06864,121.5107,5
500103004,20231123,1115,23,18,1,25.06864,121.5107,5
500103004,20231123,1116,23,17,1,25.06864,121.5107,6
500103004,20231123,1117,23,17,1,25.06864,121.5107,6
500103004,20231123,1118,23,17,1,25.06864,121.5107,6
500103004,20231123,1119,23,17,1,25.06864,121.5107,6
500103004,20231123,1120,23,17,1,25.06864,121.5107,6
500103004,20231123,1121,23,17,1,25.06864,121.5107,6
500103004,20231123,1122,23,17,1,25.06864,121.5107,6
500103004,20231123,1123,23,15,1,25.06864,121.5107,8
500103004,20231123,1124,23,15,1,25.06864,121.5107,8
500103004,20231123,1125,23,15,1,25.06864,121.5107,8
500103004,20231123,1126,23,14,1,25.06864,121.5107,9
500103004,20231123,1127,23,14,1,25.06864,121.5107,9
500103004,20231123,1128,23,13,1,25.06864,121.5107,10
500103004,20231123,1129,23,12,1,25.06864,121.5107,11
500103004,20231123,1130,23,12,1,25.06864,121.5107,11
500103004,20231123,1131,23,12,1,25.06864,121.5107,11
500103004,20231123,1132,23,12,1,25.06864,121.5107,11
500103004,20231123,1133,23,12,1,25.06864,121.5107,11
500103004,20231123,1134,23,11,1,25.06864,121.5107,12
500103004,20231123,1135,23,11,1,25.06864,121.5107,12
500103004,20231123,1136,23,10,1,25.06864,121.5107,13
500103004,20231123,1137,23,10,1,25.06864,121.5107,13
500103004,20231123,1138,23,10,1,25.06864,121.5107,13
500103004,20231123,1139,23,10,1,25.06864,121.5107,13
500103004,20231123,1141,23,11,1,25.06864,121.5107,12
500103004,20231123,1142,23,10,1,25.06864,121.5107,13
500103004,20231123,1143,23,10,1,25.06864,121.5107,13
500103004,20231123,1144,23,9,1,25.06864,121.5107,14
500103004,20231123,1145,23,9,1,25.06864,121.5107,14
500103004,20231123,1146,23,9,1,25.06864,121.5107,14
500103004,20231123,1147,23,8,1,25.06864,121.5107,15
500103004,20231123,1148,23,8,1,25.06864,121.5107,15
500103004,20231123,1149,23,8,1,25.06864,121.5107,15
500103004,20231123,1150,23,7,1,25.06864,121.5107,16
500103004,20231123,1151,23,7,1,25.06864,121.5107,16
500103004,20231123,1152,23,7,1,25.06864,121.5107,16
500103004,20231123,1153,23,3,1,25.06864,121.5107,20
500103004,20231123,1154,23,3,1,25.06864,121.5107,20
500103004,20231123,1155,23,3,1,25.06864,121.5107,20
500103004,20231123,1156,23,3,1,25.06864,121.5107,20
500103004,20231123,1157,23,3,1,25.06864,121.5107,20
500103004,20231123,1158,23,6,1,25.06864,121.5107,17
500103004,20231123,1159,23,8,1,25.06864,121.5107,15
500103004,20231123,1161,23,12,1,25.06864,121.5107,11
500103004,20231123,1162,23,14,1,25.06864,121.5107,9
500103004,20231123,1163,23,16,1,25.06864,121.5107,7
500103004,20231123,1164,23,18,1,25.06864,121.5107,5
500103004,20231123,1165,23,18,1,25.06864,121.5107,5
500103004,20231123,1166,23,19,1,25.06864,121.5107,4
500103004,20231123,1167,23,19,1,25.06864,121.5107,4
500103004,20231123,1168,23,19,1,25.06864,121.5107,4
500103004,20231123,1169,23,19,1,25.06864,121.5107,4
500103004,20231123,1171,23,19,1,25.06864,121.5107,4
500103004,20231123,1172,23,19,1,25.06864,121.5107,4
500103004,20231123,1173,23,19,1,25.06864,121.5107,4
500103004,20231123,1174,23,18,1,25.06864,121.5107,5
500103004,20231123,1175,23,18,1,25.06864,121.5107,5
500103004,20231123,1176,23,18,1,25.06864,121.5107,5
500103004,20231123,1177,23,18,1,25.06864,121.5107,5
500103004,20231123,1178,23,18,1,25.06864,121.5107,5
500103004,20231123,1179,23,18,1,25.06864,121.5107,5
500103004,20231123,1180,23,18,1,25.06864,121.5107,5
500103004,20231123,1181,23,17,1,25.06864,121.5107,6
500103004,20231123,1182,23,17,1,25.06864,121.5107,6
500103004,20231123,1183,23,17,1,25.06864,121.5107,6
500103004,20231123,1184,23,17,1,25.06864,121.5107,6
500103004,20231123,1185,23,16,1,25.06864,121.5107,7
500103004,20231123,1186,23,16,1,25.06864,121.5107,7
500103004,20231123,1187,23,16,1,25.06864,121.5107,7
500103004,20231123,1188,23,16,1,25.06864,121.5107,7
500103004,20231123,1189,23,14,1,25.06864,121.5107,9
500103004,20231123,1190,23,14,1,25.06864,121.5107,9
500103004,20231123,1191,23,14,1,25.06864,121.5107,9
500103004,20231123,1192,23,14,1,25.06864,121.5107,9
500103004,20231123,1193,23,13,1,25.06864,121.5107,10
500103004,20231123,1194,23,11,1,25.06864,121.5107,12
500103004,20231123,1195,23,11,1,25.06864,121.5107,12
500103004,20231123,1196,23,11,1,25.06864,121.5107,12
500103004,20231123,1197,23,11,1,25.06864,121.5107,12
500103004,20231123,1198,23,11,1,25.06864,121.5107,12
500103004,20231123,1199,23,11,1,25.06864,121.5107,12
500103004,20231123,1201,23,14,1,25.06864,121.5107,9
500103004,20231123,1202,23,14,1,25.06864,121.5107,9
500103004,20231123,1203,23,14,1,25.06864,121.5107,9
500103004,20231123,1206,23,13,1,25.06864,121.5107,10
500103004,20231123,1207,23,14,1,25.06864,121.5107,9
500103004,20231123,1209,23,16,1,25.06864,121.5107,7
500103004,20231123,1211,23,20,1,25.06864,121.5107,3
500103004,20231123,1212,23,20,1,25.06864,121.5107,3
500103004,20231123,1213,23,20,1,25.06864,121.5107,3
500103004,20231123,1214,23,20,1,25.06864,121.5107,3
500103004,20231123,1215,23,21,1,25.06864,121.5107,2
500103004,20231123,1216,23,21,1,25.06864,121.5107,2
500103004,20231123,1217,23,21,1,25.06864,121.5107,2
500103004,20231123,1218,23,20,1,25.06864,121.5107,3
500103004,20231123,1219,23,20,1,25.06864,121.5107,3
500103004,20231123,1221,23,20,1,25.06864,121.5107,3
500103004,20231123,1222,23,20,1,25.06864,121.5107,3
500103004,20231123,1223,23,20,1,25.06864,121.5107,3
500103004,20231123,1224,23,20,1,25.06864,121.5107,3
500103004,20231123,1225,23,20,1,25.06864,121.5107,3
500103004,20231123,1226,23,20,1,25.06864,121.5107,3
500103004,20231123,1227,23,20,1,25.06864,121.5107,3
500103004,20231123,1228,23,20,1,25.06864,121.5107,3
500103004,20231123,1229,23,19,1,25.06864,121.5107,4
500103004,20231123,1231,23,18,1,25.06864,121.5107,5
500103004,20231123,1232,23,18,1,25.06864,121.5107,5
500103004,20231123,1233,23,18,1,25.06864,121.5107,5
500103004,20231123,1234,23,18,1,25.06864,121.5107,5
500103004,20231123,1235,23,18,1,25.06864,121.5107,5
500103004,20231123,1236,23,17,1,25.06864,121.5107,6
500103004,20231123,1237,23,17,1,25.06864,121.5107,6
500103004,20231123,1238,23,17,1,25.06864,121.5107,6
500103004,20231123,1239,23,16,1,25.06864,121.5107,7
500103004,20231123,1240,23,16,1,25.06864,121.5107,7
500103004,20231123,1241,23,14,1,25.06864,121.5107,9
500103004,20231123,1242,23,13,1,25.06864,121.5107,10
500103004,20231123,1243,23,13,1,25.06864,121.5107,10
500103004,20231123,1244,23,13,1,25.06864,121.5107,10
500103004,20231123,1245,23,13,1,25.06864,121.5107,10
500103004,20231123,1246,23,13,1,25.06864,121.5107,10
500103004,20231123,1248,23,11,1,25.06864,121.5107,12
500103004,20231123,1249,23,11,1,25.06864,121.5107,12
500103004,20231123,1251,23,7,1,25.06864,121.5107,16
500103004,20231123,1252,23,9,1,25.06864,121.5107,14
500103004,20231123,1253,23,9,1,25.06864,121.5107,14
500103004,20231123,1254,23,9,1,25.06864,121.5107,14
500103004,20231123,1255,23,9,1,25.06864,121.5107,14
500103004,20231123,1256,23,8,1,25.06864,121.5107,15
500103004,20231123,1257,23,8,1,25.06864,121.5107,15
500103004,20231123,1258,23,7,1,25.06864,121.5107,16
500103004,20231123,1259,23,7,1,25.06864,121.5107,16
500103004,20231123,1261,23,7,1,25.06864,121.5107,16
500103004,20231123,1262,23,7,1,25.06864,121.5107,16
500103004,20231123,1263,23,7,1,25.06864,121.5107,16
500103004,20231123,1264,23,7,1,25.06864,121.5107,16
500103004,20231123,1265,23,7,1,25.06864,121.5107,16
500103004,20231123,1266,23,7,1,25.06864,121.5107,16
500103004,20231123,1267,23,7,1,25.06864,121.5107,16
500103004,20231123,1268,23,7,1,25.06864,121.5107,16
500103004,20231123,1269,23,6,1,25.06864,121.5107,17
500103004,20231123,1271,23,5,1,25.06864,121.5107,18
500103004,20231123,1272,23,4,1,25.06864,121.5107,19
500103004,20231123,1273,23,4,1,25.06864,121.5107,19
500103004,20231123,1274,23,4,1,25.06864,121.5107,19
500103004,20231123,1275,23,4,1,25.06864,121.5107,19
500103004,20231123,1276,23,3,1,25.06864,121.5107,20
500103004,20231123,1277,23,3,1,25.06864,121.5107,20
500103004,20231123,1278,23,2,1,25.06864,121.5107,21
500103004,20231123,1279,23,2,1,25.06864,121.5107,21
500103004,20231123,1281,23,0,1,25.06864,121.5107,23
500103004,20231123,1282,23,0,1,25.06864,121.5107,23
500103004,20231123,1283,23,0,1,25.06864,121.5107,23
500103004,20231123,1284,23,0,1,25.06864,121.5107,23
500103004,20231123,1285,23,0,1,25.06864,121.5107,23
500103004,20231123,1286,23,0,1,25.06864,121.5107,23
500103004,20231123,1287,23,0,1,25.06864,121.5107,23
500103004,20231123,1288,23,0,1,25.06864,121.5107,23
500103004,20231123,1289,23,0,1,25.06864,121.5107,23
500103004,20231123,1291,23,0,1,25.06864,121.5107,23
500103004,20231123,1292,23,0,1,25.06864,121.5107,23
500103004,20231123,1293,23,0,1,25.06864,121.5107,23
500103004,20231123,1294,23,0,1,25.06864,121.5107,23
500103004,20231123,1295,23,0,1,25.06864,121.5107,23
500103004,20231123,1296,23,0,1,25.06864,121.5107,23
500103004,20231123,1297,23,0,1,25.06864,121.5107,23
500103004,20231123,1298,23,0,1,25.06864,121.5107,23
500103004,20231123,1299,23,0,1,25.06864,121.5107,23
500103004,20231123,1300,23,0,1,25.06864,121.5107,23
500103004,20231123,1301,23,0,1,25.06864,121.5107,23
500103004,20231123,1302,23,0,1,25.06864,121.5107,23
500103004,20231123,1303,23,0,1,25.06864,121.5107,23
500103004,20231123,1304,23,0,1,25.06864,121.5107,23
500103004,20231123,1305,23,0,1,25.06864,121.5107,23
500103004,20231123,1306,23,0,1,25.06864,121.5107,23
500103004,20231123,1307,23,0,1,25.06864,121.5107,23
500103004,20231123,1308,23,0,1,25.06864,121.5107,23
500103004,20231123,1309,23,0,1,25.06864,121.5107,23
500103004,20231123,1310,23,0,1,25.06864,121.5107,23
500103004,20231123,1311,23,0,1,25.06864,121.5107,23
500103004,20231123,1312,23,1,1,25.06864,121.5107,22
500103004,20231123,1313,23,1,1,25.06864,121.5107,22
500103004,20231123,1314,23,1,1,25.06864,121.5107,22
500103004,20231123,1315,23,1,1,25.06864,121.5107,22
500103004,20231123,1316,23,0,1,25.06864,121.5107,23
500103004,20231123,1317,23,0,1,25.06864,121.5107,23
500103004,20231123,1318,23,0,1,25.06864,121.5107,23
500103004,20231123,1319,23,1,1,25.06864,121.5107,22
500103004,20231123,1321,23,1,1,25.06864,121.5107,22
500103004,20231123,1322,23,1,1,25.06864,121.5107,22
500103004,20231123,1323,23,1,1,25.06864,121.5107,22
500103004,20231123,1324,23,1,1,25.06864,121.5107,22
500103004,20231123,1325,23,1,1,25.06864,121.5107,22
500103004,20231123,1326,23,1,1,25.06864,121.5107,22
500103004,20231123,1327,23,1,1,25.06864,121.5107,22
500103004,20231123,1328,23,0,1,25.06864,121.5107,23
500103004,20231123,1329,23,1,1,25.06864,121.5107,22
500103004,20231123,1330,23,1,1,25.06864,121.5107,22
500103004,20231123,1331,23,1,1,25.06864,121.5107,22
500103004,20231123,1332,23,1,1,25.06864,121.5107,22
500103004,20231123,1333,23,1,1,25.06864,121.5107,22
500103004,20231123,1334,23,1,1,25.06864,121.5107,22
500103004,20231123,1335,23,1,1,25.06864,121.5107,22
500103004,20231123,1336,23,1,1,25.06864,121.5107,22
500103004,20231123,1337,23,0,1,25.06864,121.5107,23
500103004,20231123,1338,23,0,1,25.06864,121.5107,23
500103004,20231123,1339,23,0,1,25.06864,121.5107,23
500103004,20231123,1341,23,0,1,25.06864,121.5107,23
500103004,20231123,1342,23,0,1,25.06864,121.5107,23
500103004,20231123,1343,23,0,1,25.06864,121.5107,23
500103004,20231123,1344,23,0,1,25.06864,121.5107,23
500103004,20231123,1345,23,0,1,25.06864,121.5107,23
500103004,20231123,1346,23,0,1,25.06864,121.5107,23
500103004,20231123,1347,23,0,1,25.06864,121.5107,23
500103004,20231123,1348,23,0,1,25.06864,121.5107,23
500103004,20231123,1349,23,0,1,25.06864,121.5107,23
500103004,20231123,1350,23,0,1,25.06864,121.5107,23
500103004,20231123,1351,23,0,1,25.06864,121.5107,23
500103004,20231123,1352,23,0,1,25.06864,121.5107,23
500103004,20231123,1353,23,0,1,25.06864,121.5107,23
500103004,20231123,1354,23,0,1,25.06864,121.5107,23
500103004,20231123,1355,23,0,1,25.06864,121.5107,23
500103004,20231123,1356,23,0,1,25.06864,121.5107,23
500103004,20231123,1357,23,0,1,25.06864,121.5107,23
500103004,20231123,1358,23,0,1,25.06864,121.5107,23
500103004,20231123,1359,23,0,1,25.06864,121.5107,23
500103004,20231123,1360,23,0,1,25.06864,121.5107,23
500103004,20231123,1361,23,0,1,25.06864,121.5107,23
500103004,20231123,1362,23,0,1,25.06864,121.5107,23
500103004,20231123,1363,23,0,1,25.06864,121.5107,23
500103004,20231123,1364,23,0,1,25.06864,121.5107,23
500103004,20231123,1365,23,0,1,25.06864,121.5107,23
500103004,20231123,1366,23,0,1,25.06864,121.5107,23
500103004,20231123,1367,23,0,1,25.06864,121.5107,23
500103004,20231123,1368,23,0,1,25.06864,121.5107,23
500103004,20231123,1369,23,0,1,25.06864,121.5107,23
500103004,20231123,1370,23,0,1,25.06864,121.5107,23
500103004,20231123,1371,23,0,1,25.06864,121.5107,23
500103004,20231123,1372,23,0,1,25.06864,121.5107,23
500103004,20231123,1373,23,0,1,25.06864,121.5107,23
500103004,20231123,1374,23,1,1,25.06864,121.5107,22
500103004,20231123,1375,23,1,1,25.06864,121.5107,22
500103004,20231123,1376,23,1,1,25.06864,121.5107,22
500103004,20231123,1377,23,1,1,25.06864,121.5107,22
500103004,20231123,1378,23,0,1,25.06864,121.5107,23
500103004,20231123,1379,23,0,1,25.06864,121.5107,23
500103004,20231123,1381,23,0,1,25.06864,121.5107,23
500103004,20231123,1382,23,1,1,25.06864,121.5107,22
500103004,20231123,1383,23,1,1,25.06864,121.5107,22
500103004,20231123,1384,23,1,1,25.06864,121.5107,22
500103004,20231123,1385,23,1,1,25.06864,121.5107,22
500103004,20231123,1386,23,1,1,25.06864,121.5107,22
500103004,20231123,1387,23,1,1,25.06864,121.5107,22
500103004,20231123,1388,23,1,1,25.06864,121.5107,22
500103004,20231123,1389,23,1,1,25.06864,121.5107,22
500103004,20231123,1390,23,1,1,25.06864,121.5107,22
500103004,20231123,1391,23,1,1,25.06864,121.5107,22
500103004,20231123,1392,23,1,1,25.06864,121.5107,22
500103004,20231123,1393,23,1,1,25.06864,121.5107,22
500103004,20231123,1394,23,1,1,25.06864,121.5107,22
500103004,20231123,1395,23,1,1,25.06864,121.5107,22
500103004,20231123,1396,23,0,1,25.06864,121.5107,23
500103004,20231123,1397,23,0,1,25.06864,121.5107,23
500103004,20231123,1398,23,0,1,25.06864,121.5107,23
500103004,20231123,1399,23,0,1,25.06864,121.5107,23
500103004,20231123,1401,23,0,1,25.06864,121.5107,23
500103004,20231123,1402,23,0,1,25.06864,121.5107,23
500103004,20231123,1403,23,1,1,25.06864,121.5107,22
500103004,20231123,1404,23,1,1,25.06864,121.5107,22
500103004,20231123,1405,23,1,1,25.06864,121.5107,22
500103004,20231123,1406,23,1,1,25.06864,121.5107,22
500103004,20231123,1407,23,0,1,25.06864,121.5107,23
500103004,20231123,1408,23,0,1,25.06864,121.5107,23
500103004,20231123,1409,23,0,1,25.06864,121.5107,23
500103004,20231123,1410,23,0,1,25.06864,121.5107,23
500103004,20231123,1411,23,0,1,25.06864,121.5107,23
500103004,20231123,1412,23,0,1,25.06864,121.5107,23
500103004,20231123,1413,23,0,1,25.06864,121.5107,23
500103004,20231123,1414,23,0,1,25.06864,121.5107,23
500103004,20231123,1415,23,0,1,25.06864,121.5107,23
500103004,20231123,1416,23,0,1,25.06864,121.5107,23
500103004,20231123,1417,23,0,1,25.06864,121.5107,23
500103004,20231123,1418,23,0,1,25.06864,121.5107,23
500103004,20231123,1419,23,0,1,25.06864,121.5107,23
500103004,20231123,1420,23,0,1,25.06864,121.5107,23
500103004,20231123,1421,23,0,1,25.06864,121.5107,23
500103004,20231123,1422,23,0,1,25.06864,121.5107,23
500103004,20231123,1423,23,0,1,25.06864,121.5107,23
500103004,20231123,1424,23,0,1,25.06864,121.5107,23
500103004,20231123,1425,23,0,1,25.06864,121.5107,23
500103004,20231123,1426,23,0,1,25.06864,121.5107,23
500103004,20231123,1427,23,0,1,25.06864,121.5107,23
500103004,20231123,1428,23,0,1,25.06864,121.5107,23
500103004,20231123,1429,23,0,1,25.06864,121.5107,23
500103004,20231123,1430,23,0,1,25.06864,121.5107,23
500103004,20231123,1431,23,0,1,25.06864,121.5107,23
500103004,20231123,1432,23,0,1,25.06864,121.5107,23
500103004,20231123,1433,23,0,1,25.06864,121.5107,23
500103004,20231123,1434,23,0,1,25.06864,121.5107,23
500103004,20231123,1435,23,0,1,25.06864,121.5107,23
500103004,20231123,1436,23,0,1,25.06864,121.5107,23
500103004,20231123,1437,23,0,1,25.06864,121.5107,23
500103004,20231123,1438,23,0,1,25.06864,121.5107,23
500103004,20231123,1439,23,0,1,25.06864,121.5107,23
