500113008,20231002,1,43,9,1,25.02594,121.50651,34
500113008,20231002,2,43,9,1,25.02594,121.50651,34
500113008,20231002,3,43,9,1,25.02594,121.50651,34
500113008,20231002,4,43,9,1,25.02594,121.50651,34
500113008,20231002,5,43,9,1,25.02594,121.50651,34
500113008,20231002,6,43,9,1,25.02594,121.50651,34
500113008,20231002,7,43,9,1,25.02594,121.50651,34
500113008,20231002,8,43,9,1,25.02594,121.50651,34
500113008,20231002,9,43,10,1,25.02594,121.50651,33
500113008,20231002,10,43,10,1,25.02594,121.50651,33
500113008,20231002,11,43,10,1,25.02594,121.50651,33
500113008,20231002,12,43,10,1,25.02594,121.50651,33
500113008,20231002,13,43,10,1,25.02594,121.50651,33
500113008,20231002,14,43,10,1,25.02594,121.50651,33
500113008,20231002,15,43,10,1,25.02594,121.50651,33
500113008,20231002,16,43,10,1,25.02594,121.50651,33
500113008,20231002,17,43,10,1,25.02594,121.50651,33
500113008,20231002,18,43,10,1,25.02594,121.50651,33
500113008,20231002,19,43,10,1,25.02594,121.50651,33
500113008,20231002,21,43,10,1,25.02594,121.50651,33
500113008,20231002,22,43,9,1,25.02594,121.50651,34
500113008,20231002,23,43,9,1,25.02594,121.50651,34
500113008,20231002,24,43,9,1,25.02594,121.50651,34
500113008,20231002,25,43,9,1,25.02594,121.50651,34
500113008,20231002,26,43,9,1,25.02594,121.50651,34
500113008,20231002,27,43,9,1,25.02594,121.50651,34
500113008,20231002,28,43,9,1,25.02594,121.50651,34
500113008,20231002,29,43,8,1,25.02594,121.50651,35
500113008,20231002,30,43,8,1,25.02594,121.50651,35
500113008,20231002,31,43,8,1,25.02594,121.50651,35
500113008,20231002,32,43,8,1,25.02594,121.50651,35
500113008,20231002,33,43,8,1,25.02594,121.50651,35
500113008,20231002,34,43,8,1,25.02594,121.50651,35
500113008,20231002,35,43,8,1,25.02594,121.50651,35
500113008,20231002,36,43,8,1,25.02594,121.50651,35
500113008,20231002,37,43,8,1,25.02594,121.50651,35
500113008,20231002,38,43,8,1,25.02594,121.50651,35
500113008,20231002,39,43,8,1,25.02594,121.50651,35
500113008,20231002,40,43,8,1,25.02594,121.50651,35
500113008,20231002,41,43,8,1,25.02594,121.50651,35
500113008,20231002,42,43,8,1,25.02594,121.50651,35
500113008,20231002,43,43,8,1,25.02594,121.50651,35
500113008,20231002,44,43,8,1,25.02594,121.50651,35
500113008,20231002,45,43,8,1,25.02594,121.50651,35
500113008,20231002,46,43,8,1,25.02594,121.50651,35
500113008,20231002,47,43,8,1,25.02594,121.50651,35
500113008,20231002,48,43,8,1,25.02594,121.50651,35
500113008,20231002,49,43,8,1,25.02594,121.50651,35
500113008,20231002,50,43,8,1,25.02594,121.50651,35
500113008,20231002,51,43,8,1,25.02594,121.50651,35
500113008,20231002,52,43,8,1,25.02594,121.50651,35
500113008,20231002,53,43,8,1,25.02594,121.50651,35
500113008,20231002,54,43,8,1,25.02594,121.50651,35
500113008,20231002,55,43,8,1,25.02594,121.50651,35
500113008,20231002,56,43,8,1,25.02594,121.50651,35
500113008,20231002,57,43,8,1,25.02594,121.50651,35
500113008,20231002,58,43,7,1,25.02594,121.50651,36
500113008,20231002,59,43,8,1,25.02594,121.50651,35
500113008,20231002,60,43,8,1,25.02594,121.50651,35
500113008,20231002,61,43,8,1,25.02594,121.50651,35
500113008,20231002,62,43,8,1,25.02594,121.50651,35
500113008,20231002,63,43,8,1,25.02594,121.50651,35
500113008,20231002,64,43,8,1,25.02594,121.50651,35
500113008,20231002,65,43,8,1,25.02594,121.50651,35
500113008,20231002,66,43,8,1,25.02594,121.50651,35
500113008,20231002,67,43,8,1,25.02594,121.50651,35
500113008,20231002,68,43,7,1,25.02594,121.50651,36
500113008,20231002,69,43,7,1,25.02594,121.50651,36
500113008,20231002,70,43,7,1,25.02594,121.50651,36
500113008,20231002,71,43,7,1,25.02594,121.50651,36
500113008,20231002,72,43,7,1,25.02594,121.50651,36
500113008,20231002,73,43,7,1,25.02594,121.50651,36
500113008,20231002,74,43,7,1,25.02594,121.50651,36
500113008,20231002,75,43,7,1,25.02594,121.50651,36
500113008,20231002,76,43,7,1,25.02594,121.50651,36
500113008,20231002,77,43,7,1,25.02594,121.50651,36
500113008,20231002,78,43,7,1,25.02594,121.50651,36
500113008,20231002,79,43,7,1,25.02594,121.50651,36
500113008,20231002,81,43,7,1,25.02594,121.50651,36
500113008,20231002,82,43,7,1,25.02594,121.50651,36
500113008,20231002,83,43,7,1,25.02594,121.50651,36
500113008,20231002,84,43,7,1,25.02594,121.50651,36
500113008,20231002,85,43,7,1,25.02594,121.50651,36
500113008,20231002,86,43,7,1,25.02594,121.50651,36
500113008,20231002,87,43,7,1,25.02594,121.50651,36
500113008,20231002,88,43,7,1,25.02594,121.50651,36
500113008,20231002,89,43,7,1,25.02594,121.50651,36
500113008,20231002,90,43,7,1,25.02594,121.50651,36
500113008,20231002,91,43,7,1,25.02594,121.50651,36
500113008,20231002,92,43,7,1,25.02594,121.50651,36
500113008,20231002,93,43,7,1,25.02594,121.50651,36
500113008,20231002,94,43,7,1,25.02594,121.50651,36
500113008,20231002,95,43,7,1,25.02594,121.50651,36
500113008,20231002,96,43,7,1,25.02594,121.50651,36
500113008,20231002,97,43,7,1,25.02594,121.50651,36
500113008,20231002,98,43,7,1,25.02594,121.50651,36
500113008,20231002,99,43,7,1,25.02594,121.50651,36
500113008,20231002,100,43,7,1,25.02594,121.50651,36
500113008,20231002,101,43,7,1,25.02594,121.50651,36
500113008,20231002,102,43,7,1,25.02594,121.50651,36
500113008,20231002,103,43,7,1,25.02594,121.50651,36
500113008,20231002,104,43,7,1,25.02594,121.50651,36
500113008,20231002,105,43,7,1,25.02594,121.50651,36
500113008,20231002,106,43,7,1,25.02594,121.50651,36
500113008,20231002,107,43,7,1,25.02594,121.50651,36
500113008,20231002,108,43,7,1,25.02594,121.50651,36
500113008,20231002,109,43,7,1,25.02594,121.50651,36
500113008,20231002,110,43,7,1,25.02594,121.50651,36
500113008,20231002,111,43,7,1,25.02594,121.50651,36
500113008,20231002,112,43,7,1,25.02594,121.50651,36
500113008,20231002,113,43,7,1,25.02594,121.50651,36
500113008,20231002,114,43,7,1,25.02594,121.50651,36
500113008,20231002,115,43,7,1,25.02594,121.50651,36
500113008,20231002,116,43,7,1,25.02594,121.50651,36
500113008,20231002,117,43,7,1,25.02594,121.50651,36
500113008,20231002,118,43,7,1,25.02594,121.50651,36
500113008,20231002,119,43,7,1,25.02594,121.50651,36
500113008,20231002,121,43,7,1,25.02594,121.50651,36
500113008,20231002,122,43,7,1,25.02594,121.50651,36
500113008,20231002,123,43,7,1,25.02594,121.50651,36
500113008,20231002,124,43,7,1,25.02594,121.50651,36
500113008,20231002,125,43,7,1,25.02594,121.50651,36
500113008,20231002,126,43,7,1,25.02594,121.50651,36
500113008,20231002,127,43,7,1,25.02594,121.50651,36
500113008,20231002,128,43,7,1,25.02594,121.50651,36
500113008,20231002,129,43,7,1,25.02594,121.50651,36
500113008,20231002,130,43,7,1,25.02594,121.50651,36
500113008,20231002,131,43,7,1,25.02594,121.50651,36
500113008,20231002,132,43,7,1,25.02594,121.50651,36
500113008,20231002,133,43,7,1,25.02594,121.50651,36
500113008,20231002,134,43,7,1,25.02594,121.50651,36
500113008,20231002,135,43,7,1,25.02594,121.50651,36
500113008,20231002,136,43,7,1,25.02594,121.50651,36
500113008,20231002,137,43,7,1,25.02594,121.50651,36
500113008,20231002,138,43,7,1,25.02594,121.50651,36
500113008,20231002,139,43,7,1,25.02594,121.50651,36
500113008,20231002,141,43,7,1,25.02594,121.50651,36
500113008,20231002,142,43,7,1,25.02594,121.50651,36
500113008,20231002,143,43,7,1,25.02594,121.50651,36
500113008,20231002,144,43,7,1,25.02594,121.50651,36
500113008,20231002,145,43,7,1,25.02594,121.50651,36
500113008,20231002,146,43,7,1,25.02594,121.50651,36
500113008,20231002,147,43,9,1,25.02594,121.50651,34
500113008,20231002,148,43,9,1,25.02594,121.50651,34
500113008,20231002,149,43,9,1,25.02594,121.50651,34
500113008,20231002,150,43,9,1,25.02594,121.50651,34
500113008,20231002,151,43,9,1,25.02594,121.50651,34
500113008,20231002,152,43,9,1,25.02594,121.50651,34
500113008,20231002,153,43,11,1,25.02594,121.50651,32
500113008,20231002,154,43,13,1,25.02594,121.50651,30
500113008,20231002,155,43,14,1,25.02594,121.50651,29
500113008,20231002,156,43,14,1,25.02594,121.50651,29
500113008,20231002,157,43,14,1,25.02594,121.50651,29
500113008,20231002,158,43,14,1,25.02594,121.50651,29
500113008,20231002,159,43,14,1,25.02594,121.50651,29
500113008,20231002,160,43,14,1,25.02594,121.50651,29
500113008,20231002,161,43,14,1,25.02594,121.50651,29
500113008,20231002,162,43,14,1,25.02594,121.50651,29
500113008,20231002,163,43,14,1,25.02594,121.50651,29
500113008,20231002,164,43,14,1,25.02594,121.50651,29
500113008,20231002,165,43,14,1,25.02594,121.50651,29
500113008,20231002,166,43,14,1,25.02594,121.50651,29
500113008,20231002,167,43,14,1,25.02594,121.50651,29
500113008,20231002,168,43,14,1,25.02594,121.50651,29
500113008,20231002,169,43,14,1,25.02594,121.50651,29
500113008,20231002,170,43,14,1,25.02594,121.50651,29
500113008,20231002,171,43,14,1,25.02594,121.50651,29
500113008,20231002,172,43,14,1,25.02594,121.50651,29
500113008,20231002,173,43,14,1,25.02594,121.50651,29
500113008,20231002,174,43,14,1,25.02594,121.50651,29
500113008,20231002,175,43,14,1,25.02594,121.50651,29
500113008,20231002,176,43,14,1,25.02594,121.50651,29
500113008,20231002,177,43,14,1,25.02594,121.50651,29
500113008,20231002,178,43,14,1,25.02594,121.50651,29
500113008,20231002,179,43,14,1,25.02594,121.50651,29
500113008,20231002,180,43,14,1,25.02594,121.50651,29
500113008,20231002,181,43,14,1,25.02594,121.50651,29
500113008,20231002,182,43,14,1,25.02594,121.50651,29
500113008,20231002,183,43,14,1,25.02594,121.50651,29
500113008,20231002,184,43,14,1,25.02594,121.50651,29
500113008,20231002,185,43,14,1,25.02594,121.50651,29
500113008,20231002,186,43,14,1,25.02594,121.50651,29
500113008,20231002,187,43,14,1,25.02594,121.50651,29
500113008,20231002,188,43,14,1,25.02594,121.50651,29
500113008,20231002,189,43,14,1,25.02594,121.50651,29
500113008,20231002,190,43,14,1,25.02594,121.50651,29
500113008,20231002,191,43,14,1,25.02594,121.50651,29
500113008,20231002,192,43,14,1,25.02594,121.50651,29
500113008,20231002,193,43,14,1,25.02594,121.50651,29
500113008,20231002,194,43,14,1,25.02594,121.50651,29
500113008,20231002,195,43,14,1,25.02594,121.50651,29
500113008,20231002,196,43,14,1,25.02594,121.50651,29
500113008,20231002,197,43,14,1,25.02594,121.50651,29
500113008,20231002,198,43,14,1,25.02594,121.50651,29
500113008,20231002,199,43,14,1,25.02594,121.50651,29
500113008,20231002,201,43,14,1,25.02594,121.50651,29
500113008,20231002,202,43,14,1,25.02594,121.50651,29
500113008,20231002,203,43,14,1,25.02594,121.50651,29
500113008,20231002,204,43,14,1,25.02594,121.50651,29
500113008,20231002,205,43,14,1,25.02594,121.50651,29
500113008,20231002,206,43,14,1,25.02594,121.50651,29
500113008,20231002,207,43,14,1,25.02594,121.50651,29
500113008,20231002,208,43,14,1,25.02594,121.50651,29
500113008,20231002,209,43,14,1,25.02594,121.50651,29
500113008,20231002,210,43,14,1,25.02594,121.50651,29
500113008,20231002,211,43,14,1,25.02594,121.50651,29
500113008,20231002,212,43,14,1,25.02594,121.50651,29
500113008,20231002,213,43,14,1,25.02594,121.50651,29
500113008,20231002,214,43,14,1,25.02594,121.50651,29
500113008,20231002,215,43,14,1,25.02594,121.50651,29
500113008,20231002,216,43,14,1,25.02594,121.50651,29
500113008,20231002,217,43,14,1,25.02594,121.50651,29
500113008,20231002,218,43,14,1,25.02594,121.50651,29
500113008,20231002,219,43,14,1,25.02594,121.50651,29
500113008,20231002,220,43,14,1,25.02594,121.50651,29
500113008,20231002,221,43,14,1,25.02594,121.50651,29
500113008,20231002,222,43,14,1,25.02594,121.50651,29
500113008,20231002,223,43,14,1,25.02594,121.50651,29
500113008,20231002,224,43,14,1,25.02594,121.50651,29
500113008,20231002,225,43,14,1,25.02594,121.50651,29
500113008,20231002,226,43,14,1,25.02594,121.50651,29
500113008,20231002,227,43,14,1,25.02594,121.50651,29
500113008,20231002,228,43,14,1,25.02594,121.50651,29
500113008,20231002,229,43,14,1,25.02594,121.50651,29
500113008,20231002,230,43,14,1,25.02594,121.50651,29
500113008,20231002,231,43,14,1,25.02594,121.50651,29
500113008,20231002,232,43,14,1,25.02594,121.50651,29
500113008,20231002,233,43,14,1,25.02594,121.50651,29
500113008,20231002,234,43,14,1,25.02594,121.50651,29
500113008,20231002,235,43,14,1,25.02594,121.50651,29
500113008,20231002,236,43,14,1,25.02594,121.50651,29
500113008,20231002,237,43,14,1,25.02594,121.50651,29
500113008,20231002,238,43,14,1,25.02594,121.50651,29
500113008,20231002,239,43,14,1,25.02594,121.50651,29
500113008,20231002,240,43,14,1,25.02594,121.50651,29
500113008,20231002,241,43,14,1,25.02594,121.50651,29
500113008,20231002,242,43,14,1,25.02594,121.50651,29
500113008,20231002,243,43,14,1,25.02594,121.50651,29
500113008,20231002,244,43,14,1,25.02594,121.50651,29
500113008,20231002,245,43,14,1,25.02594,121.50651,29
500113008,20231002,246,43,14,1,25.02594,121.50651,29
500113008,20231002,247,43,14,1,25.02594,121.50651,29
500113008,20231002,248,43,14,1,25.02594,121.50651,29
500113008,20231002,249,43,14,1,25.02594,121.50651,29
500113008,20231002,250,43,14,1,25.02594,121.50651,29
500113008,20231002,251,43,14,1,25.02594,121.50651,29
500113008,20231002,252,43,14,1,25.02594,121.50651,29
500113008,20231002,253,43,14,1,25.02594,121.50651,29
500113008,20231002,254,43,14,1,25.02594,121.50651,29
500113008,20231002,255,43,14,1,25.02594,121.50651,29
500113008,20231002,256,43,14,1,25.02594,121.50651,29
500113008,20231002,257,43,14,1,25.02594,121.50651,29
500113008,20231002,258,43,14,1,25.02594,121.50651,29
500113008,20231002,259,43,14,1,25.02594,121.50651,29
500113008,20231002,261,43,14,1,25.02594,121.50651,29
500113008,20231002,262,43,14,1,25.02594,121.50651,29
500113008,20231002,264,43,14,1,25.02594,121.50651,29
500113008,20231002,265,43,14,1,25.02594,121.50651,29
500113008,20231002,266,43,14,1,25.02594,121.50651,29
500113008,20231002,267,43,14,1,25.02594,121.50651,29
500113008,20231002,268,43,14,1,25.02594,121.50651,29
500113008,20231002,269,43,14,1,25.02594,121.50651,29
500113008,20231002,270,43,14,1,25.02594,121.50651,29
500113008,20231002,271,43,14,1,25.02594,121.50651,29
500113008,20231002,272,43,14,1,25.02594,121.50651,29
500113008,20231002,273,43,14,1,25.02594,121.50651,29
500113008,20231002,274,43,14,1,25.02594,121.50651,29
500113008,20231002,275,43,14,1,25.02594,121.50651,29
500113008,20231002,276,43,14,1,25.02594,121.50651,29
500113008,20231002,277,43,14,1,25.02594,121.50651,29
500113008,20231002,278,43,14,1,25.02594,121.50651,29
500113008,20231002,279,43,14,1,25.02594,121.50651,29
500113008,20231002,280,43,14,1,25.02594,121.50651,29
500113008,20231002,281,43,14,1,25.02594,121.50651,29
500113008,20231002,282,43,14,1,25.02594,121.50651,29
500113008,20231002,283,43,14,1,25.02594,121.50651,29
500113008,20231002,284,43,14,1,25.02594,121.50651,29
500113008,20231002,285,43,14,1,25.02594,121.50651,29
500113008,20231002,286,43,14,1,25.02594,121.50651,29
500113008,20231002,287,43,14,1,25.02594,121.50651,29
500113008,20231002,288,43,14,1,25.02594,121.50651,29
500113008,20231002,289,43,14,1,25.02594,121.50651,29
500113008,20231002,290,43,14,1,25.02594,121.50651,29
500113008,20231002,291,43,14,1,25.02594,121.50651,29
500113008,20231002,292,43,14,1,25.02594,121.50651,29
500113008,20231002,293,43,14,1,25.02594,121.50651,29
500113008,20231002,294,43,14,1,25.02594,121.50651,29
500113008,20231002,295,43,14,1,25.02594,121.50651,29
500113008,20231002,296,43,14,1,25.02594,121.50651,29
500113008,20231002,297,43,14,1,25.02594,121.50651,29
500113008,20231002,298,43,14,1,25.02594,121.50651,29
500113008,20231002,299,43,14,1,25.02594,121.50651,29
500113008,20231002,300,43,14,1,25.02594,121.50651,29
500113008,20231002,301,43,14,1,25.02594,121.50651,29
500113008,20231002,302,43,14,1,25.02594,121.50651,29
500113008,20231002,303,43,14,1,25.02594,121.50651,29
500113008,20231002,304,43,14,1,25.02594,121.50651,29
500113008,20231002,305,43,14,1,25.02594,121.50651,29
500113008,20231002,306,43,14,1,25.02594,121.50651,29
500113008,20231002,307,43,14,1,25.02594,121.50651,29
500113008,20231002,308,43,14,1,25.02594,121.50651,29
500113008,20231002,309,43,14,1,25.02594,121.50651,29
500113008,20231002,310,43,14,1,25.02594,121.50651,29
500113008,20231002,311,43,14,1,25.02594,121.50651,29
500113008,20231002,312,43,14,1,25.02594,121.50651,29
500113008,20231002,313,43,14,1,25.02594,121.50651,29
500113008,20231002,314,43,14,1,25.02594,121.50651,29
500113008,20231002,315,43,14,1,25.02594,121.50651,29
500113008,20231002,316,43,14,1,25.02594,121.50651,29
500113008,20231002,317,43,14,1,25.02594,121.50651,29
500113008,20231002,318,43,14,1,25.02594,121.50651,29
500113008,20231002,319,43,14,1,25.02594,121.50651,29
500113008,20231002,321,43,14,1,25.02594,121.50651,29
500113008,20231002,322,43,14,1,25.02594,121.50651,29
500113008,20231002,323,43,14,1,25.02594,121.50651,29
500113008,20231002,324,43,14,1,25.02594,121.50651,29
500113008,20231002,325,43,14,1,25.02594,121.50651,29
500113008,20231002,326,43,14,1,25.02594,121.50651,29
500113008,20231002,327,43,14,1,25.02594,121.50651,29
500113008,20231002,328,43,14,1,25.02594,121.50651,29
500113008,20231002,329,43,14,1,25.02594,121.50651,29
500113008,20231002,330,43,14,1,25.02594,121.50651,29
500113008,20231002,331,43,14,1,25.02594,121.50651,29
500113008,20231002,332,43,14,1,25.02594,121.50651,29
500113008,20231002,333,43,14,1,25.02594,121.50651,29
500113008,20231002,334,43,14,1,25.02594,121.50651,29
500113008,20231002,335,43,14,1,25.02594,121.50651,29
500113008,20231002,336,43,14,1,25.02594,121.50651,29
500113008,20231002,337,43,14,1,25.02594,121.50651,29
500113008,20231002,338,43,14,1,25.02594,121.50651,29
500113008,20231002,339,43,13,1,25.02594,121.50651,30
500113008,20231002,340,43,13,1,25.02594,121.50651,30
500113008,20231002,341,43,13,1,25.02594,121.50651,30
500113008,20231002,342,43,13,1,25.02594,121.50651,30
500113008,20231002,343,43,13,1,25.02594,121.50651,30
500113008,20231002,344,43,13,1,25.02594,121.50651,30
500113008,20231002,345,43,14,1,25.02594,121.50651,29
500113008,20231002,346,43,14,1,25.02594,121.50651,29
500113008,20231002,347,43,14,1,25.02594,121.50651,29
500113008,20231002,348,43,13,1,25.02594,121.50651,30
500113008,20231002,349,43,13,1,25.02594,121.50651,30
500113008,20231002,350,43,13,1,25.02594,121.50651,30
500113008,20231002,351,43,13,1,25.02594,121.50651,30
500113008,20231002,352,43,13,1,25.02594,121.50651,30
500113008,20231002,353,43,13,1,25.02594,121.50651,30
500113008,20231002,354,43,13,1,25.02594,121.50651,30
500113008,20231002,355,43,13,1,25.02594,121.50651,30
500113008,20231002,356,43,12,1,25.02594,121.50651,31
500113008,20231002,357,43,12,1,25.02594,121.50651,31
500113008,20231002,358,43,12,1,25.02594,121.50651,31
500113008,20231002,359,43,12,1,25.02594,121.50651,31
500113008,20231002,360,43,12,1,25.02594,121.50651,31
500113008,20231002,361,43,12,1,25.02594,121.50651,31
500113008,20231002,362,43,12,1,25.02594,121.50651,31
500113008,20231002,363,43,12,1,25.02594,121.50651,31
500113008,20231002,364,43,12,1,25.02594,121.50651,31
500113008,20231002,365,43,12,1,25.02594,121.50651,31
500113008,20231002,366,43,12,1,25.02594,121.50651,31
500113008,20231002,367,43,12,1,25.02594,121.50651,31
500113008,20231002,368,43,12,1,25.02594,121.50651,31
500113008,20231002,369,43,12,1,25.02594,121.50651,31
500113008,20231002,370,43,12,1,25.02594,121.50651,31
500113008,20231002,371,43,12,1,25.02594,121.50651,31
500113008,20231002,372,43,12,1,25.02594,121.50651,31
500113008,20231002,373,43,12,1,25.02594,121.50651,31
500113008,20231002,374,43,11,1,25.02594,121.50651,32
500113008,20231002,375,43,11,1,25.02594,121.50651,32
500113008,20231002,376,43,11,1,25.02594,121.50651,32
500113008,20231002,377,43,11,1,25.02594,121.50651,32
500113008,20231002,378,43,11,1,25.02594,121.50651,32
500113008,20231002,379,43,11,1,25.02594,121.50651,32
500113008,20231002,381,43,12,1,25.02594,121.50651,31
500113008,20231002,382,43,12,1,25.02594,121.50651,31
500113008,20231002,383,43,12,1,25.02594,121.50651,31
500113008,20231002,384,43,11,1,25.02594,121.50651,32
500113008,20231002,385,43,11,1,25.02594,121.50651,32
500113008,20231002,386,43,12,1,25.02594,121.50651,31
500113008,20231002,387,43,12,1,25.02594,121.50651,31
500113008,20231002,388,43,12,1,25.02594,121.50651,31
500113008,20231002,389,43,12,1,25.02594,121.50651,31
500113008,20231002,390,43,12,1,25.02594,121.50651,31
500113008,20231002,391,43,12,1,25.02594,121.50651,31
500113008,20231002,392,43,12,1,25.02594,121.50651,31
500113008,20231002,393,43,12,1,25.02594,121.50651,31
500113008,20231002,394,43,13,1,25.02594,121.50651,30
500113008,20231002,395,43,13,1,25.02594,121.50651,30
500113008,20231002,396,43,13,1,25.02594,121.50651,30
500113008,20231002,397,43,13,1,25.02594,121.50651,30
500113008,20231002,398,43,13,1,25.02594,121.50651,30
500113008,20231002,399,43,13,1,25.02594,121.50651,30
500113008,20231002,400,43,13,1,25.02594,121.50651,30
500113008,20231002,401,43,12,1,25.02594,121.50651,31
500113008,20231002,402,43,12,1,25.02594,121.50651,31
500113008,20231002,403,43,12,1,25.02594,121.50651,31
500113008,20231002,404,43,12,1,25.02594,121.50651,31
500113008,20231002,405,43,12,1,25.02594,121.50651,31
500113008,20231002,406,43,12,1,25.02594,121.50651,31
500113008,20231002,407,43,12,1,25.02594,121.50651,31
500113008,20231002,408,43,12,1,25.02594,121.50651,31
500113008,20231002,409,43,12,1,25.02594,121.50651,31
500113008,20231002,410,43,12,1,25.02594,121.50651,31
500113008,20231002,411,43,12,1,25.02594,121.50651,31
500113008,20231002,412,43,13,1,25.02594,121.50651,30
500113008,20231002,413,43,13,1,25.02594,121.50651,30
500113008,20231002,414,43,13,1,25.02594,121.50651,30
500113008,20231002,415,43,13,1,25.02594,121.50651,30
500113008,20231002,416,43,14,1,25.02594,121.50651,29
500113008,20231002,417,43,16,1,25.02594,121.50651,27
500113008,20231002,418,43,16,1,25.02594,121.50651,27
500113008,20231002,419,43,19,1,25.02594,121.50651,24
500113008,20231002,421,43,19,1,25.02594,121.50651,24
500113008,20231002,422,43,19,1,25.02594,121.50651,24
500113008,20231002,423,43,19,1,25.02594,121.50651,24
500113008,20231002,424,43,19,1,25.02594,121.50651,24
500113008,20231002,425,43,19,1,25.02594,121.50651,24
500113008,20231002,426,43,19,1,25.02594,121.50651,24
500113008,20231002,427,43,19,1,25.02594,121.50651,24
500113008,20231002,428,43,19,1,25.02594,121.50651,24
500113008,20231002,429,43,19,1,25.02594,121.50651,24
500113008,20231002,430,43,18,1,25.02594,121.50651,25
500113008,20231002,431,43,19,1,25.02594,121.50651,24
500113008,20231002,432,43,19,1,25.02594,121.50651,24
500113008,20231002,433,43,19,1,25.02594,121.50651,24
500113008,20231002,434,43,19,1,25.02594,121.50651,24
500113008,20231002,435,43,19,1,25.02594,121.50651,24
500113008,20231002,436,43,19,1,25.02594,121.50651,24
500113008,20231002,437,43,18,1,25.02594,121.50651,25
500113008,20231002,438,43,18,1,25.02594,121.50651,25
500113008,20231002,439,43,17,1,25.02594,121.50651,26
500113008,20231002,441,43,17,1,25.02594,121.50651,26
500113008,20231002,442,43,17,1,25.02594,121.50651,26
500113008,20231002,443,43,17,1,25.02594,121.50651,26
500113008,20231002,444,43,17,1,25.02594,121.50651,26
500113008,20231002,445,43,17,1,25.02594,121.50651,26
500113008,20231002,446,43,17,1,25.02594,121.50651,25
500113008,20231002,447,43,17,1,25.02594,121.50651,25
500113008,20231002,448,43,18,1,25.02594,121.50651,24
500113008,20231002,449,43,18,1,25.02594,121.50651,24
500113008,20231002,451,43,18,1,25.02594,121.50651,24
500113008,20231002,452,43,17,1,25.02594,121.50651,25
500113008,20231002,453,43,18,1,25.02594,121.50651,24
500113008,20231002,454,43,18,1,25.02594,121.50651,24
500113008,20231002,455,43,18,1,25.02594,121.50651,24
500113008,20231002,456,43,18,1,25.02594,121.50651,24
500113008,20231002,457,43,18,1,25.02594,121.50651,24
500113008,20231002,458,43,18,1,25.02594,121.50651,24
500113008,20231002,459,43,18,1,25.02594,121.50651,24
500113008,20231002,460,43,18,1,25.02594,121.50651,24
500113008,20231002,461,43,18,1,25.02594,121.50651,24
500113008,20231002,462,43,18,1,25.02594,121.50651,24
500113008,20231002,463,43,18,1,25.02594,121.50651,24
500113008,20231002,464,43,18,1,25.02594,121.50651,24
500113008,20231002,465,43,18,1,25.02594,121.50651,24
500113008,20231002,466,43,18,1,25.02594,121.50651,24
500113008,20231002,467,43,18,1,25.02594,121.50651,24
500113008,20231002,468,43,18,1,25.02594,121.50651,24
500113008,20231002,469,43,19,1,25.02594,121.50651,23
500113008,20231002,470,43,19,1,25.02594,121.50651,23
500113008,20231002,471,43,20,1,25.02594,121.50651,22
500113008,20231002,472,43,20,1,25.02594,121.50651,22
500113008,20231002,473,43,21,1,25.02594,121.50651,21
500113008,20231002,474,43,21,1,25.02594,121.50651,21
500113008,20231002,475,43,21,1,25.02594,121.50651,21
500113008,20231002,476,43,21,1,25.02594,121.50651,21
500113008,20231002,477,43,21,1,25.02594,121.50651,21
500113008,20231002,478,43,21,1,25.02594,121.50651,21
500113008,20231002,479,43,20,1,25.02594,121.50651,22
500113008,20231002,481,43,20,1,25.02594,121.50651,22
500113008,20231002,482,43,20,1,25.02594,121.50651,22
500113008,20231002,483,43,20,1,25.02594,121.50651,22
500113008,20231002,484,43,20,1,25.02594,121.50651,22
500113008,20231002,485,43,21,1,25.02594,121.50651,21
500113008,20231002,486,43,21,1,25.02594,121.50651,21
500113008,20231002,487,43,21,1,25.02594,121.50651,21
500113008,20231002,488,43,22,1,25.02594,121.50651,20
500113008,20231002,489,43,22,1,25.02594,121.50651,20
500113008,20231002,490,43,23,1,25.02594,121.50651,19
500113008,20231002,491,43,23,1,25.02594,121.50651,19
500113008,20231002,492,43,23,1,25.02594,121.50651,19
500113008,20231002,493,43,23,1,25.02594,121.50651,19
500113008,20231002,494,43,23,1,25.02594,121.50651,19
500113008,20231002,495,43,23,1,25.02594,121.50651,19
500113008,20231002,496,43,23,1,25.02594,121.50651,19
500113008,20231002,497,43,23,1,25.02594,121.50651,19
500113008,20231002,498,43,23,1,25.02594,121.50651,19
500113008,20231002,499,43,23,1,25.02594,121.50651,19
500113008,20231002,501,43,23,1,25.02594,121.50651,19
500113008,20231002,502,43,22,1,25.02594,121.50651,20
500113008,20231002,503,43,22,1,25.02594,121.50651,20
500113008,20231002,504,43,22,1,25.02594,121.50651,20
500113008,20231002,505,43,23,1,25.02594,121.50651,19
500113008,20231002,506,43,23,1,25.02594,121.50651,19
500113008,20231002,507,43,23,1,25.02594,121.50651,19
500113008,20231002,508,43,23,1,25.02594,121.50651,19
500113008,20231002,509,43,23,1,25.02594,121.50651,19
500113008,20231002,512,43,24,1,25.02594,121.50651,18
500113008,20231002,513,43,24,1,25.02594,121.50651,18
500113008,20231002,514,43,24,1,25.02594,121.50651,18
500113008,20231002,515,43,25,1,25.02594,121.50651,17
500113008,20231002,516,43,25,1,25.02594,121.50651,17
500113008,20231002,517,43,25,1,25.02594,121.50651,17
500113008,20231002,518,43,25,1,25.02594,121.50651,17
500113008,20231002,519,43,25,1,25.02594,121.50651,17
500113008,20231002,521,43,27,1,25.02594,121.50651,15
500113008,20231002,522,43,27,1,25.02594,121.50651,15
500113008,20231002,523,43,27,1,25.02594,121.50651,15
500113008,20231002,524,43,27,1,25.02594,121.50651,15
500113008,20231002,525,43,27,1,25.02594,121.50651,15
500113008,20231002,526,43,28,1,25.02594,121.50651,14
500113008,20231002,528,43,28,1,25.02594,121.50651,14
500113008,20231002,529,43,29,1,25.02594,121.50651,13
500113008,20231002,531,43,29,1,25.02594,121.50651,13
500113008,20231002,532,43,28,1,25.02594,121.50651,14
500113008,20231002,533,43,28,1,25.02594,121.50651,14
500113008,20231002,534,43,28,1,25.02594,121.50651,14
500113008,20231002,535,43,28,1,25.02594,121.50651,14
500113008,20231002,536,43,30,1,25.02594,121.50651,12
500113008,20231002,537,43,30,1,25.02594,121.50651,12
500113008,20231002,538,43,31,1,25.02594,121.50651,11
500113008,20231002,539,43,31,1,25.02594,121.50651,11
500113008,20231002,541,43,31,1,25.02594,121.50651,11
500113008,20231002,542,43,31,1,25.02594,121.50651,11
500113008,20231002,543,43,31,1,25.02594,121.50651,11
500113008,20231002,544,43,31,1,25.02594,121.50651,11
500113008,20231002,545,43,31,1,25.02594,121.50651,11
500113008,20231002,546,43,31,1,25.02594,121.50651,11
500113008,20231002,547,43,31,1,25.02594,121.50651,11
500113008,20231002,548,43,32,1,25.02594,121.50651,10
500113008,20231002,549,43,32,1,25.02594,121.50651,10
500113008,20231002,550,43,32,1,25.02594,121.50651,10
500113008,20231002,552,43,32,1,25.02594,121.50651,10
500113008,20231002,553,43,33,1,25.02594,121.50651,9
500113008,20231002,554,43,33,1,25.02594,121.50651,9
500113008,20231002,555,43,33,1,25.02594,121.50651,9
500113008,20231002,556,43,33,1,25.02594,121.50651,9
500113008,20231002,557,43,33,1,25.02594,121.50651,9
500113008,20231002,558,43,33,1,25.02594,121.50651,9
500113008,20231002,559,43,33,1,25.02594,121.50651,9
500113008,20231002,561,43,33,1,25.02594,121.50651,9
500113008,20231002,562,43,33,1,25.02594,121.50651,9
500113008,20231002,563,43,33,1,25.02594,121.50651,9
500113008,20231002,564,43,33,1,25.02594,121.50651,9
500113008,20231002,565,43,33,1,25.02594,121.50651,9
500113008,20231002,566,43,33,1,25.02594,121.50651,9
500113008,20231002,567,43,33,1,25.02594,121.50651,9
500113008,20231002,568,43,33,1,25.02594,121.50651,9
500113008,20231002,569,43,33,1,25.02594,121.50651,9
500113008,20231002,571,43,33,1,25.02594,121.50651,9
500113008,20231002,572,43,34,1,25.02594,121.50651,8
500113008,20231002,573,43,34,1,25.02594,121.50651,8
500113008,20231002,574,43,34,1,25.02594,121.50651,8
500113008,20231002,575,43,34,1,25.02594,121.50651,8
500113008,20231002,576,43,34,1,25.02594,121.50651,8
500113008,20231002,577,43,34,1,25.02594,121.50651,8
500113008,20231002,578,43,34,1,25.02594,121.50651,8
500113008,20231002,579,43,34,1,25.02594,121.50651,8
500113008,20231002,581,43,34,1,25.02594,121.50651,8
500113008,20231002,582,43,36,1,25.02594,121.50651,6
500113008,20231002,583,43,36,1,25.02594,121.50651,6
500113008,20231002,584,43,36,1,25.02594,121.50651,6
500113008,20231002,585,43,36,1,25.02594,121.50651,6
500113008,20231002,586,43,36,1,25.02594,121.50651,6
500113008,20231002,587,43,36,1,25.02594,121.50651,6
500113008,20231002,588,43,36,1,25.02594,121.50651,6
500113008,20231002,589,43,36,1,25.02594,121.50651,6
500113008,20231002,591,43,36,1,25.02594,121.50651,6
500113008,20231002,592,43,36,1,25.02594,121.50651,6
500113008,20231002,593,43,37,1,25.02594,121.50651,5
500113008,20231002,594,43,37,1,25.02594,121.50651,5
500113008,20231002,595,43,37,1,25.02594,121.50651,5
500113008,20231002,596,43,36,1,25.02594,121.50651,6
500113008,20231002,597,43,35,1,25.02594,121.50651,7
500113008,20231002,598,43,35,1,25.02594,121.50651,7
500113008,20231002,599,43,36,1,25.02594,121.50651,6
500113008,20231002,601,43,36,1,25.02594,121.50651,6
500113008,20231002,602,43,36,1,25.02594,121.50651,6
500113008,20231002,603,43,36,1,25.02594,121.50651,6
500113008,20231002,604,43,36,1,25.02594,121.50651,6
500113008,20231002,605,43,35,1,25.02594,121.50651,7
500113008,20231002,606,43,35,1,25.02594,121.50651,7
500113008,20231002,607,43,35,1,25.02594,121.50651,7
500113008,20231002,608,43,35,1,25.02594,121.50651,7
500113008,20231002,609,43,35,1,25.02594,121.50651,7
500113008,20231002,610,43,34,1,25.02594,121.50651,8
500113008,20231002,611,43,34,1,25.02594,121.50651,8
500113008,20231002,612,43,34,1,25.02594,121.50651,8
500113008,20231002,613,43,34,1,25.02594,121.50651,8
500113008,20231002,614,43,34,1,25.02594,121.50651,8
500113008,20231002,615,43,34,1,25.02594,121.50651,8
500113008,20231002,617,43,34,1,25.02594,121.50651,8
500113008,20231002,618,43,34,1,25.02594,121.50651,8
500113008,20231002,619,43,34,1,25.02594,121.50651,8
500113008,20231002,621,43,34,1,25.02594,121.50651,8
500113008,20231002,622,43,35,1,25.02594,121.50651,7
500113008,20231002,623,43,35,1,25.02594,121.50651,7
500113008,20231002,624,43,35,1,25.02594,121.50651,7
500113008,20231002,625,43,35,1,25.02594,121.50651,7
500113008,20231002,627,43,35,1,25.02594,121.50651,7
500113008,20231002,628,43,35,1,25.02594,121.50651,7
500113008,20231002,629,43,35,1,25.02594,121.50651,7
500113008,20231002,631,43,36,1,25.02594,121.50651,6
500113008,20231002,632,43,35,1,25.02594,121.50651,7
500113008,20231002,634,43,35,1,25.02594,121.50651,7
500113008,20231002,635,43,35,1,25.02594,121.50651,7
500113008,20231002,637,43,36,1,25.02594,121.50651,6
500113008,20231002,638,43,36,1,25.02594,121.50651,6
500113008,20231002,639,43,36,1,25.02594,121.50651,6
500113008,20231002,640,43,36,1,25.02594,121.50651,6
500113008,20231002,641,43,36,1,25.02594,121.50651,6
500113008,20231002,642,43,36,1,25.02594,121.50651,6
500113008,20231002,643,43,36,1,25.02594,121.50651,6
500113008,20231002,644,43,36,1,25.02594,121.50651,6
500113008,20231002,645,43,36,1,25.02594,121.50651,6
500113008,20231002,646,43,36,1,25.02594,121.50651,6
500113008,20231002,647,43,36,1,25.02594,121.50651,6
500113008,20231002,648,43,36,1,25.02594,121.50651,6
500113008,20231002,649,43,36,1,25.02594,121.50651,6
500113008,20231002,650,43,36,1,25.02594,121.50651,6
500113008,20231002,651,43,36,1,25.02594,121.50651,6
500113008,20231002,652,43,35,1,25.02594,121.50651,7
500113008,20231002,653,43,35,1,25.02594,121.50651,7
500113008,20231002,654,43,35,1,25.02594,121.50651,7
500113008,20231002,655,43,35,1,25.02594,121.50651,7
500113008,20231002,656,43,35,1,25.02594,121.50651,7
500113008,20231002,657,43,35,1,25.02594,121.50651,7
500113008,20231002,658,43,35,1,25.02594,121.50651,7
500113008,20231002,659,43,35,1,25.02594,121.50651,7
500113008,20231002,661,43,36,1,25.02594,121.50651,6
500113008,20231002,662,43,36,1,25.02594,121.50651,6
500113008,20231002,663,43,36,1,25.02594,121.50651,6
500113008,20231002,664,43,36,1,25.02594,121.50651,6
500113008,20231002,665,43,36,1,25.02594,121.50651,6
500113008,20231002,666,43,36,1,25.02594,121.50651,6
500113008,20231002,667,43,36,1,25.02594,121.50651,6
500113008,20231002,668,43,36,1,25.02594,121.50651,6
500113008,20231002,669,43,36,1,25.02594,121.50651,6
500113008,20231002,671,43,36,1,25.02594,121.50651,6
500113008,20231002,672,43,36,1,25.02594,121.50651,6
500113008,20231002,673,43,38,1,25.02594,121.50651,4
500113008,20231002,674,43,38,1,25.02594,121.50651,4
500113008,20231002,675,43,38,1,25.02594,121.50651,4
500113008,20231002,676,43,38,1,25.02594,121.50651,4
500113008,20231002,677,43,37,1,25.02594,121.50651,5
500113008,20231002,678,43,37,1,25.02594,121.50651,5
500113008,20231002,679,43,37,1,25.02594,121.50651,5
500113008,20231002,681,43,37,1,25.02594,121.50651,5
500113008,20231002,682,43,37,1,25.02594,121.50651,5
500113008,20231002,683,43,37,1,25.02594,121.50651,5
500113008,20231002,684,43,37,1,25.02594,121.50651,5
500113008,20231002,685,43,37,1,25.02594,121.50651,5
500113008,20231002,686,43,37,1,25.02594,121.50651,5
500113008,20231002,687,43,37,1,25.02594,121.50651,5
500113008,20231002,688,43,38,1,25.02594,121.50651,4
500113008,20231002,689,43,38,1,25.02594,121.50651,4
500113008,20231002,690,43,38,1,25.02594,121.50651,4
500113008,20231002,691,43,38,1,25.02594,121.50651,4
500113008,20231002,692,43,38,1,25.02594,121.50651,4
500113008,20231002,693,43,38,1,25.02594,121.50651,4
500113008,20231002,694,43,38,1,25.02594,121.50651,4
500113008,20231002,695,43,38,1,25.02594,121.50651,4
500113008,20231002,696,43,38,1,25.02594,121.50651,4
500113008,20231002,697,43,38,1,25.02594,121.50651,4
500113008,20231002,698,43,38,1,25.02594,121.50651,4
500113008,20231002,699,43,38,1,25.02594,121.50651,4
500113008,20231002,700,43,38,1,25.02594,121.50651,4
500113008,20231002,701,43,38,1,25.02594,121.50651,4
500113008,20231002,702,43,37,1,25.02594,121.50651,5
500113008,20231002,703,43,37,1,25.02594,121.50651,5
500113008,20231002,704,43,37,1,25.02594,121.50651,5
500113008,20231002,705,43,37,1,25.02594,121.50651,5
500113008,20231002,706,43,37,1,25.02594,121.50651,5
500113008,20231002,707,43,37,1,25.02594,121.50651,5
500113008,20231002,708,43,37,1,25.02594,121.50651,5
500113008,20231002,709,43,37,1,25.02594,121.50651,5
500113008,20231002,710,43,37,1,25.02594,121.50651,5
500113008,20231002,711,43,37,1,25.02594,121.50651,5
500113008,20231002,712,43,37,1,25.02594,121.50651,5
500113008,20231002,713,43,38,1,25.02594,121.50651,4
500113008,20231002,714,43,37,1,25.02594,121.50651,5
500113008,20231002,715,43,37,1,25.02594,121.50651,5
500113008,20231002,716,43,37,1,25.02594,121.50651,5
500113008,20231002,717,43,37,1,25.02594,121.50651,5
500113008,20231002,718,43,36,1,25.02594,121.50651,6
500113008,20231002,719,43,36,1,25.02594,121.50651,6
500113008,20231002,721,43,36,1,25.02594,121.50651,6
500113008,20231002,722,43,38,1,25.02594,121.50651,4
500113008,20231002,723,43,38,1,25.02594,121.50651,4
500113008,20231002,724,43,38,1,25.02594,121.50651,4
500113008,20231002,725,43,38,1,25.02594,121.50651,4
500113008,20231002,726,43,38,1,25.02594,121.50651,4
500113008,20231002,727,43,38,1,25.02594,121.50651,4
500113008,20231002,728,43,39,1,25.02594,121.50651,3
500113008,20231002,729,43,39,1,25.02594,121.50651,3
500113008,20231002,730,43,39,1,25.02594,121.50651,3
500113008,20231002,731,43,39,1,25.02594,121.50651,3
500113008,20231002,732,43,39,1,25.02594,121.50651,3
500113008,20231002,733,43,38,1,25.02594,121.50651,4
500113008,20231002,734,43,38,1,25.02594,121.50651,4
500113008,20231002,735,43,38,1,25.02594,121.50651,4
500113008,20231002,736,43,38,1,25.02594,121.50651,4
500113008,20231002,737,43,38,1,25.02594,121.50651,4
500113008,20231002,738,43,38,1,25.02594,121.50651,4
500113008,20231002,739,43,38,1,25.02594,121.50651,4
500113008,20231002,741,43,38,1,25.02594,121.50651,4
500113008,20231002,742,43,38,1,25.02594,121.50651,4
500113008,20231002,743,43,38,1,25.02594,121.50651,4
500113008,20231002,744,43,38,1,25.02594,121.50651,4
500113008,20231002,745,43,38,1,25.02594,121.50651,4
500113008,20231002,746,43,38,1,25.02594,121.50651,4
500113008,20231002,747,43,38,1,25.02594,121.50651,4
500113008,20231002,748,43,38,1,25.02594,121.50651,4
500113008,20231002,749,43,38,1,25.02594,121.50651,4
500113008,20231002,751,43,39,1,25.02594,121.50651,3
500113008,20231002,752,43,39,1,25.02594,121.50651,3
500113008,20231002,753,43,39,1,25.02594,121.50651,3
500113008,20231002,754,43,39,1,25.02594,121.50651,3
500113008,20231002,755,43,39,1,25.02594,121.50651,3
500113008,20231002,756,43,39,1,25.02594,121.50651,3
500113008,20231002,757,43,39,1,25.02594,121.50651,3
500113008,20231002,758,43,39,1,25.02594,121.50651,3
500113008,20231002,759,43,39,1,25.02594,121.50651,3
500113008,20231002,760,43,39,1,25.02594,121.50651,3
500113008,20231002,761,43,39,1,25.02594,121.50651,3
500113008,20231002,762,43,39,1,25.02594,121.50651,3
500113008,20231002,763,43,39,1,25.02594,121.50651,3
500113008,20231002,764,43,39,1,25.02594,121.50651,3
500113008,20231002,765,43,39,1,25.02594,121.50651,3
500113008,20231002,766,43,39,1,25.02594,121.50651,3
500113008,20231002,767,43,39,1,25.02594,121.50651,3
500113008,20231002,768,43,39,1,25.02594,121.50651,3
500113008,20231002,769,43,39,1,25.02594,121.50651,3
500113008,20231002,770,43,39,1,25.02594,121.50651,3
500113008,20231002,771,43,40,1,25.02594,121.50651,2
500113008,20231002,772,43,40,1,25.02594,121.50651,2
500113008,20231002,773,43,40,1,25.02594,121.50651,2
500113008,20231002,774,43,39,1,25.02594,121.50651,3
500113008,20231002,775,43,39,1,25.02594,121.50651,3
500113008,20231002,776,43,39,1,25.02594,121.50651,3
500113008,20231002,777,43,39,1,25.02594,121.50651,3
500113008,20231002,778,43,39,1,25.02594,121.50651,3
500113008,20231002,779,43,39,1,25.02594,121.50651,3
500113008,20231002,781,43,39,1,25.02594,121.50651,3
500113008,20231002,782,43,39,1,25.02594,121.50651,3
500113008,20231002,783,43,39,1,25.02594,121.50651,3
500113008,20231002,784,43,38,1,25.02594,121.50651,4
500113008,20231002,785,43,38,1,25.02594,121.50651,4
500113008,20231002,786,43,38,1,25.02594,121.50651,4
500113008,20231002,787,43,38,1,25.02594,121.50651,4
500113008,20231002,788,43,38,1,25.02594,121.50651,4
500113008,20231002,789,43,37,1,25.02594,121.50651,5
500113008,20231002,790,43,38,1,25.02594,121.50651,4
500113008,20231002,791,43,38,1,25.02594,121.50651,4
500113008,20231002,792,43,39,1,25.02594,121.50651,3
500113008,20231002,793,43,41,1,25.02594,121.50651,1
500113008,20231002,794,43,41,1,25.02594,121.50651,1
500113008,20231002,795,43,41,1,25.02594,121.50651,1
500113008,20231002,796,43,41,1,25.02594,121.50651,1
500113008,20231002,797,43,41,1,25.02594,121.50651,1
500113008,20231002,798,43,40,1,25.02594,121.50651,2
500113008,20231002,799,43,40,1,25.02594,121.50651,2
500113008,20231002,801,43,40,1,25.02594,121.50651,2
500113008,20231002,802,43,40,1,25.02594,121.50651,2
500113008,20231002,803,43,40,1,25.02594,121.50651,2
500113008,20231002,804,43,40,1,25.02594,121.50651,2
500113008,20231002,805,43,40,1,25.02594,121.50651,2
500113008,20231002,806,43,40,1,25.02594,121.50651,2
500113008,20231002,807,43,40,1,25.02594,121.50651,2
500113008,20231002,808,43,40,1,25.02594,121.50651,2
500113008,20231002,809,43,39,1,25.02594,121.50651,3
500113008,20231002,810,43,39,1,25.02594,121.50651,3
500113008,20231002,811,43,39,1,25.02594,121.50651,3
500113008,20231002,812,43,37,1,25.02594,121.50651,5
500113008,20231002,813,43,37,1,25.02594,121.50651,5
500113008,20231002,814,43,36,1,25.02594,121.50651,6
500113008,20231002,815,43,36,1,25.02594,121.50651,6
500113008,20231002,816,43,36,1,25.02594,121.50651,6
500113008,20231002,817,43,36,1,25.02594,121.50651,6
500113008,20231002,818,43,37,1,25.02594,121.50651,5
500113008,20231002,819,43,37,1,25.02594,121.50651,5
500113008,20231002,820,43,37,1,25.02594,121.50651,5
500113008,20231002,821,43,37,1,25.02594,121.50651,5
500113008,20231002,822,43,37,1,25.02594,121.50651,5
500113008,20231002,823,43,37,1,25.02594,121.50651,5
500113008,20231002,824,43,36,1,25.02594,121.50651,6
500113008,20231002,825,43,36,1,25.02594,121.50651,6
500113008,20231002,826,43,36,1,25.02594,121.50651,6
500113008,20231002,827,43,36,1,25.02594,121.50651,6
500113008,20231002,828,43,36,1,25.02594,121.50651,6
500113008,20231002,829,43,36,1,25.02594,121.50651,6
500113008,20231002,830,43,36,1,25.02594,121.50651,6
500113008,20231002,831,43,36,1,25.02594,121.50651,6
500113008,20231002,832,43,36,1,25.02594,121.50651,6
500113008,20231002,833,43,36,1,25.02594,121.50651,6
500113008,20231002,834,43,36,1,25.02594,121.50651,6
500113008,20231002,835,43,36,1,25.02594,121.50651,6
500113008,20231002,836,43,35,1,25.02594,121.50651,7
500113008,20231002,837,43,35,1,25.02594,121.50651,7
500113008,20231002,838,43,35,1,25.02594,121.50651,7
500113008,20231002,839,43,35,1,25.02594,121.50651,7
500113008,20231002,841,43,36,1,25.02594,121.50651,6
500113008,20231002,842,43,36,1,25.02594,121.50651,6
500113008,20231002,843,43,36,1,25.02594,121.50651,6
500113008,20231002,844,43,36,1,25.02594,121.50651,6
500113008,20231002,845,43,36,1,25.02594,121.50651,6
500113008,20231002,846,43,36,1,25.02594,121.50651,6
500113008,20231002,847,43,35,1,25.02594,121.50651,7
500113008,20231002,848,43,35,1,25.02594,121.50651,7
500113008,20231002,849,43,35,1,25.02594,121.50651,7
500113008,20231002,850,43,36,1,25.02594,121.50651,6
500113008,20231002,851,43,36,1,25.02594,121.50651,6
500113008,20231002,852,43,36,1,25.02594,121.50651,6
500113008,20231002,853,43,36,1,25.02594,121.50651,6
500113008,20231002,854,43,36,1,25.02594,121.50651,6
500113008,20231002,855,43,37,1,25.02594,121.50651,5
500113008,20231002,856,43,36,1,25.02594,121.50651,6
500113008,20231002,857,43,36,1,25.02594,121.50651,6
500113008,20231002,858,43,36,1,25.02594,121.50651,6
500113008,20231002,859,43,36,1,25.02594,121.50651,6
500113008,20231002,861,43,37,1,25.02594,121.50651,5
500113008,20231002,862,43,37,1,25.02594,121.50651,5
500113008,20231002,863,43,37,1,25.02594,121.50651,5
500113008,20231002,865,43,37,1,25.02594,121.50651,5
500113008,20231002,866,43,37,1,25.02594,121.50651,5
500113008,20231002,867,43,37,1,25.02594,121.50651,5
500113008,20231002,868,43,37,1,25.02594,121.50651,5
500113008,20231002,869,43,37,1,25.02594,121.50651,5
500113008,20231002,871,43,37,1,25.02594,121.50651,5
500113008,20231002,872,43,37,1,25.02594,121.50651,5
500113008,20231002,873,43,37,1,25.02594,121.50651,5
500113008,20231002,874,43,37,1,25.02594,121.50651,5
500113008,20231002,875,43,37,1,25.02594,121.50651,5
500113008,20231002,876,43,37,1,25.02594,121.50651,5
500113008,20231002,877,43,37,1,25.02594,121.50651,5
500113008,20231002,878,43,37,1,25.02594,121.50651,5
500113008,20231002,879,43,37,1,25.02594,121.50651,5
500113008,20231002,880,43,37,1,25.02594,121.50651,5
500113008,20231002,881,43,37,1,25.02594,121.50651,5
500113008,20231002,882,43,37,1,25.02594,121.50651,5
500113008,20231002,883,43,37,1,25.02594,121.50651,5
500113008,20231002,884,43,37,1,25.02594,121.50651,5
500113008,20231002,885,43,37,1,25.02594,121.50651,5
500113008,20231002,886,43,37,1,25.02594,121.50651,5
500113008,20231002,887,43,38,1,25.02594,121.50651,4
500113008,20231002,888,43,39,1,25.02594,121.50651,3
500113008,20231002,889,43,39,1,25.02594,121.50651,3
500113008,20231002,890,43,40,1,25.02594,121.50651,2
500113008,20231002,891,43,40,1,25.02594,121.50651,2
500113008,20231002,892,43,40,1,25.02594,121.50651,2
500113008,20231002,893,43,39,1,25.02594,121.50651,3
500113008,20231002,894,43,39,1,25.02594,121.50651,3
500113008,20231002,895,43,39,1,25.02594,121.50651,3
500113008,20231002,896,43,39,1,25.02594,121.50651,3
500113008,20231002,897,43,39,1,25.02594,121.50651,3
500113008,20231002,898,43,39,1,25.02594,121.50651,3
500113008,20231002,899,43,39,1,25.02594,121.50651,3
500113008,20231002,901,43,39,1,25.02594,121.50651,3
500113008,20231002,902,43,40,1,25.02594,121.50651,2
500113008,20231002,903,43,40,1,25.02594,121.50651,2
500113008,20231002,904,43,41,1,25.02594,121.50651,1
500113008,20231002,905,43,40,1,25.02594,121.50651,2
500113008,20231002,906,43,39,1,25.02594,121.50651,3
500113008,20231002,907,43,39,1,25.02594,121.50651,3
500113008,20231002,908,43,39,1,25.02594,121.50651,3
500113008,20231002,909,43,39,1,25.02594,121.50651,3
500113008,20231002,910,43,40,1,25.02594,121.50651,2
500113008,20231002,911,43,40,1,25.02594,121.50651,2
500113008,20231002,912,43,40,1,25.02594,121.50651,2
500113008,20231002,913,43,40,1,25.02594,121.50651,2
500113008,20231002,914,43,40,1,25.02594,121.50651,2
500113008,20231002,915,43,41,1,25.02594,121.50651,1
500113008,20231002,916,43,41,1,25.02594,121.50651,1
500113008,20231002,917,43,41,1,25.02594,121.50651,1
500113008,20231002,918,43,42,1,25.02594,121.50651,0
500113008,20231002,919,43,41,1,25.02594,121.50651,1
500113008,20231002,921,43,40,1,25.02594,121.50651,2
500113008,20231002,922,43,40,1,25.02594,121.50651,2
500113008,20231002,923,43,40,1,25.02594,121.50651,2
500113008,20231002,924,43,40,1,25.02594,121.50651,2
500113008,20231002,925,43,40,1,25.02594,121.50651,2
500113008,20231002,926,43,40,1,25.02594,121.50651,2
500113008,20231002,927,43,40,1,25.02594,121.50651,2
500113008,20231002,928,43,40,1,25.02594,121.50651,2
500113008,20231002,929,43,40,1,25.02594,121.50651,2
500113008,20231002,931,43,40,1,25.02594,121.50651,2
500113008,20231002,932,43,40,1,25.02594,121.50651,2
500113008,20231002,933,43,40,1,25.02594,121.50651,2
500113008,20231002,934,43,41,1,25.02594,121.50651,1
500113008,20231002,935,43,41,1,25.02594,121.50651,1
500113008,20231002,936,43,41,1,25.02594,121.50651,1
500113008,20231002,937,43,41,1,25.02594,121.50651,1
500113008,20231002,938,43,42,1,25.02594,121.50651,0
500113008,20231002,939,43,42,1,25.02594,121.50651,0
500113008,20231002,940,43,42,1,25.02594,121.50651,0
500113008,20231002,941,43,42,1,25.02594,121.50651,0
500113008,20231002,942,43,42,1,25.02594,121.50651,0
500113008,20231002,943,43,42,1,25.02594,121.50651,0
500113008,20231002,944,43,42,1,25.02594,121.50651,0
500113008,20231002,945,43,42,1,25.02594,121.50651,0
500113008,20231002,946,43,42,1,25.02594,121.50651,0
500113008,20231002,947,43,42,1,25.02594,121.50651,0
500113008,20231002,948,43,42,1,25.02594,121.50651,0
500113008,20231002,949,43,42,1,25.02594,121.50651,0
500113008,20231002,950,43,42,1,25.02594,121.50651,0
500113008,20231002,951,43,42,1,25.02594,121.50651,0
500113008,20231002,952,43,41,1,25.02594,121.50651,1
500113008,20231002,953,43,41,1,25.02594,121.50651,1
500113008,20231002,954,43,41,1,25.02594,121.50651,1
500113008,20231002,955,43,41,1,25.02594,121.50651,1
500113008,20231002,956,43,40,1,25.02594,121.50651,2
500113008,20231002,957,43,40,1,25.02594,121.50651,2
500113008,20231002,958,43,40,1,25.02594,121.50651,2
500113008,20231002,959,43,40,1,25.02594,121.50651,2
500113008,20231002,961,43,39,1,25.02594,121.50651,3
500113008,20231002,962,43,39,1,25.02594,121.50651,3
500113008,20231002,963,43,40,1,25.02594,121.50651,2
500113008,20231002,964,43,40,1,25.02594,121.50651,2
500113008,20231002,965,43,40,1,25.02594,121.50651,2
500113008,20231002,966,43,40,1,25.02594,121.50651,2
500113008,20231002,967,43,40,1,25.02594,121.50651,2
500113008,20231002,968,43,40,1,25.02594,121.50651,2
500113008,20231002,969,43,40,1,25.02594,121.50651,2
500113008,20231002,970,43,40,1,25.02594,121.50651,2
500113008,20231002,971,43,40,1,25.02594,121.50651,2
500113008,20231002,972,43,40,1,25.02594,121.50651,2
500113008,20231002,973,43,40,1,25.02594,121.50651,2
500113008,20231002,974,43,39,1,25.02594,121.50651,3
500113008,20231002,975,43,39,1,25.02594,121.50651,3
500113008,20231002,976,43,39,1,25.02594,121.50651,3
500113008,20231002,977,43,39,1,25.02594,121.50651,3
500113008,20231002,978,43,39,1,25.02594,121.50651,3
500113008,20231002,979,43,39,1,25.02594,121.50651,3
500113008,20231002,981,43,39,1,25.02594,121.50651,3
500113008,20231002,982,43,38,1,25.02594,121.50651,4
500113008,20231002,983,43,37,1,25.02594,121.50651,5
500113008,20231002,984,43,36,1,25.02594,121.50651,6
500113008,20231002,985,43,36,1,25.02594,121.50651,6
500113008,20231002,986,43,36,1,25.02594,121.50651,6
500113008,20231002,987,43,36,1,25.02594,121.50651,6
500113008,20231002,988,43,36,1,25.02594,121.50651,6
500113008,20231002,989,43,37,1,25.02594,121.50651,5
500113008,20231002,991,43,37,1,25.02594,121.50651,5
500113008,20231002,992,43,37,1,25.02594,121.50651,5
500113008,20231002,993,43,36,1,25.02594,121.50651,6
500113008,20231002,994,43,36,1,25.02594,121.50651,6
500113008,20231002,995,43,35,1,25.02594,121.50651,7
500113008,20231002,996,43,35,1,25.02594,121.50651,7
500113008,20231002,997,43,33,1,25.02594,121.50651,9
500113008,20231002,998,43,31,1,25.02594,121.50651,11
500113008,20231002,999,43,31,1,25.02594,121.50651,11
500113008,20231002,1000,43,30,1,25.02594,121.50651,12
500113008,20231002,1001,43,30,1,25.02594,121.50651,12
500113008,20231002,1002,43,30,1,25.02594,121.50651,12
500113008,20231002,1003,43,30,1,25.02594,121.50651,12
500113008,20231002,1004,43,29,1,25.02594,121.50651,13
500113008,20231002,1005,43,29,1,25.02594,121.50651,13
500113008,20231002,1006,43,29,1,25.02594,121.50651,13
500113008,20231002,1007,43,29,1,25.02594,121.50651,13
500113008,20231002,1008,43,29,1,25.02594,121.50651,13
500113008,20231002,1009,43,30,1,25.02594,121.50651,12
500113008,20231002,1010,43,30,1,25.02594,121.50651,12
500113008,20231002,1011,43,30,1,25.02594,121.50651,12
500113008,20231002,1012,43,28,1,25.02594,121.50651,14
500113008,20231002,1013,43,29,1,25.02594,121.50651,13
500113008,20231002,1014,43,28,1,25.02594,121.50651,14
500113008,20231002,1015,43,28,1,25.02594,121.50651,14
500113008,20231002,1016,43,28,1,25.02594,121.50651,14
500113008,20231002,1017,43,28,1,25.02594,121.50651,14
500113008,20231002,1018,43,27,1,25.02594,121.50651,15
500113008,20231002,1019,43,25,1,25.02594,121.50651,17
500113008,20231002,1022,43,25,1,25.02594,121.50651,17
500113008,20231002,1023,43,26,1,25.02594,121.50651,16
500113008,20231002,1024,43,26,1,25.02594,121.50651,16
500113008,20231002,1025,43,26,1,25.02594,121.50651,16
500113008,20231002,1026,43,26,1,25.02594,121.50651,16
500113008,20231002,1027,43,26,1,25.02594,121.50651,16
500113008,20231002,1028,43,26,1,25.02594,121.50651,16
500113008,20231002,1029,43,26,1,25.02594,121.50651,16
500113008,20231002,1030,43,27,1,25.02594,121.50651,15
500113008,20231002,1031,43,27,1,25.02594,121.50651,15
500113008,20231002,1032,43,27,1,25.02594,121.50651,15
500113008,20231002,1033,43,27,1,25.02594,121.50651,15
500113008,20231002,1034,43,27,1,25.02594,121.50651,15
500113008,20231002,1035,43,28,1,25.02594,121.50651,14
500113008,20231002,1036,43,27,1,25.02594,121.50651,15
500113008,20231002,1037,43,27,1,25.02594,121.50651,15
500113008,20231002,1038,43,27,1,25.02594,121.50651,15
500113008,20231002,1039,43,26,1,25.02594,121.50651,16
500113008,20231002,1041,43,28,1,25.02594,121.50651,14
500113008,20231002,1042,43,28,1,25.02594,121.50651,14
500113008,20231002,1043,43,28,1,25.02594,121.50651,14
500113008,20231002,1044,43,27,1,25.02594,121.50651,15
500113008,20231002,1045,43,26,1,25.02594,121.50651,16
500113008,20231002,1046,43,26,1,25.02594,121.50651,16
500113008,20231002,1047,43,26,1,25.02594,121.50651,16
500113008,20231002,1048,43,26,1,25.02594,121.50651,16
500113008,20231002,1049,43,28,1,25.02594,121.50651,14
500113008,20231002,1051,43,28,1,25.02594,121.50651,14
500113008,20231002,1052,43,28,1,25.02594,121.50651,14
500113008,20231002,1053,43,28,1,25.02594,121.50651,14
500113008,20231002,1054,43,28,1,25.02594,121.50651,14
500113008,20231002,1055,43,28,1,25.02594,121.50651,14
500113008,20231002,1056,43,28,1,25.02594,121.50651,14
500113008,20231002,1057,43,28,1,25.02594,121.50651,14
500113008,20231002,1058,43,28,1,25.02594,121.50651,14
500113008,20231002,1059,43,28,1,25.02594,121.50651,14
500113008,20231002,1060,43,28,1,25.02594,121.50651,14
500113008,20231002,1061,43,28,1,25.02594,121.50651,14
500113008,20231002,1062,43,27,1,25.02594,121.50651,15
500113008,20231002,1063,43,27,1,25.02594,121.50651,15
500113008,20231002,1064,43,27,1,25.02594,121.50651,15
500113008,20231002,1065,43,27,1,25.02594,121.50651,15
500113008,20231002,1066,43,28,1,25.02594,121.50651,14
500113008,20231002,1067,43,28,1,25.02594,121.50651,14
500113008,20231002,1068,43,28,1,25.02594,121.50651,14
500113008,20231002,1069,43,28,1,25.02594,121.50651,14
500113008,20231002,1070,43,26,1,25.02594,121.50651,16
500113008,20231002,1071,43,26,1,25.02594,121.50651,16
500113008,20231002,1072,43,26,1,25.02594,121.50651,16
500113008,20231002,1073,43,26,1,25.02594,121.50651,16
500113008,20231002,1074,43,26,1,25.02594,121.50651,16
500113008,20231002,1075,43,26,1,25.02594,121.50651,16
500113008,20231002,1076,43,24,1,25.02594,121.50651,18
500113008,20231002,1077,43,24,1,25.02594,121.50651,18
500113008,20231002,1078,43,24,1,25.02594,121.50651,18
500113008,20231002,1079,43,24,1,25.02594,121.50651,18
500113008,20231002,1081,43,25,1,25.02594,121.50651,17
500113008,20231002,1082,43,26,1,25.02594,121.50651,16
500113008,20231002,1083,43,27,1,25.02594,121.50651,15
500113008,20231002,1084,43,27,1,25.02594,121.50651,15
500113008,20231002,1085,43,27,1,25.02594,121.50651,15
500113008,20231002,1086,43,26,1,25.02594,121.50651,16
500113008,20231002,1087,43,25,1,25.02594,121.50651,17
500113008,20231002,1088,43,25,1,25.02594,121.50651,17
500113008,20231002,1089,43,25,1,25.02594,121.50651,17
500113008,20231002,1090,43,25,1,25.02594,121.50651,17
500113008,20231002,1091,43,25,1,25.02594,121.50651,17
500113008,20231002,1092,43,25,1,25.02594,121.50651,17
500113008,20231002,1093,43,25,1,25.02594,121.50651,17
500113008,20231002,1094,43,25,1,25.02594,121.50651,17
500113008,20231002,1095,43,26,1,25.02594,121.50651,16
500113008,20231002,1096,43,26,1,25.02594,121.50651,16
500113008,20231002,1097,43,25,1,25.02594,121.50651,17
500113008,20231002,1098,43,24,1,25.02594,121.50651,18
500113008,20231002,1099,43,22,1,25.02594,121.50651,20
500113008,20231002,1101,43,24,1,25.02594,121.50651,18
500113008,20231002,1102,43,23,1,25.02594,121.50651,19
500113008,20231002,1103,43,23,1,25.02594,121.50651,19
500113008,20231002,1104,43,23,1,25.02594,121.50651,19
500113008,20231002,1105,43,23,1,25.02594,121.50651,19
500113008,20231002,1106,43,24,1,25.02594,121.50651,18
500113008,20231002,1107,43,23,1,25.02594,121.50651,19
500113008,20231002,1108,43,23,1,25.02594,121.50651,19
500113008,20231002,1109,43,23,1,25.02594,121.50651,19
500113008,20231002,1111,43,23,1,25.02594,121.50651,19
500113008,20231002,1112,43,21,1,25.02594,121.50651,21
500113008,20231002,1113,43,21,1,25.02594,121.50651,21
500113008,20231002,1114,43,21,1,25.02594,121.50651,21
500113008,20231002,1115,43,20,1,25.02594,121.50651,22
500113008,20231002,1116,43,20,1,25.02594,121.50651,22
500113008,20231002,1117,43,20,1,25.02594,121.50651,22
500113008,20231002,1118,43,20,1,25.02594,121.50651,22
500113008,20231002,1119,43,20,1,25.02594,121.50651,22
500113008,20231002,1120,43,19,1,25.02594,121.50651,23
500113008,20231002,1121,43,19,1,25.02594,121.50651,23
500113008,20231002,1122,43,19,1,25.02594,121.50651,23
500113008,20231002,1123,43,19,1,25.02594,121.50651,23
500113008,20231002,1124,43,19,1,25.02594,121.50651,23
500113008,20231002,1125,43,19,1,25.02594,121.50651,23
500113008,20231002,1126,43,18,1,25.02594,121.50651,24
500113008,20231002,1127,43,17,1,25.02594,121.50651,25
500113008,20231002,1128,43,17,1,25.02594,121.50651,25
500113008,20231002,1129,43,17,1,25.02594,121.50651,25
500113008,20231002,1130,43,17,1,25.02594,121.50651,25
500113008,20231002,1131,43,16,1,25.02594,121.50651,26
500113008,20231002,1132,43,16,1,25.02594,121.50651,26
500113008,20231002,1133,43,16,1,25.02594,121.50651,26
500113008,20231002,1134,43,16,1,25.02594,121.50651,26
500113008,20231002,1135,43,16,1,25.02594,121.50651,26
500113008,20231002,1136,43,16,1,25.02594,121.50651,26
500113008,20231002,1138,43,15,1,25.02594,121.50651,27
500113008,20231002,1139,43,14,1,25.02594,121.50651,28
500113008,20231002,1141,43,14,1,25.02594,121.50651,28
500113008,20231002,1142,43,14,1,25.02594,121.50651,28
500113008,20231002,1143,43,15,1,25.02594,121.50651,27
500113008,20231002,1144,43,15,1,25.02594,121.50651,27
500113008,20231002,1145,43,15,1,25.02594,121.50651,27
500113008,20231002,1146,43,15,1,25.02594,121.50651,27
500113008,20231002,1147,43,14,1,25.02594,121.50651,28
500113008,20231002,1148,43,15,1,25.02594,121.50651,27
500113008,20231002,1149,43,15,1,25.02594,121.50651,27
500113008,20231002,1150,43,15,1,25.02594,121.50651,27
500113008,20231002,1151,43,14,1,25.02594,121.50651,28
500113008,20231002,1152,43,14,1,25.02594,121.50651,28
500113008,20231002,1153,43,14,1,25.02594,121.50651,28
500113008,20231002,1154,43,14,1,25.02594,121.50651,28
500113008,20231002,1155,43,14,1,25.02594,121.50651,28
500113008,20231002,1156,43,14,1,25.02594,121.50651,28
500113008,20231002,1157,43,14,1,25.02594,121.50651,28
500113008,20231002,1158,43,14,1,25.02594,121.50651,28
500113008,20231002,1159,43,14,1,25.02594,121.50651,28
500113008,20231002,1161,43,14,1,25.02594,121.50651,28
500113008,20231002,1162,43,15,1,25.02594,121.50651,27
500113008,20231002,1163,43,16,1,25.02594,121.50651,26
500113008,20231002,1164,43,17,1,25.02594,121.50651,25
500113008,20231002,1165,43,16,1,25.02594,121.50651,26
500113008,20231002,1166,43,16,1,25.02594,121.50651,26
500113008,20231002,1167,43,16,1,25.02594,121.50651,26
500113008,20231002,1168,43,16,1,25.02594,121.50651,26
500113008,20231002,1169,43,17,1,25.02594,121.50651,25
500113008,20231002,1171,43,16,1,25.02594,121.50651,26
500113008,20231002,1172,43,16,1,25.02594,121.50651,26
500113008,20231002,1173,43,16,1,25.02594,121.50651,26
500113008,20231002,1174,43,15,1,25.02594,121.50651,27
500113008,20231002,1175,43,15,1,25.02594,121.50651,27
500113008,20231002,1176,43,15,1,25.02594,121.50651,27
500113008,20231002,1177,43,15,1,25.02594,121.50651,27
500113008,20231002,1178,43,15,1,25.02594,121.50651,27
500113008,20231002,1179,43,15,1,25.02594,121.50651,27
500113008,20231002,1180,43,14,1,25.02594,121.50651,28
500113008,20231002,1181,43,14,1,25.02594,121.50651,28
500113008,20231002,1182,43,14,1,25.02594,121.50651,28
500113008,20231002,1183,43,16,1,25.02594,121.50651,26
500113008,20231002,1184,43,16,1,25.02594,121.50651,26
500113008,20231002,1185,43,16,1,25.02594,121.50651,26
500113008,20231002,1186,43,15,1,25.02594,121.50651,27
500113008,20231002,1187,43,16,1,25.02594,121.50651,26
500113008,20231002,1188,43,16,1,25.02594,121.50651,26
500113008,20231002,1189,43,16,1,25.02594,121.50651,26
500113008,20231002,1190,43,16,1,25.02594,121.50651,26
500113008,20231002,1191,43,15,1,25.02594,121.50651,27
500113008,20231002,1192,43,15,1,25.02594,121.50651,27
500113008,20231002,1193,43,15,1,25.02594,121.50651,27
500113008,20231002,1194,43,15,1,25.02594,121.50651,27
500113008,20231002,1195,43,15,1,25.02594,121.50651,27
500113008,20231002,1196,43,15,1,25.02594,121.50651,27
500113008,20231002,1197,43,15,1,25.02594,121.50651,27
500113008,20231002,1198,43,15,1,25.02594,121.50651,27
500113008,20231002,1199,43,15,1,25.02594,121.50651,27
500113008,20231002,1201,43,15,1,25.02594,121.50651,27
500113008,20231002,1202,43,16,1,25.02594,121.50651,26
500113008,20231002,1203,43,16,1,25.02594,121.50651,26
500113008,20231002,1204,43,16,1,25.02594,121.50651,26
500113008,20231002,1205,43,15,1,25.02594,121.50651,27
500113008,20231002,1206,43,15,1,25.02594,121.50651,27
500113008,20231002,1207,43,15,1,25.02594,121.50651,27
500113008,20231002,1208,43,15,1,25.02594,121.50651,27
500113008,20231002,1209,43,15,1,25.02594,121.50651,27
500113008,20231002,1210,43,15,1,25.02594,121.50651,27
500113008,20231002,1211,43,15,1,25.02594,121.50651,27
500113008,20231002,1212,43,15,1,25.02594,121.50651,27
500113008,20231002,1213,43,15,1,25.02594,121.50651,27
500113008,20231002,1214,43,15,1,25.02594,121.50651,27
500113008,20231002,1215,43,16,1,25.02594,121.50651,26
500113008,20231002,1216,43,16,1,25.02594,121.50651,26
500113008,20231002,1217,43,16,1,25.02594,121.50651,26
500113008,20231002,1218,43,17,1,25.02594,121.50651,25
500113008,20231002,1219,43,17,1,25.02594,121.50651,25
500113008,20231002,1221,43,17,1,25.02594,121.50651,25
500113008,20231002,1222,43,18,1,25.02594,121.50651,24
500113008,20231002,1223,43,19,1,25.02594,121.50651,23
500113008,20231002,1224,43,19,1,25.02594,121.50651,23
500113008,20231002,1225,43,18,1,25.02594,121.50651,24
500113008,20231002,1226,43,18,1,25.02594,121.50651,24
500113008,20231002,1227,43,18,1,25.02594,121.50651,24
500113008,20231002,1228,43,18,1,25.02594,121.50651,24
500113008,20231002,1229,43,18,1,25.02594,121.50651,24
500113008,20231002,1231,43,18,1,25.02594,121.50651,24
500113008,20231002,1232,43,17,1,25.02594,121.50651,25
500113008,20231002,1233,43,17,1,25.02594,121.50651,25
500113008,20231002,1234,43,17,1,25.02594,121.50651,25
500113008,20231002,1235,43,17,1,25.02594,121.50651,25
500113008,20231002,1236,43,18,1,25.02594,121.50651,24
500113008,20231002,1237,43,18,1,25.02594,121.50651,24
500113008,20231002,1238,43,18,1,25.02594,121.50651,24
500113008,20231002,1239,43,16,1,25.02594,121.50651,26
500113008,20231002,1240,43,16,1,25.02594,121.50651,26
500113008,20231002,1241,43,16,1,25.02594,121.50651,26
500113008,20231002,1242,43,16,1,25.02594,121.50651,26
500113008,20231002,1243,43,16,1,25.02594,121.50651,26
500113008,20231002,1244,43,16,1,25.02594,121.50651,26
500113008,20231002,1245,43,16,1,25.02594,121.50651,26
500113008,20231002,1246,43,16,1,25.02594,121.50651,26
500113008,20231002,1247,43,16,1,25.02594,121.50651,26
500113008,20231002,1248,43,16,1,25.02594,121.50651,26
500113008,20231002,1249,43,16,1,25.02594,121.50651,26
500113008,20231002,1250,43,16,1,25.02594,121.50651,26
500113008,20231002,1251,43,16,1,25.02594,121.50651,26
500113008,20231002,1252,43,16,1,25.02594,121.50651,26
500113008,20231002,1253,43,16,1,25.02594,121.50651,26
500113008,20231002,1254,43,17,1,25.02594,121.50651,25
500113008,20231002,1255,43,16,1,25.02594,121.50651,26
500113008,20231002,1256,43,15,1,25.02594,121.50651,27
500113008,20231002,1257,43,15,1,25.02594,121.50651,27
500113008,20231002,1258,43,15,1,25.02594,121.50651,27
500113008,20231002,1259,43,15,1,25.02594,121.50651,27
500113008,20231002,1261,43,14,1,25.02594,121.50651,28
500113008,20231002,1262,43,14,1,25.02594,121.50651,28
500113008,20231002,1263,43,14,1,25.02594,121.50651,28
500113008,20231002,1264,43,14,1,25.02594,121.50651,28
500113008,20231002,1265,43,16,1,25.02594,121.50651,26
500113008,20231002,1266,43,16,1,25.02594,121.50651,26
500113008,20231002,1267,43,16,1,25.02594,121.50651,26
500113008,20231002,1268,43,16,1,25.02594,121.50651,26
500113008,20231002,1269,43,16,1,25.02594,121.50651,26
500113008,20231002,1270,43,15,1,25.02594,121.50651,27
500113008,20231002,1271,43,15,1,25.02594,121.50651,27
500113008,20231002,1272,43,15,1,25.02594,121.50651,27
500113008,20231002,1273,43,15,1,25.02594,121.50651,27
500113008,20231002,1274,43,15,1,25.02594,121.50651,27
500113008,20231002,1275,43,14,1,25.02594,121.50651,28
500113008,20231002,1276,43,15,1,25.02594,121.50651,27
500113008,20231002,1277,43,16,1,25.02594,121.50651,26
500113008,20231002,1278,43,16,1,25.02594,121.50651,26
500113008,20231002,1279,43,16,1,25.02594,121.50651,26
500113008,20231002,1281,43,16,1,25.02594,121.50651,26
500113008,20231002,1282,43,16,1,25.02594,121.50651,26
500113008,20231002,1283,43,16,1,25.02594,121.50651,26
500113008,20231002,1284,43,16,1,25.02594,121.50651,26
500113008,20231002,1285,43,16,1,25.02594,121.50651,26
500113008,20231002,1286,43,16,1,25.02594,121.50651,26
500113008,20231002,1287,43,16,1,25.02594,121.50651,26
500113008,20231002,1288,43,16,1,25.02594,121.50651,26
500113008,20231002,1289,43,16,1,25.02594,121.50651,26
500113008,20231002,1291,43,16,1,25.02594,121.50651,26
500113008,20231002,1292,43,16,1,25.02594,121.50651,26
500113008,20231002,1293,43,16,1,25.02594,121.50651,26
500113008,20231002,1294,43,16,1,25.02594,121.50651,26
500113008,20231002,1295,43,15,1,25.02594,121.50651,27
500113008,20231002,1296,43,15,1,25.02594,121.50651,27
500113008,20231002,1297,43,13,1,25.02594,121.50651,29
500113008,20231002,1298,43,14,1,25.02594,121.50651,28
500113008,20231002,1299,43,14,1,25.02594,121.50651,28
500113008,20231002,1300,43,14,1,25.02594,121.50651,28
500113008,20231002,1301,43,14,1,25.02594,121.50651,28
500113008,20231002,1302,43,14,1,25.02594,121.50651,28
500113008,20231002,1303,43,14,1,25.02594,121.50651,28
500113008,20231002,1304,43,14,1,25.02594,121.50651,28
500113008,20231002,1305,43,14,1,25.02594,121.50651,28
500113008,20231002,1306,43,14,1,25.02594,121.50651,28
500113008,20231002,1307,43,14,1,25.02594,121.50651,28
500113008,20231002,1308,43,14,1,25.02594,121.50651,28
500113008,20231002,1309,43,13,1,25.02594,121.50651,29
500113008,20231002,1310,43,14,1,25.02594,121.50651,28
500113008,20231002,1311,43,14,1,25.02594,121.50651,28
500113008,20231002,1312,43,14,1,25.02594,121.50651,28
500113008,20231002,1313,43,14,1,25.02594,121.50651,28
500113008,20231002,1314,43,14,1,25.02594,121.50651,28
500113008,20231002,1315,43,13,1,25.02594,121.50651,29
500113008,20231002,1316,43,13,1,25.02594,121.50651,29
500113008,20231002,1317,43,13,1,25.02594,121.50651,29
500113008,20231002,1318,43,13,1,25.02594,121.50651,29
500113008,20231002,1319,43,13,1,25.02594,121.50651,29
500113008,20231002,1321,43,13,1,25.02594,121.50651,29
500113008,20231002,1322,43,12,1,25.02594,121.50651,30
500113008,20231002,1323,43,12,1,25.02594,121.50651,30
500113008,20231002,1324,43,12,1,25.02594,121.50651,30
500113008,20231002,1325,43,12,1,25.02594,121.50651,30
500113008,20231002,1326,43,13,1,25.02594,121.50651,29
500113008,20231002,1327,43,13,1,25.02594,121.50651,29
500113008,20231002,1328,43,13,1,25.02594,121.50651,29
500113008,20231002,1329,43,13,1,25.02594,121.50651,29
500113008,20231002,1330,43,13,1,25.02594,121.50651,29
500113008,20231002,1331,43,13,1,25.02594,121.50651,29
500113008,20231002,1332,43,14,1,25.02594,121.50651,28
500113008,20231002,1333,43,14,1,25.02594,121.50651,28
500113008,20231002,1334,43,14,1,25.02594,121.50651,28
500113008,20231002,1335,43,14,1,25.02594,121.50651,28
500113008,20231002,1336,43,15,1,25.02594,121.50651,27
500113008,20231002,1337,43,15,1,25.02594,121.50651,27
500113008,20231002,1338,43,14,1,25.02594,121.50651,28
500113008,20231002,1339,43,14,1,25.02594,121.50651,28
500113008,20231002,1341,43,14,1,25.02594,121.50651,28
500113008,20231002,1342,43,14,1,25.02594,121.50651,28
500113008,20231002,1343,43,14,1,25.02594,121.50651,28
500113008,20231002,1344,43,14,1,25.02594,121.50651,28
500113008,20231002,1345,43,15,1,25.02594,121.50651,27
500113008,20231002,1346,43,15,1,25.02594,121.50651,27
500113008,20231002,1347,43,15,1,25.02594,121.50651,27
500113008,20231002,1348,43,15,1,25.02594,121.50651,27
500113008,20231002,1349,43,15,1,25.02594,121.50651,27
500113008,20231002,1350,43,15,1,25.02594,121.50651,27
500113008,20231002,1351,43,15,1,25.02594,121.50651,27
500113008,20231002,1352,43,15,1,25.02594,121.50651,27
500113008,20231002,1353,43,15,1,25.02594,121.50651,27
500113008,20231002,1354,43,15,1,25.02594,121.50651,27
500113008,20231002,1355,43,15,1,25.02594,121.50651,27
500113008,20231002,1356,43,15,1,25.02594,121.50651,27
500113008,20231002,1357,43,16,1,25.02594,121.50651,26
500113008,20231002,1358,43,16,1,25.02594,121.50651,26
500113008,20231002,1359,43,16,1,25.02594,121.50651,26
500113008,20231002,1360,43,16,1,25.02594,121.50651,26
500113008,20231002,1361,43,16,1,25.02594,121.50651,26
500113008,20231002,1362,43,16,1,25.02594,121.50651,26
500113008,20231002,1363,43,16,1,25.02594,121.50651,26
500113008,20231002,1364,43,16,1,25.02594,121.50651,26
500113008,20231002,1365,43,16,1,25.02594,121.50651,26
500113008,20231002,1366,43,16,1,25.02594,121.50651,26
500113008,20231002,1367,43,16,1,25.02594,121.50651,26
500113008,20231002,1368,43,16,1,25.02594,121.50651,26
500113008,20231002,1369,43,16,1,25.02594,121.50651,26
500113008,20231002,1370,43,16,1,25.02594,121.50651,26
500113008,20231002,1371,43,16,1,25.02594,121.50651,26
500113008,20231002,1372,43,16,1,25.02594,121.50651,26
500113008,20231002,1373,43,16,1,25.02594,121.50651,26
500113008,20231002,1374,43,16,1,25.02594,121.50651,26
500113008,20231002,1375,43,16,1,25.02594,121.50651,26
500113008,20231002,1376,43,16,1,25.02594,121.50651,26
500113008,20231002,1377,43,16,1,25.02594,121.50651,26
500113008,20231002,1378,43,16,1,25.02594,121.50651,26
500113008,20231002,1379,43,16,1,25.02594,121.50651,26
500113008,20231002,1381,43,16,1,25.02594,121.50651,26
500113008,20231002,1382,43,16,1,25.02594,121.50651,26
500113008,20231002,1383,43,16,1,25.02594,121.50651,26
500113008,20231002,1384,43,16,1,25.02594,121.50651,26
500113008,20231002,1385,43,15,1,25.02594,121.50651,27
500113008,20231002,1386,43,15,1,25.02594,121.50651,27
500113008,20231002,1387,43,14,1,25.02594,121.50651,28
500113008,20231002,1388,43,14,1,25.02594,121.50651,28
500113008,20231002,1389,43,13,1,25.02594,121.50651,29
500113008,20231002,1390,43,13,1,25.02594,121.50651,29
500113008,20231002,1391,43,13,1,25.02594,121.50651,29
500113008,20231002,1392,43,13,1,25.02594,121.50651,29
500113008,20231002,1393,43,14,1,25.02594,121.50651,28
500113008,20231002,1394,43,14,1,25.02594,121.50651,28
500113008,20231002,1395,43,14,1,25.02594,121.50651,28
500113008,20231002,1397,43,14,1,25.02594,121.50651,28
500113008,20231002,1398,43,14,1,25.02594,121.50651,28
500113008,20231002,1399,43,14,1,25.02594,121.50651,28
500113008,20231002,1401,43,14,1,25.02594,121.50651,28
500113008,20231002,1402,43,14,1,25.02594,121.50651,28
500113008,20231002,1403,43,14,1,25.02594,121.50651,28
500113008,20231002,1404,43,14,1,25.02594,121.50651,28
500113008,20231002,1405,43,14,1,25.02594,121.50651,28
500113008,20231002,1406,43,14,1,25.02594,121.50651,28
500113008,20231002,1407,43,14,1,25.02594,121.50651,28
500113008,20231002,1408,43,14,1,25.02594,121.50651,28
500113008,20231002,1409,43,14,1,25.02594,121.50651,28
500113008,20231002,1410,43,14,1,25.02594,121.50651,28
500113008,20231002,1411,43,14,1,25.02594,121.50651,28
500113008,20231002,1412,43,14,1,25.02594,121.50651,28
500113008,20231002,1413,43,14,1,25.02594,121.50651,28
500113008,20231002,1414,43,14,1,25.02594,121.50651,28
500113008,20231002,1415,43,14,1,25.02594,121.50651,28
500113008,20231002,1416,43,14,1,25.02594,121.50651,28
500113008,20231002,1417,43,14,1,25.02594,121.50651,28
500113008,20231002,1418,43,14,1,25.02594,121.50651,28
500113008,20231002,1419,43,13,1,25.02594,121.50651,29
500113008,20231002,1420,43,13,1,25.02594,121.50651,29
500113008,20231002,1421,43,13,1,25.02594,121.50651,29
500113008,20231002,1422,43,13,1,25.02594,121.50651,29
500113008,20231002,1423,43,12,1,25.02594,121.50651,30
500113008,20231002,1424,43,12,1,25.02594,121.50651,30
500113008,20231002,1425,43,12,1,25.02594,121.50651,30
500113008,20231002,1426,43,12,1,25.02594,121.50651,30
500113008,20231002,1427,43,12,1,25.02594,121.50651,30
500113008,20231002,1428,43,12,1,25.02594,121.50651,30
500113008,20231002,1429,43,12,1,25.02594,121.50651,30
500113008,20231002,1430,43,12,1,25.02594,121.50651,30
500113008,20231002,1431,43,12,1,25.02594,121.50651,30
500113008,20231002,1432,43,13,1,25.02594,121.50651,29
500113008,20231002,1433,43,14,1,25.02594,121.50651,28
500113008,20231002,1434,43,13,1,25.02594,121.50651,29
500113008,20231002,1435,43,13,1,25.02594,121.50651,29
500113008,20231002,1436,43,13,1,25.02594,121.50651,29
500113008,20231002,1437,43,13,1,25.02594,121.50651,29
500113008,20231002,1438,43,13,1,25.02594,121.50651,29
500113008,20231002,1439,43,13,1,25.02594,121.50651,29
500113008,20231003,1,43,13,1,25.02594,121.50651,29
500113008,20231003,2,43,13,1,25.02594,121.50651,29
500113008,20231003,3,43,14,1,25.02594,121.50651,28
500113008,20231003,4,43,15,1,25.02594,121.50651,27
500113008,20231003,5,43,15,1,25.02594,121.50651,27
500113008,20231003,6,43,15,1,25.02594,121.50651,27
500113008,20231003,7,43,15,1,25.02594,121.50651,27
500113008,20231003,8,43,15,1,25.02594,121.50651,27
500113008,20231003,9,43,15,1,25.02594,121.50651,27
500113008,20231003,10,43,15,1,25.02594,121.50651,27
500113008,20231003,11,43,15,1,25.02594,121.50651,27
500113008,20231003,12,43,15,1,25.02594,121.50651,27
500113008,20231003,13,43,15,1,25.02594,121.50651,27
500113008,20231003,14,43,15,1,25.02594,121.50651,27
500113008,20231003,15,43,15,1,25.02594,121.50651,27
500113008,20231003,16,43,15,1,25.02594,121.50651,27
500113008,20231003,17,43,15,1,25.02594,121.50651,27
500113008,20231003,18,43,15,1,25.02594,121.50651,27
500113008,20231003,19,43,15,1,25.02594,121.50651,27
500113008,20231003,21,43,15,1,25.02594,121.50651,27
500113008,20231003,22,43,15,1,25.02594,121.50651,27
500113008,20231003,23,43,15,1,25.02594,121.50651,27
500113008,20231003,24,43,15,1,25.02594,121.50651,27
500113008,20231003,25,43,15,1,25.02594,121.50651,27
500113008,20231003,26,43,15,1,25.02594,121.50651,27
500113008,20231003,27,43,15,1,25.02594,121.50651,27
500113008,20231003,28,43,15,1,25.02594,121.50651,27
500113008,20231003,29,43,14,1,25.02594,121.50651,28
500113008,20231003,30,43,14,1,25.02594,121.50651,28
500113008,20231003,31,43,14,1,25.02594,121.50651,28
500113008,20231003,32,43,14,1,25.02594,121.50651,28
500113008,20231003,33,43,15,1,25.02594,121.50651,27
500113008,20231003,34,43,15,1,25.02594,121.50651,27
500113008,20231003,35,43,15,1,25.02594,121.50651,27
500113008,20231003,36,43,15,1,25.02594,121.50651,27
500113008,20231003,37,43,15,1,25.02594,121.50651,27
500113008,20231003,38,43,15,1,25.02594,121.50651,27
500113008,20231003,39,43,15,1,25.02594,121.50651,27
500113008,20231003,40,43,15,1,25.02594,121.50651,27
500113008,20231003,41,43,14,1,25.02594,121.50651,28
500113008,20231003,42,43,13,1,25.02594,121.50651,29
500113008,20231003,43,43,12,1,25.02594,121.50651,30
500113008,20231003,44,43,12,1,25.02594,121.50651,30
500113008,20231003,45,43,12,1,25.02594,121.50651,30
500113008,20231003,46,43,12,1,25.02594,121.50651,30
500113008,20231003,47,43,12,1,25.02594,121.50651,30
500113008,20231003,48,43,12,1,25.02594,121.50651,30
500113008,20231003,49,43,12,1,25.02594,121.50651,30
500113008,20231003,50,43,12,1,25.02594,121.50651,30
500113008,20231003,51,43,12,1,25.02594,121.50651,30
500113008,20231003,52,43,12,1,25.02594,121.50651,30
500113008,20231003,53,43,12,1,25.02594,121.50651,30
500113008,20231003,54,43,12,1,25.02594,121.50651,30
500113008,20231003,55,43,12,1,25.02594,121.50651,30
500113008,20231003,56,43,12,1,25.02594,121.50651,30
500113008,20231003,57,43,12,1,25.02594,121.50651,30
500113008,20231003,58,43,12,1,25.02594,121.50651,30
500113008,20231003,59,43,12,1,25.02594,121.50651,30
500113008,20231003,60,43,12,1,25.02594,121.50651,30
500113008,20231003,61,43,12,1,25.02594,121.50651,30
500113008,20231003,62,43,12,1,25.02594,121.50651,30
500113008,20231003,63,43,12,1,25.02594,121.50651,30
500113008,20231003,64,43,12,1,25.02594,121.50651,30
500113008,20231003,65,43,12,1,25.02594,121.50651,30
500113008,20231003,66,43,12,1,25.02594,121.50651,30
500113008,20231003,67,43,12,1,25.02594,121.50651,30
500113008,20231003,68,43,12,1,25.02594,121.50651,30
500113008,20231003,69,43,12,1,25.02594,121.50651,30
500113008,20231003,70,43,12,1,25.02594,121.50651,30
500113008,20231003,71,43,12,1,25.02594,121.50651,30
500113008,20231003,72,43,12,1,25.02594,121.50651,30
500113008,20231003,73,43,12,1,25.02594,121.50651,30
500113008,20231003,74,43,12,1,25.02594,121.50651,30
500113008,20231003,75,43,12,1,25.02594,121.50651,30
500113008,20231003,76,43,12,1,25.02594,121.50651,30
500113008,20231003,77,43,12,1,25.02594,121.50651,30
500113008,20231003,78,43,12,1,25.02594,121.50651,30
500113008,20231003,79,43,12,1,25.02594,121.50651,30
500113008,20231003,81,43,12,1,25.02594,121.50651,30
500113008,20231003,82,43,12,1,25.02594,121.50651,30
500113008,20231003,83,43,12,1,25.02594,121.50651,30
500113008,20231003,84,43,12,1,25.02594,121.50651,30
500113008,20231003,85,43,12,1,25.02594,121.50651,30
500113008,20231003,86,43,12,1,25.02594,121.50651,30
500113008,20231003,87,43,12,1,25.02594,121.50651,30
500113008,20231003,88,43,12,1,25.02594,121.50651,30
500113008,20231003,89,43,12,1,25.02594,121.50651,30
500113008,20231003,90,43,12,1,25.02594,121.50651,30
500113008,20231003,91,43,12,1,25.02594,121.50651,30
500113008,20231003,92,43,12,1,25.02594,121.50651,30
500113008,20231003,93,43,12,1,25.02594,121.50651,30
500113008,20231003,94,43,12,1,25.02594,121.50651,30
500113008,20231003,95,43,12,1,25.02594,121.50651,30
500113008,20231003,96,43,12,1,25.02594,121.50651,30
500113008,20231003,97,43,12,1,25.02594,121.50651,30
500113008,20231003,98,43,12,1,25.02594,121.50651,30
500113008,20231003,99,43,12,1,25.02594,121.50651,30
500113008,20231003,100,43,12,1,25.02594,121.50651,30
500113008,20231003,101,43,12,1,25.02594,121.50651,30
500113008,20231003,102,43,12,1,25.02594,121.50651,30
500113008,20231003,103,43,12,1,25.02594,121.50651,30
500113008,20231003,104,43,12,1,25.02594,121.50651,30
500113008,20231003,105,43,12,1,25.02594,121.50651,30
500113008,20231003,106,43,12,1,25.02594,121.50651,30
500113008,20231003,107,43,12,1,25.02594,121.50651,30
500113008,20231003,108,43,12,1,25.02594,121.50651,30
500113008,20231003,109,43,12,1,25.02594,121.50651,30
500113008,20231003,110,43,12,1,25.02594,121.50651,30
500113008,20231003,111,43,12,1,25.02594,121.50651,30
500113008,20231003,112,43,12,1,25.02594,121.50651,30
500113008,20231003,113,43,12,1,25.02594,121.50651,30
500113008,20231003,114,43,12,1,25.02594,121.50651,30
500113008,20231003,115,43,12,1,25.02594,121.50651,30
500113008,20231003,116,43,12,1,25.02594,121.50651,30
500113008,20231003,117,43,12,1,25.02594,121.50651,30
500113008,20231003,118,43,12,1,25.02594,121.50651,30
500113008,20231003,119,43,12,1,25.02594,121.50651,30
500113008,20231003,121,43,11,1,25.02594,121.50651,31
500113008,20231003,122,43,11,1,25.02594,121.50651,31
500113008,20231003,123,43,11,1,25.02594,121.50651,31
500113008,20231003,124,43,11,1,25.02594,121.50651,31
500113008,20231003,125,43,11,1,25.02594,121.50651,31
500113008,20231003,126,43,11,1,25.02594,121.50651,31
500113008,20231003,127,43,11,1,25.02594,121.50651,31
500113008,20231003,128,43,11,1,25.02594,121.50651,31
500113008,20231003,129,43,11,1,25.02594,121.50651,31
500113008,20231003,130,43,11,1,25.02594,121.50651,31
500113008,20231003,131,43,11,1,25.02594,121.50651,31
500113008,20231003,132,43,11,1,25.02594,121.50651,31
500113008,20231003,133,43,11,1,25.02594,121.50651,31
500113008,20231003,134,43,11,1,25.02594,121.50651,31
500113008,20231003,135,43,10,1,25.02594,121.50651,32
500113008,20231003,136,43,10,1,25.02594,121.50651,32
500113008,20231003,137,43,10,1,25.02594,121.50651,32
500113008,20231003,138,43,10,1,25.02594,121.50651,32
500113008,20231003,139,43,10,1,25.02594,121.50651,32
500113008,20231003,141,43,10,1,25.02594,121.50651,32
500113008,20231003,142,43,10,1,25.02594,121.50651,32
500113008,20231003,143,43,10,1,25.02594,121.50651,32
500113008,20231003,144,43,10,1,25.02594,121.50651,32
500113008,20231003,145,43,10,1,25.02594,121.50651,32
500113008,20231003,146,43,11,1,25.02594,121.50651,31
500113008,20231003,147,43,11,1,25.02594,121.50651,31
500113008,20231003,148,43,11,1,25.02594,121.50651,31
500113008,20231003,149,43,11,1,25.02594,121.50651,31
500113008,20231003,150,43,11,1,25.02594,121.50651,31
500113008,20231003,151,43,11,1,25.02594,121.50651,31
500113008,20231003,152,43,11,1,25.02594,121.50651,31
500113008,20231003,153,43,11,1,25.02594,121.50651,31
500113008,20231003,154,43,11,1,25.02594,121.50651,31
500113008,20231003,155,43,11,1,25.02594,121.50651,31
500113008,20231003,156,43,11,1,25.02594,121.50651,31
500113008,20231003,157,43,11,1,25.02594,121.50651,31
500113008,20231003,158,43,11,1,25.02594,121.50651,31
500113008,20231003,159,43,11,1,25.02594,121.50651,31
500113008,20231003,160,43,11,1,25.02594,121.50651,31
500113008,20231003,161,43,11,1,25.02594,121.50651,31
500113008,20231003,162,43,11,1,25.02594,121.50651,31
500113008,20231003,163,43,11,1,25.02594,121.50651,31
500113008,20231003,164,43,11,1,25.02594,121.50651,31
500113008,20231003,165,43,11,1,25.02594,121.50651,31
500113008,20231003,166,43,11,1,25.02594,121.50651,31
500113008,20231003,167,43,11,1,25.02594,121.50651,31
500113008,20231003,168,43,11,1,25.02594,121.50651,31
500113008,20231003,169,43,11,1,25.02594,121.50651,31
500113008,20231003,170,43,11,1,25.02594,121.50651,31
500113008,20231003,171,43,11,1,25.02594,121.50651,31
500113008,20231003,172,43,11,1,25.02594,121.50651,31
500113008,20231003,173,43,11,1,25.02594,121.50651,31
500113008,20231003,174,43,11,1,25.02594,121.50651,31
500113008,20231003,175,43,11,1,25.02594,121.50651,31
500113008,20231003,176,43,11,1,25.02594,121.50651,31
500113008,20231003,177,43,11,1,25.02594,121.50651,31
500113008,20231003,178,43,11,1,25.02594,121.50651,31
500113008,20231003,179,43,11,1,25.02594,121.50651,31
500113008,20231003,180,43,11,1,25.02594,121.50651,31
500113008,20231003,181,43,11,1,25.02594,121.50651,31
500113008,20231003,182,43,11,1,25.02594,121.50651,31
500113008,20231003,183,43,11,1,25.02594,121.50651,31
500113008,20231003,184,43,11,1,25.02594,121.50651,31
500113008,20231003,185,43,11,1,25.02594,121.50651,31
500113008,20231003,186,43,11,1,25.02594,121.50651,31
500113008,20231003,187,43,11,1,25.02594,121.50651,31
500113008,20231003,188,43,11,1,25.02594,121.50651,31
500113008,20231003,189,43,11,1,25.02594,121.50651,31
500113008,20231003,190,43,11,1,25.02594,121.50651,31
500113008,20231003,191,43,11,1,25.02594,121.50651,31
500113008,20231003,192,43,11,1,25.02594,121.50651,31
500113008,20231003,193,43,11,1,25.02594,121.50651,31
500113008,20231003,194,43,11,1,25.02594,121.50651,31
500113008,20231003,195,43,11,1,25.02594,121.50651,31
500113008,20231003,196,43,11,1,25.02594,121.50651,31
500113008,20231003,197,43,11,1,25.02594,121.50651,31
500113008,20231003,198,43,11,1,25.02594,121.50651,31
500113008,20231003,199,43,11,1,25.02594,121.50651,31
500113008,20231003,201,43,11,1,25.02594,121.50651,31
500113008,20231003,202,43,11,1,25.02594,121.50651,31
500113008,20231003,203,43,11,1,25.02594,121.50651,31
500113008,20231003,204,43,11,1,25.02594,121.50651,31
500113008,20231003,205,43,11,1,25.02594,121.50651,31
500113008,20231003,206,43,11,1,25.02594,121.50651,31
500113008,20231003,207,43,11,1,25.02594,121.50651,31
500113008,20231003,208,43,11,1,25.02594,121.50651,31
500113008,20231003,209,43,11,1,25.02594,121.50651,31
500113008,20231003,210,43,15,1,25.02594,121.50651,27
500113008,20231003,211,43,17,1,25.02594,121.50651,25
500113008,20231003,212,43,19,1,25.02594,121.50651,23
500113008,20231003,213,43,21,1,25.02594,121.50651,21
500113008,20231003,214,43,23,1,25.02594,121.50651,19
500113008,20231003,215,43,25,1,25.02594,121.50651,17
500113008,20231003,216,43,25,1,25.02594,121.50651,17
500113008,20231003,217,43,25,1,25.02594,121.50651,17
500113008,20231003,218,43,25,1,25.02594,121.50651,17
500113008,20231003,219,43,25,1,25.02594,121.50651,17
500113008,20231003,220,43,25,1,25.02594,121.50651,17
500113008,20231003,221,43,25,1,25.02594,121.50651,17
500113008,20231003,222,43,25,1,25.02594,121.50651,17
500113008,20231003,223,43,25,1,25.02594,121.50651,17
500113008,20231003,224,43,25,1,25.02594,121.50651,17
500113008,20231003,225,43,25,1,25.02594,121.50651,17
500113008,20231003,226,43,25,1,25.02594,121.50651,17
500113008,20231003,227,43,25,1,25.02594,121.50651,17
500113008,20231003,228,43,25,1,25.02594,121.50651,17
500113008,20231003,229,43,25,1,25.02594,121.50651,17
500113008,20231003,230,43,25,1,25.02594,121.50651,17
500113008,20231003,231,43,25,1,25.02594,121.50651,17
500113008,20231003,232,43,25,1,25.02594,121.50651,17
500113008,20231003,233,43,25,1,25.02594,121.50651,17
500113008,20231003,234,43,25,1,25.02594,121.50651,17
500113008,20231003,235,43,25,1,25.02594,121.50651,17
500113008,20231003,236,43,25,1,25.02594,121.50651,17
500113008,20231003,237,43,25,1,25.02594,121.50651,17
500113008,20231003,238,43,25,1,25.02594,121.50651,17
500113008,20231003,239,43,25,1,25.02594,121.50651,17
500113008,20231003,241,43,25,1,25.02594,121.50651,17
500113008,20231003,242,43,25,1,25.02594,121.50651,17
500113008,20231003,243,43,25,1,25.02594,121.50651,17
500113008,20231003,245,43,25,1,25.02594,121.50651,17
500113008,20231003,246,43,25,1,25.02594,121.50651,17
500113008,20231003,247,43,25,1,25.02594,121.50651,17
500113008,20231003,248,43,25,1,25.02594,121.50651,17
500113008,20231003,249,43,25,1,25.02594,121.50651,17
500113008,20231003,250,43,25,1,25.02594,121.50651,17
500113008,20231003,251,43,25,1,25.02594,121.50651,17
500113008,20231003,252,43,25,1,25.02594,121.50651,17
500113008,20231003,253,43,25,1,25.02594,121.50651,17
500113008,20231003,254,43,25,1,25.02594,121.50651,17
500113008,20231003,255,43,25,1,25.02594,121.50651,17
500113008,20231003,256,43,25,1,25.02594,121.50651,17
500113008,20231003,257,43,25,1,25.02594,121.50651,17
500113008,20231003,258,43,25,1,25.02594,121.50651,17
500113008,20231003,259,43,25,1,25.02594,121.50651,17
500113008,20231003,261,43,25,1,25.02594,121.50651,17
500113008,20231003,262,43,25,1,25.02594,121.50651,17
500113008,20231003,263,43,25,1,25.02594,121.50651,17
500113008,20231003,264,43,25,1,25.02594,121.50651,17
500113008,20231003,265,43,25,1,25.02594,121.50651,17
500113008,20231003,266,43,25,1,25.02594,121.50651,17
500113008,20231003,267,43,25,1,25.02594,121.50651,17
500113008,20231003,268,43,25,1,25.02594,121.50651,17
500113008,20231003,269,43,25,1,25.02594,121.50651,17
500113008,20231003,270,43,25,1,25.02594,121.50651,17
500113008,20231003,271,43,25,1,25.02594,121.50651,17
500113008,20231003,272,43,25,1,25.02594,121.50651,17
500113008,20231003,273,43,25,1,25.02594,121.50651,17
500113008,20231003,274,43,25,1,25.02594,121.50651,17
500113008,20231003,275,43,25,1,25.02594,121.50651,17
500113008,20231003,276,43,25,1,25.02594,121.50651,17
500113008,20231003,277,43,25,1,25.02594,121.50651,17
500113008,20231003,278,43,25,1,25.02594,121.50651,17
500113008,20231003,279,43,25,1,25.02594,121.50651,17
500113008,20231003,280,43,25,1,25.02594,121.50651,17
500113008,20231003,281,43,25,1,25.02594,121.50651,17
500113008,20231003,282,43,25,1,25.02594,121.50651,17
500113008,20231003,283,43,25,1,25.02594,121.50651,17
500113008,20231003,284,43,25,1,25.02594,121.50651,17
500113008,20231003,285,43,25,1,25.02594,121.50651,17
500113008,20231003,286,43,24,1,25.02594,121.50651,18
500113008,20231003,287,43,24,1,25.02594,121.50651,18
500113008,20231003,288,43,24,1,25.02594,121.50651,18
500113008,20231003,289,43,24,1,25.02594,121.50651,18
500113008,20231003,290,43,24,1,25.02594,121.50651,18
500113008,20231003,291,43,25,1,25.02594,121.50651,17
500113008,20231003,292,43,25,1,25.02594,121.50651,17
500113008,20231003,293,43,25,1,25.02594,121.50651,17
500113008,20231003,294,43,24,1,25.02594,121.50651,18
500113008,20231003,295,43,24,1,25.02594,121.50651,18
500113008,20231003,296,43,24,1,25.02594,121.50651,18
500113008,20231003,297,43,24,1,25.02594,121.50651,18
500113008,20231003,298,43,24,1,25.02594,121.50651,18
500113008,20231003,299,43,24,1,25.02594,121.50651,18
500113008,20231003,300,43,24,1,25.02594,121.50651,18
500113008,20231003,301,43,24,1,25.02594,121.50651,18
500113008,20231003,302,43,24,1,25.02594,121.50651,18
500113008,20231003,303,43,24,1,25.02594,121.50651,18
500113008,20231003,304,43,24,1,25.02594,121.50651,18
500113008,20231003,305,43,24,1,25.02594,121.50651,18
500113008,20231003,306,43,24,1,25.02594,121.50651,18
500113008,20231003,307,43,24,1,25.02594,121.50651,18
500113008,20231003,308,43,24,1,25.02594,121.50651,18
500113008,20231003,309,43,24,1,25.02594,121.50651,18
500113008,20231003,310,43,24,1,25.02594,121.50651,18
500113008,20231003,311,43,24,1,25.02594,121.50651,18
500113008,20231003,312,43,24,1,25.02594,121.50651,18
500113008,20231003,313,43,24,1,25.02594,121.50651,18
500113008,20231003,314,43,24,1,25.02594,121.50651,18
500113008,20231003,315,43,24,1,25.02594,121.50651,18
500113008,20231003,316,43,24,1,25.02594,121.50651,18
500113008,20231003,317,43,25,1,25.02594,121.50651,17
500113008,20231003,318,43,25,1,25.02594,121.50651,17
500113008,20231003,319,43,25,1,25.02594,121.50651,17
500113008,20231003,321,43,25,1,25.02594,121.50651,17
500113008,20231003,322,43,25,1,25.02594,121.50651,17
500113008,20231003,323,43,25,1,25.02594,121.50651,17
500113008,20231003,324,43,25,1,25.02594,121.50651,17
500113008,20231003,325,43,25,1,25.02594,121.50651,17
500113008,20231003,326,43,25,1,25.02594,121.50651,17
500113008,20231003,327,43,25,1,25.02594,121.50651,17
500113008,20231003,328,43,25,1,25.02594,121.50651,17
500113008,20231003,329,43,25,1,25.02594,121.50651,17
500113008,20231003,330,43,25,1,25.02594,121.50651,17
500113008,20231003,331,43,25,1,25.02594,121.50651,17
500113008,20231003,332,43,25,1,25.02594,121.50651,17
500113008,20231003,333,43,25,1,25.02594,121.50651,17
500113008,20231003,334,43,25,1,25.02594,121.50651,17
500113008,20231003,335,43,25,1,25.02594,121.50651,17
500113008,20231003,336,43,25,1,25.02594,121.50651,17
500113008,20231003,337,43,25,1,25.02594,121.50651,17
500113008,20231003,338,43,25,1,25.02594,121.50651,17
500113008,20231003,339,43,25,1,25.02594,121.50651,17
500113008,20231003,340,43,25,1,25.02594,121.50651,17
500113008,20231003,341,43,24,1,25.02594,121.50651,18
500113008,20231003,342,43,24,1,25.02594,121.50651,18
500113008,20231003,343,43,24,1,25.02594,121.50651,18
500113008,20231003,344,43,24,1,25.02594,121.50651,18
500113008,20231003,345,43,24,1,25.02594,121.50651,18
500113008,20231003,346,43,24,1,25.02594,121.50651,18
500113008,20231003,347,43,24,1,25.02594,121.50651,18
500113008,20231003,348,43,24,1,25.02594,121.50651,18
500113008,20231003,349,43,24,1,25.02594,121.50651,18
500113008,20231003,350,43,24,1,25.02594,121.50651,18
500113008,20231003,351,43,24,1,25.02594,121.50651,18
500113008,20231003,352,43,24,1,25.02594,121.50651,18
500113008,20231003,353,43,24,1,25.02594,121.50651,18
500113008,20231003,354,43,24,1,25.02594,121.50651,18
500113008,20231003,355,43,24,1,25.02594,121.50651,18
500113008,20231003,356,43,24,1,25.02594,121.50651,18
500113008,20231003,357,43,24,1,25.02594,121.50651,18
500113008,20231003,358,43,24,1,25.02594,121.50651,18
500113008,20231003,359,43,24,1,25.02594,121.50651,18
500113008,20231003,360,43,24,1,25.02594,121.50651,18
500113008,20231003,361,43,24,1,25.02594,121.50651,18
500113008,20231003,362,43,24,1,25.02594,121.50651,18
500113008,20231003,363,43,24,1,25.02594,121.50651,18
500113008,20231003,364,43,24,1,25.02594,121.50651,18
500113008,20231003,365,43,24,1,25.02594,121.50651,18
500113008,20231003,366,43,24,1,25.02594,121.50651,18
500113008,20231003,367,43,24,1,25.02594,121.50651,18
500113008,20231003,368,43,24,1,25.02594,121.50651,18
500113008,20231003,369,43,24,1,25.02594,121.50651,18
500113008,20231003,370,43,24,1,25.02594,121.50651,18
500113008,20231003,371,43,24,1,25.02594,121.50651,18
500113008,20231003,372,43,24,1,25.02594,121.50651,18
500113008,20231003,373,43,24,1,25.02594,121.50651,18
500113008,20231003,374,43,24,1,25.02594,121.50651,18
500113008,20231003,375,43,23,1,25.02594,121.50651,19
500113008,20231003,376,43,23,1,25.02594,121.50651,19
500113008,20231003,377,43,23,1,25.02594,121.50651,19
500113008,20231003,378,43,23,1,25.02594,121.50651,19
500113008,20231003,379,43,23,1,25.02594,121.50651,19
500113008,20231003,381,43,24,1,25.02594,121.50651,18
500113008,20231003,382,43,23,1,25.02594,121.50651,19
500113008,20231003,383,43,23,1,25.02594,121.50651,19
500113008,20231003,384,43,23,1,25.02594,121.50651,19
500113008,20231003,385,43,23,1,25.02594,121.50651,19
500113008,20231003,386,43,23,1,25.02594,121.50651,19
500113008,20231003,387,43,23,1,25.02594,121.50651,19
500113008,20231003,388,43,23,1,25.02594,121.50651,19
500113008,20231003,389,43,23,1,25.02594,121.50651,19
500113008,20231003,390,43,23,1,25.02594,121.50651,19
500113008,20231003,391,43,23,1,25.02594,121.50651,19
500113008,20231003,392,43,23,1,25.02594,121.50651,19
500113008,20231003,393,43,24,1,25.02594,121.50651,18
500113008,20231003,394,43,25,1,25.02594,121.50651,17
500113008,20231003,395,43,25,1,25.02594,121.50651,17
500113008,20231003,396,43,26,1,25.02594,121.50651,16
500113008,20231003,397,43,26,1,25.02594,121.50651,16
500113008,20231003,398,43,25,1,25.02594,121.50651,17
500113008,20231003,399,43,25,1,25.02594,121.50651,17
500113008,20231003,400,43,24,1,25.02594,121.50651,18
500113008,20231003,401,43,24,1,25.02594,121.50651,18
500113008,20231003,402,43,24,1,25.02594,121.50651,18
500113008,20231003,403,43,23,1,25.02594,121.50651,19
500113008,20231003,404,43,23,1,25.02594,121.50651,19
500113008,20231003,405,43,23,1,25.02594,121.50651,19
500113008,20231003,406,43,23,1,25.02594,121.50651,19
500113008,20231003,407,43,23,1,25.02594,121.50651,19
500113008,20231003,408,43,23,1,25.02594,121.50651,19
500113008,20231003,409,43,22,1,25.02594,121.50651,20
500113008,20231003,410,43,22,1,25.02594,121.50651,20
500113008,20231003,411,43,22,1,25.02594,121.50651,20
500113008,20231003,412,43,23,1,25.02594,121.50651,19
500113008,20231003,413,43,23,1,25.02594,121.50651,19
500113008,20231003,414,43,24,1,25.02594,121.50651,18
500113008,20231003,415,43,24,1,25.02594,121.50651,18
500113008,20231003,416,43,25,1,25.02594,121.50651,17
500113008,20231003,417,43,26,1,25.02594,121.50651,16
500113008,20231003,418,43,28,1,25.02594,121.50651,14
500113008,20231003,419,43,29,1,25.02594,121.50651,13
500113008,20231003,421,43,29,1,25.02594,121.50651,13
500113008,20231003,422,43,30,1,25.02594,121.50651,12
500113008,20231003,423,43,30,1,25.02594,121.50651,12
500113008,20231003,424,43,30,1,25.02594,121.50651,12
500113008,20231003,425,43,30,1,25.02594,121.50651,12
500113008,20231003,426,43,30,1,25.02594,121.50651,12
500113008,20231003,427,43,30,1,25.02594,121.50651,12
500113008,20231003,428,43,30,1,25.02594,121.50651,12
500113008,20231003,429,43,31,1,25.02594,121.50651,11
500113008,20231003,430,43,31,1,25.02594,121.50651,11
500113008,20231003,431,43,31,1,25.02594,121.50651,11
500113008,20231003,432,43,31,1,25.02594,121.50651,11
500113008,20231003,433,43,32,1,25.02594,121.50651,10
500113008,20231003,434,43,32,1,25.02594,121.50651,10
500113008,20231003,435,43,32,1,25.02594,121.50651,10
500113008,20231003,436,43,32,1,25.02594,121.50651,10
500113008,20231003,437,43,33,1,25.02594,121.50651,9
500113008,20231003,438,43,33,1,25.02594,121.50651,9
500113008,20231003,439,43,32,1,25.02594,121.50651,10
500113008,20231003,441,43,34,1,25.02594,121.50651,8
500113008,20231003,442,43,34,1,25.02594,121.50651,8
500113008,20231003,443,43,34,1,25.02594,121.50651,8
500113008,20231003,444,43,34,1,25.02594,121.50651,8
500113008,20231003,445,43,36,1,25.02594,121.50651,6
500113008,20231003,446,43,36,1,25.02594,121.50651,6
500113008,20231003,447,43,36,1,25.02594,121.50651,6
500113008,20231003,448,43,36,1,25.02594,121.50651,6
500113008,20231003,449,43,36,1,25.02594,121.50651,6
500113008,20231003,451,43,37,1,25.02594,121.50651,5
500113008,20231003,452,43,37,1,25.02594,121.50651,5
500113008,20231003,453,43,38,1,25.02594,121.50651,4
500113008,20231003,454,43,38,1,25.02594,121.50651,4
500113008,20231003,455,43,38,1,25.02594,121.50651,4
500113008,20231003,456,43,39,1,25.02594,121.50651,3
500113008,20231003,457,43,38,1,25.02594,121.50651,4
500113008,20231003,458,43,38,1,25.02594,121.50651,4
500113008,20231003,459,43,36,1,25.02594,121.50651,6
500113008,20231003,460,43,34,1,25.02594,121.50651,8
500113008,20231003,461,43,34,1,25.02594,121.50651,8
500113008,20231003,462,43,34,1,25.02594,121.50651,8
500113008,20231003,463,43,34,1,25.02594,121.50651,8
500113008,20231003,464,43,34,1,25.02594,121.50651,8
500113008,20231003,465,43,34,1,25.02594,121.50651,8
500113008,20231003,466,43,33,1,25.02594,121.50651,9
500113008,20231003,467,43,33,1,25.02594,121.50651,9
500113008,20231003,468,43,33,1,25.02594,121.50651,9
500113008,20231003,469,43,33,1,25.02594,121.50651,9
500113008,20231003,470,43,33,1,25.02594,121.50651,9
500113008,20231003,471,43,33,1,25.02594,121.50651,9
500113008,20231003,472,43,33,1,25.02594,121.50651,9
500113008,20231003,473,43,34,1,25.02594,121.50651,8
500113008,20231003,474,43,34,1,25.02594,121.50651,8
500113008,20231003,475,43,34,1,25.02594,121.50651,8
500113008,20231003,476,43,35,1,25.02594,121.50651,7
500113008,20231003,477,43,36,1,25.02594,121.50651,6
500113008,20231003,478,43,36,1,25.02594,121.50651,6
500113008,20231003,479,43,36,1,25.02594,121.50651,6
500113008,20231003,481,43,39,1,25.02594,121.50651,3
500113008,20231003,482,43,39,1,25.02594,121.50651,3
500113008,20231003,483,43,39,1,25.02594,121.50651,3
500113008,20231003,484,43,39,1,25.02594,121.50651,3
500113008,20231003,485,43,39,1,25.02594,121.50651,3
500113008,20231003,486,43,40,1,25.02594,121.50651,2
500113008,20231003,487,43,40,1,25.02594,121.50651,2
500113008,20231003,488,43,40,1,25.02594,121.50651,2
500113008,20231003,489,43,40,1,25.02594,121.50651,2
500113008,20231003,490,43,40,1,25.02594,121.50651,2
500113008,20231003,491,43,41,1,25.02594,121.50651,1
500113008,20231003,492,43,41,1,25.02594,121.50651,1
500113008,20231003,493,43,41,1,25.02594,121.50651,1
500113008,20231003,494,43,41,1,25.02594,121.50651,1
500113008,20231003,495,43,41,1,25.02594,121.50651,1
500113008,20231003,496,43,41,1,25.02594,121.50651,1
500113008,20231003,497,43,40,1,25.02594,121.50651,2
500113008,20231003,498,43,40,1,25.02594,121.50651,2
500113008,20231003,499,43,40,1,25.02594,121.50651,2
500113008,20231003,501,43,40,1,25.02594,121.50651,2
500113008,20231003,502,43,40,1,25.02594,121.50651,2
500113008,20231003,503,43,40,1,25.02594,121.50651,2
500113008,20231003,504,43,40,1,25.02594,121.50651,2
500113008,20231003,505,43,40,1,25.02594,121.50651,2
500113008,20231003,506,43,39,1,25.02594,121.50651,3
500113008,20231003,507,43,40,1,25.02594,121.50651,2
500113008,20231003,509,43,41,1,25.02594,121.50651,1
500113008,20231003,511,43,41,1,25.02594,121.50651,1
500113008,20231003,512,43,41,1,25.02594,121.50651,1
500113008,20231003,513,43,41,1,25.02594,121.50651,1
500113008,20231003,514,43,41,1,25.02594,121.50651,1
500113008,20231003,515,43,41,1,25.02594,121.50651,1
500113008,20231003,516,43,41,1,25.02594,121.50651,1
500113008,20231003,517,43,41,1,25.02594,121.50651,1
500113008,20231003,518,43,42,1,25.02594,121.50651,0
500113008,20231003,520,43,42,1,25.02594,121.50651,0
500113008,20231003,521,43,42,1,25.02594,121.50651,0
500113008,20231003,522,43,42,1,25.02594,121.50651,0
500113008,20231003,523,43,42,1,25.02594,121.50651,0
500113008,20231003,524,43,42,1,25.02594,121.50651,0
500113008,20231003,525,43,42,1,25.02594,121.50651,0
500113008,20231003,526,43,41,1,25.02594,121.50651,1
500113008,20231003,527,43,41,1,25.02594,121.50651,1
500113008,20231003,528,43,41,1,25.02594,121.50651,1
500113008,20231003,529,43,41,1,25.02594,121.50651,1
500113008,20231003,530,43,42,1,25.02594,121.50651,0
500113008,20231003,531,43,42,1,25.02594,121.50651,0
500113008,20231003,532,43,42,1,25.02594,121.50651,0
500113008,20231003,533,43,42,1,25.02594,121.50651,0
500113008,20231003,534,43,42,1,25.02594,121.50651,0
500113008,20231003,535,43,42,1,25.02594,121.50651,0
500113008,20231003,536,43,42,1,25.02594,121.50651,0
500113008,20231003,537,43,42,1,25.02594,121.50651,0
500113008,20231003,538,43,42,1,25.02594,121.50651,0
500113008,20231003,539,43,42,1,25.02594,121.50651,0
500113008,20231003,541,43,42,1,25.02594,121.50651,0
500113008,20231003,542,43,42,1,25.02594,121.50651,0
500113008,20231003,543,43,42,1,25.02594,121.50651,0
500113008,20231003,544,43,42,1,25.02594,121.50651,0
500113008,20231003,545,43,42,1,25.02594,121.50651,0
500113008,20231003,546,43,42,1,25.02594,121.50651,0
500113008,20231003,547,43,42,1,25.02594,121.50651,0
500113008,20231003,548,43,41,1,25.02594,121.50651,1
500113008,20231003,549,43,41,1,25.02594,121.50651,1
500113008,20231003,550,43,41,1,25.02594,121.50651,1
500113008,20231003,551,43,41,1,25.02594,121.50651,1
500113008,20231003,552,43,42,1,25.02594,121.50651,0
500113008,20231003,553,43,42,1,25.02594,121.50651,0
500113008,20231003,554,43,42,1,25.02594,121.50651,0
500113008,20231003,555,43,42,1,25.02594,121.50651,0
500113008,20231003,556,43,42,1,25.02594,121.50651,0
500113008,20231003,557,43,42,1,25.02594,121.50651,0
500113008,20231003,558,43,42,1,25.02594,121.50651,0
500113008,20231003,559,43,42,1,25.02594,121.50651,0
500113008,20231003,561,43,41,1,25.02594,121.50651,1
500113008,20231003,562,43,41,1,25.02594,121.50651,1
500113008,20231003,563,43,41,1,25.02594,121.50651,1
500113008,20231003,564,43,41,1,25.02594,121.50651,1
500113008,20231003,565,43,41,1,25.02594,121.50651,1
500113008,20231003,566,43,41,1,25.02594,121.50651,1
500113008,20231003,567,43,40,1,25.02594,121.50651,2
500113008,20231003,568,43,41,1,25.02594,121.50651,1
500113008,20231003,569,43,41,1,25.02594,121.50651,1
500113008,20231003,571,43,41,1,25.02594,121.50651,1
500113008,20231003,572,43,41,1,25.02594,121.50651,1
500113008,20231003,573,43,41,1,25.02594,121.50651,1
500113008,20231003,574,43,41,1,25.02594,121.50651,1
500113008,20231003,575,43,41,1,25.02594,121.50651,1
500113008,20231003,576,43,41,1,25.02594,121.50651,1
500113008,20231003,577,43,41,1,25.02594,121.50651,1
500113008,20231003,578,43,41,1,25.02594,121.50651,1
500113008,20231003,579,43,41,1,25.02594,121.50651,1
500113008,20231003,580,43,41,1,25.02594,121.50651,1
500113008,20231003,581,43,41,1,25.02594,121.50651,1
500113008,20231003,582,43,41,1,25.02594,121.50651,1
500113008,20231003,583,43,41,1,25.02594,121.50651,1
500113008,20231003,584,43,41,1,25.02594,121.50651,1
500113008,20231003,585,43,41,1,25.02594,121.50651,1
500113008,20231003,586,43,42,1,25.02594,121.50651,0
500113008,20231003,587,43,42,1,25.02594,121.50651,0
500113008,20231003,588,43,42,1,25.02594,121.50651,0
500113008,20231003,589,43,42,1,25.02594,121.50651,0
500113008,20231003,590,43,42,1,25.02594,121.50651,0
500113008,20231003,591,43,42,1,25.02594,121.50651,0
500113008,20231003,592,43,42,1,25.02594,121.50651,0
500113008,20231003,593,43,42,1,25.02594,121.50651,0
500113008,20231003,594,43,42,1,25.02594,121.50651,0
500113008,20231003,595,43,42,1,25.02594,121.50651,0
500113008,20231003,596,43,42,1,25.02594,121.50651,0
500113008,20231003,597,43,42,1,25.02594,121.50651,0
500113008,20231003,598,43,42,1,25.02594,121.50651,0
500113008,20231003,599,43,42,1,25.02594,121.50651,0
500113008,20231003,601,43,41,1,25.02594,121.50651,1
500113008,20231003,602,43,40,1,25.02594,121.50651,2
500113008,20231003,603,43,40,1,25.02594,121.50651,2
500113008,20231003,604,43,40,1,25.02594,121.50651,2
500113008,20231003,605,43,40,1,25.02594,121.50651,2
500113008,20231003,606,43,40,1,25.02594,121.50651,2
500113008,20231003,607,43,39,1,25.02594,121.50651,3
500113008,20231003,608,43,39,1,25.02594,121.50651,3
500113008,20231003,609,43,39,1,25.02594,121.50651,3
500113008,20231003,610,43,39,1,25.02594,121.50651,3
500113008,20231003,611,43,39,1,25.02594,121.50651,3
500113008,20231003,612,43,39,1,25.02594,121.50651,3
500113008,20231003,613,43,38,1,25.02594,121.50651,4
500113008,20231003,614,43,38,1,25.02594,121.50651,4
500113008,20231003,615,43,38,1,25.02594,121.50651,4
500113008,20231003,616,43,39,1,25.02594,121.50651,3
500113008,20231003,617,43,39,1,25.02594,121.50651,3
500113008,20231003,618,43,39,1,25.02594,121.50651,3
500113008,20231003,619,43,39,1,25.02594,121.50651,3
500113008,20231003,621,43,39,1,25.02594,121.50651,3
500113008,20231003,622,43,39,1,25.02594,121.50651,3
500113008,20231003,623,43,39,1,25.02594,121.50651,3
500113008,20231003,624,43,39,1,25.02594,121.50651,3
500113008,20231003,625,43,39,1,25.02594,121.50651,3
500113008,20231003,626,43,39,1,25.02594,121.50651,3
500113008,20231003,627,43,39,1,25.02594,121.50651,3
500113008,20231003,628,43,39,1,25.02594,121.50651,3
500113008,20231003,629,43,39,1,25.02594,121.50651,3
500113008,20231003,630,43,39,1,25.02594,121.50651,3
500113008,20231003,631,43,40,1,25.02594,121.50651,2
500113008,20231003,632,43,40,1,25.02594,121.50651,2
500113008,20231003,633,43,40,1,25.02594,121.50651,2
500113008,20231003,634,43,40,1,25.02594,121.50651,2
500113008,20231003,635,43,40,1,25.02594,121.50651,2
500113008,20231003,636,43,40,1,25.02594,121.50651,2
500113008,20231003,637,43,40,1,25.02594,121.50651,2
500113008,20231003,638,43,40,1,25.02594,121.50651,2
500113008,20231003,639,43,40,1,25.02594,121.50651,2
500113008,20231003,640,43,40,1,25.02594,121.50651,2
500113008,20231003,641,43,40,1,25.02594,121.50651,2
500113008,20231003,642,43,40,1,25.02594,121.50651,2
500113008,20231003,643,43,41,1,25.02594,121.50651,1
500113008,20231003,644,43,41,1,25.02594,121.50651,1
500113008,20231003,645,43,41,1,25.02594,121.50651,1
500113008,20231003,646,43,41,1,25.02594,121.50651,1
500113008,20231003,647,43,41,1,25.02594,121.50651,1
500113008,20231003,648,43,41,1,25.02594,121.50651,1
500113008,20231003,649,43,41,1,25.02594,121.50651,1
500113008,20231003,650,43,41,1,25.02594,121.50651,1
500113008,20231003,651,43,41,1,25.02594,121.50651,1
500113008,20231003,652,43,41,1,25.02594,121.50651,1
500113008,20231003,653,43,41,1,25.02594,121.50651,1
500113008,20231003,654,43,41,1,25.02594,121.50651,1
500113008,20231003,655,43,41,1,25.02594,121.50651,1
500113008,20231003,656,43,41,1,25.02594,121.50651,1
500113008,20231003,657,43,41,1,25.02594,121.50651,1
500113008,20231003,658,43,41,1,25.02594,121.50651,1
500113008,20231003,659,43,41,1,25.02594,121.50651,1
500113008,20231003,661,43,41,1,25.02594,121.50651,1
500113008,20231003,662,43,41,1,25.02594,121.50651,1
500113008,20231003,663,43,40,1,25.02594,121.50651,2
500113008,20231003,664,43,40,1,25.02594,121.50651,2
500113008,20231003,665,43,40,1,25.02594,121.50651,2
500113008,20231003,666,43,40,1,25.02594,121.50651,2
500113008,20231003,667,43,40,1,25.02594,121.50651,2
500113008,20231003,668,43,40,1,25.02594,121.50651,2
500113008,20231003,669,43,40,1,25.02594,121.50651,2
500113008,20231003,670,43,41,1,25.02594,121.50651,1
500113008,20231003,671,43,41,1,25.02594,121.50651,1
500113008,20231003,672,43,41,1,25.02594,121.50651,1
500113008,20231003,673,43,41,1,25.02594,121.50651,1
500113008,20231003,674,43,40,1,25.02594,121.50651,2
500113008,20231003,675,43,40,1,25.02594,121.50651,2
500113008,20231003,676,43,40,1,25.02594,121.50651,2
500113008,20231003,677,43,41,1,25.02594,121.50651,1
500113008,20231003,678,43,41,1,25.02594,121.50651,1
500113008,20231003,679,43,41,1,25.02594,121.50651,1
500113008,20231003,681,43,41,1,25.02594,121.50651,1
500113008,20231003,682,43,41,1,25.02594,121.50651,1
500113008,20231003,683,43,41,1,25.02594,121.50651,1
500113008,20231003,684,43,41,1,25.02594,121.50651,1
500113008,20231003,685,43,41,1,25.02594,121.50651,1
500113008,20231003,686,43,41,1,25.02594,121.50651,1
500113008,20231003,687,43,41,1,25.02594,121.50651,1
500113008,20231003,688,43,41,1,25.02594,121.50651,1
500113008,20231003,689,43,41,1,25.02594,121.50651,1
500113008,20231003,690,43,41,1,25.02594,121.50651,1
500113008,20231003,691,43,41,1,25.02594,121.50651,1
500113008,20231003,692,43,41,1,25.02594,121.50651,1
500113008,20231003,693,43,41,1,25.02594,121.50651,1
500113008,20231003,694,43,41,1,25.02594,121.50651,1
500113008,20231003,695,43,41,1,25.02594,121.50651,1
500113008,20231003,696,43,41,1,25.02594,121.50651,1
500113008,20231003,697,43,41,1,25.02594,121.50651,1
500113008,20231003,698,43,41,1,25.02594,121.50651,1
500113008,20231003,699,43,41,1,25.02594,121.50651,1
500113008,20231003,700,43,41,1,25.02594,121.50651,1
500113008,20231003,701,43,40,1,25.02594,121.50651,2
500113008,20231003,702,43,40,1,25.02594,121.50651,2
500113008,20231003,703,43,40,1,25.02594,121.50651,2
500113008,20231003,704,43,40,1,25.02594,121.50651,2
500113008,20231003,705,43,40,1,25.02594,121.50651,2
500113008,20231003,706,43,40,1,25.02594,121.50651,2
500113008,20231003,707,43,40,1,25.02594,121.50651,2
500113008,20231003,708,43,40,1,25.02594,121.50651,2
500113008,20231003,709,43,40,1,25.02594,121.50651,2
500113008,20231003,710,43,40,1,25.02594,121.50651,2
500113008,20231003,711,43,39,1,25.02594,121.50651,3
500113008,20231003,712,43,39,1,25.02594,121.50651,3
500113008,20231003,713,43,39,1,25.02594,121.50651,3
500113008,20231003,714,43,39,1,25.02594,121.50651,3
500113008,20231003,715,43,39,1,25.02594,121.50651,3
500113008,20231003,716,43,39,1,25.02594,121.50651,3
500113008,20231003,717,43,39,1,25.02594,121.50651,3
500113008,20231003,718,43,39,1,25.02594,121.50651,3
500113008,20231003,719,43,40,1,25.02594,121.50651,2
500113008,20231003,721,43,40,1,25.02594,121.50651,2
500113008,20231003,722,43,40,1,25.02594,121.50651,2
500113008,20231003,723,43,40,1,25.02594,121.50651,2
500113008,20231003,724,43,40,1,25.02594,121.50651,2
500113008,20231003,725,43,40,1,25.02594,121.50651,2
500113008,20231003,726,43,40,1,25.02594,121.50651,2
500113008,20231003,727,43,40,1,25.02594,121.50651,2
500113008,20231003,728,43,40,1,25.02594,121.50651,2
500113008,20231003,729,43,39,1,25.02594,121.50651,3
500113008,20231003,730,43,39,1,25.02594,121.50651,3
500113008,20231003,731,43,39,1,25.02594,121.50651,3
500113008,20231003,732,43,40,1,25.02594,121.50651,2
500113008,20231003,733,43,40,1,25.02594,121.50651,2
500113008,20231003,734,43,40,1,25.02594,121.50651,2
500113008,20231003,735,43,40,1,25.02594,121.50651,2
500113008,20231003,736,43,41,1,25.02594,121.50651,1
500113008,20231003,737,43,41,1,25.02594,121.50651,1
500113008,20231003,738,43,41,1,25.02594,121.50651,1
500113008,20231003,739,43,41,1,25.02594,121.50651,1
500113008,20231003,741,43,40,1,25.02594,121.50651,2
500113008,20231003,742,43,40,1,25.02594,121.50651,2
500113008,20231003,743,43,42,1,25.02594,121.50651,0
500113008,20231003,744,43,42,1,25.02594,121.50651,0
500113008,20231003,745,43,42,1,25.02594,121.50651,0
500113008,20231003,746,43,42,1,25.02594,121.50651,0
500113008,20231003,747,43,41,1,25.02594,121.50651,1
500113008,20231003,748,43,41,1,25.02594,121.50651,1
500113008,20231003,749,43,41,1,25.02594,121.50651,1
500113008,20231003,750,43,41,1,25.02594,121.50651,1
500113008,20231003,751,43,41,1,25.02594,121.50651,1
500113008,20231003,752,43,41,1,25.02594,121.50651,1
500113008,20231003,753,43,42,1,25.02594,121.50651,0
500113008,20231003,754,43,42,1,25.02594,121.50651,0
500113008,20231003,755,43,42,1,25.02594,121.50651,0
500113008,20231003,756,43,42,1,25.02594,121.50651,0
500113008,20231003,757,43,42,1,25.02594,121.50651,0
500113008,20231003,758,43,42,1,25.02594,121.50651,0
500113008,20231003,759,43,42,1,25.02594,121.50651,0
500113008,20231003,760,43,42,1,25.02594,121.50651,0
500113008,20231003,761,43,42,1,25.02594,121.50651,0
500113008,20231003,762,43,42,1,25.02594,121.50651,0
500113008,20231003,763,43,42,1,25.02594,121.50651,0
500113008,20231003,764,43,42,1,25.02594,121.50651,0
500113008,20231003,765,43,42,1,25.02594,121.50651,0
500113008,20231003,766,43,42,1,25.02594,121.50651,0
500113008,20231003,767,43,42,1,25.02594,121.50651,0
500113008,20231003,768,43,42,1,25.02594,121.50651,0
500113008,20231003,769,43,42,1,25.02594,121.50651,0
500113008,20231003,770,43,42,1,25.02594,121.50651,0
500113008,20231003,771,43,42,1,25.02594,121.50651,0
500113008,20231003,772,43,42,1,25.02594,121.50651,0
500113008,20231003,773,43,42,1,25.02594,121.50651,0
500113008,20231003,774,43,42,1,25.02594,121.50651,0
500113008,20231003,775,43,42,1,25.02594,121.50651,0
500113008,20231003,776,43,42,1,25.02594,121.50651,0
500113008,20231003,777,43,42,1,25.02594,121.50651,0
500113008,20231003,779,43,42,1,25.02594,121.50651,0
500113008,20231003,781,43,42,1,25.02594,121.50651,0
500113008,20231003,782,43,42,1,25.02594,121.50651,0
500113008,20231003,783,43,42,1,25.02594,121.50651,0
500113008,20231003,784,43,42,1,25.02594,121.50651,0
500113008,20231003,785,43,42,1,25.02594,121.50651,0
500113008,20231003,786,43,42,1,25.02594,121.50651,0
500113008,20231003,787,43,42,1,25.02594,121.50651,0
500113008,20231003,788,43,42,1,25.02594,121.50651,0
500113008,20231003,789,43,42,1,25.02594,121.50651,0
500113008,20231003,790,43,42,1,25.02594,121.50651,0
500113008,20231003,791,43,42,1,25.02594,121.50651,0
500113008,20231003,792,43,42,1,25.02594,121.50651,0
500113008,20231003,793,43,42,1,25.02594,121.50651,0
500113008,20231003,794,43,42,1,25.02594,121.50651,0
500113008,20231003,795,43,42,1,25.02594,121.50651,0
500113008,20231003,796,43,42,1,25.02594,121.50651,0
500113008,20231003,797,43,42,1,25.02594,121.50651,0
500113008,20231003,798,43,42,1,25.02594,121.50651,0
500113008,20231003,799,43,42,1,25.02594,121.50651,0
500113008,20231003,801,43,42,1,25.02594,121.50651,0
500113008,20231003,802,43,42,1,25.02594,121.50651,0
500113008,20231003,803,43,42,1,25.02594,121.50651,0
500113008,20231003,804,43,42,1,25.02594,121.50651,0
500113008,20231003,805,43,42,1,25.02594,121.50651,0
500113008,20231003,806,43,42,1,25.02594,121.50651,0
500113008,20231003,807,43,42,1,25.02594,121.50651,0
500113008,20231003,808,43,42,1,25.02594,121.50651,0
500113008,20231003,809,43,42,1,25.02594,121.50651,0
500113008,20231003,811,43,42,1,25.02594,121.50651,0
500113008,20231003,812,43,42,1,25.02594,121.50651,0
500113008,20231003,813,43,42,1,25.02594,121.50651,0
500113008,20231003,814,43,42,1,25.02594,121.50651,0
500113008,20231003,815,43,42,1,25.02594,121.50651,0
500113008,20231003,816,43,42,1,25.02594,121.50651,0
500113008,20231003,817,43,42,1,25.02594,121.50651,0
500113008,20231003,818,43,42,1,25.02594,121.50651,0
500113008,20231003,819,43,42,1,25.02594,121.50651,0
500113008,20231003,820,43,42,1,25.02594,121.50651,0
500113008,20231003,821,43,42,1,25.02594,121.50651,0
500113008,20231003,822,43,42,1,25.02594,121.50651,0
500113008,20231003,823,43,41,1,25.02594,121.50651,1
500113008,20231003,824,43,41,1,25.02594,121.50651,1
500113008,20231003,825,43,41,1,25.02594,121.50651,1
500113008,20231003,826,43,40,1,25.02594,121.50651,2
500113008,20231003,827,43,40,1,25.02594,121.50651,2
500113008,20231003,828,43,41,1,25.02594,121.50651,1
500113008,20231003,829,43,41,1,25.02594,121.50651,1
500113008,20231003,830,43,41,1,25.02594,121.50651,1
500113008,20231003,831,43,41,1,25.02594,121.50651,1
500113008,20231003,832,43,41,1,25.02594,121.50651,1
500113008,20231003,833,43,41,1,25.02594,121.50651,1
500113008,20231003,834,43,41,1,25.02594,121.50651,1
500113008,20231003,835,43,41,1,25.02594,121.50651,1
500113008,20231003,836,43,41,1,25.02594,121.50651,1
500113008,20231003,837,43,41,1,25.02594,121.50651,2
500113008,20231003,838,43,42,1,25.02594,121.50651,1
500113008,20231003,839,43,42,1,25.02594,121.50651,1
500113008,20231003,841,43,42,1,25.02594,121.50651,1
500113008,20231003,842,43,42,1,25.02594,121.50651,1
500113008,20231003,843,43,42,1,25.02594,121.50651,1
500113008,20231003,844,43,42,1,25.02594,121.50651,1
500113008,20231003,845,43,42,1,25.02594,121.50651,1
500113008,20231003,846,43,42,1,25.02594,121.50651,1
500113008,20231003,847,43,42,1,25.02594,121.50651,1
500113008,20231003,848,43,42,1,25.02594,121.50651,1
500113008,20231003,849,43,42,1,25.02594,121.50651,1
500113008,20231003,850,43,42,1,25.02594,121.50651,1
500113008,20231003,851,43,42,1,25.02594,121.50651,1
500113008,20231003,852,43,41,1,25.02594,121.50651,2
500113008,20231003,853,43,42,1,25.02594,121.50651,1
500113008,20231003,854,43,42,1,25.02594,121.50651,1
500113008,20231003,855,43,42,1,25.02594,121.50651,1
500113008,20231003,856,43,42,1,25.02594,121.50651,1
500113008,20231003,857,43,42,1,25.02594,121.50651,1
500113008,20231003,858,43,42,1,25.02594,121.50651,1
500113008,20231003,859,43,42,1,25.02594,121.50651,1
500113008,20231003,861,43,42,1,25.02594,121.50651,1
500113008,20231003,862,43,42,1,25.02594,121.50651,1
500113008,20231003,863,43,41,1,25.02594,121.50651,2
500113008,20231003,864,43,41,1,25.02594,121.50651,2
500113008,20231003,865,43,41,1,25.02594,121.50651,2
500113008,20231003,866,43,41,1,25.02594,121.50651,2
500113008,20231003,867,43,40,1,25.02594,121.50651,3
500113008,20231003,868,43,40,1,25.02594,121.50651,3
500113008,20231003,869,43,40,1,25.02594,121.50651,3
500113008,20231003,870,43,39,1,25.02594,121.50651,4
500113008,20231003,871,43,39,1,25.02594,121.50651,4
500113008,20231003,872,43,39,1,25.02594,121.50651,4
500113008,20231003,873,43,39,1,25.02594,121.50651,4
500113008,20231003,874,43,39,1,25.02594,121.50651,4
500113008,20231003,875,43,39,1,25.02594,121.50651,4
500113008,20231003,876,43,39,1,25.02594,121.50651,4
500113008,20231003,877,43,38,1,25.02594,121.50651,5
500113008,20231003,878,43,38,1,25.02594,121.50651,5
500113008,20231003,879,43,38,1,25.02594,121.50651,5
500113008,20231003,880,43,38,1,25.02594,121.50651,5
500113008,20231003,881,43,38,1,25.02594,121.50651,5
500113008,20231003,882,43,38,1,25.02594,121.50651,5
500113008,20231003,883,43,38,1,25.02594,121.50651,5
500113008,20231003,884,43,38,1,25.02594,121.50651,5
500113008,20231003,885,43,38,1,25.02594,121.50651,5
500113008,20231003,886,43,38,1,25.02594,121.50651,5
500113008,20231003,887,43,38,1,25.02594,121.50651,5
500113008,20231003,888,43,38,1,25.02594,121.50651,5
500113008,20231003,889,43,38,1,25.02594,121.50651,5
500113008,20231003,890,43,38,1,25.02594,121.50651,5
500113008,20231003,891,43,38,1,25.02594,121.50651,5
500113008,20231003,892,43,38,1,25.02594,121.50651,5
500113008,20231003,893,43,38,1,25.02594,121.50651,5
500113008,20231003,894,43,38,1,25.02594,121.50651,5
500113008,20231003,895,43,39,1,25.02594,121.50651,4
500113008,20231003,896,43,39,1,25.02594,121.50651,4
500113008,20231003,897,43,39,1,25.02594,121.50651,4
500113008,20231003,898,43,39,1,25.02594,121.50651,4
500113008,20231003,899,43,39,1,25.02594,121.50651,4
500113008,20231003,901,43,39,1,25.02594,121.50651,4
500113008,20231003,902,43,39,1,25.02594,121.50651,4
500113008,20231003,903,43,39,1,25.02594,121.50651,4
500113008,20231003,904,43,39,1,25.02594,121.50651,4
500113008,20231003,905,43,39,1,25.02594,121.50651,4
500113008,20231003,906,43,39,1,25.02594,121.50651,4
500113008,20231003,907,43,39,1,25.02594,121.50651,4
500113008,20231003,908,43,39,1,25.02594,121.50651,4
500113008,20231003,909,43,39,1,25.02594,121.50651,4
500113008,20231003,910,43,39,1,25.02594,121.50651,4
500113008,20231003,911,43,39,1,25.02594,121.50651,4
500113008,20231003,912,43,39,1,25.02594,121.50651,4
500113008,20231003,913,43,40,1,25.02594,121.50651,3
500113008,20231003,914,43,40,1,25.02594,121.50651,3
500113008,20231003,915,43,40,1,25.02594,121.50651,3
500113008,20231003,916,43,40,1,25.02594,121.50651,3
500113008,20231003,917,43,40,1,25.02594,121.50651,3
500113008,20231003,918,43,40,1,25.02594,121.50651,3
500113008,20231003,919,43,40,1,25.02594,121.50651,3
500113008,20231003,921,43,40,1,25.02594,121.50651,3
500113008,20231003,922,43,40,1,25.02594,121.50651,3
500113008,20231003,923,43,40,1,25.02594,121.50651,3
500113008,20231003,924,43,40,1,25.02594,121.50651,3
500113008,20231003,925,43,40,1,25.02594,121.50651,3
500113008,20231003,926,43,40,1,25.02594,121.50651,3
500113008,20231003,927,43,40,1,25.02594,121.50651,3
500113008,20231003,928,43,40,1,25.02594,121.50651,3
500113008,20231003,929,43,40,1,25.02594,121.50651,3
500113008,20231003,930,43,40,1,25.02594,121.50651,3
500113008,20231003,931,43,40,1,25.02594,121.50651,3
500113008,20231003,932,43,40,1,25.02594,121.50651,3
500113008,20231003,933,43,40,1,25.02594,121.50651,3
500113008,20231003,934,43,40,1,25.02594,121.50651,3
500113008,20231003,935,43,40,1,25.02594,121.50651,3
500113008,20231003,936,43,40,1,25.02594,121.50651,3
500113008,20231003,937,43,40,1,25.02594,121.50651,3
500113008,20231003,938,43,41,1,25.02594,121.50651,2
500113008,20231003,939,43,41,1,25.02594,121.50651,2
500113008,20231003,940,43,41,1,25.02594,121.50651,2
500113008,20231003,941,43,41,1,25.02594,121.50651,2
500113008,20231003,942,43,41,1,25.02594,121.50651,2
500113008,20231003,943,43,41,1,25.02594,121.50651,2
500113008,20231003,944,43,41,1,25.02594,121.50651,2
500113008,20231003,945,43,41,1,25.02594,121.50651,2
500113008,20231003,946,43,41,1,25.02594,121.50651,2
500113008,20231003,947,43,41,1,25.02594,121.50651,2
500113008,20231003,948,43,41,1,25.02594,121.50651,2
500113008,20231003,949,43,41,1,25.02594,121.50651,2
500113008,20231003,950,43,41,1,25.02594,121.50651,2
500113008,20231003,951,43,41,1,25.02594,121.50651,2
500113008,20231003,952,43,41,1,25.02594,121.50651,2
500113008,20231003,953,43,41,1,25.02594,121.50651,2
500113008,20231003,954,43,41,1,25.02594,121.50651,2
500113008,20231003,955,43,41,1,25.02594,121.50651,2
500113008,20231003,956,43,41,1,25.02594,121.50651,2
500113008,20231003,957,43,41,1,25.02594,121.50651,2
500113008,20231003,958,43,41,1,25.02594,121.50651,2
500113008,20231003,959,43,41,1,25.02594,121.50651,2
500113008,20231003,961,43,41,1,25.02594,121.50651,2
500113008,20231003,962,43,41,1,25.02594,121.50651,2
500113008,20231003,963,43,41,1,25.02594,121.50651,2
500113008,20231003,964,43,41,1,25.02594,121.50651,2
500113008,20231003,965,43,41,1,25.02594,121.50651,2
500113008,20231003,966,43,41,1,25.02594,121.50651,2
500113008,20231003,967,43,41,1,25.02594,121.50651,2
500113008,20231003,968,43,41,1,25.02594,121.50651,2
500113008,20231003,969,43,41,1,25.02594,121.50651,2
500113008,20231003,970,43,41,1,25.02594,121.50651,2
500113008,20231003,971,43,41,1,25.02594,121.50651,2
500113008,20231003,972,43,41,1,25.02594,121.50651,2
500113008,20231003,973,43,41,1,25.02594,121.50651,2
500113008,20231003,974,43,41,1,25.02594,121.50651,2
500113008,20231003,975,43,41,1,25.02594,121.50651,2
500113008,20231003,976,43,41,1,25.02594,121.50651,2
500113008,20231003,977,43,41,1,25.02594,121.50651,2
500113008,20231003,978,43,42,1,25.02594,121.50651,1
500113008,20231003,979,43,42,1,25.02594,121.50651,1
500113008,20231003,981,43,42,1,25.02594,121.50651,1
500113008,20231003,982,43,42,1,25.02594,121.50651,1
500113008,20231003,983,43,42,1,25.02594,121.50651,1
500113008,20231003,984,43,42,1,25.02594,121.50651,1
500113008,20231003,985,43,42,1,25.02594,121.50651,1
500113008,20231003,986,43,40,1,25.02594,121.50651,3
500113008,20231003,987,43,40,1,25.02594,121.50651,3
500113008,20231003,988,43,40,1,25.02594,121.50651,3
500113008,20231003,989,43,40,1,25.02594,121.50651,3
500113008,20231003,991,43,39,1,25.02594,121.50651,4
500113008,20231003,992,43,39,1,25.02594,121.50651,4
500113008,20231003,993,43,39,1,25.02594,121.50651,4
500113008,20231003,994,43,39,1,25.02594,121.50651,4
500113008,20231003,995,43,39,1,25.02594,121.50651,4
500113008,20231003,996,43,39,1,25.02594,121.50651,4
500113008,20231003,997,43,39,1,25.02594,121.50651,4
500113008,20231003,998,43,39,1,25.02594,121.50651,4
500113008,20231003,999,43,39,1,25.02594,121.50651,4
500113008,20231003,1000,43,38,1,25.02594,121.50651,5
500113008,20231003,1001,43,38,1,25.02594,121.50651,5
500113008,20231003,1002,43,37,1,25.02594,121.50651,6
500113008,20231003,1003,43,36,1,25.02594,121.50651,7
500113008,20231003,1004,43,36,1,25.02594,121.50651,7
500113008,20231003,1005,43,36,1,25.02594,121.50651,7
500113008,20231003,1006,43,36,1,25.02594,121.50651,7
500113008,20231003,1007,43,35,1,25.02594,121.50651,8
500113008,20231003,1008,43,35,1,25.02594,121.50651,8
500113008,20231003,1009,43,35,1,25.02594,121.50651,8
500113008,20231003,1010,43,35,1,25.02594,121.50651,8
500113008,20231003,1011,43,35,1,25.02594,121.50651,8
500113008,20231003,1012,43,35,1,25.02594,121.50651,8
500113008,20231003,1013,43,35,1,25.02594,121.50651,8
500113008,20231003,1014,43,35,1,25.02594,121.50651,8
500113008,20231003,1015,43,35,1,25.02594,121.50651,8
500113008,20231003,1016,43,34,1,25.02594,121.50651,9
500113008,20231003,1017,43,33,1,25.02594,121.50651,10
500113008,20231003,1018,43,34,1,25.02594,121.50651,9
500113008,20231003,1019,43,34,1,25.02594,121.50651,9
500113008,20231003,1021,43,34,1,25.02594,121.50651,9
500113008,20231003,1022,43,34,1,25.02594,121.50651,9
500113008,20231003,1023,43,34,1,25.02594,121.50651,9
500113008,20231003,1024,43,34,1,25.02594,121.50651,9
500113008,20231003,1025,43,33,1,25.02594,121.50651,10
500113008,20231003,1026,43,33,1,25.02594,121.50651,10
500113008,20231003,1027,43,33,1,25.02594,121.50651,10
500113008,20231003,1028,43,33,1,25.02594,121.50651,10
500113008,20231003,1029,43,33,1,25.02594,121.50651,10
500113008,20231003,1030,43,33,1,25.02594,121.50651,10
500113008,20231003,1031,43,33,1,25.02594,121.50651,10
500113008,20231003,1032,43,33,1,25.02594,121.50651,10
500113008,20231003,1033,43,33,1,25.02594,121.50651,10
500113008,20231003,1034,43,33,1,25.02594,121.50651,10
500113008,20231003,1035,43,33,1,25.02594,121.50651,10
500113008,20231003,1036,43,33,1,25.02594,121.50651,10
500113008,20231003,1037,43,33,1,25.02594,121.50651,10
500113008,20231003,1038,43,33,1,25.02594,121.50651,10
500113008,20231003,1039,43,33,1,25.02594,121.50651,10
500113008,20231003,1041,43,32,1,25.02594,121.50651,11
500113008,20231003,1042,43,32,1,25.02594,121.50651,11
500113008,20231003,1043,43,32,1,25.02594,121.50651,11
500113008,20231003,1044,43,32,1,25.02594,121.50651,11
500113008,20231003,1045,43,32,1,25.02594,121.50651,11
500113008,20231003,1046,43,32,1,25.02594,121.50651,11
500113008,20231003,1047,43,32,1,25.02594,121.50651,11
500113008,20231003,1048,43,32,1,25.02594,121.50651,11
500113008,20231003,1049,43,32,1,25.02594,121.50651,11
500113008,20231003,1051,43,32,1,25.02594,121.50651,11
500113008,20231003,1052,43,32,1,25.02594,121.50651,11
500113008,20231003,1053,43,32,1,25.02594,121.50651,11
500113008,20231003,1054,43,32,1,25.02594,121.50651,11
500113008,20231003,1055,43,33,1,25.02594,121.50651,10
500113008,20231003,1056,43,33,1,25.02594,121.50651,10
500113008,20231003,1057,43,33,1,25.02594,121.50651,10
500113008,20231003,1058,43,33,1,25.02594,121.50651,10
500113008,20231003,1060,43,33,1,25.02594,121.50651,10
500113008,20231003,1061,43,33,1,25.02594,121.50651,10
500113008,20231003,1062,43,32,1,25.02594,121.50651,11
500113008,20231003,1063,43,32,1,25.02594,121.50651,11
500113008,20231003,1064,43,32,1,25.02594,121.50651,11
500113008,20231003,1065,43,32,1,25.02594,121.50651,11
500113008,20231003,1066,43,32,1,25.02594,121.50651,11
500113008,20231003,1067,43,32,1,25.02594,121.50651,11
500113008,20231003,1068,43,32,1,25.02594,121.50651,11
500113008,20231003,1069,43,32,1,25.02594,121.50651,11
500113008,20231003,1070,43,32,1,25.02594,121.50651,11
500113008,20231003,1071,43,32,1,25.02594,121.50651,11
500113008,20231003,1072,43,32,1,25.02594,121.50651,11
500113008,20231003,1073,43,32,1,25.02594,121.50651,11
500113008,20231003,1074,43,32,1,25.02594,121.50651,11
500113008,20231003,1075,43,32,1,25.02594,121.50651,11
500113008,20231003,1076,43,32,1,25.02594,121.50651,11
500113008,20231003,1077,43,32,1,25.02594,121.50651,11
500113008,20231003,1078,43,32,1,25.02594,121.50651,11
500113008,20231003,1079,43,33,1,25.02594,121.50651,10
500113008,20231003,1081,43,33,1,25.02594,121.50651,10
500113008,20231003,1082,43,33,1,25.02594,121.50651,10
500113008,20231003,1083,43,33,1,25.02594,121.50651,10
500113008,20231003,1084,43,33,1,25.02594,121.50651,10
500113008,20231003,1085,43,33,1,25.02594,121.50651,10
500113008,20231003,1086,43,33,1,25.02594,121.50651,10
500113008,20231003,1087,43,33,1,25.02594,121.50651,10
500113008,20231003,1088,43,33,1,25.02594,121.50651,10
500113008,20231003,1089,43,33,1,25.02594,121.50651,10
500113008,20231003,1090,43,33,1,25.02594,121.50651,10
500113008,20231003,1091,43,33,1,25.02594,121.50651,10
500113008,20231003,1092,43,32,1,25.02594,121.50651,11
500113008,20231003,1093,43,32,1,25.02594,121.50651,11
500113008,20231003,1094,43,32,1,25.02594,121.50651,11
500113008,20231003,1095,43,32,1,25.02594,121.50651,11
500113008,20231003,1096,43,32,1,25.02594,121.50651,11
500113008,20231003,1097,43,32,1,25.02594,121.50651,11
500113008,20231003,1098,43,32,1,25.02594,121.50651,11
500113008,20231003,1099,43,32,1,25.02594,121.50651,11
500113008,20231003,1101,43,32,1,25.02594,121.50651,11
500113008,20231003,1102,43,32,1,25.02594,121.50651,11
500113008,20231003,1103,43,32,1,25.02594,121.50651,11
500113008,20231003,1104,43,32,1,25.02594,121.50651,11
500113008,20231003,1105,43,31,1,25.02594,121.50651,12
500113008,20231003,1106,43,31,1,25.02594,121.50651,12
500113008,20231003,1107,43,31,1,25.02594,121.50651,12
500113008,20231003,1108,43,31,1,25.02594,121.50651,12
500113008,20231003,1109,43,31,1,25.02594,121.50651,12
500113008,20231003,1111,43,31,1,25.02594,121.50651,12
500113008,20231003,1112,43,30,1,25.02594,121.50651,13
500113008,20231003,1113,43,30,1,25.02594,121.50651,13
500113008,20231003,1114,43,30,1,25.02594,121.50651,13
500113008,20231003,1115,43,30,1,25.02594,121.50651,13
500113008,20231003,1116,43,30,1,25.02594,121.50651,13
500113008,20231003,1117,43,30,1,25.02594,121.50651,13
500113008,20231003,1118,43,30,1,25.02594,121.50651,13
500113008,20231003,1119,43,30,1,25.02594,121.50651,13
500113008,20231003,1120,43,30,1,25.02594,121.50651,13
500113008,20231003,1121,43,30,1,25.02594,121.50651,13
500113008,20231003,1122,43,30,1,25.02594,121.50651,13
500113008,20231003,1123,43,30,1,25.02594,121.50651,13
500113008,20231003,1124,43,30,1,25.02594,121.50651,13
500113008,20231003,1125,43,30,1,25.02594,121.50651,13
500113008,20231003,1126,43,30,1,25.02594,121.50651,13
500113008,20231003,1127,43,30,1,25.02594,121.50651,13
500113008,20231003,1128,43,30,1,25.02594,121.50651,13
500113008,20231003,1129,43,30,1,25.02594,121.50651,13
500113008,20231003,1130,43,29,1,25.02594,121.50651,14
500113008,20231003,1131,43,29,1,25.02594,121.50651,14
500113008,20231003,1132,43,29,1,25.02594,121.50651,14
500113008,20231003,1133,43,29,1,25.02594,121.50651,14
500113008,20231003,1134,43,29,1,25.02594,121.50651,14
500113008,20231003,1135,43,29,1,25.02594,121.50651,14
500113008,20231003,1136,43,28,1,25.02594,121.50651,15
500113008,20231003,1137,43,28,1,25.02594,121.50651,15
500113008,20231003,1138,43,28,1,25.02594,121.50651,15
500113008,20231003,1139,43,28,1,25.02594,121.50651,15
500113008,20231003,1141,43,28,1,25.02594,121.50651,15
500113008,20231003,1142,43,28,1,25.02594,121.50651,15
500113008,20231003,1143,43,28,1,25.02594,121.50651,15
500113008,20231003,1144,43,28,1,25.02594,121.50651,15
500113008,20231003,1145,43,28,1,25.02594,121.50651,15
500113008,20231003,1146,43,28,1,25.02594,121.50651,15
500113008,20231003,1147,43,28,1,25.02594,121.50651,15
500113008,20231003,1148,43,28,1,25.02594,121.50651,15
500113008,20231003,1149,43,28,1,25.02594,121.50651,15
500113008,20231003,1150,43,28,1,25.02594,121.50651,15
500113008,20231003,1151,43,28,1,25.02594,121.50651,15
500113008,20231003,1152,43,28,1,25.02594,121.50651,15
500113008,20231003,1153,43,28,1,25.02594,121.50651,15
500113008,20231003,1154,43,29,1,25.02594,121.50651,14
500113008,20231003,1155,43,29,1,25.02594,121.50651,14
500113008,20231003,1156,43,29,1,25.02594,121.50651,14
500113008,20231003,1157,43,29,1,25.02594,121.50651,14
500113008,20231003,1158,43,29,1,25.02594,121.50651,14
500113008,20231003,1159,43,29,1,25.02594,121.50651,14
500113008,20231003,1161,43,29,1,25.02594,121.50651,14
500113008,20231003,1162,43,29,1,25.02594,121.50651,14
500113008,20231003,1163,43,29,1,25.02594,121.50651,14
500113008,20231003,1164,43,29,1,25.02594,121.50651,14
500113008,20231003,1165,43,28,1,25.02594,121.50651,15
500113008,20231003,1166,43,28,1,25.02594,121.50651,15
500113008,20231003,1167,43,28,1,25.02594,121.50651,15
500113008,20231003,1168,43,28,1,25.02594,121.50651,15
500113008,20231003,1169,43,28,1,25.02594,121.50651,15
500113008,20231003,1171,43,26,1,25.02594,121.50651,17
500113008,20231003,1172,43,26,1,25.02594,121.50651,17
500113008,20231003,1173,43,26,1,25.02594,121.50651,17
500113008,20231003,1174,43,26,1,25.02594,121.50651,17
500113008,20231003,1175,43,26,1,25.02594,121.50651,17
500113008,20231003,1176,43,26,1,25.02594,121.50651,17
500113008,20231003,1177,43,27,1,25.02594,121.50651,16
500113008,20231003,1178,43,27,1,25.02594,121.50651,16
500113008,20231003,1179,43,27,1,25.02594,121.50651,16
500113008,20231003,1180,43,27,1,25.02594,121.50651,16
500113008,20231003,1181,43,27,1,25.02594,121.50651,16
500113008,20231003,1182,43,27,1,25.02594,121.50651,16
500113008,20231003,1183,43,27,1,25.02594,121.50651,16
500113008,20231003,1184,43,27,1,25.02594,121.50651,16
500113008,20231003,1185,43,27,1,25.02594,121.50651,16
500113008,20231003,1186,43,27,1,25.02594,121.50651,16
500113008,20231003,1187,43,27,1,25.02594,121.50651,16
500113008,20231003,1188,43,27,1,25.02594,121.50651,16
500113008,20231003,1189,43,27,1,25.02594,121.50651,16
500113008,20231003,1190,43,27,1,25.02594,121.50651,16
500113008,20231003,1191,43,28,1,25.02594,121.50651,15
500113008,20231003,1192,43,28,1,25.02594,121.50651,15
500113008,20231003,1193,43,28,1,25.02594,121.50651,15
500113008,20231003,1194,43,29,1,25.02594,121.50651,14
500113008,20231003,1195,43,29,1,25.02594,121.50651,14
500113008,20231003,1196,43,29,1,25.02594,121.50651,14
500113008,20231003,1197,43,29,1,25.02594,121.50651,14
500113008,20231003,1198,43,29,1,25.02594,121.50651,14
500113008,20231003,1199,43,29,1,25.02594,121.50651,14
500113008,20231003,1201,43,29,1,25.02594,121.50651,14
500113008,20231003,1202,43,28,1,25.02594,121.50651,15
500113008,20231003,1203,43,28,1,25.02594,121.50651,15
500113008,20231003,1204,43,28,1,25.02594,121.50651,15
500113008,20231003,1205,43,28,1,25.02594,121.50651,15
500113008,20231003,1206,43,28,1,25.02594,121.50651,15
500113008,20231003,1207,43,28,1,25.02594,121.50651,15
500113008,20231003,1208,43,28,1,25.02594,121.50651,15
500113008,20231003,1209,43,28,1,25.02594,121.50651,15
500113008,20231003,1210,43,28,1,25.02594,121.50651,15
500113008,20231003,1211,43,28,1,25.02594,121.50651,15
500113008,20231003,1212,43,28,1,25.02594,121.50651,15
500113008,20231003,1213,43,28,1,25.02594,121.50651,15
500113008,20231003,1214,43,28,1,25.02594,121.50651,15
500113008,20231003,1215,43,28,1,25.02594,121.50651,15
500113008,20231003,1216,43,28,1,25.02594,121.50651,15
500113008,20231003,1217,43,28,1,25.02594,121.50651,15
500113008,20231003,1218,43,28,1,25.02594,121.50651,15
500113008,20231003,1219,43,28,1,25.02594,121.50651,15
500113008,20231003,1221,43,28,1,25.02594,121.50651,15
500113008,20231003,1222,43,28,1,25.02594,121.50651,15
500113008,20231003,1223,43,28,1,25.02594,121.50651,15
500113008,20231003,1224,43,28,1,25.02594,121.50651,15
500113008,20231003,1225,43,28,1,25.02594,121.50651,15
500113008,20231003,1226,43,28,1,25.02594,121.50651,15
500113008,20231003,1227,43,28,1,25.02594,121.50651,15
500113008,20231003,1228,43,28,1,25.02594,121.50651,15
500113008,20231003,1229,43,28,1,25.02594,121.50651,15
500113008,20231003,1230,43,28,1,25.02594,121.50651,15
500113008,20231003,1231,43,29,1,25.02594,121.50651,14
500113008,20231003,1232,43,29,1,25.02594,121.50651,14
500113008,20231003,1233,43,30,1,25.02594,121.50651,13
500113008,20231003,1234,43,30,1,25.02594,121.50651,13
500113008,20231003,1235,43,30,1,25.02594,121.50651,13
500113008,20231003,1236,43,30,1,25.02594,121.50651,13
500113008,20231003,1237,43,30,1,25.02594,121.50651,13
500113008,20231003,1238,43,30,1,25.02594,121.50651,13
500113008,20231003,1239,43,30,1,25.02594,121.50651,13
500113008,20231003,1240,43,30,1,25.02594,121.50651,13
500113008,20231003,1241,43,30,1,25.02594,121.50651,13
500113008,20231003,1242,43,30,1,25.02594,121.50651,13
500113008,20231003,1243,43,30,1,25.02594,121.50651,13
500113008,20231003,1244,43,30,1,25.02594,121.50651,13
500113008,20231003,1245,43,30,1,25.02594,121.50651,13
500113008,20231003,1246,43,30,1,25.02594,121.50651,13
500113008,20231003,1247,43,30,1,25.02594,121.50651,13
500113008,20231003,1248,43,30,1,25.02594,121.50651,13
500113008,20231003,1249,43,29,1,25.02594,121.50651,14
500113008,20231003,1250,43,29,1,25.02594,121.50651,14
500113008,20231003,1251,43,29,1,25.02594,121.50651,14
500113008,20231003,1252,43,29,1,25.02594,121.50651,14
500113008,20231003,1253,43,29,1,25.02594,121.50651,14
500113008,20231003,1254,43,29,1,25.02594,121.50651,14
500113008,20231003,1255,43,29,1,25.02594,121.50651,14
500113008,20231003,1256,43,29,1,25.02594,121.50651,14
500113008,20231003,1257,43,29,1,25.02594,121.50651,14
500113008,20231003,1258,43,29,1,25.02594,121.50651,14
500113008,20231003,1259,43,29,1,25.02594,121.50651,14
500113008,20231003,1261,43,29,1,25.02594,121.50651,14
500113008,20231003,1262,43,29,1,25.02594,121.50651,14
500113008,20231003,1263,43,29,1,25.02594,121.50651,14
500113008,20231003,1264,43,29,1,25.02594,121.50651,14
500113008,20231003,1265,43,29,1,25.02594,121.50651,14
500113008,20231003,1266,43,29,1,25.02594,121.50651,14
500113008,20231003,1267,43,29,1,25.02594,121.50651,14
500113008,20231003,1268,43,29,1,25.02594,121.50651,14
500113008,20231003,1269,43,29,1,25.02594,121.50651,14
500113008,20231003,1270,43,29,1,25.02594,121.50651,14
500113008,20231003,1271,43,29,1,25.02594,121.50651,14
500113008,20231003,1272,43,29,1,25.02594,121.50651,14
500113008,20231003,1273,43,30,1,25.02594,121.50651,13
500113008,20231003,1274,43,30,1,25.02594,121.50651,13
500113008,20231003,1275,43,30,1,25.02594,121.50651,13
500113008,20231003,1276,43,30,1,25.02594,121.50651,13
500113008,20231003,1277,43,30,1,25.02594,121.50651,13
500113008,20231003,1278,43,31,1,25.02594,121.50651,12
500113008,20231003,1279,43,31,1,25.02594,121.50651,12
500113008,20231003,1281,43,31,1,25.02594,121.50651,12
500113008,20231003,1282,43,31,1,25.02594,121.50651,12
500113008,20231003,1283,43,31,1,25.02594,121.50651,12
500113008,20231003,1284,43,31,1,25.02594,121.50651,12
500113008,20231003,1285,43,31,1,25.02594,121.50651,12
500113008,20231003,1286,43,31,1,25.02594,121.50651,12
500113008,20231003,1287,43,31,1,25.02594,121.50651,12
500113008,20231003,1288,43,31,1,25.02594,121.50651,12
500113008,20231003,1289,43,31,1,25.02594,121.50651,12
500113008,20231003,1290,43,31,1,25.02594,121.50651,12
500113008,20231003,1291,43,31,1,25.02594,121.50651,12
500113008,20231003,1292,43,31,1,25.02594,121.50651,12
500113008,20231003,1293,43,31,1,25.02594,121.50651,12
500113008,20231003,1294,43,31,1,25.02594,121.50651,12
500113008,20231003,1295,43,31,1,25.02594,121.50651,12
500113008,20231003,1296,43,31,1,25.02594,121.50651,12
500113008,20231003,1297,43,31,1,25.02594,121.50651,12
500113008,20231003,1298,43,32,1,25.02594,121.50651,11
500113008,20231003,1299,43,32,1,25.02594,121.50651,11
500113008,20231003,1300,43,32,1,25.02594,121.50651,11
500113008,20231003,1301,43,32,1,25.02594,121.50651,11
500113008,20231003,1302,43,32,1,25.02594,121.50651,11
500113008,20231003,1303,43,32,1,25.02594,121.50651,11
500113008,20231003,1304,43,32,1,25.02594,121.50651,11
500113008,20231003,1305,43,32,1,25.02594,121.50651,11
500113008,20231003,1306,43,32,1,25.02594,121.50651,11
500113008,20231003,1307,43,32,1,25.02594,121.50651,11
500113008,20231003,1308,43,32,1,25.02594,121.50651,11
500113008,20231003,1309,43,32,1,25.02594,121.50651,11
500113008,20231003,1310,43,32,1,25.02594,121.50651,11
500113008,20231003,1311,43,32,1,25.02594,121.50651,11
500113008,20231003,1312,43,32,1,25.02594,121.50651,11
500113008,20231003,1313,43,32,1,25.02594,121.50651,11
500113008,20231003,1314,43,32,1,25.02594,121.50651,11
500113008,20231003,1315,43,32,1,25.02594,121.50651,11
500113008,20231003,1316,43,32,1,25.02594,121.50651,11
500113008,20231003,1317,43,32,1,25.02594,121.50651,11
500113008,20231003,1318,43,32,1,25.02594,121.50651,11
500113008,20231003,1319,43,32,1,25.02594,121.50651,11
500113008,20231003,1321,43,32,1,25.02594,121.50651,11
500113008,20231003,1322,43,32,1,25.02594,121.50651,11
500113008,20231003,1323,43,32,1,25.02594,121.50651,11
500113008,20231003,1324,43,32,1,25.02594,121.50651,11
500113008,20231003,1325,43,32,1,25.02594,121.50651,11
500113008,20231003,1326,43,32,1,25.02594,121.50651,11
500113008,20231003,1327,43,33,1,25.02594,121.50651,10
500113008,20231003,1328,43,33,1,25.02594,121.50651,10
500113008,20231003,1329,43,33,1,25.02594,121.50651,10
500113008,20231003,1330,43,33,1,25.02594,121.50651,10
500113008,20231003,1331,43,33,1,25.02594,121.50651,10
500113008,20231003,1332,43,33,1,25.02594,121.50651,10
500113008,20231003,1333,43,33,1,25.02594,121.50651,10
500113008,20231003,1334,43,33,1,25.02594,121.50651,10
500113008,20231003,1335,43,33,1,25.02594,121.50651,10
500113008,20231003,1336,43,33,1,25.02594,121.50651,10
500113008,20231003,1337,43,33,1,25.02594,121.50651,10
500113008,20231003,1338,43,33,1,25.02594,121.50651,10
500113008,20231003,1339,43,33,1,25.02594,121.50651,10
500113008,20231003,1341,43,33,1,25.02594,121.50651,10
500113008,20231003,1342,43,33,1,25.02594,121.50651,10
500113008,20231003,1343,43,33,1,25.02594,121.50651,10
500113008,20231003,1344,43,33,1,25.02594,121.50651,10
500113008,20231003,1345,43,33,1,25.02594,121.50651,10
500113008,20231003,1346,43,33,1,25.02594,121.50651,10
500113008,20231003,1347,43,33,1,25.02594,121.50651,10
500113008,20231003,1348,43,33,1,25.02594,121.50651,10
500113008,20231003,1349,43,33,1,25.02594,121.50651,10
500113008,20231003,1350,43,34,1,25.02594,121.50651,9
500113008,20231003,1352,43,33,1,25.02594,121.50651,10
500113008,20231003,1353,43,33,1,25.02594,121.50651,10
500113008,20231003,1354,43,33,1,25.02594,121.50651,10
500113008,20231003,1355,43,33,1,25.02594,121.50651,10
500113008,20231003,1356,43,33,1,25.02594,121.50651,10
500113008,20231003,1357,43,33,1,25.02594,121.50651,10
500113008,20231003,1358,43,33,1,25.02594,121.50651,10
500113008,20231003,1359,43,33,1,25.02594,121.50651,10
500113008,20231003,1360,43,33,1,25.02594,121.50651,10
500113008,20231003,1361,43,33,1,25.02594,121.50651,10
500113008,20231003,1362,43,33,1,25.02594,121.50651,10
500113008,20231003,1363,43,33,1,25.02594,121.50651,10
500113008,20231003,1364,43,33,1,25.02594,121.50651,10
500113008,20231003,1365,43,33,1,25.02594,121.50651,10
500113008,20231003,1366,43,33,1,25.02594,121.50651,10
500113008,20231003,1367,43,33,1,25.02594,121.50651,10
500113008,20231003,1368,43,33,1,25.02594,121.50651,10
500113008,20231003,1369,43,33,1,25.02594,121.50651,10
500113008,20231003,1370,43,33,1,25.02594,121.50651,10
500113008,20231003,1371,43,33,1,25.02594,121.50651,10
500113008,20231003,1372,43,33,1,25.02594,121.50651,10
500113008,20231003,1373,43,33,1,25.02594,121.50651,10
500113008,20231003,1374,43,33,1,25.02594,121.50651,10
500113008,20231003,1375,43,33,1,25.02594,121.50651,10
500113008,20231003,1376,43,33,1,25.02594,121.50651,10
500113008,20231003,1377,43,33,1,25.02594,121.50651,10
500113008,20231003,1378,43,33,1,25.02594,121.50651,10
500113008,20231003,1379,43,33,1,25.02594,121.50651,10
500113008,20231003,1381,43,33,1,25.02594,121.50651,10
500113008,20231003,1382,43,33,1,25.02594,121.50651,10
500113008,20231003,1383,43,33,1,25.02594,121.50651,10
500113008,20231003,1384,43,33,1,25.02594,121.50651,10
500113008,20231003,1385,43,33,1,25.02594,121.50651,10
500113008,20231003,1386,43,33,1,25.02594,121.50651,10
500113008,20231003,1387,43,33,1,25.02594,121.50651,10
500113008,20231003,1388,43,33,1,25.02594,121.50651,10
500113008,20231003,1389,43,33,1,25.02594,121.50651,10
500113008,20231003,1390,43,33,1,25.02594,121.50651,10
500113008,20231003,1391,43,33,1,25.02594,121.50651,10
500113008,20231003,1392,43,33,1,25.02594,121.50651,10
500113008,20231003,1393,43,32,1,25.02594,121.50651,11
500113008,20231003,1394,43,32,1,25.02594,121.50651,11
500113008,20231003,1395,43,32,1,25.02594,121.50651,11
500113008,20231003,1396,43,32,1,25.02594,121.50651,11
500113008,20231003,1397,43,32,1,25.02594,121.50651,11
500113008,20231003,1398,43,32,1,25.02594,121.50651,11
500113008,20231003,1399,43,32,1,25.02594,121.50651,11
500113008,20231003,1401,43,32,1,25.02594,121.50651,11
500113008,20231003,1402,43,32,1,25.02594,121.50651,11
500113008,20231003,1403,43,32,1,25.02594,121.50651,11
500113008,20231003,1404,43,32,1,25.02594,121.50651,11
500113008,20231003,1405,43,32,1,25.02594,121.50651,11
500113008,20231003,1406,43,32,1,25.02594,121.50651,11
500113008,20231003,1407,43,32,1,25.02594,121.50651,11
500113008,20231003,1408,43,32,1,25.02594,121.50651,11
500113008,20231003,1409,43,32,1,25.02594,121.50651,11
500113008,20231003,1410,43,32,1,25.02594,121.50651,11
500113008,20231003,1411,43,33,1,25.02594,121.50651,10
500113008,20231003,1412,43,33,1,25.02594,121.50651,10
500113008,20231003,1413,43,33,1,25.02594,121.50651,10
500113008,20231003,1414,43,33,1,25.02594,121.50651,10
500113008,20231003,1415,43,33,1,25.02594,121.50651,10
500113008,20231003,1416,43,33,1,25.02594,121.50651,10
500113008,20231003,1417,43,33,1,25.02594,121.50651,10
500113008,20231003,1418,43,33,1,25.02594,121.50651,10
500113008,20231003,1419,43,33,1,25.02594,121.50651,10
500113008,20231003,1420,43,33,1,25.02594,121.50651,10
500113008,20231003,1421,43,33,1,25.02594,121.50651,10
500113008,20231003,1422,43,33,1,25.02594,121.50651,10
500113008,20231003,1423,43,33,1,25.02594,121.50651,10
500113008,20231003,1424,43,33,1,25.02594,121.50651,10
500113008,20231003,1425,43,33,1,25.02594,121.50651,10
500113008,20231003,1426,43,33,1,25.02594,121.50651,10
500113008,20231003,1427,43,33,1,25.02594,121.50651,10
500113008,20231003,1428,43,33,1,25.02594,121.50651,10
500113008,20231003,1429,43,33,1,25.02594,121.50651,10
500113008,20231003,1430,43,33,1,25.02594,121.50651,10
500113008,20231003,1431,43,33,1,25.02594,121.50651,10
500113008,20231003,1432,43,33,1,25.02594,121.50651,10
500113008,20231003,1433,43,33,1,25.02594,121.50651,10
500113008,20231003,1434,43,33,1,25.02594,121.50651,10
500113008,20231003,1435,43,33,1,25.02594,121.50651,10
500113008,20231003,1436,43,33,1,25.02594,121.50651,10
500113008,20231003,1437,43,33,1,25.02594,121.50651,10
500113008,20231003,1438,43,33,1,25.02594,121.50651,10
500113008,20231003,1439,43,33,1,25.02594,121.50651,10
500113008,20231004,1,43,33,1,25.02594,121.50651,10
500113008,20231004,2,43,33,1,25.02594,121.50651,10
500113008,20231004,3,43,33,1,25.02594,121.50651,10
500113008,20231004,4,43,33,1,25.02594,121.50651,10
500113008,20231004,5,43,33,1,25.02594,121.50651,10
500113008,20231004,6,43,32,1,25.02594,121.50651,11
500113008,20231004,7,43,32,1,25.02594,121.50651,11
500113008,20231004,8,43,33,1,25.02594,121.50651,10
500113008,20231004,9,43,33,1,25.02594,121.50651,10
500113008,20231004,10,43,33,1,25.02594,121.50651,10
500113008,20231004,11,43,33,1,25.02594,121.50651,10
500113008,20231004,12,43,33,1,25.02594,121.50651,10
500113008,20231004,13,43,33,1,25.02594,121.50651,10
500113008,20231004,14,43,33,1,25.02594,121.50651,10
500113008,20231004,15,43,33,1,25.02594,121.50651,10
500113008,20231004,16,43,33,1,25.02594,121.50651,10
500113008,20231004,17,43,33,1,25.02594,121.50651,10
500113008,20231004,18,43,33,1,25.02594,121.50651,10
500113008,20231004,19,43,33,1,25.02594,121.50651,10
500113008,20231004,21,43,32,1,25.02594,121.50651,11
500113008,20231004,22,43,32,1,25.02594,121.50651,11
500113008,20231004,23,43,32,1,25.02594,121.50651,11
500113008,20231004,24,43,32,1,25.02594,121.50651,11
500113008,20231004,25,43,32,1,25.02594,121.50651,11
500113008,20231004,26,43,32,1,25.02594,121.50651,11
500113008,20231004,27,43,32,1,25.02594,121.50651,11
500113008,20231004,28,43,32,1,25.02594,121.50651,11
500113008,20231004,29,43,32,1,25.02594,121.50651,11
500113008,20231004,30,43,31,1,25.02594,121.50651,12
500113008,20231004,31,43,31,1,25.02594,121.50651,12
500113008,20231004,32,43,31,1,25.02594,121.50651,12
500113008,20231004,33,43,32,1,25.02594,121.50651,11
500113008,20231004,34,43,32,1,25.02594,121.50651,11
500113008,20231004,35,43,32,1,25.02594,121.50651,11
500113008,20231004,36,43,32,1,25.02594,121.50651,11
500113008,20231004,37,43,32,1,25.02594,121.50651,11
500113008,20231004,38,43,32,1,25.02594,121.50651,11
500113008,20231004,39,43,32,1,25.02594,121.50651,11
500113008,20231004,40,43,32,1,25.02594,121.50651,11
500113008,20231004,41,43,32,1,25.02594,121.50651,11
500113008,20231004,42,43,32,1,25.02594,121.50651,11
500113008,20231004,43,43,32,1,25.02594,121.50651,11
500113008,20231004,44,43,32,1,25.02594,121.50651,11
500113008,20231004,45,43,32,1,25.02594,121.50651,11
500113008,20231004,46,43,32,1,25.02594,121.50651,11
500113008,20231004,47,43,32,1,25.02594,121.50651,11
500113008,20231004,48,43,32,1,25.02594,121.50651,11
500113008,20231004,49,43,32,1,25.02594,121.50651,11
500113008,20231004,50,43,32,1,25.02594,121.50651,11
500113008,20231004,51,43,32,1,25.02594,121.50651,11
500113008,20231004,52,43,32,1,25.02594,121.50651,11
500113008,20231004,53,43,32,1,25.02594,121.50651,11
500113008,20231004,54,43,32,1,25.02594,121.50651,11
500113008,20231004,55,43,32,1,25.02594,121.50651,11
500113008,20231004,56,43,32,1,25.02594,121.50651,11
500113008,20231004,57,43,32,1,25.02594,121.50651,11
500113008,20231004,58,43,32,1,25.02594,121.50651,11
500113008,20231004,59,43,32,1,25.02594,121.50651,11
500113008,20231004,60,43,32,1,25.02594,121.50651,11
500113008,20231004,61,43,32,1,25.02594,121.50651,11
500113008,20231004,62,43,32,1,25.02594,121.50651,11
500113008,20231004,63,43,32,1,25.02594,121.50651,11
500113008,20231004,64,43,32,1,25.02594,121.50651,11
500113008,20231004,65,43,32,1,25.02594,121.50651,11
500113008,20231004,66,43,32,1,25.02594,121.50651,11
500113008,20231004,67,43,32,1,25.02594,121.50651,11
500113008,20231004,68,43,32,1,25.02594,121.50651,11
500113008,20231004,69,43,32,1,25.02594,121.50651,11
500113008,20231004,70,43,32,1,25.02594,121.50651,11
500113008,20231004,71,43,32,1,25.02594,121.50651,11
500113008,20231004,72,43,32,1,25.02594,121.50651,11
500113008,20231004,73,43,32,1,25.02594,121.50651,11
500113008,20231004,74,43,32,1,25.02594,121.50651,11
500113008,20231004,75,43,32,1,25.02594,121.50651,11
500113008,20231004,76,43,32,1,25.02594,121.50651,11
500113008,20231004,77,43,32,1,25.02594,121.50651,11
500113008,20231004,78,43,32,1,25.02594,121.50651,11
500113008,20231004,79,43,32,1,25.02594,121.50651,11
500113008,20231004,81,43,32,1,25.02594,121.50651,11
500113008,20231004,82,43,32,1,25.02594,121.50651,11
500113008,20231004,83,43,32,1,25.02594,121.50651,11
500113008,20231004,84,43,32,1,25.02594,121.50651,11
500113008,20231004,85,43,32,1,25.02594,121.50651,11
500113008,20231004,86,43,32,1,25.02594,121.50651,11
500113008,20231004,87,43,32,1,25.02594,121.50651,11
500113008,20231004,88,43,32,1,25.02594,121.50651,11
500113008,20231004,89,43,32,1,25.02594,121.50651,11
500113008,20231004,90,43,32,1,25.02594,121.50651,11
500113008,20231004,91,43,32,1,25.02594,121.50651,11
500113008,20231004,92,43,32,1,25.02594,121.50651,11
500113008,20231004,93,43,32,1,25.02594,121.50651,11
500113008,20231004,94,43,32,1,25.02594,121.50651,11
500113008,20231004,95,43,32,1,25.02594,121.50651,11
500113008,20231004,96,43,32,1,25.02594,121.50651,11
500113008,20231004,97,43,32,1,25.02594,121.50651,11
500113008,20231004,98,43,32,1,25.02594,121.50651,11
500113008,20231004,99,43,32,1,25.02594,121.50651,11
500113008,20231004,100,43,32,1,25.02594,121.50651,11
500113008,20231004,101,43,32,1,25.02594,121.50651,11
500113008,20231004,102,43,32,1,25.02594,121.50651,11
500113008,20231004,103,43,32,1,25.02594,121.50651,11
500113008,20231004,104,43,32,1,25.02594,121.50651,11
500113008,20231004,105,43,32,1,25.02594,121.50651,11
500113008,20231004,106,43,32,1,25.02594,121.50651,11
500113008,20231004,107,43,32,1,25.02594,121.50651,11
500113008,20231004,108,43,32,1,25.02594,121.50651,11
500113008,20231004,109,43,32,1,25.02594,121.50651,11
500113008,20231004,110,43,32,1,25.02594,121.50651,11
500113008,20231004,111,43,32,1,25.02594,121.50651,11
500113008,20231004,112,43,32,1,25.02594,121.50651,11
500113008,20231004,113,43,32,1,25.02594,121.50651,11
500113008,20231004,114,43,32,1,25.02594,121.50651,11
500113008,20231004,115,43,32,1,25.02594,121.50651,11
500113008,20231004,116,43,32,1,25.02594,121.50651,11
500113008,20231004,117,43,32,1,25.02594,121.50651,11
500113008,20231004,118,43,32,1,25.02594,121.50651,11
500113008,20231004,119,43,32,1,25.02594,121.50651,11
500113008,20231004,121,43,32,1,25.02594,121.50651,11
500113008,20231004,122,43,32,1,25.02594,121.50651,11
500113008,20231004,123,43,32,1,25.02594,121.50651,11
500113008,20231004,124,43,32,1,25.02594,121.50651,11
500113008,20231004,125,43,32,1,25.02594,121.50651,11
500113008,20231004,126,43,32,1,25.02594,121.50651,11
500113008,20231004,127,43,32,1,25.02594,121.50651,11
500113008,20231004,128,43,32,1,25.02594,121.50651,11
500113008,20231004,129,43,32,1,25.02594,121.50651,11
500113008,20231004,130,43,32,1,25.02594,121.50651,11
500113008,20231004,131,43,32,1,25.02594,121.50651,11
500113008,20231004,132,43,32,1,25.02594,121.50651,11
500113008,20231004,133,43,32,1,25.02594,121.50651,11
500113008,20231004,134,43,32,1,25.02594,121.50651,11
500113008,20231004,135,43,32,1,25.02594,121.50651,11
500113008,20231004,136,43,32,1,25.02594,121.50651,11
500113008,20231004,137,43,32,1,25.02594,121.50651,11
500113008,20231004,138,43,32,1,25.02594,121.50651,11
500113008,20231004,139,43,32,1,25.02594,121.50651,11
500113008,20231004,141,43,32,1,25.02594,121.50651,11
500113008,20231004,142,43,32,1,25.02594,121.50651,11
500113008,20231004,143,43,32,1,25.02594,121.50651,11
500113008,20231004,144,43,32,1,25.02594,121.50651,11
500113008,20231004,145,43,32,1,25.02594,121.50651,11
500113008,20231004,146,43,32,1,25.02594,121.50651,11
500113008,20231004,147,43,32,1,25.02594,121.50651,11
500113008,20231004,148,43,32,1,25.02594,121.50651,11
500113008,20231004,149,43,32,1,25.02594,121.50651,11
500113008,20231004,150,43,32,1,25.02594,121.50651,11
500113008,20231004,151,43,32,1,25.02594,121.50651,11
500113008,20231004,152,43,32,1,25.02594,121.50651,11
500113008,20231004,153,43,32,1,25.02594,121.50651,11
500113008,20231004,154,43,32,1,25.02594,121.50651,11
500113008,20231004,155,43,32,1,25.02594,121.50651,11
500113008,20231004,156,43,32,1,25.02594,121.50651,11
500113008,20231004,157,43,32,1,25.02594,121.50651,11
500113008,20231004,158,43,32,1,25.02594,121.50651,11
500113008,20231004,159,43,32,1,25.02594,121.50651,11
500113008,20231004,160,43,32,1,25.02594,121.50651,11
500113008,20231004,161,43,32,1,25.02594,121.50651,11
500113008,20231004,162,43,32,1,25.02594,121.50651,11
500113008,20231004,163,43,32,1,25.02594,121.50651,11
500113008,20231004,164,43,32,1,25.02594,121.50651,11
500113008,20231004,165,43,32,1,25.02594,121.50651,11
500113008,20231004,166,43,32,1,25.02594,121.50651,11
500113008,20231004,167,43,32,1,25.02594,121.50651,11
500113008,20231004,168,43,32,1,25.02594,121.50651,11
500113008,20231004,169,43,32,1,25.02594,121.50651,11
500113008,20231004,170,43,32,1,25.02594,121.50651,11
500113008,20231004,171,43,32,1,25.02594,121.50651,11
500113008,20231004,172,43,32,1,25.02594,121.50651,11
500113008,20231004,173,43,32,1,25.02594,121.50651,11
500113008,20231004,174,43,32,1,25.02594,121.50651,11
500113008,20231004,175,43,32,1,25.02594,121.50651,11
500113008,20231004,176,43,32,1,25.02594,121.50651,11
500113008,20231004,177,43,32,1,25.02594,121.50651,11
500113008,20231004,178,43,32,1,25.02594,121.50651,11
500113008,20231004,179,43,32,1,25.02594,121.50651,11
500113008,20231004,180,43,32,1,25.02594,121.50651,11
500113008,20231004,181,43,32,1,25.02594,121.50651,11
500113008,20231004,182,43,32,1,25.02594,121.50651,11
500113008,20231004,183,43,32,1,25.02594,121.50651,11
500113008,20231004,184,43,32,1,25.02594,121.50651,11
500113008,20231004,185,43,32,1,25.02594,121.50651,11
500113008,20231004,186,43,32,1,25.02594,121.50651,11
500113008,20231004,187,43,32,1,25.02594,121.50651,11
500113008,20231004,188,43,32,1,25.02594,121.50651,11
500113008,20231004,189,43,32,1,25.02594,121.50651,11
500113008,20231004,190,43,32,1,25.02594,121.50651,11
500113008,20231004,191,43,32,1,25.02594,121.50651,11
500113008,20231004,192,43,32,1,25.02594,121.50651,11
500113008,20231004,193,43,32,1,25.02594,121.50651,11
500113008,20231004,194,43,32,1,25.02594,121.50651,11
500113008,20231004,195,43,32,1,25.02594,121.50651,11
500113008,20231004,196,43,32,1,25.02594,121.50651,11
500113008,20231004,197,43,32,1,25.02594,121.50651,11
500113008,20231004,198,43,32,1,25.02594,121.50651,11
500113008,20231004,199,43,32,1,25.02594,121.50651,11
500113008,20231004,201,43,32,1,25.02594,121.50651,11
500113008,20231004,202,43,32,1,25.02594,121.50651,11
500113008,20231004,203,43,32,1,25.02594,121.50651,11
500113008,20231004,204,43,32,1,25.02594,121.50651,11
500113008,20231004,205,43,32,1,25.02594,121.50651,11
500113008,20231004,206,43,32,1,25.02594,121.50651,11
500113008,20231004,207,43,32,1,25.02594,121.50651,11
500113008,20231004,208,43,32,1,25.02594,121.50651,11
500113008,20231004,209,43,32,1,25.02594,121.50651,11
500113008,20231004,210,43,32,1,25.02594,121.50651,11
500113008,20231004,211,43,32,1,25.02594,121.50651,11
500113008,20231004,212,43,32,1,25.02594,121.50651,11
500113008,20231004,213,43,32,1,25.02594,121.50651,11
500113008,20231004,214,43,32,1,25.02594,121.50651,11
500113008,20231004,216,43,32,1,25.02594,121.50651,11
500113008,20231004,217,43,32,1,25.02594,121.50651,11
500113008,20231004,218,43,32,1,25.02594,121.50651,11
500113008,20231004,219,43,32,1,25.02594,121.50651,11
500113008,20231004,220,43,32,1,25.02594,121.50651,11
500113008,20231004,221,43,32,1,25.02594,121.50651,11
500113008,20231004,222,43,32,1,25.02594,121.50651,11
500113008,20231004,223,43,32,1,25.02594,121.50651,11
500113008,20231004,224,43,32,1,25.02594,121.50651,11
500113008,20231004,225,43,32,1,25.02594,121.50651,11
500113008,20231004,226,43,32,1,25.02594,121.50651,11
500113008,20231004,227,43,32,1,25.02594,121.50651,11
500113008,20231004,228,43,32,1,25.02594,121.50651,11
500113008,20231004,229,43,32,1,25.02594,121.50651,11
500113008,20231004,230,43,32,1,25.02594,121.50651,11
500113008,20231004,231,43,32,1,25.02594,121.50651,11
500113008,20231004,232,43,32,1,25.02594,121.50651,11
500113008,20231004,233,43,32,1,25.02594,121.50651,11
500113008,20231004,234,43,32,1,25.02594,121.50651,11
500113008,20231004,235,43,32,1,25.02594,121.50651,11
500113008,20231004,236,43,32,1,25.02594,121.50651,11
500113008,20231004,237,43,32,1,25.02594,121.50651,11
500113008,20231004,238,43,32,1,25.02594,121.50651,11
500113008,20231004,239,43,32,1,25.02594,121.50651,11
500113008,20231004,240,43,32,1,25.02594,121.50651,11
500113008,20231004,241,43,32,1,25.02594,121.50651,11
500113008,20231004,242,43,32,1,25.02594,121.50651,11
500113008,20231004,243,43,32,1,25.02594,121.50651,11
500113008,20231004,244,43,32,1,25.02594,121.50651,11
500113008,20231004,245,43,32,1,25.02594,121.50651,11
500113008,20231004,246,43,32,1,25.02594,121.50651,11
500113008,20231004,247,43,32,1,25.02594,121.50651,11
500113008,20231004,248,43,32,1,25.02594,121.50651,11
500113008,20231004,249,43,32,1,25.02594,121.50651,11
500113008,20231004,250,43,32,1,25.02594,121.50651,11
500113008,20231004,251,43,32,1,25.02594,121.50651,11
500113008,20231004,252,43,32,1,25.02594,121.50651,11
500113008,20231004,253,43,32,1,25.02594,121.50651,11
500113008,20231004,254,43,32,1,25.02594,121.50651,11
500113008,20231004,255,43,32,1,25.02594,121.50651,11
500113008,20231004,256,43,32,1,25.02594,121.50651,11
500113008,20231004,257,43,32,1,25.02594,121.50651,11
500113008,20231004,258,43,32,1,25.02594,121.50651,11
500113008,20231004,259,43,32,1,25.02594,121.50651,11
500113008,20231004,261,43,32,1,25.02594,121.50651,11
500113008,20231004,262,43,32,1,25.02594,121.50651,11
500113008,20231004,263,43,32,1,25.02594,121.50651,11
500113008,20231004,264,43,32,1,25.02594,121.50651,11
500113008,20231004,265,43,32,1,25.02594,121.50651,11
500113008,20231004,266,43,32,1,25.02594,121.50651,11
500113008,20231004,267,43,32,1,25.02594,121.50651,11
500113008,20231004,268,43,32,1,25.02594,121.50651,11
500113008,20231004,269,43,32,1,25.02594,121.50651,11
500113008,20231004,270,43,32,1,25.02594,121.50651,11
500113008,20231004,271,43,32,1,25.02594,121.50651,11
500113008,20231004,272,43,32,1,25.02594,121.50651,11
500113008,20231004,273,43,32,1,25.02594,121.50651,11
500113008,20231004,274,43,32,1,25.02594,121.50651,11
500113008,20231004,275,43,32,1,25.02594,121.50651,11
500113008,20231004,276,43,32,1,25.02594,121.50651,11
500113008,20231004,277,43,32,1,25.02594,121.50651,11
500113008,20231004,278,43,32,1,25.02594,121.50651,11
500113008,20231004,279,43,32,1,25.02594,121.50651,11
500113008,20231004,280,43,32,1,25.02594,121.50651,11
500113008,20231004,281,43,32,1,25.02594,121.50651,11
500113008,20231004,282,43,32,1,25.02594,121.50651,11
500113008,20231004,283,43,32,1,25.02594,121.50651,11
500113008,20231004,284,43,32,1,25.02594,121.50651,11
500113008,20231004,285,43,32,1,25.02594,121.50651,11
500113008,20231004,286,43,32,1,25.02594,121.50651,11
500113008,20231004,287,43,32,1,25.02594,121.50651,11
500113008,20231004,288,43,32,1,25.02594,121.50651,11
500113008,20231004,289,43,32,1,25.02594,121.50651,11
500113008,20231004,290,43,32,1,25.02594,121.50651,11
500113008,20231004,291,43,32,1,25.02594,121.50651,11
500113008,20231004,292,43,32,1,25.02594,121.50651,11
500113008,20231004,293,43,33,1,25.02594,121.50651,10
500113008,20231004,294,43,33,1,25.02594,121.50651,10
500113008,20231004,295,43,33,1,25.02594,121.50651,10
500113008,20231004,296,43,33,1,25.02594,121.50651,10
500113008,20231004,297,43,33,1,25.02594,121.50651,10
500113008,20231004,298,43,33,1,25.02594,121.50651,10
500113008,20231004,299,43,33,1,25.02594,121.50651,10
500113008,20231004,300,43,33,1,25.02594,121.50651,10
500113008,20231004,301,43,33,1,25.02594,121.50651,10
500113008,20231004,302,43,33,1,25.02594,121.50651,10
500113008,20231004,303,43,33,1,25.02594,121.50651,10
500113008,20231004,304,43,33,1,25.02594,121.50651,10
500113008,20231004,305,43,33,1,25.02594,121.50651,10
500113008,20231004,306,43,33,1,25.02594,121.50651,10
500113008,20231004,307,43,33,1,25.02594,121.50651,10
500113008,20231004,308,43,33,1,25.02594,121.50651,10
500113008,20231004,309,43,33,1,25.02594,121.50651,10
500113008,20231004,310,43,33,1,25.02594,121.50651,10
500113008,20231004,311,43,33,1,25.02594,121.50651,10
500113008,20231004,312,43,33,1,25.02594,121.50651,10
500113008,20231004,313,43,33,1,25.02594,121.50651,10
500113008,20231004,314,43,33,1,25.02594,121.50651,10
500113008,20231004,315,43,33,1,25.02594,121.50651,10
500113008,20231004,316,43,33,1,25.02594,121.50651,10
500113008,20231004,317,43,33,1,25.02594,121.50651,10
500113008,20231004,318,43,33,1,25.02594,121.50651,10
500113008,20231004,319,43,33,1,25.02594,121.50651,10
500113008,20231004,321,43,33,1,25.02594,121.50651,10
500113008,20231004,322,43,33,1,25.02594,121.50651,10
500113008,20231004,323,43,33,1,25.02594,121.50651,10
500113008,20231004,324,43,33,1,25.02594,121.50651,10
500113008,20231004,325,43,33,1,25.02594,121.50651,10
500113008,20231004,326,43,33,1,25.02594,121.50651,10
500113008,20231004,327,43,33,1,25.02594,121.50651,10
500113008,20231004,328,43,33,1,25.02594,121.50651,10
500113008,20231004,329,43,33,1,25.02594,121.50651,10
500113008,20231004,330,43,33,1,25.02594,121.50651,10
500113008,20231004,331,43,33,1,25.02594,121.50651,10
500113008,20231004,332,43,33,1,25.02594,121.50651,10
500113008,20231004,333,43,33,1,25.02594,121.50651,10
500113008,20231004,334,43,33,1,25.02594,121.50651,10
500113008,20231004,335,43,33,1,25.02594,121.50651,10
500113008,20231004,336,43,33,1,25.02594,121.50651,10
500113008,20231004,337,43,33,1,25.02594,121.50651,10
500113008,20231004,338,43,33,1,25.02594,121.50651,10
500113008,20231004,339,43,33,1,25.02594,121.50651,10
500113008,20231004,340,43,33,1,25.02594,121.50651,10
500113008,20231004,341,43,33,1,25.02594,121.50651,10
500113008,20231004,342,43,33,1,25.02594,121.50651,10
500113008,20231004,343,43,33,1,25.02594,121.50651,10
500113008,20231004,344,43,33,1,25.02594,121.50651,10
500113008,20231004,345,43,33,1,25.02594,121.50651,10
500113008,20231004,346,43,33,1,25.02594,121.50651,10
500113008,20231004,347,43,33,1,25.02594,121.50651,10
500113008,20231004,348,43,33,1,25.02594,121.50651,10
500113008,20231004,349,43,33,1,25.02594,121.50651,10
500113008,20231004,350,43,33,1,25.02594,121.50651,10
500113008,20231004,351,43,34,1,25.02594,121.50651,9
500113008,20231004,352,43,34,1,25.02594,121.50651,9
500113008,20231004,353,43,34,1,25.02594,121.50651,9
500113008,20231004,354,43,34,1,25.02594,121.50651,9
500113008,20231004,355,43,34,1,25.02594,121.50651,9
500113008,20231004,356,43,34,1,25.02594,121.50651,9
500113008,20231004,357,43,34,1,25.02594,121.50651,9
500113008,20231004,358,43,34,1,25.02594,121.50651,9
500113008,20231004,359,43,34,1,25.02594,121.50651,9
500113008,20231004,360,43,34,1,25.02594,121.50651,9
500113008,20231004,361,43,34,1,25.02594,121.50651,9
500113008,20231004,362,43,35,1,25.02594,121.50651,8
500113008,20231004,363,43,35,1,25.02594,121.50651,8
500113008,20231004,364,43,35,1,25.02594,121.50651,8
500113008,20231004,365,43,35,1,25.02594,121.50651,8
500113008,20231004,366,43,35,1,25.02594,121.50651,8
500113008,20231004,367,43,35,1,25.02594,121.50651,8
500113008,20231004,368,43,35,1,25.02594,121.50651,8
500113008,20231004,369,43,35,1,25.02594,121.50651,8
500113008,20231004,370,43,35,1,25.02594,121.50651,8
500113008,20231004,371,43,35,1,25.02594,121.50651,8
500113008,20231004,372,43,35,1,25.02594,121.50651,8
500113008,20231004,373,43,35,1,25.02594,121.50651,8
500113008,20231004,374,43,35,1,25.02594,121.50651,8
500113008,20231004,375,43,35,1,25.02594,121.50651,8
500113008,20231004,376,43,35,1,25.02594,121.50651,8
500113008,20231004,377,43,35,1,25.02594,121.50651,8
500113008,20231004,378,43,35,1,25.02594,121.50651,8
500113008,20231004,379,43,35,1,25.02594,121.50651,8
500113008,20231004,381,43,35,1,25.02594,121.50651,8
500113008,20231004,382,43,35,1,25.02594,121.50651,8
500113008,20231004,383,43,35,1,25.02594,121.50651,8
500113008,20231004,384,43,35,1,25.02594,121.50651,8
500113008,20231004,385,43,35,1,25.02594,121.50651,8
500113008,20231004,386,43,34,1,25.02594,121.50651,9
500113008,20231004,387,43,34,1,25.02594,121.50651,9
500113008,20231004,388,43,34,1,25.02594,121.50651,9
500113008,20231004,389,43,34,1,25.02594,121.50651,9
500113008,20231004,390,43,34,1,25.02594,121.50651,9
500113008,20231004,391,43,34,1,25.02594,121.50651,9
500113008,20231004,392,43,34,1,25.02594,121.50651,9
500113008,20231004,393,43,35,1,25.02594,121.50651,8
500113008,20231004,394,43,35,1,25.02594,121.50651,8
500113008,20231004,395,43,35,1,25.02594,121.50651,8
500113008,20231004,396,43,35,1,25.02594,121.50651,8
500113008,20231004,397,43,35,1,25.02594,121.50651,8
500113008,20231004,398,43,35,1,25.02594,121.50651,8
500113008,20231004,399,43,35,1,25.02594,121.50651,8
500113008,20231004,400,43,35,1,25.02594,121.50651,8
500113008,20231004,401,43,36,1,25.02594,121.50651,7
500113008,20231004,402,43,36,1,25.02594,121.50651,7
500113008,20231004,403,43,36,1,25.02594,121.50651,7
500113008,20231004,404,43,36,1,25.02594,121.50651,7
500113008,20231004,405,43,36,1,25.02594,121.50651,7
500113008,20231004,406,43,35,1,25.02594,121.50651,8
500113008,20231004,407,43,36,1,25.02594,121.50651,7
500113008,20231004,408,43,36,1,25.02594,121.50651,7
500113008,20231004,409,43,36,1,25.02594,121.50651,7
500113008,20231004,410,43,36,1,25.02594,121.50651,7
500113008,20231004,411,43,36,1,25.02594,121.50651,7
500113008,20231004,412,43,36,1,25.02594,121.50651,7
500113008,20231004,413,43,35,1,25.02594,121.50651,8
500113008,20231004,414,43,35,1,25.02594,121.50651,8
500113008,20231004,415,43,35,1,25.02594,121.50651,8
500113008,20231004,416,43,35,1,25.02594,121.50651,8
500113008,20231004,417,43,35,1,25.02594,121.50651,8
500113008,20231004,418,43,35,1,25.02594,121.50651,8
500113008,20231004,419,43,35,1,25.02594,121.50651,8
500113008,20231004,421,43,34,1,25.02594,121.50651,9
500113008,20231004,422,43,35,1,25.02594,121.50651,8
500113008,20231004,423,43,35,1,25.02594,121.50651,8
500113008,20231004,424,43,35,1,25.02594,121.50651,8
500113008,20231004,425,43,35,1,25.02594,121.50651,8
500113008,20231004,426,43,35,1,25.02594,121.50651,8
500113008,20231004,427,43,35,1,25.02594,121.50651,8
500113008,20231004,428,43,35,1,25.02594,121.50651,8
500113008,20231004,429,43,35,1,25.02594,121.50651,8
500113008,20231004,430,43,35,1,25.02594,121.50651,8
500113008,20231004,431,43,35,1,25.02594,121.50651,8
500113008,20231004,432,43,35,1,25.02594,121.50651,8
500113008,20231004,433,43,35,1,25.02594,121.50651,8
500113008,20231004,434,43,35,1,25.02594,121.50651,8
500113008,20231004,435,43,35,1,25.02594,121.50651,8
500113008,20231004,436,43,35,1,25.02594,121.50651,8
500113008,20231004,437,43,35,1,25.02594,121.50651,8
500113008,20231004,438,43,35,1,25.02594,121.50651,8
500113008,20231004,439,43,35,1,25.02594,121.50651,8
500113008,20231004,441,43,35,1,25.02594,121.50651,8
500113008,20231004,442,43,35,1,25.02594,121.50651,8
500113008,20231004,443,43,35,1,25.02594,121.50651,8
500113008,20231004,444,43,35,1,25.02594,121.50651,8
500113008,20231004,445,43,35,1,25.02594,121.50651,8
500113008,20231004,446,43,35,1,25.02594,121.50651,8
500113008,20231004,447,43,35,1,25.02594,121.50651,8
500113008,20231004,448,43,35,1,25.02594,121.50651,8
500113008,20231004,449,43,35,1,25.02594,121.50651,8
500113008,20231004,451,43,35,1,25.02594,121.50651,8
500113008,20231004,452,43,35,1,25.02594,121.50651,8
500113008,20231004,453,43,35,1,25.02594,121.50651,8
500113008,20231004,454,43,35,1,25.02594,121.50651,8
500113008,20231004,455,43,35,1,25.02594,121.50651,8
500113008,20231004,456,43,35,1,25.02594,121.50651,8
500113008,20231004,457,43,35,1,25.02594,121.50651,8
500113008,20231004,458,43,36,1,25.02594,121.50651,7
500113008,20231004,459,43,35,1,25.02594,121.50651,8
500113008,20231004,460,43,35,1,25.02594,121.50651,8
500113008,20231004,461,43,35,1,25.02594,121.50651,8
500113008,20231004,462,43,35,1,25.02594,121.50651,8
500113008,20231004,463,43,35,1,25.02594,121.50651,8
500113008,20231004,464,43,35,1,25.02594,121.50651,8
500113008,20231004,465,43,34,1,25.02594,121.50651,9
500113008,20231004,466,43,34,1,25.02594,121.50651,9
500113008,20231004,467,43,35,1,25.02594,121.50651,8
500113008,20231004,468,43,35,1,25.02594,121.50651,8
500113008,20231004,469,43,35,1,25.02594,121.50651,8
500113008,20231004,470,43,35,1,25.02594,121.50651,8
500113008,20231004,471,43,35,1,25.02594,121.50651,8
500113008,20231004,472,43,35,1,25.02594,121.50651,8
500113008,20231004,473,43,35,1,25.02594,121.50651,8
500113008,20231004,474,43,35,1,25.02594,121.50651,8
500113008,20231004,475,43,35,1,25.02594,121.50651,8
500113008,20231004,476,43,36,1,25.02594,121.50651,7
500113008,20231004,477,43,36,1,25.02594,121.50651,7
500113008,20231004,478,43,36,1,25.02594,121.50651,7
500113008,20231004,479,43,36,1,25.02594,121.50651,7
500113008,20231004,481,43,35,1,25.02594,121.50651,8
500113008,20231004,482,43,35,1,25.02594,121.50651,8
500113008,20231004,483,43,35,1,25.02594,121.50651,8
500113008,20231004,484,43,35,1,25.02594,121.50651,8
500113008,20231004,485,43,35,1,25.02594,121.50651,8
500113008,20231004,486,43,35,1,25.02594,121.50651,8
500113008,20231004,487,43,35,1,25.02594,121.50651,8
500113008,20231004,488,43,36,1,25.02594,121.50651,7
500113008,20231004,489,43,37,1,25.02594,121.50651,6
500113008,20231004,490,43,37,1,25.02594,121.50651,6
500113008,20231004,491,43,38,1,25.02594,121.50651,5
500113008,20231004,492,43,38,1,25.02594,121.50651,5
500113008,20231004,493,43,38,1,25.02594,121.50651,5
500113008,20231004,494,43,39,1,25.02594,121.50651,4
500113008,20231004,495,43,39,1,25.02594,121.50651,4
500113008,20231004,496,43,40,1,25.02594,121.50651,3
500113008,20231004,497,43,40,1,25.02594,121.50651,3
500113008,20231004,499,43,40,1,25.02594,121.50651,3
500113008,20231004,501,43,39,1,25.02594,121.50651,4
500113008,20231004,502,43,39,1,25.02594,121.50651,4
500113008,20231004,503,43,39,1,25.02594,121.50651,4
500113008,20231004,504,43,39,1,25.02594,121.50651,4
500113008,20231004,505,43,39,1,25.02594,121.50651,4
500113008,20231004,506,43,39,1,25.02594,121.50651,4
500113008,20231004,507,43,39,1,25.02594,121.50651,4
500113008,20231004,508,43,39,1,25.02594,121.50651,4
500113008,20231004,509,43,40,1,25.02594,121.50651,3
500113008,20231004,511,43,41,1,25.02594,121.50651,2
500113008,20231004,512,43,41,1,25.02594,121.50651,2
500113008,20231004,513,43,41,1,25.02594,121.50651,2
500113008,20231004,514,43,41,1,25.02594,121.50651,2
500113008,20231004,515,43,41,1,25.02594,121.50651,2
500113008,20231004,516,43,41,1,25.02594,121.50651,2
500113008,20231004,517,43,41,1,25.02594,121.50651,2
500113008,20231004,518,43,41,1,25.02594,121.50651,2
500113008,20231004,519,43,41,1,25.02594,121.50651,2
500113008,20231004,520,43,41,1,25.02594,121.50651,2
500113008,20231004,521,43,41,1,25.02594,121.50651,2
500113008,20231004,522,43,40,1,25.02594,121.50651,3
500113008,20231004,523,43,40,1,25.02594,121.50651,3
500113008,20231004,524,43,40,1,25.02594,121.50651,3
500113008,20231004,525,43,38,1,25.02594,121.50651,5
500113008,20231004,526,43,38,1,25.02594,121.50651,5
500113008,20231004,527,43,38,1,25.02594,121.50651,5
500113008,20231004,528,43,38,1,25.02594,121.50651,5
500113008,20231004,529,43,38,1,25.02594,121.50651,5
500113008,20231004,530,43,38,1,25.02594,121.50651,5
500113008,20231004,531,43,38,1,25.02594,121.50651,5
500113008,20231004,532,43,38,1,25.02594,121.50651,5
500113008,20231004,533,43,38,1,25.02594,121.50651,5
500113008,20231004,534,43,38,1,25.02594,121.50651,5
500113008,20231004,535,43,38,1,25.02594,121.50651,5
500113008,20231004,536,43,39,1,25.02594,121.50651,4
500113008,20231004,537,43,39,1,25.02594,121.50651,4
500113008,20231004,538,43,39,1,25.02594,121.50651,4
500113008,20231004,539,43,39,1,25.02594,121.50651,4
500113008,20231004,541,43,39,1,25.02594,121.50651,4
500113008,20231004,542,43,39,1,25.02594,121.50651,4
500113008,20231004,543,43,40,1,25.02594,121.50651,3
500113008,20231004,544,43,40,1,25.02594,121.50651,3
500113008,20231004,545,43,40,1,25.02594,121.50651,3
500113008,20231004,546,43,40,1,25.02594,121.50651,3
500113008,20231004,547,43,40,1,25.02594,121.50651,3
500113008,20231004,548,43,40,1,25.02594,121.50651,3
500113008,20231004,549,43,40,1,25.02594,121.50651,3
500113008,20231004,550,43,40,1,25.02594,121.50651,3
500113008,20231004,551,43,40,1,25.02594,121.50651,3
500113008,20231004,552,43,40,1,25.02594,121.50651,3
500113008,20231004,553,43,40,1,25.02594,121.50651,3
500113008,20231004,554,43,40,1,25.02594,121.50651,3
500113008,20231004,555,43,40,1,25.02594,121.50651,3
500113008,20231004,556,43,40,1,25.02594,121.50651,3
500113008,20231004,557,43,40,1,25.02594,121.50651,3
500113008,20231004,558,43,40,1,25.02594,121.50651,3
500113008,20231004,559,43,40,1,25.02594,121.50651,3
500113008,20231004,561,43,40,1,25.02594,121.50651,3
500113008,20231004,562,43,40,1,25.02594,121.50651,3
500113008,20231004,563,43,40,1,25.02594,121.50651,3
500113008,20231004,564,43,40,1,25.02594,121.50651,3
500113008,20231004,565,43,40,1,25.02594,121.50651,3
500113008,20231004,566,43,40,1,25.02594,121.50651,3
500113008,20231004,567,43,40,1,25.02594,121.50651,3
500113008,20231004,568,43,40,1,25.02594,121.50651,3
500113008,20231004,569,43,40,1,25.02594,121.50651,3
500113008,20231004,570,43,40,1,25.02594,121.50651,3
500113008,20231004,571,43,40,1,25.02594,121.50651,3
500113008,20231004,572,43,40,1,25.02594,121.50651,3
500113008,20231004,573,43,40,1,25.02594,121.50651,3
500113008,20231004,574,43,40,1,25.02594,121.50651,3
500113008,20231004,575,43,40,1,25.02594,121.50651,3
500113008,20231004,576,43,40,1,25.02594,121.50651,3
500113008,20231004,577,43,39,1,25.02594,121.50651,4
500113008,20231004,578,43,39,1,25.02594,121.50651,4
500113008,20231004,579,43,39,1,25.02594,121.50651,4
500113008,20231004,580,43,39,1,25.02594,121.50651,4
500113008,20231004,581,43,39,1,25.02594,121.50651,4
500113008,20231004,582,43,39,1,25.02594,121.50651,4
500113008,20231004,583,43,39,1,25.02594,121.50651,4
500113008,20231004,584,43,39,1,25.02594,121.50651,4
500113008,20231004,585,43,39,1,25.02594,121.50651,4
500113008,20231004,586,43,39,1,25.02594,121.50651,4
500113008,20231004,587,43,39,1,25.02594,121.50651,4
500113008,20231004,588,43,39,1,25.02594,121.50651,4
500113008,20231004,589,43,39,1,25.02594,121.50651,4
500113008,20231004,590,43,39,1,25.02594,121.50651,4
500113008,20231004,591,43,39,1,25.02594,121.50651,4
500113008,20231004,592,43,39,1,25.02594,121.50651,4
500113008,20231004,593,43,39,1,25.02594,121.50651,4
500113008,20231004,594,43,39,1,25.02594,121.50651,4
500113008,20231004,595,43,39,1,25.02594,121.50651,4
500113008,20231004,596,43,38,1,25.02594,121.50651,5
500113008,20231004,597,43,38,1,25.02594,121.50651,5
500113008,20231004,598,43,38,1,25.02594,121.50651,5
500113008,20231004,599,43,38,1,25.02594,121.50651,5
500113008,20231004,601,43,38,1,25.02594,121.50651,5
500113008,20231004,602,43,38,1,25.02594,121.50651,5
500113008,20231004,603,43,38,1,25.02594,121.50651,5
500113008,20231004,604,43,39,1,25.02594,121.50651,4
500113008,20231004,605,43,39,1,25.02594,121.50651,4
500113008,20231004,606,43,39,1,25.02594,121.50651,4
500113008,20231004,607,43,39,1,25.02594,121.50651,4
500113008,20231004,608,43,39,1,25.02594,121.50651,4
500113008,20231004,609,43,39,1,25.02594,121.50651,4
500113008,20231004,610,43,39,1,25.02594,121.50651,4
500113008,20231004,611,43,39,1,25.02594,121.50651,4
500113008,20231004,612,43,39,1,25.02594,121.50651,4
500113008,20231004,613,43,39,1,25.02594,121.50651,4
500113008,20231004,614,43,40,1,25.02594,121.50651,3
500113008,20231004,615,43,41,1,25.02594,121.50651,2
500113008,20231004,616,43,41,1,25.02594,121.50651,2
500113008,20231004,617,43,41,1,25.02594,121.50651,2
500113008,20231004,618,43,41,1,25.02594,121.50651,2
500113008,20231004,619,43,41,1,25.02594,121.50651,2
500113008,20231004,621,43,41,1,25.02594,121.50651,2
500113008,20231004,622,43,41,1,25.02594,121.50651,2
500113008,20231004,623,43,41,1,25.02594,121.50651,2
500113008,20231004,624,43,41,1,25.02594,121.50651,2
500113008,20231004,625,43,41,1,25.02594,121.50651,2
500113008,20231004,626,43,41,1,25.02594,121.50651,2
500113008,20231004,627,43,41,1,25.02594,121.50651,2
500113008,20231004,628,43,41,1,25.02594,121.50651,2
500113008,20231004,629,43,41,1,25.02594,121.50651,2
500113008,20231004,630,43,41,1,25.02594,121.50651,2
500113008,20231004,631,43,41,1,25.02594,121.50651,2
500113008,20231004,632,43,41,1,25.02594,121.50651,2
500113008,20231004,633,43,41,1,25.02594,121.50651,2
500113008,20231004,634,43,41,1,25.02594,121.50651,2
500113008,20231004,635,43,41,1,25.02594,121.50651,2
500113008,20231004,636,43,41,1,25.02594,121.50651,2
500113008,20231004,637,43,41,1,25.02594,121.50651,2
500113008,20231004,638,43,41,1,25.02594,121.50651,2
500113008,20231004,639,43,41,1,25.02594,121.50651,2
500113008,20231004,640,43,41,1,25.02594,121.50651,2
500113008,20231004,641,43,41,1,25.02594,121.50651,2
500113008,20231004,642,43,41,1,25.02594,121.50651,2
500113008,20231004,643,43,41,1,25.02594,121.50651,2
500113008,20231004,644,43,41,1,25.02594,121.50651,2
500113008,20231004,645,43,41,1,25.02594,121.50651,2
500113008,20231004,646,43,41,1,25.02594,121.50651,2
500113008,20231004,647,43,41,1,25.02594,121.50651,2
500113008,20231004,648,43,41,1,25.02594,121.50651,2
500113008,20231004,649,43,41,1,25.02594,121.50651,2
500113008,20231004,650,43,41,1,25.02594,121.50651,2
500113008,20231004,651,43,41,1,25.02594,121.50651,2
500113008,20231004,652,43,41,1,25.02594,121.50651,2
500113008,20231004,653,43,41,1,25.02594,121.50651,2
500113008,20231004,654,43,41,1,25.02594,121.50651,2
500113008,20231004,655,43,41,1,25.02594,121.50651,2
500113008,20231004,656,43,41,1,25.02594,121.50651,2
500113008,20231004,657,43,41,1,25.02594,121.50651,2
500113008,20231004,658,43,41,1,25.02594,121.50651,2
500113008,20231004,659,43,41,1,25.02594,121.50651,2
500113008,20231004,661,43,41,1,25.02594,121.50651,2
500113008,20231004,662,43,41,1,25.02594,121.50651,2
500113008,20231004,663,43,41,1,25.02594,121.50651,2
500113008,20231004,664,43,41,1,25.02594,121.50651,2
500113008,20231004,665,43,41,1,25.02594,121.50651,2
500113008,20231004,666,43,41,1,25.02594,121.50651,2
500113008,20231004,667,43,41,1,25.02594,121.50651,2
500113008,20231004,668,43,41,1,25.02594,121.50651,2
500113008,20231004,669,43,41,1,25.02594,121.50651,2
500113008,20231004,670,43,41,1,25.02594,121.50651,2
500113008,20231004,671,43,41,1,25.02594,121.50651,2
500113008,20231004,672,43,41,1,25.02594,121.50651,2
500113008,20231004,673,43,41,1,25.02594,121.50651,2
500113008,20231004,674,43,41,1,25.02594,121.50651,2
500113008,20231004,675,43,41,1,25.02594,121.50651,2
500113008,20231004,676,43,41,1,25.02594,121.50651,2
500113008,20231004,677,43,41,1,25.02594,121.50651,2
500113008,20231004,678,43,41,1,25.02594,121.50651,2
500113008,20231004,679,43,41,1,25.02594,121.50651,2
500113008,20231004,681,43,41,1,25.02594,121.50651,2
500113008,20231004,682,43,41,1,25.02594,121.50651,2
500113008,20231004,683,43,41,1,25.02594,121.50651,2
500113008,20231004,684,43,41,1,25.02594,121.50651,2
500113008,20231004,685,43,41,1,25.02594,121.50651,2
500113008,20231004,686,43,41,1,25.02594,121.50651,2
500113008,20231004,687,43,41,1,25.02594,121.50651,2
500113008,20231004,688,43,41,1,25.02594,121.50651,2
500113008,20231004,689,43,41,1,25.02594,121.50651,2
500113008,20231004,690,43,41,1,25.02594,121.50651,2
500113008,20231004,691,43,41,1,25.02594,121.50651,2
500113008,20231004,692,43,41,1,25.02594,121.50651,2
500113008,20231004,693,43,41,1,25.02594,121.50651,2
500113008,20231004,694,43,41,1,25.02594,121.50651,2
500113008,20231004,695,43,41,1,25.02594,121.50651,2
500113008,20231004,696,43,41,1,25.02594,121.50651,2
500113008,20231004,697,43,41,1,25.02594,121.50651,2
500113008,20231004,698,43,41,1,25.02594,121.50651,2
500113008,20231004,699,43,41,1,25.02594,121.50651,2
500113008,20231004,700,43,41,1,25.02594,121.50651,2
500113008,20231004,701,43,41,1,25.02594,121.50651,2
500113008,20231004,702,43,41,1,25.02594,121.50651,2
500113008,20231004,703,43,41,1,25.02594,121.50651,2
500113008,20231004,704,43,41,1,25.02594,121.50651,2
500113008,20231004,705,43,41,1,25.02594,121.50651,2
500113008,20231004,706,43,41,1,25.02594,121.50651,2
500113008,20231004,707,43,41,1,25.02594,121.50651,2
500113008,20231004,708,43,41,1,25.02594,121.50651,2
500113008,20231004,709,43,41,1,25.02594,121.50651,2
500113008,20231004,710,43,41,1,25.02594,121.50651,2
500113008,20231004,711,43,41,1,25.02594,121.50651,2
500113008,20231004,712,43,41,1,25.02594,121.50651,2
500113008,20231004,713,43,41,1,25.02594,121.50651,2
500113008,20231004,714,43,40,1,25.02594,121.50651,3
500113008,20231004,715,43,40,1,25.02594,121.50651,3
500113008,20231004,716,43,40,1,25.02594,121.50651,3
500113008,20231004,717,43,40,1,25.02594,121.50651,3
500113008,20231004,718,43,40,1,25.02594,121.50651,3
500113008,20231004,719,43,40,1,25.02594,121.50651,3
500113008,20231004,721,43,40,1,25.02594,121.50651,3
500113008,20231004,722,43,40,1,25.02594,121.50651,3
500113008,20231004,723,43,40,1,25.02594,121.50651,3
500113008,20231004,724,43,40,1,25.02594,121.50651,3
500113008,20231004,725,43,40,1,25.02594,121.50651,3
500113008,20231004,726,43,39,1,25.02594,121.50651,4
500113008,20231004,727,43,39,1,25.02594,121.50651,4
500113008,20231004,728,43,39,1,25.02594,121.50651,4
500113008,20231004,729,43,39,1,25.02594,121.50651,4
500113008,20231004,730,43,39,1,25.02594,121.50651,4
500113008,20231004,731,43,39,1,25.02594,121.50651,4
500113008,20231004,732,43,39,1,25.02594,121.50651,4
500113008,20231004,733,43,39,1,25.02594,121.50651,4
500113008,20231004,734,43,39,1,25.02594,121.50651,4
500113008,20231004,735,43,39,1,25.02594,121.50651,4
500113008,20231004,736,43,40,1,25.02594,121.50651,3
500113008,20231004,737,43,41,1,25.02594,121.50651,2
500113008,20231004,738,43,41,1,25.02594,121.50651,2
500113008,20231004,739,43,40,1,25.02594,121.50651,3
500113008,20231004,741,43,40,1,25.02594,121.50651,3
500113008,20231004,742,43,39,1,25.02594,121.50651,4
500113008,20231004,743,43,39,1,25.02594,121.50651,4
500113008,20231004,744,43,39,1,25.02594,121.50651,4
500113008,20231004,745,43,39,1,25.02594,121.50651,4
500113008,20231004,746,43,39,1,25.02594,121.50651,4
500113008,20231004,747,43,39,1,25.02594,121.50651,4
500113008,20231004,748,43,39,1,25.02594,121.50651,4
500113008,20231004,749,43,39,1,25.02594,121.50651,4
500113008,20231004,750,43,39,1,25.02594,121.50651,4
500113008,20231004,751,43,39,1,25.02594,121.50651,4
500113008,20231004,752,43,39,1,25.02594,121.50651,4
500113008,20231004,753,43,39,1,25.02594,121.50651,4
500113008,20231004,754,43,39,1,25.02594,121.50651,4
500113008,20231004,755,43,39,1,25.02594,121.50651,4
500113008,20231004,756,43,39,1,25.02594,121.50651,4
500113008,20231004,757,43,39,1,25.02594,121.50651,4
500113008,20231004,758,43,39,1,25.02594,121.50651,4
500113008,20231004,759,43,39,1,25.02594,121.50651,4
500113008,20231004,760,43,39,1,25.02594,121.50651,4
500113008,20231004,761,43,39,1,25.02594,121.50651,4
500113008,20231004,762,43,39,1,25.02594,121.50651,4
500113008,20231004,763,43,39,1,25.02594,121.50651,4
500113008,20231004,764,43,39,1,25.02594,121.50651,4
500113008,20231004,765,43,39,1,25.02594,121.50651,4
500113008,20231004,766,43,39,1,25.02594,121.50651,4
500113008,20231004,767,43,39,1,25.02594,121.50651,4
500113008,20231004,768,43,39,1,25.02594,121.50651,4
500113008,20231004,769,43,39,1,25.02594,121.50651,4
500113008,20231004,770,43,39,1,25.02594,121.50651,4
500113008,20231004,771,43,39,1,25.02594,121.50651,4
500113008,20231004,772,43,39,1,25.02594,121.50651,4
500113008,20231004,773,43,39,1,25.02594,121.50651,4
500113008,20231004,774,43,39,1,25.02594,121.50651,4
500113008,20231004,775,43,39,1,25.02594,121.50651,4
500113008,20231004,776,43,39,1,25.02594,121.50651,4
500113008,20231004,777,43,39,1,25.02594,121.50651,4
500113008,20231004,778,43,39,1,25.02594,121.50651,4
500113008,20231004,779,43,39,1,25.02594,121.50651,4
500113008,20231004,781,43,39,1,25.02594,121.50651,4
500113008,20231004,782,43,39,1,25.02594,121.50651,4
500113008,20231004,783,43,39,1,25.02594,121.50651,4
500113008,20231004,784,43,39,1,25.02594,121.50651,4
500113008,20231004,785,43,39,1,25.02594,121.50651,4
500113008,20231004,786,43,39,1,25.02594,121.50651,4
500113008,20231004,787,43,39,1,25.02594,121.50651,4
500113008,20231004,788,43,39,1,25.02594,121.50651,4
500113008,20231004,789,43,39,1,25.02594,121.50651,4
500113008,20231004,790,43,39,1,25.02594,121.50651,4
500113008,20231004,791,43,39,1,25.02594,121.50651,4
500113008,20231004,792,43,39,1,25.02594,121.50651,4
500113008,20231004,793,43,40,1,25.02594,121.50651,3
500113008,20231004,794,43,40,1,25.02594,121.50651,3
500113008,20231004,795,43,40,1,25.02594,121.50651,3
500113008,20231004,796,43,40,1,25.02594,121.50651,3
500113008,20231004,797,43,40,1,25.02594,121.50651,3
500113008,20231004,799,43,40,1,25.02594,121.50651,3
500113008,20231004,801,43,40,1,25.02594,121.50651,3
500113008,20231004,802,43,40,1,25.02594,121.50651,3
500113008,20231004,803,43,40,1,25.02594,121.50651,3
500113008,20231004,804,43,40,1,25.02594,121.50651,3
500113008,20231004,805,43,40,1,25.02594,121.50651,3
500113008,20231004,806,43,40,1,25.02594,121.50651,3
500113008,20231004,807,43,40,1,25.02594,121.50651,3
500113008,20231004,808,43,40,1,25.02594,121.50651,3
500113008,20231004,809,43,40,1,25.02594,121.50651,3
500113008,20231004,810,43,40,1,25.02594,121.50651,3
500113008,20231004,811,43,40,1,25.02594,121.50651,3
500113008,20231004,812,43,40,1,25.02594,121.50651,3
500113008,20231004,813,43,40,1,25.02594,121.50651,3
500113008,20231004,814,43,40,1,25.02594,121.50651,3
500113008,20231004,815,43,40,1,25.02594,121.50651,3
500113008,20231004,816,43,40,1,25.02594,121.50651,3
500113008,20231004,817,43,40,1,25.02594,121.50651,3
500113008,20231004,818,43,40,1,25.02594,121.50651,3
500113008,20231004,819,43,40,1,25.02594,121.50651,3
500113008,20231004,820,43,40,1,25.02594,121.50651,3
500113008,20231004,821,43,40,1,25.02594,121.50651,3
500113008,20231004,822,43,40,1,25.02594,121.50651,3
500113008,20231004,823,43,40,1,25.02594,121.50651,3
500113008,20231004,824,43,40,1,25.02594,121.50651,3
500113008,20231004,825,43,40,1,25.02594,121.50651,3
500113008,20231004,826,43,40,1,25.02594,121.50651,3
500113008,20231004,827,43,40,1,25.02594,121.50651,3
500113008,20231004,828,43,41,1,25.02594,121.50651,2
500113008,20231004,829,43,41,1,25.02594,121.50651,2
500113008,20231004,830,43,41,1,25.02594,121.50651,2
500113008,20231004,831,43,41,1,25.02594,121.50651,2
500113008,20231004,832,43,41,1,25.02594,121.50651,2
500113008,20231004,833,43,41,1,25.02594,121.50651,2
500113008,20231004,834,43,41,1,25.02594,121.50651,2
500113008,20231004,835,43,41,1,25.02594,121.50651,2
500113008,20231004,836,43,40,1,25.02594,121.50651,3
500113008,20231004,837,43,40,1,25.02594,121.50651,3
500113008,20231004,838,43,40,1,25.02594,121.50651,3
500113008,20231004,839,43,40,1,25.02594,121.50651,3
500113008,20231004,840,43,40,1,25.02594,121.50651,3
500113008,20231004,841,43,40,1,25.02594,121.50651,3
500113008,20231004,842,43,40,1,25.02594,121.50651,3
500113008,20231004,843,43,40,1,25.02594,121.50651,3
500113008,20231004,844,43,40,1,25.02594,121.50651,3
500113008,20231004,845,43,40,1,25.02594,121.50651,3
500113008,20231004,846,43,40,1,25.02594,121.50651,3
500113008,20231004,847,43,40,1,25.02594,121.50651,3
500113008,20231004,848,43,40,1,25.02594,121.50651,3
500113008,20231004,849,43,39,1,25.02594,121.50651,4
500113008,20231004,850,43,39,1,25.02594,121.50651,4
500113008,20231004,851,43,39,1,25.02594,121.50651,4
500113008,20231004,852,43,39,1,25.02594,121.50651,4
500113008,20231004,853,43,39,1,25.02594,121.50651,4
500113008,20231004,854,43,39,1,25.02594,121.50651,4
500113008,20231004,855,43,39,1,25.02594,121.50651,4
500113008,20231004,856,43,39,1,25.02594,121.50651,4
500113008,20231004,857,43,39,1,25.02594,121.50651,4
500113008,20231004,858,43,39,1,25.02594,121.50651,4
500113008,20231004,859,43,39,1,25.02594,121.50651,4
500113008,20231004,861,43,39,1,25.02594,121.50651,4
500113008,20231004,862,43,39,1,25.02594,121.50651,4
500113008,20231004,863,43,39,1,25.02594,121.50651,4
500113008,20231004,864,43,39,1,25.02594,121.50651,4
500113008,20231004,865,43,39,1,25.02594,121.50651,4
500113008,20231004,866,43,39,1,25.02594,121.50651,4
500113008,20231004,867,43,39,1,25.02594,121.50651,4
500113008,20231004,868,43,39,1,25.02594,121.50651,4
500113008,20231004,869,43,39,1,25.02594,121.50651,4
500113008,20231004,870,43,39,1,25.02594,121.50651,4
500113008,20231004,871,43,39,1,25.02594,121.50651,4
500113008,20231004,872,43,39,1,25.02594,121.50651,4
500113008,20231004,873,43,38,1,25.02594,121.50651,5
500113008,20231004,874,43,38,1,25.02594,121.50651,5
500113008,20231004,875,43,38,1,25.02594,121.50651,5
500113008,20231004,876,43,38,1,25.02594,121.50651,5
500113008,20231004,877,43,38,1,25.02594,121.50651,5
500113008,20231004,878,43,38,1,25.02594,121.50651,5
500113008,20231004,879,43,38,1,25.02594,121.50651,5
500113008,20231004,880,43,38,1,25.02594,121.50651,5
500113008,20231004,881,43,38,1,25.02594,121.50651,5
500113008,20231004,882,43,38,1,25.02594,121.50651,5
500113008,20231004,883,43,38,1,25.02594,121.50651,5
500113008,20231004,884,43,38,1,25.02594,121.50651,5
500113008,20231004,885,43,38,1,25.02594,121.50651,5
500113008,20231004,886,43,38,1,25.02594,121.50651,5
500113008,20231004,887,43,38,1,25.02594,121.50651,5
500113008,20231004,888,43,38,1,25.02594,121.50651,5
500113008,20231004,889,43,38,1,25.02594,121.50651,5
500113008,20231004,890,43,38,1,25.02594,121.50651,5
500113008,20231004,891,43,38,1,25.02594,121.50651,5
500113008,20231004,892,43,38,1,25.02594,121.50651,5
500113008,20231004,893,43,38,1,25.02594,121.50651,5
500113008,20231004,894,43,38,1,25.02594,121.50651,5
500113008,20231004,895,43,38,1,25.02594,121.50651,5
500113008,20231004,896,43,38,1,25.02594,121.50651,5
500113008,20231004,897,43,38,1,25.02594,121.50651,5
500113008,20231004,898,43,38,1,25.02594,121.50651,5
500113008,20231004,899,43,38,1,25.02594,121.50651,5
500113008,20231004,901,43,38,1,25.02594,121.50651,5
500113008,20231004,902,43,38,1,25.02594,121.50651,5
500113008,20231004,903,43,38,1,25.02594,121.50651,5
500113008,20231004,904,43,38,1,25.02594,121.50651,5
500113008,20231004,905,43,38,1,25.02594,121.50651,5
500113008,20231004,906,43,38,1,25.02594,121.50651,5
500113008,20231004,907,43,38,1,25.02594,121.50651,5
500113008,20231004,908,43,38,1,25.02594,121.50651,5
500113008,20231004,909,43,38,1,25.02594,121.50651,5
500113008,20231004,910,43,38,1,25.02594,121.50651,5
500113008,20231004,911,43,38,1,25.02594,121.50651,5
500113008,20231004,912,43,38,1,25.02594,121.50651,5
500113008,20231004,913,43,38,1,25.02594,121.50651,5
500113008,20231004,914,43,38,1,25.02594,121.50651,5
500113008,20231004,915,43,38,1,25.02594,121.50651,5
500113008,20231004,916,43,38,1,25.02594,121.50651,5
500113008,20231004,917,43,38,1,25.02594,121.50651,5
500113008,20231004,918,43,38,1,25.02594,121.50651,5
500113008,20231004,919,43,38,1,25.02594,121.50651,5
500113008,20231004,921,43,38,1,25.02594,121.50651,5
500113008,20231004,922,43,38,1,25.02594,121.50651,5
500113008,20231004,923,43,38,1,25.02594,121.50651,5
500113008,20231004,924,43,38,1,25.02594,121.50651,5
500113008,20231004,925,43,38,1,25.02594,121.50651,5
500113008,20231004,926,43,38,1,25.02594,121.50651,5
500113008,20231004,927,43,38,1,25.02594,121.50651,5
500113008,20231004,928,43,38,1,25.02594,121.50651,5
500113008,20231004,929,43,38,1,25.02594,121.50651,5
500113008,20231004,930,43,38,1,25.02594,121.50651,5
500113008,20231004,931,43,38,1,25.02594,121.50651,5
500113008,20231004,932,43,38,1,25.02594,121.50651,5
500113008,20231004,933,43,38,1,25.02594,121.50651,5
500113008,20231004,934,43,38,1,25.02594,121.50651,5
500113008,20231004,935,43,39,1,25.02594,121.50651,4
500113008,20231004,936,43,39,1,25.02594,121.50651,4
500113008,20231004,937,43,39,1,25.02594,121.50651,4
500113008,20231004,938,43,38,1,25.02594,121.50651,5
500113008,20231004,939,43,38,1,25.02594,121.50651,5
500113008,20231004,940,43,38,1,25.02594,121.50651,5
500113008,20231004,941,43,38,1,25.02594,121.50651,5
500113008,20231004,942,43,37,1,25.02594,121.50651,6
500113008,20231004,943,43,37,1,25.02594,121.50651,6
500113008,20231004,944,43,37,1,25.02594,121.50651,6
500113008,20231004,945,43,37,1,25.02594,121.50651,6
500113008,20231004,946,43,37,1,25.02594,121.50651,6
500113008,20231004,947,43,37,1,25.02594,121.50651,6
500113008,20231004,948,43,38,1,25.02594,121.50651,5
500113008,20231004,949,43,38,1,25.02594,121.50651,5
500113008,20231004,950,43,38,1,25.02594,121.50651,5
500113008,20231004,951,43,38,1,25.02594,121.50651,5
500113008,20231004,952,43,38,1,25.02594,121.50651,5
500113008,20231004,953,43,38,1,25.02594,121.50651,5
500113008,20231004,954,43,38,1,25.02594,121.50651,5
500113008,20231004,955,43,38,1,25.02594,121.50651,5
500113008,20231004,956,43,38,1,25.02594,121.50651,5
500113008,20231004,957,43,38,1,25.02594,121.50651,5
500113008,20231004,958,43,38,1,25.02594,121.50651,5
500113008,20231004,959,43,38,1,25.02594,121.50651,5
500113008,20231004,961,43,38,1,25.02594,121.50651,5
500113008,20231004,962,43,38,1,25.02594,121.50651,5
500113008,20231004,963,43,39,1,25.02594,121.50651,4
500113008,20231004,964,43,39,1,25.02594,121.50651,4
500113008,20231004,965,43,40,1,25.02594,121.50651,3
500113008,20231004,966,43,40,1,25.02594,121.50651,3
500113008,20231004,967,43,40,1,25.02594,121.50651,3
500113008,20231004,968,43,40,1,25.02594,121.50651,3
500113008,20231004,969,43,40,1,25.02594,121.50651,3
500113008,20231004,970,43,41,1,25.02594,121.50651,2
500113008,20231004,971,43,41,1,25.02594,121.50651,2
500113008,20231004,972,43,42,1,25.02594,121.50651,1
500113008,20231004,973,43,42,1,25.02594,121.50651,1
500113008,20231004,974,43,42,1,25.02594,121.50651,1
500113008,20231004,975,43,43,1,25.02594,121.50651,0
500113008,20231004,976,43,43,1,25.02594,121.50651,0
500113008,20231004,977,43,43,1,25.02594,121.50651,0
500113008,20231004,978,43,41,1,25.02594,121.50651,2
500113008,20231004,979,43,41,1,25.02594,121.50651,2
500113008,20231004,981,43,41,1,25.02594,121.50651,2
500113008,20231004,982,43,40,1,25.02594,121.50651,3
500113008,20231004,983,43,40,1,25.02594,121.50651,3
500113008,20231004,984,43,40,1,25.02594,121.50651,3
500113008,20231004,985,43,40,1,25.02594,121.50651,3
500113008,20231004,986,43,40,1,25.02594,121.50651,3
500113008,20231004,987,43,40,1,25.02594,121.50651,3
500113008,20231004,988,43,41,1,25.02594,121.50651,2
500113008,20231004,989,43,41,1,25.02594,121.50651,2
500113008,20231004,990,43,41,1,25.02594,121.50651,2
500113008,20231004,991,43,41,1,25.02594,121.50651,2
500113008,20231004,992,43,41,1,25.02594,121.50651,2
500113008,20231004,993,43,41,1,25.02594,121.50651,2
500113008,20231004,994,43,41,1,25.02594,121.50651,2
500113008,20231004,995,43,40,1,25.02594,121.50651,3
500113008,20231004,996,43,39,1,25.02594,121.50651,4
500113008,20231004,997,43,39,1,25.02594,121.50651,4
500113008,20231004,998,43,38,1,25.02594,121.50651,5
500113008,20231004,999,43,38,1,25.02594,121.50651,5
500113008,20231004,1000,43,39,1,25.02594,121.50651,4
500113008,20231004,1001,43,39,1,25.02594,121.50651,4
500113008,20231004,1002,43,38,1,25.02594,121.50651,5
500113008,20231004,1003,43,38,1,25.02594,121.50651,5
500113008,20231004,1004,43,38,1,25.02594,121.50651,5
500113008,20231004,1005,43,38,1,25.02594,121.50651,5
500113008,20231004,1006,43,38,1,25.02594,121.50651,5
500113008,20231004,1007,43,38,1,25.02594,121.50651,5
500113008,20231004,1008,43,38,1,25.02594,121.50651,5
500113008,20231004,1009,43,38,1,25.02594,121.50651,5
500113008,20231004,1010,43,37,1,25.02594,121.50651,6
500113008,20231004,1011,43,37,1,25.02594,121.50651,6
500113008,20231004,1012,43,37,1,25.02594,121.50651,6
500113008,20231004,1013,43,37,1,25.02594,121.50651,6
500113008,20231004,1014,43,37,1,25.02594,121.50651,6
500113008,20231004,1015,43,37,1,25.02594,121.50651,6
500113008,20231004,1016,43,38,1,25.02594,121.50651,5
500113008,20231004,1017,43,38,1,25.02594,121.50651,5
500113008,20231004,1018,43,38,1,25.02594,121.50651,5
500113008,20231004,1019,43,38,1,25.02594,121.50651,5
500113008,20231004,1021,43,38,1,25.02594,121.50651,5
500113008,20231004,1022,43,38,1,25.02594,121.50651,5
500113008,20231004,1023,43,38,1,25.02594,121.50651,5
500113008,20231004,1024,43,38,1,25.02594,121.50651,5
500113008,20231004,1025,43,38,1,25.02594,121.50651,5
500113008,20231004,1026,43,38,1,25.02594,121.50651,5
500113008,20231004,1027,43,38,1,25.02594,121.50651,5
500113008,20231004,1028,43,38,1,25.02594,121.50651,5
500113008,20231004,1029,43,38,1,25.02594,121.50651,5
500113008,20231004,1030,43,38,1,25.02594,121.50651,5
500113008,20231004,1031,43,38,1,25.02594,121.50651,5
500113008,20231004,1032,43,38,1,25.02594,121.50651,5
500113008,20231004,1033,43,38,1,25.02594,121.50651,5
500113008,20231004,1034,43,38,1,25.02594,121.50651,5
500113008,20231004,1035,43,38,1,25.02594,121.50651,5
500113008,20231004,1036,43,38,1,25.02594,121.50651,5
500113008,20231004,1037,43,38,1,25.02594,121.50651,5
500113008,20231004,1038,43,38,1,25.02594,121.50651,5
500113008,20231004,1039,43,38,1,25.02594,121.50651,5
500113008,20231004,1041,43,38,1,25.02594,121.50651,5
500113008,20231004,1042,43,39,1,25.02594,121.50651,4
500113008,20231004,1043,43,39,1,25.02594,121.50651,4
500113008,20231004,1044,43,39,1,25.02594,121.50651,4
500113008,20231004,1045,43,38,1,25.02594,121.50651,5
500113008,20231004,1046,43,37,1,25.02594,121.50651,6
500113008,20231004,1047,43,37,1,25.02594,121.50651,6
500113008,20231004,1048,43,37,1,25.02594,121.50651,6
500113008,20231004,1049,43,37,1,25.02594,121.50651,6
500113008,20231004,1051,43,37,1,25.02594,121.50651,6
500113008,20231004,1052,43,37,1,25.02594,121.50651,6
500113008,20231004,1053,43,37,1,25.02594,121.50651,6
500113008,20231004,1054,43,37,1,25.02594,121.50651,6
500113008,20231004,1055,43,37,1,25.02594,121.50651,6
500113008,20231004,1056,43,37,1,25.02594,121.50651,6
500113008,20231004,1057,43,37,1,25.02594,121.50651,6
500113008,20231004,1058,43,37,1,25.02594,121.50651,6
500113008,20231004,1059,43,37,1,25.02594,121.50651,6
500113008,20231004,1060,43,38,1,25.02594,121.50651,5
500113008,20231004,1061,43,38,1,25.02594,121.50651,5
500113008,20231004,1062,43,37,1,25.02594,121.50651,6
500113008,20231004,1063,43,38,1,25.02594,121.50651,5
500113008,20231004,1064,43,38,1,25.02594,121.50651,5
500113008,20231004,1065,43,37,1,25.02594,121.50651,6
500113008,20231004,1066,43,37,1,25.02594,121.50651,6
500113008,20231004,1067,43,37,1,25.02594,121.50651,6
500113008,20231004,1068,43,37,1,25.02594,121.50651,6
500113008,20231004,1069,43,37,1,25.02594,121.50651,6
500113008,20231004,1070,43,37,1,25.02594,121.50651,6
500113008,20231004,1071,43,37,1,25.02594,121.50651,6
500113008,20231004,1072,43,37,1,25.02594,121.50651,6
500113008,20231004,1073,43,37,1,25.02594,121.50651,6
500113008,20231004,1074,43,37,1,25.02594,121.50651,6
500113008,20231004,1075,43,37,1,25.02594,121.50651,6
500113008,20231004,1076,43,36,1,25.02594,121.50651,7
500113008,20231004,1077,43,36,1,25.02594,121.50651,7
500113008,20231004,1078,43,36,1,25.02594,121.50651,7
500113008,20231004,1079,43,36,1,25.02594,121.50651,7
500113008,20231004,1081,43,36,1,25.02594,121.50651,7
500113008,20231004,1082,43,36,1,25.02594,121.50651,7
500113008,20231004,1084,43,36,1,25.02594,121.50651,7
500113008,20231004,1085,43,36,1,25.02594,121.50651,7
500113008,20231004,1086,43,36,1,25.02594,121.50651,7
500113008,20231004,1087,43,37,1,25.02594,121.50651,6
500113008,20231004,1088,43,37,1,25.02594,121.50651,6
500113008,20231004,1089,43,37,1,25.02594,121.50651,6
500113008,20231004,1090,43,37,1,25.02594,121.50651,6
500113008,20231004,1091,43,37,1,25.02594,121.50651,6
500113008,20231004,1092,43,37,1,25.02594,121.50651,6
500113008,20231004,1093,43,38,1,25.02594,121.50651,5
500113008,20231004,1094,43,38,1,25.02594,121.50651,5
500113008,20231004,1095,43,37,1,25.02594,121.50651,6
500113008,20231004,1096,43,37,1,25.02594,121.50651,6
500113008,20231004,1097,43,38,1,25.02594,121.50651,5
500113008,20231004,1098,43,38,1,25.02594,121.50651,5
500113008,20231004,1099,43,38,1,25.02594,121.50651,5
500113008,20231004,1101,43,38,1,25.02594,121.50651,5
500113008,20231004,1102,43,38,1,25.02594,121.50651,5
500113008,20231004,1103,43,38,1,25.02594,121.50651,5
500113008,20231004,1104,43,38,1,25.02594,121.50651,5
500113008,20231004,1105,43,38,1,25.02594,121.50651,5
500113008,20231004,1106,43,38,1,25.02594,121.50651,5
500113008,20231004,1107,43,38,1,25.02594,121.50651,5
500113008,20231004,1108,43,38,1,25.02594,121.50651,5
500113008,20231004,1109,43,38,1,25.02594,121.50651,5
500113008,20231004,1111,43,38,1,25.02594,121.50651,5
500113008,20231004,1112,43,38,1,25.02594,121.50651,5
500113008,20231004,1113,43,38,1,25.02594,121.50651,5
500113008,20231004,1114,43,38,1,25.02594,121.50651,5
500113008,20231004,1115,43,37,1,25.02594,121.50651,6
500113008,20231004,1116,43,37,1,25.02594,121.50651,6
500113008,20231004,1117,43,37,1,25.02594,121.50651,6
500113008,20231004,1118,43,37,1,25.02594,121.50651,6
500113008,20231004,1119,43,36,1,25.02594,121.50651,7
500113008,20231004,1120,43,35,1,25.02594,121.50651,8
500113008,20231004,1121,43,35,1,25.02594,121.50651,8
500113008,20231004,1122,43,35,1,25.02594,121.50651,8
500113008,20231004,1123,43,35,1,25.02594,121.50651,8
500113008,20231004,1124,43,36,1,25.02594,121.50651,7
500113008,20231004,1125,43,36,1,25.02594,121.50651,7
500113008,20231004,1126,43,36,1,25.02594,121.50651,7
500113008,20231004,1127,43,36,1,25.02594,121.50651,7
500113008,20231004,1128,43,35,1,25.02594,121.50651,8
500113008,20231004,1129,43,35,1,25.02594,121.50651,8
500113008,20231004,1130,43,35,1,25.02594,121.50651,8
500113008,20231004,1131,43,35,1,25.02594,121.50651,8
500113008,20231004,1132,43,35,1,25.02594,121.50651,8
500113008,20231004,1133,43,35,1,25.02594,121.50651,8
500113008,20231004,1134,43,35,1,25.02594,121.50651,8
500113008,20231004,1135,43,35,1,25.02594,121.50651,8
500113008,20231004,1136,43,35,1,25.02594,121.50651,8
500113008,20231004,1137,43,35,1,25.02594,121.50651,8
500113008,20231004,1138,43,36,1,25.02594,121.50651,7
500113008,20231004,1139,43,36,1,25.02594,121.50651,7
500113008,20231004,1141,43,35,1,25.02594,121.50651,8
500113008,20231004,1142,43,35,1,25.02594,121.50651,8
500113008,20231004,1143,43,35,1,25.02594,121.50651,8
500113008,20231004,1144,43,35,1,25.02594,121.50651,8
500113008,20231004,1145,43,35,1,25.02594,121.50651,8
500113008,20231004,1146,43,35,1,25.02594,121.50651,8
500113008,20231004,1147,43,35,1,25.02594,121.50651,8
500113008,20231004,1148,43,35,1,25.02594,121.50651,8
500113008,20231004,1149,43,35,1,25.02594,121.50651,8
500113008,20231004,1150,43,35,1,25.02594,121.50651,8
500113008,20231004,1151,43,35,1,25.02594,121.50651,8
500113008,20231004,1152,43,35,1,25.02594,121.50651,8
500113008,20231004,1153,43,35,1,25.02594,121.50651,8
500113008,20231004,1154,43,35,1,25.02594,121.50651,8
500113008,20231004,1155,43,35,1,25.02594,121.50651,8
500113008,20231004,1156,43,35,1,25.02594,121.50651,8
500113008,20231004,1157,43,35,1,25.02594,121.50651,8
500113008,20231004,1158,43,35,1,25.02594,121.50651,8
500113008,20231004,1159,43,36,1,25.02594,121.50651,7
500113008,20231004,1161,43,35,1,25.02594,121.50651,8
500113008,20231004,1162,43,35,1,25.02594,121.50651,8
500113008,20231004,1163,43,35,1,25.02594,121.50651,8
500113008,20231004,1164,43,35,1,25.02594,121.50651,8
500113008,20231004,1165,43,35,1,25.02594,121.50651,8
500113008,20231004,1166,43,35,1,25.02594,121.50651,8
500113008,20231004,1167,43,34,1,25.02594,121.50651,9
500113008,20231004,1168,43,34,1,25.02594,121.50651,9
500113008,20231004,1169,43,34,1,25.02594,121.50651,9
500113008,20231004,1170,43,34,1,25.02594,121.50651,9
500113008,20231004,1171,43,34,1,25.02594,121.50651,9
500113008,20231004,1172,43,34,1,25.02594,121.50651,9
500113008,20231004,1173,43,34,1,25.02594,121.50651,9
500113008,20231004,1174,43,34,1,25.02594,121.50651,9
500113008,20231004,1175,43,34,1,25.02594,121.50651,9
500113008,20231004,1176,43,34,1,25.02594,121.50651,9
500113008,20231004,1177,43,34,1,25.02594,121.50651,9
500113008,20231004,1178,43,34,1,25.02594,121.50651,9
500113008,20231004,1179,43,33,1,25.02594,121.50651,10
500113008,20231004,1180,43,33,1,25.02594,121.50651,10
500113008,20231004,1181,43,33,1,25.02594,121.50651,10
500113008,20231004,1182,43,33,1,25.02594,121.50651,10
500113008,20231004,1183,43,33,1,25.02594,121.50651,10
500113008,20231004,1184,43,33,1,25.02594,121.50651,10
500113008,20231004,1185,43,33,1,25.02594,121.50651,10
500113008,20231004,1186,43,33,1,25.02594,121.50651,10
500113008,20231004,1187,43,33,1,25.02594,121.50651,10
500113008,20231004,1188,43,33,1,25.02594,121.50651,10
500113008,20231004,1189,43,33,1,25.02594,121.50651,10
500113008,20231004,1190,43,33,1,25.02594,121.50651,10
500113008,20231004,1191,43,33,1,25.02594,121.50651,10
500113008,20231004,1192,43,33,1,25.02594,121.50651,10
500113008,20231004,1193,43,33,1,25.02594,121.50651,10
500113008,20231004,1194,43,33,1,25.02594,121.50651,10
500113008,20231004,1195,43,33,1,25.02594,121.50651,10
500113008,20231004,1196,43,33,1,25.02594,121.50651,10
500113008,20231004,1197,43,33,1,25.02594,121.50651,10
500113008,20231004,1198,43,33,1,25.02594,121.50651,10
500113008,20231004,1199,43,33,1,25.02594,121.50651,10
500113008,20231004,1201,43,33,1,25.02594,121.50651,10
500113008,20231004,1202,43,33,1,25.02594,121.50651,10
500113008,20231004,1203,43,33,1,25.02594,121.50651,10
500113008,20231004,1204,43,32,1,25.02594,121.50651,11
500113008,20231004,1205,43,32,1,25.02594,121.50651,11
500113008,20231004,1206,43,32,1,25.02594,121.50651,11
500113008,20231004,1207,43,32,1,25.02594,121.50651,11
500113008,20231004,1208,43,32,1,25.02594,121.50651,11
500113008,20231004,1209,43,32,1,25.02594,121.50651,11
500113008,20231004,1210,43,32,1,25.02594,121.50651,11
500113008,20231004,1211,43,32,1,25.02594,121.50651,11
500113008,20231004,1212,43,32,1,25.02594,121.50651,11
500113008,20231004,1213,43,32,1,25.02594,121.50651,11
500113008,20231004,1214,43,32,1,25.02594,121.50651,11
500113008,20231004,1215,43,32,1,25.02594,121.50651,11
500113008,20231004,1216,43,32,1,25.02594,121.50651,11
500113008,20231004,1217,43,32,1,25.02594,121.50651,11
500113008,20231004,1218,43,32,1,25.02594,121.50651,11
500113008,20231004,1219,43,32,1,25.02594,121.50651,11
500113008,20231004,1221,43,32,1,25.02594,121.50651,11
500113008,20231004,1222,43,32,1,25.02594,121.50651,11
500113008,20231004,1223,43,32,1,25.02594,121.50651,11
500113008,20231004,1224,43,33,1,25.02594,121.50651,10
500113008,20231004,1225,43,33,1,25.02594,121.50651,10
500113008,20231004,1226,43,33,1,25.02594,121.50651,10
500113008,20231004,1227,43,33,1,25.02594,121.50651,10
500113008,20231004,1228,43,33,1,25.02594,121.50651,10
500113008,20231004,1229,43,33,1,25.02594,121.50651,10
500113008,20231004,1230,43,34,1,25.02594,121.50651,9
500113008,20231004,1231,43,34,1,25.02594,121.50651,9
500113008,20231004,1232,43,34,1,25.02594,121.50651,9
500113008,20231004,1233,43,34,1,25.02594,121.50651,9
500113008,20231004,1234,43,34,1,25.02594,121.50651,9
500113008,20231004,1235,43,34,1,25.02594,121.50651,9
500113008,20231004,1236,43,34,1,25.02594,121.50651,9
500113008,20231004,1237,43,34,1,25.02594,121.50651,9
500113008,20231004,1238,43,34,1,25.02594,121.50651,9
500113008,20231004,1239,43,34,1,25.02594,121.50651,9
500113008,20231004,1240,43,34,1,25.02594,121.50651,9
500113008,20231004,1241,43,34,1,25.02594,121.50651,9
500113008,20231004,1242,43,34,1,25.02594,121.50651,9
500113008,20231004,1243,43,34,1,25.02594,121.50651,9
500113008,20231004,1244,43,34,1,25.02594,121.50651,9
500113008,20231004,1245,43,34,1,25.02594,121.50651,9
500113008,20231004,1246,43,34,1,25.02594,121.50651,9
500113008,20231004,1247,43,32,1,25.02594,121.50651,11
500113008,20231004,1248,43,32,1,25.02594,121.50651,11
500113008,20231004,1249,43,32,1,25.02594,121.50651,11
500113008,20231004,1250,43,32,1,25.02594,121.50651,11
500113008,20231004,1251,43,32,1,25.02594,121.50651,11
500113008,20231004,1252,43,32,1,25.02594,121.50651,11
500113008,20231004,1253,43,32,1,25.02594,121.50651,11
500113008,20231004,1254,43,32,1,25.02594,121.50651,11
500113008,20231004,1255,43,32,1,25.02594,121.50651,11
500113008,20231004,1256,43,33,1,25.02594,121.50651,10
500113008,20231004,1257,43,33,1,25.02594,121.50651,10
500113008,20231004,1258,43,33,1,25.02594,121.50651,10
500113008,20231004,1259,43,33,1,25.02594,121.50651,10
500113008,20231004,1261,43,33,1,25.02594,121.50651,10
500113008,20231004,1262,43,33,1,25.02594,121.50651,10
500113008,20231004,1263,43,33,1,25.02594,121.50651,10
500113008,20231004,1264,43,33,1,25.02594,121.50651,10
500113008,20231004,1265,43,33,1,25.02594,121.50651,10
500113008,20231004,1266,43,33,1,25.02594,121.50651,10
500113008,20231004,1267,43,33,1,25.02594,121.50651,10
500113008,20231004,1268,43,33,1,25.02594,121.50651,10
500113008,20231004,1269,43,33,1,25.02594,121.50651,10
500113008,20231004,1270,43,33,1,25.02594,121.50651,10
500113008,20231004,1271,43,33,1,25.02594,121.50651,10
500113008,20231004,1272,43,33,1,25.02594,121.50651,10
500113008,20231004,1273,43,33,1,25.02594,121.50651,10
500113008,20231004,1274,43,33,1,25.02594,121.50651,10
500113008,20231004,1275,43,34,1,25.02594,121.50651,9
500113008,20231004,1276,43,34,1,25.02594,121.50651,9
500113008,20231004,1277,43,34,1,25.02594,121.50651,9
500113008,20231004,1278,43,35,1,25.02594,121.50651,8
500113008,20231004,1279,43,35,1,25.02594,121.50651,8
500113008,20231004,1281,43,35,1,25.02594,121.50651,8
500113008,20231004,1282,43,35,1,25.02594,121.50651,8
500113008,20231004,1283,43,35,1,25.02594,121.50651,8
500113008,20231004,1284,43,35,1,25.02594,121.50651,8
500113008,20231004,1285,43,35,1,25.02594,121.50651,8
500113008,20231004,1286,43,35,1,25.02594,121.50651,8
500113008,20231004,1287,43,35,1,25.02594,121.50651,8
500113008,20231004,1288,43,35,1,25.02594,121.50651,8
500113008,20231004,1289,43,35,1,25.02594,121.50651,8
500113008,20231004,1290,43,35,1,25.02594,121.50651,8
500113008,20231004,1291,43,35,1,25.02594,121.50651,8
500113008,20231004,1292,43,35,1,25.02594,121.50651,8
500113008,20231004,1293,43,35,1,25.02594,121.50651,8
500113008,20231004,1294,43,35,1,25.02594,121.50651,8
500113008,20231004,1295,43,35,1,25.02594,121.50651,8
500113008,20231004,1296,43,35,1,25.02594,121.50651,8
500113008,20231004,1297,43,35,1,25.02594,121.50651,8
500113008,20231004,1298,43,35,1,25.02594,121.50651,8
500113008,20231004,1299,43,35,1,25.02594,121.50651,8
500113008,20231004,1300,43,35,1,25.02594,121.50651,8
500113008,20231004,1301,43,35,1,25.02594,121.50651,8
500113008,20231004,1302,43,35,1,25.02594,121.50651,8
500113008,20231004,1303,43,35,1,25.02594,121.50651,8
500113008,20231004,1304,43,35,1,25.02594,121.50651,8
500113008,20231004,1305,43,35,1,25.02594,121.50651,8
500113008,20231004,1306,43,35,1,25.02594,121.50651,8
500113008,20231004,1307,43,35,1,25.02594,121.50651,8
500113008,20231004,1308,43,35,1,25.02594,121.50651,8
500113008,20231004,1309,43,35,1,25.02594,121.50651,8
500113008,20231004,1310,43,35,1,25.02594,121.50651,8
500113008,20231004,1311,43,35,1,25.02594,121.50651,8
500113008,20231004,1312,43,35,1,25.02594,121.50651,8
500113008,20231004,1313,43,35,1,25.02594,121.50651,8
500113008,20231004,1314,43,35,1,25.02594,121.50651,8
500113008,20231004,1315,43,35,1,25.02594,121.50651,8
500113008,20231004,1316,43,35,1,25.02594,121.50651,8
500113008,20231004,1317,43,35,1,25.02594,121.50651,8
500113008,20231004,1318,43,35,1,25.02594,121.50651,8
500113008,20231004,1319,43,35,1,25.02594,121.50651,8
500113008,20231004,1321,43,35,1,25.02594,121.50651,8
500113008,20231004,1322,43,35,1,25.02594,121.50651,8
500113008,20231004,1323,43,35,1,25.02594,121.50651,8
500113008,20231004,1324,43,35,1,25.02594,121.50651,8
500113008,20231004,1325,43,35,1,25.02594,121.50651,8
500113008,20231004,1326,43,35,1,25.02594,121.50651,8
500113008,20231004,1327,43,35,1,25.02594,121.50651,8
500113008,20231004,1328,43,35,1,25.02594,121.50651,8
500113008,20231004,1329,43,35,1,25.02594,121.50651,8
500113008,20231004,1330,43,35,1,25.02594,121.50651,8
500113008,20231004,1331,43,35,1,25.02594,121.50651,8
500113008,20231004,1332,43,35,1,25.02594,121.50651,8
500113008,20231004,1333,43,35,1,25.02594,121.50651,8
500113008,20231004,1334,43,35,1,25.02594,121.50651,8
500113008,20231004,1335,43,35,1,25.02594,121.50651,8
500113008,20231004,1336,43,35,1,25.02594,121.50651,8
500113008,20231004,1337,43,35,1,25.02594,121.50651,8
500113008,20231004,1338,43,35,1,25.02594,121.50651,8
500113008,20231004,1339,43,35,1,25.02594,121.50651,8
500113008,20231004,1341,43,35,1,25.02594,121.50651,8
500113008,20231004,1342,43,35,1,25.02594,121.50651,8
500113008,20231004,1343,43,35,1,25.02594,121.50651,8
500113008,20231004,1344,43,35,1,25.02594,121.50651,8
500113008,20231004,1345,43,35,1,25.02594,121.50651,8
500113008,20231004,1346,43,35,1,25.02594,121.50651,8
500113008,20231004,1347,43,35,1,25.02594,121.50651,8
500113008,20231004,1348,43,35,1,25.02594,121.50651,8
500113008,20231004,1349,43,35,1,25.02594,121.50651,8
500113008,20231004,1350,43,35,1,25.02594,121.50651,8
500113008,20231004,1351,43,35,1,25.02594,121.50651,8
500113008,20231004,1352,43,35,1,25.02594,121.50651,8
500113008,20231004,1353,43,35,1,25.02594,121.50651,8
500113008,20231004,1354,43,35,1,25.02594,121.50651,8
500113008,20231004,1355,43,35,1,25.02594,121.50651,8
500113008,20231004,1356,43,35,1,25.02594,121.50651,8
500113008,20231004,1357,43,35,1,25.02594,121.50651,8
500113008,20231004,1358,43,35,1,25.02594,121.50651,8
500113008,20231004,1359,43,35,1,25.02594,121.50651,8
500113008,20231004,1360,43,35,1,25.02594,121.50651,8
500113008,20231004,1361,43,35,1,25.02594,121.50651,8
500113008,20231004,1362,43,35,1,25.02594,121.50651,8
500113008,20231004,1363,43,35,1,25.02594,121.50651,8
500113008,20231004,1364,43,35,1,25.02594,121.50651,8
500113008,20231004,1365,43,35,1,25.02594,121.50651,8
500113008,20231004,1366,43,35,1,25.02594,121.50651,8
500113008,20231004,1367,43,35,1,25.02594,121.50651,8
500113008,20231004,1368,43,35,1,25.02594,121.50651,8
500113008,20231004,1369,43,35,1,25.02594,121.50651,8
500113008,20231004,1371,43,35,1,25.02594,121.50651,8
500113008,20231004,1372,43,35,1,25.02594,121.50651,8
500113008,20231004,1373,43,35,1,25.02594,121.50651,8
500113008,20231004,1374,43,35,1,25.02594,121.50651,8
500113008,20231004,1375,43,35,1,25.02594,121.50651,8
500113008,20231004,1376,43,35,1,25.02594,121.50651,8
500113008,20231004,1377,43,35,1,25.02594,121.50651,8
500113008,20231004,1378,43,35,1,25.02594,121.50651,8
500113008,20231004,1379,43,35,1,25.02594,121.50651,8
500113008,20231004,1381,43,35,1,25.02594,121.50651,8
500113008,20231004,1382,43,35,1,25.02594,121.50651,8
500113008,20231004,1383,43,35,1,25.02594,121.50651,8
500113008,20231004,1384,43,35,1,25.02594,121.50651,8
500113008,20231004,1385,43,35,1,25.02594,121.50651,8
500113008,20231004,1386,43,35,1,25.02594,121.50651,8
500113008,20231004,1387,43,35,1,25.02594,121.50651,8
500113008,20231004,1388,43,35,1,25.02594,121.50651,8
500113008,20231004,1389,43,35,1,25.02594,121.50651,8
500113008,20231004,1390,43,35,1,25.02594,121.50651,8
500113008,20231004,1391,43,35,1,25.02594,121.50651,8
500113008,20231004,1392,43,35,1,25.02594,121.50651,8
500113008,20231004,1393,43,35,1,25.02594,121.50651,8
500113008,20231004,1394,43,35,1,25.02594,121.50651,8
500113008,20231004,1395,43,35,1,25.02594,121.50651,8
500113008,20231004,1396,43,35,1,25.02594,121.50651,8
500113008,20231004,1397,43,35,1,25.02594,121.50651,8
500113008,20231004,1398,43,35,1,25.02594,121.50651,8
500113008,20231004,1399,43,35,1,25.02594,121.50651,8
500113008,20231004,1401,43,35,1,25.02594,121.50651,8
500113008,20231004,1402,43,35,1,25.02594,121.50651,8
500113008,20231004,1403,43,35,1,25.02594,121.50651,8
500113008,20231004,1404,43,35,1,25.02594,121.50651,8
500113008,20231004,1405,43,35,1,25.02594,121.50651,8
500113008,20231004,1406,43,35,1,25.02594,121.50651,8
500113008,20231004,1407,43,35,1,25.02594,121.50651,8
500113008,20231004,1408,43,35,1,25.02594,121.50651,8
500113008,20231004,1409,43,35,1,25.02594,121.50651,8
500113008,20231004,1410,43,35,1,25.02594,121.50651,8
500113008,20231004,1411,43,35,1,25.02594,121.50651,8
500113008,20231004,1412,43,35,1,25.02594,121.50651,8
500113008,20231004,1413,43,35,1,25.02594,121.50651,8
500113008,20231004,1414,43,35,1,25.02594,121.50651,8
500113008,20231004,1415,43,35,1,25.02594,121.50651,8
500113008,20231004,1416,43,35,1,25.02594,121.50651,8
500113008,20231004,1417,43,35,1,25.02594,121.50651,8
500113008,20231004,1418,43,35,1,25.02594,121.50651,8
500113008,20231004,1419,43,35,1,25.02594,121.50651,8
500113008,20231004,1420,43,35,1,25.02594,121.50651,8
500113008,20231004,1421,43,35,1,25.02594,121.50651,8
500113008,20231004,1422,43,35,1,25.02594,121.50651,8
500113008,20231004,1423,43,35,1,25.02594,121.50651,8
500113008,20231004,1424,43,35,1,25.02594,121.50651,8
500113008,20231004,1425,43,35,1,25.02594,121.50651,8
500113008,20231004,1426,43,35,1,25.02594,121.50651,8
500113008,20231004,1427,43,35,1,25.02594,121.50651,8
500113008,20231004,1428,43,35,1,25.02594,121.50651,8
500113008,20231004,1429,43,35,1,25.02594,121.50651,8
500113008,20231004,1430,43,35,1,25.02594,121.50651,8
500113008,20231004,1431,43,35,1,25.02594,121.50651,8
500113008,20231004,1432,43,35,1,25.02594,121.50651,8
500113008,20231004,1433,43,35,1,25.02594,121.50651,8
500113008,20231004,1434,43,35,1,25.02594,121.50651,8
500113008,20231004,1435,43,35,1,25.02594,121.50651,8
500113008,20231004,1436,43,35,1,25.02594,121.50651,8
500113008,20231004,1437,43,35,1,25.02594,121.50651,8
500113008,20231004,1438,43,35,1,25.02594,121.50651,8
500113008,20231004,1439,43,35,1,25.02594,121.50651,8
500113008,20231005,1,43,35,1,25.02594,121.50651,8
500113008,20231005,2,43,35,1,25.02594,121.50651,8
500113008,20231005,3,43,35,1,25.02594,121.50651,8
500113008,20231005,4,43,35,1,25.02594,121.50651,8
500113008,20231005,5,43,35,1,25.02594,121.50651,8
500113008,20231005,6,43,35,1,25.02594,121.50651,8
500113008,20231005,7,43,35,1,25.02594,121.50651,8
500113008,20231005,8,43,35,1,25.02594,121.50651,8
500113008,20231005,9,43,35,1,25.02594,121.50651,8
500113008,20231005,10,43,35,1,25.02594,121.50651,8
500113008,20231005,11,43,35,1,25.02594,121.50651,8
500113008,20231005,12,43,35,1,25.02594,121.50651,8
500113008,20231005,13,43,35,1,25.02594,121.50651,8
500113008,20231005,14,43,35,1,25.02594,121.50651,8
500113008,20231005,15,43,35,1,25.02594,121.50651,8
500113008,20231005,16,43,35,1,25.02594,121.50651,8
500113008,20231005,17,43,35,1,25.02594,121.50651,8
500113008,20231005,18,43,35,1,25.02594,121.50651,8
500113008,20231005,19,43,35,1,25.02594,121.50651,8
500113008,20231005,21,43,35,1,25.02594,121.50651,8
500113008,20231005,22,43,35,1,25.02594,121.50651,8
500113008,20231005,23,43,35,1,25.02594,121.50651,8
500113008,20231005,24,43,35,1,25.02594,121.50651,8
500113008,20231005,25,43,35,1,25.02594,121.50651,8
500113008,20231005,26,43,35,1,25.02594,121.50651,8
500113008,20231005,27,43,35,1,25.02594,121.50651,8
500113008,20231005,28,43,35,1,25.02594,121.50651,8
500113008,20231005,29,43,35,1,25.02594,121.50651,8
500113008,20231005,30,43,35,1,25.02594,121.50651,8
500113008,20231005,31,43,35,1,25.02594,121.50651,8
500113008,20231005,32,43,35,1,25.02594,121.50651,8
500113008,20231005,33,43,35,1,25.02594,121.50651,8
500113008,20231005,34,43,35,1,25.02594,121.50651,8
500113008,20231005,35,43,35,1,25.02594,121.50651,8
500113008,20231005,36,43,35,1,25.02594,121.50651,8
500113008,20231005,37,43,35,1,25.02594,121.50651,8
500113008,20231005,38,43,35,1,25.02594,121.50651,8
500113008,20231005,39,43,35,1,25.02594,121.50651,8
500113008,20231005,40,43,35,1,25.02594,121.50651,8
500113008,20231005,41,43,35,1,25.02594,121.50651,8
500113008,20231005,42,43,35,1,25.02594,121.50651,8
500113008,20231005,43,43,35,1,25.02594,121.50651,8
500113008,20231005,44,43,35,1,25.02594,121.50651,8
500113008,20231005,45,43,35,1,25.02594,121.50651,8
500113008,20231005,46,43,35,1,25.02594,121.50651,8
500113008,20231005,47,43,35,1,25.02594,121.50651,8
500113008,20231005,48,43,35,1,25.02594,121.50651,8
500113008,20231005,49,43,35,1,25.02594,121.50651,8
500113008,20231005,50,43,35,1,25.02594,121.50651,8
500113008,20231005,51,43,35,1,25.02594,121.50651,8
500113008,20231005,52,43,35,1,25.02594,121.50651,8
500113008,20231005,53,43,35,1,25.02594,121.50651,8
500113008,20231005,54,43,35,1,25.02594,121.50651,8
500113008,20231005,55,43,35,1,25.02594,121.50651,8
500113008,20231005,56,43,35,1,25.02594,121.50651,8
500113008,20231005,57,43,35,1,25.02594,121.50651,8
500113008,20231005,58,43,35,1,25.02594,121.50651,8
500113008,20231005,59,43,35,1,25.02594,121.50651,8
500113008,20231005,61,43,35,1,25.02594,121.50651,8
500113008,20231005,62,43,35,1,25.02594,121.50651,8
500113008,20231005,63,43,35,1,25.02594,121.50651,8
500113008,20231005,64,43,35,1,25.02594,121.50651,8
500113008,20231005,65,43,35,1,25.02594,121.50651,8
500113008,20231005,66,43,35,1,25.02594,121.50651,8
500113008,20231005,67,43,35,1,25.02594,121.50651,8
500113008,20231005,68,43,35,1,25.02594,121.50651,8
500113008,20231005,69,43,35,1,25.02594,121.50651,8
500113008,20231005,70,43,35,1,25.02594,121.50651,8
500113008,20231005,71,43,35,1,25.02594,121.50651,8
500113008,20231005,72,43,35,1,25.02594,121.50651,8
500113008,20231005,73,43,35,1,25.02594,121.50651,8
500113008,20231005,74,43,35,1,25.02594,121.50651,8
500113008,20231005,75,43,35,1,25.02594,121.50651,8
500113008,20231005,76,43,35,1,25.02594,121.50651,8
500113008,20231005,77,43,35,1,25.02594,121.50651,8
500113008,20231005,78,43,35,1,25.02594,121.50651,8
500113008,20231005,79,43,35,1,25.02594,121.50651,8
500113008,20231005,81,43,35,1,25.02594,121.50651,8
500113008,20231005,82,43,35,1,25.02594,121.50651,8
500113008,20231005,83,43,35,1,25.02594,121.50651,8
500113008,20231005,84,43,35,1,25.02594,121.50651,8
500113008,20231005,85,43,35,1,25.02594,121.50651,8
500113008,20231005,86,43,35,1,25.02594,121.50651,8
500113008,20231005,87,43,35,1,25.02594,121.50651,8
500113008,20231005,88,43,35,1,25.02594,121.50651,8
500113008,20231005,89,43,35,1,25.02594,121.50651,8
500113008,20231005,90,43,35,1,25.02594,121.50651,8
500113008,20231005,91,43,35,1,25.02594,121.50651,8
500113008,20231005,92,43,35,1,25.02594,121.50651,8
500113008,20231005,93,43,35,1,25.02594,121.50651,8
500113008,20231005,94,43,35,1,25.02594,121.50651,8
500113008,20231005,95,43,35,1,25.02594,121.50651,8
500113008,20231005,96,43,35,1,25.02594,121.50651,8
500113008,20231005,97,43,35,1,25.02594,121.50651,8
500113008,20231005,98,43,35,1,25.02594,121.50651,8
500113008,20231005,99,43,35,1,25.02594,121.50651,8
500113008,20231005,100,43,35,1,25.02594,121.50651,8
500113008,20231005,101,43,35,1,25.02594,121.50651,8
500113008,20231005,102,43,35,1,25.02594,121.50651,8
500113008,20231005,103,43,35,1,25.02594,121.50651,8
500113008,20231005,104,43,35,1,25.02594,121.50651,8
500113008,20231005,105,43,35,1,25.02594,121.50651,8
500113008,20231005,106,43,35,1,25.02594,121.50651,8
500113008,20231005,107,43,35,1,25.02594,121.50651,8
500113008,20231005,108,43,35,1,25.02594,121.50651,8
500113008,20231005,109,43,35,1,25.02594,121.50651,8
500113008,20231005,110,43,35,1,25.02594,121.50651,8
500113008,20231005,111,43,35,1,25.02594,121.50651,8
500113008,20231005,112,43,35,1,25.02594,121.50651,8
500113008,20231005,113,43,35,1,25.02594,121.50651,8
500113008,20231005,114,43,35,1,25.02594,121.50651,8
500113008,20231005,115,43,35,1,25.02594,121.50651,8
500113008,20231005,116,43,35,1,25.02594,121.50651,8
500113008,20231005,117,43,35,1,25.02594,121.50651,8
500113008,20231005,118,43,35,1,25.02594,121.50651,8
500113008,20231005,119,43,35,1,25.02594,121.50651,8
500113008,20231005,121,43,35,1,25.02594,121.50651,8
500113008,20231005,122,43,35,1,25.02594,121.50651,8
500113008,20231005,123,43,35,1,25.02594,121.50651,8
500113008,20231005,124,43,35,1,25.02594,121.50651,8
500113008,20231005,125,43,35,1,25.02594,121.50651,8
500113008,20231005,126,43,35,1,25.02594,121.50651,8
500113008,20231005,127,43,35,1,25.02594,121.50651,8
500113008,20231005,128,43,35,1,25.02594,121.50651,8
500113008,20231005,129,43,35,1,25.02594,121.50651,8
500113008,20231005,130,43,35,1,25.02594,121.50651,8
500113008,20231005,131,43,35,1,25.02594,121.50651,8
500113008,20231005,132,43,35,1,25.02594,121.50651,8
500113008,20231005,133,43,35,1,25.02594,121.50651,8
500113008,20231005,134,43,35,1,25.02594,121.50651,8
500113008,20231005,135,43,35,1,25.02594,121.50651,8
500113008,20231005,136,43,35,1,25.02594,121.50651,8
500113008,20231005,137,43,35,1,25.02594,121.50651,8
500113008,20231005,138,43,35,1,25.02594,121.50651,8
500113008,20231005,139,43,35,1,25.02594,121.50651,8
500113008,20231005,141,43,35,1,25.02594,121.50651,8
500113008,20231005,142,43,35,1,25.02594,121.50651,8
500113008,20231005,143,43,35,1,25.02594,121.50651,8
500113008,20231005,144,43,35,1,25.02594,121.50651,8
500113008,20231005,145,43,35,1,25.02594,121.50651,8
500113008,20231005,146,43,35,1,25.02594,121.50651,8
500113008,20231005,147,43,35,1,25.02594,121.50651,8
500113008,20231005,148,43,35,1,25.02594,121.50651,8
500113008,20231005,149,43,35,1,25.02594,121.50651,8
500113008,20231005,150,43,35,1,25.02594,121.50651,8
500113008,20231005,151,43,35,1,25.02594,121.50651,8
500113008,20231005,152,43,35,1,25.02594,121.50651,8
500113008,20231005,153,43,35,1,25.02594,121.50651,8
500113008,20231005,154,43,35,1,25.02594,121.50651,8
500113008,20231005,155,43,35,1,25.02594,121.50651,8
500113008,20231005,156,43,35,1,25.02594,121.50651,8
500113008,20231005,157,43,35,1,25.02594,121.50651,8
500113008,20231005,158,43,35,1,25.02594,121.50651,8
500113008,20231005,159,43,35,1,25.02594,121.50651,8
500113008,20231005,160,43,35,1,25.02594,121.50651,8
500113008,20231005,161,43,35,1,25.02594,121.50651,8
500113008,20231005,162,43,35,1,25.02594,121.50651,8
500113008,20231005,163,43,35,1,25.02594,121.50651,8
500113008,20231005,164,43,35,1,25.02594,121.50651,8
500113008,20231005,165,43,35,1,25.02594,121.50651,8
500113008,20231005,166,43,35,1,25.02594,121.50651,8
500113008,20231005,167,43,35,1,25.02594,121.50651,8
500113008,20231005,168,43,35,1,25.02594,121.50651,8
500113008,20231005,169,43,35,1,25.02594,121.50651,8
500113008,20231005,170,43,35,1,25.02594,121.50651,8
500113008,20231005,171,43,35,1,25.02594,121.50651,8
500113008,20231005,172,43,35,1,25.02594,121.50651,8
500113008,20231005,173,43,35,1,25.02594,121.50651,8
500113008,20231005,174,43,35,1,25.02594,121.50651,8
500113008,20231005,175,43,35,1,25.02594,121.50651,8
500113008,20231005,176,43,35,1,25.02594,121.50651,8
500113008,20231005,177,43,35,1,25.02594,121.50651,8
500113008,20231005,178,43,35,1,25.02594,121.50651,8
500113008,20231005,179,43,35,1,25.02594,121.50651,8
500113008,20231005,180,43,35,1,25.02594,121.50651,8
500113008,20231005,181,43,35,1,25.02594,121.50651,8
500113008,20231005,182,43,35,1,25.02594,121.50651,8
500113008,20231005,183,43,35,1,25.02594,121.50651,8
500113008,20231005,184,43,35,1,25.02594,121.50651,8
500113008,20231005,185,43,35,1,25.02594,121.50651,8
500113008,20231005,186,43,35,1,25.02594,121.50651,8
500113008,20231005,187,43,35,1,25.02594,121.50651,8
500113008,20231005,188,43,35,1,25.02594,121.50651,8
500113008,20231005,189,43,35,1,25.02594,121.50651,8
500113008,20231005,190,43,35,1,25.02594,121.50651,8
500113008,20231005,191,43,35,1,25.02594,121.50651,8
500113008,20231005,192,43,35,1,25.02594,121.50651,8
500113008,20231005,193,43,35,1,25.02594,121.50651,8
500113008,20231005,194,43,35,1,25.02594,121.50651,8
500113008,20231005,195,43,35,1,25.02594,121.50651,8
500113008,20231005,196,43,35,1,25.02594,121.50651,8
500113008,20231005,197,43,35,1,25.02594,121.50651,8
500113008,20231005,198,43,35,1,25.02594,121.50651,8
500113008,20231005,199,43,35,1,25.02594,121.50651,8
500113008,20231005,201,43,35,1,25.02594,121.50651,8
500113008,20231005,202,43,35,1,25.02594,121.50651,8
500113008,20231005,203,43,35,1,25.02594,121.50651,8
500113008,20231005,204,43,35,1,25.02594,121.50651,8
500113008,20231005,205,43,35,1,25.02594,121.50651,8
500113008,20231005,206,43,35,1,25.02594,121.50651,8
500113008,20231005,207,43,35,1,25.02594,121.50651,8
500113008,20231005,208,43,35,1,25.02594,121.50651,8
500113008,20231005,209,43,35,1,25.02594,121.50651,8
500113008,20231005,210,43,35,1,25.02594,121.50651,8
500113008,20231005,211,43,35,1,25.02594,121.50651,8
500113008,20231005,212,43,35,1,25.02594,121.50651,8
500113008,20231005,213,43,35,1,25.02594,121.50651,8
500113008,20231005,214,43,35,1,25.02594,121.50651,8
500113008,20231005,215,43,35,1,25.02594,121.50651,8
500113008,20231005,216,43,35,1,25.02594,121.50651,8
500113008,20231005,217,43,35,1,25.02594,121.50651,8
500113008,20231005,218,43,35,1,25.02594,121.50651,8
500113008,20231005,220,43,35,1,25.02594,121.50651,8
500113008,20231005,221,43,35,1,25.02594,121.50651,8
500113008,20231005,222,43,35,1,25.02594,121.50651,8
500113008,20231005,223,43,35,1,25.02594,121.50651,8
500113008,20231005,224,43,35,1,25.02594,121.50651,8
500113008,20231005,225,43,35,1,25.02594,121.50651,8
500113008,20231005,226,43,35,1,25.02594,121.50651,8
500113008,20231005,227,43,35,1,25.02594,121.50651,8
500113008,20231005,228,43,35,1,25.02594,121.50651,8
500113008,20231005,229,43,35,1,25.02594,121.50651,8
500113008,20231005,230,43,35,1,25.02594,121.50651,8
500113008,20231005,231,43,35,1,25.02594,121.50651,8
500113008,20231005,232,43,35,1,25.02594,121.50651,8
500113008,20231005,233,43,35,1,25.02594,121.50651,8
500113008,20231005,234,43,35,1,25.02594,121.50651,8
500113008,20231005,235,43,35,1,25.02594,121.50651,8
500113008,20231005,236,43,35,1,25.02594,121.50651,8
500113008,20231005,237,43,35,1,25.02594,121.50651,8
500113008,20231005,238,43,35,1,25.02594,121.50651,8
500113008,20231005,239,43,35,1,25.02594,121.50651,8
500113008,20231005,240,43,35,1,25.02594,121.50651,8
500113008,20231005,241,43,35,1,25.02594,121.50651,8
500113008,20231005,242,43,35,1,25.02594,121.50651,8
500113008,20231005,243,43,35,1,25.02594,121.50651,8
500113008,20231005,244,43,35,1,25.02594,121.50651,8
500113008,20231005,245,43,35,1,25.02594,121.50651,8
500113008,20231005,246,43,35,1,25.02594,121.50651,8
500113008,20231005,247,43,35,1,25.02594,121.50651,8
500113008,20231005,248,43,35,1,25.02594,121.50651,8
500113008,20231005,249,43,35,1,25.02594,121.50651,8
500113008,20231005,250,43,35,1,25.02594,121.50651,8
500113008,20231005,251,43,35,1,25.02594,121.50651,8
500113008,20231005,252,43,35,1,25.02594,121.50651,8
500113008,20231005,253,43,35,1,25.02594,121.50651,8
500113008,20231005,254,43,35,1,25.02594,121.50651,8
500113008,20231005,255,43,35,1,25.02594,121.50651,8
500113008,20231005,256,43,35,1,25.02594,121.50651,8
500113008,20231005,257,43,35,1,25.02594,121.50651,8
500113008,20231005,258,43,35,1,25.02594,121.50651,8
500113008,20231005,259,43,35,1,25.02594,121.50651,8
500113008,20231005,261,43,35,1,25.02594,121.50651,8
500113008,20231005,262,43,35,1,25.02594,121.50651,8
500113008,20231005,263,43,35,1,25.02594,121.50651,8
500113008,20231005,264,43,35,1,25.02594,121.50651,8
500113008,20231005,265,43,35,1,25.02594,121.50651,8
500113008,20231005,266,43,35,1,25.02594,121.50651,8
500113008,20231005,267,43,35,1,25.02594,121.50651,8
500113008,20231005,268,43,35,1,25.02594,121.50651,8
500113008,20231005,269,43,35,1,25.02594,121.50651,8
500113008,20231005,270,43,35,1,25.02594,121.50651,8
500113008,20231005,271,43,35,1,25.02594,121.50651,8
500113008,20231005,272,43,35,1,25.02594,121.50651,8
500113008,20231005,273,43,35,1,25.02594,121.50651,8
500113008,20231005,274,43,35,1,25.02594,121.50651,8
500113008,20231005,275,43,35,1,25.02594,121.50651,8
500113008,20231005,276,43,35,1,25.02594,121.50651,8
500113008,20231005,277,43,35,1,25.02594,121.50651,8
500113008,20231005,278,43,35,1,25.02594,121.50651,8
500113008,20231005,279,43,35,1,25.02594,121.50651,8
500113008,20231005,280,43,35,1,25.02594,121.50651,8
500113008,20231005,281,43,35,1,25.02594,121.50651,8
500113008,20231005,282,43,35,1,25.02594,121.50651,8
500113008,20231005,283,43,35,1,25.02594,121.50651,8
500113008,20231005,284,43,35,1,25.02594,121.50651,8
500113008,20231005,285,43,35,1,25.02594,121.50651,8
500113008,20231005,286,43,35,1,25.02594,121.50651,8
500113008,20231005,287,43,35,1,25.02594,121.50651,8
500113008,20231005,288,43,35,1,25.02594,121.50651,8
500113008,20231005,289,43,35,1,25.02594,121.50651,8
500113008,20231005,290,43,35,1,25.02594,121.50651,8
500113008,20231005,291,43,35,1,25.02594,121.50651,8
500113008,20231005,292,43,35,1,25.02594,121.50651,8
500113008,20231005,293,43,35,1,25.02594,121.50651,8
500113008,20231005,294,43,35,1,25.02594,121.50651,8
500113008,20231005,295,43,35,1,25.02594,121.50651,8
500113008,20231005,296,43,35,1,25.02594,121.50651,8
500113008,20231005,297,43,35,1,25.02594,121.50651,8
500113008,20231005,298,43,35,1,25.02594,121.50651,8
500113008,20231005,299,43,35,1,25.02594,121.50651,8
500113008,20231005,300,43,35,1,25.02594,121.50651,8
500113008,20231005,301,43,35,1,25.02594,121.50651,8
500113008,20231005,302,43,35,1,25.02594,121.50651,8
500113008,20231005,303,43,35,1,25.02594,121.50651,8
500113008,20231005,304,43,35,1,25.02594,121.50651,8
500113008,20231005,305,43,35,1,25.02594,121.50651,8
500113008,20231005,306,43,35,1,25.02594,121.50651,8
500113008,20231005,307,43,35,1,25.02594,121.50651,8
500113008,20231005,308,43,35,1,25.02594,121.50651,8
500113008,20231005,309,43,35,1,25.02594,121.50651,8
500113008,20231005,310,43,35,1,25.02594,121.50651,8
500113008,20231005,311,43,35,1,25.02594,121.50651,8
500113008,20231005,312,43,35,1,25.02594,121.50651,8
500113008,20231005,313,43,35,1,25.02594,121.50651,8
500113008,20231005,314,43,35,1,25.02594,121.50651,8
500113008,20231005,315,43,35,1,25.02594,121.50651,8
500113008,20231005,316,43,35,1,25.02594,121.50651,8
500113008,20231005,317,43,35,1,25.02594,121.50651,8
500113008,20231005,318,43,35,1,25.02594,121.50651,8
500113008,20231005,319,43,35,1,25.02594,121.50651,8
500113008,20231005,321,43,35,1,25.02594,121.50651,8
500113008,20231005,322,43,35,1,25.02594,121.50651,8
500113008,20231005,323,43,35,1,25.02594,121.50651,8
500113008,20231005,324,43,35,1,25.02594,121.50651,8
500113008,20231005,325,43,35,1,25.02594,121.50651,8
500113008,20231005,326,43,35,1,25.02594,121.50651,8
500113008,20231005,327,43,35,1,25.02594,121.50651,8
500113008,20231005,328,43,35,1,25.02594,121.50651,8
500113008,20231005,329,43,35,1,25.02594,121.50651,8
500113008,20231005,330,43,35,1,25.02594,121.50651,8
500113008,20231005,331,43,35,1,25.02594,121.50651,8
500113008,20231005,332,43,35,1,25.02594,121.50651,8
500113008,20231005,333,43,35,1,25.02594,121.50651,8
500113008,20231005,334,43,35,1,25.02594,121.50651,8
500113008,20231005,335,43,35,1,25.02594,121.50651,8
500113008,20231005,336,43,35,1,25.02594,121.50651,8
500113008,20231005,337,43,34,1,25.02594,121.50651,9
500113008,20231005,338,43,34,1,25.02594,121.50651,9
500113008,20231005,339,43,34,1,25.02594,121.50651,9
500113008,20231005,340,43,34,1,25.02594,121.50651,9
500113008,20231005,341,43,34,1,25.02594,121.50651,9
500113008,20231005,342,43,34,1,25.02594,121.50651,9
500113008,20231005,343,43,34,1,25.02594,121.50651,9
500113008,20231005,344,43,34,1,25.02594,121.50651,9
500113008,20231005,345,43,34,1,25.02594,121.50651,9
500113008,20231005,346,43,34,1,25.02594,121.50651,9
500113008,20231005,347,43,34,1,25.02594,121.50651,9
500113008,20231005,348,43,34,1,25.02594,121.50651,9
500113008,20231005,349,43,34,1,25.02594,121.50651,9
500113008,20231005,350,43,34,1,25.02594,121.50651,9
500113008,20231005,351,43,34,1,25.02594,121.50651,9
500113008,20231005,352,43,34,1,25.02594,121.50651,9
500113008,20231005,353,43,34,1,25.02594,121.50651,9
500113008,20231005,354,43,34,1,25.02594,121.50651,9
500113008,20231005,355,43,34,1,25.02594,121.50651,9
500113008,20231005,356,43,34,1,25.02594,121.50651,9
500113008,20231005,357,43,34,1,25.02594,121.50651,9
500113008,20231005,358,43,34,1,25.02594,121.50651,9
500113008,20231005,359,43,34,1,25.02594,121.50651,9
500113008,20231005,360,43,34,1,25.02594,121.50651,9
500113008,20231005,361,43,34,1,25.02594,121.50651,9
500113008,20231005,362,43,34,1,25.02594,121.50651,9
500113008,20231005,363,43,34,1,25.02594,121.50651,9
500113008,20231005,364,43,34,1,25.02594,121.50651,9
500113008,20231005,365,43,34,1,25.02594,121.50651,9
500113008,20231005,366,43,34,1,25.02594,121.50651,9
500113008,20231005,367,43,34,1,25.02594,121.50651,9
500113008,20231005,368,43,34,1,25.02594,121.50651,9
500113008,20231005,369,43,34,1,25.02594,121.50651,9
500113008,20231005,370,43,34,1,25.02594,121.50651,9
500113008,20231005,371,43,34,1,25.02594,121.50651,9
500113008,20231005,372,43,34,1,25.02594,121.50651,9
500113008,20231005,373,43,34,1,25.02594,121.50651,9
500113008,20231005,374,43,34,1,25.02594,121.50651,9
500113008,20231005,375,43,34,1,25.02594,121.50651,9
500113008,20231005,376,43,34,1,25.02594,121.50651,9
500113008,20231005,377,43,34,1,25.02594,121.50651,9
500113008,20231005,378,43,34,1,25.02594,121.50651,9
500113008,20231005,379,43,34,1,25.02594,121.50651,9
500113008,20231005,381,43,34,1,25.02594,121.50651,9
500113008,20231005,382,43,33,1,25.02594,121.50651,10
500113008,20231005,383,43,33,1,25.02594,121.50651,10
500113008,20231005,384,43,33,1,25.02594,121.50651,10
500113008,20231005,385,43,33,1,25.02594,121.50651,10
500113008,20231005,386,43,33,1,25.02594,121.50651,10
500113008,20231005,387,43,33,1,25.02594,121.50651,10
500113008,20231005,388,43,33,1,25.02594,121.50651,10
500113008,20231005,389,43,33,1,25.02594,121.50651,10
500113008,20231005,390,43,33,1,25.02594,121.50651,10
500113008,20231005,391,43,33,1,25.02594,121.50651,10
500113008,20231005,392,43,33,1,25.02594,121.50651,10
500113008,20231005,393,43,33,1,25.02594,121.50651,10
500113008,20231005,394,43,33,1,25.02594,121.50651,10
500113008,20231005,395,43,33,1,25.02594,121.50651,10
500113008,20231005,396,43,33,1,25.02594,121.50651,10
500113008,20231005,397,43,33,1,25.02594,121.50651,10
500113008,20231005,398,43,33,1,25.02594,121.50651,10
500113008,20231005,399,43,33,1,25.02594,121.50651,10
500113008,20231005,400,43,33,1,25.02594,121.50651,10
500113008,20231005,401,43,33,1,25.02594,121.50651,10
500113008,20231005,402,43,33,1,25.02594,121.50651,10
500113008,20231005,403,43,33,1,25.02594,121.50651,10
500113008,20231005,404,43,33,1,25.02594,121.50651,10
500113008,20231005,405,43,33,1,25.02594,121.50651,10
500113008,20231005,406,43,33,1,25.02594,121.50651,10
500113008,20231005,407,43,33,1,25.02594,121.50651,10
500113008,20231005,408,43,33,1,25.02594,121.50651,10
500113008,20231005,409,43,33,1,25.02594,121.50651,10
500113008,20231005,410,43,33,1,25.02594,121.50651,10
500113008,20231005,411,43,34,1,25.02594,121.50651,9
500113008,20231005,412,43,34,1,25.02594,121.50651,9
500113008,20231005,413,43,34,1,25.02594,121.50651,9
500113008,20231005,414,43,34,1,25.02594,121.50651,9
500113008,20231005,415,43,34,1,25.02594,121.50651,9
500113008,20231005,416,43,34,1,25.02594,121.50651,9
500113008,20231005,417,43,34,1,25.02594,121.50651,9
500113008,20231005,418,43,34,1,25.02594,121.50651,9
500113008,20231005,419,43,34,1,25.02594,121.50651,9
500113008,20231005,421,43,34,1,25.02594,121.50651,9
500113008,20231005,422,43,34,1,25.02594,121.50651,9
500113008,20231005,423,43,34,1,25.02594,121.50651,9
500113008,20231005,424,43,34,1,25.02594,121.50651,9
500113008,20231005,425,43,34,1,25.02594,121.50651,9
500113008,20231005,426,43,34,1,25.02594,121.50651,9
500113008,20231005,427,43,34,1,25.02594,121.50651,9
500113008,20231005,428,43,34,1,25.02594,121.50651,9
500113008,20231005,429,43,34,1,25.02594,121.50651,9
500113008,20231005,430,43,34,1,25.02594,121.50651,9
500113008,20231005,431,43,35,1,25.02594,121.50651,8
500113008,20231005,432,43,35,1,25.02594,121.50651,8
500113008,20231005,433,43,35,1,25.02594,121.50651,8
500113008,20231005,434,43,35,1,25.02594,121.50651,8
500113008,20231005,435,43,35,1,25.02594,121.50651,8
500113008,20231005,436,43,35,1,25.02594,121.50651,8
500113008,20231005,437,43,35,1,25.02594,121.50651,8
500113008,20231005,438,43,36,1,25.02594,121.50651,7
500113008,20231005,439,43,36,1,25.02594,121.50651,7
500113008,20231005,441,43,35,1,25.02594,121.50651,8
500113008,20231005,442,43,35,1,25.02594,121.50651,8
500113008,20231005,443,43,35,1,25.02594,121.50651,8
500113008,20231005,444,43,35,1,25.02594,121.50651,8
500113008,20231005,445,43,36,1,25.02594,121.50651,7
500113008,20231005,446,43,38,1,25.02594,121.50651,5
500113008,20231005,447,43,38,1,25.02594,121.50651,5
500113008,20231005,448,43,38,1,25.02594,121.50651,5
500113008,20231005,449,43,38,1,25.02594,121.50651,5
500113008,20231005,450,43,38,1,25.02594,121.50651,5
500113008,20231005,451,43,38,1,25.02594,121.50651,5
500113008,20231005,452,43,38,1,25.02594,121.50651,5
500113008,20231005,453,43,38,1,25.02594,121.50651,5
500113008,20231005,454,43,38,1,25.02594,121.50651,5
500113008,20231005,455,43,38,1,25.02594,121.50651,5
500113008,20231005,456,43,38,1,25.02594,121.50651,5
500113008,20231005,457,43,38,1,25.02594,121.50651,5
500113008,20231005,458,43,37,1,25.02594,121.50651,6
500113008,20231005,459,43,37,1,25.02594,121.50651,6
500113008,20231005,460,43,37,1,25.02594,121.50651,6
500113008,20231005,461,43,37,1,25.02594,121.50651,6
500113008,20231005,462,43,37,1,25.02594,121.50651,6
500113008,20231005,463,43,37,1,25.02594,121.50651,6
500113008,20231005,464,43,37,1,25.02594,121.50651,6
500113008,20231005,465,43,37,1,25.02594,121.50651,6
500113008,20231005,466,43,37,1,25.02594,121.50651,6
500113008,20231005,467,43,37,1,25.02594,121.50651,6
500113008,20231005,468,43,37,1,25.02594,121.50651,6
500113008,20231005,469,43,37,1,25.02594,121.50651,6
500113008,20231005,470,43,37,1,25.02594,121.50651,6
500113008,20231005,471,43,37,1,25.02594,121.50651,6
500113008,20231005,472,43,37,1,25.02594,121.50651,6
500113008,20231005,473,43,37,1,25.02594,121.50651,6
500113008,20231005,474,43,37,1,25.02594,121.50651,6
500113008,20231005,475,43,37,1,25.02594,121.50651,6
500113008,20231005,476,43,37,1,25.02594,121.50651,6
500113008,20231005,477,43,37,1,25.02594,121.50651,6
500113008,20231005,478,43,37,1,25.02594,121.50651,6
500113008,20231005,479,43,37,1,25.02594,121.50651,6
500113008,20231005,481,43,37,1,25.02594,121.50651,6
500113008,20231005,482,43,37,1,25.02594,121.50651,6
500113008,20231005,483,43,37,1,25.02594,121.50651,6
500113008,20231005,484,43,37,1,25.02594,121.50651,6
500113008,20231005,485,43,37,1,25.02594,121.50651,6
500113008,20231005,486,43,37,1,25.02594,121.50651,6
500113008,20231005,487,43,37,1,25.02594,121.50651,6
500113008,20231005,488,43,38,1,25.02594,121.50651,5
500113008,20231005,489,43,38,1,25.02594,121.50651,5
500113008,20231005,490,43,38,1,25.02594,121.50651,5
500113008,20231005,491,43,38,1,25.02594,121.50651,5
500113008,20231005,492,43,38,1,25.02594,121.50651,5
500113008,20231005,493,43,38,1,25.02594,121.50651,5
500113008,20231005,494,43,38,1,25.02594,121.50651,5
500113008,20231005,495,43,38,1,25.02594,121.50651,5
500113008,20231005,496,43,39,1,25.02594,121.50651,4
500113008,20231005,497,43,39,1,25.02594,121.50651,4
500113008,20231005,498,43,40,1,25.02594,121.50651,3
500113008,20231005,499,43,39,1,25.02594,121.50651,4
500113008,20231005,501,43,39,1,25.02594,121.50651,4
500113008,20231005,502,43,39,1,25.02594,121.50651,4
500113008,20231005,503,43,39,1,25.02594,121.50651,4
500113008,20231005,504,43,39,1,25.02594,121.50651,4
500113008,20231005,505,43,39,1,25.02594,121.50651,4
500113008,20231005,506,43,39,1,25.02594,121.50651,4
500113008,20231005,507,43,39,1,25.02594,121.50651,4
500113008,20231005,508,43,39,1,25.02594,121.50651,4
500113008,20231005,509,43,39,1,25.02594,121.50651,4
500113008,20231005,510,43,39,1,25.02594,121.50651,4
500113008,20231005,512,43,38,1,25.02594,121.50651,5
500113008,20231005,513,43,39,1,25.02594,121.50651,4
500113008,20231005,514,43,39,1,25.02594,121.50651,4
500113008,20231005,515,43,39,1,25.02594,121.50651,4
500113008,20231005,516,43,39,1,25.02594,121.50651,4
500113008,20231005,517,43,39,1,25.02594,121.50651,4
500113008,20231005,518,43,39,1,25.02594,121.50651,4
500113008,20231005,519,43,39,1,25.02594,121.50651,4
500113008,20231005,520,43,39,1,25.02594,121.50651,4
500113008,20231005,521,43,39,1,25.02594,121.50651,4
500113008,20231005,522,43,39,1,25.02594,121.50651,4
500113008,20231005,523,43,39,1,25.02594,121.50651,4
500113008,20231005,524,43,39,1,25.02594,121.50651,4
500113008,20231005,525,43,39,1,25.02594,121.50651,4
500113008,20231005,526,43,39,1,25.02594,121.50651,4
500113008,20231005,527,43,39,1,25.02594,121.50651,4
500113008,20231005,528,43,39,1,25.02594,121.50651,4
500113008,20231005,529,43,39,1,25.02594,121.50651,4
500113008,20231005,530,43,38,1,25.02594,121.50651,5
500113008,20231005,531,43,38,1,25.02594,121.50651,5
500113008,20231005,532,43,38,1,25.02594,121.50651,5
500113008,20231005,533,43,38,1,25.02594,121.50651,5
500113008,20231005,534,43,38,1,25.02594,121.50651,5
500113008,20231005,535,43,38,1,25.02594,121.50651,5
500113008,20231005,536,43,38,1,25.02594,121.50651,5
500113008,20231005,537,43,38,1,25.02594,121.50651,5
500113008,20231005,538,43,38,1,25.02594,121.50651,5
500113008,20231005,539,43,38,1,25.02594,121.50651,5
500113008,20231005,541,43,38,1,25.02594,121.50651,5
500113008,20231005,542,43,38,1,25.02594,121.50651,5
500113008,20231005,543,43,38,1,25.02594,121.50651,5
500113008,20231005,544,43,38,1,25.02594,121.50651,5
500113008,20231005,545,43,38,1,25.02594,121.50651,5
500113008,20231005,546,43,38,1,25.02594,121.50651,5
500113008,20231005,547,43,38,1,25.02594,121.50651,5
500113008,20231005,548,43,38,1,25.02594,121.50651,5
500113008,20231005,549,43,38,1,25.02594,121.50651,5
500113008,20231005,550,43,38,1,25.02594,121.50651,5
500113008,20231005,551,43,38,1,25.02594,121.50651,5
500113008,20231005,552,43,38,1,25.02594,121.50651,5
500113008,20231005,553,43,38,1,25.02594,121.50651,5
500113008,20231005,554,43,38,1,25.02594,121.50651,5
500113008,20231005,555,43,38,1,25.02594,121.50651,5
500113008,20231005,556,43,38,1,25.02594,121.50651,5
500113008,20231005,557,43,38,1,25.02594,121.50651,5
500113008,20231005,558,43,38,1,25.02594,121.50651,5
500113008,20231005,559,43,38,1,25.02594,121.50651,5
500113008,20231005,561,43,38,1,25.02594,121.50651,5
500113008,20231005,562,43,39,1,25.02594,121.50651,4
500113008,20231005,563,43,39,1,25.02594,121.50651,4
500113008,20231005,564,43,39,1,25.02594,121.50651,4
500113008,20231005,565,43,39,1,25.02594,121.50651,4
500113008,20231005,566,43,39,1,25.02594,121.50651,4
500113008,20231005,567,43,39,1,25.02594,121.50651,4
500113008,20231005,568,43,39,1,25.02594,121.50651,4
500113008,20231005,569,43,39,1,25.02594,121.50651,4
500113008,20231005,570,43,39,1,25.02594,121.50651,4
500113008,20231005,571,43,40,1,25.02594,121.50651,3
500113008,20231005,572,43,40,1,25.02594,121.50651,3
500113008,20231005,573,43,40,1,25.02594,121.50651,3
500113008,20231005,574,43,40,1,25.02594,121.50651,3
500113008,20231005,575,43,40,1,25.02594,121.50651,3
500113008,20231005,576,43,40,1,25.02594,121.50651,3
500113008,20231005,577,43,40,1,25.02594,121.50651,3
500113008,20231005,578,43,40,1,25.02594,121.50651,3
500113008,20231005,579,43,40,1,25.02594,121.50651,3
500113008,20231005,580,43,40,1,25.02594,121.50651,3
500113008,20231005,581,43,40,1,25.02594,121.50651,3
500113008,20231005,582,43,40,1,25.02594,121.50651,3
500113008,20231005,583,43,39,1,25.02594,121.50651,4
500113008,20231005,584,43,39,1,25.02594,121.50651,4
500113008,20231005,585,43,39,1,25.02594,121.50651,4
500113008,20231005,586,43,39,1,25.02594,121.50651,4
500113008,20231005,587,43,39,1,25.02594,121.50651,4
500113008,20231005,588,43,39,1,25.02594,121.50651,4
500113008,20231005,589,43,39,1,25.02594,121.50651,4
500113008,20231005,590,43,39,1,25.02594,121.50651,4
500113008,20231005,591,43,39,1,25.02594,121.50651,4
500113008,20231005,592,43,39,1,25.02594,121.50651,4
500113008,20231005,593,43,39,1,25.02594,121.50651,4
500113008,20231005,594,43,39,1,25.02594,121.50651,4
500113008,20231005,595,43,39,1,25.02594,121.50651,4
500113008,20231005,596,43,40,1,25.02594,121.50651,3
500113008,20231005,597,43,40,1,25.02594,121.50651,3
500113008,20231005,599,43,40,1,25.02594,121.50651,3
500113008,20231005,601,43,40,1,25.02594,121.50651,3
500113008,20231005,602,43,40,1,25.02594,121.50651,3
500113008,20231005,603,43,40,1,25.02594,121.50651,3
500113008,20231005,604,43,40,1,25.02594,121.50651,3
500113008,20231005,605,43,39,1,25.02594,121.50651,4
500113008,20231005,606,43,39,1,25.02594,121.50651,4
500113008,20231005,607,43,39,1,25.02594,121.50651,4
500113008,20231005,608,43,39,1,25.02594,121.50651,4
500113008,20231005,609,43,39,1,25.02594,121.50651,4
500113008,20231005,610,43,39,1,25.02594,121.50651,4
500113008,20231005,611,43,39,1,25.02594,121.50651,4
500113008,20231005,612,43,39,1,25.02594,121.50651,4
500113008,20231005,613,43,39,1,25.02594,121.50651,4
500113008,20231005,614,43,39,1,25.02594,121.50651,4
500113008,20231005,615,43,39,1,25.02594,121.50651,4
500113008,20231005,616,43,39,1,25.02594,121.50651,4
500113008,20231005,617,43,39,1,25.02594,121.50651,4
500113008,20231005,618,43,39,1,25.02594,121.50651,4
500113008,20231005,619,43,39,1,25.02594,121.50651,4
500113008,20231005,621,43,39,1,25.02594,121.50651,4
500113008,20231005,622,43,39,1,25.02594,121.50651,4
500113008,20231005,623,43,39,1,25.02594,121.50651,4
500113008,20231005,624,43,39,1,25.02594,121.50651,4
500113008,20231005,625,43,40,1,25.02594,121.50651,3
500113008,20231005,626,43,40,1,25.02594,121.50651,3
500113008,20231005,627,43,40,1,25.02594,121.50651,3
500113008,20231005,628,43,40,1,25.02594,121.50651,3
500113008,20231005,629,43,40,1,25.02594,121.50651,3
500113008,20231005,630,43,40,1,25.02594,121.50651,3
500113008,20231005,631,43,40,1,25.02594,121.50651,3
500113008,20231005,632,43,40,1,25.02594,121.50651,3
500113008,20231005,633,43,40,1,25.02594,121.50651,3
500113008,20231005,634,43,40,1,25.02594,121.50651,3
500113008,20231005,635,43,40,1,25.02594,121.50651,3
500113008,20231005,636,43,40,1,25.02594,121.50651,3
500113008,20231005,637,43,40,1,25.02594,121.50651,3
500113008,20231005,638,43,40,1,25.02594,121.50651,3
500113008,20231005,639,43,40,1,25.02594,121.50651,3
500113008,20231005,640,43,40,1,25.02594,121.50651,3
500113008,20231005,641,43,40,1,25.02594,121.50651,3
500113008,20231005,642,43,40,1,25.02594,121.50651,3
500113008,20231005,643,43,40,1,25.02594,121.50651,3
500113008,20231005,644,43,40,1,25.02594,121.50651,3
500113008,20231005,645,43,40,1,25.02594,121.50651,3
500113008,20231005,646,43,40,1,25.02594,121.50651,3
500113008,20231005,647,43,41,1,25.02594,121.50651,2
500113008,20231005,648,43,41,1,25.02594,121.50651,2
500113008,20231005,649,43,41,1,25.02594,121.50651,2
500113008,20231005,650,43,41,1,25.02594,121.50651,2
500113008,20231005,651,43,41,1,25.02594,121.50651,2
500113008,20231005,652,43,41,1,25.02594,121.50651,2
500113008,20231005,653,43,41,1,25.02594,121.50651,2
500113008,20231005,654,43,41,1,25.02594,121.50651,2
500113008,20231005,655,43,41,1,25.02594,121.50651,2
500113008,20231005,656,43,41,1,25.02594,121.50651,2
500113008,20231005,657,43,41,1,25.02594,121.50651,2
500113008,20231005,658,43,41,1,25.02594,121.50651,2
500113008,20231005,659,43,41,1,25.02594,121.50651,2
500113008,20231005,661,43,41,1,25.02594,121.50651,2
500113008,20231005,662,43,41,1,25.02594,121.50651,2
500113008,20231005,663,43,40,1,25.02594,121.50651,3
500113008,20231005,664,43,40,1,25.02594,121.50651,3
500113008,20231005,665,43,40,1,25.02594,121.50651,3
500113008,20231005,666,43,40,1,25.02594,121.50651,3
500113008,20231005,667,43,40,1,25.02594,121.50651,3
500113008,20231005,668,43,40,1,25.02594,121.50651,3
500113008,20231005,669,43,41,1,25.02594,121.50651,2
500113008,20231005,670,43,41,1,25.02594,121.50651,2
500113008,20231005,671,43,41,1,25.02594,121.50651,2
500113008,20231005,672,43,41,1,25.02594,121.50651,2
500113008,20231005,673,43,41,1,25.02594,121.50651,2
500113008,20231005,674,43,41,1,25.02594,121.50651,2
500113008,20231005,675,43,41,1,25.02594,121.50651,2
500113008,20231005,676,43,41,1,25.02594,121.50651,2
500113008,20231005,677,43,41,1,25.02594,121.50651,2
500113008,20231005,678,43,41,1,25.02594,121.50651,2
500113008,20231005,679,43,41,1,25.02594,121.50651,2
500113008,20231005,681,43,41,1,25.02594,121.50651,2
500113008,20231005,682,43,41,1,25.02594,121.50651,2
500113008,20231005,683,43,41,1,25.02594,121.50651,2
500113008,20231005,684,43,41,1,25.02594,121.50651,2
500113008,20231005,685,43,41,1,25.02594,121.50651,2
500113008,20231005,686,43,41,1,25.02594,121.50651,2
500113008,20231005,687,43,41,1,25.02594,121.50651,2
500113008,20231005,688,43,41,1,25.02594,121.50651,2
500113008,20231005,689,43,41,1,25.02594,121.50651,2
500113008,20231005,690,43,41,1,25.02594,121.50651,2
500113008,20231005,691,43,41,1,25.02594,121.50651,2
500113008,20231005,692,43,41,1,25.02594,121.50651,2
500113008,20231005,693,43,41,1,25.02594,121.50651,2
500113008,20231005,694,43,41,1,25.02594,121.50651,2
500113008,20231005,695,43,41,1,25.02594,121.50651,2
500113008,20231005,696,43,41,1,25.02594,121.50651,2
500113008,20231005,697,43,41,1,25.02594,121.50651,2
500113008,20231005,698,43,42,1,25.02594,121.50651,1
500113008,20231005,699,43,42,1,25.02594,121.50651,1
500113008,20231005,700,43,42,1,25.02594,121.50651,1
500113008,20231005,701,43,42,1,25.02594,121.50651,1
500113008,20231005,702,43,42,1,25.02594,121.50651,1
500113008,20231005,703,43,42,1,25.02594,121.50651,1
500113008,20231005,704,43,41,1,25.02594,121.50651,2
500113008,20231005,705,43,41,1,25.02594,121.50651,2
500113008,20231005,706,43,41,1,25.02594,121.50651,2
500113008,20231005,707,43,40,1,25.02594,121.50651,3
500113008,20231005,708,43,40,1,25.02594,121.50651,3
500113008,20231005,709,43,40,1,25.02594,121.50651,3
500113008,20231005,710,43,41,1,25.02594,121.50651,2
500113008,20231005,711,43,41,1,25.02594,121.50651,2
500113008,20231005,712,43,41,1,25.02594,121.50651,2
500113008,20231005,713,43,41,1,25.02594,121.50651,2
500113008,20231005,714,43,41,1,25.02594,121.50651,2
500113008,20231005,715,43,41,1,25.02594,121.50651,2
500113008,20231005,716,43,41,1,25.02594,121.50651,2
500113008,20231005,717,43,41,1,25.02594,121.50651,2
500113008,20231005,718,43,41,1,25.02594,121.50651,2
500113008,20231005,719,43,41,1,25.02594,121.50651,2
500113008,20231005,721,43,41,1,25.02594,121.50651,2
500113008,20231005,722,43,41,1,25.02594,121.50651,2
500113008,20231005,723,43,41,1,25.02594,121.50651,2
500113008,20231005,724,43,41,1,25.02594,121.50651,2
500113008,20231005,725,43,41,1,25.02594,121.50651,2
500113008,20231005,726,43,41,1,25.02594,121.50651,2
500113008,20231005,727,43,41,1,25.02594,121.50651,2
500113008,20231005,728,43,41,1,25.02594,121.50651,2
500113008,20231005,729,43,41,1,25.02594,121.50651,2
500113008,20231005,730,43,41,1,25.02594,121.50651,2
500113008,20231005,731,43,41,1,25.02594,121.50651,2
500113008,20231005,732,43,41,1,25.02594,121.50651,2
500113008,20231005,733,43,41,1,25.02594,121.50651,2
500113008,20231005,734,43,41,1,25.02594,121.50651,2
500113008,20231005,735,43,41,1,25.02594,121.50651,2
500113008,20231005,736,43,41,1,25.02594,121.50651,2
500113008,20231005,737,43,40,1,25.02594,121.50651,3
500113008,20231005,738,43,40,1,25.02594,121.50651,3
500113008,20231005,739,43,41,1,25.02594,121.50651,2
500113008,20231005,741,43,41,1,25.02594,121.50651,2
500113008,20231005,742,43,41,1,25.02594,121.50651,2
500113008,20231005,743,43,41,1,25.02594,121.50651,2
500113008,20231005,744,43,41,1,25.02594,121.50651,2
500113008,20231005,745,43,41,1,25.02594,121.50651,2
500113008,20231005,746,43,41,1,25.02594,121.50651,2
500113008,20231005,747,43,41,1,25.02594,121.50651,2
500113008,20231005,748,43,41,1,25.02594,121.50651,2
500113008,20231005,749,43,41,1,25.02594,121.50651,2
500113008,20231005,750,43,41,1,25.02594,121.50651,2
500113008,20231005,751,43,41,1,25.02594,121.50651,2
500113008,20231005,752,43,41,1,25.02594,121.50651,2
500113008,20231005,753,43,41,1,25.02594,121.50651,2
500113008,20231005,754,43,41,1,25.02594,121.50651,2
500113008,20231005,755,43,41,1,25.02594,121.50651,2
500113008,20231005,756,43,41,1,25.02594,121.50651,2
500113008,20231005,757,43,41,1,25.02594,121.50651,2
500113008,20231005,758,43,41,1,25.02594,121.50651,2
500113008,20231005,759,43,41,1,25.02594,121.50651,2
500113008,20231005,760,43,42,1,25.02594,121.50651,1
500113008,20231005,761,43,42,1,25.02594,121.50651,1
500113008,20231005,762,43,42,1,25.02594,121.50651,1
500113008,20231005,763,43,42,1,25.02594,121.50651,1
500113008,20231005,764,43,42,1,25.02594,121.50651,1
500113008,20231005,765,43,42,1,25.02594,121.50651,1
500113008,20231005,766,43,42,1,25.02594,121.50651,1
500113008,20231005,767,43,42,1,25.02594,121.50651,1
500113008,20231005,768,43,41,1,25.02594,121.50651,2
500113008,20231005,769,43,40,1,25.02594,121.50651,3
500113008,20231005,770,43,40,1,25.02594,121.50651,3
500113008,20231005,771,43,40,1,25.02594,121.50651,3
500113008,20231005,772,43,40,1,25.02594,121.50651,3
500113008,20231005,773,43,40,1,25.02594,121.50651,3
500113008,20231005,774,43,40,1,25.02594,121.50651,3
500113008,20231005,775,43,40,1,25.02594,121.50651,3
500113008,20231005,776,43,40,1,25.02594,121.50651,3
500113008,20231005,777,43,41,1,25.02594,121.50651,2
500113008,20231005,778,43,41,1,25.02594,121.50651,2
500113008,20231005,779,43,41,1,25.02594,121.50651,2
500113008,20231005,781,43,41,1,25.02594,121.50651,2
500113008,20231005,782,43,41,1,25.02594,121.50651,2
500113008,20231005,783,43,41,1,25.02594,121.50651,2
500113008,20231005,784,43,40,1,25.02594,121.50651,3
500113008,20231005,785,43,40,1,25.02594,121.50651,3
500113008,20231005,786,43,40,1,25.02594,121.50651,3
500113008,20231005,787,43,40,1,25.02594,121.50651,3
500113008,20231005,788,43,40,1,25.02594,121.50651,3
500113008,20231005,789,43,40,1,25.02594,121.50651,3
500113008,20231005,790,43,40,1,25.02594,121.50651,3
500113008,20231005,791,43,40,1,25.02594,121.50651,3
500113008,20231005,792,43,41,1,25.02594,121.50651,2
500113008,20231005,793,43,42,1,25.02594,121.50651,1
500113008,20231005,794,43,42,1,25.02594,121.50651,1
500113008,20231005,795,43,42,1,25.02594,121.50651,1
500113008,20231005,796,43,42,1,25.02594,121.50651,1
500113008,20231005,797,43,42,1,25.02594,121.50651,1
500113008,20231005,798,43,42,1,25.02594,121.50651,1
500113008,20231005,799,43,42,1,25.02594,121.50651,1
500113008,20231005,801,43,42,1,25.02594,121.50651,1
500113008,20231005,802,43,42,1,25.02594,121.50651,1
500113008,20231005,803,43,42,1,25.02594,121.50651,1
500113008,20231005,804,43,42,1,25.02594,121.50651,1
500113008,20231005,805,43,42,1,25.02594,121.50651,1
500113008,20231005,806,43,42,1,25.02594,121.50651,1
500113008,20231005,807,43,42,1,25.02594,121.50651,1
500113008,20231005,808,43,42,1,25.02594,121.50651,1
500113008,20231005,809,43,42,1,25.02594,121.50651,1
500113008,20231005,810,43,42,1,25.02594,121.50651,1
500113008,20231005,811,43,40,1,25.02594,121.50651,3
500113008,20231005,812,43,40,1,25.02594,121.50651,3
500113008,20231005,814,43,39,1,25.02594,121.50651,4
500113008,20231005,815,43,39,1,25.02594,121.50651,4
500113008,20231005,816,43,39,1,25.02594,121.50651,4
500113008,20231005,817,43,39,1,25.02594,121.50651,4
500113008,20231005,818,43,39,1,25.02594,121.50651,4
500113008,20231005,819,43,39,1,25.02594,121.50651,4
500113008,20231005,820,43,39,1,25.02594,121.50651,4
500113008,20231005,821,43,39,1,25.02594,121.50651,4
500113008,20231005,822,43,39,1,25.02594,121.50651,4
500113008,20231005,823,43,39,1,25.02594,121.50651,4
500113008,20231005,824,43,39,1,25.02594,121.50651,4
500113008,20231005,825,43,39,1,25.02594,121.50651,4
500113008,20231005,826,43,39,1,25.02594,121.50651,4
500113008,20231005,827,43,39,1,25.02594,121.50651,4
500113008,20231005,828,43,39,1,25.02594,121.50651,4
500113008,20231005,829,43,39,1,25.02594,121.50651,4
500113008,20231005,830,43,39,1,25.02594,121.50651,4
500113008,20231005,831,43,39,1,25.02594,121.50651,4
500113008,20231005,832,43,39,1,25.02594,121.50651,4
500113008,20231005,833,43,38,1,25.02594,121.50651,5
500113008,20231005,834,43,37,1,25.02594,121.50651,6
500113008,20231005,835,43,37,1,25.02594,121.50651,6
500113008,20231005,836,43,37,1,25.02594,121.50651,6
500113008,20231005,837,43,37,1,25.02594,121.50651,6
500113008,20231005,838,43,37,1,25.02594,121.50651,6
500113008,20231005,839,43,37,1,25.02594,121.50651,6
500113008,20231005,841,43,37,1,25.02594,121.50651,6
500113008,20231005,842,43,37,1,25.02594,121.50651,6
500113008,20231005,843,43,36,1,25.02594,121.50651,7
500113008,20231005,844,43,36,1,25.02594,121.50651,7
500113008,20231005,845,43,36,1,25.02594,121.50651,7
500113008,20231005,846,43,36,1,25.02594,121.50651,7
500113008,20231005,847,43,36,1,25.02594,121.50651,7
500113008,20231005,848,43,36,1,25.02594,121.50651,7
500113008,20231005,849,43,36,1,25.02594,121.50651,7
500113008,20231005,850,43,36,1,25.02594,121.50651,7
500113008,20231005,851,43,36,1,25.02594,121.50651,7
500113008,20231005,852,43,37,1,25.02594,121.50651,6
500113008,20231005,853,43,37,1,25.02594,121.50651,6
500113008,20231005,854,43,37,1,25.02594,121.50651,6
500113008,20231005,855,43,37,1,25.02594,121.50651,6
500113008,20231005,856,43,38,1,25.02594,121.50651,5
500113008,20231005,857,43,38,1,25.02594,121.50651,5
500113008,20231005,858,43,38,1,25.02594,121.50651,5
500113008,20231005,859,43,38,1,25.02594,121.50651,5
500113008,20231005,861,43,38,1,25.02594,121.50651,5
500113008,20231005,862,43,38,1,25.02594,121.50651,5
500113008,20231005,863,43,38,1,25.02594,121.50651,5
500113008,20231005,864,43,38,1,25.02594,121.50651,5
500113008,20231005,865,43,38,1,25.02594,121.50651,5
500113008,20231005,866,43,38,1,25.02594,121.50651,5
500113008,20231005,867,43,38,1,25.02594,121.50651,5
500113008,20231005,868,43,38,1,25.02594,121.50651,5
500113008,20231005,869,43,38,1,25.02594,121.50651,5
500113008,20231005,870,43,38,1,25.02594,121.50651,5
500113008,20231005,871,43,38,1,25.02594,121.50651,5
500113008,20231005,872,43,37,1,25.02594,121.50651,6
500113008,20231005,873,43,37,1,25.02594,121.50651,6
500113008,20231005,874,43,37,1,25.02594,121.50651,6
500113008,20231005,875,43,37,1,25.02594,121.50651,6
500113008,20231005,876,43,37,1,25.02594,121.50651,6
500113008,20231005,877,43,37,1,25.02594,121.50651,6
500113008,20231005,878,43,40,1,25.02594,121.50651,3
500113008,20231005,879,43,39,1,25.02594,121.50651,4
500113008,20231005,880,43,41,1,25.02594,121.50651,2
500113008,20231005,881,43,41,1,25.02594,121.50651,2
500113008,20231005,882,43,40,1,25.02594,121.50651,3
500113008,20231005,883,43,41,1,25.02594,121.50651,2
500113008,20231005,884,43,41,1,25.02594,121.50651,2
500113008,20231005,885,43,40,1,25.02594,121.50651,3
500113008,20231005,886,43,40,1,25.02594,121.50651,3
500113008,20231005,887,43,40,1,25.02594,121.50651,3
500113008,20231005,888,43,41,1,25.02594,121.50651,2
500113008,20231005,889,43,41,1,25.02594,121.50651,2
500113008,20231005,890,43,40,1,25.02594,121.50651,3
500113008,20231005,891,43,40,1,25.02594,121.50651,3
500113008,20231005,892,43,40,1,25.02594,121.50651,3
500113008,20231005,893,43,40,1,25.02594,121.50651,3
500113008,20231005,894,43,40,1,25.02594,121.50651,3
500113008,20231005,895,43,40,1,25.02594,121.50651,3
500113008,20231005,896,43,40,1,25.02594,121.50651,3
500113008,20231005,897,43,40,1,25.02594,121.50651,3
500113008,20231005,898,43,40,1,25.02594,121.50651,3
500113008,20231005,899,43,40,1,25.02594,121.50651,3
500113008,20231005,901,43,41,1,25.02594,121.50651,2
500113008,20231005,902,43,41,1,25.02594,121.50651,2
500113008,20231005,903,43,41,1,25.02594,121.50651,2
500113008,20231005,904,43,41,1,25.02594,121.50651,2
500113008,20231005,905,43,41,1,25.02594,121.50651,2
500113008,20231005,906,43,41,1,25.02594,121.50651,2
500113008,20231005,907,43,41,1,25.02594,121.50651,2
500113008,20231005,908,43,41,1,25.02594,121.50651,2
500113008,20231005,909,43,41,1,25.02594,121.50651,2
500113008,20231005,910,43,41,1,25.02594,121.50651,2
500113008,20231005,911,43,41,1,25.02594,121.50651,2
500113008,20231005,912,43,41,1,25.02594,121.50651,2
500113008,20231005,913,43,41,1,25.02594,121.50651,2
500113008,20231005,914,43,41,1,25.02594,121.50651,2
500113008,20231005,915,43,42,1,25.02594,121.50651,1
500113008,20231005,916,43,42,1,25.02594,121.50651,1
500113008,20231005,917,43,41,1,25.02594,121.50651,2
500113008,20231005,918,43,41,1,25.02594,121.50651,2
500113008,20231005,919,43,41,1,25.02594,121.50651,2
500113008,20231005,921,43,41,1,25.02594,121.50651,2
500113008,20231005,922,43,41,1,25.02594,121.50651,2
500113008,20231005,923,43,41,1,25.02594,121.50651,2
500113008,20231005,924,43,41,1,25.02594,121.50651,2
500113008,20231005,925,43,42,1,25.02594,121.50651,1
500113008,20231005,926,43,42,1,25.02594,121.50651,1
500113008,20231005,927,43,42,1,25.02594,121.50651,1
500113008,20231005,928,43,42,1,25.02594,121.50651,1
500113008,20231005,929,43,42,1,25.02594,121.50651,1
500113008,20231005,930,43,42,1,25.02594,121.50651,1
500113008,20231005,931,43,42,1,25.02594,121.50651,1
500113008,20231005,932,43,42,1,25.02594,121.50651,1
500113008,20231005,933,43,42,1,25.02594,121.50651,1
500113008,20231005,934,43,42,1,25.02594,121.50651,1
500113008,20231005,935,43,42,1,25.02594,121.50651,1
500113008,20231005,936,43,42,1,25.02594,121.50651,1
500113008,20231005,937,43,42,1,25.02594,121.50651,1
500113008,20231005,938,43,42,1,25.02594,121.50651,1
500113008,20231005,939,43,42,1,25.02594,121.50651,1
500113008,20231005,940,43,42,1,25.02594,121.50651,1
500113008,20231005,941,43,42,1,25.02594,121.50651,1
500113008,20231005,942,43,42,1,25.02594,121.50651,1
500113008,20231005,943,43,42,1,25.02594,121.50651,1
500113008,20231005,944,43,41,1,25.02594,121.50651,2
500113008,20231005,945,43,41,1,25.02594,121.50651,2
500113008,20231005,946,43,41,1,25.02594,121.50651,2
500113008,20231005,947,43,41,1,25.02594,121.50651,2
500113008,20231005,948,43,41,1,25.02594,121.50651,2
500113008,20231005,949,43,41,1,25.02594,121.50651,2
500113008,20231005,950,43,41,1,25.02594,121.50651,2
500113008,20231005,951,43,41,1,25.02594,121.50651,2
500113008,20231005,952,43,42,1,25.02594,121.50651,1
500113008,20231005,953,43,42,1,25.02594,121.50651,1
500113008,20231005,954,43,42,1,25.02594,121.50651,1
500113008,20231005,955,43,43,1,25.02594,121.50651,0
500113008,20231005,956,43,43,1,25.02594,121.50651,0
500113008,20231005,957,43,43,1,25.02594,121.50651,0
500113008,20231005,958,43,43,1,25.02594,121.50651,0
500113008,20231005,959,43,43,1,25.02594,121.50651,0
500113008,20231005,961,43,43,1,25.02594,121.50651,0
500113008,20231005,962,43,43,1,25.02594,121.50651,0
500113008,20231005,963,43,43,1,25.02594,121.50651,0
500113008,20231005,964,43,43,1,25.02594,121.50651,0
500113008,20231005,965,43,43,1,25.02594,121.50651,0
500113008,20231005,966,43,43,1,25.02594,121.50651,0
500113008,20231005,967,43,43,1,25.02594,121.50651,0
500113008,20231005,968,43,43,1,25.02594,121.50651,0
500113008,20231005,969,43,43,1,25.02594,121.50651,0
500113008,20231005,970,43,43,1,25.02594,121.50651,0
500113008,20231005,971,43,43,1,25.02594,121.50651,0
500113008,20231005,972,43,42,1,25.02594,121.50651,1
500113008,20231005,973,43,42,1,25.02594,121.50651,1
500113008,20231005,974,43,42,1,25.02594,121.50651,1
500113008,20231005,975,43,43,1,25.02594,121.50651,0
500113008,20231005,976,43,43,1,25.02594,121.50651,0
500113008,20231005,977,43,43,1,25.02594,121.50651,0
500113008,20231005,978,43,43,1,25.02594,121.50651,0
500113008,20231005,979,43,43,1,25.02594,121.50651,0
500113008,20231005,981,43,43,1,25.02594,121.50651,0
500113008,20231005,982,43,43,1,25.02594,121.50651,0
500113008,20231005,983,43,43,1,25.02594,121.50651,0
500113008,20231005,984,43,42,1,25.02594,121.50651,1
500113008,20231005,985,43,42,1,25.02594,121.50651,1
500113008,20231005,986,43,42,1,25.02594,121.50651,1
500113008,20231005,987,43,42,1,25.02594,121.50651,1
500113008,20231005,988,43,42,1,25.02594,121.50651,1
500113008,20231005,989,43,42,1,25.02594,121.50651,1
500113008,20231005,990,43,42,1,25.02594,121.50651,1
500113008,20231005,991,43,41,1,25.02594,121.50651,2
500113008,20231005,992,43,41,1,25.02594,121.50651,2
500113008,20231005,993,43,41,1,25.02594,121.50651,2
500113008,20231005,994,43,41,1,25.02594,121.50651,2
500113008,20231005,995,43,40,1,25.02594,121.50651,3
500113008,20231005,996,43,40,1,25.02594,121.50651,3
500113008,20231005,997,43,40,1,25.02594,121.50651,3
500113008,20231005,998,43,40,1,25.02594,121.50651,3
500113008,20231005,999,43,40,1,25.02594,121.50651,3
500113008,20231005,1000,43,38,1,25.02594,121.50651,5
500113008,20231005,1001,43,38,1,25.02594,121.50651,5
500113008,20231005,1002,43,38,1,25.02594,121.50651,5
500113008,20231005,1003,43,38,1,25.02594,121.50651,5
500113008,20231005,1004,43,38,1,25.02594,121.50651,5
500113008,20231005,1005,43,38,1,25.02594,121.50651,5
500113008,20231005,1006,43,38,1,25.02594,121.50651,5
500113008,20231005,1007,43,38,1,25.02594,121.50651,5
500113008,20231005,1008,43,38,1,25.02594,121.50651,5
500113008,20231005,1009,43,38,1,25.02594,121.50651,5
500113008,20231005,1010,43,37,1,25.02594,121.50651,6
500113008,20231005,1011,43,37,1,25.02594,121.50651,6
500113008,20231005,1012,43,37,1,25.02594,121.50651,6
500113008,20231005,1013,43,38,1,25.02594,121.50651,5
500113008,20231005,1014,43,38,1,25.02594,121.50651,5
500113008,20231005,1015,43,38,1,25.02594,121.50651,5
500113008,20231005,1016,43,37,1,25.02594,121.50651,6
500113008,20231005,1017,43,35,1,25.02594,121.50651,8
500113008,20231005,1018,43,35,1,25.02594,121.50651,8
500113008,20231005,1019,43,35,1,25.02594,121.50651,8
500113008,20231005,1021,43,36,1,25.02594,121.50651,7
500113008,20231005,1022,43,36,1,25.02594,121.50651,7
500113008,20231005,1023,43,36,1,25.02594,121.50651,7
500113008,20231005,1024,43,36,1,25.02594,121.50651,7
500113008,20231005,1025,43,35,1,25.02594,121.50651,8
500113008,20231005,1026,43,36,1,25.02594,121.50651,7
500113008,20231005,1027,43,36,1,25.02594,121.50651,7
500113008,20231005,1028,43,35,1,25.02594,121.50651,8
500113008,20231005,1029,43,35,1,25.02594,121.50651,8
500113008,20231005,1030,43,36,1,25.02594,121.50651,7
500113008,20231005,1031,43,35,1,25.02594,121.50651,8
500113008,20231005,1032,43,35,1,25.02594,121.50651,8
500113008,20231005,1033,43,35,1,25.02594,121.50651,8
500113008,20231005,1034,43,35,1,25.02594,121.50651,8
500113008,20231005,1035,43,35,1,25.02594,121.50651,8
500113008,20231005,1036,43,35,1,25.02594,121.50651,8
500113008,20231005,1037,43,35,1,25.02594,121.50651,8
500113008,20231005,1038,43,36,1,25.02594,121.50651,7
500113008,20231005,1039,43,35,1,25.02594,121.50651,8
500113008,20231005,1041,43,34,1,25.02594,121.50651,9
500113008,20231005,1042,43,34,1,25.02594,121.50651,9
500113008,20231005,1043,43,34,1,25.02594,121.50651,9
500113008,20231005,1044,43,34,1,25.02594,121.50651,9
500113008,20231005,1045,43,34,1,25.02594,121.50651,9
500113008,20231005,1046,43,34,1,25.02594,121.50651,9
500113008,20231005,1047,43,34,1,25.02594,121.50651,9
500113008,20231005,1048,43,34,1,25.02594,121.50651,9
500113008,20231005,1049,43,34,1,25.02594,121.50651,9
500113008,20231005,1051,43,33,1,25.02594,121.50651,10
500113008,20231005,1052,43,32,1,25.02594,121.50651,11
500113008,20231005,1053,43,32,1,25.02594,121.50651,11
500113008,20231005,1054,43,31,1,25.02594,121.50651,12
500113008,20231005,1055,43,31,1,25.02594,121.50651,12
500113008,20231005,1056,43,31,1,25.02594,121.50651,12
500113008,20231005,1057,43,31,1,25.02594,121.50651,12
500113008,20231005,1058,43,31,1,25.02594,121.50651,12
500113008,20231005,1059,43,31,1,25.02594,121.50651,12
500113008,20231005,1060,43,31,1,25.02594,121.50651,12
500113008,20231005,1061,43,31,1,25.02594,121.50651,12
500113008,20231005,1062,43,31,1,25.02594,121.50651,12
500113008,20231005,1063,43,31,1,25.02594,121.50651,12
500113008,20231005,1064,43,31,1,25.02594,121.50651,12
500113008,20231005,1065,43,31,1,25.02594,121.50651,12
500113008,20231005,1066,43,31,1,25.02594,121.50651,12
500113008,20231005,1067,43,31,1,25.02594,121.50651,12
500113008,20231005,1068,43,31,1,25.02594,121.50651,12
500113008,20231005,1069,43,30,1,25.02594,121.50651,13
500113008,20231005,1070,43,30,1,25.02594,121.50651,13
500113008,20231005,1071,43,29,1,25.02594,121.50651,14
500113008,20231005,1072,43,29,1,25.02594,121.50651,14
500113008,20231005,1073,43,29,1,25.02594,121.50651,14
500113008,20231005,1074,43,28,1,25.02594,121.50651,15
500113008,20231005,1075,43,28,1,25.02594,121.50651,15
500113008,20231005,1076,43,28,1,25.02594,121.50651,15
500113008,20231005,1077,43,28,1,25.02594,121.50651,15
500113008,20231005,1078,43,28,1,25.02594,121.50651,15
500113008,20231005,1079,43,27,1,25.02594,121.50651,16
500113008,20231005,1081,43,27,1,25.02594,121.50651,16
500113008,20231005,1082,43,27,1,25.02594,121.50651,16
500113008,20231005,1083,43,27,1,25.02594,121.50651,16
500113008,20231005,1084,43,27,1,25.02594,121.50651,16
500113008,20231005,1085,43,27,1,25.02594,121.50651,16
500113008,20231005,1086,43,27,1,25.02594,121.50651,16
500113008,20231005,1087,43,27,1,25.02594,121.50651,16
500113008,20231005,1088,43,27,1,25.02594,121.50651,16
500113008,20231005,1089,43,27,1,25.02594,121.50651,16
500113008,20231005,1090,43,27,1,25.02594,121.50651,16
500113008,20231005,1091,43,27,1,25.02594,121.50651,16
500113008,20231005,1092,43,26,1,25.02594,121.50651,17
500113008,20231005,1093,43,26,1,25.02594,121.50651,17
500113008,20231005,1094,43,26,1,25.02594,121.50651,17
500113008,20231005,1095,43,27,1,25.02594,121.50651,16
500113008,20231005,1096,43,27,1,25.02594,121.50651,16
500113008,20231005,1097,43,27,1,25.02594,121.50651,16
500113008,20231005,1098,43,27,1,25.02594,121.50651,16
500113008,20231005,1099,43,27,1,25.02594,121.50651,16
500113008,20231005,1101,43,27,1,25.02594,121.50651,16
500113008,20231005,1102,43,27,1,25.02594,121.50651,16
500113008,20231005,1104,43,27,1,25.02594,121.50651,16
500113008,20231005,1105,43,27,1,25.02594,121.50651,16
500113008,20231005,1106,43,27,1,25.02594,121.50651,16
500113008,20231005,1107,43,27,1,25.02594,121.50651,16
500113008,20231005,1108,43,27,1,25.02594,121.50651,16
500113008,20231005,1109,43,27,1,25.02594,121.50651,16
500113008,20231005,1110,43,27,1,25.02594,121.50651,16
500113008,20231005,1111,43,27,1,25.02594,121.50651,16
500113008,20231005,1112,43,27,1,25.02594,121.50651,16
500113008,20231005,1113,43,27,1,25.02594,121.50651,16
500113008,20231005,1114,43,27,1,25.02594,121.50651,16
500113008,20231005,1115,43,27,1,25.02594,121.50651,16
500113008,20231005,1116,43,27,1,25.02594,121.50651,16
500113008,20231005,1117,43,27,1,25.02594,121.50651,16
500113008,20231005,1118,43,29,1,25.02594,121.50651,14
500113008,20231005,1119,43,29,1,25.02594,121.50651,14
500113008,20231005,1120,43,31,1,25.02594,121.50651,12
500113008,20231005,1121,43,31,1,25.02594,121.50651,12
500113008,20231005,1122,43,33,1,25.02594,121.50651,10
500113008,20231005,1123,43,33,1,25.02594,121.50651,10
500113008,20231005,1124,43,35,1,25.02594,121.50651,8
500113008,20231005,1125,43,36,1,25.02594,121.50651,7
500113008,20231005,1126,43,36,1,25.02594,121.50651,7
500113008,20231005,1127,43,36,1,25.02594,121.50651,7
500113008,20231005,1128,43,36,1,25.02594,121.50651,7
500113008,20231005,1129,43,36,1,25.02594,121.50651,7
500113008,20231005,1130,43,36,1,25.02594,121.50651,7
500113008,20231005,1131,43,36,1,25.02594,121.50651,7
500113008,20231005,1132,43,36,1,25.02594,121.50651,7
500113008,20231005,1133,43,37,1,25.02594,121.50651,6
500113008,20231005,1134,43,37,1,25.02594,121.50651,6
500113008,20231005,1135,43,37,1,25.02594,121.50651,6
500113008,20231005,1136,43,37,1,25.02594,121.50651,6
500113008,20231005,1137,43,37,1,25.02594,121.50651,6
500113008,20231005,1138,43,37,1,25.02594,121.50651,6
500113008,20231005,1139,43,37,1,25.02594,121.50651,6
500113008,20231005,1141,43,37,1,25.02594,121.50651,6
500113008,20231005,1142,43,37,1,25.02594,121.50651,6
500113008,20231005,1143,43,37,1,25.02594,121.50651,6
500113008,20231005,1144,43,37,1,25.02594,121.50651,6
500113008,20231005,1145,43,37,1,25.02594,121.50651,6
500113008,20231005,1146,43,38,1,25.02594,121.50651,5
500113008,20231005,1147,43,38,1,25.02594,121.50651,5
500113008,20231005,1148,43,38,1,25.02594,121.50651,5
500113008,20231005,1149,43,38,1,25.02594,121.50651,5
500113008,20231005,1150,43,38,1,25.02594,121.50651,5
500113008,20231005,1151,43,37,1,25.02594,121.50651,6
500113008,20231005,1152,43,36,1,25.02594,121.50651,7
500113008,20231005,1153,43,35,1,25.02594,121.50651,8
500113008,20231005,1154,43,35,1,25.02594,121.50651,8
500113008,20231005,1155,43,35,1,25.02594,121.50651,8
500113008,20231005,1156,43,35,1,25.02594,121.50651,8
500113008,20231005,1157,43,35,1,25.02594,121.50651,8
500113008,20231005,1158,43,35,1,25.02594,121.50651,8
500113008,20231005,1159,43,35,1,25.02594,121.50651,8
500113008,20231005,1161,43,34,1,25.02594,121.50651,9
500113008,20231005,1162,43,34,1,25.02594,121.50651,9
500113008,20231005,1163,43,34,1,25.02594,121.50651,9
500113008,20231005,1164,43,34,1,25.02594,121.50651,9
500113008,20231005,1165,43,34,1,25.02594,121.50651,9
500113008,20231005,1166,43,34,1,25.02594,121.50651,9
500113008,20231005,1167,43,34,1,25.02594,121.50651,9
500113008,20231005,1168,43,34,1,25.02594,121.50651,9
500113008,20231005,1169,43,34,1,25.02594,121.50651,9
500113008,20231005,1170,43,34,1,25.02594,121.50651,9
500113008,20231005,1171,43,34,1,25.02594,121.50651,9
500113008,20231005,1172,43,34,1,25.02594,121.50651,9
500113008,20231005,1173,43,34,1,25.02594,121.50651,9
500113008,20231005,1174,43,34,1,25.02594,121.50651,9
500113008,20231005,1175,43,35,1,25.02594,121.50651,8
500113008,20231005,1176,43,35,1,25.02594,121.50651,8
500113008,20231005,1177,43,35,1,25.02594,121.50651,8
500113008,20231005,1178,43,35,1,25.02594,121.50651,8
500113008,20231005,1179,43,35,1,25.02594,121.50651,8
500113008,20231005,1180,43,35,1,25.02594,121.50651,8
500113008,20231005,1181,43,35,1,25.02594,121.50651,8
500113008,20231005,1182,43,35,1,25.02594,121.50651,8
500113008,20231005,1183,43,35,1,25.02594,121.50651,8
500113008,20231005,1184,43,35,1,25.02594,121.50651,8
500113008,20231005,1185,43,35,1,25.02594,121.50651,8
500113008,20231005,1186,43,35,1,25.02594,121.50651,8
500113008,20231005,1187,43,35,1,25.02594,121.50651,8
500113008,20231005,1188,43,35,1,25.02594,121.50651,8
500113008,20231005,1189,43,35,1,25.02594,121.50651,8
500113008,20231005,1190,43,35,1,25.02594,121.50651,8
500113008,20231005,1191,43,35,1,25.02594,121.50651,8
500113008,20231005,1192,43,35,1,25.02594,121.50651,8
500113008,20231005,1193,43,35,1,25.02594,121.50651,8
500113008,20231005,1194,43,35,1,25.02594,121.50651,8
500113008,20231005,1195,43,35,1,25.02594,121.50651,8
500113008,20231005,1196,43,35,1,25.02594,121.50651,8
500113008,20231005,1197,43,35,1,25.02594,121.50651,8
500113008,20231005,1198,43,35,1,25.02594,121.50651,8
500113008,20231005,1199,43,35,1,25.02594,121.50651,8
500113008,20231005,1201,43,35,1,25.02594,121.50651,8
500113008,20231005,1202,43,35,1,25.02594,121.50651,8
500113008,20231005,1203,43,35,1,25.02594,121.50651,8
500113008,20231005,1204,43,35,1,25.02594,121.50651,8
500113008,20231005,1205,43,35,1,25.02594,121.50651,8
500113008,20231005,1206,43,35,1,25.02594,121.50651,8
500113008,20231005,1207,43,35,1,25.02594,121.50651,8
500113008,20231005,1208,43,35,1,25.02594,121.50651,8
500113008,20231005,1209,43,35,1,25.02594,121.50651,8
500113008,20231005,1210,43,35,1,25.02594,121.50651,8
500113008,20231005,1211,43,35,1,25.02594,121.50651,8
500113008,20231005,1212,43,35,1,25.02594,121.50651,8
500113008,20231005,1213,43,35,1,25.02594,121.50651,8
500113008,20231005,1214,43,35,1,25.02594,121.50651,8
500113008,20231005,1215,43,35,1,25.02594,121.50651,8
500113008,20231005,1216,43,35,1,25.02594,121.50651,8
500113008,20231005,1217,43,35,1,25.02594,121.50651,8
500113008,20231005,1218,43,35,1,25.02594,121.50651,8
500113008,20231005,1219,43,35,1,25.02594,121.50651,8
500113008,20231005,1221,43,34,1,25.02594,121.50651,9
500113008,20231005,1222,43,34,1,25.02594,121.50651,9
500113008,20231005,1223,43,34,1,25.02594,121.50651,9
500113008,20231005,1224,43,34,1,25.02594,121.50651,9
500113008,20231005,1225,43,34,1,25.02594,121.50651,9
500113008,20231005,1226,43,34,1,25.02594,121.50651,9
500113008,20231005,1227,43,34,1,25.02594,121.50651,9
500113008,20231005,1228,43,34,1,25.02594,121.50651,9
500113008,20231005,1229,43,34,1,25.02594,121.50651,9
500113008,20231005,1230,43,34,1,25.02594,121.50651,9
500113008,20231005,1231,43,34,1,25.02594,121.50651,9
500113008,20231005,1232,43,34,1,25.02594,121.50651,9
500113008,20231005,1233,43,34,1,25.02594,121.50651,9
500113008,20231005,1234,43,34,1,25.02594,121.50651,9
500113008,20231005,1235,43,34,1,25.02594,121.50651,9
500113008,20231005,1236,43,34,1,25.02594,121.50651,9
500113008,20231005,1237,43,34,1,25.02594,121.50651,9
500113008,20231005,1238,43,34,1,25.02594,121.50651,9
500113008,20231005,1239,43,34,1,25.02594,121.50651,9
500113008,20231005,1240,43,34,1,25.02594,121.50651,9
500113008,20231005,1241,43,34,1,25.02594,121.50651,9
500113008,20231005,1242,43,34,1,25.02594,121.50651,9
500113008,20231005,1243,43,34,1,25.02594,121.50651,9
500113008,20231005,1244,43,34,1,25.02594,121.50651,9
500113008,20231005,1245,43,34,1,25.02594,121.50651,9
500113008,20231005,1246,43,34,1,25.02594,121.50651,9
500113008,20231005,1247,43,34,1,25.02594,121.50651,9
500113008,20231005,1248,43,35,1,25.02594,121.50651,8
500113008,20231005,1249,43,35,1,25.02594,121.50651,8
500113008,20231005,1250,43,36,1,25.02594,121.50651,7
500113008,20231005,1251,43,36,1,25.02594,121.50651,7
500113008,20231005,1252,43,36,1,25.02594,121.50651,7
500113008,20231005,1253,43,36,1,25.02594,121.50651,7
500113008,20231005,1254,43,36,1,25.02594,121.50651,7
500113008,20231005,1255,43,36,1,25.02594,121.50651,7
500113008,20231005,1256,43,36,1,25.02594,121.50651,7
500113008,20231005,1257,43,36,1,25.02594,121.50651,7
500113008,20231005,1258,43,36,1,25.02594,121.50651,7
500113008,20231005,1259,43,36,1,25.02594,121.50651,7
500113008,20231005,1261,43,36,1,25.02594,121.50651,7
500113008,20231005,1262,43,36,1,25.02594,121.50651,7
500113008,20231005,1263,43,36,1,25.02594,121.50651,7
500113008,20231005,1264,43,36,1,25.02594,121.50651,7
500113008,20231005,1265,43,36,1,25.02594,121.50651,7
500113008,20231005,1266,43,36,1,25.02594,121.50651,7
500113008,20231005,1267,43,36,1,25.02594,121.50651,7
500113008,20231005,1268,43,36,1,25.02594,121.50651,7
500113008,20231005,1269,43,36,1,25.02594,121.50651,7
500113008,20231005,1270,43,36,1,25.02594,121.50651,7
500113008,20231005,1271,43,36,1,25.02594,121.50651,7
500113008,20231005,1272,43,36,1,25.02594,121.50651,7
500113008,20231005,1273,43,36,1,25.02594,121.50651,7
500113008,20231005,1274,43,36,1,25.02594,121.50651,7
500113008,20231005,1275,43,36,1,25.02594,121.50651,7
500113008,20231005,1276,43,36,1,25.02594,121.50651,7
500113008,20231005,1277,43,37,1,25.02594,121.50651,6
500113008,20231005,1278,43,37,1,25.02594,121.50651,6
500113008,20231005,1279,43,37,1,25.02594,121.50651,6
500113008,20231005,1281,43,37,1,25.02594,121.50651,6
500113008,20231005,1282,43,37,1,25.02594,121.50651,6
500113008,20231005,1283,43,37,1,25.02594,121.50651,6
500113008,20231005,1284,43,37,1,25.02594,121.50651,6
500113008,20231005,1285,43,37,1,25.02594,121.50651,6
500113008,20231005,1286,43,37,1,25.02594,121.50651,6
500113008,20231005,1287,43,37,1,25.02594,121.50651,6
500113008,20231005,1288,43,37,1,25.02594,121.50651,6
500113008,20231005,1289,43,37,1,25.02594,121.50651,6
500113008,20231005,1290,43,37,1,25.02594,121.50651,6
500113008,20231005,1291,43,37,1,25.02594,121.50651,6
500113008,20231005,1292,43,37,1,25.02594,121.50651,6
500113008,20231005,1293,43,37,1,25.02594,121.50651,6
500113008,20231005,1294,43,37,1,25.02594,121.50651,6
500113008,20231005,1295,43,37,1,25.02594,121.50651,6
500113008,20231005,1296,43,37,1,25.02594,121.50651,6
500113008,20231005,1297,43,37,1,25.02594,121.50651,6
500113008,20231005,1298,43,37,1,25.02594,121.50651,6
500113008,20231005,1299,43,36,1,25.02594,121.50651,7
500113008,20231005,1300,43,36,1,25.02594,121.50651,7
500113008,20231005,1301,43,36,1,25.02594,121.50651,7
500113008,20231005,1302,43,36,1,25.02594,121.50651,7
500113008,20231005,1303,43,36,1,25.02594,121.50651,7
500113008,20231005,1304,43,36,1,25.02594,121.50651,7
500113008,20231005,1305,43,36,1,25.02594,121.50651,7
500113008,20231005,1306,43,36,1,25.02594,121.50651,7
500113008,20231005,1307,43,36,1,25.02594,121.50651,7
500113008,20231005,1308,43,36,1,25.02594,121.50651,7
500113008,20231005,1309,43,36,1,25.02594,121.50651,7
500113008,20231005,1310,43,36,1,25.02594,121.50651,7
500113008,20231005,1311,43,36,1,25.02594,121.50651,7
500113008,20231005,1312,43,36,1,25.02594,121.50651,7
500113008,20231005,1313,43,36,1,25.02594,121.50651,7
500113008,20231005,1314,43,36,1,25.02594,121.50651,7
500113008,20231005,1315,43,36,1,25.02594,121.50651,7
500113008,20231005,1316,43,36,1,25.02594,121.50651,7
500113008,20231005,1317,43,36,1,25.02594,121.50651,7
500113008,20231005,1318,43,35,1,25.02594,121.50651,8
500113008,20231005,1319,43,35,1,25.02594,121.50651,8
500113008,20231005,1321,43,35,1,25.02594,121.50651,8
500113008,20231005,1322,43,35,1,25.02594,121.50651,8
500113008,20231005,1323,43,37,1,25.02594,121.50651,6
500113008,20231005,1324,43,37,1,25.02594,121.50651,6
500113008,20231005,1325,43,37,1,25.02594,121.50651,6
500113008,20231005,1326,43,37,1,25.02594,121.50651,6
500113008,20231005,1327,43,37,1,25.02594,121.50651,6
500113008,20231005,1328,43,37,1,25.02594,121.50651,6
500113008,20231005,1329,43,37,1,25.02594,121.50651,6
500113008,20231005,1330,43,37,1,25.02594,121.50651,6
500113008,20231005,1331,43,38,1,25.02594,121.50651,5
500113008,20231005,1332,43,39,1,25.02594,121.50651,4
500113008,20231005,1333,43,39,1,25.02594,121.50651,4
500113008,20231005,1334,43,39,1,25.02594,121.50651,4
500113008,20231005,1335,43,39,1,25.02594,121.50651,4
500113008,20231005,1336,43,39,1,25.02594,121.50651,4
500113008,20231005,1337,43,39,1,25.02594,121.50651,4
500113008,20231005,1338,43,39,1,25.02594,121.50651,4
500113008,20231005,1339,43,38,1,25.02594,121.50651,5
500113008,20231005,1341,43,38,1,25.02594,121.50651,5
500113008,20231005,1342,43,38,1,25.02594,121.50651,5
500113008,20231005,1343,43,38,1,25.02594,121.50651,5
500113008,20231005,1344,43,38,1,25.02594,121.50651,5
500113008,20231005,1345,43,38,1,25.02594,121.50651,5
500113008,20231005,1346,43,38,1,25.02594,121.50651,5
500113008,20231005,1347,43,38,1,25.02594,121.50651,5
500113008,20231005,1348,43,38,1,25.02594,121.50651,5
500113008,20231005,1349,43,38,1,25.02594,121.50651,5
500113008,20231005,1350,43,38,1,25.02594,121.50651,5
500113008,20231005,1351,43,38,1,25.02594,121.50651,5
500113008,20231005,1352,43,38,1,25.02594,121.50651,5
500113008,20231005,1353,43,38,1,25.02594,121.50651,5
500113008,20231005,1354,43,38,1,25.02594,121.50651,5
500113008,20231005,1355,43,38,1,25.02594,121.50651,5
500113008,20231005,1356,43,38,1,25.02594,121.50651,5
500113008,20231005,1357,43,38,1,25.02594,121.50651,5
500113008,20231005,1358,43,38,1,25.02594,121.50651,5
500113008,20231005,1359,43,38,1,25.02594,121.50651,5
500113008,20231005,1360,43,38,1,25.02594,121.50651,5
500113008,20231005,1361,43,38,1,25.02594,121.50651,5
500113008,20231005,1362,43,38,1,25.02594,121.50651,5
500113008,20231005,1363,43,38,1,25.02594,121.50651,5
500113008,20231005,1364,43,38,1,25.02594,121.50651,5
500113008,20231005,1365,43,38,1,25.02594,121.50651,5
500113008,20231005,1366,43,38,1,25.02594,121.50651,5
500113008,20231005,1367,43,38,1,25.02594,121.50651,5
500113008,20231005,1368,43,38,1,25.02594,121.50651,5
500113008,20231005,1369,43,38,1,25.02594,121.50651,5
500113008,20231005,1370,43,38,1,25.02594,121.50651,5
500113008,20231005,1371,43,38,1,25.02594,121.50651,5
500113008,20231005,1372,43,38,1,25.02594,121.50651,5
500113008,20231005,1373,43,38,1,25.02594,121.50651,5
500113008,20231005,1374,43,38,1,25.02594,121.50651,5
500113008,20231005,1375,43,38,1,25.02594,121.50651,5
500113008,20231005,1376,43,38,1,25.02594,121.50651,5
500113008,20231005,1377,43,38,1,25.02594,121.50651,5
500113008,20231005,1378,43,38,1,25.02594,121.50651,5
500113008,20231005,1379,43,38,1,25.02594,121.50651,5
500113008,20231005,1381,43,38,1,25.02594,121.50651,5
500113008,20231005,1382,43,38,1,25.02594,121.50651,5
500113008,20231005,1383,43,38,1,25.02594,121.50651,5
500113008,20231005,1384,43,38,1,25.02594,121.50651,5
500113008,20231005,1385,43,38,1,25.02594,121.50651,5
500113008,20231005,1386,43,38,1,25.02594,121.50651,5
500113008,20231005,1387,43,37,1,25.02594,121.50651,6
500113008,20231005,1388,43,37,1,25.02594,121.50651,6
500113008,20231005,1389,43,37,1,25.02594,121.50651,6
500113008,20231005,1390,43,37,1,25.02594,121.50651,6
500113008,20231005,1391,43,37,1,25.02594,121.50651,6
500113008,20231005,1392,43,37,1,25.02594,121.50651,6
500113008,20231005,1393,43,38,1,25.02594,121.50651,5
500113008,20231005,1394,43,38,1,25.02594,121.50651,5
500113008,20231005,1395,43,38,1,25.02594,121.50651,5
500113008,20231005,1396,43,38,1,25.02594,121.50651,5
500113008,20231005,1397,43,38,1,25.02594,121.50651,5
500113008,20231005,1398,43,37,1,25.02594,121.50651,6
500113008,20231005,1399,43,37,1,25.02594,121.50651,6
500113008,20231005,1401,43,38,1,25.02594,121.50651,5
500113008,20231005,1402,43,38,1,25.02594,121.50651,5
500113008,20231005,1403,43,38,1,25.02594,121.50651,5
500113008,20231005,1404,43,38,1,25.02594,121.50651,5
500113008,20231005,1405,43,38,1,25.02594,121.50651,5
500113008,20231005,1406,43,38,1,25.02594,121.50651,5
500113008,20231005,1408,43,38,1,25.02594,121.50651,5
500113008,20231005,1409,43,38,1,25.02594,121.50651,5
500113008,20231005,1410,43,38,1,25.02594,121.50651,5
500113008,20231005,1411,43,38,1,25.02594,121.50651,5
500113008,20231005,1412,43,38,1,25.02594,121.50651,5
500113008,20231005,1413,43,38,1,25.02594,121.50651,5
500113008,20231005,1414,43,37,1,25.02594,121.50651,6
500113008,20231005,1415,43,37,1,25.02594,121.50651,6
500113008,20231005,1416,43,37,1,25.02594,121.50651,6
500113008,20231005,1417,43,37,1,25.02594,121.50651,6
500113008,20231005,1418,43,37,1,25.02594,121.50651,6
500113008,20231005,1419,43,37,1,25.02594,121.50651,6
500113008,20231005,1420,43,37,1,25.02594,121.50651,6
500113008,20231005,1421,43,36,1,25.02594,121.50651,7
500113008,20231005,1422,43,36,1,25.02594,121.50651,7
500113008,20231005,1423,43,36,1,25.02594,121.50651,7
500113008,20231005,1424,43,36,1,25.02594,121.50651,7
500113008,20231005,1425,43,36,1,25.02594,121.50651,7
500113008,20231005,1426,43,36,1,25.02594,121.50651,7
500113008,20231005,1427,43,36,1,25.02594,121.50651,7
500113008,20231005,1428,43,36,1,25.02594,121.50651,7
500113008,20231005,1429,43,36,1,25.02594,121.50651,7
500113008,20231005,1430,43,36,1,25.02594,121.50651,7
500113008,20231005,1431,43,36,1,25.02594,121.50651,7
500113008,20231005,1432,43,36,1,25.02594,121.50651,7
500113008,20231005,1433,43,36,1,25.02594,121.50651,7
500113008,20231005,1434,43,36,1,25.02594,121.50651,7
500113008,20231005,1435,43,36,1,25.02594,121.50651,7
500113008,20231005,1436,43,35,1,25.02594,121.50651,8
500113008,20231005,1437,43,35,1,25.02594,121.50651,8
500113008,20231005,1438,43,35,1,25.02594,121.50651,8
500113008,20231005,1439,43,35,1,25.02594,121.50651,8
500113008,20231006,1,43,35,1,25.02594,121.50651,8
500113008,20231006,2,43,34,1,25.02594,121.50651,9
500113008,20231006,3,43,34,1,25.02594,121.50651,9
500113008,20231006,4,43,34,1,25.02594,121.50651,9
500113008,20231006,5,43,34,1,25.02594,121.50651,9
500113008,20231006,6,43,34,1,25.02594,121.50651,9
500113008,20231006,7,43,34,1,25.02594,121.50651,9
500113008,20231006,8,43,34,1,25.02594,121.50651,9
500113008,20231006,9,43,34,1,25.02594,121.50651,9
500113008,20231006,10,43,34,1,25.02594,121.50651,9
500113008,20231006,11,43,34,1,25.02594,121.50651,9
500113008,20231006,12,43,34,1,25.02594,121.50651,9
500113008,20231006,13,43,34,1,25.02594,121.50651,9
500113008,20231006,14,43,34,1,25.02594,121.50651,9
500113008,20231006,15,43,34,1,25.02594,121.50651,9
500113008,20231006,16,43,34,1,25.02594,121.50651,9
500113008,20231006,17,43,34,1,25.02594,121.50651,9
500113008,20231006,18,43,34,1,25.02594,121.50651,9
500113008,20231006,19,43,34,1,25.02594,121.50651,9
500113008,20231006,21,43,34,1,25.02594,121.50651,9
500113008,20231006,22,43,34,1,25.02594,121.50651,9
500113008,20231006,23,43,34,1,25.02594,121.50651,9
500113008,20231006,24,43,35,1,25.02594,121.50651,8
500113008,20231006,25,43,35,1,25.02594,121.50651,8
500113008,20231006,26,43,35,1,25.02594,121.50651,8
500113008,20231006,27,43,35,1,25.02594,121.50651,8
500113008,20231006,28,43,35,1,25.02594,121.50651,8
500113008,20231006,29,43,35,1,25.02594,121.50651,8
500113008,20231006,30,43,34,1,25.02594,121.50651,9
500113008,20231006,31,43,34,1,25.02594,121.50651,9
500113008,20231006,32,43,34,1,25.02594,121.50651,9
500113008,20231006,33,43,34,1,25.02594,121.50651,9
500113008,20231006,34,43,34,1,25.02594,121.50651,9
500113008,20231006,35,43,34,1,25.02594,121.50651,9
500113008,20231006,36,43,34,1,25.02594,121.50651,9
500113008,20231006,37,43,34,1,25.02594,121.50651,9
500113008,20231006,38,43,34,1,25.02594,121.50651,9
500113008,20231006,39,43,34,1,25.02594,121.50651,9
500113008,20231006,40,43,34,1,25.02594,121.50651,9
500113008,20231006,41,43,34,1,25.02594,121.50651,9
500113008,20231006,42,43,34,1,25.02594,121.50651,9
500113008,20231006,43,43,34,1,25.02594,121.50651,9
500113008,20231006,44,43,34,1,25.02594,121.50651,9
500113008,20231006,45,43,34,1,25.02594,121.50651,9
500113008,20231006,46,43,34,1,25.02594,121.50651,9
500113008,20231006,47,43,34,1,25.02594,121.50651,9
500113008,20231006,48,43,34,1,25.02594,121.50651,9
500113008,20231006,49,43,34,1,25.02594,121.50651,9
500113008,20231006,50,43,34,1,25.02594,121.50651,9
500113008,20231006,51,43,34,1,25.02594,121.50651,9
500113008,20231006,52,43,34,1,25.02594,121.50651,9
500113008,20231006,53,43,34,1,25.02594,121.50651,9
500113008,20231006,54,43,34,1,25.02594,121.50651,9
500113008,20231006,55,43,34,1,25.02594,121.50651,9
500113008,20231006,56,43,34,1,25.02594,121.50651,9
500113008,20231006,57,43,34,1,25.02594,121.50651,9
500113008,20231006,58,43,34,1,25.02594,121.50651,9
500113008,20231006,59,43,34,1,25.02594,121.50651,9
500113008,20231006,61,43,34,1,25.02594,121.50651,9
500113008,20231006,62,43,34,1,25.02594,121.50651,9
500113008,20231006,63,43,34,1,25.02594,121.50651,9
500113008,20231006,64,43,34,1,25.02594,121.50651,9
500113008,20231006,65,43,34,1,25.02594,121.50651,9
500113008,20231006,66,43,34,1,25.02594,121.50651,9
500113008,20231006,67,43,34,1,25.02594,121.50651,9
500113008,20231006,68,43,34,1,25.02594,121.50651,9
500113008,20231006,69,43,34,1,25.02594,121.50651,9
500113008,20231006,70,43,34,1,25.02594,121.50651,9
500113008,20231006,71,43,34,1,25.02594,121.50651,9
500113008,20231006,72,43,34,1,25.02594,121.50651,9
500113008,20231006,73,43,34,1,25.02594,121.50651,9
500113008,20231006,74,43,34,1,25.02594,121.50651,9
500113008,20231006,75,43,34,1,25.02594,121.50651,9
500113008,20231006,76,43,34,1,25.02594,121.50651,9
500113008,20231006,77,43,34,1,25.02594,121.50651,9
500113008,20231006,78,43,34,1,25.02594,121.50651,9
500113008,20231006,79,43,34,1,25.02594,121.50651,9
500113008,20231006,81,43,34,1,25.02594,121.50651,9
500113008,20231006,82,43,34,1,25.02594,121.50651,9
500113008,20231006,83,43,34,1,25.02594,121.50651,9
500113008,20231006,84,43,34,1,25.02594,121.50651,9
500113008,20231006,85,43,34,1,25.02594,121.50651,9
500113008,20231006,86,43,34,1,25.02594,121.50651,9
500113008,20231006,87,43,34,1,25.02594,121.50651,9
500113008,20231006,88,43,34,1,25.02594,121.50651,9
500113008,20231006,89,43,34,1,25.02594,121.50651,9
500113008,20231006,90,43,34,1,25.02594,121.50651,9
500113008,20231006,91,43,34,1,25.02594,121.50651,9
500113008,20231006,92,43,33,1,25.02594,121.50651,10
500113008,20231006,93,43,33,1,25.02594,121.50651,10
500113008,20231006,94,43,33,1,25.02594,121.50651,10
500113008,20231006,95,43,33,1,25.02594,121.50651,10
500113008,20231006,96,43,33,1,25.02594,121.50651,10
500113008,20231006,97,43,33,1,25.02594,121.50651,10
500113008,20231006,98,43,33,1,25.02594,121.50651,10
500113008,20231006,99,43,33,1,25.02594,121.50651,10
500113008,20231006,100,43,33,1,25.02594,121.50651,10
500113008,20231006,101,43,33,1,25.02594,121.50651,10
500113008,20231006,102,43,33,1,25.02594,121.50651,10
500113008,20231006,103,43,33,1,25.02594,121.50651,10
500113008,20231006,104,43,33,1,25.02594,121.50651,10
500113008,20231006,105,43,33,1,25.02594,121.50651,10
500113008,20231006,106,43,33,1,25.02594,121.50651,10
500113008,20231006,107,43,33,1,25.02594,121.50651,10
500113008,20231006,108,43,33,1,25.02594,121.50651,10
500113008,20231006,109,43,33,1,25.02594,121.50651,10
500113008,20231006,110,43,33,1,25.02594,121.50651,10
500113008,20231006,111,43,32,1,25.02594,121.50651,11
500113008,20231006,112,43,32,1,25.02594,121.50651,11
500113008,20231006,113,43,32,1,25.02594,121.50651,11
500113008,20231006,114,43,32,1,25.02594,121.50651,11
500113008,20231006,115,43,32,1,25.02594,121.50651,11
500113008,20231006,116,43,32,1,25.02594,121.50651,11
500113008,20231006,117,43,32,1,25.02594,121.50651,11
500113008,20231006,118,43,32,1,25.02594,121.50651,11
500113008,20231006,119,43,32,1,25.02594,121.50651,11
500113008,20231006,121,43,32,1,25.02594,121.50651,11
500113008,20231006,122,43,32,1,25.02594,121.50651,11
500113008,20231006,123,43,32,1,25.02594,121.50651,11
500113008,20231006,124,43,32,1,25.02594,121.50651,11
500113008,20231006,125,43,32,1,25.02594,121.50651,11
500113008,20231006,126,43,32,1,25.02594,121.50651,11
500113008,20231006,127,43,32,1,25.02594,121.50651,11
500113008,20231006,128,43,32,1,25.02594,121.50651,11
500113008,20231006,129,43,32,1,25.02594,121.50651,11
500113008,20231006,130,43,32,1,25.02594,121.50651,11
500113008,20231006,131,43,32,1,25.02594,121.50651,11
500113008,20231006,132,43,32,1,25.02594,121.50651,11
500113008,20231006,133,43,32,1,25.02594,121.50651,11
500113008,20231006,134,43,33,1,25.02594,121.50651,10
500113008,20231006,135,43,33,1,25.02594,121.50651,10
500113008,20231006,136,43,33,1,25.02594,121.50651,10
500113008,20231006,137,43,33,1,25.02594,121.50651,10
500113008,20231006,138,43,33,1,25.02594,121.50651,10
500113008,20231006,139,43,33,1,25.02594,121.50651,10
500113008,20231006,141,43,33,1,25.02594,121.50651,10
500113008,20231006,142,43,33,1,25.02594,121.50651,10
500113008,20231006,143,43,33,1,25.02594,121.50651,10
500113008,20231006,144,43,33,1,25.02594,121.50651,10
500113008,20231006,145,43,33,1,25.02594,121.50651,10
500113008,20231006,146,43,33,1,25.02594,121.50651,10
500113008,20231006,147,43,33,1,25.02594,121.50651,10
500113008,20231006,148,43,33,1,25.02594,121.50651,10
500113008,20231006,149,43,33,1,25.02594,121.50651,10
500113008,20231006,150,43,33,1,25.02594,121.50651,10
500113008,20231006,151,43,33,1,25.02594,121.50651,10
500113008,20231006,152,43,33,1,25.02594,121.50651,10
500113008,20231006,153,43,33,1,25.02594,121.50651,10
500113008,20231006,154,43,33,1,25.02594,121.50651,10
500113008,20231006,155,43,33,1,25.02594,121.50651,10
500113008,20231006,156,43,33,1,25.02594,121.50651,10
500113008,20231006,157,43,33,1,25.02594,121.50651,10
500113008,20231006,158,43,33,1,25.02594,121.50651,10
500113008,20231006,159,43,33,1,25.02594,121.50651,10
500113008,20231006,160,43,33,1,25.02594,121.50651,10
500113008,20231006,161,43,33,1,25.02594,121.50651,10
500113008,20231006,162,43,33,1,25.02594,121.50651,10
500113008,20231006,163,43,33,1,25.02594,121.50651,10
500113008,20231006,164,43,33,1,25.02594,121.50651,10
500113008,20231006,165,43,33,1,25.02594,121.50651,10
500113008,20231006,166,43,33,1,25.02594,121.50651,10
500113008,20231006,167,43,33,1,25.02594,121.50651,10
500113008,20231006,168,43,33,1,25.02594,121.50651,10
500113008,20231006,169,43,33,1,25.02594,121.50651,10
500113008,20231006,170,43,33,1,25.02594,121.50651,10
500113008,20231006,171,43,33,1,25.02594,121.50651,10
500113008,20231006,172,43,33,1,25.02594,121.50651,10
500113008,20231006,173,43,33,1,25.02594,121.50651,10
500113008,20231006,174,43,33,1,25.02594,121.50651,10
500113008,20231006,175,43,33,1,25.02594,121.50651,10
500113008,20231006,176,43,33,1,25.02594,121.50651,10
500113008,20231006,177,43,33,1,25.02594,121.50651,10
500113008,20231006,178,43,33,1,25.02594,121.50651,10
500113008,20231006,179,43,33,1,25.02594,121.50651,10
500113008,20231006,180,43,33,1,25.02594,121.50651,10
500113008,20231006,181,43,33,1,25.02594,121.50651,10
500113008,20231006,182,43,33,1,25.02594,121.50651,10
500113008,20231006,183,43,33,1,25.02594,121.50651,10
500113008,20231006,184,43,33,1,25.02594,121.50651,10
500113008,20231006,185,43,33,1,25.02594,121.50651,10
500113008,20231006,186,43,33,1,25.02594,121.50651,10
500113008,20231006,187,43,33,1,25.02594,121.50651,10
500113008,20231006,188,43,33,1,25.02594,121.50651,10
500113008,20231006,189,43,33,1,25.02594,121.50651,10
500113008,20231006,190,43,33,1,25.02594,121.50651,10
500113008,20231006,191,43,33,1,25.02594,121.50651,10
500113008,20231006,192,43,33,1,25.02594,121.50651,10
500113008,20231006,193,43,33,1,25.02594,121.50651,10
500113008,20231006,194,43,33,1,25.02594,121.50651,10
500113008,20231006,195,43,33,1,25.02594,121.50651,10
500113008,20231006,196,43,33,1,25.02594,121.50651,10
500113008,20231006,197,43,33,1,25.02594,121.50651,10
500113008,20231006,198,43,33,1,25.02594,121.50651,10
500113008,20231006,199,43,33,1,25.02594,121.50651,10
500113008,20231006,201,43,33,1,25.02594,121.50651,10
500113008,20231006,202,43,33,1,25.02594,121.50651,10
500113008,20231006,203,43,33,1,25.02594,121.50651,10
500113008,20231006,204,43,33,1,25.02594,121.50651,10
500113008,20231006,205,43,33,1,25.02594,121.50651,10
500113008,20231006,206,43,33,1,25.02594,121.50651,10
500113008,20231006,207,43,33,1,25.02594,121.50651,10
500113008,20231006,208,43,33,1,25.02594,121.50651,10
500113008,20231006,209,43,33,1,25.02594,121.50651,10
500113008,20231006,210,43,33,1,25.02594,121.50651,10
500113008,20231006,211,43,33,1,25.02594,121.50651,10
500113008,20231006,212,43,33,1,25.02594,121.50651,10
500113008,20231006,213,43,33,1,25.02594,121.50651,10
500113008,20231006,214,43,33,1,25.02594,121.50651,10
500113008,20231006,215,43,33,1,25.02594,121.50651,10
500113008,20231006,216,43,33,1,25.02594,121.50651,10
500113008,20231006,217,43,33,1,25.02594,121.50651,10
500113008,20231006,218,43,33,1,25.02594,121.50651,10
500113008,20231006,219,43,33,1,25.02594,121.50651,10
500113008,20231006,220,43,33,1,25.02594,121.50651,10
500113008,20231006,221,43,33,1,25.02594,121.50651,10
500113008,20231006,222,43,33,1,25.02594,121.50651,10
500113008,20231006,223,43,33,1,25.02594,121.50651,10
500113008,20231006,224,43,33,1,25.02594,121.50651,10
500113008,20231006,225,43,33,1,25.02594,121.50651,10
500113008,20231006,226,43,33,1,25.02594,121.50651,10
500113008,20231006,227,43,33,1,25.02594,121.50651,10
500113008,20231006,228,43,33,1,25.02594,121.50651,10
500113008,20231006,229,43,33,1,25.02594,121.50651,10
500113008,20231006,230,43,33,1,25.02594,121.50651,10
500113008,20231006,231,43,33,1,25.02594,121.50651,10
500113008,20231006,232,43,33,1,25.02594,121.50651,10
500113008,20231006,233,43,33,1,25.02594,121.50651,10
500113008,20231006,234,43,33,1,25.02594,121.50651,10
500113008,20231006,235,43,33,1,25.02594,121.50651,10
500113008,20231006,236,43,33,1,25.02594,121.50651,10
500113008,20231006,237,43,33,1,25.02594,121.50651,10
500113008,20231006,238,43,33,1,25.02594,121.50651,10
500113008,20231006,239,43,33,1,25.02594,121.50651,10
500113008,20231006,241,43,33,1,25.02594,121.50651,10
500113008,20231006,242,43,33,1,25.02594,121.50651,10
500113008,20231006,243,43,33,1,25.02594,121.50651,10
500113008,20231006,244,43,33,1,25.02594,121.50651,10
500113008,20231006,245,43,33,1,25.02594,121.50651,10
500113008,20231006,246,43,33,1,25.02594,121.50651,10
500113008,20231006,247,43,33,1,25.02594,121.50651,10
500113008,20231006,248,43,33,1,25.02594,121.50651,10
500113008,20231006,249,43,33,1,25.02594,121.50651,10
500113008,20231006,250,43,33,1,25.02594,121.50651,10
500113008,20231006,251,43,33,1,25.02594,121.50651,10
500113008,20231006,252,43,33,1,25.02594,121.50651,10
500113008,20231006,253,43,33,1,25.02594,121.50651,10
500113008,20231006,254,43,33,1,25.02594,121.50651,10
500113008,20231006,255,43,33,1,25.02594,121.50651,10
500113008,20231006,256,43,33,1,25.02594,121.50651,10
500113008,20231006,257,43,33,1,25.02594,121.50651,10
500113008,20231006,258,43,33,1,25.02594,121.50651,10
500113008,20231006,259,43,33,1,25.02594,121.50651,10
500113008,20231006,261,43,33,1,25.02594,121.50651,10
500113008,20231006,262,43,33,1,25.02594,121.50651,10
500113008,20231006,264,43,33,1,25.02594,121.50651,10
500113008,20231006,265,43,33,1,25.02594,121.50651,10
500113008,20231006,266,43,33,1,25.02594,121.50651,10
500113008,20231006,267,43,33,1,25.02594,121.50651,10
500113008,20231006,268,43,33,1,25.02594,121.50651,10
500113008,20231006,269,43,33,1,25.02594,121.50651,10
500113008,20231006,270,43,33,1,25.02594,121.50651,10
500113008,20231006,271,43,33,1,25.02594,121.50651,10
500113008,20231006,272,43,33,1,25.02594,121.50651,10
500113008,20231006,273,43,33,1,25.02594,121.50651,10
500113008,20231006,274,43,33,1,25.02594,121.50651,10
500113008,20231006,275,43,33,1,25.02594,121.50651,10
500113008,20231006,276,43,33,1,25.02594,121.50651,10
500113008,20231006,277,43,33,1,25.02594,121.50651,10
500113008,20231006,278,43,33,1,25.02594,121.50651,10
500113008,20231006,279,43,33,1,25.02594,121.50651,10
500113008,20231006,280,43,33,1,25.02594,121.50651,10
500113008,20231006,281,43,33,1,25.02594,121.50651,10
500113008,20231006,282,43,33,1,25.02594,121.50651,10
500113008,20231006,283,43,33,1,25.02594,121.50651,10
500113008,20231006,284,43,33,1,25.02594,121.50651,10
500113008,20231006,285,43,33,1,25.02594,121.50651,10
500113008,20231006,286,43,33,1,25.02594,121.50651,10
500113008,20231006,287,43,33,1,25.02594,121.50651,10
500113008,20231006,288,43,33,1,25.02594,121.50651,10
500113008,20231006,289,43,32,1,25.02594,121.50651,11
500113008,20231006,290,43,32,1,25.02594,121.50651,11
500113008,20231006,291,43,32,1,25.02594,121.50651,11
500113008,20231006,292,43,33,1,25.02594,121.50651,10
500113008,20231006,293,43,33,1,25.02594,121.50651,10
500113008,20231006,294,43,33,1,25.02594,121.50651,10
500113008,20231006,295,43,33,1,25.02594,121.50651,10
500113008,20231006,296,43,33,1,25.02594,121.50651,10
500113008,20231006,297,43,33,1,25.02594,121.50651,10
500113008,20231006,298,43,33,1,25.02594,121.50651,10
500113008,20231006,299,43,32,1,25.02594,121.50651,11
500113008,20231006,300,43,32,1,25.02594,121.50651,11
500113008,20231006,301,43,32,1,25.02594,121.50651,11
500113008,20231006,302,43,32,1,25.02594,121.50651,11
500113008,20231006,303,43,32,1,25.02594,121.50651,11
500113008,20231006,304,43,32,1,25.02594,121.50651,11
500113008,20231006,305,43,32,1,25.02594,121.50651,11
500113008,20231006,306,43,32,1,25.02594,121.50651,11
500113008,20231006,307,43,32,1,25.02594,121.50651,11
500113008,20231006,308,43,32,1,25.02594,121.50651,11
500113008,20231006,309,43,32,1,25.02594,121.50651,11
500113008,20231006,310,43,32,1,25.02594,121.50651,11
500113008,20231006,311,43,32,1,25.02594,121.50651,11
500113008,20231006,312,43,32,1,25.02594,121.50651,11
500113008,20231006,313,43,32,1,25.02594,121.50651,11
500113008,20231006,314,43,33,1,25.02594,121.50651,10
500113008,20231006,315,43,33,1,25.02594,121.50651,10
500113008,20231006,316,43,33,1,25.02594,121.50651,10
500113008,20231006,317,43,33,1,25.02594,121.50651,10
500113008,20231006,318,43,33,1,25.02594,121.50651,10
500113008,20231006,319,43,33,1,25.02594,121.50651,10
500113008,20231006,321,43,33,1,25.02594,121.50651,10
500113008,20231006,322,43,33,1,25.02594,121.50651,10
500113008,20231006,323,43,33,1,25.02594,121.50651,10
500113008,20231006,324,43,33,1,25.02594,121.50651,10
500113008,20231006,325,43,33,1,25.02594,121.50651,10
500113008,20231006,326,43,33,1,25.02594,121.50651,10
500113008,20231006,327,43,33,1,25.02594,121.50651,10
500113008,20231006,328,43,33,1,25.02594,121.50651,10
500113008,20231006,329,43,34,1,25.02594,121.50651,9
500113008,20231006,330,43,33,1,25.02594,121.50651,10
500113008,20231006,331,43,33,1,25.02594,121.50651,10
500113008,20231006,332,43,33,1,25.02594,121.50651,10
500113008,20231006,333,43,33,1,25.02594,121.50651,10
500113008,20231006,334,43,33,1,25.02594,121.50651,10
500113008,20231006,335,43,33,1,25.02594,121.50651,10
500113008,20231006,336,43,33,1,25.02594,121.50651,10
500113008,20231006,337,43,33,1,25.02594,121.50651,10
500113008,20231006,338,43,33,1,25.02594,121.50651,10
500113008,20231006,339,43,33,1,25.02594,121.50651,10
500113008,20231006,340,43,33,1,25.02594,121.50651,10
500113008,20231006,341,43,33,1,25.02594,121.50651,10
500113008,20231006,342,43,33,1,25.02594,121.50651,10
500113008,20231006,343,43,33,1,25.02594,121.50651,10
500113008,20231006,344,43,33,1,25.02594,121.50651,10
500113008,20231006,345,43,33,1,25.02594,121.50651,10
500113008,20231006,346,43,33,1,25.02594,121.50651,10
500113008,20231006,347,43,33,1,25.02594,121.50651,10
500113008,20231006,348,43,33,1,25.02594,121.50651,10
500113008,20231006,349,43,33,1,25.02594,121.50651,10
500113008,20231006,350,43,33,1,25.02594,121.50651,10
500113008,20231006,351,43,33,1,25.02594,121.50651,10
500113008,20231006,352,43,33,1,25.02594,121.50651,10
500113008,20231006,353,43,33,1,25.02594,121.50651,10
500113008,20231006,354,43,34,1,25.02594,121.50651,9
500113008,20231006,355,43,34,1,25.02594,121.50651,9
500113008,20231006,356,43,34,1,25.02594,121.50651,9
500113008,20231006,357,43,34,1,25.02594,121.50651,9
500113008,20231006,358,43,34,1,25.02594,121.50651,9
500113008,20231006,359,43,34,1,25.02594,121.50651,9
500113008,20231006,360,43,34,1,25.02594,121.50651,9
500113008,20231006,361,43,34,1,25.02594,121.50651,9
500113008,20231006,362,43,34,1,25.02594,121.50651,9
500113008,20231006,363,43,34,1,25.02594,121.50651,9
500113008,20231006,364,43,34,1,25.02594,121.50651,9
500113008,20231006,365,43,34,1,25.02594,121.50651,9
500113008,20231006,366,43,34,1,25.02594,121.50651,9
500113008,20231006,367,43,34,1,25.02594,121.50651,9
500113008,20231006,368,43,34,1,25.02594,121.50651,9
500113008,20231006,369,43,34,1,25.02594,121.50651,9
500113008,20231006,370,43,34,1,25.02594,121.50651,9
500113008,20231006,371,43,34,1,25.02594,121.50651,9
500113008,20231006,372,43,34,1,25.02594,121.50651,9
500113008,20231006,373,43,34,1,25.02594,121.50651,9
500113008,20231006,374,43,34,1,25.02594,121.50651,9
500113008,20231006,375,43,34,1,25.02594,121.50651,9
500113008,20231006,376,43,34,1,25.02594,121.50651,9
500113008,20231006,377,43,34,1,25.02594,121.50651,9
500113008,20231006,378,43,34,1,25.02594,121.50651,9
500113008,20231006,379,43,34,1,25.02594,121.50651,9
500113008,20231006,381,43,34,1,25.02594,121.50651,9
500113008,20231006,382,43,34,1,25.02594,121.50651,9
500113008,20231006,383,43,34,1,25.02594,121.50651,9
500113008,20231006,384,43,34,1,25.02594,121.50651,9
500113008,20231006,385,43,34,1,25.02594,121.50651,9
500113008,20231006,386,43,34,1,25.02594,121.50651,9
500113008,20231006,387,43,34,1,25.02594,121.50651,9
500113008,20231006,388,43,34,1,25.02594,121.50651,9
500113008,20231006,389,43,35,1,25.02594,121.50651,8
500113008,20231006,390,43,36,1,25.02594,121.50651,7
500113008,20231006,391,43,36,1,25.02594,121.50651,7
500113008,20231006,392,43,36,1,25.02594,121.50651,7
500113008,20231006,393,43,36,1,25.02594,121.50651,7
500113008,20231006,394,43,36,1,25.02594,121.50651,7
500113008,20231006,395,43,36,1,25.02594,121.50651,7
500113008,20231006,396,43,36,1,25.02594,121.50651,7
500113008,20231006,397,43,37,1,25.02594,121.50651,6
500113008,20231006,398,43,37,1,25.02594,121.50651,6
500113008,20231006,399,43,37,1,25.02594,121.50651,6
500113008,20231006,400,43,37,1,25.02594,121.50651,6
500113008,20231006,401,43,37,1,25.02594,121.50651,6
500113008,20231006,402,43,37,1,25.02594,121.50651,6
500113008,20231006,403,43,37,1,25.02594,121.50651,6
500113008,20231006,404,43,37,1,25.02594,121.50651,6
500113008,20231006,405,43,38,1,25.02594,121.50651,5
500113008,20231006,406,43,38,1,25.02594,121.50651,5
500113008,20231006,407,43,38,1,25.02594,121.50651,5
500113008,20231006,408,43,38,1,25.02594,121.50651,5
500113008,20231006,409,43,37,1,25.02594,121.50651,6
500113008,20231006,410,43,37,1,25.02594,121.50651,6
500113008,20231006,411,43,37,1,25.02594,121.50651,6
500113008,20231006,412,43,37,1,25.02594,121.50651,6
500113008,20231006,413,43,37,1,25.02594,121.50651,6
500113008,20231006,414,43,37,1,25.02594,121.50651,6
500113008,20231006,415,43,37,1,25.02594,121.50651,6
500113008,20231006,416,43,39,1,25.02594,121.50651,4
500113008,20231006,417,43,39,1,25.02594,121.50651,4
500113008,20231006,418,43,42,1,25.02594,121.50651,1
500113008,20231006,419,43,42,1,25.02594,121.50651,1
500113008,20231006,421,43,42,1,25.02594,121.50651,1
500113008,20231006,422,43,41,1,25.02594,121.50651,2
500113008,20231006,423,43,41,1,25.02594,121.50651,2
500113008,20231006,424,43,41,1,25.02594,121.50651,2
500113008,20231006,425,43,40,1,25.02594,121.50651,3
500113008,20231006,426,43,39,1,25.02594,121.50651,4
500113008,20231006,427,43,34,1,25.02594,121.50651,9
500113008,20231006,428,43,30,1,25.02594,121.50651,13
500113008,20231006,429,43,29,1,25.02594,121.50651,14
500113008,20231006,430,43,30,1,25.02594,121.50651,13
500113008,20231006,431,43,31,1,25.02594,121.50651,12
500113008,20231006,432,43,31,1,25.02594,121.50651,12
500113008,20231006,433,43,31,1,25.02594,121.50651,12
500113008,20231006,434,43,30,1,25.02594,121.50651,13
500113008,20231006,435,43,30,1,25.02594,121.50651,13
500113008,20231006,436,43,30,1,25.02594,121.50651,13
500113008,20231006,437,43,30,1,25.02594,121.50651,13
500113008,20231006,438,43,31,1,25.02594,121.50651,12
500113008,20231006,439,43,31,1,25.02594,121.50651,12
500113008,20231006,441,43,30,1,25.02594,121.50651,13
500113008,20231006,442,43,30,1,25.02594,121.50651,13
500113008,20231006,443,43,31,1,25.02594,121.50651,12
500113008,20231006,444,43,31,1,25.02594,121.50651,12
500113008,20231006,445,43,31,1,25.02594,121.50651,12
500113008,20231006,446,43,31,1,25.02594,121.50651,12
500113008,20231006,447,43,31,1,25.02594,121.50651,12
500113008,20231006,448,43,31,1,25.02594,121.50651,12
500113008,20231006,449,43,31,1,25.02594,121.50651,12
500113008,20231006,451,43,30,1,25.02594,121.50651,13
500113008,20231006,452,43,31,1,25.02594,121.50651,12
500113008,20231006,453,43,34,1,25.02594,121.50651,9
500113008,20231006,454,43,34,1,25.02594,121.50651,9
500113008,20231006,455,43,35,1,25.02594,121.50651,8
500113008,20231006,456,43,36,1,25.02594,121.50651,7
500113008,20231006,457,43,35,1,25.02594,121.50651,8
500113008,20231006,458,43,35,1,25.02594,121.50651,8
500113008,20231006,459,43,35,1,25.02594,121.50651,8
500113008,20231006,460,43,35,1,25.02594,121.50651,8
500113008,20231006,461,43,35,1,25.02594,121.50651,8
500113008,20231006,462,43,35,1,25.02594,121.50651,8
500113008,20231006,463,43,36,1,25.02594,121.50651,7
500113008,20231006,464,43,36,1,25.02594,121.50651,7
500113008,20231006,465,43,36,1,25.02594,121.50651,7
500113008,20231006,466,43,37,1,25.02594,121.50651,6
500113008,20231006,467,43,37,1,25.02594,121.50651,6
500113008,20231006,468,43,37,1,25.02594,121.50651,6
500113008,20231006,469,43,38,1,25.02594,121.50651,5
500113008,20231006,470,43,38,1,25.02594,121.50651,5
500113008,20231006,471,43,38,1,25.02594,121.50651,5
500113008,20231006,472,43,37,1,25.02594,121.50651,6
500113008,20231006,473,43,37,1,25.02594,121.50651,6
500113008,20231006,474,43,37,1,25.02594,121.50651,6
500113008,20231006,475,43,37,1,25.02594,121.50651,6
500113008,20231006,476,43,38,1,25.02594,121.50651,5
500113008,20231006,477,43,38,1,25.02594,121.50651,5
500113008,20231006,478,43,39,1,25.02594,121.50651,4
500113008,20231006,479,43,39,1,25.02594,121.50651,4
500113008,20231006,481,43,40,1,25.02594,121.50651,3
500113008,20231006,482,43,40,1,25.02594,121.50651,3
500113008,20231006,484,43,42,1,25.02594,121.50651,1
500113008,20231006,485,43,42,1,25.02594,121.50651,1
500113008,20231006,486,43,42,1,25.02594,121.50651,1
500113008,20231006,487,43,42,1,25.02594,121.50651,1
500113008,20231006,488,43,42,1,25.02594,121.50651,1
500113008,20231006,489,43,42,1,25.02594,121.50651,1
500113008,20231006,490,43,42,1,25.02594,121.50651,1
500113008,20231006,491,43,42,1,25.02594,121.50651,1
500113008,20231006,492,43,42,1,25.02594,121.50651,1
500113008,20231006,493,43,42,1,25.02594,121.50651,1
500113008,20231006,494,43,42,1,25.02594,121.50651,1
500113008,20231006,495,43,43,1,25.02594,121.50651,0
500113008,20231006,496,43,43,1,25.02594,121.50651,0
500113008,20231006,497,43,43,1,25.02594,121.50651,0
500113008,20231006,498,43,43,1,25.02594,121.50651,0
500113008,20231006,499,43,43,1,25.02594,121.50651,0
500113008,20231006,501,43,43,1,25.02594,121.50651,0
500113008,20231006,502,43,43,1,25.02594,121.50651,0
500113008,20231006,503,43,43,1,25.02594,121.50651,0
500113008,20231006,504,43,43,1,25.02594,121.50651,0
500113008,20231006,505,43,43,1,25.02594,121.50651,0
500113008,20231006,506,43,43,1,25.02594,121.50651,0
500113008,20231006,507,43,43,1,25.02594,121.50651,0
500113008,20231006,508,43,43,1,25.02594,121.50651,0
500113008,20231006,509,43,43,1,25.02594,121.50651,0
500113008,20231006,511,43,43,1,25.02594,121.50651,0
500113008,20231006,512,43,43,1,25.02594,121.50651,0
500113008,20231006,513,43,43,1,25.02594,121.50651,0
500113008,20231006,514,43,43,1,25.02594,121.50651,0
500113008,20231006,515,43,42,1,25.02594,121.50651,1
500113008,20231006,516,43,42,1,25.02594,121.50651,1
500113008,20231006,517,43,42,1,25.02594,121.50651,1
500113008,20231006,518,43,42,1,25.02594,121.50651,1
500113008,20231006,519,43,42,1,25.02594,121.50651,1
500113008,20231006,520,43,42,1,25.02594,121.50651,1
500113008,20231006,521,43,42,1,25.02594,121.50651,1
500113008,20231006,522,43,43,1,25.02594,121.50651,0
500113008,20231006,523,43,43,1,25.02594,121.50651,0
500113008,20231006,524,43,42,1,25.02594,121.50651,1
500113008,20231006,525,43,42,1,25.02594,121.50651,1
500113008,20231006,526,43,42,1,25.02594,121.50651,1
500113008,20231006,527,43,41,1,25.02594,121.50651,2
500113008,20231006,528,43,41,1,25.02594,121.50651,2
500113008,20231006,529,43,41,1,25.02594,121.50651,2
500113008,20231006,530,43,42,1,25.02594,121.50651,1
500113008,20231006,531,43,42,1,25.02594,121.50651,1
500113008,20231006,532,43,41,1,25.02594,121.50651,2
500113008,20231006,533,43,41,1,25.02594,121.50651,2
500113008,20231006,534,43,41,1,25.02594,121.50651,2
500113008,20231006,535,43,41,1,25.02594,121.50651,2
500113008,20231006,536,43,42,1,25.02594,121.50651,1
500113008,20231006,537,43,42,1,25.02594,121.50651,1
500113008,20231006,538,43,42,1,25.02594,121.50651,1
500113008,20231006,539,43,42,1,25.02594,121.50651,1
500113008,20231006,541,43,42,1,25.02594,121.50651,1
500113008,20231006,542,43,43,1,25.02594,121.50651,0
500113008,20231006,543,43,43,1,25.02594,121.50651,0
500113008,20231006,544,43,43,1,25.02594,121.50651,0
500113008,20231006,545,43,42,1,25.02594,121.50651,1
500113008,20231006,546,43,42,1,25.02594,121.50651,1
500113008,20231006,547,43,41,1,25.02594,121.50651,2
500113008,20231006,548,43,40,1,25.02594,121.50651,3
500113008,20231006,549,43,40,1,25.02594,121.50651,3
500113008,20231006,550,43,41,1,25.02594,121.50651,2
500113008,20231006,551,43,41,1,25.02594,121.50651,2
500113008,20231006,552,43,41,1,25.02594,121.50651,2
500113008,20231006,553,43,41,1,25.02594,121.50651,2
500113008,20231006,554,43,41,1,25.02594,121.50651,2
500113008,20231006,555,43,42,1,25.02594,121.50651,1
500113008,20231006,556,43,43,1,25.02594,121.50651,0
500113008,20231006,557,43,43,1,25.02594,121.50651,0
500113008,20231006,558,43,43,1,25.02594,121.50651,0
500113008,20231006,559,43,43,1,25.02594,121.50651,0
500113008,20231006,561,43,43,1,25.02594,121.50651,0
500113008,20231006,562,43,43,1,25.02594,121.50651,0
500113008,20231006,563,43,43,1,25.02594,121.50651,0
500113008,20231006,564,43,43,1,25.02594,121.50651,0
500113008,20231006,565,43,43,1,25.02594,121.50651,0
500113008,20231006,566,43,43,1,25.02594,121.50651,0
500113008,20231006,567,43,43,1,25.02594,121.50651,0
500113008,20231006,568,43,43,1,25.02594,121.50651,0
500113008,20231006,569,43,43,1,25.02594,121.50651,0
500113008,20231006,571,43,43,1,25.02594,121.50651,0
500113008,20231006,572,43,43,1,25.02594,121.50651,0
500113008,20231006,573,43,43,1,25.02594,121.50651,0
500113008,20231006,574,43,43,1,25.02594,121.50651,0
500113008,20231006,575,43,43,1,25.02594,121.50651,0
500113008,20231006,576,43,43,1,25.02594,121.50651,0
500113008,20231006,577,43,43,1,25.02594,121.50651,0
500113008,20231006,578,43,43,1,25.02594,121.50651,0
500113008,20231006,579,43,43,1,25.02594,121.50651,0
500113008,20231006,580,43,42,1,25.02594,121.50651,1
500113008,20231006,581,43,42,1,25.02594,121.50651,1
500113008,20231006,582,43,42,1,25.02594,121.50651,1
500113008,20231006,583,43,42,1,25.02594,121.50651,1
500113008,20231006,584,43,42,1,25.02594,121.50651,1
500113008,20231006,585,43,41,1,25.02594,121.50651,2
500113008,20231006,586,43,41,1,25.02594,121.50651,2
500113008,20231006,587,43,41,1,25.02594,121.50651,2
500113008,20231006,588,43,41,1,25.02594,121.50651,2
500113008,20231006,589,43,41,1,25.02594,121.50651,2
500113008,20231006,590,43,41,1,25.02594,121.50651,2
500113008,20231006,591,43,40,1,25.02594,121.50651,3
500113008,20231006,592,43,40,1,25.02594,121.50651,3
500113008,20231006,593,43,40,1,25.02594,121.50651,3
500113008,20231006,594,43,40,1,25.02594,121.50651,3
500113008,20231006,595,43,40,1,25.02594,121.50651,3
500113008,20231006,596,43,40,1,25.02594,121.50651,3
500113008,20231006,597,43,40,1,25.02594,121.50651,3
500113008,20231006,598,43,40,1,25.02594,121.50651,3
500113008,20231006,599,43,40,1,25.02594,121.50651,3
500113008,20231006,601,43,39,1,25.02594,121.50651,4
500113008,20231006,602,43,38,1,25.02594,121.50651,5
500113008,20231006,603,43,38,1,25.02594,121.50651,5
500113008,20231006,604,43,37,1,25.02594,121.50651,6
500113008,20231006,605,43,37,1,25.02594,121.50651,6
500113008,20231006,606,43,37,1,25.02594,121.50651,6
500113008,20231006,607,43,37,1,25.02594,121.50651,6
500113008,20231006,608,43,37,1,25.02594,121.50651,6
500113008,20231006,609,43,37,1,25.02594,121.50651,6
500113008,20231006,610,43,37,1,25.02594,121.50651,6
500113008,20231006,611,43,37,1,25.02594,121.50651,6
500113008,20231006,612,43,37,1,25.02594,121.50651,6
500113008,20231006,613,43,37,1,25.02594,121.50651,6
500113008,20231006,614,43,37,1,25.02594,121.50651,6
500113008,20231006,615,43,37,1,25.02594,121.50651,6
500113008,20231006,616,43,37,1,25.02594,121.50651,6
500113008,20231006,617,43,38,1,25.02594,121.50651,5
500113008,20231006,618,43,38,1,25.02594,121.50651,5
500113008,20231006,619,43,38,1,25.02594,121.50651,5
500113008,20231006,621,43,39,1,25.02594,121.50651,4
500113008,20231006,622,43,39,1,25.02594,121.50651,4
500113008,20231006,623,43,39,1,25.02594,121.50651,4
500113008,20231006,624,43,39,1,25.02594,121.50651,4
500113008,20231006,625,43,40,1,25.02594,121.50651,3
500113008,20231006,626,43,40,1,25.02594,121.50651,3
500113008,20231006,627,43,40,1,25.02594,121.50651,3
500113008,20231006,628,43,40,1,25.02594,121.50651,3
500113008,20231006,629,43,40,1,25.02594,121.50651,3
500113008,20231006,630,43,40,1,25.02594,121.50651,3
500113008,20231006,631,43,40,1,25.02594,121.50651,3
500113008,20231006,632,43,41,1,25.02594,121.50651,2
500113008,20231006,633,43,41,1,25.02594,121.50651,2
500113008,20231006,634,43,41,1,25.02594,121.50651,2
500113008,20231006,635,43,41,1,25.02594,121.50651,2
500113008,20231006,636,43,41,1,25.02594,121.50651,2
500113008,20231006,637,43,43,1,25.02594,121.50651,0
500113008,20231006,638,43,43,1,25.02594,121.50651,0
500113008,20231006,639,43,43,1,25.02594,121.50651,0
500113008,20231006,640,43,43,1,25.02594,121.50651,0
500113008,20231006,641,43,43,1,25.02594,121.50651,0
500113008,20231006,642,43,43,1,25.02594,121.50651,0
500113008,20231006,643,43,43,1,25.02594,121.50651,0
500113008,20231006,644,43,43,1,25.02594,121.50651,0
500113008,20231006,645,43,42,1,25.02594,121.50651,1
500113008,20231006,646,43,42,1,25.02594,121.50651,1
500113008,20231006,647,43,42,1,25.02594,121.50651,1
500113008,20231006,648,43,42,1,25.02594,121.50651,1
500113008,20231006,649,43,42,1,25.02594,121.50651,1
500113008,20231006,650,43,41,1,25.02594,121.50651,2
500113008,20231006,651,43,41,1,25.02594,121.50651,2
500113008,20231006,652,43,41,1,25.02594,121.50651,2
500113008,20231006,653,43,41,1,25.02594,121.50651,2
500113008,20231006,654,43,41,1,25.02594,121.50651,2
500113008,20231006,655,43,42,1,25.02594,121.50651,1
500113008,20231006,656,43,42,1,25.02594,121.50651,1
500113008,20231006,657,43,42,1,25.02594,121.50651,1
500113008,20231006,658,43,42,1,25.02594,121.50651,1
500113008,20231006,659,43,42,1,25.02594,121.50651,1
500113008,20231006,661,43,42,1,25.02594,121.50651,1
500113008,20231006,662,43,42,1,25.02594,121.50651,1
500113008,20231006,663,43,42,1,25.02594,121.50651,1
500113008,20231006,664,43,42,1,25.02594,121.50651,1
500113008,20231006,665,43,42,1,25.02594,121.50651,1
500113008,20231006,666,43,42,1,25.02594,121.50651,1
500113008,20231006,667,43,42,1,25.02594,121.50651,1
500113008,20231006,668,43,42,1,25.02594,121.50651,1
500113008,20231006,669,43,42,1,25.02594,121.50651,1
500113008,20231006,670,43,42,1,25.02594,121.50651,1
500113008,20231006,671,43,42,1,25.02594,121.50651,1
500113008,20231006,672,43,41,1,25.02594,121.50651,2
500113008,20231006,673,43,41,1,25.02594,121.50651,2
500113008,20231006,674,43,41,1,25.02594,121.50651,2
500113008,20231006,675,43,41,1,25.02594,121.50651,2
500113008,20231006,676,43,41,1,25.02594,121.50651,2
500113008,20231006,677,43,41,1,25.02594,121.50651,2
500113008,20231006,678,43,42,1,25.02594,121.50651,1
500113008,20231006,679,43,42,1,25.02594,121.50651,1
500113008,20231006,681,43,42,1,25.02594,121.50651,1
500113008,20231006,682,43,42,1,25.02594,121.50651,1
500113008,20231006,683,43,43,1,25.02594,121.50651,0
500113008,20231006,684,43,43,1,25.02594,121.50651,0
500113008,20231006,685,43,43,1,25.02594,121.50651,0
500113008,20231006,686,43,43,1,25.02594,121.50651,0
500113008,20231006,687,43,43,1,25.02594,121.50651,0
500113008,20231006,688,43,43,1,25.02594,121.50651,0
500113008,20231006,689,43,43,1,25.02594,121.50651,0
500113008,20231006,690,43,43,1,25.02594,121.50651,0
500113008,20231006,691,43,43,1,25.02594,121.50651,0
500113008,20231006,692,43,43,1,25.02594,121.50651,0
500113008,20231006,693,43,43,1,25.02594,121.50651,0
500113008,20231006,694,43,43,1,25.02594,121.50651,0
500113008,20231006,695,43,43,1,25.02594,121.50651,0
500113008,20231006,696,43,43,1,25.02594,121.50651,0
500113008,20231006,697,43,43,1,25.02594,121.50651,0
500113008,20231006,698,43,43,1,25.02594,121.50651,0
500113008,20231006,699,43,43,1,25.02594,121.50651,0
500113008,20231006,700,43,43,1,25.02594,121.50651,0
500113008,20231006,701,43,43,1,25.02594,121.50651,0
500113008,20231006,702,43,43,1,25.02594,121.50651,0
500113008,20231006,703,43,43,1,25.02594,121.50651,0
500113008,20231006,704,43,43,1,25.02594,121.50651,0
500113008,20231006,705,43,43,1,25.02594,121.50651,0
500113008,20231006,706,43,43,1,25.02594,121.50651,0
500113008,20231006,707,43,43,1,25.02594,121.50651,0
500113008,20231006,708,43,43,1,25.02594,121.50651,0
500113008,20231006,709,43,43,1,25.02594,121.50651,0
500113008,20231006,710,43,43,1,25.02594,121.50651,0
500113008,20231006,711,43,43,1,25.02594,121.50651,0
500113008,20231006,712,43,43,1,25.02594,121.50651,0
500113008,20231006,713,43,43,1,25.02594,121.50651,0
500113008,20231006,714,43,43,1,25.02594,121.50651,0
500113008,20231006,715,43,42,1,25.02594,121.50651,1
500113008,20231006,716,43,42,1,25.02594,121.50651,1
500113008,20231006,717,43,42,1,25.02594,121.50651,1
500113008,20231006,718,43,42,1,25.02594,121.50651,1
500113008,20231006,719,43,42,1,25.02594,121.50651,1
500113008,20231006,721,43,42,1,25.02594,121.50651,1
500113008,20231006,722,43,42,1,25.02594,121.50651,1
500113008,20231006,723,43,42,1,25.02594,121.50651,1
500113008,20231006,724,43,42,1,25.02594,121.50651,1
500113008,20231006,725,43,43,1,25.02594,121.50651,0
500113008,20231006,726,43,43,1,25.02594,121.50651,0
500113008,20231006,727,43,43,1,25.02594,121.50651,0
500113008,20231006,728,43,43,1,25.02594,121.50651,0
500113008,20231006,729,43,43,1,25.02594,121.50651,0
500113008,20231006,730,43,43,1,25.02594,121.50651,0
500113008,20231006,731,43,43,1,25.02594,121.50651,0
500113008,20231006,732,43,43,1,25.02594,121.50651,0
500113008,20231006,733,43,43,1,25.02594,121.50651,0
500113008,20231006,734,43,42,1,25.02594,121.50651,1
500113008,20231006,735,43,42,1,25.02594,121.50651,1
500113008,20231006,736,43,42,1,25.02594,121.50651,1
500113008,20231006,737,43,42,1,25.02594,121.50651,1
500113008,20231006,738,43,42,1,25.02594,121.50651,1
500113008,20231006,739,43,42,1,25.02594,121.50651,1
500113008,20231006,741,43,42,1,25.02594,121.50651,1
500113008,20231006,742,43,42,1,25.02594,121.50651,1
500113008,20231006,743,43,42,1,25.02594,121.50651,1
500113008,20231006,744,43,42,1,25.02594,121.50651,1
500113008,20231006,745,43,42,1,25.02594,121.50651,1
500113008,20231006,746,43,42,1,25.02594,121.50651,1
500113008,20231006,747,43,42,1,25.02594,121.50651,1
500113008,20231006,748,43,43,1,25.02594,121.50651,0
500113008,20231006,749,43,43,1,25.02594,121.50651,0
500113008,20231006,750,43,43,1,25.02594,121.50651,0
500113008,20231006,751,43,43,1,25.02594,121.50651,0
500113008,20231006,752,43,43,1,25.02594,121.50651,0
500113008,20231006,753,43,43,1,25.02594,121.50651,0
500113008,20231006,754,43,43,1,25.02594,121.50651,0
500113008,20231006,755,43,43,1,25.02594,121.50651,0
500113008,20231006,756,43,43,1,25.02594,121.50651,0
500113008,20231006,757,43,43,1,25.02594,121.50651,0
500113008,20231006,758,43,43,1,25.02594,121.50651,0
500113008,20231006,759,43,43,1,25.02594,121.50651,0
500113008,20231006,760,43,43,1,25.02594,121.50651,0
500113008,20231006,761,43,43,1,25.02594,121.50651,0
500113008,20231006,762,43,43,1,25.02594,121.50651,0
500113008,20231006,763,43,43,1,25.02594,121.50651,0
500113008,20231006,764,43,43,1,25.02594,121.50651,0
500113008,20231006,765,43,43,1,25.02594,121.50651,0
500113008,20231006,766,43,43,1,25.02594,121.50651,0
500113008,20231006,767,43,43,1,25.02594,121.50651,0
500113008,20231006,768,43,43,1,25.02594,121.50651,0
500113008,20231006,769,43,43,1,25.02594,121.50651,0
500113008,20231006,770,43,42,1,25.02594,121.50651,1
500113008,20231006,771,43,42,1,25.02594,121.50651,1
500113008,20231006,772,43,42,1,25.02594,121.50651,1
500113008,20231006,773,43,42,1,25.02594,121.50651,1
500113008,20231006,774,43,42,1,25.02594,121.50651,1
500113008,20231006,775,43,42,1,25.02594,121.50651,1
500113008,20231006,776,43,42,1,25.02594,121.50651,1
500113008,20231006,777,43,41,1,25.02594,121.50651,2
500113008,20231006,778,43,40,1,25.02594,121.50651,3
500113008,20231006,779,43,40,1,25.02594,121.50651,3
500113008,20231006,781,43,40,1,25.02594,121.50651,3
500113008,20231006,782,43,41,1,25.02594,121.50651,2
500113008,20231006,783,43,42,1,25.02594,121.50651,1
500113008,20231006,784,43,42,1,25.02594,121.50651,1
500113008,20231006,785,43,42,1,25.02594,121.50651,1
500113008,20231006,786,43,42,1,25.02594,121.50651,1
500113008,20231006,787,43,42,1,25.02594,121.50651,1
500113008,20231006,788,43,42,1,25.02594,121.50651,1
500113008,20231006,789,43,42,1,25.02594,121.50651,1
500113008,20231006,790,43,42,1,25.02594,121.50651,1
500113008,20231006,791,43,43,1,25.02594,121.50651,0
500113008,20231006,792,43,43,1,25.02594,121.50651,0
500113008,20231006,793,43,43,1,25.02594,121.50651,0
500113008,20231006,794,43,43,1,25.02594,121.50651,0
500113008,20231006,795,43,43,1,25.02594,121.50651,0
500113008,20231006,796,43,43,1,25.02594,121.50651,0
500113008,20231006,797,43,43,1,25.02594,121.50651,0
500113008,20231006,798,43,43,1,25.02594,121.50651,0
500113008,20231006,799,43,43,1,25.02594,121.50651,0
500113008,20231006,801,43,43,1,25.02594,121.50651,0
500113008,20231006,802,43,43,1,25.02594,121.50651,0
500113008,20231006,803,43,43,1,25.02594,121.50651,0
500113008,20231006,804,43,41,1,25.02594,121.50651,2
500113008,20231006,805,43,41,1,25.02594,121.50651,2
500113008,20231006,806,43,41,1,25.02594,121.50651,2
500113008,20231006,807,43,41,1,25.02594,121.50651,2
500113008,20231006,808,43,41,1,25.02594,121.50651,2
500113008,20231006,809,43,41,1,25.02594,121.50651,2
500113008,20231006,810,43,41,1,25.02594,121.50651,2
500113008,20231006,811,43,41,1,25.02594,121.50651,2
500113008,20231006,812,43,41,1,25.02594,121.50651,2
500113008,20231006,813,43,41,1,25.02594,121.50651,2
500113008,20231006,814,43,41,1,25.02594,121.50651,2
500113008,20231006,815,43,41,1,25.02594,121.50651,2
500113008,20231006,816,43,42,1,25.02594,121.50651,1
500113008,20231006,817,43,42,1,25.02594,121.50651,1
500113008,20231006,818,43,42,1,25.02594,121.50651,1
500113008,20231006,819,43,42,1,25.02594,121.50651,1
500113008,20231006,820,43,41,1,25.02594,121.50651,2
500113008,20231006,821,43,41,1,25.02594,121.50651,2
500113008,20231006,822,43,42,1,25.02594,121.50651,1
500113008,20231006,823,43,42,1,25.02594,121.50651,1
500113008,20231006,824,43,41,1,25.02594,121.50651,2
500113008,20231006,825,43,41,1,25.02594,121.50651,2
500113008,20231006,826,43,41,1,25.02594,121.50651,2
500113008,20231006,827,43,41,1,25.02594,121.50651,2
500113008,20231006,828,43,41,1,25.02594,121.50651,2
500113008,20231006,829,43,41,1,25.02594,121.50651,2
500113008,20231006,830,43,41,1,25.02594,121.50651,2
500113008,20231006,831,43,41,1,25.02594,121.50651,2
500113008,20231006,832,43,41,1,25.02594,121.50651,2
500113008,20231006,833,43,41,1,25.02594,121.50651,2
500113008,20231006,834,43,41,1,25.02594,121.50651,2
500113008,20231006,835,43,40,1,25.02594,121.50651,3
500113008,20231006,836,43,40,1,25.02594,121.50651,3
500113008,20231006,837,43,40,1,25.02594,121.50651,3
500113008,20231006,838,43,40,1,25.02594,121.50651,3
500113008,20231006,839,43,40,1,25.02594,121.50651,3
500113008,20231006,841,43,39,1,25.02594,121.50651,4
500113008,20231006,842,43,39,1,25.02594,121.50651,4
500113008,20231006,843,43,39,1,25.02594,121.50651,4
500113008,20231006,844,43,39,1,25.02594,121.50651,4
500113008,20231006,845,43,39,1,25.02594,121.50651,4
500113008,20231006,846,43,39,1,25.02594,121.50651,4
500113008,20231006,847,43,39,1,25.02594,121.50651,4
500113008,20231006,848,43,39,1,25.02594,121.50651,4
500113008,20231006,849,43,39,1,25.02594,121.50651,4
500113008,20231006,850,43,39,1,25.02594,121.50651,4
500113008,20231006,851,43,39,1,25.02594,121.50651,4
500113008,20231006,852,43,39,1,25.02594,121.50651,4
500113008,20231006,853,43,39,1,25.02594,121.50651,4
500113008,20231006,854,43,39,1,25.02594,121.50651,4
500113008,20231006,855,43,38,1,25.02594,121.50651,5
500113008,20231006,856,43,38,1,25.02594,121.50651,5
500113008,20231006,857,43,38,1,25.02594,121.50651,5
500113008,20231006,858,43,38,1,25.02594,121.50651,5
500113008,20231006,859,43,37,1,25.02594,121.50651,6
500113008,20231006,861,43,39,1,25.02594,121.50651,4
500113008,20231006,862,43,39,1,25.02594,121.50651,4
500113008,20231006,863,43,39,1,25.02594,121.50651,4
500113008,20231006,864,43,39,1,25.02594,121.50651,4
500113008,20231006,865,43,39,1,25.02594,121.50651,4
500113008,20231006,866,43,39,1,25.02594,121.50651,4
500113008,20231006,868,43,39,1,25.02594,121.50651,4
500113008,20231006,869,43,39,1,25.02594,121.50651,4
500113008,20231006,870,43,39,1,25.02594,121.50651,4
500113008,20231006,871,43,39,1,25.02594,121.50651,4
500113008,20231006,872,43,39,1,25.02594,121.50651,4
500113008,20231006,873,43,39,1,25.02594,121.50651,4
500113008,20231006,874,43,39,1,25.02594,121.50651,4
500113008,20231006,875,43,39,1,25.02594,121.50651,4
500113008,20231006,876,43,38,1,25.02594,121.50651,5
500113008,20231006,877,43,38,1,25.02594,121.50651,5
500113008,20231006,878,43,38,1,25.02594,121.50651,5
500113008,20231006,879,43,38,1,25.02594,121.50651,5
500113008,20231006,880,43,38,1,25.02594,121.50651,5
500113008,20231006,881,43,38,1,25.02594,121.50651,5
500113008,20231006,882,43,38,1,25.02594,121.50651,5
500113008,20231006,883,43,38,1,25.02594,121.50651,5
500113008,20231006,884,43,38,1,25.02594,121.50651,5
500113008,20231006,885,43,38,1,25.02594,121.50651,5
500113008,20231006,886,43,38,1,25.02594,121.50651,5
500113008,20231006,887,43,38,1,25.02594,121.50651,5
500113008,20231006,888,43,38,1,25.02594,121.50651,5
500113008,20231006,889,43,38,1,25.02594,121.50651,5
500113008,20231006,890,43,38,1,25.02594,121.50651,5
500113008,20231006,891,43,38,1,25.02594,121.50651,5
500113008,20231006,892,43,38,1,25.02594,121.50651,5
500113008,20231006,893,43,35,1,25.02594,121.50651,8
500113008,20231006,894,43,35,1,25.02594,121.50651,8
500113008,20231006,895,43,35,1,25.02594,121.50651,8
500113008,20231006,896,43,35,1,25.02594,121.50651,8
500113008,20231006,897,43,35,1,25.02594,121.50651,8
500113008,20231006,898,43,35,1,25.02594,121.50651,8
500113008,20231006,899,43,35,1,25.02594,121.50651,8
500113008,20231006,901,43,35,1,25.02594,121.50651,8
500113008,20231006,902,43,36,1,25.02594,121.50651,7
500113008,20231006,903,43,37,1,25.02594,121.50651,6
500113008,20231006,904,43,37,1,25.02594,121.50651,6
500113008,20231006,905,43,38,1,25.02594,121.50651,5
500113008,20231006,906,43,38,1,25.02594,121.50651,5
500113008,20231006,907,43,38,1,25.02594,121.50651,5
500113008,20231006,908,43,38,1,25.02594,121.50651,5
500113008,20231006,909,43,38,1,25.02594,121.50651,5
500113008,20231006,910,43,38,1,25.02594,121.50651,5
500113008,20231006,911,43,38,1,25.02594,121.50651,5
500113008,20231006,912,43,38,1,25.02594,121.50651,5
500113008,20231006,913,43,38,1,25.02594,121.50651,5
500113008,20231006,914,43,38,1,25.02594,121.50651,5
500113008,20231006,915,43,38,1,25.02594,121.50651,5
500113008,20231006,916,43,38,1,25.02594,121.50651,5
500113008,20231006,917,43,38,1,25.02594,121.50651,5
500113008,20231006,918,43,38,1,25.02594,121.50651,5
500113008,20231006,919,43,38,1,25.02594,121.50651,5
500113008,20231006,921,43,37,1,25.02594,121.50651,6
500113008,20231006,922,43,37,1,25.02594,121.50651,6
500113008,20231006,923,43,37,1,25.02594,121.50651,6
500113008,20231006,924,43,37,1,25.02594,121.50651,6
500113008,20231006,925,43,37,1,25.02594,121.50651,6
500113008,20231006,926,43,37,1,25.02594,121.50651,6
500113008,20231006,927,43,37,1,25.02594,121.50651,6
500113008,20231006,928,43,37,1,25.02594,121.50651,6
500113008,20231006,929,43,36,1,25.02594,121.50651,7
500113008,20231006,931,43,36,1,25.02594,121.50651,7
500113008,20231006,932,43,37,1,25.02594,121.50651,6
500113008,20231006,933,43,38,1,25.02594,121.50651,5
500113008,20231006,934,43,38,1,25.02594,121.50651,5
500113008,20231006,935,43,38,1,25.02594,121.50651,5
500113008,20231006,936,43,38,1,25.02594,121.50651,5
500113008,20231006,937,43,38,1,25.02594,121.50651,5
500113008,20231006,938,43,38,1,25.02594,121.50651,5
500113008,20231006,939,43,38,1,25.02594,121.50651,5
500113008,20231006,940,43,39,1,25.02594,121.50651,4
500113008,20231006,941,43,38,1,25.02594,121.50651,5
500113008,20231006,942,43,38,1,25.02594,121.50651,5
500113008,20231006,943,43,38,1,25.02594,121.50651,5
500113008,20231006,944,43,38,1,25.02594,121.50651,5
500113008,20231006,945,43,38,1,25.02594,121.50651,5
500113008,20231006,946,43,38,1,25.02594,121.50651,5
500113008,20231006,947,43,38,1,25.02594,121.50651,5
500113008,20231006,948,43,39,1,25.02594,121.50651,4
500113008,20231006,949,43,39,1,25.02594,121.50651,4
500113008,20231006,950,43,39,1,25.02594,121.50651,4
500113008,20231006,951,43,39,1,25.02594,121.50651,4
500113008,20231006,952,43,39,1,25.02594,121.50651,4
500113008,20231006,953,43,40,1,25.02594,121.50651,3
500113008,20231006,954,43,40,1,25.02594,121.50651,3
500113008,20231006,955,43,40,1,25.02594,121.50651,3
500113008,20231006,956,43,41,1,25.02594,121.50651,2
500113008,20231006,957,43,41,1,25.02594,121.50651,2
500113008,20231006,958,43,41,1,25.02594,121.50651,2
500113008,20231006,959,43,41,1,25.02594,121.50651,2
500113008,20231006,961,43,42,1,25.02594,121.50651,1
500113008,20231006,962,43,42,1,25.02594,121.50651,1
500113008,20231006,963,43,41,1,25.02594,121.50651,2
500113008,20231006,964,43,39,1,25.02594,121.50651,4
500113008,20231006,965,43,39,1,25.02594,121.50651,4
500113008,20231006,966,43,39,1,25.02594,121.50651,4
500113008,20231006,967,43,39,1,25.02594,121.50651,4
500113008,20231006,968,43,39,1,25.02594,121.50651,4
500113008,20231006,969,43,38,1,25.02594,121.50651,5
500113008,20231006,970,43,37,1,25.02594,121.50651,6
500113008,20231006,971,43,37,1,25.02594,121.50651,6
500113008,20231006,972,43,38,1,25.02594,121.50651,5
500113008,20231006,973,43,38,1,25.02594,121.50651,5
500113008,20231006,974,43,37,1,25.02594,121.50651,6
500113008,20231006,975,43,37,1,25.02594,121.50651,6
500113008,20231006,976,43,37,1,25.02594,121.50651,6
500113008,20231006,977,43,36,1,25.02594,121.50651,7
500113008,20231006,978,43,36,1,25.02594,121.50651,7
500113008,20231006,979,43,36,1,25.02594,121.50651,7
500113008,20231006,981,43,37,1,25.02594,121.50651,6
500113008,20231006,982,43,37,1,25.02594,121.50651,6
500113008,20231006,983,43,37,1,25.02594,121.50651,6
500113008,20231006,984,43,37,1,25.02594,121.50651,6
500113008,20231006,985,43,37,1,25.02594,121.50651,6
500113008,20231006,986,43,37,1,25.02594,121.50651,6
500113008,20231006,987,43,37,1,25.02594,121.50651,6
500113008,20231006,988,43,38,1,25.02594,121.50651,5
500113008,20231006,989,43,38,1,25.02594,121.50651,5
500113008,20231006,991,43,38,1,25.02594,121.50651,5
500113008,20231006,992,43,37,1,25.02594,121.50651,6
500113008,20231006,993,43,36,1,25.02594,121.50651,7
500113008,20231006,994,43,36,1,25.02594,121.50651,7
500113008,20231006,995,43,36,1,25.02594,121.50651,7
500113008,20231006,996,43,35,1,25.02594,121.50651,8
500113008,20231006,997,43,34,1,25.02594,121.50651,9
500113008,20231006,998,43,34,1,25.02594,121.50651,9
500113008,20231006,999,43,34,1,25.02594,121.50651,9
500113008,20231006,1000,43,35,1,25.02594,121.50651,8
500113008,20231006,1001,43,35,1,25.02594,121.50651,8
500113008,20231006,1002,43,35,1,25.02594,121.50651,8
500113008,20231006,1003,43,35,1,25.02594,121.50651,8
500113008,20231006,1004,43,35,1,25.02594,121.50651,8
500113008,20231006,1005,43,35,1,25.02594,121.50651,8
500113008,20231006,1006,43,36,1,25.02594,121.50651,7
500113008,20231006,1007,43,36,1,25.02594,121.50651,7
500113008,20231006,1008,43,36,1,25.02594,121.50651,7
500113008,20231006,1009,43,36,1,25.02594,121.50651,7
500113008,20231006,1010,43,36,1,25.02594,121.50651,7
500113008,20231006,1011,43,36,1,25.02594,121.50651,7
500113008,20231006,1012,43,35,1,25.02594,121.50651,8
500113008,20231006,1013,43,35,1,25.02594,121.50651,8
500113008,20231006,1014,43,34,1,25.02594,121.50651,9
500113008,20231006,1015,43,34,1,25.02594,121.50651,9
500113008,20231006,1016,43,32,1,25.02594,121.50651,11
500113008,20231006,1017,43,32,1,25.02594,121.50651,11
500113008,20231006,1018,43,32,1,25.02594,121.50651,11
500113008,20231006,1019,43,32,1,25.02594,121.50651,11
500113008,20231006,1021,43,34,1,25.02594,121.50651,9
500113008,20231006,1022,43,34,1,25.02594,121.50651,9
500113008,20231006,1023,43,34,1,25.02594,121.50651,9
500113008,20231006,1024,43,34,1,25.02594,121.50651,9
500113008,20231006,1025,43,34,1,25.02594,121.50651,9
500113008,20231006,1026,43,33,1,25.02594,121.50651,10
500113008,20231006,1027,43,32,1,25.02594,121.50651,11
500113008,20231006,1028,43,32,1,25.02594,121.50651,11
500113008,20231006,1029,43,32,1,25.02594,121.50651,11
500113008,20231006,1030,43,32,1,25.02594,121.50651,11
500113008,20231006,1031,43,32,1,25.02594,121.50651,11
500113008,20231006,1032,43,31,1,25.02594,121.50651,12
500113008,20231006,1033,43,31,1,25.02594,121.50651,12
500113008,20231006,1034,43,31,1,25.02594,121.50651,12
500113008,20231006,1035,43,31,1,25.02594,121.50651,12
500113008,20231006,1036,43,31,1,25.02594,121.50651,12
500113008,20231006,1037,43,31,1,25.02594,121.50651,12
500113008,20231006,1038,43,30,1,25.02594,121.50651,13
500113008,20231006,1039,43,30,1,25.02594,121.50651,13
500113008,20231006,1041,43,30,1,25.02594,121.50651,13
500113008,20231006,1042,43,30,1,25.02594,121.50651,13
500113008,20231006,1043,43,30,1,25.02594,121.50651,13
500113008,20231006,1044,43,30,1,25.02594,121.50651,13
500113008,20231006,1045,43,30,1,25.02594,121.50651,13
500113008,20231006,1046,43,30,1,25.02594,121.50651,13
500113008,20231006,1047,43,29,1,25.02594,121.50651,14
500113008,20231006,1048,43,29,1,25.02594,121.50651,14
500113008,20231006,1049,43,29,1,25.02594,121.50651,14
500113008,20231006,1051,43,29,1,25.02594,121.50651,14
500113008,20231006,1052,43,29,1,25.02594,121.50651,14
500113008,20231006,1053,43,29,1,25.02594,121.50651,14
500113008,20231006,1054,43,26,1,25.02594,121.50651,17
500113008,20231006,1055,43,26,1,25.02594,121.50651,17
500113008,20231006,1056,43,26,1,25.02594,121.50651,17
500113008,20231006,1057,43,26,1,25.02594,121.50651,17
500113008,20231006,1058,43,26,1,25.02594,121.50651,17
500113008,20231006,1059,43,26,1,25.02594,121.50651,17
500113008,20231006,1060,43,26,1,25.02594,121.50651,17
500113008,20231006,1061,43,26,1,25.02594,121.50651,17
500113008,20231006,1062,43,26,1,25.02594,121.50651,17
500113008,20231006,1063,43,26,1,25.02594,121.50651,17
500113008,20231006,1064,43,26,1,25.02594,121.50651,17
500113008,20231006,1065,43,28,1,25.02594,121.50651,15
500113008,20231006,1066,43,28,1,25.02594,121.50651,15
500113008,20231006,1067,43,28,1,25.02594,121.50651,15
500113008,20231006,1068,43,28,1,25.02594,121.50651,15
500113008,20231006,1069,43,28,1,25.02594,121.50651,15
500113008,20231006,1070,43,27,1,25.02594,121.50651,16
500113008,20231006,1071,43,27,1,25.02594,121.50651,16
500113008,20231006,1072,43,27,1,25.02594,121.50651,16
500113008,20231006,1073,43,27,1,25.02594,121.50651,16
500113008,20231006,1074,43,27,1,25.02594,121.50651,16
500113008,20231006,1075,43,27,1,25.02594,121.50651,16
500113008,20231006,1076,43,27,1,25.02594,121.50651,16
500113008,20231006,1077,43,27,1,25.02594,121.50651,16
500113008,20231006,1078,43,27,1,25.02594,121.50651,16
500113008,20231006,1079,43,27,1,25.02594,121.50651,16
500113008,20231006,1081,43,26,1,25.02594,121.50651,17
500113008,20231006,1082,43,26,1,25.02594,121.50651,17
500113008,20231006,1083,43,27,1,25.02594,121.50651,16
500113008,20231006,1084,43,27,1,25.02594,121.50651,16
500113008,20231006,1085,43,27,1,25.02594,121.50651,16
500113008,20231006,1086,43,27,1,25.02594,121.50651,16
500113008,20231006,1087,43,27,1,25.02594,121.50651,16
500113008,20231006,1088,43,27,1,25.02594,121.50651,16
500113008,20231006,1089,43,27,1,25.02594,121.50651,16
500113008,20231006,1090,43,25,1,25.02594,121.50651,18
500113008,20231006,1091,43,25,1,25.02594,121.50651,18
500113008,20231006,1092,43,25,1,25.02594,121.50651,18
500113008,20231006,1093,43,25,1,25.02594,121.50651,18
500113008,20231006,1094,43,25,1,25.02594,121.50651,18
500113008,20231006,1095,43,25,1,25.02594,121.50651,18
500113008,20231006,1096,43,25,1,25.02594,121.50651,18
500113008,20231006,1097,43,26,1,25.02594,121.50651,17
500113008,20231006,1098,43,26,1,25.02594,121.50651,17
500113008,20231006,1099,43,26,1,25.02594,121.50651,17
500113008,20231006,1101,43,28,1,25.02594,121.50651,15
500113008,20231006,1102,43,27,1,25.02594,121.50651,16
500113008,20231006,1103,43,27,1,25.02594,121.50651,16
500113008,20231006,1104,43,27,1,25.02594,121.50651,16
500113008,20231006,1105,43,29,1,25.02594,121.50651,14
500113008,20231006,1106,43,29,1,25.02594,121.50651,14
500113008,20231006,1107,43,30,1,25.02594,121.50651,13
500113008,20231006,1108,43,29,1,25.02594,121.50651,14
500113008,20231006,1109,43,29,1,25.02594,121.50651,14
500113008,20231006,1111,43,28,1,25.02594,121.50651,15
500113008,20231006,1112,43,28,1,25.02594,121.50651,15
500113008,20231006,1113,43,27,1,25.02594,121.50651,16
500113008,20231006,1114,43,27,1,25.02594,121.50651,16
500113008,20231006,1115,43,26,1,25.02594,121.50651,17
500113008,20231006,1116,43,26,1,25.02594,121.50651,17
500113008,20231006,1117,43,26,1,25.02594,121.50651,17
500113008,20231006,1118,43,26,1,25.02594,121.50651,17
500113008,20231006,1119,43,28,1,25.02594,121.50651,15
500113008,20231006,1120,43,28,1,25.02594,121.50651,15
500113008,20231006,1121,43,28,1,25.02594,121.50651,15
500113008,20231006,1122,43,28,1,25.02594,121.50651,15
500113008,20231006,1123,43,28,1,25.02594,121.50651,15
500113008,20231006,1124,43,28,1,25.02594,121.50651,15
500113008,20231006,1125,43,28,1,25.02594,121.50651,15
500113008,20231006,1126,43,28,1,25.02594,121.50651,15
500113008,20231006,1127,43,28,1,25.02594,121.50651,15
500113008,20231006,1128,43,28,1,25.02594,121.50651,15
500113008,20231006,1129,43,28,1,25.02594,121.50651,15
500113008,20231006,1130,43,29,1,25.02594,121.50651,14
500113008,20231006,1131,43,28,1,25.02594,121.50651,15
500113008,20231006,1132,43,28,1,25.02594,121.50651,15
500113008,20231006,1133,43,28,1,25.02594,121.50651,15
500113008,20231006,1134,43,28,1,25.02594,121.50651,15
500113008,20231006,1135,43,28,1,25.02594,121.50651,15
500113008,20231006,1136,43,26,1,25.02594,121.50651,17
500113008,20231006,1137,43,26,1,25.02594,121.50651,17
500113008,20231006,1138,43,26,1,25.02594,121.50651,17
500113008,20231006,1139,43,26,1,25.02594,121.50651,17
500113008,20231006,1141,43,26,1,25.02594,121.50651,17
500113008,20231006,1142,43,26,1,25.02594,121.50651,17
500113008,20231006,1143,43,25,1,25.02594,121.50651,18
500113008,20231006,1144,43,25,1,25.02594,121.50651,18
500113008,20231006,1145,43,25,1,25.02594,121.50651,18
500113008,20231006,1146,43,25,1,25.02594,121.50651,18
500113008,20231006,1147,43,25,1,25.02594,121.50651,18
500113008,20231006,1148,43,25,1,25.02594,121.50651,18
500113008,20231006,1149,43,25,1,25.02594,121.50651,18
500113008,20231006,1150,43,25,1,25.02594,121.50651,18
500113008,20231006,1151,43,25,1,25.02594,121.50651,18
500113008,20231006,1152,43,25,1,25.02594,121.50651,18
500113008,20231006,1153,43,25,1,25.02594,121.50651,18
500113008,20231006,1154,43,25,1,25.02594,121.50651,18
500113008,20231006,1155,43,25,1,25.02594,121.50651,18
500113008,20231006,1156,43,25,1,25.02594,121.50651,18
500113008,20231006,1157,43,25,1,25.02594,121.50651,18
500113008,20231006,1158,43,24,1,25.02594,121.50651,19
500113008,20231006,1159,43,24,1,25.02594,121.50651,19
500113008,20231006,1161,43,24,1,25.02594,121.50651,19
500113008,20231006,1162,43,24,1,25.02594,121.50651,19
500113008,20231006,1163,43,24,1,25.02594,121.50651,19
500113008,20231006,1164,43,24,1,25.02594,121.50651,19
500113008,20231006,1165,43,24,1,25.02594,121.50651,19
500113008,20231006,1166,43,24,1,25.02594,121.50651,19
500113008,20231006,1167,43,25,1,25.02594,121.50651,18
500113008,20231006,1168,43,25,1,25.02594,121.50651,18
500113008,20231006,1169,43,25,1,25.02594,121.50651,18
500113008,20231006,1172,43,25,1,25.02594,121.50651,18
500113008,20231006,1174,43,25,1,25.02594,121.50651,18
500113008,20231006,1175,43,25,1,25.02594,121.50651,18
500113008,20231006,1176,43,25,1,25.02594,121.50651,18
500113008,20231006,1177,43,25,1,25.02594,121.50651,18
500113008,20231006,1178,43,25,1,25.02594,121.50651,18
500113008,20231006,1179,43,25,1,25.02594,121.50651,18
500113008,20231006,1180,43,25,1,25.02594,121.50651,18
500113008,20231006,1181,43,25,1,25.02594,121.50651,18
500113008,20231006,1182,43,25,1,25.02594,121.50651,18
500113008,20231006,1183,43,25,1,25.02594,121.50651,18
500113008,20231006,1184,43,25,1,25.02594,121.50651,18
500113008,20231006,1185,43,25,1,25.02594,121.50651,18
500113008,20231006,1186,43,25,1,25.02594,121.50651,18
500113008,20231006,1187,43,25,1,25.02594,121.50651,18
500113008,20231006,1188,43,25,1,25.02594,121.50651,18
500113008,20231006,1189,43,25,1,25.02594,121.50651,18
500113008,20231006,1190,43,25,1,25.02594,121.50651,18
500113008,20231006,1191,43,25,1,25.02594,121.50651,18
500113008,20231006,1192,43,25,1,25.02594,121.50651,18
500113008,20231006,1193,43,24,1,25.02594,121.50651,19
500113008,20231006,1194,43,24,1,25.02594,121.50651,19
500113008,20231006,1195,43,24,1,25.02594,121.50651,19
500113008,20231006,1196,43,24,1,25.02594,121.50651,19
500113008,20231006,1197,43,23,1,25.02594,121.50651,20
500113008,20231006,1198,43,23,1,25.02594,121.50651,20
500113008,20231006,1199,43,23,1,25.02594,121.50651,20
500113008,20231006,1201,43,23,1,25.02594,121.50651,20
500113008,20231006,1202,43,22,1,25.02594,121.50651,21
500113008,20231006,1203,43,22,1,25.02594,121.50651,21
500113008,20231006,1204,43,22,1,25.02594,121.50651,21
500113008,20231006,1205,43,22,1,25.02594,121.50651,21
500113008,20231006,1206,43,22,1,25.02594,121.50651,21
500113008,20231006,1207,43,22,1,25.02594,121.50651,21
500113008,20231006,1208,43,22,1,25.02594,121.50651,21
500113008,20231006,1209,43,22,1,25.02594,121.50651,21
500113008,20231006,1210,43,22,1,25.02594,121.50651,21
500113008,20231006,1211,43,22,1,25.02594,121.50651,21
500113008,20231006,1212,43,21,1,25.02594,121.50651,22
500113008,20231006,1213,43,21,1,25.02594,121.50651,22
500113008,20231006,1214,43,21,1,25.02594,121.50651,22
500113008,20231006,1215,43,22,1,25.02594,121.50651,21
500113008,20231006,1216,43,22,1,25.02594,121.50651,21
500113008,20231006,1217,43,22,1,25.02594,121.50651,21
500113008,20231006,1218,43,22,1,25.02594,121.50651,21
500113008,20231006,1219,43,22,1,25.02594,121.50651,21
500113008,20231006,1221,43,22,1,25.02594,121.50651,21
500113008,20231006,1222,43,22,1,25.02594,121.50651,21
500113008,20231006,1223,43,22,1,25.02594,121.50651,21
500113008,20231006,1224,43,22,1,25.02594,121.50651,21
500113008,20231006,1225,43,22,1,25.02594,121.50651,21
500113008,20231006,1226,43,22,1,25.02594,121.50651,21
500113008,20231006,1227,43,22,1,25.02594,121.50651,21
500113008,20231006,1228,43,22,1,25.02594,121.50651,21
500113008,20231006,1229,43,22,1,25.02594,121.50651,21
500113008,20231006,1230,43,22,1,25.02594,121.50651,21
500113008,20231006,1231,43,24,1,25.02594,121.50651,19
500113008,20231006,1232,43,24,1,25.02594,121.50651,19
500113008,20231006,1233,43,24,1,25.02594,121.50651,19
500113008,20231006,1234,43,24,1,25.02594,121.50651,19
500113008,20231006,1235,43,24,1,25.02594,121.50651,19
500113008,20231006,1236,43,24,1,25.02594,121.50651,19
500113008,20231006,1237,43,24,1,25.02594,121.50651,19
500113008,20231006,1238,43,24,1,25.02594,121.50651,19
500113008,20231006,1239,43,24,1,25.02594,121.50651,19
500113008,20231006,1240,43,24,1,25.02594,121.50651,19
500113008,20231006,1241,43,24,1,25.02594,121.50651,19
500113008,20231006,1242,43,24,1,25.02594,121.50651,19
500113008,20231006,1243,43,24,1,25.02594,121.50651,19
500113008,20231006,1244,43,24,1,25.02594,121.50651,19
500113008,20231006,1245,43,24,1,25.02594,121.50651,19
500113008,20231006,1246,43,24,1,25.02594,121.50651,19
500113008,20231006,1247,43,24,1,25.02594,121.50651,19
500113008,20231006,1248,43,24,1,25.02594,121.50651,19
500113008,20231006,1249,43,24,1,25.02594,121.50651,19
500113008,20231006,1250,43,25,1,25.02594,121.50651,18
500113008,20231006,1251,43,24,1,25.02594,121.50651,19
500113008,20231006,1252,43,24,1,25.02594,121.50651,19
500113008,20231006,1253,43,24,1,25.02594,121.50651,19
500113008,20231006,1254,43,24,1,25.02594,121.50651,19
500113008,20231006,1255,43,24,1,25.02594,121.50651,19
500113008,20231006,1256,43,25,1,25.02594,121.50651,18
500113008,20231006,1257,43,25,1,25.02594,121.50651,18
500113008,20231006,1258,43,26,1,25.02594,121.50651,17
500113008,20231006,1259,43,26,1,25.02594,121.50651,17
500113008,20231006,1261,43,26,1,25.02594,121.50651,17
500113008,20231006,1262,43,27,1,25.02594,121.50651,16
500113008,20231006,1263,43,27,1,25.02594,121.50651,16
500113008,20231006,1264,43,27,1,25.02594,121.50651,16
500113008,20231006,1265,43,27,1,25.02594,121.50651,16
500113008,20231006,1266,43,27,1,25.02594,121.50651,16
500113008,20231006,1267,43,27,1,25.02594,121.50651,16
500113008,20231006,1268,43,27,1,25.02594,121.50651,16
500113008,20231006,1269,43,27,1,25.02594,121.50651,16
500113008,20231006,1270,43,27,1,25.02594,121.50651,16
500113008,20231006,1271,43,27,1,25.02594,121.50651,16
500113008,20231006,1272,43,27,1,25.02594,121.50651,16
500113008,20231006,1273,43,27,1,25.02594,121.50651,16
500113008,20231006,1274,43,27,1,25.02594,121.50651,16
500113008,20231006,1275,43,27,1,25.02594,121.50651,16
500113008,20231006,1276,43,27,1,25.02594,121.50651,16
500113008,20231006,1277,43,27,1,25.02594,121.50651,16
500113008,20231006,1278,43,27,1,25.02594,121.50651,16
500113008,20231006,1279,43,27,1,25.02594,121.50651,16
500113008,20231006,1281,43,27,1,25.02594,121.50651,16
500113008,20231006,1282,43,27,1,25.02594,121.50651,16
500113008,20231006,1283,43,27,1,25.02594,121.50651,16
500113008,20231006,1284,43,27,1,25.02594,121.50651,16
500113008,20231006,1285,43,27,1,25.02594,121.50651,16
500113008,20231006,1286,43,27,1,25.02594,121.50651,16
500113008,20231006,1287,43,27,1,25.02594,121.50651,16
500113008,20231006,1288,43,27,1,25.02594,121.50651,16
500113008,20231006,1289,43,27,1,25.02594,121.50651,16
500113008,20231006,1290,43,27,1,25.02594,121.50651,16
500113008,20231006,1291,43,27,1,25.02594,121.50651,16
500113008,20231006,1292,43,27,1,25.02594,121.50651,16
500113008,20231006,1293,43,27,1,25.02594,121.50651,16
500113008,20231006,1294,43,27,1,25.02594,121.50651,16
500113008,20231006,1295,43,27,1,25.02594,121.50651,16
500113008,20231006,1296,43,27,1,25.02594,121.50651,16
500113008,20231006,1297,43,27,1,25.02594,121.50651,16
500113008,20231006,1298,43,28,1,25.02594,121.50651,15
500113008,20231006,1299,43,28,1,25.02594,121.50651,15
500113008,20231006,1300,43,28,1,25.02594,121.50651,15
500113008,20231006,1301,43,28,1,25.02594,121.50651,15
500113008,20231006,1302,43,28,1,25.02594,121.50651,15
500113008,20231006,1303,43,28,1,25.02594,121.50651,15
500113008,20231006,1304,43,28,1,25.02594,121.50651,15
500113008,20231006,1305,43,28,1,25.02594,121.50651,15
500113008,20231006,1306,43,28,1,25.02594,121.50651,15
500113008,20231006,1307,43,28,1,25.02594,121.50651,15
500113008,20231006,1308,43,28,1,25.02594,121.50651,15
500113008,20231006,1309,43,28,1,25.02594,121.50651,15
500113008,20231006,1310,43,28,1,25.02594,121.50651,15
500113008,20231006,1311,43,29,1,25.02594,121.50651,14
500113008,20231006,1312,43,29,1,25.02594,121.50651,14
500113008,20231006,1313,43,30,1,25.02594,121.50651,13
500113008,20231006,1314,43,30,1,25.02594,121.50651,13
500113008,20231006,1315,43,30,1,25.02594,121.50651,13
500113008,20231006,1316,43,30,1,25.02594,121.50651,13
500113008,20231006,1317,43,29,1,25.02594,121.50651,14
500113008,20231006,1318,43,29,1,25.02594,121.50651,14
500113008,20231006,1319,43,29,1,25.02594,121.50651,14
500113008,20231006,1321,43,29,1,25.02594,121.50651,14
500113008,20231006,1322,43,30,1,25.02594,121.50651,13
500113008,20231006,1323,43,31,1,25.02594,121.50651,12
500113008,20231006,1324,43,31,1,25.02594,121.50651,12
500113008,20231006,1325,43,31,1,25.02594,121.50651,12
500113008,20231006,1326,43,31,1,25.02594,121.50651,12
500113008,20231006,1327,43,32,1,25.02594,121.50651,11
500113008,20231006,1328,43,32,1,25.02594,121.50651,11
500113008,20231006,1329,43,32,1,25.02594,121.50651,11
500113008,20231006,1330,43,32,1,25.02594,121.50651,11
500113008,20231006,1331,43,32,1,25.02594,121.50651,11
500113008,20231006,1332,43,32,1,25.02594,121.50651,11
500113008,20231006,1333,43,32,1,25.02594,121.50651,11
500113008,20231006,1334,43,32,1,25.02594,121.50651,11
500113008,20231006,1335,43,32,1,25.02594,121.50651,11
500113008,20231006,1336,43,32,1,25.02594,121.50651,11
500113008,20231006,1337,43,32,1,25.02594,121.50651,11
500113008,20231006,1338,43,32,1,25.02594,121.50651,11
500113008,20231006,1339,43,32,1,25.02594,121.50651,11
500113008,20231006,1341,43,32,1,25.02594,121.50651,11
500113008,20231006,1342,43,33,1,25.02594,121.50651,10
500113008,20231006,1343,43,33,1,25.02594,121.50651,10
500113008,20231006,1344,43,33,1,25.02594,121.50651,10
500113008,20231006,1345,43,33,1,25.02594,121.50651,10
500113008,20231006,1346,43,33,1,25.02594,121.50651,10
500113008,20231006,1347,43,33,1,25.02594,121.50651,10
500113008,20231006,1348,43,33,1,25.02594,121.50651,10
500113008,20231006,1349,43,33,1,25.02594,121.50651,10
500113008,20231006,1350,43,33,1,25.02594,121.50651,10
500113008,20231006,1351,43,33,1,25.02594,121.50651,10
500113008,20231006,1352,43,33,1,25.02594,121.50651,10
500113008,20231006,1353,43,33,1,25.02594,121.50651,10
500113008,20231006,1354,43,33,1,25.02594,121.50651,10
500113008,20231006,1355,43,33,1,25.02594,121.50651,10
500113008,20231006,1356,43,33,1,25.02594,121.50651,10
500113008,20231006,1357,43,32,1,25.02594,121.50651,11
500113008,20231006,1358,43,32,1,25.02594,121.50651,11
500113008,20231006,1359,43,32,1,25.02594,121.50651,11
500113008,20231006,1360,43,32,1,25.02594,121.50651,11
500113008,20231006,1361,43,32,1,25.02594,121.50651,11
500113008,20231006,1362,43,32,1,25.02594,121.50651,11
500113008,20231006,1363,43,32,1,25.02594,121.50651,11
500113008,20231006,1364,43,32,1,25.02594,121.50651,11
500113008,20231006,1365,43,32,1,25.02594,121.50651,11
500113008,20231006,1366,43,32,1,25.02594,121.50651,11
500113008,20231006,1367,43,32,1,25.02594,121.50651,11
500113008,20231006,1368,43,32,1,25.02594,121.50651,11
500113008,20231006,1369,43,31,1,25.02594,121.50651,12
500113008,20231006,1370,43,31,1,25.02594,121.50651,12
500113008,20231006,1371,43,31,1,25.02594,121.50651,12
500113008,20231006,1372,43,31,1,25.02594,121.50651,12
500113008,20231006,1373,43,31,1,25.02594,121.50651,12
500113008,20231006,1374,43,31,1,25.02594,121.50651,12
500113008,20231006,1375,43,31,1,25.02594,121.50651,12
500113008,20231006,1376,43,31,1,25.02594,121.50651,12
500113008,20231006,1377,43,31,1,25.02594,121.50651,12
500113008,20231006,1378,43,31,1,25.02594,121.50651,12
500113008,20231006,1379,43,31,1,25.02594,121.50651,12
500113008,20231006,1381,43,31,1,25.02594,121.50651,12
500113008,20231006,1382,43,31,1,25.02594,121.50651,12
500113008,20231006,1383,43,31,1,25.02594,121.50651,12
500113008,20231006,1384,43,31,1,25.02594,121.50651,12
500113008,20231006,1385,43,31,1,25.02594,121.50651,12
500113008,20231006,1386,43,31,1,25.02594,121.50651,12
500113008,20231006,1387,43,31,1,25.02594,121.50651,12
500113008,20231006,1388,43,31,1,25.02594,121.50651,12
500113008,20231006,1389,43,32,1,25.02594,121.50651,11
500113008,20231006,1390,43,32,1,25.02594,121.50651,11
500113008,20231006,1391,43,32,1,25.02594,121.50651,11
500113008,20231006,1392,43,32,1,25.02594,121.50651,11
500113008,20231006,1393,43,32,1,25.02594,121.50651,11
500113008,20231006,1394,43,32,1,25.02594,121.50651,11
500113008,20231006,1395,43,33,1,25.02594,121.50651,10
500113008,20231006,1396,43,33,1,25.02594,121.50651,10
500113008,20231006,1397,43,33,1,25.02594,121.50651,10
500113008,20231006,1398,43,33,1,25.02594,121.50651,10
500113008,20231006,1399,43,33,1,25.02594,121.50651,10
500113008,20231006,1401,43,33,1,25.02594,121.50651,10
500113008,20231006,1402,43,33,1,25.02594,121.50651,10
500113008,20231006,1403,43,33,1,25.02594,121.50651,10
500113008,20231006,1404,43,33,1,25.02594,121.50651,10
500113008,20231006,1405,43,32,1,25.02594,121.50651,11
500113008,20231006,1406,43,32,1,25.02594,121.50651,11
500113008,20231006,1407,43,32,1,25.02594,121.50651,11
500113008,20231006,1408,43,32,1,25.02594,121.50651,11
500113008,20231006,1409,43,31,1,25.02594,121.50651,12
500113008,20231006,1410,43,31,1,25.02594,121.50651,12
500113008,20231006,1411,43,31,1,25.02594,121.50651,12
500113008,20231006,1412,43,31,1,25.02594,121.50651,12
500113008,20231006,1413,43,31,1,25.02594,121.50651,12
500113008,20231006,1414,43,31,1,25.02594,121.50651,12
500113008,20231006,1415,43,31,1,25.02594,121.50651,12
500113008,20231006,1416,43,31,1,25.02594,121.50651,12
500113008,20231006,1417,43,31,1,25.02594,121.50651,12
500113008,20231006,1418,43,31,1,25.02594,121.50651,12
500113008,20231006,1419,43,31,1,25.02594,121.50651,12
500113008,20231006,1420,43,30,1,25.02594,121.50651,13
500113008,20231006,1421,43,30,1,25.02594,121.50651,13
500113008,20231006,1422,43,30,1,25.02594,121.50651,13
500113008,20231006,1423,43,30,1,25.02594,121.50651,13
500113008,20231006,1424,43,30,1,25.02594,121.50651,13
500113008,20231006,1425,43,30,1,25.02594,121.50651,13
500113008,20231006,1426,43,29,1,25.02594,121.50651,14
500113008,20231006,1427,43,29,1,25.02594,121.50651,14
500113008,20231006,1428,43,29,1,25.02594,121.50651,14
500113008,20231006,1429,43,29,1,25.02594,121.50651,14
500113008,20231006,1430,43,29,1,25.02594,121.50651,14
500113008,20231006,1431,43,29,1,25.02594,121.50651,14
500113008,20231006,1432,43,30,1,25.02594,121.50651,13
500113008,20231006,1433,43,30,1,25.02594,121.50651,13
500113008,20231006,1434,43,30,1,25.02594,121.50651,13
500113008,20231006,1435,43,30,1,25.02594,121.50651,13
500113008,20231006,1436,43,30,1,25.02594,121.50651,13
500113008,20231006,1437,43,30,1,25.02594,121.50651,13
500113008,20231006,1438,43,30,1,25.02594,121.50651,13
500113008,20231006,1439,43,30,1,25.02594,121.50651,13
500113008,20231007,1,43,30,1,25.02594,121.50651,13
500113008,20231007,2,43,30,1,25.02594,121.50651,13
500113008,20231007,3,43,30,1,25.02594,121.50651,13
500113008,20231007,4,43,30,1,25.02594,121.50651,13
500113008,20231007,5,43,30,1,25.02594,121.50651,13
500113008,20231007,6,43,29,1,25.02594,121.50651,14
500113008,20231007,7,43,29,1,25.02594,121.50651,14
500113008,20231007,8,43,29,1,25.02594,121.50651,14
500113008,20231007,9,43,29,1,25.02594,121.50651,14
500113008,20231007,10,43,29,1,25.02594,121.50651,14
500113008,20231007,11,43,29,1,25.02594,121.50651,14
500113008,20231007,12,43,29,1,25.02594,121.50651,14
500113008,20231007,13,43,28,1,25.02594,121.50651,15
500113008,20231007,14,43,28,1,25.02594,121.50651,15
500113008,20231007,15,43,28,1,25.02594,121.50651,15
500113008,20231007,16,43,28,1,25.02594,121.50651,15
500113008,20231007,17,43,28,1,25.02594,121.50651,15
500113008,20231007,18,43,28,1,25.02594,121.50651,15
500113008,20231007,19,43,28,1,25.02594,121.50651,15
500113008,20231007,21,43,27,1,25.02594,121.50651,16
500113008,20231007,22,43,27,1,25.02594,121.50651,16
500113008,20231007,23,43,27,1,25.02594,121.50651,16
500113008,20231007,24,43,27,1,25.02594,121.50651,16
500113008,20231007,25,43,27,1,25.02594,121.50651,16
500113008,20231007,26,43,27,1,25.02594,121.50651,16
500113008,20231007,27,43,27,1,25.02594,121.50651,16
500113008,20231007,28,43,27,1,25.02594,121.50651,16
500113008,20231007,29,43,27,1,25.02594,121.50651,16
500113008,20231007,30,43,27,1,25.02594,121.50651,16
500113008,20231007,32,43,27,1,25.02594,121.50651,16
500113008,20231007,33,43,27,1,25.02594,121.50651,16
500113008,20231007,34,43,27,1,25.02594,121.50651,16
500113008,20231007,35,43,27,1,25.02594,121.50651,16
500113008,20231007,36,43,27,1,25.02594,121.50651,16
500113008,20231007,37,43,27,1,25.02594,121.50651,16
500113008,20231007,38,43,27,1,25.02594,121.50651,16
500113008,20231007,39,43,27,1,25.02594,121.50651,16
500113008,20231007,40,43,27,1,25.02594,121.50651,16
500113008,20231007,41,43,27,1,25.02594,121.50651,16
500113008,20231007,42,43,27,1,25.02594,121.50651,16
500113008,20231007,43,43,27,1,25.02594,121.50651,16
500113008,20231007,44,43,27,1,25.02594,121.50651,16
500113008,20231007,45,43,27,1,25.02594,121.50651,16
500113008,20231007,46,43,27,1,25.02594,121.50651,16
500113008,20231007,47,43,27,1,25.02594,121.50651,16
500113008,20231007,48,43,27,1,25.02594,121.50651,16
500113008,20231007,49,43,27,1,25.02594,121.50651,16
500113008,20231007,50,43,27,1,25.02594,121.50651,16
500113008,20231007,52,43,27,1,25.02594,121.50651,16
500113008,20231007,53,43,27,1,25.02594,121.50651,16
500113008,20231007,54,43,27,1,25.02594,121.50651,16
500113008,20231007,55,43,27,1,25.02594,121.50651,16
500113008,20231007,56,43,27,1,25.02594,121.50651,16
500113008,20231007,57,43,27,1,25.02594,121.50651,16
500113008,20231007,58,43,27,1,25.02594,121.50651,16
500113008,20231007,59,43,27,1,25.02594,121.50651,16
500113008,20231007,60,43,27,1,25.02594,121.50651,16
500113008,20231007,61,43,27,1,25.02594,121.50651,16
500113008,20231007,62,43,27,1,25.02594,121.50651,16
500113008,20231007,63,43,27,1,25.02594,121.50651,16
500113008,20231007,64,43,27,1,25.02594,121.50651,16
500113008,20231007,65,43,27,1,25.02594,121.50651,16
500113008,20231007,66,43,27,1,25.02594,121.50651,16
500113008,20231007,67,43,27,1,25.02594,121.50651,16
500113008,20231007,68,43,27,1,25.02594,121.50651,16
500113008,20231007,69,43,27,1,25.02594,121.50651,16
500113008,20231007,70,43,27,1,25.02594,121.50651,16
500113008,20231007,71,43,27,1,25.02594,121.50651,16
500113008,20231007,72,43,27,1,25.02594,121.50651,16
500113008,20231007,73,43,27,1,25.02594,121.50651,16
500113008,20231007,74,43,27,1,25.02594,121.50651,16
500113008,20231007,75,43,27,1,25.02594,121.50651,16
500113008,20231007,76,43,27,1,25.02594,121.50651,16
500113008,20231007,77,43,27,1,25.02594,121.50651,16
500113008,20231007,78,43,27,1,25.02594,121.50651,16
500113008,20231007,79,43,27,1,25.02594,121.50651,16
500113008,20231007,81,43,27,1,25.02594,121.50651,16
500113008,20231007,82,43,27,1,25.02594,121.50651,16
500113008,20231007,84,43,27,1,25.02594,121.50651,16
500113008,20231007,85,43,27,1,25.02594,121.50651,16
500113008,20231007,86,43,27,1,25.02594,121.50651,16
500113008,20231007,88,43,27,1,25.02594,121.50651,16
500113008,20231007,89,43,27,1,25.02594,121.50651,16
500113008,20231007,90,43,27,1,25.02594,121.50651,16
500113008,20231007,91,43,27,1,25.02594,121.50651,16
500113008,20231007,92,43,27,1,25.02594,121.50651,16
500113008,20231007,93,43,27,1,25.02594,121.50651,16
500113008,20231007,94,43,27,1,25.02594,121.50651,16
500113008,20231007,95,43,27,1,25.02594,121.50651,16
500113008,20231007,96,43,26,1,25.02594,121.50651,17
500113008,20231007,97,43,26,1,25.02594,121.50651,17
500113008,20231007,98,43,26,1,25.02594,121.50651,17
500113008,20231007,99,43,26,1,25.02594,121.50651,17
500113008,20231007,100,43,26,1,25.02594,121.50651,17
500113008,20231007,101,43,26,1,25.02594,121.50651,17
500113008,20231007,102,43,26,1,25.02594,121.50651,17
500113008,20231007,103,43,26,1,25.02594,121.50651,17
500113008,20231007,104,43,26,1,25.02594,121.50651,17
500113008,20231007,105,43,26,1,25.02594,121.50651,17
500113008,20231007,106,43,26,1,25.02594,121.50651,17
500113008,20231007,107,43,26,1,25.02594,121.50651,17
500113008,20231007,108,43,25,1,25.02594,121.50651,18
500113008,20231007,109,43,25,1,25.02594,121.50651,18
500113008,20231007,110,43,25,1,25.02594,121.50651,18
500113008,20231007,111,43,25,1,25.02594,121.50651,18
500113008,20231007,112,43,25,1,25.02594,121.50651,18
500113008,20231007,113,43,25,1,25.02594,121.50651,18
500113008,20231007,114,43,25,1,25.02594,121.50651,18
500113008,20231007,115,43,25,1,25.02594,121.50651,18
500113008,20231007,116,43,25,1,25.02594,121.50651,18
500113008,20231007,117,43,25,1,25.02594,121.50651,18
500113008,20231007,118,43,25,1,25.02594,121.50651,18
500113008,20231007,119,43,25,1,25.02594,121.50651,18
500113008,20231007,121,43,25,1,25.02594,121.50651,18
500113008,20231007,122,43,24,1,25.02594,121.50651,19
500113008,20231007,123,43,24,1,25.02594,121.50651,19
500113008,20231007,124,43,24,1,25.02594,121.50651,19
500113008,20231007,125,43,24,1,25.02594,121.50651,19
500113008,20231007,126,43,24,1,25.02594,121.50651,19
500113008,20231007,127,43,24,1,25.02594,121.50651,19
500113008,20231007,128,43,24,1,25.02594,121.50651,19
500113008,20231007,129,43,24,1,25.02594,121.50651,19
500113008,20231007,130,43,24,1,25.02594,121.50651,19
500113008,20231007,131,43,24,1,25.02594,121.50651,19
500113008,20231007,132,43,24,1,25.02594,121.50651,19
500113008,20231007,133,43,24,1,25.02594,121.50651,19
500113008,20231007,134,43,24,1,25.02594,121.50651,19
500113008,20231007,135,43,24,1,25.02594,121.50651,19
500113008,20231007,137,43,24,1,25.02594,121.50651,19
500113008,20231007,138,43,24,1,25.02594,121.50651,19
500113008,20231007,139,43,24,1,25.02594,121.50651,19
500113008,20231007,141,43,24,1,25.02594,121.50651,19
500113008,20231007,142,43,24,1,25.02594,121.50651,19
500113008,20231007,143,43,24,1,25.02594,121.50651,19
500113008,20231007,144,43,24,1,25.02594,121.50651,19
500113008,20231007,145,43,24,1,25.02594,121.50651,19
500113008,20231007,146,43,24,1,25.02594,121.50651,19
500113008,20231007,147,43,24,1,25.02594,121.50651,19
500113008,20231007,148,43,24,1,25.02594,121.50651,19
500113008,20231007,149,43,24,1,25.02594,121.50651,19
500113008,20231007,150,43,24,1,25.02594,121.50651,19
500113008,20231007,151,43,24,1,25.02594,121.50651,19
500113008,20231007,152,43,24,1,25.02594,121.50651,19
500113008,20231007,153,43,24,1,25.02594,121.50651,19
500113008,20231007,154,43,24,1,25.02594,121.50651,19
500113008,20231007,155,43,24,1,25.02594,121.50651,19
500113008,20231007,156,43,24,1,25.02594,121.50651,19
500113008,20231007,157,43,24,1,25.02594,121.50651,19
500113008,20231007,158,43,24,1,25.02594,121.50651,19
500113008,20231007,159,43,24,1,25.02594,121.50651,19
500113008,20231007,160,43,24,1,25.02594,121.50651,19
500113008,20231007,161,43,24,1,25.02594,121.50651,19
500113008,20231007,162,43,24,1,25.02594,121.50651,19
500113008,20231007,163,43,24,1,25.02594,121.50651,19
500113008,20231007,164,43,24,1,25.02594,121.50651,19
500113008,20231007,165,43,24,1,25.02594,121.50651,19
500113008,20231007,166,43,24,1,25.02594,121.50651,19
500113008,20231007,167,43,24,1,25.02594,121.50651,19
500113008,20231007,168,43,24,1,25.02594,121.50651,19
500113008,20231007,169,43,24,1,25.02594,121.50651,19
500113008,20231007,170,43,24,1,25.02594,121.50651,19
500113008,20231007,171,43,24,1,25.02594,121.50651,19
500113008,20231007,172,43,24,1,25.02594,121.50651,19
500113008,20231007,173,43,24,1,25.02594,121.50651,19
500113008,20231007,174,43,24,1,25.02594,121.50651,19
500113008,20231007,175,43,24,1,25.02594,121.50651,19
500113008,20231007,176,43,24,1,25.02594,121.50651,19
500113008,20231007,177,43,24,1,25.02594,121.50651,19
500113008,20231007,178,43,24,1,25.02594,121.50651,19
500113008,20231007,179,43,24,1,25.02594,121.50651,19
500113008,20231007,180,43,24,1,25.02594,121.50651,19
500113008,20231007,181,43,24,1,25.02594,121.50651,19
500113008,20231007,182,43,24,1,25.02594,121.50651,19
500113008,20231007,183,43,24,1,25.02594,121.50651,19
500113008,20231007,184,43,24,1,25.02594,121.50651,19
500113008,20231007,185,43,24,1,25.02594,121.50651,19
500113008,20231007,186,43,24,1,25.02594,121.50651,19
500113008,20231007,187,43,24,1,25.02594,121.50651,19
500113008,20231007,188,43,24,1,25.02594,121.50651,19
500113008,20231007,189,43,24,1,25.02594,121.50651,19
500113008,20231007,190,43,24,1,25.02594,121.50651,19
500113008,20231007,191,43,24,1,25.02594,121.50651,19
500113008,20231007,192,43,24,1,25.02594,121.50651,19
500113008,20231007,193,43,24,1,25.02594,121.50651,19
500113008,20231007,194,43,24,1,25.02594,121.50651,19
500113008,20231007,195,43,24,1,25.02594,121.50651,19
500113008,20231007,196,43,24,1,25.02594,121.50651,19
500113008,20231007,197,43,24,1,25.02594,121.50651,19
500113008,20231007,198,43,24,1,25.02594,121.50651,19
500113008,20231007,199,43,24,1,25.02594,121.50651,19
500113008,20231007,201,43,24,1,25.02594,121.50651,19
500113008,20231007,202,43,24,1,25.02594,121.50651,19
500113008,20231007,203,43,24,1,25.02594,121.50651,19
500113008,20231007,204,43,24,1,25.02594,121.50651,19
500113008,20231007,205,43,24,1,25.02594,121.50651,19
500113008,20231007,206,43,24,1,25.02594,121.50651,19
500113008,20231007,207,43,24,1,25.02594,121.50651,19
500113008,20231007,208,43,24,1,25.02594,121.50651,19
500113008,20231007,209,43,24,1,25.02594,121.50651,19
500113008,20231007,210,43,24,1,25.02594,121.50651,19
500113008,20231007,211,43,24,1,25.02594,121.50651,19
500113008,20231007,212,43,24,1,25.02594,121.50651,19
500113008,20231007,213,43,24,1,25.02594,121.50651,19
500113008,20231007,214,43,24,1,25.02594,121.50651,19
500113008,20231007,215,43,24,1,25.02594,121.50651,19
500113008,20231007,216,43,24,1,25.02594,121.50651,19
500113008,20231007,217,43,24,1,25.02594,121.50651,19
500113008,20231007,218,43,24,1,25.02594,121.50651,19
500113008,20231007,219,43,24,1,25.02594,121.50651,19
500113008,20231007,220,43,24,1,25.02594,121.50651,19
500113008,20231007,221,43,24,1,25.02594,121.50651,19
500113008,20231007,222,43,24,1,25.02594,121.50651,19
500113008,20231007,223,43,24,1,25.02594,121.50651,19
500113008,20231007,224,43,24,1,25.02594,121.50651,19
500113008,20231007,225,43,24,1,25.02594,121.50651,19
500113008,20231007,226,43,24,1,25.02594,121.50651,19
500113008,20231007,227,43,24,1,25.02594,121.50651,19
500113008,20231007,228,43,24,1,25.02594,121.50651,19
500113008,20231007,229,43,24,1,25.02594,121.50651,19
500113008,20231007,230,43,24,1,25.02594,121.50651,19
500113008,20231007,231,43,24,1,25.02594,121.50651,19
500113008,20231007,232,43,24,1,25.02594,121.50651,19
500113008,20231007,233,43,24,1,25.02594,121.50651,19
500113008,20231007,234,43,24,1,25.02594,121.50651,19
500113008,20231007,235,43,24,1,25.02594,121.50651,19
500113008,20231007,236,43,24,1,25.02594,121.50651,19
500113008,20231007,237,43,24,1,25.02594,121.50651,19
500113008,20231007,238,43,24,1,25.02594,121.50651,19
500113008,20231007,239,43,24,1,25.02594,121.50651,19
500113008,20231007,240,43,24,1,25.02594,121.50651,19
500113008,20231007,241,43,24,1,25.02594,121.50651,19
500113008,20231007,242,43,24,1,25.02594,121.50651,19
500113008,20231007,243,43,24,1,25.02594,121.50651,19
500113008,20231007,244,43,24,1,25.02594,121.50651,19
500113008,20231007,245,43,24,1,25.02594,121.50651,19
500113008,20231007,246,43,24,1,25.02594,121.50651,19
500113008,20231007,247,43,24,1,25.02594,121.50651,19
500113008,20231007,248,43,24,1,25.02594,121.50651,19
500113008,20231007,249,43,24,1,25.02594,121.50651,19
500113008,20231007,250,43,24,1,25.02594,121.50651,19
500113008,20231007,251,43,24,1,25.02594,121.50651,19
500113008,20231007,252,43,24,1,25.02594,121.50651,19
500113008,20231007,253,43,24,1,25.02594,121.50651,19
500113008,20231007,254,43,24,1,25.02594,121.50651,19
500113008,20231007,255,43,24,1,25.02594,121.50651,19
500113008,20231007,256,43,24,1,25.02594,121.50651,19
500113008,20231007,257,43,24,1,25.02594,121.50651,19
500113008,20231007,258,43,24,1,25.02594,121.50651,19
500113008,20231007,259,43,24,1,25.02594,121.50651,19
500113008,20231007,261,43,24,1,25.02594,121.50651,19
500113008,20231007,262,43,24,1,25.02594,121.50651,19
500113008,20231007,263,43,24,1,25.02594,121.50651,19
500113008,20231007,264,43,24,1,25.02594,121.50651,19
500113008,20231007,265,43,24,1,25.02594,121.50651,19
500113008,20231007,266,43,24,1,25.02594,121.50651,19
500113008,20231007,267,43,24,1,25.02594,121.50651,19
500113008,20231007,268,43,24,1,25.02594,121.50651,19
500113008,20231007,269,43,24,1,25.02594,121.50651,19
500113008,20231007,270,43,25,1,25.02594,121.50651,18
500113008,20231007,271,43,25,1,25.02594,121.50651,18
500113008,20231007,272,43,25,1,25.02594,121.50651,18
500113008,20231007,273,43,25,1,25.02594,121.50651,18
500113008,20231007,274,43,25,1,25.02594,121.50651,18
500113008,20231007,275,43,25,1,25.02594,121.50651,18
500113008,20231007,276,43,25,1,25.02594,121.50651,18
500113008,20231007,277,43,25,1,25.02594,121.50651,18
500113008,20231007,278,43,25,1,25.02594,121.50651,18
500113008,20231007,279,43,25,1,25.02594,121.50651,18
500113008,20231007,280,43,25,1,25.02594,121.50651,18
500113008,20231007,281,43,25,1,25.02594,121.50651,18
500113008,20231007,282,43,25,1,25.02594,121.50651,18
500113008,20231007,283,43,25,1,25.02594,121.50651,18
500113008,20231007,284,43,25,1,25.02594,121.50651,18
500113008,20231007,285,43,25,1,25.02594,121.50651,18
500113008,20231007,286,43,25,1,25.02594,121.50651,18
500113008,20231007,287,43,25,1,25.02594,121.50651,18
500113008,20231007,288,43,24,1,25.02594,121.50651,19
500113008,20231007,289,43,24,1,25.02594,121.50651,19
500113008,20231007,290,43,24,1,25.02594,121.50651,19
500113008,20231007,291,43,24,1,25.02594,121.50651,19
500113008,20231007,292,43,23,1,25.02594,121.50651,20
500113008,20231007,293,43,23,1,25.02594,121.50651,20
500113008,20231007,294,43,23,1,25.02594,121.50651,20
500113008,20231007,295,43,23,1,25.02594,121.50651,20
500113008,20231007,296,43,23,1,25.02594,121.50651,20
500113008,20231007,297,43,23,1,25.02594,121.50651,20
500113008,20231007,298,43,23,1,25.02594,121.50651,20
500113008,20231007,299,43,23,1,25.02594,121.50651,20
500113008,20231007,300,43,23,1,25.02594,121.50651,20
500113008,20231007,301,43,23,1,25.02594,121.50651,20
500113008,20231007,302,43,23,1,25.02594,121.50651,20
500113008,20231007,303,43,23,1,25.02594,121.50651,20
500113008,20231007,304,43,23,1,25.02594,121.50651,20
500113008,20231007,305,43,23,1,25.02594,121.50651,20
500113008,20231007,306,43,23,1,25.02594,121.50651,20
500113008,20231007,307,43,23,1,25.02594,121.50651,20
500113008,20231007,308,43,23,1,25.02594,121.50651,20
500113008,20231007,309,43,23,1,25.02594,121.50651,20
500113008,20231007,310,43,23,1,25.02594,121.50651,20
500113008,20231007,311,43,23,1,25.02594,121.50651,20
500113008,20231007,312,43,23,1,25.02594,121.50651,20
500113008,20231007,313,43,23,1,25.02594,121.50651,20
500113008,20231007,314,43,23,1,25.02594,121.50651,20
500113008,20231007,315,43,23,1,25.02594,121.50651,20
500113008,20231007,316,43,23,1,25.02594,121.50651,20
500113008,20231007,317,43,23,1,25.02594,121.50651,20
500113008,20231007,318,43,23,1,25.02594,121.50651,20
500113008,20231007,319,43,23,1,25.02594,121.50651,20
500113008,20231007,321,43,23,1,25.02594,121.50651,20
500113008,20231007,322,43,23,1,25.02594,121.50651,20
500113008,20231007,323,43,23,1,25.02594,121.50651,20
500113008,20231007,324,43,24,1,25.02594,121.50651,19
500113008,20231007,325,43,24,1,25.02594,121.50651,19
500113008,20231007,326,43,23,1,25.02594,121.50651,20
500113008,20231007,327,43,23,1,25.02594,121.50651,20
500113008,20231007,328,43,23,1,25.02594,121.50651,20
500113008,20231007,329,43,23,1,25.02594,121.50651,20
500113008,20231007,330,43,23,1,25.02594,121.50651,20
500113008,20231007,331,43,23,1,25.02594,121.50651,20
500113008,20231007,332,43,24,1,25.02594,121.50651,19
500113008,20231007,333,43,24,1,25.02594,121.50651,19
500113008,20231007,334,43,24,1,25.02594,121.50651,19
500113008,20231007,335,43,24,1,25.02594,121.50651,19
500113008,20231007,336,43,24,1,25.02594,121.50651,19
500113008,20231007,337,43,24,1,25.02594,121.50651,19
500113008,20231007,338,43,24,1,25.02594,121.50651,19
500113008,20231007,339,43,24,1,25.02594,121.50651,19
500113008,20231007,340,43,24,1,25.02594,121.50651,19
500113008,20231007,341,43,24,1,25.02594,121.50651,19
500113008,20231007,342,43,24,1,25.02594,121.50651,19
500113008,20231007,343,43,24,1,25.02594,121.50651,19
500113008,20231007,344,43,24,1,25.02594,121.50651,19
500113008,20231007,345,43,24,1,25.02594,121.50651,19
500113008,20231007,346,43,24,1,25.02594,121.50651,19
500113008,20231007,347,43,24,1,25.02594,121.50651,19
500113008,20231007,348,43,24,1,25.02594,121.50651,19
500113008,20231007,349,43,24,1,25.02594,121.50651,19
500113008,20231007,350,43,24,1,25.02594,121.50651,19
500113008,20231007,351,43,24,1,25.02594,121.50651,19
500113008,20231007,352,43,23,1,25.02594,121.50651,20
500113008,20231007,353,43,23,1,25.02594,121.50651,20
500113008,20231007,354,43,23,1,25.02594,121.50651,20
500113008,20231007,355,43,23,1,25.02594,121.50651,20
500113008,20231007,356,43,23,1,25.02594,121.50651,20
500113008,20231007,357,43,23,1,25.02594,121.50651,20
500113008,20231007,358,43,23,1,25.02594,121.50651,20
500113008,20231007,359,43,23,1,25.02594,121.50651,20
500113008,20231007,360,43,23,1,25.02594,121.50651,20
500113008,20231007,361,43,23,1,25.02594,121.50651,20
500113008,20231007,362,43,23,1,25.02594,121.50651,20
500113008,20231007,363,43,23,1,25.02594,121.50651,20
500113008,20231007,364,43,23,1,25.02594,121.50651,20
500113008,20231007,365,43,23,1,25.02594,121.50651,20
500113008,20231007,366,43,21,1,25.02594,121.50651,22
500113008,20231007,367,43,21,1,25.02594,121.50651,22
500113008,20231007,368,43,21,1,25.02594,121.50651,22
500113008,20231007,369,43,21,1,25.02594,121.50651,22
500113008,20231007,370,43,21,1,25.02594,121.50651,22
500113008,20231007,371,43,21,1,25.02594,121.50651,22
500113008,20231007,372,43,21,1,25.02594,121.50651,22
500113008,20231007,373,43,21,1,25.02594,121.50651,22
500113008,20231007,374,43,21,1,25.02594,121.50651,22
500113008,20231007,375,43,21,1,25.02594,121.50651,22
500113008,20231007,376,43,21,1,25.02594,121.50651,22
500113008,20231007,377,43,21,1,25.02594,121.50651,22
500113008,20231007,379,43,21,1,25.02594,121.50651,22
500113008,20231007,381,43,21,1,25.02594,121.50651,22
500113008,20231007,382,43,21,1,25.02594,121.50651,22
500113008,20231007,383,43,21,1,25.02594,121.50651,22
500113008,20231007,384,43,21,1,25.02594,121.50651,22
500113008,20231007,385,43,21,1,25.02594,121.50651,22
500113008,20231007,386,43,21,1,25.02594,121.50651,22
500113008,20231007,387,43,22,1,25.02594,121.50651,21
500113008,20231007,388,43,21,1,25.02594,121.50651,22
500113008,20231007,389,43,21,1,25.02594,121.50651,22
500113008,20231007,390,43,21,1,25.02594,121.50651,22
500113008,20231007,391,43,21,1,25.02594,121.50651,22
500113008,20231007,392,43,20,1,25.02594,121.50651,23
500113008,20231007,393,43,20,1,25.02594,121.50651,23
500113008,20231007,394,43,20,1,25.02594,121.50651,23
500113008,20231007,395,43,20,1,25.02594,121.50651,23
500113008,20231007,396,43,20,1,25.02594,121.50651,23
500113008,20231007,397,43,20,1,25.02594,121.50651,23
500113008,20231007,398,43,20,1,25.02594,121.50651,23
500113008,20231007,399,43,20,1,25.02594,121.50651,23
500113008,20231007,400,43,20,1,25.02594,121.50651,23
500113008,20231007,401,43,20,1,25.02594,121.50651,23
500113008,20231007,402,43,20,1,25.02594,121.50651,23
500113008,20231007,403,43,20,1,25.02594,121.50651,23
500113008,20231007,404,43,20,1,25.02594,121.50651,23
500113008,20231007,405,43,20,1,25.02594,121.50651,23
500113008,20231007,406,43,20,1,25.02594,121.50651,23
500113008,20231007,407,43,20,1,25.02594,121.50651,23
500113008,20231007,408,43,20,1,25.02594,121.50651,23
500113008,20231007,409,43,20,1,25.02594,121.50651,23
500113008,20231007,410,43,20,1,25.02594,121.50651,23
500113008,20231007,411,43,20,1,25.02594,121.50651,23
500113008,20231007,412,43,20,1,25.02594,121.50651,23
500113008,20231007,413,43,20,1,25.02594,121.50651,23
500113008,20231007,414,43,20,1,25.02594,121.50651,23
500113008,20231007,415,43,20,1,25.02594,121.50651,23
500113008,20231007,416,43,20,1,25.02594,121.50651,23
500113008,20231007,417,43,20,1,25.02594,121.50651,23
500113008,20231007,418,43,22,1,25.02594,121.50651,21
500113008,20231007,419,43,22,1,25.02594,121.50651,21
500113008,20231007,420,43,22,1,25.02594,121.50651,21
500113008,20231007,421,43,22,1,25.02594,121.50651,21
500113008,20231007,422,43,22,1,25.02594,121.50651,21
500113008,20231007,423,43,23,1,25.02594,121.50651,20
500113008,20231007,424,43,23,1,25.02594,121.50651,20
500113008,20231007,425,43,23,1,25.02594,121.50651,20
500113008,20231007,426,43,23,1,25.02594,121.50651,20
500113008,20231007,427,43,23,1,25.02594,121.50651,20
500113008,20231007,428,43,23,1,25.02594,121.50651,20
500113008,20231007,429,43,24,1,25.02594,121.50651,19
500113008,20231007,430,43,24,1,25.02594,121.50651,19
500113008,20231007,431,43,24,1,25.02594,121.50651,19
500113008,20231007,432,43,24,1,25.02594,121.50651,19
500113008,20231007,433,43,24,1,25.02594,121.50651,19
500113008,20231007,434,43,24,1,25.02594,121.50651,19
500113008,20231007,435,43,24,1,25.02594,121.50651,19
500113008,20231007,436,43,24,1,25.02594,121.50651,19
500113008,20231007,437,43,24,1,25.02594,121.50651,19
500113008,20231007,438,43,24,1,25.02594,121.50651,19
500113008,20231007,439,43,24,1,25.02594,121.50651,19
500113008,20231007,441,43,24,1,25.02594,121.50651,19
500113008,20231007,442,43,23,1,25.02594,121.50651,20
500113008,20231007,443,43,23,1,25.02594,121.50651,20
500113008,20231007,444,43,22,1,25.02594,121.50651,21
500113008,20231007,445,43,23,1,25.02594,121.50651,20
500113008,20231007,446,43,23,1,25.02594,121.50651,20
500113008,20231007,447,43,23,1,25.02594,121.50651,20
500113008,20231007,448,43,22,1,25.02594,121.50651,21
500113008,20231007,449,43,22,1,25.02594,121.50651,21
500113008,20231007,450,43,22,1,25.02594,121.50651,21
500113008,20231007,451,43,21,1,25.02594,121.50651,22
500113008,20231007,452,43,21,1,25.02594,121.50651,22
500113008,20231007,453,43,21,1,25.02594,121.50651,22
500113008,20231007,454,43,21,1,25.02594,121.50651,22
500113008,20231007,455,43,21,1,25.02594,121.50651,22
500113008,20231007,456,43,21,1,25.02594,121.50651,22
500113008,20231007,457,43,21,1,25.02594,121.50651,22
500113008,20231007,458,43,21,1,25.02594,121.50651,22
500113008,20231007,459,43,21,1,25.02594,121.50651,22
500113008,20231007,460,43,21,1,25.02594,121.50651,22
500113008,20231007,461,43,21,1,25.02594,121.50651,22
500113008,20231007,462,43,19,1,25.02594,121.50651,24
500113008,20231007,463,43,19,1,25.02594,121.50651,24
500113008,20231007,464,43,19,1,25.02594,121.50651,24
500113008,20231007,465,43,19,1,25.02594,121.50651,24
500113008,20231007,466,43,19,1,25.02594,121.50651,24
500113008,20231007,467,43,19,1,25.02594,121.50651,24
500113008,20231007,468,43,19,1,25.02594,121.50651,24
500113008,20231007,469,43,18,1,25.02594,121.50651,25
500113008,20231007,470,43,18,1,25.02594,121.50651,25
500113008,20231007,471,43,19,1,25.02594,121.50651,24
500113008,20231007,472,43,19,1,25.02594,121.50651,24
500113008,20231007,473,43,19,1,25.02594,121.50651,24
500113008,20231007,474,43,19,1,25.02594,121.50651,24
500113008,20231007,475,43,19,1,25.02594,121.50651,24
500113008,20231007,476,43,19,1,25.02594,121.50651,24
500113008,20231007,477,43,19,1,25.02594,121.50651,24
500113008,20231007,478,43,18,1,25.02594,121.50651,25
500113008,20231007,479,43,17,1,25.02594,121.50651,26
500113008,20231007,481,43,16,1,25.02594,121.50651,27
500113008,20231007,482,43,16,1,25.02594,121.50651,27
500113008,20231007,483,43,16,1,25.02594,121.50651,27
500113008,20231007,484,43,16,1,25.02594,121.50651,27
500113008,20231007,485,43,16,1,25.02594,121.50651,27
500113008,20231007,486,43,16,1,25.02594,121.50651,27
500113008,20231007,487,43,16,1,25.02594,121.50651,27
500113008,20231007,488,43,16,1,25.02594,121.50651,27
500113008,20231007,489,43,16,1,25.02594,121.50651,27
500113008,20231007,490,43,16,1,25.02594,121.50651,27
500113008,20231007,491,43,16,1,25.02594,121.50651,27
500113008,20231007,492,43,16,1,25.02594,121.50651,27
500113008,20231007,493,43,16,1,25.02594,121.50651,27
500113008,20231007,494,43,16,1,25.02594,121.50651,27
500113008,20231007,495,43,16,1,25.02594,121.50651,27
500113008,20231007,496,43,16,1,25.02594,121.50651,27
500113008,20231007,497,43,16,1,25.02594,121.50651,27
500113008,20231007,498,43,15,1,25.02594,121.50651,28
500113008,20231007,499,43,15,1,25.02594,121.50651,28
500113008,20231007,501,43,15,1,25.02594,121.50651,28
500113008,20231007,502,43,15,1,25.02594,121.50651,28
500113008,20231007,503,43,15,1,25.02594,121.50651,28
500113008,20231007,504,43,15,1,25.02594,121.50651,28
500113008,20231007,505,43,16,1,25.02594,121.50651,27
500113008,20231007,506,43,16,1,25.02594,121.50651,27
500113008,20231007,507,43,16,1,25.02594,121.50651,27
500113008,20231007,508,43,16,1,25.02594,121.50651,27
500113008,20231007,509,43,17,1,25.02594,121.50651,26
500113008,20231007,511,43,17,1,25.02594,121.50651,26
500113008,20231007,512,43,17,1,25.02594,121.50651,26
500113008,20231007,513,43,18,1,25.02594,121.50651,25
500113008,20231007,514,43,18,1,25.02594,121.50651,25
500113008,20231007,515,43,18,1,25.02594,121.50651,25
500113008,20231007,516,43,18,1,25.02594,121.50651,25
500113008,20231007,517,43,18,1,25.02594,121.50651,25
500113008,20231007,518,43,18,1,25.02594,121.50651,25
500113008,20231007,519,43,18,1,25.02594,121.50651,25
500113008,20231007,520,43,18,1,25.02594,121.50651,25
500113008,20231007,521,43,18,1,25.02594,121.50651,25
500113008,20231007,522,43,19,1,25.02594,121.50651,24
500113008,20231007,523,43,20,1,25.02594,121.50651,23
500113008,20231007,524,43,20,1,25.02594,121.50651,23
500113008,20231007,525,43,20,1,25.02594,121.50651,23
500113008,20231007,526,43,20,1,25.02594,121.50651,23
500113008,20231007,527,43,20,1,25.02594,121.50651,23
500113008,20231007,528,43,20,1,25.02594,121.50651,23
500113008,20231007,529,43,20,1,25.02594,121.50651,23
500113008,20231007,530,43,20,1,25.02594,121.50651,23
500113008,20231007,531,43,20,1,25.02594,121.50651,23
500113008,20231007,532,43,24,1,25.02594,121.50651,19
500113008,20231007,533,43,24,1,25.02594,121.50651,19
500113008,20231007,534,43,23,1,25.02594,121.50651,20
500113008,20231007,535,43,23,1,25.02594,121.50651,20
500113008,20231007,536,43,24,1,25.02594,121.50651,19
500113008,20231007,537,43,24,1,25.02594,121.50651,19
500113008,20231007,538,43,23,1,25.02594,121.50651,20
500113008,20231007,539,43,22,1,25.02594,121.50651,21
500113008,20231007,541,43,22,1,25.02594,121.50651,21
500113008,20231007,542,43,22,1,25.02594,121.50651,21
500113008,20231007,543,43,21,1,25.02594,121.50651,22
500113008,20231007,544,43,21,1,25.02594,121.50651,22
500113008,20231007,545,43,20,1,25.02594,121.50651,23
500113008,20231007,546,43,22,1,25.02594,121.50651,21
500113008,20231007,547,43,22,1,25.02594,121.50651,21
500113008,20231007,548,43,22,1,25.02594,121.50651,21
500113008,20231007,549,43,23,1,25.02594,121.50651,20
500113008,20231007,550,43,22,1,25.02594,121.50651,21
500113008,20231007,551,43,22,1,25.02594,121.50651,21
500113008,20231007,552,43,22,1,25.02594,121.50651,21
500113008,20231007,553,43,22,1,25.02594,121.50651,21
500113008,20231007,554,43,22,1,25.02594,121.50651,21
500113008,20231007,555,43,22,1,25.02594,121.50651,21
500113008,20231007,556,43,22,1,25.02594,121.50651,21
500113008,20231007,557,43,22,1,25.02594,121.50651,21
500113008,20231007,558,43,23,1,25.02594,121.50651,20
500113008,20231007,559,43,24,1,25.02594,121.50651,19
500113008,20231007,561,43,24,1,25.02594,121.50651,19
500113008,20231007,562,43,24,1,25.02594,121.50651,19
500113008,20231007,563,43,25,1,25.02594,121.50651,18
500113008,20231007,564,43,25,1,25.02594,121.50651,18
500113008,20231007,565,43,26,1,25.02594,121.50651,17
500113008,20231007,566,43,26,1,25.02594,121.50651,17
500113008,20231007,567,43,24,1,25.02594,121.50651,19
500113008,20231007,568,43,24,1,25.02594,121.50651,19
500113008,20231007,569,43,23,1,25.02594,121.50651,20
500113008,20231007,571,43,22,1,25.02594,121.50651,21
500113008,20231007,572,43,22,1,25.02594,121.50651,21
500113008,20231007,573,43,22,1,25.02594,121.50651,21
500113008,20231007,574,43,21,1,25.02594,121.50651,22
500113008,20231007,575,43,21,1,25.02594,121.50651,22
500113008,20231007,576,43,21,1,25.02594,121.50651,22
500113008,20231007,577,43,22,1,25.02594,121.50651,21
500113008,20231007,578,43,23,1,25.02594,121.50651,20
500113008,20231007,579,43,23,1,25.02594,121.50651,20
500113008,20231007,580,43,23,1,25.02594,121.50651,20
500113008,20231007,581,43,23,1,25.02594,121.50651,20
500113008,20231007,582,43,23,1,25.02594,121.50651,20
500113008,20231007,583,43,23,1,25.02594,121.50651,20
500113008,20231007,584,43,23,1,25.02594,121.50651,20
500113008,20231007,585,43,22,1,25.02594,121.50651,21
500113008,20231007,586,43,22,1,25.02594,121.50651,21
500113008,20231007,587,43,22,1,25.02594,121.50651,21
500113008,20231007,588,43,24,1,25.02594,121.50651,19
500113008,20231007,589,43,25,1,25.02594,121.50651,18
500113008,20231007,590,43,25,1,25.02594,121.50651,18
500113008,20231007,591,43,25,1,25.02594,121.50651,18
500113008,20231007,592,43,25,1,25.02594,121.50651,18
500113008,20231007,593,43,25,1,25.02594,121.50651,18
500113008,20231007,594,43,25,1,25.02594,121.50651,18
500113008,20231007,595,43,26,1,25.02594,121.50651,17
500113008,20231007,596,43,25,1,25.02594,121.50651,18
500113008,20231007,597,43,25,1,25.02594,121.50651,18
500113008,20231007,598,43,25,1,25.02594,121.50651,18
500113008,20231007,599,43,25,1,25.02594,121.50651,18
500113008,20231007,601,43,25,1,25.02594,121.50651,18
500113008,20231007,602,43,24,1,25.02594,121.50651,19
500113008,20231007,603,43,24,1,25.02594,121.50651,19
500113008,20231007,604,43,24,1,25.02594,121.50651,19
500113008,20231007,605,43,24,1,25.02594,121.50651,19
500113008,20231007,606,43,24,1,25.02594,121.50651,19
500113008,20231007,607,43,24,1,25.02594,121.50651,19
500113008,20231007,608,43,24,1,25.02594,121.50651,19
500113008,20231007,609,43,24,1,25.02594,121.50651,19
500113008,20231007,610,43,24,1,25.02594,121.50651,19
500113008,20231007,611,43,24,1,25.02594,121.50651,19
500113008,20231007,612,43,25,1,25.02594,121.50651,18
500113008,20231007,613,43,25,1,25.02594,121.50651,18
500113008,20231007,614,43,25,1,25.02594,121.50651,18
500113008,20231007,615,43,26,1,25.02594,121.50651,17
500113008,20231007,616,43,26,1,25.02594,121.50651,17
500113008,20231007,617,43,26,1,25.02594,121.50651,17
500113008,20231007,618,43,26,1,25.02594,121.50651,17
500113008,20231007,619,43,26,1,25.02594,121.50651,17
500113008,20231007,621,43,25,1,25.02594,121.50651,18
500113008,20231007,622,43,25,1,25.02594,121.50651,18
500113008,20231007,623,43,25,1,25.02594,121.50651,18
500113008,20231007,624,43,25,1,25.02594,121.50651,18
500113008,20231007,625,43,25,1,25.02594,121.50651,18
500113008,20231007,626,43,25,1,25.02594,121.50651,18
500113008,20231007,627,43,25,1,25.02594,121.50651,18
500113008,20231007,628,43,25,1,25.02594,121.50651,18
500113008,20231007,629,43,25,1,25.02594,121.50651,18
500113008,20231007,631,43,25,1,25.02594,121.50651,18
500113008,20231007,632,43,26,1,25.02594,121.50651,17
500113008,20231007,633,43,26,1,25.02594,121.50651,17
500113008,20231007,634,43,26,1,25.02594,121.50651,17
500113008,20231007,635,43,27,1,25.02594,121.50651,16
500113008,20231007,636,43,28,1,25.02594,121.50651,15
500113008,20231007,637,43,28,1,25.02594,121.50651,15
500113008,20231007,638,43,28,1,25.02594,121.50651,15
500113008,20231007,639,43,27,1,25.02594,121.50651,16
500113008,20231007,640,43,27,1,25.02594,121.50651,16
500113008,20231007,641,43,27,1,25.02594,121.50651,16
500113008,20231007,642,43,28,1,25.02594,121.50651,15
500113008,20231007,643,43,28,1,25.02594,121.50651,15
500113008,20231007,644,43,28,1,25.02594,121.50651,15
500113008,20231007,645,43,27,1,25.02594,121.50651,16
500113008,20231007,646,43,28,1,25.02594,121.50651,15
500113008,20231007,647,43,28,1,25.02594,121.50651,15
500113008,20231007,648,43,28,1,25.02594,121.50651,15
500113008,20231007,649,43,28,1,25.02594,121.50651,15
500113008,20231007,650,43,29,1,25.02594,121.50651,14
500113008,20231007,651,43,29,1,25.02594,121.50651,14
500113008,20231007,652,43,29,1,25.02594,121.50651,14
500113008,20231007,653,43,29,1,25.02594,121.50651,14
500113008,20231007,654,43,29,1,25.02594,121.50651,14
500113008,20231007,655,43,29,1,25.02594,121.50651,14
500113008,20231007,656,43,29,1,25.02594,121.50651,14
500113008,20231007,657,43,29,1,25.02594,121.50651,14
500113008,20231007,658,43,30,1,25.02594,121.50651,13
500113008,20231007,659,43,30,1,25.02594,121.50651,13
500113008,20231007,661,43,29,1,25.02594,121.50651,14
500113008,20231007,662,43,29,1,25.02594,121.50651,14
500113008,20231007,663,43,29,1,25.02594,121.50651,14
500113008,20231007,664,43,29,1,25.02594,121.50651,14
500113008,20231007,665,43,29,1,25.02594,121.50651,14
500113008,20231007,666,43,28,1,25.02594,121.50651,15
500113008,20231007,667,43,26,1,25.02594,121.50651,17
500113008,20231007,668,43,27,1,25.02594,121.50651,16
500113008,20231007,669,43,27,1,25.02594,121.50651,16
500113008,20231007,670,43,27,1,25.02594,121.50651,16
500113008,20231007,671,43,27,1,25.02594,121.50651,16
500113008,20231007,672,43,27,1,25.02594,121.50651,16
500113008,20231007,673,43,28,1,25.02594,121.50651,15
500113008,20231007,674,43,29,1,25.02594,121.50651,14
500113008,20231007,675,43,31,1,25.02594,121.50651,12
500113008,20231007,676,43,31,1,25.02594,121.50651,12
500113008,20231007,677,43,31,1,25.02594,121.50651,12
500113008,20231007,678,43,31,1,25.02594,121.50651,12
500113008,20231007,679,43,31,1,25.02594,121.50651,12
500113008,20231007,681,43,31,1,25.02594,121.50651,12
500113008,20231007,682,43,31,1,25.02594,121.50651,12
500113008,20231007,683,43,31,1,25.02594,121.50651,12
500113008,20231007,684,43,31,1,25.02594,121.50651,12
500113008,20231007,685,43,31,1,25.02594,121.50651,12
500113008,20231007,686,43,31,1,25.02594,121.50651,12
500113008,20231007,687,43,31,1,25.02594,121.50651,12
500113008,20231007,688,43,31,1,25.02594,121.50651,12
500113008,20231007,689,43,33,1,25.02594,121.50651,10
500113008,20231007,691,43,33,1,25.02594,121.50651,10
500113008,20231007,692,43,33,1,25.02594,121.50651,10
500113008,20231007,693,43,33,1,25.02594,121.50651,10
500113008,20231007,694,43,32,1,25.02594,121.50651,11
500113008,20231007,695,43,33,1,25.02594,121.50651,10
500113008,20231007,696,43,33,1,25.02594,121.50651,10
500113008,20231007,697,43,34,1,25.02594,121.50651,9
500113008,20231007,698,43,34,1,25.02594,121.50651,9
500113008,20231007,699,43,33,1,25.02594,121.50651,10
500113008,20231007,701,43,33,1,25.02594,121.50651,10
500113008,20231007,702,43,33,1,25.02594,121.50651,10
500113008,20231007,703,43,33,1,25.02594,121.50651,10
500113008,20231007,704,43,33,1,25.02594,121.50651,10
500113008,20231007,705,43,33,1,25.02594,121.50651,10
500113008,20231007,706,43,33,1,25.02594,121.50651,10
500113008,20231007,707,43,33,1,25.02594,121.50651,10
500113008,20231007,708,43,33,1,25.02594,121.50651,10
500113008,20231007,709,43,33,1,25.02594,121.50651,10
500113008,20231007,710,43,32,1,25.02594,121.50651,11
500113008,20231007,711,43,32,1,25.02594,121.50651,11
500113008,20231007,712,43,32,1,25.02594,121.50651,11
500113008,20231007,713,43,33,1,25.02594,121.50651,10
500113008,20231007,714,43,33,1,25.02594,121.50651,10
500113008,20231007,715,43,32,1,25.02594,121.50651,11
500113008,20231007,716,43,32,1,25.02594,121.50651,11
500113008,20231007,717,43,33,1,25.02594,121.50651,10
500113008,20231007,718,43,33,1,25.02594,121.50651,10
500113008,20231007,719,43,33,1,25.02594,121.50651,10
500113008,20231007,722,43,35,1,25.02594,121.50651,8
500113008,20231007,723,43,36,1,25.02594,121.50651,7
500113008,20231007,724,43,36,1,25.02594,121.50651,7
500113008,20231007,725,43,36,1,25.02594,121.50651,7
500113008,20231007,726,43,36,1,25.02594,121.50651,7
500113008,20231007,727,43,36,1,25.02594,121.50651,7
500113008,20231007,728,43,36,1,25.02594,121.50651,7
500113008,20231007,729,43,36,1,25.02594,121.50651,7
500113008,20231007,730,43,37,1,25.02594,121.50651,6
500113008,20231007,731,43,37,1,25.02594,121.50651,6
500113008,20231007,732,43,37,1,25.02594,121.50651,6
500113008,20231007,733,43,37,1,25.02594,121.50651,6
500113008,20231007,734,43,37,1,25.02594,121.50651,6
500113008,20231007,735,43,38,1,25.02594,121.50651,5
500113008,20231007,736,43,38,1,25.02594,121.50651,5
500113008,20231007,737,43,38,1,25.02594,121.50651,5
500113008,20231007,738,43,37,1,25.02594,121.50651,6
500113008,20231007,739,43,37,1,25.02594,121.50651,6
500113008,20231007,741,43,37,1,25.02594,121.50651,6
500113008,20231007,742,43,37,1,25.02594,121.50651,6
500113008,20231007,743,43,37,1,25.02594,121.50651,6
500113008,20231007,744,43,36,1,25.02594,121.50651,7
500113008,20231007,745,43,36,1,25.02594,121.50651,7
500113008,20231007,746,43,36,1,25.02594,121.50651,7
500113008,20231007,747,43,36,1,25.02594,121.50651,7
500113008,20231007,748,43,36,1,25.02594,121.50651,7
500113008,20231007,749,43,36,1,25.02594,121.50651,7
500113008,20231007,751,43,36,1,25.02594,121.50651,7
500113008,20231007,752,43,35,1,25.02594,121.50651,8
500113008,20231007,753,43,35,1,25.02594,121.50651,8
500113008,20231007,754,43,37,1,25.02594,121.50651,6
500113008,20231007,755,43,37,1,25.02594,121.50651,6
500113008,20231007,756,43,36,1,25.02594,121.50651,7
500113008,20231007,757,43,36,1,25.02594,121.50651,7
500113008,20231007,758,43,36,1,25.02594,121.50651,7
500113008,20231007,759,43,36,1,25.02594,121.50651,7
500113008,20231007,760,43,35,1,25.02594,121.50651,8
500113008,20231007,761,43,36,1,25.02594,121.50651,7
500113008,20231007,762,43,36,1,25.02594,121.50651,7
500113008,20231007,763,43,36,1,25.02594,121.50651,7
500113008,20231007,764,43,35,1,25.02594,121.50651,8
500113008,20231007,765,43,35,1,25.02594,121.50651,8
500113008,20231007,766,43,35,1,25.02594,121.50651,8
500113008,20231007,767,43,35,1,25.02594,121.50651,8
500113008,20231007,768,43,35,1,25.02594,121.50651,8
500113008,20231007,769,43,35,1,25.02594,121.50651,8
500113008,20231007,770,43,35,1,25.02594,121.50651,8
500113008,20231007,771,43,34,1,25.02594,121.50651,9
500113008,20231007,772,43,34,1,25.02594,121.50651,9
500113008,20231007,773,43,34,1,25.02594,121.50651,9
500113008,20231007,774,43,36,1,25.02594,121.50651,7
500113008,20231007,775,43,36,1,25.02594,121.50651,7
500113008,20231007,776,43,36,1,25.02594,121.50651,7
500113008,20231007,777,43,36,1,25.02594,121.50651,7
500113008,20231007,778,43,36,1,25.02594,121.50651,7
500113008,20231007,779,43,36,1,25.02594,121.50651,7
500113008,20231007,781,43,36,1,25.02594,121.50651,7
500113008,20231007,782,43,36,1,25.02594,121.50651,7
500113008,20231007,783,43,35,1,25.02594,121.50651,8
500113008,20231007,784,43,35,1,25.02594,121.50651,8
500113008,20231007,785,43,34,1,25.02594,121.50651,9
500113008,20231007,786,43,33,1,25.02594,121.50651,10
500113008,20231007,787,43,33,1,25.02594,121.50651,10
500113008,20231007,788,43,34,1,25.02594,121.50651,9
500113008,20231007,789,43,34,1,25.02594,121.50651,9
500113008,20231007,790,43,34,1,25.02594,121.50651,9
500113008,20231007,791,43,34,1,25.02594,121.50651,9
500113008,20231007,792,43,34,1,25.02594,121.50651,9
500113008,20231007,793,43,34,1,25.02594,121.50651,9
500113008,20231007,794,43,35,1,25.02594,121.50651,8
500113008,20231007,795,43,35,1,25.02594,121.50651,8
500113008,20231007,796,43,36,1,25.02594,121.50651,7
500113008,20231007,797,43,37,1,25.02594,121.50651,6
500113008,20231007,798,43,37,1,25.02594,121.50651,6
500113008,20231007,799,43,38,1,25.02594,121.50651,5
500113008,20231007,801,43,38,1,25.02594,121.50651,5
500113008,20231007,802,43,39,1,25.02594,121.50651,4
500113008,20231007,803,43,39,1,25.02594,121.50651,4
500113008,20231007,804,43,39,1,25.02594,121.50651,4
500113008,20231007,805,43,40,1,25.02594,121.50651,3
500113008,20231007,806,43,40,1,25.02594,121.50651,3
500113008,20231007,807,43,40,1,25.02594,121.50651,3
500113008,20231007,808,43,40,1,25.02594,121.50651,3
500113008,20231007,809,43,40,1,25.02594,121.50651,3
500113008,20231007,811,43,41,1,25.02594,121.50651,2
500113008,20231007,812,43,39,1,25.02594,121.50651,4
500113008,20231007,813,43,39,1,25.02594,121.50651,4
500113008,20231007,814,43,39,1,25.02594,121.50651,4
500113008,20231007,815,43,39,1,25.02594,121.50651,4
500113008,20231007,816,43,39,1,25.02594,121.50651,4
500113008,20231007,817,43,39,1,25.02594,121.50651,4
500113008,20231007,818,43,39,1,25.02594,121.50651,4
500113008,20231007,819,43,38,1,25.02594,121.50651,5
500113008,20231007,820,43,38,1,25.02594,121.50651,5
500113008,20231007,821,43,38,1,25.02594,121.50651,5
500113008,20231007,822,43,38,1,25.02594,121.50651,5
500113008,20231007,823,43,38,1,25.02594,121.50651,5
500113008,20231007,824,43,38,1,25.02594,121.50651,5
500113008,20231007,825,43,38,1,25.02594,121.50651,5
500113008,20231007,826,43,38,1,25.02594,121.50651,5
500113008,20231007,827,43,37,1,25.02594,121.50651,6
500113008,20231007,828,43,36,1,25.02594,121.50651,7
500113008,20231007,829,43,36,1,25.02594,121.50651,7
500113008,20231007,830,43,36,1,25.02594,121.50651,7
500113008,20231007,831,43,36,1,25.02594,121.50651,7
500113008,20231007,832,43,37,1,25.02594,121.50651,6
500113008,20231007,833,43,37,1,25.02594,121.50651,6
500113008,20231007,834,43,37,1,25.02594,121.50651,6
500113008,20231007,835,43,37,1,25.02594,121.50651,6
500113008,20231007,836,43,37,1,25.02594,121.50651,6
500113008,20231007,837,43,37,1,25.02594,121.50651,6
500113008,20231007,838,43,37,1,25.02594,121.50651,6
500113008,20231007,839,43,37,1,25.02594,121.50651,6
500113008,20231007,841,43,36,1,25.02594,121.50651,7
500113008,20231007,842,43,36,1,25.02594,121.50651,7
500113008,20231007,843,43,36,1,25.02594,121.50651,7
500113008,20231007,844,43,36,1,25.02594,121.50651,7
500113008,20231007,845,43,36,1,25.02594,121.50651,7
500113008,20231007,846,43,36,1,25.02594,121.50651,7
500113008,20231007,847,43,36,1,25.02594,121.50651,7
500113008,20231007,848,43,36,1,25.02594,121.50651,7
500113008,20231007,849,43,35,1,25.02594,121.50651,8
500113008,20231007,850,43,34,1,25.02594,121.50651,9
500113008,20231007,851,43,34,1,25.02594,121.50651,9
500113008,20231007,852,43,34,1,25.02594,121.50651,9
500113008,20231007,853,43,33,1,25.02594,121.50651,10
500113008,20231007,854,43,34,1,25.02594,121.50651,9
500113008,20231007,855,43,34,1,25.02594,121.50651,9
500113008,20231007,856,43,34,1,25.02594,121.50651,9
500113008,20231007,857,43,34,1,25.02594,121.50651,9
500113008,20231007,858,43,34,1,25.02594,121.50651,9
500113008,20231007,859,43,34,1,25.02594,121.50651,9
500113008,20231007,861,43,32,1,25.02594,121.50651,11
500113008,20231007,862,43,33,1,25.02594,121.50651,10
500113008,20231007,863,43,33,1,25.02594,121.50651,10
500113008,20231007,864,43,33,1,25.02594,121.50651,10
500113008,20231007,865,43,33,1,25.02594,121.50651,10
500113008,20231007,866,43,33,1,25.02594,121.50651,10
500113008,20231007,867,43,33,1,25.02594,121.50651,10
500113008,20231007,868,43,33,1,25.02594,121.50651,10
500113008,20231007,869,43,33,1,25.02594,121.50651,10
500113008,20231007,871,43,33,1,25.02594,121.50651,10
500113008,20231007,872,43,33,1,25.02594,121.50651,10
500113008,20231007,873,43,33,1,25.02594,121.50651,10
500113008,20231007,874,43,33,1,25.02594,121.50651,10
500113008,20231007,875,43,32,1,25.02594,121.50651,11
500113008,20231007,876,43,31,1,25.02594,121.50651,12
500113008,20231007,877,43,31,1,25.02594,121.50651,12
500113008,20231007,878,43,31,1,25.02594,121.50651,12
500113008,20231007,879,43,31,1,25.02594,121.50651,12
500113008,20231007,880,43,31,1,25.02594,121.50651,12
500113008,20231007,881,43,31,1,25.02594,121.50651,12
500113008,20231007,882,43,31,1,25.02594,121.50651,12
500113008,20231007,883,43,31,1,25.02594,121.50651,12
500113008,20231007,884,43,30,1,25.02594,121.50651,13
500113008,20231007,885,43,30,1,25.02594,121.50651,13
500113008,20231007,886,43,30,1,25.02594,121.50651,13
500113008,20231007,887,43,29,1,25.02594,121.50651,14
500113008,20231007,888,43,29,1,25.02594,121.50651,14
500113008,20231007,889,43,29,1,25.02594,121.50651,14
500113008,20231007,890,43,29,1,25.02594,121.50651,14
500113008,20231007,891,43,29,1,25.02594,121.50651,14
500113008,20231007,892,43,30,1,25.02594,121.50651,13
500113008,20231007,893,43,30,1,25.02594,121.50651,13
500113008,20231007,894,43,30,1,25.02594,121.50651,13
500113008,20231007,895,43,29,1,25.02594,121.50651,14
500113008,20231007,896,43,29,1,25.02594,121.50651,14
500113008,20231007,897,43,29,1,25.02594,121.50651,14
500113008,20231007,898,43,29,1,25.02594,121.50651,14
500113008,20231007,899,43,29,1,25.02594,121.50651,14
500113008,20231007,901,43,29,1,25.02594,121.50651,14
500113008,20231007,902,43,29,1,25.02594,121.50651,14
500113008,20231007,903,43,29,1,25.02594,121.50651,14
500113008,20231007,904,43,29,1,25.02594,121.50651,14
500113008,20231007,905,43,29,1,25.02594,121.50651,14
500113008,20231007,906,43,29,1,25.02594,121.50651,14
500113008,20231007,907,43,29,1,25.02594,121.50651,14
500113008,20231007,908,43,29,1,25.02594,121.50651,14
500113008,20231007,909,43,29,1,25.02594,121.50651,14
500113008,20231007,910,43,29,1,25.02594,121.50651,14
500113008,20231007,911,43,29,1,25.02594,121.50651,14
500113008,20231007,912,43,29,1,25.02594,121.50651,14
500113008,20231007,913,43,29,1,25.02594,121.50651,14
500113008,20231007,914,43,29,1,25.02594,121.50651,14
500113008,20231007,915,43,29,1,25.02594,121.50651,14
500113008,20231007,916,43,29,1,25.02594,121.50651,14
500113008,20231007,917,43,29,1,25.02594,121.50651,14
500113008,20231007,918,43,30,1,25.02594,121.50651,13
500113008,20231007,919,43,30,1,25.02594,121.50651,13
500113008,20231007,921,43,30,1,25.02594,121.50651,13
500113008,20231007,922,43,30,1,25.02594,121.50651,13
500113008,20231007,923,43,30,1,25.02594,121.50651,13
500113008,20231007,924,43,30,1,25.02594,121.50651,13
500113008,20231007,925,43,30,1,25.02594,121.50651,13
500113008,20231007,926,43,30,1,25.02594,121.50651,13
500113008,20231007,927,43,31,1,25.02594,121.50651,12
500113008,20231007,928,43,32,1,25.02594,121.50651,11
500113008,20231007,929,43,32,1,25.02594,121.50651,11
500113008,20231007,931,43,32,1,25.02594,121.50651,11
500113008,20231007,932,43,32,1,25.02594,121.50651,11
500113008,20231007,933,43,32,1,25.02594,121.50651,11
500113008,20231007,934,43,32,1,25.02594,121.50651,11
500113008,20231007,935,43,32,1,25.02594,121.50651,11
500113008,20231007,936,43,32,1,25.02594,121.50651,11
500113008,20231007,937,43,31,1,25.02594,121.50651,12
500113008,20231007,938,43,31,1,25.02594,121.50651,12
500113008,20231007,939,43,32,1,25.02594,121.50651,11
500113008,20231007,940,43,32,1,25.02594,121.50651,11
500113008,20231007,941,43,32,1,25.02594,121.50651,11
500113008,20231007,942,43,34,1,25.02594,121.50651,9
500113008,20231007,943,43,35,1,25.02594,121.50651,8
500113008,20231007,944,43,35,1,25.02594,121.50651,8
500113008,20231007,945,43,36,1,25.02594,121.50651,7
500113008,20231007,946,43,36,1,25.02594,121.50651,7
500113008,20231007,947,43,36,1,25.02594,121.50651,7
500113008,20231007,948,43,36,1,25.02594,121.50651,7
500113008,20231007,949,43,36,1,25.02594,121.50651,7
500113008,20231007,950,43,36,1,25.02594,121.50651,7
500113008,20231007,951,43,36,1,25.02594,121.50651,7
500113008,20231007,952,43,36,1,25.02594,121.50651,7
500113008,20231007,953,43,36,1,25.02594,121.50651,7
500113008,20231007,954,43,36,1,25.02594,121.50651,7
500113008,20231007,955,43,35,1,25.02594,121.50651,8
500113008,20231007,956,43,35,1,25.02594,121.50651,8
500113008,20231007,957,43,35,1,25.02594,121.50651,8
500113008,20231007,958,43,35,1,25.02594,121.50651,8
500113008,20231007,959,43,35,1,25.02594,121.50651,8
500113008,20231007,961,43,35,1,25.02594,121.50651,8
500113008,20231007,962,43,34,1,25.02594,121.50651,9
500113008,20231007,963,43,34,1,25.02594,121.50651,9
500113008,20231007,964,43,36,1,25.02594,121.50651,7
500113008,20231007,965,43,36,1,25.02594,121.50651,7
500113008,20231007,966,43,36,1,25.02594,121.50651,7
500113008,20231007,967,43,36,1,25.02594,121.50651,7
500113008,20231007,968,43,35,1,25.02594,121.50651,8
500113008,20231007,969,43,36,1,25.02594,121.50651,7
500113008,20231007,970,43,36,1,25.02594,121.50651,7
500113008,20231007,971,43,36,1,25.02594,121.50651,7
500113008,20231007,972,43,36,1,25.02594,121.50651,7
500113008,20231007,973,43,37,1,25.02594,121.50651,6
500113008,20231007,974,43,37,1,25.02594,121.50651,6
500113008,20231007,975,43,37,1,25.02594,121.50651,6
500113008,20231007,976,43,36,1,25.02594,121.50651,7
500113008,20231007,977,43,36,1,25.02594,121.50651,7
500113008,20231007,978,43,35,1,25.02594,121.50651,8
500113008,20231007,979,43,34,1,25.02594,121.50651,9
500113008,20231007,981,43,34,1,25.02594,121.50651,9
500113008,20231007,982,43,34,1,25.02594,121.50651,9
500113008,20231007,983,43,34,1,25.02594,121.50651,9
500113008,20231007,984,43,34,1,25.02594,121.50651,9
500113008,20231007,985,43,34,1,25.02594,121.50651,9
500113008,20231007,986,43,34,1,25.02594,121.50651,9
500113008,20231007,987,43,34,1,25.02594,121.50651,9
500113008,20231007,988,43,34,1,25.02594,121.50651,9
500113008,20231007,989,43,34,1,25.02594,121.50651,9
500113008,20231007,991,43,34,1,25.02594,121.50651,9
500113008,20231007,992,43,34,1,25.02594,121.50651,9
500113008,20231007,993,43,34,1,25.02594,121.50651,9
500113008,20231007,994,43,34,1,25.02594,121.50651,9
500113008,20231007,995,43,35,1,25.02594,121.50651,8
500113008,20231007,996,43,35,1,25.02594,121.50651,8
500113008,20231007,997,43,35,1,25.02594,121.50651,8
500113008,20231007,998,43,35,1,25.02594,121.50651,8
500113008,20231007,999,43,35,1,25.02594,121.50651,8
500113008,20231007,1000,43,34,1,25.02594,121.50651,9
500113008,20231007,1001,43,34,1,25.02594,121.50651,9
500113008,20231007,1002,43,35,1,25.02594,121.50651,8
500113008,20231007,1003,43,34,1,25.02594,121.50651,9
500113008,20231007,1004,43,35,1,25.02594,121.50651,8
500113008,20231007,1005,43,35,1,25.02594,121.50651,8
500113008,20231007,1006,43,34,1,25.02594,121.50651,9
500113008,20231007,1007,43,34,1,25.02594,121.50651,9
500113008,20231007,1008,43,34,1,25.02594,121.50651,9
500113008,20231007,1009,43,34,1,25.02594,121.50651,9
500113008,20231007,1010,43,34,1,25.02594,121.50651,9
500113008,20231007,1011,43,34,1,25.02594,121.50651,9
500113008,20231007,1012,43,34,1,25.02594,121.50651,9
500113008,20231007,1013,43,34,1,25.02594,121.50651,9
500113008,20231007,1014,43,34,1,25.02594,121.50651,9
500113008,20231007,1015,43,34,1,25.02594,121.50651,9
500113008,20231007,1016,43,34,1,25.02594,121.50651,9
500113008,20231007,1017,43,34,1,25.02594,121.50651,9
500113008,20231007,1018,43,34,1,25.02594,121.50651,9
500113008,20231007,1019,43,34,1,25.02594,121.50651,9
500113008,20231007,1021,43,34,1,25.02594,121.50651,9
500113008,20231007,1022,43,34,1,25.02594,121.50651,9
500113008,20231007,1023,43,35,1,25.02594,121.50651,8
500113008,20231007,1024,43,35,1,25.02594,121.50651,8
500113008,20231007,1025,43,35,1,25.02594,121.50651,8
500113008,20231007,1026,43,34,1,25.02594,121.50651,9
500113008,20231007,1028,43,34,1,25.02594,121.50651,9
500113008,20231007,1029,43,33,1,25.02594,121.50651,10
500113008,20231007,1030,43,33,1,25.02594,121.50651,10
500113008,20231007,1031,43,33,1,25.02594,121.50651,10
500113008,20231007,1032,43,33,1,25.02594,121.50651,10
500113008,20231007,1033,43,33,1,25.02594,121.50651,10
500113008,20231007,1034,43,33,1,25.02594,121.50651,10
500113008,20231007,1035,43,32,1,25.02594,121.50651,11
500113008,20231007,1036,43,32,1,25.02594,121.50651,11
500113008,20231007,1037,43,32,1,25.02594,121.50651,11
500113008,20231007,1038,43,33,1,25.02594,121.50651,10
500113008,20231007,1039,43,33,1,25.02594,121.50651,10
500113008,20231007,1041,43,34,1,25.02594,121.50651,9
500113008,20231007,1042,43,34,1,25.02594,121.50651,9
500113008,20231007,1043,43,34,1,25.02594,121.50651,9
500113008,20231007,1044,43,34,1,25.02594,121.50651,9
500113008,20231007,1045,43,34,1,25.02594,121.50651,9
500113008,20231007,1046,43,34,1,25.02594,121.50651,9
500113008,20231007,1047,43,34,1,25.02594,121.50651,9
500113008,20231007,1048,43,35,1,25.02594,121.50651,8
500113008,20231007,1049,43,35,1,25.02594,121.50651,8
500113008,20231007,1051,43,32,1,25.02594,121.50651,11
500113008,20231007,1052,43,31,1,25.02594,121.50651,12
500113008,20231007,1053,43,31,1,25.02594,121.50651,12
500113008,20231007,1054,43,31,1,25.02594,121.50651,12
500113008,20231007,1055,43,31,1,25.02594,121.50651,12
500113008,20231007,1056,43,31,1,25.02594,121.50651,12
500113008,20231007,1057,43,31,1,25.02594,121.50651,12
500113008,20231007,1058,43,32,1,25.02594,121.50651,11
500113008,20231007,1059,43,32,1,25.02594,121.50651,11
500113008,20231007,1060,43,32,1,25.02594,121.50651,11
500113008,20231007,1061,43,32,1,25.02594,121.50651,11
500113008,20231007,1062,43,33,1,25.02594,121.50651,10
500113008,20231007,1063,43,33,1,25.02594,121.50651,10
500113008,20231007,1064,43,33,1,25.02594,121.50651,10
500113008,20231007,1065,43,33,1,25.02594,121.50651,10
500113008,20231007,1066,43,33,1,25.02594,121.50651,10
500113008,20231007,1067,43,33,1,25.02594,121.50651,10
500113008,20231007,1068,43,32,1,25.02594,121.50651,11
500113008,20231007,1069,43,30,1,25.02594,121.50651,13
500113008,20231007,1070,43,30,1,25.02594,121.50651,13
500113008,20231007,1071,43,30,1,25.02594,121.50651,13
500113008,20231007,1072,43,29,1,25.02594,121.50651,14
500113008,20231007,1073,43,29,1,25.02594,121.50651,14
500113008,20231007,1074,43,29,1,25.02594,121.50651,14
500113008,20231007,1075,43,29,1,25.02594,121.50651,14
500113008,20231007,1076,43,29,1,25.02594,121.50651,14
500113008,20231007,1077,43,27,1,25.02594,121.50651,16
500113008,20231007,1078,43,27,1,25.02594,121.50651,16
500113008,20231007,1079,43,27,1,25.02594,121.50651,16
500113008,20231007,1081,43,25,1,25.02594,121.50651,18
500113008,20231007,1082,43,25,1,25.02594,121.50651,18
500113008,20231007,1083,43,25,1,25.02594,121.50651,18
500113008,20231007,1084,43,25,1,25.02594,121.50651,18
500113008,20231007,1085,43,25,1,25.02594,121.50651,18
500113008,20231007,1086,43,25,1,25.02594,121.50651,18
500113008,20231007,1087,43,25,1,25.02594,121.50651,18
500113008,20231007,1088,43,25,1,25.02594,121.50651,18
500113008,20231007,1089,43,25,1,25.02594,121.50651,18
500113008,20231007,1090,43,25,1,25.02594,121.50651,18
500113008,20231007,1091,43,25,1,25.02594,121.50651,18
500113008,20231007,1092,43,25,1,25.02594,121.50651,18
500113008,20231007,1093,43,25,1,25.02594,121.50651,18
500113008,20231007,1094,43,26,1,25.02594,121.50651,17
500113008,20231007,1095,43,26,1,25.02594,121.50651,17
500113008,20231007,1096,43,26,1,25.02594,121.50651,17
500113008,20231007,1097,43,25,1,25.02594,121.50651,18
500113008,20231007,1098,43,25,1,25.02594,121.50651,18
500113008,20231007,1099,43,25,1,25.02594,121.50651,18
500113008,20231007,1101,43,26,1,25.02594,121.50651,17
500113008,20231007,1102,43,26,1,25.02594,121.50651,17
500113008,20231007,1103,43,26,1,25.02594,121.50651,17
500113008,20231007,1104,43,29,1,25.02594,121.50651,14
500113008,20231007,1105,43,29,1,25.02594,121.50651,14
500113008,20231007,1106,43,28,1,25.02594,121.50651,15
500113008,20231007,1107,43,28,1,25.02594,121.50651,15
500113008,20231007,1108,43,28,1,25.02594,121.50651,15
500113008,20231007,1109,43,29,1,25.02594,121.50651,14
500113008,20231007,1111,43,30,1,25.02594,121.50651,13
500113008,20231007,1112,43,31,1,25.02594,121.50651,12
500113008,20231007,1113,43,30,1,25.02594,121.50651,13
500113008,20231007,1114,43,30,1,25.02594,121.50651,13
500113008,20231007,1115,43,30,1,25.02594,121.50651,13
500113008,20231007,1116,43,30,1,25.02594,121.50651,13
500113008,20231007,1117,43,30,1,25.02594,121.50651,13
500113008,20231007,1118,43,30,1,25.02594,121.50651,13
500113008,20231007,1119,43,31,1,25.02594,121.50651,12
500113008,20231007,1120,43,31,1,25.02594,121.50651,12
500113008,20231007,1121,43,31,1,25.02594,121.50651,12
500113008,20231007,1122,43,31,1,25.02594,121.50651,12
500113008,20231007,1123,43,31,1,25.02594,121.50651,12
500113008,20231007,1124,43,31,1,25.02594,121.50651,12
500113008,20231007,1125,43,29,1,25.02594,121.50651,14
500113008,20231007,1126,43,29,1,25.02594,121.50651,14
500113008,20231007,1127,43,28,1,25.02594,121.50651,15
500113008,20231007,1128,43,28,1,25.02594,121.50651,15
500113008,20231007,1129,43,28,1,25.02594,121.50651,15
500113008,20231007,1130,43,28,1,25.02594,121.50651,15
500113008,20231007,1131,43,28,1,25.02594,121.50651,15
500113008,20231007,1132,43,28,1,25.02594,121.50651,15
500113008,20231007,1133,43,28,1,25.02594,121.50651,15
500113008,20231007,1134,43,28,1,25.02594,121.50651,15
500113008,20231007,1135,43,28,1,25.02594,121.50651,15
500113008,20231007,1136,43,29,1,25.02594,121.50651,14
500113008,20231007,1137,43,29,1,25.02594,121.50651,14
500113008,20231007,1138,43,29,1,25.02594,121.50651,14
500113008,20231007,1139,43,29,1,25.02594,121.50651,14
500113008,20231007,1141,43,31,1,25.02594,121.50651,12
500113008,20231007,1142,43,31,1,25.02594,121.50651,12
500113008,20231007,1143,43,31,1,25.02594,121.50651,12
500113008,20231007,1144,43,32,1,25.02594,121.50651,11
500113008,20231007,1145,43,32,1,25.02594,121.50651,11
500113008,20231007,1146,43,32,1,25.02594,121.50651,11
500113008,20231007,1147,43,32,1,25.02594,121.50651,11
500113008,20231007,1148,43,33,1,25.02594,121.50651,10
500113008,20231007,1149,43,33,1,25.02594,121.50651,10
500113008,20231007,1150,43,36,1,25.02594,121.50651,7
500113008,20231007,1151,43,36,1,25.02594,121.50651,7
500113008,20231007,1152,43,36,1,25.02594,121.50651,7
500113008,20231007,1153,43,36,1,25.02594,121.50651,7
500113008,20231007,1154,43,36,1,25.02594,121.50651,7
500113008,20231007,1155,43,36,1,25.02594,121.50651,7
500113008,20231007,1156,43,36,1,25.02594,121.50651,7
500113008,20231007,1157,43,36,1,25.02594,121.50651,7
500113008,20231007,1158,43,36,1,25.02594,121.50651,7
500113008,20231007,1159,43,36,1,25.02594,121.50651,7
500113008,20231007,1161,43,35,1,25.02594,121.50651,8
500113008,20231007,1162,43,36,1,25.02594,121.50651,7
500113008,20231007,1163,43,36,1,25.02594,121.50651,7
500113008,20231007,1164,43,36,1,25.02594,121.50651,7
500113008,20231007,1165,43,36,1,25.02594,121.50651,7
500113008,20231007,1166,43,36,1,25.02594,121.50651,7
500113008,20231007,1167,43,36,1,25.02594,121.50651,7
500113008,20231007,1168,43,36,1,25.02594,121.50651,7
500113008,20231007,1169,43,35,1,25.02594,121.50651,8
500113008,20231007,1170,43,35,1,25.02594,121.50651,8
500113008,20231007,1171,43,35,1,25.02594,121.50651,8
500113008,20231007,1172,43,35,1,25.02594,121.50651,8
500113008,20231007,1173,43,35,1,25.02594,121.50651,8
500113008,20231007,1174,43,36,1,25.02594,121.50651,7
500113008,20231007,1175,43,35,1,25.02594,121.50651,8
500113008,20231007,1176,43,35,1,25.02594,121.50651,8
500113008,20231007,1177,43,35,1,25.02594,121.50651,8
500113008,20231007,1178,43,35,1,25.02594,121.50651,8
500113008,20231007,1179,43,35,1,25.02594,121.50651,8
500113008,20231007,1180,43,35,1,25.02594,121.50651,8
500113008,20231007,1181,43,35,1,25.02594,121.50651,8
500113008,20231007,1182,43,36,1,25.02594,121.50651,7
500113008,20231007,1183,43,36,1,25.02594,121.50651,7
500113008,20231007,1184,43,34,1,25.02594,121.50651,9
500113008,20231007,1185,43,34,1,25.02594,121.50651,9
500113008,20231007,1186,43,34,1,25.02594,121.50651,9
500113008,20231007,1187,43,34,1,25.02594,121.50651,9
500113008,20231007,1188,43,34,1,25.02594,121.50651,9
500113008,20231007,1189,43,34,1,25.02594,121.50651,9
500113008,20231007,1190,43,34,1,25.02594,121.50651,9
500113008,20231007,1191,43,34,1,25.02594,121.50651,9
500113008,20231007,1192,43,34,1,25.02594,121.50651,9
500113008,20231007,1193,43,34,1,25.02594,121.50651,9
500113008,20231007,1194,43,35,1,25.02594,121.50651,8
500113008,20231007,1195,43,35,1,25.02594,121.50651,8
500113008,20231007,1196,43,35,1,25.02594,121.50651,8
500113008,20231007,1197,43,35,1,25.02594,121.50651,8
500113008,20231007,1198,43,35,1,25.02594,121.50651,8
500113008,20231007,1199,43,35,1,25.02594,121.50651,8
500113008,20231007,1201,43,34,1,25.02594,121.50651,9
500113008,20231007,1202,43,34,1,25.02594,121.50651,9
500113008,20231007,1203,43,34,1,25.02594,121.50651,9
500113008,20231007,1204,43,34,1,25.02594,121.50651,9
500113008,20231007,1205,43,34,1,25.02594,121.50651,9
500113008,20231007,1206,43,34,1,25.02594,121.50651,9
500113008,20231007,1207,43,33,1,25.02594,121.50651,10
500113008,20231007,1208,43,33,1,25.02594,121.50651,10
500113008,20231007,1209,43,33,1,25.02594,121.50651,10
500113008,20231007,1210,43,33,1,25.02594,121.50651,10
500113008,20231007,1211,43,33,1,25.02594,121.50651,10
500113008,20231007,1212,43,33,1,25.02594,121.50651,10
500113008,20231007,1213,43,33,1,25.02594,121.50651,10
500113008,20231007,1214,43,33,1,25.02594,121.50651,10
500113008,20231007,1215,43,32,1,25.02594,121.50651,11
500113008,20231007,1216,43,32,1,25.02594,121.50651,11
500113008,20231007,1217,43,32,1,25.02594,121.50651,11
500113008,20231007,1218,43,32,1,25.02594,121.50651,11
500113008,20231007,1219,43,32,1,25.02594,121.50651,11
500113008,20231007,1221,43,32,1,25.02594,121.50651,11
500113008,20231007,1222,43,32,1,25.02594,121.50651,11
500113008,20231007,1223,43,32,1,25.02594,121.50651,11
500113008,20231007,1224,43,32,1,25.02594,121.50651,11
500113008,20231007,1225,43,33,1,25.02594,121.50651,10
500113008,20231007,1226,43,33,1,25.02594,121.50651,10
500113008,20231007,1227,43,33,1,25.02594,121.50651,10
500113008,20231007,1228,43,33,1,25.02594,121.50651,10
500113008,20231007,1229,43,33,1,25.02594,121.50651,10
500113008,20231007,1230,43,33,1,25.02594,121.50651,10
500113008,20231007,1231,43,33,1,25.02594,121.50651,10
500113008,20231007,1232,43,33,1,25.02594,121.50651,10
500113008,20231007,1233,43,33,1,25.02594,121.50651,10
500113008,20231007,1234,43,33,1,25.02594,121.50651,10
500113008,20231007,1235,43,33,1,25.02594,121.50651,10
500113008,20231007,1236,43,33,1,25.02594,121.50651,10
500113008,20231007,1237,43,33,1,25.02594,121.50651,10
500113008,20231007,1238,43,33,1,25.02594,121.50651,10
500113008,20231007,1239,43,33,1,25.02594,121.50651,10
500113008,20231007,1240,43,33,1,25.02594,121.50651,10
500113008,20231007,1241,43,33,1,25.02594,121.50651,10
500113008,20231007,1242,43,33,1,25.02594,121.50651,10
500113008,20231007,1243,43,33,1,25.02594,121.50651,10
500113008,20231007,1244,43,34,1,25.02594,121.50651,9
500113008,20231007,1245,43,34,1,25.02594,121.50651,9
500113008,20231007,1246,43,34,1,25.02594,121.50651,9
500113008,20231007,1247,43,34,1,25.02594,121.50651,9
500113008,20231007,1248,43,34,1,25.02594,121.50651,9
500113008,20231007,1249,43,34,1,25.02594,121.50651,9
500113008,20231007,1250,43,34,1,25.02594,121.50651,9
500113008,20231007,1251,43,34,1,25.02594,121.50651,9
500113008,20231007,1252,43,34,1,25.02594,121.50651,9
500113008,20231007,1253,43,34,1,25.02594,121.50651,9
500113008,20231007,1254,43,34,1,25.02594,121.50651,9
500113008,20231007,1255,43,34,1,25.02594,121.50651,9
500113008,20231007,1256,43,33,1,25.02594,121.50651,10
500113008,20231007,1257,43,33,1,25.02594,121.50651,10
500113008,20231007,1258,43,33,1,25.02594,121.50651,10
500113008,20231007,1259,43,33,1,25.02594,121.50651,10
500113008,20231007,1261,43,33,1,25.02594,121.50651,10
500113008,20231007,1262,43,33,1,25.02594,121.50651,10
500113008,20231007,1263,43,33,1,25.02594,121.50651,10
500113008,20231007,1264,43,33,1,25.02594,121.50651,10
500113008,20231007,1265,43,33,1,25.02594,121.50651,10
500113008,20231007,1266,43,33,1,25.02594,121.50651,10
500113008,20231007,1267,43,33,1,25.02594,121.50651,10
500113008,20231007,1268,43,33,1,25.02594,121.50651,10
500113008,20231007,1269,43,33,1,25.02594,121.50651,10
500113008,20231007,1270,43,29,1,25.02594,121.50651,14
500113008,20231007,1271,43,29,1,25.02594,121.50651,14
500113008,20231007,1272,43,29,1,25.02594,121.50651,14
500113008,20231007,1273,43,29,1,25.02594,121.50651,14
500113008,20231007,1274,43,29,1,25.02594,121.50651,14
500113008,20231007,1275,43,29,1,25.02594,121.50651,14
500113008,20231007,1276,43,29,1,25.02594,121.50651,14
500113008,20231007,1277,43,29,1,25.02594,121.50651,14
500113008,20231007,1278,43,29,1,25.02594,121.50651,14
500113008,20231007,1279,43,29,1,25.02594,121.50651,14
500113008,20231007,1281,43,28,1,25.02594,121.50651,15
500113008,20231007,1282,43,28,1,25.02594,121.50651,15
500113008,20231007,1283,43,27,1,25.02594,121.50651,16
500113008,20231007,1284,43,27,1,25.02594,121.50651,16
500113008,20231007,1285,43,27,1,25.02594,121.50651,16
500113008,20231007,1286,43,27,1,25.02594,121.50651,16
500113008,20231007,1287,43,27,1,25.02594,121.50651,16
500113008,20231007,1288,43,27,1,25.02594,121.50651,16
500113008,20231007,1289,43,27,1,25.02594,121.50651,16
500113008,20231007,1290,43,27,1,25.02594,121.50651,16
500113008,20231007,1291,43,27,1,25.02594,121.50651,16
500113008,20231007,1292,43,27,1,25.02594,121.50651,16
500113008,20231007,1293,43,27,1,25.02594,121.50651,16
500113008,20231007,1294,43,27,1,25.02594,121.50651,16
500113008,20231007,1295,43,27,1,25.02594,121.50651,16
500113008,20231007,1296,43,27,1,25.02594,121.50651,16
500113008,20231007,1297,43,27,1,25.02594,121.50651,16
500113008,20231007,1298,43,27,1,25.02594,121.50651,16
500113008,20231007,1299,43,27,1,25.02594,121.50651,16
500113008,20231007,1300,43,27,1,25.02594,121.50651,16
500113008,20231007,1301,43,27,1,25.02594,121.50651,16
500113008,20231007,1302,43,27,1,25.02594,121.50651,16
500113008,20231007,1303,43,27,1,25.02594,121.50651,16
500113008,20231007,1304,43,27,1,25.02594,121.50651,16
500113008,20231007,1305,43,27,1,25.02594,121.50651,16
500113008,20231007,1306,43,27,1,25.02594,121.50651,16
500113008,20231007,1307,43,27,1,25.02594,121.50651,16
500113008,20231007,1308,43,27,1,25.02594,121.50651,16
500113008,20231007,1309,43,27,1,25.02594,121.50651,16
500113008,20231007,1310,43,27,1,25.02594,121.50651,16
500113008,20231007,1311,43,27,1,25.02594,121.50651,16
500113008,20231007,1312,43,27,1,25.02594,121.50651,16
500113008,20231007,1313,43,27,1,25.02594,121.50651,16
500113008,20231007,1314,43,27,1,25.02594,121.50651,16
500113008,20231007,1315,43,27,1,25.02594,121.50651,16
500113008,20231007,1316,43,27,1,25.02594,121.50651,16
500113008,20231007,1317,43,27,1,25.02594,121.50651,16
500113008,20231007,1318,43,27,1,25.02594,121.50651,16
500113008,20231007,1319,43,27,1,25.02594,121.50651,16
500113008,20231007,1321,43,27,1,25.02594,121.50651,16
500113008,20231007,1322,43,27,1,25.02594,121.50651,16
500113008,20231007,1323,43,27,1,25.02594,121.50651,16
500113008,20231007,1324,43,27,1,25.02594,121.50651,16
500113008,20231007,1325,43,27,1,25.02594,121.50651,16
500113008,20231007,1326,43,27,1,25.02594,121.50651,16
500113008,20231007,1327,43,27,1,25.02594,121.50651,16
500113008,20231007,1328,43,27,1,25.02594,121.50651,16
500113008,20231007,1329,43,27,1,25.02594,121.50651,16
500113008,20231007,1330,43,27,1,25.02594,121.50651,16
500113008,20231007,1331,43,27,1,25.02594,121.50651,16
500113008,20231007,1332,43,27,1,25.02594,121.50651,16
500113008,20231007,1333,43,27,1,25.02594,121.50651,16
500113008,20231007,1334,43,27,1,25.02594,121.50651,16
500113008,20231007,1335,43,27,1,25.02594,121.50651,16
500113008,20231007,1337,43,27,1,25.02594,121.50651,16
500113008,20231007,1338,43,27,1,25.02594,121.50651,16
500113008,20231007,1339,43,27,1,25.02594,121.50651,16
500113008,20231007,1341,43,27,1,25.02594,121.50651,16
500113008,20231007,1342,43,27,1,25.02594,121.50651,16
500113008,20231007,1343,43,27,1,25.02594,121.50651,16
500113008,20231007,1344,43,27,1,25.02594,121.50651,16
500113008,20231007,1345,43,27,1,25.02594,121.50651,16
500113008,20231007,1346,43,27,1,25.02594,121.50651,16
500113008,20231007,1347,43,27,1,25.02594,121.50651,16
500113008,20231007,1348,43,27,1,25.02594,121.50651,16
500113008,20231007,1349,43,27,1,25.02594,121.50651,16
500113008,20231007,1350,43,27,1,25.02594,121.50651,16
500113008,20231007,1351,43,27,1,25.02594,121.50651,16
500113008,20231007,1352,43,27,1,25.02594,121.50651,16
500113008,20231007,1353,43,27,1,25.02594,121.50651,16
500113008,20231007,1354,43,27,1,25.02594,121.50651,16
500113008,20231007,1355,43,27,1,25.02594,121.50651,16
500113008,20231007,1356,43,27,1,25.02594,121.50651,16
500113008,20231007,1357,43,27,1,25.02594,121.50651,16
500113008,20231007,1358,43,27,1,25.02594,121.50651,16
500113008,20231007,1359,43,27,1,25.02594,121.50651,16
500113008,20231007,1360,43,27,1,25.02594,121.50651,16
500113008,20231007,1361,43,27,1,25.02594,121.50651,16
500113008,20231007,1362,43,27,1,25.02594,121.50651,16
500113008,20231007,1363,43,27,1,25.02594,121.50651,16
500113008,20231007,1364,43,27,1,25.02594,121.50651,16
500113008,20231007,1365,43,27,1,25.02594,121.50651,16
500113008,20231007,1366,43,27,1,25.02594,121.50651,16
500113008,20231007,1367,43,27,1,25.02594,121.50651,16
500113008,20231007,1368,43,27,1,25.02594,121.50651,16
500113008,20231007,1369,43,27,1,25.02594,121.50651,16
500113008,20231007,1370,43,27,1,25.02594,121.50651,16
500113008,20231007,1371,43,27,1,25.02594,121.50651,16
500113008,20231007,1372,43,27,1,25.02594,121.50651,16
500113008,20231007,1373,43,27,1,25.02594,121.50651,16
500113008,20231007,1374,43,27,1,25.02594,121.50651,16
500113008,20231007,1375,43,27,1,25.02594,121.50651,16
500113008,20231007,1376,43,27,1,25.02594,121.50651,16
500113008,20231007,1377,43,27,1,25.02594,121.50651,16
500113008,20231007,1378,43,27,1,25.02594,121.50651,16
500113008,20231007,1379,43,27,1,25.02594,121.50651,16
500113008,20231007,1381,43,27,1,25.02594,121.50651,16
500113008,20231007,1382,43,27,1,25.02594,121.50651,16
500113008,20231007,1383,43,27,1,25.02594,121.50651,16
500113008,20231007,1384,43,27,1,25.02594,121.50651,16
500113008,20231007,1385,43,27,1,25.02594,121.50651,16
500113008,20231007,1386,43,27,1,25.02594,121.50651,16
500113008,20231007,1387,43,27,1,25.02594,121.50651,16
500113008,20231007,1388,43,27,1,25.02594,121.50651,16
500113008,20231007,1389,43,27,1,25.02594,121.50651,16
500113008,20231007,1390,43,27,1,25.02594,121.50651,16
500113008,20231007,1391,43,27,1,25.02594,121.50651,16
500113008,20231007,1392,43,27,1,25.02594,121.50651,16
500113008,20231007,1393,43,27,1,25.02594,121.50651,16
500113008,20231007,1394,43,27,1,25.02594,121.50651,16
500113008,20231007,1395,43,27,1,25.02594,121.50651,16
500113008,20231007,1396,43,27,1,25.02594,121.50651,16
500113008,20231007,1397,43,27,1,25.02594,121.50651,16
500113008,20231007,1398,43,27,1,25.02594,121.50651,16
500113008,20231007,1399,43,27,1,25.02594,121.50651,16
500113008,20231007,1401,43,27,1,25.02594,121.50651,16
500113008,20231007,1402,43,27,1,25.02594,121.50651,16
500113008,20231007,1403,43,27,1,25.02594,121.50651,16
500113008,20231007,1404,43,27,1,25.02594,121.50651,16
500113008,20231007,1405,43,27,1,25.02594,121.50651,16
500113008,20231007,1406,43,27,1,25.02594,121.50651,16
500113008,20231007,1407,43,27,1,25.02594,121.50651,16
500113008,20231007,1408,43,27,1,25.02594,121.50651,16
500113008,20231007,1409,43,27,1,25.02594,121.50651,16
500113008,20231007,1410,43,27,1,25.02594,121.50651,16
500113008,20231007,1411,43,27,1,25.02594,121.50651,16
500113008,20231007,1412,43,27,1,25.02594,121.50651,16
500113008,20231007,1413,43,27,1,25.02594,121.50651,16
500113008,20231007,1414,43,27,1,25.02594,121.50651,16
500113008,20231007,1415,43,27,1,25.02594,121.50651,16
500113008,20231007,1416,43,27,1,25.02594,121.50651,16
500113008,20231007,1417,43,27,1,25.02594,121.50651,16
500113008,20231007,1418,43,27,1,25.02594,121.50651,16
500113008,20231007,1419,43,27,1,25.02594,121.50651,16
500113008,20231007,1420,43,27,1,25.02594,121.50651,16
500113008,20231007,1421,43,27,1,25.02594,121.50651,16
500113008,20231007,1422,43,27,1,25.02594,121.50651,16
500113008,20231007,1423,43,27,1,25.02594,121.50651,16
500113008,20231007,1424,43,27,1,25.02594,121.50651,16
500113008,20231007,1425,43,27,1,25.02594,121.50651,16
500113008,20231007,1426,43,27,1,25.02594,121.50651,16
500113008,20231007,1427,43,27,1,25.02594,121.50651,16
500113008,20231007,1428,43,27,1,25.02594,121.50651,16
500113008,20231007,1429,43,27,1,25.02594,121.50651,16
500113008,20231007,1430,43,27,1,25.02594,121.50651,16
500113008,20231007,1431,43,27,1,25.02594,121.50651,16
500113008,20231007,1432,43,27,1,25.02594,121.50651,16
500113008,20231007,1433,43,27,1,25.02594,121.50651,16
500113008,20231007,1434,43,27,1,25.02594,121.50651,16
500113008,20231007,1435,43,27,1,25.02594,121.50651,16
500113008,20231007,1436,43,27,1,25.02594,121.50651,16
500113008,20231007,1437,43,27,1,25.02594,121.50651,16
500113008,20231007,1438,43,27,1,25.02594,121.50651,16
500113008,20231007,1439,43,27,1,25.02594,121.50651,16
500113008,20231008,1,43,27,1,25.02594,121.50651,16
500113008,20231008,2,43,27,1,25.02594,121.50651,16
500113008,20231008,3,43,27,1,25.02594,121.50651,16
500113008,20231008,4,43,27,1,25.02594,121.50651,16
500113008,20231008,5,43,27,1,25.02594,121.50651,16
500113008,20231008,6,43,27,1,25.02594,121.50651,16
500113008,20231008,7,43,27,1,25.02594,121.50651,16
500113008,20231008,8,43,27,1,25.02594,121.50651,16
500113008,20231008,9,43,27,1,25.02594,121.50651,16
500113008,20231008,10,43,27,1,25.02594,121.50651,16
500113008,20231008,11,43,27,1,25.02594,121.50651,16
500113008,20231008,12,43,27,1,25.02594,121.50651,16
500113008,20231008,13,43,27,1,25.02594,121.50651,16
500113008,20231008,14,43,27,1,25.02594,121.50651,16
500113008,20231008,15,43,27,1,25.02594,121.50651,16
500113008,20231008,16,43,27,1,25.02594,121.50651,16
500113008,20231008,17,43,27,1,25.02594,121.50651,16
500113008,20231008,18,43,27,1,25.02594,121.50651,16
500113008,20231008,19,43,27,1,25.02594,121.50651,16
500113008,20231008,21,43,27,1,25.02594,121.50651,16
500113008,20231008,22,43,27,1,25.02594,121.50651,16
500113008,20231008,23,43,27,1,25.02594,121.50651,16
500113008,20231008,24,43,27,1,25.02594,121.50651,16
500113008,20231008,25,43,27,1,25.02594,121.50651,16
500113008,20231008,26,43,27,1,25.02594,121.50651,16
500113008,20231008,27,43,27,1,25.02594,121.50651,16
500113008,20231008,28,43,27,1,25.02594,121.50651,16
500113008,20231008,29,43,27,1,25.02594,121.50651,16
500113008,20231008,30,43,27,1,25.02594,121.50651,16
500113008,20231008,31,43,27,1,25.02594,121.50651,16
500113008,20231008,32,43,27,1,25.02594,121.50651,16
500113008,20231008,33,43,28,1,25.02594,121.50651,15
500113008,20231008,34,43,28,1,25.02594,121.50651,15
500113008,20231008,35,43,28,1,25.02594,121.50651,15
500113008,20231008,36,43,28,1,25.02594,121.50651,15
500113008,20231008,37,43,28,1,25.02594,121.50651,15
500113008,20231008,38,43,28,1,25.02594,121.50651,15
500113008,20231008,39,43,28,1,25.02594,121.50651,15
500113008,20231008,40,43,28,1,25.02594,121.50651,15
500113008,20231008,41,43,28,1,25.02594,121.50651,15
500113008,20231008,42,43,28,1,25.02594,121.50651,15
500113008,20231008,43,43,28,1,25.02594,121.50651,15
500113008,20231008,44,43,28,1,25.02594,121.50651,15
500113008,20231008,45,43,28,1,25.02594,121.50651,15
500113008,20231008,46,43,28,1,25.02594,121.50651,15
500113008,20231008,47,43,28,1,25.02594,121.50651,15
500113008,20231008,48,43,28,1,25.02594,121.50651,15
500113008,20231008,49,43,28,1,25.02594,121.50651,15
500113008,20231008,50,43,28,1,25.02594,121.50651,15
500113008,20231008,51,43,28,1,25.02594,121.50651,15
500113008,20231008,52,43,28,1,25.02594,121.50651,15
500113008,20231008,53,43,28,1,25.02594,121.50651,15
500113008,20231008,54,43,28,1,25.02594,121.50651,15
500113008,20231008,55,43,28,1,25.02594,121.50651,15
500113008,20231008,56,43,28,1,25.02594,121.50651,15
500113008,20231008,57,43,28,1,25.02594,121.50651,15
500113008,20231008,58,43,28,1,25.02594,121.50651,15
500113008,20231008,59,43,27,1,25.02594,121.50651,16
500113008,20231008,60,43,27,1,25.02594,121.50651,16
500113008,20231008,61,43,27,1,25.02594,121.50651,16
500113008,20231008,62,43,27,1,25.02594,121.50651,16
500113008,20231008,63,43,27,1,25.02594,121.50651,16
500113008,20231008,64,43,27,1,25.02594,121.50651,16
500113008,20231008,65,43,27,1,25.02594,121.50651,16
500113008,20231008,66,43,27,1,25.02594,121.50651,16
500113008,20231008,67,43,27,1,25.02594,121.50651,16
500113008,20231008,68,43,27,1,25.02594,121.50651,16
500113008,20231008,69,43,27,1,25.02594,121.50651,16
500113008,20231008,70,43,27,1,25.02594,121.50651,16
500113008,20231008,71,43,27,1,25.02594,121.50651,16
500113008,20231008,72,43,27,1,25.02594,121.50651,16
500113008,20231008,73,43,27,1,25.02594,121.50651,16
500113008,20231008,74,43,27,1,25.02594,121.50651,16
500113008,20231008,75,43,27,1,25.02594,121.50651,16
500113008,20231008,76,43,27,1,25.02594,121.50651,16
500113008,20231008,77,43,27,1,25.02594,121.50651,16
500113008,20231008,78,43,27,1,25.02594,121.50651,16
500113008,20231008,79,43,27,1,25.02594,121.50651,16
500113008,20231008,81,43,27,1,25.02594,121.50651,16
500113008,20231008,82,43,27,1,25.02594,121.50651,16
500113008,20231008,83,43,27,1,25.02594,121.50651,16
500113008,20231008,84,43,27,1,25.02594,121.50651,16
500113008,20231008,85,43,27,1,25.02594,121.50651,16
500113008,20231008,86,43,27,1,25.02594,121.50651,16
500113008,20231008,87,43,27,1,25.02594,121.50651,16
500113008,20231008,88,43,27,1,25.02594,121.50651,16
500113008,20231008,89,43,27,1,25.02594,121.50651,16
500113008,20231008,90,43,27,1,25.02594,121.50651,16
500113008,20231008,91,43,27,1,25.02594,121.50651,16
500113008,20231008,92,43,27,1,25.02594,121.50651,16
500113008,20231008,93,43,27,1,25.02594,121.50651,16
500113008,20231008,94,43,27,1,25.02594,121.50651,16
500113008,20231008,95,43,27,1,25.02594,121.50651,16
500113008,20231008,96,43,27,1,25.02594,121.50651,16
500113008,20231008,97,43,27,1,25.02594,121.50651,16
500113008,20231008,98,43,27,1,25.02594,121.50651,16
500113008,20231008,99,43,27,1,25.02594,121.50651,16
500113008,20231008,100,43,27,1,25.02594,121.50651,16
500113008,20231008,101,43,27,1,25.02594,121.50651,16
500113008,20231008,102,43,27,1,25.02594,121.50651,16
500113008,20231008,103,43,27,1,25.02594,121.50651,16
500113008,20231008,104,43,27,1,25.02594,121.50651,16
500113008,20231008,105,43,27,1,25.02594,121.50651,16
500113008,20231008,106,43,27,1,25.02594,121.50651,16
500113008,20231008,107,43,27,1,25.02594,121.50651,16
500113008,20231008,108,43,27,1,25.02594,121.50651,16
500113008,20231008,109,43,27,1,25.02594,121.50651,16
500113008,20231008,110,43,27,1,25.02594,121.50651,16
500113008,20231008,111,43,27,1,25.02594,121.50651,16
500113008,20231008,112,43,27,1,25.02594,121.50651,16
500113008,20231008,113,43,27,1,25.02594,121.50651,16
500113008,20231008,114,43,27,1,25.02594,121.50651,16
500113008,20231008,115,43,27,1,25.02594,121.50651,16
500113008,20231008,116,43,27,1,25.02594,121.50651,16
500113008,20231008,117,43,26,1,25.02594,121.50651,17
500113008,20231008,118,43,26,1,25.02594,121.50651,17
500113008,20231008,119,43,26,1,25.02594,121.50651,17
500113008,20231008,121,43,26,1,25.02594,121.50651,17
500113008,20231008,122,43,26,1,25.02594,121.50651,17
500113008,20231008,123,43,26,1,25.02594,121.50651,17
500113008,20231008,124,43,26,1,25.02594,121.50651,17
500113008,20231008,125,43,26,1,25.02594,121.50651,17
500113008,20231008,126,43,26,1,25.02594,121.50651,17
500113008,20231008,127,43,26,1,25.02594,121.50651,17
500113008,20231008,128,43,26,1,25.02594,121.50651,17
500113008,20231008,129,43,26,1,25.02594,121.50651,17
500113008,20231008,130,43,26,1,25.02594,121.50651,17
500113008,20231008,131,43,26,1,25.02594,121.50651,17
500113008,20231008,132,43,26,1,25.02594,121.50651,17
500113008,20231008,133,43,27,1,25.02594,121.50651,16
500113008,20231008,134,43,27,1,25.02594,121.50651,16
500113008,20231008,135,43,27,1,25.02594,121.50651,16
500113008,20231008,136,43,27,1,25.02594,121.50651,16
500113008,20231008,137,43,27,1,25.02594,121.50651,16
500113008,20231008,138,43,27,1,25.02594,121.50651,16
500113008,20231008,139,43,27,1,25.02594,121.50651,16
500113008,20231008,141,43,27,1,25.02594,121.50651,16
500113008,20231008,142,43,27,1,25.02594,121.50651,16
500113008,20231008,143,43,27,1,25.02594,121.50651,16
500113008,20231008,144,43,27,1,25.02594,121.50651,16
500113008,20231008,145,43,27,1,25.02594,121.50651,16
500113008,20231008,146,43,27,1,25.02594,121.50651,16
500113008,20231008,147,43,27,1,25.02594,121.50651,16
500113008,20231008,148,43,27,1,25.02594,121.50651,16
500113008,20231008,149,43,27,1,25.02594,121.50651,16
500113008,20231008,150,43,27,1,25.02594,121.50651,16
500113008,20231008,151,43,27,1,25.02594,121.50651,16
500113008,20231008,152,43,27,1,25.02594,121.50651,16
500113008,20231008,153,43,27,1,25.02594,121.50651,16
500113008,20231008,154,43,27,1,25.02594,121.50651,16
500113008,20231008,155,43,27,1,25.02594,121.50651,16
500113008,20231008,156,43,26,1,25.02594,121.50651,17
500113008,20231008,157,43,26,1,25.02594,121.50651,17
500113008,20231008,158,43,26,1,25.02594,121.50651,17
500113008,20231008,159,43,26,1,25.02594,121.50651,17
500113008,20231008,160,43,26,1,25.02594,121.50651,17
500113008,20231008,161,43,26,1,25.02594,121.50651,17
500113008,20231008,162,43,26,1,25.02594,121.50651,17
500113008,20231008,163,43,26,1,25.02594,121.50651,17
500113008,20231008,164,43,26,1,25.02594,121.50651,17
500113008,20231008,165,43,26,1,25.02594,121.50651,17
500113008,20231008,166,43,26,1,25.02594,121.50651,17
500113008,20231008,167,43,26,1,25.02594,121.50651,17
500113008,20231008,168,43,26,1,25.02594,121.50651,17
500113008,20231008,169,43,26,1,25.02594,121.50651,17
500113008,20231008,170,43,26,1,25.02594,121.50651,17
500113008,20231008,171,43,26,1,25.02594,121.50651,17
500113008,20231008,172,43,26,1,25.02594,121.50651,17
500113008,20231008,173,43,26,1,25.02594,121.50651,17
500113008,20231008,174,43,26,1,25.02594,121.50651,17
500113008,20231008,175,43,26,1,25.02594,121.50651,17
500113008,20231008,176,43,26,1,25.02594,121.50651,17
500113008,20231008,177,43,26,1,25.02594,121.50651,17
500113008,20231008,178,43,26,1,25.02594,121.50651,17
500113008,20231008,179,43,26,1,25.02594,121.50651,17
500113008,20231008,180,43,26,1,25.02594,121.50651,17
500113008,20231008,182,43,26,1,25.02594,121.50651,17
500113008,20231008,183,43,26,1,25.02594,121.50651,17
500113008,20231008,184,43,26,1,25.02594,121.50651,17
500113008,20231008,185,43,26,1,25.02594,121.50651,17
500113008,20231008,186,43,26,1,25.02594,121.50651,17
500113008,20231008,187,43,26,1,25.02594,121.50651,17
500113008,20231008,188,43,26,1,25.02594,121.50651,17
500113008,20231008,189,43,26,1,25.02594,121.50651,17
500113008,20231008,190,43,26,1,25.02594,121.50651,17
500113008,20231008,191,43,26,1,25.02594,121.50651,17
500113008,20231008,192,43,26,1,25.02594,121.50651,17
500113008,20231008,193,43,26,1,25.02594,121.50651,17
500113008,20231008,194,43,26,1,25.02594,121.50651,17
500113008,20231008,195,43,26,1,25.02594,121.50651,17
500113008,20231008,196,43,26,1,25.02594,121.50651,17
500113008,20231008,197,43,26,1,25.02594,121.50651,17
500113008,20231008,198,43,26,1,25.02594,121.50651,17
500113008,20231008,199,43,26,1,25.02594,121.50651,17
500113008,20231008,201,43,26,1,25.02594,121.50651,17
500113008,20231008,202,43,26,1,25.02594,121.50651,17
500113008,20231008,203,43,26,1,25.02594,121.50651,17
500113008,20231008,204,43,26,1,25.02594,121.50651,17
500113008,20231008,205,43,26,1,25.02594,121.50651,17
500113008,20231008,206,43,26,1,25.02594,121.50651,17
500113008,20231008,207,43,26,1,25.02594,121.50651,17
500113008,20231008,208,43,26,1,25.02594,121.50651,17
500113008,20231008,209,43,26,1,25.02594,121.50651,17
500113008,20231008,210,43,26,1,25.02594,121.50651,17
500113008,20231008,212,43,26,1,25.02594,121.50651,17
500113008,20231008,213,43,26,1,25.02594,121.50651,17
500113008,20231008,214,43,26,1,25.02594,121.50651,17
500113008,20231008,215,43,26,1,25.02594,121.50651,17
500113008,20231008,216,43,26,1,25.02594,121.50651,17
500113008,20231008,217,43,26,1,25.02594,121.50651,17
500113008,20231008,218,43,26,1,25.02594,121.50651,17
500113008,20231008,219,43,26,1,25.02594,121.50651,16
500113008,20231008,220,43,26,1,25.02594,121.50651,16
500113008,20231008,221,43,26,1,25.02594,121.50651,17
500113008,20231008,222,43,26,1,25.02594,121.50651,17
500113008,20231008,223,43,26,1,25.02594,121.50651,17
500113008,20231008,224,43,26,1,25.02594,121.50651,17
500113008,20231008,225,43,26,1,25.02594,121.50651,17
500113008,20231008,226,43,26,1,25.02594,121.50651,17
500113008,20231008,227,43,26,1,25.02594,121.50651,17
500113008,20231008,228,43,26,1,25.02594,121.50651,17
500113008,20231008,229,43,26,1,25.02594,121.50651,17
500113008,20231008,230,43,26,1,25.02594,121.50651,17
500113008,20231008,231,43,26,1,25.02594,121.50651,17
500113008,20231008,232,43,26,1,25.02594,121.50651,17
500113008,20231008,233,43,26,1,25.02594,121.50651,17
500113008,20231008,234,43,26,1,25.02594,121.50651,17
500113008,20231008,235,43,26,1,25.02594,121.50651,17
500113008,20231008,236,43,26,1,25.02594,121.50651,17
500113008,20231008,237,43,26,1,25.02594,121.50651,17
500113008,20231008,238,43,26,1,25.02594,121.50651,17
500113008,20231008,239,43,26,1,25.02594,121.50651,17
500113008,20231008,240,43,26,1,25.02594,121.50651,17
500113008,20231008,241,43,26,1,25.02594,121.50651,17
500113008,20231008,242,43,26,1,25.02594,121.50651,17
500113008,20231008,243,43,26,1,25.02594,121.50651,17
500113008,20231008,244,43,26,1,25.02594,121.50651,17
500113008,20231008,245,43,26,1,25.02594,121.50651,17
500113008,20231008,246,43,26,1,25.02594,121.50651,17
500113008,20231008,247,43,26,1,25.02594,121.50651,17
500113008,20231008,248,43,26,1,25.02594,121.50651,17
500113008,20231008,249,43,26,1,25.02594,121.50651,17
500113008,20231008,250,43,26,1,25.02594,121.50651,17
500113008,20231008,251,43,26,1,25.02594,121.50651,17
500113008,20231008,252,43,26,1,25.02594,121.50651,17
500113008,20231008,253,43,26,1,25.02594,121.50651,17
500113008,20231008,254,43,26,1,25.02594,121.50651,17
500113008,20231008,255,43,26,1,25.02594,121.50651,17
500113008,20231008,256,43,26,1,25.02594,121.50651,17
500113008,20231008,257,43,26,1,25.02594,121.50651,17
500113008,20231008,258,43,26,1,25.02594,121.50651,17
500113008,20231008,259,43,26,1,25.02594,121.50651,17
500113008,20231008,261,43,26,1,25.02594,121.50651,17
500113008,20231008,262,43,26,1,25.02594,121.50651,17
500113008,20231008,263,43,26,1,25.02594,121.50651,17
500113008,20231008,264,43,26,1,25.02594,121.50651,17
500113008,20231008,265,43,26,1,25.02594,121.50651,17
500113008,20231008,266,43,26,1,25.02594,121.50651,17
500113008,20231008,267,43,26,1,25.02594,121.50651,17
500113008,20231008,268,43,26,1,25.02594,121.50651,17
500113008,20231008,269,43,26,1,25.02594,121.50651,17
500113008,20231008,270,43,26,1,25.02594,121.50651,17
500113008,20231008,271,43,26,1,25.02594,121.50651,17
500113008,20231008,272,43,26,1,25.02594,121.50651,17
500113008,20231008,273,43,26,1,25.02594,121.50651,17
500113008,20231008,274,43,26,1,25.02594,121.50651,17
500113008,20231008,275,43,26,1,25.02594,121.50651,17
500113008,20231008,276,43,26,1,25.02594,121.50651,17
500113008,20231008,277,43,26,1,25.02594,121.50651,17
500113008,20231008,278,43,26,1,25.02594,121.50651,17
500113008,20231008,279,43,26,1,25.02594,121.50651,17
500113008,20231008,280,43,26,1,25.02594,121.50651,17
500113008,20231008,281,43,26,1,25.02594,121.50651,17
500113008,20231008,282,43,26,1,25.02594,121.50651,17
500113008,20231008,283,43,26,1,25.02594,121.50651,17
500113008,20231008,284,43,26,1,25.02594,121.50651,17
500113008,20231008,285,43,26,1,25.02594,121.50651,17
500113008,20231008,286,43,26,1,25.02594,121.50651,17
500113008,20231008,287,43,26,1,25.02594,121.50651,17
500113008,20231008,288,43,26,1,25.02594,121.50651,17
500113008,20231008,289,43,26,1,25.02594,121.50651,17
500113008,20231008,290,43,26,1,25.02594,121.50651,17
500113008,20231008,291,43,26,1,25.02594,121.50651,17
500113008,20231008,292,43,26,1,25.02594,121.50651,17
500113008,20231008,293,43,26,1,25.02594,121.50651,17
500113008,20231008,294,43,26,1,25.02594,121.50651,17
500113008,20231008,295,43,26,1,25.02594,121.50651,17
500113008,20231008,296,43,26,1,25.02594,121.50651,17
500113008,20231008,297,43,26,1,25.02594,121.50651,17
500113008,20231008,298,43,26,1,25.02594,121.50651,17
500113008,20231008,299,43,26,1,25.02594,121.50651,17
500113008,20231008,300,43,26,1,25.02594,121.50651,17
500113008,20231008,301,43,26,1,25.02594,121.50651,17
500113008,20231008,302,43,26,1,25.02594,121.50651,17
500113008,20231008,303,43,26,1,25.02594,121.50651,17
500113008,20231008,304,43,26,1,25.02594,121.50651,17
500113008,20231008,305,43,26,1,25.02594,121.50651,17
500113008,20231008,306,43,26,1,25.02594,121.50651,17
500113008,20231008,307,43,26,1,25.02594,121.50651,17
500113008,20231008,308,43,26,1,25.02594,121.50651,17
500113008,20231008,309,43,26,1,25.02594,121.50651,17
500113008,20231008,310,43,26,1,25.02594,121.50651,17
500113008,20231008,311,43,26,1,25.02594,121.50651,17
500113008,20231008,312,43,26,1,25.02594,121.50651,17
500113008,20231008,313,43,26,1,25.02594,121.50651,17
500113008,20231008,314,43,26,1,25.02594,121.50651,17
500113008,20231008,315,43,26,1,25.02594,121.50651,17
500113008,20231008,316,43,26,1,25.02594,121.50651,17
500113008,20231008,317,43,26,1,25.02594,121.50651,17
500113008,20231008,318,43,26,1,25.02594,121.50651,17
500113008,20231008,319,43,26,1,25.02594,121.50651,17
500113008,20231008,321,43,27,1,25.02594,121.50651,16
500113008,20231008,322,43,27,1,25.02594,121.50651,16
500113008,20231008,323,43,26,1,25.02594,121.50651,17
500113008,20231008,324,43,26,1,25.02594,121.50651,17
500113008,20231008,325,43,26,1,25.02594,121.50651,17
500113008,20231008,326,43,26,1,25.02594,121.50651,17
500113008,20231008,327,43,26,1,25.02594,121.50651,17
500113008,20231008,328,43,26,1,25.02594,121.50651,17
500113008,20231008,329,43,26,1,25.02594,121.50651,17
500113008,20231008,330,43,26,1,25.02594,121.50651,17
500113008,20231008,331,43,26,1,25.02594,121.50651,17
500113008,20231008,332,43,26,1,25.02594,121.50651,17
500113008,20231008,333,43,26,1,25.02594,121.50651,17
500113008,20231008,334,43,26,1,25.02594,121.50651,17
500113008,20231008,335,43,26,1,25.02594,121.50651,17
500113008,20231008,336,43,26,1,25.02594,121.50651,17
500113008,20231008,337,43,26,1,25.02594,121.50651,17
500113008,20231008,338,43,26,1,25.02594,121.50651,17
500113008,20231008,339,43,26,1,25.02594,121.50651,17
500113008,20231008,340,43,26,1,25.02594,121.50651,17
500113008,20231008,341,43,26,1,25.02594,121.50651,17
500113008,20231008,342,43,26,1,25.02594,121.50651,17
500113008,20231008,343,43,25,1,25.02594,121.50651,18
500113008,20231008,344,43,25,1,25.02594,121.50651,18
500113008,20231008,345,43,25,1,25.02594,121.50651,18
500113008,20231008,346,43,25,1,25.02594,121.50651,18
500113008,20231008,347,43,25,1,25.02594,121.50651,18
500113008,20231008,348,43,25,1,25.02594,121.50651,18
500113008,20231008,349,43,25,1,25.02594,121.50651,18
500113008,20231008,350,43,25,1,25.02594,121.50651,18
500113008,20231008,351,43,25,1,25.02594,121.50651,18
500113008,20231008,352,43,25,1,25.02594,121.50651,18
500113008,20231008,353,43,25,1,25.02594,121.50651,18
500113008,20231008,354,43,25,1,25.02594,121.50651,18
500113008,20231008,355,43,25,1,25.02594,121.50651,18
500113008,20231008,356,43,25,1,25.02594,121.50651,18
500113008,20231008,357,43,25,1,25.02594,121.50651,18
500113008,20231008,358,43,25,1,25.02594,121.50651,18
500113008,20231008,359,43,25,1,25.02594,121.50651,18
500113008,20231008,360,43,25,1,25.02594,121.50651,18
500113008,20231008,361,43,25,1,25.02594,121.50651,18
500113008,20231008,362,43,26,1,25.02594,121.50651,17
500113008,20231008,363,43,26,1,25.02594,121.50651,17
500113008,20231008,364,43,26,1,25.02594,121.50651,17
500113008,20231008,365,43,26,1,25.02594,121.50651,17
500113008,20231008,366,43,26,1,25.02594,121.50651,17
500113008,20231008,367,43,26,1,25.02594,121.50651,17
500113008,20231008,368,43,26,1,25.02594,121.50651,17
500113008,20231008,369,43,26,1,25.02594,121.50651,17
500113008,20231008,370,43,26,1,25.02594,121.50651,17
500113008,20231008,371,43,26,1,25.02594,121.50651,17
500113008,20231008,372,43,26,1,25.02594,121.50651,17
500113008,20231008,373,43,26,1,25.02594,121.50651,17
500113008,20231008,374,43,26,1,25.02594,121.50651,17
500113008,20231008,375,43,26,1,25.02594,121.50651,17
500113008,20231008,376,43,26,1,25.02594,121.50651,17
500113008,20231008,377,43,26,1,25.02594,121.50651,17
500113008,20231008,378,43,26,1,25.02594,121.50651,17
500113008,20231008,379,43,26,1,25.02594,121.50651,17
500113008,20231008,381,43,26,1,25.02594,121.50651,17
500113008,20231008,382,43,26,1,25.02594,121.50651,17
500113008,20231008,383,43,26,1,25.02594,121.50651,17
500113008,20231008,384,43,26,1,25.02594,121.50651,17
500113008,20231008,385,43,26,1,25.02594,121.50651,17
500113008,20231008,386,43,26,1,25.02594,121.50651,17
500113008,20231008,387,43,26,1,25.02594,121.50651,17
500113008,20231008,388,43,26,1,25.02594,121.50651,17
500113008,20231008,389,43,26,1,25.02594,121.50651,17
500113008,20231008,390,43,26,1,25.02594,121.50651,17
500113008,20231008,391,43,26,1,25.02594,121.50651,17
500113008,20231008,392,43,26,1,25.02594,121.50651,17
500113008,20231008,393,43,26,1,25.02594,121.50651,17
500113008,20231008,394,43,26,1,25.02594,121.50651,17
500113008,20231008,395,43,26,1,25.02594,121.50651,17
500113008,20231008,396,43,26,1,25.02594,121.50651,17
500113008,20231008,397,43,27,1,25.02594,121.50651,16
500113008,20231008,398,43,26,1,25.02594,121.50651,17
500113008,20231008,399,43,26,1,25.02594,121.50651,17
500113008,20231008,400,43,26,1,25.02594,121.50651,17
500113008,20231008,401,43,27,1,25.02594,121.50651,16
500113008,20231008,402,43,27,1,25.02594,121.50651,16
500113008,20231008,403,43,27,1,25.02594,121.50651,16
500113008,20231008,404,43,27,1,25.02594,121.50651,16
500113008,20231008,405,43,27,1,25.02594,121.50651,16
500113008,20231008,406,43,27,1,25.02594,121.50651,16
500113008,20231008,407,43,27,1,25.02594,121.50651,16
500113008,20231008,408,43,27,1,25.02594,121.50651,16
500113008,20231008,409,43,27,1,25.02594,121.50651,16
500113008,20231008,410,43,27,1,25.02594,121.50651,16
500113008,20231008,411,43,27,1,25.02594,121.50651,16
500113008,20231008,412,43,27,1,25.02594,121.50651,16
500113008,20231008,413,43,27,1,25.02594,121.50651,16
500113008,20231008,414,43,28,1,25.02594,121.50651,15
500113008,20231008,415,43,28,1,25.02594,121.50651,15
500113008,20231008,416,43,28,1,25.02594,121.50651,15
500113008,20231008,417,43,27,1,25.02594,121.50651,16
500113008,20231008,418,43,26,1,25.02594,121.50651,17
500113008,20231008,419,43,26,1,25.02594,121.50651,17
500113008,20231008,420,43,26,1,25.02594,121.50651,17
500113008,20231008,421,43,26,1,25.02594,121.50651,17
500113008,20231008,422,43,26,1,25.02594,121.50651,17
500113008,20231008,423,43,26,1,25.02594,121.50651,17
500113008,20231008,424,43,26,1,25.02594,121.50651,17
500113008,20231008,425,43,26,1,25.02594,121.50651,17
500113008,20231008,426,43,26,1,25.02594,121.50651,17
500113008,20231008,427,43,26,1,25.02594,121.50651,17
500113008,20231008,428,43,26,1,25.02594,121.50651,17
500113008,20231008,429,43,26,1,25.02594,121.50651,17
500113008,20231008,430,43,26,1,25.02594,121.50651,17
500113008,20231008,431,43,25,1,25.02594,121.50651,18
500113008,20231008,432,43,26,1,25.02594,121.50651,17
500113008,20231008,433,43,26,1,25.02594,121.50651,17
500113008,20231008,434,43,26,1,25.02594,121.50651,17
500113008,20231008,435,43,26,1,25.02594,121.50651,17
500113008,20231008,436,43,26,1,25.02594,121.50651,17
500113008,20231008,437,43,26,1,25.02594,121.50651,17
500113008,20231008,438,43,26,1,25.02594,121.50651,17
500113008,20231008,439,43,26,1,25.02594,121.50651,17
500113008,20231008,441,43,26,1,25.02594,121.50651,17
500113008,20231008,442,43,26,1,25.02594,121.50651,17
500113008,20231008,443,43,26,1,25.02594,121.50651,17
500113008,20231008,444,43,26,1,25.02594,121.50651,17
500113008,20231008,445,43,26,1,25.02594,121.50651,17
500113008,20231008,446,43,26,1,25.02594,121.50651,17
500113008,20231008,447,43,25,1,25.02594,121.50651,18
500113008,20231008,448,43,25,1,25.02594,121.50651,18
500113008,20231008,449,43,25,1,25.02594,121.50651,18
500113008,20231008,450,43,25,1,25.02594,121.50651,18
500113008,20231008,451,43,25,1,25.02594,121.50651,18
500113008,20231008,452,43,25,1,25.02594,121.50651,18
500113008,20231008,453,43,25,1,25.02594,121.50651,18
500113008,20231008,454,43,25,1,25.02594,121.50651,18
500113008,20231008,455,43,25,1,25.02594,121.50651,18
500113008,20231008,456,43,25,1,25.02594,121.50651,18
500113008,20231008,457,43,25,1,25.02594,121.50651,18
500113008,20231008,458,43,25,1,25.02594,121.50651,18
500113008,20231008,459,43,25,1,25.02594,121.50651,18
500113008,20231008,460,43,25,1,25.02594,121.50651,18
500113008,20231008,461,43,25,1,25.02594,121.50651,18
500113008,20231008,462,43,25,1,25.02594,121.50651,18
500113008,20231008,463,43,25,1,25.02594,121.50651,18
500113008,20231008,464,43,25,1,25.02594,121.50651,18
500113008,20231008,465,43,25,1,25.02594,121.50651,18
500113008,20231008,466,43,25,1,25.02594,121.50651,18
500113008,20231008,467,43,25,1,25.02594,121.50651,18
500113008,20231008,468,43,25,1,25.02594,121.50651,18
500113008,20231008,469,43,24,1,25.02594,121.50651,19
500113008,20231008,470,43,24,1,25.02594,121.50651,19
500113008,20231008,471,43,24,1,25.02594,121.50651,19
500113008,20231008,472,43,24,1,25.02594,121.50651,19
500113008,20231008,473,43,24,1,25.02594,121.50651,19
500113008,20231008,474,43,24,1,25.02594,121.50651,19
500113008,20231008,475,43,24,1,25.02594,121.50651,19
500113008,20231008,476,43,24,1,25.02594,121.50651,19
500113008,20231008,477,43,23,1,25.02594,121.50651,20
500113008,20231008,478,43,23,1,25.02594,121.50651,20
500113008,20231008,479,43,22,1,25.02594,121.50651,21
500113008,20231008,481,43,22,1,25.02594,121.50651,21
500113008,20231008,482,43,22,1,25.02594,121.50651,21
500113008,20231008,483,43,21,1,25.02594,121.50651,22
500113008,20231008,484,43,21,1,25.02594,121.50651,22
500113008,20231008,486,43,20,1,25.02594,121.50651,23
500113008,20231008,487,43,20,1,25.02594,121.50651,23
500113008,20231008,488,43,19,1,25.02594,121.50651,24
500113008,20231008,489,43,19,1,25.02594,121.50651,24
500113008,20231008,490,43,19,1,25.02594,121.50651,24
500113008,20231008,491,43,19,1,25.02594,121.50651,24
500113008,20231008,492,43,19,1,25.02594,121.50651,24
500113008,20231008,493,43,19,1,25.02594,121.50651,24
500113008,20231008,494,43,19,1,25.02594,121.50651,24
500113008,20231008,495,43,19,1,25.02594,121.50651,24
500113008,20231008,496,43,19,1,25.02594,121.50651,24
500113008,20231008,497,43,19,1,25.02594,121.50651,24
500113008,20231008,498,43,21,1,25.02594,121.50651,22
500113008,20231008,499,43,21,1,25.02594,121.50651,22
500113008,20231008,501,43,20,1,25.02594,121.50651,23
500113008,20231008,502,43,20,1,25.02594,121.50651,23
500113008,20231008,503,43,20,1,25.02594,121.50651,23
500113008,20231008,504,43,21,1,25.02594,121.50651,22
500113008,20231008,505,43,20,1,25.02594,121.50651,23
500113008,20231008,506,43,20,1,25.02594,121.50651,23
500113008,20231008,507,43,20,1,25.02594,121.50651,23
500113008,20231008,508,43,20,1,25.02594,121.50651,23
500113008,20231008,509,43,20,1,25.02594,121.50651,23
500113008,20231008,510,43,20,1,25.02594,121.50651,23
500113008,20231008,511,43,20,1,25.02594,121.50651,23
500113008,20231008,512,43,21,1,25.02594,121.50651,22
500113008,20231008,513,43,19,1,25.02594,121.50651,24
500113008,20231008,514,43,19,1,25.02594,121.50651,24
500113008,20231008,515,43,19,1,25.02594,121.50651,24
500113008,20231008,516,43,20,1,25.02594,121.50651,23
500113008,20231008,517,43,20,1,25.02594,121.50651,23
500113008,20231008,518,43,19,1,25.02594,121.50651,24
500113008,20231008,519,43,20,1,25.02594,121.50651,23
500113008,20231008,520,43,20,1,25.02594,121.50651,23
500113008,20231008,521,43,19,1,25.02594,121.50651,24
500113008,20231008,522,43,18,1,25.02594,121.50651,25
500113008,20231008,523,43,19,1,25.02594,121.50651,24
500113008,20231008,524,43,18,1,25.02594,121.50651,25
500113008,20231008,525,43,19,1,25.02594,121.50651,24
500113008,20231008,526,43,19,1,25.02594,121.50651,24
500113008,20231008,527,43,20,1,25.02594,121.50651,23
500113008,20231008,528,43,20,1,25.02594,121.50651,23
500113008,20231008,529,43,21,1,25.02594,121.50651,22
500113008,20231008,530,43,21,1,25.02594,121.50651,22
500113008,20231008,531,43,22,1,25.02594,121.50651,21
500113008,20231008,532,43,22,1,25.02594,121.50651,21
500113008,20231008,533,43,22,1,25.02594,121.50651,21
500113008,20231008,534,43,22,1,25.02594,121.50651,21
500113008,20231008,535,43,22,1,25.02594,121.50651,21
500113008,20231008,536,43,21,1,25.02594,121.50651,22
500113008,20231008,537,43,22,1,25.02594,121.50651,21
500113008,20231008,538,43,22,1,25.02594,121.50651,21
500113008,20231008,539,43,22,1,25.02594,121.50651,21
500113008,20231008,541,43,22,1,25.02594,121.50651,21
500113008,20231008,542,43,21,1,25.02594,121.50651,22
500113008,20231008,543,43,22,1,25.02594,121.50651,21
500113008,20231008,544,43,23,1,25.02594,121.50651,20
500113008,20231008,545,43,22,1,25.02594,121.50651,21
500113008,20231008,546,43,22,1,25.02594,121.50651,21
500113008,20231008,547,43,22,1,25.02594,121.50651,21
500113008,20231008,548,43,22,1,25.02594,121.50651,21
500113008,20231008,549,43,23,1,25.02594,121.50651,20
500113008,20231008,550,43,23,1,25.02594,121.50651,20
500113008,20231008,551,43,24,1,25.02594,121.50651,19
500113008,20231008,552,43,24,1,25.02594,121.50651,19
500113008,20231008,553,43,24,1,25.02594,121.50651,19
500113008,20231008,554,43,24,1,25.02594,121.50651,19
500113008,20231008,555,43,24,1,25.02594,121.50651,19
500113008,20231008,556,43,24,1,25.02594,121.50651,19
500113008,20231008,557,43,24,1,25.02594,121.50651,19
500113008,20231008,558,43,24,1,25.02594,121.50651,19
500113008,20231008,559,43,24,1,25.02594,121.50651,19
500113008,20231008,561,43,25,1,25.02594,121.50651,18
500113008,20231008,562,43,25,1,25.02594,121.50651,18
500113008,20231008,563,43,25,1,25.02594,121.50651,18
500113008,20231008,564,43,25,1,25.02594,121.50651,18
500113008,20231008,565,43,26,1,25.02594,121.50651,17
500113008,20231008,566,43,26,1,25.02594,121.50651,17
500113008,20231008,567,43,27,1,25.02594,121.50651,16
500113008,20231008,568,43,27,1,25.02594,121.50651,16
500113008,20231008,569,43,27,1,25.02594,121.50651,16
500113008,20231008,571,43,28,1,25.02594,121.50651,15
500113008,20231008,572,43,28,1,25.02594,121.50651,15
500113008,20231008,573,43,28,1,25.02594,121.50651,15
500113008,20231008,574,43,28,1,25.02594,121.50651,15
500113008,20231008,575,43,28,1,25.02594,121.50651,15
500113008,20231008,576,43,29,1,25.02594,121.50651,14
500113008,20231008,577,43,29,1,25.02594,121.50651,14
500113008,20231008,578,43,30,1,25.02594,121.50651,13
500113008,20231008,579,43,30,1,25.02594,121.50651,13
500113008,20231008,580,43,29,1,25.02594,121.50651,14
500113008,20231008,581,43,29,1,25.02594,121.50651,14
500113008,20231008,582,43,28,1,25.02594,121.50651,15
500113008,20231008,583,43,28,1,25.02594,121.50651,15
500113008,20231008,584,43,28,1,25.02594,121.50651,15
500113008,20231008,585,43,28,1,25.02594,121.50651,15
500113008,20231008,586,43,29,1,25.02594,121.50651,14
500113008,20231008,587,43,29,1,25.02594,121.50651,14
500113008,20231008,588,43,29,1,25.02594,121.50651,14
500113008,20231008,589,43,29,1,25.02594,121.50651,14
500113008,20231008,590,43,30,1,25.02594,121.50651,13
500113008,20231008,591,43,30,1,25.02594,121.50651,13
500113008,20231008,592,43,30,1,25.02594,121.50651,13
500113008,20231008,593,43,27,1,25.02594,121.50651,16
500113008,20231008,594,43,27,1,25.02594,121.50651,16
500113008,20231008,595,43,27,1,25.02594,121.50651,16
500113008,20231008,596,43,26,1,25.02594,121.50651,17
500113008,20231008,597,43,28,1,25.02594,121.50651,15
500113008,20231008,598,43,27,1,25.02594,121.50651,16
500113008,20231008,599,43,27,1,25.02594,121.50651,16
500113008,20231008,601,43,27,1,25.02594,121.50651,16
500113008,20231008,602,43,27,1,25.02594,121.50651,16
500113008,20231008,603,43,27,1,25.02594,121.50651,16
500113008,20231008,604,43,27,1,25.02594,121.50651,16
500113008,20231008,605,43,27,1,25.02594,121.50651,16
500113008,20231008,606,43,27,1,25.02594,121.50651,16
500113008,20231008,607,43,27,1,25.02594,121.50651,16
500113008,20231008,608,43,27,1,25.02594,121.50651,16
500113008,20231008,609,43,27,1,25.02594,121.50651,16
500113008,20231008,610,43,27,1,25.02594,121.50651,16
500113008,20231008,611,43,27,1,25.02594,121.50651,16
500113008,20231008,612,43,27,1,25.02594,121.50651,16
500113008,20231008,613,43,27,1,25.02594,121.50651,16
500113008,20231008,614,43,27,1,25.02594,121.50651,16
500113008,20231008,615,43,28,1,25.02594,121.50651,15
500113008,20231008,616,43,28,1,25.02594,121.50651,15
500113008,20231008,617,43,28,1,25.02594,121.50651,15
500113008,20231008,618,43,28,1,25.02594,121.50651,15
500113008,20231008,619,43,28,1,25.02594,121.50651,15
500113008,20231008,621,43,28,1,25.02594,121.50651,15
500113008,20231008,622,43,28,1,25.02594,121.50651,15
500113008,20231008,623,43,28,1,25.02594,121.50651,15
500113008,20231008,624,43,29,1,25.02594,121.50651,14
500113008,20231008,625,43,29,1,25.02594,121.50651,14
500113008,20231008,626,43,29,1,25.02594,121.50651,14
500113008,20231008,627,43,29,1,25.02594,121.50651,14
500113008,20231008,628,43,29,1,25.02594,121.50651,14
500113008,20231008,629,43,29,1,25.02594,121.50651,14
500113008,20231008,631,43,29,1,25.02594,121.50651,14
500113008,20231008,632,43,29,1,25.02594,121.50651,14
500113008,20231008,633,43,29,1,25.02594,121.50651,14
500113008,20231008,634,43,28,1,25.02594,121.50651,15
500113008,20231008,635,43,28,1,25.02594,121.50651,15
500113008,20231008,636,43,28,1,25.02594,121.50651,15
500113008,20231008,637,43,28,1,25.02594,121.50651,15
500113008,20231008,638,43,28,1,25.02594,121.50651,15
500113008,20231008,639,43,28,1,25.02594,121.50651,15
500113008,20231008,640,43,28,1,25.02594,121.50651,15
500113008,20231008,641,43,28,1,25.02594,121.50651,15
500113008,20231008,642,43,29,1,25.02594,121.50651,14
500113008,20231008,643,43,29,1,25.02594,121.50651,14
500113008,20231008,644,43,30,1,25.02594,121.50651,13
500113008,20231008,645,43,31,1,25.02594,121.50651,12
500113008,20231008,646,43,31,1,25.02594,121.50651,12
500113008,20231008,647,43,31,1,25.02594,121.50651,12
500113008,20231008,648,43,31,1,25.02594,121.50651,12
500113008,20231008,649,43,31,1,25.02594,121.50651,12
500113008,20231008,650,43,32,1,25.02594,121.50651,11
500113008,20231008,651,43,32,1,25.02594,121.50651,11
500113008,20231008,652,43,32,1,25.02594,121.50651,11
500113008,20231008,653,43,36,1,25.02594,121.50651,7
500113008,20231008,654,43,37,1,25.02594,121.50651,6
500113008,20231008,655,43,37,1,25.02594,121.50651,6
500113008,20231008,656,43,37,1,25.02594,121.50651,6
500113008,20231008,657,43,37,1,25.02594,121.50651,6
500113008,20231008,658,43,36,1,25.02594,121.50651,7
500113008,20231008,659,43,36,1,25.02594,121.50651,7
500113008,20231008,661,43,36,1,25.02594,121.50651,7
500113008,20231008,662,43,36,1,25.02594,121.50651,7
500113008,20231008,663,43,36,1,25.02594,121.50651,7
500113008,20231008,664,43,36,1,25.02594,121.50651,7
500113008,20231008,665,43,35,1,25.02594,121.50651,8
500113008,20231008,666,43,35,1,25.02594,121.50651,8
500113008,20231008,667,43,35,1,25.02594,121.50651,8
500113008,20231008,668,43,36,1,25.02594,121.50651,7
500113008,20231008,669,43,36,1,25.02594,121.50651,7
500113008,20231008,670,43,36,1,25.02594,121.50651,7
500113008,20231008,671,43,36,1,25.02594,121.50651,7
500113008,20231008,672,43,36,1,25.02594,121.50651,7
500113008,20231008,673,43,37,1,25.02594,121.50651,6
500113008,20231008,674,43,37,1,25.02594,121.50651,6
500113008,20231008,675,43,37,1,25.02594,121.50651,6
500113008,20231008,676,43,37,1,25.02594,121.50651,6
500113008,20231008,677,43,37,1,25.02594,121.50651,6
500113008,20231008,678,43,37,1,25.02594,121.50651,6
500113008,20231008,679,43,38,1,25.02594,121.50651,5
500113008,20231008,681,43,38,1,25.02594,121.50651,5
500113008,20231008,682,43,37,1,25.02594,121.50651,6
500113008,20231008,683,43,37,1,25.02594,121.50651,6
500113008,20231008,684,43,38,1,25.02594,121.50651,5
500113008,20231008,685,43,38,1,25.02594,121.50651,5
500113008,20231008,686,43,38,1,25.02594,121.50651,5
500113008,20231008,687,43,38,1,25.02594,121.50651,5
500113008,20231008,688,43,38,1,25.02594,121.50651,5
500113008,20231008,689,43,38,1,25.02594,121.50651,5
500113008,20231008,691,43,37,1,25.02594,121.50651,6
500113008,20231008,692,43,37,1,25.02594,121.50651,6
500113008,20231008,693,43,37,1,25.02594,121.50651,6
500113008,20231008,694,43,37,1,25.02594,121.50651,6
500113008,20231008,695,43,37,1,25.02594,121.50651,6
500113008,20231008,696,43,37,1,25.02594,121.50651,6
500113008,20231008,697,43,37,1,25.02594,121.50651,6
500113008,20231008,698,43,37,1,25.02594,121.50651,6
500113008,20231008,699,43,37,1,25.02594,121.50651,6
500113008,20231008,700,43,37,1,25.02594,121.50651,6
500113008,20231008,701,43,37,1,25.02594,121.50651,6
500113008,20231008,702,43,37,1,25.02594,121.50651,6
500113008,20231008,703,43,37,1,25.02594,121.50651,6
500113008,20231008,704,43,37,1,25.02594,121.50651,6
500113008,20231008,705,43,35,1,25.02594,121.50651,8
500113008,20231008,706,43,35,1,25.02594,121.50651,8
500113008,20231008,707,43,35,1,25.02594,121.50651,8
500113008,20231008,708,43,35,1,25.02594,121.50651,8
500113008,20231008,709,43,35,1,25.02594,121.50651,8
500113008,20231008,710,43,36,1,25.02594,121.50651,7
500113008,20231008,711,43,36,1,25.02594,121.50651,7
500113008,20231008,712,43,36,1,25.02594,121.50651,7
500113008,20231008,713,43,36,1,25.02594,121.50651,7
500113008,20231008,714,43,36,1,25.02594,121.50651,7
500113008,20231008,715,43,36,1,25.02594,121.50651,7
500113008,20231008,716,43,33,1,25.02594,121.50651,10
500113008,20231008,717,43,33,1,25.02594,121.50651,10
500113008,20231008,718,43,33,1,25.02594,121.50651,10
500113008,20231008,719,43,33,1,25.02594,121.50651,10
500113008,20231008,721,43,32,1,25.02594,121.50651,11
500113008,20231008,722,43,31,1,25.02594,121.50651,12
500113008,20231008,723,43,31,1,25.02594,121.50651,12
500113008,20231008,724,43,30,1,25.02594,121.50651,13
500113008,20231008,725,43,28,1,25.02594,121.50651,15
500113008,20231008,726,43,28,1,25.02594,121.50651,15
500113008,20231008,727,43,28,1,25.02594,121.50651,15
500113008,20231008,728,43,28,1,25.02594,121.50651,15
500113008,20231008,729,43,28,1,25.02594,121.50651,15
500113008,20231008,730,43,28,1,25.02594,121.50651,15
500113008,20231008,731,43,29,1,25.02594,121.50651,14
500113008,20231008,732,43,29,1,25.02594,121.50651,14
500113008,20231008,733,43,29,1,25.02594,121.50651,14
500113008,20231008,734,43,29,1,25.02594,121.50651,14
500113008,20231008,735,43,29,1,25.02594,121.50651,14
500113008,20231008,736,43,29,1,25.02594,121.50651,14
500113008,20231008,737,43,29,1,25.02594,121.50651,14
500113008,20231008,738,43,29,1,25.02594,121.50651,14
500113008,20231008,739,43,29,1,25.02594,121.50651,14
500113008,20231008,741,43,29,1,25.02594,121.50651,14
500113008,20231008,742,43,29,1,25.02594,121.50651,14
500113008,20231008,743,43,29,1,25.02594,121.50651,14
500113008,20231008,744,43,29,1,25.02594,121.50651,14
500113008,20231008,745,43,31,1,25.02594,121.50651,12
500113008,20231008,746,43,31,1,25.02594,121.50651,12
500113008,20231008,747,43,31,1,25.02594,121.50651,12
500113008,20231008,748,43,31,1,25.02594,121.50651,12
500113008,20231008,749,43,31,1,25.02594,121.50651,12
500113008,20231008,751,43,31,1,25.02594,121.50651,12
500113008,20231008,752,43,30,1,25.02594,121.50651,13
500113008,20231008,754,43,31,1,25.02594,121.50651,12
500113008,20231008,755,43,31,1,25.02594,121.50651,12
500113008,20231008,756,43,31,1,25.02594,121.50651,12
500113008,20231008,757,43,31,1,25.02594,121.50651,12
500113008,20231008,758,43,32,1,25.02594,121.50651,11
500113008,20231008,759,43,31,1,25.02594,121.50651,12
500113008,20231008,760,43,28,1,25.02594,121.50651,15
500113008,20231008,761,43,28,1,25.02594,121.50651,15
500113008,20231008,762,43,28,1,25.02594,121.50651,15
500113008,20231008,763,43,28,1,25.02594,121.50651,15
500113008,20231008,764,43,28,1,25.02594,121.50651,15
500113008,20231008,765,43,28,1,25.02594,121.50651,15
500113008,20231008,766,43,29,1,25.02594,121.50651,14
500113008,20231008,767,43,31,1,25.02594,121.50651,12
500113008,20231008,768,43,31,1,25.02594,121.50651,12
500113008,20231008,769,43,32,1,25.02594,121.50651,11
500113008,20231008,770,43,32,1,25.02594,121.50651,11
500113008,20231008,771,43,32,1,25.02594,121.50651,11
500113008,20231008,772,43,33,1,25.02594,121.50651,10
500113008,20231008,773,43,33,1,25.02594,121.50651,10
500113008,20231008,774,43,33,1,25.02594,121.50651,10
500113008,20231008,775,43,33,1,25.02594,121.50651,10
500113008,20231008,776,43,33,1,25.02594,121.50651,10
500113008,20231008,777,43,32,1,25.02594,121.50651,11
500113008,20231008,778,43,33,1,25.02594,121.50651,10
500113008,20231008,779,43,33,1,25.02594,121.50651,10
500113008,20231008,781,43,31,1,25.02594,121.50651,12
500113008,20231008,782,43,31,1,25.02594,121.50651,12
500113008,20231008,783,43,31,1,25.02594,121.50651,12
500113008,20231008,784,43,31,1,25.02594,121.50651,12
500113008,20231008,785,43,31,1,25.02594,121.50651,12
500113008,20231008,786,43,31,1,25.02594,121.50651,12
500113008,20231008,787,43,29,1,25.02594,121.50651,14
500113008,20231008,788,43,29,1,25.02594,121.50651,14
500113008,20231008,789,43,29,1,25.02594,121.50651,14
500113008,20231008,790,43,30,1,25.02594,121.50651,13
500113008,20231008,791,43,30,1,25.02594,121.50651,13
500113008,20231008,792,43,30,1,25.02594,121.50651,13
500113008,20231008,793,43,30,1,25.02594,121.50651,13
500113008,20231008,794,43,30,1,25.02594,121.50651,13
500113008,20231008,795,43,30,1,25.02594,121.50651,13
500113008,20231008,796,43,30,1,25.02594,121.50651,13
500113008,20231008,797,43,30,1,25.02594,121.50651,13
500113008,20231008,798,43,30,1,25.02594,121.50651,13
500113008,20231008,799,43,30,1,25.02594,121.50651,13
500113008,20231008,801,43,31,1,25.02594,121.50651,12
500113008,20231008,802,43,31,1,25.02594,121.50651,12
500113008,20231008,803,43,31,1,25.02594,121.50651,12
500113008,20231008,804,43,30,1,25.02594,121.50651,13
500113008,20231008,805,43,30,1,25.02594,121.50651,13
500113008,20231008,806,43,30,1,25.02594,121.50651,13
500113008,20231008,807,43,30,1,25.02594,121.50651,13
500113008,20231008,808,43,30,1,25.02594,121.50651,13
500113008,20231008,809,43,30,1,25.02594,121.50651,13
500113008,20231008,811,43,29,1,25.02594,121.50651,14
500113008,20231008,812,43,29,1,25.02594,121.50651,14
500113008,20231008,813,43,29,1,25.02594,121.50651,14
500113008,20231008,814,43,29,1,25.02594,121.50651,14
500113008,20231008,815,43,29,1,25.02594,121.50651,14
500113008,20231008,816,43,29,1,25.02594,121.50651,14
500113008,20231008,817,43,29,1,25.02594,121.50651,14
500113008,20231008,818,43,28,1,25.02594,121.50651,15
500113008,20231008,819,43,28,1,25.02594,121.50651,15
500113008,20231008,820,43,28,1,25.02594,121.50651,15
500113008,20231008,821,43,28,1,25.02594,121.50651,15
500113008,20231008,822,43,28,1,25.02594,121.50651,15
500113008,20231008,823,43,28,1,25.02594,121.50651,15
500113008,20231008,824,43,30,1,25.02594,121.50651,13
500113008,20231008,825,43,30,1,25.02594,121.50651,13
500113008,20231008,826,43,30,1,25.02594,121.50651,13
500113008,20231008,827,43,30,1,25.02594,121.50651,13
500113008,20231008,828,43,30,1,25.02594,121.50651,13
500113008,20231008,829,43,30,1,25.02594,121.50651,13
500113008,20231008,830,43,30,1,25.02594,121.50651,13
500113008,20231008,831,43,30,1,25.02594,121.50651,13
500113008,20231008,832,43,30,1,25.02594,121.50651,13
500113008,20231008,833,43,29,1,25.02594,121.50651,14
500113008,20231008,834,43,29,1,25.02594,121.50651,14
500113008,20231008,835,43,29,1,25.02594,121.50651,14
500113008,20231008,836,43,30,1,25.02594,121.50651,13
500113008,20231008,837,43,30,1,25.02594,121.50651,13
500113008,20231008,838,43,30,1,25.02594,121.50651,13
500113008,20231008,839,43,30,1,25.02594,121.50651,13
500113008,20231008,841,43,30,1,25.02594,121.50651,13
500113008,20231008,842,43,30,1,25.02594,121.50651,13
500113008,20231008,843,43,31,1,25.02594,121.50651,12
500113008,20231008,844,43,32,1,25.02594,121.50651,11
500113008,20231008,845,43,32,1,25.02594,121.50651,11
500113008,20231008,846,43,32,1,25.02594,121.50651,11
500113008,20231008,847,43,32,1,25.02594,121.50651,11
500113008,20231008,848,43,32,1,25.02594,121.50651,11
500113008,20231008,849,43,32,1,25.02594,121.50651,11
500113008,20231008,850,43,32,1,25.02594,121.50651,11
500113008,20231008,851,43,33,1,25.02594,121.50651,10
500113008,20231008,852,43,33,1,25.02594,121.50651,10
500113008,20231008,853,43,33,1,25.02594,121.50651,10
500113008,20231008,854,43,32,1,25.02594,121.50651,11
500113008,20231008,855,43,34,1,25.02594,121.50651,9
500113008,20231008,856,43,34,1,25.02594,121.50651,9
500113008,20231008,857,43,34,1,25.02594,121.50651,9
500113008,20231008,858,43,34,1,25.02594,121.50651,9
500113008,20231008,859,43,34,1,25.02594,121.50651,9
500113008,20231008,861,43,34,1,25.02594,121.50651,9
500113008,20231008,862,43,34,1,25.02594,121.50651,9
500113008,20231008,863,43,34,1,25.02594,121.50651,9
500113008,20231008,864,43,34,1,25.02594,121.50651,9
500113008,20231008,865,43,34,1,25.02594,121.50651,9
500113008,20231008,866,43,34,1,25.02594,121.50651,9
500113008,20231008,867,43,34,1,25.02594,121.50651,9
500113008,20231008,868,43,34,1,25.02594,121.50651,9
500113008,20231008,869,43,34,1,25.02594,121.50651,9
500113008,20231008,871,43,36,1,25.02594,121.50651,7
500113008,20231008,872,43,35,1,25.02594,121.50651,8
500113008,20231008,873,43,35,1,25.02594,121.50651,8
500113008,20231008,874,43,35,1,25.02594,121.50651,8
500113008,20231008,875,43,35,1,25.02594,121.50651,8
500113008,20231008,876,43,35,1,25.02594,121.50651,8
500113008,20231008,877,43,36,1,25.02594,121.50651,7
500113008,20231008,878,43,36,1,25.02594,121.50651,7
500113008,20231008,879,43,36,1,25.02594,121.50651,7
500113008,20231008,880,43,37,1,25.02594,121.50651,6
500113008,20231008,881,43,37,1,25.02594,121.50651,6
500113008,20231008,882,43,37,1,25.02594,121.50651,6
500113008,20231008,883,43,37,1,25.02594,121.50651,6
500113008,20231008,884,43,37,1,25.02594,121.50651,6
500113008,20231008,885,43,37,1,25.02594,121.50651,6
500113008,20231008,886,43,37,1,25.02594,121.50651,6
500113008,20231008,887,43,37,1,25.02594,121.50651,6
500113008,20231008,888,43,37,1,25.02594,121.50651,6
500113008,20231008,889,43,37,1,25.02594,121.50651,6
500113008,20231008,890,43,37,1,25.02594,121.50651,6
500113008,20231008,891,43,37,1,25.02594,121.50651,6
500113008,20231008,892,43,37,1,25.02594,121.50651,6
500113008,20231008,893,43,38,1,25.02594,121.50651,5
500113008,20231008,894,43,38,1,25.02594,121.50651,5
500113008,20231008,895,43,39,1,25.02594,121.50651,4
500113008,20231008,896,43,39,1,25.02594,121.50651,4
500113008,20231008,897,43,39,1,25.02594,121.50651,4
500113008,20231008,898,43,39,1,25.02594,121.50651,4
500113008,20231008,899,43,39,1,25.02594,121.50651,4
500113008,20231008,901,43,39,1,25.02594,121.50651,4
500113008,20231008,902,43,39,1,25.02594,121.50651,4
500113008,20231008,903,43,39,1,25.02594,121.50651,4
500113008,20231008,904,43,39,1,25.02594,121.50651,4
500113008,20231008,905,43,39,1,25.02594,121.50651,4
500113008,20231008,906,43,38,1,25.02594,121.50651,5
500113008,20231008,907,43,38,1,25.02594,121.50651,5
500113008,20231008,908,43,38,1,25.02594,121.50651,5
500113008,20231008,909,43,38,1,25.02594,121.50651,5
500113008,20231008,910,43,37,1,25.02594,121.50651,6
500113008,20231008,911,43,37,1,25.02594,121.50651,6
500113008,20231008,912,43,37,1,25.02594,121.50651,6
500113008,20231008,913,43,37,1,25.02594,121.50651,6
500113008,20231008,914,43,37,1,25.02594,121.50651,6
500113008,20231008,915,43,37,1,25.02594,121.50651,6
500113008,20231008,916,43,37,1,25.02594,121.50651,6
500113008,20231008,917,43,37,1,25.02594,121.50651,6
500113008,20231008,918,43,38,1,25.02594,121.50651,5
500113008,20231008,919,43,39,1,25.02594,121.50651,4
500113008,20231008,921,43,42,1,25.02594,121.50651,1
500113008,20231008,922,43,42,1,25.02594,121.50651,1
500113008,20231008,923,43,42,1,25.02594,121.50651,1
500113008,20231008,924,43,42,1,25.02594,121.50651,1
500113008,20231008,925,43,42,1,25.02594,121.50651,1
500113008,20231008,926,43,42,1,25.02594,121.50651,1
500113008,20231008,927,43,42,1,25.02594,121.50651,1
500113008,20231008,928,43,42,1,25.02594,121.50651,1
500113008,20231008,929,43,42,1,25.02594,121.50651,1
500113008,20231008,931,43,42,1,25.02594,121.50651,1
500113008,20231008,932,43,42,1,25.02594,121.50651,1
500113008,20231008,933,43,42,1,25.02594,121.50651,1
500113008,20231008,934,43,42,1,25.02594,121.50651,1
500113008,20231008,935,43,42,1,25.02594,121.50651,1
500113008,20231008,936,43,42,1,25.02594,121.50651,1
500113008,20231008,937,43,42,1,25.02594,121.50651,1
500113008,20231008,938,43,42,1,25.02594,121.50651,1
500113008,20231008,939,43,42,1,25.02594,121.50651,1
500113008,20231008,940,43,41,1,25.02594,121.50651,2
500113008,20231008,941,43,41,1,25.02594,121.50651,2
500113008,20231008,942,43,41,1,25.02594,121.50651,2
500113008,20231008,943,43,41,1,25.02594,121.50651,2
500113008,20231008,944,43,42,1,25.02594,121.50651,1
500113008,20231008,945,43,42,1,25.02594,121.50651,1
500113008,20231008,946,43,42,1,25.02594,121.50651,1
500113008,20231008,947,43,41,1,25.02594,121.50651,2
500113008,20231008,948,43,40,1,25.02594,121.50651,3
500113008,20231008,949,43,41,1,25.02594,121.50651,2
500113008,20231008,950,43,39,1,25.02594,121.50651,4
500113008,20231008,951,43,39,1,25.02594,121.50651,4
500113008,20231008,952,43,40,1,25.02594,121.50651,3
500113008,20231008,953,43,40,1,25.02594,121.50651,3
500113008,20231008,954,43,41,1,25.02594,121.50651,2
500113008,20231008,955,43,41,1,25.02594,121.50651,2
500113008,20231008,956,43,42,1,25.02594,121.50651,1
500113008,20231008,957,43,42,1,25.02594,121.50651,1
500113008,20231008,958,43,42,1,25.02594,121.50651,1
500113008,20231008,959,43,42,1,25.02594,121.50651,1
500113008,20231008,961,43,42,1,25.02594,121.50651,1
500113008,20231008,962,43,42,1,25.02594,121.50651,1
500113008,20231008,963,43,42,1,25.02594,121.50651,1
500113008,20231008,964,43,42,1,25.02594,121.50651,1
500113008,20231008,965,43,42,1,25.02594,121.50651,1
500113008,20231008,966,43,42,1,25.02594,121.50651,1
500113008,20231008,967,43,42,1,25.02594,121.50651,1
500113008,20231008,968,43,42,1,25.02594,121.50651,1
500113008,20231008,969,43,42,1,25.02594,121.50651,1
500113008,20231008,970,43,41,1,25.02594,121.50651,2
500113008,20231008,971,43,41,1,25.02594,121.50651,2
500113008,20231008,972,43,42,1,25.02594,121.50651,1
500113008,20231008,973,43,42,1,25.02594,121.50651,1
500113008,20231008,974,43,42,1,25.02594,121.50651,1
500113008,20231008,975,43,42,1,25.02594,121.50651,1
500113008,20231008,976,43,42,1,25.02594,121.50651,1
500113008,20231008,977,43,42,1,25.02594,121.50651,1
500113008,20231008,978,43,42,1,25.02594,121.50651,1
500113008,20231008,979,43,42,1,25.02594,121.50651,1
500113008,20231008,981,43,43,1,25.02594,121.50651,0
500113008,20231008,982,43,42,1,25.02594,121.50651,1
500113008,20231008,983,43,42,1,25.02594,121.50651,1
500113008,20231008,984,43,43,1,25.02594,121.50651,0
500113008,20231008,985,43,42,1,25.02594,121.50651,1
500113008,20231008,986,43,42,1,25.02594,121.50651,1
500113008,20231008,987,43,42,1,25.02594,121.50651,1
500113008,20231008,988,43,42,1,25.02594,121.50651,1
500113008,20231008,989,43,43,1,25.02594,121.50651,0
500113008,20231008,991,43,43,1,25.02594,121.50651,0
500113008,20231008,992,43,43,1,25.02594,121.50651,0
500113008,20231008,993,43,43,1,25.02594,121.50651,0
500113008,20231008,994,43,43,1,25.02594,121.50651,0
500113008,20231008,995,43,42,1,25.02594,121.50651,1
500113008,20231008,996,43,42,1,25.02594,121.50651,1
500113008,20231008,997,43,41,1,25.02594,121.50651,2
500113008,20231008,998,43,39,1,25.02594,121.50651,4
500113008,20231008,999,43,39,1,25.02594,121.50651,4
500113008,20231008,1000,43,40,1,25.02594,121.50651,3
500113008,20231008,1001,43,39,1,25.02594,121.50651,4
500113008,20231008,1002,43,39,1,25.02594,121.50651,4
500113008,20231008,1003,43,39,1,25.02594,121.50651,4
500113008,20231008,1004,43,39,1,25.02594,121.50651,4
500113008,20231008,1005,43,42,1,25.02594,121.50651,1
500113008,20231008,1006,43,42,1,25.02594,121.50651,1
500113008,20231008,1007,43,41,1,25.02594,121.50651,2
500113008,20231008,1008,43,42,1,25.02594,121.50651,1
500113008,20231008,1009,43,42,1,25.02594,121.50651,1
500113008,20231008,1010,43,41,1,25.02594,121.50651,2
500113008,20231008,1011,43,41,1,25.02594,121.50651,2
500113008,20231008,1012,43,42,1,25.02594,121.50651,1
500113008,20231008,1013,43,43,1,25.02594,121.50651,0
500113008,20231008,1014,43,43,1,25.02594,121.50651,0
500113008,20231008,1015,43,42,1,25.02594,121.50651,1
500113008,20231008,1016,43,42,1,25.02594,121.50651,1
500113008,20231008,1017,43,41,1,25.02594,121.50651,2
500113008,20231008,1018,43,41,1,25.02594,121.50651,2
500113008,20231008,1019,43,42,1,25.02594,121.50651,1
500113008,20231008,1021,43,42,1,25.02594,121.50651,1
500113008,20231008,1022,43,42,1,25.02594,121.50651,1
500113008,20231008,1023,43,42,1,25.02594,121.50651,1
500113008,20231008,1024,43,42,1,25.02594,121.50651,1
500113008,20231008,1025,43,42,1,25.02594,121.50651,1
500113008,20231008,1026,43,42,1,25.02594,121.50651,1
500113008,20231008,1027,43,42,1,25.02594,121.50651,1
500113008,20231008,1028,43,41,1,25.02594,121.50651,2
500113008,20231008,1029,43,41,1,25.02594,121.50651,2
500113008,20231008,1030,43,41,1,25.02594,121.50651,2
500113008,20231008,1031,43,41,1,25.02594,121.50651,2
500113008,20231008,1032,43,40,1,25.02594,121.50651,3
500113008,20231008,1033,43,39,1,25.02594,121.50651,4
500113008,20231008,1034,43,39,1,25.02594,121.50651,4
500113008,20231008,1035,43,40,1,25.02594,121.50651,3
500113008,20231008,1036,43,40,1,25.02594,121.50651,3
500113008,20231008,1037,43,40,1,25.02594,121.50651,3
500113008,20231008,1038,43,40,1,25.02594,121.50651,3
500113008,20231008,1039,43,38,1,25.02594,121.50651,5
500113008,20231008,1041,43,38,1,25.02594,121.50651,5
500113008,20231008,1042,43,38,1,25.02594,121.50651,5
500113008,20231008,1043,43,38,1,25.02594,121.50651,5
500113008,20231008,1044,43,38,1,25.02594,121.50651,5
500113008,20231008,1045,43,38,1,25.02594,121.50651,5
500113008,20231008,1046,43,38,1,25.02594,121.50651,5
500113008,20231008,1047,43,38,1,25.02594,121.50651,5
500113008,20231008,1048,43,38,1,25.02594,121.50651,5
500113008,20231008,1049,43,37,1,25.02594,121.50651,6
500113008,20231008,1051,43,36,1,25.02594,121.50651,7
500113008,20231008,1052,43,37,1,25.02594,121.50651,6
500113008,20231008,1053,43,38,1,25.02594,121.50651,5
500113008,20231008,1054,43,38,1,25.02594,121.50651,5
500113008,20231008,1055,43,38,1,25.02594,121.50651,5
500113008,20231008,1056,43,38,1,25.02594,121.50651,5
500113008,20231008,1057,43,38,1,25.02594,121.50651,5
500113008,20231008,1058,43,38,1,25.02594,121.50651,5
500113008,20231008,1059,43,38,1,25.02594,121.50651,5
500113008,20231008,1060,43,36,1,25.02594,121.50651,7
500113008,20231008,1061,43,36,1,25.02594,121.50651,7
500113008,20231008,1062,43,36,1,25.02594,121.50651,7
500113008,20231008,1063,43,36,1,25.02594,121.50651,7
500113008,20231008,1064,43,36,1,25.02594,121.50651,7
500113008,20231008,1065,43,36,1,25.02594,121.50651,7
500113008,20231008,1066,43,36,1,25.02594,121.50651,7
500113008,20231008,1067,43,36,1,25.02594,121.50651,7
500113008,20231008,1068,43,33,1,25.02594,121.50651,10
500113008,20231008,1069,43,33,1,25.02594,121.50651,10
500113008,20231008,1070,43,33,1,25.02594,121.50651,10
500113008,20231008,1071,43,32,1,25.02594,121.50651,11
500113008,20231008,1072,43,32,1,25.02594,121.50651,11
500113008,20231008,1073,43,32,1,25.02594,121.50651,11
500113008,20231008,1074,43,32,1,25.02594,121.50651,11
500113008,20231008,1075,43,32,1,25.02594,121.50651,11
500113008,20231008,1076,43,32,1,25.02594,121.50651,11
500113008,20231008,1077,43,32,1,25.02594,121.50651,11
500113008,20231008,1078,43,33,1,25.02594,121.50651,10
500113008,20231008,1079,43,33,1,25.02594,121.50651,10
500113008,20231008,1081,43,33,1,25.02594,121.50651,10
500113008,20231008,1082,43,33,1,25.02594,121.50651,10
500113008,20231008,1083,43,33,1,25.02594,121.50651,10
500113008,20231008,1084,43,33,1,25.02594,121.50651,10
500113008,20231008,1085,43,33,1,25.02594,121.50651,10
500113008,20231008,1086,43,33,1,25.02594,121.50651,10
500113008,20231008,1087,43,33,1,25.02594,121.50651,10
500113008,20231008,1088,43,33,1,25.02594,121.50651,10
500113008,20231008,1089,43,33,1,25.02594,121.50651,10
500113008,20231008,1090,43,33,1,25.02594,121.50651,10
500113008,20231008,1091,43,33,1,25.02594,121.50651,10
500113008,20231008,1092,43,33,1,25.02594,121.50651,10
500113008,20231008,1093,43,33,1,25.02594,121.50651,10
500113008,20231008,1094,43,33,1,25.02594,121.50651,10
500113008,20231008,1095,43,33,1,25.02594,121.50651,10
500113008,20231008,1096,43,33,1,25.02594,121.50651,10
500113008,20231008,1097,43,33,1,25.02594,121.50651,10
500113008,20231008,1098,43,33,1,25.02594,121.50651,10
500113008,20231008,1099,43,33,1,25.02594,121.50651,10
500113008,20231008,1101,43,33,1,25.02594,121.50651,10
500113008,20231008,1102,43,33,1,25.02594,121.50651,10
500113008,20231008,1103,43,33,1,25.02594,121.50651,10
500113008,20231008,1104,43,33,1,25.02594,121.50651,10
500113008,20231008,1105,43,33,1,25.02594,121.50651,10
500113008,20231008,1106,43,33,1,25.02594,121.50651,10
500113008,20231008,1107,43,33,1,25.02594,121.50651,10
500113008,20231008,1108,43,33,1,25.02594,121.50651,10
500113008,20231008,1109,43,33,1,25.02594,121.50651,10
500113008,20231008,1110,43,33,1,25.02594,121.50651,10
500113008,20231008,1111,43,32,1,25.02594,121.50651,11
500113008,20231008,1112,43,32,1,25.02594,121.50651,11
500113008,20231008,1113,43,32,1,25.02594,121.50651,11
500113008,20231008,1114,43,32,1,25.02594,121.50651,11
500113008,20231008,1115,43,32,1,25.02594,121.50651,11
500113008,20231008,1116,43,32,1,25.02594,121.50651,11
500113008,20231008,1117,43,32,1,25.02594,121.50651,11
500113008,20231008,1118,43,32,1,25.02594,121.50651,11
500113008,20231008,1119,43,32,1,25.02594,121.50651,11
500113008,20231008,1120,43,32,1,25.02594,121.50651,11
500113008,20231008,1121,43,32,1,25.02594,121.50651,11
500113008,20231008,1122,43,32,1,25.02594,121.50651,11
500113008,20231008,1123,43,32,1,25.02594,121.50651,11
500113008,20231008,1124,43,32,1,25.02594,121.50651,11
500113008,20231008,1125,43,32,1,25.02594,121.50651,11
500113008,20231008,1126,43,32,1,25.02594,121.50651,11
500113008,20231008,1127,43,32,1,25.02594,121.50651,11
500113008,20231008,1128,43,32,1,25.02594,121.50651,11
500113008,20231008,1129,43,32,1,25.02594,121.50651,11
500113008,20231008,1130,43,33,1,25.02594,121.50651,10
500113008,20231008,1131,43,33,1,25.02594,121.50651,10
500113008,20231008,1132,43,33,1,25.02594,121.50651,10
500113008,20231008,1133,43,33,1,25.02594,121.50651,10
500113008,20231008,1134,43,33,1,25.02594,121.50651,10
500113008,20231008,1135,43,33,1,25.02594,121.50651,10
500113008,20231008,1136,43,34,1,25.02594,121.50651,9
500113008,20231008,1137,43,34,1,25.02594,121.50651,9
500113008,20231008,1138,43,34,1,25.02594,121.50651,9
500113008,20231008,1139,43,34,1,25.02594,121.50651,9
500113008,20231008,1141,43,34,1,25.02594,121.50651,9
500113008,20231008,1142,43,35,1,25.02594,121.50651,8
500113008,20231008,1143,43,37,1,25.02594,121.50651,6
500113008,20231008,1144,43,37,1,25.02594,121.50651,6
500113008,20231008,1145,43,37,1,25.02594,121.50651,6
500113008,20231008,1146,43,37,1,25.02594,121.50651,6
500113008,20231008,1147,43,37,1,25.02594,121.50651,6
500113008,20231008,1148,43,37,1,25.02594,121.50651,6
500113008,20231008,1149,43,37,1,25.02594,121.50651,6
500113008,20231008,1150,43,37,1,25.02594,121.50651,6
500113008,20231008,1151,43,37,1,25.02594,121.50651,6
500113008,20231008,1152,43,37,1,25.02594,121.50651,6
500113008,20231008,1153,43,37,1,25.02594,121.50651,6
500113008,20231008,1154,43,37,1,25.02594,121.50651,6
500113008,20231008,1155,43,37,1,25.02594,121.50651,6
500113008,20231008,1156,43,37,1,25.02594,121.50651,6
500113008,20231008,1157,43,37,1,25.02594,121.50651,6
500113008,20231008,1158,43,37,1,25.02594,121.50651,6
500113008,20231008,1159,43,37,1,25.02594,121.50651,6
500113008,20231008,1161,43,37,1,25.02594,121.50651,6
500113008,20231008,1162,43,37,1,25.02594,121.50651,6
500113008,20231008,1163,43,37,1,25.02594,121.50651,6
500113008,20231008,1164,43,37,1,25.02594,121.50651,6
500113008,20231008,1165,43,37,1,25.02594,121.50651,6
500113008,20231008,1166,43,37,1,25.02594,121.50651,6
500113008,20231008,1167,43,37,1,25.02594,121.50651,6
500113008,20231008,1168,43,37,1,25.02594,121.50651,6
500113008,20231008,1169,43,37,1,25.02594,121.50651,6
500113008,20231008,1170,43,37,1,25.02594,121.50651,6
500113008,20231008,1171,43,37,1,25.02594,121.50651,6
500113008,20231008,1172,43,37,1,25.02594,121.50651,6
500113008,20231008,1173,43,37,1,25.02594,121.50651,6
500113008,20231008,1174,43,38,1,25.02594,121.50651,5
500113008,20231008,1175,43,38,1,25.02594,121.50651,5
500113008,20231008,1176,43,38,1,25.02594,121.50651,5
500113008,20231008,1177,43,38,1,25.02594,121.50651,5
500113008,20231008,1178,43,38,1,25.02594,121.50651,5
500113008,20231008,1179,43,38,1,25.02594,121.50651,5
500113008,20231008,1180,43,38,1,25.02594,121.50651,5
500113008,20231008,1181,43,38,1,25.02594,121.50651,5
500113008,20231008,1182,43,38,1,25.02594,121.50651,5
500113008,20231008,1183,43,38,1,25.02594,121.50651,5
500113008,20231008,1184,43,38,1,25.02594,121.50651,5
500113008,20231008,1185,43,38,1,25.02594,121.50651,5
500113008,20231008,1186,43,38,1,25.02594,121.50651,5
500113008,20231008,1187,43,38,1,25.02594,121.50651,5
500113008,20231008,1188,43,38,1,25.02594,121.50651,5
500113008,20231008,1189,43,38,1,25.02594,121.50651,5
500113008,20231008,1190,43,38,1,25.02594,121.50651,5
500113008,20231008,1191,43,38,1,25.02594,121.50651,5
500113008,20231008,1192,43,38,1,25.02594,121.50651,5
500113008,20231008,1193,43,38,1,25.02594,121.50651,5
500113008,20231008,1194,43,38,1,25.02594,121.50651,5
500113008,20231008,1195,43,38,1,25.02594,121.50651,5
500113008,20231008,1196,43,38,1,25.02594,121.50651,5
500113008,20231008,1197,43,38,1,25.02594,121.50651,5
500113008,20231008,1198,43,38,1,25.02594,121.50651,5
500113008,20231008,1199,43,38,1,25.02594,121.50651,5
500113008,20231008,1201,43,38,1,25.02594,121.50651,5
500113008,20231008,1202,43,38,1,25.02594,121.50651,5
500113008,20231008,1203,43,38,1,25.02594,121.50651,5
500113008,20231008,1204,43,38,1,25.02594,121.50651,5
500113008,20231008,1205,43,38,1,25.02594,121.50651,5
500113008,20231008,1206,43,38,1,25.02594,121.50651,5
500113008,20231008,1207,43,38,1,25.02594,121.50651,5
500113008,20231008,1208,43,38,1,25.02594,121.50651,5
500113008,20231008,1209,43,38,1,25.02594,121.50651,5
500113008,20231008,1210,43,38,1,25.02594,121.50651,5
500113008,20231008,1211,43,38,1,25.02594,121.50651,5
500113008,20231008,1212,43,38,1,25.02594,121.50651,5
500113008,20231008,1213,43,38,1,25.02594,121.50651,5
500113008,20231008,1214,43,38,1,25.02594,121.50651,5
500113008,20231008,1215,43,38,1,25.02594,121.50651,5
500113008,20231008,1216,43,38,1,25.02594,121.50651,5
500113008,20231008,1217,43,38,1,25.02594,121.50651,5
500113008,20231008,1218,43,38,1,25.02594,121.50651,5
500113008,20231008,1219,43,38,1,25.02594,121.50651,5
500113008,20231008,1221,43,38,1,25.02594,121.50651,5
500113008,20231008,1222,43,38,1,25.02594,121.50651,5
500113008,20231008,1223,43,38,1,25.02594,121.50651,5
500113008,20231008,1224,43,38,1,25.02594,121.50651,5
500113008,20231008,1225,43,38,1,25.02594,121.50651,5
500113008,20231008,1226,43,38,1,25.02594,121.50651,5
500113008,20231008,1227,43,38,1,25.02594,121.50651,5
500113008,20231008,1228,43,38,1,25.02594,121.50651,5
500113008,20231008,1229,43,39,1,25.02594,121.50651,4
500113008,20231008,1230,43,39,1,25.02594,121.50651,4
500113008,20231008,1231,43,39,1,25.02594,121.50651,4
500113008,20231008,1232,43,39,1,25.02594,121.50651,4
500113008,20231008,1233,43,39,1,25.02594,121.50651,4
500113008,20231008,1234,43,39,1,25.02594,121.50651,4
500113008,20231008,1235,43,39,1,25.02594,121.50651,4
500113008,20231008,1236,43,39,1,25.02594,121.50651,4
500113008,20231008,1237,43,39,1,25.02594,121.50651,4
500113008,20231008,1238,43,39,1,25.02594,121.50651,4
500113008,20231008,1239,43,39,1,25.02594,121.50651,4
500113008,20231008,1240,43,39,1,25.02594,121.50651,4
500113008,20231008,1241,43,39,1,25.02594,121.50651,4
500113008,20231008,1242,43,39,1,25.02594,121.50651,4
500113008,20231008,1243,43,39,1,25.02594,121.50651,4
500113008,20231008,1244,43,39,1,25.02594,121.50651,4
500113008,20231008,1245,43,39,1,25.02594,121.50651,4
500113008,20231008,1246,43,39,1,25.02594,121.50651,4
500113008,20231008,1247,43,39,1,25.02594,121.50651,4
500113008,20231008,1248,43,38,1,25.02594,121.50651,5
500113008,20231008,1249,43,38,1,25.02594,121.50651,5
500113008,20231008,1250,43,38,1,25.02594,121.50651,5
500113008,20231008,1251,43,38,1,25.02594,121.50651,5
500113008,20231008,1252,43,38,1,25.02594,121.50651,5
500113008,20231008,1253,43,38,1,25.02594,121.50651,5
500113008,20231008,1254,43,38,1,25.02594,121.50651,5
500113008,20231008,1255,43,38,1,25.02594,121.50651,5
500113008,20231008,1256,43,38,1,25.02594,121.50651,5
500113008,20231008,1257,43,38,1,25.02594,121.50651,5
500113008,20231008,1258,43,38,1,25.02594,121.50651,5
500113008,20231008,1259,43,38,1,25.02594,121.50651,5
500113008,20231008,1261,43,38,1,25.02594,121.50651,5
500113008,20231008,1262,43,38,1,25.02594,121.50651,5
500113008,20231008,1263,43,38,1,25.02594,121.50651,5
500113008,20231008,1264,43,38,1,25.02594,121.50651,5
500113008,20231008,1265,43,38,1,25.02594,121.50651,5
500113008,20231008,1266,43,38,1,25.02594,121.50651,5
500113008,20231008,1267,43,38,1,25.02594,121.50651,5
500113008,20231008,1268,43,38,1,25.02594,121.50651,5
500113008,20231008,1269,43,38,1,25.02594,121.50651,5
500113008,20231008,1270,43,38,1,25.02594,121.50651,5
500113008,20231008,1271,43,38,1,25.02594,121.50651,5
500113008,20231008,1272,43,38,1,25.02594,121.50651,5
500113008,20231008,1273,43,38,1,25.02594,121.50651,5
500113008,20231008,1274,43,38,1,25.02594,121.50651,5
500113008,20231008,1275,43,38,1,25.02594,121.50651,5
500113008,20231008,1276,43,38,1,25.02594,121.50651,5
500113008,20231008,1277,43,38,1,25.02594,121.50651,5
500113008,20231008,1278,43,38,1,25.02594,121.50651,5
500113008,20231008,1279,43,38,1,25.02594,121.50651,5
500113008,20231008,1281,43,38,1,25.02594,121.50651,5
500113008,20231008,1282,43,38,1,25.02594,121.50651,5
500113008,20231008,1283,43,38,1,25.02594,121.50651,5
500113008,20231008,1284,43,38,1,25.02594,121.50651,5
500113008,20231008,1285,43,38,1,25.02594,121.50651,5
500113008,20231008,1286,43,38,1,25.02594,121.50651,5
500113008,20231008,1287,43,38,1,25.02594,121.50651,5
500113008,20231008,1288,43,38,1,25.02594,121.50651,5
500113008,20231008,1289,43,38,1,25.02594,121.50651,5
500113008,20231008,1290,43,38,1,25.02594,121.50651,5
500113008,20231008,1291,43,38,1,25.02594,121.50651,5
500113008,20231008,1292,43,38,1,25.02594,121.50651,5
500113008,20231008,1293,43,38,1,25.02594,121.50651,5
500113008,20231008,1294,43,38,1,25.02594,121.50651,5
500113008,20231008,1295,43,38,1,25.02594,121.50651,5
500113008,20231008,1296,43,38,1,25.02594,121.50651,5
500113008,20231008,1297,43,38,1,25.02594,121.50651,5
500113008,20231008,1298,43,38,1,25.02594,121.50651,5
500113008,20231008,1299,43,38,1,25.02594,121.50651,5
500113008,20231008,1300,43,38,1,25.02594,121.50651,5
500113008,20231008,1301,43,38,1,25.02594,121.50651,5
500113008,20231008,1302,43,38,1,25.02594,121.50651,5
500113008,20231008,1303,43,38,1,25.02594,121.50651,5
500113008,20231008,1304,43,38,1,25.02594,121.50651,5
500113008,20231008,1305,43,38,1,25.02594,121.50651,5
500113008,20231008,1306,43,38,1,25.02594,121.50651,5
500113008,20231008,1307,43,38,1,25.02594,121.50651,5
500113008,20231008,1308,43,37,1,25.02594,121.50651,6
500113008,20231008,1309,43,37,1,25.02594,121.50651,6
500113008,20231008,1310,43,37,1,25.02594,121.50651,6
500113008,20231008,1311,43,37,1,25.02594,121.50651,6
500113008,20231008,1312,43,37,1,25.02594,121.50651,6
500113008,20231008,1313,43,37,1,25.02594,121.50651,6
500113008,20231008,1314,43,37,1,25.02594,121.50651,6
500113008,20231008,1315,43,37,1,25.02594,121.50651,6
500113008,20231008,1316,43,37,1,25.02594,121.50651,6
500113008,20231008,1317,43,37,1,25.02594,121.50651,6
500113008,20231008,1318,43,37,1,25.02594,121.50651,6
500113008,20231008,1319,43,37,1,25.02594,121.50651,6
500113008,20231008,1321,43,37,1,25.02594,121.50651,6
500113008,20231008,1322,43,37,1,25.02594,121.50651,6
500113008,20231008,1323,43,37,1,25.02594,121.50651,6
500113008,20231008,1324,43,37,1,25.02594,121.50651,6
500113008,20231008,1325,43,37,1,25.02594,121.50651,6
500113008,20231008,1326,43,37,1,25.02594,121.50651,6
500113008,20231008,1327,43,37,1,25.02594,121.50651,6
500113008,20231008,1328,43,37,1,25.02594,121.50651,6
500113008,20231008,1329,43,37,1,25.02594,121.50651,6
500113008,20231008,1330,43,37,1,25.02594,121.50651,6
500113008,20231008,1331,43,37,1,25.02594,121.50651,6
500113008,20231008,1332,43,37,1,25.02594,121.50651,6
500113008,20231008,1333,43,37,1,25.02594,121.50651,6
500113008,20231008,1334,43,37,1,25.02594,121.50651,6
500113008,20231008,1335,43,37,1,25.02594,121.50651,6
500113008,20231008,1336,43,37,1,25.02594,121.50651,6
500113008,20231008,1337,43,37,1,25.02594,121.50651,6
500113008,20231008,1338,43,37,1,25.02594,121.50651,6
500113008,20231008,1339,43,37,1,25.02594,121.50651,6
500113008,20231008,1341,43,37,1,25.02594,121.50651,6
500113008,20231008,1342,43,37,1,25.02594,121.50651,6
500113008,20231008,1343,43,37,1,25.02594,121.50651,6
500113008,20231008,1344,43,37,1,25.02594,121.50651,6
500113008,20231008,1345,43,37,1,25.02594,121.50651,6
500113008,20231008,1346,43,37,1,25.02594,121.50651,6
500113008,20231008,1347,43,37,1,25.02594,121.50651,6
500113008,20231008,1348,43,37,1,25.02594,121.50651,6
500113008,20231008,1349,43,37,1,25.02594,121.50651,6
500113008,20231008,1350,43,37,1,25.02594,121.50651,6
500113008,20231008,1352,43,37,1,25.02594,121.50651,6
500113008,20231008,1353,43,37,1,25.02594,121.50651,6
500113008,20231008,1354,43,37,1,25.02594,121.50651,6
500113008,20231008,1355,43,37,1,25.02594,121.50651,6
500113008,20231008,1356,43,37,1,25.02594,121.50651,6
500113008,20231008,1357,43,37,1,25.02594,121.50651,6
500113008,20231008,1358,43,37,1,25.02594,121.50651,6
500113008,20231008,1359,43,37,1,25.02594,121.50651,6
500113008,20231008,1360,43,37,1,25.02594,121.50651,6
500113008,20231008,1361,43,37,1,25.02594,121.50651,6
500113008,20231008,1362,43,37,1,25.02594,121.50651,6
500113008,20231008,1363,43,37,1,25.02594,121.50651,6
500113008,20231008,1364,43,37,1,25.02594,121.50651,6
500113008,20231008,1365,43,37,1,25.02594,121.50651,6
500113008,20231008,1366,43,37,1,25.02594,121.50651,6
500113008,20231008,1367,43,37,1,25.02594,121.50651,6
500113008,20231008,1368,43,37,1,25.02594,121.50651,6
500113008,20231008,1369,43,37,1,25.02594,121.50651,6
500113008,20231008,1370,43,37,1,25.02594,121.50651,6
500113008,20231008,1371,43,37,1,25.02594,121.50651,6
500113008,20231008,1372,43,37,1,25.02594,121.50651,6
500113008,20231008,1373,43,37,1,25.02594,121.50651,6
500113008,20231008,1374,43,37,1,25.02594,121.50651,6
500113008,20231008,1375,43,37,1,25.02594,121.50651,6
500113008,20231008,1376,43,37,1,25.02594,121.50651,6
500113008,20231008,1377,43,37,1,25.02594,121.50651,6
500113008,20231008,1378,43,37,1,25.02594,121.50651,6
500113008,20231008,1379,43,37,1,25.02594,121.50651,6
500113008,20231008,1380,43,37,1,25.02594,121.50651,6
500113008,20231008,1381,43,37,1,25.02594,121.50651,6
500113008,20231008,1382,43,37,1,25.02594,121.50651,6
500113008,20231008,1383,43,37,1,25.02594,121.50651,6
500113008,20231008,1384,43,37,1,25.02594,121.50651,6
500113008,20231008,1385,43,37,1,25.02594,121.50651,6
500113008,20231008,1386,43,37,1,25.02594,121.50651,6
500113008,20231008,1387,43,37,1,25.02594,121.50651,6
500113008,20231008,1388,43,37,1,25.02594,121.50651,6
500113008,20231008,1389,43,37,1,25.02594,121.50651,6
500113008,20231008,1390,43,37,1,25.02594,121.50651,6
500113008,20231008,1391,43,37,1,25.02594,121.50651,6
500113008,20231008,1392,43,37,1,25.02594,121.50651,6
500113008,20231008,1393,43,37,1,25.02594,121.50651,6
500113008,20231008,1394,43,37,1,25.02594,121.50651,6
500113008,20231008,1395,43,37,1,25.02594,121.50651,6
500113008,20231008,1396,43,37,1,25.02594,121.50651,6
500113008,20231008,1397,43,37,1,25.02594,121.50651,6
500113008,20231008,1398,43,37,1,25.02594,121.50651,6
500113008,20231008,1399,43,39,1,25.02594,121.50651,4
500113008,20231008,1401,43,39,1,25.02594,121.50651,4
500113008,20231008,1402,43,39,1,25.02594,121.50651,4
500113008,20231008,1403,43,39,1,25.02594,121.50651,4
500113008,20231008,1404,43,38,1,25.02594,121.50651,5
500113008,20231008,1405,43,38,1,25.02594,121.50651,5
500113008,20231008,1406,43,38,1,25.02594,121.50651,5
500113008,20231008,1407,43,38,1,25.02594,121.50651,5
500113008,20231008,1408,43,38,1,25.02594,121.50651,5
500113008,20231008,1409,43,38,1,25.02594,121.50651,5
500113008,20231008,1410,43,38,1,25.02594,121.50651,5
500113008,20231008,1411,43,38,1,25.02594,121.50651,5
500113008,20231008,1412,43,38,1,25.02594,121.50651,5
500113008,20231008,1413,43,38,1,25.02594,121.50651,5
500113008,20231008,1414,43,38,1,25.02594,121.50651,5
500113008,20231008,1415,43,38,1,25.02594,121.50651,5
500113008,20231008,1416,43,37,1,25.02594,121.50651,6
500113008,20231008,1417,43,37,1,25.02594,121.50651,6
500113008,20231008,1418,43,37,1,25.02594,121.50651,6
500113008,20231008,1419,43,37,1,25.02594,121.50651,6
500113008,20231008,1420,43,37,1,25.02594,121.50651,6
500113008,20231008,1421,43,37,1,25.02594,121.50651,6
500113008,20231008,1422,43,37,1,25.02594,121.50651,6
500113008,20231008,1423,43,37,1,25.02594,121.50651,6
500113008,20231008,1424,43,37,1,25.02594,121.50651,6
500113008,20231008,1425,43,37,1,25.02594,121.50651,6
500113008,20231008,1426,43,37,1,25.02594,121.50651,6
500113008,20231008,1427,43,37,1,25.02594,121.50651,6
500113008,20231008,1428,43,37,1,25.02594,121.50651,6
500113008,20231008,1429,43,37,1,25.02594,121.50651,6
500113008,20231008,1430,43,38,1,25.02594,121.50651,5
500113008,20231008,1431,43,38,1,25.02594,121.50651,5
500113008,20231008,1432,43,38,1,25.02594,121.50651,5
500113008,20231008,1433,43,38,1,25.02594,121.50651,5
500113008,20231008,1434,43,38,1,25.02594,121.50651,5
500113008,20231008,1435,43,38,1,25.02594,121.50651,5
500113008,20231008,1436,43,38,1,25.02594,121.50651,5
500113008,20231008,1437,43,38,1,25.02594,121.50651,5
500113008,20231008,1438,43,38,1,25.02594,121.50651,5
500113008,20231008,1439,43,38,1,25.02594,121.50651,5
500113008,20231009,0,43,38,1,25.02594,121.50651,5
500113008,20231009,1,43,38,1,25.02594,121.50651,5
500113008,20231009,2,43,38,1,25.02594,121.50651,5
500113008,20231009,3,43,38,1,25.02594,121.50651,5
500113008,20231009,4,43,38,1,25.02594,121.50651,5
500113008,20231009,5,43,38,1,25.02594,121.50651,5
500113008,20231009,6,43,38,1,25.02594,121.50651,5
500113008,20231009,7,43,38,1,25.02594,121.50651,5
500113008,20231009,8,43,38,1,25.02594,121.50651,5
500113008,20231009,9,43,38,1,25.02594,121.50651,5
500113008,20231009,10,43,38,1,25.02594,121.50651,5
500113008,20231009,11,43,38,1,25.02594,121.50651,5
500113008,20231009,12,43,38,1,25.02594,121.50651,5
500113008,20231009,13,43,38,1,25.02594,121.50651,5
500113008,20231009,14,43,38,1,25.02594,121.50651,5
500113008,20231009,15,43,38,1,25.02594,121.50651,5
500113008,20231009,16,43,38,1,25.02594,121.50651,5
500113008,20231009,17,43,37,1,25.02594,121.50651,6
500113008,20231009,18,43,37,1,25.02594,121.50651,6
500113008,20231009,19,43,37,1,25.02594,121.50651,6
500113008,20231009,21,43,37,1,25.02594,121.50651,6
500113008,20231009,22,43,37,1,25.02594,121.50651,6
500113008,20231009,23,43,37,1,25.02594,121.50651,6
500113008,20231009,24,43,37,1,25.02594,121.50651,6
500113008,20231009,25,43,37,1,25.02594,121.50651,6
500113008,20231009,26,43,37,1,25.02594,121.50651,6
500113008,20231009,27,43,37,1,25.02594,121.50651,6
500113008,20231009,28,43,37,1,25.02594,121.50651,6
500113008,20231009,29,43,37,1,25.02594,121.50651,6
500113008,20231009,30,43,37,1,25.02594,121.50651,6
500113008,20231009,31,43,37,1,25.02594,121.50651,6
500113008,20231009,32,43,37,1,25.02594,121.50651,6
500113008,20231009,33,43,37,1,25.02594,121.50651,6
500113008,20231009,34,43,37,1,25.02594,121.50651,6
500113008,20231009,35,43,37,1,25.02594,121.50651,6
500113008,20231009,36,43,36,1,25.02594,121.50651,7
500113008,20231009,37,43,36,1,25.02594,121.50651,7
500113008,20231009,38,43,36,1,25.02594,121.50651,7
500113008,20231009,39,43,36,1,25.02594,121.50651,7
500113008,20231009,40,43,36,1,25.02594,121.50651,7
500113008,20231009,41,43,36,1,25.02594,121.50651,7
500113008,20231009,42,43,36,1,25.02594,121.50651,7
500113008,20231009,43,43,36,1,25.02594,121.50651,7
500113008,20231009,44,43,36,1,25.02594,121.50651,7
500113008,20231009,45,43,36,1,25.02594,121.50651,7
500113008,20231009,46,43,36,1,25.02594,121.50651,7
500113008,20231009,47,43,36,1,25.02594,121.50651,7
500113008,20231009,48,43,36,1,25.02594,121.50651,7
500113008,20231009,49,43,36,1,25.02594,121.50651,7
500113008,20231009,50,43,36,1,25.02594,121.50651,7
500113008,20231009,51,43,36,1,25.02594,121.50651,7
500113008,20231009,52,43,36,1,25.02594,121.50651,7
500113008,20231009,53,43,36,1,25.02594,121.50651,7
500113008,20231009,54,43,36,1,25.02594,121.50651,7
500113008,20231009,55,43,36,1,25.02594,121.50651,7
500113008,20231009,56,43,36,1,25.02594,121.50651,7
500113008,20231009,57,43,36,1,25.02594,121.50651,7
500113008,20231009,58,43,36,1,25.02594,121.50651,7
500113008,20231009,59,43,36,1,25.02594,121.50651,7
500113008,20231009,61,43,36,1,25.02594,121.50651,7
500113008,20231009,62,43,36,1,25.02594,121.50651,7
500113008,20231009,63,43,36,1,25.02594,121.50651,7
500113008,20231009,64,43,36,1,25.02594,121.50651,7
500113008,20231009,65,43,36,1,25.02594,121.50651,7
500113008,20231009,66,43,36,1,25.02594,121.50651,7
500113008,20231009,67,43,36,1,25.02594,121.50651,7
500113008,20231009,68,43,36,1,25.02594,121.50651,7
500113008,20231009,69,43,36,1,25.02594,121.50651,7
500113008,20231009,70,43,36,1,25.02594,121.50651,7
500113008,20231009,71,43,36,1,25.02594,121.50651,7
500113008,20231009,72,43,36,1,25.02594,121.50651,7
500113008,20231009,73,43,36,1,25.02594,121.50651,7
500113008,20231009,74,43,36,1,25.02594,121.50651,7
500113008,20231009,75,43,36,1,25.02594,121.50651,7
500113008,20231009,76,43,36,1,25.02594,121.50651,7
500113008,20231009,77,43,36,1,25.02594,121.50651,7
500113008,20231009,78,43,36,1,25.02594,121.50651,7
500113008,20231009,79,43,36,1,25.02594,121.50651,7
500113008,20231009,81,43,36,1,25.02594,121.50651,7
500113008,20231009,82,43,36,1,25.02594,121.50651,7
500113008,20231009,83,43,36,1,25.02594,121.50651,7
500113008,20231009,84,43,36,1,25.02594,121.50651,7
500113008,20231009,85,43,36,1,25.02594,121.50651,7
500113008,20231009,86,43,36,1,25.02594,121.50651,7
500113008,20231009,87,43,36,1,25.02594,121.50651,7
500113008,20231009,88,43,36,1,25.02594,121.50651,7
500113008,20231009,89,43,36,1,25.02594,121.50651,7
500113008,20231009,90,43,36,1,25.02594,121.50651,7
500113008,20231009,91,43,36,1,25.02594,121.50651,7
500113008,20231009,92,43,35,1,25.02594,121.50651,8
500113008,20231009,93,43,35,1,25.02594,121.50651,8
500113008,20231009,94,43,35,1,25.02594,121.50651,8
500113008,20231009,95,43,35,1,25.02594,121.50651,8
500113008,20231009,96,43,35,1,25.02594,121.50651,8
500113008,20231009,97,43,35,1,25.02594,121.50651,8
500113008,20231009,98,43,35,1,25.02594,121.50651,8
500113008,20231009,99,43,35,1,25.02594,121.50651,8
500113008,20231009,100,43,35,1,25.02594,121.50651,8
500113008,20231009,101,43,35,1,25.02594,121.50651,8
500113008,20231009,102,43,35,1,25.02594,121.50651,8
500113008,20231009,103,43,35,1,25.02594,121.50651,8
500113008,20231009,104,43,35,1,25.02594,121.50651,8
500113008,20231009,105,43,35,1,25.02594,121.50651,8
500113008,20231009,106,43,35,1,25.02594,121.50651,8
500113008,20231009,107,43,35,1,25.02594,121.50651,8
500113008,20231009,108,43,35,1,25.02594,121.50651,8
500113008,20231009,109,43,35,1,25.02594,121.50651,8
500113008,20231009,110,43,35,1,25.02594,121.50651,8
500113008,20231009,111,43,35,1,25.02594,121.50651,8
500113008,20231009,112,43,35,1,25.02594,121.50651,8
500113008,20231009,113,43,35,1,25.02594,121.50651,8
500113008,20231009,114,43,35,1,25.02594,121.50651,8
500113008,20231009,115,43,35,1,25.02594,121.50651,8
500113008,20231009,116,43,35,1,25.02594,121.50651,8
500113008,20231009,117,43,35,1,25.02594,121.50651,8
500113008,20231009,118,43,35,1,25.02594,121.50651,8
500113008,20231009,119,43,35,1,25.02594,121.50651,8
500113008,20231009,121,43,35,1,25.02594,121.50651,8
500113008,20231009,122,43,35,1,25.02594,121.50651,8
500113008,20231009,123,43,35,1,25.02594,121.50651,8
500113008,20231009,124,43,35,1,25.02594,121.50651,8
500113008,20231009,125,43,35,1,25.02594,121.50651,8
500113008,20231009,126,43,35,1,25.02594,121.50651,8
500113008,20231009,127,43,35,1,25.02594,121.50651,8
500113008,20231009,128,43,35,1,25.02594,121.50651,8
500113008,20231009,129,43,35,1,25.02594,121.50651,8
500113008,20231009,130,43,35,1,25.02594,121.50651,8
500113008,20231009,131,43,35,1,25.02594,121.50651,8
500113008,20231009,132,43,35,1,25.02594,121.50651,8
500113008,20231009,133,43,35,1,25.02594,121.50651,8
500113008,20231009,134,43,35,1,25.02594,121.50651,8
500113008,20231009,135,43,35,1,25.02594,121.50651,8
500113008,20231009,136,43,35,1,25.02594,121.50651,8
500113008,20231009,137,43,35,1,25.02594,121.50651,8
500113008,20231009,138,43,35,1,25.02594,121.50651,8
500113008,20231009,139,43,35,1,25.02594,121.50651,8
500113008,20231009,141,43,35,1,25.02594,121.50651,8
500113008,20231009,142,43,35,1,25.02594,121.50651,8
500113008,20231009,143,43,35,1,25.02594,121.50651,8
500113008,20231009,144,43,35,1,25.02594,121.50651,8
500113008,20231009,145,43,35,1,25.02594,121.50651,8
500113008,20231009,146,43,35,1,25.02594,121.50651,8
500113008,20231009,147,43,35,1,25.02594,121.50651,8
500113008,20231009,148,43,35,1,25.02594,121.50651,8
500113008,20231009,149,43,35,1,25.02594,121.50651,8
500113008,20231009,150,43,35,1,25.02594,121.50651,8
500113008,20231009,151,43,35,1,25.02594,121.50651,8
500113008,20231009,152,43,35,1,25.02594,121.50651,8
500113008,20231009,153,43,35,1,25.02594,121.50651,8
500113008,20231009,154,43,35,1,25.02594,121.50651,8
500113008,20231009,155,43,35,1,25.02594,121.50651,8
500113008,20231009,156,43,35,1,25.02594,121.50651,8
500113008,20231009,157,43,35,1,25.02594,121.50651,8
500113008,20231009,158,43,35,1,25.02594,121.50651,8
500113008,20231009,159,43,35,1,25.02594,121.50651,8
500113008,20231009,160,43,35,1,25.02594,121.50651,8
500113008,20231009,161,43,35,1,25.02594,121.50651,8
500113008,20231009,162,43,35,1,25.02594,121.50651,8
500113008,20231009,163,43,35,1,25.02594,121.50651,8
500113008,20231009,164,43,35,1,25.02594,121.50651,8
500113008,20231009,165,43,35,1,25.02594,121.50651,8
500113008,20231009,166,43,35,1,25.02594,121.50651,8
500113008,20231009,167,43,35,1,25.02594,121.50651,8
500113008,20231009,168,43,35,1,25.02594,121.50651,8
500113008,20231009,169,43,35,1,25.02594,121.50651,8
500113008,20231009,170,43,35,1,25.02594,121.50651,8
500113008,20231009,171,43,35,1,25.02594,121.50651,8
500113008,20231009,172,43,35,1,25.02594,121.50651,8
500113008,20231009,173,43,35,1,25.02594,121.50651,8
500113008,20231009,174,43,35,1,25.02594,121.50651,8
500113008,20231009,175,43,35,1,25.02594,121.50651,8
500113008,20231009,176,43,35,1,25.02594,121.50651,8
500113008,20231009,177,43,35,1,25.02594,121.50651,8
500113008,20231009,178,43,35,1,25.02594,121.50651,8
500113008,20231009,179,43,35,1,25.02594,121.50651,8
500113008,20231009,180,43,35,1,25.02594,121.50651,8
500113008,20231009,181,43,35,1,25.02594,121.50651,8
500113008,20231009,182,43,35,1,25.02594,121.50651,8
500113008,20231009,183,43,35,1,25.02594,121.50651,8
500113008,20231009,184,43,35,1,25.02594,121.50651,8
500113008,20231009,185,43,35,1,25.02594,121.50651,8
500113008,20231009,186,43,35,1,25.02594,121.50651,8
500113008,20231009,187,43,35,1,25.02594,121.50651,8
500113008,20231009,188,43,35,1,25.02594,121.50651,8
500113008,20231009,189,43,35,1,25.02594,121.50651,8
500113008,20231009,190,43,35,1,25.02594,121.50651,8
500113008,20231009,191,43,35,1,25.02594,121.50651,8
500113008,20231009,192,43,35,1,25.02594,121.50651,8
500113008,20231009,193,43,35,1,25.02594,121.50651,8
500113008,20231009,194,43,35,1,25.02594,121.50651,8
500113008,20231009,195,43,35,1,25.02594,121.50651,8
500113008,20231009,196,43,35,1,25.02594,121.50651,8
500113008,20231009,197,43,35,1,25.02594,121.50651,8
500113008,20231009,198,43,35,1,25.02594,121.50651,8
500113008,20231009,199,43,35,1,25.02594,121.50651,8
500113008,20231009,201,43,35,1,25.02594,121.50651,8
500113008,20231009,202,43,35,1,25.02594,121.50651,8
500113008,20231009,203,43,35,1,25.02594,121.50651,8
500113008,20231009,204,43,35,1,25.02594,121.50651,8
500113008,20231009,205,43,35,1,25.02594,121.50651,8
500113008,20231009,206,43,35,1,25.02594,121.50651,8
500113008,20231009,207,43,35,1,25.02594,121.50651,8
500113008,20231009,208,43,35,1,25.02594,121.50651,8
500113008,20231009,209,43,35,1,25.02594,121.50651,8
500113008,20231009,210,43,35,1,25.02594,121.50651,8
500113008,20231009,211,43,35,1,25.02594,121.50651,8
500113008,20231009,212,43,35,1,25.02594,121.50651,8
500113008,20231009,213,43,35,1,25.02594,121.50651,8
500113008,20231009,214,43,35,1,25.02594,121.50651,8
500113008,20231009,215,43,35,1,25.02594,121.50651,8
500113008,20231009,216,43,35,1,25.02594,121.50651,8
500113008,20231009,217,43,35,1,25.02594,121.50651,8
500113008,20231009,218,43,35,1,25.02594,121.50651,8
500113008,20231009,219,43,35,1,25.02594,121.50651,8
500113008,20231009,221,43,35,1,25.02594,121.50651,8
500113008,20231009,222,43,35,1,25.02594,121.50651,8
500113008,20231009,223,43,35,1,25.02594,121.50651,8
500113008,20231009,224,43,35,1,25.02594,121.50651,8
500113008,20231009,225,43,35,1,25.02594,121.50651,8
500113008,20231009,226,43,35,1,25.02594,121.50651,8
500113008,20231009,227,43,35,1,25.02594,121.50651,8
500113008,20231009,228,43,35,1,25.02594,121.50651,8
500113008,20231009,229,43,35,1,25.02594,121.50651,8
500113008,20231009,230,43,35,1,25.02594,121.50651,8
500113008,20231009,231,43,35,1,25.02594,121.50651,8
500113008,20231009,232,43,35,1,25.02594,121.50651,8
500113008,20231009,233,43,35,1,25.02594,121.50651,8
500113008,20231009,234,43,35,1,25.02594,121.50651,8
500113008,20231009,235,43,35,1,25.02594,121.50651,8
500113008,20231009,236,43,35,1,25.02594,121.50651,8
500113008,20231009,237,43,35,1,25.02594,121.50651,8
500113008,20231009,238,43,35,1,25.02594,121.50651,8
500113008,20231009,239,43,35,1,25.02594,121.50651,8
500113008,20231009,241,43,35,1,25.02594,121.50651,8
500113008,20231009,242,43,35,1,25.02594,121.50651,8
500113008,20231009,243,43,35,1,25.02594,121.50651,8
500113008,20231009,244,43,35,1,25.02594,121.50651,8
500113008,20231009,245,43,35,1,25.02594,121.50651,8
500113008,20231009,246,43,35,1,25.02594,121.50651,8
500113008,20231009,247,43,35,1,25.02594,121.50651,8
500113008,20231009,248,43,35,1,25.02594,121.50651,8
500113008,20231009,249,43,35,1,25.02594,121.50651,8
500113008,20231009,250,43,35,1,25.02594,121.50651,8
500113008,20231009,251,43,35,1,25.02594,121.50651,8
500113008,20231009,252,43,35,1,25.02594,121.50651,8
500113008,20231009,253,43,35,1,25.02594,121.50651,8
500113008,20231009,254,43,35,1,25.02594,121.50651,8
500113008,20231009,255,43,35,1,25.02594,121.50651,8
500113008,20231009,256,43,35,1,25.02594,121.50651,8
500113008,20231009,257,43,35,1,25.02594,121.50651,8
500113008,20231009,258,43,35,1,25.02594,121.50651,8
500113008,20231009,259,43,35,1,25.02594,121.50651,8
500113008,20231009,261,43,35,1,25.02594,121.50651,8
500113008,20231009,262,43,35,1,25.02594,121.50651,8
500113008,20231009,263,43,35,1,25.02594,121.50651,8
500113008,20231009,264,43,35,1,25.02594,121.50651,8
500113008,20231009,265,43,35,1,25.02594,121.50651,8
500113008,20231009,266,43,35,1,25.02594,121.50651,8
500113008,20231009,267,43,35,1,25.02594,121.50651,8
500113008,20231009,268,43,35,1,25.02594,121.50651,8
500113008,20231009,269,43,35,1,25.02594,121.50651,8
500113008,20231009,270,43,35,1,25.02594,121.50651,8
500113008,20231009,271,43,35,1,25.02594,121.50651,8
500113008,20231009,272,43,35,1,25.02594,121.50651,8
500113008,20231009,273,43,35,1,25.02594,121.50651,8
500113008,20231009,274,43,35,1,25.02594,121.50651,8
500113008,20231009,275,43,35,1,25.02594,121.50651,8
500113008,20231009,276,43,35,1,25.02594,121.50651,8
500113008,20231009,277,43,35,1,25.02594,121.50651,8
500113008,20231009,278,43,35,1,25.02594,121.50651,8
500113008,20231009,279,43,35,1,25.02594,121.50651,8
500113008,20231009,280,43,35,1,25.02594,121.50651,8
500113008,20231009,281,43,35,1,25.02594,121.50651,8
500113008,20231009,282,43,35,1,25.02594,121.50651,8
500113008,20231009,283,43,35,1,25.02594,121.50651,8
500113008,20231009,284,43,35,1,25.02594,121.50651,8
500113008,20231009,285,43,35,1,25.02594,121.50651,8
500113008,20231009,286,43,35,1,25.02594,121.50651,8
500113008,20231009,287,43,35,1,25.02594,121.50651,8
500113008,20231009,288,43,35,1,25.02594,121.50651,8
500113008,20231009,289,43,35,1,25.02594,121.50651,8
500113008,20231009,290,43,35,1,25.02594,121.50651,8
500113008,20231009,291,43,35,1,25.02594,121.50651,8
500113008,20231009,292,43,35,1,25.02594,121.50651,8
500113008,20231009,293,43,35,1,25.02594,121.50651,8
500113008,20231009,294,43,35,1,25.02594,121.50651,8
500113008,20231009,295,43,35,1,25.02594,121.50651,8
500113008,20231009,296,43,35,1,25.02594,121.50651,8
500113008,20231009,297,43,35,1,25.02594,121.50651,8
500113008,20231009,298,43,35,1,25.02594,121.50651,8
500113008,20231009,299,43,35,1,25.02594,121.50651,8
500113008,20231009,300,43,35,1,25.02594,121.50651,8
500113008,20231009,301,43,35,1,25.02594,121.50651,8
500113008,20231009,302,43,35,1,25.02594,121.50651,8
500113008,20231009,303,43,35,1,25.02594,121.50651,8
500113008,20231009,304,43,35,1,25.02594,121.50651,8
500113008,20231009,305,43,35,1,25.02594,121.50651,8
500113008,20231009,306,43,35,1,25.02594,121.50651,8
500113008,20231009,307,43,35,1,25.02594,121.50651,8
500113008,20231009,308,43,35,1,25.02594,121.50651,8
500113008,20231009,309,43,35,1,25.02594,121.50651,8
500113008,20231009,310,43,35,1,25.02594,121.50651,8
500113008,20231009,311,43,35,1,25.02594,121.50651,8
500113008,20231009,312,43,35,1,25.02594,121.50651,8
500113008,20231009,313,43,35,1,25.02594,121.50651,8
500113008,20231009,314,43,35,1,25.02594,121.50651,8
500113008,20231009,315,43,35,1,25.02594,121.50651,8
500113008,20231009,316,43,35,1,25.02594,121.50651,8
500113008,20231009,317,43,35,1,25.02594,121.50651,8
500113008,20231009,318,43,35,1,25.02594,121.50651,8
500113008,20231009,319,43,35,1,25.02594,121.50651,8
500113008,20231009,321,43,35,1,25.02594,121.50651,8
500113008,20231009,322,43,35,1,25.02594,121.50651,8
500113008,20231009,323,43,35,1,25.02594,121.50651,8
500113008,20231009,324,43,35,1,25.02594,121.50651,8
500113008,20231009,325,43,35,1,25.02594,121.50651,8
500113008,20231009,326,43,35,1,25.02594,121.50651,8
500113008,20231009,327,43,35,1,25.02594,121.50651,8
500113008,20231009,328,43,35,1,25.02594,121.50651,8
500113008,20231009,329,43,35,1,25.02594,121.50651,8
500113008,20231009,330,43,35,1,25.02594,121.50651,8
500113008,20231009,331,43,35,1,25.02594,121.50651,8
500113008,20231009,332,43,35,1,25.02594,121.50651,8
500113008,20231009,333,43,35,1,25.02594,121.50651,8
500113008,20231009,334,43,35,1,25.02594,121.50651,8
500113008,20231009,335,43,35,1,25.02594,121.50651,8
500113008,20231009,336,43,35,1,25.02594,121.50651,8
500113008,20231009,337,43,35,1,25.02594,121.50651,8
500113008,20231009,338,43,35,1,25.02594,121.50651,8
500113008,20231009,339,43,35,1,25.02594,121.50651,8
500113008,20231009,340,43,35,1,25.02594,121.50651,8
500113008,20231009,341,43,35,1,25.02594,121.50651,8
500113008,20231009,342,43,35,1,25.02594,121.50651,8
500113008,20231009,343,43,35,1,25.02594,121.50651,8
500113008,20231009,344,43,35,1,25.02594,121.50651,8
500113008,20231009,345,43,35,1,25.02594,121.50651,8
500113008,20231009,346,43,35,1,25.02594,121.50651,8
500113008,20231009,347,43,35,1,25.02594,121.50651,8
500113008,20231009,348,43,35,1,25.02594,121.50651,8
500113008,20231009,349,43,35,1,25.02594,121.50651,8
500113008,20231009,350,43,35,1,25.02594,121.50651,8
500113008,20231009,351,43,35,1,25.02594,121.50651,8
500113008,20231009,352,43,35,1,25.02594,121.50651,8
500113008,20231009,353,43,35,1,25.02594,121.50651,8
500113008,20231009,354,43,35,1,25.02594,121.50651,8
500113008,20231009,355,43,35,1,25.02594,121.50651,8
500113008,20231009,356,43,35,1,25.02594,121.50651,8
500113008,20231009,357,43,35,1,25.02594,121.50651,8
500113008,20231009,358,43,35,1,25.02594,121.50651,8
500113008,20231009,359,43,35,1,25.02594,121.50651,8
500113008,20231009,360,43,35,1,25.02594,121.50651,8
500113008,20231009,361,43,35,1,25.02594,121.50651,8
500113008,20231009,362,43,35,1,25.02594,121.50651,8
500113008,20231009,363,43,35,1,25.02594,121.50651,8
500113008,20231009,364,43,35,1,25.02594,121.50651,8
500113008,20231009,365,43,35,1,25.02594,121.50651,8
500113008,20231009,366,43,35,1,25.02594,121.50651,8
500113008,20231009,367,43,35,1,25.02594,121.50651,8
500113008,20231009,368,43,35,1,25.02594,121.50651,8
500113008,20231009,369,43,35,1,25.02594,121.50651,8
500113008,20231009,370,43,35,1,25.02594,121.50651,8
500113008,20231009,371,43,35,1,25.02594,121.50651,8
500113008,20231009,372,43,35,1,25.02594,121.50651,8
500113008,20231009,373,43,35,1,25.02594,121.50651,8
500113008,20231009,374,43,35,1,25.02594,121.50651,8
500113008,20231009,375,43,35,1,25.02594,121.50651,8
500113008,20231009,376,43,35,1,25.02594,121.50651,8
500113008,20231009,377,43,35,1,25.02594,121.50651,8
500113008,20231009,378,43,35,1,25.02594,121.50651,8
500113008,20231009,379,43,35,1,25.02594,121.50651,8
500113008,20231009,381,43,36,1,25.02594,121.50651,7
500113008,20231009,382,43,36,1,25.02594,121.50651,7
500113008,20231009,383,43,36,1,25.02594,121.50651,7
500113008,20231009,384,43,36,1,25.02594,121.50651,7
500113008,20231009,385,43,36,1,25.02594,121.50651,7
500113008,20231009,386,43,36,1,25.02594,121.50651,7
500113008,20231009,387,43,36,1,25.02594,121.50651,7
500113008,20231009,388,43,36,1,25.02594,121.50651,7
500113008,20231009,389,43,35,1,25.02594,121.50651,8
500113008,20231009,390,43,36,1,25.02594,121.50651,7
500113008,20231009,391,43,36,1,25.02594,121.50651,7
500113008,20231009,392,43,36,1,25.02594,121.50651,7
500113008,20231009,393,43,36,1,25.02594,121.50651,7
500113008,20231009,394,43,36,1,25.02594,121.50651,7
500113008,20231009,395,43,36,1,25.02594,121.50651,7
500113008,20231009,396,43,36,1,25.02594,121.50651,7
500113008,20231009,397,43,36,1,25.02594,121.50651,7
500113008,20231009,398,43,36,1,25.02594,121.50651,7
500113008,20231009,399,43,36,1,25.02594,121.50651,7
500113008,20231009,400,43,37,1,25.02594,121.50651,6
500113008,20231009,401,43,37,1,25.02594,121.50651,6
500113008,20231009,402,43,37,1,25.02594,121.50651,6
500113008,20231009,403,43,37,1,25.02594,121.50651,6
500113008,20231009,404,43,37,1,25.02594,121.50651,6
500113008,20231009,405,43,37,1,25.02594,121.50651,6
500113008,20231009,406,43,37,1,25.02594,121.50651,6
500113008,20231009,407,43,37,1,25.02594,121.50651,6
500113008,20231009,408,43,37,1,25.02594,121.50651,6
500113008,20231009,409,43,37,1,25.02594,121.50651,6
500113008,20231009,410,43,37,1,25.02594,121.50651,6
500113008,20231009,411,43,37,1,25.02594,121.50651,6
500113008,20231009,412,43,37,1,25.02594,121.50651,6
500113008,20231009,413,43,37,1,25.02594,121.50651,6
500113008,20231009,414,43,37,1,25.02594,121.50651,6
500113008,20231009,415,43,37,1,25.02594,121.50651,6
500113008,20231009,416,43,37,1,25.02594,121.50651,6
500113008,20231009,417,43,37,1,25.02594,121.50651,6
500113008,20231009,418,43,36,1,25.02594,121.50651,7
500113008,20231009,419,43,36,1,25.02594,121.50651,7
500113008,20231009,420,43,36,1,25.02594,121.50651,7
500113008,20231009,421,43,36,1,25.02594,121.50651,7
500113008,20231009,422,43,36,1,25.02594,121.50651,7
500113008,20231009,423,43,36,1,25.02594,121.50651,7
500113008,20231009,424,43,36,1,25.02594,121.50651,7
500113008,20231009,425,43,36,1,25.02594,121.50651,7
500113008,20231009,426,43,37,1,25.02594,121.50651,6
500113008,20231009,427,43,37,1,25.02594,121.50651,6
500113008,20231009,428,43,37,1,25.02594,121.50651,6
500113008,20231009,429,43,37,1,25.02594,121.50651,6
500113008,20231009,430,43,37,1,25.02594,121.50651,6
500113008,20231009,431,43,37,1,25.02594,121.50651,6
500113008,20231009,432,43,37,1,25.02594,121.50651,6
500113008,20231009,433,43,37,1,25.02594,121.50651,6
500113008,20231009,434,43,35,1,25.02594,121.50651,8
500113008,20231009,435,43,35,1,25.02594,121.50651,8
500113008,20231009,436,43,35,1,25.02594,121.50651,8
500113008,20231009,437,43,35,1,25.02594,121.50651,8
500113008,20231009,438,43,35,1,25.02594,121.50651,8
500113008,20231009,439,43,34,1,25.02594,121.50651,9
500113008,20231009,441,43,33,1,25.02594,121.50651,10
500113008,20231009,442,43,33,1,25.02594,121.50651,10
500113008,20231009,443,43,33,1,25.02594,121.50651,10
500113008,20231009,444,43,33,1,25.02594,121.50651,10
500113008,20231009,445,43,33,1,25.02594,121.50651,10
500113008,20231009,446,43,33,1,25.02594,121.50651,9
500113008,20231009,447,43,33,1,25.02594,121.50651,9
500113008,20231009,448,43,33,1,25.02594,121.50651,9
500113008,20231009,449,43,33,1,25.02594,121.50651,9
500113008,20231009,450,43,33,1,25.02594,121.50651,9
500113008,20231009,451,43,33,1,25.02594,121.50651,9
500113008,20231009,452,43,33,1,25.02594,121.50651,9
500113008,20231009,453,43,34,1,25.02594,121.50651,8
500113008,20231009,454,43,33,1,25.02594,121.50651,9
500113008,20231009,455,43,33,1,25.02594,121.50651,9
500113008,20231009,456,43,33,1,25.02594,121.50651,9
500113008,20231009,457,43,33,1,25.02594,121.50651,9
500113008,20231009,458,43,32,1,25.02594,121.50651,10
500113008,20231009,459,43,32,1,25.02594,121.50651,10
500113008,20231009,460,43,32,1,25.02594,121.50651,10
500113008,20231009,461,43,32,1,25.02594,121.50651,10
500113008,20231009,462,43,32,1,25.02594,121.50651,10
500113008,20231009,463,43,32,1,25.02594,121.50651,10
500113008,20231009,464,43,33,1,25.02594,121.50651,9
500113008,20231009,465,43,33,1,25.02594,121.50651,9
500113008,20231009,466,43,33,1,25.02594,121.50651,9
500113008,20231009,467,43,33,1,25.02594,121.50651,9
500113008,20231009,468,43,33,1,25.02594,121.50651,9
500113008,20231009,469,43,33,1,25.02594,121.50651,9
500113008,20231009,470,43,33,1,25.02594,121.50651,9
500113008,20231009,471,43,33,1,25.02594,121.50651,9
500113008,20231009,472,43,33,1,25.02594,121.50651,9
500113008,20231009,473,43,33,1,25.02594,121.50651,9
500113008,20231009,474,43,33,1,25.02594,121.50651,9
500113008,20231009,475,43,33,1,25.02594,121.50651,9
500113008,20231009,476,43,33,1,25.02594,121.50651,9
500113008,20231009,477,43,33,1,25.02594,121.50651,9
500113008,20231009,478,43,33,1,25.02594,121.50651,9
500113008,20231009,479,43,33,1,25.02594,121.50651,9
500113008,20231009,481,43,34,1,25.02594,121.50651,8
500113008,20231009,482,43,34,1,25.02594,121.50651,8
500113008,20231009,483,43,34,1,25.02594,121.50651,8
500113008,20231009,484,43,34,1,25.02594,121.50651,8
500113008,20231009,485,43,34,1,25.02594,121.50651,8
500113008,20231009,486,43,34,1,25.02594,121.50651,8
500113008,20231009,487,43,33,1,25.02594,121.50651,9
500113008,20231009,488,43,33,1,25.02594,121.50651,9
500113008,20231009,489,43,34,1,25.02594,121.50651,8
500113008,20231009,490,43,34,1,25.02594,121.50651,8
500113008,20231009,491,43,34,1,25.02594,121.50651,8
500113008,20231009,492,43,34,1,25.02594,121.50651,8
500113008,20231009,493,43,34,1,25.02594,121.50651,8
500113008,20231009,494,43,34,1,25.02594,121.50651,8
500113008,20231009,495,43,34,1,25.02594,121.50651,8
500113008,20231009,496,43,35,1,25.02594,121.50651,7
500113008,20231009,497,43,35,1,25.02594,121.50651,7
500113008,20231009,498,43,35,1,25.02594,121.50651,7
500113008,20231009,499,43,35,1,25.02594,121.50651,7
500113008,20231009,501,43,35,1,25.02594,121.50651,7
500113008,20231009,502,43,35,1,25.02594,121.50651,7
500113008,20231009,503,43,35,1,25.02594,121.50651,7
500113008,20231009,504,43,35,1,25.02594,121.50651,7
500113008,20231009,505,43,35,1,25.02594,121.50651,7
500113008,20231009,506,43,35,1,25.02594,121.50651,7
500113008,20231009,507,43,35,1,25.02594,121.50651,7
500113008,20231009,508,43,35,1,25.02594,121.50651,7
500113008,20231009,509,43,35,1,25.02594,121.50651,7
500113008,20231009,510,43,35,1,25.02594,121.50651,7
500113008,20231009,511,43,35,1,25.02594,121.50651,7
500113008,20231009,512,43,36,1,25.02594,121.50651,6
500113008,20231009,513,43,36,1,25.02594,121.50651,6
500113008,20231009,514,43,35,1,25.02594,121.50651,7
500113008,20231009,515,43,35,1,25.02594,121.50651,7
500113008,20231009,516,43,35,1,25.02594,121.50651,7
500113008,20231009,517,43,35,1,25.02594,121.50651,7
500113008,20231009,518,43,35,1,25.02594,121.50651,7
500113008,20231009,519,43,35,1,25.02594,121.50651,7
500113008,20231009,520,43,36,1,25.02594,121.50651,6
500113008,20231009,521,43,36,1,25.02594,121.50651,6
500113008,20231009,522,43,35,1,25.02594,121.50651,7
500113008,20231009,523,43,35,1,25.02594,121.50651,7
500113008,20231009,524,43,35,1,25.02594,121.50651,7
500113008,20231009,525,43,36,1,25.02594,121.50651,6
500113008,20231009,526,43,37,1,25.02594,121.50651,5
500113008,20231009,527,43,37,1,25.02594,121.50651,5
500113008,20231009,528,43,37,1,25.02594,121.50651,5
500113008,20231009,529,43,37,1,25.02594,121.50651,5
500113008,20231009,530,43,37,1,25.02594,121.50651,5
500113008,20231009,532,43,37,1,25.02594,121.50651,5
500113008,20231009,533,43,37,1,25.02594,121.50651,5
500113008,20231009,534,43,38,1,25.02594,121.50651,4
500113008,20231009,535,43,38,1,25.02594,121.50651,4
500113008,20231009,536,43,38,1,25.02594,121.50651,4
500113008,20231009,537,43,38,1,25.02594,121.50651,4
500113008,20231009,538,43,37,1,25.02594,121.50651,5
500113008,20231009,539,43,37,1,25.02594,121.50651,5
500113008,20231009,541,43,37,1,25.02594,121.50651,5
500113008,20231009,542,43,37,1,25.02594,121.50651,5
500113008,20231009,543,43,37,1,25.02594,121.50651,5
500113008,20231009,544,43,37,1,25.02594,121.50651,5
500113008,20231009,545,43,37,1,25.02594,121.50651,5
500113008,20231009,546,43,37,1,25.02594,121.50651,5
500113008,20231009,547,43,37,1,25.02594,121.50651,5
500113008,20231009,548,43,37,1,25.02594,121.50651,5
500113008,20231009,549,43,38,1,25.02594,121.50651,4
500113008,20231009,550,43,39,1,25.02594,121.50651,3
500113008,20231009,551,43,39,1,25.02594,121.50651,3
500113008,20231009,552,43,39,1,25.02594,121.50651,3
500113008,20231009,553,43,39,1,25.02594,121.50651,3
500113008,20231009,554,43,39,1,25.02594,121.50651,3
500113008,20231009,555,43,40,1,25.02594,121.50651,2
500113008,20231009,556,43,40,1,25.02594,121.50651,2
500113008,20231009,557,43,40,1,25.02594,121.50651,2
500113008,20231009,558,43,40,1,25.02594,121.50651,2
500113008,20231009,559,43,40,1,25.02594,121.50651,2
500113008,20231009,561,43,40,1,25.02594,121.50651,2
500113008,20231009,562,43,40,1,25.02594,121.50651,2
500113008,20231009,563,43,40,1,25.02594,121.50651,2
500113008,20231009,564,43,40,1,25.02594,121.50651,2
500113008,20231009,565,43,40,1,25.02594,121.50651,2
500113008,20231009,566,43,40,1,25.02594,121.50651,2
500113008,20231009,567,43,41,1,25.02594,121.50651,1
500113008,20231009,568,43,41,1,25.02594,121.50651,1
500113008,20231009,569,43,41,1,25.02594,121.50651,1
500113008,20231009,570,43,41,1,25.02594,121.50651,1
500113008,20231009,571,43,41,1,25.02594,121.50651,1
500113008,20231009,572,43,41,1,25.02594,121.50651,1
500113008,20231009,573,43,41,1,25.02594,121.50651,1
500113008,20231009,574,43,41,1,25.02594,121.50651,1
500113008,20231009,575,43,41,1,25.02594,121.50651,1
500113008,20231009,576,43,41,1,25.02594,121.50651,1
500113008,20231009,577,43,41,1,25.02594,121.50651,1
500113008,20231009,578,43,41,1,25.02594,121.50651,1
500113008,20231009,579,43,41,1,25.02594,121.50651,1
500113008,20231009,580,43,41,1,25.02594,121.50651,1
500113008,20231009,581,43,41,1,25.02594,121.50651,1
500113008,20231009,582,43,41,1,25.02594,121.50651,1
500113008,20231009,583,43,41,1,25.02594,121.50651,1
500113008,20231009,584,43,41,1,25.02594,121.50651,1
500113008,20231009,585,43,42,1,25.02594,121.50651,0
500113008,20231009,586,43,42,1,25.02594,121.50651,0
500113008,20231009,587,43,42,1,25.02594,121.50651,0
500113008,20231009,588,43,42,1,25.02594,121.50651,0
500113008,20231009,589,43,42,1,25.02594,121.50651,0
500113008,20231009,590,43,42,1,25.02594,121.50651,0
500113008,20231009,591,43,42,1,25.02594,121.50651,0
500113008,20231009,592,43,42,1,25.02594,121.50651,0
500113008,20231009,593,43,42,1,25.02594,121.50651,0
500113008,20231009,594,43,41,1,25.02594,121.50651,1
500113008,20231009,595,43,41,1,25.02594,121.50651,1
500113008,20231009,596,43,41,1,25.02594,121.50651,1
500113008,20231009,597,43,41,1,25.02594,121.50651,1
500113008,20231009,598,43,41,1,25.02594,121.50651,1
500113008,20231009,599,43,41,1,25.02594,121.50651,1
500113008,20231009,601,43,41,1,25.02594,121.50651,1
500113008,20231009,602,43,41,1,25.02594,121.50651,1
500113008,20231009,603,43,41,1,25.02594,121.50651,1
500113008,20231009,604,43,41,1,25.02594,121.50651,1
500113008,20231009,605,43,41,1,25.02594,121.50651,1
500113008,20231009,606,43,41,1,25.02594,121.50651,1
500113008,20231009,607,43,41,1,25.02594,121.50651,1
500113008,20231009,608,43,41,1,25.02594,121.50651,1
500113008,20231009,609,43,41,1,25.02594,121.50651,1
500113008,20231009,610,43,41,1,25.02594,121.50651,1
500113008,20231009,611,43,41,1,25.02594,121.50651,1
500113008,20231009,612,43,40,1,25.02594,121.50651,2
500113008,20231009,613,43,40,1,25.02594,121.50651,2
500113008,20231009,614,43,40,1,25.02594,121.50651,2
500113008,20231009,615,43,41,1,25.02594,121.50651,1
500113008,20231009,616,43,41,1,25.02594,121.50651,1
500113008,20231009,617,43,41,1,25.02594,121.50651,1
500113008,20231009,618,43,41,1,25.02594,121.50651,1
500113008,20231009,619,43,41,1,25.02594,121.50651,1
500113008,20231009,621,43,42,1,25.02594,121.50651,0
500113008,20231009,622,43,42,1,25.02594,121.50651,0
500113008,20231009,623,43,42,1,25.02594,121.50651,0
500113008,20231009,624,43,42,1,25.02594,121.50651,0
500113008,20231009,625,43,42,1,25.02594,121.50651,0
500113008,20231009,626,43,42,1,25.02594,121.50651,0
500113008,20231009,627,43,42,1,25.02594,121.50651,0
500113008,20231009,628,43,41,1,25.02594,121.50651,1
500113008,20231009,629,43,41,1,25.02594,121.50651,1
500113008,20231009,630,43,41,1,25.02594,121.50651,1
500113008,20231009,631,43,41,1,25.02594,121.50651,1
500113008,20231009,632,43,41,1,25.02594,121.50651,1
500113008,20231009,633,43,41,1,25.02594,121.50651,1
500113008,20231009,634,43,41,1,25.02594,121.50651,1
500113008,20231009,635,43,41,1,25.02594,121.50651,1
500113008,20231009,636,43,41,1,25.02594,121.50651,1
500113008,20231009,637,43,41,1,25.02594,121.50651,1
500113008,20231009,638,43,41,1,25.02594,121.50651,1
500113008,20231009,639,43,41,1,25.02594,121.50651,1
500113008,20231009,640,43,41,1,25.02594,121.50651,1
500113008,20231009,641,43,41,1,25.02594,121.50651,1
500113008,20231009,642,43,41,1,25.02594,121.50651,1
500113008,20231009,643,43,41,1,25.02594,121.50651,1
500113008,20231009,644,43,41,1,25.02594,121.50651,1
500113008,20231009,645,43,41,1,25.02594,121.50651,1
500113008,20231009,646,43,41,1,25.02594,121.50651,1
500113008,20231009,647,43,41,1,25.02594,121.50651,1
500113008,20231009,648,43,41,1,25.02594,121.50651,1
500113008,20231009,649,43,41,1,25.02594,121.50651,1
500113008,20231009,650,43,41,1,25.02594,121.50651,1
500113008,20231009,651,43,41,1,25.02594,121.50651,1
500113008,20231009,652,43,41,1,25.02594,121.50651,1
500113008,20231009,653,43,41,1,25.02594,121.50651,1
500113008,20231009,654,43,42,1,25.02594,121.50651,0
500113008,20231009,655,43,42,1,25.02594,121.50651,0
500113008,20231009,656,43,42,1,25.02594,121.50651,0
500113008,20231009,657,43,42,1,25.02594,121.50651,0
500113008,20231009,658,43,42,1,25.02594,121.50651,0
500113008,20231009,659,43,42,1,25.02594,121.50651,0
500113008,20231009,661,43,42,1,25.02594,121.50651,0
500113008,20231009,662,43,42,1,25.02594,121.50651,0
500113008,20231009,663,43,42,1,25.02594,121.50651,0
500113008,20231009,664,43,42,1,25.02594,121.50651,0
500113008,20231009,665,43,42,1,25.02594,121.50651,0
500113008,20231009,666,43,42,1,25.02594,121.50651,0
500113008,20231009,667,43,42,1,25.02594,121.50651,0
500113008,20231009,668,43,42,1,25.02594,121.50651,0
500113008,20231009,669,43,42,1,25.02594,121.50651,0
500113008,20231009,670,43,42,1,25.02594,121.50651,0
500113008,20231009,671,43,42,1,25.02594,121.50651,0
500113008,20231009,672,43,42,1,25.02594,121.50651,0
500113008,20231009,673,43,42,1,25.02594,121.50651,0
500113008,20231009,674,43,42,1,25.02594,121.50651,0
500113008,20231009,675,43,42,1,25.02594,121.50651,0
500113008,20231009,676,43,42,1,25.02594,121.50651,0
500113008,20231009,677,43,42,1,25.02594,121.50651,0
500113008,20231009,678,43,42,1,25.02594,121.50651,0
500113008,20231009,679,43,42,1,25.02594,121.50651,0
500113008,20231009,681,43,41,1,25.02594,121.50651,1
500113008,20231009,682,43,40,1,25.02594,121.50651,2
500113008,20231009,683,43,40,1,25.02594,121.50651,2
500113008,20231009,684,43,40,1,25.02594,121.50651,2
500113008,20231009,685,43,40,1,25.02594,121.50651,2
500113008,20231009,686,43,40,1,25.02594,121.50651,2
500113008,20231009,687,43,41,1,25.02594,121.50651,1
500113008,20231009,688,43,41,1,25.02594,121.50651,1
500113008,20231009,689,43,41,1,25.02594,121.50651,1
500113008,20231009,690,43,41,1,25.02594,121.50651,1
500113008,20231009,691,43,41,1,25.02594,121.50651,1
500113008,20231009,692,43,41,1,25.02594,121.50651,1
500113008,20231009,693,43,41,1,25.02594,121.50651,1
500113008,20231009,694,43,42,1,25.02594,121.50651,0
500113008,20231009,695,43,42,1,25.02594,121.50651,0
500113008,20231009,696,43,42,1,25.02594,121.50651,0
500113008,20231009,697,43,41,1,25.02594,121.50651,1
500113008,20231009,698,43,41,1,25.02594,121.50651,1
500113008,20231009,699,43,41,1,25.02594,121.50651,1
500113008,20231009,700,43,41,1,25.02594,121.50651,1
500113008,20231009,701,43,41,1,25.02594,121.50651,1
500113008,20231009,702,43,41,1,25.02594,121.50651,1
500113008,20231009,703,43,40,1,25.02594,121.50651,2
500113008,20231009,704,43,40,1,25.02594,121.50651,2
500113008,20231009,705,43,40,1,25.02594,121.50651,2
500113008,20231009,706,43,40,1,25.02594,121.50651,2
500113008,20231009,707,43,40,1,25.02594,121.50651,2
500113008,20231009,708,43,39,1,25.02594,121.50651,3
500113008,20231009,709,43,38,1,25.02594,121.50651,4
500113008,20231009,710,43,38,1,25.02594,121.50651,4
500113008,20231009,711,43,38,1,25.02594,121.50651,4
500113008,20231009,712,43,38,1,25.02594,121.50651,4
500113008,20231009,713,43,37,1,25.02594,121.50651,5
500113008,20231009,714,43,37,1,25.02594,121.50651,5
500113008,20231009,715,43,38,1,25.02594,121.50651,4
500113008,20231009,716,43,38,1,25.02594,121.50651,4
500113008,20231009,717,43,38,1,25.02594,121.50651,4
500113008,20231009,718,43,38,1,25.02594,121.50651,4
500113008,20231009,719,43,38,1,25.02594,121.50651,4
500113008,20231009,721,43,38,1,25.02594,121.50651,4
500113008,20231009,722,43,38,1,25.02594,121.50651,4
500113008,20231009,723,43,38,1,25.02594,121.50651,4
500113008,20231009,724,43,38,1,25.02594,121.50651,4
500113008,20231009,725,43,38,1,25.02594,121.50651,4
500113008,20231009,726,43,38,1,25.02594,121.50651,4
500113008,20231009,727,43,38,1,25.02594,121.50651,4
500113008,20231009,728,43,38,1,25.02594,121.50651,4
500113008,20231009,729,43,38,1,25.02594,121.50651,4
500113008,20231009,730,43,38,1,25.02594,121.50651,4
500113008,20231009,731,43,38,1,25.02594,121.50651,4
500113008,20231009,732,43,38,1,25.02594,121.50651,4
500113008,20231009,733,43,38,1,25.02594,121.50651,4
500113008,20231009,734,43,38,1,25.02594,121.50651,4
500113008,20231009,735,43,38,1,25.02594,121.50651,4
500113008,20231009,736,43,38,1,25.02594,121.50651,4
500113008,20231009,737,43,38,1,25.02594,121.50651,4
500113008,20231009,738,43,38,1,25.02594,121.50651,4
500113008,20231009,739,43,38,1,25.02594,121.50651,4
500113008,20231009,741,43,38,1,25.02594,121.50651,4
500113008,20231009,742,43,39,1,25.02594,121.50651,3
500113008,20231009,743,43,39,1,25.02594,121.50651,3
500113008,20231009,744,43,39,1,25.02594,121.50651,3
500113008,20231009,745,43,40,1,25.02594,121.50651,2
500113008,20231009,746,43,40,1,25.02594,121.50651,2
500113008,20231009,747,43,40,1,25.02594,121.50651,2
500113008,20231009,748,43,39,1,25.02594,121.50651,3
500113008,20231009,749,43,39,1,25.02594,121.50651,3
500113008,20231009,751,43,39,1,25.02594,121.50651,3
500113008,20231009,752,43,39,1,25.02594,121.50651,3
500113008,20231009,753,43,39,1,25.02594,121.50651,3
500113008,20231009,754,43,38,1,25.02594,121.50651,4
500113008,20231009,755,43,38,1,25.02594,121.50651,4
500113008,20231009,756,43,38,1,25.02594,121.50651,4
500113008,20231009,757,43,38,1,25.02594,121.50651,4
500113008,20231009,758,43,38,1,25.02594,121.50651,4
500113008,20231009,759,43,38,1,25.02594,121.50651,4
500113008,20231009,760,43,38,1,25.02594,121.50651,4
500113008,20231009,761,43,38,1,25.02594,121.50651,4
500113008,20231009,762,43,38,1,25.02594,121.50651,4
500113008,20231009,763,43,37,1,25.02594,121.50651,5
500113008,20231009,764,43,36,1,25.02594,121.50651,6
500113008,20231009,765,43,36,1,25.02594,121.50651,6
500113008,20231009,766,43,37,1,25.02594,121.50651,5
500113008,20231009,767,43,37,1,25.02594,121.50651,5
500113008,20231009,768,43,37,1,25.02594,121.50651,5
500113008,20231009,769,43,38,1,25.02594,121.50651,4
500113008,20231009,770,43,38,1,25.02594,121.50651,4
500113008,20231009,771,43,38,1,25.02594,121.50651,4
500113008,20231009,772,43,38,1,25.02594,121.50651,4
500113008,20231009,773,43,37,1,25.02594,121.50651,5
500113008,20231009,774,43,37,1,25.02594,121.50651,5
500113008,20231009,775,43,38,1,25.02594,121.50651,4
500113008,20231009,776,43,38,1,25.02594,121.50651,4
500113008,20231009,777,43,39,1,25.02594,121.50651,3
500113008,20231009,778,43,40,1,25.02594,121.50651,2
500113008,20231009,779,43,41,1,25.02594,121.50651,1
500113008,20231009,781,43,42,1,25.02594,121.50651,0
500113008,20231009,782,43,42,1,25.02594,121.50651,0
500113008,20231009,783,43,42,1,25.02594,121.50651,0
500113008,20231009,784,43,42,1,25.02594,121.50651,0
500113008,20231009,785,43,42,1,25.02594,121.50651,0
500113008,20231009,786,43,42,1,25.02594,121.50651,0
500113008,20231009,787,43,42,1,25.02594,121.50651,0
500113008,20231009,788,43,42,1,25.02594,121.50651,0
500113008,20231009,789,43,41,1,25.02594,121.50651,1
500113008,20231009,790,43,40,1,25.02594,121.50651,2
500113008,20231009,791,43,40,1,25.02594,121.50651,2
500113008,20231009,792,43,39,1,25.02594,121.50651,3
500113008,20231009,793,43,38,1,25.02594,121.50651,4
500113008,20231009,794,43,38,1,25.02594,121.50651,4
500113008,20231009,795,43,38,1,25.02594,121.50651,4
500113008,20231009,796,43,38,1,25.02594,121.50651,4
500113008,20231009,797,43,38,1,25.02594,121.50651,4
500113008,20231009,798,43,38,1,25.02594,121.50651,4
500113008,20231009,799,43,38,1,25.02594,121.50651,4
500113008,20231009,801,43,36,1,25.02594,121.50651,6
500113008,20231009,802,43,35,1,25.02594,121.50651,7
500113008,20231009,803,43,35,1,25.02594,121.50651,7
500113008,20231009,804,43,35,1,25.02594,121.50651,7
500113008,20231009,805,43,33,1,25.02594,121.50651,9
500113008,20231009,806,43,33,1,25.02594,121.50651,9
500113008,20231009,807,43,33,1,25.02594,121.50651,9
500113008,20231009,808,43,33,1,25.02594,121.50651,9
500113008,20231009,809,43,32,1,25.02594,121.50651,10
500113008,20231009,811,43,32,1,25.02594,121.50651,10
500113008,20231009,812,43,32,1,25.02594,121.50651,10
500113008,20231009,813,43,32,1,25.02594,121.50651,10
500113008,20231009,814,43,33,1,25.02594,121.50651,9
500113008,20231009,815,43,33,1,25.02594,121.50651,9
500113008,20231009,816,43,33,1,25.02594,121.50651,9
500113008,20231009,817,43,33,1,25.02594,121.50651,9
500113008,20231009,818,43,34,1,25.02594,121.50651,8
500113008,20231009,819,43,36,1,25.02594,121.50651,6
500113008,20231009,820,43,35,1,25.02594,121.50651,7
500113008,20231009,821,43,35,1,25.02594,121.50651,7
500113008,20231009,822,43,35,1,25.02594,121.50651,7
500113008,20231009,823,43,35,1,25.02594,121.50651,7
500113008,20231009,824,43,35,1,25.02594,121.50651,7
500113008,20231009,825,43,35,1,25.02594,121.50651,7
500113008,20231009,826,43,35,1,25.02594,121.50651,7
500113008,20231009,827,43,35,1,25.02594,121.50651,7
500113008,20231009,828,43,35,1,25.02594,121.50651,7
500113008,20231009,829,43,35,1,25.02594,121.50651,7
500113008,20231009,830,43,35,1,25.02594,121.50651,7
500113008,20231009,831,43,35,1,25.02594,121.50651,7
500113008,20231009,832,43,35,1,25.02594,121.50651,7
500113008,20231009,833,43,35,1,25.02594,121.50651,7
500113008,20231009,834,43,35,1,25.02594,121.50651,7
500113008,20231009,835,43,35,1,25.02594,121.50651,7
500113008,20231009,836,43,35,1,25.02594,121.50651,7
500113008,20231009,837,43,35,1,25.02594,121.50651,7
500113008,20231009,838,43,34,1,25.02594,121.50651,8
500113008,20231009,839,43,34,1,25.02594,121.50651,8
500113008,20231009,842,43,34,1,25.02594,121.50651,8
500113008,20231009,843,43,34,1,25.02594,121.50651,8
500113008,20231009,844,43,34,1,25.02594,121.50651,8
500113008,20231009,845,43,34,1,25.02594,121.50651,8
500113008,20231009,846,43,34,1,25.02594,121.50651,8
500113008,20231009,847,43,35,1,25.02594,121.50651,7
500113008,20231009,848,43,35,1,25.02594,121.50651,7
500113008,20231009,849,43,35,1,25.02594,121.50651,7
500113008,20231009,850,43,35,1,25.02594,121.50651,7
500113008,20231009,851,43,35,1,25.02594,121.50651,7
500113008,20231009,852,43,35,1,25.02594,121.50651,7
500113008,20231009,853,43,35,1,25.02594,121.50651,7
500113008,20231009,854,43,35,1,25.02594,121.50651,7
500113008,20231009,855,43,35,1,25.02594,121.50651,7
500113008,20231009,856,43,36,1,25.02594,121.50651,6
500113008,20231009,857,43,35,1,25.02594,121.50651,7
500113008,20231009,858,43,35,1,25.02594,121.50651,7
500113008,20231009,859,43,35,1,25.02594,121.50651,7
500113008,20231009,861,43,35,1,25.02594,121.50651,7
500113008,20231009,862,43,35,1,25.02594,121.50651,7
500113008,20231009,863,43,35,1,25.02594,121.50651,7
500113008,20231009,864,43,35,1,25.02594,121.50651,7
500113008,20231009,865,43,35,1,25.02594,121.50651,8
500113008,20231009,866,43,36,1,25.02594,121.50651,7
500113008,20231009,867,43,35,1,25.02594,121.50651,8
500113008,20231009,868,43,35,1,25.02594,121.50651,8
500113008,20231009,869,43,35,1,25.02594,121.50651,8
500113008,20231009,870,43,35,1,25.02594,121.50651,8
500113008,20231009,871,43,35,1,25.02594,121.50651,8
500113008,20231009,872,43,35,1,25.02594,121.50651,8
500113008,20231009,873,43,34,1,25.02594,121.50651,9
500113008,20231009,874,43,34,1,25.02594,121.50651,9
500113008,20231009,875,43,34,1,25.02594,121.50651,9
500113008,20231009,876,43,33,1,25.02594,121.50651,10
500113008,20231009,877,43,34,1,25.02594,121.50651,9
500113008,20231009,878,43,34,1,25.02594,121.50651,9
500113008,20231009,879,43,34,1,25.02594,121.50651,9
500113008,20231009,880,43,33,1,25.02594,121.50651,10
500113008,20231009,881,43,33,1,25.02594,121.50651,10
500113008,20231009,882,43,34,1,25.02594,121.50651,9
500113008,20231009,883,43,31,1,25.02594,121.50651,12
500113008,20231009,884,43,31,1,25.02594,121.50651,12
500113008,20231009,885,43,31,1,25.02594,121.50651,12
500113008,20231009,886,43,33,1,25.02594,121.50651,10
500113008,20231009,887,43,33,1,25.02594,121.50651,10
500113008,20231009,888,43,33,1,25.02594,121.50651,10
500113008,20231009,889,43,33,1,25.02594,121.50651,10
500113008,20231009,890,43,33,1,25.02594,121.50651,10
500113008,20231009,891,43,34,1,25.02594,121.50651,9
500113008,20231009,892,43,34,1,25.02594,121.50651,9
500113008,20231009,893,43,34,1,25.02594,121.50651,9
500113008,20231009,894,43,34,1,25.02594,121.50651,9
500113008,20231009,895,43,34,1,25.02594,121.50651,9
500113008,20231009,896,43,34,1,25.02594,121.50651,9
500113008,20231009,897,43,34,1,25.02594,121.50651,9
500113008,20231009,898,43,36,1,25.02594,121.50651,7
500113008,20231009,899,43,36,1,25.02594,121.50651,7
500113008,20231009,901,43,38,1,25.02594,121.50651,5
500113008,20231009,902,43,38,1,25.02594,121.50651,5
500113008,20231009,903,43,38,1,25.02594,121.50651,5
500113008,20231009,904,43,38,1,25.02594,121.50651,5
500113008,20231009,905,43,36,1,25.02594,121.50651,7
500113008,20231009,906,43,35,1,25.02594,121.50651,8
500113008,20231009,907,43,35,1,25.02594,121.50651,8
500113008,20231009,908,43,36,1,25.02594,121.50651,7
500113008,20231009,909,43,36,1,25.02594,121.50651,7
500113008,20231009,910,43,36,1,25.02594,121.50651,7
500113008,20231009,911,43,36,1,25.02594,121.50651,7
500113008,20231009,912,43,36,1,25.02594,121.50651,7
500113008,20231009,913,43,36,1,25.02594,121.50651,7
500113008,20231009,914,43,36,1,25.02594,121.50651,7
500113008,20231009,915,43,36,1,25.02594,121.50651,7
500113008,20231009,916,43,36,1,25.02594,121.50651,7
500113008,20231009,917,43,36,1,25.02594,121.50651,7
500113008,20231009,918,43,34,1,25.02594,121.50651,9
500113008,20231009,919,43,34,1,25.02594,121.50651,9
500113008,20231009,921,43,34,1,25.02594,121.50651,9
500113008,20231009,922,43,34,1,25.02594,121.50651,9
500113008,20231009,923,43,33,1,25.02594,121.50651,10
500113008,20231009,924,43,33,1,25.02594,121.50651,10
500113008,20231009,925,43,33,1,25.02594,121.50651,10
500113008,20231009,926,43,33,1,25.02594,121.50651,10
500113008,20231009,927,43,35,1,25.02594,121.50651,8
500113008,20231009,928,43,35,1,25.02594,121.50651,8
500113008,20231009,929,43,35,1,25.02594,121.50651,8
500113008,20231009,930,43,35,1,25.02594,121.50651,8
500113008,20231009,931,43,36,1,25.02594,121.50651,7
500113008,20231009,932,43,36,1,25.02594,121.50651,7
500113008,20231009,933,43,36,1,25.02594,121.50651,7
500113008,20231009,934,43,35,1,25.02594,121.50651,8
500113008,20231009,935,43,35,1,25.02594,121.50651,8
500113008,20231009,936,43,35,1,25.02594,121.50651,8
500113008,20231009,937,43,35,1,25.02594,121.50651,8
500113008,20231009,938,43,35,1,25.02594,121.50651,8
500113008,20231009,939,43,36,1,25.02594,121.50651,7
500113008,20231009,940,43,36,1,25.02594,121.50651,7
500113008,20231009,941,43,36,1,25.02594,121.50651,7
500113008,20231009,942,43,37,1,25.02594,121.50651,6
500113008,20231009,943,43,37,1,25.02594,121.50651,6
500113008,20231009,944,43,37,1,25.02594,121.50651,6
500113008,20231009,945,43,36,1,25.02594,121.50651,7
500113008,20231009,946,43,36,1,25.02594,121.50651,7
500113008,20231009,947,43,36,1,25.02594,121.50651,7
500113008,20231009,948,43,36,1,25.02594,121.50651,7
500113008,20231009,949,43,36,1,25.02594,121.50651,7
500113008,20231009,950,43,35,1,25.02594,121.50651,8
500113008,20231009,951,43,35,1,25.02594,121.50651,8
500113008,20231009,952,43,36,1,25.02594,121.50651,7
500113008,20231009,953,43,36,1,25.02594,121.50651,7
500113008,20231009,954,43,36,1,25.02594,121.50651,7
500113008,20231009,955,43,36,1,25.02594,121.50651,7
500113008,20231009,956,43,35,1,25.02594,121.50651,8
500113008,20231009,957,43,35,1,25.02594,121.50651,8
500113008,20231009,958,43,35,1,25.02594,121.50651,8
500113008,20231009,959,43,35,1,25.02594,121.50651,8
500113008,20231009,961,43,36,1,25.02594,121.50651,7
500113008,20231009,962,43,36,1,25.02594,121.50651,7
500113008,20231009,963,43,37,1,25.02594,121.50651,6
500113008,20231009,964,43,38,1,25.02594,121.50651,5
500113008,20231009,965,43,39,1,25.02594,121.50651,4
500113008,20231009,966,43,39,1,25.02594,121.50651,4
500113008,20231009,967,43,40,1,25.02594,121.50651,3
500113008,20231009,968,43,41,1,25.02594,121.50651,2
500113008,20231009,969,43,40,1,25.02594,121.50651,3
500113008,20231009,970,43,40,1,25.02594,121.50651,3
500113008,20231009,971,43,40,1,25.02594,121.50651,3
500113008,20231009,972,43,40,1,25.02594,121.50651,3
500113008,20231009,973,43,40,1,25.02594,121.50651,3
500113008,20231009,974,43,41,1,25.02594,121.50651,2
500113008,20231009,975,43,41,1,25.02594,121.50651,2
500113008,20231009,976,43,41,1,25.02594,121.50651,2
500113008,20231009,977,43,41,1,25.02594,121.50651,2
500113008,20231009,978,43,40,1,25.02594,121.50651,3
500113008,20231009,979,43,39,1,25.02594,121.50651,4
500113008,20231009,981,43,39,1,25.02594,121.50651,4
500113008,20231009,982,43,39,1,25.02594,121.50651,4
500113008,20231009,983,43,38,1,25.02594,121.50651,5
500113008,20231009,984,43,37,1,25.02594,121.50651,6
500113008,20231009,985,43,37,1,25.02594,121.50651,6
500113008,20231009,986,43,37,1,25.02594,121.50651,6
500113008,20231009,987,43,37,1,25.02594,121.50651,6
500113008,20231009,988,43,37,1,25.02594,121.50651,6
500113008,20231009,989,43,37,1,25.02594,121.50651,6
500113008,20231009,991,43,37,1,25.02594,121.50651,6
500113008,20231009,992,43,38,1,25.02594,121.50651,5
500113008,20231009,993,43,38,1,25.02594,121.50651,5
500113008,20231009,994,43,37,1,25.02594,121.50651,6
500113008,20231009,995,43,36,1,25.02594,121.50651,7
500113008,20231009,996,43,36,1,25.02594,121.50651,7
500113008,20231009,997,43,37,1,25.02594,121.50651,6
500113008,20231009,998,43,38,1,25.02594,121.50651,5
500113008,20231009,999,43,38,1,25.02594,121.50651,5
500113008,20231009,1000,43,38,1,25.02594,121.50651,5
500113008,20231009,1001,43,38,1,25.02594,121.50651,5
500113008,20231009,1002,43,38,1,25.02594,121.50651,5
500113008,20231009,1003,43,38,1,25.02594,121.50651,5
500113008,20231009,1004,43,35,1,25.02594,121.50651,8
500113008,20231009,1005,43,35,1,25.02594,121.50651,8
500113008,20231009,1006,43,35,1,25.02594,121.50651,8
500113008,20231009,1007,43,35,1,25.02594,121.50651,8
500113008,20231009,1008,43,35,1,25.02594,121.50651,8
500113008,20231009,1009,43,36,1,25.02594,121.50651,7
500113008,20231009,1010,43,36,1,25.02594,121.50651,7
500113008,20231009,1011,43,35,1,25.02594,121.50651,8
500113008,20231009,1012,43,35,1,25.02594,121.50651,8
500113008,20231009,1013,43,35,1,25.02594,121.50651,8
500113008,20231009,1014,43,35,1,25.02594,121.50651,8
500113008,20231009,1015,43,35,1,25.02594,121.50651,8
500113008,20231009,1016,43,37,1,25.02594,121.50651,6
500113008,20231009,1017,43,37,1,25.02594,121.50651,6
500113008,20231009,1018,43,37,1,25.02594,121.50651,6
500113008,20231009,1019,43,37,1,25.02594,121.50651,6
500113008,20231009,1021,43,36,1,25.02594,121.50651,7
500113008,20231009,1022,43,36,1,25.02594,121.50651,7
500113008,20231009,1023,43,36,1,25.02594,121.50651,7
500113008,20231009,1024,43,36,1,25.02594,121.50651,7
500113008,20231009,1025,43,36,1,25.02594,121.50651,7
500113008,20231009,1026,43,36,1,25.02594,121.50651,7
500113008,20231009,1027,43,34,1,25.02594,121.50651,9
500113008,20231009,1028,43,34,1,25.02594,121.50651,9
500113008,20231009,1029,43,34,1,25.02594,121.50651,9
500113008,20231009,1030,43,34,1,25.02594,121.50651,9
500113008,20231009,1031,43,34,1,25.02594,121.50651,9
500113008,20231009,1032,43,34,1,25.02594,121.50651,9
500113008,20231009,1033,43,34,1,25.02594,121.50651,9
500113008,20231009,1034,43,34,1,25.02594,121.50651,9
500113008,20231009,1035,43,35,1,25.02594,121.50651,8
500113008,20231009,1036,43,35,1,25.02594,121.50651,8
500113008,20231009,1037,43,35,1,25.02594,121.50651,8
500113008,20231009,1038,43,33,1,25.02594,121.50651,10
500113008,20231009,1039,43,33,1,25.02594,121.50651,10
500113008,20231009,1041,43,33,1,25.02594,121.50651,10
500113008,20231009,1042,43,32,1,25.02594,121.50651,11
500113008,20231009,1043,43,31,1,25.02594,121.50651,12
500113008,20231009,1044,43,31,1,25.02594,121.50651,12
500113008,20231009,1045,43,31,1,25.02594,121.50651,12
500113008,20231009,1046,43,31,1,25.02594,121.50651,12
500113008,20231009,1047,43,31,1,25.02594,121.50651,12
500113008,20231009,1048,43,31,1,25.02594,121.50651,12
500113008,20231009,1049,43,31,1,25.02594,121.50651,12
500113008,20231009,1051,43,30,1,25.02594,121.50651,13
500113008,20231009,1052,43,31,1,25.02594,121.50651,12
500113008,20231009,1053,43,31,1,25.02594,121.50651,12
500113008,20231009,1054,43,32,1,25.02594,121.50651,11
500113008,20231009,1055,43,30,1,25.02594,121.50651,13
500113008,20231009,1056,43,30,1,25.02594,121.50651,13
500113008,20231009,1057,43,30,1,25.02594,121.50651,13
500113008,20231009,1058,43,30,1,25.02594,121.50651,13
500113008,20231009,1059,43,30,1,25.02594,121.50651,13
500113008,20231009,1060,43,30,1,25.02594,121.50651,13
500113008,20231009,1061,43,30,1,25.02594,121.50651,13
500113008,20231009,1062,43,29,1,25.02594,121.50651,14
500113008,20231009,1063,43,28,1,25.02594,121.50651,15
500113008,20231009,1064,43,28,1,25.02594,121.50651,15
500113008,20231009,1065,43,28,1,25.02594,121.50651,15
500113008,20231009,1066,43,28,1,25.02594,121.50651,15
500113008,20231009,1067,43,28,1,25.02594,121.50651,15
500113008,20231009,1068,43,28,1,25.02594,121.50651,15
500113008,20231009,1069,43,28,1,25.02594,121.50651,15
500113008,20231009,1070,43,28,1,25.02594,121.50651,15
500113008,20231009,1071,43,28,1,25.02594,121.50651,15
500113008,20231009,1072,43,29,1,25.02594,121.50651,14
500113008,20231009,1073,43,28,1,25.02594,121.50651,15
500113008,20231009,1074,43,27,1,25.02594,121.50651,16
500113008,20231009,1075,43,27,1,25.02594,121.50651,16
500113008,20231009,1076,43,26,1,25.02594,121.50651,17
500113008,20231009,1077,43,26,1,25.02594,121.50651,17
500113008,20231009,1078,43,26,1,25.02594,121.50651,17
500113008,20231009,1079,43,26,1,25.02594,121.50651,17
500113008,20231009,1081,43,24,1,25.02594,121.50651,19
500113008,20231009,1082,43,24,1,25.02594,121.50651,19
500113008,20231009,1083,43,25,1,25.02594,121.50651,18
500113008,20231009,1084,43,25,1,25.02594,121.50651,18
500113008,20231009,1085,43,25,1,25.02594,121.50651,18
500113008,20231009,1086,43,25,1,25.02594,121.50651,18
500113008,20231009,1087,43,25,1,25.02594,121.50651,18
500113008,20231009,1088,43,25,1,25.02594,121.50651,18
500113008,20231009,1089,43,25,1,25.02594,121.50651,18
500113008,20231009,1090,43,25,1,25.02594,121.50651,18
500113008,20231009,1091,43,25,1,25.02594,121.50651,18
500113008,20231009,1092,43,25,1,25.02594,121.50651,18
500113008,20231009,1093,43,25,1,25.02594,121.50651,18
500113008,20231009,1094,43,25,1,25.02594,121.50651,18
500113008,20231009,1095,43,25,1,25.02594,121.50651,18
500113008,20231009,1096,43,27,1,25.02594,121.50651,16
500113008,20231009,1097,43,27,1,25.02594,121.50651,16
500113008,20231009,1098,43,27,1,25.02594,121.50651,16
500113008,20231009,1099,43,27,1,25.02594,121.50651,16
500113008,20231009,1101,43,25,1,25.02594,121.50651,18
500113008,20231009,1102,43,24,1,25.02594,121.50651,19
500113008,20231009,1103,43,24,1,25.02594,121.50651,19
500113008,20231009,1104,43,24,1,25.02594,121.50651,19
500113008,20231009,1105,43,24,1,25.02594,121.50651,19
500113008,20231009,1106,43,24,1,25.02594,121.50651,19
500113008,20231009,1107,43,23,1,25.02594,121.50651,20
500113008,20231009,1108,43,23,1,25.02594,121.50651,20
500113008,20231009,1109,43,23,1,25.02594,121.50651,20
500113008,20231009,1111,43,22,1,25.02594,121.50651,21
500113008,20231009,1112,43,21,1,25.02594,121.50651,22
500113008,20231009,1113,43,21,1,25.02594,121.50651,22
500113008,20231009,1114,43,21,1,25.02594,121.50651,22
500113008,20231009,1115,43,21,1,25.02594,121.50651,22
500113008,20231009,1116,43,21,1,25.02594,121.50651,22
500113008,20231009,1117,43,19,1,25.02594,121.50651,24
500113008,20231009,1118,43,19,1,25.02594,121.50651,24
500113008,20231009,1119,43,19,1,25.02594,121.50651,24
500113008,20231009,1120,43,19,1,25.02594,121.50651,24
500113008,20231009,1121,43,19,1,25.02594,121.50651,24
500113008,20231009,1122,43,19,1,25.02594,121.50651,24
500113008,20231009,1123,43,18,1,25.02594,121.50651,25
500113008,20231009,1124,43,18,1,25.02594,121.50651,25
500113008,20231009,1125,43,18,1,25.02594,121.50651,25
500113008,20231009,1126,43,18,1,25.02594,121.50651,25
500113008,20231009,1127,43,17,1,25.02594,121.50651,26
500113008,20231009,1128,43,17,1,25.02594,121.50651,26
500113008,20231009,1129,43,17,1,25.02594,121.50651,26
500113008,20231009,1130,43,20,1,25.02594,121.50651,23
500113008,20231009,1131,43,21,1,25.02594,121.50651,22
500113008,20231009,1132,43,23,1,25.02594,121.50651,20
500113008,20231009,1133,43,23,1,25.02594,121.50651,20
500113008,20231009,1134,43,25,1,25.02594,121.50651,18
500113008,20231009,1135,43,25,1,25.02594,121.50651,18
500113008,20231009,1136,43,24,1,25.02594,121.50651,19
500113008,20231009,1137,43,24,1,25.02594,121.50651,19
500113008,20231009,1138,43,24,1,25.02594,121.50651,19
500113008,20231009,1139,43,24,1,25.02594,121.50651,19
500113008,20231009,1141,43,23,1,25.02594,121.50651,20
500113008,20231009,1142,43,23,1,25.02594,121.50651,20
500113008,20231009,1143,43,23,1,25.02594,121.50651,20
500113008,20231009,1144,43,23,1,25.02594,121.50651,20
500113008,20231009,1145,43,23,1,25.02594,121.50651,20
500113008,20231009,1146,43,23,1,25.02594,121.50651,20
500113008,20231009,1148,43,23,1,25.02594,121.50651,20
500113008,20231009,1149,43,23,1,25.02594,121.50651,20
500113008,20231009,1150,43,24,1,25.02594,121.50651,19
500113008,20231009,1151,43,24,1,25.02594,121.50651,19
500113008,20231009,1152,43,23,1,25.02594,121.50651,20
500113008,20231009,1153,43,23,1,25.02594,121.50651,20
500113008,20231009,1154,43,23,1,25.02594,121.50651,20
500113008,20231009,1155,43,23,1,25.02594,121.50651,20
500113008,20231009,1156,43,23,1,25.02594,121.50651,20
500113008,20231009,1157,43,23,1,25.02594,121.50651,20
500113008,20231009,1158,43,23,1,25.02594,121.50651,20
500113008,20231009,1159,43,21,1,25.02594,121.50651,22
500113008,20231009,1161,43,21,1,25.02594,121.50651,22
500113008,20231009,1162,43,22,1,25.02594,121.50651,21
500113008,20231009,1163,43,22,1,25.02594,121.50651,21
500113008,20231009,1164,43,22,1,25.02594,121.50651,21
500113008,20231009,1165,43,21,1,25.02594,121.50651,22
500113008,20231009,1166,43,21,1,25.02594,121.50651,22
500113008,20231009,1167,43,21,1,25.02594,121.50651,22
500113008,20231009,1168,43,19,1,25.02594,121.50651,24
500113008,20231009,1169,43,18,1,25.02594,121.50651,25
500113008,20231009,1171,43,18,1,25.02594,121.50651,25
500113008,20231009,1172,43,18,1,25.02594,121.50651,25
500113008,20231009,1173,43,18,1,25.02594,121.50651,25
500113008,20231009,1174,43,18,1,25.02594,121.50651,25
500113008,20231009,1175,43,18,1,25.02594,121.50651,25
500113008,20231009,1176,43,18,1,25.02594,121.50651,25
500113008,20231009,1177,43,18,1,25.02594,121.50651,25
500113008,20231009,1178,43,18,1,25.02594,121.50651,25
500113008,20231009,1179,43,18,1,25.02594,121.50651,25
500113008,20231009,1180,43,19,1,25.02594,121.50651,24
500113008,20231009,1181,43,19,1,25.02594,121.50651,24
500113008,20231009,1182,43,18,1,25.02594,121.50651,25
500113008,20231009,1183,43,18,1,25.02594,121.50651,25
500113008,20231009,1184,43,18,1,25.02594,121.50651,25
500113008,20231009,1185,43,17,1,25.02594,121.50651,26
500113008,20231009,1186,43,17,1,25.02594,121.50651,26
500113008,20231009,1187,43,17,1,25.02594,121.50651,26
500113008,20231009,1188,43,16,1,25.02594,121.50651,27
500113008,20231009,1189,43,16,1,25.02594,121.50651,27
500113008,20231009,1190,43,16,1,25.02594,121.50651,27
500113008,20231009,1191,43,17,1,25.02594,121.50651,26
500113008,20231009,1192,43,17,1,25.02594,121.50651,26
500113008,20231009,1193,43,17,1,25.02594,121.50651,26
500113008,20231009,1194,43,17,1,25.02594,121.50651,26
500113008,20231009,1195,43,17,1,25.02594,121.50651,26
500113008,20231009,1196,43,16,1,25.02594,121.50651,27
500113008,20231009,1197,43,16,1,25.02594,121.50651,27
500113008,20231009,1198,43,16,1,25.02594,121.50651,27
500113008,20231009,1199,43,16,1,25.02594,121.50651,27
500113008,20231009,1201,43,18,1,25.02594,121.50651,25
500113008,20231009,1202,43,18,1,25.02594,121.50651,25
500113008,20231009,1203,43,18,1,25.02594,121.50651,25
500113008,20231009,1204,43,18,1,25.02594,121.50651,25
500113008,20231009,1205,43,18,1,25.02594,121.50651,25
500113008,20231009,1206,43,18,1,25.02594,121.50651,25
500113008,20231009,1207,43,18,1,25.02594,121.50651,25
500113008,20231009,1208,43,18,1,25.02594,121.50651,25
500113008,20231009,1209,43,18,1,25.02594,121.50651,25
500113008,20231009,1210,43,18,1,25.02594,121.50651,25
500113008,20231009,1211,43,18,1,25.02594,121.50651,25
500113008,20231009,1212,43,18,1,25.02594,121.50651,25
500113008,20231009,1213,43,18,1,25.02594,121.50651,25
500113008,20231009,1214,43,18,1,25.02594,121.50651,25
500113008,20231009,1215,43,18,1,25.02594,121.50651,25
500113008,20231009,1216,43,18,1,25.02594,121.50651,25
500113008,20231009,1217,43,18,1,25.02594,121.50651,25
500113008,20231009,1218,43,18,1,25.02594,121.50651,25
500113008,20231009,1219,43,18,1,25.02594,121.50651,25
500113008,20231009,1221,43,18,1,25.02594,121.50651,25
500113008,20231009,1222,43,18,1,25.02594,121.50651,25
500113008,20231009,1223,43,18,1,25.02594,121.50651,25
500113008,20231009,1224,43,18,1,25.02594,121.50651,25
500113008,20231009,1225,43,19,1,25.02594,121.50651,24
500113008,20231009,1226,43,19,1,25.02594,121.50651,24
500113008,20231009,1227,43,19,1,25.02594,121.50651,24
500113008,20231009,1228,43,19,1,25.02594,121.50651,24
500113008,20231009,1229,43,19,1,25.02594,121.50651,24
500113008,20231009,1230,43,19,1,25.02594,121.50651,24
500113008,20231009,1231,43,20,1,25.02594,121.50651,23
500113008,20231009,1232,43,20,1,25.02594,121.50651,23
500113008,20231009,1233,43,21,1,25.02594,121.50651,22
500113008,20231009,1234,43,22,1,25.02594,121.50651,21
500113008,20231009,1235,43,22,1,25.02594,121.50651,21
500113008,20231009,1236,43,25,1,25.02594,121.50651,18
500113008,20231009,1237,43,25,1,25.02594,121.50651,18
500113008,20231009,1238,43,25,1,25.02594,121.50651,18
500113008,20231009,1239,43,26,1,25.02594,121.50651,17
500113008,20231009,1240,43,26,1,25.02594,121.50651,17
500113008,20231009,1241,43,26,1,25.02594,121.50651,17
500113008,20231009,1242,43,25,1,25.02594,121.50651,18
500113008,20231009,1243,43,25,1,25.02594,121.50651,18
500113008,20231009,1244,43,25,1,25.02594,121.50651,18
500113008,20231009,1245,43,25,1,25.02594,121.50651,18
500113008,20231009,1246,43,25,1,25.02594,121.50651,18
500113008,20231009,1247,43,25,1,25.02594,121.50651,18
500113008,20231009,1248,43,26,1,25.02594,121.50651,17
500113008,20231009,1249,43,26,1,25.02594,121.50651,17
500113008,20231009,1250,43,26,1,25.02594,121.50651,17
500113008,20231009,1251,43,26,1,25.02594,121.50651,17
500113008,20231009,1252,43,26,1,25.02594,121.50651,17
500113008,20231009,1253,43,26,1,25.02594,121.50651,17
500113008,20231009,1254,43,26,1,25.02594,121.50651,17
500113008,20231009,1255,43,26,1,25.02594,121.50651,17
500113008,20231009,1256,43,27,1,25.02594,121.50651,16
500113008,20231009,1257,43,28,1,25.02594,121.50651,15
500113008,20231009,1258,43,28,1,25.02594,121.50651,15
500113008,20231009,1259,43,28,1,25.02594,121.50651,15
500113008,20231009,1261,43,29,1,25.02594,121.50651,14
500113008,20231009,1262,43,29,1,25.02594,121.50651,14
500113008,20231009,1263,43,29,1,25.02594,121.50651,14
500113008,20231009,1264,43,29,1,25.02594,121.50651,14
500113008,20231009,1265,43,29,1,25.02594,121.50651,14
500113008,20231009,1266,43,29,1,25.02594,121.50651,14
500113008,20231009,1267,43,29,1,25.02594,121.50651,14
500113008,20231009,1268,43,29,1,25.02594,121.50651,14
500113008,20231009,1269,43,29,1,25.02594,121.50651,14
500113008,20231009,1270,43,28,1,25.02594,121.50651,15
500113008,20231009,1271,43,30,1,25.02594,121.50651,13
500113008,20231009,1272,43,30,1,25.02594,121.50651,13
500113008,20231009,1273,43,30,1,25.02594,121.50651,13
500113008,20231009,1274,43,30,1,25.02594,121.50651,13
500113008,20231009,1275,43,30,1,25.02594,121.50651,13
500113008,20231009,1276,43,30,1,25.02594,121.50651,13
500113008,20231009,1277,43,30,1,25.02594,121.50651,13
500113008,20231009,1278,43,30,1,25.02594,121.50651,13
500113008,20231009,1279,43,30,1,25.02594,121.50651,13
500113008,20231009,1281,43,30,1,25.02594,121.50651,13
500113008,20231009,1282,43,30,1,25.02594,121.50651,13
500113008,20231009,1283,43,30,1,25.02594,121.50651,13
500113008,20231009,1284,43,29,1,25.02594,121.50651,14
500113008,20231009,1285,43,29,1,25.02594,121.50651,14
500113008,20231009,1286,43,29,1,25.02594,121.50651,14
500113008,20231009,1287,43,28,1,25.02594,121.50651,15
500113008,20231009,1288,43,28,1,25.02594,121.50651,15
500113008,20231009,1289,43,28,1,25.02594,121.50651,15
500113008,20231009,1290,43,28,1,25.02594,121.50651,15
500113008,20231009,1291,43,26,1,25.02594,121.50651,17
500113008,20231009,1292,43,26,1,25.02594,121.50651,17
500113008,20231009,1293,43,26,1,25.02594,121.50651,17
500113008,20231009,1294,43,26,1,25.02594,121.50651,17
500113008,20231009,1295,43,26,1,25.02594,121.50651,17
500113008,20231009,1296,43,26,1,25.02594,121.50651,17
500113008,20231009,1297,43,27,1,25.02594,121.50651,16
500113008,20231009,1298,43,27,1,25.02594,121.50651,16
500113008,20231009,1299,43,27,1,25.02594,121.50651,16
500113008,20231009,1300,43,27,1,25.02594,121.50651,16
500113008,20231009,1301,43,27,1,25.02594,121.50651,16
500113008,20231009,1302,43,27,1,25.02594,121.50651,16
500113008,20231009,1303,43,27,1,25.02594,121.50651,16
500113008,20231009,1304,43,27,1,25.02594,121.50651,16
500113008,20231009,1305,43,27,1,25.02594,121.50651,16
500113008,20231009,1306,43,27,1,25.02594,121.50651,16
500113008,20231009,1307,43,27,1,25.02594,121.50651,16
500113008,20231009,1308,43,26,1,25.02594,121.50651,17
500113008,20231009,1309,43,26,1,25.02594,121.50651,17
500113008,20231009,1310,43,26,1,25.02594,121.50651,17
500113008,20231009,1311,43,27,1,25.02594,121.50651,16
500113008,20231009,1312,43,28,1,25.02594,121.50651,15
500113008,20231009,1313,43,29,1,25.02594,121.50651,14
500113008,20231009,1314,43,29,1,25.02594,121.50651,14
500113008,20231009,1315,43,29,1,25.02594,121.50651,14
500113008,20231009,1316,43,28,1,25.02594,121.50651,15
500113008,20231009,1317,43,28,1,25.02594,121.50651,15
500113008,20231009,1318,43,28,1,25.02594,121.50651,15
500113008,20231009,1319,43,28,1,25.02594,121.50651,15
500113008,20231009,1321,43,28,1,25.02594,121.50651,15
500113008,20231009,1322,43,27,1,25.02594,121.50651,16
500113008,20231009,1323,43,27,1,25.02594,121.50651,16
500113008,20231009,1324,43,27,1,25.02594,121.50651,16
500113008,20231009,1325,43,27,1,25.02594,121.50651,16
500113008,20231009,1326,43,27,1,25.02594,121.50651,16
500113008,20231009,1327,43,27,1,25.02594,121.50651,16
500113008,20231009,1328,43,27,1,25.02594,121.50651,16
500113008,20231009,1329,43,27,1,25.02594,121.50651,16
500113008,20231009,1330,43,27,1,25.02594,121.50651,16
500113008,20231009,1331,43,27,1,25.02594,121.50651,16
500113008,20231009,1332,43,27,1,25.02594,121.50651,16
500113008,20231009,1333,43,27,1,25.02594,121.50651,16
500113008,20231009,1334,43,27,1,25.02594,121.50651,16
500113008,20231009,1335,43,27,1,25.02594,121.50651,16
500113008,20231009,1336,43,27,1,25.02594,121.50651,16
500113008,20231009,1337,43,26,1,25.02594,121.50651,17
500113008,20231009,1338,43,26,1,25.02594,121.50651,17
500113008,20231009,1339,43,26,1,25.02594,121.50651,17
500113008,20231009,1341,43,26,1,25.02594,121.50651,17
500113008,20231009,1342,43,25,1,25.02594,121.50651,18
500113008,20231009,1343,43,25,1,25.02594,121.50651,18
500113008,20231009,1344,43,24,1,25.02594,121.50651,19
500113008,20231009,1345,43,24,1,25.02594,121.50651,19
500113008,20231009,1346,43,24,1,25.02594,121.50651,19
500113008,20231009,1347,43,24,1,25.02594,121.50651,19
500113008,20231009,1348,43,24,1,25.02594,121.50651,19
500113008,20231009,1349,43,24,1,25.02594,121.50651,19
500113008,20231009,1350,43,24,1,25.02594,121.50651,19
500113008,20231009,1351,43,24,1,25.02594,121.50651,19
500113008,20231009,1352,43,24,1,25.02594,121.50651,19
500113008,20231009,1353,43,24,1,25.02594,121.50651,19
500113008,20231009,1354,43,24,1,25.02594,121.50651,19
500113008,20231009,1355,43,24,1,25.02594,121.50651,19
500113008,20231009,1356,43,24,1,25.02594,121.50651,19
500113008,20231009,1357,43,24,1,25.02594,121.50651,19
500113008,20231009,1358,43,24,1,25.02594,121.50651,19
500113008,20231009,1359,43,26,1,25.02594,121.50651,17
500113008,20231009,1360,43,26,1,25.02594,121.50651,17
500113008,20231009,1361,43,26,1,25.02594,121.50651,17
500113008,20231009,1362,43,26,1,25.02594,121.50651,17
500113008,20231009,1363,43,26,1,25.02594,121.50651,17
500113008,20231009,1364,43,25,1,25.02594,121.50651,18
500113008,20231009,1365,43,25,1,25.02594,121.50651,18
500113008,20231009,1366,43,24,1,25.02594,121.50651,19
500113008,20231009,1367,43,24,1,25.02594,121.50651,19
500113008,20231009,1368,43,24,1,25.02594,121.50651,19
500113008,20231009,1369,43,24,1,25.02594,121.50651,19
500113008,20231009,1370,43,25,1,25.02594,121.50651,18
500113008,20231009,1371,43,25,1,25.02594,121.50651,18
500113008,20231009,1372,43,25,1,25.02594,121.50651,18
500113008,20231009,1373,43,25,1,25.02594,121.50651,18
500113008,20231009,1374,43,25,1,25.02594,121.50651,18
500113008,20231009,1375,43,25,1,25.02594,121.50651,18
500113008,20231009,1376,43,25,1,25.02594,121.50651,18
500113008,20231009,1377,43,25,1,25.02594,121.50651,18
500113008,20231009,1378,43,25,1,25.02594,121.50651,18
500113008,20231009,1379,43,25,1,25.02594,121.50651,18
500113008,20231009,1381,43,25,1,25.02594,121.50651,18
500113008,20231009,1382,43,25,1,25.02594,121.50651,18
500113008,20231009,1383,43,25,1,25.02594,121.50651,18
500113008,20231009,1384,43,25,1,25.02594,121.50651,18
500113008,20231009,1385,43,25,1,25.02594,121.50651,18
500113008,20231009,1386,43,25,1,25.02594,121.50651,18
500113008,20231009,1387,43,25,1,25.02594,121.50651,18
500113008,20231009,1388,43,25,1,25.02594,121.50651,18
500113008,20231009,1389,43,25,1,25.02594,121.50651,18
500113008,20231009,1390,43,25,1,25.02594,121.50651,18
500113008,20231009,1391,43,25,1,25.02594,121.50651,18
500113008,20231009,1392,43,25,1,25.02594,121.50651,18
500113008,20231009,1393,43,25,1,25.02594,121.50651,18
500113008,20231009,1394,43,25,1,25.02594,121.50651,18
500113008,20231009,1395,43,25,1,25.02594,121.50651,18
500113008,20231009,1396,43,25,1,25.02594,121.50651,18
500113008,20231009,1397,43,25,1,25.02594,121.50651,18
500113008,20231009,1398,43,25,1,25.02594,121.50651,18
500113008,20231009,1399,43,25,1,25.02594,121.50651,18
500113008,20231009,1401,43,25,1,25.02594,121.50651,18
500113008,20231009,1402,43,25,1,25.02594,121.50651,18
500113008,20231009,1403,43,25,1,25.02594,121.50651,18
500113008,20231009,1404,43,25,1,25.02594,121.50651,18
500113008,20231009,1405,43,25,1,25.02594,121.50651,18
500113008,20231009,1406,43,25,1,25.02594,121.50651,18
500113008,20231009,1407,43,25,1,25.02594,121.50651,18
500113008,20231009,1408,43,25,1,25.02594,121.50651,18
500113008,20231009,1409,43,25,1,25.02594,121.50651,18
500113008,20231009,1410,43,25,1,25.02594,121.50651,18
500113008,20231009,1411,43,25,1,25.02594,121.50651,18
500113008,20231009,1412,43,25,1,25.02594,121.50651,18
500113008,20231009,1413,43,25,1,25.02594,121.50651,18
500113008,20231009,1414,43,25,1,25.02594,121.50651,18
500113008,20231009,1415,43,25,1,25.02594,121.50651,18
500113008,20231009,1416,43,25,1,25.02594,121.50651,18
500113008,20231009,1417,43,25,1,25.02594,121.50651,18
500113008,20231009,1418,43,25,1,25.02594,121.50651,18
500113008,20231009,1419,43,25,1,25.02594,121.50651,18
500113008,20231009,1420,43,25,1,25.02594,121.50651,18
500113008,20231009,1421,43,25,1,25.02594,121.50651,18
500113008,20231009,1422,43,25,1,25.02594,121.50651,18
500113008,20231009,1423,43,25,1,25.02594,121.50651,18
500113008,20231009,1424,43,25,1,25.02594,121.50651,18
500113008,20231009,1425,43,25,1,25.02594,121.50651,18
500113008,20231009,1426,43,25,1,25.02594,121.50651,18
500113008,20231009,1427,43,25,1,25.02594,121.50651,18
500113008,20231009,1428,43,25,1,25.02594,121.50651,18
500113008,20231009,1429,43,25,1,25.02594,121.50651,18
500113008,20231009,1430,43,24,1,25.02594,121.50651,19
500113008,20231009,1431,43,24,1,25.02594,121.50651,19
500113008,20231009,1432,43,24,1,25.02594,121.50651,19
500113008,20231009,1433,43,24,1,25.02594,121.50651,19
500113008,20231009,1434,43,24,1,25.02594,121.50651,19
500113008,20231009,1435,43,24,1,25.02594,121.50651,19
500113008,20231009,1436,43,24,1,25.02594,121.50651,19
500113008,20231009,1437,43,24,1,25.02594,121.50651,19
500113008,20231009,1438,43,24,1,25.02594,121.50651,19
500113008,20231009,1439,43,24,1,25.02594,121.50651,19
500113008,20231010,1,43,24,1,25.02594,121.50651,19
500113008,20231010,2,43,24,1,25.02594,121.50651,19
500113008,20231010,3,43,24,1,25.02594,121.50651,19
500113008,20231010,4,43,24,1,25.02594,121.50651,19
500113008,20231010,5,43,24,1,25.02594,121.50651,19
500113008,20231010,6,43,24,1,25.02594,121.50651,19
500113008,20231010,7,43,24,1,25.02594,121.50651,19
500113008,20231010,8,43,24,1,25.02594,121.50651,19
500113008,20231010,9,43,24,1,25.02594,121.50651,19
500113008,20231010,10,43,24,1,25.02594,121.50651,19
500113008,20231010,11,43,24,1,25.02594,121.50651,19
500113008,20231010,12,43,24,1,25.02594,121.50651,19
500113008,20231010,13,43,24,1,25.02594,121.50651,19
500113008,20231010,14,43,23,1,25.02594,121.50651,20
500113008,20231010,15,43,23,1,25.02594,121.50651,20
500113008,20231010,16,43,23,1,25.02594,121.50651,20
500113008,20231010,17,43,23,1,25.02594,121.50651,20
500113008,20231010,18,43,23,1,25.02594,121.50651,20
500113008,20231010,19,43,23,1,25.02594,121.50651,20
500113008,20231010,21,43,23,1,25.02594,121.50651,20
500113008,20231010,22,43,23,1,25.02594,121.50651,20
500113008,20231010,23,43,24,1,25.02594,121.50651,19
500113008,20231010,24,43,24,1,25.02594,121.50651,19
500113008,20231010,25,43,24,1,25.02594,121.50651,19
500113008,20231010,26,43,24,1,25.02594,121.50651,19
500113008,20231010,27,43,24,1,25.02594,121.50651,19
500113008,20231010,28,43,24,1,25.02594,121.50651,19
500113008,20231010,29,43,24,1,25.02594,121.50651,19
500113008,20231010,30,43,24,1,25.02594,121.50651,19
500113008,20231010,31,43,24,1,25.02594,121.50651,19
500113008,20231010,32,43,24,1,25.02594,121.50651,19
500113008,20231010,33,43,24,1,25.02594,121.50651,19
500113008,20231010,34,43,24,1,25.02594,121.50651,19
500113008,20231010,35,43,24,1,25.02594,121.50651,19
500113008,20231010,36,43,24,1,25.02594,121.50651,19
500113008,20231010,37,43,24,1,25.02594,121.50651,19
500113008,20231010,38,43,24,1,25.02594,121.50651,19
500113008,20231010,39,43,24,1,25.02594,121.50651,19
500113008,20231010,40,43,22,1,25.02594,121.50651,21
500113008,20231010,41,43,21,1,25.02594,121.50651,22
500113008,20231010,42,43,21,1,25.02594,121.50651,22
500113008,20231010,43,43,21,1,25.02594,121.50651,22
500113008,20231010,44,43,21,1,25.02594,121.50651,22
500113008,20231010,45,43,21,1,25.02594,121.50651,22
500113008,20231010,46,43,21,1,25.02594,121.50651,22
500113008,20231010,47,43,21,1,25.02594,121.50651,22
500113008,20231010,48,43,21,1,25.02594,121.50651,22
500113008,20231010,49,43,21,1,25.02594,121.50651,22
500113008,20231010,50,43,21,1,25.02594,121.50651,22
500113008,20231010,51,43,21,1,25.02594,121.50651,22
500113008,20231010,52,43,21,1,25.02594,121.50651,22
500113008,20231010,53,43,21,1,25.02594,121.50651,22
500113008,20231010,54,43,21,1,25.02594,121.50651,22
500113008,20231010,55,43,21,1,25.02594,121.50651,22
500113008,20231010,56,43,21,1,25.02594,121.50651,22
500113008,20231010,57,43,21,1,25.02594,121.50651,22
500113008,20231010,58,43,21,1,25.02594,121.50651,22
500113008,20231010,59,43,21,1,25.02594,121.50651,22
500113008,20231010,60,43,21,1,25.02594,121.50651,22
500113008,20231010,61,43,21,1,25.02594,121.50651,22
500113008,20231010,62,43,21,1,25.02594,121.50651,22
500113008,20231010,63,43,21,1,25.02594,121.50651,22
500113008,20231010,64,43,21,1,25.02594,121.50651,22
500113008,20231010,65,43,21,1,25.02594,121.50651,22
500113008,20231010,66,43,21,1,25.02594,121.50651,22
500113008,20231010,67,43,21,1,25.02594,121.50651,22
500113008,20231010,68,43,21,1,25.02594,121.50651,22
500113008,20231010,69,43,21,1,25.02594,121.50651,22
500113008,20231010,70,43,21,1,25.02594,121.50651,22
500113008,20231010,71,43,21,1,25.02594,121.50651,22
500113008,20231010,72,43,21,1,25.02594,121.50651,22
500113008,20231010,73,43,21,1,25.02594,121.50651,22
500113008,20231010,74,43,21,1,25.02594,121.50651,22
500113008,20231010,75,43,21,1,25.02594,121.50651,22
500113008,20231010,76,43,21,1,25.02594,121.50651,22
500113008,20231010,77,43,21,1,25.02594,121.50651,22
500113008,20231010,78,43,21,1,25.02594,121.50651,22
500113008,20231010,79,43,21,1,25.02594,121.50651,22
500113008,20231010,81,43,21,1,25.02594,121.50651,22
500113008,20231010,82,43,21,1,25.02594,121.50651,22
500113008,20231010,83,43,21,1,25.02594,121.50651,22
500113008,20231010,84,43,20,1,25.02594,121.50651,23
500113008,20231010,85,43,20,1,25.02594,121.50651,23
500113008,20231010,86,43,20,1,25.02594,121.50651,23
500113008,20231010,87,43,20,1,25.02594,121.50651,23
500113008,20231010,88,43,20,1,25.02594,121.50651,23
500113008,20231010,89,43,20,1,25.02594,121.50651,23
500113008,20231010,90,43,20,1,25.02594,121.50651,23
500113008,20231010,91,43,20,1,25.02594,121.50651,23
500113008,20231010,92,43,20,1,25.02594,121.50651,23
500113008,20231010,93,43,20,1,25.02594,121.50651,23
500113008,20231010,94,43,20,1,25.02594,121.50651,23
500113008,20231010,95,43,20,1,25.02594,121.50651,23
500113008,20231010,96,43,20,1,25.02594,121.50651,23
500113008,20231010,97,43,20,1,25.02594,121.50651,23
500113008,20231010,98,43,20,1,25.02594,121.50651,23
500113008,20231010,99,43,20,1,25.02594,121.50651,23
500113008,20231010,100,43,20,1,25.02594,121.50651,23
500113008,20231010,101,43,20,1,25.02594,121.50651,23
500113008,20231010,102,43,20,1,25.02594,121.50651,23
500113008,20231010,103,43,20,1,25.02594,121.50651,23
500113008,20231010,104,43,20,1,25.02594,121.50651,23
500113008,20231010,105,43,20,1,25.02594,121.50651,23
500113008,20231010,106,43,20,1,25.02594,121.50651,23
500113008,20231010,107,43,20,1,25.02594,121.50651,23
500113008,20231010,108,43,20,1,25.02594,121.50651,23
500113008,20231010,109,43,20,1,25.02594,121.50651,23
500113008,20231010,110,43,20,1,25.02594,121.50651,23
500113008,20231010,111,43,20,1,25.02594,121.50651,23
500113008,20231010,112,43,20,1,25.02594,121.50651,23
500113008,20231010,113,43,20,1,25.02594,121.50651,23
500113008,20231010,114,43,20,1,25.02594,121.50651,23
500113008,20231010,115,43,20,1,25.02594,121.50651,23
500113008,20231010,116,43,20,1,25.02594,121.50651,23
500113008,20231010,117,43,20,1,25.02594,121.50651,23
500113008,20231010,118,43,20,1,25.02594,121.50651,23
500113008,20231010,119,43,20,1,25.02594,121.50651,23
500113008,20231010,121,43,21,1,25.02594,121.50651,22
500113008,20231010,122,43,21,1,25.02594,121.50651,22
500113008,20231010,123,43,21,1,25.02594,121.50651,22
500113008,20231010,124,43,21,1,25.02594,121.50651,22
500113008,20231010,125,43,21,1,25.02594,121.50651,22
500113008,20231010,126,43,21,1,25.02594,121.50651,22
500113008,20231010,127,43,21,1,25.02594,121.50651,22
500113008,20231010,128,43,21,1,25.02594,121.50651,22
500113008,20231010,129,43,21,1,25.02594,121.50651,22
500113008,20231010,130,43,21,1,25.02594,121.50651,22
500113008,20231010,131,43,21,1,25.02594,121.50651,22
500113008,20231010,132,43,21,1,25.02594,121.50651,22
500113008,20231010,133,43,21,1,25.02594,121.50651,22
500113008,20231010,134,43,21,1,25.02594,121.50651,22
500113008,20231010,135,43,21,1,25.02594,121.50651,22
500113008,20231010,136,43,21,1,25.02594,121.50651,22
500113008,20231010,137,43,21,1,25.02594,121.50651,22
500113008,20231010,138,43,21,1,25.02594,121.50651,22
500113008,20231010,139,43,21,1,25.02594,121.50651,22
500113008,20231010,141,43,21,1,25.02594,121.50651,22
500113008,20231010,142,43,21,1,25.02594,121.50651,22
500113008,20231010,143,43,21,1,25.02594,121.50651,22
500113008,20231010,144,43,21,1,25.02594,121.50651,22
500113008,20231010,145,43,21,1,25.02594,121.50651,22
500113008,20231010,146,43,21,1,25.02594,121.50651,22
500113008,20231010,147,43,21,1,25.02594,121.50651,22
500113008,20231010,148,43,21,1,25.02594,121.50651,22
500113008,20231010,149,43,21,1,25.02594,121.50651,22
500113008,20231010,150,43,21,1,25.02594,121.50651,22
500113008,20231010,151,43,21,1,25.02594,121.50651,22
500113008,20231010,152,43,21,1,25.02594,121.50651,22
500113008,20231010,153,43,21,1,25.02594,121.50651,22
500113008,20231010,154,43,21,1,25.02594,121.50651,22
500113008,20231010,155,43,21,1,25.02594,121.50651,22
500113008,20231010,156,43,21,1,25.02594,121.50651,22
500113008,20231010,157,43,21,1,25.02594,121.50651,22
500113008,20231010,158,43,21,1,25.02594,121.50651,22
500113008,20231010,159,43,21,1,25.02594,121.50651,22
500113008,20231010,160,43,21,1,25.02594,121.50651,22
500113008,20231010,161,43,21,1,25.02594,121.50651,22
500113008,20231010,162,43,21,1,25.02594,121.50651,22
500113008,20231010,163,43,21,1,25.02594,121.50651,22
500113008,20231010,164,43,21,1,25.02594,121.50651,22
500113008,20231010,165,43,21,1,25.02594,121.50651,22
500113008,20231010,166,43,21,1,25.02594,121.50651,22
500113008,20231010,167,43,21,1,25.02594,121.50651,22
500113008,20231010,168,43,21,1,25.02594,121.50651,22
500113008,20231010,169,43,21,1,25.02594,121.50651,22
500113008,20231010,170,43,21,1,25.02594,121.50651,22
500113008,20231010,171,43,21,1,25.02594,121.50651,22
500113008,20231010,172,43,21,1,25.02594,121.50651,22
500113008,20231010,173,43,21,1,25.02594,121.50651,22
500113008,20231010,174,43,21,1,25.02594,121.50651,22
500113008,20231010,175,43,21,1,25.02594,121.50651,22
500113008,20231010,176,43,21,1,25.02594,121.50651,22
500113008,20231010,177,43,21,1,25.02594,121.50651,22
500113008,20231010,178,43,21,1,25.02594,121.50651,22
500113008,20231010,179,43,21,1,25.02594,121.50651,22
500113008,20231010,180,43,21,1,25.02594,121.50651,22
500113008,20231010,181,43,21,1,25.02594,121.50651,22
500113008,20231010,182,43,21,1,25.02594,121.50651,22
500113008,20231010,183,43,21,1,25.02594,121.50651,22
500113008,20231010,184,43,21,1,25.02594,121.50651,22
500113008,20231010,185,43,21,1,25.02594,121.50651,22
500113008,20231010,186,43,21,1,25.02594,121.50651,22
500113008,20231010,187,43,21,1,25.02594,121.50651,22
500113008,20231010,188,43,21,1,25.02594,121.50651,22
500113008,20231010,189,43,21,1,25.02594,121.50651,22
500113008,20231010,190,43,21,1,25.02594,121.50651,22
500113008,20231010,191,43,21,1,25.02594,121.50651,22
500113008,20231010,192,43,21,1,25.02594,121.50651,22
500113008,20231010,193,43,21,1,25.02594,121.50651,22
500113008,20231010,194,43,21,1,25.02594,121.50651,22
500113008,20231010,195,43,21,1,25.02594,121.50651,22
500113008,20231010,196,43,21,1,25.02594,121.50651,22
500113008,20231010,197,43,21,1,25.02594,121.50651,22
500113008,20231010,198,43,21,1,25.02594,121.50651,22
500113008,20231010,199,43,21,1,25.02594,121.50651,22
500113008,20231010,201,43,21,1,25.02594,121.50651,22
500113008,20231010,202,43,21,1,25.02594,121.50651,22
500113008,20231010,203,43,21,1,25.02594,121.50651,22
500113008,20231010,204,43,21,1,25.02594,121.50651,22
500113008,20231010,205,43,21,1,25.02594,121.50651,22
500113008,20231010,206,43,21,1,25.02594,121.50651,22
500113008,20231010,207,43,21,1,25.02594,121.50651,22
500113008,20231010,208,43,21,1,25.02594,121.50651,22
500113008,20231010,209,43,21,1,25.02594,121.50651,22
500113008,20231010,210,43,21,1,25.02594,121.50651,22
500113008,20231010,211,43,21,1,25.02594,121.50651,22
500113008,20231010,212,43,21,1,25.02594,121.50651,22
500113008,20231010,213,43,21,1,25.02594,121.50651,22
500113008,20231010,214,43,21,1,25.02594,121.50651,22
500113008,20231010,215,43,21,1,25.02594,121.50651,22
500113008,20231010,216,43,21,1,25.02594,121.50651,22
500113008,20231010,217,43,21,1,25.02594,121.50651,22
500113008,20231010,218,43,21,1,25.02594,121.50651,22
500113008,20231010,219,43,21,1,25.02594,121.50651,22
500113008,20231010,220,43,21,1,25.02594,121.50651,22
500113008,20231010,221,43,21,1,25.02594,121.50651,22
500113008,20231010,222,43,21,1,25.02594,121.50651,22
500113008,20231010,223,43,21,1,25.02594,121.50651,22
500113008,20231010,224,43,21,1,25.02594,121.50651,22
500113008,20231010,225,43,21,1,25.02594,121.50651,22
500113008,20231010,226,43,21,1,25.02594,121.50651,22
500113008,20231010,227,43,21,1,25.02594,121.50651,22
500113008,20231010,228,43,21,1,25.02594,121.50651,22
500113008,20231010,229,43,21,1,25.02594,121.50651,22
500113008,20231010,230,43,21,1,25.02594,121.50651,22
500113008,20231010,231,43,21,1,25.02594,121.50651,22
500113008,20231010,232,43,21,1,25.02594,121.50651,22
500113008,20231010,233,43,21,1,25.02594,121.50651,22
500113008,20231010,234,43,21,1,25.02594,121.50651,22
500113008,20231010,235,43,21,1,25.02594,121.50651,22
500113008,20231010,236,43,21,1,25.02594,121.50651,22
500113008,20231010,237,43,21,1,25.02594,121.50651,22
500113008,20231010,238,43,21,1,25.02594,121.50651,22
500113008,20231010,239,43,21,1,25.02594,121.50651,22
500113008,20231010,240,43,21,1,25.02594,121.50651,22
500113008,20231010,241,43,21,1,25.02594,121.50651,22
500113008,20231010,242,43,21,1,25.02594,121.50651,22
500113008,20231010,243,43,21,1,25.02594,121.50651,22
500113008,20231010,244,43,21,1,25.02594,121.50651,22
500113008,20231010,245,43,21,1,25.02594,121.50651,22
500113008,20231010,246,43,21,1,25.02594,121.50651,22
500113008,20231010,247,43,21,1,25.02594,121.50651,22
500113008,20231010,248,43,21,1,25.02594,121.50651,22
500113008,20231010,249,43,21,1,25.02594,121.50651,22
500113008,20231010,250,43,21,1,25.02594,121.50651,22
500113008,20231010,251,43,21,1,25.02594,121.50651,22
500113008,20231010,252,43,21,1,25.02594,121.50651,22
500113008,20231010,253,43,21,1,25.02594,121.50651,22
500113008,20231010,254,43,21,1,25.02594,121.50651,22
500113008,20231010,255,43,21,1,25.02594,121.50651,22
500113008,20231010,256,43,21,1,25.02594,121.50651,22
500113008,20231010,257,43,21,1,25.02594,121.50651,22
500113008,20231010,258,43,21,1,25.02594,121.50651,22
500113008,20231010,259,43,21,1,25.02594,121.50651,22
500113008,20231010,261,43,21,1,25.02594,121.50651,22
500113008,20231010,262,43,21,1,25.02594,121.50651,22
500113008,20231010,263,43,21,1,25.02594,121.50651,22
500113008,20231010,264,43,21,1,25.02594,121.50651,22
500113008,20231010,265,43,21,1,25.02594,121.50651,22
500113008,20231010,266,43,21,1,25.02594,121.50651,22
500113008,20231010,267,43,21,1,25.02594,121.50651,22
500113008,20231010,268,43,21,1,25.02594,121.50651,22
500113008,20231010,269,43,21,1,25.02594,121.50651,22
500113008,20231010,270,43,21,1,25.02594,121.50651,22
500113008,20231010,271,43,21,1,25.02594,121.50651,22
500113008,20231010,272,43,21,1,25.02594,121.50651,22
500113008,20231010,273,43,21,1,25.02594,121.50651,22
500113008,20231010,274,43,21,1,25.02594,121.50651,22
500113008,20231010,275,43,22,1,25.02594,121.50651,21
500113008,20231010,276,43,22,1,25.02594,121.50651,21
500113008,20231010,277,43,22,1,25.02594,121.50651,21
500113008,20231010,278,43,22,1,25.02594,121.50651,21
500113008,20231010,279,43,22,1,25.02594,121.50651,21
500113008,20231010,280,43,22,1,25.02594,121.50651,21
500113008,20231010,281,43,22,1,25.02594,121.50651,21
500113008,20231010,282,43,22,1,25.02594,121.50651,21
500113008,20231010,283,43,22,1,25.02594,121.50651,21
500113008,20231010,284,43,22,1,25.02594,121.50651,21
500113008,20231010,285,43,22,1,25.02594,121.50651,21
500113008,20231010,287,43,22,1,25.02594,121.50651,21
500113008,20231010,288,43,22,1,25.02594,121.50651,21
500113008,20231010,289,43,22,1,25.02594,121.50651,21
500113008,20231010,290,43,22,1,25.02594,121.50651,21
500113008,20231010,291,43,22,1,25.02594,121.50651,21
500113008,20231010,292,43,22,1,25.02594,121.50651,21
500113008,20231010,293,43,22,1,25.02594,121.50651,21
500113008,20231010,294,43,22,1,25.02594,121.50651,21
500113008,20231010,295,43,22,1,25.02594,121.50651,21
500113008,20231010,296,43,22,1,25.02594,121.50651,21
500113008,20231010,297,43,22,1,25.02594,121.50651,21
500113008,20231010,298,43,22,1,25.02594,121.50651,21
500113008,20231010,299,43,22,1,25.02594,121.50651,21
500113008,20231010,300,43,22,1,25.02594,121.50651,21
500113008,20231010,301,43,22,1,25.02594,121.50651,21
500113008,20231010,302,43,22,1,25.02594,121.50651,21
500113008,20231010,303,43,22,1,25.02594,121.50651,21
500113008,20231010,304,43,22,1,25.02594,121.50651,21
500113008,20231010,305,43,22,1,25.02594,121.50651,21
500113008,20231010,306,43,22,1,25.02594,121.50651,21
500113008,20231010,307,43,22,1,25.02594,121.50651,21
500113008,20231010,308,43,22,1,25.02594,121.50651,21
500113008,20231010,309,43,22,1,25.02594,121.50651,21
500113008,20231010,310,43,22,1,25.02594,121.50651,21
500113008,20231010,311,43,22,1,25.02594,121.50651,21
500113008,20231010,312,43,22,1,25.02594,121.50651,21
500113008,20231010,313,43,22,1,25.02594,121.50651,21
500113008,20231010,314,43,22,1,25.02594,121.50651,21
500113008,20231010,315,43,22,1,25.02594,121.50651,21
500113008,20231010,316,43,22,1,25.02594,121.50651,21
500113008,20231010,317,43,22,1,25.02594,121.50651,21
500113008,20231010,318,43,22,1,25.02594,121.50651,21
500113008,20231010,319,43,22,1,25.02594,121.50651,21
500113008,20231010,321,43,22,1,25.02594,121.50651,21
500113008,20231010,322,43,22,1,25.02594,121.50651,21
500113008,20231010,323,43,22,1,25.02594,121.50651,21
500113008,20231010,324,43,22,1,25.02594,121.50651,21
500113008,20231010,325,43,22,1,25.02594,121.50651,21
500113008,20231010,326,43,22,1,25.02594,121.50651,21
500113008,20231010,327,43,22,1,25.02594,121.50651,21
500113008,20231010,328,43,22,1,25.02594,121.50651,21
500113008,20231010,329,43,22,1,25.02594,121.50651,21
500113008,20231010,330,43,22,1,25.02594,121.50651,21
500113008,20231010,331,43,22,1,25.02594,121.50651,21
500113008,20231010,332,43,22,1,25.02594,121.50651,21
500113008,20231010,333,43,22,1,25.02594,121.50651,21
500113008,20231010,334,43,22,1,25.02594,121.50651,21
500113008,20231010,335,43,22,1,25.02594,121.50651,21
500113008,20231010,336,43,22,1,25.02594,121.50651,21
500113008,20231010,337,43,22,1,25.02594,121.50651,21
500113008,20231010,338,43,22,1,25.02594,121.50651,21
500113008,20231010,339,43,22,1,25.02594,121.50651,21
500113008,20231010,340,43,22,1,25.02594,121.50651,21
500113008,20231010,341,43,22,1,25.02594,121.50651,21
500113008,20231010,342,43,22,1,25.02594,121.50651,21
500113008,20231010,343,43,22,1,25.02594,121.50651,21
500113008,20231010,344,43,22,1,25.02594,121.50651,21
500113008,20231010,345,43,22,1,25.02594,121.50651,21
500113008,20231010,346,43,22,1,25.02594,121.50651,21
500113008,20231010,347,43,22,1,25.02594,121.50651,21
500113008,20231010,348,43,22,1,25.02594,121.50651,21
500113008,20231010,349,43,22,1,25.02594,121.50651,21
500113008,20231010,350,43,22,1,25.02594,121.50651,21
500113008,20231010,351,43,22,1,25.02594,121.50651,21
500113008,20231010,352,43,22,1,25.02594,121.50651,21
500113008,20231010,353,43,22,1,25.02594,121.50651,21
500113008,20231010,354,43,22,1,25.02594,121.50651,21
500113008,20231010,355,43,22,1,25.02594,121.50651,21
500113008,20231010,356,43,22,1,25.02594,121.50651,21
500113008,20231010,357,43,22,1,25.02594,121.50651,21
500113008,20231010,358,43,22,1,25.02594,121.50651,21
500113008,20231010,359,43,22,1,25.02594,121.50651,21
500113008,20231010,360,43,22,1,25.02594,121.50651,21
500113008,20231010,361,43,22,1,25.02594,121.50651,21
500113008,20231010,362,43,22,1,25.02594,121.50651,21
500113008,20231010,363,43,22,1,25.02594,121.50651,21
500113008,20231010,364,43,22,1,25.02594,121.50651,21
500113008,20231010,365,43,22,1,25.02594,121.50651,21
500113008,20231010,366,43,22,1,25.02594,121.50651,21
500113008,20231010,367,43,22,1,25.02594,121.50651,21
500113008,20231010,368,43,22,1,25.02594,121.50651,21
500113008,20231010,369,43,22,1,25.02594,121.50651,21
500113008,20231010,370,43,22,1,25.02594,121.50651,21
500113008,20231010,371,43,22,1,25.02594,121.50651,21
500113008,20231010,372,43,22,1,25.02594,121.50651,21
500113008,20231010,373,43,22,1,25.02594,121.50651,21
500113008,20231010,374,43,22,1,25.02594,121.50651,21
500113008,20231010,375,43,22,1,25.02594,121.50651,21
500113008,20231010,376,43,22,1,25.02594,121.50651,21
500113008,20231010,377,43,22,1,25.02594,121.50651,21
500113008,20231010,378,43,22,1,25.02594,121.50651,21
500113008,20231010,379,43,22,1,25.02594,121.50651,21
500113008,20231010,381,43,22,1,25.02594,121.50651,21
500113008,20231010,382,43,22,1,25.02594,121.50651,21
500113008,20231010,383,43,22,1,25.02594,121.50651,21
500113008,20231010,384,43,22,1,25.02594,121.50651,21
500113008,20231010,385,43,22,1,25.02594,121.50651,21
500113008,20231010,386,43,21,1,25.02594,121.50651,22
500113008,20231010,387,43,21,1,25.02594,121.50651,22
500113008,20231010,388,43,21,1,25.02594,121.50651,22
500113008,20231010,389,43,21,1,25.02594,121.50651,22
500113008,20231010,390,43,20,1,25.02594,121.50651,23
500113008,20231010,391,43,21,1,25.02594,121.50651,22
500113008,20231010,392,43,21,1,25.02594,121.50651,22
500113008,20231010,393,43,21,1,25.02594,121.50651,22
500113008,20231010,394,43,22,1,25.02594,121.50651,21
500113008,20231010,395,43,22,1,25.02594,121.50651,21
500113008,20231010,396,43,22,1,25.02594,121.50651,21
500113008,20231010,397,43,21,1,25.02594,121.50651,22
500113008,20231010,398,43,21,1,25.02594,121.50651,22
500113008,20231010,399,43,22,1,25.02594,121.50651,21
500113008,20231010,400,43,22,1,25.02594,121.50651,21
500113008,20231010,401,43,22,1,25.02594,121.50651,21
500113008,20231010,402,43,22,1,25.02594,121.50651,21
500113008,20231010,403,43,22,1,25.02594,121.50651,21
500113008,20231010,404,43,22,1,25.02594,121.50651,21
500113008,20231010,405,43,22,1,25.02594,121.50651,21
500113008,20231010,406,43,22,1,25.02594,121.50651,21
500113008,20231010,407,43,22,1,25.02594,121.50651,21
500113008,20231010,408,43,21,1,25.02594,121.50651,22
500113008,20231010,409,43,20,1,25.02594,121.50651,23
500113008,20231010,410,43,20,1,25.02594,121.50651,23
500113008,20231010,411,43,20,1,25.02594,121.50651,23
500113008,20231010,412,43,20,1,25.02594,121.50651,23
500113008,20231010,413,43,20,1,25.02594,121.50651,23
500113008,20231010,414,43,21,1,25.02594,121.50651,22
500113008,20231010,415,43,21,1,25.02594,121.50651,22
500113008,20231010,416,43,22,1,25.02594,121.50651,21
500113008,20231010,417,43,22,1,25.02594,121.50651,21
500113008,20231010,418,43,22,1,25.02594,121.50651,21
500113008,20231010,419,43,22,1,25.02594,121.50651,21
500113008,20231010,420,43,22,1,25.02594,121.50651,21
500113008,20231010,421,43,22,1,25.02594,121.50651,21
500113008,20231010,422,43,22,1,25.02594,121.50651,21
500113008,20231010,423,43,22,1,25.02594,121.50651,21
500113008,20231010,424,43,22,1,25.02594,121.50651,21
500113008,20231010,425,43,22,1,25.02594,121.50651,21
500113008,20231010,426,43,22,1,25.02594,121.50651,21
500113008,20231010,427,43,22,1,25.02594,121.50651,21
500113008,20231010,428,43,22,1,25.02594,121.50651,21
500113008,20231010,429,43,22,1,25.02594,121.50651,21
500113008,20231010,430,43,22,1,25.02594,121.50651,21
500113008,20231010,431,43,21,1,25.02594,121.50651,22
500113008,20231010,432,43,20,1,25.02594,121.50651,23
500113008,20231010,433,43,20,1,25.02594,121.50651,23
500113008,20231010,434,43,20,1,25.02594,121.50651,23
500113008,20231010,435,43,20,1,25.02594,121.50651,23
500113008,20231010,436,43,20,1,25.02594,121.50651,23
500113008,20231010,437,43,20,1,25.02594,121.50651,23
500113008,20231010,438,43,21,1,25.02594,121.50651,22
500113008,20231010,439,43,21,1,25.02594,121.50651,22
500113008,20231010,441,43,20,1,25.02594,121.50651,23
500113008,20231010,442,43,20,1,25.02594,121.50651,23
500113008,20231010,443,43,20,1,25.02594,121.50651,23
500113008,20231010,444,43,20,1,25.02594,121.50651,23
500113008,20231010,445,43,20,1,25.02594,121.50651,23
500113008,20231010,446,43,20,1,25.02594,121.50651,23
500113008,20231010,447,43,20,1,25.02594,121.50651,23
500113008,20231010,448,43,20,1,25.02594,121.50651,23
500113008,20231010,449,43,20,1,25.02594,121.50651,23
500113008,20231010,450,43,20,1,25.02594,121.50651,23
500113008,20231010,451,43,20,1,25.02594,121.50651,23
500113008,20231010,452,43,20,1,25.02594,121.50651,23
500113008,20231010,453,43,20,1,25.02594,121.50651,23
500113008,20231010,454,43,20,1,25.02594,121.50651,23
500113008,20231010,455,43,19,1,25.02594,121.50651,24
500113008,20231010,456,43,19,1,25.02594,121.50651,24
500113008,20231010,457,43,19,1,25.02594,121.50651,24
500113008,20231010,458,43,20,1,25.02594,121.50651,23
500113008,20231010,459,43,19,1,25.02594,121.50651,24
500113008,20231010,460,43,19,1,25.02594,121.50651,24
500113008,20231010,461,43,18,1,25.02594,121.50651,25
500113008,20231010,462,43,17,1,25.02594,121.50651,26
500113008,20231010,463,43,17,1,25.02594,121.50651,26
500113008,20231010,464,43,17,1,25.02594,121.50651,26
500113008,20231010,465,43,17,1,25.02594,121.50651,26
500113008,20231010,466,43,17,1,25.02594,121.50651,26
500113008,20231010,467,43,17,1,25.02594,121.50651,26
500113008,20231010,468,43,17,1,25.02594,121.50651,26
500113008,20231010,469,43,17,1,25.02594,121.50651,26
500113008,20231010,470,43,17,1,25.02594,121.50651,26
500113008,20231010,471,43,17,1,25.02594,121.50651,26
500113008,20231010,472,43,18,1,25.02594,121.50651,25
500113008,20231010,473,43,18,1,25.02594,121.50651,25
500113008,20231010,474,43,18,1,25.02594,121.50651,25
500113008,20231010,475,43,18,1,25.02594,121.50651,25
500113008,20231010,476,43,18,1,25.02594,121.50651,25
500113008,20231010,477,43,18,1,25.02594,121.50651,25
500113008,20231010,478,43,18,1,25.02594,121.50651,25
500113008,20231010,479,43,18,1,25.02594,121.50651,25
500113008,20231010,481,43,18,1,25.02594,121.50651,25
500113008,20231010,482,43,18,1,25.02594,121.50651,25
500113008,20231010,483,43,17,1,25.02594,121.50651,26
500113008,20231010,484,43,17,1,25.02594,121.50651,26
500113008,20231010,485,43,16,1,25.02594,121.50651,27
500113008,20231010,486,43,16,1,25.02594,121.50651,27
500113008,20231010,487,43,16,1,25.02594,121.50651,27
500113008,20231010,488,43,16,1,25.02594,121.50651,27
500113008,20231010,489,43,16,1,25.02594,121.50651,27
500113008,20231010,490,43,16,1,25.02594,121.50651,27
500113008,20231010,491,43,16,1,25.02594,121.50651,27
500113008,20231010,492,43,16,1,25.02594,121.50651,27
500113008,20231010,493,43,16,1,25.02594,121.50651,27
500113008,20231010,494,43,16,1,25.02594,121.50651,27
500113008,20231010,495,43,15,1,25.02594,121.50651,28
500113008,20231010,496,43,15,1,25.02594,121.50651,28
500113008,20231010,497,43,15,1,25.02594,121.50651,28
500113008,20231010,498,43,15,1,25.02594,121.50651,28
500113008,20231010,499,43,16,1,25.02594,121.50651,27
500113008,20231010,501,43,17,1,25.02594,121.50651,26
500113008,20231010,502,43,17,1,25.02594,121.50651,26
500113008,20231010,505,43,19,1,25.02594,121.50651,24
500113008,20231010,506,43,19,1,25.02594,121.50651,24
500113008,20231010,507,43,19,1,25.02594,121.50651,24
500113008,20231010,509,43,18,1,25.02594,121.50651,25
500113008,20231010,510,43,18,1,25.02594,121.50651,25
500113008,20231010,511,43,18,1,25.02594,121.50651,25
500113008,20231010,512,43,18,1,25.02594,121.50651,25
500113008,20231010,513,43,18,1,25.02594,121.50651,25
500113008,20231010,514,43,20,1,25.02594,121.50651,23
500113008,20231010,515,43,20,1,25.02594,121.50651,23
500113008,20231010,516,43,20,1,25.02594,121.50651,23
500113008,20231010,517,43,21,1,25.02594,121.50651,22
500113008,20231010,518,43,21,1,25.02594,121.50651,22
500113008,20231010,519,43,22,1,25.02594,121.50651,21
500113008,20231010,520,43,23,1,25.02594,121.50651,20
500113008,20231010,521,43,23,1,25.02594,121.50651,20
500113008,20231010,522,43,23,1,25.02594,121.50651,20
500113008,20231010,523,43,23,1,25.02594,121.50651,20
500113008,20231010,524,43,24,1,25.02594,121.50651,19
500113008,20231010,525,43,24,1,25.02594,121.50651,19
500113008,20231010,526,43,24,1,25.02594,121.50651,19
500113008,20231010,527,43,23,1,25.02594,121.50651,20
500113008,20231010,528,43,23,1,25.02594,121.50651,20
500113008,20231010,529,43,23,1,25.02594,121.50651,20
500113008,20231010,530,43,23,1,25.02594,121.50651,20
500113008,20231010,531,43,23,1,25.02594,121.50651,20
500113008,20231010,532,43,23,1,25.02594,121.50651,20
500113008,20231010,533,43,23,1,25.02594,121.50651,20
500113008,20231010,534,43,22,1,25.02594,121.50651,21
500113008,20231010,535,43,22,1,25.02594,121.50651,21
500113008,20231010,536,43,25,1,25.02594,121.50651,18
500113008,20231010,537,43,25,1,25.02594,121.50651,18
500113008,20231010,538,43,24,1,25.02594,121.50651,19
500113008,20231010,539,43,24,1,25.02594,121.50651,19
500113008,20231010,541,43,25,1,25.02594,121.50651,18
500113008,20231010,542,43,25,1,25.02594,121.50651,18
500113008,20231010,543,43,25,1,25.02594,121.50651,18
500113008,20231010,544,43,25,1,25.02594,121.50651,18
500113008,20231010,545,43,25,1,25.02594,121.50651,18
500113008,20231010,546,43,26,1,25.02594,121.50651,17
500113008,20231010,547,43,25,1,25.02594,121.50651,18
500113008,20231010,548,43,25,1,25.02594,121.50651,18
500113008,20231010,549,43,25,1,25.02594,121.50651,18
500113008,20231010,550,43,26,1,25.02594,121.50651,17
500113008,20231010,551,43,28,1,25.02594,121.50651,15
500113008,20231010,552,43,28,1,25.02594,121.50651,15
500113008,20231010,553,43,29,1,25.02594,121.50651,14
500113008,20231010,554,43,29,1,25.02594,121.50651,14
500113008,20231010,555,43,29,1,25.02594,121.50651,14
500113008,20231010,556,43,29,1,25.02594,121.50651,14
500113008,20231010,557,43,30,1,25.02594,121.50651,13
500113008,20231010,558,43,29,1,25.02594,121.50651,14
500113008,20231010,559,43,29,1,25.02594,121.50651,14
500113008,20231010,561,43,29,1,25.02594,121.50651,14
500113008,20231010,562,43,29,1,25.02594,121.50651,14
500113008,20231010,563,43,29,1,25.02594,121.50651,14
500113008,20231010,564,43,28,1,25.02594,121.50651,15
500113008,20231010,565,43,27,1,25.02594,121.50651,16
500113008,20231010,566,43,27,1,25.02594,121.50651,16
500113008,20231010,567,43,27,1,25.02594,121.50651,16
500113008,20231010,568,43,26,1,25.02594,121.50651,17
500113008,20231010,569,43,26,1,25.02594,121.50651,17
500113008,20231010,570,43,26,1,25.02594,121.50651,17
500113008,20231010,571,43,24,1,25.02594,121.50651,19
500113008,20231010,572,43,25,1,25.02594,121.50651,18
500113008,20231010,573,43,25,1,25.02594,121.50651,18
500113008,20231010,574,43,25,1,25.02594,121.50651,18
500113008,20231010,576,43,25,1,25.02594,121.50651,18
500113008,20231010,577,43,25,1,25.02594,121.50651,18
500113008,20231010,578,43,25,1,25.02594,121.50651,18
500113008,20231010,579,43,24,1,25.02594,121.50651,19
500113008,20231010,580,43,24,1,25.02594,121.50651,19
500113008,20231010,581,43,24,1,25.02594,121.50651,19
500113008,20231010,582,43,25,1,25.02594,121.50651,18
500113008,20231010,583,43,24,1,25.02594,121.50651,19
500113008,20231010,584,43,24,1,25.02594,121.50651,19
500113008,20231010,585,43,24,1,25.02594,121.50651,19
500113008,20231010,586,43,24,1,25.02594,121.50651,19
500113008,20231010,587,43,24,1,25.02594,121.50651,19
500113008,20231010,588,43,24,1,25.02594,121.50651,19
500113008,20231010,589,43,25,1,25.02594,121.50651,18
500113008,20231010,590,43,25,1,25.02594,121.50651,18
500113008,20231010,591,43,25,1,25.02594,121.50651,18
500113008,20231010,592,43,26,1,25.02594,121.50651,17
500113008,20231010,593,43,26,1,25.02594,121.50651,17
500113008,20231010,594,43,26,1,25.02594,121.50651,17
500113008,20231010,595,43,26,1,25.02594,121.50651,17
500113008,20231010,596,43,22,1,25.02594,121.50651,21
500113008,20231010,597,43,19,1,25.02594,121.50651,24
500113008,20231010,598,43,17,1,25.02594,121.50651,26
500113008,20231010,599,43,17,1,25.02594,121.50651,26
500113008,20231010,603,43,18,1,25.02594,121.50651,25
500113008,20231010,604,43,18,1,25.02594,121.50651,25
500113008,20231010,605,43,18,1,25.02594,121.50651,25
500113008,20231010,606,43,18,1,25.02594,121.50651,25
500113008,20231010,607,43,18,1,25.02594,121.50651,25
500113008,20231010,608,43,17,1,25.02594,121.50651,26
500113008,20231010,609,43,17,1,25.02594,121.50651,26
500113008,20231010,610,43,17,1,25.02594,121.50651,26
500113008,20231010,611,43,17,1,25.02594,121.50651,26
500113008,20231010,612,43,15,1,25.02594,121.50651,28
500113008,20231010,613,43,16,1,25.02594,121.50651,27
500113008,20231010,614,43,19,1,25.02594,121.50651,24
500113008,20231010,615,43,18,1,25.02594,121.50651,25
500113008,20231010,616,43,19,1,25.02594,121.50651,24
500113008,20231010,617,43,19,1,25.02594,121.50651,24
500113008,20231010,618,43,19,1,25.02594,121.50651,24
500113008,20231010,619,43,19,1,25.02594,121.50651,24
500113008,20231010,621,43,17,1,25.02594,121.50651,26
500113008,20231010,622,43,17,1,25.02594,121.50651,26
500113008,20231010,623,43,16,1,25.02594,121.50651,27
500113008,20231010,624,43,16,1,25.02594,121.50651,27
500113008,20231010,625,43,16,1,25.02594,121.50651,27
500113008,20231010,626,43,16,1,25.02594,121.50651,27
500113008,20231010,627,43,16,1,25.02594,121.50651,27
500113008,20231010,628,43,17,1,25.02594,121.50651,26
500113008,20231010,629,43,17,1,25.02594,121.50651,26
500113008,20231010,631,43,17,1,25.02594,121.50651,26
500113008,20231010,632,43,18,1,25.02594,121.50651,25
500113008,20231010,633,43,18,1,25.02594,121.50651,25
500113008,20231010,634,43,18,1,25.02594,121.50651,25
500113008,20231010,635,43,17,1,25.02594,121.50651,26
500113008,20231010,636,43,15,1,25.02594,121.50651,28
500113008,20231010,637,43,15,1,25.02594,121.50651,28
500113008,20231010,638,43,15,1,25.02594,121.50651,28
500113008,20231010,639,43,15,1,25.02594,121.50651,28
500113008,20231010,640,43,14,1,25.02594,121.50651,29
500113008,20231010,641,43,14,1,25.02594,121.50651,29
500113008,20231010,642,43,14,1,25.02594,121.50651,29
500113008,20231010,643,43,14,1,25.02594,121.50651,29
500113008,20231010,644,43,14,1,25.02594,121.50651,29
500113008,20231010,645,43,15,1,25.02594,121.50651,28
500113008,20231010,646,43,15,1,25.02594,121.50651,28
500113008,20231010,647,43,15,1,25.02594,121.50651,28
500113008,20231010,648,43,15,1,25.02594,121.50651,28
500113008,20231010,649,43,15,1,25.02594,121.50651,28
500113008,20231010,650,43,15,1,25.02594,121.50651,28
500113008,20231010,651,43,16,1,25.02594,121.50651,27
500113008,20231010,652,43,16,1,25.02594,121.50651,27
500113008,20231010,653,43,16,1,25.02594,121.50651,27
500113008,20231010,654,43,16,1,25.02594,121.50651,27
500113008,20231010,655,43,16,1,25.02594,121.50651,27
500113008,20231010,656,43,16,1,25.02594,121.50651,27
500113008,20231010,657,43,16,1,25.02594,121.50651,27
500113008,20231010,658,43,16,1,25.02594,121.50651,27
500113008,20231010,659,43,16,1,25.02594,121.50651,27
500113008,20231010,661,43,17,1,25.02594,121.50651,26
500113008,20231010,662,43,18,1,25.02594,121.50651,25
500113008,20231010,663,43,18,1,25.02594,121.50651,25
500113008,20231010,664,43,19,1,25.02594,121.50651,24
500113008,20231010,665,43,19,1,25.02594,121.50651,24
500113008,20231010,666,43,19,1,25.02594,121.50651,24
500113008,20231010,667,43,19,1,25.02594,121.50651,24
500113008,20231010,668,43,19,1,25.02594,121.50651,24
500113008,20231010,669,43,19,1,25.02594,121.50651,24
500113008,20231010,670,43,19,1,25.02594,121.50651,24
500113008,20231010,671,43,19,1,25.02594,121.50651,24
500113008,20231010,672,43,19,1,25.02594,121.50651,24
500113008,20231010,673,43,19,1,25.02594,121.50651,24
500113008,20231010,674,43,19,1,25.02594,121.50651,24
500113008,20231010,675,43,19,1,25.02594,121.50651,24
500113008,20231010,676,43,19,1,25.02594,121.50651,24
500113008,20231010,677,43,19,1,25.02594,121.50651,24
500113008,20231010,678,43,19,1,25.02594,121.50651,24
500113008,20231010,679,43,20,1,25.02594,121.50651,23
500113008,20231010,681,43,20,1,25.02594,121.50651,23
500113008,20231010,682,43,20,1,25.02594,121.50651,23
500113008,20231010,683,43,20,1,25.02594,121.50651,23
500113008,20231010,684,43,20,1,25.02594,121.50651,23
500113008,20231010,685,43,20,1,25.02594,121.50651,23
500113008,20231010,686,43,22,1,25.02594,121.50651,21
500113008,20231010,687,43,22,1,25.02594,121.50651,21
500113008,20231010,688,43,23,1,25.02594,121.50651,20
500113008,20231010,689,43,23,1,25.02594,121.50651,20
500113008,20231010,690,43,23,1,25.02594,121.50651,20
500113008,20231010,691,43,23,1,25.02594,121.50651,20
500113008,20231010,692,43,23,1,25.02594,121.50651,20
500113008,20231010,693,43,23,1,25.02594,121.50651,20
500113008,20231010,694,43,23,1,25.02594,121.50651,20
500113008,20231010,695,43,23,1,25.02594,121.50651,20
500113008,20231010,696,43,23,1,25.02594,121.50651,20
500113008,20231010,697,43,23,1,25.02594,121.50651,20
500113008,20231010,698,43,23,1,25.02594,121.50651,20
500113008,20231010,699,43,23,1,25.02594,121.50651,20
500113008,20231010,700,43,24,1,25.02594,121.50651,19
500113008,20231010,701,43,24,1,25.02594,121.50651,19
500113008,20231010,702,43,24,1,25.02594,121.50651,19
500113008,20231010,703,43,24,1,25.02594,121.50651,19
500113008,20231010,704,43,24,1,25.02594,121.50651,19
500113008,20231010,705,43,24,1,25.02594,121.50651,19
500113008,20231010,706,43,24,1,25.02594,121.50651,19
500113008,20231010,707,43,24,1,25.02594,121.50651,19
500113008,20231010,708,43,24,1,25.02594,121.50651,19
500113008,20231010,709,43,24,1,25.02594,121.50651,19
500113008,20231010,710,43,26,1,25.02594,121.50651,17
500113008,20231010,711,43,26,1,25.02594,121.50651,17
500113008,20231010,712,43,27,1,25.02594,121.50651,16
500113008,20231010,713,43,27,1,25.02594,121.50651,16
500113008,20231010,714,43,27,1,25.02594,121.50651,16
500113008,20231010,715,43,27,1,25.02594,121.50651,16
500113008,20231010,716,43,28,1,25.02594,121.50651,15
500113008,20231010,717,43,28,1,25.02594,121.50651,15
500113008,20231010,718,43,28,1,25.02594,121.50651,15
500113008,20231010,719,43,28,1,25.02594,121.50651,15
500113008,20231010,721,43,29,1,25.02594,121.50651,14
500113008,20231010,722,43,29,1,25.02594,121.50651,14
500113008,20231010,723,43,29,1,25.02594,121.50651,14
500113008,20231010,724,43,29,1,25.02594,121.50651,14
500113008,20231010,725,43,29,1,25.02594,121.50651,14
500113008,20231010,726,43,29,1,25.02594,121.50651,14
500113008,20231010,727,43,29,1,25.02594,121.50651,14
500113008,20231010,728,43,29,1,25.02594,121.50651,14
500113008,20231010,729,43,29,1,25.02594,121.50651,14
500113008,20231010,730,43,27,1,25.02594,121.50651,16
500113008,20231010,731,43,27,1,25.02594,121.50651,16
500113008,20231010,732,43,27,1,25.02594,121.50651,16
500113008,20231010,733,43,25,1,25.02594,121.50651,18
500113008,20231010,734,43,25,1,25.02594,121.50651,18
500113008,20231010,735,43,24,1,25.02594,121.50651,19
500113008,20231010,736,43,24,1,25.02594,121.50651,19
500113008,20231010,737,43,24,1,25.02594,121.50651,19
500113008,20231010,738,43,23,1,25.02594,121.50651,20
500113008,20231010,739,43,23,1,25.02594,121.50651,20
500113008,20231010,741,43,23,1,25.02594,121.50651,20
500113008,20231010,742,43,23,1,25.02594,121.50651,20
500113008,20231010,743,43,23,1,25.02594,121.50651,20
500113008,20231010,744,43,23,1,25.02594,121.50651,20
500113008,20231010,745,43,23,1,25.02594,121.50651,20
500113008,20231010,746,43,23,1,25.02594,121.50651,20
500113008,20231010,747,43,23,1,25.02594,121.50651,20
500113008,20231010,748,43,23,1,25.02594,121.50651,20
500113008,20231010,749,43,23,1,25.02594,121.50651,20
500113008,20231010,751,43,23,1,25.02594,121.50651,20
500113008,20231010,752,43,23,1,25.02594,121.50651,20
500113008,20231010,753,43,23,1,25.02594,121.50651,20
500113008,20231010,754,43,23,1,25.02594,121.50651,20
500113008,20231010,755,43,23,1,25.02594,121.50651,20
500113008,20231010,756,43,23,1,25.02594,121.50651,20
500113008,20231010,757,43,22,1,25.02594,121.50651,21
500113008,20231010,758,43,22,1,25.02594,121.50651,21
500113008,20231010,759,43,22,1,25.02594,121.50651,21
500113008,20231010,760,43,23,1,25.02594,121.50651,20
500113008,20231010,761,43,22,1,25.02594,121.50651,21
500113008,20231010,762,43,23,1,25.02594,121.50651,20
500113008,20231010,763,43,23,1,25.02594,121.50651,20
500113008,20231010,764,43,23,1,25.02594,121.50651,20
500113008,20231010,765,43,23,1,25.02594,121.50651,20
500113008,20231010,766,43,23,1,25.02594,121.50651,20
500113008,20231010,767,43,23,1,25.02594,121.50651,20
500113008,20231010,768,43,23,1,25.02594,121.50651,20
500113008,20231010,769,43,23,1,25.02594,121.50651,20
500113008,20231010,770,43,23,1,25.02594,121.50651,20
500113008,20231010,771,43,23,1,25.02594,121.50651,20
500113008,20231010,772,43,23,1,25.02594,121.50651,20
500113008,20231010,773,43,22,1,25.02594,121.50651,21
500113008,20231010,774,43,22,1,25.02594,121.50651,21
500113008,20231010,775,43,22,1,25.02594,121.50651,21
500113008,20231010,776,43,22,1,25.02594,121.50651,21
500113008,20231010,777,43,22,1,25.02594,121.50651,21
500113008,20231010,778,43,22,1,25.02594,121.50651,21
500113008,20231010,779,43,22,1,25.02594,121.50651,21
500113008,20231010,781,43,23,1,25.02594,121.50651,20
500113008,20231010,782,43,22,1,25.02594,121.50651,21
500113008,20231010,783,43,22,1,25.02594,121.50651,21
500113008,20231010,784,43,22,1,25.02594,121.50651,21
500113008,20231010,785,43,20,1,25.02594,121.50651,23
500113008,20231010,786,43,20,1,25.02594,121.50651,23
500113008,20231010,787,43,20,1,25.02594,121.50651,23
500113008,20231010,788,43,20,1,25.02594,121.50651,23
500113008,20231010,789,43,20,1,25.02594,121.50651,23
500113008,20231010,790,43,21,1,25.02594,121.50651,22
500113008,20231010,791,43,21,1,25.02594,121.50651,22
500113008,20231010,792,43,21,1,25.02594,121.50651,22
500113008,20231010,793,43,21,1,25.02594,121.50651,22
500113008,20231010,794,43,21,1,25.02594,121.50651,22
500113008,20231010,795,43,20,1,25.02594,121.50651,23
500113008,20231010,796,43,20,1,25.02594,121.50651,23
500113008,20231010,798,43,21,1,25.02594,121.50651,22
500113008,20231010,799,43,21,1,25.02594,121.50651,22
500113008,20231010,801,43,21,1,25.02594,121.50651,22
500113008,20231010,802,43,21,1,25.02594,121.50651,22
500113008,20231010,803,43,21,1,25.02594,121.50651,22
500113008,20231010,804,43,21,1,25.02594,121.50651,22
500113008,20231010,805,43,21,1,25.02594,121.50651,22
500113008,20231010,806,43,21,1,25.02594,121.50651,22
500113008,20231010,807,43,21,1,25.02594,121.50651,22
500113008,20231010,808,43,21,1,25.02594,121.50651,22
500113008,20231010,809,43,21,1,25.02594,121.50651,22
500113008,20231010,811,43,21,1,25.02594,121.50651,22
500113008,20231010,812,43,21,1,25.02594,121.50651,22
500113008,20231010,813,43,21,1,25.02594,121.50651,22
500113008,20231010,814,43,21,1,25.02594,121.50651,22
500113008,20231010,815,43,21,1,25.02594,121.50651,22
500113008,20231010,816,43,21,1,25.02594,121.50651,22
500113008,20231010,817,43,20,1,25.02594,121.50651,23
500113008,20231010,818,43,21,1,25.02594,121.50651,22
500113008,20231010,819,43,22,1,25.02594,121.50651,21
500113008,20231010,820,43,22,1,25.02594,121.50651,21
500113008,20231010,821,43,22,1,25.02594,121.50651,21
500113008,20231010,822,43,24,1,25.02594,121.50651,19
500113008,20231010,823,43,24,1,25.02594,121.50651,19
500113008,20231010,824,43,24,1,25.02594,121.50651,19
500113008,20231010,825,43,24,1,25.02594,121.50651,19
500113008,20231010,826,43,24,1,25.02594,121.50651,19
500113008,20231010,827,43,23,1,25.02594,121.50651,20
500113008,20231010,828,43,23,1,25.02594,121.50651,20
500113008,20231010,829,43,23,1,25.02594,121.50651,20
500113008,20231010,830,43,23,1,25.02594,121.50651,20
500113008,20231010,831,43,23,1,25.02594,121.50651,20
500113008,20231010,832,43,23,1,25.02594,121.50651,20
500113008,20231010,833,43,23,1,25.02594,121.50651,20
500113008,20231010,834,43,23,1,25.02594,121.50651,20
500113008,20231010,835,43,23,1,25.02594,121.50651,20
500113008,20231010,836,43,23,1,25.02594,121.50651,20
500113008,20231010,837,43,23,1,25.02594,121.50651,20
500113008,20231010,838,43,23,1,25.02594,121.50651,20
500113008,20231010,839,43,23,1,25.02594,121.50651,20
500113008,20231010,841,43,24,1,25.02594,121.50651,19
500113008,20231010,842,43,24,1,25.02594,121.50651,19
500113008,20231010,843,43,24,1,25.02594,121.50651,19
500113008,20231010,844,43,24,1,25.02594,121.50651,19
500113008,20231010,845,43,24,1,25.02594,121.50651,19
500113008,20231010,846,43,24,1,25.02594,121.50651,19
500113008,20231010,847,43,24,1,25.02594,121.50651,19
500113008,20231010,848,43,24,1,25.02594,121.50651,19
500113008,20231010,849,43,24,1,25.02594,121.50651,19
500113008,20231010,850,43,24,1,25.02594,121.50651,19
500113008,20231010,851,43,24,1,25.02594,121.50651,19
500113008,20231010,852,43,24,1,25.02594,121.50651,19
500113008,20231010,853,43,24,1,25.02594,121.50651,19
500113008,20231010,854,43,24,1,25.02594,121.50651,19
500113008,20231010,855,43,24,1,25.02594,121.50651,19
500113008,20231010,856,43,24,1,25.02594,121.50651,19
500113008,20231010,857,43,24,1,25.02594,121.50651,19
500113008,20231010,858,43,24,1,25.02594,121.50651,19
500113008,20231010,859,43,25,1,25.02594,121.50651,18
500113008,20231010,861,43,26,1,25.02594,121.50651,17
500113008,20231010,862,43,26,1,25.02594,121.50651,17
500113008,20231010,863,43,29,1,25.02594,121.50651,14
500113008,20231010,864,43,30,1,25.02594,121.50651,13
500113008,20231010,865,43,30,1,25.02594,121.50651,13
500113008,20231010,866,43,29,1,25.02594,121.50651,14
500113008,20231010,867,43,28,1,25.02594,121.50651,15
500113008,20231010,868,43,28,1,25.02594,121.50651,15
500113008,20231010,869,43,29,1,25.02594,121.50651,14
500113008,20231010,871,43,28,1,25.02594,121.50651,15
500113008,20231010,872,43,28,1,25.02594,121.50651,15
500113008,20231010,873,43,28,1,25.02594,121.50651,15
500113008,20231010,874,43,28,1,25.02594,121.50651,15
500113008,20231010,875,43,28,1,25.02594,121.50651,15
500113008,20231010,876,43,28,1,25.02594,121.50651,15
500113008,20231010,877,43,28,1,25.02594,121.50651,15
500113008,20231010,878,43,28,1,25.02594,121.50651,15
500113008,20231010,879,43,28,1,25.02594,121.50651,15
500113008,20231010,880,43,28,1,25.02594,121.50651,15
500113008,20231010,881,43,29,1,25.02594,121.50651,14
500113008,20231010,882,43,29,1,25.02594,121.50651,14
500113008,20231010,883,43,29,1,25.02594,121.50651,14
500113008,20231010,884,43,30,1,25.02594,121.50651,13
500113008,20231010,885,43,30,1,25.02594,121.50651,13
500113008,20231010,886,43,29,1,25.02594,121.50651,14
500113008,20231010,887,43,29,1,25.02594,121.50651,14
500113008,20231010,888,43,29,1,25.02594,121.50651,14
500113008,20231010,889,43,29,1,25.02594,121.50651,14
500113008,20231010,890,43,29,1,25.02594,121.50651,14
500113008,20231010,891,43,29,1,25.02594,121.50651,14
500113008,20231010,892,43,29,1,25.02594,121.50651,14
500113008,20231010,893,43,31,1,25.02594,121.50651,12
500113008,20231010,894,43,31,1,25.02594,121.50651,12
500113008,20231010,895,43,31,1,25.02594,121.50651,12
500113008,20231010,896,43,30,1,25.02594,121.50651,13
500113008,20231010,897,43,30,1,25.02594,121.50651,13
500113008,20231010,898,43,30,1,25.02594,121.50651,13
500113008,20231010,899,43,30,1,25.02594,121.50651,13
500113008,20231010,901,43,30,1,25.02594,121.50651,13
500113008,20231010,902,43,30,1,25.02594,121.50651,13
500113008,20231010,903,43,30,1,25.02594,121.50651,13
500113008,20231010,904,43,31,1,25.02594,121.50651,12
500113008,20231010,905,43,31,1,25.02594,121.50651,12
500113008,20231010,906,43,31,1,25.02594,121.50651,12
500113008,20231010,907,43,32,1,25.02594,121.50651,11
500113008,20231010,908,43,32,1,25.02594,121.50651,11
500113008,20231010,909,43,32,1,25.02594,121.50651,11
500113008,20231010,910,43,32,1,25.02594,121.50651,11
500113008,20231010,911,43,33,1,25.02594,121.50651,10
500113008,20231010,912,43,33,1,25.02594,121.50651,10
500113008,20231010,913,43,33,1,25.02594,121.50651,10
500113008,20231010,914,43,33,1,25.02594,121.50651,10
500113008,20231010,915,43,33,1,25.02594,121.50651,10
500113008,20231010,916,43,33,1,25.02594,121.50651,10
500113008,20231010,918,43,34,1,25.02594,121.50651,9
500113008,20231010,919,43,33,1,25.02594,121.50651,10
500113008,20231010,921,43,33,1,25.02594,121.50651,10
500113008,20231010,922,43,33,1,25.02594,121.50651,10
500113008,20231010,923,43,33,1,25.02594,121.50651,10
500113008,20231010,924,43,35,1,25.02594,121.50651,8
500113008,20231010,925,43,35,1,25.02594,121.50651,8
500113008,20231010,926,43,35,1,25.02594,121.50651,8
500113008,20231010,927,43,35,1,25.02594,121.50651,8
500113008,20231010,928,43,37,1,25.02594,121.50651,6
500113008,20231010,929,43,38,1,25.02594,121.50651,5
500113008,20231010,930,43,38,1,25.02594,121.50651,5
500113008,20231010,931,43,38,1,25.02594,121.50651,5
500113008,20231010,932,43,38,1,25.02594,121.50651,5
500113008,20231010,933,43,38,1,25.02594,121.50651,5
500113008,20231010,934,43,39,1,25.02594,121.50651,4
500113008,20231010,935,43,39,1,25.02594,121.50651,4
500113008,20231010,936,43,39,1,25.02594,121.50651,4
500113008,20231010,937,43,39,1,25.02594,121.50651,4
500113008,20231010,938,43,39,1,25.02594,121.50651,4
500113008,20231010,939,43,39,1,25.02594,121.50651,4
500113008,20231010,940,43,39,1,25.02594,121.50651,4
500113008,20231010,941,43,38,1,25.02594,121.50651,5
500113008,20231010,942,43,38,1,25.02594,121.50651,5
500113008,20231010,943,43,38,1,25.02594,121.50651,5
500113008,20231010,944,43,38,1,25.02594,121.50651,5
500113008,20231010,945,43,38,1,25.02594,121.50651,5
500113008,20231010,946,43,36,1,25.02594,121.50651,7
500113008,20231010,947,43,37,1,25.02594,121.50651,6
500113008,20231010,948,43,39,1,25.02594,121.50651,4
500113008,20231010,949,43,40,1,25.02594,121.50651,3
500113008,20231010,950,43,40,1,25.02594,121.50651,3
500113008,20231010,951,43,40,1,25.02594,121.50651,3
500113008,20231010,952,43,40,1,25.02594,121.50651,3
500113008,20231010,953,43,39,1,25.02594,121.50651,4
500113008,20231010,954,43,39,1,25.02594,121.50651,4
500113008,20231010,955,43,39,1,25.02594,121.50651,4
500113008,20231010,956,43,39,1,25.02594,121.50651,4
500113008,20231010,957,43,39,1,25.02594,121.50651,4
500113008,20231010,958,43,39,1,25.02594,121.50651,4
500113008,20231010,959,43,39,1,25.02594,121.50651,4
500113008,20231010,961,43,39,1,25.02594,121.50651,4
500113008,20231010,962,43,39,1,25.02594,121.50651,4
500113008,20231010,963,43,40,1,25.02594,121.50651,3
500113008,20231010,964,43,40,1,25.02594,121.50651,3
500113008,20231010,965,43,40,1,25.02594,121.50651,3
500113008,20231010,966,43,40,1,25.02594,121.50651,3
500113008,20231010,967,43,40,1,25.02594,121.50651,3
500113008,20231010,968,43,40,1,25.02594,121.50651,3
500113008,20231010,969,43,40,1,25.02594,121.50651,3
500113008,20231010,970,43,40,1,25.02594,121.50651,3
500113008,20231010,971,43,40,1,25.02594,121.50651,3
500113008,20231010,972,43,40,1,25.02594,121.50651,3
500113008,20231010,973,43,40,1,25.02594,121.50651,3
500113008,20231010,974,43,40,1,25.02594,121.50651,3
500113008,20231010,975,43,40,1,25.02594,121.50651,3
500113008,20231010,976,43,40,1,25.02594,121.50651,3
500113008,20231010,977,43,40,1,25.02594,121.50651,3
500113008,20231010,978,43,41,1,25.02594,121.50651,2
500113008,20231010,979,43,41,1,25.02594,121.50651,2
500113008,20231010,981,43,41,1,25.02594,121.50651,2
500113008,20231010,982,43,41,1,25.02594,121.50651,2
500113008,20231010,983,43,41,1,25.02594,121.50651,2
500113008,20231010,984,43,41,1,25.02594,121.50651,2
500113008,20231010,985,43,41,1,25.02594,121.50651,2
500113008,20231010,986,43,41,1,25.02594,121.50651,2
500113008,20231010,987,43,41,1,25.02594,121.50651,2
500113008,20231010,988,43,41,1,25.02594,121.50651,2
500113008,20231010,989,43,39,1,25.02594,121.50651,4
500113008,20231010,991,43,40,1,25.02594,121.50651,3
500113008,20231010,992,43,40,1,25.02594,121.50651,3
500113008,20231010,993,43,40,1,25.02594,121.50651,3
500113008,20231010,994,43,39,1,25.02594,121.50651,4
500113008,20231010,995,43,42,1,25.02594,121.50651,1
500113008,20231010,996,43,42,1,25.02594,121.50651,1
500113008,20231010,997,43,42,1,25.02594,121.50651,1
500113008,20231010,998,43,43,1,25.02594,121.50651,0
500113008,20231010,999,43,42,1,25.02594,121.50651,1
500113008,20231010,1000,43,42,1,25.02594,121.50651,1
500113008,20231010,1001,43,42,1,25.02594,121.50651,1
500113008,20231010,1002,43,42,1,25.02594,121.50651,1
500113008,20231010,1003,43,42,1,25.02594,121.50651,1
500113008,20231010,1004,43,43,1,25.02594,121.50651,0
500113008,20231010,1005,43,43,1,25.02594,121.50651,0
500113008,20231010,1006,43,42,1,25.02594,121.50651,1
500113008,20231010,1007,43,42,1,25.02594,121.50651,1
500113008,20231010,1008,43,41,1,25.02594,121.50651,2
500113008,20231010,1009,43,41,1,25.02594,121.50651,2
500113008,20231010,1010,43,40,1,25.02594,121.50651,3
500113008,20231010,1011,43,40,1,25.02594,121.50651,3
500113008,20231010,1012,43,40,1,25.02594,121.50651,3
500113008,20231010,1013,43,40,1,25.02594,121.50651,3
500113008,20231010,1014,43,39,1,25.02594,121.50651,4
500113008,20231010,1015,43,39,1,25.02594,121.50651,4
500113008,20231010,1016,43,39,1,25.02594,121.50651,4
500113008,20231010,1017,43,39,1,25.02594,121.50651,4
500113008,20231010,1018,43,38,1,25.02594,121.50651,5
500113008,20231010,1019,43,37,1,25.02594,121.50651,6
500113008,20231010,1021,43,37,1,25.02594,121.50651,6
500113008,20231010,1022,43,37,1,25.02594,121.50651,6
500113008,20231010,1023,43,37,1,25.02594,121.50651,6
500113008,20231010,1024,43,36,1,25.02594,121.50651,7
500113008,20231010,1025,43,36,1,25.02594,121.50651,7
500113008,20231010,1026,43,36,1,25.02594,121.50651,7
500113008,20231010,1027,43,36,1,25.02594,121.50651,7
500113008,20231010,1028,43,36,1,25.02594,121.50651,7
500113008,20231010,1029,43,37,1,25.02594,121.50651,6
500113008,20231010,1030,43,38,1,25.02594,121.50651,5
500113008,20231010,1031,43,38,1,25.02594,121.50651,5
500113008,20231010,1032,43,38,1,25.02594,121.50651,5
500113008,20231010,1033,43,39,1,25.02594,121.50651,4
500113008,20231010,1034,43,39,1,25.02594,121.50651,4
500113008,20231010,1035,43,39,1,25.02594,121.50651,4
500113008,20231010,1036,43,39,1,25.02594,121.50651,4
500113008,20231010,1037,43,39,1,25.02594,121.50651,4
500113008,20231010,1038,43,39,1,25.02594,121.50651,4
500113008,20231010,1039,43,39,1,25.02594,121.50651,4
500113008,20231010,1041,43,39,1,25.02594,121.50651,4
500113008,20231010,1042,43,38,1,25.02594,121.50651,5
500113008,20231010,1043,43,38,1,25.02594,121.50651,5
500113008,20231010,1044,43,37,1,25.02594,121.50651,6
500113008,20231010,1045,43,36,1,25.02594,121.50651,7
500113008,20231010,1046,43,37,1,25.02594,121.50651,6
500113008,20231010,1047,43,36,1,25.02594,121.50651,7
500113008,20231010,1048,43,36,1,25.02594,121.50651,7
500113008,20231010,1049,43,34,1,25.02594,121.50651,9
500113008,20231010,1051,43,36,1,25.02594,121.50651,7
500113008,20231010,1052,43,35,1,25.02594,121.50651,8
500113008,20231010,1053,43,34,1,25.02594,121.50651,9
500113008,20231010,1054,43,34,1,25.02594,121.50651,9
500113008,20231010,1055,43,34,1,25.02594,121.50651,9
500113008,20231010,1056,43,32,1,25.02594,121.50651,11
500113008,20231010,1057,43,32,1,25.02594,121.50651,11
500113008,20231010,1058,43,32,1,25.02594,121.50651,11
500113008,20231010,1059,43,33,1,25.02594,121.50651,10
500113008,20231010,1060,43,33,1,25.02594,121.50651,10
500113008,20231010,1061,43,32,1,25.02594,121.50651,11
500113008,20231010,1063,43,32,1,25.02594,121.50651,11
500113008,20231010,1064,43,32,1,25.02594,121.50651,11
500113008,20231010,1065,43,32,1,25.02594,121.50651,11
500113008,20231010,1066,43,32,1,25.02594,121.50651,11
500113008,20231010,1067,43,30,1,25.02594,121.50651,13
500113008,20231010,1068,43,30,1,25.02594,121.50651,13
500113008,20231010,1069,43,30,1,25.02594,121.50651,13
500113008,20231010,1070,43,30,1,25.02594,121.50651,13
500113008,20231010,1071,43,30,1,25.02594,121.50651,13
500113008,20231010,1072,43,30,1,25.02594,121.50651,13
500113008,20231010,1073,43,30,1,25.02594,121.50651,13
500113008,20231010,1074,43,30,1,25.02594,121.50651,13
500113008,20231010,1075,43,30,1,25.02594,121.50651,13
500113008,20231010,1076,43,31,1,25.02594,121.50651,12
500113008,20231010,1077,43,31,1,25.02594,121.50651,12
500113008,20231010,1078,43,30,1,25.02594,121.50651,13
500113008,20231010,1079,43,29,1,25.02594,121.50651,14
500113008,20231010,1081,43,27,1,25.02594,121.50651,16
500113008,20231010,1082,43,27,1,25.02594,121.50651,16
500113008,20231010,1083,43,26,1,25.02594,121.50651,17
500113008,20231010,1084,43,26,1,25.02594,121.50651,17
500113008,20231010,1085,43,26,1,25.02594,121.50651,17
500113008,20231010,1086,43,26,1,25.02594,121.50651,17
500113008,20231010,1087,43,26,1,25.02594,121.50651,17
500113008,20231010,1088,43,26,1,25.02594,121.50651,17
500113008,20231010,1089,43,26,1,25.02594,121.50651,17
500113008,20231010,1090,43,25,1,25.02594,121.50651,18
500113008,20231010,1091,43,25,1,25.02594,121.50651,18
500113008,20231010,1092,43,26,1,25.02594,121.50651,17
500113008,20231010,1093,43,26,1,25.02594,121.50651,17
500113008,20231010,1094,43,26,1,25.02594,121.50651,17
500113008,20231010,1095,43,27,1,25.02594,121.50651,16
500113008,20231010,1096,43,27,1,25.02594,121.50651,16
500113008,20231010,1097,43,27,1,25.02594,121.50651,16
500113008,20231010,1098,43,27,1,25.02594,121.50651,16
500113008,20231010,1099,43,28,1,25.02594,121.50651,15
500113008,20231010,1101,43,28,1,25.02594,121.50651,15
500113008,20231010,1102,43,28,1,25.02594,121.50651,15
500113008,20231010,1103,43,28,1,25.02594,121.50651,15
500113008,20231010,1104,43,28,1,25.02594,121.50651,15
500113008,20231010,1105,43,27,1,25.02594,121.50651,16
500113008,20231010,1106,43,27,1,25.02594,121.50651,16
500113008,20231010,1107,43,27,1,25.02594,121.50651,16
500113008,20231010,1108,43,27,1,25.02594,121.50651,16
500113008,20231010,1109,43,26,1,25.02594,121.50651,17
500113008,20231010,1111,43,26,1,25.02594,121.50651,17
500113008,20231010,1112,43,26,1,25.02594,121.50651,17
500113008,20231010,1113,43,26,1,25.02594,121.50651,17
500113008,20231010,1114,43,26,1,25.02594,121.50651,17
500113008,20231010,1115,43,26,1,25.02594,121.50651,17
500113008,20231010,1116,43,26,1,25.02594,121.50651,17
500113008,20231010,1117,43,26,1,25.02594,121.50651,17
500113008,20231010,1118,43,26,1,25.02594,121.50651,17
500113008,20231010,1119,43,26,1,25.02594,121.50651,17
500113008,20231010,1120,43,26,1,25.02594,121.50651,17
500113008,20231010,1121,43,26,1,25.02594,121.50651,17
500113008,20231010,1122,43,26,1,25.02594,121.50651,17
500113008,20231010,1123,43,26,1,25.02594,121.50651,17
500113008,20231010,1124,43,26,1,25.02594,121.50651,17
500113008,20231010,1125,43,26,1,25.02594,121.50651,17
500113008,20231010,1126,43,26,1,25.02594,121.50651,17
500113008,20231010,1127,43,26,1,25.02594,121.50651,17
500113008,20231010,1128,43,26,1,25.02594,121.50651,17
500113008,20231010,1129,43,26,1,25.02594,121.50651,17
500113008,20231010,1130,43,26,1,25.02594,121.50651,17
500113008,20231010,1131,43,26,1,25.02594,121.50651,17
500113008,20231010,1132,43,25,1,25.02594,121.50651,18
500113008,20231010,1133,43,25,1,25.02594,121.50651,18
500113008,20231010,1134,43,25,1,25.02594,121.50651,18
500113008,20231010,1135,43,25,1,25.02594,121.50651,18
500113008,20231010,1136,43,27,1,25.02594,121.50651,16
500113008,20231010,1137,43,27,1,25.02594,121.50651,16
500113008,20231010,1138,43,27,1,25.02594,121.50651,16
500113008,20231010,1139,43,27,1,25.02594,121.50651,16
500113008,20231010,1141,43,28,1,25.02594,121.50651,15
500113008,20231010,1142,43,28,1,25.02594,121.50651,15
500113008,20231010,1143,43,28,1,25.02594,121.50651,15
500113008,20231010,1144,43,28,1,25.02594,121.50651,15
500113008,20231010,1145,43,29,1,25.02594,121.50651,14
500113008,20231010,1146,43,28,1,25.02594,121.50651,15
500113008,20231010,1147,43,28,1,25.02594,121.50651,15
500113008,20231010,1148,43,28,1,25.02594,121.50651,15
500113008,20231010,1149,43,29,1,25.02594,121.50651,14
500113008,20231010,1150,43,30,1,25.02594,121.50651,13
500113008,20231010,1151,43,31,1,25.02594,121.50651,12
500113008,20231010,1152,43,31,1,25.02594,121.50651,12
500113008,20231010,1153,43,29,1,25.02594,121.50651,14
500113008,20231010,1154,43,29,1,25.02594,121.50651,14
500113008,20231010,1155,43,28,1,25.02594,121.50651,15
500113008,20231010,1156,43,28,1,25.02594,121.50651,15
500113008,20231010,1157,43,28,1,25.02594,121.50651,15
500113008,20231010,1158,43,28,1,25.02594,121.50651,15
500113008,20231010,1159,43,29,1,25.02594,121.50651,14
500113008,20231010,1161,43,29,1,25.02594,121.50651,14
500113008,20231010,1162,43,29,1,25.02594,121.50651,14
500113008,20231010,1163,43,29,1,25.02594,121.50651,14
500113008,20231010,1164,43,29,1,25.02594,121.50651,14
500113008,20231010,1165,43,29,1,25.02594,121.50651,14
500113008,20231010,1166,43,29,1,25.02594,121.50651,14
500113008,20231010,1167,43,29,1,25.02594,121.50651,14
500113008,20231010,1168,43,29,1,25.02594,121.50651,14
500113008,20231010,1169,43,29,1,25.02594,121.50651,14
500113008,20231010,1170,43,29,1,25.02594,121.50651,14
500113008,20231010,1171,43,29,1,25.02594,121.50651,14
500113008,20231010,1172,43,29,1,25.02594,121.50651,14
500113008,20231010,1173,43,29,1,25.02594,121.50651,14
500113008,20231010,1174,43,29,1,25.02594,121.50651,14
500113008,20231010,1175,43,29,1,25.02594,121.50651,14
500113008,20231010,1176,43,29,1,25.02594,121.50651,14
500113008,20231010,1177,43,29,1,25.02594,121.50651,14
500113008,20231010,1178,43,29,1,25.02594,121.50651,14
500113008,20231010,1179,43,29,1,25.02594,121.50651,14
500113008,20231010,1180,43,29,1,25.02594,121.50651,14
500113008,20231010,1181,43,29,1,25.02594,121.50651,14
500113008,20231010,1182,43,29,1,25.02594,121.50651,14
500113008,20231010,1183,43,29,1,25.02594,121.50651,14
500113008,20231010,1184,43,29,1,25.02594,121.50651,14
500113008,20231010,1185,43,29,1,25.02594,121.50651,14
500113008,20231010,1186,43,29,1,25.02594,121.50651,14
500113008,20231010,1187,43,29,1,25.02594,121.50651,14
500113008,20231010,1188,43,29,1,25.02594,121.50651,14
500113008,20231010,1189,43,29,1,25.02594,121.50651,14
500113008,20231010,1190,43,29,1,25.02594,121.50651,14
500113008,20231010,1191,43,29,1,25.02594,121.50651,14
500113008,20231010,1192,43,29,1,25.02594,121.50651,14
500113008,20231010,1193,43,29,1,25.02594,121.50651,14
500113008,20231010,1194,43,29,1,25.02594,121.50651,14
500113008,20231010,1195,43,29,1,25.02594,121.50651,14
500113008,20231010,1196,43,29,1,25.02594,121.50651,14
500113008,20231010,1197,43,29,1,25.02594,121.50651,14
500113008,20231010,1198,43,29,1,25.02594,121.50651,14
500113008,20231010,1199,43,29,1,25.02594,121.50651,14
500113008,20231010,1201,43,29,1,25.02594,121.50651,14
500113008,20231010,1202,43,29,1,25.02594,121.50651,14
500113008,20231010,1203,43,29,1,25.02594,121.50651,14
500113008,20231010,1204,43,29,1,25.02594,121.50651,14
500113008,20231010,1205,43,29,1,25.02594,121.50651,14
500113008,20231010,1206,43,29,1,25.02594,121.50651,14
500113008,20231010,1207,43,29,1,25.02594,121.50651,14
500113008,20231010,1208,43,29,1,25.02594,121.50651,14
500113008,20231010,1209,43,31,1,25.02594,121.50651,12
500113008,20231010,1210,43,31,1,25.02594,121.50651,12
500113008,20231010,1211,43,31,1,25.02594,121.50651,12
500113008,20231010,1212,43,31,1,25.02594,121.50651,12
500113008,20231010,1213,43,31,1,25.02594,121.50651,12
500113008,20231010,1214,43,32,1,25.02594,121.50651,11
500113008,20231010,1215,43,33,1,25.02594,121.50651,10
500113008,20231010,1216,43,33,1,25.02594,121.50651,10
500113008,20231010,1217,43,34,1,25.02594,121.50651,9
500113008,20231010,1218,43,34,1,25.02594,121.50651,9
500113008,20231010,1219,43,34,1,25.02594,121.50651,9
500113008,20231010,1221,43,37,1,25.02594,121.50651,6
500113008,20231010,1222,43,37,1,25.02594,121.50651,6
500113008,20231010,1223,43,37,1,25.02594,121.50651,6
500113008,20231010,1224,43,37,1,25.02594,121.50651,6
500113008,20231010,1225,43,37,1,25.02594,121.50651,6
500113008,20231010,1226,43,36,1,25.02594,121.50651,7
500113008,20231010,1227,43,36,1,25.02594,121.50651,7
500113008,20231010,1228,43,36,1,25.02594,121.50651,7
500113008,20231010,1229,43,37,1,25.02594,121.50651,6
500113008,20231010,1230,43,37,1,25.02594,121.50651,6
500113008,20231010,1231,43,37,1,25.02594,121.50651,6
500113008,20231010,1232,43,38,1,25.02594,121.50651,5
500113008,20231010,1233,43,38,1,25.02594,121.50651,5
500113008,20231010,1234,43,38,1,25.02594,121.50651,5
500113008,20231010,1235,43,38,1,25.02594,121.50651,5
500113008,20231010,1236,43,38,1,25.02594,121.50651,5
500113008,20231010,1237,43,38,1,25.02594,121.50651,5
500113008,20231010,1238,43,37,1,25.02594,121.50651,6
500113008,20231010,1239,43,37,1,25.02594,121.50651,6
500113008,20231010,1240,43,37,1,25.02594,121.50651,6
500113008,20231010,1241,43,37,1,25.02594,121.50651,6
500113008,20231010,1242,43,34,1,25.02594,121.50651,9
500113008,20231010,1243,43,34,1,25.02594,121.50651,9
500113008,20231010,1244,43,34,1,25.02594,121.50651,9
500113008,20231010,1245,43,34,1,25.02594,121.50651,9
500113008,20231010,1246,43,34,1,25.02594,121.50651,9
500113008,20231010,1247,43,34,1,25.02594,121.50651,9
500113008,20231010,1248,43,34,1,25.02594,121.50651,9
500113008,20231010,1249,43,34,1,25.02594,121.50651,9
500113008,20231010,1250,43,34,1,25.02594,121.50651,9
500113008,20231010,1251,43,34,1,25.02594,121.50651,9
500113008,20231010,1252,43,34,1,25.02594,121.50651,9
500113008,20231010,1253,43,34,1,25.02594,121.50651,9
500113008,20231010,1254,43,34,1,25.02594,121.50651,9
500113008,20231010,1255,43,34,1,25.02594,121.50651,9
500113008,20231010,1256,43,34,1,25.02594,121.50651,9
500113008,20231010,1257,43,34,1,25.02594,121.50651,9
500113008,20231010,1258,43,34,1,25.02594,121.50651,9
500113008,20231010,1259,43,34,1,25.02594,121.50651,9
500113008,20231010,1261,43,34,1,25.02594,121.50651,9
500113008,20231010,1262,43,34,1,25.02594,121.50651,9
500113008,20231010,1263,43,34,1,25.02594,121.50651,9
500113008,20231010,1264,43,34,1,25.02594,121.50651,9
500113008,20231010,1265,43,34,1,25.02594,121.50651,9
500113008,20231010,1266,43,34,1,25.02594,121.50651,9
500113008,20231010,1267,43,34,1,25.02594,121.50651,9
500113008,20231010,1268,43,34,1,25.02594,121.50651,9
500113008,20231010,1269,43,34,1,25.02594,121.50651,9
500113008,20231010,1270,43,34,1,25.02594,121.50651,9
500113008,20231010,1271,43,34,1,25.02594,121.50651,9
500113008,20231010,1272,43,35,1,25.02594,121.50651,8
500113008,20231010,1273,43,35,1,25.02594,121.50651,8
500113008,20231010,1274,43,35,1,25.02594,121.50651,8
500113008,20231010,1275,43,35,1,25.02594,121.50651,8
500113008,20231010,1276,43,35,1,25.02594,121.50651,8
500113008,20231010,1277,43,35,1,25.02594,121.50651,8
500113008,20231010,1278,43,36,1,25.02594,121.50651,7
500113008,20231010,1279,43,36,1,25.02594,121.50651,7
500113008,20231010,1281,43,36,1,25.02594,121.50651,7
500113008,20231010,1282,43,36,1,25.02594,121.50651,7
500113008,20231010,1283,43,36,1,25.02594,121.50651,7
500113008,20231010,1284,43,36,1,25.02594,121.50651,7
500113008,20231010,1285,43,36,1,25.02594,121.50651,7
500113008,20231010,1286,43,36,1,25.02594,121.50651,7
500113008,20231010,1287,43,36,1,25.02594,121.50651,7
500113008,20231010,1288,43,36,1,25.02594,121.50651,7
500113008,20231010,1289,43,36,1,25.02594,121.50651,7
500113008,20231010,1291,43,36,1,25.02594,121.50651,7
500113008,20231010,1292,43,36,1,25.02594,121.50651,7
500113008,20231010,1293,43,35,1,25.02594,121.50651,8
500113008,20231010,1294,43,36,1,25.02594,121.50651,7
500113008,20231010,1295,43,36,1,25.02594,121.50651,7
500113008,20231010,1296,43,36,1,25.02594,121.50651,7
500113008,20231010,1297,43,36,1,25.02594,121.50651,7
500113008,20231010,1298,43,36,1,25.02594,121.50651,7
500113008,20231010,1299,43,36,1,25.02594,121.50651,7
500113008,20231010,1300,43,36,1,25.02594,121.50651,7
500113008,20231010,1301,43,36,1,25.02594,121.50651,7
500113008,20231010,1302,43,36,1,25.02594,121.50651,7
500113008,20231010,1303,43,36,1,25.02594,121.50651,7
500113008,20231010,1304,43,36,1,25.02594,121.50651,7
500113008,20231010,1305,43,36,1,25.02594,121.50651,7
500113008,20231010,1306,43,36,1,25.02594,121.50651,7
500113008,20231010,1307,43,36,1,25.02594,121.50651,7
500113008,20231010,1308,43,36,1,25.02594,121.50651,7
500113008,20231010,1309,43,36,1,25.02594,121.50651,7
500113008,20231010,1310,43,36,1,25.02594,121.50651,7
500113008,20231010,1311,43,36,1,25.02594,121.50651,7
500113008,20231010,1312,43,36,1,25.02594,121.50651,7
500113008,20231010,1313,43,36,1,25.02594,121.50651,7
500113008,20231010,1314,43,36,1,25.02594,121.50651,7
500113008,20231010,1315,43,36,1,25.02594,121.50651,7
500113008,20231010,1316,43,36,1,25.02594,121.50651,7
500113008,20231010,1317,43,36,1,25.02594,121.50651,7
500113008,20231010,1318,43,36,1,25.02594,121.50651,7
500113008,20231010,1319,43,36,1,25.02594,121.50651,7
500113008,20231010,1321,43,36,1,25.02594,121.50651,7
500113008,20231010,1322,43,36,1,25.02594,121.50651,7
500113008,20231010,1323,43,36,1,25.02594,121.50651,7
500113008,20231010,1324,43,36,1,25.02594,121.50651,7
500113008,20231010,1325,43,36,1,25.02594,121.50651,7
500113008,20231010,1326,43,36,1,25.02594,121.50651,7
500113008,20231010,1327,43,36,1,25.02594,121.50651,7
500113008,20231010,1328,43,36,1,25.02594,121.50651,7
500113008,20231010,1329,43,36,1,25.02594,121.50651,7
500113008,20231010,1330,43,36,1,25.02594,121.50651,7
500113008,20231010,1331,43,36,1,25.02594,121.50651,7
500113008,20231010,1332,43,36,1,25.02594,121.50651,7
500113008,20231010,1333,43,36,1,25.02594,121.50651,7
500113008,20231010,1334,43,36,1,25.02594,121.50651,7
500113008,20231010,1335,43,36,1,25.02594,121.50651,7
500113008,20231010,1336,43,36,1,25.02594,121.50651,7
500113008,20231010,1337,43,36,1,25.02594,121.50651,7
500113008,20231010,1338,43,36,1,25.02594,121.50651,7
500113008,20231010,1339,43,36,1,25.02594,121.50651,7
500113008,20231010,1341,43,37,1,25.02594,121.50651,6
500113008,20231010,1342,43,37,1,25.02594,121.50651,6
500113008,20231010,1343,43,37,1,25.02594,121.50651,6
500113008,20231010,1344,43,36,1,25.02594,121.50651,7
500113008,20231010,1346,43,36,1,25.02594,121.50651,7
500113008,20231010,1347,43,37,1,25.02594,121.50651,6
500113008,20231010,1348,43,37,1,25.02594,121.50651,6
500113008,20231010,1349,43,37,1,25.02594,121.50651,6
500113008,20231010,1350,43,37,1,25.02594,121.50651,6
500113008,20231010,1351,43,37,1,25.02594,121.50651,6
500113008,20231010,1352,43,37,1,25.02594,121.50651,6
500113008,20231010,1353,43,37,1,25.02594,121.50651,6
500113008,20231010,1354,43,37,1,25.02594,121.50651,6
500113008,20231010,1355,43,37,1,25.02594,121.50651,6
500113008,20231010,1356,43,37,1,25.02594,121.50651,6
500113008,20231010,1357,43,37,1,25.02594,121.50651,6
500113008,20231010,1358,43,37,1,25.02594,121.50651,6
500113008,20231010,1359,43,36,1,25.02594,121.50651,7
500113008,20231010,1360,43,36,1,25.02594,121.50651,7
500113008,20231010,1361,43,36,1,25.02594,121.50651,7
500113008,20231010,1362,43,36,1,25.02594,121.50651,7
500113008,20231010,1363,43,36,1,25.02594,121.50651,7
500113008,20231010,1364,43,36,1,25.02594,121.50651,7
500113008,20231010,1365,43,36,1,25.02594,121.50651,7
500113008,20231010,1366,43,34,1,25.02594,121.50651,9
500113008,20231010,1367,43,33,1,25.02594,121.50651,10
500113008,20231010,1368,43,33,1,25.02594,121.50651,10
500113008,20231010,1369,43,33,1,25.02594,121.50651,10
500113008,20231010,1370,43,33,1,25.02594,121.50651,10
500113008,20231010,1371,43,33,1,25.02594,121.50651,10
500113008,20231010,1372,43,33,1,25.02594,121.50651,10
500113008,20231010,1373,43,33,1,25.02594,121.50651,10
500113008,20231010,1374,43,33,1,25.02594,121.50651,10
500113008,20231010,1375,43,33,1,25.02594,121.50651,10
500113008,20231010,1376,43,33,1,25.02594,121.50651,10
500113008,20231010,1377,43,33,1,25.02594,121.50651,10
500113008,20231010,1378,43,33,1,25.02594,121.50651,10
500113008,20231010,1379,43,33,1,25.02594,121.50651,10
500113008,20231010,1381,43,33,1,25.02594,121.50651,10
500113008,20231010,1382,43,33,1,25.02594,121.50651,10
500113008,20231010,1383,43,33,1,25.02594,121.50651,10
500113008,20231010,1384,43,33,1,25.02594,121.50651,10
500113008,20231010,1385,43,33,1,25.02594,121.50651,10
500113008,20231010,1386,43,33,1,25.02594,121.50651,10
500113008,20231010,1387,43,33,1,25.02594,121.50651,10
500113008,20231010,1388,43,33,1,25.02594,121.50651,10
500113008,20231010,1389,43,33,1,25.02594,121.50651,10
500113008,20231010,1390,43,33,1,25.02594,121.50651,10
500113008,20231010,1391,43,33,1,25.02594,121.50651,10
500113008,20231010,1392,43,33,1,25.02594,121.50651,10
500113008,20231010,1393,43,33,1,25.02594,121.50651,10
500113008,20231010,1394,43,33,1,25.02594,121.50651,10
500113008,20231010,1395,43,32,1,25.02594,121.50651,11
500113008,20231010,1396,43,32,1,25.02594,121.50651,11
500113008,20231010,1397,43,32,1,25.02594,121.50651,11
500113008,20231010,1398,43,32,1,25.02594,121.50651,11
500113008,20231010,1399,43,32,1,25.02594,121.50651,11
500113008,20231010,1401,43,32,1,25.02594,121.50651,11
500113008,20231010,1402,43,32,1,25.02594,121.50651,11
500113008,20231010,1403,43,32,1,25.02594,121.50651,11
500113008,20231010,1404,43,32,1,25.02594,121.50651,11
500113008,20231010,1405,43,31,1,25.02594,121.50651,12
500113008,20231010,1406,43,31,1,25.02594,121.50651,12
500113008,20231010,1407,43,31,1,25.02594,121.50651,12
500113008,20231010,1408,43,31,1,25.02594,121.50651,12
500113008,20231010,1409,43,31,1,25.02594,121.50651,12
500113008,20231010,1410,43,31,1,25.02594,121.50651,12
500113008,20231010,1411,43,31,1,25.02594,121.50651,12
500113008,20231010,1412,43,31,1,25.02594,121.50651,12
500113008,20231010,1413,43,31,1,25.02594,121.50651,12
500113008,20231010,1414,43,31,1,25.02594,121.50651,12
500113008,20231010,1415,43,31,1,25.02594,121.50651,12
500113008,20231010,1416,43,31,1,25.02594,121.50651,12
500113008,20231010,1417,43,31,1,25.02594,121.50651,12
500113008,20231010,1418,43,31,1,25.02594,121.50651,12
500113008,20231010,1419,43,31,1,25.02594,121.50651,12
500113008,20231010,1420,43,31,1,25.02594,121.50651,12
500113008,20231010,1421,43,31,1,25.02594,121.50651,12
500113008,20231010,1422,43,31,1,25.02594,121.50651,12
500113008,20231010,1423,43,31,1,25.02594,121.50651,12
500113008,20231010,1424,43,31,1,25.02594,121.50651,12
500113008,20231010,1425,43,31,1,25.02594,121.50651,12
500113008,20231010,1426,43,31,1,25.02594,121.50651,12
500113008,20231010,1427,43,31,1,25.02594,121.50651,12
500113008,20231010,1428,43,31,1,25.02594,121.50651,12
500113008,20231010,1429,43,31,1,25.02594,121.50651,12
500113008,20231010,1430,43,31,1,25.02594,121.50651,12
500113008,20231010,1431,43,31,1,25.02594,121.50651,12
500113008,20231010,1432,43,32,1,25.02594,121.50651,11
500113008,20231010,1433,43,32,1,25.02594,121.50651,11
500113008,20231010,1434,43,32,1,25.02594,121.50651,11
500113008,20231010,1435,43,32,1,25.02594,121.50651,11
500113008,20231010,1436,43,32,1,25.02594,121.50651,11
500113008,20231010,1437,43,32,1,25.02594,121.50651,11
500113008,20231010,1438,43,34,1,25.02594,121.50651,9
500113008,20231010,1439,43,34,1,25.02594,121.50651,9
500113008,20231011,0,43,34,1,25.02594,121.50651,9
500113008,20231011,1,43,34,1,25.02594,121.50651,9
500113008,20231011,2,43,34,1,25.02594,121.50651,9
500113008,20231011,3,43,34,1,25.02594,121.50651,9
500113008,20231011,4,43,34,1,25.02594,121.50651,9
500113008,20231011,5,43,34,1,25.02594,121.50651,9
500113008,20231011,6,43,34,1,25.02594,121.50651,9
500113008,20231011,7,43,34,1,25.02594,121.50651,9
500113008,20231011,8,43,34,1,25.02594,121.50651,9
500113008,20231011,9,43,34,1,25.02594,121.50651,9
500113008,20231011,10,43,34,1,25.02594,121.50651,9
500113008,20231011,11,43,34,1,25.02594,121.50651,9
500113008,20231011,12,43,34,1,25.02594,121.50651,9
500113008,20231011,13,43,34,1,25.02594,121.50651,9
500113008,20231011,14,43,34,1,25.02594,121.50651,9
500113008,20231011,15,43,34,1,25.02594,121.50651,9
500113008,20231011,16,43,34,1,25.02594,121.50651,9
500113008,20231011,17,43,34,1,25.02594,121.50651,9
500113008,20231011,18,43,34,1,25.02594,121.50651,9
500113008,20231011,19,43,35,1,25.02594,121.50651,8
500113008,20231011,21,43,35,1,25.02594,121.50651,8
500113008,20231011,22,43,35,1,25.02594,121.50651,8
500113008,20231011,23,43,35,1,25.02594,121.50651,8
500113008,20231011,24,43,35,1,25.02594,121.50651,8
500113008,20231011,25,43,35,1,25.02594,121.50651,8
500113008,20231011,26,43,35,1,25.02594,121.50651,8
500113008,20231011,27,43,35,1,25.02594,121.50651,8
500113008,20231011,28,43,35,1,25.02594,121.50651,8
500113008,20231011,29,43,35,1,25.02594,121.50651,8
500113008,20231011,30,43,35,1,25.02594,121.50651,8
500113008,20231011,31,43,35,1,25.02594,121.50651,8
500113008,20231011,32,43,35,1,25.02594,121.50651,8
500113008,20231011,33,43,35,1,25.02594,121.50651,8
500113008,20231011,34,43,35,1,25.02594,121.50651,8
500113008,20231011,35,43,34,1,25.02594,121.50651,9
500113008,20231011,36,43,34,1,25.02594,121.50651,9
500113008,20231011,37,43,34,1,25.02594,121.50651,9
500113008,20231011,38,43,34,1,25.02594,121.50651,9
500113008,20231011,39,43,34,1,25.02594,121.50651,9
500113008,20231011,40,43,34,1,25.02594,121.50651,9
500113008,20231011,41,43,34,1,25.02594,121.50651,9
500113008,20231011,42,43,34,1,25.02594,121.50651,9
500113008,20231011,43,43,34,1,25.02594,121.50651,9
500113008,20231011,44,43,34,1,25.02594,121.50651,9
500113008,20231011,45,43,34,1,25.02594,121.50651,9
500113008,20231011,46,43,34,1,25.02594,121.50651,9
500113008,20231011,47,43,34,1,25.02594,121.50651,9
500113008,20231011,48,43,34,1,25.02594,121.50651,9
500113008,20231011,49,43,34,1,25.02594,121.50651,9
500113008,20231011,50,43,34,1,25.02594,121.50651,9
500113008,20231011,51,43,34,1,25.02594,121.50651,9
500113008,20231011,52,43,34,1,25.02594,121.50651,9
500113008,20231011,53,43,34,1,25.02594,121.50651,9
500113008,20231011,54,43,34,1,25.02594,121.50651,9
500113008,20231011,55,43,34,1,25.02594,121.50651,9
500113008,20231011,56,43,34,1,25.02594,121.50651,9
500113008,20231011,57,43,34,1,25.02594,121.50651,9
500113008,20231011,58,43,34,1,25.02594,121.50651,9
500113008,20231011,59,43,34,1,25.02594,121.50651,9
500113008,20231011,61,43,34,1,25.02594,121.50651,9
500113008,20231011,62,43,34,1,25.02594,121.50651,9
500113008,20231011,63,43,34,1,25.02594,121.50651,9
500113008,20231011,64,43,34,1,25.02594,121.50651,9
500113008,20231011,65,43,34,1,25.02594,121.50651,9
500113008,20231011,66,43,34,1,25.02594,121.50651,9
500113008,20231011,67,43,34,1,25.02594,121.50651,9
500113008,20231011,68,43,34,1,25.02594,121.50651,9
500113008,20231011,69,43,34,1,25.02594,121.50651,9
500113008,20231011,70,43,34,1,25.02594,121.50651,9
500113008,20231011,71,43,34,1,25.02594,121.50651,9
500113008,20231011,72,43,34,1,25.02594,121.50651,9
500113008,20231011,73,43,34,1,25.02594,121.50651,9
500113008,20231011,74,43,34,1,25.02594,121.50651,9
500113008,20231011,75,43,34,1,25.02594,121.50651,9
500113008,20231011,76,43,34,1,25.02594,121.50651,9
500113008,20231011,77,43,34,1,25.02594,121.50651,9
500113008,20231011,78,43,34,1,25.02594,121.50651,9
500113008,20231011,79,43,34,1,25.02594,121.50651,9
500113008,20231011,81,43,34,1,25.02594,121.50651,9
500113008,20231011,82,43,34,1,25.02594,121.50651,9
500113008,20231011,83,43,34,1,25.02594,121.50651,9
500113008,20231011,84,43,34,1,25.02594,121.50651,9
500113008,20231011,85,43,34,1,25.02594,121.50651,9
500113008,20231011,86,43,34,1,25.02594,121.50651,9
500113008,20231011,87,43,34,1,25.02594,121.50651,9
500113008,20231011,88,43,34,1,25.02594,121.50651,9
500113008,20231011,89,43,34,1,25.02594,121.50651,9
500113008,20231011,90,43,34,1,25.02594,121.50651,9
500113008,20231011,91,43,34,1,25.02594,121.50651,9
500113008,20231011,92,43,34,1,25.02594,121.50651,9
500113008,20231011,93,43,34,1,25.02594,121.50651,9
500113008,20231011,94,43,34,1,25.02594,121.50651,9
500113008,20231011,95,43,34,1,25.02594,121.50651,9
500113008,20231011,96,43,34,1,25.02594,121.50651,9
500113008,20231011,97,43,34,1,25.02594,121.50651,9
500113008,20231011,98,43,34,1,25.02594,121.50651,9
500113008,20231011,99,43,34,1,25.02594,121.50651,9
500113008,20231011,100,43,34,1,25.02594,121.50651,9
500113008,20231011,101,43,34,1,25.02594,121.50651,9
500113008,20231011,102,43,34,1,25.02594,121.50651,9
500113008,20231011,103,43,34,1,25.02594,121.50651,9
500113008,20231011,104,43,34,1,25.02594,121.50651,9
500113008,20231011,105,43,34,1,25.02594,121.50651,9
500113008,20231011,106,43,34,1,25.02594,121.50651,9
500113008,20231011,107,43,34,1,25.02594,121.50651,9
500113008,20231011,108,43,34,1,25.02594,121.50651,9
500113008,20231011,109,43,34,1,25.02594,121.50651,9
500113008,20231011,110,43,34,1,25.02594,121.50651,9
500113008,20231011,111,43,34,1,25.02594,121.50651,9
500113008,20231011,112,43,34,1,25.02594,121.50651,9
500113008,20231011,113,43,34,1,25.02594,121.50651,9
500113008,20231011,114,43,34,1,25.02594,121.50651,9
500113008,20231011,115,43,34,1,25.02594,121.50651,9
500113008,20231011,116,43,34,1,25.02594,121.50651,9
500113008,20231011,117,43,34,1,25.02594,121.50651,9
500113008,20231011,118,43,34,1,25.02594,121.50651,9
500113008,20231011,119,43,34,1,25.02594,121.50651,9
500113008,20231011,121,43,34,1,25.02594,121.50651,9
500113008,20231011,122,43,34,1,25.02594,121.50651,9
500113008,20231011,123,43,34,1,25.02594,121.50651,9
500113008,20231011,124,43,34,1,25.02594,121.50651,9
500113008,20231011,125,43,34,1,25.02594,121.50651,9
500113008,20231011,126,43,34,1,25.02594,121.50651,9
500113008,20231011,127,43,34,1,25.02594,121.50651,9
500113008,20231011,128,43,34,1,25.02594,121.50651,9
500113008,20231011,129,43,34,1,25.02594,121.50651,9
500113008,20231011,130,43,34,1,25.02594,121.50651,9
500113008,20231011,131,43,34,1,25.02594,121.50651,9
500113008,20231011,132,43,34,1,25.02594,121.50651,9
500113008,20231011,133,43,34,1,25.02594,121.50651,9
500113008,20231011,134,43,34,1,25.02594,121.50651,9
500113008,20231011,135,43,34,1,25.02594,121.50651,9
500113008,20231011,136,43,34,1,25.02594,121.50651,9
500113008,20231011,137,43,34,1,25.02594,121.50651,9
500113008,20231011,138,43,34,1,25.02594,121.50651,9
500113008,20231011,139,43,34,1,25.02594,121.50651,9
500113008,20231011,141,43,34,1,25.02594,121.50651,9
500113008,20231011,142,43,34,1,25.02594,121.50651,9
500113008,20231011,143,43,34,1,25.02594,121.50651,9
500113008,20231011,145,43,34,1,25.02594,121.50651,9
500113008,20231011,146,43,34,1,25.02594,121.50651,9
500113008,20231011,147,43,34,1,25.02594,121.50651,9
500113008,20231011,148,43,34,1,25.02594,121.50651,9
500113008,20231011,149,43,34,1,25.02594,121.50651,9
500113008,20231011,150,43,34,1,25.02594,121.50651,9
500113008,20231011,151,43,34,1,25.02594,121.50651,9
500113008,20231011,152,43,34,1,25.02594,121.50651,9
500113008,20231011,153,43,34,1,25.02594,121.50651,9
500113008,20231011,154,43,34,1,25.02594,121.50651,9
500113008,20231011,155,43,34,1,25.02594,121.50651,9
500113008,20231011,156,43,34,1,25.02594,121.50651,9
500113008,20231011,157,43,34,1,25.02594,121.50651,9
500113008,20231011,158,43,34,1,25.02594,121.50651,9
500113008,20231011,159,43,34,1,25.02594,121.50651,9
500113008,20231011,160,43,34,1,25.02594,121.50651,9
500113008,20231011,161,43,34,1,25.02594,121.50651,9
500113008,20231011,162,43,34,1,25.02594,121.50651,9
500113008,20231011,163,43,34,1,25.02594,121.50651,9
500113008,20231011,164,43,34,1,25.02594,121.50651,9
500113008,20231011,165,43,34,1,25.02594,121.50651,9
500113008,20231011,166,43,34,1,25.02594,121.50651,9
500113008,20231011,167,43,34,1,25.02594,121.50651,9
500113008,20231011,168,43,34,1,25.02594,121.50651,9
500113008,20231011,169,43,34,1,25.02594,121.50651,9
500113008,20231011,170,43,34,1,25.02594,121.50651,9
500113008,20231011,171,43,34,1,25.02594,121.50651,9
500113008,20231011,172,43,34,1,25.02594,121.50651,9
500113008,20231011,173,43,34,1,25.02594,121.50651,9
500113008,20231011,174,43,34,1,25.02594,121.50651,9
500113008,20231011,175,43,34,1,25.02594,121.50651,9
500113008,20231011,176,43,34,1,25.02594,121.50651,9
500113008,20231011,177,43,34,1,25.02594,121.50651,9
500113008,20231011,178,43,34,1,25.02594,121.50651,9
500113008,20231011,179,43,34,1,25.02594,121.50651,9
500113008,20231011,180,43,34,1,25.02594,121.50651,9
500113008,20231011,181,43,34,1,25.02594,121.50651,9
500113008,20231011,182,43,34,1,25.02594,121.50651,9
500113008,20231011,183,43,34,1,25.02594,121.50651,9
500113008,20231011,184,43,34,1,25.02594,121.50651,9
500113008,20231011,185,43,34,1,25.02594,121.50651,9
500113008,20231011,186,43,34,1,25.02594,121.50651,9
500113008,20231011,187,43,34,1,25.02594,121.50651,9
500113008,20231011,188,43,34,1,25.02594,121.50651,9
500113008,20231011,189,43,34,1,25.02594,121.50651,9
500113008,20231011,190,43,34,1,25.02594,121.50651,9
500113008,20231011,191,43,34,1,25.02594,121.50651,9
500113008,20231011,192,43,34,1,25.02594,121.50651,9
500113008,20231011,193,43,34,1,25.02594,121.50651,9
500113008,20231011,194,43,34,1,25.02594,121.50651,9
500113008,20231011,195,43,34,1,25.02594,121.50651,9
500113008,20231011,196,43,34,1,25.02594,121.50651,9
500113008,20231011,197,43,34,1,25.02594,121.50651,9
500113008,20231011,198,43,34,1,25.02594,121.50651,9
500113008,20231011,199,43,34,1,25.02594,121.50651,9
500113008,20231011,201,43,34,1,25.02594,121.50651,9
500113008,20231011,202,43,34,1,25.02594,121.50651,9
500113008,20231011,203,43,34,1,25.02594,121.50651,9
500113008,20231011,204,43,34,1,25.02594,121.50651,9
500113008,20231011,205,43,34,1,25.02594,121.50651,9
500113008,20231011,206,43,34,1,25.02594,121.50651,9
500113008,20231011,207,43,34,1,25.02594,121.50651,9
500113008,20231011,208,43,34,1,25.02594,121.50651,9
500113008,20231011,209,43,34,1,25.02594,121.50651,9
500113008,20231011,211,43,34,1,25.02594,121.50651,9
500113008,20231011,212,43,34,1,25.02594,121.50651,9
500113008,20231011,213,43,34,1,25.02594,121.50651,9
500113008,20231011,214,43,34,1,25.02594,121.50651,9
500113008,20231011,215,43,34,1,25.02594,121.50651,9
500113008,20231011,216,43,34,1,25.02594,121.50651,9
500113008,20231011,217,43,34,1,25.02594,121.50651,9
500113008,20231011,218,43,35,1,25.02594,121.50651,8
500113008,20231011,219,43,35,1,25.02594,121.50651,8
500113008,20231011,220,43,35,1,25.02594,121.50651,8
500113008,20231011,221,43,35,1,25.02594,121.50651,8
500113008,20231011,222,43,35,1,25.02594,121.50651,8
500113008,20231011,223,43,35,1,25.02594,121.50651,8
500113008,20231011,224,43,35,1,25.02594,121.50651,8
500113008,20231011,225,43,35,1,25.02594,121.50651,8
500113008,20231011,226,43,35,1,25.02594,121.50651,8
500113008,20231011,227,43,35,1,25.02594,121.50651,8
500113008,20231011,228,43,35,1,25.02594,121.50651,8
500113008,20231011,229,43,35,1,25.02594,121.50651,8
500113008,20231011,230,43,35,1,25.02594,121.50651,8
500113008,20231011,231,43,35,1,25.02594,121.50651,8
500113008,20231011,232,43,35,1,25.02594,121.50651,8
500113008,20231011,233,43,35,1,25.02594,121.50651,8
500113008,20231011,234,43,35,1,25.02594,121.50651,8
500113008,20231011,235,43,35,1,25.02594,121.50651,8
500113008,20231011,236,43,35,1,25.02594,121.50651,8
500113008,20231011,237,43,35,1,25.02594,121.50651,8
500113008,20231011,238,43,35,1,25.02594,121.50651,8
500113008,20231011,239,43,35,1,25.02594,121.50651,8
500113008,20231011,241,43,35,1,25.02594,121.50651,8
500113008,20231011,242,43,35,1,25.02594,121.50651,8
500113008,20231011,243,43,35,1,25.02594,121.50651,8
500113008,20231011,244,43,35,1,25.02594,121.50651,8
500113008,20231011,245,43,35,1,25.02594,121.50651,8
500113008,20231011,246,43,35,1,25.02594,121.50651,8
500113008,20231011,247,43,35,1,25.02594,121.50651,8
500113008,20231011,248,43,35,1,25.02594,121.50651,8
500113008,20231011,249,43,35,1,25.02594,121.50651,8
500113008,20231011,250,43,35,1,25.02594,121.50651,8
500113008,20231011,251,43,35,1,25.02594,121.50651,8
500113008,20231011,252,43,35,1,25.02594,121.50651,8
500113008,20231011,253,43,35,1,25.02594,121.50651,8
500113008,20231011,254,43,35,1,25.02594,121.50651,8
500113008,20231011,255,43,35,1,25.02594,121.50651,8
500113008,20231011,256,43,35,1,25.02594,121.50651,8
500113008,20231011,257,43,35,1,25.02594,121.50651,8
500113008,20231011,258,43,35,1,25.02594,121.50651,8
500113008,20231011,259,43,35,1,25.02594,121.50651,8
500113008,20231011,261,43,35,1,25.02594,121.50651,8
500113008,20231011,262,43,35,1,25.02594,121.50651,8
500113008,20231011,263,43,35,1,25.02594,121.50651,8
500113008,20231011,264,43,36,1,25.02594,121.50651,7
500113008,20231011,265,43,36,1,25.02594,121.50651,7
500113008,20231011,266,43,36,1,25.02594,121.50651,7
500113008,20231011,267,43,36,1,25.02594,121.50651,7
500113008,20231011,268,43,36,1,25.02594,121.50651,7
500113008,20231011,269,43,36,1,25.02594,121.50651,7
500113008,20231011,270,43,36,1,25.02594,121.50651,7
500113008,20231011,271,43,36,1,25.02594,121.50651,7
500113008,20231011,272,43,36,1,25.02594,121.50651,7
500113008,20231011,273,43,36,1,25.02594,121.50651,7
500113008,20231011,274,43,36,1,25.02594,121.50651,7
500113008,20231011,275,43,36,1,25.02594,121.50651,7
500113008,20231011,276,43,37,1,25.02594,121.50651,6
500113008,20231011,277,43,37,1,25.02594,121.50651,6
500113008,20231011,278,43,38,1,25.02594,121.50651,5
500113008,20231011,279,43,38,1,25.02594,121.50651,5
500113008,20231011,280,43,38,1,25.02594,121.50651,5
500113008,20231011,281,43,38,1,25.02594,121.50651,5
500113008,20231011,282,43,38,1,25.02594,121.50651,5
500113008,20231011,283,43,38,1,25.02594,121.50651,5
500113008,20231011,284,43,38,1,25.02594,121.50651,5
500113008,20231011,285,43,38,1,25.02594,121.50651,5
500113008,20231011,286,43,38,1,25.02594,121.50651,5
500113008,20231011,287,43,38,1,25.02594,121.50651,5
500113008,20231011,288,43,37,1,25.02594,121.50651,6
500113008,20231011,289,43,37,1,25.02594,121.50651,6
500113008,20231011,290,43,37,1,25.02594,121.50651,6
500113008,20231011,291,43,37,1,25.02594,121.50651,6
500113008,20231011,292,43,37,1,25.02594,121.50651,6
500113008,20231011,293,43,37,1,25.02594,121.50651,6
500113008,20231011,294,43,37,1,25.02594,121.50651,6
500113008,20231011,295,43,37,1,25.02594,121.50651,6
500113008,20231011,296,43,37,1,25.02594,121.50651,6
500113008,20231011,297,43,37,1,25.02594,121.50651,6
500113008,20231011,298,43,37,1,25.02594,121.50651,6
500113008,20231011,299,43,37,1,25.02594,121.50651,6
500113008,20231011,300,43,37,1,25.02594,121.50651,6
500113008,20231011,301,43,37,1,25.02594,121.50651,6
500113008,20231011,302,43,37,1,25.02594,121.50651,6
500113008,20231011,303,43,37,1,25.02594,121.50651,6
500113008,20231011,304,43,37,1,25.02594,121.50651,6
500113008,20231011,305,43,37,1,25.02594,121.50651,6
500113008,20231011,306,43,37,1,25.02594,121.50651,6
500113008,20231011,307,43,37,1,25.02594,121.50651,6
500113008,20231011,308,43,37,1,25.02594,121.50651,6
500113008,20231011,309,43,37,1,25.02594,121.50651,6
500113008,20231011,310,43,37,1,25.02594,121.50651,6
500113008,20231011,311,43,37,1,25.02594,121.50651,6
500113008,20231011,312,43,37,1,25.02594,121.50651,6
500113008,20231011,313,43,37,1,25.02594,121.50651,6
500113008,20231011,314,43,37,1,25.02594,121.50651,6
500113008,20231011,315,43,37,1,25.02594,121.50651,6
500113008,20231011,316,43,37,1,25.02594,121.50651,6
500113008,20231011,317,43,37,1,25.02594,121.50651,6
500113008,20231011,318,43,36,1,25.02594,121.50651,7
500113008,20231011,319,43,36,1,25.02594,121.50651,7
500113008,20231011,321,43,36,1,25.02594,121.50651,7
500113008,20231011,322,43,36,1,25.02594,121.50651,7
500113008,20231011,323,43,36,1,25.02594,121.50651,7
500113008,20231011,324,43,36,1,25.02594,121.50651,7
500113008,20231011,325,43,36,1,25.02594,121.50651,7
500113008,20231011,326,43,36,1,25.02594,121.50651,7
500113008,20231011,327,43,36,1,25.02594,121.50651,7
500113008,20231011,328,43,36,1,25.02594,121.50651,7
500113008,20231011,329,43,36,1,25.02594,121.50651,7
500113008,20231011,330,43,36,1,25.02594,121.50651,7
500113008,20231011,331,43,36,1,25.02594,121.50651,7
500113008,20231011,332,43,36,1,25.02594,121.50651,7
500113008,20231011,333,43,36,1,25.02594,121.50651,7
500113008,20231011,334,43,36,1,25.02594,121.50651,7
500113008,20231011,335,43,36,1,25.02594,121.50651,7
500113008,20231011,336,43,36,1,25.02594,121.50651,7
500113008,20231011,337,43,36,1,25.02594,121.50651,7
500113008,20231011,338,43,36,1,25.02594,121.50651,7
500113008,20231011,339,43,36,1,25.02594,121.50651,7
500113008,20231011,340,43,36,1,25.02594,121.50651,7
500113008,20231011,341,43,36,1,25.02594,121.50651,7
500113008,20231011,342,43,36,1,25.02594,121.50651,7
500113008,20231011,343,43,36,1,25.02594,121.50651,7
500113008,20231011,344,43,36,1,25.02594,121.50651,7
500113008,20231011,345,43,36,1,25.02594,121.50651,7
500113008,20231011,346,43,36,1,25.02594,121.50651,7
500113008,20231011,347,43,36,1,25.02594,121.50651,7
500113008,20231011,348,43,36,1,25.02594,121.50651,7
500113008,20231011,349,43,36,1,25.02594,121.50651,7
500113008,20231011,350,43,36,1,25.02594,121.50651,7
500113008,20231011,351,43,36,1,25.02594,121.50651,7
500113008,20231011,352,43,36,1,25.02594,121.50651,7
500113008,20231011,353,43,36,1,25.02594,121.50651,7
500113008,20231011,354,43,36,1,25.02594,121.50651,7
500113008,20231011,355,43,36,1,25.02594,121.50651,7
500113008,20231011,356,43,37,1,25.02594,121.50651,6
500113008,20231011,357,43,36,1,25.02594,121.50651,7
500113008,20231011,358,43,36,1,25.02594,121.50651,7
500113008,20231011,359,43,36,1,25.02594,121.50651,7
500113008,20231011,360,43,36,1,25.02594,121.50651,7
500113008,20231011,361,43,36,1,25.02594,121.50651,7
500113008,20231011,362,43,36,1,25.02594,121.50651,7
500113008,20231011,363,43,36,1,25.02594,121.50651,7
500113008,20231011,364,43,36,1,25.02594,121.50651,7
500113008,20231011,365,43,36,1,25.02594,121.50651,7
500113008,20231011,366,43,35,1,25.02594,121.50651,8
500113008,20231011,367,43,34,1,25.02594,121.50651,9
500113008,20231011,368,43,34,1,25.02594,121.50651,9
500113008,20231011,369,43,33,1,25.02594,121.50651,10
500113008,20231011,370,43,33,1,25.02594,121.50651,10
500113008,20231011,371,43,33,1,25.02594,121.50651,10
500113008,20231011,372,43,33,1,25.02594,121.50651,10
500113008,20231011,373,43,33,1,25.02594,121.50651,10
500113008,20231011,374,43,33,1,25.02594,121.50651,10
500113008,20231011,375,43,33,1,25.02594,121.50651,10
500113008,20231011,376,43,33,1,25.02594,121.50651,10
500113008,20231011,377,43,33,1,25.02594,121.50651,10
500113008,20231011,378,43,33,1,25.02594,121.50651,10
500113008,20231011,379,43,33,1,25.02594,121.50651,10
500113008,20231011,381,43,32,1,25.02594,121.50651,11
500113008,20231011,382,43,32,1,25.02594,121.50651,11
500113008,20231011,383,43,32,1,25.02594,121.50651,11
500113008,20231011,384,43,32,1,25.02594,121.50651,11
500113008,20231011,385,43,32,1,25.02594,121.50651,11
500113008,20231011,386,43,32,1,25.02594,121.50651,11
500113008,20231011,387,43,32,1,25.02594,121.50651,11
500113008,20231011,388,43,32,1,25.02594,121.50651,11
500113008,20231011,389,43,32,1,25.02594,121.50651,11
500113008,20231011,390,43,32,1,25.02594,121.50651,11
500113008,20231011,391,43,32,1,25.02594,121.50651,11
500113008,20231011,392,43,32,1,25.02594,121.50651,11
500113008,20231011,393,43,33,1,25.02594,121.50651,10
500113008,20231011,394,43,34,1,25.02594,121.50651,9
500113008,20231011,395,43,34,1,25.02594,121.50651,9
500113008,20231011,396,43,35,1,25.02594,121.50651,8
500113008,20231011,397,43,35,1,25.02594,121.50651,8
500113008,20231011,398,43,35,1,25.02594,121.50651,8
500113008,20231011,399,43,35,1,25.02594,121.50651,8
500113008,20231011,400,43,35,1,25.02594,121.50651,8
500113008,20231011,401,43,36,1,25.02594,121.50651,7
500113008,20231011,402,43,36,1,25.02594,121.50651,7
500113008,20231011,403,43,36,1,25.02594,121.50651,7
500113008,20231011,404,43,36,1,25.02594,121.50651,7
500113008,20231011,405,43,36,1,25.02594,121.50651,7
500113008,20231011,406,43,37,1,25.02594,121.50651,6
500113008,20231011,407,43,37,1,25.02594,121.50651,6
500113008,20231011,408,43,38,1,25.02594,121.50651,5
500113008,20231011,409,43,38,1,25.02594,121.50651,5
500113008,20231011,410,43,39,1,25.02594,121.50651,4
500113008,20231011,411,43,39,1,25.02594,121.50651,4
500113008,20231011,412,43,40,1,25.02594,121.50651,3
500113008,20231011,413,43,39,1,25.02594,121.50651,4
500113008,20231011,414,43,39,1,25.02594,121.50651,4
500113008,20231011,415,43,39,1,25.02594,121.50651,4
500113008,20231011,416,43,38,1,25.02594,121.50651,5
500113008,20231011,417,43,38,1,25.02594,121.50651,5
500113008,20231011,418,43,38,1,25.02594,121.50651,5
500113008,20231011,419,43,38,1,25.02594,121.50651,5
500113008,20231011,421,43,37,1,25.02594,121.50651,6
500113008,20231011,422,43,37,1,25.02594,121.50651,6
500113008,20231011,423,43,37,1,25.02594,121.50651,6
500113008,20231011,424,43,37,1,25.02594,121.50651,6
500113008,20231011,425,43,38,1,25.02594,121.50651,5
500113008,20231011,426,43,38,1,25.02594,121.50651,5
500113008,20231011,427,43,37,1,25.02594,121.50651,6
500113008,20231011,428,43,37,1,25.02594,121.50651,6
500113008,20231011,429,43,37,1,25.02594,121.50651,6
500113008,20231011,430,43,37,1,25.02594,121.50651,6
500113008,20231011,431,43,37,1,25.02594,121.50651,6
500113008,20231011,432,43,37,1,25.02594,121.50651,6
500113008,20231011,433,43,38,1,25.02594,121.50651,5
500113008,20231011,434,43,38,1,25.02594,121.50651,5
500113008,20231011,435,43,38,1,25.02594,121.50651,5
500113008,20231011,436,43,38,1,25.02594,121.50651,5
500113008,20231011,437,43,37,1,25.02594,121.50651,6
500113008,20231011,438,43,37,1,25.02594,121.50651,6
500113008,20231011,439,43,37,1,25.02594,121.50651,6
500113008,20231011,441,43,40,1,25.02594,121.50651,3
500113008,20231011,442,43,39,1,25.02594,121.50651,4
500113008,20231011,443,43,41,1,25.02594,121.50651,2
500113008,20231011,444,43,41,1,25.02594,121.50651,2
500113008,20231011,445,43,42,1,25.02594,121.50651,1
500113008,20231011,446,43,42,1,25.02594,121.50651,1
500113008,20231011,447,43,43,1,25.02594,121.50651,0
500113008,20231011,448,43,43,1,25.02594,121.50651,0
500113008,20231011,449,43,43,1,25.02594,121.50651,0
500113008,20231011,451,43,42,1,25.02594,121.50651,1
500113008,20231011,452,43,42,1,25.02594,121.50651,1
500113008,20231011,453,43,43,1,25.02594,121.50651,0
500113008,20231011,454,43,43,1,25.02594,121.50651,0
500113008,20231011,455,43,43,1,25.02594,121.50651,0
500113008,20231011,456,43,43,1,25.02594,121.50651,0
500113008,20231011,457,43,43,1,25.02594,121.50651,0
500113008,20231011,458,43,43,1,25.02594,121.50651,0
500113008,20231011,459,43,42,1,25.02594,121.50651,1
500113008,20231011,460,43,42,1,25.02594,121.50651,1
500113008,20231011,461,43,41,1,25.02594,121.50651,2
500113008,20231011,462,43,41,1,25.02594,121.50651,2
500113008,20231011,463,43,41,1,25.02594,121.50651,2
500113008,20231011,464,43,42,1,25.02594,121.50651,1
500113008,20231011,465,43,42,1,25.02594,121.50651,1
500113008,20231011,466,43,42,1,25.02594,121.50651,1
500113008,20231011,467,43,42,1,25.02594,121.50651,1
500113008,20231011,468,43,41,1,25.02594,121.50651,2
500113008,20231011,469,43,41,1,25.02594,121.50651,2
500113008,20231011,470,43,42,1,25.02594,121.50651,1
500113008,20231011,471,43,42,1,25.02594,121.50651,1
500113008,20231011,472,43,41,1,25.02594,121.50651,2
500113008,20231011,473,43,41,1,25.02594,121.50651,2
500113008,20231011,474,43,41,1,25.02594,121.50651,2
500113008,20231011,475,43,42,1,25.02594,121.50651,1
500113008,20231011,476,43,42,1,25.02594,121.50651,1
500113008,20231011,477,43,41,1,25.02594,121.50651,2
500113008,20231011,478,43,41,1,25.02594,121.50651,2
500113008,20231011,479,43,41,1,25.02594,121.50651,2
500113008,20231011,481,43,43,1,25.02594,121.50651,0
500113008,20231011,482,43,43,1,25.02594,121.50651,0
500113008,20231011,483,43,43,1,25.02594,121.50651,0
500113008,20231011,484,43,43,1,25.02594,121.50651,0
500113008,20231011,485,43,43,1,25.02594,121.50651,0
500113008,20231011,486,43,43,1,25.02594,121.50651,0
500113008,20231011,487,43,43,1,25.02594,121.50651,0
500113008,20231011,488,43,43,1,25.02594,121.50651,0
500113008,20231011,489,43,43,1,25.02594,121.50651,0
500113008,20231011,490,43,43,1,25.02594,121.50651,0
500113008,20231011,491,43,42,1,25.02594,121.50651,1
500113008,20231011,492,43,42,1,25.02594,121.50651,1
500113008,20231011,493,43,43,1,25.02594,121.50651,0
500113008,20231011,494,43,43,1,25.02594,121.50651,0
500113008,20231011,495,43,43,1,25.02594,121.50651,0
500113008,20231011,496,43,43,1,25.02594,121.50651,0
500113008,20231011,497,43,43,1,25.02594,121.50651,0
500113008,20231011,498,43,43,1,25.02594,121.50651,0
500113008,20231011,499,43,43,1,25.02594,121.50651,0
500113008,20231011,501,43,42,1,25.02594,121.50651,1
500113008,20231011,502,43,42,1,25.02594,121.50651,1
500113008,20231011,503,43,43,1,25.02594,121.50651,0
500113008,20231011,504,43,43,1,25.02594,121.50651,0
500113008,20231011,505,43,43,1,25.02594,121.50651,0
500113008,20231011,506,43,43,1,25.02594,121.50651,0
500113008,20231011,507,43,43,1,25.02594,121.50651,0
500113008,20231011,508,43,43,1,25.02594,121.50651,0
500113008,20231011,509,43,43,1,25.02594,121.50651,0
500113008,20231011,511,43,43,1,25.02594,121.50651,0
500113008,20231011,513,43,43,1,25.02594,121.50651,0
500113008,20231011,514,43,42,1,25.02594,121.50651,1
500113008,20231011,515,43,42,1,25.02594,121.50651,1
500113008,20231011,516,43,42,1,25.02594,121.50651,1
500113008,20231011,517,43,42,1,25.02594,121.50651,1
500113008,20231011,518,43,42,1,25.02594,121.50651,1
500113008,20231011,519,43,43,1,25.02594,121.50651,0
500113008,20231011,520,43,43,1,25.02594,121.50651,0
500113008,20231011,521,43,43,1,25.02594,121.50651,0
500113008,20231011,522,43,43,1,25.02594,121.50651,0
500113008,20231011,523,43,43,1,25.02594,121.50651,0
500113008,20231011,524,43,43,1,25.02594,121.50651,0
500113008,20231011,525,43,43,1,25.02594,121.50651,0
500113008,20231011,526,43,43,1,25.02594,121.50651,0
500113008,20231011,527,43,43,1,25.02594,121.50651,0
500113008,20231011,528,43,43,1,25.02594,121.50651,0
500113008,20231011,529,43,43,1,25.02594,121.50651,0
500113008,20231011,530,43,43,1,25.02594,121.50651,0
500113008,20231011,531,43,43,1,25.02594,121.50651,0
500113008,20231011,532,43,43,1,25.02594,121.50651,0
500113008,20231011,533,43,43,1,25.02594,121.50651,0
500113008,20231011,534,43,43,1,25.02594,121.50651,0
500113008,20231011,535,43,43,1,25.02594,121.50651,0
500113008,20231011,536,43,43,1,25.02594,121.50651,0
500113008,20231011,537,43,43,1,25.02594,121.50651,0
500113008,20231011,538,43,43,1,25.02594,121.50651,0
500113008,20231011,539,43,43,1,25.02594,121.50651,0
500113008,20231011,541,43,42,1,25.02594,121.50651,1
500113008,20231011,542,43,42,1,25.02594,121.50651,1
500113008,20231011,543,43,42,1,25.02594,121.50651,1
500113008,20231011,544,43,42,1,25.02594,121.50651,1
500113008,20231011,545,43,42,1,25.02594,121.50651,1
500113008,20231011,546,43,41,1,25.02594,121.50651,2
500113008,20231011,547,43,41,1,25.02594,121.50651,2
500113008,20231011,548,43,40,1,25.02594,121.50651,3
500113008,20231011,549,43,40,1,25.02594,121.50651,3
500113008,20231011,550,43,40,1,25.02594,121.50651,3
500113008,20231011,551,43,40,1,25.02594,121.50651,3
500113008,20231011,552,43,40,1,25.02594,121.50651,3
500113008,20231011,553,43,41,1,25.02594,121.50651,2
500113008,20231011,554,43,41,1,25.02594,121.50651,2
500113008,20231011,555,43,42,1,25.02594,121.50651,1
500113008,20231011,556,43,42,1,25.02594,121.50651,1
500113008,20231011,557,43,42,1,25.02594,121.50651,1
500113008,20231011,558,43,42,1,25.02594,121.50651,1
500113008,20231011,559,43,42,1,25.02594,121.50651,1
500113008,20231011,561,43,42,1,25.02594,121.50651,1
500113008,20231011,562,43,42,1,25.02594,121.50651,1
500113008,20231011,563,43,42,1,25.02594,121.50651,1
500113008,20231011,564,43,42,1,25.02594,121.50651,1
500113008,20231011,565,43,42,1,25.02594,121.50651,1
500113008,20231011,566,43,42,1,25.02594,121.50651,1
500113008,20231011,567,43,42,1,25.02594,121.50651,1
500113008,20231011,568,43,42,1,25.02594,121.50651,1
500113008,20231011,569,43,42,1,25.02594,121.50651,1
500113008,20231011,571,43,42,1,25.02594,121.50651,1
500113008,20231011,572,43,42,1,25.02594,121.50651,1
500113008,20231011,573,43,42,1,25.02594,121.50651,1
500113008,20231011,574,43,42,1,25.02594,121.50651,1
500113008,20231011,575,43,43,1,25.02594,121.50651,0
500113008,20231011,576,43,43,1,25.02594,121.50651,0
500113008,20231011,577,43,43,1,25.02594,121.50651,0
500113008,20231011,578,43,43,1,25.02594,121.50651,0
500113008,20231011,579,43,42,1,25.02594,121.50651,1
500113008,20231011,580,43,42,1,25.02594,121.50651,1
500113008,20231011,581,43,42,1,25.02594,121.50651,1
500113008,20231011,582,43,42,1,25.02594,121.50651,1
500113008,20231011,583,43,42,1,25.02594,121.50651,1
500113008,20231011,584,43,42,1,25.02594,121.50651,1
500113008,20231011,585,43,42,1,25.02594,121.50651,1
500113008,20231011,586,43,42,1,25.02594,121.50651,1
500113008,20231011,587,43,42,1,25.02594,121.50651,1
500113008,20231011,588,43,42,1,25.02594,121.50651,1
500113008,20231011,589,43,42,1,25.02594,121.50651,1
500113008,20231011,590,43,42,1,25.02594,121.50651,1
500113008,20231011,591,43,42,1,25.02594,121.50651,1
500113008,20231011,592,43,41,1,25.02594,121.50651,2
500113008,20231011,593,43,42,1,25.02594,121.50651,1
500113008,20231011,594,43,42,1,25.02594,121.50651,1
500113008,20231011,595,43,42,1,25.02594,121.50651,1
500113008,20231011,596,43,42,1,25.02594,121.50651,1
500113008,20231011,597,43,42,1,25.02594,121.50651,1
500113008,20231011,598,43,43,1,25.02594,121.50651,0
500113008,20231011,599,43,43,1,25.02594,121.50651,0
500113008,20231011,601,43,43,1,25.02594,121.50651,0
500113008,20231011,602,43,43,1,25.02594,121.50651,0
500113008,20231011,603,43,42,1,25.02594,121.50651,1
500113008,20231011,604,43,42,1,25.02594,121.50651,1
500113008,20231011,605,43,42,1,25.02594,121.50651,1
500113008,20231011,606,43,42,1,25.02594,121.50651,1
500113008,20231011,607,43,43,1,25.02594,121.50651,0
500113008,20231011,608,43,43,1,25.02594,121.50651,0
500113008,20231011,609,43,43,1,25.02594,121.50651,0
500113008,20231011,610,43,43,1,25.02594,121.50651,0
500113008,20231011,611,43,43,1,25.02594,121.50651,0
500113008,20231011,612,43,43,1,25.02594,121.50651,0
500113008,20231011,613,43,43,1,25.02594,121.50651,0
500113008,20231011,614,43,43,1,25.02594,121.50651,0
500113008,20231011,615,43,43,1,25.02594,121.50651,0
500113008,20231011,616,43,43,1,25.02594,121.50651,0
500113008,20231011,617,43,43,1,25.02594,121.50651,0
500113008,20231011,618,43,43,1,25.02594,121.50651,0
500113008,20231011,619,43,43,1,25.02594,121.50651,0
500113008,20231011,621,43,43,1,25.02594,121.50651,0
500113008,20231011,622,43,43,1,25.02594,121.50651,0
500113008,20231011,623,43,43,1,25.02594,121.50651,0
500113008,20231011,624,43,43,1,25.02594,121.50651,0
500113008,20231011,625,43,43,1,25.02594,121.50651,0
500113008,20231011,626,43,43,1,25.02594,121.50651,0
500113008,20231011,627,43,43,1,25.02594,121.50651,0
500113008,20231011,628,43,43,1,25.02594,121.50651,0
500113008,20231011,629,43,43,1,25.02594,121.50651,0
500113008,20231011,631,43,43,1,25.02594,121.50651,0
500113008,20231011,632,43,43,1,25.02594,121.50651,0
500113008,20231011,633,43,43,1,25.02594,121.50651,0
500113008,20231011,634,43,43,1,25.02594,121.50651,0
500113008,20231011,635,43,43,1,25.02594,121.50651,0
500113008,20231011,636,43,43,1,25.02594,121.50651,0
500113008,20231011,637,43,43,1,25.02594,121.50651,0
500113008,20231011,638,43,43,1,25.02594,121.50651,0
500113008,20231011,639,43,43,1,25.02594,121.50651,0
500113008,20231011,640,43,43,1,25.02594,121.50651,0
500113008,20231011,641,43,43,1,25.02594,121.50651,0
500113008,20231011,642,43,43,1,25.02594,121.50651,0
500113008,20231011,643,43,43,1,25.02594,121.50651,0
500113008,20231011,644,43,43,1,25.02594,121.50651,0
500113008,20231011,645,43,43,1,25.02594,121.50651,0
500113008,20231011,646,43,43,1,25.02594,121.50651,0
500113008,20231011,647,43,43,1,25.02594,121.50651,0
500113008,20231011,648,43,43,1,25.02594,121.50651,0
500113008,20231011,649,43,42,1,25.02594,121.50651,1
500113008,20231011,650,43,42,1,25.02594,121.50651,1
500113008,20231011,651,43,42,1,25.02594,121.50651,1
500113008,20231011,652,43,42,1,25.02594,121.50651,1
500113008,20231011,653,43,42,1,25.02594,121.50651,1
500113008,20231011,654,43,42,1,25.02594,121.50651,1
500113008,20231011,655,43,43,1,25.02594,121.50651,0
500113008,20231011,656,43,43,1,25.02594,121.50651,0
500113008,20231011,657,43,43,1,25.02594,121.50651,0
500113008,20231011,658,43,43,1,25.02594,121.50651,0
500113008,20231011,659,43,43,1,25.02594,121.50651,0
500113008,20231011,661,43,43,1,25.02594,121.50651,0
500113008,20231011,662,43,43,1,25.02594,121.50651,0
500113008,20231011,663,43,43,1,25.02594,121.50651,0
500113008,20231011,664,43,42,1,25.02594,121.50651,1
500113008,20231011,665,43,43,1,25.02594,121.50651,0
500113008,20231011,666,43,43,1,25.02594,121.50651,0
500113008,20231011,667,43,43,1,25.02594,121.50651,0
500113008,20231011,668,43,43,1,25.02594,121.50651,0
500113008,20231011,669,43,43,1,25.02594,121.50651,0
500113008,20231011,670,43,43,1,25.02594,121.50651,0
500113008,20231011,671,43,42,1,25.02594,121.50651,1
500113008,20231011,672,43,42,1,25.02594,121.50651,1
500113008,20231011,673,43,43,1,25.02594,121.50651,0
500113008,20231011,674,43,43,1,25.02594,121.50651,0
500113008,20231011,675,43,43,1,25.02594,121.50651,0
500113008,20231011,676,43,43,1,25.02594,121.50651,0
500113008,20231011,677,43,43,1,25.02594,121.50651,0
500113008,20231011,678,43,43,1,25.02594,121.50651,0
500113008,20231011,679,43,43,1,25.02594,121.50651,0
500113008,20231011,681,43,43,1,25.02594,121.50651,0
500113008,20231011,682,43,43,1,25.02594,121.50651,0
500113008,20231011,683,43,43,1,25.02594,121.50651,0
500113008,20231011,684,43,43,1,25.02594,121.50651,0
500113008,20231011,685,43,43,1,25.02594,121.50651,0
500113008,20231011,686,43,43,1,25.02594,121.50651,0
500113008,20231011,687,43,43,1,25.02594,121.50651,0
500113008,20231011,688,43,43,1,25.02594,121.50651,0
500113008,20231011,689,43,43,1,25.02594,121.50651,0
500113008,20231011,690,43,43,1,25.02594,121.50651,0
500113008,20231011,691,43,43,1,25.02594,121.50651,0
500113008,20231011,692,43,43,1,25.02594,121.50651,0
500113008,20231011,693,43,43,1,25.02594,121.50651,0
500113008,20231011,694,43,43,1,25.02594,121.50651,0
500113008,20231011,695,43,43,1,25.02594,121.50651,0
500113008,20231011,696,43,43,1,25.02594,121.50651,0
500113008,20231011,697,43,42,1,25.02594,121.50651,1
500113008,20231011,698,43,42,1,25.02594,121.50651,1
500113008,20231011,699,43,42,1,25.02594,121.50651,1
500113008,20231011,700,43,42,1,25.02594,121.50651,1
500113008,20231011,701,43,43,1,25.02594,121.50651,0
500113008,20231011,702,43,43,1,25.02594,121.50651,0
500113008,20231011,703,43,43,1,25.02594,121.50651,0
500113008,20231011,704,43,43,1,25.02594,121.50651,0
500113008,20231011,705,43,43,1,25.02594,121.50651,0
500113008,20231011,706,43,43,1,25.02594,121.50651,0
500113008,20231011,707,43,43,1,25.02594,121.50651,0
500113008,20231011,708,43,43,1,25.02594,121.50651,0
500113008,20231011,709,43,43,1,25.02594,121.50651,0
500113008,20231011,710,43,43,1,25.02594,121.50651,0
500113008,20231011,711,43,43,1,25.02594,121.50651,0
500113008,20231011,712,43,43,1,25.02594,121.50651,0
500113008,20231011,713,43,43,1,25.02594,121.50651,0
500113008,20231011,714,43,43,1,25.02594,121.50651,0
500113008,20231011,715,43,43,1,25.02594,121.50651,0
500113008,20231011,716,43,43,1,25.02594,121.50651,0
500113008,20231011,717,43,43,1,25.02594,121.50651,0
500113008,20231011,718,43,43,1,25.02594,121.50651,0
500113008,20231011,719,43,43,1,25.02594,121.50651,0
500113008,20231011,721,43,43,1,25.02594,121.50651,0
500113008,20231011,722,43,43,1,25.02594,121.50651,0
500113008,20231011,723,43,43,1,25.02594,121.50651,0
500113008,20231011,724,43,43,1,25.02594,121.50651,0
500113008,20231011,725,43,43,1,25.02594,121.50651,0
500113008,20231011,726,43,43,1,25.02594,121.50651,0
500113008,20231011,727,43,43,1,25.02594,121.50651,0
500113008,20231011,728,43,43,1,25.02594,121.50651,0
500113008,20231011,729,43,43,1,25.02594,121.50651,0
500113008,20231011,730,43,43,1,25.02594,121.50651,0
500113008,20231011,731,43,43,1,25.02594,121.50651,0
500113008,20231011,732,43,43,1,25.02594,121.50651,0
500113008,20231011,733,43,43,1,25.02594,121.50651,0
500113008,20231011,734,43,43,1,25.02594,121.50651,0
500113008,20231011,735,43,43,1,25.02594,121.50651,0
500113008,20231011,736,43,43,1,25.02594,121.50651,0
500113008,20231011,737,43,43,1,25.02594,121.50651,0
500113008,20231011,738,43,43,1,25.02594,121.50651,0
500113008,20231011,739,43,43,1,25.02594,121.50651,0
500113008,20231011,741,43,43,1,25.02594,121.50651,0
500113008,20231011,742,43,43,1,25.02594,121.50651,0
500113008,20231011,743,43,43,1,25.02594,121.50651,0
500113008,20231011,744,43,43,1,25.02594,121.50651,0
500113008,20231011,745,43,43,1,25.02594,121.50651,0
500113008,20231011,746,43,43,1,25.02594,121.50651,0
500113008,20231011,747,43,43,1,25.02594,121.50651,0
500113008,20231011,748,43,43,1,25.02594,121.50651,0
500113008,20231011,749,43,43,1,25.02594,121.50651,0
500113008,20231011,751,43,43,1,25.02594,121.50651,0
500113008,20231011,752,43,43,1,25.02594,121.50651,0
500113008,20231011,753,43,43,1,25.02594,121.50651,0
500113008,20231011,754,43,43,1,25.02594,121.50651,0
500113008,20231011,755,43,43,1,25.02594,121.50651,0
500113008,20231011,756,43,43,1,25.02594,121.50651,0
500113008,20231011,757,43,43,1,25.02594,121.50651,0
500113008,20231011,758,43,43,1,25.02594,121.50651,0
500113008,20231011,759,43,43,1,25.02594,121.50651,0
500113008,20231011,760,43,43,1,25.02594,121.50651,0
500113008,20231011,761,43,43,1,25.02594,121.50651,0
500113008,20231011,762,43,43,1,25.02594,121.50651,0
500113008,20231011,763,43,43,1,25.02594,121.50651,0
500113008,20231011,764,43,43,1,25.02594,121.50651,0
500113008,20231011,765,43,43,1,25.02594,121.50651,0
500113008,20231011,766,43,43,1,25.02594,121.50651,0
500113008,20231011,767,43,43,1,25.02594,121.50651,0
500113008,20231011,768,43,43,1,25.02594,121.50651,0
500113008,20231011,769,43,43,1,25.02594,121.50651,0
500113008,20231011,770,43,43,1,25.02594,121.50651,0
500113008,20231011,771,43,43,1,25.02594,121.50651,0
500113008,20231011,772,43,43,1,25.02594,121.50651,0
500113008,20231011,773,43,43,1,25.02594,121.50651,0
500113008,20231011,774,43,43,1,25.02594,121.50651,0
500113008,20231011,775,43,43,1,25.02594,121.50651,0
500113008,20231011,776,43,43,1,25.02594,121.50651,0
500113008,20231011,777,43,43,1,25.02594,121.50651,0
500113008,20231011,778,43,43,1,25.02594,121.50651,0
500113008,20231011,779,43,43,1,25.02594,121.50651,0
500113008,20231011,781,43,43,1,25.02594,121.50651,0
500113008,20231011,782,43,43,1,25.02594,121.50651,0
500113008,20231011,783,43,43,1,25.02594,121.50651,0
500113008,20231011,784,43,43,1,25.02594,121.50651,0
500113008,20231011,785,43,42,1,25.02594,121.50651,1
500113008,20231011,786,43,42,1,25.02594,121.50651,1
500113008,20231011,787,43,42,1,25.02594,121.50651,1
500113008,20231011,788,43,42,1,25.02594,121.50651,1
500113008,20231011,789,43,43,1,25.02594,121.50651,0
500113008,20231011,790,43,43,1,25.02594,121.50651,0
500113008,20231011,791,43,43,1,25.02594,121.50651,0
500113008,20231011,792,43,43,1,25.02594,121.50651,0
500113008,20231011,793,43,43,1,25.02594,121.50651,0
500113008,20231011,794,43,43,1,25.02594,121.50651,0
500113008,20231011,795,43,42,1,25.02594,121.50651,1
500113008,20231011,796,43,42,1,25.02594,121.50651,1
500113008,20231011,797,43,41,1,25.02594,121.50651,2
500113008,20231011,798,43,41,1,25.02594,121.50651,2
500113008,20231011,799,43,41,1,25.02594,121.50651,2
500113008,20231011,801,43,42,1,25.02594,121.50651,1
500113008,20231011,802,43,41,1,25.02594,121.50651,2
500113008,20231011,803,43,42,1,25.02594,121.50651,1
500113008,20231011,804,43,42,1,25.02594,121.50651,1
500113008,20231011,805,43,43,1,25.02594,121.50651,0
500113008,20231011,806,43,43,1,25.02594,121.50651,0
500113008,20231011,807,43,43,1,25.02594,121.50651,0
500113008,20231011,808,43,43,1,25.02594,121.50651,0
500113008,20231011,809,43,43,1,25.02594,121.50651,0
500113008,20231011,811,43,43,1,25.02594,121.50651,0
500113008,20231011,812,43,43,1,25.02594,121.50651,0
500113008,20231011,813,43,43,1,25.02594,121.50651,0
500113008,20231011,814,43,42,1,25.02594,121.50651,1
500113008,20231011,815,43,42,1,25.02594,121.50651,1
500113008,20231011,817,43,42,1,25.02594,121.50651,1
500113008,20231011,818,43,42,1,25.02594,121.50651,1
500113008,20231011,819,43,42,1,25.02594,121.50651,1
500113008,20231011,820,43,41,1,25.02594,121.50651,2
500113008,20231011,821,43,41,1,25.02594,121.50651,2
500113008,20231011,822,43,41,1,25.02594,121.50651,2
500113008,20231011,823,43,41,1,25.02594,121.50651,2
500113008,20231011,824,43,41,1,25.02594,121.50651,2
500113008,20231011,825,43,41,1,25.02594,121.50651,2
500113008,20231011,826,43,41,1,25.02594,121.50651,2
500113008,20231011,827,43,41,1,25.02594,121.50651,2
500113008,20231011,828,43,41,1,25.02594,121.50651,2
500113008,20231011,829,43,41,1,25.02594,121.50651,2
500113008,20231011,830,43,41,1,25.02594,121.50651,2
500113008,20231011,831,43,40,1,25.02594,121.50651,3
500113008,20231011,832,43,41,1,25.02594,121.50651,2
500113008,20231011,833,43,41,1,25.02594,121.50651,2
500113008,20231011,834,43,41,1,25.02594,121.50651,2
500113008,20231011,835,43,41,1,25.02594,121.50651,2
500113008,20231011,836,43,41,1,25.02594,121.50651,2
500113008,20231011,837,43,41,1,25.02594,121.50651,2
500113008,20231011,838,43,41,1,25.02594,121.50651,2
500113008,20231011,839,43,41,1,25.02594,121.50651,2
500113008,20231011,841,43,41,1,25.02594,121.50651,2
500113008,20231011,842,43,41,1,25.02594,121.50651,2
500113008,20231011,843,43,41,1,25.02594,121.50651,2
500113008,20231011,844,43,41,1,25.02594,121.50651,2
500113008,20231011,845,43,41,1,25.02594,121.50651,2
500113008,20231011,846,43,41,1,25.02594,121.50651,2
500113008,20231011,847,43,41,1,25.02594,121.50651,2
500113008,20231011,848,43,41,1,25.02594,121.50651,2
500113008,20231011,849,43,41,1,25.02594,121.50651,2
500113008,20231011,850,43,41,1,25.02594,121.50651,2
500113008,20231011,851,43,41,1,25.02594,121.50651,2
500113008,20231011,852,43,39,1,25.02594,121.50651,4
500113008,20231011,853,43,39,1,25.02594,121.50651,4
500113008,20231011,854,43,39,1,25.02594,121.50651,4
500113008,20231011,855,43,38,1,25.02594,121.50651,5
500113008,20231011,856,43,38,1,25.02594,121.50651,5
500113008,20231011,857,43,39,1,25.02594,121.50651,4
500113008,20231011,858,43,39,1,25.02594,121.50651,4
500113008,20231011,859,43,39,1,25.02594,121.50651,4
500113008,20231011,861,43,40,1,25.02594,121.50651,3
500113008,20231011,862,43,40,1,25.02594,121.50651,3
500113008,20231011,865,43,40,1,25.02594,121.50651,3
500113008,20231011,866,43,40,1,25.02594,121.50651,3
500113008,20231011,867,43,40,1,25.02594,121.50651,3
500113008,20231011,868,43,41,1,25.02594,121.50651,2
500113008,20231011,869,43,41,1,25.02594,121.50651,2
500113008,20231011,870,43,41,1,25.02594,121.50651,2
500113008,20231011,872,43,42,1,25.02594,121.50651,1
500113008,20231011,873,43,42,1,25.02594,121.50651,1
500113008,20231011,874,43,41,1,25.02594,121.50651,2
500113008,20231011,875,43,41,1,25.02594,121.50651,2
500113008,20231011,876,43,40,1,25.02594,121.50651,3
500113008,20231011,877,43,40,1,25.02594,121.50651,3
500113008,20231011,878,43,41,1,25.02594,121.50651,2
500113008,20231011,880,43,41,1,25.02594,121.50651,2
500113008,20231011,881,43,42,1,25.02594,121.50651,1
500113008,20231011,882,43,42,1,25.02594,121.50651,1
500113008,20231011,883,43,42,1,25.02594,121.50651,1
500113008,20231011,885,43,42,1,25.02594,121.50651,1
500113008,20231011,886,43,42,1,25.02594,121.50651,1
500113008,20231011,887,43,42,1,25.02594,121.50651,1
500113008,20231011,888,43,42,1,25.02594,121.50651,1
500113008,20231011,890,43,42,1,25.02594,121.50651,1
500113008,20231011,891,43,42,1,25.02594,121.50651,1
500113008,20231011,892,43,42,1,25.02594,121.50651,1
500113008,20231011,893,43,42,1,25.02594,121.50651,1
500113008,20231011,894,43,42,1,25.02594,121.50651,1
500113008,20231011,895,43,42,1,25.02594,121.50651,1
500113008,20231011,896,43,42,1,25.02594,121.50651,1
500113008,20231011,897,43,42,1,25.02594,121.50651,1
500113008,20231011,899,43,43,1,25.02594,121.50651,0
500113008,20231011,901,43,43,1,25.02594,121.50651,0
500113008,20231011,902,43,43,1,25.02594,121.50651,0
500113008,20231011,903,43,43,1,25.02594,121.50651,0
500113008,20231011,905,43,43,1,25.02594,121.50651,0
500113008,20231011,906,43,43,1,25.02594,121.50651,0
500113008,20231011,907,43,43,1,25.02594,121.50651,0
500113008,20231011,908,43,43,1,25.02594,121.50651,0
500113008,20231011,909,43,43,1,25.02594,121.50651,0
500113008,20231011,911,43,43,1,25.02594,121.50651,0
500113008,20231011,912,43,43,1,25.02594,121.50651,0
500113008,20231011,913,43,43,1,25.02594,121.50651,0
500113008,20231011,914,43,43,1,25.02594,121.50651,0
500113008,20231011,915,43,43,1,25.02594,121.50651,0
500113008,20231011,916,43,43,1,25.02594,121.50651,0
500113008,20231011,918,43,43,1,25.02594,121.50651,0
500113008,20231011,919,43,43,1,25.02594,121.50651,0
500113008,20231011,921,43,42,1,25.02594,121.50651,1
500113008,20231011,922,43,42,1,25.02594,121.50651,1
500113008,20231011,924,43,42,1,25.02594,121.50651,1
500113008,20231011,925,43,42,1,25.02594,121.50651,1
500113008,20231011,926,43,42,1,25.02594,121.50651,1
500113008,20231011,927,43,42,1,25.02594,121.50651,1
500113008,20231011,928,43,43,1,25.02594,121.50651,0
500113008,20231011,929,43,43,1,25.02594,121.50651,0
500113008,20231011,930,43,43,1,25.02594,121.50651,0
500113008,20231011,931,43,43,1,25.02594,121.50651,0
500113008,20231011,932,43,43,1,25.02594,121.50651,0
500113008,20231011,934,43,43,1,25.02594,121.50651,0
500113008,20231011,935,43,43,1,25.02594,121.50651,0
500113008,20231011,936,43,43,1,25.02594,121.50651,0
500113008,20231011,937,43,43,1,25.02594,121.50651,0
500113008,20231011,938,43,43,1,25.02594,121.50651,0
500113008,20231011,939,43,43,1,25.02594,121.50651,0
500113008,20231011,940,43,43,1,25.02594,121.50651,0
500113008,20231011,941,43,43,1,25.02594,121.50651,0
500113008,20231011,942,43,43,1,25.02594,121.50651,0
500113008,20231011,943,43,43,1,25.02594,121.50651,0
500113008,20231011,945,43,43,1,25.02594,121.50651,0
500113008,20231011,946,43,43,1,25.02594,121.50651,0
500113008,20231011,947,43,43,1,25.02594,121.50651,0
500113008,20231011,948,43,43,1,25.02594,121.50651,0
500113008,20231011,949,43,43,1,25.02594,121.50651,0
500113008,20231011,950,43,42,1,25.02594,121.50651,1
500113008,20231011,952,43,41,1,25.02594,121.50651,2
500113008,20231011,953,43,41,1,25.02594,121.50651,2
500113008,20231011,954,43,41,1,25.02594,121.50651,2
500113008,20231011,955,43,41,1,25.02594,121.50651,2
500113008,20231011,956,43,42,1,25.02594,121.50651,1
500113008,20231011,957,43,42,1,25.02594,121.50651,1
500113008,20231011,958,43,42,1,25.02594,121.50651,1
500113008,20231011,959,43,42,1,25.02594,121.50651,1
500113008,20231011,961,43,42,1,25.02594,121.50651,1
500113008,20231011,962,43,42,1,25.02594,121.50651,1
500113008,20231011,963,43,42,1,25.02594,121.50651,1
500113008,20231011,964,43,42,1,25.02594,121.50651,1
500113008,20231011,965,43,42,1,25.02594,121.50651,1
500113008,20231011,966,43,42,1,25.02594,121.50651,1
500113008,20231011,967,43,42,1,25.02594,121.50651,1
500113008,20231011,969,43,41,1,25.02594,121.50651,2
500113008,20231011,970,43,42,1,25.02594,121.50651,1
500113008,20231011,971,43,42,1,25.02594,121.50651,1
500113008,20231011,972,43,42,1,25.02594,121.50651,1
500113008,20231011,973,43,43,1,25.02594,121.50651,0
500113008,20231011,974,43,43,1,25.02594,121.50651,0
500113008,20231011,976,43,41,1,25.02594,121.50651,2
500113008,20231011,977,43,42,1,25.02594,121.50651,1
500113008,20231011,978,43,42,1,25.02594,121.50651,1
500113008,20231011,979,43,42,1,25.02594,121.50651,1
500113008,20231011,981,43,41,1,25.02594,121.50651,2
500113008,20231011,982,43,42,1,25.02594,121.50651,1
500113008,20231011,983,43,42,1,25.02594,121.50651,1
500113008,20231011,985,43,41,1,25.02594,121.50651,2
500113008,20231011,986,43,41,1,25.02594,121.50651,2
500113008,20231011,987,43,40,1,25.02594,121.50651,3
500113008,20231011,988,43,41,1,25.02594,121.50651,2
500113008,20231011,989,43,41,1,25.02594,121.50651,2
500113008,20231011,992,43,41,1,25.02594,121.50651,2
500113008,20231011,993,43,41,1,25.02594,121.50651,2
500113008,20231011,994,43,41,1,25.02594,121.50651,2
500113008,20231011,995,43,39,1,25.02594,121.50651,4
500113008,20231011,996,43,39,1,25.02594,121.50651,4
500113008,20231011,997,43,37,1,25.02594,121.50651,6
500113008,20231011,998,43,37,1,25.02594,121.50651,6
500113008,20231011,999,43,37,1,25.02594,121.50651,6
500113008,20231011,1000,43,36,1,25.02594,121.50651,7
500113008,20231011,1001,43,36,1,25.02594,121.50651,7
500113008,20231011,1002,43,36,1,25.02594,121.50651,7
500113008,20231011,1003,43,36,1,25.02594,121.50651,7
500113008,20231011,1004,43,36,1,25.02594,121.50651,7
500113008,20231011,1005,43,36,1,25.02594,121.50651,7
500113008,20231011,1006,43,36,1,25.02594,121.50651,7
500113008,20231011,1008,43,34,1,25.02594,121.50651,9
500113008,20231011,1009,43,34,1,25.02594,121.50651,9
500113008,20231011,1010,43,33,1,25.02594,121.50651,10
500113008,20231011,1011,43,32,1,25.02594,121.50651,11
500113008,20231011,1012,43,33,1,25.02594,121.50651,10
500113008,20231011,1013,43,33,1,25.02594,121.50651,10
500113008,20231011,1014,43,33,1,25.02594,121.50651,10
500113008,20231011,1015,43,33,1,25.02594,121.50651,10
500113008,20231011,1016,43,33,1,25.02594,121.50651,10
500113008,20231011,1017,43,33,1,25.02594,121.50651,10
500113008,20231011,1018,43,33,1,25.02594,121.50651,10
500113008,20231011,1019,43,33,1,25.02594,121.50651,10
500113008,20231011,1021,43,33,1,25.02594,121.50651,10
500113008,20231011,1022,43,33,1,25.02594,121.50651,10
500113008,20231011,1024,43,31,1,25.02594,121.50651,12
500113008,20231011,1025,43,30,1,25.02594,121.50651,13
500113008,20231011,1026,43,30,1,25.02594,121.50651,13
500113008,20231011,1027,43,30,1,25.02594,121.50651,13
500113008,20231011,1028,43,30,1,25.02594,121.50651,13
500113008,20231011,1029,43,30,1,25.02594,121.50651,13
500113008,20231011,1030,43,31,1,25.02594,121.50651,12
500113008,20231011,1031,43,32,1,25.02594,121.50651,11
500113008,20231011,1032,43,32,1,25.02594,121.50651,11
500113008,20231011,1033,43,32,1,25.02594,121.50651,11
500113008,20231011,1034,43,32,1,25.02594,121.50651,11
500113008,20231011,1035,43,31,1,25.02594,121.50651,12
500113008,20231011,1036,43,31,1,25.02594,121.50651,12
500113008,20231011,1037,43,31,1,25.02594,121.50651,12
500113008,20231011,1038,43,31,1,25.02594,121.50651,12
500113008,20231011,1039,43,31,1,25.02594,121.50651,12
500113008,20231011,1041,43,30,1,25.02594,121.50651,13
500113008,20231011,1042,43,30,1,25.02594,121.50651,13
500113008,20231011,1043,43,30,1,25.02594,121.50651,13
500113008,20231011,1044,43,30,1,25.02594,121.50651,13
500113008,20231011,1046,43,31,1,25.02594,121.50651,12
500113008,20231011,1047,43,31,1,25.02594,121.50651,12
500113008,20231011,1048,43,29,1,25.02594,121.50651,14
500113008,20231011,1049,43,28,1,25.02594,121.50651,15
500113008,20231011,1051,43,28,1,25.02594,121.50651,15
500113008,20231011,1052,43,28,1,25.02594,121.50651,15
500113008,20231011,1053,43,28,1,25.02594,121.50651,15
500113008,20231011,1054,43,28,1,25.02594,121.50651,15
500113008,20231011,1055,43,28,1,25.02594,121.50651,15
500113008,20231011,1056,43,28,1,25.02594,121.50651,15
500113008,20231011,1057,43,28,1,25.02594,121.50651,15
500113008,20231011,1058,43,28,1,25.02594,121.50651,15
500113008,20231011,1059,43,28,1,25.02594,121.50651,15
500113008,20231011,1060,43,28,1,25.02594,121.50651,15
500113008,20231011,1061,43,28,1,25.02594,121.50651,15
500113008,20231011,1062,43,28,1,25.02594,121.50651,15
500113008,20231011,1063,43,28,1,25.02594,121.50651,15
500113008,20231011,1064,43,28,1,25.02594,121.50651,15
500113008,20231011,1065,43,26,1,25.02594,121.50651,17
500113008,20231011,1066,43,26,1,25.02594,121.50651,17
500113008,20231011,1067,43,26,1,25.02594,121.50651,17
500113008,20231011,1068,43,29,1,25.02594,121.50651,14
500113008,20231011,1069,43,29,1,25.02594,121.50651,14
500113008,20231011,1070,43,29,1,25.02594,121.50651,14
500113008,20231011,1071,43,28,1,25.02594,121.50651,15
500113008,20231011,1072,43,29,1,25.02594,121.50651,14
500113008,20231011,1073,43,29,1,25.02594,121.50651,14
500113008,20231011,1074,43,29,1,25.02594,121.50651,14
500113008,20231011,1075,43,29,1,25.02594,121.50651,14
500113008,20231011,1076,43,29,1,25.02594,121.50651,14
500113008,20231011,1077,43,29,1,25.02594,121.50651,14
500113008,20231011,1078,43,29,1,25.02594,121.50651,14
500113008,20231011,1079,43,29,1,25.02594,121.50651,14
500113008,20231011,1082,43,28,1,25.02594,121.50651,15
500113008,20231011,1083,43,29,1,25.02594,121.50651,14
500113008,20231011,1084,43,29,1,25.02594,121.50651,14
500113008,20231011,1085,43,29,1,25.02594,121.50651,14
500113008,20231011,1086,43,29,1,25.02594,121.50651,14
500113008,20231011,1087,43,30,1,25.02594,121.50651,13
500113008,20231011,1088,43,31,1,25.02594,121.50651,12
500113008,20231011,1089,43,32,1,25.02594,121.50651,11
500113008,20231011,1090,43,32,1,25.02594,121.50651,11
500113008,20231011,1091,43,32,1,25.02594,121.50651,11
500113008,20231011,1092,43,32,1,25.02594,121.50651,11
500113008,20231011,1093,43,32,1,25.02594,121.50651,11
500113008,20231011,1094,43,32,1,25.02594,121.50651,11
500113008,20231011,1095,43,30,1,25.02594,121.50651,13
500113008,20231011,1096,43,30,1,25.02594,121.50651,13
500113008,20231011,1097,43,31,1,25.02594,121.50651,12
500113008,20231011,1098,43,31,1,25.02594,121.50651,12
500113008,20231011,1099,43,30,1,25.02594,121.50651,13
500113008,20231011,1101,43,30,1,25.02594,121.50651,13
500113008,20231011,1102,43,30,1,25.02594,121.50651,13
500113008,20231011,1103,43,30,1,25.02594,121.50651,13
500113008,20231011,1104,43,30,1,25.02594,121.50651,13
500113008,20231011,1105,43,30,1,25.02594,121.50651,13
500113008,20231011,1106,43,31,1,25.02594,121.50651,12
500113008,20231011,1107,43,31,1,25.02594,121.50651,12
500113008,20231011,1108,43,30,1,25.02594,121.50651,13
500113008,20231011,1109,43,30,1,25.02594,121.50651,13
500113008,20231011,1111,43,30,1,25.02594,121.50651,13
500113008,20231011,1112,43,30,1,25.02594,121.50651,13
500113008,20231011,1113,43,30,1,25.02594,121.50651,13
500113008,20231011,1114,43,31,1,25.02594,121.50651,12
500113008,20231011,1115,43,31,1,25.02594,121.50651,12
500113008,20231011,1116,43,31,1,25.02594,121.50651,12
500113008,20231011,1118,43,31,1,25.02594,121.50651,12
500113008,20231011,1119,43,31,1,25.02594,121.50651,12
500113008,20231011,1120,43,31,1,25.02594,121.50651,12
500113008,20231011,1121,43,31,1,25.02594,121.50651,12
500113008,20231011,1122,43,31,1,25.02594,121.50651,12
500113008,20231011,1123,43,31,1,25.02594,121.50651,12
500113008,20231011,1124,43,31,1,25.02594,121.50651,12
500113008,20231011,1125,43,31,1,25.02594,121.50651,12
500113008,20231011,1126,43,31,1,25.02594,121.50651,12
500113008,20231011,1127,43,31,1,25.02594,121.50651,12
500113008,20231011,1128,43,31,1,25.02594,121.50651,12
500113008,20231011,1129,43,31,1,25.02594,121.50651,12
500113008,20231011,1130,43,31,1,25.02594,121.50651,12
500113008,20231011,1131,43,31,1,25.02594,121.50651,12
500113008,20231011,1132,43,31,1,25.02594,121.50651,12
500113008,20231011,1133,43,31,1,25.02594,121.50651,12
500113008,20231011,1134,43,31,1,25.02594,121.50651,12
500113008,20231011,1135,43,31,1,25.02594,121.50651,12
500113008,20231011,1136,43,31,1,25.02594,121.50651,12
500113008,20231011,1137,43,31,1,25.02594,121.50651,12
500113008,20231011,1138,43,31,1,25.02594,121.50651,12
500113008,20231011,1139,43,31,1,25.02594,121.50651,12
500113008,20231011,1141,43,31,1,25.02594,121.50651,12
500113008,20231011,1142,43,31,1,25.02594,121.50651,12
500113008,20231011,1143,43,30,1,25.02594,121.50651,13
500113008,20231011,1144,43,30,1,25.02594,121.50651,13
500113008,20231011,1145,43,29,1,25.02594,121.50651,14
500113008,20231011,1146,43,29,1,25.02594,121.50651,14
500113008,20231011,1147,43,29,1,25.02594,121.50651,14
500113008,20231011,1148,43,29,1,25.02594,121.50651,14
500113008,20231011,1149,43,29,1,25.02594,121.50651,14
500113008,20231011,1150,43,30,1,25.02594,121.50651,13
500113008,20231011,1151,43,30,1,25.02594,121.50651,13
500113008,20231011,1152,43,29,1,25.02594,121.50651,14
500113008,20231011,1153,43,29,1,25.02594,121.50651,14
500113008,20231011,1154,43,28,1,25.02594,121.50651,15
500113008,20231011,1155,43,28,1,25.02594,121.50651,15
500113008,20231011,1156,43,27,1,25.02594,121.50651,16
500113008,20231011,1157,43,25,1,25.02594,121.50651,18
500113008,20231011,1158,43,25,1,25.02594,121.50651,18
500113008,20231011,1159,43,25,1,25.02594,121.50651,18
500113008,20231011,1161,43,27,1,25.02594,121.50651,16
500113008,20231011,1162,43,26,1,25.02594,121.50651,17
500113008,20231011,1163,43,26,1,25.02594,121.50651,17
500113008,20231011,1164,43,27,1,25.02594,121.50651,16
500113008,20231011,1165,43,27,1,25.02594,121.50651,16
500113008,20231011,1166,43,27,1,25.02594,121.50651,16
500113008,20231011,1167,43,27,1,25.02594,121.50651,16
500113008,20231011,1168,43,26,1,25.02594,121.50651,17
500113008,20231011,1169,43,26,1,25.02594,121.50651,17
500113008,20231011,1171,43,26,1,25.02594,121.50651,17
500113008,20231011,1172,43,26,1,25.02594,121.50651,17
500113008,20231011,1173,43,26,1,25.02594,121.50651,17
500113008,20231011,1174,43,26,1,25.02594,121.50651,17
500113008,20231011,1175,43,26,1,25.02594,121.50651,17
500113008,20231011,1176,43,27,1,25.02594,121.50651,16
500113008,20231011,1177,43,27,1,25.02594,121.50651,16
500113008,20231011,1178,43,27,1,25.02594,121.50651,16
500113008,20231011,1179,43,27,1,25.02594,121.50651,16
500113008,20231011,1180,43,27,1,25.02594,121.50651,16
500113008,20231011,1181,43,26,1,25.02594,121.50651,17
500113008,20231011,1182,43,26,1,25.02594,121.50651,17
500113008,20231011,1183,43,26,1,25.02594,121.50651,17
500113008,20231011,1184,43,26,1,25.02594,121.50651,17
500113008,20231011,1185,43,27,1,25.02594,121.50651,16
500113008,20231011,1186,43,27,1,25.02594,121.50651,16
500113008,20231011,1187,43,27,1,25.02594,121.50651,16
500113008,20231011,1188,43,27,1,25.02594,121.50651,16
500113008,20231011,1189,43,27,1,25.02594,121.50651,16
500113008,20231011,1190,43,27,1,25.02594,121.50651,16
500113008,20231011,1191,43,27,1,25.02594,121.50651,16
500113008,20231011,1192,43,27,1,25.02594,121.50651,16
500113008,20231011,1193,43,27,1,25.02594,121.50651,16
500113008,20231011,1194,43,27,1,25.02594,121.50651,16
500113008,20231011,1195,43,27,1,25.02594,121.50651,16
500113008,20231011,1196,43,27,1,25.02594,121.50651,16
500113008,20231011,1197,43,27,1,25.02594,121.50651,16
500113008,20231011,1198,43,27,1,25.02594,121.50651,16
500113008,20231011,1199,43,27,1,25.02594,121.50651,16
500113008,20231011,1201,43,27,1,25.02594,121.50651,16
500113008,20231011,1202,43,27,1,25.02594,121.50651,16
500113008,20231011,1203,43,27,1,25.02594,121.50651,16
500113008,20231011,1204,43,26,1,25.02594,121.50651,17
500113008,20231011,1205,43,26,1,25.02594,121.50651,17
500113008,20231011,1206,43,27,1,25.02594,121.50651,16
500113008,20231011,1207,43,27,1,25.02594,121.50651,16
500113008,20231011,1208,43,27,1,25.02594,121.50651,16
500113008,20231011,1209,43,27,1,25.02594,121.50651,16
500113008,20231011,1210,43,27,1,25.02594,121.50651,16
500113008,20231011,1211,43,27,1,25.02594,121.50651,16
500113008,20231011,1212,43,27,1,25.02594,121.50651,16
500113008,20231011,1213,43,27,1,25.02594,121.50651,16
500113008,20231011,1214,43,27,1,25.02594,121.50651,16
500113008,20231011,1215,43,28,1,25.02594,121.50651,15
500113008,20231011,1216,43,28,1,25.02594,121.50651,15
500113008,20231011,1217,43,28,1,25.02594,121.50651,15
500113008,20231011,1218,43,28,1,25.02594,121.50651,15
500113008,20231011,1219,43,28,1,25.02594,121.50651,15
500113008,20231011,1221,43,28,1,25.02594,121.50651,15
500113008,20231011,1222,43,28,1,25.02594,121.50651,15
500113008,20231011,1223,43,28,1,25.02594,121.50651,15
500113008,20231011,1224,43,28,1,25.02594,121.50651,15
500113008,20231011,1225,43,28,1,25.02594,121.50651,15
500113008,20231011,1226,43,28,1,25.02594,121.50651,15
500113008,20231011,1227,43,28,1,25.02594,121.50651,15
500113008,20231011,1228,43,28,1,25.02594,121.50651,15
500113008,20231011,1229,43,28,1,25.02594,121.50651,15
500113008,20231011,1230,43,28,1,25.02594,121.50651,15
500113008,20231011,1231,43,27,1,25.02594,121.50651,16
500113008,20231011,1232,43,25,1,25.02594,121.50651,18
500113008,20231011,1233,43,25,1,25.02594,121.50651,18
500113008,20231011,1234,43,25,1,25.02594,121.50651,18
500113008,20231011,1235,43,26,1,25.02594,121.50651,17
500113008,20231011,1236,43,26,1,25.02594,121.50651,17
500113008,20231011,1237,43,26,1,25.02594,121.50651,17
500113008,20231011,1238,43,26,1,25.02594,121.50651,17
500113008,20231011,1239,43,26,1,25.02594,121.50651,17
500113008,20231015,1407,43,35,1,25.02594,121.50651,7
500113008,20231015,1408,43,34,1,25.02594,121.50651,8
500113008,20231015,1409,43,34,1,25.02594,121.50651,8
500113008,20231015,1410,43,34,1,25.02594,121.50651,8
500113008,20231015,1411,43,34,1,25.02594,121.50651,8
500113008,20231015,1412,43,34,1,25.02594,121.50651,8
500113008,20231015,1413,43,34,1,25.02594,121.50651,8
500113008,20231015,1414,43,34,1,25.02594,121.50651,8
500113008,20231015,1415,43,34,1,25.02594,121.50651,8
500113008,20231015,1416,43,34,1,25.02594,121.50651,8
500113008,20231015,1417,43,34,1,25.02594,121.50651,8
500113008,20231015,1418,43,34,1,25.02594,121.50651,8
500113008,20231015,1419,43,34,1,25.02594,121.50651,8
500113008,20231015,1420,43,34,1,25.02594,121.50651,8
500113008,20231015,1421,43,34,1,25.02594,121.50651,8
500113008,20231015,1422,43,34,1,25.02594,121.50651,8
500113008,20231015,1423,43,35,1,25.02594,121.50651,7
500113008,20231015,1424,43,35,1,25.02594,121.50651,7
500113008,20231015,1425,43,35,1,25.02594,121.50651,7
500113008,20231015,1426,43,35,1,25.02594,121.50651,7
500113008,20231015,1427,43,35,1,25.02594,121.50651,7
500113008,20231015,1429,43,35,1,25.02594,121.50651,7
500113008,20231015,1430,43,35,1,25.02594,121.50651,7
500113008,20231015,1431,43,35,1,25.02594,121.50651,7
500113008,20231015,1432,43,35,1,25.02594,121.50651,7
500113008,20231015,1433,43,35,1,25.02594,121.50651,7
500113008,20231015,1434,43,35,1,25.02594,121.50651,7
500113008,20231015,1435,43,35,1,25.02594,121.50651,7
500113008,20231015,1436,43,35,1,25.02594,121.50651,7
500113008,20231015,1437,43,35,1,25.02594,121.50651,7
500113008,20231015,1438,43,35,1,25.02594,121.50651,7
500113008,20231015,1439,43,35,1,25.02594,121.50651,7
500113008,20231016,0,43,35,1,25.02594,121.50651,7
500113008,20231016,1,43,35,1,25.02594,121.50651,7
500113008,20231016,2,43,35,1,25.02594,121.50651,7
500113008,20231016,3,43,35,1,25.02594,121.50651,7
500113008,20231016,4,43,35,1,25.02594,121.50651,7
500113008,20231016,5,43,35,1,25.02594,121.50651,7
500113008,20231016,6,43,35,1,25.02594,121.50651,7
500113008,20231016,7,43,35,1,25.02594,121.50651,7
500113008,20231016,8,43,35,1,25.02594,121.50651,7
500113008,20231016,9,43,35,1,25.02594,121.50651,7
500113008,20231016,11,43,34,1,25.02594,121.50651,8
500113008,20231016,12,43,34,1,25.02594,121.50651,8
500113008,20231016,13,43,34,1,25.02594,121.50651,8
500113008,20231016,14,43,34,1,25.02594,121.50651,8
500113008,20231016,15,43,34,1,25.02594,121.50651,8
500113008,20231016,16,43,35,1,25.02594,121.50651,7
500113008,20231016,17,43,35,1,25.02594,121.50651,7
500113008,20231016,18,43,35,1,25.02594,121.50651,7
500113008,20231016,19,43,35,1,25.02594,121.50651,7
500113008,20231016,21,43,35,1,25.02594,121.50651,7
500113008,20231016,22,43,35,1,25.02594,121.50651,7
500113008,20231016,24,43,35,1,25.02594,121.50651,7
500113008,20231016,25,43,35,1,25.02594,121.50651,7
500113008,20231016,26,43,35,1,25.02594,121.50651,7
500113008,20231016,27,43,35,1,25.02594,121.50651,7
500113008,20231016,28,43,35,1,25.02594,121.50651,7
500113008,20231016,29,43,35,1,25.02594,121.50651,7
500113008,20231016,31,43,35,1,25.02594,121.50651,7
500113008,20231016,32,43,35,1,25.02594,121.50651,7
500113008,20231016,33,43,35,1,25.02594,121.50651,7
500113008,20231016,34,43,35,1,25.02594,121.50651,7
500113008,20231016,35,43,35,1,25.02594,121.50651,7
500113008,20231016,36,43,35,1,25.02594,121.50651,7
500113008,20231016,38,43,34,1,25.02594,121.50651,8
500113008,20231016,40,43,34,1,25.02594,121.50651,8
500113008,20231016,41,43,34,1,25.02594,121.50651,8
500113008,20231016,42,43,34,1,25.02594,121.50651,8
500113008,20231016,43,43,34,1,25.02594,121.50651,8
500113008,20231016,44,43,34,1,25.02594,121.50651,8
500113008,20231016,45,43,34,1,25.02594,121.50651,8
500113008,20231016,46,43,34,1,25.02594,121.50651,8
500113008,20231016,47,43,34,1,25.02594,121.50651,8
500113008,20231016,48,43,34,1,25.02594,121.50651,8
500113008,20231016,49,43,34,1,25.02594,121.50651,8
500113008,20231016,51,43,34,1,25.02594,121.50651,8
500113008,20231016,52,43,34,1,25.02594,121.50651,8
500113008,20231016,53,43,34,1,25.02594,121.50651,8
500113008,20231016,54,43,34,1,25.02594,121.50651,8
500113008,20231016,55,43,34,1,25.02594,121.50651,8
500113008,20231016,56,43,34,1,25.02594,121.50651,8
500113008,20231016,57,43,34,1,25.02594,121.50651,8
500113008,20231016,58,43,34,1,25.02594,121.50651,8
500113008,20231016,59,43,34,1,25.02594,121.50651,8
500113008,20231016,60,43,34,1,25.02594,121.50651,8
500113008,20231016,61,43,34,1,25.02594,121.50651,8
500113008,20231016,62,43,34,1,25.02594,121.50651,8
500113008,20231016,63,43,34,1,25.02594,121.50651,8
500113008,20231016,64,43,34,1,25.02594,121.50651,8
500113008,20231016,65,43,34,1,25.02594,121.50651,8
500113008,20231016,66,43,34,1,25.02594,121.50651,8
500113008,20231016,67,43,34,1,25.02594,121.50651,8
500113008,20231016,68,43,34,1,25.02594,121.50651,8
500113008,20231016,69,43,34,1,25.02594,121.50651,8
500113008,20231016,70,43,34,1,25.02594,121.50651,8
500113008,20231016,71,43,34,1,25.02594,121.50651,8
500113008,20231016,72,43,34,1,25.02594,121.50651,8
500113008,20231016,73,43,34,1,25.02594,121.50651,8
500113008,20231016,74,43,34,1,25.02594,121.50651,8
500113008,20231016,75,43,34,1,25.02594,121.50651,8
500113008,20231016,76,43,34,1,25.02594,121.50651,8
500113008,20231016,77,43,34,1,25.02594,121.50651,8
500113008,20231016,78,43,34,1,25.02594,121.50651,8
500113008,20231016,79,43,33,1,25.02594,121.50651,9
500113008,20231016,81,43,33,1,25.02594,121.50651,9
500113008,20231016,82,43,33,1,25.02594,121.50651,9
500113008,20231016,83,43,33,1,25.02594,121.50651,9
500113008,20231016,84,43,32,1,25.02594,121.50651,10
500113008,20231016,85,43,32,1,25.02594,121.50651,10
500113008,20231016,86,43,32,1,25.02594,121.50651,10
500113008,20231016,87,43,32,1,25.02594,121.50651,10
500113008,20231016,88,43,32,1,25.02594,121.50651,10
500113008,20231016,89,43,32,1,25.02594,121.50651,10
500113008,20231016,90,43,32,1,25.02594,121.50651,10
500113008,20231016,91,43,32,1,25.02594,121.50651,10
500113008,20231016,92,43,32,1,25.02594,121.50651,10
500113008,20231016,93,43,32,1,25.02594,121.50651,10
500113008,20231016,94,43,32,1,25.02594,121.50651,10
500113008,20231016,95,43,32,1,25.02594,121.50651,10
500113008,20231016,96,43,32,1,25.02594,121.50651,10
500113008,20231016,97,43,32,1,25.02594,121.50651,10
500113008,20231016,98,43,32,1,25.02594,121.50651,10
500113008,20231016,99,43,32,1,25.02594,121.50651,10
500113008,20231016,100,43,32,1,25.02594,121.50651,10
500113008,20231016,101,43,32,1,25.02594,121.50651,10
500113008,20231016,102,43,32,1,25.02594,121.50651,10
500113008,20231016,103,43,32,1,25.02594,121.50651,10
500113008,20231016,104,43,32,1,25.02594,121.50651,10
500113008,20231016,105,43,32,1,25.02594,121.50651,10
500113008,20231016,106,43,32,1,25.02594,121.50651,10
500113008,20231016,107,43,32,1,25.02594,121.50651,10
500113008,20231016,108,43,32,1,25.02594,121.50651,10
500113008,20231016,109,43,32,1,25.02594,121.50651,10
500113008,20231016,110,43,32,1,25.02594,121.50651,10
500113008,20231016,111,43,32,1,25.02594,121.50651,10
500113008,20231016,112,43,32,1,25.02594,121.50651,10
500113008,20231016,113,43,32,1,25.02594,121.50651,10
500113008,20231016,114,43,32,1,25.02594,121.50651,10
500113008,20231016,115,43,32,1,25.02594,121.50651,10
500113008,20231016,116,43,32,1,25.02594,121.50651,10
500113008,20231016,117,43,32,1,25.02594,121.50651,10
500113008,20231016,118,43,32,1,25.02594,121.50651,10
500113008,20231016,119,43,32,1,25.02594,121.50651,10
500113008,20231016,121,43,32,1,25.02594,121.50651,10
500113008,20231016,122,43,32,1,25.02594,121.50651,10
500113008,20231016,123,43,32,1,25.02594,121.50651,10
500113008,20231016,124,43,32,1,25.02594,121.50651,10
500113008,20231016,125,43,32,1,25.02594,121.50651,10
500113008,20231016,126,43,32,1,25.02594,121.50651,10
500113008,20231016,127,43,32,1,25.02594,121.50651,10
500113008,20231016,129,43,32,1,25.02594,121.50651,10
500113008,20231016,130,43,32,1,25.02594,121.50651,10
500113008,20231016,131,43,32,1,25.02594,121.50651,10
500113008,20231016,132,43,32,1,25.02594,121.50651,10
500113008,20231016,133,43,32,1,25.02594,121.50651,10
500113008,20231016,134,43,32,1,25.02594,121.50651,10
500113008,20231016,135,43,32,1,25.02594,121.50651,10
500113008,20231016,136,43,32,1,25.02594,121.50651,10
500113008,20231016,137,43,32,1,25.02594,121.50651,10
500113008,20231016,138,43,32,1,25.02594,121.50651,10
500113008,20231016,139,43,32,1,25.02594,121.50651,10
500113008,20231016,141,43,32,1,25.02594,121.50651,10
500113008,20231016,142,43,32,1,25.02594,121.50651,10
500113008,20231016,143,43,32,1,25.02594,121.50651,10
500113008,20231016,144,43,32,1,25.02594,121.50651,10
500113008,20231016,145,43,32,1,25.02594,121.50651,10
500113008,20231016,146,43,32,1,25.02594,121.50651,10
500113008,20231016,147,43,32,1,25.02594,121.50651,10
500113008,20231016,148,43,32,1,25.02594,121.50651,10
500113008,20231016,149,43,32,1,25.02594,121.50651,10
500113008,20231016,150,43,32,1,25.02594,121.50651,10
500113008,20231016,151,43,32,1,25.02594,121.50651,10
500113008,20231016,152,43,32,1,25.02594,121.50651,10
500113008,20231016,153,43,32,1,25.02594,121.50651,10
500113008,20231016,154,43,32,1,25.02594,121.50651,10
500113008,20231016,155,43,32,1,25.02594,121.50651,10
500113008,20231016,156,43,32,1,25.02594,121.50651,10
500113008,20231016,157,43,32,1,25.02594,121.50651,10
500113008,20231016,158,43,32,1,25.02594,121.50651,10
500113008,20231016,159,43,30,1,25.02594,121.50651,12
500113008,20231016,160,43,30,1,25.02594,121.50651,12
500113008,20231016,161,43,30,1,25.02594,121.50651,12
500113008,20231016,162,43,30,1,25.02594,121.50651,12
500113008,20231016,163,43,30,1,25.02594,121.50651,12
500113008,20231016,164,43,30,1,25.02594,121.50651,12
500113008,20231016,165,43,30,1,25.02594,121.50651,12
500113008,20231016,166,43,30,1,25.02594,121.50651,12
500113008,20231016,167,43,30,1,25.02594,121.50651,12
500113008,20231016,168,43,30,1,25.02594,121.50651,12
500113008,20231016,169,43,30,1,25.02594,121.50651,12
500113008,20231016,170,43,30,1,25.02594,121.50651,12
500113008,20231016,171,43,30,1,25.02594,121.50651,12
500113008,20231016,172,43,30,1,25.02594,121.50651,12
500113008,20231016,173,43,30,1,25.02594,121.50651,12
500113008,20231016,174,43,30,1,25.02594,121.50651,12
500113008,20231016,175,43,30,1,25.02594,121.50651,12
500113008,20231016,176,43,30,1,25.02594,121.50651,12
500113008,20231016,177,43,30,1,25.02594,121.50651,12
500113008,20231016,178,43,30,1,25.02594,121.50651,12
500113008,20231016,179,43,30,1,25.02594,121.50651,12
500113008,20231016,180,43,30,1,25.02594,121.50651,12
500113008,20231016,181,43,30,1,25.02594,121.50651,12
500113008,20231016,182,43,30,1,25.02594,121.50651,12
500113008,20231016,183,43,30,1,25.02594,121.50651,12
500113008,20231016,184,43,30,1,25.02594,121.50651,12
500113008,20231016,185,43,30,1,25.02594,121.50651,12
500113008,20231016,186,43,30,1,25.02594,121.50651,12
500113008,20231016,187,43,30,1,25.02594,121.50651,12
500113008,20231016,188,43,30,1,25.02594,121.50651,12
500113008,20231016,189,43,30,1,25.02594,121.50651,12
500113008,20231016,190,43,30,1,25.02594,121.50651,12
500113008,20231016,191,43,30,1,25.02594,121.50651,12
500113008,20231016,192,43,30,1,25.02594,121.50651,12
500113008,20231016,193,43,30,1,25.02594,121.50651,12
500113008,20231016,194,43,30,1,25.02594,121.50651,12
500113008,20231016,195,43,30,1,25.02594,121.50651,12
500113008,20231016,196,43,30,1,25.02594,121.50651,12
500113008,20231016,197,43,30,1,25.02594,121.50651,12
500113008,20231016,198,43,30,1,25.02594,121.50651,12
500113008,20231016,199,43,30,1,25.02594,121.50651,12
500113008,20231016,201,43,30,1,25.02594,121.50651,12
500113008,20231016,202,43,30,1,25.02594,121.50651,12
500113008,20231016,203,43,30,1,25.02594,121.50651,12
500113008,20231016,204,43,30,1,25.02594,121.50651,12
500113008,20231016,205,43,30,1,25.02594,121.50651,12
500113008,20231016,206,43,30,1,25.02594,121.50651,12
500113008,20231016,207,43,30,1,25.02594,121.50651,12
500113008,20231016,208,43,30,1,25.02594,121.50651,12
500113008,20231016,209,43,30,1,25.02594,121.50651,12
500113008,20231016,210,43,30,1,25.02594,121.50651,12
500113008,20231016,211,43,30,1,25.02594,121.50651,12
500113008,20231016,212,43,30,1,25.02594,121.50651,12
500113008,20231016,213,43,30,1,25.02594,121.50651,12
500113008,20231016,214,43,30,1,25.02594,121.50651,12
500113008,20231016,215,43,30,1,25.02594,121.50651,12
500113008,20231016,216,43,30,1,25.02594,121.50651,12
500113008,20231016,217,43,30,1,25.02594,121.50651,12
500113008,20231016,218,43,30,1,25.02594,121.50651,12
500113008,20231016,219,43,30,1,25.02594,121.50651,12
500113008,20231016,220,43,30,1,25.02594,121.50651,12
500113008,20231016,221,43,30,1,25.02594,121.50651,12
500113008,20231016,222,43,30,1,25.02594,121.50651,12
500113008,20231016,223,43,30,1,25.02594,121.50651,12
500113008,20231016,224,43,30,1,25.02594,121.50651,12
500113008,20231016,225,43,30,1,25.02594,121.50651,12
500113008,20231016,226,43,30,1,25.02594,121.50651,12
500113008,20231016,227,43,30,1,25.02594,121.50651,12
500113008,20231016,228,43,30,1,25.02594,121.50651,12
500113008,20231016,229,43,30,1,25.02594,121.50651,12
500113008,20231016,230,43,30,1,25.02594,121.50651,12
500113008,20231016,231,43,30,1,25.02594,121.50651,12
500113008,20231016,232,43,30,1,25.02594,121.50651,12
500113008,20231016,233,43,30,1,25.02594,121.50651,12
500113008,20231016,234,43,30,1,25.02594,121.50651,12
500113008,20231016,235,43,30,1,25.02594,121.50651,12
500113008,20231016,236,43,30,1,25.02594,121.50651,12
500113008,20231016,237,43,30,1,25.02594,121.50651,12
500113008,20231016,238,43,30,1,25.02594,121.50651,12
500113008,20231016,239,43,30,1,25.02594,121.50651,12
500113008,20231016,240,43,30,1,25.02594,121.50651,12
500113008,20231016,241,43,30,1,25.02594,121.50651,12
500113008,20231016,242,43,30,1,25.02594,121.50651,12
500113008,20231016,243,43,30,1,25.02594,121.50651,12
500113008,20231016,244,43,30,1,25.02594,121.50651,12
500113008,20231016,245,43,30,1,25.02594,121.50651,12
500113008,20231016,246,43,30,1,25.02594,121.50651,12
500113008,20231016,247,43,30,1,25.02594,121.50651,12
500113008,20231016,248,43,30,1,25.02594,121.50651,12
500113008,20231016,249,43,30,1,25.02594,121.50651,12
500113008,20231016,250,43,30,1,25.02594,121.50651,12
500113008,20231016,251,43,30,1,25.02594,121.50651,12
500113008,20231016,252,43,30,1,25.02594,121.50651,12
500113008,20231016,253,43,30,1,25.02594,121.50651,12
500113008,20231016,254,43,30,1,25.02594,121.50651,12
500113008,20231016,255,43,30,1,25.02594,121.50651,12
500113008,20231016,256,43,30,1,25.02594,121.50651,12
500113008,20231016,257,43,30,1,25.02594,121.50651,12
500113008,20231016,258,43,30,1,25.02594,121.50651,12
500113008,20231016,259,43,30,1,25.02594,121.50651,12
500113008,20231016,261,43,30,1,25.02594,121.50651,12
500113008,20231016,262,43,30,1,25.02594,121.50651,12
500113008,20231016,263,43,30,1,25.02594,121.50651,12
500113008,20231016,264,43,30,1,25.02594,121.50651,12
500113008,20231016,265,43,30,1,25.02594,121.50651,12
500113008,20231016,266,43,30,1,25.02594,121.50651,12
500113008,20231016,267,43,30,1,25.02594,121.50651,12
500113008,20231016,268,43,30,1,25.02594,121.50651,12
500113008,20231016,269,43,30,1,25.02594,121.50651,12
500113008,20231016,270,43,30,1,25.02594,121.50651,12
500113008,20231016,271,43,30,1,25.02594,121.50651,12
500113008,20231016,272,43,30,1,25.02594,121.50651,12
500113008,20231016,273,43,30,1,25.02594,121.50651,12
500113008,20231016,274,43,30,1,25.02594,121.50651,12
500113008,20231016,275,43,30,1,25.02594,121.50651,12
500113008,20231016,276,43,30,1,25.02594,121.50651,12
500113008,20231016,277,43,30,1,25.02594,121.50651,12
500113008,20231016,278,43,30,1,25.02594,121.50651,12
500113008,20231016,279,43,30,1,25.02594,121.50651,12
500113008,20231016,280,43,30,1,25.02594,121.50651,12
500113008,20231016,281,43,30,1,25.02594,121.50651,12
500113008,20231016,282,43,30,1,25.02594,121.50651,12
500113008,20231016,283,43,30,1,25.02594,121.50651,12
500113008,20231016,284,43,30,1,25.02594,121.50651,12
500113008,20231016,285,43,29,1,25.02594,121.50651,13
500113008,20231016,286,43,29,1,25.02594,121.50651,13
500113008,20231016,287,43,29,1,25.02594,121.50651,13
500113008,20231016,288,43,29,1,25.02594,121.50651,13
500113008,20231016,289,43,29,1,25.02594,121.50651,13
500113008,20231016,290,43,29,1,25.02594,121.50651,13
500113008,20231016,291,43,29,1,25.02594,121.50651,13
500113008,20231016,292,43,29,1,25.02594,121.50651,13
500113008,20231016,293,43,29,1,25.02594,121.50651,13
500113008,20231016,294,43,29,1,25.02594,121.50651,13
500113008,20231016,295,43,29,1,25.02594,121.50651,13
500113008,20231016,296,43,29,1,25.02594,121.50651,13
500113008,20231016,297,43,29,1,25.02594,121.50651,13
500113008,20231016,298,43,29,1,25.02594,121.50651,13
500113008,20231016,299,43,29,1,25.02594,121.50651,13
500113008,20231016,300,43,29,1,25.02594,121.50651,13
500113008,20231016,301,43,29,1,25.02594,121.50651,13
500113008,20231016,302,43,29,1,25.02594,121.50651,13
500113008,20231016,304,43,29,1,25.02594,121.50651,13
500113008,20231016,305,43,29,1,25.02594,121.50651,13
500113008,20231016,306,43,29,1,25.02594,121.50651,13
500113008,20231016,307,43,29,1,25.02594,121.50651,13
500113008,20231016,308,43,29,1,25.02594,121.50651,13
500113008,20231016,309,43,29,1,25.02594,121.50651,13
500113008,20231016,310,43,29,1,25.02594,121.50651,13
500113008,20231016,311,43,29,1,25.02594,121.50651,13
500113008,20231016,312,43,29,1,25.02594,121.50651,13
500113008,20231016,313,43,29,1,25.02594,121.50651,13
500113008,20231016,314,43,29,1,25.02594,121.50651,13
500113008,20231016,315,43,29,1,25.02594,121.50651,13
500113008,20231016,316,43,29,1,25.02594,121.50651,13
500113008,20231016,317,43,29,1,25.02594,121.50651,13
500113008,20231016,318,43,29,1,25.02594,121.50651,13
500113008,20231016,319,43,29,1,25.02594,121.50651,13
500113008,20231016,321,43,29,1,25.02594,121.50651,13
500113008,20231016,322,43,29,1,25.02594,121.50651,13
500113008,20231016,324,43,28,1,25.02594,121.50651,14
500113008,20231016,325,43,28,1,25.02594,121.50651,14
500113008,20231016,326,43,28,1,25.02594,121.50651,14
500113008,20231016,327,43,28,1,25.02594,121.50651,14
500113008,20231016,328,43,28,1,25.02594,121.50651,14
500113008,20231016,329,43,28,1,25.02594,121.50651,14
500113008,20231016,330,43,28,1,25.02594,121.50651,14
500113008,20231016,331,43,29,1,25.02594,121.50651,13
500113008,20231016,332,43,29,1,25.02594,121.50651,13
500113008,20231016,333,43,29,1,25.02594,121.50651,13
500113008,20231016,334,43,29,1,25.02594,121.50651,13
500113008,20231016,335,43,29,1,25.02594,121.50651,13
500113008,20231016,336,43,29,1,25.02594,121.50651,13
500113008,20231016,337,43,29,1,25.02594,121.50651,13
500113008,20231016,338,43,29,1,25.02594,121.50651,13
500113008,20231016,339,43,29,1,25.02594,121.50651,13
500113008,20231016,340,43,29,1,25.02594,121.50651,13
500113008,20231016,341,43,29,1,25.02594,121.50651,13
500113008,20231016,342,43,29,1,25.02594,121.50651,13
500113008,20231016,343,43,29,1,25.02594,121.50651,13
500113008,20231016,344,43,29,1,25.02594,121.50651,13
500113008,20231016,345,43,29,1,25.02594,121.50651,13
500113008,20231016,346,43,29,1,25.02594,121.50651,13
500113008,20231016,347,43,29,1,25.02594,121.50651,13
500113008,20231016,348,43,29,1,25.02594,121.50651,13
500113008,20231016,349,43,29,1,25.02594,121.50651,13
500113008,20231016,350,43,29,1,25.02594,121.50651,13
500113008,20231016,351,43,29,1,25.02594,121.50651,13
500113008,20231016,352,43,29,1,25.02594,121.50651,13
500113008,20231016,353,43,29,1,25.02594,121.50651,13
500113008,20231016,354,43,29,1,25.02594,121.50651,13
500113008,20231016,355,43,29,1,25.02594,121.50651,13
500113008,20231016,356,43,29,1,25.02594,121.50651,13
500113008,20231016,357,43,29,1,25.02594,121.50651,13
500113008,20231016,358,43,30,1,25.02594,121.50651,12
500113008,20231016,359,43,30,1,25.02594,121.50651,12
500113008,20231016,360,43,30,1,25.02594,121.50651,12
500113008,20231016,361,43,30,1,25.02594,121.50651,12
500113008,20231016,362,43,30,1,25.02594,121.50651,12
500113008,20231016,363,43,30,1,25.02594,121.50651,12
500113008,20231016,364,43,30,1,25.02594,121.50651,12
500113008,20231016,365,43,30,1,25.02594,121.50651,12
500113008,20231016,366,43,30,1,25.02594,121.50651,12
500113008,20231016,367,43,30,1,25.02594,121.50651,12
500113008,20231016,368,43,30,1,25.02594,121.50651,12
500113008,20231016,369,43,30,1,25.02594,121.50651,12
500113008,20231016,371,43,29,1,25.02594,121.50651,13
500113008,20231016,372,43,29,1,25.02594,121.50651,13
500113008,20231016,373,43,29,1,25.02594,121.50651,13
500113008,20231016,374,43,29,1,25.02594,121.50651,13
500113008,20231016,375,43,29,1,25.02594,121.50651,13
500113008,20231016,376,43,29,1,25.02594,121.50651,13
500113008,20231016,377,43,29,1,25.02594,121.50651,13
500113008,20231016,378,43,29,1,25.02594,121.50651,13
500113008,20231016,379,43,29,1,25.02594,121.50651,13
500113008,20231016,381,43,29,1,25.02594,121.50651,13
500113008,20231016,382,43,29,1,25.02594,121.50651,13
500113008,20231016,383,43,29,1,25.02594,121.50651,13
500113008,20231016,384,43,29,1,25.02594,121.50651,13
500113008,20231016,385,43,29,1,25.02594,121.50651,13
500113008,20231016,386,43,29,1,25.02594,121.50651,13
500113008,20231016,387,43,29,1,25.02594,121.50651,13
500113008,20231016,388,43,29,1,25.02594,121.50651,13
500113008,20231016,389,43,29,1,25.02594,121.50651,13
500113008,20231016,390,43,29,1,25.02594,121.50651,13
500113008,20231016,391,43,31,1,25.02594,121.50651,11
500113008,20231016,392,43,31,1,25.02594,121.50651,11
500113008,20231016,393,43,31,1,25.02594,121.50651,11
500113008,20231016,394,43,31,1,25.02594,121.50651,11
500113008,20231016,395,43,31,1,25.02594,121.50651,11
500113008,20231016,396,43,31,1,25.02594,121.50651,11
500113008,20231016,397,43,31,1,25.02594,121.50651,11
500113008,20231016,398,43,31,1,25.02594,121.50651,11
500113008,20231016,399,43,31,1,25.02594,121.50651,11
500113008,20231016,400,43,31,1,25.02594,121.50651,11
500113008,20231016,401,43,31,1,25.02594,121.50651,11
500113008,20231016,402,43,31,1,25.02594,121.50651,11
500113008,20231016,403,43,31,1,25.02594,121.50651,11
500113008,20231016,404,43,31,1,25.02594,121.50651,11
500113008,20231016,405,43,31,1,25.02594,121.50651,11
500113008,20231016,406,43,31,1,25.02594,121.50651,11
500113008,20231016,407,43,31,1,25.02594,121.50651,11
500113008,20231016,408,43,31,1,25.02594,121.50651,11
500113008,20231016,409,43,31,1,25.02594,121.50651,11
500113008,20231016,410,43,31,1,25.02594,121.50651,11
500113008,20231016,411,43,31,1,25.02594,121.50651,11
500113008,20231016,412,43,33,1,25.02594,121.50651,9
500113008,20231016,413,43,33,1,25.02594,121.50651,9
500113008,20231016,414,43,34,1,25.02594,121.50651,8
500113008,20231016,415,43,34,1,25.02594,121.50651,8
500113008,20231016,416,43,35,1,25.02594,121.50651,7
500113008,20231016,417,43,34,1,25.02594,121.50651,8
500113008,20231016,418,43,34,1,25.02594,121.50651,8
500113008,20231016,419,43,37,1,25.02594,121.50651,5
500113008,20231016,421,43,38,1,25.02594,121.50651,4
500113008,20231016,422,43,39,1,25.02594,121.50651,3
500113008,20231016,423,43,39,1,25.02594,121.50651,3
500113008,20231016,424,43,39,1,25.02594,121.50651,3
500113008,20231016,425,43,40,1,25.02594,121.50651,2
500113008,20231016,426,43,40,1,25.02594,121.50651,2
500113008,20231016,427,43,40,1,25.02594,121.50651,2
500113008,20231016,428,43,39,1,25.02594,121.50651,3
500113008,20231016,429,43,39,1,25.02594,121.50651,3
500113008,20231016,430,43,39,1,25.02594,121.50651,3
500113008,20231016,431,43,39,1,25.02594,121.50651,3
500113008,20231016,432,43,40,1,25.02594,121.50651,2
500113008,20231016,433,43,39,1,25.02594,121.50651,3
500113008,20231016,434,43,39,1,25.02594,121.50651,3
500113008,20231016,435,43,39,1,25.02594,121.50651,3
500113008,20231016,436,43,39,1,25.02594,121.50651,3
500113008,20231016,437,43,39,1,25.02594,121.50651,3
500113008,20231016,438,43,39,1,25.02594,121.50651,3
500113008,20231016,439,43,38,1,25.02594,121.50651,4
500113008,20231016,441,43,38,1,25.02594,121.50651,4
500113008,20231016,442,43,38,1,25.02594,121.50651,4
500113008,20231016,443,43,38,1,25.02594,121.50651,4
500113008,20231016,444,43,38,1,25.02594,121.50651,4
500113008,20231016,445,43,40,1,25.02594,121.50651,2
500113008,20231016,446,43,39,1,25.02594,121.50651,3
500113008,20231016,447,43,38,1,25.02594,121.50651,4
500113008,20231016,448,43,40,1,25.02594,121.50651,2
500113008,20231016,449,43,40,1,25.02594,121.50651,2
500113008,20231016,451,43,40,1,25.02594,121.50651,2
500113008,20231016,452,43,40,1,25.02594,121.50651,2
500113008,20231016,453,43,40,1,25.02594,121.50651,2
500113008,20231016,454,43,40,1,25.02594,121.50651,2
500113008,20231016,455,43,40,1,25.02594,121.50651,2
500113008,20231016,456,43,41,1,25.02594,121.50651,1
500113008,20231016,457,43,41,1,25.02594,121.50651,1
500113008,20231016,458,43,41,1,25.02594,121.50651,1
500113008,20231016,459,43,41,1,25.02594,121.50651,1
500113008,20231016,460,43,40,1,25.02594,121.50651,2
500113008,20231016,461,43,40,1,25.02594,121.50651,2
500113008,20231016,462,43,40,1,25.02594,121.50651,2
500113008,20231016,463,43,40,1,25.02594,121.50651,2
500113008,20231016,464,43,40,1,25.02594,121.50651,2
500113008,20231016,465,43,40,1,25.02594,121.50651,2
500113008,20231016,466,43,40,1,25.02594,121.50651,2
500113008,20231016,467,43,40,1,25.02594,121.50651,2
500113008,20231016,468,43,40,1,25.02594,121.50651,2
500113008,20231016,469,43,40,1,25.02594,121.50651,2
500113008,20231016,470,43,40,1,25.02594,121.50651,2
500113008,20231016,471,43,40,1,25.02594,121.50651,2
500113008,20231016,472,43,40,1,25.02594,121.50651,2
500113008,20231016,473,43,40,1,25.02594,121.50651,2
500113008,20231016,474,43,40,1,25.02594,121.50651,2
500113008,20231016,475,43,40,1,25.02594,121.50651,2
500113008,20231016,476,43,42,1,25.02594,121.50651,0
500113008,20231016,477,43,42,1,25.02594,121.50651,0
500113008,20231016,478,43,42,1,25.02594,121.50651,0
500113008,20231016,479,43,42,1,25.02594,121.50651,0
500113008,20231016,481,43,42,1,25.02594,121.50651,0
500113008,20231016,482,43,42,1,25.02594,121.50651,0
500113008,20231016,483,43,42,1,25.02594,121.50651,0
500113008,20231016,484,43,42,1,25.02594,121.50651,0
500113008,20231016,485,43,42,1,25.02594,121.50651,0
500113008,20231016,486,43,42,1,25.02594,121.50651,0
500113008,20231016,487,43,42,1,25.02594,121.50651,0
500113008,20231016,488,43,42,1,25.02594,121.50651,0
500113008,20231016,489,43,42,1,25.02594,121.50651,0
500113008,20231016,490,43,41,1,25.02594,121.50651,1
500113008,20231016,491,43,40,1,25.02594,121.50651,2
500113008,20231016,492,43,40,1,25.02594,121.50651,2
500113008,20231016,493,43,40,1,25.02594,121.50651,2
500113008,20231016,494,43,39,1,25.02594,121.50651,3
500113008,20231016,495,43,40,1,25.02594,121.50651,2
500113008,20231016,496,43,42,1,25.02594,121.50651,0
500113008,20231016,497,43,42,1,25.02594,121.50651,0
500113008,20231016,498,43,42,1,25.02594,121.50651,0
500113008,20231016,499,43,42,1,25.02594,121.50651,0
500113008,20231016,501,43,42,1,25.02594,121.50651,0
500113008,20231016,502,43,42,1,25.02594,121.50651,0
500113008,20231016,503,43,42,1,25.02594,121.50651,0
500113008,20231016,504,43,42,1,25.02594,121.50651,0
500113008,20231016,505,43,42,1,25.02594,121.50651,0
500113008,20231016,506,43,42,1,25.02594,121.50651,0
500113008,20231016,507,43,42,1,25.02594,121.50651,0
500113008,20231016,508,43,42,1,25.02594,121.50651,0
500113008,20231016,509,43,42,1,25.02594,121.50651,0
500113008,20231016,511,43,42,1,25.02594,121.50651,0
500113008,20231016,512,43,42,1,25.02594,121.50651,0
500113008,20231016,513,43,42,1,25.02594,121.50651,0
500113008,20231016,514,43,42,1,25.02594,121.50651,0
500113008,20231016,515,43,42,1,25.02594,121.50651,0
500113008,20231016,516,43,42,1,25.02594,121.50651,0
500113008,20231016,517,43,42,1,25.02594,121.50651,0
500113008,20231016,518,43,42,1,25.02594,121.50651,0
500113008,20231016,519,43,42,1,25.02594,121.50651,0
500113008,20231016,520,43,42,1,25.02594,121.50651,0
500113008,20231016,521,43,42,1,25.02594,121.50651,0
500113008,20231016,522,43,41,1,25.02594,121.50651,1
500113008,20231016,523,43,41,1,25.02594,121.50651,1
500113008,20231016,524,43,41,1,25.02594,121.50651,1
500113008,20231016,525,43,41,1,25.02594,121.50651,1
500113008,20231016,526,43,40,1,25.02594,121.50651,2
500113008,20231016,527,43,40,1,25.02594,121.50651,2
500113008,20231016,528,43,40,1,25.02594,121.50651,2
500113008,20231016,529,43,40,1,25.02594,121.50651,2
500113008,20231016,530,43,40,1,25.02594,121.50651,2
500113008,20231016,531,43,40,1,25.02594,121.50651,2
500113008,20231016,532,43,40,1,25.02594,121.50651,2
500113008,20231016,533,43,40,1,25.02594,121.50651,2
500113008,20231016,534,43,40,1,25.02594,121.50651,2
500113008,20231016,535,43,40,1,25.02594,121.50651,2
500113008,20231016,536,43,40,1,25.02594,121.50651,2
500113008,20231016,537,43,41,1,25.02594,121.50651,1
500113008,20231016,538,43,41,1,25.02594,121.50651,1
500113008,20231016,539,43,41,1,25.02594,121.50651,1
500113008,20231016,541,43,41,1,25.02594,121.50651,1
500113008,20231016,542,43,41,1,25.02594,121.50651,1
500113008,20231016,543,43,41,1,25.02594,121.50651,1
500113008,20231016,544,43,41,1,25.02594,121.50651,1
500113008,20231016,545,43,42,1,25.02594,121.50651,0
500113008,20231016,546,43,42,1,25.02594,121.50651,0
500113008,20231016,547,43,42,1,25.02594,121.50651,0
500113008,20231016,548,43,40,1,25.02594,121.50651,2
500113008,20231016,549,43,36,1,25.02594,121.50651,6
500113008,20231016,550,43,34,1,25.02594,121.50651,8
500113008,20231016,551,43,32,1,25.02594,121.50651,10
500113008,20231016,552,43,29,1,25.02594,121.50651,13
500113008,20231016,553,43,27,1,25.02594,121.50651,15
500113008,20231016,554,43,25,1,25.02594,121.50651,17
500113008,20231016,555,43,25,1,25.02594,121.50651,17
500113008,20231016,556,43,25,1,25.02594,121.50651,17
500113008,20231016,557,43,25,1,25.02594,121.50651,17
500113008,20231016,558,43,25,1,25.02594,121.50651,16
500113008,20231016,559,43,23,1,25.02594,121.50651,18
500113008,20231016,561,43,21,1,25.02594,121.50651,20
500113008,20231016,562,43,21,1,25.02594,121.50651,20
500113008,20231016,563,43,21,1,25.02594,121.50651,20
500113008,20231016,564,43,21,1,25.02594,121.50651,20
500113008,20231016,565,43,22,1,25.02594,121.50651,19
500113008,20231016,566,43,22,1,25.02594,121.50651,19
500113008,20231016,567,43,22,1,25.02594,121.50651,19
500113008,20231016,568,43,22,1,25.02594,121.50651,19
500113008,20231016,569,43,22,1,25.02594,121.50651,19
500113008,20231016,571,43,22,1,25.02594,121.50651,19
500113008,20231016,572,43,22,1,25.02594,121.50651,19
500113008,20231016,573,43,22,1,25.02594,121.50651,19
500113008,20231016,574,43,23,1,25.02594,121.50651,18
500113008,20231016,575,43,23,1,25.02594,121.50651,18
500113008,20231016,576,43,23,1,25.02594,121.50651,18
500113008,20231016,577,43,23,1,25.02594,121.50651,18
500113008,20231016,578,43,23,1,25.02594,121.50651,18
500113008,20231016,579,43,23,1,25.02594,121.50651,18
500113008,20231016,580,43,23,1,25.02594,121.50651,18
500113008,20231016,581,43,23,1,25.02594,121.50651,18
500113008,20231016,582,43,23,1,25.02594,121.50651,18
500113008,20231016,583,43,23,1,25.02594,121.50651,18
500113008,20231016,584,43,23,1,25.02594,121.50651,18
500113008,20231016,585,43,23,1,25.02594,121.50651,18
500113008,20231016,586,43,23,1,25.02594,121.50651,18
500113008,20231016,587,43,23,1,25.02594,121.50651,18
500113008,20231016,588,43,23,1,25.02594,121.50651,18
500113008,20231016,589,43,23,1,25.02594,121.50651,18
500113008,20231016,590,43,23,1,25.02594,121.50651,18
500113008,20231016,591,43,23,1,25.02594,121.50651,18
500113008,20231016,592,43,21,1,25.02594,121.50651,20
500113008,20231016,593,43,21,1,25.02594,121.50651,20
500113008,20231016,594,43,21,1,25.02594,121.50651,20
500113008,20231016,595,43,21,1,25.02594,121.50651,20
500113008,20231016,596,43,20,1,25.02594,121.50651,21
500113008,20231016,597,43,20,1,25.02594,121.50651,21
500113008,20231016,598,43,20,1,25.02594,121.50651,21
500113008,20231016,599,43,20,1,25.02594,121.50651,21
500113008,20231016,601,43,21,1,25.02594,121.50651,20
500113008,20231016,602,43,19,1,25.02594,121.50651,22
500113008,20231016,603,43,20,1,25.02594,121.50651,21
500113008,20231016,604,43,20,1,25.02594,121.50651,21
500113008,20231016,605,43,21,1,25.02594,121.50651,20
500113008,20231016,606,43,22,1,25.02594,121.50651,19
500113008,20231016,607,43,22,1,25.02594,121.50651,19
500113008,20231016,609,43,22,1,25.02594,121.50651,19
500113008,20231016,611,43,22,1,25.02594,121.50651,19
500113008,20231016,612,43,22,1,25.02594,121.50651,19
500113008,20231016,613,43,23,1,25.02594,121.50651,18
500113008,20231016,614,43,23,1,25.02594,121.50651,18
500113008,20231016,615,43,23,1,25.02594,121.50651,18
500113008,20231016,616,43,23,1,25.02594,121.50651,18
500113008,20231016,617,43,22,1,25.02594,121.50651,19
500113008,20231016,618,43,22,1,25.02594,121.50651,19
500113008,20231016,619,43,22,1,25.02594,121.50651,19
500113008,20231016,621,43,22,1,25.02594,121.50651,19
500113008,20231016,622,43,22,1,25.02594,121.50651,19
500113008,20231016,623,43,22,1,25.02594,121.50651,19
500113008,20231016,624,43,21,1,25.02594,121.50651,20
500113008,20231016,625,43,21,1,25.02594,121.50651,20
500113008,20231016,626,43,22,1,25.02594,121.50651,19
500113008,20231016,627,43,22,1,25.02594,121.50651,19
500113008,20231016,628,43,23,1,25.02594,121.50651,18
500113008,20231016,629,43,23,1,25.02594,121.50651,18
500113008,20231016,631,43,23,1,25.02594,121.50651,18
500113008,20231016,632,43,23,1,25.02594,121.50651,18
500113008,20231016,633,43,23,1,25.02594,121.50651,18
500113008,20231016,634,43,23,1,25.02594,121.50651,18
500113008,20231016,635,43,23,1,25.02594,121.50651,18
500113008,20231016,636,43,23,1,25.02594,121.50651,18
500113008,20231016,637,43,24,1,25.02594,121.50651,17
500113008,20231016,638,43,24,1,25.02594,121.50651,17
500113008,20231016,639,43,24,1,25.02594,121.50651,17
500113008,20231016,640,43,24,1,25.02594,121.50651,17
500113008,20231016,641,43,23,1,25.02594,121.50651,18
500113008,20231016,642,43,23,1,25.02594,121.50651,18
500113008,20231016,643,43,24,1,25.02594,121.50651,17
500113008,20231016,644,43,24,1,25.02594,121.50651,17
500113008,20231016,645,43,24,1,25.02594,121.50651,17
500113008,20231016,646,43,24,1,25.02594,121.50651,17
500113008,20231016,647,43,24,1,25.02594,121.50651,17
500113008,20231016,648,43,24,1,25.02594,121.50651,17
500113008,20231016,649,43,24,1,25.02594,121.50651,17
500113008,20231016,650,43,24,1,25.02594,121.50651,17
500113008,20231016,651,43,23,1,25.02594,121.50651,18
500113008,20231016,652,43,22,1,25.02594,121.50651,19
500113008,20231016,653,43,22,1,25.02594,121.50651,19
500113008,20231016,654,43,22,1,25.02594,121.50651,19
500113008,20231016,655,43,22,1,25.02594,121.50651,19
500113008,20231016,656,43,22,1,25.02594,121.50651,19
500113008,20231016,657,43,22,1,25.02594,121.50651,19
500113008,20231016,658,43,22,1,25.02594,121.50651,19
500113008,20231016,659,43,22,1,25.02594,121.50651,19
500113008,20231016,661,43,22,1,25.02594,121.50651,19
500113008,20231016,662,43,22,1,25.02594,121.50651,19
500113008,20231016,663,43,22,1,25.02594,121.50651,19
500113008,20231016,664,43,22,1,25.02594,121.50651,19
500113008,20231016,665,43,22,1,25.02594,121.50651,19
500113008,20231016,666,43,22,1,25.02594,121.50651,19
500113008,20231016,667,43,22,1,25.02594,121.50651,19
500113008,20231016,668,43,21,1,25.02594,121.50651,20
500113008,20231016,669,43,21,1,25.02594,121.50651,20
500113008,20231016,670,43,21,1,25.02594,121.50651,20
500113008,20231016,671,43,21,1,25.02594,121.50651,20
500113008,20231016,672,43,21,1,25.02594,121.50651,20
500113008,20231016,674,43,22,1,25.02594,121.50651,19
500113008,20231016,675,43,22,1,25.02594,121.50651,19
500113008,20231016,676,43,22,1,25.02594,121.50651,19
500113008,20231016,677,43,22,1,25.02594,121.50651,19
500113008,20231016,678,43,22,1,25.02594,121.50651,19
500113008,20231016,679,43,22,1,25.02594,121.50651,19
500113008,20231016,681,43,22,1,25.02594,121.50651,19
500113008,20231016,682,43,22,1,25.02594,121.50651,19
500113008,20231016,683,43,23,1,25.02594,121.50651,18
500113008,20231016,684,43,23,1,25.02594,121.50651,18
500113008,20231016,685,43,23,1,25.02594,121.50651,18
500113008,20231016,686,43,23,1,25.02594,121.50651,18
500113008,20231016,687,43,23,1,25.02594,121.50651,18
500113008,20231016,688,43,23,1,25.02594,121.50651,18
500113008,20231016,689,43,23,1,25.02594,121.50651,18
500113008,20231016,690,43,23,1,25.02594,121.50651,18
500113008,20231016,691,43,23,1,25.02594,121.50651,18
500113008,20231016,692,43,23,1,25.02594,121.50651,18
500113008,20231016,693,43,24,1,25.02594,121.50651,17
500113008,20231016,694,43,24,1,25.02594,121.50651,17
500113008,20231016,696,43,24,1,25.02594,121.50651,17
500113008,20231016,697,43,24,1,25.02594,121.50651,17
500113008,20231016,698,43,24,1,25.02594,121.50651,17
500113008,20231016,699,43,24,1,25.02594,121.50651,17
500113008,20231016,700,43,24,1,25.02594,121.50651,17
500113008,20231016,701,43,24,1,25.02594,121.50651,17
500113008,20231016,702,43,24,1,25.02594,121.50651,17
500113008,20231016,703,43,24,1,25.02594,121.50651,17
500113008,20231016,704,43,22,1,25.02594,121.50651,19
500113008,20231016,705,43,22,1,25.02594,121.50651,19
500113008,20231016,706,43,23,1,25.02594,121.50651,18
500113008,20231016,707,43,23,1,25.02594,121.50651,18
500113008,20231016,708,43,23,1,25.02594,121.50651,18
500113008,20231016,709,43,23,1,25.02594,121.50651,18
500113008,20231016,710,43,23,1,25.02594,121.50651,18
500113008,20231016,711,43,23,1,25.02594,121.50651,18
500113008,20231016,712,43,23,1,25.02594,121.50651,18
500113008,20231016,713,43,22,1,25.02594,121.50651,19
500113008,20231016,714,43,22,1,25.02594,121.50651,19
500113008,20231016,715,43,22,1,25.02594,121.50651,19
500113008,20231016,716,43,22,1,25.02594,121.50651,19
500113008,20231016,717,43,22,1,25.02594,121.50651,19
500113008,20231016,718,43,21,1,25.02594,121.50651,20
500113008,20231016,719,43,22,1,25.02594,121.50651,19
500113008,20231016,721,43,22,1,25.02594,121.50651,19
500113008,20231016,722,43,22,1,25.02594,121.50651,19
500113008,20231016,723,43,22,1,25.02594,121.50651,19
500113008,20231016,724,43,21,1,25.02594,121.50651,20
500113008,20231016,725,43,21,1,25.02594,121.50651,20
500113008,20231016,726,43,21,1,25.02594,121.50651,20
500113008,20231016,727,43,21,1,25.02594,121.50651,20
500113008,20231016,728,43,22,1,25.02594,121.50651,19
500113008,20231016,729,43,22,1,25.02594,121.50651,19
500113008,20231016,730,43,22,1,25.02594,121.50651,19
500113008,20231016,731,43,22,1,25.02594,121.50651,19
500113008,20231016,732,43,22,1,25.02594,121.50651,19
500113008,20231016,733,43,21,1,25.02594,121.50651,20
500113008,20231016,734,43,21,1,25.02594,121.50651,20
500113008,20231016,735,43,21,1,25.02594,121.50651,20
500113008,20231016,736,43,21,1,25.02594,121.50651,20
500113008,20231016,737,43,21,1,25.02594,121.50651,20
500113008,20231016,738,43,21,1,25.02594,121.50651,20
500113008,20231016,739,43,21,1,25.02594,121.50651,20
500113008,20231016,741,43,21,1,25.02594,121.50651,20
500113008,20231016,742,43,21,1,25.02594,121.50651,20
500113008,20231016,743,43,21,1,25.02594,121.50651,20
500113008,20231016,744,43,22,1,25.02594,121.50651,19
500113008,20231016,746,43,22,1,25.02594,121.50651,19
500113008,20231016,747,43,22,1,25.02594,121.50651,19
500113008,20231016,748,43,22,1,25.02594,121.50651,19
500113008,20231016,749,43,22,1,25.02594,121.50651,19
500113008,20231016,751,43,23,1,25.02594,121.50651,18
500113008,20231016,752,43,22,1,25.02594,121.50651,19
500113008,20231016,753,43,21,1,25.02594,121.50651,20
500113008,20231016,754,43,20,1,25.02594,121.50651,21
500113008,20231016,755,43,20,1,25.02594,121.50651,21
500113008,20231016,756,43,20,1,25.02594,121.50651,21
500113008,20231016,757,43,19,1,25.02594,121.50651,22
500113008,20231016,758,43,19,1,25.02594,121.50651,22
500113008,20231016,759,43,19,1,25.02594,121.50651,22
500113008,20231016,760,43,19,1,25.02594,121.50651,22
500113008,20231016,761,43,19,1,25.02594,121.50651,22
500113008,20231016,762,43,19,1,25.02594,121.50651,22
500113008,20231016,763,43,19,1,25.02594,121.50651,22
500113008,20231016,764,43,19,1,25.02594,121.50651,22
500113008,20231016,765,43,19,1,25.02594,121.50651,22
500113008,20231016,766,43,19,1,25.02594,121.50651,22
500113008,20231016,767,43,18,1,25.02594,121.50651,23
500113008,20231016,768,43,19,1,25.02594,121.50651,22
500113008,20231016,769,43,19,1,25.02594,121.50651,22
500113008,20231016,770,43,19,1,25.02594,121.50651,22
500113008,20231016,771,43,19,1,25.02594,121.50651,22
500113008,20231016,772,43,19,1,25.02594,121.50651,22
500113008,20231016,773,43,19,1,25.02594,121.50651,22
500113008,20231016,774,43,20,1,25.02594,121.50651,21
500113008,20231016,775,43,20,1,25.02594,121.50651,21
500113008,20231016,776,43,20,1,25.02594,121.50651,21
500113008,20231016,777,43,20,1,25.02594,121.50651,21
500113008,20231016,778,43,20,1,25.02594,121.50651,21
500113008,20231016,779,43,20,1,25.02594,121.50651,21
500113008,20231016,781,43,20,1,25.02594,121.50651,21
500113008,20231016,782,43,20,1,25.02594,121.50651,21
500113008,20231016,783,43,20,1,25.02594,121.50651,21
500113008,20231016,784,43,20,1,25.02594,121.50651,21
500113008,20231016,785,43,19,1,25.02594,121.50651,22
500113008,20231016,786,43,19,1,25.02594,121.50651,22
500113008,20231016,787,43,19,1,25.02594,121.50651,22
500113008,20231016,788,43,19,1,25.02594,121.50651,22
500113008,20231016,789,43,19,1,25.02594,121.50651,22
500113008,20231016,790,43,19,1,25.02594,121.50651,22
500113008,20231016,791,43,19,1,25.02594,121.50651,22
500113008,20231016,792,43,19,1,25.02594,121.50651,22
500113008,20231016,793,43,20,1,25.02594,121.50651,21
500113008,20231016,794,43,20,1,25.02594,121.50651,21
500113008,20231016,795,43,20,1,25.02594,121.50651,21
500113008,20231016,796,43,20,1,25.02594,121.50651,21
500113008,20231016,797,43,20,1,25.02594,121.50651,21
500113008,20231016,798,43,20,1,25.02594,121.50651,21
500113008,20231016,799,43,20,1,25.02594,121.50651,21
500113008,20231016,801,43,20,1,25.02594,121.50651,21
500113008,20231016,802,43,20,1,25.02594,121.50651,21
500113008,20231016,803,43,20,1,25.02594,121.50651,21
500113008,20231016,804,43,20,1,25.02594,121.50651,21
500113008,20231016,805,43,20,1,25.02594,121.50651,21
500113008,20231016,806,43,20,1,25.02594,121.50651,21
500113008,20231016,807,43,20,1,25.02594,121.50651,21
500113008,20231016,808,43,20,1,25.02594,121.50651,21
500113008,20231016,809,43,20,1,25.02594,121.50651,21
500113008,20231016,810,43,20,1,25.02594,121.50651,21
500113008,20231016,811,43,20,1,25.02594,121.50651,21
500113008,20231016,812,43,20,1,25.02594,121.50651,21
500113008,20231016,813,43,20,1,25.02594,121.50651,21
500113008,20231016,814,43,20,1,25.02594,121.50651,21
500113008,20231016,815,43,20,1,25.02594,121.50651,21
500113008,20231016,816,43,20,1,25.02594,121.50651,21
500113008,20231016,817,43,19,1,25.02594,121.50651,22
500113008,20231016,818,43,19,1,25.02594,121.50651,22
500113008,20231016,819,43,20,1,25.02594,121.50651,21
500113008,20231016,820,43,21,1,25.02594,121.50651,20
500113008,20231016,821,43,21,1,25.02594,121.50651,20
500113008,20231016,822,43,21,1,25.02594,121.50651,20
500113008,20231016,823,43,21,1,25.02594,121.50651,20
500113008,20231016,824,43,22,1,25.02594,121.50651,19
500113008,20231016,825,43,23,1,25.02594,121.50651,18
500113008,20231016,826,43,23,1,25.02594,121.50651,18
500113008,20231016,827,43,24,1,25.02594,121.50651,17
500113008,20231016,828,43,23,1,25.02594,121.50651,18
500113008,20231016,829,43,22,1,25.02594,121.50651,19
500113008,20231016,830,43,22,1,25.02594,121.50651,19
500113008,20231016,831,43,22,1,25.02594,121.50651,19
500113008,20231016,832,43,22,1,25.02594,121.50651,19
500113008,20231016,833,43,22,1,25.02594,121.50651,19
500113008,20231016,834,43,22,1,25.02594,121.50651,19
500113008,20231016,835,43,22,1,25.02594,121.50651,19
500113008,20231016,836,43,22,1,25.02594,121.50651,19
500113008,20231016,837,43,22,1,25.02594,121.50651,19
500113008,20231016,838,43,22,1,25.02594,121.50651,19
500113008,20231016,839,43,22,1,25.02594,121.50651,19
500113008,20231016,841,43,22,1,25.02594,121.50651,19
500113008,20231016,842,43,22,1,25.02594,121.50651,19
500113008,20231016,843,43,22,1,25.02594,121.50651,19
500113008,20231016,844,43,22,1,25.02594,121.50651,19
500113008,20231016,845,43,22,1,25.02594,121.50651,19
500113008,20231016,846,43,22,1,25.02594,121.50651,19
500113008,20231016,847,43,22,1,25.02594,121.50651,19
500113008,20231016,848,43,22,1,25.02594,121.50651,19
500113008,20231016,849,43,21,1,25.02594,121.50651,20
500113008,20231016,850,43,21,1,25.02594,121.50651,20
500113008,20231016,851,43,21,1,25.02594,121.50651,20
500113008,20231016,852,43,21,1,25.02594,121.50651,20
500113008,20231016,853,43,22,1,25.02594,121.50651,19
500113008,20231016,854,43,22,1,25.02594,121.50651,19
500113008,20231016,855,43,22,1,25.02594,121.50651,19
500113008,20231016,856,43,22,1,25.02594,121.50651,19
500113008,20231016,857,43,22,1,25.02594,121.50651,19
500113008,20231016,858,43,22,1,25.02594,121.50651,19
500113008,20231016,859,43,22,1,25.02594,121.50651,19
500113008,20231016,861,43,23,1,25.02594,121.50651,18
500113008,20231016,862,43,23,1,25.02594,121.50651,18
500113008,20231016,863,43,24,1,25.02594,121.50651,17
500113008,20231016,864,43,25,1,25.02594,121.50651,16
500113008,20231016,865,43,25,1,25.02594,121.50651,16
500113008,20231016,866,43,25,1,25.02594,121.50651,16
500113008,20231016,867,43,25,1,25.02594,121.50651,16
500113008,20231016,868,43,25,1,25.02594,121.50651,16
500113008,20231016,869,43,25,1,25.02594,121.50651,16
500113008,20231016,870,43,25,1,25.02594,121.50651,16
500113008,20231016,871,43,26,1,25.02594,121.50651,16
500113008,20231016,872,43,27,1,25.02594,121.50651,15
500113008,20231016,873,43,28,1,25.02594,121.50651,15
500113008,20231016,874,43,28,1,25.02594,121.50651,15
500113008,20231016,875,43,28,1,25.02594,121.50651,15
500113008,20231016,876,43,29,1,25.02594,121.50651,14
500113008,20231016,877,43,29,1,25.02594,121.50651,14
500113008,20231016,878,43,31,1,25.02594,121.50651,12
500113008,20231016,879,43,31,1,25.02594,121.50651,12
500113008,20231016,880,43,31,1,25.02594,121.50651,12
500113008,20231016,881,43,31,1,25.02594,121.50651,12
500113008,20231016,882,43,31,1,25.02594,121.50651,12
500113008,20231016,883,43,31,1,25.02594,121.50651,12
500113008,20231016,884,43,31,1,25.02594,121.50651,12
500113008,20231016,885,43,31,1,25.02594,121.50651,12
500113008,20231016,886,43,31,1,25.02594,121.50651,12
500113008,20231016,887,43,31,1,25.02594,121.50651,12
500113008,20231016,888,43,31,1,25.02594,121.50651,12
500113008,20231016,889,43,31,1,25.02594,121.50651,12
500113008,20231016,890,43,31,1,25.02594,121.50651,12
500113008,20231016,891,43,31,1,25.02594,121.50651,12
500113008,20231016,892,43,31,1,25.02594,121.50651,12
500113008,20231016,893,43,32,1,25.02594,121.50651,11
500113008,20231016,894,43,32,1,25.02594,121.50651,11
500113008,20231016,895,43,32,1,25.02594,121.50651,11
500113008,20231016,896,43,32,1,25.02594,121.50651,11
500113008,20231016,897,43,32,1,25.02594,121.50651,11
500113008,20231016,898,43,32,1,25.02594,121.50651,11
500113008,20231016,899,43,32,1,25.02594,121.50651,11
500113008,20231016,901,43,32,1,25.02594,121.50651,11
500113008,20231016,902,43,32,1,25.02594,121.50651,11
500113008,20231016,903,43,33,1,25.02594,121.50651,10
500113008,20231016,904,43,34,1,25.02594,121.50651,9
500113008,20231016,905,43,34,1,25.02594,121.50651,9
500113008,20231016,906,43,34,1,25.02594,121.50651,9
500113008,20231016,907,43,34,1,25.02594,121.50651,9
500113008,20231016,908,43,34,1,25.02594,121.50651,9
500113008,20231016,909,43,34,1,25.02594,121.50651,9
500113008,20231016,910,43,34,1,25.02594,121.50651,9
500113008,20231016,911,43,34,1,25.02594,121.50651,9
500113008,20231016,912,43,34,1,25.02594,121.50651,9
500113008,20231016,913,43,35,1,25.02594,121.50651,8
500113008,20231016,914,43,35,1,25.02594,121.50651,8
500113008,20231016,915,43,35,1,25.02594,121.50651,8
500113008,20231016,916,43,35,1,25.02594,121.50651,8
500113008,20231016,917,43,34,1,25.02594,121.50651,9
500113008,20231016,918,43,34,1,25.02594,121.50651,9
500113008,20231016,919,43,34,1,25.02594,121.50651,9
500113008,20231016,922,43,33,1,25.02594,121.50651,10
500113008,20231016,923,43,34,1,25.02594,121.50651,9
500113008,20231016,924,43,34,1,25.02594,121.50651,9
500113008,20231016,926,43,34,1,25.02594,121.50651,9
500113008,20231016,927,43,34,1,25.02594,121.50651,9
500113008,20231016,928,43,34,1,25.02594,121.50651,9
500113008,20231016,929,43,33,1,25.02594,121.50651,10
500113008,20231016,930,43,33,1,25.02594,121.50651,10
500113008,20231016,931,43,33,1,25.02594,121.50651,10
500113008,20231016,932,43,33,1,25.02594,121.50651,10
500113008,20231016,933,43,33,1,25.02594,121.50651,10
500113008,20231016,934,43,32,1,25.02594,121.50651,11
500113008,20231016,935,43,34,1,25.02594,121.50651,9
500113008,20231016,937,43,32,1,25.02594,121.50651,11
500113008,20231016,938,43,32,1,25.02594,121.50651,11
500113008,20231016,939,43,32,1,25.02594,121.50651,11
500113008,20231016,941,43,33,1,25.02594,121.50651,10
500113008,20231016,942,43,32,1,25.02594,121.50651,11
500113008,20231016,943,43,32,1,25.02594,121.50651,11
500113008,20231016,944,43,32,1,25.02594,121.50651,11
500113008,20231016,945,43,32,1,25.02594,121.50651,11
500113008,20231016,946,43,32,1,25.02594,121.50651,11
500113008,20231016,947,43,32,1,25.02594,121.50651,11
500113008,20231016,948,43,32,1,25.02594,121.50651,11
500113008,20231016,949,43,31,1,25.02594,121.50651,12
500113008,20231016,951,43,30,1,25.02594,121.50651,13
500113008,20231016,953,43,31,1,25.02594,121.50651,12
500113008,20231016,954,43,31,1,25.02594,121.50651,12
500113008,20231016,956,43,31,1,25.02594,121.50651,12
500113008,20231016,957,43,31,1,25.02594,121.50651,12
500113008,20231016,958,43,31,1,25.02594,121.50651,12
500113008,20231016,959,43,31,1,25.02594,121.50651,12
500113008,20231016,961,43,31,1,25.02594,121.50651,12
500113008,20231016,962,43,31,1,25.02594,121.50651,12
500113008,20231016,963,43,32,1,25.02594,121.50651,11
500113008,20231016,964,43,32,1,25.02594,121.50651,11
500113008,20231016,965,43,33,1,25.02594,121.50651,10
500113008,20231016,966,43,33,1,25.02594,121.50651,10
500113008,20231016,967,43,33,1,25.02594,121.50651,10
500113008,20231016,968,43,33,1,25.02594,121.50651,10
500113008,20231016,969,43,33,1,25.02594,121.50651,10
500113008,20231016,970,43,32,1,25.02594,121.50651,11
500113008,20231016,971,43,32,1,25.02594,121.50651,11
500113008,20231016,972,43,31,1,25.02594,121.50651,12
500113008,20231016,973,43,32,1,25.02594,121.50651,11
500113008,20231016,974,43,33,1,25.02594,121.50651,10
500113008,20231016,975,43,33,1,25.02594,121.50651,10
500113008,20231016,976,43,33,1,25.02594,121.50651,10
500113008,20231016,977,43,33,1,25.02594,121.50651,10
500113008,20231016,978,43,33,1,25.02594,121.50651,10
500113008,20231016,979,43,33,1,25.02594,121.50651,10
500113008,20231016,981,43,31,1,25.02594,121.50651,12
500113008,20231016,982,43,31,1,25.02594,121.50651,12
500113008,20231016,983,43,31,1,25.02594,121.50651,12
500113008,20231016,984,43,31,1,25.02594,121.50651,12
500113008,20231016,985,43,31,1,25.02594,121.50651,12
500113008,20231016,986,43,31,1,25.02594,121.50651,12
500113008,20231016,987,43,31,1,25.02594,121.50651,12
500113008,20231016,988,43,31,1,25.02594,121.50651,12
500113008,20231016,989,43,31,1,25.02594,121.50651,12
500113008,20231016,991,43,30,1,25.02594,121.50651,13
500113008,20231016,992,43,30,1,25.02594,121.50651,13
500113008,20231016,993,43,30,1,25.02594,121.50651,13
500113008,20231016,994,43,30,1,25.02594,121.50651,13
500113008,20231016,995,43,31,1,25.02594,121.50651,12
500113008,20231016,996,43,31,1,25.02594,121.50651,12
500113008,20231016,997,43,31,1,25.02594,121.50651,12
500113008,20231016,998,43,31,1,25.02594,121.50651,12
500113008,20231016,999,43,31,1,25.02594,121.50651,12
500113008,20231016,1000,43,31,1,25.02594,121.50651,12
500113008,20231016,1001,43,31,1,25.02594,121.50651,12
500113008,20231016,1002,43,31,1,25.02594,121.50651,12
500113008,20231016,1003,43,31,1,25.02594,121.50651,12
500113008,20231016,1004,43,31,1,25.02594,121.50651,12
500113008,20231016,1005,43,31,1,25.02594,121.50651,12
500113008,20231016,1006,43,29,1,25.02594,121.50651,14
500113008,20231016,1007,43,27,1,25.02594,121.50651,16
500113008,20231016,1008,43,27,1,25.02594,121.50651,16
500113008,20231016,1009,43,27,1,25.02594,121.50651,16
500113008,20231016,1010,43,26,1,25.02594,121.50651,17
500113008,20231016,1011,43,26,1,25.02594,121.50651,17
500113008,20231016,1012,43,26,1,25.02594,121.50651,17
500113008,20231016,1013,43,27,1,25.02594,121.50651,16
500113008,20231016,1014,43,27,1,25.02594,121.50651,16
500113008,20231016,1015,43,27,1,25.02594,121.50651,16
500113008,20231016,1016,43,26,1,25.02594,121.50651,17
500113008,20231016,1017,43,26,1,25.02594,121.50651,17
500113008,20231016,1018,43,26,1,25.02594,121.50651,17
500113008,20231016,1019,43,26,1,25.02594,121.50651,17
500113008,20231016,1021,43,26,1,25.02594,121.50651,17
500113008,20231016,1022,43,26,1,25.02594,121.50651,17
500113008,20231016,1023,43,26,1,25.02594,121.50651,17
500113008,20231016,1024,43,26,1,25.02594,121.50651,17
500113008,20231016,1025,43,27,1,25.02594,121.50651,16
500113008,20231016,1026,43,27,1,25.02594,121.50651,16
500113008,20231016,1027,43,28,1,25.02594,121.50651,15
500113008,20231016,1028,43,29,1,25.02594,121.50651,14
500113008,20231016,1029,43,29,1,25.02594,121.50651,14
500113008,20231016,1031,43,28,1,25.02594,121.50651,15
500113008,20231016,1032,43,28,1,25.02594,121.50651,15
500113008,20231016,1033,43,29,1,25.02594,121.50651,14
500113008,20231016,1034,43,29,1,25.02594,121.50651,14
500113008,20231016,1035,43,28,1,25.02594,121.50651,15
500113008,20231016,1036,43,29,1,25.02594,121.50651,14
500113008,20231016,1037,43,27,1,25.02594,121.50651,16
500113008,20231016,1038,43,27,1,25.02594,121.50651,16
500113008,20231016,1039,43,27,1,25.02594,121.50651,16
500113008,20231016,1042,43,26,1,25.02594,121.50651,17
500113008,20231016,1043,43,26,1,25.02594,121.50651,17
500113008,20231016,1044,43,26,1,25.02594,121.50651,17
500113008,20231016,1046,43,28,1,25.02594,121.50651,15
500113008,20231016,1047,43,28,1,25.02594,121.50651,15
500113008,20231016,1048,43,30,1,25.02594,121.50651,13
500113008,20231016,1049,43,30,1,25.02594,121.50651,13
500113008,20231016,1051,43,30,1,25.02594,121.50651,13
500113008,20231016,1052,43,30,1,25.02594,121.50651,13
500113008,20231016,1053,43,30,1,25.02594,121.50651,13
500113008,20231016,1054,43,31,1,25.02594,121.50651,12
500113008,20231016,1055,43,30,1,25.02594,121.50651,13
500113008,20231016,1056,43,30,1,25.02594,121.50651,13
500113008,20231016,1057,43,30,1,25.02594,121.50651,13
500113008,20231016,1058,43,31,1,25.02594,121.50651,12
500113008,20231016,1059,43,31,1,25.02594,121.50651,12
500113008,20231016,1060,43,32,1,25.02594,121.50651,11
500113008,20231016,1061,43,33,1,25.02594,121.50651,10
500113008,20231016,1062,43,33,1,25.02594,121.50651,10
500113008,20231016,1063,43,33,1,25.02594,121.50651,10
500113008,20231016,1064,43,33,1,25.02594,121.50651,10
500113008,20231016,1065,43,33,1,25.02594,121.50651,10
500113008,20231016,1066,43,34,1,25.02594,121.50651,9
500113008,20231016,1067,43,34,1,25.02594,121.50651,9
500113008,20231016,1068,43,34,1,25.02594,121.50651,9
500113008,20231016,1069,43,34,1,25.02594,121.50651,9
500113008,20231016,1071,43,34,1,25.02594,121.50651,9
500113008,20231016,1072,43,34,1,25.02594,121.50651,9
500113008,20231016,1073,43,33,1,25.02594,121.50651,10
500113008,20231016,1074,43,33,1,25.02594,121.50651,10
500113008,20231016,1076,43,32,1,25.02594,121.50651,11
500113008,20231016,1077,43,32,1,25.02594,121.50651,11
500113008,20231016,1078,43,32,1,25.02594,121.50651,11
500113008,20231016,1079,43,32,1,25.02594,121.50651,11
500113008,20231016,1081,43,32,1,25.02594,121.50651,11
500113008,20231016,1082,43,32,1,25.02594,121.50651,11
500113008,20231016,1083,43,32,1,25.02594,121.50651,11
500113008,20231016,1084,43,32,1,25.02594,121.50651,11
500113008,20231016,1085,43,31,1,25.02594,121.50651,12
500113008,20231016,1086,43,30,1,25.02594,121.50651,13
500113008,20231016,1087,43,30,1,25.02594,121.50651,13
500113008,20231016,1088,43,29,1,25.02594,121.50651,14
500113008,20231016,1089,43,29,1,25.02594,121.50651,14
500113008,20231016,1090,43,29,1,25.02594,121.50651,14
500113008,20231016,1091,43,29,1,25.02594,121.50651,14
500113008,20231016,1092,43,28,1,25.02594,121.50651,15
500113008,20231016,1093,43,28,1,25.02594,121.50651,15
500113008,20231016,1094,43,28,1,25.02594,121.50651,15
500113008,20231016,1095,43,28,1,25.02594,121.50651,15
500113008,20231016,1096,43,28,1,25.02594,121.50651,15
500113008,20231016,1097,43,28,1,25.02594,121.50651,15
500113008,20231016,1098,43,27,1,25.02594,121.50651,16
500113008,20231016,1099,43,28,1,25.02594,121.50651,15
500113008,20231016,1101,43,27,1,25.02594,121.50651,16
500113008,20231016,1102,43,27,1,25.02594,121.50651,16
500113008,20231016,1103,43,27,1,25.02594,121.50651,16
500113008,20231016,1104,43,27,1,25.02594,121.50651,16
500113008,20231016,1105,43,27,1,25.02594,121.50651,16
500113008,20231016,1106,43,26,1,25.02594,121.50651,17
500113008,20231016,1107,43,24,1,25.02594,121.50651,19
500113008,20231016,1108,43,22,1,25.02594,121.50651,21
500113008,20231016,1109,43,22,1,25.02594,121.50651,21
500113008,20231016,1111,43,22,1,25.02594,121.50651,21
500113008,20231016,1112,43,22,1,25.02594,121.50651,21
500113008,20231016,1113,43,22,1,25.02594,121.50651,21
500113008,20231016,1114,43,22,1,25.02594,121.50651,21
500113008,20231016,1115,43,22,1,25.02594,121.50651,21
500113008,20231016,1116,43,22,1,25.02594,121.50651,21
500113008,20231016,1117,43,22,1,25.02594,121.50651,21
500113008,20231016,1118,43,22,1,25.02594,121.50651,21
500113008,20231016,1119,43,22,1,25.02594,121.50651,21
500113008,20231016,1120,43,22,1,25.02594,121.50651,21
500113008,20231016,1121,43,24,1,25.02594,121.50651,19
500113008,20231016,1122,43,25,1,25.02594,121.50651,18
500113008,20231016,1123,43,27,1,25.02594,121.50651,16
500113008,20231016,1124,43,27,1,25.02594,121.50651,16
500113008,20231016,1125,43,29,1,25.02594,121.50651,14
500113008,20231016,1126,43,31,1,25.02594,121.50651,12
500113008,20231016,1127,43,31,1,25.02594,121.50651,12
500113008,20231016,1128,43,31,1,25.02594,121.50651,12
500113008,20231016,1129,43,31,1,25.02594,121.50651,12
500113008,20231016,1130,43,32,1,25.02594,121.50651,11
500113008,20231016,1131,43,32,1,25.02594,121.50651,11
500113008,20231016,1132,43,33,1,25.02594,121.50651,10
500113008,20231016,1133,43,32,1,25.02594,121.50651,11
500113008,20231016,1134,43,34,1,25.02594,121.50651,9
500113008,20231016,1135,43,34,1,25.02594,121.50651,9
500113008,20231016,1136,43,35,1,25.02594,121.50651,8
500113008,20231016,1137,43,37,1,25.02594,121.50651,6
500113008,20231016,1138,43,36,1,25.02594,121.50651,7
500113008,20231016,1139,43,36,1,25.02594,121.50651,7
500113008,20231016,1141,43,34,1,25.02594,121.50651,9
500113008,20231016,1142,43,34,1,25.02594,121.50651,9
500113008,20231016,1143,43,32,1,25.02594,121.50651,11
500113008,20231016,1144,43,31,1,25.02594,121.50651,12
500113008,20231016,1145,43,31,1,25.02594,121.50651,12
500113008,20231016,1146,43,30,1,25.02594,121.50651,13
500113008,20231016,1147,43,29,1,25.02594,121.50651,14
500113008,20231016,1148,43,29,1,25.02594,121.50651,14
500113008,20231016,1149,43,29,1,25.02594,121.50651,14
500113008,20231016,1150,43,29,1,25.02594,121.50651,14
500113008,20231016,1151,43,29,1,25.02594,121.50651,14
500113008,20231016,1152,43,29,1,25.02594,121.50651,14
500113008,20231016,1153,43,29,1,25.02594,121.50651,14
500113008,20231016,1154,43,30,1,25.02594,121.50651,13
500113008,20231016,1155,43,30,1,25.02594,121.50651,13
500113008,20231016,1156,43,31,1,25.02594,121.50651,12
500113008,20231016,1157,43,32,1,25.02594,121.50651,11
500113008,20231016,1158,43,32,1,25.02594,121.50651,11
500113008,20231016,1159,43,32,1,25.02594,121.50651,11
500113008,20231016,1161,43,32,1,25.02594,121.50651,11
500113008,20231016,1162,43,32,1,25.02594,121.50651,11
500113008,20231016,1163,43,31,1,25.02594,121.50651,12
500113008,20231016,1164,43,31,1,25.02594,121.50651,12
500113008,20231016,1165,43,32,1,25.02594,121.50651,11
500113008,20231016,1166,43,32,1,25.02594,121.50651,11
500113008,20231016,1167,43,31,1,25.02594,121.50651,12
500113008,20231016,1168,43,31,1,25.02594,121.50651,12
500113008,20231016,1169,43,31,1,25.02594,121.50651,12
500113008,20231016,1171,43,31,1,25.02594,121.50651,12
500113008,20231016,1172,43,30,1,25.02594,121.50651,13
500113008,20231016,1173,43,29,1,25.02594,121.50651,14
500113008,20231016,1174,43,29,1,25.02594,121.50651,14
500113008,20231016,1175,43,30,1,25.02594,121.50651,13
500113008,20231016,1176,43,30,1,25.02594,121.50651,13
500113008,20231016,1177,43,30,1,25.02594,121.50651,13
500113008,20231016,1178,43,30,1,25.02594,121.50651,13
500113008,20231016,1179,43,30,1,25.02594,121.50651,13
500113008,20231016,1180,43,32,1,25.02594,121.50651,11
500113008,20231016,1181,43,32,1,25.02594,121.50651,11
500113008,20231016,1182,43,32,1,25.02594,121.50651,11
500113008,20231016,1183,43,32,1,25.02594,121.50651,11
500113008,20231016,1184,43,32,1,25.02594,121.50651,11
500113008,20231016,1185,43,32,1,25.02594,121.50651,11
500113008,20231016,1186,43,32,1,25.02594,121.50651,11
500113008,20231016,1187,43,32,1,25.02594,121.50651,11
500113008,20231016,1188,43,32,1,25.02594,121.50651,11
500113008,20231016,1189,43,31,1,25.02594,121.50651,12
500113008,20231016,1190,43,31,1,25.02594,121.50651,12
500113008,20231016,1191,43,31,1,25.02594,121.50651,12
500113008,20231016,1192,43,30,1,25.02594,121.50651,13
500113008,20231016,1193,43,30,1,25.02594,121.50651,13
500113008,20231016,1194,43,30,1,25.02594,121.50651,13
500113008,20231016,1195,43,30,1,25.02594,121.50651,13
500113008,20231016,1196,43,31,1,25.02594,121.50651,12
500113008,20231016,1197,43,29,1,25.02594,121.50651,14
500113008,20231016,1198,43,29,1,25.02594,121.50651,14
500113008,20231016,1199,43,28,1,25.02594,121.50651,15
500113008,20231016,1201,43,28,1,25.02594,121.50651,15
500113008,20231016,1202,43,28,1,25.02594,121.50651,15
500113008,20231016,1203,43,28,1,25.02594,121.50651,15
500113008,20231016,1204,43,28,1,25.02594,121.50651,15
500113008,20231016,1205,43,28,1,25.02594,121.50651,15
500113008,20231016,1206,43,28,1,25.02594,121.50651,15
500113008,20231016,1207,43,28,1,25.02594,121.50651,15
500113008,20231016,1208,43,28,1,25.02594,121.50651,15
500113008,20231016,1209,43,28,1,25.02594,121.50651,15
500113008,20231016,1210,43,28,1,25.02594,121.50651,15
500113008,20231016,1211,43,28,1,25.02594,121.50651,15
500113008,20231016,1212,43,27,1,25.02594,121.50651,16
500113008,20231016,1213,43,27,1,25.02594,121.50651,16
500113008,20231016,1214,43,27,1,25.02594,121.50651,16
500113008,20231016,1215,43,25,1,25.02594,121.50651,18
500113008,20231016,1216,43,25,1,25.02594,121.50651,18
500113008,20231016,1217,43,25,1,25.02594,121.50651,18
500113008,20231016,1218,43,25,1,25.02594,121.50651,18
500113008,20231016,1219,43,24,1,25.02594,121.50651,19
500113008,20231016,1221,43,24,1,25.02594,121.50651,19
500113008,20231016,1222,43,24,1,25.02594,121.50651,19
500113008,20231016,1224,43,24,1,25.02594,121.50651,19
500113008,20231016,1225,43,24,1,25.02594,121.50651,19
500113008,20231016,1226,43,24,1,25.02594,121.50651,19
500113008,20231016,1227,43,24,1,25.02594,121.50651,19
500113008,20231016,1228,43,24,1,25.02594,121.50651,19
500113008,20231016,1229,43,23,1,25.02594,121.50651,20
500113008,20231016,1231,43,24,1,25.02594,121.50651,19
500113008,20231016,1232,43,24,1,25.02594,121.50651,19
500113008,20231016,1233,43,23,1,25.02594,121.50651,20
500113008,20231016,1234,43,23,1,25.02594,121.50651,20
500113008,20231016,1235,43,23,1,25.02594,121.50651,20
500113008,20231016,1236,43,23,1,25.02594,121.50651,20
500113008,20231016,1237,43,24,1,25.02594,121.50651,19
500113008,20231016,1238,43,25,1,25.02594,121.50651,18
500113008,20231016,1239,43,25,1,25.02594,121.50651,18
500113008,20231016,1240,43,26,1,25.02594,121.50651,17
500113008,20231016,1241,43,26,1,25.02594,121.50651,17
500113008,20231016,1242,43,26,1,25.02594,121.50651,17
500113008,20231016,1243,43,26,1,25.02594,121.50651,17
500113008,20231016,1244,43,26,1,25.02594,121.50651,17
500113008,20231016,1245,43,25,1,25.02594,121.50651,18
500113008,20231016,1246,43,26,1,25.02594,121.50651,17
500113008,20231016,1247,43,26,1,25.02594,121.50651,17
500113008,20231016,1248,43,26,1,25.02594,121.50651,17
500113008,20231016,1249,43,26,1,25.02594,121.50651,17
500113008,20231016,1250,43,26,1,25.02594,121.50651,17
500113008,20231016,1251,43,26,1,25.02594,121.50651,17
500113008,20231016,1252,43,26,1,25.02594,121.50651,17
500113008,20231016,1253,43,26,1,25.02594,121.50651,17
500113008,20231016,1254,43,26,1,25.02594,121.50651,17
500113008,20231016,1255,43,26,1,25.02594,121.50651,17
500113008,20231016,1256,43,27,1,25.02594,121.50651,16
500113008,20231016,1257,43,27,1,25.02594,121.50651,16
500113008,20231016,1258,43,27,1,25.02594,121.50651,16
500113008,20231016,1259,43,28,1,25.02594,121.50651,15
500113008,20231016,1261,43,28,1,25.02594,121.50651,15
500113008,20231016,1262,43,27,1,25.02594,121.50651,16
500113008,20231016,1263,43,27,1,25.02594,121.50651,16
500113008,20231016,1264,43,27,1,25.02594,121.50651,16
500113008,20231016,1265,43,27,1,25.02594,121.50651,16
500113008,20231016,1266,43,27,1,25.02594,121.50651,16
500113008,20231016,1267,43,29,1,25.02594,121.50651,14
500113008,20231016,1268,43,29,1,25.02594,121.50651,14
500113008,20231016,1269,43,29,1,25.02594,121.50651,14
500113008,20231016,1270,43,30,1,25.02594,121.50651,13
500113008,20231016,1271,43,30,1,25.02594,121.50651,13
500113008,20231016,1272,43,30,1,25.02594,121.50651,13
500113008,20231016,1273,43,30,1,25.02594,121.50651,13
500113008,20231016,1274,43,30,1,25.02594,121.50651,13
500113008,20231016,1275,43,30,1,25.02594,121.50651,13
500113008,20231016,1276,43,30,1,25.02594,121.50651,13
500113008,20231016,1277,43,30,1,25.02594,121.50651,13
500113008,20231016,1278,43,30,1,25.02594,121.50651,13
500113008,20231016,1279,43,30,1,25.02594,121.50651,13
500113008,20231016,1281,43,30,1,25.02594,121.50651,13
500113008,20231016,1282,43,30,1,25.02594,121.50651,13
500113008,20231016,1283,43,30,1,25.02594,121.50651,13
500113008,20231016,1284,43,30,1,25.02594,121.50651,13
500113008,20231016,1285,43,29,1,25.02594,121.50651,14
500113008,20231016,1286,43,30,1,25.02594,121.50651,13
500113008,20231016,1287,43,30,1,25.02594,121.50651,13
500113008,20231016,1288,43,30,1,25.02594,121.50651,13
500113008,20231016,1289,43,30,1,25.02594,121.50651,13
500113008,20231016,1291,43,30,1,25.02594,121.50651,13
500113008,20231016,1292,43,30,1,25.02594,121.50651,13
500113008,20231016,1293,43,30,1,25.02594,121.50651,13
500113008,20231016,1294,43,30,1,25.02594,121.50651,13
500113008,20231016,1295,43,30,1,25.02594,121.50651,13
500113008,20231016,1296,43,30,1,25.02594,121.50651,13
500113008,20231016,1297,43,30,1,25.02594,121.50651,13
500113008,20231016,1298,43,30,1,25.02594,121.50651,13
500113008,20231016,1299,43,30,1,25.02594,121.50651,13
500113008,20231016,1300,43,31,1,25.02594,121.50651,12
500113008,20231016,1301,43,31,1,25.02594,121.50651,12
500113008,20231016,1302,43,31,1,25.02594,121.50651,12
500113008,20231016,1303,43,31,1,25.02594,121.50651,12
500113008,20231016,1304,43,31,1,25.02594,121.50651,12
500113008,20231016,1305,43,31,1,25.02594,121.50651,12
500113008,20231016,1306,43,31,1,25.02594,121.50651,12
500113008,20231016,1307,43,31,1,25.02594,121.50651,12
500113008,20231016,1308,43,31,1,25.02594,121.50651,12
500113008,20231016,1309,43,32,1,25.02594,121.50651,11
500113008,20231016,1310,43,32,1,25.02594,121.50651,11
500113008,20231016,1311,43,32,1,25.02594,121.50651,11
500113008,20231016,1312,43,32,1,25.02594,121.50651,11
500113008,20231016,1313,43,32,1,25.02594,121.50651,11
500113008,20231016,1314,43,31,1,25.02594,121.50651,12
500113008,20231016,1315,43,31,1,25.02594,121.50651,12
500113008,20231016,1316,43,31,1,25.02594,121.50651,12
500113008,20231016,1317,43,32,1,25.02594,121.50651,11
500113008,20231016,1318,43,32,1,25.02594,121.50651,11
500113008,20231016,1319,43,32,1,25.02594,121.50651,11
500113008,20231016,1321,43,32,1,25.02594,121.50651,11
500113008,20231016,1322,43,32,1,25.02594,121.50651,11
500113008,20231016,1323,43,32,1,25.02594,121.50651,11
500113008,20231016,1324,43,31,1,25.02594,121.50651,12
500113008,20231016,1325,43,31,1,25.02594,121.50651,12
500113008,20231016,1326,43,31,1,25.02594,121.50651,12
500113008,20231016,1327,43,31,1,25.02594,121.50651,12
500113008,20231016,1328,43,31,1,25.02594,121.50651,12
500113008,20231016,1329,43,31,1,25.02594,121.50651,12
500113008,20231016,1330,43,31,1,25.02594,121.50651,12
500113008,20231016,1331,43,31,1,25.02594,121.50651,12
500113008,20231016,1332,43,31,1,25.02594,121.50651,12
500113008,20231016,1333,43,31,1,25.02594,121.50651,12
500113008,20231016,1334,43,31,1,25.02594,121.50651,12
500113008,20231016,1335,43,31,1,25.02594,121.50651,12
500113008,20231016,1336,43,31,1,25.02594,121.50651,12
500113008,20231016,1337,43,31,1,25.02594,121.50651,12
500113008,20231016,1338,43,31,1,25.02594,121.50651,12
500113008,20231016,1339,43,31,1,25.02594,121.50651,12
500113008,20231016,1341,43,31,1,25.02594,121.50651,12
500113008,20231016,1342,43,31,1,25.02594,121.50651,12
500113008,20231016,1343,43,31,1,25.02594,121.50651,12
500113008,20231016,1344,43,31,1,25.02594,121.50651,12
500113008,20231016,1345,43,31,1,25.02594,121.50651,12
500113008,20231016,1346,43,31,1,25.02594,121.50651,12
500113008,20231016,1347,43,31,1,25.02594,121.50651,12
500113008,20231016,1348,43,31,1,25.02594,121.50651,12
500113008,20231016,1349,43,31,1,25.02594,121.50651,12
500113008,20231016,1350,43,31,1,25.02594,121.50651,12
500113008,20231016,1351,43,31,1,25.02594,121.50651,12
500113008,20231016,1352,43,31,1,25.02594,121.50651,12
500113008,20231016,1353,43,31,1,25.02594,121.50651,12
500113008,20231016,1354,43,31,1,25.02594,121.50651,12
500113008,20231016,1355,43,31,1,25.02594,121.50651,12
500113008,20231016,1356,43,31,1,25.02594,121.50651,12
500113008,20231016,1357,43,32,1,25.02594,121.50651,11
500113008,20231016,1358,43,32,1,25.02594,121.50651,11
500113008,20231016,1359,43,32,1,25.02594,121.50651,11
500113008,20231016,1360,43,32,1,25.02594,121.50651,11
500113008,20231016,1361,43,31,1,25.02594,121.50651,12
500113008,20231016,1362,43,31,1,25.02594,121.50651,12
500113008,20231016,1363,43,31,1,25.02594,121.50651,12
500113008,20231016,1364,43,31,1,25.02594,121.50651,12
500113008,20231016,1365,43,31,1,25.02594,121.50651,12
500113008,20231016,1366,43,31,1,25.02594,121.50651,12
500113008,20231016,1367,43,30,1,25.02594,121.50651,13
500113008,20231016,1368,43,30,1,25.02594,121.50651,13
500113008,20231016,1369,43,30,1,25.02594,121.50651,13
500113008,20231016,1370,43,30,1,25.02594,121.50651,13
500113008,20231016,1371,43,30,1,25.02594,121.50651,13
500113008,20231016,1372,43,30,1,25.02594,121.50651,13
500113008,20231016,1373,43,30,1,25.02594,121.50651,13
500113008,20231016,1374,43,30,1,25.02594,121.50651,13
500113008,20231016,1375,43,30,1,25.02594,121.50651,13
500113008,20231016,1376,43,30,1,25.02594,121.50651,13
500113008,20231016,1377,43,30,1,25.02594,121.50651,13
500113008,20231016,1378,43,30,1,25.02594,121.50651,13
500113008,20231016,1379,43,30,1,25.02594,121.50651,13
500113008,20231016,1381,43,30,1,25.02594,121.50651,13
500113008,20231016,1382,43,28,1,25.02594,121.50651,15
500113008,20231016,1383,43,28,1,25.02594,121.50651,15
500113008,20231016,1384,43,28,1,25.02594,121.50651,15
500113008,20231016,1385,43,28,1,25.02594,121.50651,15
500113008,20231016,1386,43,28,1,25.02594,121.50651,15
500113008,20231016,1387,43,28,1,25.02594,121.50651,15
500113008,20231016,1388,43,28,1,25.02594,121.50651,15
500113008,20231016,1389,43,28,1,25.02594,121.50651,15
500113008,20231016,1390,43,28,1,25.02594,121.50651,15
500113008,20231016,1391,43,27,1,25.02594,121.50651,16
500113008,20231016,1392,43,27,1,25.02594,121.50651,16
500113008,20231016,1393,43,27,1,25.02594,121.50651,16
500113008,20231016,1394,43,27,1,25.02594,121.50651,16
500113008,20231016,1395,43,27,1,25.02594,121.50651,16
500113008,20231016,1396,43,27,1,25.02594,121.50651,16
500113008,20231016,1397,43,27,1,25.02594,121.50651,16
500113008,20231016,1398,43,27,1,25.02594,121.50651,16
500113008,20231016,1399,43,27,1,25.02594,121.50651,16
500113008,20231016,1401,43,27,1,25.02594,121.50651,16
500113008,20231016,1402,43,27,1,25.02594,121.50651,16
500113008,20231016,1403,43,27,1,25.02594,121.50651,16
500113008,20231016,1404,43,27,1,25.02594,121.50651,16
500113008,20231016,1405,43,27,1,25.02594,121.50651,16
500113008,20231016,1406,43,27,1,25.02594,121.50651,16
500113008,20231016,1407,43,27,1,25.02594,121.50651,16
500113008,20231016,1408,43,27,1,25.02594,121.50651,16
500113008,20231016,1409,43,27,1,25.02594,121.50651,16
500113008,20231016,1410,43,27,1,25.02594,121.50651,16
500113008,20231016,1411,43,27,1,25.02594,121.50651,16
500113008,20231016,1412,43,27,1,25.02594,121.50651,16
500113008,20231016,1413,43,27,1,25.02594,121.50651,16
500113008,20231016,1414,43,27,1,25.02594,121.50651,16
500113008,20231016,1415,43,27,1,25.02594,121.50651,16
500113008,20231016,1416,43,27,1,25.02594,121.50651,16
500113008,20231016,1417,43,27,1,25.02594,121.50651,16
500113008,20231016,1418,43,27,1,25.02594,121.50651,16
500113008,20231016,1419,43,27,1,25.02594,121.50651,16
500113008,20231016,1420,43,27,1,25.02594,121.50651,16
500113008,20231016,1421,43,27,1,25.02594,121.50651,16
500113008,20231016,1422,43,27,1,25.02594,121.50651,16
500113008,20231016,1423,43,27,1,25.02594,121.50651,16
500113008,20231016,1424,43,27,1,25.02594,121.50651,16
500113008,20231016,1425,43,27,1,25.02594,121.50651,16
500113008,20231016,1426,43,27,1,25.02594,121.50651,16
500113008,20231016,1427,43,27,1,25.02594,121.50651,16
500113008,20231016,1428,43,27,1,25.02594,121.50651,16
500113008,20231016,1429,43,27,1,25.02594,121.50651,16
500113008,20231016,1430,43,27,1,25.02594,121.50651,16
500113008,20231016,1431,43,27,1,25.02594,121.50651,16
500113008,20231016,1432,43,27,1,25.02594,121.50651,16
500113008,20231016,1433,43,27,1,25.02594,121.50651,16
500113008,20231016,1434,43,26,1,25.02594,121.50651,17
500113008,20231016,1435,43,26,1,25.02594,121.50651,17
500113008,20231016,1436,43,26,1,25.02594,121.50651,17
500113008,20231016,1437,43,26,1,25.02594,121.50651,17
500113008,20231016,1438,43,26,1,25.02594,121.50651,17
500113008,20231016,1439,43,26,1,25.02594,121.50651,17
500113008,20231017,1,43,25,1,25.02594,121.50651,18
500113008,20231017,2,43,25,1,25.02594,121.50651,18
500113008,20231017,3,43,25,1,25.02594,121.50651,18
500113008,20231017,4,43,25,1,25.02594,121.50651,18
500113008,20231017,5,43,25,1,25.02594,121.50651,18
500113008,20231017,6,43,25,1,25.02594,121.50651,18
500113008,20231017,7,43,25,1,25.02594,121.50651,18
500113008,20231017,8,43,25,1,25.02594,121.50651,18
500113008,20231017,9,43,25,1,25.02594,121.50651,18
500113008,20231017,10,43,24,1,25.02594,121.50651,19
500113008,20231017,11,43,24,1,25.02594,121.50651,19
500113008,20231017,12,43,24,1,25.02594,121.50651,19
500113008,20231017,13,43,24,1,25.02594,121.50651,19
500113008,20231017,14,43,24,1,25.02594,121.50651,19
500113008,20231017,15,43,24,1,25.02594,121.50651,19
500113008,20231017,16,43,24,1,25.02594,121.50651,19
500113008,20231017,17,43,24,1,25.02594,121.50651,19
500113008,20231017,18,43,24,1,25.02594,121.50651,19
500113008,20231017,19,43,24,1,25.02594,121.50651,19
500113008,20231017,21,43,24,1,25.02594,121.50651,19
500113008,20231017,22,43,24,1,25.02594,121.50651,19
500113008,20231017,23,43,24,1,25.02594,121.50651,19
500113008,20231017,24,43,24,1,25.02594,121.50651,19
500113008,20231017,25,43,24,1,25.02594,121.50651,19
500113008,20231017,26,43,24,1,25.02594,121.50651,19
500113008,20231017,27,43,24,1,25.02594,121.50651,19
500113008,20231017,28,43,24,1,25.02594,121.50651,19
500113008,20231017,29,43,24,1,25.02594,121.50651,19
500113008,20231017,30,43,24,1,25.02594,121.50651,19
500113008,20231017,31,43,24,1,25.02594,121.50651,19
500113008,20231017,32,43,24,1,25.02594,121.50651,19
500113008,20231017,33,43,24,1,25.02594,121.50651,19
500113008,20231017,34,43,24,1,25.02594,121.50651,19
500113008,20231017,35,43,24,1,25.02594,121.50651,19
500113008,20231017,36,43,24,1,25.02594,121.50651,19
500113008,20231017,37,43,24,1,25.02594,121.50651,19
500113008,20231017,38,43,25,1,25.02594,121.50651,18
500113008,20231017,39,43,25,1,25.02594,121.50651,18
500113008,20231017,40,43,25,1,25.02594,121.50651,18
500113008,20231017,41,43,25,1,25.02594,121.50651,18
500113008,20231017,42,43,25,1,25.02594,121.50651,18
500113008,20231017,43,43,25,1,25.02594,121.50651,18
500113008,20231017,44,43,25,1,25.02594,121.50651,18
500113008,20231017,45,43,25,1,25.02594,121.50651,18
500113008,20231017,46,43,25,1,25.02594,121.50651,18
500113008,20231017,47,43,25,1,25.02594,121.50651,18
500113008,20231017,48,43,25,1,25.02594,121.50651,18
500113008,20231017,49,43,25,1,25.02594,121.50651,18
500113008,20231017,50,43,25,1,25.02594,121.50651,18
500113008,20231017,51,43,25,1,25.02594,121.50651,18
500113008,20231017,52,43,25,1,25.02594,121.50651,18
500113008,20231017,53,43,25,1,25.02594,121.50651,18
500113008,20231017,54,43,25,1,25.02594,121.50651,18
500113008,20231017,55,43,25,1,25.02594,121.50651,18
500113008,20231017,56,43,25,1,25.02594,121.50651,18
500113008,20231017,57,43,25,1,25.02594,121.50651,18
500113008,20231017,58,43,25,1,25.02594,121.50651,18
500113008,20231017,59,43,25,1,25.02594,121.50651,18
500113008,20231017,61,43,25,1,25.02594,121.50651,18
500113008,20231017,62,43,25,1,25.02594,121.50651,18
500113008,20231017,63,43,25,1,25.02594,121.50651,18
500113008,20231017,64,43,25,1,25.02594,121.50651,18
500113008,20231017,65,43,25,1,25.02594,121.50651,18
500113008,20231017,66,43,25,1,25.02594,121.50651,18
500113008,20231017,67,43,25,1,25.02594,121.50651,18
500113008,20231017,68,43,25,1,25.02594,121.50651,18
500113008,20231017,69,43,25,1,25.02594,121.50651,18
500113008,20231017,70,43,25,1,25.02594,121.50651,18
500113008,20231017,71,43,25,1,25.02594,121.50651,18
500113008,20231017,72,43,25,1,25.02594,121.50651,18
500113008,20231017,73,43,25,1,25.02594,121.50651,18
500113008,20231017,74,43,25,1,25.02594,121.50651,18
500113008,20231017,75,43,25,1,25.02594,121.50651,18
500113008,20231017,76,43,25,1,25.02594,121.50651,18
500113008,20231017,77,43,25,1,25.02594,121.50651,18
500113008,20231017,78,43,25,1,25.02594,121.50651,18
500113008,20231017,79,43,25,1,25.02594,121.50651,18
500113008,20231017,81,43,25,1,25.02594,121.50651,18
500113008,20231017,82,43,25,1,25.02594,121.50651,18
500113008,20231017,83,43,25,1,25.02594,121.50651,18
500113008,20231017,84,43,25,1,25.02594,121.50651,18
500113008,20231017,85,43,25,1,25.02594,121.50651,18
500113008,20231017,86,43,25,1,25.02594,121.50651,18
500113008,20231017,87,43,25,1,25.02594,121.50651,18
500113008,20231017,88,43,25,1,25.02594,121.50651,18
500113008,20231017,89,43,25,1,25.02594,121.50651,18
500113008,20231017,90,43,25,1,25.02594,121.50651,18
500113008,20231017,91,43,25,1,25.02594,121.50651,18
500113008,20231017,92,43,25,1,25.02594,121.50651,18
500113008,20231017,93,43,25,1,25.02594,121.50651,18
500113008,20231017,94,43,25,1,25.02594,121.50651,18
500113008,20231017,95,43,25,1,25.02594,121.50651,18
500113008,20231017,96,43,25,1,25.02594,121.50651,18
500113008,20231017,97,43,25,1,25.02594,121.50651,18
500113008,20231017,99,43,25,1,25.02594,121.50651,18
500113008,20231017,100,43,25,1,25.02594,121.50651,18
500113008,20231017,101,43,25,1,25.02594,121.50651,18
500113008,20231017,102,43,25,1,25.02594,121.50651,18
500113008,20231017,103,43,25,1,25.02594,121.50651,18
500113008,20231017,104,43,25,1,25.02594,121.50651,18
500113008,20231017,105,43,25,1,25.02594,121.50651,18
500113008,20231017,106,43,25,1,25.02594,121.50651,18
500113008,20231017,107,43,25,1,25.02594,121.50651,18
500113008,20231017,108,43,25,1,25.02594,121.50651,18
500113008,20231017,109,43,25,1,25.02594,121.50651,18
500113008,20231017,110,43,25,1,25.02594,121.50651,18
500113008,20231017,111,43,25,1,25.02594,121.50651,18
500113008,20231017,112,43,25,1,25.02594,121.50651,18
500113008,20231017,113,43,25,1,25.02594,121.50651,18
500113008,20231017,114,43,25,1,25.02594,121.50651,18
500113008,20231017,115,43,25,1,25.02594,121.50651,18
500113008,20231017,116,43,25,1,25.02594,121.50651,18
500113008,20231017,117,43,25,1,25.02594,121.50651,18
500113008,20231017,118,43,25,1,25.02594,121.50651,18
500113008,20231017,119,43,25,1,25.02594,121.50651,18
500113008,20231017,121,43,25,1,25.02594,121.50651,18
500113008,20231017,122,43,25,1,25.02594,121.50651,18
500113008,20231017,123,43,25,1,25.02594,121.50651,18
500113008,20231017,124,43,25,1,25.02594,121.50651,18
500113008,20231017,125,43,25,1,25.02594,121.50651,18
500113008,20231017,126,43,25,1,25.02594,121.50651,18
500113008,20231017,127,43,25,1,25.02594,121.50651,18
500113008,20231017,128,43,25,1,25.02594,121.50651,18
500113008,20231017,129,43,25,1,25.02594,121.50651,18
500113008,20231017,130,43,25,1,25.02594,121.50651,18
500113008,20231017,131,43,25,1,25.02594,121.50651,18
500113008,20231017,132,43,25,1,25.02594,121.50651,18
500113008,20231017,133,43,25,1,25.02594,121.50651,18
500113008,20231017,134,43,25,1,25.02594,121.50651,18
500113008,20231017,135,43,25,1,25.02594,121.50651,18
500113008,20231017,136,43,25,1,25.02594,121.50651,18
500113008,20231017,137,43,25,1,25.02594,121.50651,18
500113008,20231017,138,43,25,1,25.02594,121.50651,18
500113008,20231017,139,43,25,1,25.02594,121.50651,18
500113008,20231017,141,43,25,1,25.02594,121.50651,18
500113008,20231017,142,43,25,1,25.02594,121.50651,18
500113008,20231017,143,43,25,1,25.02594,121.50651,18
500113008,20231017,144,43,25,1,25.02594,121.50651,18
500113008,20231017,145,43,25,1,25.02594,121.50651,18
500113008,20231017,146,43,25,1,25.02594,121.50651,18
500113008,20231017,147,43,25,1,25.02594,121.50651,18
500113008,20231017,148,43,25,1,25.02594,121.50651,18
500113008,20231017,149,43,25,1,25.02594,121.50651,18
500113008,20231017,150,43,25,1,25.02594,121.50651,18
500113008,20231017,151,43,25,1,25.02594,121.50651,18
500113008,20231017,152,43,25,1,25.02594,121.50651,18
500113008,20231017,153,43,25,1,25.02594,121.50651,18
500113008,20231017,154,43,25,1,25.02594,121.50651,18
500113008,20231017,155,43,25,1,25.02594,121.50651,18
500113008,20231017,156,43,25,1,25.02594,121.50651,18
500113008,20231017,157,43,25,1,25.02594,121.50651,18
500113008,20231017,158,43,25,1,25.02594,121.50651,18
500113008,20231017,159,43,25,1,25.02594,121.50651,18
500113008,20231017,160,43,25,1,25.02594,121.50651,18
500113008,20231017,161,43,25,1,25.02594,121.50651,18
500113008,20231017,162,43,25,1,25.02594,121.50651,18
500113008,20231017,163,43,25,1,25.02594,121.50651,18
500113008,20231017,164,43,25,1,25.02594,121.50651,18
500113008,20231017,165,43,25,1,25.02594,121.50651,18
500113008,20231017,166,43,25,1,25.02594,121.50651,18
500113008,20231017,167,43,25,1,25.02594,121.50651,18
500113008,20231017,168,43,25,1,25.02594,121.50651,18
500113008,20231017,169,43,25,1,25.02594,121.50651,18
500113008,20231017,170,43,25,1,25.02594,121.50651,18
500113008,20231017,171,43,25,1,25.02594,121.50651,18
500113008,20231017,172,43,25,1,25.02594,121.50651,18
500113008,20231017,173,43,25,1,25.02594,121.50651,18
500113008,20231017,174,43,25,1,25.02594,121.50651,18
500113008,20231017,175,43,25,1,25.02594,121.50651,18
500113008,20231017,176,43,25,1,25.02594,121.50651,18
500113008,20231017,177,43,25,1,25.02594,121.50651,18
500113008,20231017,178,43,25,1,25.02594,121.50651,18
500113008,20231017,179,43,25,1,25.02594,121.50651,18
500113008,20231017,180,43,25,1,25.02594,121.50651,18
500113008,20231017,182,43,25,1,25.02594,121.50651,18
500113008,20231017,183,43,25,1,25.02594,121.50651,18
500113008,20231017,184,43,25,1,25.02594,121.50651,18
500113008,20231017,185,43,25,1,25.02594,121.50651,18
500113008,20231017,186,43,25,1,25.02594,121.50651,18
500113008,20231017,187,43,25,1,25.02594,121.50651,18
500113008,20231017,188,43,25,1,25.02594,121.50651,18
500113008,20231017,189,43,25,1,25.02594,121.50651,18
500113008,20231017,190,43,25,1,25.02594,121.50651,18
500113008,20231017,191,43,25,1,25.02594,121.50651,18
500113008,20231017,192,43,25,1,25.02594,121.50651,18
500113008,20231017,193,43,24,1,25.02594,121.50651,19
500113008,20231017,194,43,24,1,25.02594,121.50651,19
500113008,20231017,195,43,24,1,25.02594,121.50651,19
500113008,20231017,196,43,24,1,25.02594,121.50651,19
500113008,20231017,197,43,24,1,25.02594,121.50651,19
500113008,20231017,198,43,24,1,25.02594,121.50651,19
500113008,20231017,199,43,24,1,25.02594,121.50651,19
500113008,20231017,201,43,24,1,25.02594,121.50651,19
500113008,20231017,202,43,24,1,25.02594,121.50651,19
500113008,20231017,203,43,24,1,25.02594,121.50651,19
500113008,20231017,204,43,24,1,25.02594,121.50651,19
500113008,20231017,205,43,24,1,25.02594,121.50651,19
500113008,20231017,206,43,24,1,25.02594,121.50651,19
500113008,20231017,207,43,24,1,25.02594,121.50651,19
500113008,20231017,208,43,24,1,25.02594,121.50651,19
500113008,20231017,209,43,24,1,25.02594,121.50651,19
500113008,20231017,211,43,24,1,25.02594,121.50651,19
500113008,20231017,212,43,24,1,25.02594,121.50651,19
500113008,20231017,213,43,24,1,25.02594,121.50651,19
500113008,20231017,214,43,24,1,25.02594,121.50651,19
500113008,20231017,215,43,24,1,25.02594,121.50651,19
500113008,20231017,216,43,24,1,25.02594,121.50651,19
500113008,20231017,217,43,24,1,25.02594,121.50651,19
500113008,20231017,218,43,24,1,25.02594,121.50651,19
500113008,20231017,219,43,24,1,25.02594,121.50651,19
500113008,20231017,220,43,24,1,25.02594,121.50651,19
500113008,20231017,221,43,24,1,25.02594,121.50651,19
500113008,20231017,222,43,24,1,25.02594,121.50651,19
500113008,20231017,223,43,24,1,25.02594,121.50651,19
500113008,20231017,224,43,24,1,25.02594,121.50651,19
500113008,20231017,225,43,24,1,25.02594,121.50651,19
500113008,20231017,226,43,24,1,25.02594,121.50651,19
500113008,20231017,227,43,24,1,25.02594,121.50651,19
500113008,20231017,228,43,24,1,25.02594,121.50651,19
500113008,20231017,229,43,24,1,25.02594,121.50651,19
500113008,20231017,230,43,24,1,25.02594,121.50651,19
500113008,20231017,231,43,24,1,25.02594,121.50651,19
500113008,20231017,232,43,24,1,25.02594,121.50651,19
500113008,20231017,233,43,24,1,25.02594,121.50651,19
500113008,20231017,234,43,24,1,25.02594,121.50651,19
500113008,20231017,235,43,24,1,25.02594,121.50651,19
500113008,20231017,236,43,24,1,25.02594,121.50651,19
500113008,20231017,237,43,24,1,25.02594,121.50651,19
500113008,20231017,238,43,24,1,25.02594,121.50651,19
500113008,20231017,239,43,24,1,25.02594,121.50651,19
500113008,20231017,240,43,24,1,25.02594,121.50651,19
500113008,20231017,241,43,24,1,25.02594,121.50651,19
500113008,20231017,242,43,24,1,25.02594,121.50651,19
500113008,20231017,243,43,24,1,25.02594,121.50651,19
500113008,20231017,244,43,24,1,25.02594,121.50651,19
500113008,20231017,245,43,24,1,25.02594,121.50651,19
500113008,20231017,246,43,24,1,25.02594,121.50651,19
500113008,20231017,247,43,24,1,25.02594,121.50651,19
500113008,20231017,248,43,24,1,25.02594,121.50651,19
500113008,20231017,249,43,24,1,25.02594,121.50651,19
500113008,20231017,250,43,24,1,25.02594,121.50651,19
500113008,20231017,251,43,24,1,25.02594,121.50651,19
500113008,20231017,252,43,24,1,25.02594,121.50651,19
500113008,20231017,253,43,24,1,25.02594,121.50651,19
500113008,20231017,254,43,24,1,25.02594,121.50651,19
500113008,20231017,255,43,24,1,25.02594,121.50651,19
500113008,20231017,256,43,24,1,25.02594,121.50651,19
500113008,20231017,257,43,24,1,25.02594,121.50651,19
500113008,20231017,258,43,24,1,25.02594,121.50651,19
500113008,20231017,259,43,24,1,25.02594,121.50651,19
500113008,20231017,261,43,24,1,25.02594,121.50651,19
500113008,20231017,262,43,24,1,25.02594,121.50651,19
500113008,20231017,263,43,24,1,25.02594,121.50651,19
500113008,20231017,264,43,24,1,25.02594,121.50651,19
500113008,20231017,265,43,24,1,25.02594,121.50651,19
500113008,20231017,266,43,24,1,25.02594,121.50651,19
500113008,20231017,267,43,24,1,25.02594,121.50651,19
500113008,20231017,268,43,24,1,25.02594,121.50651,19
500113008,20231017,269,43,23,1,25.02594,121.50651,20
500113008,20231017,270,43,23,1,25.02594,121.50651,20
500113008,20231017,271,43,23,1,25.02594,121.50651,20
500113008,20231017,272,43,23,1,25.02594,121.50651,20
500113008,20231017,273,43,23,1,25.02594,121.50651,20
500113008,20231017,274,43,23,1,25.02594,121.50651,20
500113008,20231017,275,43,23,1,25.02594,121.50651,20
500113008,20231017,276,43,23,1,25.02594,121.50651,20
500113008,20231017,277,43,23,1,25.02594,121.50651,20
500113008,20231017,278,43,23,1,25.02594,121.50651,20
500113008,20231017,279,43,23,1,25.02594,121.50651,20
500113008,20231017,280,43,23,1,25.02594,121.50651,20
500113008,20231017,281,43,23,1,25.02594,121.50651,20
500113008,20231017,282,43,23,1,25.02594,121.50651,20
500113008,20231017,283,43,23,1,25.02594,121.50651,20
500113008,20231017,284,43,23,1,25.02594,121.50651,20
500113008,20231017,285,43,23,1,25.02594,121.50651,20
500113008,20231017,286,43,23,1,25.02594,121.50651,20
500113008,20231017,287,43,23,1,25.02594,121.50651,20
500113008,20231017,288,43,23,1,25.02594,121.50651,20
500113008,20231017,289,43,23,1,25.02594,121.50651,20
500113008,20231017,290,43,22,1,25.02594,121.50651,21
500113008,20231017,291,43,22,1,25.02594,121.50651,21
500113008,20231017,292,43,22,1,25.02594,121.50651,21
500113008,20231017,293,43,22,1,25.02594,121.50651,21
500113008,20231017,294,43,22,1,25.02594,121.50651,21
500113008,20231017,295,43,22,1,25.02594,121.50651,21
500113008,20231017,296,43,22,1,25.02594,121.50651,21
500113008,20231017,297,43,22,1,25.02594,121.50651,21
500113008,20231017,298,43,22,1,25.02594,121.50651,21
500113008,20231017,299,43,22,1,25.02594,121.50651,21
500113008,20231017,300,43,22,1,25.02594,121.50651,21
500113008,20231017,301,43,22,1,25.02594,121.50651,21
500113008,20231017,302,43,22,1,25.02594,121.50651,21
500113008,20231017,303,43,23,1,25.02594,121.50651,20
500113008,20231017,304,43,23,1,25.02594,121.50651,20
500113008,20231017,305,43,23,1,25.02594,121.50651,20
500113008,20231017,306,43,23,1,25.02594,121.50651,20
500113008,20231017,307,43,23,1,25.02594,121.50651,20
500113008,20231017,308,43,23,1,25.02594,121.50651,20
500113008,20231017,309,43,23,1,25.02594,121.50651,20
500113008,20231017,310,43,23,1,25.02594,121.50651,20
500113008,20231017,311,43,23,1,25.02594,121.50651,20
500113008,20231017,312,43,23,1,25.02594,121.50651,20
500113008,20231017,313,43,23,1,25.02594,121.50651,20
500113008,20231017,314,43,23,1,25.02594,121.50651,20
500113008,20231017,315,43,23,1,25.02594,121.50651,20
500113008,20231017,316,43,23,1,25.02594,121.50651,20
500113008,20231017,317,43,23,1,25.02594,121.50651,20
500113008,20231017,318,43,24,1,25.02594,121.50651,19
500113008,20231017,319,43,24,1,25.02594,121.50651,19
500113008,20231017,321,43,24,1,25.02594,121.50651,19
500113008,20231017,322,43,24,1,25.02594,121.50651,19
500113008,20231017,323,43,24,1,25.02594,121.50651,19
500113008,20231017,324,43,24,1,25.02594,121.50651,19
500113008,20231017,325,43,24,1,25.02594,121.50651,19
500113008,20231017,326,43,24,1,25.02594,121.50651,19
500113008,20231017,327,43,24,1,25.02594,121.50651,19
500113008,20231017,328,43,24,1,25.02594,121.50651,19
500113008,20231017,329,43,23,1,25.02594,121.50651,20
500113008,20231017,330,43,23,1,25.02594,121.50651,20
500113008,20231017,331,43,23,1,25.02594,121.50651,20
500113008,20231017,332,43,23,1,25.02594,121.50651,20
500113008,20231017,334,43,22,1,25.02594,121.50651,21
500113008,20231017,335,43,22,1,25.02594,121.50651,21
500113008,20231017,336,43,22,1,25.02594,121.50651,21
500113008,20231017,337,43,22,1,25.02594,121.50651,21
500113008,20231017,338,43,22,1,25.02594,121.50651,21
500113008,20231017,339,43,22,1,25.02594,121.50651,21
500113008,20231017,340,43,22,1,25.02594,121.50651,21
500113008,20231017,341,43,22,1,25.02594,121.50651,21
500113008,20231017,342,43,22,1,25.02594,121.50651,21
500113008,20231017,343,43,22,1,25.02594,121.50651,21
500113008,20231017,344,43,22,1,25.02594,121.50651,21
500113008,20231017,345,43,22,1,25.02594,121.50651,21
500113008,20231017,346,43,21,1,25.02594,121.50651,22
500113008,20231017,347,43,21,1,25.02594,121.50651,22
500113008,20231017,348,43,21,1,25.02594,121.50651,22
500113008,20231017,349,43,21,1,25.02594,121.50651,22
500113008,20231017,350,43,21,1,25.02594,121.50651,22
500113008,20231017,351,43,21,1,25.02594,121.50651,22
500113008,20231017,352,43,21,1,25.02594,121.50651,22
500113008,20231017,353,43,21,1,25.02594,121.50651,22
500113008,20231017,354,43,21,1,25.02594,121.50651,22
500113008,20231017,355,43,21,1,25.02594,121.50651,22
500113008,20231017,356,43,21,1,25.02594,121.50651,22
500113008,20231017,357,43,21,1,25.02594,121.50651,22
500113008,20231017,358,43,21,1,25.02594,121.50651,22
500113008,20231017,359,43,21,1,25.02594,121.50651,22
500113008,20231017,360,43,21,1,25.02594,121.50651,22
500113008,20231017,361,43,21,1,25.02594,121.50651,22
500113008,20231017,362,43,21,1,25.02594,121.50651,22
500113008,20231017,363,43,21,1,25.02594,121.50651,22
500113008,20231017,364,43,20,1,25.02594,121.50651,23
500113008,20231017,365,43,20,1,25.02594,121.50651,23
500113008,20231017,366,43,20,1,25.02594,121.50651,23
500113008,20231017,367,43,20,1,25.02594,121.50651,23
500113008,20231017,368,43,20,1,25.02594,121.50651,23
500113008,20231017,369,43,20,1,25.02594,121.50651,23
500113008,20231017,370,43,20,1,25.02594,121.50651,23
500113008,20231017,371,43,20,1,25.02594,121.50651,23
500113008,20231017,372,43,20,1,25.02594,121.50651,23
500113008,20231017,373,43,20,1,25.02594,121.50651,23
500113008,20231017,374,43,20,1,25.02594,121.50651,23
500113008,20231017,375,43,21,1,25.02594,121.50651,22
500113008,20231017,376,43,21,1,25.02594,121.50651,22
500113008,20231017,377,43,21,1,25.02594,121.50651,22
500113008,20231017,378,43,21,1,25.02594,121.50651,22
500113008,20231017,379,43,21,1,25.02594,121.50651,22
500113008,20231017,381,43,21,1,25.02594,121.50651,22
500113008,20231017,382,43,20,1,25.02594,121.50651,23
500113008,20231017,383,43,20,1,25.02594,121.50651,23
500113008,20231017,384,43,20,1,25.02594,121.50651,23
500113008,20231017,385,43,19,1,25.02594,121.50651,24
500113008,20231017,386,43,19,1,25.02594,121.50651,24
500113008,20231017,387,43,19,1,25.02594,121.50651,24
500113008,20231017,388,43,19,1,25.02594,121.50651,24
500113008,20231017,389,43,20,1,25.02594,121.50651,23
500113008,20231017,390,43,20,1,25.02594,121.50651,23
500113008,20231017,391,43,21,1,25.02594,121.50651,22
500113008,20231017,392,43,21,1,25.02594,121.50651,22
500113008,20231017,393,43,23,1,25.02594,121.50651,20
500113008,20231017,394,43,23,1,25.02594,121.50651,20
500113008,20231017,395,43,23,1,25.02594,121.50651,20
500113008,20231017,396,43,23,1,25.02594,121.50651,20
500113008,20231017,397,43,23,1,25.02594,121.50651,20
500113008,20231017,398,43,23,1,25.02594,121.50651,20
500113008,20231017,399,43,23,1,25.02594,121.50651,20
500113008,20231017,400,43,23,1,25.02594,121.50651,20
500113008,20231017,401,43,23,1,25.02594,121.50651,20
500113008,20231017,402,43,23,1,25.02594,121.50651,20
500113008,20231017,403,43,23,1,25.02594,121.50651,20
500113008,20231017,404,43,23,1,25.02594,121.50651,20
500113008,20231017,405,43,23,1,25.02594,121.50651,20
500113008,20231017,406,43,23,1,25.02594,121.50651,20
500113008,20231017,407,43,23,1,25.02594,121.50651,20
500113008,20231017,408,43,23,1,25.02594,121.50651,20
500113008,20231017,409,43,23,1,25.02594,121.50651,20
500113008,20231017,410,43,23,1,25.02594,121.50651,20
500113008,20231017,411,43,23,1,25.02594,121.50651,20
500113008,20231017,412,43,22,1,25.02594,121.50651,21
500113008,20231017,413,43,22,1,25.02594,121.50651,21
500113008,20231017,414,43,21,1,25.02594,121.50651,22
500113008,20231017,415,43,21,1,25.02594,121.50651,22
500113008,20231017,416,43,22,1,25.02594,121.50651,21
500113008,20231017,417,43,21,1,25.02594,121.50651,22
500113008,20231017,418,43,21,1,25.02594,121.50651,22
500113008,20231017,419,43,22,1,25.02594,121.50651,21
500113008,20231017,421,43,23,1,25.02594,121.50651,20
500113008,20231017,422,43,25,1,25.02594,121.50651,18
500113008,20231017,423,43,25,1,25.02594,121.50651,18
500113008,20231017,424,43,25,1,25.02594,121.50651,18
500113008,20231017,425,43,25,1,25.02594,121.50651,18
500113008,20231017,426,43,25,1,25.02594,121.50651,18
500113008,20231017,427,43,26,1,25.02594,121.50651,17
500113008,20231017,428,43,27,1,25.02594,121.50651,16
500113008,20231017,429,43,27,1,25.02594,121.50651,16
500113008,20231017,430,43,27,1,25.02594,121.50651,16
500113008,20231017,431,43,27,1,25.02594,121.50651,16
500113008,20231017,432,43,27,1,25.02594,121.50651,16
500113008,20231017,433,43,27,1,25.02594,121.50651,16
500113008,20231017,434,43,28,1,25.02594,121.50651,15
500113008,20231017,435,43,28,1,25.02594,121.50651,15
500113008,20231017,436,43,28,1,25.02594,121.50651,15
500113008,20231017,437,43,28,1,25.02594,121.50651,15
500113008,20231017,438,43,28,1,25.02594,121.50651,15
500113008,20231017,439,43,30,1,25.02594,121.50651,13
500113008,20231017,441,43,30,1,25.02594,121.50651,13
500113008,20231017,442,43,31,1,25.02594,121.50651,12
500113008,20231017,443,43,31,1,25.02594,121.50651,12
500113008,20231017,444,43,32,1,25.02594,121.50651,11
500113008,20231017,445,43,32,1,25.02594,121.50651,11
500113008,20231017,446,43,35,1,25.02594,121.50651,8
500113008,20231017,447,43,34,1,25.02594,121.50651,9
500113008,20231017,448,43,34,1,25.02594,121.50651,9
500113008,20231017,449,43,34,1,25.02594,121.50651,9
500113008,20231017,451,43,34,1,25.02594,121.50651,9
500113008,20231017,452,43,33,1,25.02594,121.50651,10
500113008,20231017,453,43,32,1,25.02594,121.50651,11
500113008,20231017,454,43,32,1,25.02594,121.50651,11
500113008,20231017,455,43,33,1,25.02594,121.50651,10
500113008,20231017,456,43,33,1,25.02594,121.50651,10
500113008,20231017,457,43,34,1,25.02594,121.50651,9
500113008,20231017,458,43,34,1,25.02594,121.50651,9
500113008,20231017,459,43,35,1,25.02594,121.50651,8
500113008,20231017,460,43,34,1,25.02594,121.50651,9
500113008,20231017,461,43,34,1,25.02594,121.50651,9
500113008,20231017,462,43,34,1,25.02594,121.50651,9
500113008,20231017,463,43,34,1,25.02594,121.50651,9
500113008,20231017,464,43,34,1,25.02594,121.50651,9
500113008,20231017,465,43,34,1,25.02594,121.50651,9
500113008,20231017,466,43,34,1,25.02594,121.50651,9
500113008,20231017,467,43,34,1,25.02594,121.50651,9
500113008,20231017,468,43,34,1,25.02594,121.50651,9
500113008,20231017,469,43,36,1,25.02594,121.50651,7
500113008,20231017,470,43,36,1,25.02594,121.50651,7
500113008,20231017,471,43,36,1,25.02594,121.50651,7
500113008,20231017,472,43,36,1,25.02594,121.50651,7
500113008,20231017,473,43,36,1,25.02594,121.50651,7
500113008,20231017,474,43,36,1,25.02594,121.50651,7
500113008,20231017,475,43,38,1,25.02594,121.50651,5
500113008,20231017,476,43,38,1,25.02594,121.50651,5
500113008,20231017,477,43,38,1,25.02594,121.50651,5
500113008,20231017,478,43,38,1,25.02594,121.50651,5
500113008,20231017,479,43,38,1,25.02594,121.50651,5
500113008,20231017,481,43,38,1,25.02594,121.50651,5
500113008,20231017,482,43,38,1,25.02594,121.50651,5
500113008,20231017,483,43,40,1,25.02594,121.50651,3
500113008,20231017,484,43,39,1,25.02594,121.50651,4
500113008,20231017,485,43,39,1,25.02594,121.50651,4
500113008,20231017,486,43,39,1,25.02594,121.50651,4
500113008,20231017,487,43,39,1,25.02594,121.50651,4
500113008,20231017,488,43,39,1,25.02594,121.50651,4
500113008,20231017,489,43,40,1,25.02594,121.50651,3
500113008,20231017,490,43,41,1,25.02594,121.50651,2
500113008,20231017,491,43,40,1,25.02594,121.50651,3
500113008,20231017,492,43,40,1,25.02594,121.50651,3
500113008,20231017,493,43,41,1,25.02594,121.50651,2
500113008,20231017,494,43,41,1,25.02594,121.50651,2
500113008,20231017,495,43,41,1,25.02594,121.50651,2
500113008,20231017,496,43,43,1,25.02594,121.50651,0
500113008,20231017,497,43,42,1,25.02594,121.50651,1
500113008,20231017,498,43,39,1,25.02594,121.50651,4
500113008,20231017,499,43,39,1,25.02594,121.50651,4
500113008,20231017,501,43,39,1,25.02594,121.50651,4
500113008,20231017,502,43,39,1,25.02594,121.50651,4
500113008,20231017,503,43,39,1,25.02594,121.50651,4
500113008,20231017,504,43,41,1,25.02594,121.50651,2
500113008,20231017,505,43,41,1,25.02594,121.50651,2
500113008,20231017,506,43,41,1,25.02594,121.50651,2
500113008,20231017,507,43,41,1,25.02594,121.50651,2
500113008,20231017,508,43,41,1,25.02594,121.50651,2
500113008,20231017,509,43,42,1,25.02594,121.50651,1
500113008,20231017,511,43,42,1,25.02594,121.50651,1
500113008,20231017,512,43,42,1,25.02594,121.50651,1
500113008,20231017,513,43,43,1,25.02594,121.50651,0
500113008,20231017,514,43,43,1,25.02594,121.50651,0
500113008,20231017,515,43,42,1,25.02594,121.50651,1
500113008,20231017,516,43,42,1,25.02594,121.50651,1
500113008,20231017,517,43,41,1,25.02594,121.50651,2
500113008,20231017,518,43,41,1,25.02594,121.50651,2
500113008,20231017,519,43,42,1,25.02594,121.50651,1
500113008,20231017,520,43,42,1,25.02594,121.50651,1
500113008,20231017,521,43,42,1,25.02594,121.50651,1
500113008,20231017,522,43,41,1,25.02594,121.50651,2
500113008,20231017,523,43,41,1,25.02594,121.50651,2
500113008,20231017,524,43,42,1,25.02594,121.50651,1
500113008,20231017,525,43,42,1,25.02594,121.50651,1
500113008,20231017,526,43,42,1,25.02594,121.50651,1
500113008,20231017,527,43,42,1,25.02594,121.50651,1
500113008,20231017,528,43,42,1,25.02594,121.50651,1
500113008,20231017,529,43,42,1,25.02594,121.50651,1
500113008,20231017,530,43,41,1,25.02594,121.50651,2
500113008,20231017,531,43,41,1,25.02594,121.50651,2
500113008,20231017,532,43,41,1,25.02594,121.50651,2
500113008,20231017,533,43,41,1,25.02594,121.50651,2
500113008,20231017,534,43,41,1,25.02594,121.50651,2
500113008,20231017,535,43,41,1,25.02594,121.50651,2
500113008,20231017,536,43,41,1,25.02594,121.50651,2
500113008,20231017,537,43,42,1,25.02594,121.50651,1
500113008,20231017,538,43,42,1,25.02594,121.50651,1
500113008,20231017,539,43,42,1,25.02594,121.50651,1
500113008,20231017,541,43,43,1,25.02594,121.50651,0
500113008,20231017,542,43,43,1,25.02594,121.50651,0
500113008,20231017,543,43,43,1,25.02594,121.50651,0
500113008,20231017,544,43,43,1,25.02594,121.50651,0
500113008,20231017,545,43,41,1,25.02594,121.50651,2
500113008,20231017,546,43,41,1,25.02594,121.50651,2
500113008,20231017,547,43,41,1,25.02594,121.50651,2
500113008,20231017,548,43,41,1,25.02594,121.50651,2
500113008,20231017,549,43,41,1,25.02594,121.50651,2
500113008,20231017,550,43,41,1,25.02594,121.50651,2
500113008,20231017,551,43,41,1,25.02594,121.50651,2
500113008,20231017,552,43,41,1,25.02594,121.50651,2
500113008,20231017,553,43,41,1,25.02594,121.50651,2
500113008,20231017,554,43,40,1,25.02594,121.50651,3
500113008,20231017,555,43,40,1,25.02594,121.50651,3
500113008,20231017,556,43,41,1,25.02594,121.50651,2
500113008,20231017,557,43,41,1,25.02594,121.50651,2
500113008,20231017,558,43,41,1,25.02594,121.50651,2
500113008,20231017,559,43,41,1,25.02594,121.50651,2
500113008,20231017,561,43,41,1,25.02594,121.50651,2
500113008,20231017,562,43,41,1,25.02594,121.50651,2
500113008,20231017,563,43,41,1,25.02594,121.50651,2
500113008,20231017,564,43,40,1,25.02594,121.50651,3
500113008,20231017,565,43,40,1,25.02594,121.50651,3
500113008,20231017,566,43,40,1,25.02594,121.50651,3
500113008,20231017,567,43,40,1,25.02594,121.50651,3
500113008,20231017,568,43,40,1,25.02594,121.50651,3
500113008,20231017,569,43,40,1,25.02594,121.50651,3
500113008,20231017,571,43,40,1,25.02594,121.50651,3
500113008,20231017,572,43,40,1,25.02594,121.50651,3
500113008,20231017,573,43,40,1,25.02594,121.50651,3
500113008,20231017,574,43,40,1,25.02594,121.50651,3
500113008,20231017,575,43,40,1,25.02594,121.50651,3
500113008,20231017,576,43,40,1,25.02594,121.50651,3
500113008,20231017,577,43,40,1,25.02594,121.50651,3
500113008,20231017,578,43,40,1,25.02594,121.50651,3
500113008,20231017,579,43,40,1,25.02594,121.50651,3
500113008,20231017,580,43,40,1,25.02594,121.50651,3
500113008,20231017,581,43,40,1,25.02594,121.50651,3
500113008,20231017,582,43,40,1,25.02594,121.50651,3
500113008,20231017,583,43,41,1,25.02594,121.50651,2
500113008,20231017,584,43,41,1,25.02594,121.50651,2
500113008,20231017,585,43,41,1,25.02594,121.50651,2
500113008,20231017,586,43,41,1,25.02594,121.50651,2
500113008,20231017,587,43,41,1,25.02594,121.50651,2
500113008,20231017,588,43,41,1,25.02594,121.50651,2
500113008,20231017,589,43,41,1,25.02594,121.50651,2
500113008,20231017,590,43,41,1,25.02594,121.50651,2
500113008,20231017,591,43,41,1,25.02594,121.50651,2
500113008,20231017,592,43,41,1,25.02594,121.50651,2
500113008,20231017,593,43,41,1,25.02594,121.50651,2
500113008,20231017,594,43,41,1,25.02594,121.50651,2
500113008,20231017,595,43,41,1,25.02594,121.50651,2
500113008,20231017,596,43,42,1,25.02594,121.50651,1
500113008,20231017,597,43,42,1,25.02594,121.50651,1
500113008,20231017,598,43,42,1,25.02594,121.50651,1
500113008,20231017,599,43,42,1,25.02594,121.50651,1
500113008,20231017,601,43,42,1,25.02594,121.50651,1
500113008,20231017,602,43,42,1,25.02594,121.50651,1
500113008,20231017,603,43,42,1,25.02594,121.50651,1
500113008,20231017,604,43,42,1,25.02594,121.50651,1
500113008,20231017,605,43,42,1,25.02594,121.50651,1
500113008,20231017,606,43,42,1,25.02594,121.50651,1
500113008,20231017,607,43,42,1,25.02594,121.50651,1
500113008,20231017,608,43,42,1,25.02594,121.50651,1
500113008,20231017,609,43,42,1,25.02594,121.50651,1
500113008,20231017,610,43,41,1,25.02594,121.50651,2
500113008,20231017,611,43,41,1,25.02594,121.50651,2
500113008,20231017,612,43,41,1,25.02594,121.50651,2
500113008,20231017,613,43,41,1,25.02594,121.50651,2
500113008,20231017,614,43,41,1,25.02594,121.50651,2
500113008,20231017,616,43,41,1,25.02594,121.50651,2
500113008,20231017,617,43,41,1,25.02594,121.50651,2
500113008,20231017,618,43,41,1,25.02594,121.50651,2
500113008,20231017,619,43,40,1,25.02594,121.50651,3
500113008,20231017,622,43,40,1,25.02594,121.50651,3
500113008,20231017,623,43,40,1,25.02594,121.50651,3
500113008,20231017,624,43,40,1,25.02594,121.50651,3
500113008,20231017,625,43,40,1,25.02594,121.50651,3
500113008,20231017,626,43,40,1,25.02594,121.50651,3
500113008,20231017,627,43,40,1,25.02594,121.50651,3
500113008,20231017,628,43,40,1,25.02594,121.50651,3
500113008,20231017,629,43,40,1,25.02594,121.50651,3
500113008,20231017,631,43,40,1,25.02594,121.50651,3
500113008,20231017,632,43,40,1,25.02594,121.50651,3
500113008,20231017,633,43,40,1,25.02594,121.50651,3
500113008,20231017,634,43,42,1,25.02594,121.50651,1
500113008,20231017,635,43,42,1,25.02594,121.50651,1
500113008,20231017,636,43,41,1,25.02594,121.50651,2
500113008,20231017,637,43,41,1,25.02594,121.50651,2
500113008,20231017,638,43,41,1,25.02594,121.50651,2
500113008,20231017,639,43,41,1,25.02594,121.50651,2
500113008,20231017,640,43,41,1,25.02594,121.50651,2
500113008,20231017,641,43,41,1,25.02594,121.50651,2
500113008,20231017,642,43,40,1,25.02594,121.50651,3
500113008,20231017,643,43,40,1,25.02594,121.50651,3
500113008,20231017,644,43,40,1,25.02594,121.50651,3
500113008,20231017,645,43,40,1,25.02594,121.50651,3
500113008,20231017,646,43,40,1,25.02594,121.50651,3
500113008,20231017,647,43,40,1,25.02594,121.50651,3
500113008,20231017,648,43,40,1,25.02594,121.50651,3
500113008,20231017,649,43,40,1,25.02594,121.50651,3
500113008,20231017,650,43,39,1,25.02594,121.50651,4
500113008,20231017,651,43,39,1,25.02594,121.50651,4
500113008,20231017,652,43,39,1,25.02594,121.50651,4
500113008,20231017,654,43,39,1,25.02594,121.50651,4
500113008,20231017,655,43,40,1,25.02594,121.50651,3
500113008,20231017,656,43,40,1,25.02594,121.50651,3
500113008,20231017,657,43,41,1,25.02594,121.50651,2
500113008,20231017,658,43,41,1,25.02594,121.50651,2
500113008,20231017,659,43,41,1,25.02594,121.50651,2
500113008,20231017,661,43,41,1,25.02594,121.50651,2
500113008,20231017,662,43,41,1,25.02594,121.50651,2
500113008,20231017,663,43,41,1,25.02594,121.50651,2
500113008,20231017,664,43,42,1,25.02594,121.50651,1
500113008,20231017,665,43,42,1,25.02594,121.50651,1
500113008,20231017,666,43,42,1,25.02594,121.50651,1
500113008,20231017,667,43,42,1,25.02594,121.50651,1
500113008,20231017,668,43,42,1,25.02594,121.50651,1
500113008,20231017,669,43,42,1,25.02594,121.50651,1
500113008,20231017,670,43,42,1,25.02594,121.50651,1
500113008,20231017,671,43,42,1,25.02594,121.50651,1
500113008,20231017,672,43,42,1,25.02594,121.50651,1
500113008,20231017,673,43,42,1,25.02594,121.50651,1
500113008,20231017,674,43,42,1,25.02594,121.50651,1
500113008,20231017,675,43,41,1,25.02594,121.50651,2
500113008,20231017,676,43,41,1,25.02594,121.50651,2
500113008,20231017,677,43,40,1,25.02594,121.50651,3
500113008,20231017,679,43,40,1,25.02594,121.50651,3
500113008,20231017,681,43,40,1,25.02594,121.50651,3
500113008,20231017,682,43,40,1,25.02594,121.50651,3
500113008,20231017,683,43,40,1,25.02594,121.50651,3
500113008,20231017,684,43,40,1,25.02594,121.50651,3
500113008,20231017,685,43,40,1,25.02594,121.50651,3
500113008,20231017,686,43,40,1,25.02594,121.50651,3
500113008,20231017,687,43,40,1,25.02594,121.50651,3
500113008,20231017,688,43,40,1,25.02594,121.50651,3
500113008,20231017,689,43,40,1,25.02594,121.50651,3
500113008,20231017,690,43,40,1,25.02594,121.50651,3
500113008,20231017,691,43,40,1,25.02594,121.50651,3
500113008,20231017,692,43,40,1,25.02594,121.50651,3
500113008,20231017,693,43,40,1,25.02594,121.50651,3
500113008,20231017,694,43,40,1,25.02594,121.50651,3
500113008,20231017,695,43,42,1,25.02594,121.50651,1
500113008,20231017,696,43,42,1,25.02594,121.50651,1
500113008,20231017,697,43,42,1,25.02594,121.50651,1
500113008,20231017,698,43,42,1,25.02594,121.50651,1
500113008,20231017,699,43,42,1,25.02594,121.50651,1
500113008,20231017,700,43,42,1,25.02594,121.50651,1
500113008,20231017,701,43,42,1,25.02594,121.50651,1
500113008,20231017,702,43,42,1,25.02594,121.50651,1
500113008,20231017,703,43,42,1,25.02594,121.50651,1
500113008,20231017,704,43,42,1,25.02594,121.50651,1
500113008,20231017,705,43,42,1,25.02594,121.50651,1
500113008,20231017,706,43,42,1,25.02594,121.50651,1
500113008,20231017,707,43,42,1,25.02594,121.50651,1
500113008,20231017,708,43,41,1,25.02594,121.50651,2
500113008,20231017,709,43,41,1,25.02594,121.50651,2
500113008,20231017,710,43,41,1,25.02594,121.50651,2
500113008,20231017,711,43,41,1,25.02594,121.50651,2
500113008,20231017,712,43,41,1,25.02594,121.50651,2
500113008,20231017,713,43,41,1,25.02594,121.50651,2
500113008,20231017,714,43,41,1,25.02594,121.50651,2
500113008,20231017,715,43,41,1,25.02594,121.50651,2
500113008,20231017,716,43,41,1,25.02594,121.50651,2
500113008,20231017,717,43,41,1,25.02594,121.50651,2
500113008,20231017,718,43,41,1,25.02594,121.50651,2
500113008,20231017,719,43,41,1,25.02594,121.50651,2
500113008,20231017,721,43,40,1,25.02594,121.50651,3
500113008,20231017,722,43,41,1,25.02594,121.50651,2
500113008,20231017,723,43,41,1,25.02594,121.50651,2
500113008,20231017,724,43,41,1,25.02594,121.50651,2
500113008,20231017,725,43,41,1,25.02594,121.50651,2
500113008,20231017,726,43,41,1,25.02594,121.50651,2
500113008,20231017,727,43,41,1,25.02594,121.50651,2
500113008,20231017,728,43,41,1,25.02594,121.50651,2
500113008,20231017,729,43,41,1,25.02594,121.50651,2
500113008,20231017,730,43,42,1,25.02594,121.50651,1
500113008,20231017,731,43,42,1,25.02594,121.50651,1
500113008,20231017,732,43,42,1,25.02594,121.50651,1
500113008,20231017,733,43,42,1,25.02594,121.50651,1
500113008,20231017,734,43,42,1,25.02594,121.50651,1
500113008,20231017,735,43,42,1,25.02594,121.50651,1
500113008,20231017,736,43,42,1,25.02594,121.50651,1
500113008,20231017,737,43,42,1,25.02594,121.50651,1
500113008,20231017,738,43,42,1,25.02594,121.50651,1
500113008,20231017,739,43,42,1,25.02594,121.50651,1
500113008,20231017,741,43,42,1,25.02594,121.50651,1
500113008,20231017,742,43,42,1,25.02594,121.50651,1
500113008,20231017,743,43,42,1,25.02594,121.50651,1
500113008,20231017,744,43,42,1,25.02594,121.50651,1
500113008,20231017,745,43,42,1,25.02594,121.50651,1
500113008,20231017,746,43,43,1,25.02594,121.50651,0
500113008,20231017,747,43,43,1,25.02594,121.50651,0
500113008,20231017,748,43,43,1,25.02594,121.50651,0
500113008,20231017,749,43,43,1,25.02594,121.50651,0
500113008,20231017,751,43,43,1,25.02594,121.50651,0
500113008,20231017,752,43,42,1,25.02594,121.50651,1
500113008,20231017,753,43,42,1,25.02594,121.50651,1
500113008,20231017,754,43,42,1,25.02594,121.50651,1
500113008,20231017,755,43,41,1,25.02594,121.50651,2
500113008,20231017,756,43,41,1,25.02594,121.50651,2
500113008,20231017,757,43,41,1,25.02594,121.50651,2
500113008,20231017,758,43,41,1,25.02594,121.50651,2
500113008,20231017,759,43,41,1,25.02594,121.50651,2
500113008,20231017,760,43,41,1,25.02594,121.50651,2
500113008,20231017,761,43,41,1,25.02594,121.50651,2
500113008,20231017,762,43,39,1,25.02594,121.50651,4
500113008,20231017,763,43,40,1,25.02594,121.50651,3
500113008,20231017,764,43,40,1,25.02594,121.50651,3
500113008,20231017,765,43,40,1,25.02594,121.50651,3
500113008,20231017,766,43,40,1,25.02594,121.50651,3
500113008,20231017,767,43,40,1,25.02594,121.50651,3
500113008,20231017,768,43,40,1,25.02594,121.50651,3
500113008,20231017,769,43,40,1,25.02594,121.50651,3
500113008,20231017,770,43,39,1,25.02594,121.50651,4
500113008,20231017,771,43,39,1,25.02594,121.50651,4
500113008,20231017,772,43,38,1,25.02594,121.50651,5
500113008,20231017,773,43,38,1,25.02594,121.50651,5
500113008,20231017,774,43,37,1,25.02594,121.50651,6
500113008,20231017,775,43,37,1,25.02594,121.50651,6
500113008,20231017,776,43,37,1,25.02594,121.50651,6
500113008,20231017,777,43,37,1,25.02594,121.50651,6
500113008,20231017,778,43,37,1,25.02594,121.50651,6
500113008,20231017,779,43,37,1,25.02594,121.50651,6
500113008,20231017,781,43,37,1,25.02594,121.50651,6
500113008,20231017,782,43,37,1,25.02594,121.50651,6
500113008,20231017,783,43,37,1,25.02594,121.50651,6
500113008,20231017,784,43,37,1,25.02594,121.50651,6
500113008,20231017,785,43,37,1,25.02594,121.50651,6
500113008,20231017,786,43,37,1,25.02594,121.50651,6
500113008,20231017,787,43,37,1,25.02594,121.50651,6
500113008,20231017,788,43,37,1,25.02594,121.50651,6
500113008,20231017,789,43,38,1,25.02594,121.50651,5
500113008,20231017,790,43,38,1,25.02594,121.50651,5
500113008,20231017,791,43,38,1,25.02594,121.50651,5
500113008,20231017,792,43,38,1,25.02594,121.50651,5
500113008,20231017,793,43,38,1,25.02594,121.50651,5
500113008,20231017,794,43,38,1,25.02594,121.50651,5
500113008,20231017,795,43,38,1,25.02594,121.50651,5
500113008,20231017,796,43,38,1,25.02594,121.50651,5
500113008,20231017,797,43,38,1,25.02594,121.50651,5
500113008,20231017,798,43,38,1,25.02594,121.50651,5
500113008,20231017,799,43,38,1,25.02594,121.50651,5
500113008,20231017,801,43,39,1,25.02594,121.50651,4
500113008,20231017,802,43,39,1,25.02594,121.50651,4
500113008,20231017,803,43,39,1,25.02594,121.50651,4
500113008,20231017,804,43,40,1,25.02594,121.50651,3
500113008,20231017,805,43,41,1,25.02594,121.50651,2
500113008,20231017,806,43,41,1,25.02594,121.50651,2
500113008,20231017,807,43,41,1,25.02594,121.50651,2
500113008,20231017,808,43,41,1,25.02594,121.50651,2
500113008,20231017,809,43,41,1,25.02594,121.50651,2
500113008,20231017,811,43,41,1,25.02594,121.50651,2
500113008,20231017,812,43,41,1,25.02594,121.50651,2
500113008,20231017,813,43,41,1,25.02594,121.50651,2
500113008,20231017,814,43,42,1,25.02594,121.50651,1
500113008,20231017,815,43,42,1,25.02594,121.50651,1
500113008,20231017,816,43,42,1,25.02594,121.50651,1
500113008,20231017,817,43,41,1,25.02594,121.50651,2
500113008,20231017,818,43,41,1,25.02594,121.50651,2
500113008,20231017,819,43,41,1,25.02594,121.50651,2
500113008,20231017,820,43,41,1,25.02594,121.50651,2
500113008,20231017,821,43,41,1,25.02594,121.50651,2
500113008,20231017,822,43,41,1,25.02594,121.50651,2
500113008,20231017,823,43,41,1,25.02594,121.50651,2
500113008,20231017,824,43,41,1,25.02594,121.50651,2
500113008,20231017,825,43,41,1,25.02594,121.50651,2
500113008,20231017,826,43,41,1,25.02594,121.50651,2
500113008,20231017,827,43,41,1,25.02594,121.50651,2
500113008,20231017,828,43,41,1,25.02594,121.50651,2
500113008,20231017,829,43,41,1,25.02594,121.50651,2
500113008,20231017,830,43,41,1,25.02594,121.50651,2
500113008,20231017,831,43,42,1,25.02594,121.50651,1
500113008,20231017,832,43,42,1,25.02594,121.50651,1
500113008,20231017,833,43,42,1,25.02594,121.50651,1
500113008,20231017,834,43,42,1,25.02594,121.50651,1
500113008,20231017,835,43,42,1,25.02594,121.50651,1
500113008,20231017,836,43,42,1,25.02594,121.50651,1
500113008,20231017,837,43,42,1,25.02594,121.50651,1
500113008,20231017,838,43,42,1,25.02594,121.50651,1
500113008,20231017,839,43,42,1,25.02594,121.50651,1
500113008,20231017,841,43,41,1,25.02594,121.50651,2
500113008,20231017,842,43,41,1,25.02594,121.50651,2
500113008,20231017,843,43,41,1,25.02594,121.50651,2
500113008,20231017,844,43,41,1,25.02594,121.50651,2
500113008,20231017,845,43,41,1,25.02594,121.50651,2
500113008,20231017,846,43,41,1,25.02594,121.50651,2
500113008,20231017,847,43,41,1,25.02594,121.50651,2
500113008,20231017,848,43,41,1,25.02594,121.50651,2
500113008,20231017,849,43,41,1,25.02594,121.50651,2
500113008,20231017,850,43,41,1,25.02594,121.50651,2
500113008,20231017,851,43,42,1,25.02594,121.50651,1
500113008,20231017,852,43,42,1,25.02594,121.50651,1
500113008,20231017,853,43,42,1,25.02594,121.50651,1
500113008,20231017,854,43,42,1,25.02594,121.50651,1
500113008,20231017,855,43,42,1,25.02594,121.50651,1
500113008,20231017,856,43,42,1,25.02594,121.50651,1
500113008,20231017,857,43,42,1,25.02594,121.50651,1
500113008,20231017,858,43,42,1,25.02594,121.50651,1
500113008,20231017,859,43,43,1,25.02594,121.50651,0
500113008,20231017,861,43,43,1,25.02594,121.50651,0
500113008,20231017,862,43,43,1,25.02594,121.50651,0
500113008,20231017,863,43,43,1,25.02594,121.50651,0
500113008,20231017,864,43,43,1,25.02594,121.50651,0
500113008,20231017,865,43,43,1,25.02594,121.50651,0
500113008,20231017,866,43,43,1,25.02594,121.50651,0
500113008,20231017,867,43,43,1,25.02594,121.50651,0
500113008,20231017,868,43,43,1,25.02594,121.50651,0
500113008,20231017,869,43,43,1,25.02594,121.50651,0
500113008,20231017,870,43,43,1,25.02594,121.50651,0
500113008,20231017,871,43,42,1,25.02594,121.50651,1
500113008,20231017,872,43,42,1,25.02594,121.50651,1
500113008,20231017,873,43,42,1,25.02594,121.50651,1
500113008,20231017,874,43,42,1,25.02594,121.50651,1
500113008,20231017,875,43,41,1,25.02594,121.50651,2
500113008,20231017,876,43,41,1,25.02594,121.50651,2
500113008,20231017,877,43,42,1,25.02594,121.50651,1
500113008,20231017,878,43,42,1,25.02594,121.50651,1
500113008,20231017,879,43,42,1,25.02594,121.50651,1
500113008,20231017,880,43,42,1,25.02594,121.50651,1
500113008,20231017,881,43,42,1,25.02594,121.50651,1
500113008,20231017,882,43,42,1,25.02594,121.50651,1
500113008,20231017,883,43,42,1,25.02594,121.50651,1
500113008,20231017,884,43,43,1,25.02594,121.50651,0
500113008,20231017,885,43,43,1,25.02594,121.50651,0
500113008,20231017,886,43,43,1,25.02594,121.50651,0
500113008,20231017,887,43,43,1,25.02594,121.50651,0
500113008,20231017,888,43,43,1,25.02594,121.50651,0
500113008,20231017,889,43,43,1,25.02594,121.50651,0
500113008,20231017,890,43,43,1,25.02594,121.50651,0
500113008,20231017,891,43,43,1,25.02594,121.50651,0
500113008,20231017,892,43,43,1,25.02594,121.50651,0
500113008,20231017,893,43,43,1,25.02594,121.50651,0
500113008,20231017,894,43,43,1,25.02594,121.50651,0
500113008,20231017,895,43,43,1,25.02594,121.50651,0
500113008,20231017,896,43,43,1,25.02594,121.50651,0
500113008,20231017,897,43,43,1,25.02594,121.50651,0
500113008,20231017,898,43,43,1,25.02594,121.50651,0
500113008,20231017,899,43,43,1,25.02594,121.50651,0
500113008,20231017,901,43,43,1,25.02594,121.50651,0
500113008,20231017,902,43,43,1,25.02594,121.50651,0
500113008,20231017,904,43,43,1,25.02594,121.50651,0
500113008,20231017,905,43,43,1,25.02594,121.50651,0
500113008,20231017,906,43,43,1,25.02594,121.50651,0
500113008,20231017,907,43,43,1,25.02594,121.50651,0
500113008,20231017,908,43,43,1,25.02594,121.50651,0
500113008,20231017,909,43,43,1,25.02594,121.50651,0
500113008,20231017,910,43,43,1,25.02594,121.50651,0
500113008,20231017,911,43,43,1,25.02594,121.50651,0
500113008,20231017,912,43,42,1,25.02594,121.50651,1
500113008,20231017,913,43,42,1,25.02594,121.50651,1
500113008,20231017,914,43,41,1,25.02594,121.50651,2
500113008,20231017,915,43,41,1,25.02594,121.50651,2
500113008,20231017,916,43,41,1,25.02594,121.50651,2
500113008,20231017,917,43,41,1,25.02594,121.50651,2
500113008,20231017,918,43,41,1,25.02594,121.50651,2
500113008,20231017,919,43,41,1,25.02594,121.50651,2
500113008,20231017,921,43,42,1,25.02594,121.50651,1
500113008,20231017,922,43,42,1,25.02594,121.50651,1
500113008,20231017,923,43,40,1,25.02594,121.50651,3
500113008,20231017,924,43,40,1,25.02594,121.50651,3
500113008,20231017,925,43,40,1,25.02594,121.50651,3
500113008,20231017,926,43,40,1,25.02594,121.50651,3
500113008,20231017,927,43,40,1,25.02594,121.50651,3
500113008,20231017,928,43,40,1,25.02594,121.50651,3
500113008,20231017,929,43,40,1,25.02594,121.50651,3
500113008,20231017,930,43,40,1,25.02594,121.50651,3
500113008,20231017,931,43,40,1,25.02594,121.50651,3
500113008,20231017,932,43,40,1,25.02594,121.50651,3
500113008,20231017,933,43,40,1,25.02594,121.50651,3
500113008,20231017,934,43,40,1,25.02594,121.50651,3
500113008,20231017,935,43,41,1,25.02594,121.50651,2
500113008,20231017,936,43,41,1,25.02594,121.50651,2
500113008,20231017,937,43,41,1,25.02594,121.50651,2
500113008,20231017,938,43,41,1,25.02594,121.50651,2
500113008,20231017,939,43,41,1,25.02594,121.50651,2
500113008,20231017,940,43,40,1,25.02594,121.50651,3
500113008,20231017,941,43,40,1,25.02594,121.50651,3
500113008,20231017,942,43,40,1,25.02594,121.50651,3
500113008,20231017,943,43,41,1,25.02594,121.50651,2
500113008,20231017,944,43,41,1,25.02594,121.50651,2
500113008,20231017,945,43,41,1,25.02594,121.50651,2
500113008,20231017,946,43,41,1,25.02594,121.50651,2
500113008,20231017,947,43,41,1,25.02594,121.50651,2
500113008,20231017,948,43,41,1,25.02594,121.50651,2
500113008,20231017,949,43,41,1,25.02594,121.50651,2
500113008,20231017,950,43,41,1,25.02594,121.50651,2
500113008,20231017,951,43,41,1,25.02594,121.50651,2
500113008,20231017,952,43,41,1,25.02594,121.50651,2
500113008,20231017,953,43,41,1,25.02594,121.50651,2
500113008,20231017,954,43,41,1,25.02594,121.50651,2
500113008,20231017,955,43,41,1,25.02594,121.50651,2
500113008,20231017,956,43,40,1,25.02594,121.50651,3
500113008,20231017,957,43,40,1,25.02594,121.50651,3
500113008,20231017,958,43,40,1,25.02594,121.50651,3
500113008,20231017,959,43,40,1,25.02594,121.50651,3
500113008,20231017,961,43,40,1,25.02594,121.50651,3
500113008,20231017,962,43,39,1,25.02594,121.50651,4
500113008,20231017,963,43,39,1,25.02594,121.50651,4
500113008,20231017,964,43,39,1,25.02594,121.50651,4
500113008,20231017,965,43,39,1,25.02594,121.50651,4
500113008,20231017,966,43,39,1,25.02594,121.50651,4
500113008,20231017,967,43,38,1,25.02594,121.50651,5
500113008,20231017,968,43,37,1,25.02594,121.50651,6
500113008,20231017,969,43,37,1,25.02594,121.50651,6
500113008,20231017,971,43,38,1,25.02594,121.50651,5
500113008,20231017,972,43,38,1,25.02594,121.50651,5
500113008,20231017,973,43,39,1,25.02594,121.50651,4
500113008,20231017,974,43,39,1,25.02594,121.50651,4
500113008,20231017,975,43,39,1,25.02594,121.50651,4
500113008,20231017,977,43,36,1,25.02594,121.50651,7
500113008,20231017,978,43,36,1,25.02594,121.50651,7
500113008,20231017,979,43,36,1,25.02594,121.50651,7
500113008,20231017,981,43,37,1,25.02594,121.50651,6
500113008,20231017,982,43,37,1,25.02594,121.50651,6
500113008,20231017,983,43,37,1,25.02594,121.50651,6
500113008,20231017,984,43,33,1,25.02594,121.50651,10
500113008,20231017,985,43,33,1,25.02594,121.50651,10
500113008,20231017,986,43,33,1,25.02594,121.50651,10
500113008,20231017,987,43,32,1,25.02594,121.50651,11
500113008,20231017,988,43,31,1,25.02594,121.50651,12
500113008,20231017,989,43,30,1,25.02594,121.50651,13
500113008,20231017,991,43,30,1,25.02594,121.50651,13
500113008,20231017,992,43,30,1,25.02594,121.50651,13
500113008,20231017,993,43,29,1,25.02594,121.50651,14
500113008,20231017,994,43,29,1,25.02594,121.50651,14
500113008,20231017,995,43,27,1,25.02594,121.50651,16
500113008,20231017,996,43,27,1,25.02594,121.50651,16
500113008,20231017,997,43,28,1,25.02594,121.50651,15
500113008,20231017,998,43,28,1,25.02594,121.50651,15
500113008,20231017,999,43,29,1,25.02594,121.50651,14
500113008,20231017,1001,43,29,1,25.02594,121.50651,14
500113008,20231017,1002,43,29,1,25.02594,121.50651,14
500113008,20231017,1003,43,29,1,25.02594,121.50651,14
500113008,20231017,1004,43,29,1,25.02594,121.50651,14
500113008,20231017,1005,43,29,1,25.02594,121.50651,14
500113008,20231017,1006,43,29,1,25.02594,121.50651,14
500113008,20231017,1007,43,29,1,25.02594,121.50651,14
500113008,20231017,1008,43,29,1,25.02594,121.50651,14
500113008,20231017,1009,43,29,1,25.02594,121.50651,14
500113008,20231017,1010,43,30,1,25.02594,121.50651,13
500113008,20231017,1011,43,29,1,25.02594,121.50651,14
500113008,20231017,1012,43,29,1,25.02594,121.50651,14
500113008,20231017,1013,43,29,1,25.02594,121.50651,14
500113008,20231017,1015,43,29,1,25.02594,121.50651,14
500113008,20231017,1016,43,29,1,25.02594,121.50651,14
500113008,20231017,1017,43,28,1,25.02594,121.50651,15
500113008,20231017,1018,43,26,1,25.02594,121.50651,17
500113008,20231017,1019,43,25,1,25.02594,121.50651,18
500113008,20231017,1021,43,25,1,25.02594,121.50651,18
500113008,20231017,1022,43,26,1,25.02594,121.50651,17
500113008,20231017,1023,43,27,1,25.02594,121.50651,16
500113008,20231017,1025,43,27,1,25.02594,121.50651,16
500113008,20231017,1026,43,27,1,25.02594,121.50651,16
500113008,20231017,1027,43,27,1,25.02594,121.50651,16
500113008,20231017,1028,43,26,1,25.02594,121.50651,17
500113008,20231017,1029,43,26,1,25.02594,121.50651,17
500113008,20231017,1030,43,26,1,25.02594,121.50651,17
500113008,20231017,1031,43,26,1,25.02594,121.50651,17
500113008,20231017,1032,43,25,1,25.02594,121.50651,18
500113008,20231017,1033,43,25,1,25.02594,121.50651,18
500113008,20231017,1034,43,25,1,25.02594,121.50651,18
500113008,20231017,1035,43,25,1,25.02594,121.50651,18
500113008,20231017,1036,43,25,1,25.02594,121.50651,18
500113008,20231017,1037,43,25,1,25.02594,121.50651,18
500113008,20231017,1038,43,24,1,25.02594,121.50651,19
500113008,20231017,1039,43,24,1,25.02594,121.50651,19
500113008,20231017,1041,43,25,1,25.02594,121.50651,18
500113008,20231017,1042,43,24,1,25.02594,121.50651,19
500113008,20231017,1043,43,25,1,25.02594,121.50651,18
500113008,20231017,1044,43,25,1,25.02594,121.50651,18
500113008,20231017,1045,43,25,1,25.02594,121.50651,18
500113008,20231017,1046,43,25,1,25.02594,121.50651,18
500113008,20231017,1047,43,24,1,25.02594,121.50651,19
500113008,20231017,1048,43,24,1,25.02594,121.50651,19
500113008,20231017,1049,43,24,1,25.02594,121.50651,19
500113008,20231017,1051,43,22,1,25.02594,121.50651,21
500113008,20231017,1052,43,22,1,25.02594,121.50651,21
500113008,20231017,1053,43,22,1,25.02594,121.50651,21
500113008,20231017,1054,43,22,1,25.02594,121.50651,21
500113008,20231017,1055,43,20,1,25.02594,121.50651,23
500113008,20231017,1056,43,21,1,25.02594,121.50651,22
500113008,20231017,1057,43,21,1,25.02594,121.50651,22
500113008,20231017,1058,43,22,1,25.02594,121.50651,21
500113008,20231017,1059,43,22,1,25.02594,121.50651,21
500113008,20231017,1060,43,21,1,25.02594,121.50651,22
500113008,20231017,1061,43,21,1,25.02594,121.50651,22
500113008,20231017,1062,43,19,1,25.02594,121.50651,24
500113008,20231017,1063,43,18,1,25.02594,121.50651,25
500113008,20231017,1064,43,17,1,25.02594,121.50651,26
500113008,20231017,1065,43,17,1,25.02594,121.50651,26
500113008,20231017,1066,43,17,1,25.02594,121.50651,26
500113008,20231017,1067,43,17,1,25.02594,121.50651,26
500113008,20231017,1068,43,18,1,25.02594,121.50651,25
500113008,20231017,1069,43,18,1,25.02594,121.50651,25
500113008,20231017,1070,43,18,1,25.02594,121.50651,25
500113008,20231017,1071,43,18,1,25.02594,121.50651,25
500113008,20231017,1072,43,19,1,25.02594,121.50651,24
500113008,20231017,1073,43,20,1,25.02594,121.50651,23
500113008,20231017,1074,43,20,1,25.02594,121.50651,23
500113008,20231017,1075,43,20,1,25.02594,121.50651,23
500113008,20231017,1076,43,21,1,25.02594,121.50651,22
500113008,20231017,1077,43,22,1,25.02594,121.50651,21
500113008,20231017,1078,43,22,1,25.02594,121.50651,21
500113008,20231017,1079,43,22,1,25.02594,121.50651,21
500113008,20231017,1081,43,22,1,25.02594,121.50651,21
500113008,20231017,1082,43,22,1,25.02594,121.50651,21
500113008,20231017,1083,43,21,1,25.02594,121.50651,22
500113008,20231017,1084,43,21,1,25.02594,121.50651,22
500113008,20231017,1085,43,21,1,25.02594,121.50651,22
500113008,20231017,1086,43,22,1,25.02594,121.50651,21
500113008,20231017,1087,43,22,1,25.02594,121.50651,21
500113008,20231017,1088,43,25,1,25.02594,121.50651,18
500113008,20231017,1089,43,25,1,25.02594,121.50651,18
500113008,20231017,1090,43,23,1,25.02594,121.50651,20
500113008,20231017,1091,43,23,1,25.02594,121.50651,20
500113008,20231017,1092,43,23,1,25.02594,121.50651,20
500113008,20231017,1093,43,23,1,25.02594,121.50651,20
500113008,20231017,1094,43,23,1,25.02594,121.50651,20
500113008,20231017,1095,43,23,1,25.02594,121.50651,20
500113008,20231017,1096,43,21,1,25.02594,121.50651,22
500113008,20231017,1097,43,21,1,25.02594,121.50651,22
500113008,20231017,1098,43,20,1,25.02594,121.50651,23
500113008,20231017,1099,43,20,1,25.02594,121.50651,23
500113008,20231017,1101,43,18,1,25.02594,121.50651,25
500113008,20231017,1102,43,16,1,25.02594,121.50651,27
500113008,20231017,1103,43,16,1,25.02594,121.50651,27
500113008,20231017,1104,43,16,1,25.02594,121.50651,27
500113008,20231017,1105,43,16,1,25.02594,121.50651,27
500113008,20231017,1106,43,16,1,25.02594,121.50651,27
500113008,20231017,1107,43,15,1,25.02594,121.50651,28
500113008,20231017,1108,43,14,1,25.02594,121.50651,29
500113008,20231017,1109,43,14,1,25.02594,121.50651,29
500113008,20231017,1111,43,14,1,25.02594,121.50651,29
500113008,20231017,1112,43,14,1,25.02594,121.50651,29
500113008,20231017,1113,43,14,1,25.02594,121.50651,29
500113008,20231017,1114,43,13,1,25.02594,121.50651,30
500113008,20231017,1115,43,13,1,25.02594,121.50651,30
500113008,20231017,1116,43,12,1,25.02594,121.50651,31
500113008,20231017,1117,43,12,1,25.02594,121.50651,31
500113008,20231017,1118,43,12,1,25.02594,121.50651,31
500113008,20231017,1119,43,12,1,25.02594,121.50651,31
500113008,20231017,1120,43,12,1,25.02594,121.50651,31
500113008,20231017,1121,43,11,1,25.02594,121.50651,32
500113008,20231017,1122,43,11,1,25.02594,121.50651,32
500113008,20231017,1123,43,10,1,25.02594,121.50651,33
500113008,20231017,1124,43,10,1,25.02594,121.50651,33
500113008,20231017,1125,43,9,1,25.02594,121.50651,34
500113008,20231017,1126,43,9,1,25.02594,121.50651,34
500113008,20231017,1127,43,9,1,25.02594,121.50651,34
500113008,20231017,1128,43,9,1,25.02594,121.50651,34
500113008,20231017,1129,43,9,1,25.02594,121.50651,34
500113008,20231017,1130,43,9,1,25.02594,121.50651,34
500113008,20231017,1131,43,9,1,25.02594,121.50651,34
500113008,20231017,1132,43,9,1,25.02594,121.50651,34
500113008,20231017,1133,43,9,1,25.02594,121.50651,34
500113008,20231017,1134,43,9,1,25.02594,121.50651,34
500113008,20231017,1135,43,9,1,25.02594,121.50651,34
500113008,20231017,1136,43,9,1,25.02594,121.50651,34
500113008,20231017,1137,43,9,1,25.02594,121.50651,34
500113008,20231017,1138,43,9,1,25.02594,121.50651,34
500113008,20231017,1139,43,8,1,25.02594,121.50651,35
500113008,20231017,1141,43,8,1,25.02594,121.50651,35
500113008,20231017,1142,43,8,1,25.02594,121.50651,35
500113008,20231017,1143,43,8,1,25.02594,121.50651,35
500113008,20231017,1144,43,8,1,25.02594,121.50651,35
500113008,20231017,1145,43,11,1,25.02594,121.50651,32
500113008,20231017,1146,43,11,1,25.02594,121.50651,32
500113008,20231017,1147,43,10,1,25.02594,121.50651,33
500113008,20231017,1148,43,11,1,25.02594,121.50651,32
500113008,20231017,1149,43,12,1,25.02594,121.50651,31
500113008,20231017,1150,43,13,1,25.02594,121.50651,30
500113008,20231017,1151,43,13,1,25.02594,121.50651,30
500113008,20231017,1152,43,13,1,25.02594,121.50651,30
500113008,20231017,1153,43,14,1,25.02594,121.50651,29
500113008,20231017,1154,43,14,1,25.02594,121.50651,29
500113008,20231017,1155,43,14,1,25.02594,121.50651,29
500113008,20231017,1156,43,14,1,25.02594,121.50651,29
500113008,20231017,1157,43,14,1,25.02594,121.50651,29
500113008,20231017,1158,43,13,1,25.02594,121.50651,30
500113008,20231017,1159,43,14,1,25.02594,121.50651,29
500113008,20231017,1161,43,14,1,25.02594,121.50651,29
500113008,20231017,1162,43,13,1,25.02594,121.50651,30
500113008,20231017,1163,43,13,1,25.02594,121.50651,30
500113008,20231017,1164,43,12,1,25.02594,121.50651,31
500113008,20231017,1165,43,12,1,25.02594,121.50651,31
500113008,20231017,1166,43,12,1,25.02594,121.50651,31
500113008,20231017,1167,43,10,1,25.02594,121.50651,33
500113008,20231017,1168,43,9,1,25.02594,121.50651,34
500113008,20231017,1169,43,8,1,25.02594,121.50651,35
500113008,20231017,1171,43,8,1,25.02594,121.50651,35
500113008,20231017,1172,43,8,1,25.02594,121.50651,35
500113008,20231017,1173,43,8,1,25.02594,121.50651,35
500113008,20231017,1174,43,9,1,25.02594,121.50651,34
500113008,20231017,1175,43,9,1,25.02594,121.50651,34
500113008,20231017,1176,43,9,1,25.02594,121.50651,34
500113008,20231017,1177,43,9,1,25.02594,121.50651,34
500113008,20231017,1178,43,9,1,25.02594,121.50651,34
500113008,20231017,1179,43,9,1,25.02594,121.50651,34
500113008,20231017,1180,43,9,1,25.02594,121.50651,34
500113008,20231017,1181,43,9,1,25.02594,121.50651,34
500113008,20231017,1182,43,9,1,25.02594,121.50651,34
500113008,20231017,1183,43,8,1,25.02594,121.50651,35
500113008,20231017,1184,43,8,1,25.02594,121.50651,35
500113008,20231017,1185,43,8,1,25.02594,121.50651,35
500113008,20231017,1186,43,8,1,25.02594,121.50651,35
500113008,20231017,1187,43,8,1,25.02594,121.50651,35
500113008,20231017,1188,43,8,1,25.02594,121.50651,35
500113008,20231017,1190,43,8,1,25.02594,121.50651,35
500113008,20231017,1191,43,8,1,25.02594,121.50651,35
500113008,20231017,1192,43,7,1,25.02594,121.50651,36
500113008,20231017,1193,43,7,1,25.02594,121.50651,36
500113008,20231017,1194,43,7,1,25.02594,121.50651,36
500113008,20231017,1195,43,7,1,25.02594,121.50651,36
500113008,20231017,1196,43,6,1,25.02594,121.50651,37
500113008,20231017,1197,43,6,1,25.02594,121.50651,37
500113008,20231017,1198,43,6,1,25.02594,121.50651,37
500113008,20231017,1199,43,6,1,25.02594,121.50651,37
500113008,20231017,1201,43,6,1,25.02594,121.50651,37
500113008,20231017,1202,43,6,1,25.02594,121.50651,37
500113008,20231017,1203,43,6,1,25.02594,121.50651,37
500113008,20231017,1204,43,6,1,25.02594,121.50651,37
500113008,20231017,1205,43,6,1,25.02594,121.50651,37
500113008,20231017,1206,43,6,1,25.02594,121.50651,37
500113008,20231017,1207,43,7,1,25.02594,121.50651,36
500113008,20231017,1208,43,9,1,25.02594,121.50651,34
500113008,20231017,1209,43,11,1,25.02594,121.50651,32
500113008,20231017,1210,43,13,1,25.02594,121.50651,30
500113008,20231017,1211,43,15,1,25.02594,121.50651,28
500113008,20231017,1212,43,18,1,25.02594,121.50651,25
500113008,20231017,1213,43,20,1,25.02594,121.50651,23
500113008,20231017,1214,43,20,1,25.02594,121.50651,23
500113008,20231017,1215,43,22,1,25.02594,121.50651,21
500113008,20231017,1216,43,23,1,25.02594,121.50651,20
500113008,20231017,1217,43,23,1,25.02594,121.50651,20
500113008,20231017,1218,43,25,1,25.02594,121.50651,18
500113008,20231017,1219,43,25,1,25.02594,121.50651,18
500113008,20231017,1221,43,26,1,25.02594,121.50651,17
500113008,20231017,1222,43,26,1,25.02594,121.50651,17
500113008,20231017,1223,43,26,1,25.02594,121.50651,17
500113008,20231017,1224,43,26,1,25.02594,121.50651,17
500113008,20231017,1225,43,26,1,25.02594,121.50651,17
500113008,20231017,1226,43,26,1,25.02594,121.50651,17
500113008,20231017,1227,43,26,1,25.02594,121.50651,17
500113008,20231017,1228,43,26,1,25.02594,121.50651,17
500113008,20231017,1229,43,26,1,25.02594,121.50651,17
500113008,20231017,1231,43,26,1,25.02594,121.50651,17
500113008,20231017,1232,43,26,1,25.02594,121.50651,17
500113008,20231017,1233,43,27,1,25.02594,121.50651,16
500113008,20231017,1234,43,27,1,25.02594,121.50651,16
500113008,20231017,1235,43,27,1,25.02594,121.50651,16
500113008,20231017,1236,43,27,1,25.02594,121.50651,16
500113008,20231017,1237,43,27,1,25.02594,121.50651,16
500113008,20231017,1238,43,26,1,25.02594,121.50651,17
500113008,20231017,1239,43,26,1,25.02594,121.50651,17
500113008,20231017,1240,43,25,1,25.02594,121.50651,18
500113008,20231017,1241,43,25,1,25.02594,121.50651,18
500113008,20231017,1242,43,25,1,25.02594,121.50651,18
500113008,20231017,1243,43,25,1,25.02594,121.50651,18
500113008,20231017,1244,43,25,1,25.02594,121.50651,18
500113008,20231017,1245,43,25,1,25.02594,121.50651,18
500113008,20231017,1246,43,23,1,25.02594,121.50651,20
500113008,20231017,1247,43,23,1,25.02594,121.50651,20
500113008,20231017,1248,43,24,1,25.02594,121.50651,19
500113008,20231017,1249,43,24,1,25.02594,121.50651,19
500113008,20231017,1250,43,24,1,25.02594,121.50651,19
500113008,20231017,1251,43,24,1,25.02594,121.50651,19
500113008,20231017,1252,43,24,1,25.02594,121.50651,19
500113008,20231017,1253,43,24,1,25.02594,121.50651,19
500113008,20231017,1254,43,24,1,25.02594,121.50651,19
500113008,20231017,1255,43,24,1,25.02594,121.50651,19
500113008,20231017,1256,43,24,1,25.02594,121.50651,19
500113008,20231017,1257,43,23,1,25.02594,121.50651,20
500113008,20231017,1258,43,23,1,25.02594,121.50651,20
500113008,20231017,1259,43,22,1,25.02594,121.50651,21
500113008,20231017,1261,43,22,1,25.02594,121.50651,21
500113008,20231017,1262,43,22,1,25.02594,121.50651,21
500113008,20231017,1263,43,22,1,25.02594,121.50651,21
500113008,20231017,1264,43,22,1,25.02594,121.50651,21
500113008,20231017,1265,43,22,1,25.02594,121.50651,21
500113008,20231017,1266,43,22,1,25.02594,121.50651,21
500113008,20231017,1267,43,22,1,25.02594,121.50651,21
500113008,20231017,1268,43,22,1,25.02594,121.50651,21
500113008,20231017,1269,43,22,1,25.02594,121.50651,21
500113008,20231017,1270,43,22,1,25.02594,121.50651,21
500113008,20231017,1271,43,22,1,25.02594,121.50651,21
500113008,20231017,1272,43,22,1,25.02594,121.50651,21
500113008,20231017,1273,43,23,1,25.02594,121.50651,20
500113008,20231017,1274,43,23,1,25.02594,121.50651,20
500113008,20231017,1275,43,23,1,25.02594,121.50651,20
500113008,20231017,1276,43,22,1,25.02594,121.50651,21
500113008,20231017,1277,43,22,1,25.02594,121.50651,21
500113008,20231017,1278,43,22,1,25.02594,121.50651,21
500113008,20231017,1279,43,22,1,25.02594,121.50651,21
500113008,20231017,1281,43,23,1,25.02594,121.50651,20
500113008,20231017,1282,43,23,1,25.02594,121.50651,20
500113008,20231017,1283,43,23,1,25.02594,121.50651,20
500113008,20231017,1284,43,23,1,25.02594,121.50651,20
500113008,20231017,1285,43,21,1,25.02594,121.50651,22
500113008,20231017,1286,43,21,1,25.02594,121.50651,22
500113008,20231017,1287,43,21,1,25.02594,121.50651,22
500113008,20231017,1288,43,21,1,25.02594,121.50651,22
500113008,20231017,1289,43,21,1,25.02594,121.50651,22
500113008,20231017,1291,43,22,1,25.02594,121.50651,21
500113008,20231017,1292,43,22,1,25.02594,121.50651,21
500113008,20231017,1293,43,22,1,25.02594,121.50651,21
500113008,20231017,1294,43,22,1,25.02594,121.50651,21
500113008,20231017,1295,43,21,1,25.02594,121.50651,22
500113008,20231017,1296,43,21,1,25.02594,121.50651,22
500113008,20231017,1297,43,21,1,25.02594,121.50651,22
500113008,20231017,1298,43,20,1,25.02594,121.50651,23
500113008,20231017,1299,43,20,1,25.02594,121.50651,23
500113008,20231017,1300,43,20,1,25.02594,121.50651,23
500113008,20231017,1301,43,21,1,25.02594,121.50651,22
500113008,20231017,1302,43,21,1,25.02594,121.50651,22
500113008,20231017,1303,43,22,1,25.02594,121.50651,21
500113008,20231017,1304,43,22,1,25.02594,121.50651,21
500113008,20231017,1305,43,22,1,25.02594,121.50651,21
500113008,20231017,1306,43,23,1,25.02594,121.50651,20
500113008,20231017,1307,43,23,1,25.02594,121.50651,20
500113008,20231017,1308,43,23,1,25.02594,121.50651,20
500113008,20231017,1309,43,22,1,25.02594,121.50651,21
500113008,20231017,1310,43,22,1,25.02594,121.50651,21
500113008,20231017,1311,43,22,1,25.02594,121.50651,21
500113008,20231017,1312,43,22,1,25.02594,121.50651,21
500113008,20231017,1313,43,23,1,25.02594,121.50651,20
500113008,20231017,1314,43,22,1,25.02594,121.50651,21
500113008,20231017,1315,43,22,1,25.02594,121.50651,21
500113008,20231017,1316,43,20,1,25.02594,121.50651,23
500113008,20231017,1317,43,20,1,25.02594,121.50651,23
500113008,20231017,1318,43,20,1,25.02594,121.50651,23
500113008,20231017,1319,43,20,1,25.02594,121.50651,23
500113008,20231017,1321,43,20,1,25.02594,121.50651,23
500113008,20231017,1322,43,20,1,25.02594,121.50651,23
500113008,20231017,1323,43,20,1,25.02594,121.50651,23
500113008,20231017,1324,43,20,1,25.02594,121.50651,23
500113008,20231017,1325,43,20,1,25.02594,121.50651,23
500113008,20231017,1326,43,20,1,25.02594,121.50651,23
500113008,20231017,1327,43,20,1,25.02594,121.50651,23
500113008,20231017,1328,43,20,1,25.02594,121.50651,23
500113008,20231017,1329,43,20,1,25.02594,121.50651,23
500113008,20231017,1330,43,20,1,25.02594,121.50651,23
500113008,20231017,1331,43,20,1,25.02594,121.50651,23
500113008,20231017,1332,43,20,1,25.02594,121.50651,23
500113008,20231017,1333,43,20,1,25.02594,121.50651,23
500113008,20231017,1334,43,20,1,25.02594,121.50651,23
500113008,20231017,1335,43,20,1,25.02594,121.50651,23
500113008,20231017,1336,43,20,1,25.02594,121.50651,23
500113008,20231017,1337,43,19,1,25.02594,121.50651,24
500113008,20231017,1338,43,18,1,25.02594,121.50651,25
500113008,20231017,1339,43,18,1,25.02594,121.50651,25
500113008,20231017,1341,43,18,1,25.02594,121.50651,25
500113008,20231017,1342,43,18,1,25.02594,121.50651,25
500113008,20231017,1343,43,18,1,25.02594,121.50651,25
500113008,20231017,1344,43,18,1,25.02594,121.50651,25
500113008,20231017,1345,43,18,1,25.02594,121.50651,25
500113008,20231017,1346,43,18,1,25.02594,121.50651,25
500113008,20231017,1347,43,17,1,25.02594,121.50651,26
500113008,20231017,1348,43,17,1,25.02594,121.50651,26
500113008,20231017,1349,43,17,1,25.02594,121.50651,26
500113008,20231017,1350,43,17,1,25.02594,121.50651,26
500113008,20231017,1351,43,17,1,25.02594,121.50651,26
500113008,20231017,1352,43,16,1,25.02594,121.50651,27
500113008,20231017,1353,43,16,1,25.02594,121.50651,27
500113008,20231017,1354,43,16,1,25.02594,121.50651,27
500113008,20231017,1355,43,16,1,25.02594,121.50651,27
500113008,20231017,1356,43,16,1,25.02594,121.50651,27
500113008,20231017,1357,43,16,1,25.02594,121.50651,27
500113008,20231017,1358,43,16,1,25.02594,121.50651,27
500113008,20231017,1359,43,16,1,25.02594,121.50651,27
500113008,20231017,1360,43,16,1,25.02594,121.50651,27
500113008,20231017,1361,43,16,1,25.02594,121.50651,27
500113008,20231017,1362,43,15,1,25.02594,121.50651,28
500113008,20231017,1363,43,15,1,25.02594,121.50651,28
500113008,20231017,1364,43,15,1,25.02594,121.50651,28
500113008,20231017,1365,43,14,1,25.02594,121.50651,29
500113008,20231017,1366,43,14,1,25.02594,121.50651,29
500113008,20231017,1367,43,14,1,25.02594,121.50651,29
500113008,20231017,1368,43,14,1,25.02594,121.50651,29
500113008,20231017,1369,43,14,1,25.02594,121.50651,29
500113008,20231017,1370,43,14,1,25.02594,121.50651,29
500113008,20231017,1371,43,14,1,25.02594,121.50651,29
500113008,20231017,1372,43,14,1,25.02594,121.50651,29
500113008,20231017,1373,43,14,1,25.02594,121.50651,29
500113008,20231017,1374,43,14,1,25.02594,121.50651,29
500113008,20231017,1375,43,14,1,25.02594,121.50651,29
500113008,20231017,1376,43,14,1,25.02594,121.50651,29
500113008,20231017,1377,43,14,1,25.02594,121.50651,29
500113008,20231017,1378,43,14,1,25.02594,121.50651,29
500113008,20231017,1379,43,14,1,25.02594,121.50651,29
500113008,20231017,1381,43,14,1,25.02594,121.50651,29
500113008,20231017,1382,43,14,1,25.02594,121.50651,29
500113008,20231017,1383,43,14,1,25.02594,121.50651,29
500113008,20231017,1384,43,14,1,25.02594,121.50651,29
500113008,20231017,1385,43,14,1,25.02594,121.50651,29
500113008,20231017,1386,43,13,1,25.02594,121.50651,30
500113008,20231017,1387,43,13,1,25.02594,121.50651,30
500113008,20231017,1388,43,13,1,25.02594,121.50651,30
500113008,20231017,1389,43,12,1,25.02594,121.50651,31
500113008,20231017,1390,43,11,1,25.02594,121.50651,32
500113008,20231017,1391,43,11,1,25.02594,121.50651,32
500113008,20231017,1392,43,11,1,25.02594,121.50651,32
500113008,20231017,1393,43,11,1,25.02594,121.50651,32
500113008,20231017,1394,43,11,1,25.02594,121.50651,32
500113008,20231017,1395,43,11,1,25.02594,121.50651,32
500113008,20231017,1396,43,11,1,25.02594,121.50651,32
500113008,20231017,1397,43,11,1,25.02594,121.50651,32
500113008,20231017,1398,43,11,1,25.02594,121.50651,32
500113008,20231017,1399,43,11,1,25.02594,121.50651,32
500113008,20231017,1401,43,10,1,25.02594,121.50651,33
500113008,20231017,1402,43,10,1,25.02594,121.50651,33
500113008,20231017,1403,43,10,1,25.02594,121.50651,33
500113008,20231017,1404,43,10,1,25.02594,121.50651,33
500113008,20231017,1405,43,10,1,25.02594,121.50651,33
500113008,20231017,1406,43,10,1,25.02594,121.50651,33
500113008,20231017,1407,43,10,1,25.02594,121.50651,33
500113008,20231017,1408,43,10,1,25.02594,121.50651,33
500113008,20231017,1409,43,10,1,25.02594,121.50651,33
500113008,20231017,1410,43,10,1,25.02594,121.50651,33
500113008,20231017,1411,43,10,1,25.02594,121.50651,33
500113008,20231017,1412,43,10,1,25.02594,121.50651,33
500113008,20231017,1413,43,10,1,25.02594,121.50651,33
500113008,20231017,1414,43,10,1,25.02594,121.50651,33
500113008,20231017,1415,43,10,1,25.02594,121.50651,33
500113008,20231017,1416,43,10,1,25.02594,121.50651,33
500113008,20231017,1417,43,10,1,25.02594,121.50651,33
500113008,20231017,1418,43,10,1,25.02594,121.50651,33
500113008,20231017,1419,43,10,1,25.02594,121.50651,33
500113008,20231017,1420,43,10,1,25.02594,121.50651,33
500113008,20231017,1421,43,10,1,25.02594,121.50651,33
500113008,20231017,1422,43,10,1,25.02594,121.50651,33
500113008,20231017,1423,43,10,1,25.02594,121.50651,33
500113008,20231017,1424,43,10,1,25.02594,121.50651,33
500113008,20231017,1425,43,10,1,25.02594,121.50651,33
500113008,20231017,1426,43,10,1,25.02594,121.50651,33
500113008,20231017,1427,43,9,1,25.02594,121.50651,34
500113008,20231017,1428,43,9,1,25.02594,121.50651,34
500113008,20231017,1429,43,9,1,25.02594,121.50651,34
500113008,20231017,1430,43,9,1,25.02594,121.50651,34
500113008,20231017,1431,43,9,1,25.02594,121.50651,34
500113008,20231017,1432,43,9,1,25.02594,121.50651,34
500113008,20231017,1433,43,9,1,25.02594,121.50651,34
500113008,20231017,1434,43,9,1,25.02594,121.50651,34
500113008,20231017,1435,43,9,1,25.02594,121.50651,34
500113008,20231017,1436,43,9,1,25.02594,121.50651,34
500113008,20231017,1437,43,9,1,25.02594,121.50651,34
500113008,20231017,1438,43,8,1,25.02594,121.50651,35
500113008,20231017,1439,43,8,1,25.02594,121.50651,35
500113008,20231018,1,43,6,1,25.02594,121.50651,37
500113008,20231018,2,43,7,1,25.02594,121.50651,36
500113008,20231018,3,43,7,1,25.02594,121.50651,36
500113008,20231018,4,43,7,1,25.02594,121.50651,36
500113008,20231018,5,43,7,1,25.02594,121.50651,36
500113008,20231018,6,43,7,1,25.02594,121.50651,36
500113008,20231018,7,43,7,1,25.02594,121.50651,36
500113008,20231018,8,43,7,1,25.02594,121.50651,36
500113008,20231018,9,43,7,1,25.02594,121.50651,36
500113008,20231018,10,43,7,1,25.02594,121.50651,36
500113008,20231018,11,43,7,1,25.02594,121.50651,36
500113008,20231018,12,43,7,1,25.02594,121.50651,36
500113008,20231018,13,43,7,1,25.02594,121.50651,36
500113008,20231018,14,43,7,1,25.02594,121.50651,36
500113008,20231018,15,43,7,1,25.02594,121.50651,36
500113008,20231018,16,43,7,1,25.02594,121.50651,36
500113008,20231018,17,43,7,1,25.02594,121.50651,36
500113008,20231018,18,43,7,1,25.02594,121.50651,36
500113008,20231018,19,43,7,1,25.02594,121.50651,36
500113008,20231018,21,43,7,1,25.02594,121.50651,36
500113008,20231018,22,43,7,1,25.02594,121.50651,36
500113008,20231018,23,43,7,1,25.02594,121.50651,36
500113008,20231018,24,43,7,1,25.02594,121.50651,36
500113008,20231018,25,43,7,1,25.02594,121.50651,36
500113008,20231018,26,43,8,1,25.02594,121.50651,35
500113008,20231018,27,43,7,1,25.02594,121.50651,36
500113008,20231018,28,43,7,1,25.02594,121.50651,36
500113008,20231018,29,43,7,1,25.02594,121.50651,36
500113008,20231018,30,43,7,1,25.02594,121.50651,36
500113008,20231018,31,43,7,1,25.02594,121.50651,36
500113008,20231018,32,43,7,1,25.02594,121.50651,36
500113008,20231018,33,43,7,1,25.02594,121.50651,36
500113008,20231018,34,43,7,1,25.02594,121.50651,36
500113008,20231018,35,43,7,1,25.02594,121.50651,36
500113008,20231018,36,43,7,1,25.02594,121.50651,36
500113008,20231018,37,43,6,1,25.02594,121.50651,37
500113008,20231018,38,43,6,1,25.02594,121.50651,37
500113008,20231018,39,43,6,1,25.02594,121.50651,37
500113008,20231018,40,43,6,1,25.02594,121.50651,37
500113008,20231018,41,43,6,1,25.02594,121.50651,37
500113008,20231018,42,43,6,1,25.02594,121.50651,37
500113008,20231018,43,43,6,1,25.02594,121.50651,37
500113008,20231018,44,43,6,1,25.02594,121.50651,37
500113008,20231018,45,43,6,1,25.02594,121.50651,37
500113008,20231018,46,43,6,1,25.02594,121.50651,37
500113008,20231018,47,43,6,1,25.02594,121.50651,37
500113008,20231018,48,43,6,1,25.02594,121.50651,37
500113008,20231018,49,43,6,1,25.02594,121.50651,37
500113008,20231018,50,43,6,1,25.02594,121.50651,37
500113008,20231018,51,43,6,1,25.02594,121.50651,37
500113008,20231018,52,43,6,1,25.02594,121.50651,37
500113008,20231018,53,43,6,1,25.02594,121.50651,37
500113008,20231018,54,43,6,1,25.02594,121.50651,37
500113008,20231018,55,43,6,1,25.02594,121.50651,37
500113008,20231018,56,43,6,1,25.02594,121.50651,37
500113008,20231018,57,43,6,1,25.02594,121.50651,37
500113008,20231018,58,43,6,1,25.02594,121.50651,37
500113008,20231018,59,43,6,1,25.02594,121.50651,37
500113008,20231018,61,43,6,1,25.02594,121.50651,37
500113008,20231018,62,43,6,1,25.02594,121.50651,37
500113008,20231018,63,43,6,1,25.02594,121.50651,37
500113008,20231018,64,43,6,1,25.02594,121.50651,37
500113008,20231018,65,43,6,1,25.02594,121.50651,37
500113008,20231018,66,43,6,1,25.02594,121.50651,37
500113008,20231018,67,43,6,1,25.02594,121.50651,37
500113008,20231018,68,43,6,1,25.02594,121.50651,37
500113008,20231018,69,43,6,1,25.02594,121.50651,37
500113008,20231018,70,43,6,1,25.02594,121.50651,37
500113008,20231018,71,43,6,1,25.02594,121.50651,37
500113008,20231018,72,43,6,1,25.02594,121.50651,37
500113008,20231018,73,43,6,1,25.02594,121.50651,37
500113008,20231018,75,43,6,1,25.02594,121.50651,37
500113008,20231018,76,43,6,1,25.02594,121.50651,37
500113008,20231018,77,43,6,1,25.02594,121.50651,37
500113008,20231018,78,43,6,1,25.02594,121.50651,37
500113008,20231018,79,43,6,1,25.02594,121.50651,37
500113008,20231018,81,43,6,1,25.02594,121.50651,37
500113008,20231018,82,43,6,1,25.02594,121.50651,37
500113008,20231018,83,43,6,1,25.02594,121.50651,37
500113008,20231018,84,43,6,1,25.02594,121.50651,37
500113008,20231018,85,43,6,1,25.02594,121.50651,37
500113008,20231018,86,43,6,1,25.02594,121.50651,37
500113008,20231018,87,43,6,1,25.02594,121.50651,37
500113008,20231018,88,43,5,1,25.02594,121.50651,38
500113008,20231018,89,43,5,1,25.02594,121.50651,38
500113008,20231018,90,43,5,1,25.02594,121.50651,38
500113008,20231018,91,43,5,1,25.02594,121.50651,38
500113008,20231018,92,43,5,1,25.02594,121.50651,38
500113008,20231018,93,43,5,1,25.02594,121.50651,38
500113008,20231018,94,43,5,1,25.02594,121.50651,38
500113008,20231018,95,43,5,1,25.02594,121.50651,38
500113008,20231018,96,43,5,1,25.02594,121.50651,38
500113008,20231018,97,43,5,1,25.02594,121.50651,38
500113008,20231018,98,43,5,1,25.02594,121.50651,38
500113008,20231018,99,43,5,1,25.02594,121.50651,38
500113008,20231018,100,43,5,1,25.02594,121.50651,38
500113008,20231018,101,43,5,1,25.02594,121.50651,38
500113008,20231018,102,43,5,1,25.02594,121.50651,38
500113008,20231018,103,43,5,1,25.02594,121.50651,38
500113008,20231018,104,43,5,1,25.02594,121.50651,38
500113008,20231018,105,43,5,1,25.02594,121.50651,38
500113008,20231018,106,43,5,1,25.02594,121.50651,38
500113008,20231018,107,43,5,1,25.02594,121.50651,38
500113008,20231018,108,43,5,1,25.02594,121.50651,38
500113008,20231018,109,43,5,1,25.02594,121.50651,38
500113008,20231018,110,43,5,1,25.02594,121.50651,38
500113008,20231018,111,43,5,1,25.02594,121.50651,38
500113008,20231018,112,43,5,1,25.02594,121.50651,38
500113008,20231018,113,43,5,1,25.02594,121.50651,38
500113008,20231018,114,43,5,1,25.02594,121.50651,38
500113008,20231018,115,43,5,1,25.02594,121.50651,38
500113008,20231018,116,43,5,1,25.02594,121.50651,38
500113008,20231018,117,43,5,1,25.02594,121.50651,38
500113008,20231018,118,43,5,1,25.02594,121.50651,38
500113008,20231018,119,43,5,1,25.02594,121.50651,38
500113008,20231018,121,43,5,1,25.02594,121.50651,38
500113008,20231018,122,43,5,1,25.02594,121.50651,38
500113008,20231018,123,43,5,1,25.02594,121.50651,38
500113008,20231018,124,43,5,1,25.02594,121.50651,38
500113008,20231018,125,43,5,1,25.02594,121.50651,38
500113008,20231018,126,43,5,1,25.02594,121.50651,38
500113008,20231018,127,43,5,1,25.02594,121.50651,38
500113008,20231018,128,43,5,1,25.02594,121.50651,38
500113008,20231018,129,43,5,1,25.02594,121.50651,38
500113008,20231018,130,43,5,1,25.02594,121.50651,38
500113008,20231018,131,43,5,1,25.02594,121.50651,38
500113008,20231018,132,43,5,1,25.02594,121.50651,38
500113008,20231018,133,43,5,1,25.02594,121.50651,38
500113008,20231018,134,43,5,1,25.02594,121.50651,38
500113008,20231018,135,43,5,1,25.02594,121.50651,38
500113008,20231018,136,43,5,1,25.02594,121.50651,38
500113008,20231018,137,43,5,1,25.02594,121.50651,38
500113008,20231018,138,43,5,1,25.02594,121.50651,38
500113008,20231018,139,43,5,1,25.02594,121.50651,38
500113008,20231018,141,43,5,1,25.02594,121.50651,38
500113008,20231018,142,43,5,1,25.02594,121.50651,38
500113008,20231018,143,43,5,1,25.02594,121.50651,38
500113008,20231018,144,43,5,1,25.02594,121.50651,38
500113008,20231018,145,43,5,1,25.02594,121.50651,38
500113008,20231018,146,43,5,1,25.02594,121.50651,38
500113008,20231018,147,43,5,1,25.02594,121.50651,38
500113008,20231018,148,43,5,1,25.02594,121.50651,38
500113008,20231018,149,43,5,1,25.02594,121.50651,38
500113008,20231018,150,43,5,1,25.02594,121.50651,38
500113008,20231018,151,43,5,1,25.02594,121.50651,38
500113008,20231018,152,43,5,1,25.02594,121.50651,38
500113008,20231018,153,43,5,1,25.02594,121.50651,38
500113008,20231018,154,43,5,1,25.02594,121.50651,38
500113008,20231018,155,43,5,1,25.02594,121.50651,38
500113008,20231018,156,43,5,1,25.02594,121.50651,38
500113008,20231018,157,43,5,1,25.02594,121.50651,38
500113008,20231018,158,43,5,1,25.02594,121.50651,38
500113008,20231018,159,43,5,1,25.02594,121.50651,38
500113008,20231018,160,43,5,1,25.02594,121.50651,38
500113008,20231018,161,43,5,1,25.02594,121.50651,38
500113008,20231018,162,43,5,1,25.02594,121.50651,38
500113008,20231018,163,43,5,1,25.02594,121.50651,38
500113008,20231018,164,43,5,1,25.02594,121.50651,38
500113008,20231018,165,43,5,1,25.02594,121.50651,38
500113008,20231018,166,43,5,1,25.02594,121.50651,38
500113008,20231018,167,43,5,1,25.02594,121.50651,38
500113008,20231018,168,43,5,1,25.02594,121.50651,38
500113008,20231018,169,43,5,1,25.02594,121.50651,38
500113008,20231018,170,43,5,1,25.02594,121.50651,38
500113008,20231018,171,43,5,1,25.02594,121.50651,38
500113008,20231018,172,43,5,1,25.02594,121.50651,38
500113008,20231018,173,43,5,1,25.02594,121.50651,38
500113008,20231018,174,43,5,1,25.02594,121.50651,38
500113008,20231018,175,43,5,1,25.02594,121.50651,38
500113008,20231018,176,43,5,1,25.02594,121.50651,38
500113008,20231018,177,43,5,1,25.02594,121.50651,38
500113008,20231018,178,43,5,1,25.02594,121.50651,38
500113008,20231018,179,43,5,1,25.02594,121.50651,38
500113008,20231018,181,43,5,1,25.02594,121.50651,38
500113008,20231018,182,43,5,1,25.02594,121.50651,38
500113008,20231018,183,43,5,1,25.02594,121.50651,38
500113008,20231018,184,43,5,1,25.02594,121.50651,38
500113008,20231018,185,43,5,1,25.02594,121.50651,38
500113008,20231018,186,43,5,1,25.02594,121.50651,38
500113008,20231018,187,43,5,1,25.02594,121.50651,38
500113008,20231018,188,43,4,1,25.02594,121.50651,39
500113008,20231018,189,43,4,1,25.02594,121.50651,39
500113008,20231018,190,43,4,1,25.02594,121.50651,39
500113008,20231018,191,43,4,1,25.02594,121.50651,39
500113008,20231018,192,43,4,1,25.02594,121.50651,39
500113008,20231018,193,43,4,1,25.02594,121.50651,39
500113008,20231018,194,43,4,1,25.02594,121.50651,39
500113008,20231018,195,43,4,1,25.02594,121.50651,39
500113008,20231018,196,43,4,1,25.02594,121.50651,39
500113008,20231018,197,43,4,1,25.02594,121.50651,39
500113008,20231018,198,43,4,1,25.02594,121.50651,39
500113008,20231018,199,43,4,1,25.02594,121.50651,39
500113008,20231018,201,43,4,1,25.02594,121.50651,39
500113008,20231018,202,43,4,1,25.02594,121.50651,39
500113008,20231018,203,43,4,1,25.02594,121.50651,39
500113008,20231018,204,43,4,1,25.02594,121.50651,39
500113008,20231018,205,43,4,1,25.02594,121.50651,39
500113008,20231018,206,43,4,1,25.02594,121.50651,39
500113008,20231018,207,43,4,1,25.02594,121.50651,39
500113008,20231018,208,43,4,1,25.02594,121.50651,39
500113008,20231018,209,43,4,1,25.02594,121.50651,39
500113008,20231018,210,43,4,1,25.02594,121.50651,39
500113008,20231018,211,43,4,1,25.02594,121.50651,39
500113008,20231018,212,43,4,1,25.02594,121.50651,39
500113008,20231018,213,43,4,1,25.02594,121.50651,39
500113008,20231018,214,43,4,1,25.02594,121.50651,39
500113008,20231018,215,43,4,1,25.02594,121.50651,39
500113008,20231018,216,43,4,1,25.02594,121.50651,39
500113008,20231018,217,43,4,1,25.02594,121.50651,39
500113008,20231018,218,43,4,1,25.02594,121.50651,39
500113008,20231018,219,43,4,1,25.02594,121.50651,39
500113008,20231018,220,43,4,1,25.02594,121.50651,39
500113008,20231018,221,43,4,1,25.02594,121.50651,39
500113008,20231018,222,43,4,1,25.02594,121.50651,39
500113008,20231018,223,43,4,1,25.02594,121.50651,39
500113008,20231018,224,43,4,1,25.02594,121.50651,39
500113008,20231018,225,43,4,1,25.02594,121.50651,39
500113008,20231018,226,43,4,1,25.02594,121.50651,39
500113008,20231018,227,43,4,1,25.02594,121.50651,39
500113008,20231018,228,43,4,1,25.02594,121.50651,39
500113008,20231018,229,43,4,1,25.02594,121.50651,39
500113008,20231018,230,43,4,1,25.02594,121.50651,39
500113008,20231018,231,43,4,1,25.02594,121.50651,39
500113008,20231018,232,43,4,1,25.02594,121.50651,39
500113008,20231018,233,43,4,1,25.02594,121.50651,39
500113008,20231018,234,43,4,1,25.02594,121.50651,39
500113008,20231018,235,43,4,1,25.02594,121.50651,39
500113008,20231018,236,43,4,1,25.02594,121.50651,39
500113008,20231018,237,43,4,1,25.02594,121.50651,39
500113008,20231018,238,43,4,1,25.02594,121.50651,39
500113008,20231018,239,43,4,1,25.02594,121.50651,39
500113008,20231018,240,43,4,1,25.02594,121.50651,39
500113008,20231018,241,43,4,1,25.02594,121.50651,39
500113008,20231018,242,43,4,1,25.02594,121.50651,39
500113008,20231018,243,43,4,1,25.02594,121.50651,39
500113008,20231018,244,43,4,1,25.02594,121.50651,39
500113008,20231018,245,43,4,1,25.02594,121.50651,39
500113008,20231018,246,43,4,1,25.02594,121.50651,39
500113008,20231018,247,43,4,1,25.02594,121.50651,39
500113008,20231018,248,43,5,1,25.02594,121.50651,38
500113008,20231018,249,43,7,1,25.02594,121.50651,36
500113008,20231018,250,43,8,1,25.02594,121.50651,35
500113008,20231018,251,43,10,1,25.02594,121.50651,33
500113008,20231018,252,43,12,1,25.02594,121.50651,31
500113008,20231018,253,43,12,1,25.02594,121.50651,31
500113008,20231018,254,43,14,1,25.02594,121.50651,29
500113008,20231018,255,43,16,1,25.02594,121.50651,27
500113008,20231018,256,43,15,1,25.02594,121.50651,28
500113008,20231018,257,43,17,1,25.02594,121.50651,26
500113008,20231018,258,43,19,1,25.02594,121.50651,24
500113008,20231018,259,43,19,1,25.02594,121.50651,24
500113008,20231018,261,43,19,1,25.02594,121.50651,24
500113008,20231018,262,43,19,1,25.02594,121.50651,24
500113008,20231018,263,43,19,1,25.02594,121.50651,24
500113008,20231018,264,43,19,1,25.02594,121.50651,24
500113008,20231018,265,43,19,1,25.02594,121.50651,24
500113008,20231018,266,43,19,1,25.02594,121.50651,24
500113008,20231018,267,43,19,1,25.02594,121.50651,24
500113008,20231018,268,43,19,1,25.02594,121.50651,24
500113008,20231018,269,43,19,1,25.02594,121.50651,24
500113008,20231018,270,43,19,1,25.02594,121.50651,24
500113008,20231018,271,43,19,1,25.02594,121.50651,24
500113008,20231018,272,43,19,1,25.02594,121.50651,24
500113008,20231018,273,43,19,1,25.02594,121.50651,24
500113008,20231018,274,43,19,1,25.02594,121.50651,24
500113008,20231018,275,43,19,1,25.02594,121.50651,24
500113008,20231018,276,43,19,1,25.02594,121.50651,24
500113008,20231018,277,43,19,1,25.02594,121.50651,24
500113008,20231018,278,43,19,1,25.02594,121.50651,24
500113008,20231018,279,43,19,1,25.02594,121.50651,24
500113008,20231018,280,43,19,1,25.02594,121.50651,24
500113008,20231018,281,43,19,1,25.02594,121.50651,24
500113008,20231018,282,43,19,1,25.02594,121.50651,24
500113008,20231018,283,43,19,1,25.02594,121.50651,24
500113008,20231018,284,43,19,1,25.02594,121.50651,24
500113008,20231018,285,43,19,1,25.02594,121.50651,24
500113008,20231018,286,43,19,1,25.02594,121.50651,24
500113008,20231018,287,43,19,1,25.02594,121.50651,24
500113008,20231018,288,43,19,1,25.02594,121.50651,24
500113008,20231018,289,43,19,1,25.02594,121.50651,24
500113008,20231018,290,43,19,1,25.02594,121.50651,24
500113008,20231018,291,43,19,1,25.02594,121.50651,24
500113008,20231018,292,43,19,1,25.02594,121.50651,24
500113008,20231018,293,43,20,1,25.02594,121.50651,23
500113008,20231018,294,43,20,1,25.02594,121.50651,23
500113008,20231018,295,43,20,1,25.02594,121.50651,23
500113008,20231018,296,43,20,1,25.02594,121.50651,23
500113008,20231018,297,43,20,1,25.02594,121.50651,23
500113008,20231018,298,43,20,1,25.02594,121.50651,23
500113008,20231018,299,43,20,1,25.02594,121.50651,23
500113008,20231018,300,43,20,1,25.02594,121.50651,23
500113008,20231018,301,43,20,1,25.02594,121.50651,23
500113008,20231018,302,43,20,1,25.02594,121.50651,23
500113008,20231018,303,43,20,1,25.02594,121.50651,23
500113008,20231018,304,43,20,1,25.02594,121.50651,23
500113008,20231018,305,43,20,1,25.02594,121.50651,23
500113008,20231018,306,43,20,1,25.02594,121.50651,23
500113008,20231018,307,43,20,1,25.02594,121.50651,23
500113008,20231018,308,43,20,1,25.02594,121.50651,23
500113008,20231018,309,43,20,1,25.02594,121.50651,23
500113008,20231018,310,43,20,1,25.02594,121.50651,23
500113008,20231018,311,43,20,1,25.02594,121.50651,23
500113008,20231018,312,43,20,1,25.02594,121.50651,23
500113008,20231018,313,43,20,1,25.02594,121.50651,23
500113008,20231018,314,43,20,1,25.02594,121.50651,23
500113008,20231018,315,43,20,1,25.02594,121.50651,23
500113008,20231018,316,43,20,1,25.02594,121.50651,23
500113008,20231018,317,43,20,1,25.02594,121.50651,23
500113008,20231018,318,43,20,1,25.02594,121.50651,23
500113008,20231018,319,43,20,1,25.02594,121.50651,23
500113008,20231018,321,43,20,1,25.02594,121.50651,23
500113008,20231018,322,43,20,1,25.02594,121.50651,23
500113008,20231018,323,43,20,1,25.02594,121.50651,23
500113008,20231018,324,43,20,1,25.02594,121.50651,23
500113008,20231018,325,43,20,1,25.02594,121.50651,23
500113008,20231018,326,43,20,1,25.02594,121.50651,23
500113008,20231018,327,43,20,1,25.02594,121.50651,23
500113008,20231018,328,43,19,1,25.02594,121.50651,24
500113008,20231018,329,43,18,1,25.02594,121.50651,25
500113008,20231018,330,43,18,1,25.02594,121.50651,25
500113008,20231018,331,43,18,1,25.02594,121.50651,25
500113008,20231018,332,43,18,1,25.02594,121.50651,25
500113008,20231018,333,43,18,1,25.02594,121.50651,25
500113008,20231018,334,43,17,1,25.02594,121.50651,26
500113008,20231018,335,43,17,1,25.02594,121.50651,26
500113008,20231018,336,43,17,1,25.02594,121.50651,26
500113008,20231018,337,43,17,1,25.02594,121.50651,26
500113008,20231018,338,43,17,1,25.02594,121.50651,26
500113008,20231018,339,43,17,1,25.02594,121.50651,26
500113008,20231018,340,43,17,1,25.02594,121.50651,26
500113008,20231018,341,43,17,1,25.02594,121.50651,26
500113008,20231018,342,43,17,1,25.02594,121.50651,26
500113008,20231018,343,43,17,1,25.02594,121.50651,26
500113008,20231018,344,43,17,1,25.02594,121.50651,26
500113008,20231018,345,43,17,1,25.02594,121.50651,26
500113008,20231018,346,43,17,1,25.02594,121.50651,26
500113008,20231018,347,43,18,1,25.02594,121.50651,25
500113008,20231018,348,43,18,1,25.02594,121.50651,25
500113008,20231018,349,43,18,1,25.02594,121.50651,25
500113008,20231018,350,43,18,1,25.02594,121.50651,25
500113008,20231018,351,43,18,1,25.02594,121.50651,25
500113008,20231018,353,43,18,1,25.02594,121.50651,25
500113008,20231018,354,43,18,1,25.02594,121.50651,25
500113008,20231018,355,43,18,1,25.02594,121.50651,25
500113008,20231018,356,43,18,1,25.02594,121.50651,25
500113008,20231018,357,43,18,1,25.02594,121.50651,25
500113008,20231018,358,43,18,1,25.02594,121.50651,25
500113008,20231018,359,43,18,1,25.02594,121.50651,25
500113008,20231018,360,43,18,1,25.02594,121.50651,25
500113008,20231018,361,43,18,1,25.02594,121.50651,25
500113008,20231018,362,43,18,1,25.02594,121.50651,25
500113008,20231018,363,43,18,1,25.02594,121.50651,25
500113008,20231018,364,43,17,1,25.02594,121.50651,26
500113008,20231018,365,43,17,1,25.02594,121.50651,26
500113008,20231018,366,43,17,1,25.02594,121.50651,26
500113008,20231018,367,43,17,1,25.02594,121.50651,26
500113008,20231018,368,43,17,1,25.02594,121.50651,26
500113008,20231018,369,43,17,1,25.02594,121.50651,26
500113008,20231018,370,43,17,1,25.02594,121.50651,26
500113008,20231018,371,43,18,1,25.02594,121.50651,25
500113008,20231018,372,43,18,1,25.02594,121.50651,25
500113008,20231018,373,43,18,1,25.02594,121.50651,25
500113008,20231018,374,43,18,1,25.02594,121.50651,25
500113008,20231018,375,43,18,1,25.02594,121.50651,25
500113008,20231018,376,43,18,1,25.02594,121.50651,25
500113008,20231018,377,43,18,1,25.02594,121.50651,25
500113008,20231018,378,43,18,1,25.02594,121.50651,25
500113008,20231018,379,43,18,1,25.02594,121.50651,25
500113008,20231018,381,43,18,1,25.02594,121.50651,25
500113008,20231018,382,43,18,1,25.02594,121.50651,25
500113008,20231018,383,43,18,1,25.02594,121.50651,25
500113008,20231018,384,43,18,1,25.02594,121.50651,25
500113008,20231018,385,43,18,1,25.02594,121.50651,25
500113008,20231018,386,43,18,1,25.02594,121.50651,25
500113008,20231018,387,43,18,1,25.02594,121.50651,25
500113008,20231018,388,43,19,1,25.02594,121.50651,24
500113008,20231018,389,43,19,1,25.02594,121.50651,24
500113008,20231018,390,43,19,1,25.02594,121.50651,24
500113008,20231018,391,43,18,1,25.02594,121.50651,25
500113008,20231018,392,43,18,1,25.02594,121.50651,25
500113008,20231018,393,43,19,1,25.02594,121.50651,24
500113008,20231018,394,43,20,1,25.02594,121.50651,23
500113008,20231018,395,43,20,1,25.02594,121.50651,23
500113008,20231018,396,43,20,1,25.02594,121.50651,23
500113008,20231018,397,43,20,1,25.02594,121.50651,23
500113008,20231018,398,43,20,1,25.02594,121.50651,23
500113008,20231018,399,43,20,1,25.02594,121.50651,23
500113008,20231018,400,43,20,1,25.02594,121.50651,23
500113008,20231018,401,43,20,1,25.02594,121.50651,23
500113008,20231018,402,43,20,1,25.02594,121.50651,23
500113008,20231018,403,43,21,1,25.02594,121.50651,22
500113008,20231018,404,43,22,1,25.02594,121.50651,21
500113008,20231018,405,43,22,1,25.02594,121.50651,21
500113008,20231018,406,43,22,1,25.02594,121.50651,21
500113008,20231018,407,43,23,1,25.02594,121.50651,20
500113008,20231018,408,43,22,1,25.02594,121.50651,21
500113008,20231018,409,43,22,1,25.02594,121.50651,21
500113008,20231018,410,43,22,1,25.02594,121.50651,21
500113008,20231018,411,43,22,1,25.02594,121.50651,21
500113008,20231018,412,43,22,1,25.02594,121.50651,21
500113008,20231018,413,43,21,1,25.02594,121.50651,22
500113008,20231018,414,43,22,1,25.02594,121.50651,21
500113008,20231018,415,43,22,1,25.02594,121.50651,21
500113008,20231018,416,43,23,1,25.02594,121.50651,20
500113008,20231018,417,43,25,1,25.02594,121.50651,18
500113008,20231018,418,43,25,1,25.02594,121.50651,18
500113008,20231018,419,43,28,1,25.02594,121.50651,15
500113008,20231018,421,43,28,1,25.02594,121.50651,15
500113008,20231018,422,43,28,1,25.02594,121.50651,15
500113008,20231018,423,43,29,1,25.02594,121.50651,14
500113008,20231018,424,43,29,1,25.02594,121.50651,14
500113008,20231018,425,43,30,1,25.02594,121.50651,13
500113008,20231018,426,43,30,1,25.02594,121.50651,13
500113008,20231018,427,43,30,1,25.02594,121.50651,13
500113008,20231018,428,43,31,1,25.02594,121.50651,12
500113008,20231018,429,43,30,1,25.02594,121.50651,13
500113008,20231018,430,43,31,1,25.02594,121.50651,12
500113008,20231018,431,43,31,1,25.02594,121.50651,12
500113008,20231018,432,43,31,1,25.02594,121.50651,12
500113008,20231018,433,43,32,1,25.02594,121.50651,11
500113008,20231018,434,43,31,1,25.02594,121.50651,12
500113008,20231018,435,43,31,1,25.02594,121.50651,12
500113008,20231018,436,43,31,1,25.02594,121.50651,12
500113008,20231018,437,43,30,1,25.02594,121.50651,13
500113008,20231018,438,43,30,1,25.02594,121.50651,13
500113008,20231018,439,43,30,1,25.02594,121.50651,13
500113008,20231018,441,43,30,1,25.02594,121.50651,13
500113008,20231018,442,43,30,1,25.02594,121.50651,13
500113008,20231018,443,43,30,1,25.02594,121.50651,13
500113008,20231018,444,43,31,1,25.02594,121.50651,12
500113008,20231018,445,43,31,1,25.02594,121.50651,12
500113008,20231018,446,43,31,1,25.02594,121.50651,12
500113008,20231018,447,43,30,1,25.02594,121.50651,13
500113008,20231018,448,43,32,1,25.02594,121.50651,11
500113008,20231018,449,43,32,1,25.02594,121.50651,11
500113008,20231018,451,43,32,1,25.02594,121.50651,11
500113008,20231018,452,43,33,1,25.02594,121.50651,10
500113008,20231018,453,43,33,1,25.02594,121.50651,10
500113008,20231018,454,43,33,1,25.02594,121.50651,10
500113008,20231018,455,43,33,1,25.02594,121.50651,10
500113008,20231018,456,43,33,1,25.02594,121.50651,10
500113008,20231018,457,43,33,1,25.02594,121.50651,10
500113008,20231018,458,43,33,1,25.02594,121.50651,10
500113008,20231018,459,43,35,1,25.02594,121.50651,8
500113008,20231018,460,43,34,1,25.02594,121.50651,9
500113008,20231018,461,43,34,1,25.02594,121.50651,9
500113008,20231018,462,43,34,1,25.02594,121.50651,9
500113008,20231018,463,43,33,1,25.02594,121.50651,10
500113008,20231018,464,43,33,1,25.02594,121.50651,10
500113008,20231018,465,43,34,1,25.02594,121.50651,9
500113008,20231018,466,43,34,1,25.02594,121.50651,9
500113008,20231018,467,43,35,1,25.02594,121.50651,8
500113008,20231018,468,43,35,1,25.02594,121.50651,8
500113008,20231018,469,43,35,1,25.02594,121.50651,8
500113008,20231018,470,43,36,1,25.02594,121.50651,7
500113008,20231018,471,43,37,1,25.02594,121.50651,6
500113008,20231018,472,43,37,1,25.02594,121.50651,6
500113008,20231018,473,43,38,1,25.02594,121.50651,5
500113008,20231018,474,43,38,1,25.02594,121.50651,5
500113008,20231018,475,43,38,1,25.02594,121.50651,5
500113008,20231018,476,43,37,1,25.02594,121.50651,6
500113008,20231018,477,43,37,1,25.02594,121.50651,6
500113008,20231018,478,43,37,1,25.02594,121.50651,6
500113008,20231018,479,43,38,1,25.02594,121.50651,5
500113008,20231018,481,43,38,1,25.02594,121.50651,5
500113008,20231018,482,43,38,1,25.02594,121.50651,5
500113008,20231018,483,43,39,1,25.02594,121.50651,4
500113008,20231018,484,43,39,1,25.02594,121.50651,4
500113008,20231018,486,43,39,1,25.02594,121.50651,4
500113008,20231018,487,43,39,1,25.02594,121.50651,4
500113008,20231018,488,43,39,1,25.02594,121.50651,4
500113008,20231018,489,43,38,1,25.02594,121.50651,5
500113008,20231018,490,43,38,1,25.02594,121.50651,5
500113008,20231018,491,43,38,1,25.02594,121.50651,5
500113008,20231018,492,43,38,1,25.02594,121.50651,5
500113008,20231018,493,43,38,1,25.02594,121.50651,5
500113008,20231018,494,43,38,1,25.02594,121.50651,5
500113008,20231018,495,43,38,1,25.02594,121.50651,5
500113008,20231018,496,43,39,1,25.02594,121.50651,4
500113008,20231018,497,43,39,1,25.02594,121.50651,4
500113008,20231018,498,43,39,1,25.02594,121.50651,4
500113008,20231018,499,43,39,1,25.02594,121.50651,4
500113008,20231018,501,43,39,1,25.02594,121.50651,4
500113008,20231018,502,43,39,1,25.02594,121.50651,4
500113008,20231018,503,43,39,1,25.02594,121.50651,4
500113008,20231018,504,43,39,1,25.02594,121.50651,4
500113008,20231018,505,43,39,1,25.02594,121.50651,4
500113008,20231018,506,43,39,1,25.02594,121.50651,4
500113008,20231018,507,43,40,1,25.02594,121.50651,3
500113008,20231018,508,43,41,1,25.02594,121.50651,2
500113008,20231018,509,43,41,1,25.02594,121.50651,2
500113008,20231018,511,43,41,1,25.02594,121.50651,2
500113008,20231018,512,43,38,1,25.02594,121.50651,5
500113008,20231018,513,43,37,1,25.02594,121.50651,6
500113008,20231018,514,43,37,1,25.02594,121.50651,6
500113008,20231018,515,43,37,1,25.02594,121.50651,6
500113008,20231018,516,43,37,1,25.02594,121.50651,6
500113008,20231018,517,43,37,1,25.02594,121.50651,6
500113008,20231018,518,43,36,1,25.02594,121.50651,7
500113008,20231018,519,43,36,1,25.02594,121.50651,7
500113008,20231018,520,43,36,1,25.02594,121.50651,7
500113008,20231018,521,43,36,1,25.02594,121.50651,7
500113008,20231018,522,43,36,1,25.02594,121.50651,7
500113008,20231018,523,43,37,1,25.02594,121.50651,6
500113008,20231018,524,43,38,1,25.02594,121.50651,5
500113008,20231018,525,43,38,1,25.02594,121.50651,5
500113008,20231018,526,43,38,1,25.02594,121.50651,5
500113008,20231018,527,43,38,1,25.02594,121.50651,5
500113008,20231018,528,43,38,1,25.02594,121.50651,5
500113008,20231018,529,43,38,1,25.02594,121.50651,5
500113008,20231018,530,43,38,1,25.02594,121.50651,5
500113008,20231018,531,43,38,1,25.02594,121.50651,5
500113008,20231018,532,43,38,1,25.02594,121.50651,5
500113008,20231018,533,43,37,1,25.02594,121.50651,6
500113008,20231018,534,43,37,1,25.02594,121.50651,6
500113008,20231018,535,43,37,1,25.02594,121.50651,6
500113008,20231018,536,43,38,1,25.02594,121.50651,5
500113008,20231018,537,43,38,1,25.02594,121.50651,5
500113008,20231018,538,43,38,1,25.02594,121.50651,5
500113008,20231018,539,43,39,1,25.02594,121.50651,4
500113008,20231018,541,43,40,1,25.02594,121.50651,3
500113008,20231018,542,43,40,1,25.02594,121.50651,3
500113008,20231018,543,43,39,1,25.02594,121.50651,4
500113008,20231018,544,43,38,1,25.02594,121.50651,5
500113008,20231018,545,43,37,1,25.02594,121.50651,6
500113008,20231018,546,43,38,1,25.02594,121.50651,5
500113008,20231018,547,43,38,1,25.02594,121.50651,5
500113008,20231018,548,43,38,1,25.02594,121.50651,5
500113008,20231018,549,43,38,1,25.02594,121.50651,5
500113008,20231018,550,43,38,1,25.02594,121.50651,5
500113008,20231018,551,43,38,1,25.02594,121.50651,5
500113008,20231018,552,43,38,1,25.02594,121.50651,5
500113008,20231018,553,43,38,1,25.02594,121.50651,5
500113008,20231018,554,43,38,1,25.02594,121.50651,5
500113008,20231018,555,43,39,1,25.02594,121.50651,4
500113008,20231018,556,43,39,1,25.02594,121.50651,4
500113008,20231018,557,43,39,1,25.02594,121.50651,4
500113008,20231018,558,43,39,1,25.02594,121.50651,4
500113008,20231018,559,43,39,1,25.02594,121.50651,4
500113008,20231018,561,43,38,1,25.02594,121.50651,5
500113008,20231018,562,43,38,1,25.02594,121.50651,5
500113008,20231018,563,43,38,1,25.02594,121.50651,5
500113008,20231018,564,43,38,1,25.02594,121.50651,5
500113008,20231018,565,43,39,1,25.02594,121.50651,4
500113008,20231018,566,43,39,1,25.02594,121.50651,4
500113008,20231018,567,43,39,1,25.02594,121.50651,4
500113008,20231018,568,43,39,1,25.02594,121.50651,4
500113008,20231018,569,43,39,1,25.02594,121.50651,4
500113008,20231018,571,43,39,1,25.02594,121.50651,4
500113008,20231018,572,43,39,1,25.02594,121.50651,4
500113008,20231018,573,43,39,1,25.02594,121.50651,4
500113008,20231018,574,43,39,1,25.02594,121.50651,4
500113008,20231018,575,43,39,1,25.02594,121.50651,4
500113008,20231018,576,43,39,1,25.02594,121.50651,4
500113008,20231018,577,43,39,1,25.02594,121.50651,4
500113008,20231018,578,43,38,1,25.02594,121.50651,5
500113008,20231018,579,43,38,1,25.02594,121.50651,5
500113008,20231018,580,43,38,1,25.02594,121.50651,5
500113008,20231018,581,43,38,1,25.02594,121.50651,5
500113008,20231018,582,43,38,1,25.02594,121.50651,5
500113008,20231018,583,43,38,1,25.02594,121.50651,5
500113008,20231018,584,43,37,1,25.02594,121.50651,6
500113008,20231018,585,43,38,1,25.02594,121.50651,5
500113008,20231018,586,43,38,1,25.02594,121.50651,5
500113008,20231018,587,43,38,1,25.02594,121.50651,5
500113008,20231018,588,43,38,1,25.02594,121.50651,5
500113008,20231018,589,43,38,1,25.02594,121.50651,5
500113008,20231018,590,43,38,1,25.02594,121.50651,5
500113008,20231018,591,43,38,1,25.02594,121.50651,5
500113008,20231018,592,43,38,1,25.02594,121.50651,5
500113008,20231018,593,43,38,1,25.02594,121.50651,5
500113008,20231018,594,43,38,1,25.02594,121.50651,5
500113008,20231018,595,43,38,1,25.02594,121.50651,5
500113008,20231018,596,43,38,1,25.02594,121.50651,5
500113008,20231018,597,43,38,1,25.02594,121.50651,5
500113008,20231018,598,43,38,1,25.02594,121.50651,5
500113008,20231018,599,43,37,1,25.02594,121.50651,6
500113008,20231018,601,43,37,1,25.02594,121.50651,6
500113008,20231018,602,43,36,1,25.02594,121.50651,7
500113008,20231018,603,43,36,1,25.02594,121.50651,7
500113008,20231018,604,43,36,1,25.02594,121.50651,7
500113008,20231018,605,43,38,1,25.02594,121.50651,5
500113008,20231018,606,43,38,1,25.02594,121.50651,5
500113008,20231018,607,43,39,1,25.02594,121.50651,4
500113008,20231018,608,43,39,1,25.02594,121.50651,4
500113008,20231018,609,43,39,1,25.02594,121.50651,4
500113008,20231018,610,43,39,1,25.02594,121.50651,4
500113008,20231018,611,43,39,1,25.02594,121.50651,4
500113008,20231018,612,43,40,1,25.02594,121.50651,3
500113008,20231018,613,43,40,1,25.02594,121.50651,3
500113008,20231018,614,43,40,1,25.02594,121.50651,3
500113008,20231018,615,43,40,1,25.02594,121.50651,3
500113008,20231018,616,43,40,1,25.02594,121.50651,3
500113008,20231018,617,43,40,1,25.02594,121.50651,3
500113008,20231018,618,43,40,1,25.02594,121.50651,3
500113008,20231018,619,43,41,1,25.02594,121.50651,2
500113008,20231018,621,43,41,1,25.02594,121.50651,2
500113008,20231018,622,43,41,1,25.02594,121.50651,2
500113008,20231018,623,43,41,1,25.02594,121.50651,2
500113008,20231018,624,43,41,1,25.02594,121.50651,2
500113008,20231018,625,43,41,1,25.02594,121.50651,2
500113008,20231018,626,43,41,1,25.02594,121.50651,2
500113008,20231018,627,43,41,1,25.02594,121.50651,2
500113008,20231018,628,43,41,1,25.02594,121.50651,2
500113008,20231018,629,43,41,1,25.02594,121.50651,2
500113008,20231018,631,43,41,1,25.02594,121.50651,2
500113008,20231018,632,43,41,1,25.02594,121.50651,2
500113008,20231018,633,43,41,1,25.02594,121.50651,2
500113008,20231018,634,43,41,1,25.02594,121.50651,2
500113008,20231018,635,43,41,1,25.02594,121.50651,2
500113008,20231018,636,43,41,1,25.02594,121.50651,2
500113008,20231018,637,43,41,1,25.02594,121.50651,2
500113008,20231018,638,43,41,1,25.02594,121.50651,2
500113008,20231018,639,43,40,1,25.02594,121.50651,3
500113008,20231018,640,43,40,1,25.02594,121.50651,3
500113008,20231018,641,43,41,1,25.02594,121.50651,2
500113008,20231018,642,43,40,1,25.02594,121.50651,3
500113008,20231018,643,43,39,1,25.02594,121.50651,4
500113008,20231018,644,43,39,1,25.02594,121.50651,4
500113008,20231018,646,43,39,1,25.02594,121.50651,4
500113008,20231018,647,43,39,1,25.02594,121.50651,4
500113008,20231018,649,43,39,1,25.02594,121.50651,4
500113008,20231018,650,43,39,1,25.02594,121.50651,4
500113008,20231018,651,43,39,1,25.02594,121.50651,4
500113008,20231018,652,43,39,1,25.02594,121.50651,4
500113008,20231018,653,43,40,1,25.02594,121.50651,3
500113008,20231018,654,43,40,1,25.02594,121.50651,3
500113008,20231018,655,43,41,1,25.02594,121.50651,2
500113008,20231018,656,43,41,1,25.02594,121.50651,2
500113008,20231018,657,43,41,1,25.02594,121.50651,2
500113008,20231018,658,43,40,1,25.02594,121.50651,3
500113008,20231018,659,43,40,1,25.02594,121.50651,3
500113008,20231018,661,43,40,1,25.02594,121.50651,3
500113008,20231018,662,43,40,1,25.02594,121.50651,3
500113008,20231018,663,43,41,1,25.02594,121.50651,2
500113008,20231018,664,43,41,1,25.02594,121.50651,2
500113008,20231018,665,43,41,1,25.02594,121.50651,2
500113008,20231018,666,43,41,1,25.02594,121.50651,2
500113008,20231018,667,43,41,1,25.02594,121.50651,2
500113008,20231018,668,43,41,1,25.02594,121.50651,2
500113008,20231018,669,43,41,1,25.02594,121.50651,2
500113008,20231018,670,43,41,1,25.02594,121.50651,2
500113008,20231018,671,43,41,1,25.02594,121.50651,2
500113008,20231018,672,43,42,1,25.02594,121.50651,1
500113008,20231018,673,43,42,1,25.02594,121.50651,1
500113008,20231018,674,43,42,1,25.02594,121.50651,1
500113008,20231018,675,43,42,1,25.02594,121.50651,1
500113008,20231018,676,43,42,1,25.02594,121.50651,1
500113008,20231018,677,43,42,1,25.02594,121.50651,1
500113008,20231018,678,43,42,1,25.02594,121.50651,1
500113008,20231018,679,43,42,1,25.02594,121.50651,1
500113008,20231018,681,43,41,1,25.02594,121.50651,2
500113008,20231018,682,43,41,1,25.02594,121.50651,2
500113008,20231018,683,43,41,1,25.02594,121.50651,2
500113008,20231018,684,43,41,1,25.02594,121.50651,2
500113008,20231018,685,43,41,1,25.02594,121.50651,2
500113008,20231018,686,43,41,1,25.02594,121.50651,2
500113008,20231018,687,43,41,1,25.02594,121.50651,2
500113008,20231018,688,43,41,1,25.02594,121.50651,2
500113008,20231018,689,43,41,1,25.02594,121.50651,2
500113008,20231018,691,43,41,1,25.02594,121.50651,2
500113008,20231018,692,43,41,1,25.02594,121.50651,2
500113008,20231018,693,43,41,1,25.02594,121.50651,2
500113008,20231018,694,43,42,1,25.02594,121.50651,1
500113008,20231018,695,43,41,1,25.02594,121.50651,2
500113008,20231018,696,43,42,1,25.02594,121.50651,1
500113008,20231018,697,43,42,1,25.02594,121.50651,1
500113008,20231018,698,43,42,1,25.02594,121.50651,1
500113008,20231018,699,43,42,1,25.02594,121.50651,1
500113008,20231018,700,43,42,1,25.02594,121.50651,1
500113008,20231018,701,43,42,1,25.02594,121.50651,1
500113008,20231018,702,43,41,1,25.02594,121.50651,2
500113008,20231018,703,43,41,1,25.02594,121.50651,2
500113008,20231018,704,43,40,1,25.02594,121.50651,3
500113008,20231018,705,43,41,1,25.02594,121.50651,2
500113008,20231018,706,43,41,1,25.02594,121.50651,2
500113008,20231018,707,43,40,1,25.02594,121.50651,3
500113008,20231018,708,43,40,1,25.02594,121.50651,3
500113008,20231018,709,43,39,1,25.02594,121.50651,4
500113008,20231018,710,43,39,1,25.02594,121.50651,4
500113008,20231018,711,43,39,1,25.02594,121.50651,4
500113008,20231018,712,43,39,1,25.02594,121.50651,4
500113008,20231018,713,43,39,1,25.02594,121.50651,4
500113008,20231018,714,43,39,1,25.02594,121.50651,4
500113008,20231018,715,43,39,1,25.02594,121.50651,4
500113008,20231018,716,43,39,1,25.02594,121.50651,4
500113008,20231018,717,43,38,1,25.02594,121.50651,5
500113008,20231018,718,43,39,1,25.02594,121.50651,4
500113008,20231018,719,43,39,1,25.02594,121.50651,4
500113008,20231018,721,43,39,1,25.02594,121.50651,4
500113008,20231018,722,43,39,1,25.02594,121.50651,4
500113008,20231018,723,43,40,1,25.02594,121.50651,3
500113008,20231018,724,43,40,1,25.02594,121.50651,3
500113008,20231018,725,43,40,1,25.02594,121.50651,3
500113008,20231018,726,43,40,1,25.02594,121.50651,3
500113008,20231018,728,43,40,1,25.02594,121.50651,3
500113008,20231018,729,43,40,1,25.02594,121.50651,3
500113008,20231018,730,43,40,1,25.02594,121.50651,3
500113008,20231018,731,43,40,1,25.02594,121.50651,3
500113008,20231018,732,43,40,1,25.02594,121.50651,3
500113008,20231018,733,43,41,1,25.02594,121.50651,2
500113008,20231018,734,43,41,1,25.02594,121.50651,2
500113008,20231018,735,43,41,1,25.02594,121.50651,2
500113008,20231018,736,43,41,1,25.02594,121.50651,2
500113008,20231018,737,43,41,1,25.02594,121.50651,2
500113008,20231018,738,43,41,1,25.02594,121.50651,2
500113008,20231018,739,43,41,1,25.02594,121.50651,2
500113008,20231018,741,43,40,1,25.02594,121.50651,3
500113008,20231018,742,43,39,1,25.02594,121.50651,4
500113008,20231018,743,43,38,1,25.02594,121.50651,5
500113008,20231018,744,43,38,1,25.02594,121.50651,5
500113008,20231018,745,43,38,1,25.02594,121.50651,5
500113008,20231018,746,43,38,1,25.02594,121.50651,5
500113008,20231018,747,43,38,1,25.02594,121.50651,5
500113008,20231018,748,43,38,1,25.02594,121.50651,5
500113008,20231018,749,43,38,1,25.02594,121.50651,5
500113008,20231018,751,43,39,1,25.02594,121.50651,4
500113008,20231018,752,43,39,1,25.02594,121.50651,4
500113008,20231018,753,43,39,1,25.02594,121.50651,4
500113008,20231018,754,43,39,1,25.02594,121.50651,4
500113008,20231018,755,43,39,1,25.02594,121.50651,4
500113008,20231018,756,43,39,1,25.02594,121.50651,4
500113008,20231018,757,43,39,1,25.02594,121.50651,4
500113008,20231018,758,43,39,1,25.02594,121.50651,4
500113008,20231018,759,43,39,1,25.02594,121.50651,4
500113008,20231018,760,43,39,1,25.02594,121.50651,4
500113008,20231018,761,43,39,1,25.02594,121.50651,4
500113008,20231018,762,43,39,1,25.02594,121.50651,4
500113008,20231018,763,43,39,1,25.02594,121.50651,4
500113008,20231018,764,43,39,1,25.02594,121.50651,4
500113008,20231018,765,43,39,1,25.02594,121.50651,4
500113008,20231018,766,43,39,1,25.02594,121.50651,4
500113008,20231018,767,43,39,1,25.02594,121.50651,4
500113008,20231018,768,43,40,1,25.02594,121.50651,3
500113008,20231018,769,43,40,1,25.02594,121.50651,3
500113008,20231018,770,43,40,1,25.02594,121.50651,3
500113008,20231018,771,43,40,1,25.02594,121.50651,3
500113008,20231018,772,43,40,1,25.02594,121.50651,3
500113008,20231018,773,43,40,1,25.02594,121.50651,3
500113008,20231018,774,43,40,1,25.02594,121.50651,3
500113008,20231018,775,43,40,1,25.02594,121.50651,3
500113008,20231018,776,43,40,1,25.02594,121.50651,3
500113008,20231018,777,43,40,1,25.02594,121.50651,3
500113008,20231018,778,43,40,1,25.02594,121.50651,3
500113008,20231018,779,43,40,1,25.02594,121.50651,3
500113008,20231018,781,43,41,1,25.02594,121.50651,2
500113008,20231018,782,43,41,1,25.02594,121.50651,2
500113008,20231018,783,43,41,1,25.02594,121.50651,2
500113008,20231018,784,43,41,1,25.02594,121.50651,2
500113008,20231018,785,43,41,1,25.02594,121.50651,2
500113008,20231018,786,43,41,1,25.02594,121.50651,2
500113008,20231018,787,43,41,1,25.02594,121.50651,2
500113008,20231018,788,43,41,1,25.02594,121.50651,2
500113008,20231018,789,43,41,1,25.02594,121.50651,2
500113008,20231018,790,43,41,1,25.02594,121.50651,2
500113008,20231018,791,43,41,1,25.02594,121.50651,2
500113008,20231018,792,43,41,1,25.02594,121.50651,2
500113008,20231018,793,43,41,1,25.02594,121.50651,2
500113008,20231018,794,43,41,1,25.02594,121.50651,2
500113008,20231018,795,43,41,1,25.02594,121.50651,2
500113008,20231018,796,43,41,1,25.02594,121.50651,2
500113008,20231018,797,43,41,1,25.02594,121.50651,2
500113008,20231018,798,43,41,1,25.02594,121.50651,2
500113008,20231018,799,43,41,1,25.02594,121.50651,2
500113008,20231018,801,43,41,1,25.02594,121.50651,2
500113008,20231018,802,43,40,1,25.02594,121.50651,3
500113008,20231018,803,43,40,1,25.02594,121.50651,3
500113008,20231018,804,43,40,1,25.02594,121.50651,3
500113008,20231018,805,43,40,1,25.02594,121.50651,3
500113008,20231018,806,43,41,1,25.02594,121.50651,2
500113008,20231018,807,43,41,1,25.02594,121.50651,2
500113008,20231018,808,43,41,1,25.02594,121.50651,2
500113008,20231018,809,43,42,1,25.02594,121.50651,1
500113008,20231018,811,43,42,1,25.02594,121.50651,1
500113008,20231018,812,43,42,1,25.02594,121.50651,1
500113008,20231018,813,43,40,1,25.02594,121.50651,3
500113008,20231018,814,43,40,1,25.02594,121.50651,3
500113008,20231018,815,43,40,1,25.02594,121.50651,3
500113008,20231018,816,43,40,1,25.02594,121.50651,3
500113008,20231018,817,43,40,1,25.02594,121.50651,3
500113008,20231018,818,43,40,1,25.02594,121.50651,3
500113008,20231018,819,43,40,1,25.02594,121.50651,3
500113008,20231018,820,43,41,1,25.02594,121.50651,2
500113008,20231018,821,43,41,1,25.02594,121.50651,2
500113008,20231018,822,43,41,1,25.02594,121.50651,2
500113008,20231018,823,43,40,1,25.02594,121.50651,3
500113008,20231018,824,43,40,1,25.02594,121.50651,3
500113008,20231018,825,43,40,1,25.02594,121.50651,3
500113008,20231018,826,43,41,1,25.02594,121.50651,2
500113008,20231018,827,43,41,1,25.02594,121.50651,2
500113008,20231018,828,43,41,1,25.02594,121.50651,2
500113008,20231018,829,43,41,1,25.02594,121.50651,2
500113008,20231018,830,43,41,1,25.02594,121.50651,2
500113008,20231018,831,43,40,1,25.02594,121.50651,3
500113008,20231018,832,43,40,1,25.02594,121.50651,3
500113008,20231018,833,43,41,1,25.02594,121.50651,2
500113008,20231018,834,43,41,1,25.02594,121.50651,2
500113008,20231018,835,43,41,1,25.02594,121.50651,2
500113008,20231018,836,43,41,1,25.02594,121.50651,2
500113008,20231018,837,43,41,1,25.02594,121.50651,2
500113008,20231018,838,43,41,1,25.02594,121.50651,2
500113008,20231018,839,43,42,1,25.02594,121.50651,1
500113008,20231018,841,43,42,1,25.02594,121.50651,1
500113008,20231018,842,43,42,1,25.02594,121.50651,1
500113008,20231018,843,43,42,1,25.02594,121.50651,1
500113008,20231018,844,43,42,1,25.02594,121.50651,1
500113008,20231018,845,43,42,1,25.02594,121.50651,1
500113008,20231018,846,43,41,1,25.02594,121.50651,2
500113008,20231018,847,43,41,1,25.02594,121.50651,2
500113008,20231018,848,43,42,1,25.02594,121.50651,1
500113008,20231018,849,43,42,1,25.02594,121.50651,1
500113008,20231018,850,43,42,1,25.02594,121.50651,1
500113008,20231018,851,43,42,1,25.02594,121.50651,1
500113008,20231018,852,43,42,1,25.02594,121.50651,1
500113008,20231018,853,43,42,1,25.02594,121.50651,1
500113008,20231018,854,43,42,1,25.02594,121.50651,1
500113008,20231018,855,43,42,1,25.02594,121.50651,1
500113008,20231018,856,43,42,1,25.02594,121.50651,1
500113008,20231018,857,43,42,1,25.02594,121.50651,1
500113008,20231018,858,43,42,1,25.02594,121.50651,1
500113008,20231018,859,43,42,1,25.02594,121.50651,1
500113008,20231018,861,43,42,1,25.02594,121.50651,1
500113008,20231018,862,43,42,1,25.02594,121.50651,1
500113008,20231018,863,43,42,1,25.02594,121.50651,1
500113008,20231018,864,43,42,1,25.02594,121.50651,1
500113008,20231018,865,43,42,1,25.02594,121.50651,1
500113008,20231018,866,43,42,1,25.02594,121.50651,1
500113008,20231018,867,43,42,1,25.02594,121.50651,1
500113008,20231018,868,43,42,1,25.02594,121.50651,1
500113008,20231018,869,43,42,1,25.02594,121.50651,1
500113008,20231018,870,43,42,1,25.02594,121.50651,1
500113008,20231018,871,43,42,1,25.02594,121.50651,1
500113008,20231018,872,43,42,1,25.02594,121.50651,1
500113008,20231018,873,43,42,1,25.02594,121.50651,1
500113008,20231018,874,43,42,1,25.02594,121.50651,1
500113008,20231018,875,43,42,1,25.02594,121.50651,1
500113008,20231018,876,43,42,1,25.02594,121.50651,1
500113008,20231018,877,43,42,1,25.02594,121.50651,1
500113008,20231018,878,43,42,1,25.02594,121.50651,1
500113008,20231018,879,43,42,1,25.02594,121.50651,1
500113008,20231018,880,43,42,1,25.02594,121.50651,1
500113008,20231018,881,43,42,1,25.02594,121.50651,1
500113008,20231018,882,43,42,1,25.02594,121.50651,1
500113008,20231018,883,43,42,1,25.02594,121.50651,1
500113008,20231018,884,43,42,1,25.02594,121.50651,1
500113008,20231018,885,43,42,1,25.02594,121.50651,1
500113008,20231018,886,43,42,1,25.02594,121.50651,1
500113008,20231018,887,43,42,1,25.02594,121.50651,1
500113008,20231018,888,43,42,1,25.02594,121.50651,1
500113008,20231018,889,43,42,1,25.02594,121.50651,1
500113008,20231018,890,43,42,1,25.02594,121.50651,1
500113008,20231018,891,43,42,1,25.02594,121.50651,1
500113008,20231018,892,43,42,1,25.02594,121.50651,1
500113008,20231018,893,43,42,1,25.02594,121.50651,1
500113008,20231018,894,43,42,1,25.02594,121.50651,1
500113008,20231018,895,43,42,1,25.02594,121.50651,1
500113008,20231018,896,43,42,1,25.02594,121.50651,1
500113008,20231018,897,43,42,1,25.02594,121.50651,1
500113008,20231018,898,43,42,1,25.02594,121.50651,1
500113008,20231018,899,43,41,1,25.02594,121.50651,2
500113008,20231018,901,43,41,1,25.02594,121.50651,2
500113008,20231018,902,43,41,1,25.02594,121.50651,2
500113008,20231018,903,43,41,1,25.02594,121.50651,2
500113008,20231018,904,43,41,1,25.02594,121.50651,2
500113008,20231018,905,43,41,1,25.02594,121.50651,2
500113008,20231018,906,43,41,1,25.02594,121.50651,2
500113008,20231018,907,43,41,1,25.02594,121.50651,2
500113008,20231018,908,43,41,1,25.02594,121.50651,2
500113008,20231018,909,43,42,1,25.02594,121.50651,1
500113008,20231018,910,43,42,1,25.02594,121.50651,1
500113008,20231018,911,43,42,1,25.02594,121.50651,1
500113008,20231018,912,43,42,1,25.02594,121.50651,1
500113008,20231018,913,43,41,1,25.02594,121.50651,2
500113008,20231018,914,43,41,1,25.02594,121.50651,2
500113008,20231018,915,43,40,1,25.02594,121.50651,3
500113008,20231018,916,43,40,1,25.02594,121.50651,3
500113008,20231018,917,43,40,1,25.02594,121.50651,3
500113008,20231018,918,43,40,1,25.02594,121.50651,3
500113008,20231018,919,43,40,1,25.02594,121.50651,3
500113008,20231018,921,43,40,1,25.02594,121.50651,3
500113008,20231018,922,43,40,1,25.02594,121.50651,3
500113008,20231018,923,43,40,1,25.02594,121.50651,3
500113008,20231018,924,43,39,1,25.02594,121.50651,4
500113008,20231018,925,43,39,1,25.02594,121.50651,4
500113008,20231018,926,43,39,1,25.02594,121.50651,4
500113008,20231018,927,43,39,1,25.02594,121.50651,4
500113008,20231018,928,43,39,1,25.02594,121.50651,4
500113008,20231018,929,43,39,1,25.02594,121.50651,4
500113008,20231018,931,43,39,1,25.02594,121.50651,4
500113008,20231018,932,43,39,1,25.02594,121.50651,4
500113008,20231018,933,43,39,1,25.02594,121.50651,4
500113008,20231018,934,43,39,1,25.02594,121.50651,4
500113008,20231018,935,43,39,1,25.02594,121.50651,4
500113008,20231018,936,43,39,1,25.02594,121.50651,4
500113008,20231018,937,43,39,1,25.02594,121.50651,4
500113008,20231018,938,43,40,1,25.02594,121.50651,3
500113008,20231018,939,43,40,1,25.02594,121.50651,3
500113008,20231018,940,43,41,1,25.02594,121.50651,2
500113008,20231018,941,43,41,1,25.02594,121.50651,2
500113008,20231018,942,43,40,1,25.02594,121.50651,3
500113008,20231018,943,43,40,1,25.02594,121.50651,3
500113008,20231018,944,43,40,1,25.02594,121.50651,3
500113008,20231018,946,43,40,1,25.02594,121.50651,3
500113008,20231018,948,43,40,1,25.02594,121.50651,3
500113008,20231018,949,43,40,1,25.02594,121.50651,3
500113008,20231018,950,43,38,1,25.02594,121.50651,5
500113008,20231018,952,43,37,1,25.02594,121.50651,6
500113008,20231018,953,43,37,1,25.02594,121.50651,6
500113008,20231018,954,43,36,1,25.02594,121.50651,7
500113008,20231018,955,43,36,1,25.02594,121.50651,7
500113008,20231018,956,43,36,1,25.02594,121.50651,7
500113008,20231018,957,43,37,1,25.02594,121.50651,6
500113008,20231018,958,43,37,1,25.02594,121.50651,6
500113008,20231018,959,43,37,1,25.02594,121.50651,6
500113008,20231018,961,43,37,1,25.02594,121.50651,6
500113008,20231018,962,43,37,1,25.02594,121.50651,6
500113008,20231018,963,43,37,1,25.02594,121.50651,6
500113008,20231018,964,43,37,1,25.02594,121.50651,6
500113008,20231018,965,43,37,1,25.02594,121.50651,6
500113008,20231018,966,43,37,1,25.02594,121.50651,6
500113008,20231018,967,43,37,1,25.02594,121.50651,6
500113008,20231018,968,43,37,1,25.02594,121.50651,6
500113008,20231018,969,43,37,1,25.02594,121.50651,6
500113008,20231018,971,43,37,1,25.02594,121.50651,6
500113008,20231018,972,43,38,1,25.02594,121.50651,5
500113008,20231018,973,43,38,1,25.02594,121.50651,5
500113008,20231018,974,43,38,1,25.02594,121.50651,5
500113008,20231018,975,43,38,1,25.02594,121.50651,5
500113008,20231018,976,43,38,1,25.02594,121.50651,5
500113008,20231018,977,43,37,1,25.02594,121.50651,6
500113008,20231018,978,43,37,1,25.02594,121.50651,6
500113008,20231018,979,43,37,1,25.02594,121.50651,6
500113008,20231018,981,43,36,1,25.02594,121.50651,7
500113008,20231018,982,43,36,1,25.02594,121.50651,7
500113008,20231018,983,43,36,1,25.02594,121.50651,7
500113008,20231018,984,43,35,1,25.02594,121.50651,8
500113008,20231018,985,43,36,1,25.02594,121.50651,7
500113008,20231018,986,43,36,1,25.02594,121.50651,7
500113008,20231018,987,43,36,1,25.02594,121.50651,7
500113008,20231018,988,43,35,1,25.02594,121.50651,8
500113008,20231018,989,43,34,1,25.02594,121.50651,9
500113008,20231018,991,43,34,1,25.02594,121.50651,9
500113008,20231018,992,43,34,1,25.02594,121.50651,9
500113008,20231018,993,43,34,1,25.02594,121.50651,9
500113008,20231018,994,43,32,1,25.02594,121.50651,11
500113008,20231018,995,43,31,1,25.02594,121.50651,12
500113008,20231018,996,43,31,1,25.02594,121.50651,12
500113008,20231018,997,43,31,1,25.02594,121.50651,12
500113008,20231018,998,43,31,1,25.02594,121.50651,12
500113008,20231018,999,43,31,1,25.02594,121.50651,12
500113008,20231018,1001,43,31,1,25.02594,121.50651,12
500113008,20231018,1002,43,31,1,25.02594,121.50651,12
500113008,20231018,1003,43,31,1,25.02594,121.50651,12
500113008,20231018,1004,43,30,1,25.02594,121.50651,13
500113008,20231018,1005,43,30,1,25.02594,121.50651,13
500113008,20231018,1006,43,30,1,25.02594,121.50651,13
500113008,20231018,1007,43,30,1,25.02594,121.50651,13
500113008,20231018,1008,43,30,1,25.02594,121.50651,13
500113008,20231018,1009,43,31,1,25.02594,121.50651,12
500113008,20231018,1011,43,31,1,25.02594,121.50651,12
500113008,20231018,1012,43,31,1,25.02594,121.50651,12
500113008,20231018,1013,43,30,1,25.02594,121.50651,13
500113008,20231018,1014,43,30,1,25.02594,121.50651,13
500113008,20231018,1015,43,30,1,25.02594,121.50651,13
500113008,20231018,1016,43,31,1,25.02594,121.50651,12
500113008,20231018,1017,43,31,1,25.02594,121.50651,12
500113008,20231018,1018,43,31,1,25.02594,121.50651,12
500113008,20231018,1019,43,30,1,25.02594,121.50651,13
500113008,20231018,1021,43,28,1,25.02594,121.50651,15
500113008,20231018,1022,43,28,1,25.02594,121.50651,15
500113008,20231018,1023,43,29,1,25.02594,121.50651,14
500113008,20231018,1024,43,30,1,25.02594,121.50651,13
500113008,20231018,1025,43,30,1,25.02594,121.50651,13
500113008,20231018,1026,43,30,1,25.02594,121.50651,13
500113008,20231018,1027,43,30,1,25.02594,121.50651,13
500113008,20231018,1028,43,30,1,25.02594,121.50651,13
500113008,20231018,1029,43,30,1,25.02594,121.50651,13
500113008,20231018,1031,43,30,1,25.02594,121.50651,13
500113008,20231018,1032,43,30,1,25.02594,121.50651,13
500113008,20231018,1033,43,30,1,25.02594,121.50651,13
500113008,20231018,1034,43,30,1,25.02594,121.50651,13
500113008,20231018,1035,43,29,1,25.02594,121.50651,14
500113008,20231018,1036,43,29,1,25.02594,121.50651,14
500113008,20231018,1037,43,29,1,25.02594,121.50651,14
500113008,20231018,1038,43,28,1,25.02594,121.50651,15
500113008,20231018,1039,43,28,1,25.02594,121.50651,15
500113008,20231018,1041,43,29,1,25.02594,121.50651,14
500113008,20231018,1042,43,28,1,25.02594,121.50651,15
500113008,20231018,1043,43,27,1,25.02594,121.50651,16
500113008,20231018,1044,43,27,1,25.02594,121.50651,16
500113008,20231018,1045,43,27,1,25.02594,121.50651,16
500113008,20231018,1046,43,27,1,25.02594,121.50651,16
500113008,20231018,1047,43,26,1,25.02594,121.50651,17
500113008,20231018,1048,43,24,1,25.02594,121.50651,19
500113008,20231018,1049,43,24,1,25.02594,121.50651,19
500113008,20231018,1051,43,22,1,25.02594,121.50651,21
500113008,20231018,1052,43,21,1,25.02594,121.50651,22
500113008,20231018,1053,43,20,1,25.02594,121.50651,23
500113008,20231018,1054,43,19,1,25.02594,121.50651,24
500113008,20231018,1055,43,19,1,25.02594,121.50651,24
500113008,20231018,1056,43,19,1,25.02594,121.50651,24
500113008,20231018,1057,43,19,1,25.02594,121.50651,24
500113008,20231018,1058,43,18,1,25.02594,121.50651,25
500113008,20231018,1059,43,18,1,25.02594,121.50651,25
500113008,20231018,1061,43,20,1,25.02594,121.50651,23
500113008,20231018,1062,43,20,1,25.02594,121.50651,23
500113008,20231018,1063,43,21,1,25.02594,121.50651,22
500113008,20231018,1064,43,20,1,25.02594,121.50651,23
500113008,20231018,1065,43,20,1,25.02594,121.50651,23
500113008,20231018,1066,43,20,1,25.02594,121.50651,23
500113008,20231018,1067,43,20,1,25.02594,121.50651,23
500113008,20231018,1068,43,20,1,25.02594,121.50651,23
500113008,20231018,1069,43,20,1,25.02594,121.50651,23
500113008,20231018,1070,43,19,1,25.02594,121.50651,24
500113008,20231018,1071,43,19,1,25.02594,121.50651,24
500113008,20231018,1072,43,18,1,25.02594,121.50651,25
500113008,20231018,1073,43,18,1,25.02594,121.50651,25
500113008,20231018,1074,43,18,1,25.02594,121.50651,25
500113008,20231018,1075,43,18,1,25.02594,121.50651,25
500113008,20231018,1076,43,20,1,25.02594,121.50651,23
500113008,20231018,1077,43,20,1,25.02594,121.50651,23
500113008,20231018,1078,43,20,1,25.02594,121.50651,23
500113008,20231018,1079,43,20,1,25.02594,121.50651,23
500113008,20231018,1081,43,20,1,25.02594,121.50651,23
500113008,20231018,1082,43,21,1,25.02594,121.50651,22
500113008,20231018,1083,43,20,1,25.02594,121.50651,23
500113008,20231018,1084,43,20,1,25.02594,121.50651,23
500113008,20231018,1085,43,20,1,25.02594,121.50651,23
500113008,20231018,1086,43,20,1,25.02594,121.50651,23
500113008,20231018,1087,43,19,1,25.02594,121.50651,24
500113008,20231018,1088,43,19,1,25.02594,121.50651,24
500113008,20231018,1089,43,19,1,25.02594,121.50651,24
500113008,20231018,1090,43,19,1,25.02594,121.50651,24
500113008,20231018,1091,43,19,1,25.02594,121.50651,24
500113008,20231018,1092,43,19,1,25.02594,121.50651,24
500113008,20231018,1093,43,19,1,25.02594,121.50651,24
500113008,20231018,1094,43,18,1,25.02594,121.50651,25
500113008,20231018,1095,43,17,1,25.02594,121.50651,26
500113008,20231018,1096,43,16,1,25.02594,121.50651,27
500113008,20231018,1097,43,16,1,25.02594,121.50651,27
500113008,20231018,1098,43,16,1,25.02594,121.50651,27
500113008,20231018,1099,43,16,1,25.02594,121.50651,27
500113008,20231018,1101,43,16,1,25.02594,121.50651,27
500113008,20231018,1102,43,15,1,25.02594,121.50651,28
500113008,20231018,1103,43,15,1,25.02594,121.50651,28
500113008,20231018,1104,43,15,1,25.02594,121.50651,28
500113008,20231018,1105,43,15,1,25.02594,121.50651,28
500113008,20231018,1106,43,15,1,25.02594,121.50651,28
500113008,20231018,1107,43,15,1,25.02594,121.50651,28
500113008,20231018,1108,43,14,1,25.02594,121.50651,29
500113008,20231018,1109,43,12,1,25.02594,121.50651,31
500113008,20231018,1111,43,11,1,25.02594,121.50651,32
500113008,20231018,1112,43,11,1,25.02594,121.50651,32
500113008,20231018,1113,43,11,1,25.02594,121.50651,32
500113008,20231018,1114,43,11,1,25.02594,121.50651,32
500113008,20231018,1115,43,10,1,25.02594,121.50651,33
500113008,20231018,1116,43,10,1,25.02594,121.50651,33
500113008,20231018,1117,43,10,1,25.02594,121.50651,33
500113008,20231018,1118,43,9,1,25.02594,121.50651,34
500113008,20231018,1119,43,9,1,25.02594,121.50651,34
500113008,20231018,1120,43,9,1,25.02594,121.50651,34
500113008,20231018,1121,43,9,1,25.02594,121.50651,34
500113008,20231018,1122,43,9,1,25.02594,121.50651,34
500113008,20231018,1123,43,9,1,25.02594,121.50651,34
500113008,20231018,1124,43,9,1,25.02594,121.50651,34
500113008,20231018,1125,43,9,1,25.02594,121.50651,34
500113008,20231018,1126,43,9,1,25.02594,121.50651,34
500113008,20231018,1127,43,9,1,25.02594,121.50651,34
500113008,20231018,1128,43,9,1,25.02594,121.50651,34
500113008,20231018,1129,43,8,1,25.02594,121.50651,35
500113008,20231018,1130,43,7,1,25.02594,121.50651,36
500113008,20231018,1131,43,7,1,25.02594,121.50651,36
500113008,20231018,1132,43,7,1,25.02594,121.50651,36
500113008,20231018,1133,43,7,1,25.02594,121.50651,36
500113008,20231018,1134,43,7,1,25.02594,121.50651,36
500113008,20231018,1135,43,7,1,25.02594,121.50651,36
500113008,20231018,1136,43,5,1,25.02594,121.50651,38
500113008,20231018,1137,43,5,1,25.02594,121.50651,38
500113008,20231018,1138,43,4,1,25.02594,121.50651,39
500113008,20231018,1139,43,5,1,25.02594,121.50651,38
500113008,20231018,1141,43,6,1,25.02594,121.50651,37
500113008,20231018,1142,43,6,1,25.02594,121.50651,37
500113008,20231018,1143,43,6,1,25.02594,121.50651,37
500113008,20231018,1144,43,6,1,25.02594,121.50651,37
500113008,20231018,1145,43,5,1,25.02594,121.50651,38
500113008,20231018,1146,43,5,1,25.02594,121.50651,38
500113008,20231018,1147,43,5,1,25.02594,121.50651,38
500113008,20231018,1148,43,5,1,25.02594,121.50651,38
500113008,20231018,1149,43,5,1,25.02594,121.50651,38
500113008,20231018,1150,43,4,1,25.02594,121.50651,39
500113008,20231018,1151,43,4,1,25.02594,121.50651,39
500113008,20231018,1152,43,4,1,25.02594,121.50651,39
500113008,20231018,1153,43,4,1,25.02594,121.50651,39
500113008,20231018,1154,43,4,1,25.02594,121.50651,39
500113008,20231018,1155,43,3,1,25.02594,121.50651,40
500113008,20231018,1156,43,3,1,25.02594,121.50651,40
500113008,20231018,1157,43,3,1,25.02594,121.50651,40
500113008,20231018,1158,43,2,1,25.02594,121.50651,41
500113008,20231018,1159,43,2,1,25.02594,121.50651,41
500113008,20231018,1161,43,1,1,25.02594,121.50651,42
500113008,20231018,1162,43,1,1,25.02594,121.50651,42
500113008,20231018,1163,43,2,1,25.02594,121.50651,41
500113008,20231018,1164,43,2,1,25.02594,121.50651,41
500113008,20231018,1165,43,3,1,25.02594,121.50651,40
500113008,20231018,1166,43,3,1,25.02594,121.50651,40
500113008,20231018,1167,43,3,1,25.02594,121.50651,40
500113008,20231018,1168,43,3,1,25.02594,121.50651,40
500113008,20231018,1169,43,3,1,25.02594,121.50651,40
500113008,20231018,1171,43,1,1,25.02594,121.50651,42
500113008,20231018,1172,43,1,1,25.02594,121.50651,42
500113008,20231018,1173,43,1,1,25.02594,121.50651,42
500113008,20231018,1174,43,1,1,25.02594,121.50651,42
500113008,20231018,1175,43,1,1,25.02594,121.50651,42
500113008,20231018,1176,43,1,1,25.02594,121.50651,42
500113008,20231018,1177,43,1,1,25.02594,121.50651,42
500113008,20231018,1178,43,1,1,25.02594,121.50651,42
500113008,20231018,1179,43,1,1,25.02594,121.50651,42
500113008,20231018,1180,43,1,1,25.02594,121.50651,42
500113008,20231018,1181,43,1,1,25.02594,121.50651,42
500113008,20231018,1182,43,1,1,25.02594,121.50651,42
500113008,20231018,1183,43,0,1,25.02594,121.50651,43
500113008,20231018,1184,43,0,1,25.02594,121.50651,43
500113008,20231018,1185,43,0,1,25.02594,121.50651,43
500113008,20231018,1186,43,0,1,25.02594,121.50651,43
500113008,20231018,1187,43,0,1,25.02594,121.50651,43
500113008,20231018,1188,43,0,1,25.02594,121.50651,43
500113008,20231018,1189,43,0,1,25.02594,121.50651,43
500113008,20231018,1190,43,0,1,25.02594,121.50651,43
500113008,20231018,1191,43,0,1,25.02594,121.50651,43
500113008,20231018,1192,43,0,1,25.02594,121.50651,43
500113008,20231018,1193,43,1,1,25.02594,121.50651,42
500113008,20231018,1194,43,1,1,25.02594,121.50651,42
500113008,20231018,1195,43,1,1,25.02594,121.50651,42
500113008,20231018,1196,43,1,1,25.02594,121.50651,42
500113008,20231018,1197,43,1,1,25.02594,121.50651,42
500113008,20231018,1198,43,1,1,25.02594,121.50651,42
500113008,20231018,1199,43,1,1,25.02594,121.50651,42
500113008,20231018,1201,43,0,1,25.02594,121.50651,43
500113008,20231018,1202,43,0,1,25.02594,121.50651,43
500113008,20231018,1203,43,0,1,25.02594,121.50651,43
500113008,20231018,1204,43,0,1,25.02594,121.50651,43
500113008,20231018,1205,43,0,1,25.02594,121.50651,43
500113008,20231018,1206,43,0,1,25.02594,121.50651,43
500113008,20231018,1207,43,0,1,25.02594,121.50651,43
500113008,20231018,1208,43,0,1,25.02594,121.50651,43
500113008,20231018,1209,43,0,1,25.02594,121.50651,43
500113008,20231018,1210,43,0,1,25.02594,121.50651,43
500113008,20231018,1211,43,0,1,25.02594,121.50651,43
500113008,20231018,1212,43,0,1,25.02594,121.50651,43
500113008,20231018,1213,43,0,1,25.02594,121.50651,43
500113008,20231018,1214,43,0,1,25.02594,121.50651,43
500113008,20231018,1215,43,1,1,25.02594,121.50651,42
500113008,20231018,1216,43,1,1,25.02594,121.50651,42
500113008,20231018,1217,43,1,1,25.02594,121.50651,42
500113008,20231018,1218,43,1,1,25.02594,121.50651,42
500113008,20231018,1219,43,1,1,25.02594,121.50651,42
500113008,20231018,1221,43,1,1,25.02594,121.50651,42
500113008,20231018,1222,43,0,1,25.02594,121.50651,43
500113008,20231018,1223,43,0,1,25.02594,121.50651,43
500113008,20231018,1225,43,0,1,25.02594,121.50651,43
500113008,20231018,1226,43,3,1,25.02594,121.50651,40
500113008,20231018,1227,43,3,1,25.02594,121.50651,40
500113008,20231018,1228,43,3,1,25.02594,121.50651,40
500113008,20231018,1229,43,4,1,25.02594,121.50651,39
500113008,20231018,1231,43,5,1,25.02594,121.50651,38
500113008,20231018,1232,43,6,1,25.02594,121.50651,37
500113008,20231018,1233,43,6,1,25.02594,121.50651,37
500113008,20231018,1234,43,6,1,25.02594,121.50651,37
500113008,20231018,1235,43,6,1,25.02594,121.50651,37
500113008,20231018,1236,43,6,1,25.02594,121.50651,37
500113008,20231018,1237,43,6,1,25.02594,121.50651,37
500113008,20231018,1238,43,6,1,25.02594,121.50651,37
500113008,20231018,1239,43,5,1,25.02594,121.50651,38
500113008,20231018,1240,43,6,1,25.02594,121.50651,37
500113008,20231018,1241,43,7,1,25.02594,121.50651,36
500113008,20231018,1242,43,7,1,25.02594,121.50651,36
500113008,20231018,1243,43,7,1,25.02594,121.50651,36
500113008,20231018,1244,43,7,1,25.02594,121.50651,36
500113008,20231018,1245,43,7,1,25.02594,121.50651,36
500113008,20231018,1246,43,7,1,25.02594,121.50651,36
500113008,20231018,1247,43,7,1,25.02594,121.50651,36
500113008,20231018,1248,43,7,1,25.02594,121.50651,36
500113008,20231018,1249,43,7,1,25.02594,121.50651,36
500113008,20231018,1251,43,6,1,25.02594,121.50651,37
500113008,20231018,1252,43,7,1,25.02594,121.50651,36
500113008,20231018,1253,43,7,1,25.02594,121.50651,36
500113008,20231018,1254,43,7,1,25.02594,121.50651,36
500113008,20231018,1255,43,7,1,25.02594,121.50651,36
500113008,20231018,1256,43,8,1,25.02594,121.50651,35
500113008,20231018,1257,43,8,1,25.02594,121.50651,35
500113008,20231018,1258,43,8,1,25.02594,121.50651,35
500113008,20231018,1259,43,8,1,25.02594,121.50651,35
500113008,20231018,1261,43,9,1,25.02594,121.50651,34
500113008,20231018,1262,43,10,1,25.02594,121.50651,33
500113008,20231018,1263,43,11,1,25.02594,121.50651,32
500113008,20231018,1264,43,11,1,25.02594,121.50651,32
500113008,20231018,1265,43,11,1,25.02594,121.50651,32
500113008,20231018,1266,43,12,1,25.02594,121.50651,31
500113008,20231018,1267,43,12,1,25.02594,121.50651,31
500113008,20231018,1268,43,12,1,25.02594,121.50651,31
500113008,20231018,1269,43,12,1,25.02594,121.50651,31
500113008,20231018,1270,43,14,1,25.02594,121.50651,29
500113008,20231018,1271,43,14,1,25.02594,121.50651,29
500113008,20231018,1272,43,14,1,25.02594,121.50651,29
500113008,20231018,1273,43,14,1,25.02594,121.50651,29
500113008,20231018,1274,43,14,1,25.02594,121.50651,29
500113008,20231018,1275,43,15,1,25.02594,121.50651,28
500113008,20231018,1276,43,15,1,25.02594,121.50651,28
500113008,20231018,1277,43,15,1,25.02594,121.50651,28
500113008,20231018,1278,43,15,1,25.02594,121.50651,28
500113008,20231018,1279,43,15,1,25.02594,121.50651,28
500113008,20231018,1281,43,15,1,25.02594,121.50651,28
500113008,20231018,1282,43,15,1,25.02594,121.50651,28
500113008,20231018,1283,43,16,1,25.02594,121.50651,27
500113008,20231018,1284,43,17,1,25.02594,121.50651,26
500113008,20231018,1285,43,16,1,25.02594,121.50651,27
500113008,20231018,1286,43,16,1,25.02594,121.50651,27
500113008,20231018,1287,43,15,1,25.02594,121.50651,28
500113008,20231018,1288,43,15,1,25.02594,121.50651,28
500113008,20231018,1289,43,14,1,25.02594,121.50651,29
500113008,20231018,1291,43,14,1,25.02594,121.50651,29
500113008,20231018,1292,43,14,1,25.02594,121.50651,29
500113008,20231018,1293,43,14,1,25.02594,121.50651,29
500113008,20231018,1294,43,14,1,25.02594,121.50651,29
500113008,20231018,1295,43,14,1,25.02594,121.50651,29
500113008,20231018,1296,43,14,1,25.02594,121.50651,29
500113008,20231018,1297,43,14,1,25.02594,121.50651,29
500113008,20231018,1298,43,17,1,25.02594,121.50651,26
500113008,20231018,1299,43,17,1,25.02594,121.50651,26
500113008,20231018,1300,43,18,1,25.02594,121.50651,25
500113008,20231018,1301,43,18,1,25.02594,121.50651,25
500113008,20231018,1302,43,18,1,25.02594,121.50651,25
500113008,20231018,1303,43,19,1,25.02594,121.50651,24
500113008,20231018,1304,43,17,1,25.02594,121.50651,26
500113008,20231018,1305,43,17,1,25.02594,121.50651,26
500113008,20231018,1306,43,17,1,25.02594,121.50651,26
500113008,20231018,1307,43,17,1,25.02594,121.50651,26
500113008,20231018,1308,43,17,1,25.02594,121.50651,26
500113008,20231018,1309,43,15,1,25.02594,121.50651,28
500113008,20231018,1310,43,14,1,25.02594,121.50651,29
500113008,20231018,1311,43,13,1,25.02594,121.50651,30
500113008,20231018,1312,43,13,1,25.02594,121.50651,30
500113008,20231018,1313,43,13,1,25.02594,121.50651,30
500113008,20231018,1314,43,13,1,25.02594,121.50651,30
500113008,20231018,1315,43,13,1,25.02594,121.50651,30
500113008,20231018,1316,43,13,1,25.02594,121.50651,30
500113008,20231018,1317,43,13,1,25.02594,121.50651,30
500113008,20231018,1318,43,13,1,25.02594,121.50651,30
500113008,20231018,1319,43,13,1,25.02594,121.50651,30
500113008,20231018,1321,43,13,1,25.02594,121.50651,30
500113008,20231018,1322,43,13,1,25.02594,121.50651,30
500113008,20231018,1323,43,13,1,25.02594,121.50651,30
500113008,20231018,1324,43,12,1,25.02594,121.50651,31
500113008,20231018,1325,43,12,1,25.02594,121.50651,31
500113008,20231018,1326,43,12,1,25.02594,121.50651,31
500113008,20231018,1327,43,13,1,25.02594,121.50651,30
500113008,20231018,1328,43,13,1,25.02594,121.50651,30
500113008,20231018,1329,43,12,1,25.02594,121.50651,31
500113008,20231018,1330,43,12,1,25.02594,121.50651,31
500113008,20231018,1331,43,12,1,25.02594,121.50651,31
500113008,20231018,1332,43,13,1,25.02594,121.50651,30
500113008,20231018,1333,43,13,1,25.02594,121.50651,30
500113008,20231018,1334,43,13,1,25.02594,121.50651,30
500113008,20231018,1335,43,13,1,25.02594,121.50651,30
500113008,20231018,1336,43,12,1,25.02594,121.50651,31
500113008,20231018,1337,43,12,1,25.02594,121.50651,31
500113008,20231018,1338,43,12,1,25.02594,121.50651,31
500113008,20231018,1339,43,12,1,25.02594,121.50651,31
500113008,20231018,1341,43,12,1,25.02594,121.50651,31
500113008,20231018,1342,43,12,1,25.02594,121.50651,31
500113008,20231018,1343,43,12,1,25.02594,121.50651,31
500113008,20231018,1344,43,12,1,25.02594,121.50651,31
500113008,20231018,1345,43,11,1,25.02594,121.50651,32
500113008,20231018,1346,43,11,1,25.02594,121.50651,32
500113008,20231018,1347,43,11,1,25.02594,121.50651,32
500113008,20231018,1348,43,11,1,25.02594,121.50651,32
500113008,20231018,1349,43,11,1,25.02594,121.50651,32
500113008,20231018,1351,43,11,1,25.02594,121.50651,32
500113008,20231018,1352,43,11,1,25.02594,121.50651,32
500113008,20231018,1353,43,11,1,25.02594,121.50651,32
500113008,20231018,1354,43,11,1,25.02594,121.50651,32
500113008,20231018,1355,43,11,1,25.02594,121.50651,32
500113008,20231018,1356,43,11,1,25.02594,121.50651,32
500113008,20231018,1357,43,11,1,25.02594,121.50651,32
500113008,20231018,1358,43,11,1,25.02594,121.50651,32
500113008,20231018,1359,43,11,1,25.02594,121.50651,32
500113008,20231018,1360,43,11,1,25.02594,121.50651,32
500113008,20231018,1361,43,11,1,25.02594,121.50651,32
500113008,20231018,1362,43,11,1,25.02594,121.50651,32
500113008,20231018,1363,43,11,1,25.02594,121.50651,32
500113008,20231018,1364,43,10,1,25.02594,121.50651,33
500113008,20231018,1365,43,10,1,25.02594,121.50651,33
500113008,20231018,1366,43,10,1,25.02594,121.50651,33
500113008,20231018,1367,43,10,1,25.02594,121.50651,33
500113008,20231018,1368,43,10,1,25.02594,121.50651,33
500113008,20231018,1369,43,10,1,25.02594,121.50651,33
500113008,20231018,1370,43,10,1,25.02594,121.50651,33
500113008,20231018,1371,43,10,1,25.02594,121.50651,33
500113008,20231018,1372,43,10,1,25.02594,121.50651,33
500113008,20231018,1373,43,10,1,25.02594,121.50651,33
500113008,20231018,1374,43,10,1,25.02594,121.50651,33
500113008,20231018,1375,43,10,1,25.02594,121.50651,33
500113008,20231018,1376,43,10,1,25.02594,121.50651,33
500113008,20231018,1377,43,10,1,25.02594,121.50651,33
500113008,20231018,1378,43,10,1,25.02594,121.50651,33
500113008,20231018,1379,43,10,1,25.02594,121.50651,33
500113008,20231018,1381,43,10,1,25.02594,121.50651,33
500113008,20231018,1382,43,10,1,25.02594,121.50651,33
500113008,20231018,1383,43,11,1,25.02594,121.50651,32
500113008,20231018,1384,43,11,1,25.02594,121.50651,32
500113008,20231018,1385,43,11,1,25.02594,121.50651,32
500113008,20231018,1386,43,11,1,25.02594,121.50651,32
500113008,20231018,1387,43,11,1,25.02594,121.50651,32
500113008,20231018,1388,43,11,1,25.02594,121.50651,32
500113008,20231018,1389,43,11,1,25.02594,121.50651,32
500113008,20231018,1390,43,11,1,25.02594,121.50651,32
500113008,20231018,1391,43,11,1,25.02594,121.50651,32
500113008,20231018,1392,43,10,1,25.02594,121.50651,33
500113008,20231018,1393,43,10,1,25.02594,121.50651,33
500113008,20231018,1394,43,10,1,25.02594,121.50651,33
500113008,20231018,1395,43,10,1,25.02594,121.50651,33
500113008,20231018,1396,43,10,1,25.02594,121.50651,33
500113008,20231018,1397,43,10,1,25.02594,121.50651,33
500113008,20231018,1398,43,10,1,25.02594,121.50651,33
500113008,20231018,1399,43,10,1,25.02594,121.50651,33
500113008,20231018,1401,43,10,1,25.02594,121.50651,33
500113008,20231018,1402,43,10,1,25.02594,121.50651,33
500113008,20231018,1403,43,10,1,25.02594,121.50651,33
500113008,20231018,1404,43,10,1,25.02594,121.50651,33
500113008,20231018,1405,43,10,1,25.02594,121.50651,33
500113008,20231018,1406,43,10,1,25.02594,121.50651,33
500113008,20231018,1407,43,10,1,25.02594,121.50651,33
500113008,20231018,1408,43,10,1,25.02594,121.50651,33
500113008,20231018,1409,43,10,1,25.02594,121.50651,33
500113008,20231018,1410,43,9,1,25.02594,121.50651,34
500113008,20231018,1411,43,9,1,25.02594,121.50651,34
500113008,20231018,1412,43,9,1,25.02594,121.50651,34
500113008,20231018,1413,43,8,1,25.02594,121.50651,35
500113008,20231018,1414,43,8,1,25.02594,121.50651,35
500113008,20231018,1415,43,8,1,25.02594,121.50651,35
500113008,20231018,1416,43,8,1,25.02594,121.50651,35
500113008,20231018,1417,43,8,1,25.02594,121.50651,35
500113008,20231018,1418,43,8,1,25.02594,121.50651,35
500113008,20231018,1419,43,8,1,25.02594,121.50651,35
500113008,20231018,1420,43,8,1,25.02594,121.50651,35
500113008,20231018,1421,43,8,1,25.02594,121.50651,35
500113008,20231018,1422,43,7,1,25.02594,121.50651,36
500113008,20231018,1423,43,7,1,25.02594,121.50651,36
500113008,20231018,1424,43,7,1,25.02594,121.50651,36
500113008,20231018,1425,43,7,1,25.02594,121.50651,36
500113008,20231018,1426,43,7,1,25.02594,121.50651,36
500113008,20231018,1427,43,7,1,25.02594,121.50651,36
500113008,20231018,1428,43,7,1,25.02594,121.50651,36
500113008,20231018,1429,43,7,1,25.02594,121.50651,36
500113008,20231018,1430,43,7,1,25.02594,121.50651,36
500113008,20231018,1431,43,7,1,25.02594,121.50651,36
500113008,20231018,1432,43,7,1,25.02594,121.50651,36
500113008,20231018,1433,43,6,1,25.02594,121.50651,37
500113008,20231018,1434,43,6,1,25.02594,121.50651,37
500113008,20231018,1435,43,6,1,25.02594,121.50651,37
500113008,20231018,1436,43,6,1,25.02594,121.50651,37
500113008,20231018,1437,43,6,1,25.02594,121.50651,37
500113008,20231018,1438,43,5,1,25.02594,121.50651,38
500113008,20231018,1439,43,3,1,25.02594,121.50651,40
500113008,20231019,1,43,2,1,25.02594,121.50651,41
500113008,20231019,2,43,2,1,25.02594,121.50651,41
500113008,20231019,3,43,2,1,25.02594,121.50651,41
500113008,20231019,4,43,1,1,25.02594,121.50651,42
500113008,20231019,5,43,1,1,25.02594,121.50651,42
500113008,20231019,6,43,2,1,25.02594,121.50651,41
500113008,20231019,7,43,2,1,25.02594,121.50651,41
500113008,20231019,8,43,2,1,25.02594,121.50651,41
500113008,20231019,9,43,2,1,25.02594,121.50651,41
500113008,20231019,10,43,2,1,25.02594,121.50651,41
500113008,20231019,11,43,2,1,25.02594,121.50651,41
500113008,20231019,12,43,2,1,25.02594,121.50651,41
500113008,20231019,13,43,2,1,25.02594,121.50651,41
500113008,20231019,14,43,2,1,25.02594,121.50651,41
500113008,20231019,15,43,2,1,25.02594,121.50651,41
500113008,20231019,16,43,2,1,25.02594,121.50651,41
500113008,20231019,17,43,2,1,25.02594,121.50651,41
500113008,20231019,18,43,2,1,25.02594,121.50651,41
500113008,20231019,19,43,2,1,25.02594,121.50651,41
500113008,20231019,21,43,1,1,25.02594,121.50651,42
500113008,20231019,22,43,2,1,25.02594,121.50651,41
500113008,20231019,23,43,2,1,25.02594,121.50651,41
500113008,20231019,24,43,2,1,25.02594,121.50651,41
500113008,20231019,25,43,2,1,25.02594,121.50651,41
500113008,20231019,26,43,1,1,25.02594,121.50651,42
500113008,20231019,27,43,1,1,25.02594,121.50651,42
500113008,20231019,28,43,1,1,25.02594,121.50651,42
500113008,20231019,29,43,1,1,25.02594,121.50651,42
500113008,20231019,30,43,1,1,25.02594,121.50651,42
500113008,20231019,31,43,1,1,25.02594,121.50651,42
500113008,20231019,32,43,1,1,25.02594,121.50651,42
500113008,20231019,33,43,1,1,25.02594,121.50651,42
500113008,20231019,34,43,1,1,25.02594,121.50651,42
500113008,20231019,35,43,1,1,25.02594,121.50651,42
500113008,20231019,36,43,1,1,25.02594,121.50651,42
500113008,20231019,37,43,1,1,25.02594,121.50651,42
500113008,20231019,38,43,0,1,25.02594,121.50651,43
500113008,20231019,39,43,0,1,25.02594,121.50651,43
500113008,20231019,40,43,0,1,25.02594,121.50651,43
500113008,20231019,41,43,0,1,25.02594,121.50651,43
500113008,20231019,42,43,0,1,25.02594,121.50651,43
500113008,20231019,43,43,0,1,25.02594,121.50651,43
500113008,20231019,44,43,0,1,25.02594,121.50651,43
500113008,20231019,45,43,0,1,25.02594,121.50651,43
500113008,20231019,46,43,0,1,25.02594,121.50651,43
500113008,20231019,47,43,0,1,25.02594,121.50651,43
500113008,20231019,48,43,0,1,25.02594,121.50651,43
500113008,20231019,49,43,0,1,25.02594,121.50651,43
500113008,20231019,50,43,0,1,25.02594,121.50651,43
500113008,20231019,51,43,0,1,25.02594,121.50651,43
500113008,20231019,52,43,0,1,25.02594,121.50651,43
500113008,20231019,53,43,0,1,25.02594,121.50651,43
500113008,20231019,54,43,0,1,25.02594,121.50651,43
500113008,20231019,55,43,0,1,25.02594,121.50651,43
500113008,20231019,56,43,0,1,25.02594,121.50651,43
500113008,20231019,57,43,0,1,25.02594,121.50651,43
500113008,20231019,58,43,0,1,25.02594,121.50651,43
500113008,20231019,59,43,0,1,25.02594,121.50651,43
500113008,20231019,61,43,0,1,25.02594,121.50651,43
500113008,20231019,62,43,0,1,25.02594,121.50651,43
500113008,20231019,63,43,0,1,25.02594,121.50651,43
500113008,20231019,64,43,0,1,25.02594,121.50651,43
500113008,20231019,65,43,0,1,25.02594,121.50651,43
500113008,20231019,66,43,0,1,25.02594,121.50651,43
500113008,20231019,67,43,0,1,25.02594,121.50651,43
500113008,20231019,68,43,0,1,25.02594,121.50651,43
500113008,20231019,69,43,0,1,25.02594,121.50651,43
500113008,20231019,70,43,0,1,25.02594,121.50651,43
500113008,20231019,71,43,0,1,25.02594,121.50651,43
500113008,20231019,72,43,0,1,25.02594,121.50651,43
500113008,20231019,73,43,0,1,25.02594,121.50651,43
500113008,20231019,74,43,0,1,25.02594,121.50651,43
500113008,20231019,75,43,0,1,25.02594,121.50651,43
500113008,20231019,76,43,0,1,25.02594,121.50651,43
500113008,20231019,77,43,0,1,25.02594,121.50651,43
500113008,20231019,78,43,0,1,25.02594,121.50651,43
500113008,20231019,79,43,0,1,25.02594,121.50651,43
500113008,20231019,81,43,0,1,25.02594,121.50651,43
500113008,20231019,82,43,0,1,25.02594,121.50651,43
500113008,20231019,83,43,0,1,25.02594,121.50651,43
500113008,20231019,84,43,0,1,25.02594,121.50651,43
500113008,20231019,85,43,0,1,25.02594,121.50651,43
500113008,20231019,86,43,0,1,25.02594,121.50651,43
500113008,20231019,87,43,0,1,25.02594,121.50651,43
500113008,20231019,88,43,0,1,25.02594,121.50651,43
500113008,20231019,90,43,0,1,25.02594,121.50651,43
500113008,20231019,91,43,0,1,25.02594,121.50651,43
500113008,20231019,92,43,0,1,25.02594,121.50651,43
500113008,20231019,93,43,0,1,25.02594,121.50651,43
500113008,20231019,94,43,0,1,25.02594,121.50651,43
500113008,20231019,95,43,0,1,25.02594,121.50651,43
500113008,20231019,96,43,0,1,25.02594,121.50651,43
500113008,20231019,97,43,0,1,25.02594,121.50651,43
500113008,20231019,98,43,0,1,25.02594,121.50651,43
500113008,20231019,99,43,0,1,25.02594,121.50651,43
500113008,20231019,100,43,0,1,25.02594,121.50651,43
500113008,20231019,101,43,0,1,25.02594,121.50651,43
500113008,20231019,102,43,0,1,25.02594,121.50651,43
500113008,20231019,103,43,0,1,25.02594,121.50651,43
500113008,20231019,104,43,0,1,25.02594,121.50651,43
500113008,20231019,105,43,0,1,25.02594,121.50651,43
500113008,20231019,106,43,0,1,25.02594,121.50651,43
500113008,20231019,107,43,0,1,25.02594,121.50651,43
500113008,20231019,108,43,0,1,25.02594,121.50651,43
500113008,20231019,109,43,0,1,25.02594,121.50651,43
500113008,20231019,110,43,0,1,25.02594,121.50651,43
500113008,20231019,111,43,0,1,25.02594,121.50651,43
500113008,20231019,112,43,0,1,25.02594,121.50651,43
500113008,20231019,113,43,0,1,25.02594,121.50651,43
500113008,20231019,114,43,0,1,25.02594,121.50651,43
500113008,20231019,115,43,0,1,25.02594,121.50651,43
500113008,20231019,116,43,0,1,25.02594,121.50651,43
500113008,20231019,117,43,0,1,25.02594,121.50651,43
500113008,20231019,118,43,0,1,25.02594,121.50651,43
500113008,20231019,119,43,0,1,25.02594,121.50651,43
500113008,20231019,121,43,0,1,25.02594,121.50651,43
500113008,20231019,122,43,0,1,25.02594,121.50651,43
500113008,20231019,123,43,0,1,25.02594,121.50651,43
500113008,20231019,124,43,0,1,25.02594,121.50651,43
500113008,20231019,125,43,0,1,25.02594,121.50651,43
500113008,20231019,126,43,0,1,25.02594,121.50651,43
500113008,20231019,127,43,0,1,25.02594,121.50651,43
500113008,20231019,128,43,0,1,25.02594,121.50651,43
500113008,20231019,129,43,0,1,25.02594,121.50651,43
500113008,20231019,130,43,0,1,25.02594,121.50651,43
500113008,20231019,131,43,0,1,25.02594,121.50651,43
500113008,20231019,132,43,0,1,25.02594,121.50651,43
500113008,20231019,133,43,0,1,25.02594,121.50651,43
500113008,20231019,134,43,0,1,25.02594,121.50651,43
500113008,20231019,135,43,0,1,25.02594,121.50651,43
500113008,20231019,136,43,0,1,25.02594,121.50651,43
500113008,20231019,137,43,0,1,25.02594,121.50651,43
500113008,20231019,138,43,0,1,25.02594,121.50651,43
500113008,20231019,139,43,0,1,25.02594,121.50651,43
500113008,20231019,141,43,0,1,25.02594,121.50651,43
500113008,20231019,142,43,0,1,25.02594,121.50651,43
500113008,20231019,143,43,0,1,25.02594,121.50651,43
500113008,20231019,144,43,0,1,25.02594,121.50651,43
500113008,20231019,145,43,0,1,25.02594,121.50651,43
500113008,20231019,146,43,0,1,25.02594,121.50651,43
500113008,20231019,147,43,0,1,25.02594,121.50651,43
500113008,20231019,148,43,0,1,25.02594,121.50651,43
500113008,20231019,149,43,0,1,25.02594,121.50651,43
500113008,20231019,150,43,0,1,25.02594,121.50651,43
500113008,20231019,151,43,0,1,25.02594,121.50651,43
500113008,20231019,152,43,0,1,25.02594,121.50651,43
500113008,20231019,153,43,0,1,25.02594,121.50651,43
500113008,20231019,154,43,0,1,25.02594,121.50651,43
500113008,20231019,155,43,0,1,25.02594,121.50651,43
500113008,20231019,156,43,0,1,25.02594,121.50651,43
500113008,20231019,157,43,0,1,25.02594,121.50651,43
500113008,20231019,158,43,0,1,25.02594,121.50651,43
500113008,20231019,159,43,0,1,25.02594,121.50651,43
500113008,20231019,160,43,0,1,25.02594,121.50651,43
500113008,20231019,161,43,0,1,25.02594,121.50651,43
500113008,20231019,162,43,0,1,25.02594,121.50651,43
500113008,20231019,163,43,0,1,25.02594,121.50651,43
500113008,20231019,164,43,0,1,25.02594,121.50651,43
500113008,20231019,165,43,0,1,25.02594,121.50651,43
500113008,20231019,166,43,0,1,25.02594,121.50651,43
500113008,20231019,167,43,0,1,25.02594,121.50651,43
500113008,20231019,168,43,0,1,25.02594,121.50651,43
500113008,20231019,169,43,0,1,25.02594,121.50651,43
500113008,20231019,170,43,0,1,25.02594,121.50651,43
500113008,20231019,171,43,0,1,25.02594,121.50651,43
500113008,20231019,172,43,0,1,25.02594,121.50651,43
500113008,20231019,173,43,0,1,25.02594,121.50651,43
500113008,20231019,174,43,0,1,25.02594,121.50651,43
500113008,20231019,175,43,0,1,25.02594,121.50651,43
500113008,20231019,176,43,0,1,25.02594,121.50651,43
500113008,20231019,177,43,0,1,25.02594,121.50651,43
500113008,20231019,178,43,0,1,25.02594,121.50651,43
500113008,20231019,179,43,0,1,25.02594,121.50651,43
500113008,20231019,181,43,0,1,25.02594,121.50651,43
500113008,20231019,182,43,0,1,25.02594,121.50651,43
500113008,20231019,183,43,0,1,25.02594,121.50651,43
500113008,20231019,184,43,0,1,25.02594,121.50651,43
500113008,20231019,185,43,0,1,25.02594,121.50651,43
500113008,20231019,186,43,0,1,25.02594,121.50651,43
500113008,20231019,187,43,0,1,25.02594,121.50651,43
500113008,20231019,188,43,0,1,25.02594,121.50651,43
500113008,20231019,189,43,0,1,25.02594,121.50651,43
500113008,20231019,190,43,0,1,25.02594,121.50651,43
500113008,20231019,191,43,0,1,25.02594,121.50651,43
500113008,20231019,192,43,0,1,25.02594,121.50651,43
500113008,20231019,193,43,2,1,25.02594,121.50651,41
500113008,20231019,194,43,6,1,25.02594,121.50651,37
500113008,20231019,195,43,10,1,25.02594,121.50651,33
500113008,20231019,196,43,14,1,25.02594,121.50651,29
500113008,20231019,197,43,20,1,25.02594,121.50651,23
500113008,20231019,198,43,26,1,25.02594,121.50651,17
500113008,20231019,199,43,30,1,25.02594,121.50651,13
500113008,20231019,201,43,33,1,25.02594,121.50651,10
500113008,20231019,202,43,33,1,25.02594,121.50651,10
500113008,20231019,203,43,33,1,25.02594,121.50651,10
500113008,20231019,204,43,33,1,25.02594,121.50651,10
500113008,20231019,205,43,33,1,25.02594,121.50651,10
500113008,20231019,206,43,33,1,25.02594,121.50651,10
500113008,20231019,207,43,33,1,25.02594,121.50651,10
500113008,20231019,208,43,33,1,25.02594,121.50651,10
500113008,20231019,209,43,33,1,25.02594,121.50651,10
500113008,20231019,210,43,33,1,25.02594,121.50651,10
500113008,20231019,211,43,33,1,25.02594,121.50651,10
500113008,20231019,212,43,33,1,25.02594,121.50651,10
500113008,20231019,213,43,33,1,25.02594,121.50651,10
500113008,20231019,214,43,33,1,25.02594,121.50651,10
500113008,20231019,215,43,33,1,25.02594,121.50651,10
500113008,20231019,216,43,33,1,25.02594,121.50651,10
500113008,20231019,217,43,33,1,25.02594,121.50651,10
500113008,20231019,218,43,33,1,25.02594,121.50651,10
500113008,20231019,219,43,33,1,25.02594,121.50651,10
500113008,20231019,220,43,33,1,25.02594,121.50651,10
500113008,20231019,221,43,33,1,25.02594,121.50651,10
500113008,20231019,222,43,33,1,25.02594,121.50651,10
500113008,20231019,223,43,33,1,25.02594,121.50651,10
500113008,20231019,224,43,33,1,25.02594,121.50651,10
500113008,20231019,225,43,33,1,25.02594,121.50651,10
500113008,20231019,226,43,33,1,25.02594,121.50651,10
500113008,20231019,227,43,33,1,25.02594,121.50651,10
500113008,20231019,228,43,33,1,25.02594,121.50651,10
500113008,20231019,229,43,33,1,25.02594,121.50651,10
500113008,20231019,230,43,33,1,25.02594,121.50651,10
500113008,20231019,231,43,33,1,25.02594,121.50651,10
500113008,20231019,232,43,33,1,25.02594,121.50651,10
500113008,20231019,233,43,33,1,25.02594,121.50651,10
500113008,20231019,234,43,33,1,25.02594,121.50651,10
500113008,20231019,235,43,33,1,25.02594,121.50651,10
500113008,20231019,236,43,33,1,25.02594,121.50651,10
500113008,20231019,237,43,33,1,25.02594,121.50651,10
500113008,20231019,238,43,32,1,25.02594,121.50651,11
500113008,20231019,239,43,32,1,25.02594,121.50651,11
500113008,20231019,240,43,32,1,25.02594,121.50651,11
500113008,20231019,241,43,32,1,25.02594,121.50651,11
500113008,20231019,242,43,32,1,25.02594,121.50651,11
500113008,20231019,243,43,32,1,25.02594,121.50651,11
500113008,20231019,244,43,32,1,25.02594,121.50651,11
500113008,20231019,245,43,32,1,25.02594,121.50651,11
500113008,20231019,246,43,31,1,25.02594,121.50651,12
500113008,20231019,247,43,31,1,25.02594,121.50651,12
500113008,20231019,248,43,31,1,25.02594,121.50651,12
500113008,20231019,249,43,31,1,25.02594,121.50651,12
500113008,20231019,250,43,31,1,25.02594,121.50651,12
500113008,20231019,251,43,31,1,25.02594,121.50651,12
500113008,20231019,252,43,31,1,25.02594,121.50651,12
500113008,20231019,253,43,31,1,25.02594,121.50651,12
500113008,20231019,254,43,31,1,25.02594,121.50651,12
500113008,20231019,255,43,31,1,25.02594,121.50651,12
500113008,20231019,256,43,31,1,25.02594,121.50651,12
500113008,20231019,257,43,31,1,25.02594,121.50651,12
500113008,20231019,258,43,31,1,25.02594,121.50651,12
500113008,20231019,259,43,31,1,25.02594,121.50651,12
500113008,20231019,261,43,31,1,25.02594,121.50651,12
500113008,20231019,262,43,31,1,25.02594,121.50651,12
500113008,20231019,263,43,31,1,25.02594,121.50651,12
500113008,20231019,264,43,31,1,25.02594,121.50651,12
500113008,20231019,265,43,31,1,25.02594,121.50651,12
500113008,20231019,266,43,31,1,25.02594,121.50651,12
500113008,20231019,267,43,31,1,25.02594,121.50651,12
500113008,20231019,268,43,31,1,25.02594,121.50651,12
500113008,20231019,269,43,31,1,25.02594,121.50651,12
500113008,20231019,270,43,31,1,25.02594,121.50651,12
500113008,20231019,271,43,31,1,25.02594,121.50651,12
500113008,20231019,272,43,31,1,25.02594,121.50651,12
500113008,20231019,273,43,31,1,25.02594,121.50651,12
500113008,20231019,274,43,31,1,25.02594,121.50651,12
500113008,20231019,275,43,31,1,25.02594,121.50651,12
500113008,20231019,276,43,31,1,25.02594,121.50651,12
500113008,20231019,277,43,31,1,25.02594,121.50651,12
500113008,20231019,278,43,31,1,25.02594,121.50651,12
500113008,20231019,279,43,31,1,25.02594,121.50651,12
500113008,20231019,280,43,31,1,25.02594,121.50651,12
500113008,20231019,281,43,31,1,25.02594,121.50651,12
500113008,20231019,282,43,32,1,25.02594,121.50651,11
500113008,20231019,283,43,32,1,25.02594,121.50651,11
500113008,20231019,284,43,32,1,25.02594,121.50651,11
500113008,20231019,285,43,32,1,25.02594,121.50651,11
500113008,20231019,286,43,32,1,25.02594,121.50651,11
500113008,20231019,287,43,32,1,25.02594,121.50651,11
500113008,20231019,288,43,32,1,25.02594,121.50651,11
500113008,20231019,289,43,31,1,25.02594,121.50651,12
500113008,20231019,290,43,31,1,25.02594,121.50651,12
500113008,20231019,291,43,31,1,25.02594,121.50651,12
500113008,20231019,292,43,31,1,25.02594,121.50651,12
500113008,20231019,293,43,31,1,25.02594,121.50651,12
500113008,20231019,294,43,31,1,25.02594,121.50651,12
500113008,20231019,295,43,31,1,25.02594,121.50651,12
500113008,20231019,296,43,31,1,25.02594,121.50651,12
500113008,20231019,297,43,31,1,25.02594,121.50651,12
500113008,20231019,298,43,31,1,25.02594,121.50651,12
500113008,20231019,299,43,31,1,25.02594,121.50651,12
500113008,20231019,300,43,31,1,25.02594,121.50651,12
500113008,20231019,301,43,31,1,25.02594,121.50651,12
500113008,20231019,302,43,31,1,25.02594,121.50651,12
500113008,20231019,303,43,31,1,25.02594,121.50651,12
500113008,20231019,304,43,31,1,25.02594,121.50651,12
500113008,20231019,305,43,31,1,25.02594,121.50651,12
500113008,20231019,306,43,31,1,25.02594,121.50651,12
500113008,20231019,307,43,31,1,25.02594,121.50651,12
500113008,20231019,308,43,31,1,25.02594,121.50651,12
500113008,20231019,309,43,31,1,25.02594,121.50651,12
500113008,20231019,310,43,30,1,25.02594,121.50651,13
500113008,20231019,311,43,30,1,25.02594,121.50651,13
500113008,20231019,312,43,30,1,25.02594,121.50651,13
500113008,20231019,313,43,30,1,25.02594,121.50651,13
500113008,20231019,314,43,30,1,25.02594,121.50651,13
500113008,20231019,315,43,30,1,25.02594,121.50651,13
500113008,20231019,316,43,30,1,25.02594,121.50651,13
500113008,20231019,317,43,30,1,25.02594,121.50651,13
500113008,20231019,318,43,30,1,25.02594,121.50651,13
500113008,20231019,319,43,30,1,25.02594,121.50651,13
500113008,20231019,321,43,30,1,25.02594,121.50651,13
500113008,20231019,322,43,30,1,25.02594,121.50651,13
500113008,20231019,323,43,30,1,25.02594,121.50651,13
500113008,20231019,324,43,30,1,25.02594,121.50651,13
500113008,20231019,325,43,30,1,25.02594,121.50651,13
500113008,20231019,326,43,30,1,25.02594,121.50651,13
500113008,20231019,327,43,30,1,25.02594,121.50651,13
500113008,20231019,328,43,30,1,25.02594,121.50651,13
500113008,20231019,329,43,30,1,25.02594,121.50651,13
500113008,20231019,330,43,30,1,25.02594,121.50651,13
500113008,20231019,331,43,30,1,25.02594,121.50651,13
500113008,20231019,332,43,30,1,25.02594,121.50651,13
500113008,20231019,333,43,30,1,25.02594,121.50651,13
500113008,20231019,334,43,30,1,25.02594,121.50651,13
500113008,20231019,335,43,29,1,25.02594,121.50651,14
500113008,20231019,336,43,29,1,25.02594,121.50651,14
500113008,20231019,337,43,29,1,25.02594,121.50651,14
500113008,20231019,338,43,29,1,25.02594,121.50651,14
500113008,20231019,339,43,29,1,25.02594,121.50651,14
500113008,20231019,340,43,29,1,25.02594,121.50651,14
500113008,20231019,341,43,29,1,25.02594,121.50651,14
500113008,20231019,342,43,29,1,25.02594,121.50651,14
500113008,20231019,343,43,29,1,25.02594,121.50651,14
500113008,20231019,344,43,29,1,25.02594,121.50651,14
500113008,20231019,345,43,29,1,25.02594,121.50651,14
500113008,20231019,346,43,29,1,25.02594,121.50651,14
500113008,20231019,347,43,29,1,25.02594,121.50651,14
500113008,20231019,348,43,29,1,25.02594,121.50651,14
500113008,20231019,349,43,29,1,25.02594,121.50651,14
500113008,20231019,350,43,28,1,25.02594,121.50651,15
500113008,20231019,351,43,28,1,25.02594,121.50651,15
500113008,20231019,352,43,28,1,25.02594,121.50651,15
500113008,20231019,353,43,28,1,25.02594,121.50651,15
500113008,20231019,354,43,28,1,25.02594,121.50651,15
500113008,20231019,355,43,28,1,25.02594,121.50651,15
500113008,20231019,356,43,28,1,25.02594,121.50651,15
500113008,20231019,357,43,28,1,25.02594,121.50651,15
500113008,20231019,358,43,28,1,25.02594,121.50651,15
500113008,20231019,359,43,28,1,25.02594,121.50651,15
500113008,20231019,360,43,28,1,25.02594,121.50651,15
500113008,20231019,361,43,28,1,25.02594,121.50651,15
500113008,20231019,362,43,28,1,25.02594,121.50651,15
500113008,20231019,363,43,28,1,25.02594,121.50651,15
500113008,20231019,364,43,28,1,25.02594,121.50651,15
500113008,20231019,365,43,28,1,25.02594,121.50651,15
500113008,20231019,366,43,28,1,25.02594,121.50651,15
500113008,20231019,367,43,27,1,25.02594,121.50651,16
500113008,20231019,368,43,27,1,25.02594,121.50651,16
500113008,20231019,369,43,27,1,25.02594,121.50651,16
500113008,20231019,370,43,27,1,25.02594,121.50651,16
500113008,20231019,371,43,27,1,25.02594,121.50651,16
500113008,20231019,372,43,27,1,25.02594,121.50651,16
500113008,20231019,373,43,27,1,25.02594,121.50651,16
500113008,20231019,374,43,27,1,25.02594,121.50651,16
500113008,20231019,375,43,27,1,25.02594,121.50651,16
500113008,20231019,376,43,27,1,25.02594,121.50651,16
500113008,20231019,377,43,27,1,25.02594,121.50651,16
500113008,20231019,378,43,26,1,25.02594,121.50651,17
500113008,20231019,379,43,26,1,25.02594,121.50651,17
500113008,20231019,381,43,26,1,25.02594,121.50651,17
500113008,20231019,382,43,27,1,25.02594,121.50651,16
500113008,20231019,383,43,27,1,25.02594,121.50651,16
500113008,20231019,384,43,27,1,25.02594,121.50651,16
500113008,20231019,385,43,27,1,25.02594,121.50651,16
500113008,20231019,386,43,27,1,25.02594,121.50651,16
500113008,20231019,387,43,27,1,25.02594,121.50651,16
500113008,20231019,388,43,27,1,25.02594,121.50651,16
500113008,20231019,389,43,27,1,25.02594,121.50651,16
500113008,20231019,390,43,27,1,25.02594,121.50651,16
500113008,20231019,392,43,27,1,25.02594,121.50651,16
500113008,20231019,393,43,27,1,25.02594,121.50651,16
500113008,20231019,394,43,27,1,25.02594,121.50651,16
500113008,20231019,395,43,28,1,25.02594,121.50651,15
500113008,20231019,396,43,28,1,25.02594,121.50651,15
500113008,20231019,397,43,28,1,25.02594,121.50651,15
500113008,20231019,398,43,28,1,25.02594,121.50651,15
500113008,20231019,399,43,28,1,25.02594,121.50651,15
500113008,20231019,400,43,27,1,25.02594,121.50651,16
500113008,20231019,401,43,26,1,25.02594,121.50651,17
500113008,20231019,402,43,26,1,25.02594,121.50651,17
500113008,20231019,403,43,26,1,25.02594,121.50651,17
500113008,20231019,404,43,26,1,25.02594,121.50651,17
500113008,20231019,405,43,26,1,25.02594,121.50651,17
500113008,20231019,406,43,26,1,25.02594,121.50651,17
500113008,20231019,407,43,26,1,25.02594,121.50651,17
500113008,20231019,408,43,26,1,25.02594,121.50651,17
500113008,20231019,409,43,25,1,25.02594,121.50651,18
500113008,20231019,410,43,28,1,25.02594,121.50651,15
500113008,20231019,411,43,28,1,25.02594,121.50651,15
500113008,20231019,412,43,28,1,25.02594,121.50651,15
500113008,20231019,413,43,29,1,25.02594,121.50651,14
500113008,20231019,414,43,29,1,25.02594,121.50651,14
500113008,20231019,415,43,29,1,25.02594,121.50651,14
500113008,20231019,416,43,29,1,25.02594,121.50651,14
500113008,20231019,417,43,29,1,25.02594,121.50651,14
500113008,20231019,418,43,28,1,25.02594,121.50651,15
500113008,20231019,419,43,29,1,25.02594,121.50651,14
500113008,20231019,421,43,30,1,25.02594,121.50651,13
500113008,20231019,422,43,30,1,25.02594,121.50651,13
500113008,20231019,423,43,30,1,25.02594,121.50651,13
500113008,20231019,424,43,30,1,25.02594,121.50651,13
500113008,20231019,425,43,31,1,25.02594,121.50651,12
500113008,20231019,426,43,30,1,25.02594,121.50651,13
500113008,20231019,427,43,30,1,25.02594,121.50651,13
500113008,20231019,428,43,30,1,25.02594,121.50651,13
500113008,20231019,429,43,30,1,25.02594,121.50651,13
500113008,20231019,430,43,30,1,25.02594,121.50651,13
500113008,20231019,431,43,31,1,25.02594,121.50651,12
500113008,20231019,432,43,31,1,25.02594,121.50651,12
500113008,20231019,433,43,31,1,25.02594,121.50651,12
500113008,20231019,434,43,31,1,25.02594,121.50651,12
500113008,20231019,435,43,31,1,25.02594,121.50651,12
500113008,20231019,436,43,31,1,25.02594,121.50651,12
500113008,20231019,437,43,31,1,25.02594,121.50651,12
500113008,20231019,438,43,31,1,25.02594,121.50651,12
500113008,20231019,439,43,30,1,25.02594,121.50651,13
500113008,20231019,441,43,30,1,25.02594,121.50651,13
500113008,20231019,442,43,31,1,25.02594,121.50651,12
500113008,20231019,443,43,33,1,25.02594,121.50651,10
500113008,20231019,444,43,33,1,25.02594,121.50651,10
500113008,20231019,445,43,34,1,25.02594,121.50651,9
500113008,20231019,446,43,34,1,25.02594,121.50651,9
500113008,20231019,447,43,34,1,25.02594,121.50651,9
500113008,20231019,448,43,35,1,25.02594,121.50651,8
500113008,20231019,449,43,36,1,25.02594,121.50651,7
500113008,20231019,451,43,36,1,25.02594,121.50651,7
500113008,20231019,452,43,36,1,25.02594,121.50651,7
500113008,20231019,453,43,36,1,25.02594,121.50651,7
500113008,20231019,454,43,36,1,25.02594,121.50651,7
500113008,20231019,455,43,36,1,25.02594,121.50651,7
500113008,20231019,456,43,36,1,25.02594,121.50651,7
500113008,20231019,457,43,36,1,25.02594,121.50651,7
500113008,20231019,458,43,37,1,25.02594,121.50651,6
500113008,20231019,459,43,37,1,25.02594,121.50651,6
500113008,20231019,461,43,36,1,25.02594,121.50651,7
500113008,20231019,462,43,35,1,25.02594,121.50651,8
500113008,20231019,463,43,35,1,25.02594,121.50651,8
500113008,20231019,464,43,35,1,25.02594,121.50651,8
500113008,20231019,465,43,35,1,25.02594,121.50651,8
500113008,20231019,466,43,35,1,25.02594,121.50651,8
500113008,20231019,467,43,35,1,25.02594,121.50651,8
500113008,20231019,468,43,34,1,25.02594,121.50651,9
500113008,20231019,469,43,35,1,25.02594,121.50651,8
500113008,20231019,471,43,35,1,25.02594,121.50651,8
500113008,20231019,472,43,36,1,25.02594,121.50651,7
500113008,20231019,473,43,37,1,25.02594,121.50651,6
500113008,20231019,474,43,37,1,25.02594,121.50651,6
500113008,20231019,475,43,37,1,25.02594,121.50651,6
500113008,20231019,476,43,37,1,25.02594,121.50651,6
500113008,20231019,477,43,37,1,25.02594,121.50651,6
500113008,20231019,478,43,37,1,25.02594,121.50651,6
500113008,20231019,479,43,37,1,25.02594,121.50651,6
500113008,20231019,481,43,39,1,25.02594,121.50651,4
500113008,20231019,482,43,38,1,25.02594,121.50651,5
500113008,20231019,483,43,39,1,25.02594,121.50651,4
500113008,20231019,484,43,39,1,25.02594,121.50651,4
500113008,20231019,485,43,39,1,25.02594,121.50651,4
500113008,20231019,486,43,39,1,25.02594,121.50651,4
500113008,20231019,487,43,39,1,25.02594,121.50651,4
500113008,20231019,488,43,39,1,25.02594,121.50651,4
500113008,20231019,489,43,39,1,25.02594,121.50651,4
500113008,20231019,491,43,39,1,25.02594,121.50651,4
500113008,20231019,492,43,39,1,25.02594,121.50651,4
500113008,20231019,493,43,39,1,25.02594,121.50651,4
500113008,20231019,494,43,39,1,25.02594,121.50651,4
500113008,20231019,495,43,39,1,25.02594,121.50651,4
500113008,20231019,496,43,39,1,25.02594,121.50651,4
500113008,20231019,497,43,39,1,25.02594,121.50651,4
500113008,20231019,498,43,39,1,25.02594,121.50651,4
500113008,20231019,499,43,39,1,25.02594,121.50651,4
500113008,20231019,501,43,39,1,25.02594,121.50651,4
500113008,20231019,502,43,40,1,25.02594,121.50651,3
500113008,20231019,503,43,40,1,25.02594,121.50651,3
500113008,20231019,504,43,41,1,25.02594,121.50651,2
500113008,20231019,505,43,41,1,25.02594,121.50651,2
500113008,20231019,506,43,41,1,25.02594,121.50651,2
500113008,20231019,507,43,41,1,25.02594,121.50651,2
500113008,20231019,508,43,41,1,25.02594,121.50651,2
500113008,20231019,509,43,42,1,25.02594,121.50651,1
500113008,20231019,511,43,42,1,25.02594,121.50651,1
500113008,20231019,512,43,42,1,25.02594,121.50651,1
500113008,20231019,513,43,42,1,25.02594,121.50651,1
500113008,20231019,514,43,42,1,25.02594,121.50651,1
500113008,20231019,515,43,42,1,25.02594,121.50651,1
500113008,20231019,516,43,42,1,25.02594,121.50651,1
500113008,20231019,517,43,42,1,25.02594,121.50651,1
500113008,20231019,518,43,42,1,25.02594,121.50651,1
500113008,20231019,519,43,42,1,25.02594,121.50651,1
500113008,20231019,520,43,42,1,25.02594,121.50651,1
500113008,20231019,521,43,42,1,25.02594,121.50651,1
500113008,20231019,522,43,42,1,25.02594,121.50651,1
500113008,20231019,523,43,42,1,25.02594,121.50651,1
500113008,20231019,524,43,42,1,25.02594,121.50651,1
500113008,20231019,525,43,41,1,25.02594,121.50651,2
500113008,20231019,526,43,41,1,25.02594,121.50651,2
500113008,20231019,527,43,41,1,25.02594,121.50651,2
500113008,20231019,528,43,41,1,25.02594,121.50651,2
500113008,20231019,529,43,41,1,25.02594,121.50651,2
500113008,20231019,530,43,41,1,25.02594,121.50651,2
500113008,20231019,531,43,41,1,25.02594,121.50651,2
500113008,20231019,532,43,41,1,25.02594,121.50651,2
500113008,20231019,533,43,42,1,25.02594,121.50651,1
500113008,20231019,534,43,41,1,25.02594,121.50651,2
500113008,20231019,535,43,41,1,25.02594,121.50651,2
500113008,20231019,536,43,41,1,25.02594,121.50651,2
500113008,20231019,537,43,41,1,25.02594,121.50651,2
500113008,20231019,538,43,41,1,25.02594,121.50651,2
500113008,20231019,539,43,41,1,25.02594,121.50651,2
500113008,20231019,541,43,41,1,25.02594,121.50651,2
500113008,20231019,542,43,42,1,25.02594,121.50651,1
500113008,20231019,543,43,42,1,25.02594,121.50651,1
500113008,20231019,544,43,42,1,25.02594,121.50651,1
500113008,20231019,545,43,42,1,25.02594,121.50651,1
500113008,20231019,546,43,42,1,25.02594,121.50651,1
500113008,20231019,547,43,42,1,25.02594,121.50651,1
500113008,20231019,548,43,42,1,25.02594,121.50651,1
500113008,20231019,549,43,42,1,25.02594,121.50651,1
500113008,20231019,550,43,42,1,25.02594,121.50651,1
500113008,20231019,551,43,42,1,25.02594,121.50651,1
500113008,20231019,552,43,42,1,25.02594,121.50651,1
500113008,20231019,553,43,42,1,25.02594,121.50651,1
500113008,20231019,554,43,42,1,25.02594,121.50651,1
500113008,20231019,555,43,42,1,25.02594,121.50651,1
500113008,20231019,556,43,42,1,25.02594,121.50651,1
500113008,20231019,557,43,42,1,25.02594,121.50651,1
500113008,20231019,558,43,42,1,25.02594,121.50651,1
500113008,20231019,559,43,42,1,25.02594,121.50651,1
500113008,20231019,561,43,42,1,25.02594,121.50651,1
500113008,20231019,562,43,42,1,25.02594,121.50651,1
500113008,20231019,563,43,42,1,25.02594,121.50651,1
500113008,20231019,564,43,42,1,25.02594,121.50651,1
500113008,20231019,565,43,42,1,25.02594,121.50651,1
500113008,20231019,566,43,42,1,25.02594,121.50651,1
500113008,20231019,567,43,42,1,25.02594,121.50651,1
500113008,20231019,568,43,42,1,25.02594,121.50651,1
500113008,20231019,569,43,42,1,25.02594,121.50651,1
500113008,20231019,571,43,42,1,25.02594,121.50651,1
500113008,20231019,572,43,42,1,25.02594,121.50651,1
500113008,20231019,573,43,41,1,25.02594,121.50651,2
500113008,20231019,574,43,41,1,25.02594,121.50651,2
500113008,20231019,575,43,41,1,25.02594,121.50651,2
500113008,20231019,576,43,41,1,25.02594,121.50651,2
500113008,20231019,577,43,41,1,25.02594,121.50651,2
500113008,20231019,578,43,41,1,25.02594,121.50651,2
500113008,20231019,579,43,41,1,25.02594,121.50651,2
500113008,20231019,580,43,42,1,25.02594,121.50651,1
500113008,20231019,581,43,42,1,25.02594,121.50651,1
500113008,20231019,582,43,42,1,25.02594,121.50651,1
500113008,20231019,583,43,42,1,25.02594,121.50651,1
500113008,20231019,584,43,42,1,25.02594,121.50651,1
500113008,20231019,585,43,42,1,25.02594,121.50651,1
500113008,20231019,586,43,42,1,25.02594,121.50651,1
500113008,20231019,587,43,42,1,25.02594,121.50651,1
500113008,20231019,588,43,42,1,25.02594,121.50651,1
500113008,20231019,589,43,42,1,25.02594,121.50651,1
500113008,20231019,590,43,42,1,25.02594,121.50651,1
500113008,20231019,591,43,42,1,25.02594,121.50651,1
500113008,20231019,592,43,42,1,25.02594,121.50651,1
500113008,20231019,593,43,42,1,25.02594,121.50651,1
500113008,20231019,594,43,42,1,25.02594,121.50651,1
500113008,20231019,595,43,42,1,25.02594,121.50651,1
500113008,20231019,596,43,40,1,25.02594,121.50651,3
500113008,20231019,597,43,40,1,25.02594,121.50651,3
500113008,20231019,598,43,40,1,25.02594,121.50651,3
500113008,20231019,599,43,40,1,25.02594,121.50651,3
500113008,20231019,601,43,39,1,25.02594,121.50651,4
500113008,20231019,602,43,39,1,25.02594,121.50651,4
500113008,20231019,603,43,40,1,25.02594,121.50651,3
500113008,20231019,604,43,40,1,25.02594,121.50651,3
500113008,20231019,605,43,40,1,25.02594,121.50651,3
500113008,20231019,606,43,40,1,25.02594,121.50651,3
500113008,20231019,607,43,40,1,25.02594,121.50651,3
500113008,20231019,608,43,40,1,25.02594,121.50651,3
500113008,20231019,609,43,41,1,25.02594,121.50651,2
500113008,20231019,610,43,41,1,25.02594,121.50651,2
500113008,20231019,611,43,41,1,25.02594,121.50651,2
500113008,20231019,612,43,41,1,25.02594,121.50651,2
500113008,20231019,613,43,41,1,25.02594,121.50651,2
500113008,20231019,614,43,41,1,25.02594,121.50651,2
500113008,20231019,615,43,41,1,25.02594,121.50651,2
500113008,20231019,616,43,41,1,25.02594,121.50651,2
500113008,20231019,617,43,42,1,25.02594,121.50651,1
500113008,20231019,618,43,42,1,25.02594,121.50651,1
500113008,20231019,619,43,42,1,25.02594,121.50651,1
500113008,20231019,621,43,42,1,25.02594,121.50651,1
500113008,20231019,622,43,41,1,25.02594,121.50651,2
500113008,20231019,623,43,41,1,25.02594,121.50651,2
500113008,20231019,624,43,41,1,25.02594,121.50651,2
500113008,20231019,625,43,41,1,25.02594,121.50651,2
500113008,20231019,626,43,41,1,25.02594,121.50651,2
500113008,20231019,627,43,41,1,25.02594,121.50651,2
500113008,20231019,628,43,41,1,25.02594,121.50651,2
500113008,20231019,629,43,41,1,25.02594,121.50651,2
500113008,20231019,631,43,40,1,25.02594,121.50651,3
500113008,20231019,632,43,40,1,25.02594,121.50651,3
500113008,20231019,633,43,40,1,25.02594,121.50651,3
500113008,20231019,634,43,40,1,25.02594,121.50651,3
500113008,20231019,635,43,40,1,25.02594,121.50651,3
500113008,20231019,636,43,40,1,25.02594,121.50651,3
500113008,20231019,637,43,40,1,25.02594,121.50651,3
500113008,20231019,638,43,40,1,25.02594,121.50651,3
500113008,20231019,639,43,40,1,25.02594,121.50651,3
500113008,20231019,640,43,40,1,25.02594,121.50651,3
500113008,20231019,641,43,40,1,25.02594,121.50651,3
500113008,20231019,642,43,40,1,25.02594,121.50651,3
500113008,20231019,643,43,40,1,25.02594,121.50651,3
500113008,20231019,644,43,40,1,25.02594,121.50651,3
500113008,20231019,645,43,40,1,25.02594,121.50651,3
500113008,20231019,646,43,40,1,25.02594,121.50651,3
500113008,20231019,647,43,40,1,25.02594,121.50651,3
500113008,20231019,648,43,40,1,25.02594,121.50651,3
500113008,20231019,649,43,40,1,25.02594,121.50651,3
500113008,20231019,650,43,40,1,25.02594,121.50651,3
500113008,20231019,651,43,40,1,25.02594,121.50651,3
500113008,20231019,652,43,40,1,25.02594,121.50651,3
500113008,20231019,653,43,40,1,25.02594,121.50651,3
500113008,20231019,654,43,41,1,25.02594,121.50651,2
500113008,20231019,655,43,41,1,25.02594,121.50651,2
500113008,20231019,656,43,41,1,25.02594,121.50651,2
500113008,20231019,657,43,41,1,25.02594,121.50651,2
500113008,20231019,658,43,41,1,25.02594,121.50651,2
500113008,20231019,659,43,41,1,25.02594,121.50651,2
500113008,20231019,661,43,41,1,25.02594,121.50651,2
500113008,20231019,662,43,41,1,25.02594,121.50651,2
500113008,20231019,663,43,41,1,25.02594,121.50651,2
500113008,20231019,664,43,41,1,25.02594,121.50651,2
500113008,20231019,665,43,41,1,25.02594,121.50651,2
500113008,20231019,666,43,41,1,25.02594,121.50651,2
500113008,20231019,667,43,41,1,25.02594,121.50651,2
500113008,20231019,668,43,42,1,25.02594,121.50651,1
500113008,20231019,669,43,42,1,25.02594,121.50651,1
500113008,20231019,670,43,42,1,25.02594,121.50651,1
500113008,20231019,671,43,41,1,25.02594,121.50651,2
500113008,20231019,672,43,41,1,25.02594,121.50651,2
500113008,20231019,673,43,41,1,25.02594,121.50651,2
500113008,20231019,674,43,41,1,25.02594,121.50651,2
500113008,20231019,675,43,41,1,25.02594,121.50651,2
500113008,20231019,676,43,41,1,25.02594,121.50651,2
500113008,20231019,677,43,41,1,25.02594,121.50651,2
500113008,20231019,678,43,42,1,25.02594,121.50651,1
500113008,20231019,679,43,42,1,25.02594,121.50651,1
500113008,20231019,681,43,42,1,25.02594,121.50651,1
500113008,20231019,682,43,42,1,25.02594,121.50651,1
500113008,20231019,683,43,41,1,25.02594,121.50651,2
500113008,20231019,684,43,40,1,25.02594,121.50651,3
500113008,20231019,685,43,39,1,25.02594,121.50651,4
500113008,20231019,686,43,39,1,25.02594,121.50651,4
500113008,20231019,687,43,39,1,25.02594,121.50651,4
500113008,20231019,688,43,39,1,25.02594,121.50651,4
500113008,20231019,689,43,39,1,25.02594,121.50651,4
500113008,20231019,690,43,39,1,25.02594,121.50651,4
500113008,20231019,691,43,38,1,25.02594,121.50651,5
500113008,20231019,692,43,38,1,25.02594,121.50651,5
500113008,20231019,694,43,38,1,25.02594,121.50651,5
500113008,20231019,695,43,38,1,25.02594,121.50651,5
500113008,20231019,696,43,38,1,25.02594,121.50651,5
500113008,20231019,697,43,38,1,25.02594,121.50651,5
500113008,20231019,698,43,39,1,25.02594,121.50651,4
500113008,20231019,699,43,39,1,25.02594,121.50651,4
500113008,20231019,700,43,40,1,25.02594,121.50651,3
500113008,20231019,701,43,40,1,25.02594,121.50651,3
500113008,20231019,702,43,40,1,25.02594,121.50651,3
500113008,20231019,703,43,40,1,25.02594,121.50651,3
500113008,20231019,704,43,39,1,25.02594,121.50651,4
500113008,20231019,705,43,39,1,25.02594,121.50651,4
500113008,20231019,706,43,39,1,25.02594,121.50651,4
500113008,20231019,707,43,39,1,25.02594,121.50651,4
500113008,20231019,708,43,38,1,25.02594,121.50651,5
500113008,20231019,709,43,38,1,25.02594,121.50651,5
500113008,20231019,710,43,37,1,25.02594,121.50651,6
500113008,20231019,711,43,36,1,25.02594,121.50651,7
500113008,20231019,712,43,36,1,25.02594,121.50651,7
500113008,20231019,713,43,36,1,25.02594,121.50651,7
500113008,20231019,714,43,37,1,25.02594,121.50651,6
500113008,20231019,715,43,37,1,25.02594,121.50651,6
500113008,20231019,716,43,37,1,25.02594,121.50651,6
500113008,20231019,717,43,37,1,25.02594,121.50651,6
500113008,20231019,718,43,37,1,25.02594,121.50651,6
500113008,20231019,719,43,37,1,25.02594,121.50651,6
500113008,20231019,721,43,38,1,25.02594,121.50651,5
500113008,20231019,722,43,39,1,25.02594,121.50651,4
500113008,20231019,723,43,38,1,25.02594,121.50651,5
500113008,20231019,724,43,38,1,25.02594,121.50651,5
500113008,20231019,725,43,38,1,25.02594,121.50651,5
500113008,20231019,726,43,38,1,25.02594,121.50651,5
500113008,20231019,727,43,38,1,25.02594,121.50651,5
500113008,20231019,728,43,38,1,25.02594,121.50651,5
500113008,20231019,729,43,38,1,25.02594,121.50651,5
500113008,20231019,730,43,38,1,25.02594,121.50651,5
500113008,20231019,731,43,38,1,25.02594,121.50651,5
500113008,20231019,732,43,38,1,25.02594,121.50651,5
500113008,20231019,733,43,38,1,25.02594,121.50651,5
500113008,20231019,734,43,38,1,25.02594,121.50651,5
500113008,20231019,735,43,38,1,25.02594,121.50651,5
500113008,20231019,736,43,38,1,25.02594,121.50651,5
500113008,20231019,737,43,38,1,25.02594,121.50651,5
500113008,20231019,738,43,38,1,25.02594,121.50651,5
500113008,20231019,739,43,38,1,25.02594,121.50651,5
500113008,20231019,741,43,38,1,25.02594,121.50651,5
500113008,20231019,742,43,38,1,25.02594,121.50651,5
500113008,20231019,743,43,38,1,25.02594,121.50651,5
500113008,20231019,744,43,37,1,25.02594,121.50651,6
500113008,20231019,745,43,37,1,25.02594,121.50651,6
500113008,20231019,746,43,36,1,25.02594,121.50651,7
500113008,20231019,747,43,36,1,25.02594,121.50651,7
500113008,20231019,748,43,36,1,25.02594,121.50651,7
500113008,20231019,749,43,36,1,25.02594,121.50651,7
500113008,20231019,751,43,36,1,25.02594,121.50651,7
500113008,20231019,752,43,37,1,25.02594,121.50651,6
500113008,20231019,753,43,37,1,25.02594,121.50651,6
500113008,20231019,754,43,37,1,25.02594,121.50651,6
500113008,20231019,755,43,37,1,25.02594,121.50651,6
500113008,20231019,756,43,37,1,25.02594,121.50651,6
500113008,20231019,757,43,36,1,25.02594,121.50651,7
500113008,20231019,758,43,36,1,25.02594,121.50651,7
500113008,20231019,759,43,36,1,25.02594,121.50651,7
500113008,20231019,760,43,36,1,25.02594,121.50651,7
500113008,20231019,761,43,36,1,25.02594,121.50651,7
500113008,20231019,762,43,36,1,25.02594,121.50651,7
500113008,20231019,763,43,36,1,25.02594,121.50651,7
500113008,20231019,764,43,36,1,25.02594,121.50651,7
500113008,20231019,765,43,36,1,25.02594,121.50651,7
500113008,20231019,766,43,36,1,25.02594,121.50651,7
500113008,20231019,767,43,36,1,25.02594,121.50651,7
500113008,20231019,768,43,36,1,25.02594,121.50651,7
500113008,20231019,769,43,36,1,25.02594,121.50651,7
500113008,20231019,770,43,36,1,25.02594,121.50651,7
500113008,20231019,771,43,36,1,25.02594,121.50651,7
500113008,20231019,772,43,35,1,25.02594,121.50651,8
500113008,20231019,773,43,35,1,25.02594,121.50651,8
500113008,20231019,774,43,35,1,25.02594,121.50651,8
500113008,20231019,775,43,35,1,25.02594,121.50651,8
500113008,20231019,776,43,35,1,25.02594,121.50651,8
500113008,20231019,777,43,35,1,25.02594,121.50651,8
500113008,20231019,778,43,35,1,25.02594,121.50651,8
500113008,20231019,779,43,35,1,25.02594,121.50651,8
500113008,20231019,781,43,35,1,25.02594,121.50651,8
500113008,20231019,782,43,36,1,25.02594,121.50651,7
500113008,20231019,783,43,36,1,25.02594,121.50651,7
500113008,20231019,784,43,36,1,25.02594,121.50651,7
500113008,20231019,785,43,36,1,25.02594,121.50651,7
500113008,20231019,786,43,36,1,25.02594,121.50651,7
500113008,20231019,787,43,36,1,25.02594,121.50651,7
500113008,20231019,788,43,36,1,25.02594,121.50651,7
500113008,20231019,789,43,36,1,25.02594,121.50651,7
500113008,20231019,790,43,36,1,25.02594,121.50651,7
500113008,20231019,791,43,36,1,25.02594,121.50651,7
500113008,20231019,792,43,36,1,25.02594,121.50651,7
500113008,20231019,793,43,36,1,25.02594,121.50651,7
500113008,20231019,794,43,36,1,25.02594,121.50651,7
500113008,20231019,795,43,36,1,25.02594,121.50651,7
500113008,20231019,796,43,36,1,25.02594,121.50651,7
500113008,20231019,797,43,36,1,25.02594,121.50651,7
500113008,20231019,798,43,36,1,25.02594,121.50651,7
500113008,20231019,799,43,36,1,25.02594,121.50651,7
500113008,20231019,801,43,36,1,25.02594,121.50651,7
500113008,20231019,802,43,36,1,25.02594,121.50651,7
500113008,20231019,803,43,36,1,25.02594,121.50651,7
500113008,20231019,804,43,36,1,25.02594,121.50651,7
500113008,20231019,805,43,36,1,25.02594,121.50651,7
500113008,20231019,806,43,36,1,25.02594,121.50651,7
500113008,20231019,807,43,36,1,25.02594,121.50651,7
500113008,20231019,808,43,36,1,25.02594,121.50651,7
500113008,20231019,809,43,36,1,25.02594,121.50651,7
500113008,20231019,810,43,36,1,25.02594,121.50651,7
500113008,20231019,811,43,36,1,25.02594,121.50651,7
500113008,20231019,812,43,36,1,25.02594,121.50651,7
500113008,20231019,813,43,36,1,25.02594,121.50651,7
500113008,20231019,814,43,36,1,25.02594,121.50651,7
500113008,20231019,815,43,36,1,25.02594,121.50651,7
500113008,20231019,816,43,36,1,25.02594,121.50651,7
500113008,20231019,817,43,36,1,25.02594,121.50651,7
500113008,20231019,818,43,37,1,25.02594,121.50651,6
500113008,20231019,819,43,37,1,25.02594,121.50651,6
500113008,20231019,820,43,37,1,25.02594,121.50651,6
500113008,20231019,821,43,37,1,25.02594,121.50651,6
500113008,20231019,822,43,37,1,25.02594,121.50651,6
500113008,20231019,823,43,37,1,25.02594,121.50651,6
500113008,20231019,824,43,36,1,25.02594,121.50651,7
500113008,20231019,825,43,36,1,25.02594,121.50651,7
500113008,20231019,826,43,36,1,25.02594,121.50651,7
500113008,20231019,827,43,37,1,25.02594,121.50651,6
500113008,20231019,828,43,38,1,25.02594,121.50651,5
500113008,20231019,829,43,37,1,25.02594,121.50651,6
500113008,20231019,830,43,37,1,25.02594,121.50651,6
500113008,20231019,831,43,37,1,25.02594,121.50651,6
500113008,20231019,832,43,37,1,25.02594,121.50651,6
500113008,20231019,833,43,37,1,25.02594,121.50651,6
500113008,20231019,834,43,37,1,25.02594,121.50651,6
500113008,20231019,835,43,37,1,25.02594,121.50651,6
500113008,20231019,836,43,37,1,25.02594,121.50651,6
500113008,20231019,837,43,37,1,25.02594,121.50651,6
500113008,20231019,838,43,37,1,25.02594,121.50651,6
500113008,20231019,839,43,37,1,25.02594,121.50651,6
500113008,20231019,841,43,36,1,25.02594,121.50651,7
500113008,20231019,842,43,36,1,25.02594,121.50651,7
500113008,20231019,843,43,36,1,25.02594,121.50651,7
500113008,20231019,844,43,37,1,25.02594,121.50651,6
500113008,20231019,845,43,37,1,25.02594,121.50651,6
500113008,20231019,846,43,37,1,25.02594,121.50651,6
500113008,20231019,847,43,37,1,25.02594,121.50651,6
500113008,20231019,848,43,37,1,25.02594,121.50651,6
500113008,20231019,849,43,37,1,25.02594,121.50651,6
500113008,20231019,850,43,37,1,25.02594,121.50651,6
500113008,20231019,851,43,37,1,25.02594,121.50651,6
500113008,20231019,852,43,37,1,25.02594,121.50651,6
500113008,20231019,853,43,37,1,25.02594,121.50651,6
500113008,20231019,854,43,37,1,25.02594,121.50651,6
500113008,20231019,855,43,37,1,25.02594,121.50651,6
500113008,20231019,856,43,37,1,25.02594,121.50651,6
500113008,20231019,857,43,37,1,25.02594,121.50651,6
500113008,20231019,858,43,37,1,25.02594,121.50651,6
500113008,20231019,859,43,37,1,25.02594,121.50651,6
500113008,20231019,861,43,38,1,25.02594,121.50651,5
500113008,20231019,862,43,38,1,25.02594,121.50651,5
500113008,20231019,863,43,38,1,25.02594,121.50651,5
500113008,20231019,864,43,38,1,25.02594,121.50651,5
500113008,20231019,865,43,38,1,25.02594,121.50651,5
500113008,20231019,866,43,38,1,25.02594,121.50651,5
500113008,20231019,867,43,38,1,25.02594,121.50651,5
500113008,20231019,868,43,37,1,25.02594,121.50651,6
500113008,20231019,869,43,37,1,25.02594,121.50651,6
500113008,20231019,870,43,37,1,25.02594,121.50651,6
500113008,20231019,871,43,37,1,25.02594,121.50651,6
500113008,20231019,872,43,37,1,25.02594,121.50651,6
500113008,20231019,873,43,37,1,25.02594,121.50651,6
500113008,20231019,874,43,38,1,25.02594,121.50651,5
500113008,20231019,875,43,38,1,25.02594,121.50651,5
500113008,20231019,876,43,38,1,25.02594,121.50651,5
500113008,20231019,877,43,37,1,25.02594,121.50651,6
500113008,20231019,878,43,37,1,25.02594,121.50651,6
500113008,20231019,879,43,37,1,25.02594,121.50651,6
500113008,20231019,880,43,36,1,25.02594,121.50651,7
500113008,20231019,881,43,36,1,25.02594,121.50651,7
500113008,20231019,882,43,36,1,25.02594,121.50651,7
500113008,20231019,883,43,36,1,25.02594,121.50651,7
500113008,20231019,884,43,36,1,25.02594,121.50651,7
500113008,20231019,885,43,36,1,25.02594,121.50651,7
500113008,20231019,886,43,36,1,25.02594,121.50651,7
500113008,20231019,887,43,36,1,25.02594,121.50651,7
500113008,20231019,888,43,36,1,25.02594,121.50651,7
500113008,20231019,889,43,36,1,25.02594,121.50651,7
500113008,20231019,890,43,36,1,25.02594,121.50651,7
500113008,20231019,891,43,36,1,25.02594,121.50651,7
500113008,20231019,892,43,36,1,25.02594,121.50651,7
500113008,20231019,893,43,37,1,25.02594,121.50651,6
500113008,20231019,894,43,38,1,25.02594,121.50651,5
500113008,20231019,895,43,38,1,25.02594,121.50651,5
500113008,20231019,896,43,39,1,25.02594,121.50651,4
500113008,20231019,897,43,39,1,25.02594,121.50651,4
500113008,20231019,898,43,39,1,25.02594,121.50651,4
500113008,20231019,899,43,39,1,25.02594,121.50651,4
500113008,20231019,901,43,39,1,25.02594,121.50651,4
500113008,20231019,902,43,39,1,25.02594,121.50651,4
500113008,20231019,903,43,39,1,25.02594,121.50651,4
500113008,20231019,904,43,39,1,25.02594,121.50651,4
500113008,20231019,905,43,38,1,25.02594,121.50651,5
500113008,20231019,906,43,38,1,25.02594,121.50651,5
500113008,20231019,907,43,38,1,25.02594,121.50651,5
500113008,20231019,908,43,38,1,25.02594,121.50651,5
500113008,20231019,909,43,38,1,25.02594,121.50651,5
500113008,20231019,910,43,38,1,25.02594,121.50651,5
500113008,20231019,911,43,38,1,25.02594,121.50651,5
500113008,20231019,912,43,38,1,25.02594,121.50651,5
500113008,20231019,913,43,38,1,25.02594,121.50651,5
500113008,20231019,914,43,38,1,25.02594,121.50651,5
500113008,20231019,915,43,39,1,25.02594,121.50651,4
500113008,20231019,916,43,39,1,25.02594,121.50651,4
500113008,20231019,917,43,39,1,25.02594,121.50651,4
500113008,20231019,918,43,41,1,25.02594,121.50651,2
500113008,20231019,919,43,40,1,25.02594,121.50651,3
500113008,20231019,921,43,40,1,25.02594,121.50651,3
500113008,20231019,922,43,40,1,25.02594,121.50651,3
500113008,20231019,923,43,40,1,25.02594,121.50651,3
500113008,20231019,924,43,40,1,25.02594,121.50651,3
500113008,20231019,925,43,40,1,25.02594,121.50651,3
500113008,20231019,926,43,40,1,25.02594,121.50651,3
500113008,20231019,927,43,40,1,25.02594,121.50651,3
500113008,20231019,928,43,40,1,25.02594,121.50651,3
500113008,20231019,929,43,40,1,25.02594,121.50651,3
500113008,20231019,931,43,40,1,25.02594,121.50651,3
500113008,20231019,932,43,39,1,25.02594,121.50651,4
500113008,20231019,933,43,39,1,25.02594,121.50651,4
500113008,20231019,934,43,39,1,25.02594,121.50651,4
500113008,20231019,935,43,39,1,25.02594,121.50651,4
500113008,20231019,936,43,41,1,25.02594,121.50651,2
500113008,20231019,937,43,40,1,25.02594,121.50651,3
500113008,20231019,938,43,40,1,25.02594,121.50651,3
500113008,20231019,939,43,40,1,25.02594,121.50651,3
500113008,20231019,940,43,40,1,25.02594,121.50651,3
500113008,20231019,941,43,40,1,25.02594,121.50651,3
500113008,20231019,942,43,40,1,25.02594,121.50651,3
500113008,20231019,943,43,41,1,25.02594,121.50651,2
500113008,20231019,944,43,41,1,25.02594,121.50651,2
500113008,20231019,945,43,41,1,25.02594,121.50651,2
500113008,20231019,946,43,41,1,25.02594,121.50651,2
500113008,20231019,947,43,40,1,25.02594,121.50651,3
500113008,20231019,948,43,40,1,25.02594,121.50651,3
500113008,20231019,949,43,40,1,25.02594,121.50651,3
500113008,20231019,950,43,40,1,25.02594,121.50651,3
500113008,20231019,951,43,40,1,25.02594,121.50651,3
500113008,20231019,952,43,40,1,25.02594,121.50651,3
500113008,20231019,953,43,40,1,25.02594,121.50651,3
500113008,20231019,954,43,40,1,25.02594,121.50651,3
500113008,20231019,955,43,40,1,25.02594,121.50651,3
500113008,20231019,956,43,39,1,25.02594,121.50651,4
500113008,20231019,957,43,39,1,25.02594,121.50651,4
500113008,20231019,958,43,40,1,25.02594,121.50651,3
500113008,20231019,959,43,40,1,25.02594,121.50651,3
500113008,20231019,961,43,40,1,25.02594,121.50651,3
500113008,20231019,962,43,40,1,25.02594,121.50651,3
500113008,20231019,963,43,40,1,25.02594,121.50651,3
500113008,20231019,964,43,40,1,25.02594,121.50651,3
500113008,20231019,965,43,40,1,25.02594,121.50651,3
500113008,20231019,966,43,40,1,25.02594,121.50651,3
500113008,20231019,967,43,40,1,25.02594,121.50651,3
500113008,20231019,968,43,40,1,25.02594,121.50651,3
500113008,20231019,969,43,40,1,25.02594,121.50651,3
500113008,20231019,970,43,40,1,25.02594,121.50651,3
500113008,20231019,971,43,40,1,25.02594,121.50651,3
500113008,20231019,972,43,39,1,25.02594,121.50651,4
500113008,20231019,973,43,40,1,25.02594,121.50651,3
500113008,20231019,974,43,41,1,25.02594,121.50651,2
500113008,20231019,975,43,41,1,25.02594,121.50651,2
500113008,20231019,976,43,41,1,25.02594,121.50651,2
500113008,20231019,977,43,41,1,25.02594,121.50651,2
500113008,20231019,978,43,41,1,25.02594,121.50651,2
500113008,20231019,979,43,40,1,25.02594,121.50651,3
500113008,20231019,981,43,41,1,25.02594,121.50651,2
500113008,20231019,982,43,41,1,25.02594,121.50651,2
500113008,20231019,983,43,41,1,25.02594,121.50651,2
500113008,20231019,984,43,41,1,25.02594,121.50651,2
500113008,20231019,985,43,41,1,25.02594,121.50651,2
500113008,20231019,986,43,41,1,25.02594,121.50651,2
500113008,20231019,987,43,40,1,25.02594,121.50651,3
500113008,20231019,988,43,40,1,25.02594,121.50651,3
500113008,20231019,989,43,41,1,25.02594,121.50651,2
500113008,20231019,991,43,42,1,25.02594,121.50651,1
500113008,20231019,992,43,42,1,25.02594,121.50651,1
500113008,20231019,993,43,40,1,25.02594,121.50651,3
500113008,20231019,994,43,40,1,25.02594,121.50651,3
500113008,20231019,995,43,40,1,25.02594,121.50651,3
500113008,20231019,996,43,40,1,25.02594,121.50651,3
500113008,20231019,997,43,39,1,25.02594,121.50651,4
500113008,20231019,998,43,38,1,25.02594,121.50651,5
500113008,20231019,999,43,38,1,25.02594,121.50651,5
500113008,20231019,1000,43,39,1,25.02594,121.50651,4
500113008,20231019,1001,43,39,1,25.02594,121.50651,4
500113008,20231019,1003,43,39,1,25.02594,121.50651,4
500113008,20231019,1004,43,37,1,25.02594,121.50651,6
500113008,20231019,1005,43,37,1,25.02594,121.50651,6
500113008,20231019,1006,43,37,1,25.02594,121.50651,6
500113008,20231019,1007,43,37,1,25.02594,121.50651,6
500113008,20231019,1008,43,36,1,25.02594,121.50651,7
500113008,20231019,1009,43,36,1,25.02594,121.50651,7
500113008,20231019,1011,43,37,1,25.02594,121.50651,6
500113008,20231019,1012,43,37,1,25.02594,121.50651,6
500113008,20231019,1013,43,37,1,25.02594,121.50651,6
500113008,20231019,1014,43,37,1,25.02594,121.50651,6
500113008,20231019,1015,43,37,1,25.02594,121.50651,6
500113008,20231019,1016,43,38,1,25.02594,121.50651,5
500113008,20231019,1017,43,38,1,25.02594,121.50651,5
500113008,20231019,1018,43,38,1,25.02594,121.50651,5
500113008,20231019,1019,43,38,1,25.02594,121.50651,5
500113008,20231019,1021,43,39,1,25.02594,121.50651,4
500113008,20231019,1022,43,39,1,25.02594,121.50651,4
500113008,20231019,1023,43,39,1,25.02594,121.50651,4
500113008,20231019,1024,43,40,1,25.02594,121.50651,3
500113008,20231019,1025,43,39,1,25.02594,121.50651,4
500113008,20231019,1026,43,39,1,25.02594,121.50651,4
500113008,20231019,1027,43,39,1,25.02594,121.50651,4
500113008,20231019,1028,43,39,1,25.02594,121.50651,4
500113008,20231019,1029,43,39,1,25.02594,121.50651,4
500113008,20231019,1031,43,39,1,25.02594,121.50651,4
500113008,20231019,1032,43,39,1,25.02594,121.50651,4
500113008,20231019,1033,43,39,1,25.02594,121.50651,4
500113008,20231019,1034,43,38,1,25.02594,121.50651,5
500113008,20231019,1035,43,38,1,25.02594,121.50651,5
500113008,20231019,1036,43,39,1,25.02594,121.50651,4
500113008,20231019,1037,43,39,1,25.02594,121.50651,4
500113008,20231019,1038,43,39,1,25.02594,121.50651,4
500113008,20231019,1039,43,39,1,25.02594,121.50651,4
500113008,20231019,1041,43,38,1,25.02594,121.50651,5
500113008,20231019,1043,43,37,1,25.02594,121.50651,6
500113008,20231019,1044,43,37,1,25.02594,121.50651,6
500113008,20231019,1045,43,37,1,25.02594,121.50651,6
500113008,20231019,1046,43,36,1,25.02594,121.50651,7
500113008,20231019,1047,43,36,1,25.02594,121.50651,7
500113008,20231019,1048,43,36,1,25.02594,121.50651,7
500113008,20231019,1049,43,36,1,25.02594,121.50651,7
500113008,20231019,1051,43,35,1,25.02594,121.50651,8
500113008,20231019,1052,43,35,1,25.02594,121.50651,8
500113008,20231019,1053,43,35,1,25.02594,121.50651,8
500113008,20231019,1054,43,35,1,25.02594,121.50651,8
500113008,20231019,1055,43,35,1,25.02594,121.50651,8
500113008,20231019,1056,43,32,1,25.02594,121.50651,11
500113008,20231019,1057,43,32,1,25.02594,121.50651,11
500113008,20231019,1058,43,33,1,25.02594,121.50651,10
500113008,20231019,1059,43,33,1,25.02594,121.50651,10
500113008,20231019,1061,43,33,1,25.02594,121.50651,10
500113008,20231019,1062,43,33,1,25.02594,121.50651,10
500113008,20231019,1063,43,33,1,25.02594,121.50651,10
500113008,20231019,1064,43,33,1,25.02594,121.50651,10
500113008,20231019,1065,43,34,1,25.02594,121.50651,9
500113008,20231019,1066,43,34,1,25.02594,121.50651,9
500113008,20231019,1067,43,33,1,25.02594,121.50651,10
500113008,20231019,1068,43,33,1,25.02594,121.50651,10
500113008,20231019,1069,43,33,1,25.02594,121.50651,10
500113008,20231019,1071,43,32,1,25.02594,121.50651,11
500113008,20231019,1072,43,32,1,25.02594,121.50651,11
500113008,20231019,1073,43,32,1,25.02594,121.50651,11
500113008,20231019,1074,43,32,1,25.02594,121.50651,11
500113008,20231019,1075,43,32,1,25.02594,121.50651,11
500113008,20231019,1076,43,32,1,25.02594,121.50651,11
500113008,20231019,1077,43,31,1,25.02594,121.50651,12
500113008,20231019,1078,43,33,1,25.02594,121.50651,10
500113008,20231019,1079,43,33,1,25.02594,121.50651,10
500113008,20231019,1081,43,34,1,25.02594,121.50651,9
500113008,20231019,1082,43,35,1,25.02594,121.50651,8
500113008,20231019,1083,43,36,1,25.02594,121.50651,7
500113008,20231019,1084,43,36,1,25.02594,121.50651,7
500113008,20231019,1085,43,36,1,25.02594,121.50651,7
500113008,20231019,1086,43,41,1,25.02594,121.50651,2
500113008,20231019,1087,43,41,1,25.02594,121.50651,2
500113008,20231019,1088,43,41,1,25.02594,121.50651,2
500113008,20231019,1089,43,41,1,25.02594,121.50651,2
500113008,20231019,1091,43,42,1,25.02594,121.50651,1
500113008,20231019,1092,43,40,1,25.02594,121.50651,3
500113008,20231019,1093,43,40,1,25.02594,121.50651,3
500113008,20231019,1094,43,40,1,25.02594,121.50651,3
500113008,20231019,1095,43,40,1,25.02594,121.50651,3
500113008,20231019,1096,43,40,1,25.02594,121.50651,3
500113008,20231019,1097,43,40,1,25.02594,121.50651,3
500113008,20231019,1098,43,40,1,25.02594,121.50651,3
500113008,20231019,1099,43,40,1,25.02594,121.50651,3
500113008,20231019,1101,43,40,1,25.02594,121.50651,3
500113008,20231019,1102,43,40,1,25.02594,121.50651,3
500113008,20231019,1103,43,40,1,25.02594,121.50651,3
500113008,20231019,1104,43,40,1,25.02594,121.50651,3
500113008,20231019,1105,43,39,1,25.02594,121.50651,4
500113008,20231019,1106,43,40,1,25.02594,121.50651,3
500113008,20231019,1107,43,40,1,25.02594,121.50651,3
500113008,20231019,1108,43,40,1,25.02594,121.50651,3
500113008,20231019,1109,43,40,1,25.02594,121.50651,3
500113008,20231019,1111,43,40,1,25.02594,121.50651,3
500113008,20231019,1112,43,39,1,25.02594,121.50651,4
500113008,20231019,1113,43,39,1,25.02594,121.50651,4
500113008,20231019,1114,43,39,1,25.02594,121.50651,4
500113008,20231019,1115,43,38,1,25.02594,121.50651,5
500113008,20231019,1116,43,38,1,25.02594,121.50651,5
500113008,20231019,1117,43,37,1,25.02594,121.50651,6
500113008,20231019,1118,43,38,1,25.02594,121.50651,5
500113008,20231019,1119,43,38,1,25.02594,121.50651,5
500113008,20231019,1121,43,38,1,25.02594,121.50651,5
500113008,20231019,1122,43,38,1,25.02594,121.50651,5
500113008,20231019,1123,43,38,1,25.02594,121.50651,5
500113008,20231019,1124,43,38,1,25.02594,121.50651,5
500113008,20231019,1125,43,37,1,25.02594,121.50651,6
500113008,20231019,1126,43,37,1,25.02594,121.50651,6
500113008,20231019,1127,43,37,1,25.02594,121.50651,6
500113008,20231019,1128,43,37,1,25.02594,121.50651,6
500113008,20231019,1129,43,37,1,25.02594,121.50651,6
500113008,20231019,1130,43,37,1,25.02594,121.50651,6
500113008,20231019,1131,43,37,1,25.02594,121.50651,6
500113008,20231019,1132,43,36,1,25.02594,121.50651,7
500113008,20231019,1133,43,36,1,25.02594,121.50651,7
500113008,20231019,1134,43,36,1,25.02594,121.50651,7
500113008,20231019,1135,43,36,1,25.02594,121.50651,7
500113008,20231019,1136,43,36,1,25.02594,121.50651,7
500113008,20231019,1137,43,36,1,25.02594,121.50651,7
500113008,20231019,1138,43,36,1,25.02594,121.50651,7
500113008,20231019,1139,43,36,1,25.02594,121.50651,7
500113008,20231019,1141,43,36,1,25.02594,121.50651,7
500113008,20231019,1142,43,36,1,25.02594,121.50651,7
500113008,20231019,1143,43,36,1,25.02594,121.50651,7
500113008,20231019,1144,43,36,1,25.02594,121.50651,7
500113008,20231019,1145,43,36,1,25.02594,121.50651,7
500113008,20231019,1146,43,36,1,25.02594,121.50651,7
500113008,20231019,1147,43,36,1,25.02594,121.50651,7
500113008,20231019,1148,43,36,1,25.02594,121.50651,7
500113008,20231019,1149,43,36,1,25.02594,121.50651,7
500113008,20231019,1150,43,37,1,25.02594,121.50651,6
500113008,20231019,1151,43,37,1,25.02594,121.50651,6
500113008,20231019,1152,43,37,1,25.02594,121.50651,6
500113008,20231019,1153,43,37,1,25.02594,121.50651,6
500113008,20231019,1154,43,38,1,25.02594,121.50651,5
500113008,20231019,1155,43,38,1,25.02594,121.50651,5
500113008,20231019,1156,43,38,1,25.02594,121.50651,5
500113008,20231019,1157,43,38,1,25.02594,121.50651,5
500113008,20231019,1158,43,39,1,25.02594,121.50651,4
500113008,20231019,1159,43,39,1,25.02594,121.50651,4
500113008,20231019,1161,43,40,1,25.02594,121.50651,3
500113008,20231019,1162,43,40,1,25.02594,121.50651,3
500113008,20231019,1163,43,40,1,25.02594,121.50651,3
500113008,20231019,1164,43,41,1,25.02594,121.50651,2
500113008,20231019,1165,43,40,1,25.02594,121.50651,3
500113008,20231019,1166,43,40,1,25.02594,121.50651,3
500113008,20231019,1167,43,40,1,25.02594,121.50651,3
500113008,20231019,1168,43,40,1,25.02594,121.50651,3
500113008,20231019,1169,43,40,1,25.02594,121.50651,3
500113008,20231019,1171,43,40,1,25.02594,121.50651,3
500113008,20231019,1172,43,40,1,25.02594,121.50651,3
500113008,20231019,1173,43,40,1,25.02594,121.50651,3
500113008,20231019,1174,43,40,1,25.02594,121.50651,3
500113008,20231019,1175,43,40,1,25.02594,121.50651,3
500113008,20231019,1176,43,40,1,25.02594,121.50651,3
500113008,20231019,1177,43,40,1,25.02594,121.50651,3
500113008,20231019,1178,43,39,1,25.02594,121.50651,4
500113008,20231019,1179,43,39,1,25.02594,121.50651,4
500113008,20231019,1180,43,39,1,25.02594,121.50651,4
500113008,20231019,1181,43,38,1,25.02594,121.50651,5
500113008,20231019,1182,43,39,1,25.02594,121.50651,4
500113008,20231019,1183,43,39,1,25.02594,121.50651,4
500113008,20231019,1184,43,39,1,25.02594,121.50651,4
500113008,20231019,1185,43,38,1,25.02594,121.50651,5
500113008,20231019,1186,43,38,1,25.02594,121.50651,5
500113008,20231019,1187,43,38,1,25.02594,121.50651,5
500113008,20231019,1188,43,38,1,25.02594,121.50651,5
500113008,20231019,1189,43,38,1,25.02594,121.50651,5
500113008,20231019,1190,43,37,1,25.02594,121.50651,6
500113008,20231019,1191,43,37,1,25.02594,121.50651,6
500113008,20231019,1192,43,37,1,25.02594,121.50651,6
500113008,20231019,1193,43,37,1,25.02594,121.50651,6
500113008,20231019,1194,43,36,1,25.02594,121.50651,7
500113008,20231019,1195,43,36,1,25.02594,121.50651,7
500113008,20231019,1196,43,37,1,25.02594,121.50651,6
500113008,20231019,1197,43,37,1,25.02594,121.50651,6
500113008,20231019,1198,43,37,1,25.02594,121.50651,6
500113008,20231019,1199,43,37,1,25.02594,121.50651,6
500113008,20231019,1201,43,37,1,25.02594,121.50651,6
500113008,20231019,1202,43,38,1,25.02594,121.50651,5
500113008,20231019,1203,43,38,1,25.02594,121.50651,5
500113008,20231019,1204,43,37,1,25.02594,121.50651,6
500113008,20231019,1205,43,37,1,25.02594,121.50651,6
500113008,20231019,1206,43,37,1,25.02594,121.50651,6
500113008,20231019,1207,43,37,1,25.02594,121.50651,6
500113008,20231019,1208,43,36,1,25.02594,121.50651,7
500113008,20231019,1209,43,36,1,25.02594,121.50651,7
500113008,20231019,1210,43,36,1,25.02594,121.50651,7
500113008,20231019,1211,43,36,1,25.02594,121.50651,7
500113008,20231019,1212,43,36,1,25.02594,121.50651,7
500113008,20231019,1213,43,36,1,25.02594,121.50651,7
500113008,20231019,1214,43,36,1,25.02594,121.50651,7
500113008,20231019,1215,43,36,1,25.02594,121.50651,7
500113008,20231019,1216,43,36,1,25.02594,121.50651,7
500113008,20231019,1217,43,35,1,25.02594,121.50651,8
500113008,20231019,1218,43,35,1,25.02594,121.50651,8
500113008,20231019,1219,43,35,1,25.02594,121.50651,8
500113008,20231019,1221,43,35,1,25.02594,121.50651,8
500113008,20231019,1222,43,35,1,25.02594,121.50651,8
500113008,20231019,1223,43,35,1,25.02594,121.50651,8
500113008,20231019,1224,43,36,1,25.02594,121.50651,7
500113008,20231019,1225,43,36,1,25.02594,121.50651,7
500113008,20231019,1226,43,36,1,25.02594,121.50651,7
500113008,20231019,1227,43,36,1,25.02594,121.50651,7
500113008,20231019,1228,43,36,1,25.02594,121.50651,7
500113008,20231019,1229,43,36,1,25.02594,121.50651,7
500113008,20231019,1231,43,35,1,25.02594,121.50651,8
500113008,20231019,1232,43,35,1,25.02594,121.50651,8
500113008,20231019,1233,43,35,1,25.02594,121.50651,8
500113008,20231019,1234,43,35,1,25.02594,121.50651,8
500113008,20231019,1235,43,36,1,25.02594,121.50651,7
500113008,20231019,1236,43,37,1,25.02594,121.50651,6
500113008,20231019,1237,43,36,1,25.02594,121.50651,7
500113008,20231019,1238,43,38,1,25.02594,121.50651,5
500113008,20231019,1239,43,38,1,25.02594,121.50651,5
500113008,20231019,1240,43,38,1,25.02594,121.50651,5
500113008,20231019,1241,43,38,1,25.02594,121.50651,5
500113008,20231019,1242,43,38,1,25.02594,121.50651,5
500113008,20231019,1243,43,38,1,25.02594,121.50651,5
500113008,20231019,1244,43,38,1,25.02594,121.50651,5
500113008,20231019,1245,43,38,1,25.02594,121.50651,5
500113008,20231019,1246,43,37,1,25.02594,121.50651,6
500113008,20231019,1247,43,37,1,25.02594,121.50651,6
500113008,20231019,1248,43,37,1,25.02594,121.50651,6
500113008,20231019,1249,43,37,1,25.02594,121.50651,6
500113008,20231019,1250,43,37,1,25.02594,121.50651,6
500113008,20231019,1251,43,37,1,25.02594,121.50651,6
500113008,20231019,1252,43,37,1,25.02594,121.50651,6
500113008,20231019,1253,43,37,1,25.02594,121.50651,6
500113008,20231019,1254,43,37,1,25.02594,121.50651,6
500113008,20231019,1255,43,37,1,25.02594,121.50651,6
500113008,20231019,1256,43,37,1,25.02594,121.50651,6
500113008,20231019,1257,43,37,1,25.02594,121.50651,6
500113008,20231019,1258,43,38,1,25.02594,121.50651,5
500113008,20231019,1259,43,38,1,25.02594,121.50651,5
500113008,20231019,1261,43,38,1,25.02594,121.50651,5
500113008,20231019,1262,43,38,1,25.02594,121.50651,5
500113008,20231019,1263,43,40,1,25.02594,121.50651,3
500113008,20231019,1264,43,40,1,25.02594,121.50651,3
500113008,20231019,1265,43,42,1,25.02594,121.50651,1
500113008,20231019,1266,43,42,1,25.02594,121.50651,1
500113008,20231019,1267,43,42,1,25.02594,121.50651,1
500113008,20231019,1268,43,42,1,25.02594,121.50651,1
500113008,20231019,1269,43,42,1,25.02594,121.50651,1
500113008,20231019,1270,43,42,1,25.02594,121.50651,1
500113008,20231019,1271,43,42,1,25.02594,121.50651,1
500113008,20231019,1272,43,42,1,25.02594,121.50651,1
500113008,20231019,1273,43,42,1,25.02594,121.50651,1
500113008,20231019,1274,43,42,1,25.02594,121.50651,1
500113008,20231019,1275,43,42,1,25.02594,121.50651,1
500113008,20231019,1276,43,42,1,25.02594,121.50651,1
500113008,20231019,1277,43,42,1,25.02594,121.50651,1
500113008,20231019,1278,43,42,1,25.02594,121.50651,1
500113008,20231019,1279,43,42,1,25.02594,121.50651,1
500113008,20231019,1281,43,42,1,25.02594,121.50651,1
500113008,20231019,1282,43,42,1,25.02594,121.50651,1
500113008,20231019,1283,43,42,1,25.02594,121.50651,1
500113008,20231019,1284,43,42,1,25.02594,121.50651,1
500113008,20231019,1285,43,42,1,25.02594,121.50651,1
500113008,20231019,1286,43,42,1,25.02594,121.50651,1
500113008,20231019,1287,43,42,1,25.02594,121.50651,1
500113008,20231019,1288,43,42,1,25.02594,121.50651,1
500113008,20231019,1289,43,42,1,25.02594,121.50651,1
500113008,20231019,1291,43,42,1,25.02594,121.50651,1
500113008,20231019,1292,43,42,1,25.02594,121.50651,1
500113008,20231019,1293,43,42,1,25.02594,121.50651,1
500113008,20231019,1294,43,42,1,25.02594,121.50651,1
500113008,20231019,1295,43,42,1,25.02594,121.50651,1
500113008,20231019,1296,43,42,1,25.02594,121.50651,1
500113008,20231019,1297,43,42,1,25.02594,121.50651,1
500113008,20231019,1298,43,42,1,25.02594,121.50651,1
500113008,20231019,1300,43,41,1,25.02594,121.50651,2
500113008,20231019,1301,43,41,1,25.02594,121.50651,2
500113008,20231019,1302,43,40,1,25.02594,121.50651,3
500113008,20231019,1303,43,40,1,25.02594,121.50651,3
500113008,20231019,1304,43,40,1,25.02594,121.50651,3
500113008,20231019,1305,43,40,1,25.02594,121.50651,3
500113008,20231019,1306,43,40,1,25.02594,121.50651,3
500113008,20231019,1307,43,41,1,25.02594,121.50651,2
500113008,20231019,1308,43,41,1,25.02594,121.50651,2
500113008,20231019,1309,43,41,1,25.02594,121.50651,2
500113008,20231019,1310,43,42,1,25.02594,121.50651,1
500113008,20231019,1311,43,42,1,25.02594,121.50651,1
500113008,20231019,1312,43,42,1,25.02594,121.50651,1
500113008,20231019,1313,43,42,1,25.02594,121.50651,1
500113008,20231019,1314,43,42,1,25.02594,121.50651,1
500113008,20231019,1315,43,42,1,25.02594,121.50651,1
500113008,20231019,1316,43,42,1,25.02594,121.50651,1
500113008,20231019,1317,43,41,1,25.02594,121.50651,2
500113008,20231019,1318,43,41,1,25.02594,121.50651,2
500113008,20231019,1319,43,41,1,25.02594,121.50651,2
500113008,20231019,1321,43,41,1,25.02594,121.50651,2
500113008,20231019,1322,43,41,1,25.02594,121.50651,2
500113008,20231019,1323,43,41,1,25.02594,121.50651,2
500113008,20231019,1324,43,41,1,25.02594,121.50651,2
500113008,20231019,1325,43,39,1,25.02594,121.50651,4
500113008,20231019,1326,43,39,1,25.02594,121.50651,4
500113008,20231019,1327,43,38,1,25.02594,121.50651,5
500113008,20231019,1328,43,37,1,25.02594,121.50651,6
500113008,20231019,1329,43,37,1,25.02594,121.50651,6
500113008,20231019,1330,43,37,1,25.02594,121.50651,6
500113008,20231019,1331,43,37,1,25.02594,121.50651,6
500113008,20231019,1332,43,37,1,25.02594,121.50651,6
500113008,20231019,1333,43,37,1,25.02594,121.50651,6
500113008,20231019,1334,43,36,1,25.02594,121.50651,7
500113008,20231019,1335,43,36,1,25.02594,121.50651,7
500113008,20231019,1336,43,36,1,25.02594,121.50651,7
500113008,20231019,1337,43,36,1,25.02594,121.50651,7
500113008,20231019,1338,43,36,1,25.02594,121.50651,7
500113008,20231019,1339,43,36,1,25.02594,121.50651,7
500113008,20231019,1341,43,36,1,25.02594,121.50651,7
500113008,20231019,1342,43,36,1,25.02594,121.50651,7
500113008,20231019,1343,43,37,1,25.02594,121.50651,6
500113008,20231019,1344,43,37,1,25.02594,121.50651,6
500113008,20231019,1345,43,37,1,25.02594,121.50651,6
500113008,20231019,1346,43,36,1,25.02594,121.50651,7
500113008,20231019,1347,43,36,1,25.02594,121.50651,7
500113008,20231019,1348,43,36,1,25.02594,121.50651,7
500113008,20231019,1349,43,36,1,25.02594,121.50651,7
500113008,20231019,1350,43,36,1,25.02594,121.50651,7
500113008,20231019,1351,43,36,1,25.02594,121.50651,7
500113008,20231019,1352,43,35,1,25.02594,121.50651,8
500113008,20231019,1353,43,35,1,25.02594,121.50651,8
500113008,20231019,1354,43,35,1,25.02594,121.50651,8
500113008,20231019,1355,43,35,1,25.02594,121.50651,8
500113008,20231019,1356,43,35,1,25.02594,121.50651,8
500113008,20231019,1357,43,35,1,25.02594,121.50651,8
500113008,20231019,1358,43,35,1,25.02594,121.50651,8
500113008,20231019,1359,43,35,1,25.02594,121.50651,8
500113008,20231019,1360,43,35,1,25.02594,121.50651,8
500113008,20231019,1361,43,35,1,25.02594,121.50651,8
500113008,20231019,1362,43,35,1,25.02594,121.50651,8
500113008,20231019,1363,43,35,1,25.02594,121.50651,8
500113008,20231019,1364,43,34,1,25.02594,121.50651,9
500113008,20231019,1365,43,34,1,25.02594,121.50651,9
500113008,20231019,1366,43,34,1,25.02594,121.50651,9
500113008,20231019,1367,43,34,1,25.02594,121.50651,9
500113008,20231019,1368,43,34,1,25.02594,121.50651,9
500113008,20231019,1369,43,33,1,25.02594,121.50651,10
500113008,20231019,1370,43,33,1,25.02594,121.50651,10
500113008,20231019,1371,43,33,1,25.02594,121.50651,10
500113008,20231019,1372,43,33,1,25.02594,121.50651,10
500113008,20231019,1373,43,33,1,25.02594,121.50651,10
500113008,20231019,1374,43,33,1,25.02594,121.50651,10
500113008,20231019,1375,43,33,1,25.02594,121.50651,10
500113008,20231019,1376,43,33,1,25.02594,121.50651,10
500113008,20231019,1377,43,33,1,25.02594,121.50651,10
500113008,20231019,1378,43,33,1,25.02594,121.50651,10
500113008,20231019,1379,43,33,1,25.02594,121.50651,10
500113008,20231019,1381,43,33,1,25.02594,121.50651,10
500113008,20231019,1382,43,33,1,25.02594,121.50651,10
500113008,20231019,1383,43,33,1,25.02594,121.50651,10
500113008,20231019,1384,43,33,1,25.02594,121.50651,10
500113008,20231019,1385,43,33,1,25.02594,121.50651,10
500113008,20231019,1386,43,33,1,25.02594,121.50651,10
500113008,20231019,1387,43,33,1,25.02594,121.50651,10
500113008,20231019,1388,43,33,1,25.02594,121.50651,10
500113008,20231019,1389,43,32,1,25.02594,121.50651,11
500113008,20231019,1390,43,32,1,25.02594,121.50651,11
500113008,20231019,1391,43,30,1,25.02594,121.50651,13
500113008,20231019,1392,43,30,1,25.02594,121.50651,13
500113008,20231019,1393,43,30,1,25.02594,121.50651,13
500113008,20231019,1394,43,30,1,25.02594,121.50651,13
500113008,20231019,1395,43,30,1,25.02594,121.50651,13
500113008,20231019,1396,43,30,1,25.02594,121.50651,13
500113008,20231019,1397,43,29,1,25.02594,121.50651,14
500113008,20231019,1398,43,29,1,25.02594,121.50651,14
500113008,20231019,1399,43,29,1,25.02594,121.50651,14
500113008,20231019,1401,43,29,1,25.02594,121.50651,14
500113008,20231019,1402,43,29,1,25.02594,121.50651,14
500113008,20231019,1403,43,29,1,25.02594,121.50651,14
500113008,20231019,1404,43,29,1,25.02594,121.50651,14
500113008,20231019,1405,43,29,1,25.02594,121.50651,14
500113008,20231019,1406,43,29,1,25.02594,121.50651,14
500113008,20231019,1407,43,29,1,25.02594,121.50651,14
500113008,20231019,1408,43,29,1,25.02594,121.50651,14
500113008,20231019,1409,43,28,1,25.02594,121.50651,15
500113008,20231019,1410,43,28,1,25.02594,121.50651,15
500113008,20231019,1411,43,28,1,25.02594,121.50651,15
500113008,20231019,1412,43,28,1,25.02594,121.50651,15
500113008,20231019,1413,43,28,1,25.02594,121.50651,15
500113008,20231019,1414,43,28,1,25.02594,121.50651,15
500113008,20231019,1415,43,28,1,25.02594,121.50651,15
500113008,20231019,1416,43,28,1,25.02594,121.50651,15
500113008,20231019,1417,43,28,1,25.02594,121.50651,15
500113008,20231019,1418,43,28,1,25.02594,121.50651,15
500113008,20231019,1419,43,28,1,25.02594,121.50651,15
500113008,20231019,1420,43,28,1,25.02594,121.50651,15
500113008,20231019,1421,43,28,1,25.02594,121.50651,15
500113008,20231019,1422,43,28,1,25.02594,121.50651,15
500113008,20231019,1423,43,28,1,25.02594,121.50651,15
500113008,20231019,1424,43,28,1,25.02594,121.50651,15
500113008,20231019,1425,43,28,1,25.02594,121.50651,15
500113008,20231019,1426,43,28,1,25.02594,121.50651,15
500113008,20231019,1427,43,28,1,25.02594,121.50651,15
500113008,20231019,1428,43,27,1,25.02594,121.50651,16
500113008,20231019,1429,43,27,1,25.02594,121.50651,16
500113008,20231019,1430,43,26,1,25.02594,121.50651,17
500113008,20231019,1431,43,26,1,25.02594,121.50651,17
500113008,20231019,1432,43,26,1,25.02594,121.50651,17
500113008,20231019,1433,43,26,1,25.02594,121.50651,17
500113008,20231019,1434,43,26,1,25.02594,121.50651,17
500113008,20231019,1435,43,26,1,25.02594,121.50651,17
500113008,20231019,1436,43,26,1,25.02594,121.50651,17
500113008,20231019,1437,43,26,1,25.02594,121.50651,17
500113008,20231019,1438,43,26,1,25.02594,121.50651,17
500113008,20231019,1439,43,26,1,25.02594,121.50651,17
500113008,20231020,1,43,25,1,25.02594,121.50651,18
500113008,20231020,2,43,24,1,25.02594,121.50651,19
500113008,20231020,3,43,24,1,25.02594,121.50651,19
500113008,20231020,4,43,23,1,25.02594,121.50651,20
500113008,20231020,5,43,23,1,25.02594,121.50651,20
500113008,20231020,6,43,22,1,25.02594,121.50651,21
500113008,20231020,7,43,22,1,25.02594,121.50651,21
500113008,20231020,8,43,22,1,25.02594,121.50651,21
500113008,20231020,10,43,22,1,25.02594,121.50651,21
500113008,20231020,11,43,23,1,25.02594,121.50651,20
500113008,20231020,12,43,23,1,25.02594,121.50651,20
500113008,20231020,13,43,23,1,25.02594,121.50651,20
500113008,20231020,14,43,23,1,25.02594,121.50651,20
500113008,20231020,15,43,23,1,25.02594,121.50651,20
500113008,20231020,16,43,23,1,25.02594,121.50651,20
500113008,20231020,17,43,24,1,25.02594,121.50651,19
500113008,20231020,18,43,24,1,25.02594,121.50651,19
500113008,20231020,19,43,24,1,25.02594,121.50651,19
500113008,20231020,21,43,24,1,25.02594,121.50651,19
500113008,20231020,22,43,24,1,25.02594,121.50651,19
500113008,20231020,23,43,24,1,25.02594,121.50651,19
500113008,20231020,24,43,23,1,25.02594,121.50651,20
500113008,20231020,25,43,23,1,25.02594,121.50651,20
500113008,20231020,26,43,23,1,25.02594,121.50651,20
500113008,20231020,27,43,23,1,25.02594,121.50651,20
500113008,20231020,28,43,23,1,25.02594,121.50651,20
500113008,20231020,29,43,23,1,25.02594,121.50651,20
500113008,20231020,31,43,23,1,25.02594,121.50651,20
500113008,20231020,32,43,23,1,25.02594,121.50651,20
500113008,20231020,34,43,23,1,25.02594,121.50651,20
500113008,20231020,35,43,23,1,25.02594,121.50651,20
500113008,20231020,36,43,23,1,25.02594,121.50651,20
500113008,20231020,37,43,23,1,25.02594,121.50651,20
500113008,20231020,38,43,23,1,25.02594,121.50651,20
500113008,20231020,39,43,23,1,25.02594,121.50651,20
500113008,20231020,41,43,23,1,25.02594,121.50651,20
500113008,20231020,42,43,23,1,25.02594,121.50651,20
500113008,20231020,43,43,23,1,25.02594,121.50651,20
500113008,20231020,44,43,23,1,25.02594,121.50651,20
500113008,20231020,45,43,23,1,25.02594,121.50651,20
500113008,20231020,46,43,23,1,25.02594,121.50651,20
500113008,20231020,47,43,23,1,25.02594,121.50651,20
500113008,20231020,48,43,23,1,25.02594,121.50651,20
500113008,20231020,49,43,23,1,25.02594,121.50651,20
500113008,20231020,50,43,23,1,25.02594,121.50651,20
500113008,20231020,51,43,23,1,25.02594,121.50651,20
500113008,20231020,52,43,23,1,25.02594,121.50651,20
500113008,20231020,53,43,23,1,25.02594,121.50651,20
500113008,20231020,54,43,23,1,25.02594,121.50651,20
500113008,20231020,55,43,23,1,25.02594,121.50651,20
500113008,20231020,56,43,23,1,25.02594,121.50651,20
500113008,20231020,57,43,23,1,25.02594,121.50651,20
500113008,20231020,58,43,23,1,25.02594,121.50651,20
500113008,20231020,59,43,23,1,25.02594,121.50651,20
500113008,20231020,61,43,23,1,25.02594,121.50651,20
500113008,20231020,62,43,23,1,25.02594,121.50651,20
500113008,20231020,63,43,23,1,25.02594,121.50651,20
500113008,20231020,64,43,23,1,25.02594,121.50651,20
500113008,20231020,65,43,23,1,25.02594,121.50651,20
500113008,20231020,66,43,23,1,25.02594,121.50651,20
500113008,20231020,67,43,23,1,25.02594,121.50651,20
500113008,20231020,68,43,23,1,25.02594,121.50651,20
500113008,20231020,69,43,23,1,25.02594,121.50651,20
500113008,20231020,70,43,23,1,25.02594,121.50651,20
500113008,20231020,71,43,23,1,25.02594,121.50651,20
500113008,20231020,72,43,23,1,25.02594,121.50651,20
500113008,20231020,73,43,23,1,25.02594,121.50651,20
500113008,20231020,74,43,23,1,25.02594,121.50651,20
500113008,20231020,75,43,23,1,25.02594,121.50651,20
500113008,20231020,76,43,23,1,25.02594,121.50651,20
500113008,20231020,77,43,23,1,25.02594,121.50651,20
500113008,20231020,78,43,23,1,25.02594,121.50651,20
500113008,20231020,79,43,23,1,25.02594,121.50651,20
500113008,20231020,81,43,23,1,25.02594,121.50651,20
500113008,20231020,82,43,23,1,25.02594,121.50651,20
500113008,20231020,83,43,23,1,25.02594,121.50651,20
500113008,20231020,84,43,23,1,25.02594,121.50651,20
500113008,20231020,85,43,23,1,25.02594,121.50651,20
500113008,20231020,86,43,23,1,25.02594,121.50651,20
500113008,20231020,87,43,23,1,25.02594,121.50651,20
500113008,20231020,88,43,23,1,25.02594,121.50651,20
500113008,20231020,89,43,23,1,25.02594,121.50651,20
500113008,20231020,90,43,23,1,25.02594,121.50651,20
500113008,20231020,91,43,23,1,25.02594,121.50651,20
500113008,20231020,92,43,23,1,25.02594,121.50651,20
500113008,20231020,93,43,23,1,25.02594,121.50651,20
500113008,20231020,94,43,23,1,25.02594,121.50651,20
500113008,20231020,95,43,23,1,25.02594,121.50651,20
500113008,20231020,96,43,23,1,25.02594,121.50651,20
500113008,20231020,97,43,23,1,25.02594,121.50651,20
500113008,20231020,98,43,23,1,25.02594,121.50651,20
500113008,20231020,99,43,23,1,25.02594,121.50651,20
500113008,20231020,100,43,23,1,25.02594,121.50651,20
500113008,20231020,101,43,23,1,25.02594,121.50651,20
500113008,20231020,102,43,23,1,25.02594,121.50651,20
500113008,20231020,103,43,23,1,25.02594,121.50651,20
500113008,20231020,104,43,23,1,25.02594,121.50651,20
500113008,20231020,105,43,23,1,25.02594,121.50651,20
500113008,20231020,106,43,23,1,25.02594,121.50651,20
500113008,20231020,107,43,23,1,25.02594,121.50651,20
500113008,20231020,108,43,23,1,25.02594,121.50651,20
500113008,20231020,109,43,23,1,25.02594,121.50651,20
500113008,20231020,110,43,23,1,25.02594,121.50651,20
500113008,20231020,111,43,23,1,25.02594,121.50651,20
500113008,20231020,112,43,23,1,25.02594,121.50651,20
500113008,20231020,113,43,23,1,25.02594,121.50651,20
500113008,20231020,114,43,23,1,25.02594,121.50651,20
500113008,20231020,115,43,23,1,25.02594,121.50651,20
500113008,20231020,116,43,22,1,25.02594,121.50651,21
500113008,20231020,117,43,22,1,25.02594,121.50651,21
500113008,20231020,118,43,22,1,25.02594,121.50651,21
500113008,20231020,119,43,22,1,25.02594,121.50651,21
500113008,20231020,121,43,22,1,25.02594,121.50651,21
500113008,20231020,122,43,22,1,25.02594,121.50651,21
500113008,20231020,123,43,22,1,25.02594,121.50651,21
500113008,20231020,124,43,22,1,25.02594,121.50651,21
500113008,20231020,125,43,22,1,25.02594,121.50651,21
500113008,20231020,126,43,22,1,25.02594,121.50651,21
500113008,20231020,127,43,22,1,25.02594,121.50651,21
500113008,20231020,128,43,22,1,25.02594,121.50651,21
500113008,20231020,129,43,22,1,25.02594,121.50651,21
500113008,20231020,130,43,22,1,25.02594,121.50651,21
500113008,20231020,131,43,22,1,25.02594,121.50651,21
500113008,20231020,132,43,22,1,25.02594,121.50651,21
500113008,20231020,133,43,22,1,25.02594,121.50651,21
500113008,20231020,134,43,22,1,25.02594,121.50651,21
500113008,20231020,135,43,22,1,25.02594,121.50651,21
500113008,20231020,136,43,22,1,25.02594,121.50651,21
500113008,20231020,137,43,22,1,25.02594,121.50651,21
500113008,20231020,138,43,22,1,25.02594,121.50651,21
500113008,20231020,139,43,22,1,25.02594,121.50651,21
500113008,20231020,141,43,22,1,25.02594,121.50651,21
500113008,20231020,142,43,22,1,25.02594,121.50651,21
500113008,20231020,143,43,22,1,25.02594,121.50651,21
500113008,20231020,144,43,22,1,25.02594,121.50651,21
500113008,20231020,145,43,22,1,25.02594,121.50651,21
500113008,20231020,146,43,22,1,25.02594,121.50651,21
500113008,20231020,147,43,22,1,25.02594,121.50651,21
500113008,20231020,148,43,22,1,25.02594,121.50651,21
500113008,20231020,149,43,22,1,25.02594,121.50651,21
500113008,20231020,150,43,22,1,25.02594,121.50651,21
500113008,20231020,151,43,22,1,25.02594,121.50651,21
500113008,20231020,152,43,22,1,25.02594,121.50651,21
500113008,20231020,153,43,22,1,25.02594,121.50651,21
500113008,20231020,154,43,22,1,25.02594,121.50651,21
500113008,20231020,155,43,22,1,25.02594,121.50651,21
500113008,20231020,156,43,22,1,25.02594,121.50651,21
500113008,20231020,157,43,22,1,25.02594,121.50651,21
500113008,20231020,158,43,22,1,25.02594,121.50651,21
500113008,20231020,159,43,22,1,25.02594,121.50651,21
500113008,20231020,160,43,22,1,25.02594,121.50651,21
500113008,20231020,161,43,22,1,25.02594,121.50651,21
500113008,20231020,162,43,22,1,25.02594,121.50651,21
500113008,20231020,163,43,22,1,25.02594,121.50651,21
500113008,20231020,164,43,22,1,25.02594,121.50651,21
500113008,20231020,165,43,22,1,25.02594,121.50651,21
500113008,20231020,166,43,22,1,25.02594,121.50651,21
500113008,20231020,167,43,22,1,25.02594,121.50651,21
500113008,20231020,168,43,22,1,25.02594,121.50651,21
500113008,20231020,169,43,22,1,25.02594,121.50651,21
500113008,20231020,170,43,22,1,25.02594,121.50651,21
500113008,20231020,171,43,22,1,25.02594,121.50651,21
500113008,20231020,172,43,22,1,25.02594,121.50651,21
500113008,20231020,173,43,22,1,25.02594,121.50651,21
500113008,20231020,174,43,22,1,25.02594,121.50651,21
500113008,20231020,175,43,22,1,25.02594,121.50651,21
500113008,20231020,176,43,22,1,25.02594,121.50651,21
500113008,20231020,177,43,22,1,25.02594,121.50651,21
500113008,20231020,178,43,22,1,25.02594,121.50651,21
500113008,20231020,179,43,22,1,25.02594,121.50651,21
500113008,20231020,180,43,22,1,25.02594,121.50651,21
500113008,20231020,181,43,22,1,25.02594,121.50651,21
500113008,20231020,182,43,22,1,25.02594,121.50651,21
500113008,20231020,183,43,22,1,25.02594,121.50651,21
500113008,20231020,184,43,22,1,25.02594,121.50651,21
500113008,20231020,185,43,22,1,25.02594,121.50651,21
500113008,20231020,186,43,22,1,25.02594,121.50651,21
500113008,20231020,187,43,22,1,25.02594,121.50651,21
500113008,20231020,188,43,22,1,25.02594,121.50651,21
500113008,20231020,189,43,22,1,25.02594,121.50651,21
500113008,20231020,190,43,22,1,25.02594,121.50651,21
500113008,20231020,191,43,22,1,25.02594,121.50651,21
500113008,20231020,192,43,22,1,25.02594,121.50651,21
500113008,20231020,193,43,22,1,25.02594,121.50651,21
500113008,20231020,194,43,22,1,25.02594,121.50651,21
500113008,20231020,195,43,22,1,25.02594,121.50651,21
500113008,20231020,196,43,22,1,25.02594,121.50651,21
500113008,20231020,197,43,22,1,25.02594,121.50651,21
500113008,20231020,198,43,22,1,25.02594,121.50651,21
500113008,20231020,199,43,22,1,25.02594,121.50651,21
500113008,20231020,201,43,22,1,25.02594,121.50651,21
500113008,20231020,202,43,22,1,25.02594,121.50651,21
500113008,20231020,203,43,22,1,25.02594,121.50651,21
500113008,20231020,204,43,22,1,25.02594,121.50651,21
500113008,20231020,205,43,22,1,25.02594,121.50651,21
500113008,20231020,206,43,22,1,25.02594,121.50651,21
500113008,20231020,207,43,22,1,25.02594,121.50651,21
500113008,20231020,208,43,22,1,25.02594,121.50651,21
500113008,20231020,209,43,22,1,25.02594,121.50651,21
500113008,20231020,210,43,22,1,25.02594,121.50651,21
500113008,20231020,211,43,22,1,25.02594,121.50651,21
500113008,20231020,212,43,22,1,25.02594,121.50651,21
500113008,20231020,213,43,22,1,25.02594,121.50651,21
500113008,20231020,214,43,22,1,25.02594,121.50651,21
500113008,20231020,215,43,22,1,25.02594,121.50651,21
500113008,20231020,216,43,22,1,25.02594,121.50651,21
500113008,20231020,217,43,22,1,25.02594,121.50651,21
500113008,20231020,218,43,22,1,25.02594,121.50651,21
500113008,20231020,219,43,22,1,25.02594,121.50651,21
500113008,20231020,220,43,22,1,25.02594,121.50651,21
500113008,20231020,221,43,22,1,25.02594,121.50651,21
500113008,20231020,222,43,22,1,25.02594,121.50651,21
500113008,20231020,223,43,22,1,25.02594,121.50651,21
500113008,20231020,224,43,22,1,25.02594,121.50651,21
500113008,20231020,225,43,22,1,25.02594,121.50651,21
500113008,20231020,226,43,22,1,25.02594,121.50651,21
500113008,20231020,227,43,22,1,25.02594,121.50651,21
500113008,20231020,228,43,22,1,25.02594,121.50651,21
500113008,20231020,229,43,22,1,25.02594,121.50651,21
500113008,20231020,230,43,22,1,25.02594,121.50651,21
500113008,20231020,231,43,22,1,25.02594,121.50651,21
500113008,20231020,232,43,22,1,25.02594,121.50651,21
500113008,20231020,233,43,22,1,25.02594,121.50651,21
500113008,20231020,234,43,22,1,25.02594,121.50651,21
500113008,20231020,235,43,22,1,25.02594,121.50651,21
500113008,20231020,236,43,22,1,25.02594,121.50651,21
500113008,20231020,237,43,22,1,25.02594,121.50651,21
500113008,20231020,238,43,22,1,25.02594,121.50651,21
500113008,20231020,239,43,22,1,25.02594,121.50651,21
500113008,20231020,240,43,22,1,25.02594,121.50651,21
500113008,20231020,241,43,22,1,25.02594,121.50651,21
500113008,20231020,242,43,22,1,25.02594,121.50651,21
500113008,20231020,243,43,22,1,25.02594,121.50651,21
500113008,20231020,244,43,22,1,25.02594,121.50651,21
500113008,20231020,245,43,22,1,25.02594,121.50651,21
500113008,20231020,246,43,22,1,25.02594,121.50651,21
500113008,20231020,247,43,22,1,25.02594,121.50651,21
500113008,20231020,248,43,22,1,25.02594,121.50651,21
500113008,20231020,249,43,22,1,25.02594,121.50651,21
500113008,20231020,250,43,22,1,25.02594,121.50651,21
500113008,20231020,251,43,22,1,25.02594,121.50651,21
500113008,20231020,252,43,22,1,25.02594,121.50651,21
500113008,20231020,253,43,22,1,25.02594,121.50651,21
500113008,20231020,254,43,22,1,25.02594,121.50651,21
500113008,20231020,255,43,22,1,25.02594,121.50651,21
500113008,20231020,256,43,22,1,25.02594,121.50651,21
500113008,20231020,257,43,22,1,25.02594,121.50651,21
500113008,20231020,258,43,22,1,25.02594,121.50651,21
500113008,20231020,259,43,22,1,25.02594,121.50651,21
500113008,20231020,261,43,22,1,25.02594,121.50651,21
500113008,20231020,262,43,22,1,25.02594,121.50651,21
500113008,20231020,264,43,22,1,25.02594,121.50651,21
500113008,20231020,265,43,22,1,25.02594,121.50651,21
500113008,20231020,266,43,22,1,25.02594,121.50651,21
500113008,20231020,267,43,22,1,25.02594,121.50651,21
500113008,20231020,268,43,22,1,25.02594,121.50651,21
500113008,20231020,269,43,22,1,25.02594,121.50651,21
500113008,20231020,270,43,22,1,25.02594,121.50651,21
500113008,20231020,271,43,22,1,25.02594,121.50651,21
500113008,20231020,272,43,22,1,25.02594,121.50651,21
500113008,20231020,273,43,22,1,25.02594,121.50651,21
500113008,20231020,274,43,22,1,25.02594,121.50651,21
500113008,20231020,275,43,22,1,25.02594,121.50651,21
500113008,20231020,276,43,22,1,25.02594,121.50651,21
500113008,20231020,277,43,22,1,25.02594,121.50651,21
500113008,20231020,278,43,22,1,25.02594,121.50651,21
500113008,20231020,279,43,22,1,25.02594,121.50651,21
500113008,20231020,280,43,22,1,25.02594,121.50651,21
500113008,20231020,281,43,22,1,25.02594,121.50651,21
500113008,20231020,282,43,22,1,25.02594,121.50651,21
500113008,20231020,283,43,22,1,25.02594,121.50651,21
500113008,20231020,284,43,22,1,25.02594,121.50651,21
500113008,20231020,285,43,21,1,25.02594,121.50651,22
500113008,20231020,286,43,21,1,25.02594,121.50651,22
500113008,20231020,287,43,21,1,25.02594,121.50651,22
500113008,20231020,288,43,21,1,25.02594,121.50651,22
500113008,20231020,289,43,21,1,25.02594,121.50651,22
500113008,20231020,290,43,21,1,25.02594,121.50651,22
500113008,20231020,291,43,21,1,25.02594,121.50651,22
500113008,20231020,292,43,21,1,25.02594,121.50651,22
500113008,20231020,293,43,21,1,25.02594,121.50651,22
500113008,20231020,294,43,21,1,25.02594,121.50651,22
500113008,20231020,295,43,21,1,25.02594,121.50651,22
500113008,20231020,296,43,21,1,25.02594,121.50651,22
500113008,20231020,297,43,21,1,25.02594,121.50651,22
500113008,20231020,298,43,21,1,25.02594,121.50651,22
500113008,20231020,299,43,21,1,25.02594,121.50651,22
500113008,20231020,300,43,21,1,25.02594,121.50651,22
500113008,20231020,301,43,22,1,25.02594,121.50651,21
500113008,20231020,302,43,22,1,25.02594,121.50651,21
500113008,20231020,303,43,22,1,25.02594,121.50651,21
500113008,20231020,304,43,22,1,25.02594,121.50651,21
500113008,20231020,305,43,22,1,25.02594,121.50651,21
500113008,20231020,306,43,22,1,25.02594,121.50651,21
500113008,20231020,307,43,22,1,25.02594,121.50651,21
500113008,20231020,308,43,22,1,25.02594,121.50651,21
500113008,20231020,309,43,22,1,25.02594,121.50651,21
500113008,20231020,310,43,22,1,25.02594,121.50651,21
500113008,20231020,311,43,22,1,25.02594,121.50651,21
500113008,20231020,312,43,22,1,25.02594,121.50651,21
500113008,20231020,313,43,22,1,25.02594,121.50651,21
500113008,20231020,314,43,22,1,25.02594,121.50651,21
500113008,20231020,315,43,22,1,25.02594,121.50651,21
500113008,20231020,316,43,22,1,25.02594,121.50651,21
500113008,20231020,317,43,22,1,25.02594,121.50651,21
500113008,20231020,318,43,22,1,25.02594,121.50651,21
500113008,20231020,319,43,22,1,25.02594,121.50651,21
500113008,20231020,321,43,22,1,25.02594,121.50651,21
500113008,20231020,322,43,22,1,25.02594,121.50651,21
500113008,20231020,323,43,22,1,25.02594,121.50651,21
500113008,20231020,324,43,22,1,25.02594,121.50651,21
500113008,20231020,325,43,22,1,25.02594,121.50651,21
500113008,20231020,326,43,22,1,25.02594,121.50651,21
500113008,20231020,327,43,22,1,25.02594,121.50651,21
500113008,20231020,328,43,22,1,25.02594,121.50651,21
500113008,20231020,329,43,22,1,25.02594,121.50651,21
500113008,20231020,330,43,22,1,25.02594,121.50651,21
500113008,20231020,331,43,22,1,25.02594,121.50651,21
500113008,20231020,332,43,22,1,25.02594,121.50651,21
500113008,20231020,333,43,21,1,25.02594,121.50651,22
500113008,20231020,334,43,21,1,25.02594,121.50651,22
500113008,20231020,335,43,21,1,25.02594,121.50651,22
500113008,20231020,336,43,21,1,25.02594,121.50651,22
500113008,20231020,337,43,21,1,25.02594,121.50651,22
500113008,20231020,338,43,21,1,25.02594,121.50651,22
500113008,20231020,339,43,21,1,25.02594,121.50651,22
500113008,20231020,340,43,21,1,25.02594,121.50651,22
500113008,20231020,341,43,21,1,25.02594,121.50651,22
500113008,20231020,342,43,21,1,25.02594,121.50651,22
500113008,20231020,343,43,21,1,25.02594,121.50651,22
500113008,20231020,344,43,21,1,25.02594,121.50651,22
500113008,20231020,345,43,21,1,25.02594,121.50651,22
500113008,20231020,346,43,21,1,25.02594,121.50651,22
500113008,20231020,347,43,21,1,25.02594,121.50651,22
500113008,20231020,348,43,21,1,25.02594,121.50651,22
500113008,20231020,349,43,21,1,25.02594,121.50651,22
500113008,20231020,350,43,21,1,25.02594,121.50651,22
500113008,20231020,351,43,21,1,25.02594,121.50651,22
500113008,20231020,352,43,21,1,25.02594,121.50651,22
500113008,20231020,353,43,21,1,25.02594,121.50651,22
500113008,20231020,354,43,21,1,25.02594,121.50651,22
500113008,20231020,355,43,21,1,25.02594,121.50651,22
500113008,20231020,356,43,20,1,25.02594,121.50651,23
500113008,20231020,357,43,20,1,25.02594,121.50651,23
500113008,20231020,358,43,20,1,25.02594,121.50651,23
500113008,20231020,359,43,20,1,25.02594,121.50651,23
500113008,20231020,361,43,20,1,25.02594,121.50651,23
500113008,20231020,362,43,21,1,25.02594,121.50651,22
500113008,20231020,363,43,22,1,25.02594,121.50651,21
500113008,20231020,364,43,22,1,25.02594,121.50651,21
500113008,20231020,365,43,22,1,25.02594,121.50651,21
500113008,20231020,366,43,22,1,25.02594,121.50651,21
500113008,20231020,367,43,22,1,25.02594,121.50651,21
500113008,20231020,368,43,22,1,25.02594,121.50651,21
500113008,20231020,369,43,22,1,25.02594,121.50651,21
500113008,20231020,370,43,23,1,25.02594,121.50651,20
500113008,20231020,371,43,23,1,25.02594,121.50651,20
500113008,20231020,372,43,24,1,25.02594,121.50651,19
500113008,20231020,373,43,24,1,25.02594,121.50651,19
500113008,20231020,374,43,24,1,25.02594,121.50651,19
500113008,20231020,375,43,24,1,25.02594,121.50651,19
500113008,20231020,376,43,24,1,25.02594,121.50651,19
500113008,20231020,377,43,24,1,25.02594,121.50651,19
500113008,20231020,378,43,24,1,25.02594,121.50651,19
500113008,20231020,379,43,24,1,25.02594,121.50651,19
500113008,20231020,381,43,24,1,25.02594,121.50651,19
500113008,20231020,382,43,24,1,25.02594,121.50651,19
500113008,20231020,383,43,24,1,25.02594,121.50651,19
500113008,20231020,384,43,24,1,25.02594,121.50651,19
500113008,20231020,385,43,24,1,25.02594,121.50651,19
500113008,20231020,386,43,24,1,25.02594,121.50651,19
500113008,20231020,387,43,24,1,25.02594,121.50651,19
500113008,20231020,388,43,24,1,25.02594,121.50651,19
500113008,20231020,389,43,24,1,25.02594,121.50651,19
500113008,20231020,390,43,24,1,25.02594,121.50651,19
500113008,20231020,391,43,24,1,25.02594,121.50651,19
500113008,20231020,392,43,25,1,25.02594,121.50651,18
500113008,20231020,393,43,25,1,25.02594,121.50651,18
500113008,20231020,394,43,25,1,25.02594,121.50651,18
500113008,20231020,395,43,25,1,25.02594,121.50651,18
500113008,20231020,396,43,25,1,25.02594,121.50651,18
500113008,20231020,397,43,26,1,25.02594,121.50651,17
500113008,20231020,398,43,26,1,25.02594,121.50651,17
500113008,20231020,399,43,27,1,25.02594,121.50651,16
500113008,20231020,400,43,27,1,25.02594,121.50651,16
500113008,20231020,401,43,27,1,25.02594,121.50651,16
500113008,20231020,402,43,27,1,25.02594,121.50651,16
500113008,20231020,403,43,28,1,25.02594,121.50651,15
500113008,20231020,404,43,28,1,25.02594,121.50651,15
500113008,20231020,405,43,28,1,25.02594,121.50651,15
500113008,20231020,406,43,28,1,25.02594,121.50651,15
500113008,20231020,407,43,28,1,25.02594,121.50651,15
500113008,20231020,408,43,27,1,25.02594,121.50651,16
500113008,20231020,409,43,28,1,25.02594,121.50651,15
500113008,20231020,410,43,27,1,25.02594,121.50651,16
500113008,20231020,411,43,28,1,25.02594,121.50651,15
500113008,20231020,412,43,27,1,25.02594,121.50651,16
500113008,20231020,413,43,27,1,25.02594,121.50651,16
500113008,20231020,414,43,28,1,25.02594,121.50651,15
500113008,20231020,415,43,28,1,25.02594,121.50651,15
500113008,20231020,416,43,30,1,25.02594,121.50651,13
500113008,20231020,417,43,30,1,25.02594,121.50651,13
500113008,20231020,418,43,33,1,25.02594,121.50651,10
500113008,20231020,419,43,33,1,25.02594,121.50651,10
500113008,20231020,421,43,34,1,25.02594,121.50651,9
500113008,20231020,422,43,34,1,25.02594,121.50651,9
500113008,20231020,423,43,34,1,25.02594,121.50651,9
500113008,20231020,424,43,34,1,25.02594,121.50651,9
500113008,20231020,425,43,34,1,25.02594,121.50651,9
500113008,20231020,426,43,34,1,25.02594,121.50651,9
500113008,20231020,427,43,34,1,25.02594,121.50651,9
500113008,20231020,428,43,34,1,25.02594,121.50651,9
500113008,20231020,429,43,34,1,25.02594,121.50651,9
500113008,20231020,430,43,35,1,25.02594,121.50651,8
500113008,20231020,431,43,35,1,25.02594,121.50651,8
500113008,20231020,432,43,35,1,25.02594,121.50651,8
500113008,20231020,433,43,35,1,25.02594,121.50651,8
500113008,20231020,434,43,34,1,25.02594,121.50651,9
500113008,20231020,435,43,35,1,25.02594,121.50651,8
500113008,20231020,436,43,35,1,25.02594,121.50651,8
500113008,20231020,437,43,35,1,25.02594,121.50651,8
500113008,20231020,438,43,33,1,25.02594,121.50651,10
500113008,20231020,439,43,33,1,25.02594,121.50651,10
500113008,20231020,441,43,35,1,25.02594,121.50651,8
500113008,20231020,442,43,35,1,25.02594,121.50651,8
500113008,20231020,443,43,35,1,25.02594,121.50651,8
500113008,20231020,444,43,37,1,25.02594,121.50651,6
500113008,20231020,445,43,36,1,25.02594,121.50651,7
500113008,20231020,446,43,36,1,25.02594,121.50651,7
500113008,20231020,447,43,35,1,25.02594,121.50651,8
500113008,20231020,448,43,35,1,25.02594,121.50651,8
500113008,20231020,449,43,35,1,25.02594,121.50651,8
500113008,20231020,451,43,36,1,25.02594,121.50651,7
500113008,20231020,452,43,37,1,25.02594,121.50651,6
500113008,20231020,453,43,37,1,25.02594,121.50651,6
500113008,20231020,454,43,37,1,25.02594,121.50651,6
500113008,20231020,455,43,37,1,25.02594,121.50651,6
500113008,20231020,456,43,37,1,25.02594,121.50651,6
500113008,20231020,457,43,36,1,25.02594,121.50651,7
500113008,20231020,458,43,36,1,25.02594,121.50651,7
500113008,20231020,459,43,36,1,25.02594,121.50651,7
500113008,20231020,460,43,35,1,25.02594,121.50651,8
500113008,20231020,461,43,35,1,25.02594,121.50651,8
500113008,20231020,462,43,35,1,25.02594,121.50651,8
500113008,20231020,463,43,37,1,25.02594,121.50651,6
500113008,20231020,464,43,37,1,25.02594,121.50651,6
500113008,20231020,465,43,36,1,25.02594,121.50651,7
500113008,20231020,466,43,35,1,25.02594,121.50651,8
500113008,20231020,467,43,35,1,25.02594,121.50651,8
500113008,20231020,468,43,35,1,25.02594,121.50651,8
500113008,20231020,469,43,36,1,25.02594,121.50651,7
500113008,20231020,470,43,36,1,25.02594,121.50651,7
500113008,20231020,471,43,36,1,25.02594,121.50651,7
500113008,20231020,472,43,36,1,25.02594,121.50651,7
500113008,20231020,473,43,36,1,25.02594,121.50651,7
500113008,20231020,474,43,36,1,25.02594,121.50651,7
500113008,20231020,475,43,36,1,25.02594,121.50651,7
500113008,20231020,476,43,36,1,25.02594,121.50651,7
500113008,20231020,477,43,36,1,25.02594,121.50651,7
500113008,20231020,478,43,38,1,25.02594,121.50651,5
500113008,20231020,479,43,38,1,25.02594,121.50651,5
500113008,20231020,481,43,37,1,25.02594,121.50651,6
500113008,20231020,482,43,36,1,25.02594,121.50651,7
500113008,20231020,483,43,36,1,25.02594,121.50651,7
500113008,20231020,484,43,36,1,25.02594,121.50651,7
500113008,20231020,485,43,35,1,25.02594,121.50651,8
500113008,20231020,486,43,34,1,25.02594,121.50651,9
500113008,20231020,487,43,34,1,25.02594,121.50651,9
500113008,20231020,488,43,34,1,25.02594,121.50651,9
500113008,20231020,489,43,34,1,25.02594,121.50651,9
500113008,20231020,490,43,33,1,25.02594,121.50651,10
500113008,20231020,491,43,33,1,25.02594,121.50651,10
500113008,20231020,492,43,33,1,25.02594,121.50651,10
500113008,20231020,493,43,33,1,25.02594,121.50651,10
500113008,20231020,494,43,33,1,25.02594,121.50651,10
500113008,20231020,495,43,33,1,25.02594,121.50651,10
500113008,20231020,496,43,33,1,25.02594,121.50651,10
500113008,20231020,497,43,33,1,25.02594,121.50651,10
500113008,20231020,498,43,33,1,25.02594,121.50651,10
500113008,20231020,499,43,33,1,25.02594,121.50651,10
500113008,20231020,501,43,33,1,25.02594,121.50651,10
500113008,20231020,502,43,33,1,25.02594,121.50651,10
500113008,20231020,503,43,33,1,25.02594,121.50651,10
500113008,20231020,504,43,34,1,25.02594,121.50651,9
500113008,20231020,505,43,34,1,25.02594,121.50651,9
500113008,20231020,506,43,34,1,25.02594,121.50651,9
500113008,20231020,507,43,33,1,25.02594,121.50651,10
500113008,20231020,508,43,34,1,25.02594,121.50651,9
500113008,20231020,509,43,34,1,25.02594,121.50651,9
500113008,20231020,511,43,36,1,25.02594,121.50651,7
500113008,20231020,512,43,36,1,25.02594,121.50651,7
500113008,20231020,513,43,36,1,25.02594,121.50651,7
500113008,20231020,514,43,36,1,25.02594,121.50651,7
500113008,20231020,515,43,35,1,25.02594,121.50651,8
500113008,20231020,516,43,35,1,25.02594,121.50651,8
500113008,20231020,517,43,36,1,25.02594,121.50651,7
500113008,20231020,518,43,37,1,25.02594,121.50651,6
500113008,20231020,519,43,37,1,25.02594,121.50651,6
500113008,20231020,520,43,37,1,25.02594,121.50651,6
500113008,20231020,521,43,37,1,25.02594,121.50651,6
500113008,20231020,522,43,36,1,25.02594,121.50651,7
500113008,20231020,523,43,36,1,25.02594,121.50651,7
500113008,20231020,524,43,36,1,25.02594,121.50651,7
500113008,20231020,525,43,36,1,25.02594,121.50651,7
500113008,20231020,526,43,35,1,25.02594,121.50651,8
500113008,20231020,527,43,35,1,25.02594,121.50651,8
500113008,20231020,528,43,36,1,25.02594,121.50651,7
500113008,20231020,529,43,36,1,25.02594,121.50651,7
500113008,20231020,530,43,36,1,25.02594,121.50651,7
500113008,20231020,531,43,36,1,25.02594,121.50651,7
500113008,20231020,532,43,36,1,25.02594,121.50651,7
500113008,20231020,533,43,37,1,25.02594,121.50651,6
500113008,20231020,534,43,38,1,25.02594,121.50651,5
500113008,20231020,535,43,38,1,25.02594,121.50651,5
500113008,20231020,536,43,38,1,25.02594,121.50651,5
500113008,20231020,537,43,38,1,25.02594,121.50651,5
500113008,20231020,538,43,38,1,25.02594,121.50651,5
500113008,20231020,539,43,38,1,25.02594,121.50651,5
500113008,20231020,541,43,39,1,25.02594,121.50651,4
500113008,20231020,542,43,38,1,25.02594,121.50651,5
500113008,20231020,543,43,38,1,25.02594,121.50651,5
500113008,20231020,544,43,38,1,25.02594,121.50651,5
500113008,20231020,545,43,36,1,25.02594,121.50651,7
500113008,20231020,546,43,36,1,25.02594,121.50651,7
500113008,20231020,547,43,37,1,25.02594,121.50651,6
500113008,20231020,548,43,36,1,25.02594,121.50651,7
500113008,20231020,549,43,36,1,25.02594,121.50651,7
500113008,20231020,550,43,36,1,25.02594,121.50651,7
500113008,20231020,551,43,36,1,25.02594,121.50651,7
500113008,20231020,552,43,36,1,25.02594,121.50651,7
500113008,20231020,553,43,36,1,25.02594,121.50651,7
500113008,20231020,554,43,37,1,25.02594,121.50651,6
500113008,20231020,555,43,37,1,25.02594,121.50651,6
500113008,20231020,556,43,37,1,25.02594,121.50651,6
500113008,20231020,557,43,37,1,25.02594,121.50651,6
500113008,20231020,558,43,37,1,25.02594,121.50651,6
500113008,20231020,559,43,37,1,25.02594,121.50651,6
500113008,20231020,561,43,38,1,25.02594,121.50651,5
500113008,20231020,562,43,38,1,25.02594,121.50651,5
500113008,20231020,563,43,39,1,25.02594,121.50651,4
500113008,20231020,564,43,39,1,25.02594,121.50651,4
500113008,20231020,565,43,39,1,25.02594,121.50651,4
500113008,20231020,566,43,39,1,25.02594,121.50651,4
500113008,20231020,567,43,39,1,25.02594,121.50651,4
500113008,20231020,568,43,37,1,25.02594,121.50651,6
500113008,20231020,569,43,36,1,25.02594,121.50651,7
500113008,20231020,571,43,37,1,25.02594,121.50651,6
500113008,20231020,572,43,37,1,25.02594,121.50651,6
500113008,20231020,573,43,38,1,25.02594,121.50651,5
500113008,20231020,574,43,37,1,25.02594,121.50651,6
500113008,20231020,575,43,37,1,25.02594,121.50651,6
500113008,20231020,576,43,37,1,25.02594,121.50651,6
500113008,20231020,577,43,37,1,25.02594,121.50651,6
500113008,20231020,578,43,37,1,25.02594,121.50651,6
500113008,20231020,579,43,37,1,25.02594,121.50651,6
500113008,20231020,580,43,36,1,25.02594,121.50651,7
500113008,20231020,581,43,36,1,25.02594,121.50651,7
500113008,20231020,582,43,35,1,25.02594,121.50651,8
500113008,20231020,583,43,35,1,25.02594,121.50651,8
500113008,20231020,584,43,35,1,25.02594,121.50651,8
500113008,20231020,585,43,35,1,25.02594,121.50651,8
500113008,20231020,586,43,35,1,25.02594,121.50651,8
500113008,20231020,587,43,34,1,25.02594,121.50651,9
500113008,20231020,588,43,34,1,25.02594,121.50651,9
500113008,20231020,589,43,34,1,25.02594,121.50651,9
500113008,20231020,590,43,33,1,25.02594,121.50651,10
500113008,20231020,591,43,33,1,25.02594,121.50651,10
500113008,20231020,592,43,33,1,25.02594,121.50651,10
500113008,20231020,593,43,33,1,25.02594,121.50651,10
500113008,20231020,594,43,33,1,25.02594,121.50651,10
500113008,20231020,595,43,33,1,25.02594,121.50651,10
500113008,20231020,596,43,35,1,25.02594,121.50651,8
500113008,20231020,597,43,36,1,25.02594,121.50651,7
500113008,20231020,598,43,36,1,25.02594,121.50651,7
500113008,20231020,599,43,36,1,25.02594,121.50651,7
500113008,20231020,601,43,35,1,25.02594,121.50651,8
500113008,20231020,602,43,35,1,25.02594,121.50651,8
500113008,20231020,603,43,35,1,25.02594,121.50651,8
500113008,20231020,604,43,35,1,25.02594,121.50651,8
500113008,20231020,605,43,35,1,25.02594,121.50651,8
500113008,20231020,606,43,35,1,25.02594,121.50651,8
500113008,20231020,607,43,35,1,25.02594,121.50651,8
500113008,20231020,608,43,35,1,25.02594,121.50651,8
500113008,20231020,609,43,35,1,25.02594,121.50651,8
500113008,20231020,610,43,35,1,25.02594,121.50651,8
500113008,20231020,611,43,35,1,25.02594,121.50651,8
500113008,20231020,612,43,35,1,25.02594,121.50651,8
500113008,20231020,613,43,36,1,25.02594,121.50651,7
500113008,20231020,614,43,36,1,25.02594,121.50651,7
500113008,20231020,615,43,34,1,25.02594,121.50651,9
500113008,20231020,616,43,34,1,25.02594,121.50651,9
500113008,20231020,617,43,34,1,25.02594,121.50651,9
500113008,20231020,618,43,35,1,25.02594,121.50651,8
500113008,20231020,619,43,35,1,25.02594,121.50651,8
500113008,20231020,621,43,36,1,25.02594,121.50651,7
500113008,20231020,622,43,38,1,25.02594,121.50651,5
500113008,20231020,623,43,38,1,25.02594,121.50651,5
500113008,20231020,624,43,38,1,25.02594,121.50651,5
500113008,20231020,625,43,39,1,25.02594,121.50651,4
500113008,20231020,626,43,40,1,25.02594,121.50651,3
500113008,20231020,627,43,40,1,25.02594,121.50651,3
500113008,20231020,628,43,40,1,25.02594,121.50651,3
500113008,20231020,629,43,40,1,25.02594,121.50651,3
500113008,20231020,631,43,40,1,25.02594,121.50651,3
500113008,20231020,632,43,40,1,25.02594,121.50651,3
500113008,20231020,633,43,40,1,25.02594,121.50651,3
500113008,20231020,634,43,40,1,25.02594,121.50651,3
500113008,20231020,635,43,40,1,25.02594,121.50651,3
500113008,20231020,636,43,40,1,25.02594,121.50651,3
500113008,20231020,638,43,40,1,25.02594,121.50651,3
500113008,20231020,639,43,40,1,25.02594,121.50651,3
500113008,20231020,640,43,40,1,25.02594,121.50651,3
500113008,20231020,641,43,40,1,25.02594,121.50651,3
500113008,20231020,642,43,40,1,25.02594,121.50651,3
500113008,20231020,643,43,40,1,25.02594,121.50651,3
500113008,20231020,644,43,40,1,25.02594,121.50651,3
500113008,20231020,645,43,40,1,25.02594,121.50651,3
500113008,20231020,646,43,40,1,25.02594,121.50651,3
500113008,20231020,647,43,40,1,25.02594,121.50651,3
500113008,20231020,648,43,40,1,25.02594,121.50651,3
500113008,20231020,649,43,40,1,25.02594,121.50651,3
500113008,20231020,650,43,41,1,25.02594,121.50651,2
500113008,20231020,651,43,41,1,25.02594,121.50651,2
500113008,20231020,652,43,41,1,25.02594,121.50651,2
500113008,20231020,653,43,41,1,25.02594,121.50651,2
500113008,20231020,654,43,41,1,25.02594,121.50651,2
500113008,20231020,655,43,41,1,25.02594,121.50651,2
500113008,20231020,656,43,41,1,25.02594,121.50651,2
500113008,20231020,657,43,41,1,25.02594,121.50651,2
500113008,20231020,658,43,41,1,25.02594,121.50651,2
500113008,20231020,659,43,41,1,25.02594,121.50651,2
500113008,20231020,661,43,41,1,25.02594,121.50651,2
500113008,20231020,662,43,41,1,25.02594,121.50651,2
500113008,20231020,663,43,41,1,25.02594,121.50651,2
500113008,20231020,664,43,41,1,25.02594,121.50651,2
500113008,20231020,665,43,41,1,25.02594,121.50651,2
500113008,20231020,666,43,40,1,25.02594,121.50651,3
500113008,20231020,667,43,41,1,25.02594,121.50651,2
500113008,20231020,668,43,41,1,25.02594,121.50651,2
500113008,20231020,669,43,41,1,25.02594,121.50651,2
500113008,20231020,670,43,41,1,25.02594,121.50651,2
500113008,20231020,671,43,42,1,25.02594,121.50651,1
500113008,20231020,672,43,42,1,25.02594,121.50651,1
500113008,20231020,673,43,42,1,25.02594,121.50651,1
500113008,20231020,674,43,42,1,25.02594,121.50651,1
500113008,20231020,675,43,42,1,25.02594,121.50651,1
500113008,20231020,676,43,42,1,25.02594,121.50651,1
500113008,20231020,677,43,42,1,25.02594,121.50651,1
500113008,20231020,678,43,42,1,25.02594,121.50651,1
500113008,20231020,679,43,42,1,25.02594,121.50651,1
500113008,20231020,681,43,42,1,25.02594,121.50651,1
500113008,20231020,682,43,42,1,25.02594,121.50651,1
500113008,20231020,683,43,42,1,25.02594,121.50651,1
500113008,20231020,684,43,42,1,25.02594,121.50651,1
500113008,20231020,685,43,42,1,25.02594,121.50651,1
500113008,20231020,686,43,42,1,25.02594,121.50651,1
500113008,20231020,687,43,42,1,25.02594,121.50651,1
500113008,20231020,688,43,42,1,25.02594,121.50651,1
500113008,20231020,689,43,42,1,25.02594,121.50651,1
500113008,20231020,691,43,42,1,25.02594,121.50651,1
500113008,20231020,692,43,42,1,25.02594,121.50651,1
500113008,20231020,693,43,42,1,25.02594,121.50651,1
500113008,20231020,694,43,42,1,25.02594,121.50651,1
500113008,20231020,695,43,42,1,25.02594,121.50651,1
500113008,20231020,696,43,42,1,25.02594,121.50651,1
500113008,20231020,697,43,42,1,25.02594,121.50651,1
500113008,20231020,698,43,42,1,25.02594,121.50651,1
500113008,20231020,699,43,42,1,25.02594,121.50651,1
500113008,20231020,700,43,42,1,25.02594,121.50651,1
500113008,20231020,701,43,42,1,25.02594,121.50651,1
500113008,20231020,702,43,42,1,25.02594,121.50651,1
500113008,20231020,703,43,41,1,25.02594,121.50651,2
500113008,20231020,704,43,41,1,25.02594,121.50651,2
500113008,20231020,705,43,41,1,25.02594,121.50651,2
500113008,20231020,706,43,41,1,25.02594,121.50651,2
500113008,20231020,707,43,41,1,25.02594,121.50651,2
500113008,20231020,708,43,42,1,25.02594,121.50651,1
500113008,20231020,709,43,42,1,25.02594,121.50651,1
500113008,20231020,710,43,41,1,25.02594,121.50651,2
500113008,20231020,711,43,41,1,25.02594,121.50651,2
500113008,20231020,712,43,40,1,25.02594,121.50651,3
500113008,20231020,713,43,40,1,25.02594,121.50651,3
500113008,20231020,714,43,40,1,25.02594,121.50651,3
500113008,20231020,715,43,40,1,25.02594,121.50651,3
500113008,20231020,716,43,40,1,25.02594,121.50651,3
500113008,20231020,717,43,40,1,25.02594,121.50651,3
500113008,20231020,718,43,40,1,25.02594,121.50651,3
500113008,20231020,719,43,40,1,25.02594,121.50651,3
500113008,20231020,721,43,41,1,25.02594,121.50651,2
500113008,20231020,722,43,41,1,25.02594,121.50651,2
500113008,20231020,723,43,41,1,25.02594,121.50651,2
500113008,20231020,724,43,41,1,25.02594,121.50651,2
500113008,20231020,725,43,41,1,25.02594,121.50651,2
500113008,20231020,726,43,41,1,25.02594,121.50651,2
500113008,20231020,727,43,42,1,25.02594,121.50651,1
500113008,20231020,728,43,42,1,25.02594,121.50651,1
500113008,20231020,729,43,42,1,25.02594,121.50651,1
500113008,20231020,730,43,42,1,25.02594,121.50651,1
500113008,20231020,731,43,42,1,25.02594,121.50651,1
500113008,20231020,732,43,42,1,25.02594,121.50651,1
500113008,20231020,733,43,41,1,25.02594,121.50651,2
500113008,20231020,734,43,42,1,25.02594,121.50651,1
500113008,20231020,735,43,42,1,25.02594,121.50651,1
500113008,20231020,736,43,42,1,25.02594,121.50651,1
500113008,20231020,737,43,42,1,25.02594,121.50651,1
500113008,20231020,738,43,42,1,25.02594,121.50651,1
500113008,20231020,739,43,42,1,25.02594,121.50651,1
500113008,20231020,741,43,42,1,25.02594,121.50651,1
500113008,20231020,742,43,42,1,25.02594,121.50651,1
500113008,20231020,743,43,42,1,25.02594,121.50651,1
500113008,20231020,744,43,42,1,25.02594,121.50651,1
500113008,20231020,745,43,41,1,25.02594,121.50651,2
500113008,20231020,746,43,41,1,25.02594,121.50651,2
500113008,20231020,747,43,41,1,25.02594,121.50651,2
500113008,20231020,748,43,41,1,25.02594,121.50651,2
500113008,20231020,749,43,41,1,25.02594,121.50651,2
500113008,20231020,751,43,41,1,25.02594,121.50651,2
500113008,20231020,752,43,41,1,25.02594,121.50651,2
500113008,20231020,753,43,41,1,25.02594,121.50651,2
500113008,20231020,754,43,41,1,25.02594,121.50651,2
500113008,20231020,755,43,41,1,25.02594,121.50651,2
500113008,20231020,756,43,41,1,25.02594,121.50651,2
500113008,20231020,757,43,41,1,25.02594,121.50651,2
500113008,20231020,758,43,41,1,25.02594,121.50651,2
500113008,20231020,759,43,41,1,25.02594,121.50651,2
500113008,20231020,760,43,41,1,25.02594,121.50651,2
500113008,20231020,761,43,41,1,25.02594,121.50651,2
500113008,20231020,762,43,41,1,25.02594,121.50651,2
500113008,20231020,763,43,41,1,25.02594,121.50651,2
500113008,20231020,764,43,41,1,25.02594,121.50651,2
500113008,20231020,765,43,40,1,25.02594,121.50651,3
500113008,20231020,766,43,40,1,25.02594,121.50651,3
500113008,20231020,767,43,40,1,25.02594,121.50651,3
500113008,20231020,768,43,40,1,25.02594,121.50651,3
500113008,20231020,769,43,40,1,25.02594,121.50651,3
500113008,20231020,770,43,41,1,25.02594,121.50651,2
500113008,20231020,771,43,41,1,25.02594,121.50651,2
500113008,20231020,772,43,41,1,25.02594,121.50651,2
500113008,20231020,773,43,41,1,25.02594,121.50651,2
500113008,20231020,774,43,41,1,25.02594,121.50651,2
500113008,20231020,775,43,41,1,25.02594,121.50651,2
500113008,20231020,776,43,41,1,25.02594,121.50651,2
500113008,20231020,777,43,41,1,25.02594,121.50651,2
500113008,20231020,778,43,41,1,25.02594,121.50651,2
500113008,20231020,779,43,41,1,25.02594,121.50651,2
500113008,20231020,781,43,41,1,25.02594,121.50651,2
500113008,20231020,782,43,41,1,25.02594,121.50651,2
500113008,20231020,783,43,41,1,25.02594,121.50651,2
500113008,20231020,784,43,41,1,25.02594,121.50651,2
500113008,20231020,785,43,41,1,25.02594,121.50651,2
500113008,20231020,786,43,42,1,25.02594,121.50651,1
500113008,20231020,787,43,42,1,25.02594,121.50651,1
500113008,20231020,788,43,42,1,25.02594,121.50651,1
500113008,20231020,789,43,42,1,25.02594,121.50651,1
500113008,20231020,790,43,42,1,25.02594,121.50651,1
500113008,20231020,791,43,42,1,25.02594,121.50651,1
500113008,20231020,792,43,42,1,25.02594,121.50651,1
500113008,20231020,793,43,41,1,25.02594,121.50651,2
500113008,20231020,794,43,41,1,25.02594,121.50651,2
500113008,20231020,795,43,41,1,25.02594,121.50651,2
500113008,20231020,796,43,42,1,25.02594,121.50651,1
500113008,20231020,797,43,42,1,25.02594,121.50651,1
500113008,20231020,798,43,42,1,25.02594,121.50651,1
500113008,20231020,799,43,42,1,25.02594,121.50651,1
500113008,20231020,801,43,42,1,25.02594,121.50651,1
500113008,20231020,802,43,42,1,25.02594,121.50651,1
500113008,20231020,803,43,42,1,25.02594,121.50651,1
500113008,20231020,804,43,42,1,25.02594,121.50651,1
500113008,20231020,805,43,41,1,25.02594,121.50651,2
500113008,20231020,806,43,41,1,25.02594,121.50651,2
500113008,20231020,807,43,42,1,25.02594,121.50651,1
500113008,20231020,808,43,42,1,25.02594,121.50651,1
500113008,20231020,809,43,42,1,25.02594,121.50651,1
500113008,20231020,810,43,42,1,25.02594,121.50651,1
500113008,20231020,811,43,42,1,25.02594,121.50651,1
500113008,20231020,812,43,42,1,25.02594,121.50651,1
500113008,20231020,813,43,42,1,25.02594,121.50651,1
500113008,20231020,814,43,42,1,25.02594,121.50651,1
500113008,20231020,815,43,42,1,25.02594,121.50651,1
500113008,20231020,816,43,42,1,25.02594,121.50651,1
500113008,20231020,817,43,42,1,25.02594,121.50651,1
500113008,20231020,818,43,43,1,25.02594,121.50651,0
500113008,20231020,819,43,41,1,25.02594,121.50651,2
500113008,20231020,820,43,40,1,25.02594,121.50651,3
500113008,20231020,821,43,41,1,25.02594,121.50651,2
500113008,20231020,822,43,41,1,25.02594,121.50651,2
500113008,20231020,823,43,41,1,25.02594,121.50651,2
500113008,20231020,824,43,41,1,25.02594,121.50651,2
500113008,20231020,825,43,41,1,25.02594,121.50651,2
500113008,20231020,826,43,41,1,25.02594,121.50651,2
500113008,20231020,827,43,41,1,25.02594,121.50651,2
500113008,20231020,828,43,41,1,25.02594,121.50651,2
500113008,20231020,829,43,41,1,25.02594,121.50651,2
500113008,20231020,830,43,40,1,25.02594,121.50651,3
500113008,20231020,831,43,40,1,25.02594,121.50651,3
500113008,20231020,832,43,40,1,25.02594,121.50651,3
500113008,20231020,833,43,40,1,25.02594,121.50651,3
500113008,20231020,834,43,40,1,25.02594,121.50651,3
500113008,20231020,835,43,40,1,25.02594,121.50651,3
500113008,20231020,836,43,40,1,25.02594,121.50651,3
500113008,20231020,837,43,40,1,25.02594,121.50651,3
500113008,20231020,838,43,40,1,25.02594,121.50651,3
500113008,20231020,839,43,40,1,25.02594,121.50651,3
500113008,20231020,841,43,40,1,25.02594,121.50651,3
500113008,20231020,842,43,40,1,25.02594,121.50651,3
500113008,20231020,843,43,40,1,25.02594,121.50651,3
500113008,20231020,844,43,41,1,25.02594,121.50651,2
500113008,20231020,845,43,41,1,25.02594,121.50651,2
500113008,20231020,846,43,41,1,25.02594,121.50651,2
500113008,20231020,847,43,41,1,25.02594,121.50651,2
500113008,20231020,848,43,41,1,25.02594,121.50651,2
500113008,20231020,849,43,41,1,25.02594,121.50651,2
500113008,20231020,850,43,41,1,25.02594,121.50651,2
500113008,20231020,851,43,41,1,25.02594,121.50651,2
500113008,20231020,852,43,41,1,25.02594,121.50651,2
500113008,20231020,853,43,41,1,25.02594,121.50651,2
500113008,20231020,854,43,41,1,25.02594,121.50651,2
500113008,20231020,855,43,41,1,25.02594,121.50651,2
500113008,20231020,856,43,41,1,25.02594,121.50651,2
500113008,20231020,857,43,41,1,25.02594,121.50651,2
500113008,20231020,858,43,41,1,25.02594,121.50651,2
500113008,20231020,859,43,41,1,25.02594,121.50651,2
500113008,20231020,861,43,42,1,25.02594,121.50651,1
500113008,20231020,862,43,42,1,25.02594,121.50651,1
500113008,20231020,863,43,42,1,25.02594,121.50651,1
500113008,20231020,864,43,42,1,25.02594,121.50651,1
500113008,20231020,865,43,42,1,25.02594,121.50651,1
500113008,20231020,866,43,42,1,25.02594,121.50651,1
500113008,20231020,867,43,42,1,25.02594,121.50651,1
500113008,20231020,868,43,42,1,25.02594,121.50651,1
500113008,20231020,869,43,42,1,25.02594,121.50651,1
500113008,20231020,870,43,42,1,25.02594,121.50651,1
500113008,20231020,871,43,41,1,25.02594,121.50651,2
500113008,20231020,872,43,41,1,25.02594,121.50651,2
500113008,20231020,873,43,41,1,25.02594,121.50651,2
500113008,20231020,874,43,41,1,25.02594,121.50651,2
500113008,20231020,875,43,41,1,25.02594,121.50651,2
500113008,20231020,876,43,41,1,25.02594,121.50651,2
500113008,20231020,877,43,41,1,25.02594,121.50651,2
500113008,20231020,878,43,41,1,25.02594,121.50651,2
500113008,20231020,879,43,41,1,25.02594,121.50651,2
500113008,20231020,880,43,41,1,25.02594,121.50651,2
500113008,20231020,881,43,41,1,25.02594,121.50651,2
500113008,20231020,882,43,41,1,25.02594,121.50651,2
500113008,20231020,883,43,41,1,25.02594,121.50651,2
500113008,20231020,884,43,41,1,25.02594,121.50651,2
500113008,20231020,885,43,41,1,25.02594,121.50651,2
500113008,20231020,886,43,41,1,25.02594,121.50651,2
500113008,20231020,887,43,41,1,25.02594,121.50651,2
500113008,20231020,888,43,41,1,25.02594,121.50651,2
500113008,20231020,889,43,41,1,25.02594,121.50651,2
500113008,20231020,890,43,41,1,25.02594,121.50651,2
500113008,20231020,891,43,41,1,25.02594,121.50651,2
500113008,20231020,892,43,41,1,25.02594,121.50651,2
500113008,20231020,893,43,41,1,25.02594,121.50651,2
500113008,20231020,894,43,41,1,25.02594,121.50651,2
500113008,20231020,895,43,41,1,25.02594,121.50651,2
500113008,20231020,896,43,41,1,25.02594,121.50651,2
500113008,20231020,897,43,41,1,25.02594,121.50651,2
500113008,20231020,898,43,41,1,25.02594,121.50651,2
500113008,20231020,899,43,41,1,25.02594,121.50651,2
500113008,20231020,901,43,41,1,25.02594,121.50651,2
500113008,20231020,902,43,41,1,25.02594,121.50651,2
500113008,20231020,903,43,41,1,25.02594,121.50651,2
500113008,20231020,904,43,41,1,25.02594,121.50651,2
500113008,20231020,905,43,41,1,25.02594,121.50651,2
500113008,20231020,906,43,41,1,25.02594,121.50651,2
500113008,20231020,907,43,41,1,25.02594,121.50651,2
500113008,20231020,908,43,41,1,25.02594,121.50651,2
500113008,20231020,909,43,41,1,25.02594,121.50651,2
500113008,20231020,910,43,40,1,25.02594,121.50651,3
500113008,20231020,911,43,40,1,25.02594,121.50651,3
500113008,20231020,912,43,40,1,25.02594,121.50651,3
500113008,20231020,913,43,40,1,25.02594,121.50651,3
500113008,20231020,914,43,40,1,25.02594,121.50651,3
500113008,20231020,915,43,40,1,25.02594,121.50651,3
500113008,20231020,916,43,40,1,25.02594,121.50651,3
500113008,20231020,917,43,40,1,25.02594,121.50651,3
500113008,20231020,918,43,40,1,25.02594,121.50651,3
500113008,20231020,919,43,40,1,25.02594,121.50651,3
500113008,20231020,921,43,40,1,25.02594,121.50651,3
500113008,20231020,922,43,40,1,25.02594,121.50651,3
500113008,20231020,923,43,40,1,25.02594,121.50651,3
500113008,20231020,924,43,40,1,25.02594,121.50651,3
500113008,20231020,925,43,40,1,25.02594,121.50651,3
500113008,20231020,926,43,40,1,25.02594,121.50651,3
500113008,20231020,927,43,40,1,25.02594,121.50651,3
500113008,20231020,928,43,40,1,25.02594,121.50651,3
500113008,20231020,929,43,40,1,25.02594,121.50651,3
500113008,20231020,930,43,40,1,25.02594,121.50651,3
500113008,20231020,931,43,40,1,25.02594,121.50651,3
500113008,20231020,932,43,40,1,25.02594,121.50651,3
500113008,20231020,933,43,40,1,25.02594,121.50651,3
500113008,20231020,934,43,40,1,25.02594,121.50651,3
500113008,20231020,935,43,40,1,25.02594,121.50651,3
500113008,20231020,936,43,40,1,25.02594,121.50651,3
500113008,20231020,938,43,40,1,25.02594,121.50651,3
500113008,20231020,939,43,40,1,25.02594,121.50651,3
500113008,20231020,940,43,40,1,25.02594,121.50651,3
500113008,20231020,941,43,40,1,25.02594,121.50651,3
500113008,20231020,942,43,40,1,25.02594,121.50651,3
500113008,20231020,943,43,40,1,25.02594,121.50651,3
500113008,20231020,944,43,40,1,25.02594,121.50651,3
500113008,20231020,945,43,40,1,25.02594,121.50651,3
500113008,20231020,946,43,40,1,25.02594,121.50651,3
500113008,20231020,947,43,40,1,25.02594,121.50651,3
500113008,20231020,948,43,40,1,25.02594,121.50651,3
500113008,20231020,949,43,40,1,25.02594,121.50651,3
500113008,20231020,950,43,40,1,25.02594,121.50651,3
500113008,20231020,951,43,41,1,25.02594,121.50651,2
500113008,20231020,952,43,41,1,25.02594,121.50651,2
500113008,20231020,953,43,41,1,25.02594,121.50651,2
500113008,20231020,954,43,41,1,25.02594,121.50651,2
500113008,20231020,955,43,41,1,25.02594,121.50651,2
500113008,20231020,956,43,41,1,25.02594,121.50651,2
500113008,20231020,957,43,41,1,25.02594,121.50651,2
500113008,20231020,958,43,41,1,25.02594,121.50651,2
500113008,20231020,959,43,41,1,25.02594,121.50651,2
500113008,20231020,961,43,41,1,25.02594,121.50651,2
500113008,20231020,962,43,41,1,25.02594,121.50651,2
500113008,20231020,963,43,42,1,25.02594,121.50651,1
500113008,20231020,964,43,42,1,25.02594,121.50651,1
500113008,20231020,965,43,42,1,25.02594,121.50651,1
500113008,20231020,966,43,42,1,25.02594,121.50651,1
500113008,20231020,967,43,42,1,25.02594,121.50651,1
500113008,20231020,968,43,42,1,25.02594,121.50651,1
500113008,20231020,969,43,42,1,25.02594,121.50651,1
500113008,20231020,970,43,42,1,25.02594,121.50651,1
500113008,20231020,971,43,42,1,25.02594,121.50651,1
500113008,20231020,972,43,42,1,25.02594,121.50651,1
500113008,20231020,973,43,42,1,25.02594,121.50651,1
500113008,20231020,974,43,42,1,25.02594,121.50651,1
500113008,20231020,975,43,42,1,25.02594,121.50651,1
500113008,20231020,976,43,42,1,25.02594,121.50651,1
500113008,20231020,977,43,42,1,25.02594,121.50651,1
500113008,20231020,978,43,42,1,25.02594,121.50651,1
500113008,20231020,979,43,43,1,25.02594,121.50651,0
500113008,20231020,981,43,43,1,25.02594,121.50651,0
500113008,20231020,982,43,43,1,25.02594,121.50651,0
500113008,20231020,983,43,43,1,25.02594,121.50651,0
500113008,20231020,984,43,43,1,25.02594,121.50651,0
500113008,20231020,985,43,43,1,25.02594,121.50651,0
500113008,20231020,986,43,42,1,25.02594,121.50651,1
500113008,20231020,987,43,42,1,25.02594,121.50651,1
500113008,20231020,988,43,42,1,25.02594,121.50651,1
500113008,20231020,989,43,42,1,25.02594,121.50651,1
500113008,20231020,991,43,42,1,25.02594,121.50651,1
500113008,20231020,992,43,42,1,25.02594,121.50651,1
500113008,20231020,993,43,42,1,25.02594,121.50651,1
500113008,20231020,994,43,42,1,25.02594,121.50651,1
500113008,20231020,995,43,42,1,25.02594,121.50651,1
500113008,20231020,996,43,42,1,25.02594,121.50651,1
500113008,20231020,997,43,42,1,25.02594,121.50651,1
500113008,20231020,998,43,42,1,25.02594,121.50651,1
500113008,20231020,999,43,42,1,25.02594,121.50651,1
500113008,20231020,1000,43,42,1,25.02594,121.50651,1
500113008,20231020,1001,43,42,1,25.02594,121.50651,1
500113008,20231020,1002,43,42,1,25.02594,121.50651,1
500113008,20231020,1003,43,42,1,25.02594,121.50651,1
500113008,20231020,1004,43,42,1,25.02594,121.50651,1
500113008,20231020,1005,43,42,1,25.02594,121.50651,1
500113008,20231020,1006,43,42,1,25.02594,121.50651,1
500113008,20231020,1007,43,42,1,25.02594,121.50651,1
500113008,20231020,1008,43,42,1,25.02594,121.50651,1
500113008,20231020,1009,43,42,1,25.02594,121.50651,1
500113008,20231020,1010,43,42,1,25.02594,121.50651,1
500113008,20231020,1011,43,43,1,25.02594,121.50651,0
500113008,20231020,1012,43,42,1,25.02594,121.50651,1
500113008,20231020,1013,43,42,1,25.02594,121.50651,1
500113008,20231020,1014,43,42,1,25.02594,121.50651,1
500113008,20231020,1015,43,42,1,25.02594,121.50651,1
500113008,20231020,1016,43,43,1,25.02594,121.50651,0
500113008,20231020,1017,43,43,1,25.02594,121.50651,0
500113008,20231020,1018,43,43,1,25.02594,121.50651,0
500113008,20231020,1019,43,43,1,25.02594,121.50651,0
500113008,20231020,1021,43,43,1,25.02594,121.50651,0
500113008,20231020,1022,43,42,1,25.02594,121.50651,1
500113008,20231020,1023,43,42,1,25.02594,121.50651,1
500113008,20231020,1024,43,42,1,25.02594,121.50651,1
500113008,20231020,1025,43,41,1,25.02594,121.50651,2
500113008,20231020,1026,43,41,1,25.02594,121.50651,2
500113008,20231020,1027,43,41,1,25.02594,121.50651,2
500113008,20231020,1028,43,41,1,25.02594,121.50651,2
500113008,20231020,1029,43,41,1,25.02594,121.50651,2
500113008,20231020,1030,43,41,1,25.02594,121.50651,2
500113008,20231020,1031,43,42,1,25.02594,121.50651,1
500113008,20231020,1032,43,42,1,25.02594,121.50651,1
500113008,20231020,1033,43,43,1,25.02594,121.50651,0
500113008,20231020,1034,43,43,1,25.02594,121.50651,0
500113008,20231020,1035,43,43,1,25.02594,121.50651,0
500113008,20231020,1036,43,43,1,25.02594,121.50651,0
500113008,20231020,1037,43,43,1,25.02594,121.50651,0
500113008,20231020,1038,43,43,1,25.02594,121.50651,0
500113008,20231020,1039,43,43,1,25.02594,121.50651,0
500113008,20231020,1041,43,43,1,25.02594,121.50651,0
500113008,20231020,1042,43,43,1,25.02594,121.50651,0
500113008,20231020,1043,43,43,1,25.02594,121.50651,0
500113008,20231020,1044,43,43,1,25.02594,121.50651,0
500113008,20231020,1045,43,43,1,25.02594,121.50651,0
500113008,20231020,1046,43,43,1,25.02594,121.50651,0
500113008,20231020,1047,43,43,1,25.02594,121.50651,0
500113008,20231020,1048,43,43,1,25.02594,121.50651,0
500113008,20231020,1049,43,42,1,25.02594,121.50651,1
500113008,20231020,1051,43,42,1,25.02594,121.50651,1
500113008,20231020,1052,43,42,1,25.02594,121.50651,1
500113008,20231020,1053,43,42,1,25.02594,121.50651,1
500113008,20231020,1054,43,42,1,25.02594,121.50651,1
500113008,20231020,1055,43,42,1,25.02594,121.50651,1
500113008,20231020,1056,43,42,1,25.02594,121.50651,1
500113008,20231020,1057,43,42,1,25.02594,121.50651,1
500113008,20231020,1058,43,42,1,25.02594,121.50651,1
500113008,20231020,1059,43,42,1,25.02594,121.50651,1
500113008,20231020,1060,43,42,1,25.02594,121.50651,1
500113008,20231020,1061,43,42,1,25.02594,121.50651,1
500113008,20231020,1062,43,43,1,25.02594,121.50651,0
500113008,20231020,1063,43,43,1,25.02594,121.50651,0
500113008,20231020,1064,43,43,1,25.02594,121.50651,0
500113008,20231020,1065,43,43,1,25.02594,121.50651,0
500113008,20231020,1066,43,42,1,25.02594,121.50651,1
500113008,20231020,1067,43,42,1,25.02594,121.50651,1
500113008,20231020,1068,43,42,1,25.02594,121.50651,1
500113008,20231020,1069,43,42,1,25.02594,121.50651,1
500113008,20231020,1070,43,42,1,25.02594,121.50651,1
500113008,20231020,1071,43,42,1,25.02594,121.50651,1
500113008,20231020,1072,43,42,1,25.02594,121.50651,1
500113008,20231020,1073,43,42,1,25.02594,121.50651,1
500113008,20231020,1074,43,42,1,25.02594,121.50651,1
500113008,20231020,1075,43,42,1,25.02594,121.50651,1
500113008,20231020,1076,43,42,1,25.02594,121.50651,1
500113008,20231020,1077,43,42,1,25.02594,121.50651,1
500113008,20231020,1078,43,41,1,25.02594,121.50651,2
500113008,20231020,1079,43,41,1,25.02594,121.50651,2
500113008,20231020,1081,43,41,1,25.02594,121.50651,2
500113008,20231020,1082,43,41,1,25.02594,121.50651,2
500113008,20231020,1083,43,41,1,25.02594,121.50651,2
500113008,20231020,1084,43,41,1,25.02594,121.50651,2
500113008,20231020,1085,43,41,1,25.02594,121.50651,2
500113008,20231020,1086,43,41,1,25.02594,121.50651,2
500113008,20231020,1087,43,41,1,25.02594,121.50651,2
500113008,20231020,1088,43,41,1,25.02594,121.50651,2
500113008,20231020,1089,43,42,1,25.02594,121.50651,1
500113008,20231020,1090,43,42,1,25.02594,121.50651,1
500113008,20231020,1091,43,42,1,25.02594,121.50651,1
500113008,20231020,1092,43,42,1,25.02594,121.50651,1
500113008,20231020,1093,43,42,1,25.02594,121.50651,1
500113008,20231020,1094,43,42,1,25.02594,121.50651,1
500113008,20231020,1095,43,43,1,25.02594,121.50651,0
500113008,20231020,1096,43,43,1,25.02594,121.50651,0
500113008,20231020,1097,43,43,1,25.02594,121.50651,0
500113008,20231020,1098,43,43,1,25.02594,121.50651,0
500113008,20231020,1099,43,43,1,25.02594,121.50651,0
500113008,20231020,1101,43,43,1,25.02594,121.50651,0
500113008,20231020,1102,43,43,1,25.02594,121.50651,0
500113008,20231020,1103,43,42,1,25.02594,121.50651,1
500113008,20231020,1104,43,42,1,25.02594,121.50651,1
500113008,20231020,1105,43,42,1,25.02594,121.50651,1
500113008,20231020,1106,43,42,1,25.02594,121.50651,1
500113008,20231020,1107,43,41,1,25.02594,121.50651,2
500113008,20231020,1108,43,41,1,25.02594,121.50651,2
500113008,20231020,1109,43,41,1,25.02594,121.50651,2
500113008,20231020,1111,43,41,1,25.02594,121.50651,2
500113008,20231020,1112,43,41,1,25.02594,121.50651,2
500113008,20231020,1113,43,41,1,25.02594,121.50651,2
500113008,20231020,1114,43,41,1,25.02594,121.50651,2
500113008,20231020,1115,43,41,1,25.02594,121.50651,2
500113008,20231020,1116,43,41,1,25.02594,121.50651,2
500113008,20231020,1117,43,41,1,25.02594,121.50651,2
500113008,20231020,1118,43,41,1,25.02594,121.50651,2
500113008,20231020,1119,43,41,1,25.02594,121.50651,2
500113008,20231020,1120,43,41,1,25.02594,121.50651,2
500113008,20231020,1121,43,41,1,25.02594,121.50651,2
500113008,20231020,1122,43,41,1,25.02594,121.50651,2
500113008,20231020,1123,43,41,1,25.02594,121.50651,2
500113008,20231020,1124,43,41,1,25.02594,121.50651,2
500113008,20231020,1125,43,41,1,25.02594,121.50651,2
500113008,20231020,1126,43,41,1,25.02594,121.50651,2
500113008,20231020,1127,43,41,1,25.02594,121.50651,2
500113008,20231020,1128,43,41,1,25.02594,121.50651,2
500113008,20231020,1129,43,41,1,25.02594,121.50651,2
500113008,20231020,1130,43,41,1,25.02594,121.50651,2
500113008,20231020,1131,43,41,1,25.02594,121.50651,2
500113008,20231020,1132,43,40,1,25.02594,121.50651,3
500113008,20231020,1133,43,40,1,25.02594,121.50651,3
500113008,20231020,1134,43,40,1,25.02594,121.50651,3
500113008,20231020,1135,43,40,1,25.02594,121.50651,3
500113008,20231020,1136,43,39,1,25.02594,121.50651,4
500113008,20231020,1137,43,39,1,25.02594,121.50651,4
500113008,20231020,1138,43,39,1,25.02594,121.50651,4
500113008,20231020,1139,43,39,1,25.02594,121.50651,4
500113008,20231020,1141,43,38,1,25.02594,121.50651,5
500113008,20231020,1142,43,38,1,25.02594,121.50651,5
500113008,20231020,1143,43,38,1,25.02594,121.50651,5
500113008,20231020,1144,43,38,1,25.02594,121.50651,5
500113008,20231020,1145,43,38,1,25.02594,121.50651,5
500113008,20231020,1146,43,38,1,25.02594,121.50651,5
500113008,20231020,1147,43,37,1,25.02594,121.50651,6
500113008,20231020,1148,43,37,1,25.02594,121.50651,6
500113008,20231020,1149,43,37,1,25.02594,121.50651,6
500113008,20231020,1150,43,37,1,25.02594,121.50651,6
500113008,20231020,1151,43,37,1,25.02594,121.50651,6
500113008,20231020,1152,43,37,1,25.02594,121.50651,6
500113008,20231020,1153,43,37,1,25.02594,121.50651,6
500113008,20231020,1154,43,37,1,25.02594,121.50651,6
500113008,20231020,1155,43,37,1,25.02594,121.50651,6
500113008,20231020,1156,43,37,1,25.02594,121.50651,6
500113008,20231020,1157,43,36,1,25.02594,121.50651,7
500113008,20231020,1158,43,36,1,25.02594,121.50651,7
500113008,20231020,1159,43,36,1,25.02594,121.50651,7
500113008,20231020,1161,43,36,1,25.02594,121.50651,7
500113008,20231020,1162,43,37,1,25.02594,121.50651,6
500113008,20231020,1163,43,37,1,25.02594,121.50651,6
500113008,20231020,1164,43,37,1,25.02594,121.50651,6
500113008,20231020,1165,43,37,1,25.02594,121.50651,6
500113008,20231020,1166,43,38,1,25.02594,121.50651,5
500113008,20231020,1167,43,38,1,25.02594,121.50651,5
500113008,20231020,1168,43,38,1,25.02594,121.50651,5
500113008,20231020,1169,43,38,1,25.02594,121.50651,5
500113008,20231020,1171,43,36,1,25.02594,121.50651,7
500113008,20231020,1172,43,36,1,25.02594,121.50651,7
500113008,20231020,1173,43,36,1,25.02594,121.50651,7
500113008,20231020,1174,43,36,1,25.02594,121.50651,7
500113008,20231020,1175,43,36,1,25.02594,121.50651,7
500113008,20231020,1176,43,36,1,25.02594,121.50651,7
500113008,20231020,1177,43,35,1,25.02594,121.50651,8
500113008,20231020,1178,43,35,1,25.02594,121.50651,8
500113008,20231020,1179,43,35,1,25.02594,121.50651,8
500113008,20231020,1180,43,35,1,25.02594,121.50651,8
500113008,20231020,1181,43,35,1,25.02594,121.50651,8
500113008,20231020,1182,43,35,1,25.02594,121.50651,8
500113008,20231020,1183,43,36,1,25.02594,121.50651,7
500113008,20231020,1184,43,36,1,25.02594,121.50651,7
500113008,20231020,1185,43,36,1,25.02594,121.50651,7
500113008,20231020,1186,43,36,1,25.02594,121.50651,7
500113008,20231020,1187,43,36,1,25.02594,121.50651,7
500113008,20231020,1188,43,36,1,25.02594,121.50651,7
500113008,20231020,1189,43,36,1,25.02594,121.50651,7
500113008,20231020,1190,43,36,1,25.02594,121.50651,7
500113008,20231020,1191,43,36,1,25.02594,121.50651,7
500113008,20231020,1192,43,34,1,25.02594,121.50651,9
500113008,20231020,1193,43,34,1,25.02594,121.50651,9
500113008,20231020,1194,43,34,1,25.02594,121.50651,9
500113008,20231020,1195,43,34,1,25.02594,121.50651,9
500113008,20231020,1196,43,34,1,25.02594,121.50651,9
500113008,20231020,1197,43,34,1,25.02594,121.50651,9
500113008,20231020,1198,43,34,1,25.02594,121.50651,9
500113008,20231020,1199,43,33,1,25.02594,121.50651,10
500113008,20231020,1201,43,33,1,25.02594,121.50651,10
500113008,20231020,1202,43,33,1,25.02594,121.50651,10
500113008,20231020,1203,43,33,1,25.02594,121.50651,10
500113008,20231020,1204,43,33,1,25.02594,121.50651,10
500113008,20231020,1205,43,33,1,25.02594,121.50651,10
500113008,20231020,1206,43,33,1,25.02594,121.50651,10
500113008,20231020,1207,43,33,1,25.02594,121.50651,10
500113008,20231020,1208,43,33,1,25.02594,121.50651,10
500113008,20231020,1209,43,33,1,25.02594,121.50651,10
500113008,20231020,1210,43,33,1,25.02594,121.50651,10
500113008,20231020,1211,43,33,1,25.02594,121.50651,10
500113008,20231020,1212,43,33,1,25.02594,121.50651,10
500113008,20231020,1213,43,33,1,25.02594,121.50651,10
500113008,20231020,1214,43,33,1,25.02594,121.50651,10
500113008,20231020,1215,43,33,1,25.02594,121.50651,10
500113008,20231020,1216,43,33,1,25.02594,121.50651,10
500113008,20231020,1217,43,33,1,25.02594,121.50651,10
500113008,20231020,1218,43,33,1,25.02594,121.50651,10
500113008,20231020,1219,43,33,1,25.02594,121.50651,10
500113008,20231020,1221,43,33,1,25.02594,121.50651,10
500113008,20231020,1222,43,33,1,25.02594,121.50651,10
500113008,20231020,1223,43,33,1,25.02594,121.50651,10
500113008,20231020,1224,43,33,1,25.02594,121.50651,10
500113008,20231020,1225,43,33,1,25.02594,121.50651,10
500113008,20231020,1226,43,33,1,25.02594,121.50651,10
500113008,20231020,1227,43,33,1,25.02594,121.50651,10
500113008,20231020,1228,43,33,1,25.02594,121.50651,10
500113008,20231020,1230,43,33,1,25.02594,121.50651,10
500113008,20231020,1231,43,33,1,25.02594,121.50651,10
500113008,20231020,1232,43,33,1,25.02594,121.50651,10
500113008,20231020,1233,43,33,1,25.02594,121.50651,10
500113008,20231020,1234,43,33,1,25.02594,121.50651,10
500113008,20231020,1235,43,33,1,25.02594,121.50651,10
500113008,20231020,1236,43,34,1,25.02594,121.50651,9
500113008,20231020,1237,43,34,1,25.02594,121.50651,9
500113008,20231020,1238,43,34,1,25.02594,121.50651,9
500113008,20231020,1239,43,34,1,25.02594,121.50651,9
500113008,20231020,1240,43,34,1,25.02594,121.50651,9
500113008,20231020,1241,43,34,1,25.02594,121.50651,9
500113008,20231020,1242,43,34,1,25.02594,121.50651,9
500113008,20231020,1243,43,34,1,25.02594,121.50651,9
500113008,20231020,1244,43,34,1,25.02594,121.50651,9
500113008,20231020,1245,43,34,1,25.02594,121.50651,9
500113008,20231020,1246,43,34,1,25.02594,121.50651,9
500113008,20231020,1247,43,34,1,25.02594,121.50651,9
500113008,20231020,1248,43,34,1,25.02594,121.50651,9
500113008,20231020,1249,43,34,1,25.02594,121.50651,9
500113008,20231020,1250,43,33,1,25.02594,121.50651,10
500113008,20231020,1251,43,33,1,25.02594,121.50651,10
500113008,20231020,1252,43,33,1,25.02594,121.50651,10
500113008,20231020,1253,43,33,1,25.02594,121.50651,10
500113008,20231020,1254,43,33,1,25.02594,121.50651,10
500113008,20231020,1255,43,33,1,25.02594,121.50651,10
500113008,20231020,1256,43,33,1,25.02594,121.50651,10
500113008,20231020,1257,43,33,1,25.02594,121.50651,10
500113008,20231020,1258,43,33,1,25.02594,121.50651,10
500113008,20231020,1259,43,33,1,25.02594,121.50651,10
500113008,20231020,1261,43,32,1,25.02594,121.50651,11
500113008,20231020,1262,43,32,1,25.02594,121.50651,11
500113008,20231020,1263,43,32,1,25.02594,121.50651,11
500113008,20231020,1264,43,32,1,25.02594,121.50651,11
500113008,20231020,1265,43,32,1,25.02594,121.50651,11
500113008,20231020,1266,43,32,1,25.02594,121.50651,11
500113008,20231020,1267,43,32,1,25.02594,121.50651,11
500113008,20231020,1268,43,33,1,25.02594,121.50651,10
500113008,20231020,1269,43,33,1,25.02594,121.50651,10
500113008,20231020,1270,43,33,1,25.02594,121.50651,10
500113008,20231020,1271,43,33,1,25.02594,121.50651,10
500113008,20231020,1272,43,32,1,25.02594,121.50651,11
500113008,20231020,1273,43,32,1,25.02594,121.50651,11
500113008,20231020,1274,43,32,1,25.02594,121.50651,11
500113008,20231020,1275,43,31,1,25.02594,121.50651,12
500113008,20231020,1276,43,31,1,25.02594,121.50651,12
500113008,20231020,1277,43,31,1,25.02594,121.50651,12
500113008,20231020,1278,43,31,1,25.02594,121.50651,12
500113008,20231020,1279,43,31,1,25.02594,121.50651,12
500113008,20231020,1281,43,32,1,25.02594,121.50651,11
500113008,20231020,1282,43,32,1,25.02594,121.50651,11
500113008,20231020,1283,43,32,1,25.02594,121.50651,11
500113008,20231020,1284,43,32,1,25.02594,121.50651,11
500113008,20231020,1285,43,32,1,25.02594,121.50651,11
500113008,20231020,1286,43,32,1,25.02594,121.50651,11
500113008,20231020,1287,43,32,1,25.02594,121.50651,11
500113008,20231020,1288,43,33,1,25.02594,121.50651,10
500113008,20231020,1289,43,33,1,25.02594,121.50651,10
500113008,20231020,1291,43,33,1,25.02594,121.50651,10
500113008,20231020,1292,43,33,1,25.02594,121.50651,10
500113008,20231020,1293,43,33,1,25.02594,121.50651,10
500113008,20231020,1294,43,33,1,25.02594,121.50651,10
500113008,20231020,1295,43,33,1,25.02594,121.50651,10
500113008,20231020,1296,43,33,1,25.02594,121.50651,10
500113008,20231020,1297,43,32,1,25.02594,121.50651,11
500113008,20231020,1298,43,32,1,25.02594,121.50651,11
500113008,20231020,1299,43,32,1,25.02594,121.50651,11
500113008,20231020,1300,43,32,1,25.02594,121.50651,11
500113008,20231020,1301,43,32,1,25.02594,121.50651,11
500113008,20231020,1302,43,32,1,25.02594,121.50651,11
500113008,20231020,1303,43,32,1,25.02594,121.50651,11
500113008,20231020,1304,43,32,1,25.02594,121.50651,11
500113008,20231020,1305,43,33,1,25.02594,121.50651,10
500113008,20231020,1306,43,32,1,25.02594,121.50651,11
500113008,20231020,1307,43,33,1,25.02594,121.50651,10
500113008,20231020,1308,43,34,1,25.02594,121.50651,9
500113008,20231020,1309,43,34,1,25.02594,121.50651,9
500113008,20231020,1310,43,34,1,25.02594,121.50651,9
500113008,20231020,1311,43,34,1,25.02594,121.50651,9
500113008,20231020,1312,43,33,1,25.02594,121.50651,10
500113008,20231020,1313,43,33,1,25.02594,121.50651,10
500113008,20231020,1314,43,33,1,25.02594,121.50651,10
500113008,20231020,1315,43,33,1,25.02594,121.50651,10
500113008,20231020,1316,43,33,1,25.02594,121.50651,10
500113008,20231020,1317,43,33,1,25.02594,121.50651,10
500113008,20231020,1318,43,33,1,25.02594,121.50651,10
500113008,20231020,1319,43,33,1,25.02594,121.50651,10
500113008,20231020,1321,43,33,1,25.02594,121.50651,10
500113008,20231020,1322,43,33,1,25.02594,121.50651,10
500113008,20231020,1323,43,33,1,25.02594,121.50651,10
500113008,20231020,1324,43,33,1,25.02594,121.50651,10
500113008,20231020,1325,43,33,1,25.02594,121.50651,10
500113008,20231020,1326,43,33,1,25.02594,121.50651,10
500113008,20231020,1327,43,33,1,25.02594,121.50651,10
500113008,20231020,1328,43,33,1,25.02594,121.50651,10
500113008,20231020,1329,43,33,1,25.02594,121.50651,10
500113008,20231020,1330,43,33,1,25.02594,121.50651,10
500113008,20231020,1331,43,33,1,25.02594,121.50651,10
500113008,20231020,1332,43,33,1,25.02594,121.50651,10
500113008,20231020,1333,43,33,1,25.02594,121.50651,10
500113008,20231020,1334,43,33,1,25.02594,121.50651,10
500113008,20231020,1335,43,33,1,25.02594,121.50651,10
500113008,20231020,1336,43,33,1,25.02594,121.50651,10
500113008,20231020,1337,43,34,1,25.02594,121.50651,9
500113008,20231020,1338,43,34,1,25.02594,121.50651,9
500113008,20231020,1339,43,34,1,25.02594,121.50651,9
500113008,20231020,1341,43,34,1,25.02594,121.50651,9
500113008,20231020,1342,43,34,1,25.02594,121.50651,9
500113008,20231020,1343,43,34,1,25.02594,121.50651,9
500113008,20231020,1344,43,34,1,25.02594,121.50651,9
500113008,20231020,1345,43,34,1,25.02594,121.50651,9
500113008,20231020,1346,43,34,1,25.02594,121.50651,9
500113008,20231020,1347,43,34,1,25.02594,121.50651,9
500113008,20231020,1348,43,34,1,25.02594,121.50651,9
500113008,20231020,1349,43,34,1,25.02594,121.50651,9
500113008,20231020,1350,43,34,1,25.02594,121.50651,9
500113008,20231020,1351,43,34,1,25.02594,121.50651,9
500113008,20231020,1352,43,34,1,25.02594,121.50651,9
500113008,20231020,1353,43,35,1,25.02594,121.50651,8
500113008,20231020,1354,43,35,1,25.02594,121.50651,8
500113008,20231020,1355,43,34,1,25.02594,121.50651,9
500113008,20231020,1356,43,34,1,25.02594,121.50651,9
500113008,20231020,1357,43,34,1,25.02594,121.50651,9
500113008,20231020,1358,43,34,1,25.02594,121.50651,9
500113008,20231020,1359,43,34,1,25.02594,121.50651,9
500113008,20231020,1360,43,34,1,25.02594,121.50651,9
500113008,20231020,1361,43,34,1,25.02594,121.50651,9
500113008,20231020,1362,43,34,1,25.02594,121.50651,9
500113008,20231020,1363,43,34,1,25.02594,121.50651,9
500113008,20231020,1364,43,34,1,25.02594,121.50651,9
500113008,20231020,1365,43,34,1,25.02594,121.50651,9
500113008,20231020,1366,43,34,1,25.02594,121.50651,9
500113008,20231020,1367,43,34,1,25.02594,121.50651,9
500113008,20231020,1368,43,34,1,25.02594,121.50651,9
500113008,20231020,1369,43,34,1,25.02594,121.50651,9
500113008,20231020,1370,43,34,1,25.02594,121.50651,9
500113008,20231020,1371,43,34,1,25.02594,121.50651,9
500113008,20231020,1372,43,34,1,25.02594,121.50651,9
500113008,20231020,1373,43,34,1,25.02594,121.50651,9
500113008,20231020,1374,43,34,1,25.02594,121.50651,9
500113008,20231020,1375,43,34,1,25.02594,121.50651,9
500113008,20231020,1376,43,34,1,25.02594,121.50651,9
500113008,20231020,1377,43,34,1,25.02594,121.50651,9
500113008,20231020,1378,43,34,1,25.02594,121.50651,9
500113008,20231020,1379,43,34,1,25.02594,121.50651,9
500113008,20231020,1381,43,34,1,25.02594,121.50651,9
500113008,20231020,1382,43,34,1,25.02594,121.50651,9
500113008,20231020,1383,43,34,1,25.02594,121.50651,9
500113008,20231020,1384,43,34,1,25.02594,121.50651,9
500113008,20231020,1385,43,34,1,25.02594,121.50651,9
500113008,20231020,1386,43,35,1,25.02594,121.50651,8
500113008,20231020,1387,43,35,1,25.02594,121.50651,8
500113008,20231020,1388,43,35,1,25.02594,121.50651,8
500113008,20231020,1389,43,35,1,25.02594,121.50651,8
500113008,20231020,1390,43,35,1,25.02594,121.50651,8
500113008,20231020,1391,43,35,1,25.02594,121.50651,8
500113008,20231020,1392,43,35,1,25.02594,121.50651,8
500113008,20231020,1393,43,34,1,25.02594,121.50651,9
500113008,20231020,1394,43,34,1,25.02594,121.50651,9
500113008,20231020,1395,43,34,1,25.02594,121.50651,9
500113008,20231020,1396,43,34,1,25.02594,121.50651,9
500113008,20231020,1397,43,34,1,25.02594,121.50651,9
500113008,20231020,1398,43,34,1,25.02594,121.50651,9
500113008,20231020,1399,43,34,1,25.02594,121.50651,9
500113008,20231020,1401,43,35,1,25.02594,121.50651,8
500113008,20231020,1402,43,35,1,25.02594,121.50651,8
500113008,20231020,1403,43,35,1,25.02594,121.50651,8
500113008,20231020,1404,43,35,1,25.02594,121.50651,8
500113008,20231020,1405,43,35,1,25.02594,121.50651,8
500113008,20231020,1406,43,36,1,25.02594,121.50651,7
500113008,20231020,1407,43,36,1,25.02594,121.50651,7
500113008,20231020,1408,43,36,1,25.02594,121.50651,7
500113008,20231020,1409,43,36,1,25.02594,121.50651,7
500113008,20231020,1410,43,36,1,25.02594,121.50651,7
500113008,20231020,1411,43,36,1,25.02594,121.50651,7
500113008,20231020,1412,43,37,1,25.02594,121.50651,6
500113008,20231020,1413,43,37,1,25.02594,121.50651,6
500113008,20231020,1414,43,37,1,25.02594,121.50651,6
500113008,20231020,1415,43,37,1,25.02594,121.50651,6
500113008,20231020,1416,43,37,1,25.02594,121.50651,6
500113008,20231020,1417,43,37,1,25.02594,121.50651,6
500113008,20231020,1418,43,37,1,25.02594,121.50651,6
500113008,20231020,1419,43,37,1,25.02594,121.50651,6
500113008,20231020,1420,43,37,1,25.02594,121.50651,6
500113008,20231020,1421,43,37,1,25.02594,121.50651,6
500113008,20231020,1422,43,37,1,25.02594,121.50651,6
500113008,20231020,1423,43,37,1,25.02594,121.50651,6
500113008,20231020,1424,43,37,1,25.02594,121.50651,6
500113008,20231020,1425,43,37,1,25.02594,121.50651,6
500113008,20231020,1426,43,37,1,25.02594,121.50651,6
500113008,20231020,1427,43,37,1,25.02594,121.50651,6
500113008,20231020,1428,43,36,1,25.02594,121.50651,7
500113008,20231020,1429,43,36,1,25.02594,121.50651,7
500113008,20231020,1430,43,36,1,25.02594,121.50651,7
500113008,20231020,1431,43,36,1,25.02594,121.50651,7
500113008,20231020,1432,43,36,1,25.02594,121.50651,7
500113008,20231020,1433,43,35,1,25.02594,121.50651,8
500113008,20231020,1434,43,36,1,25.02594,121.50651,7
500113008,20231020,1435,43,36,1,25.02594,121.50651,7
500113008,20231020,1436,43,36,1,25.02594,121.50651,7
500113008,20231020,1437,43,36,1,25.02594,121.50651,7
500113008,20231020,1438,43,35,1,25.02594,121.50651,8
500113008,20231020,1439,43,35,1,25.02594,121.50651,8
500113008,20231025,0,43,3,1,25.02594,121.50651,40
500113008,20231025,1,43,3,1,25.02594,121.50651,40
500113008,20231025,2,43,3,1,25.02594,121.50651,40
500113008,20231025,3,43,3,1,25.02594,121.50651,40
500113008,20231025,4,43,3,1,25.02594,121.50651,40
500113008,20231025,5,43,3,1,25.02594,121.50651,40
500113008,20231025,6,43,3,1,25.02594,121.50651,40
500113008,20231025,7,43,3,1,25.02594,121.50651,40
500113008,20231025,8,43,3,1,25.02594,121.50651,40
500113008,20231025,9,43,7,1,25.02594,121.50651,36
500113008,20231025,10,43,9,1,25.02594,121.50651,34
500113008,20231025,11,43,9,1,25.02594,121.50651,34
500113008,20231025,12,43,9,1,25.02594,121.50651,34
500113008,20231025,13,43,9,1,25.02594,121.50651,34
500113008,20231025,14,43,9,1,25.02594,121.50651,34
500113008,20231025,15,43,9,1,25.02594,121.50651,34
500113008,20231025,16,43,9,1,25.02594,121.50651,34
500113008,20231025,17,43,8,1,25.02594,121.50651,35
500113008,20231025,18,43,8,1,25.02594,121.50651,35
500113008,20231025,19,43,7,1,25.02594,121.50651,36
500113008,20231025,21,43,6,1,25.02594,121.50651,37
500113008,20231025,22,43,5,1,25.02594,121.50651,38
500113008,20231025,23,43,5,1,25.02594,121.50651,38
500113008,20231025,24,43,5,1,25.02594,121.50651,38
500113008,20231025,25,43,5,1,25.02594,121.50651,38
500113008,20231025,26,43,5,1,25.02594,121.50651,38
500113008,20231025,27,43,5,1,25.02594,121.50651,38
500113008,20231025,28,43,5,1,25.02594,121.50651,38
500113008,20231025,29,43,5,1,25.02594,121.50651,38
500113008,20231025,30,43,5,1,25.02594,121.50651,38
500113008,20231025,31,43,5,1,25.02594,121.50651,38
500113008,20231025,32,43,5,1,25.02594,121.50651,38
500113008,20231025,33,43,5,1,25.02594,121.50651,38
500113008,20231025,34,43,5,1,25.02594,121.50651,38
500113008,20231025,35,43,5,1,25.02594,121.50651,38
500113008,20231025,36,43,5,1,25.02594,121.50651,38
500113008,20231025,37,43,5,1,25.02594,121.50651,38
500113008,20231025,38,43,5,1,25.02594,121.50651,38
500113008,20231025,39,43,5,1,25.02594,121.50651,38
500113008,20231025,40,43,5,1,25.02594,121.50651,38
500113008,20231025,41,43,5,1,25.02594,121.50651,38
500113008,20231025,42,43,5,1,25.02594,121.50651,38
500113008,20231025,43,43,5,1,25.02594,121.50651,38
500113008,20231025,44,43,5,1,25.02594,121.50651,38
500113008,20231025,45,43,5,1,25.02594,121.50651,38
500113008,20231025,46,43,4,1,25.02594,121.50651,39
500113008,20231025,47,43,4,1,25.02594,121.50651,39
500113008,20231025,48,43,4,1,25.02594,121.50651,39
500113008,20231025,49,43,4,1,25.02594,121.50651,39
500113008,20231025,50,43,4,1,25.02594,121.50651,39
500113008,20231025,51,43,4,1,25.02594,121.50651,39
500113008,20231025,52,43,4,1,25.02594,121.50651,39
500113008,20231025,53,43,4,1,25.02594,121.50651,39
500113008,20231025,54,43,4,1,25.02594,121.50651,39
500113008,20231025,55,43,4,1,25.02594,121.50651,39
500113008,20231025,56,43,5,1,25.02594,121.50651,38
500113008,20231025,57,43,5,1,25.02594,121.50651,38
500113008,20231025,58,43,5,1,25.02594,121.50651,38
500113008,20231025,59,43,4,1,25.02594,121.50651,39
500113008,20231025,60,43,4,1,25.02594,121.50651,39
500113008,20231025,61,43,5,1,25.02594,121.50651,38
500113008,20231025,62,43,6,1,25.02594,121.50651,37
500113008,20231025,63,43,6,1,25.02594,121.50651,37
500113008,20231025,64,43,6,1,25.02594,121.50651,37
500113008,20231025,65,43,5,1,25.02594,121.50651,38
500113008,20231025,66,43,5,1,25.02594,121.50651,38
500113008,20231025,67,43,5,1,25.02594,121.50651,38
500113008,20231025,68,43,5,1,25.02594,121.50651,38
500113008,20231025,69,43,5,1,25.02594,121.50651,38
500113008,20231025,70,43,5,1,25.02594,121.50651,38
500113008,20231025,71,43,5,1,25.02594,121.50651,38
500113008,20231025,72,43,5,1,25.02594,121.50651,38
500113008,20231025,73,43,5,1,25.02594,121.50651,38
500113008,20231025,74,43,5,1,25.02594,121.50651,38
500113008,20231025,75,43,5,1,25.02594,121.50651,38
500113008,20231025,76,43,5,1,25.02594,121.50651,38
500113008,20231025,77,43,5,1,25.02594,121.50651,38
500113008,20231025,78,43,5,1,25.02594,121.50651,38
500113008,20231025,79,43,5,1,25.02594,121.50651,38
500113008,20231025,81,43,5,1,25.02594,121.50651,38
500113008,20231025,82,43,5,1,25.02594,121.50651,38
500113008,20231025,83,43,4,1,25.02594,121.50651,39
500113008,20231025,84,43,4,1,25.02594,121.50651,39
500113008,20231025,85,43,4,1,25.02594,121.50651,39
500113008,20231025,86,43,4,1,25.02594,121.50651,39
500113008,20231025,87,43,4,1,25.02594,121.50651,39
500113008,20231025,88,43,4,1,25.02594,121.50651,39
500113008,20231025,89,43,4,1,25.02594,121.50651,39
500113008,20231025,90,43,4,1,25.02594,121.50651,39
500113008,20231025,91,43,4,1,25.02594,121.50651,39
500113008,20231025,92,43,4,1,25.02594,121.50651,39
500113008,20231025,93,43,4,1,25.02594,121.50651,39
500113008,20231025,94,43,3,1,25.02594,121.50651,40
500113008,20231025,95,43,3,1,25.02594,121.50651,40
500113008,20231025,96,43,3,1,25.02594,121.50651,40
500113008,20231025,97,43,3,1,25.02594,121.50651,40
500113008,20231025,98,43,3,1,25.02594,121.50651,40
500113008,20231025,100,43,3,1,25.02594,121.50651,40
500113008,20231025,101,43,3,1,25.02594,121.50651,40
500113008,20231025,102,43,3,1,25.02594,121.50651,40
500113008,20231025,103,43,3,1,25.02594,121.50651,40
500113008,20231025,104,43,3,1,25.02594,121.50651,40
500113008,20231025,105,43,3,1,25.02594,121.50651,40
500113008,20231025,106,43,3,1,25.02594,121.50651,40
500113008,20231025,107,43,3,1,25.02594,121.50651,40
500113008,20231025,108,43,3,1,25.02594,121.50651,40
500113008,20231025,109,43,3,1,25.02594,121.50651,40
500113008,20231025,110,43,3,1,25.02594,121.50651,40
500113008,20231025,111,43,3,1,25.02594,121.50651,40
500113008,20231025,112,43,3,1,25.02594,121.50651,40
500113008,20231025,113,43,3,1,25.02594,121.50651,40
500113008,20231025,114,43,3,1,25.02594,121.50651,40
500113008,20231025,115,43,3,1,25.02594,121.50651,40
500113008,20231025,116,43,3,1,25.02594,121.50651,40
500113008,20231025,117,43,3,1,25.02594,121.50651,40
500113008,20231025,118,43,3,1,25.02594,121.50651,40
500113008,20231025,119,43,3,1,25.02594,121.50651,40
500113008,20231025,121,43,3,1,25.02594,121.50651,40
500113008,20231025,122,43,3,1,25.02594,121.50651,40
500113008,20231025,123,43,3,1,25.02594,121.50651,40
500113008,20231025,124,43,3,1,25.02594,121.50651,40
500113008,20231025,125,43,3,1,25.02594,121.50651,40
500113008,20231025,126,43,3,1,25.02594,121.50651,40
500113008,20231025,127,43,3,1,25.02594,121.50651,40
500113008,20231025,128,43,3,1,25.02594,121.50651,40
500113008,20231025,129,43,3,1,25.02594,121.50651,40
500113008,20231025,130,43,3,1,25.02594,121.50651,40
500113008,20231025,131,43,3,1,25.02594,121.50651,40
500113008,20231025,132,43,3,1,25.02594,121.50651,40
500113008,20231025,133,43,3,1,25.02594,121.50651,40
500113008,20231025,134,43,3,1,25.02594,121.50651,40
500113008,20231025,135,43,3,1,25.02594,121.50651,40
500113008,20231025,136,43,3,1,25.02594,121.50651,40
500113008,20231025,137,43,3,1,25.02594,121.50651,40
500113008,20231025,138,43,3,1,25.02594,121.50651,40
500113008,20231025,139,43,3,1,25.02594,121.50651,40
500113008,20231025,141,43,3,1,25.02594,121.50651,40
500113008,20231025,142,43,3,1,25.02594,121.50651,40
500113008,20231025,143,43,3,1,25.02594,121.50651,40
500113008,20231025,144,43,3,1,25.02594,121.50651,40
500113008,20231025,145,43,3,1,25.02594,121.50651,40
500113008,20231025,146,43,3,1,25.02594,121.50651,40
500113008,20231025,147,43,3,1,25.02594,121.50651,40
500113008,20231025,148,43,3,1,25.02594,121.50651,40
500113008,20231025,149,43,3,1,25.02594,121.50651,40
500113008,20231025,150,43,3,1,25.02594,121.50651,40
500113008,20231025,151,43,3,1,25.02594,121.50651,40
500113008,20231025,152,43,3,1,25.02594,121.50651,40
500113008,20231025,153,43,3,1,25.02594,121.50651,40
500113008,20231025,154,43,3,1,25.02594,121.50651,40
500113008,20231025,155,43,3,1,25.02594,121.50651,40
500113008,20231025,156,43,3,1,25.02594,121.50651,40
500113008,20231025,157,43,3,1,25.02594,121.50651,40
500113008,20231025,158,43,3,1,25.02594,121.50651,40
500113008,20231025,159,43,3,1,25.02594,121.50651,40
500113008,20231025,160,43,3,1,25.02594,121.50651,40
500113008,20231025,161,43,3,1,25.02594,121.50651,40
500113008,20231025,162,43,3,1,25.02594,121.50651,40
500113008,20231025,163,43,3,1,25.02594,121.50651,40
500113008,20231025,164,43,3,1,25.02594,121.50651,40
500113008,20231025,165,43,3,1,25.02594,121.50651,40
500113008,20231025,166,43,3,1,25.02594,121.50651,40
500113008,20231025,167,43,3,1,25.02594,121.50651,40
500113008,20231025,168,43,3,1,25.02594,121.50651,40
500113008,20231025,169,43,3,1,25.02594,121.50651,40
500113008,20231025,170,43,3,1,25.02594,121.50651,40
500113008,20231025,171,43,3,1,25.02594,121.50651,40
500113008,20231025,172,43,3,1,25.02594,121.50651,40
500113008,20231025,173,43,3,1,25.02594,121.50651,40
500113008,20231025,174,43,3,1,25.02594,121.50651,40
500113008,20231025,175,43,3,1,25.02594,121.50651,40
500113008,20231025,176,43,3,1,25.02594,121.50651,40
500113008,20231025,177,43,3,1,25.02594,121.50651,40
500113008,20231025,178,43,3,1,25.02594,121.50651,40
500113008,20231025,179,43,3,1,25.02594,121.50651,40
500113008,20231025,180,43,3,1,25.02594,121.50651,40
500113008,20231025,181,43,3,1,25.02594,121.50651,40
500113008,20231025,182,43,3,1,25.02594,121.50651,40
500113008,20231025,183,43,2,1,25.02594,121.50651,41
500113008,20231025,184,43,2,1,25.02594,121.50651,41
500113008,20231025,185,43,2,1,25.02594,121.50651,41
500113008,20231025,186,43,2,1,25.02594,121.50651,41
500113008,20231025,187,43,2,1,25.02594,121.50651,41
500113008,20231025,188,43,2,1,25.02594,121.50651,41
500113008,20231025,189,43,2,1,25.02594,121.50651,41
500113008,20231025,190,43,2,1,25.02594,121.50651,41
500113008,20231025,191,43,2,1,25.02594,121.50651,41
500113008,20231025,192,43,2,1,25.02594,121.50651,41
500113008,20231025,193,43,2,1,25.02594,121.50651,41
500113008,20231025,194,43,2,1,25.02594,121.50651,41
500113008,20231025,195,43,2,1,25.02594,121.50651,41
500113008,20231025,196,43,2,1,25.02594,121.50651,41
500113008,20231025,197,43,2,1,25.02594,121.50651,41
500113008,20231025,198,43,2,1,25.02594,121.50651,41
500113008,20231025,199,43,2,1,25.02594,121.50651,41
500113008,20231025,201,43,2,1,25.02594,121.50651,41
500113008,20231025,202,43,2,1,25.02594,121.50651,41
500113008,20231025,203,43,2,1,25.02594,121.50651,41
500113008,20231025,204,43,2,1,25.02594,121.50651,41
500113008,20231025,205,43,2,1,25.02594,121.50651,41
500113008,20231025,206,43,2,1,25.02594,121.50651,41
500113008,20231025,207,43,2,1,25.02594,121.50651,41
500113008,20231025,208,43,2,1,25.02594,121.50651,41
500113008,20231025,209,43,2,1,25.02594,121.50651,41
500113008,20231025,210,43,2,1,25.02594,121.50651,41
500113008,20231025,211,43,2,1,25.02594,121.50651,41
500113008,20231025,212,43,2,1,25.02594,121.50651,41
500113008,20231025,213,43,2,1,25.02594,121.50651,41
500113008,20231025,214,43,2,1,25.02594,121.50651,41
500113008,20231025,215,43,2,1,25.02594,121.50651,41
500113008,20231025,216,43,2,1,25.02594,121.50651,41
500113008,20231025,217,43,2,1,25.02594,121.50651,41
500113008,20231025,218,43,2,1,25.02594,121.50651,41
500113008,20231025,219,43,2,1,25.02594,121.50651,41
500113008,20231025,220,43,2,1,25.02594,121.50651,41
500113008,20231025,221,43,2,1,25.02594,121.50651,41
500113008,20231025,222,43,2,1,25.02594,121.50651,41
500113008,20231025,223,43,2,1,25.02594,121.50651,41
500113008,20231025,224,43,2,1,25.02594,121.50651,41
500113008,20231025,225,43,2,1,25.02594,121.50651,41
500113008,20231025,226,43,2,1,25.02594,121.50651,41
500113008,20231025,227,43,2,1,25.02594,121.50651,41
500113008,20231025,228,43,2,1,25.02594,121.50651,41
500113008,20231025,229,43,2,1,25.02594,121.50651,41
500113008,20231025,230,43,2,1,25.02594,121.50651,41
500113008,20231025,231,43,2,1,25.02594,121.50651,41
500113008,20231025,232,43,2,1,25.02594,121.50651,41
500113008,20231025,233,43,2,1,25.02594,121.50651,41
500113008,20231025,234,43,2,1,25.02594,121.50651,41
500113008,20231025,235,43,2,1,25.02594,121.50651,41
500113008,20231025,236,43,2,1,25.02594,121.50651,41
500113008,20231025,237,43,2,1,25.02594,121.50651,41
500113008,20231025,238,43,4,1,25.02594,121.50651,39
500113008,20231025,239,43,4,1,25.02594,121.50651,39
500113008,20231025,241,43,6,1,25.02594,121.50651,37
500113008,20231025,242,43,7,1,25.02594,121.50651,36
500113008,20231025,243,43,9,1,25.02594,121.50651,34
500113008,20231025,244,43,9,1,25.02594,121.50651,34
500113008,20231025,245,43,9,1,25.02594,121.50651,34
500113008,20231025,246,43,9,1,25.02594,121.50651,34
500113008,20231025,247,43,9,1,25.02594,121.50651,34
500113008,20231025,248,43,9,1,25.02594,121.50651,34
500113008,20231025,249,43,9,1,25.02594,121.50651,34
500113008,20231025,250,43,9,1,25.02594,121.50651,34
500113008,20231025,251,43,9,1,25.02594,121.50651,34
500113008,20231025,252,43,9,1,25.02594,121.50651,34
500113008,20231025,253,43,9,1,25.02594,121.50651,34
500113008,20231025,254,43,9,1,25.02594,121.50651,34
500113008,20231025,255,43,8,1,25.02594,121.50651,35
500113008,20231025,256,43,8,1,25.02594,121.50651,35
500113008,20231025,257,43,8,1,25.02594,121.50651,35
500113008,20231025,258,43,8,1,25.02594,121.50651,35
500113008,20231025,259,43,8,1,25.02594,121.50651,35
500113008,20231025,261,43,8,1,25.02594,121.50651,35
500113008,20231025,262,43,8,1,25.02594,121.50651,35
500113008,20231025,263,43,8,1,25.02594,121.50651,35
500113008,20231025,264,43,8,1,25.02594,121.50651,35
500113008,20231025,265,43,8,1,25.02594,121.50651,35
500113008,20231025,266,43,8,1,25.02594,121.50651,35
500113008,20231025,267,43,8,1,25.02594,121.50651,35
500113008,20231025,268,43,8,1,25.02594,121.50651,35
500113008,20231025,269,43,8,1,25.02594,121.50651,35
500113008,20231025,270,43,9,1,25.02594,121.50651,34
500113008,20231025,271,43,9,1,25.02594,121.50651,34
500113008,20231025,272,43,9,1,25.02594,121.50651,34
500113008,20231025,273,43,9,1,25.02594,121.50651,34
500113008,20231025,274,43,9,1,25.02594,121.50651,34
500113008,20231025,275,43,9,1,25.02594,121.50651,34
500113008,20231025,276,43,9,1,25.02594,121.50651,34
500113008,20231025,277,43,9,1,25.02594,121.50651,34
500113008,20231025,278,43,9,1,25.02594,121.50651,34
500113008,20231025,279,43,9,1,25.02594,121.50651,34
500113008,20231025,280,43,9,1,25.02594,121.50651,34
500113008,20231025,281,43,9,1,25.02594,121.50651,34
500113008,20231025,282,43,9,1,25.02594,121.50651,34
500113008,20231025,283,43,9,1,25.02594,121.50651,34
500113008,20231025,284,43,9,1,25.02594,121.50651,34
500113008,20231025,285,43,9,1,25.02594,121.50651,34
500113008,20231025,286,43,9,1,25.02594,121.50651,34
500113008,20231025,287,43,9,1,25.02594,121.50651,34
500113008,20231025,288,43,8,1,25.02594,121.50651,35
500113008,20231025,289,43,8,1,25.02594,121.50651,35
500113008,20231025,290,43,8,1,25.02594,121.50651,35
500113008,20231025,291,43,8,1,25.02594,121.50651,35
500113008,20231025,292,43,8,1,25.02594,121.50651,35
500113008,20231025,293,43,8,1,25.02594,121.50651,35
500113008,20231025,294,43,8,1,25.02594,121.50651,35
500113008,20231025,295,43,8,1,25.02594,121.50651,35
500113008,20231025,296,43,8,1,25.02594,121.50651,35
500113008,20231025,297,43,8,1,25.02594,121.50651,35
500113008,20231025,298,43,8,1,25.02594,121.50651,35
500113008,20231025,299,43,8,1,25.02594,121.50651,35
500113008,20231025,300,43,8,1,25.02594,121.50651,35
500113008,20231025,301,43,8,1,25.02594,121.50651,35
500113008,20231025,302,43,8,1,25.02594,121.50651,35
500113008,20231025,303,43,8,1,25.02594,121.50651,35
500113008,20231025,304,43,8,1,25.02594,121.50651,35
500113008,20231025,305,43,8,1,25.02594,121.50651,35
500113008,20231025,306,43,8,1,25.02594,121.50651,35
500113008,20231025,307,43,8,1,25.02594,121.50651,35
500113008,20231025,308,43,8,1,25.02594,121.50651,35
500113008,20231025,309,43,8,1,25.02594,121.50651,35
500113008,20231025,310,43,8,1,25.02594,121.50651,35
500113008,20231025,311,43,8,1,25.02594,121.50651,35
500113008,20231025,312,43,8,1,25.02594,121.50651,35
500113008,20231025,313,43,8,1,25.02594,121.50651,35
500113008,20231025,314,43,8,1,25.02594,121.50651,35
500113008,20231025,315,43,8,1,25.02594,121.50651,35
500113008,20231025,316,43,8,1,25.02594,121.50651,35
500113008,20231025,317,43,8,1,25.02594,121.50651,35
500113008,20231025,318,43,8,1,25.02594,121.50651,35
500113008,20231025,319,43,8,1,25.02594,121.50651,35
500113008,20231025,321,43,8,1,25.02594,121.50651,35
500113008,20231025,322,43,8,1,25.02594,121.50651,35
500113008,20231025,323,43,8,1,25.02594,121.50651,35
500113008,20231025,324,43,8,1,25.02594,121.50651,35
500113008,20231025,325,43,8,1,25.02594,121.50651,35
500113008,20231025,326,43,8,1,25.02594,121.50651,35
500113008,20231025,327,43,8,1,25.02594,121.50651,35
500113008,20231025,328,43,7,1,25.02594,121.50651,36
500113008,20231025,329,43,7,1,25.02594,121.50651,36
500113008,20231025,330,43,7,1,25.02594,121.50651,36
500113008,20231025,331,43,7,1,25.02594,121.50651,36
500113008,20231025,332,43,7,1,25.02594,121.50651,36
500113008,20231025,333,43,7,1,25.02594,121.50651,36
500113008,20231025,334,43,7,1,25.02594,121.50651,36
500113008,20231025,335,43,7,1,25.02594,121.50651,36
500113008,20231025,336,43,7,1,25.02594,121.50651,36
500113008,20231025,337,43,7,1,25.02594,121.50651,36
500113008,20231025,338,43,6,1,25.02594,121.50651,37
500113008,20231025,339,43,6,1,25.02594,121.50651,37
500113008,20231025,340,43,6,1,25.02594,121.50651,37
500113008,20231025,341,43,6,1,25.02594,121.50651,37
500113008,20231025,342,43,6,1,25.02594,121.50651,37
500113008,20231025,343,43,6,1,25.02594,121.50651,37
500113008,20231025,344,43,6,1,25.02594,121.50651,37
500113008,20231025,345,43,6,1,25.02594,121.50651,37
500113008,20231025,346,43,6,1,25.02594,121.50651,37
500113008,20231025,347,43,6,1,25.02594,121.50651,37
500113008,20231025,348,43,6,1,25.02594,121.50651,37
500113008,20231025,349,43,6,1,25.02594,121.50651,37
500113008,20231025,350,43,6,1,25.02594,121.50651,37
500113008,20231025,351,43,6,1,25.02594,121.50651,37
500113008,20231025,352,43,6,1,25.02594,121.50651,37
500113008,20231025,353,43,6,1,25.02594,121.50651,37
500113008,20231025,354,43,6,1,25.02594,121.50651,37
500113008,20231025,355,43,6,1,25.02594,121.50651,37
500113008,20231025,356,43,6,1,25.02594,121.50651,37
500113008,20231025,357,43,6,1,25.02594,121.50651,37
500113008,20231025,358,43,6,1,25.02594,121.50651,37
500113008,20231025,359,43,6,1,25.02594,121.50651,37
500113008,20231025,360,43,6,1,25.02594,121.50651,37
500113008,20231025,361,43,6,1,25.02594,121.50651,37
500113008,20231025,362,43,6,1,25.02594,121.50651,37
500113008,20231025,363,43,6,1,25.02594,121.50651,37
500113008,20231025,364,43,6,1,25.02594,121.50651,37
500113008,20231025,365,43,6,1,25.02594,121.50651,37
500113008,20231025,366,43,6,1,25.02594,121.50651,37
500113008,20231025,367,43,5,1,25.02594,121.50651,38
500113008,20231025,368,43,5,1,25.02594,121.50651,38
500113008,20231025,369,43,5,1,25.02594,121.50651,38
500113008,20231025,370,43,5,1,25.02594,121.50651,38
500113008,20231025,371,43,5,1,25.02594,121.50651,38
500113008,20231025,372,43,5,1,25.02594,121.50651,38
500113008,20231025,373,43,5,1,25.02594,121.50651,38
500113008,20231025,374,43,5,1,25.02594,121.50651,38
500113008,20231025,375,43,5,1,25.02594,121.50651,38
500113008,20231025,376,43,5,1,25.02594,121.50651,38
500113008,20231025,378,43,5,1,25.02594,121.50651,38
500113008,20231025,379,43,4,1,25.02594,121.50651,39
500113008,20231025,381,43,4,1,25.02594,121.50651,39
500113008,20231025,382,43,4,1,25.02594,121.50651,39
500113008,20231025,383,43,5,1,25.02594,121.50651,38
500113008,20231025,384,43,5,1,25.02594,121.50651,38
500113008,20231025,385,43,5,1,25.02594,121.50651,38
500113008,20231025,386,43,5,1,25.02594,121.50651,38
500113008,20231025,387,43,6,1,25.02594,121.50651,37
500113008,20231025,388,43,6,1,25.02594,121.50651,37
500113008,20231025,389,43,6,1,25.02594,121.50651,37
500113008,20231025,390,43,6,1,25.02594,121.50651,37
500113008,20231025,391,43,6,1,25.02594,121.50651,37
500113008,20231025,392,43,6,1,25.02594,121.50651,37
500113008,20231025,393,43,6,1,25.02594,121.50651,37
500113008,20231025,394,43,6,1,25.02594,121.50651,37
500113008,20231025,395,43,6,1,25.02594,121.50651,37
500113008,20231025,396,43,6,1,25.02594,121.50651,37
500113008,20231025,397,43,5,1,25.02594,121.50651,38
500113008,20231025,399,43,5,1,25.02594,121.50651,38
500113008,20231025,400,43,5,1,25.02594,121.50651,38
500113008,20231025,401,43,5,1,25.02594,121.50651,38
500113008,20231025,402,43,5,1,25.02594,121.50651,38
500113008,20231025,403,43,5,1,25.02594,121.50651,38
500113008,20231025,404,43,5,1,25.02594,121.50651,38
500113008,20231025,405,43,5,1,25.02594,121.50651,38
500113008,20231025,406,43,7,1,25.02594,121.50651,36
500113008,20231025,407,43,7,1,25.02594,121.50651,36
500113008,20231025,408,43,7,1,25.02594,121.50651,36
500113008,20231025,409,43,7,1,25.02594,121.50651,36
500113008,20231025,410,43,7,1,25.02594,121.50651,36
500113008,20231025,411,43,7,1,25.02594,121.50651,36
500113008,20231025,412,43,6,1,25.02594,121.50651,37
500113008,20231025,413,43,7,1,25.02594,121.50651,36
500113008,20231025,414,43,7,1,25.02594,121.50651,36
500113008,20231025,415,43,7,1,25.02594,121.50651,36
500113008,20231025,416,43,8,1,25.02594,121.50651,35
500113008,20231025,417,43,8,1,25.02594,121.50651,35
500113008,20231025,418,43,8,1,25.02594,121.50651,35
500113008,20231025,419,43,9,1,25.02594,121.50651,34
500113008,20231025,421,43,8,1,25.02594,121.50651,35
500113008,20231025,422,43,8,1,25.02594,121.50651,35
500113008,20231025,423,43,8,1,25.02594,121.50651,35
500113008,20231025,425,43,8,1,25.02594,121.50651,35
500113008,20231025,426,43,8,1,25.02594,121.50651,35
500113008,20231025,427,43,8,1,25.02594,121.50651,35
500113008,20231025,428,43,9,1,25.02594,121.50651,34
500113008,20231025,429,43,9,1,25.02594,121.50651,34
500113008,20231025,430,43,9,1,25.02594,121.50651,34
500113008,20231025,431,43,10,1,25.02594,121.50651,33
500113008,20231025,432,43,10,1,25.02594,121.50651,33
500113008,20231025,433,43,10,1,25.02594,121.50651,33
500113008,20231025,434,43,10,1,25.02594,121.50651,33
500113008,20231025,435,43,10,1,25.02594,121.50651,33
500113008,20231025,436,43,9,1,25.02594,121.50651,34
500113008,20231025,437,43,8,1,25.02594,121.50651,35
500113008,20231025,438,43,8,1,25.02594,121.50651,35
500113008,20231025,439,43,8,1,25.02594,121.50651,35
500113008,20231025,441,43,9,1,25.02594,121.50651,34
500113008,20231025,442,43,9,1,25.02594,121.50651,34
500113008,20231025,443,43,9,1,25.02594,121.50651,34
500113008,20231025,444,43,11,1,25.02594,121.50651,32
500113008,20231025,445,43,11,1,25.02594,121.50651,32
500113008,20231025,446,43,11,1,25.02594,121.50651,32
500113008,20231025,447,43,10,1,25.02594,121.50651,33
500113008,20231025,448,43,12,1,25.02594,121.50651,31
500113008,20231025,449,43,12,1,25.02594,121.50651,31
500113008,20231025,451,43,13,1,25.02594,121.50651,30
500113008,20231025,452,43,13,1,25.02594,121.50651,30
500113008,20231025,453,43,13,1,25.02594,121.50651,30
500113008,20231025,454,43,12,1,25.02594,121.50651,31
500113008,20231025,455,43,12,1,25.02594,121.50651,31
500113008,20231025,456,43,11,1,25.02594,121.50651,32
500113008,20231025,457,43,12,1,25.02594,121.50651,31
500113008,20231025,458,43,13,1,25.02594,121.50651,30
500113008,20231025,459,43,13,1,25.02594,121.50651,30
500113008,20231025,460,43,12,1,25.02594,121.50651,31
500113008,20231025,461,43,12,1,25.02594,121.50651,31
500113008,20231025,462,43,11,1,25.02594,121.50651,32
500113008,20231025,463,43,12,1,25.02594,121.50651,31
500113008,20231025,464,43,11,1,25.02594,121.50651,32
500113008,20231025,465,43,12,1,25.02594,121.50651,31
500113008,20231025,466,43,12,1,25.02594,121.50651,31
500113008,20231025,467,43,12,1,25.02594,121.50651,31
500113008,20231025,468,43,12,1,25.02594,121.50651,31
500113008,20231025,469,43,12,1,25.02594,121.50651,31
500113008,20231025,470,43,13,1,25.02594,121.50651,30
500113008,20231025,471,43,14,1,25.02594,121.50651,29
500113008,20231025,472,43,14,1,25.02594,121.50651,29
500113008,20231025,473,43,14,1,25.02594,121.50651,29
500113008,20231025,474,43,14,1,25.02594,121.50651,29
500113008,20231025,475,43,14,1,25.02594,121.50651,29
500113008,20231025,476,43,14,1,25.02594,121.50651,29
500113008,20231025,477,43,14,1,25.02594,121.50651,29
500113008,20231025,478,43,14,1,25.02594,121.50651,29
500113008,20231025,479,43,14,1,25.02594,121.50651,29
500113008,20231025,481,43,14,1,25.02594,121.50651,29
500113008,20231025,482,43,13,1,25.02594,121.50651,30
500113008,20231025,483,43,13,1,25.02594,121.50651,30
500113008,20231025,484,43,14,1,25.02594,121.50651,29
500113008,20231025,485,43,15,1,25.02594,121.50651,28
500113008,20231025,486,43,15,1,25.02594,121.50651,28
500113008,20231025,487,43,15,1,25.02594,121.50651,28
500113008,20231025,488,43,16,1,25.02594,121.50651,27
500113008,20231025,489,43,16,1,25.02594,121.50651,27
500113008,20231025,490,43,16,1,25.02594,121.50651,27
500113008,20231025,491,43,16,1,25.02594,121.50651,27
500113008,20231025,492,43,16,1,25.02594,121.50651,27
500113008,20231025,493,43,16,1,25.02594,121.50651,27
500113008,20231025,494,43,16,1,25.02594,121.50651,27
500113008,20231025,495,43,18,1,25.02594,121.50651,25
500113008,20231025,496,43,19,1,25.02594,121.50651,24
500113008,20231025,497,43,19,1,25.02594,121.50651,24
500113008,20231025,498,43,19,1,25.02594,121.50651,24
500113008,20231025,499,43,17,1,25.02594,121.50651,26
500113008,20231025,501,43,17,1,25.02594,121.50651,26
500113008,20231025,502,43,17,1,25.02594,121.50651,26
500113008,20231025,503,43,17,1,25.02594,121.50651,26
500113008,20231025,504,43,17,1,25.02594,121.50651,26
500113008,20231025,505,43,18,1,25.02594,121.50651,25
500113008,20231025,506,43,18,1,25.02594,121.50651,25
500113008,20231025,507,43,18,1,25.02594,121.50651,25
500113008,20231025,508,43,19,1,25.02594,121.50651,24
500113008,20231025,509,43,19,1,25.02594,121.50651,24
500113008,20231025,511,43,19,1,25.02594,121.50651,24
500113008,20231025,512,43,19,1,25.02594,121.50651,24
500113008,20231025,513,43,19,1,25.02594,121.50651,24
500113008,20231025,514,43,20,1,25.02594,121.50651,23
500113008,20231025,515,43,20,1,25.02594,121.50651,23
500113008,20231025,516,43,20,1,25.02594,121.50651,23
500113008,20231025,517,43,20,1,25.02594,121.50651,23
500113008,20231025,518,43,19,1,25.02594,121.50651,24
500113008,20231025,519,43,19,1,25.02594,121.50651,24
500113008,20231025,520,43,19,1,25.02594,121.50651,24
500113008,20231025,521,43,19,1,25.02594,121.50651,24
500113008,20231025,522,43,19,1,25.02594,121.50651,24
500113008,20231025,523,43,18,1,25.02594,121.50651,25
500113008,20231025,524,43,18,1,25.02594,121.50651,25
500113008,20231025,525,43,18,1,25.02594,121.50651,25
500113008,20231025,526,43,17,1,25.02594,121.50651,26
500113008,20231025,527,43,17,1,25.02594,121.50651,26
500113008,20231025,528,43,18,1,25.02594,121.50651,25
500113008,20231025,529,43,18,1,25.02594,121.50651,25
500113008,20231025,530,43,18,1,25.02594,121.50651,25
500113008,20231025,531,43,19,1,25.02594,121.50651,24
500113008,20231025,532,43,19,1,25.02594,121.50651,24
500113008,20231025,533,43,20,1,25.02594,121.50651,23
500113008,20231025,534,43,20,1,25.02594,121.50651,23
500113008,20231025,535,43,20,1,25.02594,121.50651,23
500113008,20231025,536,43,21,1,25.02594,121.50651,22
500113008,20231025,537,43,21,1,25.02594,121.50651,22
500113008,20231025,538,43,21,1,25.02594,121.50651,22
500113008,20231025,539,43,20,1,25.02594,121.50651,23
500113008,20231025,541,43,19,1,25.02594,121.50651,24
500113008,20231025,542,43,19,1,25.02594,121.50651,24
500113008,20231025,543,43,19,1,25.02594,121.50651,24
500113008,20231025,544,43,19,1,25.02594,121.50651,24
500113008,20231025,545,43,19,1,25.02594,121.50651,24
500113008,20231025,546,43,19,1,25.02594,121.50651,24
500113008,20231025,547,43,19,1,25.02594,121.50651,24
500113008,20231025,548,43,20,1,25.02594,121.50651,23
500113008,20231025,549,43,20,1,25.02594,121.50651,23
500113008,20231025,550,43,20,1,25.02594,121.50651,23
500113008,20231025,551,43,20,1,25.02594,121.50651,23
500113008,20231025,552,43,20,1,25.02594,121.50651,23
500113008,20231025,553,43,20,1,25.02594,121.50651,23
500113008,20231025,554,43,20,1,25.02594,121.50651,23
500113008,20231025,555,43,20,1,25.02594,121.50651,23
500113008,20231025,556,43,20,1,25.02594,121.50651,23
500113008,20231025,557,43,20,1,25.02594,121.50651,23
500113008,20231025,558,43,20,1,25.02594,121.50651,23
500113008,20231025,559,43,20,1,25.02594,121.50651,23
500113008,20231025,561,43,21,1,25.02594,121.50651,22
500113008,20231025,562,43,21,1,25.02594,121.50651,22
500113008,20231025,563,43,21,1,25.02594,121.50651,22
500113008,20231025,564,43,21,1,25.02594,121.50651,22
500113008,20231025,565,43,22,1,25.02594,121.50651,21
500113008,20231025,566,43,23,1,25.02594,121.50651,20
500113008,20231025,567,43,23,1,25.02594,121.50651,20
500113008,20231025,568,43,23,1,25.02594,121.50651,20
500113008,20231025,569,43,23,1,25.02594,121.50651,20
500113008,20231025,571,43,22,1,25.02594,121.50651,21
500113008,20231025,572,43,22,1,25.02594,121.50651,21
500113008,20231025,573,43,22,1,25.02594,121.50651,21
500113008,20231025,574,43,22,1,25.02594,121.50651,21
500113008,20231025,575,43,21,1,25.02594,121.50651,22
500113008,20231025,576,43,21,1,25.02594,121.50651,22
500113008,20231025,577,43,21,1,25.02594,121.50651,22
500113008,20231025,578,43,21,1,25.02594,121.50651,22
500113008,20231025,579,43,21,1,25.02594,121.50651,22
500113008,20231025,580,43,21,1,25.02594,121.50651,22
500113008,20231025,581,43,21,1,25.02594,121.50651,22
500113008,20231025,582,43,21,1,25.02594,121.50651,22
500113008,20231025,583,43,21,1,25.02594,121.50651,22
500113008,20231025,584,43,21,1,25.02594,121.50651,22
500113008,20231025,585,43,21,1,25.02594,121.50651,22
500113008,20231025,586,43,21,1,25.02594,121.50651,22
500113008,20231025,587,43,20,1,25.02594,121.50651,23
500113008,20231025,588,43,20,1,25.02594,121.50651,23
500113008,20231025,589,43,20,1,25.02594,121.50651,23
500113008,20231025,590,43,20,1,25.02594,121.50651,23
500113008,20231025,591,43,20,1,25.02594,121.50651,23
500113008,20231025,592,43,20,1,25.02594,121.50651,23
500113008,20231025,593,43,20,1,25.02594,121.50651,23
500113008,20231025,594,43,20,1,25.02594,121.50651,23
500113008,20231025,595,43,20,1,25.02594,121.50651,23
500113008,20231025,596,43,20,1,25.02594,121.50651,23
500113008,20231025,597,43,20,1,25.02594,121.50651,23
500113008,20231025,598,43,20,1,25.02594,121.50651,23
500113008,20231025,599,43,19,1,25.02594,121.50651,24
500113008,20231025,601,43,18,1,25.02594,121.50651,25
500113008,20231025,602,43,18,1,25.02594,121.50651,25
500113008,20231025,603,43,19,1,25.02594,121.50651,24
500113008,20231025,604,43,19,1,25.02594,121.50651,24
500113008,20231025,605,43,19,1,25.02594,121.50651,24
500113008,20231025,606,43,19,1,25.02594,121.50651,24
500113008,20231025,607,43,18,1,25.02594,121.50651,25
500113008,20231025,608,43,18,1,25.02594,121.50651,25
500113008,20231025,609,43,18,1,25.02594,121.50651,25
500113008,20231025,610,43,20,1,25.02594,121.50651,23
500113008,20231025,611,43,20,1,25.02594,121.50651,23
500113008,20231025,612,43,20,1,25.02594,121.50651,23
500113008,20231025,613,43,21,1,25.02594,121.50651,22
500113008,20231025,614,43,21,1,25.02594,121.50651,22
500113008,20231025,615,43,21,1,25.02594,121.50651,22
500113008,20231025,616,43,21,1,25.02594,121.50651,22
500113008,20231025,617,43,21,1,25.02594,121.50651,22
500113008,20231025,618,43,21,1,25.02594,121.50651,22
500113008,20231025,619,43,21,1,25.02594,121.50651,22
500113008,20231025,621,43,21,1,25.02594,121.50651,22
500113008,20231025,622,43,21,1,25.02594,121.50651,22
500113008,20231025,623,43,21,1,25.02594,121.50651,22
500113008,20231025,624,43,21,1,25.02594,121.50651,22
500113008,20231025,625,43,21,1,25.02594,121.50651,22
500113008,20231025,626,43,22,1,25.02594,121.50651,21
500113008,20231025,627,43,23,1,25.02594,121.50651,20
500113008,20231025,628,43,23,1,25.02594,121.50651,20
500113008,20231025,629,43,23,1,25.02594,121.50651,20
500113008,20231025,631,43,23,1,25.02594,121.50651,20
500113008,20231025,632,43,23,1,25.02594,121.50651,20
500113008,20231025,633,43,23,1,25.02594,121.50651,20
500113008,20231025,634,43,23,1,25.02594,121.50651,20
500113008,20231025,635,43,23,1,25.02594,121.50651,20
500113008,20231025,636,43,23,1,25.02594,121.50651,20
500113008,20231025,637,43,24,1,25.02594,121.50651,19
500113008,20231025,638,43,24,1,25.02594,121.50651,19
500113008,20231025,639,43,24,1,25.02594,121.50651,19
500113008,20231025,640,43,24,1,25.02594,121.50651,19
500113008,20231025,641,43,24,1,25.02594,121.50651,19
500113008,20231025,642,43,25,1,25.02594,121.50651,18
500113008,20231025,643,43,25,1,25.02594,121.50651,18
500113008,20231025,644,43,25,1,25.02594,121.50651,18
500113008,20231025,645,43,26,1,25.02594,121.50651,17
500113008,20231025,646,43,26,1,25.02594,121.50651,17
500113008,20231025,647,43,26,1,25.02594,121.50651,17
500113008,20231025,648,43,26,1,25.02594,121.50651,17
500113008,20231025,649,43,26,1,25.02594,121.50651,17
500113008,20231025,650,43,26,1,25.02594,121.50651,17
500113008,20231025,651,43,27,1,25.02594,121.50651,16
500113008,20231025,652,43,27,1,25.02594,121.50651,16
500113008,20231025,653,43,27,1,25.02594,121.50651,16
500113008,20231025,654,43,27,1,25.02594,121.50651,16
500113008,20231025,655,43,27,1,25.02594,121.50651,16
500113008,20231025,656,43,26,1,25.02594,121.50651,17
500113008,20231025,657,43,26,1,25.02594,121.50651,17
500113008,20231025,658,43,27,1,25.02594,121.50651,16
500113008,20231025,659,43,27,1,25.02594,121.50651,16
500113008,20231025,661,43,27,1,25.02594,121.50651,16
500113008,20231025,662,43,27,1,25.02594,121.50651,16
500113008,20231025,663,43,27,1,25.02594,121.50651,16
500113008,20231025,664,43,27,1,25.02594,121.50651,16
500113008,20231025,665,43,27,1,25.02594,121.50651,16
500113008,20231025,667,43,27,1,25.02594,121.50651,16
500113008,20231025,668,43,27,1,25.02594,121.50651,16
500113008,20231025,669,43,27,1,25.02594,121.50651,16
500113008,20231025,670,43,27,1,25.02594,121.50651,16
500113008,20231025,671,43,27,1,25.02594,121.50651,16
500113008,20231025,672,43,27,1,25.02594,121.50651,16
500113008,20231025,673,43,28,1,25.02594,121.50651,15
500113008,20231025,674,43,28,1,25.02594,121.50651,15
500113008,20231025,675,43,28,1,25.02594,121.50651,15
500113008,20231025,676,43,28,1,25.02594,121.50651,15
500113008,20231025,677,43,28,1,25.02594,121.50651,15
500113008,20231025,678,43,28,1,25.02594,121.50651,15
500113008,20231025,679,43,28,1,25.02594,121.50651,15
500113008,20231025,681,43,28,1,25.02594,121.50651,15
500113008,20231025,682,43,28,1,25.02594,121.50651,15
500113008,20231025,683,43,28,1,25.02594,121.50651,15
500113008,20231025,684,43,28,1,25.02594,121.50651,15
500113008,20231025,685,43,28,1,25.02594,121.50651,15
500113008,20231025,686,43,28,1,25.02594,121.50651,15
500113008,20231025,687,43,28,1,25.02594,121.50651,15
500113008,20231025,688,43,28,1,25.02594,121.50651,15
500113008,20231025,689,43,27,1,25.02594,121.50651,16
500113008,20231025,690,43,27,1,25.02594,121.50651,16
500113008,20231025,691,43,27,1,25.02594,121.50651,16
500113008,20231025,692,43,27,1,25.02594,121.50651,16
500113008,20231025,693,43,27,1,25.02594,121.50651,16
500113008,20231025,694,43,27,1,25.02594,121.50651,16
500113008,20231025,695,43,27,1,25.02594,121.50651,16
500113008,20231025,696,43,27,1,25.02594,121.50651,16
500113008,20231025,697,43,27,1,25.02594,121.50651,16
500113008,20231025,698,43,27,1,25.02594,121.50651,16
500113008,20231025,699,43,27,1,25.02594,121.50651,16
500113008,20231025,700,43,27,1,25.02594,121.50651,16
500113008,20231025,701,43,27,1,25.02594,121.50651,16
500113008,20231025,702,43,27,1,25.02594,121.50651,16
500113008,20231025,703,43,27,1,25.02594,121.50651,16
500113008,20231025,704,43,27,1,25.02594,121.50651,16
500113008,20231025,705,43,27,1,25.02594,121.50651,16
500113008,20231025,706,43,28,1,25.02594,121.50651,15
500113008,20231025,707,43,28,1,25.02594,121.50651,15
500113008,20231025,708,43,28,1,25.02594,121.50651,15
500113008,20231025,709,43,28,1,25.02594,121.50651,15
500113008,20231025,710,43,27,1,25.02594,121.50651,16
500113008,20231025,711,43,27,1,25.02594,121.50651,16
500113008,20231025,712,43,27,1,25.02594,121.50651,16
500113008,20231025,713,43,27,1,25.02594,121.50651,16
500113008,20231025,714,43,27,1,25.02594,121.50651,16
500113008,20231025,715,43,27,1,25.02594,121.50651,16
500113008,20231025,716,43,27,1,25.02594,121.50651,16
500113008,20231025,717,43,27,1,25.02594,121.50651,16
500113008,20231025,718,43,27,1,25.02594,121.50651,16
500113008,20231025,719,43,27,1,25.02594,121.50651,16
500113008,20231025,721,43,27,1,25.02594,121.50651,16
500113008,20231025,722,43,27,1,25.02594,121.50651,16
500113008,20231025,723,43,27,1,25.02594,121.50651,16
500113008,20231025,724,43,27,1,25.02594,121.50651,16
500113008,20231025,725,43,27,1,25.02594,121.50651,16
500113008,20231025,726,43,27,1,25.02594,121.50651,16
500113008,20231025,727,43,27,1,25.02594,121.50651,16
500113008,20231025,728,43,27,1,25.02594,121.50651,16
500113008,20231025,729,43,27,1,25.02594,121.50651,16
500113008,20231025,730,43,27,1,25.02594,121.50651,16
500113008,20231025,731,43,27,1,25.02594,121.50651,16
500113008,20231025,732,43,27,1,25.02594,121.50651,16
500113008,20231025,733,43,28,1,25.02594,121.50651,15
500113008,20231025,734,43,28,1,25.02594,121.50651,15
500113008,20231025,735,43,28,1,25.02594,121.50651,15
500113008,20231025,736,43,28,1,25.02594,121.50651,15
500113008,20231025,737,43,28,1,25.02594,121.50651,15
500113008,20231025,738,43,28,1,25.02594,121.50651,15
500113008,20231025,739,43,28,1,25.02594,121.50651,15
500113008,20231025,741,43,27,1,25.02594,121.50651,16
500113008,20231025,742,43,27,1,25.02594,121.50651,16
500113008,20231025,743,43,27,1,25.02594,121.50651,16
500113008,20231025,744,43,27,1,25.02594,121.50651,16
500113008,20231025,745,43,27,1,25.02594,121.50651,16
500113008,20231025,746,43,27,1,25.02594,121.50651,16
500113008,20231025,747,43,27,1,25.02594,121.50651,16
500113008,20231025,748,43,27,1,25.02594,121.50651,16
500113008,20231025,749,43,27,1,25.02594,121.50651,16
500113008,20231025,751,43,27,1,25.02594,121.50651,16
500113008,20231025,752,43,27,1,25.02594,121.50651,16
500113008,20231025,753,43,26,1,25.02594,121.50651,17
500113008,20231025,754,43,26,1,25.02594,121.50651,17
500113008,20231025,755,43,26,1,25.02594,121.50651,17
500113008,20231025,756,43,26,1,25.02594,121.50651,17
500113008,20231025,757,43,26,1,25.02594,121.50651,17
500113008,20231025,758,43,26,1,25.02594,121.50651,17
500113008,20231025,759,43,26,1,25.02594,121.50651,17
500113008,20231025,760,43,26,1,25.02594,121.50651,17
500113008,20231025,761,43,26,1,25.02594,121.50651,17
500113008,20231025,762,43,26,1,25.02594,121.50651,17
500113008,20231025,763,43,26,1,25.02594,121.50651,17
500113008,20231025,764,43,26,1,25.02594,121.50651,17
500113008,20231025,765,43,26,1,25.02594,121.50651,17
500113008,20231025,766,43,27,1,25.02594,121.50651,16
500113008,20231025,767,43,26,1,25.02594,121.50651,17
500113008,20231025,768,43,26,1,25.02594,121.50651,17
500113008,20231025,769,43,26,1,25.02594,121.50651,17
500113008,20231025,770,43,26,1,25.02594,121.50651,17
500113008,20231025,771,43,26,1,25.02594,121.50651,17
500113008,20231025,772,43,26,1,25.02594,121.50651,17
500113008,20231025,773,43,26,1,25.02594,121.50651,17
500113008,20231025,774,43,26,1,25.02594,121.50651,17
500113008,20231025,775,43,26,1,25.02594,121.50651,17
500113008,20231025,776,43,26,1,25.02594,121.50651,17
500113008,20231025,777,43,26,1,25.02594,121.50651,17
500113008,20231025,778,43,26,1,25.02594,121.50651,17
500113008,20231025,779,43,26,1,25.02594,121.50651,17
500113008,20231025,781,43,26,1,25.02594,121.50651,17
500113008,20231025,782,43,26,1,25.02594,121.50651,17
500113008,20231025,783,43,25,1,25.02594,121.50651,18
500113008,20231025,784,43,25,1,25.02594,121.50651,18
500113008,20231025,785,43,25,1,25.02594,121.50651,18
500113008,20231025,786,43,25,1,25.02594,121.50651,18
500113008,20231025,787,43,25,1,25.02594,121.50651,18
500113008,20231025,788,43,25,1,25.02594,121.50651,18
500113008,20231025,789,43,25,1,25.02594,121.50651,18
500113008,20231025,790,43,25,1,25.02594,121.50651,18
500113008,20231025,791,43,25,1,25.02594,121.50651,18
500113008,20231025,792,43,25,1,25.02594,121.50651,18
500113008,20231025,793,43,25,1,25.02594,121.50651,18
500113008,20231025,794,43,25,1,25.02594,121.50651,18
500113008,20231025,795,43,25,1,25.02594,121.50651,18
500113008,20231025,796,43,25,1,25.02594,121.50651,18
500113008,20231025,797,43,25,1,25.02594,121.50651,18
500113008,20231025,798,43,25,1,25.02594,121.50651,18
500113008,20231025,799,43,25,1,25.02594,121.50651,18
500113008,20231025,801,43,25,1,25.02594,121.50651,18
500113008,20231025,802,43,25,1,25.02594,121.50651,18
500113008,20231025,803,43,25,1,25.02594,121.50651,18
500113008,20231025,804,43,25,1,25.02594,121.50651,18
500113008,20231025,805,43,25,1,25.02594,121.50651,18
500113008,20231025,806,43,25,1,25.02594,121.50651,18
500113008,20231025,807,43,25,1,25.02594,121.50651,18
500113008,20231025,808,43,25,1,25.02594,121.50651,18
500113008,20231025,809,43,25,1,25.02594,121.50651,18
500113008,20231025,811,43,25,1,25.02594,121.50651,18
500113008,20231025,812,43,26,1,25.02594,121.50651,17
500113008,20231025,813,43,27,1,25.02594,121.50651,16
500113008,20231025,814,43,27,1,25.02594,121.50651,16
500113008,20231025,815,43,27,1,25.02594,121.50651,16
500113008,20231025,816,43,26,1,25.02594,121.50651,17
500113008,20231025,817,43,26,1,25.02594,121.50651,17
500113008,20231025,818,43,26,1,25.02594,121.50651,17
500113008,20231025,819,43,26,1,25.02594,121.50651,17
500113008,20231025,820,43,25,1,25.02594,121.50651,18
500113008,20231025,821,43,25,1,25.02594,121.50651,18
500113008,20231025,822,43,25,1,25.02594,121.50651,18
500113008,20231025,823,43,25,1,25.02594,121.50651,18
500113008,20231025,824,43,25,1,25.02594,121.50651,18
500113008,20231025,825,43,25,1,25.02594,121.50651,18
500113008,20231025,826,43,28,1,25.02594,121.50651,15
500113008,20231025,827,43,27,1,25.02594,121.50651,16
500113008,20231025,828,43,27,1,25.02594,121.50651,16
500113008,20231025,829,43,27,1,25.02594,121.50651,16
500113008,20231025,830,43,26,1,25.02594,121.50651,17
500113008,20231025,831,43,26,1,25.02594,121.50651,17
500113008,20231025,832,43,27,1,25.02594,121.50651,16
500113008,20231025,833,43,27,1,25.02594,121.50651,16
500113008,20231025,834,43,27,1,25.02594,121.50651,16
500113008,20231025,835,43,27,1,25.02594,121.50651,16
500113008,20231025,836,43,27,1,25.02594,121.50651,16
500113008,20231025,837,43,26,1,25.02594,121.50651,17
500113008,20231025,838,43,26,1,25.02594,121.50651,17
500113008,20231025,839,43,26,1,25.02594,121.50651,17
500113008,20231025,841,43,26,1,25.02594,121.50651,17
500113008,20231025,842,43,26,1,25.02594,121.50651,17
500113008,20231025,843,43,26,1,25.02594,121.50651,17
500113008,20231025,844,43,26,1,25.02594,121.50651,17
500113008,20231025,845,43,26,1,25.02594,121.50651,17
500113008,20231025,846,43,26,1,25.02594,121.50651,17
500113008,20231025,847,43,26,1,25.02594,121.50651,17
500113008,20231025,848,43,26,1,25.02594,121.50651,17
500113008,20231025,849,43,26,1,25.02594,121.50651,17
500113008,20231025,850,43,26,1,25.02594,121.50651,17
500113008,20231025,851,43,26,1,25.02594,121.50651,17
500113008,20231025,852,43,26,1,25.02594,121.50651,17
500113008,20231025,853,43,26,1,25.02594,121.50651,17
500113008,20231025,854,43,26,1,25.02594,121.50651,17
500113008,20231025,855,43,26,1,25.02594,121.50651,17
500113008,20231025,856,43,26,1,25.02594,121.50651,17
500113008,20231025,857,43,26,1,25.02594,121.50651,17
500113008,20231025,858,43,26,1,25.02594,121.50651,17
500113008,20231025,859,43,26,1,25.02594,121.50651,17
500113008,20231025,861,43,25,1,25.02594,121.50651,18
500113008,20231025,862,43,25,1,25.02594,121.50651,18
500113008,20231025,863,43,25,1,25.02594,121.50651,18
500113008,20231025,864,43,25,1,25.02594,121.50651,18
500113008,20231025,865,43,26,1,25.02594,121.50651,17
500113008,20231025,866,43,26,1,25.02594,121.50651,17
500113008,20231025,867,43,26,1,25.02594,121.50651,17
500113008,20231025,868,43,26,1,25.02594,121.50651,17
500113008,20231025,869,43,26,1,25.02594,121.50651,17
500113008,20231025,870,43,26,1,25.02594,121.50651,17
500113008,20231025,871,43,26,1,25.02594,121.50651,17
500113008,20231025,872,43,26,1,25.02594,121.50651,17
500113008,20231025,874,43,26,1,25.02594,121.50651,17
500113008,20231025,875,43,26,1,25.02594,121.50651,17
500113008,20231025,876,43,26,1,25.02594,121.50651,17
500113008,20231025,877,43,26,1,25.02594,121.50651,17
500113008,20231025,878,43,26,1,25.02594,121.50651,17
500113008,20231025,879,43,26,1,25.02594,121.50651,17
500113008,20231025,880,43,27,1,25.02594,121.50651,16
500113008,20231025,881,43,27,1,25.02594,121.50651,16
500113008,20231025,882,43,27,1,25.02594,121.50651,16
500113008,20231025,883,43,28,1,25.02594,121.50651,15
500113008,20231025,884,43,31,1,25.02594,121.50651,12
500113008,20231025,885,43,31,1,25.02594,121.50651,12
500113008,20231025,886,43,31,1,25.02594,121.50651,12
500113008,20231025,887,43,31,1,25.02594,121.50651,12
500113008,20231025,888,43,32,1,25.02594,121.50651,11
500113008,20231025,889,43,33,1,25.02594,121.50651,10
500113008,20231025,890,43,33,1,25.02594,121.50651,10
500113008,20231025,891,43,34,1,25.02594,121.50651,9
500113008,20231025,892,43,35,1,25.02594,121.50651,8
500113008,20231025,893,43,35,1,25.02594,121.50651,8
500113008,20231025,894,43,34,1,25.02594,121.50651,9
500113008,20231025,895,43,34,1,25.02594,121.50651,9
500113008,20231025,896,43,34,1,25.02594,121.50651,9
500113008,20231025,897,43,34,1,25.02594,121.50651,9
500113008,20231025,898,43,34,1,25.02594,121.50651,9
500113008,20231025,899,43,34,1,25.02594,121.50651,9
500113008,20231025,901,43,34,1,25.02594,121.50651,9
500113008,20231025,902,43,34,1,25.02594,121.50651,9
500113008,20231025,907,43,34,1,25.02594,121.50651,9
500113008,20231025,908,43,34,1,25.02594,121.50651,9
500113008,20231025,909,43,33,1,25.02594,121.50651,10
500113008,20231025,910,43,33,1,25.02594,121.50651,10
500113008,20231025,911,43,33,1,25.02594,121.50651,10
500113008,20231025,912,43,33,1,25.02594,121.50651,10
500113008,20231025,913,43,32,1,25.02594,121.50651,11
500113008,20231025,914,43,32,1,25.02594,121.50651,11
500113008,20231025,915,43,32,1,25.02594,121.50651,11
500113008,20231025,916,43,32,1,25.02594,121.50651,11
500113008,20231025,917,43,32,1,25.02594,121.50651,11
500113008,20231025,918,43,32,1,25.02594,121.50651,11
500113008,20231025,919,43,32,1,25.02594,121.50651,11
500113008,20231025,921,43,32,1,25.02594,121.50651,11
500113008,20231025,922,43,32,1,25.02594,121.50651,11
500113008,20231025,923,43,32,1,25.02594,121.50651,11
500113008,20231025,924,43,32,1,25.02594,121.50651,11
500113008,20231025,925,43,32,1,25.02594,121.50651,11
500113008,20231025,926,43,32,1,25.02594,121.50651,11
500113008,20231025,927,43,32,1,25.02594,121.50651,11
500113008,20231025,928,43,32,1,25.02594,121.50651,11
500113008,20231025,929,43,32,1,25.02594,121.50651,11
500113008,20231025,931,43,31,1,25.02594,121.50651,12
500113008,20231025,932,43,31,1,25.02594,121.50651,12
500113008,20231025,933,43,31,1,25.02594,121.50651,12
500113008,20231025,934,43,31,1,25.02594,121.50651,12
500113008,20231025,935,43,31,1,25.02594,121.50651,12
500113008,20231025,936,43,31,1,25.02594,121.50651,12
500113008,20231025,937,43,31,1,25.02594,121.50651,12
500113008,20231025,938,43,31,1,25.02594,121.50651,12
500113008,20231025,939,43,30,1,25.02594,121.50651,13
500113008,20231025,940,43,30,1,25.02594,121.50651,13
500113008,20231025,941,43,31,1,25.02594,121.50651,12
500113008,20231025,942,43,31,1,25.02594,121.50651,12
500113008,20231025,943,43,30,1,25.02594,121.50651,13
500113008,20231025,944,43,30,1,25.02594,121.50651,13
500113008,20231025,945,43,30,1,25.02594,121.50651,13
500113008,20231025,946,43,31,1,25.02594,121.50651,12
500113008,20231025,947,43,32,1,25.02594,121.50651,11
500113008,20231025,948,43,34,1,25.02594,121.50651,9
500113008,20231025,949,43,34,1,25.02594,121.50651,9
500113008,20231025,950,43,34,1,25.02594,121.50651,9
500113008,20231025,951,43,34,1,25.02594,121.50651,9
500113008,20231025,952,43,35,1,25.02594,121.50651,8
500113008,20231025,953,43,35,1,25.02594,121.50651,8
500113008,20231025,954,43,35,1,25.02594,121.50651,8
500113008,20231025,955,43,36,1,25.02594,121.50651,7
500113008,20231025,956,43,36,1,25.02594,121.50651,7
500113008,20231025,957,43,36,1,25.02594,121.50651,7
500113008,20231025,958,43,36,1,25.02594,121.50651,7
500113008,20231025,959,43,37,1,25.02594,121.50651,6
500113008,20231025,961,43,37,1,25.02594,121.50651,6
500113008,20231025,962,43,37,1,25.02594,121.50651,6
500113008,20231025,963,43,36,1,25.02594,121.50651,7
500113008,20231025,964,43,35,1,25.02594,121.50651,8
500113008,20231025,965,43,35,1,25.02594,121.50651,8
500113008,20231025,966,43,35,1,25.02594,121.50651,8
500113008,20231025,967,43,35,1,25.02594,121.50651,8
500113008,20231025,968,43,35,1,25.02594,121.50651,8
500113008,20231025,969,43,34,1,25.02594,121.50651,9
500113008,20231025,970,43,33,1,25.02594,121.50651,10
500113008,20231025,971,43,32,1,25.02594,121.50651,11
500113008,20231025,972,43,32,1,25.02594,121.50651,11
500113008,20231025,973,43,32,1,25.02594,121.50651,11
500113008,20231025,974,43,32,1,25.02594,121.50651,11
500113008,20231025,975,43,32,1,25.02594,121.50651,11
500113008,20231025,976,43,30,1,25.02594,121.50651,13
500113008,20231025,977,43,30,1,25.02594,121.50651,13
500113008,20231025,978,43,30,1,25.02594,121.50651,13
500113008,20231025,979,43,30,1,25.02594,121.50651,13
500113008,20231025,981,43,29,1,25.02594,121.50651,14
500113008,20231025,982,43,29,1,25.02594,121.50651,14
500113008,20231025,983,43,30,1,25.02594,121.50651,13
500113008,20231025,984,43,30,1,25.02594,121.50651,13
500113008,20231025,985,43,29,1,25.02594,121.50651,14
500113008,20231025,986,43,31,1,25.02594,121.50651,12
500113008,20231025,987,43,31,1,25.02594,121.50651,12
500113008,20231025,988,43,30,1,25.02594,121.50651,13
500113008,20231025,989,43,30,1,25.02594,121.50651,13
500113008,20231025,991,43,30,1,25.02594,121.50651,13
500113008,20231025,992,43,27,1,25.02594,121.50651,16
500113008,20231025,993,43,26,1,25.02594,121.50651,17
500113008,20231025,994,43,27,1,25.02594,121.50651,16
500113008,20231025,995,43,25,1,25.02594,121.50651,18
500113008,20231025,996,43,25,1,25.02594,121.50651,18
500113008,20231025,997,43,25,1,25.02594,121.50651,18
500113008,20231025,998,43,26,1,25.02594,121.50651,17
500113008,20231025,999,43,26,1,25.02594,121.50651,17
500113008,20231025,1000,43,25,1,25.02594,121.50651,18
500113008,20231025,1001,43,25,1,25.02594,121.50651,18
500113008,20231025,1002,43,26,1,25.02594,121.50651,17
500113008,20231025,1003,43,27,1,25.02594,121.50651,16
500113008,20231025,1004,43,27,1,25.02594,121.50651,16
500113008,20231025,1005,43,27,1,25.02594,121.50651,16
500113008,20231025,1006,43,27,1,25.02594,121.50651,16
500113008,20231025,1007,43,27,1,25.02594,121.50651,16
500113008,20231025,1008,43,27,1,25.02594,121.50651,16
500113008,20231025,1009,43,27,1,25.02594,121.50651,16
500113008,20231025,1010,43,28,1,25.02594,121.50651,15
500113008,20231025,1011,43,30,1,25.02594,121.50651,13
500113008,20231025,1012,43,30,1,25.02594,121.50651,13
500113008,20231025,1013,43,29,1,25.02594,121.50651,14
500113008,20231025,1014,43,29,1,25.02594,121.50651,14
500113008,20231025,1015,43,29,1,25.02594,121.50651,14
500113008,20231025,1016,43,29,1,25.02594,121.50651,14
500113008,20231025,1017,43,30,1,25.02594,121.50651,13
500113008,20231025,1018,43,30,1,25.02594,121.50651,13
500113008,20231025,1019,43,30,1,25.02594,121.50651,13
500113008,20231025,1021,43,30,1,25.02594,121.50651,13
500113008,20231025,1022,43,31,1,25.02594,121.50651,12
500113008,20231025,1023,43,31,1,25.02594,121.50651,12
500113008,20231025,1024,43,31,1,25.02594,121.50651,12
500113008,20231025,1025,43,30,1,25.02594,121.50651,13
500113008,20231025,1026,43,30,1,25.02594,121.50651,13
500113008,20231025,1027,43,30,1,25.02594,121.50651,13
500113008,20231025,1028,43,30,1,25.02594,121.50651,13
500113008,20231025,1029,43,30,1,25.02594,121.50651,13
500113008,20231025,1030,43,30,1,25.02594,121.50651,13
500113008,20231025,1031,43,30,1,25.02594,121.50651,13
500113008,20231025,1032,43,30,1,25.02594,121.50651,13
500113008,20231025,1033,43,31,1,25.02594,121.50651,12
500113008,20231025,1034,43,31,1,25.02594,121.50651,12
500113008,20231025,1035,43,31,1,25.02594,121.50651,12
500113008,20231025,1036,43,31,1,25.02594,121.50651,12
500113008,20231025,1037,43,31,1,25.02594,121.50651,12
500113008,20231025,1038,43,31,1,25.02594,121.50651,12
500113008,20231025,1039,43,31,1,25.02594,121.50651,12
500113008,20231025,1041,43,30,1,25.02594,121.50651,13
500113008,20231025,1042,43,29,1,25.02594,121.50651,14
500113008,20231025,1043,43,30,1,25.02594,121.50651,13
500113008,20231025,1044,43,30,1,25.02594,121.50651,13
500113008,20231025,1046,43,29,1,25.02594,121.50651,14
500113008,20231025,1047,43,29,1,25.02594,121.50651,14
500113008,20231025,1048,43,29,1,25.02594,121.50651,14
500113008,20231025,1049,43,29,1,25.02594,121.50651,14
500113008,20231025,1051,43,29,1,25.02594,121.50651,14
500113008,20231025,1052,43,30,1,25.02594,121.50651,13
500113008,20231025,1053,43,30,1,25.02594,121.50651,13
500113008,20231025,1054,43,30,1,25.02594,121.50651,13
500113008,20231025,1055,43,30,1,25.02594,121.50651,13
500113008,20231025,1056,43,30,1,25.02594,121.50651,13
500113008,20231025,1057,43,31,1,25.02594,121.50651,12
500113008,20231025,1058,43,30,1,25.02594,121.50651,13
500113008,20231025,1059,43,29,1,25.02594,121.50651,14
500113008,20231025,1061,43,29,1,25.02594,121.50651,14
500113008,20231025,1062,43,29,1,25.02594,121.50651,14
500113008,20231025,1063,43,29,1,25.02594,121.50651,14
500113008,20231025,1064,43,29,1,25.02594,121.50651,14
500113008,20231025,1065,43,29,1,25.02594,121.50651,14
500113008,20231025,1066,43,30,1,25.02594,121.50651,13
500113008,20231025,1067,43,29,1,25.02594,121.50651,14
500113008,20231025,1068,43,28,1,25.02594,121.50651,15
500113008,20231025,1069,43,28,1,25.02594,121.50651,15
500113008,20231025,1071,43,28,1,25.02594,121.50651,15
500113008,20231025,1072,43,28,1,25.02594,121.50651,15
500113008,20231025,1073,43,28,1,25.02594,121.50651,15
500113008,20231025,1075,43,28,1,25.02594,121.50651,15
500113008,20231025,1076,43,28,1,25.02594,121.50651,15
500113008,20231025,1077,43,28,1,25.02594,121.50651,15
500113008,20231025,1078,43,28,1,25.02594,121.50651,15
500113008,20231025,1079,43,28,1,25.02594,121.50651,15
500113008,20231025,1081,43,28,1,25.02594,121.50651,15
500113008,20231025,1082,43,27,1,25.02594,121.50651,16
500113008,20231025,1083,43,27,1,25.02594,121.50651,16
500113008,20231025,1084,43,27,1,25.02594,121.50651,16
500113008,20231025,1085,43,26,1,25.02594,121.50651,17
500113008,20231025,1086,43,26,1,25.02594,121.50651,17
500113008,20231025,1087,43,25,1,25.02594,121.50651,18
500113008,20231025,1088,43,24,1,25.02594,121.50651,19
500113008,20231025,1089,43,24,1,25.02594,121.50651,19
500113008,20231025,1091,43,22,1,25.02594,121.50651,21
500113008,20231025,1092,43,21,1,25.02594,121.50651,22
500113008,20231025,1093,43,21,1,25.02594,121.50651,22
500113008,20231025,1094,43,21,1,25.02594,121.50651,22
500113008,20231025,1095,43,20,1,25.02594,121.50651,23
500113008,20231025,1096,43,20,1,25.02594,121.50651,23
500113008,20231025,1097,43,20,1,25.02594,121.50651,23
500113008,20231025,1098,43,19,1,25.02594,121.50651,24
500113008,20231025,1099,43,20,1,25.02594,121.50651,23
500113008,20231025,1101,43,20,1,25.02594,121.50651,23
500113008,20231025,1102,43,19,1,25.02594,121.50651,24
500113008,20231025,1103,43,19,1,25.02594,121.50651,24
500113008,20231025,1104,43,19,1,25.02594,121.50651,24
500113008,20231025,1105,43,19,1,25.02594,121.50651,24
500113008,20231025,1106,43,19,1,25.02594,121.50651,24
500113008,20231025,1107,43,19,1,25.02594,121.50651,24
500113008,20231025,1108,43,20,1,25.02594,121.50651,23
500113008,20231025,1109,43,20,1,25.02594,121.50651,23
500113008,20231025,1111,43,18,1,25.02594,121.50651,25
500113008,20231025,1112,43,18,1,25.02594,121.50651,25
500113008,20231025,1113,43,18,1,25.02594,121.50651,25
500113008,20231025,1114,43,18,1,25.02594,121.50651,25
500113008,20231025,1115,43,18,1,25.02594,121.50651,25
500113008,20231025,1116,43,18,1,25.02594,121.50651,25
500113008,20231025,1117,43,19,1,25.02594,121.50651,24
500113008,20231025,1118,43,19,1,25.02594,121.50651,24
500113008,20231025,1119,43,19,1,25.02594,121.50651,24
500113008,20231025,1121,43,18,1,25.02594,121.50651,25
500113008,20231025,1122,43,17,1,25.02594,121.50651,26
500113008,20231025,1123,43,17,1,25.02594,121.50651,26
500113008,20231025,1124,43,17,1,25.02594,121.50651,26
500113008,20231025,1125,43,16,1,25.02594,121.50651,27
500113008,20231025,1126,43,17,1,25.02594,121.50651,26
500113008,20231025,1127,43,17,1,25.02594,121.50651,26
500113008,20231025,1129,43,17,1,25.02594,121.50651,26
500113008,20231025,1131,43,17,1,25.02594,121.50651,26
500113008,20231025,1132,43,17,1,25.02594,121.50651,26
500113008,20231025,1133,43,17,1,25.02594,121.50651,26
500113008,20231025,1134,43,17,1,25.02594,121.50651,26
500113008,20231025,1135,43,17,1,25.02594,121.50651,26
500113008,20231025,1136,43,17,1,25.02594,121.50651,26
500113008,20231025,1137,43,17,1,25.02594,121.50651,26
500113008,20231025,1138,43,17,1,25.02594,121.50651,26
500113008,20231025,1139,43,17,1,25.02594,121.50651,26
500113008,20231025,1141,43,17,1,25.02594,121.50651,26
500113008,20231025,1142,43,17,1,25.02594,121.50651,26
500113008,20231025,1143,43,17,1,25.02594,121.50651,26
500113008,20231025,1144,43,17,1,25.02594,121.50651,26
500113008,20231025,1145,43,17,1,25.02594,121.50651,26
500113008,20231025,1146,43,17,1,25.02594,121.50651,26
500113008,20231025,1147,43,17,1,25.02594,121.50651,26
500113008,20231025,1148,43,18,1,25.02594,121.50651,25
500113008,20231025,1149,43,18,1,25.02594,121.50651,25
500113008,20231025,1151,43,18,1,25.02594,121.50651,25
500113008,20231025,1152,43,20,1,25.02594,121.50651,23
500113008,20231025,1153,43,20,1,25.02594,121.50651,23
500113008,20231025,1154,43,20,1,25.02594,121.50651,23
500113008,20231025,1155,43,20,1,25.02594,121.50651,23
500113008,20231025,1156,43,20,1,25.02594,121.50651,23
500113008,20231025,1157,43,20,1,25.02594,121.50651,23
500113008,20231025,1158,43,20,1,25.02594,121.50651,23
500113008,20231025,1159,43,20,1,25.02594,121.50651,23
500113008,20231025,1161,43,19,1,25.02594,121.50651,24
500113008,20231025,1162,43,20,1,25.02594,121.50651,23
500113008,20231025,1163,43,21,1,25.02594,121.50651,22
500113008,20231025,1164,43,21,1,25.02594,121.50651,22
500113008,20231025,1165,43,21,1,25.02594,121.50651,22
500113008,20231025,1166,43,21,1,25.02594,121.50651,22
500113008,20231025,1167,43,20,1,25.02594,121.50651,23
500113008,20231025,1168,43,19,1,25.02594,121.50651,24
500113008,20231025,1169,43,19,1,25.02594,121.50651,24
500113008,20231025,1171,43,19,1,25.02594,121.50651,24
500113008,20231025,1172,43,18,1,25.02594,121.50651,25
500113008,20231025,1173,43,18,1,25.02594,121.50651,25
500113008,20231025,1174,43,19,1,25.02594,121.50651,24
500113008,20231025,1175,43,18,1,25.02594,121.50651,25
500113008,20231025,1176,43,18,1,25.02594,121.50651,25
500113008,20231025,1177,43,18,1,25.02594,121.50651,25
500113008,20231025,1178,43,18,1,25.02594,121.50651,25
500113008,20231025,1179,43,18,1,25.02594,121.50651,25
500113008,20231025,1180,43,19,1,25.02594,121.50651,24
500113008,20231025,1181,43,18,1,25.02594,121.50651,25
500113008,20231025,1182,43,17,1,25.02594,121.50651,26
500113008,20231025,1183,43,17,1,25.02594,121.50651,26
500113008,20231025,1184,43,16,1,25.02594,121.50651,27
500113008,20231025,1185,43,16,1,25.02594,121.50651,27
500113008,20231025,1186,43,16,1,25.02594,121.50651,27
500113008,20231025,1187,43,16,1,25.02594,121.50651,27
500113008,20231025,1188,43,16,1,25.02594,121.50651,27
500113008,20231025,1189,43,16,1,25.02594,121.50651,27
500113008,20231025,1190,43,15,1,25.02594,121.50651,28
500113008,20231025,1191,43,15,1,25.02594,121.50651,28
500113008,20231025,1192,43,15,1,25.02594,121.50651,28
500113008,20231025,1193,43,15,1,25.02594,121.50651,28
500113008,20231025,1194,43,15,1,25.02594,121.50651,28
500113008,20231025,1195,43,15,1,25.02594,121.50651,28
500113008,20231025,1196,43,15,1,25.02594,121.50651,28
500113008,20231025,1197,43,15,1,25.02594,121.50651,28
500113008,20231025,1198,43,16,1,25.02594,121.50651,27
500113008,20231025,1199,43,16,1,25.02594,121.50651,27
500113008,20231025,1201,43,16,1,25.02594,121.50651,27
500113008,20231025,1202,43,16,1,25.02594,121.50651,27
500113008,20231025,1203,43,16,1,25.02594,121.50651,27
500113008,20231025,1204,43,16,1,25.02594,121.50651,27
500113008,20231025,1205,43,16,1,25.02594,121.50651,27
500113008,20231025,1206,43,16,1,25.02594,121.50651,27
500113008,20231025,1207,43,16,1,25.02594,121.50651,27
500113008,20231025,1208,43,16,1,25.02594,121.50651,27
500113008,20231025,1209,43,16,1,25.02594,121.50651,27
500113008,20231025,1210,43,16,1,25.02594,121.50651,27
500113008,20231025,1211,43,16,1,25.02594,121.50651,27
500113008,20231025,1212,43,16,1,25.02594,121.50651,27
500113008,20231025,1213,43,15,1,25.02594,121.50651,28
500113008,20231025,1214,43,15,1,25.02594,121.50651,28
500113008,20231025,1216,43,15,1,25.02594,121.50651,28
500113008,20231025,1217,43,15,1,25.02594,121.50651,28
500113008,20231025,1218,43,15,1,25.02594,121.50651,28
500113008,20231025,1219,43,15,1,25.02594,121.50651,28
500113008,20231025,1221,43,15,1,25.02594,121.50651,28
500113008,20231025,1222,43,15,1,25.02594,121.50651,28
500113008,20231025,1223,43,15,1,25.02594,121.50651,28
500113008,20231025,1224,43,15,1,25.02594,121.50651,28
500113008,20231025,1225,43,15,1,25.02594,121.50651,28
500113008,20231025,1226,43,15,1,25.02594,121.50651,28
500113008,20231025,1227,43,15,1,25.02594,121.50651,28
500113008,20231025,1228,43,15,1,25.02594,121.50651,28
500113008,20231025,1229,43,15,1,25.02594,121.50651,28
500113008,20231025,1231,43,15,1,25.02594,121.50651,28
500113008,20231025,1232,43,15,1,25.02594,121.50651,28
500113008,20231025,1233,43,15,1,25.02594,121.50651,28
500113008,20231025,1234,43,17,1,25.02594,121.50651,26
500113008,20231025,1235,43,18,1,25.02594,121.50651,25
500113008,20231025,1236,43,18,1,25.02594,121.50651,25
500113008,20231025,1237,43,17,1,25.02594,121.50651,26
500113008,20231025,1238,43,17,1,25.02594,121.50651,26
500113008,20231025,1239,43,17,1,25.02594,121.50651,26
500113008,20231025,1240,43,18,1,25.02594,121.50651,25
500113008,20231025,1241,43,18,1,25.02594,121.50651,25
500113008,20231025,1242,43,18,1,25.02594,121.50651,25
500113008,20231025,1243,43,18,1,25.02594,121.50651,25
500113008,20231025,1244,43,18,1,25.02594,121.50651,25
500113008,20231025,1245,43,18,1,25.02594,121.50651,25
500113008,20231025,1246,43,17,1,25.02594,121.50651,26
500113008,20231025,1247,43,17,1,25.02594,121.50651,26
500113008,20231025,1248,43,18,1,25.02594,121.50651,25
500113008,20231025,1249,43,18,1,25.02594,121.50651,25
500113008,20231025,1250,43,18,1,25.02594,121.50651,25
500113008,20231025,1251,43,18,1,25.02594,121.50651,25
500113008,20231025,1252,43,19,1,25.02594,121.50651,24
500113008,20231025,1253,43,19,1,25.02594,121.50651,24
500113008,20231025,1254,43,20,1,25.02594,121.50651,23
500113008,20231025,1255,43,19,1,25.02594,121.50651,24
500113008,20231025,1256,43,19,1,25.02594,121.50651,24
500113008,20231025,1257,43,18,1,25.02594,121.50651,25
500113008,20231025,1258,43,18,1,25.02594,121.50651,25
500113008,20231025,1259,43,18,1,25.02594,121.50651,25
500113008,20231025,1261,43,18,1,25.02594,121.50651,25
500113008,20231025,1262,43,18,1,25.02594,121.50651,25
500113008,20231025,1263,43,18,1,25.02594,121.50651,25
500113008,20231025,1264,43,18,1,25.02594,121.50651,25
500113008,20231025,1265,43,18,1,25.02594,121.50651,25
500113008,20231025,1266,43,20,1,25.02594,121.50651,23
500113008,20231025,1267,43,20,1,25.02594,121.50651,23
500113008,20231025,1268,43,20,1,25.02594,121.50651,23
500113008,20231025,1269,43,20,1,25.02594,121.50651,23
500113008,20231025,1270,43,20,1,25.02594,121.50651,23
500113008,20231025,1271,43,20,1,25.02594,121.50651,23
500113008,20231025,1272,43,20,1,25.02594,121.50651,23
500113008,20231025,1273,43,17,1,25.02594,121.50651,26
500113008,20231025,1274,43,17,1,25.02594,121.50651,26
500113008,20231025,1275,43,16,1,25.02594,121.50651,27
500113008,20231025,1276,43,17,1,25.02594,121.50651,26
500113008,20231025,1277,43,18,1,25.02594,121.50651,25
500113008,20231025,1278,43,18,1,25.02594,121.50651,25
500113008,20231025,1279,43,18,1,25.02594,121.50651,25
500113008,20231025,1281,43,19,1,25.02594,121.50651,24
500113008,20231025,1282,43,19,1,25.02594,121.50651,24
500113008,20231025,1283,43,20,1,25.02594,121.50651,23
500113008,20231025,1284,43,20,1,25.02594,121.50651,23
500113008,20231025,1285,43,23,1,25.02594,121.50651,20
500113008,20231025,1286,43,21,1,25.02594,121.50651,22
500113008,20231025,1287,43,21,1,25.02594,121.50651,22
500113008,20231025,1288,43,21,1,25.02594,121.50651,22
500113008,20231025,1289,43,21,1,25.02594,121.50651,22
500113008,20231025,1291,43,21,1,25.02594,121.50651,22
500113008,20231025,1292,43,21,1,25.02594,121.50651,22
500113008,20231025,1293,43,21,1,25.02594,121.50651,22
500113008,20231025,1294,43,22,1,25.02594,121.50651,21
500113008,20231025,1295,43,21,1,25.02594,121.50651,22
500113008,20231025,1296,43,21,1,25.02594,121.50651,22
500113008,20231025,1297,43,22,1,25.02594,121.50651,21
500113008,20231025,1298,43,23,1,25.02594,121.50651,20
500113008,20231025,1299,43,23,1,25.02594,121.50651,20
500113008,20231025,1301,43,23,1,25.02594,121.50651,20
500113008,20231025,1302,43,23,1,25.02594,121.50651,20
500113008,20231025,1303,43,23,1,25.02594,121.50651,20
500113008,20231025,1304,43,23,1,25.02594,121.50651,20
500113008,20231025,1305,43,24,1,25.02594,121.50651,19
500113008,20231025,1306,43,24,1,25.02594,121.50651,19
500113008,20231025,1307,43,24,1,25.02594,121.50651,19
500113008,20231025,1308,43,24,1,25.02594,121.50651,19
500113008,20231025,1309,43,24,1,25.02594,121.50651,19
500113008,20231025,1310,43,24,1,25.02594,121.50651,19
500113008,20231025,1311,43,24,1,25.02594,121.50651,19
500113008,20231025,1312,43,25,1,25.02594,121.50651,18
500113008,20231025,1313,43,26,1,25.02594,121.50651,17
500113008,20231025,1314,43,26,1,25.02594,121.50651,17
500113008,20231025,1315,43,26,1,25.02594,121.50651,17
500113008,20231025,1316,43,27,1,25.02594,121.50651,16
500113008,20231025,1317,43,27,1,25.02594,121.50651,16
500113008,20231025,1318,43,27,1,25.02594,121.50651,16
500113008,20231025,1319,43,27,1,25.02594,121.50651,16
500113008,20231025,1321,43,27,1,25.02594,121.50651,16
500113008,20231025,1322,43,27,1,25.02594,121.50651,16
500113008,20231025,1323,43,27,1,25.02594,121.50651,16
500113008,20231025,1324,43,27,1,25.02594,121.50651,16
500113008,20231025,1325,43,27,1,25.02594,121.50651,16
500113008,20231025,1326,43,27,1,25.02594,121.50651,16
500113008,20231025,1327,43,27,1,25.02594,121.50651,16
500113008,20231025,1328,43,27,1,25.02594,121.50651,16
500113008,20231025,1329,43,27,1,25.02594,121.50651,16
500113008,20231025,1330,43,26,1,25.02594,121.50651,17
500113008,20231025,1331,43,26,1,25.02594,121.50651,17
500113008,20231025,1332,43,26,1,25.02594,121.50651,17
500113008,20231025,1333,43,26,1,25.02594,121.50651,17
500113008,20231025,1334,43,26,1,25.02594,121.50651,17
500113008,20231025,1335,43,26,1,25.02594,121.50651,17
500113008,20231025,1336,43,26,1,25.02594,121.50651,17
500113008,20231025,1337,43,26,1,25.02594,121.50651,17
500113008,20231025,1338,43,26,1,25.02594,121.50651,17
500113008,20231025,1339,43,26,1,25.02594,121.50651,17
500113008,20231025,1341,43,26,1,25.02594,121.50651,17
500113008,20231025,1342,43,26,1,25.02594,121.50651,17
500113008,20231025,1343,43,26,1,25.02594,121.50651,17
500113008,20231025,1344,43,26,1,25.02594,121.50651,17
500113008,20231025,1345,43,26,1,25.02594,121.50651,17
500113008,20231025,1346,43,25,1,25.02594,121.50651,18
500113008,20231025,1347,43,25,1,25.02594,121.50651,18
500113008,20231025,1348,43,25,1,25.02594,121.50651,18
500113008,20231025,1349,43,25,1,25.02594,121.50651,18
500113008,20231025,1350,43,25,1,25.02594,121.50651,18
500113008,20231025,1351,43,24,1,25.02594,121.50651,19
500113008,20231025,1352,43,23,1,25.02594,121.50651,20
500113008,20231025,1353,43,23,1,25.02594,121.50651,20
500113008,20231025,1354,43,23,1,25.02594,121.50651,20
500113008,20231025,1355,43,23,1,25.02594,121.50651,20
500113008,20231025,1356,43,23,1,25.02594,121.50651,20
500113008,20231025,1358,43,23,1,25.02594,121.50651,20
500113008,20231025,1359,43,23,1,25.02594,121.50651,20
500113008,20231025,1360,43,24,1,25.02594,121.50651,19
500113008,20231025,1361,43,24,1,25.02594,121.50651,19
500113008,20231025,1362,43,24,1,25.02594,121.50651,19
500113008,20231025,1363,43,24,1,25.02594,121.50651,19
500113008,20231025,1364,43,24,1,25.02594,121.50651,19
500113008,20231025,1365,43,25,1,25.02594,121.50651,18
500113008,20231025,1366,43,25,1,25.02594,121.50651,18
500113008,20231025,1367,43,25,1,25.02594,121.50651,18
500113008,20231025,1368,43,25,1,25.02594,121.50651,18
500113008,20231025,1369,43,25,1,25.02594,121.50651,18
500113008,20231025,1370,43,26,1,25.02594,121.50651,17
500113008,20231025,1371,43,26,1,25.02594,121.50651,17
500113008,20231025,1372,43,26,1,25.02594,121.50651,17
500113008,20231025,1373,43,27,1,25.02594,121.50651,16
500113008,20231025,1374,43,27,1,25.02594,121.50651,16
500113008,20231025,1375,43,27,1,25.02594,121.50651,16
500113008,20231025,1376,43,27,1,25.02594,121.50651,16
500113008,20231025,1377,43,27,1,25.02594,121.50651,16
500113008,20231025,1378,43,26,1,25.02594,121.50651,17
500113008,20231025,1379,43,26,1,25.02594,121.50651,17
500113008,20231025,1381,43,26,1,25.02594,121.50651,17
500113008,20231025,1382,43,26,1,25.02594,121.50651,17
500113008,20231025,1383,43,26,1,25.02594,121.50651,17
500113008,20231025,1384,43,26,1,25.02594,121.50651,17
500113008,20231025,1385,43,26,1,25.02594,121.50651,17
500113008,20231025,1386,43,26,1,25.02594,121.50651,17
500113008,20231025,1387,43,26,1,25.02594,121.50651,17
500113008,20231025,1389,43,26,1,25.02594,121.50651,17
500113008,20231025,1390,43,26,1,25.02594,121.50651,17
500113008,20231025,1391,43,26,1,25.02594,121.50651,17
500113008,20231025,1392,43,26,1,25.02594,121.50651,17
500113008,20231025,1393,43,26,1,25.02594,121.50651,17
500113008,20231025,1394,43,26,1,25.02594,121.50651,17
500113008,20231025,1395,43,25,1,25.02594,121.50651,18
500113008,20231025,1396,43,25,1,25.02594,121.50651,18
500113008,20231025,1397,43,25,1,25.02594,121.50651,18
500113008,20231025,1398,43,25,1,25.02594,121.50651,18
500113008,20231025,1399,43,25,1,25.02594,121.50651,18
500113008,20231025,1401,43,25,1,25.02594,121.50651,18
500113008,20231025,1402,43,25,1,25.02594,121.50651,18
500113008,20231025,1403,43,26,1,25.02594,121.50651,17
500113008,20231025,1404,43,26,1,25.02594,121.50651,17
500113008,20231025,1405,43,26,1,25.02594,121.50651,17
500113008,20231025,1406,43,26,1,25.02594,121.50651,17
500113008,20231025,1407,43,26,1,25.02594,121.50651,17
500113008,20231025,1408,43,26,1,25.02594,121.50651,17
500113008,20231025,1409,43,26,1,25.02594,121.50651,17
500113008,20231025,1410,43,26,1,25.02594,121.50651,17
500113008,20231025,1411,43,26,1,25.02594,121.50651,17
500113008,20231025,1412,43,26,1,25.02594,121.50651,17
500113008,20231025,1413,43,26,1,25.02594,121.50651,17
500113008,20231025,1414,43,26,1,25.02594,121.50651,17
500113008,20231025,1415,43,26,1,25.02594,121.50651,17
500113008,20231025,1416,43,26,1,25.02594,121.50651,17
500113008,20231025,1417,43,26,1,25.02594,121.50651,17
500113008,20231025,1418,43,26,1,25.02594,121.50651,17
500113008,20231025,1419,43,26,1,25.02594,121.50651,17
500113008,20231025,1420,43,26,1,25.02594,121.50651,17
500113008,20231025,1421,43,26,1,25.02594,121.50651,17
500113008,20231025,1422,43,26,1,25.02594,121.50651,17
500113008,20231025,1423,43,26,1,25.02594,121.50651,17
500113008,20231025,1424,43,26,1,25.02594,121.50651,17
500113008,20231025,1425,43,26,1,25.02594,121.50651,17
500113008,20231025,1426,43,25,1,25.02594,121.50651,18
500113008,20231025,1427,43,25,1,25.02594,121.50651,18
500113008,20231025,1428,43,25,1,25.02594,121.50651,18
500113008,20231025,1429,43,25,1,25.02594,121.50651,18
500113008,20231025,1430,43,25,1,25.02594,121.50651,18
500113008,20231025,1431,43,25,1,25.02594,121.50651,18
500113008,20231025,1432,43,25,1,25.02594,121.50651,18
500113008,20231025,1433,43,25,1,25.02594,121.50651,18
500113008,20231025,1434,43,25,1,25.02594,121.50651,18
500113008,20231025,1435,43,25,1,25.02594,121.50651,18
500113008,20231025,1436,43,24,1,25.02594,121.50651,19
500113008,20231025,1438,43,24,1,25.02594,121.50651,19
500113008,20231025,1439,43,24,1,25.02594,121.50651,19
500113008,20231026,1,43,24,1,25.02594,121.50651,19
500113008,20231026,2,43,24,1,25.02594,121.50651,19
500113008,20231026,3,43,24,1,25.02594,121.50651,19
500113008,20231026,4,43,24,1,25.02594,121.50651,19
500113008,20231026,5,43,24,1,25.02594,121.50651,19
500113008,20231026,6,43,24,1,25.02594,121.50651,19
500113008,20231026,7,43,24,1,25.02594,121.50651,19
500113008,20231026,8,43,24,1,25.02594,121.50651,19
500113008,20231026,10,43,24,1,25.02594,121.50651,19
500113008,20231026,11,43,24,1,25.02594,121.50651,19
500113008,20231026,12,43,24,1,25.02594,121.50651,19
500113008,20231026,13,43,24,1,25.02594,121.50651,19
500113008,20231026,14,43,24,1,25.02594,121.50651,19
500113008,20231026,15,43,23,1,25.02594,121.50651,20
500113008,20231026,16,43,23,1,25.02594,121.50651,20
500113008,20231026,17,43,23,1,25.02594,121.50651,20
500113008,20231026,18,43,23,1,25.02594,121.50651,20
500113008,20231026,19,43,23,1,25.02594,121.50651,20
500113008,20231026,21,43,23,1,25.02594,121.50651,20
500113008,20231026,22,43,23,1,25.02594,121.50651,20
500113008,20231026,23,43,23,1,25.02594,121.50651,20
500113008,20231026,24,43,23,1,25.02594,121.50651,20
500113008,20231026,25,43,23,1,25.02594,121.50651,20
500113008,20231026,26,43,23,1,25.02594,121.50651,20
500113008,20231026,27,43,23,1,25.02594,121.50651,20
500113008,20231026,28,43,23,1,25.02594,121.50651,20
500113008,20231026,29,43,24,1,25.02594,121.50651,19
500113008,20231026,30,43,24,1,25.02594,121.50651,19
500113008,20231026,31,43,24,1,25.02594,121.50651,19
500113008,20231026,32,43,24,1,25.02594,121.50651,19
500113008,20231026,33,43,24,1,25.02594,121.50651,19
500113008,20231026,34,43,24,1,25.02594,121.50651,19
500113008,20231026,35,43,24,1,25.02594,121.50651,19
500113008,20231026,36,43,24,1,25.02594,121.50651,19
500113008,20231026,37,43,24,1,25.02594,121.50651,19
500113008,20231026,38,43,24,1,25.02594,121.50651,19
500113008,20231026,39,43,24,1,25.02594,121.50651,19
500113008,20231026,40,43,24,1,25.02594,121.50651,19
500113008,20231026,41,43,24,1,25.02594,121.50651,19
500113008,20231026,42,43,24,1,25.02594,121.50651,19
500113008,20231026,43,43,24,1,25.02594,121.50651,19
500113008,20231026,44,43,24,1,25.02594,121.50651,19
500113008,20231026,45,43,24,1,25.02594,121.50651,19
500113008,20231026,46,43,23,1,25.02594,121.50651,20
500113008,20231026,47,43,23,1,25.02594,121.50651,20
500113008,20231026,48,43,23,1,25.02594,121.50651,20
500113008,20231026,49,43,23,1,25.02594,121.50651,20
500113008,20231026,50,43,23,1,25.02594,121.50651,20
500113008,20231026,51,43,23,1,25.02594,121.50651,20
500113008,20231026,52,43,23,1,25.02594,121.50651,20
500113008,20231026,53,43,23,1,25.02594,121.50651,20
500113008,20231026,54,43,23,1,25.02594,121.50651,20
500113008,20231026,55,43,23,1,25.02594,121.50651,20
500113008,20231026,56,43,23,1,25.02594,121.50651,20
500113008,20231026,57,43,23,1,25.02594,121.50651,20
500113008,20231026,58,43,23,1,25.02594,121.50651,20
500113008,20231026,59,43,23,1,25.02594,121.50651,20
500113008,20231026,60,43,23,1,25.02594,121.50651,20
500113008,20231026,61,43,23,1,25.02594,121.50651,20
500113008,20231026,63,43,23,1,25.02594,121.50651,20
500113008,20231026,64,43,23,1,25.02594,121.50651,20
500113008,20231026,65,43,24,1,25.02594,121.50651,19
500113008,20231026,66,43,24,1,25.02594,121.50651,19
500113008,20231026,67,43,24,1,25.02594,121.50651,19
500113008,20231026,68,43,24,1,25.02594,121.50651,19
500113008,20231026,69,43,24,1,25.02594,121.50651,19
500113008,20231026,70,43,24,1,25.02594,121.50651,19
500113008,20231026,71,43,24,1,25.02594,121.50651,19
500113008,20231026,72,43,24,1,25.02594,121.50651,19
500113008,20231026,73,43,24,1,25.02594,121.50651,19
500113008,20231026,74,43,24,1,25.02594,121.50651,19
500113008,20231026,75,43,24,1,25.02594,121.50651,19
500113008,20231026,76,43,24,1,25.02594,121.50651,19
500113008,20231026,77,43,24,1,25.02594,121.50651,19
500113008,20231026,78,43,24,1,25.02594,121.50651,19
500113008,20231026,79,43,24,1,25.02594,121.50651,19
500113008,20231026,81,43,24,1,25.02594,121.50651,19
500113008,20231026,82,43,24,1,25.02594,121.50651,19
500113008,20231026,83,43,24,1,25.02594,121.50651,19
500113008,20231026,84,43,24,1,25.02594,121.50651,19
500113008,20231026,85,43,24,1,25.02594,121.50651,19
500113008,20231026,86,43,24,1,25.02594,121.50651,19
500113008,20231026,87,43,24,1,25.02594,121.50651,19
500113008,20231026,88,43,23,1,25.02594,121.50651,20
500113008,20231026,89,43,23,1,25.02594,121.50651,20
500113008,20231026,90,43,23,1,25.02594,121.50651,20
500113008,20231026,91,43,23,1,25.02594,121.50651,20
500113008,20231026,92,43,23,1,25.02594,121.50651,20
500113008,20231026,93,43,23,1,25.02594,121.50651,20
500113008,20231026,94,43,23,1,25.02594,121.50651,20
500113008,20231026,95,43,23,1,25.02594,121.50651,20
500113008,20231026,96,43,23,1,25.02594,121.50651,20
500113008,20231026,97,43,23,1,25.02594,121.50651,20
500113008,20231026,98,43,23,1,25.02594,121.50651,20
500113008,20231026,99,43,23,1,25.02594,121.50651,20
500113008,20231026,100,43,23,1,25.02594,121.50651,20
500113008,20231026,101,43,23,1,25.02594,121.50651,20
500113008,20231026,102,43,23,1,25.02594,121.50651,20
500113008,20231026,103,43,23,1,25.02594,121.50651,20
500113008,20231026,104,43,23,1,25.02594,121.50651,20
500113008,20231026,105,43,23,1,25.02594,121.50651,20
500113008,20231026,106,43,23,1,25.02594,121.50651,20
500113008,20231026,107,43,23,1,25.02594,121.50651,20
500113008,20231026,108,43,23,1,25.02594,121.50651,20
500113008,20231026,109,43,23,1,25.02594,121.50651,20
500113008,20231026,110,43,23,1,25.02594,121.50651,20
500113008,20231026,111,43,23,1,25.02594,121.50651,20
500113008,20231026,112,43,23,1,25.02594,121.50651,20
500113008,20231026,113,43,23,1,25.02594,121.50651,20
500113008,20231026,114,43,22,1,25.02594,121.50651,21
500113008,20231026,115,43,22,1,25.02594,121.50651,21
500113008,20231026,116,43,22,1,25.02594,121.50651,21
500113008,20231026,117,43,22,1,25.02594,121.50651,21
500113008,20231026,118,43,22,1,25.02594,121.50651,21
500113008,20231026,119,43,22,1,25.02594,121.50651,21
500113008,20231026,121,43,22,1,25.02594,121.50651,21
500113008,20231026,122,43,22,1,25.02594,121.50651,21
500113008,20231026,123,43,22,1,25.02594,121.50651,21
500113008,20231026,124,43,22,1,25.02594,121.50651,21
500113008,20231026,125,43,22,1,25.02594,121.50651,21
500113008,20231026,126,43,22,1,25.02594,121.50651,21
500113008,20231026,127,43,22,1,25.02594,121.50651,21
500113008,20231026,128,43,22,1,25.02594,121.50651,21
500113008,20231026,129,43,22,1,25.02594,121.50651,21
500113008,20231026,130,43,22,1,25.02594,121.50651,21
500113008,20231026,131,43,22,1,25.02594,121.50651,21
500113008,20231026,132,43,22,1,25.02594,121.50651,21
500113008,20231026,133,43,22,1,25.02594,121.50651,21
500113008,20231026,134,43,22,1,25.02594,121.50651,21
500113008,20231026,135,43,22,1,25.02594,121.50651,21
500113008,20231026,136,43,22,1,25.02594,121.50651,21
500113008,20231026,137,43,22,1,25.02594,121.50651,21
500113008,20231026,138,43,22,1,25.02594,121.50651,21
500113008,20231026,139,43,22,1,25.02594,121.50651,21
500113008,20231026,141,43,22,1,25.02594,121.50651,21
500113008,20231026,142,43,22,1,25.02594,121.50651,21
500113008,20231026,143,43,22,1,25.02594,121.50651,21
500113008,20231026,144,43,22,1,25.02594,121.50651,21
500113008,20231026,145,43,22,1,25.02594,121.50651,21
500113008,20231026,146,43,22,1,25.02594,121.50651,21
500113008,20231026,147,43,22,1,25.02594,121.50651,21
500113008,20231026,148,43,22,1,25.02594,121.50651,21
500113008,20231026,149,43,22,1,25.02594,121.50651,21
500113008,20231026,150,43,22,1,25.02594,121.50651,21
500113008,20231026,151,43,22,1,25.02594,121.50651,21
500113008,20231026,152,43,22,1,25.02594,121.50651,21
500113008,20231026,153,43,22,1,25.02594,121.50651,21
500113008,20231026,154,43,22,1,25.02594,121.50651,21
500113008,20231026,155,43,22,1,25.02594,121.50651,21
500113008,20231026,156,43,22,1,25.02594,121.50651,21
500113008,20231026,157,43,22,1,25.02594,121.50651,21
500113008,20231026,158,43,22,1,25.02594,121.50651,21
500113008,20231026,159,43,22,1,25.02594,121.50651,21
500113008,20231026,160,43,22,1,25.02594,121.50651,21
500113008,20231026,161,43,22,1,25.02594,121.50651,21
500113008,20231026,162,43,22,1,25.02594,121.50651,21
500113008,20231026,163,43,23,1,25.02594,121.50651,20
500113008,20231026,164,43,23,1,25.02594,121.50651,20
500113008,20231026,165,43,23,1,25.02594,121.50651,20
500113008,20231026,166,43,23,1,25.02594,121.50651,20
500113008,20231026,167,43,23,1,25.02594,121.50651,20
500113008,20231026,168,43,23,1,25.02594,121.50651,20
500113008,20231026,169,43,23,1,25.02594,121.50651,20
500113008,20231026,170,43,23,1,25.02594,121.50651,20
500113008,20231026,171,43,23,1,25.02594,121.50651,20
500113008,20231026,172,43,23,1,25.02594,121.50651,20
500113008,20231026,173,43,23,1,25.02594,121.50651,20
500113008,20231026,174,43,23,1,25.02594,121.50651,20
500113008,20231026,175,43,23,1,25.02594,121.50651,20
500113008,20231026,176,43,23,1,25.02594,121.50651,20
500113008,20231026,177,43,23,1,25.02594,121.50651,20
500113008,20231026,178,43,23,1,25.02594,121.50651,20
500113008,20231026,179,43,23,1,25.02594,121.50651,20
500113008,20231026,180,43,23,1,25.02594,121.50651,20
500113008,20231026,181,43,23,1,25.02594,121.50651,20
500113008,20231026,182,43,23,1,25.02594,121.50651,20
500113008,20231026,183,43,22,1,25.02594,121.50651,21
500113008,20231026,184,43,22,1,25.02594,121.50651,21
500113008,20231026,185,43,22,1,25.02594,121.50651,21
500113008,20231026,186,43,22,1,25.02594,121.50651,21
500113008,20231026,187,43,22,1,25.02594,121.50651,21
500113008,20231026,188,43,22,1,25.02594,121.50651,21
500113008,20231026,189,43,22,1,25.02594,121.50651,21
500113008,20231026,190,43,22,1,25.02594,121.50651,21
500113008,20231026,191,43,22,1,25.02594,121.50651,21
500113008,20231026,192,43,22,1,25.02594,121.50651,21
500113008,20231026,193,43,22,1,25.02594,121.50651,21
500113008,20231026,194,43,22,1,25.02594,121.50651,21
500113008,20231026,195,43,22,1,25.02594,121.50651,21
500113008,20231026,196,43,22,1,25.02594,121.50651,21
500113008,20231026,197,43,22,1,25.02594,121.50651,21
500113008,20231026,198,43,22,1,25.02594,121.50651,21
500113008,20231026,199,43,22,1,25.02594,121.50651,21
500113008,20231026,201,43,22,1,25.02594,121.50651,21
500113008,20231026,202,43,22,1,25.02594,121.50651,21
500113008,20231026,203,43,22,1,25.02594,121.50651,21
500113008,20231026,204,43,22,1,25.02594,121.50651,21
500113008,20231026,205,43,22,1,25.02594,121.50651,21
500113008,20231026,206,43,22,1,25.02594,121.50651,21
500113008,20231026,207,43,22,1,25.02594,121.50651,21
500113008,20231026,208,43,22,1,25.02594,121.50651,21
500113008,20231026,209,43,22,1,25.02594,121.50651,21
500113008,20231026,210,43,22,1,25.02594,121.50651,21
500113008,20231026,211,43,22,1,25.02594,121.50651,21
500113008,20231026,212,43,22,1,25.02594,121.50651,21
500113008,20231026,213,43,22,1,25.02594,121.50651,21
500113008,20231026,214,43,22,1,25.02594,121.50651,21
500113008,20231026,215,43,22,1,25.02594,121.50651,21
500113008,20231026,216,43,22,1,25.02594,121.50651,21
500113008,20231026,217,43,22,1,25.02594,121.50651,21
500113008,20231026,218,43,22,1,25.02594,121.50651,21
500113008,20231026,219,43,22,1,25.02594,121.50651,21
500113008,20231026,220,43,22,1,25.02594,121.50651,21
500113008,20231026,221,43,22,1,25.02594,121.50651,21
500113008,20231026,222,43,22,1,25.02594,121.50651,21
500113008,20231026,223,43,22,1,25.02594,121.50651,21
500113008,20231026,224,43,22,1,25.02594,121.50651,21
500113008,20231026,225,43,22,1,25.02594,121.50651,21
500113008,20231026,226,43,22,1,25.02594,121.50651,21
500113008,20231026,227,43,22,1,25.02594,121.50651,21
500113008,20231026,228,43,22,1,25.02594,121.50651,21
500113008,20231026,229,43,22,1,25.02594,121.50651,21
500113008,20231026,230,43,22,1,25.02594,121.50651,21
500113008,20231026,231,43,22,1,25.02594,121.50651,21
500113008,20231026,232,43,22,1,25.02594,121.50651,21
500113008,20231026,233,43,22,1,25.02594,121.50651,21
500113008,20231026,234,43,22,1,25.02594,121.50651,21
500113008,20231026,235,43,22,1,25.02594,121.50651,21
500113008,20231026,236,43,22,1,25.02594,121.50651,21
500113008,20231026,237,43,22,1,25.02594,121.50651,21
500113008,20231026,238,43,22,1,25.02594,121.50651,21
500113008,20231026,239,43,22,1,25.02594,121.50651,21
500113008,20231026,240,43,22,1,25.02594,121.50651,21
500113008,20231026,241,43,22,1,25.02594,121.50651,21
500113008,20231026,242,43,22,1,25.02594,121.50651,21
500113008,20231026,243,43,22,1,25.02594,121.50651,21
500113008,20231026,244,43,22,1,25.02594,121.50651,21
500113008,20231026,245,43,22,1,25.02594,121.50651,21
500113008,20231026,246,43,22,1,25.02594,121.50651,21
500113008,20231026,248,43,22,1,25.02594,121.50651,21
500113008,20231026,249,43,22,1,25.02594,121.50651,21
500113008,20231026,250,43,22,1,25.02594,121.50651,21
500113008,20231026,251,43,22,1,25.02594,121.50651,21
500113008,20231026,252,43,22,1,25.02594,121.50651,21
500113008,20231026,253,43,22,1,25.02594,121.50651,21
500113008,20231026,254,43,22,1,25.02594,121.50651,21
500113008,20231026,255,43,22,1,25.02594,121.50651,21
500113008,20231026,256,43,22,1,25.02594,121.50651,21
500113008,20231026,257,43,22,1,25.02594,121.50651,21
500113008,20231026,258,43,22,1,25.02594,121.50651,21
500113008,20231026,259,43,22,1,25.02594,121.50651,21
500113008,20231026,261,43,22,1,25.02594,121.50651,21
500113008,20231026,262,43,22,1,25.02594,121.50651,21
500113008,20231026,263,43,22,1,25.02594,121.50651,21
500113008,20231026,264,43,22,1,25.02594,121.50651,21
500113008,20231026,265,43,22,1,25.02594,121.50651,21
500113008,20231026,266,43,22,1,25.02594,121.50651,21
500113008,20231026,267,43,22,1,25.02594,121.50651,21
500113008,20231026,268,43,22,1,25.02594,121.50651,21
500113008,20231026,269,43,22,1,25.02594,121.50651,21
500113008,20231026,270,43,22,1,25.02594,121.50651,21
500113008,20231026,271,43,22,1,25.02594,121.50651,21
500113008,20231026,272,43,22,1,25.02594,121.50651,21
500113008,20231026,273,43,22,1,25.02594,121.50651,21
500113008,20231026,274,43,22,1,25.02594,121.50651,21
500113008,20231026,275,43,22,1,25.02594,121.50651,21
500113008,20231026,276,43,22,1,25.02594,121.50651,21
500113008,20231026,277,43,22,1,25.02594,121.50651,21
500113008,20231026,278,43,22,1,25.02594,121.50651,21
500113008,20231026,279,43,22,1,25.02594,121.50651,21
500113008,20231026,280,43,22,1,25.02594,121.50651,21
500113008,20231026,281,43,22,1,25.02594,121.50651,21
500113008,20231026,282,43,23,1,25.02594,121.50651,20
500113008,20231026,283,43,23,1,25.02594,121.50651,20
500113008,20231026,284,43,23,1,25.02594,121.50651,20
500113008,20231026,285,43,23,1,25.02594,121.50651,20
500113008,20231026,286,43,23,1,25.02594,121.50651,20
500113008,20231026,287,43,23,1,25.02594,121.50651,20
500113008,20231026,288,43,22,1,25.02594,121.50651,21
500113008,20231026,289,43,22,1,25.02594,121.50651,21
500113008,20231026,290,43,22,1,25.02594,121.50651,21
500113008,20231026,291,43,22,1,25.02594,121.50651,21
500113008,20231026,292,43,22,1,25.02594,121.50651,21
500113008,20231026,293,43,22,1,25.02594,121.50651,21
500113008,20231026,294,43,22,1,25.02594,121.50651,21
500113008,20231026,295,43,22,1,25.02594,121.50651,21
500113008,20231026,296,43,22,1,25.02594,121.50651,21
500113008,20231026,297,43,22,1,25.02594,121.50651,21
500113008,20231026,298,43,22,1,25.02594,121.50651,21
500113008,20231026,299,43,22,1,25.02594,121.50651,21
500113008,20231026,300,43,22,1,25.02594,121.50651,21
500113008,20231026,301,43,22,1,25.02594,121.50651,21
500113008,20231026,302,43,22,1,25.02594,121.50651,21
500113008,20231026,303,43,22,1,25.02594,121.50651,21
500113008,20231026,304,43,22,1,25.02594,121.50651,21
500113008,20231026,305,43,22,1,25.02594,121.50651,21
500113008,20231026,306,43,22,1,25.02594,121.50651,21
500113008,20231026,307,43,22,1,25.02594,121.50651,21
500113008,20231026,308,43,22,1,25.02594,121.50651,21
500113008,20231026,309,43,22,1,25.02594,121.50651,21
500113008,20231026,310,43,22,1,25.02594,121.50651,21
500113008,20231026,311,43,22,1,25.02594,121.50651,21
500113008,20231026,312,43,22,1,25.02594,121.50651,21
500113008,20231026,313,43,22,1,25.02594,121.50651,21
500113008,20231026,314,43,22,1,25.02594,121.50651,21
500113008,20231026,315,43,22,1,25.02594,121.50651,21
500113008,20231026,316,43,22,1,25.02594,121.50651,21
500113008,20231026,317,43,22,1,25.02594,121.50651,21
500113008,20231026,318,43,22,1,25.02594,121.50651,21
500113008,20231026,319,43,22,1,25.02594,121.50651,21
500113008,20231026,321,43,22,1,25.02594,121.50651,21
500113008,20231026,322,43,22,1,25.02594,121.50651,21
500113008,20231026,323,43,22,1,25.02594,121.50651,21
500113008,20231026,324,43,21,1,25.02594,121.50651,22
500113008,20231026,325,43,21,1,25.02594,121.50651,22
500113008,20231026,326,43,21,1,25.02594,121.50651,22
500113008,20231026,327,43,21,1,25.02594,121.50651,22
500113008,20231026,328,43,21,1,25.02594,121.50651,22
500113008,20231026,329,43,21,1,25.02594,121.50651,22
500113008,20231026,330,43,21,1,25.02594,121.50651,22
500113008,20231026,331,43,21,1,25.02594,121.50651,22
500113008,20231026,332,43,21,1,25.02594,121.50651,22
500113008,20231026,333,43,21,1,25.02594,121.50651,22
500113008,20231026,334,43,21,1,25.02594,121.50651,22
500113008,20231026,335,43,21,1,25.02594,121.50651,22
500113008,20231026,336,43,21,1,25.02594,121.50651,22
500113008,20231026,337,43,21,1,25.02594,121.50651,22
500113008,20231026,338,43,21,1,25.02594,121.50651,22
500113008,20231026,339,43,21,1,25.02594,121.50651,22
500113008,20231026,340,43,21,1,25.02594,121.50651,22
500113008,20231026,341,43,21,1,25.02594,121.50651,22
500113008,20231026,342,43,21,1,25.02594,121.50651,22
500113008,20231026,343,43,21,1,25.02594,121.50651,22
500113008,20231026,344,43,21,1,25.02594,121.50651,22
500113008,20231026,345,43,21,1,25.02594,121.50651,22
500113008,20231026,346,43,21,1,25.02594,121.50651,22
500113008,20231026,347,43,21,1,25.02594,121.50651,22
500113008,20231026,348,43,21,1,25.02594,121.50651,22
500113008,20231026,349,43,21,1,25.02594,121.50651,22
500113008,20231026,350,43,21,1,25.02594,121.50651,22
500113008,20231026,351,43,21,1,25.02594,121.50651,22
500113008,20231026,352,43,21,1,25.02594,121.50651,22
500113008,20231026,353,43,21,1,25.02594,121.50651,22
500113008,20231026,354,43,21,1,25.02594,121.50651,22
500113008,20231026,355,43,21,1,25.02594,121.50651,22
500113008,20231026,356,43,21,1,25.02594,121.50651,22
500113008,20231026,357,43,21,1,25.02594,121.50651,22
500113008,20231026,358,43,21,1,25.02594,121.50651,22
500113008,20231026,359,43,21,1,25.02594,121.50651,22
500113008,20231026,360,43,21,1,25.02594,121.50651,22
500113008,20231026,361,43,21,1,25.02594,121.50651,22
500113008,20231026,362,43,21,1,25.02594,121.50651,22
500113008,20231026,363,43,21,1,25.02594,121.50651,22
500113008,20231026,364,43,21,1,25.02594,121.50651,22
500113008,20231026,365,43,22,1,25.02594,121.50651,21
500113008,20231026,366,43,22,1,25.02594,121.50651,21
500113008,20231026,367,43,22,1,25.02594,121.50651,21
500113008,20231026,368,43,22,1,25.02594,121.50651,21
500113008,20231026,369,43,22,1,25.02594,121.50651,21
500113008,20231026,370,43,22,1,25.02594,121.50651,21
500113008,20231026,371,43,22,1,25.02594,121.50651,21
500113008,20231026,372,43,22,1,25.02594,121.50651,21
500113008,20231026,373,43,22,1,25.02594,121.50651,21
500113008,20231026,374,43,22,1,25.02594,121.50651,21
500113008,20231026,375,43,20,1,25.02594,121.50651,23
500113008,20231026,376,43,20,1,25.02594,121.50651,23
500113008,20231026,377,43,20,1,25.02594,121.50651,23
500113008,20231026,378,43,20,1,25.02594,121.50651,23
500113008,20231026,379,43,20,1,25.02594,121.50651,23
500113008,20231026,381,43,20,1,25.02594,121.50651,23
500113008,20231026,382,43,20,1,25.02594,121.50651,23
500113008,20231026,383,43,21,1,25.02594,121.50651,22
500113008,20231026,384,43,21,1,25.02594,121.50651,22
500113008,20231026,385,43,21,1,25.02594,121.50651,22
500113008,20231026,386,43,22,1,25.02594,121.50651,21
500113008,20231026,387,43,22,1,25.02594,121.50651,21
500113008,20231026,388,43,22,1,25.02594,121.50651,21
500113008,20231026,389,43,22,1,25.02594,121.50651,21
500113008,20231026,390,43,22,1,25.02594,121.50651,21
500113008,20231026,391,43,22,1,25.02594,121.50651,21
500113008,20231026,392,43,22,1,25.02594,121.50651,21
500113008,20231026,393,43,22,1,25.02594,121.50651,21
500113008,20231026,394,43,22,1,25.02594,121.50651,21
500113008,20231026,395,43,22,1,25.02594,121.50651,21
500113008,20231026,396,43,22,1,25.02594,121.50651,21
500113008,20231026,397,43,23,1,25.02594,121.50651,20
500113008,20231026,398,43,23,1,25.02594,121.50651,20
500113008,20231026,399,43,24,1,25.02594,121.50651,19
500113008,20231026,400,43,24,1,25.02594,121.50651,19
500113008,20231026,401,43,24,1,25.02594,121.50651,19
500113008,20231026,402,43,24,1,25.02594,121.50651,19
500113008,20231026,403,43,24,1,25.02594,121.50651,19
500113008,20231026,404,43,24,1,25.02594,121.50651,19
500113008,20231026,405,43,23,1,25.02594,121.50651,20
500113008,20231026,406,43,23,1,25.02594,121.50651,20
500113008,20231026,407,43,23,1,25.02594,121.50651,20
500113008,20231026,408,43,23,1,25.02594,121.50651,20
500113008,20231026,409,43,23,1,25.02594,121.50651,20
500113008,20231026,410,43,23,1,25.02594,121.50651,20
500113008,20231026,411,43,23,1,25.02594,121.50651,20
500113008,20231026,412,43,25,1,25.02594,121.50651,18
500113008,20231026,413,43,25,1,25.02594,121.50651,18
500113008,20231026,414,43,25,1,25.02594,121.50651,18
500113008,20231026,415,43,25,1,25.02594,121.50651,18
500113008,20231026,416,43,27,1,25.02594,121.50651,16
500113008,20231026,417,43,27,1,25.02594,121.50651,16
500113008,20231026,418,43,27,1,25.02594,121.50651,16
500113008,20231026,419,43,27,1,25.02594,121.50651,16
500113008,20231026,421,43,27,1,25.02594,121.50651,16
500113008,20231026,422,43,27,1,25.02594,121.50651,16
500113008,20231026,423,43,27,1,25.02594,121.50651,16
500113008,20231026,424,43,26,1,25.02594,121.50651,17
500113008,20231026,425,43,24,1,25.02594,121.50651,19
500113008,20231026,426,43,24,1,25.02594,121.50651,19
500113008,20231026,427,43,24,1,25.02594,121.50651,19
500113008,20231026,428,43,23,1,25.02594,121.50651,20
500113008,20231026,429,43,22,1,25.02594,121.50651,21
500113008,20231026,430,43,22,1,25.02594,121.50651,21
500113008,20231026,431,43,23,1,25.02594,121.50651,20
500113008,20231026,432,43,24,1,25.02594,121.50651,19
500113008,20231026,433,43,25,1,25.02594,121.50651,18
500113008,20231026,434,43,24,1,25.02594,121.50651,19
500113008,20231026,435,43,24,1,25.02594,121.50651,19
500113008,20231026,436,43,25,1,25.02594,121.50651,18
500113008,20231026,437,43,25,1,25.02594,121.50651,18
500113008,20231026,438,43,25,1,25.02594,121.50651,18
500113008,20231026,439,43,23,1,25.02594,121.50651,20
500113008,20231026,441,43,23,1,25.02594,121.50651,20
500113008,20231026,442,43,25,1,25.02594,121.50651,18
500113008,20231026,443,43,24,1,25.02594,121.50651,19
500113008,20231026,444,43,24,1,25.02594,121.50651,19
500113008,20231026,445,43,24,1,25.02594,121.50651,19
500113008,20231026,446,43,24,1,25.02594,121.50651,19
500113008,20231026,447,43,24,1,25.02594,121.50651,19
500113008,20231026,448,43,25,1,25.02594,121.50651,18
500113008,20231026,449,43,25,1,25.02594,121.50651,18
500113008,20231026,451,43,25,1,25.02594,121.50651,18
500113008,20231026,452,43,25,1,25.02594,121.50651,18
500113008,20231026,453,43,25,1,25.02594,121.50651,18
500113008,20231026,454,43,25,1,25.02594,121.50651,18
500113008,20231026,455,43,25,1,25.02594,121.50651,18
500113008,20231026,456,43,25,1,25.02594,121.50651,18
500113008,20231026,457,43,25,1,25.02594,121.50651,18
500113008,20231026,458,43,25,1,25.02594,121.50651,18
500113008,20231026,459,43,25,1,25.02594,121.50651,18
500113008,20231026,460,43,24,1,25.02594,121.50651,19
500113008,20231026,461,43,24,1,25.02594,121.50651,19
500113008,20231026,462,43,24,1,25.02594,121.50651,19
500113008,20231026,463,43,24,1,25.02594,121.50651,19
500113008,20231026,464,43,24,1,25.02594,121.50651,19
500113008,20231026,465,43,23,1,25.02594,121.50651,20
500113008,20231026,466,43,21,1,25.02594,121.50651,22
500113008,20231026,467,43,21,1,25.02594,121.50651,22
500113008,20231026,468,43,22,1,25.02594,121.50651,21
500113008,20231026,469,43,22,1,25.02594,121.50651,21
500113008,20231026,470,43,22,1,25.02594,121.50651,21
500113008,20231026,471,43,22,1,25.02594,121.50651,21
500113008,20231026,472,43,21,1,25.02594,121.50651,22
500113008,20231026,473,43,21,1,25.02594,121.50651,22
500113008,20231026,474,43,21,1,25.02594,121.50651,22
500113008,20231026,475,43,21,1,25.02594,121.50651,22
500113008,20231026,476,43,21,1,25.02594,121.50651,22
500113008,20231026,477,43,22,1,25.02594,121.50651,21
500113008,20231026,478,43,23,1,25.02594,121.50651,20
500113008,20231026,479,43,24,1,25.02594,121.50651,19
500113008,20231026,481,43,23,1,25.02594,121.50651,20
500113008,20231026,482,43,23,1,25.02594,121.50651,20
500113008,20231026,483,43,23,1,25.02594,121.50651,20
500113008,20231026,484,43,23,1,25.02594,121.50651,20
500113008,20231026,485,43,24,1,25.02594,121.50651,19
500113008,20231026,486,43,24,1,25.02594,121.50651,19
500113008,20231026,487,43,24,1,25.02594,121.50651,19
500113008,20231026,488,43,24,1,25.02594,121.50651,19
500113008,20231026,489,43,24,1,25.02594,121.50651,19
500113008,20231026,490,43,23,1,25.02594,121.50651,20
500113008,20231026,491,43,23,1,25.02594,121.50651,20
500113008,20231026,492,43,24,1,25.02594,121.50651,19
500113008,20231026,493,43,24,1,25.02594,121.50651,19
500113008,20231026,494,43,25,1,25.02594,121.50651,18
500113008,20231026,495,43,25,1,25.02594,121.50651,18
500113008,20231026,496,43,25,1,25.02594,121.50651,18
500113008,20231026,497,43,25,1,25.02594,121.50651,18
500113008,20231026,498,43,25,1,25.02594,121.50651,18
500113008,20231026,499,43,25,1,25.02594,121.50651,18
500113008,20231026,501,43,26,1,25.02594,121.50651,17
500113008,20231026,502,43,26,1,25.02594,121.50651,17
500113008,20231026,503,43,27,1,25.02594,121.50651,16
500113008,20231026,504,43,27,1,25.02594,121.50651,16
500113008,20231026,505,43,27,1,25.02594,121.50651,16
500113008,20231026,506,43,27,1,25.02594,121.50651,16
500113008,20231026,507,43,27,1,25.02594,121.50651,16
500113008,20231026,508,43,27,1,25.02594,121.50651,16
500113008,20231026,509,43,28,1,25.02594,121.50651,15
500113008,20231026,511,43,28,1,25.02594,121.50651,15
500113008,20231026,512,43,28,1,25.02594,121.50651,15
500113008,20231026,513,43,28,1,25.02594,121.50651,15
500113008,20231026,514,43,28,1,25.02594,121.50651,15
500113008,20231026,515,43,28,1,25.02594,121.50651,15
500113008,20231026,516,43,28,1,25.02594,121.50651,15
500113008,20231026,517,43,30,1,25.02594,121.50651,13
500113008,20231026,519,43,30,1,25.02594,121.50651,13
500113008,20231026,520,43,30,1,25.02594,121.50651,13
500113008,20231026,521,43,30,1,25.02594,121.50651,13
500113008,20231026,522,43,29,1,25.02594,121.50651,14
500113008,20231026,523,43,29,1,25.02594,121.50651,14
500113008,20231026,524,43,29,1,25.02594,121.50651,14
500113008,20231026,525,43,29,1,25.02594,121.50651,14
500113008,20231026,526,43,29,1,25.02594,121.50651,14
500113008,20231026,527,43,29,1,25.02594,121.50651,14
500113008,20231026,528,43,29,1,25.02594,121.50651,14
500113008,20231026,529,43,29,1,25.02594,121.50651,14
500113008,20231026,530,43,29,1,25.02594,121.50651,14
500113008,20231026,531,43,28,1,25.02594,121.50651,15
500113008,20231026,532,43,28,1,25.02594,121.50651,15
500113008,20231026,533,43,28,1,25.02594,121.50651,15
500113008,20231026,534,43,28,1,25.02594,121.50651,15
500113008,20231026,535,43,28,1,25.02594,121.50651,15
500113008,20231026,536,43,28,1,25.02594,121.50651,15
500113008,20231026,537,43,28,1,25.02594,121.50651,15
500113008,20231026,538,43,29,1,25.02594,121.50651,14
500113008,20231026,539,43,29,1,25.02594,121.50651,14
500113008,20231026,541,43,29,1,25.02594,121.50651,14
500113008,20231026,542,43,30,1,25.02594,121.50651,13
500113008,20231026,543,43,29,1,25.02594,121.50651,14
500113008,20231026,544,43,29,1,25.02594,121.50651,14
500113008,20231026,545,43,30,1,25.02594,121.50651,13
500113008,20231026,546,43,30,1,25.02594,121.50651,13
500113008,20231026,547,43,30,1,25.02594,121.50651,13
500113008,20231026,548,43,30,1,25.02594,121.50651,13
500113008,20231026,549,43,30,1,25.02594,121.50651,13
500113008,20231026,550,43,30,1,25.02594,121.50651,13
500113008,20231026,551,43,30,1,25.02594,121.50651,13
500113008,20231026,552,43,30,1,25.02594,121.50651,13
500113008,20231026,553,43,30,1,25.02594,121.50651,13
500113008,20231026,554,43,30,1,25.02594,121.50651,13
500113008,20231026,555,43,30,1,25.02594,121.50651,13
500113008,20231026,557,43,31,1,25.02594,121.50651,12
500113008,20231026,558,43,31,1,25.02594,121.50651,12
500113008,20231026,559,43,31,1,25.02594,121.50651,12
500113008,20231026,561,43,32,1,25.02594,121.50651,11
500113008,20231026,562,43,32,1,25.02594,121.50651,11
500113008,20231026,563,43,32,1,25.02594,121.50651,11
500113008,20231026,564,43,32,1,25.02594,121.50651,11
500113008,20231026,565,43,32,1,25.02594,121.50651,11
500113008,20231026,566,43,32,1,25.02594,121.50651,11
500113008,20231026,567,43,32,1,25.02594,121.50651,11
500113008,20231026,568,43,32,1,25.02594,121.50651,11
500113008,20231026,569,43,32,1,25.02594,121.50651,11
500113008,20231026,571,43,31,1,25.02594,121.50651,12
500113008,20231026,572,43,31,1,25.02594,121.50651,12
500113008,20231026,573,43,31,1,25.02594,121.50651,12
500113008,20231026,574,43,31,1,25.02594,121.50651,12
500113008,20231026,575,43,31,1,25.02594,121.50651,12
500113008,20231026,576,43,31,1,25.02594,121.50651,12
500113008,20231026,577,43,31,1,25.02594,121.50651,12
500113008,20231026,578,43,31,1,25.02594,121.50651,12
500113008,20231026,579,43,31,1,25.02594,121.50651,12
500113008,20231026,580,43,31,1,25.02594,121.50651,12
500113008,20231026,581,43,30,1,25.02594,121.50651,13
500113008,20231026,582,43,30,1,25.02594,121.50651,13
500113008,20231026,583,43,30,1,25.02594,121.50651,13
500113008,20231026,584,43,30,1,25.02594,121.50651,13
500113008,20231026,585,43,30,1,25.02594,121.50651,13
500113008,20231026,586,43,29,1,25.02594,121.50651,14
500113008,20231026,587,43,29,1,25.02594,121.50651,14
500113008,20231026,588,43,29,1,25.02594,121.50651,14
500113008,20231026,589,43,29,1,25.02594,121.50651,14
500113008,20231026,590,43,29,1,25.02594,121.50651,14
500113008,20231026,591,43,29,1,25.02594,121.50651,14
500113008,20231026,592,43,29,1,25.02594,121.50651,14
500113008,20231026,593,43,28,1,25.02594,121.50651,15
500113008,20231026,594,43,28,1,25.02594,121.50651,15
500113008,20231026,595,43,28,1,25.02594,121.50651,15
500113008,20231026,596,43,28,1,25.02594,121.50651,15
500113008,20231026,597,43,28,1,25.02594,121.50651,15
500113008,20231026,598,43,28,1,25.02594,121.50651,15
500113008,20231026,599,43,28,1,25.02594,121.50651,15
500113008,20231026,601,43,28,1,25.02594,121.50651,15
500113008,20231026,602,43,28,1,25.02594,121.50651,15
500113008,20231026,603,43,28,1,25.02594,121.50651,15
500113008,20231026,604,43,28,1,25.02594,121.50651,15
500113008,20231026,605,43,29,1,25.02594,121.50651,14
500113008,20231026,606,43,29,1,25.02594,121.50651,14
500113008,20231026,607,43,29,1,25.02594,121.50651,14
500113008,20231026,608,43,29,1,25.02594,121.50651,14
500113008,20231026,609,43,29,1,25.02594,121.50651,14
500113008,20231026,610,43,30,1,25.02594,121.50651,13
500113008,20231026,611,43,30,1,25.02594,121.50651,13
500113008,20231026,612,43,30,1,25.02594,121.50651,13
500113008,20231026,613,43,30,1,25.02594,121.50651,13
500113008,20231026,614,43,30,1,25.02594,121.50651,13
500113008,20231026,615,43,30,1,25.02594,121.50651,13
500113008,20231026,616,43,31,1,25.02594,121.50651,12
500113008,20231026,617,43,31,1,25.02594,121.50651,12
500113008,20231026,618,43,31,1,25.02594,121.50651,12
500113008,20231026,619,43,31,1,25.02594,121.50651,12
500113008,20231026,621,43,31,1,25.02594,121.50651,12
500113008,20231026,622,43,31,1,25.02594,121.50651,12
500113008,20231026,623,43,32,1,25.02594,121.50651,11
500113008,20231026,624,43,32,1,25.02594,121.50651,11
500113008,20231026,625,43,33,1,25.02594,121.50651,10
500113008,20231026,626,43,33,1,25.02594,121.50651,10
500113008,20231026,627,43,33,1,25.02594,121.50651,10
500113008,20231026,628,43,33,1,25.02594,121.50651,10
500113008,20231026,629,43,33,1,25.02594,121.50651,10
500113008,20231026,631,43,33,1,25.02594,121.50651,10
500113008,20231026,632,43,33,1,25.02594,121.50651,10
500113008,20231026,633,43,33,1,25.02594,121.50651,10
500113008,20231026,634,43,33,1,25.02594,121.50651,10
500113008,20231026,635,43,33,1,25.02594,121.50651,10
500113008,20231026,636,43,33,1,25.02594,121.50651,10
500113008,20231026,637,43,33,1,25.02594,121.50651,10
500113008,20231026,638,43,32,1,25.02594,121.50651,11
500113008,20231026,639,43,32,1,25.02594,121.50651,11
500113008,20231026,640,43,32,1,25.02594,121.50651,11
500113008,20231026,641,43,32,1,25.02594,121.50651,11
500113008,20231026,642,43,32,1,25.02594,121.50651,11
500113008,20231026,643,43,32,1,25.02594,121.50651,11
500113008,20231026,644,43,32,1,25.02594,121.50651,11
500113008,20231026,645,43,31,1,25.02594,121.50651,12
500113008,20231026,646,43,31,1,25.02594,121.50651,12
500113008,20231026,647,43,32,1,25.02594,121.50651,11
500113008,20231026,648,43,32,1,25.02594,121.50651,11
500113008,20231026,649,43,31,1,25.02594,121.50651,12
500113008,20231026,650,43,31,1,25.02594,121.50651,12
500113008,20231026,651,43,31,1,25.02594,121.50651,12
500113008,20231026,652,43,31,1,25.02594,121.50651,12
500113008,20231026,653,43,31,1,25.02594,121.50651,12
500113008,20231026,654,43,31,1,25.02594,121.50651,12
500113008,20231026,655,43,31,1,25.02594,121.50651,12
500113008,20231026,656,43,31,1,25.02594,121.50651,12
500113008,20231026,657,43,31,1,25.02594,121.50651,12
500113008,20231026,658,43,31,1,25.02594,121.50651,12
500113008,20231026,659,43,31,1,25.02594,121.50651,12
500113008,20231026,661,43,31,1,25.02594,121.50651,12
500113008,20231026,662,43,31,1,25.02594,121.50651,12
500113008,20231026,663,43,31,1,25.02594,121.50651,12
500113008,20231026,664,43,31,1,25.02594,121.50651,12
500113008,20231026,665,43,31,1,25.02594,121.50651,12
500113008,20231026,666,43,31,1,25.02594,121.50651,12
500113008,20231026,667,43,31,1,25.02594,121.50651,12
500113008,20231026,668,43,31,1,25.02594,121.50651,12
500113008,20231026,669,43,31,1,25.02594,121.50651,12
500113008,20231026,670,43,31,1,25.02594,121.50651,12
500113008,20231026,671,43,31,1,25.02594,121.50651,12
500113008,20231026,672,43,31,1,25.02594,121.50651,12
500113008,20231026,673,43,31,1,25.02594,121.50651,12
500113008,20231026,674,43,31,1,25.02594,121.50651,12
500113008,20231026,675,43,31,1,25.02594,121.50651,12
500113008,20231026,676,43,31,1,25.02594,121.50651,12
500113008,20231026,677,43,31,1,25.02594,121.50651,12
500113008,20231026,678,43,30,1,25.02594,121.50651,13
500113008,20231026,679,43,30,1,25.02594,121.50651,13
500113008,20231026,681,43,30,1,25.02594,121.50651,13
500113008,20231026,682,43,30,1,25.02594,121.50651,13
500113008,20231026,683,43,30,1,25.02594,121.50651,13
500113008,20231026,684,43,30,1,25.02594,121.50651,13
500113008,20231026,685,43,30,1,25.02594,121.50651,13
500113008,20231026,686,43,30,1,25.02594,121.50651,13
500113008,20231026,687,43,30,1,25.02594,121.50651,13
500113008,20231026,688,43,30,1,25.02594,121.50651,13
500113008,20231026,689,43,30,1,25.02594,121.50651,13
500113008,20231026,690,43,30,1,25.02594,121.50651,13
500113008,20231026,691,43,31,1,25.02594,121.50651,12
500113008,20231026,692,43,31,1,25.02594,121.50651,12
500113008,20231026,693,43,31,1,25.02594,121.50651,12
500113008,20231026,694,43,31,1,25.02594,121.50651,12
500113008,20231026,695,43,31,1,25.02594,121.50651,12
500113008,20231026,696,43,31,1,25.02594,121.50651,12
500113008,20231026,697,43,31,1,25.02594,121.50651,12
500113008,20231026,698,43,31,1,25.02594,121.50651,12
500113008,20231026,699,43,31,1,25.02594,121.50651,12
500113008,20231026,700,43,31,1,25.02594,121.50651,12
500113008,20231026,701,43,31,1,25.02594,121.50651,12
500113008,20231026,702,43,31,1,25.02594,121.50651,12
500113008,20231026,703,43,31,1,25.02594,121.50651,12
500113008,20231026,704,43,32,1,25.02594,121.50651,11
500113008,20231026,705,43,32,1,25.02594,121.50651,11
500113008,20231026,706,43,32,1,25.02594,121.50651,11
500113008,20231026,707,43,33,1,25.02594,121.50651,10
500113008,20231026,708,43,32,1,25.02594,121.50651,11
500113008,20231026,709,43,33,1,25.02594,121.50651,10
500113008,20231026,710,43,33,1,25.02594,121.50651,10
500113008,20231026,711,43,33,1,25.02594,121.50651,10
500113008,20231026,712,43,34,1,25.02594,121.50651,9
500113008,20231026,713,43,32,1,25.02594,121.50651,11
500113008,20231026,714,43,31,1,25.02594,121.50651,12
500113008,20231026,715,43,31,1,25.02594,121.50651,12
500113008,20231026,716,43,31,1,25.02594,121.50651,12
500113008,20231026,717,43,31,1,25.02594,121.50651,12
500113008,20231026,718,43,31,1,25.02594,121.50651,12
500113008,20231026,719,43,32,1,25.02594,121.50651,11
500113008,20231026,721,43,32,1,25.02594,121.50651,11
500113008,20231026,722,43,32,1,25.02594,121.50651,11
500113008,20231026,723,43,32,1,25.02594,121.50651,11
500113008,20231026,724,43,32,1,25.02594,121.50651,11
500113008,20231026,725,43,32,1,25.02594,121.50651,11
500113008,20231026,726,43,32,1,25.02594,121.50651,11
500113008,20231026,727,43,32,1,25.02594,121.50651,11
500113008,20231026,728,43,31,1,25.02594,121.50651,12
500113008,20231026,729,43,31,1,25.02594,121.50651,12
500113008,20231026,730,43,32,1,25.02594,121.50651,11
500113008,20231026,731,43,32,1,25.02594,121.50651,11
500113008,20231026,732,43,32,1,25.02594,121.50651,11
500113008,20231026,733,43,32,1,25.02594,121.50651,11
500113008,20231026,734,43,32,1,25.02594,121.50651,11
500113008,20231026,735,43,32,1,25.02594,121.50651,11
500113008,20231026,736,43,32,1,25.02594,121.50651,11
500113008,20231026,737,43,32,1,25.02594,121.50651,11
500113008,20231026,738,43,31,1,25.02594,121.50651,12
500113008,20231026,739,43,31,1,25.02594,121.50651,12
500113008,20231026,741,43,31,1,25.02594,121.50651,12
500113008,20231026,742,43,31,1,25.02594,121.50651,12
500113008,20231026,743,43,31,1,25.02594,121.50651,12
500113008,20231026,744,43,31,1,25.02594,121.50651,12
500113008,20231026,745,43,31,1,25.02594,121.50651,12
500113008,20231026,746,43,30,1,25.02594,121.50651,13
500113008,20231026,747,43,30,1,25.02594,121.50651,13
500113008,20231026,748,43,30,1,25.02594,121.50651,13
500113008,20231026,749,43,30,1,25.02594,121.50651,13
500113008,20231026,751,43,31,1,25.02594,121.50651,12
500113008,20231026,752,43,31,1,25.02594,121.50651,12
500113008,20231026,753,43,31,1,25.02594,121.50651,12
500113008,20231026,754,43,31,1,25.02594,121.50651,12
500113008,20231026,755,43,30,1,25.02594,121.50651,13
500113008,20231026,756,43,30,1,25.02594,121.50651,13
500113008,20231026,757,43,29,1,25.02594,121.50651,14
500113008,20231026,758,43,29,1,25.02594,121.50651,14
500113008,20231026,759,43,30,1,25.02594,121.50651,13
500113008,20231026,760,43,30,1,25.02594,121.50651,13
500113008,20231026,761,43,30,1,25.02594,121.50651,13
500113008,20231026,762,43,31,1,25.02594,121.50651,12
500113008,20231026,763,43,31,1,25.02594,121.50651,12
500113008,20231026,764,43,31,1,25.02594,121.50651,12
500113008,20231026,765,43,32,1,25.02594,121.50651,11
500113008,20231026,766,43,32,1,25.02594,121.50651,11
500113008,20231026,767,43,32,1,25.02594,121.50651,11
500113008,20231026,768,43,32,1,25.02594,121.50651,11
500113008,20231026,769,43,32,1,25.02594,121.50651,11
500113008,20231026,770,43,32,1,25.02594,121.50651,11
500113008,20231026,771,43,32,1,25.02594,121.50651,11
500113008,20231026,772,43,32,1,25.02594,121.50651,11
500113008,20231026,773,43,32,1,25.02594,121.50651,11
500113008,20231026,774,43,32,1,25.02594,121.50651,11
500113008,20231026,775,43,32,1,25.02594,121.50651,11
500113008,20231026,776,43,32,1,25.02594,121.50651,11
500113008,20231026,777,43,32,1,25.02594,121.50651,11
500113008,20231026,778,43,32,1,25.02594,121.50651,11
500113008,20231026,779,43,32,1,25.02594,121.50651,11
500113008,20231026,781,43,32,1,25.02594,121.50651,11
500113008,20231026,782,43,32,1,25.02594,121.50651,11
500113008,20231026,783,43,32,1,25.02594,121.50651,11
500113008,20231026,784,43,32,1,25.02594,121.50651,11
500113008,20231026,785,43,32,1,25.02594,121.50651,11
500113008,20231026,786,43,32,1,25.02594,121.50651,11
500113008,20231026,787,43,32,1,25.02594,121.50651,11
500113008,20231026,788,43,32,1,25.02594,121.50651,11
500113008,20231026,789,43,32,1,25.02594,121.50651,11
500113008,20231026,790,43,32,1,25.02594,121.50651,11
500113008,20231026,791,43,32,1,25.02594,121.50651,11
500113008,20231026,792,43,31,1,25.02594,121.50651,12
500113008,20231026,793,43,31,1,25.02594,121.50651,12
500113008,20231026,794,43,31,1,25.02594,121.50651,12
500113008,20231026,795,43,31,1,25.02594,121.50651,12
500113008,20231026,796,43,31,1,25.02594,121.50651,12
500113008,20231026,797,43,31,1,25.02594,121.50651,12
500113008,20231026,798,43,31,1,25.02594,121.50651,12
500113008,20231026,799,43,31,1,25.02594,121.50651,12
500113008,20231026,801,43,31,1,25.02594,121.50651,12
500113008,20231026,802,43,31,1,25.02594,121.50651,12
500113008,20231026,803,43,31,1,25.02594,121.50651,12
500113008,20231026,804,43,31,1,25.02594,121.50651,12
500113008,20231026,805,43,31,1,25.02594,121.50651,12
500113008,20231026,806,43,31,1,25.02594,121.50651,12
500113008,20231026,807,43,31,1,25.02594,121.50651,12
500113008,20231026,808,43,31,1,25.02594,121.50651,12
500113008,20231026,809,43,31,1,25.02594,121.50651,12
500113008,20231026,811,43,31,1,25.02594,121.50651,12
500113008,20231026,812,43,31,1,25.02594,121.50651,12
500113008,20231026,813,43,31,1,25.02594,121.50651,12
500113008,20231026,814,43,31,1,25.02594,121.50651,12
500113008,20231026,815,43,31,1,25.02594,121.50651,12
500113008,20231026,816,43,31,1,25.02594,121.50651,12
500113008,20231026,817,43,32,1,25.02594,121.50651,11
500113008,20231026,818,43,32,1,25.02594,121.50651,11
500113008,20231026,819,43,32,1,25.02594,121.50651,11
500113008,20231026,820,43,32,1,25.02594,121.50651,11
500113008,20231026,821,43,32,1,25.02594,121.50651,11
500113008,20231026,822,43,32,1,25.02594,121.50651,11
500113008,20231026,823,43,32,1,25.02594,121.50651,11
500113008,20231026,824,43,32,1,25.02594,121.50651,11
500113008,20231026,825,43,32,1,25.02594,121.50651,11
500113008,20231026,826,43,32,1,25.02594,121.50651,11
500113008,20231026,827,43,32,1,25.02594,121.50651,11
500113008,20231026,828,43,31,1,25.02594,121.50651,12
500113008,20231026,829,43,32,1,25.02594,121.50651,11
500113008,20231026,830,43,32,1,25.02594,121.50651,11
500113008,20231026,831,43,32,1,25.02594,121.50651,11
500113008,20231026,832,43,32,1,25.02594,121.50651,11
500113008,20231026,833,43,32,1,25.02594,121.50651,11
500113008,20231026,834,43,32,1,25.02594,121.50651,11
500113008,20231026,835,43,32,1,25.02594,121.50651,11
500113008,20231026,836,43,32,1,25.02594,121.50651,11
500113008,20231026,837,43,32,1,25.02594,121.50651,11
500113008,20231026,838,43,32,1,25.02594,121.50651,11
500113008,20231026,839,43,32,1,25.02594,121.50651,11
500113008,20231026,841,43,32,1,25.02594,121.50651,11
500113008,20231026,842,43,31,1,25.02594,121.50651,12
500113008,20231026,843,43,31,1,25.02594,121.50651,12
500113008,20231026,844,43,31,1,25.02594,121.50651,12
500113008,20231026,845,43,32,1,25.02594,121.50651,11
500113008,20231026,846,43,32,1,25.02594,121.50651,11
500113008,20231026,847,43,32,1,25.02594,121.50651,11
500113008,20231026,848,43,32,1,25.02594,121.50651,11
500113008,20231026,849,43,32,1,25.02594,121.50651,11
500113008,20231026,850,43,32,1,25.02594,121.50651,11
500113008,20231026,851,43,32,1,25.02594,121.50651,11
500113008,20231026,852,43,30,1,25.02594,121.50651,13
500113008,20231026,853,43,30,1,25.02594,121.50651,13
500113008,20231026,854,43,30,1,25.02594,121.50651,13
500113008,20231026,855,43,30,1,25.02594,121.50651,13
500113008,20231026,856,43,30,1,25.02594,121.50651,13
500113008,20231026,857,43,30,1,25.02594,121.50651,13
500113008,20231026,858,43,30,1,25.02594,121.50651,13
500113008,20231026,859,43,30,1,25.02594,121.50651,13
500113008,20231026,861,43,30,1,25.02594,121.50651,13
500113008,20231026,862,43,30,1,25.02594,121.50651,13
500113008,20231026,863,43,31,1,25.02594,121.50651,12
500113008,20231026,864,43,31,1,25.02594,121.50651,12
500113008,20231026,865,43,31,1,25.02594,121.50651,12
500113008,20231026,866,43,31,1,25.02594,121.50651,12
500113008,20231026,867,43,31,1,25.02594,121.50651,12
500113008,20231026,868,43,31,1,25.02594,121.50651,12
500113008,20231026,869,43,32,1,25.02594,121.50651,11
500113008,20231026,870,43,32,1,25.02594,121.50651,11
500113008,20231026,871,43,32,1,25.02594,121.50651,11
500113008,20231026,872,43,32,1,25.02594,121.50651,11
500113008,20231026,873,43,32,1,25.02594,121.50651,11
500113008,20231026,874,43,32,1,25.02594,121.50651,11
500113008,20231026,876,43,29,1,25.02594,121.50651,14
500113008,20231026,877,43,28,1,25.02594,121.50651,15
500113008,20231026,878,43,28,1,25.02594,121.50651,15
500113008,20231026,879,43,28,1,25.02594,121.50651,15
500113008,20231026,880,43,28,1,25.02594,121.50651,15
500113008,20231026,881,43,28,1,25.02594,121.50651,15
500113008,20231026,882,43,27,1,25.02594,121.50651,16
500113008,20231026,883,43,26,1,25.02594,121.50651,17
500113008,20231026,884,43,26,1,25.02594,121.50651,17
500113008,20231026,885,43,26,1,25.02594,121.50651,17
500113008,20231026,886,43,26,1,25.02594,121.50651,17
500113008,20231026,887,43,26,1,25.02594,121.50651,17
500113008,20231026,888,43,25,1,25.02594,121.50651,18
500113008,20231026,889,43,26,1,25.02594,121.50651,17
500113008,20231026,890,43,26,1,25.02594,121.50651,17
500113008,20231026,891,43,26,1,25.02594,121.50651,17
500113008,20231026,892,43,26,1,25.02594,121.50651,17
500113008,20231026,893,43,26,1,25.02594,121.50651,17
500113008,20231026,894,43,27,1,25.02594,121.50651,16
500113008,20231026,895,43,27,1,25.02594,121.50651,16
500113008,20231026,896,43,28,1,25.02594,121.50651,15
500113008,20231026,897,43,28,1,25.02594,121.50651,15
500113008,20231026,898,43,28,1,25.02594,121.50651,15
500113008,20231026,899,43,28,1,25.02594,121.50651,15
500113008,20231026,901,43,28,1,25.02594,121.50651,15
500113008,20231026,902,43,28,1,25.02594,121.50651,15
500113008,20231026,903,43,27,1,25.02594,121.50651,16
500113008,20231026,904,43,26,1,25.02594,121.50651,17
500113008,20231026,905,43,26,1,25.02594,121.50651,17
500113008,20231026,906,43,26,1,25.02594,121.50651,17
500113008,20231026,907,43,25,1,25.02594,121.50651,18
500113008,20231026,908,43,25,1,25.02594,121.50651,18
500113008,20231026,909,43,31,1,25.02594,121.50651,12
500113008,20231026,910,43,31,1,25.02594,121.50651,12
500113008,20231026,911,43,31,1,25.02594,121.50651,12
500113008,20231026,912,43,33,1,25.02594,121.50651,10
500113008,20231026,913,43,33,1,25.02594,121.50651,10
500113008,20231026,914,43,35,1,25.02594,121.50651,8
500113008,20231026,915,43,37,1,25.02594,121.50651,6
500113008,20231026,916,43,36,1,25.02594,121.50651,7
500113008,20231026,917,43,36,1,25.02594,121.50651,7
500113008,20231026,918,43,36,1,25.02594,121.50651,7
500113008,20231026,919,43,37,1,25.02594,121.50651,6
500113008,20231026,921,43,38,1,25.02594,121.50651,5
500113008,20231026,922,43,38,1,25.02594,121.50651,5
500113008,20231026,923,43,38,1,25.02594,121.50651,5
500113008,20231026,924,43,38,1,25.02594,121.50651,5
500113008,20231026,925,43,38,1,25.02594,121.50651,5
500113008,20231026,926,43,38,1,25.02594,121.50651,5
500113008,20231026,927,43,38,1,25.02594,121.50651,5
500113008,20231026,928,43,38,1,25.02594,121.50651,5
500113008,20231026,929,43,38,1,25.02594,121.50651,5
500113008,20231026,931,43,38,1,25.02594,121.50651,5
500113008,20231026,932,43,38,1,25.02594,121.50651,5
500113008,20231026,933,43,39,1,25.02594,121.50651,4
500113008,20231026,934,43,39,1,25.02594,121.50651,4
500113008,20231026,935,43,39,1,25.02594,121.50651,4
500113008,20231026,936,43,39,1,25.02594,121.50651,4
500113008,20231026,937,43,39,1,25.02594,121.50651,4
500113008,20231026,938,43,39,1,25.02594,121.50651,4
500113008,20231026,939,43,39,1,25.02594,121.50651,4
500113008,20231026,940,43,39,1,25.02594,121.50651,4
500113008,20231026,941,43,39,1,25.02594,121.50651,4
500113008,20231026,942,43,38,1,25.02594,121.50651,5
500113008,20231026,943,43,38,1,25.02594,121.50651,5
500113008,20231026,944,43,38,1,25.02594,121.50651,5
500113008,20231026,945,43,38,1,25.02594,121.50651,5
500113008,20231026,946,43,38,1,25.02594,121.50651,5
500113008,20231026,947,43,39,1,25.02594,121.50651,4
500113008,20231026,948,43,39,1,25.02594,121.50651,4
500113008,20231026,949,43,39,1,25.02594,121.50651,4
500113008,20231026,950,43,39,1,25.02594,121.50651,4
500113008,20231026,951,43,39,1,25.02594,121.50651,4
500113008,20231026,952,43,39,1,25.02594,121.50651,4
500113008,20231026,953,43,39,1,25.02594,121.50651,4
500113008,20231026,954,43,39,1,25.02594,121.50651,4
500113008,20231026,955,43,39,1,25.02594,121.50651,4
500113008,20231026,956,43,39,1,25.02594,121.50651,4
500113008,20231026,957,43,39,1,25.02594,121.50651,4
500113008,20231026,958,43,38,1,25.02594,121.50651,5
500113008,20231026,959,43,38,1,25.02594,121.50651,5
500113008,20231026,961,43,38,1,25.02594,121.50651,5
500113008,20231026,962,43,38,1,25.02594,121.50651,5
500113008,20231026,963,43,38,1,25.02594,121.50651,5
500113008,20231026,964,43,39,1,25.02594,121.50651,4
500113008,20231026,965,43,40,1,25.02594,121.50651,3
500113008,20231026,966,43,40,1,25.02594,121.50651,3
500113008,20231026,967,43,40,1,25.02594,121.50651,3
500113008,20231026,968,43,40,1,25.02594,121.50651,3
500113008,20231026,969,43,41,1,25.02594,121.50651,2
500113008,20231026,970,43,41,1,25.02594,121.50651,2
500113008,20231026,971,43,41,1,25.02594,121.50651,2
500113008,20231026,972,43,41,1,25.02594,121.50651,2
500113008,20231026,973,43,40,1,25.02594,121.50651,3
500113008,20231026,974,43,40,1,25.02594,121.50651,3
500113008,20231026,975,43,40,1,25.02594,121.50651,3
500113008,20231026,976,43,40,1,25.02594,121.50651,3
500113008,20231026,977,43,39,1,25.02594,121.50651,4
500113008,20231026,978,43,40,1,25.02594,121.50651,3
500113008,20231026,979,43,40,1,25.02594,121.50651,3
500113008,20231026,981,43,41,1,25.02594,121.50651,2
500113008,20231026,982,43,41,1,25.02594,121.50651,2
500113008,20231026,983,43,41,1,25.02594,121.50651,2
500113008,20231026,984,43,42,1,25.02594,121.50651,1
500113008,20231026,985,43,40,1,25.02594,121.50651,3
500113008,20231026,986,43,40,1,25.02594,121.50651,3
500113008,20231026,987,43,40,1,25.02594,121.50651,3
500113008,20231026,988,43,39,1,25.02594,121.50651,4
500113008,20231026,989,43,39,1,25.02594,121.50651,4
500113008,20231026,991,43,40,1,25.02594,121.50651,3
500113008,20231026,992,43,38,1,25.02594,121.50651,5
500113008,20231026,993,43,38,1,25.02594,121.50651,5
500113008,20231026,994,43,38,1,25.02594,121.50651,5
500113008,20231026,995,43,38,1,25.02594,121.50651,5
500113008,20231026,996,43,37,1,25.02594,121.50651,6
500113008,20231026,997,43,37,1,25.02594,121.50651,6
500113008,20231026,998,43,37,1,25.02594,121.50651,6
500113008,20231026,999,43,37,1,25.02594,121.50651,6
500113008,20231026,1000,43,37,1,25.02594,121.50651,6
500113008,20231026,1001,43,37,1,25.02594,121.50651,6
500113008,20231026,1002,43,37,1,25.02594,121.50651,6
500113008,20231026,1003,43,37,1,25.02594,121.50651,6
500113008,20231026,1004,43,37,1,25.02594,121.50651,6
500113008,20231026,1005,43,37,1,25.02594,121.50651,6
500113008,20231026,1006,43,38,1,25.02594,121.50651,5
500113008,20231026,1007,43,38,1,25.02594,121.50651,5
500113008,20231026,1008,43,38,1,25.02594,121.50651,5
500113008,20231026,1009,43,38,1,25.02594,121.50651,5
500113008,20231026,1010,43,38,1,25.02594,121.50651,5
500113008,20231026,1011,43,39,1,25.02594,121.50651,4
500113008,20231026,1012,43,39,1,25.02594,121.50651,4
500113008,20231026,1013,43,40,1,25.02594,121.50651,3
500113008,20231026,1014,43,40,1,25.02594,121.50651,3
500113008,20231026,1015,43,40,1,25.02594,121.50651,3
500113008,20231026,1016,43,40,1,25.02594,121.50651,3
500113008,20231026,1017,43,40,1,25.02594,121.50651,3
500113008,20231026,1018,43,40,1,25.02594,121.50651,3
500113008,20231026,1019,43,40,1,25.02594,121.50651,3
500113008,20231026,1021,43,41,1,25.02594,121.50651,2
500113008,20231026,1022,43,41,1,25.02594,121.50651,2
500113008,20231026,1023,43,41,1,25.02594,121.50651,2
500113008,20231026,1024,43,40,1,25.02594,121.50651,3
500113008,20231026,1025,43,40,1,25.02594,121.50651,3
500113008,20231026,1026,43,40,1,25.02594,121.50651,3
500113008,20231026,1027,43,40,1,25.02594,121.50651,3
500113008,20231026,1028,43,40,1,25.02594,121.50651,3
500113008,20231026,1029,43,40,1,25.02594,121.50651,3
500113008,20231026,1030,43,40,1,25.02594,121.50651,3
500113008,20231026,1031,43,40,1,25.02594,121.50651,3
500113008,20231026,1032,43,39,1,25.02594,121.50651,4
500113008,20231026,1033,43,40,1,25.02594,121.50651,3
500113008,20231026,1034,43,40,1,25.02594,121.50651,3
500113008,20231026,1035,43,40,1,25.02594,121.50651,3
500113008,20231026,1036,43,40,1,25.02594,121.50651,3
500113008,20231026,1037,43,40,1,25.02594,121.50651,3
500113008,20231026,1038,43,40,1,25.02594,121.50651,3
500113008,20231026,1039,43,40,1,25.02594,121.50651,3
500113008,20231026,1041,43,40,1,25.02594,121.50651,3
500113008,20231026,1042,43,40,1,25.02594,121.50651,3
500113008,20231026,1043,43,39,1,25.02594,121.50651,4
500113008,20231026,1044,43,39,1,25.02594,121.50651,4
500113008,20231026,1045,43,39,1,25.02594,121.50651,4
500113008,20231026,1046,43,38,1,25.02594,121.50651,5
500113008,20231026,1047,43,38,1,25.02594,121.50651,5
500113008,20231026,1048,43,36,1,25.02594,121.50651,7
500113008,20231026,1049,43,36,1,25.02594,121.50651,7
500113008,20231026,1050,43,36,1,25.02594,121.50651,7
500113008,20231026,1051,43,36,1,25.02594,121.50651,7
500113008,20231026,1052,43,36,1,25.02594,121.50651,7
500113008,20231026,1053,43,36,1,25.02594,121.50651,7
500113008,20231026,1054,43,36,1,25.02594,121.50651,7
500113008,20231026,1055,43,36,1,25.02594,121.50651,7
500113008,20231026,1056,43,36,1,25.02594,121.50651,7
500113008,20231026,1057,43,36,1,25.02594,121.50651,7
500113008,20231026,1058,43,36,1,25.02594,121.50651,7
500113008,20231026,1059,43,37,1,25.02594,121.50651,6
500113008,20231026,1061,43,37,1,25.02594,121.50651,6
500113008,20231026,1063,43,37,1,25.02594,121.50651,6
500113008,20231026,1064,43,37,1,25.02594,121.50651,6
500113008,20231026,1065,43,37,1,25.02594,121.50651,6
500113008,20231026,1066,43,37,1,25.02594,121.50651,6
500113008,20231026,1067,43,37,1,25.02594,121.50651,6
500113008,20231026,1068,43,36,1,25.02594,121.50651,7
500113008,20231026,1069,43,36,1,25.02594,121.50651,7
500113008,20231026,1070,43,36,1,25.02594,121.50651,7
500113008,20231026,1071,43,36,1,25.02594,121.50651,7
500113008,20231026,1072,43,36,1,25.02594,121.50651,7
500113008,20231026,1073,43,36,1,25.02594,121.50651,7
500113008,20231026,1074,43,36,1,25.02594,121.50651,7
500113008,20231026,1075,43,36,1,25.02594,121.50651,7
500113008,20231026,1076,43,37,1,25.02594,121.50651,6
500113008,20231026,1077,43,37,1,25.02594,121.50651,6
500113008,20231026,1078,43,37,1,25.02594,121.50651,6
500113008,20231026,1079,43,37,1,25.02594,121.50651,6
500113008,20231026,1081,43,37,1,25.02594,121.50651,6
500113008,20231026,1082,43,36,1,25.02594,121.50651,7
500113008,20231026,1083,43,40,1,25.02594,121.50651,3
500113008,20231026,1084,43,39,1,25.02594,121.50651,4
500113008,20231026,1085,43,40,1,25.02594,121.50651,3
500113008,20231026,1086,43,42,1,25.02594,121.50651,1
500113008,20231026,1087,43,42,1,25.02594,121.50651,1
500113008,20231026,1088,43,42,1,25.02594,121.50651,1
500113008,20231026,1089,43,42,1,25.02594,121.50651,1
500113008,20231026,1090,43,43,1,25.02594,121.50651,0
500113008,20231026,1091,43,43,1,25.02594,121.50651,0
500113008,20231026,1092,43,43,1,25.02594,121.50651,0
500113008,20231026,1093,43,43,1,25.02594,121.50651,0
500113008,20231026,1094,43,43,1,25.02594,121.50651,0
500113008,20231026,1095,43,41,1,25.02594,121.50651,2
500113008,20231026,1096,43,41,1,25.02594,121.50651,2
500113008,20231026,1097,43,41,1,25.02594,121.50651,2
500113008,20231026,1098,43,39,1,25.02594,121.50651,4
500113008,20231026,1099,43,39,1,25.02594,121.50651,4
500113008,20231026,1101,43,40,1,25.02594,121.50651,3
500113008,20231026,1102,43,40,1,25.02594,121.50651,3
500113008,20231026,1103,43,40,1,25.02594,121.50651,3
500113008,20231026,1104,43,40,1,25.02594,121.50651,3
500113008,20231026,1105,43,40,1,25.02594,121.50651,3
500113008,20231026,1106,43,40,1,25.02594,121.50651,3
500113008,20231026,1107,43,39,1,25.02594,121.50651,4
500113008,20231026,1108,43,38,1,25.02594,121.50651,5
500113008,20231026,1109,43,39,1,25.02594,121.50651,4
500113008,20231026,1111,43,39,1,25.02594,121.50651,4
500113008,20231026,1112,43,39,1,25.02594,121.50651,4
500113008,20231026,1113,43,40,1,25.02594,121.50651,3
500113008,20231026,1114,43,40,1,25.02594,121.50651,3
500113008,20231026,1115,43,41,1,25.02594,121.50651,2
500113008,20231026,1116,43,43,1,25.02594,121.50651,0
500113008,20231026,1117,43,43,1,25.02594,121.50651,0
500113008,20231026,1118,43,42,1,25.02594,121.50651,1
500113008,20231026,1119,43,43,1,25.02594,121.50651,0
500113008,20231026,1120,43,43,1,25.02594,121.50651,0
500113008,20231026,1121,43,43,1,25.02594,121.50651,0
500113008,20231026,1122,43,43,1,25.02594,121.50651,0
500113008,20231026,1123,43,43,1,25.02594,121.50651,0
500113008,20231026,1124,43,43,1,25.02594,121.50651,0
500113008,20231026,1125,43,43,1,25.02594,121.50651,0
500113008,20231026,1126,43,43,1,25.02594,121.50651,0
500113008,20231026,1127,43,42,1,25.02594,121.50651,1
500113008,20231026,1128,43,42,1,25.02594,121.50651,1
500113008,20231026,1129,43,42,1,25.02594,121.50651,1
500113008,20231026,1130,43,43,1,25.02594,121.50651,0
500113008,20231026,1131,43,43,1,25.02594,121.50651,0
500113008,20231026,1132,43,43,1,25.02594,121.50651,0
500113008,20231026,1133,43,43,1,25.02594,121.50651,0
500113008,20231026,1134,43,42,1,25.02594,121.50651,1
500113008,20231026,1135,43,42,1,25.02594,121.50651,1
500113008,20231026,1136,43,43,1,25.02594,121.50651,0
500113008,20231026,1137,43,43,1,25.02594,121.50651,0
500113008,20231026,1138,43,43,1,25.02594,121.50651,0
500113008,20231026,1139,43,43,1,25.02594,121.50651,0
500113008,20231026,1141,43,42,1,25.02594,121.50651,1
500113008,20231026,1142,43,42,1,25.02594,121.50651,1
500113008,20231026,1143,43,42,1,25.02594,121.50651,1
500113008,20231026,1144,43,41,1,25.02594,121.50651,2
500113008,20231026,1145,43,41,1,25.02594,121.50651,2
500113008,20231026,1146,43,41,1,25.02594,121.50651,2
500113008,20231026,1147,43,41,1,25.02594,121.50651,2
500113008,20231026,1148,43,41,1,25.02594,121.50651,2
500113008,20231026,1149,43,41,1,25.02594,121.50651,2
500113008,20231026,1150,43,41,1,25.02594,121.50651,2
500113008,20231026,1151,43,41,1,25.02594,121.50651,2
500113008,20231026,1152,43,41,1,25.02594,121.50651,2
500113008,20231026,1153,43,41,1,25.02594,121.50651,2
500113008,20231026,1154,43,41,1,25.02594,121.50651,2
500113008,20231026,1155,43,41,1,25.02594,121.50651,2
500113008,20231026,1156,43,40,1,25.02594,121.50651,3
500113008,20231026,1157,43,39,1,25.02594,121.50651,4
500113008,20231026,1158,43,40,1,25.02594,121.50651,3
500113008,20231026,1159,43,40,1,25.02594,121.50651,3
500113008,20231026,1161,43,40,1,25.02594,121.50651,3
500113008,20231026,1162,43,40,1,25.02594,121.50651,3
500113008,20231026,1163,43,40,1,25.02594,121.50651,3
500113008,20231026,1164,43,40,1,25.02594,121.50651,3
500113008,20231026,1165,43,40,1,25.02594,121.50651,3
500113008,20231026,1166,43,40,1,25.02594,121.50651,3
500113008,20231026,1167,43,40,1,25.02594,121.50651,3
500113008,20231026,1168,43,41,1,25.02594,121.50651,2
500113008,20231026,1169,43,41,1,25.02594,121.50651,2
500113008,20231026,1171,43,41,1,25.02594,121.50651,2
500113008,20231026,1172,43,41,1,25.02594,121.50651,2
500113008,20231026,1173,43,41,1,25.02594,121.50651,2
500113008,20231026,1174,43,42,1,25.02594,121.50651,1
500113008,20231026,1175,43,42,1,25.02594,121.50651,1
500113008,20231026,1176,43,42,1,25.02594,121.50651,1
500113008,20231026,1177,43,42,1,25.02594,121.50651,1
500113008,20231026,1178,43,42,1,25.02594,121.50651,1
500113008,20231026,1179,43,43,1,25.02594,121.50651,0
500113008,20231026,1180,43,42,1,25.02594,121.50651,1
500113008,20231026,1181,43,41,1,25.02594,121.50651,2
500113008,20231026,1183,43,42,1,25.02594,121.50651,1
500113008,20231026,1184,43,42,1,25.02594,121.50651,1
500113008,20231026,1185,43,42,1,25.02594,121.50651,1
500113008,20231026,1186,43,42,1,25.02594,121.50651,1
500113008,20231026,1187,43,42,1,25.02594,121.50651,1
500113008,20231026,1188,43,42,1,25.02594,121.50651,1
500113008,20231026,1189,43,42,1,25.02594,121.50651,1
500113008,20231026,1190,43,40,1,25.02594,121.50651,3
500113008,20231026,1191,43,40,1,25.02594,121.50651,3
500113008,20231026,1193,43,41,1,25.02594,121.50651,2
500113008,20231026,1194,43,41,1,25.02594,121.50651,2
500113008,20231026,1195,43,41,1,25.02594,121.50651,2
500113008,20231026,1196,43,41,1,25.02594,121.50651,2
500113008,20231026,1197,43,41,1,25.02594,121.50651,2
500113008,20231026,1198,43,41,1,25.02594,121.50651,2
500113008,20231026,1199,43,41,1,25.02594,121.50651,2
500113008,20231026,1201,43,42,1,25.02594,121.50651,1
500113008,20231026,1202,43,42,1,25.02594,121.50651,1
500113008,20231026,1203,43,42,1,25.02594,121.50651,1
500113008,20231026,1205,43,41,1,25.02594,121.50651,2
500113008,20231026,1206,43,41,1,25.02594,121.50651,2
500113008,20231026,1207,43,41,1,25.02594,121.50651,2
500113008,20231026,1208,43,41,1,25.02594,121.50651,2
500113008,20231026,1209,43,41,1,25.02594,121.50651,2
500113008,20231026,1210,43,42,1,25.02594,121.50651,1
500113008,20231026,1211,43,42,1,25.02594,121.50651,1
500113008,20231026,1212,43,42,1,25.02594,121.50651,1
500113008,20231026,1213,43,42,1,25.02594,121.50651,1
500113008,20231026,1214,43,42,1,25.02594,121.50651,1
500113008,20231026,1215,43,42,1,25.02594,121.50651,1
500113008,20231026,1216,43,42,1,25.02594,121.50651,1
500113008,20231026,1217,43,41,1,25.02594,121.50651,2
500113008,20231026,1218,43,41,1,25.02594,121.50651,2
500113008,20231026,1219,43,41,1,25.02594,121.50651,2
500113008,20231026,1221,43,40,1,25.02594,121.50651,3
500113008,20231026,1222,43,40,1,25.02594,121.50651,3
500113008,20231026,1223,43,40,1,25.02594,121.50651,3
500113008,20231026,1224,43,40,1,25.02594,121.50651,3
500113008,20231026,1225,43,40,1,25.02594,121.50651,3
500113008,20231026,1226,43,41,1,25.02594,121.50651,2
500113008,20231026,1227,43,41,1,25.02594,121.50651,2
500113008,20231026,1228,43,41,1,25.02594,121.50651,2
500113008,20231026,1229,43,41,1,25.02594,121.50651,2
500113008,20231026,1231,43,41,1,25.02594,121.50651,2
500113008,20231026,1232,43,41,1,25.02594,121.50651,2
500113008,20231026,1233,43,41,1,25.02594,121.50651,2
500113008,20231026,1234,43,41,1,25.02594,121.50651,2
500113008,20231026,1235,43,41,1,25.02594,121.50651,2
500113008,20231026,1236,43,42,1,25.02594,121.50651,1
500113008,20231026,1237,43,42,1,25.02594,121.50651,1
500113008,20231026,1238,43,42,1,25.02594,121.50651,1
500113008,20231026,1239,43,42,1,25.02594,121.50651,1
500113008,20231026,1240,43,41,1,25.02594,121.50651,2
500113008,20231026,1241,43,41,1,25.02594,121.50651,2
500113008,20231026,1242,43,41,1,25.02594,121.50651,2
500113008,20231026,1243,43,43,1,25.02594,121.50651,0
500113008,20231026,1244,43,43,1,25.02594,121.50651,0
500113008,20231026,1245,43,43,1,25.02594,121.50651,0
500113008,20231026,1246,43,43,1,25.02594,121.50651,0
500113008,20231026,1247,43,43,1,25.02594,121.50651,0
500113008,20231026,1248,43,43,1,25.02594,121.50651,0
500113008,20231026,1249,43,43,1,25.02594,121.50651,0
500113008,20231026,1250,43,43,1,25.02594,121.50651,0
500113008,20231026,1251,43,43,1,25.02594,121.50651,0
500113008,20231026,1252,43,40,1,25.02594,121.50651,3
500113008,20231026,1253,43,40,1,25.02594,121.50651,3
500113008,20231026,1254,43,40,1,25.02594,121.50651,3
500113008,20231026,1255,43,40,1,25.02594,121.50651,3
500113008,20231026,1256,43,40,1,25.02594,121.50651,3
500113008,20231026,1257,43,39,1,25.02594,121.50651,4
500113008,20231026,1258,43,39,1,25.02594,121.50651,4
500113008,20231026,1259,43,39,1,25.02594,121.50651,4
500113008,20231026,1261,43,39,1,25.02594,121.50651,4
500113008,20231026,1262,43,39,1,25.02594,121.50651,4
500113008,20231026,1263,43,39,1,25.02594,121.50651,4
500113008,20231026,1264,43,40,1,25.02594,121.50651,3
500113008,20231026,1265,43,41,1,25.02594,121.50651,2
500113008,20231026,1266,43,41,1,25.02594,121.50651,2
500113008,20231026,1267,43,40,1,25.02594,121.50651,3
500113008,20231026,1268,43,39,1,25.02594,121.50651,4
500113008,20231026,1269,43,39,1,25.02594,121.50651,4
500113008,20231026,1270,43,39,1,25.02594,121.50651,4
500113008,20231026,1271,43,39,1,25.02594,121.50651,4
500113008,20231026,1272,43,39,1,25.02594,121.50651,4
500113008,20231026,1273,43,39,1,25.02594,121.50651,4
500113008,20231026,1274,43,39,1,25.02594,121.50651,4
500113008,20231026,1275,43,40,1,25.02594,121.50651,3
500113008,20231026,1276,43,40,1,25.02594,121.50651,3
500113008,20231026,1277,43,40,1,25.02594,121.50651,3
500113008,20231026,1278,43,41,1,25.02594,121.50651,2
500113008,20231026,1279,43,40,1,25.02594,121.50651,3
500113008,20231026,1281,43,40,1,25.02594,121.50651,3
500113008,20231026,1282,43,40,1,25.02594,121.50651,3
500113008,20231026,1283,43,40,1,25.02594,121.50651,3
500113008,20231026,1284,43,39,1,25.02594,121.50651,4
500113008,20231026,1285,43,40,1,25.02594,121.50651,3
500113008,20231026,1286,43,40,1,25.02594,121.50651,3
500113008,20231026,1287,43,40,1,25.02594,121.50651,3
500113008,20231026,1288,43,40,1,25.02594,121.50651,3
500113008,20231026,1289,43,40,1,25.02594,121.50651,3
500113008,20231026,1291,43,40,1,25.02594,121.50651,3
500113008,20231026,1292,43,39,1,25.02594,121.50651,4
500113008,20231026,1293,43,40,1,25.02594,121.50651,3
500113008,20231026,1294,43,40,1,25.02594,121.50651,3
500113008,20231026,1295,43,40,1,25.02594,121.50651,3
500113008,20231026,1296,43,40,1,25.02594,121.50651,3
500113008,20231026,1297,43,40,1,25.02594,121.50651,3
500113008,20231026,1298,43,40,1,25.02594,121.50651,3
500113008,20231026,1299,43,38,1,25.02594,121.50651,5
500113008,20231026,1300,43,37,1,25.02594,121.50651,6
500113008,20231026,1301,43,37,1,25.02594,121.50651,6
500113008,20231026,1302,43,37,1,25.02594,121.50651,6
500113008,20231026,1303,43,37,1,25.02594,121.50651,6
500113008,20231026,1304,43,37,1,25.02594,121.50651,6
500113008,20231026,1305,43,37,1,25.02594,121.50651,6
500113008,20231026,1306,43,37,1,25.02594,121.50651,6
500113008,20231026,1307,43,37,1,25.02594,121.50651,6
500113008,20231026,1308,43,38,1,25.02594,121.50651,5
500113008,20231026,1309,43,38,1,25.02594,121.50651,5
500113008,20231026,1310,43,38,1,25.02594,121.50651,5
500113008,20231026,1311,43,38,1,25.02594,121.50651,5
500113008,20231026,1312,43,38,1,25.02594,121.50651,5
500113008,20231026,1313,43,38,1,25.02594,121.50651,5
500113008,20231026,1314,43,38,1,25.02594,121.50651,5
500113008,20231026,1315,43,38,1,25.02594,121.50651,5
500113008,20231026,1316,43,38,1,25.02594,121.50651,5
500113008,20231026,1317,43,38,1,25.02594,121.50651,5
500113008,20231026,1318,43,38,1,25.02594,121.50651,5
500113008,20231026,1319,43,38,1,25.02594,121.50651,5
500113008,20231026,1321,43,38,1,25.02594,121.50651,5
500113008,20231026,1322,43,38,1,25.02594,121.50651,5
500113008,20231026,1323,43,38,1,25.02594,121.50651,5
500113008,20231026,1324,43,38,1,25.02594,121.50651,5
500113008,20231026,1325,43,38,1,25.02594,121.50651,5
500113008,20231026,1326,43,38,1,25.02594,121.50651,5
500113008,20231026,1327,43,38,1,25.02594,121.50651,5
500113008,20231026,1328,43,38,1,25.02594,121.50651,5
500113008,20231026,1329,43,38,1,25.02594,121.50651,5
500113008,20231026,1330,43,38,1,25.02594,121.50651,5
500113008,20231026,1331,43,38,1,25.02594,121.50651,5
500113008,20231026,1332,43,37,1,25.02594,121.50651,6
500113008,20231026,1333,43,37,1,25.02594,121.50651,6
500113008,20231026,1334,43,37,1,25.02594,121.50651,6
500113008,20231026,1335,43,37,1,25.02594,121.50651,6
500113008,20231026,1336,43,36,1,25.02594,121.50651,7
500113008,20231026,1337,43,36,1,25.02594,121.50651,7
500113008,20231026,1338,43,36,1,25.02594,121.50651,7
500113008,20231026,1339,43,36,1,25.02594,121.50651,7
500113008,20231026,1341,43,36,1,25.02594,121.50651,7
500113008,20231026,1342,43,36,1,25.02594,121.50651,7
500113008,20231026,1343,43,34,1,25.02594,121.50651,9
500113008,20231026,1344,43,34,1,25.02594,121.50651,9
500113008,20231026,1345,43,34,1,25.02594,121.50651,9
500113008,20231026,1346,43,34,1,25.02594,121.50651,9
500113008,20231026,1347,43,34,1,25.02594,121.50651,9
500113008,20231026,1348,43,34,1,25.02594,121.50651,9
500113008,20231026,1349,43,34,1,25.02594,121.50651,9
500113008,20231026,1350,43,34,1,25.02594,121.50651,9
500113008,20231026,1351,43,34,1,25.02594,121.50651,9
500113008,20231026,1352,43,34,1,25.02594,121.50651,9
500113008,20231026,1353,43,34,1,25.02594,121.50651,9
500113008,20231026,1354,43,33,1,25.02594,121.50651,10
500113008,20231026,1355,43,33,1,25.02594,121.50651,10
500113008,20231026,1356,43,33,1,25.02594,121.50651,10
500113008,20231026,1357,43,33,1,25.02594,121.50651,10
500113008,20231026,1358,43,33,1,25.02594,121.50651,10
500113008,20231026,1359,43,33,1,25.02594,121.50651,10
500113008,20231026,1360,43,33,1,25.02594,121.50651,10
500113008,20231026,1361,43,33,1,25.02594,121.50651,10
500113008,20231026,1362,43,32,1,25.02594,121.50651,11
500113008,20231026,1363,43,32,1,25.02594,121.50651,11
500113008,20231026,1364,43,32,1,25.02594,121.50651,11
500113008,20231026,1365,43,32,1,25.02594,121.50651,11
500113008,20231026,1366,43,31,1,25.02594,121.50651,12
500113008,20231026,1367,43,31,1,25.02594,121.50651,12
500113008,20231026,1368,43,31,1,25.02594,121.50651,12
500113008,20231026,1369,43,31,1,25.02594,121.50651,12
500113008,20231026,1370,43,31,1,25.02594,121.50651,12
500113008,20231026,1371,43,31,1,25.02594,121.50651,12
500113008,20231026,1372,43,31,1,25.02594,121.50651,12
500113008,20231026,1373,43,31,1,25.02594,121.50651,12
500113008,20231026,1374,43,31,1,25.02594,121.50651,12
500113008,20231026,1375,43,31,1,25.02594,121.50651,12
500113008,20231026,1376,43,31,1,25.02594,121.50651,12
500113008,20231026,1377,43,31,1,25.02594,121.50651,12
500113008,20231026,1378,43,31,1,25.02594,121.50651,12
500113008,20231026,1379,43,31,1,25.02594,121.50651,12
500113008,20231026,1381,43,31,1,25.02594,121.50651,12
500113008,20231026,1382,43,31,1,25.02594,121.50651,12
500113008,20231026,1383,43,31,1,25.02594,121.50651,12
500113008,20231026,1384,43,31,1,25.02594,121.50651,12
500113008,20231026,1385,43,31,1,25.02594,121.50651,12
500113008,20231026,1386,43,31,1,25.02594,121.50651,12
500113008,20231026,1387,43,31,1,25.02594,121.50651,12
500113008,20231026,1388,43,31,1,25.02594,121.50651,12
500113008,20231026,1389,43,31,1,25.02594,121.50651,12
500113008,20231026,1390,43,31,1,25.02594,121.50651,12
500113008,20231026,1391,43,31,1,25.02594,121.50651,12
500113008,20231026,1392,43,31,1,25.02594,121.50651,12
500113008,20231026,1393,43,31,1,25.02594,121.50651,12
500113008,20231026,1394,43,31,1,25.02594,121.50651,12
500113008,20231026,1395,43,31,1,25.02594,121.50651,12
500113008,20231026,1396,43,31,1,25.02594,121.50651,12
500113008,20231026,1397,43,31,1,25.02594,121.50651,12
500113008,20231026,1398,43,31,1,25.02594,121.50651,12
500113008,20231026,1399,43,31,1,25.02594,121.50651,12
500113008,20231026,1401,43,30,1,25.02594,121.50651,13
500113008,20231026,1402,43,30,1,25.02594,121.50651,13
500113008,20231026,1403,43,30,1,25.02594,121.50651,13
500113008,20231026,1404,43,31,1,25.02594,121.50651,12
500113008,20231026,1405,43,31,1,25.02594,121.50651,12
500113008,20231026,1406,43,30,1,25.02594,121.50651,13
500113008,20231026,1407,43,29,1,25.02594,121.50651,14
500113008,20231026,1408,43,29,1,25.02594,121.50651,14
500113008,20231026,1409,43,29,1,25.02594,121.50651,14
500113008,20231026,1410,43,29,1,25.02594,121.50651,14
500113008,20231026,1411,43,28,1,25.02594,121.50651,15
500113008,20231026,1412,43,28,1,25.02594,121.50651,15
500113008,20231026,1413,43,29,1,25.02594,121.50651,14
500113008,20231026,1414,43,29,1,25.02594,121.50651,14
500113008,20231026,1415,43,29,1,25.02594,121.50651,14
500113008,20231026,1416,43,28,1,25.02594,121.50651,15
500113008,20231026,1417,43,28,1,25.02594,121.50651,15
500113008,20231026,1418,43,28,1,25.02594,121.50651,15
500113008,20231026,1419,43,28,1,25.02594,121.50651,15
500113008,20231026,1420,43,28,1,25.02594,121.50651,15
500113008,20231026,1421,43,28,1,25.02594,121.50651,15
500113008,20231026,1422,43,28,1,25.02594,121.50651,15
500113008,20231026,1423,43,28,1,25.02594,121.50651,15
500113008,20231026,1424,43,28,1,25.02594,121.50651,15
500113008,20231026,1425,43,28,1,25.02594,121.50651,15
500113008,20231026,1426,43,28,1,25.02594,121.50651,15
500113008,20231026,1427,43,28,1,25.02594,121.50651,15
500113008,20231026,1428,43,27,1,25.02594,121.50651,16
500113008,20231026,1429,43,28,1,25.02594,121.50651,15
500113008,20231026,1430,43,29,1,25.02594,121.50651,14
500113008,20231026,1431,43,29,1,25.02594,121.50651,14
500113008,20231026,1432,43,28,1,25.02594,121.50651,15
500113008,20231026,1433,43,28,1,25.02594,121.50651,15
500113008,20231026,1434,43,28,1,25.02594,121.50651,15
500113008,20231026,1435,43,27,1,25.02594,121.50651,16
500113008,20231026,1436,43,27,1,25.02594,121.50651,16
500113008,20231026,1437,43,27,1,25.02594,121.50651,16
500113008,20231026,1438,43,27,1,25.02594,121.50651,16
500113008,20231026,1439,43,27,1,25.02594,121.50651,16
500113008,20231027,1,43,27,1,25.02594,121.50651,16
500113008,20231027,2,43,27,1,25.02594,121.50651,16
500113008,20231027,3,43,27,1,25.02594,121.50651,16
500113008,20231027,4,43,27,1,25.02594,121.50651,16
500113008,20231027,5,43,27,1,25.02594,121.50651,16
500113008,20231027,6,43,27,1,25.02594,121.50651,16
500113008,20231027,7,43,27,1,25.02594,121.50651,16
500113008,20231027,8,43,27,1,25.02594,121.50651,16
500113008,20231027,9,43,26,1,25.02594,121.50651,17
500113008,20231027,10,43,26,1,25.02594,121.50651,17
500113008,20231027,11,43,26,1,25.02594,121.50651,17
500113008,20231027,12,43,26,1,25.02594,121.50651,17
500113008,20231027,13,43,26,1,25.02594,121.50651,17
500113008,20231027,14,43,26,1,25.02594,121.50651,17
500113008,20231027,15,43,25,1,25.02594,121.50651,18
500113008,20231027,16,43,25,1,25.02594,121.50651,18
500113008,20231027,17,43,25,1,25.02594,121.50651,18
500113008,20231027,18,43,25,1,25.02594,121.50651,18
500113008,20231027,19,43,25,1,25.02594,121.50651,18
500113008,20231027,21,43,26,1,25.02594,121.50651,17
500113008,20231027,22,43,26,1,25.02594,121.50651,17
500113008,20231027,23,43,26,1,25.02594,121.50651,17
500113008,20231027,24,43,26,1,25.02594,121.50651,17
500113008,20231027,25,43,26,1,25.02594,121.50651,17
500113008,20231027,26,43,26,1,25.02594,121.50651,17
500113008,20231027,27,43,26,1,25.02594,121.50651,17
500113008,20231027,28,43,26,1,25.02594,121.50651,17
500113008,20231027,29,43,26,1,25.02594,121.50651,17
500113008,20231027,30,43,26,1,25.02594,121.50651,17
500113008,20231027,31,43,26,1,25.02594,121.50651,17
500113008,20231027,32,43,26,1,25.02594,121.50651,17
500113008,20231027,33,43,26,1,25.02594,121.50651,17
500113008,20231027,35,43,27,1,25.02594,121.50651,16
500113008,20231027,36,43,27,1,25.02594,121.50651,16
500113008,20231027,37,43,26,1,25.02594,121.50651,17
500113008,20231027,38,43,26,1,25.02594,121.50651,17
500113008,20231027,39,43,26,1,25.02594,121.50651,17
500113008,20231027,40,43,26,1,25.02594,121.50651,17
500113008,20231027,41,43,26,1,25.02594,121.50651,17
500113008,20231027,42,43,26,1,25.02594,121.50651,17
500113008,20231027,43,43,26,1,25.02594,121.50651,17
500113008,20231027,44,43,26,1,25.02594,121.50651,17
500113008,20231027,45,43,26,1,25.02594,121.50651,17
500113008,20231027,46,43,26,1,25.02594,121.50651,17
500113008,20231027,47,43,26,1,25.02594,121.50651,17
500113008,20231027,48,43,26,1,25.02594,121.50651,17
500113008,20231027,49,43,26,1,25.02594,121.50651,17
500113008,20231027,50,43,26,1,25.02594,121.50651,17
500113008,20231027,51,43,26,1,25.02594,121.50651,17
500113008,20231027,52,43,26,1,25.02594,121.50651,17
500113008,20231027,53,43,26,1,25.02594,121.50651,17
500113008,20231027,54,43,27,1,25.02594,121.50651,16
500113008,20231027,55,43,27,1,25.02594,121.50651,16
500113008,20231027,56,43,27,1,25.02594,121.50651,16
500113008,20231027,57,43,27,1,25.02594,121.50651,16
500113008,20231027,58,43,27,1,25.02594,121.50651,16
500113008,20231027,59,43,27,1,25.02594,121.50651,16
500113008,20231027,60,43,27,1,25.02594,121.50651,16
500113008,20231027,61,43,27,1,25.02594,121.50651,16
500113008,20231027,62,43,27,1,25.02594,121.50651,16
500113008,20231027,63,43,27,1,25.02594,121.50651,16
500113008,20231027,64,43,27,1,25.02594,121.50651,16
500113008,20231027,65,43,27,1,25.02594,121.50651,16
500113008,20231027,67,43,27,1,25.02594,121.50651,16
500113008,20231027,68,43,27,1,25.02594,121.50651,16
500113008,20231027,69,43,27,1,25.02594,121.50651,16
500113008,20231027,70,43,27,1,25.02594,121.50651,16
500113008,20231027,71,43,26,1,25.02594,121.50651,17
500113008,20231027,72,43,26,1,25.02594,121.50651,17
500113008,20231027,73,43,26,1,25.02594,121.50651,17
500113008,20231027,74,43,26,1,25.02594,121.50651,17
500113008,20231027,75,43,26,1,25.02594,121.50651,17
500113008,20231027,76,43,26,1,25.02594,121.50651,17
500113008,20231027,77,43,26,1,25.02594,121.50651,17
500113008,20231027,78,43,26,1,25.02594,121.50651,17
500113008,20231027,79,43,26,1,25.02594,121.50651,17
500113008,20231027,82,43,26,1,25.02594,121.50651,17
500113008,20231027,83,43,26,1,25.02594,121.50651,17
500113008,20231027,84,43,26,1,25.02594,121.50651,17
500113008,20231027,85,43,26,1,25.02594,121.50651,17
500113008,20231027,86,43,26,1,25.02594,121.50651,17
500113008,20231027,87,43,26,1,25.02594,121.50651,17
500113008,20231027,88,43,26,1,25.02594,121.50651,17
500113008,20231027,89,43,26,1,25.02594,121.50651,17
500113008,20231027,91,43,26,1,25.02594,121.50651,17
500113008,20231027,92,43,26,1,25.02594,121.50651,17
500113008,20231027,93,43,26,1,25.02594,121.50651,17
500113008,20231027,94,43,26,1,25.02594,121.50651,17
500113008,20231027,95,43,26,1,25.02594,121.50651,17
500113008,20231027,96,43,26,1,25.02594,121.50651,17
500113008,20231027,97,43,26,1,25.02594,121.50651,17
500113008,20231027,98,43,26,1,25.02594,121.50651,17
500113008,20231027,99,43,26,1,25.02594,121.50651,17
500113008,20231027,100,43,26,1,25.02594,121.50651,17
500113008,20231027,101,43,26,1,25.02594,121.50651,17
500113008,20231027,102,43,26,1,25.02594,121.50651,17
500113008,20231027,103,43,26,1,25.02594,121.50651,17
500113008,20231027,104,43,26,1,25.02594,121.50651,17
500113008,20231027,105,43,25,1,25.02594,121.50651,18
500113008,20231027,106,43,25,1,25.02594,121.50651,18
500113008,20231027,107,43,25,1,25.02594,121.50651,18
500113008,20231027,108,43,25,1,25.02594,121.50651,18
500113008,20231027,109,43,25,1,25.02594,121.50651,18
500113008,20231027,110,43,25,1,25.02594,121.50651,18
500113008,20231027,111,43,25,1,25.02594,121.50651,18
500113008,20231027,112,43,25,1,25.02594,121.50651,18
500113008,20231027,113,43,25,1,25.02594,121.50651,18
500113008,20231027,114,43,24,1,25.02594,121.50651,19
500113008,20231027,115,43,24,1,25.02594,121.50651,19
500113008,20231027,116,43,24,1,25.02594,121.50651,19
500113008,20231027,117,43,24,1,25.02594,121.50651,19
500113008,20231027,118,43,24,1,25.02594,121.50651,19
500113008,20231027,119,43,24,1,25.02594,121.50651,19
500113008,20231027,121,43,23,1,25.02594,121.50651,20
500113008,20231027,122,43,23,1,25.02594,121.50651,20
500113008,20231027,123,43,23,1,25.02594,121.50651,20
500113008,20231027,124,43,23,1,25.02594,121.50651,20
500113008,20231027,125,43,23,1,25.02594,121.50651,20
500113008,20231027,126,43,23,1,25.02594,121.50651,20
500113008,20231027,127,43,23,1,25.02594,121.50651,20
500113008,20231027,128,43,23,1,25.02594,121.50651,20
500113008,20231027,129,43,23,1,25.02594,121.50651,20
500113008,20231027,130,43,23,1,25.02594,121.50651,20
500113008,20231027,131,43,23,1,25.02594,121.50651,20
500113008,20231027,132,43,23,1,25.02594,121.50651,20
500113008,20231027,133,43,23,1,25.02594,121.50651,20
500113008,20231027,134,43,23,1,25.02594,121.50651,20
500113008,20231027,135,43,23,1,25.02594,121.50651,20
500113008,20231027,136,43,23,1,25.02594,121.50651,20
500113008,20231027,137,43,22,1,25.02594,121.50651,21
500113008,20231027,138,43,22,1,25.02594,121.50651,21
500113008,20231027,139,43,22,1,25.02594,121.50651,21
500113008,20231027,141,43,22,1,25.02594,121.50651,21
500113008,20231027,142,43,22,1,25.02594,121.50651,21
500113008,20231027,143,43,22,1,25.02594,121.50651,21
500113008,20231027,144,43,22,1,25.02594,121.50651,21
500113008,20231027,145,43,22,1,25.02594,121.50651,21
500113008,20231027,146,43,22,1,25.02594,121.50651,21
500113008,20231027,147,43,22,1,25.02594,121.50651,21
500113008,20231027,148,43,22,1,25.02594,121.50651,21
500113008,20231027,149,43,22,1,25.02594,121.50651,21
500113008,20231027,150,43,22,1,25.02594,121.50651,21
500113008,20231027,151,43,22,1,25.02594,121.50651,21
500113008,20231027,152,43,22,1,25.02594,121.50651,21
500113008,20231027,153,43,22,1,25.02594,121.50651,21
500113008,20231027,154,43,22,1,25.02594,121.50651,21
500113008,20231027,155,43,22,1,25.02594,121.50651,21
500113008,20231027,156,43,22,1,25.02594,121.50651,21
500113008,20231027,157,43,22,1,25.02594,121.50651,21
500113008,20231027,158,43,22,1,25.02594,121.50651,21
500113008,20231027,159,43,22,1,25.02594,121.50651,21
500113008,20231027,160,43,22,1,25.02594,121.50651,21
500113008,20231027,161,43,22,1,25.02594,121.50651,21
500113008,20231027,162,43,22,1,25.02594,121.50651,21
500113008,20231027,163,43,22,1,25.02594,121.50651,21
500113008,20231027,164,43,22,1,25.02594,121.50651,21
500113008,20231027,165,43,22,1,25.02594,121.50651,21
500113008,20231027,166,43,22,1,25.02594,121.50651,21
500113008,20231027,167,43,22,1,25.02594,121.50651,21
500113008,20231027,168,43,22,1,25.02594,121.50651,21
500113008,20231027,169,43,22,1,25.02594,121.50651,21
500113008,20231027,170,43,22,1,25.02594,121.50651,21
500113008,20231027,171,43,22,1,25.02594,121.50651,21
500113008,20231027,172,43,22,1,25.02594,121.50651,21
500113008,20231027,173,43,22,1,25.02594,121.50651,21
500113008,20231027,174,43,22,1,25.02594,121.50651,21
500113008,20231027,175,43,22,1,25.02594,121.50651,21
500113008,20231027,176,43,22,1,25.02594,121.50651,21
500113008,20231027,177,43,22,1,25.02594,121.50651,21
500113008,20231027,178,43,22,1,25.02594,121.50651,21
500113008,20231027,179,43,22,1,25.02594,121.50651,21
500113008,20231027,180,43,22,1,25.02594,121.50651,21
500113008,20231027,181,43,22,1,25.02594,121.50651,21
500113008,20231027,182,43,22,1,25.02594,121.50651,21
500113008,20231027,183,43,22,1,25.02594,121.50651,21
500113008,20231027,184,43,22,1,25.02594,121.50651,21
500113008,20231027,185,43,22,1,25.02594,121.50651,21
500113008,20231027,186,43,22,1,25.02594,121.50651,21
500113008,20231027,187,43,22,1,25.02594,121.50651,21
500113008,20231027,188,43,22,1,25.02594,121.50651,21
500113008,20231027,189,43,22,1,25.02594,121.50651,21
500113008,20231027,190,43,22,1,25.02594,121.50651,21
500113008,20231027,191,43,22,1,25.02594,121.50651,21
500113008,20231027,192,43,22,1,25.02594,121.50651,21
500113008,20231027,193,43,22,1,25.02594,121.50651,21
500113008,20231027,194,43,22,1,25.02594,121.50651,21
500113008,20231027,195,43,22,1,25.02594,121.50651,21
500113008,20231027,196,43,22,1,25.02594,121.50651,21
500113008,20231027,197,43,22,1,25.02594,121.50651,21
500113008,20231027,198,43,22,1,25.02594,121.50651,21
500113008,20231027,199,43,22,1,25.02594,121.50651,21
500113008,20231027,201,43,22,1,25.02594,121.50651,21
500113008,20231027,202,43,22,1,25.02594,121.50651,21
500113008,20231027,203,43,22,1,25.02594,121.50651,21
500113008,20231027,204,43,22,1,25.02594,121.50651,21
500113008,20231027,205,43,22,1,25.02594,121.50651,21
500113008,20231027,206,43,22,1,25.02594,121.50651,21
500113008,20231027,207,43,22,1,25.02594,121.50651,21
500113008,20231027,208,43,22,1,25.02594,121.50651,21
500113008,20231027,209,43,22,1,25.02594,121.50651,21
500113008,20231027,210,43,22,1,25.02594,121.50651,21
500113008,20231027,211,43,22,1,25.02594,121.50651,21
500113008,20231027,212,43,22,1,25.02594,121.50651,21
500113008,20231027,213,43,22,1,25.02594,121.50651,21
500113008,20231027,214,43,22,1,25.02594,121.50651,21
500113008,20231027,215,43,22,1,25.02594,121.50651,21
500113008,20231027,216,43,22,1,25.02594,121.50651,21
500113008,20231027,217,43,22,1,25.02594,121.50651,21
500113008,20231027,218,43,22,1,25.02594,121.50651,21
500113008,20231027,219,43,22,1,25.02594,121.50651,21
500113008,20231027,220,43,22,1,25.02594,121.50651,21
500113008,20231027,221,43,22,1,25.02594,121.50651,21
500113008,20231027,222,43,22,1,25.02594,121.50651,21
500113008,20231027,223,43,22,1,25.02594,121.50651,21
500113008,20231027,224,43,22,1,25.02594,121.50651,21
500113008,20231027,225,43,22,1,25.02594,121.50651,21
500113008,20231027,226,43,22,1,25.02594,121.50651,21
500113008,20231027,227,43,22,1,25.02594,121.50651,21
500113008,20231027,228,43,22,1,25.02594,121.50651,21
500113008,20231027,229,43,22,1,25.02594,121.50651,21
500113008,20231027,230,43,22,1,25.02594,121.50651,21
500113008,20231027,231,43,22,1,25.02594,121.50651,21
500113008,20231027,232,43,22,1,25.02594,121.50651,21
500113008,20231027,233,43,22,1,25.02594,121.50651,21
500113008,20231027,234,43,22,1,25.02594,121.50651,21
500113008,20231027,235,43,22,1,25.02594,121.50651,21
500113008,20231027,236,43,22,1,25.02594,121.50651,21
500113008,20231027,237,43,22,1,25.02594,121.50651,21
500113008,20231027,238,43,22,1,25.02594,121.50651,21
500113008,20231027,239,43,22,1,25.02594,121.50651,21
500113008,20231027,240,43,22,1,25.02594,121.50651,21
500113008,20231027,241,43,22,1,25.02594,121.50651,21
500113008,20231027,242,43,22,1,25.02594,121.50651,21
500113008,20231027,243,43,22,1,25.02594,121.50651,21
500113008,20231027,244,43,22,1,25.02594,121.50651,21
500113008,20231027,245,43,22,1,25.02594,121.50651,21
500113008,20231027,246,43,22,1,25.02594,121.50651,21
500113008,20231027,247,43,22,1,25.02594,121.50651,21
500113008,20231027,248,43,22,1,25.02594,121.50651,21
500113008,20231027,249,43,21,1,25.02594,121.50651,22
500113008,20231027,250,43,21,1,25.02594,121.50651,22
500113008,20231027,251,43,21,1,25.02594,121.50651,22
500113008,20231027,252,43,21,1,25.02594,121.50651,22
500113008,20231027,253,43,21,1,25.02594,121.50651,22
500113008,20231027,254,43,21,1,25.02594,121.50651,22
500113008,20231027,255,43,21,1,25.02594,121.50651,22
500113008,20231027,256,43,21,1,25.02594,121.50651,22
500113008,20231027,257,43,21,1,25.02594,121.50651,22
500113008,20231027,258,43,21,1,25.02594,121.50651,22
500113008,20231027,259,43,21,1,25.02594,121.50651,22
500113008,20231027,261,43,21,1,25.02594,121.50651,22
500113008,20231027,262,43,21,1,25.02594,121.50651,22
500113008,20231027,263,43,21,1,25.02594,121.50651,22
500113008,20231027,264,43,21,1,25.02594,121.50651,22
500113008,20231027,265,43,21,1,25.02594,121.50651,22
500113008,20231027,266,43,21,1,25.02594,121.50651,22
500113008,20231027,267,43,21,1,25.02594,121.50651,22
500113008,20231027,268,43,20,1,25.02594,121.50651,23
500113008,20231027,269,43,20,1,25.02594,121.50651,23
500113008,20231027,270,43,20,1,25.02594,121.50651,23
500113008,20231027,271,43,20,1,25.02594,121.50651,23
500113008,20231027,272,43,20,1,25.02594,121.50651,23
500113008,20231027,273,43,20,1,25.02594,121.50651,23
500113008,20231027,274,43,20,1,25.02594,121.50651,23
500113008,20231027,275,43,20,1,25.02594,121.50651,23
500113008,20231027,276,43,20,1,25.02594,121.50651,23
500113008,20231027,277,43,20,1,25.02594,121.50651,23
500113008,20231027,278,43,20,1,25.02594,121.50651,23
500113008,20231027,279,43,20,1,25.02594,121.50651,23
500113008,20231027,280,43,20,1,25.02594,121.50651,23
500113008,20231027,281,43,20,1,25.02594,121.50651,23
500113008,20231027,282,43,20,1,25.02594,121.50651,23
500113008,20231027,283,43,20,1,25.02594,121.50651,23
500113008,20231027,284,43,20,1,25.02594,121.50651,23
500113008,20231027,285,43,20,1,25.02594,121.50651,23
500113008,20231027,286,43,20,1,25.02594,121.50651,23
500113008,20231027,287,43,20,1,25.02594,121.50651,23
500113008,20231027,288,43,20,1,25.02594,121.50651,23
500113008,20231027,289,43,20,1,25.02594,121.50651,23
500113008,20231027,290,43,20,1,25.02594,121.50651,23
500113008,20231027,291,43,20,1,25.02594,121.50651,23
500113008,20231027,292,43,20,1,25.02594,121.50651,23
500113008,20231027,293,43,20,1,25.02594,121.50651,23
500113008,20231027,294,43,20,1,25.02594,121.50651,23
500113008,20231027,295,43,20,1,25.02594,121.50651,23
500113008,20231027,296,43,20,1,25.02594,121.50651,23
500113008,20231027,297,43,20,1,25.02594,121.50651,23
500113008,20231027,298,43,20,1,25.02594,121.50651,23
500113008,20231027,299,43,20,1,25.02594,121.50651,23
500113008,20231027,300,43,20,1,25.02594,121.50651,23
500113008,20231027,301,43,20,1,25.02594,121.50651,23
500113008,20231027,302,43,20,1,25.02594,121.50651,23
500113008,20231027,303,43,20,1,25.02594,121.50651,23
500113008,20231027,304,43,20,1,25.02594,121.50651,23
500113008,20231027,305,43,20,1,25.02594,121.50651,23
500113008,20231027,306,43,20,1,25.02594,121.50651,23
500113008,20231027,307,43,20,1,25.02594,121.50651,23
500113008,20231027,308,43,20,1,25.02594,121.50651,23
500113008,20231027,309,43,20,1,25.02594,121.50651,23
500113008,20231027,310,43,20,1,25.02594,121.50651,23
500113008,20231027,311,43,20,1,25.02594,121.50651,23
500113008,20231027,312,43,20,1,25.02594,121.50651,23
500113008,20231027,313,43,20,1,25.02594,121.50651,23
500113008,20231027,314,43,20,1,25.02594,121.50651,23
500113008,20231027,315,43,20,1,25.02594,121.50651,23
500113008,20231027,316,43,20,1,25.02594,121.50651,23
500113008,20231027,317,43,20,1,25.02594,121.50651,23
500113008,20231027,318,43,20,1,25.02594,121.50651,23
500113008,20231027,319,43,20,1,25.02594,121.50651,23
500113008,20231027,321,43,20,1,25.02594,121.50651,23
500113008,20231027,322,43,20,1,25.02594,121.50651,23
500113008,20231027,323,43,20,1,25.02594,121.50651,23
500113008,20231027,324,43,20,1,25.02594,121.50651,23
500113008,20231027,325,43,20,1,25.02594,121.50651,23
500113008,20231027,326,43,20,1,25.02594,121.50651,23
500113008,20231027,327,43,20,1,25.02594,121.50651,23
500113008,20231027,328,43,20,1,25.02594,121.50651,23
500113008,20231027,329,43,20,1,25.02594,121.50651,23
500113008,20231027,330,43,20,1,25.02594,121.50651,23
500113008,20231027,331,43,20,1,25.02594,121.50651,23
500113008,20231027,332,43,20,1,25.02594,121.50651,23
500113008,20231027,333,43,20,1,25.02594,121.50651,23
500113008,20231027,334,43,20,1,25.02594,121.50651,23
500113008,20231027,335,43,20,1,25.02594,121.50651,23
500113008,20231027,336,43,20,1,25.02594,121.50651,23
500113008,20231027,337,43,20,1,25.02594,121.50651,23
500113008,20231027,338,43,21,1,25.02594,121.50651,22
500113008,20231027,339,43,21,1,25.02594,121.50651,22
500113008,20231027,340,43,21,1,25.02594,121.50651,22
500113008,20231027,341,43,21,1,25.02594,121.50651,22
500113008,20231027,342,43,21,1,25.02594,121.50651,22
500113008,20231027,344,43,21,1,25.02594,121.50651,22
500113008,20231027,345,43,21,1,25.02594,121.50651,22
500113008,20231027,346,43,21,1,25.02594,121.50651,22
500113008,20231027,347,43,20,1,25.02594,121.50651,23
500113008,20231027,348,43,20,1,25.02594,121.50651,23
500113008,20231027,349,43,20,1,25.02594,121.50651,23
500113008,20231027,350,43,20,1,25.02594,121.50651,23
500113008,20231027,351,43,20,1,25.02594,121.50651,23
500113008,20231027,352,43,20,1,25.02594,121.50651,23
500113008,20231027,353,43,20,1,25.02594,121.50651,23
500113008,20231027,354,43,20,1,25.02594,121.50651,23
500113008,20231027,355,43,20,1,25.02594,121.50651,23
500113008,20231027,356,43,19,1,25.02594,121.50651,24
500113008,20231027,357,43,19,1,25.02594,121.50651,24
500113008,20231027,358,43,19,1,25.02594,121.50651,24
500113008,20231027,359,43,20,1,25.02594,121.50651,23
500113008,20231027,360,43,20,1,25.02594,121.50651,23
500113008,20231027,361,43,20,1,25.02594,121.50651,23
500113008,20231027,362,43,21,1,25.02594,121.50651,22
500113008,20231027,363,43,21,1,25.02594,121.50651,22
500113008,20231027,364,43,20,1,25.02594,121.50651,23
500113008,20231027,365,43,20,1,25.02594,121.50651,23
500113008,20231027,366,43,20,1,25.02594,121.50651,23
500113008,20231027,367,43,20,1,25.02594,121.50651,23
500113008,20231027,368,43,18,1,25.02594,121.50651,25
500113008,20231027,369,43,18,1,25.02594,121.50651,25
500113008,20231027,370,43,18,1,25.02594,121.50651,25
500113008,20231027,371,43,18,1,25.02594,121.50651,25
500113008,20231027,372,43,19,1,25.02594,121.50651,24
500113008,20231027,373,43,19,1,25.02594,121.50651,24
500113008,20231027,374,43,20,1,25.02594,121.50651,23
500113008,20231027,375,43,20,1,25.02594,121.50651,23
500113008,20231027,376,43,20,1,25.02594,121.50651,23
500113008,20231027,377,43,20,1,25.02594,121.50651,23
500113008,20231027,378,43,20,1,25.02594,121.50651,23
500113008,20231027,379,43,20,1,25.02594,121.50651,23
500113008,20231027,381,43,21,1,25.02594,121.50651,22
500113008,20231027,382,43,21,1,25.02594,121.50651,22
500113008,20231027,383,43,21,1,25.02594,121.50651,22
500113008,20231027,384,43,21,1,25.02594,121.50651,22
500113008,20231027,385,43,21,1,25.02594,121.50651,22
500113008,20231027,386,43,21,1,25.02594,121.50651,22
500113008,20231027,387,43,22,1,25.02594,121.50651,21
500113008,20231027,388,43,22,1,25.02594,121.50651,21
500113008,20231027,389,43,22,1,25.02594,121.50651,21
500113008,20231027,390,43,22,1,25.02594,121.50651,21
500113008,20231027,391,43,21,1,25.02594,121.50651,22
500113008,20231027,392,43,21,1,25.02594,121.50651,22
500113008,20231027,393,43,22,1,25.02594,121.50651,21
500113008,20231027,394,43,22,1,25.02594,121.50651,21
500113008,20231027,395,43,22,1,25.02594,121.50651,21
500113008,20231027,396,43,21,1,25.02594,121.50651,22
500113008,20231027,397,43,21,1,25.02594,121.50651,22
500113008,20231027,398,43,21,1,25.02594,121.50651,22
500113008,20231027,399,43,21,1,25.02594,121.50651,22
500113008,20231027,400,43,21,1,25.02594,121.50651,22
500113008,20231027,401,43,21,1,25.02594,121.50651,22
500113008,20231027,402,43,21,1,25.02594,121.50651,22
500113008,20231027,403,43,21,1,25.02594,121.50651,22
500113008,20231027,404,43,21,1,25.02594,121.50651,22
500113008,20231027,405,43,21,1,25.02594,121.50651,22
500113008,20231027,406,43,21,1,25.02594,121.50651,22
500113008,20231027,407,43,22,1,25.02594,121.50651,21
500113008,20231027,408,43,22,1,25.02594,121.50651,21
500113008,20231027,409,43,23,1,25.02594,121.50651,20
500113008,20231027,410,43,24,1,25.02594,121.50651,19
500113008,20231027,411,43,24,1,25.02594,121.50651,19
500113008,20231027,412,43,24,1,25.02594,121.50651,19
500113008,20231027,413,43,24,1,25.02594,121.50651,19
500113008,20231027,414,43,23,1,25.02594,121.50651,20
500113008,20231027,415,43,23,1,25.02594,121.50651,20
500113008,20231027,416,43,25,1,25.02594,121.50651,18
500113008,20231027,417,43,24,1,25.02594,121.50651,19
500113008,20231027,418,43,25,1,25.02594,121.50651,18
500113008,20231027,419,43,25,1,25.02594,121.50651,18
500113008,20231027,421,43,26,1,25.02594,121.50651,17
500113008,20231027,422,43,26,1,25.02594,121.50651,17
500113008,20231027,423,43,26,1,25.02594,121.50651,17
500113008,20231027,424,43,26,1,25.02594,121.50651,17
500113008,20231027,425,43,27,1,25.02594,121.50651,16
500113008,20231027,426,43,27,1,25.02594,121.50651,16
500113008,20231027,427,43,27,1,25.02594,121.50651,16
500113008,20231027,428,43,27,1,25.02594,121.50651,16
500113008,20231027,429,43,27,1,25.02594,121.50651,16
500113008,20231027,430,43,27,1,25.02594,121.50651,16
500113008,20231027,431,43,27,1,25.02594,121.50651,16
500113008,20231027,432,43,27,1,25.02594,121.50651,16
500113008,20231027,433,43,27,1,25.02594,121.50651,16
500113008,20231027,434,43,27,1,25.02594,121.50651,16
500113008,20231027,435,43,27,1,25.02594,121.50651,16
500113008,20231027,436,43,27,1,25.02594,121.50651,16
500113008,20231027,437,43,27,1,25.02594,121.50651,16
500113008,20231027,438,43,27,1,25.02594,121.50651,16
500113008,20231027,439,43,28,1,25.02594,121.50651,15
500113008,20231027,441,43,29,1,25.02594,121.50651,14
500113008,20231027,442,43,29,1,25.02594,121.50651,14
500113008,20231027,443,43,29,1,25.02594,121.50651,14
500113008,20231027,444,43,31,1,25.02594,121.50651,12
500113008,20231027,445,43,31,1,25.02594,121.50651,12
500113008,20231027,446,43,31,1,25.02594,121.50651,12
500113008,20231027,447,43,32,1,25.02594,121.50651,11
500113008,20231027,448,43,32,1,25.02594,121.50651,11
500113008,20231027,449,43,32,1,25.02594,121.50651,11
500113008,20231027,451,43,33,1,25.02594,121.50651,10
500113008,20231027,452,43,33,1,25.02594,121.50651,10
500113008,20231027,453,43,33,1,25.02594,121.50651,10
500113008,20231027,454,43,33,1,25.02594,121.50651,10
500113008,20231027,455,43,33,1,25.02594,121.50651,10
500113008,20231027,456,43,34,1,25.02594,121.50651,9
500113008,20231027,457,43,34,1,25.02594,121.50651,9
500113008,20231027,458,43,34,1,25.02594,121.50651,9
500113008,20231027,459,43,34,1,25.02594,121.50651,9
500113008,20231027,460,43,37,1,25.02594,121.50651,6
500113008,20231027,461,43,37,1,25.02594,121.50651,6
500113008,20231027,462,43,36,1,25.02594,121.50651,7
500113008,20231027,463,43,36,1,25.02594,121.50651,7
500113008,20231027,464,43,36,1,25.02594,121.50651,7
500113008,20231027,465,43,35,1,25.02594,121.50651,8
500113008,20231027,466,43,35,1,25.02594,121.50651,8
500113008,20231027,467,43,35,1,25.02594,121.50651,8
500113008,20231027,468,43,36,1,25.02594,121.50651,7
500113008,20231027,469,43,36,1,25.02594,121.50651,7
500113008,20231027,470,43,36,1,25.02594,121.50651,7
500113008,20231027,471,43,36,1,25.02594,121.50651,7
500113008,20231027,472,43,34,1,25.02594,121.50651,9
500113008,20231027,473,43,34,1,25.02594,121.50651,9
500113008,20231027,474,43,34,1,25.02594,121.50651,9
500113008,20231027,475,43,34,1,25.02594,121.50651,9
500113008,20231027,476,43,34,1,25.02594,121.50651,9
500113008,20231027,477,43,36,1,25.02594,121.50651,7
500113008,20231027,478,43,36,1,25.02594,121.50651,7
500113008,20231027,479,43,36,1,25.02594,121.50651,7
500113008,20231027,481,43,37,1,25.02594,121.50651,6
500113008,20231027,482,43,36,1,25.02594,121.50651,7
500113008,20231027,483,43,36,1,25.02594,121.50651,7
500113008,20231027,484,43,36,1,25.02594,121.50651,7
500113008,20231027,485,43,36,1,25.02594,121.50651,7
500113008,20231027,486,43,36,1,25.02594,121.50651,7
500113008,20231027,487,43,36,1,25.02594,121.50651,7
500113008,20231027,488,43,36,1,25.02594,121.50651,7
500113008,20231027,489,43,36,1,25.02594,121.50651,7
500113008,20231027,490,43,36,1,25.02594,121.50651,7
500113008,20231027,491,43,36,1,25.02594,121.50651,7
500113008,20231027,492,43,35,1,25.02594,121.50651,8
500113008,20231027,493,43,35,1,25.02594,121.50651,8
500113008,20231027,494,43,35,1,25.02594,121.50651,8
500113008,20231027,495,43,35,1,25.02594,121.50651,8
500113008,20231027,496,43,35,1,25.02594,121.50651,8
500113008,20231027,497,43,35,1,25.02594,121.50651,8
500113008,20231027,498,43,35,1,25.02594,121.50651,8
500113008,20231027,499,43,36,1,25.02594,121.50651,7
500113008,20231027,501,43,36,1,25.02594,121.50651,7
500113008,20231027,502,43,36,1,25.02594,121.50651,7
500113008,20231027,503,43,37,1,25.02594,121.50651,6
500113008,20231027,504,43,37,1,25.02594,121.50651,6
500113008,20231027,505,43,37,1,25.02594,121.50651,6
500113008,20231027,506,43,38,1,25.02594,121.50651,5
500113008,20231027,507,43,38,1,25.02594,121.50651,5
500113008,20231027,508,43,38,1,25.02594,121.50651,5
500113008,20231027,509,43,38,1,25.02594,121.50651,5
500113008,20231027,511,43,38,1,25.02594,121.50651,5
500113008,20231027,512,43,38,1,25.02594,121.50651,5
500113008,20231027,513,43,38,1,25.02594,121.50651,5
500113008,20231027,514,43,38,1,25.02594,121.50651,5
500113008,20231027,515,43,39,1,25.02594,121.50651,4
500113008,20231027,516,43,39,1,25.02594,121.50651,4
500113008,20231027,517,43,39,1,25.02594,121.50651,4
500113008,20231027,518,43,39,1,25.02594,121.50651,4
500113008,20231027,519,43,39,1,25.02594,121.50651,4
500113008,20231027,520,43,38,1,25.02594,121.50651,5
500113008,20231027,521,43,38,1,25.02594,121.50651,5
500113008,20231027,522,43,37,1,25.02594,121.50651,6
500113008,20231027,523,43,37,1,25.02594,121.50651,6
500113008,20231027,524,43,37,1,25.02594,121.50651,6
500113008,20231027,525,43,37,1,25.02594,121.50651,6
500113008,20231027,526,43,37,1,25.02594,121.50651,6
500113008,20231027,527,43,38,1,25.02594,121.50651,5
500113008,20231027,528,43,39,1,25.02594,121.50651,4
500113008,20231027,529,43,39,1,25.02594,121.50651,4
500113008,20231027,530,43,39,1,25.02594,121.50651,4
500113008,20231027,531,43,39,1,25.02594,121.50651,4
500113008,20231027,532,43,39,1,25.02594,121.50651,4
500113008,20231027,533,43,39,1,25.02594,121.50651,4
500113008,20231027,534,43,39,1,25.02594,121.50651,4
500113008,20231027,535,43,39,1,25.02594,121.50651,4
500113008,20231027,536,43,39,1,25.02594,121.50651,4
500113008,20231027,537,43,39,1,25.02594,121.50651,4
500113008,20231027,538,43,39,1,25.02594,121.50651,4
500113008,20231027,539,43,39,1,25.02594,121.50651,4
500113008,20231027,541,43,40,1,25.02594,121.50651,3
500113008,20231027,542,43,41,1,25.02594,121.50651,2
500113008,20231027,543,43,41,1,25.02594,121.50651,2
500113008,20231027,544,43,41,1,25.02594,121.50651,2
500113008,20231027,545,43,41,1,25.02594,121.50651,2
500113008,20231027,546,43,41,1,25.02594,121.50651,2
500113008,20231027,547,43,41,1,25.02594,121.50651,2
500113008,20231027,548,43,41,1,25.02594,121.50651,2
500113008,20231027,549,43,41,1,25.02594,121.50651,2
500113008,20231027,550,43,40,1,25.02594,121.50651,3
500113008,20231027,551,43,40,1,25.02594,121.50651,3
500113008,20231027,552,43,40,1,25.02594,121.50651,3
500113008,20231027,553,43,40,1,25.02594,121.50651,3
500113008,20231027,554,43,40,1,25.02594,121.50651,3
500113008,20231027,555,43,40,1,25.02594,121.50651,3
500113008,20231027,556,43,40,1,25.02594,121.50651,3
500113008,20231027,557,43,40,1,25.02594,121.50651,3
500113008,20231027,558,43,40,1,25.02594,121.50651,3
500113008,20231027,559,43,40,1,25.02594,121.50651,3
500113008,20231027,561,43,40,1,25.02594,121.50651,3
500113008,20231027,562,43,40,1,25.02594,121.50651,3
500113008,20231027,563,43,40,1,25.02594,121.50651,3
500113008,20231027,564,43,40,1,25.02594,121.50651,3
500113008,20231027,565,43,40,1,25.02594,121.50651,3
500113008,20231027,566,43,40,1,25.02594,121.50651,3
500113008,20231027,567,43,40,1,25.02594,121.50651,3
500113008,20231027,568,43,40,1,25.02594,121.50651,3
500113008,20231027,569,43,40,1,25.02594,121.50651,3
500113008,20231027,571,43,40,1,25.02594,121.50651,3
500113008,20231027,572,43,40,1,25.02594,121.50651,3
500113008,20231027,573,43,40,1,25.02594,121.50651,3
500113008,20231027,574,43,39,1,25.02594,121.50651,4
500113008,20231027,575,43,39,1,25.02594,121.50651,4
500113008,20231027,576,43,40,1,25.02594,121.50651,3
500113008,20231027,577,43,40,1,25.02594,121.50651,3
500113008,20231027,578,43,40,1,25.02594,121.50651,3
500113008,20231027,579,43,40,1,25.02594,121.50651,3
500113008,20231027,580,43,40,1,25.02594,121.50651,3
500113008,20231027,581,43,40,1,25.02594,121.50651,3
500113008,20231027,582,43,40,1,25.02594,121.50651,3
500113008,20231027,583,43,40,1,25.02594,121.50651,3
500113008,20231027,584,43,40,1,25.02594,121.50651,3
500113008,20231027,585,43,40,1,25.02594,121.50651,3
500113008,20231027,586,43,40,1,25.02594,121.50651,3
500113008,20231027,587,43,40,1,25.02594,121.50651,3
500113008,20231027,588,43,40,1,25.02594,121.50651,3
500113008,20231027,589,43,39,1,25.02594,121.50651,4
500113008,20231027,590,43,39,1,25.02594,121.50651,4
500113008,20231027,591,43,39,1,25.02594,121.50651,4
500113008,20231027,592,43,39,1,25.02594,121.50651,4
500113008,20231027,593,43,39,1,25.02594,121.50651,4
500113008,20231027,594,43,40,1,25.02594,121.50651,3
500113008,20231027,595,43,40,1,25.02594,121.50651,3
500113008,20231027,596,43,40,1,25.02594,121.50651,3
500113008,20231027,597,43,40,1,25.02594,121.50651,3
500113008,20231027,598,43,40,1,25.02594,121.50651,3
500113008,20231027,599,43,39,1,25.02594,121.50651,4
500113008,20231027,601,43,39,1,25.02594,121.50651,4
500113008,20231027,602,43,39,1,25.02594,121.50651,4
500113008,20231027,603,43,38,1,25.02594,121.50651,5
500113008,20231027,604,43,38,1,25.02594,121.50651,5
500113008,20231027,605,43,39,1,25.02594,121.50651,4
500113008,20231027,606,43,39,1,25.02594,121.50651,4
500113008,20231027,607,43,40,1,25.02594,121.50651,3
500113008,20231027,608,43,40,1,25.02594,121.50651,3
500113008,20231027,609,43,40,1,25.02594,121.50651,3
500113008,20231027,610,43,41,1,25.02594,121.50651,2
500113008,20231027,611,43,41,1,25.02594,121.50651,2
500113008,20231027,612,43,41,1,25.02594,121.50651,2
500113008,20231027,613,43,41,1,25.02594,121.50651,2
500113008,20231027,614,43,42,1,25.02594,121.50651,1
500113008,20231027,615,43,42,1,25.02594,121.50651,1
500113008,20231027,616,43,42,1,25.02594,121.50651,1
500113008,20231027,617,43,42,1,25.02594,121.50651,1
500113008,20231027,618,43,41,1,25.02594,121.50651,2
500113008,20231027,619,43,41,1,25.02594,121.50651,2
500113008,20231027,621,43,41,1,25.02594,121.50651,2
500113008,20231027,622,43,41,1,25.02594,121.50651,2
500113008,20231027,623,43,41,1,25.02594,121.50651,2
500113008,20231027,624,43,41,1,25.02594,121.50651,2
500113008,20231027,625,43,41,1,25.02594,121.50651,2
500113008,20231027,626,43,41,1,25.02594,121.50651,2
500113008,20231027,627,43,41,1,25.02594,121.50651,2
500113008,20231027,628,43,41,1,25.02594,121.50651,2
500113008,20231027,629,43,40,1,25.02594,121.50651,3
500113008,20231027,631,43,40,1,25.02594,121.50651,3
500113008,20231027,632,43,40,1,25.02594,121.50651,3
500113008,20231027,633,43,40,1,25.02594,121.50651,3
500113008,20231027,634,43,40,1,25.02594,121.50651,3
500113008,20231027,636,43,41,1,25.02594,121.50651,2
500113008,20231027,637,43,41,1,25.02594,121.50651,2
500113008,20231027,638,43,41,1,25.02594,121.50651,2
500113008,20231027,639,43,41,1,25.02594,121.50651,2
500113008,20231027,640,43,40,1,25.02594,121.50651,3
500113008,20231027,641,43,40,1,25.02594,121.50651,3
500113008,20231027,642,43,40,1,25.02594,121.50651,3
500113008,20231027,643,43,40,1,25.02594,121.50651,3
500113008,20231027,644,43,40,1,25.02594,121.50651,3
500113008,20231027,645,43,40,1,25.02594,121.50651,3
500113008,20231027,646,43,41,1,25.02594,121.50651,2
500113008,20231027,647,43,41,1,25.02594,121.50651,2
500113008,20231027,648,43,41,1,25.02594,121.50651,2
500113008,20231027,649,43,41,1,25.02594,121.50651,2
500113008,20231027,650,43,41,1,25.02594,121.50651,2
500113008,20231027,651,43,41,1,25.02594,121.50651,2
500113008,20231027,652,43,41,1,25.02594,121.50651,2
500113008,20231027,653,43,41,1,25.02594,121.50651,2
500113008,20231027,654,43,41,1,25.02594,121.50651,2
500113008,20231027,655,43,41,1,25.02594,121.50651,2
500113008,20231027,656,43,40,1,25.02594,121.50651,3
500113008,20231027,657,43,40,1,25.02594,121.50651,3
500113008,20231027,658,43,40,1,25.02594,121.50651,3
500113008,20231027,659,43,41,1,25.02594,121.50651,2
500113008,20231027,661,43,41,1,25.02594,121.50651,2
500113008,20231027,662,43,41,1,25.02594,121.50651,2
500113008,20231027,663,43,41,1,25.02594,121.50651,2
500113008,20231027,664,43,41,1,25.02594,121.50651,2
500113008,20231027,665,43,41,1,25.02594,121.50651,2
500113008,20231027,666,43,41,1,25.02594,121.50651,2
500113008,20231027,667,43,41,1,25.02594,121.50651,2
500113008,20231027,668,43,41,1,25.02594,121.50651,2
500113008,20231027,669,43,41,1,25.02594,121.50651,2
500113008,20231027,670,43,41,1,25.02594,121.50651,2
500113008,20231027,671,43,41,1,25.02594,121.50651,2
500113008,20231027,672,43,41,1,25.02594,121.50651,2
500113008,20231027,673,43,41,1,25.02594,121.50651,2
500113008,20231027,674,43,41,1,25.02594,121.50651,2
500113008,20231027,675,43,41,1,25.02594,121.50651,2
500113008,20231027,676,43,41,1,25.02594,121.50651,2
500113008,20231027,677,43,41,1,25.02594,121.50651,2
500113008,20231027,678,43,41,1,25.02594,121.50651,2
500113008,20231027,679,43,41,1,25.02594,121.50651,2
500113008,20231027,681,43,41,1,25.02594,121.50651,2
500113008,20231027,682,43,41,1,25.02594,121.50651,2
500113008,20231027,683,43,41,1,25.02594,121.50651,2
500113008,20231027,684,43,41,1,25.02594,121.50651,2
500113008,20231027,685,43,41,1,25.02594,121.50651,2
500113008,20231027,686,43,41,1,25.02594,121.50651,2
500113008,20231027,687,43,41,1,25.02594,121.50651,2
500113008,20231027,688,43,41,1,25.02594,121.50651,2
500113008,20231027,689,43,40,1,25.02594,121.50651,3
500113008,20231027,690,43,40,1,25.02594,121.50651,3
500113008,20231027,691,43,39,1,25.02594,121.50651,4
500113008,20231027,692,43,39,1,25.02594,121.50651,4
500113008,20231027,693,43,39,1,25.02594,121.50651,4
500113008,20231027,694,43,39,1,25.02594,121.50651,4
500113008,20231027,695,43,39,1,25.02594,121.50651,4
500113008,20231027,696,43,39,1,25.02594,121.50651,4
500113008,20231027,697,43,39,1,25.02594,121.50651,4
500113008,20231027,698,43,39,1,25.02594,121.50651,4
500113008,20231027,699,43,39,1,25.02594,121.50651,4
500113008,20231027,700,43,39,1,25.02594,121.50651,4
500113008,20231027,701,43,40,1,25.02594,121.50651,3
500113008,20231027,702,43,40,1,25.02594,121.50651,3
500113008,20231027,703,43,40,1,25.02594,121.50651,3
500113008,20231027,704,43,40,1,25.02594,121.50651,3
500113008,20231027,705,43,40,1,25.02594,121.50651,3
500113008,20231027,706,43,40,1,25.02594,121.50651,3
500113008,20231027,707,43,41,1,25.02594,121.50651,2
500113008,20231027,708,43,41,1,25.02594,121.50651,2
500113008,20231027,709,43,41,1,25.02594,121.50651,2
500113008,20231027,710,43,40,1,25.02594,121.50651,3
500113008,20231027,711,43,38,1,25.02594,121.50651,5
500113008,20231027,712,43,38,1,25.02594,121.50651,5
500113008,20231027,713,43,37,1,25.02594,121.50651,6
500113008,20231027,714,43,37,1,25.02594,121.50651,6
500113008,20231027,715,43,37,1,25.02594,121.50651,6
500113008,20231027,716,43,37,1,25.02594,121.50651,6
500113008,20231027,717,43,37,1,25.02594,121.50651,6
500113008,20231027,718,43,38,1,25.02594,121.50651,5
500113008,20231027,719,43,38,1,25.02594,121.50651,5
500113008,20231027,721,43,38,1,25.02594,121.50651,5
500113008,20231027,722,43,38,1,25.02594,121.50651,5
500113008,20231027,723,43,38,1,25.02594,121.50651,5
500113008,20231027,724,43,38,1,25.02594,121.50651,5
500113008,20231027,725,43,38,1,25.02594,121.50651,5
500113008,20231027,726,43,38,1,25.02594,121.50651,5
500113008,20231027,727,43,37,1,25.02594,121.50651,6
500113008,20231027,728,43,37,1,25.02594,121.50651,6
500113008,20231027,729,43,37,1,25.02594,121.50651,6
500113008,20231027,730,43,36,1,25.02594,121.50651,7
500113008,20231027,731,43,36,1,25.02594,121.50651,7
500113008,20231027,732,43,36,1,25.02594,121.50651,7
500113008,20231027,733,43,36,1,25.02594,121.50651,7
500113008,20231027,734,43,36,1,25.02594,121.50651,7
500113008,20231027,735,43,36,1,25.02594,121.50651,7
500113008,20231027,736,43,36,1,25.02594,121.50651,7
500113008,20231027,737,43,36,1,25.02594,121.50651,7
500113008,20231027,738,43,36,1,25.02594,121.50651,7
500113008,20231027,739,43,36,1,25.02594,121.50651,7
500113008,20231027,741,43,36,1,25.02594,121.50651,7
500113008,20231027,742,43,36,1,25.02594,121.50651,7
500113008,20231027,743,43,36,1,25.02594,121.50651,7
500113008,20231027,744,43,36,1,25.02594,121.50651,7
500113008,20231027,745,43,36,1,25.02594,121.50651,7
500113008,20231027,746,43,36,1,25.02594,121.50651,7
500113008,20231027,747,43,36,1,25.02594,121.50651,7
500113008,20231027,748,43,36,1,25.02594,121.50651,7
500113008,20231027,749,43,36,1,25.02594,121.50651,7
500113008,20231027,751,43,36,1,25.02594,121.50651,7
500113008,20231027,752,43,35,1,25.02594,121.50651,8
500113008,20231027,753,43,35,1,25.02594,121.50651,8
500113008,20231027,754,43,34,1,25.02594,121.50651,9
500113008,20231027,755,43,33,1,25.02594,121.50651,10
500113008,20231027,756,43,33,1,25.02594,121.50651,10
500113008,20231027,757,43,33,1,25.02594,121.50651,10
500113008,20231027,758,43,33,1,25.02594,121.50651,10
500113008,20231027,759,43,33,1,25.02594,121.50651,10
500113008,20231027,760,43,33,1,25.02594,121.50651,10
500113008,20231027,761,43,33,1,25.02594,121.50651,10
500113008,20231027,762,43,33,1,25.02594,121.50651,10
500113008,20231027,763,43,33,1,25.02594,121.50651,10
500113008,20231027,764,43,33,1,25.02594,121.50651,10
500113008,20231027,765,43,33,1,25.02594,121.50651,10
500113008,20231027,766,43,33,1,25.02594,121.50651,10
500113008,20231027,767,43,34,1,25.02594,121.50651,9
500113008,20231027,768,43,34,1,25.02594,121.50651,9
500113008,20231027,769,43,34,1,25.02594,121.50651,9
500113008,20231027,770,43,34,1,25.02594,121.50651,9
500113008,20231027,771,43,34,1,25.02594,121.50651,9
500113008,20231027,772,43,34,1,25.02594,121.50651,9
500113008,20231027,773,43,34,1,25.02594,121.50651,9
500113008,20231027,774,43,34,1,25.02594,121.50651,9
500113008,20231027,775,43,34,1,25.02594,121.50651,9
500113008,20231027,776,43,34,1,25.02594,121.50651,9
500113008,20231027,777,43,34,1,25.02594,121.50651,9
500113008,20231027,778,43,34,1,25.02594,121.50651,9
500113008,20231027,779,43,34,1,25.02594,121.50651,9
500113008,20231027,781,43,34,1,25.02594,121.50651,9
500113008,20231027,782,43,36,1,25.02594,121.50651,7
500113008,20231027,783,43,36,1,25.02594,121.50651,7
500113008,20231027,784,43,36,1,25.02594,121.50651,7
500113008,20231027,785,43,36,1,25.02594,121.50651,7
500113008,20231027,786,43,36,1,25.02594,121.50651,7
500113008,20231027,787,43,36,1,25.02594,121.50651,7
500113008,20231027,788,43,37,1,25.02594,121.50651,6
500113008,20231027,789,43,37,1,25.02594,121.50651,6
500113008,20231027,790,43,37,1,25.02594,121.50651,6
500113008,20231027,791,43,37,1,25.02594,121.50651,6
500113008,20231027,792,43,36,1,25.02594,121.50651,7
500113008,20231027,793,43,36,1,25.02594,121.50651,7
500113008,20231027,794,43,36,1,25.02594,121.50651,7
500113008,20231027,795,43,36,1,25.02594,121.50651,7
500113008,20231027,796,43,36,1,25.02594,121.50651,7
500113008,20231027,797,43,36,1,25.02594,121.50651,7
500113008,20231027,798,43,36,1,25.02594,121.50651,7
500113008,20231027,799,43,36,1,25.02594,121.50651,7
500113008,20231027,801,43,36,1,25.02594,121.50651,7
500113008,20231027,802,43,36,1,25.02594,121.50651,7
500113008,20231027,803,43,36,1,25.02594,121.50651,7
500113008,20231027,804,43,36,1,25.02594,121.50651,7
500113008,20231027,805,43,35,1,25.02594,121.50651,8
500113008,20231027,806,43,35,1,25.02594,121.50651,8
500113008,20231027,807,43,35,1,25.02594,121.50651,8
500113008,20231027,808,43,35,1,25.02594,121.50651,8
500113008,20231027,809,43,36,1,25.02594,121.50651,7
500113008,20231027,811,43,36,1,25.02594,121.50651,7
500113008,20231027,812,43,36,1,25.02594,121.50651,7
500113008,20231027,813,43,36,1,25.02594,121.50651,7
500113008,20231027,814,43,36,1,25.02594,121.50651,7
500113008,20231027,815,43,36,1,25.02594,121.50651,7
500113008,20231027,816,43,37,1,25.02594,121.50651,6
500113008,20231027,817,43,37,1,25.02594,121.50651,6
500113008,20231027,818,43,37,1,25.02594,121.50651,6
500113008,20231027,819,43,37,1,25.02594,121.50651,6
500113008,20231027,820,43,37,1,25.02594,121.50651,6
500113008,20231027,821,43,37,1,25.02594,121.50651,6
500113008,20231027,822,43,37,1,25.02594,121.50651,6
500113008,20231027,823,43,37,1,25.02594,121.50651,6
500113008,20231027,824,43,37,1,25.02594,121.50651,6
500113008,20231027,825,43,37,1,25.02594,121.50651,6
500113008,20231027,826,43,37,1,25.02594,121.50651,6
500113008,20231027,827,43,37,1,25.02594,121.50651,6
500113008,20231027,828,43,37,1,25.02594,121.50651,6
500113008,20231027,829,43,37,1,25.02594,121.50651,6
500113008,20231027,830,43,37,1,25.02594,121.50651,6
500113008,20231027,831,43,38,1,25.02594,121.50651,5
500113008,20231027,832,43,38,1,25.02594,121.50651,5
500113008,20231027,833,43,38,1,25.02594,121.50651,5
500113008,20231027,834,43,38,1,25.02594,121.50651,5
500113008,20231027,835,43,38,1,25.02594,121.50651,5
500113008,20231027,836,43,38,1,25.02594,121.50651,5
500113008,20231027,837,43,38,1,25.02594,121.50651,5
500113008,20231027,838,43,38,1,25.02594,121.50651,5
500113008,20231027,839,43,38,1,25.02594,121.50651,5
500113008,20231027,841,43,38,1,25.02594,121.50651,5
500113008,20231027,842,43,38,1,25.02594,121.50651,5
500113008,20231027,843,43,38,1,25.02594,121.50651,5
500113008,20231027,844,43,38,1,25.02594,121.50651,5
500113008,20231027,845,43,38,1,25.02594,121.50651,5
500113008,20231027,846,43,38,1,25.02594,121.50651,5
500113008,20231027,847,43,38,1,25.02594,121.50651,5
500113008,20231027,848,43,38,1,25.02594,121.50651,5
500113008,20231027,849,43,38,1,25.02594,121.50651,5
500113008,20231027,850,43,38,1,25.02594,121.50651,5
500113008,20231027,851,43,38,1,25.02594,121.50651,5
500113008,20231027,852,43,38,1,25.02594,121.50651,5
500113008,20231027,853,43,38,1,25.02594,121.50651,5
500113008,20231027,854,43,38,1,25.02594,121.50651,5
500113008,20231027,855,43,38,1,25.02594,121.50651,5
500113008,20231027,856,43,38,1,25.02594,121.50651,5
500113008,20231027,857,43,38,1,25.02594,121.50651,5
500113008,20231027,858,43,38,1,25.02594,121.50651,5
500113008,20231027,859,43,38,1,25.02594,121.50651,5
500113008,20231027,861,43,37,1,25.02594,121.50651,6
500113008,20231027,862,43,36,1,25.02594,121.50651,7
500113008,20231027,863,43,36,1,25.02594,121.50651,7
500113008,20231027,864,43,36,1,25.02594,121.50651,7
500113008,20231027,865,43,35,1,25.02594,121.50651,8
500113008,20231027,866,43,35,1,25.02594,121.50651,8
500113008,20231027,867,43,35,1,25.02594,121.50651,8
500113008,20231027,868,43,35,1,25.02594,121.50651,8
500113008,20231027,869,43,35,1,25.02594,121.50651,8
500113008,20231027,871,43,35,1,25.02594,121.50651,8
500113008,20231027,872,43,34,1,25.02594,121.50651,9
500113008,20231027,873,43,34,1,25.02594,121.50651,9
500113008,20231027,874,43,34,1,25.02594,121.50651,9
500113008,20231027,875,43,34,1,25.02594,121.50651,9
500113008,20231027,876,43,34,1,25.02594,121.50651,9
500113008,20231027,877,43,34,1,25.02594,121.50651,9
500113008,20231027,878,43,34,1,25.02594,121.50651,9
500113008,20231027,879,43,34,1,25.02594,121.50651,9
500113008,20231027,880,43,33,1,25.02594,121.50651,10
500113008,20231027,881,43,33,1,25.02594,121.50651,10
500113008,20231027,882,43,33,1,25.02594,121.50651,10
500113008,20231027,883,43,34,1,25.02594,121.50651,9
500113008,20231027,884,43,34,1,25.02594,121.50651,9
500113008,20231027,885,43,34,1,25.02594,121.50651,9
500113008,20231027,886,43,34,1,25.02594,121.50651,9
500113008,20231027,887,43,34,1,25.02594,121.50651,9
500113008,20231027,888,43,34,1,25.02594,121.50651,9
500113008,20231027,889,43,34,1,25.02594,121.50651,9
500113008,20231027,890,43,34,1,25.02594,121.50651,9
500113008,20231027,891,43,34,1,25.02594,121.50651,9
500113008,20231027,892,43,34,1,25.02594,121.50651,9
500113008,20231027,893,43,34,1,25.02594,121.50651,9
500113008,20231027,894,43,34,1,25.02594,121.50651,9
500113008,20231027,895,43,34,1,25.02594,121.50651,9
500113008,20231027,896,43,34,1,25.02594,121.50651,9
500113008,20231027,897,43,34,1,25.02594,121.50651,9
500113008,20231027,898,43,34,1,25.02594,121.50651,9
500113008,20231027,899,43,33,1,25.02594,121.50651,10
500113008,20231027,901,43,34,1,25.02594,121.50651,9
500113008,20231027,902,43,34,1,25.02594,121.50651,9
500113008,20231027,903,43,34,1,25.02594,121.50651,9
500113008,20231027,904,43,34,1,25.02594,121.50651,9
500113008,20231027,905,43,33,1,25.02594,121.50651,10
500113008,20231027,906,43,33,1,25.02594,121.50651,10
500113008,20231027,907,43,33,1,25.02594,121.50651,10
500113008,20231027,908,43,33,1,25.02594,121.50651,10
500113008,20231027,909,43,33,1,25.02594,121.50651,10
500113008,20231027,910,43,33,1,25.02594,121.50651,10
500113008,20231027,911,43,33,1,25.02594,121.50651,10
500113008,20231027,912,43,33,1,25.02594,121.50651,10
500113008,20231027,913,43,34,1,25.02594,121.50651,9
500113008,20231027,914,43,34,1,25.02594,121.50651,9
500113008,20231027,915,43,33,1,25.02594,121.50651,10
500113008,20231027,916,43,33,1,25.02594,121.50651,10
500113008,20231027,917,43,33,1,25.02594,121.50651,10
500113008,20231027,918,43,33,1,25.02594,121.50651,10
500113008,20231027,919,43,33,1,25.02594,121.50651,10
500113008,20231027,921,43,32,1,25.02594,121.50651,11
500113008,20231027,922,43,32,1,25.02594,121.50651,11
500113008,20231027,923,43,32,1,25.02594,121.50651,11
500113008,20231027,924,43,33,1,25.02594,121.50651,10
500113008,20231027,925,43,32,1,25.02594,121.50651,11
500113008,20231027,926,43,32,1,25.02594,121.50651,11
500113008,20231027,927,43,32,1,25.02594,121.50651,11
500113008,20231027,928,43,32,1,25.02594,121.50651,11
500113008,20231027,929,43,32,1,25.02594,121.50651,11
500113008,20231027,931,43,32,1,25.02594,121.50651,11
500113008,20231027,932,43,32,1,25.02594,121.50651,11
500113008,20231027,933,43,32,1,25.02594,121.50651,11
500113008,20231027,934,43,31,1,25.02594,121.50651,12
500113008,20231027,935,43,31,1,25.02594,121.50651,12
500113008,20231027,936,43,31,1,25.02594,121.50651,12
500113008,20231027,937,43,31,1,25.02594,121.50651,12
500113008,20231027,938,43,32,1,25.02594,121.50651,11
500113008,20231027,939,43,32,1,25.02594,121.50651,11
500113008,20231027,940,43,32,1,25.02594,121.50651,11
500113008,20231027,941,43,32,1,25.02594,121.50651,11
500113008,20231027,943,43,32,1,25.02594,121.50651,11
500113008,20231027,944,43,32,1,25.02594,121.50651,11
500113008,20231027,945,43,32,1,25.02594,121.50651,11
500113008,20231027,946,43,33,1,25.02594,121.50651,10
500113008,20231027,947,43,33,1,25.02594,121.50651,10
500113008,20231027,948,43,33,1,25.02594,121.50651,10
500113008,20231027,949,43,33,1,25.02594,121.50651,10
500113008,20231027,951,43,33,1,25.02594,121.50651,10
500113008,20231027,952,43,33,1,25.02594,121.50651,10
500113008,20231027,953,43,33,1,25.02594,121.50651,10
500113008,20231027,954,43,33,1,25.02594,121.50651,10
500113008,20231027,955,43,33,1,25.02594,121.50651,10
500113008,20231027,956,43,32,1,25.02594,121.50651,11
500113008,20231027,957,43,32,1,25.02594,121.50651,11
500113008,20231027,958,43,32,1,25.02594,121.50651,11
500113008,20231027,959,43,32,1,25.02594,121.50651,11
500113008,20231027,961,43,32,1,25.02594,121.50651,11
500113008,20231027,962,43,31,1,25.02594,121.50651,12
500113008,20231027,963,43,31,1,25.02594,121.50651,12
500113008,20231027,964,43,31,1,25.02594,121.50651,12
500113008,20231027,965,43,31,1,25.02594,121.50651,12
500113008,20231027,966,43,31,1,25.02594,121.50651,12
500113008,20231027,967,43,32,1,25.02594,121.50651,11
500113008,20231027,968,43,32,1,25.02594,121.50651,11
500113008,20231027,969,43,32,1,25.02594,121.50651,11
500113008,20231027,971,43,32,1,25.02594,121.50651,11
500113008,20231027,972,43,32,1,25.02594,121.50651,11
500113008,20231027,973,43,32,1,25.02594,121.50651,11
500113008,20231027,974,43,31,1,25.02594,121.50651,12
500113008,20231027,975,43,31,1,25.02594,121.50651,12
500113008,20231027,976,43,31,1,25.02594,121.50651,12
500113008,20231027,977,43,31,1,25.02594,121.50651,12
500113008,20231027,978,43,31,1,25.02594,121.50651,12
500113008,20231027,979,43,31,1,25.02594,121.50651,12
500113008,20231027,981,43,30,1,25.02594,121.50651,13
500113008,20231027,982,43,30,1,25.02594,121.50651,13
500113008,20231027,983,43,29,1,25.02594,121.50651,14
500113008,20231027,984,43,29,1,25.02594,121.50651,14
500113008,20231027,985,43,28,1,25.02594,121.50651,15
500113008,20231027,986,43,28,1,25.02594,121.50651,15
500113008,20231027,987,43,26,1,25.02594,121.50651,17
500113008,20231027,988,43,25,1,25.02594,121.50651,18
500113008,20231027,989,43,25,1,25.02594,121.50651,18
500113008,20231027,991,43,26,1,25.02594,121.50651,17
500113008,20231027,992,43,25,1,25.02594,121.50651,18
500113008,20231027,993,43,25,1,25.02594,121.50651,18
500113008,20231027,994,43,25,1,25.02594,121.50651,18
500113008,20231027,995,43,24,1,25.02594,121.50651,19
500113008,20231027,996,43,24,1,25.02594,121.50651,19
500113008,20231027,997,43,24,1,25.02594,121.50651,19
500113008,20231027,998,43,24,1,25.02594,121.50651,19
500113008,20231027,999,43,24,1,25.02594,121.50651,19
500113008,20231027,1001,43,24,1,25.02594,121.50651,19
500113008,20231027,1002,43,24,1,25.02594,121.50651,19
500113008,20231027,1003,43,23,1,25.02594,121.50651,20
500113008,20231027,1004,43,23,1,25.02594,121.50651,20
500113008,20231027,1005,43,23,1,25.02594,121.50651,20
500113008,20231027,1006,43,23,1,25.02594,121.50651,20
500113008,20231027,1007,43,23,1,25.02594,121.50651,20
500113008,20231027,1008,43,23,1,25.02594,121.50651,20
500113008,20231027,1009,43,23,1,25.02594,121.50651,20
500113008,20231027,1011,43,23,1,25.02594,121.50651,20
500113008,20231027,1012,43,23,1,25.02594,121.50651,20
500113008,20231027,1013,43,23,1,25.02594,121.50651,20
500113008,20231027,1014,43,23,1,25.02594,121.50651,20
500113008,20231027,1015,43,23,1,25.02594,121.50651,20
500113008,20231027,1016,43,23,1,25.02594,121.50651,20
500113008,20231027,1017,43,23,1,25.02594,121.50651,20
500113008,20231027,1018,43,23,1,25.02594,121.50651,20
500113008,20231027,1019,43,22,1,25.02594,121.50651,21
500113008,20231027,1021,43,22,1,25.02594,121.50651,21
500113008,20231027,1022,43,24,1,25.02594,121.50651,19
500113008,20231027,1023,43,24,1,25.02594,121.50651,19
500113008,20231027,1024,43,24,1,25.02594,121.50651,19
500113008,20231027,1025,43,24,1,25.02594,121.50651,19
500113008,20231027,1026,43,24,1,25.02594,121.50651,19
500113008,20231027,1027,43,22,1,25.02594,121.50651,21
500113008,20231027,1028,43,22,1,25.02594,121.50651,21
500113008,20231027,1029,43,22,1,25.02594,121.50651,21
500113008,20231027,1031,43,22,1,25.02594,121.50651,21
500113008,20231027,1032,43,22,1,25.02594,121.50651,21
500113008,20231027,1033,43,21,1,25.02594,121.50651,22
500113008,20231027,1034,43,21,1,25.02594,121.50651,22
500113008,20231027,1035,43,20,1,25.02594,121.50651,23
500113008,20231027,1036,43,20,1,25.02594,121.50651,23
500113008,20231027,1037,43,20,1,25.02594,121.50651,23
500113008,20231027,1038,43,20,1,25.02594,121.50651,23
500113008,20231027,1039,43,20,1,25.02594,121.50651,23
500113008,20231027,1041,43,21,1,25.02594,121.50651,22
500113008,20231027,1042,43,20,1,25.02594,121.50651,23
500113008,20231027,1043,43,21,1,25.02594,121.50651,22
500113008,20231027,1044,43,21,1,25.02594,121.50651,22
500113008,20231027,1045,43,21,1,25.02594,121.50651,22
500113008,20231027,1046,43,21,1,25.02594,121.50651,22
500113008,20231027,1047,43,22,1,25.02594,121.50651,21
500113008,20231027,1048,43,22,1,25.02594,121.50651,21
500113008,20231027,1049,43,21,1,25.02594,121.50651,22
500113008,20231027,1051,43,21,1,25.02594,121.50651,22
500113008,20231027,1052,43,21,1,25.02594,121.50651,22
500113008,20231027,1053,43,18,1,25.02594,121.50651,25
500113008,20231027,1054,43,19,1,25.02594,121.50651,24
500113008,20231027,1055,43,19,1,25.02594,121.50651,24
500113008,20231027,1056,43,19,1,25.02594,121.50651,24
500113008,20231027,1057,43,20,1,25.02594,121.50651,23
500113008,20231027,1058,43,19,1,25.02594,121.50651,24
500113008,20231027,1059,43,19,1,25.02594,121.50651,24
500113008,20231027,1061,43,20,1,25.02594,121.50651,23
500113008,20231027,1062,43,19,1,25.02594,121.50651,24
500113008,20231027,1063,43,19,1,25.02594,121.50651,24
500113008,20231027,1064,43,20,1,25.02594,121.50651,23
500113008,20231027,1065,43,21,1,25.02594,121.50651,22
500113008,20231027,1066,43,21,1,25.02594,121.50651,22
500113008,20231027,1067,43,20,1,25.02594,121.50651,23
500113008,20231027,1068,43,21,1,25.02594,121.50651,22
500113008,20231027,1069,43,21,1,25.02594,121.50651,22
500113008,20231027,1070,43,20,1,25.02594,121.50651,23
500113008,20231027,1071,43,20,1,25.02594,121.50651,23
500113008,20231027,1072,43,20,1,25.02594,121.50651,23
500113008,20231027,1073,43,20,1,25.02594,121.50651,23
500113008,20231027,1074,43,20,1,25.02594,121.50651,23
500113008,20231027,1075,43,20,1,25.02594,121.50651,23
500113008,20231027,1076,43,20,1,25.02594,121.50651,23
500113008,20231027,1077,43,20,1,25.02594,121.50651,23
500113008,20231027,1078,43,20,1,25.02594,121.50651,23
500113008,20231027,1079,43,20,1,25.02594,121.50651,23
500113008,20231027,1081,43,20,1,25.02594,121.50651,23
500113008,20231027,1082,43,20,1,25.02594,121.50651,23
500113008,20231027,1083,43,20,1,25.02594,121.50651,23
500113008,20231027,1084,43,20,1,25.02594,121.50651,23
500113008,20231027,1085,43,20,1,25.02594,121.50651,23
500113008,20231027,1086,43,20,1,25.02594,121.50651,23
500113008,20231027,1087,43,20,1,25.02594,121.50651,23
500113008,20231027,1088,43,22,1,25.02594,121.50651,21
500113008,20231027,1089,43,22,1,25.02594,121.50651,21
500113008,20231027,1090,43,23,1,25.02594,121.50651,20
500113008,20231027,1091,43,22,1,25.02594,121.50651,21
500113008,20231027,1092,43,21,1,25.02594,121.50651,22
500113008,20231027,1093,43,21,1,25.02594,121.50651,22
500113008,20231027,1094,43,21,1,25.02594,121.50651,22
500113008,20231027,1095,43,23,1,25.02594,121.50651,20
500113008,20231027,1096,43,23,1,25.02594,121.50651,20
500113008,20231027,1097,43,23,1,25.02594,121.50651,20
500113008,20231027,1098,43,24,1,25.02594,121.50651,19
500113008,20231027,1099,43,24,1,25.02594,121.50651,19
500113008,20231027,1101,43,23,1,25.02594,121.50651,20
500113008,20231027,1102,43,23,1,25.02594,121.50651,20
500113008,20231027,1103,43,23,1,25.02594,121.50651,20
500113008,20231027,1104,43,23,1,25.02594,121.50651,20
500113008,20231027,1105,43,23,1,25.02594,121.50651,20
500113008,20231027,1106,43,23,1,25.02594,121.50651,20
500113008,20231027,1107,43,23,1,25.02594,121.50651,20
500113008,20231027,1108,43,23,1,25.02594,121.50651,20
500113008,20231027,1109,43,23,1,25.02594,121.50651,20
500113008,20231027,1111,43,21,1,25.02594,121.50651,22
500113008,20231027,1112,43,20,1,25.02594,121.50651,23
500113008,20231027,1113,43,19,1,25.02594,121.50651,24
500113008,20231027,1114,43,19,1,25.02594,121.50651,24
500113008,20231027,1115,43,19,1,25.02594,121.50651,24
500113008,20231027,1116,43,19,1,25.02594,121.50651,24
500113008,20231027,1117,43,19,1,25.02594,121.50651,24
500113008,20231027,1118,43,18,1,25.02594,121.50651,25
500113008,20231027,1119,43,18,1,25.02594,121.50651,25
500113008,20231027,1120,43,18,1,25.02594,121.50651,25
500113008,20231027,1121,43,18,1,25.02594,121.50651,25
500113008,20231027,1122,43,18,1,25.02594,121.50651,25
500113008,20231027,1123,43,20,1,25.02594,121.50651,23
500113008,20231027,1124,43,20,1,25.02594,121.50651,23
500113008,20231027,1125,43,20,1,25.02594,121.50651,23
500113008,20231027,1126,43,19,1,25.02594,121.50651,24
500113008,20231027,1127,43,19,1,25.02594,121.50651,24
500113008,20231027,1128,43,19,1,25.02594,121.50651,24
500113008,20231027,1129,43,19,1,25.02594,121.50651,24
500113008,20231027,1130,43,20,1,25.02594,121.50651,23
500113008,20231027,1131,43,20,1,25.02594,121.50651,23
500113008,20231027,1132,43,20,1,25.02594,121.50651,23
500113008,20231027,1133,43,20,1,25.02594,121.50651,23
500113008,20231027,1134,43,20,1,25.02594,121.50651,23
500113008,20231027,1135,43,20,1,25.02594,121.50651,23
500113008,20231027,1136,43,20,1,25.02594,121.50651,23
500113008,20231027,1137,43,20,1,25.02594,121.50651,23
500113008,20231027,1138,43,20,1,25.02594,121.50651,23
500113008,20231027,1139,43,20,1,25.02594,121.50651,23
500113008,20231027,1141,43,20,1,25.02594,121.50651,23
500113008,20231027,1142,43,21,1,25.02594,121.50651,22
500113008,20231027,1143,43,20,1,25.02594,121.50651,23
500113008,20231027,1144,43,20,1,25.02594,121.50651,23
500113008,20231027,1145,43,18,1,25.02594,121.50651,25
500113008,20231027,1146,43,18,1,25.02594,121.50651,25
500113008,20231027,1147,43,18,1,25.02594,121.50651,25
500113008,20231027,1148,43,18,1,25.02594,121.50651,25
500113008,20231027,1149,43,18,1,25.02594,121.50651,25
500113008,20231027,1150,43,18,1,25.02594,121.50651,25
500113008,20231027,1151,43,18,1,25.02594,121.50651,25
500113008,20231027,1152,43,18,1,25.02594,121.50651,25
500113008,20231027,1153,43,18,1,25.02594,121.50651,25
500113008,20231027,1154,43,18,1,25.02594,121.50651,25
500113008,20231027,1155,43,18,1,25.02594,121.50651,25
500113008,20231027,1156,43,17,1,25.02594,121.50651,26
500113008,20231027,1157,43,17,1,25.02594,121.50651,26
500113008,20231027,1158,43,16,1,25.02594,121.50651,27
500113008,20231027,1159,43,16,1,25.02594,121.50651,27
500113008,20231027,1161,43,16,1,25.02594,121.50651,27
500113008,20231027,1162,43,15,1,25.02594,121.50651,28
500113008,20231027,1163,43,14,1,25.02594,121.50651,29
500113008,20231027,1164,43,14,1,25.02594,121.50651,29
500113008,20231027,1165,43,14,1,25.02594,121.50651,29
500113008,20231027,1166,43,14,1,25.02594,121.50651,29
500113008,20231027,1167,43,13,1,25.02594,121.50651,30
500113008,20231027,1168,43,13,1,25.02594,121.50651,30
500113008,20231027,1169,43,12,1,25.02594,121.50651,31
500113008,20231027,1171,43,12,1,25.02594,121.50651,31
500113008,20231027,1172,43,12,1,25.02594,121.50651,31
500113008,20231027,1173,43,12,1,25.02594,121.50651,31
500113008,20231027,1174,43,12,1,25.02594,121.50651,31
500113008,20231027,1175,43,12,1,25.02594,121.50651,31
500113008,20231027,1176,43,12,1,25.02594,121.50651,31
500113008,20231027,1177,43,12,1,25.02594,121.50651,31
500113008,20231027,1178,43,12,1,25.02594,121.50651,31
500113008,20231027,1179,43,12,1,25.02594,121.50651,31
500113008,20231027,1180,43,12,1,25.02594,121.50651,31
500113008,20231027,1181,43,13,1,25.02594,121.50651,30
500113008,20231027,1182,43,13,1,25.02594,121.50651,30
500113008,20231027,1183,43,12,1,25.02594,121.50651,31
500113008,20231027,1184,43,12,1,25.02594,121.50651,31
500113008,20231027,1185,43,13,1,25.02594,121.50651,30
500113008,20231027,1186,43,13,1,25.02594,121.50651,30
500113008,20231027,1187,43,13,1,25.02594,121.50651,30
500113008,20231027,1188,43,13,1,25.02594,121.50651,30
500113008,20231027,1189,43,13,1,25.02594,121.50651,30
500113008,20231027,1190,43,13,1,25.02594,121.50651,30
500113008,20231027,1191,43,13,1,25.02594,121.50651,30
500113008,20231027,1192,43,13,1,25.02594,121.50651,30
500113008,20231027,1193,43,13,1,25.02594,121.50651,30
500113008,20231027,1194,43,13,1,25.02594,121.50651,30
500113008,20231027,1195,43,13,1,25.02594,121.50651,30
500113008,20231027,1196,43,13,1,25.02594,121.50651,30
500113008,20231027,1197,43,13,1,25.02594,121.50651,30
500113008,20231027,1198,43,12,1,25.02594,121.50651,31
500113008,20231027,1199,43,12,1,25.02594,121.50651,31
500113008,20231027,1201,43,14,1,25.02594,121.50651,29
500113008,20231027,1202,43,16,1,25.02594,121.50651,27
500113008,20231027,1203,43,19,1,25.02594,121.50651,24
500113008,20231027,1204,43,21,1,25.02594,121.50651,22
500113008,20231027,1205,43,24,1,25.02594,121.50651,19
500113008,20231027,1206,43,24,1,25.02594,121.50651,19
500113008,20231027,1207,43,26,1,25.02594,121.50651,17
500113008,20231027,1208,43,26,1,25.02594,121.50651,17
500113008,20231027,1209,43,26,1,25.02594,121.50651,17
500113008,20231027,1210,43,26,1,25.02594,121.50651,17
500113008,20231027,1211,43,26,1,25.02594,121.50651,17
500113008,20231027,1212,43,26,1,25.02594,121.50651,17
500113008,20231027,1213,43,26,1,25.02594,121.50651,17
500113008,20231027,1214,43,26,1,25.02594,121.50651,17
500113008,20231027,1215,43,26,1,25.02594,121.50651,17
500113008,20231027,1216,43,26,1,25.02594,121.50651,17
500113008,20231027,1217,43,26,1,25.02594,121.50651,17
500113008,20231027,1218,43,26,1,25.02594,121.50651,17
500113008,20231027,1219,43,25,1,25.02594,121.50651,18
500113008,20231027,1221,43,24,1,25.02594,121.50651,19
500113008,20231027,1222,43,24,1,25.02594,121.50651,19
500113008,20231027,1223,43,24,1,25.02594,121.50651,19
500113008,20231027,1224,43,24,1,25.02594,121.50651,19
500113008,20231027,1225,43,24,1,25.02594,121.50651,19
500113008,20231027,1226,43,24,1,25.02594,121.50651,19
500113008,20231027,1227,43,24,1,25.02594,121.50651,19
500113008,20231027,1228,43,25,1,25.02594,121.50651,18
500113008,20231027,1229,43,25,1,25.02594,121.50651,18
500113008,20231027,1231,43,25,1,25.02594,121.50651,18
500113008,20231027,1232,43,25,1,25.02594,121.50651,18
500113008,20231027,1233,43,25,1,25.02594,121.50651,18
500113008,20231027,1234,43,25,1,25.02594,121.50651,18
500113008,20231027,1235,43,25,1,25.02594,121.50651,18
500113008,20231027,1237,43,25,1,25.02594,121.50651,18
500113008,20231027,1238,43,25,1,25.02594,121.50651,18
500113008,20231027,1239,43,25,1,25.02594,121.50651,18
500113008,20231027,1240,43,26,1,25.02594,121.50651,17
500113008,20231027,1241,43,25,1,25.02594,121.50651,18
500113008,20231027,1242,43,25,1,25.02594,121.50651,18
500113008,20231027,1243,43,25,1,25.02594,121.50651,18
500113008,20231027,1244,43,25,1,25.02594,121.50651,18
500113008,20231027,1245,43,24,1,25.02594,121.50651,19
500113008,20231027,1246,43,24,1,25.02594,121.50651,19
500113008,20231027,1247,43,24,1,25.02594,121.50651,19
500113008,20231027,1248,43,24,1,25.02594,121.50651,19
500113008,20231027,1249,43,24,1,25.02594,121.50651,19
500113008,20231027,1250,43,24,1,25.02594,121.50651,19
500113008,20231027,1251,43,24,1,25.02594,121.50651,19
500113008,20231027,1252,43,24,1,25.02594,121.50651,19
500113008,20231027,1253,43,24,1,25.02594,121.50651,19
500113008,20231027,1254,43,24,1,25.02594,121.50651,19
500113008,20231027,1255,43,24,1,25.02594,121.50651,19
500113008,20231027,1256,43,24,1,25.02594,121.50651,19
500113008,20231027,1257,43,24,1,25.02594,121.50651,19
500113008,20231027,1258,43,24,1,25.02594,121.50651,19
500113008,20231027,1259,43,24,1,25.02594,121.50651,19
500113008,20231027,1261,43,23,1,25.02594,121.50651,20
500113008,20231027,1262,43,23,1,25.02594,121.50651,20
500113008,20231027,1263,43,23,1,25.02594,121.50651,20
500113008,20231027,1264,43,23,1,25.02594,121.50651,20
500113008,20231027,1265,43,23,1,25.02594,121.50651,20
500113008,20231027,1266,43,21,1,25.02594,121.50651,22
500113008,20231027,1267,43,20,1,25.02594,121.50651,23
500113008,20231027,1268,43,20,1,25.02594,121.50651,23
500113008,20231027,1269,43,19,1,25.02594,121.50651,24
500113008,20231027,1270,43,20,1,25.02594,121.50651,23
500113008,20231027,1271,43,20,1,25.02594,121.50651,23
500113008,20231027,1272,43,20,1,25.02594,121.50651,23
500113008,20231027,1273,43,20,1,25.02594,121.50651,23
500113008,20231027,1274,43,20,1,25.02594,121.50651,23
500113008,20231027,1275,43,22,1,25.02594,121.50651,21
500113008,20231027,1276,43,22,1,25.02594,121.50651,21
500113008,20231027,1277,43,23,1,25.02594,121.50651,20
500113008,20231027,1278,43,23,1,25.02594,121.50651,20
500113008,20231027,1279,43,23,1,25.02594,121.50651,20
500113008,20231027,1281,43,23,1,25.02594,121.50651,20
500113008,20231027,1282,43,21,1,25.02594,121.50651,22
500113008,20231027,1283,43,21,1,25.02594,121.50651,22
500113008,20231027,1284,43,20,1,25.02594,121.50651,23
500113008,20231027,1285,43,20,1,25.02594,121.50651,23
500113008,20231027,1286,43,20,1,25.02594,121.50651,23
500113008,20231027,1287,43,20,1,25.02594,121.50651,23
500113008,20231027,1288,43,20,1,25.02594,121.50651,23
500113008,20231027,1289,43,18,1,25.02594,121.50651,25
500113008,20231027,1291,43,19,1,25.02594,121.50651,24
500113008,20231027,1292,43,19,1,25.02594,121.50651,24
500113008,20231027,1293,43,20,1,25.02594,121.50651,23
500113008,20231027,1294,43,20,1,25.02594,121.50651,23
500113008,20231027,1295,43,20,1,25.02594,121.50651,23
500113008,20231027,1296,43,21,1,25.02594,121.50651,22
500113008,20231027,1297,43,21,1,25.02594,121.50651,22
500113008,20231027,1298,43,21,1,25.02594,121.50651,22
500113008,20231027,1299,43,22,1,25.02594,121.50651,21
500113008,20231027,1300,43,24,1,25.02594,121.50651,19
500113008,20231027,1301,43,24,1,25.02594,121.50651,19
500113008,20231027,1302,43,24,1,25.02594,121.50651,19
500113008,20231027,1303,43,25,1,25.02594,121.50651,18
500113008,20231027,1304,43,25,1,25.02594,121.50651,18
500113008,20231027,1305,43,25,1,25.02594,121.50651,18
500113008,20231027,1306,43,25,1,25.02594,121.50651,18
500113008,20231027,1307,43,25,1,25.02594,121.50651,18
500113008,20231027,1308,43,25,1,25.02594,121.50651,18
500113008,20231027,1309,43,25,1,25.02594,121.50651,18
500113008,20231027,1310,43,25,1,25.02594,121.50651,18
500113008,20231027,1311,43,25,1,25.02594,121.50651,18
500113008,20231027,1312,43,24,1,25.02594,121.50651,19
500113008,20231027,1313,43,24,1,25.02594,121.50651,19
500113008,20231027,1314,43,24,1,25.02594,121.50651,19
500113008,20231027,1315,43,24,1,25.02594,121.50651,19
500113008,20231027,1316,43,24,1,25.02594,121.50651,19
500113008,20231027,1317,43,24,1,25.02594,121.50651,19
500113008,20231027,1318,43,26,1,25.02594,121.50651,17
500113008,20231027,1319,43,26,1,25.02594,121.50651,17
500113008,20231027,1321,43,26,1,25.02594,121.50651,17
500113008,20231027,1322,43,25,1,25.02594,121.50651,18
500113008,20231027,1323,43,25,1,25.02594,121.50651,18
500113008,20231027,1324,43,24,1,25.02594,121.50651,19
500113008,20231027,1325,43,24,1,25.02594,121.50651,19
500113008,20231027,1326,43,24,1,25.02594,121.50651,19
500113008,20231027,1327,43,24,1,25.02594,121.50651,19
500113008,20231027,1328,43,24,1,25.02594,121.50651,19
500113008,20231027,1329,43,24,1,25.02594,121.50651,19
500113008,20231027,1330,43,24,1,25.02594,121.50651,19
500113008,20231027,1331,43,24,1,25.02594,121.50651,19
500113008,20231027,1332,43,25,1,25.02594,121.50651,18
500113008,20231027,1333,43,25,1,25.02594,121.50651,18
500113008,20231027,1334,43,25,1,25.02594,121.50651,18
500113008,20231027,1335,43,25,1,25.02594,121.50651,18
500113008,20231027,1336,43,25,1,25.02594,121.50651,18
500113008,20231027,1337,43,25,1,25.02594,121.50651,18
500113008,20231027,1338,43,25,1,25.02594,121.50651,18
500113008,20231027,1339,43,25,1,25.02594,121.50651,18
500113008,20231027,1341,43,25,1,25.02594,121.50651,18
500113008,20231027,1342,43,25,1,25.02594,121.50651,18
500113008,20231027,1343,43,25,1,25.02594,121.50651,18
500113008,20231027,1344,43,25,1,25.02594,121.50651,18
500113008,20231027,1345,43,25,1,25.02594,121.50651,18
500113008,20231027,1346,43,25,1,25.02594,121.50651,18
500113008,20231027,1347,43,25,1,25.02594,121.50651,18
500113008,20231027,1348,43,25,1,25.02594,121.50651,18
500113008,20231027,1349,43,25,1,25.02594,121.50651,18
500113008,20231027,1351,43,25,1,25.02594,121.50651,18
500113008,20231027,1352,43,25,1,25.02594,121.50651,18
500113008,20231027,1353,43,25,1,25.02594,121.50651,18
500113008,20231027,1354,43,25,1,25.02594,121.50651,18
500113008,20231027,1355,43,26,1,25.02594,121.50651,17
500113008,20231027,1356,43,24,1,25.02594,121.50651,19
500113008,20231027,1357,43,24,1,25.02594,121.50651,19
500113008,20231027,1358,43,24,1,25.02594,121.50651,19
500113008,20231027,1359,43,24,1,25.02594,121.50651,19
500113008,20231027,1360,43,24,1,25.02594,121.50651,19
500113008,20231027,1361,43,24,1,25.02594,121.50651,19
500113008,20231027,1362,43,24,1,25.02594,121.50651,19
500113008,20231027,1363,43,24,1,25.02594,121.50651,19
500113008,20231027,1364,43,24,1,25.02594,121.50651,19
500113008,20231027,1365,43,24,1,25.02594,121.50651,19
500113008,20231027,1366,43,24,1,25.02594,121.50651,19
500113008,20231027,1367,43,25,1,25.02594,121.50651,18
500113008,20231027,1368,43,25,1,25.02594,121.50651,18
500113008,20231027,1369,43,25,1,25.02594,121.50651,18
500113008,20231027,1370,43,25,1,25.02594,121.50651,18
500113008,20231027,1371,43,25,1,25.02594,121.50651,18
500113008,20231027,1372,43,25,1,25.02594,121.50651,18
500113008,20231027,1373,43,25,1,25.02594,121.50651,18
500113008,20231027,1374,43,25,1,25.02594,121.50651,18
500113008,20231027,1375,43,26,1,25.02594,121.50651,17
500113008,20231027,1376,43,26,1,25.02594,121.50651,17
500113008,20231027,1377,43,26,1,25.02594,121.50651,17
500113008,20231027,1378,43,26,1,25.02594,121.50651,17
500113008,20231027,1379,43,26,1,25.02594,121.50651,17
500113008,20231027,1381,43,26,1,25.02594,121.50651,17
500113008,20231027,1382,43,26,1,25.02594,121.50651,17
500113008,20231027,1383,43,25,1,25.02594,121.50651,18
500113008,20231027,1384,43,25,1,25.02594,121.50651,18
500113008,20231027,1385,43,25,1,25.02594,121.50651,18
500113008,20231027,1386,43,25,1,25.02594,121.50651,18
500113008,20231027,1387,43,25,1,25.02594,121.50651,18
500113008,20231027,1388,43,25,1,25.02594,121.50651,18
500113008,20231027,1389,43,25,1,25.02594,121.50651,18
500113008,20231027,1390,43,25,1,25.02594,121.50651,18
500113008,20231027,1391,43,25,1,25.02594,121.50651,18
500113008,20231027,1392,43,25,1,25.02594,121.50651,18
500113008,20231027,1393,43,25,1,25.02594,121.50651,18
500113008,20231027,1394,43,25,1,25.02594,121.50651,18
500113008,20231027,1395,43,25,1,25.02594,121.50651,18
500113008,20231027,1396,43,25,1,25.02594,121.50651,18
500113008,20231027,1397,43,25,1,25.02594,121.50651,18
500113008,20231027,1398,43,25,1,25.02594,121.50651,18
500113008,20231027,1399,43,25,1,25.02594,121.50651,18
500113008,20231027,1401,43,24,1,25.02594,121.50651,19
500113008,20231027,1402,43,24,1,25.02594,121.50651,19
500113008,20231027,1403,43,23,1,25.02594,121.50651,20
500113008,20231027,1404,43,23,1,25.02594,121.50651,20
500113008,20231027,1405,43,23,1,25.02594,121.50651,20
500113008,20231027,1406,43,23,1,25.02594,121.50651,20
500113008,20231027,1407,43,23,1,25.02594,121.50651,20
500113008,20231027,1408,43,23,1,25.02594,121.50651,20
500113008,20231027,1409,43,23,1,25.02594,121.50651,20
500113008,20231027,1410,43,23,1,25.02594,121.50651,20
500113008,20231027,1411,43,21,1,25.02594,121.50651,22
500113008,20231027,1412,43,21,1,25.02594,121.50651,22
500113008,20231027,1413,43,21,1,25.02594,121.50651,22
500113008,20231027,1414,43,21,1,25.02594,121.50651,22
500113008,20231027,1415,43,21,1,25.02594,121.50651,22
500113008,20231027,1416,43,21,1,25.02594,121.50651,22
500113008,20231027,1417,43,21,1,25.02594,121.50651,22
500113008,20231027,1418,43,21,1,25.02594,121.50651,22
500113008,20231027,1419,43,21,1,25.02594,121.50651,22
500113008,20231027,1420,43,20,1,25.02594,121.50651,23
500113008,20231027,1421,43,20,1,25.02594,121.50651,23
500113008,20231027,1422,43,20,1,25.02594,121.50651,23
500113008,20231027,1423,43,20,1,25.02594,121.50651,23
500113008,20231027,1424,43,20,1,25.02594,121.50651,23
500113008,20231027,1425,43,20,1,25.02594,121.50651,23
500113008,20231027,1426,43,20,1,25.02594,121.50651,23
500113008,20231027,1427,43,20,1,25.02594,121.50651,23
500113008,20231027,1428,43,19,1,25.02594,121.50651,24
500113008,20231027,1429,43,19,1,25.02594,121.50651,24
500113008,20231027,1430,43,19,1,25.02594,121.50651,24
500113008,20231027,1431,43,19,1,25.02594,121.50651,24
500113008,20231027,1432,43,19,1,25.02594,121.50651,24
500113008,20231027,1433,43,19,1,25.02594,121.50651,24
500113008,20231027,1434,43,18,1,25.02594,121.50651,25
500113008,20231027,1435,43,18,1,25.02594,121.50651,25
500113008,20231027,1436,43,18,1,25.02594,121.50651,25
500113008,20231027,1437,43,18,1,25.02594,121.50651,25
500113008,20231027,1438,43,18,1,25.02594,121.50651,25
500113008,20231027,1439,43,18,1,25.02594,121.50651,25
500113008,20231028,1,43,18,1,25.02594,121.50651,25
500113008,20231028,2,43,18,1,25.02594,121.50651,25
500113008,20231028,3,43,19,1,25.02594,121.50651,24
500113008,20231028,4,43,19,1,25.02594,121.50651,24
500113008,20231028,5,43,19,1,25.02594,121.50651,24
500113008,20231028,6,43,19,1,25.02594,121.50651,24
500113008,20231028,7,43,19,1,25.02594,121.50651,24
500113008,20231028,8,43,20,1,25.02594,121.50651,23
500113008,20231028,9,43,19,1,25.02594,121.50651,24
500113008,20231028,10,43,19,1,25.02594,121.50651,24
500113008,20231028,11,43,19,1,25.02594,121.50651,24
500113008,20231028,12,43,19,1,25.02594,121.50651,24
500113008,20231028,13,43,19,1,25.02594,121.50651,24
500113008,20231028,14,43,19,1,25.02594,121.50651,24
500113008,20231028,15,43,19,1,25.02594,121.50651,24
500113008,20231028,16,43,19,1,25.02594,121.50651,24
500113008,20231028,17,43,19,1,25.02594,121.50651,24
500113008,20231028,18,43,19,1,25.02594,121.50651,24
500113008,20231028,19,43,20,1,25.02594,121.50651,23
500113008,20231028,21,43,20,1,25.02594,121.50651,23
500113008,20231028,22,43,20,1,25.02594,121.50651,23
500113008,20231028,23,43,20,1,25.02594,121.50651,23
500113008,20231028,24,43,20,1,25.02594,121.50651,23
500113008,20231028,25,43,19,1,25.02594,121.50651,24
500113008,20231028,26,43,19,1,25.02594,121.50651,24
500113008,20231028,27,43,19,1,25.02594,121.50651,24
500113008,20231028,28,43,19,1,25.02594,121.50651,24
500113008,20231028,29,43,19,1,25.02594,121.50651,24
500113008,20231028,30,43,18,1,25.02594,121.50651,25
500113008,20231028,31,43,18,1,25.02594,121.50651,25
500113008,20231028,32,43,18,1,25.02594,121.50651,25
500113008,20231028,33,43,18,1,25.02594,121.50651,25
500113008,20231028,34,43,18,1,25.02594,121.50651,25
500113008,20231028,35,43,18,1,25.02594,121.50651,25
500113008,20231028,36,43,18,1,25.02594,121.50651,25
500113008,20231028,37,43,18,1,25.02594,121.50651,25
500113008,20231028,38,43,18,1,25.02594,121.50651,25
500113008,20231028,39,43,18,1,25.02594,121.50651,25
500113008,20231028,40,43,18,1,25.02594,121.50651,25
500113008,20231028,41,43,18,1,25.02594,121.50651,25
500113008,20231028,42,43,18,1,25.02594,121.50651,25
500113008,20231028,43,43,18,1,25.02594,121.50651,25
500113008,20231028,44,43,18,1,25.02594,121.50651,25
500113008,20231028,45,43,18,1,25.02594,121.50651,25
500113008,20231028,46,43,18,1,25.02594,121.50651,25
500113008,20231028,47,43,18,1,25.02594,121.50651,25
500113008,20231028,48,43,18,1,25.02594,121.50651,25
500113008,20231028,49,43,18,1,25.02594,121.50651,25
500113008,20231028,50,43,18,1,25.02594,121.50651,25
500113008,20231028,51,43,18,1,25.02594,121.50651,25
500113008,20231028,52,43,18,1,25.02594,121.50651,25
500113008,20231028,53,43,18,1,25.02594,121.50651,25
500113008,20231028,54,43,18,1,25.02594,121.50651,25
500113008,20231028,55,43,18,1,25.02594,121.50651,25
500113008,20231028,56,43,18,1,25.02594,121.50651,25
500113008,20231028,57,43,18,1,25.02594,121.50651,25
500113008,20231028,58,43,16,1,25.02594,121.50651,27
500113008,20231028,59,43,16,1,25.02594,121.50651,27
500113008,20231028,60,43,16,1,25.02594,121.50651,27
500113008,20231028,61,43,16,1,25.02594,121.50651,27
500113008,20231028,62,43,16,1,25.02594,121.50651,27
500113008,20231028,63,43,17,1,25.02594,121.50651,26
500113008,20231028,64,43,17,1,25.02594,121.50651,26
500113008,20231028,65,43,17,1,25.02594,121.50651,26
500113008,20231028,66,43,17,1,25.02594,121.50651,26
500113008,20231028,67,43,17,1,25.02594,121.50651,26
500113008,20231028,68,43,17,1,25.02594,121.50651,26
500113008,20231028,69,43,17,1,25.02594,121.50651,26
500113008,20231028,70,43,17,1,25.02594,121.50651,26
500113008,20231028,71,43,17,1,25.02594,121.50651,26
500113008,20231028,72,43,17,1,25.02594,121.50651,26
500113008,20231028,75,43,17,1,25.02594,121.50651,26
500113008,20231028,76,43,17,1,25.02594,121.50651,26
500113008,20231028,77,43,17,1,25.02594,121.50651,26
500113008,20231028,78,43,17,1,25.02594,121.50651,26
500113008,20231028,79,43,17,1,25.02594,121.50651,26
500113008,20231028,81,43,17,1,25.02594,121.50651,26
500113008,20231028,82,43,17,1,25.02594,121.50651,26
500113008,20231028,83,43,17,1,25.02594,121.50651,26
500113008,20231028,84,43,17,1,25.02594,121.50651,26
500113008,20231028,86,43,17,1,25.02594,121.50651,26
500113008,20231028,87,43,17,1,25.02594,121.50651,26
500113008,20231028,88,43,17,1,25.02594,121.50651,26
500113008,20231028,89,43,17,1,25.02594,121.50651,26
500113008,20231028,90,43,17,1,25.02594,121.50651,26
500113008,20231028,91,43,17,1,25.02594,121.50651,26
500113008,20231028,92,43,17,1,25.02594,121.50651,26
500113008,20231028,93,43,17,1,25.02594,121.50651,26
500113008,20231028,94,43,17,1,25.02594,121.50651,26
500113008,20231028,95,43,17,1,25.02594,121.50651,26
500113008,20231028,96,43,16,1,25.02594,121.50651,27
500113008,20231028,97,43,16,1,25.02594,121.50651,27
500113008,20231028,98,43,16,1,25.02594,121.50651,27
500113008,20231028,99,43,16,1,25.02594,121.50651,27
500113008,20231028,100,43,16,1,25.02594,121.50651,27
500113008,20231028,101,43,16,1,25.02594,121.50651,27
500113008,20231028,102,43,17,1,25.02594,121.50651,26
500113008,20231028,103,43,17,1,25.02594,121.50651,26
500113008,20231028,104,43,17,1,25.02594,121.50651,26
500113008,20231028,105,43,17,1,25.02594,121.50651,26
500113008,20231028,107,43,17,1,25.02594,121.50651,26
500113008,20231028,108,43,17,1,25.02594,121.50651,26
500113008,20231028,109,43,17,1,25.02594,121.50651,26
500113008,20231028,110,43,17,1,25.02594,121.50651,26
500113008,20231028,111,43,17,1,25.02594,121.50651,26
500113008,20231028,112,43,17,1,25.02594,121.50651,26
500113008,20231028,113,43,17,1,25.02594,121.50651,26
500113008,20231028,114,43,17,1,25.02594,121.50651,26
500113008,20231028,116,43,17,1,25.02594,121.50651,26
500113008,20231028,117,43,17,1,25.02594,121.50651,26
500113008,20231028,118,43,17,1,25.02594,121.50651,26
500113008,20231028,119,43,17,1,25.02594,121.50651,26
500113008,20231028,121,43,17,1,25.02594,121.50651,26
500113008,20231028,122,43,17,1,25.02594,121.50651,26
500113008,20231028,123,43,16,1,25.02594,121.50651,27
500113008,20231028,125,43,16,1,25.02594,121.50651,27
500113008,20231028,126,43,16,1,25.02594,121.50651,27
500113008,20231028,127,43,16,1,25.02594,121.50651,27
500113008,20231028,128,43,16,1,25.02594,121.50651,27
500113008,20231028,129,43,16,1,25.02594,121.50651,27
500113008,20231028,130,43,16,1,25.02594,121.50651,27
500113008,20231028,131,43,16,1,25.02594,121.50651,27
500113008,20231028,132,43,16,1,25.02594,121.50651,27
500113008,20231028,133,43,16,1,25.02594,121.50651,27
500113008,20231028,134,43,16,1,25.02594,121.50651,27
500113008,20231028,135,43,16,1,25.02594,121.50651,27
500113008,20231028,136,43,16,1,25.02594,121.50651,27
500113008,20231028,137,43,16,1,25.02594,121.50651,27
500113008,20231028,138,43,16,1,25.02594,121.50651,27
500113008,20231028,139,43,16,1,25.02594,121.50651,27
500113008,20231028,141,43,16,1,25.02594,121.50651,27
500113008,20231028,142,43,17,1,25.02594,121.50651,26
500113008,20231028,143,43,17,1,25.02594,121.50651,26
500113008,20231028,144,43,17,1,25.02594,121.50651,26
500113008,20231028,145,43,17,1,25.02594,121.50651,26
500113008,20231028,146,43,17,1,25.02594,121.50651,26
500113008,20231028,147,43,17,1,25.02594,121.50651,26
500113008,20231028,148,43,17,1,25.02594,121.50651,26
500113008,20231028,149,43,17,1,25.02594,121.50651,26
500113008,20231028,150,43,17,1,25.02594,121.50651,26
500113008,20231028,151,43,17,1,25.02594,121.50651,26
500113008,20231028,152,43,17,1,25.02594,121.50651,26
500113008,20231028,153,43,17,1,25.02594,121.50651,26
500113008,20231028,154,43,17,1,25.02594,121.50651,26
500113008,20231028,155,43,17,1,25.02594,121.50651,26
500113008,20231028,156,43,17,1,25.02594,121.50651,26
500113008,20231028,157,43,17,1,25.02594,121.50651,26
500113008,20231028,158,43,17,1,25.02594,121.50651,26
500113008,20231028,159,43,17,1,25.02594,121.50651,26
500113008,20231028,160,43,17,1,25.02594,121.50651,26
500113008,20231028,161,43,17,1,25.02594,121.50651,26
500113008,20231028,162,43,17,1,25.02594,121.50651,26
500113008,20231028,163,43,17,1,25.02594,121.50651,26
500113008,20231028,164,43,17,1,25.02594,121.50651,26
500113008,20231028,165,43,17,1,25.02594,121.50651,26
500113008,20231028,166,43,16,1,25.02594,121.50651,27
500113008,20231028,167,43,16,1,25.02594,121.50651,27
500113008,20231028,168,43,16,1,25.02594,121.50651,27
500113008,20231028,169,43,16,1,25.02594,121.50651,27
500113008,20231028,170,43,16,1,25.02594,121.50651,27
500113008,20231028,171,43,16,1,25.02594,121.50651,27
500113008,20231028,172,43,15,1,25.02594,121.50651,28
500113008,20231028,173,43,15,1,25.02594,121.50651,28
500113008,20231028,174,43,15,1,25.02594,121.50651,28
500113008,20231028,175,43,15,1,25.02594,121.50651,28
500113008,20231028,176,43,15,1,25.02594,121.50651,28
500113008,20231028,177,43,15,1,25.02594,121.50651,28
500113008,20231028,178,43,15,1,25.02594,121.50651,28
500113008,20231028,179,43,15,1,25.02594,121.50651,28
500113008,20231028,180,43,15,1,25.02594,121.50651,28
500113008,20231028,183,43,15,1,25.02594,121.50651,28
500113008,20231028,185,43,15,1,25.02594,121.50651,28
500113008,20231028,186,43,15,1,25.02594,121.50651,28
500113008,20231028,187,43,15,1,25.02594,121.50651,28
500113008,20231028,188,43,15,1,25.02594,121.50651,28
500113008,20231028,189,43,15,1,25.02594,121.50651,28
500113008,20231028,190,43,15,1,25.02594,121.50651,28
500113008,20231028,191,43,15,1,25.02594,121.50651,28
500113008,20231028,192,43,14,1,25.02594,121.50651,29
500113008,20231028,193,43,14,1,25.02594,121.50651,29
500113008,20231028,194,43,14,1,25.02594,121.50651,29
500113008,20231028,195,43,14,1,25.02594,121.50651,29
500113008,20231028,196,43,14,1,25.02594,121.50651,29
500113008,20231028,197,43,14,1,25.02594,121.50651,29
500113008,20231028,198,43,14,1,25.02594,121.50651,29
500113008,20231028,199,43,14,1,25.02594,121.50651,29
500113008,20231028,201,43,14,1,25.02594,121.50651,29
500113008,20231028,202,43,14,1,25.02594,121.50651,29
500113008,20231028,203,43,14,1,25.02594,121.50651,29
500113008,20231028,204,43,14,1,25.02594,121.50651,29
500113008,20231028,205,43,14,1,25.02594,121.50651,29
500113008,20231028,206,43,14,1,25.02594,121.50651,29
500113008,20231028,207,43,14,1,25.02594,121.50651,29
500113008,20231028,208,43,14,1,25.02594,121.50651,29
500113008,20231028,209,43,14,1,25.02594,121.50651,29
500113008,20231028,210,43,14,1,25.02594,121.50651,29
500113008,20231028,211,43,14,1,25.02594,121.50651,29
500113008,20231028,212,43,14,1,25.02594,121.50651,29
500113008,20231028,213,43,14,1,25.02594,121.50651,29
500113008,20231028,214,43,14,1,25.02594,121.50651,29
500113008,20231028,215,43,14,1,25.02594,121.50651,29
500113008,20231028,216,43,14,1,25.02594,121.50651,29
500113008,20231028,217,43,14,1,25.02594,121.50651,29
500113008,20231028,218,43,14,1,25.02594,121.50651,29
500113008,20231028,219,43,14,1,25.02594,121.50651,29
500113008,20231028,220,43,14,1,25.02594,121.50651,29
500113008,20231028,221,43,14,1,25.02594,121.50651,29
500113008,20231028,222,43,14,1,25.02594,121.50651,29
500113008,20231028,223,43,14,1,25.02594,121.50651,29
500113008,20231028,224,43,14,1,25.02594,121.50651,29
500113008,20231028,225,43,14,1,25.02594,121.50651,29
500113008,20231028,226,43,14,1,25.02594,121.50651,29
500113008,20231028,227,43,14,1,25.02594,121.50651,29
500113008,20231028,228,43,14,1,25.02594,121.50651,29
500113008,20231028,229,43,14,1,25.02594,121.50651,29
500113008,20231028,230,43,14,1,25.02594,121.50651,29
500113008,20231028,231,43,14,1,25.02594,121.50651,29
500113008,20231028,232,43,14,1,25.02594,121.50651,29
500113008,20231028,233,43,14,1,25.02594,121.50651,29
500113008,20231028,234,43,14,1,25.02594,121.50651,29
500113008,20231028,235,43,14,1,25.02594,121.50651,29
500113008,20231028,236,43,14,1,25.02594,121.50651,29
500113008,20231028,237,43,14,1,25.02594,121.50651,29
500113008,20231028,238,43,14,1,25.02594,121.50651,29
500113008,20231028,239,43,14,1,25.02594,121.50651,29
500113008,20231028,240,43,14,1,25.02594,121.50651,29
500113008,20231028,241,43,14,1,25.02594,121.50651,29
500113008,20231028,242,43,14,1,25.02594,121.50651,29
500113008,20231028,243,43,14,1,25.02594,121.50651,29
500113008,20231028,244,43,14,1,25.02594,121.50651,29
500113008,20231028,245,43,14,1,25.02594,121.50651,29
500113008,20231028,246,43,14,1,25.02594,121.50651,29
500113008,20231028,247,43,14,1,25.02594,121.50651,29
500113008,20231028,248,43,15,1,25.02594,121.50651,28
500113008,20231028,249,43,17,1,25.02594,121.50651,26
500113008,20231028,250,43,17,1,25.02594,121.50651,26
500113008,20231028,251,43,17,1,25.02594,121.50651,26
500113008,20231028,252,43,17,1,25.02594,121.50651,26
500113008,20231028,253,43,17,1,25.02594,121.50651,26
500113008,20231028,254,43,17,1,25.02594,121.50651,26
500113008,20231028,255,43,17,1,25.02594,121.50651,26
500113008,20231028,256,43,17,1,25.02594,121.50651,26
500113008,20231028,257,43,17,1,25.02594,121.50651,26
500113008,20231028,258,43,17,1,25.02594,121.50651,26
500113008,20231028,259,43,17,1,25.02594,121.50651,26
500113008,20231028,261,43,17,1,25.02594,121.50651,26
500113008,20231028,262,43,17,1,25.02594,121.50651,26
500113008,20231028,263,43,17,1,25.02594,121.50651,26
500113008,20231028,264,43,17,1,25.02594,121.50651,26
500113008,20231028,265,43,18,1,25.02594,121.50651,25
500113008,20231028,266,43,18,1,25.02594,121.50651,25
500113008,20231028,267,43,18,1,25.02594,121.50651,25
500113008,20231028,268,43,18,1,25.02594,121.50651,25
500113008,20231028,269,43,18,1,25.02594,121.50651,25
500113008,20231028,270,43,18,1,25.02594,121.50651,25
500113008,20231028,271,43,18,1,25.02594,121.50651,25
500113008,20231028,272,43,18,1,25.02594,121.50651,25
500113008,20231028,273,43,17,1,25.02594,121.50651,26
500113008,20231028,274,43,17,1,25.02594,121.50651,26
500113008,20231028,275,43,17,1,25.02594,121.50651,26
500113008,20231028,276,43,17,1,25.02594,121.50651,26
500113008,20231028,277,43,17,1,25.02594,121.50651,26
500113008,20231028,278,43,17,1,25.02594,121.50651,26
500113008,20231028,279,43,17,1,25.02594,121.50651,26
500113008,20231028,280,43,17,1,25.02594,121.50651,26
500113008,20231028,281,43,17,1,25.02594,121.50651,26
500113008,20231028,282,43,17,1,25.02594,121.50651,26
500113008,20231028,283,43,17,1,25.02594,121.50651,26
500113008,20231028,284,43,17,1,25.02594,121.50651,26
500113008,20231028,285,43,17,1,25.02594,121.50651,26
500113008,20231028,286,43,17,1,25.02594,121.50651,26
500113008,20231028,287,43,17,1,25.02594,121.50651,26
500113008,20231028,288,43,17,1,25.02594,121.50651,26
500113008,20231028,289,43,17,1,25.02594,121.50651,26
500113008,20231028,290,43,17,1,25.02594,121.50651,26
500113008,20231028,291,43,16,1,25.02594,121.50651,27
500113008,20231028,292,43,16,1,25.02594,121.50651,27
500113008,20231028,293,43,16,1,25.02594,121.50651,27
500113008,20231028,294,43,16,1,25.02594,121.50651,27
500113008,20231028,295,43,16,1,25.02594,121.50651,27
500113008,20231028,296,43,16,1,25.02594,121.50651,27
500113008,20231028,297,43,16,1,25.02594,121.50651,27
500113008,20231028,298,43,17,1,25.02594,121.50651,26
500113008,20231028,299,43,17,1,25.02594,121.50651,26
500113008,20231028,300,43,17,1,25.02594,121.50651,26
500113008,20231028,301,43,17,1,25.02594,121.50651,26
500113008,20231028,302,43,16,1,25.02594,121.50651,27
500113008,20231028,303,43,16,1,25.02594,121.50651,27
500113008,20231028,304,43,16,1,25.02594,121.50651,27
500113008,20231028,305,43,16,1,25.02594,121.50651,27
500113008,20231028,306,43,16,1,25.02594,121.50651,27
500113008,20231028,307,43,16,1,25.02594,121.50651,27
500113008,20231028,308,43,16,1,25.02594,121.50651,27
500113008,20231028,309,43,16,1,25.02594,121.50651,27
500113008,20231028,310,43,16,1,25.02594,121.50651,27
500113008,20231028,311,43,16,1,25.02594,121.50651,27
500113008,20231028,312,43,16,1,25.02594,121.50651,27
500113008,20231028,313,43,16,1,25.02594,121.50651,27
500113008,20231028,314,43,16,1,25.02594,121.50651,27
500113008,20231028,315,43,16,1,25.02594,121.50651,27
500113008,20231028,316,43,16,1,25.02594,121.50651,27
500113008,20231028,317,43,16,1,25.02594,121.50651,27
500113008,20231028,318,43,16,1,25.02594,121.50651,27
500113008,20231028,319,43,16,1,25.02594,121.50651,27
500113008,20231028,321,43,16,1,25.02594,121.50651,27
500113008,20231028,322,43,16,1,25.02594,121.50651,27
500113008,20231028,323,43,16,1,25.02594,121.50651,27
500113008,20231028,324,43,16,1,25.02594,121.50651,27
500113008,20231028,325,43,15,1,25.02594,121.50651,28
500113008,20231028,326,43,15,1,25.02594,121.50651,28
500113008,20231028,327,43,15,1,25.02594,121.50651,28
500113008,20231028,328,43,15,1,25.02594,121.50651,28
500113008,20231028,329,43,15,1,25.02594,121.50651,28
500113008,20231028,330,43,15,1,25.02594,121.50651,28
500113008,20231028,331,43,15,1,25.02594,121.50651,28
500113008,20231028,332,43,15,1,25.02594,121.50651,28
500113008,20231028,333,43,15,1,25.02594,121.50651,28
500113008,20231028,334,43,15,1,25.02594,121.50651,28
500113008,20231028,335,43,15,1,25.02594,121.50651,28
500113008,20231028,336,43,15,1,25.02594,121.50651,28
500113008,20231028,337,43,15,1,25.02594,121.50651,28
500113008,20231028,338,43,15,1,25.02594,121.50651,28
500113008,20231028,339,43,15,1,25.02594,121.50651,28
500113008,20231028,340,43,15,1,25.02594,121.50651,28
500113008,20231028,341,43,14,1,25.02594,121.50651,29
500113008,20231028,342,43,14,1,25.02594,121.50651,29
500113008,20231028,343,43,14,1,25.02594,121.50651,29
500113008,20231028,344,43,14,1,25.02594,121.50651,29
500113008,20231028,345,43,14,1,25.02594,121.50651,29
500113008,20231028,346,43,14,1,25.02594,121.50651,29
500113008,20231028,347,43,14,1,25.02594,121.50651,29
500113008,20231028,348,43,14,1,25.02594,121.50651,29
500113008,20231028,349,43,14,1,25.02594,121.50651,29
500113008,20231028,350,43,14,1,25.02594,121.50651,29
500113008,20231028,351,43,14,1,25.02594,121.50651,29
500113008,20231028,352,43,14,1,25.02594,121.50651,29
500113008,20231028,353,43,14,1,25.02594,121.50651,29
500113008,20231028,354,43,14,1,25.02594,121.50651,29
500113008,20231028,355,43,14,1,25.02594,121.50651,29
500113008,20231028,356,43,14,1,25.02594,121.50651,29
500113008,20231028,357,43,14,1,25.02594,121.50651,29
500113008,20231028,358,43,14,1,25.02594,121.50651,29
500113008,20231028,359,43,14,1,25.02594,121.50651,29
500113008,20231028,360,43,14,1,25.02594,121.50651,29
500113008,20231028,361,43,14,1,25.02594,121.50651,29
500113008,20231028,362,43,14,1,25.02594,121.50651,29
500113008,20231028,363,43,14,1,25.02594,121.50651,29
500113008,20231028,364,43,14,1,25.02594,121.50651,29
500113008,20231028,365,43,14,1,25.02594,121.50651,29
500113008,20231028,366,43,14,1,25.02594,121.50651,29
500113008,20231028,368,43,14,1,25.02594,121.50651,29
500113008,20231028,370,43,14,1,25.02594,121.50651,29
500113008,20231028,371,43,14,1,25.02594,121.50651,29
500113008,20231028,373,43,14,1,25.02594,121.50651,29
500113008,20231028,374,43,14,1,25.02594,121.50651,29
500113008,20231028,376,43,14,1,25.02594,121.50651,29
500113008,20231028,378,43,14,1,25.02594,121.50651,29
500113008,20231028,379,43,14,1,25.02594,121.50651,29
500113008,20231028,381,43,14,1,25.02594,121.50651,29
500113008,20231028,382,43,14,1,25.02594,121.50651,29
500113008,20231028,383,43,14,1,25.02594,121.50651,29
500113008,20231028,384,43,14,1,25.02594,121.50651,29
500113008,20231028,385,43,14,1,25.02594,121.50651,29
500113008,20231028,386,43,14,1,25.02594,121.50651,29
500113008,20231028,387,43,14,1,25.02594,121.50651,29
500113008,20231028,388,43,13,1,25.02594,121.50651,30
500113008,20231028,389,43,13,1,25.02594,121.50651,30
500113008,20231028,390,43,13,1,25.02594,121.50651,30
500113008,20231028,391,43,13,1,25.02594,121.50651,30
500113008,20231028,392,43,13,1,25.02594,121.50651,30
500113008,20231028,393,43,13,1,25.02594,121.50651,30
500113008,20231028,394,43,13,1,25.02594,121.50651,30
500113008,20231028,395,43,13,1,25.02594,121.50651,30
500113008,20231028,396,43,13,1,25.02594,121.50651,30
500113008,20231028,397,43,13,1,25.02594,121.50651,30
500113008,20231028,398,43,14,1,25.02594,121.50651,29
500113008,20231028,399,43,14,1,25.02594,121.50651,29
500113008,20231028,400,43,14,1,25.02594,121.50651,29
500113008,20231028,401,43,14,1,25.02594,121.50651,29
500113008,20231028,402,43,14,1,25.02594,121.50651,29
500113008,20231028,403,43,14,1,25.02594,121.50651,29
500113008,20231028,404,43,15,1,25.02594,121.50651,28
500113008,20231028,405,43,15,1,25.02594,121.50651,28
500113008,20231028,406,43,15,1,25.02594,121.50651,28
500113008,20231028,407,43,15,1,25.02594,121.50651,28
500113008,20231028,408,43,15,1,25.02594,121.50651,28
500113008,20231028,409,43,15,1,25.02594,121.50651,28
500113008,20231028,410,43,15,1,25.02594,121.50651,28
500113008,20231028,411,43,15,1,25.02594,121.50651,28
500113008,20231028,412,43,15,1,25.02594,121.50651,28
500113008,20231028,413,43,15,1,25.02594,121.50651,28
500113008,20231028,414,43,15,1,25.02594,121.50651,28
500113008,20231028,415,43,16,1,25.02594,121.50651,27
500113008,20231028,416,43,16,1,25.02594,121.50651,27
500113008,20231028,417,43,15,1,25.02594,121.50651,28
500113008,20231028,418,43,15,1,25.02594,121.50651,28
500113008,20231028,419,43,15,1,25.02594,121.50651,28
500113008,20231028,420,43,15,1,25.02594,121.50651,28
500113008,20231028,421,43,15,1,25.02594,121.50651,28
500113008,20231028,422,43,15,1,25.02594,121.50651,28
500113008,20231028,423,43,15,1,25.02594,121.50651,28
500113008,20231028,424,43,15,1,25.02594,121.50651,28
500113008,20231028,426,43,15,1,25.02594,121.50651,28
500113008,20231028,427,43,15,1,25.02594,121.50651,28
500113008,20231028,428,43,15,1,25.02594,121.50651,28
500113008,20231028,429,43,15,1,25.02594,121.50651,28
500113008,20231028,430,43,16,1,25.02594,121.50651,27
500113008,20231028,431,43,16,1,25.02594,121.50651,27
500113008,20231028,432,43,17,1,25.02594,121.50651,26
500113008,20231028,433,43,17,1,25.02594,121.50651,26
500113008,20231028,434,43,17,1,25.02594,121.50651,26
500113008,20231028,435,43,17,1,25.02594,121.50651,26
500113008,20231028,436,43,17,1,25.02594,121.50651,26
500113008,20231028,437,43,18,1,25.02594,121.50651,25
500113008,20231028,438,43,18,1,25.02594,121.50651,25
500113008,20231028,439,43,18,1,25.02594,121.50651,25
500113008,20231028,441,43,18,1,25.02594,121.50651,25
500113008,20231028,442,43,18,1,25.02594,121.50651,25
500113008,20231028,443,43,18,1,25.02594,121.50651,25
500113008,20231028,444,43,18,1,25.02594,121.50651,25
500113008,20231028,445,43,18,1,25.02594,121.50651,25
500113008,20231028,446,43,18,1,25.02594,121.50651,25
500113008,20231028,447,43,18,1,25.02594,121.50651,25
500113008,20231028,448,43,18,1,25.02594,121.50651,25
500113008,20231028,449,43,18,1,25.02594,121.50651,25
500113008,20231028,450,43,18,1,25.02594,121.50651,25
500113008,20231028,451,43,18,1,25.02594,121.50651,25
500113008,20231028,452,43,18,1,25.02594,121.50651,25
500113008,20231028,453,43,18,1,25.02594,121.50651,25
500113008,20231028,454,43,18,1,25.02594,121.50651,25
500113008,20231028,455,43,18,1,25.02594,121.50651,25
500113008,20231028,456,43,18,1,25.02594,121.50651,25
500113008,20231028,457,43,18,1,25.02594,121.50651,25
500113008,20231028,458,43,18,1,25.02594,121.50651,25
500113008,20231028,459,43,18,1,25.02594,121.50651,25
500113008,20231028,460,43,18,1,25.02594,121.50651,25
500113008,20231028,461,43,18,1,25.02594,121.50651,25
500113008,20231028,462,43,18,1,25.02594,121.50651,25
500113008,20231028,463,43,18,1,25.02594,121.50651,25
500113008,20231028,464,43,18,1,25.02594,121.50651,25
500113008,20231028,465,43,18,1,25.02594,121.50651,25
500113008,20231028,466,43,18,1,25.02594,121.50651,25
500113008,20231028,467,43,18,1,25.02594,121.50651,25
500113008,20231028,468,43,18,1,25.02594,121.50651,25
500113008,20231028,469,43,18,1,25.02594,121.50651,25
500113008,20231028,470,43,18,1,25.02594,121.50651,25
500113008,20231028,471,43,18,1,25.02594,121.50651,25
500113008,20231028,472,43,18,1,25.02594,121.50651,25
500113008,20231028,473,43,18,1,25.02594,121.50651,25
500113008,20231028,474,43,18,1,25.02594,121.50651,25
500113008,20231028,475,43,18,1,25.02594,121.50651,25
500113008,20231028,476,43,18,1,25.02594,121.50651,25
500113008,20231028,477,43,18,1,25.02594,121.50651,24
500113008,20231028,478,43,18,1,25.02594,121.50651,24
500113008,20231028,479,43,18,1,25.02594,121.50651,24
500113008,20231028,481,43,18,1,25.02594,121.50651,24
500113008,20231028,482,43,18,1,25.02594,121.50651,24
500113008,20231028,483,43,18,1,25.02594,121.50651,24
500113008,20231028,484,43,18,1,25.02594,121.50651,24
500113008,20231028,485,43,18,1,25.02594,121.50651,24
500113008,20231028,486,43,18,1,25.02594,121.50651,24
500113008,20231028,487,43,18,1,25.02594,121.50651,24
500113008,20231028,488,43,18,1,25.02594,121.50651,24
500113008,20231028,489,43,18,1,25.02594,121.50651,24
500113008,20231028,490,43,18,1,25.02594,121.50651,24
500113008,20231028,491,43,18,1,25.02594,121.50651,24
500113008,20231028,492,43,18,1,25.02594,121.50651,24
500113008,20231028,493,43,18,1,25.02594,121.50651,24
500113008,20231028,494,43,18,1,25.02594,121.50651,24
500113008,20231028,495,43,18,1,25.02594,121.50651,24
500113008,20231028,496,43,18,1,25.02594,121.50651,24
500113008,20231028,497,43,18,1,25.02594,121.50651,24
500113008,20231028,498,43,18,1,25.02594,121.50651,24
500113008,20231028,499,43,18,1,25.02594,121.50651,24
500113008,20231028,501,43,18,1,25.02594,121.50651,24
500113008,20231028,502,43,18,1,25.02594,121.50651,24
500113008,20231028,503,43,18,1,25.02594,121.50651,24
500113008,20231028,504,43,18,1,25.02594,121.50651,24
500113008,20231028,505,43,18,1,25.02594,121.50651,24
500113008,20231028,506,43,18,1,25.02594,121.50651,24
500113008,20231028,507,43,18,1,25.02594,121.50651,24
500113008,20231028,508,43,18,1,25.02594,121.50651,24
500113008,20231028,509,43,18,1,25.02594,121.50651,24
500113008,20231028,510,43,18,1,25.02594,121.50651,24
500113008,20231028,511,43,19,1,25.02594,121.50651,23
500113008,20231028,512,43,19,1,25.02594,121.50651,23
500113008,20231028,513,43,19,1,25.02594,121.50651,23
500113008,20231028,514,43,19,1,25.02594,121.50651,23
500113008,20231028,515,43,19,1,25.02594,121.50651,23
500113008,20231028,516,43,19,1,25.02594,121.50651,23
500113008,20231028,517,43,20,1,25.02594,121.50651,22
500113008,20231028,518,43,20,1,25.02594,121.50651,22
500113008,20231028,519,43,20,1,25.02594,121.50651,22
500113008,20231028,520,43,19,1,25.02594,121.50651,23
500113008,20231028,521,43,19,1,25.02594,121.50651,23
500113008,20231028,522,43,19,1,25.02594,121.50651,23
500113008,20231028,523,43,19,1,25.02594,121.50651,23
500113008,20231028,524,43,19,1,25.02594,121.50651,23
500113008,20231028,525,43,19,1,25.02594,121.50651,23
500113008,20231028,526,43,19,1,25.02594,121.50651,23
500113008,20231028,527,43,19,1,25.02594,121.50651,23
500113008,20231028,528,43,19,1,25.02594,121.50651,23
500113008,20231028,529,43,19,1,25.02594,121.50651,23
500113008,20231028,530,43,20,1,25.02594,121.50651,22
500113008,20231028,531,43,20,1,25.02594,121.50651,22
500113008,20231028,532,43,20,1,25.02594,121.50651,22
500113008,20231028,533,43,20,1,25.02594,121.50651,22
500113008,20231028,534,43,20,1,25.02594,121.50651,22
500113008,20231028,535,43,20,1,25.02594,121.50651,22
500113008,20231028,536,43,20,1,25.02594,121.50651,22
500113008,20231028,537,43,20,1,25.02594,121.50651,22
500113008,20231028,538,43,20,1,25.02594,121.50651,22
500113008,20231028,539,43,20,1,25.02594,121.50651,22
500113008,20231028,541,43,20,1,25.02594,121.50651,22
500113008,20231028,542,43,20,1,25.02594,121.50651,22
500113008,20231028,543,43,20,1,25.02594,121.50651,22
500113008,20231028,544,43,20,1,25.02594,121.50651,22
500113008,20231028,545,43,20,1,25.02594,121.50651,22
500113008,20231028,546,43,20,1,25.02594,121.50651,22
500113008,20231028,547,43,20,1,25.02594,121.50651,22
500113008,20231028,548,43,20,1,25.02594,121.50651,22
500113008,20231028,549,43,20,1,25.02594,121.50651,22
500113008,20231028,550,43,20,1,25.02594,121.50651,22
500113008,20231028,551,43,20,1,25.02594,121.50651,22
500113008,20231028,552,43,20,1,25.02594,121.50651,22
500113008,20231028,553,43,20,1,25.02594,121.50651,22
500113008,20231028,554,43,20,1,25.02594,121.50651,22
500113008,20231028,555,43,20,1,25.02594,121.50651,22
500113008,20231028,556,43,20,1,25.02594,121.50651,22
500113008,20231028,557,43,19,1,25.02594,121.50651,23
500113008,20231028,558,43,19,1,25.02594,121.50651,23
500113008,20231028,559,43,19,1,25.02594,121.50651,23
500113008,20231028,561,43,19,1,25.02594,121.50651,23
500113008,20231028,562,43,19,1,25.02594,121.50651,23
500113008,20231028,563,43,19,1,25.02594,121.50651,23
500113008,20231028,564,43,19,1,25.02594,121.50651,23
500113008,20231028,565,43,20,1,25.02594,121.50651,22
500113008,20231028,566,43,20,1,25.02594,121.50651,22
500113008,20231028,567,43,20,1,25.02594,121.50651,22
500113008,20231028,568,43,20,1,25.02594,121.50651,22
500113008,20231028,569,43,20,1,25.02594,121.50651,22
500113008,20231028,570,43,20,1,25.02594,121.50651,22
500113008,20231028,571,43,20,1,25.02594,121.50651,22
500113008,20231028,572,43,20,1,25.02594,121.50651,22
500113008,20231028,573,43,20,1,25.02594,121.50651,22
500113008,20231028,574,43,20,1,25.02594,121.50651,22
500113008,20231028,575,43,20,1,25.02594,121.50651,22
500113008,20231028,576,43,20,1,25.02594,121.50651,22
500113008,20231028,577,43,20,1,25.02594,121.50651,22
500113008,20231028,578,43,20,1,25.02594,121.50651,22
500113008,20231028,579,43,20,1,25.02594,121.50651,22
500113008,20231028,580,43,19,1,25.02594,121.50651,23
500113008,20231028,581,43,19,1,25.02594,121.50651,23
500113008,20231028,582,43,19,1,25.02594,121.50651,23
500113008,20231028,583,43,19,1,25.02594,121.50651,23
500113008,20231028,584,43,19,1,25.02594,121.50651,23
500113008,20231028,585,43,19,1,25.02594,121.50651,23
500113008,20231028,586,43,19,1,25.02594,121.50651,23
500113008,20231028,587,43,19,1,25.02594,121.50651,23
500113008,20231028,588,43,19,1,25.02594,121.50651,23
500113008,20231028,589,43,19,1,25.02594,121.50651,23
500113008,20231028,590,43,18,1,25.02594,121.50651,24
500113008,20231028,591,43,18,1,25.02594,121.50651,24
500113008,20231028,592,43,18,1,25.02594,121.50651,24
500113008,20231028,593,43,18,1,25.02594,121.50651,24
500113008,20231028,594,43,18,1,25.02594,121.50651,24
500113008,20231028,595,43,18,1,25.02594,121.50651,24
500113008,20231028,596,43,18,1,25.02594,121.50651,24
500113008,20231028,597,43,20,1,25.02594,121.50651,22
500113008,20231028,598,43,20,1,25.02594,121.50651,22
500113008,20231028,599,43,20,1,25.02594,121.50651,22
500113008,20231028,601,43,20,1,25.02594,121.50651,22
500113008,20231028,602,43,19,1,25.02594,121.50651,23
500113008,20231028,603,43,19,1,25.02594,121.50651,23
500113008,20231028,604,43,19,1,25.02594,121.50651,23
500113008,20231028,605,43,19,1,25.02594,121.50651,23
500113008,20231028,606,43,19,1,25.02594,121.50651,23
500113008,20231028,607,43,19,1,25.02594,121.50651,23
500113008,20231028,608,43,18,1,25.02594,121.50651,24
500113008,20231028,609,43,18,1,25.02594,121.50651,24
500113008,20231028,610,43,18,1,25.02594,121.50651,24
500113008,20231028,611,43,18,1,25.02594,121.50651,24
500113008,20231028,612,43,17,1,25.02594,121.50651,25
500113008,20231028,613,43,17,1,25.02594,121.50651,25
500113008,20231028,614,43,17,1,25.02594,121.50651,25
500113008,20231028,615,43,17,1,25.02594,121.50651,25
500113008,20231028,616,43,17,1,25.02594,121.50651,25
500113008,20231028,617,43,17,1,25.02594,121.50651,25
500113008,20231028,618,43,17,1,25.02594,121.50651,25
500113008,20231028,619,43,17,1,25.02594,121.50651,25
500113008,20231028,621,43,17,1,25.02594,121.50651,25
500113008,20231028,622,43,17,1,25.02594,121.50651,25
500113008,20231028,623,43,17,1,25.02594,121.50651,25
500113008,20231028,624,43,17,1,25.02594,121.50651,25
500113008,20231028,625,43,16,1,25.02594,121.50651,26
500113008,20231028,626,43,16,1,25.02594,121.50651,26
500113008,20231028,627,43,16,1,25.02594,121.50651,26
500113008,20231028,628,43,16,1,25.02594,121.50651,26
500113008,20231028,629,43,16,1,25.02594,121.50651,26
500113008,20231028,631,43,16,1,25.02594,121.50651,26
500113008,20231028,632,43,16,1,25.02594,121.50651,26
500113008,20231028,633,43,16,1,25.02594,121.50651,26
500113008,20231028,634,43,18,1,25.02594,121.50651,24
500113008,20231028,635,43,18,1,25.02594,121.50651,24
500113008,20231028,636,43,18,1,25.02594,121.50651,24
500113008,20231028,637,43,18,1,25.02594,121.50651,24
500113008,20231028,638,43,18,1,25.02594,121.50651,24
500113008,20231028,639,43,18,1,25.02594,121.50651,24
500113008,20231028,640,43,18,1,25.02594,121.50651,24
500113008,20231028,641,43,18,1,25.02594,121.50651,24
500113008,20231028,642,43,19,1,25.02594,121.50651,23
500113008,20231028,643,43,19,1,25.02594,121.50651,23
500113008,20231028,644,43,20,1,25.02594,121.50651,22
500113008,20231028,645,43,20,1,25.02594,121.50651,22
500113008,20231028,646,43,20,1,25.02594,121.50651,22
500113008,20231028,647,43,20,1,25.02594,121.50651,22
500113008,20231028,648,43,20,1,25.02594,121.50651,22
500113008,20231028,649,43,20,1,25.02594,121.50651,22
500113008,20231028,650,43,20,1,25.02594,121.50651,22
500113008,20231028,652,43,19,1,25.02594,121.50651,23
500113008,20231028,653,43,20,1,25.02594,121.50651,22
500113008,20231028,654,43,20,1,25.02594,121.50651,22
500113008,20231028,655,43,20,1,25.02594,121.50651,22
500113008,20231028,656,43,20,1,25.02594,121.50651,22
500113008,20231028,657,43,20,1,25.02594,121.50651,22
500113008,20231028,658,43,20,1,25.02594,121.50651,22
500113008,20231028,659,43,20,1,25.02594,121.50651,22
500113008,20231028,661,43,20,1,25.02594,121.50651,22
500113008,20231028,662,43,20,1,25.02594,121.50651,22
500113008,20231028,663,43,20,1,25.02594,121.50651,22
500113008,20231028,664,43,20,1,25.02594,121.50651,22
500113008,20231028,665,43,21,1,25.02594,121.50651,21
500113008,20231028,666,43,22,1,25.02594,121.50651,20
500113008,20231028,667,43,22,1,25.02594,121.50651,20
500113008,20231028,668,43,22,1,25.02594,121.50651,20
500113008,20231028,669,43,22,1,25.02594,121.50651,20
500113008,20231028,670,43,23,1,25.02594,121.50651,19
500113008,20231028,671,43,23,1,25.02594,121.50651,19
500113008,20231028,672,43,23,1,25.02594,121.50651,19
500113008,20231028,673,43,23,1,25.02594,121.50651,19
500113008,20231028,674,43,22,1,25.02594,121.50651,20
500113008,20231028,675,43,22,1,25.02594,121.50651,20
500113008,20231028,676,43,22,1,25.02594,121.50651,20
500113008,20231028,677,43,22,1,25.02594,121.50651,20
500113008,20231028,678,43,22,1,25.02594,121.50651,20
500113008,20231028,679,43,22,1,25.02594,121.50651,20
500113008,20231028,681,43,23,1,25.02594,121.50651,19
500113008,20231028,682,43,23,1,25.02594,121.50651,19
500113008,20231028,683,43,23,1,25.02594,121.50651,19
500113008,20231028,684,43,23,1,25.02594,121.50651,19
500113008,20231028,685,43,24,1,25.02594,121.50651,18
500113008,20231028,686,43,26,1,25.02594,121.50651,16
500113008,20231028,687,43,26,1,25.02594,121.50651,16
500113008,20231028,688,43,26,1,25.02594,121.50651,16
500113008,20231028,689,43,26,1,25.02594,121.50651,16
500113008,20231028,691,43,24,1,25.02594,121.50651,18
500113008,20231028,692,43,23,1,25.02594,121.50651,19
500113008,20231028,693,43,23,1,25.02594,121.50651,19
500113008,20231028,694,43,23,1,25.02594,121.50651,19
500113008,20231028,695,43,23,1,25.02594,121.50651,19
500113008,20231028,696,43,23,1,25.02594,121.50651,19
500113008,20231028,697,43,23,1,25.02594,121.50651,19
500113008,20231028,698,43,23,1,25.02594,121.50651,19
500113008,20231028,699,43,23,1,25.02594,121.50651,19
500113008,20231028,700,43,23,1,25.02594,121.50651,19
500113008,20231028,701,43,23,1,25.02594,121.50651,19
500113008,20231028,702,43,24,1,25.02594,121.50651,18
500113008,20231028,703,43,24,1,25.02594,121.50651,18
500113008,20231028,704,43,24,1,25.02594,121.50651,18
500113008,20231028,705,43,24,1,25.02594,121.50651,18
500113008,20231028,706,43,24,1,25.02594,121.50651,18
500113008,20231028,707,43,25,1,25.02594,121.50651,17
500113008,20231028,708,43,25,1,25.02594,121.50651,17
500113008,20231028,709,43,24,1,25.02594,121.50651,18
500113008,20231028,710,43,24,1,25.02594,121.50651,18
500113008,20231028,711,43,24,1,25.02594,121.50651,18
500113008,20231028,712,43,24,1,25.02594,121.50651,18
500113008,20231028,713,43,24,1,25.02594,121.50651,19
500113008,20231028,714,43,25,1,25.02594,121.50651,18
500113008,20231028,715,43,25,1,25.02594,121.50651,18
500113008,20231028,716,43,26,1,25.02594,121.50651,17
500113008,20231028,717,43,27,1,25.02594,121.50651,16
500113008,20231028,718,43,27,1,25.02594,121.50651,16
500113008,20231028,719,43,27,1,25.02594,121.50651,16
500113008,20231028,721,43,27,1,25.02594,121.50651,16
500113008,20231028,722,43,28,1,25.02594,121.50651,15
500113008,20231028,723,43,28,1,25.02594,121.50651,15
500113008,20231028,724,43,28,1,25.02594,121.50651,15
500113008,20231028,725,43,28,1,25.02594,121.50651,15
500113008,20231028,726,43,28,1,25.02594,121.50651,15
500113008,20231028,727,43,28,1,25.02594,121.50651,15
500113008,20231028,728,43,28,1,25.02594,121.50651,15
500113008,20231028,729,43,28,1,25.02594,121.50651,15
500113008,20231028,730,43,28,1,25.02594,121.50651,15
500113008,20231028,731,43,28,1,25.02594,121.50651,15
500113008,20231028,732,43,28,1,25.02594,121.50651,15
500113008,20231028,733,43,28,1,25.02594,121.50651,15
500113008,20231028,734,43,28,1,25.02594,121.50651,15
500113008,20231028,735,43,29,1,25.02594,121.50651,14
500113008,20231028,736,43,28,1,25.02594,121.50651,15
500113008,20231028,737,43,27,1,25.02594,121.50651,16
500113008,20231028,738,43,27,1,25.02594,121.50651,16
500113008,20231028,739,43,27,1,25.02594,121.50651,16
500113008,20231028,741,43,27,1,25.02594,121.50651,16
500113008,20231028,742,43,27,1,25.02594,121.50651,16
500113008,20231028,743,43,27,1,25.02594,121.50651,16
500113008,20231028,744,43,27,1,25.02594,121.50651,16
500113008,20231028,745,43,27,1,25.02594,121.50651,16
500113008,20231028,746,43,28,1,25.02594,121.50651,15
500113008,20231028,747,43,26,1,25.02594,121.50651,17
500113008,20231028,748,43,26,1,25.02594,121.50651,17
500113008,20231028,749,43,26,1,25.02594,121.50651,17
500113008,20231028,751,43,26,1,25.02594,121.50651,17
500113008,20231028,752,43,25,1,25.02594,121.50651,18
500113008,20231028,753,43,25,1,25.02594,121.50651,18
500113008,20231028,754,43,26,1,25.02594,121.50651,17
500113008,20231028,755,43,26,1,25.02594,121.50651,17
500113008,20231028,756,43,26,1,25.02594,121.50651,17
500113008,20231028,757,43,26,1,25.02594,121.50651,17
500113008,20231028,758,43,26,1,25.02594,121.50651,17
500113008,20231028,759,43,26,1,25.02594,121.50651,17
500113008,20231028,760,43,26,1,25.02594,121.50651,17
500113008,20231028,761,43,26,1,25.02594,121.50651,17
500113008,20231028,762,43,26,1,25.02594,121.50651,17
500113008,20231028,763,43,26,1,25.02594,121.50651,17
500113008,20231028,764,43,27,1,25.02594,121.50651,16
500113008,20231028,765,43,26,1,25.02594,121.50651,17
500113008,20231028,766,43,26,1,25.02594,121.50651,17
500113008,20231028,767,43,26,1,25.02594,121.50651,17
500113008,20231028,768,43,26,1,25.02594,121.50651,17
500113008,20231028,769,43,26,1,25.02594,121.50651,17
500113008,20231028,770,43,26,1,25.02594,121.50651,17
500113008,20231028,771,43,26,1,25.02594,121.50651,17
500113008,20231028,772,43,27,1,25.02594,121.50651,16
500113008,20231028,773,43,27,1,25.02594,121.50651,16
500113008,20231028,774,43,27,1,25.02594,121.50651,16
500113008,20231028,775,43,27,1,25.02594,121.50651,16
500113008,20231028,776,43,27,1,25.02594,121.50651,16
500113008,20231028,777,43,26,1,25.02594,121.50651,17
500113008,20231028,778,43,23,1,25.02594,121.50651,20
500113008,20231028,779,43,23,1,25.02594,121.50651,20
500113008,20231028,781,43,23,1,25.02594,121.50651,20
500113008,20231028,782,43,23,1,25.02594,121.50651,20
500113008,20231028,783,43,23,1,25.02594,121.50651,20
500113008,20231028,784,43,24,1,25.02594,121.50651,19
500113008,20231028,785,43,24,1,25.02594,121.50651,19
500113008,20231028,786,43,24,1,25.02594,121.50651,19
500113008,20231028,787,43,23,1,25.02594,121.50651,20
500113008,20231028,788,43,23,1,25.02594,121.50651,20
500113008,20231028,789,43,23,1,25.02594,121.50651,20
500113008,20231028,790,43,23,1,25.02594,121.50651,20
500113008,20231028,791,43,23,1,25.02594,121.50651,20
500113008,20231028,792,43,23,1,25.02594,121.50651,20
500113008,20231028,793,43,24,1,25.02594,121.50651,19
500113008,20231028,794,43,25,1,25.02594,121.50651,18
500113008,20231028,795,43,25,1,25.02594,121.50651,18
500113008,20231028,796,43,25,1,25.02594,121.50651,18
500113008,20231028,797,43,25,1,25.02594,121.50651,18
500113008,20231028,798,43,25,1,25.02594,121.50651,18
500113008,20231028,799,43,25,1,25.02594,121.50651,18
500113008,20231028,801,43,25,1,25.02594,121.50651,18
500113008,20231028,802,43,26,1,25.02594,121.50651,17
500113008,20231028,803,43,26,1,25.02594,121.50651,17
500113008,20231028,804,43,26,1,25.02594,121.50651,17
500113008,20231028,805,43,26,1,25.02594,121.50651,17
500113008,20231028,806,43,26,1,25.02594,121.50651,17
500113008,20231028,807,43,25,1,25.02594,121.50651,18
500113008,20231028,808,43,25,1,25.02594,121.50651,18
500113008,20231028,809,43,25,1,25.02594,121.50651,18
500113008,20231028,811,43,24,1,25.02594,121.50651,19
500113008,20231028,812,43,24,1,25.02594,121.50651,19
500113008,20231028,813,43,24,1,25.02594,121.50651,19
500113008,20231028,814,43,24,1,25.02594,121.50651,19
500113008,20231028,815,43,24,1,25.02594,121.50651,19
500113008,20231028,816,43,24,1,25.02594,121.50651,19
500113008,20231028,817,43,24,1,25.02594,121.50651,19
500113008,20231028,818,43,24,1,25.02594,121.50651,19
500113008,20231028,819,43,22,1,25.02594,121.50651,21
500113008,20231028,820,43,22,1,25.02594,121.50651,21
500113008,20231028,821,43,22,1,25.02594,121.50651,21
500113008,20231028,822,43,22,1,25.02594,121.50651,21
500113008,20231028,823,43,22,1,25.02594,121.50651,21
500113008,20231028,824,43,22,1,25.02594,121.50651,21
500113008,20231028,825,43,21,1,25.02594,121.50651,22
500113008,20231028,826,43,20,1,25.02594,121.50651,23
500113008,20231028,827,43,20,1,25.02594,121.50651,23
500113008,20231028,828,43,20,1,25.02594,121.50651,23
500113008,20231028,829,43,19,1,25.02594,121.50651,24
500113008,20231028,830,43,19,1,25.02594,121.50651,24
500113008,20231028,831,43,19,1,25.02594,121.50651,24
500113008,20231028,832,43,19,1,25.02594,121.50651,24
500113008,20231028,833,43,18,1,25.02594,121.50651,25
500113008,20231028,834,43,18,1,25.02594,121.50651,25
500113008,20231028,835,43,18,1,25.02594,121.50651,25
500113008,20231028,836,43,18,1,25.02594,121.50651,25
500113008,20231028,837,43,18,1,25.02594,121.50651,25
500113008,20231028,838,43,18,1,25.02594,121.50651,25
500113008,20231028,839,43,18,1,25.02594,121.50651,25
500113008,20231028,841,43,16,1,25.02594,121.50651,27
500113008,20231028,842,43,16,1,25.02594,121.50651,27
500113008,20231028,843,43,16,1,25.02594,121.50651,27
500113008,20231028,844,43,16,1,25.02594,121.50651,27
500113008,20231028,845,43,16,1,25.02594,121.50651,27
500113008,20231028,846,43,16,1,25.02594,121.50651,27
500113008,20231028,847,43,16,1,25.02594,121.50651,27
500113008,20231028,848,43,16,1,25.02594,121.50651,27
500113008,20231028,849,43,16,1,25.02594,121.50651,27
500113008,20231028,850,43,16,1,25.02594,121.50651,27
500113008,20231028,851,43,16,1,25.02594,121.50651,27
500113008,20231028,852,43,16,1,25.02594,121.50651,27
500113008,20231028,853,43,16,1,25.02594,121.50651,27
500113008,20231028,854,43,16,1,25.02594,121.50651,27
500113008,20231028,855,43,16,1,25.02594,121.50651,27
500113008,20231028,856,43,16,1,25.02594,121.50651,27
500113008,20231028,857,43,16,1,25.02594,121.50651,27
500113008,20231028,858,43,16,1,25.02594,121.50651,27
500113008,20231028,859,43,16,1,25.02594,121.50651,27
500113008,20231028,861,43,15,1,25.02594,121.50651,28
500113008,20231028,862,43,14,1,25.02594,121.50651,29
500113008,20231028,863,43,14,1,25.02594,121.50651,29
500113008,20231028,864,43,14,1,25.02594,121.50651,29
500113008,20231028,865,43,14,1,25.02594,121.50651,29
500113008,20231028,866,43,14,1,25.02594,121.50651,29
500113008,20231028,867,43,14,1,25.02594,121.50651,29
500113008,20231028,868,43,14,1,25.02594,121.50651,29
500113008,20231028,869,43,14,1,25.02594,121.50651,29
500113008,20231028,870,43,14,1,25.02594,121.50651,29
500113008,20231028,871,43,14,1,25.02594,121.50651,29
500113008,20231028,872,43,15,1,25.02594,121.50651,28
500113008,20231028,873,43,15,1,25.02594,121.50651,28
500113008,20231028,874,43,15,1,25.02594,121.50651,28
500113008,20231028,875,43,15,1,25.02594,121.50651,28
500113008,20231028,876,43,15,1,25.02594,121.50651,28
500113008,20231028,877,43,15,1,25.02594,121.50651,28
500113008,20231028,878,43,15,1,25.02594,121.50651,28
500113008,20231028,879,43,16,1,25.02594,121.50651,27
500113008,20231028,880,43,16,1,25.02594,121.50651,27
500113008,20231028,881,43,14,1,25.02594,121.50651,29
500113008,20231028,882,43,13,1,25.02594,121.50651,30
500113008,20231028,883,43,13,1,25.02594,121.50651,30
500113008,20231028,884,43,14,1,25.02594,121.50651,29
500113008,20231028,885,43,14,1,25.02594,121.50651,29
500113008,20231028,886,43,14,1,25.02594,121.50651,29
500113008,20231028,887,43,14,1,25.02594,121.50651,29
500113008,20231028,888,43,14,1,25.02594,121.50651,29
500113008,20231028,889,43,14,1,25.02594,121.50651,29
500113008,20231028,890,43,14,1,25.02594,121.50651,29
500113008,20231028,891,43,14,1,25.02594,121.50651,29
500113008,20231028,892,43,14,1,25.02594,121.50651,29
500113008,20231028,893,43,14,1,25.02594,121.50651,29
500113008,20231028,894,43,14,1,25.02594,121.50651,29
500113008,20231028,895,43,14,1,25.02594,121.50651,29
500113008,20231028,896,43,13,1,25.02594,121.50651,30
500113008,20231028,897,43,13,1,25.02594,121.50651,30
500113008,20231028,898,43,13,1,25.02594,121.50651,30
500113008,20231028,899,43,13,1,25.02594,121.50651,30
500113008,20231028,901,43,13,1,25.02594,121.50651,30
500113008,20231028,902,43,13,1,25.02594,121.50651,30
500113008,20231028,903,43,13,1,25.02594,121.50651,30
500113008,20231028,904,43,13,1,25.02594,121.50651,30
500113008,20231028,905,43,13,1,25.02594,121.50651,30
500113008,20231028,906,43,13,1,25.02594,121.50651,30
500113008,20231028,907,43,13,1,25.02594,121.50651,30
500113008,20231028,908,43,13,1,25.02594,121.50651,30
500113008,20231028,909,43,12,1,25.02594,121.50651,31
500113008,20231028,910,43,11,1,25.02594,121.50651,32
500113008,20231028,911,43,11,1,25.02594,121.50651,32
500113008,20231028,912,43,11,1,25.02594,121.50651,32
500113008,20231028,913,43,12,1,25.02594,121.50651,31
500113008,20231028,914,43,12,1,25.02594,121.50651,31
500113008,20231028,915,43,13,1,25.02594,121.50651,30
500113008,20231028,916,43,13,1,25.02594,121.50651,30
500113008,20231028,917,43,13,1,25.02594,121.50651,30
500113008,20231028,918,43,13,1,25.02594,121.50651,30
500113008,20231028,919,43,13,1,25.02594,121.50651,30
500113008,20231028,921,43,14,1,25.02594,121.50651,29
500113008,20231028,922,43,14,1,25.02594,121.50651,29
500113008,20231028,923,43,14,1,25.02594,121.50651,29
500113008,20231028,924,43,14,1,25.02594,121.50651,29
500113008,20231028,925,43,14,1,25.02594,121.50651,29
500113008,20231028,926,43,14,1,25.02594,121.50651,29
500113008,20231028,927,43,14,1,25.02594,121.50651,29
500113008,20231028,928,43,13,1,25.02594,121.50651,30
500113008,20231028,929,43,13,1,25.02594,121.50651,30
500113008,20231028,931,43,13,1,25.02594,121.50651,30
500113008,20231028,932,43,13,1,25.02594,121.50651,30
500113008,20231028,933,43,13,1,25.02594,121.50651,30
500113008,20231028,934,43,13,1,25.02594,121.50651,30
500113008,20231028,935,43,13,1,25.02594,121.50651,30
500113008,20231028,936,43,13,1,25.02594,121.50651,30
500113008,20231028,937,43,14,1,25.02594,121.50651,29
500113008,20231028,938,43,15,1,25.02594,121.50651,28
500113008,20231028,939,43,16,1,25.02594,121.50651,27
500113008,20231028,940,43,16,1,25.02594,121.50651,27
500113008,20231028,941,43,16,1,25.02594,121.50651,27
500113008,20231028,942,43,16,1,25.02594,121.50651,27
500113008,20231028,943,43,15,1,25.02594,121.50651,28
500113008,20231028,944,43,15,1,25.02594,121.50651,28
500113008,20231028,945,43,15,1,25.02594,121.50651,28
500113008,20231028,946,43,15,1,25.02594,121.50651,28
500113008,20231028,947,43,15,1,25.02594,121.50651,28
500113008,20231028,948,43,16,1,25.02594,121.50651,27
500113008,20231028,949,43,17,1,25.02594,121.50651,26
500113008,20231028,951,43,18,1,25.02594,121.50651,25
500113008,20231028,952,43,18,1,25.02594,121.50651,25
500113008,20231028,953,43,18,1,25.02594,121.50651,25
500113008,20231028,954,43,18,1,25.02594,121.50651,25
500113008,20231028,955,43,18,1,25.02594,121.50651,25
500113008,20231028,956,43,18,1,25.02594,121.50651,25
500113008,20231028,957,43,18,1,25.02594,121.50651,25
500113008,20231028,958,43,19,1,25.02594,121.50651,24
500113008,20231028,959,43,19,1,25.02594,121.50651,24
500113008,20231028,961,43,19,1,25.02594,121.50651,24
500113008,20231028,962,43,21,1,25.02594,121.50651,22
500113008,20231028,963,43,21,1,25.02594,121.50651,22
500113008,20231028,964,43,21,1,25.02594,121.50651,22
500113008,20231028,965,43,21,1,25.02594,121.50651,22
500113008,20231028,966,43,20,1,25.02594,121.50651,23
500113008,20231028,967,43,21,1,25.02594,121.50651,22
500113008,20231028,968,43,21,1,25.02594,121.50651,22
500113008,20231028,969,43,21,1,25.02594,121.50651,22
500113008,20231028,970,43,20,1,25.02594,121.50651,23
500113008,20231028,971,43,20,1,25.02594,121.50651,23
500113008,20231028,972,43,20,1,25.02594,121.50651,23
500113008,20231028,973,43,20,1,25.02594,121.50651,23
500113008,20231028,974,43,20,1,25.02594,121.50651,23
500113008,20231028,975,43,20,1,25.02594,121.50651,23
500113008,20231028,976,43,20,1,25.02594,121.50651,23
500113008,20231028,977,43,20,1,25.02594,121.50651,23
500113008,20231028,978,43,20,1,25.02594,121.50651,23
500113008,20231028,979,43,20,1,25.02594,121.50651,23
500113008,20231028,981,43,19,1,25.02594,121.50651,24
500113008,20231028,982,43,19,1,25.02594,121.50651,24
500113008,20231028,983,43,19,1,25.02594,121.50651,24
500113008,20231028,984,43,19,1,25.02594,121.50651,24
500113008,20231028,985,43,19,1,25.02594,121.50651,24
500113008,20231028,986,43,20,1,25.02594,121.50651,23
500113008,20231028,987,43,20,1,25.02594,121.50651,23
500113008,20231028,988,43,20,1,25.02594,121.50651,23
500113008,20231028,989,43,21,1,25.02594,121.50651,22
500113008,20231028,991,43,22,1,25.02594,121.50651,21
500113008,20231028,992,43,20,1,25.02594,121.50651,23
500113008,20231028,993,43,20,1,25.02594,121.50651,23
500113008,20231028,994,43,20,1,25.02594,121.50651,23
500113008,20231028,995,43,20,1,25.02594,121.50651,23
500113008,20231028,996,43,21,1,25.02594,121.50651,22
500113008,20231028,997,43,21,1,25.02594,121.50651,22
500113008,20231028,998,43,21,1,25.02594,121.50651,22
500113008,20231028,999,43,21,1,25.02594,121.50651,22
500113008,20231028,1000,43,21,1,25.02594,121.50651,22
500113008,20231028,1001,43,21,1,25.02594,121.50651,22
500113008,20231028,1002,43,21,1,25.02594,121.50651,22
500113008,20231028,1003,43,22,1,25.02594,121.50651,21
500113008,20231028,1004,43,22,1,25.02594,121.50651,21
500113008,20231028,1005,43,22,1,25.02594,121.50651,21
500113008,20231028,1006,43,22,1,25.02594,121.50651,21
500113008,20231028,1007,43,22,1,25.02594,121.50651,21
500113008,20231028,1008,43,21,1,25.02594,121.50651,22
500113008,20231028,1009,43,22,1,25.02594,121.50651,21
500113008,20231028,1011,43,22,1,25.02594,121.50651,21
500113008,20231028,1012,43,22,1,25.02594,121.50651,21
500113008,20231028,1013,43,22,1,25.02594,121.50651,21
500113008,20231028,1014,43,22,1,25.02594,121.50651,21
500113008,20231028,1015,43,22,1,25.02594,121.50651,21
500113008,20231028,1016,43,21,1,25.02594,121.50651,22
500113008,20231028,1017,43,21,1,25.02594,121.50651,22
500113008,20231028,1018,43,21,1,25.02594,121.50651,22
500113008,20231028,1019,43,21,1,25.02594,121.50651,22
500113008,20231028,1021,43,23,1,25.02594,121.50651,20
500113008,20231028,1022,43,24,1,25.02594,121.50651,19
500113008,20231028,1023,43,24,1,25.02594,121.50651,19
500113008,20231028,1024,43,23,1,25.02594,121.50651,20
500113008,20231028,1025,43,23,1,25.02594,121.50651,20
500113008,20231028,1026,43,23,1,25.02594,121.50651,20
500113008,20231028,1027,43,22,1,25.02594,121.50651,21
500113008,20231028,1028,43,22,1,25.02594,121.50651,21
500113008,20231028,1029,43,22,1,25.02594,121.50651,21
500113008,20231028,1030,43,22,1,25.02594,121.50651,21
500113008,20231028,1031,43,22,1,25.02594,121.50651,21
500113008,20231028,1032,43,22,1,25.02594,121.50651,21
500113008,20231028,1033,43,23,1,25.02594,121.50651,20
500113008,20231028,1034,43,23,1,25.02594,121.50651,20
500113008,20231028,1035,43,23,1,25.02594,121.50651,20
500113008,20231028,1036,43,23,1,25.02594,121.50651,20
500113008,20231028,1037,43,23,1,25.02594,121.50651,20
500113008,20231028,1038,43,23,1,25.02594,121.50651,20
500113008,20231028,1039,43,23,1,25.02594,121.50651,20
500113008,20231028,1041,43,19,1,25.02594,121.50651,24
500113008,20231028,1042,43,20,1,25.02594,121.50651,23
500113008,20231028,1043,43,19,1,25.02594,121.50651,24
500113008,20231028,1044,43,19,1,25.02594,121.50651,24
500113008,20231028,1045,43,19,1,25.02594,121.50651,24
500113008,20231028,1046,43,19,1,25.02594,121.50651,24
500113008,20231028,1047,43,19,1,25.02594,121.50651,24
500113008,20231028,1048,43,20,1,25.02594,121.50651,23
500113008,20231028,1049,43,20,1,25.02594,121.50651,23
500113008,20231028,1051,43,19,1,25.02594,121.50651,24
500113008,20231028,1052,43,19,1,25.02594,121.50651,24
500113008,20231028,1053,43,19,1,25.02594,121.50651,24
500113008,20231028,1054,43,19,1,25.02594,121.50651,24
500113008,20231028,1055,43,19,1,25.02594,121.50651,24
500113008,20231028,1056,43,19,1,25.02594,121.50651,24
500113008,20231028,1057,43,19,1,25.02594,121.50651,24
500113008,20231028,1058,43,19,1,25.02594,121.50651,24
500113008,20231028,1059,43,19,1,25.02594,121.50651,24
500113008,20231028,1060,43,18,1,25.02594,121.50651,25
500113008,20231028,1061,43,18,1,25.02594,121.50651,25
500113008,20231028,1062,43,17,1,25.02594,121.50651,26
500113008,20231028,1063,43,17,1,25.02594,121.50651,26
500113008,20231028,1064,43,17,1,25.02594,121.50651,26
500113008,20231028,1065,43,17,1,25.02594,121.50651,26
500113008,20231028,1066,43,17,1,25.02594,121.50651,26
500113008,20231028,1067,43,17,1,25.02594,121.50651,26
500113008,20231028,1068,43,17,1,25.02594,121.50651,26
500113008,20231028,1069,43,17,1,25.02594,121.50651,26
500113008,20231028,1070,43,17,1,25.02594,121.50651,26
500113008,20231028,1071,43,17,1,25.02594,121.50651,26
500113008,20231028,1072,43,17,1,25.02594,121.50651,26
500113008,20231028,1073,43,17,1,25.02594,121.50651,26
500113008,20231028,1074,43,17,1,25.02594,121.50651,26
500113008,20231028,1075,43,17,1,25.02594,121.50651,26
500113008,20231028,1076,43,16,1,25.02594,121.50651,27
500113008,20231028,1077,43,15,1,25.02594,121.50651,28
500113008,20231028,1078,43,15,1,25.02594,121.50651,28
500113008,20231028,1079,43,15,1,25.02594,121.50651,28
500113008,20231028,1081,43,16,1,25.02594,121.50651,27
500113008,20231028,1082,43,16,1,25.02594,121.50651,27
500113008,20231028,1083,43,16,1,25.02594,121.50651,27
500113008,20231028,1084,43,16,1,25.02594,121.50651,27
500113008,20231028,1085,43,13,1,25.02594,121.50651,30
500113008,20231028,1086,43,13,1,25.02594,121.50651,30
500113008,20231028,1087,43,14,1,25.02594,121.50651,29
500113008,20231028,1088,43,14,1,25.02594,121.50651,29
500113008,20231028,1089,43,13,1,25.02594,121.50651,30
500113008,20231028,1090,43,13,1,25.02594,121.50651,30
500113008,20231028,1091,43,13,1,25.02594,121.50651,30
500113008,20231028,1092,43,13,1,25.02594,121.50651,30
500113008,20231028,1093,43,13,1,25.02594,121.50651,30
500113008,20231028,1094,43,13,1,25.02594,121.50651,30
500113008,20231028,1095,43,13,1,25.02594,121.50651,30
500113008,20231028,1096,43,13,1,25.02594,121.50651,30
500113008,20231028,1097,43,13,1,25.02594,121.50651,30
500113008,20231028,1098,43,13,1,25.02594,121.50651,30
500113008,20231028,1099,43,15,1,25.02594,121.50651,28
500113008,20231028,1101,43,14,1,25.02594,121.50651,29
500113008,20231028,1102,43,16,1,25.02594,121.50651,27
500113008,20231028,1103,43,16,1,25.02594,121.50651,27
500113008,20231028,1104,43,15,1,25.02594,121.50651,28
500113008,20231028,1105,43,15,1,25.02594,121.50651,28
500113008,20231028,1106,43,15,1,25.02594,121.50651,28
500113008,20231028,1107,43,15,1,25.02594,121.50651,28
500113008,20231028,1108,43,14,1,25.02594,121.50651,29
500113008,20231028,1109,43,14,1,25.02594,121.50651,29
500113008,20231028,1111,43,12,1,25.02594,121.50651,31
500113008,20231028,1112,43,11,1,25.02594,121.50651,32
500113008,20231028,1113,43,11,1,25.02594,121.50651,32
500113008,20231028,1114,43,11,1,25.02594,121.50651,32
500113008,20231028,1115,43,11,1,25.02594,121.50651,32
500113008,20231028,1116,43,11,1,25.02594,121.50651,32
500113008,20231028,1117,43,11,1,25.02594,121.50651,32
500113008,20231028,1118,43,11,1,25.02594,121.50651,32
500113008,20231028,1119,43,10,1,25.02594,121.50651,33
500113008,20231028,1120,43,10,1,25.02594,121.50651,33
500113008,20231028,1121,43,10,1,25.02594,121.50651,33
500113008,20231028,1122,43,10,1,25.02594,121.50651,33
500113008,20231028,1123,43,10,1,25.02594,121.50651,33
500113008,20231028,1124,43,10,1,25.02594,121.50651,33
500113008,20231028,1125,43,10,1,25.02594,121.50651,33
500113008,20231028,1126,43,10,1,25.02594,121.50651,33
500113008,20231028,1127,43,10,1,25.02594,121.50651,33
500113008,20231028,1128,43,9,1,25.02594,121.50651,34
500113008,20231028,1129,43,9,1,25.02594,121.50651,34
500113008,20231028,1130,43,9,1,25.02594,121.50651,34
500113008,20231028,1131,43,9,1,25.02594,121.50651,34
500113008,20231028,1132,43,10,1,25.02594,121.50651,33
500113008,20231028,1133,43,11,1,25.02594,121.50651,32
500113008,20231028,1134,43,13,1,25.02594,121.50651,30
500113008,20231028,1135,43,13,1,25.02594,121.50651,30
500113008,20231028,1136,43,12,1,25.02594,121.50651,31
500113008,20231028,1137,43,12,1,25.02594,121.50651,31
500113008,20231028,1138,43,14,1,25.02594,121.50651,29
500113008,20231028,1139,43,14,1,25.02594,121.50651,29
500113008,20231028,1141,43,14,1,25.02594,121.50651,29
500113008,20231028,1142,43,15,1,25.02594,121.50651,28
500113008,20231028,1143,43,15,1,25.02594,121.50651,28
500113008,20231028,1144,43,15,1,25.02594,121.50651,28
500113008,20231028,1145,43,14,1,25.02594,121.50651,29
500113008,20231028,1146,43,17,1,25.02594,121.50651,26
500113008,20231028,1147,43,17,1,25.02594,121.50651,26
500113008,20231028,1148,43,17,1,25.02594,121.50651,26
500113008,20231028,1149,43,17,1,25.02594,121.50651,26
500113008,20231028,1150,43,17,1,25.02594,121.50651,26
500113008,20231028,1151,43,17,1,25.02594,121.50651,26
500113008,20231028,1152,43,17,1,25.02594,121.50651,26
500113008,20231028,1153,43,17,1,25.02594,121.50651,26
500113008,20231028,1154,43,17,1,25.02594,121.50651,26
500113008,20231028,1155,43,17,1,25.02594,121.50651,26
500113008,20231028,1156,43,18,1,25.02594,121.50651,25
500113008,20231028,1157,43,21,1,25.02594,121.50651,22
500113008,20231028,1158,43,22,1,25.02594,121.50651,21
500113008,20231028,1159,43,22,1,25.02594,121.50651,21
500113008,20231028,1161,43,21,1,25.02594,121.50651,22
500113008,20231028,1162,43,21,1,25.02594,121.50651,22
500113008,20231028,1163,43,21,1,25.02594,121.50651,22
500113008,20231028,1164,43,21,1,25.02594,121.50651,22
500113008,20231028,1165,43,20,1,25.02594,121.50651,23
500113008,20231028,1166,43,20,1,25.02594,121.50651,23
500113008,20231028,1167,43,20,1,25.02594,121.50651,23
500113008,20231028,1168,43,20,1,25.02594,121.50651,23
500113008,20231028,1169,43,20,1,25.02594,121.50651,23
500113008,20231028,1171,43,20,1,25.02594,121.50651,23
500113008,20231028,1172,43,20,1,25.02594,121.50651,23
500113008,20231028,1173,43,20,1,25.02594,121.50651,23
500113008,20231028,1174,43,20,1,25.02594,121.50651,23
500113008,20231028,1175,43,20,1,25.02594,121.50651,23
500113008,20231028,1176,43,20,1,25.02594,121.50651,23
500113008,20231028,1177,43,20,1,25.02594,121.50651,23
500113008,20231028,1178,43,21,1,25.02594,121.50651,22
500113008,20231028,1179,43,22,1,25.02594,121.50651,21
500113008,20231028,1180,43,22,1,25.02594,121.50651,21
500113008,20231028,1181,43,22,1,25.02594,121.50651,21
500113008,20231028,1182,43,23,1,25.02594,121.50651,20
500113008,20231028,1183,43,23,1,25.02594,121.50651,20
500113008,20231028,1184,43,24,1,25.02594,121.50651,19
500113008,20231028,1185,43,24,1,25.02594,121.50651,19
500113008,20231028,1186,43,24,1,25.02594,121.50651,19
500113008,20231028,1187,43,25,1,25.02594,121.50651,18
500113008,20231028,1188,43,24,1,25.02594,121.50651,19
500113008,20231028,1189,43,24,1,25.02594,121.50651,19
500113008,20231028,1190,43,24,1,25.02594,121.50651,19
500113008,20231028,1191,43,24,1,25.02594,121.50651,19
500113008,20231028,1192,43,24,1,25.02594,121.50651,19
500113008,20231028,1193,43,24,1,25.02594,121.50651,19
500113008,20231028,1194,43,24,1,25.02594,121.50651,19
500113008,20231028,1195,43,24,1,25.02594,121.50651,19
500113008,20231028,1196,43,24,1,25.02594,121.50651,19
500113008,20231028,1197,43,24,1,25.02594,121.50651,19
500113008,20231028,1198,43,24,1,25.02594,121.50651,19
500113008,20231028,1199,43,23,1,25.02594,121.50651,20
500113008,20231028,1201,43,24,1,25.02594,121.50651,19
500113008,20231028,1202,43,24,1,25.02594,121.50651,19
500113008,20231028,1203,43,24,1,25.02594,121.50651,19
500113008,20231028,1204,43,24,1,25.02594,121.50651,19
500113008,20231028,1206,43,24,1,25.02594,121.50651,19
500113008,20231028,1207,43,24,1,25.02594,121.50651,19
500113008,20231028,1208,43,23,1,25.02594,121.50651,20
500113008,20231028,1209,43,23,1,25.02594,121.50651,20
500113008,20231028,1210,43,23,1,25.02594,121.50651,20
500113008,20231028,1211,43,23,1,25.02594,121.50651,20
500113008,20231028,1212,43,23,1,25.02594,121.50651,20
500113008,20231028,1213,43,23,1,25.02594,121.50651,20
500113008,20231028,1214,43,23,1,25.02594,121.50651,20
500113008,20231028,1215,43,23,1,25.02594,121.50651,20
500113008,20231028,1216,43,23,1,25.02594,121.50651,20
500113008,20231028,1217,43,21,1,25.02594,121.50651,22
500113008,20231028,1218,43,21,1,25.02594,121.50651,22
500113008,20231028,1219,43,23,1,25.02594,121.50651,20
500113008,20231028,1221,43,23,1,25.02594,121.50651,20
500113008,20231028,1222,43,24,1,25.02594,121.50651,19
500113008,20231028,1223,43,24,1,25.02594,121.50651,19
500113008,20231028,1224,43,24,1,25.02594,121.50651,19
500113008,20231028,1225,43,24,1,25.02594,121.50651,19
500113008,20231028,1226,43,24,1,25.02594,121.50651,19
500113008,20231028,1227,43,24,1,25.02594,121.50651,19
500113008,20231028,1228,43,23,1,25.02594,121.50651,20
500113008,20231028,1229,43,23,1,25.02594,121.50651,20
500113008,20231028,1231,43,22,1,25.02594,121.50651,21
500113008,20231028,1232,43,22,1,25.02594,121.50651,21
500113008,20231028,1233,43,22,1,25.02594,121.50651,21
500113008,20231028,1234,43,22,1,25.02594,121.50651,21
500113008,20231028,1235,43,22,1,25.02594,121.50651,21
500113008,20231028,1236,43,21,1,25.02594,121.50651,22
500113008,20231028,1237,43,22,1,25.02594,121.50651,21
500113008,20231028,1238,43,22,1,25.02594,121.50651,21
500113008,20231028,1239,43,22,1,25.02594,121.50651,21
500113008,20231028,1241,43,22,1,25.02594,121.50651,21
500113008,20231028,1242,43,22,1,25.02594,121.50651,21
500113008,20231028,1243,43,22,1,25.02594,121.50651,21
500113008,20231028,1244,43,22,1,25.02594,121.50651,21
500113008,20231028,1245,43,22,1,25.02594,121.50651,21
500113008,20231028,1246,43,22,1,25.02594,121.50651,21
500113008,20231028,1247,43,22,1,25.02594,121.50651,21
500113008,20231028,1248,43,22,1,25.02594,121.50651,21
500113008,20231028,1249,43,22,1,25.02594,121.50651,21
500113008,20231028,1250,43,22,1,25.02594,121.50651,21
500113008,20231028,1251,43,22,1,25.02594,121.50651,21
500113008,20231028,1252,43,23,1,25.02594,121.50651,20
500113008,20231028,1253,43,23,1,25.02594,121.50651,20
500113008,20231028,1254,43,24,1,25.02594,121.50651,19
500113008,20231028,1255,43,24,1,25.02594,121.50651,19
500113008,20231028,1256,43,24,1,25.02594,121.50651,19
500113008,20231028,1257,43,26,1,25.02594,121.50651,17
500113008,20231028,1258,43,26,1,25.02594,121.50651,17
500113008,20231028,1259,43,26,1,25.02594,121.50651,17
500113008,20231028,1261,43,28,1,25.02594,121.50651,15
500113008,20231028,1262,43,28,1,25.02594,121.50651,15
500113008,20231028,1263,43,28,1,25.02594,121.50651,15
500113008,20231028,1264,43,28,1,25.02594,121.50651,15
500113008,20231028,1265,43,28,1,25.02594,121.50651,15
500113008,20231028,1266,43,28,1,25.02594,121.50651,15
500113008,20231028,1267,43,28,1,25.02594,121.50651,15
500113008,20231028,1268,43,28,1,25.02594,121.50651,15
500113008,20231028,1269,43,28,1,25.02594,121.50651,15
500113008,20231028,1270,43,28,1,25.02594,121.50651,15
500113008,20231028,1271,43,28,1,25.02594,121.50651,15
500113008,20231028,1272,43,28,1,25.02594,121.50651,15
500113008,20231028,1273,43,28,1,25.02594,121.50651,15
500113008,20231028,1274,43,28,1,25.02594,121.50651,15
500113008,20231028,1275,43,28,1,25.02594,121.50651,15
500113008,20231028,1276,43,28,1,25.02594,121.50651,15
500113008,20231028,1277,43,28,1,25.02594,121.50651,15
500113008,20231028,1278,43,28,1,25.02594,121.50651,15
500113008,20231028,1279,43,28,1,25.02594,121.50651,15
500113008,20231028,1281,43,28,1,25.02594,121.50651,15
500113008,20231028,1282,43,28,1,25.02594,121.50651,15
500113008,20231028,1283,43,28,1,25.02594,121.50651,15
500113008,20231028,1284,43,28,1,25.02594,121.50651,15
500113008,20231028,1285,43,28,1,25.02594,121.50651,15
500113008,20231028,1286,43,28,1,25.02594,121.50651,15
500113008,20231028,1287,43,28,1,25.02594,121.50651,15
500113008,20231028,1288,43,28,1,25.02594,121.50651,15
500113008,20231028,1289,43,28,1,25.02594,121.50651,15
500113008,20231028,1291,43,28,1,25.02594,121.50651,15
500113008,20231028,1292,43,28,1,25.02594,121.50651,15
500113008,20231028,1293,43,28,1,25.02594,121.50651,15
500113008,20231028,1294,43,28,1,25.02594,121.50651,15
500113008,20231028,1295,43,28,1,25.02594,121.50651,15
500113008,20231028,1296,43,28,1,25.02594,121.50651,15
500113008,20231028,1297,43,28,1,25.02594,121.50651,15
500113008,20231028,1298,43,28,1,25.02594,121.50651,15
500113008,20231028,1299,43,28,1,25.02594,121.50651,15
500113008,20231028,1300,43,28,1,25.02594,121.50651,15
500113008,20231028,1301,43,29,1,25.02594,121.50651,14
500113008,20231028,1302,43,29,1,25.02594,121.50651,14
500113008,20231028,1303,43,29,1,25.02594,121.50651,14
500113008,20231028,1304,43,29,1,25.02594,121.50651,14
500113008,20231028,1305,43,29,1,25.02594,121.50651,14
500113008,20231028,1306,43,29,1,25.02594,121.50651,14
500113008,20231028,1307,43,30,1,25.02594,121.50651,13
500113008,20231028,1308,43,30,1,25.02594,121.50651,13
500113008,20231028,1309,43,30,1,25.02594,121.50651,13
500113008,20231028,1310,43,30,1,25.02594,121.50651,13
500113008,20231028,1311,43,31,1,25.02594,121.50651,12
500113008,20231028,1312,43,30,1,25.02594,121.50651,13
500113008,20231028,1313,43,30,1,25.02594,121.50651,13
500113008,20231028,1314,43,30,1,25.02594,121.50651,13
500113008,20231028,1315,43,30,1,25.02594,121.50651,13
500113008,20231028,1316,43,30,1,25.02594,121.50651,13
500113008,20231028,1317,43,30,1,25.02594,121.50651,13
500113008,20231028,1318,43,30,1,25.02594,121.50651,13
500113008,20231028,1319,43,30,1,25.02594,121.50651,13
500113008,20231028,1321,43,30,1,25.02594,121.50651,13
500113008,20231028,1322,43,30,1,25.02594,121.50651,13
500113008,20231028,1323,43,30,1,25.02594,121.50651,13
500113008,20231028,1324,43,30,1,25.02594,121.50651,13
500113008,20231028,1325,43,29,1,25.02594,121.50651,14
500113008,20231028,1326,43,29,1,25.02594,121.50651,14
500113008,20231028,1327,43,28,1,25.02594,121.50651,15
500113008,20231028,1328,43,28,1,25.02594,121.50651,15
500113008,20231028,1329,43,28,1,25.02594,121.50651,15
500113008,20231028,1330,43,28,1,25.02594,121.50651,15
500113008,20231028,1331,43,27,1,25.02594,121.50651,16
500113008,20231028,1332,43,27,1,25.02594,121.50651,16
500113008,20231028,1333,43,29,1,25.02594,121.50651,14
500113008,20231028,1334,43,29,1,25.02594,121.50651,14
500113008,20231028,1335,43,31,1,25.02594,121.50651,12
500113008,20231028,1336,43,32,1,25.02594,121.50651,11
500113008,20231028,1337,43,32,1,25.02594,121.50651,11
500113008,20231028,1338,43,33,1,25.02594,121.50651,10
500113008,20231028,1339,43,32,1,25.02594,121.50651,11
500113008,20231028,1341,43,32,1,25.02594,121.50651,11
500113008,20231028,1342,43,32,1,25.02594,121.50651,11
500113008,20231028,1343,43,32,1,25.02594,121.50651,11
500113008,20231028,1344,43,32,1,25.02594,121.50651,11
500113008,20231028,1345,43,31,1,25.02594,121.50651,12
500113008,20231028,1346,43,31,1,25.02594,121.50651,12
500113008,20231028,1347,43,31,1,25.02594,121.50651,12
500113008,20231028,1348,43,31,1,25.02594,121.50651,12
500113008,20231028,1349,43,31,1,25.02594,121.50651,12
500113008,20231028,1350,43,31,1,25.02594,121.50651,12
500113008,20231028,1351,43,32,1,25.02594,121.50651,11
500113008,20231028,1352,43,32,1,25.02594,121.50651,11
500113008,20231028,1353,43,32,1,25.02594,121.50651,11
500113008,20231028,1354,43,32,1,25.02594,121.50651,11
500113008,20231028,1355,43,31,1,25.02594,121.50651,12
500113008,20231028,1356,43,31,1,25.02594,121.50651,12
500113008,20231028,1357,43,32,1,25.02594,121.50651,11
500113008,20231028,1358,43,32,1,25.02594,121.50651,11
500113008,20231028,1359,43,32,1,25.02594,121.50651,11
500113008,20231028,1360,43,32,1,25.02594,121.50651,11
500113008,20231028,1361,43,32,1,25.02594,121.50651,11
500113008,20231028,1362,43,32,1,25.02594,121.50651,11
500113008,20231028,1363,43,32,1,25.02594,121.50651,11
500113008,20231028,1364,43,32,1,25.02594,121.50651,11
500113008,20231028,1365,43,32,1,25.02594,121.50651,11
500113008,20231028,1366,43,32,1,25.02594,121.50651,11
500113008,20231028,1367,43,32,1,25.02594,121.50651,11
500113008,20231028,1368,43,32,1,25.02594,121.50651,11
500113008,20231028,1369,43,32,1,25.02594,121.50651,11
500113008,20231028,1370,43,32,1,25.02594,121.50651,11
500113008,20231028,1371,43,32,1,25.02594,121.50651,11
500113008,20231028,1372,43,33,1,25.02594,121.50651,10
500113008,20231028,1373,43,33,1,25.02594,121.50651,10
500113008,20231028,1374,43,33,1,25.02594,121.50651,10
500113008,20231028,1375,43,33,1,25.02594,121.50651,10
500113008,20231028,1376,43,32,1,25.02594,121.50651,11
500113008,20231028,1377,43,32,1,25.02594,121.50651,11
500113008,20231028,1378,43,32,1,25.02594,121.50651,11
500113008,20231028,1379,43,32,1,25.02594,121.50651,11
500113008,20231028,1381,43,32,1,25.02594,121.50651,11
500113008,20231028,1382,43,32,1,25.02594,121.50651,11
500113008,20231028,1383,43,32,1,25.02594,121.50651,11
500113008,20231028,1384,43,32,1,25.02594,121.50651,11
500113008,20231028,1385,43,32,1,25.02594,121.50651,11
500113008,20231028,1386,43,32,1,25.02594,121.50651,11
500113008,20231028,1387,43,32,1,25.02594,121.50651,11
500113008,20231028,1388,43,32,1,25.02594,121.50651,11
500113008,20231028,1389,43,32,1,25.02594,121.50651,11
500113008,20231028,1390,43,32,1,25.02594,121.50651,11
500113008,20231028,1391,43,32,1,25.02594,121.50651,11
500113008,20231028,1392,43,32,1,25.02594,121.50651,11
500113008,20231028,1393,43,33,1,25.02594,121.50651,10
500113008,20231028,1394,43,33,1,25.02594,121.50651,10
500113008,20231028,1395,43,33,1,25.02594,121.50651,10
500113008,20231028,1396,43,33,1,25.02594,121.50651,10
500113008,20231028,1397,43,32,1,25.02594,121.50651,11
500113008,20231028,1398,43,32,1,25.02594,121.50651,11
500113008,20231028,1399,43,32,1,25.02594,121.50651,11
500113008,20231028,1401,43,32,1,25.02594,121.50651,11
500113008,20231028,1402,43,32,1,25.02594,121.50651,11
500113008,20231028,1403,43,32,1,25.02594,121.50651,11
500113008,20231028,1404,43,33,1,25.02594,121.50651,10
500113008,20231028,1405,43,33,1,25.02594,121.50651,10
500113008,20231028,1406,43,33,1,25.02594,121.50651,10
500113008,20231028,1407,43,33,1,25.02594,121.50651,10
500113008,20231028,1408,43,33,1,25.02594,121.50651,10
500113008,20231028,1409,43,33,1,25.02594,121.50651,10
500113008,20231028,1410,43,33,1,25.02594,121.50651,10
500113008,20231028,1411,43,33,1,25.02594,121.50651,10
500113008,20231028,1412,43,33,1,25.02594,121.50651,10
500113008,20231028,1413,43,33,1,25.02594,121.50651,10
500113008,20231028,1414,43,32,1,25.02594,121.50651,11
500113008,20231028,1415,43,32,1,25.02594,121.50651,11
500113008,20231028,1416,43,32,1,25.02594,121.50651,11
500113008,20231028,1417,43,32,1,25.02594,121.50651,11
500113008,20231028,1418,43,32,1,25.02594,121.50651,11
500113008,20231028,1419,43,32,1,25.02594,121.50651,11
500113008,20231028,1420,43,31,1,25.02594,121.50651,12
500113008,20231028,1421,43,31,1,25.02594,121.50651,12
500113008,20231028,1422,43,30,1,25.02594,121.50651,13
500113008,20231028,1423,43,30,1,25.02594,121.50651,13
500113008,20231028,1424,43,30,1,25.02594,121.50651,13
500113008,20231028,1425,43,30,1,25.02594,121.50651,13
500113008,20231028,1426,43,30,1,25.02594,121.50651,13
500113008,20231028,1427,43,30,1,25.02594,121.50651,13
500113008,20231028,1428,43,30,1,25.02594,121.50651,13
500113008,20231028,1429,43,29,1,25.02594,121.50651,14
500113008,20231028,1430,43,29,1,25.02594,121.50651,14
500113008,20231028,1431,43,29,1,25.02594,121.50651,14
500113008,20231028,1432,43,29,1,25.02594,121.50651,14
500113008,20231028,1433,43,29,1,25.02594,121.50651,14
500113008,20231028,1434,43,29,1,25.02594,121.50651,14
500113008,20231028,1435,43,29,1,25.02594,121.50651,14
500113008,20231028,1436,43,29,1,25.02594,121.50651,14
500113008,20231028,1437,43,29,1,25.02594,121.50651,14
500113008,20231028,1438,43,29,1,25.02594,121.50651,14
500113008,20231028,1439,43,29,1,25.02594,121.50651,14
500113008,20231029,1,43,30,1,25.02594,121.50651,13
500113008,20231029,2,43,30,1,25.02594,121.50651,13
500113008,20231029,3,43,30,1,25.02594,121.50651,13
500113008,20231029,4,43,30,1,25.02594,121.50651,13
500113008,20231029,5,43,30,1,25.02594,121.50651,13
500113008,20231029,6,43,30,1,25.02594,121.50651,13
500113008,20231029,7,43,28,1,25.02594,121.50651,15
500113008,20231029,8,43,27,1,25.02594,121.50651,16
500113008,20231029,9,43,27,1,25.02594,121.50651,16
500113008,20231029,10,43,28,1,25.02594,121.50651,15
500113008,20231029,11,43,28,1,25.02594,121.50651,15
500113008,20231029,12,43,29,1,25.02594,121.50651,14
500113008,20231029,13,43,29,1,25.02594,121.50651,14
500113008,20231029,14,43,28,1,25.02594,121.50651,15
500113008,20231029,15,43,28,1,25.02594,121.50651,15
500113008,20231029,16,43,27,1,25.02594,121.50651,16
500113008,20231029,17,43,27,1,25.02594,121.50651,16
500113008,20231029,18,43,28,1,25.02594,121.50651,15
500113008,20231029,19,43,28,1,25.02594,121.50651,15
500113008,20231029,21,43,28,1,25.02594,121.50651,15
500113008,20231029,23,43,28,1,25.02594,121.50651,15
500113008,20231029,24,43,28,1,25.02594,121.50651,15
500113008,20231029,25,43,28,1,25.02594,121.50651,15
500113008,20231029,26,43,28,1,25.02594,121.50651,15
500113008,20231029,27,43,28,1,25.02594,121.50651,15
500113008,20231029,28,43,29,1,25.02594,121.50651,14
500113008,20231029,29,43,29,1,25.02594,121.50651,14
500113008,20231029,30,43,29,1,25.02594,121.50651,14
500113008,20231029,31,43,29,1,25.02594,121.50651,14
500113008,20231029,32,43,29,1,25.02594,121.50651,14
500113008,20231029,33,43,29,1,25.02594,121.50651,14
500113008,20231029,34,43,29,1,25.02594,121.50651,14
500113008,20231029,35,43,29,1,25.02594,121.50651,14
500113008,20231029,36,43,29,1,25.02594,121.50651,14
500113008,20231029,37,43,29,1,25.02594,121.50651,14
500113008,20231029,38,43,29,1,25.02594,121.50651,14
500113008,20231029,39,43,29,1,25.02594,121.50651,14
500113008,20231029,40,43,29,1,25.02594,121.50651,14
500113008,20231029,41,43,29,1,25.02594,121.50651,14
500113008,20231029,42,43,29,1,25.02594,121.50651,14
500113008,20231029,43,43,29,1,25.02594,121.50651,14
500113008,20231029,44,43,29,1,25.02594,121.50651,14
500113008,20231029,45,43,29,1,25.02594,121.50651,14
500113008,20231029,46,43,29,1,25.02594,121.50651,14
500113008,20231029,47,43,28,1,25.02594,121.50651,15
500113008,20231029,48,43,28,1,25.02594,121.50651,15
500113008,20231029,49,43,28,1,25.02594,121.50651,15
500113008,20231029,50,43,28,1,25.02594,121.50651,15
500113008,20231029,51,43,28,1,25.02594,121.50651,15
500113008,20231029,52,43,26,1,25.02594,121.50651,17
500113008,20231029,53,43,26,1,25.02594,121.50651,17
500113008,20231029,54,43,25,1,25.02594,121.50651,18
500113008,20231029,55,43,25,1,25.02594,121.50651,18
500113008,20231029,56,43,25,1,25.02594,121.50651,18
500113008,20231029,57,43,25,1,25.02594,121.50651,18
500113008,20231029,58,43,25,1,25.02594,121.50651,18
500113008,20231029,59,43,25,1,25.02594,121.50651,18
500113008,20231029,60,43,25,1,25.02594,121.50651,18
500113008,20231029,61,43,25,1,25.02594,121.50651,18
500113008,20231029,62,43,24,1,25.02594,121.50651,19
500113008,20231029,63,43,24,1,25.02594,121.50651,19
500113008,20231029,64,43,24,1,25.02594,121.50651,19
500113008,20231029,65,43,24,1,25.02594,121.50651,19
500113008,20231029,66,43,24,1,25.02594,121.50651,19
500113008,20231029,67,43,24,1,25.02594,121.50651,19
500113008,20231029,68,43,24,1,25.02594,121.50651,19
500113008,20231029,69,43,24,1,25.02594,121.50651,19
500113008,20231029,70,43,24,1,25.02594,121.50651,19
500113008,20231029,71,43,24,1,25.02594,121.50651,19
500113008,20231029,72,43,24,1,25.02594,121.50651,19
500113008,20231029,73,43,24,1,25.02594,121.50651,19
500113008,20231029,74,43,24,1,25.02594,121.50651,19
500113008,20231029,75,43,24,1,25.02594,121.50651,19
500113008,20231029,76,43,24,1,25.02594,121.50651,19
500113008,20231029,77,43,24,1,25.02594,121.50651,19
500113008,20231029,78,43,24,1,25.02594,121.50651,19
500113008,20231029,79,43,24,1,25.02594,121.50651,19
500113008,20231029,81,43,24,1,25.02594,121.50651,19
500113008,20231029,82,43,24,1,25.02594,121.50651,19
500113008,20231029,83,43,24,1,25.02594,121.50651,19
500113008,20231029,85,43,24,1,25.02594,121.50651,19
500113008,20231029,86,43,24,1,25.02594,121.50651,19
500113008,20231029,87,43,24,1,25.02594,121.50651,19
500113008,20231029,88,43,24,1,25.02594,121.50651,19
500113008,20231029,89,43,24,1,25.02594,121.50651,19
500113008,20231029,90,43,24,1,25.02594,121.50651,19
500113008,20231029,91,43,24,1,25.02594,121.50651,19
500113008,20231029,92,43,24,1,25.02594,121.50651,19
500113008,20231029,93,43,24,1,25.02594,121.50651,19
500113008,20231029,94,43,24,1,25.02594,121.50651,19
500113008,20231029,95,43,24,1,25.02594,121.50651,19
500113008,20231029,96,43,24,1,25.02594,121.50651,19
500113008,20231029,97,43,24,1,25.02594,121.50651,19
500113008,20231029,98,43,24,1,25.02594,121.50651,19
500113008,20231029,99,43,24,1,25.02594,121.50651,19
500113008,20231029,100,43,24,1,25.02594,121.50651,19
500113008,20231029,101,43,24,1,25.02594,121.50651,19
500113008,20231029,102,43,24,1,25.02594,121.50651,19
500113008,20231029,103,43,24,1,25.02594,121.50651,19
500113008,20231029,104,43,24,1,25.02594,121.50651,19
500113008,20231029,105,43,24,1,25.02594,121.50651,19
500113008,20231029,106,43,24,1,25.02594,121.50651,19
500113008,20231029,107,43,24,1,25.02594,121.50651,19
500113008,20231029,108,43,24,1,25.02594,121.50651,19
500113008,20231029,109,43,24,1,25.02594,121.50651,19
500113008,20231029,110,43,24,1,25.02594,121.50651,19
500113008,20231029,111,43,24,1,25.02594,121.50651,19
500113008,20231029,112,43,24,1,25.02594,121.50651,19
500113008,20231029,113,43,24,1,25.02594,121.50651,19
500113008,20231029,114,43,24,1,25.02594,121.50651,19
500113008,20231029,115,43,24,1,25.02594,121.50651,19
500113008,20231029,116,43,24,1,25.02594,121.50651,19
500113008,20231029,117,43,24,1,25.02594,121.50651,19
500113008,20231029,118,43,24,1,25.02594,121.50651,19
500113008,20231029,119,43,24,1,25.02594,121.50651,19
500113008,20231029,121,43,24,1,25.02594,121.50651,19
500113008,20231029,122,43,24,1,25.02594,121.50651,19
500113008,20231029,123,43,24,1,25.02594,121.50651,19
500113008,20231029,124,43,24,1,25.02594,121.50651,19
500113008,20231029,125,43,24,1,25.02594,121.50651,19
500113008,20231029,126,43,24,1,25.02594,121.50651,19
500113008,20231029,127,43,24,1,25.02594,121.50651,19
500113008,20231029,128,43,24,1,25.02594,121.50651,19
500113008,20231029,129,43,24,1,25.02594,121.50651,19
500113008,20231029,130,43,24,1,25.02594,121.50651,19
500113008,20231029,131,43,24,1,25.02594,121.50651,19
500113008,20231029,132,43,24,1,25.02594,121.50651,19
500113008,20231029,133,43,24,1,25.02594,121.50651,19
500113008,20231029,134,43,24,1,25.02594,121.50651,19
500113008,20231029,135,43,24,1,25.02594,121.50651,19
500113008,20231029,136,43,24,1,25.02594,121.50651,19
500113008,20231029,137,43,24,1,25.02594,121.50651,19
500113008,20231029,138,43,24,1,25.02594,121.50651,19
500113008,20231029,139,43,24,1,25.02594,121.50651,19
500113008,20231029,141,43,24,1,25.02594,121.50651,19
500113008,20231029,142,43,24,1,25.02594,121.50651,19
500113008,20231029,143,43,24,1,25.02594,121.50651,19
500113008,20231029,144,43,24,1,25.02594,121.50651,19
500113008,20231029,145,43,24,1,25.02594,121.50651,19
500113008,20231029,146,43,24,1,25.02594,121.50651,19
500113008,20231029,147,43,23,1,25.02594,121.50651,20
500113008,20231029,148,43,23,1,25.02594,121.50651,20
500113008,20231029,149,43,23,1,25.02594,121.50651,20
500113008,20231029,150,43,23,1,25.02594,121.50651,20
500113008,20231029,151,43,23,1,25.02594,121.50651,20
500113008,20231029,152,43,23,1,25.02594,121.50651,20
500113008,20231029,153,43,23,1,25.02594,121.50651,20
500113008,20231029,154,43,23,1,25.02594,121.50651,20
500113008,20231029,155,43,23,1,25.02594,121.50651,20
500113008,20231029,156,43,23,1,25.02594,121.50651,20
500113008,20231029,157,43,23,1,25.02594,121.50651,20
500113008,20231029,158,43,23,1,25.02594,121.50651,20
500113008,20231029,159,43,23,1,25.02594,121.50651,20
500113008,20231029,160,43,23,1,25.02594,121.50651,20
500113008,20231029,161,43,23,1,25.02594,121.50651,20
500113008,20231029,162,43,23,1,25.02594,121.50651,20
500113008,20231029,163,43,23,1,25.02594,121.50651,20
500113008,20231029,164,43,22,1,25.02594,121.50651,21
500113008,20231029,165,43,22,1,25.02594,121.50651,21
500113008,20231029,166,43,22,1,25.02594,121.50651,21
500113008,20231029,167,43,22,1,25.02594,121.50651,21
500113008,20231029,168,43,22,1,25.02594,121.50651,21
500113008,20231029,169,43,22,1,25.02594,121.50651,21
500113008,20231029,170,43,22,1,25.02594,121.50651,21
500113008,20231029,171,43,22,1,25.02594,121.50651,21
500113008,20231029,172,43,22,1,25.02594,121.50651,21
500113008,20231029,173,43,22,1,25.02594,121.50651,21
500113008,20231029,174,43,22,1,25.02594,121.50651,21
500113008,20231029,175,43,22,1,25.02594,121.50651,21
500113008,20231029,176,43,22,1,25.02594,121.50651,21
500113008,20231029,177,43,22,1,25.02594,121.50651,21
500113008,20231029,178,43,22,1,25.02594,121.50651,21
500113008,20231029,179,43,22,1,25.02594,121.50651,21
500113008,20231029,180,43,22,1,25.02594,121.50651,21
500113008,20231029,181,43,22,1,25.02594,121.50651,21
500113008,20231029,182,43,22,1,25.02594,121.50651,21
500113008,20231029,183,43,22,1,25.02594,121.50651,21
500113008,20231029,184,43,22,1,25.02594,121.50651,21
500113008,20231029,185,43,22,1,25.02594,121.50651,21
500113008,20231029,186,43,22,1,25.02594,121.50651,21
500113008,20231029,187,43,22,1,25.02594,121.50651,21
500113008,20231029,188,43,22,1,25.02594,121.50651,21
500113008,20231029,189,43,22,1,25.02594,121.50651,21
500113008,20231029,190,43,22,1,25.02594,121.50651,21
500113008,20231029,191,43,22,1,25.02594,121.50651,21
500113008,20231029,192,43,22,1,25.02594,121.50651,21
500113008,20231029,193,43,22,1,25.02594,121.50651,21
500113008,20231029,194,43,22,1,25.02594,121.50651,21
500113008,20231029,195,43,22,1,25.02594,121.50651,21
500113008,20231029,196,43,22,1,25.02594,121.50651,21
500113008,20231029,197,43,22,1,25.02594,121.50651,21
500113008,20231029,198,43,22,1,25.02594,121.50651,21
500113008,20231029,199,43,22,1,25.02594,121.50651,21
500113008,20231029,201,43,22,1,25.02594,121.50651,21
500113008,20231029,202,43,22,1,25.02594,121.50651,21
500113008,20231029,203,43,22,1,25.02594,121.50651,21
500113008,20231029,204,43,22,1,25.02594,121.50651,21
500113008,20231029,205,43,22,1,25.02594,121.50651,21
500113008,20231029,206,43,22,1,25.02594,121.50651,21
500113008,20231029,207,43,22,1,25.02594,121.50651,21
500113008,20231029,208,43,22,1,25.02594,121.50651,21
500113008,20231029,209,43,22,1,25.02594,121.50651,21
500113008,20231029,210,43,22,1,25.02594,121.50651,21
500113008,20231029,211,43,22,1,25.02594,121.50651,21
500113008,20231029,212,43,22,1,25.02594,121.50651,21
500113008,20231029,213,43,22,1,25.02594,121.50651,21
500113008,20231029,214,43,22,1,25.02594,121.50651,21
500113008,20231029,215,43,22,1,25.02594,121.50651,21
500113008,20231029,216,43,22,1,25.02594,121.50651,21
500113008,20231029,217,43,22,1,25.02594,121.50651,21
500113008,20231029,218,43,22,1,25.02594,121.50651,21
500113008,20231029,219,43,22,1,25.02594,121.50651,21
500113008,20231029,220,43,22,1,25.02594,121.50651,21
500113008,20231029,221,43,22,1,25.02594,121.50651,21
500113008,20231029,222,43,22,1,25.02594,121.50651,21
500113008,20231029,223,43,22,1,25.02594,121.50651,21
500113008,20231029,224,43,22,1,25.02594,121.50651,21
500113008,20231029,225,43,22,1,25.02594,121.50651,21
500113008,20231029,226,43,22,1,25.02594,121.50651,21
500113008,20231029,227,43,22,1,25.02594,121.50651,21
500113008,20231029,228,43,22,1,25.02594,121.50651,21
500113008,20231029,229,43,22,1,25.02594,121.50651,21
500113008,20231029,230,43,22,1,25.02594,121.50651,21
500113008,20231029,231,43,22,1,25.02594,121.50651,21
500113008,20231029,232,43,22,1,25.02594,121.50651,21
500113008,20231029,233,43,22,1,25.02594,121.50651,21
500113008,20231029,234,43,22,1,25.02594,121.50651,21
500113008,20231029,235,43,22,1,25.02594,121.50651,21
500113008,20231029,236,43,22,1,25.02594,121.50651,21
500113008,20231029,237,43,22,1,25.02594,121.50651,21
500113008,20231029,238,43,22,1,25.02594,121.50651,21
500113008,20231029,239,43,22,1,25.02594,121.50651,21
500113008,20231029,240,43,22,1,25.02594,121.50651,21
500113008,20231029,241,43,22,1,25.02594,121.50651,21
500113008,20231029,242,43,22,1,25.02594,121.50651,21
500113008,20231029,243,43,22,1,25.02594,121.50651,21
500113008,20231029,244,43,22,1,25.02594,121.50651,21
500113008,20231029,245,43,22,1,25.02594,121.50651,21
500113008,20231029,246,43,22,1,25.02594,121.50651,21
500113008,20231029,247,43,22,1,25.02594,121.50651,21
500113008,20231029,248,43,22,1,25.02594,121.50651,21
500113008,20231029,249,43,22,1,25.02594,121.50651,21
500113008,20231029,250,43,22,1,25.02594,121.50651,21
500113008,20231029,251,43,22,1,25.02594,121.50651,21
500113008,20231029,252,43,22,1,25.02594,121.50651,21
500113008,20231029,253,43,22,1,25.02594,121.50651,21
500113008,20231029,254,43,22,1,25.02594,121.50651,21
500113008,20231029,255,43,22,1,25.02594,121.50651,21
500113008,20231029,256,43,22,1,25.02594,121.50651,21
500113008,20231029,257,43,22,1,25.02594,121.50651,21
500113008,20231029,258,43,22,1,25.02594,121.50651,21
500113008,20231029,259,43,22,1,25.02594,121.50651,21
500113008,20231029,261,43,22,1,25.02594,121.50651,21
500113008,20231029,262,43,22,1,25.02594,121.50651,21
500113008,20231029,263,43,22,1,25.02594,121.50651,21
500113008,20231029,264,43,22,1,25.02594,121.50651,21
500113008,20231029,265,43,22,1,25.02594,121.50651,21
500113008,20231029,266,43,22,1,25.02594,121.50651,21
500113008,20231029,267,43,22,1,25.02594,121.50651,21
500113008,20231029,268,43,22,1,25.02594,121.50651,21
500113008,20231029,269,43,22,1,25.02594,121.50651,21
500113008,20231029,270,43,22,1,25.02594,121.50651,21
500113008,20231029,271,43,23,1,25.02594,121.50651,20
500113008,20231029,272,43,23,1,25.02594,121.50651,20
500113008,20231029,273,43,23,1,25.02594,121.50651,20
500113008,20231029,274,43,23,1,25.02594,121.50651,20
500113008,20231029,275,43,23,1,25.02594,121.50651,20
500113008,20231029,276,43,23,1,25.02594,121.50651,20
500113008,20231029,277,43,23,1,25.02594,121.50651,20
500113008,20231029,278,43,24,1,25.02594,121.50651,19
500113008,20231029,279,43,24,1,25.02594,121.50651,19
500113008,20231029,280,43,24,1,25.02594,121.50651,19
500113008,20231029,281,43,24,1,25.02594,121.50651,19
500113008,20231029,282,43,24,1,25.02594,121.50651,19
500113008,20231029,283,43,24,1,25.02594,121.50651,19
500113008,20231029,284,43,24,1,25.02594,121.50651,19
500113008,20231029,285,43,24,1,25.02594,121.50651,19
500113008,20231029,286,43,24,1,25.02594,121.50651,19
500113008,20231029,288,43,24,1,25.02594,121.50651,19
500113008,20231029,289,43,24,1,25.02594,121.50651,19
500113008,20231029,290,43,24,1,25.02594,121.50651,19
500113008,20231029,291,43,24,1,25.02594,121.50651,19
500113008,20231029,292,43,24,1,25.02594,121.50651,19
500113008,20231029,293,43,24,1,25.02594,121.50651,19
500113008,20231029,294,43,24,1,25.02594,121.50651,19
500113008,20231029,295,43,24,1,25.02594,121.50651,19
500113008,20231029,296,43,24,1,25.02594,121.50651,19
500113008,20231029,297,43,24,1,25.02594,121.50651,19
500113008,20231029,298,43,24,1,25.02594,121.50651,19
500113008,20231029,299,43,24,1,25.02594,121.50651,19
500113008,20231029,300,43,24,1,25.02594,121.50651,19
500113008,20231029,301,43,25,1,25.02594,121.50651,18
500113008,20231029,302,43,25,1,25.02594,121.50651,18
500113008,20231029,303,43,25,1,25.02594,121.50651,18
500113008,20231029,304,43,25,1,25.02594,121.50651,18
500113008,20231029,305,43,25,1,25.02594,121.50651,18
500113008,20231029,306,43,25,1,25.02594,121.50651,18
500113008,20231029,307,43,24,1,25.02594,121.50651,19
500113008,20231029,308,43,23,1,25.02594,121.50651,20
500113008,20231029,309,43,23,1,25.02594,121.50651,20
500113008,20231029,310,43,23,1,25.02594,121.50651,20
500113008,20231029,311,43,23,1,25.02594,121.50651,20
500113008,20231029,312,43,23,1,25.02594,121.50651,20
500113008,20231029,313,43,23,1,25.02594,121.50651,20
500113008,20231029,314,43,23,1,25.02594,121.50651,20
500113008,20231029,315,43,23,1,25.02594,121.50651,20
500113008,20231029,316,43,23,1,25.02594,121.50651,20
500113008,20231029,317,43,23,1,25.02594,121.50651,20
500113008,20231029,318,43,23,1,25.02594,121.50651,20
500113008,20231029,319,43,23,1,25.02594,121.50651,20
500113008,20231029,321,43,22,1,25.02594,121.50651,21
500113008,20231029,322,43,21,1,25.02594,121.50651,22
500113008,20231029,323,43,21,1,25.02594,121.50651,22
500113008,20231029,324,43,21,1,25.02594,121.50651,22
500113008,20231029,325,43,21,1,25.02594,121.50651,22
500113008,20231029,326,43,21,1,25.02594,121.50651,22
500113008,20231029,327,43,21,1,25.02594,121.50651,22
500113008,20231029,328,43,21,1,25.02594,121.50651,22
500113008,20231029,329,43,21,1,25.02594,121.50651,22
500113008,20231029,330,43,20,1,25.02594,121.50651,23
500113008,20231029,331,43,20,1,25.02594,121.50651,23
500113008,20231029,332,43,20,1,25.02594,121.50651,23
500113008,20231029,333,43,20,1,25.02594,121.50651,23
500113008,20231029,334,43,20,1,25.02594,121.50651,23
500113008,20231029,335,43,20,1,25.02594,121.50651,23
500113008,20231029,336,43,20,1,25.02594,121.50651,23
500113008,20231029,337,43,20,1,25.02594,121.50651,23
500113008,20231029,338,43,20,1,25.02594,121.50651,23
500113008,20231029,339,43,20,1,25.02594,121.50651,23
500113008,20231029,340,43,20,1,25.02594,121.50651,23
500113008,20231029,341,43,20,1,25.02594,121.50651,23
500113008,20231029,342,43,20,1,25.02594,121.50651,23
500113008,20231029,343,43,20,1,25.02594,121.50651,23
500113008,20231029,344,43,20,1,25.02594,121.50651,23
500113008,20231029,345,43,20,1,25.02594,121.50651,23
500113008,20231029,346,43,20,1,25.02594,121.50651,23
500113008,20231029,347,43,20,1,25.02594,121.50651,23
500113008,20231029,348,43,20,1,25.02594,121.50651,23
500113008,20231029,349,43,20,1,25.02594,121.50651,23
500113008,20231029,350,43,20,1,25.02594,121.50651,23
500113008,20231029,351,43,20,1,25.02594,121.50651,23
500113008,20231029,352,43,20,1,25.02594,121.50651,23
500113008,20231029,353,43,20,1,25.02594,121.50651,23
500113008,20231029,354,43,20,1,25.02594,121.50651,23
500113008,20231029,355,43,20,1,25.02594,121.50651,23
500113008,20231029,356,43,20,1,25.02594,121.50651,23
500113008,20231029,357,43,20,1,25.02594,121.50651,23
500113008,20231029,358,43,20,1,25.02594,121.50651,23
500113008,20231029,359,43,20,1,25.02594,121.50651,23
500113008,20231029,360,43,20,1,25.02594,121.50651,23
500113008,20231029,361,43,20,1,25.02594,121.50651,23
500113008,20231029,362,43,20,1,25.02594,121.50651,23
500113008,20231029,363,43,20,1,25.02594,121.50651,23
500113008,20231029,364,43,20,1,25.02594,121.50651,23
500113008,20231029,365,43,20,1,25.02594,121.50651,23
500113008,20231029,366,43,20,1,25.02594,121.50651,23
500113008,20231029,367,43,20,1,25.02594,121.50651,23
500113008,20231029,368,43,20,1,25.02594,121.50651,23
500113008,20231029,369,43,20,1,25.02594,121.50651,23
500113008,20231029,370,43,20,1,25.02594,121.50651,23
500113008,20231029,371,43,20,1,25.02594,121.50651,23
500113008,20231029,372,43,20,1,25.02594,121.50651,23
500113008,20231029,373,43,20,1,25.02594,121.50651,23
500113008,20231029,374,43,21,1,25.02594,121.50651,22
500113008,20231029,375,43,21,1,25.02594,121.50651,22
500113008,20231029,376,43,21,1,25.02594,121.50651,22
500113008,20231029,377,43,21,1,25.02594,121.50651,22
500113008,20231029,378,43,21,1,25.02594,121.50651,22
500113008,20231029,379,43,21,1,25.02594,121.50651,22
500113008,20231029,381,43,21,1,25.02594,121.50651,22
500113008,20231029,382,43,20,1,25.02594,121.50651,23
500113008,20231029,383,43,20,1,25.02594,121.50651,23
500113008,20231029,384,43,20,1,25.02594,121.50651,23
500113008,20231029,385,43,20,1,25.02594,121.50651,23
500113008,20231029,386,43,20,1,25.02594,121.50651,23
500113008,20231029,387,43,20,1,25.02594,121.50651,23
500113008,20231029,388,43,20,1,25.02594,121.50651,23
500113008,20231029,389,43,20,1,25.02594,121.50651,23
500113008,20231029,391,43,20,1,25.02594,121.50651,23
500113008,20231029,392,43,20,1,25.02594,121.50651,23
500113008,20231029,393,43,20,1,25.02594,121.50651,23
500113008,20231029,394,43,20,1,25.02594,121.50651,23
500113008,20231029,395,43,21,1,25.02594,121.50651,22
500113008,20231029,396,43,21,1,25.02594,121.50651,22
500113008,20231029,397,43,22,1,25.02594,121.50651,21
500113008,20231029,398,43,22,1,25.02594,121.50651,21
500113008,20231029,399,43,22,1,25.02594,121.50651,21
500113008,20231029,400,43,22,1,25.02594,121.50651,21
500113008,20231029,401,43,22,1,25.02594,121.50651,21
500113008,20231029,402,43,22,1,25.02594,121.50651,21
500113008,20231029,403,43,22,1,25.02594,121.50651,21
500113008,20231029,404,43,22,1,25.02594,121.50651,21
500113008,20231029,405,43,22,1,25.02594,121.50651,21
500113008,20231029,406,43,21,1,25.02594,121.50651,22
500113008,20231029,407,43,21,1,25.02594,121.50651,22
500113008,20231029,408,43,21,1,25.02594,121.50651,22
500113008,20231029,409,43,21,1,25.02594,121.50651,22
500113008,20231029,410,43,21,1,25.02594,121.50651,22
500113008,20231029,411,43,21,1,25.02594,121.50651,22
500113008,20231029,412,43,21,1,25.02594,121.50651,22
500113008,20231029,413,43,21,1,25.02594,121.50651,22
500113008,20231029,414,43,21,1,25.02594,121.50651,22
500113008,20231029,415,43,21,1,25.02594,121.50651,22
500113008,20231029,416,43,22,1,25.02594,121.50651,21
500113008,20231029,417,43,23,1,25.02594,121.50651,20
500113008,20231029,418,43,23,1,25.02594,121.50651,20
500113008,20231029,419,43,24,1,25.02594,121.50651,19
500113008,20231029,421,43,23,1,25.02594,121.50651,20
500113008,20231029,422,43,23,1,25.02594,121.50651,20
500113008,20231029,423,43,22,1,25.02594,121.50651,21
500113008,20231029,424,43,22,1,25.02594,121.50651,21
500113008,20231029,425,43,22,1,25.02594,121.50651,21
500113008,20231029,426,43,22,1,25.02594,121.50651,21
500113008,20231029,427,43,22,1,25.02594,121.50651,21
500113008,20231029,428,43,22,1,25.02594,121.50651,21
500113008,20231029,429,43,23,1,25.02594,121.50651,20
500113008,20231029,430,43,22,1,25.02594,121.50651,21
500113008,20231029,431,43,22,1,25.02594,121.50651,21
500113008,20231029,432,43,20,1,25.02594,121.50651,23
500113008,20231029,433,43,20,1,25.02594,121.50651,23
500113008,20231029,434,43,20,1,25.02594,121.50651,23
500113008,20231029,435,43,20,1,25.02594,121.50651,23
500113008,20231029,436,43,20,1,25.02594,121.50651,23
500113008,20231029,437,43,20,1,25.02594,121.50651,23
500113008,20231029,438,43,20,1,25.02594,121.50651,23
500113008,20231029,439,43,20,1,25.02594,121.50651,23
500113008,20231029,441,43,19,1,25.02594,121.50651,24
500113008,20231029,442,43,19,1,25.02594,121.50651,24
500113008,20231029,443,43,19,1,25.02594,121.50651,24
500113008,20231029,444,43,21,1,25.02594,121.50651,22
500113008,20231029,445,43,21,1,25.02594,121.50651,22
500113008,20231029,446,43,21,1,25.02594,121.50651,22
500113008,20231029,447,43,21,1,25.02594,121.50651,22
500113008,20231029,448,43,21,1,25.02594,121.50651,22
500113008,20231029,449,43,21,1,25.02594,121.50651,22
500113008,20231029,450,43,21,1,25.02594,121.50651,22
500113008,20231029,451,43,21,1,25.02594,121.50651,22
500113008,20231029,452,43,21,1,25.02594,121.50651,22
500113008,20231029,453,43,21,1,25.02594,121.50651,22
500113008,20231029,454,43,21,1,25.02594,121.50651,22
500113008,20231029,455,43,20,1,25.02594,121.50651,23
500113008,20231029,456,43,20,1,25.02594,121.50651,23
500113008,20231029,457,43,20,1,25.02594,121.50651,23
500113008,20231029,458,43,20,1,25.02594,121.50651,23
500113008,20231029,459,43,20,1,25.02594,121.50651,23
500113008,20231029,460,43,21,1,25.02594,121.50651,22
500113008,20231029,461,43,21,1,25.02594,121.50651,22
500113008,20231029,462,43,21,1,25.02594,121.50651,22
500113008,20231029,463,43,22,1,25.02594,121.50651,21
500113008,20231029,464,43,22,1,25.02594,121.50651,21
500113008,20231029,465,43,22,1,25.02594,121.50651,21
500113008,20231029,466,43,22,1,25.02594,121.50651,21
500113008,20231029,467,43,22,1,25.02594,121.50651,21
500113008,20231029,468,43,22,1,25.02594,121.50651,21
500113008,20231029,469,43,22,1,25.02594,121.50651,21
500113008,20231029,470,43,22,1,25.02594,121.50651,21
500113008,20231029,471,43,22,1,25.02594,121.50651,21
500113008,20231029,472,43,22,1,25.02594,121.50651,21
500113008,20231029,473,43,22,1,25.02594,121.50651,21
500113008,20231029,474,43,22,1,25.02594,121.50651,21
500113008,20231029,475,43,22,1,25.02594,121.50651,21
500113008,20231029,476,43,22,1,25.02594,121.50651,21
500113008,20231029,477,43,22,1,25.02594,121.50651,21
500113008,20231029,478,43,22,1,25.02594,121.50651,21
500113008,20231029,479,43,22,1,25.02594,121.50651,21
500113008,20231029,481,43,21,1,25.02594,121.50651,22
500113008,20231029,482,43,21,1,25.02594,121.50651,22
500113008,20231029,483,43,21,1,25.02594,121.50651,22
500113008,20231029,484,43,22,1,25.02594,121.50651,21
500113008,20231029,485,43,22,1,25.02594,121.50651,21
500113008,20231029,486,43,22,1,25.02594,121.50651,21
500113008,20231029,487,43,22,1,25.02594,121.50651,21
500113008,20231029,488,43,22,1,25.02594,121.50651,21
500113008,20231029,489,43,23,1,25.02594,121.50651,20
500113008,20231029,490,43,23,1,25.02594,121.50651,20
500113008,20231029,491,43,22,1,25.02594,121.50651,21
500113008,20231029,492,43,22,1,25.02594,121.50651,21
500113008,20231029,493,43,22,1,25.02594,121.50651,21
500113008,20231029,494,43,22,1,25.02594,121.50651,21
500113008,20231029,495,43,22,1,25.02594,121.50651,21
500113008,20231029,496,43,22,1,25.02594,121.50651,21
500113008,20231029,497,43,22,1,25.02594,121.50651,21
500113008,20231029,498,43,22,1,25.02594,121.50651,21
500113008,20231029,499,43,22,1,25.02594,121.50651,21
500113008,20231029,501,43,22,1,25.02594,121.50651,21
500113008,20231029,502,43,22,1,25.02594,121.50651,21
500113008,20231029,503,43,24,1,25.02594,121.50651,19
500113008,20231029,504,43,25,1,25.02594,121.50651,18
500113008,20231029,505,43,24,1,25.02594,121.50651,19
500113008,20231029,506,43,24,1,25.02594,121.50651,19
500113008,20231029,507,43,24,1,25.02594,121.50651,19
500113008,20231029,508,43,25,1,25.02594,121.50651,18
500113008,20231029,509,43,25,1,25.02594,121.50651,18
500113008,20231029,511,43,25,1,25.02594,121.50651,18
500113008,20231029,512,43,25,1,25.02594,121.50651,18
500113008,20231029,513,43,25,1,25.02594,121.50651,18
500113008,20231029,514,43,25,1,25.02594,121.50651,18
500113008,20231029,515,43,24,1,25.02594,121.50651,19
500113008,20231029,516,43,24,1,25.02594,121.50651,19
500113008,20231029,517,43,24,1,25.02594,121.50651,19
500113008,20231029,518,43,24,1,25.02594,121.50651,19
500113008,20231029,519,43,23,1,25.02594,121.50651,20
500113008,20231029,520,43,23,1,25.02594,121.50651,20
500113008,20231029,521,43,23,1,25.02594,121.50651,20
500113008,20231029,522,43,23,1,25.02594,121.50651,20
500113008,20231029,523,43,23,1,25.02594,121.50651,20
500113008,20231029,524,43,23,1,25.02594,121.50651,20
500113008,20231029,525,43,23,1,25.02594,121.50651,20
500113008,20231029,526,43,23,1,25.02594,121.50651,20
500113008,20231029,527,43,25,1,25.02594,121.50651,18
500113008,20231029,528,43,25,1,25.02594,121.50651,18
500113008,20231029,529,43,25,1,25.02594,121.50651,18
500113008,20231029,530,43,25,1,25.02594,121.50651,18
500113008,20231029,531,43,26,1,25.02594,121.50651,17
500113008,20231029,532,43,26,1,25.02594,121.50651,17
500113008,20231029,533,43,26,1,25.02594,121.50651,17
500113008,20231029,534,43,25,1,25.02594,121.50651,18
500113008,20231029,535,43,25,1,25.02594,121.50651,18
500113008,20231029,536,43,24,1,25.02594,121.50651,19
500113008,20231029,537,43,24,1,25.02594,121.50651,19
500113008,20231029,538,43,24,1,25.02594,121.50651,19
500113008,20231029,539,43,24,1,25.02594,121.50651,19
500113008,20231029,541,43,23,1,25.02594,121.50651,20
500113008,20231029,542,43,24,1,25.02594,121.50651,19
500113008,20231029,543,43,24,1,25.02594,121.50651,19
500113008,20231029,544,43,24,1,25.02594,121.50651,19
500113008,20231029,545,43,24,1,25.02594,121.50651,19
500113008,20231029,546,43,24,1,25.02594,121.50651,19
500113008,20231029,547,43,24,1,25.02594,121.50651,19
500113008,20231029,548,43,24,1,25.02594,121.50651,19
500113008,20231029,549,43,24,1,25.02594,121.50651,19
500113008,20231029,550,43,24,1,25.02594,121.50651,19
500113008,20231029,551,43,25,1,25.02594,121.50651,18
500113008,20231029,552,43,24,1,25.02594,121.50651,19
500113008,20231029,553,43,23,1,25.02594,121.50651,20
500113008,20231029,554,43,23,1,25.02594,121.50651,20
500113008,20231029,555,43,23,1,25.02594,121.50651,20
500113008,20231029,556,43,24,1,25.02594,121.50651,19
500113008,20231029,557,43,24,1,25.02594,121.50651,19
500113008,20231029,558,43,24,1,25.02594,121.50651,19
500113008,20231029,559,43,24,1,25.02594,121.50651,19
500113008,20231029,561,43,25,1,25.02594,121.50651,18
500113008,20231029,562,43,25,1,25.02594,121.50651,18
500113008,20231029,563,43,25,1,25.02594,121.50651,18
500113008,20231029,564,43,25,1,25.02594,121.50651,18
500113008,20231029,565,43,25,1,25.02594,121.50651,18
500113008,20231029,566,43,26,1,25.02594,121.50651,17
500113008,20231029,567,43,26,1,25.02594,121.50651,17
500113008,20231029,569,43,25,1,25.02594,121.50651,18
500113008,20231029,571,43,25,1,25.02594,121.50651,18
500113008,20231029,572,43,24,1,25.02594,121.50651,19
500113008,20231029,573,43,24,1,25.02594,121.50651,19
500113008,20231029,574,43,24,1,25.02594,121.50651,19
500113008,20231029,575,43,23,1,25.02594,121.50651,20
500113008,20231029,576,43,23,1,25.02594,121.50651,20
500113008,20231029,577,43,23,1,25.02594,121.50651,20
500113008,20231029,578,43,23,1,25.02594,121.50651,20
500113008,20231029,579,43,23,1,25.02594,121.50651,20
500113008,20231029,580,43,23,1,25.02594,121.50651,20
500113008,20231029,581,43,23,1,25.02594,121.50651,20
500113008,20231029,582,43,23,1,25.02594,121.50651,20
500113008,20231029,583,43,23,1,25.02594,121.50651,20
500113008,20231029,584,43,23,1,25.02594,121.50651,20
500113008,20231029,585,43,23,1,25.02594,121.50651,20
500113008,20231029,586,43,23,1,25.02594,121.50651,20
500113008,20231029,587,43,23,1,25.02594,121.50651,20
500113008,20231029,588,43,23,1,25.02594,121.50651,20
500113008,20231029,589,43,23,1,25.02594,121.50651,20
500113008,20231029,590,43,23,1,25.02594,121.50651,20
500113008,20231029,591,43,23,1,25.02594,121.50651,20
500113008,20231029,592,43,23,1,25.02594,121.50651,20
500113008,20231029,593,43,24,1,25.02594,121.50651,19
500113008,20231029,594,43,24,1,25.02594,121.50651,19
500113008,20231029,595,43,23,1,25.02594,121.50651,20
500113008,20231029,596,43,24,1,25.02594,121.50651,19
500113008,20231029,597,43,24,1,25.02594,121.50651,19
500113008,20231029,598,43,24,1,25.02594,121.50651,19
500113008,20231029,599,43,24,1,25.02594,121.50651,19
500113008,20231029,602,43,23,1,25.02594,121.50651,20
500113008,20231029,603,43,23,1,25.02594,121.50651,20
500113008,20231029,604,43,23,1,25.02594,121.50651,20
500113008,20231029,605,43,23,1,25.02594,121.50651,20
500113008,20231029,606,43,24,1,25.02594,121.50651,19
500113008,20231029,607,43,24,1,25.02594,121.50651,19
500113008,20231029,608,43,24,1,25.02594,121.50651,19
500113008,20231029,609,43,24,1,25.02594,121.50651,19
500113008,20231029,610,43,24,1,25.02594,121.50651,19
500113008,20231029,611,43,23,1,25.02594,121.50651,20
500113008,20231029,612,43,24,1,25.02594,121.50651,19
500113008,20231029,613,43,22,1,25.02594,121.50651,21
500113008,20231029,614,43,22,1,25.02594,121.50651,21
500113008,20231029,615,43,21,1,25.02594,121.50651,22
500113008,20231029,616,43,21,1,25.02594,121.50651,22
500113008,20231029,617,43,21,1,25.02594,121.50651,22
500113008,20231029,618,43,21,1,25.02594,121.50651,22
500113008,20231029,619,43,21,1,25.02594,121.50651,22
500113008,20231029,621,43,21,1,25.02594,121.50651,22
500113008,20231029,622,43,21,1,25.02594,121.50651,22
500113008,20231029,623,43,21,1,25.02594,121.50651,22
500113008,20231029,624,43,19,1,25.02594,121.50651,24
500113008,20231029,625,43,18,1,25.02594,121.50651,25
500113008,20231029,626,43,18,1,25.02594,121.50651,25
500113008,20231029,627,43,17,1,25.02594,121.50651,26
500113008,20231029,628,43,17,1,25.02594,121.50651,26
500113008,20231029,629,43,17,1,25.02594,121.50651,26
500113008,20231029,631,43,17,1,25.02594,121.50651,26
500113008,20231029,632,43,17,1,25.02594,121.50651,26
500113008,20231029,633,43,18,1,25.02594,121.50651,25
500113008,20231029,634,43,18,1,25.02594,121.50651,25
500113008,20231029,635,43,18,1,25.02594,121.50651,25
500113008,20231029,636,43,18,1,25.02594,121.50651,25
500113008,20231029,637,43,18,1,25.02594,121.50651,25
500113008,20231029,638,43,18,1,25.02594,121.50651,25
500113008,20231029,639,43,18,1,25.02594,121.50651,25
500113008,20231029,640,43,17,1,25.02594,121.50651,26
500113008,20231029,641,43,17,1,25.02594,121.50651,26
500113008,20231029,642,43,17,1,25.02594,121.50651,26
500113008,20231029,643,43,17,1,25.02594,121.50651,26
500113008,20231029,644,43,17,1,25.02594,121.50651,26
500113008,20231029,645,43,17,1,25.02594,121.50651,26
500113008,20231029,646,43,17,1,25.02594,121.50651,26
500113008,20231029,647,43,17,1,25.02594,121.50651,26
500113008,20231029,648,43,17,1,25.02594,121.50651,26
500113008,20231029,649,43,17,1,25.02594,121.50651,26
500113008,20231029,650,43,18,1,25.02594,121.50651,25
500113008,20231029,651,43,18,1,25.02594,121.50651,25
500113008,20231029,652,43,18,1,25.02594,121.50651,25
500113008,20231029,653,43,18,1,25.02594,121.50651,25
500113008,20231029,654,43,18,1,25.02594,121.50651,25
500113008,20231029,655,43,18,1,25.02594,121.50651,25
500113008,20231029,656,43,20,1,25.02594,121.50651,23
500113008,20231029,657,43,20,1,25.02594,121.50651,23
500113008,20231029,658,43,20,1,25.02594,121.50651,23
500113008,20231029,659,43,20,1,25.02594,121.50651,23
500113008,20231029,661,43,20,1,25.02594,121.50651,23
500113008,20231029,662,43,21,1,25.02594,121.50651,22
500113008,20231029,663,43,22,1,25.02594,121.50651,21
500113008,20231029,664,43,23,1,25.02594,121.50651,20
500113008,20231029,665,43,23,1,25.02594,121.50651,20
500113008,20231029,666,43,23,1,25.02594,121.50651,20
500113008,20231029,667,43,23,1,25.02594,121.50651,20
500113008,20231029,668,43,23,1,25.02594,121.50651,20
500113008,20231029,669,43,23,1,25.02594,121.50651,20
500113008,20231029,670,43,23,1,25.02594,121.50651,20
500113008,20231029,671,43,23,1,25.02594,121.50651,20
500113008,20231029,672,43,23,1,25.02594,121.50651,20
500113008,20231029,673,43,23,1,25.02594,121.50651,20
500113008,20231029,674,43,23,1,25.02594,121.50651,20
500113008,20231029,675,43,23,1,25.02594,121.50651,20
500113008,20231029,676,43,23,1,25.02594,121.50651,20
500113008,20231029,677,43,23,1,25.02594,121.50651,20
500113008,20231029,678,43,23,1,25.02594,121.50651,20
500113008,20231029,679,43,23,1,25.02594,121.50651,20
500113008,20231029,681,43,23,1,25.02594,121.50651,20
500113008,20231029,682,43,23,1,25.02594,121.50651,20
500113008,20231029,683,43,23,1,25.02594,121.50651,20
500113008,20231029,684,43,25,1,25.02594,121.50651,18
500113008,20231029,685,43,25,1,25.02594,121.50651,18
500113008,20231029,686,43,25,1,25.02594,121.50651,18
500113008,20231029,687,43,25,1,25.02594,121.50651,18
500113008,20231029,688,43,25,1,25.02594,121.50651,18
500113008,20231029,689,43,25,1,25.02594,121.50651,18
500113008,20231029,691,43,25,1,25.02594,121.50651,18
500113008,20231029,692,43,25,1,25.02594,121.50651,18
500113008,20231029,693,43,25,1,25.02594,121.50651,18
500113008,20231029,694,43,25,1,25.02594,121.50651,18
500113008,20231029,695,43,25,1,25.02594,121.50651,18
500113008,20231029,696,43,25,1,25.02594,121.50651,18
500113008,20231029,697,43,25,1,25.02594,121.50651,18
500113008,20231029,698,43,24,1,25.02594,121.50651,19
500113008,20231029,699,43,24,1,25.02594,121.50651,19
500113008,20231029,700,43,24,1,25.02594,121.50651,19
500113008,20231029,701,43,24,1,25.02594,121.50651,19
500113008,20231029,702,43,24,1,25.02594,121.50651,19
500113008,20231029,703,43,24,1,25.02594,121.50651,19
500113008,20231029,704,43,24,1,25.02594,121.50651,19
500113008,20231029,705,43,24,1,25.02594,121.50651,19
500113008,20231029,706,43,24,1,25.02594,121.50651,19
500113008,20231029,707,43,24,1,25.02594,121.50651,19
500113008,20231029,708,43,24,1,25.02594,121.50651,19
500113008,20231029,709,43,25,1,25.02594,121.50651,18
500113008,20231029,710,43,25,1,25.02594,121.50651,18
500113008,20231029,711,43,25,1,25.02594,121.50651,18
500113008,20231029,712,43,25,1,25.02594,121.50651,18
500113008,20231029,713,43,25,1,25.02594,121.50651,18
500113008,20231029,714,43,25,1,25.02594,121.50651,18
500113008,20231029,715,43,25,1,25.02594,121.50651,18
500113008,20231029,716,43,25,1,25.02594,121.50651,18
500113008,20231029,717,43,25,1,25.02594,121.50651,18
500113008,20231029,718,43,25,1,25.02594,121.50651,18
500113008,20231029,719,43,26,1,25.02594,121.50651,17
500113008,20231029,721,43,26,1,25.02594,121.50651,17
500113008,20231029,722,43,26,1,25.02594,121.50651,17
500113008,20231029,723,43,26,1,25.02594,121.50651,17
500113008,20231029,724,43,26,1,25.02594,121.50651,17
500113008,20231029,725,43,26,1,25.02594,121.50651,17
500113008,20231029,726,43,26,1,25.02594,121.50651,17
500113008,20231029,727,43,26,1,25.02594,121.50651,17
500113008,20231029,728,43,26,1,25.02594,121.50651,17
500113008,20231029,729,43,26,1,25.02594,121.50651,17
500113008,20231029,730,43,25,1,25.02594,121.50651,18
500113008,20231029,731,43,25,1,25.02594,121.50651,18
500113008,20231029,732,43,25,1,25.02594,121.50651,18
500113008,20231029,733,43,25,1,25.02594,121.50651,18
500113008,20231029,734,43,25,1,25.02594,121.50651,18
500113008,20231029,735,43,25,1,25.02594,121.50651,18
500113008,20231029,736,43,25,1,25.02594,121.50651,18
500113008,20231029,737,43,25,1,25.02594,121.50651,18
500113008,20231029,738,43,25,1,25.02594,121.50651,18
500113008,20231029,739,43,25,1,25.02594,121.50651,18
500113008,20231029,741,43,25,1,25.02594,121.50651,18
500113008,20231029,742,43,25,1,25.02594,121.50651,18
500113008,20231029,743,43,25,1,25.02594,121.50651,18
500113008,20231029,744,43,25,1,25.02594,121.50651,18
500113008,20231029,745,43,25,1,25.02594,121.50651,18
500113008,20231029,746,43,25,1,25.02594,121.50651,18
500113008,20231029,747,43,25,1,25.02594,121.50651,18
500113008,20231029,748,43,25,1,25.02594,121.50651,18
500113008,20231029,749,43,25,1,25.02594,121.50651,18
500113008,20231029,751,43,25,1,25.02594,121.50651,18
500113008,20231029,752,43,25,1,25.02594,121.50651,18
500113008,20231029,753,43,24,1,25.02594,121.50651,19
500113008,20231029,754,43,24,1,25.02594,121.50651,19
500113008,20231029,755,43,24,1,25.02594,121.50651,19
500113008,20231029,756,43,24,1,25.02594,121.50651,19
500113008,20231029,757,43,24,1,25.02594,121.50651,19
500113008,20231029,758,43,24,1,25.02594,121.50651,19
500113008,20231029,759,43,24,1,25.02594,121.50651,19
500113008,20231029,760,43,25,1,25.02594,121.50651,18
500113008,20231029,761,43,25,1,25.02594,121.50651,18
500113008,20231029,762,43,26,1,25.02594,121.50651,17
500113008,20231029,763,43,26,1,25.02594,121.50651,17
500113008,20231029,764,43,26,1,25.02594,121.50651,17
500113008,20231029,765,43,25,1,25.02594,121.50651,18
500113008,20231029,766,43,24,1,25.02594,121.50651,19
500113008,20231029,767,43,24,1,25.02594,121.50651,19
500113008,20231029,768,43,24,1,25.02594,121.50651,19
500113008,20231029,769,43,24,1,25.02594,121.50651,19
500113008,20231029,770,43,24,1,25.02594,121.50651,19
500113008,20231029,771,43,24,1,25.02594,121.50651,19
500113008,20231029,772,43,24,1,25.02594,121.50651,19
500113008,20231029,773,43,24,1,25.02594,121.50651,19
500113008,20231029,774,43,24,1,25.02594,121.50651,19
500113008,20231029,775,43,24,1,25.02594,121.50651,19
500113008,20231029,776,43,24,1,25.02594,121.50651,19
500113008,20231029,777,43,25,1,25.02594,121.50651,18
500113008,20231029,778,43,26,1,25.02594,121.50651,17
500113008,20231029,779,43,26,1,25.02594,121.50651,17
500113008,20231029,781,43,26,1,25.02594,121.50651,17
500113008,20231029,782,43,26,1,25.02594,121.50651,17
500113008,20231029,783,43,26,1,25.02594,121.50651,17
500113008,20231029,784,43,26,1,25.02594,121.50651,17
500113008,20231029,785,43,26,1,25.02594,121.50651,17
500113008,20231029,786,43,26,1,25.02594,121.50651,17
500113008,20231029,787,43,26,1,25.02594,121.50651,17
500113008,20231029,788,43,27,1,25.02594,121.50651,16
500113008,20231029,789,43,27,1,25.02594,121.50651,16
500113008,20231029,790,43,26,1,25.02594,121.50651,17
500113008,20231029,791,43,26,1,25.02594,121.50651,17
500113008,20231029,792,43,26,1,25.02594,121.50651,17
500113008,20231029,793,43,26,1,25.02594,121.50651,17
500113008,20231029,794,43,26,1,25.02594,121.50651,17
500113008,20231029,795,43,26,1,25.02594,121.50651,17
500113008,20231029,796,43,26,1,25.02594,121.50651,17
500113008,20231029,797,43,26,1,25.02594,121.50651,17
500113008,20231029,798,43,27,1,25.02594,121.50651,16
500113008,20231029,799,43,27,1,25.02594,121.50651,16
500113008,20231029,801,43,27,1,25.02594,121.50651,16
500113008,20231029,802,43,28,1,25.02594,121.50651,15
500113008,20231029,803,43,28,1,25.02594,121.50651,15
500113008,20231029,804,43,28,1,25.02594,121.50651,15
500113008,20231029,805,43,28,1,25.02594,121.50651,15
500113008,20231029,806,43,28,1,25.02594,121.50651,15
500113008,20231029,807,43,28,1,25.02594,121.50651,15
500113008,20231029,808,43,28,1,25.02594,121.50651,15
500113008,20231029,809,43,28,1,25.02594,121.50651,15
500113008,20231029,811,43,28,1,25.02594,121.50651,15
500113008,20231029,812,43,28,1,25.02594,121.50651,15
500113008,20231029,813,43,28,1,25.02594,121.50651,15
500113008,20231029,814,43,28,1,25.02594,121.50651,15
500113008,20231029,815,43,28,1,25.02594,121.50651,15
500113008,20231029,816,43,28,1,25.02594,121.50651,15
500113008,20231029,817,43,28,1,25.02594,121.50651,15
500113008,20231029,818,43,28,1,25.02594,121.50651,15
500113008,20231029,819,43,28,1,25.02594,121.50651,15
500113008,20231029,820,43,28,1,25.02594,121.50651,15
500113008,20231029,821,43,28,1,25.02594,121.50651,15
500113008,20231029,822,43,28,1,25.02594,121.50651,15
500113008,20231029,823,43,28,1,25.02594,121.50651,15
500113008,20231029,824,43,28,1,25.02594,121.50651,15
500113008,20231029,825,43,28,1,25.02594,121.50651,15
500113008,20231029,826,43,28,1,25.02594,121.50651,15
500113008,20231029,827,43,29,1,25.02594,121.50651,14
500113008,20231029,828,43,29,1,25.02594,121.50651,14
500113008,20231029,829,43,29,1,25.02594,121.50651,14
500113008,20231029,830,43,29,1,25.02594,121.50651,14
500113008,20231029,831,43,29,1,25.02594,121.50651,14
500113008,20231029,832,43,29,1,25.02594,121.50651,14
500113008,20231029,833,43,29,1,25.02594,121.50651,14
500113008,20231029,834,43,29,1,25.02594,121.50651,14
500113008,20231029,835,43,29,1,25.02594,121.50651,14
500113008,20231029,836,43,30,1,25.02594,121.50651,13
500113008,20231029,837,43,30,1,25.02594,121.50651,13
500113008,20231029,838,43,30,1,25.02594,121.50651,13
500113008,20231029,839,43,30,1,25.02594,121.50651,13
500113008,20231029,841,43,32,1,25.02594,121.50651,11
500113008,20231029,842,43,32,1,25.02594,121.50651,11
500113008,20231029,843,43,32,1,25.02594,121.50651,11
500113008,20231029,844,43,32,1,25.02594,121.50651,11
500113008,20231029,845,43,33,1,25.02594,121.50651,10
500113008,20231029,846,43,33,1,25.02594,121.50651,10
500113008,20231029,847,43,33,1,25.02594,121.50651,10
500113008,20231029,848,43,35,1,25.02594,121.50651,8
500113008,20231029,849,43,35,1,25.02594,121.50651,8
500113008,20231029,850,43,35,1,25.02594,121.50651,8
500113008,20231029,851,43,35,1,25.02594,121.50651,8
500113008,20231029,852,43,35,1,25.02594,121.50651,8
500113008,20231029,853,43,35,1,25.02594,121.50651,8
500113008,20231029,854,43,35,1,25.02594,121.50651,8
500113008,20231029,855,43,35,1,25.02594,121.50651,8
500113008,20231029,856,43,35,1,25.02594,121.50651,8
500113008,20231029,857,43,37,1,25.02594,121.50651,6
500113008,20231029,858,43,37,1,25.02594,121.50651,6
500113008,20231029,859,43,37,1,25.02594,121.50651,6
500113008,20231029,861,43,37,1,25.02594,121.50651,6
500113008,20231029,862,43,37,1,25.02594,121.50651,6
500113008,20231029,863,43,37,1,25.02594,121.50651,6
500113008,20231029,864,43,37,1,25.02594,121.50651,6
500113008,20231029,865,43,37,1,25.02594,121.50651,6
500113008,20231029,866,43,37,1,25.02594,121.50651,6
500113008,20231029,867,43,38,1,25.02594,121.50651,5
500113008,20231029,868,43,39,1,25.02594,121.50651,4
500113008,20231029,869,43,39,1,25.02594,121.50651,4
500113008,20231029,871,43,39,1,25.02594,121.50651,4
500113008,20231029,872,43,39,1,25.02594,121.50651,4
500113008,20231029,873,43,39,1,25.02594,121.50651,4
500113008,20231029,874,43,39,1,25.02594,121.50651,4
500113008,20231029,875,43,38,1,25.02594,121.50651,5
500113008,20231029,876,43,38,1,25.02594,121.50651,5
500113008,20231029,877,43,39,1,25.02594,121.50651,4
500113008,20231029,878,43,39,1,25.02594,121.50651,4
500113008,20231029,879,43,39,1,25.02594,121.50651,4
500113008,20231029,880,43,40,1,25.02594,121.50651,3
500113008,20231029,881,43,41,1,25.02594,121.50651,2
500113008,20231029,882,43,42,1,25.02594,121.50651,1
500113008,20231029,883,43,42,1,25.02594,121.50651,1
500113008,20231029,884,43,42,1,25.02594,121.50651,1
500113008,20231029,885,43,42,1,25.02594,121.50651,1
500113008,20231029,886,43,41,1,25.02594,121.50651,2
500113008,20231029,887,43,41,1,25.02594,121.50651,2
500113008,20231029,888,43,41,1,25.02594,121.50651,2
500113008,20231029,889,43,41,1,25.02594,121.50651,2
500113008,20231029,890,43,42,1,25.02594,121.50651,1
500113008,20231029,891,43,42,1,25.02594,121.50651,1
500113008,20231029,892,43,42,1,25.02594,121.50651,1
500113008,20231029,893,43,42,1,25.02594,121.50651,1
500113008,20231029,894,43,42,1,25.02594,121.50651,1
500113008,20231029,895,43,42,1,25.02594,121.50651,1
500113008,20231029,896,43,40,1,25.02594,121.50651,3
500113008,20231029,897,43,42,1,25.02594,121.50651,1
500113008,20231029,898,43,43,1,25.02594,121.50651,0
500113008,20231029,899,43,43,1,25.02594,121.50651,0
500113008,20231029,901,43,42,1,25.02594,121.50651,1
500113008,20231029,902,43,40,1,25.02594,121.50651,3
500113008,20231029,903,43,40,1,25.02594,121.50651,3
500113008,20231029,904,43,40,1,25.02594,121.50651,3
500113008,20231029,905,43,38,1,25.02594,121.50651,5
500113008,20231029,906,43,38,1,25.02594,121.50651,5
500113008,20231029,907,43,38,1,25.02594,121.50651,5
500113008,20231029,908,43,38,1,25.02594,121.50651,5
500113008,20231029,909,43,38,1,25.02594,121.50651,5
500113008,20231029,910,43,38,1,25.02594,121.50651,5
500113008,20231029,911,43,38,1,25.02594,121.50651,5
500113008,20231029,912,43,38,1,25.02594,121.50651,5
500113008,20231029,913,43,38,1,25.02594,121.50651,5
500113008,20231029,914,43,38,1,25.02594,121.50651,5
500113008,20231029,915,43,38,1,25.02594,121.50651,5
500113008,20231029,916,43,38,1,25.02594,121.50651,5
500113008,20231029,917,43,38,1,25.02594,121.50651,5
500113008,20231029,918,43,38,1,25.02594,121.50651,5
500113008,20231029,919,43,38,1,25.02594,121.50651,5
500113008,20231029,921,43,38,1,25.02594,121.50651,5
500113008,20231029,922,43,38,1,25.02594,121.50651,5
500113008,20231029,923,43,38,1,25.02594,121.50651,5
500113008,20231029,924,43,41,1,25.02594,121.50651,2
500113008,20231029,925,43,42,1,25.02594,121.50651,1
500113008,20231029,926,43,42,1,25.02594,121.50651,1
500113008,20231029,927,43,42,1,25.02594,121.50651,1
500113008,20231029,928,43,41,1,25.02594,121.50651,2
500113008,20231029,929,43,41,1,25.02594,121.50651,2
500113008,20231029,931,43,41,1,25.02594,121.50651,2
500113008,20231029,932,43,41,1,25.02594,121.50651,2
500113008,20231029,933,43,41,1,25.02594,121.50651,2
500113008,20231029,934,43,41,1,25.02594,121.50651,2
500113008,20231029,935,43,41,1,25.02594,121.50651,2
500113008,20231029,936,43,41,1,25.02594,121.50651,2
500113008,20231029,937,43,41,1,25.02594,121.50651,2
500113008,20231029,938,43,40,1,25.02594,121.50651,3
500113008,20231029,939,43,39,1,25.02594,121.50651,4
500113008,20231029,941,43,38,1,25.02594,121.50651,5
500113008,20231029,942,43,39,1,25.02594,121.50651,4
500113008,20231029,943,43,39,1,25.02594,121.50651,4
500113008,20231029,944,43,39,1,25.02594,121.50651,4
500113008,20231029,945,43,39,1,25.02594,121.50651,4
500113008,20231029,946,43,38,1,25.02594,121.50651,5
500113008,20231029,947,43,38,1,25.02594,121.50651,5
500113008,20231029,948,43,38,1,25.02594,121.50651,5
500113008,20231029,949,43,38,1,25.02594,121.50651,5
500113008,20231029,951,43,38,1,25.02594,121.50651,5
500113008,20231029,952,43,36,1,25.02594,121.50651,7
500113008,20231029,953,43,36,1,25.02594,121.50651,7
500113008,20231029,954,43,36,1,25.02594,121.50651,7
500113008,20231029,955,43,36,1,25.02594,121.50651,7
500113008,20231029,956,43,36,1,25.02594,121.50651,7
500113008,20231029,957,43,36,1,25.02594,121.50651,7
500113008,20231029,958,43,36,1,25.02594,121.50651,7
500113008,20231029,959,43,36,1,25.02594,121.50651,7
500113008,20231029,961,43,35,1,25.02594,121.50651,8
500113008,20231029,962,43,35,1,25.02594,121.50651,8
500113008,20231029,963,43,35,1,25.02594,121.50651,8
500113008,20231029,964,43,35,1,25.02594,121.50651,8
500113008,20231029,965,43,35,1,25.02594,121.50651,8
500113008,20231029,966,43,35,1,25.02594,121.50651,8
500113008,20231029,967,43,35,1,25.02594,121.50651,8
500113008,20231029,968,43,35,1,25.02594,121.50651,8
500113008,20231029,969,43,35,1,25.02594,121.50651,8
500113008,20231029,970,43,35,1,25.02594,121.50651,8
500113008,20231029,971,43,36,1,25.02594,121.50651,7
500113008,20231029,972,43,36,1,25.02594,121.50651,7
500113008,20231029,973,43,35,1,25.02594,121.50651,8
500113008,20231029,974,43,35,1,25.02594,121.50651,8
500113008,20231029,975,43,35,1,25.02594,121.50651,8
500113008,20231029,976,43,35,1,25.02594,121.50651,8
500113008,20231029,977,43,35,1,25.02594,121.50651,8
500113008,20231029,978,43,35,1,25.02594,121.50651,8
500113008,20231029,979,43,35,1,25.02594,121.50651,8
500113008,20231029,981,43,33,1,25.02594,121.50651,10
500113008,20231029,982,43,33,1,25.02594,121.50651,10
500113008,20231029,983,43,33,1,25.02594,121.50651,10
500113008,20231029,984,43,33,1,25.02594,121.50651,10
500113008,20231029,985,43,33,1,25.02594,121.50651,10
500113008,20231029,986,43,34,1,25.02594,121.50651,9
500113008,20231029,987,43,32,1,25.02594,121.50651,11
500113008,20231029,988,43,31,1,25.02594,121.50651,12
500113008,20231029,989,43,31,1,25.02594,121.50651,12
500113008,20231029,991,43,30,1,25.02594,121.50651,13
500113008,20231029,992,43,29,1,25.02594,121.50651,14
500113008,20231029,993,43,29,1,25.02594,121.50651,14
500113008,20231029,994,43,30,1,25.02594,121.50651,13
500113008,20231029,995,43,30,1,25.02594,121.50651,13
500113008,20231029,996,43,30,1,25.02594,121.50651,13
500113008,20231029,997,43,29,1,25.02594,121.50651,14
500113008,20231029,998,43,29,1,25.02594,121.50651,14
500113008,20231029,999,43,27,1,25.02594,121.50651,16
500113008,20231029,1000,43,27,1,25.02594,121.50651,16
500113008,20231029,1001,43,27,1,25.02594,121.50651,16
500113008,20231029,1002,43,27,1,25.02594,121.50651,16
500113008,20231029,1003,43,27,1,25.02594,121.50651,16
500113008,20231029,1004,43,29,1,25.02594,121.50651,14
500113008,20231029,1005,43,29,1,25.02594,121.50651,14
500113008,20231029,1006,43,30,1,25.02594,121.50651,13
500113008,20231029,1007,43,32,1,25.02594,121.50651,11
500113008,20231029,1008,43,32,1,25.02594,121.50651,11
500113008,20231029,1009,43,32,1,25.02594,121.50651,11
500113008,20231029,1010,43,31,1,25.02594,121.50651,12
500113008,20231029,1011,43,31,1,25.02594,121.50651,12
500113008,20231029,1012,43,31,1,25.02594,121.50651,12
500113008,20231029,1013,43,31,1,25.02594,121.50651,12
500113008,20231029,1014,43,32,1,25.02594,121.50651,11
500113008,20231029,1015,43,32,1,25.02594,121.50651,11
500113008,20231029,1016,43,29,1,25.02594,121.50651,14
500113008,20231029,1017,43,29,1,25.02594,121.50651,14
500113008,20231029,1018,43,29,1,25.02594,121.50651,14
500113008,20231029,1019,43,29,1,25.02594,121.50651,14
500113008,20231029,1021,43,29,1,25.02594,121.50651,14
500113008,20231029,1022,43,29,1,25.02594,121.50651,14
500113008,20231029,1023,43,29,1,25.02594,121.50651,14
500113008,20231029,1024,43,29,1,25.02594,121.50651,14
500113008,20231029,1025,43,29,1,25.02594,121.50651,14
500113008,20231029,1026,43,29,1,25.02594,121.50651,14
500113008,20231029,1027,43,29,1,25.02594,121.50651,14
500113008,20231029,1028,43,29,1,25.02594,121.50651,14
500113008,20231029,1029,43,29,1,25.02594,121.50651,14
500113008,20231029,1030,43,30,1,25.02594,121.50651,13
500113008,20231029,1031,43,30,1,25.02594,121.50651,13
500113008,20231029,1032,43,30,1,25.02594,121.50651,13
500113008,20231029,1033,43,32,1,25.02594,121.50651,11
500113008,20231029,1034,43,32,1,25.02594,121.50651,11
500113008,20231029,1035,43,28,1,25.02594,121.50651,15
500113008,20231029,1036,43,29,1,25.02594,121.50651,14
500113008,20231029,1037,43,28,1,25.02594,121.50651,15
500113008,20231029,1038,43,28,1,25.02594,121.50651,15
500113008,20231029,1039,43,27,1,25.02594,121.50651,16
500113008,20231029,1041,43,28,1,25.02594,121.50651,15
500113008,20231029,1042,43,28,1,25.02594,121.50651,15
500113008,20231029,1043,43,28,1,25.02594,121.50651,15
500113008,20231029,1044,43,29,1,25.02594,121.50651,14
500113008,20231029,1045,43,29,1,25.02594,121.50651,14
500113008,20231029,1046,43,29,1,25.02594,121.50651,14
500113008,20231029,1047,43,29,1,25.02594,121.50651,14
500113008,20231029,1048,43,27,1,25.02594,121.50651,16
500113008,20231029,1049,43,26,1,25.02594,121.50651,17
500113008,20231029,1051,43,25,1,25.02594,121.50651,18
500113008,20231029,1052,43,26,1,25.02594,121.50651,17
500113008,20231029,1053,43,26,1,25.02594,121.50651,17
500113008,20231029,1054,43,25,1,25.02594,121.50651,18
500113008,20231029,1055,43,25,1,25.02594,121.50651,18
500113008,20231029,1056,43,26,1,25.02594,121.50651,17
500113008,20231029,1057,43,26,1,25.02594,121.50651,17
500113008,20231029,1058,43,26,1,25.02594,121.50651,17
500113008,20231029,1059,43,26,1,25.02594,121.50651,17
500113008,20231029,1060,43,26,1,25.02594,121.50651,17
500113008,20231029,1061,43,25,1,25.02594,121.50651,18
500113008,20231029,1062,43,23,1,25.02594,121.50651,20
500113008,20231029,1063,43,23,1,25.02594,121.50651,20
500113008,20231029,1064,43,23,1,25.02594,121.50651,20
500113008,20231029,1065,43,23,1,25.02594,121.50651,20
500113008,20231029,1066,43,23,1,25.02594,121.50651,20
500113008,20231029,1067,43,23,1,25.02594,121.50651,20
500113008,20231029,1068,43,24,1,25.02594,121.50651,19
500113008,20231029,1069,43,24,1,25.02594,121.50651,19
500113008,20231029,1070,43,24,1,25.02594,121.50651,19
500113008,20231029,1071,43,24,1,25.02594,121.50651,19
500113008,20231029,1072,43,23,1,25.02594,121.50651,20
500113008,20231029,1073,43,23,1,25.02594,121.50651,20
500113008,20231029,1074,43,24,1,25.02594,121.50651,19
500113008,20231029,1075,43,24,1,25.02594,121.50651,19
500113008,20231029,1076,43,24,1,25.02594,121.50651,19
500113008,20231029,1077,43,24,1,25.02594,121.50651,19
500113008,20231029,1078,43,24,1,25.02594,121.50651,19
500113008,20231029,1079,43,25,1,25.02594,121.50651,18
500113008,20231029,1081,43,22,1,25.02594,121.50651,21
500113008,20231029,1082,43,23,1,25.02594,121.50651,20
500113008,20231029,1083,43,22,1,25.02594,121.50651,21
500113008,20231029,1084,43,22,1,25.02594,121.50651,21
500113008,20231029,1085,43,22,1,25.02594,121.50651,21
500113008,20231029,1086,43,22,1,25.02594,121.50651,21
500113008,20231029,1087,43,22,1,25.02594,121.50651,21
500113008,20231029,1088,43,22,1,25.02594,121.50651,21
500113008,20231029,1089,43,22,1,25.02594,121.50651,21
500113008,20231029,1090,43,21,1,25.02594,121.50651,22
500113008,20231029,1091,43,21,1,25.02594,121.50651,22
500113008,20231029,1092,43,21,1,25.02594,121.50651,22
500113008,20231029,1093,43,21,1,25.02594,121.50651,22
500113008,20231029,1094,43,21,1,25.02594,121.50651,22
500113008,20231029,1095,43,21,1,25.02594,121.50651,22
500113008,20231029,1096,43,21,1,25.02594,121.50651,22
500113008,20231029,1097,43,21,1,25.02594,121.50651,22
500113008,20231029,1098,43,21,1,25.02594,121.50651,22
500113008,20231029,1099,43,21,1,25.02594,121.50651,22
500113008,20231029,1101,43,21,1,25.02594,121.50651,22
500113008,20231029,1102,43,20,1,25.02594,121.50651,23
500113008,20231029,1103,43,20,1,25.02594,121.50651,23
500113008,20231029,1104,43,21,1,25.02594,121.50651,22
500113008,20231029,1105,43,21,1,25.02594,121.50651,22
500113008,20231029,1106,43,21,1,25.02594,121.50651,22
500113008,20231029,1107,43,21,1,25.02594,121.50651,22
500113008,20231029,1108,43,21,1,25.02594,121.50651,22
500113008,20231029,1109,43,21,1,25.02594,121.50651,22
500113008,20231029,1111,43,21,1,25.02594,121.50651,22
500113008,20231029,1112,43,21,1,25.02594,121.50651,22
500113008,20231029,1113,43,21,1,25.02594,121.50651,22
500113008,20231029,1114,43,21,1,25.02594,121.50651,22
500113008,20231029,1115,43,21,1,25.02594,121.50651,22
500113008,20231029,1116,43,21,1,25.02594,121.50651,22
500113008,20231029,1117,43,21,1,25.02594,121.50651,22
500113008,20231029,1118,43,21,1,25.02594,121.50651,22
500113008,20231029,1119,43,21,1,25.02594,121.50651,22
500113008,20231029,1120,43,21,1,25.02594,121.50651,22
500113008,20231029,1121,43,21,1,25.02594,121.50651,22
500113008,20231029,1122,43,21,1,25.02594,121.50651,22
500113008,20231029,1123,43,22,1,25.02594,121.50651,21
500113008,20231029,1124,43,22,1,25.02594,121.50651,21
500113008,20231029,1125,43,22,1,25.02594,121.50651,21
500113008,20231029,1126,43,22,1,25.02594,121.50651,21
500113008,20231029,1127,43,22,1,25.02594,121.50651,21
500113008,20231029,1128,43,22,1,25.02594,121.50651,21
500113008,20231029,1129,43,22,1,25.02594,121.50651,21
500113008,20231029,1130,43,21,1,25.02594,121.50651,22
500113008,20231029,1131,43,21,1,25.02594,121.50651,22
500113008,20231029,1132,43,19,1,25.02594,121.50651,24
500113008,20231029,1133,43,19,1,25.02594,121.50651,24
500113008,20231029,1134,43,18,1,25.02594,121.50651,25
500113008,20231029,1135,43,18,1,25.02594,121.50651,25
500113008,20231029,1137,43,17,1,25.02594,121.50651,26
500113008,20231029,1138,43,17,1,25.02594,121.50651,26
500113008,20231029,1139,43,16,1,25.02594,121.50651,27
500113008,20231029,1141,43,16,1,25.02594,121.50651,27
500113008,20231029,1142,43,16,1,25.02594,121.50651,27
500113008,20231029,1143,43,16,1,25.02594,121.50651,27
500113008,20231029,1144,43,17,1,25.02594,121.50651,26
500113008,20231029,1145,43,17,1,25.02594,121.50651,26
500113008,20231029,1146,43,17,1,25.02594,121.50651,26
500113008,20231029,1147,43,17,1,25.02594,121.50651,26
500113008,20231029,1148,43,19,1,25.02594,121.50651,24
500113008,20231029,1149,43,21,1,25.02594,121.50651,22
500113008,20231029,1151,43,26,1,25.02594,121.50651,17
500113008,20231029,1152,43,26,1,25.02594,121.50651,17
500113008,20231029,1153,43,26,1,25.02594,121.50651,17
500113008,20231029,1154,43,26,1,25.02594,121.50651,17
500113008,20231029,1155,43,26,1,25.02594,121.50651,17
500113008,20231029,1156,43,27,1,25.02594,121.50651,16
500113008,20231029,1157,43,26,1,25.02594,121.50651,17
500113008,20231029,1158,43,26,1,25.02594,121.50651,17
500113008,20231029,1159,43,26,1,25.02594,121.50651,17
500113008,20231029,1161,43,25,1,25.02594,121.50651,18
500113008,20231029,1162,43,25,1,25.02594,121.50651,18
500113008,20231029,1163,43,25,1,25.02594,121.50651,18
500113008,20231029,1164,43,25,1,25.02594,121.50651,18
500113008,20231029,1165,43,25,1,25.02594,121.50651,18
500113008,20231029,1166,43,23,1,25.02594,121.50651,20
500113008,20231029,1167,43,23,1,25.02594,121.50651,20
500113008,20231029,1168,43,23,1,25.02594,121.50651,20
500113008,20231029,1169,43,23,1,25.02594,121.50651,20
500113008,20231029,1171,43,23,1,25.02594,121.50651,20
500113008,20231029,1172,43,22,1,25.02594,121.50651,21
500113008,20231029,1173,43,22,1,25.02594,121.50651,21
500113008,20231029,1174,43,22,1,25.02594,121.50651,21
500113008,20231029,1175,43,22,1,25.02594,121.50651,21
500113008,20231029,1176,43,22,1,25.02594,121.50651,21
500113008,20231029,1177,43,21,1,25.02594,121.50651,22
500113008,20231029,1178,43,21,1,25.02594,121.50651,22
500113008,20231029,1179,43,21,1,25.02594,121.50651,22
500113008,20231029,1181,43,21,1,25.02594,121.50651,22
500113008,20231029,1182,43,21,1,25.02594,121.50651,22
500113008,20231029,1183,43,21,1,25.02594,121.50651,22
500113008,20231029,1184,43,21,1,25.02594,121.50651,22
500113008,20231029,1185,43,21,1,25.02594,121.50651,22
500113008,20231029,1186,43,21,1,25.02594,121.50651,22
500113008,20231029,1187,43,21,1,25.02594,121.50651,22
500113008,20231029,1188,43,21,1,25.02594,121.50651,22
500113008,20231029,1189,43,21,1,25.02594,121.50651,22
500113008,20231029,1191,43,22,1,25.02594,121.50651,21
500113008,20231029,1192,43,22,1,25.02594,121.50651,21
500113008,20231029,1193,43,22,1,25.02594,121.50651,21
500113008,20231029,1194,43,22,1,25.02594,121.50651,21
500113008,20231029,1195,43,22,1,25.02594,121.50651,21
500113008,20231029,1196,43,22,1,25.02594,121.50651,21
500113008,20231029,1197,43,20,1,25.02594,121.50651,23
500113008,20231029,1198,43,19,1,25.02594,121.50651,24
500113008,20231029,1199,43,19,1,25.02594,121.50651,24
500113008,20231029,1201,43,19,1,25.02594,121.50651,24
500113008,20231029,1202,43,20,1,25.02594,121.50651,23
500113008,20231029,1203,43,20,1,25.02594,121.50651,23
500113008,20231029,1204,43,20,1,25.02594,121.50651,23
500113008,20231029,1205,43,20,1,25.02594,121.50651,23
500113008,20231029,1206,43,20,1,25.02594,121.50651,23
500113008,20231029,1207,43,20,1,25.02594,121.50651,23
500113008,20231029,1208,43,20,1,25.02594,121.50651,23
500113008,20231029,1209,43,20,1,25.02594,121.50651,23
500113008,20231029,1211,43,19,1,25.02594,121.50651,24
500113008,20231029,1212,43,19,1,25.02594,121.50651,24
500113008,20231029,1213,43,19,1,25.02594,121.50651,24
500113008,20231029,1214,43,20,1,25.02594,121.50651,23
500113008,20231029,1215,43,20,1,25.02594,121.50651,23
500113008,20231029,1216,43,20,1,25.02594,121.50651,23
500113008,20231029,1217,43,20,1,25.02594,121.50651,23
500113008,20231029,1218,43,20,1,25.02594,121.50651,23
500113008,20231029,1219,43,20,1,25.02594,121.50651,23
500113008,20231029,1221,43,19,1,25.02594,121.50651,24
500113008,20231029,1222,43,19,1,25.02594,121.50651,24
500113008,20231029,1223,43,19,1,25.02594,121.50651,24
500113008,20231029,1224,43,19,1,25.02594,121.50651,24
500113008,20231029,1225,43,19,1,25.02594,121.50651,24
500113008,20231029,1226,43,19,1,25.02594,121.50651,24
500113008,20231029,1227,43,19,1,25.02594,121.50651,24
500113008,20231029,1228,43,18,1,25.02594,121.50651,25
500113008,20231029,1229,43,18,1,25.02594,121.50651,25
500113008,20231029,1231,43,19,1,25.02594,121.50651,24
500113008,20231029,1232,43,19,1,25.02594,121.50651,24
500113008,20231029,1233,43,19,1,25.02594,121.50651,24
500113008,20231029,1234,43,19,1,25.02594,121.50651,24
500113008,20231029,1235,43,20,1,25.02594,121.50651,23
500113008,20231029,1236,43,20,1,25.02594,121.50651,23
500113008,20231029,1237,43,20,1,25.02594,121.50651,23
500113008,20231029,1238,43,20,1,25.02594,121.50651,23
500113008,20231029,1239,43,20,1,25.02594,121.50651,23
500113008,20231029,1241,43,20,1,25.02594,121.50651,23
500113008,20231029,1242,43,21,1,25.02594,121.50651,22
500113008,20231029,1243,43,22,1,25.02594,121.50651,21
500113008,20231029,1244,43,22,1,25.02594,121.50651,21
500113008,20231029,1245,43,23,1,25.02594,121.50651,20
500113008,20231029,1246,43,23,1,25.02594,121.50651,20
500113008,20231029,1247,43,23,1,25.02594,121.50651,20
500113008,20231029,1248,43,23,1,25.02594,121.50651,20
500113008,20231029,1249,43,21,1,25.02594,121.50651,22
500113008,20231029,1251,43,21,1,25.02594,121.50651,22
500113008,20231029,1252,43,21,1,25.02594,121.50651,22
500113008,20231029,1253,43,21,1,25.02594,121.50651,22
500113008,20231029,1254,43,21,1,25.02594,121.50651,22
500113008,20231029,1255,43,21,1,25.02594,121.50651,22
500113008,20231029,1256,43,21,1,25.02594,121.50651,22
500113008,20231029,1257,43,21,1,25.02594,121.50651,22
500113008,20231029,1258,43,21,1,25.02594,121.50651,22
500113008,20231029,1259,43,21,1,25.02594,121.50651,22
500113008,20231029,1261,43,22,1,25.02594,121.50651,21
500113008,20231029,1262,43,22,1,25.02594,121.50651,21
500113008,20231029,1263,43,22,1,25.02594,121.50651,21
500113008,20231029,1264,43,22,1,25.02594,121.50651,21
500113008,20231029,1265,43,22,1,25.02594,121.50651,21
500113008,20231029,1266,43,22,1,25.02594,121.50651,21
500113008,20231029,1267,43,22,1,25.02594,121.50651,21
500113008,20231029,1268,43,22,1,25.02594,121.50651,21
500113008,20231029,1269,43,22,1,25.02594,121.50651,21
500113008,20231029,1270,43,22,1,25.02594,121.50651,21
500113008,20231029,1271,43,22,1,25.02594,121.50651,21
500113008,20231029,1272,43,22,1,25.02594,121.50651,21
500113008,20231029,1273,43,22,1,25.02594,121.50651,21
500113008,20231029,1274,43,22,1,25.02594,121.50651,21
500113008,20231029,1275,43,22,1,25.02594,121.50651,21
500113008,20231029,1276,43,22,1,25.02594,121.50651,21
500113008,20231029,1277,43,22,1,25.02594,121.50651,21
500113008,20231029,1278,43,22,1,25.02594,121.50651,21
500113008,20231029,1279,43,22,1,25.02594,121.50651,21
500113008,20231029,1281,43,22,1,25.02594,121.50651,21
500113008,20231029,1282,43,22,1,25.02594,121.50651,21
500113008,20231029,1283,43,21,1,25.02594,121.50651,22
500113008,20231029,1284,43,21,1,25.02594,121.50651,22
500113008,20231029,1285,43,21,1,25.02594,121.50651,22
500113008,20231029,1286,43,21,1,25.02594,121.50651,22
500113008,20231029,1287,43,21,1,25.02594,121.50651,22
500113008,20231029,1288,43,21,1,25.02594,121.50651,22
500113008,20231029,1289,43,22,1,25.02594,121.50651,21
500113008,20231029,1290,43,22,1,25.02594,121.50651,21
500113008,20231029,1291,43,22,1,25.02594,121.50651,21
500113008,20231029,1292,43,22,1,25.02594,121.50651,21
500113008,20231029,1293,43,22,1,25.02594,121.50651,21
500113008,20231029,1294,43,22,1,25.02594,121.50651,21
500113008,20231029,1295,43,22,1,25.02594,121.50651,21
500113008,20231029,1296,43,22,1,25.02594,121.50651,21
500113008,20231029,1297,43,22,1,25.02594,121.50651,21
500113008,20231029,1298,43,22,1,25.02594,121.50651,21
500113008,20231029,1299,43,22,1,25.02594,121.50651,21
500113008,20231029,1300,43,22,1,25.02594,121.50651,21
500113008,20231029,1301,43,22,1,25.02594,121.50651,21
500113008,20231029,1302,43,22,1,25.02594,121.50651,21
500113008,20231029,1303,43,22,1,25.02594,121.50651,21
500113008,20231029,1304,43,22,1,25.02594,121.50651,21
500113008,20231029,1305,43,22,1,25.02594,121.50651,21
500113008,20231029,1306,43,22,1,25.02594,121.50651,21
500113008,20231029,1307,43,22,1,25.02594,121.50651,21
500113008,20231029,1308,43,22,1,25.02594,121.50651,21
500113008,20231029,1309,43,22,1,25.02594,121.50651,21
500113008,20231029,1310,43,22,1,25.02594,121.50651,21
500113008,20231029,1311,43,22,1,25.02594,121.50651,21
500113008,20231029,1312,43,22,1,25.02594,121.50651,21
500113008,20231029,1313,43,22,1,25.02594,121.50651,21
500113008,20231029,1314,43,23,1,25.02594,121.50651,20
500113008,20231029,1315,43,23,1,25.02594,121.50651,20
500113008,20231029,1316,43,24,1,25.02594,121.50651,19
500113008,20231029,1317,43,24,1,25.02594,121.50651,19
500113008,20231029,1318,43,24,1,25.02594,121.50651,19
500113008,20231029,1319,43,24,1,25.02594,121.50651,19
500113008,20231029,1321,43,23,1,25.02594,121.50651,20
500113008,20231029,1322,43,23,1,25.02594,121.50651,20
500113008,20231029,1323,43,23,1,25.02594,121.50651,20
500113008,20231029,1324,43,23,1,25.02594,121.50651,20
500113008,20231029,1325,43,23,1,25.02594,121.50651,20
500113008,20231029,1326,43,23,1,25.02594,121.50651,20
500113008,20231029,1327,43,23,1,25.02594,121.50651,20
500113008,20231029,1328,43,23,1,25.02594,121.50651,20
500113008,20231029,1329,43,24,1,25.02594,121.50651,19
500113008,20231029,1330,43,24,1,25.02594,121.50651,19
500113008,20231029,1331,43,24,1,25.02594,121.50651,19
500113008,20231029,1332,43,24,1,25.02594,121.50651,19
500113008,20231029,1333,43,23,1,25.02594,121.50651,20
500113008,20231029,1334,43,23,1,25.02594,121.50651,20
500113008,20231029,1335,43,23,1,25.02594,121.50651,20
500113008,20231029,1336,43,23,1,25.02594,121.50651,20
500113008,20231029,1337,43,23,1,25.02594,121.50651,20
500113008,20231029,1338,43,23,1,25.02594,121.50651,20
500113008,20231029,1339,43,23,1,25.02594,121.50651,20
500113008,20231029,1341,43,23,1,25.02594,121.50651,20
500113008,20231029,1342,43,23,1,25.02594,121.50651,20
500113008,20231029,1343,43,22,1,25.02594,121.50651,21
500113008,20231029,1344,43,22,1,25.02594,121.50651,21
500113008,20231029,1345,43,22,1,25.02594,121.50651,21
500113008,20231029,1346,43,22,1,25.02594,121.50651,21
500113008,20231029,1347,43,23,1,25.02594,121.50651,20
500113008,20231029,1348,43,23,1,25.02594,121.50651,20
500113008,20231029,1349,43,23,1,25.02594,121.50651,20
500113008,20231029,1350,43,23,1,25.02594,121.50651,20
500113008,20231029,1351,43,23,1,25.02594,121.50651,20
500113008,20231029,1352,43,23,1,25.02594,121.50651,20
500113008,20231029,1353,43,23,1,25.02594,121.50651,20
500113008,20231029,1354,43,22,1,25.02594,121.50651,21
500113008,20231029,1355,43,22,1,25.02594,121.50651,21
500113008,20231029,1356,43,22,1,25.02594,121.50651,21
500113008,20231029,1357,43,22,1,25.02594,121.50651,21
500113008,20231029,1358,43,22,1,25.02594,121.50651,21
500113008,20231029,1359,43,22,1,25.02594,121.50651,21
500113008,20231029,1360,43,22,1,25.02594,121.50651,21
500113008,20231029,1361,43,22,1,25.02594,121.50651,21
500113008,20231029,1362,43,22,1,25.02594,121.50651,21
500113008,20231029,1363,43,22,1,25.02594,121.50651,21
500113008,20231029,1364,43,22,1,25.02594,121.50651,21
500113008,20231029,1365,43,22,1,25.02594,121.50651,21
500113008,20231029,1366,43,22,1,25.02594,121.50651,21
500113008,20231029,1367,43,22,1,25.02594,121.50651,21
500113008,20231029,1368,43,22,1,25.02594,121.50651,21
500113008,20231029,1369,43,22,1,25.02594,121.50651,21
500113008,20231029,1370,43,22,1,25.02594,121.50651,21
500113008,20231029,1371,43,22,1,25.02594,121.50651,21
500113008,20231029,1372,43,22,1,25.02594,121.50651,21
500113008,20231029,1373,43,22,1,25.02594,121.50651,21
500113008,20231029,1374,43,22,1,25.02594,121.50651,21
500113008,20231029,1375,43,22,1,25.02594,121.50651,21
500113008,20231029,1376,43,22,1,25.02594,121.50651,21
500113008,20231029,1377,43,22,1,25.02594,121.50651,21
500113008,20231029,1378,43,22,1,25.02594,121.50651,21
500113008,20231029,1379,43,22,1,25.02594,121.50651,21
500113008,20231029,1381,43,22,1,25.02594,121.50651,21
500113008,20231029,1382,43,22,1,25.02594,121.50651,21
500113008,20231029,1383,43,22,1,25.02594,121.50651,21
500113008,20231029,1384,43,22,1,25.02594,121.50651,21
500113008,20231029,1385,43,22,1,25.02594,121.50651,21
500113008,20231029,1386,43,22,1,25.02594,121.50651,21
500113008,20231029,1387,43,22,1,25.02594,121.50651,21
500113008,20231029,1388,43,22,1,25.02594,121.50651,21
500113008,20231029,1389,43,22,1,25.02594,121.50651,21
500113008,20231029,1390,43,22,1,25.02594,121.50651,21
500113008,20231029,1391,43,22,1,25.02594,121.50651,21
500113008,20231029,1392,43,22,1,25.02594,121.50651,21
500113008,20231029,1393,43,22,1,25.02594,121.50651,21
500113008,20231029,1394,43,22,1,25.02594,121.50651,21
500113008,20231029,1395,43,22,1,25.02594,121.50651,21
500113008,20231029,1396,43,22,1,25.02594,121.50651,21
500113008,20231029,1397,43,22,1,25.02594,121.50651,21
500113008,20231029,1398,43,22,1,25.02594,121.50651,21
500113008,20231029,1399,43,22,1,25.02594,121.50651,21
500113008,20231029,1401,43,22,1,25.02594,121.50651,21
500113008,20231029,1402,43,22,1,25.02594,121.50651,21
500113008,20231029,1403,43,22,1,25.02594,121.50651,21
500113008,20231029,1404,43,22,1,25.02594,121.50651,21
500113008,20231029,1405,43,22,1,25.02594,121.50651,21
500113008,20231029,1406,43,22,1,25.02594,121.50651,21
500113008,20231029,1407,43,22,1,25.02594,121.50651,21
500113008,20231029,1408,43,22,1,25.02594,121.50651,21
500113008,20231029,1409,43,22,1,25.02594,121.50651,21
500113008,20231029,1410,43,22,1,25.02594,121.50651,21
500113008,20231029,1411,43,22,1,25.02594,121.50651,21
500113008,20231029,1412,43,22,1,25.02594,121.50651,21
500113008,20231029,1413,43,22,1,25.02594,121.50651,21
500113008,20231029,1414,43,22,1,25.02594,121.50651,21
500113008,20231029,1415,43,22,1,25.02594,121.50651,21
500113008,20231029,1416,43,22,1,25.02594,121.50651,21
500113008,20231029,1417,43,22,1,25.02594,121.50651,21
500113008,20231029,1418,43,22,1,25.02594,121.50651,21
500113008,20231029,1419,43,22,1,25.02594,121.50651,21
500113008,20231029,1420,43,22,1,25.02594,121.50651,21
500113008,20231029,1421,43,22,1,25.02594,121.50651,21
500113008,20231029,1422,43,22,1,25.02594,121.50651,21
500113008,20231029,1423,43,22,1,25.02594,121.50651,21
500113008,20231029,1425,43,22,1,25.02594,121.50651,21
500113008,20231029,1426,43,22,1,25.02594,121.50651,21
500113008,20231029,1427,43,22,1,25.02594,121.50651,21
500113008,20231029,1428,43,22,1,25.02594,121.50651,21
500113008,20231029,1429,43,22,1,25.02594,121.50651,21
500113008,20231029,1431,43,22,1,25.02594,121.50651,21
500113008,20231029,1432,43,22,1,25.02594,121.50651,21
500113008,20231029,1433,43,22,1,25.02594,121.50651,21
500113008,20231029,1434,43,22,1,25.02594,121.50651,21
500113008,20231029,1435,43,22,1,25.02594,121.50651,21
500113008,20231029,1436,43,22,1,25.02594,121.50651,21
500113008,20231029,1437,43,22,1,25.02594,121.50651,21
500113008,20231029,1438,43,22,1,25.02594,121.50651,21
500113008,20231029,1439,43,22,1,25.02594,121.50651,21
500113008,20231030,1,43,22,1,25.02594,121.50651,21
500113008,20231030,2,43,22,1,25.02594,121.50651,21
500113008,20231030,3,43,22,1,25.02594,121.50651,21
500113008,20231030,4,43,22,1,25.02594,121.50651,21
500113008,20231030,5,43,22,1,25.02594,121.50651,21
500113008,20231030,6,43,22,1,25.02594,121.50651,21
500113008,20231030,7,43,22,1,25.02594,121.50651,21
500113008,20231030,8,43,22,1,25.02594,121.50651,21
500113008,20231030,9,43,22,1,25.02594,121.50651,21
500113008,20231030,11,43,23,1,25.02594,121.50651,20
500113008,20231030,12,43,23,1,25.02594,121.50651,20
500113008,20231030,13,43,23,1,25.02594,121.50651,20
500113008,20231030,14,43,23,1,25.02594,121.50651,20
500113008,20231030,15,43,23,1,25.02594,121.50651,20
500113008,20231030,16,43,23,1,25.02594,121.50651,20
500113008,20231030,17,43,23,1,25.02594,121.50651,20
500113008,20231030,18,43,23,1,25.02594,121.50651,20
500113008,20231030,19,43,23,1,25.02594,121.50651,20
500113008,20231030,21,43,23,1,25.02594,121.50651,20
500113008,20231030,22,43,23,1,25.02594,121.50651,20
500113008,20231030,23,43,23,1,25.02594,121.50651,20
500113008,20231030,24,43,23,1,25.02594,121.50651,20
500113008,20231030,25,43,23,1,25.02594,121.50651,20
500113008,20231030,26,43,22,1,25.02594,121.50651,21
500113008,20231030,27,43,22,1,25.02594,121.50651,21
500113008,20231030,28,43,22,1,25.02594,121.50651,21
500113008,20231030,29,43,22,1,25.02594,121.50651,21
500113008,20231030,31,43,22,1,25.02594,121.50651,21
500113008,20231030,32,43,22,1,25.02594,121.50651,21
500113008,20231030,33,43,22,1,25.02594,121.50651,21
500113008,20231030,34,43,22,1,25.02594,121.50651,21
500113008,20231030,35,43,21,1,25.02594,121.50651,22
500113008,20231030,36,43,21,1,25.02594,121.50651,22
500113008,20231030,37,43,21,1,25.02594,121.50651,22
500113008,20231030,38,43,21,1,25.02594,121.50651,22
500113008,20231030,39,43,21,1,25.02594,121.50651,22
500113008,20231030,41,43,21,1,25.02594,121.50651,22
500113008,20231030,42,43,21,1,25.02594,121.50651,22
500113008,20231030,43,43,21,1,25.02594,121.50651,22
500113008,20231030,44,43,21,1,25.02594,121.50651,22
500113008,20231030,45,43,21,1,25.02594,121.50651,22
500113008,20231030,46,43,21,1,25.02594,121.50651,22
500113008,20231030,47,43,21,1,25.02594,121.50651,22
500113008,20231030,48,43,21,1,25.02594,121.50651,22
500113008,20231030,49,43,21,1,25.02594,121.50651,22
500113008,20231030,51,43,21,1,25.02594,121.50651,22
500113008,20231030,52,43,21,1,25.02594,121.50651,22
500113008,20231030,53,43,21,1,25.02594,121.50651,22
500113008,20231030,54,43,21,1,25.02594,121.50651,22
500113008,20231030,55,43,21,1,25.02594,121.50651,22
500113008,20231030,56,43,21,1,25.02594,121.50651,22
500113008,20231030,57,43,21,1,25.02594,121.50651,22
500113008,20231030,58,43,21,1,25.02594,121.50651,22
500113008,20231030,59,43,21,1,25.02594,121.50651,22
500113008,20231030,61,43,21,1,25.02594,121.50651,22
500113008,20231030,62,43,21,1,25.02594,121.50651,22
500113008,20231030,63,43,21,1,25.02594,121.50651,22
500113008,20231030,64,43,21,1,25.02594,121.50651,22
500113008,20231030,65,43,21,1,25.02594,121.50651,22
500113008,20231030,67,43,21,1,25.02594,121.50651,22
500113008,20231030,68,43,21,1,25.02594,121.50651,22
500113008,20231030,69,43,21,1,25.02594,121.50651,22
500113008,20231030,71,43,21,1,25.02594,121.50651,22
500113008,20231030,72,43,21,1,25.02594,121.50651,22
500113008,20231030,73,43,21,1,25.02594,121.50651,22
500113008,20231030,74,43,21,1,25.02594,121.50651,22
500113008,20231030,75,43,21,1,25.02594,121.50651,22
500113008,20231030,76,43,21,1,25.02594,121.50651,22
500113008,20231030,77,43,21,1,25.02594,121.50651,22
500113008,20231030,78,43,21,1,25.02594,121.50651,22
500113008,20231030,79,43,21,1,25.02594,121.50651,22
500113008,20231030,81,43,21,1,25.02594,121.50651,22
500113008,20231030,82,43,21,1,25.02594,121.50651,22
500113008,20231030,83,43,21,1,25.02594,121.50651,22
500113008,20231030,84,43,21,1,25.02594,121.50651,22
500113008,20231030,85,43,21,1,25.02594,121.50651,22
500113008,20231030,86,43,21,1,25.02594,121.50651,22
500113008,20231030,87,43,21,1,25.02594,121.50651,22
500113008,20231030,88,43,21,1,25.02594,121.50651,22
500113008,20231030,89,43,21,1,25.02594,121.50651,22
500113008,20231030,91,43,21,1,25.02594,121.50651,22
500113008,20231030,92,43,21,1,25.02594,121.50651,22
500113008,20231030,93,43,21,1,25.02594,121.50651,22
500113008,20231030,94,43,21,1,25.02594,121.50651,22
500113008,20231030,95,43,21,1,25.02594,121.50651,22
500113008,20231030,96,43,21,1,25.02594,121.50651,22
500113008,20231030,97,43,21,1,25.02594,121.50651,22
500113008,20231030,98,43,21,1,25.02594,121.50651,22
500113008,20231030,99,43,21,1,25.02594,121.50651,22
500113008,20231030,100,43,21,1,25.02594,121.50651,22
500113008,20231030,101,43,21,1,25.02594,121.50651,22
500113008,20231030,102,43,21,1,25.02594,121.50651,22
500113008,20231030,103,43,21,1,25.02594,121.50651,22
500113008,20231030,104,43,21,1,25.02594,121.50651,22
500113008,20231030,105,43,21,1,25.02594,121.50651,22
500113008,20231030,106,43,21,1,25.02594,121.50651,22
500113008,20231030,107,43,21,1,25.02594,121.50651,22
500113008,20231030,108,43,21,1,25.02594,121.50651,22
500113008,20231030,109,43,21,1,25.02594,121.50651,22
500113008,20231030,110,43,21,1,25.02594,121.50651,22
500113008,20231030,111,43,21,1,25.02594,121.50651,22
500113008,20231030,112,43,21,1,25.02594,121.50651,22
500113008,20231030,113,43,21,1,25.02594,121.50651,22
500113008,20231030,114,43,21,1,25.02594,121.50651,22
500113008,20231030,115,43,21,1,25.02594,121.50651,22
500113008,20231030,116,43,21,1,25.02594,121.50651,22
500113008,20231030,117,43,21,1,25.02594,121.50651,22
500113008,20231030,118,43,21,1,25.02594,121.50651,22
500113008,20231030,119,43,21,1,25.02594,121.50651,22
500113008,20231030,121,43,21,1,25.02594,121.50651,22
500113008,20231030,122,43,21,1,25.02594,121.50651,22
500113008,20231030,123,43,21,1,25.02594,121.50651,22
500113008,20231030,124,43,21,1,25.02594,121.50651,22
500113008,20231030,125,43,21,1,25.02594,121.50651,22
500113008,20231030,126,43,21,1,25.02594,121.50651,22
500113008,20231030,127,43,21,1,25.02594,121.50651,22
500113008,20231030,128,43,21,1,25.02594,121.50651,22
500113008,20231030,129,43,21,1,25.02594,121.50651,22
500113008,20231030,130,43,21,1,25.02594,121.50651,22
500113008,20231030,131,43,21,1,25.02594,121.50651,22
500113008,20231030,132,43,21,1,25.02594,121.50651,22
500113008,20231030,133,43,21,1,25.02594,121.50651,22
500113008,20231030,134,43,21,1,25.02594,121.50651,22
500113008,20231030,135,43,21,1,25.02594,121.50651,22
500113008,20231030,136,43,21,1,25.02594,121.50651,22
500113008,20231030,137,43,21,1,25.02594,121.50651,22
500113008,20231030,138,43,21,1,25.02594,121.50651,22
500113008,20231030,139,43,21,1,25.02594,121.50651,22
500113008,20231030,141,43,21,1,25.02594,121.50651,22
500113008,20231030,142,43,21,1,25.02594,121.50651,22
500113008,20231030,143,43,21,1,25.02594,121.50651,22
500113008,20231030,144,43,21,1,25.02594,121.50651,22
500113008,20231030,145,43,21,1,25.02594,121.50651,22
500113008,20231030,146,43,21,1,25.02594,121.50651,22
500113008,20231030,147,43,21,1,25.02594,121.50651,22
500113008,20231030,148,43,21,1,25.02594,121.50651,22
500113008,20231030,149,43,21,1,25.02594,121.50651,22
500113008,20231030,150,43,21,1,25.02594,121.50651,22
500113008,20231030,151,43,21,1,25.02594,121.50651,22
500113008,20231030,152,43,21,1,25.02594,121.50651,22
500113008,20231030,153,43,21,1,25.02594,121.50651,22
500113008,20231030,154,43,21,1,25.02594,121.50651,22
500113008,20231030,155,43,21,1,25.02594,121.50651,22
500113008,20231030,156,43,21,1,25.02594,121.50651,22
500113008,20231030,157,43,21,1,25.02594,121.50651,22
500113008,20231030,158,43,21,1,25.02594,121.50651,22
500113008,20231030,159,43,21,1,25.02594,121.50651,22
500113008,20231030,160,43,21,1,25.02594,121.50651,22
500113008,20231030,161,43,21,1,25.02594,121.50651,22
500113008,20231030,162,43,21,1,25.02594,121.50651,22
500113008,20231030,163,43,21,1,25.02594,121.50651,22
500113008,20231030,164,43,21,1,25.02594,121.50651,22
500113008,20231030,165,43,21,1,25.02594,121.50651,22
500113008,20231030,166,43,21,1,25.02594,121.50651,22
500113008,20231030,167,43,21,1,25.02594,121.50651,22
500113008,20231030,168,43,21,1,25.02594,121.50651,22
500113008,20231030,169,43,21,1,25.02594,121.50651,22
500113008,20231030,170,43,21,1,25.02594,121.50651,22
500113008,20231030,171,43,21,1,25.02594,121.50651,22
500113008,20231030,172,43,21,1,25.02594,121.50651,22
500113008,20231030,173,43,21,1,25.02594,121.50651,22
500113008,20231030,174,43,21,1,25.02594,121.50651,22
500113008,20231030,175,43,21,1,25.02594,121.50651,22
500113008,20231030,176,43,21,1,25.02594,121.50651,22
500113008,20231030,177,43,21,1,25.02594,121.50651,22
500113008,20231030,178,43,21,1,25.02594,121.50651,22
500113008,20231030,179,43,21,1,25.02594,121.50651,22
500113008,20231030,180,43,21,1,25.02594,121.50651,22
500113008,20231030,181,43,21,1,25.02594,121.50651,22
500113008,20231030,182,43,21,1,25.02594,121.50651,22
500113008,20231030,183,43,21,1,25.02594,121.50651,22
500113008,20231030,184,43,21,1,25.02594,121.50651,22
500113008,20231030,185,43,21,1,25.02594,121.50651,22
500113008,20231030,186,43,21,1,25.02594,121.50651,22
500113008,20231030,187,43,21,1,25.02594,121.50651,22
500113008,20231030,188,43,21,1,25.02594,121.50651,22
500113008,20231030,189,43,21,1,25.02594,121.50651,22
500113008,20231030,190,43,21,1,25.02594,121.50651,22
500113008,20231030,191,43,21,1,25.02594,121.50651,22
500113008,20231030,192,43,20,1,25.02594,121.50651,23
500113008,20231030,193,43,20,1,25.02594,121.50651,23
500113008,20231030,194,43,20,1,25.02594,121.50651,23
500113008,20231030,195,43,20,1,25.02594,121.50651,23
500113008,20231030,196,43,20,1,25.02594,121.50651,23
500113008,20231030,197,43,20,1,25.02594,121.50651,23
500113008,20231030,198,43,20,1,25.02594,121.50651,23
500113008,20231030,199,43,20,1,25.02594,121.50651,23
500113008,20231030,201,43,20,1,25.02594,121.50651,23
500113008,20231030,202,43,20,1,25.02594,121.50651,23
500113008,20231030,203,43,20,1,25.02594,121.50651,23
500113008,20231030,204,43,20,1,25.02594,121.50651,23
500113008,20231030,205,43,20,1,25.02594,121.50651,23
500113008,20231030,206,43,20,1,25.02594,121.50651,23
500113008,20231030,207,43,20,1,25.02594,121.50651,23
500113008,20231030,208,43,20,1,25.02594,121.50651,23
500113008,20231030,209,43,20,1,25.02594,121.50651,23
500113008,20231030,210,43,20,1,25.02594,121.50651,23
500113008,20231030,211,43,20,1,25.02594,121.50651,23
500113008,20231030,212,43,20,1,25.02594,121.50651,23
500113008,20231030,213,43,20,1,25.02594,121.50651,23
500113008,20231030,214,43,20,1,25.02594,121.50651,23
500113008,20231030,215,43,20,1,25.02594,121.50651,23
500113008,20231030,216,43,20,1,25.02594,121.50651,23
500113008,20231030,217,43,20,1,25.02594,121.50651,23
500113008,20231030,218,43,20,1,25.02594,121.50651,23
500113008,20231030,219,43,20,1,25.02594,121.50651,23
500113008,20231030,220,43,20,1,25.02594,121.50651,23
500113008,20231030,221,43,20,1,25.02594,121.50651,23
500113008,20231030,222,43,20,1,25.02594,121.50651,23
500113008,20231030,223,43,20,1,25.02594,121.50651,23
500113008,20231030,224,43,20,1,25.02594,121.50651,23
500113008,20231030,225,43,20,1,25.02594,121.50651,23
500113008,20231030,226,43,20,1,25.02594,121.50651,23
500113008,20231030,227,43,20,1,25.02594,121.50651,23
500113008,20231030,228,43,20,1,25.02594,121.50651,23
500113008,20231030,229,43,20,1,25.02594,121.50651,23
500113008,20231030,230,43,20,1,25.02594,121.50651,23
500113008,20231030,231,43,20,1,25.02594,121.50651,23
500113008,20231030,232,43,20,1,25.02594,121.50651,23
500113008,20231030,233,43,20,1,25.02594,121.50651,23
500113008,20231030,234,43,20,1,25.02594,121.50651,23
500113008,20231030,235,43,20,1,25.02594,121.50651,23
500113008,20231030,236,43,20,1,25.02594,121.50651,23
500113008,20231030,237,43,22,1,25.02594,121.50651,21
500113008,20231030,238,43,22,1,25.02594,121.50651,21
500113008,20231030,239,43,23,1,25.02594,121.50651,20
500113008,20231030,240,43,24,1,25.02594,121.50651,19
500113008,20231030,241,43,26,1,25.02594,121.50651,17
500113008,20231030,242,43,26,1,25.02594,121.50651,17
500113008,20231030,243,43,28,1,25.02594,121.50651,15
500113008,20231030,244,43,30,1,25.02594,121.50651,13
500113008,20231030,245,43,31,1,25.02594,121.50651,12
500113008,20231030,246,43,33,1,25.02594,121.50651,10
500113008,20231030,247,43,33,1,25.02594,121.50651,10
500113008,20231030,248,43,35,1,25.02594,121.50651,8
500113008,20231030,249,43,37,1,25.02594,121.50651,6
500113008,20231030,250,43,37,1,25.02594,121.50651,6
500113008,20231030,251,43,37,1,25.02594,121.50651,6
500113008,20231030,252,43,37,1,25.02594,121.50651,6
500113008,20231030,253,43,37,1,25.02594,121.50651,6
500113008,20231030,254,43,37,1,25.02594,121.50651,6
500113008,20231030,255,43,37,1,25.02594,121.50651,6
500113008,20231030,256,43,37,1,25.02594,121.50651,6
500113008,20231030,257,43,37,1,25.02594,121.50651,6
500113008,20231030,258,43,37,1,25.02594,121.50651,6
500113008,20231030,259,43,37,1,25.02594,121.50651,6
500113008,20231030,261,43,37,1,25.02594,121.50651,6
500113008,20231030,263,43,37,1,25.02594,121.50651,6
500113008,20231030,264,43,37,1,25.02594,121.50651,6
500113008,20231030,265,43,37,1,25.02594,121.50651,6
500113008,20231030,266,43,37,1,25.02594,121.50651,6
500113008,20231030,267,43,37,1,25.02594,121.50651,6
500113008,20231030,268,43,37,1,25.02594,121.50651,6
500113008,20231030,269,43,37,1,25.02594,121.50651,6
500113008,20231030,271,43,37,1,25.02594,121.50651,6
500113008,20231030,272,43,37,1,25.02594,121.50651,6
500113008,20231030,273,43,37,1,25.02594,121.50651,6
500113008,20231030,274,43,37,1,25.02594,121.50651,6
500113008,20231030,275,43,37,1,25.02594,121.50651,6
500113008,20231030,276,43,37,1,25.02594,121.50651,6
500113008,20231030,277,43,37,1,25.02594,121.50651,6
500113008,20231030,278,43,37,1,25.02594,121.50651,6
500113008,20231030,279,43,37,1,25.02594,121.50651,6
500113008,20231030,281,43,37,1,25.02594,121.50651,6
500113008,20231030,282,43,37,1,25.02594,121.50651,6
500113008,20231030,283,43,37,1,25.02594,121.50651,6
500113008,20231030,284,43,37,1,25.02594,121.50651,6
500113008,20231030,285,43,37,1,25.02594,121.50651,6
500113008,20231030,286,43,37,1,25.02594,121.50651,6
500113008,20231030,287,43,37,1,25.02594,121.50651,6
500113008,20231030,288,43,37,1,25.02594,121.50651,6
500113008,20231030,289,43,36,1,25.02594,121.50651,7
500113008,20231030,291,43,36,1,25.02594,121.50651,7
500113008,20231030,292,43,36,1,25.02594,121.50651,7
500113008,20231030,293,43,36,1,25.02594,121.50651,7
500113008,20231030,294,43,36,1,25.02594,121.50651,7
500113008,20231030,295,43,36,1,25.02594,121.50651,7
500113008,20231030,296,43,36,1,25.02594,121.50651,7
500113008,20231030,297,43,36,1,25.02594,121.50651,7
500113008,20231030,298,43,36,1,25.02594,121.50651,7
500113008,20231030,299,43,35,1,25.02594,121.50651,8
500113008,20231030,301,43,35,1,25.02594,121.50651,8
500113008,20231030,302,43,35,1,25.02594,121.50651,8
500113008,20231030,303,43,35,1,25.02594,121.50651,8
500113008,20231030,304,43,35,1,25.02594,121.50651,8
500113008,20231030,305,43,35,1,25.02594,121.50651,8
500113008,20231030,306,43,35,1,25.02594,121.50651,8
500113008,20231030,307,43,35,1,25.02594,121.50651,8
500113008,20231030,308,43,35,1,25.02594,121.50651,8
500113008,20231030,309,43,35,1,25.02594,121.50651,8
500113008,20231030,311,43,35,1,25.02594,121.50651,8
500113008,20231030,312,43,35,1,25.02594,121.50651,8
500113008,20231030,313,43,35,1,25.02594,121.50651,8
500113008,20231030,314,43,35,1,25.02594,121.50651,8
500113008,20231030,315,43,35,1,25.02594,121.50651,8
500113008,20231030,316,43,35,1,25.02594,121.50651,8
500113008,20231030,317,43,35,1,25.02594,121.50651,8
500113008,20231030,318,43,36,1,25.02594,121.50651,7
500113008,20231030,319,43,36,1,25.02594,121.50651,7
500113008,20231030,321,43,36,1,25.02594,121.50651,7
500113008,20231030,322,43,36,1,25.02594,121.50651,7
500113008,20231030,323,43,36,1,25.02594,121.50651,7
500113008,20231030,324,43,36,1,25.02594,121.50651,7
500113008,20231030,325,43,36,1,25.02594,121.50651,7
500113008,20231030,326,43,36,1,25.02594,121.50651,7
500113008,20231030,327,43,37,1,25.02594,121.50651,6
500113008,20231030,328,43,37,1,25.02594,121.50651,6
500113008,20231030,329,43,37,1,25.02594,121.50651,6
500113008,20231030,331,43,37,1,25.02594,121.50651,6
500113008,20231030,332,43,37,1,25.02594,121.50651,6
500113008,20231030,333,43,37,1,25.02594,121.50651,6
500113008,20231030,334,43,37,1,25.02594,121.50651,6
500113008,20231030,335,43,37,1,25.02594,121.50651,6
500113008,20231030,336,43,37,1,25.02594,121.50651,6
500113008,20231030,337,43,37,1,25.02594,121.50651,6
500113008,20231030,338,43,37,1,25.02594,121.50651,6
500113008,20231030,339,43,37,1,25.02594,121.50651,6
500113008,20231030,341,43,37,1,25.02594,121.50651,6
500113008,20231030,342,43,37,1,25.02594,121.50651,6
500113008,20231030,343,43,37,1,25.02594,121.50651,6
500113008,20231030,344,43,37,1,25.02594,121.50651,6
500113008,20231030,345,43,37,1,25.02594,121.50651,6
500113008,20231030,346,43,37,1,25.02594,121.50651,6
500113008,20231030,347,43,37,1,25.02594,121.50651,6
500113008,20231030,348,43,37,1,25.02594,121.50651,6
500113008,20231030,349,43,37,1,25.02594,121.50651,6
500113008,20231030,351,43,36,1,25.02594,121.50651,7
500113008,20231030,352,43,36,1,25.02594,121.50651,7
500113008,20231030,353,43,36,1,25.02594,121.50651,7
500113008,20231030,354,43,36,1,25.02594,121.50651,7
500113008,20231030,355,43,36,1,25.02594,121.50651,7
500113008,20231030,356,43,36,1,25.02594,121.50651,7
500113008,20231030,357,43,36,1,25.02594,121.50651,7
500113008,20231030,358,43,36,1,25.02594,121.50651,7
500113008,20231030,359,43,36,1,25.02594,121.50651,7
500113008,20231030,361,43,37,1,25.02594,121.50651,6
500113008,20231030,362,43,37,1,25.02594,121.50651,6
500113008,20231030,363,43,37,1,25.02594,121.50651,6
500113008,20231030,364,43,37,1,25.02594,121.50651,6
500113008,20231030,365,43,37,1,25.02594,121.50651,6
500113008,20231030,366,43,37,1,25.02594,121.50651,6
500113008,20231030,367,43,37,1,25.02594,121.50651,6
500113008,20231030,368,43,37,1,25.02594,121.50651,6
500113008,20231030,369,43,37,1,25.02594,121.50651,6
500113008,20231030,370,43,37,1,25.02594,121.50651,6
500113008,20231030,371,43,37,1,25.02594,121.50651,6
500113008,20231030,372,43,38,1,25.02594,121.50651,5
500113008,20231030,373,43,38,1,25.02594,121.50651,5
500113008,20231030,374,43,38,1,25.02594,121.50651,5
500113008,20231030,375,43,38,1,25.02594,121.50651,5
500113008,20231030,376,43,38,1,25.02594,121.50651,5
500113008,20231030,377,43,38,1,25.02594,121.50651,5
500113008,20231030,378,43,38,1,25.02594,121.50651,5
500113008,20231030,379,43,38,1,25.02594,121.50651,5
500113008,20231030,381,43,39,1,25.02594,121.50651,4
500113008,20231030,382,43,39,1,25.02594,121.50651,4
500113008,20231030,383,43,39,1,25.02594,121.50651,4
500113008,20231030,384,43,39,1,25.02594,121.50651,4
500113008,20231030,385,43,39,1,25.02594,121.50651,4
500113008,20231030,386,43,39,1,25.02594,121.50651,4
500113008,20231030,387,43,39,1,25.02594,121.50651,4
500113008,20231030,388,43,39,1,25.02594,121.50651,4
500113008,20231030,389,43,39,1,25.02594,121.50651,4
500113008,20231030,390,43,39,1,25.02594,121.50651,4
500113008,20231030,391,43,39,1,25.02594,121.50651,4
500113008,20231030,392,43,39,1,25.02594,121.50651,4
500113008,20231030,393,43,39,1,25.02594,121.50651,4
500113008,20231030,394,43,39,1,25.02594,121.50651,4
500113008,20231030,395,43,39,1,25.02594,121.50651,4
500113008,20231030,396,43,39,1,25.02594,121.50651,4
500113008,20231030,397,43,39,1,25.02594,121.50651,4
500113008,20231030,398,43,40,1,25.02594,121.50651,3
500113008,20231030,399,43,39,1,25.02594,121.50651,4
500113008,20231030,400,43,39,1,25.02594,121.50651,4
500113008,20231030,401,43,39,1,25.02594,121.50651,4
500113008,20231030,402,43,39,1,25.02594,121.50651,4
500113008,20231030,403,43,39,1,25.02594,121.50651,4
500113008,20231030,404,43,39,1,25.02594,121.50651,4
500113008,20231030,405,43,39,1,25.02594,121.50651,4
500113008,20231030,406,43,39,1,25.02594,121.50651,4
500113008,20231030,407,43,39,1,25.02594,121.50651,4
500113008,20231030,408,43,40,1,25.02594,121.50651,3
500113008,20231030,409,43,40,1,25.02594,121.50651,3
500113008,20231030,410,43,40,1,25.02594,121.50651,3
500113008,20231030,411,43,40,1,25.02594,121.50651,3
500113008,20231030,412,43,41,1,25.02594,121.50651,2
500113008,20231030,413,43,41,1,25.02594,121.50651,2
500113008,20231030,414,43,40,1,25.02594,121.50651,3
500113008,20231030,415,43,40,1,25.02594,121.50651,3
500113008,20231030,416,43,42,1,25.02594,121.50651,1
500113008,20231030,417,43,42,1,25.02594,121.50651,1
500113008,20231030,418,43,42,1,25.02594,121.50651,1
500113008,20231030,419,43,42,1,25.02594,121.50651,1
500113008,20231030,421,43,42,1,25.02594,121.50651,1
500113008,20231030,422,43,42,1,25.02594,121.50651,1
500113008,20231030,423,43,42,1,25.02594,121.50651,1
500113008,20231030,424,43,41,1,25.02594,121.50651,2
500113008,20231030,425,43,40,1,25.02594,121.50651,3
500113008,20231030,426,43,40,1,25.02594,121.50651,3
500113008,20231030,427,43,40,1,25.02594,121.50651,3
500113008,20231030,428,43,40,1,25.02594,121.50651,3
500113008,20231030,429,43,40,1,25.02594,121.50651,3
500113008,20231030,430,43,41,1,25.02594,121.50651,2
500113008,20231030,431,43,41,1,25.02594,121.50651,2
500113008,20231030,432,43,41,1,25.02594,121.50651,2
500113008,20231030,433,43,41,1,25.02594,121.50651,2
500113008,20231030,434,43,41,1,25.02594,121.50651,2
500113008,20231030,435,43,41,1,25.02594,121.50651,2
500113008,20231030,436,43,41,1,25.02594,121.50651,2
500113008,20231030,437,43,41,1,25.02594,121.50651,2
500113008,20231030,438,43,43,1,25.02594,121.50651,0
500113008,20231030,439,43,43,1,25.02594,121.50651,0
500113008,20231030,441,43,43,1,25.02594,121.50651,0
500113008,20231030,442,43,43,1,25.02594,121.50651,0
500113008,20231030,443,43,43,1,25.02594,121.50651,0
500113008,20231030,444,43,42,1,25.02594,121.50651,1
500113008,20231030,445,43,43,1,25.02594,121.50651,0
500113008,20231030,446,43,43,1,25.02594,121.50651,0
500113008,20231030,447,43,43,1,25.02594,121.50651,0
500113008,20231030,448,43,43,1,25.02594,121.50651,0
500113008,20231030,449,43,43,1,25.02594,121.50651,0
500113008,20231030,451,43,43,1,25.02594,121.50651,0
500113008,20231030,452,43,43,1,25.02594,121.50651,0
500113008,20231030,453,43,43,1,25.02594,121.50651,0
500113008,20231030,454,43,43,1,25.02594,121.50651,0
500113008,20231030,455,43,43,1,25.02594,121.50651,0
500113008,20231030,456,43,43,1,25.02594,121.50651,0
500113008,20231030,457,43,43,1,25.02594,121.50651,0
500113008,20231030,458,43,43,1,25.02594,121.50651,0
500113008,20231030,459,43,42,1,25.02594,121.50651,1
500113008,20231030,460,43,41,1,25.02594,121.50651,2
500113008,20231030,461,43,41,1,25.02594,121.50651,2
500113008,20231030,462,43,41,1,25.02594,121.50651,2
500113008,20231030,463,43,42,1,25.02594,121.50651,1
500113008,20231030,464,43,42,1,25.02594,121.50651,1
500113008,20231030,465,43,42,1,25.02594,121.50651,1
500113008,20231030,466,43,42,1,25.02594,121.50651,1
500113008,20231030,467,43,42,1,25.02594,121.50651,1
500113008,20231030,468,43,42,1,25.02594,121.50651,1
500113008,20231030,469,43,41,1,25.02594,121.50651,2
500113008,20231030,470,43,41,1,25.02594,121.50651,2
500113008,20231030,471,43,41,1,25.02594,121.50651,2
500113008,20231030,472,43,41,1,25.02594,121.50651,2
500113008,20231030,473,43,41,1,25.02594,121.50651,2
500113008,20231030,474,43,41,1,25.02594,121.50651,2
500113008,20231030,475,43,41,1,25.02594,121.50651,2
500113008,20231030,476,43,41,1,25.02594,121.50651,2
500113008,20231030,477,43,42,1,25.02594,121.50651,1
500113008,20231030,478,43,42,1,25.02594,121.50651,1
500113008,20231030,479,43,42,1,25.02594,121.50651,1
500113008,20231030,481,43,42,1,25.02594,121.50651,1
500113008,20231030,482,43,41,1,25.02594,121.50651,2
500113008,20231030,483,43,43,1,25.02594,121.50651,0
500113008,20231030,484,43,43,1,25.02594,121.50651,0
500113008,20231030,485,43,43,1,25.02594,121.50651,0
500113008,20231030,486,43,43,1,25.02594,121.50651,0
500113008,20231030,487,43,43,1,25.02594,121.50651,0
500113008,20231030,488,43,43,1,25.02594,121.50651,0
500113008,20231030,489,43,43,1,25.02594,121.50651,0
500113008,20231030,491,43,43,1,25.02594,121.50651,0
500113008,20231030,492,43,43,1,25.02594,121.50651,0
500113008,20231030,493,43,43,1,25.02594,121.50651,0
500113008,20231030,494,43,43,1,25.02594,121.50651,0
500113008,20231030,495,43,43,1,25.02594,121.50651,0
500113008,20231030,496,43,43,1,25.02594,121.50651,0
500113008,20231030,497,43,43,1,25.02594,121.50651,0
500113008,20231030,498,43,43,1,25.02594,121.50651,0
500113008,20231030,499,43,42,1,25.02594,121.50651,1
500113008,20231030,501,43,43,1,25.02594,121.50651,0
500113008,20231030,502,43,43,1,25.02594,121.50651,0
500113008,20231030,503,43,42,1,25.02594,121.50651,1
500113008,20231030,504,43,38,1,25.02594,121.50651,5
500113008,20231030,505,43,38,1,25.02594,121.50651,5
500113008,20231030,506,43,39,1,25.02594,121.50651,4
500113008,20231030,507,43,39,1,25.02594,121.50651,4
500113008,20231030,508,43,39,1,25.02594,121.50651,4
500113008,20231030,509,43,39,1,25.02594,121.50651,4
500113008,20231030,511,43,39,1,25.02594,121.50651,4
500113008,20231030,512,43,39,1,25.02594,121.50651,4
500113008,20231030,513,43,39,1,25.02594,121.50651,4
500113008,20231030,514,43,39,1,25.02594,121.50651,4
500113008,20231030,515,43,40,1,25.02594,121.50651,3
500113008,20231030,516,43,41,1,25.02594,121.50651,2
500113008,20231030,517,43,42,1,25.02594,121.50651,1
500113008,20231030,518,43,43,1,25.02594,121.50651,0
500113008,20231030,519,43,43,1,25.02594,121.50651,0
500113008,20231030,521,43,43,1,25.02594,121.50651,0
500113008,20231030,522,43,43,1,25.02594,121.50651,0
500113008,20231030,523,43,43,1,25.02594,121.50651,0
500113008,20231030,524,43,43,1,25.02594,121.50651,0
500113008,20231030,525,43,42,1,25.02594,121.50651,1
500113008,20231030,526,43,42,1,25.02594,121.50651,1
500113008,20231030,527,43,42,1,25.02594,121.50651,1
500113008,20231030,528,43,42,1,25.02594,121.50651,1
500113008,20231030,529,43,42,1,25.02594,121.50651,1
500113008,20231030,531,43,42,1,25.02594,121.50651,1
500113008,20231030,532,43,42,1,25.02594,121.50651,1
500113008,20231030,533,43,42,1,25.02594,121.50651,1
500113008,20231030,534,43,42,1,25.02594,121.50651,1
500113008,20231030,535,43,42,1,25.02594,121.50651,1
500113008,20231030,537,43,42,1,25.02594,121.50651,1
500113008,20231030,538,43,42,1,25.02594,121.50651,1
500113008,20231030,539,43,42,1,25.02594,121.50651,1
500113008,20231030,541,43,42,1,25.02594,121.50651,1
500113008,20231030,542,43,42,1,25.02594,121.50651,1
500113008,20231030,543,43,43,1,25.02594,121.50651,0
500113008,20231030,544,43,43,1,25.02594,121.50651,0
500113008,20231030,545,43,43,1,25.02594,121.50651,0
500113008,20231030,546,43,43,1,25.02594,121.50651,0
500113008,20231030,547,43,43,1,25.02594,121.50651,0
500113008,20231030,548,43,43,1,25.02594,121.50651,0
500113008,20231030,549,43,43,1,25.02594,121.50651,0
500113008,20231030,551,43,43,1,25.02594,121.50651,0
500113008,20231030,552,43,43,1,25.02594,121.50651,0
500113008,20231030,553,43,43,1,25.02594,121.50651,0
500113008,20231030,554,43,43,1,25.02594,121.50651,0
500113008,20231030,555,43,43,1,25.02594,121.50651,0
500113008,20231030,556,43,43,1,25.02594,121.50651,0
500113008,20231030,557,43,43,1,25.02594,121.50651,0
500113008,20231030,558,43,43,1,25.02594,121.50651,0
500113008,20231030,559,43,42,1,25.02594,121.50651,1
500113008,20231030,561,43,42,1,25.02594,121.50651,1
500113008,20231030,562,43,42,1,25.02594,121.50651,1
500113008,20231030,563,43,42,1,25.02594,121.50651,1
500113008,20231030,564,43,42,1,25.02594,121.50651,1
500113008,20231030,565,43,41,1,25.02594,121.50651,2
500113008,20231030,566,43,41,1,25.02594,121.50651,2
500113008,20231030,567,43,41,1,25.02594,121.50651,2
500113008,20231030,568,43,42,1,25.02594,121.50651,1
500113008,20231030,569,43,42,1,25.02594,121.50651,1
500113008,20231030,571,43,42,1,25.02594,121.50651,1
500113008,20231030,572,43,43,1,25.02594,121.50651,0
500113008,20231030,573,43,43,1,25.02594,121.50651,0
500113008,20231030,574,43,43,1,25.02594,121.50651,0
500113008,20231030,575,43,43,1,25.02594,121.50651,0
500113008,20231030,576,43,43,1,25.02594,121.50651,0
500113008,20231030,577,43,43,1,25.02594,121.50651,0
500113008,20231030,578,43,43,1,25.02594,121.50651,0
500113008,20231030,579,43,43,1,25.02594,121.50651,0
500113008,20231030,581,43,43,1,25.02594,121.50651,0
500113008,20231030,582,43,43,1,25.02594,121.50651,0
500113008,20231030,583,43,43,1,25.02594,121.50651,0
500113008,20231030,585,43,43,1,25.02594,121.50651,0
500113008,20231030,587,43,43,1,25.02594,121.50651,0
500113008,20231030,588,43,43,1,25.02594,121.50651,0
500113008,20231030,589,43,43,1,25.02594,121.50651,0
500113008,20231030,590,43,43,1,25.02594,121.50651,0
500113008,20231030,592,43,43,1,25.02594,121.50651,0
500113008,20231030,594,43,42,1,25.02594,121.50651,1
500113008,20231030,595,43,42,1,25.02594,121.50651,1
500113008,20231030,596,43,42,1,25.02594,121.50651,1
500113008,20231030,597,43,42,1,25.02594,121.50651,1
500113008,20231030,598,43,42,1,25.02594,121.50651,1
500113008,20231030,599,43,42,1,25.02594,121.50651,1
500113008,20231030,601,43,42,1,25.02594,121.50651,1
500113008,20231030,602,43,42,1,25.02594,121.50651,1
500113008,20231030,604,43,42,1,25.02594,121.50651,1
500113008,20231030,605,43,41,1,25.02594,121.50651,2
500113008,20231030,606,43,41,1,25.02594,121.50651,2
500113008,20231030,607,43,41,1,25.02594,121.50651,2
500113008,20231030,609,43,40,1,25.02594,121.50651,3
500113008,20231030,611,43,43,1,25.02594,121.50651,0
500113008,20231030,612,43,43,1,25.02594,121.50651,0
500113008,20231030,629,43,42,1,25.02594,121.50651,1
500113008,20231030,631,43,42,1,25.02594,121.50651,1
500113008,20231030,633,43,42,1,25.02594,121.50651,1
500113008,20231030,634,43,42,1,25.02594,121.50651,1
500113008,20231030,635,43,42,1,25.02594,121.50651,1
500113008,20231030,636,43,42,1,25.02594,121.50651,1
500113008,20231030,637,43,42,1,25.02594,121.50651,1
500113008,20231030,638,43,42,1,25.02594,121.50651,1
500113008,20231030,639,43,42,1,25.02594,121.50651,1
500113008,20231030,641,43,42,1,25.02594,121.50651,1
500113008,20231030,642,43,42,1,25.02594,121.50651,1
500113008,20231030,644,43,43,1,25.02594,121.50651,0
500113008,20231030,645,43,43,1,25.02594,121.50651,0
500113008,20231030,646,43,43,1,25.02594,121.50651,0
500113008,20231030,647,43,43,1,25.02594,121.50651,0
500113008,20231030,648,43,43,1,25.02594,121.50651,0
500113008,20231030,649,43,43,1,25.02594,121.50651,0
500113008,20231030,651,43,43,1,25.02594,121.50651,0
500113008,20231030,652,43,43,1,25.02594,121.50651,0
500113008,20231030,653,43,43,1,25.02594,121.50651,0
500113008,20231030,654,43,43,1,25.02594,121.50651,0
500113008,20231030,655,43,43,1,25.02594,121.50651,0
500113008,20231030,656,43,41,1,25.02594,121.50651,2
500113008,20231030,657,43,41,1,25.02594,121.50651,2
500113008,20231030,658,43,41,1,25.02594,121.50651,2
500113008,20231030,659,43,41,1,25.02594,121.50651,2
500113008,20231030,661,43,41,1,25.02594,121.50651,2
500113008,20231030,662,43,41,1,25.02594,121.50651,2
500113008,20231030,663,43,41,1,25.02594,121.50651,2
500113008,20231030,664,43,41,1,25.02594,121.50651,2
500113008,20231030,665,43,41,1,25.02594,121.50651,2
500113008,20231030,666,43,41,1,25.02594,121.50651,2
500113008,20231030,667,43,40,1,25.02594,121.50651,3
500113008,20231030,668,43,40,1,25.02594,121.50651,3
500113008,20231030,669,43,40,1,25.02594,121.50651,3
500113008,20231030,671,43,40,1,25.02594,121.50651,3
500113008,20231030,673,43,42,1,25.02594,121.50651,1
500113008,20231030,674,43,42,1,25.02594,121.50651,1
500113008,20231030,675,43,42,1,25.02594,121.50651,1
500113008,20231030,676,43,42,1,25.02594,121.50651,1
500113008,20231030,677,43,42,1,25.02594,121.50651,1
500113008,20231030,678,43,42,1,25.02594,121.50651,1
500113008,20231030,679,43,42,1,25.02594,121.50651,1
500113008,20231030,681,43,42,1,25.02594,121.50651,1
500113008,20231030,682,43,42,1,25.02594,121.50651,1
500113008,20231030,683,43,42,1,25.02594,121.50651,1
500113008,20231030,684,43,42,1,25.02594,121.50651,1
500113008,20231030,685,43,42,1,25.02594,121.50651,1
500113008,20231030,686,43,42,1,25.02594,121.50651,1
500113008,20231030,687,43,41,1,25.02594,121.50651,2
500113008,20231030,688,43,41,1,25.02594,121.50651,2
500113008,20231030,689,43,41,1,25.02594,121.50651,2
500113008,20231030,691,43,41,1,25.02594,121.50651,2
500113008,20231030,692,43,42,1,25.02594,121.50651,1
500113008,20231030,693,43,42,1,25.02594,121.50651,1
500113008,20231030,694,43,42,1,25.02594,121.50651,1
500113008,20231030,695,43,42,1,25.02594,121.50651,1
500113008,20231030,696,43,42,1,25.02594,121.50651,1
500113008,20231030,697,43,42,1,25.02594,121.50651,1
500113008,20231030,698,43,42,1,25.02594,121.50651,1
500113008,20231030,699,43,42,1,25.02594,121.50651,1
500113008,20231030,700,43,42,1,25.02594,121.50651,1
500113008,20231030,701,43,42,1,25.02594,121.50651,1
500113008,20231030,703,43,42,1,25.02594,121.50651,1
500113008,20231030,705,43,42,1,25.02594,121.50651,1
500113008,20231030,706,43,41,1,25.02594,121.50651,2
500113008,20231030,707,43,41,1,25.02594,121.50651,2
500113008,20231030,708,43,41,1,25.02594,121.50651,2
500113008,20231030,709,43,41,1,25.02594,121.50651,2
500113008,20231030,710,43,41,1,25.02594,121.50651,2
500113008,20231030,712,43,41,1,25.02594,121.50651,2
500113008,20231030,713,43,41,1,25.02594,121.50651,2
500113008,20231030,714,43,41,1,25.02594,121.50651,2
500113008,20231030,715,43,41,1,25.02594,121.50651,2
500113008,20231030,716,43,41,1,25.02594,121.50651,2
500113008,20231030,718,43,42,1,25.02594,121.50651,1
500113008,20231030,719,43,42,1,25.02594,121.50651,1
500113008,20231030,721,43,42,1,25.02594,121.50651,1
500113008,20231030,722,43,42,1,25.02594,121.50651,1
500113008,20231030,723,43,42,1,25.02594,121.50651,1
500113008,20231030,724,43,42,1,25.02594,121.50651,1
500113008,20231030,725,43,42,1,25.02594,121.50651,1
500113008,20231030,726,43,42,1,25.02594,121.50651,1
500113008,20231030,727,43,42,1,25.02594,121.50651,1
500113008,20231030,728,43,42,1,25.02594,121.50651,1
500113008,20231030,729,43,42,1,25.02594,121.50651,1
500113008,20231030,731,43,42,1,25.02594,121.50651,1
500113008,20231030,732,43,42,1,25.02594,121.50651,1
500113008,20231030,733,43,42,1,25.02594,121.50651,1
500113008,20231030,734,43,42,1,25.02594,121.50651,1
500113008,20231030,735,43,42,1,25.02594,121.50651,1
500113008,20231030,736,43,42,1,25.02594,121.50651,1
500113008,20231030,737,43,42,1,25.02594,121.50651,1
500113008,20231030,738,43,42,1,25.02594,121.50651,1
500113008,20231030,739,43,42,1,25.02594,121.50651,1
500113008,20231030,741,43,42,1,25.02594,121.50651,1
500113008,20231030,742,43,42,1,25.02594,121.50651,1
500113008,20231030,743,43,41,1,25.02594,121.50651,2
500113008,20231030,744,43,41,1,25.02594,121.50651,2
500113008,20231030,745,43,41,1,25.02594,121.50651,2
500113008,20231030,746,43,41,1,25.02594,121.50651,2
500113008,20231030,747,43,41,1,25.02594,121.50651,2
500113008,20231030,748,43,41,1,25.02594,121.50651,2
500113008,20231030,749,43,41,1,25.02594,121.50651,2
500113008,20231030,751,43,41,1,25.02594,121.50651,2
500113008,20231030,752,43,41,1,25.02594,121.50651,2
500113008,20231030,753,43,41,1,25.02594,121.50651,2
500113008,20231030,754,43,41,1,25.02594,121.50651,2
500113008,20231030,755,43,41,1,25.02594,121.50651,2
500113008,20231030,756,43,41,1,25.02594,121.50651,2
500113008,20231030,757,43,40,1,25.02594,121.50651,3
500113008,20231030,758,43,41,1,25.02594,121.50651,2
500113008,20231030,759,43,41,1,25.02594,121.50651,2
500113008,20231030,761,43,42,1,25.02594,121.50651,1
500113008,20231030,762,43,42,1,25.02594,121.50651,1
500113008,20231030,763,43,42,1,25.02594,121.50651,1
500113008,20231030,764,43,42,1,25.02594,121.50651,1
500113008,20231030,765,43,42,1,25.02594,121.50651,1
500113008,20231030,766,43,42,1,25.02594,121.50651,1
500113008,20231030,767,43,42,1,25.02594,121.50651,1
500113008,20231030,768,43,42,1,25.02594,121.50651,1
500113008,20231030,769,43,42,1,25.02594,121.50651,1
500113008,20231030,771,43,43,1,25.02594,121.50651,0
500113008,20231030,772,43,43,1,25.02594,121.50651,0
500113008,20231030,773,43,43,1,25.02594,121.50651,0
500113008,20231030,774,43,43,1,25.02594,121.50651,0
500113008,20231030,775,43,43,1,25.02594,121.50651,0
500113008,20231030,776,43,43,1,25.02594,121.50651,0
500113008,20231030,778,43,43,1,25.02594,121.50651,0
500113008,20231030,779,43,43,1,25.02594,121.50651,0
500113008,20231030,781,43,43,1,25.02594,121.50651,0
500113008,20231030,782,43,43,1,25.02594,121.50651,0
500113008,20231030,783,43,43,1,25.02594,121.50651,0
500113008,20231030,784,43,43,1,25.02594,121.50651,0
500113008,20231030,785,43,43,1,25.02594,121.50651,0
500113008,20231030,786,43,43,1,25.02594,121.50651,0
500113008,20231030,787,43,43,1,25.02594,121.50651,0
500113008,20231030,788,43,43,1,25.02594,121.50651,0
500113008,20231030,789,43,43,1,25.02594,121.50651,0
500113008,20231030,791,43,43,1,25.02594,121.50651,0
500113008,20231030,792,43,43,1,25.02594,121.50651,0
500113008,20231030,793,43,43,1,25.02594,121.50651,0
500113008,20231030,794,43,43,1,25.02594,121.50651,0
500113008,20231030,796,43,43,1,25.02594,121.50651,0
500113008,20231030,797,43,43,1,25.02594,121.50651,0
500113008,20231030,799,43,43,1,25.02594,121.50651,0
500113008,20231030,801,43,43,1,25.02594,121.50651,0
500113008,20231030,802,43,43,1,25.02594,121.50651,0
500113008,20231030,803,43,43,1,25.02594,121.50651,0
500113008,20231030,804,43,42,1,25.02594,121.50651,1
500113008,20231030,805,43,43,1,25.02594,121.50651,0
500113008,20231030,806,43,43,1,25.02594,121.50651,0
500113008,20231030,807,43,43,1,25.02594,121.50651,0
500113008,20231030,808,43,43,1,25.02594,121.50651,0
500113008,20231030,809,43,43,1,25.02594,121.50651,0
500113008,20231030,811,43,43,1,25.02594,121.50651,0
500113008,20231030,812,43,43,1,25.02594,121.50651,0
500113008,20231030,813,43,43,1,25.02594,121.50651,0
500113008,20231030,814,43,43,1,25.02594,121.50651,0
500113008,20231030,815,43,43,1,25.02594,121.50651,0
500113008,20231030,816,43,43,1,25.02594,121.50651,0
500113008,20231030,817,43,43,1,25.02594,121.50651,0
500113008,20231030,819,43,43,1,25.02594,121.50651,0
500113008,20231030,821,43,43,1,25.02594,121.50651,0
500113008,20231030,822,43,43,1,25.02594,121.50651,0
500113008,20231030,823,43,43,1,25.02594,121.50651,0
500113008,20231030,824,43,43,1,25.02594,121.50651,0
500113008,20231030,825,43,42,1,25.02594,121.50651,1
500113008,20231030,826,43,42,1,25.02594,121.50651,1
500113008,20231030,827,43,42,1,25.02594,121.50651,1
500113008,20231030,828,43,41,1,25.02594,121.50651,2
500113008,20231030,829,43,41,1,25.02594,121.50651,2
500113008,20231030,831,43,42,1,25.02594,121.50651,1
500113008,20231030,832,43,42,1,25.02594,121.50651,1
500113008,20231030,833,43,43,1,25.02594,121.50651,0
500113008,20231030,834,43,43,1,25.02594,121.50651,0
500113008,20231030,835,43,43,1,25.02594,121.50651,0
500113008,20231030,836,43,43,1,25.02594,121.50651,0
500113008,20231030,837,43,43,1,25.02594,121.50651,0
500113008,20231030,838,43,43,1,25.02594,121.50651,0
500113008,20231030,839,43,43,1,25.02594,121.50651,0
500113008,20231030,841,43,43,1,25.02594,121.50651,0
500113008,20231030,842,43,43,1,25.02594,121.50651,0
500113008,20231030,843,43,43,1,25.02594,121.50651,0
500113008,20231030,844,43,43,1,25.02594,121.50651,0
500113008,20231030,845,43,43,1,25.02594,121.50651,0
500113008,20231030,846,43,43,1,25.02594,121.50651,0
500113008,20231030,847,43,43,1,25.02594,121.50651,0
500113008,20231030,848,43,42,1,25.02594,121.50651,1
500113008,20231030,849,43,42,1,25.02594,121.50651,1
500113008,20231030,851,43,41,1,25.02594,121.50651,2
500113008,20231030,852,43,41,1,25.02594,121.50651,2
500113008,20231030,853,43,41,1,25.02594,121.50651,2
500113008,20231030,854,43,41,1,25.02594,121.50651,2
500113008,20231030,855,43,40,1,25.02594,121.50651,3
500113008,20231030,856,43,40,1,25.02594,121.50651,3
500113008,20231030,857,43,40,1,25.02594,121.50651,3
500113008,20231030,858,43,40,1,25.02594,121.50651,3
500113008,20231030,859,43,40,1,25.02594,121.50651,3
500113008,20231030,861,43,40,1,25.02594,121.50651,3
500113008,20231030,862,43,39,1,25.02594,121.50651,4
500113008,20231030,863,43,40,1,25.02594,121.50651,3
500113008,20231030,864,43,40,1,25.02594,121.50651,3
500113008,20231030,865,43,40,1,25.02594,121.50651,3
500113008,20231030,866,43,41,1,25.02594,121.50651,2
500113008,20231030,867,43,41,1,25.02594,121.50651,2
500113008,20231030,868,43,41,1,25.02594,121.50651,2
500113008,20231030,869,43,41,1,25.02594,121.50651,2
500113008,20231030,871,43,41,1,25.02594,121.50651,2
500113008,20231030,872,43,41,1,25.02594,121.50651,2
500113008,20231030,873,43,41,1,25.02594,121.50651,2
500113008,20231030,874,43,41,1,25.02594,121.50651,2
500113008,20231030,875,43,41,1,25.02594,121.50651,2
500113008,20231030,877,43,42,1,25.02594,121.50651,1
500113008,20231030,878,43,42,1,25.02594,121.50651,1
500113008,20231030,879,43,42,1,25.02594,121.50651,1
500113008,20231030,881,43,43,1,25.02594,121.50651,0
500113008,20231030,882,43,43,1,25.02594,121.50651,0
500113008,20231030,883,43,43,1,25.02594,121.50651,0
500113008,20231030,884,43,43,1,25.02594,121.50651,0
500113008,20231030,885,43,42,1,25.02594,121.50651,1
500113008,20231030,886,43,42,1,25.02594,121.50651,1
500113008,20231030,887,43,42,1,25.02594,121.50651,1
500113008,20231030,888,43,42,1,25.02594,121.50651,1
500113008,20231030,889,43,42,1,25.02594,121.50651,1
500113008,20231030,891,43,43,1,25.02594,121.50651,0
500113008,20231030,892,43,43,1,25.02594,121.50651,0
500113008,20231030,893,43,43,1,25.02594,121.50651,0
500113008,20231030,894,43,43,1,25.02594,121.50651,0
500113008,20231030,895,43,43,1,25.02594,121.50651,0
500113008,20231030,896,43,43,1,25.02594,121.50651,0
500113008,20231030,897,43,43,1,25.02594,121.50651,0
500113008,20231030,898,43,43,1,25.02594,121.50651,0
500113008,20231030,899,43,43,1,25.02594,121.50651,0
500113008,20231030,901,43,43,1,25.02594,121.50651,0
500113008,20231030,902,43,43,1,25.02594,121.50651,0
500113008,20231030,903,43,43,1,25.02594,121.50651,0
500113008,20231030,904,43,43,1,25.02594,121.50651,0
500113008,20231030,905,43,43,1,25.02594,121.50651,0
500113008,20231030,906,43,43,1,25.02594,121.50651,0
500113008,20231030,907,43,43,1,25.02594,121.50651,0
500113008,20231030,908,43,43,1,25.02594,121.50651,0
500113008,20231030,909,43,43,1,25.02594,121.50651,0
500113008,20231030,911,43,43,1,25.02594,121.50651,0
500113008,20231030,912,43,42,1,25.02594,121.50651,1
500113008,20231030,913,43,42,1,25.02594,121.50651,1
500113008,20231030,914,43,42,1,25.02594,121.50651,1
500113008,20231030,915,43,42,1,25.02594,121.50651,1
500113008,20231030,916,43,42,1,25.02594,121.50651,1
500113008,20231030,917,43,42,1,25.02594,121.50651,1
500113008,20231030,918,43,43,1,25.02594,121.50651,0
500113008,20231030,919,43,43,1,25.02594,121.50651,0
500113008,20231030,921,43,43,1,25.02594,121.50651,0
500113008,20231030,922,43,43,1,25.02594,121.50651,0
500113008,20231030,923,43,43,1,25.02594,121.50651,0
500113008,20231030,924,43,43,1,25.02594,121.50651,0
500113008,20231030,925,43,43,1,25.02594,121.50651,0
500113008,20231030,926,43,43,1,25.02594,121.50651,0
500113008,20231030,927,43,43,1,25.02594,121.50651,0
500113008,20231030,928,43,43,1,25.02594,121.50651,0
500113008,20231030,929,43,43,1,25.02594,121.50651,0
500113008,20231030,931,43,43,1,25.02594,121.50651,0
500113008,20231030,932,43,43,1,25.02594,121.50651,0
500113008,20231030,933,43,43,1,25.02594,121.50651,0
500113008,20231030,934,43,43,1,25.02594,121.50651,0
500113008,20231030,935,43,43,1,25.02594,121.50651,0
500113008,20231030,936,43,43,1,25.02594,121.50651,0
500113008,20231030,937,43,43,1,25.02594,121.50651,0
500113008,20231030,938,43,43,1,25.02594,121.50651,0
500113008,20231030,939,43,43,1,25.02594,121.50651,0
500113008,20231030,941,43,43,1,25.02594,121.50651,0
500113008,20231030,942,43,43,1,25.02594,121.50651,0
500113008,20231030,943,43,42,1,25.02594,121.50651,1
500113008,20231030,944,43,42,1,25.02594,121.50651,1
500113008,20231030,945,43,42,1,25.02594,121.50651,1
500113008,20231030,946,43,42,1,25.02594,121.50651,1
500113008,20231030,947,43,41,1,25.02594,121.50651,2
500113008,20231030,948,43,41,1,25.02594,121.50651,2
500113008,20231030,949,43,41,1,25.02594,121.50651,2
500113008,20231030,951,43,41,1,25.02594,121.50651,2
500113008,20231030,952,43,41,1,25.02594,121.50651,2
500113008,20231030,953,43,42,1,25.02594,121.50651,1
500113008,20231030,954,43,42,1,25.02594,121.50651,1
500113008,20231030,955,43,42,1,25.02594,121.50651,1
500113008,20231030,956,43,41,1,25.02594,121.50651,2
500113008,20231030,957,43,41,1,25.02594,121.50651,2
500113008,20231030,958,43,41,1,25.02594,121.50651,2
500113008,20231030,959,43,41,1,25.02594,121.50651,2
500113008,20231030,961,43,41,1,25.02594,121.50651,2
500113008,20231030,962,43,41,1,25.02594,121.50651,2
500113008,20231030,963,43,41,1,25.02594,121.50651,2
500113008,20231030,964,43,41,1,25.02594,121.50651,2
500113008,20231030,965,43,39,1,25.02594,121.50651,4
500113008,20231030,966,43,39,1,25.02594,121.50651,4
500113008,20231030,967,43,39,1,25.02594,121.50651,4
500113008,20231030,968,43,40,1,25.02594,121.50651,3
500113008,20231030,969,43,40,1,25.02594,121.50651,3
500113008,20231030,971,43,40,1,25.02594,121.50651,3
500113008,20231030,972,43,40,1,25.02594,121.50651,3
500113008,20231030,973,43,39,1,25.02594,121.50651,4
500113008,20231030,974,43,39,1,25.02594,121.50651,4
500113008,20231030,975,43,39,1,25.02594,121.50651,4
500113008,20231030,976,43,39,1,25.02594,121.50651,4
500113008,20231030,977,43,40,1,25.02594,121.50651,3
500113008,20231030,978,43,38,1,25.02594,121.50651,5
500113008,20231030,979,43,37,1,25.02594,121.50651,6
500113008,20231030,981,43,37,1,25.02594,121.50651,6
500113008,20231030,982,43,37,1,25.02594,121.50651,6
500113008,20231030,983,43,37,1,25.02594,121.50651,6
500113008,20231030,984,43,37,1,25.02594,121.50651,6
500113008,20231030,985,43,38,1,25.02594,121.50651,5
500113008,20231030,986,43,38,1,25.02594,121.50651,5
500113008,20231030,987,43,37,1,25.02594,121.50651,6
500113008,20231030,988,43,37,1,25.02594,121.50651,6
500113008,20231030,989,43,37,1,25.02594,121.50651,6
500113008,20231030,992,43,37,1,25.02594,121.50651,6
500113008,20231030,993,43,36,1,25.02594,121.50651,7
500113008,20231030,994,43,36,1,25.02594,121.50651,7
500113008,20231030,995,43,36,1,25.02594,121.50651,7
500113008,20231030,996,43,36,1,25.02594,121.50651,7
500113008,20231030,997,43,36,1,25.02594,121.50651,7
500113008,20231030,998,43,37,1,25.02594,121.50651,6
500113008,20231030,999,43,37,1,25.02594,121.50651,6
500113008,20231030,1001,43,39,1,25.02594,121.50651,4
500113008,20231030,1002,43,38,1,25.02594,121.50651,5
500113008,20231030,1003,43,38,1,25.02594,121.50651,5
500113008,20231030,1004,43,38,1,25.02594,121.50651,5
500113008,20231030,1005,43,38,1,25.02594,121.50651,5
500113008,20231030,1006,43,38,1,25.02594,121.50651,5
500113008,20231030,1007,43,38,1,25.02594,121.50651,5
500113008,20231030,1008,43,39,1,25.02594,121.50651,4
500113008,20231030,1009,43,39,1,25.02594,121.50651,4
500113008,20231030,1011,43,38,1,25.02594,121.50651,5
500113008,20231030,1012,43,38,1,25.02594,121.50651,5
500113008,20231030,1013,43,38,1,25.02594,121.50651,5
500113008,20231030,1014,43,38,1,25.02594,121.50651,5
500113008,20231030,1015,43,38,1,25.02594,121.50651,5
500113008,20231030,1016,43,38,1,25.02594,121.50651,5
500113008,20231030,1017,43,37,1,25.02594,121.50651,6
500113008,20231030,1018,43,37,1,25.02594,121.50651,6
500113008,20231030,1019,43,37,1,25.02594,121.50651,6
500113008,20231030,1022,43,37,1,25.02594,121.50651,6
500113008,20231030,1023,43,37,1,25.02594,121.50651,6
500113008,20231030,1024,43,37,1,25.02594,121.50651,6
500113008,20231030,1025,43,37,1,25.02594,121.50651,6
500113008,20231030,1026,43,37,1,25.02594,121.50651,6
500113008,20231030,1027,43,37,1,25.02594,121.50651,6
500113008,20231030,1028,43,34,1,25.02594,121.50651,9
500113008,20231030,1029,43,34,1,25.02594,121.50651,9
500113008,20231030,1031,43,34,1,25.02594,121.50651,9
500113008,20231030,1032,43,34,1,25.02594,121.50651,9
500113008,20231030,1033,43,34,1,25.02594,121.50651,9
500113008,20231030,1034,43,34,1,25.02594,121.50651,9
500113008,20231030,1035,43,34,1,25.02594,121.50651,9
500113008,20231030,1036,43,34,1,25.02594,121.50651,9
500113008,20231030,1037,43,34,1,25.02594,121.50651,9
500113008,20231030,1038,43,35,1,25.02594,121.50651,8
500113008,20231030,1039,43,36,1,25.02594,121.50651,7
500113008,20231030,1041,43,36,1,25.02594,121.50651,7
500113008,20231030,1042,43,36,1,25.02594,121.50651,7
500113008,20231030,1044,43,36,1,25.02594,121.50651,7
500113008,20231030,1045,43,36,1,25.02594,121.50651,7
500113008,20231030,1046,43,35,1,25.02594,121.50651,8
500113008,20231030,1047,43,36,1,25.02594,121.50651,7
500113008,20231030,1048,43,37,1,25.02594,121.50651,6
500113008,20231030,1049,43,37,1,25.02594,121.50651,6
500113008,20231030,1051,43,35,1,25.02594,121.50651,8
500113008,20231030,1052,43,34,1,25.02594,121.50651,9
500113008,20231030,1053,43,34,1,25.02594,121.50651,9
500113008,20231030,1054,43,34,1,25.02594,121.50651,9
500113008,20231030,1055,43,33,1,25.02594,121.50651,10
500113008,20231030,1056,43,33,1,25.02594,121.50651,10
500113008,20231030,1057,43,32,1,25.02594,121.50651,11
500113008,20231030,1058,43,32,1,25.02594,121.50651,11
500113008,20231030,1059,43,32,1,25.02594,121.50651,11
500113008,20231030,1061,43,32,1,25.02594,121.50651,11
500113008,20231030,1062,43,32,1,25.02594,121.50651,11
500113008,20231030,1063,43,33,1,25.02594,121.50651,10
500113008,20231030,1064,43,33,1,25.02594,121.50651,10
500113008,20231030,1065,43,33,1,25.02594,121.50651,10
500113008,20231030,1066,43,33,1,25.02594,121.50651,10
500113008,20231030,1067,43,33,1,25.02594,121.50651,10
500113008,20231030,1068,43,33,1,25.02594,121.50651,10
500113008,20231030,1069,43,32,1,25.02594,121.50651,11
500113008,20231030,1070,43,33,1,25.02594,121.50651,10
500113008,20231030,1072,43,33,1,25.02594,121.50651,10
500113008,20231030,1073,43,34,1,25.02594,121.50651,9
500113008,20231030,1074,43,33,1,25.02594,121.50651,10
500113008,20231030,1075,43,33,1,25.02594,121.50651,10
500113008,20231030,1076,43,34,1,25.02594,121.50651,9
500113008,20231030,1077,43,34,1,25.02594,121.50651,9
500113008,20231030,1078,43,34,1,25.02594,121.50651,9
500113008,20231030,1079,43,34,1,25.02594,121.50651,9
500113008,20231030,1081,43,33,1,25.02594,121.50651,10
500113008,20231030,1082,43,33,1,25.02594,121.50651,10
500113008,20231030,1083,43,33,1,25.02594,121.50651,10
500113008,20231030,1084,43,33,1,25.02594,121.50651,10
500113008,20231030,1085,43,33,1,25.02594,121.50651,10
500113008,20231030,1086,43,33,1,25.02594,121.50651,10
500113008,20231030,1087,43,31,1,25.02594,121.50651,12
500113008,20231030,1088,43,31,1,25.02594,121.50651,12
500113008,20231030,1089,43,31,1,25.02594,121.50651,12
500113008,20231030,1091,43,32,1,25.02594,121.50651,11
500113008,20231030,1092,43,32,1,25.02594,121.50651,11
500113008,20231030,1093,43,32,1,25.02594,121.50651,11
500113008,20231030,1094,43,32,1,25.02594,121.50651,11
500113008,20231030,1095,43,32,1,25.02594,121.50651,11
500113008,20231030,1096,43,32,1,25.02594,121.50651,11
500113008,20231030,1097,43,32,1,25.02594,121.50651,11
500113008,20231030,1098,43,32,1,25.02594,121.50651,11
500113008,20231030,1099,43,31,1,25.02594,121.50651,12
500113008,20231030,1101,43,29,1,25.02594,121.50651,14
500113008,20231030,1102,43,28,1,25.02594,121.50651,15
500113008,20231030,1103,43,28,1,25.02594,121.50651,15
500113008,20231030,1104,43,28,1,25.02594,121.50651,15
500113008,20231030,1105,43,29,1,25.02594,121.50651,14
500113008,20231030,1106,43,29,1,25.02594,121.50651,14
500113008,20231030,1107,43,27,1,25.02594,121.50651,16
500113008,20231030,1108,43,27,1,25.02594,121.50651,16
500113008,20231030,1109,43,26,1,25.02594,121.50651,17
500113008,20231030,1111,43,26,1,25.02594,121.50651,17
500113008,20231030,1112,43,26,1,25.02594,121.50651,17
500113008,20231030,1113,43,26,1,25.02594,121.50651,17
500113008,20231030,1114,43,26,1,25.02594,121.50651,17
500113008,20231030,1115,43,26,1,25.02594,121.50651,17
500113008,20231030,1116,43,26,1,25.02594,121.50651,17
500113008,20231030,1117,43,26,1,25.02594,121.50651,17
500113008,20231030,1118,43,26,1,25.02594,121.50651,17
500113008,20231030,1119,43,25,1,25.02594,121.50651,18
500113008,20231030,1121,43,23,1,25.02594,121.50651,20
500113008,20231030,1122,43,22,1,25.02594,121.50651,21
500113008,20231030,1123,43,22,1,25.02594,121.50651,21
500113008,20231030,1124,43,22,1,25.02594,121.50651,21
500113008,20231030,1125,43,22,1,25.02594,121.50651,21
500113008,20231030,1126,43,22,1,25.02594,121.50651,21
500113008,20231030,1127,43,22,1,25.02594,121.50651,21
500113008,20231030,1128,43,22,1,25.02594,121.50651,21
500113008,20231030,1129,43,22,1,25.02594,121.50651,21
500113008,20231030,1131,43,22,1,25.02594,121.50651,21
500113008,20231030,1132,43,21,1,25.02594,121.50651,22
500113008,20231030,1133,43,21,1,25.02594,121.50651,22
500113008,20231030,1134,43,21,1,25.02594,121.50651,22
500113008,20231030,1135,43,21,1,25.02594,121.50651,22
500113008,20231030,1136,43,21,1,25.02594,121.50651,22
500113008,20231030,1137,43,21,1,25.02594,121.50651,22
500113008,20231030,1138,43,21,1,25.02594,121.50651,22
500113008,20231030,1139,43,20,1,25.02594,121.50651,23
500113008,20231030,1141,43,19,1,25.02594,121.50651,24
500113008,20231030,1142,43,19,1,25.02594,121.50651,24
500113008,20231030,1143,43,20,1,25.02594,121.50651,23
500113008,20231030,1144,43,20,1,25.02594,121.50651,23
500113008,20231030,1145,43,20,1,25.02594,121.50651,23
500113008,20231030,1146,43,20,1,25.02594,121.50651,23
500113008,20231030,1147,43,19,1,25.02594,121.50651,24
500113008,20231030,1148,43,17,1,25.02594,121.50651,26
500113008,20231030,1149,43,16,1,25.02594,121.50651,27
500113008,20231030,1151,43,15,1,25.02594,121.50651,28
500113008,20231030,1152,43,15,1,25.02594,121.50651,28
500113008,20231030,1153,43,15,1,25.02594,121.50651,28
500113008,20231030,1154,43,15,1,25.02594,121.50651,28
500113008,20231030,1155,43,15,1,25.02594,121.50651,28
500113008,20231030,1156,43,15,1,25.02594,121.50651,28
500113008,20231030,1157,43,15,1,25.02594,121.50651,28
500113008,20231030,1158,43,15,1,25.02594,121.50651,28
500113008,20231030,1159,43,15,1,25.02594,121.50651,28
500113008,20231030,1161,43,15,1,25.02594,121.50651,28
500113008,20231030,1162,43,15,1,25.02594,121.50651,28
500113008,20231030,1163,43,15,1,25.02594,121.50651,28
500113008,20231030,1164,43,15,1,25.02594,121.50651,28
500113008,20231030,1165,43,15,1,25.02594,121.50651,28
500113008,20231030,1166,43,15,1,25.02594,121.50651,28
500113008,20231030,1167,43,15,1,25.02594,121.50651,28
500113008,20231030,1168,43,15,1,25.02594,121.50651,28
500113008,20231030,1169,43,15,1,25.02594,121.50651,28
500113008,20231030,1171,43,16,1,25.02594,121.50651,27
500113008,20231030,1172,43,16,1,25.02594,121.50651,27
500113008,20231030,1173,43,16,1,25.02594,121.50651,27
500113008,20231030,1174,43,15,1,25.02594,121.50651,28
500113008,20231030,1175,43,15,1,25.02594,121.50651,28
500113008,20231030,1176,43,15,1,25.02594,121.50651,28
500113008,20231030,1177,43,15,1,25.02594,121.50651,28
500113008,20231030,1178,43,15,1,25.02594,121.50651,28
500113008,20231030,1179,43,15,1,25.02594,121.50651,28
500113008,20231030,1181,43,15,1,25.02594,121.50651,28
500113008,20231030,1182,43,15,1,25.02594,121.50651,28
500113008,20231030,1183,43,15,1,25.02594,121.50651,28
500113008,20231030,1184,43,15,1,25.02594,121.50651,28
500113008,20231030,1185,43,15,1,25.02594,121.50651,28
500113008,20231030,1186,43,15,1,25.02594,121.50651,28
500113008,20231030,1187,43,15,1,25.02594,121.50651,28
500113008,20231030,1188,43,15,1,25.02594,121.50651,28
500113008,20231030,1189,43,15,1,25.02594,121.50651,28
500113008,20231030,1190,43,15,1,25.02594,121.50651,28
500113008,20231030,1191,43,15,1,25.02594,121.50651,28
500113008,20231030,1192,43,15,1,25.02594,121.50651,28
500113008,20231030,1193,43,15,1,25.02594,121.50651,28
500113008,20231030,1194,43,15,1,25.02594,121.50651,28
500113008,20231030,1195,43,15,1,25.02594,121.50651,28
500113008,20231030,1196,43,16,1,25.02594,121.50651,27
500113008,20231030,1197,43,16,1,25.02594,121.50651,27
500113008,20231030,1198,43,15,1,25.02594,121.50651,28
500113008,20231030,1199,43,15,1,25.02594,121.50651,28
500113008,20231030,1201,43,16,1,25.02594,121.50651,27
500113008,20231030,1202,43,15,1,25.02594,121.50651,28
500113008,20231030,1203,43,15,1,25.02594,121.50651,28
500113008,20231030,1204,43,15,1,25.02594,121.50651,28
500113008,20231030,1205,43,15,1,25.02594,121.50651,28
500113008,20231030,1206,43,15,1,25.02594,121.50651,28
500113008,20231030,1207,43,15,1,25.02594,121.50651,28
500113008,20231030,1208,43,17,1,25.02594,121.50651,26
500113008,20231030,1209,43,17,1,25.02594,121.50651,26
500113008,20231030,1210,43,18,1,25.02594,121.50651,25
500113008,20231030,1211,43,18,1,25.02594,121.50651,25
500113008,20231030,1212,43,18,1,25.02594,121.50651,25
500113008,20231030,1213,43,18,1,25.02594,121.50651,25
500113008,20231030,1214,43,18,1,25.02594,121.50651,25
500113008,20231030,1215,43,18,1,25.02594,121.50651,25
500113008,20231030,1216,43,18,1,25.02594,121.50651,25
500113008,20231030,1217,43,18,1,25.02594,121.50651,25
500113008,20231030,1218,43,18,1,25.02594,121.50651,25
500113008,20231030,1219,43,18,1,25.02594,121.50651,25
500113008,20231030,1221,43,18,1,25.02594,121.50651,25
500113008,20231030,1222,43,18,1,25.02594,121.50651,25
500113008,20231030,1223,43,18,1,25.02594,121.50651,25
500113008,20231030,1224,43,18,1,25.02594,121.50651,25
500113008,20231030,1225,43,19,1,25.02594,121.50651,24
500113008,20231030,1226,43,19,1,25.02594,121.50651,24
500113008,20231030,1227,43,19,1,25.02594,121.50651,24
500113008,20231030,1228,43,19,1,25.02594,121.50651,24
500113008,20231030,1229,43,19,1,25.02594,121.50651,24
500113008,20231030,1231,43,19,1,25.02594,121.50651,24
500113008,20231030,1232,43,19,1,25.02594,121.50651,24
500113008,20231030,1233,43,20,1,25.02594,121.50651,23
500113008,20231030,1234,43,20,1,25.02594,121.50651,23
500113008,20231030,1235,43,21,1,25.02594,121.50651,22
500113008,20231030,1236,43,22,1,25.02594,121.50651,21
500113008,20231030,1237,43,23,1,25.02594,121.50651,20
500113008,20231030,1238,43,23,1,25.02594,121.50651,20
500113008,20231030,1239,43,23,1,25.02594,121.50651,20
500113008,20231030,1240,43,23,1,25.02594,121.50651,20
500113008,20231030,1241,43,22,1,25.02594,121.50651,21
500113008,20231030,1242,43,22,1,25.02594,121.50651,21
500113008,20231030,1243,43,22,1,25.02594,121.50651,21
500113008,20231030,1244,43,22,1,25.02594,121.50651,21
500113008,20231030,1245,43,21,1,25.02594,121.50651,22
500113008,20231030,1246,43,21,1,25.02594,121.50651,22
500113008,20231030,1247,43,19,1,25.02594,121.50651,24
500113008,20231030,1248,43,20,1,25.02594,121.50651,23
500113008,20231030,1249,43,21,1,25.02594,121.50651,22
500113008,20231030,1250,43,22,1,25.02594,121.50651,21
500113008,20231030,1251,43,22,1,25.02594,121.50651,21
500113008,20231030,1252,43,22,1,25.02594,121.50651,21
500113008,20231030,1253,43,23,1,25.02594,121.50651,20
500113008,20231030,1254,43,23,1,25.02594,121.50651,20
500113008,20231030,1255,43,23,1,25.02594,121.50651,20
500113008,20231030,1256,43,24,1,25.02594,121.50651,19
500113008,20231030,1257,43,24,1,25.02594,121.50651,19
500113008,20231030,1258,43,24,1,25.02594,121.50651,19
500113008,20231030,1259,43,24,1,25.02594,121.50651,19
500113008,20231030,1261,43,24,1,25.02594,121.50651,19
500113008,20231030,1262,43,24,1,25.02594,121.50651,19
500113008,20231030,1263,43,24,1,25.02594,121.50651,19
500113008,20231030,1264,43,25,1,25.02594,121.50651,18
500113008,20231030,1265,43,25,1,25.02594,121.50651,18
500113008,20231030,1266,43,25,1,25.02594,121.50651,18
500113008,20231030,1267,43,26,1,25.02594,121.50651,17
500113008,20231030,1268,43,25,1,25.02594,121.50651,18
500113008,20231030,1269,43,25,1,25.02594,121.50651,18
500113008,20231030,1270,43,26,1,25.02594,121.50651,17
500113008,20231030,1271,43,26,1,25.02594,121.50651,17
500113008,20231030,1272,43,26,1,25.02594,121.50651,17
500113008,20231030,1273,43,25,1,25.02594,121.50651,18
500113008,20231030,1274,43,25,1,25.02594,121.50651,18
500113008,20231030,1275,43,25,1,25.02594,121.50651,18
500113008,20231030,1276,43,25,1,25.02594,121.50651,18
500113008,20231030,1277,43,25,1,25.02594,121.50651,18
500113008,20231030,1278,43,25,1,25.02594,121.50651,18
500113008,20231030,1279,43,25,1,25.02594,121.50651,18
500113008,20231030,1281,43,25,1,25.02594,121.50651,18
500113008,20231030,1282,43,25,1,25.02594,121.50651,18
500113008,20231030,1283,43,24,1,25.02594,121.50651,19
500113008,20231030,1284,43,24,1,25.02594,121.50651,19
500113008,20231030,1285,43,24,1,25.02594,121.50651,19
500113008,20231030,1286,43,24,1,25.02594,121.50651,19
500113008,20231030,1287,43,24,1,25.02594,121.50651,19
500113008,20231030,1288,43,25,1,25.02594,121.50651,18
500113008,20231030,1289,43,25,1,25.02594,121.50651,18
500113008,20231030,1291,43,25,1,25.02594,121.50651,18
500113008,20231030,1292,43,24,1,25.02594,121.50651,19
500113008,20231030,1293,43,24,1,25.02594,121.50651,19
500113008,20231030,1294,43,24,1,25.02594,121.50651,19
500113008,20231030,1295,43,24,1,25.02594,121.50651,19
500113008,20231030,1296,43,24,1,25.02594,121.50651,19
500113008,20231030,1297,43,23,1,25.02594,121.50651,20
500113008,20231030,1298,43,23,1,25.02594,121.50651,20
500113008,20231030,1299,43,23,1,25.02594,121.50651,20
500113008,20231030,1300,43,23,1,25.02594,121.50651,20
500113008,20231030,1301,43,23,1,25.02594,121.50651,20
500113008,20231030,1302,43,23,1,25.02594,121.50651,20
500113008,20231030,1303,43,23,1,25.02594,121.50651,20
500113008,20231030,1304,43,23,1,25.02594,121.50651,20
500113008,20231030,1305,43,23,1,25.02594,121.50651,20
500113008,20231030,1306,43,23,1,25.02594,121.50651,20
500113008,20231030,1307,43,23,1,25.02594,121.50651,20
500113008,20231030,1308,43,23,1,25.02594,121.50651,20
500113008,20231030,1309,43,23,1,25.02594,121.50651,20
500113008,20231030,1310,43,23,1,25.02594,121.50651,20
500113008,20231030,1311,43,23,1,25.02594,121.50651,20
500113008,20231030,1312,43,23,1,25.02594,121.50651,20
500113008,20231030,1313,43,23,1,25.02594,121.50651,20
500113008,20231030,1314,43,23,1,25.02594,121.50651,20
500113008,20231030,1315,43,23,1,25.02594,121.50651,20
500113008,20231030,1316,43,24,1,25.02594,121.50651,19
500113008,20231030,1317,43,24,1,25.02594,121.50651,19
500113008,20231030,1318,43,24,1,25.02594,121.50651,19
500113008,20231030,1319,43,24,1,25.02594,121.50651,19
500113008,20231030,1321,43,24,1,25.02594,121.50651,19
500113008,20231030,1322,43,23,1,25.02594,121.50651,20
500113008,20231030,1323,43,22,1,25.02594,121.50651,21
500113008,20231030,1324,43,22,1,25.02594,121.50651,21
500113008,20231030,1325,43,22,1,25.02594,121.50651,21
500113008,20231030,1326,43,22,1,25.02594,121.50651,21
500113008,20231030,1327,43,22,1,25.02594,121.50651,21
500113008,20231030,1328,43,21,1,25.02594,121.50651,22
500113008,20231030,1329,43,21,1,25.02594,121.50651,22
500113008,20231030,1330,43,21,1,25.02594,121.50651,22
500113008,20231030,1331,43,21,1,25.02594,121.50651,22
500113008,20231030,1332,43,21,1,25.02594,121.50651,22
500113008,20231030,1333,43,21,1,25.02594,121.50651,22
500113008,20231030,1334,43,21,1,25.02594,121.50651,22
500113008,20231030,1335,43,21,1,25.02594,121.50651,22
500113008,20231030,1336,43,21,1,25.02594,121.50651,22
500113008,20231030,1337,43,21,1,25.02594,121.50651,22
500113008,20231030,1338,43,21,1,25.02594,121.50651,22
500113008,20231030,1339,43,21,1,25.02594,121.50651,22
500113008,20231030,1341,43,20,1,25.02594,121.50651,23
500113008,20231030,1343,43,20,1,25.02594,121.50651,23
500113008,20231030,1344,43,20,1,25.02594,121.50651,23
500113008,20231030,1345,43,20,1,25.02594,121.50651,23
500113008,20231030,1346,43,20,1,25.02594,121.50651,23
500113008,20231030,1347,43,20,1,25.02594,121.50651,23
500113008,20231030,1348,43,20,1,25.02594,121.50651,23
500113008,20231030,1349,43,20,1,25.02594,121.50651,23
500113008,20231030,1351,43,20,1,25.02594,121.50651,23
500113008,20231030,1352,43,20,1,25.02594,121.50651,23
500113008,20231030,1353,43,20,1,25.02594,121.50651,23
500113008,20231030,1354,43,20,1,25.02594,121.50651,23
500113008,20231030,1355,43,20,1,25.02594,121.50651,23
500113008,20231030,1356,43,20,1,25.02594,121.50651,23
500113008,20231030,1357,43,20,1,25.02594,121.50651,23
500113008,20231030,1358,43,20,1,25.02594,121.50651,23
500113008,20231030,1359,43,20,1,25.02594,121.50651,23
500113008,20231030,1361,43,20,1,25.02594,121.50651,23
500113008,20231030,1362,43,20,1,25.02594,121.50651,23
500113008,20231030,1363,43,20,1,25.02594,121.50651,23
500113008,20231030,1364,43,20,1,25.02594,121.50651,23
500113008,20231030,1365,43,20,1,25.02594,121.50651,23
500113008,20231030,1366,43,20,1,25.02594,121.50651,23
500113008,20231030,1367,43,20,1,25.02594,121.50651,23
500113008,20231030,1368,43,20,1,25.02594,121.50651,23
500113008,20231030,1369,43,20,1,25.02594,121.50651,23
500113008,20231030,1371,43,20,1,25.02594,121.50651,23
500113008,20231030,1372,43,20,1,25.02594,121.50651,23
500113008,20231030,1373,43,20,1,25.02594,121.50651,23
500113008,20231030,1374,43,19,1,25.02594,121.50651,24
500113008,20231030,1375,43,19,1,25.02594,121.50651,24
500113008,20231030,1376,43,19,1,25.02594,121.50651,24
500113008,20231030,1377,43,19,1,25.02594,121.50651,24
500113008,20231030,1378,43,19,1,25.02594,121.50651,24
500113008,20231030,1379,43,19,1,25.02594,121.50651,24
500113008,20231030,1381,43,19,1,25.02594,121.50651,24
500113008,20231030,1382,43,20,1,25.02594,121.50651,23
500113008,20231030,1383,43,20,1,25.02594,121.50651,23
500113008,20231030,1384,43,20,1,25.02594,121.50651,23
500113008,20231030,1385,43,20,1,25.02594,121.50651,23
500113008,20231030,1386,43,20,1,25.02594,121.50651,23
500113008,20231030,1387,43,20,1,25.02594,121.50651,23
500113008,20231030,1388,43,20,1,25.02594,121.50651,23
500113008,20231030,1389,43,20,1,25.02594,121.50651,23
500113008,20231030,1391,43,20,1,25.02594,121.50651,23
500113008,20231030,1392,43,20,1,25.02594,121.50651,23
500113008,20231030,1393,43,20,1,25.02594,121.50651,23
500113008,20231030,1394,43,20,1,25.02594,121.50651,23
500113008,20231030,1395,43,20,1,25.02594,121.50651,23
500113008,20231030,1396,43,20,1,25.02594,121.50651,23
500113008,20231030,1397,43,20,1,25.02594,121.50651,23
500113008,20231030,1398,43,20,1,25.02594,121.50651,23
500113008,20231030,1399,43,20,1,25.02594,121.50651,23
500113008,20231030,1401,43,20,1,25.02594,121.50651,23
500113008,20231030,1402,43,20,1,25.02594,121.50651,23
500113008,20231030,1403,43,19,1,25.02594,121.50651,24
500113008,20231030,1404,43,18,1,25.02594,121.50651,25
500113008,20231030,1405,43,18,1,25.02594,121.50651,25
500113008,20231030,1406,43,18,1,25.02594,121.50651,25
500113008,20231030,1407,43,18,1,25.02594,121.50651,25
500113008,20231030,1408,43,18,1,25.02594,121.50651,25
500113008,20231030,1409,43,17,1,25.02594,121.50651,26
500113008,20231030,1411,43,17,1,25.02594,121.50651,26
500113008,20231030,1412,43,17,1,25.02594,121.50651,26
500113008,20231030,1413,43,17,1,25.02594,121.50651,26
500113008,20231030,1414,43,17,1,25.02594,121.50651,26
500113008,20231030,1415,43,17,1,25.02594,121.50651,26
500113008,20231030,1416,43,17,1,25.02594,121.50651,26
500113008,20231030,1417,43,17,1,25.02594,121.50651,26
500113008,20231030,1418,43,17,1,25.02594,121.50651,26
500113008,20231030,1419,43,17,1,25.02594,121.50651,26
500113008,20231030,1421,43,18,1,25.02594,121.50651,25
500113008,20231030,1422,43,18,1,25.02594,121.50651,25
500113008,20231030,1423,43,18,1,25.02594,121.50651,25
500113008,20231030,1424,43,18,1,25.02594,121.50651,25
500113008,20231030,1425,43,18,1,25.02594,121.50651,25
500113008,20231030,1426,43,18,1,25.02594,121.50651,25
500113008,20231030,1427,43,17,1,25.02594,121.50651,26
500113008,20231030,1428,43,17,1,25.02594,121.50651,26
500113008,20231030,1429,43,16,1,25.02594,121.50651,27
500113008,20231030,1431,43,17,1,25.02594,121.50651,26
500113008,20231030,1432,43,17,1,25.02594,121.50651,26
500113008,20231030,1433,43,17,1,25.02594,121.50651,26
500113008,20231030,1434,43,17,1,25.02594,121.50651,26
500113008,20231030,1435,43,17,1,25.02594,121.50651,26
500113008,20231030,1436,43,18,1,25.02594,121.50651,25
500113008,20231030,1437,43,17,1,25.02594,121.50651,26
500113008,20231030,1438,43,17,1,25.02594,121.50651,26
500113008,20231030,1439,43,17,1,25.02594,121.50651,26
500113008,20231031,1,43,17,1,25.02594,121.50651,26
500113008,20231031,2,43,17,1,25.02594,121.50651,26
500113008,20231031,3,43,16,1,25.02594,121.50651,27
500113008,20231031,4,43,17,1,25.02594,121.50651,26
500113008,20231031,5,43,17,1,25.02594,121.50651,26
500113008,20231031,6,43,17,1,25.02594,121.50651,26
500113008,20231031,7,43,17,1,25.02594,121.50651,26
500113008,20231031,8,43,17,1,25.02594,121.50651,26
500113008,20231031,9,43,17,1,25.02594,121.50651,26
500113008,20231031,10,43,17,1,25.02594,121.50651,26
500113008,20231031,11,43,17,1,25.02594,121.50651,26
500113008,20231031,12,43,17,1,25.02594,121.50651,26
500113008,20231031,13,43,17,1,25.02594,121.50651,26
500113008,20231031,14,43,17,1,25.02594,121.50651,26
500113008,20231031,15,43,17,1,25.02594,121.50651,26
500113008,20231031,16,43,17,1,25.02594,121.50651,26
500113008,20231031,17,43,17,1,25.02594,121.50651,26
500113008,20231031,18,43,17,1,25.02594,121.50651,26
500113008,20231031,19,43,17,1,25.02594,121.50651,26
500113008,20231031,21,43,17,1,25.02594,121.50651,26
500113008,20231031,22,43,17,1,25.02594,121.50651,26
500113008,20231031,23,43,17,1,25.02594,121.50651,26
500113008,20231031,24,43,17,1,25.02594,121.50651,26
500113008,20231031,25,43,17,1,25.02594,121.50651,26
500113008,20231031,26,43,17,1,25.02594,121.50651,26
500113008,20231031,27,43,17,1,25.02594,121.50651,26
500113008,20231031,28,43,17,1,25.02594,121.50651,26
500113008,20231031,29,43,17,1,25.02594,121.50651,26
500113008,20231031,30,43,17,1,25.02594,121.50651,26
500113008,20231031,31,43,17,1,25.02594,121.50651,26
500113008,20231031,32,43,17,1,25.02594,121.50651,26
500113008,20231031,33,43,17,1,25.02594,121.50651,26
500113008,20231031,34,43,17,1,25.02594,121.50651,26
500113008,20231031,35,43,16,1,25.02594,121.50651,27
500113008,20231031,36,43,16,1,25.02594,121.50651,27
500113008,20231031,37,43,16,1,25.02594,121.50651,27
500113008,20231031,38,43,16,1,25.02594,121.50651,27
500113008,20231031,39,43,16,1,25.02594,121.50651,27
500113008,20231031,40,43,16,1,25.02594,121.50651,27
500113008,20231031,41,43,16,1,25.02594,121.50651,27
500113008,20231031,42,43,16,1,25.02594,121.50651,27
500113008,20231031,43,43,16,1,25.02594,121.50651,27
500113008,20231031,44,43,16,1,25.02594,121.50651,27
500113008,20231031,45,43,16,1,25.02594,121.50651,27
500113008,20231031,46,43,16,1,25.02594,121.50651,27
500113008,20231031,47,43,16,1,25.02594,121.50651,27
500113008,20231031,48,43,16,1,25.02594,121.50651,27
500113008,20231031,49,43,16,1,25.02594,121.50651,27
500113008,20231031,50,43,16,1,25.02594,121.50651,27
500113008,20231031,51,43,16,1,25.02594,121.50651,27
500113008,20231031,52,43,16,1,25.02594,121.50651,27
500113008,20231031,53,43,16,1,25.02594,121.50651,27
500113008,20231031,54,43,16,1,25.02594,121.50651,27
500113008,20231031,55,43,16,1,25.02594,121.50651,27
500113008,20231031,56,43,16,1,25.02594,121.50651,27
500113008,20231031,57,43,16,1,25.02594,121.50651,27
500113008,20231031,58,43,16,1,25.02594,121.50651,27
500113008,20231031,59,43,16,1,25.02594,121.50651,27
500113008,20231031,60,43,16,1,25.02594,121.50651,27
500113008,20231031,61,43,16,1,25.02594,121.50651,27
500113008,20231031,62,43,16,1,25.02594,121.50651,27
500113008,20231031,63,43,16,1,25.02594,121.50651,27
500113008,20231031,64,43,16,1,25.02594,121.50651,27
500113008,20231031,65,43,16,1,25.02594,121.50651,27
500113008,20231031,66,43,16,1,25.02594,121.50651,27
500113008,20231031,67,43,16,1,25.02594,121.50651,27
500113008,20231031,68,43,16,1,25.02594,121.50651,27
500113008,20231031,69,43,16,1,25.02594,121.50651,27
500113008,20231031,70,43,16,1,25.02594,121.50651,27
500113008,20231031,71,43,16,1,25.02594,121.50651,27
500113008,20231031,72,43,16,1,25.02594,121.50651,27
500113008,20231031,73,43,16,1,25.02594,121.50651,27
500113008,20231031,74,43,16,1,25.02594,121.50651,27
500113008,20231031,75,43,16,1,25.02594,121.50651,27
500113008,20231031,76,43,16,1,25.02594,121.50651,27
500113008,20231031,77,43,16,1,25.02594,121.50651,27
500113008,20231031,78,43,16,1,25.02594,121.50651,27
500113008,20231031,79,43,16,1,25.02594,121.50651,27
500113008,20231031,81,43,16,1,25.02594,121.50651,27
500113008,20231031,82,43,16,1,25.02594,121.50651,27
500113008,20231031,83,43,16,1,25.02594,121.50651,27
500113008,20231031,84,43,16,1,25.02594,121.50651,27
500113008,20231031,85,43,16,1,25.02594,121.50651,27
500113008,20231031,86,43,16,1,25.02594,121.50651,27
500113008,20231031,87,43,16,1,25.02594,121.50651,27
500113008,20231031,88,43,16,1,25.02594,121.50651,27
500113008,20231031,89,43,16,1,25.02594,121.50651,27
500113008,20231031,90,43,16,1,25.02594,121.50651,27
500113008,20231031,91,43,16,1,25.02594,121.50651,27
500113008,20231031,92,43,16,1,25.02594,121.50651,27
500113008,20231031,93,43,16,1,25.02594,121.50651,27
500113008,20231031,94,43,16,1,25.02594,121.50651,27
500113008,20231031,95,43,16,1,25.02594,121.50651,27
500113008,20231031,96,43,16,1,25.02594,121.50651,27
500113008,20231031,97,43,16,1,25.02594,121.50651,27
500113008,20231031,98,43,16,1,25.02594,121.50651,27
500113008,20231031,99,43,16,1,25.02594,121.50651,27
500113008,20231031,100,43,16,1,25.02594,121.50651,27
500113008,20231031,101,43,16,1,25.02594,121.50651,27
500113008,20231031,102,43,16,1,25.02594,121.50651,27
500113008,20231031,103,43,16,1,25.02594,121.50651,27
500113008,20231031,104,43,16,1,25.02594,121.50651,27
500113008,20231031,105,43,16,1,25.02594,121.50651,27
500113008,20231031,106,43,16,1,25.02594,121.50651,27
500113008,20231031,107,43,16,1,25.02594,121.50651,27
500113008,20231031,108,43,16,1,25.02594,121.50651,27
500113008,20231031,109,43,16,1,25.02594,121.50651,27
500113008,20231031,110,43,16,1,25.02594,121.50651,27
500113008,20231031,111,43,16,1,25.02594,121.50651,27
500113008,20231031,112,43,16,1,25.02594,121.50651,27
500113008,20231031,113,43,16,1,25.02594,121.50651,27
500113008,20231031,114,43,16,1,25.02594,121.50651,27
500113008,20231031,115,43,16,1,25.02594,121.50651,27
500113008,20231031,116,43,16,1,25.02594,121.50651,27
500113008,20231031,117,43,16,1,25.02594,121.50651,27
500113008,20231031,118,43,16,1,25.02594,121.50651,27
500113008,20231031,119,43,16,1,25.02594,121.50651,27
500113008,20231031,121,43,16,1,25.02594,121.50651,27
500113008,20231031,122,43,16,1,25.02594,121.50651,27
500113008,20231031,123,43,16,1,25.02594,121.50651,27
500113008,20231031,124,43,16,1,25.02594,121.50651,27
500113008,20231031,125,43,16,1,25.02594,121.50651,27
500113008,20231031,126,43,16,1,25.02594,121.50651,27
500113008,20231031,127,43,16,1,25.02594,121.50651,27
500113008,20231031,128,43,16,1,25.02594,121.50651,27
500113008,20231031,129,43,16,1,25.02594,121.50651,27
500113008,20231031,131,43,16,1,25.02594,121.50651,27
500113008,20231031,132,43,16,1,25.02594,121.50651,27
500113008,20231031,133,43,16,1,25.02594,121.50651,27
500113008,20231031,134,43,16,1,25.02594,121.50651,27
500113008,20231031,135,43,16,1,25.02594,121.50651,27
500113008,20231031,136,43,16,1,25.02594,121.50651,27
500113008,20231031,137,43,16,1,25.02594,121.50651,27
500113008,20231031,138,43,16,1,25.02594,121.50651,27
500113008,20231031,139,43,16,1,25.02594,121.50651,27
500113008,20231031,141,43,16,1,25.02594,121.50651,27
500113008,20231031,142,43,16,1,25.02594,121.50651,27
500113008,20231031,143,43,16,1,25.02594,121.50651,27
500113008,20231031,144,43,16,1,25.02594,121.50651,27
500113008,20231031,145,43,16,1,25.02594,121.50651,27
500113008,20231031,146,43,16,1,25.02594,121.50651,27
500113008,20231031,147,43,16,1,25.02594,121.50651,27
500113008,20231031,148,43,16,1,25.02594,121.50651,27
500113008,20231031,149,43,16,1,25.02594,121.50651,27
500113008,20231031,151,43,16,1,25.02594,121.50651,27
500113008,20231031,152,43,16,1,25.02594,121.50651,27
500113008,20231031,153,43,16,1,25.02594,121.50651,27
500113008,20231031,154,43,16,1,25.02594,121.50651,27
500113008,20231031,155,43,16,1,25.02594,121.50651,27
500113008,20231031,156,43,16,1,25.02594,121.50651,27
500113008,20231031,157,43,16,1,25.02594,121.50651,27
500113008,20231031,158,43,16,1,25.02594,121.50651,27
500113008,20231031,159,43,16,1,25.02594,121.50651,27
500113008,20231031,161,43,16,1,25.02594,121.50651,27
500113008,20231031,162,43,15,1,25.02594,121.50651,28
500113008,20231031,163,43,15,1,25.02594,121.50651,28
500113008,20231031,164,43,15,1,25.02594,121.50651,28
500113008,20231031,165,43,15,1,25.02594,121.50651,28
500113008,20231031,166,43,15,1,25.02594,121.50651,28
500113008,20231031,167,43,15,1,25.02594,121.50651,28
500113008,20231031,168,43,15,1,25.02594,121.50651,28
500113008,20231031,169,43,15,1,25.02594,121.50651,28
500113008,20231031,171,43,15,1,25.02594,121.50651,28
500113008,20231031,172,43,15,1,25.02594,121.50651,28
500113008,20231031,173,43,15,1,25.02594,121.50651,28
500113008,20231031,174,43,15,1,25.02594,121.50651,28
500113008,20231031,175,43,15,1,25.02594,121.50651,28
500113008,20231031,176,43,15,1,25.02594,121.50651,28
500113008,20231031,177,43,15,1,25.02594,121.50651,28
500113008,20231031,178,43,15,1,25.02594,121.50651,28
500113008,20231031,179,43,15,1,25.02594,121.50651,28
500113008,20231031,181,43,15,1,25.02594,121.50651,28
500113008,20231031,182,43,15,1,25.02594,121.50651,28
500113008,20231031,183,43,15,1,25.02594,121.50651,28
500113008,20231031,184,43,15,1,25.02594,121.50651,28
500113008,20231031,185,43,15,1,25.02594,121.50651,28
500113008,20231031,186,43,15,1,25.02594,121.50651,28
500113008,20231031,187,43,15,1,25.02594,121.50651,28
500113008,20231031,188,43,15,1,25.02594,121.50651,28
500113008,20231031,189,43,14,1,25.02594,121.50651,29
500113008,20231031,191,43,14,1,25.02594,121.50651,29
500113008,20231031,192,43,14,1,25.02594,121.50651,29
500113008,20231031,193,43,14,1,25.02594,121.50651,29
500113008,20231031,194,43,14,1,25.02594,121.50651,29
500113008,20231031,195,43,14,1,25.02594,121.50651,29
500113008,20231031,196,43,14,1,25.02594,121.50651,29
500113008,20231031,197,43,14,1,25.02594,121.50651,29
500113008,20231031,198,43,14,1,25.02594,121.50651,29
500113008,20231031,199,43,14,1,25.02594,121.50651,29
500113008,20231031,201,43,14,1,25.02594,121.50651,29
500113008,20231031,202,43,14,1,25.02594,121.50651,29
500113008,20231031,203,43,14,1,25.02594,121.50651,29
500113008,20231031,204,43,14,1,25.02594,121.50651,29
500113008,20231031,205,43,14,1,25.02594,121.50651,29
500113008,20231031,206,43,14,1,25.02594,121.50651,29
500113008,20231031,207,43,14,1,25.02594,121.50651,29
500113008,20231031,208,43,14,1,25.02594,121.50651,29
500113008,20231031,209,43,14,1,25.02594,121.50651,29
500113008,20231031,211,43,14,1,25.02594,121.50651,29
500113008,20231031,212,43,14,1,25.02594,121.50651,29
500113008,20231031,213,43,14,1,25.02594,121.50651,29
500113008,20231031,214,43,14,1,25.02594,121.50651,29
500113008,20231031,215,43,14,1,25.02594,121.50651,29
500113008,20231031,216,43,14,1,25.02594,121.50651,29
500113008,20231031,217,43,14,1,25.02594,121.50651,29
500113008,20231031,218,43,14,1,25.02594,121.50651,29
500113008,20231031,219,43,14,1,25.02594,121.50651,29
500113008,20231031,221,43,14,1,25.02594,121.50651,29
500113008,20231031,222,43,14,1,25.02594,121.50651,29
500113008,20231031,223,43,14,1,25.02594,121.50651,29
500113008,20231031,224,43,14,1,25.02594,121.50651,29
500113008,20231031,225,43,14,1,25.02594,121.50651,29
500113008,20231031,226,43,14,1,25.02594,121.50651,29
500113008,20231031,227,43,14,1,25.02594,121.50651,29
500113008,20231031,228,43,14,1,25.02594,121.50651,29
500113008,20231031,229,43,14,1,25.02594,121.50651,29
500113008,20231031,231,43,14,1,25.02594,121.50651,29
500113008,20231031,232,43,14,1,25.02594,121.50651,29
500113008,20231031,233,43,14,1,25.02594,121.50651,29
500113008,20231031,234,43,14,1,25.02594,121.50651,29
500113008,20231031,235,43,14,1,25.02594,121.50651,29
500113008,20231031,236,43,14,1,25.02594,121.50651,29
500113008,20231031,237,43,14,1,25.02594,121.50651,29
500113008,20231031,238,43,14,1,25.02594,121.50651,29
500113008,20231031,239,43,14,1,25.02594,121.50651,29
500113008,20231031,240,43,14,1,25.02594,121.50651,29
500113008,20231031,241,43,14,1,25.02594,121.50651,29
500113008,20231031,242,43,14,1,25.02594,121.50651,29
500113008,20231031,243,43,14,1,25.02594,121.50651,29
500113008,20231031,244,43,14,1,25.02594,121.50651,29
500113008,20231031,245,43,14,1,25.02594,121.50651,29
500113008,20231031,246,43,14,1,25.02594,121.50651,29
500113008,20231031,247,43,14,1,25.02594,121.50651,29
500113008,20231031,248,43,14,1,25.02594,121.50651,29
500113008,20231031,249,43,14,1,25.02594,121.50651,29
500113008,20231031,250,43,14,1,25.02594,121.50651,29
500113008,20231031,251,43,14,1,25.02594,121.50651,29
500113008,20231031,252,43,14,1,25.02594,121.50651,29
500113008,20231031,253,43,14,1,25.02594,121.50651,29
500113008,20231031,254,43,14,1,25.02594,121.50651,29
500113008,20231031,255,43,14,1,25.02594,121.50651,29
500113008,20231031,256,43,14,1,25.02594,121.50651,29
500113008,20231031,257,43,14,1,25.02594,121.50651,29
500113008,20231031,258,43,14,1,25.02594,121.50651,29
500113008,20231031,259,43,14,1,25.02594,121.50651,29
500113008,20231031,261,43,14,1,25.02594,121.50651,29
500113008,20231031,262,43,14,1,25.02594,121.50651,29
500113008,20231031,263,43,14,1,25.02594,121.50651,29
500113008,20231031,264,43,14,1,25.02594,121.50651,29
500113008,20231031,265,43,14,1,25.02594,121.50651,29
500113008,20231031,266,43,14,1,25.02594,121.50651,29
500113008,20231031,267,43,13,1,25.02594,121.50651,30
500113008,20231031,268,43,13,1,25.02594,121.50651,30
500113008,20231031,269,43,13,1,25.02594,121.50651,30
500113008,20231031,270,43,12,1,25.02594,121.50651,31
500113008,20231031,271,43,12,1,25.02594,121.50651,31
500113008,20231031,272,43,12,1,25.02594,121.50651,31
500113008,20231031,273,43,12,1,25.02594,121.50651,31
500113008,20231031,274,43,12,1,25.02594,121.50651,31
500113008,20231031,275,43,12,1,25.02594,121.50651,31
500113008,20231031,276,43,12,1,25.02594,121.50651,31
500113008,20231031,277,43,12,1,25.02594,121.50651,31
500113008,20231031,278,43,12,1,25.02594,121.50651,31
500113008,20231031,279,43,12,1,25.02594,121.50651,31
500113008,20231031,280,43,12,1,25.02594,121.50651,31
500113008,20231031,281,43,12,1,25.02594,121.50651,31
500113008,20231031,282,43,12,1,25.02594,121.50651,31
500113008,20231031,283,43,12,1,25.02594,121.50651,31
500113008,20231031,284,43,12,1,25.02594,121.50651,31
500113008,20231031,285,43,12,1,25.02594,121.50651,31
500113008,20231031,286,43,12,1,25.02594,121.50651,31
500113008,20231031,287,43,12,1,25.02594,121.50651,31
500113008,20231031,288,43,12,1,25.02594,121.50651,31
500113008,20231031,289,43,12,1,25.02594,121.50651,31
500113008,20231031,290,43,12,1,25.02594,121.50651,31
500113008,20231031,291,43,12,1,25.02594,121.50651,31
500113008,20231031,292,43,12,1,25.02594,121.50651,31
500113008,20231031,293,43,12,1,25.02594,121.50651,31
500113008,20231031,294,43,12,1,25.02594,121.50651,31
500113008,20231031,295,43,12,1,25.02594,121.50651,31
500113008,20231031,296,43,12,1,25.02594,121.50651,31
500113008,20231031,297,43,12,1,25.02594,121.50651,31
500113008,20231031,298,43,12,1,25.02594,121.50651,31
500113008,20231031,299,43,12,1,25.02594,121.50651,31
500113008,20231031,300,43,12,1,25.02594,121.50651,31
500113008,20231031,301,43,12,1,25.02594,121.50651,31
500113008,20231031,302,43,12,1,25.02594,121.50651,31
500113008,20231031,303,43,12,1,25.02594,121.50651,31
500113008,20231031,304,43,12,1,25.02594,121.50651,31
500113008,20231031,305,43,12,1,25.02594,121.50651,31
500113008,20231031,306,43,12,1,25.02594,121.50651,31
500113008,20231031,307,43,12,1,25.02594,121.50651,31
500113008,20231031,308,43,12,1,25.02594,121.50651,31
500113008,20231031,309,43,12,1,25.02594,121.50651,31
500113008,20231031,310,43,12,1,25.02594,121.50651,31
500113008,20231031,311,43,12,1,25.02594,121.50651,31
500113008,20231031,312,43,12,1,25.02594,121.50651,31
500113008,20231031,313,43,12,1,25.02594,121.50651,31
500113008,20231031,314,43,12,1,25.02594,121.50651,31
500113008,20231031,315,43,12,1,25.02594,121.50651,31
500113008,20231031,316,43,12,1,25.02594,121.50651,31
500113008,20231031,317,43,12,1,25.02594,121.50651,31
500113008,20231031,318,43,12,1,25.02594,121.50651,31
500113008,20231031,319,43,12,1,25.02594,121.50651,31
500113008,20231031,321,43,12,1,25.02594,121.50651,31
500113008,20231031,322,43,12,1,25.02594,121.50651,31
500113008,20231031,323,43,12,1,25.02594,121.50651,31
500113008,20231031,324,43,12,1,25.02594,121.50651,31
500113008,20231031,325,43,12,1,25.02594,121.50651,31
500113008,20231031,326,43,12,1,25.02594,121.50651,31
500113008,20231031,327,43,12,1,25.02594,121.50651,31
500113008,20231031,328,43,12,1,25.02594,121.50651,31
500113008,20231031,329,43,12,1,25.02594,121.50651,31
500113008,20231031,330,43,11,1,25.02594,121.50651,32
500113008,20231031,331,43,11,1,25.02594,121.50651,32
500113008,20231031,332,43,11,1,25.02594,121.50651,32
500113008,20231031,333,43,11,1,25.02594,121.50651,32
500113008,20231031,334,43,11,1,25.02594,121.50651,32
500113008,20231031,335,43,11,1,25.02594,121.50651,32
500113008,20231031,336,43,11,1,25.02594,121.50651,32
500113008,20231031,337,43,11,1,25.02594,121.50651,32
500113008,20231031,338,43,11,1,25.02594,121.50651,32
500113008,20231031,339,43,11,1,25.02594,121.50651,32
500113008,20231031,340,43,11,1,25.02594,121.50651,32
500113008,20231031,341,43,12,1,25.02594,121.50651,31
500113008,20231031,342,43,12,1,25.02594,121.50651,31
500113008,20231031,343,43,12,1,25.02594,121.50651,31
500113008,20231031,344,43,12,1,25.02594,121.50651,31
500113008,20231031,345,43,12,1,25.02594,121.50651,31
500113008,20231031,346,43,12,1,25.02594,121.50651,31
500113008,20231031,347,43,12,1,25.02594,121.50651,31
500113008,20231031,348,43,12,1,25.02594,121.50651,31
500113008,20231031,349,43,12,1,25.02594,121.50651,31
500113008,20231031,350,43,12,1,25.02594,121.50651,31
500113008,20231031,351,43,12,1,25.02594,121.50651,31
500113008,20231031,352,43,12,1,25.02594,121.50651,31
500113008,20231031,353,43,12,1,25.02594,121.50651,31
500113008,20231031,354,43,12,1,25.02594,121.50651,31
500113008,20231031,355,43,12,1,25.02594,121.50651,31
500113008,20231031,356,43,12,1,25.02594,121.50651,31
500113008,20231031,357,43,12,1,25.02594,121.50651,31
500113008,20231031,358,43,12,1,25.02594,121.50651,31
500113008,20231031,359,43,12,1,25.02594,121.50651,31
500113008,20231031,360,43,12,1,25.02594,121.50651,31
500113008,20231031,361,43,12,1,25.02594,121.50651,31
500113008,20231031,362,43,12,1,25.02594,121.50651,31
500113008,20231031,363,43,12,1,25.02594,121.50651,31
500113008,20231031,364,43,12,1,25.02594,121.50651,31
500113008,20231031,365,43,12,1,25.02594,121.50651,31
500113008,20231031,366,43,12,1,25.02594,121.50651,31
500113008,20231031,367,43,12,1,25.02594,121.50651,31
500113008,20231031,368,43,12,1,25.02594,121.50651,31
500113008,20231031,369,43,12,1,25.02594,121.50651,31
500113008,20231031,370,43,12,1,25.02594,121.50651,31
500113008,20231031,371,43,12,1,25.02594,121.50651,31
500113008,20231031,372,43,12,1,25.02594,121.50651,31
500113008,20231031,373,43,12,1,25.02594,121.50651,31
500113008,20231031,374,43,13,1,25.02594,121.50651,30
500113008,20231031,375,43,14,1,25.02594,121.50651,29
500113008,20231031,376,43,14,1,25.02594,121.50651,29
500113008,20231031,377,43,13,1,25.02594,121.50651,30
500113008,20231031,378,43,13,1,25.02594,121.50651,30
500113008,20231031,379,43,13,1,25.02594,121.50651,30
500113008,20231031,381,43,14,1,25.02594,121.50651,29
500113008,20231031,382,43,14,1,25.02594,121.50651,29
500113008,20231031,383,43,14,1,25.02594,121.50651,29
500113008,20231031,384,43,14,1,25.02594,121.50651,29
500113008,20231031,385,43,14,1,25.02594,121.50651,29
500113008,20231031,386,43,14,1,25.02594,121.50651,29
500113008,20231031,387,43,14,1,25.02594,121.50651,29
500113008,20231031,389,43,14,1,25.02594,121.50651,29
500113008,20231031,391,43,15,1,25.02594,121.50651,28
500113008,20231031,392,43,15,1,25.02594,121.50651,28
500113008,20231031,393,43,15,1,25.02594,121.50651,28
500113008,20231031,394,43,15,1,25.02594,121.50651,28
500113008,20231031,395,43,15,1,25.02594,121.50651,28
500113008,20231031,396,43,14,1,25.02594,121.50651,29
500113008,20231031,397,43,14,1,25.02594,121.50651,29
500113008,20231031,398,43,14,1,25.02594,121.50651,29
500113008,20231031,399,43,15,1,25.02594,121.50651,28
500113008,20231031,401,43,15,1,25.02594,121.50651,28
500113008,20231031,402,43,15,1,25.02594,121.50651,28
500113008,20231031,403,43,14,1,25.02594,121.50651,29
500113008,20231031,404,43,14,1,25.02594,121.50651,29
500113008,20231031,405,43,14,1,25.02594,121.50651,29
500113008,20231031,406,43,14,1,25.02594,121.50651,29
500113008,20231031,407,43,14,1,25.02594,121.50651,29
500113008,20231031,408,43,14,1,25.02594,121.50651,29
500113008,20231031,409,43,14,1,25.02594,121.50651,29
500113008,20231031,411,43,14,1,25.02594,121.50651,29
500113008,20231031,412,43,14,1,25.02594,121.50651,29
500113008,20231031,413,43,18,1,25.02594,121.50651,25
500113008,20231031,414,43,18,1,25.02594,121.50651,25
500113008,20231031,415,43,18,1,25.02594,121.50651,25
500113008,20231031,416,43,19,1,25.02594,121.50651,24
500113008,20231031,417,43,19,1,25.02594,121.50651,24
500113008,20231031,418,43,19,1,25.02594,121.50651,24
500113008,20231031,419,43,19,1,25.02594,121.50651,24
500113008,20231031,421,43,19,1,25.02594,121.50651,24
500113008,20231031,422,43,19,1,25.02594,121.50651,24
500113008,20231031,423,43,19,1,25.02594,121.50651,24
500113008,20231031,424,43,19,1,25.02594,121.50651,24
500113008,20231031,425,43,21,1,25.02594,121.50651,22
500113008,20231031,426,43,21,1,25.02594,121.50651,22
500113008,20231031,427,43,20,1,25.02594,121.50651,23
500113008,20231031,428,43,21,1,25.02594,121.50651,22
500113008,20231031,429,43,21,1,25.02594,121.50651,22
500113008,20231031,431,43,21,1,25.02594,121.50651,22
500113008,20231031,432,43,21,1,25.02594,121.50651,22
500113008,20231031,433,43,21,1,25.02594,121.50651,22
500113008,20231031,434,43,21,1,25.02594,121.50651,22
500113008,20231031,435,43,21,1,25.02594,121.50651,22
500113008,20231031,436,43,20,1,25.02594,121.50651,23
500113008,20231031,437,43,20,1,25.02594,121.50651,23
500113008,20231031,438,43,21,1,25.02594,121.50651,22
500113008,20231031,439,43,20,1,25.02594,121.50651,23
500113008,20231031,441,43,23,1,25.02594,121.50651,20
500113008,20231031,442,43,23,1,25.02594,121.50651,20
500113008,20231031,443,43,23,1,25.02594,121.50651,20
500113008,20231031,444,43,23,1,25.02594,121.50651,20
500113008,20231031,445,43,23,1,25.02594,121.50651,20
500113008,20231031,446,43,23,1,25.02594,121.50651,20
500113008,20231031,447,43,23,1,25.02594,121.50651,20
500113008,20231031,448,43,23,1,25.02594,121.50651,20
500113008,20231031,449,43,23,1,25.02594,121.50651,20
500113008,20231031,451,43,23,1,25.02594,121.50651,20
500113008,20231031,452,43,23,1,25.02594,121.50651,20
500113008,20231031,453,43,23,1,25.02594,121.50651,20
500113008,20231031,454,43,24,1,25.02594,121.50651,19
500113008,20231031,455,43,24,1,25.02594,121.50651,19
500113008,20231031,456,43,24,1,25.02594,121.50651,19
500113008,20231031,457,43,24,1,25.02594,121.50651,19
500113008,20231031,458,43,24,1,25.02594,121.50651,19
500113008,20231031,459,43,23,1,25.02594,121.50651,20
500113008,20231031,461,43,22,1,25.02594,121.50651,21
500113008,20231031,462,43,22,1,25.02594,121.50651,21
500113008,20231031,463,43,22,1,25.02594,121.50651,21
500113008,20231031,464,43,22,1,25.02594,121.50651,21
500113008,20231031,465,43,22,1,25.02594,121.50651,21
500113008,20231031,466,43,23,1,25.02594,121.50651,20
500113008,20231031,467,43,23,1,25.02594,121.50651,20
500113008,20231031,468,43,23,1,25.02594,121.50651,20
500113008,20231031,469,43,23,1,25.02594,121.50651,20
500113008,20231031,471,43,23,1,25.02594,121.50651,20
500113008,20231031,472,43,23,1,25.02594,121.50651,20
500113008,20231031,473,43,23,1,25.02594,121.50651,20
500113008,20231031,474,43,24,1,25.02594,121.50651,19
500113008,20231031,475,43,24,1,25.02594,121.50651,19
500113008,20231031,476,43,26,1,25.02594,121.50651,17
500113008,20231031,477,43,26,1,25.02594,121.50651,17
500113008,20231031,478,43,26,1,25.02594,121.50651,17
500113008,20231031,479,43,26,1,25.02594,121.50651,17
500113008,20231031,481,43,27,1,25.02594,121.50651,16
500113008,20231031,482,43,27,1,25.02594,121.50651,16
500113008,20231031,483,43,27,1,25.02594,121.50651,16
500113008,20231031,484,43,28,1,25.02594,121.50651,15
500113008,20231031,485,43,28,1,25.02594,121.50651,15
500113008,20231031,486,43,28,1,25.02594,121.50651,15
500113008,20231031,487,43,27,1,25.02594,121.50651,16
500113008,20231031,488,43,26,1,25.02594,121.50651,17
500113008,20231031,489,43,26,1,25.02594,121.50651,17
500113008,20231031,491,43,26,1,25.02594,121.50651,17
500113008,20231031,492,43,26,1,25.02594,121.50651,17
500113008,20231031,493,43,27,1,25.02594,121.50651,16
500113008,20231031,494,43,27,1,25.02594,121.50651,16
500113008,20231031,495,43,28,1,25.02594,121.50651,15
500113008,20231031,496,43,28,1,25.02594,121.50651,15
500113008,20231031,497,43,28,1,25.02594,121.50651,15
500113008,20231031,498,43,28,1,25.02594,121.50651,15
500113008,20231031,499,43,28,1,25.02594,121.50651,15
500113008,20231031,501,43,28,1,25.02594,121.50651,15
500113008,20231031,502,43,28,1,25.02594,121.50651,15
500113008,20231031,503,43,29,1,25.02594,121.50651,14
500113008,20231031,504,43,29,1,25.02594,121.50651,14
500113008,20231031,505,43,29,1,25.02594,121.50651,14
500113008,20231031,506,43,30,1,25.02594,121.50651,13
500113008,20231031,507,43,30,1,25.02594,121.50651,13
500113008,20231031,508,43,30,1,25.02594,121.50651,13
500113008,20231031,509,43,30,1,25.02594,121.50651,13
500113008,20231031,511,43,30,1,25.02594,121.50651,13
500113008,20231031,512,43,30,1,25.02594,121.50651,13
500113008,20231031,513,43,30,1,25.02594,121.50651,13
500113008,20231031,514,43,30,1,25.02594,121.50651,13
500113008,20231031,515,43,30,1,25.02594,121.50651,13
500113008,20231031,516,43,30,1,25.02594,121.50651,13
500113008,20231031,517,43,30,1,25.02594,121.50651,13
500113008,20231031,518,43,30,1,25.02594,121.50651,13
500113008,20231031,519,43,30,1,25.02594,121.50651,13
500113008,20231031,521,43,29,1,25.02594,121.50651,14
500113008,20231031,522,43,29,1,25.02594,121.50651,14
500113008,20231031,523,43,29,1,25.02594,121.50651,14
500113008,20231031,524,43,29,1,25.02594,121.50651,14
500113008,20231031,525,43,30,1,25.02594,121.50651,13
500113008,20231031,526,43,30,1,25.02594,121.50651,13
500113008,20231031,527,43,30,1,25.02594,121.50651,13
500113008,20231031,528,43,32,1,25.02594,121.50651,11
500113008,20231031,529,43,32,1,25.02594,121.50651,11
500113008,20231031,531,43,33,1,25.02594,121.50651,10
500113008,20231031,532,43,33,1,25.02594,121.50651,10
500113008,20231031,533,43,34,1,25.02594,121.50651,9
500113008,20231031,534,43,34,1,25.02594,121.50651,9
500113008,20231031,535,43,34,1,25.02594,121.50651,9
500113008,20231031,536,43,32,1,25.02594,121.50651,11
500113008,20231031,537,43,32,1,25.02594,121.50651,11
500113008,20231031,538,43,32,1,25.02594,121.50651,11
500113008,20231031,539,43,32,1,25.02594,121.50651,11
500113008,20231031,541,43,31,1,25.02594,121.50651,12
500113008,20231031,542,43,31,1,25.02594,121.50651,12
500113008,20231031,543,43,31,1,25.02594,121.50651,12
500113008,20231031,544,43,31,1,25.02594,121.50651,12
500113008,20231031,545,43,31,1,25.02594,121.50651,12
500113008,20231031,546,43,31,1,25.02594,121.50651,12
500113008,20231031,547,43,30,1,25.02594,121.50651,13
500113008,20231031,548,43,30,1,25.02594,121.50651,13
500113008,20231031,549,43,30,1,25.02594,121.50651,13
500113008,20231031,551,43,31,1,25.02594,121.50651,12
500113008,20231031,552,43,31,1,25.02594,121.50651,12
500113008,20231031,553,43,31,1,25.02594,121.50651,12
500113008,20231031,554,43,31,1,25.02594,121.50651,12
500113008,20231031,555,43,31,1,25.02594,121.50651,12
500113008,20231031,556,43,30,1,25.02594,121.50651,13
500113008,20231031,557,43,31,1,25.02594,121.50651,12
500113008,20231031,558,43,31,1,25.02594,121.50651,12
500113008,20231031,559,43,31,1,25.02594,121.50651,12
500113008,20231031,561,43,31,1,25.02594,121.50651,12
500113008,20231031,562,43,31,1,25.02594,121.50651,12
500113008,20231031,563,43,31,1,25.02594,121.50651,12
500113008,20231031,564,43,32,1,25.02594,121.50651,11
500113008,20231031,565,43,32,1,25.02594,121.50651,11
500113008,20231031,566,43,33,1,25.02594,121.50651,10
500113008,20231031,567,43,33,1,25.02594,121.50651,10
500113008,20231031,568,43,33,1,25.02594,121.50651,10
500113008,20231031,569,43,34,1,25.02594,121.50651,9
500113008,20231031,571,43,34,1,25.02594,121.50651,9
500113008,20231031,572,43,34,1,25.02594,121.50651,9
500113008,20231031,573,43,33,1,25.02594,121.50651,10
500113008,20231031,574,43,33,1,25.02594,121.50651,10
500113008,20231031,575,43,34,1,25.02594,121.50651,9
500113008,20231031,576,43,34,1,25.02594,121.50651,9
500113008,20231031,577,43,35,1,25.02594,121.50651,8
500113008,20231031,578,43,35,1,25.02594,121.50651,8
500113008,20231031,579,43,35,1,25.02594,121.50651,8
500113008,20231031,581,43,35,1,25.02594,121.50651,8
500113008,20231031,582,43,35,1,25.02594,121.50651,8
500113008,20231031,583,43,35,1,25.02594,121.50651,8
500113008,20231031,584,43,35,1,25.02594,121.50651,8
500113008,20231031,585,43,35,1,25.02594,121.50651,8
500113008,20231031,586,43,35,1,25.02594,121.50651,8
500113008,20231031,587,43,35,1,25.02594,121.50651,8
500113008,20231031,588,43,35,1,25.02594,121.50651,8
500113008,20231031,589,43,35,1,25.02594,121.50651,8
500113008,20231031,591,43,35,1,25.02594,121.50651,8
500113008,20231031,593,43,35,1,25.02594,121.50651,8
500113008,20231031,594,43,35,1,25.02594,121.50651,8
500113008,20231031,595,43,35,1,25.02594,121.50651,8
500113008,20231031,597,43,36,1,25.02594,121.50651,7
500113008,20231031,598,43,36,1,25.02594,121.50651,7
500113008,20231031,599,43,36,1,25.02594,121.50651,7
500113008,20231031,601,43,36,1,25.02594,121.50651,7
500113008,20231031,602,43,36,1,25.02594,121.50651,7
500113008,20231031,603,43,36,1,25.02594,121.50651,7
500113008,20231031,604,43,36,1,25.02594,121.50651,7
500113008,20231031,605,43,36,1,25.02594,121.50651,7
500113008,20231031,606,43,36,1,25.02594,121.50651,7
500113008,20231031,607,43,37,1,25.02594,121.50651,6
500113008,20231031,608,43,36,1,25.02594,121.50651,7
500113008,20231031,609,43,36,1,25.02594,121.50651,7
500113008,20231031,610,43,36,1,25.02594,121.50651,7
500113008,20231031,611,43,36,1,25.02594,121.50651,7
500113008,20231031,612,43,36,1,25.02594,121.50651,7
500113008,20231031,613,43,36,1,25.02594,121.50651,7
500113008,20231031,614,43,36,1,25.02594,121.50651,7
500113008,20231031,615,43,37,1,25.02594,121.50651,6
500113008,20231031,616,43,37,1,25.02594,121.50651,6
500113008,20231031,617,43,37,1,25.02594,121.50651,6
500113008,20231031,618,43,38,1,25.02594,121.50651,5
500113008,20231031,619,43,38,1,25.02594,121.50651,5
500113008,20231031,621,43,38,1,25.02594,121.50651,5
500113008,20231031,622,43,38,1,25.02594,121.50651,5
500113008,20231031,623,43,38,1,25.02594,121.50651,5
500113008,20231031,624,43,38,1,25.02594,121.50651,5
500113008,20231031,625,43,38,1,25.02594,121.50651,5
500113008,20231031,626,43,38,1,25.02594,121.50651,5
500113008,20231031,627,43,39,1,25.02594,121.50651,4
500113008,20231031,628,43,39,1,25.02594,121.50651,4
500113008,20231031,629,43,39,1,25.02594,121.50651,4
500113008,20231031,630,43,39,1,25.02594,121.50651,4
500113008,20231031,631,43,39,1,25.02594,121.50651,4
500113008,20231031,632,43,39,1,25.02594,121.50651,4
500113008,20231031,633,43,39,1,25.02594,121.50651,4
500113008,20231031,634,43,39,1,25.02594,121.50651,4
500113008,20231031,635,43,38,1,25.02594,121.50651,5
500113008,20231031,636,43,39,1,25.02594,121.50651,4
500113008,20231031,637,43,38,1,25.02594,121.50651,5
500113008,20231031,638,43,38,1,25.02594,121.50651,5
500113008,20231031,639,43,38,1,25.02594,121.50651,5
500113008,20231031,640,43,38,1,25.02594,121.50651,5
500113008,20231031,641,43,38,1,25.02594,121.50651,5
500113008,20231031,642,43,37,1,25.02594,121.50651,6
500113008,20231031,643,43,37,1,25.02594,121.50651,6
500113008,20231031,644,43,37,1,25.02594,121.50651,6
500113008,20231031,645,43,37,1,25.02594,121.50651,6
500113008,20231031,646,43,37,1,25.02594,121.50651,6
500113008,20231031,647,43,37,1,25.02594,121.50651,6
500113008,20231031,648,43,37,1,25.02594,121.50651,6
500113008,20231031,649,43,38,1,25.02594,121.50651,5
500113008,20231031,650,43,38,1,25.02594,121.50651,5
500113008,20231031,651,43,38,1,25.02594,121.50651,5
500113008,20231031,652,43,39,1,25.02594,121.50651,4
500113008,20231031,653,43,39,1,25.02594,121.50651,4
500113008,20231031,654,43,40,1,25.02594,121.50651,3
500113008,20231031,655,43,40,1,25.02594,121.50651,3
500113008,20231031,656,43,40,1,25.02594,121.50651,3
500113008,20231031,657,43,40,1,25.02594,121.50651,3
500113008,20231031,658,43,40,1,25.02594,121.50651,3
500113008,20231031,659,43,40,1,25.02594,121.50651,3
500113008,20231031,661,43,40,1,25.02594,121.50651,3
500113008,20231031,662,43,40,1,25.02594,121.50651,3
500113008,20231031,664,43,39,1,25.02594,121.50651,4
500113008,20231031,665,43,39,1,25.02594,121.50651,4
500113008,20231031,666,43,39,1,25.02594,121.50651,4
500113008,20231031,667,43,39,1,25.02594,121.50651,4
500113008,20231031,668,43,39,1,25.02594,121.50651,4
500113008,20231031,669,43,40,1,25.02594,121.50651,3
500113008,20231031,671,43,41,1,25.02594,121.50651,2
500113008,20231031,672,43,41,1,25.02594,121.50651,2
500113008,20231031,673,43,41,1,25.02594,121.50651,2
500113008,20231031,674,43,41,1,25.02594,121.50651,2
500113008,20231031,675,43,41,1,25.02594,121.50651,2
500113008,20231031,676,43,41,1,25.02594,121.50651,2
500113008,20231031,677,43,41,1,25.02594,121.50651,2
500113008,20231031,678,43,42,1,25.02594,121.50651,1
500113008,20231031,679,43,42,1,25.02594,121.50651,1
500113008,20231031,681,43,42,1,25.02594,121.50651,1
500113008,20231031,682,43,42,1,25.02594,121.50651,1
500113008,20231031,683,43,42,1,25.02594,121.50651,1
500113008,20231031,684,43,42,1,25.02594,121.50651,1
500113008,20231031,685,43,41,1,25.02594,121.50651,2
500113008,20231031,686,43,41,1,25.02594,121.50651,2
500113008,20231031,687,43,42,1,25.02594,121.50651,1
500113008,20231031,688,43,42,1,25.02594,121.50651,1
500113008,20231031,689,43,42,1,25.02594,121.50651,1
500113008,20231031,691,43,43,1,25.02594,121.50651,0
500113008,20231031,692,43,42,1,25.02594,121.50651,1
500113008,20231031,693,43,42,1,25.02594,121.50651,1
500113008,20231031,694,43,42,1,25.02594,121.50651,1
500113008,20231031,695,43,42,1,25.02594,121.50651,1
500113008,20231031,696,43,42,1,25.02594,121.50651,1
500113008,20231031,697,43,43,1,25.02594,121.50651,0
500113008,20231031,698,43,43,1,25.02594,121.50651,0
500113008,20231031,699,43,43,1,25.02594,121.50651,0
500113008,20231031,701,43,42,1,25.02594,121.50651,1
500113008,20231031,702,43,42,1,25.02594,121.50651,1
500113008,20231031,703,43,42,1,25.02594,121.50651,1
500113008,20231031,704,43,42,1,25.02594,121.50651,1
500113008,20231031,705,43,42,1,25.02594,121.50651,1
500113008,20231031,706,43,42,1,25.02594,121.50651,1
500113008,20231031,707,43,42,1,25.02594,121.50651,1
500113008,20231031,708,43,42,1,25.02594,121.50651,1
500113008,20231031,709,43,42,1,25.02594,121.50651,1
500113008,20231031,711,43,42,1,25.02594,121.50651,1
500113008,20231031,712,43,42,1,25.02594,121.50651,1
500113008,20231031,713,43,42,1,25.02594,121.50651,1
500113008,20231031,714,43,42,1,25.02594,121.50651,1
500113008,20231031,715,43,42,1,25.02594,121.50651,1
500113008,20231031,716,43,42,1,25.02594,121.50651,1
500113008,20231031,717,43,42,1,25.02594,121.50651,1
500113008,20231031,718,43,42,1,25.02594,121.50651,1
500113008,20231031,719,43,42,1,25.02594,121.50651,1
500113008,20231031,721,43,42,1,25.02594,121.50651,1
500113008,20231031,722,43,42,1,25.02594,121.50651,1
500113008,20231031,723,43,42,1,25.02594,121.50651,1
500113008,20231031,724,43,42,1,25.02594,121.50651,1
500113008,20231031,725,43,43,1,25.02594,121.50651,0
500113008,20231031,726,43,43,1,25.02594,121.50651,0
500113008,20231031,727,43,43,1,25.02594,121.50651,0
500113008,20231031,728,43,43,1,25.02594,121.50651,0
500113008,20231031,729,43,43,1,25.02594,121.50651,0
500113008,20231031,731,43,43,1,25.02594,121.50651,0
500113008,20231031,732,43,43,1,25.02594,121.50651,0
500113008,20231031,733,43,43,1,25.02594,121.50651,0
500113008,20231031,734,43,43,1,25.02594,121.50651,0
500113008,20231031,735,43,43,1,25.02594,121.50651,0
500113008,20231031,736,43,43,1,25.02594,121.50651,0
500113008,20231031,737,43,43,1,25.02594,121.50651,0
500113008,20231031,738,43,43,1,25.02594,121.50651,0
500113008,20231031,739,43,43,1,25.02594,121.50651,0
500113008,20231031,741,43,43,1,25.02594,121.50651,0
500113008,20231031,742,43,43,1,25.02594,121.50651,0
500113008,20231031,743,43,43,1,25.02594,121.50651,0
500113008,20231031,744,43,43,1,25.02594,121.50651,0
500113008,20231031,745,43,43,1,25.02594,121.50651,0
500113008,20231031,746,43,43,1,25.02594,121.50651,0
500113008,20231031,747,43,43,1,25.02594,121.50651,0
500113008,20231031,748,43,43,1,25.02594,121.50651,0
500113008,20231031,749,43,43,1,25.02594,121.50651,0
500113008,20231031,751,43,43,1,25.02594,121.50651,0
500113008,20231031,752,43,43,1,25.02594,121.50651,0
500113008,20231031,753,43,43,1,25.02594,121.50651,0
500113008,20231031,754,43,42,1,25.02594,121.50651,1
500113008,20231031,755,43,42,1,25.02594,121.50651,1
500113008,20231031,756,43,42,1,25.02594,121.50651,1
500113008,20231031,757,43,42,1,25.02594,121.50651,1
500113008,20231031,758,43,42,1,25.02594,121.50651,1
500113008,20231031,759,43,42,1,25.02594,121.50651,1
500113008,20231031,761,43,42,1,25.02594,121.50651,1
500113008,20231031,762,43,42,1,25.02594,121.50651,1
500113008,20231031,763,43,42,1,25.02594,121.50651,1
500113008,20231031,764,43,42,1,25.02594,121.50651,1
500113008,20231031,765,43,42,1,25.02594,121.50651,1
500113008,20231031,766,43,42,1,25.02594,121.50651,1
500113008,20231031,767,43,42,1,25.02594,121.50651,1
500113008,20231031,768,43,42,1,25.02594,121.50651,1
500113008,20231031,769,43,42,1,25.02594,121.50651,1
500113008,20231031,771,43,42,1,25.02594,121.50651,1
500113008,20231031,772,43,42,1,25.02594,121.50651,1
500113008,20231031,773,43,42,1,25.02594,121.50651,1
500113008,20231031,774,43,42,1,25.02594,121.50651,1
500113008,20231031,775,43,42,1,25.02594,121.50651,1
500113008,20231031,776,43,42,1,25.02594,121.50651,1
500113008,20231031,777,43,42,1,25.02594,121.50651,1
500113008,20231031,778,43,42,1,25.02594,121.50651,1
500113008,20231031,779,43,42,1,25.02594,121.50651,1
500113008,20231031,781,43,42,1,25.02594,121.50651,1
500113008,20231031,783,43,42,1,25.02594,121.50651,1
500113008,20231031,784,43,42,1,25.02594,121.50651,1
500113008,20231031,785,43,42,1,25.02594,121.50651,1
500113008,20231031,786,43,42,1,25.02594,121.50651,1
500113008,20231031,787,43,42,1,25.02594,121.50651,1
500113008,20231031,788,43,42,1,25.02594,121.50651,1
500113008,20231031,789,43,42,1,25.02594,121.50651,1
500113008,20231031,790,43,42,1,25.02594,121.50651,1
500113008,20231031,791,43,42,1,25.02594,121.50651,1
500113008,20231031,792,43,42,1,25.02594,121.50651,1
500113008,20231031,793,43,42,1,25.02594,121.50651,1
500113008,20231031,794,43,42,1,25.02594,121.50651,1
500113008,20231031,795,43,42,1,25.02594,121.50651,1
500113008,20231031,796,43,42,1,25.02594,121.50651,1
500113008,20231031,797,43,42,1,25.02594,121.50651,1
500113008,20231031,798,43,43,1,25.02594,121.50651,0
500113008,20231031,799,43,43,1,25.02594,121.50651,0
500113008,20231031,801,43,43,1,25.02594,121.50651,0
500113008,20231031,802,43,42,1,25.02594,121.50651,1
500113008,20231031,803,43,42,1,25.02594,121.50651,1
500113008,20231031,804,43,42,1,25.02594,121.50651,1
500113008,20231031,805,43,42,1,25.02594,121.50651,1
500113008,20231031,806,43,42,1,25.02594,121.50651,1
500113008,20231031,807,43,42,1,25.02594,121.50651,1
500113008,20231031,808,43,42,1,25.02594,121.50651,1
500113008,20231031,809,43,42,1,25.02594,121.50651,1
500113008,20231031,811,43,42,1,25.02594,121.50651,1
500113008,20231031,812,43,42,1,25.02594,121.50651,1
500113008,20231031,813,43,42,1,25.02594,121.50651,1
500113008,20231031,814,43,42,1,25.02594,121.50651,1
500113008,20231031,815,43,42,1,25.02594,121.50651,1
500113008,20231031,816,43,42,1,25.02594,121.50651,1
500113008,20231031,817,43,41,1,25.02594,121.50651,2
500113008,20231031,818,43,42,1,25.02594,121.50651,1
500113008,20231031,819,43,42,1,25.02594,121.50651,1
500113008,20231031,820,43,42,1,25.02594,121.50651,1
500113008,20231031,821,43,42,1,25.02594,121.50651,1
500113008,20231031,822,43,42,1,25.02594,121.50651,1
500113008,20231031,823,43,42,1,25.02594,121.50651,1
500113008,20231031,824,43,42,1,25.02594,121.50651,1
500113008,20231031,825,43,42,1,25.02594,121.50651,1
500113008,20231031,826,43,43,1,25.02594,121.50651,0
500113008,20231031,827,43,43,1,25.02594,121.50651,0
500113008,20231031,828,43,43,1,25.02594,121.50651,0
500113008,20231031,829,43,42,1,25.02594,121.50651,1
500113008,20231031,830,43,42,1,25.02594,121.50651,1
500113008,20231031,831,43,42,1,25.02594,121.50651,1
500113008,20231031,832,43,42,1,25.02594,121.50651,1
500113008,20231031,833,43,41,1,25.02594,121.50651,2
500113008,20231031,834,43,40,1,25.02594,121.50651,3
500113008,20231031,835,43,40,1,25.02594,121.50651,3
500113008,20231031,836,43,40,1,25.02594,121.50651,3
500113008,20231031,837,43,41,1,25.02594,121.50651,2
500113008,20231031,838,43,41,1,25.02594,121.50651,2
500113008,20231031,839,43,40,1,25.02594,121.50651,3
500113008,20231031,841,43,39,1,25.02594,121.50651,4
500113008,20231031,842,43,39,1,25.02594,121.50651,4
500113008,20231031,843,43,39,1,25.02594,121.50651,4
500113008,20231031,844,43,40,1,25.02594,121.50651,3
500113008,20231031,845,43,39,1,25.02594,121.50651,4
500113008,20231031,846,43,39,1,25.02594,121.50651,4
500113008,20231031,847,43,39,1,25.02594,121.50651,4
500113008,20231031,848,43,39,1,25.02594,121.50651,4
500113008,20231031,849,43,39,1,25.02594,121.50651,4
500113008,20231031,850,43,39,1,25.02594,121.50651,4
500113008,20231031,851,43,39,1,25.02594,121.50651,4
500113008,20231031,852,43,39,1,25.02594,121.50651,4
500113008,20231031,853,43,40,1,25.02594,121.50651,3
500113008,20231031,854,43,40,1,25.02594,121.50651,3
500113008,20231031,855,43,40,1,25.02594,121.50651,3
500113008,20231031,856,43,41,1,25.02594,121.50651,2
500113008,20231031,857,43,41,1,25.02594,121.50651,2
500113008,20231031,858,43,41,1,25.02594,121.50651,2
500113008,20231031,859,43,42,1,25.02594,121.50651,1
500113008,20231031,861,43,42,1,25.02594,121.50651,1
500113008,20231031,862,43,41,1,25.02594,121.50651,2
500113008,20231031,863,43,42,1,25.02594,121.50651,1
500113008,20231031,864,43,41,1,25.02594,121.50651,2
500113008,20231031,865,43,41,1,25.02594,121.50651,2
500113008,20231031,866,43,41,1,25.02594,121.50651,2
500113008,20231031,867,43,42,1,25.02594,121.50651,1
500113008,20231031,868,43,42,1,25.02594,121.50651,1
500113008,20231031,869,43,42,1,25.02594,121.50651,1
500113008,20231031,871,43,42,1,25.02594,121.50651,1
500113008,20231031,872,43,42,1,25.02594,121.50651,1
500113008,20231031,873,43,42,1,25.02594,121.50651,1
500113008,20231031,874,43,41,1,25.02594,121.50651,2
500113008,20231031,875,43,40,1,25.02594,121.50651,3
500113008,20231031,876,43,39,1,25.02594,121.50651,4
500113008,20231031,877,43,39,1,25.02594,121.50651,4
500113008,20231031,878,43,39,1,25.02594,121.50651,4
500113008,20231031,879,43,39,1,25.02594,121.50651,4
500113008,20231031,880,43,39,1,25.02594,121.50651,4
500113008,20231031,881,43,39,1,25.02594,121.50651,4
500113008,20231031,882,43,39,1,25.02594,121.50651,4
500113008,20231031,883,43,39,1,25.02594,121.50651,4
500113008,20231031,884,43,39,1,25.02594,121.50651,4
500113008,20231031,885,43,39,1,25.02594,121.50651,4
500113008,20231031,886,43,39,1,25.02594,121.50651,4
500113008,20231031,887,43,39,1,25.02594,121.50651,4
500113008,20231031,888,43,39,1,25.02594,121.50651,4
500113008,20231031,889,43,39,1,25.02594,121.50651,4
500113008,20231031,890,43,39,1,25.02594,121.50651,4
500113008,20231031,891,43,39,1,25.02594,121.50651,4
500113008,20231031,892,43,39,1,25.02594,121.50651,4
500113008,20231031,893,43,40,1,25.02594,121.50651,3
500113008,20231031,894,43,40,1,25.02594,121.50651,3
500113008,20231031,895,43,40,1,25.02594,121.50651,3
500113008,20231031,896,43,40,1,25.02594,121.50651,3
500113008,20231031,897,43,40,1,25.02594,121.50651,3
500113008,20231031,898,43,41,1,25.02594,121.50651,2
500113008,20231031,899,43,41,1,25.02594,121.50651,2
500113008,20231031,901,43,41,1,25.02594,121.50651,2
500113008,20231031,902,43,41,1,25.02594,121.50651,2
500113008,20231031,903,43,41,1,25.02594,121.50651,2
500113008,20231031,904,43,43,1,25.02594,121.50651,0
500113008,20231031,905,43,43,1,25.02594,121.50651,0
500113008,20231031,906,43,43,1,25.02594,121.50651,0
500113008,20231031,907,43,43,1,25.02594,121.50651,0
500113008,20231031,908,43,43,1,25.02594,121.50651,0
500113008,20231031,909,43,43,1,25.02594,121.50651,0
500113008,20231031,910,43,42,1,25.02594,121.50651,1
500113008,20231031,911,43,42,1,25.02594,121.50651,1
500113008,20231031,912,43,42,1,25.02594,121.50651,1
500113008,20231031,913,43,42,1,25.02594,121.50651,1
500113008,20231031,914,43,42,1,25.02594,121.50651,1
500113008,20231031,915,43,41,1,25.02594,121.50651,2
500113008,20231031,916,43,41,1,25.02594,121.50651,2
500113008,20231031,917,43,41,1,25.02594,121.50651,2
500113008,20231031,918,43,41,1,25.02594,121.50651,2
500113008,20231031,919,43,42,1,25.02594,121.50651,1
500113008,20231031,921,43,42,1,25.02594,121.50651,1
500113008,20231031,922,43,42,1,25.02594,121.50651,1
500113008,20231031,923,43,42,1,25.02594,121.50651,1
500113008,20231031,924,43,42,1,25.02594,121.50651,1
500113008,20231031,925,43,42,1,25.02594,121.50651,1
500113008,20231031,926,43,42,1,25.02594,121.50651,1
500113008,20231031,927,43,42,1,25.02594,121.50651,1
500113008,20231031,928,43,42,1,25.02594,121.50651,1
500113008,20231031,929,43,42,1,25.02594,121.50651,1
500113008,20231031,931,43,42,1,25.02594,121.50651,1
500113008,20231031,932,43,42,1,25.02594,121.50651,1
500113008,20231031,933,43,42,1,25.02594,121.50651,1
500113008,20231031,934,43,42,1,25.02594,121.50651,1
500113008,20231031,936,43,42,1,25.02594,121.50651,1
500113008,20231031,937,43,42,1,25.02594,121.50651,1
500113008,20231031,938,43,43,1,25.02594,121.50651,0
500113008,20231031,939,43,43,1,25.02594,121.50651,0
500113008,20231031,941,43,43,1,25.02594,121.50651,0
500113008,20231031,942,43,43,1,25.02594,121.50651,0
500113008,20231031,943,43,43,1,25.02594,121.50651,0
500113008,20231031,944,43,43,1,25.02594,121.50651,0
500113008,20231031,945,43,43,1,25.02594,121.50651,0
500113008,20231031,946,43,43,1,25.02594,121.50651,0
500113008,20231031,947,43,42,1,25.02594,121.50651,1
500113008,20231031,948,43,42,1,25.02594,121.50651,1
500113008,20231031,949,43,42,1,25.02594,121.50651,1
500113008,20231031,951,43,42,1,25.02594,121.50651,1
500113008,20231031,952,43,42,1,25.02594,121.50651,1
500113008,20231031,953,43,42,1,25.02594,121.50651,1
500113008,20231031,954,43,42,1,25.02594,121.50651,1
500113008,20231031,955,43,42,1,25.02594,121.50651,1
500113008,20231031,956,43,41,1,25.02594,121.50651,2
500113008,20231031,957,43,42,1,25.02594,121.50651,1
500113008,20231031,958,43,42,1,25.02594,121.50651,1
500113008,20231031,959,43,43,1,25.02594,121.50651,0
500113008,20231031,961,43,43,1,25.02594,121.50651,0
500113008,20231031,962,43,43,1,25.02594,121.50651,0
500113008,20231031,963,43,43,1,25.02594,121.50651,0
500113008,20231031,964,43,43,1,25.02594,121.50651,0
500113008,20231031,965,43,43,1,25.02594,121.50651,0
500113008,20231031,966,43,43,1,25.02594,121.50651,0
500113008,20231031,967,43,42,1,25.02594,121.50651,1
500113008,20231031,968,43,42,1,25.02594,121.50651,1
500113008,20231031,969,43,42,1,25.02594,121.50651,1
500113008,20231031,971,43,42,1,25.02594,121.50651,1
500113008,20231031,972,43,42,1,25.02594,121.50651,1
500113008,20231031,973,43,43,1,25.02594,121.50651,0
500113008,20231031,974,43,43,1,25.02594,121.50651,0
500113008,20231031,975,43,42,1,25.02594,121.50651,1
500113008,20231031,976,43,41,1,25.02594,121.50651,2
500113008,20231031,977,43,42,1,25.02594,121.50651,1
500113008,20231031,978,43,42,1,25.02594,121.50651,1
500113008,20231031,979,43,42,1,25.02594,121.50651,1
500113008,20231031,981,43,42,1,25.02594,121.50651,1
500113008,20231031,982,43,42,1,25.02594,121.50651,1
500113008,20231031,983,43,41,1,25.02594,121.50651,2
500113008,20231031,984,43,41,1,25.02594,121.50651,2
500113008,20231031,985,43,40,1,25.02594,121.50651,3
500113008,20231031,986,43,40,1,25.02594,121.50651,3
500113008,20231031,987,43,40,1,25.02594,121.50651,3
500113008,20231031,988,43,41,1,25.02594,121.50651,2
500113008,20231031,989,43,41,1,25.02594,121.50651,2
500113008,20231031,991,43,41,1,25.02594,121.50651,2
500113008,20231031,992,43,41,1,25.02594,121.50651,2
500113008,20231031,993,43,40,1,25.02594,121.50651,3
500113008,20231031,994,43,40,1,25.02594,121.50651,3
500113008,20231031,995,43,40,1,25.02594,121.50651,3
500113008,20231031,996,43,40,1,25.02594,121.50651,3
500113008,20231031,997,43,39,1,25.02594,121.50651,4
500113008,20231031,998,43,38,1,25.02594,121.50651,5
500113008,20231031,999,43,38,1,25.02594,121.50651,5
500113008,20231031,1001,43,39,1,25.02594,121.50651,4
500113008,20231031,1002,43,39,1,25.02594,121.50651,4
500113008,20231031,1003,43,39,1,25.02594,121.50651,4
500113008,20231031,1004,43,39,1,25.02594,121.50651,4
500113008,20231031,1005,43,39,1,25.02594,121.50651,4
500113008,20231031,1006,43,39,1,25.02594,121.50651,4
500113008,20231031,1007,43,39,1,25.02594,121.50651,4
500113008,20231031,1008,43,39,1,25.02594,121.50651,4
500113008,20231031,1009,43,39,1,25.02594,121.50651,4
500113008,20231031,1011,43,38,1,25.02594,121.50651,5
500113008,20231031,1012,43,38,1,25.02594,121.50651,5
500113008,20231031,1013,43,38,1,25.02594,121.50651,5
500113008,20231031,1014,43,38,1,25.02594,121.50651,5
500113008,20231031,1015,43,38,1,25.02594,121.50651,5
500113008,20231031,1016,43,37,1,25.02594,121.50651,6
500113008,20231031,1017,43,37,1,25.02594,121.50651,6
500113008,20231031,1018,43,37,1,25.02594,121.50651,6
500113008,20231031,1019,43,36,1,25.02594,121.50651,7
500113008,20231031,1021,43,36,1,25.02594,121.50651,7
500113008,20231031,1022,43,35,1,25.02594,121.50651,8
500113008,20231031,1023,43,35,1,25.02594,121.50651,8
500113008,20231031,1024,43,35,1,25.02594,121.50651,8
500113008,20231031,1025,43,35,1,25.02594,121.50651,8
500113008,20231031,1026,43,35,1,25.02594,121.50651,8
500113008,20231031,1027,43,35,1,25.02594,121.50651,8
500113008,20231031,1028,43,35,1,25.02594,121.50651,8
500113008,20231031,1029,43,35,1,25.02594,121.50651,8
500113008,20231031,1031,43,34,1,25.02594,121.50651,9
500113008,20231031,1032,43,35,1,25.02594,121.50651,8
500113008,20231031,1033,43,35,1,25.02594,121.50651,8
500113008,20231031,1034,43,34,1,25.02594,121.50651,9
500113008,20231031,1035,43,34,1,25.02594,121.50651,9
500113008,20231031,1037,43,33,1,25.02594,121.50651,10
500113008,20231031,1038,43,33,1,25.02594,121.50651,10
500113008,20231031,1039,43,33,1,25.02594,121.50651,10
500113008,20231031,1041,43,30,1,25.02594,121.50651,13
500113008,20231031,1042,43,30,1,25.02594,121.50651,13
500113008,20231031,1043,43,30,1,25.02594,121.50651,13
500113008,20231031,1044,43,30,1,25.02594,121.50651,13
500113008,20231031,1045,43,29,1,25.02594,121.50651,14
500113008,20231031,1046,43,30,1,25.02594,121.50651,13
500113008,20231031,1047,43,30,1,25.02594,121.50651,13
500113008,20231031,1048,43,30,1,25.02594,121.50651,13
500113008,20231031,1049,43,30,1,25.02594,121.50651,13
500113008,20231031,1051,43,32,1,25.02594,121.50651,11
500113008,20231031,1052,43,32,1,25.02594,121.50651,11
500113008,20231031,1053,43,31,1,25.02594,121.50651,12
500113008,20231031,1054,43,31,1,25.02594,121.50651,12
500113008,20231031,1055,43,32,1,25.02594,121.50651,11
500113008,20231031,1056,43,31,1,25.02594,121.50651,12
500113008,20231031,1057,43,31,1,25.02594,121.50651,12
500113008,20231031,1058,43,31,1,25.02594,121.50651,12
500113008,20231031,1059,43,31,1,25.02594,121.50651,12
500113008,20231031,1060,43,31,1,25.02594,121.50651,12
500113008,20231031,1061,43,31,1,25.02594,121.50651,12
500113008,20231031,1062,43,31,1,25.02594,121.50651,12
500113008,20231031,1063,43,31,1,25.02594,121.50651,12
500113008,20231031,1064,43,30,1,25.02594,121.50651,13
500113008,20231031,1065,43,30,1,25.02594,121.50651,13
500113008,20231031,1066,43,30,1,25.02594,121.50651,13
500113008,20231031,1067,43,30,1,25.02594,121.50651,13
500113008,20231031,1068,43,30,1,25.02594,121.50651,13
500113008,20231031,1069,43,30,1,25.02594,121.50651,13
500113008,20231031,1070,43,30,1,25.02594,121.50651,13
500113008,20231031,1071,43,29,1,25.02594,121.50651,14
500113008,20231031,1072,43,29,1,25.02594,121.50651,14
500113008,20231031,1073,43,29,1,25.02594,121.50651,14
500113008,20231031,1074,43,28,1,25.02594,121.50651,15
500113008,20231031,1075,43,28,1,25.02594,121.50651,15
500113008,20231031,1076,43,26,1,25.02594,121.50651,17
500113008,20231031,1077,43,26,1,25.02594,121.50651,17
500113008,20231031,1078,43,27,1,25.02594,121.50651,16
500113008,20231031,1079,43,27,1,25.02594,121.50651,16
500113008,20231031,1081,43,28,1,25.02594,121.50651,15
500113008,20231031,1082,43,28,1,25.02594,121.50651,15
500113008,20231031,1083,43,28,1,25.02594,121.50651,15
500113008,20231031,1084,43,28,1,25.02594,121.50651,15
500113008,20231031,1085,43,27,1,25.02594,121.50651,16
500113008,20231031,1086,43,27,1,25.02594,121.50651,16
500113008,20231031,1087,43,27,1,25.02594,121.50651,16
500113008,20231031,1088,43,27,1,25.02594,121.50651,16
500113008,20231031,1089,43,26,1,25.02594,121.50651,17
500113008,20231031,1090,43,26,1,25.02594,121.50651,17
500113008,20231031,1091,43,26,1,25.02594,121.50651,17
500113008,20231031,1092,43,26,1,25.02594,121.50651,17
500113008,20231031,1093,43,25,1,25.02594,121.50651,18
500113008,20231031,1094,43,26,1,25.02594,121.50651,17
500113008,20231031,1095,43,24,1,25.02594,121.50651,19
500113008,20231031,1096,43,22,1,25.02594,121.50651,21
500113008,20231031,1097,43,23,1,25.02594,121.50651,20
500113008,20231031,1098,43,23,1,25.02594,121.50651,20
500113008,20231031,1099,43,22,1,25.02594,121.50651,21
500113008,20231031,1101,43,22,1,25.02594,121.50651,21
500113008,20231031,1102,43,21,1,25.02594,121.50651,22
500113008,20231031,1103,43,21,1,25.02594,121.50651,22
500113008,20231031,1104,43,21,1,25.02594,121.50651,22
500113008,20231031,1105,43,22,1,25.02594,121.50651,21
500113008,20231031,1106,43,22,1,25.02594,121.50651,21
500113008,20231031,1107,43,22,1,25.02594,121.50651,21
500113008,20231031,1108,43,22,1,25.02594,121.50651,21
500113008,20231031,1109,43,22,1,25.02594,121.50651,21
500113008,20231031,1111,43,21,1,25.02594,121.50651,22
500113008,20231031,1112,43,20,1,25.02594,121.50651,23
500113008,20231031,1113,43,18,1,25.02594,121.50651,25
500113008,20231031,1114,43,18,1,25.02594,121.50651,25
500113008,20231031,1115,43,18,1,25.02594,121.50651,25
500113008,20231031,1116,43,19,1,25.02594,121.50651,24
500113008,20231031,1117,43,19,1,25.02594,121.50651,24
500113008,20231031,1118,43,19,1,25.02594,121.50651,24
500113008,20231031,1119,43,21,1,25.02594,121.50651,22
500113008,20231031,1120,43,21,1,25.02594,121.50651,22
500113008,20231031,1121,43,21,1,25.02594,121.50651,22
500113008,20231031,1122,43,21,1,25.02594,121.50651,22
500113008,20231031,1123,43,21,1,25.02594,121.50651,22
500113008,20231031,1124,43,19,1,25.02594,121.50651,24
500113008,20231031,1125,43,19,1,25.02594,121.50651,24
500113008,20231031,1126,43,19,1,25.02594,121.50651,24
500113008,20231031,1127,43,17,1,25.02594,121.50651,26
500113008,20231031,1128,43,15,1,25.02594,121.50651,28
500113008,20231031,1129,43,15,1,25.02594,121.50651,28
500113008,20231031,1130,43,15,1,25.02594,121.50651,28
500113008,20231031,1131,43,15,1,25.02594,121.50651,28
500113008,20231031,1132,43,15,1,25.02594,121.50651,28
500113008,20231031,1133,43,15,1,25.02594,121.50651,28
500113008,20231031,1134,43,15,1,25.02594,121.50651,28
500113008,20231031,1135,43,15,1,25.02594,121.50651,28
500113008,20231031,1136,43,15,1,25.02594,121.50651,28
500113008,20231031,1137,43,15,1,25.02594,121.50651,28
500113008,20231031,1138,43,15,1,25.02594,121.50651,28
500113008,20231031,1139,43,15,1,25.02594,121.50651,28
500113008,20231031,1141,43,15,1,25.02594,121.50651,28
500113008,20231031,1142,43,14,1,25.02594,121.50651,29
500113008,20231031,1143,43,14,1,25.02594,121.50651,29
500113008,20231031,1144,43,14,1,25.02594,121.50651,29
500113008,20231031,1145,43,14,1,25.02594,121.50651,29
500113008,20231031,1146,43,14,1,25.02594,121.50651,29
500113008,20231031,1147,43,14,1,25.02594,121.50651,29
500113008,20231031,1148,43,14,1,25.02594,121.50651,29
500113008,20231031,1149,43,12,1,25.02594,121.50651,31
500113008,20231031,1150,43,11,1,25.02594,121.50651,32
500113008,20231031,1151,43,11,1,25.02594,121.50651,32
500113008,20231031,1152,43,11,1,25.02594,121.50651,32
500113008,20231031,1153,43,10,1,25.02594,121.50651,33
500113008,20231031,1154,43,9,1,25.02594,121.50651,34
500113008,20231031,1155,43,9,1,25.02594,121.50651,34
500113008,20231031,1156,43,9,1,25.02594,121.50651,34
500113008,20231031,1157,43,9,1,25.02594,121.50651,34
500113008,20231031,1158,43,6,1,25.02594,121.50651,37
500113008,20231031,1159,43,6,1,25.02594,121.50651,37
500113008,20231031,1161,43,6,1,25.02594,121.50651,37
500113008,20231031,1162,43,6,1,25.02594,121.50651,37
500113008,20231031,1163,43,6,1,25.02594,121.50651,37
500113008,20231031,1164,43,6,1,25.02594,121.50651,37
500113008,20231031,1165,43,6,1,25.02594,121.50651,37
500113008,20231031,1166,43,6,1,25.02594,121.50651,37
500113008,20231031,1167,43,5,1,25.02594,121.50651,38
500113008,20231031,1168,43,5,1,25.02594,121.50651,38
500113008,20231031,1169,43,5,1,25.02594,121.50651,38
500113008,20231031,1171,43,4,1,25.02594,121.50651,39
500113008,20231031,1172,43,5,1,25.02594,121.50651,38
500113008,20231031,1173,43,5,1,25.02594,121.50651,38
500113008,20231031,1174,43,5,1,25.02594,121.50651,38
500113008,20231031,1175,43,3,1,25.02594,121.50651,40
500113008,20231031,1176,43,3,1,25.02594,121.50651,40
500113008,20231031,1177,43,3,1,25.02594,121.50651,40
500113008,20231031,1178,43,3,1,25.02594,121.50651,40
500113008,20231031,1179,43,3,1,25.02594,121.50651,40
500113008,20231031,1180,43,3,1,25.02594,121.50651,40
500113008,20231031,1181,43,3,1,25.02594,121.50651,40
500113008,20231031,1182,43,3,1,25.02594,121.50651,40
500113008,20231031,1183,43,3,1,25.02594,121.50651,40
500113008,20231031,1184,43,3,1,25.02594,121.50651,40
500113008,20231031,1185,43,3,1,25.02594,121.50651,40
500113008,20231031,1186,43,3,1,25.02594,121.50651,40
500113008,20231031,1187,43,3,1,25.02594,121.50651,40
500113008,20231031,1188,43,3,1,25.02594,121.50651,40
500113008,20231031,1189,43,3,1,25.02594,121.50651,40
500113008,20231031,1190,43,3,1,25.02594,121.50651,40
500113008,20231031,1191,43,3,1,25.02594,121.50651,40
500113008,20231031,1192,43,3,1,25.02594,121.50651,40
500113008,20231031,1193,43,3,1,25.02594,121.50651,40
500113008,20231031,1194,43,2,1,25.02594,121.50651,41
500113008,20231031,1195,43,2,1,25.02594,121.50651,41
500113008,20231031,1196,43,2,1,25.02594,121.50651,41
500113008,20231031,1197,43,2,1,25.02594,121.50651,41
500113008,20231031,1198,43,2,1,25.02594,121.50651,41
500113008,20231031,1199,43,2,1,25.02594,121.50651,41
500113008,20231031,1201,43,3,1,25.02594,121.50651,40
500113008,20231031,1202,43,3,1,25.02594,121.50651,40
500113008,20231031,1203,43,4,1,25.02594,121.50651,39
500113008,20231031,1204,43,4,1,25.02594,121.50651,39
500113008,20231031,1205,43,4,1,25.02594,121.50651,39
500113008,20231031,1206,43,4,1,25.02594,121.50651,39
500113008,20231031,1207,43,4,1,25.02594,121.50651,39
500113008,20231031,1208,43,3,1,25.02594,121.50651,40
500113008,20231031,1209,43,3,1,25.02594,121.50651,40
500113008,20231031,1210,43,2,1,25.02594,121.50651,41
500113008,20231031,1211,43,2,1,25.02594,121.50651,41
500113008,20231031,1212,43,2,1,25.02594,121.50651,41
500113008,20231031,1213,43,1,1,25.02594,121.50651,42
500113008,20231031,1214,43,2,1,25.02594,121.50651,41
500113008,20231031,1215,43,2,1,25.02594,121.50651,41
500113008,20231031,1216,43,2,1,25.02594,121.50651,41
500113008,20231031,1217,43,2,1,25.02594,121.50651,41
500113008,20231031,1219,43,2,1,25.02594,121.50651,41
500113008,20231031,1221,43,2,1,25.02594,121.50651,41
500113008,20231031,1222,43,2,1,25.02594,121.50651,41
500113008,20231031,1223,43,2,1,25.02594,121.50651,41
500113008,20231031,1224,43,2,1,25.02594,121.50651,41
500113008,20231031,1225,43,2,1,25.02594,121.50651,41
500113008,20231031,1226,43,1,1,25.02594,121.50651,42
500113008,20231031,1227,43,5,1,25.02594,121.50651,38
500113008,20231031,1228,43,6,1,25.02594,121.50651,37
500113008,20231031,1229,43,8,1,25.02594,121.50651,35
500113008,20231031,1231,43,13,1,25.02594,121.50651,30
500113008,20231031,1232,43,16,1,25.02594,121.50651,27
500113008,20231031,1233,43,18,1,25.02594,121.50651,25
500113008,20231031,1234,43,20,1,25.02594,121.50651,23
500113008,20231031,1235,43,22,1,25.02594,121.50651,21
500113008,20231031,1236,43,22,1,25.02594,121.50651,21
500113008,20231031,1237,43,22,1,25.02594,121.50651,21
500113008,20231031,1238,43,23,1,25.02594,121.50651,20
500113008,20231031,1239,43,23,1,25.02594,121.50651,20
500113008,20231031,1241,43,22,1,25.02594,121.50651,21
500113008,20231031,1242,43,20,1,25.02594,121.50651,23
500113008,20231031,1243,43,20,1,25.02594,121.50651,23
500113008,20231031,1244,43,20,1,25.02594,121.50651,23
500113008,20231031,1245,43,20,1,25.02594,121.50651,23
500113008,20231031,1246,43,20,1,25.02594,121.50651,23
500113008,20231031,1247,43,20,1,25.02594,121.50651,23
500113008,20231031,1248,43,20,1,25.02594,121.50651,23
500113008,20231031,1249,43,20,1,25.02594,121.50651,23
500113008,20231031,1251,43,20,1,25.02594,121.50651,23
500113008,20231031,1252,43,20,1,25.02594,121.50651,23
500113008,20231031,1253,43,20,1,25.02594,121.50651,23
500113008,20231031,1254,43,20,1,25.02594,121.50651,23
500113008,20231031,1255,43,20,1,25.02594,121.50651,23
500113008,20231031,1256,43,20,1,25.02594,121.50651,23
500113008,20231031,1257,43,20,1,25.02594,121.50651,23
500113008,20231031,1258,43,20,1,25.02594,121.50651,23
500113008,20231031,1259,43,20,1,25.02594,121.50651,23
500113008,20231031,1261,43,20,1,25.02594,121.50651,23
500113008,20231031,1262,43,20,1,25.02594,121.50651,23
500113008,20231031,1263,43,20,1,25.02594,121.50651,23
500113008,20231031,1264,43,20,1,25.02594,121.50651,23
500113008,20231031,1265,43,20,1,25.02594,121.50651,23
500113008,20231031,1266,43,20,1,25.02594,121.50651,23
500113008,20231031,1267,43,20,1,25.02594,121.50651,23
500113008,20231031,1268,43,20,1,25.02594,121.50651,23
500113008,20231031,1269,43,20,1,25.02594,121.50651,23
500113008,20231031,1271,43,22,1,25.02594,121.50651,21
500113008,20231031,1272,43,22,1,25.02594,121.50651,21
500113008,20231031,1273,43,24,1,25.02594,121.50651,19
500113008,20231031,1274,43,24,1,25.02594,121.50651,19
500113008,20231031,1275,43,24,1,25.02594,121.50651,19
500113008,20231031,1276,43,24,1,25.02594,121.50651,19
500113008,20231031,1277,43,24,1,25.02594,121.50651,19
500113008,20231031,1278,43,24,1,25.02594,121.50651,19
500113008,20231031,1279,43,24,1,25.02594,121.50651,19
500113008,20231031,1281,43,24,1,25.02594,121.50651,19
500113008,20231031,1282,43,24,1,25.02594,121.50651,19
500113008,20231031,1283,43,26,1,25.02594,121.50651,17
500113008,20231031,1284,43,26,1,25.02594,121.50651,17
500113008,20231031,1285,43,26,1,25.02594,121.50651,17
500113008,20231031,1286,43,26,1,25.02594,121.50651,17
500113008,20231031,1287,43,26,1,25.02594,121.50651,17
500113008,20231031,1288,43,26,1,25.02594,121.50651,17
500113008,20231031,1289,43,26,1,25.02594,121.50651,17
500113008,20231031,1291,43,26,1,25.02594,121.50651,17
500113008,20231031,1292,43,26,1,25.02594,121.50651,17
500113008,20231031,1293,43,27,1,25.02594,121.50651,16
500113008,20231031,1294,43,27,1,25.02594,121.50651,16
500113008,20231031,1295,43,27,1,25.02594,121.50651,16
500113008,20231031,1296,43,27,1,25.02594,121.50651,16
500113008,20231031,1297,43,27,1,25.02594,121.50651,16
500113008,20231031,1298,43,26,1,25.02594,121.50651,17
500113008,20231031,1299,43,26,1,25.02594,121.50651,17
500113008,20231031,1301,43,29,1,25.02594,121.50651,14
500113008,20231031,1302,43,28,1,25.02594,121.50651,15
500113008,20231031,1303,43,27,1,25.02594,121.50651,16
500113008,20231031,1304,43,27,1,25.02594,121.50651,16
500113008,20231031,1305,43,27,1,25.02594,121.50651,16
500113008,20231031,1306,43,27,1,25.02594,121.50651,16
500113008,20231031,1307,43,27,1,25.02594,121.50651,16
500113008,20231031,1308,43,26,1,25.02594,121.50651,17
500113008,20231031,1309,43,26,1,25.02594,121.50651,17
500113008,20231031,1311,43,26,1,25.02594,121.50651,17
500113008,20231031,1312,43,26,1,25.02594,121.50651,17
500113008,20231031,1313,43,26,1,25.02594,121.50651,17
500113008,20231031,1314,43,26,1,25.02594,121.50651,17
500113008,20231031,1315,43,26,1,25.02594,121.50651,17
500113008,20231031,1316,43,26,1,25.02594,121.50651,17
500113008,20231031,1317,43,26,1,25.02594,121.50651,17
500113008,20231031,1318,43,26,1,25.02594,121.50651,17
500113008,20231031,1319,43,26,1,25.02594,121.50651,17
500113008,20231031,1321,43,26,1,25.02594,121.50651,17
500113008,20231031,1322,43,25,1,25.02594,121.50651,18
500113008,20231031,1323,43,24,1,25.02594,121.50651,19
500113008,20231031,1324,43,24,1,25.02594,121.50651,19
500113008,20231031,1325,43,24,1,25.02594,121.50651,19
500113008,20231031,1326,43,25,1,25.02594,121.50651,18
500113008,20231031,1327,43,26,1,25.02594,121.50651,17
500113008,20231031,1328,43,26,1,25.02594,121.50651,17
500113008,20231031,1329,43,26,1,25.02594,121.50651,17
500113008,20231031,1331,43,26,1,25.02594,121.50651,17
500113008,20231031,1332,43,26,1,25.02594,121.50651,17
500113008,20231031,1333,43,26,1,25.02594,121.50651,17
500113008,20231031,1334,43,26,1,25.02594,121.50651,17
500113008,20231031,1335,43,26,1,25.02594,121.50651,17
500113008,20231031,1336,43,26,1,25.02594,121.50651,17
500113008,20231031,1337,43,26,1,25.02594,121.50651,17
500113008,20231031,1338,43,26,1,25.02594,121.50651,17
500113008,20231031,1339,43,26,1,25.02594,121.50651,17
500113008,20231031,1341,43,26,1,25.02594,121.50651,17
500113008,20231031,1342,43,26,1,25.02594,121.50651,17
500113008,20231031,1343,43,26,1,25.02594,121.50651,17
500113008,20231031,1344,43,26,1,25.02594,121.50651,17
500113008,20231031,1345,43,26,1,25.02594,121.50651,17
500113008,20231031,1346,43,26,1,25.02594,121.50651,17
500113008,20231031,1347,43,26,1,25.02594,121.50651,17
500113008,20231031,1348,43,26,1,25.02594,121.50651,17
500113008,20231031,1349,43,26,1,25.02594,121.50651,17
500113008,20231031,1350,43,26,1,25.02594,121.50651,17
500113008,20231031,1351,43,26,1,25.02594,121.50651,17
500113008,20231031,1352,43,26,1,25.02594,121.50651,17
500113008,20231031,1353,43,25,1,25.02594,121.50651,18
500113008,20231031,1354,43,25,1,25.02594,121.50651,18
500113008,20231031,1355,43,25,1,25.02594,121.50651,18
500113008,20231031,1356,43,25,1,25.02594,121.50651,18
500113008,20231031,1357,43,25,1,25.02594,121.50651,18
500113008,20231031,1358,43,25,1,25.02594,121.50651,18
500113008,20231031,1359,43,25,1,25.02594,121.50651,18
500113008,20231031,1360,43,25,1,25.02594,121.50651,18
500113008,20231031,1361,43,25,1,25.02594,121.50651,18
500113008,20231031,1362,43,25,1,25.02594,121.50651,18
500113008,20231031,1363,43,25,1,25.02594,121.50651,18
500113008,20231031,1364,43,25,1,25.02594,121.50651,18
500113008,20231031,1365,43,24,1,25.02594,121.50651,19
500113008,20231031,1366,43,24,1,25.02594,121.50651,19
500113008,20231031,1367,43,24,1,25.02594,121.50651,19
500113008,20231031,1368,43,24,1,25.02594,121.50651,19
500113008,20231031,1369,43,24,1,25.02594,121.50651,19
500113008,20231031,1370,43,24,1,25.02594,121.50651,19
500113008,20231031,1371,43,24,1,25.02594,121.50651,19
500113008,20231031,1372,43,24,1,25.02594,121.50651,19
500113008,20231031,1373,43,24,1,25.02594,121.50651,19
500113008,20231031,1374,43,24,1,25.02594,121.50651,19
500113008,20231031,1375,43,24,1,25.02594,121.50651,19
500113008,20231031,1376,43,24,1,25.02594,121.50651,19
500113008,20231031,1377,43,24,1,25.02594,121.50651,19
500113008,20231031,1378,43,24,1,25.02594,121.50651,19
500113008,20231031,1379,43,24,1,25.02594,121.50651,19
500113008,20231031,1381,43,24,1,25.02594,121.50651,19
500113008,20231031,1382,43,24,1,25.02594,121.50651,19
500113008,20231031,1383,43,24,1,25.02594,121.50651,19
500113008,20231031,1384,43,24,1,25.02594,121.50651,19
500113008,20231031,1385,43,24,1,25.02594,121.50651,19
500113008,20231031,1386,43,24,1,25.02594,121.50651,19
500113008,20231031,1387,43,24,1,25.02594,121.50651,19
500113008,20231031,1388,43,24,1,25.02594,121.50651,19
500113008,20231031,1389,43,24,1,25.02594,121.50651,19
500113008,20231031,1390,43,24,1,25.02594,121.50651,19
500113008,20231031,1391,43,24,1,25.02594,121.50651,19
500113008,20231031,1392,43,24,1,25.02594,121.50651,19
500113008,20231031,1393,43,24,1,25.02594,121.50651,19
500113008,20231031,1394,43,24,1,25.02594,121.50651,19
500113008,20231031,1395,43,24,1,25.02594,121.50651,19
500113008,20231031,1396,43,24,1,25.02594,121.50651,19
500113008,20231031,1397,43,24,1,25.02594,121.50651,19
500113008,20231031,1398,43,24,1,25.02594,121.50651,19
500113008,20231031,1399,43,24,1,25.02594,121.50651,19
500113008,20231031,1401,43,24,1,25.02594,121.50651,19
500113008,20231031,1402,43,24,1,25.02594,121.50651,19
500113008,20231031,1403,43,24,1,25.02594,121.50651,19
500113008,20231031,1404,43,24,1,25.02594,121.50651,19
500113008,20231031,1405,43,24,1,25.02594,121.50651,19
500113008,20231031,1406,43,24,1,25.02594,121.50651,19
500113008,20231031,1407,43,24,1,25.02594,121.50651,19
500113008,20231031,1408,43,24,1,25.02594,121.50651,19
500113008,20231031,1409,43,24,1,25.02594,121.50651,19
500113008,20231031,1410,43,24,1,25.02594,121.50651,19
500113008,20231031,1411,43,24,1,25.02594,121.50651,19
500113008,20231031,1412,43,24,1,25.02594,121.50651,19
500113008,20231031,1413,43,24,1,25.02594,121.50651,19
500113008,20231031,1414,43,24,1,25.02594,121.50651,19
500113008,20231031,1415,43,24,1,25.02594,121.50651,19
500113008,20231031,1416,43,24,1,25.02594,121.50651,19
500113008,20231031,1417,43,25,1,25.02594,121.50651,18
500113008,20231031,1418,43,25,1,25.02594,121.50651,18
500113008,20231031,1419,43,25,1,25.02594,121.50651,18
500113008,20231031,1420,43,25,1,25.02594,121.50651,18
500113008,20231031,1421,43,25,1,25.02594,121.50651,18
500113008,20231031,1422,43,25,1,25.02594,121.50651,18
500113008,20231031,1423,43,25,1,25.02594,121.50651,18
500113008,20231031,1424,43,25,1,25.02594,121.50651,18
500113008,20231031,1425,43,25,1,25.02594,121.50651,18
500113008,20231031,1426,43,25,1,25.02594,121.50651,18
500113008,20231031,1427,43,25,1,25.02594,121.50651,18
500113008,20231031,1428,43,25,1,25.02594,121.50651,18
500113008,20231031,1429,43,26,1,25.02594,121.50651,17
500113008,20231031,1430,43,25,1,25.02594,121.50651,18
500113008,20231031,1431,43,25,1,25.02594,121.50651,18
500113008,20231031,1432,43,25,1,25.02594,121.50651,18
500113008,20231031,1433,43,25,1,25.02594,121.50651,18
500113008,20231031,1434,43,25,1,25.02594,121.50651,18
500113008,20231031,1435,43,25,1,25.02594,121.50651,18
500113008,20231031,1436,43,25,1,25.02594,121.50651,18
500113008,20231031,1437,43,25,1,25.02594,121.50651,18
500113008,20231031,1438,43,25,1,25.02594,121.50651,18
500113008,20231031,1439,43,25,1,25.02594,121.50651,18
500113008,20231101,0,43,25,1,25.02594,121.50651,18
500113008,20231101,1,43,25,1,25.02594,121.50651,18
500113008,20231101,2,43,25,1,25.02594,121.50651,18
500113008,20231101,3,43,25,1,25.02594,121.50651,18
500113008,20231101,4,43,25,1,25.02594,121.50651,18
500113008,20231101,5,43,25,1,25.02594,121.50651,18
500113008,20231101,6,43,25,1,25.02594,121.50651,18
500113008,20231101,7,43,25,1,25.02594,121.50651,18
500113008,20231101,8,43,25,1,25.02594,121.50651,18
500113008,20231101,9,43,25,1,25.02594,121.50651,18
500113008,20231101,10,43,25,1,25.02594,121.50651,18
500113008,20231101,11,43,25,1,25.02594,121.50651,18
500113008,20231101,12,43,25,1,25.02594,121.50651,18
500113008,20231101,13,43,24,1,25.02594,121.50651,19
500113008,20231101,14,43,23,1,25.02594,121.50651,20
500113008,20231101,15,43,22,1,25.02594,121.50651,21
500113008,20231101,16,43,22,1,25.02594,121.50651,21
500113008,20231101,17,43,22,1,25.02594,121.50651,21
500113008,20231101,18,43,22,1,25.02594,121.50651,21
500113008,20231101,19,43,22,1,25.02594,121.50651,21
500113008,20231101,21,43,22,1,25.02594,121.50651,21
500113008,20231101,22,43,22,1,25.02594,121.50651,21
500113008,20231101,23,43,22,1,25.02594,121.50651,21
500113008,20231101,24,43,22,1,25.02594,121.50651,21
500113008,20231101,25,43,22,1,25.02594,121.50651,21
500113008,20231101,26,43,22,1,25.02594,121.50651,21
500113008,20231101,28,43,22,1,25.02594,121.50651,21
500113008,20231101,29,43,23,1,25.02594,121.50651,20
500113008,20231101,30,43,23,1,25.02594,121.50651,20
500113008,20231101,31,43,23,1,25.02594,121.50651,20
500113008,20231101,32,43,23,1,25.02594,121.50651,20
500113008,20231101,33,43,23,1,25.02594,121.50651,20
500113008,20231101,34,43,23,1,25.02594,121.50651,20
500113008,20231101,35,43,23,1,25.02594,121.50651,20
500113008,20231101,36,43,23,1,25.02594,121.50651,20
500113008,20231101,37,43,23,1,25.02594,121.50651,20
500113008,20231101,38,43,22,1,25.02594,121.50651,21
500113008,20231101,39,43,22,1,25.02594,121.50651,21
500113008,20231101,40,43,22,1,25.02594,121.50651,21
500113008,20231101,41,43,22,1,25.02594,121.50651,21
500113008,20231101,42,43,22,1,25.02594,121.50651,21
500113008,20231101,43,43,22,1,25.02594,121.50651,21
500113008,20231101,44,43,22,1,25.02594,121.50651,21
500113008,20231101,45,43,22,1,25.02594,121.50651,21
500113008,20231101,46,43,22,1,25.02594,121.50651,21
500113008,20231101,48,43,22,1,25.02594,121.50651,21
500113008,20231101,49,43,22,1,25.02594,121.50651,21
500113008,20231101,51,43,22,1,25.02594,121.50651,21
500113008,20231101,53,43,22,1,25.02594,121.50651,21
500113008,20231101,54,43,22,1,25.02594,121.50651,21
500113008,20231101,55,43,22,1,25.02594,121.50651,21
500113008,20231101,56,43,22,1,25.02594,121.50651,21
500113008,20231101,58,43,22,1,25.02594,121.50651,21
500113008,20231101,59,43,22,1,25.02594,121.50651,21
500113008,20231101,60,43,22,1,25.02594,121.50651,21
500113008,20231101,62,43,22,1,25.02594,121.50651,21
500113008,20231101,63,43,22,1,25.02594,121.50651,21
500113008,20231101,64,43,22,1,25.02594,121.50651,21
500113008,20231101,65,43,22,1,25.02594,121.50651,21
500113008,20231101,66,43,22,1,25.02594,121.50651,21
500113008,20231101,67,43,22,1,25.02594,121.50651,21
500113008,20231101,69,43,22,1,25.02594,121.50651,21
500113008,20231101,71,43,22,1,25.02594,121.50651,21
500113008,20231101,72,43,22,1,25.02594,121.50651,21
500113008,20231101,73,43,22,1,25.02594,121.50651,21
500113008,20231101,74,43,22,1,25.02594,121.50651,21
500113008,20231101,75,43,22,1,25.02594,121.50651,21
500113008,20231101,76,43,22,1,25.02594,121.50651,21
500113008,20231101,77,43,22,1,25.02594,121.50651,21
500113008,20231101,78,43,21,1,25.02594,121.50651,22
500113008,20231101,79,43,21,1,25.02594,121.50651,22
500113008,20231101,81,43,21,1,25.02594,121.50651,22
500113008,20231101,83,43,21,1,25.02594,121.50651,22
500113008,20231101,84,43,21,1,25.02594,121.50651,22
500113008,20231101,85,43,21,1,25.02594,121.50651,22
500113008,20231101,86,43,21,1,25.02594,121.50651,22
500113008,20231101,87,43,21,1,25.02594,121.50651,22
500113008,20231101,88,43,21,1,25.02594,121.50651,22
500113008,20231101,89,43,21,1,25.02594,121.50651,22
500113008,20231101,91,43,21,1,25.02594,121.50651,22
500113008,20231101,92,43,21,1,25.02594,121.50651,22
500113008,20231101,93,43,21,1,25.02594,121.50651,22
500113008,20231101,94,43,21,1,25.02594,121.50651,22
500113008,20231101,95,43,21,1,25.02594,121.50651,22
500113008,20231101,96,43,21,1,25.02594,121.50651,22
500113008,20231101,97,43,21,1,25.02594,121.50651,22
500113008,20231101,98,43,21,1,25.02594,121.50651,22
500113008,20231101,99,43,21,1,25.02594,121.50651,22
500113008,20231101,101,43,21,1,25.02594,121.50651,22
500113008,20231101,102,43,21,1,25.02594,121.50651,22
500113008,20231101,103,43,21,1,25.02594,121.50651,22
500113008,20231101,104,43,21,1,25.02594,121.50651,22
500113008,20231101,105,43,21,1,25.02594,121.50651,22
500113008,20231101,106,43,21,1,25.02594,121.50651,22
500113008,20231101,107,43,21,1,25.02594,121.50651,22
500113008,20231101,108,43,21,1,25.02594,121.50651,22
500113008,20231101,109,43,21,1,25.02594,121.50651,22
500113008,20231101,110,43,21,1,25.02594,121.50651,22
500113008,20231101,111,43,21,1,25.02594,121.50651,22
500113008,20231101,112,43,21,1,25.02594,121.50651,22
500113008,20231101,113,43,21,1,25.02594,121.50651,22
500113008,20231101,114,43,21,1,25.02594,121.50651,22
500113008,20231101,115,43,21,1,25.02594,121.50651,22
500113008,20231101,116,43,21,1,25.02594,121.50651,22
500113008,20231101,117,43,21,1,25.02594,121.50651,22
500113008,20231101,118,43,21,1,25.02594,121.50651,22
500113008,20231101,119,43,21,1,25.02594,121.50651,22
500113008,20231101,121,43,20,1,25.02594,121.50651,23
500113008,20231101,122,43,20,1,25.02594,121.50651,23
500113008,20231101,123,43,20,1,25.02594,121.50651,23
500113008,20231101,124,43,20,1,25.02594,121.50651,23
500113008,20231101,125,43,20,1,25.02594,121.50651,23
500113008,20231101,126,43,20,1,25.02594,121.50651,23
500113008,20231101,127,43,20,1,25.02594,121.50651,23
500113008,20231101,128,43,20,1,25.02594,121.50651,23
500113008,20231101,129,43,20,1,25.02594,121.50651,23
500113008,20231101,131,43,20,1,25.02594,121.50651,23
500113008,20231101,132,43,20,1,25.02594,121.50651,23
500113008,20231101,133,43,20,1,25.02594,121.50651,23
500113008,20231101,134,43,20,1,25.02594,121.50651,23
500113008,20231101,135,43,19,1,25.02594,121.50651,24
500113008,20231101,136,43,19,1,25.02594,121.50651,24
500113008,20231101,137,43,19,1,25.02594,121.50651,24
500113008,20231101,138,43,19,1,25.02594,121.50651,24
500113008,20231101,139,43,19,1,25.02594,121.50651,24
500113008,20231101,141,43,19,1,25.02594,121.50651,24
500113008,20231101,142,43,19,1,25.02594,121.50651,24
500113008,20231101,143,43,19,1,25.02594,121.50651,24
500113008,20231101,144,43,19,1,25.02594,121.50651,24
500113008,20231101,145,43,19,1,25.02594,121.50651,24
500113008,20231101,146,43,19,1,25.02594,121.50651,24
500113008,20231101,147,43,19,1,25.02594,121.50651,24
500113008,20231101,148,43,19,1,25.02594,121.50651,24
500113008,20231101,149,43,19,1,25.02594,121.50651,24
500113008,20231101,150,43,19,1,25.02594,121.50651,24
500113008,20231101,151,43,19,1,25.02594,121.50651,24
500113008,20231101,152,43,19,1,25.02594,121.50651,24
500113008,20231101,153,43,19,1,25.02594,121.50651,24
500113008,20231101,154,43,19,1,25.02594,121.50651,24
500113008,20231101,155,43,19,1,25.02594,121.50651,24
500113008,20231101,156,43,19,1,25.02594,121.50651,24
500113008,20231101,157,43,19,1,25.02594,121.50651,24
500113008,20231101,158,43,19,1,25.02594,121.50651,24
500113008,20231101,159,43,19,1,25.02594,121.50651,24
500113008,20231101,160,43,19,1,25.02594,121.50651,24
500113008,20231101,161,43,19,1,25.02594,121.50651,24
500113008,20231101,162,43,19,1,25.02594,121.50651,24
500113008,20231101,163,43,19,1,25.02594,121.50651,24
500113008,20231101,164,43,19,1,25.02594,121.50651,24
500113008,20231101,165,43,19,1,25.02594,121.50651,24
500113008,20231101,166,43,19,1,25.02594,121.50651,24
500113008,20231101,167,43,19,1,25.02594,121.50651,24
500113008,20231101,168,43,19,1,25.02594,121.50651,24
500113008,20231101,169,43,19,1,25.02594,121.50651,24
500113008,20231101,170,43,19,1,25.02594,121.50651,24
500113008,20231101,171,43,19,1,25.02594,121.50651,24
500113008,20231101,172,43,19,1,25.02594,121.50651,24
500113008,20231101,173,43,19,1,25.02594,121.50651,24
500113008,20231101,174,43,19,1,25.02594,121.50651,24
500113008,20231101,175,43,19,1,25.02594,121.50651,24
500113008,20231101,176,43,19,1,25.02594,121.50651,24
500113008,20231101,177,43,19,1,25.02594,121.50651,24
500113008,20231101,178,43,19,1,25.02594,121.50651,24
500113008,20231101,179,43,19,1,25.02594,121.50651,24
500113008,20231101,180,43,19,1,25.02594,121.50651,24
500113008,20231101,181,43,19,1,25.02594,121.50651,24
500113008,20231101,182,43,19,1,25.02594,121.50651,24
500113008,20231101,183,43,19,1,25.02594,121.50651,24
500113008,20231101,184,43,19,1,25.02594,121.50651,24
500113008,20231101,185,43,19,1,25.02594,121.50651,24
500113008,20231101,186,43,19,1,25.02594,121.50651,24
500113008,20231101,187,43,19,1,25.02594,121.50651,24
500113008,20231101,188,43,19,1,25.02594,121.50651,24
500113008,20231101,189,43,19,1,25.02594,121.50651,24
500113008,20231101,190,43,19,1,25.02594,121.50651,24
500113008,20231101,191,43,19,1,25.02594,121.50651,24
500113008,20231101,192,43,19,1,25.02594,121.50651,24
500113008,20231101,193,43,19,1,25.02594,121.50651,24
500113008,20231101,194,43,19,1,25.02594,121.50651,24
500113008,20231101,195,43,19,1,25.02594,121.50651,24
500113008,20231101,196,43,19,1,25.02594,121.50651,24
500113008,20231101,197,43,19,1,25.02594,121.50651,24
500113008,20231101,198,43,19,1,25.02594,121.50651,24
500113008,20231101,199,43,19,1,25.02594,121.50651,24
500113008,20231101,201,43,19,1,25.02594,121.50651,24
500113008,20231101,202,43,19,1,25.02594,121.50651,24
500113008,20231101,203,43,19,1,25.02594,121.50651,24
500113008,20231101,204,43,19,1,25.02594,121.50651,24
500113008,20231101,205,43,19,1,25.02594,121.50651,24
500113008,20231101,206,43,19,1,25.02594,121.50651,24
500113008,20231101,207,43,19,1,25.02594,121.50651,24
500113008,20231101,208,43,19,1,25.02594,121.50651,24
500113008,20231101,209,43,19,1,25.02594,121.50651,24
500113008,20231101,210,43,19,1,25.02594,121.50651,24
500113008,20231101,211,43,19,1,25.02594,121.50651,24
500113008,20231101,212,43,19,1,25.02594,121.50651,24
500113008,20231101,213,43,19,1,25.02594,121.50651,24
500113008,20231101,214,43,19,1,25.02594,121.50651,24
500113008,20231101,215,43,19,1,25.02594,121.50651,24
500113008,20231101,216,43,18,1,25.02594,121.50651,25
500113008,20231101,217,43,18,1,25.02594,121.50651,25
500113008,20231101,218,43,18,1,25.02594,121.50651,25
500113008,20231101,219,43,18,1,25.02594,121.50651,25
500113008,20231101,220,43,18,1,25.02594,121.50651,25
500113008,20231101,221,43,18,1,25.02594,121.50651,25
500113008,20231101,222,43,18,1,25.02594,121.50651,25
500113008,20231101,223,43,18,1,25.02594,121.50651,25
500113008,20231101,224,43,18,1,25.02594,121.50651,25
500113008,20231101,225,43,18,1,25.02594,121.50651,25
500113008,20231101,226,43,18,1,25.02594,121.50651,25
500113008,20231101,227,43,18,1,25.02594,121.50651,25
500113008,20231101,228,43,18,1,25.02594,121.50651,25
500113008,20231101,229,43,18,1,25.02594,121.50651,25
500113008,20231101,230,43,18,1,25.02594,121.50651,25
500113008,20231101,231,43,18,1,25.02594,121.50651,25
500113008,20231101,232,43,18,1,25.02594,121.50651,25
500113008,20231101,233,43,18,1,25.02594,121.50651,25
500113008,20231101,234,43,18,1,25.02594,121.50651,25
500113008,20231101,235,43,18,1,25.02594,121.50651,25
500113008,20231101,236,43,18,1,25.02594,121.50651,25
500113008,20231101,237,43,18,1,25.02594,121.50651,25
500113008,20231101,238,43,18,1,25.02594,121.50651,25
500113008,20231101,239,43,18,1,25.02594,121.50651,25
500113008,20231101,240,43,18,1,25.02594,121.50651,25
500113008,20231101,241,43,18,1,25.02594,121.50651,25
500113008,20231101,242,43,18,1,25.02594,121.50651,25
500113008,20231101,243,43,18,1,25.02594,121.50651,25
500113008,20231101,244,43,19,1,25.02594,121.50651,24
500113008,20231101,245,43,19,1,25.02594,121.50651,24
500113008,20231101,246,43,19,1,25.02594,121.50651,24
500113008,20231101,247,43,19,1,25.02594,121.50651,24
500113008,20231101,248,43,19,1,25.02594,121.50651,24
500113008,20231101,249,43,19,1,25.02594,121.50651,24
500113008,20231101,250,43,19,1,25.02594,121.50651,24
500113008,20231101,251,43,19,1,25.02594,121.50651,24
500113008,20231101,252,43,19,1,25.02594,121.50651,24
500113008,20231101,253,43,19,1,25.02594,121.50651,24
500113008,20231101,254,43,19,1,25.02594,121.50651,24
500113008,20231101,255,43,19,1,25.02594,121.50651,24
500113008,20231101,256,43,19,1,25.02594,121.50651,24
500113008,20231101,257,43,19,1,25.02594,121.50651,24
500113008,20231101,258,43,19,1,25.02594,121.50651,24
500113008,20231101,259,43,19,1,25.02594,121.50651,24
500113008,20231101,261,43,19,1,25.02594,121.50651,24
500113008,20231101,262,43,19,1,25.02594,121.50651,24
500113008,20231101,263,43,19,1,25.02594,121.50651,24
500113008,20231101,264,43,19,1,25.02594,121.50651,24
500113008,20231101,265,43,19,1,25.02594,121.50651,24
500113008,20231101,266,43,19,1,25.02594,121.50651,24
500113008,20231101,267,43,19,1,25.02594,121.50651,24
500113008,20231101,268,43,19,1,25.02594,121.50651,24
500113008,20231101,269,43,19,1,25.02594,121.50651,24
500113008,20231101,270,43,19,1,25.02594,121.50651,24
500113008,20231101,271,43,19,1,25.02594,121.50651,24
500113008,20231101,272,43,19,1,25.02594,121.50651,24
500113008,20231101,273,43,19,1,25.02594,121.50651,24
500113008,20231101,274,43,19,1,25.02594,121.50651,24
500113008,20231101,275,43,19,1,25.02594,121.50651,24
500113008,20231101,276,43,19,1,25.02594,121.50651,24
500113008,20231101,277,43,19,1,25.02594,121.50651,24
500113008,20231101,278,43,19,1,25.02594,121.50651,24
500113008,20231101,279,43,19,1,25.02594,121.50651,24
500113008,20231101,280,43,19,1,25.02594,121.50651,24
500113008,20231101,281,43,19,1,25.02594,121.50651,24
500113008,20231101,282,43,19,1,25.02594,121.50651,24
500113008,20231101,283,43,19,1,25.02594,121.50651,24
500113008,20231101,284,43,19,1,25.02594,121.50651,24
500113008,20231101,285,43,19,1,25.02594,121.50651,24
500113008,20231101,286,43,18,1,25.02594,121.50651,25
500113008,20231101,287,43,18,1,25.02594,121.50651,25
500113008,20231101,288,43,18,1,25.02594,121.50651,25
500113008,20231101,289,43,18,1,25.02594,121.50651,25
500113008,20231101,290,43,18,1,25.02594,121.50651,25
500113008,20231101,291,43,18,1,25.02594,121.50651,25
500113008,20231101,292,43,18,1,25.02594,121.50651,25
500113008,20231101,293,43,18,1,25.02594,121.50651,25
500113008,20231101,294,43,18,1,25.02594,121.50651,25
500113008,20231101,295,43,18,1,25.02594,121.50651,25
500113008,20231101,296,43,18,1,25.02594,121.50651,25
500113008,20231101,297,43,18,1,25.02594,121.50651,25
500113008,20231101,298,43,18,1,25.02594,121.50651,25
500113008,20231101,299,43,18,1,25.02594,121.50651,25
500113008,20231101,300,43,18,1,25.02594,121.50651,25
500113008,20231101,301,43,18,1,25.02594,121.50651,25
500113008,20231101,302,43,18,1,25.02594,121.50651,25
500113008,20231101,303,43,18,1,25.02594,121.50651,25
500113008,20231101,305,43,18,1,25.02594,121.50651,25
500113008,20231101,306,43,18,1,25.02594,121.50651,25
500113008,20231101,307,43,18,1,25.02594,121.50651,25
500113008,20231101,308,43,18,1,25.02594,121.50651,25
500113008,20231101,309,43,18,1,25.02594,121.50651,25
500113008,20231101,311,43,18,1,25.02594,121.50651,25
500113008,20231101,312,43,18,1,25.02594,121.50651,25
500113008,20231101,313,43,18,1,25.02594,121.50651,25
500113008,20231101,314,43,18,1,25.02594,121.50651,25
500113008,20231101,315,43,18,1,25.02594,121.50651,25
500113008,20231101,316,43,18,1,25.02594,121.50651,25
500113008,20231101,317,43,18,1,25.02594,121.50651,25
500113008,20231101,318,43,18,1,25.02594,121.50651,25
500113008,20231101,319,43,18,1,25.02594,121.50651,25
500113008,20231101,321,43,18,1,25.02594,121.50651,25
500113008,20231101,322,43,17,1,25.02594,121.50651,26
500113008,20231101,323,43,17,1,25.02594,121.50651,26
500113008,20231101,324,43,17,1,25.02594,121.50651,26
500113008,20231101,325,43,17,1,25.02594,121.50651,26
500113008,20231101,326,43,17,1,25.02594,121.50651,26
500113008,20231101,327,43,17,1,25.02594,121.50651,26
500113008,20231101,328,43,17,1,25.02594,121.50651,26
500113008,20231101,329,43,17,1,25.02594,121.50651,26
500113008,20231101,331,43,17,1,25.02594,121.50651,26
500113008,20231101,332,43,17,1,25.02594,121.50651,26
500113008,20231101,333,43,17,1,25.02594,121.50651,26
500113008,20231101,334,43,17,1,25.02594,121.50651,26
500113008,20231101,335,43,17,1,25.02594,121.50651,26
500113008,20231101,336,43,17,1,25.02594,121.50651,26
500113008,20231101,337,43,17,1,25.02594,121.50651,26
500113008,20231101,338,43,17,1,25.02594,121.50651,26
500113008,20231101,339,43,17,1,25.02594,121.50651,26
500113008,20231101,341,43,17,1,25.02594,121.50651,26
500113008,20231101,342,43,17,1,25.02594,121.50651,26
500113008,20231101,343,43,17,1,25.02594,121.50651,26
500113008,20231101,344,43,17,1,25.02594,121.50651,26
500113008,20231101,345,43,17,1,25.02594,121.50651,26
500113008,20231101,346,43,17,1,25.02594,121.50651,26
500113008,20231101,347,43,17,1,25.02594,121.50651,26
500113008,20231101,348,43,17,1,25.02594,121.50651,26
500113008,20231101,349,43,17,1,25.02594,121.50651,26
500113008,20231101,351,43,17,1,25.02594,121.50651,26
500113008,20231101,352,43,17,1,25.02594,121.50651,26
500113008,20231101,353,43,17,1,25.02594,121.50651,26
500113008,20231101,354,43,17,1,25.02594,121.50651,26
500113008,20231101,355,43,17,1,25.02594,121.50651,26
500113008,20231101,356,43,17,1,25.02594,121.50651,26
500113008,20231101,357,43,17,1,25.02594,121.50651,26
500113008,20231101,358,43,18,1,25.02594,121.50651,25
500113008,20231101,359,43,18,1,25.02594,121.50651,25
500113008,20231101,361,43,18,1,25.02594,121.50651,25
500113008,20231101,362,43,18,1,25.02594,121.50651,25
500113008,20231101,363,43,18,1,25.02594,121.50651,25
500113008,20231101,364,43,18,1,25.02594,121.50651,25
500113008,20231101,365,43,18,1,25.02594,121.50651,25
500113008,20231101,366,43,18,1,25.02594,121.50651,25
500113008,20231101,367,43,18,1,25.02594,121.50651,25
500113008,20231101,368,43,18,1,25.02594,121.50651,25
500113008,20231101,369,43,17,1,25.02594,121.50651,26
500113008,20231101,370,43,17,1,25.02594,121.50651,26
500113008,20231101,371,43,17,1,25.02594,121.50651,26
500113008,20231101,372,43,17,1,25.02594,121.50651,26
500113008,20231101,373,43,17,1,25.02594,121.50651,26
500113008,20231101,374,43,17,1,25.02594,121.50651,26
500113008,20231101,375,43,17,1,25.02594,121.50651,26
500113008,20231101,376,43,17,1,25.02594,121.50651,26
500113008,20231101,377,43,17,1,25.02594,121.50651,26
500113008,20231101,378,43,18,1,25.02594,121.50651,25
500113008,20231101,379,43,18,1,25.02594,121.50651,25
500113008,20231101,381,43,18,1,25.02594,121.50651,25
500113008,20231101,382,43,18,1,25.02594,121.50651,25
500113008,20231101,383,43,18,1,25.02594,121.50651,25
500113008,20231101,384,43,17,1,25.02594,121.50651,26
500113008,20231101,385,43,17,1,25.02594,121.50651,26
500113008,20231101,386,43,17,1,25.02594,121.50651,26
500113008,20231101,387,43,17,1,25.02594,121.50651,26
500113008,20231101,388,43,17,1,25.02594,121.50651,26
500113008,20231101,389,43,17,1,25.02594,121.50651,26
500113008,20231101,390,43,17,1,25.02594,121.50651,26
500113008,20231101,391,43,16,1,25.02594,121.50651,27
500113008,20231101,392,43,16,1,25.02594,121.50651,27
500113008,20231101,393,43,16,1,25.02594,121.50651,27
500113008,20231101,394,43,16,1,25.02594,121.50651,27
500113008,20231101,395,43,15,1,25.02594,121.50651,28
500113008,20231101,396,43,15,1,25.02594,121.50651,28
500113008,20231101,397,43,15,1,25.02594,121.50651,28
500113008,20231101,398,43,15,1,25.02594,121.50651,28
500113008,20231101,399,43,15,1,25.02594,121.50651,28
500113008,20231101,400,43,15,1,25.02594,121.50651,28
500113008,20231101,401,43,15,1,25.02594,121.50651,28
500113008,20231101,402,43,15,1,25.02594,121.50651,28
500113008,20231101,403,43,15,1,25.02594,121.50651,28
500113008,20231101,404,43,16,1,25.02594,121.50651,27
500113008,20231101,405,43,16,1,25.02594,121.50651,27
500113008,20231101,406,43,16,1,25.02594,121.50651,27
500113008,20231101,407,43,16,1,25.02594,121.50651,27
500113008,20231101,408,43,16,1,25.02594,121.50651,27
500113008,20231101,409,43,16,1,25.02594,121.50651,27
500113008,20231101,410,43,17,1,25.02594,121.50651,26
500113008,20231101,411,43,17,1,25.02594,121.50651,26
500113008,20231101,412,43,17,1,25.02594,121.50651,26
500113008,20231101,413,43,16,1,25.02594,121.50651,27
500113008,20231101,414,43,16,1,25.02594,121.50651,27
500113008,20231101,415,43,16,1,25.02594,121.50651,27
500113008,20231101,416,43,16,1,25.02594,121.50651,27
500113008,20231101,417,43,17,1,25.02594,121.50651,26
500113008,20231101,419,43,20,1,25.02594,121.50651,23
500113008,20231101,421,43,21,1,25.02594,121.50651,22
500113008,20231101,422,43,21,1,25.02594,121.50651,22
500113008,20231101,423,43,21,1,25.02594,121.50651,22
500113008,20231101,424,43,21,1,25.02594,121.50651,22
500113008,20231101,425,43,21,1,25.02594,121.50651,22
500113008,20231101,426,43,21,1,25.02594,121.50651,22
500113008,20231101,427,43,22,1,25.02594,121.50651,21
500113008,20231101,428,43,22,1,25.02594,121.50651,21
500113008,20231101,429,43,22,1,25.02594,121.50651,21
500113008,20231101,430,43,22,1,25.02594,121.50651,21
500113008,20231101,431,43,22,1,25.02594,121.50651,21
500113008,20231101,432,43,21,1,25.02594,121.50651,22
500113008,20231101,433,43,21,1,25.02594,121.50651,22
500113008,20231101,434,43,21,1,25.02594,121.50651,22
500113008,20231101,435,43,21,1,25.02594,121.50651,22
500113008,20231101,436,43,21,1,25.02594,121.50651,22
500113008,20231101,437,43,21,1,25.02594,121.50651,22
500113008,20231101,438,43,21,1,25.02594,121.50651,22
500113008,20231101,439,43,22,1,25.02594,121.50651,21
500113008,20231101,441,43,21,1,25.02594,121.50651,22
500113008,20231101,442,43,22,1,25.02594,121.50651,21
500113008,20231101,443,43,22,1,25.02594,121.50651,21
500113008,20231101,444,43,22,1,25.02594,121.50651,21
500113008,20231101,445,43,24,1,25.02594,121.50651,19
500113008,20231101,446,43,24,1,25.02594,121.50651,19
500113008,20231101,447,43,24,1,25.02594,121.50651,19
500113008,20231101,448,43,24,1,25.02594,121.50651,19
500113008,20231101,449,43,24,1,25.02594,121.50651,19
500113008,20231101,451,43,25,1,25.02594,121.50651,18
500113008,20231101,452,43,25,1,25.02594,121.50651,18
500113008,20231101,453,43,25,1,25.02594,121.50651,18
500113008,20231101,454,43,25,1,25.02594,121.50651,18
500113008,20231101,455,43,25,1,25.02594,121.50651,18
500113008,20231101,456,43,25,1,25.02594,121.50651,18
500113008,20231101,457,43,26,1,25.02594,121.50651,17
500113008,20231101,458,43,26,1,25.02594,121.50651,17
500113008,20231101,459,43,26,1,25.02594,121.50651,17
500113008,20231101,460,43,25,1,25.02594,121.50651,18
500113008,20231101,461,43,25,1,25.02594,121.50651,18
500113008,20231101,462,43,25,1,25.02594,121.50651,18
500113008,20231101,463,43,26,1,25.02594,121.50651,17
500113008,20231101,464,43,26,1,25.02594,121.50651,17
500113008,20231101,465,43,27,1,25.02594,121.50651,16
500113008,20231101,466,43,27,1,25.02594,121.50651,16
500113008,20231101,467,43,27,1,25.02594,121.50651,16
500113008,20231101,468,43,27,1,25.02594,121.50651,16
500113008,20231101,469,43,27,1,25.02594,121.50651,16
500113008,20231101,470,43,27,1,25.02594,121.50651,16
500113008,20231101,471,43,26,1,25.02594,121.50651,17
500113008,20231101,472,43,26,1,25.02594,121.50651,17
500113008,20231101,473,43,26,1,25.02594,121.50651,17
500113008,20231101,475,43,26,1,25.02594,121.50651,17
500113008,20231101,476,43,26,1,25.02594,121.50651,17
500113008,20231101,477,43,26,1,25.02594,121.50651,17
500113008,20231101,478,43,26,1,25.02594,121.50651,17
500113008,20231101,479,43,27,1,25.02594,121.50651,16
500113008,20231101,481,43,29,1,25.02594,121.50651,14
500113008,20231101,482,43,29,1,25.02594,121.50651,14
500113008,20231101,483,43,30,1,25.02594,121.50651,13
500113008,20231101,484,43,30,1,25.02594,121.50651,13
500113008,20231101,485,43,31,1,25.02594,121.50651,12
500113008,20231101,486,43,32,1,25.02594,121.50651,11
500113008,20231101,487,43,32,1,25.02594,121.50651,11
500113008,20231101,488,43,33,1,25.02594,121.50651,10
500113008,20231101,489,43,37,1,25.02594,121.50651,6
500113008,20231101,490,43,39,1,25.02594,121.50651,4
500113008,20231101,491,43,41,1,25.02594,121.50651,2
500113008,20231101,492,43,40,1,25.02594,121.50651,3
500113008,20231101,493,43,40,1,25.02594,121.50651,3
500113008,20231101,494,43,40,1,25.02594,121.50651,3
500113008,20231101,495,43,38,1,25.02594,121.50651,5
500113008,20231101,496,43,39,1,25.02594,121.50651,4
500113008,20231101,497,43,39,1,25.02594,121.50651,4
500113008,20231101,498,43,39,1,25.02594,121.50651,4
500113008,20231101,499,43,39,1,25.02594,121.50651,4
500113008,20231101,501,43,37,1,25.02594,121.50651,6
500113008,20231101,503,43,39,1,25.02594,121.50651,4
500113008,20231101,504,43,39,1,25.02594,121.50651,4
500113008,20231101,505,43,38,1,25.02594,121.50651,5
500113008,20231101,506,43,37,1,25.02594,121.50651,6
500113008,20231101,507,43,37,1,25.02594,121.50651,6
500113008,20231101,508,43,37,1,25.02594,121.50651,6
500113008,20231101,509,43,37,1,25.02594,121.50651,6
500113008,20231101,511,43,38,1,25.02594,121.50651,5
500113008,20231101,512,43,37,1,25.02594,121.50651,6
500113008,20231101,513,43,35,1,25.02594,121.50651,8
500113008,20231101,514,43,35,1,25.02594,121.50651,8
500113008,20231101,515,43,36,1,25.02594,121.50651,7
500113008,20231101,516,43,36,1,25.02594,121.50651,7
500113008,20231101,517,43,36,1,25.02594,121.50651,7
500113008,20231101,518,43,36,1,25.02594,121.50651,7
500113008,20231101,519,43,37,1,25.02594,121.50651,6
500113008,20231101,520,43,37,1,25.02594,121.50651,6
500113008,20231101,521,43,37,1,25.02594,121.50651,6
500113008,20231101,522,43,37,1,25.02594,121.50651,6
500113008,20231101,523,43,37,1,25.02594,121.50651,6
500113008,20231101,524,43,38,1,25.02594,121.50651,5
500113008,20231101,525,43,38,1,25.02594,121.50651,5
500113008,20231101,526,43,39,1,25.02594,121.50651,4
500113008,20231101,527,43,37,1,25.02594,121.50651,6
500113008,20231101,528,43,35,1,25.02594,121.50651,8
500113008,20231101,529,43,35,1,25.02594,121.50651,8
500113008,20231101,530,43,35,1,25.02594,121.50651,8
500113008,20231101,531,43,35,1,25.02594,121.50651,8
500113008,20231101,532,43,35,1,25.02594,121.50651,8
500113008,20231101,533,43,36,1,25.02594,121.50651,7
500113008,20231101,534,43,36,1,25.02594,121.50651,7
500113008,20231101,535,43,36,1,25.02594,121.50651,7
500113008,20231101,536,43,36,1,25.02594,121.50651,7
500113008,20231101,537,43,35,1,25.02594,121.50651,8
500113008,20231101,538,43,35,1,25.02594,121.50651,8
500113008,20231101,539,43,35,1,25.02594,121.50651,8
500113008,20231101,541,43,34,1,25.02594,121.50651,9
500113008,20231101,542,43,32,1,25.02594,121.50651,11
500113008,20231101,543,43,32,1,25.02594,121.50651,11
500113008,20231101,544,43,32,1,25.02594,121.50651,11
500113008,20231101,545,43,32,1,25.02594,121.50651,11
500113008,20231101,546,43,31,1,25.02594,121.50651,12
500113008,20231101,547,43,31,1,25.02594,121.50651,12
500113008,20231101,548,43,31,1,25.02594,121.50651,12
500113008,20231101,549,43,31,1,25.02594,121.50651,12
500113008,20231101,550,43,32,1,25.02594,121.50651,11
500113008,20231101,551,43,32,1,25.02594,121.50651,11
500113008,20231101,552,43,31,1,25.02594,121.50651,12
500113008,20231101,553,43,32,1,25.02594,121.50651,11
500113008,20231101,554,43,32,1,25.02594,121.50651,11
500113008,20231101,555,43,32,1,25.02594,121.50651,11
500113008,20231101,556,43,32,1,25.02594,121.50651,11
500113008,20231101,557,43,33,1,25.02594,121.50651,10
500113008,20231101,558,43,33,1,25.02594,121.50651,10
500113008,20231101,559,43,33,1,25.02594,121.50651,10
500113008,20231101,561,43,33,1,25.02594,121.50651,10
500113008,20231101,562,43,33,1,25.02594,121.50651,10
500113008,20231101,563,43,33,1,25.02594,121.50651,10
500113008,20231101,564,43,33,1,25.02594,121.50651,10
500113008,20231101,565,43,34,1,25.02594,121.50651,9
500113008,20231101,566,43,34,1,25.02594,121.50651,9
500113008,20231101,567,43,34,1,25.02594,121.50651,9
500113008,20231101,568,43,34,1,25.02594,121.50651,9
500113008,20231101,569,43,34,1,25.02594,121.50651,9
500113008,20231101,571,43,34,1,25.02594,121.50651,9
500113008,20231101,572,43,34,1,25.02594,121.50651,9
500113008,20231101,573,43,34,1,25.02594,121.50651,9
500113008,20231101,574,43,34,1,25.02594,121.50651,9
500113008,20231101,575,43,34,1,25.02594,121.50651,9
500113008,20231101,576,43,34,1,25.02594,121.50651,9
500113008,20231101,577,43,34,1,25.02594,121.50651,9
500113008,20231101,578,43,34,1,25.02594,121.50651,9
500113008,20231101,579,43,34,1,25.02594,121.50651,9
500113008,20231101,580,43,33,1,25.02594,121.50651,10
500113008,20231101,581,43,33,1,25.02594,121.50651,10
500113008,20231101,582,43,32,1,25.02594,121.50651,11
500113008,20231101,583,43,32,1,25.02594,121.50651,11
500113008,20231101,584,43,32,1,25.02594,121.50651,11
500113008,20231101,585,43,32,1,25.02594,121.50651,11
500113008,20231101,586,43,32,1,25.02594,121.50651,11
500113008,20231101,587,43,31,1,25.02594,121.50651,12
500113008,20231101,588,43,31,1,25.02594,121.50651,12
500113008,20231101,589,43,30,1,25.02594,121.50651,13
500113008,20231101,590,43,29,1,25.02594,121.50651,14
500113008,20231101,591,43,29,1,25.02594,121.50651,14
500113008,20231101,592,43,29,1,25.02594,121.50651,14
500113008,20231101,593,43,29,1,25.02594,121.50651,14
500113008,20231101,594,43,29,1,25.02594,121.50651,14
500113008,20231101,595,43,29,1,25.02594,121.50651,14
500113008,20231101,596,43,30,1,25.02594,121.50651,13
500113008,20231101,597,43,30,1,25.02594,121.50651,13
500113008,20231101,598,43,30,1,25.02594,121.50651,13
500113008,20231101,599,43,30,1,25.02594,121.50651,13
500113008,20231101,601,43,32,1,25.02594,121.50651,11
500113008,20231101,602,43,32,1,25.02594,121.50651,11
500113008,20231101,603,43,32,1,25.02594,121.50651,11
500113008,20231101,604,43,32,1,25.02594,121.50651,11
500113008,20231101,605,43,32,1,25.02594,121.50651,11
500113008,20231101,606,43,32,1,25.02594,121.50651,11
500113008,20231101,607,43,32,1,25.02594,121.50651,11
500113008,20231101,608,43,32,1,25.02594,121.50651,11
500113008,20231101,609,43,33,1,25.02594,121.50651,10
500113008,20231101,610,43,34,1,25.02594,121.50651,9
500113008,20231101,611,43,34,1,25.02594,121.50651,9
500113008,20231101,612,43,34,1,25.02594,121.50651,9
500113008,20231101,613,43,34,1,25.02594,121.50651,9
500113008,20231101,614,43,35,1,25.02594,121.50651,8
500113008,20231101,615,43,35,1,25.02594,121.50651,8
500113008,20231101,616,43,35,1,25.02594,121.50651,8
500113008,20231101,617,43,35,1,25.02594,121.50651,8
500113008,20231101,618,43,36,1,25.02594,121.50651,7
500113008,20231101,619,43,36,1,25.02594,121.50651,7
500113008,20231101,621,43,36,1,25.02594,121.50651,7
500113008,20231101,622,43,36,1,25.02594,121.50651,7
500113008,20231101,623,43,36,1,25.02594,121.50651,7
500113008,20231101,624,43,36,1,25.02594,121.50651,7
500113008,20231101,625,43,36,1,25.02594,121.50651,7
500113008,20231101,626,43,36,1,25.02594,121.50651,7
500113008,20231101,627,43,36,1,25.02594,121.50651,7
500113008,20231101,628,43,36,1,25.02594,121.50651,7
500113008,20231101,629,43,36,1,25.02594,121.50651,7
500113008,20231101,631,43,36,1,25.02594,121.50651,7
500113008,20231101,632,43,36,1,25.02594,121.50651,7
500113008,20231101,633,43,36,1,25.02594,121.50651,7
500113008,20231101,634,43,37,1,25.02594,121.50651,6
500113008,20231101,635,43,37,1,25.02594,121.50651,6
500113008,20231101,636,43,37,1,25.02594,121.50651,6
500113008,20231101,637,43,37,1,25.02594,121.50651,6
500113008,20231101,638,43,37,1,25.02594,121.50651,6
500113008,20231101,639,43,38,1,25.02594,121.50651,5
500113008,20231101,640,43,38,1,25.02594,121.50651,5
500113008,20231101,641,43,38,1,25.02594,121.50651,5
500113008,20231101,642,43,38,1,25.02594,121.50651,5
500113008,20231101,643,43,40,1,25.02594,121.50651,3
500113008,20231101,644,43,40,1,25.02594,121.50651,3
500113008,20231101,645,43,40,1,25.02594,121.50651,3
500113008,20231101,646,43,40,1,25.02594,121.50651,3
500113008,20231101,647,43,40,1,25.02594,121.50651,3
500113008,20231101,648,43,40,1,25.02594,121.50651,3
500113008,20231101,649,43,40,1,25.02594,121.50651,3
500113008,20231101,650,43,40,1,25.02594,121.50651,3
500113008,20231101,651,43,40,1,25.02594,121.50651,3
500113008,20231101,652,43,40,1,25.02594,121.50651,3
500113008,20231101,653,43,40,1,25.02594,121.50651,3
500113008,20231101,654,43,40,1,25.02594,121.50651,3
500113008,20231101,655,43,40,1,25.02594,121.50651,3
500113008,20231101,656,43,41,1,25.02594,121.50651,2
500113008,20231101,657,43,41,1,25.02594,121.50651,2
500113008,20231101,658,43,41,1,25.02594,121.50651,2
500113008,20231101,659,43,41,1,25.02594,121.50651,2
500113008,20231101,661,43,41,1,25.02594,121.50651,2
500113008,20231101,662,43,41,1,25.02594,121.50651,2
500113008,20231101,663,43,41,1,25.02594,121.50651,2
500113008,20231101,664,43,41,1,25.02594,121.50651,2
500113008,20231101,665,43,41,1,25.02594,121.50651,2
500113008,20231101,666,43,41,1,25.02594,121.50651,2
500113008,20231101,667,43,41,1,25.02594,121.50651,2
500113008,20231101,668,43,41,1,25.02594,121.50651,2
500113008,20231101,669,43,41,1,25.02594,121.50651,2
500113008,20231101,670,43,41,1,25.02594,121.50651,2
500113008,20231101,671,43,41,1,25.02594,121.50651,2
500113008,20231101,672,43,40,1,25.02594,121.50651,3
500113008,20231101,673,43,40,1,25.02594,121.50651,3
500113008,20231101,674,43,40,1,25.02594,121.50651,3
500113008,20231101,675,43,40,1,25.02594,121.50651,3
500113008,20231101,676,43,40,1,25.02594,121.50651,3
500113008,20231101,677,43,40,1,25.02594,121.50651,3
500113008,20231101,678,43,40,1,25.02594,121.50651,3
500113008,20231101,679,43,40,1,25.02594,121.50651,3
500113008,20231101,681,43,41,1,25.02594,121.50651,2
500113008,20231101,682,43,41,1,25.02594,121.50651,2
500113008,20231101,683,43,40,1,25.02594,121.50651,3
500113008,20231101,684,43,40,1,25.02594,121.50651,3
500113008,20231101,685,43,40,1,25.02594,121.50651,3
500113008,20231101,686,43,40,1,25.02594,121.50651,3
500113008,20231101,687,43,40,1,25.02594,121.50651,3
500113008,20231101,688,43,40,1,25.02594,121.50651,3
500113008,20231101,689,43,40,1,25.02594,121.50651,3
500113008,20231101,690,43,40,1,25.02594,121.50651,3
500113008,20231101,691,43,40,1,25.02594,121.50651,3
500113008,20231101,693,43,40,1,25.02594,121.50651,3
500113008,20231101,694,43,40,1,25.02594,121.50651,3
500113008,20231101,695,43,40,1,25.02594,121.50651,3
500113008,20231101,696,43,40,1,25.02594,121.50651,3
500113008,20231101,697,43,39,1,25.02594,121.50651,4
500113008,20231101,698,43,39,1,25.02594,121.50651,4
500113008,20231101,699,43,39,1,25.02594,121.50651,4
500113008,20231101,700,43,39,1,25.02594,121.50651,4
500113008,20231101,701,43,39,1,25.02594,121.50651,4
500113008,20231101,702,43,39,1,25.02594,121.50651,4
500113008,20231101,704,43,39,1,25.02594,121.50651,4
500113008,20231101,706,43,40,1,25.02594,121.50651,3
500113008,20231101,707,43,40,1,25.02594,121.50651,3
500113008,20231101,708,43,40,1,25.02594,121.50651,3
500113008,20231101,709,43,40,1,25.02594,121.50651,3
500113008,20231101,710,43,40,1,25.02594,121.50651,3
500113008,20231101,711,43,39,1,25.02594,121.50651,4
500113008,20231101,712,43,39,1,25.02594,121.50651,4
500113008,20231101,713,43,39,1,25.02594,121.50651,4
500113008,20231101,714,43,39,1,25.02594,121.50651,4
500113008,20231101,715,43,39,1,25.02594,121.50651,4
500113008,20231101,716,43,39,1,25.02594,121.50651,4
500113008,20231101,717,43,38,1,25.02594,121.50651,5
500113008,20231101,718,43,38,1,25.02594,121.50651,5
500113008,20231101,719,43,38,1,25.02594,121.50651,5
500113008,20231101,721,43,38,1,25.02594,121.50651,5
500113008,20231101,722,43,38,1,25.02594,121.50651,5
500113008,20231101,723,43,38,1,25.02594,121.50651,5
500113008,20231101,724,43,38,1,25.02594,121.50651,5
500113008,20231101,725,43,39,1,25.02594,121.50651,4
500113008,20231101,726,43,39,1,25.02594,121.50651,4
500113008,20231101,727,43,39,1,25.02594,121.50651,4
500113008,20231101,728,43,39,1,25.02594,121.50651,4
500113008,20231101,729,43,39,1,25.02594,121.50651,4
500113008,20231101,730,43,39,1,25.02594,121.50651,4
500113008,20231101,731,43,39,1,25.02594,121.50651,4
500113008,20231101,732,43,39,1,25.02594,121.50651,4
500113008,20231101,733,43,39,1,25.02594,121.50651,4
500113008,20231101,734,43,39,1,25.02594,121.50651,4
500113008,20231101,735,43,40,1,25.02594,121.50651,3
500113008,20231101,736,43,40,1,25.02594,121.50651,3
500113008,20231101,737,43,40,1,25.02594,121.50651,3
500113008,20231101,738,43,40,1,25.02594,121.50651,3
500113008,20231101,739,43,40,1,25.02594,121.50651,3
500113008,20231101,741,43,40,1,25.02594,121.50651,3
500113008,20231101,742,43,40,1,25.02594,121.50651,3
500113008,20231101,743,43,40,1,25.02594,121.50651,3
500113008,20231101,744,43,40,1,25.02594,121.50651,3
500113008,20231101,745,43,39,1,25.02594,121.50651,4
500113008,20231101,746,43,39,1,25.02594,121.50651,4
500113008,20231101,747,43,39,1,25.02594,121.50651,4
500113008,20231101,748,43,39,1,25.02594,121.50651,4
500113008,20231101,749,43,39,1,25.02594,121.50651,4
500113008,20231101,751,43,39,1,25.02594,121.50651,4
500113008,20231101,752,43,39,1,25.02594,121.50651,4
500113008,20231101,753,43,38,1,25.02594,121.50651,5
500113008,20231101,754,43,38,1,25.02594,121.50651,5
500113008,20231101,755,43,38,1,25.02594,121.50651,5
500113008,20231101,756,43,38,1,25.02594,121.50651,5
500113008,20231101,757,43,38,1,25.02594,121.50651,5
500113008,20231101,758,43,38,1,25.02594,121.50651,5
500113008,20231101,759,43,38,1,25.02594,121.50651,5
500113008,20231101,760,43,38,1,25.02594,121.50651,5
500113008,20231101,761,43,38,1,25.02594,121.50651,5
500113008,20231101,762,43,38,1,25.02594,121.50651,5
500113008,20231101,763,43,39,1,25.02594,121.50651,4
500113008,20231101,764,43,40,1,25.02594,121.50651,3
500113008,20231101,765,43,40,1,25.02594,121.50651,3
500113008,20231101,766,43,40,1,25.02594,121.50651,3
500113008,20231101,767,43,40,1,25.02594,121.50651,3
500113008,20231101,768,43,40,1,25.02594,121.50651,3
500113008,20231101,769,43,40,1,25.02594,121.50651,3
500113008,20231101,770,43,39,1,25.02594,121.50651,4
500113008,20231101,771,43,39,1,25.02594,121.50651,4
500113008,20231101,772,43,40,1,25.02594,121.50651,3
500113008,20231101,773,43,40,1,25.02594,121.50651,3
500113008,20231101,774,43,40,1,25.02594,121.50651,3
500113008,20231101,775,43,40,1,25.02594,121.50651,3
500113008,20231101,776,43,40,1,25.02594,121.50651,3
500113008,20231101,777,43,39,1,25.02594,121.50651,4
500113008,20231101,778,43,39,1,25.02594,121.50651,4
500113008,20231101,779,43,39,1,25.02594,121.50651,4
500113008,20231101,781,43,40,1,25.02594,121.50651,3
500113008,20231101,782,43,40,1,25.02594,121.50651,3
500113008,20231101,783,43,40,1,25.02594,121.50651,3
500113008,20231101,784,43,40,1,25.02594,121.50651,3
500113008,20231101,785,43,40,1,25.02594,121.50651,3
500113008,20231101,786,43,39,1,25.02594,121.50651,4
500113008,20231101,787,43,39,1,25.02594,121.50651,4
500113008,20231101,788,43,39,1,25.02594,121.50651,4
500113008,20231101,789,43,38,1,25.02594,121.50651,5
500113008,20231101,790,43,38,1,25.02594,121.50651,5
500113008,20231101,791,43,38,1,25.02594,121.50651,5
500113008,20231101,792,43,38,1,25.02594,121.50651,5
500113008,20231101,793,43,38,1,25.02594,121.50651,5
500113008,20231101,794,43,38,1,25.02594,121.50651,5
500113008,20231101,795,43,39,1,25.02594,121.50651,4
500113008,20231101,796,43,39,1,25.02594,121.50651,4
500113008,20231101,797,43,38,1,25.02594,121.50651,5
500113008,20231101,798,43,38,1,25.02594,121.50651,5
500113008,20231101,799,43,38,1,25.02594,121.50651,5
500113008,20231101,801,43,38,1,25.02594,121.50651,5
500113008,20231101,802,43,38,1,25.02594,121.50651,5
500113008,20231101,803,43,38,1,25.02594,121.50651,5
500113008,20231101,804,43,37,1,25.02594,121.50651,6
500113008,20231101,805,43,37,1,25.02594,121.50651,6
500113008,20231101,806,43,37,1,25.02594,121.50651,6
500113008,20231101,807,43,37,1,25.02594,121.50651,6
500113008,20231101,808,43,37,1,25.02594,121.50651,6
500113008,20231101,809,43,37,1,25.02594,121.50651,6
500113008,20231101,811,43,37,1,25.02594,121.50651,6
500113008,20231101,812,43,37,1,25.02594,121.50651,6
500113008,20231101,813,43,37,1,25.02594,121.50651,6
500113008,20231101,814,43,37,1,25.02594,121.50651,6
500113008,20231101,815,43,37,1,25.02594,121.50651,6
500113008,20231101,816,43,37,1,25.02594,121.50651,6
500113008,20231101,817,43,38,1,25.02594,121.50651,5
500113008,20231101,818,43,38,1,25.02594,121.50651,5
500113008,20231101,819,43,38,1,25.02594,121.50651,5
500113008,20231101,820,43,38,1,25.02594,121.50651,5
500113008,20231101,821,43,38,1,25.02594,121.50651,5
500113008,20231101,822,43,38,1,25.02594,121.50651,5
500113008,20231101,823,43,38,1,25.02594,121.50651,5
500113008,20231101,824,43,38,1,25.02594,121.50651,5
500113008,20231101,825,43,38,1,25.02594,121.50651,5
500113008,20231101,826,43,38,1,25.02594,121.50651,5
500113008,20231101,827,43,38,1,25.02594,121.50651,5
500113008,20231101,828,43,38,1,25.02594,121.50651,5
500113008,20231101,829,43,37,1,25.02594,121.50651,6
500113008,20231101,830,43,37,1,25.02594,121.50651,6
500113008,20231101,831,43,37,1,25.02594,121.50651,6
500113008,20231101,832,43,37,1,25.02594,121.50651,6
500113008,20231101,833,43,37,1,25.02594,121.50651,6
500113008,20231101,834,43,37,1,25.02594,121.50651,6
500113008,20231101,835,43,37,1,25.02594,121.50651,6
500113008,20231101,836,43,37,1,25.02594,121.50651,6
500113008,20231101,837,43,37,1,25.02594,121.50651,6
500113008,20231101,838,43,37,1,25.02594,121.50651,6
500113008,20231101,839,43,37,1,25.02594,121.50651,6
500113008,20231101,841,43,36,1,25.02594,121.50651,7
500113008,20231101,842,43,36,1,25.02594,121.50651,7
500113008,20231101,843,43,36,1,25.02594,121.50651,7
500113008,20231101,844,43,36,1,25.02594,121.50651,7
500113008,20231101,845,43,35,1,25.02594,121.50651,8
500113008,20231101,846,43,35,1,25.02594,121.50651,8
500113008,20231101,847,43,35,1,25.02594,121.50651,8
500113008,20231101,848,43,35,1,25.02594,121.50651,8
500113008,20231101,849,43,35,1,25.02594,121.50651,8
500113008,20231101,850,43,35,1,25.02594,121.50651,8
500113008,20231101,851,43,35,1,25.02594,121.50651,8
500113008,20231101,852,43,35,1,25.02594,121.50651,8
500113008,20231101,853,43,35,1,25.02594,121.50651,8
500113008,20231101,854,43,35,1,25.02594,121.50651,8
500113008,20231101,856,43,35,1,25.02594,121.50651,8
500113008,20231101,857,43,35,1,25.02594,121.50651,8
500113008,20231101,858,43,35,1,25.02594,121.50651,8
500113008,20231101,859,43,35,1,25.02594,121.50651,8
500113008,20231101,861,43,35,1,25.02594,121.50651,8
500113008,20231101,862,43,35,1,25.02594,121.50651,8
500113008,20231101,863,43,35,1,25.02594,121.50651,8
500113008,20231101,864,43,35,1,25.02594,121.50651,8
500113008,20231101,865,43,35,1,25.02594,121.50651,8
500113008,20231101,866,43,35,1,25.02594,121.50651,8
500113008,20231101,867,43,35,1,25.02594,121.50651,8
500113008,20231101,868,43,36,1,25.02594,121.50651,7
500113008,20231101,869,43,36,1,25.02594,121.50651,7
500113008,20231101,871,43,38,1,25.02594,121.50651,5
500113008,20231101,872,43,38,1,25.02594,121.50651,5
500113008,20231101,873,43,38,1,25.02594,121.50651,5
500113008,20231101,874,43,38,1,25.02594,121.50651,5
500113008,20231101,875,43,39,1,25.02594,121.50651,4
500113008,20231101,876,43,39,1,25.02594,121.50651,4
500113008,20231101,877,43,39,1,25.02594,121.50651,4
500113008,20231101,878,43,39,1,25.02594,121.50651,4
500113008,20231101,879,43,39,1,25.02594,121.50651,4
500113008,20231101,881,43,40,1,25.02594,121.50651,3
500113008,20231101,882,43,40,1,25.02594,121.50651,3
500113008,20231101,883,43,40,1,25.02594,121.50651,3
500113008,20231101,884,43,39,1,25.02594,121.50651,4
500113008,20231101,885,43,40,1,25.02594,121.50651,3
500113008,20231101,886,43,40,1,25.02594,121.50651,3
500113008,20231101,887,43,40,1,25.02594,121.50651,3
500113008,20231101,888,43,40,1,25.02594,121.50651,3
500113008,20231101,889,43,42,1,25.02594,121.50651,1
500113008,20231101,891,43,41,1,25.02594,121.50651,2
500113008,20231101,892,43,41,1,25.02594,121.50651,2
500113008,20231101,893,43,41,1,25.02594,121.50651,2
500113008,20231101,894,43,41,1,25.02594,121.50651,2
500113008,20231101,895,43,41,1,25.02594,121.50651,2
500113008,20231101,896,43,41,1,25.02594,121.50651,2
500113008,20231101,897,43,42,1,25.02594,121.50651,1
500113008,20231101,898,43,43,1,25.02594,121.50651,0
500113008,20231101,899,43,43,1,25.02594,121.50651,0
500113008,20231101,901,43,43,1,25.02594,121.50651,0
500113008,20231101,902,43,43,1,25.02594,121.50651,0
500113008,20231101,903,43,43,1,25.02594,121.50651,0
500113008,20231101,904,43,43,1,25.02594,121.50651,0
500113008,20231101,905,43,43,1,25.02594,121.50651,0
500113008,20231101,906,43,43,1,25.02594,121.50651,0
500113008,20231101,907,43,43,1,25.02594,121.50651,0
500113008,20231101,908,43,43,1,25.02594,121.50651,0
500113008,20231101,909,43,43,1,25.02594,121.50651,0
500113008,20231101,911,43,42,1,25.02594,121.50651,1
500113008,20231101,912,43,40,1,25.02594,121.50651,3
500113008,20231101,913,43,40,1,25.02594,121.50651,3
500113008,20231101,914,43,40,1,25.02594,121.50651,3
500113008,20231101,915,43,40,1,25.02594,121.50651,3
500113008,20231101,916,43,42,1,25.02594,121.50651,1
500113008,20231101,918,43,42,1,25.02594,121.50651,1
500113008,20231101,919,43,42,1,25.02594,121.50651,1
500113008,20231101,921,43,42,1,25.02594,121.50651,1
500113008,20231101,922,43,40,1,25.02594,121.50651,3
500113008,20231101,923,43,40,1,25.02594,121.50651,3
500113008,20231101,924,43,40,1,25.02594,121.50651,3
500113008,20231101,925,43,40,1,25.02594,121.50651,3
500113008,20231101,926,43,40,1,25.02594,121.50651,3
500113008,20231101,927,43,40,1,25.02594,121.50651,3
500113008,20231101,928,43,40,1,25.02594,121.50651,3
500113008,20231101,929,43,40,1,25.02594,121.50651,3
500113008,20231101,932,43,40,1,25.02594,121.50651,3
500113008,20231101,933,43,39,1,25.02594,121.50651,4
500113008,20231101,934,43,38,1,25.02594,121.50651,5
500113008,20231101,935,43,38,1,25.02594,121.50651,5
500113008,20231101,936,43,38,1,25.02594,121.50651,5
500113008,20231101,937,43,38,1,25.02594,121.50651,5
500113008,20231101,938,43,38,1,25.02594,121.50651,5
500113008,20231101,939,43,38,1,25.02594,121.50651,5
500113008,20231101,941,43,38,1,25.02594,121.50651,5
500113008,20231101,942,43,35,1,25.02594,121.50651,8
500113008,20231101,943,43,36,1,25.02594,121.50651,7
500113008,20231101,944,43,36,1,25.02594,121.50651,7
500113008,20231101,945,43,36,1,25.02594,121.50651,7
500113008,20231101,946,43,36,1,25.02594,121.50651,7
500113008,20231101,947,43,36,1,25.02594,121.50651,7
500113008,20231101,948,43,37,1,25.02594,121.50651,6
500113008,20231101,949,43,37,1,25.02594,121.50651,6
500113008,20231101,951,43,37,1,25.02594,121.50651,6
500113008,20231101,952,43,37,1,25.02594,121.50651,6
500113008,20231101,953,43,38,1,25.02594,121.50651,5
500113008,20231101,954,43,38,1,25.02594,121.50651,5
500113008,20231101,955,43,38,1,25.02594,121.50651,5
500113008,20231101,956,43,39,1,25.02594,121.50651,4
500113008,20231101,957,43,39,1,25.02594,121.50651,4
500113008,20231101,958,43,39,1,25.02594,121.50651,4
500113008,20231101,959,43,39,1,25.02594,121.50651,4
500113008,20231101,961,43,39,1,25.02594,121.50651,4
500113008,20231101,962,43,39,1,25.02594,121.50651,4
500113008,20231101,963,43,39,1,25.02594,121.50651,4
500113008,20231101,964,43,39,1,25.02594,121.50651,4
500113008,20231101,965,43,38,1,25.02594,121.50651,5
500113008,20231101,966,43,39,1,25.02594,121.50651,4
500113008,20231101,967,43,39,1,25.02594,121.50651,4
500113008,20231101,968,43,39,1,25.02594,121.50651,4
500113008,20231101,969,43,39,1,25.02594,121.50651,4
500113008,20231101,970,43,39,1,25.02594,121.50651,4
500113008,20231101,972,43,39,1,25.02594,121.50651,4
500113008,20231101,973,43,39,1,25.02594,121.50651,4
500113008,20231101,974,43,39,1,25.02594,121.50651,4
500113008,20231101,975,43,38,1,25.02594,121.50651,5
500113008,20231101,976,43,36,1,25.02594,121.50651,7
500113008,20231101,977,43,36,1,25.02594,121.50651,7
500113008,20231101,978,43,34,1,25.02594,121.50651,9
500113008,20231101,979,43,34,1,25.02594,121.50651,9
500113008,20231101,981,43,34,1,25.02594,121.50651,9
500113008,20231101,982,43,33,1,25.02594,121.50651,10
500113008,20231101,983,43,33,1,25.02594,121.50651,10
500113008,20231101,984,43,33,1,25.02594,121.50651,10
500113008,20231101,985,43,33,1,25.02594,121.50651,10
500113008,20231101,986,43,33,1,25.02594,121.50651,10
500113008,20231101,987,43,34,1,25.02594,121.50651,9
500113008,20231101,988,43,34,1,25.02594,121.50651,9
500113008,20231101,989,43,33,1,25.02594,121.50651,10
500113008,20231101,991,43,32,1,25.02594,121.50651,11
500113008,20231101,992,43,32,1,25.02594,121.50651,11
500113008,20231101,993,43,32,1,25.02594,121.50651,11
500113008,20231101,994,43,32,1,25.02594,121.50651,11
500113008,20231101,995,43,32,1,25.02594,121.50651,11
500113008,20231101,996,43,32,1,25.02594,121.50651,11
500113008,20231101,997,43,32,1,25.02594,121.50651,11
500113008,20231101,998,43,32,1,25.02594,121.50651,11
500113008,20231101,999,43,32,1,25.02594,121.50651,11
500113008,20231101,1000,43,32,1,25.02594,121.50651,11
500113008,20231101,1001,43,32,1,25.02594,121.50651,11
500113008,20231101,1002,43,32,1,25.02594,121.50651,11
500113008,20231101,1003,43,32,1,25.02594,121.50651,11
500113008,20231101,1004,43,32,1,25.02594,121.50651,11
500113008,20231101,1005,43,32,1,25.02594,121.50651,11
500113008,20231101,1006,43,32,1,25.02594,121.50651,11
500113008,20231101,1007,43,31,1,25.02594,121.50651,12
500113008,20231101,1008,43,31,1,25.02594,121.50651,12
500113008,20231101,1009,43,32,1,25.02594,121.50651,11
500113008,20231101,1010,43,32,1,25.02594,121.50651,11
500113008,20231101,1011,43,33,1,25.02594,121.50651,10
500113008,20231101,1012,43,32,1,25.02594,121.50651,11
500113008,20231101,1013,43,32,1,25.02594,121.50651,11
500113008,20231101,1014,43,32,1,25.02594,121.50651,11
500113008,20231101,1015,43,32,1,25.02594,121.50651,11
500113008,20231101,1016,43,32,1,25.02594,121.50651,11
500113008,20231101,1017,43,32,1,25.02594,121.50651,11
500113008,20231101,1018,43,32,1,25.02594,121.50651,11
500113008,20231101,1019,43,30,1,25.02594,121.50651,13
500113008,20231101,1021,43,29,1,25.02594,121.50651,14
500113008,20231101,1022,43,30,1,25.02594,121.50651,13
500113008,20231101,1023,43,29,1,25.02594,121.50651,14
500113008,20231101,1024,43,29,1,25.02594,121.50651,14
500113008,20231101,1025,43,29,1,25.02594,121.50651,14
500113008,20231101,1026,43,29,1,25.02594,121.50651,14
500113008,20231101,1028,43,29,1,25.02594,121.50651,14
500113008,20231101,1029,43,29,1,25.02594,121.50651,14
500113008,20231101,1030,43,30,1,25.02594,121.50651,13
500113008,20231101,1031,43,31,1,25.02594,121.50651,12
500113008,20231101,1032,43,32,1,25.02594,121.50651,11
500113008,20231101,1033,43,32,1,25.02594,121.50651,11
500113008,20231101,1034,43,32,1,25.02594,121.50651,11
500113008,20231101,1035,43,32,1,25.02594,121.50651,11
500113008,20231101,1036,43,32,1,25.02594,121.50651,11
500113008,20231101,1037,43,32,1,25.02594,121.50651,11
500113008,20231101,1038,43,32,1,25.02594,121.50651,11
500113008,20231101,1039,43,30,1,25.02594,121.50651,13
500113008,20231101,1041,43,30,1,25.02594,121.50651,13
500113008,20231101,1042,43,29,1,25.02594,121.50651,14
500113008,20231101,1043,43,29,1,25.02594,121.50651,14
500113008,20231101,1044,43,29,1,25.02594,121.50651,14
500113008,20231101,1045,43,29,1,25.02594,121.50651,14
500113008,20231101,1046,43,30,1,25.02594,121.50651,13
500113008,20231101,1047,43,29,1,25.02594,121.50651,14
500113008,20231101,1048,43,29,1,25.02594,121.50651,14
500113008,20231101,1049,43,29,1,25.02594,121.50651,14
500113008,20231101,1051,43,29,1,25.02594,121.50651,14
500113008,20231101,1052,43,29,1,25.02594,121.50651,14
500113008,20231101,1053,43,29,1,25.02594,121.50651,14
500113008,20231101,1054,43,29,1,25.02594,121.50651,14
500113008,20231101,1055,43,29,1,25.02594,121.50651,14
500113008,20231101,1056,43,29,1,25.02594,121.50651,14
500113008,20231101,1057,43,30,1,25.02594,121.50651,13
500113008,20231101,1058,43,30,1,25.02594,121.50651,13
500113008,20231101,1059,43,30,1,25.02594,121.50651,13
500113008,20231101,1060,43,30,1,25.02594,121.50651,13
500113008,20231101,1061,43,30,1,25.02594,121.50651,13
500113008,20231101,1062,43,30,1,25.02594,121.50651,13
500113008,20231101,1063,43,30,1,25.02594,121.50651,13
500113008,20231101,1064,43,30,1,25.02594,121.50651,13
500113008,20231101,1065,43,30,1,25.02594,121.50651,13
500113008,20231101,1066,43,30,1,25.02594,121.50651,13
500113008,20231101,1067,43,30,1,25.02594,121.50651,13
500113008,20231101,1068,43,31,1,25.02594,121.50651,12
500113008,20231101,1069,43,31,1,25.02594,121.50651,12
500113008,20231101,1070,43,31,1,25.02594,121.50651,12
500113008,20231101,1071,43,30,1,25.02594,121.50651,13
500113008,20231101,1072,43,30,1,25.02594,121.50651,13
500113008,20231101,1073,43,30,1,25.02594,121.50651,13
500113008,20231101,1074,43,30,1,25.02594,121.50651,13
500113008,20231101,1075,43,30,1,25.02594,121.50651,13
500113008,20231101,1076,43,27,1,25.02594,121.50651,16
500113008,20231101,1077,43,27,1,25.02594,121.50651,16
500113008,20231101,1078,43,27,1,25.02594,121.50651,16
500113008,20231101,1079,43,27,1,25.02594,121.50651,16
500113008,20231101,1081,43,25,1,25.02594,121.50651,18
500113008,20231101,1082,43,26,1,25.02594,121.50651,17
500113008,20231101,1083,43,25,1,25.02594,121.50651,18
500113008,20231101,1084,43,25,1,25.02594,121.50651,18
500113008,20231101,1085,43,24,1,25.02594,121.50651,19
500113008,20231101,1086,43,23,1,25.02594,121.50651,20
500113008,20231101,1087,43,23,1,25.02594,121.50651,20
500113008,20231101,1088,43,23,1,25.02594,121.50651,20
500113008,20231101,1089,43,25,1,25.02594,121.50651,18
500113008,20231101,1090,43,23,1,25.02594,121.50651,20
500113008,20231101,1091,43,23,1,25.02594,121.50651,20
500113008,20231101,1092,43,23,1,25.02594,121.50651,20
500113008,20231101,1093,43,23,1,25.02594,121.50651,20
500113008,20231101,1094,43,23,1,25.02594,121.50651,20
500113008,20231101,1095,43,24,1,25.02594,121.50651,19
500113008,20231101,1096,43,24,1,25.02594,121.50651,19
500113008,20231101,1097,43,24,1,25.02594,121.50651,19
500113008,20231101,1098,43,24,1,25.02594,121.50651,19
500113008,20231101,1099,43,24,1,25.02594,121.50651,19
500113008,20231101,1101,43,25,1,25.02594,121.50651,18
500113008,20231101,1102,43,25,1,25.02594,121.50651,18
500113008,20231101,1103,43,25,1,25.02594,121.50651,18
500113008,20231101,1104,43,25,1,25.02594,121.50651,18
500113008,20231101,1105,43,25,1,25.02594,121.50651,18
500113008,20231101,1106,43,25,1,25.02594,121.50651,18
500113008,20231101,1107,43,24,1,25.02594,121.50651,19
500113008,20231101,1108,43,24,1,25.02594,121.50651,19
500113008,20231101,1109,43,23,1,25.02594,121.50651,20
500113008,20231101,1111,43,23,1,25.02594,121.50651,20
500113008,20231101,1112,43,23,1,25.02594,121.50651,20
500113008,20231101,1113,43,22,1,25.02594,121.50651,21
500113008,20231101,1114,43,22,1,25.02594,121.50651,21
500113008,20231101,1115,43,22,1,25.02594,121.50651,21
500113008,20231101,1116,43,21,1,25.02594,121.50651,22
500113008,20231101,1117,43,21,1,25.02594,121.50651,22
500113008,20231101,1118,43,20,1,25.02594,121.50651,23
500113008,20231101,1119,43,20,1,25.02594,121.50651,23
500113008,20231101,1120,43,19,1,25.02594,121.50651,24
500113008,20231101,1121,43,20,1,25.02594,121.50651,23
500113008,20231101,1123,43,20,1,25.02594,121.50651,23
500113008,20231101,1124,43,20,1,25.02594,121.50651,23
500113008,20231101,1125,43,20,1,25.02594,121.50651,23
500113008,20231101,1126,43,20,1,25.02594,121.50651,23
500113008,20231101,1127,43,20,1,25.02594,121.50651,23
500113008,20231101,1128,43,16,1,25.02594,121.50651,27
500113008,20231101,1129,43,16,1,25.02594,121.50651,27
500113008,20231101,1131,43,17,1,25.02594,121.50651,26
500113008,20231101,1132,43,17,1,25.02594,121.50651,26
500113008,20231101,1133,43,17,1,25.02594,121.50651,26
500113008,20231101,1134,43,16,1,25.02594,121.50651,27
500113008,20231101,1135,43,16,1,25.02594,121.50651,27
500113008,20231101,1136,43,16,1,25.02594,121.50651,27
500113008,20231101,1137,43,15,1,25.02594,121.50651,28
500113008,20231101,1138,43,16,1,25.02594,121.50651,27
500113008,20231101,1139,43,16,1,25.02594,121.50651,27
500113008,20231101,1141,43,15,1,25.02594,121.50651,28
500113008,20231101,1142,43,15,1,25.02594,121.50651,28
500113008,20231101,1143,43,14,1,25.02594,121.50651,29
500113008,20231101,1144,43,14,1,25.02594,121.50651,29
500113008,20231101,1145,43,14,1,25.02594,121.50651,29
500113008,20231101,1146,43,14,1,25.02594,121.50651,29
500113008,20231101,1147,43,15,1,25.02594,121.50651,28
500113008,20231101,1148,43,16,1,25.02594,121.50651,27
500113008,20231101,1149,43,16,1,25.02594,121.50651,27
500113008,20231101,1151,43,16,1,25.02594,121.50651,27
500113008,20231101,1152,43,16,1,25.02594,121.50651,27
500113008,20231101,1153,43,16,1,25.02594,121.50651,27
500113008,20231101,1154,43,16,1,25.02594,121.50651,27
500113008,20231101,1155,43,16,1,25.02594,121.50651,27
500113008,20231101,1156,43,16,1,25.02594,121.50651,27
500113008,20231101,1157,43,16,1,25.02594,121.50651,27
500113008,20231101,1158,43,15,1,25.02594,121.50651,28
500113008,20231101,1159,43,15,1,25.02594,121.50651,28
500113008,20231101,1161,43,15,1,25.02594,121.50651,28
500113008,20231101,1162,43,15,1,25.02594,121.50651,28
500113008,20231101,1163,43,15,1,25.02594,121.50651,28
500113008,20231101,1164,43,14,1,25.02594,121.50651,29
500113008,20231101,1165,43,12,1,25.02594,121.50651,31
500113008,20231101,1166,43,11,1,25.02594,121.50651,32
500113008,20231101,1167,43,11,1,25.02594,121.50651,32
500113008,20231101,1168,43,11,1,25.02594,121.50651,32
500113008,20231101,1169,43,11,1,25.02594,121.50651,32
500113008,20231101,1171,43,11,1,25.02594,121.50651,32
500113008,20231101,1172,43,10,1,25.02594,121.50651,33
500113008,20231101,1173,43,10,1,25.02594,121.50651,33
500113008,20231101,1174,43,10,1,25.02594,121.50651,33
500113008,20231101,1175,43,11,1,25.02594,121.50651,32
500113008,20231101,1176,43,11,1,25.02594,121.50651,32
500113008,20231101,1177,43,14,1,25.02594,121.50651,29
500113008,20231101,1178,43,15,1,25.02594,121.50651,28
500113008,20231101,1179,43,17,1,25.02594,121.50651,26
500113008,20231101,1181,43,20,1,25.02594,121.50651,23
500113008,20231101,1182,43,20,1,25.02594,121.50651,23
500113008,20231101,1183,43,21,1,25.02594,121.50651,22
500113008,20231101,1184,43,23,1,25.02594,121.50651,20
500113008,20231101,1185,43,26,1,25.02594,121.50651,17
500113008,20231101,1186,43,26,1,25.02594,121.50651,17
500113008,20231101,1187,43,26,1,25.02594,121.50651,17
500113008,20231101,1188,43,25,1,25.02594,121.50651,18
500113008,20231101,1189,43,25,1,25.02594,121.50651,18
500113008,20231101,1191,43,24,1,25.02594,121.50651,19
500113008,20231101,1192,43,24,1,25.02594,121.50651,19
500113008,20231101,1194,43,24,1,25.02594,121.50651,19
500113008,20231101,1195,43,24,1,25.02594,121.50651,19
500113008,20231101,1196,43,24,1,25.02594,121.50651,19
500113008,20231101,1197,43,24,1,25.02594,121.50651,19
500113008,20231101,1198,43,23,1,25.02594,121.50651,20
500113008,20231101,1199,43,23,1,25.02594,121.50651,20
500113008,20231101,1201,43,23,1,25.02594,121.50651,20
500113008,20231101,1202,43,22,1,25.02594,121.50651,21
500113008,20231101,1203,43,22,1,25.02594,121.50651,21
500113008,20231101,1204,43,21,1,25.02594,121.50651,22
500113008,20231101,1205,43,21,1,25.02594,121.50651,22
500113008,20231101,1206,43,21,1,25.02594,121.50651,22
500113008,20231101,1207,43,21,1,25.02594,121.50651,22
500113008,20231101,1208,43,21,1,25.02594,121.50651,22
500113008,20231101,1209,43,21,1,25.02594,121.50651,22
500113008,20231101,1211,43,21,1,25.02594,121.50651,22
500113008,20231101,1212,43,21,1,25.02594,121.50651,22
500113008,20231101,1213,43,21,1,25.02594,121.50651,22
500113008,20231101,1214,43,21,1,25.02594,121.50651,22
500113008,20231101,1215,43,21,1,25.02594,121.50651,22
500113008,20231101,1216,43,21,1,25.02594,121.50651,22
500113008,20231101,1217,43,22,1,25.02594,121.50651,21
500113008,20231101,1218,43,22,1,25.02594,121.50651,21
500113008,20231101,1219,43,22,1,25.02594,121.50651,21
500113008,20231101,1221,43,22,1,25.02594,121.50651,21
500113008,20231101,1222,43,22,1,25.02594,121.50651,21
500113008,20231101,1223,43,22,1,25.02594,121.50651,21
500113008,20231101,1224,43,24,1,25.02594,121.50651,19
500113008,20231101,1225,43,23,1,25.02594,121.50651,20
500113008,20231101,1226,43,23,1,25.02594,121.50651,20
500113008,20231101,1227,43,22,1,25.02594,121.50651,21
500113008,20231101,1228,43,22,1,25.02594,121.50651,21
500113008,20231101,1229,43,22,1,25.02594,121.50651,21
500113008,20231101,1231,43,21,1,25.02594,121.50651,22
500113008,20231101,1232,43,21,1,25.02594,121.50651,22
500113008,20231101,1233,43,21,1,25.02594,121.50651,22
500113008,20231101,1234,43,23,1,25.02594,121.50651,20
500113008,20231101,1235,43,22,1,25.02594,121.50651,21
500113008,20231101,1236,43,26,1,25.02594,121.50651,17
500113008,20231101,1237,43,26,1,25.02594,121.50651,17
500113008,20231101,1238,43,26,1,25.02594,121.50651,17
500113008,20231101,1239,43,26,1,25.02594,121.50651,17
500113008,20231101,1241,43,24,1,25.02594,121.50651,19
500113008,20231101,1242,43,24,1,25.02594,121.50651,19
500113008,20231101,1243,43,25,1,25.02594,121.50651,18
500113008,20231101,1244,43,25,1,25.02594,121.50651,18
500113008,20231101,1245,43,25,1,25.02594,121.50651,18
500113008,20231101,1246,43,24,1,25.02594,121.50651,19
500113008,20231101,1247,43,24,1,25.02594,121.50651,19
500113008,20231101,1248,43,24,1,25.02594,121.50651,19
500113008,20231101,1249,43,24,1,25.02594,121.50651,19
500113008,20231101,1251,43,22,1,25.02594,121.50651,21
500113008,20231101,1252,43,22,1,25.02594,121.50651,21
500113008,20231101,1253,43,22,1,25.02594,121.50651,21
500113008,20231101,1254,43,21,1,25.02594,121.50651,22
500113008,20231101,1255,43,21,1,25.02594,121.50651,22
500113008,20231101,1256,43,20,1,25.02594,121.50651,23
500113008,20231101,1257,43,20,1,25.02594,121.50651,23
500113008,20231101,1258,43,20,1,25.02594,121.50651,23
500113008,20231101,1259,43,20,1,25.02594,121.50651,23
500113008,20231101,1261,43,19,1,25.02594,121.50651,24
500113008,20231101,1262,43,20,1,25.02594,121.50651,23
500113008,20231101,1263,43,19,1,25.02594,121.50651,24
500113008,20231101,1264,43,19,1,25.02594,121.50651,24
500113008,20231101,1265,43,19,1,25.02594,121.50651,24
500113008,20231101,1266,43,20,1,25.02594,121.50651,23
500113008,20231101,1267,43,19,1,25.02594,121.50651,24
500113008,20231101,1268,43,19,1,25.02594,121.50651,24
500113008,20231101,1269,43,19,1,25.02594,121.50651,24
500113008,20231101,1270,43,20,1,25.02594,121.50651,23
500113008,20231101,1271,43,20,1,25.02594,121.50651,23
500113008,20231101,1272,43,18,1,25.02594,121.50651,25
500113008,20231101,1273,43,19,1,25.02594,121.50651,24
500113008,20231101,1274,43,19,1,25.02594,121.50651,24
500113008,20231101,1275,43,19,1,25.02594,121.50651,24
500113008,20231101,1276,43,19,1,25.02594,121.50651,24
500113008,20231101,1277,43,19,1,25.02594,121.50651,24
500113008,20231101,1278,43,19,1,25.02594,121.50651,24
500113008,20231101,1279,43,19,1,25.02594,121.50651,24
500113008,20231101,1281,43,21,1,25.02594,121.50651,22
500113008,20231101,1282,43,20,1,25.02594,121.50651,23
500113008,20231101,1283,43,20,1,25.02594,121.50651,23
500113008,20231101,1284,43,20,1,25.02594,121.50651,23
500113008,20231101,1285,43,21,1,25.02594,121.50651,22
500113008,20231101,1286,43,21,1,25.02594,121.50651,22
500113008,20231101,1287,43,23,1,25.02594,121.50651,20
500113008,20231101,1288,43,24,1,25.02594,121.50651,19
500113008,20231101,1289,43,24,1,25.02594,121.50651,19
500113008,20231101,1291,43,24,1,25.02594,121.50651,19
500113008,20231101,1292,43,23,1,25.02594,121.50651,20
500113008,20231101,1293,43,23,1,25.02594,121.50651,20
500113008,20231101,1294,43,23,1,25.02594,121.50651,20
500113008,20231101,1295,43,23,1,25.02594,121.50651,20
500113008,20231101,1296,43,23,1,25.02594,121.50651,20
500113008,20231101,1297,43,24,1,25.02594,121.50651,19
500113008,20231101,1298,43,24,1,25.02594,121.50651,19
500113008,20231101,1299,43,24,1,25.02594,121.50651,19
500113008,20231101,1300,43,24,1,25.02594,121.50651,19
500113008,20231101,1301,43,24,1,25.02594,121.50651,19
500113008,20231101,1302,43,24,1,25.02594,121.50651,19
500113008,20231101,1303,43,24,1,25.02594,121.50651,19
500113008,20231101,1304,43,24,1,25.02594,121.50651,19
500113008,20231101,1305,43,23,1,25.02594,121.50651,20
500113008,20231101,1306,43,23,1,25.02594,121.50651,20
500113008,20231101,1307,43,23,1,25.02594,121.50651,20
500113008,20231101,1308,43,23,1,25.02594,121.50651,20
500113008,20231101,1309,43,23,1,25.02594,121.50651,20
500113008,20231101,1310,43,23,1,25.02594,121.50651,20
500113008,20231101,1311,43,23,1,25.02594,121.50651,20
500113008,20231101,1312,43,23,1,25.02594,121.50651,20
500113008,20231101,1313,43,23,1,25.02594,121.50651,20
500113008,20231101,1314,43,21,1,25.02594,121.50651,22
500113008,20231101,1315,43,21,1,25.02594,121.50651,22
500113008,20231101,1316,43,21,1,25.02594,121.50651,22
500113008,20231101,1317,43,21,1,25.02594,121.50651,22
500113008,20231101,1318,43,21,1,25.02594,121.50651,22
500113008,20231101,1319,43,21,1,25.02594,121.50651,22
500113008,20231101,1321,43,21,1,25.02594,121.50651,22
500113008,20231101,1322,43,21,1,25.02594,121.50651,22
500113008,20231101,1323,43,21,1,25.02594,121.50651,22
500113008,20231101,1324,43,21,1,25.02594,121.50651,22
500113008,20231101,1325,43,21,1,25.02594,121.50651,22
500113008,20231101,1326,43,21,1,25.02594,121.50651,22
500113008,20231101,1327,43,21,1,25.02594,121.50651,22
500113008,20231101,1328,43,21,1,25.02594,121.50651,22
500113008,20231101,1329,43,21,1,25.02594,121.50651,22
500113008,20231101,1330,43,21,1,25.02594,121.50651,22
500113008,20231101,1331,43,21,1,25.02594,121.50651,22
500113008,20231101,1332,43,21,1,25.02594,121.50651,22
500113008,20231101,1333,43,21,1,25.02594,121.50651,22
500113008,20231101,1334,43,22,1,25.02594,121.50651,21
500113008,20231101,1335,43,23,1,25.02594,121.50651,20
500113008,20231101,1336,43,23,1,25.02594,121.50651,20
500113008,20231101,1337,43,23,1,25.02594,121.50651,20
500113008,20231101,1338,43,25,1,25.02594,121.50651,18
500113008,20231101,1339,43,25,1,25.02594,121.50651,18
500113008,20231101,1341,43,25,1,25.02594,121.50651,18
500113008,20231101,1342,43,25,1,25.02594,121.50651,18
500113008,20231101,1343,43,25,1,25.02594,121.50651,18
500113008,20231101,1344,43,25,1,25.02594,121.50651,18
500113008,20231101,1345,43,25,1,25.02594,121.50651,18
500113008,20231101,1346,43,25,1,25.02594,121.50651,18
500113008,20231101,1347,43,25,1,25.02594,121.50651,18
500113008,20231101,1348,43,25,1,25.02594,121.50651,18
500113008,20231101,1349,43,25,1,25.02594,121.50651,18
500113008,20231101,1351,43,25,1,25.02594,121.50651,18
500113008,20231101,1352,43,25,1,25.02594,121.50651,18
500113008,20231101,1353,43,24,1,25.02594,121.50651,19
500113008,20231101,1354,43,24,1,25.02594,121.50651,19
500113008,20231101,1355,43,24,1,25.02594,121.50651,19
500113008,20231101,1356,43,23,1,25.02594,121.50651,20
500113008,20231101,1357,43,23,1,25.02594,121.50651,20
500113008,20231101,1358,43,23,1,25.02594,121.50651,20
500113008,20231101,1359,43,23,1,25.02594,121.50651,20
500113008,20231101,1360,43,23,1,25.02594,121.50651,20
500113008,20231101,1361,43,23,1,25.02594,121.50651,20
500113008,20231101,1362,43,23,1,25.02594,121.50651,20
500113008,20231101,1363,43,23,1,25.02594,121.50651,20
500113008,20231101,1364,43,22,1,25.02594,121.50651,21
500113008,20231101,1365,43,22,1,25.02594,121.50651,21
500113008,20231101,1366,43,22,1,25.02594,121.50651,21
500113008,20231101,1367,43,22,1,25.02594,121.50651,21
500113008,20231101,1368,43,22,1,25.02594,121.50651,21
500113008,20231101,1369,43,22,1,25.02594,121.50651,21
500113008,20231101,1370,43,23,1,25.02594,121.50651,20
500113008,20231101,1371,43,23,1,25.02594,121.50651,20
500113008,20231101,1372,43,23,1,25.02594,121.50651,20
500113008,20231101,1373,43,23,1,25.02594,121.50651,20
500113008,20231101,1374,43,23,1,25.02594,121.50651,20
500113008,20231101,1375,43,23,1,25.02594,121.50651,20
500113008,20231101,1376,43,23,1,25.02594,121.50651,20
500113008,20231101,1377,43,23,1,25.02594,121.50651,20
500113008,20231101,1378,43,23,1,25.02594,121.50651,20
500113008,20231101,1379,43,23,1,25.02594,121.50651,20
500113008,20231101,1381,43,23,1,25.02594,121.50651,20
500113008,20231101,1382,43,23,1,25.02594,121.50651,20
500113008,20231101,1383,43,23,1,25.02594,121.50651,20
500113008,20231101,1384,43,23,1,25.02594,121.50651,20
500113008,20231101,1385,43,23,1,25.02594,121.50651,20
500113008,20231101,1386,43,23,1,25.02594,121.50651,20
500113008,20231101,1387,43,23,1,25.02594,121.50651,20
500113008,20231101,1388,43,23,1,25.02594,121.50651,20
500113008,20231101,1389,43,23,1,25.02594,121.50651,20
500113008,20231101,1390,43,23,1,25.02594,121.50651,20
500113008,20231101,1391,43,23,1,25.02594,121.50651,20
500113008,20231101,1392,43,22,1,25.02594,121.50651,21
500113008,20231101,1393,43,22,1,25.02594,121.50651,21
500113008,20231101,1394,43,22,1,25.02594,121.50651,21
500113008,20231101,1395,43,22,1,25.02594,121.50651,21
500113008,20231101,1396,43,22,1,25.02594,121.50651,21
500113008,20231101,1397,43,22,1,25.02594,121.50651,21
500113008,20231101,1398,43,19,1,25.02594,121.50651,24
500113008,20231101,1399,43,19,1,25.02594,121.50651,24
500113008,20231101,1401,43,19,1,25.02594,121.50651,24
500113008,20231101,1402,43,19,1,25.02594,121.50651,24
500113008,20231101,1403,43,19,1,25.02594,121.50651,24
500113008,20231101,1404,43,19,1,25.02594,121.50651,24
500113008,20231101,1405,43,19,1,25.02594,121.50651,24
500113008,20231101,1406,43,19,1,25.02594,121.50651,24
500113008,20231101,1407,43,18,1,25.02594,121.50651,25
500113008,20231101,1409,43,18,1,25.02594,121.50651,25
500113008,20231101,1411,43,18,1,25.02594,121.50651,25
500113008,20231101,1412,43,18,1,25.02594,121.50651,25
500113008,20231101,1413,43,18,1,25.02594,121.50651,25
500113008,20231101,1414,43,18,1,25.02594,121.50651,25
500113008,20231101,1415,43,18,1,25.02594,121.50651,25
500113008,20231101,1416,43,17,1,25.02594,121.50651,26
500113008,20231101,1417,43,17,1,25.02594,121.50651,26
500113008,20231101,1418,43,17,1,25.02594,121.50651,26
500113008,20231101,1419,43,17,1,25.02594,121.50651,26
500113008,20231101,1421,43,17,1,25.02594,121.50651,26
500113008,20231101,1422,43,18,1,25.02594,121.50651,25
500113008,20231101,1423,43,18,1,25.02594,121.50651,25
500113008,20231101,1424,43,18,1,25.02594,121.50651,25
500113008,20231101,1425,43,18,1,25.02594,121.50651,25
500113008,20231101,1426,43,18,1,25.02594,121.50651,25
500113008,20231101,1427,43,18,1,25.02594,121.50651,25
500113008,20231101,1428,43,18,1,25.02594,121.50651,25
500113008,20231101,1429,43,19,1,25.02594,121.50651,24
500113008,20231101,1431,43,19,1,25.02594,121.50651,24
500113008,20231101,1432,43,18,1,25.02594,121.50651,25
500113008,20231101,1433,43,18,1,25.02594,121.50651,25
500113008,20231101,1434,43,18,1,25.02594,121.50651,25
500113008,20231101,1435,43,18,1,25.02594,121.50651,25
500113008,20231101,1436,43,18,1,25.02594,121.50651,25
500113008,20231101,1437,43,18,1,25.02594,121.50651,25
500113008,20231101,1438,43,18,1,25.02594,121.50651,25
500113008,20231101,1439,43,18,1,25.02594,121.50651,25
500113008,20231102,1,43,18,1,25.02594,121.50651,25
500113008,20231102,2,43,18,1,25.02594,121.50651,25
500113008,20231102,3,43,18,1,25.02594,121.50651,25
500113008,20231102,4,43,18,1,25.02594,121.50651,25
500113008,20231102,5,43,17,1,25.02594,121.50651,26
500113008,20231102,6,43,17,1,25.02594,121.50651,26
500113008,20231102,7,43,17,1,25.02594,121.50651,26
500113008,20231102,8,43,17,1,25.02594,121.50651,26
500113008,20231102,9,43,17,1,25.02594,121.50651,26
500113008,20231102,11,43,17,1,25.02594,121.50651,26
500113008,20231102,12,43,17,1,25.02594,121.50651,26
500113008,20231102,13,43,17,1,25.02594,121.50651,26
500113008,20231102,14,43,17,1,25.02594,121.50651,26
500113008,20231102,15,43,17,1,25.02594,121.50651,26
500113008,20231102,16,43,17,1,25.02594,121.50651,26
500113008,20231102,17,43,17,1,25.02594,121.50651,26
500113008,20231102,18,43,17,1,25.02594,121.50651,26
500113008,20231102,19,43,17,1,25.02594,121.50651,26
500113008,20231102,21,43,17,1,25.02594,121.50651,26
500113008,20231102,22,43,17,1,25.02594,121.50651,26
500113008,20231102,25,43,17,1,25.02594,121.50651,26
500113008,20231102,26,43,17,1,25.02594,121.50651,26
500113008,20231102,27,43,17,1,25.02594,121.50651,26
500113008,20231102,28,43,17,1,25.02594,121.50651,26
500113008,20231102,29,43,17,1,25.02594,121.50651,26
500113008,20231102,30,43,17,1,25.02594,121.50651,26
500113008,20231102,33,43,17,1,25.02594,121.50651,26
500113008,20231102,34,43,17,1,25.02594,121.50651,26
500113008,20231102,35,43,17,1,25.02594,121.50651,26
500113008,20231102,37,43,17,1,25.02594,121.50651,26
500113008,20231102,38,43,17,1,25.02594,121.50651,26
500113008,20231102,39,43,17,1,25.02594,121.50651,26
500113008,20231102,40,43,17,1,25.02594,121.50651,26
500113008,20231102,42,43,17,1,25.02594,121.50651,26
500113008,20231102,43,43,17,1,25.02594,121.50651,26
500113008,20231102,45,43,18,1,25.02594,121.50651,25
500113008,20231102,46,43,18,1,25.02594,121.50651,25
500113008,20231102,47,43,18,1,25.02594,121.50651,25
500113008,20231102,48,43,18,1,25.02594,121.50651,25
500113008,20231102,49,43,18,1,25.02594,121.50651,25
500113008,20231102,51,43,18,1,25.02594,121.50651,25
500113008,20231102,52,43,18,1,25.02594,121.50651,25
500113008,20231102,53,43,18,1,25.02594,121.50651,25
500113008,20231102,54,43,18,1,25.02594,121.50651,25
500113008,20231102,55,43,18,1,25.02594,121.50651,25
500113008,20231102,58,43,18,1,25.02594,121.50651,25
500113008,20231102,59,43,18,1,25.02594,121.50651,25
500113008,20231102,61,43,18,1,25.02594,121.50651,25
500113008,20231102,62,43,18,1,25.02594,121.50651,25
500113008,20231102,63,43,18,1,25.02594,121.50651,25
500113008,20231102,64,43,18,1,25.02594,121.50651,25
500113008,20231102,65,43,18,1,25.02594,121.50651,25
500113008,20231102,66,43,18,1,25.02594,121.50651,25
500113008,20231102,69,43,18,1,25.02594,121.50651,25
500113008,20231102,71,43,18,1,25.02594,121.50651,25
500113008,20231102,72,43,18,1,25.02594,121.50651,25
500113008,20231102,73,43,18,1,25.02594,121.50651,25
500113008,20231102,74,43,18,1,25.02594,121.50651,25
500113008,20231102,75,43,18,1,25.02594,121.50651,25
500113008,20231102,76,43,18,1,25.02594,121.50651,25
500113008,20231102,77,43,18,1,25.02594,121.50651,25
500113008,20231102,78,43,18,1,25.02594,121.50651,25
500113008,20231102,79,43,18,1,25.02594,121.50651,25
500113008,20231102,82,43,18,1,25.02594,121.50651,25
500113008,20231102,83,43,18,1,25.02594,121.50651,25
500113008,20231102,84,43,18,1,25.02594,121.50651,25
500113008,20231102,85,43,18,1,25.02594,121.50651,25
500113008,20231102,86,43,18,1,25.02594,121.50651,25
500113008,20231102,87,43,18,1,25.02594,121.50651,25
500113008,20231102,88,43,18,1,25.02594,121.50651,25
500113008,20231102,89,43,18,1,25.02594,121.50651,25
500113008,20231102,90,43,18,1,25.02594,121.50651,25
500113008,20231102,91,43,18,1,25.02594,121.50651,25
500113008,20231102,92,43,18,1,25.02594,121.50651,25
500113008,20231102,93,43,18,1,25.02594,121.50651,25
500113008,20231102,97,43,18,1,25.02594,121.50651,25
500113008,20231102,98,43,18,1,25.02594,121.50651,25
500113008,20231102,100,43,18,1,25.02594,121.50651,25
500113008,20231102,101,43,18,1,25.02594,121.50651,25
500113008,20231102,102,43,18,1,25.02594,121.50651,25
500113008,20231102,103,43,18,1,25.02594,121.50651,25
500113008,20231102,104,43,18,1,25.02594,121.50651,25
500113008,20231102,105,43,18,1,25.02594,121.50651,25
500113008,20231102,106,43,18,1,25.02594,121.50651,25
500113008,20231102,107,43,18,1,25.02594,121.50651,25
500113008,20231102,108,43,18,1,25.02594,121.50651,25
500113008,20231102,109,43,18,1,25.02594,121.50651,25
500113008,20231102,110,43,18,1,25.02594,121.50651,25
500113008,20231102,111,43,18,1,25.02594,121.50651,25
500113008,20231102,113,43,18,1,25.02594,121.50651,25
500113008,20231102,114,43,18,1,25.02594,121.50651,25
500113008,20231102,115,43,18,1,25.02594,121.50651,25
500113008,20231102,116,43,18,1,25.02594,121.50651,25
500113008,20231102,117,43,18,1,25.02594,121.50651,25
500113008,20231102,118,43,18,1,25.02594,121.50651,25
500113008,20231102,119,43,18,1,25.02594,121.50651,25
500113008,20231102,121,43,18,1,25.02594,121.50651,25
500113008,20231102,122,43,17,1,25.02594,121.50651,26
500113008,20231102,123,43,17,1,25.02594,121.50651,26
500113008,20231102,124,43,17,1,25.02594,121.50651,26
500113008,20231102,125,43,17,1,25.02594,121.50651,26
500113008,20231102,126,43,17,1,25.02594,121.50651,26
500113008,20231102,127,43,17,1,25.02594,121.50651,26
500113008,20231102,128,43,16,1,25.02594,121.50651,27
500113008,20231102,129,43,16,1,25.02594,121.50651,27
500113008,20231102,130,43,16,1,25.02594,121.50651,27
500113008,20231102,131,43,16,1,25.02594,121.50651,27
500113008,20231102,132,43,16,1,25.02594,121.50651,27
500113008,20231102,133,43,16,1,25.02594,121.50651,27
500113008,20231102,134,43,16,1,25.02594,121.50651,27
500113008,20231102,135,43,16,1,25.02594,121.50651,27
500113008,20231102,136,43,16,1,25.02594,121.50651,27
500113008,20231102,137,43,16,1,25.02594,121.50651,27
500113008,20231102,138,43,16,1,25.02594,121.50651,27
500113008,20231102,139,43,16,1,25.02594,121.50651,27
500113008,20231102,141,43,16,1,25.02594,121.50651,27
500113008,20231102,142,43,16,1,25.02594,121.50651,27
500113008,20231102,143,43,16,1,25.02594,121.50651,27
500113008,20231102,144,43,16,1,25.02594,121.50651,27
500113008,20231102,145,43,16,1,25.02594,121.50651,27
500113008,20231102,146,43,16,1,25.02594,121.50651,27
500113008,20231102,147,43,16,1,25.02594,121.50651,27
500113008,20231102,148,43,16,1,25.02594,121.50651,27
500113008,20231102,149,43,16,1,25.02594,121.50651,27
500113008,20231102,150,43,16,1,25.02594,121.50651,27
500113008,20231102,151,43,16,1,25.02594,121.50651,27
500113008,20231102,152,43,16,1,25.02594,121.50651,27
500113008,20231102,153,43,16,1,25.02594,121.50651,27
500113008,20231102,154,43,16,1,25.02594,121.50651,27
500113008,20231102,155,43,16,1,25.02594,121.50651,27
500113008,20231102,156,43,16,1,25.02594,121.50651,27
500113008,20231102,157,43,16,1,25.02594,121.50651,27
500113008,20231102,158,43,16,1,25.02594,121.50651,27
500113008,20231102,159,43,16,1,25.02594,121.50651,27
500113008,20231102,160,43,16,1,25.02594,121.50651,27
500113008,20231102,161,43,16,1,25.02594,121.50651,27
500113008,20231102,162,43,16,1,25.02594,121.50651,27
500113008,20231102,163,43,16,1,25.02594,121.50651,27
500113008,20231102,164,43,16,1,25.02594,121.50651,27
500113008,20231102,165,43,16,1,25.02594,121.50651,27
500113008,20231102,166,43,16,1,25.02594,121.50651,27
500113008,20231102,167,43,16,1,25.02594,121.50651,27
500113008,20231102,168,43,16,1,25.02594,121.50651,27
500113008,20231102,169,43,16,1,25.02594,121.50651,27
500113008,20231102,170,43,16,1,25.02594,121.50651,27
500113008,20231102,171,43,16,1,25.02594,121.50651,27
500113008,20231102,172,43,16,1,25.02594,121.50651,27
500113008,20231102,173,43,16,1,25.02594,121.50651,27
500113008,20231102,174,43,16,1,25.02594,121.50651,27
500113008,20231102,175,43,16,1,25.02594,121.50651,27
500113008,20231102,176,43,16,1,25.02594,121.50651,27
500113008,20231102,177,43,16,1,25.02594,121.50651,27
500113008,20231102,178,43,16,1,25.02594,121.50651,27
500113008,20231102,179,43,16,1,25.02594,121.50651,27
500113008,20231102,180,43,16,1,25.02594,121.50651,27
500113008,20231102,181,43,16,1,25.02594,121.50651,27
500113008,20231102,182,43,16,1,25.02594,121.50651,27
500113008,20231102,183,43,16,1,25.02594,121.50651,27
500113008,20231102,184,43,16,1,25.02594,121.50651,27
500113008,20231102,185,43,16,1,25.02594,121.50651,27
500113008,20231102,186,43,16,1,25.02594,121.50651,27
500113008,20231102,187,43,16,1,25.02594,121.50651,27
500113008,20231102,188,43,16,1,25.02594,121.50651,27
500113008,20231102,189,43,16,1,25.02594,121.50651,27
500113008,20231102,190,43,16,1,25.02594,121.50651,27
500113008,20231102,191,43,16,1,25.02594,121.50651,27
500113008,20231102,192,43,16,1,25.02594,121.50651,27
500113008,20231102,193,43,16,1,25.02594,121.50651,27
500113008,20231102,194,43,16,1,25.02594,121.50651,27
500113008,20231102,195,43,16,1,25.02594,121.50651,27
500113008,20231102,196,43,16,1,25.02594,121.50651,27
500113008,20231102,197,43,16,1,25.02594,121.50651,27
500113008,20231102,198,43,16,1,25.02594,121.50651,27
500113008,20231102,199,43,16,1,25.02594,121.50651,27
500113008,20231102,201,43,16,1,25.02594,121.50651,27
500113008,20231102,202,43,16,1,25.02594,121.50651,27
500113008,20231102,203,43,16,1,25.02594,121.50651,27
500113008,20231102,204,43,16,1,25.02594,121.50651,27
500113008,20231102,205,43,16,1,25.02594,121.50651,27
500113008,20231102,206,43,16,1,25.02594,121.50651,27
500113008,20231102,207,43,16,1,25.02594,121.50651,27
500113008,20231102,208,43,16,1,25.02594,121.50651,27
500113008,20231102,209,43,16,1,25.02594,121.50651,27
500113008,20231102,210,43,16,1,25.02594,121.50651,27
500113008,20231102,211,43,16,1,25.02594,121.50651,27
500113008,20231102,212,43,16,1,25.02594,121.50651,27
500113008,20231102,213,43,16,1,25.02594,121.50651,27
500113008,20231102,214,43,16,1,25.02594,121.50651,27
500113008,20231102,215,43,16,1,25.02594,121.50651,27
500113008,20231102,216,43,16,1,25.02594,121.50651,27
500113008,20231102,217,43,16,1,25.02594,121.50651,27
500113008,20231102,219,43,16,1,25.02594,121.50651,27
500113008,20231102,221,43,16,1,25.02594,121.50651,27
500113008,20231102,222,43,16,1,25.02594,121.50651,27
500113008,20231102,223,43,16,1,25.02594,121.50651,27
500113008,20231102,224,43,16,1,25.02594,121.50651,27
500113008,20231102,225,43,16,1,25.02594,121.50651,27
500113008,20231102,226,43,16,1,25.02594,121.50651,27
500113008,20231102,227,43,16,1,25.02594,121.50651,27
500113008,20231102,228,43,16,1,25.02594,121.50651,27
500113008,20231102,229,43,16,1,25.02594,121.50651,27
500113008,20231102,231,43,16,1,25.02594,121.50651,27
500113008,20231102,232,43,16,1,25.02594,121.50651,27
500113008,20231102,233,43,16,1,25.02594,121.50651,27
500113008,20231102,234,43,16,1,25.02594,121.50651,27
500113008,20231102,235,43,16,1,25.02594,121.50651,27
500113008,20231102,236,43,16,1,25.02594,121.50651,27
500113008,20231102,237,43,16,1,25.02594,121.50651,27
500113008,20231102,238,43,16,1,25.02594,121.50651,27
500113008,20231102,239,43,16,1,25.02594,121.50651,27
500113008,20231102,241,43,16,1,25.02594,121.50651,27
500113008,20231102,242,43,16,1,25.02594,121.50651,27
500113008,20231102,243,43,16,1,25.02594,121.50651,27
500113008,20231102,244,43,16,1,25.02594,121.50651,27
500113008,20231102,245,43,16,1,25.02594,121.50651,27
500113008,20231102,246,43,16,1,25.02594,121.50651,27
500113008,20231102,247,43,16,1,25.02594,121.50651,27
500113008,20231102,248,43,16,1,25.02594,121.50651,27
500113008,20231102,249,43,16,1,25.02594,121.50651,27
500113008,20231102,251,43,16,1,25.02594,121.50651,27
500113008,20231102,252,43,16,1,25.02594,121.50651,27
500113008,20231102,253,43,16,1,25.02594,121.50651,27
500113008,20231102,254,43,17,1,25.02594,121.50651,26
500113008,20231102,255,43,17,1,25.02594,121.50651,26
500113008,20231102,256,43,17,1,25.02594,121.50651,26
500113008,20231102,257,43,17,1,25.02594,121.50651,26
500113008,20231102,258,43,17,1,25.02594,121.50651,26
500113008,20231102,259,43,17,1,25.02594,121.50651,26
500113008,20231102,261,43,17,1,25.02594,121.50651,26
500113008,20231102,262,43,17,1,25.02594,121.50651,26
500113008,20231102,263,43,17,1,25.02594,121.50651,26
500113008,20231102,264,43,17,1,25.02594,121.50651,26
500113008,20231102,265,43,17,1,25.02594,121.50651,26
500113008,20231102,266,43,17,1,25.02594,121.50651,26
500113008,20231102,267,43,17,1,25.02594,121.50651,26
500113008,20231102,269,43,17,1,25.02594,121.50651,26
500113008,20231102,271,43,17,1,25.02594,121.50651,26
500113008,20231102,272,43,17,1,25.02594,121.50651,26
500113008,20231102,273,43,17,1,25.02594,121.50651,26
500113008,20231102,274,43,17,1,25.02594,121.50651,26
500113008,20231102,275,43,17,1,25.02594,121.50651,26
500113008,20231102,276,43,17,1,25.02594,121.50651,26
500113008,20231102,277,43,17,1,25.02594,121.50651,26
500113008,20231102,278,43,17,1,25.02594,121.50651,26
500113008,20231102,279,43,17,1,25.02594,121.50651,26
500113008,20231102,281,43,17,1,25.02594,121.50651,26
500113008,20231102,282,43,17,1,25.02594,121.50651,26
500113008,20231102,283,43,17,1,25.02594,121.50651,26
500113008,20231102,284,43,17,1,25.02594,121.50651,26
500113008,20231102,285,43,17,1,25.02594,121.50651,26
500113008,20231102,286,43,17,1,25.02594,121.50651,26
500113008,20231102,287,43,17,1,25.02594,121.50651,26
500113008,20231102,288,43,17,1,25.02594,121.50651,26
500113008,20231102,289,43,17,1,25.02594,121.50651,26
500113008,20231102,291,43,17,1,25.02594,121.50651,26
500113008,20231102,292,43,17,1,25.02594,121.50651,26
500113008,20231102,293,43,17,1,25.02594,121.50651,26
500113008,20231102,294,43,17,1,25.02594,121.50651,26
500113008,20231102,295,43,17,1,25.02594,121.50651,26
500113008,20231102,296,43,16,1,25.02594,121.50651,27
500113008,20231102,297,43,16,1,25.02594,121.50651,27
500113008,20231102,298,43,16,1,25.02594,121.50651,27
500113008,20231102,299,43,15,1,25.02594,121.50651,28
500113008,20231102,301,43,15,1,25.02594,121.50651,28
500113008,20231102,302,43,15,1,25.02594,121.50651,28
500113008,20231102,303,43,15,1,25.02594,121.50651,28
500113008,20231102,304,43,15,1,25.02594,121.50651,28
500113008,20231102,305,43,15,1,25.02594,121.50651,28
500113008,20231102,306,43,15,1,25.02594,121.50651,28
500113008,20231102,307,43,15,1,25.02594,121.50651,28
500113008,20231102,308,43,15,1,25.02594,121.50651,28
500113008,20231102,309,43,15,1,25.02594,121.50651,28
500113008,20231102,311,43,15,1,25.02594,121.50651,28
500113008,20231102,312,43,15,1,25.02594,121.50651,28
500113008,20231102,313,43,15,1,25.02594,121.50651,28
500113008,20231102,314,43,15,1,25.02594,121.50651,28
500113008,20231102,315,43,15,1,25.02594,121.50651,28
500113008,20231102,316,43,15,1,25.02594,121.50651,28
500113008,20231102,317,43,14,1,25.02594,121.50651,29
500113008,20231102,318,43,14,1,25.02594,121.50651,29
500113008,20231102,319,43,14,1,25.02594,121.50651,29
500113008,20231102,321,43,14,1,25.02594,121.50651,29
500113008,20231102,322,43,14,1,25.02594,121.50651,29
500113008,20231102,323,43,14,1,25.02594,121.50651,29
500113008,20231102,324,43,14,1,25.02594,121.50651,29
500113008,20231102,325,43,14,1,25.02594,121.50651,29
500113008,20231102,326,43,14,1,25.02594,121.50651,29
500113008,20231102,327,43,14,1,25.02594,121.50651,29
500113008,20231102,328,43,14,1,25.02594,121.50651,29
500113008,20231102,329,43,14,1,25.02594,121.50651,29
500113008,20231102,330,43,14,1,25.02594,121.50651,29
500113008,20231102,331,43,14,1,25.02594,121.50651,29
500113008,20231102,332,43,14,1,25.02594,121.50651,29
500113008,20231102,333,43,14,1,25.02594,121.50651,29
500113008,20231102,334,43,14,1,25.02594,121.50651,29
500113008,20231102,335,43,14,1,25.02594,121.50651,29
500113008,20231102,336,43,14,1,25.02594,121.50651,29
500113008,20231102,337,43,14,1,25.02594,121.50651,29
500113008,20231102,338,43,14,1,25.02594,121.50651,29
500113008,20231102,339,43,14,1,25.02594,121.50651,29
500113008,20231102,340,43,14,1,25.02594,121.50651,29
500113008,20231102,341,43,14,1,25.02594,121.50651,29
500113008,20231102,342,43,14,1,25.02594,121.50651,29
500113008,20231102,343,43,14,1,25.02594,121.50651,29
500113008,20231102,344,43,14,1,25.02594,121.50651,29
500113008,20231102,345,43,14,1,25.02594,121.50651,29
500113008,20231102,346,43,14,1,25.02594,121.50651,29
500113008,20231102,347,43,14,1,25.02594,121.50651,29
500113008,20231102,348,43,14,1,25.02594,121.50651,29
500113008,20231102,349,43,14,1,25.02594,121.50651,29
500113008,20231102,350,43,14,1,25.02594,121.50651,29
500113008,20231102,351,43,14,1,25.02594,121.50651,29
500113008,20231102,352,43,14,1,25.02594,121.50651,29
500113008,20231102,353,43,14,1,25.02594,121.50651,29
500113008,20231102,354,43,14,1,25.02594,121.50651,29
500113008,20231102,355,43,14,1,25.02594,121.50651,29
500113008,20231102,356,43,14,1,25.02594,121.50651,29
500113008,20231102,357,43,14,1,25.02594,121.50651,29
500113008,20231102,358,43,14,1,25.02594,121.50651,29
500113008,20231102,359,43,14,1,25.02594,121.50651,29
500113008,20231102,360,43,14,1,25.02594,121.50651,29
500113008,20231102,361,43,14,1,25.02594,121.50651,28
500113008,20231102,362,43,14,1,25.02594,121.50651,28
500113008,20231102,363,43,14,1,25.02594,121.50651,28
500113008,20231102,364,43,14,1,25.02594,121.50651,28
500113008,20231102,365,43,14,1,25.02594,121.50651,28
500113008,20231102,366,43,14,1,25.02594,121.50651,28
500113008,20231102,367,43,14,1,25.02594,121.50651,28
500113008,20231102,368,43,14,1,25.02594,121.50651,28
500113008,20231102,369,43,14,1,25.02594,121.50651,28
500113008,20231102,370,43,14,1,25.02594,121.50651,28
500113008,20231102,371,43,14,1,25.02594,121.50651,28
500113008,20231102,372,43,14,1,25.02594,121.50651,28
500113008,20231102,373,43,14,1,25.02594,121.50651,28
500113008,20231102,374,43,14,1,25.02594,121.50651,28
500113008,20231102,375,43,14,1,25.02594,121.50651,28
500113008,20231102,376,43,14,1,25.02594,121.50651,28
500113008,20231102,377,43,14,1,25.02594,121.50651,28
500113008,20231102,378,43,14,1,25.02594,121.50651,28
500113008,20231102,379,43,14,1,25.02594,121.50651,28
500113008,20231102,381,43,14,1,25.02594,121.50651,28
500113008,20231102,382,43,14,1,25.02594,121.50651,28
500113008,20231102,383,43,14,1,25.02594,121.50651,28
500113008,20231102,384,43,15,1,25.02594,121.50651,27
500113008,20231102,385,43,15,1,25.02594,121.50651,27
500113008,20231102,386,43,15,1,25.02594,121.50651,27
500113008,20231102,387,43,14,1,25.02594,121.50651,28
500113008,20231102,388,43,14,1,25.02594,121.50651,28
500113008,20231102,389,43,14,1,25.02594,121.50651,28
500113008,20231102,390,43,14,1,25.02594,121.50651,28
500113008,20231102,391,43,15,1,25.02594,121.50651,27
500113008,20231102,392,43,15,1,25.02594,121.50651,27
500113008,20231102,393,43,15,1,25.02594,121.50651,27
500113008,20231102,394,43,15,1,25.02594,121.50651,27
500113008,20231102,395,43,15,1,25.02594,121.50651,27
500113008,20231102,396,43,14,1,25.02594,121.50651,28
500113008,20231102,397,43,14,1,25.02594,121.50651,28
500113008,20231102,398,43,14,1,25.02594,121.50651,28
500113008,20231102,399,43,14,1,25.02594,121.50651,28
500113008,20231102,400,43,14,1,25.02594,121.50651,28
500113008,20231102,401,43,14,1,25.02594,121.50651,28
500113008,20231102,402,43,14,1,25.02594,121.50651,28
500113008,20231102,403,43,14,1,25.02594,121.50651,28
500113008,20231102,404,43,14,1,25.02594,121.50651,28
500113008,20231102,405,43,14,1,25.02594,121.50651,28
500113008,20231102,406,43,14,1,25.02594,121.50651,28
500113008,20231102,407,43,14,1,25.02594,121.50651,28
500113008,20231102,408,43,14,1,25.02594,121.50651,28
500113008,20231102,409,43,14,1,25.02594,121.50651,28
500113008,20231102,410,43,13,1,25.02594,121.50651,29
500113008,20231102,411,43,13,1,25.02594,121.50651,29
500113008,20231102,412,43,15,1,25.02594,121.50651,27
500113008,20231102,413,43,14,1,25.02594,121.50651,28
500113008,20231102,414,43,14,1,25.02594,121.50651,28
500113008,20231102,415,43,14,1,25.02594,121.50651,28
500113008,20231102,416,43,14,1,25.02594,121.50651,28
500113008,20231102,417,43,14,1,25.02594,121.50651,28
500113008,20231102,418,43,17,1,25.02594,121.50651,25
500113008,20231102,419,43,18,1,25.02594,121.50651,24
500113008,20231102,421,43,17,1,25.02594,121.50651,25
500113008,20231102,422,43,17,1,25.02594,121.50651,25
500113008,20231102,423,43,17,1,25.02594,121.50651,25
500113008,20231102,424,43,18,1,25.02594,121.50651,24
500113008,20231102,425,43,18,1,25.02594,121.50651,24
500113008,20231102,426,43,18,1,25.02594,121.50651,24
500113008,20231102,427,43,18,1,25.02594,121.50651,24
500113008,20231102,428,43,19,1,25.02594,121.50651,23
500113008,20231102,429,43,19,1,25.02594,121.50651,23
500113008,20231102,430,43,19,1,25.02594,121.50651,23
500113008,20231102,431,43,20,1,25.02594,121.50651,22
500113008,20231102,432,43,20,1,25.02594,121.50651,22
500113008,20231102,433,43,20,1,25.02594,121.50651,22
500113008,20231102,434,43,20,1,25.02594,121.50651,22
500113008,20231102,435,43,20,1,25.02594,121.50651,22
500113008,20231102,436,43,20,1,25.02594,121.50651,22
500113008,20231102,437,43,20,1,25.02594,121.50651,22
500113008,20231102,438,43,20,1,25.02594,121.50651,22
500113008,20231102,439,43,21,1,25.02594,121.50651,21
500113008,20231102,441,43,21,1,25.02594,121.50651,21
500113008,20231102,442,43,20,1,25.02594,121.50651,22
500113008,20231102,443,43,22,1,25.02594,121.50651,20
500113008,20231102,444,43,22,1,25.02594,121.50651,20
500113008,20231102,445,43,23,1,25.02594,121.50651,19
500113008,20231102,446,43,23,1,25.02594,121.50651,19
500113008,20231102,447,43,23,1,25.02594,121.50651,19
500113008,20231102,448,43,23,1,25.02594,121.50651,19
500113008,20231102,449,43,23,1,25.02594,121.50651,19
500113008,20231102,451,43,22,1,25.02594,121.50651,20
500113008,20231102,452,43,22,1,25.02594,121.50651,20
500113008,20231102,453,43,22,1,25.02594,121.50651,20
500113008,20231102,454,43,22,1,25.02594,121.50651,20
500113008,20231102,455,43,22,1,25.02594,121.50651,20
500113008,20231102,456,43,23,1,25.02594,121.50651,19
500113008,20231102,457,43,23,1,25.02594,121.50651,19
500113008,20231102,458,43,23,1,25.02594,121.50651,19
500113008,20231102,459,43,23,1,25.02594,121.50651,19
500113008,20231102,460,43,22,1,25.02594,121.50651,20
500113008,20231102,461,43,22,1,25.02594,121.50651,20
500113008,20231102,463,43,22,1,25.02594,121.50651,20
500113008,20231102,464,43,22,1,25.02594,121.50651,20
500113008,20231102,465,43,21,1,25.02594,121.50651,21
500113008,20231102,466,43,21,1,25.02594,121.50651,21
500113008,20231102,467,43,21,1,25.02594,121.50651,21
500113008,20231102,468,43,21,1,25.02594,121.50651,21
500113008,20231102,469,43,21,1,25.02594,121.50651,21
500113008,20231102,471,43,23,1,25.02594,121.50651,19
500113008,20231102,472,43,23,1,25.02594,121.50651,19
500113008,20231102,473,43,24,1,25.02594,121.50651,18
500113008,20231102,474,43,25,1,25.02594,121.50651,17
500113008,20231102,475,43,25,1,25.02594,121.50651,17
500113008,20231102,476,43,25,1,25.02594,121.50651,17
500113008,20231102,477,43,25,1,25.02594,121.50651,17
500113008,20231102,478,43,25,1,25.02594,121.50651,17
500113008,20231102,479,43,25,1,25.02594,121.50651,17
500113008,20231102,481,43,25,1,25.02594,121.50651,17
500113008,20231102,482,43,25,1,25.02594,121.50651,17
500113008,20231102,483,43,26,1,25.02594,121.50651,16
500113008,20231102,484,43,26,1,25.02594,121.50651,16
500113008,20231102,485,43,26,1,25.02594,121.50651,16
500113008,20231102,486,43,28,1,25.02594,121.50651,14
500113008,20231102,487,43,28,1,25.02594,121.50651,14
500113008,20231102,488,43,28,1,25.02594,121.50651,14
500113008,20231102,489,43,28,1,25.02594,121.50651,14
500113008,20231102,491,43,28,1,25.02594,121.50651,14
500113008,20231102,492,43,29,1,25.02594,121.50651,13
500113008,20231102,493,43,29,1,25.02594,121.50651,13
500113008,20231102,494,43,29,1,25.02594,121.50651,13
500113008,20231102,495,43,29,1,25.02594,121.50651,13
500113008,20231102,496,43,29,1,25.02594,121.50651,13
500113008,20231102,497,43,29,1,25.02594,121.50651,13
500113008,20231102,498,43,29,1,25.02594,121.50651,13
500113008,20231102,499,43,29,1,25.02594,121.50651,13
500113008,20231102,501,43,29,1,25.02594,121.50651,13
500113008,20231102,503,43,30,1,25.02594,121.50651,12
500113008,20231102,504,43,30,1,25.02594,121.50651,12
500113008,20231102,506,43,31,1,25.02594,121.50651,11
500113008,20231102,507,43,31,1,25.02594,121.50651,11
500113008,20231102,508,43,31,1,25.02594,121.50651,11
500113008,20231102,509,43,31,1,25.02594,121.50651,11
500113008,20231102,511,43,31,1,25.02594,121.50651,11
500113008,20231102,512,43,31,1,25.02594,121.50651,11
500113008,20231102,513,43,31,1,25.02594,121.50651,11
500113008,20231102,514,43,31,1,25.02594,121.50651,11
500113008,20231102,515,43,31,1,25.02594,121.50651,11
500113008,20231102,516,43,31,1,25.02594,121.50651,11
500113008,20231102,517,43,31,1,25.02594,121.50651,11
500113008,20231102,518,43,31,1,25.02594,121.50651,11
500113008,20231102,519,43,31,1,25.02594,121.50651,11
500113008,20231102,521,43,31,1,25.02594,121.50651,11
500113008,20231102,522,43,31,1,25.02594,121.50651,11
500113008,20231102,523,43,31,1,25.02594,121.50651,11
500113008,20231102,524,43,31,1,25.02594,121.50651,11
500113008,20231102,525,43,31,1,25.02594,121.50651,11
500113008,20231102,526,43,31,1,25.02594,121.50651,11
500113008,20231102,527,43,31,1,25.02594,121.50651,11
500113008,20231102,528,43,31,1,25.02594,121.50651,11
500113008,20231102,529,43,32,1,25.02594,121.50651,10
500113008,20231102,531,43,31,1,25.02594,121.50651,11
500113008,20231102,532,43,30,1,25.02594,121.50651,12
500113008,20231102,533,43,31,1,25.02594,121.50651,11
500113008,20231102,534,43,31,1,25.02594,121.50651,11
500113008,20231102,535,43,31,1,25.02594,121.50651,11
500113008,20231102,536,43,30,1,25.02594,121.50651,12
500113008,20231102,537,43,31,1,25.02594,121.50651,11
500113008,20231102,538,43,31,1,25.02594,121.50651,11
500113008,20231102,539,43,29,1,25.02594,121.50651,13
500113008,20231102,541,43,30,1,25.02594,121.50651,12
500113008,20231102,542,43,30,1,25.02594,121.50651,12
500113008,20231102,543,43,30,1,25.02594,121.50651,12
500113008,20231102,544,43,31,1,25.02594,121.50651,11
500113008,20231102,545,43,32,1,25.02594,121.50651,10
500113008,20231102,546,43,32,1,25.02594,121.50651,10
500113008,20231102,547,43,32,1,25.02594,121.50651,10
500113008,20231102,548,43,32,1,25.02594,121.50651,10
500113008,20231102,549,43,30,1,25.02594,121.50651,12
500113008,20231102,551,43,30,1,25.02594,121.50651,12
500113008,20231102,552,43,29,1,25.02594,121.50651,13
500113008,20231102,553,43,30,1,25.02594,121.50651,12
500113008,20231102,554,43,30,1,25.02594,121.50651,12
500113008,20231102,555,43,31,1,25.02594,121.50651,11
500113008,20231102,556,43,32,1,25.02594,121.50651,10
500113008,20231102,557,43,32,1,25.02594,121.50651,10
500113008,20231102,558,43,32,1,25.02594,121.50651,10
500113008,20231102,559,43,32,1,25.02594,121.50651,10
500113008,20231102,561,43,32,1,25.02594,121.50651,10
500113008,20231102,562,43,32,1,25.02594,121.50651,10
500113008,20231102,563,43,32,1,25.02594,121.50651,10
500113008,20231102,564,43,32,1,25.02594,121.50651,10
500113008,20231102,565,43,32,1,25.02594,121.50651,10
500113008,20231102,566,43,32,1,25.02594,121.50651,10
500113008,20231102,567,43,32,1,25.02594,121.50651,10
500113008,20231102,568,43,32,1,25.02594,121.50651,10
500113008,20231102,569,43,32,1,25.02594,121.50651,10
500113008,20231102,571,43,33,1,25.02594,121.50651,9
500113008,20231102,572,43,33,1,25.02594,121.50651,9
500113008,20231102,573,43,33,1,25.02594,121.50651,9
500113008,20231102,574,43,32,1,25.02594,121.50651,10
500113008,20231102,575,43,32,1,25.02594,121.50651,10
500113008,20231102,576,43,31,1,25.02594,121.50651,11
500113008,20231102,577,43,31,1,25.02594,121.50651,11
500113008,20231102,578,43,31,1,25.02594,121.50651,11
500113008,20231102,579,43,30,1,25.02594,121.50651,12
500113008,20231102,580,43,30,1,25.02594,121.50651,12
500113008,20231102,581,43,30,1,25.02594,121.50651,12
500113008,20231102,582,43,30,1,25.02594,121.50651,12
500113008,20231102,583,43,30,1,25.02594,121.50651,12
500113008,20231102,584,43,30,1,25.02594,121.50651,12
500113008,20231102,585,43,30,1,25.02594,121.50651,12
500113008,20231102,586,43,30,1,25.02594,121.50651,12
500113008,20231102,587,43,30,1,25.02594,121.50651,12
500113008,20231102,588,43,31,1,25.02594,121.50651,11
500113008,20231102,589,43,31,1,25.02594,121.50651,11
500113008,20231102,590,43,27,1,25.02594,121.50651,15
500113008,20231102,591,43,27,1,25.02594,121.50651,15
500113008,20231102,592,43,27,1,25.02594,121.50651,15
500113008,20231102,593,43,27,1,25.02594,121.50651,15
500113008,20231102,594,43,27,1,25.02594,121.50651,15
500113008,20231102,595,43,27,1,25.02594,121.50651,15
500113008,20231102,596,43,27,1,25.02594,121.50651,15
500113008,20231102,597,43,26,1,25.02594,121.50651,16
500113008,20231102,598,43,26,1,25.02594,121.50651,16
500113008,20231102,599,43,25,1,25.02594,121.50651,17
500113008,20231102,601,43,25,1,25.02594,121.50651,17
500113008,20231102,602,43,25,1,25.02594,121.50651,17
500113008,20231102,603,43,25,1,25.02594,121.50651,17
500113008,20231102,604,43,25,1,25.02594,121.50651,17
500113008,20231102,605,43,25,1,25.02594,121.50651,17
500113008,20231102,606,43,24,1,25.02594,121.50651,18
500113008,20231102,607,43,24,1,25.02594,121.50651,18
500113008,20231102,608,43,24,1,25.02594,121.50651,18
500113008,20231102,609,43,24,1,25.02594,121.50651,18
500113008,20231102,610,43,24,1,25.02594,121.50651,18
500113008,20231102,611,43,24,1,25.02594,121.50651,18
500113008,20231102,612,43,24,1,25.02594,121.50651,18
500113008,20231102,613,43,25,1,25.02594,121.50651,17
500113008,20231102,614,43,25,1,25.02594,121.50651,17
500113008,20231102,615,43,23,1,25.02594,121.50651,19
500113008,20231102,616,43,23,1,25.02594,121.50651,19
500113008,20231102,617,43,23,1,25.02594,121.50651,19
500113008,20231102,618,43,23,1,25.02594,121.50651,19
500113008,20231102,619,43,23,1,25.02594,121.50651,19
500113008,20231102,621,43,23,1,25.02594,121.50651,19
500113008,20231102,622,43,24,1,25.02594,121.50651,18
500113008,20231102,623,43,24,1,25.02594,121.50651,18
500113008,20231102,624,43,24,1,25.02594,121.50651,18
500113008,20231102,625,43,24,1,25.02594,121.50651,18
500113008,20231102,626,43,25,1,25.02594,121.50651,17
500113008,20231102,627,43,25,1,25.02594,121.50651,17
500113008,20231102,628,43,25,1,25.02594,121.50651,17
500113008,20231102,629,43,25,1,25.02594,121.50651,17
500113008,20231102,631,43,26,1,25.02594,121.50651,16
500113008,20231102,632,43,25,1,25.02594,121.50651,17
500113008,20231102,633,43,25,1,25.02594,121.50651,17
500113008,20231102,634,43,25,1,25.02594,121.50651,17
500113008,20231102,635,43,25,1,25.02594,121.50651,17
500113008,20231102,636,43,25,1,25.02594,121.50651,17
500113008,20231102,637,43,24,1,25.02594,121.50651,18
500113008,20231102,638,43,24,1,25.02594,121.50651,18
500113008,20231102,639,43,24,1,25.02594,121.50651,18
500113008,20231102,640,43,24,1,25.02594,121.50651,18
500113008,20231102,641,43,24,1,25.02594,121.50651,18
500113008,20231102,642,43,24,1,25.02594,121.50651,18
500113008,20231102,643,43,24,1,25.02594,121.50651,18
500113008,20231102,644,43,24,1,25.02594,121.50651,18
500113008,20231102,645,43,24,1,25.02594,121.50651,18
500113008,20231102,646,43,24,1,25.02594,121.50651,18
500113008,20231102,647,43,24,1,25.02594,121.50651,18
500113008,20231102,648,43,25,1,25.02594,121.50651,17
500113008,20231102,649,43,25,1,25.02594,121.50651,17
500113008,20231102,650,43,25,1,25.02594,121.50651,17
500113008,20231102,651,43,25,1,25.02594,121.50651,17
500113008,20231102,652,43,25,1,25.02594,121.50651,17
500113008,20231102,653,43,25,1,25.02594,121.50651,17
500113008,20231102,654,43,24,1,25.02594,121.50651,18
500113008,20231102,655,43,24,1,25.02594,121.50651,18
500113008,20231102,656,43,24,1,25.02594,121.50651,18
500113008,20231102,657,43,24,1,25.02594,121.50651,18
500113008,20231102,658,43,25,1,25.02594,121.50651,17
500113008,20231102,659,43,24,1,25.02594,121.50651,18
500113008,20231102,661,43,24,1,25.02594,121.50651,18
500113008,20231102,662,43,23,1,25.02594,121.50651,19
500113008,20231102,663,43,23,1,25.02594,121.50651,19
500113008,20231102,664,43,23,1,25.02594,121.50651,19
500113008,20231102,665,43,23,1,25.02594,121.50651,19
500113008,20231102,666,43,23,1,25.02594,121.50651,19
500113008,20231102,667,43,23,1,25.02594,121.50651,19
500113008,20231102,668,43,23,1,25.02594,121.50651,19
500113008,20231102,669,43,23,1,25.02594,121.50651,19
500113008,20231102,670,43,23,1,25.02594,121.50651,19
500113008,20231102,671,43,23,1,25.02594,121.50651,19
500113008,20231102,672,43,23,1,25.02594,121.50651,19
500113008,20231102,673,43,23,1,25.02594,121.50651,19
500113008,20231102,674,43,23,1,25.02594,121.50651,19
500113008,20231102,675,43,23,1,25.02594,121.50651,19
500113008,20231102,676,43,23,1,25.02594,121.50651,19
500113008,20231102,677,43,23,1,25.02594,121.50651,19
500113008,20231102,679,43,23,1,25.02594,121.50651,19
500113008,20231102,681,43,23,1,25.02594,121.50651,19
500113008,20231102,682,43,23,1,25.02594,121.50651,19
500113008,20231102,683,43,23,1,25.02594,121.50651,19
500113008,20231102,684,43,23,1,25.02594,121.50651,19
500113008,20231102,685,43,23,1,25.02594,121.50651,19
500113008,20231102,686,43,23,1,25.02594,121.50651,19
500113008,20231102,687,43,23,1,25.02594,121.50651,19
500113008,20231102,688,43,23,1,25.02594,121.50651,19
500113008,20231102,689,43,23,1,25.02594,121.50651,19
500113008,20231102,691,43,23,1,25.02594,121.50651,19
500113008,20231102,692,43,23,1,25.02594,121.50651,19
500113008,20231102,693,43,23,1,25.02594,121.50651,19
500113008,20231102,694,43,23,1,25.02594,121.50651,19
500113008,20231102,695,43,23,1,25.02594,121.50651,19
500113008,20231102,696,43,24,1,25.02594,121.50651,18
500113008,20231102,697,43,24,1,25.02594,121.50651,18
500113008,20231102,698,43,24,1,25.02594,121.50651,18
500113008,20231102,699,43,24,1,25.02594,121.50651,18
500113008,20231102,701,43,25,1,25.02594,121.50651,17
500113008,20231102,702,43,24,1,25.02594,121.50651,18
500113008,20231102,703,43,24,1,25.02594,121.50651,18
500113008,20231102,704,43,24,1,25.02594,121.50651,18
500113008,20231102,705,43,24,1,25.02594,121.50651,18
500113008,20231102,706,43,24,1,25.02594,121.50651,18
500113008,20231102,707,43,24,1,25.02594,121.50651,18
500113008,20231102,708,43,24,1,25.02594,121.50651,18
500113008,20231102,709,43,23,1,25.02594,121.50651,19
500113008,20231102,711,43,23,1,25.02594,121.50651,19
500113008,20231102,712,43,23,1,25.02594,121.50651,19
500113008,20231102,713,43,24,1,25.02594,121.50651,18
500113008,20231102,714,43,24,1,25.02594,121.50651,18
500113008,20231102,715,43,24,1,25.02594,121.50651,18
500113008,20231102,716,43,24,1,25.02594,121.50651,18
500113008,20231102,717,43,23,1,25.02594,121.50651,19
500113008,20231102,718,43,23,1,25.02594,121.50651,19
500113008,20231102,719,43,23,1,25.02594,121.50651,19
500113008,20231102,721,43,24,1,25.02594,121.50651,18
500113008,20231102,722,43,24,1,25.02594,121.50651,18
500113008,20231102,723,43,24,1,25.02594,121.50651,18
500113008,20231102,724,43,24,1,25.02594,121.50651,18
500113008,20231102,725,43,24,1,25.02594,121.50651,18
500113008,20231102,726,43,24,1,25.02594,121.50651,18
500113008,20231102,727,43,24,1,25.02594,121.50651,18
500113008,20231102,728,43,24,1,25.02594,121.50651,18
500113008,20231102,729,43,24,1,25.02594,121.50651,18
500113008,20231102,731,43,24,1,25.02594,121.50651,18
500113008,20231102,732,43,23,1,25.02594,121.50651,19
500113008,20231102,733,43,23,1,25.02594,121.50651,19
500113008,20231102,734,43,23,1,25.02594,121.50651,19
500113008,20231102,735,43,23,1,25.02594,121.50651,19
500113008,20231102,736,43,23,1,25.02594,121.50651,19
500113008,20231102,737,43,23,1,25.02594,121.50651,19
500113008,20231102,738,43,23,1,25.02594,121.50651,19
500113008,20231102,739,43,23,1,25.02594,121.50651,19
500113008,20231102,741,43,22,1,25.02594,121.50651,20
500113008,20231102,742,43,21,1,25.02594,121.50651,21
500113008,20231102,743,43,21,1,25.02594,121.50651,21
500113008,20231102,744,43,21,1,25.02594,121.50651,21
500113008,20231102,745,43,21,1,25.02594,121.50651,21
500113008,20231102,746,43,21,1,25.02594,121.50651,21
500113008,20231102,747,43,21,1,25.02594,121.50651,21
500113008,20231102,748,43,21,1,25.02594,121.50651,21
500113008,20231102,749,43,21,1,25.02594,121.50651,21
500113008,20231102,751,43,21,1,25.02594,121.50651,21
500113008,20231102,752,43,21,1,25.02594,121.50651,21
500113008,20231102,753,43,21,1,25.02594,121.50651,21
500113008,20231102,754,43,21,1,25.02594,121.50651,21
500113008,20231102,755,43,21,1,25.02594,121.50651,21
500113008,20231102,756,43,21,1,25.02594,121.50651,21
500113008,20231102,757,43,21,1,25.02594,121.50651,21
500113008,20231102,758,43,21,1,25.02594,121.50651,21
500113008,20231102,759,43,21,1,25.02594,121.50651,21
500113008,20231102,761,43,21,1,25.02594,121.50651,21
500113008,20231102,762,43,21,1,25.02594,121.50651,21
500113008,20231102,763,43,21,1,25.02594,121.50651,21
500113008,20231102,764,43,22,1,25.02594,121.50651,20
500113008,20231102,765,43,20,1,25.02594,121.50651,22
500113008,20231102,766,43,20,1,25.02594,121.50651,22
500113008,20231102,767,43,20,1,25.02594,121.50651,22
500113008,20231102,768,43,20,1,25.02594,121.50651,22
500113008,20231102,769,43,20,1,25.02594,121.50651,22
500113008,20231102,771,43,20,1,25.02594,121.50651,22
500113008,20231102,772,43,20,1,25.02594,121.50651,22
500113008,20231102,773,43,20,1,25.02594,121.50651,22
500113008,20231102,774,43,21,1,25.02594,121.50651,21
500113008,20231102,775,43,21,1,25.02594,121.50651,21
500113008,20231102,776,43,21,1,25.02594,121.50651,21
500113008,20231102,777,43,21,1,25.02594,121.50651,21
500113008,20231102,778,43,21,1,25.02594,121.50651,21
500113008,20231102,779,43,21,1,25.02594,121.50651,21
500113008,20231102,781,43,21,1,25.02594,121.50651,21
500113008,20231102,782,43,21,1,25.02594,121.50651,21
500113008,20231102,783,43,21,1,25.02594,121.50651,21
500113008,20231102,784,43,21,1,25.02594,121.50651,21
500113008,20231102,785,43,21,1,25.02594,121.50651,21
500113008,20231102,786,43,21,1,25.02594,121.50651,21
500113008,20231102,787,43,21,1,25.02594,121.50651,21
500113008,20231102,788,43,22,1,25.02594,121.50651,20
500113008,20231102,789,43,22,1,25.02594,121.50651,20
500113008,20231102,790,43,23,1,25.02594,121.50651,19
500113008,20231102,791,43,23,1,25.02594,121.50651,19
500113008,20231102,792,43,23,1,25.02594,121.50651,19
500113008,20231102,793,43,23,1,25.02594,121.50651,19
500113008,20231102,794,43,23,1,25.02594,121.50651,19
500113008,20231102,795,43,23,1,25.02594,121.50651,19
500113008,20231102,796,43,22,1,25.02594,121.50651,20
500113008,20231102,797,43,22,1,25.02594,121.50651,20
500113008,20231102,798,43,22,1,25.02594,121.50651,20
500113008,20231102,799,43,22,1,25.02594,121.50651,20
500113008,20231102,801,43,21,1,25.02594,121.50651,21
500113008,20231102,802,43,21,1,25.02594,121.50651,21
500113008,20231102,803,43,21,1,25.02594,121.50651,21
500113008,20231102,804,43,21,1,25.02594,121.50651,21
500113008,20231102,805,43,21,1,25.02594,121.50651,21
500113008,20231102,806,43,21,1,25.02594,121.50651,21
500113008,20231102,807,43,21,1,25.02594,121.50651,21
500113008,20231102,808,43,21,1,25.02594,121.50651,21
500113008,20231102,809,43,21,1,25.02594,121.50651,21
500113008,20231102,811,43,21,1,25.02594,121.50651,21
500113008,20231102,812,43,21,1,25.02594,121.50651,21
500113008,20231102,813,43,21,1,25.02594,121.50651,21
500113008,20231102,814,43,21,1,25.02594,121.50651,21
500113008,20231102,815,43,21,1,25.02594,121.50651,21
500113008,20231102,816,43,21,1,25.02594,121.50651,21
500113008,20231102,817,43,22,1,25.02594,121.50651,20
500113008,20231102,818,43,22,1,25.02594,121.50651,20
500113008,20231102,819,43,22,1,25.02594,121.50651,20
500113008,20231102,820,43,22,1,25.02594,121.50651,20
500113008,20231102,821,43,22,1,25.02594,121.50651,20
500113008,20231102,822,43,22,1,25.02594,121.50651,20
500113008,20231102,823,43,24,1,25.02594,121.50651,18
500113008,20231102,824,43,24,1,25.02594,121.50651,18
500113008,20231102,825,43,24,1,25.02594,121.50651,18
500113008,20231102,826,43,24,1,25.02594,121.50651,18
500113008,20231102,827,43,26,1,25.02594,121.50651,16
500113008,20231102,828,43,27,1,25.02594,121.50651,15
500113008,20231102,829,43,27,1,25.02594,121.50651,15
500113008,20231102,830,43,28,1,25.02594,121.50651,14
500113008,20231102,831,43,28,1,25.02594,121.50651,14
500113008,20231102,832,43,28,1,25.02594,121.50651,14
500113008,20231102,833,43,28,1,25.02594,121.50651,14
500113008,20231102,834,43,28,1,25.02594,121.50651,14
500113008,20231102,835,43,28,1,25.02594,121.50651,14
500113008,20231102,836,43,28,1,25.02594,121.50651,14
500113008,20231102,837,43,28,1,25.02594,121.50651,14
500113008,20231102,838,43,28,1,25.02594,121.50651,14
500113008,20231102,839,43,28,1,25.02594,121.50651,14
500113008,20231102,841,43,28,1,25.02594,121.50651,14
500113008,20231102,842,43,29,1,25.02594,121.50651,13
500113008,20231102,843,43,29,1,25.02594,121.50651,13
500113008,20231102,844,43,30,1,25.02594,121.50651,12
500113008,20231102,845,43,30,1,25.02594,121.50651,12
500113008,20231102,846,43,30,1,25.02594,121.50651,12
500113008,20231102,847,43,30,1,25.02594,121.50651,12
500113008,20231102,848,43,31,1,25.02594,121.50651,11
500113008,20231102,849,43,32,1,25.02594,121.50651,10
500113008,20231102,850,43,32,1,25.02594,121.50651,10
500113008,20231102,851,43,32,1,25.02594,121.50651,10
500113008,20231102,852,43,32,1,25.02594,121.50651,10
500113008,20231102,853,43,32,1,25.02594,121.50651,10
500113008,20231102,854,43,32,1,25.02594,121.50651,10
500113008,20231102,855,43,32,1,25.02594,121.50651,10
500113008,20231102,856,43,32,1,25.02594,121.50651,10
500113008,20231102,857,43,32,1,25.02594,121.50651,10
500113008,20231102,858,43,32,1,25.02594,121.50651,10
500113008,20231102,859,43,32,1,25.02594,121.50651,10
500113008,20231102,861,43,32,1,25.02594,121.50651,10
500113008,20231102,862,43,32,1,25.02594,121.50651,10
500113008,20231102,863,43,32,1,25.02594,121.50651,10
500113008,20231102,864,43,33,1,25.02594,121.50651,9
500113008,20231102,865,43,34,1,25.02594,121.50651,8
500113008,20231102,866,43,35,1,25.02594,121.50651,7
500113008,20231102,867,43,36,1,25.02594,121.50651,6
500113008,20231102,868,43,36,1,25.02594,121.50651,6
500113008,20231102,869,43,36,1,25.02594,121.50651,6
500113008,20231102,871,43,36,1,25.02594,121.50651,6
500113008,20231102,872,43,36,1,25.02594,121.50651,6
500113008,20231102,873,43,36,1,25.02594,121.50651,6
500113008,20231102,874,43,36,1,25.02594,121.50651,6
500113008,20231102,875,43,36,1,25.02594,121.50651,6
500113008,20231102,876,43,36,1,25.02594,121.50651,6
500113008,20231102,877,43,36,1,25.02594,121.50651,6
500113008,20231102,878,43,36,1,25.02594,121.50651,6
500113008,20231102,879,43,36,1,25.02594,121.50651,6
500113008,20231102,880,43,36,1,25.02594,121.50651,6
500113008,20231102,881,43,36,1,25.02594,121.50651,6
500113008,20231102,882,43,34,1,25.02594,121.50651,8
500113008,20231102,883,43,33,1,25.02594,121.50651,9
500113008,20231102,884,43,33,1,25.02594,121.50651,9
500113008,20231102,885,43,33,1,25.02594,121.50651,9
500113008,20231102,886,43,33,1,25.02594,121.50651,9
500113008,20231102,887,43,33,1,25.02594,121.50651,9
500113008,20231102,888,43,33,1,25.02594,121.50651,9
500113008,20231102,889,43,33,1,25.02594,121.50651,9
500113008,20231102,890,43,35,1,25.02594,121.50651,7
500113008,20231102,891,43,35,1,25.02594,121.50651,7
500113008,20231102,892,43,35,1,25.02594,121.50651,7
500113008,20231102,893,43,34,1,25.02594,121.50651,8
500113008,20231102,894,43,34,1,25.02594,121.50651,8
500113008,20231102,895,43,34,1,25.02594,121.50651,8
500113008,20231102,896,43,33,1,25.02594,121.50651,9
500113008,20231102,897,43,33,1,25.02594,121.50651,9
500113008,20231102,898,43,33,1,25.02594,121.50651,9
500113008,20231102,899,43,34,1,25.02594,121.50651,8
500113008,20231102,901,43,35,1,25.02594,121.50651,7
500113008,20231102,902,43,35,1,25.02594,121.50651,7
500113008,20231102,903,43,35,1,25.02594,121.50651,7
500113008,20231102,904,43,35,1,25.02594,121.50651,7
500113008,20231102,905,43,34,1,25.02594,121.50651,8
500113008,20231102,907,43,34,1,25.02594,121.50651,8
500113008,20231102,908,43,34,1,25.02594,121.50651,8
500113008,20231102,909,43,34,1,25.02594,121.50651,8
500113008,20231102,911,43,34,1,25.02594,121.50651,8
500113008,20231102,912,43,34,1,25.02594,121.50651,8
500113008,20231102,913,43,35,1,25.02594,121.50651,7
500113008,20231102,914,43,35,1,25.02594,121.50651,7
500113008,20231102,915,43,35,1,25.02594,121.50651,7
500113008,20231102,916,43,35,1,25.02594,121.50651,7
500113008,20231102,917,43,35,1,25.02594,121.50651,7
500113008,20231102,918,43,35,1,25.02594,121.50651,7
500113008,20231102,919,43,35,1,25.02594,121.50651,7
500113008,20231102,921,43,35,1,25.02594,121.50651,7
500113008,20231102,922,43,35,1,25.02594,121.50651,7
500113008,20231102,923,43,36,1,25.02594,121.50651,6
500113008,20231102,924,43,36,1,25.02594,121.50651,6
500113008,20231102,925,43,36,1,25.02594,121.50651,6
500113008,20231102,926,43,36,1,25.02594,121.50651,6
500113008,20231102,927,43,36,1,25.02594,121.50651,6
500113008,20231102,928,43,36,1,25.02594,121.50651,6
500113008,20231102,929,43,36,1,25.02594,121.50651,6
500113008,20231102,931,43,36,1,25.02594,121.50651,6
500113008,20231102,932,43,36,1,25.02594,121.50651,6
500113008,20231102,933,43,36,1,25.02594,121.50651,6
500113008,20231102,934,43,36,1,25.02594,121.50651,6
500113008,20231102,935,43,36,1,25.02594,121.50651,6
500113008,20231102,936,43,36,1,25.02594,121.50651,6
500113008,20231102,937,43,36,1,25.02594,121.50651,6
500113008,20231102,938,43,36,1,25.02594,121.50651,6
500113008,20231102,939,43,36,1,25.02594,121.50651,6
500113008,20231102,941,43,36,1,25.02594,121.50651,6
500113008,20231102,942,43,37,1,25.02594,121.50651,5
500113008,20231102,943,43,37,1,25.02594,121.50651,5
500113008,20231102,944,43,37,1,25.02594,121.50651,5
500113008,20231102,945,43,36,1,25.02594,121.50651,6
500113008,20231102,946,43,38,1,25.02594,121.50651,4
500113008,20231102,947,43,38,1,25.02594,121.50651,4
500113008,20231102,948,43,38,1,25.02594,121.50651,4
500113008,20231102,949,43,38,1,25.02594,121.50651,4
500113008,20231102,951,43,38,1,25.02594,121.50651,4
500113008,20231102,952,43,39,1,25.02594,121.50651,3
500113008,20231102,953,43,39,1,25.02594,121.50651,3
500113008,20231102,954,43,39,1,25.02594,121.50651,3
500113008,20231102,955,43,39,1,25.02594,121.50651,3
500113008,20231102,956,43,38,1,25.02594,121.50651,4
500113008,20231102,957,43,38,1,25.02594,121.50651,4
500113008,20231102,958,43,38,1,25.02594,121.50651,4
500113008,20231102,959,43,38,1,25.02594,121.50651,4
500113008,20231102,961,43,38,1,25.02594,121.50651,4
500113008,20231102,962,43,38,1,25.02594,121.50651,4
500113008,20231102,963,43,38,1,25.02594,121.50651,4
500113008,20231102,964,43,38,1,25.02594,121.50651,4
500113008,20231102,965,43,37,1,25.02594,121.50651,5
500113008,20231102,966,43,37,1,25.02594,121.50651,5
500113008,20231102,967,43,37,1,25.02594,121.50651,5
500113008,20231102,968,43,38,1,25.02594,121.50651,4
500113008,20231102,969,43,38,1,25.02594,121.50651,4
500113008,20231102,971,43,38,1,25.02594,121.50651,4
500113008,20231102,972,43,36,1,25.02594,121.50651,6
500113008,20231102,973,43,36,1,25.02594,121.50651,6
500113008,20231102,974,43,36,1,25.02594,121.50651,6
500113008,20231102,975,43,36,1,25.02594,121.50651,6
500113008,20231102,976,43,36,1,25.02594,121.50651,6
500113008,20231102,977,43,36,1,25.02594,121.50651,6
500113008,20231102,978,43,36,1,25.02594,121.50651,6
500113008,20231102,979,43,36,1,25.02594,121.50651,6
500113008,20231102,981,43,35,1,25.02594,121.50651,7
500113008,20231102,982,43,35,1,25.02594,121.50651,7
500113008,20231102,983,43,35,1,25.02594,121.50651,7
500113008,20231102,984,43,35,1,25.02594,121.50651,7
500113008,20231102,985,43,35,1,25.02594,121.50651,7
500113008,20231102,986,43,34,1,25.02594,121.50651,8
500113008,20231102,987,43,34,1,25.02594,121.50651,8
500113008,20231102,988,43,34,1,25.02594,121.50651,8
500113008,20231102,989,43,34,1,25.02594,121.50651,8
500113008,20231102,991,43,34,1,25.02594,121.50651,8
500113008,20231102,992,43,34,1,25.02594,121.50651,8
500113008,20231102,993,43,34,1,25.02594,121.50651,8
500113008,20231102,994,43,34,1,25.02594,121.50651,8
500113008,20231102,995,43,34,1,25.02594,121.50651,8
500113008,20231102,996,43,33,1,25.02594,121.50651,9
500113008,20231102,998,43,33,1,25.02594,121.50651,9
500113008,20231102,999,43,32,1,25.02594,121.50651,10
500113008,20231102,1001,43,32,1,25.02594,121.50651,10
500113008,20231102,1002,43,32,1,25.02594,121.50651,10
500113008,20231102,1004,43,32,1,25.02594,121.50651,10
500113008,20231102,1005,43,31,1,25.02594,121.50651,11
500113008,20231102,1006,43,31,1,25.02594,121.50651,11
500113008,20231102,1007,43,31,1,25.02594,121.50651,11
500113008,20231102,1008,43,31,1,25.02594,121.50651,11
500113008,20231102,1009,43,31,1,25.02594,121.50651,11
500113008,20231102,1010,43,30,1,25.02594,121.50651,12
500113008,20231102,1011,43,30,1,25.02594,121.50651,12
500113008,20231102,1012,43,30,1,25.02594,121.50651,12
500113008,20231102,1013,43,30,1,25.02594,121.50651,12
500113008,20231102,1014,43,29,1,25.02594,121.50651,13
500113008,20231102,1015,43,29,1,25.02594,121.50651,13
500113008,20231102,1016,43,29,1,25.02594,121.50651,13
500113008,20231102,1017,43,29,1,25.02594,121.50651,13
500113008,20231102,1018,43,29,1,25.02594,121.50651,13
500113008,20231102,1019,43,30,1,25.02594,121.50651,12
500113008,20231102,1021,43,30,1,25.02594,121.50651,12
500113008,20231102,1022,43,31,1,25.02594,121.50651,11
500113008,20231102,1023,43,31,1,25.02594,121.50651,11
500113008,20231102,1024,43,31,1,25.02594,121.50651,11
500113008,20231102,1025,43,32,1,25.02594,121.50651,10
500113008,20231102,1026,43,32,1,25.02594,121.50651,10
500113008,20231102,1027,43,32,1,25.02594,121.50651,10
500113008,20231102,1028,43,32,1,25.02594,121.50651,10
500113008,20231102,1029,43,31,1,25.02594,121.50651,11
500113008,20231102,1030,43,31,1,25.02594,121.50651,11
500113008,20231102,1031,43,31,1,25.02594,121.50651,11
500113008,20231102,1032,43,31,1,25.02594,121.50651,11
500113008,20231102,1033,43,31,1,25.02594,121.50651,11
500113008,20231102,1034,43,31,1,25.02594,121.50651,11
500113008,20231102,1035,43,31,1,25.02594,121.50651,11
500113008,20231102,1036,43,31,1,25.02594,121.50651,11
500113008,20231102,1037,43,31,1,25.02594,121.50651,11
500113008,20231102,1038,43,32,1,25.02594,121.50651,10
500113008,20231102,1039,43,32,1,25.02594,121.50651,10
500113008,20231102,1041,43,33,1,25.02594,121.50651,9
500113008,20231102,1042,43,32,1,25.02594,121.50651,10
500113008,20231102,1043,43,33,1,25.02594,121.50651,9
500113008,20231102,1044,43,33,1,25.02594,121.50651,9
500113008,20231102,1045,43,32,1,25.02594,121.50651,10
500113008,20231102,1046,43,32,1,25.02594,121.50651,10
500113008,20231102,1047,43,33,1,25.02594,121.50651,9
500113008,20231102,1048,43,33,1,25.02594,121.50651,9
500113008,20231102,1049,43,33,1,25.02594,121.50651,9
500113008,20231102,1051,43,33,1,25.02594,121.50651,9
500113008,20231102,1052,43,33,1,25.02594,121.50651,9
500113008,20231102,1053,43,33,1,25.02594,121.50651,9
500113008,20231102,1054,43,34,1,25.02594,121.50651,8
500113008,20231102,1055,43,33,1,25.02594,121.50651,9
500113008,20231102,1056,43,32,1,25.02594,121.50651,10
500113008,20231102,1057,43,32,1,25.02594,121.50651,10
500113008,20231102,1058,43,32,1,25.02594,121.50651,10
500113008,20231102,1059,43,32,1,25.02594,121.50651,10
500113008,20231102,1060,43,33,1,25.02594,121.50651,9
500113008,20231102,1061,43,33,1,25.02594,121.50651,9
500113008,20231102,1062,43,33,1,25.02594,121.50651,9
500113008,20231102,1063,43,33,1,25.02594,121.50651,9
500113008,20231102,1064,43,33,1,25.02594,121.50651,9
500113008,20231102,1065,43,33,1,25.02594,121.50651,9
500113008,20231102,1066,43,33,1,25.02594,121.50651,9
500113008,20231102,1067,43,34,1,25.02594,121.50651,8
500113008,20231102,1068,43,36,1,25.02594,121.50651,6
500113008,20231102,1069,43,36,1,25.02594,121.50651,6
500113008,20231102,1070,43,33,1,25.02594,121.50651,9
500113008,20231102,1071,43,33,1,25.02594,121.50651,9
500113008,20231102,1072,43,34,1,25.02594,121.50651,8
500113008,20231102,1073,43,35,1,25.02594,121.50651,7
500113008,20231102,1074,43,35,1,25.02594,121.50651,7
500113008,20231102,1075,43,35,1,25.02594,121.50651,7
500113008,20231102,1076,43,34,1,25.02594,121.50651,8
500113008,20231102,1077,43,32,1,25.02594,121.50651,10
500113008,20231102,1078,43,31,1,25.02594,121.50651,11
500113008,20231102,1079,43,31,1,25.02594,121.50651,11
500113008,20231102,1081,43,32,1,25.02594,121.50651,10
500113008,20231102,1082,43,32,1,25.02594,121.50651,10
500113008,20231102,1083,43,34,1,25.02594,121.50651,8
500113008,20231102,1084,43,34,1,25.02594,121.50651,8
500113008,20231102,1085,43,34,1,25.02594,121.50651,8
500113008,20231102,1086,43,35,1,25.02594,121.50651,7
500113008,20231102,1087,43,35,1,25.02594,121.50651,7
500113008,20231102,1088,43,34,1,25.02594,121.50651,8
500113008,20231102,1089,43,34,1,25.02594,121.50651,8
500113008,20231102,1090,43,33,1,25.02594,121.50651,9
500113008,20231102,1091,43,33,1,25.02594,121.50651,9
500113008,20231102,1092,43,32,1,25.02594,121.50651,10
500113008,20231102,1093,43,34,1,25.02594,121.50651,8
500113008,20231102,1094,43,34,1,25.02594,121.50651,8
500113008,20231102,1095,43,33,1,25.02594,121.50651,9
500113008,20231102,1096,43,33,1,25.02594,121.50651,9
500113008,20231102,1097,43,33,1,25.02594,121.50651,9
500113008,20231102,1098,43,32,1,25.02594,121.50651,10
500113008,20231102,1099,43,32,1,25.02594,121.50651,10
500113008,20231102,1101,43,31,1,25.02594,121.50651,11
500113008,20231102,1102,43,31,1,25.02594,121.50651,11
500113008,20231102,1103,43,30,1,25.02594,121.50651,12
500113008,20231102,1104,43,31,1,25.02594,121.50651,11
500113008,20231102,1105,43,31,1,25.02594,121.50651,11
500113008,20231102,1106,43,31,1,25.02594,121.50651,11
500113008,20231102,1107,43,30,1,25.02594,121.50651,12
500113008,20231102,1108,43,31,1,25.02594,121.50651,11
500113008,20231102,1109,43,31,1,25.02594,121.50651,11
500113008,20231102,1111,43,32,1,25.02594,121.50651,10
500113008,20231102,1112,43,30,1,25.02594,121.50651,12
500113008,20231102,1113,43,30,1,25.02594,121.50651,12
500113008,20231102,1114,43,30,1,25.02594,121.50651,12
500113008,20231102,1115,43,30,1,25.02594,121.50651,12
500113008,20231102,1116,43,29,1,25.02594,121.50651,13
500113008,20231102,1117,43,29,1,25.02594,121.50651,13
500113008,20231102,1118,43,28,1,25.02594,121.50651,14
500113008,20231102,1119,43,27,1,25.02594,121.50651,15
500113008,20231102,1120,43,28,1,25.02594,121.50651,14
500113008,20231102,1121,43,28,1,25.02594,121.50651,14
500113008,20231102,1122,43,29,1,25.02594,121.50651,13
500113008,20231102,1123,43,30,1,25.02594,121.50651,12
500113008,20231102,1124,43,29,1,25.02594,121.50651,13
500113008,20231102,1125,43,30,1,25.02594,121.50651,12
500113008,20231102,1126,43,30,1,25.02594,121.50651,12
500113008,20231102,1127,43,29,1,25.02594,121.50651,13
500113008,20231102,1128,43,28,1,25.02594,121.50651,14
500113008,20231102,1129,43,28,1,25.02594,121.50651,14
500113008,20231102,1130,43,28,1,25.02594,121.50651,14
500113008,20231102,1131,43,28,1,25.02594,121.50651,14
500113008,20231102,1132,43,27,1,25.02594,121.50651,15
500113008,20231102,1133,43,26,1,25.02594,121.50651,16
500113008,20231102,1134,43,25,1,25.02594,121.50651,17
500113008,20231102,1135,43,25,1,25.02594,121.50651,17
500113008,20231102,1136,43,26,1,25.02594,121.50651,16
500113008,20231102,1137,43,25,1,25.02594,121.50651,17
500113008,20231102,1138,43,25,1,25.02594,121.50651,17
500113008,20231102,1139,43,24,1,25.02594,121.50651,18
500113008,20231102,1141,43,23,1,25.02594,121.50651,19
500113008,20231102,1142,43,24,1,25.02594,121.50651,18
500113008,20231102,1143,43,24,1,25.02594,121.50651,18
500113008,20231102,1144,43,25,1,25.02594,121.50651,17
500113008,20231102,1145,43,24,1,25.02594,121.50651,18
500113008,20231102,1146,43,25,1,25.02594,121.50651,17
500113008,20231102,1147,43,26,1,25.02594,121.50651,16
500113008,20231102,1148,43,26,1,25.02594,121.50651,16
500113008,20231102,1149,43,26,1,25.02594,121.50651,16
500113008,20231102,1150,43,26,1,25.02594,121.50651,16
500113008,20231102,1151,43,26,1,25.02594,121.50651,16
500113008,20231102,1152,43,26,1,25.02594,121.50651,16
500113008,20231102,1153,43,26,1,25.02594,121.50651,16
500113008,20231102,1154,43,25,1,25.02594,121.50651,17
500113008,20231102,1155,43,26,1,25.02594,121.50651,16
500113008,20231102,1156,43,26,1,25.02594,121.50651,16
500113008,20231102,1158,43,27,1,25.02594,121.50651,15
500113008,20231102,1159,43,27,1,25.02594,121.50651,15
500113008,20231102,1161,43,27,1,25.02594,121.50651,15
500113008,20231102,1162,43,25,1,25.02594,121.50651,17
500113008,20231102,1164,43,25,1,25.02594,121.50651,17
500113008,20231102,1165,43,25,1,25.02594,121.50651,17
500113008,20231102,1166,43,25,1,25.02594,121.50651,17
500113008,20231102,1168,43,25,1,25.02594,121.50651,17
500113008,20231102,1169,43,25,1,25.02594,121.50651,17
500113008,20231102,1171,43,26,1,25.02594,121.50651,16
500113008,20231102,1172,43,25,1,25.02594,121.50651,17
500113008,20231102,1174,43,23,1,25.02594,121.50651,19
500113008,20231102,1175,43,23,1,25.02594,121.50651,19
500113008,20231102,1176,43,22,1,25.02594,121.50651,20
500113008,20231102,1178,43,21,1,25.02594,121.50651,21
500113008,20231102,1179,43,21,1,25.02594,121.50651,21
500113008,20231102,1181,43,23,1,25.02594,121.50651,19
500113008,20231102,1182,43,23,1,25.02594,121.50651,19
500113008,20231102,1183,43,22,1,25.02594,121.50651,20
500113008,20231102,1184,43,22,1,25.02594,121.50651,20
500113008,20231102,1186,43,22,1,25.02594,121.50651,20
500113008,20231102,1188,43,22,1,25.02594,121.50651,20
500113008,20231102,1189,43,22,1,25.02594,121.50651,20
500113008,20231102,1191,43,22,1,25.02594,121.50651,20
500113008,20231102,1192,43,21,1,25.02594,121.50651,21
500113008,20231102,1193,43,21,1,25.02594,121.50651,21
500113008,20231102,1195,43,21,1,25.02594,121.50651,21
500113008,20231102,1196,43,21,1,25.02594,121.50651,21
500113008,20231102,1197,43,21,1,25.02594,121.50651,21
500113008,20231102,1198,43,21,1,25.02594,121.50651,21
500113008,20231102,1199,43,21,1,25.02594,121.50651,21
500113008,20231102,1202,43,20,1,25.02594,121.50651,22
500113008,20231102,1203,43,20,1,25.02594,121.50651,22
500113008,20231102,1204,43,20,1,25.02594,121.50651,22
500113008,20231102,1205,43,20,1,25.02594,121.50651,22
500113008,20231102,1207,43,20,1,25.02594,121.50651,22
500113008,20231102,1208,43,20,1,25.02594,121.50651,22
500113008,20231102,1209,43,19,1,25.02594,121.50651,23
500113008,20231102,1210,43,19,1,25.02594,121.50651,23
500113008,20231102,1212,43,19,1,25.02594,121.50651,23
500113008,20231102,1213,43,19,1,25.02594,121.50651,23
500113008,20231102,1214,43,19,1,25.02594,121.50651,23
500113008,20231102,1216,43,19,1,25.02594,121.50651,23
500113008,20231102,1217,43,19,1,25.02594,121.50651,23
500113008,20231102,1218,43,20,1,25.02594,121.50651,22
500113008,20231102,1219,43,20,1,25.02594,121.50651,22
500113008,20231102,1221,43,20,1,25.02594,121.50651,22
500113008,20231102,1222,43,20,1,25.02594,121.50651,22
500113008,20231102,1223,43,20,1,25.02594,121.50651,22
500113008,20231102,1224,43,20,1,25.02594,121.50651,22
500113008,20231102,1225,43,20,1,25.02594,121.50651,22
500113008,20231102,1226,43,20,1,25.02594,121.50651,22
500113008,20231102,1227,43,20,1,25.02594,121.50651,22
500113008,20231102,1228,43,20,1,25.02594,121.50651,22
500113008,20231102,1229,43,20,1,25.02594,121.50651,22
500113008,20231102,1231,43,19,1,25.02594,121.50651,23
500113008,20231102,1232,43,19,1,25.02594,121.50651,23
500113008,20231102,1234,43,18,1,25.02594,121.50651,24
500113008,20231102,1235,43,18,1,25.02594,121.50651,24
500113008,20231102,1236,43,18,1,25.02594,121.50651,24
500113008,20231102,1237,43,18,1,25.02594,121.50651,24
500113008,20231102,1238,43,18,1,25.02594,121.50651,24
500113008,20231102,1239,43,17,1,25.02594,121.50651,25
500113008,20231102,1241,43,17,1,25.02594,121.50651,25
500113008,20231102,1242,43,17,1,25.02594,121.50651,25
500113008,20231102,1243,43,17,1,25.02594,121.50651,25
500113008,20231102,1244,43,17,1,25.02594,121.50651,25
500113008,20231102,1245,43,17,1,25.02594,121.50651,25
500113008,20231102,1246,43,17,1,25.02594,121.50651,25
500113008,20231102,1247,43,17,1,25.02594,121.50651,25
500113008,20231102,1248,43,17,1,25.02594,121.50651,25
500113008,20231102,1249,43,17,1,25.02594,121.50651,25
500113008,20231102,1251,43,19,1,25.02594,121.50651,23
500113008,20231102,1252,43,19,1,25.02594,121.50651,23
500113008,20231102,1253,43,20,1,25.02594,121.50651,22
500113008,20231102,1254,43,20,1,25.02594,121.50651,22
500113008,20231102,1255,43,20,1,25.02594,121.50651,22
500113008,20231102,1256,43,20,1,25.02594,121.50651,22
500113008,20231102,1257,43,20,1,25.02594,121.50651,22
500113008,20231102,1258,43,20,1,25.02594,121.50651,22
500113008,20231102,1259,43,20,1,25.02594,121.50651,22
500113008,20231102,1261,43,19,1,25.02594,121.50651,23
500113008,20231102,1262,43,19,1,25.02594,121.50651,23
500113008,20231102,1263,43,16,1,25.02594,121.50651,26
500113008,20231102,1264,43,16,1,25.02594,121.50651,26
500113008,20231102,1265,43,16,1,25.02594,121.50651,26
500113008,20231102,1266,43,16,1,25.02594,121.50651,26
500113008,20231102,1267,43,15,1,25.02594,121.50651,27
500113008,20231102,1268,43,15,1,25.02594,121.50651,27
500113008,20231102,1269,43,16,1,25.02594,121.50651,26
500113008,20231102,1271,43,18,1,25.02594,121.50651,24
500113008,20231102,1272,43,18,1,25.02594,121.50651,24
500113008,20231102,1273,43,18,1,25.02594,121.50651,24
500113008,20231102,1274,43,18,1,25.02594,121.50651,24
500113008,20231102,1275,43,18,1,25.02594,121.50651,24
500113008,20231102,1276,43,18,1,25.02594,121.50651,24
500113008,20231102,1277,43,18,1,25.02594,121.50651,24
500113008,20231102,1278,43,17,1,25.02594,121.50651,25
500113008,20231102,1279,43,17,1,25.02594,121.50651,25
500113008,20231102,1281,43,18,1,25.02594,121.50651,24
500113008,20231102,1282,43,18,1,25.02594,121.50651,24
500113008,20231102,1283,43,18,1,25.02594,121.50651,24
500113008,20231102,1284,43,18,1,25.02594,121.50651,24
500113008,20231102,1285,43,18,1,25.02594,121.50651,24
500113008,20231102,1286,43,19,1,25.02594,121.50651,23
500113008,20231102,1287,43,19,1,25.02594,121.50651,23
500113008,20231102,1288,43,20,1,25.02594,121.50651,22
500113008,20231102,1289,43,20,1,25.02594,121.50651,22
500113008,20231102,1291,43,20,1,25.02594,121.50651,22
500113008,20231102,1292,43,20,1,25.02594,121.50651,22
500113008,20231102,1293,43,20,1,25.02594,121.50651,22
500113008,20231102,1294,43,20,1,25.02594,121.50651,22
500113008,20231102,1295,43,20,1,25.02594,121.50651,22
500113008,20231102,1296,43,20,1,25.02594,121.50651,22
500113008,20231102,1297,43,20,1,25.02594,121.50651,22
500113008,20231102,1298,43,20,1,25.02594,121.50651,22
500113008,20231102,1299,43,20,1,25.02594,121.50651,22
500113008,20231102,1300,43,20,1,25.02594,121.50651,22
500113008,20231102,1301,43,20,1,25.02594,121.50651,22
500113008,20231102,1302,43,20,1,25.02594,121.50651,22
500113008,20231102,1303,43,20,1,25.02594,121.50651,22
500113008,20231102,1304,43,20,1,25.02594,121.50651,22
500113008,20231102,1305,43,20,1,25.02594,121.50651,22
500113008,20231102,1306,43,20,1,25.02594,121.50651,22
500113008,20231102,1307,43,20,1,25.02594,121.50651,22
500113008,20231102,1308,43,20,1,25.02594,121.50651,22
500113008,20231102,1309,43,20,1,25.02594,121.50651,22
500113008,20231102,1310,43,20,1,25.02594,121.50651,22
500113008,20231102,1311,43,20,1,25.02594,121.50651,22
500113008,20231102,1312,43,20,1,25.02594,121.50651,22
500113008,20231102,1313,43,20,1,25.02594,121.50651,22
500113008,20231102,1314,43,21,1,25.02594,121.50651,21
500113008,20231102,1315,43,21,1,25.02594,121.50651,21
500113008,20231102,1316,43,20,1,25.02594,121.50651,22
500113008,20231102,1317,43,20,1,25.02594,121.50651,22
500113008,20231102,1318,43,20,1,25.02594,121.50651,22
500113008,20231102,1319,43,20,1,25.02594,121.50651,22
500113008,20231102,1321,43,20,1,25.02594,121.50651,22
500113008,20231102,1322,43,20,1,25.02594,121.50651,22
500113008,20231102,1323,43,20,1,25.02594,121.50651,22
500113008,20231102,1324,43,20,1,25.02594,121.50651,22
500113008,20231102,1325,43,20,1,25.02594,121.50651,22
500113008,20231102,1326,43,20,1,25.02594,121.50651,22
500113008,20231102,1327,43,20,1,25.02594,121.50651,22
500113008,20231102,1328,43,20,1,25.02594,121.50651,22
500113008,20231102,1329,43,20,1,25.02594,121.50651,22
500113008,20231102,1330,43,20,1,25.02594,121.50651,22
500113008,20231102,1331,43,20,1,25.02594,121.50651,22
500113008,20231102,1332,43,19,1,25.02594,121.50651,23
500113008,20231102,1333,43,19,1,25.02594,121.50651,23
500113008,20231102,1334,43,19,1,25.02594,121.50651,23
500113008,20231102,1335,43,19,1,25.02594,121.50651,23
500113008,20231102,1336,43,19,1,25.02594,121.50651,23
500113008,20231102,1337,43,19,1,25.02594,121.50651,23
500113008,20231102,1338,43,19,1,25.02594,121.50651,23
500113008,20231102,1339,43,19,1,25.02594,121.50651,23
500113008,20231102,1341,43,19,1,25.02594,121.50651,23
500113008,20231102,1342,43,19,1,25.02594,121.50651,23
500113008,20231102,1343,43,19,1,25.02594,121.50651,23
500113008,20231102,1344,43,19,1,25.02594,121.50651,23
500113008,20231102,1345,43,19,1,25.02594,121.50651,23
500113008,20231102,1346,43,19,1,25.02594,121.50651,23
500113008,20231102,1347,43,19,1,25.02594,121.50651,23
500113008,20231102,1348,43,19,1,25.02594,121.50651,23
500113008,20231102,1349,43,19,1,25.02594,121.50651,23
500113008,20231102,1350,43,19,1,25.02594,121.50651,23
500113008,20231102,1351,43,19,1,25.02594,121.50651,23
500113008,20231102,1352,43,19,1,25.02594,121.50651,23
500113008,20231102,1353,43,19,1,25.02594,121.50651,23
500113008,20231102,1354,43,19,1,25.02594,121.50651,23
500113008,20231102,1355,43,18,1,25.02594,121.50651,24
500113008,20231102,1356,43,18,1,25.02594,121.50651,24
500113008,20231102,1357,43,18,1,25.02594,121.50651,24
500113008,20231102,1358,43,18,1,25.02594,121.50651,24
500113008,20231102,1359,43,18,1,25.02594,121.50651,24
500113008,20231102,1360,43,18,1,25.02594,121.50651,24
500113008,20231102,1361,43,18,1,25.02594,121.50651,24
500113008,20231102,1362,43,18,1,25.02594,121.50651,24
500113008,20231102,1363,43,18,1,25.02594,121.50651,24
500113008,20231102,1364,43,18,1,25.02594,121.50651,24
500113008,20231102,1365,43,18,1,25.02594,121.50651,24
500113008,20231102,1366,43,18,1,25.02594,121.50651,24
500113008,20231102,1367,43,18,1,25.02594,121.50651,24
500113008,20231102,1368,43,18,1,25.02594,121.50651,24
500113008,20231102,1369,43,18,1,25.02594,121.50651,24
500113008,20231102,1370,43,18,1,25.02594,121.50651,24
500113008,20231102,1371,43,18,1,25.02594,121.50651,24
500113008,20231102,1372,43,18,1,25.02594,121.50651,24
500113008,20231102,1373,43,18,1,25.02594,121.50651,24
500113008,20231102,1374,43,18,1,25.02594,121.50651,24
500113008,20231102,1375,43,18,1,25.02594,121.50651,24
500113008,20231102,1376,43,18,1,25.02594,121.50651,24
500113008,20231102,1377,43,17,1,25.02594,121.50651,25
500113008,20231102,1378,43,17,1,25.02594,121.50651,25
500113008,20231102,1379,43,17,1,25.02594,121.50651,25
500113008,20231102,1381,43,17,1,25.02594,121.50651,25
500113008,20231102,1382,43,17,1,25.02594,121.50651,25
500113008,20231102,1383,43,17,1,25.02594,121.50651,25
500113008,20231102,1384,43,17,1,25.02594,121.50651,25
500113008,20231102,1385,43,17,1,25.02594,121.50651,25
500113008,20231102,1386,43,17,1,25.02594,121.50651,25
500113008,20231102,1387,43,17,1,25.02594,121.50651,25
500113008,20231102,1388,43,17,1,25.02594,121.50651,25
500113008,20231102,1389,43,17,1,25.02594,121.50651,25
500113008,20231102,1390,43,17,1,25.02594,121.50651,25
500113008,20231102,1391,43,17,1,25.02594,121.50651,25
500113008,20231102,1392,43,17,1,25.02594,121.50651,25
500113008,20231102,1393,43,17,1,25.02594,121.50651,25
500113008,20231102,1394,43,18,1,25.02594,121.50651,24
500113008,20231102,1395,43,18,1,25.02594,121.50651,24
500113008,20231102,1396,43,18,1,25.02594,121.50651,24
500113008,20231102,1397,43,18,1,25.02594,121.50651,24
500113008,20231102,1398,43,18,1,25.02594,121.50651,24
500113008,20231102,1399,43,19,1,25.02594,121.50651,23
500113008,20231102,1401,43,17,1,25.02594,121.50651,25
500113008,20231102,1402,43,17,1,25.02594,121.50651,25
500113008,20231102,1403,43,17,1,25.02594,121.50651,25
500113008,20231102,1404,43,17,1,25.02594,121.50651,25
500113008,20231102,1405,43,17,1,25.02594,121.50651,25
500113008,20231102,1406,43,17,1,25.02594,121.50651,25
500113008,20231102,1407,43,17,1,25.02594,121.50651,25
500113008,20231102,1408,43,17,1,25.02594,121.50651,25
500113008,20231102,1409,43,17,1,25.02594,121.50651,25
500113008,20231102,1410,43,17,1,25.02594,121.50651,25
500113008,20231102,1411,43,17,1,25.02594,121.50651,25
500113008,20231102,1412,43,17,1,25.02594,121.50651,25
500113008,20231102,1413,43,17,1,25.02594,121.50651,25
500113008,20231102,1414,43,17,1,25.02594,121.50651,25
500113008,20231102,1415,43,17,1,25.02594,121.50651,25
500113008,20231102,1416,43,17,1,25.02594,121.50651,25
500113008,20231102,1417,43,17,1,25.02594,121.50651,25
500113008,20231102,1418,43,17,1,25.02594,121.50651,25
500113008,20231102,1419,43,17,1,25.02594,121.50651,25
500113008,20231102,1420,43,17,1,25.02594,121.50651,25
500113008,20231102,1421,43,17,1,25.02594,121.50651,25
500113008,20231102,1422,43,17,1,25.02594,121.50651,25
500113008,20231102,1423,43,17,1,25.02594,121.50651,25
500113008,20231102,1425,43,17,1,25.02594,121.50651,25
500113008,20231102,1426,43,17,1,25.02594,121.50651,25
500113008,20231102,1427,43,17,1,25.02594,121.50651,25
500113008,20231102,1428,43,17,1,25.02594,121.50651,25
500113008,20231102,1429,43,17,1,25.02594,121.50651,25
500113008,20231102,1431,43,17,1,25.02594,121.50651,25
500113008,20231102,1432,43,17,1,25.02594,121.50651,25
500113008,20231102,1433,43,17,1,25.02594,121.50651,25
500113008,20231102,1434,43,17,1,25.02594,121.50651,25
500113008,20231102,1435,43,17,1,25.02594,121.50651,25
500113008,20231102,1436,43,17,1,25.02594,121.50651,25
500113008,20231102,1437,43,17,1,25.02594,121.50651,25
500113008,20231102,1438,43,17,1,25.02594,121.50651,25
500113008,20231102,1439,43,17,1,25.02594,121.50651,25
500113008,20231103,1,43,17,1,25.02594,121.50651,25
500113008,20231103,2,43,17,1,25.02594,121.50651,25
500113008,20231103,3,43,17,1,25.02594,121.50651,25
500113008,20231103,4,43,17,1,25.02594,121.50651,25
500113008,20231103,5,43,17,1,25.02594,121.50651,25
500113008,20231103,6,43,17,1,25.02594,121.50651,25
500113008,20231103,7,43,17,1,25.02594,121.50651,25
500113008,20231103,8,43,17,1,25.02594,121.50651,25
500113008,20231103,9,43,17,1,25.02594,121.50651,25
500113008,20231103,11,43,17,1,25.02594,121.50651,25
500113008,20231103,12,43,17,1,25.02594,121.50651,25
500113008,20231103,13,43,17,1,25.02594,121.50651,25
500113008,20231103,14,43,17,1,25.02594,121.50651,25
500113008,20231103,15,43,17,1,25.02594,121.50651,25
500113008,20231103,16,43,17,1,25.02594,121.50651,25
500113008,20231103,17,43,18,1,25.02594,121.50651,24
500113008,20231103,18,43,18,1,25.02594,121.50651,24
500113008,20231103,19,43,19,1,25.02594,121.50651,23
500113008,20231103,21,43,19,1,25.02594,121.50651,23
500113008,20231103,22,43,19,1,25.02594,121.50651,23
500113008,20231103,23,43,19,1,25.02594,121.50651,23
500113008,20231103,24,43,19,1,25.02594,121.50651,23
500113008,20231103,25,43,18,1,25.02594,121.50651,24
500113008,20231103,26,43,18,1,25.02594,121.50651,24
500113008,20231103,27,43,18,1,25.02594,121.50651,24
500113008,20231103,28,43,18,1,25.02594,121.50651,24
500113008,20231103,29,43,18,1,25.02594,121.50651,24
500113008,20231103,31,43,18,1,25.02594,121.50651,24
500113008,20231103,32,43,18,1,25.02594,121.50651,24
500113008,20231103,33,43,18,1,25.02594,121.50651,24
500113008,20231103,34,43,18,1,25.02594,121.50651,24
500113008,20231103,35,43,18,1,25.02594,121.50651,24
500113008,20231103,36,43,18,1,25.02594,121.50651,24
500113008,20231103,37,43,18,1,25.02594,121.50651,24
500113008,20231103,39,43,18,1,25.02594,121.50651,24
500113008,20231103,40,43,18,1,25.02594,121.50651,24
500113008,20231103,42,43,18,1,25.02594,121.50651,24
500113008,20231103,43,43,18,1,25.02594,121.50651,24
500113008,20231103,44,43,18,1,25.02594,121.50651,24
500113008,20231103,45,43,18,1,25.02594,121.50651,24
500113008,20231103,46,43,18,1,25.02594,121.50651,24
500113008,20231103,47,43,17,1,25.02594,121.50651,25
500113008,20231103,48,43,17,1,25.02594,121.50651,25
500113008,20231103,49,43,17,1,25.02594,121.50651,25
500113008,20231103,51,43,17,1,25.02594,121.50651,25
500113008,20231103,52,43,17,1,25.02594,121.50651,25
500113008,20231103,53,43,17,1,25.02594,121.50651,25
500113008,20231103,54,43,16,1,25.02594,121.50651,26
500113008,20231103,55,43,16,1,25.02594,121.50651,26
500113008,20231103,56,43,16,1,25.02594,121.50651,26
500113008,20231103,57,43,16,1,25.02594,121.50651,26
500113008,20231103,58,43,16,1,25.02594,121.50651,26
500113008,20231103,59,43,16,1,25.02594,121.50651,26
500113008,20231103,61,43,16,1,25.02594,121.50651,26
500113008,20231103,62,43,16,1,25.02594,121.50651,26
500113008,20231103,63,43,16,1,25.02594,121.50651,26
500113008,20231103,65,43,16,1,25.02594,121.50651,26
500113008,20231103,66,43,16,1,25.02594,121.50651,26
500113008,20231103,67,43,16,1,25.02594,121.50651,26
500113008,20231103,68,43,16,1,25.02594,121.50651,26
500113008,20231103,69,43,16,1,25.02594,121.50651,26
500113008,20231103,71,43,16,1,25.02594,121.50651,26
500113008,20231103,72,43,16,1,25.02594,121.50651,26
500113008,20231103,73,43,16,1,25.02594,121.50651,26
500113008,20231103,74,43,16,1,25.02594,121.50651,26
500113008,20231103,75,43,16,1,25.02594,121.50651,26
500113008,20231103,76,43,16,1,25.02594,121.50651,26
500113008,20231103,77,43,16,1,25.02594,121.50651,26
500113008,20231103,78,43,16,1,25.02594,121.50651,26
500113008,20231103,79,43,16,1,25.02594,121.50651,26
500113008,20231103,81,43,16,1,25.02594,121.50651,26
500113008,20231103,82,43,16,1,25.02594,121.50651,26
500113008,20231103,83,43,16,1,25.02594,121.50651,26
500113008,20231103,84,43,16,1,25.02594,121.50651,26
500113008,20231103,85,43,16,1,25.02594,121.50651,26
500113008,20231103,86,43,16,1,25.02594,121.50651,26
500113008,20231103,87,43,16,1,25.02594,121.50651,26
500113008,20231103,88,43,16,1,25.02594,121.50651,26
500113008,20231103,89,43,16,1,25.02594,121.50651,26
500113008,20231103,90,43,16,1,25.02594,121.50651,26
500113008,20231103,91,43,16,1,25.02594,121.50651,26
500113008,20231103,92,43,16,1,25.02594,121.50651,26
500113008,20231103,93,43,16,1,25.02594,121.50651,26
500113008,20231103,94,43,16,1,25.02594,121.50651,26
500113008,20231103,95,43,16,1,25.02594,121.50651,26
500113008,20231103,96,43,16,1,25.02594,121.50651,26
500113008,20231103,97,43,16,1,25.02594,121.50651,26
500113008,20231103,98,43,16,1,25.02594,121.50651,26
500113008,20231103,99,43,16,1,25.02594,121.50651,26
500113008,20231103,100,43,16,1,25.02594,121.50651,26
500113008,20231103,101,43,16,1,25.02594,121.50651,26
500113008,20231103,102,43,16,1,25.02594,121.50651,26
500113008,20231103,103,43,16,1,25.02594,121.50651,26
500113008,20231103,104,43,16,1,25.02594,121.50651,26
500113008,20231103,105,43,16,1,25.02594,121.50651,26
500113008,20231103,106,43,16,1,25.02594,121.50651,26
500113008,20231103,107,43,16,1,25.02594,121.50651,26
500113008,20231103,108,43,16,1,25.02594,121.50651,26
500113008,20231103,109,43,16,1,25.02594,121.50651,26
500113008,20231103,110,43,16,1,25.02594,121.50651,26
500113008,20231103,111,43,16,1,25.02594,121.50651,26
500113008,20231103,112,43,16,1,25.02594,121.50651,26
500113008,20231103,113,43,16,1,25.02594,121.50651,26
500113008,20231103,114,43,16,1,25.02594,121.50651,26
500113008,20231103,115,43,16,1,25.02594,121.50651,26
500113008,20231103,116,43,16,1,25.02594,121.50651,26
500113008,20231103,117,43,16,1,25.02594,121.50651,26
500113008,20231103,118,43,16,1,25.02594,121.50651,26
500113008,20231103,119,43,16,1,25.02594,121.50651,26
500113008,20231103,121,43,16,1,25.02594,121.50651,26
500113008,20231103,122,43,16,1,25.02594,121.50651,26
500113008,20231103,123,43,16,1,25.02594,121.50651,26
500113008,20231103,124,43,16,1,25.02594,121.50651,26
500113008,20231103,125,43,16,1,25.02594,121.50651,26
500113008,20231103,126,43,16,1,25.02594,121.50651,26
500113008,20231103,127,43,16,1,25.02594,121.50651,26
500113008,20231103,128,43,16,1,25.02594,121.50651,26
500113008,20231103,129,43,16,1,25.02594,121.50651,26
500113008,20231103,130,43,16,1,25.02594,121.50651,26
500113008,20231103,131,43,16,1,25.02594,121.50651,26
500113008,20231103,132,43,16,1,25.02594,121.50651,26
500113008,20231103,133,43,16,1,25.02594,121.50651,26
500113008,20231103,134,43,16,1,25.02594,121.50651,26
500113008,20231103,135,43,16,1,25.02594,121.50651,26
500113008,20231103,136,43,16,1,25.02594,121.50651,26
500113008,20231103,137,43,16,1,25.02594,121.50651,26
500113008,20231103,138,43,16,1,25.02594,121.50651,26
500113008,20231103,139,43,16,1,25.02594,121.50651,26
500113008,20231103,141,43,16,1,25.02594,121.50651,26
500113008,20231103,142,43,16,1,25.02594,121.50651,26
500113008,20231103,143,43,16,1,25.02594,121.50651,26
500113008,20231103,144,43,16,1,25.02594,121.50651,26
500113008,20231103,145,43,16,1,25.02594,121.50651,26
500113008,20231103,146,43,16,1,25.02594,121.50651,26
500113008,20231103,147,43,16,1,25.02594,121.50651,26
500113008,20231103,148,43,16,1,25.02594,121.50651,26
500113008,20231103,149,43,16,1,25.02594,121.50651,26
500113008,20231103,150,43,16,1,25.02594,121.50651,26
500113008,20231103,151,43,16,1,25.02594,121.50651,26
500113008,20231103,152,43,16,1,25.02594,121.50651,26
500113008,20231103,153,43,16,1,25.02594,121.50651,26
500113008,20231103,154,43,16,1,25.02594,121.50651,26
500113008,20231103,155,43,16,1,25.02594,121.50651,26
500113008,20231103,156,43,16,1,25.02594,121.50651,26
500113008,20231103,157,43,16,1,25.02594,121.50651,26
500113008,20231103,158,43,16,1,25.02594,121.50651,26
500113008,20231103,159,43,16,1,25.02594,121.50651,26
500113008,20231103,160,43,16,1,25.02594,121.50651,26
500113008,20231103,161,43,16,1,25.02594,121.50651,26
500113008,20231103,162,43,16,1,25.02594,121.50651,26
500113008,20231103,163,43,16,1,25.02594,121.50651,26
500113008,20231103,164,43,16,1,25.02594,121.50651,26
500113008,20231103,165,43,16,1,25.02594,121.50651,26
500113008,20231103,166,43,16,1,25.02594,121.50651,26
500113008,20231103,167,43,16,1,25.02594,121.50651,26
500113008,20231103,168,43,16,1,25.02594,121.50651,26
500113008,20231103,169,43,16,1,25.02594,121.50651,26
500113008,20231103,170,43,16,1,25.02594,121.50651,26
500113008,20231103,171,43,16,1,25.02594,121.50651,26
500113008,20231103,172,43,16,1,25.02594,121.50651,26
500113008,20231103,173,43,16,1,25.02594,121.50651,26
500113008,20231103,174,43,16,1,25.02594,121.50651,26
500113008,20231103,175,43,16,1,25.02594,121.50651,26
500113008,20231103,176,43,16,1,25.02594,121.50651,26
500113008,20231103,177,43,16,1,25.02594,121.50651,26
500113008,20231103,178,43,16,1,25.02594,121.50651,26
500113008,20231103,179,43,16,1,25.02594,121.50651,26
500113008,20231103,180,43,16,1,25.02594,121.50651,26
500113008,20231103,181,43,16,1,25.02594,121.50651,26
500113008,20231103,182,43,16,1,25.02594,121.50651,26
500113008,20231103,183,43,16,1,25.02594,121.50651,26
500113008,20231103,184,43,16,1,25.02594,121.50651,26
500113008,20231103,185,43,16,1,25.02594,121.50651,26
500113008,20231103,186,43,16,1,25.02594,121.50651,26
500113008,20231103,187,43,16,1,25.02594,121.50651,26
500113008,20231103,188,43,16,1,25.02594,121.50651,26
500113008,20231103,189,43,16,1,25.02594,121.50651,26
500113008,20231103,190,43,16,1,25.02594,121.50651,26
500113008,20231103,191,43,16,1,25.02594,121.50651,26
500113008,20231103,192,43,16,1,25.02594,121.50651,26
500113008,20231103,193,43,16,1,25.02594,121.50651,26
500113008,20231103,194,43,16,1,25.02594,121.50651,26
500113008,20231103,195,43,16,1,25.02594,121.50651,26
500113008,20231103,196,43,16,1,25.02594,121.50651,26
500113008,20231103,197,43,16,1,25.02594,121.50651,26
500113008,20231103,198,43,16,1,25.02594,121.50651,26
500113008,20231103,199,43,16,1,25.02594,121.50651,26
500113008,20231103,201,43,16,1,25.02594,121.50651,26
500113008,20231103,202,43,16,1,25.02594,121.50651,26
500113008,20231103,203,43,16,1,25.02594,121.50651,26
500113008,20231103,204,43,16,1,25.02594,121.50651,26
500113008,20231103,205,43,16,1,25.02594,121.50651,26
500113008,20231103,206,43,16,1,25.02594,121.50651,26
500113008,20231103,207,43,16,1,25.02594,121.50651,26
500113008,20231103,208,43,16,1,25.02594,121.50651,26
500113008,20231103,209,43,16,1,25.02594,121.50651,26
500113008,20231103,210,43,16,1,25.02594,121.50651,26
500113008,20231103,211,43,16,1,25.02594,121.50651,26
500113008,20231103,212,43,16,1,25.02594,121.50651,26
500113008,20231103,213,43,16,1,25.02594,121.50651,26
500113008,20231103,214,43,16,1,25.02594,121.50651,26
500113008,20231103,215,43,16,1,25.02594,121.50651,26
500113008,20231103,216,43,16,1,25.02594,121.50651,26
500113008,20231103,217,43,16,1,25.02594,121.50651,26
500113008,20231103,218,43,16,1,25.02594,121.50651,26
500113008,20231103,219,43,16,1,25.02594,121.50651,26
500113008,20231103,220,43,16,1,25.02594,121.50651,26
500113008,20231103,221,43,16,1,25.02594,121.50651,26
500113008,20231103,222,43,16,1,25.02594,121.50651,26
500113008,20231103,223,43,16,1,25.02594,121.50651,26
500113008,20231103,224,43,16,1,25.02594,121.50651,26
500113008,20231103,225,43,16,1,25.02594,121.50651,26
500113008,20231103,226,43,16,1,25.02594,121.50651,26
500113008,20231103,227,43,16,1,25.02594,121.50651,26
500113008,20231103,228,43,16,1,25.02594,121.50651,26
500113008,20231103,229,43,16,1,25.02594,121.50651,26
500113008,20231103,230,43,16,1,25.02594,121.50651,26
500113008,20231103,231,43,16,1,25.02594,121.50651,26
500113008,20231103,232,43,16,1,25.02594,121.50651,26
500113008,20231103,233,43,16,1,25.02594,121.50651,26
500113008,20231103,235,43,16,1,25.02594,121.50651,26
500113008,20231103,236,43,16,1,25.02594,121.50651,26
500113008,20231103,237,43,16,1,25.02594,121.50651,26
500113008,20231103,238,43,16,1,25.02594,121.50651,26
500113008,20231103,239,43,16,1,25.02594,121.50651,26
500113008,20231103,241,43,16,1,25.02594,121.50651,26
500113008,20231103,242,43,16,1,25.02594,121.50651,26
500113008,20231103,243,43,16,1,25.02594,121.50651,26
500113008,20231103,244,43,16,1,25.02594,121.50651,26
500113008,20231103,245,43,16,1,25.02594,121.50651,26
500113008,20231103,246,43,16,1,25.02594,121.50651,26
500113008,20231103,247,43,16,1,25.02594,121.50651,26
500113008,20231103,248,43,16,1,25.02594,121.50651,26
500113008,20231103,249,43,16,1,25.02594,121.50651,26
500113008,20231103,251,43,16,1,25.02594,121.50651,26
500113008,20231103,252,43,16,1,25.02594,121.50651,26
500113008,20231103,253,43,16,1,25.02594,121.50651,26
500113008,20231103,254,43,16,1,25.02594,121.50651,26
500113008,20231103,255,43,16,1,25.02594,121.50651,26
500113008,20231103,256,43,16,1,25.02594,121.50651,26
500113008,20231103,257,43,16,1,25.02594,121.50651,26
500113008,20231103,258,43,16,1,25.02594,121.50651,26
500113008,20231103,259,43,17,1,25.02594,121.50651,25
500113008,20231103,261,43,17,1,25.02594,121.50651,25
500113008,20231103,262,43,17,1,25.02594,121.50651,25
500113008,20231103,263,43,17,1,25.02594,121.50651,25
500113008,20231103,264,43,17,1,25.02594,121.50651,25
500113008,20231103,265,43,17,1,25.02594,121.50651,25
500113008,20231103,266,43,17,1,25.02594,121.50651,25
500113008,20231103,267,43,17,1,25.02594,121.50651,25
500113008,20231103,268,43,17,1,25.02594,121.50651,25
500113008,20231103,269,43,17,1,25.02594,121.50651,25
500113008,20231103,270,43,17,1,25.02594,121.50651,25
500113008,20231103,272,43,17,1,25.02594,121.50651,25
500113008,20231103,273,43,17,1,25.02594,121.50651,25
500113008,20231103,274,43,17,1,25.02594,121.50651,25
500113008,20231103,275,43,17,1,25.02594,121.50651,25
500113008,20231103,276,43,17,1,25.02594,121.50651,25
500113008,20231103,277,43,17,1,25.02594,121.50651,25
500113008,20231103,278,43,17,1,25.02594,121.50651,25
500113008,20231103,279,43,17,1,25.02594,121.50651,25
500113008,20231103,281,43,17,1,25.02594,121.50651,25
500113008,20231103,282,43,17,1,25.02594,121.50651,25
500113008,20231103,283,43,16,1,25.02594,121.50651,26
500113008,20231103,284,43,16,1,25.02594,121.50651,26
500113008,20231103,285,43,16,1,25.02594,121.50651,26
500113008,20231103,286,43,16,1,25.02594,121.50651,26
500113008,20231103,287,43,16,1,25.02594,121.50651,26
500113008,20231103,288,43,16,1,25.02594,121.50651,26
500113008,20231103,289,43,16,1,25.02594,121.50651,26
500113008,20231103,291,43,16,1,25.02594,121.50651,26
500113008,20231103,292,43,16,1,25.02594,121.50651,26
500113008,20231103,293,43,16,1,25.02594,121.50651,26
500113008,20231103,294,43,16,1,25.02594,121.50651,26
500113008,20231103,295,43,16,1,25.02594,121.50651,26
500113008,20231103,296,43,15,1,25.02594,121.50651,27
500113008,20231103,297,43,15,1,25.02594,121.50651,27
500113008,20231103,298,43,15,1,25.02594,121.50651,27
500113008,20231103,299,43,15,1,25.02594,121.50651,27
500113008,20231103,301,43,15,1,25.02594,121.50651,27
500113008,20231103,302,43,15,1,25.02594,121.50651,27
500113008,20231103,303,43,15,1,25.02594,121.50651,27
500113008,20231103,304,43,15,1,25.02594,121.50651,27
500113008,20231103,305,43,15,1,25.02594,121.50651,27
500113008,20231103,306,43,15,1,25.02594,121.50651,27
500113008,20231103,307,43,15,1,25.02594,121.50651,27
500113008,20231103,308,43,15,1,25.02594,121.50651,27
500113008,20231103,309,43,15,1,25.02594,121.50651,27
500113008,20231103,311,43,15,1,25.02594,121.50651,27
500113008,20231103,312,43,15,1,25.02594,121.50651,27
500113008,20231103,313,43,15,1,25.02594,121.50651,27
500113008,20231103,314,43,15,1,25.02594,121.50651,27
500113008,20231103,315,43,15,1,25.02594,121.50651,27
500113008,20231103,316,43,15,1,25.02594,121.50651,27
500113008,20231103,317,43,15,1,25.02594,121.50651,27
500113008,20231103,318,43,15,1,25.02594,121.50651,27
500113008,20231103,319,43,15,1,25.02594,121.50651,27
500113008,20231103,321,43,15,1,25.02594,121.50651,27
500113008,20231103,322,43,15,1,25.02594,121.50651,27
500113008,20231103,323,43,15,1,25.02594,121.50651,27
500113008,20231103,324,43,15,1,25.02594,121.50651,27
500113008,20231103,325,43,16,1,25.02594,121.50651,26
500113008,20231103,326,43,16,1,25.02594,121.50651,26
500113008,20231103,327,43,16,1,25.02594,121.50651,26
500113008,20231103,328,43,16,1,25.02594,121.50651,26
500113008,20231103,329,43,16,1,25.02594,121.50651,26
500113008,20231103,331,43,16,1,25.02594,121.50651,26
500113008,20231103,332,43,16,1,25.02594,121.50651,26
500113008,20231103,333,43,16,1,25.02594,121.50651,26
500113008,20231103,334,43,16,1,25.02594,121.50651,26
500113008,20231103,335,43,17,1,25.02594,121.50651,25
500113008,20231103,336,43,17,1,25.02594,121.50651,25
500113008,20231103,337,43,17,1,25.02594,121.50651,25
500113008,20231103,338,43,17,1,25.02594,121.50651,25
500113008,20231103,339,43,17,1,25.02594,121.50651,25
500113008,20231103,341,43,17,1,25.02594,121.50651,25
500113008,20231103,342,43,17,1,25.02594,121.50651,25
500113008,20231103,343,43,17,1,25.02594,121.50651,25
500113008,20231103,344,43,17,1,25.02594,121.50651,25
500113008,20231103,345,43,17,1,25.02594,121.50651,25
500113008,20231103,346,43,17,1,25.02594,121.50651,25
500113008,20231103,347,43,17,1,25.02594,121.50651,25
500113008,20231103,348,43,17,1,25.02594,121.50651,25
500113008,20231103,349,43,17,1,25.02594,121.50651,25
500113008,20231103,351,43,16,1,25.02594,121.50651,26
500113008,20231103,352,43,16,1,25.02594,121.50651,26
500113008,20231103,353,43,16,1,25.02594,121.50651,26
500113008,20231103,354,43,16,1,25.02594,121.50651,26
500113008,20231103,355,43,16,1,25.02594,121.50651,26
500113008,20231103,356,43,16,1,25.02594,121.50651,26
500113008,20231103,357,43,16,1,25.02594,121.50651,26
500113008,20231103,358,43,16,1,25.02594,121.50651,26
500113008,20231103,359,43,16,1,25.02594,121.50651,26
500113008,20231103,361,43,16,1,25.02594,121.50651,26
500113008,20231103,362,43,16,1,25.02594,121.50651,26
500113008,20231103,363,43,16,1,25.02594,121.50651,26
500113008,20231103,364,43,16,1,25.02594,121.50651,26
500113008,20231103,365,43,16,1,25.02594,121.50651,26
500113008,20231103,366,43,16,1,25.02594,121.50651,26
500113008,20231103,367,43,16,1,25.02594,121.50651,26
500113008,20231103,368,43,16,1,25.02594,121.50651,26
500113008,20231103,369,43,16,1,25.02594,121.50651,26
500113008,20231103,370,43,16,1,25.02594,121.50651,26
500113008,20231103,371,43,16,1,25.02594,121.50651,26
500113008,20231103,372,43,16,1,25.02594,121.50651,26
500113008,20231103,373,43,16,1,25.02594,121.50651,26
500113008,20231103,374,43,16,1,25.02594,121.50651,26
500113008,20231103,375,43,16,1,25.02594,121.50651,26
500113008,20231103,376,43,16,1,25.02594,121.50651,26
500113008,20231103,377,43,16,1,25.02594,121.50651,26
500113008,20231103,378,43,16,1,25.02594,121.50651,26
500113008,20231103,379,43,16,1,25.02594,121.50651,26
500113008,20231103,381,43,15,1,25.02594,121.50651,27
500113008,20231103,382,43,15,1,25.02594,121.50651,27
500113008,20231103,383,43,15,1,25.02594,121.50651,27
500113008,20231103,384,43,15,1,25.02594,121.50651,27
500113008,20231103,385,43,15,1,25.02594,121.50651,27
500113008,20231103,386,43,15,1,25.02594,121.50651,27
500113008,20231103,387,43,15,1,25.02594,121.50651,27
500113008,20231103,388,43,16,1,25.02594,121.50651,26
500113008,20231103,389,43,16,1,25.02594,121.50651,26
500113008,20231103,390,43,16,1,25.02594,121.50651,26
500113008,20231103,391,43,16,1,25.02594,121.50651,26
500113008,20231103,392,43,16,1,25.02594,121.50651,26
500113008,20231103,393,43,16,1,25.02594,121.50651,26
500113008,20231103,394,43,15,1,25.02594,121.50651,27
500113008,20231103,395,43,15,1,25.02594,121.50651,27
500113008,20231103,396,43,15,1,25.02594,121.50651,27
500113008,20231103,397,43,15,1,25.02594,121.50651,27
500113008,20231103,398,43,15,1,25.02594,121.50651,27
500113008,20231103,399,43,15,1,25.02594,121.50651,27
500113008,20231103,400,43,15,1,25.02594,121.50651,27
500113008,20231103,401,43,15,1,25.02594,121.50651,27
500113008,20231103,402,43,15,1,25.02594,121.50651,27
500113008,20231103,403,43,15,1,25.02594,121.50651,27
500113008,20231103,404,43,15,1,25.02594,121.50651,27
500113008,20231103,405,43,15,1,25.02594,121.50651,27
500113008,20231103,406,43,15,1,25.02594,121.50651,27
500113008,20231103,407,43,15,1,25.02594,121.50651,27
500113008,20231103,408,43,16,1,25.02594,121.50651,26
500113008,20231103,409,43,17,1,25.02594,121.50651,25
500113008,20231103,410,43,17,1,25.02594,121.50651,25
500113008,20231103,411,43,16,1,25.02594,121.50651,26
500113008,20231103,412,43,16,1,25.02594,121.50651,26
500113008,20231103,413,43,16,1,25.02594,121.50651,26
500113008,20231103,414,43,16,1,25.02594,121.50651,26
500113008,20231103,415,43,16,1,25.02594,121.50651,26
500113008,20231103,416,43,16,1,25.02594,121.50651,26
500113008,20231103,417,43,16,1,25.02594,121.50651,26
500113008,20231103,418,43,19,1,25.02594,121.50651,23
500113008,20231103,419,43,19,1,25.02594,121.50651,23
500113008,20231103,421,43,18,1,25.02594,121.50651,24
500113008,20231103,422,43,18,1,25.02594,121.50651,24
500113008,20231103,423,43,18,1,25.02594,121.50651,24
500113008,20231103,424,43,18,1,25.02594,121.50651,24
500113008,20231103,425,43,18,1,25.02594,121.50651,24
500113008,20231103,426,43,18,1,25.02594,121.50651,24
500113008,20231103,427,43,19,1,25.02594,121.50651,23
500113008,20231103,428,43,19,1,25.02594,121.50651,23
500113008,20231103,429,43,19,1,25.02594,121.50651,23
500113008,20231103,430,43,19,1,25.02594,121.50651,23
500113008,20231103,431,43,19,1,25.02594,121.50651,23
500113008,20231103,432,43,18,1,25.02594,121.50651,24
500113008,20231103,433,43,18,1,25.02594,121.50651,24
500113008,20231103,434,43,19,1,25.02594,121.50651,23
500113008,20231103,435,43,19,1,25.02594,121.50651,23
500113008,20231103,436,43,19,1,25.02594,121.50651,23
500113008,20231103,437,43,19,1,25.02594,121.50651,23
500113008,20231103,438,43,19,1,25.02594,121.50651,23
500113008,20231103,439,43,19,1,25.02594,121.50651,23
500113008,20231103,441,43,17,1,25.02594,121.50651,25
500113008,20231103,442,43,18,1,25.02594,121.50651,24
500113008,20231103,443,43,20,1,25.02594,121.50651,22
500113008,20231103,444,43,19,1,25.02594,121.50651,23
500113008,20231103,445,43,21,1,25.02594,121.50651,21
500113008,20231103,446,43,21,1,25.02594,121.50651,21
500113008,20231103,447,43,21,1,25.02594,121.50651,21
500113008,20231103,448,43,20,1,25.02594,121.50651,22
500113008,20231103,449,43,20,1,25.02594,121.50651,22
500113008,20231103,451,43,20,1,25.02594,121.50651,22
500113008,20231103,452,43,21,1,25.02594,121.50651,21
500113008,20231103,453,43,21,1,25.02594,121.50651,21
500113008,20231103,454,43,21,1,25.02594,121.50651,21
500113008,20231103,455,43,22,1,25.02594,121.50651,20
500113008,20231103,456,43,22,1,25.02594,121.50651,20
500113008,20231103,457,43,22,1,25.02594,121.50651,20
500113008,20231103,458,43,25,1,25.02594,121.50651,17
500113008,20231103,459,43,26,1,25.02594,121.50651,16
500113008,20231103,460,43,25,1,25.02594,121.50651,17
500113008,20231103,461,43,24,1,25.02594,121.50651,18
500113008,20231103,462,43,24,1,25.02594,121.50651,18
500113008,20231103,463,43,24,1,25.02594,121.50651,18
500113008,20231103,464,43,24,1,25.02594,121.50651,18
500113008,20231103,465,43,24,1,25.02594,121.50651,18
500113008,20231103,466,43,24,1,25.02594,121.50651,18
500113008,20231103,467,43,24,1,25.02594,121.50651,18
500113008,20231103,468,43,24,1,25.02594,121.50651,18
500113008,20231103,469,43,24,1,25.02594,121.50651,18
500113008,20231103,470,43,24,1,25.02594,121.50651,18
500113008,20231103,471,43,24,1,25.02594,121.50651,18
500113008,20231103,472,43,24,1,25.02594,121.50651,18
500113008,20231103,473,43,25,1,25.02594,121.50651,17
500113008,20231103,474,43,25,1,25.02594,121.50651,17
500113008,20231103,475,43,25,1,25.02594,121.50651,17
500113008,20231103,476,43,25,1,25.02594,121.50651,17
500113008,20231103,477,43,24,1,25.02594,121.50651,18
500113008,20231103,478,43,24,1,25.02594,121.50651,18
500113008,20231103,479,43,24,1,25.02594,121.50651,18
500113008,20231103,481,43,24,1,25.02594,121.50651,18
500113008,20231103,482,43,25,1,25.02594,121.50651,17
500113008,20231103,483,43,25,1,25.02594,121.50651,17
500113008,20231103,484,43,25,1,25.02594,121.50651,17
500113008,20231103,485,43,25,1,25.02594,121.50651,17
500113008,20231103,486,43,25,1,25.02594,121.50651,17
500113008,20231103,487,43,25,1,25.02594,121.50651,17
500113008,20231103,488,43,25,1,25.02594,121.50651,17
500113008,20231103,489,43,25,1,25.02594,121.50651,17
500113008,20231103,490,43,25,1,25.02594,121.50651,17
500113008,20231103,491,43,25,1,25.02594,121.50651,17
500113008,20231103,492,43,25,1,25.02594,121.50651,17
500113008,20231103,493,43,25,1,25.02594,121.50651,17
500113008,20231103,494,43,25,1,25.02594,121.50651,17
500113008,20231103,495,43,26,1,25.02594,121.50651,16
500113008,20231103,496,43,26,1,25.02594,121.50651,16
500113008,20231103,497,43,28,1,25.02594,121.50651,14
500113008,20231103,498,43,29,1,25.02594,121.50651,13
500113008,20231103,499,43,29,1,25.02594,121.50651,13
500113008,20231103,501,43,30,1,25.02594,121.50651,12
500113008,20231103,502,43,28,1,25.02594,121.50651,14
500113008,20231103,503,43,28,1,25.02594,121.50651,14
500113008,20231103,504,43,28,1,25.02594,121.50651,14
500113008,20231103,505,43,29,1,25.02594,121.50651,13
500113008,20231103,506,43,29,1,25.02594,121.50651,13
500113008,20231103,507,43,30,1,25.02594,121.50651,12
500113008,20231103,508,43,30,1,25.02594,121.50651,12
500113008,20231103,509,43,30,1,25.02594,121.50651,12
500113008,20231103,511,43,32,1,25.02594,121.50651,10
500113008,20231103,512,43,32,1,25.02594,121.50651,10
500113008,20231103,513,43,32,1,25.02594,121.50651,10
500113008,20231103,514,43,32,1,25.02594,121.50651,10
500113008,20231103,515,43,32,1,25.02594,121.50651,10
500113008,20231103,516,43,32,1,25.02594,121.50651,10
500113008,20231103,517,43,31,1,25.02594,121.50651,11
500113008,20231103,518,43,31,1,25.02594,121.50651,11
500113008,20231103,519,43,33,1,25.02594,121.50651,9
500113008,20231103,520,43,32,1,25.02594,121.50651,10
500113008,20231103,521,43,32,1,25.02594,121.50651,10
500113008,20231103,522,43,32,1,25.02594,121.50651,10
500113008,20231103,523,43,32,1,25.02594,121.50651,10
500113008,20231103,524,43,32,1,25.02594,121.50651,10
500113008,20231103,525,43,32,1,25.02594,121.50651,10
500113008,20231103,526,43,32,1,25.02594,121.50651,10
500113008,20231103,527,43,33,1,25.02594,121.50651,9
500113008,20231103,528,43,33,1,25.02594,121.50651,9
500113008,20231103,529,43,33,1,25.02594,121.50651,9
500113008,20231103,530,43,32,1,25.02594,121.50651,10
500113008,20231103,531,43,32,1,25.02594,121.50651,10
500113008,20231103,532,43,32,1,25.02594,121.50651,10
500113008,20231103,533,43,32,1,25.02594,121.50651,10
500113008,20231103,534,43,32,1,25.02594,121.50651,10
500113008,20231103,535,43,32,1,25.02594,121.50651,10
500113008,20231103,536,43,33,1,25.02594,121.50651,9
500113008,20231103,537,43,33,1,25.02594,121.50651,9
500113008,20231103,538,43,34,1,25.02594,121.50651,8
500113008,20231103,539,43,34,1,25.02594,121.50651,8
500113008,20231103,541,43,34,1,25.02594,121.50651,8
500113008,20231103,542,43,33,1,25.02594,121.50651,9
500113008,20231103,543,43,33,1,25.02594,121.50651,9
500113008,20231103,544,43,34,1,25.02594,121.50651,8
500113008,20231103,545,43,34,1,25.02594,121.50651,8
500113008,20231103,546,43,35,1,25.02594,121.50651,7
500113008,20231103,547,43,35,1,25.02594,121.50651,7
500113008,20231103,548,43,34,1,25.02594,121.50651,8
500113008,20231103,549,43,34,1,25.02594,121.50651,8
500113008,20231103,550,43,34,1,25.02594,121.50651,8
500113008,20231103,551,43,34,1,25.02594,121.50651,8
500113008,20231103,552,43,34,1,25.02594,121.50651,8
500113008,20231103,553,43,34,1,25.02594,121.50651,8
500113008,20231103,554,43,34,1,25.02594,121.50651,8
500113008,20231103,555,43,35,1,25.02594,121.50651,7
500113008,20231103,556,43,36,1,25.02594,121.50651,6
500113008,20231103,557,43,37,1,25.02594,121.50651,5
500113008,20231103,558,43,37,1,25.02594,121.50651,5
500113008,20231103,559,43,38,1,25.02594,121.50651,4
500113008,20231103,561,43,40,1,25.02594,121.50651,2
500113008,20231103,562,43,40,1,25.02594,121.50651,2
500113008,20231103,563,43,40,1,25.02594,121.50651,2
500113008,20231103,564,43,40,1,25.02594,121.50651,2
500113008,20231103,565,43,40,1,25.02594,121.50651,2
500113008,20231103,566,43,40,1,25.02594,121.50651,2
500113008,20231103,567,43,40,1,25.02594,121.50651,2
500113008,20231103,568,43,40,1,25.02594,121.50651,2
500113008,20231103,569,43,41,1,25.02594,121.50651,1
500113008,20231103,571,43,41,1,25.02594,121.50651,1
500113008,20231103,572,43,41,1,25.02594,121.50651,1
500113008,20231103,573,43,41,1,25.02594,121.50651,1
500113008,20231103,574,43,41,1,25.02594,121.50651,1
500113008,20231103,575,43,41,1,25.02594,121.50651,1
500113008,20231103,576,43,41,1,25.02594,121.50651,1
500113008,20231103,577,43,41,1,25.02594,121.50651,1
500113008,20231103,578,43,41,1,25.02594,121.50651,1
500113008,20231103,579,43,41,1,25.02594,121.50651,1
500113008,20231103,580,43,41,1,25.02594,121.50651,1
500113008,20231103,581,43,41,1,25.02594,121.50651,1
500113008,20231103,582,43,41,1,25.02594,121.50651,1
500113008,20231103,583,43,41,1,25.02594,121.50651,1
500113008,20231103,584,43,41,1,25.02594,121.50651,1
500113008,20231103,585,43,41,1,25.02594,121.50651,1
500113008,20231103,586,43,41,1,25.02594,121.50651,1
500113008,20231103,587,43,41,1,25.02594,121.50651,1
500113008,20231103,588,43,41,1,25.02594,121.50651,1
500113008,20231103,589,43,40,1,25.02594,121.50651,2
500113008,20231103,590,43,40,1,25.02594,121.50651,2
500113008,20231103,591,43,40,1,25.02594,121.50651,2
500113008,20231103,592,43,40,1,25.02594,121.50651,2
500113008,20231103,593,43,38,1,25.02594,121.50651,4
500113008,20231103,594,43,38,1,25.02594,121.50651,4
500113008,20231103,595,43,38,1,25.02594,121.50651,4
500113008,20231103,596,43,38,1,25.02594,121.50651,4
500113008,20231103,597,43,39,1,25.02594,121.50651,3
500113008,20231103,598,43,38,1,25.02594,121.50651,4
500113008,20231103,599,43,38,1,25.02594,121.50651,4
500113008,20231103,601,43,38,1,25.02594,121.50651,4
500113008,20231103,602,43,38,1,25.02594,121.50651,4
500113008,20231103,603,43,38,1,25.02594,121.50651,4
500113008,20231103,604,43,38,1,25.02594,121.50651,4
500113008,20231103,605,43,38,1,25.02594,121.50651,4
500113008,20231103,606,43,38,1,25.02594,121.50651,4
500113008,20231103,607,43,38,1,25.02594,121.50651,4
500113008,20231103,608,43,38,1,25.02594,121.50651,4
500113008,20231103,609,43,38,1,25.02594,121.50651,4
500113008,20231103,610,43,38,1,25.02594,121.50651,4
500113008,20231103,611,43,38,1,25.02594,121.50651,4
500113008,20231103,612,43,38,1,25.02594,121.50651,4
500113008,20231103,613,43,38,1,25.02594,121.50651,4
500113008,20231103,614,43,38,1,25.02594,121.50651,4
500113008,20231103,615,43,38,1,25.02594,121.50651,4
500113008,20231103,616,43,38,1,25.02594,121.50651,4
500113008,20231103,617,43,38,1,25.02594,121.50651,4
500113008,20231103,618,43,38,1,25.02594,121.50651,4
500113008,20231103,619,43,38,1,25.02594,121.50651,4
500113008,20231103,621,43,38,1,25.02594,121.50651,4
500113008,20231103,622,43,38,1,25.02594,121.50651,4
500113008,20231103,623,43,38,1,25.02594,121.50651,4
500113008,20231103,624,43,38,1,25.02594,121.50651,4
500113008,20231103,625,43,38,1,25.02594,121.50651,4
500113008,20231103,626,43,38,1,25.02594,121.50651,4
500113008,20231103,627,43,37,1,25.02594,121.50651,5
500113008,20231103,628,43,37,1,25.02594,121.50651,5
500113008,20231103,629,43,36,1,25.02594,121.50651,6
500113008,20231103,631,43,36,1,25.02594,121.50651,6
500113008,20231103,632,43,36,1,25.02594,121.50651,6
500113008,20231103,633,43,36,1,25.02594,121.50651,6
500113008,20231103,634,43,36,1,25.02594,121.50651,6
500113008,20231103,635,43,36,1,25.02594,121.50651,6
500113008,20231103,636,43,36,1,25.02594,121.50651,6
500113008,20231103,637,43,36,1,25.02594,121.50651,6
500113008,20231103,638,43,36,1,25.02594,121.50651,6
500113008,20231103,639,43,36,1,25.02594,121.50651,6
500113008,20231103,640,43,36,1,25.02594,121.50651,6
500113008,20231103,641,43,35,1,25.02594,121.50651,7
500113008,20231103,642,43,35,1,25.02594,121.50651,7
500113008,20231103,644,43,35,1,25.02594,121.50651,7
500113008,20231103,646,43,35,1,25.02594,121.50651,7
500113008,20231103,647,43,35,1,25.02594,121.50651,7
500113008,20231103,648,43,35,1,25.02594,121.50651,7
500113008,20231103,649,43,35,1,25.02594,121.50651,7
500113008,20231103,650,43,35,1,25.02594,121.50651,7
500113008,20231103,651,43,35,1,25.02594,121.50651,7
500113008,20231103,652,43,35,1,25.02594,121.50651,7
500113008,20231103,653,43,35,1,25.02594,121.50651,7
500113008,20231103,654,43,36,1,25.02594,121.50651,6
500113008,20231103,655,43,36,1,25.02594,121.50651,6
500113008,20231103,656,43,35,1,25.02594,121.50651,7
500113008,20231103,657,43,35,1,25.02594,121.50651,7
500113008,20231103,658,43,35,1,25.02594,121.50651,7
500113008,20231103,659,43,35,1,25.02594,121.50651,7
500113008,20231103,661,43,35,1,25.02594,121.50651,7
500113008,20231103,662,43,35,1,25.02594,121.50651,7
500113008,20231103,663,43,36,1,25.02594,121.50651,6
500113008,20231103,664,43,36,1,25.02594,121.50651,6
500113008,20231103,665,43,36,1,25.02594,121.50651,6
500113008,20231103,666,43,35,1,25.02594,121.50651,7
500113008,20231103,667,43,35,1,25.02594,121.50651,7
500113008,20231103,668,43,35,1,25.02594,121.50651,7
500113008,20231103,669,43,35,1,25.02594,121.50651,7
500113008,20231103,670,43,35,1,25.02594,121.50651,7
500113008,20231103,671,43,35,1,25.02594,121.50651,7
500113008,20231103,672,43,36,1,25.02594,121.50651,6
500113008,20231103,673,43,36,1,25.02594,121.50651,6
500113008,20231103,674,43,36,1,25.02594,121.50651,6
500113008,20231103,675,43,36,1,25.02594,121.50651,6
500113008,20231103,676,43,36,1,25.02594,121.50651,6
500113008,20231103,677,43,36,1,25.02594,121.50651,6
500113008,20231103,678,43,36,1,25.02594,121.50651,6
500113008,20231103,679,43,36,1,25.02594,121.50651,6
500113008,20231103,681,43,36,1,25.02594,121.50651,6
500113008,20231103,682,43,36,1,25.02594,121.50651,6
500113008,20231103,683,43,36,1,25.02594,121.50651,6
500113008,20231103,684,43,36,1,25.02594,121.50651,6
500113008,20231103,685,43,36,1,25.02594,121.50651,6
500113008,20231103,686,43,36,1,25.02594,121.50651,6
500113008,20231103,687,43,36,1,25.02594,121.50651,6
500113008,20231103,688,43,36,1,25.02594,121.50651,6
500113008,20231103,689,43,36,1,25.02594,121.50651,6
500113008,20231103,690,43,36,1,25.02594,121.50651,6
500113008,20231103,691,43,36,1,25.02594,121.50651,6
500113008,20231103,692,43,36,1,25.02594,121.50651,6
500113008,20231103,693,43,37,1,25.02594,121.50651,5
500113008,20231103,694,43,37,1,25.02594,121.50651,5
500113008,20231103,695,43,37,1,25.02594,121.50651,5
500113008,20231103,696,43,37,1,25.02594,121.50651,5
500113008,20231103,697,43,37,1,25.02594,121.50651,5
500113008,20231103,698,43,37,1,25.02594,121.50651,5
500113008,20231103,699,43,37,1,25.02594,121.50651,5
500113008,20231103,700,43,37,1,25.02594,121.50651,5
500113008,20231103,701,43,37,1,25.02594,121.50651,5
500113008,20231103,702,43,37,1,25.02594,121.50651,5
500113008,20231103,703,43,38,1,25.02594,121.50651,4
500113008,20231103,704,43,38,1,25.02594,121.50651,4
500113008,20231103,705,43,38,1,25.02594,121.50651,4
500113008,20231103,706,43,38,1,25.02594,121.50651,4
500113008,20231103,707,43,38,1,25.02594,121.50651,4
500113008,20231103,708,43,39,1,25.02594,121.50651,3
500113008,20231103,709,43,39,1,25.02594,121.50651,3
500113008,20231103,710,43,39,1,25.02594,121.50651,3
500113008,20231103,711,43,38,1,25.02594,121.50651,4
500113008,20231103,712,43,38,1,25.02594,121.50651,4
500113008,20231103,713,43,38,1,25.02594,121.50651,4
500113008,20231103,714,43,38,1,25.02594,121.50651,4
500113008,20231103,715,43,38,1,25.02594,121.50651,4
500113008,20231103,716,43,38,1,25.02594,121.50651,4
500113008,20231103,717,43,38,1,25.02594,121.50651,4
500113008,20231103,718,43,38,1,25.02594,121.50651,4
500113008,20231103,719,43,38,1,25.02594,121.50651,4
500113008,20231103,721,43,38,1,25.02594,121.50651,4
500113008,20231103,722,43,38,1,25.02594,121.50651,4
500113008,20231103,723,43,38,1,25.02594,121.50651,4
500113008,20231103,724,43,38,1,25.02594,121.50651,4
500113008,20231103,725,43,37,1,25.02594,121.50651,5
500113008,20231103,726,43,37,1,25.02594,121.50651,5
500113008,20231103,727,43,37,1,25.02594,121.50651,5
500113008,20231103,728,43,37,1,25.02594,121.50651,5
500113008,20231103,729,43,37,1,25.02594,121.50651,5
500113008,20231103,730,43,38,1,25.02594,121.50651,4
500113008,20231103,731,43,38,1,25.02594,121.50651,4
500113008,20231103,732,43,38,1,25.02594,121.50651,4
500113008,20231103,733,43,38,1,25.02594,121.50651,4
500113008,20231103,734,43,38,1,25.02594,121.50651,4
500113008,20231103,735,43,38,1,25.02594,121.50651,4
500113008,20231103,736,43,38,1,25.02594,121.50651,4
500113008,20231103,737,43,38,1,25.02594,121.50651,4
500113008,20231103,738,43,39,1,25.02594,121.50651,3
500113008,20231103,739,43,39,1,25.02594,121.50651,3
500113008,20231103,741,43,39,1,25.02594,121.50651,3
500113008,20231103,742,43,39,1,25.02594,121.50651,3
500113008,20231103,743,43,39,1,25.02594,121.50651,3
500113008,20231103,744,43,39,1,25.02594,121.50651,3
500113008,20231103,745,43,38,1,25.02594,121.50651,4
500113008,20231103,746,43,38,1,25.02594,121.50651,4
500113008,20231103,747,43,38,1,25.02594,121.50651,4
500113008,20231103,748,43,38,1,25.02594,121.50651,4
500113008,20231103,749,43,39,1,25.02594,121.50651,3
500113008,20231103,751,43,39,1,25.02594,121.50651,3
500113008,20231103,752,43,38,1,25.02594,121.50651,4
500113008,20231103,753,43,38,1,25.02594,121.50651,4
500113008,20231103,754,43,38,1,25.02594,121.50651,4
500113008,20231103,755,43,38,1,25.02594,121.50651,4
500113008,20231103,756,43,39,1,25.02594,121.50651,3
500113008,20231103,757,43,39,1,25.02594,121.50651,3
500113008,20231103,758,43,39,1,25.02594,121.50651,3
500113008,20231103,759,43,39,1,25.02594,121.50651,3
500113008,20231103,760,43,39,1,25.02594,121.50651,3
500113008,20231103,761,43,39,1,25.02594,121.50651,3
500113008,20231103,762,43,39,1,25.02594,121.50651,3
500113008,20231103,763,43,39,1,25.02594,121.50651,3
500113008,20231103,764,43,39,1,25.02594,121.50651,3
500113008,20231103,765,43,39,1,25.02594,121.50651,3
500113008,20231103,766,43,39,1,25.02594,121.50651,3
500113008,20231103,767,43,39,1,25.02594,121.50651,3
500113008,20231103,768,43,39,1,25.02594,121.50651,3
500113008,20231103,769,43,39,1,25.02594,121.50651,3
500113008,20231103,770,43,38,1,25.02594,121.50651,4
500113008,20231103,771,43,38,1,25.02594,121.50651,4
500113008,20231103,772,43,38,1,25.02594,121.50651,4
500113008,20231103,773,43,38,1,25.02594,121.50651,4
500113008,20231103,774,43,38,1,25.02594,121.50651,4
500113008,20231103,775,43,38,1,25.02594,121.50651,4
500113008,20231103,776,43,38,1,25.02594,121.50651,4
500113008,20231103,777,43,38,1,25.02594,121.50651,4
500113008,20231103,778,43,38,1,25.02594,121.50651,4
500113008,20231103,779,43,38,1,25.02594,121.50651,4
500113008,20231103,781,43,38,1,25.02594,121.50651,4
500113008,20231103,782,43,37,1,25.02594,121.50651,5
500113008,20231103,783,43,37,1,25.02594,121.50651,5
500113008,20231103,784,43,37,1,25.02594,121.50651,5
500113008,20231103,785,43,37,1,25.02594,121.50651,5
500113008,20231103,786,43,37,1,25.02594,121.50651,5
500113008,20231103,787,43,37,1,25.02594,121.50651,5
500113008,20231103,788,43,37,1,25.02594,121.50651,5
500113008,20231103,789,43,37,1,25.02594,121.50651,5
500113008,20231103,790,43,36,1,25.02594,121.50651,6
500113008,20231103,791,43,36,1,25.02594,121.50651,6
500113008,20231103,792,43,36,1,25.02594,121.50651,6
500113008,20231103,793,43,36,1,25.02594,121.50651,6
500113008,20231103,794,43,36,1,25.02594,121.50651,6
500113008,20231103,795,43,36,1,25.02594,121.50651,6
500113008,20231103,796,43,36,1,25.02594,121.50651,6
500113008,20231103,797,43,36,1,25.02594,121.50651,6
500113008,20231103,798,43,36,1,25.02594,121.50651,6
500113008,20231103,799,43,36,1,25.02594,121.50651,6
500113008,20231103,801,43,36,1,25.02594,121.50651,6
500113008,20231103,802,43,36,1,25.02594,121.50651,6
500113008,20231103,803,43,36,1,25.02594,121.50651,6
500113008,20231103,804,43,36,1,25.02594,121.50651,6
500113008,20231103,805,43,36,1,25.02594,121.50651,6
500113008,20231103,806,43,36,1,25.02594,121.50651,6
500113008,20231103,807,43,36,1,25.02594,121.50651,6
500113008,20231103,808,43,37,1,25.02594,121.50651,5
500113008,20231103,809,43,37,1,25.02594,121.50651,5
500113008,20231103,811,43,37,1,25.02594,121.50651,5
500113008,20231103,812,43,37,1,25.02594,121.50651,5
500113008,20231103,813,43,37,1,25.02594,121.50651,5
500113008,20231103,814,43,38,1,25.02594,121.50651,4
500113008,20231103,815,43,38,1,25.02594,121.50651,4
500113008,20231103,816,43,39,1,25.02594,121.50651,3
500113008,20231103,817,43,39,1,25.02594,121.50651,3
500113008,20231103,818,43,38,1,25.02594,121.50651,4
500113008,20231103,819,43,38,1,25.02594,121.50651,4
500113008,20231103,820,43,38,1,25.02594,121.50651,4
500113008,20231103,821,43,38,1,25.02594,121.50651,4
500113008,20231103,822,43,38,1,25.02594,121.50651,4
500113008,20231103,823,43,38,1,25.02594,121.50651,4
500113008,20231103,824,43,38,1,25.02594,121.50651,4
500113008,20231103,825,43,38,1,25.02594,121.50651,4
500113008,20231103,826,43,38,1,25.02594,121.50651,4
500113008,20231103,827,43,38,1,25.02594,121.50651,4
500113008,20231103,828,43,38,1,25.02594,121.50651,4
500113008,20231103,829,43,39,1,25.02594,121.50651,3
500113008,20231103,830,43,39,1,25.02594,121.50651,3
500113008,20231103,831,43,39,1,25.02594,121.50651,3
500113008,20231103,832,43,39,1,25.02594,121.50651,3
500113008,20231103,833,43,39,1,25.02594,121.50651,3
500113008,20231103,834,43,39,1,25.02594,121.50651,3
500113008,20231103,835,43,39,1,25.02594,121.50651,3
500113008,20231103,836,43,38,1,25.02594,121.50651,4
500113008,20231103,837,43,39,1,25.02594,121.50651,3
500113008,20231103,838,43,38,1,25.02594,121.50651,4
500113008,20231103,839,43,38,1,25.02594,121.50651,4
500113008,20231103,841,43,38,1,25.02594,121.50651,4
500113008,20231103,842,43,37,1,25.02594,121.50651,5
500113008,20231103,843,43,37,1,25.02594,121.50651,5
500113008,20231103,844,43,36,1,25.02594,121.50651,6
500113008,20231103,845,43,36,1,25.02594,121.50651,6
500113008,20231103,846,43,36,1,25.02594,121.50651,6
500113008,20231103,847,43,36,1,25.02594,121.50651,6
500113008,20231103,848,43,36,1,25.02594,121.50651,6
500113008,20231103,849,43,35,1,25.02594,121.50651,7
500113008,20231103,850,43,35,1,25.02594,121.50651,7
500113008,20231103,851,43,35,1,25.02594,121.50651,7
500113008,20231103,852,43,35,1,25.02594,121.50651,7
500113008,20231103,853,43,35,1,25.02594,121.50651,7
500113008,20231103,854,43,35,1,25.02594,121.50651,7
500113008,20231103,855,43,35,1,25.02594,121.50651,7
500113008,20231103,856,43,35,1,25.02594,121.50651,7
500113008,20231103,857,43,35,1,25.02594,121.50651,7
500113008,20231103,858,43,35,1,25.02594,121.50651,7
500113008,20231103,859,43,35,1,25.02594,121.50651,7
500113008,20231103,861,43,35,1,25.02594,121.50651,7
500113008,20231103,862,43,36,1,25.02594,121.50651,6
500113008,20231103,863,43,36,1,25.02594,121.50651,6
500113008,20231103,864,43,36,1,25.02594,121.50651,6
500113008,20231103,865,43,37,1,25.02594,121.50651,5
500113008,20231103,866,43,37,1,25.02594,121.50651,5
500113008,20231103,867,43,36,1,25.02594,121.50651,6
500113008,20231103,868,43,36,1,25.02594,121.50651,6
500113008,20231103,869,43,36,1,25.02594,121.50651,6
500113008,20231103,871,43,36,1,25.02594,121.50651,6
500113008,20231103,872,43,36,1,25.02594,121.50651,6
500113008,20231103,873,43,36,1,25.02594,121.50651,6
500113008,20231103,874,43,36,1,25.02594,121.50651,6
500113008,20231103,875,43,36,1,25.02594,121.50651,6
500113008,20231103,876,43,36,1,25.02594,121.50651,6
500113008,20231103,877,43,36,1,25.02594,121.50651,6
500113008,20231103,878,43,35,1,25.02594,121.50651,7
500113008,20231103,879,43,35,1,25.02594,121.50651,7
500113008,20231103,880,43,36,1,25.02594,121.50651,6
500113008,20231103,881,43,36,1,25.02594,121.50651,6
500113008,20231103,882,43,36,1,25.02594,121.50651,6
500113008,20231103,883,43,36,1,25.02594,121.50651,6
500113008,20231103,884,43,36,1,25.02594,121.50651,6
500113008,20231103,885,43,37,1,25.02594,121.50651,5
500113008,20231103,886,43,37,1,25.02594,121.50651,5
500113008,20231103,887,43,37,1,25.02594,121.50651,5
500113008,20231103,888,43,37,1,25.02594,121.50651,5
500113008,20231103,889,43,37,1,25.02594,121.50651,5
500113008,20231103,890,43,37,1,25.02594,121.50651,5
500113008,20231103,891,43,37,1,25.02594,121.50651,5
500113008,20231103,892,43,37,1,25.02594,121.50651,5
500113008,20231103,893,43,37,1,25.02594,121.50651,5
500113008,20231103,894,43,37,1,25.02594,121.50651,5
500113008,20231103,895,43,37,1,25.02594,121.50651,5
500113008,20231103,896,43,38,1,25.02594,121.50651,5
500113008,20231103,897,43,38,1,25.02594,121.50651,5
500113008,20231103,898,43,38,1,25.02594,121.50651,5
500113008,20231103,899,43,38,1,25.02594,121.50651,5
500113008,20231103,901,43,38,1,25.02594,121.50651,5
500113008,20231103,902,43,38,1,25.02594,121.50651,5
500113008,20231103,903,43,39,1,25.02594,121.50651,4
500113008,20231103,904,43,38,1,25.02594,121.50651,5
500113008,20231103,905,43,38,1,25.02594,121.50651,5
500113008,20231103,906,43,38,1,25.02594,121.50651,5
500113008,20231103,907,43,38,1,25.02594,121.50651,5
500113008,20231103,908,43,38,1,25.02594,121.50651,5
500113008,20231103,909,43,38,1,25.02594,121.50651,5
500113008,20231103,910,43,38,1,25.02594,121.50651,5
500113008,20231103,911,43,38,1,25.02594,121.50651,5
500113008,20231103,912,43,38,1,25.02594,121.50651,5
500113008,20231103,913,43,38,1,25.02594,121.50651,5
500113008,20231103,914,43,38,1,25.02594,121.50651,5
500113008,20231103,916,43,38,1,25.02594,121.50651,5
500113008,20231103,917,43,38,1,25.02594,121.50651,5
500113008,20231103,918,43,38,1,25.02594,121.50651,5
500113008,20231103,919,43,38,1,25.02594,121.50651,5
500113008,20231103,921,43,38,1,25.02594,121.50651,5
500113008,20231103,922,43,38,1,25.02594,121.50651,5
500113008,20231103,923,43,37,1,25.02594,121.50651,6
500113008,20231103,924,43,37,1,25.02594,121.50651,6
500113008,20231103,925,43,38,1,25.02594,121.50651,5
500113008,20231103,926,43,38,1,25.02594,121.50651,5
500113008,20231103,927,43,38,1,25.02594,121.50651,5
500113008,20231103,928,43,38,1,25.02594,121.50651,5
500113008,20231103,929,43,38,1,25.02594,121.50651,5
500113008,20231103,931,43,38,1,25.02594,121.50651,5
500113008,20231103,932,43,38,1,25.02594,121.50651,5
500113008,20231103,933,43,38,1,25.02594,121.50651,5
500113008,20231103,934,43,38,1,25.02594,121.50651,5
500113008,20231103,935,43,38,1,25.02594,121.50651,5
500113008,20231103,936,43,38,1,25.02594,121.50651,5
500113008,20231103,937,43,38,1,25.02594,121.50651,5
500113008,20231103,938,43,38,1,25.02594,121.50651,5
500113008,20231103,939,43,38,1,25.02594,121.50651,5
500113008,20231103,940,43,36,1,25.02594,121.50651,7
500113008,20231103,941,43,36,1,25.02594,121.50651,7
500113008,20231103,942,43,36,1,25.02594,121.50651,7
500113008,20231103,943,43,37,1,25.02594,121.50651,6
500113008,20231103,944,43,37,1,25.02594,121.50651,6
500113008,20231103,945,43,37,1,25.02594,121.50651,6
500113008,20231103,946,43,38,1,25.02594,121.50651,5
500113008,20231103,947,43,38,1,25.02594,121.50651,5
500113008,20231103,948,43,39,1,25.02594,121.50651,4
500113008,20231103,949,43,39,1,25.02594,121.50651,4
500113008,20231103,950,43,39,1,25.02594,121.50651,4
500113008,20231103,951,43,38,1,25.02594,121.50651,5
500113008,20231103,952,43,38,1,25.02594,121.50651,5
500113008,20231103,953,43,38,1,25.02594,121.50651,5
500113008,20231103,954,43,38,1,25.02594,121.50651,5
500113008,20231103,955,43,38,1,25.02594,121.50651,5
500113008,20231103,956,43,38,1,25.02594,121.50651,5
500113008,20231103,957,43,38,1,25.02594,121.50651,5
500113008,20231103,958,43,38,1,25.02594,121.50651,5
500113008,20231103,959,43,38,1,25.02594,121.50651,5
500113008,20231103,961,43,39,1,25.02594,121.50651,4
500113008,20231103,962,43,40,1,25.02594,121.50651,3
500113008,20231103,963,43,40,1,25.02594,121.50651,3
500113008,20231103,964,43,40,1,25.02594,121.50651,3
500113008,20231103,965,43,40,1,25.02594,121.50651,3
500113008,20231103,966,43,41,1,25.02594,121.50651,2
500113008,20231103,967,43,41,1,25.02594,121.50651,2
500113008,20231103,968,43,40,1,25.02594,121.50651,3
500113008,20231103,969,43,40,1,25.02594,121.50651,3
500113008,20231103,970,43,40,1,25.02594,121.50651,3
500113008,20231103,971,43,40,1,25.02594,121.50651,3
500113008,20231103,972,43,40,1,25.02594,121.50651,3
500113008,20231103,973,43,40,1,25.02594,121.50651,3
500113008,20231103,974,43,40,1,25.02594,121.50651,3
500113008,20231103,975,43,39,1,25.02594,121.50651,4
500113008,20231103,976,43,39,1,25.02594,121.50651,4
500113008,20231103,977,43,37,1,25.02594,121.50651,6
500113008,20231103,978,43,37,1,25.02594,121.50651,6
500113008,20231103,979,43,37,1,25.02594,121.50651,6
500113008,20231103,981,43,36,1,25.02594,121.50651,7
500113008,20231103,982,43,36,1,25.02594,121.50651,7
500113008,20231103,983,43,35,1,25.02594,121.50651,8
500113008,20231103,984,43,35,1,25.02594,121.50651,8
500113008,20231103,985,43,35,1,25.02594,121.50651,8
500113008,20231103,986,43,35,1,25.02594,121.50651,8
500113008,20231103,987,43,35,1,25.02594,121.50651,8
500113008,20231103,988,43,35,1,25.02594,121.50651,8
500113008,20231103,989,43,34,1,25.02594,121.50651,9
500113008,20231103,991,43,33,1,25.02594,121.50651,10
500113008,20231103,992,43,33,1,25.02594,121.50651,10
500113008,20231103,993,43,33,1,25.02594,121.50651,10
500113008,20231103,994,43,32,1,25.02594,121.50651,11
500113008,20231103,995,43,32,1,25.02594,121.50651,11
500113008,20231103,996,43,32,1,25.02594,121.50651,11
500113008,20231103,997,43,33,1,25.02594,121.50651,10
500113008,20231103,998,43,33,1,25.02594,121.50651,10
500113008,20231103,999,43,33,1,25.02594,121.50651,10
500113008,20231103,1000,43,34,1,25.02594,121.50651,9
500113008,20231103,1001,43,34,1,25.02594,121.50651,9
500113008,20231103,1002,43,33,1,25.02594,121.50651,10
500113008,20231103,1003,43,32,1,25.02594,121.50651,11
500113008,20231103,1004,43,31,1,25.02594,121.50651,12
500113008,20231103,1005,43,31,1,25.02594,121.50651,12
500113008,20231103,1006,43,30,1,25.02594,121.50651,13
500113008,20231103,1007,43,29,1,25.02594,121.50651,14
500113008,20231103,1008,43,30,1,25.02594,121.50651,13
500113008,20231103,1009,43,30,1,25.02594,121.50651,13
500113008,20231103,1010,43,29,1,25.02594,121.50651,14
500113008,20231103,1011,43,30,1,25.02594,121.50651,13
500113008,20231103,1012,43,30,1,25.02594,121.50651,13
500113008,20231103,1013,43,30,1,25.02594,121.50651,13
500113008,20231103,1014,43,30,1,25.02594,121.50651,13
500113008,20231103,1015,43,30,1,25.02594,121.50651,13
500113008,20231103,1016,43,30,1,25.02594,121.50651,13
500113008,20231103,1017,43,30,1,25.02594,121.50651,13
500113008,20231103,1018,43,30,1,25.02594,121.50651,13
500113008,20231103,1019,43,30,1,25.02594,121.50651,13
500113008,20231103,1021,43,26,1,25.02594,121.50651,17
500113008,20231103,1022,43,26,1,25.02594,121.50651,17
500113008,20231103,1023,43,26,1,25.02594,121.50651,17
500113008,20231103,1024,43,26,1,25.02594,121.50651,17
500113008,20231103,1025,43,26,1,25.02594,121.50651,17
500113008,20231103,1026,43,25,1,25.02594,121.50651,18
500113008,20231103,1027,43,25,1,25.02594,121.50651,18
500113008,20231103,1028,43,25,1,25.02594,121.50651,18
500113008,20231103,1029,43,25,1,25.02594,121.50651,18
500113008,20231103,1030,43,25,1,25.02594,121.50651,18
500113008,20231103,1031,43,25,1,25.02594,121.50651,18
500113008,20231103,1032,43,25,1,25.02594,121.50651,18
500113008,20231103,1033,43,25,1,25.02594,121.50651,18
500113008,20231103,1034,43,25,1,25.02594,121.50651,18
500113008,20231103,1035,43,22,1,25.02594,121.50651,21
500113008,20231103,1036,43,23,1,25.02594,121.50651,20
500113008,20231103,1037,43,24,1,25.02594,121.50651,19
500113008,20231103,1038,43,25,1,25.02594,121.50651,18
500113008,20231103,1039,43,25,1,25.02594,121.50651,18
500113008,20231103,1041,43,25,1,25.02594,121.50651,18
500113008,20231103,1042,43,25,1,25.02594,121.50651,18
500113008,20231103,1043,43,25,1,25.02594,121.50651,18
500113008,20231103,1044,43,25,1,25.02594,121.50651,18
500113008,20231103,1045,43,24,1,25.02594,121.50651,19
500113008,20231103,1046,43,24,1,25.02594,121.50651,19
500113008,20231103,1047,43,24,1,25.02594,121.50651,19
500113008,20231103,1048,43,23,1,25.02594,121.50651,20
500113008,20231103,1049,43,24,1,25.02594,121.50651,19
500113008,20231103,1051,43,22,1,25.02594,121.50651,21
500113008,20231103,1052,43,22,1,25.02594,121.50651,21
500113008,20231103,1053,43,22,1,25.02594,121.50651,21
500113008,20231103,1054,43,23,1,25.02594,121.50651,20
500113008,20231103,1055,43,22,1,25.02594,121.50651,21
500113008,20231103,1056,43,23,1,25.02594,121.50651,20
500113008,20231103,1057,43,22,1,25.02594,121.50651,21
500113008,20231103,1058,43,22,1,25.02594,121.50651,21
500113008,20231103,1059,43,22,1,25.02594,121.50651,21
500113008,20231103,1060,43,23,1,25.02594,121.50651,20
500113008,20231103,1061,43,23,1,25.02594,121.50651,20
500113008,20231103,1062,43,24,1,25.02594,121.50651,19
500113008,20231103,1063,43,25,1,25.02594,121.50651,18
500113008,20231103,1064,43,25,1,25.02594,121.50651,18
500113008,20231103,1065,43,25,1,25.02594,121.50651,18
500113008,20231103,1066,43,25,1,25.02594,121.50651,18
500113008,20231103,1067,43,25,1,25.02594,121.50651,18
500113008,20231103,1068,43,25,1,25.02594,121.50651,18
500113008,20231103,1069,43,25,1,25.02594,121.50651,18
500113008,20231103,1070,43,25,1,25.02594,121.50651,18
500113008,20231103,1071,43,25,1,25.02594,121.50651,18
500113008,20231103,1072,43,26,1,25.02594,121.50651,17
500113008,20231103,1073,43,26,1,25.02594,121.50651,17
500113008,20231103,1074,43,25,1,25.02594,121.50651,18
500113008,20231103,1075,43,25,1,25.02594,121.50651,18
500113008,20231103,1076,43,24,1,25.02594,121.50651,19
500113008,20231103,1077,43,23,1,25.02594,121.50651,20
500113008,20231103,1078,43,21,1,25.02594,121.50651,22
500113008,20231103,1079,43,21,1,25.02594,121.50651,22
500113008,20231103,1081,43,21,1,25.02594,121.50651,22
500113008,20231103,1082,43,21,1,25.02594,121.50651,22
500113008,20231103,1083,43,22,1,25.02594,121.50651,21
500113008,20231103,1084,43,21,1,25.02594,121.50651,22
500113008,20231103,1085,43,21,1,25.02594,121.50651,22
500113008,20231103,1086,43,21,1,25.02594,121.50651,22
500113008,20231103,1087,43,22,1,25.02594,121.50651,21
500113008,20231103,1088,43,22,1,25.02594,121.50651,21
500113008,20231103,1089,43,27,1,25.02594,121.50651,16
500113008,20231103,1090,43,26,1,25.02594,121.50651,17
500113008,20231103,1091,43,26,1,25.02594,121.50651,17
500113008,20231103,1092,43,26,1,25.02594,121.50651,17
500113008,20231103,1093,43,26,1,25.02594,121.50651,17
500113008,20231103,1094,43,26,1,25.02594,121.50651,17
500113008,20231103,1095,43,30,1,25.02594,121.50651,13
500113008,20231103,1096,43,30,1,25.02594,121.50651,13
500113008,20231103,1097,43,30,1,25.02594,121.50651,13
500113008,20231103,1098,43,30,1,25.02594,121.50651,13
500113008,20231103,1099,43,30,1,25.02594,121.50651,13
500113008,20231103,1101,43,32,1,25.02594,121.50651,11
500113008,20231103,1102,43,32,1,25.02594,121.50651,11
500113008,20231103,1103,43,32,1,25.02594,121.50651,11
500113008,20231103,1104,43,33,1,25.02594,121.50651,10
500113008,20231103,1105,43,31,1,25.02594,121.50651,12
500113008,20231103,1106,43,31,1,25.02594,121.50651,12
500113008,20231103,1107,43,29,1,25.02594,121.50651,14
500113008,20231103,1108,43,29,1,25.02594,121.50651,14
500113008,20231103,1109,43,29,1,25.02594,121.50651,14
500113008,20231103,1111,43,29,1,25.02594,121.50651,14
500113008,20231103,1112,43,28,1,25.02594,121.50651,15
500113008,20231103,1113,43,28,1,25.02594,121.50651,15
500113008,20231103,1114,43,28,1,25.02594,121.50651,15
500113008,20231103,1115,43,28,1,25.02594,121.50651,15
500113008,20231103,1116,43,26,1,25.02594,121.50651,17
500113008,20231103,1117,43,26,1,25.02594,121.50651,17
500113008,20231103,1118,43,26,1,25.02594,121.50651,17
500113008,20231103,1119,43,25,1,25.02594,121.50651,18
500113008,20231103,1120,43,24,1,25.02594,121.50651,19
500113008,20231103,1121,43,25,1,25.02594,121.50651,18
500113008,20231103,1122,43,25,1,25.02594,121.50651,18
500113008,20231103,1123,43,24,1,25.02594,121.50651,19
500113008,20231103,1124,43,23,1,25.02594,121.50651,20
500113008,20231103,1125,43,23,1,25.02594,121.50651,20
500113008,20231103,1126,43,23,1,25.02594,121.50651,20
500113008,20231103,1127,43,22,1,25.02594,121.50651,21
500113008,20231103,1128,43,21,1,25.02594,121.50651,22
500113008,20231103,1129,43,21,1,25.02594,121.50651,22
500113008,20231103,1130,43,20,1,25.02594,121.50651,23
500113008,20231103,1131,43,20,1,25.02594,121.50651,23
500113008,20231103,1132,43,20,1,25.02594,121.50651,23
500113008,20231103,1133,43,20,1,25.02594,121.50651,23
500113008,20231103,1134,43,20,1,25.02594,121.50651,23
500113008,20231103,1135,43,20,1,25.02594,121.50651,23
500113008,20231103,1136,43,20,1,25.02594,121.50651,23
500113008,20231103,1137,43,20,1,25.02594,121.50651,23
500113008,20231103,1138,43,20,1,25.02594,121.50651,23
500113008,20231103,1139,43,19,1,25.02594,121.50651,24
500113008,20231103,1141,43,19,1,25.02594,121.50651,24
500113008,20231103,1142,43,15,1,25.02594,121.50651,28
500113008,20231103,1143,43,16,1,25.02594,121.50651,27
500113008,20231103,1144,43,16,1,25.02594,121.50651,27
500113008,20231103,1145,43,13,1,25.02594,121.50651,30
500113008,20231103,1146,43,12,1,25.02594,121.50651,31
500113008,20231103,1147,43,12,1,25.02594,121.50651,31
500113008,20231103,1148,43,12,1,25.02594,121.50651,31
500113008,20231103,1149,43,12,1,25.02594,121.50651,31
500113008,20231103,1150,43,11,1,25.02594,121.50651,32
500113008,20231103,1151,43,11,1,25.02594,121.50651,32
500113008,20231103,1152,43,11,1,25.02594,121.50651,32
500113008,20231103,1153,43,11,1,25.02594,121.50651,32
500113008,20231103,1154,43,11,1,25.02594,121.50651,32
500113008,20231103,1155,43,11,1,25.02594,121.50651,32
500113008,20231103,1156,43,11,1,25.02594,121.50651,32
500113008,20231103,1157,43,11,1,25.02594,121.50651,32
500113008,20231103,1158,43,13,1,25.02594,121.50651,30
500113008,20231103,1159,43,13,1,25.02594,121.50651,30
500113008,20231103,1161,43,13,1,25.02594,121.50651,30
500113008,20231103,1162,43,13,1,25.02594,121.50651,30
500113008,20231103,1163,43,14,1,25.02594,121.50651,29
500113008,20231103,1164,43,14,1,25.02594,121.50651,29
500113008,20231103,1165,43,15,1,25.02594,121.50651,28
500113008,20231103,1166,43,15,1,25.02594,121.50651,28
500113008,20231103,1167,43,14,1,25.02594,121.50651,29
500113008,20231103,1168,43,14,1,25.02594,121.50651,29
500113008,20231103,1169,43,13,1,25.02594,121.50651,30
500113008,20231103,1171,43,12,1,25.02594,121.50651,31
500113008,20231103,1172,43,11,1,25.02594,121.50651,32
500113008,20231103,1173,43,11,1,25.02594,121.50651,32
500113008,20231103,1174,43,11,1,25.02594,121.50651,32
500113008,20231103,1175,43,10,1,25.02594,121.50651,33
500113008,20231103,1176,43,10,1,25.02594,121.50651,33
500113008,20231103,1177,43,10,1,25.02594,121.50651,33
500113008,20231103,1178,43,10,1,25.02594,121.50651,33
500113008,20231103,1179,43,10,1,25.02594,121.50651,33
500113008,20231103,1180,43,10,1,25.02594,121.50651,33
500113008,20231103,1181,43,10,1,25.02594,121.50651,33
500113008,20231103,1182,43,10,1,25.02594,121.50651,33
500113008,20231103,1183,43,10,1,25.02594,121.50651,33
500113008,20231103,1184,43,10,1,25.02594,121.50651,33
500113008,20231103,1185,43,9,1,25.02594,121.50651,34
500113008,20231103,1186,43,9,1,25.02594,121.50651,34
500113008,20231103,1187,43,9,1,25.02594,121.50651,34
500113008,20231103,1188,43,10,1,25.02594,121.50651,33
500113008,20231103,1189,43,11,1,25.02594,121.50651,32
500113008,20231103,1190,43,11,1,25.02594,121.50651,32
500113008,20231103,1191,43,11,1,25.02594,121.50651,32
500113008,20231103,1192,43,11,1,25.02594,121.50651,32
500113008,20231103,1193,43,11,1,25.02594,121.50651,32
500113008,20231103,1194,43,11,1,25.02594,121.50651,32
500113008,20231103,1195,43,11,1,25.02594,121.50651,32
500113008,20231103,1197,43,12,1,25.02594,121.50651,31
500113008,20231103,1198,43,14,1,25.02594,121.50651,29
500113008,20231103,1199,43,16,1,25.02594,121.50651,27
500113008,20231103,1201,43,16,1,25.02594,121.50651,27
500113008,20231103,1202,43,20,1,25.02594,121.50651,23
500113008,20231103,1203,43,22,1,25.02594,121.50651,21
500113008,20231103,1204,43,24,1,25.02594,121.50651,19
500113008,20231103,1205,43,26,1,25.02594,121.50651,17
500113008,20231103,1206,43,26,1,25.02594,121.50651,17
500113008,20231103,1207,43,26,1,25.02594,121.50651,17
500113008,20231103,1208,43,27,1,25.02594,121.50651,16
500113008,20231103,1209,43,26,1,25.02594,121.50651,17
500113008,20231103,1210,43,28,1,25.02594,121.50651,15
500113008,20231103,1211,43,28,1,25.02594,121.50651,15
500113008,20231103,1212,43,28,1,25.02594,121.50651,15
500113008,20231103,1213,43,28,1,25.02594,121.50651,15
500113008,20231103,1214,43,29,1,25.02594,121.50651,14
500113008,20231103,1215,43,29,1,25.02594,121.50651,14
500113008,20231103,1216,43,29,1,25.02594,121.50651,14
500113008,20231103,1217,43,29,1,25.02594,121.50651,14
500113008,20231103,1218,43,29,1,25.02594,121.50651,14
500113008,20231103,1219,43,29,1,25.02594,121.50651,14
500113008,20231103,1221,43,29,1,25.02594,121.50651,14
500113008,20231103,1222,43,28,1,25.02594,121.50651,15
500113008,20231103,1223,43,28,1,25.02594,121.50651,15
500113008,20231103,1224,43,28,1,25.02594,121.50651,15
500113008,20231103,1225,43,27,1,25.02594,121.50651,16
500113008,20231103,1226,43,27,1,25.02594,121.50651,16
500113008,20231103,1227,43,27,1,25.02594,121.50651,16
500113008,20231103,1228,43,27,1,25.02594,121.50651,16
500113008,20231103,1229,43,28,1,25.02594,121.50651,15
500113008,20231103,1231,43,28,1,25.02594,121.50651,15
500113008,20231103,1232,43,28,1,25.02594,121.50651,15
500113008,20231103,1233,43,28,1,25.02594,121.50651,15
500113008,20231103,1234,43,28,1,25.02594,121.50651,15
500113008,20231103,1235,43,28,1,25.02594,121.50651,15
500113008,20231103,1236,43,30,1,25.02594,121.50651,13
500113008,20231103,1237,43,30,1,25.02594,121.50651,13
500113008,20231103,1238,43,30,1,25.02594,121.50651,13
500113008,20231103,1239,43,30,1,25.02594,121.50651,13
500113008,20231103,1240,43,29,1,25.02594,121.50651,14
500113008,20231103,1241,43,29,1,25.02594,121.50651,14
500113008,20231103,1242,43,29,1,25.02594,121.50651,14
500113008,20231103,1243,43,29,1,25.02594,121.50651,14
500113008,20231103,1244,43,29,1,25.02594,121.50651,14
500113008,20231103,1245,43,30,1,25.02594,121.50651,13
500113008,20231103,1246,43,31,1,25.02594,121.50651,12
500113008,20231103,1247,43,31,1,25.02594,121.50651,12
500113008,20231103,1248,43,31,1,25.02594,121.50651,12
500113008,20231103,1249,43,31,1,25.02594,121.50651,12
500113008,20231103,1250,43,30,1,25.02594,121.50651,13
500113008,20231103,1251,43,32,1,25.02594,121.50651,11
500113008,20231103,1252,43,31,1,25.02594,121.50651,12
500113008,20231103,1253,43,31,1,25.02594,121.50651,12
500113008,20231103,1254,43,31,1,25.02594,121.50651,12
500113008,20231103,1255,43,31,1,25.02594,121.50651,12
500113008,20231103,1256,43,30,1,25.02594,121.50651,13
500113008,20231103,1257,43,31,1,25.02594,121.50651,12
500113008,20231103,1258,43,31,1,25.02594,121.50651,12
500113008,20231103,1259,43,31,1,25.02594,121.50651,12
500113008,20231103,1261,43,30,1,25.02594,121.50651,13
500113008,20231103,1262,43,30,1,25.02594,121.50651,13
500113008,20231103,1263,43,30,1,25.02594,121.50651,13
500113008,20231103,1264,43,31,1,25.02594,121.50651,12
500113008,20231103,1265,43,31,1,25.02594,121.50651,12
500113008,20231103,1266,43,31,1,25.02594,121.50651,12
500113008,20231103,1267,43,31,1,25.02594,121.50651,12
500113008,20231103,1268,43,31,1,25.02594,121.50651,12
500113008,20231103,1269,43,31,1,25.02594,121.50651,12
500113008,20231103,1270,43,31,1,25.02594,121.50651,12
500113008,20231103,1271,43,30,1,25.02594,121.50651,13
500113008,20231103,1272,43,30,1,25.02594,121.50651,13
500113008,20231103,1273,43,31,1,25.02594,121.50651,12
500113008,20231103,1274,43,31,1,25.02594,121.50651,12
500113008,20231103,1275,43,33,1,25.02594,121.50651,10
500113008,20231103,1276,43,34,1,25.02594,121.50651,9
500113008,20231103,1277,43,34,1,25.02594,121.50651,9
500113008,20231103,1278,43,37,1,25.02594,121.50651,6
500113008,20231103,1279,43,37,1,25.02594,121.50651,6
500113008,20231103,1281,43,38,1,25.02594,121.50651,5
500113008,20231103,1282,43,37,1,25.02594,121.50651,6
500113008,20231103,1283,43,37,1,25.02594,121.50651,6
500113008,20231103,1284,43,37,1,25.02594,121.50651,6
500113008,20231103,1285,43,38,1,25.02594,121.50651,5
500113008,20231103,1286,43,38,1,25.02594,121.50651,5
500113008,20231103,1287,43,38,1,25.02594,121.50651,5
500113008,20231103,1288,43,38,1,25.02594,121.50651,5
500113008,20231103,1289,43,38,1,25.02594,121.50651,5
500113008,20231103,1291,43,37,1,25.02594,121.50651,6
500113008,20231103,1292,43,37,1,25.02594,121.50651,6
500113008,20231103,1293,43,37,1,25.02594,121.50651,6
500113008,20231103,1294,43,37,1,25.02594,121.50651,6
500113008,20231103,1295,43,37,1,25.02594,121.50651,6
500113008,20231103,1296,43,37,1,25.02594,121.50651,6
500113008,20231103,1297,43,37,1,25.02594,121.50651,6
500113008,20231103,1298,43,37,1,25.02594,121.50651,6
500113008,20231103,1299,43,35,1,25.02594,121.50651,8
500113008,20231103,1300,43,35,1,25.02594,121.50651,8
500113008,20231103,1301,43,35,1,25.02594,121.50651,8
500113008,20231103,1302,43,35,1,25.02594,121.50651,8
500113008,20231103,1303,43,35,1,25.02594,121.50651,8
500113008,20231103,1304,43,35,1,25.02594,121.50651,8
500113008,20231103,1305,43,36,1,25.02594,121.50651,7
500113008,20231103,1306,43,36,1,25.02594,121.50651,7
500113008,20231103,1307,43,36,1,25.02594,121.50651,7
500113008,20231103,1308,43,36,1,25.02594,121.50651,7
500113008,20231103,1309,43,36,1,25.02594,121.50651,7
500113008,20231103,1310,43,36,1,25.02594,121.50651,7
500113008,20231103,1311,43,37,1,25.02594,121.50651,6
500113008,20231103,1312,43,36,1,25.02594,121.50651,7
500113008,20231103,1313,43,36,1,25.02594,121.50651,7
500113008,20231103,1314,43,35,1,25.02594,121.50651,8
500113008,20231103,1315,43,35,1,25.02594,121.50651,8
500113008,20231103,1316,43,35,1,25.02594,121.50651,8
500113008,20231103,1317,43,34,1,25.02594,121.50651,9
500113008,20231103,1318,43,34,1,25.02594,121.50651,9
500113008,20231103,1319,43,34,1,25.02594,121.50651,9
500113008,20231103,1321,43,34,1,25.02594,121.50651,9
500113008,20231103,1322,43,34,1,25.02594,121.50651,9
500113008,20231103,1323,43,34,1,25.02594,121.50651,9
500113008,20231103,1324,43,34,1,25.02594,121.50651,9
500113008,20231103,1325,43,34,1,25.02594,121.50651,9
500113008,20231103,1326,43,34,1,25.02594,121.50651,9
500113008,20231103,1327,43,34,1,25.02594,121.50651,9
500113008,20231103,1328,43,34,1,25.02594,121.50651,9
500113008,20231103,1329,43,34,1,25.02594,121.50651,9
500113008,20231103,1330,43,34,1,25.02594,121.50651,9
500113008,20231103,1331,43,34,1,25.02594,121.50651,9
500113008,20231103,1332,43,34,1,25.02594,121.50651,9
500113008,20231103,1333,43,34,1,25.02594,121.50651,9
500113008,20231103,1334,43,34,1,25.02594,121.50651,9
500113008,20231103,1335,43,34,1,25.02594,121.50651,9
500113008,20231103,1336,43,34,1,25.02594,121.50651,9
500113008,20231103,1337,43,34,1,25.02594,121.50651,9
500113008,20231103,1338,43,34,1,25.02594,121.50651,9
500113008,20231103,1339,43,34,1,25.02594,121.50651,9
500113008,20231103,1341,43,34,1,25.02594,121.50651,9
500113008,20231103,1342,43,34,1,25.02594,121.50651,9
500113008,20231103,1343,43,33,1,25.02594,121.50651,10
500113008,20231103,1344,43,33,1,25.02594,121.50651,10
500113008,20231103,1345,43,33,1,25.02594,121.50651,10
500113008,20231103,1346,43,33,1,25.02594,121.50651,10
500113008,20231103,1347,43,33,1,25.02594,121.50651,10
500113008,20231103,1348,43,33,1,25.02594,121.50651,10
500113008,20231103,1349,43,33,1,25.02594,121.50651,10
500113008,20231103,1351,43,33,1,25.02594,121.50651,10
500113008,20231103,1352,43,33,1,25.02594,121.50651,10
500113008,20231103,1353,43,34,1,25.02594,121.50651,9
500113008,20231103,1354,43,34,1,25.02594,121.50651,9
500113008,20231103,1355,43,34,1,25.02594,121.50651,9
500113008,20231103,1356,43,34,1,25.02594,121.50651,9
500113008,20231103,1357,43,34,1,25.02594,121.50651,9
500113008,20231103,1358,43,34,1,25.02594,121.50651,9
500113008,20231103,1359,43,35,1,25.02594,121.50651,8
500113008,20231103,1360,43,35,1,25.02594,121.50651,8
500113008,20231103,1361,43,35,1,25.02594,121.50651,8
500113008,20231103,1362,43,36,1,25.02594,121.50651,7
500113008,20231103,1363,43,36,1,25.02594,121.50651,7
500113008,20231103,1364,43,36,1,25.02594,121.50651,7
500113008,20231103,1365,43,36,1,25.02594,121.50651,7
500113008,20231103,1366,43,37,1,25.02594,121.50651,6
500113008,20231103,1367,43,37,1,25.02594,121.50651,6
500113008,20231103,1368,43,36,1,25.02594,121.50651,7
500113008,20231103,1369,43,36,1,25.02594,121.50651,7
500113008,20231103,1370,43,35,1,25.02594,121.50651,8
500113008,20231103,1371,43,35,1,25.02594,121.50651,8
500113008,20231103,1373,43,35,1,25.02594,121.50651,8
500113008,20231103,1374,43,35,1,25.02594,121.50651,8
500113008,20231103,1375,43,35,1,25.02594,121.50651,8
500113008,20231103,1376,43,35,1,25.02594,121.50651,8
500113008,20231103,1377,43,35,1,25.02594,121.50651,8
500113008,20231103,1378,43,35,1,25.02594,121.50651,8
500113008,20231103,1379,43,35,1,25.02594,121.50651,8
500113008,20231103,1381,43,35,1,25.02594,121.50651,8
500113008,20231103,1382,43,35,1,25.02594,121.50651,8
500113008,20231103,1383,43,35,1,25.02594,121.50651,8
500113008,20231103,1384,43,35,1,25.02594,121.50651,8
500113008,20231103,1385,43,35,1,25.02594,121.50651,8
500113008,20231103,1386,43,35,1,25.02594,121.50651,8
500113008,20231103,1387,43,35,1,25.02594,121.50651,8
500113008,20231103,1388,43,35,1,25.02594,121.50651,8
500113008,20231103,1389,43,35,1,25.02594,121.50651,8
500113008,20231103,1391,43,35,1,25.02594,121.50651,8
500113008,20231103,1392,43,35,1,25.02594,121.50651,8
500113008,20231103,1394,43,35,1,25.02594,121.50651,8
500113008,20231103,1395,43,35,1,25.02594,121.50651,8
500113008,20231103,1396,43,35,1,25.02594,121.50651,8
500113008,20231103,1397,43,35,1,25.02594,121.50651,8
500113008,20231103,1398,43,35,1,25.02594,121.50651,8
500113008,20231103,1399,43,35,1,25.02594,121.50651,8
500113008,20231103,1401,43,35,1,25.02594,121.50651,8
500113008,20231103,1402,43,35,1,25.02594,121.50651,8
500113008,20231103,1403,43,35,1,25.02594,121.50651,8
500113008,20231103,1404,43,35,1,25.02594,121.50651,8
500113008,20231103,1405,43,35,1,25.02594,121.50651,8
500113008,20231103,1406,43,35,1,25.02594,121.50651,8
500113008,20231103,1407,43,34,1,25.02594,121.50651,9
500113008,20231103,1408,43,34,1,25.02594,121.50651,9
500113008,20231103,1409,43,34,1,25.02594,121.50651,9
500113008,20231103,1411,43,32,1,25.02594,121.50651,11
500113008,20231103,1412,43,32,1,25.02594,121.50651,11
500113008,20231103,1413,43,32,1,25.02594,121.50651,11
500113008,20231103,1414,43,32,1,25.02594,121.50651,11
500113008,20231103,1415,43,32,1,25.02594,121.50651,11
500113008,20231103,1416,43,32,1,25.02594,121.50651,11
500113008,20231103,1417,43,32,1,25.02594,121.50651,11
500113008,20231103,1418,43,32,1,25.02594,121.50651,11
500113008,20231103,1419,43,32,1,25.02594,121.50651,11
500113008,20231103,1421,43,32,1,25.02594,121.50651,11
500113008,20231103,1422,43,32,1,25.02594,121.50651,11
500113008,20231103,1423,43,33,1,25.02594,121.50651,10
500113008,20231103,1424,43,33,1,25.02594,121.50651,10
500113008,20231103,1425,43,33,1,25.02594,121.50651,10
500113008,20231103,1426,43,33,1,25.02594,121.50651,10
500113008,20231103,1427,43,33,1,25.02594,121.50651,10
500113008,20231103,1428,43,33,1,25.02594,121.50651,10
500113008,20231103,1429,43,33,1,25.02594,121.50651,10
500113008,20231103,1431,43,32,1,25.02594,121.50651,11
500113008,20231103,1432,43,32,1,25.02594,121.50651,11
500113008,20231103,1433,43,32,1,25.02594,121.50651,11
500113008,20231103,1434,43,32,1,25.02594,121.50651,11
500113008,20231103,1435,43,32,1,25.02594,121.50651,11
500113008,20231103,1436,43,32,1,25.02594,121.50651,11
500113008,20231103,1437,43,32,1,25.02594,121.50651,11
500113008,20231103,1438,43,32,1,25.02594,121.50651,11
500113008,20231103,1439,43,32,1,25.02594,121.50651,11
500113008,20231104,1,43,31,1,25.02594,121.50651,12
500113008,20231104,2,43,31,1,25.02594,121.50651,12
500113008,20231104,3,43,31,1,25.02594,121.50651,12
500113008,20231104,4,43,30,1,25.02594,121.50651,13
500113008,20231104,5,43,29,1,25.02594,121.50651,14
500113008,20231104,6,43,29,1,25.02594,121.50651,14
500113008,20231104,7,43,29,1,25.02594,121.50651,14
500113008,20231104,8,43,29,1,25.02594,121.50651,14
500113008,20231104,9,43,29,1,25.02594,121.50651,14
500113008,20231104,11,43,27,1,25.02594,121.50651,16
500113008,20231104,12,43,27,1,25.02594,121.50651,16
500113008,20231104,13,43,27,1,25.02594,121.50651,16
500113008,20231104,14,43,27,1,25.02594,121.50651,16
500113008,20231104,15,43,26,1,25.02594,121.50651,17
500113008,20231104,16,43,26,1,25.02594,121.50651,17
500113008,20231104,17,43,26,1,25.02594,121.50651,17
500113008,20231104,18,43,26,1,25.02594,121.50651,17
500113008,20231104,19,43,26,1,25.02594,121.50651,17
500113008,20231104,21,43,26,1,25.02594,121.50651,17
500113008,20231104,22,43,26,1,25.02594,121.50651,17
500113008,20231104,23,43,26,1,25.02594,121.50651,17
500113008,20231104,24,43,26,1,25.02594,121.50651,17
500113008,20231104,25,43,26,1,25.02594,121.50651,17
500113008,20231104,26,43,26,1,25.02594,121.50651,17
500113008,20231104,27,43,26,1,25.02594,121.50651,17
500113008,20231104,28,43,26,1,25.02594,121.50651,17
500113008,20231104,29,43,26,1,25.02594,121.50651,17
500113008,20231104,31,43,27,1,25.02594,121.50651,16
500113008,20231104,32,43,27,1,25.02594,121.50651,16
500113008,20231104,33,43,27,1,25.02594,121.50651,16
500113008,20231104,35,43,28,1,25.02594,121.50651,15
500113008,20231104,36,43,28,1,25.02594,121.50651,15
500113008,20231104,37,43,28,1,25.02594,121.50651,15
500113008,20231104,38,43,28,1,25.02594,121.50651,15
500113008,20231104,39,43,28,1,25.02594,121.50651,15
500113008,20231104,40,43,28,1,25.02594,121.50651,15
500113008,20231104,41,43,28,1,25.02594,121.50651,15
500113008,20231104,42,43,29,1,25.02594,121.50651,14
500113008,20231104,43,43,29,1,25.02594,121.50651,14
500113008,20231104,44,43,29,1,25.02594,121.50651,14
500113008,20231104,45,43,29,1,25.02594,121.50651,14
500113008,20231104,46,43,29,1,25.02594,121.50651,14
500113008,20231104,47,43,29,1,25.02594,121.50651,14
500113008,20231104,48,43,29,1,25.02594,121.50651,14
500113008,20231104,49,43,29,1,25.02594,121.50651,14
500113008,20231104,50,43,29,1,25.02594,121.50651,14
500113008,20231104,51,43,29,1,25.02594,121.50651,14
500113008,20231104,52,43,29,1,25.02594,121.50651,14
500113008,20231104,53,43,29,1,25.02594,121.50651,14
500113008,20231104,54,43,29,1,25.02594,121.50651,14
500113008,20231104,55,43,29,1,25.02594,121.50651,14
500113008,20231104,56,43,29,1,25.02594,121.50651,14
500113008,20231104,57,43,29,1,25.02594,121.50651,14
500113008,20231104,58,43,29,1,25.02594,121.50651,14
500113008,20231104,59,43,29,1,25.02594,121.50651,14
500113008,20231104,61,43,29,1,25.02594,121.50651,14
500113008,20231104,62,43,29,1,25.02594,121.50651,14
500113008,20231104,63,43,29,1,25.02594,121.50651,14
500113008,20231104,64,43,29,1,25.02594,121.50651,14
500113008,20231104,65,43,29,1,25.02594,121.50651,14
500113008,20231104,66,43,29,1,25.02594,121.50651,14
500113008,20231104,67,43,28,1,25.02594,121.50651,15
500113008,20231104,68,43,28,1,25.02594,121.50651,15
500113008,20231104,69,43,28,1,25.02594,121.50651,15
500113008,20231104,70,43,28,1,25.02594,121.50651,15
500113008,20231104,71,43,28,1,25.02594,121.50651,15
500113008,20231104,72,43,28,1,25.02594,121.50651,15
500113008,20231104,73,43,28,1,25.02594,121.50651,15
500113008,20231104,74,43,28,1,25.02594,121.50651,15
500113008,20231104,75,43,28,1,25.02594,121.50651,15
500113008,20231104,76,43,28,1,25.02594,121.50651,15
500113008,20231104,77,43,28,1,25.02594,121.50651,15
500113008,20231104,78,43,28,1,25.02594,121.50651,15
500113008,20231104,79,43,28,1,25.02594,121.50651,15
500113008,20231104,81,43,28,1,25.02594,121.50651,15
500113008,20231104,82,43,28,1,25.02594,121.50651,15
500113008,20231104,83,43,28,1,25.02594,121.50651,15
500113008,20231104,84,43,28,1,25.02594,121.50651,15
500113008,20231104,85,43,28,1,25.02594,121.50651,15
500113008,20231104,86,43,28,1,25.02594,121.50651,15
500113008,20231104,87,43,28,1,25.02594,121.50651,15
500113008,20231104,88,43,28,1,25.02594,121.50651,15
500113008,20231104,89,43,28,1,25.02594,121.50651,15
500113008,20231104,90,43,28,1,25.02594,121.50651,15
500113008,20231104,91,43,28,1,25.02594,121.50651,15
500113008,20231104,92,43,28,1,25.02594,121.50651,15
500113008,20231104,93,43,28,1,25.02594,121.50651,15
500113008,20231104,94,43,28,1,25.02594,121.50651,15
500113008,20231104,95,43,28,1,25.02594,121.50651,15
500113008,20231104,96,43,28,1,25.02594,121.50651,15
500113008,20231104,97,43,28,1,25.02594,121.50651,15
500113008,20231104,98,43,28,1,25.02594,121.50651,15
500113008,20231104,99,43,28,1,25.02594,121.50651,15
500113008,20231104,100,43,28,1,25.02594,121.50651,15
500113008,20231104,101,43,28,1,25.02594,121.50651,15
500113008,20231104,102,43,28,1,25.02594,121.50651,15
500113008,20231104,103,43,28,1,25.02594,121.50651,15
500113008,20231104,104,43,28,1,25.02594,121.50651,15
500113008,20231104,105,43,28,1,25.02594,121.50651,15
500113008,20231104,106,43,28,1,25.02594,121.50651,15
500113008,20231104,107,43,28,1,25.02594,121.50651,15
500113008,20231104,108,43,28,1,25.02594,121.50651,15
500113008,20231104,109,43,28,1,25.02594,121.50651,15
500113008,20231104,110,43,28,1,25.02594,121.50651,15
500113008,20231104,111,43,28,1,25.02594,121.50651,15
500113008,20231104,112,43,28,1,25.02594,121.50651,15
500113008,20231104,113,43,28,1,25.02594,121.50651,15
500113008,20231104,114,43,28,1,25.02594,121.50651,15
500113008,20231104,115,43,28,1,25.02594,121.50651,15
500113008,20231104,116,43,28,1,25.02594,121.50651,15
500113008,20231104,117,43,28,1,25.02594,121.50651,15
500113008,20231104,118,43,28,1,25.02594,121.50651,15
500113008,20231104,119,43,28,1,25.02594,121.50651,15
500113008,20231104,121,43,28,1,25.02594,121.50651,15
500113008,20231104,122,43,28,1,25.02594,121.50651,15
500113008,20231104,123,43,28,1,25.02594,121.50651,15
500113008,20231104,124,43,28,1,25.02594,121.50651,15
500113008,20231104,125,43,28,1,25.02594,121.50651,15
500113008,20231104,126,43,28,1,25.02594,121.50651,15
500113008,20231104,127,43,28,1,25.02594,121.50651,15
500113008,20231104,128,43,28,1,25.02594,121.50651,15
500113008,20231104,129,43,28,1,25.02594,121.50651,15
500113008,20231104,130,43,28,1,25.02594,121.50651,15
500113008,20231104,131,43,28,1,25.02594,121.50651,15
500113008,20231104,132,43,28,1,25.02594,121.50651,15
500113008,20231104,133,43,28,1,25.02594,121.50651,15
500113008,20231104,134,43,28,1,25.02594,121.50651,15
500113008,20231104,135,43,28,1,25.02594,121.50651,15
500113008,20231104,136,43,28,1,25.02594,121.50651,15
500113008,20231104,137,43,28,1,25.02594,121.50651,15
500113008,20231104,138,43,28,1,25.02594,121.50651,15
500113008,20231104,139,43,28,1,25.02594,121.50651,15
500113008,20231104,141,43,28,1,25.02594,121.50651,15
500113008,20231104,142,43,28,1,25.02594,121.50651,15
500113008,20231104,143,43,28,1,25.02594,121.50651,15
500113008,20231104,144,43,28,1,25.02594,121.50651,15
500113008,20231104,145,43,28,1,25.02594,121.50651,15
500113008,20231104,146,43,28,1,25.02594,121.50651,15
500113008,20231104,147,43,28,1,25.02594,121.50651,15
500113008,20231104,148,43,28,1,25.02594,121.50651,15
500113008,20231104,149,43,28,1,25.02594,121.50651,15
500113008,20231104,150,43,28,1,25.02594,121.50651,15
500113008,20231104,151,43,28,1,25.02594,121.50651,15
500113008,20231104,152,43,28,1,25.02594,121.50651,15
500113008,20231104,153,43,28,1,25.02594,121.50651,15
500113008,20231104,154,43,28,1,25.02594,121.50651,15
500113008,20231104,155,43,28,1,25.02594,121.50651,15
500113008,20231104,156,43,28,1,25.02594,121.50651,15
500113008,20231104,157,43,28,1,25.02594,121.50651,15
500113008,20231104,158,43,28,1,25.02594,121.50651,15
500113008,20231104,159,43,28,1,25.02594,121.50651,15
500113008,20231104,160,43,28,1,25.02594,121.50651,15
500113008,20231104,161,43,28,1,25.02594,121.50651,15
500113008,20231104,162,43,28,1,25.02594,121.50651,15
500113008,20231104,163,43,28,1,25.02594,121.50651,15
500113008,20231104,164,43,28,1,25.02594,121.50651,15
500113008,20231104,165,43,28,1,25.02594,121.50651,15
500113008,20231104,166,43,28,1,25.02594,121.50651,15
500113008,20231104,167,43,28,1,25.02594,121.50651,15
500113008,20231104,168,43,28,1,25.02594,121.50651,15
500113008,20231104,169,43,28,1,25.02594,121.50651,15
500113008,20231104,170,43,28,1,25.02594,121.50651,15
500113008,20231104,171,43,28,1,25.02594,121.50651,15
500113008,20231104,172,43,28,1,25.02594,121.50651,15
500113008,20231104,173,43,28,1,25.02594,121.50651,15
500113008,20231104,174,43,28,1,25.02594,121.50651,15
500113008,20231104,175,43,28,1,25.02594,121.50651,15
500113008,20231104,176,43,28,1,25.02594,121.50651,15
500113008,20231104,177,43,28,1,25.02594,121.50651,15
500113008,20231104,178,43,28,1,25.02594,121.50651,15
500113008,20231104,179,43,28,1,25.02594,121.50651,15
500113008,20231104,180,43,28,1,25.02594,121.50651,15
500113008,20231104,181,43,28,1,25.02594,121.50651,15
500113008,20231104,182,43,28,1,25.02594,121.50651,15
500113008,20231104,183,43,28,1,25.02594,121.50651,15
500113008,20231104,184,43,28,1,25.02594,121.50651,15
500113008,20231104,185,43,28,1,25.02594,121.50651,15
500113008,20231104,186,43,28,1,25.02594,121.50651,15
500113008,20231104,187,43,28,1,25.02594,121.50651,15
500113008,20231104,188,43,28,1,25.02594,121.50651,15
500113008,20231104,189,43,28,1,25.02594,121.50651,15
500113008,20231104,190,43,28,1,25.02594,121.50651,15
500113008,20231104,191,43,28,1,25.02594,121.50651,15
500113008,20231104,192,43,28,1,25.02594,121.50651,15
500113008,20231104,193,43,28,1,25.02594,121.50651,15
500113008,20231104,194,43,28,1,25.02594,121.50651,15
500113008,20231104,196,43,28,1,25.02594,121.50651,15
500113008,20231104,197,43,28,1,25.02594,121.50651,15
500113008,20231104,198,43,28,1,25.02594,121.50651,15
500113008,20231104,199,43,28,1,25.02594,121.50651,15
500113008,20231104,201,43,28,1,25.02594,121.50651,15
500113008,20231104,202,43,28,1,25.02594,121.50651,15
500113008,20231104,203,43,28,1,25.02594,121.50651,15
500113008,20231104,204,43,28,1,25.02594,121.50651,15
500113008,20231104,205,43,29,1,25.02594,121.50651,14
500113008,20231104,206,43,29,1,25.02594,121.50651,14
500113008,20231104,207,43,29,1,25.02594,121.50651,14
500113008,20231104,208,43,29,1,25.02594,121.50651,14
500113008,20231104,209,43,29,1,25.02594,121.50651,14
500113008,20231104,211,43,29,1,25.02594,121.50651,14
500113008,20231104,212,43,29,1,25.02594,121.50651,14
500113008,20231104,214,43,29,1,25.02594,121.50651,14
500113008,20231104,215,43,29,1,25.02594,121.50651,14
500113008,20231104,216,43,29,1,25.02594,121.50651,14
500113008,20231104,218,43,29,1,25.02594,121.50651,14
500113008,20231104,219,43,29,1,25.02594,121.50651,14
500113008,20231104,221,43,29,1,25.02594,121.50651,14
500113008,20231104,222,43,29,1,25.02594,121.50651,14
500113008,20231104,223,43,29,1,25.02594,121.50651,14
500113008,20231104,224,43,29,1,25.02594,121.50651,14
500113008,20231104,225,43,29,1,25.02594,121.50651,14
500113008,20231104,226,43,29,1,25.02594,121.50651,14
500113008,20231104,227,43,29,1,25.02594,121.50651,14
500113008,20231104,228,43,29,1,25.02594,121.50651,14
500113008,20231104,230,43,29,1,25.02594,121.50651,14
500113008,20231104,231,43,29,1,25.02594,121.50651,14
500113008,20231104,232,43,29,1,25.02594,121.50651,14
500113008,20231104,233,43,29,1,25.02594,121.50651,14
500113008,20231104,234,43,29,1,25.02594,121.50651,14
500113008,20231104,235,43,29,1,25.02594,121.50651,14
500113008,20231104,236,43,29,1,25.02594,121.50651,14
500113008,20231104,237,43,29,1,25.02594,121.50651,14
500113008,20231104,238,43,29,1,25.02594,121.50651,14
500113008,20231104,239,43,29,1,25.02594,121.50651,14
500113008,20231104,241,43,29,1,25.02594,121.50651,14
500113008,20231104,242,43,29,1,25.02594,121.50651,14
500113008,20231104,243,43,29,1,25.02594,121.50651,14
500113008,20231104,244,43,29,1,25.02594,121.50651,14
500113008,20231104,245,43,29,1,25.02594,121.50651,14
500113008,20231104,246,43,29,1,25.02594,121.50651,14
500113008,20231104,247,43,29,1,25.02594,121.50651,14
500113008,20231104,248,43,29,1,25.02594,121.50651,14
500113008,20231104,249,43,29,1,25.02594,121.50651,14
500113008,20231104,251,43,29,1,25.02594,121.50651,14
500113008,20231104,252,43,29,1,25.02594,121.50651,14
500113008,20231104,253,43,29,1,25.02594,121.50651,14
500113008,20231104,254,43,29,1,25.02594,121.50651,14
500113008,20231104,255,43,29,1,25.02594,121.50651,14
500113008,20231104,256,43,29,1,25.02594,121.50651,14
500113008,20231104,257,43,29,1,25.02594,121.50651,14
500113008,20231104,258,43,29,1,25.02594,121.50651,14
500113008,20231104,259,43,29,1,25.02594,121.50651,14
500113008,20231104,261,43,29,1,25.02594,121.50651,14
500113008,20231104,262,43,29,1,25.02594,121.50651,14
500113008,20231104,263,43,29,1,25.02594,121.50651,14
500113008,20231104,264,43,28,1,25.02594,121.50651,15
500113008,20231104,265,43,28,1,25.02594,121.50651,15
500113008,20231104,266,43,28,1,25.02594,121.50651,15
500113008,20231104,267,43,28,1,25.02594,121.50651,15
500113008,20231104,268,43,28,1,25.02594,121.50651,15
500113008,20231104,269,43,28,1,25.02594,121.50651,15
500113008,20231104,271,43,28,1,25.02594,121.50651,15
500113008,20231104,272,43,28,1,25.02594,121.50651,15
500113008,20231104,273,43,28,1,25.02594,121.50651,15
500113008,20231104,274,43,28,1,25.02594,121.50651,15
500113008,20231104,275,43,28,1,25.02594,121.50651,15
500113008,20231104,276,43,28,1,25.02594,121.50651,15
500113008,20231104,277,43,28,1,25.02594,121.50651,15
500113008,20231104,278,43,28,1,25.02594,121.50651,15
500113008,20231104,279,43,28,1,25.02594,121.50651,15
500113008,20231104,281,43,28,1,25.02594,121.50651,15
500113008,20231104,282,43,28,1,25.02594,121.50651,15
500113008,20231104,283,43,28,1,25.02594,121.50651,15
500113008,20231104,284,43,28,1,25.02594,121.50651,15
500113008,20231104,285,43,28,1,25.02594,121.50651,15
500113008,20231104,286,43,28,1,25.02594,121.50651,15
500113008,20231104,287,43,28,1,25.02594,121.50651,15
500113008,20231104,288,43,28,1,25.02594,121.50651,15
500113008,20231104,289,43,28,1,25.02594,121.50651,15
500113008,20231104,291,43,28,1,25.02594,121.50651,15
500113008,20231104,292,43,28,1,25.02594,121.50651,15
500113008,20231104,293,43,28,1,25.02594,121.50651,15
500113008,20231104,294,43,28,1,25.02594,121.50651,15
500113008,20231104,295,43,28,1,25.02594,121.50651,15
500113008,20231104,296,43,29,1,25.02594,121.50651,14
500113008,20231104,297,43,29,1,25.02594,121.50651,14
500113008,20231104,299,43,29,1,25.02594,121.50651,14
500113008,20231104,301,43,29,1,25.02594,121.50651,14
500113008,20231104,302,43,28,1,25.02594,121.50651,15
500113008,20231104,303,43,28,1,25.02594,121.50651,15
500113008,20231104,304,43,28,1,25.02594,121.50651,15
500113008,20231104,305,43,28,1,25.02594,121.50651,15
500113008,20231104,306,43,28,1,25.02594,121.50651,15
500113008,20231104,307,43,28,1,25.02594,121.50651,15
500113008,20231104,308,43,28,1,25.02594,121.50651,15
500113008,20231104,309,43,28,1,25.02594,121.50651,15
500113008,20231104,310,43,28,1,25.02594,121.50651,15
500113008,20231104,311,43,28,1,25.02594,121.50651,15
500113008,20231104,312,43,29,1,25.02594,121.50651,14
500113008,20231104,313,43,29,1,25.02594,121.50651,14
500113008,20231104,314,43,29,1,25.02594,121.50651,14
500113008,20231104,315,43,29,1,25.02594,121.50651,14
500113008,20231104,316,43,29,1,25.02594,121.50651,14
500113008,20231104,317,43,29,1,25.02594,121.50651,14
500113008,20231104,318,43,29,1,25.02594,121.50651,14
500113008,20231104,319,43,29,1,25.02594,121.50651,14
500113008,20231104,321,43,29,1,25.02594,121.50651,14
500113008,20231104,322,43,29,1,25.02594,121.50651,14
500113008,20231104,323,43,29,1,25.02594,121.50651,14
500113008,20231104,324,43,29,1,25.02594,121.50651,14
500113008,20231104,325,43,29,1,25.02594,121.50651,14
500113008,20231104,326,43,29,1,25.02594,121.50651,14
500113008,20231104,327,43,29,1,25.02594,121.50651,14
500113008,20231104,328,43,29,1,25.02594,121.50651,14
500113008,20231104,329,43,29,1,25.02594,121.50651,14
500113008,20231104,330,43,29,1,25.02594,121.50651,14
500113008,20231104,331,43,30,1,25.02594,121.50651,13
500113008,20231104,332,43,30,1,25.02594,121.50651,13
500113008,20231104,333,43,30,1,25.02594,121.50651,13
500113008,20231104,334,43,30,1,25.02594,121.50651,13
500113008,20231104,335,43,30,1,25.02594,121.50651,13
500113008,20231104,336,43,30,1,25.02594,121.50651,13
500113008,20231104,337,43,30,1,25.02594,121.50651,13
500113008,20231104,338,43,29,1,25.02594,121.50651,14
500113008,20231104,339,43,29,1,25.02594,121.50651,14
500113008,20231104,340,43,29,1,25.02594,121.50651,14
500113008,20231104,341,43,29,1,25.02594,121.50651,14
500113008,20231104,342,43,29,1,25.02594,121.50651,14
500113008,20231104,343,43,29,1,25.02594,121.50651,14
500113008,20231104,344,43,29,1,25.02594,121.50651,14
500113008,20231104,345,43,29,1,25.02594,121.50651,14
500113008,20231104,346,43,29,1,25.02594,121.50651,14
500113008,20231104,347,43,29,1,25.02594,121.50651,14
500113008,20231104,348,43,29,1,25.02594,121.50651,14
500113008,20231104,349,43,29,1,25.02594,121.50651,14
500113008,20231104,350,43,29,1,25.02594,121.50651,14
500113008,20231104,351,43,29,1,25.02594,121.50651,14
500113008,20231104,352,43,29,1,25.02594,121.50651,14
500113008,20231104,353,43,29,1,25.02594,121.50651,14
500113008,20231104,354,43,29,1,25.02594,121.50651,14
500113008,20231104,355,43,29,1,25.02594,121.50651,14
500113008,20231104,356,43,29,1,25.02594,121.50651,14
500113008,20231104,357,43,29,1,25.02594,121.50651,14
500113008,20231104,358,43,29,1,25.02594,121.50651,14
500113008,20231104,359,43,29,1,25.02594,121.50651,14
500113008,20231104,360,43,29,1,25.02594,121.50651,14
500113008,20231104,361,43,29,1,25.02594,121.50651,14
500113008,20231104,362,43,29,1,25.02594,121.50651,14
500113008,20231104,363,43,29,1,25.02594,121.50651,14
500113008,20231104,364,43,30,1,25.02594,121.50651,13
500113008,20231104,365,43,30,1,25.02594,121.50651,13
500113008,20231104,366,43,30,1,25.02594,121.50651,13
500113008,20231104,367,43,30,1,25.02594,121.50651,13
500113008,20231104,368,43,30,1,25.02594,121.50651,13
500113008,20231104,369,43,30,1,25.02594,121.50651,13
500113008,20231104,370,43,30,1,25.02594,121.50651,13
500113008,20231104,371,43,30,1,25.02594,121.50651,13
500113008,20231104,372,43,30,1,25.02594,121.50651,13
500113008,20231104,373,43,30,1,25.02594,121.50651,13
500113008,20231104,374,43,30,1,25.02594,121.50651,13
500113008,20231104,375,43,30,1,25.02594,121.50651,13
500113008,20231104,376,43,30,1,25.02594,121.50651,13
500113008,20231104,377,43,31,1,25.02594,121.50651,12
500113008,20231104,378,43,31,1,25.02594,121.50651,12
500113008,20231104,379,43,32,1,25.02594,121.50651,11
500113008,20231104,381,43,31,1,25.02594,121.50651,12
500113008,20231104,382,43,31,1,25.02594,121.50651,12
500113008,20231104,383,43,31,1,25.02594,121.50651,12
500113008,20231104,384,43,30,1,25.02594,121.50651,13
500113008,20231104,385,43,31,1,25.02594,121.50651,12
500113008,20231104,386,43,31,1,25.02594,121.50651,12
500113008,20231104,387,43,31,1,25.02594,121.50651,12
500113008,20231104,388,43,31,1,25.02594,121.50651,12
500113008,20231104,389,43,31,1,25.02594,121.50651,12
500113008,20231104,390,43,31,1,25.02594,121.50651,12
500113008,20231104,391,43,31,1,25.02594,121.50651,12
500113008,20231104,392,43,32,1,25.02594,121.50651,11
500113008,20231104,393,43,32,1,25.02594,121.50651,11
500113008,20231104,394,43,32,1,25.02594,121.50651,11
500113008,20231104,395,43,32,1,25.02594,121.50651,11
500113008,20231104,396,43,32,1,25.02594,121.50651,11
500113008,20231104,397,43,32,1,25.02594,121.50651,11
500113008,20231104,398,43,32,1,25.02594,121.50651,11
500113008,20231104,399,43,32,1,25.02594,121.50651,11
500113008,20231104,400,43,32,1,25.02594,121.50651,11
500113008,20231104,401,43,32,1,25.02594,121.50651,11
500113008,20231104,402,43,31,1,25.02594,121.50651,12
500113008,20231104,403,43,31,1,25.02594,121.50651,12
500113008,20231104,404,43,31,1,25.02594,121.50651,12
500113008,20231104,405,43,31,1,25.02594,121.50651,12
500113008,20231104,406,43,32,1,25.02594,121.50651,11
500113008,20231104,407,43,32,1,25.02594,121.50651,11
500113008,20231104,408,43,33,1,25.02594,121.50651,10
500113008,20231104,409,43,33,1,25.02594,121.50651,10
500113008,20231104,410,43,33,1,25.02594,121.50651,10
500113008,20231104,411,43,31,1,25.02594,121.50651,12
500113008,20231104,412,43,30,1,25.02594,121.50651,13
500113008,20231104,413,43,30,1,25.02594,121.50651,13
500113008,20231104,414,43,30,1,25.02594,121.50651,13
500113008,20231104,415,43,30,1,25.02594,121.50651,13
500113008,20231104,416,43,28,1,25.02594,121.50651,15
500113008,20231104,417,43,28,1,25.02594,121.50651,15
500113008,20231104,418,43,28,1,25.02594,121.50651,15
500113008,20231104,419,43,28,1,25.02594,121.50651,15
500113008,20231104,421,43,28,1,25.02594,121.50651,15
500113008,20231104,422,43,28,1,25.02594,121.50651,15
500113008,20231104,423,43,28,1,25.02594,121.50651,15
500113008,20231104,424,43,28,1,25.02594,121.50651,15
500113008,20231104,425,43,28,1,25.02594,121.50651,15
500113008,20231104,426,43,27,1,25.02594,121.50651,16
500113008,20231104,427,43,27,1,25.02594,121.50651,16
500113008,20231104,428,43,28,1,25.02594,121.50651,15
500113008,20231104,429,43,28,1,25.02594,121.50651,15
500113008,20231104,430,43,28,1,25.02594,121.50651,15
500113008,20231104,431,43,27,1,25.02594,121.50651,16
500113008,20231104,432,43,27,1,25.02594,121.50651,16
500113008,20231104,433,43,27,1,25.02594,121.50651,16
500113008,20231104,434,43,27,1,25.02594,121.50651,16
500113008,20231104,435,43,27,1,25.02594,121.50651,16
500113008,20231104,436,43,27,1,25.02594,121.50651,16
500113008,20231104,437,43,27,1,25.02594,121.50651,16
500113008,20231104,438,43,27,1,25.02594,121.50651,16
500113008,20231104,439,43,27,1,25.02594,121.50651,16
500113008,20231104,441,43,27,1,25.02594,121.50651,16
500113008,20231104,442,43,27,1,25.02594,121.50651,16
500113008,20231104,443,43,27,1,25.02594,121.50651,16
500113008,20231104,444,43,27,1,25.02594,121.50651,16
500113008,20231104,445,43,27,1,25.02594,121.50651,16
500113008,20231104,446,43,27,1,25.02594,121.50651,16
500113008,20231104,447,43,27,1,25.02594,121.50651,16
500113008,20231104,448,43,26,1,25.02594,121.50651,17
500113008,20231104,449,43,26,1,25.02594,121.50651,17
500113008,20231104,450,43,26,1,25.02594,121.50651,17
500113008,20231104,451,43,26,1,25.02594,121.50651,17
500113008,20231104,452,43,26,1,25.02594,121.50651,17
500113008,20231104,453,43,26,1,25.02594,121.50651,17
500113008,20231104,454,43,27,1,25.02594,121.50651,16
500113008,20231104,455,43,27,1,25.02594,121.50651,16
500113008,20231104,456,43,27,1,25.02594,121.50651,16
500113008,20231104,457,43,27,1,25.02594,121.50651,16
500113008,20231104,458,43,27,1,25.02594,121.50651,16
500113008,20231104,459,43,26,1,25.02594,121.50651,17
500113008,20231104,460,43,26,1,25.02594,121.50651,17
500113008,20231104,461,43,27,1,25.02594,121.50651,16
500113008,20231104,462,43,27,1,25.02594,121.50651,16
500113008,20231104,464,43,27,1,25.02594,121.50651,16
500113008,20231104,465,43,27,1,25.02594,121.50651,16
500113008,20231104,466,43,27,1,25.02594,121.50651,16
500113008,20231104,467,43,29,1,25.02594,121.50651,14
500113008,20231104,468,43,29,1,25.02594,121.50651,14
500113008,20231104,469,43,28,1,25.02594,121.50651,15
500113008,20231104,471,43,28,1,25.02594,121.50651,15
500113008,20231104,472,43,28,1,25.02594,121.50651,15
500113008,20231104,473,43,28,1,25.02594,121.50651,15
500113008,20231104,475,43,28,1,25.02594,121.50651,15
500113008,20231104,476,43,28,1,25.02594,121.50651,15
500113008,20231104,477,43,27,1,25.02594,121.50651,16
500113008,20231104,478,43,26,1,25.02594,121.50651,17
500113008,20231104,479,43,26,1,25.02594,121.50651,17
500113008,20231104,481,43,26,1,25.02594,121.50651,17
500113008,20231104,482,43,26,1,25.02594,121.50651,17
500113008,20231104,483,43,26,1,25.02594,121.50651,17
500113008,20231104,484,43,26,1,25.02594,121.50651,17
500113008,20231104,485,43,27,1,25.02594,121.50651,16
500113008,20231104,486,43,26,1,25.02594,121.50651,17
500113008,20231104,487,43,26,1,25.02594,121.50651,17
500113008,20231104,488,43,26,1,25.02594,121.50651,17
500113008,20231104,489,43,28,1,25.02594,121.50651,15
500113008,20231104,491,43,28,1,25.02594,121.50651,15
500113008,20231104,492,43,30,1,25.02594,121.50651,13
500113008,20231104,493,43,30,1,25.02594,121.50651,13
500113008,20231104,494,43,29,1,25.02594,121.50651,14
500113008,20231104,495,43,29,1,25.02594,121.50651,14
500113008,20231104,497,43,29,1,25.02594,121.50651,14
500113008,20231104,498,43,29,1,25.02594,121.50651,14
500113008,20231104,499,43,29,1,25.02594,121.50651,14
500113008,20231104,501,43,29,1,25.02594,121.50651,14
500113008,20231104,502,43,29,1,25.02594,121.50651,14
500113008,20231104,503,43,29,1,25.02594,121.50651,14
500113008,20231104,505,43,30,1,25.02594,121.50651,13
500113008,20231104,506,43,30,1,25.02594,121.50651,13
500113008,20231104,507,43,30,1,25.02594,121.50651,13
500113008,20231104,508,43,29,1,25.02594,121.50651,14
500113008,20231104,509,43,29,1,25.02594,121.50651,14
500113008,20231104,511,43,29,1,25.02594,121.50651,14
500113008,20231104,512,43,30,1,25.02594,121.50651,13
500113008,20231104,513,43,30,1,25.02594,121.50651,13
500113008,20231104,514,43,31,1,25.02594,121.50651,12
500113008,20231104,516,43,31,1,25.02594,121.50651,12
500113008,20231104,517,43,31,1,25.02594,121.50651,12
500113008,20231104,518,43,31,1,25.02594,121.50651,12
500113008,20231104,519,43,31,1,25.02594,121.50651,12
500113008,20231104,521,43,31,1,25.02594,121.50651,12
500113008,20231104,522,43,30,1,25.02594,121.50651,13
500113008,20231104,523,43,29,1,25.02594,121.50651,14
500113008,20231104,524,43,29,1,25.02594,121.50651,14
500113008,20231104,526,43,29,1,25.02594,121.50651,14
500113008,20231104,527,43,29,1,25.02594,121.50651,14
500113008,20231104,528,43,30,1,25.02594,121.50651,13
500113008,20231104,529,43,32,1,25.02594,121.50651,11
500113008,20231104,531,43,30,1,25.02594,121.50651,13
500113008,20231104,532,43,31,1,25.02594,121.50651,12
500113008,20231104,533,43,31,1,25.02594,121.50651,12
500113008,20231104,535,43,29,1,25.02594,121.50651,14
500113008,20231104,536,43,24,1,25.02594,121.50651,19
500113008,20231104,537,43,21,1,25.02594,121.50651,22
500113008,20231104,538,43,21,1,25.02594,121.50651,22
500113008,20231104,539,43,19,1,25.02594,121.50651,24
500113008,20231104,541,43,18,1,25.02594,121.50651,25
500113008,20231104,542,43,17,1,25.02594,121.50651,26
500113008,20231104,543,43,17,1,25.02594,121.50651,26
500113008,20231104,544,43,17,1,25.02594,121.50651,26
500113008,20231104,545,43,17,1,25.02594,121.50651,26
500113008,20231104,546,43,17,1,25.02594,121.50651,26
500113008,20231104,547,43,17,1,25.02594,121.50651,26
500113008,20231104,548,43,17,1,25.02594,121.50651,26
500113008,20231104,549,43,17,1,25.02594,121.50651,26
500113008,20231104,551,43,18,1,25.02594,121.50651,25
500113008,20231104,553,43,18,1,25.02594,121.50651,25
500113008,20231104,554,43,17,1,25.02594,121.50651,26
500113008,20231104,555,43,18,1,25.02594,121.50651,25
500113008,20231104,556,43,18,1,25.02594,121.50651,25
500113008,20231104,557,43,18,1,25.02594,121.50651,25
500113008,20231104,558,43,15,1,25.02594,121.50651,28
500113008,20231104,559,43,15,1,25.02594,121.50651,28
500113008,20231104,561,43,15,1,25.02594,121.50651,28
500113008,20231104,562,43,15,1,25.02594,121.50651,28
500113008,20231104,563,43,15,1,25.02594,121.50651,27
500113008,20231104,564,43,15,1,25.02594,121.50651,28
500113008,20231104,565,43,15,1,25.02594,121.50651,28
500113008,20231104,566,43,15,1,25.02594,121.50651,28
500113008,20231104,567,43,15,1,25.02594,121.50651,28
500113008,20231104,568,43,15,1,25.02594,121.50651,28
500113008,20231104,569,43,15,1,25.02594,121.50651,28
500113008,20231104,571,43,13,1,25.02594,121.50651,30
500113008,20231104,572,43,13,1,25.02594,121.50651,30
500113008,20231104,573,43,13,1,25.02594,121.50651,30
500113008,20231104,574,43,13,1,25.02594,121.50651,30
500113008,20231104,575,43,13,1,25.02594,121.50651,30
500113008,20231104,576,43,12,1,25.02594,121.50651,31
500113008,20231104,577,43,12,1,25.02594,121.50651,31
500113008,20231104,578,43,12,1,25.02594,121.50651,31
500113008,20231104,579,43,10,1,25.02594,121.50651,33
500113008,20231104,580,43,8,1,25.02594,121.50651,35
500113008,20231104,581,43,8,1,25.02594,121.50651,35
500113008,20231104,582,43,8,1,25.02594,121.50651,35
500113008,20231104,583,43,9,1,25.02594,121.50651,34
500113008,20231104,584,43,10,1,25.02594,121.50651,33
500113008,20231104,585,43,10,1,25.02594,121.50651,33
500113008,20231104,586,43,10,1,25.02594,121.50651,33
500113008,20231104,587,43,10,1,25.02594,121.50651,33
500113008,20231104,588,43,10,1,25.02594,121.50651,33
500113008,20231104,589,43,11,1,25.02594,121.50651,32
500113008,20231104,590,43,11,1,25.02594,121.50651,32
500113008,20231104,591,43,11,1,25.02594,121.50651,32
500113008,20231104,592,43,11,1,25.02594,121.50651,32
500113008,20231104,593,43,11,1,25.02594,121.50651,32
500113008,20231104,594,43,13,1,25.02594,121.50651,30
500113008,20231104,595,43,13,1,25.02594,121.50651,30
500113008,20231104,596,43,13,1,25.02594,121.50651,30
500113008,20231104,597,43,12,1,25.02594,121.50651,31
500113008,20231104,598,43,12,1,25.02594,121.50651,31
500113008,20231104,599,43,12,1,25.02594,121.50651,31
500113008,20231104,601,43,10,1,25.02594,121.50651,33
500113008,20231104,602,43,9,1,25.02594,121.50651,34
500113008,20231104,603,43,9,1,25.02594,121.50651,34
500113008,20231104,604,43,9,1,25.02594,121.50651,34
500113008,20231104,605,43,10,1,25.02594,121.50651,33
500113008,20231104,606,43,9,1,25.02594,121.50651,34
500113008,20231104,607,43,9,1,25.02594,121.50651,34
500113008,20231104,608,43,9,1,25.02594,121.50651,34
500113008,20231104,609,43,9,1,25.02594,121.50651,34
500113008,20231104,610,43,10,1,25.02594,121.50651,33
500113008,20231104,611,43,8,1,25.02594,121.50651,35
500113008,20231104,612,43,8,1,25.02594,121.50651,35
500113008,20231104,613,43,8,1,25.02594,121.50651,35
500113008,20231104,614,43,8,1,25.02594,121.50651,35
500113008,20231104,615,43,8,1,25.02594,121.50651,35
500113008,20231104,616,43,8,1,25.02594,121.50651,35
500113008,20231104,617,43,8,1,25.02594,121.50651,35
500113008,20231104,618,43,8,1,25.02594,121.50651,35
500113008,20231104,619,43,7,1,25.02594,121.50651,36
500113008,20231104,621,43,5,1,25.02594,121.50651,38
500113008,20231104,622,43,5,1,25.02594,121.50651,38
500113008,20231104,623,43,5,1,25.02594,121.50651,38
500113008,20231104,624,43,6,1,25.02594,121.50651,37
500113008,20231104,625,43,7,1,25.02594,121.50651,36
500113008,20231104,626,43,7,1,25.02594,121.50651,36
500113008,20231104,627,43,7,1,25.02594,121.50651,36
500113008,20231104,628,43,6,1,25.02594,121.50651,37
500113008,20231104,629,43,6,1,25.02594,121.50651,37
500113008,20231104,631,43,7,1,25.02594,121.50651,36
500113008,20231104,632,43,6,1,25.02594,121.50651,37
500113008,20231104,633,43,7,1,25.02594,121.50651,36
500113008,20231104,634,43,7,1,25.02594,121.50651,36
500113008,20231104,635,43,7,1,25.02594,121.50651,36
500113008,20231104,636,43,8,1,25.02594,121.50651,35
500113008,20231104,637,43,7,1,25.02594,121.50651,36
500113008,20231104,638,43,7,1,25.02594,121.50651,36
500113008,20231104,639,43,7,1,25.02594,121.50651,36
500113008,20231104,640,43,8,1,25.02594,121.50651,35
500113008,20231104,641,43,8,1,25.02594,121.50651,35
500113008,20231104,642,43,7,1,25.02594,121.50651,36
500113008,20231104,643,43,7,1,25.02594,121.50651,36
500113008,20231104,644,43,7,1,25.02594,121.50651,36
500113008,20231104,645,43,7,1,25.02594,121.50651,36
500113008,20231104,646,43,7,1,25.02594,121.50651,36
500113008,20231104,647,43,7,1,25.02594,121.50651,36
500113008,20231104,648,43,7,1,25.02594,121.50651,36
500113008,20231104,649,43,6,1,25.02594,121.50651,37
500113008,20231104,650,43,5,1,25.02594,121.50651,38
500113008,20231104,651,43,5,1,25.02594,121.50651,38
500113008,20231104,652,43,5,1,25.02594,121.50651,38
500113008,20231104,653,43,5,1,25.02594,121.50651,38
500113008,20231104,654,43,5,1,25.02594,121.50651,38
500113008,20231104,655,43,5,1,25.02594,121.50651,38
500113008,20231104,656,43,6,1,25.02594,121.50651,37
500113008,20231104,657,43,6,1,25.02594,121.50651,37
500113008,20231104,658,43,6,1,25.02594,121.50651,37
500113008,20231104,659,43,6,1,25.02594,121.50651,37
500113008,20231104,661,43,6,1,25.02594,121.50651,37
500113008,20231104,662,43,6,1,25.02594,121.50651,37
500113008,20231104,663,43,6,1,25.02594,121.50651,37
500113008,20231104,664,43,7,1,25.02594,121.50651,36
500113008,20231104,665,43,7,1,25.02594,121.50651,36
500113008,20231104,666,43,7,1,25.02594,121.50651,36
500113008,20231104,667,43,7,1,25.02594,121.50651,36
500113008,20231104,668,43,7,1,25.02594,121.50651,36
500113008,20231104,669,43,7,1,25.02594,121.50651,36
500113008,20231104,670,43,7,1,25.02594,121.50651,36
500113008,20231104,671,43,7,1,25.02594,121.50651,36
500113008,20231104,672,43,7,1,25.02594,121.50651,36
500113008,20231104,673,43,7,1,25.02594,121.50651,36
500113008,20231104,674,43,7,1,25.02594,121.50651,36
500113008,20231104,675,43,6,1,25.02594,121.50651,37
500113008,20231104,676,43,6,1,25.02594,121.50651,37
500113008,20231104,677,43,6,1,25.02594,121.50651,37
500113008,20231104,678,43,6,1,25.02594,121.50651,37
500113008,20231104,679,43,6,1,25.02594,121.50651,37
500113008,20231104,681,43,6,1,25.02594,121.50651,37
500113008,20231104,682,43,6,1,25.02594,121.50651,37
500113008,20231104,683,43,6,1,25.02594,121.50651,37
500113008,20231104,684,43,6,1,25.02594,121.50651,37
500113008,20231104,685,43,5,1,25.02594,121.50651,38
500113008,20231104,686,43,5,1,25.02594,121.50651,38
500113008,20231104,687,43,5,1,25.02594,121.50651,38
500113008,20231104,688,43,5,1,25.02594,121.50651,38
500113008,20231104,689,43,5,1,25.02594,121.50651,38
500113008,20231104,691,43,5,1,25.02594,121.50651,38
500113008,20231104,692,43,4,1,25.02594,121.50651,39
500113008,20231104,694,43,4,1,25.02594,121.50651,39
500113008,20231104,695,43,4,1,25.02594,121.50651,39
500113008,20231104,696,43,4,1,25.02594,121.50651,39
500113008,20231104,697,43,5,1,25.02594,121.50651,38
500113008,20231104,698,43,5,1,25.02594,121.50651,38
500113008,20231104,699,43,6,1,25.02594,121.50651,37
500113008,20231104,700,43,7,1,25.02594,121.50651,36
500113008,20231104,701,43,7,1,25.02594,121.50651,36
500113008,20231104,702,43,7,1,25.02594,121.50651,36
500113008,20231104,703,43,7,1,25.02594,121.50651,36
500113008,20231104,704,43,7,1,25.02594,121.50651,36
500113008,20231104,705,43,7,1,25.02594,121.50651,36
500113008,20231104,706,43,6,1,25.02594,121.50651,37
500113008,20231104,707,43,7,1,25.02594,121.50651,36
500113008,20231104,708,43,7,1,25.02594,121.50651,36
500113008,20231104,709,43,8,1,25.02594,121.50651,35
500113008,20231104,710,43,8,1,25.02594,121.50651,35
500113008,20231104,711,43,8,1,25.02594,121.50651,35
500113008,20231104,712,43,9,1,25.02594,121.50651,34
500113008,20231104,713,43,9,1,25.02594,121.50651,34
500113008,20231104,714,43,10,1,25.02594,121.50651,33
500113008,20231104,715,43,10,1,25.02594,121.50651,33
500113008,20231104,716,43,10,1,25.02594,121.50651,33
500113008,20231104,717,43,10,1,25.02594,121.50651,33
500113008,20231104,718,43,10,1,25.02594,121.50651,33
500113008,20231104,719,43,10,1,25.02594,121.50651,33
500113008,20231104,721,43,10,1,25.02594,121.50651,33
500113008,20231104,722,43,10,1,25.02594,121.50651,33
500113008,20231104,723,43,10,1,25.02594,121.50651,33
500113008,20231104,724,43,11,1,25.02594,121.50651,32
500113008,20231104,725,43,11,1,25.02594,121.50651,32
500113008,20231104,726,43,11,1,25.02594,121.50651,32
500113008,20231104,727,43,11,1,25.02594,121.50651,32
500113008,20231104,728,43,11,1,25.02594,121.50651,32
500113008,20231104,729,43,11,1,25.02594,121.50651,32
500113008,20231104,730,43,11,1,25.02594,121.50651,32
500113008,20231104,731,43,11,1,25.02594,121.50651,32
500113008,20231104,732,43,11,1,25.02594,121.50651,32
500113008,20231104,733,43,11,1,25.02594,121.50651,32
500113008,20231104,734,43,11,1,25.02594,121.50651,32
500113008,20231104,735,43,11,1,25.02594,121.50651,32
500113008,20231104,737,43,11,1,25.02594,121.50651,32
500113008,20231104,738,43,11,1,25.02594,121.50651,32
500113008,20231104,739,43,11,1,25.02594,121.50651,32
500113008,20231104,741,43,10,1,25.02594,121.50651,33
500113008,20231104,742,43,10,1,25.02594,121.50651,33
500113008,20231104,743,43,10,1,25.02594,121.50651,33
500113008,20231104,744,43,8,1,25.02594,121.50651,35
500113008,20231104,745,43,8,1,25.02594,121.50651,35
500113008,20231104,746,43,9,1,25.02594,121.50651,34
500113008,20231104,747,43,10,1,25.02594,121.50651,33
500113008,20231104,748,43,10,1,25.02594,121.50651,33
500113008,20231104,749,43,10,1,25.02594,121.50651,33
500113008,20231104,751,43,10,1,25.02594,121.50651,33
500113008,20231104,752,43,10,1,25.02594,121.50651,33
500113008,20231104,753,43,10,1,25.02594,121.50651,33
500113008,20231104,754,43,10,1,25.02594,121.50651,33
500113008,20231104,755,43,10,1,25.02594,121.50651,33
500113008,20231104,756,43,10,1,25.02594,121.50651,33
500113008,20231104,757,43,10,1,25.02594,121.50651,33
500113008,20231104,758,43,10,1,25.02594,121.50651,33
500113008,20231104,759,43,10,1,25.02594,121.50651,33
500113008,20231104,761,43,12,1,25.02594,121.50651,31
500113008,20231104,762,43,12,1,25.02594,121.50651,31
500113008,20231104,763,43,12,1,25.02594,121.50651,31
500113008,20231104,764,43,12,1,25.02594,121.50651,31
500113008,20231104,765,43,12,1,25.02594,121.50651,31
500113008,20231104,766,43,12,1,25.02594,121.50651,31
500113008,20231104,767,43,12,1,25.02594,121.50651,31
500113008,20231104,768,43,12,1,25.02594,121.50651,31
500113008,20231104,769,43,12,1,25.02594,121.50651,31
500113008,20231104,771,43,12,1,25.02594,121.50651,31
500113008,20231104,772,43,12,1,25.02594,121.50651,31
500113008,20231104,773,43,12,1,25.02594,121.50651,31
500113008,20231104,775,43,12,1,25.02594,121.50651,31
500113008,20231104,776,43,12,1,25.02594,121.50651,31
500113008,20231104,777,43,12,1,25.02594,121.50651,31
500113008,20231104,778,43,12,1,25.02594,121.50651,31
500113008,20231104,779,43,12,1,25.02594,121.50651,31
500113008,20231104,781,43,14,1,25.02594,121.50651,29
500113008,20231104,782,43,14,1,25.02594,121.50651,29
500113008,20231104,783,43,13,1,25.02594,121.50651,30
500113008,20231104,784,43,13,1,25.02594,121.50651,30
500113008,20231104,785,43,13,1,25.02594,121.50651,30
500113008,20231104,786,43,13,1,25.02594,121.50651,30
500113008,20231104,787,43,13,1,25.02594,121.50651,30
500113008,20231104,788,43,13,1,25.02594,121.50651,30
500113008,20231104,789,43,13,1,25.02594,121.50651,30
500113008,20231104,791,43,14,1,25.02594,121.50651,29
500113008,20231104,792,43,14,1,25.02594,121.50651,29
500113008,20231104,793,43,14,1,25.02594,121.50651,29
500113008,20231104,794,43,13,1,25.02594,121.50651,30
500113008,20231104,795,43,12,1,25.02594,121.50651,31
500113008,20231104,796,43,12,1,25.02594,121.50651,31
500113008,20231104,797,43,10,1,25.02594,121.50651,33
500113008,20231104,798,43,11,1,25.02594,121.50651,32
500113008,20231104,799,43,11,1,25.02594,121.50651,32
500113008,20231104,801,43,11,1,25.02594,121.50651,32
500113008,20231104,802,43,11,1,25.02594,121.50651,32
500113008,20231104,803,43,11,1,25.02594,121.50651,32
500113008,20231104,804,43,10,1,25.02594,121.50651,33
500113008,20231104,805,43,10,1,25.02594,121.50651,33
500113008,20231104,806,43,10,1,25.02594,121.50651,33
500113008,20231104,807,43,10,1,25.02594,121.50651,33
500113008,20231104,808,43,10,1,25.02594,121.50651,33
500113008,20231104,809,43,10,1,25.02594,121.50651,33
500113008,20231104,811,43,10,1,25.02594,121.50651,33
500113008,20231104,812,43,11,1,25.02594,121.50651,32
500113008,20231104,813,43,11,1,25.02594,121.50651,32
500113008,20231104,814,43,11,1,25.02594,121.50651,32
500113008,20231104,815,43,11,1,25.02594,121.50651,32
500113008,20231104,816,43,11,1,25.02594,121.50651,32
500113008,20231104,817,43,11,1,25.02594,121.50651,32
500113008,20231104,818,43,11,1,25.02594,121.50651,32
500113008,20231104,819,43,10,1,25.02594,121.50651,33
500113008,20231104,821,43,10,1,25.02594,121.50651,33
500113008,20231104,822,43,10,1,25.02594,121.50651,33
500113008,20231104,823,43,10,1,25.02594,121.50651,33
500113008,20231104,824,43,10,1,25.02594,121.50651,33
500113008,20231104,825,43,10,1,25.02594,121.50651,33
500113008,20231104,826,43,10,1,25.02594,121.50651,33
500113008,20231104,827,43,10,1,25.02594,121.50651,33
500113008,20231104,828,43,10,1,25.02594,121.50651,33
500113008,20231104,829,43,12,1,25.02594,121.50651,31
500113008,20231104,831,43,12,1,25.02594,121.50651,31
500113008,20231104,832,43,12,1,25.02594,121.50651,31
500113008,20231104,833,43,12,1,25.02594,121.50651,31
500113008,20231104,834,43,12,1,25.02594,121.50651,31
500113008,20231104,835,43,12,1,25.02594,121.50651,31
500113008,20231104,836,43,12,1,25.02594,121.50651,31
500113008,20231104,837,43,14,1,25.02594,121.50651,29
500113008,20231104,838,43,15,1,25.02594,121.50651,28
500113008,20231104,839,43,15,1,25.02594,121.50651,28
500113008,20231104,841,43,12,1,25.02594,121.50651,31
500113008,20231104,842,43,13,1,25.02594,121.50651,30
500113008,20231104,843,43,13,1,25.02594,121.50651,30
500113008,20231104,844,43,11,1,25.02594,121.50651,32
500113008,20231104,845,43,10,1,25.02594,121.50651,33
500113008,20231104,846,43,10,1,25.02594,121.50651,33
500113008,20231104,847,43,10,1,25.02594,121.50651,33
500113008,20231104,848,43,10,1,25.02594,121.50651,33
500113008,20231104,849,43,10,1,25.02594,121.50651,33
500113008,20231104,850,43,10,1,25.02594,121.50651,33
500113008,20231104,851,43,10,1,25.02594,121.50651,33
500113008,20231104,852,43,10,1,25.02594,121.50651,33
500113008,20231104,853,43,10,1,25.02594,121.50651,33
500113008,20231104,854,43,10,1,25.02594,121.50651,33
500113008,20231104,855,43,10,1,25.02594,121.50651,33
500113008,20231104,856,43,10,1,25.02594,121.50651,33
500113008,20231104,857,43,10,1,25.02594,121.50651,33
500113008,20231104,858,43,10,1,25.02594,121.50651,33
500113008,20231104,859,43,10,1,25.02594,121.50651,33
500113008,20231104,861,43,10,1,25.02594,121.50651,33
500113008,20231104,862,43,10,1,25.02594,121.50651,33
500113008,20231104,863,43,10,1,25.02594,121.50651,33
500113008,20231104,864,43,10,1,25.02594,121.50651,33
500113008,20231104,865,43,9,1,25.02594,121.50651,34
500113008,20231104,866,43,9,1,25.02594,121.50651,34
500113008,20231104,867,43,9,1,25.02594,121.50651,34
500113008,20231104,868,43,9,1,25.02594,121.50651,34
500113008,20231104,869,43,9,1,25.02594,121.50651,34
500113008,20231104,871,43,8,1,25.02594,121.50651,35
500113008,20231104,872,43,8,1,25.02594,121.50651,35
500113008,20231104,873,43,8,1,25.02594,121.50651,35
500113008,20231104,874,43,8,1,25.02594,121.50651,35
500113008,20231104,875,43,9,1,25.02594,121.50651,34
500113008,20231104,876,43,10,1,25.02594,121.50651,33
500113008,20231104,877,43,11,1,25.02594,121.50651,32
500113008,20231104,878,43,11,1,25.02594,121.50651,32
500113008,20231104,879,43,11,1,25.02594,121.50651,32
500113008,20231104,880,43,11,1,25.02594,121.50651,32
500113008,20231104,881,43,11,1,25.02594,121.50651,32
500113008,20231104,882,43,11,1,25.02594,121.50651,32
500113008,20231104,883,43,11,1,25.02594,121.50651,32
500113008,20231104,884,43,11,1,25.02594,121.50651,32
500113008,20231104,885,43,11,1,25.02594,121.50651,32
500113008,20231104,886,43,11,1,25.02594,121.50651,32
500113008,20231104,887,43,10,1,25.02594,121.50651,33
500113008,20231104,888,43,10,1,25.02594,121.50651,33
500113008,20231104,889,43,10,1,25.02594,121.50651,33
500113008,20231104,890,43,9,1,25.02594,121.50651,34
500113008,20231104,891,43,11,1,25.02594,121.50651,32
500113008,20231104,892,43,11,1,25.02594,121.50651,32
500113008,20231104,893,43,11,1,25.02594,121.50651,32
500113008,20231104,894,43,11,1,25.02594,121.50651,32
500113008,20231104,895,43,11,1,25.02594,121.50651,32
500113008,20231104,896,43,11,1,25.02594,121.50651,32
500113008,20231104,897,43,11,1,25.02594,121.50651,32
500113008,20231104,898,43,11,1,25.02594,121.50651,32
500113008,20231104,899,43,10,1,25.02594,121.50651,33
500113008,20231104,901,43,10,1,25.02594,121.50651,33
500113008,20231104,902,43,10,1,25.02594,121.50651,33
500113008,20231104,903,43,10,1,25.02594,121.50651,33
500113008,20231104,904,43,10,1,25.02594,121.50651,33
500113008,20231104,905,43,13,1,25.02594,121.50651,30
500113008,20231104,906,43,13,1,25.02594,121.50651,30
500113008,20231104,907,43,13,1,25.02594,121.50651,30
500113008,20231104,908,43,13,1,25.02594,121.50651,30
500113008,20231104,909,43,13,1,25.02594,121.50651,30
500113008,20231104,910,43,13,1,25.02594,121.50651,30
500113008,20231104,911,43,13,1,25.02594,121.50651,30
500113008,20231104,912,43,13,1,25.02594,121.50651,30
500113008,20231104,913,43,14,1,25.02594,121.50651,29
500113008,20231104,914,43,14,1,25.02594,121.50651,29
500113008,20231104,915,43,15,1,25.02594,121.50651,28
500113008,20231104,916,43,15,1,25.02594,121.50651,28
500113008,20231104,917,43,15,1,25.02594,121.50651,28
500113008,20231104,918,43,15,1,25.02594,121.50651,28
500113008,20231104,919,43,15,1,25.02594,121.50651,28
500113008,20231104,921,43,15,1,25.02594,121.50651,28
500113008,20231104,922,43,16,1,25.02594,121.50651,27
500113008,20231104,923,43,16,1,25.02594,121.50651,27
500113008,20231104,924,43,16,1,25.02594,121.50651,27
500113008,20231104,925,43,16,1,25.02594,121.50651,27
500113008,20231104,926,43,16,1,25.02594,121.50651,27
500113008,20231104,927,43,16,1,25.02594,121.50651,27
500113008,20231104,928,43,15,1,25.02594,121.50651,28
500113008,20231104,929,43,15,1,25.02594,121.50651,28
500113008,20231104,931,43,16,1,25.02594,121.50651,27
500113008,20231104,932,43,16,1,25.02594,121.50651,27
500113008,20231104,933,43,15,1,25.02594,121.50651,28
500113008,20231104,934,43,16,1,25.02594,121.50651,27
500113008,20231104,935,43,16,1,25.02594,121.50651,27
500113008,20231104,936,43,17,1,25.02594,121.50651,26
500113008,20231104,937,43,17,1,25.02594,121.50651,26
500113008,20231104,938,43,17,1,25.02594,121.50651,26
500113008,20231104,939,43,17,1,25.02594,121.50651,26
500113008,20231104,940,43,16,1,25.02594,121.50651,27
500113008,20231104,941,43,16,1,25.02594,121.50651,27
500113008,20231104,942,43,16,1,25.02594,121.50651,27
500113008,20231104,943,43,16,1,25.02594,121.50651,27
500113008,20231104,944,43,16,1,25.02594,121.50651,27
500113008,20231104,945,43,16,1,25.02594,121.50651,27
500113008,20231104,946,43,16,1,25.02594,121.50651,27
500113008,20231104,947,43,16,1,25.02594,121.50651,27
500113008,20231104,948,43,17,1,25.02594,121.50651,26
500113008,20231104,949,43,17,1,25.02594,121.50651,26
500113008,20231104,950,43,18,1,25.02594,121.50651,25
500113008,20231104,951,43,18,1,25.02594,121.50651,25
500113008,20231104,952,43,18,1,25.02594,121.50651,25
500113008,20231104,953,43,18,1,25.02594,121.50651,25
500113008,20231104,954,43,18,1,25.02594,121.50651,25
500113008,20231104,955,43,18,1,25.02594,121.50651,25
500113008,20231104,956,43,18,1,25.02594,121.50651,25
500113008,20231104,957,43,18,1,25.02594,121.50651,25
500113008,20231104,958,43,18,1,25.02594,121.50651,25
500113008,20231104,959,43,17,1,25.02594,121.50651,26
500113008,20231104,961,43,17,1,25.02594,121.50651,26
500113008,20231104,962,43,18,1,25.02594,121.50651,25
500113008,20231104,963,43,18,1,25.02594,121.50651,25
500113008,20231104,964,43,18,1,25.02594,121.50651,25
500113008,20231104,965,43,18,1,25.02594,121.50651,25
500113008,20231104,966,43,19,1,25.02594,121.50651,24
500113008,20231104,967,43,19,1,25.02594,121.50651,24
500113008,20231104,968,43,19,1,25.02594,121.50651,24
500113008,20231104,969,43,19,1,25.02594,121.50651,24
500113008,20231104,970,43,20,1,25.02594,121.50651,23
500113008,20231104,971,43,20,1,25.02594,121.50651,23
500113008,20231104,972,43,21,1,25.02594,121.50651,22
500113008,20231104,973,43,21,1,25.02594,121.50651,22
500113008,20231104,974,43,20,1,25.02594,121.50651,23
500113008,20231104,975,43,19,1,25.02594,121.50651,24
500113008,20231104,976,43,21,1,25.02594,121.50651,22
500113008,20231104,977,43,21,1,25.02594,121.50651,22
500113008,20231104,978,43,21,1,25.02594,121.50651,22
500113008,20231104,979,43,21,1,25.02594,121.50651,22
500113008,20231104,981,43,23,1,25.02594,121.50651,20
500113008,20231104,982,43,23,1,25.02594,121.50651,20
500113008,20231104,983,43,23,1,25.02594,121.50651,20
500113008,20231104,984,43,23,1,25.02594,121.50651,20
500113008,20231104,985,43,23,1,25.02594,121.50651,20
500113008,20231104,986,43,22,1,25.02594,121.50651,21
500113008,20231104,987,43,22,1,25.02594,121.50651,21
500113008,20231104,988,43,19,1,25.02594,121.50651,24
500113008,20231104,989,43,19,1,25.02594,121.50651,24
500113008,20231104,991,43,18,1,25.02594,121.50651,25
500113008,20231104,992,43,18,1,25.02594,121.50651,25
500113008,20231104,993,43,18,1,25.02594,121.50651,25
500113008,20231104,994,43,19,1,25.02594,121.50651,24
500113008,20231104,995,43,19,1,25.02594,121.50651,24
500113008,20231104,996,43,19,1,25.02594,121.50651,24
500113008,20231104,997,43,19,1,25.02594,121.50651,24
500113008,20231104,998,43,17,1,25.02594,121.50651,26
500113008,20231104,999,43,17,1,25.02594,121.50651,26
500113008,20231104,1000,43,17,1,25.02594,121.50651,26
500113008,20231104,1001,43,18,1,25.02594,121.50651,25
500113008,20231104,1002,43,18,1,25.02594,121.50651,25
500113008,20231104,1003,43,18,1,25.02594,121.50651,25
500113008,20231104,1004,43,16,1,25.02594,121.50651,27
500113008,20231104,1005,43,16,1,25.02594,121.50651,27
500113008,20231104,1006,43,16,1,25.02594,121.50651,27
500113008,20231104,1007,43,16,1,25.02594,121.50651,27
500113008,20231104,1008,43,16,1,25.02594,121.50651,27
500113008,20231104,1009,43,16,1,25.02594,121.50651,27
500113008,20231104,1011,43,15,1,25.02594,121.50651,28
500113008,20231104,1012,43,16,1,25.02594,121.50651,27
500113008,20231104,1013,43,16,1,25.02594,121.50651,27
500113008,20231104,1014,43,16,1,25.02594,121.50651,27
500113008,20231104,1015,43,16,1,25.02594,121.50651,27
500113008,20231104,1016,43,19,1,25.02594,121.50651,24
500113008,20231104,1017,43,19,1,25.02594,121.50651,24
500113008,20231104,1018,43,19,1,25.02594,121.50651,24
500113008,20231104,1019,43,20,1,25.02594,121.50651,23
500113008,20231104,1021,43,20,1,25.02594,121.50651,23
500113008,20231104,1022,43,20,1,25.02594,121.50651,23
500113008,20231104,1023,43,22,1,25.02594,121.50651,21
500113008,20231104,1024,43,25,1,25.02594,121.50651,18
500113008,20231104,1025,43,25,1,25.02594,121.50651,18
500113008,20231104,1026,43,25,1,25.02594,121.50651,18
500113008,20231104,1027,43,25,1,25.02594,121.50651,18
500113008,20231104,1029,43,25,1,25.02594,121.50651,18
500113008,20231104,1031,43,24,1,25.02594,121.50651,19
500113008,20231104,1032,43,23,1,25.02594,121.50651,20
500113008,20231104,1033,43,23,1,25.02594,121.50651,20
500113008,20231104,1034,43,24,1,25.02594,121.50651,19
500113008,20231104,1035,43,22,1,25.02594,121.50651,21
500113008,20231104,1036,43,22,1,25.02594,121.50651,21
500113008,20231104,1037,43,21,1,25.02594,121.50651,22
500113008,20231104,1038,43,21,1,25.02594,121.50651,22
500113008,20231104,1039,43,21,1,25.02594,121.50651,22
500113008,20231104,1041,43,21,1,25.02594,121.50651,22
500113008,20231104,1042,43,19,1,25.02594,121.50651,24
500113008,20231104,1043,43,19,1,25.02594,121.50651,24
500113008,20231104,1044,43,19,1,25.02594,121.50651,24
500113008,20231104,1045,43,19,1,25.02594,121.50651,24
500113008,20231104,1046,43,18,1,25.02594,121.50651,25
500113008,20231104,1047,43,18,1,25.02594,121.50651,25
500113008,20231104,1048,43,18,1,25.02594,121.50651,25
500113008,20231104,1049,43,19,1,25.02594,121.50651,24
500113008,20231104,1051,43,18,1,25.02594,121.50651,25
500113008,20231104,1052,43,18,1,25.02594,121.50651,25
500113008,20231104,1053,43,19,1,25.02594,121.50651,24
500113008,20231104,1054,43,18,1,25.02594,121.50651,25
500113008,20231104,1055,43,21,1,25.02594,121.50651,22
500113008,20231104,1056,43,21,1,25.02594,121.50651,22
500113008,20231104,1057,43,21,1,25.02594,121.50651,22
500113008,20231104,1058,43,21,1,25.02594,121.50651,22
500113008,20231104,1059,43,21,1,25.02594,121.50651,22
500113008,20231104,1061,43,22,1,25.02594,121.50651,21
500113008,20231104,1062,43,22,1,25.02594,121.50651,21
500113008,20231104,1063,43,22,1,25.02594,121.50651,21
500113008,20231104,1064,43,23,1,25.02594,121.50651,20
500113008,20231104,1065,43,23,1,25.02594,121.50651,20
500113008,20231104,1067,43,22,1,25.02594,121.50651,21
500113008,20231104,1068,43,23,1,25.02594,121.50651,20
500113008,20231104,1069,43,23,1,25.02594,121.50651,20
500113008,20231104,1071,43,21,1,25.02594,121.50651,22
500113008,20231104,1072,43,21,1,25.02594,121.50651,22
500113008,20231104,1073,43,19,1,25.02594,121.50651,24
500113008,20231104,1074,43,19,1,25.02594,121.50651,24
500113008,20231104,1075,43,19,1,25.02594,121.50651,24
500113008,20231104,1076,43,19,1,25.02594,121.50651,24
500113008,20231104,1077,43,19,1,25.02594,121.50651,24
500113008,20231104,1078,43,19,1,25.02594,121.50651,24
500113008,20231104,1079,43,19,1,25.02594,121.50651,24
500113008,20231104,1081,43,19,1,25.02594,121.50651,24
500113008,20231104,1082,43,19,1,25.02594,121.50651,24
500113008,20231104,1083,43,18,1,25.02594,121.50651,25
500113008,20231104,1084,43,18,1,25.02594,121.50651,25
500113008,20231104,1085,43,17,1,25.02594,121.50651,26
500113008,20231104,1086,43,17,1,25.02594,121.50651,26
500113008,20231104,1087,43,17,1,25.02594,121.50651,26
500113008,20231104,1088,43,17,1,25.02594,121.50651,26
500113008,20231104,1089,43,15,1,25.02594,121.50651,28
500113008,20231104,1091,43,15,1,25.02594,121.50651,28
500113008,20231104,1092,43,15,1,25.02594,121.50651,28
500113008,20231104,1093,43,14,1,25.02594,121.50651,29
500113008,20231104,1094,43,12,1,25.02594,121.50651,31
500113008,20231104,1095,43,12,1,25.02594,121.50651,31
500113008,20231104,1096,43,12,1,25.02594,121.50651,31
500113008,20231104,1097,43,13,1,25.02594,121.50651,30
500113008,20231104,1098,43,14,1,25.02594,121.50651,29
500113008,20231104,1099,43,14,1,25.02594,121.50651,29
500113008,20231104,1101,43,12,1,25.02594,121.50651,31
500113008,20231104,1102,43,12,1,25.02594,121.50651,31
500113008,20231104,1103,43,12,1,25.02594,121.50651,31
500113008,20231104,1104,43,12,1,25.02594,121.50651,31
500113008,20231104,1105,43,12,1,25.02594,121.50651,31
500113008,20231104,1106,43,12,1,25.02594,121.50651,31
500113008,20231104,1107,43,10,1,25.02594,121.50651,33
500113008,20231104,1108,43,10,1,25.02594,121.50651,33
500113008,20231104,1109,43,9,1,25.02594,121.50651,34
500113008,20231104,1111,43,9,1,25.02594,121.50651,34
500113008,20231104,1112,43,9,1,25.02594,121.50651,34
500113008,20231104,1113,43,8,1,25.02594,121.50651,35
500113008,20231104,1114,43,8,1,25.02594,121.50651,35
500113008,20231104,1115,43,8,1,25.02594,121.50651,35
500113008,20231104,1116,43,7,1,25.02594,121.50651,36
500113008,20231104,1117,43,7,1,25.02594,121.50651,36
500113008,20231104,1118,43,7,1,25.02594,121.50651,36
500113008,20231104,1119,43,7,1,25.02594,121.50651,36
500113008,20231104,1120,43,7,1,25.02594,121.50651,36
500113008,20231104,1121,43,7,1,25.02594,121.50651,36
500113008,20231104,1122,43,7,1,25.02594,121.50651,36
500113008,20231104,1123,43,7,1,25.02594,121.50651,36
500113008,20231104,1124,43,8,1,25.02594,121.50651,35
500113008,20231104,1125,43,8,1,25.02594,121.50651,35
500113008,20231104,1126,43,9,1,25.02594,121.50651,34
500113008,20231104,1127,43,9,1,25.02594,121.50651,34
500113008,20231104,1128,43,11,1,25.02594,121.50651,32
500113008,20231104,1129,43,11,1,25.02594,121.50651,32
500113008,20231104,1130,43,12,1,25.02594,121.50651,31
500113008,20231104,1131,43,12,1,25.02594,121.50651,31
500113008,20231104,1132,43,12,1,25.02594,121.50651,31
500113008,20231104,1133,43,12,1,25.02594,121.50651,31
500113008,20231104,1134,43,11,1,25.02594,121.50651,32
500113008,20231104,1135,43,11,1,25.02594,121.50651,32
500113008,20231104,1136,43,10,1,25.02594,121.50651,33
500113008,20231104,1137,43,11,1,25.02594,121.50651,32
500113008,20231104,1138,43,11,1,25.02594,121.50651,32
500113008,20231104,1139,43,11,1,25.02594,121.50651,32
500113008,20231104,1141,43,11,1,25.02594,121.50651,32
500113008,20231104,1142,43,11,1,25.02594,121.50651,32
500113008,20231104,1143,43,9,1,25.02594,121.50651,34
500113008,20231104,1144,43,9,1,25.02594,121.50651,34
500113008,20231104,1145,43,9,1,25.02594,121.50651,34
500113008,20231104,1146,43,9,1,25.02594,121.50651,34
500113008,20231104,1147,43,9,1,25.02594,121.50651,34
500113008,20231104,1148,43,9,1,25.02594,121.50651,34
500113008,20231104,1149,43,8,1,25.02594,121.50651,35
500113008,20231104,1150,43,8,1,25.02594,121.50651,35
500113008,20231104,1151,43,8,1,25.02594,121.50651,35
500113008,20231104,1152,43,7,1,25.02594,121.50651,36
500113008,20231104,1153,43,6,1,25.02594,121.50651,37
500113008,20231104,1154,43,6,1,25.02594,121.50651,37
500113008,20231104,1155,43,5,1,25.02594,121.50651,38
500113008,20231104,1156,43,5,1,25.02594,121.50651,38
500113008,20231104,1157,43,5,1,25.02594,121.50651,38
500113008,20231104,1158,43,5,1,25.02594,121.50651,38
500113008,20231104,1159,43,5,1,25.02594,121.50651,38
500113008,20231104,1161,43,4,1,25.02594,121.50651,39
500113008,20231104,1162,43,3,1,25.02594,121.50651,40
500113008,20231104,1163,43,3,1,25.02594,121.50651,40
500113008,20231104,1164,43,2,1,25.02594,121.50651,41
500113008,20231104,1165,43,1,1,25.02594,121.50651,42
500113008,20231104,1166,43,1,1,25.02594,121.50651,42
500113008,20231104,1167,43,2,1,25.02594,121.50651,41
500113008,20231104,1168,43,2,1,25.02594,121.50651,41
500113008,20231104,1169,43,2,1,25.02594,121.50651,41
500113008,20231104,1171,43,2,1,25.02594,121.50651,41
500113008,20231104,1172,43,2,1,25.02594,121.50651,41
500113008,20231104,1173,43,2,1,25.02594,121.50651,41
500113008,20231104,1174,43,2,1,25.02594,121.50651,41
500113008,20231104,1175,43,1,1,25.02594,121.50651,42
500113008,20231104,1176,43,0,1,25.02594,121.50651,43
500113008,20231104,1177,43,0,1,25.02594,121.50651,43
500113008,20231104,1178,43,0,1,25.02594,121.50651,43
500113008,20231104,1179,43,0,1,25.02594,121.50651,43
500113008,20231104,1180,43,2,1,25.02594,121.50651,41
500113008,20231104,1181,43,3,1,25.02594,121.50651,40
500113008,20231104,1182,43,4,1,25.02594,121.50651,39
500113008,20231104,1183,43,6,1,25.02594,121.50651,37
500113008,20231104,1184,43,8,1,25.02594,121.50651,35
500113008,20231104,1185,43,8,1,25.02594,121.50651,35
500113008,20231104,1186,43,9,1,25.02594,121.50651,34
500113008,20231104,1187,43,8,1,25.02594,121.50651,35
500113008,20231104,1188,43,8,1,25.02594,121.50651,35
500113008,20231104,1189,43,8,1,25.02594,121.50651,35
500113008,20231104,1190,43,8,1,25.02594,121.50651,35
500113008,20231104,1191,43,9,1,25.02594,121.50651,34
500113008,20231104,1192,43,8,1,25.02594,121.50651,35
500113008,20231104,1193,43,8,1,25.02594,121.50651,35
500113008,20231104,1194,43,7,1,25.02594,121.50651,36
500113008,20231104,1195,43,7,1,25.02594,121.50651,36
500113008,20231104,1196,43,7,1,25.02594,121.50651,36
500113008,20231104,1197,43,4,1,25.02594,121.50651,39
500113008,20231104,1198,43,4,1,25.02594,121.50651,39
500113008,20231104,1199,43,4,1,25.02594,121.50651,39
500113008,20231104,1201,43,4,1,25.02594,121.50651,39
500113008,20231104,1202,43,4,1,25.02594,121.50651,39
500113008,20231104,1203,43,4,1,25.02594,121.50651,39
500113008,20231104,1204,43,3,1,25.02594,121.50651,40
500113008,20231104,1205,43,3,1,25.02594,121.50651,40
500113008,20231104,1206,43,3,1,25.02594,121.50651,40
500113008,20231104,1207,43,3,1,25.02594,121.50651,40
500113008,20231104,1208,43,4,1,25.02594,121.50651,39
500113008,20231104,1209,43,4,1,25.02594,121.50651,39
500113008,20231104,1210,43,2,1,25.02594,121.50651,41
500113008,20231104,1211,43,2,1,25.02594,121.50651,41
500113008,20231104,1212,43,2,1,25.02594,121.50651,41
500113008,20231104,1213,43,2,1,25.02594,121.50651,41
500113008,20231104,1214,43,1,1,25.02594,121.50651,42
500113008,20231104,1215,43,1,1,25.02594,121.50651,42
500113008,20231104,1216,43,1,1,25.02594,121.50651,42
500113008,20231104,1217,43,1,1,25.02594,121.50651,42
500113008,20231104,1218,43,1,1,25.02594,121.50651,42
500113008,20231104,1219,43,1,1,25.02594,121.50651,42
500113008,20231104,1221,43,1,1,25.02594,121.50651,42
500113008,20231104,1222,43,1,1,25.02594,121.50651,42
500113008,20231104,1223,43,1,1,25.02594,121.50651,42
500113008,20231104,1224,43,1,1,25.02594,121.50651,42
500113008,20231104,1225,43,1,1,25.02594,121.50651,42
500113008,20231104,1226,43,1,1,25.02594,121.50651,42
500113008,20231104,1227,43,1,1,25.02594,121.50651,42
500113008,20231104,1228,43,1,1,25.02594,121.50651,42
500113008,20231104,1229,43,1,1,25.02594,121.50651,42
500113008,20231104,1231,43,2,1,25.02594,121.50651,41
500113008,20231104,1232,43,2,1,25.02594,121.50651,41
500113008,20231104,1233,43,2,1,25.02594,121.50651,41
500113008,20231104,1234,43,1,1,25.02594,121.50651,42
500113008,20231104,1235,43,1,1,25.02594,121.50651,42
500113008,20231104,1236,43,1,1,25.02594,121.50651,42
500113008,20231104,1237,43,1,1,25.02594,121.50651,42
500113008,20231104,1238,43,1,1,25.02594,121.50651,42
500113008,20231104,1239,43,1,1,25.02594,121.50651,42
500113008,20231104,1240,43,1,1,25.02594,121.50651,42
500113008,20231104,1241,43,1,1,25.02594,121.50651,42
500113008,20231104,1242,43,1,1,25.02594,121.50651,42
500113008,20231104,1243,43,0,1,25.02594,121.50651,43
500113008,20231104,1244,43,0,1,25.02594,121.50651,43
500113008,20231104,1245,43,0,1,25.02594,121.50651,43
500113008,20231104,1246,43,1,1,25.02594,121.50651,42
500113008,20231104,1247,43,1,1,25.02594,121.50651,42
500113008,20231104,1248,43,2,1,25.02594,121.50651,41
500113008,20231104,1249,43,4,1,25.02594,121.50651,39
500113008,20231104,1250,43,3,1,25.02594,121.50651,40
500113008,20231104,1251,43,5,1,25.02594,121.50651,38
500113008,20231104,1252,43,5,1,25.02594,121.50651,38
500113008,20231104,1253,43,5,1,25.02594,121.50651,38
500113008,20231104,1254,43,5,1,25.02594,121.50651,38
500113008,20231104,1255,43,5,1,25.02594,121.50651,38
500113008,20231104,1256,43,5,1,25.02594,121.50651,38
500113008,20231104,1257,43,5,1,25.02594,121.50651,38
500113008,20231104,1258,43,5,1,25.02594,121.50651,38
500113008,20231104,1259,43,5,1,25.02594,121.50651,38
500113008,20231104,1261,43,6,1,25.02594,121.50651,37
500113008,20231104,1262,43,6,1,25.02594,121.50651,37
500113008,20231104,1263,43,6,1,25.02594,121.50651,37
500113008,20231104,1264,43,6,1,25.02594,121.50651,37
500113008,20231104,1265,43,7,1,25.02594,121.50651,36
500113008,20231104,1266,43,7,1,25.02594,121.50651,36
500113008,20231104,1267,43,7,1,25.02594,121.50651,36
500113008,20231104,1268,43,7,1,25.02594,121.50651,36
500113008,20231104,1269,43,6,1,25.02594,121.50651,37
500113008,20231104,1270,43,6,1,25.02594,121.50651,37
500113008,20231104,1271,43,6,1,25.02594,121.50651,37
500113008,20231104,1272,43,6,1,25.02594,121.50651,37
500113008,20231104,1273,43,6,1,25.02594,121.50651,37
500113008,20231104,1274,43,6,1,25.02594,121.50651,37
500113008,20231104,1275,43,6,1,25.02594,121.50651,37
500113008,20231104,1276,43,6,1,25.02594,121.50651,37
500113008,20231104,1277,43,6,1,25.02594,121.50651,37
500113008,20231104,1278,43,6,1,25.02594,121.50651,37
500113008,20231104,1279,43,6,1,25.02594,121.50651,37
500113008,20231104,1282,43,6,1,25.02594,121.50651,37
500113008,20231104,1283,43,6,1,25.02594,121.50651,37
500113008,20231104,1284,43,6,1,25.02594,121.50651,37
500113008,20231104,1285,43,6,1,25.02594,121.50651,37
500113008,20231104,1286,43,6,1,25.02594,121.50651,37
500113008,20231104,1287,43,3,1,25.02594,121.50651,40
500113008,20231104,1288,43,3,1,25.02594,121.50651,40
500113008,20231104,1289,43,3,1,25.02594,121.50651,40
500113008,20231104,1291,43,4,1,25.02594,121.50651,39
500113008,20231104,1292,43,4,1,25.02594,121.50651,39
500113008,20231104,1293,43,4,1,25.02594,121.50651,39
500113008,20231104,1294,43,6,1,25.02594,121.50651,37
500113008,20231104,1295,43,8,1,25.02594,121.50651,35
500113008,20231104,1296,43,8,1,25.02594,121.50651,35
500113008,20231104,1297,43,8,1,25.02594,121.50651,35
500113008,20231104,1298,43,8,1,25.02594,121.50651,35
500113008,20231104,1299,43,8,1,25.02594,121.50651,35
500113008,20231104,1301,43,8,1,25.02594,121.50651,35
500113008,20231104,1302,43,7,1,25.02594,121.50651,36
500113008,20231104,1303,43,7,1,25.02594,121.50651,36
500113008,20231104,1304,43,7,1,25.02594,121.50651,36
500113008,20231104,1305,43,7,1,25.02594,121.50651,36
500113008,20231104,1306,43,7,1,25.02594,121.50651,36
500113008,20231104,1307,43,7,1,25.02594,121.50651,36
500113008,20231104,1308,43,7,1,25.02594,121.50651,36
500113008,20231104,1309,43,7,1,25.02594,121.50651,36
500113008,20231104,1311,43,7,1,25.02594,121.50651,36
500113008,20231104,1312,43,7,1,25.02594,121.50651,36
500113008,20231104,1313,43,7,1,25.02594,121.50651,36
500113008,20231104,1314,43,7,1,25.02594,121.50651,36
500113008,20231104,1315,43,7,1,25.02594,121.50651,36
500113008,20231104,1316,43,7,1,25.02594,121.50651,36
500113008,20231104,1317,43,7,1,25.02594,121.50651,36
500113008,20231104,1318,43,7,1,25.02594,121.50651,36
500113008,20231104,1319,43,7,1,25.02594,121.50651,36
500113008,20231104,1321,43,7,1,25.02594,121.50651,36
500113008,20231104,1322,43,7,1,25.02594,121.50651,36
500113008,20231104,1323,43,7,1,25.02594,121.50651,36
500113008,20231104,1324,43,7,1,25.02594,121.50651,36
500113008,20231104,1325,43,7,1,25.02594,121.50651,36
500113008,20231104,1326,43,7,1,25.02594,121.50651,36
500113008,20231104,1327,43,4,1,25.02594,121.50651,39
500113008,20231104,1328,43,3,1,25.02594,121.50651,40
500113008,20231104,1329,43,3,1,25.02594,121.50651,40
500113008,20231104,1331,43,4,1,25.02594,121.50651,39
500113008,20231104,1332,43,3,1,25.02594,121.50651,40
500113008,20231104,1333,43,3,1,25.02594,121.50651,40
500113008,20231104,1334,43,3,1,25.02594,121.50651,40
500113008,20231104,1335,43,3,1,25.02594,121.50651,40
500113008,20231104,1336,43,3,1,25.02594,121.50651,40
500113008,20231104,1337,43,3,1,25.02594,121.50651,40
500113008,20231104,1338,43,3,1,25.02594,121.50651,40
500113008,20231104,1339,43,3,1,25.02594,121.50651,40
500113008,20231104,1341,43,3,1,25.02594,121.50651,40
500113008,20231104,1342,43,3,1,25.02594,121.50651,40
500113008,20231104,1343,43,3,1,25.02594,121.50651,40
500113008,20231104,1344,43,3,1,25.02594,121.50651,40
500113008,20231104,1345,43,3,1,25.02594,121.50651,40
500113008,20231104,1346,43,3,1,25.02594,121.50651,40
500113008,20231104,1347,43,3,1,25.02594,121.50651,40
500113008,20231104,1348,43,3,1,25.02594,121.50651,40
500113008,20231104,1349,43,3,1,25.02594,121.50651,40
500113008,20231104,1351,43,1,1,25.02594,121.50651,42
500113008,20231104,1352,43,1,1,25.02594,121.50651,42
500113008,20231104,1353,43,1,1,25.02594,121.50651,42
500113008,20231104,1354,43,1,1,25.02594,121.50651,42
500113008,20231104,1355,43,0,1,25.02594,121.50651,43
500113008,20231104,1356,43,0,1,25.02594,121.50651,43
500113008,20231104,1357,43,1,1,25.02594,121.50651,42
500113008,20231104,1358,43,1,1,25.02594,121.50651,42
500113008,20231104,1359,43,1,1,25.02594,121.50651,42
500113008,20231104,1361,43,1,1,25.02594,121.50651,42
500113008,20231104,1362,43,1,1,25.02594,121.50651,42
500113008,20231104,1363,43,1,1,25.02594,121.50651,42
500113008,20231104,1364,43,1,1,25.02594,121.50651,42
500113008,20231104,1365,43,0,1,25.02594,121.50651,43
500113008,20231104,1366,43,0,1,25.02594,121.50651,43
500113008,20231104,1367,43,0,1,25.02594,121.50651,43
500113008,20231104,1368,43,1,1,25.02594,121.50651,42
500113008,20231104,1369,43,1,1,25.02594,121.50651,42
500113008,20231104,1370,43,1,1,25.02594,121.50651,42
500113008,20231104,1371,43,1,1,25.02594,121.50651,42
500113008,20231104,1372,43,1,1,25.02594,121.50651,42
500113008,20231104,1373,43,1,1,25.02594,121.50651,42
500113008,20231104,1374,43,0,1,25.02594,121.50651,43
500113008,20231104,1375,43,0,1,25.02594,121.50651,43
500113008,20231104,1376,43,0,1,25.02594,121.50651,43
500113008,20231104,1377,43,2,1,25.02594,121.50651,41
500113008,20231104,1378,43,2,1,25.02594,121.50651,41
500113008,20231104,1379,43,2,1,25.02594,121.50651,41
500113008,20231104,1381,43,0,1,25.02594,121.50651,43
500113008,20231104,1382,43,1,1,25.02594,121.50651,42
500113008,20231104,1383,43,1,1,25.02594,121.50651,42
500113008,20231104,1384,43,1,1,25.02594,121.50651,42
500113008,20231104,1385,43,1,1,25.02594,121.50651,42
500113008,20231104,1386,43,1,1,25.02594,121.50651,42
500113008,20231104,1387,43,1,1,25.02594,121.50651,42
500113008,20231104,1388,43,1,1,25.02594,121.50651,42
500113008,20231104,1389,43,1,1,25.02594,121.50651,42
500113008,20231104,1390,43,1,1,25.02594,121.50651,42
500113008,20231104,1391,43,1,1,25.02594,121.50651,42
500113008,20231104,1392,43,0,1,25.02594,121.50651,43
500113008,20231104,1393,43,0,1,25.02594,121.50651,43
500113008,20231104,1394,43,0,1,25.02594,121.50651,43
500113008,20231104,1395,43,3,1,25.02594,121.50651,40
500113008,20231104,1396,43,3,1,25.02594,121.50651,40
500113008,20231104,1397,43,2,1,25.02594,121.50651,41
500113008,20231104,1398,43,3,1,25.02594,121.50651,40
500113008,20231104,1399,43,5,1,25.02594,121.50651,38
500113008,20231104,1401,43,5,1,25.02594,121.50651,38
500113008,20231104,1402,43,5,1,25.02594,121.50651,38
500113008,20231104,1403,43,5,1,25.02594,121.50651,38
500113008,20231104,1404,43,5,1,25.02594,121.50651,38
500113008,20231104,1405,43,5,1,25.02594,121.50651,38
500113008,20231104,1406,43,4,1,25.02594,121.50651,39
500113008,20231104,1407,43,4,1,25.02594,121.50651,39
500113008,20231104,1408,43,4,1,25.02594,121.50651,39
500113008,20231104,1409,43,4,1,25.02594,121.50651,39
500113008,20231104,1410,43,4,1,25.02594,121.50651,39
500113008,20231104,1411,43,4,1,25.02594,121.50651,39
500113008,20231104,1412,43,4,1,25.02594,121.50651,39
500113008,20231104,1413,43,4,1,25.02594,121.50651,39
500113008,20231104,1414,43,4,1,25.02594,121.50651,39
500113008,20231104,1415,43,4,1,25.02594,121.50651,39
500113008,20231104,1416,43,4,1,25.02594,121.50651,39
500113008,20231104,1417,43,4,1,25.02594,121.50651,39
500113008,20231104,1418,43,4,1,25.02594,121.50651,39
500113008,20231104,1419,43,4,1,25.02594,121.50651,39
500113008,20231104,1420,43,4,1,25.02594,121.50651,39
500113008,20231104,1421,43,3,1,25.02594,121.50651,40
500113008,20231104,1422,43,3,1,25.02594,121.50651,40
500113008,20231104,1423,43,3,1,25.02594,121.50651,40
500113008,20231104,1424,43,3,1,25.02594,121.50651,40
500113008,20231104,1425,43,3,1,25.02594,121.50651,40
500113008,20231104,1426,43,3,1,25.02594,121.50651,40
500113008,20231104,1427,43,3,1,25.02594,121.50651,40
500113008,20231104,1428,43,2,1,25.02594,121.50651,41
500113008,20231104,1429,43,3,1,25.02594,121.50651,40
500113008,20231104,1430,43,3,1,25.02594,121.50651,40
500113008,20231104,1431,43,3,1,25.02594,121.50651,40
500113008,20231104,1432,43,3,1,25.02594,121.50651,40
500113008,20231104,1433,43,2,1,25.02594,121.50651,41
500113008,20231104,1434,43,1,1,25.02594,121.50651,42
500113008,20231104,1435,43,1,1,25.02594,121.50651,42
500113008,20231104,1436,43,2,1,25.02594,121.50651,41
500113008,20231104,1437,43,2,1,25.02594,121.50651,41
500113008,20231104,1438,43,2,1,25.02594,121.50651,41
500113008,20231104,1439,43,3,1,25.02594,121.50651,40
500113008,20231105,1,43,3,1,25.02594,121.50651,40
500113008,20231105,2,43,3,1,25.02594,121.50651,40
500113008,20231105,3,43,3,1,25.02594,121.50651,40
500113008,20231105,4,43,3,1,25.02594,121.50651,40
500113008,20231105,5,43,3,1,25.02594,121.50651,40
500113008,20231105,6,43,3,1,25.02594,121.50651,40
500113008,20231105,7,43,3,1,25.02594,121.50651,40
500113008,20231105,8,43,2,1,25.02594,121.50651,41
500113008,20231105,9,43,2,1,25.02594,121.50651,41
500113008,20231105,10,43,2,1,25.02594,121.50651,41
500113008,20231105,11,43,2,1,25.02594,121.50651,41
500113008,20231105,12,43,2,1,25.02594,121.50651,41
500113008,20231105,13,43,2,1,25.02594,121.50651,41
500113008,20231105,14,43,2,1,25.02594,121.50651,41
500113008,20231105,15,43,2,1,25.02594,121.50651,41
500113008,20231105,16,43,2,1,25.02594,121.50651,41
500113008,20231105,17,43,2,1,25.02594,121.50651,41
500113008,20231105,18,43,2,1,25.02594,121.50651,41
500113008,20231105,19,43,2,1,25.02594,121.50651,41
500113008,20231105,21,43,1,1,25.02594,121.50651,42
500113008,20231105,22,43,1,1,25.02594,121.50651,42
500113008,20231105,23,43,1,1,25.02594,121.50651,42
500113008,20231105,24,43,1,1,25.02594,121.50651,42
500113008,20231105,25,43,1,1,25.02594,121.50651,42
500113008,20231105,26,43,1,1,25.02594,121.50651,42
500113008,20231105,27,43,1,1,25.02594,121.50651,42
500113008,20231105,28,43,1,1,25.02594,121.50651,42
500113008,20231105,29,43,1,1,25.02594,121.50651,42
500113008,20231105,30,43,1,1,25.02594,121.50651,42
500113008,20231105,31,43,1,1,25.02594,121.50651,42
500113008,20231105,32,43,1,1,25.02594,121.50651,42
500113008,20231105,33,43,1,1,25.02594,121.50651,42
500113008,20231105,34,43,1,1,25.02594,121.50651,42
500113008,20231105,35,43,1,1,25.02594,121.50651,42
500113008,20231105,37,43,1,1,25.02594,121.50651,42
500113008,20231105,38,43,1,1,25.02594,121.50651,42
500113008,20231105,39,43,2,1,25.02594,121.50651,41
500113008,20231105,41,43,2,1,25.02594,121.50651,41
500113008,20231105,42,43,2,1,25.02594,121.50651,41
500113008,20231105,43,43,2,1,25.02594,121.50651,41
500113008,20231105,44,43,2,1,25.02594,121.50651,41
500113008,20231105,45,43,2,1,25.02594,121.50651,41
500113008,20231105,46,43,2,1,25.02594,121.50651,41
500113008,20231105,47,43,2,1,25.02594,121.50651,41
500113008,20231105,48,43,2,1,25.02594,121.50651,41
500113008,20231105,49,43,2,1,25.02594,121.50651,41
500113008,20231105,51,43,0,1,25.02594,121.50651,43
500113008,20231105,52,43,0,1,25.02594,121.50651,43
500113008,20231105,53,43,0,1,25.02594,121.50651,43
500113008,20231105,54,43,0,1,25.02594,121.50651,43
500113008,20231105,55,43,0,1,25.02594,121.50651,43
500113008,20231105,56,43,0,1,25.02594,121.50651,43
500113008,20231105,57,43,0,1,25.02594,121.50651,43
500113008,20231105,58,43,0,1,25.02594,121.50651,43
500113008,20231105,59,43,0,1,25.02594,121.50651,43
500113008,20231105,61,43,0,1,25.02594,121.50651,43
500113008,20231105,62,43,0,1,25.02594,121.50651,43
500113008,20231105,63,43,0,1,25.02594,121.50651,43
500113008,20231105,64,43,0,1,25.02594,121.50651,43
500113008,20231105,65,43,0,1,25.02594,121.50651,43
500113008,20231105,66,43,0,1,25.02594,121.50651,43
500113008,20231105,67,43,0,1,25.02594,121.50651,43
500113008,20231105,68,43,0,1,25.02594,121.50651,43
500113008,20231105,69,43,0,1,25.02594,121.50651,43
500113008,20231105,71,43,0,1,25.02594,121.50651,43
500113008,20231105,72,43,0,1,25.02594,121.50651,43
500113008,20231105,73,43,0,1,25.02594,121.50651,43
500113008,20231105,74,43,0,1,25.02594,121.50651,43
500113008,20231105,75,43,0,1,25.02594,121.50651,43
500113008,20231105,76,43,0,1,25.02594,121.50651,43
500113008,20231105,77,43,0,1,25.02594,121.50651,43
500113008,20231105,78,43,0,1,25.02594,121.50651,43
500113008,20231105,79,43,0,1,25.02594,121.50651,43
500113008,20231105,81,43,0,1,25.02594,121.50651,43
500113008,20231105,82,43,0,1,25.02594,121.50651,43
500113008,20231105,83,43,0,1,25.02594,121.50651,43
500113008,20231105,84,43,0,1,25.02594,121.50651,43
500113008,20231105,85,43,0,1,25.02594,121.50651,43
500113008,20231105,86,43,0,1,25.02594,121.50651,43
500113008,20231105,87,43,0,1,25.02594,121.50651,43
500113008,20231105,88,43,0,1,25.02594,121.50651,43
500113008,20231105,89,43,0,1,25.02594,121.50651,43
500113008,20231105,91,43,0,1,25.02594,121.50651,43
500113008,20231105,92,43,0,1,25.02594,121.50651,43
500113008,20231105,93,43,0,1,25.02594,121.50651,43
500113008,20231105,94,43,0,1,25.02594,121.50651,43
500113008,20231105,95,43,0,1,25.02594,121.50651,43
500113008,20231105,96,43,0,1,25.02594,121.50651,43
500113008,20231105,97,43,0,1,25.02594,121.50651,43
500113008,20231105,98,43,0,1,25.02594,121.50651,43
500113008,20231105,99,43,0,1,25.02594,121.50651,43
500113008,20231105,101,43,0,1,25.02594,121.50651,43
500113008,20231105,102,43,0,1,25.02594,121.50651,43
500113008,20231105,103,43,0,1,25.02594,121.50651,43
500113008,20231105,104,43,0,1,25.02594,121.50651,43
500113008,20231105,105,43,0,1,25.02594,121.50651,43
500113008,20231105,106,43,0,1,25.02594,121.50651,43
500113008,20231105,107,43,0,1,25.02594,121.50651,43
500113008,20231105,108,43,0,1,25.02594,121.50651,43
500113008,20231105,109,43,0,1,25.02594,121.50651,43
500113008,20231105,111,43,0,1,25.02594,121.50651,43
500113008,20231105,112,43,0,1,25.02594,121.50651,43
500113008,20231105,113,43,0,1,25.02594,121.50651,43
500113008,20231105,114,43,0,1,25.02594,121.50651,43
500113008,20231105,115,43,0,1,25.02594,121.50651,43
500113008,20231105,116,43,0,1,25.02594,121.50651,43
500113008,20231105,117,43,0,1,25.02594,121.50651,43
500113008,20231105,118,43,0,1,25.02594,121.50651,43
500113008,20231105,119,43,0,1,25.02594,121.50651,43
500113008,20231105,121,43,0,1,25.02594,121.50651,43
500113008,20231105,122,43,0,1,25.02594,121.50651,43
500113008,20231105,123,43,0,1,25.02594,121.50651,43
500113008,20231105,124,43,0,1,25.02594,121.50651,43
500113008,20231105,125,43,0,1,25.02594,121.50651,43
500113008,20231105,126,43,0,1,25.02594,121.50651,43
500113008,20231105,127,43,0,1,25.02594,121.50651,43
500113008,20231105,128,43,0,1,25.02594,121.50651,43
500113008,20231105,129,43,0,1,25.02594,121.50651,43
500113008,20231105,131,43,0,1,25.02594,121.50651,43
500113008,20231105,132,43,0,1,25.02594,121.50651,43
500113008,20231105,133,43,0,1,25.02594,121.50651,43
500113008,20231105,134,43,0,1,25.02594,121.50651,43
500113008,20231105,135,43,0,1,25.02594,121.50651,43
500113008,20231105,136,43,0,1,25.02594,121.50651,43
500113008,20231105,137,43,0,1,25.02594,121.50651,43
500113008,20231105,138,43,0,1,25.02594,121.50651,43
500113008,20231105,139,43,0,1,25.02594,121.50651,43
500113008,20231105,141,43,0,1,25.02594,121.50651,43
500113008,20231105,142,43,0,1,25.02594,121.50651,43
500113008,20231105,143,43,0,1,25.02594,121.50651,43
500113008,20231105,144,43,0,1,25.02594,121.50651,43
500113008,20231105,145,43,0,1,25.02594,121.50651,43
500113008,20231105,146,43,0,1,25.02594,121.50651,43
500113008,20231105,147,43,0,1,25.02594,121.50651,43
500113008,20231105,148,43,0,1,25.02594,121.50651,43
500113008,20231105,149,43,0,1,25.02594,121.50651,43
500113008,20231105,150,43,0,1,25.02594,121.50651,43
500113008,20231105,151,43,0,1,25.02594,121.50651,43
500113008,20231105,152,43,0,1,25.02594,121.50651,43
500113008,20231105,153,43,0,1,25.02594,121.50651,43
500113008,20231105,154,43,0,1,25.02594,121.50651,43
500113008,20231105,155,43,0,1,25.02594,121.50651,43
500113008,20231105,156,43,0,1,25.02594,121.50651,43
500113008,20231105,157,43,0,1,25.02594,121.50651,43
500113008,20231105,158,43,0,1,25.02594,121.50651,43
500113008,20231105,159,43,0,1,25.02594,121.50651,43
500113008,20231105,160,43,0,1,25.02594,121.50651,43
500113008,20231105,161,43,0,1,25.02594,121.50651,43
500113008,20231105,162,43,0,1,25.02594,121.50651,43
500113008,20231105,163,43,0,1,25.02594,121.50651,43
500113008,20231105,164,43,0,1,25.02594,121.50651,43
500113008,20231105,165,43,0,1,25.02594,121.50651,43
500113008,20231105,166,43,0,1,25.02594,121.50651,43
500113008,20231105,167,43,0,1,25.02594,121.50651,43
500113008,20231105,168,43,0,1,25.02594,121.50651,43
500113008,20231105,169,43,0,1,25.02594,121.50651,43
500113008,20231105,170,43,0,1,25.02594,121.50651,43
500113008,20231105,171,43,0,1,25.02594,121.50651,43
500113008,20231105,172,43,0,1,25.02594,121.50651,43
500113008,20231105,173,43,0,1,25.02594,121.50651,43
500113008,20231105,174,43,0,1,25.02594,121.50651,43
500113008,20231105,175,43,0,1,25.02594,121.50651,43
500113008,20231105,176,43,0,1,25.02594,121.50651,43
500113008,20231105,177,43,0,1,25.02594,121.50651,43
500113008,20231105,178,43,0,1,25.02594,121.50651,43
500113008,20231105,179,43,0,1,25.02594,121.50651,43
500113008,20231105,180,43,0,1,25.02594,121.50651,43
500113008,20231105,181,43,0,1,25.02594,121.50651,43
500113008,20231105,182,43,0,1,25.02594,121.50651,43
500113008,20231105,183,43,0,1,25.02594,121.50651,43
500113008,20231105,184,43,0,1,25.02594,121.50651,43
500113008,20231105,185,43,0,1,25.02594,121.50651,43
500113008,20231105,186,43,0,1,25.02594,121.50651,43
500113008,20231105,187,43,0,1,25.02594,121.50651,43
500113008,20231105,188,43,0,1,25.02594,121.50651,43
500113008,20231105,189,43,0,1,25.02594,121.50651,43
500113008,20231105,190,43,0,1,25.02594,121.50651,43
500113008,20231105,191,43,0,1,25.02594,121.50651,43
500113008,20231105,192,43,0,1,25.02594,121.50651,43
500113008,20231105,193,43,0,1,25.02594,121.50651,43
500113008,20231105,194,43,0,1,25.02594,121.50651,43
500113008,20231105,195,43,0,1,25.02594,121.50651,43
500113008,20231105,196,43,0,1,25.02594,121.50651,43
500113008,20231105,197,43,0,1,25.02594,121.50651,43
500113008,20231105,198,43,0,1,25.02594,121.50651,43
500113008,20231105,199,43,0,1,25.02594,121.50651,43
500113008,20231105,201,43,0,1,25.02594,121.50651,43
500113008,20231105,202,43,0,1,25.02594,121.50651,43
500113008,20231105,203,43,0,1,25.02594,121.50651,43
500113008,20231105,204,43,0,1,25.02594,121.50651,43
500113008,20231105,205,43,0,1,25.02594,121.50651,43
500113008,20231105,206,43,0,1,25.02594,121.50651,43
500113008,20231105,207,43,0,1,25.02594,121.50651,43
500113008,20231105,208,43,0,1,25.02594,121.50651,43
500113008,20231105,209,43,0,1,25.02594,121.50651,43
500113008,20231105,210,43,0,1,25.02594,121.50651,43
500113008,20231105,211,43,0,1,25.02594,121.50651,43
500113008,20231105,212,43,0,1,25.02594,121.50651,43
500113008,20231105,213,43,0,1,25.02594,121.50651,43
500113008,20231105,214,43,0,1,25.02594,121.50651,43
500113008,20231105,215,43,0,1,25.02594,121.50651,43
500113008,20231105,216,43,0,1,25.02594,121.50651,43
500113008,20231105,217,43,0,1,25.02594,121.50651,43
500113008,20231105,218,43,0,1,25.02594,121.50651,43
500113008,20231105,219,43,0,1,25.02594,121.50651,43
500113008,20231105,220,43,0,1,25.02594,121.50651,43
500113008,20231105,221,43,0,1,25.02594,121.50651,43
500113008,20231105,222,43,0,1,25.02594,121.50651,43
500113008,20231105,223,43,0,1,25.02594,121.50651,43
500113008,20231105,224,43,0,1,25.02594,121.50651,43
500113008,20231105,225,43,0,1,25.02594,121.50651,43
500113008,20231105,226,43,0,1,25.02594,121.50651,43
500113008,20231105,227,43,0,1,25.02594,121.50651,43
500113008,20231105,228,43,0,1,25.02594,121.50651,43
500113008,20231105,229,43,0,1,25.02594,121.50651,43
500113008,20231105,230,43,0,1,25.02594,121.50651,43
500113008,20231105,231,43,0,1,25.02594,121.50651,43
500113008,20231105,232,43,0,1,25.02594,121.50651,43
500113008,20231105,233,43,0,1,25.02594,121.50651,43
500113008,20231105,234,43,0,1,25.02594,121.50651,43
500113008,20231105,235,43,0,1,25.02594,121.50651,43
500113008,20231105,236,43,0,1,25.02594,121.50651,43
500113008,20231105,237,43,0,1,25.02594,121.50651,43
500113008,20231105,239,43,0,1,25.02594,121.50651,43
500113008,20231105,241,43,0,1,25.02594,121.50651,43
500113008,20231105,242,43,0,1,25.02594,121.50651,43
500113008,20231105,243,43,0,1,25.02594,121.50651,43
500113008,20231105,244,43,0,1,25.02594,121.50651,43
500113008,20231105,245,43,0,1,25.02594,121.50651,43
500113008,20231105,246,43,0,1,25.02594,121.50651,43
500113008,20231105,247,43,0,1,25.02594,121.50651,43
500113008,20231105,248,43,0,1,25.02594,121.50651,43
500113008,20231105,249,43,0,1,25.02594,121.50651,43
500113008,20231105,251,43,0,1,25.02594,121.50651,43
500113008,20231105,252,43,0,1,25.02594,121.50651,43
500113008,20231105,253,43,0,1,25.02594,121.50651,43
500113008,20231105,254,43,0,1,25.02594,121.50651,43
500113008,20231105,256,43,0,1,25.02594,121.50651,43
500113008,20231105,257,43,0,1,25.02594,121.50651,43
500113008,20231105,258,43,0,1,25.02594,121.50651,43
500113008,20231105,259,43,0,1,25.02594,121.50651,43
500113008,20231105,261,43,0,1,25.02594,121.50651,43
500113008,20231105,262,43,0,1,25.02594,121.50651,43
500113008,20231105,263,43,0,1,25.02594,121.50651,43
500113008,20231105,264,43,0,1,25.02594,121.50651,43
500113008,20231105,265,43,0,1,25.02594,121.50651,43
500113008,20231105,267,43,0,1,25.02594,121.50651,43
500113008,20231105,268,43,0,1,25.02594,121.50651,43
500113008,20231105,269,43,0,1,25.02594,121.50651,43
500113008,20231105,270,43,0,1,25.02594,121.50651,43
500113008,20231105,272,43,0,1,25.02594,121.50651,43
500113008,20231105,274,43,0,1,25.02594,121.50651,43
500113008,20231105,275,43,0,1,25.02594,121.50651,43
500113008,20231105,276,43,0,1,25.02594,121.50651,43
500113008,20231105,278,43,0,1,25.02594,121.50651,43
500113008,20231105,279,43,0,1,25.02594,121.50651,43
500113008,20231105,280,43,0,1,25.02594,121.50651,43
500113008,20231105,281,43,0,1,25.02594,121.50651,43
500113008,20231105,282,43,0,1,25.02594,121.50651,43
500113008,20231105,283,43,0,1,25.02594,121.50651,43
500113008,20231105,284,43,0,1,25.02594,121.50651,43
500113008,20231105,285,43,0,1,25.02594,121.50651,43
500113008,20231105,286,43,0,1,25.02594,121.50651,43
500113008,20231105,288,43,0,1,25.02594,121.50651,43
500113008,20231105,289,43,0,1,25.02594,121.50651,43
500113008,20231105,291,43,0,1,25.02594,121.50651,43
500113008,20231105,292,43,0,1,25.02594,121.50651,43
500113008,20231105,293,43,0,1,25.02594,121.50651,43
500113008,20231105,294,43,0,1,25.02594,121.50651,43
500113008,20231105,296,43,0,1,25.02594,121.50651,43
500113008,20231105,297,43,0,1,25.02594,121.50651,43
500113008,20231105,298,43,0,1,25.02594,121.50651,43
500113008,20231105,299,43,0,1,25.02594,121.50651,43
500113008,20231105,300,43,0,1,25.02594,121.50651,43
500113008,20231105,301,43,0,1,25.02594,121.50651,43
500113008,20231105,303,43,0,1,25.02594,121.50651,43
500113008,20231105,304,43,0,1,25.02594,121.50651,43
500113008,20231105,305,43,0,1,25.02594,121.50651,43
500113008,20231105,306,43,1,1,25.02594,121.50651,42
500113008,20231105,307,43,1,1,25.02594,121.50651,42
500113008,20231105,308,43,1,1,25.02594,121.50651,42
500113008,20231105,309,43,1,1,25.02594,121.50651,42
500113008,20231105,310,43,1,1,25.02594,121.50651,42
500113008,20231105,311,43,1,1,25.02594,121.50651,42
500113008,20231105,312,43,1,1,25.02594,121.50651,42
500113008,20231105,313,43,1,1,25.02594,121.50651,42
500113008,20231105,314,43,1,1,25.02594,121.50651,42
500113008,20231105,315,43,1,1,25.02594,121.50651,42
500113008,20231105,316,43,1,1,25.02594,121.50651,42
500113008,20231105,317,43,1,1,25.02594,121.50651,42
500113008,20231105,318,43,1,1,25.02594,121.50651,42
500113008,20231105,319,43,1,1,25.02594,121.50651,42
500113008,20231105,321,43,1,1,25.02594,121.50651,42
500113008,20231105,322,43,1,1,25.02594,121.50651,42
500113008,20231105,323,43,1,1,25.02594,121.50651,42
500113008,20231105,324,43,1,1,25.02594,121.50651,42
500113008,20231105,325,43,1,1,25.02594,121.50651,42
500113008,20231105,326,43,1,1,25.02594,121.50651,42
500113008,20231105,327,43,1,1,25.02594,121.50651,42
500113008,20231105,328,43,0,1,25.02594,121.50651,43
500113008,20231105,329,43,0,1,25.02594,121.50651,43
500113008,20231105,330,43,0,1,25.02594,121.50651,43
500113008,20231105,331,43,0,1,25.02594,121.50651,43
500113008,20231105,332,43,0,1,25.02594,121.50651,43
500113008,20231105,333,43,0,1,25.02594,121.50651,43
500113008,20231105,334,43,0,1,25.02594,121.50651,43
500113008,20231105,335,43,0,1,25.02594,121.50651,43
500113008,20231105,336,43,0,1,25.02594,121.50651,43
500113008,20231105,337,43,0,1,25.02594,121.50651,43
500113008,20231105,338,43,0,1,25.02594,121.50651,43
500113008,20231105,339,43,0,1,25.02594,121.50651,43
500113008,20231105,340,43,0,1,25.02594,121.50651,43
500113008,20231105,342,43,0,1,25.02594,121.50651,43
500113008,20231105,343,43,0,1,25.02594,121.50651,43
500113008,20231105,344,43,0,1,25.02594,121.50651,43
500113008,20231105,345,43,0,1,25.02594,121.50651,43
500113008,20231105,346,43,0,1,25.02594,121.50651,43
500113008,20231105,347,43,0,1,25.02594,121.50651,43
500113008,20231105,348,43,0,1,25.02594,121.50651,43
500113008,20231105,349,43,0,1,25.02594,121.50651,43
500113008,20231105,350,43,0,1,25.02594,121.50651,43
500113008,20231105,351,43,0,1,25.02594,121.50651,43
500113008,20231105,352,43,0,1,25.02594,121.50651,43
500113008,20231105,353,43,0,1,25.02594,121.50651,43
500113008,20231105,354,43,0,1,25.02594,121.50651,43
500113008,20231105,355,43,0,1,25.02594,121.50651,43
500113008,20231105,356,43,0,1,25.02594,121.50651,43
500113008,20231105,357,43,0,1,25.02594,121.50651,43
500113008,20231105,358,43,0,1,25.02594,121.50651,43
500113008,20231105,359,43,0,1,25.02594,121.50651,43
500113008,20231105,360,43,0,1,25.02594,121.50651,43
500113008,20231105,361,43,0,1,25.02594,121.50651,43
500113008,20231105,362,43,0,1,25.02594,121.50651,43
500113008,20231105,363,43,0,1,25.02594,121.50651,43
500113008,20231105,364,43,0,1,25.02594,121.50651,43
500113008,20231105,365,43,0,1,25.02594,121.50651,43
500113008,20231105,366,43,0,1,25.02594,121.50651,43
500113008,20231105,367,43,0,1,25.02594,121.50651,43
500113008,20231105,368,43,0,1,25.02594,121.50651,43
500113008,20231105,369,43,0,1,25.02594,121.50651,43
500113008,20231105,370,43,0,1,25.02594,121.50651,43
500113008,20231105,371,43,0,1,25.02594,121.50651,43
500113008,20231105,372,43,0,1,25.02594,121.50651,43
500113008,20231105,373,43,0,1,25.02594,121.50651,43
500113008,20231105,374,43,0,1,25.02594,121.50651,43
500113008,20231105,375,43,0,1,25.02594,121.50651,43
500113008,20231105,376,43,0,1,25.02594,121.50651,43
500113008,20231105,377,43,0,1,25.02594,121.50651,43
500113008,20231105,378,43,0,1,25.02594,121.50651,43
500113008,20231105,379,43,1,1,25.02594,121.50651,42
500113008,20231105,381,43,0,1,25.02594,121.50651,43
500113008,20231105,382,43,0,1,25.02594,121.50651,43
500113008,20231105,383,43,1,1,25.02594,121.50651,42
500113008,20231105,384,43,2,1,25.02594,121.50651,41
500113008,20231105,385,43,2,1,25.02594,121.50651,41
500113008,20231105,386,43,2,1,25.02594,121.50651,41
500113008,20231105,387,43,2,1,25.02594,121.50651,41
500113008,20231105,388,43,2,1,25.02594,121.50651,41
500113008,20231105,389,43,2,1,25.02594,121.50651,41
500113008,20231105,390,43,2,1,25.02594,121.50651,41
500113008,20231105,391,43,2,1,25.02594,121.50651,41
500113008,20231105,392,43,2,1,25.02594,121.50651,41
500113008,20231105,393,43,1,1,25.02594,121.50651,42
500113008,20231105,394,43,1,1,25.02594,121.50651,42
500113008,20231105,395,43,1,1,25.02594,121.50651,42
500113008,20231105,396,43,0,1,25.02594,121.50651,43
500113008,20231105,397,43,1,1,25.02594,121.50651,42
500113008,20231105,398,43,2,1,25.02594,121.50651,41
500113008,20231105,399,43,2,1,25.02594,121.50651,41
500113008,20231105,400,43,3,1,25.02594,121.50651,40
500113008,20231105,401,43,3,1,25.02594,121.50651,40
500113008,20231105,402,43,3,1,25.02594,121.50651,40
500113008,20231105,403,43,2,1,25.02594,121.50651,41
500113008,20231105,404,43,2,1,25.02594,121.50651,41
500113008,20231105,405,43,2,1,25.02594,121.50651,41
500113008,20231105,406,43,2,1,25.02594,121.50651,41
500113008,20231105,407,43,2,1,25.02594,121.50651,41
500113008,20231105,408,43,2,1,25.02594,121.50651,41
500113008,20231105,409,43,2,1,25.02594,121.50651,41
500113008,20231105,410,43,0,1,25.02594,121.50651,43
500113008,20231105,411,43,0,1,25.02594,121.50651,43
500113008,20231105,412,43,0,1,25.02594,121.50651,43
500113008,20231105,413,43,0,1,25.02594,121.50651,43
500113008,20231105,414,43,0,1,25.02594,121.50651,43
500113008,20231105,415,43,0,1,25.02594,121.50651,43
500113008,20231105,416,43,0,1,25.02594,121.50651,43
500113008,20231105,417,43,0,1,25.02594,121.50651,43
500113008,20231105,418,43,0,1,25.02594,121.50651,43
500113008,20231105,419,43,0,1,25.02594,121.50651,43
500113008,20231105,420,43,0,1,25.02594,121.50651,43
500113008,20231105,421,43,0,1,25.02594,121.50651,43
500113008,20231105,422,43,0,1,25.02594,121.50651,43
500113008,20231105,423,43,0,1,25.02594,121.50651,43
500113008,20231105,424,43,0,1,25.02594,121.50651,43
500113008,20231105,425,43,0,1,25.02594,121.50651,43
500113008,20231105,426,43,0,1,25.02594,121.50651,43
500113008,20231105,427,43,0,1,25.02594,121.50651,43
500113008,20231105,428,43,0,1,25.02594,121.50651,43
500113008,20231105,429,43,1,1,25.02594,121.50651,42
500113008,20231105,430,43,1,1,25.02594,121.50651,42
500113008,20231105,431,43,1,1,25.02594,121.50651,42
500113008,20231105,432,43,1,1,25.02594,121.50651,42
500113008,20231105,433,43,1,1,25.02594,121.50651,42
500113008,20231105,434,43,1,1,25.02594,121.50651,42
500113008,20231105,435,43,1,1,25.02594,121.50651,42
500113008,20231105,436,43,1,1,25.02594,121.50651,42
500113008,20231105,437,43,1,1,25.02594,121.50651,42
500113008,20231105,438,43,1,1,25.02594,121.50651,42
500113008,20231105,439,43,1,1,25.02594,121.50651,42
500113008,20231105,441,43,3,1,25.02594,121.50651,40
500113008,20231105,442,43,2,1,25.02594,121.50651,41
500113008,20231105,443,43,2,1,25.02594,121.50651,41
500113008,20231105,444,43,2,1,25.02594,121.50651,41
500113008,20231105,445,43,3,1,25.02594,121.50651,40
500113008,20231105,446,43,3,1,25.02594,121.50651,40
500113008,20231105,447,43,3,1,25.02594,121.50651,40
500113008,20231105,448,43,3,1,25.02594,121.50651,40
500113008,20231105,449,43,3,1,25.02594,121.50651,40
500113008,20231105,450,43,3,1,25.02594,121.50651,40
500113008,20231105,451,43,2,1,25.02594,121.50651,41
500113008,20231105,452,43,2,1,25.02594,121.50651,41
500113008,20231105,453,43,1,1,25.02594,121.50651,42
500113008,20231105,454,43,0,1,25.02594,121.50651,43
500113008,20231105,455,43,0,1,25.02594,121.50651,43
500113008,20231105,456,43,0,1,25.02594,121.50651,43
500113008,20231105,457,43,0,1,25.02594,121.50651,43
500113008,20231105,458,43,0,1,25.02594,121.50651,43
500113008,20231105,459,43,0,1,25.02594,121.50651,43
500113008,20231105,460,43,0,1,25.02594,121.50651,43
500113008,20231105,461,43,0,1,25.02594,121.50651,43
500113008,20231105,462,43,0,1,25.02594,121.50651,43
500113008,20231105,463,43,0,1,25.02594,121.50651,43
500113008,20231105,464,43,0,1,25.02594,121.50651,43
500113008,20231105,465,43,1,1,25.02594,121.50651,42
500113008,20231105,466,43,1,1,25.02594,121.50651,42
500113008,20231105,467,43,1,1,25.02594,121.50651,42
500113008,20231105,468,43,1,1,25.02594,121.50651,42
500113008,20231105,469,43,1,1,25.02594,121.50651,42
500113008,20231105,470,43,1,1,25.02594,121.50651,42
500113008,20231105,471,43,1,1,25.02594,121.50651,42
500113008,20231105,472,43,1,1,25.02594,121.50651,42
500113008,20231105,473,43,1,1,25.02594,121.50651,42
500113008,20231105,474,43,0,1,25.02594,121.50651,43
500113008,20231105,475,43,0,1,25.02594,121.50651,43
500113008,20231105,476,43,2,1,25.02594,121.50651,41
500113008,20231105,477,43,2,1,25.02594,121.50651,41
500113008,20231105,478,43,2,1,25.02594,121.50651,41
500113008,20231105,479,43,2,1,25.02594,121.50651,41
500113008,20231105,481,43,1,1,25.02594,121.50651,42
500113008,20231105,482,43,0,1,25.02594,121.50651,43
500113008,20231105,483,43,0,1,25.02594,121.50651,43
500113008,20231105,484,43,0,1,25.02594,121.50651,43
500113008,20231105,485,43,0,1,25.02594,121.50651,43
500113008,20231105,486,43,0,1,25.02594,121.50651,43
500113008,20231105,487,43,0,1,25.02594,121.50651,43
500113008,20231105,488,43,1,1,25.02594,121.50651,42
500113008,20231105,489,43,1,1,25.02594,121.50651,42
500113008,20231105,490,43,1,1,25.02594,121.50651,42
500113008,20231105,491,43,1,1,25.02594,121.50651,42
500113008,20231105,492,43,1,1,25.02594,121.50651,42
500113008,20231105,493,43,1,1,25.02594,121.50651,42
500113008,20231105,494,43,0,1,25.02594,121.50651,43
500113008,20231105,495,43,0,1,25.02594,121.50651,43
500113008,20231105,496,43,0,1,25.02594,121.50651,43
500113008,20231105,497,43,0,1,25.02594,121.50651,43
500113008,20231105,498,43,0,1,25.02594,121.50651,43
500113008,20231105,499,43,0,1,25.02594,121.50651,43
500113008,20231105,501,43,0,1,25.02594,121.50651,43
500113008,20231105,502,43,0,1,25.02594,121.50651,43
500113008,20231105,503,43,0,1,25.02594,121.50651,43
500113008,20231105,504,43,0,1,25.02594,121.50651,43
500113008,20231105,505,43,0,1,25.02594,121.50651,43
500113008,20231105,506,43,0,1,25.02594,121.50651,43
500113008,20231105,507,43,0,1,25.02594,121.50651,43
500113008,20231105,508,43,0,1,25.02594,121.50651,43
500113008,20231105,509,43,1,1,25.02594,121.50651,42
500113008,20231105,511,43,1,1,25.02594,121.50651,42
500113008,20231105,512,43,1,1,25.02594,121.50651,42
500113008,20231105,513,43,1,1,25.02594,121.50651,42
500113008,20231105,514,43,1,1,25.02594,121.50651,42
500113008,20231105,515,43,0,1,25.02594,121.50651,43
500113008,20231105,516,43,1,1,25.02594,121.50651,42
500113008,20231105,517,43,1,1,25.02594,121.50651,42
500113008,20231105,518,43,0,1,25.02594,121.50651,43
500113008,20231105,519,43,0,1,25.02594,121.50651,43
500113008,20231105,520,43,0,1,25.02594,121.50651,43
500113008,20231105,521,43,0,1,25.02594,121.50651,43
500113008,20231105,522,43,1,1,25.02594,121.50651,42
500113008,20231105,523,43,1,1,25.02594,121.50651,42
500113008,20231105,524,43,2,1,25.02594,121.50651,41
500113008,20231105,525,43,4,1,25.02594,121.50651,39
500113008,20231105,526,43,4,1,25.02594,121.50651,39
500113008,20231105,527,43,7,1,25.02594,121.50651,36
500113008,20231105,528,43,6,1,25.02594,121.50651,37
500113008,20231105,529,43,6,1,25.02594,121.50651,37
500113008,20231105,530,43,6,1,25.02594,121.50651,37
500113008,20231105,531,43,6,1,25.02594,121.50651,37
500113008,20231105,532,43,5,1,25.02594,121.50651,38
500113008,20231105,533,43,4,1,25.02594,121.50651,39
500113008,20231105,534,43,2,1,25.02594,121.50651,41
500113008,20231105,535,43,2,1,25.02594,121.50651,41
500113008,20231105,536,43,2,1,25.02594,121.50651,41
500113008,20231105,537,43,2,1,25.02594,121.50651,41
500113008,20231105,538,43,2,1,25.02594,121.50651,41
500113008,20231105,539,43,2,1,25.02594,121.50651,41
500113008,20231105,541,43,2,1,25.02594,121.50651,41
500113008,20231105,542,43,5,1,25.02594,121.50651,38
500113008,20231105,543,43,5,1,25.02594,121.50651,38
500113008,20231105,544,43,4,1,25.02594,121.50651,39
500113008,20231105,545,43,4,1,25.02594,121.50651,39
500113008,20231105,546,43,3,1,25.02594,121.50651,40
500113008,20231105,547,43,3,1,25.02594,121.50651,40
500113008,20231105,548,43,3,1,25.02594,121.50651,40
500113008,20231105,549,43,3,1,25.02594,121.50651,40
500113008,20231105,550,43,3,1,25.02594,121.50651,40
500113008,20231105,551,43,3,1,25.02594,121.50651,40
500113008,20231105,552,43,4,1,25.02594,121.50651,39
500113008,20231105,554,43,4,1,25.02594,121.50651,39
500113008,20231105,555,43,4,1,25.02594,121.50651,39
500113008,20231105,556,43,5,1,25.02594,121.50651,38
500113008,20231105,557,43,5,1,25.02594,121.50651,38
500113008,20231105,558,43,5,1,25.02594,121.50651,38
500113008,20231105,559,43,4,1,25.02594,121.50651,39
500113008,20231105,561,43,5,1,25.02594,121.50651,38
500113008,20231105,562,43,5,1,25.02594,121.50651,38
500113008,20231105,563,43,6,1,25.02594,121.50651,37
500113008,20231105,564,43,6,1,25.02594,121.50651,37
500113008,20231105,565,43,6,1,25.02594,121.50651,37
500113008,20231105,566,43,6,1,25.02594,121.50651,37
500113008,20231105,567,43,6,1,25.02594,121.50651,37
500113008,20231105,568,43,6,1,25.02594,121.50651,37
500113008,20231105,569,43,6,1,25.02594,121.50651,37
500113008,20231105,571,43,6,1,25.02594,121.50651,37
500113008,20231105,572,43,6,1,25.02594,121.50651,37
500113008,20231105,573,43,5,1,25.02594,121.50651,38
500113008,20231105,574,43,5,1,25.02594,121.50651,38
500113008,20231105,575,43,7,1,25.02594,121.50651,36
500113008,20231105,576,43,10,1,25.02594,121.50651,33
500113008,20231105,577,43,11,1,25.02594,121.50651,32
500113008,20231105,578,43,12,1,25.02594,121.50651,31
500113008,20231105,579,43,12,1,25.02594,121.50651,31
500113008,20231105,580,43,12,1,25.02594,121.50651,31
500113008,20231105,581,43,13,1,25.02594,121.50651,30
500113008,20231105,582,43,12,1,25.02594,121.50651,31
500113008,20231105,583,43,12,1,25.02594,121.50651,31
500113008,20231105,584,43,12,1,25.02594,121.50651,31
500113008,20231105,585,43,13,1,25.02594,121.50651,30
500113008,20231105,586,43,14,1,25.02594,121.50651,29
500113008,20231105,587,43,15,1,25.02594,121.50651,28
500113008,20231105,588,43,15,1,25.02594,121.50651,28
500113008,20231105,589,43,16,1,25.02594,121.50651,27
500113008,20231105,590,43,16,1,25.02594,121.50651,27
500113008,20231105,591,43,16,1,25.02594,121.50651,27
500113008,20231105,592,43,16,1,25.02594,121.50651,27
500113008,20231105,593,43,17,1,25.02594,121.50651,26
500113008,20231105,594,43,15,1,25.02594,121.50651,28
500113008,20231105,595,43,15,1,25.02594,121.50651,28
500113008,20231105,596,43,15,1,25.02594,121.50651,28
500113008,20231105,597,43,11,1,25.02594,121.50651,32
500113008,20231105,598,43,11,1,25.02594,121.50651,32
500113008,20231105,599,43,16,1,25.02594,121.50651,27
500113008,20231105,601,43,21,1,25.02594,121.50651,22
500113008,20231105,602,43,22,1,25.02594,121.50651,21
500113008,20231105,603,43,21,1,25.02594,121.50651,22
500113008,20231105,604,43,21,1,25.02594,121.50651,22
500113008,20231105,605,43,20,1,25.02594,121.50651,23
500113008,20231105,606,43,18,1,25.02594,121.50651,25
500113008,20231105,607,43,18,1,25.02594,121.50651,25
500113008,20231105,608,43,18,1,25.02594,121.50651,25
500113008,20231105,609,43,18,1,25.02594,121.50651,25
500113008,20231105,610,43,18,1,25.02594,121.50651,25
500113008,20231105,611,43,18,1,25.02594,121.50651,25
500113008,20231105,612,43,18,1,25.02594,121.50651,25
500113008,20231105,613,43,18,1,25.02594,121.50651,25
500113008,20231105,614,43,16,1,25.02594,121.50651,27
500113008,20231105,615,43,16,1,25.02594,121.50651,27
500113008,20231105,616,43,16,1,25.02594,121.50651,27
500113008,20231105,617,43,16,1,25.02594,121.50651,27
500113008,20231105,618,43,16,1,25.02594,121.50651,27
500113008,20231105,619,43,16,1,25.02594,121.50651,27
500113008,20231105,621,43,17,1,25.02594,121.50651,26
500113008,20231105,622,43,19,1,25.02594,121.50651,24
500113008,20231105,623,43,20,1,25.02594,121.50651,23
500113008,20231105,624,43,20,1,25.02594,121.50651,23
500113008,20231105,625,43,20,1,25.02594,121.50651,23
500113008,20231105,626,43,20,1,25.02594,121.50651,23
500113008,20231105,627,43,20,1,25.02594,121.50651,23
500113008,20231105,628,43,20,1,25.02594,121.50651,23
500113008,20231105,629,43,21,1,25.02594,121.50651,22
500113008,20231105,631,43,21,1,25.02594,121.50651,22
500113008,20231105,632,43,20,1,25.02594,121.50651,23
500113008,20231105,633,43,20,1,25.02594,121.50651,23
500113008,20231105,634,43,20,1,25.02594,121.50651,23
500113008,20231105,635,43,20,1,25.02594,121.50651,23
500113008,20231105,636,43,20,1,25.02594,121.50651,23
500113008,20231105,637,43,19,1,25.02594,121.50651,24
500113008,20231105,638,43,19,1,25.02594,121.50651,24
500113008,20231105,639,43,19,1,25.02594,121.50651,24
500113008,20231105,640,43,20,1,25.02594,121.50651,23
500113008,20231105,641,43,18,1,25.02594,121.50651,25
500113008,20231105,642,43,11,1,25.02594,121.50651,32
500113008,20231105,643,43,13,1,25.02594,121.50651,30
500113008,20231105,644,43,16,1,25.02594,121.50651,27
500113008,20231105,645,43,18,1,25.02594,121.50651,25
500113008,20231105,646,43,21,1,25.02594,121.50651,22
500113008,20231105,647,43,22,1,25.02594,121.50651,21
500113008,20231105,648,43,21,1,25.02594,121.50651,22
500113008,20231105,649,43,20,1,25.02594,121.50651,23
500113008,20231105,650,43,20,1,25.02594,121.50651,23
500113008,20231105,651,43,19,1,25.02594,121.50651,24
500113008,20231105,652,43,19,1,25.02594,121.50651,24
500113008,20231105,653,43,18,1,25.02594,121.50651,25
500113008,20231105,654,43,18,1,25.02594,121.50651,25
500113008,20231105,655,43,16,1,25.02594,121.50651,27
500113008,20231105,656,43,15,1,25.02594,121.50651,28
500113008,20231105,657,43,14,1,25.02594,121.50651,29
500113008,20231105,658,43,14,1,25.02594,121.50651,29
500113008,20231105,659,43,14,1,25.02594,121.50651,29
500113008,20231105,661,43,14,1,25.02594,121.50651,29
500113008,20231105,662,43,14,1,25.02594,121.50651,29
500113008,20231105,663,43,14,1,25.02594,121.50651,29
500113008,20231105,664,43,13,1,25.02594,121.50651,30
500113008,20231105,665,43,12,1,25.02594,121.50651,31
500113008,20231105,666,43,11,1,25.02594,121.50651,32
500113008,20231105,667,43,12,1,25.02594,121.50651,31
500113008,20231105,668,43,12,1,25.02594,121.50651,31
500113008,20231105,669,43,12,1,25.02594,121.50651,31
500113008,20231105,670,43,12,1,25.02594,121.50651,31
500113008,20231105,671,43,12,1,25.02594,121.50651,31
500113008,20231105,672,43,12,1,25.02594,121.50651,31
500113008,20231105,673,43,12,1,25.02594,121.50651,31
500113008,20231105,674,43,12,1,25.02594,121.50651,31
500113008,20231105,675,43,13,1,25.02594,121.50651,30
500113008,20231105,676,43,13,1,25.02594,121.50651,30
500113008,20231105,677,43,14,1,25.02594,121.50651,29
500113008,20231105,678,43,14,1,25.02594,121.50651,29
500113008,20231105,679,43,14,1,25.02594,121.50651,28
500113008,20231105,681,43,14,1,25.02594,121.50651,28
500113008,20231105,682,43,14,1,25.02594,121.50651,28
500113008,20231105,683,43,14,1,25.02594,121.50651,28
500113008,20231105,684,43,14,1,25.02594,121.50651,28
500113008,20231105,685,43,14,1,25.02594,121.50651,28
500113008,20231105,686,43,14,1,25.02594,121.50651,28
500113008,20231105,687,43,14,1,25.02594,121.50651,28
500113008,20231105,688,43,15,1,25.02594,121.50651,27
500113008,20231105,689,43,14,1,25.02594,121.50651,28
500113008,20231105,691,43,15,1,25.02594,121.50651,27
500113008,20231105,692,43,15,1,25.02594,121.50651,27
500113008,20231105,693,43,13,1,25.02594,121.50651,29
500113008,20231105,694,43,7,1,25.02594,121.50651,35
500113008,20231105,695,43,6,1,25.02594,121.50651,36
500113008,20231105,696,43,6,1,25.02594,121.50651,36
500113008,20231105,697,43,6,1,25.02594,121.50651,36
500113008,20231105,698,43,7,1,25.02594,121.50651,35
500113008,20231105,699,43,7,1,25.02594,121.50651,35
500113008,20231105,700,43,7,1,25.02594,121.50651,35
500113008,20231105,701,43,7,1,25.02594,121.50651,35
500113008,20231105,702,43,6,1,25.02594,121.50651,36
500113008,20231105,703,43,6,1,25.02594,121.50651,36
500113008,20231105,704,43,6,1,25.02594,121.50651,36
500113008,20231105,705,43,5,1,25.02594,121.50651,37
500113008,20231105,706,43,4,1,25.02594,121.50651,38
500113008,20231105,707,43,4,1,25.02594,121.50651,38
500113008,20231105,708,43,4,1,25.02594,121.50651,38
500113008,20231105,709,43,5,1,25.02594,121.50651,37
500113008,20231105,710,43,5,1,25.02594,121.50651,37
500113008,20231105,711,43,6,1,25.02594,121.50651,36
500113008,20231105,712,43,6,1,25.02594,121.50651,36
500113008,20231105,713,43,6,1,25.02594,121.50651,36
500113008,20231105,714,43,6,1,25.02594,121.50651,36
500113008,20231105,715,43,6,1,25.02594,121.50651,36
500113008,20231105,716,43,6,1,25.02594,121.50651,36
500113008,20231105,717,43,6,1,25.02594,121.50651,36
500113008,20231105,718,43,6,1,25.02594,121.50651,36
500113008,20231105,719,43,6,1,25.02594,121.50651,36
500113008,20231105,721,43,7,1,25.02594,121.50651,35
500113008,20231105,722,43,7,1,25.02594,121.50651,35
500113008,20231105,723,43,7,1,25.02594,121.50651,35
500113008,20231105,724,43,7,1,25.02594,121.50651,35
500113008,20231105,725,43,7,1,25.02594,121.50651,35
500113008,20231105,726,43,7,1,25.02594,121.50651,35
500113008,20231105,727,43,7,1,25.02594,121.50651,35
500113008,20231105,728,43,7,1,25.02594,121.50651,35
500113008,20231105,729,43,6,1,25.02594,121.50651,36
500113008,20231105,730,43,6,1,25.02594,121.50651,36
500113008,20231105,731,43,6,1,25.02594,121.50651,36
500113008,20231105,732,43,6,1,25.02594,121.50651,36
500113008,20231105,733,43,6,1,25.02594,121.50651,36
500113008,20231105,734,43,6,1,25.02594,121.50651,36
500113008,20231105,735,43,4,1,25.02594,121.50651,38
500113008,20231105,736,43,6,1,25.02594,121.50651,36
500113008,20231105,737,43,5,1,25.02594,121.50651,37
500113008,20231105,738,43,6,1,25.02594,121.50651,36
500113008,20231105,739,43,6,1,25.02594,121.50651,36
500113008,20231105,741,43,7,1,25.02594,121.50651,35
500113008,20231105,742,43,7,1,25.02594,121.50651,35
500113008,20231105,743,43,7,1,25.02594,121.50651,35
500113008,20231105,744,43,6,1,25.02594,121.50651,36
500113008,20231105,745,43,6,1,25.02594,121.50651,36
500113008,20231105,746,43,6,1,25.02594,121.50651,36
500113008,20231105,747,43,6,1,25.02594,121.50651,36
500113008,20231105,749,43,6,1,25.02594,121.50651,36
500113008,20231105,751,43,5,1,25.02594,121.50651,37
500113008,20231105,752,43,4,1,25.02594,121.50651,38
500113008,20231105,753,43,4,1,25.02594,121.50651,38
500113008,20231105,754,43,4,1,25.02594,121.50651,38
500113008,20231105,755,43,4,1,25.02594,121.50651,38
500113008,20231105,756,43,4,1,25.02594,121.50651,38
500113008,20231105,757,43,4,1,25.02594,121.50651,38
500113008,20231105,758,43,4,1,25.02594,121.50651,38
500113008,20231105,759,43,4,1,25.02594,121.50651,38
500113008,20231105,760,43,4,1,25.02594,121.50651,38
500113008,20231105,761,43,4,1,25.02594,121.50651,38
500113008,20231105,762,43,4,1,25.02594,121.50651,38
500113008,20231105,763,43,4,1,25.02594,121.50651,38
500113008,20231105,764,43,4,1,25.02594,121.50651,38
500113008,20231105,765,43,5,1,25.02594,121.50651,37
500113008,20231105,766,43,6,1,25.02594,121.50651,36
500113008,20231105,767,43,6,1,25.02594,121.50651,36
500113008,20231105,768,43,6,1,25.02594,121.50651,36
500113008,20231105,769,43,7,1,25.02594,121.50651,35
500113008,20231105,770,43,7,1,25.02594,121.50651,35
500113008,20231105,771,43,7,1,25.02594,121.50651,35
500113008,20231105,772,43,7,1,25.02594,121.50651,35
500113008,20231105,773,43,7,1,25.02594,121.50651,35
500113008,20231105,774,43,7,1,25.02594,121.50651,35
500113008,20231105,775,43,7,1,25.02594,121.50651,35
500113008,20231105,776,43,7,1,25.02594,121.50651,35
500113008,20231105,777,43,8,1,25.02594,121.50651,34
500113008,20231105,778,43,8,1,25.02594,121.50651,34
500113008,20231105,779,43,8,1,25.02594,121.50651,34
500113008,20231105,781,43,8,1,25.02594,121.50651,34
500113008,20231105,782,43,9,1,25.02594,121.50651,33
500113008,20231105,783,43,9,1,25.02594,121.50651,33
500113008,20231105,784,43,9,1,25.02594,121.50651,33
500113008,20231105,785,43,9,1,25.02594,121.50651,33
500113008,20231105,786,43,8,1,25.02594,121.50651,34
500113008,20231105,787,43,7,1,25.02594,121.50651,35
500113008,20231105,788,43,7,1,25.02594,121.50651,35
500113008,20231105,789,43,7,1,25.02594,121.50651,35
500113008,20231105,790,43,8,1,25.02594,121.50651,34
500113008,20231105,791,43,8,1,25.02594,121.50651,34
500113008,20231105,792,43,8,1,25.02594,121.50651,34
500113008,20231105,793,43,8,1,25.02594,121.50651,34
500113008,20231105,794,43,8,1,25.02594,121.50651,34
500113008,20231105,795,43,8,1,25.02594,121.50651,34
500113008,20231105,796,43,8,1,25.02594,121.50651,34
500113008,20231105,797,43,8,1,25.02594,121.50651,34
500113008,20231105,798,43,8,1,25.02594,121.50651,34
500113008,20231105,799,43,7,1,25.02594,121.50651,35
500113008,20231105,801,43,5,1,25.02594,121.50651,37
500113008,20231105,802,43,5,1,25.02594,121.50651,37
500113008,20231105,803,43,5,1,25.02594,121.50651,37
500113008,20231105,804,43,5,1,25.02594,121.50651,37
500113008,20231105,805,43,5,1,25.02594,121.50651,37
500113008,20231105,806,43,5,1,25.02594,121.50651,37
500113008,20231105,807,43,4,1,25.02594,121.50651,38
500113008,20231105,808,43,4,1,25.02594,121.50651,38
500113008,20231105,809,43,4,1,25.02594,121.50651,38
500113008,20231105,811,43,4,1,25.02594,121.50651,38
500113008,20231105,812,43,4,1,25.02594,121.50651,38
500113008,20231105,813,43,4,1,25.02594,121.50651,38
500113008,20231105,814,43,5,1,25.02594,121.50651,37
500113008,20231105,815,43,5,1,25.02594,121.50651,37
500113008,20231105,816,43,5,1,25.02594,121.50651,37
500113008,20231105,817,43,5,1,25.02594,121.50651,37
500113008,20231105,818,43,5,1,25.02594,121.50651,37
500113008,20231105,819,43,5,1,25.02594,121.50651,37
500113008,20231105,820,43,4,1,25.02594,121.50651,38
500113008,20231105,821,43,4,1,25.02594,121.50651,38
500113008,20231105,822,43,4,1,25.02594,121.50651,38
500113008,20231105,823,43,4,1,25.02594,121.50651,38
500113008,20231105,824,43,4,1,25.02594,121.50651,38
500113008,20231105,825,43,4,1,25.02594,121.50651,38
500113008,20231105,826,43,4,1,25.02594,121.50651,38
500113008,20231105,827,43,4,1,25.02594,121.50651,38
500113008,20231105,828,43,4,1,25.02594,121.50651,38
500113008,20231105,829,43,3,1,25.02594,121.50651,39
500113008,20231105,830,43,3,1,25.02594,121.50651,39
500113008,20231105,831,43,3,1,25.02594,121.50651,39
500113008,20231105,832,43,3,1,25.02594,121.50651,39
500113008,20231105,833,43,3,1,25.02594,121.50651,39
500113008,20231105,834,43,4,1,25.02594,121.50651,38
500113008,20231105,835,43,4,1,25.02594,121.50651,38
500113008,20231105,836,43,3,1,25.02594,121.50651,39
500113008,20231105,837,43,4,1,25.02594,121.50651,38
500113008,20231105,838,43,4,1,25.02594,121.50651,38
500113008,20231105,839,43,5,1,25.02594,121.50651,37
500113008,20231105,841,43,6,1,25.02594,121.50651,36
500113008,20231105,842,43,6,1,25.02594,121.50651,36
500113008,20231105,843,43,6,1,25.02594,121.50651,36
500113008,20231105,844,43,6,1,25.02594,121.50651,36
500113008,20231105,845,43,6,1,25.02594,121.50651,36
500113008,20231105,846,43,6,1,25.02594,121.50651,36
500113008,20231105,847,43,6,1,25.02594,121.50651,36
500113008,20231105,848,43,6,1,25.02594,121.50651,36
500113008,20231105,849,43,6,1,25.02594,121.50651,36
500113008,20231105,850,43,6,1,25.02594,121.50651,36
500113008,20231105,851,43,6,1,25.02594,121.50651,36
500113008,20231105,852,43,4,1,25.02594,121.50651,38
500113008,20231105,853,43,4,1,25.02594,121.50651,38
500113008,20231105,854,43,3,1,25.02594,121.50651,39
500113008,20231105,855,43,3,1,25.02594,121.50651,39
500113008,20231105,856,43,3,1,25.02594,121.50651,39
500113008,20231105,857,43,2,1,25.02594,121.50651,40
500113008,20231105,858,43,2,1,25.02594,121.50651,40
500113008,20231105,859,43,2,1,25.02594,121.50651,40
500113008,20231105,861,43,2,1,25.02594,121.50651,40
500113008,20231105,862,43,1,1,25.02594,121.50651,41
500113008,20231105,863,43,2,1,25.02594,121.50651,40
500113008,20231105,864,43,2,1,25.02594,121.50651,40
500113008,20231105,865,43,2,1,25.02594,121.50651,40
500113008,20231105,866,43,1,1,25.02594,121.50651,41
500113008,20231105,867,43,1,1,25.02594,121.50651,41
500113008,20231105,868,43,1,1,25.02594,121.50651,41
500113008,20231105,869,43,1,1,25.02594,121.50651,41
500113008,20231105,871,43,2,1,25.02594,121.50651,40
500113008,20231105,872,43,2,1,25.02594,121.50651,40
500113008,20231105,873,43,3,1,25.02594,121.50651,39
500113008,20231105,874,43,3,1,25.02594,121.50651,39
500113008,20231105,875,43,3,1,25.02594,121.50651,39
500113008,20231105,876,43,4,1,25.02594,121.50651,38
500113008,20231105,877,43,4,1,25.02594,121.50651,38
500113008,20231105,878,43,5,1,25.02594,121.50651,37
500113008,20231105,879,43,8,1,25.02594,121.50651,34
500113008,20231105,880,43,8,1,25.02594,121.50651,34
500113008,20231105,881,43,9,1,25.02594,121.50651,33
500113008,20231105,882,43,9,1,25.02594,121.50651,33
500113008,20231105,883,43,9,1,25.02594,121.50651,33
500113008,20231105,884,43,9,1,25.02594,121.50651,33
500113008,20231105,885,43,9,1,25.02594,121.50651,33
500113008,20231105,886,43,10,1,25.02594,121.50651,32
500113008,20231105,887,43,10,1,25.02594,121.50651,32
500113008,20231105,888,43,10,1,25.02594,121.50651,32
500113008,20231105,889,43,10,1,25.02594,121.50651,32
500113008,20231105,890,43,9,1,25.02594,121.50651,33
500113008,20231105,891,43,9,1,25.02594,121.50651,33
500113008,20231105,892,43,9,1,25.02594,121.50651,33
500113008,20231105,893,43,9,1,25.02594,121.50651,33
500113008,20231105,894,43,9,1,25.02594,121.50651,33
500113008,20231105,895,43,9,1,25.02594,121.50651,33
500113008,20231105,896,43,9,1,25.02594,121.50651,33
500113008,20231105,897,43,9,1,25.02594,121.50651,33
500113008,20231105,898,43,9,1,25.02594,121.50651,33
500113008,20231105,899,43,9,1,25.02594,121.50651,33
500113008,20231105,901,43,10,1,25.02594,121.50651,32
500113008,20231105,902,43,10,1,25.02594,121.50651,32
500113008,20231105,903,43,10,1,25.02594,121.50651,32
500113008,20231105,904,43,10,1,25.02594,121.50651,32
500113008,20231105,905,43,10,1,25.02594,121.50651,32
500113008,20231105,906,43,10,1,25.02594,121.50651,32
500113008,20231105,907,43,11,1,25.02594,121.50651,31
500113008,20231105,908,43,12,1,25.02594,121.50651,30
500113008,20231105,909,43,12,1,25.02594,121.50651,30
500113008,20231105,910,43,12,1,25.02594,121.50651,30
500113008,20231105,911,43,12,1,25.02594,121.50651,30
500113008,20231105,912,43,15,1,25.02594,121.50651,27
500113008,20231105,913,43,15,1,25.02594,121.50651,27
500113008,20231105,914,43,15,1,25.02594,121.50651,27
500113008,20231105,915,43,16,1,25.02594,121.50651,26
500113008,20231105,916,43,16,1,25.02594,121.50651,26
500113008,20231105,917,43,16,1,25.02594,121.50651,26
500113008,20231105,918,43,16,1,25.02594,121.50651,26
500113008,20231105,919,43,16,1,25.02594,121.50651,26
500113008,20231105,921,43,17,1,25.02594,121.50651,25
500113008,20231105,922,43,16,1,25.02594,121.50651,26
500113008,20231105,923,43,15,1,25.02594,121.50651,27
500113008,20231105,924,43,15,1,25.02594,121.50651,27
500113008,20231105,925,43,16,1,25.02594,121.50651,26
500113008,20231105,926,43,16,1,25.02594,121.50651,26
500113008,20231105,927,43,17,1,25.02594,121.50651,25
500113008,20231105,928,43,17,1,25.02594,121.50651,25
500113008,20231105,929,43,17,1,25.02594,121.50651,25
500113008,20231105,931,43,18,1,25.02594,121.50651,24
500113008,20231105,932,43,18,1,25.02594,121.50651,24
500113008,20231105,933,43,17,1,25.02594,121.50651,25
500113008,20231105,934,43,17,1,25.02594,121.50651,25
500113008,20231105,935,43,18,1,25.02594,121.50651,24
500113008,20231105,936,43,18,1,25.02594,121.50651,24
500113008,20231105,937,43,19,1,25.02594,121.50651,23
500113008,20231105,938,43,19,1,25.02594,121.50651,23
500113008,20231105,939,43,21,1,25.02594,121.50651,21
500113008,20231105,940,43,21,1,25.02594,121.50651,21
500113008,20231105,941,43,21,1,25.02594,121.50651,21
500113008,20231105,943,43,21,1,25.02594,121.50651,21
500113008,20231105,944,43,21,1,25.02594,121.50651,21
500113008,20231105,945,43,21,1,25.02594,121.50651,21
500113008,20231105,946,43,21,1,25.02594,121.50651,21
500113008,20231105,947,43,20,1,25.02594,121.50651,22
500113008,20231105,948,43,20,1,25.02594,121.50651,22
500113008,20231105,949,43,20,1,25.02594,121.50651,22
500113008,20231105,950,43,21,1,25.02594,121.50651,21
500113008,20231105,951,43,21,1,25.02594,121.50651,21
500113008,20231105,952,43,22,1,25.02594,121.50651,20
500113008,20231105,953,43,22,1,25.02594,121.50651,20
500113008,20231105,954,43,21,1,25.02594,121.50651,21
500113008,20231105,955,43,21,1,25.02594,121.50651,21
500113008,20231105,956,43,21,1,25.02594,121.50651,21
500113008,20231105,957,43,21,1,25.02594,121.50651,21
500113008,20231105,958,43,19,1,25.02594,121.50651,23
500113008,20231105,959,43,20,1,25.02594,121.50651,22
500113008,20231105,961,43,20,1,25.02594,121.50651,22
500113008,20231105,962,43,20,1,25.02594,121.50651,22
500113008,20231105,963,43,23,1,25.02594,121.50651,19
500113008,20231105,964,43,23,1,25.02594,121.50651,19
500113008,20231105,965,43,25,1,25.02594,121.50651,17
500113008,20231105,966,43,25,1,25.02594,121.50651,17
500113008,20231105,967,43,25,1,25.02594,121.50651,17
500113008,20231105,968,43,25,1,25.02594,121.50651,17
500113008,20231105,969,43,25,1,25.02594,121.50651,17
500113008,20231105,970,43,24,1,25.02594,121.50651,18
500113008,20231105,971,43,22,1,25.02594,121.50651,20
500113008,20231105,972,43,24,1,25.02594,121.50651,18
500113008,20231105,973,43,26,1,25.02594,121.50651,16
500113008,20231105,974,43,25,1,25.02594,121.50651,17
500113008,20231105,975,43,25,1,25.02594,121.50651,17
500113008,20231105,976,43,25,1,25.02594,121.50651,17
500113008,20231105,977,43,25,1,25.02594,121.50651,17
500113008,20231105,978,43,25,1,25.02594,121.50651,17
500113008,20231105,979,43,25,1,25.02594,121.50651,17
500113008,20231105,981,43,26,1,25.02594,121.50651,16
500113008,20231105,982,43,27,1,25.02594,121.50651,15
500113008,20231105,983,43,27,1,25.02594,121.50651,15
500113008,20231105,984,43,27,1,25.02594,121.50651,15
500113008,20231105,985,43,27,1,25.02594,121.50651,15
500113008,20231105,986,43,27,1,25.02594,121.50651,15
500113008,20231105,987,43,27,1,25.02594,121.50651,15
500113008,20231105,988,43,24,1,25.02594,121.50651,18
500113008,20231105,989,43,25,1,25.02594,121.50651,17
500113008,20231105,991,43,26,1,25.02594,121.50651,16
500113008,20231105,992,43,26,1,25.02594,121.50651,16
500113008,20231105,993,43,26,1,25.02594,121.50651,16
500113008,20231105,994,43,22,1,25.02594,121.50651,20
500113008,20231105,995,43,22,1,25.02594,121.50651,20
500113008,20231105,996,43,22,1,25.02594,121.50651,20
500113008,20231105,997,43,22,1,25.02594,121.50651,20
500113008,20231105,998,43,21,1,25.02594,121.50651,21
500113008,20231105,999,43,21,1,25.02594,121.50651,21
500113008,20231105,1000,43,22,1,25.02594,121.50651,20
500113008,20231105,1001,43,24,1,25.02594,121.50651,18
500113008,20231105,1002,43,24,1,25.02594,121.50651,18
500113008,20231105,1003,43,24,1,25.02594,121.50651,18
500113008,20231105,1004,43,24,1,25.02594,121.50651,18
500113008,20231105,1005,43,24,1,25.02594,121.50651,18
500113008,20231105,1006,43,24,1,25.02594,121.50651,18
500113008,20231105,1007,43,23,1,25.02594,121.50651,19
500113008,20231105,1008,43,23,1,25.02594,121.50651,19
500113008,20231105,1009,43,23,1,25.02594,121.50651,19
500113008,20231105,1010,43,24,1,25.02594,121.50651,18
500113008,20231105,1011,43,24,1,25.02594,121.50651,18
500113008,20231105,1012,43,24,1,25.02594,121.50651,18
500113008,20231105,1013,43,23,1,25.02594,121.50651,19
500113008,20231105,1014,43,23,1,25.02594,121.50651,19
500113008,20231105,1015,43,23,1,25.02594,121.50651,19
500113008,20231105,1016,43,23,1,25.02594,121.50651,19
500113008,20231105,1017,43,23,1,25.02594,121.50651,19
500113008,20231105,1018,43,23,1,25.02594,121.50651,19
500113008,20231105,1019,43,23,1,25.02594,121.50651,19
500113008,20231105,1021,43,23,1,25.02594,121.50651,19
500113008,20231105,1022,43,26,1,25.02594,121.50651,16
500113008,20231105,1023,43,28,1,25.02594,121.50651,14
500113008,20231105,1024,43,31,1,25.02594,121.50651,11
500113008,20231105,1025,43,31,1,25.02594,121.50651,11
500113008,20231105,1026,43,30,1,25.02594,121.50651,12
500113008,20231105,1027,43,29,1,25.02594,121.50651,13
500113008,20231105,1028,43,29,1,25.02594,121.50651,13
500113008,20231105,1029,43,29,1,25.02594,121.50651,13
500113008,20231105,1030,43,30,1,25.02594,121.50651,12
500113008,20231105,1031,43,30,1,25.02594,121.50651,12
500113008,20231105,1032,43,33,1,25.02594,121.50651,9
500113008,20231105,1033,43,33,1,25.02594,121.50651,9
500113008,20231105,1034,43,33,1,25.02594,121.50651,9
500113008,20231105,1035,43,33,1,25.02594,121.50651,9
500113008,20231105,1036,43,33,1,25.02594,121.50651,9
500113008,20231105,1037,43,33,1,25.02594,121.50651,9
500113008,20231105,1038,43,33,1,25.02594,121.50651,9
500113008,20231105,1039,43,33,1,25.02594,121.50651,9
500113008,20231105,1041,43,34,1,25.02594,121.50651,8
500113008,20231105,1042,43,34,1,25.02594,121.50651,8
500113008,20231105,1043,43,34,1,25.02594,121.50651,8
500113008,20231105,1044,43,34,1,25.02594,121.50651,8
500113008,20231105,1045,43,34,1,25.02594,121.50651,8
500113008,20231105,1046,43,34,1,25.02594,121.50651,8
500113008,20231105,1047,43,31,1,25.02594,121.50651,11
500113008,20231105,1048,43,27,1,25.02594,121.50651,15
500113008,20231105,1049,43,29,1,25.02594,121.50651,13
500113008,20231105,1051,43,30,1,25.02594,121.50651,12
500113008,20231105,1052,43,27,1,25.02594,121.50651,15
500113008,20231105,1053,43,27,1,25.02594,121.50651,15
500113008,20231105,1054,43,27,1,25.02594,121.50651,15
500113008,20231105,1055,43,28,1,25.02594,121.50651,14
500113008,20231105,1056,43,28,1,25.02594,121.50651,14
500113008,20231105,1057,43,27,1,25.02594,121.50651,15
500113008,20231105,1058,43,27,1,25.02594,121.50651,15
500113008,20231105,1059,43,26,1,25.02594,121.50651,16
500113008,20231105,1060,43,27,1,25.02594,121.50651,15
500113008,20231105,1061,43,27,1,25.02594,121.50651,15
500113008,20231105,1062,43,27,1,25.02594,121.50651,15
500113008,20231105,1063,43,27,1,25.02594,121.50651,15
500113008,20231105,1064,43,27,1,25.02594,121.50651,15
500113008,20231105,1065,43,27,1,25.02594,121.50651,15
500113008,20231105,1066,43,27,1,25.02594,121.50651,15
500113008,20231105,1067,43,25,1,25.02594,121.50651,17
500113008,20231105,1068,43,25,1,25.02594,121.50651,17
500113008,20231105,1069,43,25,1,25.02594,121.50651,17
500113008,20231105,1070,43,25,1,25.02594,121.50651,17
500113008,20231105,1071,43,25,1,25.02594,121.50651,17
500113008,20231105,1072,43,23,1,25.02594,121.50651,19
500113008,20231105,1073,43,23,1,25.02594,121.50651,19
500113008,20231105,1074,43,23,1,25.02594,121.50651,19
500113008,20231105,1075,43,23,1,25.02594,121.50651,19
500113008,20231105,1076,43,23,1,25.02594,121.50651,19
500113008,20231105,1077,43,23,1,25.02594,121.50651,19
500113008,20231105,1078,43,23,1,25.02594,121.50651,19
500113008,20231105,1079,43,23,1,25.02594,121.50651,19
500113008,20231105,1081,43,20,1,25.02594,121.50651,22
500113008,20231105,1082,43,20,1,25.02594,121.50651,22
500113008,20231105,1083,43,19,1,25.02594,121.50651,23
500113008,20231105,1084,43,17,1,25.02594,121.50651,25
500113008,20231105,1085,43,16,1,25.02594,121.50651,26
500113008,20231105,1086,43,15,1,25.02594,121.50651,27
500113008,20231105,1087,43,15,1,25.02594,121.50651,27
500113008,20231105,1088,43,15,1,25.02594,121.50651,27
500113008,20231105,1089,43,15,1,25.02594,121.50651,27
500113008,20231105,1090,43,13,1,25.02594,121.50651,29
500113008,20231105,1091,43,12,1,25.02594,121.50651,30
500113008,20231105,1092,43,12,1,25.02594,121.50651,30
500113008,20231105,1093,43,12,1,25.02594,121.50651,30
500113008,20231105,1094,43,12,1,25.02594,121.50651,30
500113008,20231105,1095,43,12,1,25.02594,121.50651,30
500113008,20231105,1096,43,12,1,25.02594,121.50651,30
500113008,20231105,1097,43,11,1,25.02594,121.50651,31
500113008,20231105,1098,43,11,1,25.02594,121.50651,31
500113008,20231105,1099,43,11,1,25.02594,121.50651,31
500113008,20231105,1101,43,8,1,25.02594,121.50651,34
500113008,20231105,1102,43,8,1,25.02594,121.50651,34
500113008,20231105,1103,43,6,1,25.02594,121.50651,36
500113008,20231105,1104,43,6,1,25.02594,121.50651,36
500113008,20231105,1105,43,4,1,25.02594,121.50651,38
500113008,20231105,1106,43,4,1,25.02594,121.50651,38
500113008,20231105,1107,43,2,1,25.02594,121.50651,40
500113008,20231105,1108,43,2,1,25.02594,121.50651,40
500113008,20231105,1109,43,2,1,25.02594,121.50651,40
500113008,20231105,1111,43,3,1,25.02594,121.50651,39
500113008,20231105,1112,43,2,1,25.02594,121.50651,40
500113008,20231105,1113,43,2,1,25.02594,121.50651,40
500113008,20231105,1114,43,0,1,25.02594,121.50651,42
500113008,20231105,1115,43,0,1,25.02594,121.50651,42
500113008,20231105,1116,43,1,1,25.02594,121.50651,41
500113008,20231105,1117,43,1,1,25.02594,121.50651,41
500113008,20231105,1118,43,1,1,25.02594,121.50651,41
500113008,20231105,1119,43,1,1,25.02594,121.50651,41
500113008,20231105,1120,43,1,1,25.02594,121.50651,41
500113008,20231105,1121,43,1,1,25.02594,121.50651,41
500113008,20231105,1122,43,0,1,25.02594,121.50651,42
500113008,20231105,1123,43,0,1,25.02594,121.50651,42
500113008,20231105,1124,43,0,1,25.02594,121.50651,42
500113008,20231105,1125,43,1,1,25.02594,121.50651,41
500113008,20231105,1126,43,1,1,25.02594,121.50651,41
500113008,20231105,1127,43,1,1,25.02594,121.50651,41
500113008,20231105,1128,43,0,1,25.02594,121.50651,42
500113008,20231105,1129,43,0,1,25.02594,121.50651,42
500113008,20231105,1130,43,0,1,25.02594,121.50651,42
500113008,20231105,1131,43,0,1,25.02594,121.50651,42
500113008,20231105,1132,43,0,1,25.02594,121.50651,42
500113008,20231105,1134,43,1,1,25.02594,121.50651,41
500113008,20231105,1135,43,1,1,25.02594,121.50651,41
500113008,20231105,1136,43,1,1,25.02594,121.50651,41
500113008,20231105,1137,43,0,1,25.02594,121.50651,42
500113008,20231105,1138,43,1,1,25.02594,121.50651,41
500113008,20231105,1139,43,1,1,25.02594,121.50651,41
500113008,20231105,1141,43,6,1,25.02594,121.50651,36
500113008,20231105,1142,43,10,1,25.02594,121.50651,32
500113008,20231105,1143,43,12,1,25.02594,121.50651,30
500113008,20231105,1144,43,14,1,25.02594,121.50651,28
500113008,20231105,1145,43,17,1,25.02594,121.50651,25
500113008,20231105,1146,43,19,1,25.02594,121.50651,23
500113008,20231105,1147,43,19,1,25.02594,121.50651,23
500113008,20231105,1148,43,19,1,25.02594,121.50651,23
500113008,20231105,1149,43,17,1,25.02594,121.50651,25
500113008,20231105,1150,43,17,1,25.02594,121.50651,25
500113008,20231105,1151,43,17,1,25.02594,121.50651,25
500113008,20231105,1152,43,17,1,25.02594,121.50651,25
500113008,20231105,1153,43,20,1,25.02594,121.50651,22
500113008,20231105,1154,43,22,1,25.02594,121.50651,20
500113008,20231105,1155,43,24,1,25.02594,121.50651,18
500113008,20231105,1156,43,24,1,25.02594,121.50651,18
500113008,20231105,1157,43,24,1,25.02594,121.50651,18
500113008,20231105,1158,43,24,1,25.02594,121.50651,18
500113008,20231105,1159,43,24,1,25.02594,121.50651,18
500113008,20231105,1161,43,25,1,25.02594,121.50651,17
500113008,20231105,1162,43,25,1,25.02594,121.50651,17
500113008,20231105,1163,43,25,1,25.02594,121.50651,17
500113008,20231105,1164,43,25,1,25.02594,121.50651,17
500113008,20231105,1165,43,21,1,25.02594,121.50651,21
500113008,20231105,1166,43,18,1,25.02594,121.50651,24
500113008,20231105,1167,43,18,1,25.02594,121.50651,24
500113008,20231105,1168,43,19,1,25.02594,121.50651,23
500113008,20231105,1169,43,19,1,25.02594,121.50651,23
500113008,20231105,1171,43,18,1,25.02594,121.50651,24
500113008,20231105,1172,43,18,1,25.02594,121.50651,24
500113008,20231105,1173,43,19,1,25.02594,121.50651,23
500113008,20231105,1174,43,19,1,25.02594,121.50651,23
500113008,20231105,1175,43,19,1,25.02594,121.50651,23
500113008,20231105,1176,43,19,1,25.02594,121.50651,23
500113008,20231105,1177,43,20,1,25.02594,121.50651,22
500113008,20231105,1178,43,20,1,25.02594,121.50651,22
500113008,20231105,1179,43,19,1,25.02594,121.50651,23
500113008,20231105,1180,43,19,1,25.02594,121.50651,23
500113008,20231105,1181,43,19,1,25.02594,121.50651,23
500113008,20231105,1182,43,14,1,25.02594,121.50651,28
500113008,20231105,1183,43,14,1,25.02594,121.50651,28
500113008,20231105,1184,43,14,1,25.02594,121.50651,28
500113008,20231105,1185,43,14,1,25.02594,121.50651,28
500113008,20231105,1186,43,14,1,25.02594,121.50651,28
500113008,20231105,1187,43,14,1,25.02594,121.50651,28
500113008,20231105,1188,43,14,1,25.02594,121.50651,28
500113008,20231105,1189,43,14,1,25.02594,121.50651,28
500113008,20231105,1190,43,15,1,25.02594,121.50651,27
500113008,20231105,1191,43,15,1,25.02594,121.50651,27
500113008,20231105,1192,43,16,1,25.02594,121.50651,26
500113008,20231105,1193,43,16,1,25.02594,121.50651,26
500113008,20231105,1194,43,16,1,25.02594,121.50651,26
500113008,20231105,1195,43,16,1,25.02594,121.50651,26
500113008,20231105,1196,43,15,1,25.02594,121.50651,27
500113008,20231105,1197,43,15,1,25.02594,121.50651,27
500113008,20231105,1198,43,15,1,25.02594,121.50651,27
500113008,20231105,1199,43,15,1,25.02594,121.50651,27
500113008,20231105,1201,43,15,1,25.02594,121.50651,27
500113008,20231105,1202,43,15,1,25.02594,121.50651,27
500113008,20231105,1203,43,15,1,25.02594,121.50651,27
500113008,20231105,1204,43,15,1,25.02594,121.50651,27
500113008,20231105,1205,43,15,1,25.02594,121.50651,27
500113008,20231105,1206,43,16,1,25.02594,121.50651,26
500113008,20231105,1207,43,16,1,25.02594,121.50651,26
500113008,20231105,1208,43,16,1,25.02594,121.50651,26
500113008,20231105,1209,43,15,1,25.02594,121.50651,27
500113008,20231105,1210,43,15,1,25.02594,121.50651,27
500113008,20231105,1211,43,15,1,25.02594,121.50651,27
500113008,20231105,1212,43,15,1,25.02594,121.50651,27
500113008,20231105,1213,43,15,1,25.02594,121.50651,27
500113008,20231105,1214,43,15,1,25.02594,121.50651,27
500113008,20231105,1215,43,15,1,25.02594,121.50651,27
500113008,20231105,1216,43,15,1,25.02594,121.50651,27
500113008,20231105,1217,43,15,1,25.02594,121.50651,27
500113008,20231105,1218,43,15,1,25.02594,121.50651,27
500113008,20231105,1219,43,15,1,25.02594,121.50651,27
500113008,20231105,1221,43,16,1,25.02594,121.50651,26
500113008,20231105,1222,43,15,1,25.02594,121.50651,27
500113008,20231105,1223,43,15,1,25.02594,121.50651,27
500113008,20231105,1224,43,16,1,25.02594,121.50651,26
500113008,20231105,1225,43,16,1,25.02594,121.50651,26
500113008,20231105,1226,43,16,1,25.02594,121.50651,26
500113008,20231105,1227,43,16,1,25.02594,121.50651,26
500113008,20231105,1228,43,16,1,25.02594,121.50651,26
500113008,20231105,1229,43,16,1,25.02594,121.50651,26
500113008,20231105,1231,43,16,1,25.02594,121.50651,26
500113008,20231105,1232,43,16,1,25.02594,121.50651,26
500113008,20231105,1233,43,16,1,25.02594,121.50651,26
500113008,20231105,1234,43,17,1,25.02594,121.50651,25
500113008,20231105,1235,43,17,1,25.02594,121.50651,25
500113008,20231105,1236,43,17,1,25.02594,121.50651,25
500113008,20231105,1237,43,17,1,25.02594,121.50651,25
500113008,20231105,1238,43,17,1,25.02594,121.50651,25
500113008,20231105,1239,43,17,1,25.02594,121.50651,25
500113008,20231105,1240,43,17,1,25.02594,121.50651,25
500113008,20231105,1241,43,17,1,25.02594,121.50651,25
500113008,20231105,1242,43,17,1,25.02594,121.50651,25
500113008,20231105,1243,43,17,1,25.02594,121.50651,25
500113008,20231105,1244,43,17,1,25.02594,121.50651,25
500113008,20231105,1245,43,16,1,25.02594,121.50651,26
500113008,20231105,1246,43,16,1,25.02594,121.50651,26
500113008,20231105,1247,43,16,1,25.02594,121.50651,26
500113008,20231105,1248,43,16,1,25.02594,121.50651,26
500113008,20231105,1249,43,16,1,25.02594,121.50651,26
500113008,20231105,1250,43,16,1,25.02594,121.50651,26
500113008,20231105,1251,43,16,1,25.02594,121.50651,26
500113008,20231105,1252,43,16,1,25.02594,121.50651,26
500113008,20231105,1253,43,16,1,25.02594,121.50651,26
500113008,20231105,1254,43,16,1,25.02594,121.50651,26
500113008,20231105,1255,43,16,1,25.02594,121.50651,26
500113008,20231105,1256,43,16,1,25.02594,121.50651,26
500113008,20231105,1258,43,17,1,25.02594,121.50651,25
500113008,20231105,1259,43,18,1,25.02594,121.50651,24
500113008,20231105,1261,43,17,1,25.02594,121.50651,25
500113008,20231105,1262,43,17,1,25.02594,121.50651,25
500113008,20231105,1263,43,17,1,25.02594,121.50651,25
500113008,20231105,1264,43,18,1,25.02594,121.50651,24
500113008,20231105,1265,43,18,1,25.02594,121.50651,24
500113008,20231105,1266,43,18,1,25.02594,121.50651,24
500113008,20231105,1267,43,19,1,25.02594,121.50651,23
500113008,20231105,1268,43,19,1,25.02594,121.50651,23
500113008,20231105,1269,43,19,1,25.02594,121.50651,23
500113008,20231105,1270,43,18,1,25.02594,121.50651,24
500113008,20231105,1271,43,18,1,25.02594,121.50651,24
500113008,20231105,1272,43,18,1,25.02594,121.50651,24
500113008,20231105,1273,43,18,1,25.02594,121.50651,24
500113008,20231105,1274,43,18,1,25.02594,121.50651,24
500113008,20231105,1275,43,18,1,25.02594,121.50651,24
500113008,20231105,1276,43,18,1,25.02594,121.50651,24
500113008,20231105,1277,43,18,1,25.02594,121.50651,24
500113008,20231105,1278,43,17,1,25.02594,121.50651,25
500113008,20231105,1279,43,17,1,25.02594,121.50651,25
500113008,20231105,1281,43,17,1,25.02594,121.50651,25
500113008,20231105,1282,43,17,1,25.02594,121.50651,25
500113008,20231105,1283,43,17,1,25.02594,121.50651,25
500113008,20231105,1284,43,17,1,25.02594,121.50651,25
500113008,20231105,1285,43,17,1,25.02594,121.50651,25
500113008,20231105,1286,43,17,1,25.02594,121.50651,25
500113008,20231105,1287,43,18,1,25.02594,121.50651,24
500113008,20231105,1288,43,18,1,25.02594,121.50651,24
500113008,20231105,1289,43,18,1,25.02594,121.50651,24
500113008,20231105,1290,43,18,1,25.02594,121.50651,24
500113008,20231105,1291,43,18,1,25.02594,121.50651,24
500113008,20231105,1292,43,18,1,25.02594,121.50651,24
500113008,20231105,1293,43,18,1,25.02594,121.50651,24
500113008,20231105,1294,43,18,1,25.02594,121.50651,24
500113008,20231105,1295,43,18,1,25.02594,121.50651,24
500113008,20231105,1296,43,18,1,25.02594,121.50651,24
500113008,20231105,1297,43,18,1,25.02594,121.50651,24
500113008,20231105,1298,43,18,1,25.02594,121.50651,24
500113008,20231105,1299,43,18,1,25.02594,121.50651,24
500113008,20231105,1300,43,17,1,25.02594,121.50651,25
500113008,20231105,1301,43,16,1,25.02594,121.50651,26
500113008,20231105,1302,43,17,1,25.02594,121.50651,25
500113008,20231105,1303,43,17,1,25.02594,121.50651,25
500113008,20231105,1304,43,17,1,25.02594,121.50651,25
500113008,20231105,1305,43,17,1,25.02594,121.50651,25
500113008,20231105,1306,43,17,1,25.02594,121.50651,25
500113008,20231105,1307,43,17,1,25.02594,121.50651,25
500113008,20231105,1308,43,17,1,25.02594,121.50651,25
500113008,20231105,1309,43,18,1,25.02594,121.50651,24
500113008,20231105,1310,43,18,1,25.02594,121.50651,24
500113008,20231105,1311,43,18,1,25.02594,121.50651,24
500113008,20231105,1312,43,18,1,25.02594,121.50651,24
500113008,20231105,1313,43,18,1,25.02594,121.50651,24
500113008,20231105,1314,43,18,1,25.02594,121.50651,24
500113008,20231105,1315,43,18,1,25.02594,121.50651,24
500113008,20231105,1316,43,18,1,25.02594,121.50651,24
500113008,20231105,1317,43,19,1,25.02594,121.50651,23
500113008,20231105,1318,43,19,1,25.02594,121.50651,23
500113008,20231105,1319,43,19,1,25.02594,121.50651,23
500113008,20231105,1321,43,19,1,25.02594,121.50651,23
500113008,20231105,1322,43,19,1,25.02594,121.50651,23
500113008,20231105,1323,43,19,1,25.02594,121.50651,23
500113008,20231105,1324,43,19,1,25.02594,121.50651,23
500113008,20231105,1325,43,19,1,25.02594,121.50651,23
500113008,20231105,1327,43,19,1,25.02594,121.50651,23
500113008,20231105,1328,43,19,1,25.02594,121.50651,23
500113008,20231105,1329,43,19,1,25.02594,121.50651,23
500113008,20231105,1330,43,19,1,25.02594,121.50651,23
500113008,20231105,1331,43,19,1,25.02594,121.50651,23
500113008,20231105,1332,43,19,1,25.02594,121.50651,23
500113008,20231105,1333,43,19,1,25.02594,121.50651,23
500113008,20231105,1334,43,20,1,25.02594,121.50651,22
500113008,20231105,1335,43,19,1,25.02594,121.50651,23
500113008,20231105,1336,43,19,1,25.02594,121.50651,23
500113008,20231105,1337,43,19,1,25.02594,121.50651,23
500113008,20231105,1338,43,18,1,25.02594,121.50651,24
500113008,20231105,1339,43,17,1,25.02594,121.50651,25
500113008,20231105,1341,43,17,1,25.02594,121.50651,25
500113008,20231105,1342,43,17,1,25.02594,121.50651,25
500113008,20231105,1343,43,17,1,25.02594,121.50651,25
500113008,20231105,1344,43,17,1,25.02594,121.50651,25
500113008,20231105,1345,43,17,1,25.02594,121.50651,25
500113008,20231105,1346,43,17,1,25.02594,121.50651,25
500113008,20231105,1347,43,17,1,25.02594,121.50651,25
500113008,20231105,1348,43,17,1,25.02594,121.50651,25
500113008,20231105,1349,43,17,1,25.02594,121.50651,25
500113008,20231105,1350,43,17,1,25.02594,121.50651,25
500113008,20231105,1351,43,17,1,25.02594,121.50651,25
500113008,20231105,1352,43,17,1,25.02594,121.50651,25
500113008,20231105,1353,43,17,1,25.02594,121.50651,25
500113008,20231105,1354,43,17,1,25.02594,121.50651,25
500113008,20231105,1355,43,17,1,25.02594,121.50651,25
500113008,20231105,1356,43,17,1,25.02594,121.50651,25
500113008,20231105,1357,43,17,1,25.02594,121.50651,25
500113008,20231105,1358,43,17,1,25.02594,121.50651,25
500113008,20231105,1359,43,18,1,25.02594,121.50651,24
500113008,20231105,1360,43,18,1,25.02594,121.50651,24
500113008,20231105,1361,43,18,1,25.02594,121.50651,24
500113008,20231105,1362,43,18,1,25.02594,121.50651,24
500113008,20231105,1363,43,18,1,25.02594,121.50651,24
500113008,20231105,1364,43,20,1,25.02594,121.50651,22
500113008,20231105,1365,43,20,1,25.02594,121.50651,22
500113008,20231105,1366,43,21,1,25.02594,121.50651,21
500113008,20231105,1367,43,21,1,25.02594,121.50651,21
500113008,20231105,1368,43,21,1,25.02594,121.50651,21
500113008,20231105,1369,43,21,1,25.02594,121.50651,21
500113008,20231105,1370,43,21,1,25.02594,121.50651,21
500113008,20231105,1371,43,21,1,25.02594,121.50651,21
500113008,20231105,1372,43,21,1,25.02594,121.50651,21
500113008,20231105,1373,43,21,1,25.02594,121.50651,21
500113008,20231105,1374,43,22,1,25.02594,121.50651,20
500113008,20231105,1375,43,22,1,25.02594,121.50651,20
500113008,20231105,1376,43,22,1,25.02594,121.50651,20
500113008,20231105,1377,43,22,1,25.02594,121.50651,20
500113008,20231105,1378,43,21,1,25.02594,121.50651,21
500113008,20231105,1379,43,21,1,25.02594,121.50651,21
500113008,20231105,1381,43,21,1,25.02594,121.50651,21
500113008,20231105,1382,43,21,1,25.02594,121.50651,21
500113008,20231105,1383,43,21,1,25.02594,121.50651,21
500113008,20231105,1384,43,21,1,25.02594,121.50651,21
500113008,20231105,1385,43,21,1,25.02594,121.50651,21
500113008,20231105,1386,43,21,1,25.02594,121.50651,21
500113008,20231105,1387,43,21,1,25.02594,121.50651,21
500113008,20231105,1388,43,21,1,25.02594,121.50651,21
500113008,20231105,1389,43,21,1,25.02594,121.50651,21
500113008,20231105,1390,43,22,1,25.02594,121.50651,20
500113008,20231105,1391,43,22,1,25.02594,121.50651,20
500113008,20231105,1392,43,21,1,25.02594,121.50651,21
500113008,20231105,1393,43,21,1,25.02594,121.50651,21
500113008,20231105,1394,43,21,1,25.02594,121.50651,21
500113008,20231105,1395,43,21,1,25.02594,121.50651,21
500113008,20231105,1396,43,21,1,25.02594,121.50651,21
500113008,20231105,1397,43,20,1,25.02594,121.50651,22
500113008,20231105,1398,43,20,1,25.02594,121.50651,22
500113008,20231105,1399,43,20,1,25.02594,121.50651,22
500113008,20231105,1401,43,21,1,25.02594,121.50651,21
500113008,20231105,1402,43,21,1,25.02594,121.50651,21
500113008,20231105,1403,43,21,1,25.02594,121.50651,21
500113008,20231105,1404,43,22,1,25.02594,121.50651,20
500113008,20231105,1405,43,22,1,25.02594,121.50651,20
500113008,20231105,1406,43,22,1,25.02594,121.50651,20
500113008,20231105,1407,43,23,1,25.02594,121.50651,19
500113008,20231105,1408,43,23,1,25.02594,121.50651,19
500113008,20231105,1409,43,23,1,25.02594,121.50651,19
500113008,20231105,1410,43,23,1,25.02594,121.50651,19
500113008,20231105,1411,43,23,1,25.02594,121.50651,19
500113008,20231105,1412,43,23,1,25.02594,121.50651,19
500113008,20231105,1413,43,23,1,25.02594,121.50651,19
500113008,20231105,1414,43,23,1,25.02594,121.50651,19
500113008,20231105,1415,43,23,1,25.02594,121.50651,19
500113008,20231105,1416,43,23,1,25.02594,121.50651,19
500113008,20231105,1417,43,23,1,25.02594,121.50651,19
500113008,20231105,1418,43,22,1,25.02594,121.50651,20
500113008,20231105,1419,43,22,1,25.02594,121.50651,20
500113008,20231105,1420,43,22,1,25.02594,121.50651,20
500113008,20231105,1421,43,22,1,25.02594,121.50651,20
500113008,20231105,1422,43,22,1,25.02594,121.50651,20
500113008,20231105,1423,43,22,1,25.02594,121.50651,20
500113008,20231105,1424,43,22,1,25.02594,121.50651,20
500113008,20231105,1425,43,21,1,25.02594,121.50651,21
500113008,20231105,1426,43,21,1,25.02594,121.50651,21
500113008,20231105,1427,43,21,1,25.02594,121.50651,21
500113008,20231105,1428,43,21,1,25.02594,121.50651,21
500113008,20231105,1429,43,21,1,25.02594,121.50651,21
500113008,20231105,1430,43,21,1,25.02594,121.50651,21
500113008,20231105,1431,43,21,1,25.02594,121.50651,21
500113008,20231105,1432,43,21,1,25.02594,121.50651,21
500113008,20231105,1433,43,21,1,25.02594,121.50651,21
500113008,20231105,1434,43,21,1,25.02594,121.50651,21
500113008,20231105,1435,43,21,1,25.02594,121.50651,21
500113008,20231105,1436,43,22,1,25.02594,121.50651,20
500113008,20231105,1437,43,22,1,25.02594,121.50651,20
500113008,20231105,1438,43,22,1,25.02594,121.50651,20
500113008,20231105,1439,43,22,1,25.02594,121.50651,20
500113008,20231106,1,43,22,1,25.02594,121.50651,20
500113008,20231106,2,43,22,1,25.02594,121.50651,20
500113008,20231106,3,43,22,1,25.02594,121.50651,20
500113008,20231106,4,43,22,1,25.02594,121.50651,20
500113008,20231106,5,43,22,1,25.02594,121.50651,20
500113008,20231106,6,43,22,1,25.02594,121.50651,20
500113008,20231106,7,43,22,1,25.02594,121.50651,20
500113008,20231106,8,43,22,1,25.02594,121.50651,20
500113008,20231106,9,43,22,1,25.02594,121.50651,20
500113008,20231106,11,43,22,1,25.02594,121.50651,20
500113008,20231106,12,43,22,1,25.02594,121.50651,20
500113008,20231106,13,43,22,1,25.02594,121.50651,20
500113008,20231106,14,43,22,1,25.02594,121.50651,20
500113008,20231106,15,43,22,1,25.02594,121.50651,20
500113008,20231106,16,43,22,1,25.02594,121.50651,20
500113008,20231106,17,43,21,1,25.02594,121.50651,21
500113008,20231106,18,43,21,1,25.02594,121.50651,21
500113008,20231106,19,43,21,1,25.02594,121.50651,21
500113008,20231106,21,43,21,1,25.02594,121.50651,21
500113008,20231106,22,43,21,1,25.02594,121.50651,21
500113008,20231106,23,43,21,1,25.02594,121.50651,21
500113008,20231106,24,43,21,1,25.02594,121.50651,21
500113008,20231106,25,43,21,1,25.02594,121.50651,21
500113008,20231106,26,43,21,1,25.02594,121.50651,21
500113008,20231106,27,43,21,1,25.02594,121.50651,21
500113008,20231106,28,43,21,1,25.02594,121.50651,21
500113008,20231106,29,43,21,1,25.02594,121.50651,21
500113008,20231106,30,43,21,1,25.02594,121.50651,21
500113008,20231106,32,43,21,1,25.02594,121.50651,21
500113008,20231106,33,43,21,1,25.02594,121.50651,21
500113008,20231106,34,43,21,1,25.02594,121.50651,21
500113008,20231106,35,43,21,1,25.02594,121.50651,21
500113008,20231106,36,43,21,1,25.02594,121.50651,21
500113008,20231106,37,43,21,1,25.02594,121.50651,21
500113008,20231106,39,43,21,1,25.02594,121.50651,21
500113008,20231106,41,43,21,1,25.02594,121.50651,21
500113008,20231106,42,43,21,1,25.02594,121.50651,21
500113008,20231106,43,43,21,1,25.02594,121.50651,21
500113008,20231106,44,43,21,1,25.02594,121.50651,21
500113008,20231106,45,43,21,1,25.02594,121.50651,21
500113008,20231106,46,43,21,1,25.02594,121.50651,21
500113008,20231106,47,43,21,1,25.02594,121.50651,21
500113008,20231106,48,43,21,1,25.02594,121.50651,21
500113008,20231106,49,43,21,1,25.02594,121.50651,21
500113008,20231106,51,43,21,1,25.02594,121.50651,21
500113008,20231106,52,43,21,1,25.02594,121.50651,21
500113008,20231106,53,43,21,1,25.02594,121.50651,21
500113008,20231106,54,43,21,1,25.02594,121.50651,21
500113008,20231106,55,43,21,1,25.02594,121.50651,21
500113008,20231106,56,43,21,1,25.02594,121.50651,21
500113008,20231106,57,43,21,1,25.02594,121.50651,21
500113008,20231106,58,43,21,1,25.02594,121.50651,21
500113008,20231106,59,43,21,1,25.02594,121.50651,21
500113008,20231106,61,43,21,1,25.02594,121.50651,21
500113008,20231106,63,43,21,1,25.02594,121.50651,21
500113008,20231106,64,43,21,1,25.02594,121.50651,21
500113008,20231106,65,43,21,1,25.02594,121.50651,21
500113008,20231106,66,43,21,1,25.02594,121.50651,21
500113008,20231106,67,43,21,1,25.02594,121.50651,21
500113008,20231106,68,43,21,1,25.02594,121.50651,21
500113008,20231106,69,43,21,1,25.02594,121.50651,21
500113008,20231106,71,43,21,1,25.02594,121.50651,21
500113008,20231106,72,43,21,1,25.02594,121.50651,21
500113008,20231106,73,43,21,1,25.02594,121.50651,21
500113008,20231106,74,43,21,1,25.02594,121.50651,21
500113008,20231106,75,43,21,1,25.02594,121.50651,21
500113008,20231106,76,43,21,1,25.02594,121.50651,21
500113008,20231106,77,43,21,1,25.02594,121.50651,21
500113008,20231106,78,43,21,1,25.02594,121.50651,21
500113008,20231106,79,43,21,1,25.02594,121.50651,21
500113008,20231106,81,43,21,1,25.02594,121.50651,21
500113008,20231106,82,43,21,1,25.02594,121.50651,21
500113008,20231106,83,43,21,1,25.02594,121.50651,21
500113008,20231106,84,43,21,1,25.02594,121.50651,21
500113008,20231106,85,43,21,1,25.02594,121.50651,21
500113008,20231106,86,43,21,1,25.02594,121.50651,21
500113008,20231106,87,43,21,1,25.02594,121.50651,21
500113008,20231106,88,43,21,1,25.02594,121.50651,21
500113008,20231106,89,43,21,1,25.02594,121.50651,21
500113008,20231106,90,43,21,1,25.02594,121.50651,21
500113008,20231106,91,43,21,1,25.02594,121.50651,21
500113008,20231106,92,43,21,1,25.02594,121.50651,21
500113008,20231106,93,43,21,1,25.02594,121.50651,21
500113008,20231106,94,43,21,1,25.02594,121.50651,21
500113008,20231106,95,43,21,1,25.02594,121.50651,21
500113008,20231106,96,43,21,1,25.02594,121.50651,21
500113008,20231106,97,43,21,1,25.02594,121.50651,21
500113008,20231106,98,43,21,1,25.02594,121.50651,21
500113008,20231106,99,43,21,1,25.02594,121.50651,21
500113008,20231106,100,43,21,1,25.02594,121.50651,21
500113008,20231106,101,43,21,1,25.02594,121.50651,21
500113008,20231106,102,43,21,1,25.02594,121.50651,21
500113008,20231106,103,43,21,1,25.02594,121.50651,21
500113008,20231106,104,43,21,1,25.02594,121.50651,21
500113008,20231106,105,43,21,1,25.02594,121.50651,21
500113008,20231106,106,43,21,1,25.02594,121.50651,21
500113008,20231106,107,43,21,1,25.02594,121.50651,21
500113008,20231106,108,43,21,1,25.02594,121.50651,21
500113008,20231106,109,43,21,1,25.02594,121.50651,21
500113008,20231106,110,43,21,1,25.02594,121.50651,21
500113008,20231106,111,43,21,1,25.02594,121.50651,21
500113008,20231106,112,43,21,1,25.02594,121.50651,21
500113008,20231106,113,43,21,1,25.02594,121.50651,21
500113008,20231106,114,43,21,1,25.02594,121.50651,21
500113008,20231106,115,43,21,1,25.02594,121.50651,21
500113008,20231106,116,43,21,1,25.02594,121.50651,21
500113008,20231106,117,43,21,1,25.02594,121.50651,21
500113008,20231106,118,43,21,1,25.02594,121.50651,21
500113008,20231106,119,43,21,1,25.02594,121.50651,21
500113008,20231106,121,43,21,1,25.02594,121.50651,21
500113008,20231106,122,43,21,1,25.02594,121.50651,21
500113008,20231106,123,43,21,1,25.02594,121.50651,21
500113008,20231106,124,43,21,1,25.02594,121.50651,21
500113008,20231106,125,43,21,1,25.02594,121.50651,21
500113008,20231106,126,43,21,1,25.02594,121.50651,21
500113008,20231106,127,43,21,1,25.02594,121.50651,21
500113008,20231106,128,43,21,1,25.02594,121.50651,21
500113008,20231106,129,43,21,1,25.02594,121.50651,21
500113008,20231106,130,43,21,1,25.02594,121.50651,21
500113008,20231106,131,43,21,1,25.02594,121.50651,21
500113008,20231106,132,43,21,1,25.02594,121.50651,21
500113008,20231106,133,43,21,1,25.02594,121.50651,21
500113008,20231106,134,43,21,1,25.02594,121.50651,21
500113008,20231106,135,43,21,1,25.02594,121.50651,21
500113008,20231106,136,43,21,1,25.02594,121.50651,21
500113008,20231106,137,43,21,1,25.02594,121.50651,21
500113008,20231106,138,43,21,1,25.02594,121.50651,21
500113008,20231106,139,43,21,1,25.02594,121.50651,21
500113008,20231106,141,43,21,1,25.02594,121.50651,21
500113008,20231106,142,43,21,1,25.02594,121.50651,21
500113008,20231106,143,43,21,1,25.02594,121.50651,21
500113008,20231106,144,43,21,1,25.02594,121.50651,21
500113008,20231106,145,43,21,1,25.02594,121.50651,21
500113008,20231106,146,43,21,1,25.02594,121.50651,21
500113008,20231106,147,43,20,1,25.02594,121.50651,22
500113008,20231106,148,43,20,1,25.02594,121.50651,22
500113008,20231106,149,43,20,1,25.02594,121.50651,22
500113008,20231106,150,43,20,1,25.02594,121.50651,22
500113008,20231106,151,43,20,1,25.02594,121.50651,22
500113008,20231106,152,43,20,1,25.02594,121.50651,22
500113008,20231106,153,43,20,1,25.02594,121.50651,22
500113008,20231106,154,43,20,1,25.02594,121.50651,22
500113008,20231106,155,43,20,1,25.02594,121.50651,22
500113008,20231106,156,43,20,1,25.02594,121.50651,22
500113008,20231106,157,43,20,1,25.02594,121.50651,22
500113008,20231106,158,43,20,1,25.02594,121.50651,22
500113008,20231106,159,43,20,1,25.02594,121.50651,22
500113008,20231106,160,43,20,1,25.02594,121.50651,22
500113008,20231106,161,43,20,1,25.02594,121.50651,22
500113008,20231106,162,43,20,1,25.02594,121.50651,22
500113008,20231106,163,43,19,1,25.02594,121.50651,23
500113008,20231106,164,43,18,1,25.02594,121.50651,24
500113008,20231106,165,43,18,1,25.02594,121.50651,24
500113008,20231106,166,43,18,1,25.02594,121.50651,24
500113008,20231106,167,43,18,1,25.02594,121.50651,24
500113008,20231106,168,43,18,1,25.02594,121.50651,24
500113008,20231106,169,43,18,1,25.02594,121.50651,24
500113008,20231106,170,43,16,1,25.02594,121.50651,26
500113008,20231106,171,43,16,1,25.02594,121.50651,26
500113008,20231106,172,43,16,1,25.02594,121.50651,26
500113008,20231106,173,43,16,1,25.02594,121.50651,26
500113008,20231106,174,43,16,1,25.02594,121.50651,26
500113008,20231106,175,43,16,1,25.02594,121.50651,26
500113008,20231106,176,43,16,1,25.02594,121.50651,26
500113008,20231106,177,43,16,1,25.02594,121.50651,26
500113008,20231106,178,43,16,1,25.02594,121.50651,26
500113008,20231106,179,43,16,1,25.02594,121.50651,26
500113008,20231106,180,43,16,1,25.02594,121.50651,26
500113008,20231106,181,43,16,1,25.02594,121.50651,26
500113008,20231106,182,43,16,1,25.02594,121.50651,26
500113008,20231106,183,43,16,1,25.02594,121.50651,26
500113008,20231106,184,43,16,1,25.02594,121.50651,26
500113008,20231106,185,43,16,1,25.02594,121.50651,26
500113008,20231106,186,43,16,1,25.02594,121.50651,26
500113008,20231106,187,43,16,1,25.02594,121.50651,26
500113008,20231106,188,43,16,1,25.02594,121.50651,26
500113008,20231106,189,43,16,1,25.02594,121.50651,26
500113008,20231106,190,43,16,1,25.02594,121.50651,26
500113008,20231106,191,43,16,1,25.02594,121.50651,26
500113008,20231106,192,43,16,1,25.02594,121.50651,26
500113008,20231106,193,43,16,1,25.02594,121.50651,26
500113008,20231106,194,43,16,1,25.02594,121.50651,26
500113008,20231106,195,43,16,1,25.02594,121.50651,26
500113008,20231106,196,43,16,1,25.02594,121.50651,26
500113008,20231106,197,43,16,1,25.02594,121.50651,26
500113008,20231106,198,43,16,1,25.02594,121.50651,26
500113008,20231106,199,43,16,1,25.02594,121.50651,26
500113008,20231106,201,43,16,1,25.02594,121.50651,26
500113008,20231106,202,43,16,1,25.02594,121.50651,26
500113008,20231106,203,43,16,1,25.02594,121.50651,26
500113008,20231106,204,43,16,1,25.02594,121.50651,26
500113008,20231106,205,43,16,1,25.02594,121.50651,26
500113008,20231106,206,43,16,1,25.02594,121.50651,26
500113008,20231106,207,43,16,1,25.02594,121.50651,26
500113008,20231106,208,43,16,1,25.02594,121.50651,26
500113008,20231106,209,43,16,1,25.02594,121.50651,26
500113008,20231106,211,43,16,1,25.02594,121.50651,26
500113008,20231106,212,43,16,1,25.02594,121.50651,26
500113008,20231106,213,43,16,1,25.02594,121.50651,26
500113008,20231106,214,43,16,1,25.02594,121.50651,26
500113008,20231106,215,43,16,1,25.02594,121.50651,26
500113008,20231106,216,43,16,1,25.02594,121.50651,26
500113008,20231106,217,43,16,1,25.02594,121.50651,26
500113008,20231106,218,43,16,1,25.02594,121.50651,26
500113008,20231106,219,43,16,1,25.02594,121.50651,26
500113008,20231106,221,43,16,1,25.02594,121.50651,26
500113008,20231106,222,43,16,1,25.02594,121.50651,26
500113008,20231106,223,43,16,1,25.02594,121.50651,26
500113008,20231106,224,43,16,1,25.02594,121.50651,26
500113008,20231106,225,43,16,1,25.02594,121.50651,26
500113008,20231106,226,43,16,1,25.02594,121.50651,26
500113008,20231106,227,43,16,1,25.02594,121.50651,26
500113008,20231106,228,43,16,1,25.02594,121.50651,26
500113008,20231106,229,43,16,1,25.02594,121.50651,26
500113008,20231106,231,43,16,1,25.02594,121.50651,26
500113008,20231106,232,43,16,1,25.02594,121.50651,26
500113008,20231106,233,43,16,1,25.02594,121.50651,26
500113008,20231106,234,43,16,1,25.02594,121.50651,26
500113008,20231106,235,43,16,1,25.02594,121.50651,26
500113008,20231106,236,43,16,1,25.02594,121.50651,26
500113008,20231106,237,43,16,1,25.02594,121.50651,26
500113008,20231106,238,43,16,1,25.02594,121.50651,26
500113008,20231106,239,43,16,1,25.02594,121.50651,26
500113008,20231106,241,43,16,1,25.02594,121.50651,26
500113008,20231106,242,43,16,1,25.02594,121.50651,26
500113008,20231106,243,43,16,1,25.02594,121.50651,26
500113008,20231106,244,43,16,1,25.02594,121.50651,26
500113008,20231106,245,43,16,1,25.02594,121.50651,26
500113008,20231106,246,43,16,1,25.02594,121.50651,26
500113008,20231106,247,43,16,1,25.02594,121.50651,26
500113008,20231106,248,43,16,1,25.02594,121.50651,26
500113008,20231106,249,43,16,1,25.02594,121.50651,26
500113008,20231106,251,43,16,1,25.02594,121.50651,26
500113008,20231106,252,43,16,1,25.02594,121.50651,26
500113008,20231106,253,43,16,1,25.02594,121.50651,26
500113008,20231106,254,43,16,1,25.02594,121.50651,26
500113008,20231106,255,43,16,1,25.02594,121.50651,26
500113008,20231106,256,43,16,1,25.02594,121.50651,26
500113008,20231106,257,43,16,1,25.02594,121.50651,26
500113008,20231106,258,43,16,1,25.02594,121.50651,26
500113008,20231106,259,43,16,1,25.02594,121.50651,26
500113008,20231106,261,43,16,1,25.02594,121.50651,26
500113008,20231106,262,43,16,1,25.02594,121.50651,26
500113008,20231106,263,43,16,1,25.02594,121.50651,26
500113008,20231106,264,43,16,1,25.02594,121.50651,26
500113008,20231106,265,43,16,1,25.02594,121.50651,26
500113008,20231106,266,43,16,1,25.02594,121.50651,26
500113008,20231106,267,43,16,1,25.02594,121.50651,26
500113008,20231106,268,43,16,1,25.02594,121.50651,26
500113008,20231106,269,43,16,1,25.02594,121.50651,26
500113008,20231106,271,43,16,1,25.02594,121.50651,26
500113008,20231106,272,43,16,1,25.02594,121.50651,26
500113008,20231106,273,43,16,1,25.02594,121.50651,26
500113008,20231106,274,43,16,1,25.02594,121.50651,26
500113008,20231106,275,43,16,1,25.02594,121.50651,26
500113008,20231106,276,43,16,1,25.02594,121.50651,26
500113008,20231106,277,43,16,1,25.02594,121.50651,26
500113008,20231106,278,43,16,1,25.02594,121.50651,26
500113008,20231106,279,43,16,1,25.02594,121.50651,26
500113008,20231106,281,43,16,1,25.02594,121.50651,26
500113008,20231106,282,43,16,1,25.02594,121.50651,26
500113008,20231106,283,43,16,1,25.02594,121.50651,26
500113008,20231106,284,43,16,1,25.02594,121.50651,26
500113008,20231106,285,43,16,1,25.02594,121.50651,26
500113008,20231106,286,43,16,1,25.02594,121.50651,26
500113008,20231106,287,43,16,1,25.02594,121.50651,26
500113008,20231106,288,43,16,1,25.02594,121.50651,26
500113008,20231106,289,43,16,1,25.02594,121.50651,26
500113008,20231106,290,43,16,1,25.02594,121.50651,26
500113008,20231106,291,43,16,1,25.02594,121.50651,26
500113008,20231106,292,43,16,1,25.02594,121.50651,26
500113008,20231106,293,43,16,1,25.02594,121.50651,26
500113008,20231106,294,43,16,1,25.02594,121.50651,26
500113008,20231106,295,43,16,1,25.02594,121.50651,26
500113008,20231106,296,43,16,1,25.02594,121.50651,26
500113008,20231106,297,43,16,1,25.02594,121.50651,26
500113008,20231106,298,43,15,1,25.02594,121.50651,27
500113008,20231106,299,43,15,1,25.02594,121.50651,27
500113008,20231106,300,43,15,1,25.02594,121.50651,27
500113008,20231106,301,43,15,1,25.02594,121.50651,27
500113008,20231106,302,43,15,1,25.02594,121.50651,27
500113008,20231106,303,43,15,1,25.02594,121.50651,27
500113008,20231106,304,43,15,1,25.02594,121.50651,27
500113008,20231106,305,43,15,1,25.02594,121.50651,27
500113008,20231106,306,43,15,1,25.02594,121.50651,27
500113008,20231106,307,43,15,1,25.02594,121.50651,27
500113008,20231106,308,43,15,1,25.02594,121.50651,27
500113008,20231106,309,43,15,1,25.02594,121.50651,27
500113008,20231106,310,43,15,1,25.02594,121.50651,27
500113008,20231106,311,43,15,1,25.02594,121.50651,27
500113008,20231106,312,43,15,1,25.02594,121.50651,27
500113008,20231106,313,43,15,1,25.02594,121.50651,27
500113008,20231106,314,43,15,1,25.02594,121.50651,27
500113008,20231106,315,43,15,1,25.02594,121.50651,27
500113008,20231106,316,43,15,1,25.02594,121.50651,27
500113008,20231106,317,43,15,1,25.02594,121.50651,27
500113008,20231106,318,43,15,1,25.02594,121.50651,27
500113008,20231106,319,43,15,1,25.02594,121.50651,27
500113008,20231106,321,43,15,1,25.02594,121.50651,27
500113008,20231106,322,43,15,1,25.02594,121.50651,27
500113008,20231106,323,43,15,1,25.02594,121.50651,27
500113008,20231106,324,43,15,1,25.02594,121.50651,27
500113008,20231106,325,43,15,1,25.02594,121.50651,27
500113008,20231106,326,43,16,1,25.02594,121.50651,26
500113008,20231106,327,43,16,1,25.02594,121.50651,26
500113008,20231106,328,43,16,1,25.02594,121.50651,26
500113008,20231106,329,43,16,1,25.02594,121.50651,26
500113008,20231106,330,43,16,1,25.02594,121.50651,26
500113008,20231106,331,43,16,1,25.02594,121.50651,26
500113008,20231106,332,43,16,1,25.02594,121.50651,26
500113008,20231106,333,43,16,1,25.02594,121.50651,26
500113008,20231106,334,43,16,1,25.02594,121.50651,26
500113008,20231106,335,43,16,1,25.02594,121.50651,26
500113008,20231106,336,43,16,1,25.02594,121.50651,26
500113008,20231106,337,43,16,1,25.02594,121.50651,26
500113008,20231106,338,43,15,1,25.02594,121.50651,27
500113008,20231106,339,43,14,1,25.02594,121.50651,28
500113008,20231106,340,43,14,1,25.02594,121.50651,28
500113008,20231106,341,43,14,1,25.02594,121.50651,28
500113008,20231106,342,43,14,1,25.02594,121.50651,28
500113008,20231106,343,43,14,1,25.02594,121.50651,28
500113008,20231106,344,43,14,1,25.02594,121.50651,28
500113008,20231106,345,43,14,1,25.02594,121.50651,28
500113008,20231106,346,43,14,1,25.02594,121.50651,28
500113008,20231106,347,43,14,1,25.02594,121.50651,28
500113008,20231106,348,43,14,1,25.02594,121.50651,28
500113008,20231106,349,43,14,1,25.02594,121.50651,28
500113008,20231106,350,43,14,1,25.02594,121.50651,28
500113008,20231106,351,43,14,1,25.02594,121.50651,28
500113008,20231106,352,43,14,1,25.02594,121.50651,28
500113008,20231106,353,43,14,1,25.02594,121.50651,28
500113008,20231106,354,43,14,1,25.02594,121.50651,28
500113008,20231106,355,43,14,1,25.02594,121.50651,28
500113008,20231106,356,43,14,1,25.02594,121.50651,28
500113008,20231106,357,43,14,1,25.02594,121.50651,28
500113008,20231106,358,43,13,1,25.02594,121.50651,29
500113008,20231106,359,43,13,1,25.02594,121.50651,29
500113008,20231106,360,43,13,1,25.02594,121.50651,29
500113008,20231106,361,43,13,1,25.02594,121.50651,29
500113008,20231106,362,43,13,1,25.02594,121.50651,29
500113008,20231106,363,43,13,1,25.02594,121.50651,29
500113008,20231106,364,43,13,1,25.02594,121.50651,29
500113008,20231106,365,43,13,1,25.02594,121.50651,29
500113008,20231106,366,43,13,1,25.02594,121.50651,29
500113008,20231106,367,43,13,1,25.02594,121.50651,29
500113008,20231106,368,43,13,1,25.02594,121.50651,29
500113008,20231106,369,43,13,1,25.02594,121.50651,29
500113008,20231106,370,43,13,1,25.02594,121.50651,29
500113008,20231106,371,43,13,1,25.02594,121.50651,29
500113008,20231106,372,43,13,1,25.02594,121.50651,29
500113008,20231106,374,43,13,1,25.02594,121.50651,29
500113008,20231106,375,43,14,1,25.02594,121.50651,28
500113008,20231106,376,43,14,1,25.02594,121.50651,28
500113008,20231106,377,43,14,1,25.02594,121.50651,28
500113008,20231106,378,43,14,1,25.02594,121.50651,28
500113008,20231106,379,43,14,1,25.02594,121.50651,28
500113008,20231106,381,43,14,1,25.02594,121.50651,28
500113008,20231106,382,43,13,1,25.02594,121.50651,29
500113008,20231106,383,43,13,1,25.02594,121.50651,29
500113008,20231106,384,43,14,1,25.02594,121.50651,28
500113008,20231106,385,43,14,1,25.02594,121.50651,28
500113008,20231106,386,43,14,1,25.02594,121.50651,28
500113008,20231106,387,43,14,1,25.02594,121.50651,28
500113008,20231106,388,43,14,1,25.02594,121.50651,28
500113008,20231106,389,43,14,1,25.02594,121.50651,28
500113008,20231106,391,43,14,1,25.02594,121.50651,28
500113008,20231106,392,43,14,1,25.02594,121.50651,28
500113008,20231106,393,43,14,1,25.02594,121.50651,28
500113008,20231106,394,43,14,1,25.02594,121.50651,28
500113008,20231106,395,43,14,1,25.02594,121.50651,28
500113008,20231106,396,43,13,1,25.02594,121.50651,29
500113008,20231106,397,43,13,1,25.02594,121.50651,29
500113008,20231106,398,43,13,1,25.02594,121.50651,29
500113008,20231106,399,43,13,1,25.02594,121.50651,29
500113008,20231106,401,43,13,1,25.02594,121.50651,29
500113008,20231106,402,43,13,1,25.02594,121.50651,29
500113008,20231106,403,43,13,1,25.02594,121.50651,29
500113008,20231106,404,43,13,1,25.02594,121.50651,29
500113008,20231106,405,43,13,1,25.02594,121.50651,29
500113008,20231106,406,43,14,1,25.02594,121.50651,28
500113008,20231106,407,43,14,1,25.02594,121.50651,28
500113008,20231106,408,43,14,1,25.02594,121.50651,28
500113008,20231106,409,43,14,1,25.02594,121.50651,28
500113008,20231106,411,43,15,1,25.02594,121.50651,27
500113008,20231106,412,43,15,1,25.02594,121.50651,27
500113008,20231106,413,43,15,1,25.02594,121.50651,27
500113008,20231106,414,43,16,1,25.02594,121.50651,26
500113008,20231106,415,43,16,1,25.02594,121.50651,26
500113008,20231106,416,43,15,1,25.02594,121.50651,27
500113008,20231106,417,43,15,1,25.02594,121.50651,27
500113008,20231106,418,43,15,1,25.02594,121.50651,27
500113008,20231106,419,43,17,1,25.02594,121.50651,25
500113008,20231106,421,43,19,1,25.02594,121.50651,23
500113008,20231106,422,43,19,1,25.02594,121.50651,23
500113008,20231106,423,43,19,1,25.02594,121.50651,23
500113008,20231106,424,43,19,1,25.02594,121.50651,23
500113008,20231106,425,43,20,1,25.02594,121.50651,22
500113008,20231106,426,43,21,1,25.02594,121.50651,21
500113008,20231106,427,43,21,1,25.02594,121.50651,21
500113008,20231106,428,43,21,1,25.02594,121.50651,21
500113008,20231106,429,43,21,1,25.02594,121.50651,21
500113008,20231106,431,43,21,1,25.02594,121.50651,21
500113008,20231106,432,43,22,1,25.02594,121.50651,20
500113008,20231106,433,43,22,1,25.02594,121.50651,20
500113008,20231106,434,43,22,1,25.02594,121.50651,20
500113008,20231106,435,43,21,1,25.02594,121.50651,21
500113008,20231106,436,43,20,1,25.02594,121.50651,22
500113008,20231106,437,43,19,1,25.02594,121.50651,23
500113008,20231106,438,43,19,1,25.02594,121.50651,23
500113008,20231106,439,43,19,1,25.02594,121.50651,23
500113008,20231106,441,43,19,1,25.02594,121.50651,23
500113008,20231106,442,43,19,1,25.02594,121.50651,23
500113008,20231106,443,43,20,1,25.02594,121.50651,22
500113008,20231106,444,43,20,1,25.02594,121.50651,22
500113008,20231106,445,43,20,1,25.02594,121.50651,22
500113008,20231106,446,43,20,1,25.02594,121.50651,22
500113008,20231106,447,43,20,1,25.02594,121.50651,22
500113008,20231106,448,43,21,1,25.02594,121.50651,21
500113008,20231106,449,43,21,1,25.02594,121.50651,21
500113008,20231106,451,43,21,1,25.02594,121.50651,21
500113008,20231106,452,43,21,1,25.02594,121.50651,21
500113008,20231106,453,43,21,1,25.02594,121.50651,21
500113008,20231106,454,43,21,1,25.02594,121.50651,21
500113008,20231106,455,43,21,1,25.02594,121.50651,21
500113008,20231106,456,43,21,1,25.02594,121.50651,21
500113008,20231106,457,43,20,1,25.02594,121.50651,22
500113008,20231106,458,43,20,1,25.02594,121.50651,22
500113008,20231106,459,43,20,1,25.02594,121.50651,22
500113008,20231106,460,43,19,1,25.02594,121.50651,23
500113008,20231106,461,43,20,1,25.02594,121.50651,22
500113008,20231106,462,43,22,1,25.02594,121.50651,20
500113008,20231106,463,43,22,1,25.02594,121.50651,20
500113008,20231106,464,43,21,1,25.02594,121.50651,21
500113008,20231106,465,43,19,1,25.02594,121.50651,23
500113008,20231106,466,43,20,1,25.02594,121.50651,22
500113008,20231106,467,43,20,1,25.02594,121.50651,22
500113008,20231106,468,43,20,1,25.02594,121.50651,22
500113008,20231106,469,43,19,1,25.02594,121.50651,23
500113008,20231106,470,43,19,1,25.02594,121.50651,23
500113008,20231106,471,43,19,1,25.02594,121.50651,23
500113008,20231106,472,43,19,1,25.02594,121.50651,23
500113008,20231106,473,43,19,1,25.02594,121.50651,23
500113008,20231106,474,43,19,1,25.02594,121.50651,23
500113008,20231106,475,43,19,1,25.02594,121.50651,23
500113008,20231106,476,43,19,1,25.02594,121.50651,23
500113008,20231106,477,43,18,1,25.02594,121.50651,24
500113008,20231106,478,43,18,1,25.02594,121.50651,24
500113008,20231106,479,43,17,1,25.02594,121.50651,25
500113008,20231106,481,43,17,1,25.02594,121.50651,25
500113008,20231106,482,43,17,1,25.02594,121.50651,25
500113008,20231106,483,43,17,1,25.02594,121.50651,25
500113008,20231106,484,43,18,1,25.02594,121.50651,24
500113008,20231106,485,43,18,1,25.02594,121.50651,24
500113008,20231106,486,43,19,1,25.02594,121.50651,23
500113008,20231106,487,43,19,1,25.02594,121.50651,23
500113008,20231106,488,43,19,1,25.02594,121.50651,23
500113008,20231106,489,43,19,1,25.02594,121.50651,23
500113008,20231106,490,43,20,1,25.02594,121.50651,22
500113008,20231106,491,43,20,1,25.02594,121.50651,22
500113008,20231106,492,43,20,1,25.02594,121.50651,22
500113008,20231106,493,43,21,1,25.02594,121.50651,21
500113008,20231106,494,43,22,1,25.02594,121.50651,20
500113008,20231106,495,43,23,1,25.02594,121.50651,19
500113008,20231106,496,43,23,1,25.02594,121.50651,19
500113008,20231106,497,43,22,1,25.02594,121.50651,20
500113008,20231106,498,43,23,1,25.02594,121.50651,19
500113008,20231106,499,43,23,1,25.02594,121.50651,19
500113008,20231106,501,43,23,1,25.02594,121.50651,19
500113008,20231106,502,43,23,1,25.02594,121.50651,19
500113008,20231106,503,43,23,1,25.02594,121.50651,19
500113008,20231106,504,43,23,1,25.02594,121.50651,19
500113008,20231106,505,43,24,1,25.02594,121.50651,18
500113008,20231106,506,43,24,1,25.02594,121.50651,18
500113008,20231106,507,43,24,1,25.02594,121.50651,18
500113008,20231106,508,43,25,1,25.02594,121.50651,17
500113008,20231106,509,43,25,1,25.02594,121.50651,17
500113008,20231106,511,43,26,1,25.02594,121.50651,16
500113008,20231106,512,43,26,1,25.02594,121.50651,16
500113008,20231106,513,43,26,1,25.02594,121.50651,16
500113008,20231106,514,43,26,1,25.02594,121.50651,16
500113008,20231106,515,43,26,1,25.02594,121.50651,16
500113008,20231106,516,43,26,1,25.02594,121.50651,16
500113008,20231106,517,43,26,1,25.02594,121.50651,16
500113008,20231106,518,43,26,1,25.02594,121.50651,16
500113008,20231106,519,43,26,1,25.02594,121.50651,16
500113008,20231106,520,43,26,1,25.02594,121.50651,16
500113008,20231106,521,43,26,1,25.02594,121.50651,16
500113008,20231106,522,43,26,1,25.02594,121.50651,16
500113008,20231106,523,43,25,1,25.02594,121.50651,17
500113008,20231106,524,43,25,1,25.02594,121.50651,17
500113008,20231106,525,43,25,1,25.02594,121.50651,17
500113008,20231106,526,43,25,1,25.02594,121.50651,17
500113008,20231106,527,43,24,1,25.02594,121.50651,18
500113008,20231106,528,43,24,1,25.02594,121.50651,18
500113008,20231106,529,43,24,1,25.02594,121.50651,18
500113008,20231106,530,43,24,1,25.02594,121.50651,18
500113008,20231106,531,43,24,1,25.02594,121.50651,18
500113008,20231106,532,43,25,1,25.02594,121.50651,17
500113008,20231106,533,43,25,1,25.02594,121.50651,17
500113008,20231106,534,43,25,1,25.02594,121.50651,17
500113008,20231106,535,43,25,1,25.02594,121.50651,17
500113008,20231106,536,43,25,1,25.02594,121.50651,17
500113008,20231106,537,43,25,1,25.02594,121.50651,17
500113008,20231106,538,43,25,1,25.02594,121.50651,17
500113008,20231106,539,43,26,1,25.02594,121.50651,16
500113008,20231106,541,43,25,1,25.02594,121.50651,17
500113008,20231106,542,43,25,1,25.02594,121.50651,17
500113008,20231106,543,43,25,1,25.02594,121.50651,17
500113008,20231106,544,43,25,1,25.02594,121.50651,17
500113008,20231106,545,43,25,1,25.02594,121.50651,17
500113008,20231106,546,43,25,1,25.02594,121.50651,17
500113008,20231106,547,43,25,1,25.02594,121.50651,17
500113008,20231106,548,43,25,1,25.02594,121.50651,17
500113008,20231106,549,43,25,1,25.02594,121.50651,17
500113008,20231106,550,43,25,1,25.02594,121.50651,17
500113008,20231106,551,43,25,1,25.02594,121.50651,17
500113008,20231106,552,43,26,1,25.02594,121.50651,16
500113008,20231106,553,43,25,1,25.02594,121.50651,17
500113008,20231106,554,43,26,1,25.02594,121.50651,16
500113008,20231106,555,43,26,1,25.02594,121.50651,16
500113008,20231106,556,43,26,1,25.02594,121.50651,16
500113008,20231106,557,43,26,1,25.02594,121.50651,16
500113008,20231106,559,43,26,1,25.02594,121.50651,16
500113008,20231106,561,43,27,1,25.02594,121.50651,15
500113008,20231106,562,43,27,1,25.02594,121.50651,15
500113008,20231106,563,43,27,1,25.02594,121.50651,15
500113008,20231106,564,43,27,1,25.02594,121.50651,15
500113008,20231106,566,43,27,1,25.02594,121.50651,15
500113008,20231106,567,43,26,1,25.02594,121.50651,16
500113008,20231106,569,43,26,1,25.02594,121.50651,16
500113008,20231106,572,43,25,1,25.02594,121.50651,17
500113008,20231106,574,43,26,1,25.02594,121.50651,16
500113008,20231106,575,43,26,1,25.02594,121.50651,16
500113008,20231106,576,43,26,1,25.02594,121.50651,16
500113008,20231106,578,43,27,1,25.02594,121.50651,15
500113008,20231106,579,43,27,1,25.02594,121.50651,15
500113008,20231106,580,43,27,1,25.02594,121.50651,15
500113008,20231106,582,43,28,1,25.02594,121.50651,14
500113008,20231106,583,43,28,1,25.02594,121.50651,14
500113008,20231106,584,43,29,1,25.02594,121.50651,13
500113008,20231106,585,43,29,1,25.02594,121.50651,13
500113008,20231106,587,43,29,1,25.02594,121.50651,13
500113008,20231106,588,43,29,1,25.02594,121.50651,13
500113008,20231106,589,43,29,1,25.02594,121.50651,13
500113008,20231106,591,43,29,1,25.02594,121.50651,13
500113008,20231106,594,43,29,1,25.02594,121.50651,13
500113008,20231106,595,43,29,1,25.02594,121.50651,13
500113008,20231106,597,43,23,1,25.02594,121.50651,19
500113008,20231106,598,43,23,1,25.02594,121.50651,19
500113008,20231106,599,43,23,1,25.02594,121.50651,19
500113008,20231106,602,43,23,1,25.02594,121.50651,19
500113008,20231106,603,43,23,1,25.02594,121.50651,19
500113008,20231106,605,43,23,1,25.02594,121.50651,19
500113008,20231106,606,43,24,1,25.02594,121.50651,18
500113008,20231106,608,43,24,1,25.02594,121.50651,18
500113008,20231106,609,43,24,1,25.02594,121.50651,18
500113008,20231106,611,43,24,1,25.02594,121.50651,18
500113008,20231106,612,43,24,1,25.02594,121.50651,18
500113008,20231106,613,43,24,1,25.02594,121.50651,18
500113008,20231106,614,43,24,1,25.02594,121.50651,18
500113008,20231106,615,43,24,1,25.02594,121.50651,18
500113008,20231106,616,43,24,1,25.02594,121.50651,18
500113008,20231106,617,43,24,1,25.02594,121.50651,18
500113008,20231106,618,43,24,1,25.02594,121.50651,18
500113008,20231106,619,43,24,1,25.02594,121.50651,18
500113008,20231106,621,43,25,1,25.02594,121.50651,17
500113008,20231106,622,43,26,1,25.02594,121.50651,16
500113008,20231106,623,43,27,1,25.02594,121.50651,15
500113008,20231106,624,43,27,1,25.02594,121.50651,15
500113008,20231106,625,43,27,1,25.02594,121.50651,15
500113008,20231106,626,43,28,1,25.02594,121.50651,14
500113008,20231106,627,43,28,1,25.02594,121.50651,14
500113008,20231106,628,43,28,1,25.02594,121.50651,14
500113008,20231106,629,43,28,1,25.02594,121.50651,14
500113008,20231106,631,43,28,1,25.02594,121.50651,14
500113008,20231106,632,43,28,1,25.02594,121.50651,14
500113008,20231106,633,43,28,1,25.02594,121.50651,14
500113008,20231106,634,43,27,1,25.02594,121.50651,15
500113008,20231106,635,43,27,1,25.02594,121.50651,15
500113008,20231106,636,43,27,1,25.02594,121.50651,15
500113008,20231106,637,43,27,1,25.02594,121.50651,15
500113008,20231106,639,43,27,1,25.02594,121.50651,15
500113008,20231106,641,43,28,1,25.02594,121.50651,14
500113008,20231106,642,43,28,1,25.02594,121.50651,14
500113008,20231106,643,43,30,1,25.02594,121.50651,12
500113008,20231106,644,43,30,1,25.02594,121.50651,12
500113008,20231106,645,43,30,1,25.02594,121.50651,12
500113008,20231106,646,43,30,1,25.02594,121.50651,12
500113008,20231106,647,43,30,1,25.02594,121.50651,12
500113008,20231106,648,43,30,1,25.02594,121.50651,12
500113008,20231106,649,43,30,1,25.02594,121.50651,12
500113008,20231106,650,43,30,1,25.02594,121.50651,12
500113008,20231106,651,43,30,1,25.02594,121.50651,12
500113008,20231106,652,43,30,1,25.02594,121.50651,12
500113008,20231106,653,43,30,1,25.02594,121.50651,12
500113008,20231106,654,43,30,1,25.02594,121.50651,12
500113008,20231106,655,43,30,1,25.02594,121.50651,12
500113008,20231106,656,43,29,1,25.02594,121.50651,13
500113008,20231106,657,43,28,1,25.02594,121.50651,14
500113008,20231106,658,43,28,1,25.02594,121.50651,14
500113008,20231106,659,43,28,1,25.02594,121.50651,14
500113008,20231106,661,43,28,1,25.02594,121.50651,14
500113008,20231106,662,43,27,1,25.02594,121.50651,15
500113008,20231106,663,43,27,1,25.02594,121.50651,15
500113008,20231106,664,43,28,1,25.02594,121.50651,14
500113008,20231106,665,43,29,1,25.02594,121.50651,13
500113008,20231106,666,43,29,1,25.02594,121.50651,13
500113008,20231106,667,43,29,1,25.02594,121.50651,13
500113008,20231106,668,43,29,1,25.02594,121.50651,13
500113008,20231106,669,43,29,1,25.02594,121.50651,13
500113008,20231106,670,43,29,1,25.02594,121.50651,13
500113008,20231106,671,43,29,1,25.02594,121.50651,13
500113008,20231106,672,43,29,1,25.02594,121.50651,13
500113008,20231106,673,43,29,1,25.02594,121.50651,13
500113008,20231106,674,43,29,1,25.02594,121.50651,13
500113008,20231106,675,43,30,1,25.02594,121.50651,12
500113008,20231106,676,43,30,1,25.02594,121.50651,12
500113008,20231106,677,43,31,1,25.02594,121.50651,11
500113008,20231106,678,43,31,1,25.02594,121.50651,11
500113008,20231106,679,43,31,1,25.02594,121.50651,11
500113008,20231106,681,43,31,1,25.02594,121.50651,11
500113008,20231106,682,43,31,1,25.02594,121.50651,11
500113008,20231106,683,43,31,1,25.02594,121.50651,11
500113008,20231106,684,43,31,1,25.02594,121.50651,11
500113008,20231106,685,43,31,1,25.02594,121.50651,11
500113008,20231106,686,43,31,1,25.02594,121.50651,11
500113008,20231106,687,43,32,1,25.02594,121.50651,10
500113008,20231106,688,43,32,1,25.02594,121.50651,10
500113008,20231106,689,43,33,1,25.02594,121.50651,9
500113008,20231106,690,43,33,1,25.02594,121.50651,9
500113008,20231106,691,43,33,1,25.02594,121.50651,9
500113008,20231106,692,43,33,1,25.02594,121.50651,9
500113008,20231106,693,43,33,1,25.02594,121.50651,9
500113008,20231106,694,43,33,1,25.02594,121.50651,9
500113008,20231106,695,43,33,1,25.02594,121.50651,9
500113008,20231106,696,43,33,1,25.02594,121.50651,9
500113008,20231106,697,43,33,1,25.02594,121.50651,9
500113008,20231106,698,43,33,1,25.02594,121.50651,9
500113008,20231106,699,43,33,1,25.02594,121.50651,9
500113008,20231106,700,43,33,1,25.02594,121.50651,9
500113008,20231106,701,43,33,1,25.02594,121.50651,9
500113008,20231106,702,43,33,1,25.02594,121.50651,9
500113008,20231106,703,43,33,1,25.02594,121.50651,9
500113008,20231106,704,43,33,1,25.02594,121.50651,9
500113008,20231106,705,43,33,1,25.02594,121.50651,9
500113008,20231106,706,43,33,1,25.02594,121.50651,9
500113008,20231106,707,43,33,1,25.02594,121.50651,9
500113008,20231106,708,43,32,1,25.02594,121.50651,10
500113008,20231106,709,43,32,1,25.02594,121.50651,10
500113008,20231106,710,43,32,1,25.02594,121.50651,10
500113008,20231106,711,43,32,1,25.02594,121.50651,10
500113008,20231106,712,43,31,1,25.02594,121.50651,11
500113008,20231106,713,43,31,1,25.02594,121.50651,11
500113008,20231106,714,43,31,1,25.02594,121.50651,11
500113008,20231106,715,43,31,1,25.02594,121.50651,11
500113008,20231106,716,43,31,1,25.02594,121.50651,11
500113008,20231106,717,43,31,1,25.02594,121.50651,11
500113008,20231106,718,43,31,1,25.02594,121.50651,11
500113008,20231106,719,43,30,1,25.02594,121.50651,12
500113008,20231106,721,43,30,1,25.02594,121.50651,12
500113008,20231106,722,43,30,1,25.02594,121.50651,12
500113008,20231106,723,43,30,1,25.02594,121.50651,12
500113008,20231106,724,43,30,1,25.02594,121.50651,12
500113008,20231106,725,43,30,1,25.02594,121.50651,12
500113008,20231106,726,43,30,1,25.02594,121.50651,12
500113008,20231106,727,43,30,1,25.02594,121.50651,12
500113008,20231106,728,43,30,1,25.02594,121.50651,12
500113008,20231106,729,43,30,1,25.02594,121.50651,12
500113008,20231106,730,43,30,1,25.02594,121.50651,12
500113008,20231106,731,43,31,1,25.02594,121.50651,11
500113008,20231106,732,43,31,1,25.02594,121.50651,11
500113008,20231106,733,43,31,1,25.02594,121.50651,11
500113008,20231106,734,43,31,1,25.02594,121.50651,11
500113008,20231106,735,43,31,1,25.02594,121.50651,11
500113008,20231106,736,43,31,1,25.02594,121.50651,11
500113008,20231106,737,43,32,1,25.02594,121.50651,10
500113008,20231106,738,43,32,1,25.02594,121.50651,10
500113008,20231106,739,43,32,1,25.02594,121.50651,10
500113008,20231106,741,43,33,1,25.02594,121.50651,9
500113008,20231106,742,43,33,1,25.02594,121.50651,9
500113008,20231106,743,43,34,1,25.02594,121.50651,8
500113008,20231106,744,43,34,1,25.02594,121.50651,8
500113008,20231106,745,43,34,1,25.02594,121.50651,8
500113008,20231106,746,43,34,1,25.02594,121.50651,8
500113008,20231106,747,43,34,1,25.02594,121.50651,8
500113008,20231106,748,43,34,1,25.02594,121.50651,8
500113008,20231106,749,43,34,1,25.02594,121.50651,8
500113008,20231106,751,43,34,1,25.02594,121.50651,8
500113008,20231106,752,43,34,1,25.02594,121.50651,8
500113008,20231106,753,43,34,1,25.02594,121.50651,8
500113008,20231106,754,43,35,1,25.02594,121.50651,7
500113008,20231106,755,43,35,1,25.02594,121.50651,7
500113008,20231106,756,43,35,1,25.02594,121.50651,7
500113008,20231106,757,43,35,1,25.02594,121.50651,7
500113008,20231106,758,43,35,1,25.02594,121.50651,7
500113008,20231106,759,43,34,1,25.02594,121.50651,8
500113008,20231106,761,43,33,1,25.02594,121.50651,9
500113008,20231106,762,43,33,1,25.02594,121.50651,9
500113008,20231106,763,43,33,1,25.02594,121.50651,9
500113008,20231106,764,43,33,1,25.02594,121.50651,9
500113008,20231106,765,43,33,1,25.02594,121.50651,9
500113008,20231106,766,43,33,1,25.02594,121.50651,9
500113008,20231106,767,43,33,1,25.02594,121.50651,9
500113008,20231106,768,43,33,1,25.02594,121.50651,9
500113008,20231106,769,43,33,1,25.02594,121.50651,9
500113008,20231106,771,43,34,1,25.02594,121.50651,8
500113008,20231106,772,43,34,1,25.02594,121.50651,8
500113008,20231106,773,43,34,1,25.02594,121.50651,8
500113008,20231106,774,43,34,1,25.02594,121.50651,8
500113008,20231106,775,43,34,1,25.02594,121.50651,8
500113008,20231106,776,43,35,1,25.02594,121.50651,7
500113008,20231106,777,43,35,1,25.02594,121.50651,7
500113008,20231106,778,43,35,1,25.02594,121.50651,7
500113008,20231106,779,43,35,1,25.02594,121.50651,7
500113008,20231106,781,43,35,1,25.02594,121.50651,7
500113008,20231106,782,43,35,1,25.02594,121.50651,7
500113008,20231106,783,43,35,1,25.02594,121.50651,7
500113008,20231106,784,43,36,1,25.02594,121.50651,6
500113008,20231106,785,43,36,1,25.02594,121.50651,6
500113008,20231106,786,43,36,1,25.02594,121.50651,6
500113008,20231106,787,43,36,1,25.02594,121.50651,6
500113008,20231106,788,43,36,1,25.02594,121.50651,6
500113008,20231106,789,43,36,1,25.02594,121.50651,6
500113008,20231106,791,43,36,1,25.02594,121.50651,6
500113008,20231106,792,43,36,1,25.02594,121.50651,6
500113008,20231106,793,43,36,1,25.02594,121.50651,6
500113008,20231106,794,43,36,1,25.02594,121.50651,6
500113008,20231106,795,43,36,1,25.02594,121.50651,6
500113008,20231106,796,43,36,1,25.02594,121.50651,6
500113008,20231106,797,43,36,1,25.02594,121.50651,6
500113008,20231106,798,43,36,1,25.02594,121.50651,6
500113008,20231106,799,43,36,1,25.02594,121.50651,6
500113008,20231106,801,43,36,1,25.02594,121.50651,6
500113008,20231106,802,43,36,1,25.02594,121.50651,6
500113008,20231106,803,43,36,1,25.02594,121.50651,6
500113008,20231106,804,43,36,1,25.02594,121.50651,6
500113008,20231106,805,43,36,1,25.02594,121.50651,6
500113008,20231106,806,43,36,1,25.02594,121.50651,6
500113008,20231106,807,43,36,1,25.02594,121.50651,6
500113008,20231106,808,43,36,1,25.02594,121.50651,6
500113008,20231106,809,43,35,1,25.02594,121.50651,7
500113008,20231106,811,43,35,1,25.02594,121.50651,7
500113008,20231106,812,43,35,1,25.02594,121.50651,7
500113008,20231106,813,43,35,1,25.02594,121.50651,7
500113008,20231106,814,43,33,1,25.02594,121.50651,9
500113008,20231106,815,43,33,1,25.02594,121.50651,9
500113008,20231106,816,43,33,1,25.02594,121.50651,9
500113008,20231106,817,43,33,1,25.02594,121.50651,9
500113008,20231106,818,43,33,1,25.02594,121.50651,9
500113008,20231106,819,43,33,1,25.02594,121.50651,9
500113008,20231106,821,43,34,1,25.02594,121.50651,8
500113008,20231106,822,43,34,1,25.02594,121.50651,8
500113008,20231106,823,43,34,1,25.02594,121.50651,8
500113008,20231106,824,43,34,1,25.02594,121.50651,8
500113008,20231106,825,43,34,1,25.02594,121.50651,8
500113008,20231106,826,43,34,1,25.02594,121.50651,8
500113008,20231106,827,43,34,1,25.02594,121.50651,8
500113008,20231106,828,43,34,1,25.02594,121.50651,8
500113008,20231106,829,43,34,1,25.02594,121.50651,8
500113008,20231106,831,43,34,1,25.02594,121.50651,8
500113008,20231106,832,43,35,1,25.02594,121.50651,7
500113008,20231106,833,43,35,1,25.02594,121.50651,7
500113008,20231106,834,43,35,1,25.02594,121.50651,7
500113008,20231106,835,43,35,1,25.02594,121.50651,7
500113008,20231106,836,43,36,1,25.02594,121.50651,6
500113008,20231106,837,43,34,1,25.02594,121.50651,8
500113008,20231106,838,43,34,1,25.02594,121.50651,8
500113008,20231106,839,43,34,1,25.02594,121.50651,8
500113008,20231106,842,43,33,1,25.02594,121.50651,9
500113008,20231106,843,43,33,1,25.02594,121.50651,9
500113008,20231106,844,43,33,1,25.02594,121.50651,9
500113008,20231106,845,43,33,1,25.02594,121.50651,9
500113008,20231106,846,43,33,1,25.02594,121.50651,9
500113008,20231106,847,43,33,1,25.02594,121.50651,9
500113008,20231106,848,43,34,1,25.02594,121.50651,8
500113008,20231106,849,43,34,1,25.02594,121.50651,8
500113008,20231106,850,43,33,1,25.02594,121.50651,9
500113008,20231106,851,43,33,1,25.02594,121.50651,9
500113008,20231106,852,43,33,1,25.02594,121.50651,9
500113008,20231106,853,43,33,1,25.02594,121.50651,9
500113008,20231106,854,43,33,1,25.02594,121.50651,9
500113008,20231106,855,43,33,1,25.02594,121.50651,9
500113008,20231106,856,43,33,1,25.02594,121.50651,9
500113008,20231106,857,43,32,1,25.02594,121.50651,10
500113008,20231106,858,43,33,1,25.02594,121.50651,9
500113008,20231106,859,43,33,1,25.02594,121.50651,9
500113008,20231106,861,43,33,1,25.02594,121.50651,9
500113008,20231106,862,43,32,1,25.02594,121.50651,10
500113008,20231106,863,43,32,1,25.02594,121.50651,10
500113008,20231106,864,43,32,1,25.02594,121.50651,10
500113008,20231106,865,43,32,1,25.02594,121.50651,10
500113008,20231106,866,43,32,1,25.02594,121.50651,10
500113008,20231106,867,43,32,1,25.02594,121.50651,10
500113008,20231106,868,43,32,1,25.02594,121.50651,10
500113008,20231106,869,43,31,1,25.02594,121.50651,11
500113008,20231106,870,43,31,1,25.02594,121.50651,11
500113008,20231106,871,43,31,1,25.02594,121.50651,11
500113008,20231106,872,43,31,1,25.02594,121.50651,11
500113008,20231106,873,43,31,1,25.02594,121.50651,11
500113008,20231106,874,43,31,1,25.02594,121.50651,11
500113008,20231106,875,43,32,1,25.02594,121.50651,10
500113008,20231106,876,43,32,1,25.02594,121.50651,10
500113008,20231106,877,43,32,1,25.02594,121.50651,10
500113008,20231106,878,43,32,1,25.02594,121.50651,10
500113008,20231106,879,43,32,1,25.02594,121.50651,10
500113008,20231106,880,43,32,1,25.02594,121.50651,10
500113008,20231106,881,43,32,1,25.02594,121.50651,10
500113008,20231106,882,43,32,1,25.02594,121.50651,10
500113008,20231106,883,43,32,1,25.02594,121.50651,10
500113008,20231106,884,43,32,1,25.02594,121.50651,10
500113008,20231106,885,43,32,1,25.02594,121.50651,10
500113008,20231106,886,43,32,1,25.02594,121.50651,10
500113008,20231106,887,43,32,1,25.02594,121.50651,10
500113008,20231106,888,43,32,1,25.02594,121.50651,10
500113008,20231106,889,43,32,1,25.02594,121.50651,10
500113008,20231106,890,43,32,1,25.02594,121.50651,10
500113008,20231106,891,43,31,1,25.02594,121.50651,11
500113008,20231106,892,43,30,1,25.02594,121.50651,12
500113008,20231106,893,43,30,1,25.02594,121.50651,12
500113008,20231106,894,43,30,1,25.02594,121.50651,12
500113008,20231106,895,43,30,1,25.02594,121.50651,12
500113008,20231106,896,43,32,1,25.02594,121.50651,10
500113008,20231106,897,43,32,1,25.02594,121.50651,10
500113008,20231106,898,43,32,1,25.02594,121.50651,10
500113008,20231106,899,43,32,1,25.02594,121.50651,10
500113008,20231106,901,43,32,1,25.02594,121.50651,10
500113008,20231106,902,43,32,1,25.02594,121.50651,10
500113008,20231106,903,43,34,1,25.02594,121.50651,8
500113008,20231106,904,43,34,1,25.02594,121.50651,8
500113008,20231106,905,43,35,1,25.02594,121.50651,7
500113008,20231106,906,43,35,1,25.02594,121.50651,7
500113008,20231106,907,43,34,1,25.02594,121.50651,8
500113008,20231106,908,43,35,1,25.02594,121.50651,7
500113008,20231106,909,43,35,1,25.02594,121.50651,7
500113008,20231106,910,43,35,1,25.02594,121.50651,7
500113008,20231106,911,43,35,1,25.02594,121.50651,7
500113008,20231106,912,43,35,1,25.02594,121.50651,7
500113008,20231106,913,43,35,1,25.02594,121.50651,7
500113008,20231106,914,43,35,1,25.02594,121.50651,7
500113008,20231106,915,43,34,1,25.02594,121.50651,8
500113008,20231106,916,43,34,1,25.02594,121.50651,8
500113008,20231106,917,43,34,1,25.02594,121.50651,8
500113008,20231106,918,43,34,1,25.02594,121.50651,8
500113008,20231106,919,43,34,1,25.02594,121.50651,8
500113008,20231106,921,43,34,1,25.02594,121.50651,8
500113008,20231106,922,43,32,1,25.02594,121.50651,10
500113008,20231106,923,43,32,1,25.02594,121.50651,10
500113008,20231106,924,43,32,1,25.02594,121.50651,10
500113008,20231106,925,43,32,1,25.02594,121.50651,10
500113008,20231106,926,43,33,1,25.02594,121.50651,9
500113008,20231106,927,43,33,1,25.02594,121.50651,9
500113008,20231106,928,43,32,1,25.02594,121.50651,10
500113008,20231106,929,43,32,1,25.02594,121.50651,10
500113008,20231106,931,43,33,1,25.02594,121.50651,9
500113008,20231106,932,43,33,1,25.02594,121.50651,9
500113008,20231106,933,43,33,1,25.02594,121.50651,9
500113008,20231106,934,43,33,1,25.02594,121.50651,9
500113008,20231106,935,43,32,1,25.02594,121.50651,10
500113008,20231106,936,43,32,1,25.02594,121.50651,10
500113008,20231106,937,43,32,1,25.02594,121.50651,10
500113008,20231106,938,43,32,1,25.02594,121.50651,10
500113008,20231106,939,43,32,1,25.02594,121.50651,10
500113008,20231106,940,43,32,1,25.02594,121.50651,10
500113008,20231106,941,43,32,1,25.02594,121.50651,10
500113008,20231106,942,43,32,1,25.02594,121.50651,10
500113008,20231106,943,43,32,1,25.02594,121.50651,10
500113008,20231106,944,43,32,1,25.02594,121.50651,10
500113008,20231106,945,43,32,1,25.02594,121.50651,10
500113008,20231106,946,43,33,1,25.02594,121.50651,9
500113008,20231106,947,43,33,1,25.02594,121.50651,9
500113008,20231106,948,43,33,1,25.02594,121.50651,9
500113008,20231106,949,43,33,1,25.02594,121.50651,9
500113008,20231106,950,43,34,1,25.02594,121.50651,8
500113008,20231106,951,43,34,1,25.02594,121.50651,8
500113008,20231106,952,43,34,1,25.02594,121.50651,8
500113008,20231106,953,43,34,1,25.02594,121.50651,8
500113008,20231106,954,43,34,1,25.02594,121.50651,8
500113008,20231106,955,43,34,1,25.02594,121.50651,8
500113008,20231106,956,43,34,1,25.02594,121.50651,8
500113008,20231106,957,43,34,1,25.02594,121.50651,8
500113008,20231106,958,43,34,1,25.02594,121.50651,8
500113008,20231106,959,43,33,1,25.02594,121.50651,9
500113008,20231106,961,43,33,1,25.02594,121.50651,9
500113008,20231106,962,43,34,1,25.02594,121.50651,8
500113008,20231106,963,43,34,1,25.02594,121.50651,8
500113008,20231106,964,43,34,1,25.02594,121.50651,8
500113008,20231106,965,43,34,1,25.02594,121.50651,8
500113008,20231106,966,43,34,1,25.02594,121.50651,8
500113008,20231106,967,43,33,1,25.02594,121.50651,9
500113008,20231106,968,43,33,1,25.02594,121.50651,9
500113008,20231106,969,43,33,1,25.02594,121.50651,9
500113008,20231106,970,43,33,1,25.02594,121.50651,9
500113008,20231106,972,43,33,1,25.02594,121.50651,9
500113008,20231106,973,43,32,1,25.02594,121.50651,10
500113008,20231106,974,43,31,1,25.02594,121.50651,11
500113008,20231106,975,43,31,1,25.02594,121.50651,11
500113008,20231106,976,43,31,1,25.02594,121.50651,11
500113008,20231106,977,43,31,1,25.02594,121.50651,11
500113008,20231106,978,43,31,1,25.02594,121.50651,11
500113008,20231106,979,43,31,1,25.02594,121.50651,11
500113008,20231106,981,43,31,1,25.02594,121.50651,11
500113008,20231106,982,43,31,1,25.02594,121.50651,11
500113008,20231106,983,43,31,1,25.02594,121.50651,11
500113008,20231106,984,43,31,1,25.02594,121.50651,11
500113008,20231106,985,43,30,1,25.02594,121.50651,12
500113008,20231106,986,43,29,1,25.02594,121.50651,13
500113008,20231106,987,43,28,1,25.02594,121.50651,14
500113008,20231106,988,43,28,1,25.02594,121.50651,14
500113008,20231106,989,43,28,1,25.02594,121.50651,14
500113008,20231106,991,43,29,1,25.02594,121.50651,13
500113008,20231106,992,43,30,1,25.02594,121.50651,12
500113008,20231106,993,43,30,1,25.02594,121.50651,12
500113008,20231106,994,43,30,1,25.02594,121.50651,12
500113008,20231106,995,43,29,1,25.02594,121.50651,13
500113008,20231106,996,43,29,1,25.02594,121.50651,13
500113008,20231106,997,43,28,1,25.02594,121.50651,14
500113008,20231106,998,43,28,1,25.02594,121.50651,14
500113008,20231106,999,43,27,1,25.02594,121.50651,15
500113008,20231106,1001,43,27,1,25.02594,121.50651,15
500113008,20231106,1002,43,27,1,25.02594,121.50651,15
500113008,20231106,1003,43,27,1,25.02594,121.50651,15
500113008,20231106,1004,43,27,1,25.02594,121.50651,15
500113008,20231106,1005,43,27,1,25.02594,121.50651,15
500113008,20231106,1006,43,27,1,25.02594,121.50651,15
500113008,20231106,1007,43,28,1,25.02594,121.50651,14
500113008,20231106,1008,43,28,1,25.02594,121.50651,14
500113008,20231106,1009,43,28,1,25.02594,121.50651,14
500113008,20231106,1011,43,28,1,25.02594,121.50651,14
500113008,20231106,1012,43,28,1,25.02594,121.50651,14
500113008,20231106,1013,43,29,1,25.02594,121.50651,13
500113008,20231106,1014,43,29,1,25.02594,121.50651,13
500113008,20231106,1015,43,29,1,25.02594,121.50651,13
500113008,20231106,1016,43,30,1,25.02594,121.50651,12
500113008,20231106,1017,43,30,1,25.02594,121.50651,12
500113008,20231106,1018,43,30,1,25.02594,121.50651,12
500113008,20231106,1019,43,30,1,25.02594,121.50651,12
500113008,20231106,1021,43,30,1,25.02594,121.50651,12
500113008,20231106,1022,43,30,1,25.02594,121.50651,12
500113008,20231106,1023,43,31,1,25.02594,121.50651,11
500113008,20231106,1024,43,31,1,25.02594,121.50651,11
500113008,20231106,1025,43,30,1,25.02594,121.50651,12
500113008,20231106,1026,43,30,1,25.02594,121.50651,12
500113008,20231106,1027,43,30,1,25.02594,121.50651,12
500113008,20231106,1028,43,30,1,25.02594,121.50651,12
500113008,20231106,1029,43,30,1,25.02594,121.50651,12
500113008,20231106,1031,43,30,1,25.02594,121.50651,12
500113008,20231106,1032,43,29,1,25.02594,121.50651,13
500113008,20231106,1034,43,29,1,25.02594,121.50651,13
500113008,20231106,1035,43,29,1,25.02594,121.50651,13
500113008,20231106,1036,43,29,1,25.02594,121.50651,13
500113008,20231106,1037,43,29,1,25.02594,121.50651,13
500113008,20231106,1038,43,29,1,25.02594,121.50651,13
500113008,20231106,1039,43,29,1,25.02594,121.50651,13
500113008,20231106,1041,43,28,1,25.02594,121.50651,14
500113008,20231106,1042,43,29,1,25.02594,121.50651,13
500113008,20231106,1043,43,30,1,25.02594,121.50651,12
500113008,20231106,1044,43,30,1,25.02594,121.50651,12
500113008,20231106,1045,43,30,1,25.02594,121.50651,12
500113008,20231106,1046,43,31,1,25.02594,121.50651,11
500113008,20231106,1047,43,30,1,25.02594,121.50651,12
500113008,20231106,1048,43,30,1,25.02594,121.50651,12
500113008,20231106,1049,43,30,1,25.02594,121.50651,12
500113008,20231106,1051,43,30,1,25.02594,121.50651,12
500113008,20231106,1052,43,30,1,25.02594,121.50651,12
500113008,20231106,1053,43,30,1,25.02594,121.50651,12
500113008,20231106,1054,43,30,1,25.02594,121.50651,12
500113008,20231106,1055,43,30,1,25.02594,121.50651,12
500113008,20231106,1056,43,30,1,25.02594,121.50651,12
500113008,20231106,1057,43,30,1,25.02594,121.50651,12
500113008,20231106,1058,43,32,1,25.02594,121.50651,10
500113008,20231106,1059,43,32,1,25.02594,121.50651,10
500113008,20231106,1060,43,32,1,25.02594,121.50651,10
500113008,20231106,1061,43,32,1,25.02594,121.50651,10
500113008,20231106,1062,43,32,1,25.02594,121.50651,10
500113008,20231106,1063,43,31,1,25.02594,121.50651,11
500113008,20231106,1064,43,30,1,25.02594,121.50651,12
500113008,20231106,1065,43,30,1,25.02594,121.50651,12
500113008,20231106,1066,43,30,1,25.02594,121.50651,12
500113008,20231106,1067,43,29,1,25.02594,121.50651,13
500113008,20231106,1068,43,29,1,25.02594,121.50651,13
500113008,20231106,1069,43,29,1,25.02594,121.50651,13
500113008,20231106,1070,43,28,1,25.02594,121.50651,14
500113008,20231106,1071,43,28,1,25.02594,121.50651,14
500113008,20231106,1072,43,29,1,25.02594,121.50651,13
500113008,20231106,1073,43,29,1,25.02594,121.50651,13
500113008,20231106,1074,43,28,1,25.02594,121.50651,14
500113008,20231106,1075,43,28,1,25.02594,121.50651,14
500113008,20231106,1076,43,26,1,25.02594,121.50651,16
500113008,20231106,1077,43,25,1,25.02594,121.50651,17
500113008,20231106,1078,43,26,1,25.02594,121.50651,16
500113008,20231106,1079,43,25,1,25.02594,121.50651,17
500113008,20231106,1081,43,26,1,25.02594,121.50651,16
500113008,20231106,1082,43,26,1,25.02594,121.50651,16
500113008,20231106,1083,43,25,1,25.02594,121.50651,17
500113008,20231106,1084,43,26,1,25.02594,121.50651,16
500113008,20231106,1085,43,26,1,25.02594,121.50651,16
500113008,20231106,1086,43,25,1,25.02594,121.50651,17
500113008,20231106,1087,43,25,1,25.02594,121.50651,17
500113008,20231106,1088,43,24,1,25.02594,121.50651,18
500113008,20231106,1089,43,25,1,25.02594,121.50651,17
500113008,20231106,1090,43,25,1,25.02594,121.50651,17
500113008,20231106,1091,43,25,1,25.02594,121.50651,17
500113008,20231106,1092,43,25,1,25.02594,121.50651,17
500113008,20231106,1093,43,25,1,25.02594,121.50651,17
500113008,20231106,1094,43,25,1,25.02594,121.50651,17
500113008,20231106,1095,43,25,1,25.02594,121.50651,17
500113008,20231106,1096,43,25,1,25.02594,121.50651,17
500113008,20231106,1097,43,25,1,25.02594,121.50651,17
500113008,20231106,1098,43,25,1,25.02594,121.50651,17
500113008,20231106,1099,43,25,1,25.02594,121.50651,17
500113008,20231106,1101,43,26,1,25.02594,121.50651,16
500113008,20231106,1102,43,26,1,25.02594,121.50651,16
500113008,20231106,1103,43,26,1,25.02594,121.50651,16
500113008,20231106,1104,43,27,1,25.02594,121.50651,15
500113008,20231106,1105,43,27,1,25.02594,121.50651,15
500113008,20231106,1106,43,27,1,25.02594,121.50651,15
500113008,20231106,1107,43,27,1,25.02594,121.50651,15
500113008,20231106,1108,43,27,1,25.02594,121.50651,15
500113008,20231106,1109,43,27,1,25.02594,121.50651,15
500113008,20231106,1111,43,26,1,25.02594,121.50651,16
500113008,20231106,1112,43,25,1,25.02594,121.50651,17
500113008,20231106,1113,43,26,1,25.02594,121.50651,16
500113008,20231106,1114,43,25,1,25.02594,121.50651,17
500113008,20231106,1115,43,25,1,25.02594,121.50651,17
500113008,20231106,1116,43,26,1,25.02594,121.50651,16
500113008,20231106,1117,43,26,1,25.02594,121.50651,16
500113008,20231106,1118,43,26,1,25.02594,121.50651,16
500113008,20231106,1119,43,26,1,25.02594,121.50651,16
500113008,20231106,1120,43,26,1,25.02594,121.50651,16
500113008,20231106,1121,43,26,1,25.02594,121.50651,16
500113008,20231106,1122,43,25,1,25.02594,121.50651,17
500113008,20231106,1123,43,24,1,25.02594,121.50651,18
500113008,20231106,1124,43,24,1,25.02594,121.50651,18
500113008,20231106,1125,43,24,1,25.02594,121.50651,18
500113008,20231106,1126,43,24,1,25.02594,121.50651,18
500113008,20231106,1127,43,24,1,25.02594,121.50651,18
500113008,20231106,1128,43,23,1,25.02594,121.50651,19
500113008,20231106,1129,43,23,1,25.02594,121.50651,19
500113008,20231106,1130,43,23,1,25.02594,121.50651,19
500113008,20231106,1131,43,23,1,25.02594,121.50651,19
500113008,20231106,1132,43,23,1,25.02594,121.50651,19
500113008,20231106,1133,43,23,1,25.02594,121.50651,19
500113008,20231106,1134,43,21,1,25.02594,121.50651,21
500113008,20231106,1135,43,21,1,25.02594,121.50651,21
500113008,20231106,1136,43,21,1,25.02594,121.50651,21
500113008,20231106,1137,43,19,1,25.02594,121.50651,23
500113008,20231106,1138,43,20,1,25.02594,121.50651,22
500113008,20231106,1139,43,20,1,25.02594,121.50651,22
500113008,20231106,1141,43,22,1,25.02594,121.50651,20
500113008,20231106,1142,43,22,1,25.02594,121.50651,20
500113008,20231106,1143,43,22,1,25.02594,121.50651,20
500113008,20231106,1144,43,22,1,25.02594,121.50651,20
500113008,20231106,1145,43,22,1,25.02594,121.50651,20
500113008,20231106,1146,43,22,1,25.02594,121.50651,20
500113008,20231106,1147,43,22,1,25.02594,121.50651,20
500113008,20231106,1148,43,22,1,25.02594,121.50651,20
500113008,20231106,1149,43,22,1,25.02594,121.50651,20
500113008,20231106,1150,43,22,1,25.02594,121.50651,20
500113008,20231106,1151,43,23,1,25.02594,121.50651,19
500113008,20231106,1152,43,22,1,25.02594,121.50651,20
500113008,20231106,1153,43,21,1,25.02594,121.50651,21
500113008,20231106,1154,43,20,1,25.02594,121.50651,22
500113008,20231106,1155,43,20,1,25.02594,121.50651,22
500113008,20231106,1157,43,20,1,25.02594,121.50651,22
500113008,20231106,1158,43,20,1,25.02594,121.50651,22
500113008,20231106,1159,43,20,1,25.02594,121.50651,22
500113008,20231106,1161,43,20,1,25.02594,121.50651,22
500113008,20231106,1162,43,20,1,25.02594,121.50651,22
500113008,20231106,1163,43,21,1,25.02594,121.50651,21
500113008,20231106,1164,43,21,1,25.02594,121.50651,21
500113008,20231106,1165,43,21,1,25.02594,121.50651,21
500113008,20231106,1166,43,21,1,25.02594,121.50651,21
500113008,20231106,1167,43,20,1,25.02594,121.50651,22
500113008,20231106,1168,43,20,1,25.02594,121.50651,22
500113008,20231106,1169,43,20,1,25.02594,121.50651,22
500113008,20231106,1171,43,21,1,25.02594,121.50651,21
500113008,20231106,1172,43,20,1,25.02594,121.50651,22
500113008,20231106,1173,43,21,1,25.02594,121.50651,21
500113008,20231106,1174,43,22,1,25.02594,121.50651,20
500113008,20231106,1175,43,22,1,25.02594,121.50651,20
500113008,20231106,1176,43,22,1,25.02594,121.50651,20
500113008,20231106,1177,43,21,1,25.02594,121.50651,21
500113008,20231106,1178,43,22,1,25.02594,121.50651,20
500113008,20231106,1179,43,22,1,25.02594,121.50651,20
500113008,20231106,1181,43,22,1,25.02594,121.50651,20
500113008,20231106,1182,43,23,1,25.02594,121.50651,19
500113008,20231106,1183,43,23,1,25.02594,121.50651,19
500113008,20231106,1184,43,23,1,25.02594,121.50651,19
500113008,20231106,1185,43,23,1,25.02594,121.50651,19
500113008,20231106,1186,43,21,1,25.02594,121.50651,21
500113008,20231106,1187,43,20,1,25.02594,121.50651,22
500113008,20231106,1188,43,20,1,25.02594,121.50651,22
500113008,20231106,1189,43,20,1,25.02594,121.50651,22
500113008,20231106,1191,43,20,1,25.02594,121.50651,22
500113008,20231106,1192,43,21,1,25.02594,121.50651,21
500113008,20231106,1193,43,20,1,25.02594,121.50651,22
500113008,20231106,1194,43,20,1,25.02594,121.50651,22
500113008,20231106,1195,43,20,1,25.02594,121.50651,22
500113008,20231106,1196,43,20,1,25.02594,121.50651,22
500113008,20231106,1197,43,20,1,25.02594,121.50651,22
500113008,20231106,1198,43,20,1,25.02594,121.50651,22
500113008,20231106,1199,43,20,1,25.02594,121.50651,22
500113008,20231106,1201,43,19,1,25.02594,121.50651,23
500113008,20231106,1202,43,19,1,25.02594,121.50651,23
500113008,20231106,1203,43,19,1,25.02594,121.50651,23
500113008,20231106,1204,43,19,1,25.02594,121.50651,23
500113008,20231106,1205,43,18,1,25.02594,121.50651,24
500113008,20231106,1206,43,18,1,25.02594,121.50651,24
500113008,20231106,1207,43,19,1,25.02594,121.50651,23
500113008,20231106,1208,43,19,1,25.02594,121.50651,23
500113008,20231106,1209,43,19,1,25.02594,121.50651,23
500113008,20231106,1211,43,19,1,25.02594,121.50651,23
500113008,20231106,1212,43,19,1,25.02594,121.50651,23
500113008,20231106,1213,43,19,1,25.02594,121.50651,23
500113008,20231106,1214,43,19,1,25.02594,121.50651,23
500113008,20231106,1215,43,19,1,25.02594,121.50651,23
500113008,20231106,1216,43,19,1,25.02594,121.50651,23
500113008,20231106,1217,43,19,1,25.02594,121.50651,23
500113008,20231106,1218,43,19,1,25.02594,121.50651,23
500113008,20231106,1219,43,19,1,25.02594,121.50651,23
500113008,20231106,1221,43,20,1,25.02594,121.50651,22
500113008,20231106,1222,43,20,1,25.02594,121.50651,22
500113008,20231106,1223,43,20,1,25.02594,121.50651,22
500113008,20231106,1224,43,20,1,25.02594,121.50651,22
500113008,20231106,1225,43,19,1,25.02594,121.50651,23
500113008,20231106,1226,43,19,1,25.02594,121.50651,23
500113008,20231106,1227,43,19,1,25.02594,121.50651,23
500113008,20231106,1228,43,19,1,25.02594,121.50651,23
500113008,20231106,1229,43,19,1,25.02594,121.50651,23
500113008,20231106,1231,43,19,1,25.02594,121.50651,23
500113008,20231106,1232,43,18,1,25.02594,121.50651,24
500113008,20231106,1233,43,19,1,25.02594,121.50651,23
500113008,20231106,1234,43,18,1,25.02594,121.50651,24
500113008,20231106,1235,43,18,1,25.02594,121.50651,24
500113008,20231106,1236,43,18,1,25.02594,121.50651,24
500113008,20231106,1237,43,18,1,25.02594,121.50651,24
500113008,20231106,1238,43,18,1,25.02594,121.50651,24
500113008,20231106,1239,43,18,1,25.02594,121.50651,24
500113008,20231106,1240,43,18,1,25.02594,121.50651,24
500113008,20231106,1241,43,18,1,25.02594,121.50651,24
500113008,20231106,1242,43,18,1,25.02594,121.50651,24
500113008,20231106,1243,43,18,1,25.02594,121.50651,24
500113008,20231106,1244,43,19,1,25.02594,121.50651,23
500113008,20231106,1245,43,21,1,25.02594,121.50651,21
500113008,20231106,1246,43,20,1,25.02594,121.50651,22
500113008,20231106,1247,43,20,1,25.02594,121.50651,22
500113008,20231106,1248,43,19,1,25.02594,121.50651,23
500113008,20231106,1249,43,19,1,25.02594,121.50651,23
500113008,20231106,1250,43,20,1,25.02594,121.50651,22
500113008,20231106,1251,43,20,1,25.02594,121.50651,22
500113008,20231106,1252,43,20,1,25.02594,121.50651,22
500113008,20231106,1253,43,20,1,25.02594,121.50651,22
500113008,20231106,1254,43,20,1,25.02594,121.50651,22
500113008,20231106,1255,43,20,1,25.02594,121.50651,22
500113008,20231106,1256,43,20,1,25.02594,121.50651,22
500113008,20231106,1257,43,20,1,25.02594,121.50651,22
500113008,20231106,1258,43,20,1,25.02594,121.50651,22
500113008,20231106,1259,43,20,1,25.02594,121.50651,22
500113008,20231106,1261,43,19,1,25.02594,121.50651,23
500113008,20231106,1262,43,18,1,25.02594,121.50651,24
500113008,20231106,1263,43,19,1,25.02594,121.50651,23
500113008,20231106,1264,43,19,1,25.02594,121.50651,23
500113008,20231106,1265,43,19,1,25.02594,121.50651,23
500113008,20231106,1266,43,19,1,25.02594,121.50651,23
500113008,20231106,1267,43,18,1,25.02594,121.50651,24
500113008,20231106,1268,43,18,1,25.02594,121.50651,24
500113008,20231106,1269,43,21,1,25.02594,121.50651,21
500113008,20231106,1270,43,21,1,25.02594,121.50651,21
500113008,20231106,1271,43,21,1,25.02594,121.50651,21
500113008,20231106,1272,43,21,1,25.02594,121.50651,21
500113008,20231106,1273,43,21,1,25.02594,121.50651,21
500113008,20231106,1274,43,21,1,25.02594,121.50651,21
500113008,20231106,1275,43,22,1,25.02594,121.50651,20
500113008,20231106,1276,43,23,1,25.02594,121.50651,19
500113008,20231106,1277,43,23,1,25.02594,121.50651,19
500113008,20231106,1278,43,23,1,25.02594,121.50651,19
500113008,20231106,1279,43,23,1,25.02594,121.50651,19
500113008,20231106,1281,43,23,1,25.02594,121.50651,19
500113008,20231106,1282,43,23,1,25.02594,121.50651,19
500113008,20231106,1283,43,25,1,25.02594,121.50651,17
500113008,20231106,1284,43,25,1,25.02594,121.50651,17
500113008,20231106,1285,43,24,1,25.02594,121.50651,18
500113008,20231106,1286,43,24,1,25.02594,121.50651,18
500113008,20231106,1287,43,24,1,25.02594,121.50651,18
500113008,20231106,1288,43,24,1,25.02594,121.50651,18
500113008,20231106,1289,43,24,1,25.02594,121.50651,18
500113008,20231106,1291,43,24,1,25.02594,121.50651,18
500113008,20231106,1292,43,24,1,25.02594,121.50651,18
500113008,20231106,1293,43,24,1,25.02594,121.50651,18
500113008,20231106,1294,43,24,1,25.02594,121.50651,18
500113008,20231106,1295,43,24,1,25.02594,121.50651,18
500113008,20231106,1296,43,24,1,25.02594,121.50651,18
500113008,20231106,1297,43,23,1,25.02594,121.50651,19
500113008,20231106,1298,43,23,1,25.02594,121.50651,19
500113008,20231106,1299,43,23,1,25.02594,121.50651,19
500113008,20231106,1300,43,23,1,25.02594,121.50651,19
500113008,20231106,1301,43,23,1,25.02594,121.50651,19
500113008,20231106,1302,43,22,1,25.02594,121.50651,20
500113008,20231106,1303,43,23,1,25.02594,121.50651,19
500113008,20231106,1304,43,23,1,25.02594,121.50651,19
500113008,20231106,1305,43,24,1,25.02594,121.50651,18
500113008,20231106,1306,43,24,1,25.02594,121.50651,18
500113008,20231106,1307,43,24,1,25.02594,121.50651,18
500113008,20231106,1308,43,24,1,25.02594,121.50651,18
500113008,20231106,1309,43,24,1,25.02594,121.50651,18
500113008,20231106,1310,43,24,1,25.02594,121.50651,18
500113008,20231106,1311,43,24,1,25.02594,121.50651,18
500113008,20231106,1312,43,24,1,25.02594,121.50651,18
500113008,20231106,1313,43,24,1,25.02594,121.50651,18
500113008,20231106,1314,43,23,1,25.02594,121.50651,19
500113008,20231106,1315,43,23,1,25.02594,121.50651,19
500113008,20231106,1316,43,23,1,25.02594,121.50651,19
500113008,20231106,1317,43,23,1,25.02594,121.50651,19
500113008,20231106,1318,43,23,1,25.02594,121.50651,19
500113008,20231106,1319,43,23,1,25.02594,121.50651,19
500113008,20231106,1321,43,23,1,25.02594,121.50651,19
500113008,20231106,1322,43,24,1,25.02594,121.50651,18
500113008,20231106,1323,43,24,1,25.02594,121.50651,18
500113008,20231106,1324,43,24,1,25.02594,121.50651,18
500113008,20231106,1325,43,25,1,25.02594,121.50651,17
500113008,20231106,1326,43,25,1,25.02594,121.50651,17
500113008,20231106,1327,43,25,1,25.02594,121.50651,17
500113008,20231106,1328,43,25,1,25.02594,121.50651,17
500113008,20231106,1329,43,25,1,25.02594,121.50651,17
500113008,20231106,1330,43,25,1,25.02594,121.50651,17
500113008,20231106,1331,43,24,1,25.02594,121.50651,18
500113008,20231106,1332,43,24,1,25.02594,121.50651,18
500113008,20231106,1333,43,24,1,25.02594,121.50651,18
500113008,20231106,1334,43,24,1,25.02594,121.50651,18
500113008,20231106,1335,43,24,1,25.02594,121.50651,18
500113008,20231106,1336,43,24,1,25.02594,121.50651,18
500113008,20231106,1337,43,24,1,25.02594,121.50651,18
500113008,20231106,1338,43,23,1,25.02594,121.50651,19
500113008,20231106,1339,43,23,1,25.02594,121.50651,19
500113008,20231106,1341,43,23,1,25.02594,121.50651,19
500113008,20231106,1342,43,22,1,25.02594,121.50651,20
500113008,20231106,1343,43,22,1,25.02594,121.50651,20
500113008,20231106,1344,43,22,1,25.02594,121.50651,20
500113008,20231106,1345,43,22,1,25.02594,121.50651,20
500113008,20231106,1346,43,22,1,25.02594,121.50651,20
500113008,20231106,1347,43,22,1,25.02594,121.50651,20
500113008,20231106,1348,43,22,1,25.02594,121.50651,20
500113008,20231106,1349,43,22,1,25.02594,121.50651,20
500113008,20231106,1351,43,23,1,25.02594,121.50651,19
500113008,20231106,1352,43,23,1,25.02594,121.50651,19
500113008,20231106,1353,43,23,1,25.02594,121.50651,19
500113008,20231106,1354,43,23,1,25.02594,121.50651,19
500113008,20231106,1355,43,23,1,25.02594,121.50651,19
500113008,20231106,1356,43,23,1,25.02594,121.50651,19
500113008,20231106,1357,43,23,1,25.02594,121.50651,19
500113008,20231106,1358,43,23,1,25.02594,121.50651,19
500113008,20231106,1359,43,22,1,25.02594,121.50651,20
500113008,20231106,1361,43,22,1,25.02594,121.50651,20
500113008,20231106,1362,43,22,1,25.02594,121.50651,20
500113008,20231106,1363,43,24,1,25.02594,121.50651,18
500113008,20231106,1364,43,24,1,25.02594,121.50651,18
500113008,20231106,1365,43,24,1,25.02594,121.50651,18
500113008,20231106,1367,43,24,1,25.02594,121.50651,18
500113008,20231106,1368,43,24,1,25.02594,121.50651,18
500113008,20231106,1369,43,24,1,25.02594,121.50651,18
500113008,20231106,1371,43,24,1,25.02594,121.50651,18
500113008,20231106,1372,43,24,1,25.02594,121.50651,18
500113008,20231106,1373,43,24,1,25.02594,121.50651,18
500113008,20231106,1374,43,24,1,25.02594,121.50651,18
500113008,20231106,1375,43,24,1,25.02594,121.50651,18
500113008,20231106,1376,43,24,1,25.02594,121.50651,18
500113008,20231106,1377,43,24,1,25.02594,121.50651,18
500113008,20231106,1378,43,24,1,25.02594,121.50651,18
500113008,20231106,1379,43,24,1,25.02594,121.50651,18
500113008,20231106,1381,43,24,1,25.02594,121.50651,18
500113008,20231106,1382,43,24,1,25.02594,121.50651,18
500113008,20231106,1383,43,24,1,25.02594,121.50651,18
500113008,20231106,1384,43,24,1,25.02594,121.50651,18
500113008,20231106,1385,43,24,1,25.02594,121.50651,18
500113008,20231106,1386,43,24,1,25.02594,121.50651,18
500113008,20231106,1387,43,24,1,25.02594,121.50651,18
500113008,20231106,1388,43,24,1,25.02594,121.50651,18
500113008,20231106,1389,43,24,1,25.02594,121.50651,18
500113008,20231106,1391,43,24,1,25.02594,121.50651,18
500113008,20231106,1392,43,24,1,25.02594,121.50651,18
500113008,20231106,1393,43,24,1,25.02594,121.50651,18
500113008,20231106,1394,43,24,1,25.02594,121.50651,18
500113008,20231106,1395,43,25,1,25.02594,121.50651,17
500113008,20231106,1396,43,25,1,25.02594,121.50651,17
500113008,20231106,1397,43,25,1,25.02594,121.50651,17
500113008,20231106,1398,43,24,1,25.02594,121.50651,18
500113008,20231106,1399,43,24,1,25.02594,121.50651,18
500113008,20231106,1401,43,23,1,25.02594,121.50651,19
500113008,20231106,1402,43,23,1,25.02594,121.50651,19
500113008,20231106,1403,43,23,1,25.02594,121.50651,19
500113008,20231106,1404,43,23,1,25.02594,121.50651,19
500113008,20231106,1405,43,23,1,25.02594,121.50651,19
500113008,20231106,1406,43,23,1,25.02594,121.50651,19
500113008,20231106,1407,43,23,1,25.02594,121.50651,19
500113008,20231106,1408,43,23,1,25.02594,121.50651,19
500113008,20231106,1409,43,23,1,25.02594,121.50651,19
500113008,20231106,1411,43,23,1,25.02594,121.50651,19
500113008,20231106,1412,43,23,1,25.02594,121.50651,19
500113008,20231106,1413,43,23,1,25.02594,121.50651,19
500113008,20231106,1414,43,23,1,25.02594,121.50651,19
500113008,20231106,1415,43,23,1,25.02594,121.50651,19
500113008,20231106,1416,43,23,1,25.02594,121.50651,19
500113008,20231106,1417,43,22,1,25.02594,121.50651,20
500113008,20231106,1418,43,22,1,25.02594,121.50651,20
500113008,20231106,1419,43,21,1,25.02594,121.50651,21
500113008,20231106,1421,43,20,1,25.02594,121.50651,22
500113008,20231106,1422,43,20,1,25.02594,121.50651,22
500113008,20231106,1423,43,20,1,25.02594,121.50651,22
500113008,20231106,1424,43,20,1,25.02594,121.50651,22
500113008,20231106,1425,43,20,1,25.02594,121.50651,22
500113008,20231106,1426,43,20,1,25.02594,121.50651,22
500113008,20231106,1427,43,19,1,25.02594,121.50651,23
500113008,20231106,1428,43,19,1,25.02594,121.50651,23
500113008,20231106,1429,43,19,1,25.02594,121.50651,23
500113008,20231106,1430,43,19,1,25.02594,121.50651,23
500113008,20231106,1431,43,19,1,25.02594,121.50651,23
500113008,20231106,1432,43,19,1,25.02594,121.50651,23
500113008,20231106,1433,43,19,1,25.02594,121.50651,23
500113008,20231106,1434,43,19,1,25.02594,121.50651,23
500113008,20231106,1435,43,19,1,25.02594,121.50651,23
500113008,20231106,1436,43,19,1,25.02594,121.50651,23
500113008,20231106,1437,43,19,1,25.02594,121.50651,23
500113008,20231106,1438,43,19,1,25.02594,121.50651,23
500113008,20231106,1439,43,19,1,25.02594,121.50651,23
500113008,20231107,1,43,19,1,25.02594,121.50651,23
500113008,20231107,2,43,19,1,25.02594,121.50651,23
500113008,20231107,3,43,19,1,25.02594,121.50651,23
500113008,20231107,4,43,19,1,25.02594,121.50651,23
500113008,20231107,5,43,19,1,25.02594,121.50651,23
500113008,20231107,6,43,19,1,25.02594,121.50651,23
500113008,20231107,7,43,18,1,25.02594,121.50651,24
500113008,20231107,8,43,19,1,25.02594,121.50651,23
500113008,20231107,9,43,19,1,25.02594,121.50651,23
500113008,20231107,10,43,19,1,25.02594,121.50651,23
500113008,20231107,11,43,19,1,25.02594,121.50651,23
500113008,20231107,12,43,19,1,25.02594,121.50651,23
500113008,20231107,13,43,19,1,25.02594,121.50651,23
500113008,20231107,14,43,19,1,25.02594,121.50651,23
500113008,20231107,15,43,19,1,25.02594,121.50651,23
500113008,20231107,16,43,19,1,25.02594,121.50651,23
500113008,20231107,17,43,19,1,25.02594,121.50651,23
500113008,20231107,18,43,19,1,25.02594,121.50651,23
500113008,20231107,19,43,19,1,25.02594,121.50651,23
500113008,20231107,21,43,19,1,25.02594,121.50651,23
500113008,20231107,22,43,19,1,25.02594,121.50651,23
500113008,20231107,23,43,19,1,25.02594,121.50651,23
500113008,20231107,24,43,19,1,25.02594,121.50651,23
500113008,20231107,25,43,19,1,25.02594,121.50651,23
500113008,20231107,26,43,19,1,25.02594,121.50651,23
500113008,20231107,27,43,19,1,25.02594,121.50651,23
500113008,20231107,28,43,19,1,25.02594,121.50651,23
500113008,20231107,29,43,19,1,25.02594,121.50651,23
500113008,20231107,30,43,19,1,25.02594,121.50651,23
500113008,20231107,31,43,19,1,25.02594,121.50651,23
500113008,20231107,32,43,19,1,25.02594,121.50651,23
500113008,20231107,33,43,19,1,25.02594,121.50651,23
500113008,20231107,34,43,19,1,25.02594,121.50651,23
500113008,20231107,35,43,19,1,25.02594,121.50651,23
500113008,20231107,36,43,19,1,25.02594,121.50651,23
500113008,20231107,37,43,19,1,25.02594,121.50651,23
500113008,20231107,38,43,19,1,25.02594,121.50651,23
500113008,20231107,39,43,19,1,25.02594,121.50651,23
500113008,20231107,40,43,19,1,25.02594,121.50651,23
500113008,20231107,41,43,19,1,25.02594,121.50651,23
500113008,20231107,42,43,18,1,25.02594,121.50651,24
500113008,20231107,43,43,18,1,25.02594,121.50651,24
500113008,20231107,44,43,18,1,25.02594,121.50651,24
500113008,20231107,45,43,18,1,25.02594,121.50651,24
500113008,20231107,46,43,18,1,25.02594,121.50651,24
500113008,20231107,47,43,18,1,25.02594,121.50651,24
500113008,20231107,48,43,18,1,25.02594,121.50651,24
500113008,20231107,49,43,18,1,25.02594,121.50651,24
500113008,20231107,50,43,18,1,25.02594,121.50651,24
500113008,20231107,51,43,18,1,25.02594,121.50651,24
500113008,20231107,52,43,18,1,25.02594,121.50651,24
500113008,20231107,53,43,18,1,25.02594,121.50651,24
500113008,20231107,54,43,18,1,25.02594,121.50651,24
500113008,20231107,55,43,18,1,25.02594,121.50651,24
500113008,20231107,56,43,18,1,25.02594,121.50651,24
500113008,20231107,57,43,18,1,25.02594,121.50651,24
500113008,20231107,58,43,18,1,25.02594,121.50651,24
500113008,20231107,59,43,18,1,25.02594,121.50651,24
500113008,20231107,60,43,18,1,25.02594,121.50651,24
500113008,20231107,61,43,18,1,25.02594,121.50651,24
500113008,20231107,62,43,18,1,25.02594,121.50651,24
500113008,20231107,63,43,18,1,25.02594,121.50651,24
500113008,20231107,64,43,18,1,25.02594,121.50651,24
500113008,20231107,65,43,18,1,25.02594,121.50651,24
500113008,20231107,66,43,18,1,25.02594,121.50651,24
500113008,20231107,67,43,18,1,25.02594,121.50651,24
500113008,20231107,68,43,18,1,25.02594,121.50651,24
500113008,20231107,69,43,18,1,25.02594,121.50651,24
500113008,20231107,70,43,18,1,25.02594,121.50651,24
500113008,20231107,71,43,18,1,25.02594,121.50651,24
500113008,20231107,72,43,18,1,25.02594,121.50651,24
500113008,20231107,73,43,18,1,25.02594,121.50651,24
500113008,20231107,74,43,18,1,25.02594,121.50651,24
500113008,20231107,75,43,18,1,25.02594,121.50651,24
500113008,20231107,76,43,18,1,25.02594,121.50651,24
500113008,20231107,77,43,18,1,25.02594,121.50651,24
500113008,20231107,78,43,18,1,25.02594,121.50651,24
500113008,20231107,79,43,18,1,25.02594,121.50651,24
500113008,20231107,81,43,18,1,25.02594,121.50651,24
500113008,20231107,82,43,18,1,25.02594,121.50651,24
500113008,20231107,83,43,18,1,25.02594,121.50651,24
500113008,20231107,84,43,18,1,25.02594,121.50651,24
500113008,20231107,85,43,18,1,25.02594,121.50651,24
500113008,20231107,86,43,18,1,25.02594,121.50651,24
500113008,20231107,87,43,18,1,25.02594,121.50651,24
500113008,20231107,88,43,18,1,25.02594,121.50651,24
500113008,20231107,89,43,18,1,25.02594,121.50651,24
500113008,20231107,90,43,18,1,25.02594,121.50651,24
500113008,20231107,91,43,18,1,25.02594,121.50651,24
500113008,20231107,92,43,18,1,25.02594,121.50651,24
500113008,20231107,93,43,18,1,25.02594,121.50651,24
500113008,20231107,94,43,18,1,25.02594,121.50651,24
500113008,20231107,95,43,18,1,25.02594,121.50651,24
500113008,20231107,96,43,18,1,25.02594,121.50651,24
500113008,20231107,97,43,18,1,25.02594,121.50651,24
500113008,20231107,98,43,18,1,25.02594,121.50651,24
500113008,20231107,99,43,18,1,25.02594,121.50651,24
500113008,20231107,101,43,18,1,25.02594,121.50651,24
500113008,20231107,102,43,18,1,25.02594,121.50651,24
500113008,20231107,103,43,18,1,25.02594,121.50651,24
500113008,20231107,104,43,18,1,25.02594,121.50651,24
500113008,20231107,105,43,18,1,25.02594,121.50651,24
500113008,20231107,106,43,18,1,25.02594,121.50651,24
500113008,20231107,107,43,18,1,25.02594,121.50651,24
500113008,20231107,108,43,18,1,25.02594,121.50651,24
500113008,20231107,109,43,18,1,25.02594,121.50651,24
500113008,20231107,111,43,18,1,25.02594,121.50651,24
500113008,20231107,112,43,18,1,25.02594,121.50651,24
500113008,20231107,113,43,18,1,25.02594,121.50651,24
500113008,20231107,114,43,18,1,25.02594,121.50651,24
500113008,20231107,115,43,18,1,25.02594,121.50651,24
500113008,20231107,116,43,18,1,25.02594,121.50651,24
500113008,20231107,117,43,18,1,25.02594,121.50651,24
500113008,20231107,118,43,18,1,25.02594,121.50651,24
500113008,20231107,119,43,18,1,25.02594,121.50651,24
500113008,20231107,121,43,18,1,25.02594,121.50651,24
500113008,20231107,122,43,18,1,25.02594,121.50651,24
500113008,20231107,123,43,18,1,25.02594,121.50651,24
500113008,20231107,124,43,18,1,25.02594,121.50651,24
500113008,20231107,125,43,18,1,25.02594,121.50651,24
500113008,20231107,126,43,18,1,25.02594,121.50651,24
500113008,20231107,127,43,18,1,25.02594,121.50651,24
500113008,20231107,128,43,18,1,25.02594,121.50651,24
500113008,20231107,129,43,18,1,25.02594,121.50651,24
500113008,20231107,131,43,18,1,25.02594,121.50651,24
500113008,20231107,132,43,18,1,25.02594,121.50651,24
500113008,20231107,133,43,18,1,25.02594,121.50651,24
500113008,20231107,134,43,18,1,25.02594,121.50651,24
500113008,20231107,135,43,18,1,25.02594,121.50651,24
500113008,20231107,136,43,18,1,25.02594,121.50651,24
500113008,20231107,137,43,18,1,25.02594,121.50651,24
500113008,20231107,138,43,18,1,25.02594,121.50651,24
500113008,20231107,139,43,18,1,25.02594,121.50651,24
500113008,20231107,141,43,18,1,25.02594,121.50651,24
500113008,20231107,142,43,18,1,25.02594,121.50651,24
500113008,20231107,143,43,18,1,25.02594,121.50651,24
500113008,20231107,144,43,18,1,25.02594,121.50651,24
500113008,20231107,145,43,18,1,25.02594,121.50651,24
500113008,20231107,146,43,18,1,25.02594,121.50651,24
500113008,20231107,147,43,18,1,25.02594,121.50651,24
500113008,20231107,148,43,18,1,25.02594,121.50651,24
500113008,20231107,149,43,18,1,25.02594,121.50651,24
500113008,20231107,150,43,18,1,25.02594,121.50651,24
500113008,20231107,151,43,18,1,25.02594,121.50651,24
500113008,20231107,152,43,18,1,25.02594,121.50651,24
500113008,20231107,153,43,18,1,25.02594,121.50651,24
500113008,20231107,154,43,18,1,25.02594,121.50651,24
500113008,20231107,155,43,18,1,25.02594,121.50651,24
500113008,20231107,156,43,18,1,25.02594,121.50651,24
500113008,20231107,157,43,18,1,25.02594,121.50651,24
500113008,20231107,158,43,18,1,25.02594,121.50651,24
500113008,20231107,159,43,18,1,25.02594,121.50651,24
500113008,20231107,160,43,18,1,25.02594,121.50651,24
500113008,20231107,161,43,18,1,25.02594,121.50651,24
500113008,20231107,162,43,18,1,25.02594,121.50651,24
500113008,20231107,163,43,18,1,25.02594,121.50651,24
500113008,20231107,164,43,18,1,25.02594,121.50651,24
500113008,20231107,165,43,18,1,25.02594,121.50651,24
500113008,20231107,166,43,18,1,25.02594,121.50651,24
500113008,20231107,167,43,18,1,25.02594,121.50651,24
500113008,20231107,168,43,18,1,25.02594,121.50651,24
500113008,20231107,169,43,18,1,25.02594,121.50651,24
500113008,20231107,170,43,18,1,25.02594,121.50651,24
500113008,20231107,171,43,18,1,25.02594,121.50651,24
500113008,20231107,172,43,18,1,25.02594,121.50651,24
500113008,20231107,173,43,18,1,25.02594,121.50651,24
500113008,20231107,174,43,18,1,25.02594,121.50651,24
500113008,20231107,175,43,18,1,25.02594,121.50651,24
500113008,20231107,176,43,18,1,25.02594,121.50651,24
500113008,20231107,177,43,18,1,25.02594,121.50651,24
500113008,20231107,178,43,18,1,25.02594,121.50651,24
500113008,20231107,179,43,18,1,25.02594,121.50651,24
500113008,20231107,180,43,18,1,25.02594,121.50651,24
500113008,20231107,181,43,18,1,25.02594,121.50651,24
500113008,20231107,182,43,18,1,25.02594,121.50651,24
500113008,20231107,183,43,18,1,25.02594,121.50651,24
500113008,20231107,184,43,18,1,25.02594,121.50651,24
500113008,20231107,185,43,18,1,25.02594,121.50651,24
500113008,20231107,186,43,18,1,25.02594,121.50651,24
500113008,20231107,187,43,18,1,25.02594,121.50651,24
500113008,20231107,188,43,18,1,25.02594,121.50651,24
500113008,20231107,189,43,18,1,25.02594,121.50651,24
500113008,20231107,190,43,18,1,25.02594,121.50651,24
500113008,20231107,191,43,18,1,25.02594,121.50651,24
500113008,20231107,192,43,18,1,25.02594,121.50651,24
500113008,20231107,193,43,18,1,25.02594,121.50651,24
500113008,20231107,194,43,18,1,25.02594,121.50651,24
500113008,20231107,195,43,18,1,25.02594,121.50651,24
500113008,20231107,196,43,18,1,25.02594,121.50651,24
500113008,20231107,197,43,18,1,25.02594,121.50651,24
500113008,20231107,198,43,18,1,25.02594,121.50651,24
500113008,20231107,199,43,18,1,25.02594,121.50651,24
500113008,20231107,201,43,18,1,25.02594,121.50651,24
500113008,20231107,202,43,18,1,25.02594,121.50651,24
500113008,20231107,203,43,18,1,25.02594,121.50651,24
500113008,20231107,204,43,18,1,25.02594,121.50651,24
500113008,20231107,205,43,18,1,25.02594,121.50651,24
500113008,20231107,206,43,18,1,25.02594,121.50651,24
500113008,20231107,207,43,18,1,25.02594,121.50651,24
500113008,20231107,208,43,18,1,25.02594,121.50651,24
500113008,20231107,209,43,20,1,25.02594,121.50651,22
500113008,20231107,210,43,22,1,25.02594,121.50651,20
500113008,20231107,211,43,24,1,25.02594,121.50651,18
500113008,20231107,212,43,26,1,25.02594,121.50651,16
500113008,20231107,213,43,28,1,25.02594,121.50651,14
500113008,20231107,214,43,30,1,25.02594,121.50651,12
500113008,20231107,215,43,32,1,25.02594,121.50651,10
500113008,20231107,216,43,34,1,25.02594,121.50651,8
500113008,20231107,217,43,35,1,25.02594,121.50651,7
500113008,20231107,218,43,35,1,25.02594,121.50651,7
500113008,20231107,219,43,35,1,25.02594,121.50651,7
500113008,20231107,220,43,35,1,25.02594,121.50651,7
500113008,20231107,221,43,35,1,25.02594,121.50651,7
500113008,20231107,222,43,35,1,25.02594,121.50651,7
500113008,20231107,223,43,35,1,25.02594,121.50651,7
500113008,20231107,224,43,35,1,25.02594,121.50651,7
500113008,20231107,225,43,35,1,25.02594,121.50651,7
500113008,20231107,226,43,35,1,25.02594,121.50651,7
500113008,20231107,227,43,35,1,25.02594,121.50651,7
500113008,20231107,228,43,35,1,25.02594,121.50651,7
500113008,20231107,229,43,35,1,25.02594,121.50651,7
500113008,20231107,230,43,35,1,25.02594,121.50651,7
500113008,20231107,232,43,35,1,25.02594,121.50651,7
500113008,20231107,233,43,35,1,25.02594,121.50651,7
500113008,20231107,234,43,35,1,25.02594,121.50651,7
500113008,20231107,235,43,35,1,25.02594,121.50651,7
500113008,20231107,236,43,35,1,25.02594,121.50651,7
500113008,20231107,237,43,35,1,25.02594,121.50651,7
500113008,20231107,238,43,35,1,25.02594,121.50651,7
500113008,20231107,239,43,35,1,25.02594,121.50651,7
500113008,20231107,240,43,35,1,25.02594,121.50651,7
500113008,20231107,242,43,35,1,25.02594,121.50651,7
500113008,20231107,243,43,35,1,25.02594,121.50651,7
500113008,20231107,244,43,35,1,25.02594,121.50651,7
500113008,20231107,245,43,35,1,25.02594,121.50651,7
500113008,20231107,246,43,35,1,25.02594,121.50651,7
500113008,20231107,247,43,35,1,25.02594,121.50651,7
500113008,20231107,248,43,35,1,25.02594,121.50651,7
500113008,20231107,249,43,35,1,25.02594,121.50651,7
500113008,20231107,251,43,35,1,25.02594,121.50651,7
500113008,20231107,252,43,34,1,25.02594,121.50651,8
500113008,20231107,253,43,34,1,25.02594,121.50651,8
500113008,20231107,254,43,34,1,25.02594,121.50651,8
500113008,20231107,255,43,34,1,25.02594,121.50651,8
500113008,20231107,256,43,34,1,25.02594,121.50651,8
500113008,20231107,257,43,34,1,25.02594,121.50651,8
500113008,20231107,258,43,34,1,25.02594,121.50651,8
500113008,20231107,259,43,33,1,25.02594,121.50651,9
500113008,20231107,261,43,33,1,25.02594,121.50651,9
500113008,20231107,262,43,33,1,25.02594,121.50651,9
500113008,20231107,263,43,33,1,25.02594,121.50651,9
500113008,20231107,264,43,33,1,25.02594,121.50651,9
500113008,20231107,265,43,33,1,25.02594,121.50651,9
500113008,20231107,266,43,33,1,25.02594,121.50651,9
500113008,20231107,267,43,33,1,25.02594,121.50651,9
500113008,20231107,268,43,34,1,25.02594,121.50651,8
500113008,20231107,269,43,34,1,25.02594,121.50651,8
500113008,20231107,271,43,34,1,25.02594,121.50651,8
500113008,20231107,272,43,34,1,25.02594,121.50651,8
500113008,20231107,273,43,34,1,25.02594,121.50651,8
500113008,20231107,274,43,34,1,25.02594,121.50651,8
500113008,20231107,275,43,34,1,25.02594,121.50651,8
500113008,20231107,276,43,34,1,25.02594,121.50651,8
500113008,20231107,277,43,34,1,25.02594,121.50651,8
500113008,20231107,278,43,34,1,25.02594,121.50651,8
500113008,20231107,279,43,34,1,25.02594,121.50651,8
500113008,20231107,281,43,34,1,25.02594,121.50651,8
500113008,20231107,282,43,34,1,25.02594,121.50651,8
500113008,20231107,283,43,34,1,25.02594,121.50651,8
500113008,20231107,284,43,34,1,25.02594,121.50651,8
500113008,20231107,285,43,34,1,25.02594,121.50651,8
500113008,20231107,286,43,34,1,25.02594,121.50651,8
500113008,20231107,287,43,34,1,25.02594,121.50651,8
500113008,20231107,288,43,34,1,25.02594,121.50651,8
500113008,20231107,289,43,34,1,25.02594,121.50651,8
500113008,20231107,291,43,34,1,25.02594,121.50651,8
500113008,20231107,292,43,34,1,25.02594,121.50651,8
500113008,20231107,293,43,34,1,25.02594,121.50651,8
500113008,20231107,294,43,35,1,25.02594,121.50651,7
500113008,20231107,295,43,35,1,25.02594,121.50651,7
500113008,20231107,296,43,35,1,25.02594,121.50651,7
500113008,20231107,297,43,35,1,25.02594,121.50651,7
500113008,20231107,298,43,35,1,25.02594,121.50651,7
500113008,20231107,299,43,35,1,25.02594,121.50651,7
500113008,20231107,301,43,35,1,25.02594,121.50651,7
500113008,20231107,302,43,34,1,25.02594,121.50651,8
500113008,20231107,303,43,34,1,25.02594,121.50651,8
500113008,20231107,304,43,34,1,25.02594,121.50651,8
500113008,20231107,305,43,34,1,25.02594,121.50651,8
500113008,20231107,306,43,34,1,25.02594,121.50651,8
500113008,20231107,307,43,34,1,25.02594,121.50651,8
500113008,20231107,308,43,34,1,25.02594,121.50651,8
500113008,20231107,309,43,34,1,25.02594,121.50651,8
500113008,20231107,310,43,34,1,25.02594,121.50651,8
500113008,20231107,311,43,34,1,25.02594,121.50651,8
500113008,20231107,312,43,33,1,25.02594,121.50651,9
500113008,20231107,313,43,33,1,25.02594,121.50651,9
500113008,20231107,314,43,33,1,25.02594,121.50651,9
500113008,20231107,315,43,33,1,25.02594,121.50651,9
500113008,20231107,316,43,33,1,25.02594,121.50651,9
500113008,20231107,317,43,33,1,25.02594,121.50651,9
500113008,20231107,318,43,33,1,25.02594,121.50651,9
500113008,20231107,319,43,33,1,25.02594,121.50651,9
500113008,20231107,321,43,33,1,25.02594,121.50651,9
500113008,20231107,322,43,33,1,25.02594,121.50651,9
500113008,20231107,323,43,33,1,25.02594,121.50651,9
500113008,20231107,324,43,33,1,25.02594,121.50651,9
500113008,20231107,325,43,33,1,25.02594,121.50651,9
500113008,20231107,326,43,33,1,25.02594,121.50651,9
500113008,20231107,327,43,33,1,25.02594,121.50651,9
500113008,20231107,328,43,33,1,25.02594,121.50651,9
500113008,20231107,329,43,33,1,25.02594,121.50651,9
500113008,20231107,330,43,33,1,25.02594,121.50651,9
500113008,20231107,331,43,33,1,25.02594,121.50651,9
500113008,20231107,332,43,33,1,25.02594,121.50651,9
500113008,20231107,333,43,33,1,25.02594,121.50651,9
500113008,20231107,334,43,33,1,25.02594,121.50651,9
500113008,20231107,335,43,33,1,25.02594,121.50651,9
500113008,20231107,336,43,33,1,25.02594,121.50651,9
500113008,20231107,337,43,33,1,25.02594,121.50651,9
500113008,20231107,338,43,33,1,25.02594,121.50651,9
500113008,20231107,339,43,33,1,25.02594,121.50651,9
500113008,20231107,340,43,33,1,25.02594,121.50651,9
500113008,20231107,341,43,33,1,25.02594,121.50651,9
500113008,20231107,342,43,33,1,25.02594,121.50651,9
500113008,20231107,343,43,33,1,25.02594,121.50651,9
500113008,20231107,344,43,33,1,25.02594,121.50651,9
500113008,20231107,345,43,33,1,25.02594,121.50651,9
500113008,20231107,346,43,34,1,25.02594,121.50651,8
500113008,20231107,347,43,34,1,25.02594,121.50651,8
500113008,20231107,348,43,34,1,25.02594,121.50651,8
500113008,20231107,349,43,34,1,25.02594,121.50651,8
500113008,20231107,350,43,34,1,25.02594,121.50651,8
500113008,20231107,351,43,33,1,25.02594,121.50651,9
500113008,20231107,352,43,33,1,25.02594,121.50651,9
500113008,20231107,353,43,33,1,25.02594,121.50651,9
500113008,20231107,354,43,33,1,25.02594,121.50651,9
500113008,20231107,355,43,33,1,25.02594,121.50651,9
500113008,20231107,356,43,33,1,25.02594,121.50651,9
500113008,20231107,357,43,33,1,25.02594,121.50651,9
500113008,20231107,358,43,33,1,25.02594,121.50651,9
500113008,20231107,359,43,33,1,25.02594,121.50651,9
500113008,20231107,360,43,33,1,25.02594,121.50651,9
500113008,20231107,361,43,33,1,25.02594,121.50651,9
500113008,20231107,362,43,33,1,25.02594,121.50651,9
500113008,20231107,363,43,33,1,25.02594,121.50651,9
500113008,20231107,364,43,33,1,25.02594,121.50651,9
500113008,20231107,365,43,32,1,25.02594,121.50651,10
500113008,20231107,366,43,32,1,25.02594,121.50651,10
500113008,20231107,367,43,32,1,25.02594,121.50651,10
500113008,20231107,368,43,32,1,25.02594,121.50651,10
500113008,20231107,369,43,32,1,25.02594,121.50651,10
500113008,20231107,370,43,32,1,25.02594,121.50651,10
500113008,20231107,371,43,32,1,25.02594,121.50651,10
500113008,20231107,372,43,32,1,25.02594,121.50651,10
500113008,20231107,373,43,32,1,25.02594,121.50651,10
500113008,20231107,374,43,32,1,25.02594,121.50651,10
500113008,20231107,375,43,32,1,25.02594,121.50651,10
500113008,20231107,376,43,32,1,25.02594,121.50651,10
500113008,20231107,377,43,32,1,25.02594,121.50651,10
500113008,20231107,378,43,32,1,25.02594,121.50651,10
500113008,20231107,379,43,32,1,25.02594,121.50651,10
500113008,20231107,381,43,32,1,25.02594,121.50651,10
500113008,20231107,382,43,31,1,25.02594,121.50651,11
500113008,20231107,383,43,31,1,25.02594,121.50651,11
500113008,20231107,384,43,31,1,25.02594,121.50651,11
500113008,20231107,385,43,30,1,25.02594,121.50651,12
500113008,20231107,386,43,30,1,25.02594,121.50651,12
500113008,20231107,387,43,30,1,25.02594,121.50651,12
500113008,20231107,388,43,31,1,25.02594,121.50651,11
500113008,20231107,389,43,32,1,25.02594,121.50651,10
500113008,20231107,390,43,32,1,25.02594,121.50651,10
500113008,20231107,391,43,32,1,25.02594,121.50651,10
500113008,20231107,392,43,33,1,25.02594,121.50651,9
500113008,20231107,393,43,33,1,25.02594,121.50651,9
500113008,20231107,394,43,33,1,25.02594,121.50651,9
500113008,20231107,395,43,33,1,25.02594,121.50651,9
500113008,20231107,396,43,33,1,25.02594,121.50651,9
500113008,20231107,397,43,33,1,25.02594,121.50651,9
500113008,20231107,398,43,33,1,25.02594,121.50651,9
500113008,20231107,399,43,33,1,25.02594,121.50651,9
500113008,20231107,400,43,33,1,25.02594,121.50651,9
500113008,20231107,401,43,33,1,25.02594,121.50651,9
500113008,20231107,403,43,33,1,25.02594,121.50651,9
500113008,20231107,404,43,33,1,25.02594,121.50651,9
500113008,20231107,405,43,33,1,25.02594,121.50651,9
500113008,20231107,406,43,33,1,25.02594,121.50651,9
500113008,20231107,407,43,32,1,25.02594,121.50651,10
500113008,20231107,408,43,32,1,25.02594,121.50651,10
500113008,20231107,409,43,32,1,25.02594,121.50651,10
500113008,20231107,411,43,32,1,25.02594,121.50651,10
500113008,20231107,412,43,33,1,25.02594,121.50651,9
500113008,20231107,413,43,33,1,25.02594,121.50651,9
500113008,20231107,414,43,33,1,25.02594,121.50651,9
500113008,20231107,415,43,33,1,25.02594,121.50651,9
500113008,20231107,416,43,33,1,25.02594,121.50651,9
500113008,20231107,417,43,33,1,25.02594,121.50651,9
500113008,20231107,418,43,33,1,25.02594,121.50651,9
500113008,20231107,419,43,34,1,25.02594,121.50651,8
500113008,20231107,421,43,33,1,25.02594,121.50651,9
500113008,20231107,422,43,34,1,25.02594,121.50651,8
500113008,20231107,423,43,34,1,25.02594,121.50651,8
500113008,20231107,424,43,34,1,25.02594,121.50651,8
500113008,20231107,425,43,34,1,25.02594,121.50651,8
500113008,20231107,426,43,34,1,25.02594,121.50651,8
500113008,20231107,427,43,34,1,25.02594,121.50651,8
500113008,20231107,428,43,34,1,25.02594,121.50651,8
500113008,20231107,429,43,34,1,25.02594,121.50651,8
500113008,20231107,431,43,33,1,25.02594,121.50651,9
500113008,20231107,432,43,33,1,25.02594,121.50651,9
500113008,20231107,433,43,33,1,25.02594,121.50651,9
500113008,20231107,434,43,33,1,25.02594,121.50651,9
500113008,20231107,435,43,33,1,25.02594,121.50651,9
500113008,20231107,436,43,33,1,25.02594,121.50651,9
500113008,20231107,437,43,33,1,25.02594,121.50651,9
500113008,20231107,438,43,33,1,25.02594,121.50651,9
500113008,20231107,439,43,33,1,25.02594,121.50651,9
500113008,20231107,441,43,32,1,25.02594,121.50651,10
500113008,20231107,442,43,34,1,25.02594,121.50651,8
500113008,20231107,443,43,34,1,25.02594,121.50651,8
500113008,20231107,444,43,34,1,25.02594,121.50651,8
500113008,20231107,445,43,34,1,25.02594,121.50651,8
500113008,20231107,446,43,34,1,25.02594,121.50651,8
500113008,20231107,447,43,34,1,25.02594,121.50651,8
500113008,20231107,448,43,34,1,25.02594,121.50651,8
500113008,20231107,449,43,34,1,25.02594,121.50651,8
500113008,20231107,451,43,35,1,25.02594,121.50651,7
500113008,20231107,452,43,36,1,25.02594,121.50651,6
500113008,20231107,453,43,37,1,25.02594,121.50651,5
500113008,20231107,454,43,38,1,25.02594,121.50651,4
500113008,20231107,455,43,38,1,25.02594,121.50651,4
500113008,20231107,456,43,39,1,25.02594,121.50651,3
500113008,20231107,457,43,38,1,25.02594,121.50651,4
500113008,20231107,458,43,37,1,25.02594,121.50651,5
500113008,20231107,459,43,37,1,25.02594,121.50651,5
500113008,20231107,461,43,36,1,25.02594,121.50651,6
500113008,20231107,462,43,36,1,25.02594,121.50651,6
500113008,20231107,463,43,37,1,25.02594,121.50651,5
500113008,20231107,464,43,37,1,25.02594,121.50651,5
500113008,20231107,465,43,37,1,25.02594,121.50651,5
500113008,20231107,466,43,37,1,25.02594,121.50651,5
500113008,20231107,467,43,37,1,25.02594,121.50651,5
500113008,20231107,468,43,37,1,25.02594,121.50651,5
500113008,20231107,469,43,37,1,25.02594,121.50651,5
500113008,20231107,471,43,37,1,25.02594,121.50651,5
500113008,20231107,472,43,37,1,25.02594,121.50651,5
500113008,20231107,473,43,37,1,25.02594,121.50651,5
500113008,20231107,474,43,37,1,25.02594,121.50651,5
500113008,20231107,475,43,37,1,25.02594,121.50651,5
500113008,20231107,476,43,38,1,25.02594,121.50651,4
500113008,20231107,477,43,38,1,25.02594,121.50651,4
500113008,20231107,478,43,38,1,25.02594,121.50651,4
500113008,20231107,479,43,38,1,25.02594,121.50651,4
500113008,20231107,481,43,38,1,25.02594,121.50651,4
500113008,20231107,482,43,36,1,25.02594,121.50651,6
500113008,20231107,483,43,37,1,25.02594,121.50651,5
500113008,20231107,484,43,37,1,25.02594,121.50651,5
500113008,20231107,485,43,38,1,25.02594,121.50651,4
500113008,20231107,486,43,38,1,25.02594,121.50651,4
500113008,20231107,487,43,38,1,25.02594,121.50651,4
500113008,20231107,488,43,38,1,25.02594,121.50651,4
500113008,20231107,489,43,38,1,25.02594,121.50651,4
500113008,20231107,490,43,38,1,25.02594,121.50651,4
500113008,20231107,491,43,38,1,25.02594,121.50651,4
500113008,20231107,492,43,39,1,25.02594,121.50651,3
500113008,20231107,493,43,40,1,25.02594,121.50651,2
500113008,20231107,494,43,40,1,25.02594,121.50651,2
500113008,20231107,495,43,40,1,25.02594,121.50651,2
500113008,20231107,496,43,40,1,25.02594,121.50651,2
500113008,20231107,497,43,40,1,25.02594,121.50651,2
500113008,20231107,498,43,40,1,25.02594,121.50651,2
500113008,20231107,499,43,40,1,25.02594,121.50651,2
500113008,20231107,501,43,39,1,25.02594,121.50651,3
500113008,20231107,502,43,39,1,25.02594,121.50651,3
500113008,20231107,503,43,39,1,25.02594,121.50651,3
500113008,20231107,504,43,40,1,25.02594,121.50651,2
500113008,20231107,505,43,41,1,25.02594,121.50651,1
500113008,20231107,506,43,41,1,25.02594,121.50651,1
500113008,20231107,507,43,40,1,25.02594,121.50651,2
500113008,20231107,508,43,40,1,25.02594,121.50651,2
500113008,20231107,509,43,40,1,25.02594,121.50651,2
500113008,20231107,511,43,40,1,25.02594,121.50651,2
500113008,20231107,512,43,40,1,25.02594,121.50651,2
500113008,20231107,513,43,40,1,25.02594,121.50651,2
500113008,20231107,514,43,39,1,25.02594,121.50651,3
500113008,20231107,515,43,40,1,25.02594,121.50651,2
500113008,20231107,516,43,41,1,25.02594,121.50651,1
500113008,20231107,517,43,41,1,25.02594,121.50651,1
500113008,20231107,518,43,41,1,25.02594,121.50651,1
500113008,20231107,519,43,41,1,25.02594,121.50651,1
500113008,20231107,520,43,41,1,25.02594,121.50651,1
500113008,20231107,521,43,41,1,25.02594,121.50651,1
500113008,20231107,522,43,41,1,25.02594,121.50651,1
500113008,20231107,523,43,41,1,25.02594,121.50651,1
500113008,20231107,524,43,41,1,25.02594,121.50651,1
500113008,20231107,525,43,41,1,25.02594,121.50651,1
500113008,20231107,526,43,41,1,25.02594,121.50651,1
500113008,20231107,527,43,40,1,25.02594,121.50651,2
500113008,20231107,528,43,40,1,25.02594,121.50651,2
500113008,20231107,529,43,40,1,25.02594,121.50651,2
500113008,20231107,530,43,39,1,25.02594,121.50651,3
500113008,20231107,531,43,39,1,25.02594,121.50651,3
500113008,20231107,532,43,39,1,25.02594,121.50651,3
500113008,20231107,533,43,40,1,25.02594,121.50651,2
500113008,20231107,534,43,40,1,25.02594,121.50651,2
500113008,20231107,535,43,40,1,25.02594,121.50651,2
500113008,20231107,536,43,40,1,25.02594,121.50651,2
500113008,20231107,537,43,40,1,25.02594,121.50651,2
500113008,20231107,538,43,40,1,25.02594,121.50651,2
500113008,20231107,539,43,40,1,25.02594,121.50651,2
500113008,20231107,541,43,40,1,25.02594,121.50651,2
500113008,20231107,542,43,40,1,25.02594,121.50651,2
500113008,20231107,543,43,40,1,25.02594,121.50651,2
500113008,20231107,544,43,40,1,25.02594,121.50651,2
500113008,20231107,545,43,40,1,25.02594,121.50651,2
500113008,20231107,546,43,39,1,25.02594,121.50651,3
500113008,20231107,547,43,39,1,25.02594,121.50651,3
500113008,20231107,548,43,39,1,25.02594,121.50651,3
500113008,20231107,549,43,39,1,25.02594,121.50651,3
500113008,20231107,550,43,39,1,25.02594,121.50651,3
500113008,20231107,551,43,39,1,25.02594,121.50651,3
500113008,20231107,552,43,39,1,25.02594,121.50651,3
500113008,20231107,553,43,39,1,25.02594,121.50651,3
500113008,20231107,554,43,39,1,25.02594,121.50651,3
500113008,20231107,555,43,39,1,25.02594,121.50651,3
500113008,20231107,556,43,39,1,25.02594,121.50651,3
500113008,20231107,557,43,39,1,25.02594,121.50651,3
500113008,20231107,558,43,40,1,25.02594,121.50651,2
500113008,20231107,559,43,40,1,25.02594,121.50651,2
500113008,20231107,561,43,40,1,25.02594,121.50651,2
500113008,20231107,562,43,40,1,25.02594,121.50651,2
500113008,20231107,563,43,40,1,25.02594,121.50651,2
500113008,20231107,564,43,40,1,25.02594,121.50651,2
500113008,20231107,565,43,40,1,25.02594,121.50651,2
500113008,20231107,566,43,40,1,25.02594,121.50651,2
500113008,20231107,567,43,40,1,25.02594,121.50651,2
500113008,20231107,568,43,40,1,25.02594,121.50651,2
500113008,20231107,569,43,40,1,25.02594,121.50651,2
500113008,20231107,571,43,40,1,25.02594,121.50651,2
500113008,20231107,572,43,40,1,25.02594,121.50651,2
500113008,20231107,573,43,40,1,25.02594,121.50651,2
500113008,20231107,574,43,41,1,25.02594,121.50651,1
500113008,20231107,575,43,41,1,25.02594,121.50651,1
500113008,20231107,576,43,41,1,25.02594,121.50651,1
500113008,20231107,577,43,41,1,25.02594,121.50651,1
500113008,20231107,579,43,41,1,25.02594,121.50651,1
500113008,20231107,581,43,41,1,25.02594,121.50651,1
500113008,20231107,582,43,41,1,25.02594,121.50651,1
500113008,20231107,583,43,41,1,25.02594,121.50651,1
500113008,20231107,584,43,41,1,25.02594,121.50651,1
500113008,20231107,585,43,41,1,25.02594,121.50651,1
500113008,20231107,587,43,41,1,25.02594,121.50651,1
500113008,20231107,588,43,41,1,25.02594,121.50651,1
500113008,20231107,589,43,41,1,25.02594,121.50651,1
500113008,20231107,591,43,41,1,25.02594,121.50651,1
500113008,20231107,592,43,41,1,25.02594,121.50651,1
500113008,20231107,593,43,41,1,25.02594,121.50651,1
500113008,20231107,594,43,41,1,25.02594,121.50651,1
500113008,20231107,595,43,41,1,25.02594,121.50651,1
500113008,20231107,596,43,41,1,25.02594,121.50651,1
500113008,20231107,597,43,41,1,25.02594,121.50651,1
500113008,20231107,598,43,41,1,25.02594,121.50651,1
500113008,20231107,599,43,41,1,25.02594,121.50651,1
500113008,20231107,601,43,41,1,25.02594,121.50651,1
500113008,20231107,602,43,41,1,25.02594,121.50651,1
500113008,20231107,603,43,41,1,25.02594,121.50651,1
500113008,20231107,604,43,41,1,25.02594,121.50651,1
500113008,20231107,605,43,41,1,25.02594,121.50651,1
500113008,20231107,606,43,41,1,25.02594,121.50651,1
500113008,20231107,607,43,41,1,25.02594,121.50651,1
500113008,20231107,608,43,41,1,25.02594,121.50651,1
500113008,20231107,609,43,41,1,25.02594,121.50651,1
500113008,20231107,611,43,41,1,25.02594,121.50651,1
500113008,20231107,612,43,41,1,25.02594,121.50651,1
500113008,20231107,613,43,41,1,25.02594,121.50651,1
500113008,20231107,614,43,41,1,25.02594,121.50651,1
500113008,20231107,615,43,41,1,25.02594,121.50651,1
500113008,20231107,616,43,41,1,25.02594,121.50651,1
500113008,20231107,617,43,41,1,25.02594,121.50651,1
500113008,20231107,618,43,41,1,25.02594,121.50651,1
500113008,20231107,619,43,41,1,25.02594,121.50651,1
500113008,20231107,621,43,42,1,25.02594,121.50651,0
500113008,20231107,622,43,42,1,25.02594,121.50651,0
500113008,20231107,623,43,41,1,25.02594,121.50651,1
500113008,20231107,624,43,41,1,25.02594,121.50651,1
500113008,20231107,625,43,41,1,25.02594,121.50651,1
500113008,20231107,626,43,41,1,25.02594,121.50651,1
500113008,20231107,627,43,41,1,25.02594,121.50651,1
500113008,20231107,628,43,41,1,25.02594,121.50651,1
500113008,20231107,629,43,41,1,25.02594,121.50651,1
500113008,20231107,631,43,42,1,25.02594,121.50651,0
500113008,20231107,632,43,42,1,25.02594,121.50651,0
500113008,20231107,633,43,42,1,25.02594,121.50651,0
500113008,20231107,634,43,40,1,25.02594,121.50651,2
500113008,20231107,635,43,40,1,25.02594,121.50651,2
500113008,20231107,636,43,40,1,25.02594,121.50651,2
500113008,20231107,637,43,41,1,25.02594,121.50651,1
500113008,20231107,638,43,41,1,25.02594,121.50651,1
500113008,20231107,639,43,41,1,25.02594,121.50651,1
500113008,20231107,641,43,41,1,25.02594,121.50651,1
500113008,20231107,642,43,41,1,25.02594,121.50651,1
500113008,20231107,643,43,41,1,25.02594,121.50651,1
500113008,20231107,644,43,41,1,25.02594,121.50651,1
500113008,20231107,645,43,42,1,25.02594,121.50651,0
500113008,20231107,646,43,42,1,25.02594,121.50651,0
500113008,20231107,647,43,42,1,25.02594,121.50651,0
500113008,20231107,648,43,41,1,25.02594,121.50651,1
500113008,20231107,649,43,41,1,25.02594,121.50651,1
500113008,20231107,650,43,41,1,25.02594,121.50651,1
500113008,20231107,651,43,41,1,25.02594,121.50651,1
500113008,20231107,652,43,41,1,25.02594,121.50651,1
500113008,20231107,653,43,41,1,25.02594,121.50651,1
500113008,20231107,654,43,41,1,25.02594,121.50651,1
500113008,20231107,655,43,41,1,25.02594,121.50651,1
500113008,20231107,656,43,41,1,25.02594,121.50651,1
500113008,20231107,657,43,41,1,25.02594,121.50651,1
500113008,20231107,658,43,41,1,25.02594,121.50651,1
500113008,20231107,659,43,41,1,25.02594,121.50651,1
500113008,20231107,661,43,42,1,25.02594,121.50651,0
500113008,20231107,662,43,42,1,25.02594,121.50651,0
500113008,20231107,663,43,42,1,25.02594,121.50651,0
500113008,20231107,664,43,42,1,25.02594,121.50651,0
500113008,20231107,665,43,42,1,25.02594,121.50651,0
500113008,20231107,666,43,42,1,25.02594,121.50651,0
500113008,20231107,667,43,42,1,25.02594,121.50651,0
500113008,20231107,668,43,42,1,25.02594,121.50651,0
500113008,20231107,669,43,42,1,25.02594,121.50651,0
500113008,20231107,670,43,42,1,25.02594,121.50651,0
500113008,20231107,671,43,42,1,25.02594,121.50651,0
500113008,20231107,672,43,42,1,25.02594,121.50651,0
500113008,20231107,673,43,42,1,25.02594,121.50651,0
500113008,20231107,674,43,42,1,25.02594,121.50651,0
500113008,20231107,675,43,42,1,25.02594,121.50651,0
500113008,20231107,676,43,42,1,25.02594,121.50651,0
500113008,20231107,677,43,42,1,25.02594,121.50651,0
500113008,20231107,678,43,42,1,25.02594,121.50651,0
500113008,20231107,679,43,42,1,25.02594,121.50651,0
500113008,20231107,681,43,42,1,25.02594,121.50651,0
500113008,20231107,682,43,42,1,25.02594,121.50651,0
500113008,20231107,683,43,42,1,25.02594,121.50651,0
500113008,20231107,684,43,42,1,25.02594,121.50651,0
500113008,20231107,685,43,42,1,25.02594,121.50651,0
500113008,20231107,686,43,42,1,25.02594,121.50651,0
500113008,20231107,687,43,42,1,25.02594,121.50651,0
500113008,20231107,688,43,42,1,25.02594,121.50651,0
500113008,20231107,689,43,42,1,25.02594,121.50651,0
500113008,20231107,691,43,41,1,25.02594,121.50651,1
500113008,20231107,692,43,41,1,25.02594,121.50651,1
500113008,20231107,693,43,41,1,25.02594,121.50651,1
500113008,20231107,694,43,41,1,25.02594,121.50651,1
500113008,20231107,695,43,41,1,25.02594,121.50651,1
500113008,20231107,696,43,41,1,25.02594,121.50651,1
500113008,20231107,697,43,41,1,25.02594,121.50651,1
500113008,20231107,698,43,41,1,25.02594,121.50651,1
500113008,20231107,699,43,41,1,25.02594,121.50651,1
500113008,20231107,700,43,41,1,25.02594,121.50651,1
500113008,20231107,701,43,41,1,25.02594,121.50651,1
500113008,20231107,702,43,41,1,25.02594,121.50651,1
500113008,20231107,703,43,41,1,25.02594,121.50651,1
500113008,20231107,704,43,41,1,25.02594,121.50651,1
500113008,20231107,705,43,41,1,25.02594,121.50651,1
500113008,20231107,706,43,41,1,25.02594,121.50651,1
500113008,20231107,707,43,41,1,25.02594,121.50651,1
500113008,20231107,708,43,42,1,25.02594,121.50651,0
500113008,20231107,709,43,42,1,25.02594,121.50651,0
500113008,20231107,710,43,42,1,25.02594,121.50651,0
500113008,20231107,711,43,42,1,25.02594,121.50651,0
500113008,20231107,712,43,42,1,25.02594,121.50651,0
500113008,20231107,713,43,42,1,25.02594,121.50651,0
500113008,20231107,714,43,42,1,25.02594,121.50651,0
500113008,20231107,715,43,42,1,25.02594,121.50651,0
500113008,20231107,716,43,42,1,25.02594,121.50651,0
500113008,20231107,717,43,42,1,25.02594,121.50651,0
500113008,20231107,718,43,42,1,25.02594,121.50651,0
500113008,20231107,719,43,42,1,25.02594,121.50651,0
500113008,20231107,721,43,42,1,25.02594,121.50651,0
500113008,20231107,722,43,42,1,25.02594,121.50651,0
500113008,20231107,723,43,42,1,25.02594,121.50651,0
500113008,20231107,724,43,42,1,25.02594,121.50651,0
500113008,20231107,725,43,42,1,25.02594,121.50651,0
500113008,20231107,726,43,42,1,25.02594,121.50651,0
500113008,20231107,727,43,42,1,25.02594,121.50651,0
500113008,20231107,728,43,42,1,25.02594,121.50651,0
500113008,20231107,729,43,42,1,25.02594,121.50651,0
500113008,20231107,730,43,42,1,25.02594,121.50651,0
500113008,20231107,731,43,42,1,25.02594,121.50651,0
500113008,20231107,732,43,42,1,25.02594,121.50651,0
500113008,20231107,733,43,42,1,25.02594,121.50651,0
500113008,20231107,734,43,42,1,25.02594,121.50651,0
500113008,20231107,735,43,42,1,25.02594,121.50651,0
500113008,20231107,736,43,42,1,25.02594,121.50651,0
500113008,20231107,737,43,42,1,25.02594,121.50651,0
500113008,20231107,738,43,42,1,25.02594,121.50651,0
500113008,20231107,739,43,42,1,25.02594,121.50651,0
500113008,20231107,741,43,42,1,25.02594,121.50651,0
500113008,20231107,742,43,42,1,25.02594,121.50651,0
500113008,20231107,743,43,42,1,25.02594,121.50651,0
500113008,20231107,744,43,42,1,25.02594,121.50651,0
500113008,20231107,745,43,42,1,25.02594,121.50651,0
500113008,20231107,746,43,42,1,25.02594,121.50651,0
500113008,20231107,747,43,42,1,25.02594,121.50651,0
500113008,20231107,748,43,42,1,25.02594,121.50651,0
500113008,20231107,749,43,42,1,25.02594,121.50651,0
500113008,20231107,751,43,42,1,25.02594,121.50651,0
500113008,20231107,752,43,41,1,25.02594,121.50651,1
500113008,20231107,753,43,41,1,25.02594,121.50651,1
500113008,20231107,754,43,41,1,25.02594,121.50651,1
500113008,20231107,755,43,40,1,25.02594,121.50651,2
500113008,20231107,756,43,41,1,25.02594,121.50651,1
500113008,20231107,757,43,41,1,25.02594,121.50651,1
500113008,20231107,758,43,41,1,25.02594,121.50651,1
500113008,20231107,759,43,41,1,25.02594,121.50651,1
500113008,20231107,761,43,41,1,25.02594,121.50651,1
500113008,20231107,762,43,41,1,25.02594,121.50651,1
500113008,20231107,763,43,41,1,25.02594,121.50651,1
500113008,20231107,764,43,41,1,25.02594,121.50651,1
500113008,20231107,765,43,41,1,25.02594,121.50651,1
500113008,20231107,766,43,41,1,25.02594,121.50651,1
500113008,20231107,767,43,41,1,25.02594,121.50651,1
500113008,20231107,768,43,41,1,25.02594,121.50651,1
500113008,20231107,769,43,41,1,25.02594,121.50651,1
500113008,20231107,771,43,41,1,25.02594,121.50651,1
500113008,20231107,772,43,41,1,25.02594,121.50651,1
500113008,20231107,773,43,41,1,25.02594,121.50651,1
500113008,20231107,774,43,41,1,25.02594,121.50651,1
500113008,20231107,775,43,41,1,25.02594,121.50651,1
500113008,20231107,776,43,41,1,25.02594,121.50651,1
500113008,20231107,777,43,41,1,25.02594,121.50651,1
500113008,20231107,778,43,41,1,25.02594,121.50651,1
500113008,20231107,779,43,41,1,25.02594,121.50651,1
500113008,20231107,781,43,41,1,25.02594,121.50651,1
500113008,20231107,782,43,42,1,25.02594,121.50651,0
500113008,20231107,783,43,42,1,25.02594,121.50651,0
500113008,20231107,784,43,42,1,25.02594,121.50651,0
500113008,20231107,785,43,42,1,25.02594,121.50651,0
500113008,20231107,786,43,42,1,25.02594,121.50651,0
500113008,20231107,787,43,42,1,25.02594,121.50651,0
500113008,20231107,788,43,42,1,25.02594,121.50651,0
500113008,20231107,789,43,42,1,25.02594,121.50651,0
500113008,20231107,791,43,41,1,25.02594,121.50651,1
500113008,20231107,792,43,41,1,25.02594,121.50651,1
500113008,20231107,793,43,41,1,25.02594,121.50651,1
500113008,20231107,794,43,41,1,25.02594,121.50651,1
500113008,20231107,795,43,41,1,25.02594,121.50651,1
500113008,20231107,796,43,41,1,25.02594,121.50651,1
500113008,20231107,797,43,41,1,25.02594,121.50651,1
500113008,20231107,798,43,41,1,25.02594,121.50651,1
500113008,20231107,799,43,40,1,25.02594,121.50651,2
500113008,20231107,801,43,40,1,25.02594,121.50651,2
500113008,20231107,802,43,40,1,25.02594,121.50651,2
500113008,20231107,803,43,40,1,25.02594,121.50651,2
500113008,20231107,804,43,40,1,25.02594,121.50651,2
500113008,20231107,805,43,40,1,25.02594,121.50651,2
500113008,20231107,806,43,41,1,25.02594,121.50651,1
500113008,20231107,807,43,41,1,25.02594,121.50651,1
500113008,20231107,808,43,41,1,25.02594,121.50651,1
500113008,20231107,809,43,41,1,25.02594,121.50651,1
500113008,20231107,811,43,41,1,25.02594,121.50651,1
500113008,20231107,812,43,41,1,25.02594,121.50651,1
500113008,20231107,813,43,41,1,25.02594,121.50651,1
500113008,20231107,814,43,41,1,25.02594,121.50651,1
500113008,20231107,815,43,40,1,25.02594,121.50651,2
500113008,20231107,816,43,40,1,25.02594,121.50651,2
500113008,20231107,817,43,40,1,25.02594,121.50651,2
500113008,20231107,818,43,40,1,25.02594,121.50651,2
500113008,20231107,819,43,40,1,25.02594,121.50651,2
500113008,20231107,820,43,40,1,25.02594,121.50651,2
500113008,20231107,821,43,40,1,25.02594,121.50651,2
500113008,20231107,822,43,40,1,25.02594,121.50651,2
500113008,20231107,823,43,40,1,25.02594,121.50651,2
500113008,20231107,824,43,40,1,25.02594,121.50651,2
500113008,20231107,825,43,40,1,25.02594,121.50651,2
500113008,20231107,826,43,40,1,25.02594,121.50651,2
500113008,20231107,827,43,40,1,25.02594,121.50651,2
500113008,20231107,828,43,40,1,25.02594,121.50651,2
500113008,20231107,829,43,40,1,25.02594,121.50651,2
500113008,20231107,830,43,40,1,25.02594,121.50651,2
500113008,20231107,831,43,39,1,25.02594,121.50651,3
500113008,20231107,832,43,39,1,25.02594,121.50651,3
500113008,20231107,833,43,39,1,25.02594,121.50651,3
500113008,20231107,834,43,39,1,25.02594,121.50651,3
500113008,20231107,835,43,39,1,25.02594,121.50651,3
500113008,20231107,836,43,39,1,25.02594,121.50651,3
500113008,20231107,837,43,39,1,25.02594,121.50651,3
500113008,20231107,838,43,38,1,25.02594,121.50651,4
500113008,20231107,839,43,38,1,25.02594,121.50651,4
500113008,20231107,841,43,38,1,25.02594,121.50651,4
500113008,20231107,842,43,38,1,25.02594,121.50651,4
500113008,20231107,843,43,38,1,25.02594,121.50651,4
500113008,20231107,844,43,38,1,25.02594,121.50651,4
500113008,20231107,845,43,38,1,25.02594,121.50651,4
500113008,20231107,846,43,38,1,25.02594,121.50651,4
500113008,20231107,847,43,38,1,25.02594,121.50651,4
500113008,20231107,848,43,38,1,25.02594,121.50651,4
500113008,20231107,849,43,38,1,25.02594,121.50651,4
500113008,20231107,850,43,38,1,25.02594,121.50651,4
500113008,20231107,851,43,38,1,25.02594,121.50651,4
500113008,20231107,852,43,37,1,25.02594,121.50651,5
500113008,20231107,853,43,37,1,25.02594,121.50651,5
500113008,20231107,854,43,37,1,25.02594,121.50651,5
500113008,20231107,855,43,38,1,25.02594,121.50651,4
500113008,20231107,856,43,38,1,25.02594,121.50651,4
500113008,20231107,857,43,38,1,25.02594,121.50651,4
500113008,20231107,858,43,38,1,25.02594,121.50651,4
500113008,20231107,859,43,38,1,25.02594,121.50651,4
500113008,20231107,861,43,38,1,25.02594,121.50651,4
500113008,20231107,862,43,38,1,25.02594,121.50651,4
500113008,20231107,863,43,38,1,25.02594,121.50651,4
500113008,20231107,864,43,38,1,25.02594,121.50651,4
500113008,20231107,865,43,39,1,25.02594,121.50651,3
500113008,20231107,866,43,40,1,25.02594,121.50651,2
500113008,20231107,867,43,40,1,25.02594,121.50651,2
500113008,20231107,868,43,39,1,25.02594,121.50651,3
500113008,20231107,869,43,39,1,25.02594,121.50651,3
500113008,20231107,870,43,39,1,25.02594,121.50651,3
500113008,20231107,871,43,39,1,25.02594,121.50651,3
500113008,20231107,872,43,39,1,25.02594,121.50651,3
500113008,20231107,873,43,39,1,25.02594,121.50651,3
500113008,20231107,874,43,39,1,25.02594,121.50651,3
500113008,20231107,875,43,39,1,25.02594,121.50651,3
500113008,20231107,876,43,39,1,25.02594,121.50651,3
500113008,20231107,877,43,39,1,25.02594,121.50651,3
500113008,20231107,878,43,39,1,25.02594,121.50651,3
500113008,20231107,879,43,39,1,25.02594,121.50651,3
500113008,20231107,880,43,38,1,25.02594,121.50651,4
500113008,20231107,881,43,38,1,25.02594,121.50651,4
500113008,20231107,882,43,38,1,25.02594,121.50651,4
500113008,20231107,883,43,38,1,25.02594,121.50651,4
500113008,20231107,884,43,38,1,25.02594,121.50651,4
500113008,20231107,885,43,38,1,25.02594,121.50651,4
500113008,20231107,886,43,38,1,25.02594,121.50651,4
500113008,20231107,887,43,38,1,25.02594,121.50651,4
500113008,20231107,888,43,38,1,25.02594,121.50651,4
500113008,20231107,889,43,38,1,25.02594,121.50651,4
500113008,20231107,890,43,38,1,25.02594,121.50651,4
500113008,20231107,891,43,38,1,25.02594,121.50651,4
500113008,20231107,892,43,38,1,25.02594,121.50651,4
500113008,20231107,893,43,38,1,25.02594,121.50651,4
500113008,20231107,894,43,38,1,25.02594,121.50651,4
500113008,20231107,895,43,38,1,25.02594,121.50651,4
500113008,20231107,896,43,37,1,25.02594,121.50651,5
500113008,20231107,897,43,37,1,25.02594,121.50651,5
500113008,20231107,898,43,37,1,25.02594,121.50651,5
500113008,20231107,899,43,37,1,25.02594,121.50651,5
500113008,20231107,901,43,37,1,25.02594,121.50651,5
500113008,20231107,902,43,37,1,25.02594,121.50651,5
500113008,20231107,903,43,37,1,25.02594,121.50651,5
500113008,20231107,904,43,37,1,25.02594,121.50651,5
500113008,20231107,905,43,37,1,25.02594,121.50651,5
500113008,20231107,906,43,39,1,25.02594,121.50651,3
500113008,20231107,907,43,39,1,25.02594,121.50651,3
500113008,20231107,908,43,39,1,25.02594,121.50651,3
500113008,20231107,909,43,39,1,25.02594,121.50651,3
500113008,20231107,910,43,40,1,25.02594,121.50651,2
500113008,20231107,911,43,40,1,25.02594,121.50651,2
500113008,20231107,912,43,40,1,25.02594,121.50651,2
500113008,20231107,913,43,40,1,25.02594,121.50651,2
500113008,20231107,914,43,40,1,25.02594,121.50651,2
500113008,20231107,915,43,40,1,25.02594,121.50651,2
500113008,20231107,916,43,41,1,25.02594,121.50651,1
500113008,20231107,917,43,41,1,25.02594,121.50651,1
500113008,20231107,918,43,41,1,25.02594,121.50651,1
500113008,20231107,919,43,41,1,25.02594,121.50651,1
500113008,20231107,921,43,39,1,25.02594,121.50651,3
500113008,20231107,922,43,39,1,25.02594,121.50651,3
500113008,20231107,923,43,39,1,25.02594,121.50651,3
500113008,20231107,924,43,40,1,25.02594,121.50651,2
500113008,20231107,925,43,40,1,25.02594,121.50651,2
500113008,20231107,926,43,40,1,25.02594,121.50651,2
500113008,20231107,927,43,40,1,25.02594,121.50651,2
500113008,20231107,928,43,40,1,25.02594,121.50651,2
500113008,20231107,929,43,40,1,25.02594,121.50651,2
500113008,20231107,930,43,40,1,25.02594,121.50651,2
500113008,20231107,931,43,40,1,25.02594,121.50651,2
500113008,20231107,932,43,39,1,25.02594,121.50651,3
500113008,20231107,933,43,39,1,25.02594,121.50651,3
500113008,20231107,934,43,39,1,25.02594,121.50651,3
500113008,20231107,935,43,39,1,25.02594,121.50651,3
500113008,20231107,936,43,38,1,25.02594,121.50651,4
500113008,20231107,937,43,39,1,25.02594,121.50651,3
500113008,20231107,938,43,40,1,25.02594,121.50651,2
500113008,20231107,939,43,40,1,25.02594,121.50651,2
500113008,20231107,940,43,41,1,25.02594,121.50651,1
500113008,20231107,941,43,41,1,25.02594,121.50651,1
500113008,20231107,942,43,41,1,25.02594,121.50651,1
500113008,20231107,943,43,41,1,25.02594,121.50651,1
500113008,20231107,944,43,42,1,25.02594,121.50651,0
500113008,20231107,945,43,42,1,25.02594,121.50651,0
500113008,20231107,946,43,42,1,25.02594,121.50651,0
500113008,20231107,947,43,42,1,25.02594,121.50651,0
500113008,20231107,948,43,42,1,25.02594,121.50651,0
500113008,20231107,949,43,41,1,25.02594,121.50651,1
500113008,20231107,950,43,41,1,25.02594,121.50651,1
500113008,20231107,951,43,41,1,25.02594,121.50651,1
500113008,20231107,952,43,41,1,25.02594,121.50651,1
500113008,20231107,953,43,41,1,25.02594,121.50651,1
500113008,20231107,954,43,41,1,25.02594,121.50651,1
500113008,20231107,955,43,41,1,25.02594,121.50651,1
500113008,20231107,956,43,41,1,25.02594,121.50651,1
500113008,20231107,957,43,40,1,25.02594,121.50651,2
500113008,20231107,958,43,41,1,25.02594,121.50651,1
500113008,20231107,959,43,41,1,25.02594,121.50651,1
500113008,20231107,961,43,41,1,25.02594,121.50651,1
500113008,20231107,962,43,41,1,25.02594,121.50651,1
500113008,20231107,963,43,40,1,25.02594,121.50651,2
500113008,20231107,964,43,39,1,25.02594,121.50651,3
500113008,20231107,965,43,39,1,25.02594,121.50651,3
500113008,20231107,966,43,39,1,25.02594,121.50651,3
500113008,20231107,967,43,37,1,25.02594,121.50651,5
500113008,20231107,968,43,37,1,25.02594,121.50651,5
500113008,20231107,969,43,37,1,25.02594,121.50651,5
500113008,20231107,970,43,37,1,25.02594,121.50651,5
500113008,20231107,971,43,36,1,25.02594,121.50651,6
500113008,20231107,972,43,36,1,25.02594,121.50651,6
500113008,20231107,973,43,36,1,25.02594,121.50651,6
500113008,20231107,974,43,36,1,25.02594,121.50651,6
500113008,20231107,975,43,36,1,25.02594,121.50651,6
500113008,20231107,976,43,36,1,25.02594,121.50651,6
500113008,20231107,977,43,36,1,25.02594,121.50651,6
500113008,20231107,978,43,35,1,25.02594,121.50651,7
500113008,20231107,979,43,35,1,25.02594,121.50651,7
500113008,20231107,981,43,33,1,25.02594,121.50651,9
500113008,20231107,982,43,33,1,25.02594,121.50651,9
500113008,20231107,983,43,33,1,25.02594,121.50651,9
500113008,20231107,984,43,33,1,25.02594,121.50651,9
500113008,20231107,985,43,34,1,25.02594,121.50651,8
500113008,20231107,986,43,34,1,25.02594,121.50651,8
500113008,20231107,987,43,34,1,25.02594,121.50651,8
500113008,20231107,988,43,34,1,25.02594,121.50651,8
500113008,20231107,989,43,33,1,25.02594,121.50651,9
500113008,20231107,991,43,33,1,25.02594,121.50651,9
500113008,20231107,992,43,33,1,25.02594,121.50651,9
500113008,20231107,993,43,32,1,25.02594,121.50651,10
500113008,20231107,994,43,32,1,25.02594,121.50651,10
500113008,20231107,995,43,32,1,25.02594,121.50651,10
500113008,20231107,996,43,32,1,25.02594,121.50651,10
500113008,20231107,997,43,32,1,25.02594,121.50651,10
500113008,20231107,998,43,33,1,25.02594,121.50651,9
500113008,20231107,999,43,33,1,25.02594,121.50651,9
500113008,20231107,1000,43,33,1,25.02594,121.50651,9
500113008,20231107,1001,43,33,1,25.02594,121.50651,9
500113008,20231107,1002,43,33,1,25.02594,121.50651,9
500113008,20231107,1003,43,33,1,25.02594,121.50651,9
500113008,20231107,1004,43,33,1,25.02594,121.50651,9
500113008,20231107,1005,43,33,1,25.02594,121.50651,9
500113008,20231107,1006,43,33,1,25.02594,121.50651,9
500113008,20231107,1007,43,33,1,25.02594,121.50651,9
500113008,20231107,1008,43,33,1,25.02594,121.50651,9
500113008,20231107,1009,43,33,1,25.02594,121.50651,9
500113008,20231107,1010,43,33,1,25.02594,121.50651,9
500113008,20231107,1011,43,33,1,25.02594,121.50651,9
500113008,20231107,1012,43,32,1,25.02594,121.50651,10
500113008,20231107,1013,43,32,1,25.02594,121.50651,10
500113008,20231107,1014,43,32,1,25.02594,121.50651,10
500113008,20231107,1015,43,32,1,25.02594,121.50651,10
500113008,20231107,1016,43,32,1,25.02594,121.50651,10
500113008,20231107,1017,43,32,1,25.02594,121.50651,10
500113008,20231107,1018,43,32,1,25.02594,121.50651,10
500113008,20231107,1019,43,32,1,25.02594,121.50651,10
500113008,20231107,1021,43,32,1,25.02594,121.50651,10
500113008,20231107,1022,43,32,1,25.02594,121.50651,10
500113008,20231107,1023,43,32,1,25.02594,121.50651,10
500113008,20231107,1024,43,32,1,25.02594,121.50651,10
500113008,20231107,1025,43,32,1,25.02594,121.50651,10
500113008,20231107,1026,43,32,1,25.02594,121.50651,10
500113008,20231107,1027,43,32,1,25.02594,121.50651,10
500113008,20231107,1028,43,32,1,25.02594,121.50651,10
500113008,20231107,1029,43,32,1,25.02594,121.50651,10
500113008,20231107,1030,43,30,1,25.02594,121.50651,12
500113008,20231107,1032,43,28,1,25.02594,121.50651,14
500113008,20231107,1033,43,28,1,25.02594,121.50651,14
500113008,20231107,1034,43,28,1,25.02594,121.50651,14
500113008,20231107,1036,43,28,1,25.02594,121.50651,14
500113008,20231107,1038,43,28,1,25.02594,121.50651,14
500113008,20231107,1039,43,27,1,25.02594,121.50651,15
500113008,20231107,1041,43,27,1,25.02594,121.50651,15
500113008,20231107,1042,43,27,1,25.02594,121.50651,15
500113008,20231107,1044,43,27,1,25.02594,121.50651,15
500113008,20231107,1046,43,27,1,25.02594,121.50651,15
500113008,20231107,1047,43,27,1,25.02594,121.50651,15
500113008,20231107,1048,43,27,1,25.02594,121.50651,15
500113008,20231107,1049,43,27,1,25.02594,121.50651,15
500113008,20231107,1051,43,26,1,25.02594,121.50651,16
500113008,20231107,1052,43,25,1,25.02594,121.50651,17
500113008,20231107,1053,43,24,1,25.02594,121.50651,18
500113008,20231107,1054,43,24,1,25.02594,121.50651,18
500113008,20231107,1055,43,25,1,25.02594,121.50651,17
500113008,20231107,1057,43,24,1,25.02594,121.50651,18
500113008,20231107,1058,43,24,1,25.02594,121.50651,18
500113008,20231107,1059,43,25,1,25.02594,121.50651,17
500113008,20231107,1061,43,26,1,25.02594,121.50651,16
500113008,20231107,1062,43,26,1,25.02594,121.50651,16
500113008,20231107,1063,43,26,1,25.02594,121.50651,16
500113008,20231107,1064,43,26,1,25.02594,121.50651,16
500113008,20231107,1065,43,28,1,25.02594,121.50651,14
500113008,20231107,1066,43,29,1,25.02594,121.50651,13
500113008,20231107,1067,43,28,1,25.02594,121.50651,14
500113008,20231107,1068,43,28,1,25.02594,121.50651,14
500113008,20231107,1069,43,28,1,25.02594,121.50651,14
500113008,20231107,1071,43,28,1,25.02594,121.50651,14
500113008,20231107,1072,43,28,1,25.02594,121.50651,14
500113008,20231107,1073,43,31,1,25.02594,121.50651,11
500113008,20231107,1074,43,31,1,25.02594,121.50651,11
500113008,20231107,1075,43,31,1,25.02594,121.50651,11
500113008,20231107,1076,43,32,1,25.02594,121.50651,10
500113008,20231107,1077,43,32,1,25.02594,121.50651,10
500113008,20231107,1078,43,31,1,25.02594,121.50651,11
500113008,20231107,1079,43,31,1,25.02594,121.50651,11
500113008,20231107,1081,43,30,1,25.02594,121.50651,12
500113008,20231107,1082,43,30,1,25.02594,121.50651,12
500113008,20231107,1083,43,30,1,25.02594,121.50651,12
500113008,20231107,1084,43,29,1,25.02594,121.50651,13
500113008,20231107,1085,43,29,1,25.02594,121.50651,13
500113008,20231107,1086,43,29,1,25.02594,121.50651,13
500113008,20231107,1087,43,28,1,25.02594,121.50651,14
500113008,20231107,1088,43,28,1,25.02594,121.50651,14
500113008,20231107,1089,43,28,1,25.02594,121.50651,14
500113008,20231107,1091,43,27,1,25.02594,121.50651,15
500113008,20231107,1092,43,27,1,25.02594,121.50651,15
500113008,20231107,1093,43,27,1,25.02594,121.50651,15
500113008,20231107,1094,43,26,1,25.02594,121.50651,16
500113008,20231107,1095,43,26,1,25.02594,121.50651,16
500113008,20231107,1096,43,26,1,25.02594,121.50651,16
500113008,20231107,1097,43,25,1,25.02594,121.50651,17
500113008,20231107,1098,43,25,1,25.02594,121.50651,17
500113008,20231107,1099,43,24,1,25.02594,121.50651,18
500113008,20231107,1101,43,25,1,25.02594,121.50651,17
500113008,20231107,1102,43,26,1,25.02594,121.50651,16
500113008,20231107,1103,43,26,1,25.02594,121.50651,16
500113008,20231107,1104,43,26,1,25.02594,121.50651,16
500113008,20231107,1105,43,26,1,25.02594,121.50651,16
500113008,20231107,1106,43,26,1,25.02594,121.50651,16
500113008,20231107,1107,43,25,1,25.02594,121.50651,17
500113008,20231107,1108,43,25,1,25.02594,121.50651,17
500113008,20231107,1109,43,25,1,25.02594,121.50651,17
500113008,20231107,1111,43,25,1,25.02594,121.50651,17
500113008,20231107,1112,43,23,1,25.02594,121.50651,19
500113008,20231107,1113,43,24,1,25.02594,121.50651,18
500113008,20231107,1114,43,24,1,25.02594,121.50651,18
500113008,20231107,1115,43,24,1,25.02594,121.50651,18
500113008,20231107,1116,43,24,1,25.02594,121.50651,18
500113008,20231107,1117,43,24,1,25.02594,121.50651,18
500113008,20231107,1118,43,24,1,25.02594,121.50651,18
500113008,20231107,1119,43,24,1,25.02594,121.50651,18
500113008,20231107,1120,43,24,1,25.02594,121.50651,18
500113008,20231107,1121,43,24,1,25.02594,121.50651,18
500113008,20231107,1122,43,23,1,25.02594,121.50651,19
500113008,20231107,1123,43,23,1,25.02594,121.50651,19
500113008,20231107,1124,43,24,1,25.02594,121.50651,18
500113008,20231107,1125,43,24,1,25.02594,121.50651,18
500113008,20231107,1126,43,24,1,25.02594,121.50651,18
500113008,20231107,1127,43,24,1,25.02594,121.50651,18
500113008,20231107,1128,43,24,1,25.02594,121.50651,18
500113008,20231107,1129,43,24,1,25.02594,121.50651,18
500113008,20231107,1130,43,24,1,25.02594,121.50651,18
500113008,20231107,1131,43,24,1,25.02594,121.50651,18
500113008,20231107,1132,43,23,1,25.02594,121.50651,19
500113008,20231107,1133,43,22,1,25.02594,121.50651,20
500113008,20231107,1134,43,22,1,25.02594,121.50651,20
500113008,20231107,1135,43,22,1,25.02594,121.50651,20
500113008,20231107,1136,43,23,1,25.02594,121.50651,19
500113008,20231107,1137,43,22,1,25.02594,121.50651,20
500113008,20231107,1138,43,23,1,25.02594,121.50651,19
500113008,20231107,1139,43,23,1,25.02594,121.50651,19
500113008,20231107,1141,43,22,1,25.02594,121.50651,20
500113008,20231107,1142,43,24,1,25.02594,121.50651,18
500113008,20231107,1143,43,24,1,25.02594,121.50651,18
500113008,20231107,1144,43,24,1,25.02594,121.50651,18
500113008,20231107,1145,43,24,1,25.02594,121.50651,18
500113008,20231107,1146,43,24,1,25.02594,121.50651,18
500113008,20231107,1147,43,24,1,25.02594,121.50651,18
500113008,20231107,1148,43,24,1,25.02594,121.50651,18
500113008,20231107,1149,43,22,1,25.02594,121.50651,20
500113008,20231107,1150,43,22,1,25.02594,121.50651,20
500113008,20231107,1151,43,22,1,25.02594,121.50651,20
500113008,20231107,1152,43,21,1,25.02594,121.50651,21
500113008,20231107,1153,43,21,1,25.02594,121.50651,21
500113008,20231107,1154,43,22,1,25.02594,121.50651,20
500113008,20231107,1155,43,21,1,25.02594,121.50651,21
500113008,20231107,1156,43,21,1,25.02594,121.50651,21
500113008,20231107,1157,43,21,1,25.02594,121.50651,21
500113008,20231107,1158,43,21,1,25.02594,121.50651,21
500113008,20231107,1159,43,21,1,25.02594,121.50651,21
500113008,20231107,1161,43,22,1,25.02594,121.50651,20
500113008,20231107,1162,43,22,1,25.02594,121.50651,20
500113008,20231107,1163,43,22,1,25.02594,121.50651,20
500113008,20231107,1164,43,22,1,25.02594,121.50651,20
500113008,20231107,1165,43,23,1,25.02594,121.50651,19
500113008,20231107,1166,43,23,1,25.02594,121.50651,19
500113008,20231107,1167,43,23,1,25.02594,121.50651,19
500113008,20231107,1168,43,23,1,25.02594,121.50651,19
500113008,20231107,1169,43,23,1,25.02594,121.50651,19
500113008,20231107,1171,43,23,1,25.02594,121.50651,19
500113008,20231107,1172,43,23,1,25.02594,121.50651,19
500113008,20231107,1173,43,23,1,25.02594,121.50651,19
500113008,20231107,1174,43,22,1,25.02594,121.50651,20
500113008,20231107,1175,43,21,1,25.02594,121.50651,21
500113008,20231107,1176,43,21,1,25.02594,121.50651,21
500113008,20231107,1177,43,21,1,25.02594,121.50651,21
500113008,20231107,1178,43,21,1,25.02594,121.50651,21
500113008,20231107,1179,43,21,1,25.02594,121.50651,21
500113008,20231107,1180,43,21,1,25.02594,121.50651,21
500113008,20231107,1181,43,20,1,25.02594,121.50651,22
500113008,20231107,1182,43,20,1,25.02594,121.50651,22
500113008,20231107,1183,43,20,1,25.02594,121.50651,22
500113008,20231107,1184,43,20,1,25.02594,121.50651,22
500113008,20231107,1185,43,20,1,25.02594,121.50651,22
500113008,20231107,1186,43,20,1,25.02594,121.50651,22
500113008,20231107,1187,43,19,1,25.02594,121.50651,23
500113008,20231107,1188,43,19,1,25.02594,121.50651,23
500113008,20231107,1189,43,19,1,25.02594,121.50651,23
500113008,20231107,1190,43,21,1,25.02594,121.50651,21
500113008,20231107,1191,43,22,1,25.02594,121.50651,20
500113008,20231107,1192,43,22,1,25.02594,121.50651,20
500113008,20231107,1193,43,22,1,25.02594,121.50651,20
500113008,20231107,1194,43,20,1,25.02594,121.50651,22
500113008,20231107,1195,43,20,1,25.02594,121.50651,22
500113008,20231107,1196,43,20,1,25.02594,121.50651,22
500113008,20231107,1197,43,21,1,25.02594,121.50651,21
500113008,20231107,1198,43,22,1,25.02594,121.50651,20
500113008,20231107,1199,43,22,1,25.02594,121.50651,20
500113008,20231107,1201,43,22,1,25.02594,121.50651,20
500113008,20231107,1202,43,22,1,25.02594,121.50651,20
500113008,20231107,1203,43,22,1,25.02594,121.50651,20
500113008,20231107,1204,43,22,1,25.02594,121.50651,20
500113008,20231107,1205,43,23,1,25.02594,121.50651,19
500113008,20231107,1206,43,23,1,25.02594,121.50651,19
500113008,20231107,1207,43,23,1,25.02594,121.50651,19
500113008,20231107,1208,43,23,1,25.02594,121.50651,19
500113008,20231107,1209,43,23,1,25.02594,121.50651,19
500113008,20231107,1210,43,22,1,25.02594,121.50651,20
500113008,20231107,1211,43,22,1,25.02594,121.50651,20
500113008,20231107,1212,43,22,1,25.02594,121.50651,20
500113008,20231107,1213,43,22,1,25.02594,121.50651,20
500113008,20231107,1214,43,22,1,25.02594,121.50651,20
500113008,20231107,1215,43,22,1,25.02594,121.50651,20
500113008,20231107,1216,43,22,1,25.02594,121.50651,20
500113008,20231107,1217,43,22,1,25.02594,121.50651,20
500113008,20231107,1218,43,21,1,25.02594,121.50651,21
500113008,20231107,1219,43,21,1,25.02594,121.50651,21
500113008,20231107,1221,43,21,1,25.02594,121.50651,21
500113008,20231107,1222,43,21,1,25.02594,121.50651,21
500113008,20231107,1223,43,21,1,25.02594,121.50651,21
500113008,20231107,1224,43,21,1,25.02594,121.50651,21
500113008,20231107,1225,43,21,1,25.02594,121.50651,21
500113008,20231107,1226,43,21,1,25.02594,121.50651,21
500113008,20231107,1227,43,21,1,25.02594,121.50651,21
500113008,20231107,1228,43,21,1,25.02594,121.50651,21
500113008,20231107,1229,43,21,1,25.02594,121.50651,21
500113008,20231107,1231,43,21,1,25.02594,121.50651,21
500113008,20231107,1232,43,22,1,25.02594,121.50651,20
500113008,20231107,1233,43,22,1,25.02594,121.50651,20
500113008,20231107,1234,43,23,1,25.02594,121.50651,19
500113008,20231107,1235,43,23,1,25.02594,121.50651,19
500113008,20231107,1236,43,23,1,25.02594,121.50651,19
500113008,20231107,1237,43,23,1,25.02594,121.50651,19
500113008,20231107,1238,43,24,1,25.02594,121.50651,18
500113008,20231107,1239,43,24,1,25.02594,121.50651,18
500113008,20231107,1240,43,24,1,25.02594,121.50651,18
500113008,20231107,1241,43,24,1,25.02594,121.50651,18
500113008,20231107,1242,43,24,1,25.02594,121.50651,18
500113008,20231107,1243,43,26,1,25.02594,121.50651,16
500113008,20231107,1244,43,26,1,25.02594,121.50651,16
500113008,20231107,1245,43,26,1,25.02594,121.50651,16
500113008,20231107,1246,43,26,1,25.02594,121.50651,16
500113008,20231107,1247,43,25,1,25.02594,121.50651,17
500113008,20231107,1248,43,25,1,25.02594,121.50651,17
500113008,20231107,1249,43,25,1,25.02594,121.50651,17
500113008,20231107,1250,43,25,1,25.02594,121.50651,17
500113008,20231107,1251,43,25,1,25.02594,121.50651,17
500113008,20231107,1252,43,25,1,25.02594,121.50651,17
500113008,20231107,1253,43,25,1,25.02594,121.50651,17
500113008,20231107,1254,43,25,1,25.02594,121.50651,17
500113008,20231107,1255,43,25,1,25.02594,121.50651,17
500113008,20231107,1256,43,24,1,25.02594,121.50651,18
500113008,20231107,1257,43,21,1,25.02594,121.50651,21
500113008,20231107,1258,43,22,1,25.02594,121.50651,20
500113008,20231107,1259,43,22,1,25.02594,121.50651,20
500113008,20231107,1261,43,21,1,25.02594,121.50651,21
500113008,20231107,1262,43,21,1,25.02594,121.50651,21
500113008,20231107,1263,43,21,1,25.02594,121.50651,21
500113008,20231107,1264,43,21,1,25.02594,121.50651,21
500113008,20231107,1265,43,21,1,25.02594,121.50651,21
500113008,20231107,1266,43,21,1,25.02594,121.50651,21
500113008,20231107,1267,43,21,1,25.02594,121.50651,21
500113008,20231107,1268,43,21,1,25.02594,121.50651,21
500113008,20231107,1269,43,21,1,25.02594,121.50651,21
500113008,20231107,1270,43,21,1,25.02594,121.50651,21
500113008,20231107,1271,43,22,1,25.02594,121.50651,20
500113008,20231107,1272,43,22,1,25.02594,121.50651,20
500113008,20231107,1273,43,22,1,25.02594,121.50651,20
500113008,20231107,1274,43,22,1,25.02594,121.50651,20
500113008,20231107,1275,43,23,1,25.02594,121.50651,19
500113008,20231107,1276,43,23,1,25.02594,121.50651,19
500113008,20231107,1277,43,23,1,25.02594,121.50651,19
500113008,20231107,1278,43,23,1,25.02594,121.50651,19
500113008,20231107,1279,43,22,1,25.02594,121.50651,20
500113008,20231107,1281,43,23,1,25.02594,121.50651,19
500113008,20231107,1282,43,23,1,25.02594,121.50651,19
500113008,20231107,1283,43,23,1,25.02594,121.50651,19
500113008,20231107,1284,43,23,1,25.02594,121.50651,19
500113008,20231107,1285,43,23,1,25.02594,121.50651,19
500113008,20231107,1286,43,23,1,25.02594,121.50651,19
500113008,20231107,1287,43,23,1,25.02594,121.50651,19
500113008,20231107,1288,43,23,1,25.02594,121.50651,19
500113008,20231107,1289,43,22,1,25.02594,121.50651,20
500113008,20231107,1291,43,22,1,25.02594,121.50651,20
500113008,20231107,1292,43,22,1,25.02594,121.50651,20
500113008,20231107,1293,43,22,1,25.02594,121.50651,20
500113008,20231107,1294,43,22,1,25.02594,121.50651,20
500113008,20231107,1295,43,22,1,25.02594,121.50651,20
500113008,20231107,1296,43,22,1,25.02594,121.50651,20
500113008,20231107,1297,43,22,1,25.02594,121.50651,20
500113008,20231107,1298,43,22,1,25.02594,121.50651,20
500113008,20231107,1299,43,22,1,25.02594,121.50651,20
500113008,20231107,1300,43,22,1,25.02594,121.50651,20
500113008,20231107,1301,43,22,1,25.02594,121.50651,20
500113008,20231107,1302,43,22,1,25.02594,121.50651,20
500113008,20231107,1303,43,22,1,25.02594,121.50651,20
500113008,20231107,1304,43,22,1,25.02594,121.50651,20
500113008,20231107,1305,43,23,1,25.02594,121.50651,19
500113008,20231107,1306,43,22,1,25.02594,121.50651,20
500113008,20231107,1307,43,22,1,25.02594,121.50651,20
500113008,20231107,1308,43,23,1,25.02594,121.50651,19
500113008,20231107,1309,43,23,1,25.02594,121.50651,19
500113008,20231107,1310,43,23,1,25.02594,121.50651,19
500113008,20231107,1311,43,23,1,25.02594,121.50651,19
500113008,20231107,1312,43,23,1,25.02594,121.50651,19
500113008,20231107,1313,43,23,1,25.02594,121.50651,19
500113008,20231107,1314,43,23,1,25.02594,121.50651,19
500113008,20231107,1315,43,23,1,25.02594,121.50651,19
500113008,20231107,1316,43,25,1,25.02594,121.50651,17
500113008,20231107,1317,43,25,1,25.02594,121.50651,17
500113008,20231107,1318,43,25,1,25.02594,121.50651,17
500113008,20231107,1319,43,25,1,25.02594,121.50651,17
500113008,20231107,1321,43,25,1,25.02594,121.50651,17
500113008,20231107,1322,43,25,1,25.02594,121.50651,17
500113008,20231107,1323,43,24,1,25.02594,121.50651,18
500113008,20231107,1324,43,24,1,25.02594,121.50651,18
500113008,20231107,1325,43,23,1,25.02594,121.50651,19
500113008,20231107,1326,43,23,1,25.02594,121.50651,19
500113008,20231107,1327,43,24,1,25.02594,121.50651,18
500113008,20231107,1328,43,23,1,25.02594,121.50651,19
500113008,20231107,1329,43,23,1,25.02594,121.50651,19
500113008,20231107,1330,43,23,1,25.02594,121.50651,19
500113008,20231107,1331,43,23,1,25.02594,121.50651,19
500113008,20231107,1332,43,23,1,25.02594,121.50651,19
500113008,20231107,1333,43,23,1,25.02594,121.50651,19
500113008,20231107,1334,43,23,1,25.02594,121.50651,19
500113008,20231107,1335,43,22,1,25.02594,121.50651,20
500113008,20231107,1336,43,22,1,25.02594,121.50651,20
500113008,20231107,1337,43,22,1,25.02594,121.50651,20
500113008,20231107,1338,43,22,1,25.02594,121.50651,20
500113008,20231107,1339,43,22,1,25.02594,121.50651,20
500113008,20231107,1341,43,22,1,25.02594,121.50651,20
500113008,20231107,1342,43,22,1,25.02594,121.50651,20
500113008,20231107,1343,43,22,1,25.02594,121.50651,20
500113008,20231107,1344,43,22,1,25.02594,121.50651,20
500113008,20231107,1345,43,22,1,25.02594,121.50651,20
500113008,20231107,1346,43,22,1,25.02594,121.50651,20
500113008,20231107,1347,43,23,1,25.02594,121.50651,19
500113008,20231107,1348,43,22,1,25.02594,121.50651,20
500113008,20231107,1349,43,22,1,25.02594,121.50651,20
500113008,20231107,1350,43,22,1,25.02594,121.50651,20
500113008,20231107,1351,43,22,1,25.02594,121.50651,20
500113008,20231107,1352,43,22,1,25.02594,121.50651,20
500113008,20231107,1353,43,22,1,25.02594,121.50651,20
500113008,20231107,1354,43,22,1,25.02594,121.50651,20
500113008,20231107,1355,43,22,1,25.02594,121.50651,20
500113008,20231107,1356,43,22,1,25.02594,121.50651,20
500113008,20231107,1357,43,22,1,25.02594,121.50651,20
500113008,20231107,1358,43,22,1,25.02594,121.50651,20
500113008,20231107,1359,43,24,1,25.02594,121.50651,18
500113008,20231107,1360,43,24,1,25.02594,121.50651,18
500113008,20231107,1361,43,24,1,25.02594,121.50651,18
500113008,20231107,1362,43,24,1,25.02594,121.50651,18
500113008,20231107,1363,43,24,1,25.02594,121.50651,18
500113008,20231107,1364,43,24,1,25.02594,121.50651,18
500113008,20231107,1365,43,24,1,25.02594,121.50651,18
500113008,20231107,1366,43,24,1,25.02594,121.50651,18
500113008,20231107,1367,43,24,1,25.02594,121.50651,18
500113008,20231107,1368,43,24,1,25.02594,121.50651,18
500113008,20231107,1369,43,24,1,25.02594,121.50651,18
500113008,20231107,1370,43,24,1,25.02594,121.50651,18
500113008,20231107,1371,43,24,1,25.02594,121.50651,18
500113008,20231107,1372,43,24,1,25.02594,121.50651,18
500113008,20231107,1373,43,24,1,25.02594,121.50651,18
500113008,20231107,1374,43,24,1,25.02594,121.50651,18
500113008,20231107,1375,43,24,1,25.02594,121.50651,18
500113008,20231107,1376,43,24,1,25.02594,121.50651,18
500113008,20231107,1377,43,24,1,25.02594,121.50651,18
500113008,20231107,1378,43,24,1,25.02594,121.50651,18
500113008,20231107,1379,43,25,1,25.02594,121.50651,17
500113008,20231107,1381,43,25,1,25.02594,121.50651,17
500113008,20231107,1382,43,25,1,25.02594,121.50651,17
500113008,20231107,1383,43,25,1,25.02594,121.50651,17
500113008,20231107,1384,43,25,1,25.02594,121.50651,17
500113008,20231107,1385,43,25,1,25.02594,121.50651,17
500113008,20231107,1386,43,25,1,25.02594,121.50651,17
500113008,20231107,1387,43,25,1,25.02594,121.50651,17
500113008,20231107,1388,43,25,1,25.02594,121.50651,17
500113008,20231107,1389,43,25,1,25.02594,121.50651,17
500113008,20231107,1390,43,25,1,25.02594,121.50651,17
500113008,20231107,1391,43,25,1,25.02594,121.50651,17
500113008,20231107,1392,43,25,1,25.02594,121.50651,17
500113008,20231107,1393,43,26,1,25.02594,121.50651,16
500113008,20231107,1394,43,26,1,25.02594,121.50651,16
500113008,20231107,1395,43,27,1,25.02594,121.50651,15
500113008,20231107,1396,43,27,1,25.02594,121.50651,15
500113008,20231107,1397,43,27,1,25.02594,121.50651,15
500113008,20231107,1398,43,27,1,25.02594,121.50651,15
500113008,20231107,1399,43,27,1,25.02594,121.50651,15
500113008,20231107,1401,43,27,1,25.02594,121.50651,15
500113008,20231107,1402,43,27,1,25.02594,121.50651,15
500113008,20231107,1403,43,27,1,25.02594,121.50651,15
500113008,20231107,1404,43,27,1,25.02594,121.50651,15
500113008,20231107,1405,43,26,1,25.02594,121.50651,16
500113008,20231107,1406,43,26,1,25.02594,121.50651,16
500113008,20231107,1407,43,26,1,25.02594,121.50651,16
500113008,20231107,1408,43,26,1,25.02594,121.50651,16
500113008,20231107,1409,43,26,1,25.02594,121.50651,16
500113008,20231107,1410,43,26,1,25.02594,121.50651,16
500113008,20231107,1411,43,26,1,25.02594,121.50651,16
500113008,20231107,1412,43,26,1,25.02594,121.50651,16
500113008,20231107,1413,43,26,1,25.02594,121.50651,16
500113008,20231107,1414,43,26,1,25.02594,121.50651,16
500113008,20231107,1415,43,26,1,25.02594,121.50651,16
500113008,20231107,1416,43,26,1,25.02594,121.50651,16
500113008,20231107,1417,43,26,1,25.02594,121.50651,16
500113008,20231107,1418,43,26,1,25.02594,121.50651,16
500113008,20231107,1419,43,26,1,25.02594,121.50651,16
500113008,20231107,1420,43,26,1,25.02594,121.50651,16
500113008,20231107,1421,43,26,1,25.02594,121.50651,16
500113008,20231107,1422,43,24,1,25.02594,121.50651,18
500113008,20231107,1423,43,24,1,25.02594,121.50651,18
500113008,20231107,1424,43,24,1,25.02594,121.50651,18
500113008,20231107,1425,43,22,1,25.02594,121.50651,20
500113008,20231107,1426,43,21,1,25.02594,121.50651,21
500113008,20231107,1427,43,21,1,25.02594,121.50651,21
500113008,20231107,1428,43,21,1,25.02594,121.50651,21
500113008,20231107,1429,43,21,1,25.02594,121.50651,21
500113008,20231107,1430,43,21,1,25.02594,121.50651,21
500113008,20231107,1431,43,21,1,25.02594,121.50651,21
500113008,20231107,1432,43,21,1,25.02594,121.50651,21
500113008,20231107,1433,43,21,1,25.02594,121.50651,21
500113008,20231107,1434,43,21,1,25.02594,121.50651,21
500113008,20231107,1435,43,21,1,25.02594,121.50651,21
500113008,20231107,1436,43,21,1,25.02594,121.50651,21
500113008,20231107,1437,43,21,1,25.02594,121.50651,21
500113008,20231107,1438,43,20,1,25.02594,121.50651,22
500113008,20231107,1439,43,20,1,25.02594,121.50651,22
500113008,20231108,0,43,20,1,25.02594,121.50651,22
500113008,20231108,1,43,19,1,25.02594,121.50651,23
500113008,20231108,2,43,19,1,25.02594,121.50651,23
500113008,20231108,3,43,19,1,25.02594,121.50651,23
500113008,20231108,4,43,19,1,25.02594,121.50651,23
500113008,20231108,5,43,19,1,25.02594,121.50651,23
500113008,20231108,6,43,19,1,25.02594,121.50651,23
500113008,20231108,7,43,19,1,25.02594,121.50651,23
500113008,20231108,8,43,19,1,25.02594,121.50651,23
500113008,20231108,9,43,19,1,25.02594,121.50651,23
500113008,20231108,10,43,19,1,25.02594,121.50651,23
500113008,20231108,11,43,19,1,25.02594,121.50651,23
500113008,20231108,12,43,19,1,25.02594,121.50651,23
500113008,20231108,13,43,19,1,25.02594,121.50651,23
500113008,20231108,14,43,20,1,25.02594,121.50651,22
500113008,20231108,15,43,20,1,25.02594,121.50651,22
500113008,20231108,16,43,20,1,25.02594,121.50651,22
500113008,20231108,17,43,20,1,25.02594,121.50651,22
500113008,20231108,18,43,20,1,25.02594,121.50651,22
500113008,20231108,19,43,20,1,25.02594,121.50651,22
500113008,20231108,21,43,20,1,25.02594,121.50651,22
500113008,20231108,22,43,20,1,25.02594,121.50651,22
500113008,20231108,23,43,20,1,25.02594,121.50651,22
500113008,20231108,24,43,20,1,25.02594,121.50651,22
500113008,20231108,25,43,20,1,25.02594,121.50651,22
500113008,20231108,26,43,20,1,25.02594,121.50651,22
500113008,20231108,27,43,20,1,25.02594,121.50651,22
500113008,20231108,28,43,20,1,25.02594,121.50651,22
500113008,20231108,29,43,20,1,25.02594,121.50651,22
500113008,20231108,30,43,20,1,25.02594,121.50651,22
500113008,20231108,31,43,20,1,25.02594,121.50651,22
500113008,20231108,32,43,20,1,25.02594,121.50651,22
500113008,20231108,33,43,20,1,25.02594,121.50651,22
500113008,20231108,34,43,20,1,25.02594,121.50651,22
500113008,20231108,35,43,19,1,25.02594,121.50651,23
500113008,20231108,36,43,19,1,25.02594,121.50651,23
500113008,20231108,37,43,19,1,25.02594,121.50651,23
500113008,20231108,38,43,19,1,25.02594,121.50651,23
500113008,20231108,39,43,19,1,25.02594,121.50651,23
500113008,20231108,40,43,19,1,25.02594,121.50651,23
500113008,20231108,41,43,19,1,25.02594,121.50651,23
500113008,20231108,42,43,19,1,25.02594,121.50651,23
500113008,20231108,43,43,19,1,25.02594,121.50651,23
500113008,20231108,44,43,19,1,25.02594,121.50651,23
500113008,20231108,45,43,19,1,25.02594,121.50651,23
500113008,20231108,46,43,19,1,25.02594,121.50651,23
500113008,20231108,47,43,19,1,25.02594,121.50651,23
500113008,20231108,48,43,19,1,25.02594,121.50651,23
500113008,20231108,49,43,19,1,25.02594,121.50651,23
500113008,20231108,50,43,19,1,25.02594,121.50651,23
500113008,20231108,51,43,19,1,25.02594,121.50651,23
500113008,20231108,52,43,19,1,25.02594,121.50651,23
500113008,20231108,53,43,19,1,25.02594,121.50651,23
500113008,20231108,54,43,19,1,25.02594,121.50651,23
500113008,20231108,55,43,19,1,25.02594,121.50651,23
500113008,20231108,56,43,19,1,25.02594,121.50651,23
500113008,20231108,57,43,19,1,25.02594,121.50651,23
500113008,20231108,58,43,19,1,25.02594,121.50651,23
500113008,20231108,59,43,19,1,25.02594,121.50651,23
500113008,20231108,60,43,19,1,25.02594,121.50651,23
500113008,20231108,61,43,19,1,25.02594,121.50651,23
500113008,20231108,62,43,19,1,25.02594,121.50651,23
500113008,20231108,64,43,19,1,25.02594,121.50651,23
500113008,20231108,65,43,19,1,25.02594,121.50651,23
500113008,20231108,66,43,19,1,25.02594,121.50651,23
500113008,20231108,67,43,19,1,25.02594,121.50651,23
500113008,20231108,68,43,19,1,25.02594,121.50651,23
500113008,20231108,69,43,19,1,25.02594,121.50651,23
500113008,20231108,71,43,19,1,25.02594,121.50651,23
500113008,20231108,72,43,19,1,25.02594,121.50651,23
500113008,20231108,73,43,19,1,25.02594,121.50651,23
500113008,20231108,74,43,19,1,25.02594,121.50651,23
500113008,20231108,75,43,19,1,25.02594,121.50651,23
500113008,20231108,76,43,19,1,25.02594,121.50651,23
500113008,20231108,77,43,19,1,25.02594,121.50651,23
500113008,20231108,78,43,19,1,25.02594,121.50651,23
500113008,20231108,79,43,19,1,25.02594,121.50651,23
500113008,20231108,81,43,19,1,25.02594,121.50651,23
500113008,20231108,83,43,19,1,25.02594,121.50651,23
500113008,20231108,84,43,19,1,25.02594,121.50651,23
500113008,20231108,85,43,19,1,25.02594,121.50651,23
500113008,20231108,86,43,19,1,25.02594,121.50651,23
500113008,20231108,87,43,19,1,25.02594,121.50651,23
500113008,20231108,88,43,19,1,25.02594,121.50651,23
500113008,20231108,89,43,19,1,25.02594,121.50651,23
500113008,20231108,91,43,19,1,25.02594,121.50651,23
500113008,20231108,92,43,19,1,25.02594,121.50651,23
500113008,20231108,93,43,19,1,25.02594,121.50651,23
500113008,20231108,94,43,19,1,25.02594,121.50651,23
500113008,20231108,95,43,19,1,25.02594,121.50651,23
500113008,20231108,96,43,19,1,25.02594,121.50651,23
500113008,20231108,97,43,19,1,25.02594,121.50651,23
500113008,20231108,98,43,19,1,25.02594,121.50651,23
500113008,20231108,99,43,19,1,25.02594,121.50651,23
500113008,20231108,101,43,19,1,25.02594,121.50651,23
500113008,20231108,102,43,19,1,25.02594,121.50651,23
500113008,20231108,103,43,19,1,25.02594,121.50651,23
500113008,20231108,104,43,19,1,25.02594,121.50651,23
500113008,20231108,105,43,19,1,25.02594,121.50651,23
500113008,20231108,106,43,19,1,25.02594,121.50651,23
500113008,20231108,107,43,19,1,25.02594,121.50651,23
500113008,20231108,108,43,19,1,25.02594,121.50651,23
500113008,20231108,109,43,19,1,25.02594,121.50651,23
500113008,20231108,111,43,19,1,25.02594,121.50651,23
500113008,20231108,112,43,19,1,25.02594,121.50651,23
500113008,20231108,113,43,19,1,25.02594,121.50651,23
500113008,20231108,114,43,19,1,25.02594,121.50651,23
500113008,20231108,115,43,19,1,25.02594,121.50651,23
500113008,20231108,116,43,19,1,25.02594,121.50651,23
500113008,20231108,117,43,19,1,25.02594,121.50651,23
500113008,20231108,118,43,19,1,25.02594,121.50651,23
500113008,20231108,119,43,19,1,25.02594,121.50651,23
500113008,20231108,121,43,19,1,25.02594,121.50651,23
500113008,20231108,122,43,19,1,25.02594,121.50651,23
500113008,20231108,123,43,19,1,25.02594,121.50651,23
500113008,20231108,124,43,19,1,25.02594,121.50651,23
500113008,20231108,125,43,19,1,25.02594,121.50651,23
500113008,20231108,126,43,19,1,25.02594,121.50651,23
500113008,20231108,127,43,19,1,25.02594,121.50651,23
500113008,20231108,128,43,19,1,25.02594,121.50651,23
500113008,20231108,129,43,19,1,25.02594,121.50651,23
500113008,20231108,131,43,19,1,25.02594,121.50651,23
500113008,20231108,132,43,19,1,25.02594,121.50651,23
500113008,20231108,133,43,19,1,25.02594,121.50651,23
500113008,20231108,134,43,19,1,25.02594,121.50651,23
500113008,20231108,135,43,19,1,25.02594,121.50651,23
500113008,20231108,136,43,19,1,25.02594,121.50651,23
500113008,20231108,137,43,19,1,25.02594,121.50651,23
500113008,20231108,139,43,19,1,25.02594,121.50651,23
500113008,20231108,141,43,19,1,25.02594,121.50651,23
500113008,20231108,142,43,19,1,25.02594,121.50651,23
500113008,20231108,143,43,19,1,25.02594,121.50651,23
500113008,20231108,144,43,19,1,25.02594,121.50651,23
500113008,20231108,145,43,19,1,25.02594,121.50651,23
500113008,20231108,146,43,19,1,25.02594,121.50651,23
500113008,20231108,147,43,19,1,25.02594,121.50651,23
500113008,20231108,148,43,19,1,25.02594,121.50651,23
500113008,20231108,149,43,19,1,25.02594,121.50651,23
500113008,20231108,150,43,19,1,25.02594,121.50651,23
500113008,20231108,152,43,19,1,25.02594,121.50651,23
500113008,20231108,153,43,19,1,25.02594,121.50651,23
500113008,20231108,155,43,19,1,25.02594,121.50651,23
500113008,20231108,156,43,19,1,25.02594,121.50651,23
500113008,20231108,157,43,19,1,25.02594,121.50651,23
500113008,20231108,158,43,19,1,25.02594,121.50651,23
500113008,20231108,159,43,19,1,25.02594,121.50651,23
500113008,20231108,161,43,19,1,25.02594,121.50651,23
500113008,20231108,162,43,19,1,25.02594,121.50651,23
500113008,20231108,163,43,19,1,25.02594,121.50651,23
500113008,20231108,164,43,19,1,25.02594,121.50651,23
500113008,20231108,165,43,19,1,25.02594,121.50651,23
500113008,20231108,166,43,19,1,25.02594,121.50651,23
500113008,20231108,167,43,19,1,25.02594,121.50651,23
500113008,20231108,168,43,19,1,25.02594,121.50651,23
500113008,20231108,169,43,18,1,25.02594,121.50651,24
500113008,20231108,171,43,18,1,25.02594,121.50651,24
500113008,20231108,172,43,18,1,25.02594,121.50651,24
500113008,20231108,173,43,18,1,25.02594,121.50651,24
500113008,20231108,174,43,18,1,25.02594,121.50651,24
500113008,20231108,175,43,18,1,25.02594,121.50651,24
500113008,20231108,176,43,18,1,25.02594,121.50651,24
500113008,20231108,177,43,18,1,25.02594,121.50651,24
500113008,20231108,178,43,18,1,25.02594,121.50651,24
500113008,20231108,179,43,18,1,25.02594,121.50651,24
500113008,20231108,181,43,18,1,25.02594,121.50651,24
500113008,20231108,182,43,18,1,25.02594,121.50651,24
500113008,20231108,183,43,18,1,25.02594,121.50651,24
500113008,20231108,184,43,18,1,25.02594,121.50651,24
500113008,20231108,185,43,18,1,25.02594,121.50651,24
500113008,20231108,186,43,18,1,25.02594,121.50651,24
500113008,20231108,187,43,18,1,25.02594,121.50651,24
500113008,20231108,188,43,18,1,25.02594,121.50651,24
500113008,20231108,189,43,18,1,25.02594,121.50651,24
500113008,20231108,191,43,18,1,25.02594,121.50651,24
500113008,20231108,192,43,18,1,25.02594,121.50651,24
500113008,20231108,193,43,18,1,25.02594,121.50651,24
500113008,20231108,194,43,18,1,25.02594,121.50651,24
500113008,20231108,195,43,18,1,25.02594,121.50651,24
500113008,20231108,196,43,18,1,25.02594,121.50651,24
500113008,20231108,197,43,18,1,25.02594,121.50651,24
500113008,20231108,198,43,18,1,25.02594,121.50651,24
500113008,20231108,199,43,18,1,25.02594,121.50651,24
500113008,20231108,201,43,18,1,25.02594,121.50651,24
500113008,20231108,202,43,18,1,25.02594,121.50651,24
500113008,20231108,203,43,18,1,25.02594,121.50651,24
500113008,20231108,204,43,18,1,25.02594,121.50651,24
500113008,20231108,205,43,18,1,25.02594,121.50651,24
500113008,20231108,206,43,18,1,25.02594,121.50651,24
500113008,20231108,207,43,18,1,25.02594,121.50651,24
500113008,20231108,208,43,18,1,25.02594,121.50651,24
500113008,20231108,209,43,18,1,25.02594,121.50651,24
500113008,20231108,210,43,18,1,25.02594,121.50651,24
500113008,20231108,211,43,18,1,25.02594,121.50651,24
500113008,20231108,212,43,18,1,25.02594,121.50651,24
500113008,20231108,213,43,18,1,25.02594,121.50651,24
500113008,20231108,214,43,18,1,25.02594,121.50651,24
500113008,20231108,215,43,18,1,25.02594,121.50651,24
500113008,20231108,216,43,18,1,25.02594,121.50651,24
500113008,20231108,217,43,18,1,25.02594,121.50651,24
500113008,20231108,218,43,18,1,25.02594,121.50651,24
500113008,20231108,219,43,18,1,25.02594,121.50651,24
500113008,20231108,220,43,18,1,25.02594,121.50651,24
500113008,20231108,221,43,18,1,25.02594,121.50651,24
500113008,20231108,222,43,18,1,25.02594,121.50651,24
500113008,20231108,223,43,18,1,25.02594,121.50651,24
500113008,20231108,224,43,18,1,25.02594,121.50651,24
500113008,20231108,225,43,18,1,25.02594,121.50651,24
500113008,20231108,226,43,18,1,25.02594,121.50651,24
500113008,20231108,227,43,18,1,25.02594,121.50651,24
500113008,20231108,228,43,18,1,25.02594,121.50651,24
500113008,20231108,229,43,18,1,25.02594,121.50651,24
500113008,20231108,230,43,18,1,25.02594,121.50651,24
500113008,20231108,231,43,18,1,25.02594,121.50651,24
500113008,20231108,232,43,18,1,25.02594,121.50651,24
500113008,20231108,233,43,18,1,25.02594,121.50651,24
500113008,20231108,234,43,18,1,25.02594,121.50651,24
500113008,20231108,235,43,18,1,25.02594,121.50651,24
500113008,20231108,236,43,18,1,25.02594,121.50651,24
500113008,20231108,237,43,18,1,25.02594,121.50651,24
500113008,20231108,238,43,18,1,25.02594,121.50651,24
500113008,20231108,239,43,18,1,25.02594,121.50651,24
500113008,20231108,241,43,18,1,25.02594,121.50651,24
500113008,20231108,242,43,18,1,25.02594,121.50651,24
500113008,20231108,243,43,18,1,25.02594,121.50651,24
500113008,20231108,244,43,18,1,25.02594,121.50651,24
500113008,20231108,245,43,18,1,25.02594,121.50651,24
500113008,20231108,246,43,18,1,25.02594,121.50651,24
500113008,20231108,247,43,18,1,25.02594,121.50651,24
500113008,20231108,248,43,18,1,25.02594,121.50651,24
500113008,20231108,249,43,18,1,25.02594,121.50651,24
500113008,20231108,250,43,18,1,25.02594,121.50651,24
500113008,20231108,251,43,18,1,25.02594,121.50651,24
500113008,20231108,252,43,18,1,25.02594,121.50651,24
500113008,20231108,253,43,18,1,25.02594,121.50651,24
500113008,20231108,254,43,18,1,25.02594,121.50651,24
500113008,20231108,255,43,18,1,25.02594,121.50651,24
500113008,20231108,256,43,18,1,25.02594,121.50651,24
500113008,20231108,257,43,18,1,25.02594,121.50651,24
500113008,20231108,258,43,18,1,25.02594,121.50651,24
500113008,20231108,259,43,19,1,25.02594,121.50651,23
500113008,20231108,261,43,19,1,25.02594,121.50651,23
500113008,20231108,262,43,19,1,25.02594,121.50651,23
500113008,20231108,263,43,19,1,25.02594,121.50651,23
500113008,20231108,264,43,19,1,25.02594,121.50651,23
500113008,20231108,265,43,19,1,25.02594,121.50651,23
500113008,20231108,266,43,19,1,25.02594,121.50651,23
500113008,20231108,267,43,19,1,25.02594,121.50651,23
500113008,20231108,268,43,19,1,25.02594,121.50651,23
500113008,20231108,269,43,19,1,25.02594,121.50651,23
500113008,20231108,270,43,19,1,25.02594,121.50651,23
500113008,20231108,271,43,19,1,25.02594,121.50651,23
500113008,20231108,272,43,19,1,25.02594,121.50651,23
500113008,20231108,273,43,19,1,25.02594,121.50651,23
500113008,20231108,274,43,19,1,25.02594,121.50651,23
500113008,20231108,275,43,19,1,25.02594,121.50651,23
500113008,20231108,276,43,19,1,25.02594,121.50651,23
500113008,20231108,277,43,19,1,25.02594,121.50651,23
500113008,20231108,278,43,19,1,25.02594,121.50651,23
500113008,20231108,279,43,19,1,25.02594,121.50651,23
500113008,20231108,280,43,19,1,25.02594,121.50651,23
500113008,20231108,281,43,19,1,25.02594,121.50651,23
500113008,20231108,282,43,19,1,25.02594,121.50651,23
500113008,20231108,283,43,19,1,25.02594,121.50651,23
500113008,20231108,284,43,19,1,25.02594,121.50651,23
500113008,20231108,285,43,19,1,25.02594,121.50651,23
500113008,20231108,286,43,19,1,25.02594,121.50651,23
500113008,20231108,287,43,19,1,25.02594,121.50651,23
500113008,20231108,288,43,19,1,25.02594,121.50651,23
500113008,20231108,289,43,19,1,25.02594,121.50651,23
500113008,20231108,291,43,19,1,25.02594,121.50651,23
500113008,20231108,292,43,19,1,25.02594,121.50651,23
500113008,20231108,293,43,19,1,25.02594,121.50651,23
500113008,20231108,294,43,19,1,25.02594,121.50651,23
500113008,20231108,295,43,19,1,25.02594,121.50651,23
500113008,20231108,296,43,19,1,25.02594,121.50651,23
500113008,20231108,297,43,19,1,25.02594,121.50651,23
500113008,20231108,298,43,19,1,25.02594,121.50651,23
500113008,20231108,299,43,19,1,25.02594,121.50651,23
500113008,20231108,301,43,19,1,25.02594,121.50651,23
500113008,20231108,302,43,19,1,25.02594,121.50651,23
500113008,20231108,303,43,19,1,25.02594,121.50651,23
500113008,20231108,304,43,19,1,25.02594,121.50651,23
500113008,20231108,305,43,19,1,25.02594,121.50651,23
500113008,20231108,306,43,19,1,25.02594,121.50651,23
500113008,20231108,307,43,19,1,25.02594,121.50651,23
500113008,20231108,308,43,19,1,25.02594,121.50651,23
500113008,20231108,309,43,19,1,25.02594,121.50651,23
500113008,20231108,310,43,19,1,25.02594,121.50651,23
500113008,20231108,311,43,19,1,25.02594,121.50651,23
500113008,20231108,312,43,19,1,25.02594,121.50651,23
500113008,20231108,313,43,19,1,25.02594,121.50651,23
500113008,20231108,314,43,19,1,25.02594,121.50651,23
500113008,20231108,315,43,19,1,25.02594,121.50651,23
500113008,20231108,316,43,18,1,25.02594,121.50651,24
500113008,20231108,317,43,18,1,25.02594,121.50651,24
500113008,20231108,318,43,18,1,25.02594,121.50651,24
500113008,20231108,319,43,18,1,25.02594,121.50651,24
500113008,20231108,321,43,17,1,25.02594,121.50651,25
500113008,20231108,322,43,17,1,25.02594,121.50651,25
500113008,20231108,323,43,17,1,25.02594,121.50651,25
500113008,20231108,324,43,17,1,25.02594,121.50651,25
500113008,20231108,325,43,17,1,25.02594,121.50651,25
500113008,20231108,326,43,17,1,25.02594,121.50651,25
500113008,20231108,327,43,17,1,25.02594,121.50651,25
500113008,20231108,328,43,17,1,25.02594,121.50651,25
500113008,20231108,329,43,17,1,25.02594,121.50651,25
500113008,20231108,330,43,17,1,25.02594,121.50651,25
500113008,20231108,331,43,17,1,25.02594,121.50651,25
500113008,20231108,332,43,17,1,25.02594,121.50651,25
500113008,20231108,333,43,17,1,25.02594,121.50651,25
500113008,20231108,334,43,17,1,25.02594,121.50651,25
500113008,20231108,335,43,17,1,25.02594,121.50651,25
500113008,20231108,336,43,17,1,25.02594,121.50651,25
500113008,20231108,337,43,17,1,25.02594,121.50651,25
500113008,20231108,338,43,17,1,25.02594,121.50651,25
500113008,20231108,339,43,17,1,25.02594,121.50651,25
500113008,20231108,340,43,17,1,25.02594,121.50651,25
500113008,20231108,341,43,17,1,25.02594,121.50651,25
500113008,20231108,342,43,17,1,25.02594,121.50651,25
500113008,20231108,343,43,17,1,25.02594,121.50651,25
500113008,20231108,344,43,17,1,25.02594,121.50651,25
500113008,20231108,345,43,17,1,25.02594,121.50651,25
500113008,20231108,346,43,17,1,25.02594,121.50651,25
500113008,20231108,347,43,17,1,25.02594,121.50651,25
500113008,20231108,348,43,17,1,25.02594,121.50651,25
500113008,20231108,349,43,17,1,25.02594,121.50651,25
500113008,20231108,350,43,17,1,25.02594,121.50651,25
500113008,20231108,351,43,17,1,25.02594,121.50651,25
500113008,20231108,352,43,17,1,25.02594,121.50651,25
500113008,20231108,353,43,17,1,25.02594,121.50651,25
500113008,20231108,354,43,17,1,25.02594,121.50651,25
500113008,20231108,355,43,17,1,25.02594,121.50651,25
500113008,20231108,356,43,17,1,25.02594,121.50651,25
500113008,20231108,357,43,17,1,25.02594,121.50651,25
500113008,20231108,358,43,17,1,25.02594,121.50651,25
500113008,20231108,359,43,17,1,25.02594,121.50651,25
500113008,20231108,360,43,17,1,25.02594,121.50651,25
500113008,20231108,361,43,17,1,25.02594,121.50651,25
500113008,20231108,362,43,17,1,25.02594,121.50651,25
500113008,20231108,363,43,17,1,25.02594,121.50651,25
500113008,20231108,364,43,17,1,25.02594,121.50651,25
500113008,20231108,365,43,17,1,25.02594,121.50651,25
500113008,20231108,366,43,17,1,25.02594,121.50651,25
500113008,20231108,367,43,17,1,25.02594,121.50651,25
500113008,20231108,368,43,17,1,25.02594,121.50651,25
500113008,20231108,369,43,17,1,25.02594,121.50651,25
500113008,20231108,370,43,17,1,25.02594,121.50651,25
500113008,20231108,371,43,18,1,25.02594,121.50651,24
500113008,20231108,372,43,19,1,25.02594,121.50651,23
500113008,20231108,373,43,19,1,25.02594,121.50651,23
500113008,20231108,374,43,19,1,25.02594,121.50651,23
500113008,20231108,375,43,19,1,25.02594,121.50651,23
500113008,20231108,376,43,19,1,25.02594,121.50651,23
500113008,20231108,377,43,19,1,25.02594,121.50651,23
500113008,20231108,378,43,18,1,25.02594,121.50651,24
500113008,20231108,379,43,19,1,25.02594,121.50651,23
500113008,20231108,381,43,19,1,25.02594,121.50651,23
500113008,20231108,382,43,19,1,25.02594,121.50651,23
500113008,20231108,383,43,20,1,25.02594,121.50651,22
500113008,20231108,384,43,20,1,25.02594,121.50651,22
500113008,20231108,385,43,20,1,25.02594,121.50651,22
500113008,20231108,386,43,20,1,25.02594,121.50651,22
500113008,20231108,387,43,20,1,25.02594,121.50651,22
500113008,20231108,388,43,20,1,25.02594,121.50651,22
500113008,20231108,389,43,20,1,25.02594,121.50651,22
500113008,20231108,390,43,20,1,25.02594,121.50651,22
500113008,20231108,391,43,20,1,25.02594,121.50651,22
500113008,20231108,392,43,20,1,25.02594,121.50651,22
500113008,20231108,393,43,20,1,25.02594,121.50651,22
500113008,20231108,394,43,20,1,25.02594,121.50651,22
500113008,20231108,395,43,20,1,25.02594,121.50651,22
500113008,20231108,396,43,20,1,25.02594,121.50651,22
500113008,20231108,397,43,20,1,25.02594,121.50651,22
500113008,20231108,398,43,20,1,25.02594,121.50651,22
500113008,20231108,399,43,20,1,25.02594,121.50651,22
500113008,20231108,400,43,20,1,25.02594,121.50651,22
500113008,20231108,401,43,20,1,25.02594,121.50651,22
500113008,20231108,402,43,21,1,25.02594,121.50651,21
500113008,20231108,403,43,21,1,25.02594,121.50651,21
500113008,20231108,404,43,21,1,25.02594,121.50651,21
500113008,20231108,405,43,21,1,25.02594,121.50651,21
500113008,20231108,406,43,20,1,25.02594,121.50651,22
500113008,20231108,407,43,20,1,25.02594,121.50651,22
500113008,20231108,408,43,20,1,25.02594,121.50651,22
500113008,20231108,409,43,20,1,25.02594,121.50651,22
500113008,20231108,410,43,20,1,25.02594,121.50651,22
500113008,20231108,411,43,20,1,25.02594,121.50651,22
500113008,20231108,412,43,21,1,25.02594,121.50651,21
500113008,20231108,413,43,21,1,25.02594,121.50651,21
500113008,20231108,414,43,20,1,25.02594,121.50651,22
500113008,20231108,415,43,20,1,25.02594,121.50651,22
500113008,20231108,416,43,18,1,25.02594,121.50651,24
500113008,20231108,417,43,19,1,25.02594,121.50651,23
500113008,20231108,418,43,19,1,25.02594,121.50651,23
500113008,20231108,419,43,21,1,25.02594,121.50651,21
500113008,20231108,421,43,22,1,25.02594,121.50651,20
500113008,20231108,422,43,22,1,25.02594,121.50651,20
500113008,20231108,423,43,22,1,25.02594,121.50651,20
500113008,20231108,424,43,22,1,25.02594,121.50651,20
500113008,20231108,425,43,22,1,25.02594,121.50651,20
500113008,20231108,426,43,23,1,25.02594,121.50651,19
500113008,20231108,427,43,22,1,25.02594,121.50651,20
500113008,20231108,428,43,22,1,25.02594,121.50651,20
500113008,20231108,429,43,21,1,25.02594,121.50651,21
500113008,20231108,430,43,21,1,25.02594,121.50651,21
500113008,20231108,431,43,21,1,25.02594,121.50651,21
500113008,20231108,432,43,21,1,25.02594,121.50651,21
500113008,20231108,433,43,21,1,25.02594,121.50651,21
500113008,20231108,434,43,21,1,25.02594,121.50651,21
500113008,20231108,435,43,21,1,25.02594,121.50651,21
500113008,20231108,436,43,20,1,25.02594,121.50651,22
500113008,20231108,437,43,20,1,25.02594,121.50651,22
500113008,20231108,438,43,20,1,25.02594,121.50651,22
500113008,20231108,439,43,20,1,25.02594,121.50651,22
500113008,20231108,441,43,21,1,25.02594,121.50651,21
500113008,20231108,442,43,22,1,25.02594,121.50651,20
500113008,20231108,443,43,23,1,25.02594,121.50651,19
500113008,20231108,444,43,24,1,25.02594,121.50651,18
500113008,20231108,445,43,25,1,25.02594,121.50651,17
500113008,20231108,446,43,25,1,25.02594,121.50651,17
500113008,20231108,447,43,25,1,25.02594,121.50651,17
500113008,20231108,448,43,25,1,25.02594,121.50651,17
500113008,20231108,449,43,26,1,25.02594,121.50651,16
500113008,20231108,451,43,26,1,25.02594,121.50651,16
500113008,20231108,452,43,26,1,25.02594,121.50651,16
500113008,20231108,453,43,26,1,25.02594,121.50651,16
500113008,20231108,454,43,27,1,25.02594,121.50651,15
500113008,20231108,455,43,28,1,25.02594,121.50651,14
500113008,20231108,456,43,28,1,25.02594,121.50651,14
500113008,20231108,458,43,28,1,25.02594,121.50651,14
500113008,20231108,459,43,28,1,25.02594,121.50651,14
500113008,20231108,460,43,29,1,25.02594,121.50651,13
500113008,20231108,461,43,30,1,25.02594,121.50651,12
500113008,20231108,462,43,30,1,25.02594,121.50651,12
500113008,20231108,463,43,29,1,25.02594,121.50651,13
500113008,20231108,464,43,29,1,25.02594,121.50651,13
500113008,20231108,465,43,29,1,25.02594,121.50651,13
500113008,20231108,466,43,29,1,25.02594,121.50651,13
500113008,20231108,467,43,29,1,25.02594,121.50651,13
500113008,20231108,468,43,27,1,25.02594,121.50651,15
500113008,20231108,469,43,28,1,25.02594,121.50651,14
500113008,20231108,470,43,28,1,25.02594,121.50651,14
500113008,20231108,471,43,28,1,25.02594,121.50651,14
500113008,20231108,472,43,28,1,25.02594,121.50651,14
500113008,20231108,473,43,28,1,25.02594,121.50651,14
500113008,20231108,474,43,27,1,25.02594,121.50651,15
500113008,20231108,475,43,27,1,25.02594,121.50651,15
500113008,20231108,476,43,27,1,25.02594,121.50651,15
500113008,20231108,477,43,26,1,25.02594,121.50651,16
500113008,20231108,478,43,26,1,25.02594,121.50651,16
500113008,20231108,479,43,26,1,25.02594,121.50651,16
500113008,20231108,481,43,25,1,25.02594,121.50651,17
500113008,20231108,482,43,25,1,25.02594,121.50651,17
500113008,20231108,483,43,26,1,25.02594,121.50651,16
500113008,20231108,484,43,26,1,25.02594,121.50651,16
500113008,20231108,485,43,25,1,25.02594,121.50651,17
500113008,20231108,486,43,25,1,25.02594,121.50651,17
500113008,20231108,487,43,24,1,25.02594,121.50651,18
500113008,20231108,488,43,25,1,25.02594,121.50651,17
500113008,20231108,489,43,25,1,25.02594,121.50651,17
500113008,20231108,490,43,25,1,25.02594,121.50651,17
500113008,20231108,491,43,24,1,25.02594,121.50651,18
500113008,20231108,492,43,24,1,25.02594,121.50651,18
500113008,20231108,493,43,24,1,25.02594,121.50651,18
500113008,20231108,494,43,24,1,25.02594,121.50651,18
500113008,20231108,495,43,24,1,25.02594,121.50651,18
500113008,20231108,496,43,24,1,25.02594,121.50651,18
500113008,20231108,497,43,24,1,25.02594,121.50651,18
500113008,20231108,498,43,24,1,25.02594,121.50651,18
500113008,20231108,499,43,23,1,25.02594,121.50651,19
500113008,20231108,501,43,24,1,25.02594,121.50651,18
500113008,20231108,502,43,24,1,25.02594,121.50651,18
500113008,20231108,503,43,27,1,25.02594,121.50651,15
500113008,20231108,504,43,27,1,25.02594,121.50651,15
500113008,20231108,505,43,28,1,25.02594,121.50651,14
500113008,20231108,506,43,28,1,25.02594,121.50651,14
500113008,20231108,507,43,28,1,25.02594,121.50651,14
500113008,20231108,508,43,28,1,25.02594,121.50651,14
500113008,20231108,509,43,28,1,25.02594,121.50651,14
500113008,20231108,511,43,30,1,25.02594,121.50651,12
500113008,20231108,512,43,30,1,25.02594,121.50651,12
500113008,20231108,513,43,30,1,25.02594,121.50651,12
500113008,20231108,514,43,30,1,25.02594,121.50651,12
500113008,20231108,515,43,31,1,25.02594,121.50651,11
500113008,20231108,516,43,31,1,25.02594,121.50651,11
500113008,20231108,517,43,30,1,25.02594,121.50651,12
500113008,20231108,518,43,30,1,25.02594,121.50651,12
500113008,20231108,519,43,30,1,25.02594,121.50651,12
500113008,20231108,520,43,29,1,25.02594,121.50651,13
500113008,20231108,521,43,30,1,25.02594,121.50651,12
500113008,20231108,522,43,30,1,25.02594,121.50651,12
500113008,20231108,523,43,30,1,25.02594,121.50651,12
500113008,20231108,524,43,30,1,25.02594,121.50651,12
500113008,20231108,525,43,30,1,25.02594,121.50651,12
500113008,20231108,526,43,31,1,25.02594,121.50651,11
500113008,20231108,527,43,31,1,25.02594,121.50651,11
500113008,20231108,528,43,31,1,25.02594,121.50651,11
500113008,20231108,529,43,31,1,25.02594,121.50651,11
500113008,20231108,530,43,30,1,25.02594,121.50651,12
500113008,20231108,531,43,30,1,25.02594,121.50651,12
500113008,20231108,532,43,30,1,25.02594,121.50651,12
500113008,20231108,533,43,30,1,25.02594,121.50651,12
500113008,20231108,534,43,30,1,25.02594,121.50651,12
500113008,20231108,535,43,30,1,25.02594,121.50651,12
500113008,20231108,536,43,29,1,25.02594,121.50651,13
500113008,20231108,537,43,29,1,25.02594,121.50651,13
500113008,20231108,538,43,29,1,25.02594,121.50651,13
500113008,20231108,539,43,29,1,25.02594,121.50651,13
500113008,20231108,541,43,29,1,25.02594,121.50651,13
500113008,20231108,542,43,30,1,25.02594,121.50651,12
500113008,20231108,543,43,31,1,25.02594,121.50651,11
500113008,20231108,544,43,31,1,25.02594,121.50651,11
500113008,20231108,545,43,31,1,25.02594,121.50651,11
500113008,20231108,546,43,32,1,25.02594,121.50651,10
500113008,20231108,547,43,33,1,25.02594,121.50651,9
500113008,20231108,548,43,33,1,25.02594,121.50651,9
500113008,20231108,549,43,33,1,25.02594,121.50651,9
500113008,20231108,550,43,33,1,25.02594,121.50651,9
500113008,20231108,551,43,33,1,25.02594,121.50651,9
500113008,20231108,552,43,34,1,25.02594,121.50651,8
500113008,20231108,553,43,34,1,25.02594,121.50651,8
500113008,20231108,554,43,34,1,25.02594,121.50651,8
500113008,20231108,555,43,34,1,25.02594,121.50651,8
500113008,20231108,556,43,34,1,25.02594,121.50651,8
500113008,20231108,557,43,34,1,25.02594,121.50651,8
500113008,20231108,558,43,34,1,25.02594,121.50651,8
500113008,20231108,559,43,34,1,25.02594,121.50651,8
500113008,20231108,561,43,34,1,25.02594,121.50651,8
500113008,20231108,562,43,34,1,25.02594,121.50651,8
500113008,20231108,563,43,33,1,25.02594,121.50651,9
500113008,20231108,564,43,33,1,25.02594,121.50651,9
500113008,20231108,565,43,34,1,25.02594,121.50651,8
500113008,20231108,566,43,34,1,25.02594,121.50651,8
500113008,20231108,567,43,34,1,25.02594,121.50651,8
500113008,20231108,568,43,34,1,25.02594,121.50651,8
500113008,20231108,569,43,34,1,25.02594,121.50651,8
500113008,20231108,571,43,35,1,25.02594,121.50651,7
500113008,20231108,572,43,35,1,25.02594,121.50651,7
500113008,20231108,573,43,34,1,25.02594,121.50651,8
500113008,20231108,574,43,35,1,25.02594,121.50651,7
500113008,20231108,575,43,35,1,25.02594,121.50651,7
500113008,20231108,576,43,35,1,25.02594,121.50651,7
500113008,20231108,577,43,36,1,25.02594,121.50651,6
500113008,20231108,578,43,36,1,25.02594,121.50651,6
500113008,20231108,579,43,37,1,25.02594,121.50651,5
500113008,20231108,580,43,37,1,25.02594,121.50651,5
500113008,20231108,581,43,37,1,25.02594,121.50651,5
500113008,20231108,582,43,36,1,25.02594,121.50651,6
500113008,20231108,583,43,37,1,25.02594,121.50651,5
500113008,20231108,584,43,37,1,25.02594,121.50651,5
500113008,20231108,585,43,37,1,25.02594,121.50651,5
500113008,20231108,586,43,37,1,25.02594,121.50651,5
500113008,20231108,587,43,37,1,25.02594,121.50651,5
500113008,20231108,588,43,37,1,25.02594,121.50651,5
500113008,20231108,589,43,37,1,25.02594,121.50651,5
500113008,20231108,590,43,37,1,25.02594,121.50651,5
500113008,20231108,591,43,37,1,25.02594,121.50651,5
500113008,20231108,592,43,37,1,25.02594,121.50651,5
500113008,20231108,593,43,37,1,25.02594,121.50651,5
500113008,20231108,594,43,36,1,25.02594,121.50651,6
500113008,20231108,595,43,36,1,25.02594,121.50651,6
500113008,20231108,596,43,36,1,25.02594,121.50651,6
500113008,20231108,597,43,37,1,25.02594,121.50651,5
500113008,20231108,598,43,37,1,25.02594,121.50651,5
500113008,20231108,599,43,37,1,25.02594,121.50651,5
500113008,20231108,601,43,37,1,25.02594,121.50651,5
500113008,20231108,602,43,36,1,25.02594,121.50651,6
500113008,20231108,603,43,35,1,25.02594,121.50651,7
500113008,20231108,604,43,35,1,25.02594,121.50651,7
500113008,20231108,605,43,35,1,25.02594,121.50651,7
500113008,20231108,606,43,35,1,25.02594,121.50651,7
500113008,20231108,607,43,35,1,25.02594,121.50651,7
500113008,20231108,608,43,36,1,25.02594,121.50651,6
500113008,20231108,609,43,36,1,25.02594,121.50651,6
500113008,20231108,610,43,36,1,25.02594,121.50651,6
500113008,20231108,611,43,36,1,25.02594,121.50651,6
500113008,20231108,612,43,36,1,25.02594,121.50651,6
500113008,20231108,613,43,35,1,25.02594,121.50651,7
500113008,20231108,614,43,35,1,25.02594,121.50651,7
500113008,20231108,615,43,35,1,25.02594,121.50651,7
500113008,20231108,616,43,35,1,25.02594,121.50651,7
500113008,20231108,617,43,34,1,25.02594,121.50651,8
500113008,20231108,618,43,35,1,25.02594,121.50651,7
500113008,20231108,619,43,34,1,25.02594,121.50651,8
500113008,20231108,621,43,33,1,25.02594,121.50651,9
500113008,20231108,622,43,33,1,25.02594,121.50651,9
500113008,20231108,623,43,33,1,25.02594,121.50651,9
500113008,20231108,624,43,33,1,25.02594,121.50651,9
500113008,20231108,625,43,33,1,25.02594,121.50651,9
500113008,20231108,626,43,33,1,25.02594,121.50651,9
500113008,20231108,627,43,33,1,25.02594,121.50651,9
500113008,20231108,628,43,34,1,25.02594,121.50651,8
500113008,20231108,629,43,34,1,25.02594,121.50651,8
500113008,20231108,631,43,34,1,25.02594,121.50651,8
500113008,20231108,632,43,34,1,25.02594,121.50651,8
500113008,20231108,633,43,34,1,25.02594,121.50651,8
500113008,20231108,634,43,34,1,25.02594,121.50651,8
500113008,20231108,635,43,34,1,25.02594,121.50651,8
500113008,20231108,636,43,34,1,25.02594,121.50651,8
500113008,20231108,637,43,34,1,25.02594,121.50651,8
500113008,20231108,638,43,34,1,25.02594,121.50651,8
500113008,20231108,639,43,34,1,25.02594,121.50651,8
500113008,20231108,640,43,33,1,25.02594,121.50651,9
500113008,20231108,641,43,33,1,25.02594,121.50651,9
500113008,20231108,642,43,33,1,25.02594,121.50651,9
500113008,20231108,643,43,34,1,25.02594,121.50651,8
500113008,20231108,644,43,34,1,25.02594,121.50651,8
500113008,20231108,645,43,34,1,25.02594,121.50651,8
500113008,20231108,646,43,34,1,25.02594,121.50651,8
500113008,20231108,647,43,34,1,25.02594,121.50651,8
500113008,20231108,648,43,34,1,25.02594,121.50651,8
500113008,20231108,649,43,34,1,25.02594,121.50651,8
500113008,20231108,650,43,35,1,25.02594,121.50651,7
500113008,20231108,651,43,35,1,25.02594,121.50651,7
500113008,20231108,652,43,35,1,25.02594,121.50651,7
500113008,20231108,653,43,35,1,25.02594,121.50651,7
500113008,20231108,654,43,35,1,25.02594,121.50651,7
500113008,20231108,655,43,35,1,25.02594,121.50651,7
500113008,20231108,656,43,35,1,25.02594,121.50651,7
500113008,20231108,657,43,35,1,25.02594,121.50651,7
500113008,20231108,658,43,35,1,25.02594,121.50651,7
500113008,20231108,659,43,35,1,25.02594,121.50651,7
500113008,20231108,661,43,34,1,25.02594,121.50651,8
500113008,20231108,662,43,33,1,25.02594,121.50651,9
500113008,20231108,663,43,33,1,25.02594,121.50651,9
500113008,20231108,664,43,33,1,25.02594,121.50651,9
500113008,20231108,665,43,33,1,25.02594,121.50651,9
500113008,20231108,666,43,33,1,25.02594,121.50651,9
500113008,20231108,667,43,33,1,25.02594,121.50651,9
500113008,20231108,668,43,33,1,25.02594,121.50651,9
500113008,20231108,669,43,34,1,25.02594,121.50651,8
500113008,20231108,670,43,34,1,25.02594,121.50651,8
500113008,20231108,671,43,34,1,25.02594,121.50651,8
500113008,20231108,672,43,34,1,25.02594,121.50651,8
500113008,20231108,673,43,34,1,25.02594,121.50651,8
500113008,20231108,674,43,34,1,25.02594,121.50651,8
500113008,20231108,675,43,34,1,25.02594,121.50651,8
500113008,20231108,676,43,34,1,25.02594,121.50651,8
500113008,20231108,677,43,34,1,25.02594,121.50651,8
500113008,20231108,678,43,34,1,25.02594,121.50651,8
500113008,20231108,679,43,34,1,25.02594,121.50651,8
500113008,20231108,681,43,34,1,25.02594,121.50651,8
500113008,20231108,682,43,34,1,25.02594,121.50651,8
500113008,20231108,683,43,34,1,25.02594,121.50651,8
500113008,20231108,684,43,34,1,25.02594,121.50651,8
500113008,20231108,685,43,34,1,25.02594,121.50651,8
500113008,20231108,686,43,34,1,25.02594,121.50651,8
500113008,20231108,687,43,34,1,25.02594,121.50651,8
500113008,20231108,688,43,34,1,25.02594,121.50651,8
500113008,20231108,689,43,34,1,25.02594,121.50651,8
500113008,20231108,690,43,34,1,25.02594,121.50651,8
500113008,20231108,691,43,34,1,25.02594,121.50651,8
500113008,20231108,692,43,34,1,25.02594,121.50651,8
500113008,20231108,693,43,34,1,25.02594,121.50651,8
500113008,20231108,694,43,35,1,25.02594,121.50651,7
500113008,20231108,695,43,36,1,25.02594,121.50651,6
500113008,20231108,696,43,36,1,25.02594,121.50651,6
500113008,20231108,697,43,37,1,25.02594,121.50651,5
500113008,20231108,698,43,37,1,25.02594,121.50651,5
500113008,20231108,699,43,37,1,25.02594,121.50651,5
500113008,20231108,700,43,37,1,25.02594,121.50651,5
500113008,20231108,701,43,37,1,25.02594,121.50651,5
500113008,20231108,702,43,37,1,25.02594,121.50651,5
500113008,20231108,703,43,37,1,25.02594,121.50651,5
500113008,20231108,704,43,37,1,25.02594,121.50651,5
500113008,20231108,705,43,37,1,25.02594,121.50651,5
500113008,20231108,706,43,37,1,25.02594,121.50651,5
500113008,20231108,707,43,37,1,25.02594,121.50651,5
500113008,20231108,708,43,37,1,25.02594,121.50651,5
500113008,20231108,709,43,37,1,25.02594,121.50651,5
500113008,20231108,710,43,37,1,25.02594,121.50651,5
500113008,20231108,711,43,37,1,25.02594,121.50651,5
500113008,20231108,712,43,37,1,25.02594,121.50651,5
500113008,20231108,713,43,37,1,25.02594,121.50651,5
500113008,20231108,714,43,37,1,25.02594,121.50651,5
500113008,20231108,715,43,37,1,25.02594,121.50651,5
500113008,20231108,716,43,37,1,25.02594,121.50651,5
500113008,20231108,717,43,37,1,25.02594,121.50651,5
500113008,20231108,718,43,37,1,25.02594,121.50651,5
500113008,20231108,719,43,37,1,25.02594,121.50651,5
500113008,20231108,721,43,37,1,25.02594,121.50651,5
500113008,20231108,722,43,37,1,25.02594,121.50651,5
500113008,20231108,723,43,37,1,25.02594,121.50651,5
500113008,20231108,724,43,37,1,25.02594,121.50651,5
500113008,20231108,725,43,37,1,25.02594,121.50651,5
500113008,20231108,726,43,37,1,25.02594,121.50651,5
500113008,20231108,727,43,37,1,25.02594,121.50651,5
500113008,20231108,728,43,37,1,25.02594,121.50651,5
500113008,20231108,729,43,37,1,25.02594,121.50651,5
500113008,20231108,730,43,37,1,25.02594,121.50651,5
500113008,20231108,731,43,37,1,25.02594,121.50651,5
500113008,20231108,732,43,36,1,25.02594,121.50651,6
500113008,20231108,733,43,37,1,25.02594,121.50651,5
500113008,20231108,734,43,37,1,25.02594,121.50651,5
500113008,20231108,735,43,37,1,25.02594,121.50651,5
500113008,20231108,736,43,37,1,25.02594,121.50651,5
500113008,20231108,737,43,37,1,25.02594,121.50651,5
500113008,20231108,739,43,37,1,25.02594,121.50651,5
500113008,20231108,741,43,37,1,25.02594,121.50651,5
500113008,20231108,742,43,36,1,25.02594,121.50651,6
500113008,20231108,743,43,36,1,25.02594,121.50651,6
500113008,20231108,744,43,36,1,25.02594,121.50651,6
500113008,20231108,746,43,35,1,25.02594,121.50651,7
500113008,20231108,747,43,35,1,25.02594,121.50651,7
500113008,20231108,748,43,35,1,25.02594,121.50651,7
500113008,20231108,749,43,35,1,25.02594,121.50651,7
500113008,20231108,751,43,35,1,25.02594,121.50651,7
500113008,20231108,752,43,33,1,25.02594,121.50651,9
500113008,20231108,753,43,33,1,25.02594,121.50651,9
500113008,20231108,754,43,33,1,25.02594,121.50651,9
500113008,20231108,755,43,33,1,25.02594,121.50651,9
500113008,20231108,756,43,33,1,25.02594,121.50651,9
500113008,20231108,757,43,33,1,25.02594,121.50651,9
500113008,20231108,758,43,34,1,25.02594,121.50651,8
500113008,20231108,759,43,34,1,25.02594,121.50651,8
500113008,20231108,760,43,34,1,25.02594,121.50651,8
500113008,20231108,761,43,34,1,25.02594,121.50651,8
500113008,20231108,762,43,34,1,25.02594,121.50651,8
500113008,20231108,763,43,34,1,25.02594,121.50651,8
500113008,20231108,764,43,34,1,25.02594,121.50651,8
500113008,20231108,765,43,34,1,25.02594,121.50651,8
500113008,20231108,766,43,34,1,25.02594,121.50651,8
500113008,20231108,767,43,35,1,25.02594,121.50651,7
500113008,20231108,768,43,36,1,25.02594,121.50651,6
500113008,20231108,769,43,36,1,25.02594,121.50651,6
500113008,20231108,770,43,36,1,25.02594,121.50651,6
500113008,20231108,771,43,36,1,25.02594,121.50651,6
500113008,20231108,772,43,36,1,25.02594,121.50651,6
500113008,20231108,773,43,37,1,25.02594,121.50651,5
500113008,20231108,774,43,37,1,25.02594,121.50651,5
500113008,20231108,775,43,37,1,25.02594,121.50651,5
500113008,20231108,776,43,37,1,25.02594,121.50651,5
500113008,20231108,777,43,37,1,25.02594,121.50651,5
500113008,20231108,778,43,38,1,25.02594,121.50651,4
500113008,20231108,779,43,38,1,25.02594,121.50651,4
500113008,20231108,781,43,38,1,25.02594,121.50651,4
500113008,20231108,782,43,38,1,25.02594,121.50651,4
500113008,20231108,783,43,38,1,25.02594,121.50651,4
500113008,20231108,784,43,38,1,25.02594,121.50651,4
500113008,20231108,785,43,38,1,25.02594,121.50651,4
500113008,20231108,786,43,38,1,25.02594,121.50651,4
500113008,20231108,787,43,38,1,25.02594,121.50651,4
500113008,20231108,788,43,38,1,25.02594,121.50651,4
500113008,20231108,789,43,38,1,25.02594,121.50651,4
500113008,20231108,790,43,38,1,25.02594,121.50651,4
500113008,20231108,791,43,38,1,25.02594,121.50651,4
500113008,20231108,792,43,38,1,25.02594,121.50651,4
500113008,20231108,793,43,38,1,25.02594,121.50651,4
500113008,20231108,794,43,39,1,25.02594,121.50651,3
500113008,20231108,795,43,39,1,25.02594,121.50651,3
500113008,20231108,796,43,39,1,25.02594,121.50651,3
500113008,20231108,797,43,39,1,25.02594,121.50651,3
500113008,20231108,798,43,40,1,25.02594,121.50651,2
500113008,20231108,799,43,40,1,25.02594,121.50651,2
500113008,20231108,801,43,40,1,25.02594,121.50651,2
500113008,20231108,802,43,41,1,25.02594,121.50651,1
500113008,20231108,803,43,41,1,25.02594,121.50651,1
500113008,20231108,804,43,40,1,25.02594,121.50651,2
500113008,20231108,805,43,40,1,25.02594,121.50651,2
500113008,20231108,806,43,40,1,25.02594,121.50651,2
500113008,20231108,807,43,40,1,25.02594,121.50651,2
500113008,20231108,808,43,40,1,25.02594,121.50651,2
500113008,20231108,809,43,40,1,25.02594,121.50651,2
500113008,20231108,811,43,40,1,25.02594,121.50651,2
500113008,20231108,812,43,39,1,25.02594,121.50651,3
500113008,20231108,813,43,39,1,25.02594,121.50651,3
500113008,20231108,814,43,39,1,25.02594,121.50651,3
500113008,20231108,815,43,39,1,25.02594,121.50651,3
500113008,20231108,816,43,39,1,25.02594,121.50651,3
500113008,20231108,817,43,39,1,25.02594,121.50651,3
500113008,20231108,818,43,39,1,25.02594,121.50651,3
500113008,20231108,819,43,39,1,25.02594,121.50651,3
500113008,20231108,820,43,39,1,25.02594,121.50651,3
500113008,20231108,821,43,39,1,25.02594,121.50651,3
500113008,20231108,822,43,39,1,25.02594,121.50651,3
500113008,20231108,823,43,39,1,25.02594,121.50651,3
500113008,20231108,824,43,39,1,25.02594,121.50651,3
500113008,20231108,825,43,39,1,25.02594,121.50651,3
500113008,20231108,826,43,39,1,25.02594,121.50651,3
500113008,20231108,827,43,39,1,25.02594,121.50651,3
500113008,20231108,828,43,39,1,25.02594,121.50651,3
500113008,20231108,829,43,39,1,25.02594,121.50651,3
500113008,20231108,830,43,39,1,25.02594,121.50651,3
500113008,20231108,831,43,38,1,25.02594,121.50651,4
500113008,20231108,832,43,39,1,25.02594,121.50651,3
500113008,20231108,833,43,39,1,25.02594,121.50651,3
500113008,20231108,834,43,39,1,25.02594,121.50651,3
500113008,20231108,835,43,39,1,25.02594,121.50651,3
500113008,20231108,836,43,39,1,25.02594,121.50651,3
500113008,20231108,837,43,39,1,25.02594,121.50651,3
500113008,20231108,838,43,39,1,25.02594,121.50651,3
500113008,20231108,839,43,39,1,25.02594,121.50651,3
500113008,20231108,841,43,40,1,25.02594,121.50651,2
500113008,20231108,842,43,39,1,25.02594,121.50651,3
500113008,20231108,843,43,39,1,25.02594,121.50651,3
500113008,20231108,844,43,38,1,25.02594,121.50651,4
500113008,20231108,845,43,38,1,25.02594,121.50651,4
500113008,20231108,846,43,38,1,25.02594,121.50651,4
500113008,20231108,847,43,38,1,25.02594,121.50651,4
500113008,20231108,848,43,38,1,25.02594,121.50651,4
500113008,20231108,849,43,38,1,25.02594,121.50651,4
500113008,20231108,850,43,38,1,25.02594,121.50651,4
500113008,20231108,851,43,38,1,25.02594,121.50651,4
500113008,20231108,852,43,38,1,25.02594,121.50651,4
500113008,20231108,853,43,38,1,25.02594,121.50651,4
500113008,20231108,854,43,38,1,25.02594,121.50651,4
500113008,20231108,856,43,38,1,25.02594,121.50651,4
500113008,20231108,857,43,38,1,25.02594,121.50651,4
500113008,20231108,858,43,38,1,25.02594,121.50651,4
500113008,20231108,859,43,38,1,25.02594,121.50651,4
500113008,20231108,861,43,38,1,25.02594,121.50651,4
500113008,20231108,862,43,38,1,25.02594,121.50651,4
500113008,20231108,863,43,38,1,25.02594,121.50651,4
500113008,20231108,864,43,38,1,25.02594,121.50651,4
500113008,20231108,865,43,37,1,25.02594,121.50651,5
500113008,20231108,866,43,38,1,25.02594,121.50651,4
500113008,20231108,867,43,38,1,25.02594,121.50651,4
500113008,20231108,868,43,37,1,25.02594,121.50651,5
500113008,20231108,869,43,37,1,25.02594,121.50651,5
500113008,20231108,871,43,37,1,25.02594,121.50651,5
500113008,20231108,872,43,37,1,25.02594,121.50651,5
500113008,20231108,873,43,37,1,25.02594,121.50651,5
500113008,20231108,874,43,37,1,25.02594,121.50651,5
500113008,20231108,875,43,39,1,25.02594,121.50651,3
500113008,20231108,876,43,39,1,25.02594,121.50651,3
500113008,20231108,877,43,39,1,25.02594,121.50651,3
500113008,20231108,878,43,39,1,25.02594,121.50651,3
500113008,20231108,879,43,39,1,25.02594,121.50651,3
500113008,20231108,880,43,39,1,25.02594,121.50651,3
500113008,20231108,881,43,39,1,25.02594,121.50651,3
500113008,20231108,882,43,39,1,25.02594,121.50651,3
500113008,20231108,883,43,39,1,25.02594,121.50651,3
500113008,20231108,884,43,39,1,25.02594,121.50651,3
500113008,20231108,885,43,39,1,25.02594,121.50651,3
500113008,20231108,886,43,40,1,25.02594,121.50651,2
500113008,20231108,887,43,40,1,25.02594,121.50651,2
500113008,20231108,888,43,40,1,25.02594,121.50651,2
500113008,20231108,889,43,40,1,25.02594,121.50651,2
500113008,20231108,890,43,40,1,25.02594,121.50651,2
500113008,20231108,891,43,40,1,25.02594,121.50651,2
500113008,20231108,892,43,40,1,25.02594,121.50651,2
500113008,20231108,893,43,40,1,25.02594,121.50651,2
500113008,20231108,894,43,40,1,25.02594,121.50651,2
500113008,20231108,895,43,40,1,25.02594,121.50651,2
500113008,20231108,896,43,40,1,25.02594,121.50651,2
500113008,20231108,897,43,40,1,25.02594,121.50651,2
500113008,20231108,898,43,40,1,25.02594,121.50651,2
500113008,20231108,899,43,40,1,25.02594,121.50651,2
500113008,20231108,901,43,40,1,25.02594,121.50651,2
500113008,20231108,902,43,40,1,25.02594,121.50651,2
500113008,20231108,904,43,40,1,25.02594,121.50651,2
500113008,20231108,905,43,40,1,25.02594,121.50651,2
500113008,20231108,906,43,38,1,25.02594,121.50651,4
500113008,20231108,907,43,38,1,25.02594,121.50651,4
500113008,20231108,908,43,38,1,25.02594,121.50651,4
500113008,20231108,909,43,38,1,25.02594,121.50651,4
500113008,20231108,910,43,39,1,25.02594,121.50651,3
500113008,20231108,911,43,39,1,25.02594,121.50651,3
500113008,20231108,912,43,39,1,25.02594,121.50651,3
500113008,20231108,913,43,40,1,25.02594,121.50651,2
500113008,20231108,914,43,40,1,25.02594,121.50651,2
500113008,20231108,915,43,40,1,25.02594,121.50651,2
500113008,20231108,916,43,40,1,25.02594,121.50651,2
500113008,20231108,917,43,40,1,25.02594,121.50651,2
500113008,20231108,918,43,40,1,25.02594,121.50651,2
500113008,20231108,919,43,40,1,25.02594,121.50651,2
500113008,20231108,921,43,39,1,25.02594,121.50651,3
500113008,20231108,922,43,39,1,25.02594,121.50651,3
500113008,20231108,923,43,40,1,25.02594,121.50651,2
500113008,20231108,924,43,40,1,25.02594,121.50651,2
500113008,20231108,925,43,40,1,25.02594,121.50651,2
500113008,20231108,926,43,40,1,25.02594,121.50651,2
500113008,20231108,927,43,39,1,25.02594,121.50651,3
500113008,20231108,928,43,40,1,25.02594,121.50651,2
500113008,20231108,929,43,40,1,25.02594,121.50651,2
500113008,20231108,931,43,40,1,25.02594,121.50651,2
500113008,20231108,932,43,40,1,25.02594,121.50651,2
500113008,20231108,933,43,40,1,25.02594,121.50651,2
500113008,20231108,934,43,40,1,25.02594,121.50651,2
500113008,20231108,935,43,40,1,25.02594,121.50651,2
500113008,20231108,936,43,41,1,25.02594,121.50651,1
500113008,20231108,937,43,41,1,25.02594,121.50651,1
500113008,20231108,938,43,41,1,25.02594,121.50651,1
500113008,20231108,939,43,41,1,25.02594,121.50651,1
500113008,20231108,940,43,41,1,25.02594,121.50651,1
500113008,20231108,941,43,41,1,25.02594,121.50651,1
500113008,20231108,942,43,41,1,25.02594,121.50651,1
500113008,20231108,943,43,41,1,25.02594,121.50651,1
500113008,20231108,944,43,41,1,25.02594,121.50651,1
500113008,20231108,945,43,41,1,25.02594,121.50651,1
500113008,20231108,946,43,42,1,25.02594,121.50651,0
500113008,20231108,947,43,41,1,25.02594,121.50651,1
500113008,20231108,948,43,41,1,25.02594,121.50651,1
500113008,20231108,949,43,41,1,25.02594,121.50651,1
500113008,20231108,950,43,42,1,25.02594,121.50651,0
500113008,20231108,951,43,42,1,25.02594,121.50651,0
500113008,20231108,952,43,42,1,25.02594,121.50651,0
500113008,20231108,953,43,42,1,25.02594,121.50651,0
500113008,20231108,954,43,41,1,25.02594,121.50651,1
500113008,20231108,955,43,41,1,25.02594,121.50651,1
500113008,20231108,956,43,41,1,25.02594,121.50651,1
500113008,20231108,957,43,41,1,25.02594,121.50651,1
500113008,20231108,958,43,40,1,25.02594,121.50651,2
500113008,20231108,959,43,40,1,25.02594,121.50651,2
500113008,20231108,961,43,40,1,25.02594,121.50651,2
500113008,20231108,962,43,41,1,25.02594,121.50651,1
500113008,20231108,963,43,41,1,25.02594,121.50651,1
500113008,20231108,964,43,41,1,25.02594,121.50651,1
500113008,20231108,965,43,41,1,25.02594,121.50651,1
500113008,20231108,966,43,41,1,25.02594,121.50651,1
500113008,20231108,967,43,41,1,25.02594,121.50651,1
500113008,20231108,968,43,41,1,25.02594,121.50651,1
500113008,20231108,969,43,41,1,25.02594,121.50651,1
500113008,20231108,970,43,41,1,25.02594,121.50651,1
500113008,20231108,971,43,41,1,25.02594,121.50651,1
500113008,20231108,972,43,40,1,25.02594,121.50651,2
500113008,20231108,973,43,40,1,25.02594,121.50651,2
500113008,20231108,974,43,40,1,25.02594,121.50651,2
500113008,20231108,975,43,40,1,25.02594,121.50651,2
500113008,20231108,976,43,41,1,25.02594,121.50651,1
500113008,20231108,977,43,41,1,25.02594,121.50651,1
500113008,20231108,978,43,41,1,25.02594,121.50651,1
500113008,20231108,979,43,41,1,25.02594,121.50651,1
500113008,20231108,981,43,40,1,25.02594,121.50651,2
500113008,20231108,982,43,42,1,25.02594,121.50651,0
500113008,20231108,983,43,42,1,25.02594,121.50651,0
500113008,20231108,984,43,41,1,25.02594,121.50651,1
500113008,20231108,985,43,41,1,25.02594,121.50651,1
500113008,20231108,986,43,41,1,25.02594,121.50651,1
500113008,20231108,987,43,41,1,25.02594,121.50651,1
500113008,20231108,988,43,39,1,25.02594,121.50651,3
500113008,20231108,989,43,39,1,25.02594,121.50651,3
500113008,20231108,991,43,40,1,25.02594,121.50651,2
500113008,20231108,992,43,40,1,25.02594,121.50651,2
500113008,20231108,993,43,40,1,25.02594,121.50651,2
500113008,20231108,994,43,40,1,25.02594,121.50651,2
500113008,20231108,995,43,40,1,25.02594,121.50651,2
500113008,20231108,996,43,40,1,25.02594,121.50651,2
500113008,20231108,997,43,40,1,25.02594,121.50651,2
500113008,20231108,998,43,40,1,25.02594,121.50651,2
500113008,20231108,999,43,40,1,25.02594,121.50651,2
500113008,20231108,1000,43,40,1,25.02594,121.50651,2
500113008,20231108,1001,43,40,1,25.02594,121.50651,2
500113008,20231108,1002,43,40,1,25.02594,121.50651,2
500113008,20231108,1003,43,40,1,25.02594,121.50651,2
500113008,20231108,1004,43,41,1,25.02594,121.50651,1
500113008,20231108,1005,43,41,1,25.02594,121.50651,1
500113008,20231108,1006,43,41,1,25.02594,121.50651,1
500113008,20231108,1007,43,41,1,25.02594,121.50651,1
500113008,20231108,1008,43,40,1,25.02594,121.50651,2
500113008,20231108,1009,43,40,1,25.02594,121.50651,2
500113008,20231108,1010,43,41,1,25.02594,121.50651,1
500113008,20231108,1011,43,41,1,25.02594,121.50651,1
500113008,20231108,1012,43,41,1,25.02594,121.50651,1
500113008,20231108,1013,43,41,1,25.02594,121.50651,1
500113008,20231108,1014,43,41,1,25.02594,121.50651,1
500113008,20231108,1015,43,41,1,25.02594,121.50651,1
500113008,20231108,1016,43,40,1,25.02594,121.50651,2
500113008,20231108,1017,43,42,1,25.02594,121.50651,0
500113008,20231108,1018,43,42,1,25.02594,121.50651,0
500113008,20231108,1019,43,42,1,25.02594,121.50651,0
500113008,20231108,1021,43,41,1,25.02594,121.50651,1
500113008,20231108,1022,43,41,1,25.02594,121.50651,1
500113008,20231108,1023,43,42,1,25.02594,121.50651,0
500113008,20231108,1024,43,42,1,25.02594,121.50651,0
500113008,20231108,1025,43,42,1,25.02594,121.50651,0
500113008,20231108,1026,43,42,1,25.02594,121.50651,0
500113008,20231108,1027,43,42,1,25.02594,121.50651,0
500113008,20231108,1028,43,42,1,25.02594,121.50651,0
500113008,20231108,1029,43,42,1,25.02594,121.50651,0
500113008,20231108,1030,43,42,1,25.02594,121.50651,0
500113008,20231108,1031,43,42,1,25.02594,121.50651,0
500113008,20231108,1032,43,42,1,25.02594,121.50651,0
500113008,20231108,1033,43,41,1,25.02594,121.50651,1
500113008,20231108,1034,43,41,1,25.02594,121.50651,1
500113008,20231108,1035,43,42,1,25.02594,121.50651,0
500113008,20231108,1036,43,42,1,25.02594,121.50651,0
500113008,20231108,1037,43,42,1,25.02594,121.50651,0
500113008,20231108,1038,43,42,1,25.02594,121.50651,0
500113008,20231108,1039,43,42,1,25.02594,121.50651,0
500113008,20231108,1041,43,42,1,25.02594,121.50651,0
500113008,20231108,1042,43,42,1,25.02594,121.50651,0
500113008,20231108,1043,43,42,1,25.02594,121.50651,0
500113008,20231108,1044,43,42,1,25.02594,121.50651,0
500113008,20231108,1045,43,38,1,25.02594,121.50651,4
500113008,20231108,1046,43,40,1,25.02594,121.50651,2
500113008,20231108,1047,43,42,1,25.02594,121.50651,0
500113008,20231108,1048,43,42,1,25.02594,121.50651,0
500113008,20231108,1049,43,41,1,25.02594,121.50651,1
500113008,20231108,1051,43,41,1,25.02594,121.50651,1
500113008,20231108,1052,43,41,1,25.02594,121.50651,1
500113008,20231108,1053,43,41,1,25.02594,121.50651,1
500113008,20231108,1054,43,41,1,25.02594,121.50651,1
500113008,20231108,1055,43,42,1,25.02594,121.50651,0
500113008,20231108,1056,43,40,1,25.02594,121.50651,2
500113008,20231108,1057,43,39,1,25.02594,121.50651,3
500113008,20231108,1058,43,38,1,25.02594,121.50651,4
500113008,20231108,1059,43,38,1,25.02594,121.50651,4
500113008,20231108,1060,43,39,1,25.02594,121.50651,3
500113008,20231108,1061,43,39,1,25.02594,121.50651,3
500113008,20231108,1062,43,39,1,25.02594,121.50651,3
500113008,20231108,1063,43,38,1,25.02594,121.50651,4
500113008,20231108,1064,43,39,1,25.02594,121.50651,3
500113008,20231108,1065,43,39,1,25.02594,121.50651,3
500113008,20231108,1066,43,39,1,25.02594,121.50651,3
500113008,20231108,1067,43,40,1,25.02594,121.50651,2
500113008,20231108,1068,43,39,1,25.02594,121.50651,3
500113008,20231108,1069,43,38,1,25.02594,121.50651,4
500113008,20231108,1070,43,38,1,25.02594,121.50651,4
500113008,20231108,1071,43,38,1,25.02594,121.50651,4
500113008,20231108,1072,43,38,1,25.02594,121.50651,4
500113008,20231108,1073,43,37,1,25.02594,121.50651,5
500113008,20231108,1074,43,37,1,25.02594,121.50651,5
500113008,20231108,1075,43,37,1,25.02594,121.50651,5
500113008,20231108,1076,43,37,1,25.02594,121.50651,5
500113008,20231108,1077,43,37,1,25.02594,121.50651,5
500113008,20231108,1078,43,36,1,25.02594,121.50651,6
500113008,20231108,1079,43,36,1,25.02594,121.50651,6
500113008,20231108,1081,43,36,1,25.02594,121.50651,6
500113008,20231108,1082,43,36,1,25.02594,121.50651,6
500113008,20231108,1083,43,36,1,25.02594,121.50651,6
500113008,20231108,1084,43,36,1,25.02594,121.50651,6
500113008,20231108,1085,43,34,1,25.02594,121.50651,8
500113008,20231108,1086,43,34,1,25.02594,121.50651,8
500113008,20231108,1087,43,34,1,25.02594,121.50651,8
500113008,20231108,1088,43,33,1,25.02594,121.50651,9
500113008,20231108,1089,43,33,1,25.02594,121.50651,9
500113008,20231108,1090,43,33,1,25.02594,121.50651,9
500113008,20231108,1091,43,33,1,25.02594,121.50651,9
500113008,20231108,1092,43,33,1,25.02594,121.50651,9
500113008,20231108,1093,43,33,1,25.02594,121.50651,9
500113008,20231108,1094,43,33,1,25.02594,121.50651,9
500113008,20231108,1095,43,33,1,25.02594,121.50651,9
500113008,20231108,1096,43,33,1,25.02594,121.50651,9
500113008,20231108,1097,43,33,1,25.02594,121.50651,9
500113008,20231108,1098,43,33,1,25.02594,121.50651,9
500113008,20231108,1099,43,30,1,25.02594,121.50651,12
500113008,20231108,1101,43,30,1,25.02594,121.50651,12
500113008,20231108,1102,43,30,1,25.02594,121.50651,12
500113008,20231108,1103,43,30,1,25.02594,121.50651,12
500113008,20231108,1104,43,30,1,25.02594,121.50651,12
500113008,20231108,1105,43,30,1,25.02594,121.50651,12
500113008,20231108,1106,43,31,1,25.02594,121.50651,11
500113008,20231108,1107,43,29,1,25.02594,121.50651,13
500113008,20231108,1108,43,29,1,25.02594,121.50651,13
500113008,20231108,1109,43,29,1,25.02594,121.50651,13
500113008,20231108,1111,43,29,1,25.02594,121.50651,13
500113008,20231108,1112,43,31,1,25.02594,121.50651,11
500113008,20231108,1113,43,30,1,25.02594,121.50651,12
500113008,20231108,1114,43,30,1,25.02594,121.50651,12
500113008,20231108,1115,43,29,1,25.02594,121.50651,13
500113008,20231108,1116,43,30,1,25.02594,121.50651,12
500113008,20231108,1117,43,30,1,25.02594,121.50651,12
500113008,20231108,1118,43,30,1,25.02594,121.50651,12
500113008,20231108,1119,43,30,1,25.02594,121.50651,12
500113008,20231108,1120,43,30,1,25.02594,121.50651,12
500113008,20231108,1121,43,30,1,25.02594,121.50651,12
500113008,20231108,1122,43,28,1,25.02594,121.50651,14
500113008,20231108,1123,43,29,1,25.02594,121.50651,13
500113008,20231108,1124,43,29,1,25.02594,121.50651,13
500113008,20231108,1125,43,28,1,25.02594,121.50651,14
500113008,20231108,1126,43,28,1,25.02594,121.50651,14
500113008,20231108,1127,43,29,1,25.02594,121.50651,13
500113008,20231108,1128,43,29,1,25.02594,121.50651,13
500113008,20231108,1129,43,27,1,25.02594,121.50651,15
500113008,20231108,1130,43,27,1,25.02594,121.50651,15
500113008,20231108,1131,43,27,1,25.02594,121.50651,15
500113008,20231108,1132,43,27,1,25.02594,121.50651,15
500113008,20231108,1133,43,26,1,25.02594,121.50651,16
500113008,20231108,1134,43,26,1,25.02594,121.50651,16
500113008,20231108,1135,43,26,1,25.02594,121.50651,16
500113008,20231108,1136,43,25,1,25.02594,121.50651,17
500113008,20231108,1137,43,25,1,25.02594,121.50651,17
500113008,20231108,1138,43,25,1,25.02594,121.50651,17
500113008,20231108,1139,43,25,1,25.02594,121.50651,17
500113008,20231108,1141,43,25,1,25.02594,121.50651,17
500113008,20231108,1142,43,25,1,25.02594,121.50651,17
500113008,20231108,1143,43,25,1,25.02594,121.50651,17
500113008,20231108,1144,43,25,1,25.02594,121.50651,17
500113008,20231108,1145,43,24,1,25.02594,121.50651,18
500113008,20231108,1146,43,24,1,25.02594,121.50651,18
500113008,20231108,1147,43,24,1,25.02594,121.50651,18
500113008,20231108,1148,43,24,1,25.02594,121.50651,18
500113008,20231108,1149,43,24,1,25.02594,121.50651,18
500113008,20231108,1150,43,21,1,25.02594,121.50651,21
500113008,20231108,1151,43,21,1,25.02594,121.50651,21
500113008,20231108,1153,43,18,1,25.02594,121.50651,24
500113008,20231108,1154,43,18,1,25.02594,121.50651,24
500113008,20231108,1155,43,18,1,25.02594,121.50651,24
500113008,20231108,1156,43,18,1,25.02594,121.50651,24
500113008,20231108,1157,43,18,1,25.02594,121.50651,24
500113008,20231108,1158,43,16,1,25.02594,121.50651,26
500113008,20231108,1159,43,16,1,25.02594,121.50651,26
500113008,20231108,1161,43,16,1,25.02594,121.50651,26
500113008,20231108,1162,43,16,1,25.02594,121.50651,26
500113008,20231108,1163,43,16,1,25.02594,121.50651,26
500113008,20231108,1164,43,16,1,25.02594,121.50651,26
500113008,20231108,1165,43,16,1,25.02594,121.50651,26
500113008,20231108,1166,43,16,1,25.02594,121.50651,26
500113008,20231108,1167,43,16,1,25.02594,121.50651,26
500113008,20231108,1168,43,17,1,25.02594,121.50651,25
500113008,20231108,1169,43,17,1,25.02594,121.50651,25
500113008,20231108,1171,43,17,1,25.02594,121.50651,25
500113008,20231108,1172,43,15,1,25.02594,121.50651,27
500113008,20231108,1173,43,15,1,25.02594,121.50651,27
500113008,20231108,1174,43,15,1,25.02594,121.50651,27
500113008,20231108,1175,43,15,1,25.02594,121.50651,27
500113008,20231108,1176,43,14,1,25.02594,121.50651,28
500113008,20231108,1177,43,14,1,25.02594,121.50651,28
500113008,20231108,1178,43,14,1,25.02594,121.50651,28
500113008,20231108,1179,43,14,1,25.02594,121.50651,28
500113008,20231108,1180,43,14,1,25.02594,121.50651,28
500113008,20231108,1181,43,16,1,25.02594,121.50651,26
500113008,20231108,1182,43,16,1,25.02594,121.50651,26
500113008,20231108,1183,43,16,1,25.02594,121.50651,26
500113008,20231108,1184,43,16,1,25.02594,121.50651,26
500113008,20231108,1185,43,16,1,25.02594,121.50651,26
500113008,20231108,1186,43,16,1,25.02594,121.50651,26
500113008,20231108,1187,43,16,1,25.02594,121.50651,26
500113008,20231108,1188,43,16,1,25.02594,121.50651,26
500113008,20231108,1189,43,16,1,25.02594,121.50651,26
500113008,20231108,1190,43,16,1,25.02594,121.50651,26
500113008,20231108,1191,43,16,1,25.02594,121.50651,26
500113008,20231108,1192,43,16,1,25.02594,121.50651,26
500113008,20231108,1193,43,16,1,25.02594,121.50651,26
500113008,20231108,1194,43,16,1,25.02594,121.50651,26
500113008,20231108,1195,43,16,1,25.02594,121.50651,26
500113008,20231108,1196,43,17,1,25.02594,121.50651,25
500113008,20231108,1197,43,17,1,25.02594,121.50651,25
500113008,20231108,1198,43,18,1,25.02594,121.50651,24
500113008,20231108,1199,43,19,1,25.02594,121.50651,23
500113008,20231108,1201,43,18,1,25.02594,121.50651,24
500113008,20231108,1202,43,18,1,25.02594,121.50651,24
500113008,20231108,1203,43,18,1,25.02594,121.50651,24
500113008,20231108,1204,43,18,1,25.02594,121.50651,24
500113008,20231108,1205,43,18,1,25.02594,121.50651,24
500113008,20231108,1206,43,18,1,25.02594,121.50651,24
500113008,20231108,1207,43,18,1,25.02594,121.50651,24
500113008,20231108,1208,43,19,1,25.02594,121.50651,23
500113008,20231108,1209,43,19,1,25.02594,121.50651,23
500113008,20231108,1210,43,18,1,25.02594,121.50651,24
500113008,20231108,1211,43,18,1,25.02594,121.50651,24
500113008,20231108,1212,43,19,1,25.02594,121.50651,23
500113008,20231108,1213,43,19,1,25.02594,121.50651,23
500113008,20231108,1214,43,19,1,25.02594,121.50651,23
500113008,20231108,1215,43,18,1,25.02594,121.50651,24
500113008,20231108,1216,43,18,1,25.02594,121.50651,24
500113008,20231108,1217,43,18,1,25.02594,121.50651,24
500113008,20231108,1218,43,18,1,25.02594,121.50651,24
500113008,20231108,1219,43,18,1,25.02594,121.50651,24
500113008,20231108,1221,43,18,1,25.02594,121.50651,24
500113008,20231108,1222,43,18,1,25.02594,121.50651,24
500113008,20231108,1223,43,18,1,25.02594,121.50651,24
500113008,20231108,1224,43,18,1,25.02594,121.50651,24
500113008,20231108,1225,43,20,1,25.02594,121.50651,22
500113008,20231108,1226,43,20,1,25.02594,121.50651,22
500113008,20231108,1227,43,20,1,25.02594,121.50651,22
500113008,20231108,1228,43,20,1,25.02594,121.50651,22
500113008,20231108,1229,43,20,1,25.02594,121.50651,22
500113008,20231108,1231,43,20,1,25.02594,121.50651,22
500113008,20231108,1232,43,20,1,25.02594,121.50651,22
500113008,20231108,1233,43,19,1,25.02594,121.50651,23
500113008,20231108,1234,43,19,1,25.02594,121.50651,23
500113008,20231108,1235,43,19,1,25.02594,121.50651,23
500113008,20231108,1236,43,20,1,25.02594,121.50651,22
500113008,20231108,1237,43,18,1,25.02594,121.50651,24
500113008,20231108,1238,43,18,1,25.02594,121.50651,24
500113008,20231108,1239,43,18,1,25.02594,121.50651,24
500113008,20231108,1240,43,18,1,25.02594,121.50651,24
500113008,20231108,1241,43,17,1,25.02594,121.50651,25
500113008,20231108,1242,43,17,1,25.02594,121.50651,25
500113008,20231108,1243,43,20,1,25.02594,121.50651,22
500113008,20231108,1244,43,20,1,25.02594,121.50651,22
500113008,20231108,1245,43,19,1,25.02594,121.50651,23
500113008,20231108,1246,43,20,1,25.02594,121.50651,22
500113008,20231108,1247,43,19,1,25.02594,121.50651,23
500113008,20231108,1248,43,19,1,25.02594,121.50651,23
500113008,20231108,1249,43,19,1,25.02594,121.50651,23
500113008,20231108,1250,43,19,1,25.02594,121.50651,23
500113008,20231108,1251,43,19,1,25.02594,121.50651,23
500113008,20231108,1252,43,19,1,25.02594,121.50651,23
500113008,20231108,1253,43,19,1,25.02594,121.50651,23
500113008,20231108,1254,43,18,1,25.02594,121.50651,24
500113008,20231108,1255,43,18,1,25.02594,121.50651,24
500113008,20231108,1256,43,18,1,25.02594,121.50651,24
500113008,20231108,1257,43,17,1,25.02594,121.50651,25
500113008,20231108,1258,43,17,1,25.02594,121.50651,25
500113008,20231108,1259,43,17,1,25.02594,121.50651,25
500113008,20231108,1261,43,17,1,25.02594,121.50651,25
500113008,20231108,1262,43,16,1,25.02594,121.50651,26
500113008,20231108,1263,43,16,1,25.02594,121.50651,26
500113008,20231108,1264,43,16,1,25.02594,121.50651,26
500113008,20231108,1265,43,17,1,25.02594,121.50651,25
500113008,20231108,1266,43,17,1,25.02594,121.50651,25
500113008,20231108,1267,43,17,1,25.02594,121.50651,25
500113008,20231108,1268,43,17,1,25.02594,121.50651,25
500113008,20231108,1269,43,18,1,25.02594,121.50651,24
500113008,20231108,1270,43,18,1,25.02594,121.50651,24
500113008,20231108,1271,43,18,1,25.02594,121.50651,24
500113008,20231108,1272,43,19,1,25.02594,121.50651,23
500113008,20231108,1273,43,19,1,25.02594,121.50651,23
500113008,20231108,1274,43,19,1,25.02594,121.50651,23
500113008,20231108,1275,43,19,1,25.02594,121.50651,23
500113008,20231108,1276,43,19,1,25.02594,121.50651,23
500113008,20231108,1277,43,18,1,25.02594,121.50651,24
500113008,20231108,1278,43,18,1,25.02594,121.50651,24
500113008,20231108,1279,43,17,1,25.02594,121.50651,25
500113008,20231108,1281,43,17,1,25.02594,121.50651,25
500113008,20231108,1282,43,15,1,25.02594,121.50651,27
500113008,20231108,1283,43,17,1,25.02594,121.50651,25
500113008,20231108,1284,43,17,1,25.02594,121.50651,25
500113008,20231108,1285,43,18,1,25.02594,121.50651,24
500113008,20231108,1286,43,18,1,25.02594,121.50651,24
500113008,20231108,1287,43,18,1,25.02594,121.50651,24
500113008,20231108,1288,43,19,1,25.02594,121.50651,23
500113008,20231108,1289,43,19,1,25.02594,121.50651,23
500113008,20231108,1291,43,19,1,25.02594,121.50651,23
500113008,20231108,1292,43,19,1,25.02594,121.50651,23
500113008,20231108,1293,43,19,1,25.02594,121.50651,23
500113008,20231108,1294,43,19,1,25.02594,121.50651,23
500113008,20231108,1295,43,18,1,25.02594,121.50651,24
500113008,20231108,1296,43,18,1,25.02594,121.50651,24
500113008,20231108,1297,43,18,1,25.02594,121.50651,24
500113008,20231108,1298,43,18,1,25.02594,121.50651,24
500113008,20231108,1299,43,18,1,25.02594,121.50651,24
500113008,20231108,1300,43,18,1,25.02594,121.50651,24
500113008,20231108,1301,43,18,1,25.02594,121.50651,24
500113008,20231108,1302,43,18,1,25.02594,121.50651,24
500113008,20231108,1303,43,18,1,25.02594,121.50651,24
500113008,20231108,1304,43,18,1,25.02594,121.50651,24
500113008,20231108,1305,43,19,1,25.02594,121.50651,23
500113008,20231108,1306,43,20,1,25.02594,121.50651,22
500113008,20231108,1308,43,19,1,25.02594,121.50651,23
500113008,20231108,1309,43,19,1,25.02594,121.50651,23
500113008,20231108,1310,43,19,1,25.02594,121.50651,23
500113008,20231108,1311,43,21,1,25.02594,121.50651,21
500113008,20231108,1312,43,20,1,25.02594,121.50651,22
500113008,20231108,1313,43,21,1,25.02594,121.50651,21
500113008,20231108,1314,43,21,1,25.02594,121.50651,21
500113008,20231108,1315,43,21,1,25.02594,121.50651,21
500113008,20231108,1316,43,21,1,25.02594,121.50651,21
500113008,20231108,1317,43,21,1,25.02594,121.50651,21
500113008,20231108,1318,43,21,1,25.02594,121.50651,21
500113008,20231108,1319,43,21,1,25.02594,121.50651,21
500113008,20231108,1321,43,20,1,25.02594,121.50651,22
500113008,20231108,1322,43,20,1,25.02594,121.50651,22
500113008,20231108,1323,43,20,1,25.02594,121.50651,22
500113008,20231108,1324,43,20,1,25.02594,121.50651,22
500113008,20231108,1325,43,20,1,25.02594,121.50651,22
500113008,20231108,1326,43,20,1,25.02594,121.50651,22
500113008,20231108,1327,43,20,1,25.02594,121.50651,22
500113008,20231108,1328,43,20,1,25.02594,121.50651,22
500113008,20231108,1329,43,20,1,25.02594,121.50651,22
500113008,20231108,1330,43,20,1,25.02594,121.50651,22
500113008,20231108,1331,43,20,1,25.02594,121.50651,22
500113008,20231108,1332,43,20,1,25.02594,121.50651,22
500113008,20231108,1333,43,20,1,25.02594,121.50651,22
500113008,20231108,1334,43,20,1,25.02594,121.50651,22
500113008,20231108,1335,43,20,1,25.02594,121.50651,22
500113008,20231108,1336,43,20,1,25.02594,121.50651,22
500113008,20231108,1337,43,20,1,25.02594,121.50651,22
500113008,20231108,1338,43,20,1,25.02594,121.50651,22
500113008,20231108,1339,43,20,1,25.02594,121.50651,22
500113008,20231108,1341,43,19,1,25.02594,121.50651,23
500113008,20231108,1342,43,19,1,25.02594,121.50651,23
500113008,20231108,1343,43,19,1,25.02594,121.50651,23
500113008,20231108,1344,43,19,1,25.02594,121.50651,23
500113008,20231108,1345,43,19,1,25.02594,121.50651,23
500113008,20231108,1346,43,19,1,25.02594,121.50651,23
500113008,20231108,1347,43,19,1,25.02594,121.50651,23
500113008,20231108,1348,43,19,1,25.02594,121.50651,23
500113008,20231108,1349,43,19,1,25.02594,121.50651,23
500113008,20231108,1350,43,19,1,25.02594,121.50651,23
500113008,20231108,1351,43,19,1,25.02594,121.50651,23
500113008,20231108,1352,43,17,1,25.02594,121.50651,25
500113008,20231108,1353,43,17,1,25.02594,121.50651,25
500113008,20231108,1354,43,17,1,25.02594,121.50651,25
500113008,20231108,1355,43,17,1,25.02594,121.50651,25
500113008,20231108,1356,43,17,1,25.02594,121.50651,25
500113008,20231108,1357,43,17,1,25.02594,121.50651,25
500113008,20231108,1358,43,17,1,25.02594,121.50651,25
500113008,20231108,1359,43,17,1,25.02594,121.50651,25
500113008,20231108,1360,43,17,1,25.02594,121.50651,25
500113008,20231108,1361,43,17,1,25.02594,121.50651,25
500113008,20231108,1362,43,17,1,25.02594,121.50651,25
500113008,20231108,1363,43,17,1,25.02594,121.50651,25
500113008,20231108,1364,43,17,1,25.02594,121.50651,25
500113008,20231108,1365,43,17,1,25.02594,121.50651,25
500113008,20231108,1366,43,19,1,25.02594,121.50651,23
500113008,20231108,1367,43,20,1,25.02594,121.50651,22
500113008,20231108,1368,43,20,1,25.02594,121.50651,22
500113008,20231108,1369,43,20,1,25.02594,121.50651,22
500113008,20231108,1370,43,20,1,25.02594,121.50651,22
500113008,20231108,1371,43,20,1,25.02594,121.50651,22
500113008,20231108,1372,43,20,1,25.02594,121.50651,22
500113008,20231108,1373,43,20,1,25.02594,121.50651,22
500113008,20231108,1374,43,21,1,25.02594,121.50651,21
500113008,20231108,1375,43,21,1,25.02594,121.50651,21
500113008,20231108,1376,43,21,1,25.02594,121.50651,21
500113008,20231108,1377,43,21,1,25.02594,121.50651,21
500113008,20231108,1378,43,21,1,25.02594,121.50651,21
500113008,20231108,1379,43,21,1,25.02594,121.50651,21
500113008,20231108,1381,43,20,1,25.02594,121.50651,22
500113008,20231108,1382,43,20,1,25.02594,121.50651,22
500113008,20231108,1383,43,20,1,25.02594,121.50651,22
500113008,20231108,1384,43,20,1,25.02594,121.50651,22
500113008,20231108,1385,43,20,1,25.02594,121.50651,22
500113008,20231108,1386,43,20,1,25.02594,121.50651,22
500113008,20231108,1387,43,21,1,25.02594,121.50651,21
500113008,20231108,1389,43,21,1,25.02594,121.50651,21
500113008,20231108,1391,43,21,1,25.02594,121.50651,21
500113008,20231108,1392,43,21,1,25.02594,121.50651,21
500113008,20231108,1393,43,20,1,25.02594,121.50651,22
500113008,20231108,1394,43,20,1,25.02594,121.50651,22
500113008,20231108,1395,43,20,1,25.02594,121.50651,22
500113008,20231108,1396,43,20,1,25.02594,121.50651,22
500113008,20231108,1397,43,20,1,25.02594,121.50651,22
500113008,20231108,1398,43,20,1,25.02594,121.50651,22
500113008,20231108,1399,43,20,1,25.02594,121.50651,22
500113008,20231108,1401,43,20,1,25.02594,121.50651,22
500113008,20231108,1402,43,20,1,25.02594,121.50651,22
500113008,20231108,1403,43,20,1,25.02594,121.50651,22
500113008,20231108,1404,43,20,1,25.02594,121.50651,22
500113008,20231108,1405,43,20,1,25.02594,121.50651,22
500113008,20231108,1406,43,20,1,25.02594,121.50651,22
500113008,20231108,1407,43,20,1,25.02594,121.50651,22
500113008,20231108,1408,43,20,1,25.02594,121.50651,22
500113008,20231108,1409,43,20,1,25.02594,121.50651,22
500113008,20231108,1410,43,20,1,25.02594,121.50651,22
500113008,20231108,1411,43,20,1,25.02594,121.50651,22
500113008,20231108,1412,43,20,1,25.02594,121.50651,22
500113008,20231108,1413,43,19,1,25.02594,121.50651,23
500113008,20231108,1414,43,19,1,25.02594,121.50651,23
500113008,20231108,1415,43,19,1,25.02594,121.50651,23
500113008,20231108,1416,43,19,1,25.02594,121.50651,23
500113008,20231108,1417,43,19,1,25.02594,121.50651,23
500113008,20231108,1418,43,19,1,25.02594,121.50651,23
500113008,20231108,1419,43,19,1,25.02594,121.50651,23
500113008,20231108,1420,43,20,1,25.02594,121.50651,22
500113008,20231108,1421,43,20,1,25.02594,121.50651,22
500113008,20231108,1422,43,20,1,25.02594,121.50651,22
500113008,20231108,1423,43,20,1,25.02594,121.50651,22
500113008,20231108,1424,43,20,1,25.02594,121.50651,22
500113008,20231108,1425,43,20,1,25.02594,121.50651,22
500113008,20231108,1426,43,20,1,25.02594,121.50651,22
500113008,20231108,1427,43,20,1,25.02594,121.50651,22
500113008,20231108,1428,43,19,1,25.02594,121.50651,23
500113008,20231108,1429,43,19,1,25.02594,121.50651,23
500113008,20231108,1430,43,19,1,25.02594,121.50651,23
500113008,20231108,1431,43,19,1,25.02594,121.50651,23
500113008,20231108,1432,43,19,1,25.02594,121.50651,23
500113008,20231108,1433,43,19,1,25.02594,121.50651,23
500113008,20231108,1434,43,19,1,25.02594,121.50651,23
500113008,20231108,1435,43,19,1,25.02594,121.50651,23
500113008,20231108,1436,43,20,1,25.02594,121.50651,22
500113008,20231108,1437,43,20,1,25.02594,121.50651,22
500113008,20231108,1438,43,20,1,25.02594,121.50651,22
500113008,20231108,1439,43,20,1,25.02594,121.50651,22
500113008,20231109,1,43,20,1,25.02594,121.50651,22
500113008,20231109,2,43,20,1,25.02594,121.50651,22
500113008,20231109,3,43,20,1,25.02594,121.50651,22
500113008,20231109,4,43,20,1,25.02594,121.50651,22
500113008,20231109,5,43,20,1,25.02594,121.50651,22
500113008,20231109,6,43,20,1,25.02594,121.50651,22
500113008,20231109,7,43,20,1,25.02594,121.50651,22
500113008,20231109,8,43,20,1,25.02594,121.50651,22
500113008,20231109,9,43,20,1,25.02594,121.50651,22
500113008,20231109,10,43,21,1,25.02594,121.50651,21
500113008,20231109,11,43,21,1,25.02594,121.50651,21
500113008,20231109,12,43,21,1,25.02594,121.50651,21
500113008,20231109,13,43,21,1,25.02594,121.50651,21
500113008,20231109,14,43,21,1,25.02594,121.50651,21
500113008,20231109,15,43,21,1,25.02594,121.50651,21
500113008,20231109,16,43,21,1,25.02594,121.50651,21
500113008,20231109,17,43,21,1,25.02594,121.50651,21
500113008,20231109,18,43,21,1,25.02594,121.50651,21
500113008,20231109,19,43,20,1,25.02594,121.50651,22
500113008,20231109,21,43,20,1,25.02594,121.50651,22
500113008,20231109,22,43,20,1,25.02594,121.50651,22
500113008,20231109,24,43,20,1,25.02594,121.50651,22
500113008,20231109,25,43,20,1,25.02594,121.50651,22
500113008,20231109,26,43,20,1,25.02594,121.50651,22
500113008,20231109,27,43,20,1,25.02594,121.50651,22
500113008,20231109,28,43,20,1,25.02594,121.50651,22
500113008,20231109,29,43,20,1,25.02594,121.50651,22
500113008,20231109,31,43,20,1,25.02594,121.50651,22
500113008,20231109,32,43,20,1,25.02594,121.50651,22
500113008,20231109,33,43,20,1,25.02594,121.50651,22
500113008,20231109,34,43,20,1,25.02594,121.50651,22
500113008,20231109,35,43,20,1,25.02594,121.50651,22
500113008,20231109,36,43,20,1,25.02594,121.50651,22
500113008,20231109,37,43,20,1,25.02594,121.50651,22
500113008,20231109,39,43,20,1,25.02594,121.50651,22
500113008,20231109,41,43,20,1,25.02594,121.50651,22
500113008,20231109,42,43,20,1,25.02594,121.50651,22
500113008,20231109,43,43,20,1,25.02594,121.50651,22
500113008,20231109,44,43,20,1,25.02594,121.50651,22
500113008,20231109,45,43,20,1,25.02594,121.50651,22
500113008,20231109,46,43,20,1,25.02594,121.50651,22
500113008,20231109,47,43,20,1,25.02594,121.50651,22
500113008,20231109,48,43,20,1,25.02594,121.50651,22
500113008,20231109,49,43,20,1,25.02594,121.50651,22
500113008,20231109,51,43,20,1,25.02594,121.50651,22
500113008,20231109,52,43,19,1,25.02594,121.50651,23
500113008,20231109,53,43,19,1,25.02594,121.50651,23
500113008,20231109,54,43,19,1,25.02594,121.50651,23
500113008,20231109,55,43,19,1,25.02594,121.50651,23
500113008,20231109,56,43,19,1,25.02594,121.50651,23
500113008,20231109,58,43,19,1,25.02594,121.50651,23
500113008,20231109,59,43,19,1,25.02594,121.50651,23
500113008,20231109,61,43,19,1,25.02594,121.50651,23
500113008,20231109,62,43,19,1,25.02594,121.50651,23
500113008,20231109,63,43,19,1,25.02594,121.50651,23
500113008,20231109,64,43,19,1,25.02594,121.50651,23
500113008,20231109,65,43,19,1,25.02594,121.50651,23
500113008,20231109,66,43,19,1,25.02594,121.50651,23
500113008,20231109,67,43,19,1,25.02594,121.50651,23
500113008,20231109,68,43,19,1,25.02594,121.50651,23
500113008,20231109,69,43,19,1,25.02594,121.50651,23
500113008,20231109,71,43,19,1,25.02594,121.50651,23
500113008,20231109,72,43,19,1,25.02594,121.50651,23
500113008,20231109,73,43,19,1,25.02594,121.50651,23
500113008,20231109,74,43,19,1,25.02594,121.50651,23
500113008,20231109,75,43,19,1,25.02594,121.50651,23
500113008,20231109,76,43,19,1,25.02594,121.50651,23
500113008,20231109,77,43,19,1,25.02594,121.50651,23
500113008,20231109,78,43,19,1,25.02594,121.50651,23
500113008,20231109,79,43,19,1,25.02594,121.50651,23
500113008,20231109,81,43,19,1,25.02594,121.50651,23
500113008,20231109,82,43,19,1,25.02594,121.50651,23
500113008,20231109,83,43,19,1,25.02594,121.50651,23
500113008,20231109,84,43,19,1,25.02594,121.50651,23
500113008,20231109,85,43,19,1,25.02594,121.50651,23
500113008,20231109,86,43,19,1,25.02594,121.50651,23
500113008,20231109,87,43,19,1,25.02594,121.50651,23
500113008,20231109,88,43,19,1,25.02594,121.50651,23
500113008,20231109,89,43,19,1,25.02594,121.50651,23
500113008,20231109,91,43,19,1,25.02594,121.50651,23
500113008,20231109,92,43,19,1,25.02594,121.50651,23
500113008,20231109,93,43,19,1,25.02594,121.50651,23
500113008,20231109,94,43,19,1,25.02594,121.50651,23
500113008,20231109,95,43,19,1,25.02594,121.50651,23
500113008,20231109,96,43,19,1,25.02594,121.50651,23
500113008,20231109,97,43,19,1,25.02594,121.50651,23
500113008,20231109,98,43,19,1,25.02594,121.50651,23
500113008,20231109,99,43,19,1,25.02594,121.50651,23
500113008,20231109,101,43,19,1,25.02594,121.50651,23
500113008,20231109,102,43,19,1,25.02594,121.50651,23
500113008,20231109,103,43,19,1,25.02594,121.50651,23
500113008,20231109,104,43,19,1,25.02594,121.50651,23
500113008,20231109,105,43,19,1,25.02594,121.50651,23
500113008,20231109,106,43,19,1,25.02594,121.50651,23
500113008,20231109,107,43,19,1,25.02594,121.50651,23
500113008,20231109,108,43,19,1,25.02594,121.50651,23
500113008,20231109,109,43,19,1,25.02594,121.50651,23
500113008,20231109,111,43,19,1,25.02594,121.50651,23
500113008,20231109,112,43,19,1,25.02594,121.50651,23
500113008,20231109,113,43,19,1,25.02594,121.50651,23
500113008,20231109,114,43,19,1,25.02594,121.50651,23
500113008,20231109,115,43,19,1,25.02594,121.50651,23
500113008,20231109,116,43,19,1,25.02594,121.50651,23
500113008,20231109,117,43,19,1,25.02594,121.50651,23
500113008,20231109,118,43,19,1,25.02594,121.50651,23
500113008,20231109,119,43,19,1,25.02594,121.50651,23
500113008,20231109,121,43,18,1,25.02594,121.50651,24
500113008,20231109,122,43,18,1,25.02594,121.50651,24
500113008,20231109,123,43,18,1,25.02594,121.50651,24
500113008,20231109,124,43,18,1,25.02594,121.50651,24
500113008,20231109,125,43,18,1,25.02594,121.50651,24
500113008,20231109,126,43,18,1,25.02594,121.50651,24
500113008,20231109,127,43,18,1,25.02594,121.50651,24
500113008,20231109,128,43,18,1,25.02594,121.50651,24
500113008,20231109,129,43,18,1,25.02594,121.50651,24
500113008,20231109,130,43,18,1,25.02594,121.50651,24
500113008,20231109,131,43,18,1,25.02594,121.50651,24
500113008,20231109,132,43,18,1,25.02594,121.50651,24
500113008,20231109,133,43,18,1,25.02594,121.50651,24
500113008,20231109,134,43,18,1,25.02594,121.50651,24
500113008,20231109,135,43,18,1,25.02594,121.50651,24
500113008,20231109,136,43,18,1,25.02594,121.50651,24
500113008,20231109,137,43,18,1,25.02594,121.50651,24
500113008,20231109,138,43,18,1,25.02594,121.50651,24
500113008,20231109,139,43,18,1,25.02594,121.50651,24
500113008,20231109,141,43,18,1,25.02594,121.50651,24
500113008,20231109,142,43,18,1,25.02594,121.50651,24
500113008,20231109,143,43,18,1,25.02594,121.50651,24
500113008,20231109,144,43,18,1,25.02594,121.50651,24
500113008,20231109,145,43,18,1,25.02594,121.50651,24
500113008,20231109,146,43,18,1,25.02594,121.50651,24
500113008,20231109,147,43,18,1,25.02594,121.50651,24
500113008,20231109,148,43,18,1,25.02594,121.50651,24
500113008,20231109,149,43,18,1,25.02594,121.50651,24
500113008,20231109,150,43,18,1,25.02594,121.50651,24
500113008,20231109,151,43,18,1,25.02594,121.50651,24
500113008,20231109,152,43,18,1,25.02594,121.50651,24
500113008,20231109,153,43,18,1,25.02594,121.50651,24
500113008,20231109,154,43,18,1,25.02594,121.50651,24
500113008,20231109,155,43,18,1,25.02594,121.50651,24
500113008,20231109,156,43,18,1,25.02594,121.50651,24
500113008,20231109,157,43,18,1,25.02594,121.50651,24
500113008,20231109,158,43,18,1,25.02594,121.50651,24
500113008,20231109,159,43,18,1,25.02594,121.50651,24
500113008,20231109,160,43,18,1,25.02594,121.50651,24
500113008,20231109,161,43,18,1,25.02594,121.50651,24
500113008,20231109,162,43,18,1,25.02594,121.50651,24
500113008,20231109,163,43,18,1,25.02594,121.50651,24
500113008,20231109,164,43,18,1,25.02594,121.50651,24
500113008,20231109,165,43,18,1,25.02594,121.50651,24
500113008,20231109,166,43,18,1,25.02594,121.50651,24
500113008,20231109,167,43,18,1,25.02594,121.50651,24
500113008,20231109,168,43,18,1,25.02594,121.50651,24
500113008,20231109,169,43,18,1,25.02594,121.50651,24
500113008,20231109,170,43,18,1,25.02594,121.50651,24
500113008,20231109,171,43,18,1,25.02594,121.50651,24
500113008,20231109,172,43,18,1,25.02594,121.50651,24
500113008,20231109,173,43,18,1,25.02594,121.50651,24
500113008,20231109,174,43,18,1,25.02594,121.50651,24
500113008,20231109,175,43,18,1,25.02594,121.50651,24
500113008,20231109,176,43,18,1,25.02594,121.50651,24
500113008,20231109,177,43,18,1,25.02594,121.50651,24
500113008,20231109,178,43,18,1,25.02594,121.50651,24
500113008,20231109,179,43,18,1,25.02594,121.50651,24
500113008,20231109,180,43,18,1,25.02594,121.50651,24
500113008,20231109,181,43,18,1,25.02594,121.50651,24
500113008,20231109,182,43,18,1,25.02594,121.50651,24
500113008,20231109,183,43,18,1,25.02594,121.50651,24
500113008,20231109,184,43,18,1,25.02594,121.50651,24
500113008,20231109,185,43,18,1,25.02594,121.50651,24
500113008,20231109,186,43,18,1,25.02594,121.50651,24
500113008,20231109,187,43,18,1,25.02594,121.50651,24
500113008,20231109,188,43,18,1,25.02594,121.50651,24
500113008,20231109,189,43,18,1,25.02594,121.50651,24
500113008,20231109,190,43,18,1,25.02594,121.50651,24
500113008,20231109,191,43,18,1,25.02594,121.50651,24
500113008,20231109,192,43,18,1,25.02594,121.50651,24
500113008,20231109,193,43,18,1,25.02594,121.50651,24
500113008,20231109,194,43,18,1,25.02594,121.50651,24
500113008,20231109,195,43,18,1,25.02594,121.50651,24
500113008,20231109,196,43,18,1,25.02594,121.50651,24
500113008,20231109,197,43,18,1,25.02594,121.50651,24
500113008,20231109,198,43,18,1,25.02594,121.50651,24
500113008,20231109,199,43,18,1,25.02594,121.50651,24
500113008,20231109,201,43,18,1,25.02594,121.50651,24
500113008,20231109,202,43,18,1,25.02594,121.50651,24
500113008,20231109,203,43,18,1,25.02594,121.50651,24
500113008,20231109,204,43,18,1,25.02594,121.50651,24
500113008,20231109,205,43,18,1,25.02594,121.50651,24
500113008,20231109,206,43,18,1,25.02594,121.50651,24
500113008,20231109,207,43,18,1,25.02594,121.50651,24
500113008,20231109,208,43,18,1,25.02594,121.50651,24
500113008,20231109,209,43,18,1,25.02594,121.50651,24
500113008,20231109,210,43,18,1,25.02594,121.50651,24
500113008,20231109,211,43,18,1,25.02594,121.50651,24
500113008,20231109,212,43,18,1,25.02594,121.50651,24
500113008,20231109,213,43,18,1,25.02594,121.50651,24
500113008,20231109,214,43,18,1,25.02594,121.50651,24
500113008,20231109,215,43,18,1,25.02594,121.50651,24
500113008,20231109,216,43,18,1,25.02594,121.50651,24
500113008,20231109,217,43,18,1,25.02594,121.50651,24
500113008,20231109,218,43,18,1,25.02594,121.50651,24
500113008,20231109,219,43,18,1,25.02594,121.50651,24
500113008,20231109,220,43,18,1,25.02594,121.50651,24
500113008,20231109,221,43,18,1,25.02594,121.50651,24
500113008,20231109,222,43,18,1,25.02594,121.50651,24
500113008,20231109,223,43,18,1,25.02594,121.50651,24
500113008,20231109,224,43,18,1,25.02594,121.50651,24
500113008,20231109,225,43,18,1,25.02594,121.50651,24
500113008,20231109,226,43,18,1,25.02594,121.50651,24
500113008,20231109,227,43,18,1,25.02594,121.50651,24
500113008,20231109,228,43,18,1,25.02594,121.50651,24
500113008,20231109,229,43,18,1,25.02594,121.50651,24
500113008,20231109,230,43,18,1,25.02594,121.50651,24
500113008,20231109,231,43,18,1,25.02594,121.50651,24
500113008,20231109,232,43,18,1,25.02594,121.50651,24
500113008,20231109,233,43,18,1,25.02594,121.50651,24
500113008,20231109,234,43,18,1,25.02594,121.50651,24
500113008,20231109,235,43,18,1,25.02594,121.50651,24
500113008,20231109,236,43,18,1,25.02594,121.50651,24
500113008,20231109,237,43,18,1,25.02594,121.50651,24
500113008,20231109,238,43,18,1,25.02594,121.50651,24
500113008,20231109,239,43,18,1,25.02594,121.50651,24
500113008,20231109,241,43,18,1,25.02594,121.50651,24
500113008,20231109,242,43,18,1,25.02594,121.50651,24
500113008,20231109,243,43,18,1,25.02594,121.50651,24
500113008,20231109,244,43,18,1,25.02594,121.50651,24
500113008,20231109,245,43,18,1,25.02594,121.50651,24
500113008,20231109,246,43,18,1,25.02594,121.50651,24
500113008,20231109,247,43,18,1,25.02594,121.50651,24
500113008,20231109,248,43,18,1,25.02594,121.50651,24
500113008,20231109,249,43,18,1,25.02594,121.50651,24
500113008,20231109,250,43,18,1,25.02594,121.50651,24
500113008,20231109,251,43,18,1,25.02594,121.50651,24
500113008,20231109,252,43,18,1,25.02594,121.50651,24
500113008,20231109,253,43,18,1,25.02594,121.50651,24
500113008,20231109,254,43,18,1,25.02594,121.50651,24
500113008,20231109,255,43,18,1,25.02594,121.50651,24
500113008,20231109,256,43,18,1,25.02594,121.50651,24
500113008,20231109,257,43,18,1,25.02594,121.50651,24
500113008,20231109,258,43,18,1,25.02594,121.50651,24
500113008,20231109,259,43,18,1,25.02594,121.50651,24
500113008,20231109,261,43,18,1,25.02594,121.50651,24
500113008,20231109,262,43,18,1,25.02594,121.50651,24
500113008,20231109,263,43,18,1,25.02594,121.50651,24
500113008,20231109,264,43,18,1,25.02594,121.50651,24
500113008,20231109,265,43,18,1,25.02594,121.50651,24
500113008,20231109,266,43,18,1,25.02594,121.50651,24
500113008,20231109,267,43,18,1,25.02594,121.50651,24
500113008,20231109,268,43,18,1,25.02594,121.50651,24
500113008,20231109,269,43,18,1,25.02594,121.50651,24
500113008,20231109,270,43,18,1,25.02594,121.50651,24
500113008,20231109,271,43,18,1,25.02594,121.50651,24
500113008,20231109,272,43,18,1,25.02594,121.50651,24
500113008,20231109,273,43,18,1,25.02594,121.50651,24
500113008,20231109,274,43,18,1,25.02594,121.50651,24
500113008,20231109,275,43,18,1,25.02594,121.50651,24
500113008,20231109,277,43,18,1,25.02594,121.50651,24
500113008,20231109,278,43,18,1,25.02594,121.50651,24
500113008,20231109,279,43,18,1,25.02594,121.50651,24
500113008,20231109,281,43,18,1,25.02594,121.50651,24
500113008,20231109,282,43,19,1,25.02594,121.50651,23
500113008,20231109,283,43,19,1,25.02594,121.50651,23
500113008,20231109,284,43,19,1,25.02594,121.50651,23
500113008,20231109,285,43,19,1,25.02594,121.50651,23
500113008,20231109,286,43,19,1,25.02594,121.50651,23
500113008,20231109,287,43,19,1,25.02594,121.50651,23
500113008,20231109,288,43,19,1,25.02594,121.50651,23
500113008,20231109,289,43,19,1,25.02594,121.50651,23
500113008,20231109,291,43,19,1,25.02594,121.50651,23
500113008,20231109,292,43,19,1,25.02594,121.50651,23
500113008,20231109,293,43,19,1,25.02594,121.50651,23
500113008,20231109,294,43,19,1,25.02594,121.50651,23
500113008,20231109,295,43,19,1,25.02594,121.50651,23
500113008,20231109,296,43,19,1,25.02594,121.50651,23
500113008,20231109,297,43,19,1,25.02594,121.50651,23
500113008,20231109,298,43,19,1,25.02594,121.50651,23
500113008,20231109,299,43,19,1,25.02594,121.50651,23
500113008,20231109,301,43,19,1,25.02594,121.50651,23
500113008,20231109,302,43,19,1,25.02594,121.50651,23
500113008,20231109,303,43,19,1,25.02594,121.50651,23
500113008,20231109,304,43,19,1,25.02594,121.50651,23
500113008,20231109,305,43,19,1,25.02594,121.50651,23
500113008,20231109,306,43,19,1,25.02594,121.50651,23
500113008,20231109,307,43,19,1,25.02594,121.50651,23
500113008,20231109,308,43,19,1,25.02594,121.50651,23
500113008,20231109,309,43,19,1,25.02594,121.50651,23
500113008,20231109,311,43,19,1,25.02594,121.50651,23
500113008,20231109,312,43,19,1,25.02594,121.50651,23
500113008,20231109,313,43,19,1,25.02594,121.50651,23
500113008,20231109,314,43,19,1,25.02594,121.50651,23
500113008,20231109,315,43,19,1,25.02594,121.50651,23
500113008,20231109,316,43,19,1,25.02594,121.50651,23
500113008,20231109,317,43,19,1,25.02594,121.50651,23
500113008,20231109,318,43,19,1,25.02594,121.50651,23
500113008,20231109,319,43,18,1,25.02594,121.50651,24
500113008,20231109,321,43,18,1,25.02594,121.50651,24
500113008,20231109,322,43,18,1,25.02594,121.50651,24
500113008,20231109,323,43,18,1,25.02594,121.50651,24
500113008,20231109,324,43,18,1,25.02594,121.50651,24
500113008,20231109,325,43,18,1,25.02594,121.50651,24
500113008,20231109,326,43,18,1,25.02594,121.50651,24
500113008,20231109,327,43,18,1,25.02594,121.50651,24
500113008,20231109,328,43,18,1,25.02594,121.50651,24
500113008,20231109,329,43,18,1,25.02594,121.50651,24
500113008,20231109,331,43,17,1,25.02594,121.50651,25
500113008,20231109,332,43,17,1,25.02594,121.50651,25
500113008,20231109,333,43,17,1,25.02594,121.50651,25
500113008,20231109,334,43,17,1,25.02594,121.50651,25
500113008,20231109,335,43,17,1,25.02594,121.50651,25
500113008,20231109,336,43,17,1,25.02594,121.50651,25
500113008,20231109,337,43,17,1,25.02594,121.50651,25
500113008,20231109,338,43,17,1,25.02594,121.50651,25
500113008,20231109,339,43,17,1,25.02594,121.50651,25
500113008,20231109,341,43,17,1,25.02594,121.50651,25
500113008,20231109,342,43,16,1,25.02594,121.50651,26
500113008,20231109,343,43,16,1,25.02594,121.50651,26
500113008,20231109,344,43,16,1,25.02594,121.50651,26
500113008,20231109,345,43,16,1,25.02594,121.50651,26
500113008,20231109,346,43,16,1,25.02594,121.50651,26
500113008,20231109,347,43,16,1,25.02594,121.50651,26
500113008,20231109,348,43,16,1,25.02594,121.50651,26
500113008,20231109,349,43,16,1,25.02594,121.50651,26
500113008,20231109,351,43,16,1,25.02594,121.50651,26
500113008,20231109,352,43,16,1,25.02594,121.50651,26
500113008,20231109,353,43,16,1,25.02594,121.50651,26
500113008,20231109,354,43,16,1,25.02594,121.50651,26
500113008,20231109,355,43,16,1,25.02594,121.50651,26
500113008,20231109,356,43,16,1,25.02594,121.50651,26
500113008,20231109,357,43,16,1,25.02594,121.50651,26
500113008,20231109,358,43,16,1,25.02594,121.50651,26
500113008,20231109,359,43,16,1,25.02594,121.50651,26
500113008,20231109,361,43,16,1,25.02594,121.50651,26
500113008,20231109,362,43,16,1,25.02594,121.50651,26
500113008,20231109,363,43,16,1,25.02594,121.50651,26
500113008,20231109,364,43,16,1,25.02594,121.50651,26
500113008,20231109,365,43,16,1,25.02594,121.50651,26
500113008,20231109,366,43,16,1,25.02594,121.50651,26
500113008,20231109,367,43,15,1,25.02594,121.50651,27
500113008,20231109,368,43,15,1,25.02594,121.50651,27
500113008,20231109,369,43,15,1,25.02594,121.50651,27
500113008,20231109,371,43,15,1,25.02594,121.50651,27
500113008,20231109,372,43,15,1,25.02594,121.50651,27
500113008,20231109,373,43,15,1,25.02594,121.50651,27
500113008,20231109,374,43,15,1,25.02594,121.50651,27
500113008,20231109,375,43,15,1,25.02594,121.50651,27
500113008,20231109,376,43,15,1,25.02594,121.50651,27
500113008,20231109,377,43,15,1,25.02594,121.50651,27
500113008,20231109,378,43,15,1,25.02594,121.50651,27
500113008,20231109,379,43,15,1,25.02594,121.50651,27
500113008,20231109,381,43,15,1,25.02594,121.50651,27
500113008,20231109,382,43,14,1,25.02594,121.50651,28
500113008,20231109,383,43,14,1,25.02594,121.50651,28
500113008,20231109,384,43,15,1,25.02594,121.50651,27
500113008,20231109,385,43,15,1,25.02594,121.50651,27
500113008,20231109,386,43,15,1,25.02594,121.50651,27
500113008,20231109,387,43,15,1,25.02594,121.50651,27
500113008,20231109,388,43,14,1,25.02594,121.50651,28
500113008,20231109,389,43,14,1,25.02594,121.50651,28
500113008,20231109,390,43,14,1,25.02594,121.50651,28
500113008,20231109,391,43,15,1,25.02594,121.50651,27
500113008,20231109,392,43,15,1,25.02594,121.50651,27
500113008,20231109,393,43,15,1,25.02594,121.50651,27
500113008,20231109,394,43,15,1,25.02594,121.50651,27
500113008,20231109,395,43,14,1,25.02594,121.50651,28
500113008,20231109,396,43,15,1,25.02594,121.50651,27
500113008,20231109,397,43,15,1,25.02594,121.50651,27
500113008,20231109,398,43,15,1,25.02594,121.50651,27
500113008,20231109,399,43,15,1,25.02594,121.50651,27
500113008,20231109,400,43,15,1,25.02594,121.50651,27
500113008,20231109,401,43,15,1,25.02594,121.50651,27
500113008,20231109,402,43,15,1,25.02594,121.50651,27
500113008,20231109,403,43,15,1,25.02594,121.50651,27
500113008,20231109,404,43,15,1,25.02594,121.50651,27
500113008,20231109,405,43,15,1,25.02594,121.50651,27
500113008,20231109,406,43,15,1,25.02594,121.50651,27
500113008,20231109,407,43,15,1,25.02594,121.50651,27
500113008,20231109,408,43,15,1,25.02594,121.50651,27
500113008,20231109,409,43,15,1,25.02594,121.50651,27
500113008,20231109,410,43,15,1,25.02594,121.50651,27
500113008,20231109,411,43,15,1,25.02594,121.50651,27
500113008,20231109,412,43,15,1,25.02594,121.50651,27
500113008,20231109,413,43,14,1,25.02594,121.50651,28
500113008,20231109,414,43,15,1,25.02594,121.50651,27
500113008,20231109,415,43,15,1,25.02594,121.50651,27
500113008,20231109,416,43,15,1,25.02594,121.50651,27
500113008,20231109,417,43,16,1,25.02594,121.50651,26
500113008,20231109,418,43,18,1,25.02594,121.50651,24
500113008,20231109,419,43,18,1,25.02594,121.50651,24
500113008,20231109,421,43,19,1,25.02594,121.50651,23
500113008,20231109,422,43,19,1,25.02594,121.50651,23
500113008,20231109,423,43,19,1,25.02594,121.50651,23
500113008,20231109,424,43,19,1,25.02594,121.50651,23
500113008,20231109,425,43,19,1,25.02594,121.50651,23
500113008,20231109,426,43,20,1,25.02594,121.50651,22
500113008,20231109,427,43,19,1,25.02594,121.50651,23
500113008,20231109,428,43,19,1,25.02594,121.50651,23
500113008,20231109,429,43,19,1,25.02594,121.50651,23
500113008,20231109,430,43,20,1,25.02594,121.50651,22
500113008,20231109,431,43,18,1,25.02594,121.50651,24
500113008,20231109,432,43,18,1,25.02594,121.50651,24
500113008,20231109,433,43,19,1,25.02594,121.50651,23
500113008,20231109,434,43,19,1,25.02594,121.50651,23
500113008,20231109,435,43,19,1,25.02594,121.50651,23
500113008,20231109,436,43,18,1,25.02594,121.50651,24
500113008,20231109,437,43,19,1,25.02594,121.50651,23
500113008,20231109,438,43,19,1,25.02594,121.50651,23
500113008,20231109,439,43,19,1,25.02594,121.50651,23
500113008,20231109,441,43,19,1,25.02594,121.50651,23
500113008,20231109,442,43,20,1,25.02594,121.50651,22
500113008,20231109,443,43,21,1,25.02594,121.50651,21
500113008,20231109,444,43,21,1,25.02594,121.50651,21
500113008,20231109,445,43,21,1,25.02594,121.50651,21
500113008,20231109,446,43,21,1,25.02594,121.50651,21
500113008,20231109,447,43,21,1,25.02594,121.50651,21
500113008,20231109,448,43,20,1,25.02594,121.50651,22
500113008,20231109,449,43,20,1,25.02594,121.50651,22
500113008,20231109,451,43,20,1,25.02594,121.50651,22
500113008,20231109,452,43,20,1,25.02594,121.50651,22
500113008,20231109,453,43,20,1,25.02594,121.50651,22
500113008,20231109,454,43,21,1,25.02594,121.50651,21
500113008,20231109,455,43,23,1,25.02594,121.50651,19
500113008,20231109,456,43,22,1,25.02594,121.50651,20
500113008,20231109,457,43,24,1,25.02594,121.50651,18
500113008,20231109,458,43,24,1,25.02594,121.50651,18
500113008,20231109,459,43,24,1,25.02594,121.50651,18
500113008,20231109,460,43,23,1,25.02594,121.50651,19
500113008,20231109,461,43,23,1,25.02594,121.50651,19
500113008,20231109,462,43,22,1,25.02594,121.50651,20
500113008,20231109,463,43,22,1,25.02594,121.50651,20
500113008,20231109,464,43,22,1,25.02594,121.50651,20
500113008,20231109,465,43,22,1,25.02594,121.50651,20
500113008,20231109,466,43,22,1,25.02594,121.50651,20
500113008,20231109,467,43,22,1,25.02594,121.50651,20
500113008,20231109,468,43,23,1,25.02594,121.50651,19
500113008,20231109,469,43,22,1,25.02594,121.50651,20
500113008,20231109,470,43,22,1,25.02594,121.50651,20
500113008,20231109,471,43,22,1,25.02594,121.50651,20
500113008,20231109,472,43,22,1,25.02594,121.50651,20
500113008,20231109,473,43,22,1,25.02594,121.50651,20
500113008,20231109,474,43,23,1,25.02594,121.50651,19
500113008,20231109,475,43,23,1,25.02594,121.50651,19
500113008,20231109,476,43,22,1,25.02594,121.50651,20
500113008,20231109,477,43,22,1,25.02594,121.50651,20
500113008,20231109,478,43,22,1,25.02594,121.50651,20
500113008,20231109,479,43,22,1,25.02594,121.50651,20
500113008,20231109,481,43,23,1,25.02594,121.50651,19
500113008,20231109,482,43,22,1,25.02594,121.50651,20
500113008,20231109,483,43,23,1,25.02594,121.50651,19
500113008,20231109,484,43,23,1,25.02594,121.50651,19
500113008,20231109,485,43,22,1,25.02594,121.50651,20
500113008,20231109,486,43,22,1,25.02594,121.50651,20
500113008,20231109,487,43,21,1,25.02594,121.50651,21
500113008,20231109,488,43,21,1,25.02594,121.50651,21
500113008,20231109,489,43,21,1,25.02594,121.50651,21
500113008,20231109,490,43,21,1,25.02594,121.50651,21
500113008,20231109,491,43,21,1,25.02594,121.50651,21
500113008,20231109,492,43,21,1,25.02594,121.50651,21
500113008,20231109,493,43,21,1,25.02594,121.50651,21
500113008,20231109,494,43,21,1,25.02594,121.50651,21
500113008,20231109,495,43,22,1,25.02594,121.50651,20
500113008,20231109,496,43,23,1,25.02594,121.50651,19
500113008,20231109,497,43,23,1,25.02594,121.50651,19
500113008,20231109,498,43,24,1,25.02594,121.50651,18
500113008,20231109,499,43,24,1,25.02594,121.50651,18
500113008,20231109,501,43,25,1,25.02594,121.50651,17
500113008,20231109,502,43,26,1,25.02594,121.50651,16
500113008,20231109,503,43,27,1,25.02594,121.50651,15
500113008,20231109,504,43,27,1,25.02594,121.50651,15
500113008,20231109,505,43,27,1,25.02594,121.50651,15
500113008,20231109,506,43,27,1,25.02594,121.50651,15
500113008,20231109,507,43,26,1,25.02594,121.50651,16
500113008,20231109,508,43,26,1,25.02594,121.50651,16
500113008,20231109,509,43,26,1,25.02594,121.50651,16
500113008,20231109,511,43,27,1,25.02594,121.50651,15
500113008,20231109,512,43,27,1,25.02594,121.50651,15
500113008,20231109,513,43,27,1,25.02594,121.50651,15
500113008,20231109,514,43,27,1,25.02594,121.50651,15
500113008,20231109,515,43,26,1,25.02594,121.50651,16
500113008,20231109,516,43,26,1,25.02594,121.50651,16
500113008,20231109,517,43,26,1,25.02594,121.50651,16
500113008,20231109,518,43,26,1,25.02594,121.50651,16
500113008,20231109,519,43,26,1,25.02594,121.50651,16
500113008,20231109,520,43,26,1,25.02594,121.50651,16
500113008,20231109,521,43,26,1,25.02594,121.50651,16
500113008,20231109,522,43,26,1,25.02594,121.50651,16
500113008,20231109,523,43,26,1,25.02594,121.50651,16
500113008,20231109,524,43,26,1,25.02594,121.50651,16
500113008,20231109,525,43,26,1,25.02594,121.50651,16
500113008,20231109,526,43,26,1,25.02594,121.50651,16
500113008,20231109,527,43,26,1,25.02594,121.50651,16
500113008,20231109,528,43,26,1,25.02594,121.50651,16
500113008,20231109,529,43,26,1,25.02594,121.50651,16
500113008,20231109,530,43,26,1,25.02594,121.50651,16
500113008,20231109,531,43,26,1,25.02594,121.50651,16
500113008,20231109,532,43,26,1,25.02594,121.50651,16
500113008,20231109,533,43,26,1,25.02594,121.50651,16
500113008,20231109,534,43,26,1,25.02594,121.50651,16
500113008,20231109,535,43,26,1,25.02594,121.50651,16
500113008,20231109,536,43,26,1,25.02594,121.50651,16
500113008,20231109,538,43,26,1,25.02594,121.50651,16
500113008,20231109,539,43,28,1,25.02594,121.50651,14
500113008,20231109,541,43,28,1,25.02594,121.50651,14
500113008,20231109,542,43,28,1,25.02594,121.50651,14
500113008,20231109,543,43,28,1,25.02594,121.50651,14
500113008,20231109,544,43,28,1,25.02594,121.50651,14
500113008,20231109,545,43,28,1,25.02594,121.50651,14
500113008,20231109,546,43,28,1,25.02594,121.50651,14
500113008,20231109,547,43,29,1,25.02594,121.50651,13
500113008,20231109,548,43,29,1,25.02594,121.50651,13
500113008,20231109,549,43,29,1,25.02594,121.50651,13
500113008,20231109,551,43,29,1,25.02594,121.50651,13
500113008,20231109,552,43,29,1,25.02594,121.50651,13
500113008,20231109,553,43,29,1,25.02594,121.50651,13
500113008,20231109,554,43,29,1,25.02594,121.50651,13
500113008,20231109,555,43,30,1,25.02594,121.50651,12
500113008,20231109,556,43,30,1,25.02594,121.50651,12
500113008,20231109,557,43,31,1,25.02594,121.50651,11
500113008,20231109,558,43,31,1,25.02594,121.50651,11
500113008,20231109,559,43,32,1,25.02594,121.50651,10
500113008,20231109,561,43,33,1,25.02594,121.50651,9
500113008,20231109,562,43,33,1,25.02594,121.50651,9
500113008,20231109,563,43,33,1,25.02594,121.50651,9
500113008,20231109,564,43,33,1,25.02594,121.50651,9
500113008,20231109,565,43,33,1,25.02594,121.50651,9
500113008,20231109,566,43,33,1,25.02594,121.50651,9
500113008,20231109,567,43,33,1,25.02594,121.50651,9
500113008,20231109,568,43,33,1,25.02594,121.50651,9
500113008,20231109,569,43,33,1,25.02594,121.50651,9
500113008,20231109,571,43,33,1,25.02594,121.50651,9
500113008,20231109,572,43,33,1,25.02594,121.50651,9
500113008,20231109,574,43,34,1,25.02594,121.50651,8
500113008,20231109,575,43,34,1,25.02594,121.50651,8
500113008,20231109,576,43,33,1,25.02594,121.50651,9
500113008,20231109,577,43,33,1,25.02594,121.50651,9
500113008,20231109,578,43,32,1,25.02594,121.50651,10
500113008,20231109,579,43,32,1,25.02594,121.50651,10
500113008,20231109,581,43,32,1,25.02594,121.50651,10
500113008,20231109,582,43,32,1,25.02594,121.50651,10
500113008,20231109,583,43,33,1,25.02594,121.50651,9
500113008,20231109,584,43,33,1,25.02594,121.50651,9
500113008,20231109,585,43,33,1,25.02594,121.50651,9
500113008,20231109,586,43,34,1,25.02594,121.50651,8
500113008,20231109,587,43,34,1,25.02594,121.50651,8
500113008,20231109,588,43,34,1,25.02594,121.50651,8
500113008,20231109,589,43,35,1,25.02594,121.50651,7
500113008,20231109,591,43,35,1,25.02594,121.50651,7
500113008,20231109,592,43,36,1,25.02594,121.50651,6
500113008,20231109,593,43,36,1,25.02594,121.50651,6
500113008,20231109,594,43,36,1,25.02594,121.50651,6
500113008,20231109,595,43,36,1,25.02594,121.50651,6
500113008,20231109,596,43,36,1,25.02594,121.50651,6
500113008,20231109,597,43,36,1,25.02594,121.50651,6
500113008,20231109,598,43,35,1,25.02594,121.50651,7
500113008,20231109,599,43,36,1,25.02594,121.50651,6
500113008,20231109,601,43,36,1,25.02594,121.50651,6
500113008,20231109,602,43,37,1,25.02594,121.50651,5
500113008,20231109,603,43,37,1,25.02594,121.50651,5
500113008,20231109,604,43,37,1,25.02594,121.50651,5
500113008,20231109,605,43,37,1,25.02594,121.50651,5
500113008,20231109,606,43,37,1,25.02594,121.50651,5
500113008,20231109,607,43,37,1,25.02594,121.50651,5
500113008,20231109,608,43,37,1,25.02594,121.50651,5
500113008,20231109,609,43,37,1,25.02594,121.50651,5
500113008,20231109,611,43,36,1,25.02594,121.50651,6
500113008,20231109,612,43,36,1,25.02594,121.50651,6
500113008,20231109,613,43,36,1,25.02594,121.50651,6
500113008,20231109,614,43,37,1,25.02594,121.50651,5
500113008,20231109,615,43,37,1,25.02594,121.50651,5
500113008,20231109,616,43,37,1,25.02594,121.50651,5
500113008,20231109,617,43,38,1,25.02594,121.50651,4
500113008,20231109,618,43,38,1,25.02594,121.50651,4
500113008,20231109,619,43,38,1,25.02594,121.50651,4
500113008,20231109,621,43,40,1,25.02594,121.50651,2
500113008,20231109,622,43,40,1,25.02594,121.50651,2
500113008,20231109,623,43,40,1,25.02594,121.50651,2
500113008,20231109,624,43,41,1,25.02594,121.50651,1
500113008,20231109,625,43,41,1,25.02594,121.50651,1
500113008,20231109,626,43,41,1,25.02594,121.50651,1
500113008,20231109,627,43,40,1,25.02594,121.50651,2
500113008,20231109,628,43,40,1,25.02594,121.50651,2
500113008,20231109,629,43,40,1,25.02594,121.50651,2
500113008,20231109,631,43,41,1,25.02594,121.50651,1
500113008,20231109,632,43,41,1,25.02594,121.50651,1
500113008,20231109,633,43,41,1,25.02594,121.50651,1
500113008,20231109,634,43,41,1,25.02594,121.50651,1
500113008,20231109,635,43,42,1,25.02594,121.50651,0
500113008,20231109,636,43,42,1,25.02594,121.50651,0
500113008,20231109,638,43,42,1,25.02594,121.50651,0
500113008,20231109,639,43,42,1,25.02594,121.50651,0
500113008,20231109,641,43,42,1,25.02594,121.50651,0
500113008,20231109,642,43,42,1,25.02594,121.50651,0
500113008,20231109,643,43,42,1,25.02594,121.50651,0
500113008,20231109,644,43,41,1,25.02594,121.50651,1
500113008,20231109,645,43,41,1,25.02594,121.50651,1
500113008,20231109,646,43,41,1,25.02594,121.50651,1
500113008,20231109,647,43,41,1,25.02594,121.50651,1
500113008,20231109,648,43,41,1,25.02594,121.50651,1
500113008,20231109,649,43,41,1,25.02594,121.50651,1
500113008,20231109,651,43,42,1,25.02594,121.50651,0
500113008,20231109,652,43,42,1,25.02594,121.50651,0
500113008,20231109,653,43,42,1,25.02594,121.50651,0
500113008,20231109,654,43,42,1,25.02594,121.50651,0
500113008,20231109,655,43,42,1,25.02594,121.50651,0
500113008,20231109,656,43,42,1,25.02594,121.50651,0
500113008,20231109,657,43,42,1,25.02594,121.50651,0
500113008,20231109,658,43,42,1,25.02594,121.50651,0
500113008,20231109,659,43,42,1,25.02594,121.50651,0
500113008,20231109,661,43,42,1,25.02594,121.50651,0
500113008,20231109,662,43,42,1,25.02594,121.50651,0
500113008,20231109,663,43,42,1,25.02594,121.50651,0
500113008,20231109,664,43,42,1,25.02594,121.50651,0
500113008,20231109,665,43,42,1,25.02594,121.50651,0
500113008,20231109,666,43,42,1,25.02594,121.50651,0
500113008,20231109,667,43,42,1,25.02594,121.50651,0
500113008,20231109,668,43,42,1,25.02594,121.50651,0
500113008,20231109,669,43,42,1,25.02594,121.50651,0
500113008,20231109,670,43,42,1,25.02594,121.50651,0
500113008,20231109,671,43,42,1,25.02594,121.50651,0
500113008,20231109,672,43,42,1,25.02594,121.50651,0
500113008,20231109,673,43,42,1,25.02594,121.50651,0
500113008,20231109,674,43,42,1,25.02594,121.50651,0
500113008,20231109,675,43,42,1,25.02594,121.50651,0
500113008,20231109,676,43,42,1,25.02594,121.50651,0
500113008,20231109,677,43,42,1,25.02594,121.50651,0
500113008,20231109,678,43,42,1,25.02594,121.50651,0
500113008,20231109,679,43,42,1,25.02594,121.50651,0
500113008,20231109,681,43,42,1,25.02594,121.50651,0
500113008,20231109,682,43,42,1,25.02594,121.50651,0
500113008,20231109,683,43,42,1,25.02594,121.50651,0
500113008,20231109,684,43,42,1,25.02594,121.50651,0
500113008,20231109,685,43,42,1,25.02594,121.50651,0
500113008,20231109,686,43,42,1,25.02594,121.50651,0
500113008,20231109,687,43,42,1,25.02594,121.50651,0
500113008,20231109,688,43,42,1,25.02594,121.50651,0
500113008,20231109,689,43,42,1,25.02594,121.50651,0
500113008,20231109,690,43,42,1,25.02594,121.50651,0
500113008,20231109,691,43,42,1,25.02594,121.50651,0
500113008,20231109,692,43,42,1,25.02594,121.50651,0
500113008,20231109,693,43,42,1,25.02594,121.50651,0
500113008,20231109,694,43,42,1,25.02594,121.50651,0
500113008,20231109,695,43,42,1,25.02594,121.50651,0
500113008,20231109,696,43,42,1,25.02594,121.50651,0
500113008,20231109,697,43,42,1,25.02594,121.50651,0
500113008,20231109,698,43,42,1,25.02594,121.50651,0
500113008,20231109,699,43,42,1,25.02594,121.50651,0
500113008,20231109,700,43,41,1,25.02594,121.50651,1
500113008,20231109,701,43,41,1,25.02594,121.50651,1
500113008,20231109,702,43,41,1,25.02594,121.50651,1
500113008,20231109,703,43,41,1,25.02594,121.50651,1
500113008,20231109,704,43,41,1,25.02594,121.50651,1
500113008,20231109,705,43,41,1,25.02594,121.50651,1
500113008,20231109,706,43,41,1,25.02594,121.50651,1
500113008,20231109,707,43,41,1,25.02594,121.50651,1
500113008,20231109,708,43,41,1,25.02594,121.50651,1
500113008,20231109,709,43,41,1,25.02594,121.50651,1
500113008,20231109,710,43,41,1,25.02594,121.50651,1
500113008,20231109,711,43,41,1,25.02594,121.50651,1
500113008,20231109,712,43,41,1,25.02594,121.50651,1
500113008,20231109,713,43,42,1,25.02594,121.50651,0
500113008,20231109,714,43,42,1,25.02594,121.50651,0
500113008,20231109,715,43,42,1,25.02594,121.50651,0
500113008,20231109,716,43,42,1,25.02594,121.50651,0
500113008,20231109,717,43,42,1,25.02594,121.50651,0
500113008,20231109,718,43,42,1,25.02594,121.50651,0
500113008,20231109,719,43,42,1,25.02594,121.50651,0
500113008,20231109,721,43,42,1,25.02594,121.50651,0
500113008,20231109,722,43,42,1,25.02594,121.50651,0
500113008,20231109,723,43,42,1,25.02594,121.50651,0
500113008,20231109,724,43,42,1,25.02594,121.50651,0
500113008,20231109,725,43,42,1,25.02594,121.50651,0
500113008,20231109,726,43,42,1,25.02594,121.50651,0
500113008,20231109,727,43,42,1,25.02594,121.50651,0
500113008,20231109,728,43,42,1,25.02594,121.50651,0
500113008,20231109,729,43,42,1,25.02594,121.50651,0
500113008,20231109,730,43,42,1,25.02594,121.50651,0
500113008,20231109,731,43,42,1,25.02594,121.50651,0
500113008,20231109,732,43,42,1,25.02594,121.50651,0
500113008,20231109,733,43,42,1,25.02594,121.50651,0
500113008,20231109,734,43,42,1,25.02594,121.50651,0
500113008,20231109,735,43,42,1,25.02594,121.50651,0
500113008,20231109,736,43,42,1,25.02594,121.50651,0
500113008,20231109,737,43,42,1,25.02594,121.50651,0
500113008,20231109,738,43,42,1,25.02594,121.50651,0
500113008,20231109,739,43,42,1,25.02594,121.50651,0
500113008,20231109,741,43,42,1,25.02594,121.50651,0
500113008,20231109,742,43,42,1,25.02594,121.50651,0
500113008,20231109,743,43,42,1,25.02594,121.50651,0
500113008,20231109,744,43,42,1,25.02594,121.50651,0
500113008,20231109,745,43,42,1,25.02594,121.50651,0
500113008,20231109,746,43,42,1,25.02594,121.50651,0
500113008,20231109,747,43,42,1,25.02594,121.50651,0
500113008,20231109,748,43,42,1,25.02594,121.50651,0
500113008,20231109,749,43,42,1,25.02594,121.50651,0
500113008,20231109,751,43,42,1,25.02594,121.50651,0
500113008,20231109,752,43,42,1,25.02594,121.50651,0
500113008,20231109,753,43,42,1,25.02594,121.50651,0
500113008,20231109,754,43,42,1,25.02594,121.50651,0
500113008,20231109,755,43,42,1,25.02594,121.50651,0
500113008,20231109,756,43,42,1,25.02594,121.50651,0
500113008,20231109,757,43,42,1,25.02594,121.50651,0
500113008,20231109,758,43,42,1,25.02594,121.50651,0
500113008,20231109,759,43,42,1,25.02594,121.50651,0
500113008,20231109,760,43,42,1,25.02594,121.50651,0
500113008,20231109,761,43,42,1,25.02594,121.50651,0
500113008,20231109,762,43,42,1,25.02594,121.50651,0
500113008,20231109,763,43,42,1,25.02594,121.50651,0
500113008,20231109,764,43,42,1,25.02594,121.50651,0
500113008,20231109,765,43,42,1,25.02594,121.50651,0
500113008,20231109,766,43,42,1,25.02594,121.50651,0
500113008,20231109,767,43,42,1,25.02594,121.50651,0
500113008,20231109,768,43,42,1,25.02594,121.50651,0
500113008,20231109,769,43,42,1,25.02594,121.50651,0
500113008,20231109,770,43,42,1,25.02594,121.50651,0
500113008,20231109,771,43,42,1,25.02594,121.50651,0
500113008,20231109,772,43,42,1,25.02594,121.50651,0
500113008,20231109,773,43,42,1,25.02594,121.50651,0
500113008,20231109,774,43,42,1,25.02594,121.50651,0
500113008,20231109,775,43,42,1,25.02594,121.50651,0
500113008,20231109,776,43,42,1,25.02594,121.50651,0
500113008,20231109,777,43,41,1,25.02594,121.50651,1
500113008,20231109,778,43,41,1,25.02594,121.50651,1
500113008,20231109,779,43,41,1,25.02594,121.50651,1
500113008,20231109,781,43,41,1,25.02594,121.50651,1
500113008,20231109,782,43,41,1,25.02594,121.50651,1
500113008,20231109,783,43,41,1,25.02594,121.50651,1
500113008,20231109,784,43,41,1,25.02594,121.50651,1
500113008,20231109,785,43,41,1,25.02594,121.50651,1
500113008,20231109,786,43,41,1,25.02594,121.50651,1
500113008,20231109,787,43,41,1,25.02594,121.50651,1
500113008,20231109,788,43,41,1,25.02594,121.50651,1
500113008,20231109,789,43,41,1,25.02594,121.50651,1
500113008,20231109,790,43,41,1,25.02594,121.50651,1
500113008,20231109,791,43,41,1,25.02594,121.50651,1
500113008,20231109,792,43,40,1,25.02594,121.50651,2
500113008,20231109,793,43,40,1,25.02594,121.50651,2
500113008,20231109,794,43,39,1,25.02594,121.50651,3
500113008,20231109,795,43,39,1,25.02594,121.50651,3
500113008,20231109,796,43,39,1,25.02594,121.50651,3
500113008,20231109,797,43,39,1,25.02594,121.50651,3
500113008,20231109,798,43,39,1,25.02594,121.50651,3
500113008,20231109,799,43,40,1,25.02594,121.50651,2
500113008,20231109,801,43,40,1,25.02594,121.50651,2
500113008,20231109,802,43,40,1,25.02594,121.50651,2
500113008,20231109,803,43,41,1,25.02594,121.50651,1
500113008,20231109,804,43,41,1,25.02594,121.50651,1
500113008,20231109,805,43,41,1,25.02594,121.50651,1
500113008,20231109,806,43,41,1,25.02594,121.50651,1
500113008,20231109,807,43,41,1,25.02594,121.50651,1
500113008,20231109,809,43,40,1,25.02594,121.50651,2
500113008,20231109,811,43,40,1,25.02594,121.50651,2
500113008,20231109,812,43,40,1,25.02594,121.50651,2
500113008,20231109,813,43,40,1,25.02594,121.50651,2
500113008,20231109,814,43,40,1,25.02594,121.50651,2
500113008,20231109,815,43,40,1,25.02594,121.50651,2
500113008,20231109,816,43,40,1,25.02594,121.50651,2
500113008,20231109,817,43,40,1,25.02594,121.50651,2
500113008,20231109,818,43,40,1,25.02594,121.50651,2
500113008,20231109,819,43,40,1,25.02594,121.50651,2
500113008,20231109,821,43,40,1,25.02594,121.50651,2
500113008,20231109,822,43,40,1,25.02594,121.50651,2
500113008,20231109,823,43,40,1,25.02594,121.50651,2
500113008,20231109,824,43,40,1,25.02594,121.50651,2
500113008,20231109,825,43,40,1,25.02594,121.50651,2
500113008,20231109,826,43,40,1,25.02594,121.50651,2
500113008,20231109,827,43,40,1,25.02594,121.50651,2
500113008,20231109,828,43,40,1,25.02594,121.50651,2
500113008,20231109,829,43,40,1,25.02594,121.50651,2
500113008,20231109,831,43,40,1,25.02594,121.50651,2
500113008,20231109,832,43,39,1,25.02594,121.50651,3
500113008,20231109,833,43,39,1,25.02594,121.50651,3
500113008,20231109,834,43,39,1,25.02594,121.50651,3
500113008,20231109,835,43,39,1,25.02594,121.50651,3
500113008,20231109,836,43,39,1,25.02594,121.50651,3
500113008,20231109,837,43,38,1,25.02594,121.50651,4
500113008,20231109,838,43,38,1,25.02594,121.50651,4
500113008,20231109,839,43,38,1,25.02594,121.50651,4
500113008,20231109,841,43,38,1,25.02594,121.50651,4
500113008,20231109,842,43,38,1,25.02594,121.50651,4
500113008,20231109,843,43,38,1,25.02594,121.50651,4
500113008,20231109,844,43,38,1,25.02594,121.50651,4
500113008,20231109,845,43,38,1,25.02594,121.50651,4
500113008,20231109,846,43,38,1,25.02594,121.50651,4
500113008,20231109,847,43,38,1,25.02594,121.50651,4
500113008,20231109,848,43,38,1,25.02594,121.50651,4
500113008,20231109,849,43,38,1,25.02594,121.50651,4
500113008,20231109,851,43,39,1,25.02594,121.50651,3
500113008,20231109,852,43,39,1,25.02594,121.50651,3
500113008,20231109,853,43,39,1,25.02594,121.50651,3
500113008,20231109,854,43,39,1,25.02594,121.50651,3
500113008,20231109,855,43,39,1,25.02594,121.50651,3
500113008,20231109,856,43,38,1,25.02594,121.50651,4
500113008,20231109,857,43,38,1,25.02594,121.50651,4
500113008,20231109,858,43,38,1,25.02594,121.50651,4
500113008,20231109,859,43,38,1,25.02594,121.50651,4
500113008,20231109,861,43,38,1,25.02594,121.50651,4
500113008,20231109,862,43,38,1,25.02594,121.50651,4
500113008,20231109,863,43,38,1,25.02594,121.50651,4
500113008,20231109,864,43,38,1,25.02594,121.50651,4
500113008,20231109,865,43,38,1,25.02594,121.50651,4
500113008,20231109,866,43,38,1,25.02594,121.50651,4
500113008,20231109,867,43,38,1,25.02594,121.50651,4
500113008,20231109,868,43,39,1,25.02594,121.50651,3
500113008,20231109,869,43,39,1,25.02594,121.50651,3
500113008,20231109,871,43,39,1,25.02594,121.50651,3
500113008,20231109,872,43,39,1,25.02594,121.50651,3
500113008,20231109,873,43,36,1,25.02594,121.50651,6
500113008,20231109,874,43,36,1,25.02594,121.50651,6
500113008,20231109,875,43,35,1,25.02594,121.50651,7
500113008,20231109,876,43,35,1,25.02594,121.50651,7
500113008,20231109,877,43,35,1,25.02594,121.50651,7
500113008,20231109,878,43,36,1,25.02594,121.50651,6
500113008,20231109,879,43,36,1,25.02594,121.50651,6
500113008,20231109,881,43,36,1,25.02594,121.50651,6
500113008,20231109,882,43,36,1,25.02594,121.50651,6
500113008,20231109,883,43,36,1,25.02594,121.50651,6
500113008,20231109,884,43,36,1,25.02594,121.50651,6
500113008,20231109,885,43,37,1,25.02594,121.50651,5
500113008,20231109,886,43,37,1,25.02594,121.50651,5
500113008,20231109,887,43,37,1,25.02594,121.50651,5
500113008,20231109,888,43,37,1,25.02594,121.50651,5
500113008,20231109,889,43,37,1,25.02594,121.50651,5
500113008,20231109,891,43,37,1,25.02594,121.50651,5
500113008,20231109,892,43,37,1,25.02594,121.50651,5
500113008,20231109,893,43,37,1,25.02594,121.50651,5
500113008,20231109,895,43,37,1,25.02594,121.50651,5
500113008,20231109,896,43,37,1,25.02594,121.50651,5
500113008,20231109,897,43,37,1,25.02594,121.50651,5
500113008,20231109,898,43,37,1,25.02594,121.50651,5
500113008,20231109,899,43,37,1,25.02594,121.50651,5
500113008,20231109,901,43,38,1,25.02594,121.50651,4
500113008,20231109,902,43,37,1,25.02594,121.50651,5
500113008,20231109,903,43,37,1,25.02594,121.50651,5
500113008,20231109,904,43,37,1,25.02594,121.50651,5
500113008,20231109,905,43,37,1,25.02594,121.50651,5
500113008,20231109,906,43,37,1,25.02594,121.50651,5
500113008,20231109,907,43,37,1,25.02594,121.50651,5
500113008,20231109,908,43,37,1,25.02594,121.50651,5
500113008,20231109,909,43,37,1,25.02594,121.50651,5
500113008,20231109,911,43,36,1,25.02594,121.50651,6
500113008,20231109,912,43,36,1,25.02594,121.50651,6
500113008,20231109,913,43,36,1,25.02594,121.50651,6
500113008,20231109,914,43,35,1,25.02594,121.50651,7
500113008,20231109,915,43,34,1,25.02594,121.50651,8
500113008,20231109,916,43,34,1,25.02594,121.50651,8
500113008,20231109,917,43,34,1,25.02594,121.50651,8
500113008,20231109,918,43,34,1,25.02594,121.50651,8
500113008,20231109,919,43,32,1,25.02594,121.50651,10
500113008,20231109,921,43,32,1,25.02594,121.50651,10
500113008,20231109,922,43,32,1,25.02594,121.50651,10
500113008,20231109,923,43,32,1,25.02594,121.50651,10
500113008,20231109,924,43,32,1,25.02594,121.50651,10
500113008,20231109,925,43,32,1,25.02594,121.50651,10
500113008,20231109,926,43,32,1,25.02594,121.50651,10
500113008,20231109,927,43,32,1,25.02594,121.50651,10
500113008,20231109,928,43,32,1,25.02594,121.50651,10
500113008,20231109,929,43,32,1,25.02594,121.50651,10
500113008,20231109,931,43,34,1,25.02594,121.50651,8
500113008,20231109,932,43,35,1,25.02594,121.50651,7
500113008,20231109,933,43,35,1,25.02594,121.50651,7
500113008,20231109,934,43,35,1,25.02594,121.50651,7
500113008,20231109,935,43,35,1,25.02594,121.50651,7
500113008,20231109,936,43,35,1,25.02594,121.50651,7
500113008,20231109,937,43,34,1,25.02594,121.50651,8
500113008,20231109,938,43,34,1,25.02594,121.50651,8
500113008,20231109,939,43,34,1,25.02594,121.50651,8
500113008,20231109,940,43,34,1,25.02594,121.50651,8
500113008,20231109,941,43,34,1,25.02594,121.50651,8
500113008,20231109,942,43,34,1,25.02594,121.50651,8
500113008,20231109,943,43,34,1,25.02594,121.50651,8
500113008,20231109,944,43,34,1,25.02594,121.50651,8
500113008,20231109,945,43,34,1,25.02594,121.50651,8
500113008,20231109,946,43,34,1,25.02594,121.50651,8
500113008,20231109,947,43,34,1,25.02594,121.50651,8
500113008,20231109,948,43,34,1,25.02594,121.50651,8
500113008,20231109,949,43,34,1,25.02594,121.50651,8
500113008,20231109,950,43,34,1,25.02594,121.50651,8
500113008,20231109,951,43,33,1,25.02594,121.50651,9
500113008,20231109,952,43,33,1,25.02594,121.50651,9
500113008,20231109,953,43,33,1,25.02594,121.50651,9
500113008,20231109,954,43,32,1,25.02594,121.50651,10
500113008,20231109,955,43,32,1,25.02594,121.50651,10
500113008,20231109,956,43,32,1,25.02594,121.50651,10
500113008,20231109,957,43,32,1,25.02594,121.50651,10
500113008,20231109,958,43,32,1,25.02594,121.50651,10
500113008,20231109,959,43,31,1,25.02594,121.50651,11
500113008,20231109,961,43,31,1,25.02594,121.50651,11
500113008,20231109,962,43,31,1,25.02594,121.50651,11
500113008,20231109,963,43,31,1,25.02594,121.50651,11
500113008,20231109,964,43,31,1,25.02594,121.50651,11
500113008,20231109,965,43,33,1,25.02594,121.50651,9
500113008,20231109,966,43,33,1,25.02594,121.50651,9
500113008,20231109,967,43,33,1,25.02594,121.50651,9
500113008,20231109,968,43,33,1,25.02594,121.50651,9
500113008,20231109,969,43,33,1,25.02594,121.50651,9
500113008,20231109,970,43,33,1,25.02594,121.50651,9
500113008,20231109,971,43,33,1,25.02594,121.50651,9
500113008,20231109,972,43,33,1,25.02594,121.50651,9
500113008,20231109,973,43,33,1,25.02594,121.50651,9
500113008,20231109,974,43,33,1,25.02594,121.50651,9
500113008,20231109,975,43,33,1,25.02594,121.50651,9
500113008,20231109,976,43,32,1,25.02594,121.50651,10
500113008,20231109,977,43,32,1,25.02594,121.50651,10
500113008,20231109,978,43,32,1,25.02594,121.50651,10
500113008,20231109,979,43,32,1,25.02594,121.50651,10
500113008,20231109,981,43,33,1,25.02594,121.50651,9
500113008,20231109,982,43,34,1,25.02594,121.50651,8
500113008,20231109,983,43,34,1,25.02594,121.50651,8
500113008,20231109,984,43,34,1,25.02594,121.50651,8
500113008,20231109,985,43,34,1,25.02594,121.50651,8
500113008,20231109,986,43,34,1,25.02594,121.50651,8
500113008,20231109,987,43,32,1,25.02594,121.50651,10
500113008,20231109,988,43,31,1,25.02594,121.50651,11
500113008,20231109,989,43,31,1,25.02594,121.50651,11
500113008,20231109,991,43,31,1,25.02594,121.50651,11
500113008,20231109,992,43,31,1,25.02594,121.50651,11
500113008,20231109,993,43,30,1,25.02594,121.50651,12
500113008,20231109,994,43,30,1,25.02594,121.50651,12
500113008,20231109,995,43,30,1,25.02594,121.50651,12
500113008,20231109,996,43,31,1,25.02594,121.50651,11
500113008,20231109,997,43,31,1,25.02594,121.50651,11
500113008,20231109,998,43,31,1,25.02594,121.50651,11
500113008,20231109,999,43,31,1,25.02594,121.50651,11
500113008,20231109,1000,43,32,1,25.02594,121.50651,10
500113008,20231109,1001,43,32,1,25.02594,121.50651,10
500113008,20231109,1002,43,32,1,25.02594,121.50651,10
500113008,20231109,1003,43,32,1,25.02594,121.50651,10
500113008,20231109,1004,43,32,1,25.02594,121.50651,10
500113008,20231109,1005,43,32,1,25.02594,121.50651,10
500113008,20231109,1006,43,32,1,25.02594,121.50651,10
500113008,20231109,1007,43,31,1,25.02594,121.50651,11
500113008,20231109,1008,43,32,1,25.02594,121.50651,10
500113008,20231109,1009,43,33,1,25.02594,121.50651,9
500113008,20231109,1010,43,33,1,25.02594,121.50651,9
500113008,20231109,1011,43,33,1,25.02594,121.50651,9
500113008,20231109,1012,43,33,1,25.02594,121.50651,9
500113008,20231109,1013,43,35,1,25.02594,121.50651,7
500113008,20231109,1014,43,35,1,25.02594,121.50651,7
500113008,20231109,1015,43,35,1,25.02594,121.50651,7
500113008,20231109,1016,43,35,1,25.02594,121.50651,7
500113008,20231109,1017,43,35,1,25.02594,121.50651,7
500113008,20231109,1018,43,35,1,25.02594,121.50651,7
500113008,20231109,1019,43,35,1,25.02594,121.50651,7
500113008,20231109,1021,43,35,1,25.02594,121.50651,7
500113008,20231109,1022,43,36,1,25.02594,121.50651,6
500113008,20231109,1023,43,36,1,25.02594,121.50651,6
500113008,20231109,1024,43,36,1,25.02594,121.50651,6
500113008,20231109,1025,43,37,1,25.02594,121.50651,5
500113008,20231109,1026,43,37,1,25.02594,121.50651,5
500113008,20231109,1027,43,38,1,25.02594,121.50651,4
500113008,20231109,1028,43,38,1,25.02594,121.50651,4
500113008,20231109,1029,43,39,1,25.02594,121.50651,3
500113008,20231109,1030,43,39,1,25.02594,121.50651,3
500113008,20231109,1031,43,39,1,25.02594,121.50651,3
500113008,20231109,1032,43,39,1,25.02594,121.50651,3
500113008,20231109,1033,43,39,1,25.02594,121.50651,3
500113008,20231109,1034,43,40,1,25.02594,121.50651,2
500113008,20231109,1035,43,39,1,25.02594,121.50651,3
500113008,20231109,1036,43,39,1,25.02594,121.50651,3
500113008,20231109,1037,43,39,1,25.02594,121.50651,3
500113008,20231109,1038,43,40,1,25.02594,121.50651,2
500113008,20231109,1039,43,40,1,25.02594,121.50651,2
500113008,20231109,1041,43,40,1,25.02594,121.50651,2
500113008,20231109,1042,43,38,1,25.02594,121.50651,4
500113008,20231109,1043,43,38,1,25.02594,121.50651,4
500113008,20231109,1044,43,38,1,25.02594,121.50651,4
500113008,20231109,1045,43,36,1,25.02594,121.50651,6
500113008,20231109,1046,43,36,1,25.02594,121.50651,6
500113008,20231109,1047,43,36,1,25.02594,121.50651,6
500113008,20231109,1048,43,35,1,25.02594,121.50651,7
500113008,20231109,1049,43,35,1,25.02594,121.50651,7
500113008,20231109,1051,43,35,1,25.02594,121.50651,7
500113008,20231109,1052,43,36,1,25.02594,121.50651,6
500113008,20231109,1053,43,36,1,25.02594,121.50651,6
500113008,20231109,1054,43,36,1,25.02594,121.50651,6
500113008,20231109,1055,43,36,1,25.02594,121.50651,6
500113008,20231109,1057,43,36,1,25.02594,121.50651,6
500113008,20231109,1058,43,36,1,25.02594,121.50651,6
500113008,20231109,1059,43,35,1,25.02594,121.50651,7
500113008,20231109,1060,43,35,1,25.02594,121.50651,7
500113008,20231109,1061,43,35,1,25.02594,121.50651,7
500113008,20231109,1063,43,33,1,25.02594,121.50651,9
500113008,20231109,1064,43,33,1,25.02594,121.50651,9
500113008,20231109,1065,43,34,1,25.02594,121.50651,8
500113008,20231109,1066,43,34,1,25.02594,121.50651,8
500113008,20231109,1067,43,34,1,25.02594,121.50651,8
500113008,20231109,1068,43,34,1,25.02594,121.50651,8
500113008,20231109,1069,43,35,1,25.02594,121.50651,7
500113008,20231109,1071,43,36,1,25.02594,121.50651,6
500113008,20231109,1072,43,36,1,25.02594,121.50651,6
500113008,20231109,1073,43,36,1,25.02594,121.50651,6
500113008,20231109,1074,43,36,1,25.02594,121.50651,6
500113008,20231109,1075,43,36,1,25.02594,121.50651,6
500113008,20231109,1076,43,36,1,25.02594,121.50651,6
500113008,20231109,1077,43,36,1,25.02594,121.50651,6
500113008,20231109,1078,43,34,1,25.02594,121.50651,8
500113008,20231109,1079,43,34,1,25.02594,121.50651,8
500113008,20231109,1081,43,36,1,25.02594,121.50651,6
500113008,20231109,1082,43,36,1,25.02594,121.50651,6
500113008,20231109,1083,43,37,1,25.02594,121.50651,5
500113008,20231109,1084,43,37,1,25.02594,121.50651,5
500113008,20231109,1085,43,37,1,25.02594,121.50651,5
500113008,20231109,1086,43,37,1,25.02594,121.50651,5
500113008,20231109,1087,43,41,1,25.02594,121.50651,1
500113008,20231109,1088,43,40,1,25.02594,121.50651,2
500113008,20231109,1089,43,41,1,25.02594,121.50651,1
500113008,20231109,1091,43,41,1,25.02594,121.50651,1
500113008,20231109,1092,43,41,1,25.02594,121.50651,1
500113008,20231109,1093,43,40,1,25.02594,121.50651,2
500113008,20231109,1094,43,39,1,25.02594,121.50651,3
500113008,20231109,1095,43,39,1,25.02594,121.50651,3
500113008,20231109,1096,43,39,1,25.02594,121.50651,3
500113008,20231109,1097,43,39,1,25.02594,121.50651,3
500113008,20231109,1098,43,39,1,25.02594,121.50651,3
500113008,20231109,1099,43,39,1,25.02594,121.50651,3
500113008,20231109,1101,43,39,1,25.02594,121.50651,3
500113008,20231109,1102,43,39,1,25.02594,121.50651,3
500113008,20231109,1103,43,39,1,25.02594,121.50651,3
500113008,20231109,1104,43,39,1,25.02594,121.50651,3
500113008,20231109,1106,43,39,1,25.02594,121.50651,3
500113008,20231109,1107,43,38,1,25.02594,121.50651,4
500113008,20231109,1108,43,38,1,25.02594,121.50651,4
500113008,20231109,1109,43,38,1,25.02594,121.50651,4
500113008,20231109,1111,43,37,1,25.02594,121.50651,5
500113008,20231109,1112,43,34,1,25.02594,121.50651,8
500113008,20231109,1113,43,34,1,25.02594,121.50651,8
500113008,20231109,1114,43,34,1,25.02594,121.50651,8
500113008,20231109,1115,43,35,1,25.02594,121.50651,7
500113008,20231109,1116,43,35,1,25.02594,121.50651,7
500113008,20231109,1117,43,35,1,25.02594,121.50651,7
500113008,20231109,1118,43,35,1,25.02594,121.50651,7
500113008,20231109,1119,43,34,1,25.02594,121.50651,8
500113008,20231109,1121,43,34,1,25.02594,121.50651,8
500113008,20231109,1122,43,34,1,25.02594,121.50651,8
500113008,20231109,1123,43,34,1,25.02594,121.50651,8
500113008,20231109,1124,43,34,1,25.02594,121.50651,8
500113008,20231109,1125,43,33,1,25.02594,121.50651,9
500113008,20231109,1126,43,33,1,25.02594,121.50651,9
500113008,20231109,1127,43,31,1,25.02594,121.50651,11
500113008,20231109,1128,43,32,1,25.02594,121.50651,10
500113008,20231109,1129,43,32,1,25.02594,121.50651,10
500113008,20231109,1131,43,32,1,25.02594,121.50651,10
500113008,20231109,1132,43,31,1,25.02594,121.50651,11
500113008,20231109,1133,43,32,1,25.02594,121.50651,10
500113008,20231109,1134,43,32,1,25.02594,121.50651,10
500113008,20231109,1135,43,32,1,25.02594,121.50651,10
500113008,20231109,1136,43,32,1,25.02594,121.50651,10
500113008,20231109,1137,43,32,1,25.02594,121.50651,10
500113008,20231109,1138,43,30,1,25.02594,121.50651,12
500113008,20231109,1139,43,30,1,25.02594,121.50651,12
500113008,20231109,1141,43,29,1,25.02594,121.50651,13
500113008,20231109,1142,43,29,1,25.02594,121.50651,13
500113008,20231109,1143,43,28,1,25.02594,121.50651,14
500113008,20231109,1144,43,29,1,25.02594,121.50651,13
500113008,20231109,1145,43,27,1,25.02594,121.50651,15
500113008,20231109,1146,43,27,1,25.02594,121.50651,15
500113008,20231109,1148,43,26,1,25.02594,121.50651,16
500113008,20231109,1149,43,26,1,25.02594,121.50651,16
500113008,20231109,1157,43,24,1,25.02594,121.50651,18
500113008,20231109,1165,43,22,1,25.02594,121.50651,20
500113008,20231109,1166,43,22,1,25.02594,121.50651,20
500113008,20231109,1168,43,21,1,25.02594,121.50651,21
500113008,20231109,1169,43,21,1,25.02594,121.50651,21
500113008,20231109,1171,43,21,1,25.02594,121.50651,21
500113008,20231109,1172,43,21,1,25.02594,121.50651,21
500113008,20231109,1173,43,20,1,25.02594,121.50651,22
500113008,20231109,1174,43,20,1,25.02594,121.50651,22
500113008,20231109,1175,43,20,1,25.02594,121.50651,22
500113008,20231109,1176,43,18,1,25.02594,121.50651,24
500113008,20231109,1177,43,18,1,25.02594,121.50651,24
500113008,20231109,1178,43,18,1,25.02594,121.50651,24
500113008,20231109,1179,43,18,1,25.02594,121.50651,24
500113008,20231109,1180,43,17,1,25.02594,121.50651,25
500113008,20231109,1181,43,17,1,25.02594,121.50651,25
500113008,20231109,1182,43,17,1,25.02594,121.50651,25
500113008,20231109,1183,43,17,1,25.02594,121.50651,25
500113008,20231109,1184,43,17,1,25.02594,121.50651,25
500113008,20231109,1185,43,16,1,25.02594,121.50651,26
500113008,20231109,1186,43,16,1,25.02594,121.50651,26
500113008,20231109,1187,43,15,1,25.02594,121.50651,27
500113008,20231109,1188,43,15,1,25.02594,121.50651,27
500113008,20231109,1189,43,15,1,25.02594,121.50651,27
500113008,20231109,1190,43,12,1,25.02594,121.50651,30
500113008,20231109,1191,43,12,1,25.02594,121.50651,30
500113008,20231109,1192,43,12,1,25.02594,121.50651,30
500113008,20231109,1193,43,12,1,25.02594,121.50651,30
500113008,20231109,1194,43,12,1,25.02594,121.50651,30
500113008,20231109,1195,43,12,1,25.02594,121.50651,30
500113008,20231109,1196,43,12,1,25.02594,121.50651,30
500113008,20231109,1197,43,12,1,25.02594,121.50651,30
500113008,20231109,1198,43,12,1,25.02594,121.50651,30
500113008,20231109,1199,43,12,1,25.02594,121.50651,30
500113008,20231109,1201,43,12,1,25.02594,121.50651,30
500113008,20231109,1202,43,12,1,25.02594,121.50651,30
500113008,20231109,1203,43,11,1,25.02594,121.50651,31
500113008,20231109,1204,43,11,1,25.02594,121.50651,31
500113008,20231109,1205,43,10,1,25.02594,121.50651,32
500113008,20231109,1206,43,10,1,25.02594,121.50651,32
500113008,20231109,1207,43,9,1,25.02594,121.50651,33
500113008,20231109,1208,43,9,1,25.02594,121.50651,33
500113008,20231109,1209,43,9,1,25.02594,121.50651,33
500113008,20231109,1210,43,10,1,25.02594,121.50651,32
500113008,20231109,1211,43,10,1,25.02594,121.50651,32
500113008,20231109,1212,43,10,1,25.02594,121.50651,32
500113008,20231109,1213,43,9,1,25.02594,121.50651,33
500113008,20231109,1214,43,9,1,25.02594,121.50651,33
500113008,20231109,1215,43,8,1,25.02594,121.50651,34
500113008,20231109,1216,43,8,1,25.02594,121.50651,34
500113008,20231109,1217,43,8,1,25.02594,121.50651,34
500113008,20231109,1218,43,8,1,25.02594,121.50651,34
500113008,20231109,1219,43,8,1,25.02594,121.50651,34
500113008,20231109,1221,43,8,1,25.02594,121.50651,34
500113008,20231109,1222,43,9,1,25.02594,121.50651,33
500113008,20231109,1223,43,10,1,25.02594,121.50651,32
500113008,20231109,1224,43,10,1,25.02594,121.50651,32
500113008,20231109,1225,43,8,1,25.02594,121.50651,34
500113008,20231109,1226,43,8,1,25.02594,121.50651,34
500113008,20231109,1227,43,8,1,25.02594,121.50651,34
500113008,20231109,1228,43,8,1,25.02594,121.50651,34
500113008,20231109,1229,43,10,1,25.02594,121.50651,32
500113008,20231109,1231,43,9,1,25.02594,121.50651,33
500113008,20231109,1232,43,9,1,25.02594,121.50651,33
500113008,20231109,1233,43,8,1,25.02594,121.50651,34
500113008,20231109,1234,43,8,1,25.02594,121.50651,34
500113008,20231109,1235,43,8,1,25.02594,121.50651,34
500113008,20231109,1236,43,8,1,25.02594,121.50651,34
500113008,20231109,1237,43,9,1,25.02594,121.50651,33
500113008,20231109,1238,43,9,1,25.02594,121.50651,33
500113008,20231109,1239,43,11,1,25.02594,121.50651,31
500113008,20231109,1240,43,15,1,25.02594,121.50651,27
500113008,20231109,1241,43,17,1,25.02594,121.50651,25
500113008,20231109,1242,43,18,1,25.02594,121.50651,24
500113008,20231109,1243,43,19,1,25.02594,121.50651,23
500113008,20231109,1244,43,19,1,25.02594,121.50651,23
500113008,20231109,1245,43,17,1,25.02594,121.50651,25
500113008,20231109,1246,43,17,1,25.02594,121.50651,25
500113008,20231109,1247,43,17,1,25.02594,121.50651,25
500113008,20231109,1248,43,17,1,25.02594,121.50651,25
500113008,20231109,1249,43,17,1,25.02594,121.50651,25
500113008,20231109,1250,43,16,1,25.02594,121.50651,26
500113008,20231109,1251,43,16,1,25.02594,121.50651,26
500113008,20231109,1252,43,16,1,25.02594,121.50651,26
500113008,20231109,1253,43,16,1,25.02594,121.50651,26
500113008,20231109,1254,43,16,1,25.02594,121.50651,26
500113008,20231109,1255,43,16,1,25.02594,121.50651,26
500113008,20231109,1256,43,16,1,25.02594,121.50651,26
500113008,20231109,1257,43,16,1,25.02594,121.50651,26
500113008,20231109,1258,43,16,1,25.02594,121.50651,26
500113008,20231109,1259,43,16,1,25.02594,121.50651,26
500113008,20231109,1261,43,14,1,25.02594,121.50651,28
500113008,20231109,1262,43,12,1,25.02594,121.50651,30
500113008,20231109,1263,43,12,1,25.02594,121.50651,30
500113008,20231109,1264,43,12,1,25.02594,121.50651,30
500113008,20231109,1265,43,12,1,25.02594,121.50651,30
500113008,20231109,1266,43,13,1,25.02594,121.50651,29
500113008,20231109,1267,43,13,1,25.02594,121.50651,29
500113008,20231109,1268,43,13,1,25.02594,121.50651,29
500113008,20231109,1269,43,13,1,25.02594,121.50651,29
500113008,20231109,1270,43,13,1,25.02594,121.50651,29
500113008,20231109,1271,43,13,1,25.02594,121.50651,29
500113008,20231109,1272,43,13,1,25.02594,121.50651,29
500113008,20231109,1273,43,14,1,25.02594,121.50651,28
500113008,20231109,1274,43,14,1,25.02594,121.50651,28
500113008,20231109,1275,43,14,1,25.02594,121.50651,28
500113008,20231109,1276,43,14,1,25.02594,121.50651,28
500113008,20231109,1277,43,14,1,25.02594,121.50651,28
500113008,20231109,1278,43,14,1,25.02594,121.50651,28
500113008,20231109,1279,43,14,1,25.02594,121.50651,28
500113008,20231109,1281,43,14,1,25.02594,121.50651,28
500113008,20231109,1282,43,14,1,25.02594,121.50651,28
500113008,20231109,1283,43,14,1,25.02594,121.50651,28
500113008,20231109,1284,43,14,1,25.02594,121.50651,28
500113008,20231109,1285,43,14,1,25.02594,121.50651,28
500113008,20231109,1286,43,14,1,25.02594,121.50651,28
500113008,20231109,1287,43,13,1,25.02594,121.50651,29
500113008,20231109,1288,43,14,1,25.02594,121.50651,28
500113008,20231109,1289,43,14,1,25.02594,121.50651,28
500113008,20231109,1291,43,14,1,25.02594,121.50651,28
500113008,20231109,1292,43,14,1,25.02594,121.50651,28
500113008,20231109,1293,43,14,1,25.02594,121.50651,28
500113008,20231109,1294,43,14,1,25.02594,121.50651,28
500113008,20231109,1295,43,14,1,25.02594,121.50651,28
500113008,20231109,1296,43,13,1,25.02594,121.50651,29
500113008,20231109,1297,43,13,1,25.02594,121.50651,29
500113008,20231109,1298,43,13,1,25.02594,121.50651,29
500113008,20231109,1299,43,13,1,25.02594,121.50651,29
500113008,20231109,1300,43,13,1,25.02594,121.50651,29
500113008,20231109,1301,43,13,1,25.02594,121.50651,29
500113008,20231109,1302,43,13,1,25.02594,121.50651,29
500113008,20231109,1303,43,13,1,25.02594,121.50651,29
500113008,20231109,1304,43,13,1,25.02594,121.50651,29
500113008,20231109,1305,43,13,1,25.02594,121.50651,29
500113008,20231109,1306,43,13,1,25.02594,121.50651,29
500113008,20231109,1307,43,13,1,25.02594,121.50651,29
500113008,20231109,1308,43,13,1,25.02594,121.50651,29
500113008,20231109,1309,43,12,1,25.02594,121.50651,30
500113008,20231109,1310,43,12,1,25.02594,121.50651,30
500113008,20231109,1311,43,12,1,25.02594,121.50651,30
500113008,20231109,1312,43,12,1,25.02594,121.50651,30
500113008,20231109,1313,43,12,1,25.02594,121.50651,30
500113008,20231109,1314,43,11,1,25.02594,121.50651,31
500113008,20231109,1315,43,11,1,25.02594,121.50651,31
500113008,20231109,1316,43,13,1,25.02594,121.50651,29
500113008,20231109,1317,43,13,1,25.02594,121.50651,29
500113008,20231109,1318,43,13,1,25.02594,121.50651,29
500113008,20231109,1319,43,13,1,25.02594,121.50651,29
500113008,20231109,1321,43,12,1,25.02594,121.50651,30
500113008,20231109,1322,43,11,1,25.02594,121.50651,31
500113008,20231109,1323,43,10,1,25.02594,121.50651,32
500113008,20231109,1324,43,9,1,25.02594,121.50651,33
500113008,20231109,1325,43,9,1,25.02594,121.50651,33
500113008,20231109,1326,43,9,1,25.02594,121.50651,33
500113008,20231109,1327,43,9,1,25.02594,121.50651,33
500113008,20231109,1328,43,9,1,25.02594,121.50651,33
500113008,20231109,1329,43,9,1,25.02594,121.50651,33
500113008,20231109,1330,43,8,1,25.02594,121.50651,34
500113008,20231109,1331,43,8,1,25.02594,121.50651,34
500113008,20231109,1332,43,8,1,25.02594,121.50651,34
500113008,20231109,1333,43,7,1,25.02594,121.50651,35
500113008,20231109,1334,43,7,1,25.02594,121.50651,35
500113008,20231109,1335,43,7,1,25.02594,121.50651,35
500113008,20231109,1336,43,7,1,25.02594,121.50651,35
500113008,20231109,1337,43,7,1,25.02594,121.50651,35
500113008,20231109,1338,43,7,1,25.02594,121.50651,35
500113008,20231109,1339,43,7,1,25.02594,121.50651,35
500113008,20231109,1341,43,7,1,25.02594,121.50651,35
500113008,20231109,1342,43,7,1,25.02594,121.50651,35
500113008,20231109,1343,43,7,1,25.02594,121.50651,35
500113008,20231109,1344,43,7,1,25.02594,121.50651,35
500113008,20231109,1345,43,7,1,25.02594,121.50651,35
500113008,20231109,1346,43,7,1,25.02594,121.50651,35
500113008,20231109,1347,43,6,1,25.02594,121.50651,36
500113008,20231109,1348,43,6,1,25.02594,121.50651,36
500113008,20231109,1349,43,7,1,25.02594,121.50651,35
500113008,20231109,1351,43,7,1,25.02594,121.50651,35
500113008,20231109,1352,43,6,1,25.02594,121.50651,36
500113008,20231109,1353,43,6,1,25.02594,121.50651,36
500113008,20231109,1354,43,6,1,25.02594,121.50651,36
500113008,20231109,1355,43,6,1,25.02594,121.50651,36
500113008,20231109,1356,43,6,1,25.02594,121.50651,36
500113008,20231109,1357,43,6,1,25.02594,121.50651,36
500113008,20231109,1358,43,6,1,25.02594,121.50651,36
500113008,20231109,1359,43,5,1,25.02594,121.50651,37
500113008,20231109,1360,43,5,1,25.02594,121.50651,37
500113008,20231109,1361,43,5,1,25.02594,121.50651,37
500113008,20231109,1362,43,5,1,25.02594,121.50651,37
500113008,20231109,1363,43,4,1,25.02594,121.50651,38
500113008,20231109,1364,43,4,1,25.02594,121.50651,38
500113008,20231109,1365,43,4,1,25.02594,121.50651,38
500113008,20231109,1366,43,4,1,25.02594,121.50651,38
500113008,20231109,1367,43,4,1,25.02594,121.50651,38
500113008,20231109,1368,43,4,1,25.02594,121.50651,38
500113008,20231109,1369,43,4,1,25.02594,121.50651,38
500113008,20231109,1370,43,4,1,25.02594,121.50651,38
500113008,20231109,1371,43,4,1,25.02594,121.50651,38
500113008,20231109,1372,43,4,1,25.02594,121.50651,38
500113008,20231109,1373,43,5,1,25.02594,121.50651,37
500113008,20231109,1374,43,5,1,25.02594,121.50651,37
500113008,20231109,1375,43,5,1,25.02594,121.50651,37
500113008,20231109,1376,43,4,1,25.02594,121.50651,38
500113008,20231109,1377,43,4,1,25.02594,121.50651,38
500113008,20231109,1378,43,4,1,25.02594,121.50651,38
500113008,20231109,1379,43,4,1,25.02594,121.50651,38
500113008,20231109,1381,43,4,1,25.02594,121.50651,38
500113008,20231109,1382,43,4,1,25.02594,121.50651,38
500113008,20231109,1383,43,4,1,25.02594,121.50651,38
500113008,20231109,1384,43,4,1,25.02594,121.50651,38
500113008,20231109,1385,43,4,1,25.02594,121.50651,38
500113008,20231109,1386,43,3,1,25.02594,121.50651,39
500113008,20231109,1387,43,3,1,25.02594,121.50651,39
500113008,20231109,1388,43,3,1,25.02594,121.50651,39
500113008,20231109,1389,43,4,1,25.02594,121.50651,38
500113008,20231109,1390,43,4,1,25.02594,121.50651,38
500113008,20231109,1391,43,4,1,25.02594,121.50651,38
500113008,20231109,1392,43,3,1,25.02594,121.50651,39
500113008,20231109,1393,43,3,1,25.02594,121.50651,39
500113008,20231109,1394,43,3,1,25.02594,121.50651,39
500113008,20231109,1395,43,3,1,25.02594,121.50651,39
500113008,20231109,1396,43,3,1,25.02594,121.50651,39
500113008,20231109,1397,43,3,1,25.02594,121.50651,39
500113008,20231109,1398,43,3,1,25.02594,121.50651,39
500113008,20231109,1399,43,3,1,25.02594,121.50651,39
500113008,20231109,1401,43,3,1,25.02594,121.50651,39
500113008,20231109,1402,43,3,1,25.02594,121.50651,39
500113008,20231109,1403,43,3,1,25.02594,121.50651,39
500113008,20231109,1404,43,3,1,25.02594,121.50651,39
500113008,20231109,1405,43,3,1,25.02594,121.50651,39
500113008,20231109,1406,43,3,1,25.02594,121.50651,39
500113008,20231109,1407,43,3,1,25.02594,121.50651,39
500113008,20231109,1408,43,4,1,25.02594,121.50651,38
500113008,20231109,1409,43,4,1,25.02594,121.50651,38
500113008,20231109,1410,43,5,1,25.02594,121.50651,37
500113008,20231109,1411,43,5,1,25.02594,121.50651,37
500113008,20231109,1412,43,5,1,25.02594,121.50651,37
500113008,20231109,1413,43,5,1,25.02594,121.50651,37
500113008,20231109,1414,43,5,1,25.02594,121.50651,37
500113008,20231109,1415,43,5,1,25.02594,121.50651,37
500113008,20231109,1416,43,4,1,25.02594,121.50651,38
500113008,20231109,1417,43,4,1,25.02594,121.50651,38
500113008,20231109,1418,43,4,1,25.02594,121.50651,38
500113008,20231109,1419,43,4,1,25.02594,121.50651,38
500113008,20231109,1420,43,4,1,25.02594,121.50651,38
500113008,20231109,1421,43,4,1,25.02594,121.50651,38
500113008,20231109,1422,43,4,1,25.02594,121.50651,38
500113008,20231109,1423,43,4,1,25.02594,121.50651,38
500113008,20231109,1424,43,4,1,25.02594,121.50651,38
500113008,20231109,1426,43,4,1,25.02594,121.50651,38
500113008,20231109,1427,43,4,1,25.02594,121.50651,38
500113008,20231109,1428,43,4,1,25.02594,121.50651,38
500113008,20231109,1429,43,4,1,25.02594,121.50651,38
500113008,20231109,1430,43,4,1,25.02594,121.50651,38
500113008,20231109,1431,43,4,1,25.02594,121.50651,38
500113008,20231109,1432,43,4,1,25.02594,121.50651,38
500113008,20231109,1433,43,4,1,25.02594,121.50651,38
500113008,20231109,1434,43,4,1,25.02594,121.50651,38
500113008,20231109,1435,43,4,1,25.02594,121.50651,38
500113008,20231109,1436,43,4,1,25.02594,121.50651,38
500113008,20231109,1437,43,3,1,25.02594,121.50651,39
500113008,20231109,1438,43,3,1,25.02594,121.50651,39
500113008,20231109,1439,43,3,1,25.02594,121.50651,39
500113008,20231110,1,43,2,1,25.02594,121.50651,40
500113008,20231110,2,43,2,1,25.02594,121.50651,40
500113008,20231110,3,43,2,1,25.02594,121.50651,40
500113008,20231110,4,43,2,1,25.02594,121.50651,40
500113008,20231110,5,43,2,1,25.02594,121.50651,40
500113008,20231110,6,43,2,1,25.02594,121.50651,40
500113008,20231110,7,43,3,1,25.02594,121.50651,39
500113008,20231110,8,43,3,1,25.02594,121.50651,39
500113008,20231110,9,43,3,1,25.02594,121.50651,39
500113008,20231110,10,43,3,1,25.02594,121.50651,39
500113008,20231110,11,43,3,1,25.02594,121.50651,39
500113008,20231110,12,43,2,1,25.02594,121.50651,40
500113008,20231110,13,43,2,1,25.02594,121.50651,40
500113008,20231110,14,43,2,1,25.02594,121.50651,40
500113008,20231110,15,43,2,1,25.02594,121.50651,40
500113008,20231110,16,43,2,1,25.02594,121.50651,40
500113008,20231110,17,43,2,1,25.02594,121.50651,40
500113008,20231110,18,43,2,1,25.02594,121.50651,40
500113008,20231110,19,43,2,1,25.02594,121.50651,40
500113008,20231110,21,43,2,1,25.02594,121.50651,40
500113008,20231110,22,43,2,1,25.02594,121.50651,40
500113008,20231110,23,43,2,1,25.02594,121.50651,40
500113008,20231110,24,43,2,1,25.02594,121.50651,40
500113008,20231110,25,43,2,1,25.02594,121.50651,40
500113008,20231110,26,43,2,1,25.02594,121.50651,40
500113008,20231110,27,43,2,1,25.02594,121.50651,40
500113008,20231110,28,43,2,1,25.02594,121.50651,40
500113008,20231110,29,43,2,1,25.02594,121.50651,40
500113008,20231110,30,43,3,1,25.02594,121.50651,39
500113008,20231110,31,43,3,1,25.02594,121.50651,39
500113008,20231110,32,43,3,1,25.02594,121.50651,39
500113008,20231110,33,43,3,1,25.02594,121.50651,39
500113008,20231110,34,43,7,1,25.02594,121.50651,35
500113008,20231110,35,43,9,1,25.02594,121.50651,33
500113008,20231110,36,43,10,1,25.02594,121.50651,32
500113008,20231110,37,43,9,1,25.02594,121.50651,33
500113008,20231110,38,43,9,1,25.02594,121.50651,33
500113008,20231110,39,43,9,1,25.02594,121.50651,33
500113008,20231110,40,43,9,1,25.02594,121.50651,33
500113008,20231110,41,43,9,1,25.02594,121.50651,33
500113008,20231110,42,43,9,1,25.02594,121.50651,33
500113008,20231110,43,43,9,1,25.02594,121.50651,33
500113008,20231110,44,43,9,1,25.02594,121.50651,33
500113008,20231110,45,43,9,1,25.02594,121.50651,33
500113008,20231110,46,43,9,1,25.02594,121.50651,33
500113008,20231110,47,43,9,1,25.02594,121.50651,33
500113008,20231110,48,43,9,1,25.02594,121.50651,33
500113008,20231110,49,43,9,1,25.02594,121.50651,33
500113008,20231110,50,43,9,1,25.02594,121.50651,33
500113008,20231110,51,43,9,1,25.02594,121.50651,33
500113008,20231110,52,43,9,1,25.02594,121.50651,33
500113008,20231110,53,43,9,1,25.02594,121.50651,33
500113008,20231110,54,43,9,1,25.02594,121.50651,33
500113008,20231110,55,43,9,1,25.02594,121.50651,33
500113008,20231110,56,43,9,1,25.02594,121.50651,33
500113008,20231110,57,43,9,1,25.02594,121.50651,33
500113008,20231110,58,43,9,1,25.02594,121.50651,33
500113008,20231110,59,43,9,1,25.02594,121.50651,33
500113008,20231110,61,43,9,1,25.02594,121.50651,33
500113008,20231110,62,43,9,1,25.02594,121.50651,33
500113008,20231110,63,43,9,1,25.02594,121.50651,33
500113008,20231110,64,43,9,1,25.02594,121.50651,33
500113008,20231110,65,43,9,1,25.02594,121.50651,33
500113008,20231110,66,43,9,1,25.02594,121.50651,33
500113008,20231110,67,43,9,1,25.02594,121.50651,33
500113008,20231110,68,43,9,1,25.02594,121.50651,33
500113008,20231110,69,43,9,1,25.02594,121.50651,33
500113008,20231110,70,43,9,1,25.02594,121.50651,33
500113008,20231110,71,43,9,1,25.02594,121.50651,33
500113008,20231110,72,43,9,1,25.02594,121.50651,33
500113008,20231110,73,43,9,1,25.02594,121.50651,33
500113008,20231110,74,43,9,1,25.02594,121.50651,33
500113008,20231110,75,43,9,1,25.02594,121.50651,33
500113008,20231110,76,43,9,1,25.02594,121.50651,33
500113008,20231110,77,43,9,1,25.02594,121.50651,33
500113008,20231110,78,43,9,1,25.02594,121.50651,33
500113008,20231110,79,43,9,1,25.02594,121.50651,33
500113008,20231110,81,43,9,1,25.02594,121.50651,33
500113008,20231110,82,43,9,1,25.02594,121.50651,33
500113008,20231110,83,43,9,1,25.02594,121.50651,33
500113008,20231110,84,43,9,1,25.02594,121.50651,33
500113008,20231110,85,43,9,1,25.02594,121.50651,33
500113008,20231110,86,43,9,1,25.02594,121.50651,33
500113008,20231110,87,43,9,1,25.02594,121.50651,33
500113008,20231110,88,43,9,1,25.02594,121.50651,33
500113008,20231110,89,43,9,1,25.02594,121.50651,33
500113008,20231110,90,43,9,1,25.02594,121.50651,33
500113008,20231110,91,43,9,1,25.02594,121.50651,33
500113008,20231110,92,43,9,1,25.02594,121.50651,33
500113008,20231110,93,43,9,1,25.02594,121.50651,33
500113008,20231110,94,43,9,1,25.02594,121.50651,33
500113008,20231110,95,43,9,1,25.02594,121.50651,33
500113008,20231110,96,43,9,1,25.02594,121.50651,33
500113008,20231110,97,43,8,1,25.02594,121.50651,34
500113008,20231110,98,43,8,1,25.02594,121.50651,34
500113008,20231110,99,43,8,1,25.02594,121.50651,34
500113008,20231110,100,43,8,1,25.02594,121.50651,34
500113008,20231110,101,43,8,1,25.02594,121.50651,34
500113008,20231110,102,43,8,1,25.02594,121.50651,34
500113008,20231110,103,43,8,1,25.02594,121.50651,34
500113008,20231110,104,43,8,1,25.02594,121.50651,34
500113008,20231110,106,43,8,1,25.02594,121.50651,34
500113008,20231110,107,43,8,1,25.02594,121.50651,34
500113008,20231110,108,43,8,1,25.02594,121.50651,34
500113008,20231110,109,43,8,1,25.02594,121.50651,34
500113008,20231110,110,43,8,1,25.02594,121.50651,34
500113008,20231110,111,43,8,1,25.02594,121.50651,34
500113008,20231110,112,43,8,1,25.02594,121.50651,34
500113008,20231110,114,43,8,1,25.02594,121.50651,34
500113008,20231110,115,43,8,1,25.02594,121.50651,34
500113008,20231110,116,43,8,1,25.02594,121.50651,34
500113008,20231110,118,43,8,1,25.02594,121.50651,34
500113008,20231110,119,43,8,1,25.02594,121.50651,34
500113008,20231110,121,43,8,1,25.02594,121.50651,34
500113008,20231110,122,43,8,1,25.02594,121.50651,34
500113008,20231110,123,43,8,1,25.02594,121.50651,34
500113008,20231110,124,43,8,1,25.02594,121.50651,34
500113008,20231110,125,43,8,1,25.02594,121.50651,34
500113008,20231110,126,43,8,1,25.02594,121.50651,34
500113008,20231110,127,43,8,1,25.02594,121.50651,34
500113008,20231110,128,43,8,1,25.02594,121.50651,34
500113008,20231110,129,43,8,1,25.02594,121.50651,34
500113008,20231110,130,43,8,1,25.02594,121.50651,34
500113008,20231110,131,43,8,1,25.02594,121.50651,34
500113008,20231110,132,43,8,1,25.02594,121.50651,34
500113008,20231110,133,43,8,1,25.02594,121.50651,34
500113008,20231110,134,43,8,1,25.02594,121.50651,34
500113008,20231110,135,43,8,1,25.02594,121.50651,34
500113008,20231110,136,43,8,1,25.02594,121.50651,34
500113008,20231110,137,43,8,1,25.02594,121.50651,34
500113008,20231110,138,43,8,1,25.02594,121.50651,34
500113008,20231110,139,43,8,1,25.02594,121.50651,34
500113008,20231110,141,43,8,1,25.02594,121.50651,34
500113008,20231110,142,43,8,1,25.02594,121.50651,34
500113008,20231110,143,43,8,1,25.02594,121.50651,34
500113008,20231110,144,43,8,1,25.02594,121.50651,34
500113008,20231110,145,43,8,1,25.02594,121.50651,34
500113008,20231110,146,43,8,1,25.02594,121.50651,34
500113008,20231110,147,43,8,1,25.02594,121.50651,34
500113008,20231110,148,43,8,1,25.02594,121.50651,34
500113008,20231110,149,43,8,1,25.02594,121.50651,34
500113008,20231110,150,43,8,1,25.02594,121.50651,34
500113008,20231110,151,43,8,1,25.02594,121.50651,34
500113008,20231110,152,43,8,1,25.02594,121.50651,34
500113008,20231110,153,43,8,1,25.02594,121.50651,34
500113008,20231110,154,43,8,1,25.02594,121.50651,34
500113008,20231110,155,43,8,1,25.02594,121.50651,34
500113008,20231110,156,43,8,1,25.02594,121.50651,34
500113008,20231110,157,43,8,1,25.02594,121.50651,34
500113008,20231110,158,43,8,1,25.02594,121.50651,34
500113008,20231110,159,43,8,1,25.02594,121.50651,34
500113008,20231110,160,43,8,1,25.02594,121.50651,34
500113008,20231110,161,43,8,1,25.02594,121.50651,34
500113008,20231110,162,43,8,1,25.02594,121.50651,34
500113008,20231110,163,43,8,1,25.02594,121.50651,34
500113008,20231110,164,43,8,1,25.02594,121.50651,34
500113008,20231110,165,43,8,1,25.02594,121.50651,34
500113008,20231110,166,43,8,1,25.02594,121.50651,34
500113008,20231110,167,43,8,1,25.02594,121.50651,34
500113008,20231110,168,43,8,1,25.02594,121.50651,34
500113008,20231110,169,43,8,1,25.02594,121.50651,34
500113008,20231110,170,43,8,1,25.02594,121.50651,34
500113008,20231110,171,43,8,1,25.02594,121.50651,34
500113008,20231110,172,43,8,1,25.02594,121.50651,34
500113008,20231110,173,43,8,1,25.02594,121.50651,34
500113008,20231110,174,43,8,1,25.02594,121.50651,34
500113008,20231110,175,43,8,1,25.02594,121.50651,34
500113008,20231110,176,43,8,1,25.02594,121.50651,34
500113008,20231110,177,43,8,1,25.02594,121.50651,34
500113008,20231110,178,43,8,1,25.02594,121.50651,34
500113008,20231110,179,43,8,1,25.02594,121.50651,34
500113008,20231110,180,43,8,1,25.02594,121.50651,34
500113008,20231110,181,43,7,1,25.02594,121.50651,35
500113008,20231110,182,43,7,1,25.02594,121.50651,35
500113008,20231110,183,43,7,1,25.02594,121.50651,35
500113008,20231110,184,43,7,1,25.02594,121.50651,35
500113008,20231110,185,43,7,1,25.02594,121.50651,35
500113008,20231110,186,43,7,1,25.02594,121.50651,35
500113008,20231110,187,43,7,1,25.02594,121.50651,35
500113008,20231110,188,43,7,1,25.02594,121.50651,35
500113008,20231110,189,43,7,1,25.02594,121.50651,35
500113008,20231110,190,43,7,1,25.02594,121.50651,35
500113008,20231110,191,43,7,1,25.02594,121.50651,35
500113008,20231110,192,43,7,1,25.02594,121.50651,35
500113008,20231110,193,43,7,1,25.02594,121.50651,35
500113008,20231110,194,43,7,1,25.02594,121.50651,35
500113008,20231110,195,43,7,1,25.02594,121.50651,35
500113008,20231110,196,43,7,1,25.02594,121.50651,35
500113008,20231110,197,43,7,1,25.02594,121.50651,35
500113008,20231110,198,43,7,1,25.02594,121.50651,35
500113008,20231110,199,43,6,1,25.02594,121.50651,36
500113008,20231110,201,43,6,1,25.02594,121.50651,36
500113008,20231110,202,43,6,1,25.02594,121.50651,36
500113008,20231110,203,43,6,1,25.02594,121.50651,36
500113008,20231110,204,43,6,1,25.02594,121.50651,36
500113008,20231110,205,43,6,1,25.02594,121.50651,36
500113008,20231110,206,43,6,1,25.02594,121.50651,36
500113008,20231110,207,43,6,1,25.02594,121.50651,36
500113008,20231110,208,43,6,1,25.02594,121.50651,36
500113008,20231110,209,43,6,1,25.02594,121.50651,36
500113008,20231110,210,43,9,1,25.02594,121.50651,33
500113008,20231110,211,43,11,1,25.02594,121.50651,31
500113008,20231110,212,43,12,1,25.02594,121.50651,30
500113008,20231110,213,43,12,1,25.02594,121.50651,30
500113008,20231110,214,43,12,1,25.02594,121.50651,30
500113008,20231110,215,43,12,1,25.02594,121.50651,30
500113008,20231110,216,43,12,1,25.02594,121.50651,30
500113008,20231110,217,43,12,1,25.02594,121.50651,30
500113008,20231110,218,43,12,1,25.02594,121.50651,30
500113008,20231110,219,43,12,1,25.02594,121.50651,30
500113008,20231110,220,43,12,1,25.02594,121.50651,30
500113008,20231110,221,43,12,1,25.02594,121.50651,30
500113008,20231110,222,43,12,1,25.02594,121.50651,30
500113008,20231110,223,43,12,1,25.02594,121.50651,30
500113008,20231110,224,43,12,1,25.02594,121.50651,30
500113008,20231110,225,43,12,1,25.02594,121.50651,30
500113008,20231110,226,43,12,1,25.02594,121.50651,30
500113008,20231110,227,43,12,1,25.02594,121.50651,30
500113008,20231110,228,43,12,1,25.02594,121.50651,30
500113008,20231110,229,43,12,1,25.02594,121.50651,30
500113008,20231110,230,43,12,1,25.02594,121.50651,30
500113008,20231110,231,43,12,1,25.02594,121.50651,30
500113008,20231110,232,43,12,1,25.02594,121.50651,30
500113008,20231110,233,43,12,1,25.02594,121.50651,30
500113008,20231110,234,43,12,1,25.02594,121.50651,30
500113008,20231110,235,43,12,1,25.02594,121.50651,30
500113008,20231110,236,43,12,1,25.02594,121.50651,30
500113008,20231110,237,43,12,1,25.02594,121.50651,30
500113008,20231110,238,43,12,1,25.02594,121.50651,30
500113008,20231110,240,43,12,1,25.02594,121.50651,30
500113008,20231110,241,43,12,1,25.02594,121.50651,30
500113008,20231110,242,43,13,1,25.02594,121.50651,29
500113008,20231110,243,43,13,1,25.02594,121.50651,29
500113008,20231110,244,43,13,1,25.02594,121.50651,29
500113008,20231110,245,43,13,1,25.02594,121.50651,29
500113008,20231110,246,43,13,1,25.02594,121.50651,29
500113008,20231110,247,43,13,1,25.02594,121.50651,29
500113008,20231110,248,43,13,1,25.02594,121.50651,29
500113008,20231110,249,43,13,1,25.02594,121.50651,29
500113008,20231110,250,43,13,1,25.02594,121.50651,29
500113008,20231110,251,43,13,1,25.02594,121.50651,29
500113008,20231110,252,43,13,1,25.02594,121.50651,29
500113008,20231110,253,43,13,1,25.02594,121.50651,29
500113008,20231110,254,43,13,1,25.02594,121.50651,29
500113008,20231110,255,43,13,1,25.02594,121.50651,29
500113008,20231110,256,43,13,1,25.02594,121.50651,29
500113008,20231110,257,43,13,1,25.02594,121.50651,29
500113008,20231110,258,43,13,1,25.02594,121.50651,29
500113008,20231110,259,43,13,1,25.02594,121.50651,29
500113008,20231110,261,43,13,1,25.02594,121.50651,29
500113008,20231110,262,43,13,1,25.02594,121.50651,29
500113008,20231110,263,43,13,1,25.02594,121.50651,29
500113008,20231110,264,43,13,1,25.02594,121.50651,29
500113008,20231110,265,43,13,1,25.02594,121.50651,29
500113008,20231110,266,43,13,1,25.02594,121.50651,29
500113008,20231110,267,43,13,1,25.02594,121.50651,29
500113008,20231110,268,43,13,1,25.02594,121.50651,29
500113008,20231110,269,43,13,1,25.02594,121.50651,29
500113008,20231110,270,43,13,1,25.02594,121.50651,29
500113008,20231110,271,43,13,1,25.02594,121.50651,29
500113008,20231110,272,43,13,1,25.02594,121.50651,29
500113008,20231110,273,43,13,1,25.02594,121.50651,29
500113008,20231110,274,43,13,1,25.02594,121.50651,29
500113008,20231110,275,43,12,1,25.02594,121.50651,30
500113008,20231110,276,43,12,1,25.02594,121.50651,30
500113008,20231110,277,43,12,1,25.02594,121.50651,30
500113008,20231110,278,43,12,1,25.02594,121.50651,30
500113008,20231110,279,43,12,1,25.02594,121.50651,30
500113008,20231110,280,43,12,1,25.02594,121.50651,30
500113008,20231110,281,43,12,1,25.02594,121.50651,30
500113008,20231110,282,43,12,1,25.02594,121.50651,30
500113008,20231110,283,43,12,1,25.02594,121.50651,30
500113008,20231110,284,43,12,1,25.02594,121.50651,30
500113008,20231110,285,43,12,1,25.02594,121.50651,30
500113008,20231110,286,43,12,1,25.02594,121.50651,30
500113008,20231110,287,43,12,1,25.02594,121.50651,30
500113008,20231110,288,43,12,1,25.02594,121.50651,30
500113008,20231110,289,43,12,1,25.02594,121.50651,30
500113008,20231110,290,43,12,1,25.02594,121.50651,30
500113008,20231110,291,43,12,1,25.02594,121.50651,30
500113008,20231110,292,43,12,1,25.02594,121.50651,30
500113008,20231110,293,43,12,1,25.02594,121.50651,30
500113008,20231110,294,43,12,1,25.02594,121.50651,30
500113008,20231110,295,43,12,1,25.02594,121.50651,30
500113008,20231110,296,43,12,1,25.02594,121.50651,30
500113008,20231110,297,43,12,1,25.02594,121.50651,30
500113008,20231110,298,43,12,1,25.02594,121.50651,30
500113008,20231110,299,43,12,1,25.02594,121.50651,30
500113008,20231110,300,43,12,1,25.02594,121.50651,30
500113008,20231110,301,43,12,1,25.02594,121.50651,30
500113008,20231110,302,43,12,1,25.02594,121.50651,30
500113008,20231110,303,43,12,1,25.02594,121.50651,30
500113008,20231110,304,43,11,1,25.02594,121.50651,31
500113008,20231110,305,43,11,1,25.02594,121.50651,31
500113008,20231110,306,43,11,1,25.02594,121.50651,31
500113008,20231110,307,43,11,1,25.02594,121.50651,31
500113008,20231110,308,43,11,1,25.02594,121.50651,31
500113008,20231110,309,43,11,1,25.02594,121.50651,31
500113008,20231110,310,43,11,1,25.02594,121.50651,31
500113008,20231110,311,43,11,1,25.02594,121.50651,31
500113008,20231110,312,43,11,1,25.02594,121.50651,31
500113008,20231110,313,43,11,1,25.02594,121.50651,31
500113008,20231110,314,43,11,1,25.02594,121.50651,31
500113008,20231110,315,43,11,1,25.02594,121.50651,31
500113008,20231110,316,43,11,1,25.02594,121.50651,31
500113008,20231110,317,43,11,1,25.02594,121.50651,31
500113008,20231110,318,43,11,1,25.02594,121.50651,31
500113008,20231110,319,43,11,1,25.02594,121.50651,31
500113008,20231110,321,43,11,1,25.02594,121.50651,31
500113008,20231110,322,43,11,1,25.02594,121.50651,31
500113008,20231110,323,43,11,1,25.02594,121.50651,31
500113008,20231110,324,43,11,1,25.02594,121.50651,31
500113008,20231110,325,43,11,1,25.02594,121.50651,31
500113008,20231110,326,43,11,1,25.02594,121.50651,31
500113008,20231110,327,43,11,1,25.02594,121.50651,31
500113008,20231110,328,43,11,1,25.02594,121.50651,31
500113008,20231110,329,43,11,1,25.02594,121.50651,31
500113008,20231110,330,43,11,1,25.02594,121.50651,31
500113008,20231110,331,43,11,1,25.02594,121.50651,31
500113008,20231110,332,43,11,1,25.02594,121.50651,31
500113008,20231110,333,43,11,1,25.02594,121.50651,31
500113008,20231110,334,43,11,1,25.02594,121.50651,31
500113008,20231110,335,43,11,1,25.02594,121.50651,31
500113008,20231110,336,43,11,1,25.02594,121.50651,31
500113008,20231110,337,43,11,1,25.02594,121.50651,31
500113008,20231110,338,43,11,1,25.02594,121.50651,31
500113008,20231110,339,43,11,1,25.02594,121.50651,31
500113008,20231110,340,43,10,1,25.02594,121.50651,32
500113008,20231110,341,43,10,1,25.02594,121.50651,32
500113008,20231110,342,43,10,1,25.02594,121.50651,32
500113008,20231110,343,43,10,1,25.02594,121.50651,32
500113008,20231110,344,43,10,1,25.02594,121.50651,32
500113008,20231110,345,43,10,1,25.02594,121.50651,32
500113008,20231110,346,43,10,1,25.02594,121.50651,32
500113008,20231110,347,43,10,1,25.02594,121.50651,32
500113008,20231110,348,43,11,1,25.02594,121.50651,31
500113008,20231110,349,43,11,1,25.02594,121.50651,31
500113008,20231110,350,43,11,1,25.02594,121.50651,31
500113008,20231110,351,43,11,1,25.02594,121.50651,31
500113008,20231110,352,43,11,1,25.02594,121.50651,31
500113008,20231110,353,43,11,1,25.02594,121.50651,31
500113008,20231110,354,43,11,1,25.02594,121.50651,31
500113008,20231110,355,43,11,1,25.02594,121.50651,31
500113008,20231110,356,43,11,1,25.02594,121.50651,31
500113008,20231110,357,43,11,1,25.02594,121.50651,31
500113008,20231110,358,43,11,1,25.02594,121.50651,31
500113008,20231110,359,43,11,1,25.02594,121.50651,31
500113008,20231110,360,43,11,1,25.02594,121.50651,31
500113008,20231110,361,43,11,1,25.02594,121.50651,31
500113008,20231110,362,43,11,1,25.02594,121.50651,31
500113008,20231110,363,43,11,1,25.02594,121.50651,31
500113008,20231110,364,43,11,1,25.02594,121.50651,31
500113008,20231110,365,43,11,1,25.02594,121.50651,31
500113008,20231110,366,43,11,1,25.02594,121.50651,31
500113008,20231110,367,43,11,1,25.02594,121.50651,31
500113008,20231110,368,43,11,1,25.02594,121.50651,31
500113008,20231110,369,43,11,1,25.02594,121.50651,31
500113008,20231110,370,43,11,1,25.02594,121.50651,31
500113008,20231110,371,43,11,1,25.02594,121.50651,31
500113008,20231110,372,43,11,1,25.02594,121.50651,31
500113008,20231110,373,43,11,1,25.02594,121.50651,31
500113008,20231110,374,43,11,1,25.02594,121.50651,31
500113008,20231110,375,43,11,1,25.02594,121.50651,31
500113008,20231110,376,43,11,1,25.02594,121.50651,31
500113008,20231110,377,43,12,1,25.02594,121.50651,30
500113008,20231110,378,43,11,1,25.02594,121.50651,31
500113008,20231110,379,43,10,1,25.02594,121.50651,32
500113008,20231110,381,43,8,1,25.02594,121.50651,34
500113008,20231110,382,43,9,1,25.02594,121.50651,33
500113008,20231110,383,43,9,1,25.02594,121.50651,33
500113008,20231110,384,43,8,1,25.02594,121.50651,34
500113008,20231110,385,43,8,1,25.02594,121.50651,34
500113008,20231110,386,43,8,1,25.02594,121.50651,34
500113008,20231110,387,43,8,1,25.02594,121.50651,34
500113008,20231110,388,43,8,1,25.02594,121.50651,34
500113008,20231110,389,43,9,1,25.02594,121.50651,33
500113008,20231110,390,43,8,1,25.02594,121.50651,34
500113008,20231110,391,43,9,1,25.02594,121.50651,33
500113008,20231110,392,43,9,1,25.02594,121.50651,33
500113008,20231110,393,43,9,1,25.02594,121.50651,33
500113008,20231110,394,43,10,1,25.02594,121.50651,32
500113008,20231110,395,43,11,1,25.02594,121.50651,31
500113008,20231110,396,43,12,1,25.02594,121.50651,30
500113008,20231110,397,43,11,1,25.02594,121.50651,31
500113008,20231110,398,43,11,1,25.02594,121.50651,31
500113008,20231110,399,43,11,1,25.02594,121.50651,31
500113008,20231110,400,43,11,1,25.02594,121.50651,31
500113008,20231110,401,43,11,1,25.02594,121.50651,31
500113008,20231110,402,43,11,1,25.02594,121.50651,31
500113008,20231110,403,43,11,1,25.02594,121.50651,31
500113008,20231110,404,43,11,1,25.02594,121.50651,31
500113008,20231110,405,43,11,1,25.02594,121.50651,31
500113008,20231110,406,43,11,1,25.02594,121.50651,31
500113008,20231110,407,43,11,1,25.02594,121.50651,31
500113008,20231110,408,43,11,1,25.02594,121.50651,31
500113008,20231110,409,43,11,1,25.02594,121.50651,31
500113008,20231110,410,43,11,1,25.02594,121.50651,31
500113008,20231110,411,43,10,1,25.02594,121.50651,32
500113008,20231110,412,43,10,1,25.02594,121.50651,32
500113008,20231110,413,43,10,1,25.02594,121.50651,32
500113008,20231110,414,43,10,1,25.02594,121.50651,32
500113008,20231110,415,43,10,1,25.02594,121.50651,32
500113008,20231110,416,43,11,1,25.02594,121.50651,31
500113008,20231110,417,43,10,1,25.02594,121.50651,32
500113008,20231110,418,43,10,1,25.02594,121.50651,32
500113008,20231110,419,43,14,1,25.02594,121.50651,28
500113008,20231110,421,43,14,1,25.02594,121.50651,28
500113008,20231110,422,43,15,1,25.02594,121.50651,27
500113008,20231110,423,43,15,1,25.02594,121.50651,27
500113008,20231110,424,43,15,1,25.02594,121.50651,27
500113008,20231110,425,43,15,1,25.02594,121.50651,27
500113008,20231110,426,43,15,1,25.02594,121.50651,27
500113008,20231110,427,43,15,1,25.02594,121.50651,27
500113008,20231110,428,43,17,1,25.02594,121.50651,25
500113008,20231110,429,43,17,1,25.02594,121.50651,25
500113008,20231110,430,43,16,1,25.02594,121.50651,26
500113008,20231110,431,43,16,1,25.02594,121.50651,26
500113008,20231110,432,43,17,1,25.02594,121.50651,25
500113008,20231110,433,43,17,1,25.02594,121.50651,25
500113008,20231110,434,43,17,1,25.02594,121.50651,25
500113008,20231110,435,43,17,1,25.02594,121.50651,25
500113008,20231110,436,43,17,1,25.02594,121.50651,25
500113008,20231110,437,43,19,1,25.02594,121.50651,23
500113008,20231110,438,43,20,1,25.02594,121.50651,22
500113008,20231110,439,43,17,1,25.02594,121.50651,25
500113008,20231110,441,43,18,1,25.02594,121.50651,24
500113008,20231110,442,43,18,1,25.02594,121.50651,24
500113008,20231110,443,43,19,1,25.02594,121.50651,23
500113008,20231110,444,43,19,1,25.02594,121.50651,23
500113008,20231110,445,43,19,1,25.02594,121.50651,23
500113008,20231110,446,43,19,1,25.02594,121.50651,23
500113008,20231110,447,43,19,1,25.02594,121.50651,23
500113008,20231110,448,43,19,1,25.02594,121.50651,23
500113008,20231110,449,43,19,1,25.02594,121.50651,23
500113008,20231110,451,43,17,1,25.02594,121.50651,25
500113008,20231110,452,43,17,1,25.02594,121.50651,25
500113008,20231110,453,43,18,1,25.02594,121.50651,24
500113008,20231110,454,43,19,1,25.02594,121.50651,23
500113008,20231110,455,43,19,1,25.02594,121.50651,23
500113008,20231110,456,43,18,1,25.02594,121.50651,24
500113008,20231110,457,43,18,1,25.02594,121.50651,24
500113008,20231110,458,43,17,1,25.02594,121.50651,25
500113008,20231110,459,43,17,1,25.02594,121.50651,25
500113008,20231110,460,43,16,1,25.02594,121.50651,26
500113008,20231110,461,43,17,1,25.02594,121.50651,25
500113008,20231110,462,43,17,1,25.02594,121.50651,25
500113008,20231110,463,43,17,1,25.02594,121.50651,25
500113008,20231110,464,43,17,1,25.02594,121.50651,25
500113008,20231110,465,43,17,1,25.02594,121.50651,25
500113008,20231110,466,43,18,1,25.02594,121.50651,24
500113008,20231110,467,43,18,1,25.02594,121.50651,24
500113008,20231110,468,43,18,1,25.02594,121.50651,24
500113008,20231110,469,43,18,1,25.02594,121.50651,24
500113008,20231110,470,43,18,1,25.02594,121.50651,24
500113008,20231110,472,43,18,1,25.02594,121.50651,24
500113008,20231110,473,43,19,1,25.02594,121.50651,23
500113008,20231110,474,43,19,1,25.02594,121.50651,23
500113008,20231110,475,43,19,1,25.02594,121.50651,23
500113008,20231110,476,43,19,1,25.02594,121.50651,23
500113008,20231110,477,43,18,1,25.02594,121.50651,24
500113008,20231110,478,43,19,1,25.02594,121.50651,23
500113008,20231110,479,43,19,1,25.02594,121.50651,23
500113008,20231110,481,43,19,1,25.02594,121.50651,23
500113008,20231110,482,43,20,1,25.02594,121.50651,22
500113008,20231110,483,43,20,1,25.02594,121.50651,22
500113008,20231110,484,43,20,1,25.02594,121.50651,22
500113008,20231110,485,43,20,1,25.02594,121.50651,22
500113008,20231110,486,43,20,1,25.02594,121.50651,22
500113008,20231110,487,43,20,1,25.02594,121.50651,22
500113008,20231110,488,43,20,1,25.02594,121.50651,22
500113008,20231110,489,43,20,1,25.02594,121.50651,22
500113008,20231110,490,43,20,1,25.02594,121.50651,22
500113008,20231110,491,43,20,1,25.02594,121.50651,22
500113008,20231110,492,43,20,1,25.02594,121.50651,22
500113008,20231110,493,43,20,1,25.02594,121.50651,22
500113008,20231110,494,43,20,1,25.02594,121.50651,22
500113008,20231110,495,43,20,1,25.02594,121.50651,22
500113008,20231110,496,43,19,1,25.02594,121.50651,23
500113008,20231110,497,43,19,1,25.02594,121.50651,23
500113008,20231110,498,43,20,1,25.02594,121.50651,22
500113008,20231110,499,43,20,1,25.02594,121.50651,22
500113008,20231110,501,43,19,1,25.02594,121.50651,23
500113008,20231110,502,43,20,1,25.02594,121.50651,22
500113008,20231110,503,43,20,1,25.02594,121.50651,22
500113008,20231110,504,43,21,1,25.02594,121.50651,21
500113008,20231110,505,43,21,1,25.02594,121.50651,21
500113008,20231110,506,43,22,1,25.02594,121.50651,20
500113008,20231110,507,43,21,1,25.02594,121.50651,21
500113008,20231110,508,43,21,1,25.02594,121.50651,21
500113008,20231110,509,43,21,1,25.02594,121.50651,21
500113008,20231110,511,43,22,1,25.02594,121.50651,20
500113008,20231110,512,43,21,1,25.02594,121.50651,21
500113008,20231110,513,43,21,1,25.02594,121.50651,21
500113008,20231110,514,43,21,1,25.02594,121.50651,21
500113008,20231110,515,43,22,1,25.02594,121.50651,20
500113008,20231110,516,43,22,1,25.02594,121.50651,20
500113008,20231110,517,43,22,1,25.02594,121.50651,20
500113008,20231110,518,43,22,1,25.02594,121.50651,20
500113008,20231110,519,43,23,1,25.02594,121.50651,19
500113008,20231110,520,43,23,1,25.02594,121.50651,19
500113008,20231110,521,43,23,1,25.02594,121.50651,19
500113008,20231110,522,43,23,1,25.02594,121.50651,19
500113008,20231110,523,43,23,1,25.02594,121.50651,19
500113008,20231110,524,43,23,1,25.02594,121.50651,19
500113008,20231110,525,43,23,1,25.02594,121.50651,19
500113008,20231110,526,43,23,1,25.02594,121.50651,19
500113008,20231110,527,43,23,1,25.02594,121.50651,19
500113008,20231110,528,43,23,1,25.02594,121.50651,19
500113008,20231110,529,43,23,1,25.02594,121.50651,19
500113008,20231110,530,43,23,1,25.02594,121.50651,19
500113008,20231110,531,43,23,1,25.02594,121.50651,19
500113008,20231110,532,43,23,1,25.02594,121.50651,19
500113008,20231110,533,43,23,1,25.02594,121.50651,19
500113008,20231110,534,43,23,1,25.02594,121.50651,19
500113008,20231110,535,43,23,1,25.02594,121.50651,19
500113008,20231110,536,43,23,1,25.02594,121.50651,19
500113008,20231110,537,43,23,1,25.02594,121.50651,19
500113008,20231110,538,43,23,1,25.02594,121.50651,19
500113008,20231110,539,43,23,1,25.02594,121.50651,19
500113008,20231110,541,43,24,1,25.02594,121.50651,18
500113008,20231110,542,43,24,1,25.02594,121.50651,18
500113008,20231110,543,43,24,1,25.02594,121.50651,18
500113008,20231110,544,43,24,1,25.02594,121.50651,18
500113008,20231110,545,43,24,1,25.02594,121.50651,18
500113008,20231110,546,43,25,1,25.02594,121.50651,17
500113008,20231110,547,43,25,1,25.02594,121.50651,17
500113008,20231110,548,43,26,1,25.02594,121.50651,16
500113008,20231110,549,43,26,1,25.02594,121.50651,16
500113008,20231110,550,43,27,1,25.02594,121.50651,15
500113008,20231110,551,43,27,1,25.02594,121.50651,15
500113008,20231110,552,43,27,1,25.02594,121.50651,15
500113008,20231110,553,43,27,1,25.02594,121.50651,15
500113008,20231110,554,43,28,1,25.02594,121.50651,14
500113008,20231110,555,43,28,1,25.02594,121.50651,14
500113008,20231110,556,43,28,1,25.02594,121.50651,14
500113008,20231110,557,43,28,1,25.02594,121.50651,14
500113008,20231110,558,43,28,1,25.02594,121.50651,14
500113008,20231110,559,43,28,1,25.02594,121.50651,14
500113008,20231110,561,43,28,1,25.02594,121.50651,14
500113008,20231110,562,43,28,1,25.02594,121.50651,14
500113008,20231110,563,43,28,1,25.02594,121.50651,14
500113008,20231110,564,43,28,1,25.02594,121.50651,14
500113008,20231110,565,43,31,1,25.02594,121.50651,11
500113008,20231110,566,43,32,1,25.02594,121.50651,10
500113008,20231110,567,43,32,1,25.02594,121.50651,10
500113008,20231110,568,43,32,1,25.02594,121.50651,10
500113008,20231110,569,43,32,1,25.02594,121.50651,10
500113008,20231110,571,43,32,1,25.02594,121.50651,10
500113008,20231110,572,43,32,1,25.02594,121.50651,10
500113008,20231110,573,43,32,1,25.02594,121.50651,10
500113008,20231110,574,43,32,1,25.02594,121.50651,10
500113008,20231110,575,43,33,1,25.02594,121.50651,9
500113008,20231110,576,43,33,1,25.02594,121.50651,9
500113008,20231110,577,43,33,1,25.02594,121.50651,9
500113008,20231110,578,43,33,1,25.02594,121.50651,9
500113008,20231110,579,43,33,1,25.02594,121.50651,9
500113008,20231110,580,43,33,1,25.02594,121.50651,9
500113008,20231110,581,43,34,1,25.02594,121.50651,8
500113008,20231110,582,43,33,1,25.02594,121.50651,9
500113008,20231110,583,43,33,1,25.02594,121.50651,9
500113008,20231110,584,43,33,1,25.02594,121.50651,9
500113008,20231110,585,43,33,1,25.02594,121.50651,9
500113008,20231110,586,43,32,1,25.02594,121.50651,10
500113008,20231110,587,43,32,1,25.02594,121.50651,10
500113008,20231110,588,43,32,1,25.02594,121.50651,10
500113008,20231110,589,43,32,1,25.02594,121.50651,10
500113008,20231110,590,43,32,1,25.02594,121.50651,10
500113008,20231110,591,43,32,1,25.02594,121.50651,10
500113008,20231110,592,43,32,1,25.02594,121.50651,10
500113008,20231110,593,43,32,1,25.02594,121.50651,10
500113008,20231110,594,43,32,1,25.02594,121.50651,10
500113008,20231110,595,43,32,1,25.02594,121.50651,10
500113008,20231110,596,43,32,1,25.02594,121.50651,10
500113008,20231110,597,43,32,1,25.02594,121.50651,10
500113008,20231110,598,43,33,1,25.02594,121.50651,9
500113008,20231110,599,43,33,1,25.02594,121.50651,9
500113008,20231110,601,43,33,1,25.02594,121.50651,9
500113008,20231110,602,43,33,1,25.02594,121.50651,9
500113008,20231110,603,43,32,1,25.02594,121.50651,10
500113008,20231110,604,43,32,1,25.02594,121.50651,10
500113008,20231110,605,43,33,1,25.02594,121.50651,9
500113008,20231110,606,43,33,1,25.02594,121.50651,9
500113008,20231110,607,43,33,1,25.02594,121.50651,9
500113008,20231110,608,43,33,1,25.02594,121.50651,9
500113008,20231110,609,43,33,1,25.02594,121.50651,9
500113008,20231110,610,43,34,1,25.02594,121.50651,8
500113008,20231110,611,43,34,1,25.02594,121.50651,8
500113008,20231110,612,43,34,1,25.02594,121.50651,8
500113008,20231110,613,43,34,1,25.02594,121.50651,8
500113008,20231110,614,43,34,1,25.02594,121.50651,8
500113008,20231110,615,43,34,1,25.02594,121.50651,8
500113008,20231110,616,43,35,1,25.02594,121.50651,7
500113008,20231110,617,43,36,1,25.02594,121.50651,6
500113008,20231110,618,43,36,1,25.02594,121.50651,6
500113008,20231110,619,43,37,1,25.02594,121.50651,5
500113008,20231110,621,43,36,1,25.02594,121.50651,6
500113008,20231110,622,43,36,1,25.02594,121.50651,6
500113008,20231110,623,43,36,1,25.02594,121.50651,6
500113008,20231110,624,43,36,1,25.02594,121.50651,6
500113008,20231110,625,43,36,1,25.02594,121.50651,6
500113008,20231110,626,43,36,1,25.02594,121.50651,6
500113008,20231110,627,43,36,1,25.02594,121.50651,6
500113008,20231110,628,43,36,1,25.02594,121.50651,6
500113008,20231110,629,43,36,1,25.02594,121.50651,6
500113008,20231110,631,43,36,1,25.02594,121.50651,6
500113008,20231110,632,43,36,1,25.02594,121.50651,6
500113008,20231110,633,43,36,1,25.02594,121.50651,6
500113008,20231110,634,43,37,1,25.02594,121.50651,5
500113008,20231110,635,43,37,1,25.02594,121.50651,5
500113008,20231110,636,43,38,1,25.02594,121.50651,4
500113008,20231110,637,43,38,1,25.02594,121.50651,4
500113008,20231110,638,43,38,1,25.02594,121.50651,4
500113008,20231110,639,43,38,1,25.02594,121.50651,4
500113008,20231110,640,43,38,1,25.02594,121.50651,4
500113008,20231110,641,43,38,1,25.02594,121.50651,4
500113008,20231110,642,43,39,1,25.02594,121.50651,3
500113008,20231110,643,43,39,1,25.02594,121.50651,3
500113008,20231110,644,43,39,1,25.02594,121.50651,3
500113008,20231110,645,43,39,1,25.02594,121.50651,3
500113008,20231110,646,43,39,1,25.02594,121.50651,3
500113008,20231110,647,43,39,1,25.02594,121.50651,3
500113008,20231110,648,43,40,1,25.02594,121.50651,2
500113008,20231110,649,43,40,1,25.02594,121.50651,2
500113008,20231110,650,43,40,1,25.02594,121.50651,2
500113008,20231110,651,43,40,1,25.02594,121.50651,2
500113008,20231110,652,43,40,1,25.02594,121.50651,2
500113008,20231110,653,43,40,1,25.02594,121.50651,2
500113008,20231110,654,43,39,1,25.02594,121.50651,3
500113008,20231110,655,43,39,1,25.02594,121.50651,3
500113008,20231110,656,43,39,1,25.02594,121.50651,3
500113008,20231110,657,43,39,1,25.02594,121.50651,3
500113008,20231110,658,43,39,1,25.02594,121.50651,3
500113008,20231110,659,43,39,1,25.02594,121.50651,3
500113008,20231110,661,43,39,1,25.02594,121.50651,3
500113008,20231110,662,43,39,1,25.02594,121.50651,3
500113008,20231110,663,43,39,1,25.02594,121.50651,3
500113008,20231110,664,43,39,1,25.02594,121.50651,3
500113008,20231110,665,43,39,1,25.02594,121.50651,3
500113008,20231110,666,43,39,1,25.02594,121.50651,3
500113008,20231110,667,43,39,1,25.02594,121.50651,3
500113008,20231110,668,43,39,1,25.02594,121.50651,3
500113008,20231110,669,43,39,1,25.02594,121.50651,3
500113008,20231110,670,43,40,1,25.02594,121.50651,2
500113008,20231110,671,43,40,1,25.02594,121.50651,2
500113008,20231110,672,43,40,1,25.02594,121.50651,2
500113008,20231110,673,43,40,1,25.02594,121.50651,2
500113008,20231110,674,43,40,1,25.02594,121.50651,2
500113008,20231110,675,43,40,1,25.02594,121.50651,2
500113008,20231110,676,43,40,1,25.02594,121.50651,2
500113008,20231110,677,43,40,1,25.02594,121.50651,2
500113008,20231110,678,43,40,1,25.02594,121.50651,2
500113008,20231110,679,43,40,1,25.02594,121.50651,2
500113008,20231110,681,43,40,1,25.02594,121.50651,2
500113008,20231110,682,43,40,1,25.02594,121.50651,2
500113008,20231110,683,43,41,1,25.02594,121.50651,1
500113008,20231110,684,43,41,1,25.02594,121.50651,1
500113008,20231110,685,43,40,1,25.02594,121.50651,2
500113008,20231110,686,43,40,1,25.02594,121.50651,2
500113008,20231110,687,43,40,1,25.02594,121.50651,2
500113008,20231110,688,43,40,1,25.02594,121.50651,2
500113008,20231110,689,43,40,1,25.02594,121.50651,2
500113008,20231110,690,43,40,1,25.02594,121.50651,2
500113008,20231110,691,43,40,1,25.02594,121.50651,2
500113008,20231110,692,43,40,1,25.02594,121.50651,2
500113008,20231110,693,43,40,1,25.02594,121.50651,2
500113008,20231110,694,43,40,1,25.02594,121.50651,2
500113008,20231110,695,43,40,1,25.02594,121.50651,2
500113008,20231110,696,43,40,1,25.02594,121.50651,2
500113008,20231110,697,43,40,1,25.02594,121.50651,2
500113008,20231110,698,43,40,1,25.02594,121.50651,2
500113008,20231110,699,43,40,1,25.02594,121.50651,2
500113008,20231110,700,43,40,1,25.02594,121.50651,2
500113008,20231110,701,43,40,1,25.02594,121.50651,2
500113008,20231110,702,43,40,1,25.02594,121.50651,2
500113008,20231110,703,43,40,1,25.02594,121.50651,2
500113008,20231110,704,43,41,1,25.02594,121.50651,1
500113008,20231110,705,43,41,1,25.02594,121.50651,1
500113008,20231110,706,43,41,1,25.02594,121.50651,1
500113008,20231110,707,43,41,1,25.02594,121.50651,1
500113008,20231110,708,43,41,1,25.02594,121.50651,1
500113008,20231110,709,43,41,1,25.02594,121.50651,1
500113008,20231110,710,43,41,1,25.02594,121.50651,1
500113008,20231110,711,43,40,1,25.02594,121.50651,2
500113008,20231110,713,43,40,1,25.02594,121.50651,2
500113008,20231110,714,43,39,1,25.02594,121.50651,3
500113008,20231110,715,43,39,1,25.02594,121.50651,3
500113008,20231110,716,43,39,1,25.02594,121.50651,3
500113008,20231110,717,43,40,1,25.02594,121.50651,2
500113008,20231110,718,43,40,1,25.02594,121.50651,2
500113008,20231110,719,43,40,1,25.02594,121.50651,2
500113008,20231110,721,43,40,1,25.02594,121.50651,2
500113008,20231110,722,43,40,1,25.02594,121.50651,2
500113008,20231110,723,43,40,1,25.02594,121.50651,2
500113008,20231110,724,43,40,1,25.02594,121.50651,2
500113008,20231110,725,43,40,1,25.02594,121.50651,2
500113008,20231110,726,43,40,1,25.02594,121.50651,2
500113008,20231110,727,43,40,1,25.02594,121.50651,2
500113008,20231110,728,43,40,1,25.02594,121.50651,2
500113008,20231110,729,43,40,1,25.02594,121.50651,2
500113008,20231110,730,43,40,1,25.02594,121.50651,2
500113008,20231110,731,43,40,1,25.02594,121.50651,2
500113008,20231110,732,43,40,1,25.02594,121.50651,2
500113008,20231110,733,43,40,1,25.02594,121.50651,2
500113008,20231110,734,43,40,1,25.02594,121.50651,2
500113008,20231110,735,43,40,1,25.02594,121.50651,2
500113008,20231110,736,43,40,1,25.02594,121.50651,2
500113008,20231110,737,43,40,1,25.02594,121.50651,2
500113008,20231110,738,43,40,1,25.02594,121.50651,2
500113008,20231110,739,43,40,1,25.02594,121.50651,2
500113008,20231110,741,43,40,1,25.02594,121.50651,2
500113008,20231110,742,43,40,1,25.02594,121.50651,2
500113008,20231110,743,43,40,1,25.02594,121.50651,2
500113008,20231110,744,43,40,1,25.02594,121.50651,2
500113008,20231110,745,43,40,1,25.02594,121.50651,2
500113008,20231110,746,43,40,1,25.02594,121.50651,2
500113008,20231110,747,43,40,1,25.02594,121.50651,2
500113008,20231110,748,43,40,1,25.02594,121.50651,2
500113008,20231110,749,43,40,1,25.02594,121.50651,2
500113008,20231110,751,43,40,1,25.02594,121.50651,2
500113008,20231110,752,43,40,1,25.02594,121.50651,2
500113008,20231110,753,43,40,1,25.02594,121.50651,2
500113008,20231110,754,43,40,1,25.02594,121.50651,2
500113008,20231110,755,43,40,1,25.02594,121.50651,2
500113008,20231110,757,43,40,1,25.02594,121.50651,2
500113008,20231110,758,43,40,1,25.02594,121.50651,2
500113008,20231110,759,43,40,1,25.02594,121.50651,2
500113008,20231110,760,43,40,1,25.02594,121.50651,2
500113008,20231110,761,43,40,1,25.02594,121.50651,2
500113008,20231110,762,43,40,1,25.02594,121.50651,2
500113008,20231110,763,43,40,1,25.02594,121.50651,2
500113008,20231110,764,43,40,1,25.02594,121.50651,2
500113008,20231110,765,43,40,1,25.02594,121.50651,2
500113008,20231110,766,43,40,1,25.02594,121.50651,2
500113008,20231110,767,43,40,1,25.02594,121.50651,2
500113008,20231110,768,43,40,1,25.02594,121.50651,2
500113008,20231110,769,43,39,1,25.02594,121.50651,3
500113008,20231110,770,43,39,1,25.02594,121.50651,3
500113008,20231110,771,43,39,1,25.02594,121.50651,3
500113008,20231110,772,43,39,1,25.02594,121.50651,3
500113008,20231110,773,43,39,1,25.02594,121.50651,3
500113008,20231110,774,43,39,1,25.02594,121.50651,3
500113008,20231110,775,43,39,1,25.02594,121.50651,3
500113008,20231110,776,43,39,1,25.02594,121.50651,3
500113008,20231110,777,43,39,1,25.02594,121.50651,3
500113008,20231110,778,43,39,1,25.02594,121.50651,3
500113008,20231110,779,43,39,1,25.02594,121.50651,3
500113008,20231110,781,43,39,1,25.02594,121.50651,3
500113008,20231110,782,43,39,1,25.02594,121.50651,3
500113008,20231110,783,43,39,1,25.02594,121.50651,3
500113008,20231110,784,43,39,1,25.02594,121.50651,3
500113008,20231110,785,43,39,1,25.02594,121.50651,3
500113008,20231110,786,43,39,1,25.02594,121.50651,3
500113008,20231110,787,43,38,1,25.02594,121.50651,4
500113008,20231110,788,43,38,1,25.02594,121.50651,4
500113008,20231110,789,43,38,1,25.02594,121.50651,4
500113008,20231110,790,43,38,1,25.02594,121.50651,4
500113008,20231110,791,43,38,1,25.02594,121.50651,4
500113008,20231110,792,43,38,1,25.02594,121.50651,4
500113008,20231110,793,43,38,1,25.02594,121.50651,4
500113008,20231110,794,43,38,1,25.02594,121.50651,4
500113008,20231110,795,43,38,1,25.02594,121.50651,4
500113008,20231110,796,43,38,1,25.02594,121.50651,4
500113008,20231110,797,43,38,1,25.02594,121.50651,4
500113008,20231110,798,43,38,1,25.02594,121.50651,4
500113008,20231110,799,43,38,1,25.02594,121.50651,4
500113008,20231110,801,43,39,1,25.02594,121.50651,3
500113008,20231110,802,43,39,1,25.02594,121.50651,3
500113008,20231110,803,43,39,1,25.02594,121.50651,3
500113008,20231110,804,43,39,1,25.02594,121.50651,3
500113008,20231110,805,43,41,1,25.02594,121.50651,1
500113008,20231110,806,43,42,1,25.02594,121.50651,0
500113008,20231110,807,43,41,1,25.02594,121.50651,1
500113008,20231110,808,43,41,1,25.02594,121.50651,1
500113008,20231110,809,43,41,1,25.02594,121.50651,1
500113008,20231110,811,43,41,1,25.02594,121.50651,1
500113008,20231110,812,43,41,1,25.02594,121.50651,1
500113008,20231110,813,43,40,1,25.02594,121.50651,2
500113008,20231110,814,43,40,1,25.02594,121.50651,2
500113008,20231110,815,43,40,1,25.02594,121.50651,2
500113008,20231110,816,43,40,1,25.02594,121.50651,2
500113008,20231110,817,43,40,1,25.02594,121.50651,2
500113008,20231110,818,43,40,1,25.02594,121.50651,2
500113008,20231110,819,43,40,1,25.02594,121.50651,2
500113008,20231110,820,43,40,1,25.02594,121.50651,2
500113008,20231110,821,43,40,1,25.02594,121.50651,2
500113008,20231110,822,43,40,1,25.02594,121.50651,2
500113008,20231110,823,43,37,1,25.02594,121.50651,5
500113008,20231110,824,43,37,1,25.02594,121.50651,5
500113008,20231110,825,43,37,1,25.02594,121.50651,5
500113008,20231110,826,43,37,1,25.02594,121.50651,5
500113008,20231110,827,43,36,1,25.02594,121.50651,6
500113008,20231110,828,43,35,1,25.02594,121.50651,7
500113008,20231110,829,43,36,1,25.02594,121.50651,6
500113008,20231110,830,43,36,1,25.02594,121.50651,6
500113008,20231110,831,43,37,1,25.02594,121.50651,5
500113008,20231110,832,43,37,1,25.02594,121.50651,5
500113008,20231110,833,43,37,1,25.02594,121.50651,5
500113008,20231110,834,43,37,1,25.02594,121.50651,5
500113008,20231110,835,43,37,1,25.02594,121.50651,5
500113008,20231110,836,43,36,1,25.02594,121.50651,6
500113008,20231110,837,43,36,1,25.02594,121.50651,6
500113008,20231110,838,43,36,1,25.02594,121.50651,6
500113008,20231110,839,43,35,1,25.02594,121.50651,7
500113008,20231110,841,43,34,1,25.02594,121.50651,8
500113008,20231110,842,43,33,1,25.02594,121.50651,9
500113008,20231110,843,43,33,1,25.02594,121.50651,9
500113008,20231110,844,43,33,1,25.02594,121.50651,9
500113008,20231110,845,43,31,1,25.02594,121.50651,11
500113008,20231110,846,43,31,1,25.02594,121.50651,11
500113008,20231110,847,43,31,1,25.02594,121.50651,11
500113008,20231110,848,43,31,1,25.02594,121.50651,11
500113008,20231110,849,43,31,1,25.02594,121.50651,11
500113008,20231110,850,43,31,1,25.02594,121.50651,11
500113008,20231110,851,43,31,1,25.02594,121.50651,11
500113008,20231110,852,43,31,1,25.02594,121.50651,11
500113008,20231110,853,43,31,1,25.02594,121.50651,11
500113008,20231110,854,43,31,1,25.02594,121.50651,11
500113008,20231110,855,43,30,1,25.02594,121.50651,12
500113008,20231110,856,43,30,1,25.02594,121.50651,12
500113008,20231110,857,43,30,1,25.02594,121.50651,12
500113008,20231110,858,43,30,1,25.02594,121.50651,12
500113008,20231110,859,43,30,1,25.02594,121.50651,12
500113008,20231110,861,43,31,1,25.02594,121.50651,11
500113008,20231110,862,43,31,1,25.02594,121.50651,11
500113008,20231110,863,43,31,1,25.02594,121.50651,11
500113008,20231110,864,43,31,1,25.02594,121.50651,11
500113008,20231110,865,43,31,1,25.02594,121.50651,11
500113008,20231110,866,43,31,1,25.02594,121.50651,11
500113008,20231110,867,43,31,1,25.02594,121.50651,11
500113008,20231110,868,43,31,1,25.02594,121.50651,11
500113008,20231110,869,43,31,1,25.02594,121.50651,11
500113008,20231110,871,43,31,1,25.02594,121.50651,11
500113008,20231110,872,43,30,1,25.02594,121.50651,12
500113008,20231110,873,43,30,1,25.02594,121.50651,12
500113008,20231110,874,43,30,1,25.02594,121.50651,12
500113008,20231110,875,43,30,1,25.02594,121.50651,12
500113008,20231110,876,43,30,1,25.02594,121.50651,12
500113008,20231110,877,43,30,1,25.02594,121.50651,12
500113008,20231110,878,43,30,1,25.02594,121.50651,12
500113008,20231110,879,43,30,1,25.02594,121.50651,12
500113008,20231110,880,43,31,1,25.02594,121.50651,11
500113008,20231110,881,43,31,1,25.02594,121.50651,11
500113008,20231110,882,43,31,1,25.02594,121.50651,11
500113008,20231110,883,43,31,1,25.02594,121.50651,11
500113008,20231110,884,43,31,1,25.02594,121.50651,11
500113008,20231110,885,43,31,1,25.02594,121.50651,11
500113008,20231110,886,43,31,1,25.02594,121.50651,11
500113008,20231110,887,43,31,1,25.02594,121.50651,11
500113008,20231110,888,43,31,1,25.02594,121.50651,11
500113008,20231110,889,43,31,1,25.02594,121.50651,11
500113008,20231110,890,43,31,1,25.02594,121.50651,11
500113008,20231110,891,43,31,1,25.02594,121.50651,11
500113008,20231110,892,43,31,1,25.02594,121.50651,11
500113008,20231110,893,43,31,1,25.02594,121.50651,11
500113008,20231110,894,43,31,1,25.02594,121.50651,11
500113008,20231110,895,43,31,1,25.02594,121.50651,11
500113008,20231110,896,43,31,1,25.02594,121.50651,11
500113008,20231110,897,43,31,1,25.02594,121.50651,11
500113008,20231110,898,43,33,1,25.02594,121.50651,9
500113008,20231110,899,43,33,1,25.02594,121.50651,9
500113008,20231110,901,43,33,1,25.02594,121.50651,9
500113008,20231110,902,43,33,1,25.02594,121.50651,9
500113008,20231110,903,43,33,1,25.02594,121.50651,9
500113008,20231110,904,43,33,1,25.02594,121.50651,9
500113008,20231110,905,43,33,1,25.02594,121.50651,9
500113008,20231110,906,43,33,1,25.02594,121.50651,9
500113008,20231110,907,43,33,1,25.02594,121.50651,9
500113008,20231110,908,43,33,1,25.02594,121.50651,9
500113008,20231110,909,43,33,1,25.02594,121.50651,9
500113008,20231110,910,43,34,1,25.02594,121.50651,8
500113008,20231110,911,43,34,1,25.02594,121.50651,8
500113008,20231110,912,43,34,1,25.02594,121.50651,8
500113008,20231110,913,43,34,1,25.02594,121.50651,8
500113008,20231110,914,43,34,1,25.02594,121.50651,8
500113008,20231110,915,43,33,1,25.02594,121.50651,9
500113008,20231110,916,43,33,1,25.02594,121.50651,9
500113008,20231110,917,43,33,1,25.02594,121.50651,9
500113008,20231110,918,43,33,1,25.02594,121.50651,9
500113008,20231110,919,43,33,1,25.02594,121.50651,9
500113008,20231110,921,43,34,1,25.02594,121.50651,8
500113008,20231110,922,43,33,1,25.02594,121.50651,9
500113008,20231110,923,43,33,1,25.02594,121.50651,9
500113008,20231110,924,43,33,1,25.02594,121.50651,9
500113008,20231110,925,43,33,1,25.02594,121.50651,9
500113008,20231110,926,43,33,1,25.02594,121.50651,9
500113008,20231110,927,43,33,1,25.02594,121.50651,9
500113008,20231110,928,43,32,1,25.02594,121.50651,10
500113008,20231110,929,43,32,1,25.02594,121.50651,10
500113008,20231110,931,43,31,1,25.02594,121.50651,11
500113008,20231110,932,43,31,1,25.02594,121.50651,11
500113008,20231110,933,43,31,1,25.02594,121.50651,11
500113008,20231110,934,43,31,1,25.02594,121.50651,11
500113008,20231110,935,43,31,1,25.02594,121.50651,11
500113008,20231110,936,43,31,1,25.02594,121.50651,11
500113008,20231110,937,43,30,1,25.02594,121.50651,12
500113008,20231110,938,43,30,1,25.02594,121.50651,12
500113008,20231110,939,43,30,1,25.02594,121.50651,12
500113008,20231110,940,43,31,1,25.02594,121.50651,11
500113008,20231110,941,43,31,1,25.02594,121.50651,11
500113008,20231110,942,43,32,1,25.02594,121.50651,10
500113008,20231110,943,43,32,1,25.02594,121.50651,10
500113008,20231110,944,43,32,1,25.02594,121.50651,10
500113008,20231110,945,43,32,1,25.02594,121.50651,10
500113008,20231110,946,43,32,1,25.02594,121.50651,10
500113008,20231110,947,43,32,1,25.02594,121.50651,10
500113008,20231110,948,43,32,1,25.02594,121.50651,10
500113008,20231110,949,43,32,1,25.02594,121.50651,10
500113008,20231110,950,43,32,1,25.02594,121.50651,10
500113008,20231110,951,43,32,1,25.02594,121.50651,10
500113008,20231110,952,43,32,1,25.02594,121.50651,10
500113008,20231110,953,43,32,1,25.02594,121.50651,10
500113008,20231110,954,43,32,1,25.02594,121.50651,10
500113008,20231110,955,43,32,1,25.02594,121.50651,10
500113008,20231110,956,43,32,1,25.02594,121.50651,10
500113008,20231110,957,43,32,1,25.02594,121.50651,10
500113008,20231110,958,43,32,1,25.02594,121.50651,10
500113008,20231110,959,43,33,1,25.02594,121.50651,9
500113008,20231110,961,43,33,1,25.02594,121.50651,9
500113008,20231110,963,43,33,1,25.02594,121.50651,9
500113008,20231110,964,43,33,1,25.02594,121.50651,9
500113008,20231110,965,43,34,1,25.02594,121.50651,8
500113008,20231110,966,43,34,1,25.02594,121.50651,8
500113008,20231110,967,43,33,1,25.02594,121.50651,9
500113008,20231110,968,43,33,1,25.02594,121.50651,9
500113008,20231110,969,43,33,1,25.02594,121.50651,9
500113008,20231110,970,43,33,1,25.02594,121.50651,9
500113008,20231110,971,43,33,1,25.02594,121.50651,9
500113008,20231110,972,43,33,1,25.02594,121.50651,9
500113008,20231110,973,43,33,1,25.02594,121.50651,9
500113008,20231110,974,43,33,1,25.02594,121.50651,9
500113008,20231110,975,43,33,1,25.02594,121.50651,9
500113008,20231110,976,43,33,1,25.02594,121.50651,9
500113008,20231110,977,43,33,1,25.02594,121.50651,9
500113008,20231110,978,43,33,1,25.02594,121.50651,9
500113008,20231110,979,43,32,1,25.02594,121.50651,10
500113008,20231110,981,43,29,1,25.02594,121.50651,13
500113008,20231110,982,43,29,1,25.02594,121.50651,13
500113008,20231110,983,43,29,1,25.02594,121.50651,13
500113008,20231110,984,43,29,1,25.02594,121.50651,13
500113008,20231110,985,43,29,1,25.02594,121.50651,13
500113008,20231110,986,43,29,1,25.02594,121.50651,13
500113008,20231110,987,43,28,1,25.02594,121.50651,14
500113008,20231110,988,43,29,1,25.02594,121.50651,13
500113008,20231110,989,43,29,1,25.02594,121.50651,13
500113008,20231110,991,43,30,1,25.02594,121.50651,12
500113008,20231110,992,43,30,1,25.02594,121.50651,12
500113008,20231110,993,43,30,1,25.02594,121.50651,12
500113008,20231110,994,43,30,1,25.02594,121.50651,12
500113008,20231110,995,43,30,1,25.02594,121.50651,12
500113008,20231110,996,43,30,1,25.02594,121.50651,12
500113008,20231110,997,43,30,1,25.02594,121.50651,12
500113008,20231110,998,43,29,1,25.02594,121.50651,13
500113008,20231110,999,43,29,1,25.02594,121.50651,13
500113008,20231110,1000,43,29,1,25.02594,121.50651,13
500113008,20231110,1001,43,29,1,25.02594,121.50651,13
500113008,20231110,1002,43,29,1,25.02594,121.50651,13
500113008,20231110,1003,43,29,1,25.02594,121.50651,13
500113008,20231110,1004,43,29,1,25.02594,121.50651,13
500113008,20231110,1005,43,29,1,25.02594,121.50651,13
500113008,20231110,1006,43,29,1,25.02594,121.50651,13
500113008,20231110,1007,43,29,1,25.02594,121.50651,13
500113008,20231110,1008,43,29,1,25.02594,121.50651,13
500113008,20231110,1009,43,29,1,25.02594,121.50651,13
500113008,20231110,1010,43,29,1,25.02594,121.50651,13
500113008,20231110,1011,43,29,1,25.02594,121.50651,13
500113008,20231110,1012,43,29,1,25.02594,121.50651,13
500113008,20231110,1013,43,28,1,25.02594,121.50651,14
500113008,20231110,1014,43,28,1,25.02594,121.50651,14
500113008,20231110,1015,43,28,1,25.02594,121.50651,14
500113008,20231110,1016,43,28,1,25.02594,121.50651,14
500113008,20231110,1017,43,28,1,25.02594,121.50651,14
500113008,20231110,1018,43,28,1,25.02594,121.50651,14
500113008,20231110,1019,43,28,1,25.02594,121.50651,14
500113008,20231110,1021,43,28,1,25.02594,121.50651,14
500113008,20231110,1022,43,28,1,25.02594,121.50651,14
500113008,20231110,1023,43,28,1,25.02594,121.50651,14
500113008,20231110,1024,43,28,1,25.02594,121.50651,14
500113008,20231110,1025,43,27,1,25.02594,121.50651,15
500113008,20231110,1026,43,27,1,25.02594,121.50651,15
500113008,20231110,1027,43,27,1,25.02594,121.50651,15
500113008,20231110,1028,43,27,1,25.02594,121.50651,15
500113008,20231110,1029,43,27,1,25.02594,121.50651,15
500113008,20231110,1030,43,27,1,25.02594,121.50651,15
500113008,20231110,1031,43,27,1,25.02594,121.50651,15
500113008,20231110,1032,43,28,1,25.02594,121.50651,14
500113008,20231110,1033,43,29,1,25.02594,121.50651,13
500113008,20231110,1034,43,28,1,25.02594,121.50651,14
500113008,20231110,1035,43,28,1,25.02594,121.50651,14
500113008,20231110,1036,43,28,1,25.02594,121.50651,14
500113008,20231110,1037,43,28,1,25.02594,121.50651,14
500113008,20231110,1038,43,27,1,25.02594,121.50651,15
500113008,20231110,1039,43,27,1,25.02594,121.50651,15
500113008,20231110,1041,43,27,1,25.02594,121.50651,15
500113008,20231110,1042,43,26,1,25.02594,121.50651,16
500113008,20231110,1043,43,26,1,25.02594,121.50651,16
500113008,20231110,1044,43,25,1,25.02594,121.50651,17
500113008,20231110,1045,43,27,1,25.02594,121.50651,15
500113008,20231110,1046,43,27,1,25.02594,121.50651,15
500113008,20231110,1047,43,27,1,25.02594,121.50651,15
500113008,20231110,1048,43,27,1,25.02594,121.50651,15
500113008,20231110,1049,43,27,1,25.02594,121.50651,15
500113008,20231110,1051,43,27,1,25.02594,121.50651,15
500113008,20231110,1052,43,26,1,25.02594,121.50651,16
500113008,20231110,1053,43,26,1,25.02594,121.50651,16
500113008,20231110,1054,43,26,1,25.02594,121.50651,16
500113008,20231110,1055,43,26,1,25.02594,121.50651,16
500113008,20231110,1056,43,26,1,25.02594,121.50651,16
500113008,20231110,1057,43,26,1,25.02594,121.50651,16
500113008,20231110,1058,43,26,1,25.02594,121.50651,16
500113008,20231110,1059,43,27,1,25.02594,121.50651,15
500113008,20231110,1060,43,26,1,25.02594,121.50651,16
500113008,20231110,1061,43,26,1,25.02594,121.50651,16
500113008,20231110,1062,43,24,1,25.02594,121.50651,18
500113008,20231110,1063,43,24,1,25.02594,121.50651,18
500113008,20231110,1064,43,23,1,25.02594,121.50651,19
500113008,20231110,1065,43,23,1,25.02594,121.50651,19
500113008,20231110,1066,43,23,1,25.02594,121.50651,19
500113008,20231110,1067,43,23,1,25.02594,121.50651,19
500113008,20231110,1068,43,23,1,25.02594,121.50651,19
500113008,20231110,1069,43,23,1,25.02594,121.50651,19
500113008,20231110,1070,43,23,1,25.02594,121.50651,19
500113008,20231110,1071,43,23,1,25.02594,121.50651,19
500113008,20231110,1072,43,23,1,25.02594,121.50651,19
500113008,20231110,1073,43,23,1,25.02594,121.50651,19
500113008,20231110,1074,43,23,1,25.02594,121.50651,19
500113008,20231110,1075,43,23,1,25.02594,121.50651,19
500113008,20231110,1076,43,22,1,25.02594,121.50651,20
500113008,20231110,1077,43,22,1,25.02594,121.50651,20
500113008,20231110,1078,43,22,1,25.02594,121.50651,20
500113008,20231110,1079,43,22,1,25.02594,121.50651,20
500113008,20231110,1081,43,21,1,25.02594,121.50651,21
500113008,20231110,1082,43,20,1,25.02594,121.50651,22
500113008,20231110,1083,43,20,1,25.02594,121.50651,22
500113008,20231110,1084,43,20,1,25.02594,121.50651,22
500113008,20231110,1085,43,20,1,25.02594,121.50651,22
500113008,20231110,1086,43,20,1,25.02594,121.50651,22
500113008,20231110,1087,43,20,1,25.02594,121.50651,22
500113008,20231110,1088,43,21,1,25.02594,121.50651,21
500113008,20231110,1089,43,21,1,25.02594,121.50651,21
500113008,20231110,1090,43,20,1,25.02594,121.50651,22
500113008,20231110,1091,43,20,1,25.02594,121.50651,22
500113008,20231110,1092,43,20,1,25.02594,121.50651,22
500113008,20231110,1093,43,20,1,25.02594,121.50651,22
500113008,20231110,1094,43,19,1,25.02594,121.50651,23
500113008,20231110,1095,43,18,1,25.02594,121.50651,24
500113008,20231110,1096,43,18,1,25.02594,121.50651,24
500113008,20231110,1097,43,18,1,25.02594,121.50651,24
500113008,20231110,1098,43,18,1,25.02594,121.50651,24
500113008,20231110,1099,43,17,1,25.02594,121.50651,25
500113008,20231110,1101,43,16,1,25.02594,121.50651,26
500113008,20231110,1102,43,16,1,25.02594,121.50651,26
500113008,20231110,1103,43,16,1,25.02594,121.50651,26
500113008,20231110,1104,43,16,1,25.02594,121.50651,26
500113008,20231110,1105,43,16,1,25.02594,121.50651,26
500113008,20231110,1106,43,15,1,25.02594,121.50651,27
500113008,20231110,1107,43,15,1,25.02594,121.50651,27
500113008,20231110,1108,43,15,1,25.02594,121.50651,27
500113008,20231110,1109,43,14,1,25.02594,121.50651,28
500113008,20231110,1111,43,13,1,25.02594,121.50651,29
500113008,20231110,1112,43,12,1,25.02594,121.50651,30
500113008,20231110,1113,43,11,1,25.02594,121.50651,31
500113008,20231110,1114,43,11,1,25.02594,121.50651,31
500113008,20231110,1115,43,10,1,25.02594,121.50651,32
500113008,20231110,1116,43,9,1,25.02594,121.50651,33
500113008,20231110,1117,43,9,1,25.02594,121.50651,33
500113008,20231110,1118,43,8,1,25.02594,121.50651,34
500113008,20231110,1119,43,8,1,25.02594,121.50651,34
500113008,20231110,1120,43,8,1,25.02594,121.50651,34
500113008,20231110,1121,43,8,1,25.02594,121.50651,34
500113008,20231110,1122,43,8,1,25.02594,121.50651,34
500113008,20231110,1123,43,8,1,25.02594,121.50651,34
500113008,20231110,1124,43,8,1,25.02594,121.50651,34
500113008,20231110,1125,43,7,1,25.02594,121.50651,35
500113008,20231110,1126,43,7,1,25.02594,121.50651,35
500113008,20231110,1127,43,5,1,25.02594,121.50651,37
500113008,20231110,1128,43,5,1,25.02594,121.50651,37
500113008,20231110,1129,43,5,1,25.02594,121.50651,37
500113008,20231110,1130,43,5,1,25.02594,121.50651,37
500113008,20231110,1131,43,5,1,25.02594,121.50651,37
500113008,20231110,1132,43,5,1,25.02594,121.50651,37
500113008,20231110,1133,43,5,1,25.02594,121.50651,37
500113008,20231110,1134,43,5,1,25.02594,121.50651,37
500113008,20231110,1135,43,5,1,25.02594,121.50651,37
500113008,20231110,1136,43,4,1,25.02594,121.50651,38
500113008,20231110,1137,43,4,1,25.02594,121.50651,38
500113008,20231110,1138,43,4,1,25.02594,121.50651,38
500113008,20231110,1139,43,4,1,25.02594,121.50651,38
500113008,20231110,1141,43,6,1,25.02594,121.50651,36
500113008,20231110,1142,43,5,1,25.02594,121.50651,37
500113008,20231110,1143,43,4,1,25.02594,121.50651,38
500113008,20231110,1144,43,4,1,25.02594,121.50651,38
500113008,20231110,1145,43,4,1,25.02594,121.50651,38
500113008,20231110,1146,43,4,1,25.02594,121.50651,38
500113008,20231110,1147,43,4,1,25.02594,121.50651,38
500113008,20231110,1148,43,4,1,25.02594,121.50651,38
500113008,20231110,1149,43,4,1,25.02594,121.50651,38
500113008,20231110,1150,43,5,1,25.02594,121.50651,37
500113008,20231110,1151,43,5,1,25.02594,121.50651,37
500113008,20231110,1152,43,5,1,25.02594,121.50651,37
500113008,20231110,1153,43,6,1,25.02594,121.50651,36
500113008,20231110,1154,43,6,1,25.02594,121.50651,36
500113008,20231110,1155,43,6,1,25.02594,121.50651,36
500113008,20231110,1156,43,6,1,25.02594,121.50651,36
500113008,20231110,1157,43,6,1,25.02594,121.50651,36
500113008,20231110,1158,43,6,1,25.02594,121.50651,36
500113008,20231110,1159,43,6,1,25.02594,121.50651,36
500113008,20231110,1161,43,7,1,25.02594,121.50651,35
500113008,20231110,1162,43,8,1,25.02594,121.50651,34
500113008,20231110,1163,43,8,1,25.02594,121.50651,34
500113008,20231110,1164,43,8,1,25.02594,121.50651,34
500113008,20231110,1165,43,8,1,25.02594,121.50651,34
500113008,20231110,1166,43,8,1,25.02594,121.50651,34
500113008,20231110,1167,43,8,1,25.02594,121.50651,34
500113008,20231110,1168,43,8,1,25.02594,121.50651,34
500113008,20231110,1169,43,8,1,25.02594,121.50651,34
500113008,20231110,1171,43,9,1,25.02594,121.50651,33
500113008,20231110,1172,43,10,1,25.02594,121.50651,32
500113008,20231110,1173,43,10,1,25.02594,121.50651,32
500113008,20231110,1174,43,10,1,25.02594,121.50651,32
500113008,20231110,1175,43,12,1,25.02594,121.50651,30
500113008,20231110,1176,43,13,1,25.02594,121.50651,29
500113008,20231110,1177,43,17,1,25.02594,121.50651,25
500113008,20231110,1178,43,19,1,25.02594,121.50651,23
500113008,20231110,1179,43,21,1,25.02594,121.50651,21
500113008,20231110,1180,43,23,1,25.02594,121.50651,19
500113008,20231110,1181,43,23,1,25.02594,121.50651,19
500113008,20231110,1182,43,23,1,25.02594,121.50651,19
500113008,20231110,1183,43,23,1,25.02594,121.50651,19
500113008,20231110,1184,43,23,1,25.02594,121.50651,19
500113008,20231110,1185,43,23,1,25.02594,121.50651,19
500113008,20231110,1186,43,23,1,25.02594,121.50651,19
500113008,20231110,1187,43,23,1,25.02594,121.50651,19
500113008,20231110,1188,43,23,1,25.02594,121.50651,19
500113008,20231110,1189,43,23,1,25.02594,121.50651,19
500113008,20231110,1190,43,22,1,25.02594,121.50651,20
500113008,20231110,1191,43,22,1,25.02594,121.50651,20
500113008,20231110,1192,43,22,1,25.02594,121.50651,20
500113008,20231110,1193,43,22,1,25.02594,121.50651,20
500113008,20231110,1194,43,22,1,25.02594,121.50651,20
500113008,20231110,1195,43,22,1,25.02594,121.50651,20
500113008,20231110,1196,43,22,1,25.02594,121.50651,20
500113008,20231110,1197,43,22,1,25.02594,121.50651,20
500113008,20231110,1198,43,23,1,25.02594,121.50651,19
500113008,20231110,1199,43,23,1,25.02594,121.50651,19
500113008,20231110,1201,43,24,1,25.02594,121.50651,18
500113008,20231110,1202,43,24,1,25.02594,121.50651,18
500113008,20231110,1203,43,24,1,25.02594,121.50651,18
500113008,20231110,1204,43,24,1,25.02594,121.50651,18
500113008,20231110,1205,43,24,1,25.02594,121.50651,18
500113008,20231110,1206,43,24,1,25.02594,121.50651,18
500113008,20231110,1207,43,24,1,25.02594,121.50651,18
500113008,20231110,1208,43,24,1,25.02594,121.50651,18
500113008,20231110,1209,43,24,1,25.02594,121.50651,18
500113008,20231110,1210,43,25,1,25.02594,121.50651,17
500113008,20231110,1211,43,24,1,25.02594,121.50651,18
500113008,20231110,1212,43,24,1,25.02594,121.50651,18
500113008,20231110,1213,43,24,1,25.02594,121.50651,18
500113008,20231110,1214,43,24,1,25.02594,121.50651,18
500113008,20231110,1215,43,24,1,25.02594,121.50651,18
500113008,20231110,1216,43,24,1,25.02594,121.50651,18
500113008,20231110,1217,43,24,1,25.02594,121.50651,18
500113008,20231110,1218,43,24,1,25.02594,121.50651,18
500113008,20231110,1219,43,24,1,25.02594,121.50651,18
500113008,20231110,1221,43,24,1,25.02594,121.50651,18
500113008,20231110,1222,43,24,1,25.02594,121.50651,18
500113008,20231110,1223,43,24,1,25.02594,121.50651,18
500113008,20231110,1224,43,24,1,25.02594,121.50651,18
500113008,20231110,1225,43,25,1,25.02594,121.50651,17
500113008,20231110,1226,43,25,1,25.02594,121.50651,17
500113008,20231110,1227,43,25,1,25.02594,121.50651,17
500113008,20231110,1228,43,24,1,25.02594,121.50651,18
500113008,20231110,1229,43,26,1,25.02594,121.50651,16
500113008,20231110,1231,43,26,1,25.02594,121.50651,16
500113008,20231110,1232,43,26,1,25.02594,121.50651,16
500113008,20231110,1233,43,26,1,25.02594,121.50651,16
500113008,20231110,1234,43,25,1,25.02594,121.50651,17
500113008,20231110,1235,43,25,1,25.02594,121.50651,17
500113008,20231110,1236,43,25,1,25.02594,121.50651,17
500113008,20231110,1237,43,25,1,25.02594,121.50651,17
500113008,20231110,1238,43,25,1,25.02594,121.50651,17
500113008,20231110,1239,43,25,1,25.02594,121.50651,17
500113008,20231110,1240,43,25,1,25.02594,121.50651,17
500113008,20231110,1241,43,25,1,25.02594,121.50651,17
500113008,20231110,1242,43,25,1,25.02594,121.50651,17
500113008,20231110,1243,43,25,1,25.02594,121.50651,17
500113008,20231110,1244,43,25,1,25.02594,121.50651,17
500113008,20231110,1245,43,25,1,25.02594,121.50651,17
500113008,20231110,1246,43,25,1,25.02594,121.50651,17
500113008,20231110,1247,43,24,1,25.02594,121.50651,18
500113008,20231110,1248,43,24,1,25.02594,121.50651,18
500113008,20231110,1249,43,24,1,25.02594,121.50651,18
500113008,20231110,1250,43,24,1,25.02594,121.50651,18
500113008,20231110,1251,43,25,1,25.02594,121.50651,17
500113008,20231110,1252,43,25,1,25.02594,121.50651,17
500113008,20231110,1253,43,25,1,25.02594,121.50651,17
500113008,20231110,1254,43,25,1,25.02594,121.50651,17
500113008,20231110,1255,43,25,1,25.02594,121.50651,17
500113008,20231110,1256,43,25,1,25.02594,121.50651,17
500113008,20231110,1257,43,25,1,25.02594,121.50651,17
500113008,20231110,1258,43,25,1,25.02594,121.50651,17
500113008,20231110,1259,43,25,1,25.02594,121.50651,17
500113008,20231110,1261,43,25,1,25.02594,121.50651,17
500113008,20231110,1262,43,24,1,25.02594,121.50651,18
500113008,20231110,1263,43,24,1,25.02594,121.50651,18
500113008,20231110,1264,43,24,1,25.02594,121.50651,18
500113008,20231110,1265,43,24,1,25.02594,121.50651,18
500113008,20231110,1266,43,24,1,25.02594,121.50651,18
500113008,20231110,1267,43,24,1,25.02594,121.50651,18
500113008,20231110,1268,43,24,1,25.02594,121.50651,18
500113008,20231110,1269,43,24,1,25.02594,121.50651,18
500113008,20231110,1270,43,24,1,25.02594,121.50651,18
500113008,20231110,1271,43,24,1,25.02594,121.50651,18
500113008,20231110,1272,43,24,1,25.02594,121.50651,18
500113008,20231110,1273,43,24,1,25.02594,121.50651,18
500113008,20231110,1274,43,24,1,25.02594,121.50651,18
500113008,20231110,1275,43,24,1,25.02594,121.50651,18
500113008,20231110,1276,43,24,1,25.02594,121.50651,18
500113008,20231110,1277,43,24,1,25.02594,121.50651,18
500113008,20231110,1278,43,24,1,25.02594,121.50651,18
500113008,20231110,1279,43,24,1,25.02594,121.50651,18
500113008,20231110,1281,43,25,1,25.02594,121.50651,17
500113008,20231110,1282,43,25,1,25.02594,121.50651,17
500113008,20231110,1283,43,25,1,25.02594,121.50651,17
500113008,20231110,1284,43,25,1,25.02594,121.50651,17
500113008,20231110,1285,43,25,1,25.02594,121.50651,17
500113008,20231110,1286,43,25,1,25.02594,121.50651,17
500113008,20231110,1287,43,25,1,25.02594,121.50651,17
500113008,20231110,1288,43,25,1,25.02594,121.50651,17
500113008,20231110,1289,43,25,1,25.02594,121.50651,17
500113008,20231110,1290,43,25,1,25.02594,121.50651,17
500113008,20231110,1291,43,25,1,25.02594,121.50651,17
500113008,20231110,1292,43,25,1,25.02594,121.50651,17
500113008,20231110,1293,43,25,1,25.02594,121.50651,17
500113008,20231110,1294,43,25,1,25.02594,121.50651,17
500113008,20231110,1295,43,24,1,25.02594,121.50651,18
500113008,20231110,1296,43,24,1,25.02594,121.50651,18
500113008,20231110,1297,43,24,1,25.02594,121.50651,18
500113008,20231110,1298,43,25,1,25.02594,121.50651,17
500113008,20231110,1299,43,25,1,25.02594,121.50651,17
500113008,20231110,1300,43,25,1,25.02594,121.50651,17
500113008,20231110,1301,43,25,1,25.02594,121.50651,17
500113008,20231110,1302,43,25,1,25.02594,121.50651,17
500113008,20231110,1303,43,26,1,25.02594,121.50651,16
500113008,20231110,1304,43,26,1,25.02594,121.50651,16
500113008,20231110,1305,43,26,1,25.02594,121.50651,16
500113008,20231110,1306,43,27,1,25.02594,121.50651,15
500113008,20231110,1307,43,27,1,25.02594,121.50651,15
500113008,20231110,1308,43,27,1,25.02594,121.50651,15
500113008,20231110,1309,43,27,1,25.02594,121.50651,15
500113008,20231110,1310,43,27,1,25.02594,121.50651,15
500113008,20231110,1311,43,27,1,25.02594,121.50651,15
500113008,20231110,1312,43,26,1,25.02594,121.50651,16
500113008,20231110,1313,43,26,1,25.02594,121.50651,16
500113008,20231110,1314,43,26,1,25.02594,121.50651,16
500113008,20231110,1315,43,26,1,25.02594,121.50651,16
500113008,20231110,1316,43,26,1,25.02594,121.50651,16
500113008,20231110,1317,43,26,1,25.02594,121.50651,16
500113008,20231110,1318,43,26,1,25.02594,121.50651,16
500113008,20231110,1319,43,26,1,25.02594,121.50651,16
500113008,20231110,1321,43,26,1,25.02594,121.50651,16
500113008,20231110,1322,43,26,1,25.02594,121.50651,16
500113008,20231110,1323,43,26,1,25.02594,121.50651,16
500113008,20231110,1324,43,26,1,25.02594,121.50651,16
500113008,20231110,1325,43,26,1,25.02594,121.50651,16
500113008,20231110,1326,43,26,1,25.02594,121.50651,16
500113008,20231110,1327,43,26,1,25.02594,121.50651,16
500113008,20231110,1328,43,26,1,25.02594,121.50651,16
500113008,20231110,1329,43,26,1,25.02594,121.50651,16
500113008,20231110,1330,43,26,1,25.02594,121.50651,16
500113008,20231110,1331,43,26,1,25.02594,121.50651,16
500113008,20231110,1332,43,26,1,25.02594,121.50651,16
500113008,20231110,1333,43,26,1,25.02594,121.50651,16
500113008,20231110,1334,43,26,1,25.02594,121.50651,16
500113008,20231110,1335,43,26,1,25.02594,121.50651,16
500113008,20231110,1336,43,26,1,25.02594,121.50651,16
500113008,20231110,1337,43,26,1,25.02594,121.50651,16
500113008,20231110,1338,43,26,1,25.02594,121.50651,16
500113008,20231110,1339,43,26,1,25.02594,121.50651,16
500113008,20231110,1341,43,26,1,25.02594,121.50651,16
500113008,20231110,1342,43,26,1,25.02594,121.50651,16
500113008,20231110,1343,43,26,1,25.02594,121.50651,16
500113008,20231110,1344,43,26,1,25.02594,121.50651,16
500113008,20231110,1345,43,26,1,25.02594,121.50651,16
500113008,20231110,1346,43,26,1,25.02594,121.50651,16
500113008,20231110,1347,43,26,1,25.02594,121.50651,16
500113008,20231110,1348,43,26,1,25.02594,121.50651,16
500113008,20231110,1349,43,26,1,25.02594,121.50651,16
500113008,20231110,1350,43,26,1,25.02594,121.50651,16
500113008,20231110,1351,43,26,1,25.02594,121.50651,16
500113008,20231110,1352,43,26,1,25.02594,121.50651,16
500113008,20231110,1353,43,26,1,25.02594,121.50651,16
500113008,20231110,1354,43,26,1,25.02594,121.50651,16
500113008,20231110,1355,43,26,1,25.02594,121.50651,16
500113008,20231110,1356,43,26,1,25.02594,121.50651,16
500113008,20231110,1357,43,25,1,25.02594,121.50651,17
500113008,20231110,1358,43,25,1,25.02594,121.50651,17
500113008,20231110,1359,43,25,1,25.02594,121.50651,17
500113008,20231110,1360,43,25,1,25.02594,121.50651,17
500113008,20231110,1361,43,25,1,25.02594,121.50651,17
500113008,20231110,1362,43,25,1,25.02594,121.50651,17
500113008,20231110,1363,43,25,1,25.02594,121.50651,17
500113008,20231110,1364,43,25,1,25.02594,121.50651,17
500113008,20231110,1365,43,25,1,25.02594,121.50651,17
500113008,20231110,1366,43,25,1,25.02594,121.50651,17
500113008,20231110,1367,43,25,1,25.02594,121.50651,17
500113008,20231110,1368,43,25,1,25.02594,121.50651,17
500113008,20231110,1369,43,25,1,25.02594,121.50651,17
500113008,20231110,1370,43,25,1,25.02594,121.50651,17
500113008,20231110,1371,43,25,1,25.02594,121.50651,17
500113008,20231110,1372,43,25,1,25.02594,121.50651,17
500113008,20231110,1373,43,25,1,25.02594,121.50651,17
500113008,20231110,1374,43,25,1,25.02594,121.50651,17
500113008,20231110,1375,43,25,1,25.02594,121.50651,17
500113008,20231110,1376,43,25,1,25.02594,121.50651,17
500113008,20231110,1377,43,25,1,25.02594,121.50651,17
500113008,20231110,1378,43,25,1,25.02594,121.50651,17
500113008,20231110,1379,43,25,1,25.02594,121.50651,17
500113008,20231110,1381,43,25,1,25.02594,121.50651,17
500113008,20231110,1382,43,25,1,25.02594,121.50651,17
500113008,20231110,1383,43,25,1,25.02594,121.50651,17
500113008,20231110,1384,43,25,1,25.02594,121.50651,17
500113008,20231110,1385,43,25,1,25.02594,121.50651,17
500113008,20231110,1386,43,25,1,25.02594,121.50651,17
500113008,20231110,1387,43,25,1,25.02594,121.50651,17
500113008,20231110,1388,43,25,1,25.02594,121.50651,17
500113008,20231110,1389,43,25,1,25.02594,121.50651,17
500113008,20231110,1390,43,24,1,25.02594,121.50651,18
500113008,20231110,1391,43,24,1,25.02594,121.50651,18
500113008,20231110,1392,43,24,1,25.02594,121.50651,18
500113008,20231110,1393,43,24,1,25.02594,121.50651,18
500113008,20231110,1394,43,24,1,25.02594,121.50651,18
500113008,20231110,1395,43,24,1,25.02594,121.50651,18
500113008,20231110,1396,43,24,1,25.02594,121.50651,18
500113008,20231110,1397,43,24,1,25.02594,121.50651,18
500113008,20231110,1398,43,24,1,25.02594,121.50651,18
500113008,20231110,1399,43,24,1,25.02594,121.50651,18
500113008,20231110,1401,43,23,1,25.02594,121.50651,19
500113008,20231110,1402,43,23,1,25.02594,121.50651,19
500113008,20231110,1403,43,24,1,25.02594,121.50651,18
500113008,20231110,1404,43,24,1,25.02594,121.50651,18
500113008,20231110,1405,43,24,1,25.02594,121.50651,18
500113008,20231110,1406,43,24,1,25.02594,121.50651,18
500113008,20231110,1407,43,24,1,25.02594,121.50651,18
500113008,20231110,1408,43,24,1,25.02594,121.50651,18
500113008,20231110,1409,43,24,1,25.02594,121.50651,18
500113008,20231110,1410,43,24,1,25.02594,121.50651,18
500113008,20231110,1411,43,24,1,25.02594,121.50651,18
500113008,20231110,1412,43,24,1,25.02594,121.50651,18
500113008,20231110,1413,43,24,1,25.02594,121.50651,18
500113008,20231110,1414,43,24,1,25.02594,121.50651,18
500113008,20231110,1415,43,24,1,25.02594,121.50651,18
500113008,20231110,1416,43,24,1,25.02594,121.50651,18
500113008,20231110,1417,43,24,1,25.02594,121.50651,18
500113008,20231110,1418,43,24,1,25.02594,121.50651,18
500113008,20231110,1419,43,24,1,25.02594,121.50651,18
500113008,20231110,1420,43,24,1,25.02594,121.50651,18
500113008,20231110,1421,43,24,1,25.02594,121.50651,18
500113008,20231110,1422,43,24,1,25.02594,121.50651,18
500113008,20231110,1423,43,24,1,25.02594,121.50651,18
500113008,20231110,1424,43,24,1,25.02594,121.50651,18
500113008,20231110,1425,43,24,1,25.02594,121.50651,18
500113008,20231110,1426,43,23,1,25.02594,121.50651,19
500113008,20231110,1427,43,23,1,25.02594,121.50651,19
500113008,20231110,1428,43,23,1,25.02594,121.50651,19
500113008,20231110,1429,43,23,1,25.02594,121.50651,19
500113008,20231110,1430,43,23,1,25.02594,121.50651,19
500113008,20231110,1431,43,23,1,25.02594,121.50651,19
500113008,20231110,1432,43,23,1,25.02594,121.50651,19
500113008,20231110,1433,43,24,1,25.02594,121.50651,18
500113008,20231110,1434,43,23,1,25.02594,121.50651,19
500113008,20231110,1435,43,23,1,25.02594,121.50651,19
500113008,20231110,1436,43,23,1,25.02594,121.50651,19
500113008,20231110,1437,43,22,1,25.02594,121.50651,20
500113008,20231110,1438,43,22,1,25.02594,121.50651,20
500113008,20231110,1439,43,22,1,25.02594,121.50651,20
500113008,20231111,1,43,22,1,25.02594,121.50651,20
500113008,20231111,2,43,23,1,25.02594,121.50651,19
500113008,20231111,3,43,23,1,25.02594,121.50651,19
500113008,20231111,4,43,23,1,25.02594,121.50651,19
500113008,20231111,5,43,23,1,25.02594,121.50651,19
500113008,20231111,6,43,23,1,25.02594,121.50651,19
500113008,20231111,7,43,23,1,25.02594,121.50651,19
500113008,20231111,8,43,23,1,25.02594,121.50651,19
500113008,20231111,9,43,23,1,25.02594,121.50651,19
500113008,20231111,10,43,23,1,25.02594,121.50651,19
500113008,20231111,11,43,23,1,25.02594,121.50651,19
500113008,20231111,12,43,23,1,25.02594,121.50651,19
500113008,20231111,13,43,23,1,25.02594,121.50651,19
500113008,20231111,14,43,23,1,25.02594,121.50651,19
500113008,20231111,15,43,23,1,25.02594,121.50651,19
500113008,20231111,16,43,23,1,25.02594,121.50651,19
500113008,20231111,17,43,23,1,25.02594,121.50651,19
500113008,20231111,18,43,23,1,25.02594,121.50651,19
500113008,20231111,19,43,23,1,25.02594,121.50651,19
500113008,20231111,21,43,23,1,25.02594,121.50651,19
500113008,20231111,22,43,23,1,25.02594,121.50651,19
500113008,20231111,23,43,23,1,25.02594,121.50651,19
500113008,20231111,24,43,23,1,25.02594,121.50651,19
500113008,20231111,25,43,23,1,25.02594,121.50651,19
500113008,20231111,26,43,23,1,25.02594,121.50651,19
500113008,20231111,27,43,23,1,25.02594,121.50651,19
500113008,20231111,28,43,23,1,25.02594,121.50651,19
500113008,20231111,29,43,23,1,25.02594,121.50651,19
500113008,20231111,30,43,23,1,25.02594,121.50651,19
500113008,20231111,31,43,23,1,25.02594,121.50651,19
500113008,20231111,32,43,23,1,25.02594,121.50651,19
500113008,20231111,33,43,23,1,25.02594,121.50651,19
500113008,20231111,34,43,23,1,25.02594,121.50651,19
500113008,20231111,35,43,23,1,25.02594,121.50651,19
500113008,20231111,36,43,23,1,25.02594,121.50651,19
500113008,20231111,37,43,23,1,25.02594,121.50651,19
500113008,20231111,38,43,23,1,25.02594,121.50651,19
500113008,20231111,39,43,23,1,25.02594,121.50651,19
500113008,20231111,40,43,23,1,25.02594,121.50651,19
500113008,20231111,41,43,23,1,25.02594,121.50651,19
500113008,20231111,42,43,23,1,25.02594,121.50651,19
500113008,20231111,43,43,23,1,25.02594,121.50651,19
500113008,20231111,44,43,23,1,25.02594,121.50651,19
500113008,20231111,45,43,23,1,25.02594,121.50651,19
500113008,20231111,47,43,22,1,25.02594,121.50651,20
500113008,20231111,48,43,22,1,25.02594,121.50651,20
500113008,20231111,49,43,22,1,25.02594,121.50651,20
500113008,20231111,50,43,22,1,25.02594,121.50651,20
500113008,20231111,51,43,22,1,25.02594,121.50651,20
500113008,20231111,52,43,22,1,25.02594,121.50651,20
500113008,20231111,53,43,22,1,25.02594,121.50651,20
500113008,20231111,54,43,22,1,25.02594,121.50651,20
500113008,20231111,55,43,22,1,25.02594,121.50651,20
500113008,20231111,56,43,22,1,25.02594,121.50651,20
500113008,20231111,57,43,22,1,25.02594,121.50651,20
500113008,20231111,58,43,22,1,25.02594,121.50651,20
500113008,20231111,59,43,22,1,25.02594,121.50651,20
500113008,20231111,61,43,22,1,25.02594,121.50651,20
500113008,20231111,62,43,22,1,25.02594,121.50651,20
500113008,20231111,63,43,22,1,25.02594,121.50651,20
500113008,20231111,64,43,22,1,25.02594,121.50651,20
500113008,20231111,65,43,22,1,25.02594,121.50651,20
500113008,20231111,66,43,22,1,25.02594,121.50651,20
500113008,20231111,67,43,22,1,25.02594,121.50651,20
500113008,20231111,68,43,22,1,25.02594,121.50651,20
500113008,20231111,69,43,22,1,25.02594,121.50651,20
500113008,20231111,70,43,22,1,25.02594,121.50651,20
500113008,20231111,71,43,22,1,25.02594,121.50651,20
500113008,20231111,72,43,22,1,25.02594,121.50651,20
500113008,20231111,73,43,22,1,25.02594,121.50651,20
500113008,20231111,74,43,22,1,25.02594,121.50651,20
500113008,20231111,75,43,22,1,25.02594,121.50651,20
500113008,20231111,76,43,22,1,25.02594,121.50651,20
500113008,20231111,77,43,22,1,25.02594,121.50651,20
500113008,20231111,78,43,22,1,25.02594,121.50651,20
500113008,20231111,79,43,22,1,25.02594,121.50651,20
500113008,20231111,81,43,22,1,25.02594,121.50651,20
500113008,20231111,82,43,22,1,25.02594,121.50651,20
500113008,20231111,83,43,22,1,25.02594,121.50651,20
500113008,20231111,84,43,22,1,25.02594,121.50651,20
500113008,20231111,85,43,22,1,25.02594,121.50651,20
500113008,20231111,86,43,22,1,25.02594,121.50651,20
500113008,20231111,87,43,22,1,25.02594,121.50651,20
500113008,20231111,88,43,22,1,25.02594,121.50651,20
500113008,20231111,89,43,22,1,25.02594,121.50651,20
500113008,20231111,90,43,22,1,25.02594,121.50651,20
500113008,20231111,91,43,22,1,25.02594,121.50651,20
500113008,20231111,92,43,22,1,25.02594,121.50651,20
500113008,20231111,93,43,22,1,25.02594,121.50651,20
500113008,20231111,94,43,22,1,25.02594,121.50651,20
500113008,20231111,95,43,22,1,25.02594,121.50651,20
500113008,20231111,96,43,22,1,25.02594,121.50651,20
500113008,20231111,97,43,22,1,25.02594,121.50651,20
500113008,20231111,98,43,22,1,25.02594,121.50651,20
500113008,20231111,99,43,22,1,25.02594,121.50651,20
500113008,20231111,100,43,22,1,25.02594,121.50651,20
500113008,20231111,101,43,22,1,25.02594,121.50651,20
500113008,20231111,102,43,22,1,25.02594,121.50651,20
500113008,20231111,103,43,22,1,25.02594,121.50651,20
500113008,20231111,104,43,22,1,25.02594,121.50651,20
500113008,20231111,105,43,22,1,25.02594,121.50651,20
500113008,20231111,106,43,22,1,25.02594,121.50651,20
500113008,20231111,107,43,22,1,25.02594,121.50651,20
500113008,20231111,108,43,22,1,25.02594,121.50651,20
500113008,20231111,109,43,22,1,25.02594,121.50651,20
500113008,20231111,110,43,22,1,25.02594,121.50651,20
500113008,20231111,111,43,22,1,25.02594,121.50651,20
500113008,20231111,112,43,22,1,25.02594,121.50651,20
500113008,20231111,113,43,22,1,25.02594,121.50651,20
500113008,20231111,114,43,22,1,25.02594,121.50651,20
500113008,20231111,115,43,22,1,25.02594,121.50651,20
500113008,20231111,116,43,22,1,25.02594,121.50651,20
500113008,20231111,117,43,22,1,25.02594,121.50651,20
500113008,20231111,118,43,22,1,25.02594,121.50651,20
500113008,20231111,119,43,22,1,25.02594,121.50651,20
500113008,20231111,121,43,22,1,25.02594,121.50651,20
500113008,20231111,122,43,22,1,25.02594,121.50651,20
500113008,20231111,123,43,22,1,25.02594,121.50651,20
500113008,20231111,124,43,22,1,25.02594,121.50651,20
500113008,20231111,125,43,22,1,25.02594,121.50651,20
500113008,20231111,126,43,22,1,25.02594,121.50651,20
500113008,20231111,127,43,22,1,25.02594,121.50651,20
500113008,20231111,128,43,22,1,25.02594,121.50651,20
500113008,20231111,129,43,22,1,25.02594,121.50651,20
500113008,20231111,130,43,22,1,25.02594,121.50651,20
500113008,20231111,131,43,22,1,25.02594,121.50651,20
500113008,20231111,132,43,22,1,25.02594,121.50651,20
500113008,20231111,133,43,22,1,25.02594,121.50651,20
500113008,20231111,134,43,22,1,25.02594,121.50651,20
500113008,20231111,135,43,22,1,25.02594,121.50651,20
500113008,20231111,136,43,22,1,25.02594,121.50651,20
500113008,20231111,137,43,22,1,25.02594,121.50651,20
500113008,20231111,138,43,22,1,25.02594,121.50651,20
500113008,20231111,139,43,22,1,25.02594,121.50651,20
500113008,20231111,141,43,22,1,25.02594,121.50651,20
500113008,20231111,142,43,22,1,25.02594,121.50651,20
500113008,20231111,143,43,21,1,25.02594,121.50651,21
500113008,20231111,144,43,21,1,25.02594,121.50651,21
500113008,20231111,145,43,21,1,25.02594,121.50651,21
500113008,20231111,146,43,21,1,25.02594,121.50651,21
500113008,20231111,147,43,21,1,25.02594,121.50651,21
500113008,20231111,148,43,21,1,25.02594,121.50651,21
500113008,20231111,149,43,21,1,25.02594,121.50651,21
500113008,20231111,150,43,21,1,25.02594,121.50651,21
500113008,20231111,151,43,21,1,25.02594,121.50651,21
500113008,20231111,152,43,21,1,25.02594,121.50651,21
500113008,20231111,153,43,21,1,25.02594,121.50651,21
500113008,20231111,154,43,20,1,25.02594,121.50651,22
500113008,20231111,155,43,20,1,25.02594,121.50651,22
500113008,20231111,156,43,20,1,25.02594,121.50651,22
500113008,20231111,157,43,20,1,25.02594,121.50651,22
500113008,20231111,158,43,20,1,25.02594,121.50651,22
500113008,20231111,159,43,20,1,25.02594,121.50651,22
500113008,20231111,160,43,20,1,25.02594,121.50651,22
500113008,20231111,161,43,20,1,25.02594,121.50651,22
500113008,20231111,162,43,20,1,25.02594,121.50651,22
500113008,20231111,163,43,20,1,25.02594,121.50651,22
500113008,20231111,164,43,20,1,25.02594,121.50651,22
500113008,20231111,165,43,20,1,25.02594,121.50651,22
500113008,20231111,166,43,20,1,25.02594,121.50651,22
500113008,20231111,167,43,20,1,25.02594,121.50651,22
500113008,20231111,168,43,20,1,25.02594,121.50651,22
500113008,20231111,169,43,20,1,25.02594,121.50651,22
500113008,20231111,170,43,20,1,25.02594,121.50651,22
500113008,20231111,171,43,20,1,25.02594,121.50651,22
500113008,20231111,172,43,20,1,25.02594,121.50651,22
500113008,20231111,173,43,20,1,25.02594,121.50651,22
500113008,20231111,174,43,20,1,25.02594,121.50651,22
500113008,20231111,175,43,20,1,25.02594,121.50651,22
500113008,20231111,176,43,20,1,25.02594,121.50651,22
500113008,20231111,177,43,20,1,25.02594,121.50651,22
500113008,20231111,178,43,20,1,25.02594,121.50651,22
500113008,20231111,179,43,20,1,25.02594,121.50651,22
500113008,20231111,180,43,20,1,25.02594,121.50651,22
500113008,20231111,181,43,20,1,25.02594,121.50651,22
500113008,20231111,182,43,20,1,25.02594,121.50651,22
500113008,20231111,183,43,20,1,25.02594,121.50651,22
500113008,20231111,184,43,20,1,25.02594,121.50651,22
500113008,20231111,185,43,20,1,25.02594,121.50651,22
500113008,20231111,186,43,20,1,25.02594,121.50651,22
500113008,20231111,187,43,20,1,25.02594,121.50651,22
500113008,20231111,188,43,20,1,25.02594,121.50651,22
500113008,20231111,189,43,20,1,25.02594,121.50651,22
500113008,20231111,190,43,20,1,25.02594,121.50651,22
500113008,20231111,191,43,20,1,25.02594,121.50651,22
500113008,20231111,192,43,20,1,25.02594,121.50651,22
500113008,20231111,193,43,20,1,25.02594,121.50651,22
500113008,20231111,194,43,20,1,25.02594,121.50651,22
500113008,20231111,195,43,20,1,25.02594,121.50651,22
500113008,20231111,196,43,20,1,25.02594,121.50651,22
500113008,20231111,197,43,20,1,25.02594,121.50651,22
500113008,20231111,198,43,20,1,25.02594,121.50651,22
500113008,20231111,199,43,20,1,25.02594,121.50651,22
500113008,20231111,201,43,20,1,25.02594,121.50651,22
500113008,20231111,202,43,20,1,25.02594,121.50651,22
500113008,20231111,203,43,20,1,25.02594,121.50651,22
500113008,20231111,204,43,20,1,25.02594,121.50651,22
500113008,20231111,205,43,20,1,25.02594,121.50651,22
500113008,20231111,206,43,20,1,25.02594,121.50651,22
500113008,20231111,207,43,20,1,25.02594,121.50651,22
500113008,20231111,208,43,20,1,25.02594,121.50651,22
500113008,20231111,209,43,20,1,25.02594,121.50651,22
500113008,20231111,210,43,20,1,25.02594,121.50651,22
500113008,20231111,211,43,20,1,25.02594,121.50651,22
500113008,20231111,212,43,20,1,25.02594,121.50651,22
500113008,20231111,213,43,20,1,25.02594,121.50651,22
500113008,20231111,214,43,20,1,25.02594,121.50651,22
500113008,20231111,215,43,20,1,25.02594,121.50651,22
500113008,20231111,216,43,20,1,25.02594,121.50651,22
500113008,20231111,217,43,20,1,25.02594,121.50651,22
500113008,20231111,218,43,20,1,25.02594,121.50651,22
500113008,20231111,219,43,20,1,25.02594,121.50651,22
500113008,20231111,220,43,20,1,25.02594,121.50651,22
500113008,20231111,221,43,20,1,25.02594,121.50651,22
500113008,20231111,222,43,20,1,25.02594,121.50651,22
500113008,20231111,223,43,20,1,25.02594,121.50651,22
500113008,20231111,224,43,20,1,25.02594,121.50651,22
500113008,20231111,225,43,20,1,25.02594,121.50651,22
500113008,20231111,226,43,20,1,25.02594,121.50651,22
500113008,20231111,227,43,20,1,25.02594,121.50651,22
500113008,20231111,228,43,20,1,25.02594,121.50651,22
500113008,20231111,229,43,20,1,25.02594,121.50651,22
500113008,20231111,230,43,20,1,25.02594,121.50651,22
500113008,20231111,231,43,20,1,25.02594,121.50651,22
500113008,20231111,232,43,20,1,25.02594,121.50651,22
500113008,20231111,233,43,20,1,25.02594,121.50651,22
500113008,20231111,234,43,20,1,25.02594,121.50651,22
500113008,20231111,235,43,20,1,25.02594,121.50651,22
500113008,20231111,236,43,20,1,25.02594,121.50651,22
500113008,20231111,237,43,20,1,25.02594,121.50651,22
500113008,20231111,238,43,20,1,25.02594,121.50651,22
500113008,20231111,239,43,20,1,25.02594,121.50651,22
500113008,20231111,241,43,20,1,25.02594,121.50651,22
500113008,20231111,242,43,20,1,25.02594,121.50651,22
500113008,20231111,243,43,20,1,25.02594,121.50651,22
500113008,20231111,244,43,20,1,25.02594,121.50651,22
500113008,20231111,245,43,20,1,25.02594,121.50651,22
500113008,20231111,246,43,20,1,25.02594,121.50651,22
500113008,20231111,247,43,20,1,25.02594,121.50651,22
500113008,20231111,248,43,20,1,25.02594,121.50651,22
500113008,20231111,249,43,20,1,25.02594,121.50651,22
500113008,20231111,250,43,20,1,25.02594,121.50651,22
500113008,20231111,251,43,20,1,25.02594,121.50651,22
500113008,20231111,252,43,20,1,25.02594,121.50651,22
500113008,20231111,253,43,20,1,25.02594,121.50651,22
500113008,20231111,254,43,20,1,25.02594,121.50651,22
500113008,20231111,255,43,20,1,25.02594,121.50651,22
500113008,20231111,256,43,20,1,25.02594,121.50651,22
500113008,20231111,257,43,20,1,25.02594,121.50651,22
500113008,20231111,258,43,20,1,25.02594,121.50651,22
500113008,20231111,259,43,20,1,25.02594,121.50651,22
500113008,20231111,261,43,20,1,25.02594,121.50651,22
500113008,20231111,262,43,20,1,25.02594,121.50651,22
500113008,20231111,263,43,20,1,25.02594,121.50651,22
500113008,20231111,264,43,20,1,25.02594,121.50651,22
500113008,20231111,265,43,20,1,25.02594,121.50651,22
500113008,20231111,266,43,20,1,25.02594,121.50651,22
500113008,20231111,267,43,20,1,25.02594,121.50651,22
500113008,20231111,268,43,20,1,25.02594,121.50651,22
500113008,20231111,269,43,20,1,25.02594,121.50651,22
500113008,20231111,270,43,20,1,25.02594,121.50651,22
500113008,20231111,271,43,20,1,25.02594,121.50651,22
500113008,20231111,272,43,20,1,25.02594,121.50651,22
500113008,20231111,273,43,20,1,25.02594,121.50651,22
500113008,20231111,274,43,20,1,25.02594,121.50651,22
500113008,20231111,275,43,20,1,25.02594,121.50651,22
500113008,20231111,276,43,20,1,25.02594,121.50651,22
500113008,20231111,277,43,20,1,25.02594,121.50651,22
500113008,20231111,278,43,20,1,25.02594,121.50651,22
500113008,20231111,279,43,20,1,25.02594,121.50651,22
500113008,20231111,280,43,20,1,25.02594,121.50651,22
500113008,20231111,281,43,20,1,25.02594,121.50651,22
500113008,20231111,282,43,20,1,25.02594,121.50651,22
500113008,20231111,283,43,20,1,25.02594,121.50651,22
500113008,20231111,284,43,20,1,25.02594,121.50651,22
500113008,20231111,285,43,21,1,25.02594,121.50651,21
500113008,20231111,286,43,21,1,25.02594,121.50651,21
500113008,20231111,287,43,21,1,25.02594,121.50651,21
500113008,20231111,288,43,21,1,25.02594,121.50651,21
500113008,20231111,289,43,21,1,25.02594,121.50651,21
500113008,20231111,290,43,21,1,25.02594,121.50651,21
500113008,20231111,291,43,21,1,25.02594,121.50651,21
500113008,20231111,292,43,21,1,25.02594,121.50651,21
500113008,20231111,293,43,21,1,25.02594,121.50651,21
500113008,20231111,294,43,21,1,25.02594,121.50651,21
500113008,20231111,295,43,21,1,25.02594,121.50651,21
500113008,20231111,296,43,21,1,25.02594,121.50651,21
500113008,20231111,297,43,20,1,25.02594,121.50651,22
500113008,20231111,298,43,20,1,25.02594,121.50651,22
500113008,20231111,299,43,19,1,25.02594,121.50651,23
500113008,20231111,301,43,19,1,25.02594,121.50651,23
500113008,20231111,302,43,19,1,25.02594,121.50651,23
500113008,20231111,303,43,19,1,25.02594,121.50651,23
500113008,20231111,304,43,19,1,25.02594,121.50651,23
500113008,20231111,305,43,21,1,25.02594,121.50651,21
500113008,20231111,306,43,20,1,25.02594,121.50651,22
500113008,20231111,307,43,20,1,25.02594,121.50651,22
500113008,20231111,308,43,20,1,25.02594,121.50651,22
500113008,20231111,309,43,20,1,25.02594,121.50651,22
500113008,20231111,310,43,20,1,25.02594,121.50651,22
500113008,20231111,311,43,20,1,25.02594,121.50651,22
500113008,20231111,312,43,19,1,25.02594,121.50651,23
500113008,20231111,313,43,19,1,25.02594,121.50651,23
500113008,20231111,314,43,19,1,25.02594,121.50651,23
500113008,20231111,315,43,19,1,25.02594,121.50651,23
500113008,20231111,316,43,19,1,25.02594,121.50651,23
500113008,20231111,317,43,19,1,25.02594,121.50651,23
500113008,20231111,318,43,19,1,25.02594,121.50651,23
500113008,20231111,319,43,19,1,25.02594,121.50651,23
500113008,20231111,321,43,19,1,25.02594,121.50651,23
500113008,20231111,322,43,18,1,25.02594,121.50651,24
500113008,20231111,323,43,18,1,25.02594,121.50651,24
500113008,20231111,324,43,18,1,25.02594,121.50651,24
500113008,20231111,325,43,18,1,25.02594,121.50651,24
500113008,20231111,326,43,18,1,25.02594,121.50651,24
500113008,20231111,327,43,18,1,25.02594,121.50651,24
500113008,20231111,328,43,18,1,25.02594,121.50651,24
500113008,20231111,329,43,18,1,25.02594,121.50651,24
500113008,20231111,330,43,18,1,25.02594,121.50651,24
500113008,20231111,331,43,18,1,25.02594,121.50651,24
500113008,20231111,332,43,18,1,25.02594,121.50651,24
500113008,20231111,333,43,18,1,25.02594,121.50651,24
500113008,20231111,334,43,18,1,25.02594,121.50651,24
500113008,20231111,335,43,18,1,25.02594,121.50651,24
500113008,20231111,336,43,18,1,25.02594,121.50651,24
500113008,20231111,337,43,18,1,25.02594,121.50651,24
500113008,20231111,338,43,18,1,25.02594,121.50651,24
500113008,20231111,339,43,18,1,25.02594,121.50651,24
500113008,20231111,340,43,18,1,25.02594,121.50651,24
500113008,20231111,341,43,18,1,25.02594,121.50651,24
500113008,20231111,342,43,18,1,25.02594,121.50651,24
500113008,20231111,343,43,18,1,25.02594,121.50651,24
500113008,20231111,344,43,18,1,25.02594,121.50651,24
500113008,20231111,345,43,18,1,25.02594,121.50651,24
500113008,20231111,346,43,18,1,25.02594,121.50651,24
500113008,20231111,347,43,18,1,25.02594,121.50651,24
500113008,20231111,348,43,18,1,25.02594,121.50651,24
500113008,20231111,349,43,18,1,25.02594,121.50651,24
500113008,20231111,350,43,18,1,25.02594,121.50651,24
500113008,20231111,351,43,18,1,25.02594,121.50651,24
500113008,20231111,352,43,18,1,25.02594,121.50651,24
500113008,20231111,353,43,18,1,25.02594,121.50651,24
500113008,20231111,354,43,18,1,25.02594,121.50651,24
500113008,20231111,355,43,18,1,25.02594,121.50651,24
500113008,20231111,356,43,16,1,25.02594,121.50651,26
500113008,20231111,357,43,16,1,25.02594,121.50651,26
500113008,20231111,358,43,16,1,25.02594,121.50651,26
500113008,20231111,359,43,16,1,25.02594,121.50651,26
500113008,20231111,360,43,16,1,25.02594,121.50651,26
500113008,20231111,361,43,16,1,25.02594,121.50651,26
500113008,20231111,362,43,16,1,25.02594,121.50651,26
500113008,20231111,363,43,16,1,25.02594,121.50651,26
500113008,20231111,364,43,16,1,25.02594,121.50651,26
500113008,20231111,365,43,16,1,25.02594,121.50651,26
500113008,20231111,366,43,16,1,25.02594,121.50651,26
500113008,20231111,367,43,16,1,25.02594,121.50651,26
500113008,20231111,368,43,16,1,25.02594,121.50651,26
500113008,20231111,369,43,16,1,25.02594,121.50651,26
500113008,20231111,370,43,16,1,25.02594,121.50651,26
500113008,20231111,371,43,16,1,25.02594,121.50651,26
500113008,20231111,372,43,16,1,25.02594,121.50651,26
500113008,20231111,373,43,16,1,25.02594,121.50651,26
500113008,20231111,374,43,16,1,25.02594,121.50651,26
500113008,20231111,375,43,17,1,25.02594,121.50651,25
500113008,20231111,376,43,17,1,25.02594,121.50651,25
500113008,20231111,377,43,17,1,25.02594,121.50651,25
500113008,20231111,378,43,17,1,25.02594,121.50651,25
500113008,20231111,379,43,17,1,25.02594,121.50651,25
500113008,20231111,381,43,17,1,25.02594,121.50651,25
500113008,20231111,382,43,17,1,25.02594,121.50651,25
500113008,20231111,383,43,17,1,25.02594,121.50651,25
500113008,20231111,384,43,17,1,25.02594,121.50651,25
500113008,20231111,385,43,17,1,25.02594,121.50651,25
500113008,20231111,386,43,17,1,25.02594,121.50651,25
500113008,20231111,387,43,17,1,25.02594,121.50651,25
500113008,20231111,388,43,18,1,25.02594,121.50651,24
500113008,20231111,389,43,17,1,25.02594,121.50651,25
500113008,20231111,390,43,17,1,25.02594,121.50651,25
500113008,20231111,391,43,17,1,25.02594,121.50651,25
500113008,20231111,392,43,17,1,25.02594,121.50651,25
500113008,20231111,393,43,17,1,25.02594,121.50651,25
500113008,20231111,394,43,17,1,25.02594,121.50651,25
500113008,20231111,395,43,17,1,25.02594,121.50651,25
500113008,20231111,396,43,17,1,25.02594,121.50651,25
500113008,20231111,397,43,17,1,25.02594,121.50651,25
500113008,20231111,398,43,17,1,25.02594,121.50651,25
500113008,20231111,399,43,18,1,25.02594,121.50651,24
500113008,20231111,400,43,18,1,25.02594,121.50651,24
500113008,20231111,401,43,18,1,25.02594,121.50651,24
500113008,20231111,402,43,19,1,25.02594,121.50651,23
500113008,20231111,403,43,19,1,25.02594,121.50651,23
500113008,20231111,404,43,19,1,25.02594,121.50651,23
500113008,20231111,405,43,18,1,25.02594,121.50651,24
500113008,20231111,406,43,18,1,25.02594,121.50651,24
500113008,20231111,407,43,18,1,25.02594,121.50651,24
500113008,20231111,408,43,18,1,25.02594,121.50651,24
500113008,20231111,409,43,18,1,25.02594,121.50651,24
500113008,20231111,410,43,19,1,25.02594,121.50651,23
500113008,20231111,411,43,19,1,25.02594,121.50651,23
500113008,20231111,412,43,19,1,25.02594,121.50651,23
500113008,20231111,413,43,19,1,25.02594,121.50651,23
500113008,20231111,414,43,19,1,25.02594,121.50651,23
500113008,20231111,415,43,19,1,25.02594,121.50651,23
500113008,20231111,416,43,20,1,25.02594,121.50651,22
500113008,20231111,417,43,21,1,25.02594,121.50651,21
500113008,20231111,418,43,21,1,25.02594,121.50651,21
500113008,20231111,419,43,21,1,25.02594,121.50651,21
500113008,20231111,421,43,22,1,25.02594,121.50651,19
500113008,20231111,422,43,22,1,25.02594,121.50651,19
500113008,20231111,423,43,23,1,25.02594,121.50651,18
500113008,20231111,424,43,23,1,25.02594,121.50651,18
500113008,20231111,425,43,23,1,25.02594,121.50651,18
500113008,20231111,426,43,22,1,25.02594,121.50651,19
500113008,20231111,427,43,22,1,25.02594,121.50651,19
500113008,20231111,428,43,22,1,25.02594,121.50651,19
500113008,20231111,429,43,22,1,25.02594,121.50651,19
500113008,20231111,430,43,23,1,25.02594,121.50651,18
500113008,20231111,431,43,23,1,25.02594,121.50651,18
500113008,20231111,432,43,22,1,25.02594,121.50651,19
500113008,20231111,433,43,23,1,25.02594,121.50651,18
500113008,20231111,434,43,23,1,25.02594,121.50651,18
500113008,20231111,435,43,23,1,25.02594,121.50651,18
500113008,20231111,436,43,23,1,25.02594,121.50651,18
500113008,20231111,437,43,23,1,25.02594,121.50651,18
500113008,20231111,438,43,22,1,25.02594,121.50651,19
500113008,20231111,439,43,22,1,25.02594,121.50651,19
500113008,20231111,441,43,22,1,25.02594,121.50651,19
500113008,20231111,442,43,21,1,25.02594,121.50651,20
500113008,20231111,443,43,21,1,25.02594,121.50651,20
500113008,20231111,444,43,21,1,25.02594,121.50651,20
500113008,20231111,445,43,21,1,25.02594,121.50651,20
500113008,20231111,446,43,21,1,25.02594,121.50651,20
500113008,20231111,447,43,19,1,25.02594,121.50651,22
500113008,20231111,448,43,19,1,25.02594,121.50651,22
500113008,20231111,449,43,20,1,25.02594,121.50651,21
500113008,20231111,451,43,21,1,25.02594,121.50651,20
500113008,20231111,452,43,21,1,25.02594,121.50651,20
500113008,20231111,453,43,21,1,25.02594,121.50651,20
500113008,20231111,454,43,21,1,25.02594,121.50651,20
500113008,20231111,455,43,21,1,25.02594,121.50651,20
500113008,20231111,456,43,21,1,25.02594,121.50651,20
500113008,20231111,457,43,21,1,25.02594,121.50651,20
500113008,20231111,458,43,20,1,25.02594,121.50651,21
500113008,20231111,459,43,20,1,25.02594,121.50651,21
500113008,20231111,460,43,20,1,25.02594,121.50651,21
500113008,20231111,461,43,20,1,25.02594,121.50651,21
500113008,20231111,462,43,21,1,25.02594,121.50651,20
500113008,20231111,463,43,21,1,25.02594,121.50651,20
500113008,20231111,464,43,22,1,25.02594,121.50651,19
500113008,20231111,465,43,23,1,25.02594,121.50651,18
500113008,20231111,466,43,23,1,25.02594,121.50651,18
500113008,20231111,467,43,22,1,25.02594,121.50651,19
500113008,20231111,468,43,22,1,25.02594,121.50651,19
500113008,20231111,469,43,22,1,25.02594,121.50651,19
500113008,20231111,470,43,22,1,25.02594,121.50651,19
500113008,20231111,471,43,24,1,25.02594,121.50651,17
500113008,20231111,472,43,25,1,25.02594,121.50651,16
500113008,20231111,473,43,25,1,25.02594,121.50651,16
500113008,20231111,474,43,24,1,25.02594,121.50651,17
500113008,20231111,475,43,24,1,25.02594,121.50651,17
500113008,20231111,476,43,24,1,25.02594,121.50651,17
500113008,20231111,477,43,24,1,25.02594,121.50651,17
500113008,20231111,478,43,23,1,25.02594,121.50651,18
500113008,20231111,479,43,23,1,25.02594,121.50651,18
500113008,20231111,481,43,23,1,25.02594,121.50651,18
500113008,20231111,482,43,23,1,25.02594,121.50651,18
500113008,20231111,483,43,24,1,25.02594,121.50651,17
500113008,20231111,484,43,24,1,25.02594,121.50651,17
500113008,20231111,485,43,24,1,25.02594,121.50651,17
500113008,20231111,486,43,24,1,25.02594,121.50651,17
500113008,20231111,487,43,25,1,25.02594,121.50651,16
500113008,20231111,488,43,25,1,25.02594,121.50651,16
500113008,20231111,489,43,25,1,25.02594,121.50651,16
500113008,20231111,490,43,26,1,25.02594,121.50651,15
500113008,20231111,491,43,25,1,25.02594,121.50651,16
500113008,20231111,492,43,25,1,25.02594,121.50651,16
500113008,20231111,493,43,25,1,25.02594,121.50651,16
500113008,20231111,494,43,26,1,25.02594,121.50651,15
500113008,20231111,495,43,26,1,25.02594,121.50651,15
500113008,20231111,496,43,26,1,25.02594,121.50651,15
500113008,20231111,497,43,26,1,25.02594,121.50651,15
500113008,20231111,498,43,26,1,25.02594,121.50651,15
500113008,20231111,499,43,26,1,25.02594,121.50651,15
500113008,20231111,501,43,26,1,25.02594,121.50651,15
500113008,20231111,502,43,27,1,25.02594,121.50651,14
500113008,20231111,503,43,27,1,25.02594,121.50651,14
500113008,20231111,504,43,27,1,25.02594,121.50651,14
500113008,20231111,505,43,27,1,25.02594,121.50651,14
500113008,20231111,506,43,26,1,25.02594,121.50651,15
500113008,20231111,507,43,27,1,25.02594,121.50651,14
500113008,20231111,508,43,27,1,25.02594,121.50651,14
500113008,20231111,509,43,27,1,25.02594,121.50651,14
500113008,20231111,511,43,27,1,25.02594,121.50651,14
500113008,20231111,512,43,26,1,25.02594,121.50651,15
500113008,20231111,513,43,26,1,25.02594,121.50651,15
500113008,20231111,514,43,26,1,25.02594,121.50651,15
500113008,20231111,515,43,26,1,25.02594,121.50651,15
500113008,20231111,516,43,26,1,25.02594,121.50651,15
500113008,20231111,517,43,26,1,25.02594,121.50651,15
500113008,20231111,518,43,26,1,25.02594,121.50651,15
500113008,20231111,519,43,26,1,25.02594,121.50651,15
500113008,20231111,520,43,26,1,25.02594,121.50651,15
500113008,20231111,521,43,26,1,25.02594,121.50651,15
500113008,20231111,522,43,26,1,25.02594,121.50651,15
500113008,20231111,523,43,26,1,25.02594,121.50651,15
500113008,20231111,524,43,27,1,25.02594,121.50651,14
500113008,20231111,525,43,27,1,25.02594,121.50651,14
500113008,20231111,526,43,27,1,25.02594,121.50651,14
500113008,20231111,527,43,25,1,25.02594,121.50651,16
500113008,20231111,529,43,25,1,25.02594,121.50651,16
500113008,20231111,530,43,25,1,25.02594,121.50651,16
500113008,20231111,532,43,25,1,25.02594,121.50651,16
500113008,20231111,533,43,25,1,25.02594,121.50651,16
500113008,20231111,534,43,25,1,25.02594,121.50651,16
500113008,20231111,535,43,25,1,25.02594,121.50651,16
500113008,20231111,536,43,24,1,25.02594,121.50651,17
500113008,20231111,537,43,24,1,25.02594,121.50651,17
500113008,20231111,538,43,24,1,25.02594,121.50651,17
500113008,20231111,539,43,24,1,25.02594,121.50651,17
500113008,20231111,542,43,25,1,25.02594,121.50651,16
500113008,20231111,543,43,25,1,25.02594,121.50651,16
500113008,20231111,544,43,25,1,25.02594,121.50651,16
500113008,20231111,545,43,25,1,25.02594,121.50651,16
500113008,20231111,546,43,24,1,25.02594,121.50651,17
500113008,20231111,547,43,25,1,25.02594,121.50651,16
500113008,20231111,548,43,25,1,25.02594,121.50651,16
500113008,20231111,549,43,25,1,25.02594,121.50651,16
500113008,20231111,550,43,25,1,25.02594,121.50651,16
500113008,20231111,551,43,25,1,25.02594,121.50651,16
500113008,20231111,552,43,25,1,25.02594,121.50651,16
500113008,20231111,553,43,25,1,25.02594,121.50651,16
500113008,20231111,555,43,26,1,25.02594,121.50651,15
500113008,20231111,556,43,26,1,25.02594,121.50651,15
500113008,20231111,557,43,26,1,25.02594,121.50651,15
500113008,20231111,558,43,26,1,25.02594,121.50651,15
500113008,20231111,559,43,26,1,25.02594,121.50651,15
500113008,20231111,561,43,26,1,25.02594,121.50651,15
500113008,20231111,562,43,26,1,25.02594,121.50651,15
500113008,20231111,563,43,26,1,25.02594,121.50651,15
500113008,20231111,564,43,26,1,25.02594,121.50651,15
500113008,20231111,565,43,27,1,25.02594,121.50651,14
500113008,20231111,566,43,28,1,25.02594,121.50651,13
500113008,20231111,567,43,27,1,25.02594,121.50651,14
500113008,20231111,568,43,27,1,25.02594,121.50651,14
500113008,20231111,569,43,27,1,25.02594,121.50651,14
500113008,20231111,571,43,27,1,25.02594,121.50651,14
500113008,20231111,572,43,27,1,25.02594,121.50651,14
500113008,20231111,573,43,27,1,25.02594,121.50651,14
500113008,20231111,574,43,28,1,25.02594,121.50651,13
500113008,20231111,575,43,28,1,25.02594,121.50651,13
500113008,20231111,576,43,27,1,25.02594,121.50651,14
500113008,20231111,577,43,27,1,25.02594,121.50651,14
500113008,20231111,579,43,27,1,25.02594,121.50651,14
500113008,20231111,580,43,27,1,25.02594,121.50651,14
500113008,20231111,581,43,30,1,25.02594,121.50651,11
500113008,20231111,582,43,30,1,25.02594,121.50651,11
500113008,20231111,583,43,30,1,25.02594,121.50651,11
500113008,20231111,585,43,31,1,25.02594,121.50651,10
500113008,20231111,586,43,31,1,25.02594,121.50651,10
500113008,20231111,587,43,31,1,25.02594,121.50651,10
500113008,20231111,589,43,31,1,25.02594,121.50651,10
500113008,20231111,590,43,31,1,25.02594,121.50651,10
500113008,20231111,591,43,31,1,25.02594,121.50651,10
500113008,20231111,592,43,32,1,25.02594,121.50651,9
500113008,20231111,593,43,32,1,25.02594,121.50651,9
500113008,20231111,594,43,31,1,25.02594,121.50651,10
500113008,20231111,595,43,31,1,25.02594,121.50651,10
500113008,20231111,596,43,31,1,25.02594,121.50651,10
500113008,20231111,597,43,32,1,25.02594,121.50651,9
500113008,20231111,598,43,32,1,25.02594,121.50651,9
500113008,20231111,599,43,32,1,25.02594,121.50651,9
500113008,20231111,601,43,32,1,25.02594,121.50651,9
500113008,20231111,602,43,32,1,25.02594,121.50651,9
500113008,20231111,603,43,32,1,25.02594,121.50651,9
500113008,20231111,604,43,31,1,25.02594,121.50651,10
500113008,20231111,605,43,31,1,25.02594,121.50651,10
500113008,20231111,606,43,32,1,25.02594,121.50651,9
500113008,20231111,607,43,31,1,25.02594,121.50651,10
500113008,20231111,608,43,31,1,25.02594,121.50651,10
500113008,20231111,609,43,32,1,25.02594,121.50651,9
500113008,20231111,610,43,32,1,25.02594,121.50651,9
500113008,20231111,611,43,32,1,25.02594,121.50651,9
500113008,20231111,612,43,31,1,25.02594,121.50651,10
500113008,20231111,613,43,31,1,25.02594,121.50651,10
500113008,20231111,614,43,31,1,25.02594,121.50651,10
500113008,20231111,615,43,31,1,25.02594,121.50651,10
500113008,20231111,616,43,31,1,25.02594,121.50651,10
500113008,20231111,617,43,31,1,25.02594,121.50651,10
500113008,20231111,618,43,32,1,25.02594,121.50651,9
500113008,20231111,619,43,31,1,25.02594,121.50651,10
500113008,20231111,621,43,31,1,25.02594,121.50651,10
500113008,20231111,622,43,32,1,25.02594,121.50651,9
500113008,20231111,623,43,32,1,25.02594,121.50651,9
500113008,20231111,624,43,32,1,25.02594,121.50651,9
500113008,20231111,625,43,33,1,25.02594,121.50651,8
500113008,20231111,626,43,33,1,25.02594,121.50651,8
500113008,20231111,627,43,33,1,25.02594,121.50651,8
500113008,20231111,628,43,36,1,25.02594,121.50651,5
500113008,20231111,629,43,37,1,25.02594,121.50651,4
500113008,20231111,631,43,38,1,25.02594,121.50651,3
500113008,20231111,632,43,39,1,25.02594,121.50651,2
500113008,20231111,633,43,39,1,25.02594,121.50651,2
500113008,20231111,634,43,39,1,25.02594,121.50651,2
500113008,20231111,635,43,39,1,25.02594,121.50651,2
500113008,20231111,636,43,37,1,25.02594,121.50651,4
500113008,20231111,637,43,37,1,25.02594,121.50651,4
500113008,20231111,638,43,37,1,25.02594,121.50651,4
500113008,20231111,639,43,37,1,25.02594,121.50651,4
500113008,20231111,640,43,37,1,25.02594,121.50651,4
500113008,20231111,641,43,37,1,25.02594,121.50651,4
500113008,20231111,642,43,35,1,25.02594,121.50651,6
500113008,20231111,643,43,33,1,25.02594,121.50651,8
500113008,20231111,644,43,29,1,25.02594,121.50651,12
500113008,20231111,645,43,27,1,25.02594,121.50651,14
500113008,20231111,646,43,26,1,25.02594,121.50651,15
500113008,20231111,647,43,27,1,25.02594,121.50651,14
500113008,20231111,648,43,26,1,25.02594,121.50651,15
500113008,20231111,649,43,23,1,25.02594,121.50651,18
500113008,20231111,650,43,23,1,25.02594,121.50651,18
500113008,20231111,651,43,23,1,25.02594,121.50651,18
500113008,20231111,652,43,21,1,25.02594,121.50651,20
500113008,20231111,653,43,21,1,25.02594,121.50651,20
500113008,20231111,654,43,20,1,25.02594,121.50651,21
500113008,20231111,655,43,20,1,25.02594,121.50651,21
500113008,20231111,656,43,20,1,25.02594,121.50651,21
500113008,20231111,657,43,20,1,25.02594,121.50651,21
500113008,20231111,658,43,20,1,25.02594,121.50651,21
500113008,20231111,659,43,20,1,25.02594,121.50651,21
500113008,20231111,661,43,20,1,25.02594,121.50651,21
500113008,20231111,662,43,18,1,25.02594,121.50651,23
500113008,20231111,663,43,18,1,25.02594,121.50651,23
500113008,20231111,664,43,18,1,25.02594,121.50651,23
500113008,20231111,665,43,18,1,25.02594,121.50651,23
500113008,20231111,666,43,18,1,25.02594,121.50651,23
500113008,20231111,667,43,20,1,25.02594,121.50651,21
500113008,20231111,668,43,20,1,25.02594,121.50651,21
500113008,20231111,669,43,22,1,25.02594,121.50651,19
500113008,20231111,670,43,22,1,25.02594,121.50651,19
500113008,20231111,671,43,22,1,25.02594,121.50651,19
500113008,20231111,672,43,21,1,25.02594,121.50651,20
500113008,20231111,673,43,21,1,25.02594,121.50651,20
500113008,20231111,674,43,20,1,25.02594,121.50651,21
500113008,20231111,675,43,20,1,25.02594,121.50651,21
500113008,20231111,676,43,20,1,25.02594,121.50651,21
500113008,20231111,677,43,20,1,25.02594,121.50651,21
500113008,20231111,678,43,20,1,25.02594,121.50651,21
500113008,20231111,679,43,21,1,25.02594,121.50651,20
500113008,20231111,681,43,21,1,25.02594,121.50651,20
500113008,20231111,682,43,21,1,25.02594,121.50651,20
500113008,20231111,683,43,21,1,25.02594,121.50651,20
500113008,20231111,684,43,21,1,25.02594,121.50651,20
500113008,20231111,685,43,21,1,25.02594,121.50651,20
500113008,20231111,686,43,22,1,25.02594,121.50651,19
500113008,20231111,696,43,25,1,25.02594,121.50651,18
500113008,20231111,697,43,25,1,25.02594,121.50651,18
500113008,20231111,698,43,25,1,25.02594,121.50651,18
500113008,20231111,699,43,25,1,25.02594,121.50651,18
500113008,20231111,700,43,25,1,25.02594,121.50651,18
500113008,20231111,701,43,25,1,25.02594,121.50651,18
500113008,20231111,702,43,25,1,25.02594,121.50651,18
500113008,20231111,703,43,26,1,25.02594,121.50651,17
500113008,20231111,704,43,26,1,25.02594,121.50651,17
500113008,20231111,705,43,26,1,25.02594,121.50651,17
500113008,20231111,706,43,26,1,25.02594,121.50651,17
500113008,20231111,707,43,26,1,25.02594,121.50651,17
500113008,20231111,708,43,26,1,25.02594,121.50651,17
500113008,20231111,709,43,26,1,25.02594,121.50651,17
500113008,20231111,710,43,25,1,25.02594,121.50651,18
500113008,20231111,711,43,25,1,25.02594,121.50651,18
500113008,20231111,712,43,25,1,25.02594,121.50651,18
500113008,20231111,713,43,25,1,25.02594,121.50651,18
500113008,20231111,714,43,26,1,25.02594,121.50651,17
500113008,20231111,715,43,26,1,25.02594,121.50651,17
500113008,20231111,716,43,27,1,25.02594,121.50651,16
500113008,20231111,717,43,27,1,25.02594,121.50651,16
500113008,20231111,718,43,28,1,25.02594,121.50651,15
500113008,20231111,719,43,28,1,25.02594,121.50651,15
500113008,20231111,721,43,28,1,25.02594,121.50651,15
500113008,20231111,722,43,29,1,25.02594,121.50651,14
500113008,20231111,723,43,29,1,25.02594,121.50651,14
500113008,20231111,724,43,29,1,25.02594,121.50651,14
500113008,20231111,725,43,29,1,25.02594,121.50651,14
500113008,20231111,726,43,29,1,25.02594,121.50651,14
500113008,20231111,727,43,29,1,25.02594,121.50651,14
500113008,20231111,728,43,29,1,25.02594,121.50651,14
500113008,20231111,729,43,31,1,25.02594,121.50651,12
500113008,20231111,730,43,30,1,25.02594,121.50651,13
500113008,20231111,731,43,30,1,25.02594,121.50651,13
500113008,20231111,732,43,30,1,25.02594,121.50651,13
500113008,20231111,733,43,30,1,25.02594,121.50651,13
500113008,20231111,734,43,30,1,25.02594,121.50651,13
500113008,20231111,735,43,30,1,25.02594,121.50651,13
500113008,20231111,736,43,30,1,25.02594,121.50651,13
500113008,20231111,737,43,30,1,25.02594,121.50651,13
500113008,20231111,738,43,29,1,25.02594,121.50651,14
500113008,20231111,739,43,29,1,25.02594,121.50651,14
500113008,20231111,741,43,29,1,25.02594,121.50651,14
500113008,20231111,742,43,29,1,25.02594,121.50651,14
500113008,20231111,743,43,29,1,25.02594,121.50651,14
500113008,20231111,744,43,29,1,25.02594,121.50651,14
500113008,20231111,745,43,29,1,25.02594,121.50651,14
500113008,20231111,746,43,29,1,25.02594,121.50651,14
500113008,20231111,747,43,30,1,25.02594,121.50651,13
500113008,20231111,748,43,32,1,25.02594,121.50651,11
500113008,20231111,749,43,32,1,25.02594,121.50651,11
500113008,20231111,751,43,33,1,25.02594,121.50651,10
500113008,20231111,752,43,33,1,25.02594,121.50651,10
500113008,20231111,753,43,33,1,25.02594,121.50651,10
500113008,20231111,754,43,33,1,25.02594,121.50651,10
500113008,20231111,755,43,33,1,25.02594,121.50651,10
500113008,20231111,756,43,33,1,25.02594,121.50651,10
500113008,20231111,757,43,33,1,25.02594,121.50651,10
500113008,20231111,758,43,33,1,25.02594,121.50651,10
500113008,20231111,759,43,33,1,25.02594,121.50651,10
500113008,20231111,760,43,32,1,25.02594,121.50651,11
500113008,20231111,761,43,32,1,25.02594,121.50651,11
500113008,20231111,762,43,32,1,25.02594,121.50651,11
500113008,20231111,763,43,32,1,25.02594,121.50651,11
500113008,20231111,764,43,32,1,25.02594,121.50651,11
500113008,20231111,765,43,32,1,25.02594,121.50651,11
500113008,20231111,766,43,32,1,25.02594,121.50651,11
500113008,20231111,767,43,32,1,25.02594,121.50651,11
500113008,20231111,768,43,32,1,25.02594,121.50651,11
500113008,20231111,769,43,32,1,25.02594,121.50651,11
500113008,20231111,770,43,33,1,25.02594,121.50651,10
500113008,20231111,771,43,33,1,25.02594,121.50651,10
500113008,20231111,772,43,33,1,25.02594,121.50651,10
500113008,20231111,773,43,34,1,25.02594,121.50651,9
500113008,20231111,774,43,34,1,25.02594,121.50651,9
500113008,20231111,775,43,34,1,25.02594,121.50651,9
500113008,20231111,776,43,35,1,25.02594,121.50651,8
500113008,20231111,777,43,35,1,25.02594,121.50651,8
500113008,20231111,778,43,34,1,25.02594,121.50651,9
500113008,20231111,779,43,35,1,25.02594,121.50651,8
500113008,20231111,781,43,35,1,25.02594,121.50651,8
500113008,20231111,782,43,32,1,25.02594,121.50651,11
500113008,20231111,783,43,32,1,25.02594,121.50651,11
500113008,20231111,784,43,31,1,25.02594,121.50651,12
500113008,20231111,785,43,31,1,25.02594,121.50651,12
500113008,20231111,786,43,28,1,25.02594,121.50651,15
500113008,20231111,787,43,28,1,25.02594,121.50651,15
500113008,20231111,788,43,28,1,25.02594,121.50651,15
500113008,20231111,789,43,28,1,25.02594,121.50651,15
500113008,20231111,790,43,28,1,25.02594,121.50651,15
500113008,20231111,791,43,28,1,25.02594,121.50651,15
500113008,20231111,792,43,28,1,25.02594,121.50651,15
500113008,20231111,793,43,28,1,25.02594,121.50651,15
500113008,20231111,794,43,28,1,25.02594,121.50651,15
500113008,20231111,795,43,28,1,25.02594,121.50651,15
500113008,20231111,796,43,29,1,25.02594,121.50651,14
500113008,20231111,797,43,29,1,25.02594,121.50651,14
500113008,20231111,798,43,27,1,25.02594,121.50651,16
500113008,20231111,799,43,27,1,25.02594,121.50651,16
500113008,20231111,801,43,27,1,25.02594,121.50651,16
500113008,20231111,803,43,27,1,25.02594,121.50651,16
500113008,20231111,804,43,27,1,25.02594,121.50651,16
500113008,20231111,805,43,26,1,25.02594,121.50651,17
500113008,20231111,806,43,26,1,25.02594,121.50651,17
500113008,20231111,807,43,26,1,25.02594,121.50651,17
500113008,20231111,808,43,25,1,25.02594,121.50651,18
500113008,20231111,809,43,25,1,25.02594,121.50651,18
500113008,20231111,811,43,26,1,25.02594,121.50651,17
500113008,20231111,812,43,26,1,25.02594,121.50651,17
500113008,20231111,813,43,25,1,25.02594,121.50651,18
500113008,20231111,814,43,25,1,25.02594,121.50651,18
500113008,20231111,815,43,25,1,25.02594,121.50651,18
500113008,20231111,816,43,25,1,25.02594,121.50651,18
500113008,20231111,817,43,25,1,25.02594,121.50651,18
500113008,20231111,818,43,25,1,25.02594,121.50651,18
500113008,20231111,819,43,25,1,25.02594,121.50651,18
500113008,20231111,820,43,25,1,25.02594,121.50651,18
500113008,20231111,821,43,25,1,25.02594,121.50651,18
500113008,20231111,822,43,25,1,25.02594,121.50651,18
500113008,20231111,823,43,24,1,25.02594,121.50651,19
500113008,20231111,824,43,24,1,25.02594,121.50651,19
500113008,20231111,825,43,24,1,25.02594,121.50651,19
500113008,20231111,826,43,23,1,25.02594,121.50651,20
500113008,20231111,827,43,23,1,25.02594,121.50651,20
500113008,20231111,828,43,23,1,25.02594,121.50651,20
500113008,20231111,829,43,23,1,25.02594,121.50651,20
500113008,20231111,830,43,24,1,25.02594,121.50651,19
500113008,20231111,831,43,24,1,25.02594,121.50651,19
500113008,20231111,832,43,24,1,25.02594,121.50651,19
500113008,20231111,833,43,24,1,25.02594,121.50651,19
500113008,20231111,834,43,24,1,25.02594,121.50651,19
500113008,20231111,835,43,24,1,25.02594,121.50651,19
500113008,20231111,836,43,24,1,25.02594,121.50651,19
500113008,20231111,837,43,24,1,25.02594,121.50651,19
500113008,20231111,838,43,24,1,25.02594,121.50651,19
500113008,20231111,839,43,24,1,25.02594,121.50651,19
500113008,20231111,841,43,23,1,25.02594,121.50651,20
500113008,20231111,842,43,23,1,25.02594,121.50651,20
500113008,20231111,843,43,24,1,25.02594,121.50651,19
500113008,20231111,844,43,24,1,25.02594,121.50651,19
500113008,20231111,845,43,24,1,25.02594,121.50651,19
500113008,20231111,846,43,24,1,25.02594,121.50651,19
500113008,20231111,847,43,24,1,25.02594,121.50651,19
500113008,20231111,848,43,24,1,25.02594,121.50651,19
500113008,20231111,849,43,24,1,25.02594,121.50651,19
500113008,20231111,850,43,24,1,25.02594,121.50651,19
500113008,20231111,851,43,24,1,25.02594,121.50651,19
500113008,20231111,852,43,26,1,25.02594,121.50651,17
500113008,20231111,853,43,26,1,25.02594,121.50651,17
500113008,20231111,854,43,27,1,25.02594,121.50651,16
500113008,20231111,855,43,27,1,25.02594,121.50651,16
500113008,20231111,856,43,26,1,25.02594,121.50651,17
500113008,20231111,857,43,26,1,25.02594,121.50651,17
500113008,20231111,858,43,26,1,25.02594,121.50651,17
500113008,20231111,859,43,26,1,25.02594,121.50651,17
500113008,20231111,861,43,25,1,25.02594,121.50651,18
500113008,20231111,862,43,25,1,25.02594,121.50651,18
500113008,20231111,863,43,25,1,25.02594,121.50651,18
500113008,20231111,864,43,25,1,25.02594,121.50651,18
500113008,20231111,865,43,25,1,25.02594,121.50651,18
500113008,20231111,866,43,27,1,25.02594,121.50651,16
500113008,20231111,867,43,27,1,25.02594,121.50651,16
500113008,20231111,868,43,27,1,25.02594,121.50651,16
500113008,20231111,869,43,28,1,25.02594,121.50651,15
500113008,20231111,871,43,28,1,25.02594,121.50651,15
500113008,20231111,872,43,30,1,25.02594,121.50651,13
500113008,20231111,873,43,30,1,25.02594,121.50651,13
500113008,20231111,874,43,30,1,25.02594,121.50651,13
500113008,20231111,875,43,30,1,25.02594,121.50651,13
500113008,20231111,876,43,30,1,25.02594,121.50651,13
500113008,20231111,877,43,30,1,25.02594,121.50651,13
500113008,20231111,878,43,30,1,25.02594,121.50651,13
500113008,20231111,879,43,31,1,25.02594,121.50651,12
500113008,20231111,880,43,31,1,25.02594,121.50651,12
500113008,20231111,881,43,31,1,25.02594,121.50651,12
500113008,20231111,882,43,26,1,25.02594,121.50651,17
500113008,20231111,883,43,26,1,25.02594,121.50651,17
500113008,20231111,884,43,26,1,25.02594,121.50651,17
500113008,20231111,885,43,26,1,25.02594,121.50651,17
500113008,20231111,886,43,26,1,25.02594,121.50651,17
500113008,20231111,887,43,26,1,25.02594,121.50651,17
500113008,20231111,888,43,26,1,25.02594,121.50651,17
500113008,20231111,889,43,27,1,25.02594,121.50651,16
500113008,20231111,890,43,27,1,25.02594,121.50651,16
500113008,20231111,891,43,27,1,25.02594,121.50651,16
500113008,20231111,892,43,26,1,25.02594,121.50651,17
500113008,20231111,893,43,26,1,25.02594,121.50651,17
500113008,20231111,894,43,26,1,25.02594,121.50651,17
500113008,20231111,895,43,26,1,25.02594,121.50651,17
500113008,20231111,896,43,26,1,25.02594,121.50651,17
500113008,20231111,897,43,26,1,25.02594,121.50651,17
500113008,20231111,898,43,25,1,25.02594,121.50651,18
500113008,20231111,899,43,24,1,25.02594,121.50651,19
500113008,20231111,901,43,24,1,25.02594,121.50651,19
500113008,20231111,902,43,24,1,25.02594,121.50651,19
500113008,20231111,903,43,24,1,25.02594,121.50651,19
500113008,20231111,904,43,24,1,25.02594,121.50651,19
500113008,20231111,905,43,25,1,25.02594,121.50651,18
500113008,20231111,906,43,25,1,25.02594,121.50651,18
500113008,20231111,907,43,25,1,25.02594,121.50651,18
500113008,20231111,908,43,24,1,25.02594,121.50651,19
500113008,20231111,909,43,24,1,25.02594,121.50651,19
500113008,20231111,910,43,24,1,25.02594,121.50651,19
500113008,20231111,911,43,24,1,25.02594,121.50651,19
500113008,20231111,912,43,24,1,25.02594,121.50651,19
500113008,20231111,913,43,24,1,25.02594,121.50651,19
500113008,20231111,914,43,24,1,25.02594,121.50651,19
500113008,20231111,915,43,24,1,25.02594,121.50651,19
500113008,20231111,916,43,24,1,25.02594,121.50651,19
500113008,20231111,917,43,24,1,25.02594,121.50651,19
500113008,20231111,918,43,24,1,25.02594,121.50651,19
500113008,20231111,919,43,24,1,25.02594,121.50651,19
500113008,20231111,921,43,24,1,25.02594,121.50651,19
500113008,20231111,922,43,23,1,25.02594,121.50651,20
500113008,20231111,923,43,23,1,25.02594,121.50651,20
500113008,20231111,924,43,23,1,25.02594,121.50651,20
500113008,20231111,925,43,24,1,25.02594,121.50651,19
500113008,20231111,926,43,24,1,25.02594,121.50651,19
500113008,20231111,927,43,25,1,25.02594,121.50651,18
500113008,20231111,928,43,25,1,25.02594,121.50651,18
500113008,20231111,929,43,25,1,25.02594,121.50651,18
500113008,20231111,931,43,25,1,25.02594,121.50651,18
500113008,20231111,932,43,24,1,25.02594,121.50651,19
500113008,20231111,933,43,24,1,25.02594,121.50651,19
500113008,20231111,934,43,25,1,25.02594,121.50651,18
500113008,20231111,935,43,25,1,25.02594,121.50651,18
500113008,20231111,936,43,24,1,25.02594,121.50651,19
500113008,20231111,937,43,25,1,25.02594,121.50651,18
500113008,20231111,938,43,25,1,25.02594,121.50651,18
500113008,20231111,939,43,25,1,25.02594,121.50651,18
500113008,20231111,940,43,25,1,25.02594,121.50651,18
500113008,20231111,941,43,25,1,25.02594,121.50651,18
500113008,20231111,942,43,26,1,25.02594,121.50651,17
500113008,20231111,943,43,28,1,25.02594,121.50651,15
500113008,20231111,944,43,28,1,25.02594,121.50651,15
500113008,20231111,945,43,28,1,25.02594,121.50651,15
500113008,20231111,946,43,28,1,25.02594,121.50651,15
500113008,20231111,947,43,28,1,25.02594,121.50651,15
500113008,20231111,948,43,27,1,25.02594,121.50651,16
500113008,20231111,949,43,26,1,25.02594,121.50651,17
500113008,20231111,950,43,26,1,25.02594,121.50651,17
500113008,20231111,951,43,26,1,25.02594,121.50651,17
500113008,20231111,952,43,26,1,25.02594,121.50651,17
500113008,20231111,953,43,26,1,25.02594,121.50651,17
500113008,20231111,954,43,26,1,25.02594,121.50651,17
500113008,20231111,955,43,26,1,25.02594,121.50651,17
500113008,20231111,956,43,26,1,25.02594,121.50651,17
500113008,20231111,957,43,26,1,25.02594,121.50651,17
500113008,20231111,958,43,26,1,25.02594,121.50651,17
500113008,20231111,959,43,26,1,25.02594,121.50651,17
500113008,20231111,961,43,26,1,25.02594,121.50651,17
500113008,20231111,962,43,27,1,25.02594,121.50651,16
500113008,20231111,963,43,27,1,25.02594,121.50651,16
500113008,20231111,964,43,27,1,25.02594,121.50651,16
500113008,20231111,965,43,27,1,25.02594,121.50651,16
500113008,20231111,966,43,28,1,25.02594,121.50651,15
500113008,20231111,967,43,27,1,25.02594,121.50651,16
500113008,20231111,968,43,27,1,25.02594,121.50651,16
500113008,20231111,969,43,27,1,25.02594,121.50651,16
500113008,20231111,970,43,27,1,25.02594,121.50651,16
500113008,20231111,971,43,27,1,25.02594,121.50651,16
500113008,20231111,972,43,27,1,25.02594,121.50651,16
500113008,20231111,973,43,27,1,25.02594,121.50651,16
500113008,20231111,974,43,27,1,25.02594,121.50651,16
500113008,20231111,975,43,28,1,25.02594,121.50651,15
500113008,20231111,976,43,27,1,25.02594,121.50651,16
500113008,20231111,977,43,28,1,25.02594,121.50651,15
500113008,20231111,978,43,28,1,25.02594,121.50651,15
500113008,20231111,979,43,28,1,25.02594,121.50651,15
500113008,20231111,981,43,29,1,25.02594,121.50651,14
500113008,20231111,982,43,28,1,25.02594,121.50651,15
500113008,20231111,983,43,28,1,25.02594,121.50651,15
500113008,20231111,984,43,29,1,25.02594,121.50651,14
500113008,20231111,985,43,29,1,25.02594,121.50651,14
500113008,20231111,986,43,29,1,25.02594,121.50651,14
500113008,20231111,987,43,30,1,25.02594,121.50651,13
500113008,20231111,988,43,30,1,25.02594,121.50651,13
500113008,20231111,989,43,30,1,25.02594,121.50651,13
500113008,20231111,991,43,30,1,25.02594,121.50651,13
500113008,20231111,992,43,29,1,25.02594,121.50651,14
500113008,20231111,993,43,29,1,25.02594,121.50651,14
500113008,20231111,994,43,29,1,25.02594,121.50651,14
500113008,20231111,995,43,29,1,25.02594,121.50651,14
500113008,20231111,996,43,30,1,25.02594,121.50651,13
500113008,20231111,997,43,30,1,25.02594,121.50651,13
500113008,20231111,998,43,32,1,25.02594,121.50651,11
500113008,20231111,999,43,32,1,25.02594,121.50651,11
500113008,20231111,1000,43,32,1,25.02594,121.50651,11
500113008,20231111,1001,43,32,1,25.02594,121.50651,11
500113008,20231111,1002,43,32,1,25.02594,121.50651,11
500113008,20231111,1003,43,32,1,25.02594,121.50651,11
500113008,20231111,1004,43,33,1,25.02594,121.50651,10
500113008,20231111,1005,43,33,1,25.02594,121.50651,10
500113008,20231111,1006,43,33,1,25.02594,121.50651,10
500113008,20231111,1007,43,33,1,25.02594,121.50651,10
500113008,20231111,1008,43,33,1,25.02594,121.50651,10
500113008,20231111,1009,43,33,1,25.02594,121.50651,10
500113008,20231111,1010,43,33,1,25.02594,121.50651,10
500113008,20231111,1011,43,32,1,25.02594,121.50651,11
500113008,20231111,1012,43,32,1,25.02594,121.50651,11
500113008,20231111,1013,43,33,1,25.02594,121.50651,10
500113008,20231111,1014,43,33,1,25.02594,121.50651,10
500113008,20231111,1015,43,33,1,25.02594,121.50651,10
500113008,20231111,1016,43,33,1,25.02594,121.50651,10
500113008,20231111,1017,43,33,1,25.02594,121.50651,10
500113008,20231111,1018,43,33,1,25.02594,121.50651,10
500113008,20231111,1019,43,33,1,25.02594,121.50651,10
500113008,20231111,1021,43,34,1,25.02594,121.50651,9
500113008,20231111,1022,43,34,1,25.02594,121.50651,9
500113008,20231111,1023,43,34,1,25.02594,121.50651,9
500113008,20231111,1024,43,34,1,25.02594,121.50651,9
500113008,20231111,1025,43,34,1,25.02594,121.50651,9
500113008,20231111,1026,43,34,1,25.02594,121.50651,9
500113008,20231111,1027,43,34,1,25.02594,121.50651,9
500113008,20231111,1028,43,34,1,25.02594,121.50651,9
500113008,20231111,1029,43,34,1,25.02594,121.50651,9
500113008,20231111,1030,43,34,1,25.02594,121.50651,9
500113008,20231111,1031,43,34,1,25.02594,121.50651,9
500113008,20231111,1032,43,35,1,25.02594,121.50651,8
500113008,20231111,1033,43,35,1,25.02594,121.50651,8
500113008,20231111,1034,43,35,1,25.02594,121.50651,8
500113008,20231111,1035,43,35,1,25.02594,121.50651,8
500113008,20231111,1036,43,35,1,25.02594,121.50651,8
500113008,20231111,1037,43,35,1,25.02594,121.50651,8
500113008,20231111,1038,43,33,1,25.02594,121.50651,10
500113008,20231111,1039,43,33,1,25.02594,121.50651,10
500113008,20231111,1041,43,34,1,25.02594,121.50651,9
500113008,20231111,1042,43,34,1,25.02594,121.50651,9
500113008,20231111,1043,43,34,1,25.02594,121.50651,9
500113008,20231111,1044,43,34,1,25.02594,121.50651,9
500113008,20231111,1045,43,34,1,25.02594,121.50651,9
500113008,20231111,1046,43,34,1,25.02594,121.50651,9
500113008,20231111,1048,43,34,1,25.02594,121.50651,9
500113008,20231111,1049,43,34,1,25.02594,121.50651,9
500113008,20231111,1051,43,34,1,25.02594,121.50651,9
500113008,20231111,1052,43,34,1,25.02594,121.50651,9
500113008,20231111,1053,43,34,1,25.02594,121.50651,9
500113008,20231111,1054,43,35,1,25.02594,121.50651,8
500113008,20231111,1055,43,35,1,25.02594,121.50651,8
500113008,20231111,1056,43,35,1,25.02594,121.50651,8
500113008,20231111,1057,43,35,1,25.02594,121.50651,8
500113008,20231111,1058,43,35,1,25.02594,121.50651,8
500113008,20231111,1059,43,35,1,25.02594,121.50651,8
500113008,20231111,1060,43,35,1,25.02594,121.50651,8
500113008,20231111,1061,43,36,1,25.02594,121.50651,7
500113008,20231111,1062,43,36,1,25.02594,121.50651,7
500113008,20231111,1063,43,36,1,25.02594,121.50651,7
500113008,20231111,1064,43,36,1,25.02594,121.50651,7
500113008,20231111,1065,43,37,1,25.02594,121.50651,6
500113008,20231111,1066,43,37,1,25.02594,121.50651,6
500113008,20231111,1067,43,37,1,25.02594,121.50651,6
500113008,20231111,1068,43,36,1,25.02594,121.50651,7
500113008,20231111,1069,43,35,1,25.02594,121.50651,8
500113008,20231111,1070,43,36,1,25.02594,121.50651,7
500113008,20231111,1071,43,37,1,25.02594,121.50651,6
500113008,20231111,1072,43,37,1,25.02594,121.50651,6
500113008,20231111,1073,43,37,1,25.02594,121.50651,6
500113008,20231111,1074,43,37,1,25.02594,121.50651,6
500113008,20231111,1075,43,37,1,25.02594,121.50651,6
500113008,20231111,1076,43,37,1,25.02594,121.50651,5
500113008,20231111,1077,43,38,1,25.02594,121.50651,4
500113008,20231111,1078,43,38,1,25.02594,121.50651,4
500113008,20231111,1079,43,37,1,25.02594,121.50651,5
500113008,20231111,1081,43,37,1,25.02594,121.50651,5
500113008,20231111,1082,43,36,1,25.02594,121.50651,6
500113008,20231111,1083,43,36,1,25.02594,121.50651,6
500113008,20231111,1084,43,36,1,25.02594,121.50651,6
500113008,20231111,1085,43,35,1,25.02594,121.50651,7
500113008,20231111,1086,43,35,1,25.02594,121.50651,7
500113008,20231111,1087,43,36,1,25.02594,121.50651,6
500113008,20231111,1088,43,37,1,25.02594,121.50651,5
500113008,20231111,1089,43,38,1,25.02594,121.50651,4
500113008,20231111,1090,43,38,1,25.02594,121.50651,4
500113008,20231111,1091,43,38,1,25.02594,121.50651,4
500113008,20231111,1092,43,38,1,25.02594,121.50651,4
500113008,20231111,1093,43,37,1,25.02594,121.50651,5
500113008,20231111,1094,43,37,1,25.02594,121.50651,5
500113008,20231111,1095,43,37,1,25.02594,121.50651,5
500113008,20231111,1096,43,37,1,25.02594,121.50651,5
500113008,20231111,1097,43,36,1,25.02594,121.50651,6
500113008,20231111,1098,43,37,1,25.02594,121.50651,5
500113008,20231111,1099,43,37,1,25.02594,121.50651,5
500113008,20231111,1101,43,37,1,25.02594,121.50651,5
500113008,20231111,1102,43,35,1,25.02594,121.50651,7
500113008,20231111,1103,43,35,1,25.02594,121.50651,7
500113008,20231111,1104,43,36,1,25.02594,121.50651,6
500113008,20231111,1105,43,36,1,25.02594,121.50651,6
500113008,20231111,1106,43,36,1,25.02594,121.50651,6
500113008,20231111,1107,43,37,1,25.02594,121.50651,5
500113008,20231111,1108,43,37,1,25.02594,121.50651,5
500113008,20231111,1109,43,37,1,25.02594,121.50651,5
500113008,20231111,1111,43,37,1,25.02594,121.50651,5
500113008,20231111,1112,43,36,1,25.02594,121.50651,6
500113008,20231111,1113,43,36,1,25.02594,121.50651,6
500113008,20231111,1114,43,36,1,25.02594,121.50651,6
500113008,20231111,1115,43,35,1,25.02594,121.50651,7
500113008,20231111,1116,43,35,1,25.02594,121.50651,7
500113008,20231111,1117,43,35,1,25.02594,121.50651,7
500113008,20231111,1118,43,35,1,25.02594,121.50651,7
500113008,20231111,1119,43,34,1,25.02594,121.50651,8
500113008,20231111,1120,43,34,1,25.02594,121.50651,8
500113008,20231111,1121,43,34,1,25.02594,121.50651,8
500113008,20231111,1122,43,34,1,25.02594,121.50651,8
500113008,20231111,1123,43,33,1,25.02594,121.50651,9
500113008,20231111,1124,43,33,1,25.02594,121.50651,9
500113008,20231111,1125,43,33,1,25.02594,121.50651,9
500113008,20231111,1126,43,33,1,25.02594,121.50651,9
500113008,20231111,1127,43,34,1,25.02594,121.50651,8
500113008,20231111,1128,43,34,1,25.02594,121.50651,8
500113008,20231111,1129,43,34,1,25.02594,121.50651,8
500113008,20231111,1130,43,34,1,25.02594,121.50651,8
500113008,20231111,1131,43,34,1,25.02594,121.50651,8
500113008,20231111,1132,43,35,1,25.02594,121.50651,7
500113008,20231111,1133,43,35,1,25.02594,121.50651,7
500113008,20231111,1134,43,35,1,25.02594,121.50651,7
500113008,20231111,1135,43,35,1,25.02594,121.50651,7
500113008,20231111,1136,43,35,1,25.02594,121.50651,7
500113008,20231111,1137,43,35,1,25.02594,121.50651,7
500113008,20231111,1138,43,35,1,25.02594,121.50651,7
500113008,20231111,1139,43,35,1,25.02594,121.50651,7
500113008,20231111,1141,43,34,1,25.02594,121.50651,8
500113008,20231111,1142,43,35,1,25.02594,121.50651,7
500113008,20231111,1143,43,35,1,25.02594,121.50651,7
500113008,20231111,1144,43,35,1,25.02594,121.50651,7
500113008,20231111,1145,43,34,1,25.02594,121.50651,8
500113008,20231111,1146,43,34,1,25.02594,121.50651,8
500113008,20231111,1147,43,34,1,25.02594,121.50651,8
500113008,20231111,1148,43,34,1,25.02594,121.50651,8
500113008,20231111,1149,43,33,1,25.02594,121.50651,9
500113008,20231111,1150,43,32,1,25.02594,121.50651,10
500113008,20231111,1151,43,32,1,25.02594,121.50651,10
500113008,20231111,1152,43,32,1,25.02594,121.50651,10
500113008,20231111,1153,43,32,1,25.02594,121.50651,10
500113008,20231111,1154,43,32,1,25.02594,121.50651,10
500113008,20231111,1155,43,33,1,25.02594,121.50651,9
500113008,20231111,1156,43,33,1,25.02594,121.50651,9
500113008,20231111,1157,43,33,1,25.02594,121.50651,9
500113008,20231111,1158,43,34,1,25.02594,121.50651,8
500113008,20231111,1159,43,34,1,25.02594,121.50651,8
500113008,20231111,1161,43,34,1,25.02594,121.50651,8
500113008,20231111,1162,43,35,1,25.02594,121.50651,7
500113008,20231111,1163,43,35,1,25.02594,121.50651,7
500113008,20231111,1164,43,36,1,25.02594,121.50651,6
500113008,20231111,1165,43,36,1,25.02594,121.50651,6
500113008,20231111,1166,43,36,1,25.02594,121.50651,6
500113008,20231111,1167,43,36,1,25.02594,121.50651,6
500113008,20231111,1168,43,36,1,25.02594,121.50651,6
500113008,20231111,1169,43,37,1,25.02594,121.50651,5
500113008,20231111,1171,43,37,1,25.02594,121.50651,5
500113008,20231111,1172,43,37,1,25.02594,121.50651,5
500113008,20231111,1173,43,37,1,25.02594,121.50651,5
500113008,20231111,1174,43,37,1,25.02594,121.50651,5
500113008,20231111,1175,43,37,1,25.02594,121.50651,5
500113008,20231111,1176,43,37,1,25.02594,121.50651,5
500113008,20231111,1177,43,37,1,25.02594,121.50651,5
500113008,20231111,1178,43,37,1,25.02594,121.50651,5
500113008,20231111,1179,43,37,1,25.02594,121.50651,5
500113008,20231111,1180,43,37,1,25.02594,121.50651,5
500113008,20231111,1181,43,37,1,25.02594,121.50651,5
500113008,20231111,1182,43,37,1,25.02594,121.50651,5
500113008,20231111,1183,43,37,1,25.02594,121.50651,5
500113008,20231111,1184,43,37,1,25.02594,121.50651,5
500113008,20231111,1185,43,37,1,25.02594,121.50651,5
500113008,20231111,1186,43,37,1,25.02594,121.50651,5
500113008,20231111,1187,43,37,1,25.02594,121.50651,5
500113008,20231111,1188,43,37,1,25.02594,121.50651,5
500113008,20231111,1189,43,37,1,25.02594,121.50651,5
500113008,20231111,1190,43,37,1,25.02594,121.50651,5
500113008,20231111,1191,43,37,1,25.02594,121.50651,5
500113008,20231111,1192,43,37,1,25.02594,121.50651,5
500113008,20231111,1193,43,36,1,25.02594,121.50651,6
500113008,20231111,1194,43,36,1,25.02594,121.50651,6
500113008,20231111,1195,43,36,1,25.02594,121.50651,6
500113008,20231111,1196,43,33,1,25.02594,121.50651,9
500113008,20231111,1197,43,33,1,25.02594,121.50651,9
500113008,20231111,1198,43,33,1,25.02594,121.50651,9
500113008,20231111,1199,43,33,1,25.02594,121.50651,9
500113008,20231111,1201,43,34,1,25.02594,121.50651,8
500113008,20231111,1202,43,34,1,25.02594,121.50651,8
500113008,20231111,1203,43,34,1,25.02594,121.50651,8
500113008,20231111,1204,43,34,1,25.02594,121.50651,8
500113008,20231111,1205,43,34,1,25.02594,121.50651,8
500113008,20231111,1206,43,34,1,25.02594,121.50651,8
500113008,20231111,1207,43,34,1,25.02594,121.50651,8
500113008,20231111,1208,43,34,1,25.02594,121.50651,8
500113008,20231111,1209,43,34,1,25.02594,121.50651,8
500113008,20231111,1210,43,34,1,25.02594,121.50651,8
500113008,20231111,1211,43,34,1,25.02594,121.50651,8
500113008,20231111,1212,43,34,1,25.02594,121.50651,8
500113008,20231111,1213,43,34,1,25.02594,121.50651,8
500113008,20231111,1214,43,34,1,25.02594,121.50651,8
500113008,20231111,1215,43,34,1,25.02594,121.50651,8
500113008,20231111,1216,43,34,1,25.02594,121.50651,8
500113008,20231111,1217,43,34,1,25.02594,121.50651,8
500113008,20231111,1218,43,33,1,25.02594,121.50651,9
500113008,20231111,1219,43,33,1,25.02594,121.50651,9
500113008,20231111,1221,43,33,1,25.02594,121.50651,9
500113008,20231111,1222,43,33,1,25.02594,121.50651,9
500113008,20231111,1223,43,33,1,25.02594,121.50651,9
500113008,20231111,1224,43,33,1,25.02594,121.50651,9
500113008,20231111,1225,43,33,1,25.02594,121.50651,9
500113008,20231111,1226,43,33,1,25.02594,121.50651,9
500113008,20231111,1227,43,33,1,25.02594,121.50651,9
500113008,20231111,1228,43,33,1,25.02594,121.50651,9
500113008,20231111,1229,43,33,1,25.02594,121.50651,9
500113008,20231111,1231,43,33,1,25.02594,121.50651,9
500113008,20231111,1232,43,33,1,25.02594,121.50651,9
500113008,20231111,1233,43,32,1,25.02594,121.50651,10
500113008,20231111,1234,43,32,1,25.02594,121.50651,10
500113008,20231111,1235,43,32,1,25.02594,121.50651,10
500113008,20231111,1236,43,32,1,25.02594,121.50651,10
500113008,20231111,1237,43,32,1,25.02594,121.50651,10
500113008,20231111,1238,43,32,1,25.02594,121.50651,10
500113008,20231111,1239,43,31,1,25.02594,121.50651,11
500113008,20231111,1240,43,29,1,25.02594,121.50651,13
500113008,20231111,1241,43,29,1,25.02594,121.50651,13
500113008,20231111,1242,43,29,1,25.02594,121.50651,13
500113008,20231111,1243,43,29,1,25.02594,121.50651,13
500113008,20231111,1244,43,30,1,25.02594,121.50651,12
500113008,20231111,1245,43,30,1,25.02594,121.50651,12
500113008,20231111,1246,43,30,1,25.02594,121.50651,12
500113008,20231111,1247,43,30,1,25.02594,121.50651,12
500113008,20231111,1248,43,29,1,25.02594,121.50651,13
500113008,20231111,1249,43,29,1,25.02594,121.50651,13
500113008,20231111,1250,43,29,1,25.02594,121.50651,13
500113008,20231111,1251,43,29,1,25.02594,121.50651,13
500113008,20231111,1252,43,28,1,25.02594,121.50651,14
500113008,20231111,1253,43,28,1,25.02594,121.50651,14
500113008,20231111,1254,43,28,1,25.02594,121.50651,14
500113008,20231111,1255,43,28,1,25.02594,121.50651,14
500113008,20231111,1256,43,30,1,25.02594,121.50651,12
500113008,20231111,1257,43,32,1,25.02594,121.50651,10
500113008,20231111,1258,43,31,1,25.02594,121.50651,11
500113008,20231111,1259,43,32,1,25.02594,121.50651,10
500113008,20231111,1261,43,32,1,25.02594,121.50651,10
500113008,20231111,1262,43,32,1,25.02594,121.50651,10
500113008,20231111,1263,43,32,1,25.02594,121.50651,10
500113008,20231111,1264,43,32,1,25.02594,121.50651,10
500113008,20231111,1265,43,32,1,25.02594,121.50651,10
500113008,20231111,1266,43,32,1,25.02594,121.50651,10
500113008,20231111,1267,43,32,1,25.02594,121.50651,10
500113008,20231111,1268,43,32,1,25.02594,121.50651,10
500113008,20231111,1269,43,32,1,25.02594,121.50651,10
500113008,20231111,1270,43,32,1,25.02594,121.50651,10
500113008,20231111,1271,43,32,1,25.02594,121.50651,10
500113008,20231111,1272,43,32,1,25.02594,121.50651,10
500113008,20231111,1273,43,32,1,25.02594,121.50651,10
500113008,20231111,1274,43,32,1,25.02594,121.50651,10
500113008,20231111,1275,43,32,1,25.02594,121.50651,10
500113008,20231111,1276,43,32,1,25.02594,121.50651,10
500113008,20231111,1277,43,32,1,25.02594,121.50651,10
500113008,20231111,1278,43,32,1,25.02594,121.50651,10
500113008,20231111,1279,43,32,1,25.02594,121.50651,10
500113008,20231111,1281,43,32,1,25.02594,121.50651,10
500113008,20231111,1282,43,32,1,25.02594,121.50651,10
500113008,20231111,1283,43,32,1,25.02594,121.50651,10
500113008,20231111,1284,43,32,1,25.02594,121.50651,10
500113008,20231111,1285,43,32,1,25.02594,121.50651,10
500113008,20231111,1286,43,32,1,25.02594,121.50651,10
500113008,20231111,1287,43,32,1,25.02594,121.50651,10
500113008,20231111,1288,43,32,1,25.02594,121.50651,10
500113008,20231111,1289,43,32,1,25.02594,121.50651,10
500113008,20231111,1291,43,32,1,25.02594,121.50651,10
500113008,20231111,1292,43,34,1,25.02594,121.50651,8
500113008,20231111,1293,43,35,1,25.02594,121.50651,7
500113008,20231111,1294,43,35,1,25.02594,121.50651,7
500113008,20231111,1295,43,35,1,25.02594,121.50651,7
500113008,20231111,1296,43,35,1,25.02594,121.50651,7
500113008,20231111,1297,43,35,1,25.02594,121.50651,7
500113008,20231111,1298,43,36,1,25.02594,121.50651,6
500113008,20231111,1299,43,36,1,25.02594,121.50651,6
500113008,20231111,1300,43,36,1,25.02594,121.50651,6
500113008,20231111,1301,43,36,1,25.02594,121.50651,6
500113008,20231111,1302,43,36,1,25.02594,121.50651,6
500113008,20231111,1303,43,36,1,25.02594,121.50651,6
500113008,20231111,1304,43,36,1,25.02594,121.50651,6
500113008,20231111,1305,43,36,1,25.02594,121.50651,6
500113008,20231111,1306,43,35,1,25.02594,121.50651,7
500113008,20231111,1307,43,35,1,25.02594,121.50651,7
500113008,20231111,1308,43,35,1,25.02594,121.50651,7
500113008,20231111,1309,43,35,1,25.02594,121.50651,7
500113008,20231111,1311,43,35,1,25.02594,121.50651,7
500113008,20231111,1312,43,35,1,25.02594,121.50651,7
500113008,20231111,1313,43,35,1,25.02594,121.50651,7
500113008,20231111,1314,43,35,1,25.02594,121.50651,7
500113008,20231111,1315,43,35,1,25.02594,121.50651,7
500113008,20231111,1316,43,35,1,25.02594,121.50651,7
500113008,20231111,1317,43,35,1,25.02594,121.50651,7
500113008,20231111,1318,43,35,1,25.02594,121.50651,7
500113008,20231111,1319,43,35,1,25.02594,121.50651,7
500113008,20231111,1321,43,35,1,25.02594,121.50651,7
500113008,20231111,1322,43,35,1,25.02594,121.50651,7
500113008,20231111,1323,43,35,1,25.02594,121.50651,7
500113008,20231111,1324,43,34,1,25.02594,121.50651,8
500113008,20231111,1325,43,34,1,25.02594,121.50651,8
500113008,20231111,1326,43,34,1,25.02594,121.50651,8
500113008,20231111,1327,43,34,1,25.02594,121.50651,8
500113008,20231111,1328,43,34,1,25.02594,121.50651,8
500113008,20231111,1329,43,34,1,25.02594,121.50651,8
500113008,20231111,1330,43,33,1,25.02594,121.50651,9
500113008,20231111,1331,43,34,1,25.02594,121.50651,8
500113008,20231111,1332,43,34,1,25.02594,121.50651,8
500113008,20231111,1333,43,33,1,25.02594,121.50651,9
500113008,20231111,1334,43,34,1,25.02594,121.50651,8
500113008,20231111,1335,43,34,1,25.02594,121.50651,8
500113008,20231111,1336,43,34,1,25.02594,121.50651,8
500113008,20231111,1337,43,34,1,25.02594,121.50651,8
500113008,20231111,1338,43,34,1,25.02594,121.50651,8
500113008,20231111,1339,43,34,1,25.02594,121.50651,8
500113008,20231111,1341,43,34,1,25.02594,121.50651,8
500113008,20231111,1342,43,34,1,25.02594,121.50651,8
500113008,20231111,1343,43,34,1,25.02594,121.50651,8
500113008,20231111,1344,43,34,1,25.02594,121.50651,8
500113008,20231111,1345,43,34,1,25.02594,121.50651,8
500113008,20231111,1346,43,33,1,25.02594,121.50651,9
500113008,20231111,1347,43,31,1,25.02594,121.50651,11
500113008,20231111,1348,43,31,1,25.02594,121.50651,11
500113008,20231111,1349,43,31,1,25.02594,121.50651,11
500113008,20231111,1350,43,31,1,25.02594,121.50651,11
500113008,20231111,1351,43,31,1,25.02594,121.50651,11
500113008,20231111,1352,43,31,1,25.02594,121.50651,11
500113008,20231111,1353,43,31,1,25.02594,121.50651,11
500113008,20231111,1354,43,31,1,25.02594,121.50651,11
500113008,20231111,1355,43,31,1,25.02594,121.50651,11
500113008,20231111,1356,43,31,1,25.02594,121.50651,11
500113008,20231111,1357,43,30,1,25.02594,121.50651,12
500113008,20231111,1358,43,30,1,25.02594,121.50651,12
500113008,20231111,1359,43,30,1,25.02594,121.50651,12
500113008,20231111,1360,43,30,1,25.02594,121.50651,12
500113008,20231111,1361,43,30,1,25.02594,121.50651,12
500113008,20231111,1362,43,31,1,25.02594,121.50651,11
500113008,20231111,1363,43,31,1,25.02594,121.50651,11
500113008,20231111,1364,43,31,1,25.02594,121.50651,11
500113008,20231111,1365,43,31,1,25.02594,121.50651,11
500113008,20231111,1366,43,30,1,25.02594,121.50651,12
500113008,20231111,1367,43,30,1,25.02594,121.50651,12
500113008,20231111,1368,43,30,1,25.02594,121.50651,12
500113008,20231111,1369,43,30,1,25.02594,121.50651,12
500113008,20231111,1370,43,30,1,25.02594,121.50651,12
500113008,20231111,1371,43,30,1,25.02594,121.50651,12
500113008,20231111,1372,43,30,1,25.02594,121.50651,12
500113008,20231111,1373,43,30,1,25.02594,121.50651,12
500113008,20231111,1374,43,29,1,25.02594,121.50651,13
500113008,20231111,1375,43,30,1,25.02594,121.50651,12
500113008,20231111,1376,43,29,1,25.02594,121.50651,13
500113008,20231111,1377,43,29,1,25.02594,121.50651,13
500113008,20231111,1378,43,28,1,25.02594,121.50651,14
500113008,20231111,1379,43,28,1,25.02594,121.50651,14
500113008,20231111,1381,43,28,1,25.02594,121.50651,14
500113008,20231111,1382,43,28,1,25.02594,121.50651,14
500113008,20231111,1383,43,28,1,25.02594,121.50651,14
500113008,20231111,1384,43,28,1,25.02594,121.50651,14
500113008,20231111,1385,43,28,1,25.02594,121.50651,14
500113008,20231111,1386,43,28,1,25.02594,121.50651,14
500113008,20231111,1387,43,28,1,25.02594,121.50651,14
500113008,20231111,1388,43,28,1,25.02594,121.50651,14
500113008,20231111,1389,43,28,1,25.02594,121.50651,14
500113008,20231111,1390,43,28,1,25.02594,121.50651,14
500113008,20231111,1391,43,28,1,25.02594,121.50651,14
500113008,20231111,1392,43,28,1,25.02594,121.50651,14
500113008,20231111,1393,43,27,1,25.02594,121.50651,15
500113008,20231111,1394,43,27,1,25.02594,121.50651,15
500113008,20231111,1395,43,27,1,25.02594,121.50651,15
500113008,20231111,1396,43,27,1,25.02594,121.50651,15
500113008,20231111,1397,43,27,1,25.02594,121.50651,15
500113008,20231111,1398,43,27,1,25.02594,121.50651,15
500113008,20231111,1399,43,27,1,25.02594,121.50651,15
500113008,20231111,1401,43,28,1,25.02594,121.50651,14
500113008,20231111,1402,43,28,1,25.02594,121.50651,14
500113008,20231111,1403,43,27,1,25.02594,121.50651,15
500113008,20231111,1404,43,27,1,25.02594,121.50651,15
500113008,20231111,1405,43,27,1,25.02594,121.50651,15
500113008,20231111,1406,43,27,1,25.02594,121.50651,15
500113008,20231111,1407,43,27,1,25.02594,121.50651,15
500113008,20231111,1408,43,27,1,25.02594,121.50651,15
500113008,20231111,1409,43,26,1,25.02594,121.50651,16
500113008,20231111,1410,43,26,1,25.02594,121.50651,16
500113008,20231111,1411,43,26,1,25.02594,121.50651,16
500113008,20231111,1412,43,26,1,25.02594,121.50651,16
500113008,20231111,1413,43,25,1,25.02594,121.50651,17
500113008,20231111,1414,43,25,1,25.02594,121.50651,17
500113008,20231111,1415,43,25,1,25.02594,121.50651,17
500113008,20231111,1416,43,25,1,25.02594,121.50651,17
500113008,20231111,1417,43,25,1,25.02594,121.50651,17
500113008,20231111,1418,43,25,1,25.02594,121.50651,17
500113008,20231111,1419,43,25,1,25.02594,121.50651,17
500113008,20231111,1420,43,25,1,25.02594,121.50651,17
500113008,20231111,1421,43,24,1,25.02594,121.50651,18
500113008,20231111,1422,43,23,1,25.02594,121.50651,19
500113008,20231111,1423,43,23,1,25.02594,121.50651,19
500113008,20231111,1424,43,23,1,25.02594,121.50651,19
500113008,20231111,1425,43,23,1,25.02594,121.50651,19
500113008,20231111,1426,43,23,1,25.02594,121.50651,19
500113008,20231111,1427,43,23,1,25.02594,121.50651,19
500113008,20231111,1428,43,23,1,25.02594,121.50651,19
500113008,20231111,1429,43,23,1,25.02594,121.50651,19
500113008,20231111,1430,43,22,1,25.02594,121.50651,20
500113008,20231111,1431,43,22,1,25.02594,121.50651,20
500113008,20231111,1432,43,22,1,25.02594,121.50651,20
500113008,20231111,1433,43,22,1,25.02594,121.50651,20
500113008,20231111,1434,43,22,1,25.02594,121.50651,20
500113008,20231111,1435,43,22,1,25.02594,121.50651,20
500113008,20231111,1436,43,22,1,25.02594,121.50651,20
500113008,20231111,1437,43,22,1,25.02594,121.50651,20
500113008,20231111,1438,43,22,1,25.02594,121.50651,20
500113008,20231111,1439,43,22,1,25.02594,121.50651,20
500113008,20231112,1,43,22,1,25.02594,121.50651,20
500113008,20231112,2,43,22,1,25.02594,121.50651,20
500113008,20231112,3,43,22,1,25.02594,121.50651,20
500113008,20231112,4,43,22,1,25.02594,121.50651,20
500113008,20231112,5,43,22,1,25.02594,121.50651,20
500113008,20231112,6,43,22,1,25.02594,121.50651,20
500113008,20231112,7,43,22,1,25.02594,121.50651,20
500113008,20231112,8,43,22,1,25.02594,121.50651,20
500113008,20231112,9,43,20,1,25.02594,121.50651,22
500113008,20231112,10,43,20,1,25.02594,121.50651,22
500113008,20231112,11,43,20,1,25.02594,121.50651,22
500113008,20231112,12,43,20,1,25.02594,121.50651,22
500113008,20231112,13,43,20,1,25.02594,121.50651,22
500113008,20231112,14,43,20,1,25.02594,121.50651,22
500113008,20231112,15,43,20,1,25.02594,121.50651,22
500113008,20231112,16,43,20,1,25.02594,121.50651,22
500113008,20231112,17,43,20,1,25.02594,121.50651,22
500113008,20231112,18,43,20,1,25.02594,121.50651,22
500113008,20231112,19,43,20,1,25.02594,121.50651,22
500113008,20231112,21,43,20,1,25.02594,121.50651,22
500113008,20231112,22,43,20,1,25.02594,121.50651,22
500113008,20231112,23,43,20,1,25.02594,121.50651,22
500113008,20231112,24,43,20,1,25.02594,121.50651,22
500113008,20231112,25,43,20,1,25.02594,121.50651,22
500113008,20231112,26,43,20,1,25.02594,121.50651,22
500113008,20231112,27,43,20,1,25.02594,121.50651,22
500113008,20231112,28,43,20,1,25.02594,121.50651,22
500113008,20231112,29,43,20,1,25.02594,121.50651,22
500113008,20231112,30,43,20,1,25.02594,121.50651,22
500113008,20231112,31,43,19,1,25.02594,121.50651,23
500113008,20231112,32,43,19,1,25.02594,121.50651,23
500113008,20231112,33,43,19,1,25.02594,121.50651,23
500113008,20231112,34,43,19,1,25.02594,121.50651,23
500113008,20231112,35,43,17,1,25.02594,121.50651,25
500113008,20231112,36,43,17,1,25.02594,121.50651,25
500113008,20231112,37,43,17,1,25.02594,121.50651,25
500113008,20231112,38,43,17,1,25.02594,121.50651,25
500113008,20231112,39,43,17,1,25.02594,121.50651,25
500113008,20231112,40,43,17,1,25.02594,121.50651,25
500113008,20231112,41,43,17,1,25.02594,121.50651,25
500113008,20231112,42,43,17,1,25.02594,121.50651,25
500113008,20231112,43,43,17,1,25.02594,121.50651,25
500113008,20231112,44,43,17,1,25.02594,121.50651,25
500113008,20231112,45,43,17,1,25.02594,121.50651,25
500113008,20231112,46,43,17,1,25.02594,121.50651,25
500113008,20231112,47,43,16,1,25.02594,121.50651,26
500113008,20231112,48,43,16,1,25.02594,121.50651,26
500113008,20231112,49,43,16,1,25.02594,121.50651,26
500113008,20231112,50,43,16,1,25.02594,121.50651,26
500113008,20231112,51,43,16,1,25.02594,121.50651,26
500113008,20231112,52,43,16,1,25.02594,121.50651,26
500113008,20231112,53,43,16,1,25.02594,121.50651,26
500113008,20231112,54,43,17,1,25.02594,121.50651,25
500113008,20231112,55,43,17,1,25.02594,121.50651,25
500113008,20231112,56,43,17,1,25.02594,121.50651,25
500113008,20231112,57,43,17,1,25.02594,121.50651,25
500113008,20231112,58,43,17,1,25.02594,121.50651,25
500113008,20231112,59,43,17,1,25.02594,121.50651,25
500113008,20231112,60,43,17,1,25.02594,121.50651,25
500113008,20231112,61,43,16,1,25.02594,121.50651,26
500113008,20231112,62,43,16,1,25.02594,121.50651,26
500113008,20231112,63,43,16,1,25.02594,121.50651,26
500113008,20231112,64,43,16,1,25.02594,121.50651,26
500113008,20231112,65,43,16,1,25.02594,121.50651,26
500113008,20231112,66,43,16,1,25.02594,121.50651,26
500113008,20231112,67,43,16,1,25.02594,121.50651,26
500113008,20231112,68,43,16,1,25.02594,121.50651,26
500113008,20231112,69,43,16,1,25.02594,121.50651,26
500113008,20231112,70,43,16,1,25.02594,121.50651,26
500113008,20231112,71,43,16,1,25.02594,121.50651,26
500113008,20231112,72,43,16,1,25.02594,121.50651,26
500113008,20231112,73,43,16,1,25.02594,121.50651,26
500113008,20231112,74,43,16,1,25.02594,121.50651,26
500113008,20231112,75,43,16,1,25.02594,121.50651,26
500113008,20231112,76,43,16,1,25.02594,121.50651,26
500113008,20231112,77,43,16,1,25.02594,121.50651,26
500113008,20231112,78,43,16,1,25.02594,121.50651,26
500113008,20231112,79,43,16,1,25.02594,121.50651,26
500113008,20231112,81,43,16,1,25.02594,121.50651,26
500113008,20231112,82,43,16,1,25.02594,121.50651,26
500113008,20231112,83,43,16,1,25.02594,121.50651,26
500113008,20231112,84,43,16,1,25.02594,121.50651,26
500113008,20231112,85,43,16,1,25.02594,121.50651,26
500113008,20231112,86,43,16,1,25.02594,121.50651,26
500113008,20231112,87,43,16,1,25.02594,121.50651,26
500113008,20231112,88,43,16,1,25.02594,121.50651,26
500113008,20231112,89,43,16,1,25.02594,121.50651,26
500113008,20231112,90,43,16,1,25.02594,121.50651,26
500113008,20231112,91,43,16,1,25.02594,121.50651,26
500113008,20231112,92,43,16,1,25.02594,121.50651,26
500113008,20231112,93,43,16,1,25.02594,121.50651,26
500113008,20231112,94,43,16,1,25.02594,121.50651,26
500113008,20231112,95,43,16,1,25.02594,121.50651,26
500113008,20231112,96,43,16,1,25.02594,121.50651,26
500113008,20231112,97,43,16,1,25.02594,121.50651,26
500113008,20231112,98,43,16,1,25.02594,121.50651,26
500113008,20231112,99,43,16,1,25.02594,121.50651,26
500113008,20231112,100,43,16,1,25.02594,121.50651,26
500113008,20231112,101,43,16,1,25.02594,121.50651,26
500113008,20231112,102,43,16,1,25.02594,121.50651,26
500113008,20231112,103,43,16,1,25.02594,121.50651,26
500113008,20231112,104,43,16,1,25.02594,121.50651,26
500113008,20231112,105,43,16,1,25.02594,121.50651,26
500113008,20231112,106,43,16,1,25.02594,121.50651,26
500113008,20231112,107,43,16,1,25.02594,121.50651,26
500113008,20231112,108,43,16,1,25.02594,121.50651,26
500113008,20231112,109,43,16,1,25.02594,121.50651,26
500113008,20231112,110,43,16,1,25.02594,121.50651,26
500113008,20231112,111,43,16,1,25.02594,121.50651,26
500113008,20231112,112,43,16,1,25.02594,121.50651,26
500113008,20231112,113,43,16,1,25.02594,121.50651,26
500113008,20231112,114,43,16,1,25.02594,121.50651,26
500113008,20231112,115,43,16,1,25.02594,121.50651,26
500113008,20231112,116,43,16,1,25.02594,121.50651,26
500113008,20231112,117,43,16,1,25.02594,121.50651,26
500113008,20231112,118,43,16,1,25.02594,121.50651,26
500113008,20231112,119,43,16,1,25.02594,121.50651,26
500113008,20231112,121,43,16,1,25.02594,121.50651,26
500113008,20231112,122,43,16,1,25.02594,121.50651,26
500113008,20231112,123,43,16,1,25.02594,121.50651,26
500113008,20231112,125,43,16,1,25.02594,121.50651,26
500113008,20231112,126,43,16,1,25.02594,121.50651,26
500113008,20231112,127,43,16,1,25.02594,121.50651,26
500113008,20231112,128,43,16,1,25.02594,121.50651,26
500113008,20231112,129,43,16,1,25.02594,121.50651,26
500113008,20231112,130,43,16,1,25.02594,121.50651,26
500113008,20231112,131,43,16,1,25.02594,121.50651,26
500113008,20231112,132,43,16,1,25.02594,121.50651,26
500113008,20231112,133,43,16,1,25.02594,121.50651,26
500113008,20231112,134,43,16,1,25.02594,121.50651,26
500113008,20231112,135,43,16,1,25.02594,121.50651,26
500113008,20231112,136,43,16,1,25.02594,121.50651,26
500113008,20231112,137,43,16,1,25.02594,121.50651,26
500113008,20231112,138,43,16,1,25.02594,121.50651,26
500113008,20231112,139,43,16,1,25.02594,121.50651,26
500113008,20231112,141,43,16,1,25.02594,121.50651,26
500113008,20231112,142,43,16,1,25.02594,121.50651,26
500113008,20231112,143,43,16,1,25.02594,121.50651,26
500113008,20231112,144,43,16,1,25.02594,121.50651,26
500113008,20231112,145,43,16,1,25.02594,121.50651,26
500113008,20231112,146,43,16,1,25.02594,121.50651,26
500113008,20231112,147,43,16,1,25.02594,121.50651,26
500113008,20231112,148,43,16,1,25.02594,121.50651,26
500113008,20231112,149,43,16,1,25.02594,121.50651,26
500113008,20231112,150,43,16,1,25.02594,121.50651,26
500113008,20231112,151,43,16,1,25.02594,121.50651,26
500113008,20231112,152,43,16,1,25.02594,121.50651,26
500113008,20231112,153,43,16,1,25.02594,121.50651,26
500113008,20231112,154,43,16,1,25.02594,121.50651,26
500113008,20231112,155,43,16,1,25.02594,121.50651,26
500113008,20231112,156,43,16,1,25.02594,121.50651,26
500113008,20231112,157,43,16,1,25.02594,121.50651,26
500113008,20231112,158,43,16,1,25.02594,121.50651,26
500113008,20231112,159,43,16,1,25.02594,121.50651,26
500113008,20231112,160,43,16,1,25.02594,121.50651,26
500113008,20231112,161,43,16,1,25.02594,121.50651,26
500113008,20231112,162,43,16,1,25.02594,121.50651,26
500113008,20231112,163,43,16,1,25.02594,121.50651,26
500113008,20231112,164,43,16,1,25.02594,121.50651,26
500113008,20231112,165,43,16,1,25.02594,121.50651,26
500113008,20231112,166,43,16,1,25.02594,121.50651,26
500113008,20231112,167,43,16,1,25.02594,121.50651,26
500113008,20231112,168,43,16,1,25.02594,121.50651,26
500113008,20231112,169,43,16,1,25.02594,121.50651,26
500113008,20231112,170,43,16,1,25.02594,121.50651,26
500113008,20231112,171,43,16,1,25.02594,121.50651,26
500113008,20231112,172,43,16,1,25.02594,121.50651,26
500113008,20231112,173,43,16,1,25.02594,121.50651,26
500113008,20231112,174,43,16,1,25.02594,121.50651,26
500113008,20231112,175,43,16,1,25.02594,121.50651,26
500113008,20231112,176,43,16,1,25.02594,121.50651,26
500113008,20231112,177,43,16,1,25.02594,121.50651,26
500113008,20231112,178,43,16,1,25.02594,121.50651,26
500113008,20231112,179,43,16,1,25.02594,121.50651,26
500113008,20231112,180,43,16,1,25.02594,121.50651,26
500113008,20231112,181,43,16,1,25.02594,121.50651,26
500113008,20231112,182,43,16,1,25.02594,121.50651,26
500113008,20231112,183,43,15,1,25.02594,121.50651,27
500113008,20231112,184,43,15,1,25.02594,121.50651,27
500113008,20231112,185,43,15,1,25.02594,121.50651,27
500113008,20231112,186,43,15,1,25.02594,121.50651,27
500113008,20231112,187,43,15,1,25.02594,121.50651,27
500113008,20231112,188,43,15,1,25.02594,121.50651,27
500113008,20231112,189,43,15,1,25.02594,121.50651,27
500113008,20231112,190,43,15,1,25.02594,121.50651,27
500113008,20231112,191,43,15,1,25.02594,121.50651,27
500113008,20231112,192,43,15,1,25.02594,121.50651,27
500113008,20231112,193,43,15,1,25.02594,121.50651,27
500113008,20231112,194,43,15,1,25.02594,121.50651,27
500113008,20231112,195,43,15,1,25.02594,121.50651,27
500113008,20231112,196,43,15,1,25.02594,121.50651,27
500113008,20231112,197,43,15,1,25.02594,121.50651,27
500113008,20231112,198,43,15,1,25.02594,121.50651,27
500113008,20231112,199,43,15,1,25.02594,121.50651,27
500113008,20231112,201,43,15,1,25.02594,121.50651,27
500113008,20231112,202,43,15,1,25.02594,121.50651,27
500113008,20231112,203,43,15,1,25.02594,121.50651,27
500113008,20231112,204,43,17,1,25.02594,121.50651,25
500113008,20231112,205,43,21,1,25.02594,121.50651,21
500113008,20231112,206,43,21,1,25.02594,121.50651,21
500113008,20231112,207,43,25,1,25.02594,121.50651,17
500113008,20231112,208,43,25,1,25.02594,121.50651,17
500113008,20231112,209,43,27,1,25.02594,121.50651,15
500113008,20231112,210,43,27,1,25.02594,121.50651,15
500113008,20231112,211,43,29,1,25.02594,121.50651,13
500113008,20231112,212,43,31,1,25.02594,121.50651,11
500113008,20231112,213,43,31,1,25.02594,121.50651,11
500113008,20231112,214,43,32,1,25.02594,121.50651,10
500113008,20231112,215,43,32,1,25.02594,121.50651,10
500113008,20231112,216,43,32,1,25.02594,121.50651,10
500113008,20231112,217,43,32,1,25.02594,121.50651,10
500113008,20231112,218,43,32,1,25.02594,121.50651,10
500113008,20231112,219,43,32,1,25.02594,121.50651,10
500113008,20231112,220,43,32,1,25.02594,121.50651,10
500113008,20231112,221,43,32,1,25.02594,121.50651,10
500113008,20231112,222,43,32,1,25.02594,121.50651,10
500113008,20231112,223,43,32,1,25.02594,121.50651,10
500113008,20231112,224,43,32,1,25.02594,121.50651,10
500113008,20231112,225,43,32,1,25.02594,121.50651,10
500113008,20231112,226,43,32,1,25.02594,121.50651,10
500113008,20231112,227,43,32,1,25.02594,121.50651,10
500113008,20231112,228,43,32,1,25.02594,121.50651,10
500113008,20231112,229,43,32,1,25.02594,121.50651,10
500113008,20231112,230,43,32,1,25.02594,121.50651,10
500113008,20231112,231,43,32,1,25.02594,121.50651,10
500113008,20231112,232,43,32,1,25.02594,121.50651,10
500113008,20231112,233,43,32,1,25.02594,121.50651,10
500113008,20231112,234,43,32,1,25.02594,121.50651,10
500113008,20231112,235,43,32,1,25.02594,121.50651,10
500113008,20231112,236,43,32,1,25.02594,121.50651,10
500113008,20231112,237,43,32,1,25.02594,121.50651,10
500113008,20231112,238,43,33,1,25.02594,121.50651,9
500113008,20231112,239,43,33,1,25.02594,121.50651,9
500113008,20231112,240,43,33,1,25.02594,121.50651,9
500113008,20231112,241,43,33,1,25.02594,121.50651,9
500113008,20231112,242,43,33,1,25.02594,121.50651,9
500113008,20231112,243,43,33,1,25.02594,121.50651,9
500113008,20231112,244,43,33,1,25.02594,121.50651,9
500113008,20231112,245,43,34,1,25.02594,121.50651,8
500113008,20231112,246,43,35,1,25.02594,121.50651,7
500113008,20231112,247,43,35,1,25.02594,121.50651,7
500113008,20231112,248,43,36,1,25.02594,121.50651,6
500113008,20231112,249,43,36,1,25.02594,121.50651,6
500113008,20231112,250,43,36,1,25.02594,121.50651,6
500113008,20231112,251,43,36,1,25.02594,121.50651,6
500113008,20231112,252,43,38,1,25.02594,121.50651,4
500113008,20231112,253,43,38,1,25.02594,121.50651,4
500113008,20231112,254,43,38,1,25.02594,121.50651,4
500113008,20231112,255,43,38,1,25.02594,121.50651,4
500113008,20231112,256,43,38,1,25.02594,121.50651,4
500113008,20231112,257,43,38,1,25.02594,121.50651,4
500113008,20231112,258,43,38,1,25.02594,121.50651,4
500113008,20231112,259,43,38,1,25.02594,121.50651,4
500113008,20231112,261,43,38,1,25.02594,121.50651,4
500113008,20231112,262,43,38,1,25.02594,121.50651,4
500113008,20231112,263,43,38,1,25.02594,121.50651,4
500113008,20231112,264,43,38,1,25.02594,121.50651,4
500113008,20231112,265,43,38,1,25.02594,121.50651,4
500113008,20231112,266,43,38,1,25.02594,121.50651,4
500113008,20231112,267,43,38,1,25.02594,121.50651,4
500113008,20231112,268,43,38,1,25.02594,121.50651,4
500113008,20231112,269,43,38,1,25.02594,121.50651,4
500113008,20231112,270,43,38,1,25.02594,121.50651,4
500113008,20231112,271,43,38,1,25.02594,121.50651,4
500113008,20231112,272,43,38,1,25.02594,121.50651,4
500113008,20231112,273,43,38,1,25.02594,121.50651,4
500113008,20231112,274,43,38,1,25.02594,121.50651,4
500113008,20231112,275,43,38,1,25.02594,121.50651,4
500113008,20231112,276,43,38,1,25.02594,121.50651,4
500113008,20231112,277,43,38,1,25.02594,121.50651,4
500113008,20231112,278,43,38,1,25.02594,121.50651,4
500113008,20231112,279,43,38,1,25.02594,121.50651,4
500113008,20231112,280,43,38,1,25.02594,121.50651,4
500113008,20231112,281,43,38,1,25.02594,121.50651,4
500113008,20231112,282,43,38,1,25.02594,121.50651,4
500113008,20231112,283,43,38,1,25.02594,121.50651,4
500113008,20231112,284,43,38,1,25.02594,121.50651,4
500113008,20231112,285,43,38,1,25.02594,121.50651,4
500113008,20231112,286,43,38,1,25.02594,121.50651,4
500113008,20231112,287,43,38,1,25.02594,121.50651,4
500113008,20231112,288,43,38,1,25.02594,121.50651,4
500113008,20231112,289,43,38,1,25.02594,121.50651,4
500113008,20231112,290,43,38,1,25.02594,121.50651,4
500113008,20231112,291,43,38,1,25.02594,121.50651,4
500113008,20231112,292,43,38,1,25.02594,121.50651,4
500113008,20231112,293,43,38,1,25.02594,121.50651,4
500113008,20231112,294,43,38,1,25.02594,121.50651,4
500113008,20231112,295,43,38,1,25.02594,121.50651,4
500113008,20231112,296,43,38,1,25.02594,121.50651,4
500113008,20231112,297,43,38,1,25.02594,121.50651,4
500113008,20231112,298,43,37,1,25.02594,121.50651,5
500113008,20231112,299,43,37,1,25.02594,121.50651,5
500113008,20231112,300,43,37,1,25.02594,121.50651,5
500113008,20231112,301,43,37,1,25.02594,121.50651,5
500113008,20231112,302,43,37,1,25.02594,121.50651,5
500113008,20231112,303,43,37,1,25.02594,121.50651,5
500113008,20231112,304,43,37,1,25.02594,121.50651,5
500113008,20231112,305,43,37,1,25.02594,121.50651,5
500113008,20231112,306,43,37,1,25.02594,121.50651,5
500113008,20231112,307,43,37,1,25.02594,121.50651,5
500113008,20231112,308,43,37,1,25.02594,121.50651,5
500113008,20231112,309,43,37,1,25.02594,121.50651,5
500113008,20231112,310,43,37,1,25.02594,121.50651,5
500113008,20231112,311,43,37,1,25.02594,121.50651,5
500113008,20231112,312,43,37,1,25.02594,121.50651,5
500113008,20231112,313,43,37,1,25.02594,121.50651,5
500113008,20231112,314,43,37,1,25.02594,121.50651,5
500113008,20231112,315,43,37,1,25.02594,121.50651,5
500113008,20231112,316,43,37,1,25.02594,121.50651,5
500113008,20231112,317,43,37,1,25.02594,121.50651,5
500113008,20231112,318,43,37,1,25.02594,121.50651,5
500113008,20231112,319,43,37,1,25.02594,121.50651,5
500113008,20231112,321,43,37,1,25.02594,121.50651,5
500113008,20231112,322,43,37,1,25.02594,121.50651,5
500113008,20231112,323,43,37,1,25.02594,121.50651,5
500113008,20231112,324,43,37,1,25.02594,121.50651,5
500113008,20231112,325,43,37,1,25.02594,121.50651,5
500113008,20231112,326,43,37,1,25.02594,121.50651,5
500113008,20231112,327,43,37,1,25.02594,121.50651,5
500113008,20231112,328,43,37,1,25.02594,121.50651,5
500113008,20231112,329,43,37,1,25.02594,121.50651,5
500113008,20231112,330,43,37,1,25.02594,121.50651,5
500113008,20231112,331,43,37,1,25.02594,121.50651,5
500113008,20231112,332,43,36,1,25.02594,121.50651,6
500113008,20231112,333,43,36,1,25.02594,121.50651,6
500113008,20231112,334,43,36,1,25.02594,121.50651,6
500113008,20231112,335,43,36,1,25.02594,121.50651,6
500113008,20231112,336,43,36,1,25.02594,121.50651,6
500113008,20231112,337,43,36,1,25.02594,121.50651,6
500113008,20231112,338,43,36,1,25.02594,121.50651,6
500113008,20231112,339,43,36,1,25.02594,121.50651,6
500113008,20231112,340,43,36,1,25.02594,121.50651,6
500113008,20231112,341,43,36,1,25.02594,121.50651,6
500113008,20231112,342,43,36,1,25.02594,121.50651,6
500113008,20231112,343,43,36,1,25.02594,121.50651,6
500113008,20231112,344,43,36,1,25.02594,121.50651,6
500113008,20231112,345,43,36,1,25.02594,121.50651,6
500113008,20231112,346,43,36,1,25.02594,121.50651,6
500113008,20231112,347,43,36,1,25.02594,121.50651,6
500113008,20231112,348,43,36,1,25.02594,121.50651,6
500113008,20231112,349,43,36,1,25.02594,121.50651,6
500113008,20231112,350,43,36,1,25.02594,121.50651,6
500113008,20231112,351,43,36,1,25.02594,121.50651,6
500113008,20231112,352,43,36,1,25.02594,121.50651,6
500113008,20231112,353,43,36,1,25.02594,121.50651,6
500113008,20231112,354,43,37,1,25.02594,121.50651,5
500113008,20231112,355,43,37,1,25.02594,121.50651,5
500113008,20231112,356,43,37,1,25.02594,121.50651,5
500113008,20231112,357,43,37,1,25.02594,121.50651,5
500113008,20231112,358,43,37,1,25.02594,121.50651,5
500113008,20231112,359,43,37,1,25.02594,121.50651,5
500113008,20231112,360,43,36,1,25.02594,121.50651,6
500113008,20231112,361,43,36,1,25.02594,121.50651,6
500113008,20231112,362,43,36,1,25.02594,121.50651,6
500113008,20231112,363,43,36,1,25.02594,121.50651,6
500113008,20231112,364,43,36,1,25.02594,121.50651,6
500113008,20231112,365,43,36,1,25.02594,121.50651,6
500113008,20231112,366,43,36,1,25.02594,121.50651,6
500113008,20231112,367,43,36,1,25.02594,121.50651,6
500113008,20231112,369,43,36,1,25.02594,121.50651,6
500113008,20231112,370,43,36,1,25.02594,121.50651,6
500113008,20231112,371,43,36,1,25.02594,121.50651,6
500113008,20231112,372,43,36,1,25.02594,121.50651,6
500113008,20231112,373,43,36,1,25.02594,121.50651,6
500113008,20231112,374,43,36,1,25.02594,121.50651,6
500113008,20231112,375,43,36,1,25.02594,121.50651,6
500113008,20231112,376,43,36,1,25.02594,121.50651,6
500113008,20231112,377,43,36,1,25.02594,121.50651,6
500113008,20231112,378,43,36,1,25.02594,121.50651,6
500113008,20231112,379,43,36,1,25.02594,121.50651,6
500113008,20231112,381,43,36,1,25.02594,121.50651,6
500113008,20231112,382,43,36,1,25.02594,121.50651,6
500113008,20231112,383,43,36,1,25.02594,121.50651,6
500113008,20231112,384,43,36,1,25.02594,121.50651,6
500113008,20231112,385,43,36,1,25.02594,121.50651,6
500113008,20231112,386,43,36,1,25.02594,121.50651,6
500113008,20231112,387,43,36,1,25.02594,121.50651,6
500113008,20231112,388,43,38,1,25.02594,121.50651,4
500113008,20231112,389,43,38,1,25.02594,121.50651,4
500113008,20231112,390,43,38,1,25.02594,121.50651,4
500113008,20231112,391,43,38,1,25.02594,121.50651,4
500113008,20231112,392,43,38,1,25.02594,121.50651,4
500113008,20231112,393,43,37,1,25.02594,121.50651,5
500113008,20231112,394,43,37,1,25.02594,121.50651,5
500113008,20231112,395,43,37,1,25.02594,121.50651,5
500113008,20231112,396,43,37,1,25.02594,121.50651,5
500113008,20231112,397,43,37,1,25.02594,121.50651,5
500113008,20231112,398,43,37,1,25.02594,121.50651,5
500113008,20231112,399,43,37,1,25.02594,121.50651,5
500113008,20231112,400,43,37,1,25.02594,121.50651,5
500113008,20231112,401,43,37,1,25.02594,121.50651,5
500113008,20231112,402,43,37,1,25.02594,121.50651,5
500113008,20231112,403,43,37,1,25.02594,121.50651,5
500113008,20231112,404,43,37,1,25.02594,121.50651,5
500113008,20231112,405,43,37,1,25.02594,121.50651,5
500113008,20231112,406,43,37,1,25.02594,121.50651,5
500113008,20231112,407,43,37,1,25.02594,121.50651,5
500113008,20231112,408,43,37,1,25.02594,121.50651,5
500113008,20231112,409,43,36,1,25.02594,121.50651,6
500113008,20231112,410,43,36,1,25.02594,121.50651,6
500113008,20231112,411,43,36,1,25.02594,121.50651,6
500113008,20231112,412,43,36,1,25.02594,121.50651,6
500113008,20231112,413,43,36,1,25.02594,121.50651,6
500113008,20231112,414,43,36,1,25.02594,121.50651,6
500113008,20231112,415,43,36,1,25.02594,121.50651,6
500113008,20231112,416,43,36,1,25.02594,121.50651,6
500113008,20231112,417,43,36,1,25.02594,121.50651,6
500113008,20231112,418,43,36,1,25.02594,121.50651,6
500113008,20231112,419,43,36,1,25.02594,121.50651,6
500113008,20231112,420,43,36,1,25.02594,121.50651,6
500113008,20231112,421,43,36,1,25.02594,121.50651,6
500113008,20231112,422,43,36,1,25.02594,121.50651,6
500113008,20231112,423,43,36,1,25.02594,121.50651,6
500113008,20231112,424,43,36,1,25.02594,121.50651,6
500113008,20231112,425,43,36,1,25.02594,121.50651,6
500113008,20231112,426,43,36,1,25.02594,121.50651,6
500113008,20231112,427,43,37,1,25.02594,121.50651,5
500113008,20231112,428,43,38,1,25.02594,121.50651,4
500113008,20231112,429,43,38,1,25.02594,121.50651,4
500113008,20231112,430,43,38,1,25.02594,121.50651,4
500113008,20231112,431,43,38,1,25.02594,121.50651,4
500113008,20231112,432,43,38,1,25.02594,121.50651,4
500113008,20231112,433,43,38,1,25.02594,121.50651,4
500113008,20231112,434,43,39,1,25.02594,121.50651,3
500113008,20231112,435,43,39,1,25.02594,121.50651,3
500113008,20231112,436,43,39,1,25.02594,121.50651,3
500113008,20231112,437,43,39,1,25.02594,121.50651,3
500113008,20231112,438,43,39,1,25.02594,121.50651,3
500113008,20231112,439,43,39,1,25.02594,121.50651,3
500113008,20231112,441,43,38,1,25.02594,121.50651,4
500113008,20231112,442,43,37,1,25.02594,121.50651,5
500113008,20231112,443,43,37,1,25.02594,121.50651,5
500113008,20231112,444,43,37,1,25.02594,121.50651,5
500113008,20231112,445,43,37,1,25.02594,121.50651,5
500113008,20231112,446,43,37,1,25.02594,121.50651,5
500113008,20231112,447,43,37,1,25.02594,121.50651,5
500113008,20231112,448,43,37,1,25.02594,121.50651,5
500113008,20231112,449,43,37,1,25.02594,121.50651,5
500113008,20231112,450,43,37,1,25.02594,121.50651,5
500113008,20231112,451,43,37,1,25.02594,121.50651,5
500113008,20231112,452,43,37,1,25.02594,121.50651,5
500113008,20231112,453,43,37,1,25.02594,121.50651,5
500113008,20231112,454,43,37,1,25.02594,121.50651,5
500113008,20231112,455,43,38,1,25.02594,121.50651,4
500113008,20231112,456,43,39,1,25.02594,121.50651,3
500113008,20231112,457,43,38,1,25.02594,121.50651,4
500113008,20231112,458,43,38,1,25.02594,121.50651,4
500113008,20231112,459,43,38,1,25.02594,121.50651,4
500113008,20231112,460,43,38,1,25.02594,121.50651,4
500113008,20231112,461,43,37,1,25.02594,121.50651,5
500113008,20231112,462,43,37,1,25.02594,121.50651,5
500113008,20231112,463,43,37,1,25.02594,121.50651,5
500113008,20231112,464,43,37,1,25.02594,121.50651,5
500113008,20231112,465,43,36,1,25.02594,121.50651,6
500113008,20231112,466,43,36,1,25.02594,121.50651,6
500113008,20231112,467,43,36,1,25.02594,121.50651,6
500113008,20231112,468,43,36,1,25.02594,121.50651,6
500113008,20231112,469,43,36,1,25.02594,121.50651,6
500113008,20231112,470,43,36,1,25.02594,121.50651,6
500113008,20231112,471,43,36,1,25.02594,121.50651,6
500113008,20231112,472,43,36,1,25.02594,121.50651,6
500113008,20231112,473,43,35,1,25.02594,121.50651,7
500113008,20231112,474,43,35,1,25.02594,121.50651,7
500113008,20231112,475,43,35,1,25.02594,121.50651,7
500113008,20231112,476,43,35,1,25.02594,121.50651,7
500113008,20231112,477,43,35,1,25.02594,121.50651,7
500113008,20231112,478,43,34,1,25.02594,121.50651,8
500113008,20231112,479,43,34,1,25.02594,121.50651,8
500113008,20231112,481,43,34,1,25.02594,121.50651,8
500113008,20231112,482,43,34,1,25.02594,121.50651,8
500113008,20231112,483,43,34,1,25.02594,121.50651,8
500113008,20231112,484,43,34,1,25.02594,121.50651,8
500113008,20231112,485,43,34,1,25.02594,121.50651,8
500113008,20231112,486,43,34,1,25.02594,121.50651,8
500113008,20231112,487,43,34,1,25.02594,121.50651,8
500113008,20231112,488,43,34,1,25.02594,121.50651,8
500113008,20231112,489,43,34,1,25.02594,121.50651,8
500113008,20231112,490,43,34,1,25.02594,121.50651,8
500113008,20231112,491,43,33,1,25.02594,121.50651,9
500113008,20231112,492,43,34,1,25.02594,121.50651,8
500113008,20231112,493,43,34,1,25.02594,121.50651,8
500113008,20231112,494,43,34,1,25.02594,121.50651,8
500113008,20231112,495,43,33,1,25.02594,121.50651,9
500113008,20231112,496,43,33,1,25.02594,121.50651,9
500113008,20231112,497,43,34,1,25.02594,121.50651,8
500113008,20231112,498,43,35,1,25.02594,121.50651,7
500113008,20231112,499,43,35,1,25.02594,121.50651,7
500113008,20231112,501,43,35,1,25.02594,121.50651,7
500113008,20231112,502,43,35,1,25.02594,121.50651,7
500113008,20231112,503,43,35,1,25.02594,121.50651,7
500113008,20231112,504,43,35,1,25.02594,121.50651,7
500113008,20231112,505,43,34,1,25.02594,121.50651,8
500113008,20231112,506,43,34,1,25.02594,121.50651,8
500113008,20231112,507,43,34,1,25.02594,121.50651,8
500113008,20231112,508,43,34,1,25.02594,121.50651,8
500113008,20231112,509,43,34,1,25.02594,121.50651,8
500113008,20231112,510,43,34,1,25.02594,121.50651,8
500113008,20231112,511,43,35,1,25.02594,121.50651,7
500113008,20231112,512,43,35,1,25.02594,121.50651,7
500113008,20231112,513,43,35,1,25.02594,121.50651,7
500113008,20231112,514,43,35,1,25.02594,121.50651,7
500113008,20231112,515,43,34,1,25.02594,121.50651,8
500113008,20231112,516,43,31,1,25.02594,121.50651,11
500113008,20231112,517,43,31,1,25.02594,121.50651,11
500113008,20231112,518,43,31,1,25.02594,121.50651,11
500113008,20231112,519,43,31,1,25.02594,121.50651,11
500113008,20231112,520,43,30,1,25.02594,121.50651,12
500113008,20231112,521,43,30,1,25.02594,121.50651,12
500113008,20231112,522,43,29,1,25.02594,121.50651,13
500113008,20231112,523,43,29,1,25.02594,121.50651,13
500113008,20231112,524,43,29,1,25.02594,121.50651,13
500113008,20231112,525,43,29,1,25.02594,121.50651,13
500113008,20231112,526,43,29,1,25.02594,121.50651,13
500113008,20231112,527,43,28,1,25.02594,121.50651,14
500113008,20231112,528,43,28,1,25.02594,121.50651,14
500113008,20231112,529,43,29,1,25.02594,121.50651,13
500113008,20231112,530,43,29,1,25.02594,121.50651,13
500113008,20231112,531,43,29,1,25.02594,121.50651,13
500113008,20231112,532,43,29,1,25.02594,121.50651,13
500113008,20231112,533,43,29,1,25.02594,121.50651,13
500113008,20231112,534,43,29,1,25.02594,121.50651,13
500113008,20231112,535,43,29,1,25.02594,121.50651,13
500113008,20231112,536,43,30,1,25.02594,121.50651,12
500113008,20231112,537,43,29,1,25.02594,121.50651,13
500113008,20231112,538,43,29,1,25.02594,121.50651,13
500113008,20231112,539,43,29,1,25.02594,121.50651,13
500113008,20231112,541,43,29,1,25.02594,121.50651,13
500113008,20231112,542,43,29,1,25.02594,121.50651,13
500113008,20231112,543,43,29,1,25.02594,121.50651,13
500113008,20231112,544,43,30,1,25.02594,121.50651,12
500113008,20231112,545,43,30,1,25.02594,121.50651,12
500113008,20231112,546,43,30,1,25.02594,121.50651,12
500113008,20231112,547,43,30,1,25.02594,121.50651,12
500113008,20231112,548,43,30,1,25.02594,121.50651,12
500113008,20231112,549,43,30,1,25.02594,121.50651,12
500113008,20231112,550,43,30,1,25.02594,121.50651,12
500113008,20231112,551,43,30,1,25.02594,121.50651,12
500113008,20231112,552,43,30,1,25.02594,121.50651,12
500113008,20231112,553,43,30,1,25.02594,121.50651,12
500113008,20231112,554,43,30,1,25.02594,121.50651,12
500113008,20231112,555,43,30,1,25.02594,121.50651,12
500113008,20231112,556,43,30,1,25.02594,121.50651,12
500113008,20231112,557,43,31,1,25.02594,121.50651,11
500113008,20231112,558,43,31,1,25.02594,121.50651,11
500113008,20231112,559,43,31,1,25.02594,121.50651,11
500113008,20231112,561,43,31,1,25.02594,121.50651,11
500113008,20231112,562,43,31,1,25.02594,121.50651,11
500113008,20231112,563,43,31,1,25.02594,121.50651,11
500113008,20231112,564,43,31,1,25.02594,121.50651,11
500113008,20231112,565,43,32,1,25.02594,121.50651,10
500113008,20231112,566,43,35,1,25.02594,121.50651,7
500113008,20231112,567,43,35,1,25.02594,121.50651,7
500113008,20231112,568,43,35,1,25.02594,121.50651,7
500113008,20231112,569,43,34,1,25.02594,121.50651,8
500113008,20231112,571,43,34,1,25.02594,121.50651,8
500113008,20231112,572,43,34,1,25.02594,121.50651,8
500113008,20231112,573,43,34,1,25.02594,121.50651,8
500113008,20231112,574,43,35,1,25.02594,121.50651,7
500113008,20231112,575,43,35,1,25.02594,121.50651,7
500113008,20231112,576,43,36,1,25.02594,121.50651,6
500113008,20231112,577,43,36,1,25.02594,121.50651,6
500113008,20231112,578,43,36,1,25.02594,121.50651,6
500113008,20231112,579,43,36,1,25.02594,121.50651,6
500113008,20231112,580,43,36,1,25.02594,121.50651,6
500113008,20231112,581,43,36,1,25.02594,121.50651,6
500113008,20231112,582,43,35,1,25.02594,121.50651,7
500113008,20231112,583,43,35,1,25.02594,121.50651,7
500113008,20231112,584,43,35,1,25.02594,121.50651,7
500113008,20231112,585,43,35,1,25.02594,121.50651,7
500113008,20231112,586,43,34,1,25.02594,121.50651,8
500113008,20231112,587,43,35,1,25.02594,121.50651,7
500113008,20231112,588,43,36,1,25.02594,121.50651,6
500113008,20231112,589,43,36,1,25.02594,121.50651,6
500113008,20231112,590,43,36,1,25.02594,121.50651,6
500113008,20231112,591,43,36,1,25.02594,121.50651,6
500113008,20231112,592,43,36,1,25.02594,121.50651,6
500113008,20231112,593,43,36,1,25.02594,121.50651,6
500113008,20231112,594,43,36,1,25.02594,121.50651,6
500113008,20231112,595,43,36,1,25.02594,121.50651,6
500113008,20231112,596,43,36,1,25.02594,121.50651,6
500113008,20231112,597,43,36,1,25.02594,121.50651,6
500113008,20231112,598,43,38,1,25.02594,121.50651,4
500113008,20231112,599,43,38,1,25.02594,121.50651,4
500113008,20231112,601,43,37,1,25.02594,121.50651,5
500113008,20231112,602,43,37,1,25.02594,121.50651,5
500113008,20231112,603,43,37,1,25.02594,121.50651,5
500113008,20231112,604,43,37,1,25.02594,121.50651,5
500113008,20231112,605,43,37,1,25.02594,121.50651,5
500113008,20231112,606,43,37,1,25.02594,121.50651,5
500113008,20231112,608,43,36,1,25.02594,121.50651,6
500113008,20231112,609,43,35,1,25.02594,121.50651,7
500113008,20231112,610,43,35,1,25.02594,121.50651,7
500113008,20231112,611,43,34,1,25.02594,121.50651,8
500113008,20231112,612,43,34,1,25.02594,121.50651,8
500113008,20231112,613,43,34,1,25.02594,121.50651,8
500113008,20231112,614,43,34,1,25.02594,121.50651,8
500113008,20231112,615,43,34,1,25.02594,121.50651,8
500113008,20231112,616,43,34,1,25.02594,121.50651,8
500113008,20231112,617,43,34,1,25.02594,121.50651,8
500113008,20231112,618,43,34,1,25.02594,121.50651,8
500113008,20231112,619,43,34,1,25.02594,121.50651,8
500113008,20231112,621,43,35,1,25.02594,121.50651,7
500113008,20231112,622,43,35,1,25.02594,121.50651,7
500113008,20231112,623,43,35,1,25.02594,121.50651,7
500113008,20231112,624,43,35,1,25.02594,121.50651,7
500113008,20231112,625,43,34,1,25.02594,121.50651,8
500113008,20231112,626,43,34,1,25.02594,121.50651,8
500113008,20231112,627,43,34,1,25.02594,121.50651,8
500113008,20231112,628,43,34,1,25.02594,121.50651,8
500113008,20231112,629,43,34,1,25.02594,121.50651,8
500113008,20231112,631,43,34,1,25.02594,121.50651,8
500113008,20231112,632,43,34,1,25.02594,121.50651,8
500113008,20231112,633,43,34,1,25.02594,121.50651,8
500113008,20231112,634,43,33,1,25.02594,121.50651,9
500113008,20231112,635,43,33,1,25.02594,121.50651,9
500113008,20231112,636,43,33,1,25.02594,121.50651,9
500113008,20231112,637,43,33,1,25.02594,121.50651,9
500113008,20231112,638,43,33,1,25.02594,121.50651,9
500113008,20231112,639,43,33,1,25.02594,121.50651,9
500113008,20231112,640,43,33,1,25.02594,121.50651,9
500113008,20231112,641,43,33,1,25.02594,121.50651,9
500113008,20231112,642,43,33,1,25.02594,121.50651,9
500113008,20231112,643,43,32,1,25.02594,121.50651,10
500113008,20231112,644,43,32,1,25.02594,121.50651,10
500113008,20231112,645,43,32,1,25.02594,121.50651,10
500113008,20231112,646,43,37,1,25.02594,121.50651,5
500113008,20231112,647,43,37,1,25.02594,121.50651,5
500113008,20231112,648,43,37,1,25.02594,121.50651,5
500113008,20231112,649,43,38,1,25.02594,121.50651,4
500113008,20231112,650,43,38,1,25.02594,121.50651,4
500113008,20231112,651,43,38,1,25.02594,121.50651,4
500113008,20231112,652,43,38,1,25.02594,121.50651,4
500113008,20231112,653,43,38,1,25.02594,121.50651,4
500113008,20231112,654,43,38,1,25.02594,121.50651,4
500113008,20231112,655,43,38,1,25.02594,121.50651,4
500113008,20231112,656,43,37,1,25.02594,121.50651,5
500113008,20231112,657,43,40,1,25.02594,121.50651,2
500113008,20231112,658,43,40,1,25.02594,121.50651,2
500113008,20231112,659,43,40,1,25.02594,121.50651,2
500113008,20231112,661,43,40,1,25.02594,121.50651,2
500113008,20231112,662,43,40,1,25.02594,121.50651,2
500113008,20231112,663,43,40,1,25.02594,121.50651,2
500113008,20231112,664,43,40,1,25.02594,121.50651,2
500113008,20231112,665,43,40,1,25.02594,121.50651,2
500113008,20231112,666,43,40,1,25.02594,121.50651,2
500113008,20231112,667,43,40,1,25.02594,121.50651,2
500113008,20231112,668,43,40,1,25.02594,121.50651,2
500113008,20231112,669,43,40,1,25.02594,121.50651,2
500113008,20231112,670,43,40,1,25.02594,121.50651,2
500113008,20231112,671,43,40,1,25.02594,121.50651,2
500113008,20231112,672,43,40,1,25.02594,121.50651,2
500113008,20231112,673,43,40,1,25.02594,121.50651,2
500113008,20231112,674,43,40,1,25.02594,121.50651,2
500113008,20231112,675,43,40,1,25.02594,121.50651,2
500113008,20231112,676,43,40,1,25.02594,121.50651,2
500113008,20231112,677,43,40,1,25.02594,121.50651,2
500113008,20231112,678,43,40,1,25.02594,121.50651,2
500113008,20231112,679,43,40,1,25.02594,121.50651,2
500113008,20231112,681,43,40,1,25.02594,121.50651,2
500113008,20231112,682,43,40,1,25.02594,121.50651,2
500113008,20231112,683,43,40,1,25.02594,121.50651,2
500113008,20231112,684,43,40,1,25.02594,121.50651,2
500113008,20231112,685,43,40,1,25.02594,121.50651,2
500113008,20231112,686,43,39,1,25.02594,121.50651,3
500113008,20231112,687,43,39,1,25.02594,121.50651,3
500113008,20231112,688,43,39,1,25.02594,121.50651,3
500113008,20231112,689,43,40,1,25.02594,121.50651,2
500113008,20231112,691,43,40,1,25.02594,121.50651,2
500113008,20231112,692,43,40,1,25.02594,121.50651,2
500113008,20231112,693,43,40,1,25.02594,121.50651,2
500113008,20231112,694,43,40,1,25.02594,121.50651,2
500113008,20231112,695,43,40,1,25.02594,121.50651,2
500113008,20231112,696,43,40,1,25.02594,121.50651,2
500113008,20231112,697,43,40,1,25.02594,121.50651,2
500113008,20231112,698,43,40,1,25.02594,121.50651,2
500113008,20231112,699,43,40,1,25.02594,121.50651,2
500113008,20231112,700,43,40,1,25.02594,121.50651,2
500113008,20231112,701,43,40,1,25.02594,121.50651,2
500113008,20231112,702,43,37,1,25.02594,121.50651,5
500113008,20231112,703,43,37,1,25.02594,121.50651,5
500113008,20231112,704,43,37,1,25.02594,121.50651,5
500113008,20231112,705,43,38,1,25.02594,121.50651,4
500113008,20231112,706,43,38,1,25.02594,121.50651,4
500113008,20231112,707,43,38,1,25.02594,121.50651,4
500113008,20231112,708,43,38,1,25.02594,121.50651,4
500113008,20231112,709,43,38,1,25.02594,121.50651,4
500113008,20231112,710,43,38,1,25.02594,121.50651,4
500113008,20231112,711,43,38,1,25.02594,121.50651,4
500113008,20231112,712,43,38,1,25.02594,121.50651,4
500113008,20231112,713,43,38,1,25.02594,121.50651,4
500113008,20231112,714,43,38,1,25.02594,121.50651,4
500113008,20231112,715,43,38,1,25.02594,121.50651,4
500113008,20231112,716,43,38,1,25.02594,121.50651,4
500113008,20231112,717,43,38,1,25.02594,121.50651,4
500113008,20231112,718,43,38,1,25.02594,121.50651,4
500113008,20231112,719,43,38,1,25.02594,121.50651,4
500113008,20231112,721,43,38,1,25.02594,121.50651,4
500113008,20231112,722,43,39,1,25.02594,121.50651,3
500113008,20231112,723,43,39,1,25.02594,121.50651,3
500113008,20231112,724,43,39,1,25.02594,121.50651,3
500113008,20231112,725,43,39,1,25.02594,121.50651,3
500113008,20231112,726,43,39,1,25.02594,121.50651,3
500113008,20231112,727,43,39,1,25.02594,121.50651,3
500113008,20231112,728,43,39,1,25.02594,121.50651,3
500113008,20231112,729,43,39,1,25.02594,121.50651,3
500113008,20231112,730,43,39,1,25.02594,121.50651,3
500113008,20231112,731,43,39,1,25.02594,121.50651,3
500113008,20231112,732,43,40,1,25.02594,121.50651,2
500113008,20231112,733,43,40,1,25.02594,121.50651,2
500113008,20231112,734,43,40,1,25.02594,121.50651,2
500113008,20231112,735,43,41,1,25.02594,121.50651,1
500113008,20231112,736,43,41,1,25.02594,121.50651,1
500113008,20231112,737,43,41,1,25.02594,121.50651,1
500113008,20231112,738,43,41,1,25.02594,121.50651,1
500113008,20231112,739,43,41,1,25.02594,121.50651,1
500113008,20231112,741,43,41,1,25.02594,121.50651,1
500113008,20231112,742,43,41,1,25.02594,121.50651,1
500113008,20231112,743,43,41,1,25.02594,121.50651,1
500113008,20231112,744,43,41,1,25.02594,121.50651,1
500113008,20231112,745,43,41,1,25.02594,121.50651,1
500113008,20231112,746,43,41,1,25.02594,121.50651,1
500113008,20231112,748,43,41,1,25.02594,121.50651,1
500113008,20231112,749,43,41,1,25.02594,121.50651,1
500113008,20231112,751,43,41,1,25.02594,121.50651,1
500113008,20231112,752,43,41,1,25.02594,121.50651,1
500113008,20231112,753,43,41,1,25.02594,121.50651,1
500113008,20231112,754,43,41,1,25.02594,121.50651,1
500113008,20231112,755,43,41,1,25.02594,121.50651,1
500113008,20231112,756,43,41,1,25.02594,121.50651,1
500113008,20231112,757,43,41,1,25.02594,121.50651,1
500113008,20231112,758,43,41,1,25.02594,121.50651,1
500113008,20231112,759,43,41,1,25.02594,121.50651,1
500113008,20231112,761,43,41,1,25.02594,121.50651,1
500113008,20231112,762,43,41,1,25.02594,121.50651,1
500113008,20231112,763,43,40,1,25.02594,121.50651,2
500113008,20231112,764,43,40,1,25.02594,121.50651,2
500113008,20231112,765,43,40,1,25.02594,121.50651,2
500113008,20231112,766,43,40,1,25.02594,121.50651,2
500113008,20231112,767,43,40,1,25.02594,121.50651,2
500113008,20231112,768,43,41,1,25.02594,121.50651,1
500113008,20231112,769,43,40,1,25.02594,121.50651,2
500113008,20231112,771,43,41,1,25.02594,121.50651,1
500113008,20231112,772,43,40,1,25.02594,121.50651,2
500113008,20231112,773,43,40,1,25.02594,121.50651,2
500113008,20231112,774,43,40,1,25.02594,121.50651,2
500113008,20231112,775,43,40,1,25.02594,121.50651,2
500113008,20231112,776,43,40,1,25.02594,121.50651,2
500113008,20231112,777,43,37,1,25.02594,121.50651,5
500113008,20231112,778,43,37,1,25.02594,121.50651,5
500113008,20231112,779,43,38,1,25.02594,121.50651,4
500113008,20231112,781,43,39,1,25.02594,121.50651,3
500113008,20231112,782,43,36,1,25.02594,121.50651,6
500113008,20231112,783,43,35,1,25.02594,121.50651,7
500113008,20231112,784,43,35,1,25.02594,121.50651,7
500113008,20231112,785,43,35,1,25.02594,121.50651,7
500113008,20231112,786,43,35,1,25.02594,121.50651,7
500113008,20231112,787,43,33,1,25.02594,121.50651,9
500113008,20231112,788,43,33,1,25.02594,121.50651,9
500113008,20231112,789,43,34,1,25.02594,121.50651,8
500113008,20231112,791,43,35,1,25.02594,121.50651,7
500113008,20231112,792,43,34,1,25.02594,121.50651,8
500113008,20231112,793,43,34,1,25.02594,121.50651,8
500113008,20231112,794,43,34,1,25.02594,121.50651,8
500113008,20231112,795,43,35,1,25.02594,121.50651,7
500113008,20231112,796,43,38,1,25.02594,121.50651,4
500113008,20231112,797,43,38,1,25.02594,121.50651,4
500113008,20231112,798,43,38,1,25.02594,121.50651,4
500113008,20231112,799,43,38,1,25.02594,121.50651,4
500113008,20231112,801,43,37,1,25.02594,121.50651,5
500113008,20231112,802,43,37,1,25.02594,121.50651,5
500113008,20231112,803,43,37,1,25.02594,121.50651,5
500113008,20231112,804,43,37,1,25.02594,121.50651,5
500113008,20231112,805,43,38,1,25.02594,121.50651,4
500113008,20231112,806,43,39,1,25.02594,121.50651,3
500113008,20231112,807,43,39,1,25.02594,121.50651,3
500113008,20231112,808,43,40,1,25.02594,121.50651,2
500113008,20231112,809,43,38,1,25.02594,121.50651,4
500113008,20231112,811,43,38,1,25.02594,121.50651,4
500113008,20231112,812,43,38,1,25.02594,121.50651,4
500113008,20231112,813,43,38,1,25.02594,121.50651,4
500113008,20231112,814,43,38,1,25.02594,121.50651,4
500113008,20231112,815,43,36,1,25.02594,121.50651,6
500113008,20231112,816,43,36,1,25.02594,121.50651,6
500113008,20231112,817,43,36,1,25.02594,121.50651,6
500113008,20231112,818,43,36,1,25.02594,121.50651,6
500113008,20231112,819,43,37,1,25.02594,121.50651,5
500113008,20231112,821,43,37,1,25.02594,121.50651,5
500113008,20231112,822,43,37,1,25.02594,121.50651,6
500113008,20231112,823,43,38,1,25.02594,121.50651,5
500113008,20231112,824,43,36,1,25.02594,121.50651,7
500113008,20231112,825,43,36,1,25.02594,121.50651,7
500113008,20231112,826,43,36,1,25.02594,121.50651,7
500113008,20231112,827,43,36,1,25.02594,121.50651,7
500113008,20231112,828,43,36,1,25.02594,121.50651,7
500113008,20231112,829,43,36,1,25.02594,121.50651,7
500113008,20231112,831,43,35,1,25.02594,121.50651,8
500113008,20231112,832,43,37,1,25.02594,121.50651,6
500113008,20231112,833,43,37,1,25.02594,121.50651,6
500113008,20231112,834,43,38,1,25.02594,121.50651,5
500113008,20231112,835,43,38,1,25.02594,121.50651,5
500113008,20231112,836,43,39,1,25.02594,121.50651,4
500113008,20231112,837,43,39,1,25.02594,121.50651,4
500113008,20231112,838,43,39,1,25.02594,121.50651,4
500113008,20231112,839,43,39,1,25.02594,121.50651,4
500113008,20231112,841,43,39,1,25.02594,121.50651,4
500113008,20231112,842,43,39,1,25.02594,121.50651,4
500113008,20231112,843,43,40,1,25.02594,121.50651,3
500113008,20231112,844,43,40,1,25.02594,121.50651,3
500113008,20231112,845,43,40,1,25.02594,121.50651,3
500113008,20231112,846,43,40,1,25.02594,121.50651,3
500113008,20231112,847,43,40,1,25.02594,121.50651,3
500113008,20231112,848,43,40,1,25.02594,121.50651,3
500113008,20231112,849,43,40,1,25.02594,121.50651,3
500113008,20231112,851,43,40,1,25.02594,121.50651,3
500113008,20231112,852,43,40,1,25.02594,121.50651,3
500113008,20231112,853,43,40,1,25.02594,121.50651,3
500113008,20231112,854,43,40,1,25.02594,121.50651,3
500113008,20231112,855,43,40,1,25.02594,121.50651,3
500113008,20231112,856,43,40,1,25.02594,121.50651,3
500113008,20231112,857,43,40,1,25.02594,121.50651,3
500113008,20231112,858,43,40,1,25.02594,121.50651,3
500113008,20231112,859,43,41,1,25.02594,121.50651,2
500113008,20231112,861,43,41,1,25.02594,121.50651,2
500113008,20231112,862,43,41,1,25.02594,121.50651,2
500113008,20231112,863,43,40,1,25.02594,121.50651,3
500113008,20231112,864,43,39,1,25.02594,121.50651,4
500113008,20231112,865,43,39,1,25.02594,121.50651,4
500113008,20231112,866,43,38,1,25.02594,121.50651,5
500113008,20231112,867,43,36,1,25.02594,121.50651,7
500113008,20231112,868,43,36,1,25.02594,121.50651,7
500113008,20231112,869,43,36,1,25.02594,121.50651,7
500113008,20231112,871,43,36,1,25.02594,121.50651,7
500113008,20231112,872,43,36,1,25.02594,121.50651,7
500113008,20231112,873,43,36,1,25.02594,121.50651,7
500113008,20231112,874,43,36,1,25.02594,121.50651,7
500113008,20231112,875,43,36,1,25.02594,121.50651,7
500113008,20231112,876,43,36,1,25.02594,121.50651,7
500113008,20231112,877,43,36,1,25.02594,121.50651,7
500113008,20231112,878,43,36,1,25.02594,121.50651,7
500113008,20231112,879,43,37,1,25.02594,121.50651,6
500113008,20231112,880,43,37,1,25.02594,121.50651,6
500113008,20231112,881,43,37,1,25.02594,121.50651,6
500113008,20231112,882,43,37,1,25.02594,121.50651,6
500113008,20231112,883,43,37,1,25.02594,121.50651,6
500113008,20231112,884,43,36,1,25.02594,121.50651,7
500113008,20231112,885,43,35,1,25.02594,121.50651,8
500113008,20231112,886,43,35,1,25.02594,121.50651,8
500113008,20231112,887,43,35,1,25.02594,121.50651,8
500113008,20231112,888,43,35,1,25.02594,121.50651,8
500113008,20231112,889,43,35,1,25.02594,121.50651,8
500113008,20231112,890,43,35,1,25.02594,121.50651,8
500113008,20231112,891,43,35,1,25.02594,121.50651,8
500113008,20231112,892,43,35,1,25.02594,121.50651,8
500113008,20231112,893,43,36,1,25.02594,121.50651,7
500113008,20231112,894,43,36,1,25.02594,121.50651,7
500113008,20231112,895,43,36,1,25.02594,121.50651,7
500113008,20231112,896,43,38,1,25.02594,121.50651,5
500113008,20231112,897,43,38,1,25.02594,121.50651,5
500113008,20231112,898,43,38,1,25.02594,121.50651,5
500113008,20231112,899,43,39,1,25.02594,121.50651,4
500113008,20231112,901,43,38,1,25.02594,121.50651,5
500113008,20231112,902,43,38,1,25.02594,121.50651,5
500113008,20231112,903,43,38,1,25.02594,121.50651,5
500113008,20231112,904,43,38,1,25.02594,121.50651,5
500113008,20231112,905,43,38,1,25.02594,121.50651,5
500113008,20231112,906,43,38,1,25.02594,121.50651,5
500113008,20231112,907,43,38,1,25.02594,121.50651,5
500113008,20231112,908,43,38,1,25.02594,121.50651,5
500113008,20231112,909,43,38,1,25.02594,121.50651,5
500113008,20231112,910,43,38,1,25.02594,121.50651,5
500113008,20231112,911,43,38,1,25.02594,121.50651,5
500113008,20231112,912,43,36,1,25.02594,121.50651,7
500113008,20231112,913,43,36,1,25.02594,121.50651,7
500113008,20231112,914,43,35,1,25.02594,121.50651,8
500113008,20231112,915,43,34,1,25.02594,121.50651,9
500113008,20231112,916,43,34,1,25.02594,121.50651,9
500113008,20231112,917,43,34,1,25.02594,121.50651,9
500113008,20231112,918,43,34,1,25.02594,121.50651,9
500113008,20231112,919,43,34,1,25.02594,121.50651,9
500113008,20231112,921,43,34,1,25.02594,121.50651,9
500113008,20231112,922,43,34,1,25.02594,121.50651,9
500113008,20231112,923,43,33,1,25.02594,121.50651,10
500113008,20231112,924,43,33,1,25.02594,121.50651,10
500113008,20231112,925,43,33,1,25.02594,121.50651,10
500113008,20231112,926,43,32,1,25.02594,121.50651,11
500113008,20231112,927,43,32,1,25.02594,121.50651,11
500113008,20231112,928,43,32,1,25.02594,121.50651,11
500113008,20231112,929,43,32,1,25.02594,121.50651,11
500113008,20231112,931,43,33,1,25.02594,121.50651,10
500113008,20231112,932,43,33,1,25.02594,121.50651,10
500113008,20231112,933,43,33,1,25.02594,121.50651,10
500113008,20231112,934,43,33,1,25.02594,121.50651,10
500113008,20231112,935,43,34,1,25.02594,121.50651,9
500113008,20231112,936,43,34,1,25.02594,121.50651,9
500113008,20231112,937,43,35,1,25.02594,121.50651,8
500113008,20231112,938,43,34,1,25.02594,121.50651,9
500113008,20231112,939,43,33,1,25.02594,121.50651,10
500113008,20231112,940,43,32,1,25.02594,121.50651,11
500113008,20231112,941,43,32,1,25.02594,121.50651,11
500113008,20231112,942,43,32,1,25.02594,121.50651,11
500113008,20231112,943,43,32,1,25.02594,121.50651,11
500113008,20231112,944,43,32,1,25.02594,121.50651,11
500113008,20231112,945,43,32,1,25.02594,121.50651,11
500113008,20231112,946,43,32,1,25.02594,121.50651,11
500113008,20231112,947,43,32,1,25.02594,121.50651,11
500113008,20231112,948,43,32,1,25.02594,121.50651,11
500113008,20231112,949,43,32,1,25.02594,121.50651,11
500113008,20231112,950,43,32,1,25.02594,121.50651,11
500113008,20231112,951,43,32,1,25.02594,121.50651,11
500113008,20231112,952,43,32,1,25.02594,121.50651,11
500113008,20231112,953,43,32,1,25.02594,121.50651,11
500113008,20231112,954,43,32,1,25.02594,121.50651,11
500113008,20231112,955,43,32,1,25.02594,121.50651,11
500113008,20231112,956,43,32,1,25.02594,121.50651,11
500113008,20231112,957,43,32,1,25.02594,121.50651,11
500113008,20231112,958,43,32,1,25.02594,121.50651,11
500113008,20231112,959,43,32,1,25.02594,121.50651,11
500113008,20231112,961,43,32,1,25.02594,121.50651,11
500113008,20231112,962,43,32,1,25.02594,121.50651,11
500113008,20231112,963,43,31,1,25.02594,121.50651,12
500113008,20231112,964,43,31,1,25.02594,121.50651,12
500113008,20231112,965,43,31,1,25.02594,121.50651,12
500113008,20231112,966,43,31,1,25.02594,121.50651,12
500113008,20231112,967,43,31,1,25.02594,121.50651,12
500113008,20231112,968,43,31,1,25.02594,121.50651,12
500113008,20231112,969,43,31,1,25.02594,121.50651,12
500113008,20231112,970,43,31,1,25.02594,121.50651,12
500113008,20231112,971,43,31,1,25.02594,121.50651,12
500113008,20231112,972,43,32,1,25.02594,121.50651,11
500113008,20231112,973,43,32,1,25.02594,121.50651,11
500113008,20231112,974,43,32,1,25.02594,121.50651,11
500113008,20231112,975,43,32,1,25.02594,121.50651,11
500113008,20231112,976,43,33,1,25.02594,121.50651,10
500113008,20231112,977,43,33,1,25.02594,121.50651,10
500113008,20231112,978,43,33,1,25.02594,121.50651,10
500113008,20231112,979,43,33,1,25.02594,121.50651,10
500113008,20231112,981,43,34,1,25.02594,121.50651,9
500113008,20231112,982,43,34,1,25.02594,121.50651,9
500113008,20231112,983,43,34,1,25.02594,121.50651,9
500113008,20231112,984,43,34,1,25.02594,121.50651,9
500113008,20231112,985,43,34,1,25.02594,121.50651,9
500113008,20231112,986,43,34,1,25.02594,121.50651,9
500113008,20231112,987,43,33,1,25.02594,121.50651,10
500113008,20231112,988,43,32,1,25.02594,121.50651,11
500113008,20231112,989,43,32,1,25.02594,121.50651,11
500113008,20231112,991,43,32,1,25.02594,121.50651,11
500113008,20231112,992,43,32,1,25.02594,121.50651,11
500113008,20231112,993,43,32,1,25.02594,121.50651,11
500113008,20231112,994,43,32,1,25.02594,121.50651,11
500113008,20231112,995,43,32,1,25.02594,121.50651,11
500113008,20231112,996,43,32,1,25.02594,121.50651,11
500113008,20231112,997,43,32,1,25.02594,121.50651,11
500113008,20231112,998,43,33,1,25.02594,121.50651,10
500113008,20231112,999,43,33,1,25.02594,121.50651,10
500113008,20231112,1000,43,32,1,25.02594,121.50651,11
500113008,20231112,1001,43,32,1,25.02594,121.50651,11
500113008,20231112,1003,43,32,1,25.02594,121.50651,11
500113008,20231112,1004,43,32,1,25.02594,121.50651,11
500113008,20231112,1005,43,32,1,25.02594,121.50651,11
500113008,20231112,1006,43,31,1,25.02594,121.50651,12
500113008,20231112,1007,43,31,1,25.02594,121.50651,12
500113008,20231112,1008,43,29,1,25.02594,121.50651,14
500113008,20231112,1009,43,30,1,25.02594,121.50651,13
500113008,20231112,1011,43,30,1,25.02594,121.50651,13
500113008,20231112,1012,43,30,1,25.02594,121.50651,13
500113008,20231112,1013,43,29,1,25.02594,121.50651,14
500113008,20231112,1014,43,29,1,25.02594,121.50651,14
500113008,20231112,1015,43,29,1,25.02594,121.50651,14
500113008,20231112,1016,43,29,1,25.02594,121.50651,14
500113008,20231112,1017,43,29,1,25.02594,121.50651,14
500113008,20231112,1018,43,29,1,25.02594,121.50651,14
500113008,20231112,1019,43,29,1,25.02594,121.50651,14
500113008,20231112,1021,43,30,1,25.02594,121.50651,13
500113008,20231112,1022,43,30,1,25.02594,121.50651,13
500113008,20231112,1023,43,30,1,25.02594,121.50651,13
500113008,20231112,1024,43,30,1,25.02594,121.50651,13
500113008,20231112,1025,43,30,1,25.02594,121.50651,13
500113008,20231112,1026,43,30,1,25.02594,121.50651,13
500113008,20231112,1027,43,30,1,25.02594,121.50651,13
500113008,20231112,1028,43,31,1,25.02594,121.50651,12
500113008,20231112,1029,43,31,1,25.02594,121.50651,12
500113008,20231112,1031,43,32,1,25.02594,121.50651,11
500113008,20231112,1032,43,32,1,25.02594,121.50651,11
500113008,20231112,1033,43,32,1,25.02594,121.50651,11
500113008,20231112,1034,43,32,1,25.02594,121.50651,11
500113008,20231112,1035,43,30,1,25.02594,121.50651,13
500113008,20231112,1036,43,30,1,25.02594,121.50651,13
500113008,20231112,1037,43,30,1,25.02594,121.50651,13
500113008,20231112,1038,43,30,1,25.02594,121.50651,13
500113008,20231112,1039,43,28,1,25.02594,121.50651,15
500113008,20231112,1041,43,28,1,25.02594,121.50651,15
500113008,20231112,1042,43,29,1,25.02594,121.50651,14
500113008,20231112,1043,43,30,1,25.02594,121.50651,13
500113008,20231112,1044,43,30,1,25.02594,121.50651,13
500113008,20231112,1045,43,30,1,25.02594,121.50651,13
500113008,20231112,1046,43,30,1,25.02594,121.50651,13
500113008,20231112,1047,43,31,1,25.02594,121.50651,12
500113008,20231112,1048,43,32,1,25.02594,121.50651,11
500113008,20231112,1049,43,33,1,25.02594,121.50651,10
500113008,20231112,1051,43,34,1,25.02594,121.50651,9
500113008,20231112,1052,43,35,1,25.02594,121.50651,8
500113008,20231112,1053,43,35,1,25.02594,121.50651,8
500113008,20231112,1054,43,35,1,25.02594,121.50651,8
500113008,20231112,1055,43,35,1,25.02594,121.50651,8
500113008,20231112,1056,43,35,1,25.02594,121.50651,8
500113008,20231112,1057,43,35,1,25.02594,121.50651,8
500113008,20231112,1058,43,35,1,25.02594,121.50651,8
500113008,20231112,1059,43,35,1,25.02594,121.50651,8
500113008,20231112,1061,43,35,1,25.02594,121.50651,8
500113008,20231112,1062,43,34,1,25.02594,121.50651,9
500113008,20231112,1063,43,33,1,25.02594,121.50651,10
500113008,20231112,1064,43,33,1,25.02594,121.50651,10
500113008,20231112,1065,43,33,1,25.02594,121.50651,10
500113008,20231112,1066,43,33,1,25.02594,121.50651,10
500113008,20231112,1067,43,32,1,25.02594,121.50651,11
500113008,20231112,1068,43,32,1,25.02594,121.50651,11
500113008,20231112,1069,43,32,1,25.02594,121.50651,11
500113008,20231112,1071,43,31,1,25.02594,121.50651,12
500113008,20231112,1072,43,30,1,25.02594,121.50651,13
500113008,20231112,1073,43,30,1,25.02594,121.50651,13
500113008,20231112,1074,43,30,1,25.02594,121.50651,13
500113008,20231112,1075,43,30,1,25.02594,121.50651,13
500113008,20231112,1076,43,30,1,25.02594,121.50651,13
500113008,20231112,1077,43,29,1,25.02594,121.50651,14
500113008,20231112,1078,43,28,1,25.02594,121.50651,15
500113008,20231112,1079,43,28,1,25.02594,121.50651,15
500113008,20231112,1081,43,28,1,25.02594,121.50651,15
500113008,20231112,1082,43,29,1,25.02594,121.50651,14
500113008,20231112,1083,43,29,1,25.02594,121.50651,14
500113008,20231112,1084,43,29,1,25.02594,121.50651,14
500113008,20231112,1085,43,28,1,25.02594,121.50651,15
500113008,20231112,1086,43,28,1,25.02594,121.50651,15
500113008,20231112,1087,43,28,1,25.02594,121.50651,15
500113008,20231112,1088,43,28,1,25.02594,121.50651,15
500113008,20231112,1089,43,28,1,25.02594,121.50651,15
500113008,20231112,1091,43,28,1,25.02594,121.50651,15
500113008,20231112,1092,43,28,1,25.02594,121.50651,15
500113008,20231112,1093,43,28,1,25.02594,121.50651,15
500113008,20231112,1094,43,27,1,25.02594,121.50651,16
500113008,20231112,1095,43,27,1,25.02594,121.50651,16
500113008,20231112,1096,43,27,1,25.02594,121.50651,16
500113008,20231112,1097,43,27,1,25.02594,121.50651,16
500113008,20231112,1098,43,27,1,25.02594,121.50651,16
500113008,20231112,1099,43,27,1,25.02594,121.50651,16
500113008,20231112,1101,43,28,1,25.02594,121.50651,15
500113008,20231112,1102,43,28,1,25.02594,121.50651,15
500113008,20231112,1103,43,28,1,25.02594,121.50651,15
500113008,20231112,1104,43,28,1,25.02594,121.50651,15
500113008,20231112,1105,43,28,1,25.02594,121.50651,15
500113008,20231112,1106,43,29,1,25.02594,121.50651,14
500113008,20231112,1107,43,27,1,25.02594,121.50651,16
500113008,20231112,1108,43,27,1,25.02594,121.50651,16
500113008,20231112,1109,43,27,1,25.02594,121.50651,16
500113008,20231112,1111,43,28,1,25.02594,121.50651,15
500113008,20231112,1112,43,28,1,25.02594,121.50651,15
500113008,20231112,1113,43,28,1,25.02594,121.50651,15
500113008,20231112,1114,43,28,1,25.02594,121.50651,15
500113008,20231112,1115,43,28,1,25.02594,121.50651,15
500113008,20231112,1116,43,29,1,25.02594,121.50651,14
500113008,20231112,1117,43,29,1,25.02594,121.50651,14
500113008,20231112,1118,43,28,1,25.02594,121.50651,15
500113008,20231112,1119,43,28,1,25.02594,121.50651,15
500113008,20231112,1120,43,28,1,25.02594,121.50651,15
500113008,20231112,1121,43,28,1,25.02594,121.50651,15
500113008,20231112,1122,43,28,1,25.02594,121.50651,15
500113008,20231112,1123,43,28,1,25.02594,121.50651,15
500113008,20231112,1124,43,28,1,25.02594,121.50651,15
500113008,20231112,1125,43,28,1,25.02594,121.50651,15
500113008,20231112,1126,43,28,1,25.02594,121.50651,15
500113008,20231112,1127,43,28,1,25.02594,121.50651,15
500113008,20231112,1128,43,29,1,25.02594,121.50651,14
500113008,20231112,1129,43,29,1,25.02594,121.50651,14
500113008,20231112,1130,43,29,1,25.02594,121.50651,14
500113008,20231112,1131,43,29,1,25.02594,121.50651,14
500113008,20231112,1132,43,29,1,25.02594,121.50651,14
500113008,20231112,1133,43,29,1,25.02594,121.50651,14
500113008,20231112,1134,43,29,1,25.02594,121.50651,14
500113008,20231112,1135,43,29,1,25.02594,121.50651,14
500113008,20231112,1136,43,29,1,25.02594,121.50651,14
500113008,20231112,1137,43,29,1,25.02594,121.50651,14
500113008,20231112,1138,43,29,1,25.02594,121.50651,14
500113008,20231112,1139,43,29,1,25.02594,121.50651,14
500113008,20231112,1141,43,29,1,25.02594,121.50651,14
500113008,20231112,1142,43,29,1,25.02594,121.50651,14
500113008,20231112,1143,43,28,1,25.02594,121.50651,15
500113008,20231112,1144,43,28,1,25.02594,121.50651,15
500113008,20231112,1145,43,28,1,25.02594,121.50651,15
500113008,20231112,1146,43,27,1,25.02594,121.50651,16
500113008,20231112,1147,43,27,1,25.02594,121.50651,16
500113008,20231112,1148,43,28,1,25.02594,121.50651,15
500113008,20231112,1149,43,28,1,25.02594,121.50651,15
500113008,20231112,1150,43,29,1,25.02594,121.50651,14
500113008,20231112,1151,43,29,1,25.02594,121.50651,14
500113008,20231112,1152,43,29,1,25.02594,121.50651,14
500113008,20231112,1153,43,29,1,25.02594,121.50651,14
500113008,20231112,1154,43,29,1,25.02594,121.50651,14
500113008,20231112,1155,43,29,1,25.02594,121.50651,14
500113008,20231112,1156,43,29,1,25.02594,121.50651,14
500113008,20231112,1157,43,29,1,25.02594,121.50651,14
500113008,20231112,1158,43,29,1,25.02594,121.50651,14
500113008,20231112,1159,43,29,1,25.02594,121.50651,14
500113008,20231112,1161,43,29,1,25.02594,121.50651,14
500113008,20231112,1162,43,29,1,25.02594,121.50651,14
500113008,20231112,1163,43,29,1,25.02594,121.50651,14
500113008,20231112,1164,43,29,1,25.02594,121.50651,14
500113008,20231112,1165,43,28,1,25.02594,121.50651,15
500113008,20231112,1166,43,28,1,25.02594,121.50651,15
500113008,20231112,1167,43,28,1,25.02594,121.50651,15
500113008,20231112,1168,43,28,1,25.02594,121.50651,15
500113008,20231112,1169,43,28,1,25.02594,121.50651,15
500113008,20231112,1170,43,28,1,25.02594,121.50651,15
500113008,20231112,1171,43,28,1,25.02594,121.50651,15
500113008,20231112,1172,43,28,1,25.02594,121.50651,15
500113008,20231112,1173,43,28,1,25.02594,121.50651,15
500113008,20231112,1174,43,30,1,25.02594,121.50651,13
500113008,20231112,1175,43,30,1,25.02594,121.50651,13
500113008,20231112,1176,43,30,1,25.02594,121.50651,13
500113008,20231112,1177,43,30,1,25.02594,121.50651,13
500113008,20231112,1178,43,30,1,25.02594,121.50651,13
500113008,20231112,1179,43,30,1,25.02594,121.50651,13
500113008,20231112,1180,43,30,1,25.02594,121.50651,13
500113008,20231112,1181,43,30,1,25.02594,121.50651,13
500113008,20231112,1182,43,30,1,25.02594,121.50651,13
500113008,20231112,1183,43,30,1,25.02594,121.50651,13
500113008,20231112,1184,43,30,1,25.02594,121.50651,13
500113008,20231112,1185,43,29,1,25.02594,121.50651,14
500113008,20231112,1186,43,29,1,25.02594,121.50651,14
500113008,20231112,1187,43,29,1,25.02594,121.50651,14
500113008,20231112,1188,43,29,1,25.02594,121.50651,14
500113008,20231112,1189,43,29,1,25.02594,121.50651,14
500113008,20231112,1190,43,29,1,25.02594,121.50651,14
500113008,20231112,1191,43,29,1,25.02594,121.50651,14
500113008,20231112,1192,43,29,1,25.02594,121.50651,14
500113008,20231112,1193,43,29,1,25.02594,121.50651,14
500113008,20231112,1194,43,29,1,25.02594,121.50651,14
500113008,20231112,1195,43,29,1,25.02594,121.50651,14
500113008,20231112,1196,43,28,1,25.02594,121.50651,15
500113008,20231112,1197,43,28,1,25.02594,121.50651,15
500113008,20231112,1198,43,28,1,25.02594,121.50651,15
500113008,20231112,1199,43,28,1,25.02594,121.50651,15
500113008,20231112,1201,43,28,1,25.02594,121.50651,15
500113008,20231112,1202,43,28,1,25.02594,121.50651,15
500113008,20231112,1203,43,28,1,25.02594,121.50651,15
500113008,20231112,1204,43,28,1,25.02594,121.50651,15
500113008,20231112,1205,43,28,1,25.02594,121.50651,15
500113008,20231112,1206,43,28,1,25.02594,121.50651,15
500113008,20231112,1207,43,28,1,25.02594,121.50651,15
500113008,20231112,1208,43,28,1,25.02594,121.50651,15
500113008,20231112,1209,43,28,1,25.02594,121.50651,15
500113008,20231112,1210,43,28,1,25.02594,121.50651,15
500113008,20231112,1211,43,28,1,25.02594,121.50651,15
500113008,20231112,1212,43,28,1,25.02594,121.50651,15
500113008,20231112,1213,43,28,1,25.02594,121.50651,15
500113008,20231112,1214,43,28,1,25.02594,121.50651,15
500113008,20231112,1215,43,28,1,25.02594,121.50651,15
500113008,20231112,1216,43,28,1,25.02594,121.50651,15
500113008,20231112,1217,43,28,1,25.02594,121.50651,15
500113008,20231112,1218,43,28,1,25.02594,121.50651,15
500113008,20231112,1219,43,28,1,25.02594,121.50651,15
500113008,20231112,1221,43,28,1,25.02594,121.50651,15
500113008,20231112,1222,43,28,1,25.02594,121.50651,15
500113008,20231112,1223,43,28,1,25.02594,121.50651,15
500113008,20231112,1224,43,28,1,25.02594,121.50651,15
500113008,20231112,1225,43,28,1,25.02594,121.50651,15
500113008,20231112,1226,43,28,1,25.02594,121.50651,15
500113008,20231112,1227,43,27,1,25.02594,121.50651,16
500113008,20231112,1228,43,27,1,25.02594,121.50651,16
500113008,20231112,1229,43,27,1,25.02594,121.50651,16
500113008,20231112,1230,43,27,1,25.02594,121.50651,16
500113008,20231112,1231,43,28,1,25.02594,121.50651,15
500113008,20231112,1232,43,28,1,25.02594,121.50651,15
500113008,20231112,1233,43,28,1,25.02594,121.50651,15
500113008,20231112,1234,43,28,1,25.02594,121.50651,15
500113008,20231112,1235,43,28,1,25.02594,121.50651,15
500113008,20231112,1236,43,28,1,25.02594,121.50651,15
500113008,20231112,1237,43,28,1,25.02594,121.50651,15
500113008,20231112,1238,43,28,1,25.02594,121.50651,15
500113008,20231112,1239,43,28,1,25.02594,121.50651,15
500113008,20231112,1240,43,28,1,25.02594,121.50651,15
500113008,20231112,1241,43,28,1,25.02594,121.50651,15
500113008,20231112,1242,43,29,1,25.02594,121.50651,14
500113008,20231112,1243,43,29,1,25.02594,121.50651,14
500113008,20231112,1244,43,29,1,25.02594,121.50651,14
500113008,20231112,1245,43,29,1,25.02594,121.50651,14
500113008,20231112,1246,43,29,1,25.02594,121.50651,14
500113008,20231112,1247,43,29,1,25.02594,121.50651,14
500113008,20231112,1248,43,29,1,25.02594,121.50651,14
500113008,20231112,1249,43,29,1,25.02594,121.50651,14
500113008,20231112,1250,43,29,1,25.02594,121.50651,14
500113008,20231112,1251,43,29,1,25.02594,121.50651,14
500113008,20231112,1252,43,29,1,25.02594,121.50651,14
500113008,20231112,1253,43,29,1,25.02594,121.50651,14
500113008,20231112,1254,43,29,1,25.02594,121.50651,14
500113008,20231112,1255,43,29,1,25.02594,121.50651,14
500113008,20231112,1256,43,28,1,25.02594,121.50651,15
500113008,20231112,1257,43,28,1,25.02594,121.50651,15
500113008,20231112,1258,43,28,1,25.02594,121.50651,15
500113008,20231112,1259,43,28,1,25.02594,121.50651,15
500113008,20231112,1261,43,28,1,25.02594,121.50651,15
500113008,20231112,1263,43,29,1,25.02594,121.50651,14
500113008,20231112,1264,43,29,1,25.02594,121.50651,14
500113008,20231112,1265,43,29,1,25.02594,121.50651,14
500113008,20231112,1266,43,29,1,25.02594,121.50651,14
500113008,20231112,1267,43,29,1,25.02594,121.50651,14
500113008,20231112,1268,43,29,1,25.02594,121.50651,14
500113008,20231112,1269,43,29,1,25.02594,121.50651,14
500113008,20231112,1270,43,29,1,25.02594,121.50651,14
500113008,20231112,1272,43,29,1,25.02594,121.50651,14
500113008,20231112,1273,43,29,1,25.02594,121.50651,14
500113008,20231112,1274,43,29,1,25.02594,121.50651,14
500113008,20231112,1275,43,29,1,25.02594,121.50651,14
500113008,20231112,1276,43,29,1,25.02594,121.50651,14
500113008,20231112,1277,43,29,1,25.02594,121.50651,14
500113008,20231112,1278,43,29,1,25.02594,121.50651,14
500113008,20231112,1279,43,29,1,25.02594,121.50651,14
500113008,20231112,1281,43,29,1,25.02594,121.50651,14
500113008,20231112,1282,43,29,1,25.02594,121.50651,14
500113008,20231112,1283,43,29,1,25.02594,121.50651,14
500113008,20231112,1284,43,29,1,25.02594,121.50651,14
500113008,20231112,1285,43,29,1,25.02594,121.50651,14
500113008,20231112,1286,43,29,1,25.02594,121.50651,14
500113008,20231112,1287,43,29,1,25.02594,121.50651,14
500113008,20231112,1288,43,29,1,25.02594,121.50651,14
500113008,20231112,1289,43,29,1,25.02594,121.50651,14
500113008,20231112,1291,43,29,1,25.02594,121.50651,14
500113008,20231112,1292,43,28,1,25.02594,121.50651,15
500113008,20231112,1293,43,28,1,25.02594,121.50651,15
500113008,20231112,1294,43,28,1,25.02594,121.50651,15
500113008,20231112,1295,43,28,1,25.02594,121.50651,15
500113008,20231112,1296,43,28,1,25.02594,121.50651,15
500113008,20231112,1297,43,28,1,25.02594,121.50651,15
500113008,20231112,1298,43,28,1,25.02594,121.50651,15
500113008,20231112,1299,43,28,1,25.02594,121.50651,15
500113008,20231112,1301,43,28,1,25.02594,121.50651,15
500113008,20231112,1302,43,28,1,25.02594,121.50651,15
500113008,20231112,1303,43,28,1,25.02594,121.50651,15
500113008,20231112,1304,43,28,1,25.02594,121.50651,15
500113008,20231112,1305,43,28,1,25.02594,121.50651,15
500113008,20231112,1306,43,28,1,25.02594,121.50651,15
500113008,20231112,1307,43,28,1,25.02594,121.50651,15
500113008,20231112,1308,43,28,1,25.02594,121.50651,15
500113008,20231112,1309,43,28,1,25.02594,121.50651,15
500113008,20231112,1311,43,28,1,25.02594,121.50651,15
500113008,20231112,1312,43,28,1,25.02594,121.50651,15
500113008,20231112,1313,43,28,1,25.02594,121.50651,15
500113008,20231112,1314,43,28,1,25.02594,121.50651,15
500113008,20231112,1315,43,28,1,25.02594,121.50651,15
500113008,20231112,1316,43,28,1,25.02594,121.50651,15
500113008,20231112,1317,43,28,1,25.02594,121.50651,15
500113008,20231112,1318,43,28,1,25.02594,121.50651,15
500113008,20231112,1319,43,28,1,25.02594,121.50651,15
500113008,20231112,1321,43,28,1,25.02594,121.50651,15
500113008,20231112,1322,43,28,1,25.02594,121.50651,15
500113008,20231112,1323,43,28,1,25.02594,121.50651,15
500113008,20231112,1324,43,28,1,25.02594,121.50651,15
500113008,20231112,1325,43,28,1,25.02594,121.50651,15
500113008,20231112,1326,43,28,1,25.02594,121.50651,15
500113008,20231112,1327,43,28,1,25.02594,121.50651,15
500113008,20231112,1328,43,28,1,25.02594,121.50651,15
500113008,20231112,1329,43,29,1,25.02594,121.50651,14
500113008,20231112,1331,43,29,1,25.02594,121.50651,14
500113008,20231112,1332,43,29,1,25.02594,121.50651,14
500113008,20231112,1333,43,29,1,25.02594,121.50651,14
500113008,20231112,1334,43,29,1,25.02594,121.50651,14
500113008,20231112,1335,43,29,1,25.02594,121.50651,14
500113008,20231112,1336,43,29,1,25.02594,121.50651,14
500113008,20231112,1337,43,29,1,25.02594,121.50651,14
500113008,20231112,1338,43,29,1,25.02594,121.50651,14
500113008,20231112,1339,43,29,1,25.02594,121.50651,14
500113008,20231112,1341,43,29,1,25.02594,121.50651,14
500113008,20231112,1342,43,29,1,25.02594,121.50651,14
500113008,20231112,1343,43,29,1,25.02594,121.50651,14
500113008,20231112,1344,43,29,1,25.02594,121.50651,14
500113008,20231112,1345,43,29,1,25.02594,121.50651,14
500113008,20231112,1346,43,29,1,25.02594,121.50651,14
500113008,20231112,1347,43,29,1,25.02594,121.50651,14
500113008,20231112,1348,43,29,1,25.02594,121.50651,14
500113008,20231112,1349,43,29,1,25.02594,121.50651,14
500113008,20231112,1351,43,29,1,25.02594,121.50651,14
500113008,20231112,1352,43,29,1,25.02594,121.50651,14
500113008,20231112,1353,43,29,1,25.02594,121.50651,14
500113008,20231112,1354,43,29,1,25.02594,121.50651,14
500113008,20231112,1355,43,29,1,25.02594,121.50651,14
500113008,20231112,1356,43,29,1,25.02594,121.50651,14
500113008,20231112,1357,43,29,1,25.02594,121.50651,14
500113008,20231112,1358,43,29,1,25.02594,121.50651,14
500113008,20231112,1359,43,29,1,25.02594,121.50651,14
500113008,20231112,1360,43,29,1,25.02594,121.50651,14
500113008,20231112,1361,43,29,1,25.02594,121.50651,14
500113008,20231112,1362,43,29,1,25.02594,121.50651,14
500113008,20231112,1363,43,29,1,25.02594,121.50651,14
500113008,20231112,1364,43,29,1,25.02594,121.50651,14
500113008,20231112,1365,43,29,1,25.02594,121.50651,14
500113008,20231112,1366,43,29,1,25.02594,121.50651,14
500113008,20231112,1367,43,29,1,25.02594,121.50651,14
500113008,20231112,1368,43,29,1,25.02594,121.50651,14
500113008,20231112,1369,43,29,1,25.02594,121.50651,14
500113008,20231112,1370,43,29,1,25.02594,121.50651,14
500113008,20231112,1371,43,29,1,25.02594,121.50651,14
500113008,20231112,1372,43,29,1,25.02594,121.50651,14
500113008,20231112,1373,43,29,1,25.02594,121.50651,14
500113008,20231112,1374,43,29,1,25.02594,121.50651,14
500113008,20231112,1375,43,29,1,25.02594,121.50651,14
500113008,20231112,1376,43,29,1,25.02594,121.50651,14
500113008,20231112,1377,43,29,1,25.02594,121.50651,14
500113008,20231112,1378,43,29,1,25.02594,121.50651,14
500113008,20231112,1379,43,29,1,25.02594,121.50651,14
500113008,20231112,1381,43,29,1,25.02594,121.50651,14
500113008,20231112,1382,43,29,1,25.02594,121.50651,14
500113008,20231112,1383,43,29,1,25.02594,121.50651,14
500113008,20231112,1384,43,29,1,25.02594,121.50651,14
500113008,20231112,1385,43,29,1,25.02594,121.50651,14
500113008,20231112,1386,43,29,1,25.02594,121.50651,14
500113008,20231112,1387,43,28,1,25.02594,121.50651,15
500113008,20231112,1388,43,28,1,25.02594,121.50651,15
500113008,20231112,1389,43,28,1,25.02594,121.50651,15
500113008,20231112,1390,43,28,1,25.02594,121.50651,15
500113008,20231112,1391,43,28,1,25.02594,121.50651,15
500113008,20231112,1392,43,28,1,25.02594,121.50651,15
500113008,20231112,1393,43,28,1,25.02594,121.50651,15
500113008,20231112,1394,43,28,1,25.02594,121.50651,15
500113008,20231112,1395,43,28,1,25.02594,121.50651,15
500113008,20231112,1396,43,28,1,25.02594,121.50651,15
500113008,20231112,1397,43,28,1,25.02594,121.50651,15
500113008,20231112,1398,43,28,1,25.02594,121.50651,15
500113008,20231112,1399,43,28,1,25.02594,121.50651,15
500113008,20231112,1401,43,29,1,25.02594,121.50651,14
500113008,20231112,1402,43,29,1,25.02594,121.50651,14
500113008,20231112,1403,43,29,1,25.02594,121.50651,14
500113008,20231112,1404,43,29,1,25.02594,121.50651,14
500113008,20231112,1405,43,29,1,25.02594,121.50651,14
500113008,20231112,1406,43,29,1,25.02594,121.50651,14
500113008,20231112,1407,43,29,1,25.02594,121.50651,14
500113008,20231112,1408,43,29,1,25.02594,121.50651,14
500113008,20231112,1409,43,29,1,25.02594,121.50651,14
500113008,20231112,1410,43,29,1,25.02594,121.50651,14
500113008,20231112,1411,43,29,1,25.02594,121.50651,14
500113008,20231112,1412,43,29,1,25.02594,121.50651,14
500113008,20231112,1413,43,29,1,25.02594,121.50651,14
500113008,20231112,1414,43,29,1,25.02594,121.50651,14
500113008,20231112,1415,43,29,1,25.02594,121.50651,14
500113008,20231112,1416,43,29,1,25.02594,121.50651,14
500113008,20231112,1417,43,29,1,25.02594,121.50651,14
500113008,20231112,1418,43,29,1,25.02594,121.50651,14
500113008,20231112,1419,43,29,1,25.02594,121.50651,14
500113008,20231112,1420,43,29,1,25.02594,121.50651,14
500113008,20231112,1421,43,29,1,25.02594,121.50651,14
500113008,20231112,1422,43,29,1,25.02594,121.50651,14
500113008,20231112,1423,43,29,1,25.02594,121.50651,14
500113008,20231112,1424,43,29,1,25.02594,121.50651,14
500113008,20231112,1425,43,29,1,25.02594,121.50651,14
500113008,20231112,1426,43,29,1,25.02594,121.50651,14
500113008,20231112,1427,43,29,1,25.02594,121.50651,14
500113008,20231112,1428,43,29,1,25.02594,121.50651,14
500113008,20231112,1429,43,29,1,25.02594,121.50651,14
500113008,20231112,1430,43,29,1,25.02594,121.50651,14
500113008,20231112,1431,43,29,1,25.02594,121.50651,14
500113008,20231112,1432,43,29,1,25.02594,121.50651,14
500113008,20231112,1433,43,29,1,25.02594,121.50651,14
500113008,20231112,1434,43,29,1,25.02594,121.50651,14
500113008,20231112,1435,43,29,1,25.02594,121.50651,14
500113008,20231112,1436,43,29,1,25.02594,121.50651,14
500113008,20231112,1437,43,29,1,25.02594,121.50651,14
500113008,20231112,1438,43,29,1,25.02594,121.50651,14
500113008,20231112,1439,43,29,1,25.02594,121.50651,14
500113008,20231113,0,43,29,1,25.02594,121.50651,14
500113008,20231113,1,43,29,1,25.02594,121.50651,14
500113008,20231113,2,43,29,1,25.02594,121.50651,14
500113008,20231113,3,43,29,1,25.02594,121.50651,14
500113008,20231113,4,43,29,1,25.02594,121.50651,14
500113008,20231113,5,43,29,1,25.02594,121.50651,14
500113008,20231113,6,43,29,1,25.02594,121.50651,14
500113008,20231113,7,43,29,1,25.02594,121.50651,14
500113008,20231113,8,43,29,1,25.02594,121.50651,14
500113008,20231113,9,43,29,1,25.02594,121.50651,14
500113008,20231113,10,43,29,1,25.02594,121.50651,14
500113008,20231113,11,43,28,1,25.02594,121.50651,15
500113008,20231113,12,43,28,1,25.02594,121.50651,15
500113008,20231113,13,43,28,1,25.02594,121.50651,15
500113008,20231113,14,43,28,1,25.02594,121.50651,15
500113008,20231113,15,43,28,1,25.02594,121.50651,15
500113008,20231113,16,43,28,1,25.02594,121.50651,15
500113008,20231113,17,43,28,1,25.02594,121.50651,15
500113008,20231113,18,43,28,1,25.02594,121.50651,15
500113008,20231113,19,43,28,1,25.02594,121.50651,15
500113008,20231113,21,43,28,1,25.02594,121.50651,15
500113008,20231113,22,43,28,1,25.02594,121.50651,15
500113008,20231113,23,43,28,1,25.02594,121.50651,15
500113008,20231113,24,43,27,1,25.02594,121.50651,16
500113008,20231113,25,43,27,1,25.02594,121.50651,16
500113008,20231113,26,43,27,1,25.02594,121.50651,16
500113008,20231113,27,43,27,1,25.02594,121.50651,16
500113008,20231113,28,43,27,1,25.02594,121.50651,16
500113008,20231113,29,43,27,1,25.02594,121.50651,16
500113008,20231113,30,43,27,1,25.02594,121.50651,16
500113008,20231113,31,43,27,1,25.02594,121.50651,16
500113008,20231113,32,43,27,1,25.02594,121.50651,16
500113008,20231113,33,43,27,1,25.02594,121.50651,16
500113008,20231113,34,43,27,1,25.02594,121.50651,16
500113008,20231113,35,43,27,1,25.02594,121.50651,16
500113008,20231113,36,43,27,1,25.02594,121.50651,16
500113008,20231113,37,43,27,1,25.02594,121.50651,16
500113008,20231113,38,43,27,1,25.02594,121.50651,16
500113008,20231113,39,43,27,1,25.02594,121.50651,16
500113008,20231113,40,43,27,1,25.02594,121.50651,16
500113008,20231113,41,43,27,1,25.02594,121.50651,16
500113008,20231113,42,43,27,1,25.02594,121.50651,16
500113008,20231113,43,43,27,1,25.02594,121.50651,16
500113008,20231113,44,43,27,1,25.02594,121.50651,16
500113008,20231113,45,43,27,1,25.02594,121.50651,16
500113008,20231113,46,43,27,1,25.02594,121.50651,16
500113008,20231113,47,43,27,1,25.02594,121.50651,16
500113008,20231113,48,43,27,1,25.02594,121.50651,16
500113008,20231113,49,43,27,1,25.02594,121.50651,16
500113008,20231113,50,43,27,1,25.02594,121.50651,16
500113008,20231113,51,43,27,1,25.02594,121.50651,16
500113008,20231113,52,43,27,1,25.02594,121.50651,16
500113008,20231113,53,43,27,1,25.02594,121.50651,16
500113008,20231113,54,43,27,1,25.02594,121.50651,16
500113008,20231113,55,43,27,1,25.02594,121.50651,16
500113008,20231113,56,43,27,1,25.02594,121.50651,16
500113008,20231113,57,43,27,1,25.02594,121.50651,16
500113008,20231113,58,43,27,1,25.02594,121.50651,16
500113008,20231113,59,43,27,1,25.02594,121.50651,16
500113008,20231113,60,43,27,1,25.02594,121.50651,16
500113008,20231113,61,43,27,1,25.02594,121.50651,16
500113008,20231113,62,43,27,1,25.02594,121.50651,16
500113008,20231113,63,43,27,1,25.02594,121.50651,16
500113008,20231113,64,43,27,1,25.02594,121.50651,16
500113008,20231113,65,43,27,1,25.02594,121.50651,16
500113008,20231113,66,43,27,1,25.02594,121.50651,16
500113008,20231113,67,43,27,1,25.02594,121.50651,16
500113008,20231113,68,43,27,1,25.02594,121.50651,16
500113008,20231113,69,43,27,1,25.02594,121.50651,16
500113008,20231113,70,43,27,1,25.02594,121.50651,16
500113008,20231113,71,43,27,1,25.02594,121.50651,16
500113008,20231113,73,43,27,1,25.02594,121.50651,16
500113008,20231113,74,43,27,1,25.02594,121.50651,16
500113008,20231113,75,43,27,1,25.02594,121.50651,16
500113008,20231113,76,43,27,1,25.02594,121.50651,16
500113008,20231113,77,43,27,1,25.02594,121.50651,16
500113008,20231113,78,43,27,1,25.02594,121.50651,16
500113008,20231113,79,43,27,1,25.02594,121.50651,16
500113008,20231113,81,43,27,1,25.02594,121.50651,16
500113008,20231113,82,43,27,1,25.02594,121.50651,16
500113008,20231113,83,43,27,1,25.02594,121.50651,16
500113008,20231113,84,43,27,1,25.02594,121.50651,16
500113008,20231113,85,43,27,1,25.02594,121.50651,16
500113008,20231113,86,43,27,1,25.02594,121.50651,16
500113008,20231113,87,43,27,1,25.02594,121.50651,16
500113008,20231113,88,43,27,1,25.02594,121.50651,16
500113008,20231113,89,43,27,1,25.02594,121.50651,16
500113008,20231113,91,43,27,1,25.02594,121.50651,16
500113008,20231113,92,43,27,1,25.02594,121.50651,16
500113008,20231113,93,43,27,1,25.02594,121.50651,16
500113008,20231113,94,43,27,1,25.02594,121.50651,16
500113008,20231113,95,43,27,1,25.02594,121.50651,16
500113008,20231113,96,43,27,1,25.02594,121.50651,16
500113008,20231113,97,43,27,1,25.02594,121.50651,16
500113008,20231113,98,43,27,1,25.02594,121.50651,16
500113008,20231113,99,43,27,1,25.02594,121.50651,16
500113008,20231113,101,43,27,1,25.02594,121.50651,16
500113008,20231113,102,43,27,1,25.02594,121.50651,16
500113008,20231113,103,43,27,1,25.02594,121.50651,16
500113008,20231113,104,43,27,1,25.02594,121.50651,16
500113008,20231113,105,43,27,1,25.02594,121.50651,16
500113008,20231113,106,43,27,1,25.02594,121.50651,16
500113008,20231113,107,43,27,1,25.02594,121.50651,16
500113008,20231113,108,43,27,1,25.02594,121.50651,16
500113008,20231113,109,43,27,1,25.02594,121.50651,16
500113008,20231113,111,43,27,1,25.02594,121.50651,16
500113008,20231113,112,43,27,1,25.02594,121.50651,16
500113008,20231113,113,43,27,1,25.02594,121.50651,16
500113008,20231113,114,43,27,1,25.02594,121.50651,16
500113008,20231113,115,43,27,1,25.02594,121.50651,16
500113008,20231113,116,43,27,1,25.02594,121.50651,16
500113008,20231113,117,43,27,1,25.02594,121.50651,16
500113008,20231113,118,43,27,1,25.02594,121.50651,16
500113008,20231113,119,43,27,1,25.02594,121.50651,16
500113008,20231113,121,43,27,1,25.02594,121.50651,16
500113008,20231113,122,43,27,1,25.02594,121.50651,16
500113008,20231113,123,43,27,1,25.02594,121.50651,16
500113008,20231113,124,43,27,1,25.02594,121.50651,16
500113008,20231113,125,43,27,1,25.02594,121.50651,16
500113008,20231113,126,43,27,1,25.02594,121.50651,16
500113008,20231113,127,43,27,1,25.02594,121.50651,16
500113008,20231113,128,43,27,1,25.02594,121.50651,16
500113008,20231113,129,43,27,1,25.02594,121.50651,16
500113008,20231113,131,43,27,1,25.02594,121.50651,16
500113008,20231113,132,43,27,1,25.02594,121.50651,16
500113008,20231113,133,43,27,1,25.02594,121.50651,16
500113008,20231113,134,43,27,1,25.02594,121.50651,16
500113008,20231113,135,43,27,1,25.02594,121.50651,16
500113008,20231113,136,43,27,1,25.02594,121.50651,16
500113008,20231113,137,43,27,1,25.02594,121.50651,16
500113008,20231113,138,43,27,1,25.02594,121.50651,16
500113008,20231113,139,43,27,1,25.02594,121.50651,16
500113008,20231113,141,43,27,1,25.02594,121.50651,16
500113008,20231113,142,43,27,1,25.02594,121.50651,16
500113008,20231113,143,43,27,1,25.02594,121.50651,16
500113008,20231113,144,43,27,1,25.02594,121.50651,16
500113008,20231113,145,43,27,1,25.02594,121.50651,16
500113008,20231113,146,43,27,1,25.02594,121.50651,16
500113008,20231113,147,43,27,1,25.02594,121.50651,16
500113008,20231113,148,43,27,1,25.02594,121.50651,16
500113008,20231113,149,43,27,1,25.02594,121.50651,16
500113008,20231113,151,43,27,1,25.02594,121.50651,16
500113008,20231113,152,43,27,1,25.02594,121.50651,16
500113008,20231113,153,43,27,1,25.02594,121.50651,16
500113008,20231113,154,43,27,1,25.02594,121.50651,16
500113008,20231113,155,43,27,1,25.02594,121.50651,16
500113008,20231113,156,43,27,1,25.02594,121.50651,16
500113008,20231113,157,43,27,1,25.02594,121.50651,16
500113008,20231113,158,43,27,1,25.02594,121.50651,16
500113008,20231113,159,43,27,1,25.02594,121.50651,16
500113008,20231113,161,43,27,1,25.02594,121.50651,16
500113008,20231113,162,43,27,1,25.02594,121.50651,16
500113008,20231113,163,43,27,1,25.02594,121.50651,16
500113008,20231113,164,43,27,1,25.02594,121.50651,16
500113008,20231113,165,43,27,1,25.02594,121.50651,16
500113008,20231113,166,43,27,1,25.02594,121.50651,16
500113008,20231113,167,43,27,1,25.02594,121.50651,16
500113008,20231113,168,43,27,1,25.02594,121.50651,16
500113008,20231113,169,43,27,1,25.02594,121.50651,16
500113008,20231113,171,43,27,1,25.02594,121.50651,16
500113008,20231113,172,43,27,1,25.02594,121.50651,16
500113008,20231113,173,43,27,1,25.02594,121.50651,16
500113008,20231113,174,43,27,1,25.02594,121.50651,16
500113008,20231113,175,43,27,1,25.02594,121.50651,16
500113008,20231113,176,43,27,1,25.02594,121.50651,16
500113008,20231113,177,43,27,1,25.02594,121.50651,16
500113008,20231113,178,43,27,1,25.02594,121.50651,16
500113008,20231113,179,43,27,1,25.02594,121.50651,16
500113008,20231113,181,43,27,1,25.02594,121.50651,16
500113008,20231113,182,43,27,1,25.02594,121.50651,16
500113008,20231113,183,43,27,1,25.02594,121.50651,16
500113008,20231113,184,43,27,1,25.02594,121.50651,16
500113008,20231113,185,43,27,1,25.02594,121.50651,16
500113008,20231113,186,43,27,1,25.02594,121.50651,16
500113008,20231113,187,43,27,1,25.02594,121.50651,16
500113008,20231113,188,43,27,1,25.02594,121.50651,16
500113008,20231113,189,43,27,1,25.02594,121.50651,16
500113008,20231113,190,43,27,1,25.02594,121.50651,16
500113008,20231113,191,43,27,1,25.02594,121.50651,16
500113008,20231113,192,43,27,1,25.02594,121.50651,16
500113008,20231113,193,43,27,1,25.02594,121.50651,16
500113008,20231113,194,43,27,1,25.02594,121.50651,16
500113008,20231113,195,43,27,1,25.02594,121.50651,16
500113008,20231113,196,43,27,1,25.02594,121.50651,16
500113008,20231113,197,43,27,1,25.02594,121.50651,16
500113008,20231113,198,43,27,1,25.02594,121.50651,16
500113008,20231113,199,43,27,1,25.02594,121.50651,16
500113008,20231113,201,43,27,1,25.02594,121.50651,16
500113008,20231113,202,43,27,1,25.02594,121.50651,16
500113008,20231113,203,43,27,1,25.02594,121.50651,16
500113008,20231113,204,43,27,1,25.02594,121.50651,16
500113008,20231113,205,43,27,1,25.02594,121.50651,16
500113008,20231113,206,43,27,1,25.02594,121.50651,16
500113008,20231113,207,43,27,1,25.02594,121.50651,16
500113008,20231113,208,43,27,1,25.02594,121.50651,16
500113008,20231113,209,43,27,1,25.02594,121.50651,16
500113008,20231113,210,43,27,1,25.02594,121.50651,16
500113008,20231113,211,43,26,1,25.02594,121.50651,17
500113008,20231113,212,43,26,1,25.02594,121.50651,17
500113008,20231113,213,43,26,1,25.02594,121.50651,17
500113008,20231113,214,43,26,1,25.02594,121.50651,17
500113008,20231113,215,43,26,1,25.02594,121.50651,17
500113008,20231113,216,43,26,1,25.02594,121.50651,17
500113008,20231113,217,43,26,1,25.02594,121.50651,17
500113008,20231113,218,43,26,1,25.02594,121.50651,17
500113008,20231113,219,43,26,1,25.02594,121.50651,17
500113008,20231113,220,43,26,1,25.02594,121.50651,17
500113008,20231113,221,43,26,1,25.02594,121.50651,17
500113008,20231113,222,43,26,1,25.02594,121.50651,17
500113008,20231113,223,43,26,1,25.02594,121.50651,17
500113008,20231113,224,43,26,1,25.02594,121.50651,17
500113008,20231113,225,43,26,1,25.02594,121.50651,17
500113008,20231113,226,43,26,1,25.02594,121.50651,17
500113008,20231113,227,43,26,1,25.02594,121.50651,17
500113008,20231113,228,43,26,1,25.02594,121.50651,17
500113008,20231113,229,43,26,1,25.02594,121.50651,17
500113008,20231113,230,43,26,1,25.02594,121.50651,17
500113008,20231113,231,43,26,1,25.02594,121.50651,17
500113008,20231113,232,43,26,1,25.02594,121.50651,17
500113008,20231113,233,43,26,1,25.02594,121.50651,17
500113008,20231113,234,43,26,1,25.02594,121.50651,17
500113008,20231113,235,43,26,1,25.02594,121.50651,17
500113008,20231113,236,43,26,1,25.02594,121.50651,17
500113008,20231113,237,43,26,1,25.02594,121.50651,17
500113008,20231113,238,43,26,1,25.02594,121.50651,17
500113008,20231113,239,43,26,1,25.02594,121.50651,17
500113008,20231113,240,43,26,1,25.02594,121.50651,17
500113008,20231113,241,43,26,1,25.02594,121.50651,17
500113008,20231113,242,43,26,1,25.02594,121.50651,17
500113008,20231113,243,43,26,1,25.02594,121.50651,17
500113008,20231113,244,43,26,1,25.02594,121.50651,17
500113008,20231113,245,43,26,1,25.02594,121.50651,17
500113008,20231113,246,43,26,1,25.02594,121.50651,17
500113008,20231113,247,43,26,1,25.02594,121.50651,17
500113008,20231113,248,43,26,1,25.02594,121.50651,17
500113008,20231113,249,43,26,1,25.02594,121.50651,17
500113008,20231113,250,43,26,1,25.02594,121.50651,17
500113008,20231113,251,43,26,1,25.02594,121.50651,17
500113008,20231113,252,43,26,1,25.02594,121.50651,17
500113008,20231113,253,43,26,1,25.02594,121.50651,17
500113008,20231113,254,43,26,1,25.02594,121.50651,17
500113008,20231113,255,43,26,1,25.02594,121.50651,17
500113008,20231113,256,43,26,1,25.02594,121.50651,17
500113008,20231113,257,43,26,1,25.02594,121.50651,17
500113008,20231113,258,43,26,1,25.02594,121.50651,17
500113008,20231113,259,43,26,1,25.02594,121.50651,17
500113008,20231113,261,43,26,1,25.02594,121.50651,17
500113008,20231113,262,43,26,1,25.02594,121.50651,17
500113008,20231113,263,43,26,1,25.02594,121.50651,17
500113008,20231113,264,43,26,1,25.02594,121.50651,17
500113008,20231113,265,43,26,1,25.02594,121.50651,17
500113008,20231113,266,43,26,1,25.02594,121.50651,17
500113008,20231113,267,43,26,1,25.02594,121.50651,17
500113008,20231113,268,43,26,1,25.02594,121.50651,17
500113008,20231113,269,43,26,1,25.02594,121.50651,17
500113008,20231113,270,43,26,1,25.02594,121.50651,17
500113008,20231113,271,43,26,1,25.02594,121.50651,17
500113008,20231113,272,43,26,1,25.02594,121.50651,17
500113008,20231113,273,43,26,1,25.02594,121.50651,17
500113008,20231113,274,43,26,1,25.02594,121.50651,17
500113008,20231113,275,43,26,1,25.02594,121.50651,17
500113008,20231113,276,43,26,1,25.02594,121.50651,17
500113008,20231113,277,43,26,1,25.02594,121.50651,17
500113008,20231113,278,43,26,1,25.02594,121.50651,17
500113008,20231113,279,43,26,1,25.02594,121.50651,17
500113008,20231113,280,43,26,1,25.02594,121.50651,17
500113008,20231113,281,43,26,1,25.02594,121.50651,17
500113008,20231113,282,43,26,1,25.02594,121.50651,17
500113008,20231113,283,43,26,1,25.02594,121.50651,17
500113008,20231113,284,43,26,1,25.02594,121.50651,17
500113008,20231113,285,43,26,1,25.02594,121.50651,17
500113008,20231113,286,43,26,1,25.02594,121.50651,17
500113008,20231113,287,43,26,1,25.02594,121.50651,17
500113008,20231113,288,43,26,1,25.02594,121.50651,17
500113008,20231113,289,43,26,1,25.02594,121.50651,17
500113008,20231113,290,43,26,1,25.02594,121.50651,17
500113008,20231113,291,43,26,1,25.02594,121.50651,17
500113008,20231113,292,43,26,1,25.02594,121.50651,17
500113008,20231113,293,43,26,1,25.02594,121.50651,17
500113008,20231113,294,43,26,1,25.02594,121.50651,17
500113008,20231113,295,43,26,1,25.02594,121.50651,17
500113008,20231113,296,43,26,1,25.02594,121.50651,17
500113008,20231113,297,43,26,1,25.02594,121.50651,17
500113008,20231113,298,43,26,1,25.02594,121.50651,17
500113008,20231113,299,43,26,1,25.02594,121.50651,17
500113008,20231113,300,43,26,1,25.02594,121.50651,17
500113008,20231113,301,43,26,1,25.02594,121.50651,17
500113008,20231113,302,43,26,1,25.02594,121.50651,17
500113008,20231113,303,43,26,1,25.02594,121.50651,17
500113008,20231113,304,43,26,1,25.02594,121.50651,17
500113008,20231113,305,43,26,1,25.02594,121.50651,17
500113008,20231113,306,43,26,1,25.02594,121.50651,17
500113008,20231113,307,43,26,1,25.02594,121.50651,17
500113008,20231113,308,43,26,1,25.02594,121.50651,17
500113008,20231113,309,43,26,1,25.02594,121.50651,17
500113008,20231113,310,43,26,1,25.02594,121.50651,17
500113008,20231113,311,43,25,1,25.02594,121.50651,18
500113008,20231113,312,43,25,1,25.02594,121.50651,18
500113008,20231113,313,43,25,1,25.02594,121.50651,18
500113008,20231113,314,43,25,1,25.02594,121.50651,18
500113008,20231113,315,43,25,1,25.02594,121.50651,18
500113008,20231113,316,43,25,1,25.02594,121.50651,18
500113008,20231113,317,43,25,1,25.02594,121.50651,18
500113008,20231113,318,43,25,1,25.02594,121.50651,18
500113008,20231113,319,43,25,1,25.02594,121.50651,18
500113008,20231113,321,43,25,1,25.02594,121.50651,18
500113008,20231113,322,43,25,1,25.02594,121.50651,18
500113008,20231113,323,43,25,1,25.02594,121.50651,18
500113008,20231113,324,43,25,1,25.02594,121.50651,18
500113008,20231113,325,43,25,1,25.02594,121.50651,18
500113008,20231113,326,43,25,1,25.02594,121.50651,18
500113008,20231113,327,43,25,1,25.02594,121.50651,18
500113008,20231113,328,43,25,1,25.02594,121.50651,18
500113008,20231113,329,43,25,1,25.02594,121.50651,18
500113008,20231113,331,43,25,1,25.02594,121.50651,18
500113008,20231113,332,43,25,1,25.02594,121.50651,18
500113008,20231113,333,43,25,1,25.02594,121.50651,18
500113008,20231113,334,43,25,1,25.02594,121.50651,18
500113008,20231113,335,43,25,1,25.02594,121.50651,18
500113008,20231113,336,43,25,1,25.02594,121.50651,18
500113008,20231113,337,43,25,1,25.02594,121.50651,18
500113008,20231113,338,43,25,1,25.02594,121.50651,18
500113008,20231113,339,43,25,1,25.02594,121.50651,18
500113008,20231113,341,43,26,1,25.02594,121.50651,17
500113008,20231113,342,43,26,1,25.02594,121.50651,17
500113008,20231113,343,43,26,1,25.02594,121.50651,17
500113008,20231113,344,43,26,1,25.02594,121.50651,17
500113008,20231113,345,43,26,1,25.02594,121.50651,17
500113008,20231113,346,43,26,1,25.02594,121.50651,17
500113008,20231113,347,43,26,1,25.02594,121.50651,17
500113008,20231113,348,43,26,1,25.02594,121.50651,17
500113008,20231113,349,43,26,1,25.02594,121.50651,17
500113008,20231113,351,43,26,1,25.02594,121.50651,17
500113008,20231113,352,43,26,1,25.02594,121.50651,17
500113008,20231113,353,43,26,1,25.02594,121.50651,17
500113008,20231113,354,43,26,1,25.02594,121.50651,17
500113008,20231113,355,43,26,1,25.02594,121.50651,17
500113008,20231113,356,43,26,1,25.02594,121.50651,17
500113008,20231113,357,43,26,1,25.02594,121.50651,17
500113008,20231113,358,43,26,1,25.02594,121.50651,17
500113008,20231113,359,43,26,1,25.02594,121.50651,17
500113008,20231113,361,43,26,1,25.02594,121.50651,17
500113008,20231113,362,43,26,1,25.02594,121.50651,17
500113008,20231113,363,43,26,1,25.02594,121.50651,17
500113008,20231113,364,43,26,1,25.02594,121.50651,17
500113008,20231113,365,43,26,1,25.02594,121.50651,17
500113008,20231113,366,43,26,1,25.02594,121.50651,17
500113008,20231113,367,43,26,1,25.02594,121.50651,17
500113008,20231113,368,43,26,1,25.02594,121.50651,17
500113008,20231113,369,43,26,1,25.02594,121.50651,17
500113008,20231113,371,43,26,1,25.02594,121.50651,17
500113008,20231113,372,43,26,1,25.02594,121.50651,17
500113008,20231113,373,43,26,1,25.02594,121.50651,17
500113008,20231113,374,43,26,1,25.02594,121.50651,17
500113008,20231113,375,43,26,1,25.02594,121.50651,17
500113008,20231113,376,43,26,1,25.02594,121.50651,17
500113008,20231113,377,43,26,1,25.02594,121.50651,17
500113008,20231113,378,43,25,1,25.02594,121.50651,18
500113008,20231113,379,43,25,1,25.02594,121.50651,18
500113008,20231113,381,43,25,1,25.02594,121.50651,18
500113008,20231113,382,43,25,1,25.02594,121.50651,18
500113008,20231113,383,43,25,1,25.02594,121.50651,18
500113008,20231113,384,43,25,1,25.02594,121.50651,18
500113008,20231113,385,43,25,1,25.02594,121.50651,18
500113008,20231113,386,43,25,1,25.02594,121.50651,18
500113008,20231113,387,43,25,1,25.02594,121.50651,18
500113008,20231113,388,43,25,1,25.02594,121.50651,18
500113008,20231113,389,43,25,1,25.02594,121.50651,18
500113008,20231113,391,43,25,1,25.02594,121.50651,18
500113008,20231113,392,43,26,1,25.02594,121.50651,17
500113008,20231113,393,43,26,1,25.02594,121.50651,17
500113008,20231113,394,43,26,1,25.02594,121.50651,17
500113008,20231113,395,43,26,1,25.02594,121.50651,17
500113008,20231113,396,43,26,1,25.02594,121.50651,17
500113008,20231113,397,43,26,1,25.02594,121.50651,17
500113008,20231113,398,43,26,1,25.02594,121.50651,17
500113008,20231113,399,43,26,1,25.02594,121.50651,17
500113008,20231113,401,43,26,1,25.02594,121.50651,17
500113008,20231113,402,43,26,1,25.02594,121.50651,17
500113008,20231113,403,43,26,1,25.02594,121.50651,17
500113008,20231113,404,43,26,1,25.02594,121.50651,17
500113008,20231113,405,43,26,1,25.02594,121.50651,17
500113008,20231113,406,43,26,1,25.02594,121.50651,17
500113008,20231113,407,43,26,1,25.02594,121.50651,17
500113008,20231113,408,43,26,1,25.02594,121.50651,17
500113008,20231113,409,43,26,1,25.02594,121.50651,17
500113008,20231113,411,43,27,1,25.02594,121.50651,16
500113008,20231113,412,43,27,1,25.02594,121.50651,16
500113008,20231113,413,43,27,1,25.02594,121.50651,16
500113008,20231113,414,43,27,1,25.02594,121.50651,16
500113008,20231113,415,43,27,1,25.02594,121.50651,16
500113008,20231113,416,43,27,1,25.02594,121.50651,16
500113008,20231113,417,43,26,1,25.02594,121.50651,17
500113008,20231113,418,43,25,1,25.02594,121.50651,18
500113008,20231113,419,43,23,1,25.02594,121.50651,20
500113008,20231113,421,43,23,1,25.02594,121.50651,20
500113008,20231113,422,43,23,1,25.02594,121.50651,20
500113008,20231113,423,43,23,1,25.02594,121.50651,20
500113008,20231113,424,43,23,1,25.02594,121.50651,20
500113008,20231113,425,43,24,1,25.02594,121.50651,19
500113008,20231113,426,43,25,1,25.02594,121.50651,18
500113008,20231113,427,43,25,1,25.02594,121.50651,18
500113008,20231113,428,43,25,1,25.02594,121.50651,18
500113008,20231113,429,43,24,1,25.02594,121.50651,19
500113008,20231113,431,43,25,1,25.02594,121.50651,18
500113008,20231113,432,43,26,1,25.02594,121.50651,17
500113008,20231113,433,43,26,1,25.02594,121.50651,17
500113008,20231113,434,43,26,1,25.02594,121.50651,17
500113008,20231113,435,43,25,1,25.02594,121.50651,18
500113008,20231113,436,43,26,1,25.02594,121.50651,17
500113008,20231113,437,43,26,1,25.02594,121.50651,17
500113008,20231113,438,43,26,1,25.02594,121.50651,17
500113008,20231113,439,43,26,1,25.02594,121.50651,17
500113008,20231113,441,43,26,1,25.02594,121.50651,17
500113008,20231113,442,43,25,1,25.02594,121.50651,18
500113008,20231113,443,43,25,1,25.02594,121.50651,18
500113008,20231113,444,43,25,1,25.02594,121.50651,18
500113008,20231113,445,43,25,1,25.02594,121.50651,18
500113008,20231113,446,43,25,1,25.02594,121.50651,18
500113008,20231113,447,43,26,1,25.02594,121.50651,17
500113008,20231113,448,43,26,1,25.02594,121.50651,17
500113008,20231113,449,43,26,1,25.02594,121.50651,17
500113008,20231113,451,43,28,1,25.02594,121.50651,15
500113008,20231113,452,43,28,1,25.02594,121.50651,15
500113008,20231113,453,43,28,1,25.02594,121.50651,15
500113008,20231113,454,43,28,1,25.02594,121.50651,15
500113008,20231113,455,43,28,1,25.02594,121.50651,15
500113008,20231113,456,43,28,1,25.02594,121.50651,15
500113008,20231113,457,43,27,1,25.02594,121.50651,16
500113008,20231113,458,43,27,1,25.02594,121.50651,16
500113008,20231113,459,43,27,1,25.02594,121.50651,16
500113008,20231113,460,43,26,1,25.02594,121.50651,17
500113008,20231113,461,43,26,1,25.02594,121.50651,17
500113008,20231113,462,43,26,1,25.02594,121.50651,17
500113008,20231113,463,43,26,1,25.02594,121.50651,17
500113008,20231113,464,43,28,1,25.02594,121.50651,15
500113008,20231113,465,43,28,1,25.02594,121.50651,15
500113008,20231113,466,43,28,1,25.02594,121.50651,15
500113008,20231113,467,43,28,1,25.02594,121.50651,15
500113008,20231113,468,43,28,1,25.02594,121.50651,15
500113008,20231113,469,43,28,1,25.02594,121.50651,15
500113008,20231113,470,43,28,1,25.02594,121.50651,15
500113008,20231113,471,43,28,1,25.02594,121.50651,15
500113008,20231113,472,43,28,1,25.02594,121.50651,15
500113008,20231113,473,43,28,1,25.02594,121.50651,15
500113008,20231113,474,43,28,1,25.02594,121.50651,15
500113008,20231113,475,43,28,1,25.02594,121.50651,15
500113008,20231113,476,43,30,1,25.02594,121.50651,13
500113008,20231113,477,43,30,1,25.02594,121.50651,13
500113008,20231113,478,43,31,1,25.02594,121.50651,12
500113008,20231113,479,43,31,1,25.02594,121.50651,12
500113008,20231113,481,43,30,1,25.02594,121.50651,13
500113008,20231113,482,43,30,1,25.02594,121.50651,13
500113008,20231113,483,43,31,1,25.02594,121.50651,12
500113008,20231113,484,43,30,1,25.02594,121.50651,13
500113008,20231113,485,43,30,1,25.02594,121.50651,13
500113008,20231113,486,43,29,1,25.02594,121.50651,14
500113008,20231113,487,43,29,1,25.02594,121.50651,14
500113008,20231113,488,43,29,1,25.02594,121.50651,14
500113008,20231113,489,43,29,1,25.02594,121.50651,14
500113008,20231113,490,43,30,1,25.02594,121.50651,13
500113008,20231113,491,43,30,1,25.02594,121.50651,13
500113008,20231113,492,43,29,1,25.02594,121.50651,14
500113008,20231113,493,43,29,1,25.02594,121.50651,14
500113008,20231113,494,43,29,1,25.02594,121.50651,14
500113008,20231113,495,43,29,1,25.02594,121.50651,14
500113008,20231113,496,43,28,1,25.02594,121.50651,15
500113008,20231113,497,43,28,1,25.02594,121.50651,15
500113008,20231113,498,43,28,1,25.02594,121.50651,15
500113008,20231113,499,43,29,1,25.02594,121.50651,14
500113008,20231113,501,43,29,1,25.02594,121.50651,14
500113008,20231113,502,43,29,1,25.02594,121.50651,14
500113008,20231113,503,43,31,1,25.02594,121.50651,12
500113008,20231113,504,43,31,1,25.02594,121.50651,12
500113008,20231113,505,43,31,1,25.02594,121.50651,12
500113008,20231113,506,43,32,1,25.02594,121.50651,11
500113008,20231113,507,43,32,1,25.02594,121.50651,11
500113008,20231113,508,43,32,1,25.02594,121.50651,11
500113008,20231113,509,43,32,1,25.02594,121.50651,11
500113008,20231113,511,43,32,1,25.02594,121.50651,11
500113008,20231113,512,43,33,1,25.02594,121.50651,10
500113008,20231113,513,43,33,1,25.02594,121.50651,10
500113008,20231113,514,43,33,1,25.02594,121.50651,10
500113008,20231113,515,43,33,1,25.02594,121.50651,10
500113008,20231113,516,43,33,1,25.02594,121.50651,10
500113008,20231113,517,43,33,1,25.02594,121.50651,10
500113008,20231113,518,43,33,1,25.02594,121.50651,10
500113008,20231113,519,43,33,1,25.02594,121.50651,10
500113008,20231113,520,43,32,1,25.02594,121.50651,11
500113008,20231113,521,43,32,1,25.02594,121.50651,11
500113008,20231113,522,43,32,1,25.02594,121.50651,11
500113008,20231113,523,43,32,1,25.02594,121.50651,11
500113008,20231113,524,43,32,1,25.02594,121.50651,11
500113008,20231113,525,43,32,1,25.02594,121.50651,11
500113008,20231113,526,43,32,1,25.02594,121.50651,11
500113008,20231113,527,43,32,1,25.02594,121.50651,11
500113008,20231113,528,43,32,1,25.02594,121.50651,11
500113008,20231113,529,43,32,1,25.02594,121.50651,11
500113008,20231113,530,43,32,1,25.02594,121.50651,11
500113008,20231113,531,43,32,1,25.02594,121.50651,11
500113008,20231113,532,43,32,1,25.02594,121.50651,11
500113008,20231113,533,43,32,1,25.02594,121.50651,11
500113008,20231113,534,43,32,1,25.02594,121.50651,11
500113008,20231113,535,43,32,1,25.02594,121.50651,11
500113008,20231113,536,43,33,1,25.02594,121.50651,10
500113008,20231113,537,43,34,1,25.02594,121.50651,9
500113008,20231113,538,43,34,1,25.02594,121.50651,9
500113008,20231113,539,43,34,1,25.02594,121.50651,9
500113008,20231113,541,43,34,1,25.02594,121.50651,9
500113008,20231113,542,43,34,1,25.02594,121.50651,9
500113008,20231113,543,43,34,1,25.02594,121.50651,9
500113008,20231113,544,43,35,1,25.02594,121.50651,8
500113008,20231113,545,43,35,1,25.02594,121.50651,8
500113008,20231113,546,43,36,1,25.02594,121.50651,7
500113008,20231113,547,43,36,1,25.02594,121.50651,7
500113008,20231113,548,43,36,1,25.02594,121.50651,7
500113008,20231113,549,43,36,1,25.02594,121.50651,7
500113008,20231113,550,43,36,1,25.02594,121.50651,7
500113008,20231113,551,43,36,1,25.02594,121.50651,7
500113008,20231113,552,43,36,1,25.02594,121.50651,7
500113008,20231113,553,43,36,1,25.02594,121.50651,7
500113008,20231113,554,43,36,1,25.02594,121.50651,7
500113008,20231113,555,43,36,1,25.02594,121.50651,7
500113008,20231113,556,43,36,1,25.02594,121.50651,7
500113008,20231113,557,43,36,1,25.02594,121.50651,7
500113008,20231113,558,43,36,1,25.02594,121.50651,7
500113008,20231113,559,43,36,1,25.02594,121.50651,7
500113008,20231113,561,43,38,1,25.02594,121.50651,5
500113008,20231113,562,43,37,1,25.02594,121.50651,6
500113008,20231113,563,43,38,1,25.02594,121.50651,5
500113008,20231113,564,43,38,1,25.02594,121.50651,5
500113008,20231113,565,43,39,1,25.02594,121.50651,4
500113008,20231113,566,43,39,1,25.02594,121.50651,4
500113008,20231113,567,43,40,1,25.02594,121.50651,3
500113008,20231113,568,43,40,1,25.02594,121.50651,3
500113008,20231113,569,43,40,1,25.02594,121.50651,3
500113008,20231113,571,43,40,1,25.02594,121.50651,3
500113008,20231113,572,43,40,1,25.02594,121.50651,3
500113008,20231113,573,43,40,1,25.02594,121.50651,3
500113008,20231113,574,43,40,1,25.02594,121.50651,3
500113008,20231113,575,43,40,1,25.02594,121.50651,3
500113008,20231113,576,43,40,1,25.02594,121.50651,3
500113008,20231113,577,43,41,1,25.02594,121.50651,2
500113008,20231113,578,43,41,1,25.02594,121.50651,2
500113008,20231113,579,43,41,1,25.02594,121.50651,2
500113008,20231113,580,43,41,1,25.02594,121.50651,2
500113008,20231113,581,43,41,1,25.02594,121.50651,2
500113008,20231113,582,43,40,1,25.02594,121.50651,3
500113008,20231113,583,43,40,1,25.02594,121.50651,3
500113008,20231113,584,43,41,1,25.02594,121.50651,2
500113008,20231113,585,43,41,1,25.02594,121.50651,2
500113008,20231113,586,43,41,1,25.02594,121.50651,2
500113008,20231113,587,43,41,1,25.02594,121.50651,2
500113008,20231113,589,43,41,1,25.02594,121.50651,2
500113008,20231113,591,43,41,1,25.02594,121.50651,2
500113008,20231113,592,43,41,1,25.02594,121.50651,2
500113008,20231113,593,43,41,1,25.02594,121.50651,2
500113008,20231113,594,43,41,1,25.02594,121.50651,2
500113008,20231113,595,43,41,1,25.02594,121.50651,2
500113008,20231113,596,43,41,1,25.02594,121.50651,2
500113008,20231113,597,43,41,1,25.02594,121.50651,2
500113008,20231113,598,43,41,1,25.02594,121.50651,2
500113008,20231113,599,43,41,1,25.02594,121.50651,2
500113008,20231113,601,43,40,1,25.02594,121.50651,3
500113008,20231113,602,43,40,1,25.02594,121.50651,3
500113008,20231113,603,43,40,1,25.02594,121.50651,3
500113008,20231113,604,43,41,1,25.02594,121.50651,2
500113008,20231113,605,43,41,1,25.02594,121.50651,2
500113008,20231113,606,43,41,1,25.02594,121.50651,2
500113008,20231113,607,43,41,1,25.02594,121.50651,2
500113008,20231113,608,43,41,1,25.02594,121.50651,2
500113008,20231113,609,43,41,1,25.02594,121.50651,2
500113008,20231113,611,43,42,1,25.02594,121.50651,1
500113008,20231113,612,43,42,1,25.02594,121.50651,1
500113008,20231113,613,43,42,1,25.02594,121.50651,1
500113008,20231113,614,43,43,1,25.02594,121.50651,0
500113008,20231113,615,43,42,1,25.02594,121.50651,1
500113008,20231113,616,43,42,1,25.02594,121.50651,1
500113008,20231113,617,43,42,1,25.02594,121.50651,1
500113008,20231113,618,43,42,1,25.02594,121.50651,1
500113008,20231113,619,43,42,1,25.02594,121.50651,1
500113008,20231113,621,43,42,1,25.02594,121.50651,1
500113008,20231113,622,43,42,1,25.02594,121.50651,1
500113008,20231113,623,43,42,1,25.02594,121.50651,1
500113008,20231113,624,43,42,1,25.02594,121.50651,1
500113008,20231113,625,43,42,1,25.02594,121.50651,1
500113008,20231113,627,43,42,1,25.02594,121.50651,1
500113008,20231113,628,43,42,1,25.02594,121.50651,1
500113008,20231113,629,43,41,1,25.02594,121.50651,2
500113008,20231113,631,43,40,1,25.02594,121.50651,3
500113008,20231113,632,43,40,1,25.02594,121.50651,3
500113008,20231113,633,43,41,1,25.02594,121.50651,2
500113008,20231113,634,43,40,1,25.02594,121.50651,3
500113008,20231113,635,43,40,1,25.02594,121.50651,3
500113008,20231113,636,43,40,1,25.02594,121.50651,3
500113008,20231113,637,43,39,1,25.02594,121.50651,4
500113008,20231113,638,43,39,1,25.02594,121.50651,4
500113008,20231113,639,43,39,1,25.02594,121.50651,4
500113008,20231113,641,43,38,1,25.02594,121.50651,5
500113008,20231113,642,43,38,1,25.02594,121.50651,5
500113008,20231113,643,43,38,1,25.02594,121.50651,5
500113008,20231113,644,43,38,1,25.02594,121.50651,5
500113008,20231113,645,43,37,1,25.02594,121.50651,6
500113008,20231113,646,43,36,1,25.02594,121.50651,7
500113008,20231113,647,43,36,1,25.02594,121.50651,7
500113008,20231113,648,43,36,1,25.02594,121.50651,7
500113008,20231113,649,43,36,1,25.02594,121.50651,7
500113008,20231113,651,43,36,1,25.02594,121.50651,7
500113008,20231113,652,43,36,1,25.02594,121.50651,7
500113008,20231113,653,43,36,1,25.02594,121.50651,7
500113008,20231113,654,43,36,1,25.02594,121.50651,7
500113008,20231113,655,43,36,1,25.02594,121.50651,7
500113008,20231113,656,43,37,1,25.02594,121.50651,6
500113008,20231113,657,43,37,1,25.02594,121.50651,6
500113008,20231113,658,43,37,1,25.02594,121.50651,6
500113008,20231113,659,43,37,1,25.02594,121.50651,6
500113008,20231113,661,43,37,1,25.02594,121.50651,6
500113008,20231113,662,43,35,1,25.02594,121.50651,8
500113008,20231113,663,43,35,1,25.02594,121.50651,8
500113008,20231113,664,43,35,1,25.02594,121.50651,8
500113008,20231113,665,43,35,1,25.02594,121.50651,8
500113008,20231113,666,43,35,1,25.02594,121.50651,8
500113008,20231113,667,43,35,1,25.02594,121.50651,8
500113008,20231113,668,43,35,1,25.02594,121.50651,8
500113008,20231113,669,43,35,1,25.02594,121.50651,8
500113008,20231113,671,43,35,1,25.02594,121.50651,8
500113008,20231113,672,43,36,1,25.02594,121.50651,7
500113008,20231113,673,43,36,1,25.02594,121.50651,7
500113008,20231113,674,43,36,1,25.02594,121.50651,7
500113008,20231113,675,43,36,1,25.02594,121.50651,7
500113008,20231113,676,43,36,1,25.02594,121.50651,7
500113008,20231113,677,43,36,1,25.02594,121.50651,7
500113008,20231113,678,43,36,1,25.02594,121.50651,7
500113008,20231113,679,43,36,1,25.02594,121.50651,7
500113008,20231113,681,43,36,1,25.02594,121.50651,7
500113008,20231113,682,43,36,1,25.02594,121.50651,7
500113008,20231113,683,43,36,1,25.02594,121.50651,7
500113008,20231113,684,43,36,1,25.02594,121.50651,7
500113008,20231113,685,43,36,1,25.02594,121.50651,7
500113008,20231113,686,43,36,1,25.02594,121.50651,7
500113008,20231113,687,43,36,1,25.02594,121.50651,7
500113008,20231113,688,43,36,1,25.02594,121.50651,7
500113008,20231113,689,43,36,1,25.02594,121.50651,7
500113008,20231113,691,43,36,1,25.02594,121.50651,7
500113008,20231113,692,43,36,1,25.02594,121.50651,7
500113008,20231113,693,43,38,1,25.02594,121.50651,5
500113008,20231113,694,43,38,1,25.02594,121.50651,5
500113008,20231113,695,43,38,1,25.02594,121.50651,5
500113008,20231113,696,43,38,1,25.02594,121.50651,5
500113008,20231113,697,43,38,1,25.02594,121.50651,5
500113008,20231113,698,43,39,1,25.02594,121.50651,4
500113008,20231113,699,43,39,1,25.02594,121.50651,4
500113008,20231113,700,43,39,1,25.02594,121.50651,4
500113008,20231113,701,43,40,1,25.02594,121.50651,3
500113008,20231113,702,43,40,1,25.02594,121.50651,3
500113008,20231113,703,43,40,1,25.02594,121.50651,3
500113008,20231113,704,43,40,1,25.02594,121.50651,3
500113008,20231113,705,43,40,1,25.02594,121.50651,3
500113008,20231113,706,43,40,1,25.02594,121.50651,3
500113008,20231113,707,43,40,1,25.02594,121.50651,3
500113008,20231113,708,43,40,1,25.02594,121.50651,3
500113008,20231113,709,43,40,1,25.02594,121.50651,3
500113008,20231113,710,43,40,1,25.02594,121.50651,3
500113008,20231113,711,43,39,1,25.02594,121.50651,4
500113008,20231113,712,43,39,1,25.02594,121.50651,4
500113008,20231113,713,43,40,1,25.02594,121.50651,3
500113008,20231113,714,43,41,1,25.02594,121.50651,2
500113008,20231113,715,43,41,1,25.02594,121.50651,2
500113008,20231113,716,43,40,1,25.02594,121.50651,3
500113008,20231113,717,43,40,1,25.02594,121.50651,3
500113008,20231113,718,43,40,1,25.02594,121.50651,3
500113008,20231113,719,43,40,1,25.02594,121.50651,3
500113008,20231113,721,43,40,1,25.02594,121.50651,3
500113008,20231113,722,43,40,1,25.02594,121.50651,3
500113008,20231113,723,43,39,1,25.02594,121.50651,4
500113008,20231113,724,43,39,1,25.02594,121.50651,4
500113008,20231113,725,43,39,1,25.02594,121.50651,4
500113008,20231113,726,43,39,1,25.02594,121.50651,4
500113008,20231113,727,43,39,1,25.02594,121.50651,4
500113008,20231113,728,43,39,1,25.02594,121.50651,4
500113008,20231113,729,43,39,1,25.02594,121.50651,4
500113008,20231113,730,43,39,1,25.02594,121.50651,4
500113008,20231113,731,43,39,1,25.02594,121.50651,4
500113008,20231113,732,43,39,1,25.02594,121.50651,4
500113008,20231113,733,43,39,1,25.02594,121.50651,4
500113008,20231113,734,43,39,1,25.02594,121.50651,4
500113008,20231113,735,43,39,1,25.02594,121.50651,4
500113008,20231113,736,43,39,1,25.02594,121.50651,4
500113008,20231113,737,43,39,1,25.02594,121.50651,4
500113008,20231113,738,43,39,1,25.02594,121.50651,4
500113008,20231113,739,43,39,1,25.02594,121.50651,4
500113008,20231113,741,43,38,1,25.02594,121.50651,5
500113008,20231113,742,43,38,1,25.02594,121.50651,5
500113008,20231113,743,43,38,1,25.02594,121.50651,5
500113008,20231113,744,43,38,1,25.02594,121.50651,5
500113008,20231113,745,43,39,1,25.02594,121.50651,4
500113008,20231113,746,43,39,1,25.02594,121.50651,4
500113008,20231113,747,43,39,1,25.02594,121.50651,4
500113008,20231113,748,43,39,1,25.02594,121.50651,4
500113008,20231113,749,43,39,1,25.02594,121.50651,4
500113008,20231113,751,43,39,1,25.02594,121.50651,4
500113008,20231113,752,43,39,1,25.02594,121.50651,4
500113008,20231113,753,43,39,1,25.02594,121.50651,4
500113008,20231113,754,43,39,1,25.02594,121.50651,4
500113008,20231113,755,43,39,1,25.02594,121.50651,4
500113008,20231113,756,43,40,1,25.02594,121.50651,3
500113008,20231113,757,43,41,1,25.02594,121.50651,2
500113008,20231113,758,43,42,1,25.02594,121.50651,1
500113008,20231113,759,43,42,1,25.02594,121.50651,1
500113008,20231113,760,43,42,1,25.02594,121.50651,1
500113008,20231113,761,43,41,1,25.02594,121.50651,2
500113008,20231113,762,43,41,1,25.02594,121.50651,2
500113008,20231113,763,43,41,1,25.02594,121.50651,2
500113008,20231113,764,43,41,1,25.02594,121.50651,2
500113008,20231113,765,43,41,1,25.02594,121.50651,2
500113008,20231113,766,43,41,1,25.02594,121.50651,2
500113008,20231113,767,43,41,1,25.02594,121.50651,2
500113008,20231113,768,43,41,1,25.02594,121.50651,2
500113008,20231113,769,43,41,1,25.02594,121.50651,2
500113008,20231113,770,43,41,1,25.02594,121.50651,2
500113008,20231113,771,43,41,1,25.02594,121.50651,2
500113008,20231113,772,43,41,1,25.02594,121.50651,2
500113008,20231113,773,43,41,1,25.02594,121.50651,2
500113008,20231113,774,43,40,1,25.02594,121.50651,3
500113008,20231113,775,43,40,1,25.02594,121.50651,3
500113008,20231113,776,43,40,1,25.02594,121.50651,3
500113008,20231113,777,43,40,1,25.02594,121.50651,3
500113008,20231113,778,43,40,1,25.02594,121.50651,3
500113008,20231113,779,43,40,1,25.02594,121.50651,3
500113008,20231113,781,43,40,1,25.02594,121.50651,3
500113008,20231113,782,43,41,1,25.02594,121.50651,2
500113008,20231113,783,43,41,1,25.02594,121.50651,2
500113008,20231113,784,43,41,1,25.02594,121.50651,2
500113008,20231113,785,43,42,1,25.02594,121.50651,1
500113008,20231113,786,43,42,1,25.02594,121.50651,1
500113008,20231113,787,43,42,1,25.02594,121.50651,1
500113008,20231113,788,43,42,1,25.02594,121.50651,1
500113008,20231113,789,43,42,1,25.02594,121.50651,1
500113008,20231113,790,43,42,1,25.02594,121.50651,1
500113008,20231113,791,43,42,1,25.02594,121.50651,1
500113008,20231113,792,43,42,1,25.02594,121.50651,1
500113008,20231113,793,43,42,1,25.02594,121.50651,1
500113008,20231113,794,43,42,1,25.02594,121.50651,1
500113008,20231113,795,43,42,1,25.02594,121.50651,1
500113008,20231113,796,43,42,1,25.02594,121.50651,1
500113008,20231113,797,43,42,1,25.02594,121.50651,1
500113008,20231113,798,43,42,1,25.02594,121.50651,1
500113008,20231113,799,43,43,1,25.02594,121.50651,0
500113008,20231113,801,43,43,1,25.02594,121.50651,0
500113008,20231113,802,43,42,1,25.02594,121.50651,1
500113008,20231113,803,43,42,1,25.02594,121.50651,1
500113008,20231113,804,43,42,1,25.02594,121.50651,1
500113008,20231113,805,43,42,1,25.02594,121.50651,1
500113008,20231113,806,43,42,1,25.02594,121.50651,1
500113008,20231113,807,43,42,1,25.02594,121.50651,1
500113008,20231113,808,43,42,1,25.02594,121.50651,1
500113008,20231113,809,43,42,1,25.02594,121.50651,1
500113008,20231113,810,43,42,1,25.02594,121.50651,1
500113008,20231113,811,43,42,1,25.02594,121.50651,1
500113008,20231113,812,43,42,1,25.02594,121.50651,1
500113008,20231113,813,43,42,1,25.02594,121.50651,1
500113008,20231113,814,43,42,1,25.02594,121.50651,1
500113008,20231113,815,43,42,1,25.02594,121.50651,1
500113008,20231113,816,43,42,1,25.02594,121.50651,1
500113008,20231113,817,43,42,1,25.02594,121.50651,1
500113008,20231113,818,43,42,1,25.02594,121.50651,1
500113008,20231113,819,43,42,1,25.02594,121.50651,1
500113008,20231113,820,43,42,1,25.02594,121.50651,1
500113008,20231113,821,43,42,1,25.02594,121.50651,1
500113008,20231113,822,43,42,1,25.02594,121.50651,1
500113008,20231113,823,43,42,1,25.02594,121.50651,1
500113008,20231113,824,43,41,1,25.02594,121.50651,2
500113008,20231113,825,43,41,1,25.02594,121.50651,2
500113008,20231113,826,43,41,1,25.02594,121.50651,2
500113008,20231113,827,43,41,1,25.02594,121.50651,2
500113008,20231113,828,43,41,1,25.02594,121.50651,2
500113008,20231113,829,43,41,1,25.02594,121.50651,2
500113008,20231113,830,43,41,1,25.02594,121.50651,2
500113008,20231113,831,43,41,1,25.02594,121.50651,2
500113008,20231113,832,43,41,1,25.02594,121.50651,2
500113008,20231113,833,43,41,1,25.02594,121.50651,2
500113008,20231113,834,43,41,1,25.02594,121.50651,2
500113008,20231113,835,43,41,1,25.02594,121.50651,2
500113008,20231113,836,43,41,1,25.02594,121.50651,2
500113008,20231113,837,43,41,1,25.02594,121.50651,2
500113008,20231113,838,43,41,1,25.02594,121.50651,2
500113008,20231113,839,43,40,1,25.02594,121.50651,3
500113008,20231113,841,43,41,1,25.02594,121.50651,2
500113008,20231113,842,43,41,1,25.02594,121.50651,2
500113008,20231113,843,43,41,1,25.02594,121.50651,2
500113008,20231113,844,43,41,1,25.02594,121.50651,2
500113008,20231113,845,43,41,1,25.02594,121.50651,2
500113008,20231113,846,43,41,1,25.02594,121.50651,2
500113008,20231113,847,43,41,1,25.02594,121.50651,2
500113008,20231113,848,43,41,1,25.02594,121.50651,2
500113008,20231113,849,43,41,1,25.02594,121.50651,2
500113008,20231113,850,43,41,1,25.02594,121.50651,2
500113008,20231113,851,43,41,1,25.02594,121.50651,2
500113008,20231113,853,43,41,1,25.02594,121.50651,2
500113008,20231113,854,43,41,1,25.02594,121.50651,2
500113008,20231113,855,43,42,1,25.02594,121.50651,1
500113008,20231113,856,43,42,1,25.02594,121.50651,1
500113008,20231113,857,43,42,1,25.02594,121.50651,1
500113008,20231113,858,43,42,1,25.02594,121.50651,1
500113008,20231113,859,43,42,1,25.02594,121.50651,1
500113008,20231113,861,43,42,1,25.02594,121.50651,1
500113008,20231113,862,43,42,1,25.02594,121.50651,1
500113008,20231113,863,43,42,1,25.02594,121.50651,1
500113008,20231113,864,43,42,1,25.02594,121.50651,1
500113008,20231113,865,43,42,1,25.02594,121.50651,1
500113008,20231113,866,43,42,1,25.02594,121.50651,1
500113008,20231113,867,43,42,1,25.02594,121.50651,1
500113008,20231113,868,43,42,1,25.02594,121.50651,1
500113008,20231113,869,43,42,1,25.02594,121.50651,1
500113008,20231113,871,43,42,1,25.02594,121.50651,1
500113008,20231113,872,43,42,1,25.02594,121.50651,1
500113008,20231113,873,43,42,1,25.02594,121.50651,1
500113008,20231113,874,43,42,1,25.02594,121.50651,1
500113008,20231113,875,43,40,1,25.02594,121.50651,3
500113008,20231113,876,43,40,1,25.02594,121.50651,3
500113008,20231113,877,43,40,1,25.02594,121.50651,3
500113008,20231113,878,43,40,1,25.02594,121.50651,3
500113008,20231113,879,43,40,1,25.02594,121.50651,3
500113008,20231113,881,43,41,1,25.02594,121.50651,2
500113008,20231113,882,43,41,1,25.02594,121.50651,2
500113008,20231113,883,43,41,1,25.02594,121.50651,2
500113008,20231113,884,43,41,1,25.02594,121.50651,2
500113008,20231113,885,43,41,1,25.02594,121.50651,2
500113008,20231113,886,43,41,1,25.02594,121.50651,2
500113008,20231113,887,43,41,1,25.02594,121.50651,2
500113008,20231113,888,43,41,1,25.02594,121.50651,2
500113008,20231113,889,43,41,1,25.02594,121.50651,2
500113008,20231113,891,43,41,1,25.02594,121.50651,2
500113008,20231113,892,43,41,1,25.02594,121.50651,2
500113008,20231113,893,43,41,1,25.02594,121.50651,2
500113008,20231113,894,43,41,1,25.02594,121.50651,2
500113008,20231113,895,43,41,1,25.02594,121.50651,2
500113008,20231113,896,43,40,1,25.02594,121.50651,3
500113008,20231113,897,43,40,1,25.02594,121.50651,3
500113008,20231113,898,43,41,1,25.02594,121.50651,2
500113008,20231113,899,43,41,1,25.02594,121.50651,2
500113008,20231113,901,43,40,1,25.02594,121.50651,3
500113008,20231113,902,43,39,1,25.02594,121.50651,4
500113008,20231113,903,43,39,1,25.02594,121.50651,4
500113008,20231113,904,43,39,1,25.02594,121.50651,4
500113008,20231113,905,43,39,1,25.02594,121.50651,4
500113008,20231113,906,43,39,1,25.02594,121.50651,4
500113008,20231113,907,43,38,1,25.02594,121.50651,5
500113008,20231113,908,43,38,1,25.02594,121.50651,5
500113008,20231113,909,43,38,1,25.02594,121.50651,5
500113008,20231113,911,43,38,1,25.02594,121.50651,5
500113008,20231113,912,43,37,1,25.02594,121.50651,6
500113008,20231113,913,43,37,1,25.02594,121.50651,6
500113008,20231113,914,43,37,1,25.02594,121.50651,6
500113008,20231113,915,43,37,1,25.02594,121.50651,6
500113008,20231113,916,43,38,1,25.02594,121.50651,5
500113008,20231113,917,43,38,1,25.02594,121.50651,5
500113008,20231113,918,43,39,1,25.02594,121.50651,4
500113008,20231113,919,43,39,1,25.02594,121.50651,4
500113008,20231113,921,43,39,1,25.02594,121.50651,4
500113008,20231113,922,43,39,1,25.02594,121.50651,4
500113008,20231113,923,43,39,1,25.02594,121.50651,4
500113008,20231113,924,43,39,1,25.02594,121.50651,4
500113008,20231113,925,43,39,1,25.02594,121.50651,4
500113008,20231113,926,43,39,1,25.02594,121.50651,4
500113008,20231113,927,43,39,1,25.02594,121.50651,4
500113008,20231113,928,43,39,1,25.02594,121.50651,4
500113008,20231113,929,43,40,1,25.02594,121.50651,3
500113008,20231113,931,43,40,1,25.02594,121.50651,3
500113008,20231113,932,43,39,1,25.02594,121.50651,4
500113008,20231113,933,43,39,1,25.02594,121.50651,4
500113008,20231113,934,43,39,1,25.02594,121.50651,4
500113008,20231113,935,43,40,1,25.02594,121.50651,3
500113008,20231113,936,43,40,1,25.02594,121.50651,3
500113008,20231113,937,43,40,1,25.02594,121.50651,3
500113008,20231113,938,43,40,1,25.02594,121.50651,3
500113008,20231113,939,43,39,1,25.02594,121.50651,4
500113008,20231113,941,43,39,1,25.02594,121.50651,4
500113008,20231113,942,43,39,1,25.02594,121.50651,4
500113008,20231113,943,43,39,1,25.02594,121.50651,4
500113008,20231113,944,43,39,1,25.02594,121.50651,4
500113008,20231113,945,43,40,1,25.02594,121.50651,3
500113008,20231113,946,43,40,1,25.02594,121.50651,3
500113008,20231113,947,43,40,1,25.02594,121.50651,3
500113008,20231113,948,43,39,1,25.02594,121.50651,4
500113008,20231113,949,43,40,1,25.02594,121.50651,3
500113008,20231113,951,43,40,1,25.02594,121.50651,3
500113008,20231113,952,43,40,1,25.02594,121.50651,3
500113008,20231113,953,43,39,1,25.02594,121.50651,4
500113008,20231113,954,43,37,1,25.02594,121.50651,6
500113008,20231113,955,43,37,1,25.02594,121.50651,6
500113008,20231113,956,43,37,1,25.02594,121.50651,6
500113008,20231113,957,43,37,1,25.02594,121.50651,6
500113008,20231113,958,43,37,1,25.02594,121.50651,6
500113008,20231113,959,43,37,1,25.02594,121.50651,6
500113008,20231113,961,43,38,1,25.02594,121.50651,5
500113008,20231113,962,43,40,1,25.02594,121.50651,3
500113008,20231113,963,43,39,1,25.02594,121.50651,4
500113008,20231113,964,43,40,1,25.02594,121.50651,3
500113008,20231113,965,43,40,1,25.02594,121.50651,3
500113008,20231113,966,43,40,1,25.02594,121.50651,3
500113008,20231113,967,43,40,1,25.02594,121.50651,3
500113008,20231113,968,43,40,1,25.02594,121.50651,3
500113008,20231113,969,43,41,1,25.02594,121.50651,2
500113008,20231113,970,43,41,1,25.02594,121.50651,2
500113008,20231113,971,43,41,1,25.02594,121.50651,2
500113008,20231113,972,43,41,1,25.02594,121.50651,2
500113008,20231113,973,43,41,1,25.02594,121.50651,2
500113008,20231113,974,43,41,1,25.02594,121.50651,2
500113008,20231113,975,43,40,1,25.02594,121.50651,3
500113008,20231113,976,43,40,1,25.02594,121.50651,3
500113008,20231113,977,43,40,1,25.02594,121.50651,3
500113008,20231113,978,43,39,1,25.02594,121.50651,4
500113008,20231113,979,43,39,1,25.02594,121.50651,4
500113008,20231113,981,43,39,1,25.02594,121.50651,4
500113008,20231113,982,43,39,1,25.02594,121.50651,4
500113008,20231113,983,43,40,1,25.02594,121.50651,3
500113008,20231113,984,43,40,1,25.02594,121.50651,3
500113008,20231113,985,43,39,1,25.02594,121.50651,4
500113008,20231113,986,43,39,1,25.02594,121.50651,4
500113008,20231113,987,43,39,1,25.02594,121.50651,4
500113008,20231113,988,43,39,1,25.02594,121.50651,4
500113008,20231113,989,43,39,1,25.02594,121.50651,4
500113008,20231113,991,43,39,1,25.02594,121.50651,4
500113008,20231113,992,43,39,1,25.02594,121.50651,4
500113008,20231113,993,43,39,1,25.02594,121.50651,4
500113008,20231113,994,43,39,1,25.02594,121.50651,4
500113008,20231113,995,43,39,1,25.02594,121.50651,4
500113008,20231113,996,43,39,1,25.02594,121.50651,4
500113008,20231113,997,43,39,1,25.02594,121.50651,4
500113008,20231113,998,43,39,1,25.02594,121.50651,4
500113008,20231113,999,43,39,1,25.02594,121.50651,4
500113008,20231113,1000,43,40,1,25.02594,121.50651,3
500113008,20231113,1001,43,40,1,25.02594,121.50651,3
500113008,20231113,1002,43,39,1,25.02594,121.50651,4
500113008,20231113,1003,43,40,1,25.02594,121.50651,3
500113008,20231113,1004,43,40,1,25.02594,121.50651,3
500113008,20231113,1005,43,40,1,25.02594,121.50651,3
500113008,20231113,1006,43,40,1,25.02594,121.50651,3
500113008,20231113,1007,43,40,1,25.02594,121.50651,3
500113008,20231113,1008,43,40,1,25.02594,121.50651,3
500113008,20231113,1009,43,40,1,25.02594,121.50651,3
500113008,20231113,1010,43,40,1,25.02594,121.50651,3
500113008,20231113,1011,43,40,1,25.02594,121.50651,3
500113008,20231113,1012,43,40,1,25.02594,121.50651,3
500113008,20231113,1013,43,40,1,25.02594,121.50651,3
500113008,20231113,1014,43,40,1,25.02594,121.50651,3
500113008,20231113,1015,43,40,1,25.02594,121.50651,3
500113008,20231113,1016,43,39,1,25.02594,121.50651,4
500113008,20231113,1017,43,39,1,25.02594,121.50651,4
500113008,20231113,1018,43,39,1,25.02594,121.50651,4
500113008,20231113,1019,43,39,1,25.02594,121.50651,4
500113008,20231113,1021,43,38,1,25.02594,121.50651,5
500113008,20231113,1022,43,38,1,25.02594,121.50651,5
500113008,20231113,1023,43,38,1,25.02594,121.50651,5
500113008,20231113,1024,43,38,1,25.02594,121.50651,5
500113008,20231113,1025,43,38,1,25.02594,121.50651,5
500113008,20231113,1026,43,39,1,25.02594,121.50651,4
500113008,20231113,1027,43,39,1,25.02594,121.50651,4
500113008,20231113,1028,43,40,1,25.02594,121.50651,3
500113008,20231113,1029,43,40,1,25.02594,121.50651,3
500113008,20231113,1030,43,39,1,25.02594,121.50651,4
500113008,20231113,1031,43,39,1,25.02594,121.50651,4
500113008,20231113,1032,43,39,1,25.02594,121.50651,4
500113008,20231113,1033,43,39,1,25.02594,121.50651,4
500113008,20231113,1034,43,38,1,25.02594,121.50651,5
500113008,20231113,1035,43,38,1,25.02594,121.50651,5
500113008,20231113,1036,43,38,1,25.02594,121.50651,5
500113008,20231113,1037,43,38,1,25.02594,121.50651,5
500113008,20231113,1038,43,38,1,25.02594,121.50651,5
500113008,20231113,1039,43,38,1,25.02594,121.50651,5
500113008,20231113,1041,43,38,1,25.02594,121.50651,5
500113008,20231113,1042,43,38,1,25.02594,121.50651,5
500113008,20231113,1043,43,38,1,25.02594,121.50651,5
500113008,20231113,1044,43,39,1,25.02594,121.50651,4
500113008,20231113,1045,43,39,1,25.02594,121.50651,4
500113008,20231113,1046,43,38,1,25.02594,121.50651,5
500113008,20231113,1047,43,38,1,25.02594,121.50651,5
500113008,20231113,1048,43,38,1,25.02594,121.50651,5
500113008,20231113,1049,43,38,1,25.02594,121.50651,5
500113008,20231113,1051,43,37,1,25.02594,121.50651,6
500113008,20231113,1052,43,38,1,25.02594,121.50651,5
500113008,20231113,1053,43,40,1,25.02594,121.50651,3
500113008,20231113,1054,43,40,1,25.02594,121.50651,3
500113008,20231113,1055,43,41,1,25.02594,121.50651,2
500113008,20231113,1056,43,41,1,25.02594,121.50651,2
500113008,20231113,1057,43,41,1,25.02594,121.50651,2
500113008,20231113,1058,43,41,1,25.02594,121.50651,2
500113008,20231113,1059,43,41,1,25.02594,121.50651,2
500113008,20231113,1060,43,40,1,25.02594,121.50651,3
500113008,20231113,1061,43,40,1,25.02594,121.50651,3
500113008,20231113,1062,43,40,1,25.02594,121.50651,3
500113008,20231113,1063,43,40,1,25.02594,121.50651,3
500113008,20231113,1064,43,40,1,25.02594,121.50651,3
500113008,20231113,1065,43,40,1,25.02594,121.50651,3
500113008,20231113,1066,43,39,1,25.02594,121.50651,4
500113008,20231113,1067,43,39,1,25.02594,121.50651,4
500113008,20231113,1068,43,39,1,25.02594,121.50651,4
500113008,20231113,1069,43,39,1,25.02594,121.50651,4
500113008,20231113,1070,43,39,1,25.02594,121.50651,4
500113008,20231113,1071,43,39,1,25.02594,121.50651,4
500113008,20231113,1072,43,38,1,25.02594,121.50651,5
500113008,20231113,1073,43,38,1,25.02594,121.50651,5
500113008,20231113,1074,43,38,1,25.02594,121.50651,5
500113008,20231113,1075,43,38,1,25.02594,121.50651,5
500113008,20231113,1076,43,37,1,25.02594,121.50651,6
500113008,20231113,1077,43,37,1,25.02594,121.50651,6
500113008,20231113,1078,43,36,1,25.02594,121.50651,7
500113008,20231113,1079,43,36,1,25.02594,121.50651,7
500113008,20231113,1081,43,36,1,25.02594,121.50651,7
500113008,20231113,1082,43,36,1,25.02594,121.50651,7
500113008,20231113,1083,43,36,1,25.02594,121.50651,7
500113008,20231113,1084,43,37,1,25.02594,121.50651,6
500113008,20231113,1085,43,36,1,25.02594,121.50651,7
500113008,20231113,1086,43,36,1,25.02594,121.50651,7
500113008,20231113,1087,43,36,1,25.02594,121.50651,7
500113008,20231113,1088,43,36,1,25.02594,121.50651,7
500113008,20231113,1089,43,36,1,25.02594,121.50651,7
500113008,20231113,1090,43,36,1,25.02594,121.50651,7
500113008,20231113,1091,43,36,1,25.02594,121.50651,7
500113008,20231113,1092,43,36,1,25.02594,121.50651,7
500113008,20231113,1093,43,36,1,25.02594,121.50651,7
500113008,20231113,1094,43,37,1,25.02594,121.50651,6
500113008,20231113,1095,43,37,1,25.02594,121.50651,6
500113008,20231113,1096,43,37,1,25.02594,121.50651,6
500113008,20231113,1097,43,37,1,25.02594,121.50651,6
500113008,20231113,1098,43,37,1,25.02594,121.50651,6
500113008,20231113,1099,43,37,1,25.02594,121.50651,6
500113008,20231113,1101,43,36,1,25.02594,121.50651,7
500113008,20231113,1102,43,36,1,25.02594,121.50651,7
500113008,20231113,1103,43,36,1,25.02594,121.50651,7
500113008,20231113,1104,43,36,1,25.02594,121.50651,7
500113008,20231113,1105,43,36,1,25.02594,121.50651,7
500113008,20231113,1106,43,36,1,25.02594,121.50651,7
500113008,20231113,1107,43,36,1,25.02594,121.50651,7
500113008,20231113,1108,43,36,1,25.02594,121.50651,7
500113008,20231113,1109,43,36,1,25.02594,121.50651,7
500113008,20231113,1111,43,35,1,25.02594,121.50651,8
500113008,20231113,1112,43,35,1,25.02594,121.50651,8
500113008,20231113,1113,43,35,1,25.02594,121.50651,8
500113008,20231113,1114,43,35,1,25.02594,121.50651,8
500113008,20231113,1115,43,35,1,25.02594,121.50651,8
500113008,20231113,1116,43,35,1,25.02594,121.50651,8
500113008,20231113,1117,43,34,1,25.02594,121.50651,9
500113008,20231113,1118,43,35,1,25.02594,121.50651,8
500113008,20231113,1119,43,35,1,25.02594,121.50651,8
500113008,20231113,1121,43,35,1,25.02594,121.50651,8
500113008,20231113,1123,43,35,1,25.02594,121.50651,8
500113008,20231113,1124,43,35,1,25.02594,121.50651,8
500113008,20231113,1125,43,35,1,25.02594,121.50651,8
500113008,20231113,1126,43,34,1,25.02594,121.50651,9
500113008,20231113,1127,43,34,1,25.02594,121.50651,9
500113008,20231113,1128,43,34,1,25.02594,121.50651,9
500113008,20231113,1129,43,34,1,25.02594,121.50651,9
500113008,20231113,1131,43,35,1,25.02594,121.50651,8
500113008,20231113,1132,43,35,1,25.02594,121.50651,8
500113008,20231113,1133,43,35,1,25.02594,121.50651,8
500113008,20231113,1134,43,35,1,25.02594,121.50651,8
500113008,20231113,1135,43,35,1,25.02594,121.50651,8
500113008,20231113,1136,43,34,1,25.02594,121.50651,9
500113008,20231113,1137,43,34,1,25.02594,121.50651,9
500113008,20231113,1138,43,34,1,25.02594,121.50651,9
500113008,20231113,1139,43,33,1,25.02594,121.50651,10
500113008,20231113,1141,43,33,1,25.02594,121.50651,10
500113008,20231113,1142,43,33,1,25.02594,121.50651,10
500113008,20231113,1143,43,33,1,25.02594,121.50651,10
500113008,20231113,1144,43,33,1,25.02594,121.50651,10
500113008,20231113,1145,43,32,1,25.02594,121.50651,11
500113008,20231113,1146,43,32,1,25.02594,121.50651,11
500113008,20231113,1147,43,31,1,25.02594,121.50651,12
500113008,20231113,1148,43,31,1,25.02594,121.50651,12
500113008,20231113,1149,43,31,1,25.02594,121.50651,12
500113008,20231113,1151,43,31,1,25.02594,121.50651,12
500113008,20231113,1152,43,31,1,25.02594,121.50651,12
500113008,20231113,1153,43,31,1,25.02594,121.50651,12
500113008,20231113,1154,43,31,1,25.02594,121.50651,12
500113008,20231113,1155,43,31,1,25.02594,121.50651,12
500113008,20231113,1156,43,31,1,25.02594,121.50651,12
500113008,20231113,1157,43,31,1,25.02594,121.50651,12
500113008,20231113,1158,43,33,1,25.02594,121.50651,10
500113008,20231113,1159,43,33,1,25.02594,121.50651,10
500113008,20231113,1161,43,33,1,25.02594,121.50651,10
500113008,20231113,1162,43,33,1,25.02594,121.50651,10
500113008,20231113,1163,43,33,1,25.02594,121.50651,10
500113008,20231113,1164,43,32,1,25.02594,121.50651,11
500113008,20231113,1165,43,32,1,25.02594,121.50651,11
500113008,20231113,1166,43,32,1,25.02594,121.50651,11
500113008,20231113,1167,43,32,1,25.02594,121.50651,11
500113008,20231113,1168,43,32,1,25.02594,121.50651,11
500113008,20231113,1169,43,32,1,25.02594,121.50651,11
500113008,20231113,1171,43,31,1,25.02594,121.50651,12
500113008,20231113,1172,43,30,1,25.02594,121.50651,13
500113008,20231113,1173,43,30,1,25.02594,121.50651,13
500113008,20231113,1174,43,30,1,25.02594,121.50651,13
500113008,20231113,1175,43,30,1,25.02594,121.50651,13
500113008,20231113,1176,43,30,1,25.02594,121.50651,13
500113008,20231113,1177,43,29,1,25.02594,121.50651,14
500113008,20231113,1178,43,29,1,25.02594,121.50651,14
500113008,20231113,1179,43,29,1,25.02594,121.50651,14
500113008,20231113,1181,43,28,1,25.02594,121.50651,15
500113008,20231113,1182,43,28,1,25.02594,121.50651,15
500113008,20231113,1183,43,28,1,25.02594,121.50651,15
500113008,20231113,1184,43,28,1,25.02594,121.50651,15
500113008,20231113,1185,43,28,1,25.02594,121.50651,15
500113008,20231113,1186,43,28,1,25.02594,121.50651,15
500113008,20231113,1187,43,28,1,25.02594,121.50651,15
500113008,20231113,1188,43,28,1,25.02594,121.50651,15
500113008,20231113,1189,43,28,1,25.02594,121.50651,15
500113008,20231113,1191,43,27,1,25.02594,121.50651,16
500113008,20231113,1192,43,27,1,25.02594,121.50651,16
500113008,20231113,1193,43,27,1,25.02594,121.50651,16
500113008,20231113,1194,43,27,1,25.02594,121.50651,16
500113008,20231113,1195,43,27,1,25.02594,121.50651,16
500113008,20231113,1196,43,26,1,25.02594,121.50651,17
500113008,20231113,1197,43,26,1,25.02594,121.50651,17
500113008,20231113,1198,43,27,1,25.02594,121.50651,16
500113008,20231113,1199,43,27,1,25.02594,121.50651,16
500113008,20231113,1201,43,27,1,25.02594,121.50651,16
500113008,20231113,1202,43,27,1,25.02594,121.50651,16
500113008,20231113,1203,43,27,1,25.02594,121.50651,16
500113008,20231113,1204,43,27,1,25.02594,121.50651,16
500113008,20231113,1205,43,26,1,25.02594,121.50651,17
500113008,20231113,1206,43,26,1,25.02594,121.50651,17
500113008,20231113,1207,43,26,1,25.02594,121.50651,17
500113008,20231113,1209,43,26,1,25.02594,121.50651,17
500113008,20231113,1211,43,26,1,25.02594,121.50651,17
500113008,20231113,1212,43,26,1,25.02594,121.50651,17
500113008,20231113,1213,43,26,1,25.02594,121.50651,17
500113008,20231113,1214,43,26,1,25.02594,121.50651,17
500113008,20231113,1215,43,25,1,25.02594,121.50651,18
500113008,20231113,1216,43,25,1,25.02594,121.50651,18
500113008,20231113,1217,43,25,1,25.02594,121.50651,18
500113008,20231113,1218,43,25,1,25.02594,121.50651,18
500113008,20231113,1219,43,25,1,25.02594,121.50651,18
500113008,20231113,1221,43,24,1,25.02594,121.50651,19
500113008,20231113,1222,43,25,1,25.02594,121.50651,18
500113008,20231113,1223,43,25,1,25.02594,121.50651,18
500113008,20231113,1224,43,25,1,25.02594,121.50651,18
500113008,20231113,1225,43,25,1,25.02594,121.50651,18
500113008,20231113,1226,43,25,1,25.02594,121.50651,18
500113008,20231113,1227,43,25,1,25.02594,121.50651,18
500113008,20231113,1228,43,26,1,25.02594,121.50651,17
500113008,20231113,1229,43,26,1,25.02594,121.50651,17
500113008,20231113,1231,43,26,1,25.02594,121.50651,17
500113008,20231113,1232,43,26,1,25.02594,121.50651,17
500113008,20231113,1233,43,26,1,25.02594,121.50651,17
500113008,20231113,1234,43,26,1,25.02594,121.50651,17
500113008,20231113,1235,43,26,1,25.02594,121.50651,17
500113008,20231113,1236,43,26,1,25.02594,121.50651,17
500113008,20231113,1237,43,26,1,25.02594,121.50651,17
500113008,20231113,1238,43,28,1,25.02594,121.50651,15
500113008,20231113,1239,43,28,1,25.02594,121.50651,15
500113008,20231113,1240,43,28,1,25.02594,121.50651,15
500113008,20231113,1241,43,28,1,25.02594,121.50651,15
500113008,20231113,1242,43,27,1,25.02594,121.50651,16
500113008,20231113,1243,43,28,1,25.02594,121.50651,15
500113008,20231113,1244,43,28,1,25.02594,121.50651,15
500113008,20231113,1245,43,28,1,25.02594,121.50651,15
500113008,20231113,1246,43,28,1,25.02594,121.50651,15
500113008,20231113,1247,43,27,1,25.02594,121.50651,16
500113008,20231113,1248,43,28,1,25.02594,121.50651,15
500113008,20231113,1249,43,28,1,25.02594,121.50651,15
500113008,20231113,1250,43,28,1,25.02594,121.50651,15
500113008,20231113,1251,43,28,1,25.02594,121.50651,15
500113008,20231113,1252,43,28,1,25.02594,121.50651,15
500113008,20231113,1253,43,28,1,25.02594,121.50651,15
500113008,20231113,1254,43,29,1,25.02594,121.50651,14
500113008,20231113,1255,43,29,1,25.02594,121.50651,14
500113008,20231113,1256,43,29,1,25.02594,121.50651,14
500113008,20231113,1257,43,28,1,25.02594,121.50651,15
500113008,20231113,1258,43,28,1,25.02594,121.50651,15
500113008,20231113,1259,43,28,1,25.02594,121.50651,15
500113008,20231113,1261,43,28,1,25.02594,121.50651,15
500113008,20231113,1262,43,28,1,25.02594,121.50651,15
500113008,20231113,1263,43,28,1,25.02594,121.50651,15
500113008,20231113,1264,43,28,1,25.02594,121.50651,15
500113008,20231113,1265,43,28,1,25.02594,121.50651,15
500113008,20231113,1266,43,29,1,25.02594,121.50651,14
500113008,20231113,1267,43,29,1,25.02594,121.50651,14
500113008,20231113,1268,43,31,1,25.02594,121.50651,12
500113008,20231113,1269,43,32,1,25.02594,121.50651,11
500113008,20231113,1270,43,32,1,25.02594,121.50651,11
500113008,20231113,1271,43,32,1,25.02594,121.50651,11
500113008,20231113,1272,43,32,1,25.02594,121.50651,11
500113008,20231113,1273,43,32,1,25.02594,121.50651,11
500113008,20231113,1274,43,32,1,25.02594,121.50651,11
500113008,20231113,1275,43,33,1,25.02594,121.50651,10
500113008,20231113,1276,43,33,1,25.02594,121.50651,10
500113008,20231113,1277,43,32,1,25.02594,121.50651,11
500113008,20231113,1278,43,30,1,25.02594,121.50651,13
500113008,20231113,1279,43,30,1,25.02594,121.50651,13
500113008,20231113,1281,43,30,1,25.02594,121.50651,13
500113008,20231113,1282,43,30,1,25.02594,121.50651,13
500113008,20231113,1283,43,30,1,25.02594,121.50651,13
500113008,20231113,1284,43,30,1,25.02594,121.50651,13
500113008,20231113,1285,43,30,1,25.02594,121.50651,13
500113008,20231113,1286,43,30,1,25.02594,121.50651,13
500113008,20231113,1287,43,30,1,25.02594,121.50651,13
500113008,20231113,1288,43,31,1,25.02594,121.50651,12
500113008,20231113,1289,43,31,1,25.02594,121.50651,12
500113008,20231113,1291,43,32,1,25.02594,121.50651,11
500113008,20231113,1292,43,32,1,25.02594,121.50651,11
500113008,20231113,1293,43,34,1,25.02594,121.50651,9
500113008,20231113,1294,43,34,1,25.02594,121.50651,9
500113008,20231113,1295,43,33,1,25.02594,121.50651,10
500113008,20231113,1296,43,33,1,25.02594,121.50651,10
500113008,20231113,1297,43,33,1,25.02594,121.50651,10
500113008,20231113,1298,43,33,1,25.02594,121.50651,10
500113008,20231113,1299,43,33,1,25.02594,121.50651,10
500113008,20231113,1300,43,33,1,25.02594,121.50651,10
500113008,20231113,1301,43,33,1,25.02594,121.50651,10
500113008,20231113,1302,43,33,1,25.02594,121.50651,10
500113008,20231113,1303,43,33,1,25.02594,121.50651,10
500113008,20231113,1304,43,33,1,25.02594,121.50651,10
500113008,20231113,1305,43,33,1,25.02594,121.50651,10
500113008,20231113,1306,43,33,1,25.02594,121.50651,10
500113008,20231113,1307,43,33,1,25.02594,121.50651,10
500113008,20231113,1308,43,34,1,25.02594,121.50651,9
500113008,20231113,1309,43,34,1,25.02594,121.50651,9
500113008,20231113,1310,43,34,1,25.02594,121.50651,9
500113008,20231113,1311,43,34,1,25.02594,121.50651,9
500113008,20231113,1312,43,34,1,25.02594,121.50651,9
500113008,20231113,1313,43,34,1,25.02594,121.50651,9
500113008,20231113,1314,43,34,1,25.02594,121.50651,9
500113008,20231113,1315,43,34,1,25.02594,121.50651,9
500113008,20231113,1316,43,34,1,25.02594,121.50651,9
500113008,20231113,1317,43,34,1,25.02594,121.50651,9
500113008,20231113,1318,43,34,1,25.02594,121.50651,9
500113008,20231113,1319,43,35,1,25.02594,121.50651,8
500113008,20231113,1321,43,36,1,25.02594,121.50651,7
500113008,20231113,1322,43,36,1,25.02594,121.50651,7
500113008,20231113,1323,43,36,1,25.02594,121.50651,7
500113008,20231113,1324,43,36,1,25.02594,121.50651,7
500113008,20231113,1325,43,36,1,25.02594,121.50651,7
500113008,20231113,1326,43,36,1,25.02594,121.50651,7
500113008,20231113,1327,43,35,1,25.02594,121.50651,8
500113008,20231113,1328,43,35,1,25.02594,121.50651,8
500113008,20231113,1329,43,35,1,25.02594,121.50651,8
500113008,20231113,1330,43,35,1,25.02594,121.50651,8
500113008,20231113,1331,43,34,1,25.02594,121.50651,9
500113008,20231113,1332,43,34,1,25.02594,121.50651,9
500113008,20231113,1333,43,34,1,25.02594,121.50651,9
500113008,20231113,1334,43,34,1,25.02594,121.50651,9
500113008,20231113,1335,43,34,1,25.02594,121.50651,9
500113008,20231113,1336,43,34,1,25.02594,121.50651,9
500113008,20231113,1337,43,33,1,25.02594,121.50651,10
500113008,20231113,1338,43,33,1,25.02594,121.50651,10
500113008,20231113,1339,43,33,1,25.02594,121.50651,10
500113008,20231113,1341,43,34,1,25.02594,121.50651,9
500113008,20231113,1342,43,34,1,25.02594,121.50651,9
500113008,20231113,1343,43,34,1,25.02594,121.50651,9
500113008,20231113,1344,43,34,1,25.02594,121.50651,9
500113008,20231113,1345,43,34,1,25.02594,121.50651,9
500113008,20231113,1346,43,34,1,25.02594,121.50651,9
500113008,20231113,1347,43,34,1,25.02594,121.50651,9
500113008,20231113,1348,43,33,1,25.02594,121.50651,10
500113008,20231113,1349,43,33,1,25.02594,121.50651,10
500113008,20231113,1350,43,33,1,25.02594,121.50651,10
500113008,20231113,1351,43,33,1,25.02594,121.50651,10
500113008,20231113,1352,43,33,1,25.02594,121.50651,10
500113008,20231113,1353,43,33,1,25.02594,121.50651,10
500113008,20231113,1354,43,33,1,25.02594,121.50651,10
500113008,20231113,1355,43,33,1,25.02594,121.50651,10
500113008,20231113,1356,43,33,1,25.02594,121.50651,10
500113008,20231113,1357,43,33,1,25.02594,121.50651,10
500113008,20231113,1358,43,33,1,25.02594,121.50651,10
500113008,20231113,1359,43,32,1,25.02594,121.50651,11
500113008,20231113,1360,43,32,1,25.02594,121.50651,11
500113008,20231113,1361,43,32,1,25.02594,121.50651,11
500113008,20231113,1362,43,32,1,25.02594,121.50651,11
500113008,20231113,1363,43,32,1,25.02594,121.50651,11
500113008,20231113,1364,43,32,1,25.02594,121.50651,11
500113008,20231113,1365,43,32,1,25.02594,121.50651,11
500113008,20231113,1366,43,33,1,25.02594,121.50651,10
500113008,20231113,1367,43,32,1,25.02594,121.50651,11
500113008,20231113,1368,43,32,1,25.02594,121.50651,11
500113008,20231113,1369,43,32,1,25.02594,121.50651,11
500113008,20231113,1370,43,32,1,25.02594,121.50651,11
500113008,20231113,1371,43,32,1,25.02594,121.50651,11
500113008,20231113,1372,43,32,1,25.02594,121.50651,11
500113008,20231113,1373,43,32,1,25.02594,121.50651,11
500113008,20231113,1374,43,32,1,25.02594,121.50651,11
500113008,20231113,1375,43,32,1,25.02594,121.50651,11
500113008,20231113,1376,43,32,1,25.02594,121.50651,11
500113008,20231113,1377,43,32,1,25.02594,121.50651,11
500113008,20231113,1378,43,32,1,25.02594,121.50651,11
500113008,20231113,1379,43,32,1,25.02594,121.50651,11
500113008,20231113,1381,43,33,1,25.02594,121.50651,10
500113008,20231113,1382,43,33,1,25.02594,121.50651,10
500113008,20231113,1383,43,32,1,25.02594,121.50651,11
500113008,20231113,1384,43,32,1,25.02594,121.50651,11
500113008,20231113,1386,43,32,1,25.02594,121.50651,11
500113008,20231113,1387,43,32,1,25.02594,121.50651,11
500113008,20231113,1388,43,32,1,25.02594,121.50651,11
500113008,20231113,1389,43,32,1,25.02594,121.50651,11
500113008,20231113,1391,43,32,1,25.02594,121.50651,11
500113008,20231113,1392,43,32,1,25.02594,121.50651,11
500113008,20231113,1393,43,32,1,25.02594,121.50651,11
500113008,20231113,1394,43,32,1,25.02594,121.50651,11
500113008,20231113,1395,43,32,1,25.02594,121.50651,11
500113008,20231113,1396,43,32,1,25.02594,121.50651,11
500113008,20231113,1397,43,32,1,25.02594,121.50651,11
500113008,20231113,1398,43,31,1,25.02594,121.50651,12
500113008,20231113,1399,43,31,1,25.02594,121.50651,12
500113008,20231113,1401,43,31,1,25.02594,121.50651,12
500113008,20231113,1402,43,31,1,25.02594,121.50651,12
500113008,20231113,1403,43,31,1,25.02594,121.50651,12
500113008,20231113,1404,43,29,1,25.02594,121.50651,14
500113008,20231113,1405,43,29,1,25.02594,121.50651,14
500113008,20231113,1406,43,29,1,25.02594,121.50651,14
500113008,20231113,1407,43,29,1,25.02594,121.50651,14
500113008,20231113,1408,43,29,1,25.02594,121.50651,14
500113008,20231113,1409,43,29,1,25.02594,121.50651,14
500113008,20231113,1411,43,29,1,25.02594,121.50651,14
500113008,20231113,1412,43,29,1,25.02594,121.50651,14
500113008,20231113,1413,43,29,1,25.02594,121.50651,14
500113008,20231113,1414,43,29,1,25.02594,121.50651,14
500113008,20231113,1415,43,29,1,25.02594,121.50651,14
500113008,20231113,1416,43,29,1,25.02594,121.50651,14
500113008,20231113,1417,43,29,1,25.02594,121.50651,14
500113008,20231113,1418,43,29,1,25.02594,121.50651,14
500113008,20231113,1419,43,29,1,25.02594,121.50651,14
500113008,20231113,1421,43,31,1,25.02594,121.50651,12
500113008,20231113,1422,43,31,1,25.02594,121.50651,12
500113008,20231113,1423,43,31,1,25.02594,121.50651,12
500113008,20231113,1424,43,31,1,25.02594,121.50651,12
500113008,20231113,1425,43,31,1,25.02594,121.50651,12
500113008,20231113,1426,43,31,1,25.02594,121.50651,12
500113008,20231113,1427,43,31,1,25.02594,121.50651,12
500113008,20231113,1428,43,31,1,25.02594,121.50651,12
500113008,20231113,1429,43,31,1,25.02594,121.50651,12
500113008,20231113,1431,43,31,1,25.02594,121.50651,12
500113008,20231113,1432,43,31,1,25.02594,121.50651,12
500113008,20231113,1433,43,31,1,25.02594,121.50651,12
500113008,20231113,1434,43,31,1,25.02594,121.50651,12
500113008,20231113,1435,43,31,1,25.02594,121.50651,12
500113008,20231113,1436,43,31,1,25.02594,121.50651,12
500113008,20231113,1437,43,31,1,25.02594,121.50651,12
500113008,20231113,1438,43,31,1,25.02594,121.50651,12
500113008,20231113,1439,43,30,1,25.02594,121.50651,13
500113008,20231114,1,43,30,1,25.02594,121.50651,13
500113008,20231114,2,43,30,1,25.02594,121.50651,13
500113008,20231114,3,43,30,1,25.02594,121.50651,13
500113008,20231114,4,43,30,1,25.02594,121.50651,13
500113008,20231114,5,43,30,1,25.02594,121.50651,13
500113008,20231114,6,43,30,1,25.02594,121.50651,13
500113008,20231114,7,43,30,1,25.02594,121.50651,13
500113008,20231114,8,43,30,1,25.02594,121.50651,13
500113008,20231114,9,43,30,1,25.02594,121.50651,13
500113008,20231114,11,43,30,1,25.02594,121.50651,13
500113008,20231114,12,43,30,1,25.02594,121.50651,13
500113008,20231114,13,43,30,1,25.02594,121.50651,13
500113008,20231114,14,43,30,1,25.02594,121.50651,13
500113008,20231114,15,43,30,1,25.02594,121.50651,13
500113008,20231114,16,43,30,1,25.02594,121.50651,13
500113008,20231114,17,43,30,1,25.02594,121.50651,13
500113008,20231114,18,43,30,1,25.02594,121.50651,13
500113008,20231114,19,43,30,1,25.02594,121.50651,13
500113008,20231114,21,43,29,1,25.02594,121.50651,14
500113008,20231114,22,43,29,1,25.02594,121.50651,14
500113008,20231114,23,43,29,1,25.02594,121.50651,14
500113008,20231114,24,43,29,1,25.02594,121.50651,14
500113008,20231114,25,43,29,1,25.02594,121.50651,14
500113008,20231114,26,43,29,1,25.02594,121.50651,14
500113008,20231114,27,43,29,1,25.02594,121.50651,14
500113008,20231114,28,43,29,1,25.02594,121.50651,14
500113008,20231114,29,43,29,1,25.02594,121.50651,14
500113008,20231114,31,43,29,1,25.02594,121.50651,14
500113008,20231114,32,43,29,1,25.02594,121.50651,14
500113008,20231114,33,43,29,1,25.02594,121.50651,14
500113008,20231114,34,43,29,1,25.02594,121.50651,14
500113008,20231114,35,43,29,1,25.02594,121.50651,14
500113008,20231114,36,43,29,1,25.02594,121.50651,14
500113008,20231114,37,43,29,1,25.02594,121.50651,14
500113008,20231114,38,43,29,1,25.02594,121.50651,14
500113008,20231114,39,43,29,1,25.02594,121.50651,14
500113008,20231114,41,43,29,1,25.02594,121.50651,14
500113008,20231114,42,43,29,1,25.02594,121.50651,14
500113008,20231114,43,43,29,1,25.02594,121.50651,14
500113008,20231114,44,43,29,1,25.02594,121.50651,14
500113008,20231114,45,43,29,1,25.02594,121.50651,14
500113008,20231114,46,43,29,1,25.02594,121.50651,14
500113008,20231114,47,43,29,1,25.02594,121.50651,14
500113008,20231114,48,43,29,1,25.02594,121.50651,14
500113008,20231114,49,43,29,1,25.02594,121.50651,14
500113008,20231114,50,43,29,1,25.02594,121.50651,14
500113008,20231114,51,43,29,1,25.02594,121.50651,14
500113008,20231114,52,43,28,1,25.02594,121.50651,15
500113008,20231114,53,43,28,1,25.02594,121.50651,15
500113008,20231114,54,43,28,1,25.02594,121.50651,15
500113008,20231114,55,43,28,1,25.02594,121.50651,15
500113008,20231114,56,43,28,1,25.02594,121.50651,15
500113008,20231114,57,43,28,1,25.02594,121.50651,15
500113008,20231114,58,43,28,1,25.02594,121.50651,15
500113008,20231114,59,43,28,1,25.02594,121.50651,15
500113008,20231114,60,43,28,1,25.02594,121.50651,15
500113008,20231114,61,43,28,1,25.02594,121.50651,15
500113008,20231114,62,43,28,1,25.02594,121.50651,15
500113008,20231114,63,43,28,1,25.02594,121.50651,15
500113008,20231114,64,43,28,1,25.02594,121.50651,15
500113008,20231114,65,43,28,1,25.02594,121.50651,15
500113008,20231114,66,43,28,1,25.02594,121.50651,15
500113008,20231114,67,43,28,1,25.02594,121.50651,15
500113008,20231114,68,43,28,1,25.02594,121.50651,15
500113008,20231114,69,43,28,1,25.02594,121.50651,15
500113008,20231114,70,43,28,1,25.02594,121.50651,15
500113008,20231114,71,43,28,1,25.02594,121.50651,15
500113008,20231114,72,43,28,1,25.02594,121.50651,15
500113008,20231114,73,43,28,1,25.02594,121.50651,15
500113008,20231114,74,43,28,1,25.02594,121.50651,15
500113008,20231114,75,43,28,1,25.02594,121.50651,15
500113008,20231114,76,43,28,1,25.02594,121.50651,15
500113008,20231114,77,43,28,1,25.02594,121.50651,15
500113008,20231114,78,43,28,1,25.02594,121.50651,15
500113008,20231114,79,43,28,1,25.02594,121.50651,15
500113008,20231114,81,43,28,1,25.02594,121.50651,15
500113008,20231114,82,43,28,1,25.02594,121.50651,15
500113008,20231114,83,43,28,1,25.02594,121.50651,15
500113008,20231114,84,43,28,1,25.02594,121.50651,15
500113008,20231114,85,43,28,1,25.02594,121.50651,15
500113008,20231114,86,43,28,1,25.02594,121.50651,15
500113008,20231114,87,43,28,1,25.02594,121.50651,15
500113008,20231114,88,43,28,1,25.02594,121.50651,15
500113008,20231114,89,43,28,1,25.02594,121.50651,15
500113008,20231114,90,43,28,1,25.02594,121.50651,15
500113008,20231114,91,43,28,1,25.02594,121.50651,15
500113008,20231114,92,43,28,1,25.02594,121.50651,15
500113008,20231114,93,43,28,1,25.02594,121.50651,15
500113008,20231114,94,43,28,1,25.02594,121.50651,15
500113008,20231114,95,43,28,1,25.02594,121.50651,15
500113008,20231114,96,43,28,1,25.02594,121.50651,15
500113008,20231114,97,43,27,1,25.02594,121.50651,16
500113008,20231114,98,43,27,1,25.02594,121.50651,16
500113008,20231114,99,43,27,1,25.02594,121.50651,16
500113008,20231114,100,43,27,1,25.02594,121.50651,16
500113008,20231114,101,43,27,1,25.02594,121.50651,16
500113008,20231114,102,43,27,1,25.02594,121.50651,16
500113008,20231114,103,43,27,1,25.02594,121.50651,16
500113008,20231114,104,43,27,1,25.02594,121.50651,16
500113008,20231114,105,43,27,1,25.02594,121.50651,16
500113008,20231114,106,43,27,1,25.02594,121.50651,16
500113008,20231114,107,43,27,1,25.02594,121.50651,16
500113008,20231114,108,43,27,1,25.02594,121.50651,16
500113008,20231114,109,43,27,1,25.02594,121.50651,16
500113008,20231114,110,43,27,1,25.02594,121.50651,16
500113008,20231114,111,43,27,1,25.02594,121.50651,16
500113008,20231114,112,43,27,1,25.02594,121.50651,16
500113008,20231114,113,43,27,1,25.02594,121.50651,16
500113008,20231114,114,43,27,1,25.02594,121.50651,16
500113008,20231114,115,43,27,1,25.02594,121.50651,16
500113008,20231114,116,43,27,1,25.02594,121.50651,16
500113008,20231114,117,43,27,1,25.02594,121.50651,16
500113008,20231114,118,43,27,1,25.02594,121.50651,16
500113008,20231114,119,43,27,1,25.02594,121.50651,16
500113008,20231114,121,43,27,1,25.02594,121.50651,16
500113008,20231114,122,43,27,1,25.02594,121.50651,16
500113008,20231114,123,43,27,1,25.02594,121.50651,16
500113008,20231114,124,43,27,1,25.02594,121.50651,16
500113008,20231114,125,43,27,1,25.02594,121.50651,16
500113008,20231114,126,43,27,1,25.02594,121.50651,16
500113008,20231114,127,43,27,1,25.02594,121.50651,16
500113008,20231114,128,43,27,1,25.02594,121.50651,16
500113008,20231114,129,43,27,1,25.02594,121.50651,16
500113008,20231114,130,43,27,1,25.02594,121.50651,16
500113008,20231114,131,43,27,1,25.02594,121.50651,16
500113008,20231114,132,43,27,1,25.02594,121.50651,16
500113008,20231114,133,43,27,1,25.02594,121.50651,16
500113008,20231114,134,43,27,1,25.02594,121.50651,16
500113008,20231114,135,43,27,1,25.02594,121.50651,16
500113008,20231114,136,43,27,1,25.02594,121.50651,16
500113008,20231114,137,43,27,1,25.02594,121.50651,16
500113008,20231114,138,43,26,1,25.02594,121.50651,17
500113008,20231114,139,43,26,1,25.02594,121.50651,17
500113008,20231114,141,43,26,1,25.02594,121.50651,17
500113008,20231114,142,43,26,1,25.02594,121.50651,17
500113008,20231114,143,43,26,1,25.02594,121.50651,17
500113008,20231114,144,43,24,1,25.02594,121.50651,19
500113008,20231114,145,43,24,1,25.02594,121.50651,19
500113008,20231114,146,43,24,1,25.02594,121.50651,19
500113008,20231114,147,43,24,1,25.02594,121.50651,19
500113008,20231114,148,43,24,1,25.02594,121.50651,19
500113008,20231114,149,43,24,1,25.02594,121.50651,19
500113008,20231114,150,43,24,1,25.02594,121.50651,19
500113008,20231114,151,43,24,1,25.02594,121.50651,19
500113008,20231114,152,43,24,1,25.02594,121.50651,19
500113008,20231114,153,43,24,1,25.02594,121.50651,19
500113008,20231114,154,43,24,1,25.02594,121.50651,19
500113008,20231114,155,43,24,1,25.02594,121.50651,19
500113008,20231114,156,43,24,1,25.02594,121.50651,19
500113008,20231114,157,43,24,1,25.02594,121.50651,19
500113008,20231114,158,43,24,1,25.02594,121.50651,19
500113008,20231114,159,43,24,1,25.02594,121.50651,19
500113008,20231114,160,43,24,1,25.02594,121.50651,19
500113008,20231114,161,43,24,1,25.02594,121.50651,19
500113008,20231114,162,43,24,1,25.02594,121.50651,19
500113008,20231114,163,43,24,1,25.02594,121.50651,19
500113008,20231114,164,43,24,1,25.02594,121.50651,19
500113008,20231114,165,43,24,1,25.02594,121.50651,19
500113008,20231114,166,43,24,1,25.02594,121.50651,19
500113008,20231114,167,43,24,1,25.02594,121.50651,19
500113008,20231114,168,43,24,1,25.02594,121.50651,19
500113008,20231114,169,43,24,1,25.02594,121.50651,19
500113008,20231114,170,43,24,1,25.02594,121.50651,19
500113008,20231114,171,43,24,1,25.02594,121.50651,19
500113008,20231114,172,43,24,1,25.02594,121.50651,19
500113008,20231114,173,43,24,1,25.02594,121.50651,19
500113008,20231114,174,43,24,1,25.02594,121.50651,19
500113008,20231114,175,43,24,1,25.02594,121.50651,19
500113008,20231114,176,43,24,1,25.02594,121.50651,19
500113008,20231114,177,43,24,1,25.02594,121.50651,19
500113008,20231114,178,43,24,1,25.02594,121.50651,19
500113008,20231114,179,43,24,1,25.02594,121.50651,19
500113008,20231114,180,43,24,1,25.02594,121.50651,19
500113008,20231114,181,43,24,1,25.02594,121.50651,19
500113008,20231114,182,43,24,1,25.02594,121.50651,19
500113008,20231114,183,43,24,1,25.02594,121.50651,19
500113008,20231114,184,43,24,1,25.02594,121.50651,19
500113008,20231114,185,43,24,1,25.02594,121.50651,19
500113008,20231114,186,43,24,1,25.02594,121.50651,19
500113008,20231114,187,43,24,1,25.02594,121.50651,19
500113008,20231114,188,43,24,1,25.02594,121.50651,19
500113008,20231114,189,43,24,1,25.02594,121.50651,19
500113008,20231114,191,43,24,1,25.02594,121.50651,19
500113008,20231114,192,43,24,1,25.02594,121.50651,19
500113008,20231114,193,43,24,1,25.02594,121.50651,19
500113008,20231114,194,43,24,1,25.02594,121.50651,19
500113008,20231114,195,43,24,1,25.02594,121.50651,19
500113008,20231114,196,43,24,1,25.02594,121.50651,19
500113008,20231114,197,43,24,1,25.02594,121.50651,19
500113008,20231114,198,43,24,1,25.02594,121.50651,19
500113008,20231114,199,43,24,1,25.02594,121.50651,19
500113008,20231114,201,43,24,1,25.02594,121.50651,19
500113008,20231114,202,43,24,1,25.02594,121.50651,19
500113008,20231114,203,43,24,1,25.02594,121.50651,19
500113008,20231114,204,43,24,1,25.02594,121.50651,19
500113008,20231114,205,43,24,1,25.02594,121.50651,19
500113008,20231114,206,43,24,1,25.02594,121.50651,19
500113008,20231114,207,43,24,1,25.02594,121.50651,19
500113008,20231114,208,43,24,1,25.02594,121.50651,19
500113008,20231114,209,43,24,1,25.02594,121.50651,19
500113008,20231114,211,43,24,1,25.02594,121.50651,19
500113008,20231114,212,43,24,1,25.02594,121.50651,19
500113008,20231114,213,43,24,1,25.02594,121.50651,19
500113008,20231114,214,43,24,1,25.02594,121.50651,19
500113008,20231114,215,43,24,1,25.02594,121.50651,19
500113008,20231114,216,43,24,1,25.02594,121.50651,19
500113008,20231114,217,43,24,1,25.02594,121.50651,19
500113008,20231114,218,43,24,1,25.02594,121.50651,19
500113008,20231114,219,43,24,1,25.02594,121.50651,19
500113008,20231114,221,43,24,1,25.02594,121.50651,19
500113008,20231114,222,43,24,1,25.02594,121.50651,19
500113008,20231114,223,43,24,1,25.02594,121.50651,19
500113008,20231114,224,43,24,1,25.02594,121.50651,19
500113008,20231114,225,43,24,1,25.02594,121.50651,19
500113008,20231114,226,43,24,1,25.02594,121.50651,19
500113008,20231114,227,43,24,1,25.02594,121.50651,19
500113008,20231114,228,43,24,1,25.02594,121.50651,19
500113008,20231114,229,43,24,1,25.02594,121.50651,19
500113008,20231114,231,43,24,1,25.02594,121.50651,19
500113008,20231114,232,43,24,1,25.02594,121.50651,19
500113008,20231114,233,43,24,1,25.02594,121.50651,19
500113008,20231114,234,43,24,1,25.02594,121.50651,19
500113008,20231114,235,43,24,1,25.02594,121.50651,19
500113008,20231114,236,43,24,1,25.02594,121.50651,19
500113008,20231114,237,43,24,1,25.02594,121.50651,19
500113008,20231114,238,43,24,1,25.02594,121.50651,19
500113008,20231114,239,43,24,1,25.02594,121.50651,19
500113008,20231114,241,43,24,1,25.02594,121.50651,19
500113008,20231114,242,43,24,1,25.02594,121.50651,19
500113008,20231114,243,43,24,1,25.02594,121.50651,19
500113008,20231114,244,43,24,1,25.02594,121.50651,19
500113008,20231114,245,43,24,1,25.02594,121.50651,19
500113008,20231114,246,43,24,1,25.02594,121.50651,19
500113008,20231114,247,43,24,1,25.02594,121.50651,19
500113008,20231114,248,43,24,1,25.02594,121.50651,19
500113008,20231114,249,43,25,1,25.02594,121.50651,18
500113008,20231114,251,43,25,1,25.02594,121.50651,18
500113008,20231114,252,43,25,1,25.02594,121.50651,18
500113008,20231114,253,43,25,1,25.02594,121.50651,18
500113008,20231114,254,43,25,1,25.02594,121.50651,18
500113008,20231114,255,43,25,1,25.02594,121.50651,18
500113008,20231114,256,43,25,1,25.02594,121.50651,18
500113008,20231114,257,43,25,1,25.02594,121.50651,18
500113008,20231114,258,43,25,1,25.02594,121.50651,18
500113008,20231114,259,43,25,1,25.02594,121.50651,18
500113008,20231114,261,43,25,1,25.02594,121.50651,18
500113008,20231114,262,43,25,1,25.02594,121.50651,18
500113008,20231114,263,43,25,1,25.02594,121.50651,18
500113008,20231114,264,43,25,1,25.02594,121.50651,18
500113008,20231114,265,43,25,1,25.02594,121.50651,18
500113008,20231114,266,43,25,1,25.02594,121.50651,18
500113008,20231114,267,43,25,1,25.02594,121.50651,18
500113008,20231114,268,43,25,1,25.02594,121.50651,18
500113008,20231114,269,43,25,1,25.02594,121.50651,18
500113008,20231114,271,43,25,1,25.02594,121.50651,18
500113008,20231114,272,43,25,1,25.02594,121.50651,18
500113008,20231114,273,43,25,1,25.02594,121.50651,18
500113008,20231114,274,43,25,1,25.02594,121.50651,18
500113008,20231114,275,43,25,1,25.02594,121.50651,18
500113008,20231114,276,43,25,1,25.02594,121.50651,18
500113008,20231114,277,43,25,1,25.02594,121.50651,18
500113008,20231114,278,43,25,1,25.02594,121.50651,18
500113008,20231114,279,43,25,1,25.02594,121.50651,18
500113008,20231114,281,43,25,1,25.02594,121.50651,18
500113008,20231114,282,43,25,1,25.02594,121.50651,18
500113008,20231114,283,43,25,1,25.02594,121.50651,18
500113008,20231114,284,43,25,1,25.02594,121.50651,18
500113008,20231114,285,43,25,1,25.02594,121.50651,18
500113008,20231114,286,43,25,1,25.02594,121.50651,18
500113008,20231114,287,43,25,1,25.02594,121.50651,18
500113008,20231114,288,43,25,1,25.02594,121.50651,18
500113008,20231114,289,43,25,1,25.02594,121.50651,18
500113008,20231114,290,43,25,1,25.02594,121.50651,18
500113008,20231114,291,43,25,1,25.02594,121.50651,18
500113008,20231114,292,43,25,1,25.02594,121.50651,18
500113008,20231114,293,43,25,1,25.02594,121.50651,18
500113008,20231114,294,43,25,1,25.02594,121.50651,18
500113008,20231114,295,43,25,1,25.02594,121.50651,18
500113008,20231114,296,43,25,1,25.02594,121.50651,18
500113008,20231114,297,43,25,1,25.02594,121.50651,18
500113008,20231114,298,43,26,1,25.02594,121.50651,17
500113008,20231114,299,43,26,1,25.02594,121.50651,17
500113008,20231114,300,43,26,1,25.02594,121.50651,17
500113008,20231114,301,43,26,1,25.02594,121.50651,17
500113008,20231114,302,43,26,1,25.02594,121.50651,17
500113008,20231114,303,43,26,1,25.02594,121.50651,17
500113008,20231114,304,43,26,1,25.02594,121.50651,17
500113008,20231114,305,43,26,1,25.02594,121.50651,17
500113008,20231114,306,43,26,1,25.02594,121.50651,17
500113008,20231114,307,43,26,1,25.02594,121.50651,17
500113008,20231114,308,43,26,1,25.02594,121.50651,17
500113008,20231114,309,43,26,1,25.02594,121.50651,17
500113008,20231114,310,43,26,1,25.02594,121.50651,17
500113008,20231114,311,43,26,1,25.02594,121.50651,17
500113008,20231114,312,43,26,1,25.02594,121.50651,17
500113008,20231114,313,43,26,1,25.02594,121.50651,17
500113008,20231114,314,43,24,1,25.02594,121.50651,19
500113008,20231114,315,43,24,1,25.02594,121.50651,19
500113008,20231114,316,43,24,1,25.02594,121.50651,19
500113008,20231114,317,43,24,1,25.02594,121.50651,19
500113008,20231114,318,43,24,1,25.02594,121.50651,19
500113008,20231114,319,43,24,1,25.02594,121.50651,19
500113008,20231114,321,43,24,1,25.02594,121.50651,19
500113008,20231114,322,43,24,1,25.02594,121.50651,19
500113008,20231114,323,43,24,1,25.02594,121.50651,19
500113008,20231114,324,43,24,1,25.02594,121.50651,19
500113008,20231114,325,43,24,1,25.02594,121.50651,19
500113008,20231114,326,43,24,1,25.02594,121.50651,19
500113008,20231114,327,43,24,1,25.02594,121.50651,19
500113008,20231114,328,43,24,1,25.02594,121.50651,19
500113008,20231114,329,43,24,1,25.02594,121.50651,19
500113008,20231114,330,43,24,1,25.02594,121.50651,19
500113008,20231114,331,43,24,1,25.02594,121.50651,19
500113008,20231114,332,43,24,1,25.02594,121.50651,19
500113008,20231114,333,43,24,1,25.02594,121.50651,19
500113008,20231114,334,43,24,1,25.02594,121.50651,19
500113008,20231114,335,43,24,1,25.02594,121.50651,19
500113008,20231114,336,43,24,1,25.02594,121.50651,19
500113008,20231114,337,43,24,1,25.02594,121.50651,19
500113008,20231114,338,43,24,1,25.02594,121.50651,19
500113008,20231114,339,43,24,1,25.02594,121.50651,19
500113008,20231114,340,43,24,1,25.02594,121.50651,19
500113008,20231114,341,43,24,1,25.02594,121.50651,19
500113008,20231114,342,43,24,1,25.02594,121.50651,19
500113008,20231114,343,43,24,1,25.02594,121.50651,19
500113008,20231114,344,43,24,1,25.02594,121.50651,19
500113008,20231114,345,43,24,1,25.02594,121.50651,19
500113008,20231114,346,43,24,1,25.02594,121.50651,19
500113008,20231114,347,43,24,1,25.02594,121.50651,19
500113008,20231114,348,43,24,1,25.02594,121.50651,19
500113008,20231114,349,43,24,1,25.02594,121.50651,19
500113008,20231114,350,43,24,1,25.02594,121.50651,19
500113008,20231114,351,43,24,1,25.02594,121.50651,19
500113008,20231114,352,43,24,1,25.02594,121.50651,19
500113008,20231114,353,43,24,1,25.02594,121.50651,19
500113008,20231114,354,43,24,1,25.02594,121.50651,19
500113008,20231114,355,43,24,1,25.02594,121.50651,19
500113008,20231114,356,43,24,1,25.02594,121.50651,19
500113008,20231114,357,43,24,1,25.02594,121.50651,19
500113008,20231114,358,43,24,1,25.02594,121.50651,19
500113008,20231114,359,43,24,1,25.02594,121.50651,19
500113008,20231114,360,43,24,1,25.02594,121.50651,19
500113008,20231114,361,43,24,1,25.02594,121.50651,19
500113008,20231114,362,43,24,1,25.02594,121.50651,19
500113008,20231114,363,43,24,1,25.02594,121.50651,19
500113008,20231114,364,43,24,1,25.02594,121.50651,19
500113008,20231114,365,43,24,1,25.02594,121.50651,19
500113008,20231114,366,43,24,1,25.02594,121.50651,19
500113008,20231114,367,43,24,1,25.02594,121.50651,19
500113008,20231114,368,43,24,1,25.02594,121.50651,19
500113008,20231114,369,43,24,1,25.02594,121.50651,19
500113008,20231114,370,43,24,1,25.02594,121.50651,19
500113008,20231114,371,43,23,1,25.02594,121.50651,20
500113008,20231114,372,43,22,1,25.02594,121.50651,21
500113008,20231114,373,43,22,1,25.02594,121.50651,21
500113008,20231114,374,43,22,1,25.02594,121.50651,21
500113008,20231114,375,43,21,1,25.02594,121.50651,22
500113008,20231114,376,43,21,1,25.02594,121.50651,22
500113008,20231114,377,43,21,1,25.02594,121.50651,22
500113008,20231114,378,43,20,1,25.02594,121.50651,23
500113008,20231114,379,43,19,1,25.02594,121.50651,24
500113008,20231114,381,43,19,1,25.02594,121.50651,24
500113008,20231114,382,43,19,1,25.02594,121.50651,24
500113008,20231114,383,43,19,1,25.02594,121.50651,24
500113008,20231114,384,43,19,1,25.02594,121.50651,24
500113008,20231114,385,43,19,1,25.02594,121.50651,24
500113008,20231114,386,43,19,1,25.02594,121.50651,24
500113008,20231114,387,43,19,1,25.02594,121.50651,24
500113008,20231114,388,43,19,1,25.02594,121.50651,24
500113008,20231114,389,43,20,1,25.02594,121.50651,23
500113008,20231114,390,43,20,1,25.02594,121.50651,23
500113008,20231114,391,43,19,1,25.02594,121.50651,24
500113008,20231114,392,43,20,1,25.02594,121.50651,23
500113008,20231114,393,43,21,1,25.02594,121.50651,22
500113008,20231114,394,43,22,1,25.02594,121.50651,21
500113008,20231114,395,43,22,1,25.02594,121.50651,21
500113008,20231114,396,43,21,1,25.02594,121.50651,22
500113008,20231114,397,43,21,1,25.02594,121.50651,22
500113008,20231114,398,43,21,1,25.02594,121.50651,22
500113008,20231114,399,43,21,1,25.02594,121.50651,22
500113008,20231114,400,43,21,1,25.02594,121.50651,22
500113008,20231114,401,43,21,1,25.02594,121.50651,22
500113008,20231114,402,43,21,1,25.02594,121.50651,22
500113008,20231114,403,43,21,1,25.02594,121.50651,22
500113008,20231114,404,43,21,1,25.02594,121.50651,22
500113008,20231114,405,43,21,1,25.02594,121.50651,22
500113008,20231114,406,43,21,1,25.02594,121.50651,22
500113008,20231114,407,43,21,1,25.02594,121.50651,22
500113008,20231114,408,43,21,1,25.02594,121.50651,22
500113008,20231114,409,43,21,1,25.02594,121.50651,22
500113008,20231114,410,43,21,1,25.02594,121.50651,22
500113008,20231114,411,43,21,1,25.02594,121.50651,22
500113008,20231114,412,43,21,1,25.02594,121.50651,22
500113008,20231114,413,43,22,1,25.02594,121.50651,21
500113008,20231114,414,43,22,1,25.02594,121.50651,21
500113008,20231114,415,43,22,1,25.02594,121.50651,21
500113008,20231114,416,43,22,1,25.02594,121.50651,21
500113008,20231114,417,43,22,1,25.02594,121.50651,21
500113008,20231114,418,43,23,1,25.02594,121.50651,20
500113008,20231114,419,43,23,1,25.02594,121.50651,20
500113008,20231114,421,43,24,1,25.02594,121.50651,19
500113008,20231114,422,43,24,1,25.02594,121.50651,19
500113008,20231114,423,43,24,1,25.02594,121.50651,19
500113008,20231114,424,43,25,1,25.02594,121.50651,18
500113008,20231114,425,43,25,1,25.02594,121.50651,18
500113008,20231114,426,43,25,1,25.02594,121.50651,18
500113008,20231114,427,43,26,1,25.02594,121.50651,17
500113008,20231114,428,43,27,1,25.02594,121.50651,16
500113008,20231114,429,43,27,1,25.02594,121.50651,16
500113008,20231114,430,43,26,1,25.02594,121.50651,17
500113008,20231114,431,43,27,1,25.02594,121.50651,16
500113008,20231114,432,43,27,1,25.02594,121.50651,16
500113008,20231114,433,43,27,1,25.02594,121.50651,16
500113008,20231114,434,43,28,1,25.02594,121.50651,15
500113008,20231114,435,43,27,1,25.02594,121.50651,16
500113008,20231114,436,43,27,1,25.02594,121.50651,16
500113008,20231114,438,43,28,1,25.02594,121.50651,15
500113008,20231114,439,43,28,1,25.02594,121.50651,15
500113008,20231114,441,43,28,1,25.02594,121.50651,15
500113008,20231114,442,43,28,1,25.02594,121.50651,15
500113008,20231114,443,43,28,1,25.02594,121.50651,15
500113008,20231114,444,43,28,1,25.02594,121.50651,15
500113008,20231114,445,43,29,1,25.02594,121.50651,14
500113008,20231114,446,43,29,1,25.02594,121.50651,14
500113008,20231114,447,43,30,1,25.02594,121.50651,13
500113008,20231114,448,43,30,1,25.02594,121.50651,13
500113008,20231114,449,43,30,1,25.02594,121.50651,13
500113008,20231114,451,43,31,1,25.02594,121.50651,12
500113008,20231114,452,43,32,1,25.02594,121.50651,11
500113008,20231114,453,43,32,1,25.02594,121.50651,11
500113008,20231114,454,43,32,1,25.02594,121.50651,11
500113008,20231114,455,43,33,1,25.02594,121.50651,10
500113008,20231114,456,43,33,1,25.02594,121.50651,10
500113008,20231114,457,43,33,1,25.02594,121.50651,10
500113008,20231114,458,43,33,1,25.02594,121.50651,10
500113008,20231114,459,43,33,1,25.02594,121.50651,10
500113008,20231114,461,43,33,1,25.02594,121.50651,10
500113008,20231114,462,43,33,1,25.02594,121.50651,10
500113008,20231114,463,43,33,1,25.02594,121.50651,10
500113008,20231114,464,43,33,1,25.02594,121.50651,10
500113008,20231114,465,43,33,1,25.02594,121.50651,10
500113008,20231114,466,43,33,1,25.02594,121.50651,10
500113008,20231114,467,43,33,1,25.02594,121.50651,10
500113008,20231114,468,43,33,1,25.02594,121.50651,10
500113008,20231114,469,43,33,1,25.02594,121.50651,10
500113008,20231114,471,43,33,1,25.02594,121.50651,10
500113008,20231114,472,43,33,1,25.02594,121.50651,10
500113008,20231114,473,43,35,1,25.02594,121.50651,8
500113008,20231114,474,43,34,1,25.02594,121.50651,9
500113008,20231114,475,43,34,1,25.02594,121.50651,9
500113008,20231114,476,43,34,1,25.02594,121.50651,9
500113008,20231114,477,43,34,1,25.02594,121.50651,9
500113008,20231114,478,43,34,1,25.02594,121.50651,9
500113008,20231114,479,43,34,1,25.02594,121.50651,9
500113008,20231114,481,43,36,1,25.02594,121.50651,7
500113008,20231114,482,43,36,1,25.02594,121.50651,7
500113008,20231114,483,43,36,1,25.02594,121.50651,7
500113008,20231114,484,43,37,1,25.02594,121.50651,6
500113008,20231114,485,43,37,1,25.02594,121.50651,6
500113008,20231114,486,43,39,1,25.02594,121.50651,4
500113008,20231114,487,43,38,1,25.02594,121.50651,5
500113008,20231114,488,43,38,1,25.02594,121.50651,5
500113008,20231114,489,43,38,1,25.02594,121.50651,5
500113008,20231114,491,43,39,1,25.02594,121.50651,4
500113008,20231114,492,43,39,1,25.02594,121.50651,4
500113008,20231114,493,43,40,1,25.02594,121.50651,3
500113008,20231114,494,43,40,1,25.02594,121.50651,3
500113008,20231114,495,43,40,1,25.02594,121.50651,3
500113008,20231114,496,43,40,1,25.02594,121.50651,3
500113008,20231114,497,43,40,1,25.02594,121.50651,3
500113008,20231114,498,43,40,1,25.02594,121.50651,3
500113008,20231114,499,43,40,1,25.02594,121.50651,3
500113008,20231114,501,43,40,1,25.02594,121.50651,3
500113008,20231114,502,43,39,1,25.02594,121.50651,4
500113008,20231114,503,43,40,1,25.02594,121.50651,3
500113008,20231114,504,43,40,1,25.02594,121.50651,3
500113008,20231114,505,43,40,1,25.02594,121.50651,3
500113008,20231114,506,43,41,1,25.02594,121.50651,2
500113008,20231114,507,43,41,1,25.02594,121.50651,2
500113008,20231114,508,43,41,1,25.02594,121.50651,2
500113008,20231114,509,43,41,1,25.02594,121.50651,2
500113008,20231114,511,43,40,1,25.02594,121.50651,3
500113008,20231114,512,43,40,1,25.02594,121.50651,3
500113008,20231114,513,43,40,1,25.02594,121.50651,3
500113008,20231114,514,43,40,1,25.02594,121.50651,3
500113008,20231114,515,43,40,1,25.02594,121.50651,3
500113008,20231114,516,43,39,1,25.02594,121.50651,4
500113008,20231114,517,43,38,1,25.02594,121.50651,5
500113008,20231114,518,43,39,1,25.02594,121.50651,4
500113008,20231114,519,43,38,1,25.02594,121.50651,5
500113008,20231114,521,43,37,1,25.02594,121.50651,6
500113008,20231114,522,43,36,1,25.02594,121.50651,7
500113008,20231114,523,43,36,1,25.02594,121.50651,7
500113008,20231114,524,43,36,1,25.02594,121.50651,7
500113008,20231114,525,43,37,1,25.02594,121.50651,6
500113008,20231114,526,43,37,1,25.02594,121.50651,6
500113008,20231114,527,43,37,1,25.02594,121.50651,6
500113008,20231114,528,43,37,1,25.02594,121.50651,6
500113008,20231114,529,43,37,1,25.02594,121.50651,6
500113008,20231114,531,43,36,1,25.02594,121.50651,7
500113008,20231114,532,43,36,1,25.02594,121.50651,7
500113008,20231114,533,43,36,1,25.02594,121.50651,7
500113008,20231114,534,43,36,1,25.02594,121.50651,7
500113008,20231114,535,43,36,1,25.02594,121.50651,7
500113008,20231114,536,43,37,1,25.02594,121.50651,6
500113008,20231114,537,43,37,1,25.02594,121.50651,6
500113008,20231114,538,43,37,1,25.02594,121.50651,6
500113008,20231114,539,43,38,1,25.02594,121.50651,5
500113008,20231114,541,43,40,1,25.02594,121.50651,3
500113008,20231114,542,43,40,1,25.02594,121.50651,3
500113008,20231114,543,43,40,1,25.02594,121.50651,3
500113008,20231114,544,43,40,1,25.02594,121.50651,3
500113008,20231114,545,43,40,1,25.02594,121.50651,3
500113008,20231114,546,43,40,1,25.02594,121.50651,3
500113008,20231114,547,43,41,1,25.02594,121.50651,2
500113008,20231114,548,43,41,1,25.02594,121.50651,2
500113008,20231114,549,43,41,1,25.02594,121.50651,2
500113008,20231114,550,43,41,1,25.02594,121.50651,2
500113008,20231114,551,43,41,1,25.02594,121.50651,2
500113008,20231114,552,43,41,1,25.02594,121.50651,2
500113008,20231114,553,43,40,1,25.02594,121.50651,3
500113008,20231114,554,43,41,1,25.02594,121.50651,2
500113008,20231114,555,43,41,1,25.02594,121.50651,2
500113008,20231114,556,43,41,1,25.02594,121.50651,2
500113008,20231114,557,43,41,1,25.02594,121.50651,2
500113008,20231114,558,43,41,1,25.02594,121.50651,2
500113008,20231114,559,43,41,1,25.02594,121.50651,2
500113008,20231114,561,43,41,1,25.02594,121.50651,2
500113008,20231114,562,43,40,1,25.02594,121.50651,3
500113008,20231114,563,43,39,1,25.02594,121.50651,4
500113008,20231114,564,43,39,1,25.02594,121.50651,4
500113008,20231114,565,43,39,1,25.02594,121.50651,4
500113008,20231114,566,43,39,1,25.02594,121.50651,4
500113008,20231114,567,43,40,1,25.02594,121.50651,3
500113008,20231114,568,43,41,1,25.02594,121.50651,2
500113008,20231114,569,43,41,1,25.02594,121.50651,2
500113008,20231114,571,43,41,1,25.02594,121.50651,2
500113008,20231114,572,43,41,1,25.02594,121.50651,2
500113008,20231114,573,43,41,1,25.02594,121.50651,2
500113008,20231114,574,43,41,1,25.02594,121.50651,2
500113008,20231114,575,43,41,1,25.02594,121.50651,2
500113008,20231114,576,43,41,1,25.02594,121.50651,2
500113008,20231114,577,43,41,1,25.02594,121.50651,2
500113008,20231114,578,43,41,1,25.02594,121.50651,2
500113008,20231114,579,43,41,1,25.02594,121.50651,2
500113008,20231114,580,43,41,1,25.02594,121.50651,2
500113008,20231114,581,43,41,1,25.02594,121.50651,2
500113008,20231114,582,43,41,1,25.02594,121.50651,2
500113008,20231114,583,43,41,1,25.02594,121.50651,2
500113008,20231114,584,43,41,1,25.02594,121.50651,2
500113008,20231114,585,43,41,1,25.02594,121.50651,2
500113008,20231114,586,43,41,1,25.02594,121.50651,2
500113008,20231114,587,43,41,1,25.02594,121.50651,2
500113008,20231114,588,43,41,1,25.02594,121.50651,2
500113008,20231114,589,43,41,1,25.02594,121.50651,2
500113008,20231114,590,43,40,1,25.02594,121.50651,3
500113008,20231114,591,43,40,1,25.02594,121.50651,3
500113008,20231114,592,43,41,1,25.02594,121.50651,2
500113008,20231114,593,43,41,1,25.02594,121.50651,2
500113008,20231114,594,43,41,1,25.02594,121.50651,2
500113008,20231114,595,43,41,1,25.02594,121.50651,2
500113008,20231114,596,43,41,1,25.02594,121.50651,2
500113008,20231114,597,43,42,1,25.02594,121.50651,1
500113008,20231114,598,43,42,1,25.02594,121.50651,1
500113008,20231114,599,43,42,1,25.02594,121.50651,1
500113008,20231114,601,43,42,1,25.02594,121.50651,1
500113008,20231114,602,43,42,1,25.02594,121.50651,1
500113008,20231114,603,43,42,1,25.02594,121.50651,1
500113008,20231114,604,43,42,1,25.02594,121.50651,1
500113008,20231114,605,43,42,1,25.02594,121.50651,1
500113008,20231114,606,43,42,1,25.02594,121.50651,1
500113008,20231114,607,43,42,1,25.02594,121.50651,1
500113008,20231114,608,43,41,1,25.02594,121.50651,2
500113008,20231114,609,43,41,1,25.02594,121.50651,2
500113008,20231114,610,43,42,1,25.02594,121.50651,1
500113008,20231114,611,43,42,1,25.02594,121.50651,1
500113008,20231114,612,43,41,1,25.02594,121.50651,2
500113008,20231114,613,43,41,1,25.02594,121.50651,2
500113008,20231114,614,43,41,1,25.02594,121.50651,2
500113008,20231114,615,43,42,1,25.02594,121.50651,1
500113008,20231114,616,43,42,1,25.02594,121.50651,1
500113008,20231114,617,43,42,1,25.02594,121.50651,1
500113008,20231114,618,43,42,1,25.02594,121.50651,1
500113008,20231114,619,43,42,1,25.02594,121.50651,1
500113008,20231114,621,43,42,1,25.02594,121.50651,1
500113008,20231114,622,43,42,1,25.02594,121.50651,1
500113008,20231114,623,43,42,1,25.02594,121.50651,1
500113008,20231114,624,43,41,1,25.02594,121.50651,2
500113008,20231114,625,43,41,1,25.02594,121.50651,2
500113008,20231114,626,43,41,1,25.02594,121.50651,2
500113008,20231114,627,43,41,1,25.02594,121.50651,2
500113008,20231114,628,43,41,1,25.02594,121.50651,2
500113008,20231114,629,43,41,1,25.02594,121.50651,2
500113008,20231114,631,43,42,1,25.02594,121.50651,1
500113008,20231114,632,43,42,1,25.02594,121.50651,1
500113008,20231114,633,43,42,1,25.02594,121.50651,1
500113008,20231114,634,43,42,1,25.02594,121.50651,1
500113008,20231114,635,43,42,1,25.02594,121.50651,1
500113008,20231114,636,43,42,1,25.02594,121.50651,1
500113008,20231114,637,43,40,1,25.02594,121.50651,3
500113008,20231114,638,43,40,1,25.02594,121.50651,3
500113008,20231114,639,43,40,1,25.02594,121.50651,3
500113008,20231114,640,43,40,1,25.02594,121.50651,3
500113008,20231114,641,43,40,1,25.02594,121.50651,3
500113008,20231114,642,43,40,1,25.02594,121.50651,3
500113008,20231114,643,43,40,1,25.02594,121.50651,3
500113008,20231114,644,43,40,1,25.02594,121.50651,3
500113008,20231114,645,43,40,1,25.02594,121.50651,3
500113008,20231114,646,43,40,1,25.02594,121.50651,3
500113008,20231114,647,43,40,1,25.02594,121.50651,3
500113008,20231114,648,43,40,1,25.02594,121.50651,3
500113008,20231114,649,43,40,1,25.02594,121.50651,3
500113008,20231114,650,43,40,1,25.02594,121.50651,3
500113008,20231114,651,43,41,1,25.02594,121.50651,2
500113008,20231114,652,43,42,1,25.02594,121.50651,1
500113008,20231114,653,43,42,1,25.02594,121.50651,1
500113008,20231114,654,43,42,1,25.02594,121.50651,1
500113008,20231114,655,43,42,1,25.02594,121.50651,1
500113008,20231114,656,43,42,1,25.02594,121.50651,1
500113008,20231114,657,43,42,1,25.02594,121.50651,1
500113008,20231114,658,43,42,1,25.02594,121.50651,1
500113008,20231114,659,43,42,1,25.02594,121.50651,1
500113008,20231114,661,43,41,1,25.02594,121.50651,2
500113008,20231114,662,43,41,1,25.02594,121.50651,2
500113008,20231114,663,43,41,1,25.02594,121.50651,2
500113008,20231114,664,43,41,1,25.02594,121.50651,2
500113008,20231114,665,43,41,1,25.02594,121.50651,2
500113008,20231114,666,43,41,1,25.02594,121.50651,2
500113008,20231114,667,43,41,1,25.02594,121.50651,2
500113008,20231114,668,43,41,1,25.02594,121.50651,2
500113008,20231114,669,43,40,1,25.02594,121.50651,3
500113008,20231114,670,43,40,1,25.02594,121.50651,3
500113008,20231114,671,43,40,1,25.02594,121.50651,3
500113008,20231114,672,43,40,1,25.02594,121.50651,3
500113008,20231114,673,43,39,1,25.02594,121.50651,4
500113008,20231114,674,43,39,1,25.02594,121.50651,4
500113008,20231114,675,43,39,1,25.02594,121.50651,4
500113008,20231114,676,43,39,1,25.02594,121.50651,4
500113008,20231114,677,43,39,1,25.02594,121.50651,4
500113008,20231114,678,43,40,1,25.02594,121.50651,3
500113008,20231114,679,43,40,1,25.02594,121.50651,3
500113008,20231114,681,43,40,1,25.02594,121.50651,3
500113008,20231114,682,43,40,1,25.02594,121.50651,3
500113008,20231114,683,43,40,1,25.02594,121.50651,3
500113008,20231114,684,43,40,1,25.02594,121.50651,3
500113008,20231114,685,43,40,1,25.02594,121.50651,3
500113008,20231114,686,43,40,1,25.02594,121.50651,3
500113008,20231114,688,43,40,1,25.02594,121.50651,3
500113008,20231114,689,43,41,1,25.02594,121.50651,2
500113008,20231114,691,43,41,1,25.02594,121.50651,2
500113008,20231114,692,43,41,1,25.02594,121.50651,2
500113008,20231114,693,43,41,1,25.02594,121.50651,2
500113008,20231114,694,43,41,1,25.02594,121.50651,2
500113008,20231114,695,43,41,1,25.02594,121.50651,2
500113008,20231114,696,43,41,1,25.02594,121.50651,2
500113008,20231114,697,43,41,1,25.02594,121.50651,2
500113008,20231114,698,43,41,1,25.02594,121.50651,2
500113008,20231114,699,43,41,1,25.02594,121.50651,2
500113008,20231114,701,43,41,1,25.02594,121.50651,2
500113008,20231114,702,43,41,1,25.02594,121.50651,2
500113008,20231114,703,43,41,1,25.02594,121.50651,2
500113008,20231114,704,43,41,1,25.02594,121.50651,2
500113008,20231114,705,43,41,1,25.02594,121.50651,2
500113008,20231114,706,43,41,1,25.02594,121.50651,2
500113008,20231114,707,43,41,1,25.02594,121.50651,2
500113008,20231114,708,43,42,1,25.02594,121.50651,1
500113008,20231114,709,43,42,1,25.02594,121.50651,1
500113008,20231114,711,43,41,1,25.02594,121.50651,2
500113008,20231114,712,43,41,1,25.02594,121.50651,2
500113008,20231114,713,43,41,1,25.02594,121.50651,2
500113008,20231114,714,43,40,1,25.02594,121.50651,3
500113008,20231114,715,43,40,1,25.02594,121.50651,3
500113008,20231114,716,43,41,1,25.02594,121.50651,2
500113008,20231114,717,43,41,1,25.02594,121.50651,2
500113008,20231114,718,43,41,1,25.02594,121.50651,2
500113008,20231114,719,43,41,1,25.02594,121.50651,2
500113008,20231114,721,43,42,1,25.02594,121.50651,1
500113008,20231114,722,43,42,1,25.02594,121.50651,1
500113008,20231114,723,43,42,1,25.02594,121.50651,1
500113008,20231114,724,43,42,1,25.02594,121.50651,1
500113008,20231114,725,43,42,1,25.02594,121.50651,1
500113008,20231114,726,43,42,1,25.02594,121.50651,1
500113008,20231114,727,43,42,1,25.02594,121.50651,1
500113008,20231114,728,43,42,1,25.02594,121.50651,1
500113008,20231114,729,43,42,1,25.02594,121.50651,1
500113008,20231114,731,43,42,1,25.02594,121.50651,1
500113008,20231114,732,43,42,1,25.02594,121.50651,1
500113008,20231114,733,43,42,1,25.02594,121.50651,1
500113008,20231114,734,43,42,1,25.02594,121.50651,1
500113008,20231114,735,43,42,1,25.02594,121.50651,1
500113008,20231114,736,43,42,1,25.02594,121.50651,1
500113008,20231114,737,43,42,1,25.02594,121.50651,1
500113008,20231114,738,43,42,1,25.02594,121.50651,1
500113008,20231114,739,43,42,1,25.02594,121.50651,1
500113008,20231114,741,43,42,1,25.02594,121.50651,1
500113008,20231114,742,43,42,1,25.02594,121.50651,1
500113008,20231114,743,43,42,1,25.02594,121.50651,1
500113008,20231114,744,43,42,1,25.02594,121.50651,1
500113008,20231114,745,43,42,1,25.02594,121.50651,1
500113008,20231114,746,43,42,1,25.02594,121.50651,1
500113008,20231114,747,43,42,1,25.02594,121.50651,1
500113008,20231114,748,43,42,1,25.02594,121.50651,1
500113008,20231114,749,43,42,1,25.02594,121.50651,1
500113008,20231114,751,43,42,1,25.02594,121.50651,1
500113008,20231114,752,43,42,1,25.02594,121.50651,1
500113008,20231114,753,43,42,1,25.02594,121.50651,1
500113008,20231114,754,43,42,1,25.02594,121.50651,1
500113008,20231114,755,43,42,1,25.02594,121.50651,1
500113008,20231114,756,43,42,1,25.02594,121.50651,1
500113008,20231114,757,43,42,1,25.02594,121.50651,1
500113008,20231114,758,43,42,1,25.02594,121.50651,1
500113008,20231114,759,43,42,1,25.02594,121.50651,1
500113008,20231114,761,43,42,1,25.02594,121.50651,1
500113008,20231114,762,43,42,1,25.02594,121.50651,1
500113008,20231114,763,43,42,1,25.02594,121.50651,1
500113008,20231114,764,43,42,1,25.02594,121.50651,1
500113008,20231114,765,43,42,1,25.02594,121.50651,1
500113008,20231114,766,43,42,1,25.02594,121.50651,1
500113008,20231114,767,43,41,1,25.02594,121.50651,2
500113008,20231114,768,43,41,1,25.02594,121.50651,2
500113008,20231114,769,43,41,1,25.02594,121.50651,2
500113008,20231114,770,43,41,1,25.02594,121.50651,2
500113008,20231114,772,43,41,1,25.02594,121.50651,2
500113008,20231114,773,43,41,1,25.02594,121.50651,2
500113008,20231114,774,43,41,1,25.02594,121.50651,2
500113008,20231114,775,43,41,1,25.02594,121.50651,2
500113008,20231114,776,43,42,1,25.02594,121.50651,1
500113008,20231114,777,43,42,1,25.02594,121.50651,1
500113008,20231114,778,43,42,1,25.02594,121.50651,1
500113008,20231114,779,43,42,1,25.02594,121.50651,1
500113008,20231114,781,43,42,1,25.02594,121.50651,1
500113008,20231114,782,43,42,1,25.02594,121.50651,1
500113008,20231114,783,43,42,1,25.02594,121.50651,1
500113008,20231114,784,43,42,1,25.02594,121.50651,1
500113008,20231114,785,43,42,1,25.02594,121.50651,1
500113008,20231114,786,43,42,1,25.02594,121.50651,1
500113008,20231114,787,43,42,1,25.02594,121.50651,1
500113008,20231114,788,43,42,1,25.02594,121.50651,1
500113008,20231114,789,43,42,1,25.02594,121.50651,1
500113008,20231114,790,43,42,1,25.02594,121.50651,1
500113008,20231114,791,43,42,1,25.02594,121.50651,1
500113008,20231114,792,43,42,1,25.02594,121.50651,1
500113008,20231114,793,43,42,1,25.02594,121.50651,1
500113008,20231114,794,43,42,1,25.02594,121.50651,1
500113008,20231114,795,43,42,1,25.02594,121.50651,1
500113008,20231114,796,43,42,1,25.02594,121.50651,1
500113008,20231114,797,43,42,1,25.02594,121.50651,1
500113008,20231114,798,43,42,1,25.02594,121.50651,1
500113008,20231114,799,43,42,1,25.02594,121.50651,1
500113008,20231114,801,43,42,1,25.02594,121.50651,1
500113008,20231114,802,43,42,1,25.02594,121.50651,1
500113008,20231114,803,43,42,1,25.02594,121.50651,1
500113008,20231114,804,43,42,1,25.02594,121.50651,1
500113008,20231114,805,43,42,1,25.02594,121.50651,1
500113008,20231114,806,43,42,1,25.02594,121.50651,1
500113008,20231114,807,43,42,1,25.02594,121.50651,1
500113008,20231114,808,43,42,1,25.02594,121.50651,1
500113008,20231114,809,43,42,1,25.02594,121.50651,1
500113008,20231114,810,43,42,1,25.02594,121.50651,1
500113008,20231114,811,43,42,1,25.02594,121.50651,1
500113008,20231114,812,43,42,1,25.02594,121.50651,1
500113008,20231114,813,43,42,1,25.02594,121.50651,1
500113008,20231114,814,43,42,1,25.02594,121.50651,1
500113008,20231114,815,43,42,1,25.02594,121.50651,1
500113008,20231114,816,43,42,1,25.02594,121.50651,1
500113008,20231114,817,43,42,1,25.02594,121.50651,1
500113008,20231114,818,43,42,1,25.02594,121.50651,1
500113008,20231114,819,43,42,1,25.02594,121.50651,1
500113008,20231114,820,43,42,1,25.02594,121.50651,1
500113008,20231114,821,43,42,1,25.02594,121.50651,1
500113008,20231114,822,43,42,1,25.02594,121.50651,1
500113008,20231114,823,43,42,1,25.02594,121.50651,1
500113008,20231114,824,43,42,1,25.02594,121.50651,1
500113008,20231114,825,43,42,1,25.02594,121.50651,1
500113008,20231114,826,43,41,1,25.02594,121.50651,2
500113008,20231114,827,43,41,1,25.02594,121.50651,2
500113008,20231114,828,43,42,1,25.02594,121.50651,1
500113008,20231114,829,43,42,1,25.02594,121.50651,1
500113008,20231114,830,43,42,1,25.02594,121.50651,1
500113008,20231114,831,43,42,1,25.02594,121.50651,1
500113008,20231114,832,43,42,1,25.02594,121.50651,1
500113008,20231114,833,43,42,1,25.02594,121.50651,1
500113008,20231114,834,43,42,1,25.02594,121.50651,1
500113008,20231114,835,43,42,1,25.02594,121.50651,1
500113008,20231114,836,43,41,1,25.02594,121.50651,2
500113008,20231114,837,43,41,1,25.02594,121.50651,2
500113008,20231114,838,43,41,1,25.02594,121.50651,2
500113008,20231114,839,43,41,1,25.02594,121.50651,2
500113008,20231114,841,43,41,1,25.02594,121.50651,2
500113008,20231114,842,43,42,1,25.02594,121.50651,1
500113008,20231114,843,43,42,1,25.02594,121.50651,1
500113008,20231114,844,43,42,1,25.02594,121.50651,1
500113008,20231114,845,43,42,1,25.02594,121.50651,1
500113008,20231114,846,43,42,1,25.02594,121.50651,1
500113008,20231114,847,43,42,1,25.02594,121.50651,1
500113008,20231114,848,43,42,1,25.02594,121.50651,1
500113008,20231114,849,43,42,1,25.02594,121.50651,1
500113008,20231114,850,43,42,1,25.02594,121.50651,1
500113008,20231114,851,43,42,1,25.02594,121.50651,1
500113008,20231114,852,43,42,1,25.02594,121.50651,1
500113008,20231114,853,43,42,1,25.02594,121.50651,1
500113008,20231114,854,43,42,1,25.02594,121.50651,1
500113008,20231114,855,43,42,1,25.02594,121.50651,1
500113008,20231114,856,43,42,1,25.02594,121.50651,1
500113008,20231114,857,43,42,1,25.02594,121.50651,1
500113008,20231114,858,43,42,1,25.02594,121.50651,1
500113008,20231114,859,43,42,1,25.02594,121.50651,1
500113008,20231114,861,43,42,1,25.02594,121.50651,1
500113008,20231114,862,43,42,1,25.02594,121.50651,1
500113008,20231114,863,43,42,1,25.02594,121.50651,1
500113008,20231114,864,43,41,1,25.02594,121.50651,2
500113008,20231114,865,43,41,1,25.02594,121.50651,2
500113008,20231114,866,43,40,1,25.02594,121.50651,3
500113008,20231114,867,43,40,1,25.02594,121.50651,3
500113008,20231114,868,43,40,1,25.02594,121.50651,3
500113008,20231114,869,43,40,1,25.02594,121.50651,3
500113008,20231114,871,43,40,1,25.02594,121.50651,3
500113008,20231114,872,43,40,1,25.02594,121.50651,3
500113008,20231114,873,43,40,1,25.02594,121.50651,3
500113008,20231114,874,43,40,1,25.02594,121.50651,3
500113008,20231114,875,43,39,1,25.02594,121.50651,4
500113008,20231114,876,43,39,1,25.02594,121.50651,4
500113008,20231114,877,43,39,1,25.02594,121.50651,4
500113008,20231114,878,43,39,1,25.02594,121.50651,4
500113008,20231114,879,43,39,1,25.02594,121.50651,4
500113008,20231114,880,43,39,1,25.02594,121.50651,4
500113008,20231114,881,43,39,1,25.02594,121.50651,4
500113008,20231114,882,43,39,1,25.02594,121.50651,4
500113008,20231114,883,43,39,1,25.02594,121.50651,4
500113008,20231114,884,43,39,1,25.02594,121.50651,4
500113008,20231114,885,43,39,1,25.02594,121.50651,4
500113008,20231114,886,43,39,1,25.02594,121.50651,4
500113008,20231114,887,43,39,1,25.02594,121.50651,4
500113008,20231114,888,43,39,1,25.02594,121.50651,4
500113008,20231114,889,43,39,1,25.02594,121.50651,4
500113008,20231114,890,43,39,1,25.02594,121.50651,4
500113008,20231114,891,43,39,1,25.02594,121.50651,4
500113008,20231114,892,43,39,1,25.02594,121.50651,4
500113008,20231114,893,43,38,1,25.02594,121.50651,5
500113008,20231114,894,43,37,1,25.02594,121.50651,6
500113008,20231114,895,43,37,1,25.02594,121.50651,6
500113008,20231114,896,43,37,1,25.02594,121.50651,6
500113008,20231114,897,43,37,1,25.02594,121.50651,6
500113008,20231114,898,43,37,1,25.02594,121.50651,6
500113008,20231114,899,43,37,1,25.02594,121.50651,6
500113008,20231114,901,43,37,1,25.02594,121.50651,6
500113008,20231114,902,43,37,1,25.02594,121.50651,6
500113008,20231114,903,43,37,1,25.02594,121.50651,6
500113008,20231114,904,43,37,1,25.02594,121.50651,6
500113008,20231114,905,43,37,1,25.02594,121.50651,6
500113008,20231114,906,43,37,1,25.02594,121.50651,6
500113008,20231114,907,43,37,1,25.02594,121.50651,6
500113008,20231114,908,43,37,1,25.02594,121.50651,6
500113008,20231114,909,43,37,1,25.02594,121.50651,6
500113008,20231114,910,43,37,1,25.02594,121.50651,6
500113008,20231114,911,43,37,1,25.02594,121.50651,6
500113008,20231114,912,43,37,1,25.02594,121.50651,6
500113008,20231114,913,43,37,1,25.02594,121.50651,6
500113008,20231114,914,43,37,1,25.02594,121.50651,6
500113008,20231114,915,43,36,1,25.02594,121.50651,7
500113008,20231114,916,43,36,1,25.02594,121.50651,7
500113008,20231114,917,43,36,1,25.02594,121.50651,7
500113008,20231114,918,43,36,1,25.02594,121.50651,7
500113008,20231114,919,43,37,1,25.02594,121.50651,6
500113008,20231114,921,43,37,1,25.02594,121.50651,6
500113008,20231114,922,43,37,1,25.02594,121.50651,6
500113008,20231114,923,43,37,1,25.02594,121.50651,6
500113008,20231114,924,43,37,1,25.02594,121.50651,6
500113008,20231114,925,43,37,1,25.02594,121.50651,6
500113008,20231114,926,43,37,1,25.02594,121.50651,6
500113008,20231114,927,43,37,1,25.02594,121.50651,6
500113008,20231114,928,43,37,1,25.02594,121.50651,6
500113008,20231114,929,43,38,1,25.02594,121.50651,5
500113008,20231114,931,43,38,1,25.02594,121.50651,5
500113008,20231114,932,43,38,1,25.02594,121.50651,5
500113008,20231114,933,43,38,1,25.02594,121.50651,5
500113008,20231114,934,43,38,1,25.02594,121.50651,5
500113008,20231114,935,43,38,1,25.02594,121.50651,5
500113008,20231114,936,43,38,1,25.02594,121.50651,5
500113008,20231114,937,43,38,1,25.02594,121.50651,5
500113008,20231114,938,43,38,1,25.02594,121.50651,5
500113008,20231114,939,43,38,1,25.02594,121.50651,5
500113008,20231114,941,43,39,1,25.02594,121.50651,4
500113008,20231114,942,43,38,1,25.02594,121.50651,5
500113008,20231114,943,43,39,1,25.02594,121.50651,4
500113008,20231114,944,43,39,1,25.02594,121.50651,4
500113008,20231114,945,43,39,1,25.02594,121.50651,4
500113008,20231114,947,43,38,1,25.02594,121.50651,5
500113008,20231114,948,43,39,1,25.02594,121.50651,4
500113008,20231114,949,43,39,1,25.02594,121.50651,4
500113008,20231114,951,43,39,1,25.02594,121.50651,4
500113008,20231114,952,43,39,1,25.02594,121.50651,4
500113008,20231114,953,43,39,1,25.02594,121.50651,4
500113008,20231114,954,43,39,1,25.02594,121.50651,4
500113008,20231114,955,43,39,1,25.02594,121.50651,4
500113008,20231114,956,43,38,1,25.02594,121.50651,5
500113008,20231114,957,43,38,1,25.02594,121.50651,5
500113008,20231114,958,43,38,1,25.02594,121.50651,5
500113008,20231114,959,43,38,1,25.02594,121.50651,5
500113008,20231114,961,43,38,1,25.02594,121.50651,5
500113008,20231114,962,43,38,1,25.02594,121.50651,5
500113008,20231114,963,43,38,1,25.02594,121.50651,5
500113008,20231114,964,43,38,1,25.02594,121.50651,5
500113008,20231114,965,43,38,1,25.02594,121.50651,5
500113008,20231114,966,43,38,1,25.02594,121.50651,5
500113008,20231114,967,43,38,1,25.02594,121.50651,5
500113008,20231114,968,43,38,1,25.02594,121.50651,5
500113008,20231114,969,43,38,1,25.02594,121.50651,5
500113008,20231114,971,43,37,1,25.02594,121.50651,6
500113008,20231114,972,43,37,1,25.02594,121.50651,6
500113008,20231114,973,43,37,1,25.02594,121.50651,6
500113008,20231114,974,43,37,1,25.02594,121.50651,6
500113008,20231114,975,43,37,1,25.02594,121.50651,6
500113008,20231114,977,43,37,1,25.02594,121.50651,6
500113008,20231114,978,43,35,1,25.02594,121.50651,8
500113008,20231114,979,43,36,1,25.02594,121.50651,7
500113008,20231114,981,43,36,1,25.02594,121.50651,7
500113008,20231114,982,43,35,1,25.02594,121.50651,8
500113008,20231114,983,43,35,1,25.02594,121.50651,8
500113008,20231114,984,43,34,1,25.02594,121.50651,9
500113008,20231114,985,43,34,1,25.02594,121.50651,9
500113008,20231114,986,43,34,1,25.02594,121.50651,9
500113008,20231114,987,43,34,1,25.02594,121.50651,9
500113008,20231114,988,43,34,1,25.02594,121.50651,9
500113008,20231114,989,43,34,1,25.02594,121.50651,9
500113008,20231114,991,43,34,1,25.02594,121.50651,9
500113008,20231114,992,43,34,1,25.02594,121.50651,9
500113008,20231114,993,43,34,1,25.02594,121.50651,9
500113008,20231114,994,43,33,1,25.02594,121.50651,10
500113008,20231114,995,43,33,1,25.02594,121.50651,10
500113008,20231114,996,43,33,1,25.02594,121.50651,10
500113008,20231114,997,43,33,1,25.02594,121.50651,10
500113008,20231114,998,43,33,1,25.02594,121.50651,10
500113008,20231114,999,43,33,1,25.02594,121.50651,10
500113008,20231114,1001,43,34,1,25.02594,121.50651,9
500113008,20231114,1002,43,34,1,25.02594,121.50651,9
500113008,20231114,1003,43,35,1,25.02594,121.50651,8
500113008,20231114,1004,43,35,1,25.02594,121.50651,8
500113008,20231114,1005,43,36,1,25.02594,121.50651,7
500113008,20231114,1006,43,36,1,25.02594,121.50651,7
500113008,20231114,1007,43,34,1,25.02594,121.50651,9
500113008,20231114,1008,43,34,1,25.02594,121.50651,9
500113008,20231114,1009,43,34,1,25.02594,121.50651,9
500113008,20231114,1011,43,34,1,25.02594,121.50651,9
500113008,20231114,1012,43,34,1,25.02594,121.50651,9
500113008,20231114,1013,43,34,1,25.02594,121.50651,9
500113008,20231114,1014,43,34,1,25.02594,121.50651,9
500113008,20231114,1015,43,34,1,25.02594,121.50651,9
500113008,20231114,1016,43,33,1,25.02594,121.50651,10
500113008,20231114,1017,43,33,1,25.02594,121.50651,10
500113008,20231114,1018,43,33,1,25.02594,121.50651,10
500113008,20231114,1019,43,33,1,25.02594,121.50651,10
500113008,20231114,1021,43,33,1,25.02594,121.50651,10
500113008,20231114,1022,43,34,1,25.02594,121.50651,9
500113008,20231114,1023,43,34,1,25.02594,121.50651,9
500113008,20231114,1024,43,34,1,25.02594,121.50651,9
500113008,20231114,1025,43,34,1,25.02594,121.50651,9
500113008,20231114,1026,43,34,1,25.02594,121.50651,9
500113008,20231114,1027,43,34,1,25.02594,121.50651,9
500113008,20231114,1028,43,34,1,25.02594,121.50651,9
500113008,20231114,1029,43,34,1,25.02594,121.50651,9
500113008,20231114,1031,43,34,1,25.02594,121.50651,9
500113008,20231114,1032,43,33,1,25.02594,121.50651,10
500113008,20231114,1034,43,33,1,25.02594,121.50651,10
500113008,20231114,1035,43,33,1,25.02594,121.50651,10
500113008,20231114,1036,43,33,1,25.02594,121.50651,10
500113008,20231114,1037,43,33,1,25.02594,121.50651,10
500113008,20231114,1038,43,33,1,25.02594,121.50651,10
500113008,20231114,1039,43,33,1,25.02594,121.50651,10
500113008,20231114,1041,43,33,1,25.02594,121.50651,10
500113008,20231114,1042,43,33,1,25.02594,121.50651,10
500113008,20231114,1043,43,33,1,25.02594,121.50651,10
500113008,20231114,1044,43,33,1,25.02594,121.50651,10
500113008,20231114,1045,43,33,1,25.02594,121.50651,10
500113008,20231114,1046,43,33,1,25.02594,121.50651,10
500113008,20231114,1047,43,33,1,25.02594,121.50651,10
500113008,20231114,1048,43,33,1,25.02594,121.50651,10
500113008,20231114,1049,43,33,1,25.02594,121.50651,10
500113008,20231114,1051,43,33,1,25.02594,121.50651,10
500113008,20231114,1052,43,33,1,25.02594,121.50651,10
500113008,20231114,1053,43,33,1,25.02594,121.50651,10
500113008,20231114,1054,43,33,1,25.02594,121.50651,10
500113008,20231114,1055,43,33,1,25.02594,121.50651,10
500113008,20231114,1056,43,33,1,25.02594,121.50651,10
500113008,20231114,1057,43,33,1,25.02594,121.50651,10
500113008,20231114,1058,43,33,1,25.02594,121.50651,10
500113008,20231114,1059,43,33,1,25.02594,121.50651,10
500113008,20231114,1060,43,34,1,25.02594,121.50651,9
500113008,20231114,1061,43,34,1,25.02594,121.50651,9
500113008,20231114,1062,43,33,1,25.02594,121.50651,10
500113008,20231114,1063,43,33,1,25.02594,121.50651,10
500113008,20231114,1064,43,33,1,25.02594,121.50651,10
500113008,20231114,1065,43,33,1,25.02594,121.50651,10
500113008,20231114,1066,43,33,1,25.02594,121.50651,10
500113008,20231114,1067,43,33,1,25.02594,121.50651,10
500113008,20231114,1068,43,33,1,25.02594,121.50651,10
500113008,20231114,1069,43,33,1,25.02594,121.50651,10
500113008,20231114,1070,43,33,1,25.02594,121.50651,10
500113008,20231114,1071,43,33,1,25.02594,121.50651,10
500113008,20231114,1072,43,34,1,25.02594,121.50651,9
500113008,20231114,1073,43,34,1,25.02594,121.50651,9
500113008,20231114,1074,43,34,1,25.02594,121.50651,9
500113008,20231114,1075,43,34,1,25.02594,121.50651,9
500113008,20231114,1076,43,35,1,25.02594,121.50651,8
500113008,20231114,1077,43,35,1,25.02594,121.50651,8
500113008,20231114,1078,43,35,1,25.02594,121.50651,8
500113008,20231114,1079,43,37,1,25.02594,121.50651,6
500113008,20231114,1081,43,38,1,25.02594,121.50651,5
500113008,20231114,1082,43,37,1,25.02594,121.50651,6
500113008,20231114,1083,43,37,1,25.02594,121.50651,6
500113008,20231114,1084,43,37,1,25.02594,121.50651,6
500113008,20231114,1085,43,38,1,25.02594,121.50651,5
500113008,20231114,1086,43,38,1,25.02594,121.50651,5
500113008,20231114,1087,43,38,1,25.02594,121.50651,5
500113008,20231114,1088,43,38,1,25.02594,121.50651,5
500113008,20231114,1089,43,38,1,25.02594,121.50651,5
500113008,20231114,1090,43,38,1,25.02594,121.50651,5
500113008,20231114,1091,43,38,1,25.02594,121.50651,5
500113008,20231114,1092,43,38,1,25.02594,121.50651,5
500113008,20231114,1093,43,38,1,25.02594,121.50651,5
500113008,20231114,1094,43,38,1,25.02594,121.50651,5
500113008,20231114,1095,43,38,1,25.02594,121.50651,5
500113008,20231114,1096,43,38,1,25.02594,121.50651,5
500113008,20231114,1097,43,38,1,25.02594,121.50651,5
500113008,20231114,1098,43,38,1,25.02594,121.50651,5
500113008,20231114,1099,43,38,1,25.02594,121.50651,5
500113008,20231114,1101,43,38,1,25.02594,121.50651,5
500113008,20231114,1102,43,38,1,25.02594,121.50651,5
500113008,20231114,1103,43,38,1,25.02594,121.50651,5
500113008,20231114,1104,43,38,1,25.02594,121.50651,5
500113008,20231114,1105,43,38,1,25.02594,121.50651,5
500113008,20231114,1106,43,38,1,25.02594,121.50651,5
500113008,20231114,1107,43,38,1,25.02594,121.50651,5
500113008,20231114,1108,43,39,1,25.02594,121.50651,4
500113008,20231114,1109,43,38,1,25.02594,121.50651,5
500113008,20231114,1111,43,37,1,25.02594,121.50651,6
500113008,20231114,1112,43,37,1,25.02594,121.50651,6
500113008,20231114,1113,43,37,1,25.02594,121.50651,6
500113008,20231114,1114,43,36,1,25.02594,121.50651,7
500113008,20231114,1115,43,36,1,25.02594,121.50651,7
500113008,20231114,1116,43,36,1,25.02594,121.50651,7
500113008,20231114,1117,43,36,1,25.02594,121.50651,7
500113008,20231114,1118,43,36,1,25.02594,121.50651,7
500113008,20231114,1119,43,36,1,25.02594,121.50651,7
500113008,20231114,1120,43,36,1,25.02594,121.50651,7
500113008,20231114,1121,43,36,1,25.02594,121.50651,7
500113008,20231114,1122,43,36,1,25.02594,121.50651,7
500113008,20231114,1123,43,36,1,25.02594,121.50651,7
500113008,20231114,1124,43,36,1,25.02594,121.50651,7
500113008,20231114,1125,43,35,1,25.02594,121.50651,8
500113008,20231114,1126,43,35,1,25.02594,121.50651,8
500113008,20231114,1127,43,35,1,25.02594,121.50651,8
500113008,20231114,1128,43,35,1,25.02594,121.50651,8
500113008,20231114,1129,43,35,1,25.02594,121.50651,8
500113008,20231114,1130,43,35,1,25.02594,121.50651,8
500113008,20231114,1131,43,35,1,25.02594,121.50651,8
500113008,20231114,1132,43,34,1,25.02594,121.50651,9
500113008,20231114,1133,43,34,1,25.02594,121.50651,9
500113008,20231114,1134,43,34,1,25.02594,121.50651,9
500113008,20231114,1135,43,34,1,25.02594,121.50651,9
500113008,20231114,1136,43,34,1,25.02594,121.50651,9
500113008,20231114,1137,43,34,1,25.02594,121.50651,9
500113008,20231114,1138,43,34,1,25.02594,121.50651,9
500113008,20231114,1139,43,34,1,25.02594,121.50651,9
500113008,20231114,1141,43,33,1,25.02594,121.50651,10
500113008,20231114,1142,43,33,1,25.02594,121.50651,10
500113008,20231114,1143,43,34,1,25.02594,121.50651,9
500113008,20231114,1144,43,34,1,25.02594,121.50651,9
500113008,20231114,1145,43,35,1,25.02594,121.50651,8
500113008,20231114,1146,43,35,1,25.02594,121.50651,8
500113008,20231114,1147,43,35,1,25.02594,121.50651,8
500113008,20231114,1148,43,35,1,25.02594,121.50651,8
500113008,20231114,1149,43,35,1,25.02594,121.50651,8
500113008,20231114,1150,43,35,1,25.02594,121.50651,8
500113008,20231114,1151,43,35,1,25.02594,121.50651,8
500113008,20231114,1152,43,34,1,25.02594,121.50651,9
500113008,20231114,1153,43,34,1,25.02594,121.50651,9
500113008,20231114,1154,43,34,1,25.02594,121.50651,9
500113008,20231114,1155,43,34,1,25.02594,121.50651,9
500113008,20231114,1156,43,34,1,25.02594,121.50651,9
500113008,20231114,1157,43,34,1,25.02594,121.50651,9
500113008,20231114,1158,43,34,1,25.02594,121.50651,9
500113008,20231114,1159,43,33,1,25.02594,121.50651,10
500113008,20231114,1161,43,33,1,25.02594,121.50651,10
500113008,20231114,1162,43,31,1,25.02594,121.50651,12
500113008,20231114,1163,43,31,1,25.02594,121.50651,12
500113008,20231114,1164,43,31,1,25.02594,121.50651,12
500113008,20231114,1165,43,31,1,25.02594,121.50651,12
500113008,20231114,1166,43,31,1,25.02594,121.50651,12
500113008,20231114,1167,43,31,1,25.02594,121.50651,12
500113008,20231114,1168,43,31,1,25.02594,121.50651,12
500113008,20231114,1169,43,30,1,25.02594,121.50651,13
500113008,20231114,1171,43,30,1,25.02594,121.50651,13
500113008,20231114,1172,43,30,1,25.02594,121.50651,13
500113008,20231114,1173,43,30,1,25.02594,121.50651,13
500113008,20231114,1174,43,30,1,25.02594,121.50651,13
500113008,20231114,1175,43,30,1,25.02594,121.50651,13
500113008,20231114,1176,43,30,1,25.02594,121.50651,13
500113008,20231114,1177,43,30,1,25.02594,121.50651,13
500113008,20231114,1178,43,31,1,25.02594,121.50651,12
500113008,20231114,1179,43,31,1,25.02594,121.50651,12
500113008,20231114,1180,43,30,1,25.02594,121.50651,13
500113008,20231114,1181,43,30,1,25.02594,121.50651,13
500113008,20231114,1182,43,30,1,25.02594,121.50651,13
500113008,20231114,1183,43,30,1,25.02594,121.50651,13
500113008,20231114,1184,43,29,1,25.02594,121.50651,14
500113008,20231114,1185,43,27,1,25.02594,121.50651,16
500113008,20231114,1186,43,27,1,25.02594,121.50651,16
500113008,20231114,1187,43,27,1,25.02594,121.50651,16
500113008,20231114,1188,43,27,1,25.02594,121.50651,16
500113008,20231114,1189,43,27,1,25.02594,121.50651,16
500113008,20231114,1190,43,27,1,25.02594,121.50651,16
500113008,20231114,1191,43,27,1,25.02594,121.50651,16
500113008,20231114,1192,43,27,1,25.02594,121.50651,16
500113008,20231114,1193,43,27,1,25.02594,121.50651,16
500113008,20231114,1194,43,27,1,25.02594,121.50651,16
500113008,20231114,1195,43,27,1,25.02594,121.50651,16
500113008,20231114,1196,43,28,1,25.02594,121.50651,15
500113008,20231114,1197,43,28,1,25.02594,121.50651,15
500113008,20231114,1198,43,28,1,25.02594,121.50651,15
500113008,20231114,1199,43,28,1,25.02594,121.50651,15
500113008,20231114,1201,43,28,1,25.02594,121.50651,15
500113008,20231114,1203,43,28,1,25.02594,121.50651,15
500113008,20231114,1204,43,28,1,25.02594,121.50651,15
500113008,20231114,1205,43,28,1,25.02594,121.50651,15
500113008,20231114,1206,43,28,1,25.02594,121.50651,15
500113008,20231114,1207,43,28,1,25.02594,121.50651,15
500113008,20231114,1208,43,28,1,25.02594,121.50651,15
500113008,20231114,1209,43,28,1,25.02594,121.50651,15
500113008,20231114,1211,43,28,1,25.02594,121.50651,15
500113008,20231114,1212,43,27,1,25.02594,121.50651,16
500113008,20231114,1213,43,27,1,25.02594,121.50651,16
500113008,20231114,1214,43,27,1,25.02594,121.50651,16
500113008,20231114,1215,43,27,1,25.02594,121.50651,16
500113008,20231114,1216,43,27,1,25.02594,121.50651,16
500113008,20231114,1217,43,27,1,25.02594,121.50651,16
500113008,20231114,1218,43,27,1,25.02594,121.50651,16
500113008,20231114,1219,43,27,1,25.02594,121.50651,16
500113008,20231114,1221,43,26,1,25.02594,121.50651,17
500113008,20231114,1222,43,27,1,25.02594,121.50651,16
500113008,20231114,1223,43,27,1,25.02594,121.50651,16
500113008,20231114,1224,43,28,1,25.02594,121.50651,15
500113008,20231114,1225,43,28,1,25.02594,121.50651,15
500113008,20231114,1226,43,28,1,25.02594,121.50651,15
500113008,20231114,1227,43,28,1,25.02594,121.50651,15
500113008,20231114,1228,43,28,1,25.02594,121.50651,15
500113008,20231114,1229,43,29,1,25.02594,121.50651,14
500113008,20231114,1231,43,29,1,25.02594,121.50651,14
500113008,20231114,1232,43,29,1,25.02594,121.50651,14
500113008,20231114,1233,43,29,1,25.02594,121.50651,14
500113008,20231114,1234,43,29,1,25.02594,121.50651,14
500113008,20231114,1235,43,29,1,25.02594,121.50651,14
500113008,20231114,1236,43,29,1,25.02594,121.50651,14
500113008,20231114,1237,43,29,1,25.02594,121.50651,14
500113008,20231114,1238,43,29,1,25.02594,121.50651,14
500113008,20231114,1239,43,29,1,25.02594,121.50651,14
500113008,20231114,1241,43,29,1,25.02594,121.50651,14
500113008,20231114,1242,43,29,1,25.02594,121.50651,14
500113008,20231114,1243,43,29,1,25.02594,121.50651,14
500113008,20231114,1244,43,29,1,25.02594,121.50651,14
500113008,20231114,1245,43,29,1,25.02594,121.50651,14
500113008,20231114,1246,43,29,1,25.02594,121.50651,14
500113008,20231114,1247,43,29,1,25.02594,121.50651,14
500113008,20231114,1248,43,29,1,25.02594,121.50651,14
500113008,20231114,1249,43,29,1,25.02594,121.50651,14
500113008,20231114,1251,43,29,1,25.02594,121.50651,14
500113008,20231114,1252,43,29,1,25.02594,121.50651,14
500113008,20231114,1253,43,29,1,25.02594,121.50651,14
500113008,20231114,1254,43,29,1,25.02594,121.50651,14
500113008,20231114,1255,43,29,1,25.02594,121.50651,14
500113008,20231114,1256,43,29,1,25.02594,121.50651,14
500113008,20231114,1257,43,29,1,25.02594,121.50651,14
500113008,20231114,1258,43,29,1,25.02594,121.50651,14
500113008,20231114,1259,43,29,1,25.02594,121.50651,14
500113008,20231114,1261,43,29,1,25.02594,121.50651,14
500113008,20231114,1262,43,28,1,25.02594,121.50651,15
500113008,20231114,1263,43,29,1,25.02594,121.50651,14
500113008,20231114,1264,43,29,1,25.02594,121.50651,14
500113008,20231114,1265,43,28,1,25.02594,121.50651,15
500113008,20231114,1266,43,28,1,25.02594,121.50651,15
500113008,20231114,1267,43,28,1,25.02594,121.50651,15
500113008,20231114,1268,43,29,1,25.02594,121.50651,14
500113008,20231114,1269,43,29,1,25.02594,121.50651,14
500113008,20231114,1271,43,28,1,25.02594,121.50651,15
500113008,20231114,1272,43,28,1,25.02594,121.50651,15
500113008,20231114,1273,43,28,1,25.02594,121.50651,15
500113008,20231114,1274,43,28,1,25.02594,121.50651,15
500113008,20231114,1275,43,28,1,25.02594,121.50651,15
500113008,20231114,1276,43,28,1,25.02594,121.50651,15
500113008,20231114,1277,43,29,1,25.02594,121.50651,14
500113008,20231114,1278,43,30,1,25.02594,121.50651,13
500113008,20231114,1279,43,30,1,25.02594,121.50651,13
500113008,20231114,1281,43,29,1,25.02594,121.50651,14
500113008,20231114,1282,43,28,1,25.02594,121.50651,15
500113008,20231114,1283,43,28,1,25.02594,121.50651,15
500113008,20231114,1284,43,29,1,25.02594,121.50651,14
500113008,20231114,1285,43,30,1,25.02594,121.50651,13
500113008,20231114,1286,43,30,1,25.02594,121.50651,13
500113008,20231114,1287,43,30,1,25.02594,121.50651,13
500113008,20231114,1288,43,31,1,25.02594,121.50651,12
500113008,20231114,1289,43,31,1,25.02594,121.50651,12
500113008,20231114,1291,43,31,1,25.02594,121.50651,12
500113008,20231114,1292,43,31,1,25.02594,121.50651,12
500113008,20231114,1293,43,31,1,25.02594,121.50651,12
500113008,20231114,1294,43,31,1,25.02594,121.50651,12
500113008,20231114,1295,43,31,1,25.02594,121.50651,12
500113008,20231114,1296,43,31,1,25.02594,121.50651,12
500113008,20231114,1297,43,30,1,25.02594,121.50651,13
500113008,20231114,1298,43,30,1,25.02594,121.50651,13
500113008,20231114,1299,43,30,1,25.02594,121.50651,13
500113008,20231114,1300,43,30,1,25.02594,121.50651,13
500113008,20231114,1301,43,30,1,25.02594,121.50651,13
500113008,20231114,1302,43,30,1,25.02594,121.50651,13
500113008,20231114,1303,43,30,1,25.02594,121.50651,13
500113008,20231114,1304,43,30,1,25.02594,121.50651,13
500113008,20231114,1305,43,30,1,25.02594,121.50651,13
500113008,20231114,1306,43,31,1,25.02594,121.50651,12
500113008,20231114,1307,43,31,1,25.02594,121.50651,12
500113008,20231114,1308,43,31,1,25.02594,121.50651,12
500113008,20231114,1309,43,31,1,25.02594,121.50651,12
500113008,20231114,1310,43,31,1,25.02594,121.50651,12
500113008,20231114,1311,43,30,1,25.02594,121.50651,13
500113008,20231114,1312,43,30,1,25.02594,121.50651,13
500113008,20231114,1313,43,31,1,25.02594,121.50651,12
500113008,20231114,1314,43,31,1,25.02594,121.50651,12
500113008,20231114,1315,43,31,1,25.02594,121.50651,12
500113008,20231114,1316,43,31,1,25.02594,121.50651,12
500113008,20231114,1317,43,31,1,25.02594,121.50651,12
500113008,20231114,1318,43,31,1,25.02594,121.50651,12
500113008,20231114,1319,43,31,1,25.02594,121.50651,12
500113008,20231114,1321,43,31,1,25.02594,121.50651,12
500113008,20231114,1322,43,31,1,25.02594,121.50651,12
500113008,20231114,1323,43,31,1,25.02594,121.50651,12
500113008,20231114,1324,43,31,1,25.02594,121.50651,12
500113008,20231114,1325,43,31,1,25.02594,121.50651,12
500113008,20231114,1326,43,31,1,25.02594,121.50651,12
500113008,20231114,1327,43,31,1,25.02594,121.50651,12
500113008,20231114,1328,43,30,1,25.02594,121.50651,13
500113008,20231114,1329,43,30,1,25.02594,121.50651,13
500113008,20231114,1330,43,30,1,25.02594,121.50651,13
500113008,20231114,1331,43,30,1,25.02594,121.50651,13
500113008,20231114,1332,43,30,1,25.02594,121.50651,13
500113008,20231114,1333,43,31,1,25.02594,121.50651,12
500113008,20231114,1334,43,31,1,25.02594,121.50651,12
500113008,20231114,1335,43,31,1,25.02594,121.50651,12
500113008,20231114,1336,43,31,1,25.02594,121.50651,12
500113008,20231114,1337,43,31,1,25.02594,121.50651,12
500113008,20231114,1338,43,31,1,25.02594,121.50651,12
500113008,20231114,1339,43,31,1,25.02594,121.50651,12
500113008,20231114,1341,43,30,1,25.02594,121.50651,13
500113008,20231114,1342,43,30,1,25.02594,121.50651,13
500113008,20231114,1343,43,30,1,25.02594,121.50651,13
500113008,20231114,1344,43,30,1,25.02594,121.50651,13
500113008,20231114,1345,43,30,1,25.02594,121.50651,13
500113008,20231114,1346,43,30,1,25.02594,121.50651,13
500113008,20231114,1347,43,30,1,25.02594,121.50651,13
500113008,20231114,1348,43,30,1,25.02594,121.50651,13
500113008,20231114,1349,43,31,1,25.02594,121.50651,12
500113008,20231114,1350,43,31,1,25.02594,121.50651,12
500113008,20231114,1351,43,31,1,25.02594,121.50651,12
500113008,20231114,1352,43,31,1,25.02594,121.50651,12
500113008,20231114,1353,43,32,1,25.02594,121.50651,11
500113008,20231114,1354,43,32,1,25.02594,121.50651,11
500113008,20231114,1355,43,32,1,25.02594,121.50651,11
500113008,20231114,1356,43,32,1,25.02594,121.50651,11
500113008,20231114,1357,43,32,1,25.02594,121.50651,11
500113008,20231114,1358,43,32,1,25.02594,121.50651,11
500113008,20231114,1359,43,32,1,25.02594,121.50651,11
500113008,20231114,1360,43,32,1,25.02594,121.50651,11
500113008,20231114,1361,43,32,1,25.02594,121.50651,11
500113008,20231114,1362,43,32,1,25.02594,121.50651,11
500113008,20231114,1363,43,32,1,25.02594,121.50651,11
500113008,20231114,1364,43,32,1,25.02594,121.50651,11
500113008,20231114,1365,43,33,1,25.02594,121.50651,10
500113008,20231114,1366,43,34,1,25.02594,121.50651,9
500113008,20231114,1367,43,34,1,25.02594,121.50651,9
500113008,20231114,1368,43,34,1,25.02594,121.50651,9
500113008,20231114,1369,43,34,1,25.02594,121.50651,9
500113008,20231114,1370,43,34,1,25.02594,121.50651,9
500113008,20231114,1371,43,34,1,25.02594,121.50651,9
500113008,20231114,1372,43,34,1,25.02594,121.50651,9
500113008,20231114,1373,43,34,1,25.02594,121.50651,9
500113008,20231114,1374,43,34,1,25.02594,121.50651,9
500113008,20231114,1375,43,34,1,25.02594,121.50651,9
500113008,20231114,1376,43,34,1,25.02594,121.50651,9
500113008,20231114,1377,43,34,1,25.02594,121.50651,9
500113008,20231114,1378,43,37,1,25.02594,121.50651,6
500113008,20231114,1379,43,37,1,25.02594,121.50651,6
500113008,20231114,1381,43,38,1,25.02594,121.50651,5
500113008,20231114,1382,43,38,1,25.02594,121.50651,5
500113008,20231114,1383,43,38,1,25.02594,121.50651,5
500113008,20231114,1384,43,38,1,25.02594,121.50651,5
500113008,20231114,1385,43,38,1,25.02594,121.50651,5
500113008,20231114,1386,43,38,1,25.02594,121.50651,5
500113008,20231114,1387,43,38,1,25.02594,121.50651,5
500113008,20231114,1388,43,38,1,25.02594,121.50651,5
500113008,20231114,1389,43,38,1,25.02594,121.50651,5
500113008,20231114,1390,43,38,1,25.02594,121.50651,5
500113008,20231114,1391,43,37,1,25.02594,121.50651,6
500113008,20231114,1392,43,37,1,25.02594,121.50651,6
500113008,20231114,1393,43,37,1,25.02594,121.50651,6
500113008,20231114,1394,43,37,1,25.02594,121.50651,6
500113008,20231114,1395,43,37,1,25.02594,121.50651,6
500113008,20231114,1396,43,37,1,25.02594,121.50651,6
500113008,20231114,1397,43,37,1,25.02594,121.50651,6
500113008,20231114,1398,43,37,1,25.02594,121.50651,6
500113008,20231114,1399,43,37,1,25.02594,121.50651,6
500113008,20231114,1401,43,37,1,25.02594,121.50651,6
500113008,20231114,1402,43,37,1,25.02594,121.50651,6
500113008,20231114,1403,43,37,1,25.02594,121.50651,6
500113008,20231114,1404,43,37,1,25.02594,121.50651,6
500113008,20231114,1405,43,37,1,25.02594,121.50651,6
500113008,20231114,1406,43,37,1,25.02594,121.50651,6
500113008,20231114,1407,43,37,1,25.02594,121.50651,6
500113008,20231114,1408,43,37,1,25.02594,121.50651,6
500113008,20231114,1409,43,37,1,25.02594,121.50651,6
500113008,20231114,1410,43,37,1,25.02594,121.50651,6
500113008,20231114,1411,43,37,1,25.02594,121.50651,6
500113008,20231114,1412,43,37,1,25.02594,121.50651,6
500113008,20231114,1413,43,37,1,25.02594,121.50651,6
500113008,20231114,1414,43,36,1,25.02594,121.50651,7
500113008,20231114,1415,43,36,1,25.02594,121.50651,7
500113008,20231114,1416,43,36,1,25.02594,121.50651,7
500113008,20231114,1417,43,36,1,25.02594,121.50651,7
500113008,20231114,1418,43,36,1,25.02594,121.50651,7
500113008,20231114,1419,43,36,1,25.02594,121.50651,7
500113008,20231114,1420,43,35,1,25.02594,121.50651,8
500113008,20231114,1421,43,35,1,25.02594,121.50651,8
500113008,20231114,1422,43,35,1,25.02594,121.50651,8
500113008,20231114,1423,43,35,1,25.02594,121.50651,8
500113008,20231114,1424,43,35,1,25.02594,121.50651,8
500113008,20231114,1425,43,35,1,25.02594,121.50651,8
500113008,20231114,1426,43,35,1,25.02594,121.50651,8
500113008,20231114,1427,43,35,1,25.02594,121.50651,8
500113008,20231114,1428,43,34,1,25.02594,121.50651,9
500113008,20231114,1429,43,34,1,25.02594,121.50651,9
500113008,20231114,1430,43,34,1,25.02594,121.50651,9
500113008,20231114,1431,43,34,1,25.02594,121.50651,9
500113008,20231114,1432,43,34,1,25.02594,121.50651,9
500113008,20231114,1433,43,34,1,25.02594,121.50651,9
500113008,20231114,1434,43,34,1,25.02594,121.50651,9
500113008,20231114,1435,43,34,1,25.02594,121.50651,9
500113008,20231114,1436,43,34,1,25.02594,121.50651,9
500113008,20231114,1437,43,34,1,25.02594,121.50651,9
500113008,20231114,1438,43,34,1,25.02594,121.50651,9
500113008,20231114,1439,43,34,1,25.02594,121.50651,9
500113008,20231115,1,43,35,1,25.02594,121.50651,8
500113008,20231115,2,43,35,1,25.02594,121.50651,8
500113008,20231115,4,43,35,1,25.02594,121.50651,8
500113008,20231115,5,43,35,1,25.02594,121.50651,8
500113008,20231115,6,43,36,1,25.02594,121.50651,7
500113008,20231115,7,43,36,1,25.02594,121.50651,7
500113008,20231115,8,43,36,1,25.02594,121.50651,7
500113008,20231115,10,43,36,1,25.02594,121.50651,7
500113008,20231115,11,43,36,1,25.02594,121.50651,7
500113008,20231115,12,43,36,1,25.02594,121.50651,7
500113008,20231115,13,43,36,1,25.02594,121.50651,7
500113008,20231115,14,43,36,1,25.02594,121.50651,7
500113008,20231115,15,43,35,1,25.02594,121.50651,8
500113008,20231115,16,43,35,1,25.02594,121.50651,8
500113008,20231115,17,43,35,1,25.02594,121.50651,8
500113008,20231115,18,43,35,1,25.02594,121.50651,8
500113008,20231115,19,43,35,1,25.02594,121.50651,8
500113008,20231115,21,43,35,1,25.02594,121.50651,8
500113008,20231115,22,43,35,1,25.02594,121.50651,8
500113008,20231115,23,43,35,1,25.02594,121.50651,8
500113008,20231115,24,43,35,1,25.02594,121.50651,8
500113008,20231115,25,43,35,1,25.02594,121.50651,8
500113008,20231115,26,43,35,1,25.02594,121.50651,8
500113008,20231115,27,43,35,1,25.02594,121.50651,8
500113008,20231115,28,43,35,1,25.02594,121.50651,8
500113008,20231115,29,43,35,1,25.02594,121.50651,8
500113008,20231115,30,43,35,1,25.02594,121.50651,8
500113008,20231115,31,43,35,1,25.02594,121.50651,8
500113008,20231115,32,43,35,1,25.02594,121.50651,8
500113008,20231115,33,43,36,1,25.02594,121.50651,7
500113008,20231115,34,43,36,1,25.02594,121.50651,7
500113008,20231115,35,43,36,1,25.02594,121.50651,7
500113008,20231115,36,43,36,1,25.02594,121.50651,7
500113008,20231115,37,43,36,1,25.02594,121.50651,7
500113008,20231115,38,43,36,1,25.02594,121.50651,7
500113008,20231115,39,43,36,1,25.02594,121.50651,7
500113008,20231115,41,43,36,1,25.02594,121.50651,7
500113008,20231115,42,43,35,1,25.02594,121.50651,8
500113008,20231115,43,43,35,1,25.02594,121.50651,8
500113008,20231115,44,43,35,1,25.02594,121.50651,8
500113008,20231115,45,43,35,1,25.02594,121.50651,8
500113008,20231115,46,43,35,1,25.02594,121.50651,8
500113008,20231115,47,43,35,1,25.02594,121.50651,8
500113008,20231115,48,43,35,1,25.02594,121.50651,8
500113008,20231115,49,43,35,1,25.02594,121.50651,8
500113008,20231115,50,43,35,1,25.02594,121.50651,8
500113008,20231115,51,43,35,1,25.02594,121.50651,8
500113008,20231115,52,43,35,1,25.02594,121.50651,8
500113008,20231115,53,43,35,1,25.02594,121.50651,8
500113008,20231115,54,43,35,1,25.02594,121.50651,8
500113008,20231115,55,43,35,1,25.02594,121.50651,8
500113008,20231115,56,43,35,1,25.02594,121.50651,8
500113008,20231115,57,43,35,1,25.02594,121.50651,8
500113008,20231115,58,43,35,1,25.02594,121.50651,8
500113008,20231115,59,43,35,1,25.02594,121.50651,8
500113008,20231115,61,43,35,1,25.02594,121.50651,8
500113008,20231115,62,43,35,1,25.02594,121.50651,8
500113008,20231115,63,43,35,1,25.02594,121.50651,8
500113008,20231115,64,43,35,1,25.02594,121.50651,8
500113008,20231115,65,43,35,1,25.02594,121.50651,8
500113008,20231115,66,43,35,1,25.02594,121.50651,8
500113008,20231115,67,43,35,1,25.02594,121.50651,8
500113008,20231115,68,43,35,1,25.02594,121.50651,8
500113008,20231115,69,43,35,1,25.02594,121.50651,8
500113008,20231115,70,43,35,1,25.02594,121.50651,8
500113008,20231115,71,43,35,1,25.02594,121.50651,8
500113008,20231115,72,43,35,1,25.02594,121.50651,8
500113008,20231115,73,43,35,1,25.02594,121.50651,8
500113008,20231115,74,43,35,1,25.02594,121.50651,8
500113008,20231115,75,43,35,1,25.02594,121.50651,8
500113008,20231115,76,43,35,1,25.02594,121.50651,8
500113008,20231115,77,43,35,1,25.02594,121.50651,8
500113008,20231115,78,43,35,1,25.02594,121.50651,8
500113008,20231115,79,43,35,1,25.02594,121.50651,8
500113008,20231115,81,43,35,1,25.02594,121.50651,8
500113008,20231115,82,43,35,1,25.02594,121.50651,8
500113008,20231115,83,43,35,1,25.02594,121.50651,8
500113008,20231115,84,43,35,1,25.02594,121.50651,8
500113008,20231115,85,43,35,1,25.02594,121.50651,8
500113008,20231115,86,43,35,1,25.02594,121.50651,8
500113008,20231115,87,43,35,1,25.02594,121.50651,8
500113008,20231115,88,43,35,1,25.02594,121.50651,8
500113008,20231115,89,43,35,1,25.02594,121.50651,8
500113008,20231115,90,43,35,1,25.02594,121.50651,8
500113008,20231115,91,43,35,1,25.02594,121.50651,8
500113008,20231115,92,43,35,1,25.02594,121.50651,8
500113008,20231115,93,43,35,1,25.02594,121.50651,8
500113008,20231115,94,43,35,1,25.02594,121.50651,8
500113008,20231115,95,43,35,1,25.02594,121.50651,8
500113008,20231115,96,43,35,1,25.02594,121.50651,8
500113008,20231115,97,43,35,1,25.02594,121.50651,8
500113008,20231115,98,43,35,1,25.02594,121.50651,8
500113008,20231115,99,43,35,1,25.02594,121.50651,8
500113008,20231115,100,43,35,1,25.02594,121.50651,8
500113008,20231115,101,43,35,1,25.02594,121.50651,8
500113008,20231115,102,43,35,1,25.02594,121.50651,8
500113008,20231115,103,43,35,1,25.02594,121.50651,8
500113008,20231115,104,43,35,1,25.02594,121.50651,8
500113008,20231115,105,43,35,1,25.02594,121.50651,8
500113008,20231115,106,43,35,1,25.02594,121.50651,8
500113008,20231115,107,43,35,1,25.02594,121.50651,8
500113008,20231115,108,43,35,1,25.02594,121.50651,8
500113008,20231115,109,43,35,1,25.02594,121.50651,8
500113008,20231115,110,43,35,1,25.02594,121.50651,8
500113008,20231115,111,43,35,1,25.02594,121.50651,8
500113008,20231115,112,43,35,1,25.02594,121.50651,8
500113008,20231115,113,43,35,1,25.02594,121.50651,8
500113008,20231115,114,43,35,1,25.02594,121.50651,8
500113008,20231115,115,43,35,1,25.02594,121.50651,8
500113008,20231115,116,43,35,1,25.02594,121.50651,8
500113008,20231115,117,43,35,1,25.02594,121.50651,8
500113008,20231115,118,43,35,1,25.02594,121.50651,8
500113008,20231115,119,43,35,1,25.02594,121.50651,8
500113008,20231115,121,43,35,1,25.02594,121.50651,8
500113008,20231115,122,43,35,1,25.02594,121.50651,8
500113008,20231115,123,43,35,1,25.02594,121.50651,8
500113008,20231115,124,43,35,1,25.02594,121.50651,8
500113008,20231115,125,43,35,1,25.02594,121.50651,8
500113008,20231115,126,43,35,1,25.02594,121.50651,8
500113008,20231115,127,43,35,1,25.02594,121.50651,8
500113008,20231115,128,43,34,1,25.02594,121.50651,9
500113008,20231115,129,43,34,1,25.02594,121.50651,9
500113008,20231115,130,43,34,1,25.02594,121.50651,9
500113008,20231115,131,43,34,1,25.02594,121.50651,9
500113008,20231115,132,43,34,1,25.02594,121.50651,9
500113008,20231115,133,43,34,1,25.02594,121.50651,9
500113008,20231115,134,43,34,1,25.02594,121.50651,9
500113008,20231115,135,43,34,1,25.02594,121.50651,9
500113008,20231115,136,43,34,1,25.02594,121.50651,9
500113008,20231115,137,43,34,1,25.02594,121.50651,9
500113008,20231115,138,43,34,1,25.02594,121.50651,9
500113008,20231115,139,43,34,1,25.02594,121.50651,9
500113008,20231115,141,43,34,1,25.02594,121.50651,9
500113008,20231115,142,43,34,1,25.02594,121.50651,9
500113008,20231115,143,43,34,1,25.02594,121.50651,9
500113008,20231115,144,43,34,1,25.02594,121.50651,9
500113008,20231115,145,43,34,1,25.02594,121.50651,9
500113008,20231115,146,43,34,1,25.02594,121.50651,9
500113008,20231115,147,43,34,1,25.02594,121.50651,9
500113008,20231115,148,43,34,1,25.02594,121.50651,9
500113008,20231115,149,43,34,1,25.02594,121.50651,9
500113008,20231115,150,43,33,1,25.02594,121.50651,10
500113008,20231115,151,43,33,1,25.02594,121.50651,10
500113008,20231115,152,43,33,1,25.02594,121.50651,10
500113008,20231115,153,43,33,1,25.02594,121.50651,10
500113008,20231115,154,43,33,1,25.02594,121.50651,10
500113008,20231115,155,43,33,1,25.02594,121.50651,10
500113008,20231115,156,43,33,1,25.02594,121.50651,10
500113008,20231115,157,43,33,1,25.02594,121.50651,10
500113008,20231115,158,43,33,1,25.02594,121.50651,10
500113008,20231115,159,43,33,1,25.02594,121.50651,10
500113008,20231115,160,43,33,1,25.02594,121.50651,10
500113008,20231115,161,43,33,1,25.02594,121.50651,10
500113008,20231115,162,43,33,1,25.02594,121.50651,10
500113008,20231115,163,43,33,1,25.02594,121.50651,10
500113008,20231115,164,43,33,1,25.02594,121.50651,10
500113008,20231115,165,43,33,1,25.02594,121.50651,10
500113008,20231115,166,43,33,1,25.02594,121.50651,10
500113008,20231115,167,43,33,1,25.02594,121.50651,10
500113008,20231115,168,43,33,1,25.02594,121.50651,10
500113008,20231115,169,43,33,1,25.02594,121.50651,10
500113008,20231115,170,43,33,1,25.02594,121.50651,10
500113008,20231115,171,43,33,1,25.02594,121.50651,10
500113008,20231115,172,43,33,1,25.02594,121.50651,10
500113008,20231115,173,43,33,1,25.02594,121.50651,10
500113008,20231115,174,43,33,1,25.02594,121.50651,10
500113008,20231115,175,43,33,1,25.02594,121.50651,10
500113008,20231115,176,43,33,1,25.02594,121.50651,10
500113008,20231115,177,43,33,1,25.02594,121.50651,10
500113008,20231115,178,43,33,1,25.02594,121.50651,10
500113008,20231115,179,43,33,1,25.02594,121.50651,10
500113008,20231115,180,43,33,1,25.02594,121.50651,10
500113008,20231115,181,43,33,1,25.02594,121.50651,10
500113008,20231115,182,43,33,1,25.02594,121.50651,10
500113008,20231115,183,43,33,1,25.02594,121.50651,10
500113008,20231115,184,43,33,1,25.02594,121.50651,10
500113008,20231115,185,43,33,1,25.02594,121.50651,10
500113008,20231115,186,43,33,1,25.02594,121.50651,10
500113008,20231115,187,43,33,1,25.02594,121.50651,10
500113008,20231115,188,43,33,1,25.02594,121.50651,10
500113008,20231115,189,43,33,1,25.02594,121.50651,10
500113008,20231115,190,43,33,1,25.02594,121.50651,10
500113008,20231115,191,43,33,1,25.02594,121.50651,10
500113008,20231115,192,43,33,1,25.02594,121.50651,10
500113008,20231115,193,43,33,1,25.02594,121.50651,10
500113008,20231115,194,43,33,1,25.02594,121.50651,10
500113008,20231115,195,43,33,1,25.02594,121.50651,10
500113008,20231115,196,43,33,1,25.02594,121.50651,10
500113008,20231115,197,43,33,1,25.02594,121.50651,10
500113008,20231115,198,43,33,1,25.02594,121.50651,10
500113008,20231115,199,43,33,1,25.02594,121.50651,10
500113008,20231115,201,43,33,1,25.02594,121.50651,10
500113008,20231115,202,43,33,1,25.02594,121.50651,10
500113008,20231115,203,43,33,1,25.02594,121.50651,10
500113008,20231115,204,43,33,1,25.02594,121.50651,10
500113008,20231115,205,43,33,1,25.02594,121.50651,10
500113008,20231115,206,43,33,1,25.02594,121.50651,10
500113008,20231115,207,43,33,1,25.02594,121.50651,10
500113008,20231115,208,43,33,1,25.02594,121.50651,10
500113008,20231115,209,43,33,1,25.02594,121.50651,10
500113008,20231115,210,43,33,1,25.02594,121.50651,10
500113008,20231115,211,43,33,1,25.02594,121.50651,10
500113008,20231115,212,43,33,1,25.02594,121.50651,10
500113008,20231115,213,43,33,1,25.02594,121.50651,10
500113008,20231115,214,43,33,1,25.02594,121.50651,10
500113008,20231115,215,43,33,1,25.02594,121.50651,10
500113008,20231115,216,43,33,1,25.02594,121.50651,10
500113008,20231115,217,43,33,1,25.02594,121.50651,10
500113008,20231115,218,43,33,1,25.02594,121.50651,10
500113008,20231115,219,43,33,1,25.02594,121.50651,10
500113008,20231115,220,43,33,1,25.02594,121.50651,10
500113008,20231115,221,43,33,1,25.02594,121.50651,10
500113008,20231115,222,43,33,1,25.02594,121.50651,10
500113008,20231115,223,43,33,1,25.02594,121.50651,10
500113008,20231115,224,43,33,1,25.02594,121.50651,10
500113008,20231115,225,43,33,1,25.02594,121.50651,10
500113008,20231115,226,43,33,1,25.02594,121.50651,10
500113008,20231115,227,43,33,1,25.02594,121.50651,10
500113008,20231115,228,43,33,1,25.02594,121.50651,10
500113008,20231115,229,43,33,1,25.02594,121.50651,10
500113008,20231115,230,43,33,1,25.02594,121.50651,10
500113008,20231115,231,43,33,1,25.02594,121.50651,10
500113008,20231115,232,43,33,1,25.02594,121.50651,10
500113008,20231115,233,43,33,1,25.02594,121.50651,10
500113008,20231115,234,43,33,1,25.02594,121.50651,10
500113008,20231115,235,43,33,1,25.02594,121.50651,10
500113008,20231115,236,43,33,1,25.02594,121.50651,10
500113008,20231115,237,43,33,1,25.02594,121.50651,10
500113008,20231115,238,43,33,1,25.02594,121.50651,10
500113008,20231115,239,43,33,1,25.02594,121.50651,10
500113008,20231115,240,43,33,1,25.02594,121.50651,10
500113008,20231115,241,43,33,1,25.02594,121.50651,10
500113008,20231115,242,43,33,1,25.02594,121.50651,10
500113008,20231115,243,43,33,1,25.02594,121.50651,10
500113008,20231115,244,43,33,1,25.02594,121.50651,10
500113008,20231115,245,43,33,1,25.02594,121.50651,10
500113008,20231115,246,43,33,1,25.02594,121.50651,10
500113008,20231115,247,43,33,1,25.02594,121.50651,10
500113008,20231115,248,43,33,1,25.02594,121.50651,10
500113008,20231115,249,43,32,1,25.02594,121.50651,11
500113008,20231115,250,43,32,1,25.02594,121.50651,11
500113008,20231115,251,43,32,1,25.02594,121.50651,11
500113008,20231115,252,43,32,1,25.02594,121.50651,11
500113008,20231115,253,43,32,1,25.02594,121.50651,11
500113008,20231115,254,43,32,1,25.02594,121.50651,11
500113008,20231115,255,43,32,1,25.02594,121.50651,11
500113008,20231115,256,43,32,1,25.02594,121.50651,11
500113008,20231115,257,43,32,1,25.02594,121.50651,11
500113008,20231115,258,43,32,1,25.02594,121.50651,11
500113008,20231115,259,43,32,1,25.02594,121.50651,11
500113008,20231115,261,43,32,1,25.02594,121.50651,11
500113008,20231115,262,43,32,1,25.02594,121.50651,11
500113008,20231115,263,43,32,1,25.02594,121.50651,11
500113008,20231115,264,43,32,1,25.02594,121.50651,11
500113008,20231115,265,43,32,1,25.02594,121.50651,11
500113008,20231115,266,43,32,1,25.02594,121.50651,11
500113008,20231115,267,43,32,1,25.02594,121.50651,11
500113008,20231115,269,43,32,1,25.02594,121.50651,11
500113008,20231115,270,43,32,1,25.02594,121.50651,11
500113008,20231115,271,43,32,1,25.02594,121.50651,11
500113008,20231115,272,43,32,1,25.02594,121.50651,11
500113008,20231115,273,43,32,1,25.02594,121.50651,11
500113008,20231115,274,43,32,1,25.02594,121.50651,11
500113008,20231115,275,43,32,1,25.02594,121.50651,11
500113008,20231115,276,43,32,1,25.02594,121.50651,11
500113008,20231115,277,43,32,1,25.02594,121.50651,11
500113008,20231115,278,43,32,1,25.02594,121.50651,11
500113008,20231115,279,43,32,1,25.02594,121.50651,11
500113008,20231115,280,43,32,1,25.02594,121.50651,11
500113008,20231115,281,43,32,1,25.02594,121.50651,11
500113008,20231115,282,43,32,1,25.02594,121.50651,11
500113008,20231115,283,43,32,1,25.02594,121.50651,11
500113008,20231115,284,43,33,1,25.02594,121.50651,10
500113008,20231115,285,43,33,1,25.02594,121.50651,10
500113008,20231115,286,43,33,1,25.02594,121.50651,10
500113008,20231115,287,43,33,1,25.02594,121.50651,10
500113008,20231115,288,43,33,1,25.02594,121.50651,10
500113008,20231115,289,43,33,1,25.02594,121.50651,10
500113008,20231115,290,43,33,1,25.02594,121.50651,10
500113008,20231115,291,43,33,1,25.02594,121.50651,10
500113008,20231115,292,43,33,1,25.02594,121.50651,10
500113008,20231115,293,43,33,1,25.02594,121.50651,10
500113008,20231115,294,43,33,1,25.02594,121.50651,10
500113008,20231115,295,43,33,1,25.02594,121.50651,10
500113008,20231115,296,43,33,1,25.02594,121.50651,10
500113008,20231115,297,43,33,1,25.02594,121.50651,10
500113008,20231115,298,43,33,1,25.02594,121.50651,10
500113008,20231115,299,43,33,1,25.02594,121.50651,10
500113008,20231115,300,43,33,1,25.02594,121.50651,10
500113008,20231115,301,43,33,1,25.02594,121.50651,10
500113008,20231115,302,43,33,1,25.02594,121.50651,10
500113008,20231115,303,43,33,1,25.02594,121.50651,10
500113008,20231115,304,43,33,1,25.02594,121.50651,10
500113008,20231115,305,43,33,1,25.02594,121.50651,10
500113008,20231115,306,43,33,1,25.02594,121.50651,10
500113008,20231115,307,43,33,1,25.02594,121.50651,10
500113008,20231115,308,43,33,1,25.02594,121.50651,10
500113008,20231115,309,43,33,1,25.02594,121.50651,10
500113008,20231115,310,43,33,1,25.02594,121.50651,10
500113008,20231115,311,43,33,1,25.02594,121.50651,10
500113008,20231115,312,43,33,1,25.02594,121.50651,10
500113008,20231115,313,43,33,1,25.02594,121.50651,10
500113008,20231115,314,43,33,1,25.02594,121.50651,10
500113008,20231115,315,43,33,1,25.02594,121.50651,10
500113008,20231115,316,43,33,1,25.02594,121.50651,10
500113008,20231115,317,43,33,1,25.02594,121.50651,10
500113008,20231115,318,43,33,1,25.02594,121.50651,10
500113008,20231115,319,43,33,1,25.02594,121.50651,10
500113008,20231115,321,43,33,1,25.02594,121.50651,10
500113008,20231115,322,43,33,1,25.02594,121.50651,10
500113008,20231115,323,43,33,1,25.02594,121.50651,10
500113008,20231115,324,43,33,1,25.02594,121.50651,10
500113008,20231115,325,43,33,1,25.02594,121.50651,10
500113008,20231115,326,43,33,1,25.02594,121.50651,10
500113008,20231115,327,43,33,1,25.02594,121.50651,10
500113008,20231115,328,43,33,1,25.02594,121.50651,10
500113008,20231115,329,43,33,1,25.02594,121.50651,10
500113008,20231115,330,43,33,1,25.02594,121.50651,10
500113008,20231115,331,43,33,1,25.02594,121.50651,10
500113008,20231115,332,43,32,1,25.02594,121.50651,11
500113008,20231115,333,43,32,1,25.02594,121.50651,11
500113008,20231115,334,43,32,1,25.02594,121.50651,11
500113008,20231115,335,43,32,1,25.02594,121.50651,11
500113008,20231115,336,43,31,1,25.02594,121.50651,12
500113008,20231115,337,43,31,1,25.02594,121.50651,12
500113008,20231115,338,43,31,1,25.02594,121.50651,12
500113008,20231115,339,43,31,1,25.02594,121.50651,12
500113008,20231115,340,43,31,1,25.02594,121.50651,12
500113008,20231115,341,43,31,1,25.02594,121.50651,12
500113008,20231115,342,43,31,1,25.02594,121.50651,12
500113008,20231115,343,43,31,1,25.02594,121.50651,12
500113008,20231115,344,43,31,1,25.02594,121.50651,12
500113008,20231115,345,43,31,1,25.02594,121.50651,12
500113008,20231115,346,43,31,1,25.02594,121.50651,12
500113008,20231115,347,43,31,1,25.02594,121.50651,12
500113008,20231115,348,43,31,1,25.02594,121.50651,12
500113008,20231115,349,43,31,1,25.02594,121.50651,12
500113008,20231115,350,43,31,1,25.02594,121.50651,12
500113008,20231115,351,43,31,1,25.02594,121.50651,12
500113008,20231115,352,43,31,1,25.02594,121.50651,12
500113008,20231115,353,43,31,1,25.02594,121.50651,12
500113008,20231115,354,43,31,1,25.02594,121.50651,12
500113008,20231115,355,43,31,1,25.02594,121.50651,12
500113008,20231115,356,43,31,1,25.02594,121.50651,12
500113008,20231115,357,43,31,1,25.02594,121.50651,12
500113008,20231115,358,43,31,1,25.02594,121.50651,12
500113008,20231115,359,43,31,1,25.02594,121.50651,12
500113008,20231115,360,43,31,1,25.02594,121.50651,12
500113008,20231115,361,43,31,1,25.02594,121.50651,12
500113008,20231115,362,43,31,1,25.02594,121.50651,12
500113008,20231115,363,43,31,1,25.02594,121.50651,12
500113008,20231115,364,43,31,1,25.02594,121.50651,12
500113008,20231115,365,43,31,1,25.02594,121.50651,12
500113008,20231115,366,43,31,1,25.02594,121.50651,12
500113008,20231115,367,43,31,1,25.02594,121.50651,12
500113008,20231115,368,43,31,1,25.02594,121.50651,12
500113008,20231115,369,43,31,1,25.02594,121.50651,12
500113008,20231115,370,43,31,1,25.02594,121.50651,12
500113008,20231115,371,43,31,1,25.02594,121.50651,12
500113008,20231115,372,43,31,1,25.02594,121.50651,12
500113008,20231115,373,43,31,1,25.02594,121.50651,12
500113008,20231115,374,43,31,1,25.02594,121.50651,12
500113008,20231115,375,43,31,1,25.02594,121.50651,12
500113008,20231115,376,43,31,1,25.02594,121.50651,12
500113008,20231115,377,43,31,1,25.02594,121.50651,12
500113008,20231115,378,43,31,1,25.02594,121.50651,12
500113008,20231115,379,43,31,1,25.02594,121.50651,12
500113008,20231115,381,43,31,1,25.02594,121.50651,12
500113008,20231115,382,43,31,1,25.02594,121.50651,12
500113008,20231115,383,43,31,1,25.02594,121.50651,12
500113008,20231115,384,43,31,1,25.02594,121.50651,12
500113008,20231115,385,43,32,1,25.02594,121.50651,11
500113008,20231115,386,43,32,1,25.02594,121.50651,11
500113008,20231115,387,43,33,1,25.02594,121.50651,10
500113008,20231115,388,43,33,1,25.02594,121.50651,10
500113008,20231115,389,43,33,1,25.02594,121.50651,10
500113008,20231115,390,43,34,1,25.02594,121.50651,9
500113008,20231115,391,43,34,1,25.02594,121.50651,9
500113008,20231115,392,43,34,1,25.02594,121.50651,9
500113008,20231115,393,43,34,1,25.02594,121.50651,9
500113008,20231115,394,43,34,1,25.02594,121.50651,9
500113008,20231115,395,43,34,1,25.02594,121.50651,9
500113008,20231115,396,43,34,1,25.02594,121.50651,9
500113008,20231115,397,43,34,1,25.02594,121.50651,9
500113008,20231115,398,43,34,1,25.02594,121.50651,9
500113008,20231115,399,43,34,1,25.02594,121.50651,9
500113008,20231115,400,43,34,1,25.02594,121.50651,9
500113008,20231115,401,43,34,1,25.02594,121.50651,9
500113008,20231115,402,43,33,1,25.02594,121.50651,10
500113008,20231115,403,43,33,1,25.02594,121.50651,10
500113008,20231115,404,43,33,1,25.02594,121.50651,10
500113008,20231115,405,43,33,1,25.02594,121.50651,10
500113008,20231115,406,43,33,1,25.02594,121.50651,10
500113008,20231115,407,43,33,1,25.02594,121.50651,10
500113008,20231115,408,43,33,1,25.02594,121.50651,10
500113008,20231115,409,43,33,1,25.02594,121.50651,10
500113008,20231115,410,43,35,1,25.02594,121.50651,8
500113008,20231115,411,43,35,1,25.02594,121.50651,8
500113008,20231115,412,43,36,1,25.02594,121.50651,7
500113008,20231115,413,43,37,1,25.02594,121.50651,6
500113008,20231115,414,43,37,1,25.02594,121.50651,6
500113008,20231115,415,43,37,1,25.02594,121.50651,6
500113008,20231115,416,43,38,1,25.02594,121.50651,5
500113008,20231115,417,43,38,1,25.02594,121.50651,5
500113008,20231115,418,43,37,1,25.02594,121.50651,6
500113008,20231115,419,43,37,1,25.02594,121.50651,6
500113008,20231115,421,43,37,1,25.02594,121.50651,6
500113008,20231115,422,43,37,1,25.02594,121.50651,6
500113008,20231115,423,43,37,1,25.02594,121.50651,6
500113008,20231115,424,43,36,1,25.02594,121.50651,7
500113008,20231115,425,43,36,1,25.02594,121.50651,7
500113008,20231115,426,43,38,1,25.02594,121.50651,5
500113008,20231115,427,43,37,1,25.02594,121.50651,6
500113008,20231115,428,43,37,1,25.02594,121.50651,6
500113008,20231115,429,43,37,1,25.02594,121.50651,6
500113008,20231115,430,43,37,1,25.02594,121.50651,6
500113008,20231115,431,43,39,1,25.02594,121.50651,4
500113008,20231115,432,43,40,1,25.02594,121.50651,3
500113008,20231115,433,43,40,1,25.02594,121.50651,3
500113008,20231115,434,43,40,1,25.02594,121.50651,3
500113008,20231115,435,43,42,1,25.02594,121.50651,1
500113008,20231115,436,43,42,1,25.02594,121.50651,1
500113008,20231115,437,43,41,1,25.02594,121.50651,2
500113008,20231115,438,43,41,1,25.02594,121.50651,2
500113008,20231115,439,43,41,1,25.02594,121.50651,2
500113008,20231115,441,43,41,1,25.02594,121.50651,2
500113008,20231115,442,43,42,1,25.02594,121.50651,1
500113008,20231115,443,43,42,1,25.02594,121.50651,1
500113008,20231115,444,43,41,1,25.02594,121.50651,2
500113008,20231115,445,43,41,1,25.02594,121.50651,2
500113008,20231115,446,43,41,1,25.02594,121.50651,2
500113008,20231115,447,43,41,1,25.02594,121.50651,2
500113008,20231115,448,43,41,1,25.02594,121.50651,2
500113008,20231115,449,43,41,1,25.02594,121.50651,2
500113008,20231115,451,43,41,1,25.02594,121.50651,2
500113008,20231115,452,43,41,1,25.02594,121.50651,2
500113008,20231115,453,43,42,1,25.02594,121.50651,1
500113008,20231115,454,43,42,1,25.02594,121.50651,1
500113008,20231115,455,43,42,1,25.02594,121.50651,1
500113008,20231115,456,43,42,1,25.02594,121.50651,1
500113008,20231115,457,43,42,1,25.02594,121.50651,1
500113008,20231115,458,43,40,1,25.02594,121.50651,3
500113008,20231115,459,43,40,1,25.02594,121.50651,3
500113008,20231115,460,43,39,1,25.02594,121.50651,4
500113008,20231115,461,43,39,1,25.02594,121.50651,4
500113008,20231115,462,43,39,1,25.02594,121.50651,4
500113008,20231115,463,43,39,1,25.02594,121.50651,4
500113008,20231115,464,43,39,1,25.02594,121.50651,4
500113008,20231115,465,43,38,1,25.02594,121.50651,5
500113008,20231115,466,43,38,1,25.02594,121.50651,5
500113008,20231115,467,43,37,1,25.02594,121.50651,6
500113008,20231115,468,43,37,1,25.02594,121.50651,6
500113008,20231115,469,43,37,1,25.02594,121.50651,6
500113008,20231115,470,43,36,1,25.02594,121.50651,7
500113008,20231115,471,43,36,1,25.02594,121.50651,7
500113008,20231115,472,43,37,1,25.02594,121.50651,6
500113008,20231115,473,43,37,1,25.02594,121.50651,6
500113008,20231115,474,43,36,1,25.02594,121.50651,7
500113008,20231115,475,43,36,1,25.02594,121.50651,7
500113008,20231115,476,43,36,1,25.02594,121.50651,7
500113008,20231115,477,43,35,1,25.02594,121.50651,8
500113008,20231115,478,43,35,1,25.02594,121.50651,8
500113008,20231115,479,43,35,1,25.02594,121.50651,8
500113008,20231115,481,43,35,1,25.02594,121.50651,8
500113008,20231115,482,43,35,1,25.02594,121.50651,8
500113008,20231115,483,43,35,1,25.02594,121.50651,8
500113008,20231115,484,43,35,1,25.02594,121.50651,8
500113008,20231115,485,43,36,1,25.02594,121.50651,7
500113008,20231115,486,43,36,1,25.02594,121.50651,7
500113008,20231115,487,43,36,1,25.02594,121.50651,7
500113008,20231115,488,43,38,1,25.02594,121.50651,5
500113008,20231115,489,43,38,1,25.02594,121.50651,5
500113008,20231115,490,43,38,1,25.02594,121.50651,5
500113008,20231115,491,43,38,1,25.02594,121.50651,5
500113008,20231115,492,43,38,1,25.02594,121.50651,5
500113008,20231115,493,43,37,1,25.02594,121.50651,6
500113008,20231115,494,43,37,1,25.02594,121.50651,6
500113008,20231115,495,43,37,1,25.02594,121.50651,6
500113008,20231115,496,43,37,1,25.02594,121.50651,6
500113008,20231115,497,43,38,1,25.02594,121.50651,5
500113008,20231115,498,43,39,1,25.02594,121.50651,4
500113008,20231115,499,43,39,1,25.02594,121.50651,4
500113008,20231115,501,43,40,1,25.02594,121.50651,3
500113008,20231115,502,43,41,1,25.02594,121.50651,2
500113008,20231115,503,43,41,1,25.02594,121.50651,2
500113008,20231115,504,43,41,1,25.02594,121.50651,2
500113008,20231115,505,43,42,1,25.02594,121.50651,1
500113008,20231115,506,43,42,1,25.02594,121.50651,1
500113008,20231115,507,43,42,1,25.02594,121.50651,1
500113008,20231115,508,43,42,1,25.02594,121.50651,1
500113008,20231115,509,43,42,1,25.02594,121.50651,1
500113008,20231115,511,43,42,1,25.02594,121.50651,1
500113008,20231115,512,43,42,1,25.02594,121.50651,1
500113008,20231115,513,43,42,1,25.02594,121.50651,1
500113008,20231115,514,43,42,1,25.02594,121.50651,1
500113008,20231115,515,43,42,1,25.02594,121.50651,1
500113008,20231115,516,43,42,1,25.02594,121.50651,1
500113008,20231115,518,43,42,1,25.02594,121.50651,1
500113008,20231115,519,43,42,1,25.02594,121.50651,1
500113008,20231115,521,43,41,1,25.02594,121.50651,2
500113008,20231115,522,43,40,1,25.02594,121.50651,3
500113008,20231115,523,43,41,1,25.02594,121.50651,2
500113008,20231115,524,43,40,1,25.02594,121.50651,3
500113008,20231115,525,43,40,1,25.02594,121.50651,3
500113008,20231115,526,43,41,1,25.02594,121.50651,2
500113008,20231115,527,43,41,1,25.02594,121.50651,2
500113008,20231115,528,43,41,1,25.02594,121.50651,2
500113008,20231115,529,43,40,1,25.02594,121.50651,3
500113008,20231115,530,43,41,1,25.02594,121.50651,2
500113008,20231115,531,43,41,1,25.02594,121.50651,2
500113008,20231115,532,43,41,1,25.02594,121.50651,2
500113008,20231115,533,43,41,1,25.02594,121.50651,2
500113008,20231115,534,43,41,1,25.02594,121.50651,2
500113008,20231115,535,43,41,1,25.02594,121.50651,2
500113008,20231115,536,43,40,1,25.02594,121.50651,3
500113008,20231115,537,43,40,1,25.02594,121.50651,3
500113008,20231115,538,43,40,1,25.02594,121.50651,3
500113008,20231115,539,43,40,1,25.02594,121.50651,3
500113008,20231115,541,43,42,1,25.02594,121.50651,1
500113008,20231115,542,43,42,1,25.02594,121.50651,1
500113008,20231115,543,43,42,1,25.02594,121.50651,1
500113008,20231115,544,43,42,1,25.02594,121.50651,1
500113008,20231115,545,43,42,1,25.02594,121.50651,1
500113008,20231115,546,43,42,1,25.02594,121.50651,1
500113008,20231115,547,43,42,1,25.02594,121.50651,1
500113008,20231115,548,43,42,1,25.02594,121.50651,1
500113008,20231115,549,43,42,1,25.02594,121.50651,1
500113008,20231115,550,43,41,1,25.02594,121.50651,2
500113008,20231115,551,43,41,1,25.02594,121.50651,2
500113008,20231115,552,43,41,1,25.02594,121.50651,2
500113008,20231115,553,43,41,1,25.02594,121.50651,2
500113008,20231115,554,43,41,1,25.02594,121.50651,2
500113008,20231115,555,43,41,1,25.02594,121.50651,2
500113008,20231115,556,43,41,1,25.02594,121.50651,2
500113008,20231115,557,43,41,1,25.02594,121.50651,2
500113008,20231115,558,43,41,1,25.02594,121.50651,2
500113008,20231115,559,43,40,1,25.02594,121.50651,3
500113008,20231115,561,43,41,1,25.02594,121.50651,2
500113008,20231115,562,43,42,1,25.02594,121.50651,1
500113008,20231115,563,43,42,1,25.02594,121.50651,1
500113008,20231115,564,43,42,1,25.02594,121.50651,1
500113008,20231115,565,43,42,1,25.02594,121.50651,1
500113008,20231115,566,43,42,1,25.02594,121.50651,1
500113008,20231115,567,43,42,1,25.02594,121.50651,1
500113008,20231115,568,43,42,1,25.02594,121.50651,1
500113008,20231115,569,43,42,1,25.02594,121.50651,1
500113008,20231115,571,43,42,1,25.02594,121.50651,1
500113008,20231115,572,43,42,1,25.02594,121.50651,1
500113008,20231115,573,43,41,1,25.02594,121.50651,2
500113008,20231115,574,43,41,1,25.02594,121.50651,2
500113008,20231115,575,43,41,1,25.02594,121.50651,2
500113008,20231115,576,43,41,1,25.02594,121.50651,2
500113008,20231115,577,43,41,1,25.02594,121.50651,2
500113008,20231115,578,43,41,1,25.02594,121.50651,2
500113008,20231115,579,43,41,1,25.02594,121.50651,2
500113008,20231115,581,43,40,1,25.02594,121.50651,3
500113008,20231115,582,43,40,1,25.02594,121.50651,3
500113008,20231115,583,43,40,1,25.02594,121.50651,3
500113008,20231115,584,43,41,1,25.02594,121.50651,2
500113008,20231115,585,43,42,1,25.02594,121.50651,1
500113008,20231115,586,43,42,1,25.02594,121.50651,1
500113008,20231115,587,43,41,1,25.02594,121.50651,2
500113008,20231115,588,43,41,1,25.02594,121.50651,2
500113008,20231115,589,43,41,1,25.02594,121.50651,2
500113008,20231115,590,43,41,1,25.02594,121.50651,2
500113008,20231115,591,43,41,1,25.02594,121.50651,2
500113008,20231115,592,43,41,1,25.02594,121.50651,2
500113008,20231115,593,43,41,1,25.02594,121.50651,2
500113008,20231115,594,43,41,1,25.02594,121.50651,2
500113008,20231115,595,43,41,1,25.02594,121.50651,2
500113008,20231115,596,43,41,1,25.02594,121.50651,2
500113008,20231115,597,43,41,1,25.02594,121.50651,2
500113008,20231115,598,43,42,1,25.02594,121.50651,1
500113008,20231115,599,43,42,1,25.02594,121.50651,1
500113008,20231115,601,43,41,1,25.02594,121.50651,2
500113008,20231115,602,43,41,1,25.02594,121.50651,2
500113008,20231115,603,43,42,1,25.02594,121.50651,1
500113008,20231115,604,43,42,1,25.02594,121.50651,1
500113008,20231115,605,43,42,1,25.02594,121.50651,1
500113008,20231115,606,43,42,1,25.02594,121.50651,1
500113008,20231115,607,43,42,1,25.02594,121.50651,1
500113008,20231115,608,43,42,1,25.02594,121.50651,1
500113008,20231115,609,43,42,1,25.02594,121.50651,1
500113008,20231115,610,43,40,1,25.02594,121.50651,3
500113008,20231115,611,43,41,1,25.02594,121.50651,2
500113008,20231115,612,43,41,1,25.02594,121.50651,2
500113008,20231115,613,43,42,1,25.02594,121.50651,1
500113008,20231115,614,43,42,1,25.02594,121.50651,1
500113008,20231115,615,43,43,1,25.02594,121.50651,0
500113008,20231115,616,43,43,1,25.02594,121.50651,0
500113008,20231115,617,43,43,1,25.02594,121.50651,0
500113008,20231115,618,43,43,1,25.02594,121.50651,0
500113008,20231115,619,43,43,1,25.02594,121.50651,0
500113008,20231115,621,43,43,1,25.02594,121.50651,0
500113008,20231115,622,43,43,1,25.02594,121.50651,0
500113008,20231115,623,43,43,1,25.02594,121.50651,0
500113008,20231115,624,43,43,1,25.02594,121.50651,0
500113008,20231115,625,43,43,1,25.02594,121.50651,0
500113008,20231115,626,43,43,1,25.02594,121.50651,0
500113008,20231115,627,43,43,1,25.02594,121.50651,0
500113008,20231115,628,43,43,1,25.02594,121.50651,0
500113008,20231115,629,43,43,1,25.02594,121.50651,0
500113008,20231115,631,43,43,1,25.02594,121.50651,0
500113008,20231115,632,43,43,1,25.02594,121.50651,0
500113008,20231115,633,43,43,1,25.02594,121.50651,0
500113008,20231115,634,43,43,1,25.02594,121.50651,0
500113008,20231115,635,43,43,1,25.02594,121.50651,0
500113008,20231115,636,43,43,1,25.02594,121.50651,0
500113008,20231115,637,43,43,1,25.02594,121.50651,0
500113008,20231115,638,43,43,1,25.02594,121.50651,0
500113008,20231115,639,43,43,1,25.02594,121.50651,0
500113008,20231115,640,43,42,1,25.02594,121.50651,1
500113008,20231115,641,43,42,1,25.02594,121.50651,1
500113008,20231115,642,43,42,1,25.02594,121.50651,1
500113008,20231115,643,43,42,1,25.02594,121.50651,1
500113008,20231115,644,43,42,1,25.02594,121.50651,1
500113008,20231115,645,43,42,1,25.02594,121.50651,1
500113008,20231115,646,43,42,1,25.02594,121.50651,1
500113008,20231115,647,43,42,1,25.02594,121.50651,1
500113008,20231115,648,43,42,1,25.02594,121.50651,1
500113008,20231115,649,43,42,1,25.02594,121.50651,1
500113008,20231115,650,43,43,1,25.02594,121.50651,0
500113008,20231115,651,43,43,1,25.02594,121.50651,0
500113008,20231115,652,43,43,1,25.02594,121.50651,0
500113008,20231115,653,43,43,1,25.02594,121.50651,0
500113008,20231115,654,43,43,1,25.02594,121.50651,0
500113008,20231115,655,43,43,1,25.02594,121.50651,0
500113008,20231115,656,43,43,1,25.02594,121.50651,0
500113008,20231115,657,43,43,1,25.02594,121.50651,0
500113008,20231115,658,43,43,1,25.02594,121.50651,0
500113008,20231115,659,43,43,1,25.02594,121.50651,0
500113008,20231115,661,43,43,1,25.02594,121.50651,0
500113008,20231115,662,43,43,1,25.02594,121.50651,0
500113008,20231115,663,43,43,1,25.02594,121.50651,0
500113008,20231115,664,43,43,1,25.02594,121.50651,0
500113008,20231115,665,43,43,1,25.02594,121.50651,0
500113008,20231115,666,43,43,1,25.02594,121.50651,0
500113008,20231115,667,43,43,1,25.02594,121.50651,0
500113008,20231115,668,43,43,1,25.02594,121.50651,0
500113008,20231115,669,43,43,1,25.02594,121.50651,0
500113008,20231115,670,43,43,1,25.02594,121.50651,0
500113008,20231115,671,43,43,1,25.02594,121.50651,0
500113008,20231115,672,43,43,1,25.02594,121.50651,0
500113008,20231115,673,43,43,1,25.02594,121.50651,0
500113008,20231115,674,43,42,1,25.02594,121.50651,1
500113008,20231115,675,43,42,1,25.02594,121.50651,1
500113008,20231115,676,43,42,1,25.02594,121.50651,1
500113008,20231115,677,43,42,1,25.02594,121.50651,1
500113008,20231115,678,43,41,1,25.02594,121.50651,2
500113008,20231115,679,43,41,1,25.02594,121.50651,2
500113008,20231115,681,43,43,1,25.02594,121.50651,0
500113008,20231115,682,43,43,1,25.02594,121.50651,0
500113008,20231115,683,43,43,1,25.02594,121.50651,0
500113008,20231115,684,43,43,1,25.02594,121.50651,0
500113008,20231115,685,43,42,1,25.02594,121.50651,1
500113008,20231115,686,43,43,1,25.02594,121.50651,0
500113008,20231115,687,43,43,1,25.02594,121.50651,0
500113008,20231115,688,43,43,1,25.02594,121.50651,0
500113008,20231115,689,43,43,1,25.02594,121.50651,0
500113008,20231115,690,43,43,1,25.02594,121.50651,0
500113008,20231115,691,43,42,1,25.02594,121.50651,1
500113008,20231115,692,43,42,1,25.02594,121.50651,1
500113008,20231115,693,43,42,1,25.02594,121.50651,1
500113008,20231115,694,43,42,1,25.02594,121.50651,1
500113008,20231115,695,43,42,1,25.02594,121.50651,1
500113008,20231115,696,43,42,1,25.02594,121.50651,1
500113008,20231115,697,43,42,1,25.02594,121.50651,1
500113008,20231115,698,43,42,1,25.02594,121.50651,1
500113008,20231115,699,43,42,1,25.02594,121.50651,1
500113008,20231115,700,43,42,1,25.02594,121.50651,1
500113008,20231115,701,43,41,1,25.02594,121.50651,2
500113008,20231115,702,43,42,1,25.02594,121.50651,1
500113008,20231115,703,43,42,1,25.02594,121.50651,1
500113008,20231115,704,43,42,1,25.02594,121.50651,1
500113008,20231115,705,43,42,1,25.02594,121.50651,1
500113008,20231115,706,43,42,1,25.02594,121.50651,1
500113008,20231115,707,43,42,1,25.02594,121.50651,1
500113008,20231115,708,43,42,1,25.02594,121.50651,1
500113008,20231115,709,43,41,1,25.02594,121.50651,2
500113008,20231115,711,43,41,1,25.02594,121.50651,2
500113008,20231115,712,43,41,1,25.02594,121.50651,2
500113008,20231115,713,43,41,1,25.02594,121.50651,2
500113008,20231115,714,43,41,1,25.02594,121.50651,2
500113008,20231115,715,43,41,1,25.02594,121.50651,2
500113008,20231115,716,43,41,1,25.02594,121.50651,2
500113008,20231115,717,43,41,1,25.02594,121.50651,2
500113008,20231115,718,43,43,1,25.02594,121.50651,0
500113008,20231115,719,43,43,1,25.02594,121.50651,0
500113008,20231115,721,43,43,1,25.02594,121.50651,0
500113008,20231115,722,43,43,1,25.02594,121.50651,0
500113008,20231115,723,43,43,1,25.02594,121.50651,0
500113008,20231115,724,43,43,1,25.02594,121.50651,0
500113008,20231115,725,43,43,1,25.02594,121.50651,0
500113008,20231115,726,43,42,1,25.02594,121.50651,1
500113008,20231115,727,43,43,1,25.02594,121.50651,0
500113008,20231115,728,43,43,1,25.02594,121.50651,0
500113008,20231115,729,43,43,1,25.02594,121.50651,0
500113008,20231115,730,43,43,1,25.02594,121.50651,0
500113008,20231115,731,43,43,1,25.02594,121.50651,0
500113008,20231115,732,43,43,1,25.02594,121.50651,0
500113008,20231115,733,43,43,1,25.02594,121.50651,0
500113008,20231115,734,43,43,1,25.02594,121.50651,0
500113008,20231115,735,43,43,1,25.02594,121.50651,0
500113008,20231115,736,43,43,1,25.02594,121.50651,0
500113008,20231115,737,43,43,1,25.02594,121.50651,0
500113008,20231115,738,43,43,1,25.02594,121.50651,0
500113008,20231115,739,43,43,1,25.02594,121.50651,0
500113008,20231115,741,43,43,1,25.02594,121.50651,0
500113008,20231115,742,43,43,1,25.02594,121.50651,0
500113008,20231115,743,43,43,1,25.02594,121.50651,0
500113008,20231115,744,43,43,1,25.02594,121.50651,0
500113008,20231115,745,43,43,1,25.02594,121.50651,0
500113008,20231115,746,43,43,1,25.02594,121.50651,0
500113008,20231115,747,43,43,1,25.02594,121.50651,0
500113008,20231115,748,43,42,1,25.02594,121.50651,1
500113008,20231115,749,43,42,1,25.02594,121.50651,1
500113008,20231115,751,43,43,1,25.02594,121.50651,0
500113008,20231115,752,43,43,1,25.02594,121.50651,0
500113008,20231115,753,43,43,1,25.02594,121.50651,0
500113008,20231115,754,43,43,1,25.02594,121.50651,0
500113008,20231115,756,43,42,1,25.02594,121.50651,1
500113008,20231115,758,43,43,1,25.02594,121.50651,0
500113008,20231115,759,43,43,1,25.02594,121.50651,0
500113008,20231115,761,43,43,1,25.02594,121.50651,0
500113008,20231115,762,43,43,1,25.02594,121.50651,0
500113008,20231115,764,43,43,1,25.02594,121.50651,0
500113008,20231115,766,43,43,1,25.02594,121.50651,0
500113008,20231115,768,43,43,1,25.02594,121.50651,0
500113008,20231115,769,43,43,1,25.02594,121.50651,0
500113008,20231115,771,43,42,1,25.02594,121.50651,1
500113008,20231115,772,43,42,1,25.02594,121.50651,1
500113008,20231115,774,43,42,1,25.02594,121.50651,1
500113008,20231115,776,43,41,1,25.02594,121.50651,2
500113008,20231115,777,43,41,1,25.02594,121.50651,2
500113008,20231115,778,43,41,1,25.02594,121.50651,2
500113008,20231115,779,43,41,1,25.02594,121.50651,2
500113008,20231115,781,43,41,1,25.02594,121.50651,2
500113008,20231115,782,43,41,1,25.02594,121.50651,2
500113008,20231115,783,43,42,1,25.02594,121.50651,1
500113008,20231115,784,43,42,1,25.02594,121.50651,1
500113008,20231115,785,43,42,1,25.02594,121.50651,1
500113008,20231115,786,43,42,1,25.02594,121.50651,1
500113008,20231115,787,43,42,1,25.02594,121.50651,1
500113008,20231115,788,43,42,1,25.02594,121.50651,1
500113008,20231115,789,43,42,1,25.02594,121.50651,1
500113008,20231115,791,43,42,1,25.02594,121.50651,1
500113008,20231115,792,43,42,1,25.02594,121.50651,1
500113008,20231115,793,43,42,1,25.02594,121.50651,1
500113008,20231115,794,43,42,1,25.02594,121.50651,1
500113008,20231115,795,43,42,1,25.02594,121.50651,1
500113008,20231115,796,43,42,1,25.02594,121.50651,1
500113008,20231115,797,43,42,1,25.02594,121.50651,1
500113008,20231115,798,43,42,1,25.02594,121.50651,1
500113008,20231115,799,43,42,1,25.02594,121.50651,1
500113008,20231115,801,43,42,1,25.02594,121.50651,1
500113008,20231115,802,43,41,1,25.02594,121.50651,2
500113008,20231115,804,43,41,1,25.02594,121.50651,2
500113008,20231115,805,43,41,1,25.02594,121.50651,2
500113008,20231115,806,43,42,1,25.02594,121.50651,1
500113008,20231115,807,43,42,1,25.02594,121.50651,1
500113008,20231115,808,43,42,1,25.02594,121.50651,1
500113008,20231115,809,43,42,1,25.02594,121.50651,1
500113008,20231115,811,43,42,1,25.02594,121.50651,1
500113008,20231115,812,43,42,1,25.02594,121.50651,1
500113008,20231115,813,43,42,1,25.02594,121.50651,1
500113008,20231115,814,43,42,1,25.02594,121.50651,1
500113008,20231115,815,43,42,1,25.02594,121.50651,1
500113008,20231115,816,43,42,1,25.02594,121.50651,1
500113008,20231115,817,43,42,1,25.02594,121.50651,1
500113008,20231115,818,43,42,1,25.02594,121.50651,1
500113008,20231115,819,43,42,1,25.02594,121.50651,1
500113008,20231115,821,43,42,1,25.02594,121.50651,1
500113008,20231115,822,43,43,1,25.02594,121.50651,0
500113008,20231115,823,43,43,1,25.02594,121.50651,0
500113008,20231115,824,43,43,1,25.02594,121.50651,0
500113008,20231115,825,43,43,1,25.02594,121.50651,0
500113008,20231115,826,43,43,1,25.02594,121.50651,0
500113008,20231115,827,43,43,1,25.02594,121.50651,0
500113008,20231115,828,43,43,1,25.02594,121.50651,0
500113008,20231115,829,43,43,1,25.02594,121.50651,0
500113008,20231115,831,43,43,1,25.02594,121.50651,0
500113008,20231115,832,43,42,1,25.02594,121.50651,1
500113008,20231115,833,43,42,1,25.02594,121.50651,1
500113008,20231115,834,43,41,1,25.02594,121.50651,2
500113008,20231115,835,43,41,1,25.02594,121.50651,2
500113008,20231115,836,43,41,1,25.02594,121.50651,2
500113008,20231115,837,43,40,1,25.02594,121.50651,3
500113008,20231115,838,43,39,1,25.02594,121.50651,4
500113008,20231115,839,43,39,1,25.02594,121.50651,4
500113008,20231115,841,43,39,1,25.02594,121.50651,4
500113008,20231115,842,43,39,1,25.02594,121.50651,4
500113008,20231115,843,43,39,1,25.02594,121.50651,4
500113008,20231115,844,43,39,1,25.02594,121.50651,4
500113008,20231115,845,43,39,1,25.02594,121.50651,4
500113008,20231115,846,43,39,1,25.02594,121.50651,4
500113008,20231115,847,43,39,1,25.02594,121.50651,4
500113008,20231115,848,43,39,1,25.02594,121.50651,4
500113008,20231115,849,43,39,1,25.02594,121.50651,4
500113008,20231115,851,43,39,1,25.02594,121.50651,4
500113008,20231115,852,43,39,1,25.02594,121.50651,4
500113008,20231115,853,43,39,1,25.02594,121.50651,4
500113008,20231115,854,43,40,1,25.02594,121.50651,3
500113008,20231115,855,43,40,1,25.02594,121.50651,3
500113008,20231115,856,43,38,1,25.02594,121.50651,5
500113008,20231115,857,43,38,1,25.02594,121.50651,5
500113008,20231115,858,43,38,1,25.02594,121.50651,5
500113008,20231115,859,43,38,1,25.02594,121.50651,5
500113008,20231115,861,43,38,1,25.02594,121.50651,5
500113008,20231115,862,43,38,1,25.02594,121.50651,5
500113008,20231115,863,43,38,1,25.02594,121.50651,5
500113008,20231115,864,43,38,1,25.02594,121.50651,5
500113008,20231115,865,43,38,1,25.02594,121.50651,5
500113008,20231115,866,43,40,1,25.02594,121.50651,3
500113008,20231115,867,43,40,1,25.02594,121.50651,3
500113008,20231115,868,43,40,1,25.02594,121.50651,3
500113008,20231115,869,43,41,1,25.02594,121.50651,2
500113008,20231115,871,43,40,1,25.02594,121.50651,3
500113008,20231115,872,43,40,1,25.02594,121.50651,3
500113008,20231115,873,43,40,1,25.02594,121.50651,3
500113008,20231115,874,43,40,1,25.02594,121.50651,3
500113008,20231115,875,43,39,1,25.02594,121.50651,4
500113008,20231115,876,43,39,1,25.02594,121.50651,4
500113008,20231115,877,43,40,1,25.02594,121.50651,3
500113008,20231115,878,43,40,1,25.02594,121.50651,3
500113008,20231115,879,43,40,1,25.02594,121.50651,3
500113008,20231115,880,43,40,1,25.02594,121.50651,3
500113008,20231115,881,43,40,1,25.02594,121.50651,3
500113008,20231115,882,43,41,1,25.02594,121.50651,2
500113008,20231115,883,43,41,1,25.02594,121.50651,2
500113008,20231115,884,43,42,1,25.02594,121.50651,1
500113008,20231115,885,43,42,1,25.02594,121.50651,1
500113008,20231115,886,43,42,1,25.02594,121.50651,1
500113008,20231115,887,43,42,1,25.02594,121.50651,1
500113008,20231115,888,43,42,1,25.02594,121.50651,1
500113008,20231115,889,43,42,1,25.02594,121.50651,1
500113008,20231115,890,43,42,1,25.02594,121.50651,1
500113008,20231115,891,43,42,1,25.02594,121.50651,1
500113008,20231115,892,43,42,1,25.02594,121.50651,1
500113008,20231115,893,43,42,1,25.02594,121.50651,1
500113008,20231115,894,43,42,1,25.02594,121.50651,1
500113008,20231115,895,43,42,1,25.02594,121.50651,1
500113008,20231115,896,43,42,1,25.02594,121.50651,1
500113008,20231115,897,43,42,1,25.02594,121.50651,1
500113008,20231115,898,43,42,1,25.02594,121.50651,1
500113008,20231115,899,43,42,1,25.02594,121.50651,1
500113008,20231115,901,43,42,1,25.02594,121.50651,1
500113008,20231115,902,43,43,1,25.02594,121.50651,0
500113008,20231115,903,43,43,1,25.02594,121.50651,0
500113008,20231115,904,43,43,1,25.02594,121.50651,0
500113008,20231115,905,43,43,1,25.02594,121.50651,0
500113008,20231115,906,43,43,1,25.02594,121.50651,0
500113008,20231115,907,43,43,1,25.02594,121.50651,0
500113008,20231115,908,43,43,1,25.02594,121.50651,0
500113008,20231115,909,43,43,1,25.02594,121.50651,0
500113008,20231115,910,43,42,1,25.02594,121.50651,1
500113008,20231115,911,43,42,1,25.02594,121.50651,1
500113008,20231115,912,43,42,1,25.02594,121.50651,1
500113008,20231115,913,43,42,1,25.02594,121.50651,1
500113008,20231115,914,43,42,1,25.02594,121.50651,1
500113008,20231115,915,43,41,1,25.02594,121.50651,2
500113008,20231115,916,43,41,1,25.02594,121.50651,2
500113008,20231115,917,43,41,1,25.02594,121.50651,2
500113008,20231115,918,43,41,1,25.02594,121.50651,2
500113008,20231115,919,43,41,1,25.02594,121.50651,2
500113008,20231115,921,43,43,1,25.02594,121.50651,0
500113008,20231115,922,43,43,1,25.02594,121.50651,0
500113008,20231115,923,43,43,1,25.02594,121.50651,0
500113008,20231115,924,43,43,1,25.02594,121.50651,0
500113008,20231115,925,43,43,1,25.02594,121.50651,0
500113008,20231115,926,43,43,1,25.02594,121.50651,0
500113008,20231115,927,43,43,1,25.02594,121.50651,0
500113008,20231115,928,43,43,1,25.02594,121.50651,0
500113008,20231115,929,43,43,1,25.02594,121.50651,0
500113008,20231115,931,43,43,1,25.02594,121.50651,0
500113008,20231115,932,43,43,1,25.02594,121.50651,0
500113008,20231115,933,43,43,1,25.02594,121.50651,0
500113008,20231115,934,43,43,1,25.02594,121.50651,0
500113008,20231115,935,43,43,1,25.02594,121.50651,0
500113008,20231115,936,43,43,1,25.02594,121.50651,0
500113008,20231115,937,43,42,1,25.02594,121.50651,1
500113008,20231115,938,43,42,1,25.02594,121.50651,1
500113008,20231115,939,43,42,1,25.02594,121.50651,1
500113008,20231115,940,43,43,1,25.02594,121.50651,0
500113008,20231115,941,43,43,1,25.02594,121.50651,0
500113008,20231115,942,43,43,1,25.02594,121.50651,0
500113008,20231115,943,43,43,1,25.02594,121.50651,0
500113008,20231115,944,43,43,1,25.02594,121.50651,0
500113008,20231115,945,43,43,1,25.02594,121.50651,0
500113008,20231115,946,43,43,1,25.02594,121.50651,0
500113008,20231115,947,43,43,1,25.02594,121.50651,0
500113008,20231115,948,43,43,1,25.02594,121.50651,0
500113008,20231115,949,43,43,1,25.02594,121.50651,0
500113008,20231115,950,43,43,1,25.02594,121.50651,0
500113008,20231115,951,43,43,1,25.02594,121.50651,0
500113008,20231115,952,43,42,1,25.02594,121.50651,1
500113008,20231115,953,43,42,1,25.02594,121.50651,1
500113008,20231115,954,43,42,1,25.02594,121.50651,1
500113008,20231115,955,43,42,1,25.02594,121.50651,1
500113008,20231115,956,43,42,1,25.02594,121.50651,1
500113008,20231115,957,43,42,1,25.02594,121.50651,1
500113008,20231115,958,43,42,1,25.02594,121.50651,1
500113008,20231115,959,43,42,1,25.02594,121.50651,1
500113008,20231115,961,43,43,1,25.02594,121.50651,0
500113008,20231115,962,43,43,1,25.02594,121.50651,0
500113008,20231115,963,43,43,1,25.02594,121.50651,0
500113008,20231115,964,43,43,1,25.02594,121.50651,0
500113008,20231115,965,43,43,1,25.02594,121.50651,0
500113008,20231115,966,43,43,1,25.02594,121.50651,0
500113008,20231115,967,43,43,1,25.02594,121.50651,0
500113008,20231115,968,43,43,1,25.02594,121.50651,0
500113008,20231115,969,43,43,1,25.02594,121.50651,0
500113008,20231115,970,43,43,1,25.02594,121.50651,0
500113008,20231115,971,43,43,1,25.02594,121.50651,0
500113008,20231115,972,43,43,1,25.02594,121.50651,0
500113008,20231115,973,43,43,1,25.02594,121.50651,0
500113008,20231115,974,43,43,1,25.02594,121.50651,0
500113008,20231115,975,43,43,1,25.02594,121.50651,0
500113008,20231115,976,43,43,1,25.02594,121.50651,0
500113008,20231115,977,43,43,1,25.02594,121.50651,0
500113008,20231115,978,43,43,1,25.02594,121.50651,0
500113008,20231115,979,43,43,1,25.02594,121.50651,0
500113008,20231115,981,43,41,1,25.02594,121.50651,2
500113008,20231115,982,43,41,1,25.02594,121.50651,2
500113008,20231115,983,43,43,1,25.02594,121.50651,0
500113008,20231115,984,43,43,1,25.02594,121.50651,0
500113008,20231115,985,43,43,1,25.02594,121.50651,0
500113008,20231115,986,43,43,1,25.02594,121.50651,0
500113008,20231115,987,43,43,1,25.02594,121.50651,0
500113008,20231115,988,43,42,1,25.02594,121.50651,1
500113008,20231115,989,43,42,1,25.02594,121.50651,1
500113008,20231115,991,43,42,1,25.02594,121.50651,1
500113008,20231115,992,43,41,1,25.02594,121.50651,2
500113008,20231115,993,43,41,1,25.02594,121.50651,2
500113008,20231115,994,43,40,1,25.02594,121.50651,3
500113008,20231115,995,43,41,1,25.02594,121.50651,2
500113008,20231115,996,43,41,1,25.02594,121.50651,2
500113008,20231115,997,43,41,1,25.02594,121.50651,2
500113008,20231115,998,43,42,1,25.02594,121.50651,1
500113008,20231115,999,43,42,1,25.02594,121.50651,1
500113008,20231115,1000,43,42,1,25.02594,121.50651,1
500113008,20231115,1001,43,42,1,25.02594,121.50651,1
500113008,20231115,1002,43,42,1,25.02594,121.50651,1
500113008,20231115,1003,43,43,1,25.02594,121.50651,0
500113008,20231115,1004,43,43,1,25.02594,121.50651,0
500113008,20231115,1005,43,43,1,25.02594,121.50651,0
500113008,20231115,1006,43,43,1,25.02594,121.50651,0
500113008,20231115,1007,43,43,1,25.02594,121.50651,0
500113008,20231115,1008,43,42,1,25.02594,121.50651,1
500113008,20231115,1009,43,42,1,25.02594,121.50651,1
500113008,20231115,1010,43,41,1,25.02594,121.50651,2
500113008,20231115,1011,43,42,1,25.02594,121.50651,1
500113008,20231115,1012,43,43,1,25.02594,121.50651,0
500113008,20231115,1013,43,43,1,25.02594,121.50651,0
500113008,20231115,1014,43,43,1,25.02594,121.50651,0
500113008,20231115,1015,43,43,1,25.02594,121.50651,0
500113008,20231115,1016,43,43,1,25.02594,121.50651,0
500113008,20231115,1017,43,43,1,25.02594,121.50651,0
500113008,20231115,1018,43,42,1,25.02594,121.50651,1
500113008,20231115,1019,43,42,1,25.02594,121.50651,1
500113008,20231115,1021,43,42,1,25.02594,121.50651,1
500113008,20231115,1022,43,42,1,25.02594,121.50651,1
500113008,20231115,1024,43,41,1,25.02594,121.50651,2
500113008,20231115,1025,43,40,1,25.02594,121.50651,3
500113008,20231115,1026,43,40,1,25.02594,121.50651,3
500113008,20231115,1027,43,40,1,25.02594,121.50651,3
500113008,20231115,1029,43,40,1,25.02594,121.50651,3
500113008,20231115,1031,43,40,1,25.02594,121.50651,3
500113008,20231115,1032,43,39,1,25.02594,121.50651,4
500113008,20231115,1033,43,38,1,25.02594,121.50651,5
500113008,20231115,1034,43,38,1,25.02594,121.50651,5
500113008,20231115,1035,43,38,1,25.02594,121.50651,5
500113008,20231115,1036,43,38,1,25.02594,121.50651,5
500113008,20231115,1037,43,38,1,25.02594,121.50651,5
500113008,20231115,1038,43,38,1,25.02594,121.50651,5
500113008,20231115,1039,43,38,1,25.02594,121.50651,5
500113008,20231115,1041,43,36,1,25.02594,121.50651,7
500113008,20231115,1042,43,36,1,25.02594,121.50651,7
500113008,20231115,1043,43,34,1,25.02594,121.50651,9
500113008,20231115,1044,43,33,1,25.02594,121.50651,10
500113008,20231115,1045,43,34,1,25.02594,121.50651,9
500113008,20231115,1046,43,34,1,25.02594,121.50651,9
500113008,20231115,1047,43,34,1,25.02594,121.50651,9
500113008,20231115,1048,43,35,1,25.02594,121.50651,8
500113008,20231115,1049,43,35,1,25.02594,121.50651,8
500113008,20231115,1051,43,33,1,25.02594,121.50651,10
500113008,20231115,1052,43,33,1,25.02594,121.50651,10
500113008,20231115,1053,43,34,1,25.02594,121.50651,9
500113008,20231115,1054,43,34,1,25.02594,121.50651,9
500113008,20231115,1055,43,34,1,25.02594,121.50651,9
500113008,20231115,1056,43,34,1,25.02594,121.50651,9
500113008,20231115,1057,43,34,1,25.02594,121.50651,9
500113008,20231115,1058,43,35,1,25.02594,121.50651,8
500113008,20231115,1059,43,35,1,25.02594,121.50651,8
500113008,20231115,1061,43,36,1,25.02594,121.50651,7
500113008,20231115,1062,43,36,1,25.02594,121.50651,7
500113008,20231115,1063,43,36,1,25.02594,121.50651,7
500113008,20231115,1064,43,36,1,25.02594,121.50651,7
500113008,20231115,1065,43,36,1,25.02594,121.50651,7
500113008,20231115,1066,43,33,1,25.02594,121.50651,10
500113008,20231115,1067,43,33,1,25.02594,121.50651,10
500113008,20231115,1068,43,32,1,25.02594,121.50651,11
500113008,20231115,1069,43,32,1,25.02594,121.50651,11
500113008,20231115,1071,43,32,1,25.02594,121.50651,11
500113008,20231115,1072,43,32,1,25.02594,121.50651,11
500113008,20231115,1073,43,32,1,25.02594,121.50651,11
500113008,20231115,1074,43,32,1,25.02594,121.50651,11
500113008,20231115,1075,43,32,1,25.02594,121.50651,11
500113008,20231115,1076,43,32,1,25.02594,121.50651,11
500113008,20231115,1077,43,32,1,25.02594,121.50651,11
500113008,20231115,1078,43,31,1,25.02594,121.50651,12
500113008,20231115,1079,43,31,1,25.02594,121.50651,12
500113008,20231115,1081,43,30,1,25.02594,121.50651,13
500113008,20231115,1082,43,29,1,25.02594,121.50651,14
500113008,20231115,1083,43,28,1,25.02594,121.50651,15
500113008,20231115,1084,43,28,1,25.02594,121.50651,15
500113008,20231115,1085,43,29,1,25.02594,121.50651,14
500113008,20231115,1086,43,29,1,25.02594,121.50651,14
500113008,20231115,1088,43,26,1,25.02594,121.50651,17
500113008,20231115,1089,43,26,1,25.02594,121.50651,17
500113008,20231115,1091,43,27,1,25.02594,121.50651,16
500113008,20231115,1092,43,28,1,25.02594,121.50651,15
500113008,20231115,1093,43,28,1,25.02594,121.50651,15
500113008,20231115,1094,43,27,1,25.02594,121.50651,16
500113008,20231115,1095,43,25,1,25.02594,121.50651,18
500113008,20231115,1096,43,24,1,25.02594,121.50651,19
500113008,20231115,1097,43,24,1,25.02594,121.50651,19
500113008,20231115,1098,43,23,1,25.02594,121.50651,20
500113008,20231115,1099,43,23,1,25.02594,121.50651,20
500113008,20231115,1101,43,22,1,25.02594,121.50651,21
500113008,20231115,1102,43,22,1,25.02594,121.50651,21
500113008,20231115,1103,43,22,1,25.02594,121.50651,21
500113008,20231115,1104,43,22,1,25.02594,121.50651,21
500113008,20231115,1105,43,22,1,25.02594,121.50651,21
500113008,20231115,1106,43,22,1,25.02594,121.50651,21
500113008,20231115,1107,43,21,1,25.02594,121.50651,22
500113008,20231115,1108,43,20,1,25.02594,121.50651,23
500113008,20231115,1109,43,21,1,25.02594,121.50651,22
500113008,20231115,1111,43,21,1,25.02594,121.50651,22
500113008,20231115,1112,43,21,1,25.02594,121.50651,22
500113008,20231115,1113,43,20,1,25.02594,121.50651,23
500113008,20231115,1114,43,20,1,25.02594,121.50651,23
500113008,20231115,1115,43,19,1,25.02594,121.50651,24
500113008,20231115,1116,43,19,1,25.02594,121.50651,24
500113008,20231115,1117,43,19,1,25.02594,121.50651,24
500113008,20231115,1118,43,19,1,25.02594,121.50651,24
500113008,20231115,1119,43,18,1,25.02594,121.50651,25
500113008,20231115,1121,43,18,1,25.02594,121.50651,25
500113008,20231115,1122,43,18,1,25.02594,121.50651,25
500113008,20231115,1123,43,18,1,25.02594,121.50651,25
500113008,20231115,1124,43,19,1,25.02594,121.50651,24
500113008,20231115,1125,43,19,1,25.02594,121.50651,24
500113008,20231115,1126,43,19,1,25.02594,121.50651,24
500113008,20231115,1127,43,17,1,25.02594,121.50651,26
500113008,20231115,1128,43,17,1,25.02594,121.50651,26
500113008,20231115,1129,43,17,1,25.02594,121.50651,26
500113008,20231115,1131,43,16,1,25.02594,121.50651,27
500113008,20231115,1132,43,15,1,25.02594,121.50651,28
500113008,20231115,1133,43,15,1,25.02594,121.50651,28
500113008,20231115,1134,43,15,1,25.02594,121.50651,28
500113008,20231115,1135,43,15,1,25.02594,121.50651,28
500113008,20231115,1136,43,16,1,25.02594,121.50651,27
500113008,20231115,1137,43,15,1,25.02594,121.50651,28
500113008,20231115,1138,43,15,1,25.02594,121.50651,28
500113008,20231115,1139,43,15,1,25.02594,121.50651,28
500113008,20231115,1141,43,15,1,25.02594,121.50651,28
500113008,20231115,1142,43,15,1,25.02594,121.50651,28
500113008,20231115,1143,43,15,1,25.02594,121.50651,28
500113008,20231115,1144,43,15,1,25.02594,121.50651,28
500113008,20231115,1145,43,14,1,25.02594,121.50651,29
500113008,20231115,1146,43,14,1,25.02594,121.50651,29
500113008,20231115,1147,43,14,1,25.02594,121.50651,29
500113008,20231115,1148,43,14,1,25.02594,121.50651,29
500113008,20231115,1149,43,15,1,25.02594,121.50651,28
500113008,20231115,1150,43,14,1,25.02594,121.50651,29
500113008,20231115,1151,43,14,1,25.02594,121.50651,29
500113008,20231115,1152,43,14,1,25.02594,121.50651,29
500113008,20231115,1153,43,14,1,25.02594,121.50651,29
500113008,20231115,1154,43,14,1,25.02594,121.50651,29
500113008,20231115,1155,43,14,1,25.02594,121.50651,29
500113008,20231115,1156,43,14,1,25.02594,121.50651,29
500113008,20231115,1157,43,14,1,25.02594,121.50651,29
500113008,20231115,1158,43,13,1,25.02594,121.50651,30
500113008,20231115,1159,43,13,1,25.02594,121.50651,30
500113008,20231115,1161,43,13,1,25.02594,121.50651,30
500113008,20231115,1162,43,14,1,25.02594,121.50651,29
500113008,20231115,1163,43,14,1,25.02594,121.50651,29
500113008,20231115,1164,43,14,1,25.02594,121.50651,29
500113008,20231115,1165,43,14,1,25.02594,121.50651,29
500113008,20231115,1166,43,14,1,25.02594,121.50651,29
500113008,20231115,1167,43,13,1,25.02594,121.50651,30
500113008,20231115,1168,43,13,1,25.02594,121.50651,30
500113008,20231115,1169,43,13,1,25.02594,121.50651,30
500113008,20231115,1171,43,13,1,25.02594,121.50651,30
500113008,20231115,1172,43,12,1,25.02594,121.50651,31
500113008,20231115,1173,43,12,1,25.02594,121.50651,31
500113008,20231115,1174,43,12,1,25.02594,121.50651,31
500113008,20231115,1175,43,12,1,25.02594,121.50651,31
500113008,20231115,1176,43,12,1,25.02594,121.50651,31
500113008,20231115,1177,43,12,1,25.02594,121.50651,31
500113008,20231115,1178,43,12,1,25.02594,121.50651,31
500113008,20231115,1179,43,12,1,25.02594,121.50651,31
500113008,20231115,1180,43,11,1,25.02594,121.50651,32
500113008,20231115,1181,43,11,1,25.02594,121.50651,32
500113008,20231115,1182,43,13,1,25.02594,121.50651,30
500113008,20231115,1183,43,13,1,25.02594,121.50651,30
500113008,20231115,1184,43,13,1,25.02594,121.50651,30
500113008,20231115,1185,43,13,1,25.02594,121.50651,30
500113008,20231115,1186,43,13,1,25.02594,121.50651,30
500113008,20231115,1187,43,14,1,25.02594,121.50651,29
500113008,20231115,1188,43,15,1,25.02594,121.50651,28
500113008,20231115,1189,43,15,1,25.02594,121.50651,28
500113008,20231115,1190,43,14,1,25.02594,121.50651,29
500113008,20231115,1191,43,15,1,25.02594,121.50651,28
500113008,20231115,1192,43,15,1,25.02594,121.50651,28
500113008,20231115,1193,43,15,1,25.02594,121.50651,28
500113008,20231115,1194,43,15,1,25.02594,121.50651,28
500113008,20231115,1195,43,15,1,25.02594,121.50651,28
500113008,20231115,1196,43,15,1,25.02594,121.50651,28
500113008,20231115,1197,43,15,1,25.02594,121.50651,28
500113008,20231115,1198,43,15,1,25.02594,121.50651,28
500113008,20231115,1199,43,15,1,25.02594,121.50651,28
500113008,20231115,1201,43,15,1,25.02594,121.50651,28
500113008,20231115,1202,43,15,1,25.02594,121.50651,28
500113008,20231115,1203,43,15,1,25.02594,121.50651,28
500113008,20231115,1204,43,15,1,25.02594,121.50651,28
500113008,20231115,1205,43,14,1,25.02594,121.50651,29
500113008,20231115,1206,43,14,1,25.02594,121.50651,29
500113008,20231115,1207,43,14,1,25.02594,121.50651,29
500113008,20231115,1208,43,13,1,25.02594,121.50651,30
500113008,20231115,1209,43,13,1,25.02594,121.50651,30
500113008,20231115,1210,43,13,1,25.02594,121.50651,30
500113008,20231115,1211,43,13,1,25.02594,121.50651,30
500113008,20231115,1212,43,13,1,25.02594,121.50651,30
500113008,20231115,1213,43,13,1,25.02594,121.50651,30
500113008,20231115,1214,43,13,1,25.02594,121.50651,30
500113008,20231115,1215,43,13,1,25.02594,121.50651,30
500113008,20231115,1216,43,13,1,25.02594,121.50651,30
500113008,20231115,1217,43,13,1,25.02594,121.50651,30
500113008,20231115,1218,43,13,1,25.02594,121.50651,30
500113008,20231115,1219,43,13,1,25.02594,121.50651,30
500113008,20231115,1221,43,13,1,25.02594,121.50651,30
500113008,20231115,1222,43,13,1,25.02594,121.50651,30
500113008,20231115,1223,43,13,1,25.02594,121.50651,30
500113008,20231115,1224,43,13,1,25.02594,121.50651,30
500113008,20231115,1225,43,13,1,25.02594,121.50651,30
500113008,20231115,1226,43,13,1,25.02594,121.50651,30
500113008,20231115,1227,43,13,1,25.02594,121.50651,30
500113008,20231115,1228,43,13,1,25.02594,121.50651,30
500113008,20231115,1229,43,13,1,25.02594,121.50651,30
500113008,20231115,1231,43,13,1,25.02594,121.50651,30
500113008,20231115,1232,43,13,1,25.02594,121.50651,30
500113008,20231115,1233,43,13,1,25.02594,121.50651,30
500113008,20231115,1234,43,13,1,25.02594,121.50651,30
500113008,20231115,1235,43,13,1,25.02594,121.50651,30
500113008,20231115,1236,43,13,1,25.02594,121.50651,30
500113008,20231115,1237,43,14,1,25.02594,121.50651,29
500113008,20231115,1238,43,14,1,25.02594,121.50651,29
500113008,20231115,1239,43,13,1,25.02594,121.50651,30
500113008,20231115,1240,43,14,1,25.02594,121.50651,29
500113008,20231115,1241,43,14,1,25.02594,121.50651,29
500113008,20231115,1242,43,13,1,25.02594,121.50651,30
500113008,20231115,1243,43,13,1,25.02594,121.50651,30
500113008,20231115,1244,43,13,1,25.02594,121.50651,30
500113008,20231115,1245,43,13,1,25.02594,121.50651,30
500113008,20231115,1246,43,13,1,25.02594,121.50651,30
500113008,20231115,1247,43,12,1,25.02594,121.50651,31
500113008,20231115,1248,43,12,1,25.02594,121.50651,31
500113008,20231115,1249,43,12,1,25.02594,121.50651,31
500113008,20231115,1250,43,12,1,25.02594,121.50651,31
500113008,20231115,1251,43,12,1,25.02594,121.50651,31
500113008,20231115,1252,43,12,1,25.02594,121.50651,31
500113008,20231115,1253,43,11,1,25.02594,121.50651,32
500113008,20231115,1254,43,11,1,25.02594,121.50651,32
500113008,20231115,1255,43,11,1,25.02594,121.50651,32
500113008,20231115,1256,43,12,1,25.02594,121.50651,31
500113008,20231115,1257,43,12,1,25.02594,121.50651,31
500113008,20231115,1258,43,12,1,25.02594,121.50651,31
500113008,20231115,1259,43,12,1,25.02594,121.50651,31
500113008,20231115,1261,43,13,1,25.02594,121.50651,30
500113008,20231115,1262,43,13,1,25.02594,121.50651,30
500113008,20231115,1263,43,12,1,25.02594,121.50651,31
500113008,20231115,1264,43,12,1,25.02594,121.50651,31
500113008,20231115,1265,43,12,1,25.02594,121.50651,31
500113008,20231115,1266,43,12,1,25.02594,121.50651,31
500113008,20231115,1267,43,12,1,25.02594,121.50651,31
500113008,20231115,1268,43,12,1,25.02594,121.50651,31
500113008,20231115,1269,43,11,1,25.02594,121.50651,32
500113008,20231115,1270,43,12,1,25.02594,121.50651,31
500113008,20231115,1271,43,12,1,25.02594,121.50651,31
500113008,20231115,1272,43,12,1,25.02594,121.50651,31
500113008,20231115,1273,43,11,1,25.02594,121.50651,32
500113008,20231115,1274,43,10,1,25.02594,121.50651,33
500113008,20231115,1275,43,10,1,25.02594,121.50651,33
500113008,20231115,1276,43,10,1,25.02594,121.50651,33
500113008,20231115,1277,43,10,1,25.02594,121.50651,33
500113008,20231115,1278,43,10,1,25.02594,121.50651,33
500113008,20231115,1279,43,10,1,25.02594,121.50651,33
500113008,20231115,1281,43,10,1,25.02594,121.50651,33
500113008,20231115,1283,43,10,1,25.02594,121.50651,33
500113008,20231115,1284,43,10,1,25.02594,121.50651,33
500113008,20231115,1285,43,8,1,25.02594,121.50651,35
500113008,20231115,1286,43,8,1,25.02594,121.50651,35
500113008,20231115,1287,43,8,1,25.02594,121.50651,35
500113008,20231115,1288,43,8,1,25.02594,121.50651,35
500113008,20231115,1289,43,8,1,25.02594,121.50651,35
500113008,20231115,1291,43,8,1,25.02594,121.50651,35
500113008,20231115,1292,43,8,1,25.02594,121.50651,35
500113008,20231115,1293,43,9,1,25.02594,121.50651,34
500113008,20231115,1294,43,8,1,25.02594,121.50651,35
500113008,20231115,1295,43,9,1,25.02594,121.50651,34
500113008,20231115,1296,43,8,1,25.02594,121.50651,35
500113008,20231115,1297,43,8,1,25.02594,121.50651,35
500113008,20231115,1298,43,8,1,25.02594,121.50651,35
500113008,20231115,1299,43,8,1,25.02594,121.50651,35
500113008,20231115,1301,43,8,1,25.02594,121.50651,35
500113008,20231115,1302,43,8,1,25.02594,121.50651,35
500113008,20231115,1303,43,8,1,25.02594,121.50651,35
500113008,20231115,1304,43,9,1,25.02594,121.50651,34
500113008,20231115,1305,43,9,1,25.02594,121.50651,34
500113008,20231115,1306,43,9,1,25.02594,121.50651,34
500113008,20231115,1307,43,8,1,25.02594,121.50651,35
500113008,20231115,1308,43,8,1,25.02594,121.50651,35
500113008,20231115,1309,43,8,1,25.02594,121.50651,35
500113008,20231115,1311,43,8,1,25.02594,121.50651,35
500113008,20231115,1312,43,8,1,25.02594,121.50651,35
500113008,20231115,1313,43,8,1,25.02594,121.50651,35
500113008,20231115,1314,43,8,1,25.02594,121.50651,35
500113008,20231115,1315,43,8,1,25.02594,121.50651,35
500113008,20231115,1316,43,8,1,25.02594,121.50651,35
500113008,20231115,1317,43,7,1,25.02594,121.50651,36
500113008,20231115,1318,43,7,1,25.02594,121.50651,36
500113008,20231115,1319,43,7,1,25.02594,121.50651,36
500113008,20231115,1321,43,7,1,25.02594,121.50651,36
500113008,20231115,1322,43,7,1,25.02594,121.50651,36
500113008,20231115,1323,43,8,1,25.02594,121.50651,35
500113008,20231115,1324,43,8,1,25.02594,121.50651,35
500113008,20231115,1325,43,8,1,25.02594,121.50651,35
500113008,20231115,1326,43,8,1,25.02594,121.50651,35
500113008,20231115,1327,43,7,1,25.02594,121.50651,36
500113008,20231115,1328,43,7,1,25.02594,121.50651,36
500113008,20231115,1329,43,7,1,25.02594,121.50651,36
500113008,20231115,1331,43,7,1,25.02594,121.50651,36
500113008,20231115,1332,43,7,1,25.02594,121.50651,36
500113008,20231115,1333,43,7,1,25.02594,121.50651,36
500113008,20231115,1334,43,7,1,25.02594,121.50651,36
500113008,20231115,1335,43,7,1,25.02594,121.50651,36
500113008,20231115,1336,43,7,1,25.02594,121.50651,36
500113008,20231115,1337,43,8,1,25.02594,121.50651,35
500113008,20231115,1338,43,8,1,25.02594,121.50651,35
500113008,20231115,1339,43,8,1,25.02594,121.50651,35
500113008,20231115,1341,43,8,1,25.02594,121.50651,35
500113008,20231115,1342,43,8,1,25.02594,121.50651,35
500113008,20231115,1343,43,8,1,25.02594,121.50651,35
500113008,20231115,1344,43,8,1,25.02594,121.50651,35
500113008,20231115,1345,43,8,1,25.02594,121.50651,35
500113008,20231115,1346,43,8,1,25.02594,121.50651,35
500113008,20231115,1347,43,8,1,25.02594,121.50651,35
500113008,20231115,1348,43,8,1,25.02594,121.50651,35
500113008,20231115,1349,43,8,1,25.02594,121.50651,35
500113008,20231115,1351,43,8,1,25.02594,121.50651,35
500113008,20231115,1352,43,8,1,25.02594,121.50651,35
500113008,20231115,1353,43,8,1,25.02594,121.50651,35
500113008,20231115,1354,43,8,1,25.02594,121.50651,35
500113008,20231115,1355,43,8,1,25.02594,121.50651,35
500113008,20231115,1356,43,8,1,25.02594,121.50651,35
500113008,20231115,1357,43,8,1,25.02594,121.50651,35
500113008,20231115,1358,43,8,1,25.02594,121.50651,35
500113008,20231115,1359,43,8,1,25.02594,121.50651,35
500113008,20231115,1361,43,8,1,25.02594,121.50651,35
500113008,20231115,1362,43,8,1,25.02594,121.50651,35
500113008,20231115,1363,43,8,1,25.02594,121.50651,35
500113008,20231115,1364,43,8,1,25.02594,121.50651,35
500113008,20231115,1365,43,8,1,25.02594,121.50651,35
500113008,20231115,1366,43,8,1,25.02594,121.50651,35
500113008,20231115,1367,43,8,1,25.02594,121.50651,35
500113008,20231115,1368,43,8,1,25.02594,121.50651,35
500113008,20231115,1369,43,8,1,25.02594,121.50651,35
500113008,20231115,1371,43,9,1,25.02594,121.50651,34
500113008,20231115,1372,43,9,1,25.02594,121.50651,34
500113008,20231115,1373,43,9,1,25.02594,121.50651,34
500113008,20231115,1374,43,9,1,25.02594,121.50651,34
500113008,20231115,1375,43,9,1,25.02594,121.50651,34
500113008,20231115,1376,43,9,1,25.02594,121.50651,34
500113008,20231115,1377,43,9,1,25.02594,121.50651,34
500113008,20231115,1378,43,9,1,25.02594,121.50651,34
500113008,20231115,1379,43,9,1,25.02594,121.50651,34
500113008,20231115,1381,43,9,1,25.02594,121.50651,34
500113008,20231115,1382,43,9,1,25.02594,121.50651,34
500113008,20231115,1383,43,9,1,25.02594,121.50651,34
500113008,20231115,1384,43,9,1,25.02594,121.50651,34
500113008,20231115,1385,43,9,1,25.02594,121.50651,34
500113008,20231115,1386,43,9,1,25.02594,121.50651,34
500113008,20231115,1387,43,9,1,25.02594,121.50651,34
500113008,20231115,1388,43,9,1,25.02594,121.50651,34
500113008,20231115,1389,43,8,1,25.02594,121.50651,35
500113008,20231115,1391,43,8,1,25.02594,121.50651,35
500113008,20231115,1392,43,8,1,25.02594,121.50651,35
500113008,20231115,1393,43,8,1,25.02594,121.50651,35
500113008,20231115,1394,43,8,1,25.02594,121.50651,35
500113008,20231115,1395,43,8,1,25.02594,121.50651,35
500113008,20231115,1396,43,8,1,25.02594,121.50651,35
500113008,20231115,1397,43,7,1,25.02594,121.50651,36
500113008,20231115,1398,43,7,1,25.02594,121.50651,36
500113008,20231115,1399,43,7,1,25.02594,121.50651,36
500113008,20231115,1401,43,7,1,25.02594,121.50651,36
500113008,20231115,1402,43,7,1,25.02594,121.50651,36
500113008,20231115,1403,43,6,1,25.02594,121.50651,37
500113008,20231115,1404,43,6,1,25.02594,121.50651,37
500113008,20231115,1405,43,6,1,25.02594,121.50651,37
500113008,20231115,1406,43,6,1,25.02594,121.50651,37
500113008,20231115,1407,43,5,1,25.02594,121.50651,38
500113008,20231115,1408,43,5,1,25.02594,121.50651,38
500113008,20231115,1409,43,5,1,25.02594,121.50651,38
500113008,20231115,1410,43,5,1,25.02594,121.50651,38
500113008,20231115,1411,43,5,1,25.02594,121.50651,38
500113008,20231115,1412,43,5,1,25.02594,121.50651,38
500113008,20231115,1413,43,5,1,25.02594,121.50651,38
500113008,20231115,1414,43,5,1,25.02594,121.50651,38
500113008,20231115,1415,43,5,1,25.02594,121.50651,38
500113008,20231115,1416,43,5,1,25.02594,121.50651,38
500113008,20231115,1417,43,5,1,25.02594,121.50651,38
500113008,20231115,1418,43,5,1,25.02594,121.50651,38
500113008,20231115,1419,43,5,1,25.02594,121.50651,38
500113008,20231115,1420,43,5,1,25.02594,121.50651,38
500113008,20231115,1421,43,5,1,25.02594,121.50651,38
500113008,20231115,1422,43,5,1,25.02594,121.50651,38
500113008,20231115,1423,43,5,1,25.02594,121.50651,38
500113008,20231115,1424,43,5,1,25.02594,121.50651,38
500113008,20231115,1425,43,5,1,25.02594,121.50651,38
500113008,20231115,1426,43,5,1,25.02594,121.50651,38
500113008,20231115,1427,43,5,1,25.02594,121.50651,38
500113008,20231115,1428,43,5,1,25.02594,121.50651,38
500113008,20231115,1429,43,5,1,25.02594,121.50651,38
500113008,20231115,1430,43,4,1,25.02594,121.50651,39
500113008,20231115,1431,43,4,1,25.02594,121.50651,39
500113008,20231115,1432,43,5,1,25.02594,121.50651,38
500113008,20231115,1433,43,5,1,25.02594,121.50651,38
500113008,20231115,1434,43,5,1,25.02594,121.50651,38
500113008,20231115,1435,43,5,1,25.02594,121.50651,38
500113008,20231115,1436,43,5,1,25.02594,121.50651,38
500113008,20231115,1437,43,4,1,25.02594,121.50651,39
500113008,20231115,1438,43,4,1,25.02594,121.50651,39
500113008,20231115,1439,43,3,1,25.02594,121.50651,40
500113008,20231116,1,43,4,1,25.02594,121.50651,39
500113008,20231116,2,43,4,1,25.02594,121.50651,39
500113008,20231116,3,43,4,1,25.02594,121.50651,39
500113008,20231116,4,43,4,1,25.02594,121.50651,39
500113008,20231116,5,43,5,1,25.02594,121.50651,38
500113008,20231116,6,43,5,1,25.02594,121.50651,38
500113008,20231116,7,43,5,1,25.02594,121.50651,38
500113008,20231116,8,43,5,1,25.02594,121.50651,38
500113008,20231116,9,43,5,1,25.02594,121.50651,38
500113008,20231116,10,43,5,1,25.02594,121.50651,38
500113008,20231116,11,43,5,1,25.02594,121.50651,38
500113008,20231116,12,43,5,1,25.02594,121.50651,38
500113008,20231116,13,43,5,1,25.02594,121.50651,38
500113008,20231116,14,43,5,1,25.02594,121.50651,38
500113008,20231116,15,43,5,1,25.02594,121.50651,38
500113008,20231116,16,43,5,1,25.02594,121.50651,38
500113008,20231116,17,43,5,1,25.02594,121.50651,38
500113008,20231116,18,43,5,1,25.02594,121.50651,38
500113008,20231116,19,43,4,1,25.02594,121.50651,39
500113008,20231116,21,43,4,1,25.02594,121.50651,39
500113008,20231116,22,43,4,1,25.02594,121.50651,39
500113008,20231116,23,43,4,1,25.02594,121.50651,39
500113008,20231116,24,43,4,1,25.02594,121.50651,39
500113008,20231116,25,43,4,1,25.02594,121.50651,39
500113008,20231116,26,43,4,1,25.02594,121.50651,39
500113008,20231116,27,43,4,1,25.02594,121.50651,39
500113008,20231116,28,43,4,1,25.02594,121.50651,39
500113008,20231116,29,43,4,1,25.02594,121.50651,39
500113008,20231116,30,43,4,1,25.02594,121.50651,39
500113008,20231116,31,43,4,1,25.02594,121.50651,39
500113008,20231116,32,43,4,1,25.02594,121.50651,39
500113008,20231116,33,43,4,1,25.02594,121.50651,39
500113008,20231116,34,43,4,1,25.02594,121.50651,39
500113008,20231116,35,43,4,1,25.02594,121.50651,39
500113008,20231116,36,43,4,1,25.02594,121.50651,39
500113008,20231116,37,43,4,1,25.02594,121.50651,39
500113008,20231116,38,43,4,1,25.02594,121.50651,39
500113008,20231116,39,43,4,1,25.02594,121.50651,39
500113008,20231116,40,43,4,1,25.02594,121.50651,39
500113008,20231116,41,43,4,1,25.02594,121.50651,39
500113008,20231116,42,43,4,1,25.02594,121.50651,39
500113008,20231116,43,43,4,1,25.02594,121.50651,39
500113008,20231116,44,43,4,1,25.02594,121.50651,39
500113008,20231116,45,43,4,1,25.02594,121.50651,39
500113008,20231116,46,43,4,1,25.02594,121.50651,39
500113008,20231116,47,43,4,1,25.02594,121.50651,39
500113008,20231116,48,43,4,1,25.02594,121.50651,39
500113008,20231116,49,43,4,1,25.02594,121.50651,39
500113008,20231116,50,43,4,1,25.02594,121.50651,39
500113008,20231116,51,43,4,1,25.02594,121.50651,39
500113008,20231116,52,43,4,1,25.02594,121.50651,39
500113008,20231116,53,43,4,1,25.02594,121.50651,39
500113008,20231116,54,43,4,1,25.02594,121.50651,39
500113008,20231116,55,43,4,1,25.02594,121.50651,39
500113008,20231116,56,43,4,1,25.02594,121.50651,39
500113008,20231116,57,43,4,1,25.02594,121.50651,39
500113008,20231116,58,43,4,1,25.02594,121.50651,39
500113008,20231116,59,43,4,1,25.02594,121.50651,39
500113008,20231116,60,43,4,1,25.02594,121.50651,39
500113008,20231116,61,43,4,1,25.02594,121.50651,39
500113008,20231116,62,43,4,1,25.02594,121.50651,39
500113008,20231116,63,43,4,1,25.02594,121.50651,39
500113008,20231116,64,43,4,1,25.02594,121.50651,39
500113008,20231116,65,43,4,1,25.02594,121.50651,39
500113008,20231116,66,43,4,1,25.02594,121.50651,39
500113008,20231116,67,43,4,1,25.02594,121.50651,39
500113008,20231116,68,43,4,1,25.02594,121.50651,39
500113008,20231116,69,43,4,1,25.02594,121.50651,39
500113008,20231116,70,43,4,1,25.02594,121.50651,39
500113008,20231116,71,43,4,1,25.02594,121.50651,39
500113008,20231116,72,43,4,1,25.02594,121.50651,39
500113008,20231116,73,43,4,1,25.02594,121.50651,39
500113008,20231116,74,43,4,1,25.02594,121.50651,39
500113008,20231116,75,43,4,1,25.02594,121.50651,39
500113008,20231116,76,43,4,1,25.02594,121.50651,39
500113008,20231116,77,43,4,1,25.02594,121.50651,39
500113008,20231116,78,43,4,1,25.02594,121.50651,39
500113008,20231116,79,43,4,1,25.02594,121.50651,39
500113008,20231116,81,43,4,1,25.02594,121.50651,39
500113008,20231116,82,43,4,1,25.02594,121.50651,39
500113008,20231116,83,43,4,1,25.02594,121.50651,39
500113008,20231116,84,43,4,1,25.02594,121.50651,39
500113008,20231116,85,43,4,1,25.02594,121.50651,39
500113008,20231116,86,43,4,1,25.02594,121.50651,39
500113008,20231116,87,43,4,1,25.02594,121.50651,39
500113008,20231116,88,43,4,1,25.02594,121.50651,39
500113008,20231116,89,43,5,1,25.02594,121.50651,38
500113008,20231116,90,43,5,1,25.02594,121.50651,38
500113008,20231116,91,43,5,1,25.02594,121.50651,38
500113008,20231116,92,43,5,1,25.02594,121.50651,38
500113008,20231116,93,43,5,1,25.02594,121.50651,38
500113008,20231116,94,43,5,1,25.02594,121.50651,38
500113008,20231116,95,43,5,1,25.02594,121.50651,38
500113008,20231116,96,43,5,1,25.02594,121.50651,38
500113008,20231116,98,43,5,1,25.02594,121.50651,38
500113008,20231116,99,43,5,1,25.02594,121.50651,38
500113008,20231116,101,43,5,1,25.02594,121.50651,38
500113008,20231116,102,43,5,1,25.02594,121.50651,38
500113008,20231116,103,43,5,1,25.02594,121.50651,38
500113008,20231116,104,43,5,1,25.02594,121.50651,38
500113008,20231116,105,43,5,1,25.02594,121.50651,38
500113008,20231116,106,43,5,1,25.02594,121.50651,38
500113008,20231116,107,43,5,1,25.02594,121.50651,38
500113008,20231116,108,43,5,1,25.02594,121.50651,38
500113008,20231116,109,43,5,1,25.02594,121.50651,38
500113008,20231116,111,43,5,1,25.02594,121.50651,38
500113008,20231116,112,43,5,1,25.02594,121.50651,38
500113008,20231116,113,43,5,1,25.02594,121.50651,38
500113008,20231116,114,43,5,1,25.02594,121.50651,38
500113008,20231116,115,43,5,1,25.02594,121.50651,38
500113008,20231116,116,43,5,1,25.02594,121.50651,38
500113008,20231116,117,43,5,1,25.02594,121.50651,38
500113008,20231116,118,43,5,1,25.02594,121.50651,38
500113008,20231116,119,43,5,1,25.02594,121.50651,38
500113008,20231116,121,43,5,1,25.02594,121.50651,38
500113008,20231116,122,43,5,1,25.02594,121.50651,37
500113008,20231116,123,43,5,1,25.02594,121.50651,37
500113008,20231116,124,43,5,1,25.02594,121.50651,37
500113008,20231116,125,43,5,1,25.02594,121.50651,38
500113008,20231116,126,43,5,1,25.02594,121.50651,37
500113008,20231116,127,43,5,1,25.02594,121.50651,37
500113008,20231116,128,43,5,1,25.02594,121.50651,38
500113008,20231116,129,43,4,1,25.02594,121.50651,39
500113008,20231116,131,43,4,1,25.02594,121.50651,39
500113008,20231116,132,43,4,1,25.02594,121.50651,39
500113008,20231116,133,43,4,1,25.02594,121.50651,39
500113008,20231116,134,43,4,1,25.02594,121.50651,39
500113008,20231116,135,43,4,1,25.02594,121.50651,38
500113008,20231116,136,43,4,1,25.02594,121.50651,39
500113008,20231116,137,43,4,1,25.02594,121.50651,39
500113008,20231116,138,43,4,1,25.02594,121.50651,39
500113008,20231116,139,43,4,1,25.02594,121.50651,39
500113008,20231116,141,43,4,1,25.02594,121.50651,39
500113008,20231116,142,43,4,1,25.02594,121.50651,39
500113008,20231116,143,43,4,1,25.02594,121.50651,39
500113008,20231116,144,43,4,1,25.02594,121.50651,39
500113008,20231116,145,43,4,1,25.02594,121.50651,39
500113008,20231116,146,43,4,1,25.02594,121.50651,39
500113008,20231116,147,43,4,1,25.02594,121.50651,39
500113008,20231116,148,43,4,1,25.02594,121.50651,39
500113008,20231116,149,43,4,1,25.02594,121.50651,39
500113008,20231116,151,43,4,1,25.02594,121.50651,39
500113008,20231116,152,43,4,1,25.02594,121.50651,39
500113008,20231116,153,43,4,1,25.02594,121.50651,39
500113008,20231116,154,43,4,1,25.02594,121.50651,39
500113008,20231116,155,43,5,1,25.02594,121.50651,38
500113008,20231116,156,43,5,1,25.02594,121.50651,38
500113008,20231116,157,43,5,1,25.02594,121.50651,38
500113008,20231116,158,43,5,1,25.02594,121.50651,38
500113008,20231116,159,43,5,1,25.02594,121.50651,38
500113008,20231116,161,43,5,1,25.02594,121.50651,38
500113008,20231116,162,43,5,1,25.02594,121.50651,38
500113008,20231116,163,43,5,1,25.02594,121.50651,38
500113008,20231116,164,43,5,1,25.02594,121.50651,38
500113008,20231116,165,43,5,1,25.02594,121.50651,38
500113008,20231116,166,43,4,1,25.02594,121.50651,39
500113008,20231116,167,43,4,1,25.02594,121.50651,39
500113008,20231116,168,43,4,1,25.02594,121.50651,39
500113008,20231116,169,43,4,1,25.02594,121.50651,39
500113008,20231116,171,43,4,1,25.02594,121.50651,39
500113008,20231116,172,43,4,1,25.02594,121.50651,39
500113008,20231116,173,43,4,1,25.02594,121.50651,39
500113008,20231116,174,43,4,1,25.02594,121.50651,39
500113008,20231116,175,43,4,1,25.02594,121.50651,39
500113008,20231116,176,43,4,1,25.02594,121.50651,39
500113008,20231116,177,43,2,1,25.02594,121.50651,41
500113008,20231116,178,43,2,1,25.02594,121.50651,41
500113008,20231116,179,43,2,1,25.02594,121.50651,41
500113008,20231116,181,43,2,1,25.02594,121.50651,41
500113008,20231116,182,43,2,1,25.02594,121.50651,41
500113008,20231116,183,43,2,1,25.02594,121.50651,41
500113008,20231116,184,43,2,1,25.02594,121.50651,41
500113008,20231116,185,43,2,1,25.02594,121.50651,41
500113008,20231116,186,43,2,1,25.02594,121.50651,41
500113008,20231116,187,43,2,1,25.02594,121.50651,41
500113008,20231116,188,43,2,1,25.02594,121.50651,41
500113008,20231116,189,43,2,1,25.02594,121.50651,41
500113008,20231116,191,43,2,1,25.02594,121.50651,40
500113008,20231116,192,43,2,1,25.02594,121.50651,41
500113008,20231116,193,43,2,1,25.02594,121.50651,41
500113008,20231116,194,43,2,1,25.02594,121.50651,41
500113008,20231116,195,43,2,1,25.02594,121.50651,41
500113008,20231116,196,43,2,1,25.02594,121.50651,41
500113008,20231116,197,43,2,1,25.02594,121.50651,41
500113008,20231116,198,43,2,1,25.02594,121.50651,41
500113008,20231116,199,43,2,1,25.02594,121.50651,41
500113008,20231116,201,43,7,1,25.02594,121.50651,36
500113008,20231116,202,43,8,1,25.02594,121.50651,35
500113008,20231116,203,43,11,1,25.02594,121.50651,32
500113008,20231116,204,43,13,1,25.02594,121.50651,30
500113008,20231116,205,43,15,1,25.02594,121.50651,28
500113008,20231116,206,43,17,1,25.02594,121.50651,26
500113008,20231116,207,43,18,1,25.02594,121.50651,25
500113008,20231116,208,43,18,1,25.02594,121.50651,25
500113008,20231116,209,43,18,1,25.02594,121.50651,25
500113008,20231116,210,43,18,1,25.02594,121.50651,25
500113008,20231116,211,43,18,1,25.02594,121.50651,25
500113008,20231116,212,43,18,1,25.02594,121.50651,25
500113008,20231116,213,43,18,1,25.02594,121.50651,25
500113008,20231116,214,43,18,1,25.02594,121.50651,25
500113008,20231116,215,43,18,1,25.02594,121.50651,25
500113008,20231116,216,43,18,1,25.02594,121.50651,25
500113008,20231116,217,43,18,1,25.02594,121.50651,25
500113008,20231116,218,43,18,1,25.02594,121.50651,25
500113008,20231116,219,43,18,1,25.02594,121.50651,25
500113008,20231116,220,43,18,1,25.02594,121.50651,25
500113008,20231116,221,43,18,1,25.02594,121.50651,25
500113008,20231116,222,43,18,1,25.02594,121.50651,25
500113008,20231116,223,43,18,1,25.02594,121.50651,25
500113008,20231116,224,43,18,1,25.02594,121.50651,25
500113008,20231116,225,43,18,1,25.02594,121.50651,25
500113008,20231116,226,43,18,1,25.02594,121.50651,25
500113008,20231116,227,43,18,1,25.02594,121.50651,25
500113008,20231116,228,43,18,1,25.02594,121.50651,25
500113008,20231116,229,43,18,1,25.02594,121.50651,25
500113008,20231116,230,43,18,1,25.02594,121.50651,25
500113008,20231116,231,43,18,1,25.02594,121.50651,25
500113008,20231116,232,43,18,1,25.02594,121.50651,25
500113008,20231116,233,43,18,1,25.02594,121.50651,25
500113008,20231116,234,43,18,1,25.02594,121.50651,25
500113008,20231116,235,43,18,1,25.02594,121.50651,25
500113008,20231116,236,43,18,1,25.02594,121.50651,25
500113008,20231116,237,43,18,1,25.02594,121.50651,25
500113008,20231116,238,43,18,1,25.02594,121.50651,25
500113008,20231116,239,43,18,1,25.02594,121.50651,25
500113008,20231116,240,43,18,1,25.02594,121.50651,25
500113008,20231116,241,43,18,1,25.02594,121.50651,25
500113008,20231116,242,43,18,1,25.02594,121.50651,25
500113008,20231116,243,43,18,1,25.02594,121.50651,25
500113008,20231116,244,43,18,1,25.02594,121.50651,25
500113008,20231116,245,43,18,1,25.02594,121.50651,25
500113008,20231116,246,43,18,1,25.02594,121.50651,25
500113008,20231116,247,43,18,1,25.02594,121.50651,25
500113008,20231116,248,43,18,1,25.02594,121.50651,25
500113008,20231116,249,43,18,1,25.02594,121.50651,25
500113008,20231116,250,43,18,1,25.02594,121.50651,25
500113008,20231116,251,43,18,1,25.02594,121.50651,25
500113008,20231116,252,43,18,1,25.02594,121.50651,25
500113008,20231116,253,43,18,1,25.02594,121.50651,25
500113008,20231116,254,43,18,1,25.02594,121.50651,25
500113008,20231116,255,43,18,1,25.02594,121.50651,25
500113008,20231116,256,43,18,1,25.02594,121.50651,25
500113008,20231116,257,43,18,1,25.02594,121.50651,25
500113008,20231116,258,43,18,1,25.02594,121.50651,25
500113008,20231116,259,43,18,1,25.02594,121.50651,25
500113008,20231116,261,43,18,1,25.02594,121.50651,25
500113008,20231116,262,43,18,1,25.02594,121.50651,25
500113008,20231116,263,43,18,1,25.02594,121.50651,25
500113008,20231116,264,43,18,1,25.02594,121.50651,25
500113008,20231116,265,43,18,1,25.02594,121.50651,25
500113008,20231116,266,43,18,1,25.02594,121.50651,25
500113008,20231116,267,43,18,1,25.02594,121.50651,25
500113008,20231116,268,43,18,1,25.02594,121.50651,25
500113008,20231116,269,43,18,1,25.02594,121.50651,25
500113008,20231116,270,43,18,1,25.02594,121.50651,25
500113008,20231116,271,43,18,1,25.02594,121.50651,25
500113008,20231116,272,43,18,1,25.02594,121.50651,25
500113008,20231116,273,43,18,1,25.02594,121.50651,25
500113008,20231116,274,43,18,1,25.02594,121.50651,25
500113008,20231116,275,43,18,1,25.02594,121.50651,25
500113008,20231116,276,43,18,1,25.02594,121.50651,25
500113008,20231116,277,43,18,1,25.02594,121.50651,25
500113008,20231116,278,43,18,1,25.02594,121.50651,25
500113008,20231116,279,43,18,1,25.02594,121.50651,25
500113008,20231116,280,43,19,1,25.02594,121.50651,24
500113008,20231116,281,43,19,1,25.02594,121.50651,24
500113008,20231116,282,43,19,1,25.02594,121.50651,24
500113008,20231116,283,43,19,1,25.02594,121.50651,24
500113008,20231116,284,43,19,1,25.02594,121.50651,24
500113008,20231116,285,43,19,1,25.02594,121.50651,24
500113008,20231116,286,43,19,1,25.02594,121.50651,24
500113008,20231116,287,43,19,1,25.02594,121.50651,24
500113008,20231116,288,43,19,1,25.02594,121.50651,24
500113008,20231116,289,43,19,1,25.02594,121.50651,24
500113008,20231116,290,43,19,1,25.02594,121.50651,24
500113008,20231116,291,43,19,1,25.02594,121.50651,24
500113008,20231116,292,43,19,1,25.02594,121.50651,24
500113008,20231116,293,43,19,1,25.02594,121.50651,24
500113008,20231116,294,43,19,1,25.02594,121.50651,24
500113008,20231116,295,43,19,1,25.02594,121.50651,24
500113008,20231116,296,43,19,1,25.02594,121.50651,24
500113008,20231116,297,43,19,1,25.02594,121.50651,24
500113008,20231116,298,43,19,1,25.02594,121.50651,24
500113008,20231116,299,43,19,1,25.02594,121.50651,24
500113008,20231116,300,43,19,1,25.02594,121.50651,24
500113008,20231116,301,43,19,1,25.02594,121.50651,24
500113008,20231116,302,43,19,1,25.02594,121.50651,24
500113008,20231116,303,43,19,1,25.02594,121.50651,24
500113008,20231116,304,43,19,1,25.02594,121.50651,24
500113008,20231116,305,43,19,1,25.02594,121.50651,24
500113008,20231116,306,43,19,1,25.02594,121.50651,24
500113008,20231116,307,43,19,1,25.02594,121.50651,24
500113008,20231116,308,43,19,1,25.02594,121.50651,24
500113008,20231116,309,43,19,1,25.02594,121.50651,24
500113008,20231116,310,43,19,1,25.02594,121.50651,24
500113008,20231116,311,43,19,1,25.02594,121.50651,24
500113008,20231116,312,43,19,1,25.02594,121.50651,24
500113008,20231116,313,43,19,1,25.02594,121.50651,24
500113008,20231116,314,43,18,1,25.02594,121.50651,25
500113008,20231116,315,43,18,1,25.02594,121.50651,25
500113008,20231116,316,43,18,1,25.02594,121.50651,25
500113008,20231116,317,43,18,1,25.02594,121.50651,25
500113008,20231116,318,43,18,1,25.02594,121.50651,25
500113008,20231116,319,43,18,1,25.02594,121.50651,25
500113008,20231116,321,43,18,1,25.02594,121.50651,25
500113008,20231116,322,43,18,1,25.02594,121.50651,25
500113008,20231116,323,43,17,1,25.02594,121.50651,26
500113008,20231116,324,43,17,1,25.02594,121.50651,26
500113008,20231116,325,43,17,1,25.02594,121.50651,26
500113008,20231116,326,43,17,1,25.02594,121.50651,26
500113008,20231116,327,43,17,1,25.02594,121.50651,26
500113008,20231116,328,43,17,1,25.02594,121.50651,26
500113008,20231116,329,43,17,1,25.02594,121.50651,26
500113008,20231116,330,43,17,1,25.02594,121.50651,26
500113008,20231116,331,43,17,1,25.02594,121.50651,26
500113008,20231116,332,43,17,1,25.02594,121.50651,26
500113008,20231116,333,43,17,1,25.02594,121.50651,26
500113008,20231116,334,43,17,1,25.02594,121.50651,26
500113008,20231116,335,43,17,1,25.02594,121.50651,26
500113008,20231116,336,43,17,1,25.02594,121.50651,26
500113008,20231116,337,43,17,1,25.02594,121.50651,26
500113008,20231116,338,43,17,1,25.02594,121.50651,26
500113008,20231116,339,43,17,1,25.02594,121.50651,26
500113008,20231116,340,43,17,1,25.02594,121.50651,26
500113008,20231116,341,43,17,1,25.02594,121.50651,26
500113008,20231116,342,43,17,1,25.02594,121.50651,26
500113008,20231116,343,43,17,1,25.02594,121.50651,26
500113008,20231116,344,43,17,1,25.02594,121.50651,26
500113008,20231116,345,43,17,1,25.02594,121.50651,26
500113008,20231116,346,43,17,1,25.02594,121.50651,26
500113008,20231116,347,43,17,1,25.02594,121.50651,26
500113008,20231116,348,43,17,1,25.02594,121.50651,26
500113008,20231116,349,43,17,1,25.02594,121.50651,26
500113008,20231116,350,43,17,1,25.02594,121.50651,26
500113008,20231116,351,43,17,1,25.02594,121.50651,26
500113008,20231116,353,43,17,1,25.02594,121.50651,26
500113008,20231116,354,43,17,1,25.02594,121.50651,26
500113008,20231116,355,43,17,1,25.02594,121.50651,26
500113008,20231116,356,43,17,1,25.02594,121.50651,26
500113008,20231116,357,43,17,1,25.02594,121.50651,26
500113008,20231116,358,43,17,1,25.02594,121.50651,26
500113008,20231116,359,43,17,1,25.02594,121.50651,26
500113008,20231116,361,43,17,1,25.02594,121.50651,26
500113008,20231116,362,43,17,1,25.02594,121.50651,26
500113008,20231116,363,43,17,1,25.02594,121.50651,26
500113008,20231116,364,43,17,1,25.02594,121.50651,26
500113008,20231116,365,43,17,1,25.02594,121.50651,26
500113008,20231116,366,43,17,1,25.02594,121.50651,26
500113008,20231116,367,43,17,1,25.02594,121.50651,26
500113008,20231116,368,43,17,1,25.02594,121.50651,26
500113008,20231116,369,43,17,1,25.02594,121.50651,26
500113008,20231116,371,43,17,1,25.02594,121.50651,26
500113008,20231116,372,43,17,1,25.02594,121.50651,26
500113008,20231116,373,43,17,1,25.02594,121.50651,26
500113008,20231116,374,43,17,1,25.02594,121.50651,26
500113008,20231116,375,43,17,1,25.02594,121.50651,26
500113008,20231116,376,43,17,1,25.02594,121.50651,26
500113008,20231116,377,43,17,1,25.02594,121.50651,26
500113008,20231116,378,43,16,1,25.02594,121.50651,27
500113008,20231116,379,43,15,1,25.02594,121.50651,28
500113008,20231116,381,43,15,1,25.02594,121.50651,28
500113008,20231116,382,43,15,1,25.02594,121.50651,28
500113008,20231116,383,43,15,1,25.02594,121.50651,28
500113008,20231116,384,43,16,1,25.02594,121.50651,27
500113008,20231116,385,43,16,1,25.02594,121.50651,27
500113008,20231116,386,43,16,1,25.02594,121.50651,27
500113008,20231116,387,43,16,1,25.02594,121.50651,27
500113008,20231116,388,43,16,1,25.02594,121.50651,27
500113008,20231116,389,43,16,1,25.02594,121.50651,27
500113008,20231116,391,43,16,1,25.02594,121.50651,27
500113008,20231116,392,43,16,1,25.02594,121.50651,27
500113008,20231116,393,43,16,1,25.02594,121.50651,27
500113008,20231116,394,43,16,1,25.02594,121.50651,27
500113008,20231116,395,43,16,1,25.02594,121.50651,27
500113008,20231116,396,43,16,1,25.02594,121.50651,27
500113008,20231116,397,43,16,1,25.02594,121.50651,27
500113008,20231116,398,43,16,1,25.02594,121.50651,27
500113008,20231116,399,43,16,1,25.02594,121.50651,27
500113008,20231116,401,43,16,1,25.02594,121.50651,27
500113008,20231116,402,43,16,1,25.02594,121.50651,27
500113008,20231116,403,43,16,1,25.02594,121.50651,27
500113008,20231116,404,43,16,1,25.02594,121.50651,27
500113008,20231116,405,43,16,1,25.02594,121.50651,27
500113008,20231116,406,43,16,1,25.02594,121.50651,27
500113008,20231116,407,43,16,1,25.02594,121.50651,27
500113008,20231116,408,43,16,1,25.02594,121.50651,27
500113008,20231116,409,43,16,1,25.02594,121.50651,27
500113008,20231116,411,43,16,1,25.02594,121.50651,27
500113008,20231116,412,43,16,1,25.02594,121.50651,27
500113008,20231116,413,43,16,1,25.02594,121.50651,27
500113008,20231116,414,43,16,1,25.02594,121.50651,27
500113008,20231116,415,43,16,1,25.02594,121.50651,27
500113008,20231116,416,43,17,1,25.02594,121.50651,26
500113008,20231116,417,43,18,1,25.02594,121.50651,25
500113008,20231116,418,43,20,1,25.02594,121.50651,23
500113008,20231116,419,43,20,1,25.02594,121.50651,23
500113008,20231116,421,43,20,1,25.02594,121.50651,22
500113008,20231116,422,43,21,1,25.02594,121.50651,21
500113008,20231116,423,43,21,1,25.02594,121.50651,21
500113008,20231116,424,43,21,1,25.02594,121.50651,21
500113008,20231116,425,43,21,1,25.02594,121.50651,21
500113008,20231116,426,43,21,1,25.02594,121.50651,21
500113008,20231116,427,43,21,1,25.02594,121.50651,21
500113008,20231116,428,43,21,1,25.02594,121.50651,21
500113008,20231116,429,43,21,1,25.02594,121.50651,21
500113008,20231116,431,43,21,1,25.02594,121.50651,21
500113008,20231116,432,43,21,1,25.02594,121.50651,21
500113008,20231116,433,43,23,1,25.02594,121.50651,19
500113008,20231116,434,43,23,1,25.02594,121.50651,19
500113008,20231116,435,43,24,1,25.02594,121.50651,18
500113008,20231116,436,43,24,1,25.02594,121.50651,18
500113008,20231116,437,43,24,1,25.02594,121.50651,18
500113008,20231116,438,43,26,1,25.02594,121.50651,16
500113008,20231116,439,43,26,1,25.02594,121.50651,16
500113008,20231116,441,43,26,1,25.02594,121.50651,16
500113008,20231116,442,43,25,1,25.02594,121.50651,17
500113008,20231116,443,43,25,1,25.02594,121.50651,17
500113008,20231116,444,43,24,1,25.02594,121.50651,18
500113008,20231116,445,43,25,1,25.02594,121.50651,17
500113008,20231116,446,43,25,1,25.02594,121.50651,17
500113008,20231116,447,43,24,1,25.02594,121.50651,18
500113008,20231116,448,43,25,1,25.02594,121.50651,17
500113008,20231116,449,43,25,1,25.02594,121.50651,17
500113008,20231116,451,43,26,1,25.02594,121.50651,16
500113008,20231116,452,43,26,1,25.02594,121.50651,16
500113008,20231116,453,43,26,1,25.02594,121.50651,16
500113008,20231116,454,43,26,1,25.02594,121.50651,16
500113008,20231116,455,43,26,1,25.02594,121.50651,16
500113008,20231116,456,43,26,1,25.02594,121.50651,16
500113008,20231116,457,43,26,1,25.02594,121.50651,16
500113008,20231116,458,43,26,1,25.02594,121.50651,16
500113008,20231116,459,43,25,1,25.02594,121.50651,17
500113008,20231116,461,43,25,1,25.02594,121.50651,17
500113008,20231116,462,43,25,1,25.02594,121.50651,17
500113008,20231116,463,43,25,1,25.02594,121.50651,17
500113008,20231116,464,43,25,1,25.02594,121.50651,17
500113008,20231116,465,43,25,1,25.02594,121.50651,17
500113008,20231116,466,43,25,1,25.02594,121.50651,17
500113008,20231116,467,43,25,1,25.02594,121.50651,17
500113008,20231116,468,43,26,1,25.02594,121.50651,16
500113008,20231116,469,43,27,1,25.02594,121.50651,15
500113008,20231116,470,43,26,1,25.02594,121.50651,16
500113008,20231116,471,43,26,1,25.02594,121.50651,16
500113008,20231116,472,43,26,1,25.02594,121.50651,16
500113008,20231116,473,43,26,1,25.02594,121.50651,16
500113008,20231116,474,43,25,1,25.02594,121.50651,17
500113008,20231116,475,43,25,1,25.02594,121.50651,17
500113008,20231116,476,43,24,1,25.02594,121.50651,18
500113008,20231116,477,43,24,1,25.02594,121.50651,18
500113008,20231116,478,43,24,1,25.02594,121.50651,18
500113008,20231116,479,43,24,1,25.02594,121.50651,18
500113008,20231116,481,43,24,1,25.02594,121.50651,18
500113008,20231116,482,43,24,1,25.02594,121.50651,18
500113008,20231116,483,43,24,1,25.02594,121.50651,18
500113008,20231116,484,43,25,1,25.02594,121.50651,17
500113008,20231116,485,43,27,1,25.02594,121.50651,15
500113008,20231116,486,43,26,1,25.02594,121.50651,16
500113008,20231116,487,43,26,1,25.02594,121.50651,16
500113008,20231116,488,43,25,1,25.02594,121.50651,17
500113008,20231116,489,43,26,1,25.02594,121.50651,16
500113008,20231116,490,43,26,1,25.02594,121.50651,16
500113008,20231116,491,43,26,1,25.02594,121.50651,16
500113008,20231116,492,43,27,1,25.02594,121.50651,15
500113008,20231116,493,43,28,1,25.02594,121.50651,14
500113008,20231116,494,43,29,1,25.02594,121.50651,13
500113008,20231116,495,43,29,1,25.02594,121.50651,13
500113008,20231116,496,43,29,1,25.02594,121.50651,13
500113008,20231116,497,43,29,1,25.02594,121.50651,13
500113008,20231116,498,43,30,1,25.02594,121.50651,12
500113008,20231116,499,43,30,1,25.02594,121.50651,12
500113008,20231116,501,43,30,1,25.02594,121.50651,12
500113008,20231116,502,43,30,1,25.02594,121.50651,12
500113008,20231116,503,43,31,1,25.02594,121.50651,11
500113008,20231116,504,43,31,1,25.02594,121.50651,11
500113008,20231116,505,43,31,1,25.02594,121.50651,11
500113008,20231116,506,43,32,1,25.02594,121.50651,10
500113008,20231116,507,43,32,1,25.02594,121.50651,10
500113008,20231116,508,43,32,1,25.02594,121.50651,10
500113008,20231116,509,43,32,1,25.02594,121.50651,10
500113008,20231116,511,43,32,1,25.02594,121.50651,10
500113008,20231116,512,43,32,1,25.02594,121.50651,10
500113008,20231116,513,43,31,1,25.02594,121.50651,11
500113008,20231116,514,43,31,1,25.02594,121.50651,11
500113008,20231116,515,43,32,1,25.02594,121.50651,10
500113008,20231116,516,43,32,1,25.02594,121.50651,10
500113008,20231116,517,43,32,1,25.02594,121.50651,10
500113008,20231116,518,43,32,1,25.02594,121.50651,10
500113008,20231116,519,43,32,1,25.02594,121.50651,10
500113008,20231116,520,43,32,1,25.02594,121.50651,10
500113008,20231116,521,43,32,1,25.02594,121.50651,10
500113008,20231116,522,43,32,1,25.02594,121.50651,10
500113008,20231116,523,43,33,1,25.02594,121.50651,9
500113008,20231116,524,43,33,1,25.02594,121.50651,9
500113008,20231116,525,43,33,1,25.02594,121.50651,9
500113008,20231116,526,43,33,1,25.02594,121.50651,9
500113008,20231116,527,43,33,1,25.02594,121.50651,9
500113008,20231116,528,43,33,1,25.02594,121.50651,9
500113008,20231116,529,43,33,1,25.02594,121.50651,9
500113008,20231116,530,43,32,1,25.02594,121.50651,10
500113008,20231116,531,43,32,1,25.02594,121.50651,10
500113008,20231116,532,43,32,1,25.02594,121.50651,10
500113008,20231116,533,43,32,1,25.02594,121.50651,10
500113008,20231116,534,43,33,1,25.02594,121.50651,9
500113008,20231116,535,43,33,1,25.02594,121.50651,9
500113008,20231116,536,43,35,1,25.02594,121.50651,7
500113008,20231116,537,43,35,1,25.02594,121.50651,7
500113008,20231116,538,43,35,1,25.02594,121.50651,7
500113008,20231116,539,43,35,1,25.02594,121.50651,7
500113008,20231116,541,43,35,1,25.02594,121.50651,7
500113008,20231116,542,43,35,1,25.02594,121.50651,7
500113008,20231116,543,43,37,1,25.02594,121.50651,5
500113008,20231116,544,43,37,1,25.02594,121.50651,5
500113008,20231116,545,43,37,1,25.02594,121.50651,5
500113008,20231116,546,43,37,1,25.02594,121.50651,5
500113008,20231116,547,43,38,1,25.02594,121.50651,4
500113008,20231116,548,43,38,1,25.02594,121.50651,4
500113008,20231116,549,43,38,1,25.02594,121.50651,4
500113008,20231116,550,43,38,1,25.02594,121.50651,4
500113008,20231116,551,43,38,1,25.02594,121.50651,4
500113008,20231116,552,43,38,1,25.02594,121.50651,4
500113008,20231116,553,43,38,1,25.02594,121.50651,4
500113008,20231116,554,43,38,1,25.02594,121.50651,4
500113008,20231116,555,43,38,1,25.02594,121.50651,4
500113008,20231116,556,43,38,1,25.02594,121.50651,4
500113008,20231116,557,43,38,1,25.02594,121.50651,4
500113008,20231116,558,43,38,1,25.02594,121.50651,4
500113008,20231116,559,43,38,1,25.02594,121.50651,4
500113008,20231116,561,43,38,1,25.02594,121.50651,4
500113008,20231116,562,43,38,1,25.02594,121.50651,4
500113008,20231116,563,43,38,1,25.02594,121.50651,4
500113008,20231116,564,43,38,1,25.02594,121.50651,4
500113008,20231116,565,43,38,1,25.02594,121.50651,4
500113008,20231116,566,43,38,1,25.02594,121.50651,4
500113008,20231116,567,43,38,1,25.02594,121.50651,4
500113008,20231116,568,43,38,1,25.02594,121.50651,4
500113008,20231116,569,43,38,1,25.02594,121.50651,4
500113008,20231116,571,43,38,1,25.02594,121.50651,4
500113008,20231116,572,43,38,1,25.02594,121.50651,4
500113008,20231116,573,43,38,1,25.02594,121.50651,4
500113008,20231116,574,43,38,1,25.02594,121.50651,4
500113008,20231116,575,43,38,1,25.02594,121.50651,4
500113008,20231116,576,43,38,1,25.02594,121.50651,4
500113008,20231116,577,43,37,1,25.02594,121.50651,5
500113008,20231116,578,43,37,1,25.02594,121.50651,5
500113008,20231116,579,43,37,1,25.02594,121.50651,5
500113008,20231116,580,43,37,1,25.02594,121.50651,5
500113008,20231116,581,43,37,1,25.02594,121.50651,5
500113008,20231116,582,43,37,1,25.02594,121.50651,5
500113008,20231116,583,43,37,1,25.02594,121.50651,5
500113008,20231116,584,43,37,1,25.02594,121.50651,5
500113008,20231116,585,43,37,1,25.02594,121.50651,5
500113008,20231116,586,43,37,1,25.02594,121.50651,5
500113008,20231116,587,43,37,1,25.02594,121.50651,5
500113008,20231116,588,43,38,1,25.02594,121.50651,4
500113008,20231116,589,43,38,1,25.02594,121.50651,4
500113008,20231116,590,43,38,1,25.02594,121.50651,4
500113008,20231116,591,43,38,1,25.02594,121.50651,4
500113008,20231116,592,43,37,1,25.02594,121.50651,5
500113008,20231116,593,43,37,1,25.02594,121.50651,5
500113008,20231116,594,43,37,1,25.02594,121.50651,5
500113008,20231116,595,43,37,1,25.02594,121.50651,5
500113008,20231116,596,43,38,1,25.02594,121.50651,4
500113008,20231116,597,43,38,1,25.02594,121.50651,4
500113008,20231116,598,43,38,1,25.02594,121.50651,4
500113008,20231116,599,43,38,1,25.02594,121.50651,4
500113008,20231116,601,43,39,1,25.02594,121.50651,3
500113008,20231116,602,43,39,1,25.02594,121.50651,3
500113008,20231116,603,43,38,1,25.02594,121.50651,4
500113008,20231116,604,43,38,1,25.02594,121.50651,4
500113008,20231116,605,43,37,1,25.02594,121.50651,5
500113008,20231116,606,43,37,1,25.02594,121.50651,5
500113008,20231116,607,43,37,1,25.02594,121.50651,5
500113008,20231116,608,43,37,1,25.02594,121.50651,5
500113008,20231116,609,43,37,1,25.02594,121.50651,5
500113008,20231116,610,43,38,1,25.02594,121.50651,4
500113008,20231116,611,43,38,1,25.02594,121.50651,4
500113008,20231116,612,43,38,1,25.02594,121.50651,4
500113008,20231116,613,43,39,1,25.02594,121.50651,3
500113008,20231116,614,43,39,1,25.02594,121.50651,3
500113008,20231116,615,43,38,1,25.02594,121.50651,4
500113008,20231116,616,43,38,1,25.02594,121.50651,4
500113008,20231116,617,43,38,1,25.02594,121.50651,4
500113008,20231116,618,43,38,1,25.02594,121.50651,4
500113008,20231116,619,43,38,1,25.02594,121.50651,4
500113008,20231116,621,43,39,1,25.02594,121.50651,3
500113008,20231116,623,43,39,1,25.02594,121.50651,3
500113008,20231116,624,43,39,1,25.02594,121.50651,3
500113008,20231116,625,43,39,1,25.02594,121.50651,3
500113008,20231116,626,43,39,1,25.02594,121.50651,3
500113008,20231116,627,43,38,1,25.02594,121.50651,4
500113008,20231116,628,43,38,1,25.02594,121.50651,4
500113008,20231116,629,43,38,1,25.02594,121.50651,4
500113008,20231116,631,43,38,1,25.02594,121.50651,4
500113008,20231116,632,43,38,1,25.02594,121.50651,4
500113008,20231116,633,43,38,1,25.02594,121.50651,4
500113008,20231116,634,43,38,1,25.02594,121.50651,4
500113008,20231116,635,43,38,1,25.02594,121.50651,4
500113008,20231116,636,43,37,1,25.02594,121.50651,5
500113008,20231116,637,43,37,1,25.02594,121.50651,5
500113008,20231116,638,43,37,1,25.02594,121.50651,5
500113008,20231116,639,43,36,1,25.02594,121.50651,6
500113008,20231116,641,43,36,1,25.02594,121.50651,6
500113008,20231116,642,43,36,1,25.02594,121.50651,6
500113008,20231116,643,43,35,1,25.02594,121.50651,7
500113008,20231116,644,43,35,1,25.02594,121.50651,7
500113008,20231116,645,43,35,1,25.02594,121.50651,7
500113008,20231116,646,43,35,1,25.02594,121.50651,7
500113008,20231116,647,43,35,1,25.02594,121.50651,7
500113008,20231116,648,43,35,1,25.02594,121.50651,7
500113008,20231116,649,43,35,1,25.02594,121.50651,7
500113008,20231116,651,43,35,1,25.02594,121.50651,7
500113008,20231116,652,43,35,1,25.02594,121.50651,7
500113008,20231116,653,43,35,1,25.02594,121.50651,7
500113008,20231116,654,43,35,1,25.02594,121.50651,7
500113008,20231116,655,43,35,1,25.02594,121.50651,7
500113008,20231116,656,43,36,1,25.02594,121.50651,6
500113008,20231116,657,43,36,1,25.02594,121.50651,6
500113008,20231116,658,43,36,1,25.02594,121.50651,6
500113008,20231116,659,43,36,1,25.02594,121.50651,6
500113008,20231116,661,43,36,1,25.02594,121.50651,6
500113008,20231116,662,43,36,1,25.02594,121.50651,6
500113008,20231116,663,43,36,1,25.02594,121.50651,6
500113008,20231116,664,43,36,1,25.02594,121.50651,6
500113008,20231116,665,43,35,1,25.02594,121.50651,7
500113008,20231116,666,43,36,1,25.02594,121.50651,6
500113008,20231116,667,43,35,1,25.02594,121.50651,7
500113008,20231116,668,43,35,1,25.02594,121.50651,7
500113008,20231116,669,43,35,1,25.02594,121.50651,7
500113008,20231116,671,43,35,1,25.02594,121.50651,7
500113008,20231116,672,43,35,1,25.02594,121.50651,7
500113008,20231116,673,43,35,1,25.02594,121.50651,7
500113008,20231116,674,43,35,1,25.02594,121.50651,7
500113008,20231116,675,43,35,1,25.02594,121.50651,7
500113008,20231116,676,43,35,1,25.02594,121.50651,7
500113008,20231116,677,43,35,1,25.02594,121.50651,7
500113008,20231116,678,43,35,1,25.02594,121.50651,7
500113008,20231116,679,43,35,1,25.02594,121.50651,7
500113008,20231116,681,43,35,1,25.02594,121.50651,7
500113008,20231116,682,43,35,1,25.02594,121.50651,7
500113008,20231116,683,43,35,1,25.02594,121.50651,7
500113008,20231116,684,43,36,1,25.02594,121.50651,6
500113008,20231116,685,43,36,1,25.02594,121.50651,6
500113008,20231116,686,43,36,1,25.02594,121.50651,6
500113008,20231116,687,43,36,1,25.02594,121.50651,6
500113008,20231116,688,43,37,1,25.02594,121.50651,5
500113008,20231116,689,43,37,1,25.02594,121.50651,5
500113008,20231116,691,43,37,1,25.02594,121.50651,5
500113008,20231116,692,43,37,1,25.02594,121.50651,5
500113008,20231116,693,43,37,1,25.02594,121.50651,5
500113008,20231116,694,43,37,1,25.02594,121.50651,5
500113008,20231116,695,43,37,1,25.02594,121.50651,5
500113008,20231116,696,43,37,1,25.02594,121.50651,5
500113008,20231116,697,43,37,1,25.02594,121.50651,5
500113008,20231116,698,43,38,1,25.02594,121.50651,4
500113008,20231116,699,43,38,1,25.02594,121.50651,4
500113008,20231116,701,43,38,1,25.02594,121.50651,4
500113008,20231116,702,43,38,1,25.02594,121.50651,4
500113008,20231116,703,43,38,1,25.02594,121.50651,4
500113008,20231116,704,43,38,1,25.02594,121.50651,4
500113008,20231116,705,43,38,1,25.02594,121.50651,4
500113008,20231116,706,43,38,1,25.02594,121.50651,4
500113008,20231116,707,43,38,1,25.02594,121.50651,4
500113008,20231116,708,43,38,1,25.02594,121.50651,4
500113008,20231116,709,43,38,1,25.02594,121.50651,4
500113008,20231116,711,43,38,1,25.02594,121.50651,4
500113008,20231116,712,43,38,1,25.02594,121.50651,4
500113008,20231116,713,43,38,1,25.02594,121.50651,4
500113008,20231116,714,43,38,1,25.02594,121.50651,4
500113008,20231116,715,43,38,1,25.02594,121.50651,4
500113008,20231116,716,43,38,1,25.02594,121.50651,4
500113008,20231116,717,43,38,1,25.02594,121.50651,4
500113008,20231116,718,43,38,1,25.02594,121.50651,4
500113008,20231116,719,43,38,1,25.02594,121.50651,4
500113008,20231116,721,43,38,1,25.02594,121.50651,4
500113008,20231116,722,43,38,1,25.02594,121.50651,4
500113008,20231116,723,43,38,1,25.02594,121.50651,4
500113008,20231116,724,43,38,1,25.02594,121.50651,4
500113008,20231116,725,43,38,1,25.02594,121.50651,4
500113008,20231116,726,43,38,1,25.02594,121.50651,4
500113008,20231116,727,43,38,1,25.02594,121.50651,4
500113008,20231116,728,43,38,1,25.02594,121.50651,4
500113008,20231116,729,43,38,1,25.02594,121.50651,4
500113008,20231116,730,43,38,1,25.02594,121.50651,4
500113008,20231116,731,43,38,1,25.02594,121.50651,4
500113008,20231116,732,43,38,1,25.02594,121.50651,4
500113008,20231116,733,43,38,1,25.02594,121.50651,4
500113008,20231116,734,43,39,1,25.02594,121.50651,3
500113008,20231116,735,43,39,1,25.02594,121.50651,3
500113008,20231116,736,43,39,1,25.02594,121.50651,3
500113008,20231116,737,43,39,1,25.02594,121.50651,3
500113008,20231116,738,43,39,1,25.02594,121.50651,3
500113008,20231116,739,43,39,1,25.02594,121.50651,3
500113008,20231116,741,43,39,1,25.02594,121.50651,3
500113008,20231116,742,43,39,1,25.02594,121.50651,3
500113008,20231116,743,43,38,1,25.02594,121.50651,4
500113008,20231116,744,43,38,1,25.02594,121.50651,4
500113008,20231116,745,43,38,1,25.02594,121.50651,4
500113008,20231116,746,43,38,1,25.02594,121.50651,4
500113008,20231116,747,43,38,1,25.02594,121.50651,4
500113008,20231116,748,43,38,1,25.02594,121.50651,4
500113008,20231116,749,43,37,1,25.02594,121.50651,5
500113008,20231116,750,43,37,1,25.02594,121.50651,5
500113008,20231116,751,43,37,1,25.02594,121.50651,5
500113008,20231116,752,43,37,1,25.02594,121.50651,5
500113008,20231116,753,43,37,1,25.02594,121.50651,5
500113008,20231116,754,43,37,1,25.02594,121.50651,5
500113008,20231116,755,43,38,1,25.02594,121.50651,4
500113008,20231116,756,43,38,1,25.02594,121.50651,4
500113008,20231116,757,43,37,1,25.02594,121.50651,5
500113008,20231116,758,43,37,1,25.02594,121.50651,5
500113008,20231116,759,43,37,1,25.02594,121.50651,5
500113008,20231116,760,43,36,1,25.02594,121.50651,6
500113008,20231116,761,43,36,1,25.02594,121.50651,6
500113008,20231116,762,43,36,1,25.02594,121.50651,6
500113008,20231116,763,43,36,1,25.02594,121.50651,6
500113008,20231116,764,43,36,1,25.02594,121.50651,6
500113008,20231116,765,43,36,1,25.02594,121.50651,6
500113008,20231116,766,43,36,1,25.02594,121.50651,6
500113008,20231116,767,43,36,1,25.02594,121.50651,6
500113008,20231116,768,43,36,1,25.02594,121.50651,6
500113008,20231116,769,43,36,1,25.02594,121.50651,6
500113008,20231116,770,43,36,1,25.02594,121.50651,6
500113008,20231116,771,43,36,1,25.02594,121.50651,6
500113008,20231116,772,43,36,1,25.02594,121.50651,6
500113008,20231116,773,43,37,1,25.02594,121.50651,5
500113008,20231116,774,43,37,1,25.02594,121.50651,5
500113008,20231116,775,43,37,1,25.02594,121.50651,5
500113008,20231116,776,43,37,1,25.02594,121.50651,5
500113008,20231116,777,43,37,1,25.02594,121.50651,5
500113008,20231116,778,43,37,1,25.02594,121.50651,5
500113008,20231116,779,43,37,1,25.02594,121.50651,5
500113008,20231116,781,43,38,1,25.02594,121.50651,4
500113008,20231116,782,43,38,1,25.02594,121.50651,4
500113008,20231116,783,43,38,1,25.02594,121.50651,4
500113008,20231116,784,43,38,1,25.02594,121.50651,4
500113008,20231116,785,43,38,1,25.02594,121.50651,4
500113008,20231116,786,43,38,1,25.02594,121.50651,4
500113008,20231116,787,43,38,1,25.02594,121.50651,4
500113008,20231116,788,43,38,1,25.02594,121.50651,4
500113008,20231116,789,43,38,1,25.02594,121.50651,4
500113008,20231116,790,43,38,1,25.02594,121.50651,4
500113008,20231116,791,43,38,1,25.02594,121.50651,4
500113008,20231116,792,43,38,1,25.02594,121.50651,4
500113008,20231116,793,43,38,1,25.02594,121.50651,4
500113008,20231116,794,43,38,1,25.02594,121.50651,4
500113008,20231116,795,43,38,1,25.02594,121.50651,4
500113008,20231116,796,43,38,1,25.02594,121.50651,4
500113008,20231116,797,43,38,1,25.02594,121.50651,4
500113008,20231116,798,43,39,1,25.02594,121.50651,3
500113008,20231116,799,43,39,1,25.02594,121.50651,3
500113008,20231116,801,43,39,1,25.02594,121.50651,3
500113008,20231116,802,43,39,1,25.02594,121.50651,3
500113008,20231116,803,43,38,1,25.02594,121.50651,4
500113008,20231116,804,43,38,1,25.02594,121.50651,4
500113008,20231116,805,43,38,1,25.02594,121.50651,4
500113008,20231116,806,43,38,1,25.02594,121.50651,4
500113008,20231116,807,43,38,1,25.02594,121.50651,4
500113008,20231116,808,43,38,1,25.02594,121.50651,4
500113008,20231116,809,43,38,1,25.02594,121.50651,4
500113008,20231116,811,43,38,1,25.02594,121.50651,4
500113008,20231116,812,43,38,1,25.02594,121.50651,4
500113008,20231116,813,43,38,1,25.02594,121.50651,4
500113008,20231116,814,43,38,1,25.02594,121.50651,4
500113008,20231116,815,43,38,1,25.02594,121.50651,4
500113008,20231116,816,43,38,1,25.02594,121.50651,4
500113008,20231116,817,43,37,1,25.02594,121.50651,5
500113008,20231116,818,43,37,1,25.02594,121.50651,5
500113008,20231116,819,43,37,1,25.02594,121.50651,5
500113008,20231116,820,43,37,1,25.02594,121.50651,5
500113008,20231116,821,43,37,1,25.02594,121.50651,5
500113008,20231116,822,43,37,1,25.02594,121.50651,5
500113008,20231116,823,43,37,1,25.02594,121.50651,5
500113008,20231116,824,43,37,1,25.02594,121.50651,5
500113008,20231116,825,43,37,1,25.02594,121.50651,5
500113008,20231116,826,43,37,1,25.02594,121.50651,5
500113008,20231116,827,43,36,1,25.02594,121.50651,6
500113008,20231116,828,43,36,1,25.02594,121.50651,6
500113008,20231116,829,43,36,1,25.02594,121.50651,6
500113008,20231116,830,43,36,1,25.02594,121.50651,6
500113008,20231116,831,43,36,1,25.02594,121.50651,6
500113008,20231116,832,43,36,1,25.02594,121.50651,6
500113008,20231116,833,43,36,1,25.02594,121.50651,6
500113008,20231116,834,43,36,1,25.02594,121.50651,6
500113008,20231116,835,43,36,1,25.02594,121.50651,6
500113008,20231116,836,43,36,1,25.02594,121.50651,6
500113008,20231116,837,43,36,1,25.02594,121.50651,6
500113008,20231116,838,43,36,1,25.02594,121.50651,6
500113008,20231116,839,43,35,1,25.02594,121.50651,7
500113008,20231116,841,43,35,1,25.02594,121.50651,7
500113008,20231116,842,43,35,1,25.02594,121.50651,7
500113008,20231116,843,43,35,1,25.02594,121.50651,7
500113008,20231116,844,43,36,1,25.02594,121.50651,6
500113008,20231116,845,43,36,1,25.02594,121.50651,6
500113008,20231116,846,43,36,1,25.02594,121.50651,6
500113008,20231116,847,43,37,1,25.02594,121.50651,5
500113008,20231116,848,43,37,1,25.02594,121.50651,5
500113008,20231116,849,43,37,1,25.02594,121.50651,5
500113008,20231116,850,43,37,1,25.02594,121.50651,5
500113008,20231116,851,43,37,1,25.02594,121.50651,5
500113008,20231116,852,43,37,1,25.02594,121.50651,5
500113008,20231116,853,43,37,1,25.02594,121.50651,5
500113008,20231116,854,43,37,1,25.02594,121.50651,5
500113008,20231116,855,43,37,1,25.02594,121.50651,5
500113008,20231116,856,43,37,1,25.02594,121.50651,5
500113008,20231116,857,43,37,1,25.02594,121.50651,5
500113008,20231116,858,43,37,1,25.02594,121.50651,5
500113008,20231116,859,43,37,1,25.02594,121.50651,5
500113008,20231116,861,43,37,1,25.02594,121.50651,5
500113008,20231116,862,43,38,1,25.02594,121.50651,4
500113008,20231116,863,43,38,1,25.02594,121.50651,4
500113008,20231116,864,43,38,1,25.02594,121.50651,4
500113008,20231116,865,43,39,1,25.02594,121.50651,3
500113008,20231116,866,43,39,1,25.02594,121.50651,3
500113008,20231116,867,43,39,1,25.02594,121.50651,3
500113008,20231116,868,43,39,1,25.02594,121.50651,3
500113008,20231116,869,43,39,1,25.02594,121.50651,3
500113008,20231116,871,43,39,1,25.02594,121.50651,3
500113008,20231116,872,43,38,1,25.02594,121.50651,4
500113008,20231116,873,43,38,1,25.02594,121.50651,4
500113008,20231116,874,43,38,1,25.02594,121.50651,4
500113008,20231116,876,43,39,1,25.02594,121.50651,3
500113008,20231116,878,43,40,1,25.02594,121.50651,2
500113008,20231116,879,43,40,1,25.02594,121.50651,2
500113008,20231116,881,43,40,1,25.02594,121.50651,2
500113008,20231116,882,43,40,1,25.02594,121.50651,2
500113008,20231116,883,43,40,1,25.02594,121.50651,2
500113008,20231116,884,43,40,1,25.02594,121.50651,2
500113008,20231116,885,43,40,1,25.02594,121.50651,2
500113008,20231116,886,43,40,1,25.02594,121.50651,2
500113008,20231116,887,43,40,1,25.02594,121.50651,2
500113008,20231116,888,43,40,1,25.02594,121.50651,2
500113008,20231116,889,43,40,1,25.02594,121.50651,2
500113008,20231116,891,43,40,1,25.02594,121.50651,2
500113008,20231116,892,43,40,1,25.02594,121.50651,2
500113008,20231116,893,43,40,1,25.02594,121.50651,2
500113008,20231116,894,43,40,1,25.02594,121.50651,2
500113008,20231116,895,43,40,1,25.02594,121.50651,2
500113008,20231116,896,43,40,1,25.02594,121.50651,2
500113008,20231116,897,43,41,1,25.02594,121.50651,1
500113008,20231116,898,43,41,1,25.02594,121.50651,1
500113008,20231116,899,43,41,1,25.02594,121.50651,1
500113008,20231116,901,43,41,1,25.02594,121.50651,1
500113008,20231116,902,43,40,1,25.02594,121.50651,2
500113008,20231116,903,43,41,1,25.02594,121.50651,1
500113008,20231116,904,43,40,1,25.02594,121.50651,2
500113008,20231116,905,43,40,1,25.02594,121.50651,2
500113008,20231116,906,43,40,1,25.02594,121.50651,2
500113008,20231116,907,43,41,1,25.02594,121.50651,1
500113008,20231116,908,43,42,1,25.02594,121.50651,0
500113008,20231116,909,43,42,1,25.02594,121.50651,0
500113008,20231116,911,43,42,1,25.02594,121.50651,0
500113008,20231116,912,43,42,1,25.02594,121.50651,0
500113008,20231116,913,43,42,1,25.02594,121.50651,0
500113008,20231116,914,43,42,1,25.02594,121.50651,0
500113008,20231116,915,43,42,1,25.02594,121.50651,0
500113008,20231116,916,43,42,1,25.02594,121.50651,0
500113008,20231116,917,43,42,1,25.02594,121.50651,0
500113008,20231116,918,43,42,1,25.02594,121.50651,0
500113008,20231116,919,43,42,1,25.02594,121.50651,0
500113008,20231116,921,43,42,1,25.02594,121.50651,0
500113008,20231116,922,43,42,1,25.02594,121.50651,0
500113008,20231116,923,43,42,1,25.02594,121.50651,0
500113008,20231116,924,43,42,1,25.02594,121.50651,0
500113008,20231116,925,43,42,1,25.02594,121.50651,0
500113008,20231116,926,43,42,1,25.02594,121.50651,0
500113008,20231116,927,43,42,1,25.02594,121.50651,0
500113008,20231116,928,43,42,1,25.02594,121.50651,0
500113008,20231116,929,43,42,1,25.02594,121.50651,0
500113008,20231116,931,43,42,1,25.02594,121.50651,0
500113008,20231116,932,43,42,1,25.02594,121.50651,0
500113008,20231116,933,43,42,1,25.02594,121.50651,0
500113008,20231116,934,43,42,1,25.02594,121.50651,0
500113008,20231116,935,43,42,1,25.02594,121.50651,0
500113008,20231116,936,43,42,1,25.02594,121.50651,0
500113008,20231116,937,43,42,1,25.02594,121.50651,0
500113008,20231116,938,43,42,1,25.02594,121.50651,0
500113008,20231116,939,43,42,1,25.02594,121.50651,0
500113008,20231116,941,43,41,1,25.02594,121.50651,1
500113008,20231116,942,43,41,1,25.02594,121.50651,1
500113008,20231116,943,43,41,1,25.02594,121.50651,1
500113008,20231116,944,43,41,1,25.02594,121.50651,1
500113008,20231116,945,43,41,1,25.02594,121.50651,1
500113008,20231116,946,43,42,1,25.02594,121.50651,0
500113008,20231116,947,43,42,1,25.02594,121.50651,0
500113008,20231116,948,43,42,1,25.02594,121.50651,0
500113008,20231116,949,43,42,1,25.02594,121.50651,0
500113008,20231116,951,43,42,1,25.02594,121.50651,0
500113008,20231116,952,43,42,1,25.02594,121.50651,0
500113008,20231116,953,43,42,1,25.02594,121.50651,0
500113008,20231116,954,43,42,1,25.02594,121.50651,0
500113008,20231116,955,43,42,1,25.02594,121.50651,0
500113008,20231116,956,43,42,1,25.02594,121.50651,0
500113008,20231116,957,43,42,1,25.02594,121.50651,0
500113008,20231116,958,43,42,1,25.02594,121.50651,0
500113008,20231116,959,43,42,1,25.02594,121.50651,0
500113008,20231116,961,43,41,1,25.02594,121.50651,1
500113008,20231116,962,43,41,1,25.02594,121.50651,1
500113008,20231116,963,43,41,1,25.02594,121.50651,1
500113008,20231116,964,43,41,1,25.02594,121.50651,1
500113008,20231116,965,43,41,1,25.02594,121.50651,1
500113008,20231116,966,43,40,1,25.02594,121.50651,2
500113008,20231116,967,43,40,1,25.02594,121.50651,2
500113008,20231116,968,43,40,1,25.02594,121.50651,2
500113008,20231116,969,43,40,1,25.02594,121.50651,2
500113008,20231116,971,43,41,1,25.02594,121.50651,1
500113008,20231116,972,43,41,1,25.02594,121.50651,1
500113008,20231116,973,43,40,1,25.02594,121.50651,2
500113008,20231116,974,43,40,1,25.02594,121.50651,2
500113008,20231116,975,43,40,1,25.02594,121.50651,2
500113008,20231116,976,43,40,1,25.02594,121.50651,2
500113008,20231116,978,43,40,1,25.02594,121.50651,2
500113008,20231116,979,43,40,1,25.02594,121.50651,2
500113008,20231116,981,43,40,1,25.02594,121.50651,2
500113008,20231116,982,43,40,1,25.02594,121.50651,2
500113008,20231116,983,43,38,1,25.02594,121.50651,4
500113008,20231116,984,43,38,1,25.02594,121.50651,4
500113008,20231116,985,43,38,1,25.02594,121.50651,4
500113008,20231116,986,43,38,1,25.02594,121.50651,4
500113008,20231116,987,43,37,1,25.02594,121.50651,5
500113008,20231116,988,43,37,1,25.02594,121.50651,5
500113008,20231116,989,43,37,1,25.02594,121.50651,5
500113008,20231116,991,43,37,1,25.02594,121.50651,5
500113008,20231116,992,43,37,1,25.02594,121.50651,5
500113008,20231116,993,43,37,1,25.02594,121.50651,5
500113008,20231116,994,43,37,1,25.02594,121.50651,5
500113008,20231116,995,43,37,1,25.02594,121.50651,5
500113008,20231116,996,43,37,1,25.02594,121.50651,5
500113008,20231116,997,43,37,1,25.02594,121.50651,5
500113008,20231116,998,43,37,1,25.02594,121.50651,5
500113008,20231116,999,43,36,1,25.02594,121.50651,6
500113008,20231116,1000,43,36,1,25.02594,121.50651,6
500113008,20231116,1001,43,36,1,25.02594,121.50651,6
500113008,20231116,1002,43,36,1,25.02594,121.50651,6
500113008,20231116,1003,43,36,1,25.02594,121.50651,6
500113008,20231116,1004,43,36,1,25.02594,121.50651,6
500113008,20231116,1005,43,36,1,25.02594,121.50651,6
500113008,20231116,1006,43,35,1,25.02594,121.50651,7
500113008,20231116,1007,43,35,1,25.02594,121.50651,7
500113008,20231116,1008,43,35,1,25.02594,121.50651,7
500113008,20231116,1009,43,35,1,25.02594,121.50651,7
500113008,20231116,1010,43,34,1,25.02594,121.50651,8
500113008,20231116,1011,43,34,1,25.02594,121.50651,8
500113008,20231116,1012,43,34,1,25.02594,121.50651,8
500113008,20231116,1013,43,34,1,25.02594,121.50651,8
500113008,20231116,1014,43,34,1,25.02594,121.50651,8
500113008,20231116,1015,43,34,1,25.02594,121.50651,8
500113008,20231116,1016,43,33,1,25.02594,121.50651,9
500113008,20231116,1017,43,32,1,25.02594,121.50651,10
500113008,20231116,1018,43,32,1,25.02594,121.50651,10
500113008,20231116,1019,43,32,1,25.02594,121.50651,10
500113008,20231116,1021,43,32,1,25.02594,121.50651,10
500113008,20231116,1022,43,32,1,25.02594,121.50651,10
500113008,20231116,1023,43,32,1,25.02594,121.50651,10
500113008,20231116,1024,43,32,1,25.02594,121.50651,10
500113008,20231116,1025,43,33,1,25.02594,121.50651,9
500113008,20231116,1026,43,33,1,25.02594,121.50651,9
500113008,20231116,1027,43,33,1,25.02594,121.50651,9
500113008,20231116,1028,43,33,1,25.02594,121.50651,9
500113008,20231116,1029,43,33,1,25.02594,121.50651,9
500113008,20231116,1030,43,33,1,25.02594,121.50651,9
500113008,20231116,1031,43,33,1,25.02594,121.50651,9
500113008,20231116,1032,43,33,1,25.02594,121.50651,9
500113008,20231116,1033,43,34,1,25.02594,121.50651,8
500113008,20231116,1034,43,34,1,25.02594,121.50651,8
500113008,20231116,1035,43,33,1,25.02594,121.50651,9
500113008,20231116,1036,43,33,1,25.02594,121.50651,9
500113008,20231116,1037,43,33,1,25.02594,121.50651,9
500113008,20231116,1038,43,33,1,25.02594,121.50651,9
500113008,20231116,1039,43,33,1,25.02594,121.50651,9
500113008,20231116,1041,43,33,1,25.02594,121.50651,9
500113008,20231116,1042,43,33,1,25.02594,121.50651,9
500113008,20231116,1043,43,33,1,25.02594,121.50651,9
500113008,20231116,1044,43,33,1,25.02594,121.50651,9
500113008,20231116,1045,43,33,1,25.02594,121.50651,9
500113008,20231116,1046,43,33,1,25.02594,121.50651,9
500113008,20231116,1047,43,33,1,25.02594,121.50651,9
500113008,20231116,1048,43,33,1,25.02594,121.50651,9
500113008,20231116,1049,43,33,1,25.02594,121.50651,9
500113008,20231116,1051,43,32,1,25.02594,121.50651,10
500113008,20231116,1052,43,31,1,25.02594,121.50651,11
500113008,20231116,1053,43,31,1,25.02594,121.50651,11
500113008,20231116,1054,43,31,1,25.02594,121.50651,11
500113008,20231116,1055,43,32,1,25.02594,121.50651,10
500113008,20231116,1056,43,32,1,25.02594,121.50651,10
500113008,20231116,1057,43,32,1,25.02594,121.50651,10
500113008,20231116,1058,43,32,1,25.02594,121.50651,10
500113008,20231116,1059,43,32,1,25.02594,121.50651,10
500113008,20231116,1060,43,32,1,25.02594,121.50651,10
500113008,20231116,1061,43,32,1,25.02594,121.50651,10
500113008,20231116,1062,43,32,1,25.02594,121.50651,10
500113008,20231116,1063,43,32,1,25.02594,121.50651,10
500113008,20231116,1064,43,32,1,25.02594,121.50651,10
500113008,20231116,1065,43,32,1,25.02594,121.50651,10
500113008,20231116,1066,43,32,1,25.02594,121.50651,10
500113008,20231116,1067,43,32,1,25.02594,121.50651,10
500113008,20231116,1068,43,32,1,25.02594,121.50651,10
500113008,20231116,1069,43,32,1,25.02594,121.50651,10
500113008,20231116,1070,43,32,1,25.02594,121.50651,10
500113008,20231116,1071,43,32,1,25.02594,121.50651,10
500113008,20231116,1072,43,32,1,25.02594,121.50651,10
500113008,20231116,1073,43,32,1,25.02594,121.50651,10
500113008,20231116,1074,43,32,1,25.02594,121.50651,10
500113008,20231116,1075,43,32,1,25.02594,121.50651,10
500113008,20231116,1076,43,32,1,25.02594,121.50651,10
500113008,20231116,1077,43,32,1,25.02594,121.50651,10
500113008,20231116,1078,43,32,1,25.02594,121.50651,10
500113008,20231116,1079,43,32,1,25.02594,121.50651,10
500113008,20231116,1081,43,32,1,25.02594,121.50651,10
500113008,20231116,1082,43,32,1,25.02594,121.50651,10
500113008,20231116,1083,43,32,1,25.02594,121.50651,10
500113008,20231116,1084,43,32,1,25.02594,121.50651,10
500113008,20231116,1085,43,32,1,25.02594,121.50651,10
500113008,20231116,1086,43,32,1,25.02594,121.50651,10
500113008,20231116,1087,43,32,1,25.02594,121.50651,10
500113008,20231116,1088,43,32,1,25.02594,121.50651,10
500113008,20231116,1089,43,32,1,25.02594,121.50651,10
500113008,20231116,1090,43,32,1,25.02594,121.50651,10
500113008,20231116,1091,43,32,1,25.02594,121.50651,10
500113008,20231116,1092,43,32,1,25.02594,121.50651,10
500113008,20231116,1093,43,32,1,25.02594,121.50651,10
500113008,20231116,1094,43,32,1,25.02594,121.50651,10
500113008,20231116,1095,43,32,1,25.02594,121.50651,10
500113008,20231116,1096,43,32,1,25.02594,121.50651,10
500113008,20231116,1097,43,32,1,25.02594,121.50651,10
500113008,20231116,1098,43,32,1,25.02594,121.50651,10
500113008,20231116,1099,43,32,1,25.02594,121.50651,10
500113008,20231116,1101,43,32,1,25.02594,121.50651,10
500113008,20231116,1102,43,32,1,25.02594,121.50651,10
500113008,20231116,1103,43,32,1,25.02594,121.50651,10
500113008,20231116,1104,43,32,1,25.02594,121.50651,10
500113008,20231116,1105,43,32,1,25.02594,121.50651,10
500113008,20231116,1106,43,32,1,25.02594,121.50651,10
500113008,20231116,1107,43,31,1,25.02594,121.50651,11
500113008,20231116,1108,43,31,1,25.02594,121.50651,11
500113008,20231116,1109,43,31,1,25.02594,121.50651,11
500113008,20231116,1111,43,31,1,25.02594,121.50651,11
500113008,20231116,1112,43,31,1,25.02594,121.50651,11
500113008,20231116,1113,43,31,1,25.02594,121.50651,11
500113008,20231116,1114,43,31,1,25.02594,121.50651,11
500113008,20231116,1115,43,31,1,25.02594,121.50651,11
500113008,20231116,1116,43,31,1,25.02594,121.50651,11
500113008,20231116,1117,43,31,1,25.02594,121.50651,11
500113008,20231116,1118,43,31,1,25.02594,121.50651,11
500113008,20231116,1119,43,31,1,25.02594,121.50651,11
500113008,20231116,1120,43,31,1,25.02594,121.50651,11
500113008,20231116,1121,43,31,1,25.02594,121.50651,11
500113008,20231116,1122,43,31,1,25.02594,121.50651,11
500113008,20231116,1123,43,31,1,25.02594,121.50651,11
500113008,20231116,1124,43,31,1,25.02594,121.50651,11
500113008,20231116,1125,43,31,1,25.02594,121.50651,11
500113008,20231116,1126,43,31,1,25.02594,121.50651,11
500113008,20231116,1127,43,31,1,25.02594,121.50651,11
500113008,20231116,1128,43,31,1,25.02594,121.50651,11
500113008,20231116,1129,43,31,1,25.02594,121.50651,11
500113008,20231116,1130,43,30,1,25.02594,121.50651,12
500113008,20231116,1131,43,30,1,25.02594,121.50651,12
500113008,20231116,1132,43,30,1,25.02594,121.50651,12
500113008,20231116,1133,43,30,1,25.02594,121.50651,12
500113008,20231116,1134,43,30,1,25.02594,121.50651,12
500113008,20231116,1135,43,30,1,25.02594,121.50651,12
500113008,20231116,1137,43,30,1,25.02594,121.50651,12
500113008,20231116,1138,43,30,1,25.02594,121.50651,12
500113008,20231116,1139,43,30,1,25.02594,121.50651,12
500113008,20231116,1141,43,30,1,25.02594,121.50651,12
500113008,20231116,1142,43,29,1,25.02594,121.50651,13
500113008,20231116,1143,43,30,1,25.02594,121.50651,12
500113008,20231116,1144,43,30,1,25.02594,121.50651,12
500113008,20231116,1145,43,30,1,25.02594,121.50651,12
500113008,20231116,1146,43,30,1,25.02594,121.50651,12
500113008,20231116,1147,43,30,1,25.02594,121.50651,12
500113008,20231116,1148,43,29,1,25.02594,121.50651,13
500113008,20231116,1149,43,29,1,25.02594,121.50651,13
500113008,20231116,1151,43,29,1,25.02594,121.50651,13
500113008,20231116,1152,43,29,1,25.02594,121.50651,13
500113008,20231116,1153,43,29,1,25.02594,121.50651,13
500113008,20231116,1154,43,29,1,25.02594,121.50651,13
500113008,20231116,1155,43,29,1,25.02594,121.50651,13
500113008,20231116,1157,43,29,1,25.02594,121.50651,13
500113008,20231116,1158,43,29,1,25.02594,121.50651,13
500113008,20231116,1159,43,29,1,25.02594,121.50651,13
500113008,20231116,1161,43,29,1,25.02594,121.50651,13
500113008,20231116,1162,43,29,1,25.02594,121.50651,13
500113008,20231116,1163,43,29,1,25.02594,121.50651,13
500113008,20231116,1164,43,29,1,25.02594,121.50651,13
500113008,20231116,1165,43,29,1,25.02594,121.50651,13
500113008,20231116,1166,43,29,1,25.02594,121.50651,13
500113008,20231116,1167,43,29,1,25.02594,121.50651,13
500113008,20231116,1168,43,29,1,25.02594,121.50651,13
500113008,20231116,1169,43,29,1,25.02594,121.50651,13
500113008,20231116,1171,43,29,1,25.02594,121.50651,13
500113008,20231116,1172,43,28,1,25.02594,121.50651,14
500113008,20231116,1173,43,28,1,25.02594,121.50651,14
500113008,20231116,1174,43,28,1,25.02594,121.50651,14
500113008,20231116,1175,43,28,1,25.02594,121.50651,14
500113008,20231116,1176,43,28,1,25.02594,121.50651,14
500113008,20231116,1177,43,28,1,25.02594,121.50651,14
500113008,20231116,1178,43,28,1,25.02594,121.50651,14
500113008,20231116,1179,43,28,1,25.02594,121.50651,14
500113008,20231116,1181,43,28,1,25.02594,121.50651,14
500113008,20231116,1182,43,28,1,25.02594,121.50651,14
500113008,20231116,1183,43,28,1,25.02594,121.50651,14
500113008,20231116,1184,43,28,1,25.02594,121.50651,14
500113008,20231116,1185,43,28,1,25.02594,121.50651,14
500113008,20231116,1186,43,28,1,25.02594,121.50651,14
500113008,20231116,1187,43,28,1,25.02594,121.50651,14
500113008,20231116,1188,43,28,1,25.02594,121.50651,14
500113008,20231116,1189,43,28,1,25.02594,121.50651,14
500113008,20231116,1191,43,28,1,25.02594,121.50651,14
500113008,20231116,1192,43,28,1,25.02594,121.50651,14
500113008,20231116,1193,43,28,1,25.02594,121.50651,14
500113008,20231116,1194,43,28,1,25.02594,121.50651,14
500113008,20231116,1195,43,28,1,25.02594,121.50651,14
500113008,20231116,1196,43,28,1,25.02594,121.50651,14
500113008,20231116,1197,43,28,1,25.02594,121.50651,14
500113008,20231116,1198,43,28,1,25.02594,121.50651,14
500113008,20231116,1199,43,28,1,25.02594,121.50651,14
500113008,20231116,1201,43,28,1,25.02594,121.50651,14
500113008,20231116,1202,43,29,1,25.02594,121.50651,13
500113008,20231116,1203,43,29,1,25.02594,121.50651,13
500113008,20231116,1204,43,29,1,25.02594,121.50651,13
500113008,20231116,1205,43,29,1,25.02594,121.50651,13
500113008,20231116,1206,43,29,1,25.02594,121.50651,13
500113008,20231116,1207,43,29,1,25.02594,121.50651,13
500113008,20231116,1208,43,29,1,25.02594,121.50651,13
500113008,20231116,1209,43,29,1,25.02594,121.50651,13
500113008,20231116,1211,43,29,1,25.02594,121.50651,13
500113008,20231116,1212,43,29,1,25.02594,121.50651,13
500113008,20231116,1213,43,29,1,25.02594,121.50651,13
500113008,20231116,1214,43,29,1,25.02594,121.50651,13
500113008,20231116,1215,43,29,1,25.02594,121.50651,13
500113008,20231116,1216,43,29,1,25.02594,121.50651,13
500113008,20231116,1217,43,29,1,25.02594,121.50651,13
500113008,20231116,1218,43,29,1,25.02594,121.50651,13
500113008,20231116,1219,43,29,1,25.02594,121.50651,13
500113008,20231116,1221,43,28,1,25.02594,121.50651,14
500113008,20231116,1222,43,28,1,25.02594,121.50651,14
500113008,20231116,1223,43,28,1,25.02594,121.50651,14
500113008,20231116,1224,43,28,1,25.02594,121.50651,14
500113008,20231116,1225,43,28,1,25.02594,121.50651,14
500113008,20231116,1226,43,28,1,25.02594,121.50651,14
500113008,20231116,1227,43,28,1,25.02594,121.50651,14
500113008,20231116,1228,43,28,1,25.02594,121.50651,14
500113008,20231116,1229,43,28,1,25.02594,121.50651,14
500113008,20231116,1231,43,29,1,25.02594,121.50651,13
500113008,20231116,1232,43,29,1,25.02594,121.50651,13
500113008,20231116,1233,43,29,1,25.02594,121.50651,13
500113008,20231116,1234,43,29,1,25.02594,121.50651,13
500113008,20231116,1235,43,29,1,25.02594,121.50651,13
500113008,20231116,1236,43,29,1,25.02594,121.50651,13
500113008,20231116,1237,43,29,1,25.02594,121.50651,13
500113008,20231116,1238,43,29,1,25.02594,121.50651,13
500113008,20231116,1239,43,29,1,25.02594,121.50651,13
500113008,20231116,1240,43,29,1,25.02594,121.50651,13
500113008,20231116,1241,43,29,1,25.02594,121.50651,13
500113008,20231116,1242,43,29,1,25.02594,121.50651,13
500113008,20231116,1243,43,29,1,25.02594,121.50651,13
500113008,20231116,1244,43,29,1,25.02594,121.50651,13
500113008,20231116,1245,43,29,1,25.02594,121.50651,13
500113008,20231116,1246,43,29,1,25.02594,121.50651,13
500113008,20231116,1247,43,29,1,25.02594,121.50651,13
500113008,20231116,1248,43,29,1,25.02594,121.50651,13
500113008,20231116,1249,43,29,1,25.02594,121.50651,13
500113008,20231116,1250,43,30,1,25.02594,121.50651,12
500113008,20231116,1251,43,30,1,25.02594,121.50651,12
500113008,20231116,1252,43,30,1,25.02594,121.50651,12
500113008,20231116,1253,43,30,1,25.02594,121.50651,12
500113008,20231116,1254,43,30,1,25.02594,121.50651,12
500113008,20231116,1255,43,30,1,25.02594,121.50651,12
500113008,20231116,1256,43,30,1,25.02594,121.50651,12
500113008,20231116,1257,43,30,1,25.02594,121.50651,12
500113008,20231116,1258,43,30,1,25.02594,121.50651,12
500113008,20231116,1259,43,30,1,25.02594,121.50651,12
500113008,20231116,1261,43,30,1,25.02594,121.50651,12
500113008,20231116,1262,43,30,1,25.02594,121.50651,12
500113008,20231116,1263,43,30,1,25.02594,121.50651,12
500113008,20231116,1264,43,30,1,25.02594,121.50651,12
500113008,20231116,1265,43,31,1,25.02594,121.50651,11
500113008,20231116,1266,43,31,1,25.02594,121.50651,11
500113008,20231116,1267,43,31,1,25.02594,121.50651,11
500113008,20231116,1268,43,31,1,25.02594,121.50651,11
500113008,20231116,1269,43,31,1,25.02594,121.50651,11
500113008,20231116,1270,43,31,1,25.02594,121.50651,11
500113008,20231116,1271,43,31,1,25.02594,121.50651,11
500113008,20231116,1272,43,31,1,25.02594,121.50651,11
500113008,20231116,1273,43,31,1,25.02594,121.50651,11
500113008,20231116,1274,43,31,1,25.02594,121.50651,11
500113008,20231116,1275,43,30,1,25.02594,121.50651,12
500113008,20231116,1276,43,30,1,25.02594,121.50651,12
500113008,20231116,1277,43,30,1,25.02594,121.50651,12
500113008,20231116,1278,43,30,1,25.02594,121.50651,12
500113008,20231116,1279,43,30,1,25.02594,121.50651,12
500113008,20231116,1281,43,30,1,25.02594,121.50651,12
500113008,20231116,1282,43,30,1,25.02594,121.50651,12
500113008,20231116,1283,43,30,1,25.02594,121.50651,12
500113008,20231116,1284,43,30,1,25.02594,121.50651,12
500113008,20231116,1285,43,30,1,25.02594,121.50651,12
500113008,20231116,1286,43,30,1,25.02594,121.50651,12
500113008,20231116,1287,43,30,1,25.02594,121.50651,12
500113008,20231116,1288,43,30,1,25.02594,121.50651,12
500113008,20231116,1289,43,30,1,25.02594,121.50651,12
500113008,20231116,1290,43,30,1,25.02594,121.50651,12
500113008,20231116,1291,43,30,1,25.02594,121.50651,12
500113008,20231116,1292,43,30,1,25.02594,121.50651,12
500113008,20231116,1293,43,30,1,25.02594,121.50651,12
500113008,20231116,1294,43,30,1,25.02594,121.50651,12
500113008,20231116,1295,43,30,1,25.02594,121.50651,12
500113008,20231116,1296,43,30,1,25.02594,121.50651,12
500113008,20231116,1297,43,30,1,25.02594,121.50651,12
500113008,20231116,1298,43,30,1,25.02594,121.50651,12
500113008,20231116,1299,43,30,1,25.02594,121.50651,12
500113008,20231116,1300,43,30,1,25.02594,121.50651,12
500113008,20231116,1301,43,30,1,25.02594,121.50651,12
500113008,20231116,1302,43,30,1,25.02594,121.50651,12
500113008,20231116,1303,43,30,1,25.02594,121.50651,12
500113008,20231116,1304,43,30,1,25.02594,121.50651,12
500113008,20231116,1305,43,30,1,25.02594,121.50651,12
500113008,20231116,1306,43,30,1,25.02594,121.50651,12
500113008,20231116,1307,43,30,1,25.02594,121.50651,12
500113008,20231116,1308,43,30,1,25.02594,121.50651,12
500113008,20231116,1309,43,30,1,25.02594,121.50651,12
500113008,20231116,1310,43,30,1,25.02594,121.50651,12
500113008,20231116,1311,43,30,1,25.02594,121.50651,12
500113008,20231116,1312,43,30,1,25.02594,121.50651,12
500113008,20231116,1313,43,30,1,25.02594,121.50651,12
500113008,20231116,1314,43,30,1,25.02594,121.50651,12
500113008,20231116,1315,43,30,1,25.02594,121.50651,12
500113008,20231116,1316,43,30,1,25.02594,121.50651,12
500113008,20231116,1317,43,30,1,25.02594,121.50651,12
500113008,20231116,1318,43,30,1,25.02594,121.50651,12
500113008,20231116,1319,43,30,1,25.02594,121.50651,12
500113008,20231116,1321,43,30,1,25.02594,121.50651,12
500113008,20231116,1322,43,30,1,25.02594,121.50651,12
500113008,20231116,1323,43,30,1,25.02594,121.50651,12
500113008,20231116,1324,43,30,1,25.02594,121.50651,12
500113008,20231116,1325,43,30,1,25.02594,121.50651,12
500113008,20231116,1326,43,30,1,25.02594,121.50651,12
500113008,20231116,1327,43,30,1,25.02594,121.50651,12
500113008,20231116,1328,43,30,1,25.02594,121.50651,12
500113008,20231116,1329,43,30,1,25.02594,121.50651,12
500113008,20231116,1330,43,30,1,25.02594,121.50651,12
500113008,20231116,1331,43,30,1,25.02594,121.50651,12
500113008,20231116,1332,43,30,1,25.02594,121.50651,12
500113008,20231116,1333,43,30,1,25.02594,121.50651,12
500113008,20231116,1334,43,30,1,25.02594,121.50651,12
500113008,20231116,1335,43,30,1,25.02594,121.50651,12
500113008,20231116,1336,43,30,1,25.02594,121.50651,12
500113008,20231116,1337,43,30,1,25.02594,121.50651,12
500113008,20231116,1338,43,30,1,25.02594,121.50651,12
500113008,20231116,1339,43,30,1,25.02594,121.50651,12
500113008,20231116,1341,43,30,1,25.02594,121.50651,12
500113008,20231116,1342,43,30,1,25.02594,121.50651,12
500113008,20231116,1343,43,30,1,25.02594,121.50651,12
500113008,20231116,1344,43,30,1,25.02594,121.50651,12
500113008,20231116,1345,43,30,1,25.02594,121.50651,12
500113008,20231116,1346,43,30,1,25.02594,121.50651,12
500113008,20231116,1347,43,30,1,25.02594,121.50651,12
500113008,20231116,1348,43,30,1,25.02594,121.50651,12
500113008,20231116,1349,43,30,1,25.02594,121.50651,12
500113008,20231116,1350,43,30,1,25.02594,121.50651,12
500113008,20231116,1351,43,30,1,25.02594,121.50651,12
500113008,20231116,1352,43,30,1,25.02594,121.50651,12
500113008,20231116,1353,43,30,1,25.02594,121.50651,12
500113008,20231116,1354,43,30,1,25.02594,121.50651,12
500113008,20231116,1355,43,30,1,25.02594,121.50651,12
500113008,20231116,1356,43,30,1,25.02594,121.50651,12
500113008,20231116,1357,43,30,1,25.02594,121.50651,12
500113008,20231116,1358,43,30,1,25.02594,121.50651,12
500113008,20231116,1359,43,30,1,25.02594,121.50651,12
500113008,20231116,1360,43,30,1,25.02594,121.50651,12
500113008,20231116,1361,43,30,1,25.02594,121.50651,12
500113008,20231116,1362,43,30,1,25.02594,121.50651,12
500113008,20231116,1363,43,30,1,25.02594,121.50651,12
500113008,20231116,1364,43,30,1,25.02594,121.50651,12
500113008,20231116,1365,43,30,1,25.02594,121.50651,12
500113008,20231116,1366,43,30,1,25.02594,121.50651,12
500113008,20231116,1367,43,30,1,25.02594,121.50651,12
500113008,20231116,1368,43,31,1,25.02594,121.50651,11
500113008,20231116,1369,43,31,1,25.02594,121.50651,11
500113008,20231116,1370,43,31,1,25.02594,121.50651,11
500113008,20231116,1371,43,31,1,25.02594,121.50651,11
500113008,20231116,1372,43,31,1,25.02594,121.50651,11
500113008,20231116,1373,43,31,1,25.02594,121.50651,11
500113008,20231116,1374,43,31,1,25.02594,121.50651,11
500113008,20231116,1375,43,31,1,25.02594,121.50651,11
500113008,20231116,1376,43,31,1,25.02594,121.50651,11
500113008,20231116,1377,43,31,1,25.02594,121.50651,11
500113008,20231116,1378,43,31,1,25.02594,121.50651,11
500113008,20231116,1379,43,31,1,25.02594,121.50651,11
500113008,20231116,1381,43,31,1,25.02594,121.50651,11
500113008,20231116,1382,43,30,1,25.02594,121.50651,12
500113008,20231116,1383,43,30,1,25.02594,121.50651,12
500113008,20231116,1384,43,30,1,25.02594,121.50651,12
500113008,20231116,1385,43,30,1,25.02594,121.50651,12
500113008,20231116,1386,43,30,1,25.02594,121.50651,12
500113008,20231116,1387,43,30,1,25.02594,121.50651,12
500113008,20231116,1388,43,30,1,25.02594,121.50651,12
500113008,20231116,1389,43,30,1,25.02594,121.50651,12
500113008,20231116,1390,43,30,1,25.02594,121.50651,12
500113008,20231116,1391,43,30,1,25.02594,121.50651,12
500113008,20231116,1392,43,30,1,25.02594,121.50651,12
500113008,20231116,1393,43,30,1,25.02594,121.50651,12
500113008,20231116,1394,43,30,1,25.02594,121.50651,12
500113008,20231116,1395,43,30,1,25.02594,121.50651,12
500113008,20231116,1396,43,30,1,25.02594,121.50651,12
500113008,20231116,1397,43,30,1,25.02594,121.50651,12
500113008,20231116,1398,43,30,1,25.02594,121.50651,12
500113008,20231116,1399,43,30,1,25.02594,121.50651,12
500113008,20231116,1401,43,30,1,25.02594,121.50651,12
500113008,20231116,1403,43,31,1,25.02594,121.50651,11
500113008,20231116,1404,43,31,1,25.02594,121.50651,11
500113008,20231116,1405,43,30,1,25.02594,121.50651,12
500113008,20231116,1406,43,30,1,25.02594,121.50651,12
500113008,20231116,1407,43,30,1,25.02594,121.50651,12
500113008,20231116,1408,43,30,1,25.02594,121.50651,12
500113008,20231116,1409,43,30,1,25.02594,121.50651,12
500113008,20231116,1411,43,30,1,25.02594,121.50651,12
500113008,20231116,1412,43,30,1,25.02594,121.50651,12
500113008,20231116,1413,43,30,1,25.02594,121.50651,12
500113008,20231116,1414,43,30,1,25.02594,121.50651,12
500113008,20231116,1415,43,30,1,25.02594,121.50651,12
500113008,20231116,1416,43,30,1,25.02594,121.50651,12
500113008,20231116,1417,43,30,1,25.02594,121.50651,12
500113008,20231116,1418,43,30,1,25.02594,121.50651,12
500113008,20231116,1419,43,30,1,25.02594,121.50651,12
500113008,20231116,1421,43,30,1,25.02594,121.50651,12
500113008,20231116,1422,43,30,1,25.02594,121.50651,12
500113008,20231116,1423,43,30,1,25.02594,121.50651,12
500113008,20231116,1424,43,30,1,25.02594,121.50651,12
500113008,20231116,1425,43,30,1,25.02594,121.50651,12
500113008,20231116,1426,43,30,1,25.02594,121.50651,12
500113008,20231116,1427,43,30,1,25.02594,121.50651,12
500113008,20231116,1428,43,30,1,25.02594,121.50651,12
500113008,20231116,1429,43,30,1,25.02594,121.50651,12
500113008,20231116,1431,43,30,1,25.02594,121.50651,12
500113008,20231116,1432,43,30,1,25.02594,121.50651,12
500113008,20231116,1433,43,30,1,25.02594,121.50651,12
500113008,20231116,1434,43,30,1,25.02594,121.50651,12
500113008,20231116,1435,43,30,1,25.02594,121.50651,12
500113008,20231116,1436,43,30,1,25.02594,121.50651,12
500113008,20231116,1437,43,30,1,25.02594,121.50651,12
500113008,20231116,1438,43,30,1,25.02594,121.50651,12
500113008,20231116,1439,43,30,1,25.02594,121.50651,12
500113008,20231117,1,43,30,1,25.02594,121.50651,12
500113008,20231117,2,43,30,1,25.02594,121.50651,12
500113008,20231117,3,43,30,1,25.02594,121.50651,12
500113008,20231117,4,43,30,1,25.02594,121.50651,12
500113008,20231117,5,43,30,1,25.02594,121.50651,12
500113008,20231117,6,43,30,1,25.02594,121.50651,12
500113008,20231117,7,43,30,1,25.02594,121.50651,12
500113008,20231117,8,43,30,1,25.02594,121.50651,12
500113008,20231117,9,43,30,1,25.02594,121.50651,12
500113008,20231117,11,43,30,1,25.02594,121.50651,12
500113008,20231117,12,43,30,1,25.02594,121.50651,12
500113008,20231117,13,43,30,1,25.02594,121.50651,12
500113008,20231117,14,43,30,1,25.02594,121.50651,12
500113008,20231117,15,43,30,1,25.02594,121.50651,12
500113008,20231117,16,43,30,1,25.02594,121.50651,12
500113008,20231117,17,43,30,1,25.02594,121.50651,12
500113008,20231117,18,43,30,1,25.02594,121.50651,12
500113008,20231117,19,43,30,1,25.02594,121.50651,12
500113008,20231117,21,43,30,1,25.02594,121.50651,12
500113008,20231117,22,43,30,1,25.02594,121.50651,12
500113008,20231117,23,43,30,1,25.02594,121.50651,12
500113008,20231117,24,43,30,1,25.02594,121.50651,12
500113008,20231117,25,43,30,1,25.02594,121.50651,12
500113008,20231117,26,43,30,1,25.02594,121.50651,12
500113008,20231117,27,43,30,1,25.02594,121.50651,12
500113008,20231117,28,43,30,1,25.02594,121.50651,12
500113008,20231117,29,43,30,1,25.02594,121.50651,12
500113008,20231117,31,43,31,1,25.02594,121.50651,11
500113008,20231117,32,43,31,1,25.02594,121.50651,11
500113008,20231117,33,43,31,1,25.02594,121.50651,11
500113008,20231117,34,43,30,1,25.02594,121.50651,12
500113008,20231117,35,43,30,1,25.02594,121.50651,12
500113008,20231117,36,43,30,1,25.02594,121.50651,12
500113008,20231117,37,43,30,1,25.02594,121.50651,12
500113008,20231117,38,43,30,1,25.02594,121.50651,12
500113008,20231117,39,43,30,1,25.02594,121.50651,12
500113008,20231117,41,43,30,1,25.02594,121.50651,12
500113008,20231117,42,43,30,1,25.02594,121.50651,12
500113008,20231117,43,43,30,1,25.02594,121.50651,12
500113008,20231117,44,43,30,1,25.02594,121.50651,12
500113008,20231117,45,43,30,1,25.02594,121.50651,12
500113008,20231117,46,43,30,1,25.02594,121.50651,12
500113008,20231117,47,43,30,1,25.02594,121.50651,12
500113008,20231117,48,43,30,1,25.02594,121.50651,12
500113008,20231117,49,43,30,1,25.02594,121.50651,12
500113008,20231117,51,43,30,1,25.02594,121.50651,12
500113008,20231117,52,43,30,1,25.02594,121.50651,12
500113008,20231117,53,43,30,1,25.02594,121.50651,12
500113008,20231117,54,43,30,1,25.02594,121.50651,12
500113008,20231117,55,43,30,1,25.02594,121.50651,12
500113008,20231117,56,43,30,1,25.02594,121.50651,12
500113008,20231117,57,43,30,1,25.02594,121.50651,12
500113008,20231117,58,43,30,1,25.02594,121.50651,12
500113008,20231117,59,43,30,1,25.02594,121.50651,12
500113008,20231117,61,43,30,1,25.02594,121.50651,12
500113008,20231117,62,43,30,1,25.02594,121.50651,12
500113008,20231117,63,43,30,1,25.02594,121.50651,12
500113008,20231117,64,43,30,1,25.02594,121.50651,12
500113008,20231117,65,43,30,1,25.02594,121.50651,12
500113008,20231117,66,43,30,1,25.02594,121.50651,12
500113008,20231117,67,43,30,1,25.02594,121.50651,12
500113008,20231117,68,43,30,1,25.02594,121.50651,12
500113008,20231117,69,43,30,1,25.02594,121.50651,12
500113008,20231117,70,43,30,1,25.02594,121.50651,12
500113008,20231117,71,43,30,1,25.02594,121.50651,12
500113008,20231117,72,43,30,1,25.02594,121.50651,12
500113008,20231117,73,43,30,1,25.02594,121.50651,12
500113008,20231117,74,43,30,1,25.02594,121.50651,12
500113008,20231117,75,43,30,1,25.02594,121.50651,12
500113008,20231117,76,43,30,1,25.02594,121.50651,12
500113008,20231117,77,43,30,1,25.02594,121.50651,12
500113008,20231117,78,43,30,1,25.02594,121.50651,12
500113008,20231117,79,43,30,1,25.02594,121.50651,12
500113008,20231117,81,43,30,1,25.02594,121.50651,12
500113008,20231117,82,43,30,1,25.02594,121.50651,12
500113008,20231117,83,43,30,1,25.02594,121.50651,12
500113008,20231117,84,43,30,1,25.02594,121.50651,12
500113008,20231117,85,43,30,1,25.02594,121.50651,12
500113008,20231117,86,43,30,1,25.02594,121.50651,12
500113008,20231117,87,43,30,1,25.02594,121.50651,12
500113008,20231117,88,43,30,1,25.02594,121.50651,12
500113008,20231117,89,43,30,1,25.02594,121.50651,12
500113008,20231117,90,43,30,1,25.02594,121.50651,12
500113008,20231117,91,43,30,1,25.02594,121.50651,12
500113008,20231117,92,43,30,1,25.02594,121.50651,12
500113008,20231117,93,43,30,1,25.02594,121.50651,12
500113008,20231117,94,43,30,1,25.02594,121.50651,12
500113008,20231117,95,43,30,1,25.02594,121.50651,12
500113008,20231117,96,43,30,1,25.02594,121.50651,12
500113008,20231117,97,43,30,1,25.02594,121.50651,12
500113008,20231117,98,43,30,1,25.02594,121.50651,12
500113008,20231117,99,43,30,1,25.02594,121.50651,12
500113008,20231117,100,43,30,1,25.02594,121.50651,12
500113008,20231117,101,43,30,1,25.02594,121.50651,12
500113008,20231117,102,43,30,1,25.02594,121.50651,12
500113008,20231117,103,43,30,1,25.02594,121.50651,12
500113008,20231117,104,43,30,1,25.02594,121.50651,12
500113008,20231117,105,43,30,1,25.02594,121.50651,12
500113008,20231117,106,43,30,1,25.02594,121.50651,12
500113008,20231117,107,43,30,1,25.02594,121.50651,12
500113008,20231117,108,43,30,1,25.02594,121.50651,12
500113008,20231117,109,43,30,1,25.02594,121.50651,12
500113008,20231117,110,43,30,1,25.02594,121.50651,12
500113008,20231117,111,43,30,1,25.02594,121.50651,12
500113008,20231117,113,43,30,1,25.02594,121.50651,12
500113008,20231117,114,43,30,1,25.02594,121.50651,12
500113008,20231117,115,43,30,1,25.02594,121.50651,12
500113008,20231117,116,43,30,1,25.02594,121.50651,12
500113008,20231117,117,43,30,1,25.02594,121.50651,12
500113008,20231117,118,43,30,1,25.02594,121.50651,12
500113008,20231117,119,43,30,1,25.02594,121.50651,12
500113008,20231117,121,43,30,1,25.02594,121.50651,12
500113008,20231117,122,43,30,1,25.02594,121.50651,12
500113008,20231117,123,43,30,1,25.02594,121.50651,12
500113008,20231117,124,43,30,1,25.02594,121.50651,12
500113008,20231117,125,43,30,1,25.02594,121.50651,12
500113008,20231117,126,43,30,1,25.02594,121.50651,12
500113008,20231117,127,43,30,1,25.02594,121.50651,12
500113008,20231117,128,43,30,1,25.02594,121.50651,12
500113008,20231117,129,43,30,1,25.02594,121.50651,12
500113008,20231117,130,43,30,1,25.02594,121.50651,12
500113008,20231117,131,43,30,1,25.02594,121.50651,12
500113008,20231117,132,43,30,1,25.02594,121.50651,12
500113008,20231117,133,43,30,1,25.02594,121.50651,12
500113008,20231117,134,43,30,1,25.02594,121.50651,12
500113008,20231117,135,43,30,1,25.02594,121.50651,12
500113008,20231117,136,43,30,1,25.02594,121.50651,12
500113008,20231117,137,43,30,1,25.02594,121.50651,12
500113008,20231117,138,43,30,1,25.02594,121.50651,12
500113008,20231117,139,43,30,1,25.02594,121.50651,12
500113008,20231117,141,43,30,1,25.02594,121.50651,12
500113008,20231117,142,43,30,1,25.02594,121.50651,12
500113008,20231117,143,43,30,1,25.02594,121.50651,12
500113008,20231117,144,43,30,1,25.02594,121.50651,12
500113008,20231117,145,43,30,1,25.02594,121.50651,12
500113008,20231117,146,43,30,1,25.02594,121.50651,12
500113008,20231117,147,43,30,1,25.02594,121.50651,12
500113008,20231117,148,43,30,1,25.02594,121.50651,12
500113008,20231117,149,43,30,1,25.02594,121.50651,12
500113008,20231117,150,43,30,1,25.02594,121.50651,12
500113008,20231117,151,43,30,1,25.02594,121.50651,12
500113008,20231117,152,43,30,1,25.02594,121.50651,12
500113008,20231117,153,43,30,1,25.02594,121.50651,12
500113008,20231117,154,43,30,1,25.02594,121.50651,12
500113008,20231117,155,43,30,1,25.02594,121.50651,12
500113008,20231117,156,43,30,1,25.02594,121.50651,12
500113008,20231117,157,43,30,1,25.02594,121.50651,12
500113008,20231117,158,43,30,1,25.02594,121.50651,12
500113008,20231117,159,43,30,1,25.02594,121.50651,12
500113008,20231117,160,43,30,1,25.02594,121.50651,12
500113008,20231117,161,43,30,1,25.02594,121.50651,12
500113008,20231117,162,43,30,1,25.02594,121.50651,12
500113008,20231117,163,43,30,1,25.02594,121.50651,12
500113008,20231117,164,43,30,1,25.02594,121.50651,12
500113008,20231117,165,43,30,1,25.02594,121.50651,12
500113008,20231117,166,43,30,1,25.02594,121.50651,12
500113008,20231117,167,43,30,1,25.02594,121.50651,12
500113008,20231117,168,43,30,1,25.02594,121.50651,12
500113008,20231117,169,43,30,1,25.02594,121.50651,12
500113008,20231117,170,43,30,1,25.02594,121.50651,12
500113008,20231117,171,43,30,1,25.02594,121.50651,12
500113008,20231117,172,43,30,1,25.02594,121.50651,12
500113008,20231117,173,43,30,1,25.02594,121.50651,12
500113008,20231117,174,43,30,1,25.02594,121.50651,12
500113008,20231117,175,43,30,1,25.02594,121.50651,12
500113008,20231117,176,43,30,1,25.02594,121.50651,12
500113008,20231117,177,43,30,1,25.02594,121.50651,12
500113008,20231117,178,43,30,1,25.02594,121.50651,12
500113008,20231117,179,43,30,1,25.02594,121.50651,12
500113008,20231117,180,43,30,1,25.02594,121.50651,12
500113008,20231117,181,43,30,1,25.02594,121.50651,12
500113008,20231117,182,43,30,1,25.02594,121.50651,12
500113008,20231117,183,43,30,1,25.02594,121.50651,12
500113008,20231117,184,43,30,1,25.02594,121.50651,12
500113008,20231117,185,43,30,1,25.02594,121.50651,12
500113008,20231117,186,43,30,1,25.02594,121.50651,12
500113008,20231117,187,43,30,1,25.02594,121.50651,12
500113008,20231117,188,43,30,1,25.02594,121.50651,12
500113008,20231117,189,43,30,1,25.02594,121.50651,12
500113008,20231117,190,43,30,1,25.02594,121.50651,12
500113008,20231117,191,43,30,1,25.02594,121.50651,12
500113008,20231117,192,43,30,1,25.02594,121.50651,12
500113008,20231117,193,43,30,1,25.02594,121.50651,12
500113008,20231117,194,43,30,1,25.02594,121.50651,12
500113008,20231117,195,43,30,1,25.02594,121.50651,12
500113008,20231117,196,43,30,1,25.02594,121.50651,12
500113008,20231117,197,43,30,1,25.02594,121.50651,12
500113008,20231117,198,43,30,1,25.02594,121.50651,12
500113008,20231117,199,43,30,1,25.02594,121.50651,12
500113008,20231117,201,43,30,1,25.02594,121.50651,12
500113008,20231117,202,43,30,1,25.02594,121.50651,12
500113008,20231117,203,43,30,1,25.02594,121.50651,12
500113008,20231117,204,43,30,1,25.02594,121.50651,12
500113008,20231117,205,43,30,1,25.02594,121.50651,12
500113008,20231117,206,43,30,1,25.02594,121.50651,12
500113008,20231117,207,43,30,1,25.02594,121.50651,12
500113008,20231117,208,43,30,1,25.02594,121.50651,12
500113008,20231117,209,43,30,1,25.02594,121.50651,12
500113008,20231117,210,43,30,1,25.02594,121.50651,12
500113008,20231117,211,43,30,1,25.02594,121.50651,12
500113008,20231117,212,43,30,1,25.02594,121.50651,12
500113008,20231117,213,43,30,1,25.02594,121.50651,12
500113008,20231117,214,43,31,1,25.02594,121.50651,11
500113008,20231117,215,43,31,1,25.02594,121.50651,11
500113008,20231117,216,43,31,1,25.02594,121.50651,11
500113008,20231117,218,43,31,1,25.02594,121.50651,11
500113008,20231117,219,43,31,1,25.02594,121.50651,11
500113008,20231117,221,43,31,1,25.02594,121.50651,11
500113008,20231117,222,43,31,1,25.02594,121.50651,11
500113008,20231117,223,43,31,1,25.02594,121.50651,11
500113008,20231117,224,43,31,1,25.02594,121.50651,11
500113008,20231117,225,43,31,1,25.02594,121.50651,11
500113008,20231117,226,43,30,1,25.02594,121.50651,12
500113008,20231117,227,43,30,1,25.02594,121.50651,12
500113008,20231117,228,43,30,1,25.02594,121.50651,12
500113008,20231117,229,43,30,1,25.02594,121.50651,12
500113008,20231117,231,43,30,1,25.02594,121.50651,12
500113008,20231117,232,43,30,1,25.02594,121.50651,12
500113008,20231117,233,43,30,1,25.02594,121.50651,12
500113008,20231117,234,43,30,1,25.02594,121.50651,12
500113008,20231117,235,43,30,1,25.02594,121.50651,12
500113008,20231117,236,43,30,1,25.02594,121.50651,12
500113008,20231117,237,43,30,1,25.02594,121.50651,12
500113008,20231117,238,43,30,1,25.02594,121.50651,12
500113008,20231117,239,43,30,1,25.02594,121.50651,12
500113008,20231117,241,43,30,1,25.02594,121.50651,12
500113008,20231117,242,43,30,1,25.02594,121.50651,12
500113008,20231117,243,43,30,1,25.02594,121.50651,12
500113008,20231117,244,43,30,1,25.02594,121.50651,12
500113008,20231117,245,43,30,1,25.02594,121.50651,12
500113008,20231117,246,43,30,1,25.02594,121.50651,12
500113008,20231117,247,43,30,1,25.02594,121.50651,12
500113008,20231117,248,43,30,1,25.02594,121.50651,12
500113008,20231117,249,43,30,1,25.02594,121.50651,12
500113008,20231117,251,43,30,1,25.02594,121.50651,12
500113008,20231117,252,43,30,1,25.02594,121.50651,12
500113008,20231117,253,43,30,1,25.02594,121.50651,12
500113008,20231117,254,43,30,1,25.02594,121.50651,12
500113008,20231117,255,43,30,1,25.02594,121.50651,12
500113008,20231117,256,43,30,1,25.02594,121.50651,12
500113008,20231117,257,43,30,1,25.02594,121.50651,12
500113008,20231117,258,43,30,1,25.02594,121.50651,12
500113008,20231117,259,43,30,1,25.02594,121.50651,12
500113008,20231117,261,43,30,1,25.02594,121.50651,12
500113008,20231117,262,43,30,1,25.02594,121.50651,12
500113008,20231117,263,43,30,1,25.02594,121.50651,12
500113008,20231117,264,43,30,1,25.02594,121.50651,12
500113008,20231117,265,43,30,1,25.02594,121.50651,12
500113008,20231117,266,43,30,1,25.02594,121.50651,12
500113008,20231117,267,43,30,1,25.02594,121.50651,12
500113008,20231117,268,43,30,1,25.02594,121.50651,12
500113008,20231117,269,43,30,1,25.02594,121.50651,12
500113008,20231117,271,43,30,1,25.02594,121.50651,12
500113008,20231117,272,43,30,1,25.02594,121.50651,12
500113008,20231117,273,43,30,1,25.02594,121.50651,12
500113008,20231117,274,43,30,1,25.02594,121.50651,12
500113008,20231117,275,43,30,1,25.02594,121.50651,12
500113008,20231117,276,43,30,1,25.02594,121.50651,12
500113008,20231117,277,43,30,1,25.02594,121.50651,12
500113008,20231117,278,43,30,1,25.02594,121.50651,12
500113008,20231117,279,43,30,1,25.02594,121.50651,12
500113008,20231117,281,43,30,1,25.02594,121.50651,12
500113008,20231117,282,43,30,1,25.02594,121.50651,12
500113008,20231117,283,43,30,1,25.02594,121.50651,12
500113008,20231117,284,43,30,1,25.02594,121.50651,12
500113008,20231117,285,43,30,1,25.02594,121.50651,12
500113008,20231117,286,43,30,1,25.02594,121.50651,12
500113008,20231117,287,43,30,1,25.02594,121.50651,12
500113008,20231117,288,43,30,1,25.02594,121.50651,12
500113008,20231117,289,43,30,1,25.02594,121.50651,12
500113008,20231117,291,43,30,1,25.02594,121.50651,12
500113008,20231117,292,43,30,1,25.02594,121.50651,12
500113008,20231117,293,43,30,1,25.02594,121.50651,12
500113008,20231117,294,43,30,1,25.02594,121.50651,12
500113008,20231117,295,43,30,1,25.02594,121.50651,12
500113008,20231117,296,43,30,1,25.02594,121.50651,12
500113008,20231117,297,43,30,1,25.02594,121.50651,12
500113008,20231117,298,43,30,1,25.02594,121.50651,12
500113008,20231117,299,43,30,1,25.02594,121.50651,12
500113008,20231117,300,43,30,1,25.02594,121.50651,12
500113008,20231117,301,43,30,1,25.02594,121.50651,12
500113008,20231117,302,43,30,1,25.02594,121.50651,12
500113008,20231117,303,43,30,1,25.02594,121.50651,12
500113008,20231117,304,43,30,1,25.02594,121.50651,12
500113008,20231117,305,43,30,1,25.02594,121.50651,12
500113008,20231117,306,43,30,1,25.02594,121.50651,12
500113008,20231117,307,43,30,1,25.02594,121.50651,12
500113008,20231117,308,43,30,1,25.02594,121.50651,12
500113008,20231117,309,43,30,1,25.02594,121.50651,12
500113008,20231117,310,43,30,1,25.02594,121.50651,12
500113008,20231117,311,43,30,1,25.02594,121.50651,12
500113008,20231117,312,43,30,1,25.02594,121.50651,12
500113008,20231117,313,43,30,1,25.02594,121.50651,12
500113008,20231117,314,43,30,1,25.02594,121.50651,12
500113008,20231117,315,43,29,1,25.02594,121.50651,13
500113008,20231117,316,43,29,1,25.02594,121.50651,13
500113008,20231117,317,43,29,1,25.02594,121.50651,13
500113008,20231117,318,43,29,1,25.02594,121.50651,13
500113008,20231117,319,43,29,1,25.02594,121.50651,13
500113008,20231117,321,43,29,1,25.02594,121.50651,13
500113008,20231117,322,43,29,1,25.02594,121.50651,13
500113008,20231117,323,43,29,1,25.02594,121.50651,13
500113008,20231117,324,43,29,1,25.02594,121.50651,13
500113008,20231117,325,43,29,1,25.02594,121.50651,13
500113008,20231117,326,43,29,1,25.02594,121.50651,13
500113008,20231117,327,43,29,1,25.02594,121.50651,13
500113008,20231117,328,43,29,1,25.02594,121.50651,13
500113008,20231117,329,43,29,1,25.02594,121.50651,13
500113008,20231117,330,43,29,1,25.02594,121.50651,13
500113008,20231117,331,43,29,1,25.02594,121.50651,13
500113008,20231117,332,43,29,1,25.02594,121.50651,13
500113008,20231117,333,43,29,1,25.02594,121.50651,13
500113008,20231117,334,43,29,1,25.02594,121.50651,13
500113008,20231117,335,43,29,1,25.02594,121.50651,13
500113008,20231117,336,43,29,1,25.02594,121.50651,13
500113008,20231117,337,43,29,1,25.02594,121.50651,13
500113008,20231117,338,43,29,1,25.02594,121.50651,13
500113008,20231117,339,43,29,1,25.02594,121.50651,13
500113008,20231117,340,43,29,1,25.02594,121.50651,13
500113008,20231117,341,43,29,1,25.02594,121.50651,13
500113008,20231117,342,43,29,1,25.02594,121.50651,13
500113008,20231117,343,43,29,1,25.02594,121.50651,13
500113008,20231117,344,43,29,1,25.02594,121.50651,13
500113008,20231117,345,43,29,1,25.02594,121.50651,13
500113008,20231117,346,43,29,1,25.02594,121.50651,13
500113008,20231117,347,43,29,1,25.02594,121.50651,13
500113008,20231117,348,43,29,1,25.02594,121.50651,13
500113008,20231117,349,43,29,1,25.02594,121.50651,13
500113008,20231117,350,43,29,1,25.02594,121.50651,13
500113008,20231117,351,43,29,1,25.02594,121.50651,13
500113008,20231117,352,43,29,1,25.02594,121.50651,13
500113008,20231117,353,43,29,1,25.02594,121.50651,13
500113008,20231117,354,43,29,1,25.02594,121.50651,13
500113008,20231117,355,43,29,1,25.02594,121.50651,13
500113008,20231117,356,43,29,1,25.02594,121.50651,13
500113008,20231117,357,43,29,1,25.02594,121.50651,13
500113008,20231117,358,43,29,1,25.02594,121.50651,13
500113008,20231117,359,43,29,1,25.02594,121.50651,13
500113008,20231117,360,43,29,1,25.02594,121.50651,13
500113008,20231117,361,43,29,1,25.02594,121.50651,13
500113008,20231117,362,43,29,1,25.02594,121.50651,13
500113008,20231117,363,43,29,1,25.02594,121.50651,13
500113008,20231117,364,43,29,1,25.02594,121.50651,13
500113008,20231117,365,43,29,1,25.02594,121.50651,13
500113008,20231117,366,43,29,1,25.02594,121.50651,13
500113008,20231117,367,43,29,1,25.02594,121.50651,13
500113008,20231117,368,43,29,1,25.02594,121.50651,13
500113008,20231117,369,43,29,1,25.02594,121.50651,13
500113008,20231117,370,43,29,1,25.02594,121.50651,13
500113008,20231117,371,43,29,1,25.02594,121.50651,13
500113008,20231117,372,43,29,1,25.02594,121.50651,13
500113008,20231117,373,43,29,1,25.02594,121.50651,13
500113008,20231117,374,43,29,1,25.02594,121.50651,13
500113008,20231117,375,43,30,1,25.02594,121.50651,12
500113008,20231117,376,43,30,1,25.02594,121.50651,12
500113008,20231117,377,43,30,1,25.02594,121.50651,12
500113008,20231117,378,43,30,1,25.02594,121.50651,12
500113008,20231117,379,43,30,1,25.02594,121.50651,12
500113008,20231117,381,43,30,1,25.02594,121.50651,12
500113008,20231117,382,43,30,1,25.02594,121.50651,12
500113008,20231117,383,43,30,1,25.02594,121.50651,12
500113008,20231117,384,43,30,1,25.02594,121.50651,12
500113008,20231117,385,43,30,1,25.02594,121.50651,12
500113008,20231117,386,43,30,1,25.02594,121.50651,12
500113008,20231117,387,43,29,1,25.02594,121.50651,13
500113008,20231117,388,43,29,1,25.02594,121.50651,13
500113008,20231117,389,43,29,1,25.02594,121.50651,13
500113008,20231117,390,43,29,1,25.02594,121.50651,13
500113008,20231117,391,43,29,1,25.02594,121.50651,13
500113008,20231117,392,43,29,1,25.02594,121.50651,13
500113008,20231117,393,43,29,1,25.02594,121.50651,13
500113008,20231117,394,43,30,1,25.02594,121.50651,12
500113008,20231117,395,43,31,1,25.02594,121.50651,11
500113008,20231117,396,43,31,1,25.02594,121.50651,11
500113008,20231117,397,43,31,1,25.02594,121.50651,11
500113008,20231117,398,43,31,1,25.02594,121.50651,11
500113008,20231117,399,43,31,1,25.02594,121.50651,11
500113008,20231117,400,43,32,1,25.02594,121.50651,10
500113008,20231117,401,43,32,1,25.02594,121.50651,10
500113008,20231117,402,43,32,1,25.02594,121.50651,10
500113008,20231117,403,43,31,1,25.02594,121.50651,11
500113008,20231117,404,43,32,1,25.02594,121.50651,10
500113008,20231117,405,43,31,1,25.02594,121.50651,11
500113008,20231117,406,43,31,1,25.02594,121.50651,11
500113008,20231117,407,43,31,1,25.02594,121.50651,11
500113008,20231117,408,43,31,1,25.02594,121.50651,11
500113008,20231117,409,43,31,1,25.02594,121.50651,11
500113008,20231117,410,43,31,1,25.02594,121.50651,11
500113008,20231117,411,43,31,1,25.02594,121.50651,11
500113008,20231117,412,43,31,1,25.02594,121.50651,11
500113008,20231117,413,43,32,1,25.02594,121.50651,10
500113008,20231117,414,43,33,1,25.02594,121.50651,9
500113008,20231117,415,43,33,1,25.02594,121.50651,9
500113008,20231117,416,43,34,1,25.02594,121.50651,8
500113008,20231117,417,43,35,1,25.02594,121.50651,7
500113008,20231117,418,43,35,1,25.02594,121.50651,7
500113008,20231117,419,43,35,1,25.02594,121.50651,7
500113008,20231117,421,43,35,1,25.02594,121.50651,7
500113008,20231117,422,43,35,1,25.02594,121.50651,7
500113008,20231117,423,43,34,1,25.02594,121.50651,8
500113008,20231117,424,43,34,1,25.02594,121.50651,8
500113008,20231117,425,43,33,1,25.02594,121.50651,9
500113008,20231117,426,43,32,1,25.02594,121.50651,10
500113008,20231117,427,43,32,1,25.02594,121.50651,10
500113008,20231117,428,43,32,1,25.02594,121.50651,10
500113008,20231117,429,43,32,1,25.02594,121.50651,10
500113008,20231117,430,43,33,1,25.02594,121.50651,9
500113008,20231117,431,43,33,1,25.02594,121.50651,9
500113008,20231117,432,43,33,1,25.02594,121.50651,9
500113008,20231117,433,43,33,1,25.02594,121.50651,9
500113008,20231117,434,43,33,1,25.02594,121.50651,9
500113008,20231117,435,43,32,1,25.02594,121.50651,10
500113008,20231117,436,43,32,1,25.02594,121.50651,10
500113008,20231117,437,43,32,1,25.02594,121.50651,10
500113008,20231117,438,43,32,1,25.02594,121.50651,10
500113008,20231117,439,43,32,1,25.02594,121.50651,10
500113008,20231117,441,43,34,1,25.02594,121.50651,8
500113008,20231117,442,43,34,1,25.02594,121.50651,8
500113008,20231117,443,43,34,1,25.02594,121.50651,8
500113008,20231117,444,43,35,1,25.02594,121.50651,7
500113008,20231117,445,43,36,1,25.02594,121.50651,6
500113008,20231117,446,43,36,1,25.02594,121.50651,6
500113008,20231117,447,43,36,1,25.02594,121.50651,6
500113008,20231117,448,43,36,1,25.02594,121.50651,6
500113008,20231117,449,43,36,1,25.02594,121.50651,6
500113008,20231117,451,43,37,1,25.02594,121.50651,5
500113008,20231117,452,43,37,1,25.02594,121.50651,5
500113008,20231117,453,43,37,1,25.02594,121.50651,5
500113008,20231117,454,43,37,1,25.02594,121.50651,5
500113008,20231117,455,43,37,1,25.02594,121.50651,5
500113008,20231117,456,43,38,1,25.02594,121.50651,4
500113008,20231117,457,43,38,1,25.02594,121.50651,4
500113008,20231117,458,43,39,1,25.02594,121.50651,3
500113008,20231117,459,43,39,1,25.02594,121.50651,3
500113008,20231117,460,43,38,1,25.02594,121.50651,4
500113008,20231117,461,43,38,1,25.02594,121.50651,4
500113008,20231117,462,43,39,1,25.02594,121.50651,3
500113008,20231117,463,43,38,1,25.02594,121.50651,4
500113008,20231117,464,43,38,1,25.02594,121.50651,4
500113008,20231117,465,43,38,1,25.02594,121.50651,4
500113008,20231117,466,43,38,1,25.02594,121.50651,4
500113008,20231117,467,43,38,1,25.02594,121.50651,4
500113008,20231117,468,43,38,1,25.02594,121.50651,4
500113008,20231117,469,43,38,1,25.02594,121.50651,4
500113008,20231117,470,43,39,1,25.02594,121.50651,3
500113008,20231117,471,43,39,1,25.02594,121.50651,3
500113008,20231117,472,43,39,1,25.02594,121.50651,3
500113008,20231117,473,43,39,1,25.02594,121.50651,3
500113008,20231117,474,43,39,1,25.02594,121.50651,3
500113008,20231117,476,43,40,1,25.02594,121.50651,2
500113008,20231117,478,43,40,1,25.02594,121.50651,2
500113008,20231117,479,43,40,1,25.02594,121.50651,2
500113008,20231117,481,43,39,1,25.02594,121.50651,3
500113008,20231117,482,43,38,1,25.02594,121.50651,4
500113008,20231117,483,43,38,1,25.02594,121.50651,4
500113008,20231117,484,43,37,1,25.02594,121.50651,5
500113008,20231117,485,43,38,1,25.02594,121.50651,4
500113008,20231117,486,43,39,1,25.02594,121.50651,3
500113008,20231117,487,43,40,1,25.02594,121.50651,2
500113008,20231117,488,43,40,1,25.02594,121.50651,2
500113008,20231117,489,43,40,1,25.02594,121.50651,2
500113008,20231117,491,43,41,1,25.02594,121.50651,1
500113008,20231117,492,43,41,1,25.02594,121.50651,1
500113008,20231117,493,43,41,1,25.02594,121.50651,1
500113008,20231117,494,43,41,1,25.02594,121.50651,1
500113008,20231117,495,43,42,1,25.02594,121.50651,0
500113008,20231117,496,43,42,1,25.02594,121.50651,0
500113008,20231117,497,43,42,1,25.02594,121.50651,0
500113008,20231117,498,43,42,1,25.02594,121.50651,0
500113008,20231117,499,43,42,1,25.02594,121.50651,0
500113008,20231117,501,43,42,1,25.02594,121.50651,0
500113008,20231117,502,43,42,1,25.02594,121.50651,0
500113008,20231117,503,43,42,1,25.02594,121.50651,0
500113008,20231117,504,43,42,1,25.02594,121.50651,0
500113008,20231117,505,43,42,1,25.02594,121.50651,0
500113008,20231117,506,43,42,1,25.02594,121.50651,0
500113008,20231117,507,43,42,1,25.02594,121.50651,0
500113008,20231117,508,43,42,1,25.02594,121.50651,0
500113008,20231117,509,43,42,1,25.02594,121.50651,0
500113008,20231117,511,43,42,1,25.02594,121.50651,0
500113008,20231117,512,43,42,1,25.02594,121.50651,0
500113008,20231117,513,43,42,1,25.02594,121.50651,0
500113008,20231117,514,43,42,1,25.02594,121.50651,0
500113008,20231117,515,43,41,1,25.02594,121.50651,1
500113008,20231117,516,43,42,1,25.02594,121.50651,0
500113008,20231117,517,43,42,1,25.02594,121.50651,0
500113008,20231117,518,43,42,1,25.02594,121.50651,0
500113008,20231117,519,43,41,1,25.02594,121.50651,1
500113008,20231117,520,43,41,1,25.02594,121.50651,1
500113008,20231117,521,43,41,1,25.02594,121.50651,1
500113008,20231117,522,43,41,1,25.02594,121.50651,1
500113008,20231117,523,43,41,1,25.02594,121.50651,1
500113008,20231117,524,43,41,1,25.02594,121.50651,1
500113008,20231117,525,43,41,1,25.02594,121.50651,1
500113008,20231117,526,43,41,1,25.02594,121.50651,1
500113008,20231117,527,43,41,1,25.02594,121.50651,1
500113008,20231117,528,43,41,1,25.02594,121.50651,1
500113008,20231117,529,43,41,1,25.02594,121.50651,1
500113008,20231117,531,43,41,1,25.02594,121.50651,1
500113008,20231117,532,43,41,1,25.02594,121.50651,1
500113008,20231117,533,43,40,1,25.02594,121.50651,2
500113008,20231117,534,43,40,1,25.02594,121.50651,2
500113008,20231117,535,43,40,1,25.02594,121.50651,2
500113008,20231117,536,43,39,1,25.02594,121.50651,3
500113008,20231117,537,43,39,1,25.02594,121.50651,3
500113008,20231117,538,43,40,1,25.02594,121.50651,2
500113008,20231117,539,43,39,1,25.02594,121.50651,3
500113008,20231117,541,43,40,1,25.02594,121.50651,2
500113008,20231117,542,43,41,1,25.02594,121.50651,1
500113008,20231117,543,43,42,1,25.02594,121.50651,0
500113008,20231117,544,43,41,1,25.02594,121.50651,1
500113008,20231117,545,43,42,1,25.02594,121.50651,0
500113008,20231117,546,43,42,1,25.02594,121.50651,0
500113008,20231117,547,43,42,1,25.02594,121.50651,0
500113008,20231117,548,43,42,1,25.02594,121.50651,0
500113008,20231117,549,43,42,1,25.02594,121.50651,0
500113008,20231117,550,43,42,1,25.02594,121.50651,0
500113008,20231117,551,43,42,1,25.02594,121.50651,0
500113008,20231117,552,43,42,1,25.02594,121.50651,0
500113008,20231117,553,43,42,1,25.02594,121.50651,0
500113008,20231117,554,43,42,1,25.02594,121.50651,0
500113008,20231117,555,43,42,1,25.02594,121.50651,0
500113008,20231117,556,43,42,1,25.02594,121.50651,0
500113008,20231117,557,43,42,1,25.02594,121.50651,0
500113008,20231117,558,43,42,1,25.02594,121.50651,0
500113008,20231117,559,43,41,1,25.02594,121.50651,1
500113008,20231117,561,43,42,1,25.02594,121.50651,0
500113008,20231117,562,43,42,1,25.02594,121.50651,0
500113008,20231117,563,43,42,1,25.02594,121.50651,0
500113008,20231117,564,43,42,1,25.02594,121.50651,0
500113008,20231117,565,43,42,1,25.02594,121.50651,0
500113008,20231117,566,43,42,1,25.02594,121.50651,0
500113008,20231117,567,43,42,1,25.02594,121.50651,0
500113008,20231117,568,43,42,1,25.02594,121.50651,0
500113008,20231117,569,43,42,1,25.02594,121.50651,0
500113008,20231117,571,43,42,1,25.02594,121.50651,0
500113008,20231117,572,43,42,1,25.02594,121.50651,0
500113008,20231117,573,43,42,1,25.02594,121.50651,0
500113008,20231117,574,43,42,1,25.02594,121.50651,0
500113008,20231117,575,43,42,1,25.02594,121.50651,0
500113008,20231117,576,43,42,1,25.02594,121.50651,0
500113008,20231117,577,43,42,1,25.02594,121.50651,0
500113008,20231117,578,43,42,1,25.02594,121.50651,0
500113008,20231117,579,43,42,1,25.02594,121.50651,0
500113008,20231117,580,43,42,1,25.02594,121.50651,0
500113008,20231117,581,43,42,1,25.02594,121.50651,0
500113008,20231117,582,43,41,1,25.02594,121.50651,1
500113008,20231117,583,43,41,1,25.02594,121.50651,1
500113008,20231117,584,43,41,1,25.02594,121.50651,1
500113008,20231117,585,43,41,1,25.02594,121.50651,1
500113008,20231117,586,43,41,1,25.02594,121.50651,1
500113008,20231117,587,43,40,1,25.02594,121.50651,2
500113008,20231117,588,43,40,1,25.02594,121.50651,2
500113008,20231117,589,43,41,1,25.02594,121.50651,1
500113008,20231117,590,43,41,1,25.02594,121.50651,1
500113008,20231117,591,43,41,1,25.02594,121.50651,1
500113008,20231117,592,43,41,1,25.02594,121.50651,1
500113008,20231117,593,43,42,1,25.02594,121.50651,0
500113008,20231117,594,43,42,1,25.02594,121.50651,0
500113008,20231117,595,43,42,1,25.02594,121.50651,0
500113008,20231117,596,43,42,1,25.02594,121.50651,0
500113008,20231117,597,43,42,1,25.02594,121.50651,0
500113008,20231117,598,43,42,1,25.02594,121.50651,0
500113008,20231117,599,43,42,1,25.02594,121.50651,0
500113008,20231117,601,43,42,1,25.02594,121.50651,0
500113008,20231117,602,43,42,1,25.02594,121.50651,0
500113008,20231117,603,43,42,1,25.02594,121.50651,0
500113008,20231117,604,43,42,1,25.02594,121.50651,0
500113008,20231117,605,43,42,1,25.02594,121.50651,0
500113008,20231117,606,43,42,1,25.02594,121.50651,0
500113008,20231117,607,43,42,1,25.02594,121.50651,0
500113008,20231117,608,43,42,1,25.02594,121.50651,0
500113008,20231117,609,43,41,1,25.02594,121.50651,1
500113008,20231117,610,43,41,1,25.02594,121.50651,1
500113008,20231117,611,43,41,1,25.02594,121.50651,1
500113008,20231117,612,43,41,1,25.02594,121.50651,1
500113008,20231117,613,43,41,1,25.02594,121.50651,1
500113008,20231117,614,43,42,1,25.02594,121.50651,0
500113008,20231117,615,43,42,1,25.02594,121.50651,0
500113008,20231117,616,43,42,1,25.02594,121.50651,0
500113008,20231117,617,43,42,1,25.02594,121.50651,0
500113008,20231117,618,43,42,1,25.02594,121.50651,0
500113008,20231117,619,43,42,1,25.02594,121.50651,0
500113008,20231117,621,43,42,1,25.02594,121.50651,0
500113008,20231117,622,43,42,1,25.02594,121.50651,0
500113008,20231117,623,43,42,1,25.02594,121.50651,0
500113008,20231117,624,43,42,1,25.02594,121.50651,0
500113008,20231117,625,43,42,1,25.02594,121.50651,0
500113008,20231117,626,43,42,1,25.02594,121.50651,0
500113008,20231117,627,43,42,1,25.02594,121.50651,0
500113008,20231117,628,43,42,1,25.02594,121.50651,0
500113008,20231117,629,43,42,1,25.02594,121.50651,0
500113008,20231117,631,43,42,1,25.02594,121.50651,0
500113008,20231117,632,43,42,1,25.02594,121.50651,0
500113008,20231117,633,43,42,1,25.02594,121.50651,0
500113008,20231117,634,43,42,1,25.02594,121.50651,0
500113008,20231117,635,43,42,1,25.02594,121.50651,0
500113008,20231117,636,43,41,1,25.02594,121.50651,1
500113008,20231117,637,43,41,1,25.02594,121.50651,1
500113008,20231117,638,43,41,1,25.02594,121.50651,1
500113008,20231117,639,43,41,1,25.02594,121.50651,1
500113008,20231117,640,43,41,1,25.02594,121.50651,1
500113008,20231117,641,43,41,1,25.02594,121.50651,1
500113008,20231117,642,43,42,1,25.02594,121.50651,0
500113008,20231117,643,43,42,1,25.02594,121.50651,0
500113008,20231117,644,43,42,1,25.02594,121.50651,0
500113008,20231117,645,43,42,1,25.02594,121.50651,0
500113008,20231117,646,43,42,1,25.02594,121.50651,0
500113008,20231117,647,43,42,1,25.02594,121.50651,0
500113008,20231117,648,43,42,1,25.02594,121.50651,0
500113008,20231117,649,43,41,1,25.02594,121.50651,1
500113008,20231117,650,43,42,1,25.02594,121.50651,0
500113008,20231117,651,43,42,1,25.02594,121.50651,0
500113008,20231117,652,43,42,1,25.02594,121.50651,0
500113008,20231117,653,43,42,1,25.02594,121.50651,0
500113008,20231117,654,43,42,1,25.02594,121.50651,0
500113008,20231117,655,43,42,1,25.02594,121.50651,0
500113008,20231117,656,43,42,1,25.02594,121.50651,0
500113008,20231117,657,43,42,1,25.02594,121.50651,0
500113008,20231117,658,43,42,1,25.02594,121.50651,0
500113008,20231117,659,43,42,1,25.02594,121.50651,0
500113008,20231117,661,43,42,1,25.02594,121.50651,0
500113008,20231117,662,43,42,1,25.02594,121.50651,0
500113008,20231117,663,43,42,1,25.02594,121.50651,0
500113008,20231117,664,43,42,1,25.02594,121.50651,0
500113008,20231117,665,43,42,1,25.02594,121.50651,0
500113008,20231117,666,43,42,1,25.02594,121.50651,0
500113008,20231117,667,43,41,1,25.02594,121.50651,1
500113008,20231117,668,43,41,1,25.02594,121.50651,1
500113008,20231117,669,43,41,1,25.02594,121.50651,1
500113008,20231117,670,43,41,1,25.02594,121.50651,1
500113008,20231117,671,43,41,1,25.02594,121.50651,1
500113008,20231117,672,43,41,1,25.02594,121.50651,1
500113008,20231117,673,43,41,1,25.02594,121.50651,1
500113008,20231117,674,43,41,1,25.02594,121.50651,1
500113008,20231117,675,43,41,1,25.02594,121.50651,1
500113008,20231117,676,43,42,1,25.02594,121.50651,0
500113008,20231117,677,43,42,1,25.02594,121.50651,0
500113008,20231117,678,43,42,1,25.02594,121.50651,0
500113008,20231117,679,43,42,1,25.02594,121.50651,0
500113008,20231117,681,43,42,1,25.02594,121.50651,0
500113008,20231117,682,43,42,1,25.02594,121.50651,0
500113008,20231117,683,43,42,1,25.02594,121.50651,0
500113008,20231117,684,43,42,1,25.02594,121.50651,0
500113008,20231117,685,43,42,1,25.02594,121.50651,0
500113008,20231117,686,43,42,1,25.02594,121.50651,0
500113008,20231117,687,43,42,1,25.02594,121.50651,0
500113008,20231117,688,43,42,1,25.02594,121.50651,0
500113008,20231117,689,43,42,1,25.02594,121.50651,0
500113008,20231117,691,43,41,1,25.02594,121.50651,1
500113008,20231117,692,43,40,1,25.02594,121.50651,2
500113008,20231117,693,43,40,1,25.02594,121.50651,2
500113008,20231117,694,43,41,1,25.02594,121.50651,1
500113008,20231117,695,43,41,1,25.02594,121.50651,1
500113008,20231117,696,43,42,1,25.02594,121.50651,0
500113008,20231117,697,43,42,1,25.02594,121.50651,0
500113008,20231117,698,43,42,1,25.02594,121.50651,0
500113008,20231117,699,43,42,1,25.02594,121.50651,0
500113008,20231117,700,43,42,1,25.02594,121.50651,0
500113008,20231117,701,43,41,1,25.02594,121.50651,1
500113008,20231117,702,43,41,1,25.02594,121.50651,1
500113008,20231117,703,43,41,1,25.02594,121.50651,1
500113008,20231117,704,43,39,1,25.02594,121.50651,3
500113008,20231117,705,43,38,1,25.02594,121.50651,4
500113008,20231117,706,43,38,1,25.02594,121.50651,4
500113008,20231117,707,43,38,1,25.02594,121.50651,4
500113008,20231117,708,43,38,1,25.02594,121.50651,4
500113008,20231117,709,43,38,1,25.02594,121.50651,4
500113008,20231117,710,43,38,1,25.02594,121.50651,4
500113008,20231117,712,43,40,1,25.02594,121.50651,2
500113008,20231117,713,43,40,1,25.02594,121.50651,2
500113008,20231117,714,43,40,1,25.02594,121.50651,2
500113008,20231117,715,43,40,1,25.02594,121.50651,2
500113008,20231117,716,43,39,1,25.02594,121.50651,3
500113008,20231117,717,43,39,1,25.02594,121.50651,3
500113008,20231117,718,43,39,1,25.02594,121.50651,3
500113008,20231117,719,43,39,1,25.02594,121.50651,3
500113008,20231117,721,43,39,1,25.02594,121.50651,3
500113008,20231117,722,43,39,1,25.02594,121.50651,3
500113008,20231117,723,43,39,1,25.02594,121.50651,3
500113008,20231117,724,43,39,1,25.02594,121.50651,3
500113008,20231117,725,43,39,1,25.02594,121.50651,3
500113008,20231117,726,43,40,1,25.02594,121.50651,2
500113008,20231117,727,43,40,1,25.02594,121.50651,2
500113008,20231117,728,43,40,1,25.02594,121.50651,2
500113008,20231117,729,43,41,1,25.02594,121.50651,1
500113008,20231117,731,43,42,1,25.02594,121.50651,0
500113008,20231117,732,43,42,1,25.02594,121.50651,0
500113008,20231117,733,43,42,1,25.02594,121.50651,0
500113008,20231117,734,43,42,1,25.02594,121.50651,0
500113008,20231117,735,43,42,1,25.02594,121.50651,0
500113008,20231117,736,43,42,1,25.02594,121.50651,0
500113008,20231117,737,43,42,1,25.02594,121.50651,0
500113008,20231117,738,43,42,1,25.02594,121.50651,0
500113008,20231117,739,43,42,1,25.02594,121.50651,0
500113008,20231117,741,43,42,1,25.02594,121.50651,0
500113008,20231117,742,43,42,1,25.02594,121.50651,0
500113008,20231117,743,43,42,1,25.02594,121.50651,0
500113008,20231117,744,43,42,1,25.02594,121.50651,0
500113008,20231117,745,43,42,1,25.02594,121.50651,0
500113008,20231117,746,43,42,1,25.02594,121.50651,0
500113008,20231117,747,43,42,1,25.02594,121.50651,0
500113008,20231117,748,43,42,1,25.02594,121.50651,0
500113008,20231117,749,43,42,1,25.02594,121.50651,0
500113008,20231117,751,43,42,1,25.02594,121.50651,0
500113008,20231117,752,43,41,1,25.02594,121.50651,1
500113008,20231117,753,43,41,1,25.02594,121.50651,1
500113008,20231117,754,43,42,1,25.02594,121.50651,0
500113008,20231117,755,43,42,1,25.02594,121.50651,0
500113008,20231117,756,43,42,1,25.02594,121.50651,0
500113008,20231117,757,43,42,1,25.02594,121.50651,0
500113008,20231117,758,43,42,1,25.02594,121.50651,0
500113008,20231117,759,43,41,1,25.02594,121.50651,1
500113008,20231117,761,43,41,1,25.02594,121.50651,1
500113008,20231117,762,43,41,1,25.02594,121.50651,1
500113008,20231117,763,43,41,1,25.02594,121.50651,1
500113008,20231117,764,43,41,1,25.02594,121.50651,1
500113008,20231117,765,43,42,1,25.02594,121.50651,0
500113008,20231117,766,43,42,1,25.02594,121.50651,0
500113008,20231117,767,43,42,1,25.02594,121.50651,0
500113008,20231117,768,43,42,1,25.02594,121.50651,0
500113008,20231117,769,43,42,1,25.02594,121.50651,0
500113008,20231117,770,43,42,1,25.02594,121.50651,0
500113008,20231117,771,43,42,1,25.02594,121.50651,0
500113008,20231117,772,43,42,1,25.02594,121.50651,0
500113008,20231117,773,43,42,1,25.02594,121.50651,0
500113008,20231117,774,43,42,1,25.02594,121.50651,0
500113008,20231117,775,43,42,1,25.02594,121.50651,0
500113008,20231117,776,43,42,1,25.02594,121.50651,0
500113008,20231117,777,43,42,1,25.02594,121.50651,0
500113008,20231117,778,43,42,1,25.02594,121.50651,0
500113008,20231117,779,43,42,1,25.02594,121.50651,0
500113008,20231117,781,43,42,1,25.02594,121.50651,0
500113008,20231117,782,43,42,1,25.02594,121.50651,0
500113008,20231117,783,43,42,1,25.02594,121.50651,0
500113008,20231117,784,43,42,1,25.02594,121.50651,0
500113008,20231117,785,43,42,1,25.02594,121.50651,0
500113008,20231117,786,43,42,1,25.02594,121.50651,0
500113008,20231117,787,43,41,1,25.02594,121.50651,1
500113008,20231117,788,43,41,1,25.02594,121.50651,1
500113008,20231117,789,43,41,1,25.02594,121.50651,1
500113008,20231117,790,43,41,1,25.02594,121.50651,1
500113008,20231117,791,43,41,1,25.02594,121.50651,1
500113008,20231117,792,43,41,1,25.02594,121.50651,1
500113008,20231117,793,43,41,1,25.02594,121.50651,1
500113008,20231117,794,43,41,1,25.02594,121.50651,1
500113008,20231117,795,43,41,1,25.02594,121.50651,1
500113008,20231117,796,43,41,1,25.02594,121.50651,1
500113008,20231117,797,43,41,1,25.02594,121.50651,1
500113008,20231117,798,43,41,1,25.02594,121.50651,1
500113008,20231117,799,43,41,1,25.02594,121.50651,1
500113008,20231117,801,43,41,1,25.02594,121.50651,1
500113008,20231117,802,43,41,1,25.02594,121.50651,1
500113008,20231117,803,43,41,1,25.02594,121.50651,1
500113008,20231117,804,43,41,1,25.02594,121.50651,1
500113008,20231117,805,43,42,1,25.02594,121.50651,1
500113008,20231117,806,43,42,1,25.02594,121.50651,1
500113008,20231117,807,43,41,1,25.02594,121.50651,2
500113008,20231117,808,43,41,1,25.02594,121.50651,2
500113008,20231117,809,43,41,1,25.02594,121.50651,2
500113008,20231117,810,43,41,1,25.02594,121.50651,2
500113008,20231117,811,43,41,1,25.02594,121.50651,2
500113008,20231117,812,43,41,1,25.02594,121.50651,2
500113008,20231117,813,43,41,1,25.02594,121.50651,2
500113008,20231117,814,43,41,1,25.02594,121.50651,2
500113008,20231117,815,43,41,1,25.02594,121.50651,2
500113008,20231117,816,43,41,1,25.02594,121.50651,2
500113008,20231117,817,43,41,1,25.02594,121.50651,2
500113008,20231117,818,43,41,1,25.02594,121.50651,2
500113008,20231117,819,43,41,1,25.02594,121.50651,2
500113008,20231117,820,43,41,1,25.02594,121.50651,2
500113008,20231117,821,43,40,1,25.02594,121.50651,3
500113008,20231117,822,43,40,1,25.02594,121.50651,3
500113008,20231117,823,43,40,1,25.02594,121.50651,3
500113008,20231117,824,43,40,1,25.02594,121.50651,3
500113008,20231117,825,43,40,1,25.02594,121.50651,3
500113008,20231117,826,43,40,1,25.02594,121.50651,3
500113008,20231117,827,43,40,1,25.02594,121.50651,3
500113008,20231117,828,43,41,1,25.02594,121.50651,2
500113008,20231117,829,43,41,1,25.02594,121.50651,2
500113008,20231117,830,43,41,1,25.02594,121.50651,2
500113008,20231117,831,43,41,1,25.02594,121.50651,2
500113008,20231117,832,43,41,1,25.02594,121.50651,2
500113008,20231117,833,43,41,1,25.02594,121.50651,2
500113008,20231117,834,43,41,1,25.02594,121.50651,2
500113008,20231117,835,43,41,1,25.02594,121.50651,2
500113008,20231117,836,43,40,1,25.02594,121.50651,3
500113008,20231117,837,43,40,1,25.02594,121.50651,3
500113008,20231117,838,43,40,1,25.02594,121.50651,3
500113008,20231117,839,43,41,1,25.02594,121.50651,2
500113008,20231117,841,43,42,1,25.02594,121.50651,1
500113008,20231117,842,43,43,1,25.02594,121.50651,0
500113008,20231117,843,43,43,1,25.02594,121.50651,0
500113008,20231117,844,43,43,1,25.02594,121.50651,0
500113008,20231117,845,43,43,1,25.02594,121.50651,0
500113008,20231117,846,43,43,1,25.02594,121.50651,0
500113008,20231117,847,43,43,1,25.02594,121.50651,0
500113008,20231117,848,43,43,1,25.02594,121.50651,0
500113008,20231117,849,43,43,1,25.02594,121.50651,0
500113008,20231117,850,43,43,1,25.02594,121.50651,0
500113008,20231117,851,43,43,1,25.02594,121.50651,0
500113008,20231117,852,43,43,1,25.02594,121.50651,0
500113008,20231117,853,43,42,1,25.02594,121.50651,1
500113008,20231117,854,43,42,1,25.02594,121.50651,1
500113008,20231117,855,43,42,1,25.02594,121.50651,1
500113008,20231117,856,43,42,1,25.02594,121.50651,1
500113008,20231117,857,43,42,1,25.02594,121.50651,1
500113008,20231117,858,43,42,1,25.02594,121.50651,1
500113008,20231117,859,43,40,1,25.02594,121.50651,3
500113008,20231117,861,43,40,1,25.02594,121.50651,3
500113008,20231117,862,43,42,1,25.02594,121.50651,1
500113008,20231117,863,43,42,1,25.02594,121.50651,1
500113008,20231117,864,43,42,1,25.02594,121.50651,1
500113008,20231117,865,43,42,1,25.02594,121.50651,1
500113008,20231117,866,43,41,1,25.02594,121.50651,2
500113008,20231117,867,43,41,1,25.02594,121.50651,2
500113008,20231117,868,43,41,1,25.02594,121.50651,2
500113008,20231117,869,43,41,1,25.02594,121.50651,2
500113008,20231117,871,43,41,1,25.02594,121.50651,2
500113008,20231117,872,43,41,1,25.02594,121.50651,2
500113008,20231117,873,43,40,1,25.02594,121.50651,3
500113008,20231117,874,43,40,1,25.02594,121.50651,3
500113008,20231117,875,43,40,1,25.02594,121.50651,3
500113008,20231117,876,43,40,1,25.02594,121.50651,3
500113008,20231117,877,43,40,1,25.02594,121.50651,3
500113008,20231117,878,43,40,1,25.02594,121.50651,3
500113008,20231117,879,43,40,1,25.02594,121.50651,3
500113008,20231117,880,43,40,1,25.02594,121.50651,3
500113008,20231117,881,43,40,1,25.02594,121.50651,3
500113008,20231117,882,43,40,1,25.02594,121.50651,3
500113008,20231117,883,43,40,1,25.02594,121.50651,3
500113008,20231117,884,43,40,1,25.02594,121.50651,3
500113008,20231117,885,43,40,1,25.02594,121.50651,3
500113008,20231117,886,43,39,1,25.02594,121.50651,4
500113008,20231117,887,43,39,1,25.02594,121.50651,4
500113008,20231117,888,43,39,1,25.02594,121.50651,4
500113008,20231117,889,43,39,1,25.02594,121.50651,4
500113008,20231117,890,43,39,1,25.02594,121.50651,4
500113008,20231117,891,43,39,1,25.02594,121.50651,4
500113008,20231117,892,43,39,1,25.02594,121.50651,4
500113008,20231117,893,43,39,1,25.02594,121.50651,4
500113008,20231117,894,43,39,1,25.02594,121.50651,4
500113008,20231117,895,43,39,1,25.02594,121.50651,4
500113008,20231117,896,43,40,1,25.02594,121.50651,3
500113008,20231117,897,43,40,1,25.02594,121.50651,3
500113008,20231117,898,43,40,1,25.02594,121.50651,3
500113008,20231117,899,43,41,1,25.02594,121.50651,2
500113008,20231117,901,43,41,1,25.02594,121.50651,2
500113008,20231117,902,43,41,1,25.02594,121.50651,2
500113008,20231117,903,43,41,1,25.02594,121.50651,2
500113008,20231117,904,43,41,1,25.02594,121.50651,2
500113008,20231117,905,43,41,1,25.02594,121.50651,2
500113008,20231117,906,43,41,1,25.02594,121.50651,2
500113008,20231117,907,43,41,1,25.02594,121.50651,2
500113008,20231117,908,43,41,1,25.02594,121.50651,2
500113008,20231117,909,43,41,1,25.02594,121.50651,2
500113008,20231117,910,43,42,1,25.02594,121.50651,1
500113008,20231117,911,43,43,1,25.02594,121.50651,0
500113008,20231117,912,43,43,1,25.02594,121.50651,0
500113008,20231117,913,43,43,1,25.02594,121.50651,0
500113008,20231117,914,43,43,1,25.02594,121.50651,0
500113008,20231117,915,43,43,1,25.02594,121.50651,0
500113008,20231117,916,43,43,1,25.02594,121.50651,0
500113008,20231117,917,43,43,1,25.02594,121.50651,0
500113008,20231117,918,43,43,1,25.02594,121.50651,0
500113008,20231117,919,43,43,1,25.02594,121.50651,0
500113008,20231117,921,43,43,1,25.02594,121.50651,0
500113008,20231117,922,43,43,1,25.02594,121.50651,0
500113008,20231117,923,43,43,1,25.02594,121.50651,0
500113008,20231117,924,43,43,1,25.02594,121.50651,0
500113008,20231117,926,43,43,1,25.02594,121.50651,0
500113008,20231117,927,43,43,1,25.02594,121.50651,0
500113008,20231117,928,43,43,1,25.02594,121.50651,0
500113008,20231117,929,43,43,1,25.02594,121.50651,0
500113008,20231117,931,43,42,1,25.02594,121.50651,1
500113008,20231117,932,43,42,1,25.02594,121.50651,1
500113008,20231117,933,43,41,1,25.02594,121.50651,2
500113008,20231117,934,43,41,1,25.02594,121.50651,2
500113008,20231117,935,43,41,1,25.02594,121.50651,2
500113008,20231117,936,43,41,1,25.02594,121.50651,2
500113008,20231117,937,43,41,1,25.02594,121.50651,2
500113008,20231117,938,43,41,1,25.02594,121.50651,2
500113008,20231117,939,43,41,1,25.02594,121.50651,2
500113008,20231117,941,43,42,1,25.02594,121.50651,1
500113008,20231117,942,43,42,1,25.02594,121.50651,1
500113008,20231117,943,43,43,1,25.02594,121.50651,0
500113008,20231117,944,43,43,1,25.02594,121.50651,0
500113008,20231117,945,43,43,1,25.02594,121.50651,0
500113008,20231117,946,43,43,1,25.02594,121.50651,0
500113008,20231117,947,43,42,1,25.02594,121.50651,1
500113008,20231117,948,43,42,1,25.02594,121.50651,1
500113008,20231117,949,43,42,1,25.02594,121.50651,1
500113008,20231117,951,43,41,1,25.02594,121.50651,2
500113008,20231117,952,43,42,1,25.02594,121.50651,1
500113008,20231117,953,43,42,1,25.02594,121.50651,1
500113008,20231117,954,43,42,1,25.02594,121.50651,1
500113008,20231117,955,43,42,1,25.02594,121.50651,1
500113008,20231117,956,43,43,1,25.02594,121.50651,0
500113008,20231117,957,43,43,1,25.02594,121.50651,0
500113008,20231117,958,43,42,1,25.02594,121.50651,1
500113008,20231117,959,43,42,1,25.02594,121.50651,1
500113008,20231117,961,43,42,1,25.02594,121.50651,1
500113008,20231117,962,43,42,1,25.02594,121.50651,1
500113008,20231117,963,43,42,1,25.02594,121.50651,1
500113008,20231117,964,43,42,1,25.02594,121.50651,1
500113008,20231117,965,43,42,1,25.02594,121.50651,1
500113008,20231117,966,43,42,1,25.02594,121.50651,1
500113008,20231117,967,43,41,1,25.02594,121.50651,2
500113008,20231117,968,43,42,1,25.02594,121.50651,1
500113008,20231117,969,43,42,1,25.02594,121.50651,1
500113008,20231117,971,43,42,1,25.02594,121.50651,1
500113008,20231117,972,43,42,1,25.02594,121.50651,1
500113008,20231117,973,43,42,1,25.02594,121.50651,1
500113008,20231117,974,43,42,1,25.02594,121.50651,1
500113008,20231117,975,43,43,1,25.02594,121.50651,0
500113008,20231117,976,43,43,1,25.02594,121.50651,0
500113008,20231117,977,43,42,1,25.02594,121.50651,1
500113008,20231117,978,43,42,1,25.02594,121.50651,1
500113008,20231117,979,43,43,1,25.02594,121.50651,0
500113008,20231117,981,43,43,1,25.02594,121.50651,0
500113008,20231117,982,43,42,1,25.02594,121.50651,1
500113008,20231117,983,43,41,1,25.02594,121.50651,2
500113008,20231117,984,43,41,1,25.02594,121.50651,2
500113008,20231117,985,43,40,1,25.02594,121.50651,3
500113008,20231117,986,43,41,1,25.02594,121.50651,2
500113008,20231117,987,43,41,1,25.02594,121.50651,2
500113008,20231117,988,43,41,1,25.02594,121.50651,2
500113008,20231117,989,43,41,1,25.02594,121.50651,2
500113008,20231117,991,43,42,1,25.02594,121.50651,1
500113008,20231117,992,43,43,1,25.02594,121.50651,0
500113008,20231117,993,43,43,1,25.02594,121.50651,0
500113008,20231117,994,43,43,1,25.02594,121.50651,0
500113008,20231117,995,43,43,1,25.02594,121.50651,0
500113008,20231117,996,43,43,1,25.02594,121.50651,0
500113008,20231117,997,43,43,1,25.02594,121.50651,0
500113008,20231117,998,43,42,1,25.02594,121.50651,1
500113008,20231117,999,43,42,1,25.02594,121.50651,1
500113008,20231117,1001,43,41,1,25.02594,121.50651,2
500113008,20231117,1002,43,41,1,25.02594,121.50651,2
500113008,20231117,1003,43,41,1,25.02594,121.50651,2
500113008,20231117,1004,43,41,1,25.02594,121.50651,2
500113008,20231117,1005,43,41,1,25.02594,121.50651,2
500113008,20231117,1006,43,42,1,25.02594,121.50651,1
500113008,20231117,1007,43,42,1,25.02594,121.50651,1
500113008,20231117,1008,43,41,1,25.02594,121.50651,2
500113008,20231117,1009,43,41,1,25.02594,121.50651,2
500113008,20231117,1011,43,41,1,25.02594,121.50651,2
500113008,20231117,1012,43,41,1,25.02594,121.50651,2
500113008,20231117,1013,43,41,1,25.02594,121.50651,2
500113008,20231117,1014,43,41,1,25.02594,121.50651,2
500113008,20231117,1015,43,41,1,25.02594,121.50651,2
500113008,20231117,1016,43,41,1,25.02594,121.50651,2
500113008,20231117,1017,43,40,1,25.02594,121.50651,3
500113008,20231117,1018,43,40,1,25.02594,121.50651,3
500113008,20231117,1019,43,40,1,25.02594,121.50651,3
500113008,20231117,1021,43,40,1,25.02594,121.50651,3
500113008,20231117,1022,43,40,1,25.02594,121.50651,3
500113008,20231117,1023,43,40,1,25.02594,121.50651,3
500113008,20231117,1024,43,40,1,25.02594,121.50651,3
500113008,20231117,1025,43,41,1,25.02594,121.50651,2
500113008,20231117,1026,43,41,1,25.02594,121.50651,2
500113008,20231117,1027,43,41,1,25.02594,121.50651,2
500113008,20231117,1028,43,39,1,25.02594,121.50651,4
500113008,20231117,1029,43,38,1,25.02594,121.50651,5
500113008,20231117,1031,43,38,1,25.02594,121.50651,5
500113008,20231117,1032,43,38,1,25.02594,121.50651,5
500113008,20231117,1033,43,38,1,25.02594,121.50651,5
500113008,20231117,1034,43,38,1,25.02594,121.50651,5
500113008,20231117,1035,43,38,1,25.02594,121.50651,5
500113008,20231117,1036,43,38,1,25.02594,121.50651,5
500113008,20231117,1037,43,38,1,25.02594,121.50651,5
500113008,20231117,1038,43,38,1,25.02594,121.50651,5
500113008,20231117,1039,43,38,1,25.02594,121.50651,5
500113008,20231117,1041,43,38,1,25.02594,121.50651,5
500113008,20231117,1042,43,36,1,25.02594,121.50651,7
500113008,20231117,1043,43,36,1,25.02594,121.50651,7
500113008,20231117,1044,43,36,1,25.02594,121.50651,7
500113008,20231117,1045,43,35,1,25.02594,121.50651,8
500113008,20231117,1046,43,35,1,25.02594,121.50651,8
500113008,20231117,1047,43,33,1,25.02594,121.50651,10
500113008,20231117,1048,43,33,1,25.02594,121.50651,10
500113008,20231117,1049,43,33,1,25.02594,121.50651,10
500113008,20231117,1051,43,33,1,25.02594,121.50651,10
500113008,20231117,1052,43,33,1,25.02594,121.50651,10
500113008,20231117,1053,43,33,1,25.02594,121.50651,10
500113008,20231117,1054,43,33,1,25.02594,121.50651,10
500113008,20231117,1055,43,34,1,25.02594,121.50651,9
500113008,20231117,1056,43,34,1,25.02594,121.50651,9
500113008,20231117,1057,43,33,1,25.02594,121.50651,10
500113008,20231117,1058,43,33,1,25.02594,121.50651,10
500113008,20231117,1059,43,33,1,25.02594,121.50651,10
500113008,20231117,1060,43,33,1,25.02594,121.50651,10
500113008,20231117,1061,43,33,1,25.02594,121.50651,10
500113008,20231117,1062,43,33,1,25.02594,121.50651,10
500113008,20231117,1063,43,33,1,25.02594,121.50651,10
500113008,20231117,1064,43,33,1,25.02594,121.50651,10
500113008,20231117,1065,43,33,1,25.02594,121.50651,10
500113008,20231117,1066,43,33,1,25.02594,121.50651,10
500113008,20231117,1067,43,33,1,25.02594,121.50651,10
500113008,20231117,1068,43,33,1,25.02594,121.50651,10
500113008,20231117,1069,43,33,1,25.02594,121.50651,10
500113008,20231117,1070,43,34,1,25.02594,121.50651,9
500113008,20231117,1071,43,34,1,25.02594,121.50651,9
500113008,20231117,1072,43,35,1,25.02594,121.50651,8
500113008,20231117,1073,43,35,1,25.02594,121.50651,8
500113008,20231117,1074,43,35,1,25.02594,121.50651,8
500113008,20231117,1075,43,35,1,25.02594,121.50651,8
500113008,20231117,1076,43,35,1,25.02594,121.50651,8
500113008,20231117,1077,43,33,1,25.02594,121.50651,10
500113008,20231117,1078,43,34,1,25.02594,121.50651,9
500113008,20231117,1079,43,33,1,25.02594,121.50651,10
500113008,20231117,1081,43,33,1,25.02594,121.50651,10
500113008,20231117,1082,43,32,1,25.02594,121.50651,11
500113008,20231117,1083,43,32,1,25.02594,121.50651,11
500113008,20231117,1084,43,32,1,25.02594,121.50651,11
500113008,20231117,1085,43,32,1,25.02594,121.50651,11
500113008,20231117,1086,43,32,1,25.02594,121.50651,11
500113008,20231117,1087,43,31,1,25.02594,121.50651,12
500113008,20231117,1088,43,31,1,25.02594,121.50651,12
500113008,20231117,1089,43,31,1,25.02594,121.50651,12
500113008,20231117,1090,43,32,1,25.02594,121.50651,11
500113008,20231117,1091,43,32,1,25.02594,121.50651,11
500113008,20231117,1092,43,32,1,25.02594,121.50651,11
500113008,20231117,1093,43,32,1,25.02594,121.50651,11
500113008,20231117,1094,43,32,1,25.02594,121.50651,11
500113008,20231117,1095,43,32,1,25.02594,121.50651,11
500113008,20231117,1096,43,32,1,25.02594,121.50651,11
500113008,20231117,1097,43,32,1,25.02594,121.50651,11
500113008,20231117,1098,43,34,1,25.02594,121.50651,9
500113008,20231117,1099,43,33,1,25.02594,121.50651,10
500113008,20231117,1101,43,33,1,25.02594,121.50651,10
500113008,20231117,1102,43,33,1,25.02594,121.50651,10
500113008,20231117,1103,43,32,1,25.02594,121.50651,11
500113008,20231117,1104,43,32,1,25.02594,121.50651,11
500113008,20231117,1105,43,31,1,25.02594,121.50651,12
500113008,20231117,1106,43,31,1,25.02594,121.50651,12
500113008,20231117,1107,43,31,1,25.02594,121.50651,12
500113008,20231117,1108,43,31,1,25.02594,121.50651,12
500113008,20231117,1109,43,31,1,25.02594,121.50651,12
500113008,20231117,1111,43,29,1,25.02594,121.50651,14
500113008,20231117,1112,43,29,1,25.02594,121.50651,14
500113008,20231117,1113,43,28,1,25.02594,121.50651,15
500113008,20231117,1114,43,27,1,25.02594,121.50651,16
500113008,20231117,1115,43,27,1,25.02594,121.50651,16
500113008,20231117,1116,43,28,1,25.02594,121.50651,15
500113008,20231117,1117,43,27,1,25.02594,121.50651,16
500113008,20231117,1118,43,26,1,25.02594,121.50651,17
500113008,20231117,1119,43,26,1,25.02594,121.50651,17
500113008,20231117,1120,43,26,1,25.02594,121.50651,17
500113008,20231117,1121,43,26,1,25.02594,121.50651,17
500113008,20231117,1122,43,25,1,25.02594,121.50651,18
500113008,20231117,1123,43,26,1,25.02594,121.50651,17
500113008,20231117,1124,43,26,1,25.02594,121.50651,17
500113008,20231117,1125,43,26,1,25.02594,121.50651,17
500113008,20231117,1126,43,26,1,25.02594,121.50651,17
500113008,20231117,1127,43,26,1,25.02594,121.50651,17
500113008,20231117,1128,43,26,1,25.02594,121.50651,17
500113008,20231117,1129,43,26,1,25.02594,121.50651,17
500113008,20231117,1130,43,27,1,25.02594,121.50651,16
500113008,20231117,1131,43,27,1,25.02594,121.50651,16
500113008,20231117,1132,43,27,1,25.02594,121.50651,16
500113008,20231117,1133,43,27,1,25.02594,121.50651,16
500113008,20231117,1134,43,27,1,25.02594,121.50651,16
500113008,20231117,1135,43,27,1,25.02594,121.50651,16
500113008,20231117,1136,43,28,1,25.02594,121.50651,15
500113008,20231117,1137,43,28,1,25.02594,121.50651,15
500113008,20231117,1138,43,28,1,25.02594,121.50651,15
500113008,20231117,1139,43,28,1,25.02594,121.50651,15
500113008,20231117,1141,43,28,1,25.02594,121.50651,15
500113008,20231117,1142,43,28,1,25.02594,121.50651,15
500113008,20231117,1143,43,27,1,25.02594,121.50651,16
500113008,20231117,1144,43,27,1,25.02594,121.50651,16
500113008,20231117,1145,43,27,1,25.02594,121.50651,16
500113008,20231117,1146,43,27,1,25.02594,121.50651,16
500113008,20231117,1147,43,27,1,25.02594,121.50651,16
500113008,20231117,1148,43,27,1,25.02594,121.50651,16
500113008,20231117,1149,43,27,1,25.02594,121.50651,16
500113008,20231117,1150,43,26,1,25.02594,121.50651,17
500113008,20231117,1151,43,26,1,25.02594,121.50651,17
500113008,20231117,1152,43,25,1,25.02594,121.50651,18
500113008,20231117,1153,43,25,1,25.02594,121.50651,18
500113008,20231117,1154,43,25,1,25.02594,121.50651,18
500113008,20231117,1155,43,26,1,25.02594,121.50651,17
500113008,20231117,1156,43,25,1,25.02594,121.50651,18
500113008,20231117,1157,43,25,1,25.02594,121.50651,18
500113008,20231117,1158,43,25,1,25.02594,121.50651,18
500113008,20231117,1159,43,25,1,25.02594,121.50651,18
500113008,20231117,1161,43,25,1,25.02594,121.50651,18
500113008,20231117,1162,43,25,1,25.02594,121.50651,18
500113008,20231117,1163,43,25,1,25.02594,121.50651,18
500113008,20231117,1164,43,25,1,25.02594,121.50651,18
500113008,20231117,1165,43,24,1,25.02594,121.50651,19
500113008,20231117,1166,43,24,1,25.02594,121.50651,19
500113008,20231117,1167,43,24,1,25.02594,121.50651,19
500113008,20231117,1168,43,23,1,25.02594,121.50651,20
500113008,20231117,1169,43,25,1,25.02594,121.50651,18
500113008,20231117,1171,43,24,1,25.02594,121.50651,19
500113008,20231117,1172,43,24,1,25.02594,121.50651,19
500113008,20231117,1173,43,24,1,25.02594,121.50651,19
500113008,20231117,1174,43,24,1,25.02594,121.50651,19
500113008,20231117,1175,43,24,1,25.02594,121.50651,19
500113008,20231117,1176,43,24,1,25.02594,121.50651,19
500113008,20231117,1177,43,24,1,25.02594,121.50651,19
500113008,20231117,1178,43,24,1,25.02594,121.50651,19
500113008,20231117,1179,43,26,1,25.02594,121.50651,17
500113008,20231117,1180,43,27,1,25.02594,121.50651,16
500113008,20231117,1181,43,27,1,25.02594,121.50651,16
500113008,20231117,1182,43,27,1,25.02594,121.50651,16
500113008,20231117,1183,43,27,1,25.02594,121.50651,16
500113008,20231117,1184,43,27,1,25.02594,121.50651,16
500113008,20231117,1185,43,27,1,25.02594,121.50651,16
500113008,20231117,1186,43,29,1,25.02594,121.50651,14
500113008,20231117,1188,43,29,1,25.02594,121.50651,14
500113008,20231117,1189,43,29,1,25.02594,121.50651,14
500113008,20231117,1191,43,28,1,25.02594,121.50651,15
500113008,20231117,1192,43,29,1,25.02594,121.50651,14
500113008,20231117,1193,43,29,1,25.02594,121.50651,14
500113008,20231117,1194,43,29,1,25.02594,121.50651,14
500113008,20231117,1195,43,29,1,25.02594,121.50651,14
500113008,20231117,1196,43,29,1,25.02594,121.50651,14
500113008,20231117,1197,43,29,1,25.02594,121.50651,14
500113008,20231117,1198,43,30,1,25.02594,121.50651,13
500113008,20231117,1199,43,30,1,25.02594,121.50651,13
500113008,20231117,1201,43,31,1,25.02594,121.50651,12
500113008,20231117,1202,43,31,1,25.02594,121.50651,12
500113008,20231117,1203,43,31,1,25.02594,121.50651,12
500113008,20231117,1204,43,30,1,25.02594,121.50651,13
500113008,20231117,1205,43,30,1,25.02594,121.50651,13
500113008,20231117,1206,43,30,1,25.02594,121.50651,13
500113008,20231117,1207,43,30,1,25.02594,121.50651,13
500113008,20231117,1208,43,30,1,25.02594,121.50651,13
500113008,20231117,1209,43,29,1,25.02594,121.50651,14
500113008,20231117,1211,43,29,1,25.02594,121.50651,14
500113008,20231117,1212,43,29,1,25.02594,121.50651,14
500113008,20231117,1213,43,29,1,25.02594,121.50651,14
500113008,20231117,1214,43,29,1,25.02594,121.50651,14
500113008,20231117,1215,43,28,1,25.02594,121.50651,15
500113008,20231117,1216,43,28,1,25.02594,121.50651,15
500113008,20231117,1217,43,28,1,25.02594,121.50651,15
500113008,20231117,1218,43,24,1,25.02594,121.50651,19
500113008,20231117,1219,43,24,1,25.02594,121.50651,19
500113008,20231117,1221,43,24,1,25.02594,121.50651,19
500113008,20231117,1222,43,25,1,25.02594,121.50651,18
500113008,20231117,1223,43,25,1,25.02594,121.50651,18
500113008,20231117,1224,43,25,1,25.02594,121.50651,18
500113008,20231117,1225,43,25,1,25.02594,121.50651,18
500113008,20231117,1226,43,25,1,25.02594,121.50651,18
500113008,20231117,1227,43,25,1,25.02594,121.50651,18
500113008,20231117,1228,43,26,1,25.02594,121.50651,17
500113008,20231117,1229,43,26,1,25.02594,121.50651,17
500113008,20231117,1231,43,27,1,25.02594,121.50651,16
500113008,20231117,1232,43,27,1,25.02594,121.50651,16
500113008,20231117,1233,43,27,1,25.02594,121.50651,16
500113008,20231117,1234,43,27,1,25.02594,121.50651,16
500113008,20231117,1235,43,27,1,25.02594,121.50651,16
500113008,20231117,1236,43,27,1,25.02594,121.50651,16
500113008,20231117,1237,43,27,1,25.02594,121.50651,16
500113008,20231117,1238,43,27,1,25.02594,121.50651,16
500113008,20231117,1239,43,26,1,25.02594,121.50651,17
500113008,20231117,1241,43,26,1,25.02594,121.50651,17
500113008,20231117,1242,43,26,1,25.02594,121.50651,17
500113008,20231117,1243,43,26,1,25.02594,121.50651,17
500113008,20231117,1244,43,26,1,25.02594,121.50651,17
500113008,20231117,1245,43,26,1,25.02594,121.50651,17
500113008,20231117,1246,43,26,1,25.02594,121.50651,17
500113008,20231117,1247,43,26,1,25.02594,121.50651,17
500113008,20231117,1248,43,26,1,25.02594,121.50651,17
500113008,20231117,1249,43,27,1,25.02594,121.50651,16
500113008,20231117,1251,43,26,1,25.02594,121.50651,17
500113008,20231117,1252,43,26,1,25.02594,121.50651,17
500113008,20231117,1253,43,25,1,25.02594,121.50651,18
500113008,20231117,1254,43,25,1,25.02594,121.50651,18
500113008,20231117,1255,43,25,1,25.02594,121.50651,18
500113008,20231117,1256,43,25,1,25.02594,121.50651,18
500113008,20231117,1257,43,25,1,25.02594,121.50651,18
500113008,20231117,1258,43,26,1,25.02594,121.50651,17
500113008,20231117,1259,43,26,1,25.02594,121.50651,17
500113008,20231117,1261,43,25,1,25.02594,121.50651,18
500113008,20231117,1262,43,25,1,25.02594,121.50651,18
500113008,20231117,1263,43,26,1,25.02594,121.50651,17
500113008,20231117,1264,43,26,1,25.02594,121.50651,17
500113008,20231117,1265,43,26,1,25.02594,121.50651,17
500113008,20231117,1266,43,26,1,25.02594,121.50651,17
500113008,20231117,1267,43,25,1,25.02594,121.50651,18
500113008,20231117,1268,43,25,1,25.02594,121.50651,18
500113008,20231117,1269,43,25,1,25.02594,121.50651,18
500113008,20231117,1271,43,25,1,25.02594,121.50651,18
500113008,20231117,1272,43,25,1,25.02594,121.50651,18
500113008,20231117,1273,43,25,1,25.02594,121.50651,18
500113008,20231117,1274,43,25,1,25.02594,121.50651,18
500113008,20231117,1275,43,25,1,25.02594,121.50651,18
500113008,20231117,1276,43,25,1,25.02594,121.50651,18
500113008,20231117,1277,43,25,1,25.02594,121.50651,18
500113008,20231117,1278,43,25,1,25.02594,121.50651,18
500113008,20231117,1279,43,25,1,25.02594,121.50651,18
500113008,20231117,1281,43,26,1,25.02594,121.50651,17
500113008,20231117,1282,43,25,1,25.02594,121.50651,18
500113008,20231117,1283,43,25,1,25.02594,121.50651,18
500113008,20231117,1284,43,25,1,25.02594,121.50651,18
500113008,20231117,1285,43,25,1,25.02594,121.50651,18
500113008,20231117,1286,43,25,1,25.02594,121.50651,18
500113008,20231117,1287,43,25,1,25.02594,121.50651,18
500113008,20231117,1288,43,25,1,25.02594,121.50651,18
500113008,20231117,1289,43,25,1,25.02594,121.50651,18
500113008,20231117,1291,43,26,1,25.02594,121.50651,17
500113008,20231117,1292,43,25,1,25.02594,121.50651,18
500113008,20231117,1293,43,25,1,25.02594,121.50651,18
500113008,20231117,1294,43,25,1,25.02594,121.50651,18
500113008,20231117,1295,43,25,1,25.02594,121.50651,18
500113008,20231117,1296,43,25,1,25.02594,121.50651,18
500113008,20231117,1297,43,25,1,25.02594,121.50651,18
500113008,20231117,1298,43,24,1,25.02594,121.50651,19
500113008,20231117,1299,43,24,1,25.02594,121.50651,19
500113008,20231117,1300,43,24,1,25.02594,121.50651,19
500113008,20231117,1301,43,23,1,25.02594,121.50651,20
500113008,20231117,1302,43,23,1,25.02594,121.50651,20
500113008,20231117,1303,43,23,1,25.02594,121.50651,20
500113008,20231117,1304,43,23,1,25.02594,121.50651,20
500113008,20231117,1305,43,23,1,25.02594,121.50651,20
500113008,20231117,1306,43,22,1,25.02594,121.50651,21
500113008,20231117,1307,43,22,1,25.02594,121.50651,21
500113008,20231117,1308,43,22,1,25.02594,121.50651,21
500113008,20231117,1309,43,22,1,25.02594,121.50651,21
500113008,20231117,1310,43,23,1,25.02594,121.50651,20
500113008,20231117,1311,43,22,1,25.02594,121.50651,21
500113008,20231117,1312,43,22,1,25.02594,121.50651,21
500113008,20231117,1313,43,22,1,25.02594,121.50651,21
500113008,20231117,1314,43,22,1,25.02594,121.50651,21
500113008,20231117,1315,43,22,1,25.02594,121.50651,21
500113008,20231117,1316,43,22,1,25.02594,121.50651,21
500113008,20231117,1317,43,21,1,25.02594,121.50651,22
500113008,20231117,1318,43,21,1,25.02594,121.50651,22
500113008,20231117,1319,43,21,1,25.02594,121.50651,22
500113008,20231117,1321,43,21,1,25.02594,121.50651,22
500113008,20231117,1322,43,21,1,25.02594,121.50651,22
500113008,20231117,1323,43,21,1,25.02594,121.50651,22
500113008,20231117,1324,43,21,1,25.02594,121.50651,22
500113008,20231117,1325,43,21,1,25.02594,121.50651,22
500113008,20231117,1326,43,21,1,25.02594,121.50651,22
500113008,20231117,1327,43,21,1,25.02594,121.50651,22
500113008,20231117,1328,43,21,1,25.02594,121.50651,22
500113008,20231117,1329,43,21,1,25.02594,121.50651,22
500113008,20231117,1330,43,21,1,25.02594,121.50651,22
500113008,20231117,1331,43,21,1,25.02594,121.50651,22
500113008,20231117,1332,43,21,1,25.02594,121.50651,22
500113008,20231117,1333,43,21,1,25.02594,121.50651,22
500113008,20231117,1334,43,21,1,25.02594,121.50651,22
500113008,20231117,1335,43,22,1,25.02594,121.50651,21
500113008,20231117,1336,43,22,1,25.02594,121.50651,21
500113008,20231117,1337,43,22,1,25.02594,121.50651,21
500113008,20231117,1338,43,22,1,25.02594,121.50651,21
500113008,20231117,1339,43,22,1,25.02594,121.50651,21
500113008,20231117,1341,43,22,1,25.02594,121.50651,21
500113008,20231117,1342,43,22,1,25.02594,121.50651,21
500113008,20231117,1343,43,22,1,25.02594,121.50651,21
500113008,20231117,1344,43,22,1,25.02594,121.50651,21
500113008,20231117,1345,43,22,1,25.02594,121.50651,21
500113008,20231117,1346,43,22,1,25.02594,121.50651,21
500113008,20231117,1347,43,22,1,25.02594,121.50651,21
500113008,20231117,1348,43,22,1,25.02594,121.50651,21
500113008,20231117,1349,43,22,1,25.02594,121.50651,21
500113008,20231117,1350,43,22,1,25.02594,121.50651,21
500113008,20231117,1351,43,22,1,25.02594,121.50651,21
500113008,20231117,1352,43,22,1,25.02594,121.50651,21
500113008,20231117,1353,43,22,1,25.02594,121.50651,21
500113008,20231117,1354,43,22,1,25.02594,121.50651,21
500113008,20231117,1355,43,20,1,25.02594,121.50651,23
500113008,20231117,1356,43,20,1,25.02594,121.50651,23
500113008,20231117,1357,43,20,1,25.02594,121.50651,23
500113008,20231117,1358,43,20,1,25.02594,121.50651,23
500113008,20231117,1359,43,20,1,25.02594,121.50651,23
500113008,20231117,1360,43,20,1,25.02594,121.50651,23
500113008,20231117,1361,43,20,1,25.02594,121.50651,23
500113008,20231117,1362,43,20,1,25.02594,121.50651,23
500113008,20231117,1363,43,20,1,25.02594,121.50651,23
500113008,20231117,1364,43,20,1,25.02594,121.50651,23
500113008,20231117,1365,43,19,1,25.02594,121.50651,24
500113008,20231117,1366,43,19,1,25.02594,121.50651,24
500113008,20231117,1367,43,19,1,25.02594,121.50651,24
500113008,20231117,1368,43,19,1,25.02594,121.50651,24
500113008,20231117,1369,43,19,1,25.02594,121.50651,24
500113008,20231117,1370,43,19,1,25.02594,121.50651,24
500113008,20231117,1371,43,19,1,25.02594,121.50651,24
500113008,20231117,1372,43,19,1,25.02594,121.50651,24
500113008,20231117,1373,43,19,1,25.02594,121.50651,24
500113008,20231117,1374,43,19,1,25.02594,121.50651,24
500113008,20231117,1375,43,19,1,25.02594,121.50651,24
500113008,20231117,1376,43,19,1,25.02594,121.50651,24
500113008,20231117,1377,43,18,1,25.02594,121.50651,25
500113008,20231117,1378,43,18,1,25.02594,121.50651,25
500113008,20231117,1379,43,18,1,25.02594,121.50651,25
500113008,20231117,1381,43,18,1,25.02594,121.50651,25
500113008,20231117,1382,43,18,1,25.02594,121.50651,25
500113008,20231117,1383,43,18,1,25.02594,121.50651,25
500113008,20231117,1384,43,18,1,25.02594,121.50651,25
500113008,20231117,1385,43,18,1,25.02594,121.50651,25
500113008,20231117,1386,43,18,1,25.02594,121.50651,25
500113008,20231117,1387,43,18,1,25.02594,121.50651,25
500113008,20231117,1388,43,18,1,25.02594,121.50651,25
500113008,20231117,1389,43,18,1,25.02594,121.50651,25
500113008,20231117,1390,43,19,1,25.02594,121.50651,24
500113008,20231117,1391,43,19,1,25.02594,121.50651,24
500113008,20231117,1392,43,19,1,25.02594,121.50651,24
500113008,20231117,1393,43,19,1,25.02594,121.50651,24
500113008,20231117,1394,43,19,1,25.02594,121.50651,24
500113008,20231117,1395,43,18,1,25.02594,121.50651,25
500113008,20231117,1396,43,18,1,25.02594,121.50651,25
500113008,20231117,1397,43,19,1,25.02594,121.50651,24
500113008,20231117,1398,43,19,1,25.02594,121.50651,24
500113008,20231117,1399,43,19,1,25.02594,121.50651,24
500113008,20231117,1401,43,19,1,25.02594,121.50651,24
500113008,20231117,1402,43,18,1,25.02594,121.50651,25
500113008,20231117,1403,43,18,1,25.02594,121.50651,25
500113008,20231117,1404,43,18,1,25.02594,121.50651,25
500113008,20231117,1405,43,18,1,25.02594,121.50651,25
500113008,20231117,1406,43,18,1,25.02594,121.50651,25
500113008,20231117,1407,43,18,1,25.02594,121.50651,25
500113008,20231117,1408,43,18,1,25.02594,121.50651,25
500113008,20231117,1409,43,18,1,25.02594,121.50651,25
500113008,20231117,1410,43,18,1,25.02594,121.50651,25
500113008,20231117,1411,43,18,1,25.02594,121.50651,25
500113008,20231117,1412,43,18,1,25.02594,121.50651,25
500113008,20231117,1413,43,18,1,25.02594,121.50651,25
500113008,20231117,1414,43,18,1,25.02594,121.50651,25
500113008,20231117,1415,43,18,1,25.02594,121.50651,25
500113008,20231117,1416,43,18,1,25.02594,121.50651,25
500113008,20231117,1417,43,18,1,25.02594,121.50651,25
500113008,20231117,1418,43,18,1,25.02594,121.50651,25
500113008,20231117,1419,43,18,1,25.02594,121.50651,25
500113008,20231117,1421,43,18,1,25.02594,121.50651,25
500113008,20231117,1422,43,18,1,25.02594,121.50651,25
500113008,20231117,1423,43,18,1,25.02594,121.50651,25
500113008,20231117,1424,43,18,1,25.02594,121.50651,25
500113008,20231117,1425,43,18,1,25.02594,121.50651,25
500113008,20231117,1426,43,18,1,25.02594,121.50651,25
500113008,20231117,1427,43,17,1,25.02594,121.50651,26
500113008,20231117,1428,43,16,1,25.02594,121.50651,27
500113008,20231117,1429,43,16,1,25.02594,121.50651,27
500113008,20231117,1430,43,16,1,25.02594,121.50651,27
500113008,20231117,1431,43,16,1,25.02594,121.50651,27
500113008,20231117,1432,43,16,1,25.02594,121.50651,27
500113008,20231117,1433,43,16,1,25.02594,121.50651,27
500113008,20231117,1434,43,15,1,25.02594,121.50651,28
500113008,20231117,1435,43,15,1,25.02594,121.50651,28
500113008,20231117,1436,43,15,1,25.02594,121.50651,28
500113008,20231117,1437,43,15,1,25.02594,121.50651,28
500113008,20231117,1438,43,15,1,25.02594,121.50651,28
500113008,20231117,1439,43,15,1,25.02594,121.50651,28
500113008,20231118,1,43,15,1,25.02594,121.50651,28
500113008,20231118,2,43,15,1,25.02594,121.50651,28
500113008,20231118,3,43,15,1,25.02594,121.50651,28
500113008,20231118,4,43,16,1,25.02594,121.50651,27
500113008,20231118,5,43,16,1,25.02594,121.50651,27
500113008,20231118,6,43,16,1,25.02594,121.50651,27
500113008,20231118,7,43,16,1,25.02594,121.50651,27
500113008,20231118,8,43,15,1,25.02594,121.50651,28
500113008,20231118,9,43,15,1,25.02594,121.50651,28
500113008,20231118,11,43,15,1,25.02594,121.50651,28
500113008,20231118,12,43,16,1,25.02594,121.50651,27
500113008,20231118,13,43,16,1,25.02594,121.50651,27
500113008,20231118,14,43,16,1,25.02594,121.50651,27
500113008,20231118,15,43,16,1,25.02594,121.50651,27
500113008,20231118,16,43,16,1,25.02594,121.50651,27
500113008,20231118,17,43,16,1,25.02594,121.50651,27
500113008,20231118,18,43,16,1,25.02594,121.50651,27
500113008,20231118,19,43,16,1,25.02594,121.50651,27
500113008,20231118,21,43,16,1,25.02594,121.50651,27
500113008,20231118,22,43,16,1,25.02594,121.50651,27
500113008,20231118,23,43,16,1,25.02594,121.50651,27
500113008,20231118,24,43,16,1,25.02594,121.50651,27
500113008,20231118,25,43,16,1,25.02594,121.50651,27
500113008,20231118,26,43,16,1,25.02594,121.50651,27
500113008,20231118,27,43,16,1,25.02594,121.50651,27
500113008,20231118,28,43,16,1,25.02594,121.50651,27
500113008,20231118,29,43,16,1,25.02594,121.50651,27
500113008,20231118,31,43,16,1,25.02594,121.50651,27
500113008,20231118,32,43,16,1,25.02594,121.50651,27
500113008,20231118,33,43,16,1,25.02594,121.50651,27
500113008,20231118,34,43,16,1,25.02594,121.50651,27
500113008,20231118,35,43,16,1,25.02594,121.50651,27
500113008,20231118,36,43,16,1,25.02594,121.50651,27
500113008,20231118,37,43,16,1,25.02594,121.50651,27
500113008,20231118,38,43,16,1,25.02594,121.50651,27
500113008,20231118,39,43,16,1,25.02594,121.50651,27
500113008,20231118,41,43,16,1,25.02594,121.50651,27
500113008,20231118,42,43,16,1,25.02594,121.50651,27
500113008,20231118,43,43,16,1,25.02594,121.50651,27
500113008,20231118,44,43,16,1,25.02594,121.50651,27
500113008,20231118,45,43,16,1,25.02594,121.50651,27
500113008,20231118,46,43,16,1,25.02594,121.50651,27
500113008,20231118,47,43,16,1,25.02594,121.50651,27
500113008,20231118,48,43,16,1,25.02594,121.50651,27
500113008,20231118,49,43,16,1,25.02594,121.50651,27
500113008,20231118,51,43,16,1,25.02594,121.50651,27
500113008,20231118,52,43,16,1,25.02594,121.50651,27
500113008,20231118,53,43,16,1,25.02594,121.50651,27
500113008,20231118,54,43,16,1,25.02594,121.50651,27
500113008,20231118,55,43,16,1,25.02594,121.50651,27
500113008,20231118,56,43,16,1,25.02594,121.50651,27
500113008,20231118,57,43,16,1,25.02594,121.50651,27
500113008,20231118,58,43,16,1,25.02594,121.50651,27
500113008,20231118,59,43,16,1,25.02594,121.50651,27
500113008,20231118,61,43,16,1,25.02594,121.50651,27
500113008,20231118,62,43,16,1,25.02594,121.50651,27
500113008,20231118,63,43,16,1,25.02594,121.50651,27
500113008,20231118,64,43,16,1,25.02594,121.50651,27
500113008,20231118,65,43,16,1,25.02594,121.50651,27
500113008,20231118,66,43,16,1,25.02594,121.50651,27
500113008,20231118,67,43,16,1,25.02594,121.50651,27
500113008,20231118,68,43,16,1,25.02594,121.50651,27
500113008,20231118,69,43,16,1,25.02594,121.50651,27
500113008,20231118,71,43,16,1,25.02594,121.50651,27
500113008,20231118,72,43,16,1,25.02594,121.50651,27
500113008,20231118,73,43,16,1,25.02594,121.50651,27
500113008,20231118,74,43,16,1,25.02594,121.50651,27
500113008,20231118,75,43,16,1,25.02594,121.50651,27
500113008,20231118,76,43,16,1,25.02594,121.50651,27
500113008,20231118,77,43,16,1,25.02594,121.50651,27
500113008,20231118,78,43,16,1,25.02594,121.50651,27
500113008,20231118,79,43,16,1,25.02594,121.50651,27
500113008,20231118,81,43,16,1,25.02594,121.50651,27
500113008,20231118,82,43,16,1,25.02594,121.50651,27
500113008,20231118,83,43,16,1,25.02594,121.50651,27
500113008,20231118,84,43,16,1,25.02594,121.50651,27
500113008,20231118,85,43,16,1,25.02594,121.50651,27
500113008,20231118,86,43,16,1,25.02594,121.50651,27
500113008,20231118,87,43,16,1,25.02594,121.50651,27
500113008,20231118,88,43,16,1,25.02594,121.50651,27
500113008,20231118,90,43,16,1,25.02594,121.50651,27
500113008,20231118,91,43,16,1,25.02594,121.50651,27
500113008,20231118,92,43,16,1,25.02594,121.50651,27
500113008,20231118,93,43,16,1,25.02594,121.50651,27
500113008,20231118,94,43,16,1,25.02594,121.50651,27
500113008,20231118,95,43,16,1,25.02594,121.50651,27
500113008,20231118,96,43,16,1,25.02594,121.50651,27
500113008,20231118,97,43,16,1,25.02594,121.50651,27
500113008,20231118,98,43,16,1,25.02594,121.50651,27
500113008,20231118,99,43,16,1,25.02594,121.50651,27
500113008,20231118,100,43,16,1,25.02594,121.50651,27
500113008,20231118,101,43,16,1,25.02594,121.50651,27
500113008,20231118,102,43,16,1,25.02594,121.50651,27
500113008,20231118,103,43,16,1,25.02594,121.50651,27
500113008,20231118,104,43,16,1,25.02594,121.50651,27
500113008,20231118,105,43,16,1,25.02594,121.50651,27
500113008,20231118,106,43,16,1,25.02594,121.50651,27
500113008,20231118,107,43,16,1,25.02594,121.50651,27
500113008,20231118,108,43,16,1,25.02594,121.50651,27
500113008,20231118,109,43,16,1,25.02594,121.50651,27
500113008,20231118,110,43,16,1,25.02594,121.50651,27
500113008,20231118,111,43,16,1,25.02594,121.50651,27
500113008,20231118,112,43,16,1,25.02594,121.50651,27
500113008,20231118,113,43,16,1,25.02594,121.50651,27
500113008,20231118,114,43,16,1,25.02594,121.50651,27
500113008,20231118,115,43,16,1,25.02594,121.50651,27
500113008,20231118,116,43,16,1,25.02594,121.50651,27
500113008,20231118,117,43,16,1,25.02594,121.50651,27
500113008,20231118,118,43,17,1,25.02594,121.50651,26
500113008,20231118,119,43,17,1,25.02594,121.50651,26
500113008,20231118,121,43,17,1,25.02594,121.50651,26
500113008,20231118,122,43,17,1,25.02594,121.50651,26
500113008,20231118,123,43,17,1,25.02594,121.50651,26
500113008,20231118,124,43,17,1,25.02594,121.50651,26
500113008,20231118,125,43,17,1,25.02594,121.50651,26
500113008,20231118,126,43,17,1,25.02594,121.50651,26
500113008,20231118,127,43,17,1,25.02594,121.50651,26
500113008,20231118,128,43,17,1,25.02594,121.50651,26
500113008,20231118,129,43,17,1,25.02594,121.50651,26
500113008,20231118,130,43,17,1,25.02594,121.50651,26
500113008,20231118,131,43,17,1,25.02594,121.50651,26
500113008,20231118,132,43,17,1,25.02594,121.50651,26
500113008,20231118,133,43,17,1,25.02594,121.50651,26
500113008,20231118,134,43,17,1,25.02594,121.50651,26
500113008,20231118,135,43,17,1,25.02594,121.50651,26
500113008,20231118,136,43,17,1,25.02594,121.50651,26
500113008,20231118,137,43,17,1,25.02594,121.50651,26
500113008,20231118,138,43,17,1,25.02594,121.50651,26
500113008,20231118,139,43,17,1,25.02594,121.50651,26
500113008,20231118,141,43,17,1,25.02594,121.50651,26
500113008,20231118,142,43,17,1,25.02594,121.50651,26
500113008,20231118,143,43,17,1,25.02594,121.50651,26
500113008,20231118,144,43,17,1,25.02594,121.50651,26
500113008,20231118,145,43,17,1,25.02594,121.50651,26
500113008,20231118,146,43,17,1,25.02594,121.50651,26
500113008,20231118,147,43,17,1,25.02594,121.50651,26
500113008,20231118,148,43,17,1,25.02594,121.50651,26
500113008,20231118,149,43,17,1,25.02594,121.50651,26
500113008,20231118,150,43,17,1,25.02594,121.50651,26
500113008,20231118,151,43,17,1,25.02594,121.50651,26
500113008,20231118,152,43,17,1,25.02594,121.50651,26
500113008,20231118,153,43,17,1,25.02594,121.50651,26
500113008,20231118,154,43,17,1,25.02594,121.50651,26
500113008,20231118,155,43,17,1,25.02594,121.50651,26
500113008,20231118,156,43,17,1,25.02594,121.50651,26
500113008,20231118,157,43,17,1,25.02594,121.50651,26
500113008,20231118,158,43,17,1,25.02594,121.50651,26
500113008,20231118,159,43,17,1,25.02594,121.50651,26
500113008,20231118,160,43,17,1,25.02594,121.50651,26
500113008,20231118,161,43,17,1,25.02594,121.50651,26
500113008,20231118,162,43,17,1,25.02594,121.50651,26
500113008,20231118,163,43,16,1,25.02594,121.50651,27
500113008,20231118,164,43,16,1,25.02594,121.50651,27
500113008,20231118,165,43,16,1,25.02594,121.50651,27
500113008,20231118,166,43,16,1,25.02594,121.50651,27
500113008,20231118,167,43,16,1,25.02594,121.50651,27
500113008,20231118,168,43,16,1,25.02594,121.50651,27
500113008,20231118,169,43,16,1,25.02594,121.50651,27
500113008,20231118,170,43,16,1,25.02594,121.50651,27
500113008,20231118,171,43,16,1,25.02594,121.50651,27
500113008,20231118,172,43,16,1,25.02594,121.50651,27
500113008,20231118,173,43,16,1,25.02594,121.50651,27
500113008,20231118,174,43,16,1,25.02594,121.50651,27
500113008,20231118,175,43,16,1,25.02594,121.50651,27
500113008,20231118,176,43,16,1,25.02594,121.50651,27
500113008,20231118,177,43,16,1,25.02594,121.50651,27
500113008,20231118,178,43,16,1,25.02594,121.50651,27
500113008,20231118,179,43,16,1,25.02594,121.50651,27
500113008,20231118,180,43,16,1,25.02594,121.50651,27
500113008,20231118,181,43,16,1,25.02594,121.50651,27
500113008,20231118,182,43,16,1,25.02594,121.50651,27
500113008,20231118,183,43,16,1,25.02594,121.50651,27
500113008,20231118,184,43,16,1,25.02594,121.50651,27
500113008,20231118,185,43,16,1,25.02594,121.50651,27
500113008,20231118,186,43,16,1,25.02594,121.50651,27
500113008,20231118,187,43,16,1,25.02594,121.50651,27
500113008,20231118,189,43,16,1,25.02594,121.50651,27
500113008,20231118,190,43,16,1,25.02594,121.50651,27
500113008,20231118,191,43,16,1,25.02594,121.50651,27
500113008,20231118,192,43,16,1,25.02594,121.50651,27
500113008,20231118,193,43,16,1,25.02594,121.50651,27
500113008,20231118,194,43,16,1,25.02594,121.50651,27
500113008,20231118,195,43,16,1,25.02594,121.50651,27
500113008,20231118,196,43,16,1,25.02594,121.50651,27
500113008,20231118,197,43,16,1,25.02594,121.50651,27
500113008,20231118,198,43,16,1,25.02594,121.50651,27
500113008,20231118,199,43,16,1,25.02594,121.50651,27
500113008,20231118,201,43,16,1,25.02594,121.50651,27
500113008,20231118,202,43,16,1,25.02594,121.50651,27
500113008,20231118,203,43,16,1,25.02594,121.50651,27
500113008,20231118,204,43,16,1,25.02594,121.50651,27
500113008,20231118,205,43,16,1,25.02594,121.50651,27
500113008,20231118,206,43,16,1,25.02594,121.50651,27
500113008,20231118,207,43,16,1,25.02594,121.50651,27
500113008,20231118,208,43,16,1,25.02594,121.50651,27
500113008,20231118,209,43,16,1,25.02594,121.50651,27
500113008,20231118,210,43,16,1,25.02594,121.50651,27
500113008,20231118,211,43,16,1,25.02594,121.50651,27
500113008,20231118,212,43,16,1,25.02594,121.50651,27
500113008,20231118,213,43,16,1,25.02594,121.50651,27
500113008,20231118,214,43,16,1,25.02594,121.50651,27
500113008,20231118,215,43,16,1,25.02594,121.50651,27
500113008,20231118,216,43,16,1,25.02594,121.50651,27
500113008,20231118,217,43,16,1,25.02594,121.50651,27
500113008,20231118,218,43,16,1,25.02594,121.50651,27
500113008,20231118,219,43,16,1,25.02594,121.50651,27
500113008,20231118,220,43,16,1,25.02594,121.50651,27
500113008,20231118,221,43,16,1,25.02594,121.50651,27
500113008,20231118,222,43,16,1,25.02594,121.50651,27
500113008,20231118,223,43,16,1,25.02594,121.50651,27
500113008,20231118,224,43,16,1,25.02594,121.50651,27
500113008,20231118,225,43,16,1,25.02594,121.50651,27
500113008,20231118,226,43,16,1,25.02594,121.50651,27
500113008,20231118,227,43,16,1,25.02594,121.50651,27
500113008,20231118,228,43,16,1,25.02594,121.50651,27
500113008,20231118,229,43,16,1,25.02594,121.50651,27
500113008,20231118,230,43,16,1,25.02594,121.50651,27
500113008,20231118,231,43,16,1,25.02594,121.50651,27
500113008,20231118,232,43,16,1,25.02594,121.50651,27
500113008,20231118,233,43,16,1,25.02594,121.50651,27
500113008,20231118,234,43,16,1,25.02594,121.50651,27
500113008,20231118,235,43,16,1,25.02594,121.50651,27
500113008,20231118,236,43,16,1,25.02594,121.50651,27
500113008,20231118,237,43,16,1,25.02594,121.50651,27
500113008,20231118,238,43,16,1,25.02594,121.50651,27
500113008,20231118,239,43,16,1,25.02594,121.50651,27
500113008,20231118,240,43,16,1,25.02594,121.50651,27
500113008,20231118,241,43,16,1,25.02594,121.50651,27
500113008,20231118,242,43,16,1,25.02594,121.50651,27
500113008,20231118,243,43,16,1,25.02594,121.50651,27
500113008,20231118,244,43,16,1,25.02594,121.50651,27
500113008,20231118,245,43,16,1,25.02594,121.50651,27
500113008,20231118,247,43,16,1,25.02594,121.50651,27
500113008,20231118,248,43,16,1,25.02594,121.50651,27
500113008,20231118,249,43,16,1,25.02594,121.50651,27
500113008,20231118,251,43,16,1,25.02594,121.50651,27
500113008,20231118,252,43,16,1,25.02594,121.50651,27
500113008,20231118,253,43,16,1,25.02594,121.50651,27
500113008,20231118,254,43,16,1,25.02594,121.50651,27
500113008,20231118,255,43,16,1,25.02594,121.50651,27
500113008,20231118,256,43,16,1,25.02594,121.50651,27
500113008,20231118,257,43,16,1,25.02594,121.50651,27
500113008,20231118,258,43,16,1,25.02594,121.50651,27
500113008,20231118,259,43,16,1,25.02594,121.50651,27
500113008,20231118,261,43,16,1,25.02594,121.50651,27
500113008,20231118,262,43,16,1,25.02594,121.50651,27
500113008,20231118,263,43,16,1,25.02594,121.50651,27
500113008,20231118,264,43,16,1,25.02594,121.50651,27
500113008,20231118,265,43,16,1,25.02594,121.50651,27
500113008,20231118,266,43,16,1,25.02594,121.50651,27
500113008,20231118,267,43,15,1,25.02594,121.50651,28
500113008,20231118,268,43,15,1,25.02594,121.50651,28
500113008,20231118,269,43,15,1,25.02594,121.50651,28
500113008,20231118,271,43,15,1,25.02594,121.50651,28
500113008,20231118,272,43,15,1,25.02594,121.50651,28
500113008,20231118,273,43,15,1,25.02594,121.50651,28
500113008,20231118,274,43,15,1,25.02594,121.50651,28
500113008,20231118,275,43,15,1,25.02594,121.50651,28
500113008,20231118,276,43,15,1,25.02594,121.50651,28
500113008,20231118,277,43,15,1,25.02594,121.50651,28
500113008,20231118,278,43,15,1,25.02594,121.50651,28
500113008,20231118,279,43,15,1,25.02594,121.50651,28
500113008,20231118,281,43,15,1,25.02594,121.50651,28
500113008,20231118,282,43,15,1,25.02594,121.50651,28
500113008,20231118,283,43,15,1,25.02594,121.50651,28
500113008,20231118,284,43,15,1,25.02594,121.50651,28
500113008,20231118,285,43,15,1,25.02594,121.50651,28
500113008,20231118,286,43,15,1,25.02594,121.50651,28
500113008,20231118,287,43,15,1,25.02594,121.50651,28
500113008,20231118,288,43,15,1,25.02594,121.50651,28
500113008,20231118,289,43,15,1,25.02594,121.50651,28
500113008,20231118,291,43,15,1,25.02594,121.50651,28
500113008,20231118,292,43,15,1,25.02594,121.50651,28
500113008,20231118,293,43,15,1,25.02594,121.50651,28
500113008,20231118,294,43,15,1,25.02594,121.50651,28
500113008,20231118,295,43,15,1,25.02594,121.50651,28
500113008,20231118,296,43,15,1,25.02594,121.50651,28
500113008,20231118,297,43,15,1,25.02594,121.50651,28
500113008,20231118,298,43,15,1,25.02594,121.50651,28
500113008,20231118,299,43,15,1,25.02594,121.50651,28
500113008,20231118,301,43,15,1,25.02594,121.50651,28
500113008,20231118,302,43,15,1,25.02594,121.50651,28
500113008,20231118,303,43,16,1,25.02594,121.50651,27
500113008,20231118,304,43,16,1,25.02594,121.50651,27
500113008,20231118,305,43,16,1,25.02594,121.50651,27
500113008,20231118,306,43,16,1,25.02594,121.50651,27
500113008,20231118,307,43,16,1,25.02594,121.50651,27
500113008,20231118,308,43,16,1,25.02594,121.50651,27
500113008,20231118,309,43,16,1,25.02594,121.50651,27
500113008,20231118,311,43,16,1,25.02594,121.50651,27
500113008,20231118,312,43,16,1,25.02594,121.50651,27
500113008,20231118,313,43,16,1,25.02594,121.50651,27
500113008,20231118,314,43,16,1,25.02594,121.50651,27
500113008,20231118,315,43,16,1,25.02594,121.50651,27
500113008,20231118,316,43,16,1,25.02594,121.50651,27
500113008,20231118,317,43,16,1,25.02594,121.50651,27
500113008,20231118,318,43,16,1,25.02594,121.50651,27
500113008,20231118,319,43,16,1,25.02594,121.50651,27
500113008,20231118,321,43,16,1,25.02594,121.50651,27
500113008,20231118,322,43,17,1,25.02594,121.50651,26
500113008,20231118,323,43,17,1,25.02594,121.50651,26
500113008,20231118,324,43,17,1,25.02594,121.50651,26
500113008,20231118,325,43,17,1,25.02594,121.50651,26
500113008,20231118,326,43,16,1,25.02594,121.50651,27
500113008,20231118,327,43,16,1,25.02594,121.50651,27
500113008,20231118,328,43,16,1,25.02594,121.50651,27
500113008,20231118,329,43,16,1,25.02594,121.50651,27
500113008,20231118,331,43,16,1,25.02594,121.50651,27
500113008,20231118,332,43,16,1,25.02594,121.50651,27
500113008,20231118,333,43,16,1,25.02594,121.50651,27
500113008,20231118,334,43,16,1,25.02594,121.50651,27
500113008,20231118,335,43,16,1,25.02594,121.50651,27
500113008,20231118,336,43,16,1,25.02594,121.50651,27
500113008,20231118,337,43,16,1,25.02594,121.50651,27
500113008,20231118,338,43,16,1,25.02594,121.50651,27
500113008,20231118,339,43,16,1,25.02594,121.50651,27
500113008,20231118,341,43,17,1,25.02594,121.50651,26
500113008,20231118,342,43,17,1,25.02594,121.50651,26
500113008,20231118,343,43,17,1,25.02594,121.50651,26
500113008,20231118,344,43,17,1,25.02594,121.50651,26
500113008,20231118,345,43,17,1,25.02594,121.50651,26
500113008,20231118,346,43,17,1,25.02594,121.50651,26
500113008,20231118,347,43,17,1,25.02594,121.50651,26
500113008,20231118,348,43,17,1,25.02594,121.50651,26
500113008,20231118,349,43,17,1,25.02594,121.50651,26
500113008,20231118,351,43,17,1,25.02594,121.50651,26
500113008,20231118,352,43,17,1,25.02594,121.50651,26
500113008,20231118,353,43,17,1,25.02594,121.50651,26
500113008,20231118,354,43,17,1,25.02594,121.50651,26
500113008,20231118,355,43,17,1,25.02594,121.50651,26
500113008,20231118,356,43,17,1,25.02594,121.50651,26
500113008,20231118,357,43,17,1,25.02594,121.50651,26
500113008,20231118,358,43,17,1,25.02594,121.50651,26
500113008,20231118,359,43,16,1,25.02594,121.50651,27
500113008,20231118,360,43,16,1,25.02594,121.50651,27
500113008,20231118,361,43,16,1,25.02594,121.50651,27
500113008,20231118,362,43,16,1,25.02594,121.50651,27
500113008,20231118,363,43,16,1,25.02594,121.50651,27
500113008,20231118,364,43,16,1,25.02594,121.50651,27
500113008,20231118,365,43,16,1,25.02594,121.50651,27
500113008,20231118,366,43,16,1,25.02594,121.50651,27
500113008,20231118,367,43,16,1,25.02594,121.50651,27
500113008,20231118,368,43,16,1,25.02594,121.50651,27
500113008,20231118,369,43,16,1,25.02594,121.50651,27
500113008,20231118,370,43,16,1,25.02594,121.50651,27
500113008,20231118,371,43,16,1,25.02594,121.50651,27
500113008,20231118,372,43,16,1,25.02594,121.50651,27
500113008,20231118,373,43,16,1,25.02594,121.50651,27
500113008,20231118,374,43,16,1,25.02594,121.50651,27
500113008,20231118,375,43,15,1,25.02594,121.50651,28
500113008,20231118,376,43,15,1,25.02594,121.50651,28
500113008,20231118,377,43,15,1,25.02594,121.50651,28
500113008,20231118,378,43,15,1,25.02594,121.50651,28
500113008,20231118,379,43,15,1,25.02594,121.50651,28
500113008,20231118,381,43,15,1,25.02594,121.50651,28
500113008,20231118,382,43,15,1,25.02594,121.50651,28
500113008,20231118,383,43,15,1,25.02594,121.50651,28
500113008,20231118,384,43,15,1,25.02594,121.50651,28
500113008,20231118,385,43,15,1,25.02594,121.50651,28
500113008,20231118,386,43,15,1,25.02594,121.50651,28
500113008,20231118,387,43,15,1,25.02594,121.50651,28
500113008,20231118,388,43,15,1,25.02594,121.50651,28
500113008,20231118,389,43,15,1,25.02594,121.50651,28
500113008,20231118,390,43,15,1,25.02594,121.50651,28
500113008,20231118,391,43,15,1,25.02594,121.50651,28
500113008,20231118,392,43,16,1,25.02594,121.50651,27
500113008,20231118,393,43,15,1,25.02594,121.50651,28
500113008,20231118,394,43,15,1,25.02594,121.50651,28
500113008,20231118,395,43,15,1,25.02594,121.50651,28
500113008,20231118,396,43,15,1,25.02594,121.50651,28
500113008,20231118,397,43,16,1,25.02594,121.50651,27
500113008,20231118,398,43,16,1,25.02594,121.50651,27
500113008,20231118,399,43,16,1,25.02594,121.50651,27
500113008,20231118,400,43,16,1,25.02594,121.50651,27
500113008,20231118,401,43,16,1,25.02594,121.50651,27
500113008,20231118,402,43,17,1,25.02594,121.50651,26
500113008,20231118,403,43,17,1,25.02594,121.50651,26
500113008,20231118,404,43,17,1,25.02594,121.50651,26
500113008,20231118,405,43,17,1,25.02594,121.50651,26
500113008,20231118,406,43,17,1,25.02594,121.50651,26
500113008,20231118,407,43,17,1,25.02594,121.50651,26
500113008,20231118,408,43,17,1,25.02594,121.50651,26
500113008,20231118,409,43,17,1,25.02594,121.50651,26
500113008,20231118,410,43,17,1,25.02594,121.50651,26
500113008,20231118,411,43,17,1,25.02594,121.50651,26
500113008,20231118,412,43,18,1,25.02594,121.50651,25
500113008,20231118,413,43,18,1,25.02594,121.50651,25
500113008,20231118,414,43,18,1,25.02594,121.50651,25
500113008,20231118,415,43,18,1,25.02594,121.50651,25
500113008,20231118,416,43,18,1,25.02594,121.50651,25
500113008,20231118,417,43,18,1,25.02594,121.50651,25
500113008,20231118,418,43,18,1,25.02594,121.50651,25
500113008,20231118,419,43,18,1,25.02594,121.50651,25
500113008,20231118,421,43,18,1,25.02594,121.50651,25
500113008,20231118,422,43,18,1,25.02594,121.50651,25
500113008,20231118,423,43,18,1,25.02594,121.50651,25
500113008,20231118,424,43,18,1,25.02594,121.50651,25
500113008,20231118,425,43,18,1,25.02594,121.50651,25
500113008,20231118,426,43,18,1,25.02594,121.50651,25
500113008,20231118,427,43,17,1,25.02594,121.50651,26
500113008,20231118,428,43,17,1,25.02594,121.50651,26
500113008,20231118,429,43,17,1,25.02594,121.50651,26
500113008,20231118,430,43,16,1,25.02594,121.50651,27
500113008,20231118,431,43,16,1,25.02594,121.50651,27
500113008,20231118,432,43,16,1,25.02594,121.50651,27
500113008,20231118,433,43,16,1,25.02594,121.50651,27
500113008,20231118,434,43,16,1,25.02594,121.50651,27
500113008,20231118,435,43,16,1,25.02594,121.50651,27
500113008,20231118,436,43,17,1,25.02594,121.50651,26
500113008,20231118,437,43,17,1,25.02594,121.50651,26
500113008,20231118,438,43,17,1,25.02594,121.50651,26
500113008,20231118,439,43,17,1,25.02594,121.50651,26
500113008,20231118,441,43,16,1,25.02594,121.50651,27
500113008,20231118,442,43,14,1,25.02594,121.50651,29
500113008,20231118,443,43,13,1,25.02594,121.50651,30
500113008,20231118,444,43,12,1,25.02594,121.50651,31
500113008,20231118,445,43,12,1,25.02594,121.50651,31
500113008,20231118,446,43,12,1,25.02594,121.50651,31
500113008,20231118,447,43,13,1,25.02594,121.50651,30
500113008,20231118,448,43,13,1,25.02594,121.50651,30
500113008,20231118,449,43,13,1,25.02594,121.50651,30
500113008,20231118,450,43,13,1,25.02594,121.50651,30
500113008,20231118,451,43,11,1,25.02594,121.50651,32
500113008,20231118,452,43,9,1,25.02594,121.50651,34
500113008,20231118,453,43,9,1,25.02594,121.50651,34
500113008,20231118,454,43,9,1,25.02594,121.50651,34
500113008,20231118,455,43,9,1,25.02594,121.50651,34
500113008,20231118,456,43,9,1,25.02594,121.50651,34
500113008,20231118,457,43,10,1,25.02594,121.50651,33
500113008,20231118,458,43,10,1,25.02594,121.50651,33
500113008,20231118,459,43,9,1,25.02594,121.50651,34
500113008,20231118,460,43,9,1,25.02594,121.50651,34
500113008,20231118,461,43,9,1,25.02594,121.50651,34
500113008,20231118,462,43,9,1,25.02594,121.50651,34
500113008,20231118,463,43,9,1,25.02594,121.50651,34
500113008,20231118,464,43,9,1,25.02594,121.50651,34
500113008,20231118,465,43,9,1,25.02594,121.50651,34
500113008,20231118,466,43,9,1,25.02594,121.50651,34
500113008,20231118,467,43,9,1,25.02594,121.50651,34
500113008,20231118,468,43,9,1,25.02594,121.50651,34
500113008,20231118,469,43,9,1,25.02594,121.50651,34
500113008,20231118,470,43,9,1,25.02594,121.50651,34
500113008,20231118,471,43,9,1,25.02594,121.50651,34
500113008,20231118,472,43,10,1,25.02594,121.50651,33
500113008,20231118,473,43,10,1,25.02594,121.50651,33
500113008,20231118,474,43,10,1,25.02594,121.50651,33
500113008,20231118,476,43,10,1,25.02594,121.50651,33
500113008,20231118,477,43,10,1,25.02594,121.50651,33
500113008,20231118,478,43,10,1,25.02594,121.50651,33
500113008,20231118,479,43,10,1,25.02594,121.50651,33
500113008,20231118,481,43,10,1,25.02594,121.50651,33
500113008,20231118,482,43,10,1,25.02594,121.50651,33
500113008,20231118,483,43,11,1,25.02594,121.50651,32
500113008,20231118,484,43,11,1,25.02594,121.50651,32
500113008,20231118,485,43,11,1,25.02594,121.50651,32
500113008,20231118,486,43,11,1,25.02594,121.50651,32
500113008,20231118,487,43,11,1,25.02594,121.50651,32
500113008,20231118,488,43,11,1,25.02594,121.50651,32
500113008,20231118,489,43,11,1,25.02594,121.50651,32
500113008,20231118,490,43,11,1,25.02594,121.50651,32
500113008,20231118,491,43,11,1,25.02594,121.50651,32
500113008,20231118,492,43,11,1,25.02594,121.50651,32
500113008,20231118,493,43,12,1,25.02594,121.50651,31
500113008,20231118,494,43,12,1,25.02594,121.50651,31
500113008,20231118,495,43,12,1,25.02594,121.50651,31
500113008,20231118,496,43,13,1,25.02594,121.50651,30
500113008,20231118,497,43,13,1,25.02594,121.50651,30
500113008,20231118,498,43,13,1,25.02594,121.50651,30
500113008,20231118,499,43,14,1,25.02594,121.50651,29
500113008,20231118,501,43,14,1,25.02594,121.50651,29
500113008,20231118,502,43,13,1,25.02594,121.50651,30
500113008,20231118,503,43,13,1,25.02594,121.50651,30
500113008,20231118,504,43,13,1,25.02594,121.50651,30
500113008,20231118,505,43,12,1,25.02594,121.50651,31
500113008,20231118,506,43,12,1,25.02594,121.50651,31
500113008,20231118,508,43,11,1,25.02594,121.50651,32
500113008,20231118,509,43,11,1,25.02594,121.50651,32
500113008,20231118,511,43,12,1,25.02594,121.50651,31
500113008,20231118,512,43,12,1,25.02594,121.50651,31
500113008,20231118,513,43,11,1,25.02594,121.50651,32
500113008,20231118,514,43,11,1,25.02594,121.50651,32
500113008,20231118,515,43,11,1,25.02594,121.50651,32
500113008,20231118,516,43,10,1,25.02594,121.50651,33
500113008,20231118,517,43,10,1,25.02594,121.50651,33
500113008,20231118,518,43,10,1,25.02594,121.50651,33
500113008,20231118,519,43,10,1,25.02594,121.50651,33
500113008,20231118,521,43,10,1,25.02594,121.50651,33
500113008,20231118,522,43,10,1,25.02594,121.50651,33
500113008,20231118,523,43,11,1,25.02594,121.50651,32
500113008,20231118,524,43,11,1,25.02594,121.50651,32
500113008,20231118,525,43,11,1,25.02594,121.50651,32
500113008,20231118,526,43,11,1,25.02594,121.50651,32
500113008,20231118,527,43,13,1,25.02594,121.50651,30
500113008,20231118,528,43,13,1,25.02594,121.50651,30
500113008,20231118,529,43,13,1,25.02594,121.50651,30
500113008,20231118,531,43,13,1,25.02594,121.50651,30
500113008,20231118,532,43,14,1,25.02594,121.50651,29
500113008,20231118,533,43,14,1,25.02594,121.50651,29
500113008,20231118,534,43,14,1,25.02594,121.50651,29
500113008,20231118,535,43,14,1,25.02594,121.50651,29
500113008,20231118,536,43,15,1,25.02594,121.50651,28
500113008,20231118,537,43,16,1,25.02594,121.50651,27
500113008,20231118,538,43,16,1,25.02594,121.50651,27
500113008,20231118,539,43,16,1,25.02594,121.50651,27
500113008,20231118,541,43,16,1,25.02594,121.50651,27
500113008,20231118,542,43,16,1,25.02594,121.50651,27
500113008,20231118,543,43,17,1,25.02594,121.50651,26
500113008,20231118,544,43,17,1,25.02594,121.50651,26
500113008,20231118,545,43,17,1,25.02594,121.50651,26
500113008,20231118,546,43,18,1,25.02594,121.50651,25
500113008,20231118,547,43,17,1,25.02594,121.50651,26
500113008,20231118,548,43,17,1,25.02594,121.50651,26
500113008,20231118,549,43,17,1,25.02594,121.50651,26
500113008,20231118,551,43,17,1,25.02594,121.50651,26
500113008,20231118,552,43,18,1,25.02594,121.50651,25
500113008,20231118,553,43,18,1,25.02594,121.50651,25
500113008,20231118,554,43,18,1,25.02594,121.50651,25
500113008,20231118,555,43,19,1,25.02594,121.50651,24
500113008,20231118,556,43,20,1,25.02594,121.50651,23
500113008,20231118,557,43,20,1,25.02594,121.50651,23
500113008,20231118,558,43,21,1,25.02594,121.50651,22
500113008,20231118,559,43,21,1,25.02594,121.50651,22
500113008,20231118,561,43,21,1,25.02594,121.50651,22
500113008,20231118,562,43,21,1,25.02594,121.50651,22
500113008,20231118,563,43,24,1,25.02594,121.50651,19
500113008,20231118,564,43,24,1,25.02594,121.50651,19
500113008,20231118,565,43,24,1,25.02594,121.50651,19
500113008,20231118,566,43,24,1,25.02594,121.50651,19
500113008,20231118,567,43,24,1,25.02594,121.50651,19
500113008,20231118,568,43,24,1,25.02594,121.50651,19
500113008,20231118,569,43,24,1,25.02594,121.50651,19
500113008,20231118,571,43,24,1,25.02594,121.50651,19
500113008,20231118,572,43,24,1,25.02594,121.50651,19
500113008,20231118,573,43,23,1,25.02594,121.50651,20
500113008,20231118,574,43,22,1,25.02594,121.50651,21
500113008,20231118,575,43,22,1,25.02594,121.50651,21
500113008,20231118,576,43,23,1,25.02594,121.50651,20
500113008,20231118,577,43,23,1,25.02594,121.50651,20
500113008,20231118,578,43,24,1,25.02594,121.50651,19
500113008,20231118,579,43,25,1,25.02594,121.50651,18
500113008,20231118,581,43,27,1,25.02594,121.50651,16
500113008,20231118,582,43,29,1,25.02594,121.50651,14
500113008,20231118,583,43,29,1,25.02594,121.50651,14
500113008,20231118,584,43,29,1,25.02594,121.50651,14
500113008,20231118,585,43,29,1,25.02594,121.50651,14
500113008,20231118,586,43,29,1,25.02594,121.50651,14
500113008,20231118,587,43,30,1,25.02594,121.50651,13
500113008,20231118,588,43,30,1,25.02594,121.50651,13
500113008,20231118,589,43,30,1,25.02594,121.50651,13
500113008,20231118,591,43,31,1,25.02594,121.50651,12
500113008,20231118,592,43,32,1,25.02594,121.50651,11
500113008,20231118,593,43,32,1,25.02594,121.50651,11
500113008,20231118,594,43,33,1,25.02594,121.50651,10
500113008,20231118,595,43,33,1,25.02594,121.50651,10
500113008,20231118,596,43,32,1,25.02594,121.50651,11
500113008,20231118,597,43,32,1,25.02594,121.50651,11
500113008,20231118,598,43,32,1,25.02594,121.50651,11
500113008,20231118,599,43,32,1,25.02594,121.50651,11
500113008,20231118,601,43,29,1,25.02594,121.50651,14
500113008,20231118,602,43,27,1,25.02594,121.50651,16
500113008,20231118,603,43,27,1,25.02594,121.50651,16
500113008,20231118,604,43,28,1,25.02594,121.50651,15
500113008,20231118,605,43,27,1,25.02594,121.50651,16
500113008,20231118,606,43,26,1,25.02594,121.50651,17
500113008,20231118,607,43,26,1,25.02594,121.50651,17
500113008,20231118,608,43,26,1,25.02594,121.50651,17
500113008,20231118,609,43,26,1,25.02594,121.50651,17
500113008,20231118,611,43,26,1,25.02594,121.50651,17
500113008,20231118,612,43,26,1,25.02594,121.50651,17
500113008,20231118,613,43,27,1,25.02594,121.50651,16
500113008,20231118,614,43,26,1,25.02594,121.50651,17
500113008,20231118,615,43,26,1,25.02594,121.50651,17
500113008,20231118,616,43,26,1,25.02594,121.50651,17
500113008,20231118,617,43,26,1,25.02594,121.50651,17
500113008,20231118,618,43,25,1,25.02594,121.50651,18
500113008,20231118,619,43,24,1,25.02594,121.50651,19
500113008,20231118,621,43,24,1,25.02594,121.50651,19
500113008,20231118,622,43,25,1,25.02594,121.50651,18
500113008,20231118,623,43,25,1,25.02594,121.50651,18
500113008,20231118,624,43,25,1,25.02594,121.50651,18
500113008,20231118,625,43,26,1,25.02594,121.50651,17
500113008,20231118,626,43,26,1,25.02594,121.50651,17
500113008,20231118,627,43,25,1,25.02594,121.50651,18
500113008,20231118,628,43,25,1,25.02594,121.50651,18
500113008,20231118,629,43,24,1,25.02594,121.50651,19
500113008,20231118,631,43,24,1,25.02594,121.50651,19
500113008,20231118,632,43,24,1,25.02594,121.50651,19
500113008,20231118,633,43,24,1,25.02594,121.50651,19
500113008,20231118,634,43,25,1,25.02594,121.50651,18
500113008,20231118,635,43,23,1,25.02594,121.50651,20
500113008,20231118,636,43,22,1,25.02594,121.50651,21
500113008,20231118,637,43,22,1,25.02594,121.50651,21
500113008,20231118,638,43,22,1,25.02594,121.50651,21
500113008,20231118,639,43,23,1,25.02594,121.50651,20
500113008,20231118,640,43,22,1,25.02594,121.50651,21
500113008,20231118,641,43,24,1,25.02594,121.50651,19
500113008,20231118,642,43,24,1,25.02594,121.50651,19
500113008,20231118,643,43,24,1,25.02594,121.50651,19
500113008,20231118,644,43,24,1,25.02594,121.50651,19
500113008,20231118,645,43,24,1,25.02594,121.50651,19
500113008,20231118,646,43,24,1,25.02594,121.50651,19
500113008,20231118,647,43,24,1,25.02594,121.50651,19
500113008,20231118,648,43,24,1,25.02594,121.50651,19
500113008,20231118,649,43,24,1,25.02594,121.50651,19
500113008,20231118,650,43,24,1,25.02594,121.50651,19
500113008,20231118,651,43,25,1,25.02594,121.50651,18
500113008,20231118,652,43,25,1,25.02594,121.50651,18
500113008,20231118,653,43,25,1,25.02594,121.50651,18
500113008,20231118,654,43,25,1,25.02594,121.50651,18
500113008,20231118,655,43,25,1,25.02594,121.50651,18
500113008,20231118,656,43,24,1,25.02594,121.50651,19
500113008,20231118,657,43,24,1,25.02594,121.50651,19
500113008,20231118,658,43,24,1,25.02594,121.50651,19
500113008,20231118,659,43,24,1,25.02594,121.50651,19
500113008,20231118,661,43,25,1,25.02594,121.50651,18
500113008,20231118,662,43,25,1,25.02594,121.50651,18
500113008,20231118,663,43,25,1,25.02594,121.50651,18
500113008,20231118,664,43,26,1,25.02594,121.50651,17
500113008,20231118,665,43,27,1,25.02594,121.50651,16
500113008,20231118,666,43,29,1,25.02594,121.50651,14
500113008,20231118,667,43,29,1,25.02594,121.50651,14
500113008,20231118,668,43,29,1,25.02594,121.50651,14
500113008,20231118,669,43,29,1,25.02594,121.50651,14
500113008,20231118,670,43,29,1,25.02594,121.50651,14
500113008,20231118,671,43,29,1,25.02594,121.50651,14
500113008,20231118,672,43,29,1,25.02594,121.50651,14
500113008,20231118,673,43,29,1,25.02594,121.50651,14
500113008,20231118,674,43,30,1,25.02594,121.50651,13
500113008,20231118,675,43,29,1,25.02594,121.50651,14
500113008,20231118,676,43,29,1,25.02594,121.50651,14
500113008,20231118,677,43,28,1,25.02594,121.50651,15
500113008,20231118,678,43,28,1,25.02594,121.50651,15
500113008,20231118,679,43,28,1,25.02594,121.50651,15
500113008,20231118,681,43,27,1,25.02594,121.50651,16
500113008,20231118,682,43,27,1,25.02594,121.50651,16
500113008,20231118,683,43,26,1,25.02594,121.50651,17
500113008,20231118,684,43,26,1,25.02594,121.50651,17
500113008,20231118,685,43,27,1,25.02594,121.50651,16
500113008,20231118,686,43,27,1,25.02594,121.50651,16
500113008,20231118,687,43,27,1,25.02594,121.50651,16
500113008,20231118,688,43,27,1,25.02594,121.50651,16
500113008,20231118,689,43,27,1,25.02594,121.50651,16
500113008,20231118,691,43,26,1,25.02594,121.50651,17
500113008,20231118,692,43,26,1,25.02594,121.50651,17
500113008,20231118,693,43,27,1,25.02594,121.50651,16
500113008,20231118,694,43,26,1,25.02594,121.50651,17
500113008,20231118,695,43,24,1,25.02594,121.50651,19
500113008,20231118,696,43,24,1,25.02594,121.50651,19
500113008,20231118,697,43,25,1,25.02594,121.50651,18
500113008,20231118,698,43,24,1,25.02594,121.50651,19
500113008,20231118,699,43,25,1,25.02594,121.50651,18
500113008,20231118,700,43,26,1,25.02594,121.50651,17
500113008,20231118,701,43,26,1,25.02594,121.50651,17
500113008,20231118,702,43,26,1,25.02594,121.50651,17
500113008,20231118,703,43,26,1,25.02594,121.50651,17
500113008,20231118,704,43,26,1,25.02594,121.50651,17
500113008,20231118,705,43,25,1,25.02594,121.50651,18
500113008,20231118,706,43,26,1,25.02594,121.50651,17
500113008,20231118,707,43,25,1,25.02594,121.50651,18
500113008,20231118,708,43,25,1,25.02594,121.50651,18
500113008,20231118,709,43,26,1,25.02594,121.50651,17
500113008,20231118,710,43,26,1,25.02594,121.50651,17
500113008,20231118,711,43,27,1,25.02594,121.50651,16
500113008,20231118,712,43,27,1,25.02594,121.50651,16
500113008,20231118,713,43,27,1,25.02594,121.50651,16
500113008,20231118,714,43,28,1,25.02594,121.50651,15
500113008,20231118,715,43,28,1,25.02594,121.50651,15
500113008,20231118,716,43,30,1,25.02594,121.50651,13
500113008,20231118,717,43,30,1,25.02594,121.50651,13
500113008,20231118,718,43,30,1,25.02594,121.50651,13
500113008,20231118,719,43,29,1,25.02594,121.50651,14
500113008,20231118,721,43,29,1,25.02594,121.50651,14
500113008,20231118,722,43,29,1,25.02594,121.50651,14
500113008,20231118,723,43,29,1,25.02594,121.50651,14
500113008,20231118,724,43,29,1,25.02594,121.50651,14
500113008,20231118,725,43,29,1,25.02594,121.50651,14
500113008,20231118,726,43,28,1,25.02594,121.50651,15
500113008,20231118,727,43,28,1,25.02594,121.50651,15
500113008,20231118,728,43,28,1,25.02594,121.50651,15
500113008,20231118,729,43,29,1,25.02594,121.50651,14
500113008,20231118,730,43,28,1,25.02594,121.50651,15
500113008,20231118,731,43,26,1,25.02594,121.50651,17
500113008,20231118,732,43,26,1,25.02594,121.50651,17
500113008,20231118,733,43,25,1,25.02594,121.50651,18
500113008,20231118,734,43,25,1,25.02594,121.50651,18
500113008,20231118,735,43,25,1,25.02594,121.50651,18
500113008,20231118,736,43,25,1,25.02594,121.50651,18
500113008,20231118,737,43,25,1,25.02594,121.50651,18
500113008,20231118,738,43,24,1,25.02594,121.50651,19
500113008,20231118,739,43,24,1,25.02594,121.50651,19
500113008,20231118,741,43,25,1,25.02594,121.50651,18
500113008,20231118,742,43,25,1,25.02594,121.50651,18
500113008,20231118,743,43,26,1,25.02594,121.50651,17
500113008,20231118,744,43,26,1,25.02594,121.50651,17
500113008,20231118,745,43,27,1,25.02594,121.50651,16
500113008,20231118,746,43,27,1,25.02594,121.50651,16
500113008,20231118,747,43,27,1,25.02594,121.50651,16
500113008,20231118,748,43,28,1,25.02594,121.50651,15
500113008,20231118,749,43,28,1,25.02594,121.50651,15
500113008,20231118,751,43,28,1,25.02594,121.50651,15
500113008,20231118,752,43,28,1,25.02594,121.50651,15
500113008,20231118,753,43,29,1,25.02594,121.50651,14
500113008,20231118,754,43,29,1,25.02594,121.50651,14
500113008,20231118,755,43,29,1,25.02594,121.50651,14
500113008,20231118,756,43,29,1,25.02594,121.50651,14
500113008,20231118,757,43,29,1,25.02594,121.50651,14
500113008,20231118,758,43,29,1,25.02594,121.50651,14
500113008,20231118,759,43,29,1,25.02594,121.50651,14
500113008,20231118,760,43,29,1,25.02594,121.50651,14
500113008,20231118,761,43,29,1,25.02594,121.50651,14
500113008,20231118,762,43,28,1,25.02594,121.50651,15
500113008,20231118,763,43,27,1,25.02594,121.50651,16
500113008,20231118,764,43,27,1,25.02594,121.50651,16
500113008,20231118,765,43,26,1,25.02594,121.50651,17
500113008,20231118,766,43,26,1,25.02594,121.50651,17
500113008,20231118,767,43,26,1,25.02594,121.50651,17
500113008,20231118,768,43,26,1,25.02594,121.50651,17
500113008,20231118,769,43,26,1,25.02594,121.50651,17
500113008,20231118,770,43,26,1,25.02594,121.50651,17
500113008,20231118,771,43,26,1,25.02594,121.50651,17
500113008,20231118,772,43,27,1,25.02594,121.50651,16
500113008,20231118,773,43,27,1,25.02594,121.50651,16
500113008,20231118,774,43,28,1,25.02594,121.50651,15
500113008,20231118,775,43,28,1,25.02594,121.50651,15
500113008,20231118,776,43,28,1,25.02594,121.50651,15
500113008,20231118,778,43,28,1,25.02594,121.50651,15
500113008,20231118,779,43,28,1,25.02594,121.50651,15
500113008,20231118,782,43,24,1,25.02594,121.50651,19
500113008,20231118,783,43,24,1,25.02594,121.50651,19
500113008,20231118,784,43,24,1,25.02594,121.50651,19
500113008,20231118,785,43,24,1,25.02594,121.50651,19
500113008,20231118,787,43,24,1,25.02594,121.50651,19
500113008,20231118,789,43,25,1,25.02594,121.50651,18
500113008,20231118,791,43,25,1,25.02594,121.50651,18
500113008,20231118,792,43,26,1,25.02594,121.50651,17
500113008,20231118,794,43,25,1,25.02594,121.50651,18
500113008,20231118,795,43,25,1,25.02594,121.50651,18
500113008,20231118,797,43,25,1,25.02594,121.50651,18
500113008,20231118,798,43,25,1,25.02594,121.50651,18
500113008,20231118,799,43,25,1,25.02594,121.50651,18
500113008,20231118,801,43,25,1,25.02594,121.50651,18
500113008,20231118,803,43,23,1,25.02594,121.50651,20
500113008,20231118,805,43,23,1,25.02594,121.50651,20
500113008,20231118,806,43,23,1,25.02594,121.50651,20
500113008,20231118,807,43,22,1,25.02594,121.50651,21
500113008,20231118,808,43,21,1,25.02594,121.50651,22
500113008,20231118,809,43,21,1,25.02594,121.50651,22
500113008,20231118,811,43,20,1,25.02594,121.50651,23
500113008,20231118,812,43,19,1,25.02594,121.50651,24
500113008,20231118,813,43,19,1,25.02594,121.50651,24
500113008,20231118,814,43,19,1,25.02594,121.50651,24
500113008,20231118,815,43,19,1,25.02594,121.50651,24
500113008,20231118,816,43,19,1,25.02594,121.50651,24
500113008,20231118,817,43,19,1,25.02594,121.50651,24
500113008,20231118,818,43,20,1,25.02594,121.50651,23
500113008,20231118,819,43,20,1,25.02594,121.50651,23
500113008,20231118,821,43,20,1,25.02594,121.50651,23
500113008,20231118,822,43,20,1,25.02594,121.50651,23
500113008,20231118,824,43,22,1,25.02594,121.50651,21
500113008,20231118,825,43,21,1,25.02594,121.50651,22
500113008,20231118,826,43,23,1,25.02594,121.50651,20
500113008,20231118,827,43,24,1,25.02594,121.50651,19
500113008,20231118,828,43,24,1,25.02594,121.50651,19
500113008,20231118,829,43,24,1,25.02594,121.50651,19
500113008,20231118,831,43,23,1,25.02594,121.50651,20
500113008,20231118,832,43,24,1,25.02594,121.50651,19
500113008,20231118,833,43,24,1,25.02594,121.50651,19
500113008,20231118,834,43,24,1,25.02594,121.50651,19
500113008,20231118,835,43,24,1,25.02594,121.50651,19
500113008,20231118,836,43,25,1,25.02594,121.50651,18
500113008,20231118,837,43,26,1,25.02594,121.50651,17
500113008,20231118,838,43,26,1,25.02594,121.50651,17
500113008,20231118,839,43,26,1,25.02594,121.50651,17
500113008,20231118,841,43,25,1,25.02594,121.50651,18
500113008,20231118,842,43,25,1,25.02594,121.50651,18
500113008,20231118,843,43,26,1,25.02594,121.50651,17
500113008,20231118,844,43,26,1,25.02594,121.50651,17
500113008,20231118,845,43,26,1,25.02594,121.50651,17
500113008,20231118,846,43,26,1,25.02594,121.50651,17
500113008,20231118,847,43,25,1,25.02594,121.50651,18
500113008,20231118,848,43,25,1,25.02594,121.50651,18
500113008,20231118,849,43,24,1,25.02594,121.50651,19
500113008,20231118,851,43,24,1,25.02594,121.50651,19
500113008,20231118,852,43,24,1,25.02594,121.50651,19
500113008,20231118,853,43,24,1,25.02594,121.50651,19
500113008,20231118,854,43,24,1,25.02594,121.50651,19
500113008,20231118,855,43,24,1,25.02594,121.50651,19
500113008,20231118,856,43,24,1,25.02594,121.50651,19
500113008,20231118,857,43,24,1,25.02594,121.50651,19
500113008,20231118,858,43,23,1,25.02594,121.50651,20
500113008,20231118,859,43,23,1,25.02594,121.50651,20
500113008,20231118,861,43,23,1,25.02594,121.50651,20
500113008,20231118,862,43,22,1,25.02594,121.50651,21
500113008,20231118,863,43,22,1,25.02594,121.50651,21
500113008,20231118,864,43,22,1,25.02594,121.50651,21
500113008,20231118,865,43,22,1,25.02594,121.50651,21
500113008,20231118,866,43,22,1,25.02594,121.50651,21
500113008,20231118,868,43,22,1,25.02594,121.50651,21
500113008,20231118,869,43,22,1,25.02594,121.50651,21
500113008,20231118,871,43,22,1,25.02594,121.50651,21
500113008,20231118,872,43,24,1,25.02594,121.50651,19
500113008,20231118,873,43,25,1,25.02594,121.50651,18
500113008,20231118,874,43,25,1,25.02594,121.50651,18
500113008,20231118,876,43,24,1,25.02594,121.50651,19
500113008,20231118,877,43,24,1,25.02594,121.50651,19
500113008,20231118,878,43,24,1,25.02594,121.50651,19
500113008,20231118,879,43,24,1,25.02594,121.50651,19
500113008,20231118,881,43,27,1,25.02594,121.50651,16
500113008,20231118,882,43,26,1,25.02594,121.50651,17
500113008,20231118,883,43,25,1,25.02594,121.50651,18
500113008,20231118,886,43,26,1,25.02594,121.50651,17
500113008,20231118,887,43,26,1,25.02594,121.50651,17
500113008,20231118,888,43,26,1,25.02594,121.50651,17
500113008,20231118,889,43,26,1,25.02594,121.50651,17
500113008,20231118,891,43,26,1,25.02594,121.50651,17
500113008,20231118,892,43,26,1,25.02594,121.50651,17
500113008,20231118,893,43,26,1,25.02594,121.50651,17
500113008,20231118,894,43,26,1,25.02594,121.50651,17
500113008,20231118,895,43,26,1,25.02594,121.50651,17
500113008,20231118,896,43,24,1,25.02594,121.50651,19
500113008,20231118,897,43,24,1,25.02594,121.50651,19
500113008,20231118,898,43,24,1,25.02594,121.50651,19
500113008,20231118,899,43,24,1,25.02594,121.50651,19
500113008,20231118,901,43,24,1,25.02594,121.50651,19
500113008,20231118,902,43,24,1,25.02594,121.50651,19
500113008,20231118,903,43,24,1,25.02594,121.50651,19
500113008,20231118,904,43,24,1,25.02594,121.50651,19
500113008,20231118,905,43,24,1,25.02594,121.50651,19
500113008,20231118,906,43,24,1,25.02594,121.50651,19
500113008,20231118,907,43,26,1,25.02594,121.50651,17
500113008,20231118,908,43,27,1,25.02594,121.50651,16
500113008,20231118,909,43,26,1,25.02594,121.50651,17
500113008,20231118,910,43,26,1,25.02594,121.50651,17
500113008,20231118,911,43,26,1,25.02594,121.50651,17
500113008,20231118,912,43,29,1,25.02594,121.50651,14
500113008,20231118,913,43,30,1,25.02594,121.50651,13
500113008,20231118,914,43,30,1,25.02594,121.50651,13
500113008,20231118,915,43,29,1,25.02594,121.50651,14
500113008,20231118,916,43,28,1,25.02594,121.50651,15
500113008,20231118,917,43,28,1,25.02594,121.50651,15
500113008,20231118,918,43,29,1,25.02594,121.50651,14
500113008,20231118,919,43,28,1,25.02594,121.50651,15
500113008,20231118,921,43,28,1,25.02594,121.50651,15
500113008,20231118,922,43,30,1,25.02594,121.50651,13
500113008,20231118,923,43,30,1,25.02594,121.50651,13
500113008,20231118,924,43,30,1,25.02594,121.50651,13
500113008,20231118,925,43,30,1,25.02594,121.50651,13
500113008,20231118,926,43,30,1,25.02594,121.50651,13
500113008,20231118,927,43,30,1,25.02594,121.50651,13
500113008,20231118,928,43,30,1,25.02594,121.50651,13
500113008,20231118,929,43,30,1,25.02594,121.50651,13
500113008,20231118,931,43,29,1,25.02594,121.50651,14
500113008,20231118,932,43,30,1,25.02594,121.50651,13
500113008,20231118,933,43,30,1,25.02594,121.50651,13
500113008,20231118,934,43,30,1,25.02594,121.50651,13
500113008,20231118,935,43,30,1,25.02594,121.50651,13
500113008,20231118,936,43,30,1,25.02594,121.50651,13
500113008,20231118,937,43,30,1,25.02594,121.50651,13
500113008,20231118,938,43,30,1,25.02594,121.50651,13
500113008,20231118,939,43,29,1,25.02594,121.50651,14
500113008,20231118,940,43,30,1,25.02594,121.50651,13
500113008,20231118,941,43,29,1,25.02594,121.50651,14
500113008,20231118,942,43,29,1,25.02594,121.50651,14
500113008,20231118,943,43,28,1,25.02594,121.50651,15
500113008,20231118,944,43,28,1,25.02594,121.50651,15
500113008,20231118,945,43,28,1,25.02594,121.50651,15
500113008,20231118,946,43,28,1,25.02594,121.50651,15
500113008,20231118,947,43,29,1,25.02594,121.50651,14
500113008,20231118,948,43,29,1,25.02594,121.50651,14
500113008,20231118,949,43,26,1,25.02594,121.50651,17
500113008,20231118,950,43,26,1,25.02594,121.50651,17
500113008,20231118,951,43,26,1,25.02594,121.50651,17
500113008,20231118,952,43,26,1,25.02594,121.50651,17
500113008,20231118,953,43,23,1,25.02594,121.50651,20
500113008,20231118,954,43,23,1,25.02594,121.50651,20
500113008,20231118,955,43,23,1,25.02594,121.50651,20
500113008,20231118,956,43,23,1,25.02594,121.50651,20
500113008,20231118,957,43,26,1,25.02594,121.50651,17
500113008,20231118,958,43,26,1,25.02594,121.50651,17
500113008,20231118,959,43,26,1,25.02594,121.50651,17
500113008,20231118,961,43,30,1,25.02594,121.50651,13
500113008,20231118,962,43,30,1,25.02594,121.50651,13
500113008,20231118,963,43,30,1,25.02594,121.50651,13
500113008,20231118,964,43,30,1,25.02594,121.50651,13
500113008,20231118,965,43,30,1,25.02594,121.50651,13
500113008,20231118,966,43,30,1,25.02594,121.50651,13
500113008,20231118,967,43,29,1,25.02594,121.50651,14
500113008,20231118,968,43,29,1,25.02594,121.50651,14
500113008,20231118,969,43,29,1,25.02594,121.50651,14
500113008,20231118,970,43,29,1,25.02594,121.50651,14
500113008,20231118,971,43,28,1,25.02594,121.50651,15
500113008,20231118,972,43,28,1,25.02594,121.50651,15
500113008,20231118,973,43,28,1,25.02594,121.50651,15
500113008,20231118,974,43,28,1,25.02594,121.50651,15
500113008,20231118,975,43,28,1,25.02594,121.50651,15
500113008,20231118,976,43,28,1,25.02594,121.50651,15
500113008,20231118,977,43,28,1,25.02594,121.50651,15
500113008,20231118,978,43,28,1,25.02594,121.50651,15
500113008,20231118,979,43,29,1,25.02594,121.50651,14
500113008,20231118,981,43,29,1,25.02594,121.50651,14
500113008,20231118,982,43,27,1,25.02594,121.50651,16
500113008,20231118,983,43,27,1,25.02594,121.50651,16
500113008,20231118,984,43,27,1,25.02594,121.50651,16
500113008,20231118,985,43,27,1,25.02594,121.50651,16
500113008,20231118,986,43,27,1,25.02594,121.50651,16
500113008,20231118,987,43,28,1,25.02594,121.50651,15
500113008,20231118,988,43,28,1,25.02594,121.50651,15
500113008,20231118,989,43,29,1,25.02594,121.50651,14
500113008,20231118,991,43,28,1,25.02594,121.50651,15
500113008,20231118,992,43,28,1,25.02594,121.50651,15
500113008,20231118,993,43,28,1,25.02594,121.50651,15
500113008,20231118,994,43,28,1,25.02594,121.50651,15
500113008,20231118,995,43,28,1,25.02594,121.50651,15
500113008,20231118,996,43,28,1,25.02594,121.50651,15
500113008,20231118,997,43,28,1,25.02594,121.50651,15
500113008,20231118,998,43,29,1,25.02594,121.50651,14
500113008,20231118,999,43,29,1,25.02594,121.50651,14
500113008,20231118,1000,43,29,1,25.02594,121.50651,14
500113008,20231118,1001,43,29,1,25.02594,121.50651,14
500113008,20231118,1002,43,29,1,25.02594,121.50651,14
500113008,20231118,1003,43,29,1,25.02594,121.50651,14
500113008,20231118,1004,43,28,1,25.02594,121.50651,15
500113008,20231118,1005,43,28,1,25.02594,121.50651,15
500113008,20231118,1006,43,27,1,25.02594,121.50651,16
500113008,20231118,1007,43,27,1,25.02594,121.50651,16
500113008,20231118,1008,43,26,1,25.02594,121.50651,17
500113008,20231118,1009,43,26,1,25.02594,121.50651,17
500113008,20231118,1010,43,25,1,25.02594,121.50651,18
500113008,20231118,1011,43,25,1,25.02594,121.50651,18
500113008,20231118,1012,43,25,1,25.02594,121.50651,18
500113008,20231118,1013,43,24,1,25.02594,121.50651,19
500113008,20231118,1014,43,24,1,25.02594,121.50651,19
500113008,20231118,1015,43,24,1,25.02594,121.50651,19
500113008,20231118,1016,43,23,1,25.02594,121.50651,20
500113008,20231118,1017,43,22,1,25.02594,121.50651,21
500113008,20231118,1018,43,22,1,25.02594,121.50651,21
500113008,20231118,1019,43,22,1,25.02594,121.50651,21
500113008,20231118,1021,43,22,1,25.02594,121.50651,21
500113008,20231118,1022,43,22,1,25.02594,121.50651,21
500113008,20231118,1023,43,22,1,25.02594,121.50651,21
500113008,20231118,1024,43,22,1,25.02594,121.50651,21
500113008,20231118,1025,43,23,1,25.02594,121.50651,20
500113008,20231118,1026,43,23,1,25.02594,121.50651,20
500113008,20231118,1027,43,23,1,25.02594,121.50651,20
500113008,20231118,1028,43,23,1,25.02594,121.50651,20
500113008,20231118,1029,43,22,1,25.02594,121.50651,21
500113008,20231118,1030,43,22,1,25.02594,121.50651,21
500113008,20231118,1031,43,22,1,25.02594,121.50651,21
500113008,20231118,1032,43,22,1,25.02594,121.50651,21
500113008,20231118,1033,43,22,1,25.02594,121.50651,21
500113008,20231118,1034,43,22,1,25.02594,121.50651,21
500113008,20231118,1035,43,22,1,25.02594,121.50651,21
500113008,20231118,1036,43,22,1,25.02594,121.50651,21
500113008,20231118,1037,43,22,1,25.02594,121.50651,21
500113008,20231118,1038,43,22,1,25.02594,121.50651,21
500113008,20231118,1039,43,22,1,25.02594,121.50651,21
500113008,20231118,1041,43,21,1,25.02594,121.50651,22
500113008,20231118,1042,43,21,1,25.02594,121.50651,22
500113008,20231118,1043,43,21,1,25.02594,121.50651,22
500113008,20231118,1044,43,24,1,25.02594,121.50651,19
500113008,20231118,1045,43,24,1,25.02594,121.50651,19
500113008,20231118,1046,43,24,1,25.02594,121.50651,19
500113008,20231118,1047,43,24,1,25.02594,121.50651,19
500113008,20231118,1048,43,25,1,25.02594,121.50651,18
500113008,20231118,1049,43,25,1,25.02594,121.50651,18
500113008,20231118,1052,43,25,1,25.02594,121.50651,18
500113008,20231118,1053,43,25,1,25.02594,121.50651,18
500113008,20231118,1054,43,25,1,25.02594,121.50651,18
500113008,20231118,1055,43,25,1,25.02594,121.50651,18
500113008,20231118,1056,43,25,1,25.02594,121.50651,18
500113008,20231118,1057,43,24,1,25.02594,121.50651,19
500113008,20231118,1058,43,24,1,25.02594,121.50651,19
500113008,20231118,1059,43,24,1,25.02594,121.50651,19
500113008,20231118,1061,43,22,1,25.02594,121.50651,21
500113008,20231118,1062,43,21,1,25.02594,121.50651,22
500113008,20231118,1063,43,21,1,25.02594,121.50651,22
500113008,20231118,1064,43,21,1,25.02594,121.50651,22
500113008,20231118,1065,43,21,1,25.02594,121.50651,22
500113008,20231118,1066,43,21,1,25.02594,121.50651,22
500113008,20231118,1067,43,21,1,25.02594,121.50651,22
500113008,20231118,1068,43,21,1,25.02594,121.50651,22
500113008,20231118,1069,43,20,1,25.02594,121.50651,23
500113008,20231118,1071,43,18,1,25.02594,121.50651,25
500113008,20231118,1072,43,18,1,25.02594,121.50651,25
500113008,20231118,1073,43,18,1,25.02594,121.50651,25
500113008,20231118,1074,43,18,1,25.02594,121.50651,25
500113008,20231118,1075,43,18,1,25.02594,121.50651,25
500113008,20231118,1076,43,18,1,25.02594,121.50651,25
500113008,20231118,1077,43,18,1,25.02594,121.50651,25
500113008,20231118,1078,43,18,1,25.02594,121.50651,25
500113008,20231118,1079,43,17,1,25.02594,121.50651,26
500113008,20231118,1081,43,16,1,25.02594,121.50651,27
500113008,20231118,1082,43,16,1,25.02594,121.50651,27
500113008,20231118,1083,43,16,1,25.02594,121.50651,27
500113008,20231118,1084,43,17,1,25.02594,121.50651,26
500113008,20231118,1085,43,18,1,25.02594,121.50651,25
500113008,20231118,1086,43,17,1,25.02594,121.50651,26
500113008,20231118,1087,43,17,1,25.02594,121.50651,26
500113008,20231118,1088,43,17,1,25.02594,121.50651,26
500113008,20231118,1089,43,16,1,25.02594,121.50651,27
500113008,20231118,1091,43,18,1,25.02594,121.50651,25
500113008,20231118,1092,43,18,1,25.02594,121.50651,25
500113008,20231118,1093,43,18,1,25.02594,121.50651,25
500113008,20231118,1094,43,18,1,25.02594,121.50651,25
500113008,20231118,1095,43,18,1,25.02594,121.50651,25
500113008,20231118,1096,43,17,1,25.02594,121.50651,26
500113008,20231118,1097,43,17,1,25.02594,121.50651,26
500113008,20231118,1098,43,16,1,25.02594,121.50651,27
500113008,20231118,1099,43,15,1,25.02594,121.50651,28
500113008,20231118,1101,43,15,1,25.02594,121.50651,28
500113008,20231118,1102,43,15,1,25.02594,121.50651,28
500113008,20231118,1103,43,14,1,25.02594,121.50651,29
500113008,20231118,1104,43,14,1,25.02594,121.50651,29
500113008,20231118,1105,43,14,1,25.02594,121.50651,29
500113008,20231118,1106,43,14,1,25.02594,121.50651,29
500113008,20231118,1107,43,14,1,25.02594,121.50651,29
500113008,20231118,1108,43,14,1,25.02594,121.50651,29
500113008,20231118,1109,43,13,1,25.02594,121.50651,30
500113008,20231118,1111,43,13,1,25.02594,121.50651,30
500113008,20231118,1112,43,11,1,25.02594,121.50651,32
500113008,20231118,1113,43,10,1,25.02594,121.50651,33
500113008,20231118,1114,43,10,1,25.02594,121.50651,33
500113008,20231118,1115,43,9,1,25.02594,121.50651,34
500113008,20231118,1116,43,9,1,25.02594,121.50651,34
500113008,20231118,1117,43,9,1,25.02594,121.50651,34
500113008,20231118,1118,43,9,1,25.02594,121.50651,34
500113008,20231118,1119,43,9,1,25.02594,121.50651,34
500113008,20231118,1121,43,9,1,25.02594,121.50651,34
500113008,20231118,1122,43,9,1,25.02594,121.50651,34
500113008,20231118,1123,43,10,1,25.02594,121.50651,33
500113008,20231118,1124,43,10,1,25.02594,121.50651,33
500113008,20231118,1125,43,7,1,25.02594,121.50651,36
500113008,20231118,1126,43,7,1,25.02594,121.50651,36
500113008,20231118,1127,43,6,1,25.02594,121.50651,37
500113008,20231118,1128,43,6,1,25.02594,121.50651,37
500113008,20231118,1129,43,10,1,25.02594,121.50651,33
500113008,20231118,1131,43,11,1,25.02594,121.50651,32
500113008,20231118,1132,43,14,1,25.02594,121.50651,29
500113008,20231118,1133,43,16,1,25.02594,121.50651,27
500113008,20231118,1134,43,16,1,25.02594,121.50651,27
500113008,20231118,1135,43,16,1,25.02594,121.50651,27
500113008,20231118,1136,43,16,1,25.02594,121.50651,27
500113008,20231118,1137,43,16,1,25.02594,121.50651,27
500113008,20231118,1138,43,16,1,25.02594,121.50651,27
500113008,20231118,1139,43,16,1,25.02594,121.50651,27
500113008,20231118,1141,43,16,1,25.02594,121.50651,27
500113008,20231118,1142,43,16,1,25.02594,121.50651,27
500113008,20231118,1143,43,15,1,25.02594,121.50651,28
500113008,20231118,1144,43,15,1,25.02594,121.50651,28
500113008,20231118,1145,43,14,1,25.02594,121.50651,29
500113008,20231118,1146,43,14,1,25.02594,121.50651,29
500113008,20231118,1147,43,13,1,25.02594,121.50651,30
500113008,20231118,1148,43,13,1,25.02594,121.50651,30
500113008,20231118,1149,43,14,1,25.02594,121.50651,29
500113008,20231118,1151,43,14,1,25.02594,121.50651,29
500113008,20231118,1152,43,14,1,25.02594,121.50651,29
500113008,20231118,1153,43,14,1,25.02594,121.50651,29
500113008,20231118,1154,43,14,1,25.02594,121.50651,29
500113008,20231118,1155,43,14,1,25.02594,121.50651,29
500113008,20231118,1156,43,14,1,25.02594,121.50651,29
500113008,20231118,1157,43,16,1,25.02594,121.50651,27
500113008,20231118,1158,43,16,1,25.02594,121.50651,27
500113008,20231118,1159,43,16,1,25.02594,121.50651,27
500113008,20231118,1161,43,15,1,25.02594,121.50651,28
500113008,20231118,1162,43,14,1,25.02594,121.50651,29
500113008,20231118,1163,43,14,1,25.02594,121.50651,29
500113008,20231118,1164,43,14,1,25.02594,121.50651,29
500113008,20231118,1165,43,14,1,25.02594,121.50651,29
500113008,20231118,1166,43,15,1,25.02594,121.50651,28
500113008,20231118,1167,43,15,1,25.02594,121.50651,28
500113008,20231118,1168,43,15,1,25.02594,121.50651,28
500113008,20231118,1169,43,15,1,25.02594,121.50651,28
500113008,20231118,1171,43,16,1,25.02594,121.50651,27
500113008,20231118,1172,43,16,1,25.02594,121.50651,27
500113008,20231118,1173,43,16,1,25.02594,121.50651,27
500113008,20231118,1174,43,16,1,25.02594,121.50651,27
500113008,20231118,1175,43,18,1,25.02594,121.50651,25
500113008,20231118,1176,43,18,1,25.02594,121.50651,25
500113008,20231118,1177,43,18,1,25.02594,121.50651,25
500113008,20231118,1178,43,18,1,25.02594,121.50651,25
500113008,20231118,1179,43,18,1,25.02594,121.50651,25
500113008,20231118,1180,43,18,1,25.02594,121.50651,25
500113008,20231118,1181,43,18,1,25.02594,121.50651,25
500113008,20231118,1182,43,18,1,25.02594,121.50651,25
500113008,20231118,1183,43,19,1,25.02594,121.50651,24
500113008,20231118,1184,43,18,1,25.02594,121.50651,25
500113008,20231118,1185,43,18,1,25.02594,121.50651,25
500113008,20231118,1186,43,18,1,25.02594,121.50651,25
500113008,20231118,1187,43,18,1,25.02594,121.50651,25
500113008,20231118,1188,43,19,1,25.02594,121.50651,24
500113008,20231118,1189,43,19,1,25.02594,121.50651,24
500113008,20231118,1190,43,19,1,25.02594,121.50651,24
500113008,20231118,1191,43,19,1,25.02594,121.50651,24
500113008,20231118,1192,43,19,1,25.02594,121.50651,24
500113008,20231118,1193,43,19,1,25.02594,121.50651,24
500113008,20231118,1194,43,18,1,25.02594,121.50651,25
500113008,20231118,1195,43,18,1,25.02594,121.50651,25
500113008,20231118,1196,43,18,1,25.02594,121.50651,25
500113008,20231118,1197,43,17,1,25.02594,121.50651,26
500113008,20231118,1198,43,17,1,25.02594,121.50651,26
500113008,20231118,1199,43,18,1,25.02594,121.50651,25
500113008,20231118,1201,43,18,1,25.02594,121.50651,25
500113008,20231118,1202,43,18,1,25.02594,121.50651,25
500113008,20231118,1203,43,17,1,25.02594,121.50651,26
500113008,20231118,1204,43,18,1,25.02594,121.50651,25
500113008,20231118,1205,43,17,1,25.02594,121.50651,26
500113008,20231118,1206,43,18,1,25.02594,121.50651,25
500113008,20231118,1207,43,18,1,25.02594,121.50651,25
500113008,20231118,1208,43,18,1,25.02594,121.50651,25
500113008,20231118,1209,43,18,1,25.02594,121.50651,25
500113008,20231118,1210,43,18,1,25.02594,121.50651,25
500113008,20231118,1211,43,18,1,25.02594,121.50651,25
500113008,20231118,1212,43,18,1,25.02594,121.50651,25
500113008,20231118,1213,43,18,1,25.02594,121.50651,25
500113008,20231118,1214,43,18,1,25.02594,121.50651,25
500113008,20231118,1215,43,18,1,25.02594,121.50651,25
500113008,20231118,1216,43,19,1,25.02594,121.50651,24
500113008,20231118,1217,43,19,1,25.02594,121.50651,24
500113008,20231118,1218,43,19,1,25.02594,121.50651,24
500113008,20231118,1219,43,21,1,25.02594,121.50651,22
500113008,20231118,1221,43,21,1,25.02594,121.50651,22
500113008,20231118,1222,43,21,1,25.02594,121.50651,22
500113008,20231118,1223,43,21,1,25.02594,121.50651,22
500113008,20231118,1224,43,22,1,25.02594,121.50651,21
500113008,20231118,1225,43,22,1,25.02594,121.50651,21
500113008,20231118,1226,43,23,1,25.02594,121.50651,20
500113008,20231118,1227,43,23,1,25.02594,121.50651,20
500113008,20231118,1228,43,23,1,25.02594,121.50651,20
500113008,20231118,1229,43,22,1,25.02594,121.50651,21
500113008,20231118,1230,43,22,1,25.02594,121.50651,21
500113008,20231118,1231,43,21,1,25.02594,121.50651,22
500113008,20231118,1232,43,21,1,25.02594,121.50651,22
500113008,20231118,1233,43,21,1,25.02594,121.50651,22
500113008,20231118,1234,43,21,1,25.02594,121.50651,22
500113008,20231118,1235,43,22,1,25.02594,121.50651,21
500113008,20231118,1236,43,22,1,25.02594,121.50651,21
500113008,20231118,1237,43,22,1,25.02594,121.50651,21
500113008,20231118,1238,43,23,1,25.02594,121.50651,20
500113008,20231118,1239,43,23,1,25.02594,121.50651,20
500113008,20231118,1240,43,23,1,25.02594,121.50651,20
500113008,20231118,1241,43,23,1,25.02594,121.50651,20
500113008,20231118,1242,43,23,1,25.02594,121.50651,20
500113008,20231118,1243,43,23,1,25.02594,121.50651,20
500113008,20231118,1244,43,23,1,25.02594,121.50651,20
500113008,20231118,1245,43,23,1,25.02594,121.50651,20
500113008,20231118,1246,43,23,1,25.02594,121.50651,20
500113008,20231118,1247,43,23,1,25.02594,121.50651,20
500113008,20231118,1248,43,23,1,25.02594,121.50651,20
500113008,20231118,1249,43,23,1,25.02594,121.50651,20
500113008,20231118,1250,43,23,1,25.02594,121.50651,20
500113008,20231118,1251,43,23,1,25.02594,121.50651,20
500113008,20231118,1252,43,23,1,25.02594,121.50651,20
500113008,20231118,1253,43,23,1,25.02594,121.50651,20
500113008,20231118,1254,43,24,1,25.02594,121.50651,19
500113008,20231118,1255,43,24,1,25.02594,121.50651,19
500113008,20231118,1256,43,24,1,25.02594,121.50651,19
500113008,20231118,1257,43,24,1,25.02594,121.50651,19
500113008,20231118,1258,43,24,1,25.02594,121.50651,19
500113008,20231118,1259,43,24,1,25.02594,121.50651,19
500113008,20231118,1261,43,24,1,25.02594,121.50651,19
500113008,20231118,1262,43,24,1,25.02594,121.50651,19
500113008,20231118,1263,43,23,1,25.02594,121.50651,20
500113008,20231118,1264,43,23,1,25.02594,121.50651,20
500113008,20231118,1265,43,23,1,25.02594,121.50651,20
500113008,20231118,1266,43,23,1,25.02594,121.50651,20
500113008,20231118,1267,43,23,1,25.02594,121.50651,20
500113008,20231118,1268,43,23,1,25.02594,121.50651,20
500113008,20231118,1269,43,23,1,25.02594,121.50651,20
500113008,20231118,1270,43,23,1,25.02594,121.50651,20
500113008,20231118,1271,43,23,1,25.02594,121.50651,20
500113008,20231118,1272,43,23,1,25.02594,121.50651,20
500113008,20231118,1273,43,23,1,25.02594,121.50651,20
500113008,20231118,1274,43,23,1,25.02594,121.50651,20
500113008,20231118,1275,43,19,1,25.02594,121.50651,24
500113008,20231118,1276,43,19,1,25.02594,121.50651,24
500113008,20231118,1277,43,19,1,25.02594,121.50651,24
500113008,20231118,1278,43,20,1,25.02594,121.50651,23
500113008,20231118,1279,43,21,1,25.02594,121.50651,22
500113008,20231118,1281,43,21,1,25.02594,121.50651,22
500113008,20231118,1282,43,21,1,25.02594,121.50651,22
500113008,20231118,1283,43,21,1,25.02594,121.50651,22
500113008,20231118,1284,43,21,1,25.02594,121.50651,22
500113008,20231118,1285,43,21,1,25.02594,121.50651,22
500113008,20231118,1286,43,20,1,25.02594,121.50651,23
500113008,20231118,1287,43,20,1,25.02594,121.50651,23
500113008,20231118,1288,43,20,1,25.02594,121.50651,23
500113008,20231118,1289,43,20,1,25.02594,121.50651,23
500113008,20231118,1290,43,20,1,25.02594,121.50651,23
500113008,20231118,1291,43,20,1,25.02594,121.50651,23
500113008,20231118,1292,43,20,1,25.02594,121.50651,23
500113008,20231118,1293,43,20,1,25.02594,121.50651,23
500113008,20231118,1294,43,20,1,25.02594,121.50651,23
500113008,20231118,1295,43,20,1,25.02594,121.50651,23
500113008,20231118,1296,43,20,1,25.02594,121.50651,23
500113008,20231118,1297,43,20,1,25.02594,121.50651,23
500113008,20231118,1298,43,20,1,25.02594,121.50651,23
500113008,20231118,1299,43,21,1,25.02594,121.50651,22
500113008,20231118,1300,43,21,1,25.02594,121.50651,22
500113008,20231118,1301,43,21,1,25.02594,121.50651,22
500113008,20231118,1302,43,21,1,25.02594,121.50651,22
500113008,20231118,1303,43,22,1,25.02594,121.50651,21
500113008,20231118,1304,43,22,1,25.02594,121.50651,21
500113008,20231118,1305,43,23,1,25.02594,121.50651,20
500113008,20231118,1306,43,23,1,25.02594,121.50651,20
500113008,20231118,1307,43,23,1,25.02594,121.50651,20
500113008,20231118,1308,43,23,1,25.02594,121.50651,20
500113008,20231118,1309,43,23,1,25.02594,121.50651,20
500113008,20231118,1310,43,23,1,25.02594,121.50651,20
500113008,20231118,1311,43,23,1,25.02594,121.50651,20
500113008,20231118,1312,43,23,1,25.02594,121.50651,20
500113008,20231118,1313,43,23,1,25.02594,121.50651,20
500113008,20231118,1314,43,24,1,25.02594,121.50651,19
500113008,20231118,1315,43,24,1,25.02594,121.50651,19
500113008,20231118,1316,43,24,1,25.02594,121.50651,19
500113008,20231118,1317,43,24,1,25.02594,121.50651,19
500113008,20231118,1318,43,24,1,25.02594,121.50651,19
500113008,20231118,1319,43,24,1,25.02594,121.50651,19
500113008,20231118,1321,43,25,1,25.02594,121.50651,18
500113008,20231118,1322,43,25,1,25.02594,121.50651,18
500113008,20231118,1323,43,25,1,25.02594,121.50651,18
500113008,20231118,1324,43,25,1,25.02594,121.50651,18
500113008,20231118,1325,43,24,1,25.02594,121.50651,19
500113008,20231118,1326,43,23,1,25.02594,121.50651,20
500113008,20231118,1327,43,23,1,25.02594,121.50651,20
500113008,20231118,1328,43,23,1,25.02594,121.50651,20
500113008,20231118,1329,43,23,1,25.02594,121.50651,20
500113008,20231118,1330,43,23,1,25.02594,121.50651,20
500113008,20231118,1331,43,23,1,25.02594,121.50651,20
500113008,20231118,1332,43,23,1,25.02594,121.50651,20
500113008,20231118,1333,43,23,1,25.02594,121.50651,20
500113008,20231118,1334,43,24,1,25.02594,121.50651,19
500113008,20231118,1335,43,24,1,25.02594,121.50651,19
500113008,20231118,1336,43,24,1,25.02594,121.50651,19
500113008,20231118,1337,43,24,1,25.02594,121.50651,19
500113008,20231118,1339,43,24,1,25.02594,121.50651,19
500113008,20231118,1341,43,24,1,25.02594,121.50651,19
500113008,20231118,1342,43,24,1,25.02594,121.50651,19
500113008,20231118,1343,43,24,1,25.02594,121.50651,19
500113008,20231118,1344,43,24,1,25.02594,121.50651,19
500113008,20231118,1345,43,24,1,25.02594,121.50651,19
500113008,20231118,1346,43,24,1,25.02594,121.50651,19
500113008,20231118,1347,43,24,1,25.02594,121.50651,19
500113008,20231118,1348,43,24,1,25.02594,121.50651,19
500113008,20231118,1349,43,24,1,25.02594,121.50651,19
500113008,20231118,1351,43,24,1,25.02594,121.50651,19
500113008,20231118,1352,43,24,1,25.02594,121.50651,19
500113008,20231118,1353,43,23,1,25.02594,121.50651,20
500113008,20231118,1354,43,23,1,25.02594,121.50651,20
500113008,20231118,1355,43,23,1,25.02594,121.50651,20
500113008,20231118,1356,43,23,1,25.02594,121.50651,20
500113008,20231118,1357,43,23,1,25.02594,121.50651,20
500113008,20231118,1358,43,23,1,25.02594,121.50651,20
500113008,20231118,1359,43,23,1,25.02594,121.50651,20
500113008,20231118,1361,43,23,1,25.02594,121.50651,20
500113008,20231118,1362,43,23,1,25.02594,121.50651,20
500113008,20231118,1363,43,23,1,25.02594,121.50651,20
500113008,20231118,1364,43,23,1,25.02594,121.50651,20
500113008,20231118,1365,43,23,1,25.02594,121.50651,20
500113008,20231118,1366,43,23,1,25.02594,121.50651,20
500113008,20231118,1367,43,22,1,25.02594,121.50651,21
500113008,20231118,1368,43,22,1,25.02594,121.50651,21
500113008,20231118,1369,43,22,1,25.02594,121.50651,21
500113008,20231118,1371,43,22,1,25.02594,121.50651,21
500113008,20231118,1372,43,22,1,25.02594,121.50651,21
500113008,20231118,1373,43,22,1,25.02594,121.50651,21
500113008,20231118,1374,43,22,1,25.02594,121.50651,21
500113008,20231118,1375,43,22,1,25.02594,121.50651,21
500113008,20231118,1376,43,22,1,25.02594,121.50651,21
500113008,20231118,1377,43,22,1,25.02594,121.50651,21
500113008,20231118,1378,43,22,1,25.02594,121.50651,21
500113008,20231118,1379,43,22,1,25.02594,121.50651,21
500113008,20231118,1381,43,22,1,25.02594,121.50651,21
500113008,20231118,1382,43,22,1,25.02594,121.50651,21
500113008,20231118,1383,43,22,1,25.02594,121.50651,21
500113008,20231118,1384,43,22,1,25.02594,121.50651,21
500113008,20231118,1385,43,22,1,25.02594,121.50651,21
500113008,20231118,1386,43,22,1,25.02594,121.50651,21
500113008,20231118,1387,43,22,1,25.02594,121.50651,21
500113008,20231118,1388,43,22,1,25.02594,121.50651,21
500113008,20231118,1389,43,22,1,25.02594,121.50651,21
500113008,20231118,1391,43,21,1,25.02594,121.50651,22
500113008,20231118,1392,43,21,1,25.02594,121.50651,22
500113008,20231118,1393,43,21,1,25.02594,121.50651,22
500113008,20231118,1394,43,21,1,25.02594,121.50651,22
500113008,20231118,1395,43,21,1,25.02594,121.50651,22
500113008,20231118,1396,43,21,1,25.02594,121.50651,22
500113008,20231118,1397,43,21,1,25.02594,121.50651,22
500113008,20231118,1398,43,22,1,25.02594,121.50651,21
500113008,20231118,1399,43,22,1,25.02594,121.50651,21
500113008,20231118,1401,43,22,1,25.02594,121.50651,21
500113008,20231118,1402,43,22,1,25.02594,121.50651,21
500113008,20231118,1403,43,22,1,25.02594,121.50651,21
500113008,20231118,1404,43,22,1,25.02594,121.50651,21
500113008,20231118,1405,43,22,1,25.02594,121.50651,21
500113008,20231118,1406,43,22,1,25.02594,121.50651,21
500113008,20231118,1407,43,22,1,25.02594,121.50651,21
500113008,20231118,1408,43,22,1,25.02594,121.50651,21
500113008,20231118,1409,43,22,1,25.02594,121.50651,21
500113008,20231118,1411,43,22,1,25.02594,121.50651,21
500113008,20231118,1412,43,22,1,25.02594,121.50651,21
500113008,20231118,1413,43,23,1,25.02594,121.50651,20
500113008,20231118,1414,43,24,1,25.02594,121.50651,19
500113008,20231118,1415,43,25,1,25.02594,121.50651,18
500113008,20231118,1416,43,25,1,25.02594,121.50651,18
500113008,20231118,1417,43,25,1,25.02594,121.50651,18
500113008,20231118,1418,43,25,1,25.02594,121.50651,18
500113008,20231118,1419,43,25,1,25.02594,121.50651,18
500113008,20231118,1421,43,25,1,25.02594,121.50651,18
500113008,20231118,1422,43,25,1,25.02594,121.50651,18
500113008,20231118,1423,43,25,1,25.02594,121.50651,18
500113008,20231118,1424,43,25,1,25.02594,121.50651,18
500113008,20231118,1425,43,25,1,25.02594,121.50651,18
500113008,20231118,1426,43,25,1,25.02594,121.50651,18
500113008,20231118,1427,43,25,1,25.02594,121.50651,18
500113008,20231118,1428,43,25,1,25.02594,121.50651,18
500113008,20231118,1429,43,25,1,25.02594,121.50651,18
500113008,20231118,1431,43,24,1,25.02594,121.50651,19
500113008,20231118,1432,43,24,1,25.02594,121.50651,19
500113008,20231118,1433,43,24,1,25.02594,121.50651,19
500113008,20231118,1434,43,24,1,25.02594,121.50651,19
500113008,20231118,1435,43,24,1,25.02594,121.50651,19
500113008,20231118,1436,43,24,1,25.02594,121.50651,19
500113008,20231118,1437,43,24,1,25.02594,121.50651,19
500113008,20231118,1438,43,24,1,25.02594,121.50651,19
500113008,20231118,1439,43,24,1,25.02594,121.50651,19
500113008,20231119,1,43,24,1,25.02594,121.50651,19
500113008,20231119,2,43,24,1,25.02594,121.50651,19
500113008,20231119,3,43,24,1,25.02594,121.50651,19
500113008,20231119,4,43,24,1,25.02594,121.50651,19
500113008,20231119,5,43,26,1,25.02594,121.50651,17
500113008,20231119,6,43,26,1,25.02594,121.50651,17
500113008,20231119,7,43,26,1,25.02594,121.50651,17
500113008,20231119,8,43,26,1,25.02594,121.50651,17
500113008,20231119,9,43,26,1,25.02594,121.50651,17
500113008,20231119,10,43,26,1,25.02594,121.50651,17
500113008,20231119,11,43,26,1,25.02594,121.50651,17
500113008,20231119,12,43,26,1,25.02594,121.50651,17
500113008,20231119,13,43,26,1,25.02594,121.50651,17
500113008,20231119,14,43,26,1,25.02594,121.50651,17
500113008,20231119,15,43,26,1,25.02594,121.50651,17
500113008,20231119,16,43,26,1,25.02594,121.50651,17
500113008,20231119,17,43,26,1,25.02594,121.50651,17
500113008,20231119,18,43,26,1,25.02594,121.50651,17
500113008,20231119,19,43,26,1,25.02594,121.50651,17
500113008,20231119,21,43,26,1,25.02594,121.50651,17
500113008,20231119,22,43,26,1,25.02594,121.50651,17
500113008,20231119,23,43,26,1,25.02594,121.50651,17
500113008,20231119,25,43,26,1,25.02594,121.50651,17
500113008,20231119,26,43,26,1,25.02594,121.50651,17
500113008,20231119,27,43,26,1,25.02594,121.50651,17
500113008,20231119,28,43,26,1,25.02594,121.50651,17
500113008,20231119,29,43,25,1,25.02594,121.50651,18
500113008,20231119,30,43,26,1,25.02594,121.50651,17
500113008,20231119,31,43,26,1,25.02594,121.50651,17
500113008,20231119,32,43,26,1,25.02594,121.50651,17
500113008,20231119,33,43,26,1,25.02594,121.50651,17
500113008,20231119,34,43,26,1,25.02594,121.50651,17
500113008,20231119,35,43,26,1,25.02594,121.50651,17
500113008,20231119,36,43,26,1,25.02594,121.50651,17
500113008,20231119,37,43,26,1,25.02594,121.50651,17
500113008,20231119,38,43,26,1,25.02594,121.50651,17
500113008,20231119,39,43,25,1,25.02594,121.50651,18
500113008,20231119,40,43,25,1,25.02594,121.50651,18
500113008,20231119,41,43,25,1,25.02594,121.50651,18
500113008,20231119,42,43,25,1,25.02594,121.50651,18
500113008,20231119,43,43,25,1,25.02594,121.50651,18
500113008,20231119,44,43,25,1,25.02594,121.50651,18
500113008,20231119,45,43,25,1,25.02594,121.50651,18
500113008,20231119,46,43,23,1,25.02594,121.50651,20
500113008,20231119,47,43,23,1,25.02594,121.50651,20
500113008,20231119,48,43,23,1,25.02594,121.50651,20
500113008,20231119,49,43,23,1,25.02594,121.50651,20
500113008,20231119,50,43,23,1,25.02594,121.50651,20
500113008,20231119,51,43,23,1,25.02594,121.50651,20
500113008,20231119,52,43,23,1,25.02594,121.50651,20
500113008,20231119,53,43,23,1,25.02594,121.50651,20
500113008,20231119,54,43,23,1,25.02594,121.50651,20
500113008,20231119,55,43,23,1,25.02594,121.50651,20
500113008,20231119,56,43,23,1,25.02594,121.50651,20
500113008,20231119,57,43,23,1,25.02594,121.50651,20
500113008,20231119,58,43,23,1,25.02594,121.50651,20
500113008,20231119,59,43,23,1,25.02594,121.50651,20
500113008,20231119,60,43,23,1,25.02594,121.50651,20
500113008,20231119,61,43,23,1,25.02594,121.50651,20
500113008,20231119,62,43,23,1,25.02594,121.50651,20
500113008,20231119,63,43,23,1,25.02594,121.50651,20
500113008,20231119,64,43,23,1,25.02594,121.50651,20
500113008,20231119,65,43,23,1,25.02594,121.50651,20
500113008,20231119,66,43,23,1,25.02594,121.50651,20
500113008,20231119,67,43,23,1,25.02594,121.50651,20
500113008,20231119,68,43,23,1,25.02594,121.50651,20
500113008,20231119,69,43,23,1,25.02594,121.50651,20
500113008,20231119,70,43,23,1,25.02594,121.50651,20
500113008,20231119,71,43,23,1,25.02594,121.50651,20
500113008,20231119,72,43,23,1,25.02594,121.50651,20
500113008,20231119,73,43,23,1,25.02594,121.50651,20
500113008,20231119,74,43,23,1,25.02594,121.50651,20
500113008,20231119,75,43,23,1,25.02594,121.50651,20
500113008,20231119,76,43,23,1,25.02594,121.50651,20
500113008,20231119,77,43,23,1,25.02594,121.50651,20
500113008,20231119,78,43,23,1,25.02594,121.50651,20
500113008,20231119,79,43,23,1,25.02594,121.50651,20
500113008,20231119,81,43,23,1,25.02594,121.50651,20
500113008,20231119,82,43,23,1,25.02594,121.50651,20
500113008,20231119,83,43,23,1,25.02594,121.50651,20
500113008,20231119,84,43,23,1,25.02594,121.50651,20
500113008,20231119,85,43,23,1,25.02594,121.50651,20
500113008,20231119,86,43,23,1,25.02594,121.50651,20
500113008,20231119,87,43,23,1,25.02594,121.50651,20
500113008,20231119,88,43,23,1,25.02594,121.50651,20
500113008,20231119,89,43,23,1,25.02594,121.50651,20
500113008,20231119,90,43,23,1,25.02594,121.50651,20
500113008,20231119,91,43,23,1,25.02594,121.50651,20
500113008,20231119,92,43,23,1,25.02594,121.50651,20
500113008,20231119,93,43,23,1,25.02594,121.50651,20
500113008,20231119,94,43,23,1,25.02594,121.50651,20
500113008,20231119,95,43,23,1,25.02594,121.50651,20
500113008,20231119,96,43,23,1,25.02594,121.50651,20
500113008,20231119,97,43,23,1,25.02594,121.50651,20
500113008,20231119,98,43,23,1,25.02594,121.50651,20
500113008,20231119,99,43,23,1,25.02594,121.50651,20
500113008,20231119,100,43,23,1,25.02594,121.50651,20
500113008,20231119,101,43,23,1,25.02594,121.50651,20
500113008,20231119,102,43,23,1,25.02594,121.50651,20
500113008,20231119,103,43,23,1,25.02594,121.50651,20
500113008,20231119,104,43,23,1,25.02594,121.50651,20
500113008,20231119,105,43,23,1,25.02594,121.50651,20
500113008,20231119,106,43,23,1,25.02594,121.50651,20
500113008,20231119,107,43,23,1,25.02594,121.50651,20
500113008,20231119,108,43,23,1,25.02594,121.50651,20
500113008,20231119,109,43,23,1,25.02594,121.50651,20
500113008,20231119,110,43,23,1,25.02594,121.50651,20
500113008,20231119,111,43,23,1,25.02594,121.50651,20
500113008,20231119,112,43,23,1,25.02594,121.50651,20
500113008,20231119,113,43,23,1,25.02594,121.50651,20
500113008,20231119,114,43,23,1,25.02594,121.50651,20
500113008,20231119,115,43,23,1,25.02594,121.50651,20
500113008,20231119,116,43,23,1,25.02594,121.50651,20
500113008,20231119,117,43,23,1,25.02594,121.50651,20
500113008,20231119,118,43,23,1,25.02594,121.50651,20
500113008,20231119,119,43,23,1,25.02594,121.50651,20
500113008,20231119,121,43,23,1,25.02594,121.50651,20
500113008,20231119,122,43,23,1,25.02594,121.50651,20
500113008,20231119,123,43,23,1,25.02594,121.50651,20
500113008,20231119,124,43,23,1,25.02594,121.50651,20
500113008,20231119,125,43,23,1,25.02594,121.50651,20
500113008,20231119,126,43,23,1,25.02594,121.50651,20
500113008,20231119,127,43,23,1,25.02594,121.50651,20
500113008,20231119,128,43,23,1,25.02594,121.50651,20
500113008,20231119,129,43,23,1,25.02594,121.50651,20
500113008,20231119,130,43,23,1,25.02594,121.50651,20
500113008,20231119,131,43,23,1,25.02594,121.50651,20
500113008,20231119,132,43,24,1,25.02594,121.50651,19
500113008,20231119,133,43,24,1,25.02594,121.50651,19
500113008,20231119,134,43,24,1,25.02594,121.50651,19
500113008,20231119,135,43,24,1,25.02594,121.50651,19
500113008,20231119,136,43,24,1,25.02594,121.50651,19
500113008,20231119,137,43,24,1,25.02594,121.50651,19
500113008,20231119,138,43,24,1,25.02594,121.50651,19
500113008,20231119,139,43,24,1,25.02594,121.50651,19
500113008,20231119,141,43,24,1,25.02594,121.50651,19
500113008,20231119,142,43,24,1,25.02594,121.50651,19
500113008,20231119,143,43,24,1,25.02594,121.50651,19
500113008,20231119,144,43,24,1,25.02594,121.50651,19
500113008,20231119,145,43,24,1,25.02594,121.50651,19
500113008,20231119,146,43,24,1,25.02594,121.50651,19
500113008,20231119,147,43,24,1,25.02594,121.50651,19
500113008,20231119,148,43,24,1,25.02594,121.50651,19
500113008,20231119,149,43,24,1,25.02594,121.50651,19
500113008,20231119,150,43,24,1,25.02594,121.50651,19
500113008,20231119,151,43,24,1,25.02594,121.50651,19
500113008,20231119,152,43,24,1,25.02594,121.50651,19
500113008,20231119,153,43,24,1,25.02594,121.50651,19
500113008,20231119,154,43,24,1,25.02594,121.50651,19
500113008,20231119,155,43,24,1,25.02594,121.50651,19
500113008,20231119,156,43,24,1,25.02594,121.50651,19
500113008,20231119,157,43,24,1,25.02594,121.50651,19
500113008,20231119,158,43,24,1,25.02594,121.50651,19
500113008,20231119,159,43,24,1,25.02594,121.50651,19
500113008,20231119,160,43,25,1,25.02594,121.50651,18
500113008,20231119,161,43,25,1,25.02594,121.50651,18
500113008,20231119,162,43,25,1,25.02594,121.50651,18
500113008,20231119,163,43,25,1,25.02594,121.50651,18
500113008,20231119,164,43,25,1,25.02594,121.50651,18
500113008,20231119,165,43,25,1,25.02594,121.50651,18
500113008,20231119,166,43,25,1,25.02594,121.50651,18
500113008,20231119,167,43,25,1,25.02594,121.50651,18
500113008,20231119,168,43,25,1,25.02594,121.50651,18
500113008,20231119,169,43,25,1,25.02594,121.50651,18
500113008,20231119,170,43,25,1,25.02594,121.50651,18
500113008,20231119,171,43,25,1,25.02594,121.50651,18
500113008,20231119,172,43,25,1,25.02594,121.50651,18
500113008,20231119,173,43,25,1,25.02594,121.50651,18
500113008,20231119,174,43,25,1,25.02594,121.50651,18
500113008,20231119,175,43,25,1,25.02594,121.50651,18
500113008,20231119,176,43,25,1,25.02594,121.50651,18
500113008,20231119,177,43,25,1,25.02594,121.50651,18
500113008,20231119,178,43,25,1,25.02594,121.50651,18
500113008,20231119,179,43,25,1,25.02594,121.50651,18
500113008,20231119,180,43,25,1,25.02594,121.50651,18
500113008,20231119,181,43,25,1,25.02594,121.50651,18
500113008,20231119,183,43,25,1,25.02594,121.50651,18
500113008,20231119,184,43,25,1,25.02594,121.50651,18
500113008,20231119,185,43,25,1,25.02594,121.50651,18
500113008,20231119,186,43,25,1,25.02594,121.50651,18
500113008,20231119,187,43,25,1,25.02594,121.50651,18
500113008,20231119,188,43,25,1,25.02594,121.50651,18
500113008,20231119,189,43,25,1,25.02594,121.50651,18
500113008,20231119,191,43,25,1,25.02594,121.50651,18
500113008,20231119,192,43,25,1,25.02594,121.50651,18
500113008,20231119,193,43,25,1,25.02594,121.50651,18
500113008,20231119,194,43,25,1,25.02594,121.50651,18
500113008,20231119,195,43,25,1,25.02594,121.50651,18
500113008,20231119,196,43,25,1,25.02594,121.50651,18
500113008,20231119,197,43,25,1,25.02594,121.50651,18
500113008,20231119,198,43,25,1,25.02594,121.50651,18
500113008,20231119,199,43,25,1,25.02594,121.50651,18
500113008,20231119,201,43,25,1,25.02594,121.50651,18
500113008,20231119,202,43,25,1,25.02594,121.50651,18
500113008,20231119,203,43,25,1,25.02594,121.50651,18
500113008,20231119,204,43,25,1,25.02594,121.50651,18
500113008,20231119,205,43,25,1,25.02594,121.50651,18
500113008,20231119,206,43,25,1,25.02594,121.50651,18
500113008,20231119,207,43,25,1,25.02594,121.50651,18
500113008,20231119,208,43,25,1,25.02594,121.50651,18
500113008,20231119,209,43,25,1,25.02594,121.50651,18
500113008,20231119,211,43,26,1,25.02594,121.50651,17
500113008,20231119,212,43,26,1,25.02594,121.50651,17
500113008,20231119,213,43,26,1,25.02594,121.50651,17
500113008,20231119,214,43,26,1,25.02594,121.50651,17
500113008,20231119,215,43,26,1,25.02594,121.50651,17
500113008,20231119,216,43,26,1,25.02594,121.50651,17
500113008,20231119,217,43,26,1,25.02594,121.50651,17
500113008,20231119,218,43,26,1,25.02594,121.50651,17
500113008,20231119,219,43,26,1,25.02594,121.50651,17
500113008,20231119,221,43,26,1,25.02594,121.50651,17
500113008,20231119,222,43,26,1,25.02594,121.50651,17
500113008,20231119,223,43,26,1,25.02594,121.50651,17
500113008,20231119,224,43,26,1,25.02594,121.50651,17
500113008,20231119,225,43,26,1,25.02594,121.50651,17
500113008,20231119,226,43,26,1,25.02594,121.50651,17
500113008,20231119,227,43,26,1,25.02594,121.50651,17
500113008,20231119,228,43,26,1,25.02594,121.50651,17
500113008,20231119,229,43,26,1,25.02594,121.50651,17
500113008,20231119,231,43,26,1,25.02594,121.50651,17
500113008,20231119,232,43,26,1,25.02594,121.50651,17
500113008,20231119,233,43,26,1,25.02594,121.50651,17
500113008,20231119,234,43,26,1,25.02594,121.50651,17
500113008,20231119,235,43,26,1,25.02594,121.50651,17
500113008,20231119,236,43,26,1,25.02594,121.50651,17
500113008,20231119,237,43,26,1,25.02594,121.50651,17
500113008,20231119,238,43,26,1,25.02594,121.50651,17
500113008,20231119,239,43,26,1,25.02594,121.50651,17
500113008,20231119,241,43,25,1,25.02594,121.50651,18
500113008,20231119,242,43,25,1,25.02594,121.50651,18
500113008,20231119,243,43,25,1,25.02594,121.50651,18
500113008,20231119,244,43,25,1,25.02594,121.50651,18
500113008,20231119,245,43,25,1,25.02594,121.50651,18
500113008,20231119,246,43,25,1,25.02594,121.50651,18
500113008,20231119,247,43,25,1,25.02594,121.50651,18
500113008,20231119,248,43,25,1,25.02594,121.50651,18
500113008,20231119,249,43,25,1,25.02594,121.50651,18
500113008,20231119,251,43,25,1,25.02594,121.50651,18
500113008,20231119,252,43,25,1,25.02594,121.50651,18
500113008,20231119,253,43,25,1,25.02594,121.50651,18
500113008,20231119,254,43,25,1,25.02594,121.50651,18
500113008,20231119,255,43,25,1,25.02594,121.50651,18
500113008,20231119,256,43,25,1,25.02594,121.50651,18
500113008,20231119,257,43,25,1,25.02594,121.50651,18
500113008,20231119,258,43,25,1,25.02594,121.50651,18
500113008,20231119,259,43,25,1,25.02594,121.50651,18
500113008,20231119,261,43,25,1,25.02594,121.50651,18
500113008,20231119,262,43,25,1,25.02594,121.50651,18
500113008,20231119,263,43,25,1,25.02594,121.50651,18
500113008,20231119,264,43,25,1,25.02594,121.50651,18
500113008,20231119,265,43,25,1,25.02594,121.50651,18
500113008,20231119,266,43,25,1,25.02594,121.50651,18
500113008,20231119,267,43,25,1,25.02594,121.50651,18
500113008,20231119,268,43,25,1,25.02594,121.50651,18
500113008,20231119,269,43,25,1,25.02594,121.50651,18
500113008,20231119,270,43,25,1,25.02594,121.50651,18
500113008,20231119,271,43,25,1,25.02594,121.50651,18
500113008,20231119,272,43,25,1,25.02594,121.50651,18
500113008,20231119,273,43,25,1,25.02594,121.50651,18
500113008,20231119,274,43,25,1,25.02594,121.50651,18
500113008,20231119,275,43,25,1,25.02594,121.50651,18
500113008,20231119,276,43,25,1,25.02594,121.50651,18
500113008,20231119,277,43,24,1,25.02594,121.50651,19
500113008,20231119,278,43,24,1,25.02594,121.50651,19
500113008,20231119,279,43,24,1,25.02594,121.50651,19
500113008,20231119,280,43,24,1,25.02594,121.50651,19
500113008,20231119,281,43,24,1,25.02594,121.50651,19
500113008,20231119,282,43,24,1,25.02594,121.50651,19
500113008,20231119,283,43,24,1,25.02594,121.50651,19
500113008,20231119,284,43,24,1,25.02594,121.50651,19
500113008,20231119,285,43,24,1,25.02594,121.50651,19
500113008,20231119,286,43,24,1,25.02594,121.50651,19
500113008,20231119,287,43,24,1,25.02594,121.50651,19
500113008,20231119,288,43,24,1,25.02594,121.50651,19
500113008,20231119,289,43,24,1,25.02594,121.50651,19
500113008,20231119,290,43,24,1,25.02594,121.50651,19
500113008,20231119,291,43,23,1,25.02594,121.50651,20
500113008,20231119,292,43,23,1,25.02594,121.50651,20
500113008,20231119,293,43,23,1,25.02594,121.50651,20
500113008,20231119,294,43,23,1,25.02594,121.50651,20
500113008,20231119,295,43,23,1,25.02594,121.50651,20
500113008,20231119,296,43,23,1,25.02594,121.50651,20
500113008,20231119,297,43,23,1,25.02594,121.50651,20
500113008,20231119,298,43,23,1,25.02594,121.50651,20
500113008,20231119,299,43,23,1,25.02594,121.50651,20
500113008,20231119,300,43,23,1,25.02594,121.50651,20
500113008,20231119,301,43,23,1,25.02594,121.50651,20
500113008,20231119,302,43,23,1,25.02594,121.50651,20
500113008,20231119,303,43,23,1,25.02594,121.50651,20
500113008,20231119,304,43,23,1,25.02594,121.50651,20
500113008,20231119,305,43,23,1,25.02594,121.50651,20
500113008,20231119,306,43,23,1,25.02594,121.50651,20
500113008,20231119,307,43,23,1,25.02594,121.50651,20
500113008,20231119,308,43,23,1,25.02594,121.50651,20
500113008,20231119,309,43,23,1,25.02594,121.50651,20
500113008,20231119,310,43,23,1,25.02594,121.50651,20
500113008,20231119,311,43,23,1,25.02594,121.50651,20
500113008,20231119,312,43,23,1,25.02594,121.50651,20
500113008,20231119,313,43,23,1,25.02594,121.50651,20
500113008,20231119,314,43,22,1,25.02594,121.50651,21
500113008,20231119,315,43,22,1,25.02594,121.50651,21
500113008,20231119,316,43,22,1,25.02594,121.50651,21
500113008,20231119,317,43,22,1,25.02594,121.50651,21
500113008,20231119,318,43,22,1,25.02594,121.50651,21
500113008,20231119,319,43,22,1,25.02594,121.50651,21
500113008,20231119,321,43,22,1,25.02594,121.50651,21
500113008,20231119,322,43,22,1,25.02594,121.50651,21
500113008,20231119,323,43,22,1,25.02594,121.50651,21
500113008,20231119,324,43,22,1,25.02594,121.50651,21
500113008,20231119,325,43,22,1,25.02594,121.50651,21
500113008,20231119,326,43,22,1,25.02594,121.50651,21
500113008,20231119,327,43,22,1,25.02594,121.50651,21
500113008,20231119,328,43,22,1,25.02594,121.50651,21
500113008,20231119,329,43,22,1,25.02594,121.50651,21
500113008,20231119,330,43,22,1,25.02594,121.50651,21
500113008,20231119,331,43,22,1,25.02594,121.50651,21
500113008,20231119,332,43,22,1,25.02594,121.50651,21
500113008,20231119,333,43,22,1,25.02594,121.50651,21
500113008,20231119,334,43,22,1,25.02594,121.50651,21
500113008,20231119,335,43,22,1,25.02594,121.50651,21
500113008,20231119,336,43,22,1,25.02594,121.50651,21
500113008,20231119,337,43,22,1,25.02594,121.50651,21
500113008,20231119,338,43,22,1,25.02594,121.50651,21
500113008,20231119,339,43,22,1,25.02594,121.50651,21
500113008,20231119,340,43,22,1,25.02594,121.50651,21
500113008,20231119,341,43,22,1,25.02594,121.50651,21
500113008,20231119,342,43,22,1,25.02594,121.50651,21
500113008,20231119,343,43,22,1,25.02594,121.50651,21
500113008,20231119,344,43,22,1,25.02594,121.50651,21
500113008,20231119,345,43,22,1,25.02594,121.50651,21
500113008,20231119,346,43,22,1,25.02594,121.50651,21
500113008,20231119,347,43,22,1,25.02594,121.50651,21
500113008,20231119,348,43,22,1,25.02594,121.50651,21
500113008,20231119,349,43,22,1,25.02594,121.50651,21
500113008,20231119,350,43,22,1,25.02594,121.50651,21
500113008,20231119,351,43,21,1,25.02594,121.50651,22
500113008,20231119,352,43,21,1,25.02594,121.50651,22
500113008,20231119,353,43,21,1,25.02594,121.50651,22
500113008,20231119,354,43,21,1,25.02594,121.50651,22
500113008,20231119,355,43,21,1,25.02594,121.50651,22
500113008,20231119,356,43,21,1,25.02594,121.50651,22
500113008,20231119,357,43,21,1,25.02594,121.50651,22
500113008,20231119,358,43,21,1,25.02594,121.50651,22
500113008,20231119,359,43,21,1,25.02594,121.50651,22
500113008,20231119,360,43,21,1,25.02594,121.50651,22
500113008,20231119,361,43,21,1,25.02594,121.50651,22
500113008,20231119,362,43,21,1,25.02594,121.50651,22
500113008,20231119,363,43,21,1,25.02594,121.50651,22
500113008,20231119,364,43,21,1,25.02594,121.50651,22
500113008,20231119,365,43,21,1,25.02594,121.50651,22
500113008,20231119,366,43,21,1,25.02594,121.50651,22
500113008,20231119,367,43,21,1,25.02594,121.50651,22
500113008,20231119,368,43,21,1,25.02594,121.50651,22
500113008,20231119,369,43,21,1,25.02594,121.50651,22
500113008,20231119,370,43,21,1,25.02594,121.50651,22
500113008,20231119,371,43,21,1,25.02594,121.50651,22
500113008,20231119,372,43,21,1,25.02594,121.50651,22
500113008,20231119,373,43,21,1,25.02594,121.50651,22
500113008,20231119,374,43,21,1,25.02594,121.50651,22
500113008,20231119,375,43,21,1,25.02594,121.50651,22
500113008,20231119,376,43,21,1,25.02594,121.50651,22
500113008,20231119,377,43,21,1,25.02594,121.50651,22
500113008,20231119,378,43,21,1,25.02594,121.50651,22
500113008,20231119,379,43,21,1,25.02594,121.50651,22
500113008,20231119,381,43,22,1,25.02594,121.50651,21
500113008,20231119,382,43,22,1,25.02594,121.50651,21
500113008,20231119,383,43,21,1,25.02594,121.50651,22
500113008,20231119,384,43,21,1,25.02594,121.50651,22
500113008,20231119,385,43,21,1,25.02594,121.50651,22
500113008,20231119,386,43,21,1,25.02594,121.50651,22
500113008,20231119,387,43,21,1,25.02594,121.50651,22
500113008,20231119,388,43,21,1,25.02594,121.50651,22
500113008,20231119,389,43,21,1,25.02594,121.50651,22
500113008,20231119,390,43,21,1,25.02594,121.50651,22
500113008,20231119,391,43,21,1,25.02594,121.50651,22
500113008,20231119,392,43,21,1,25.02594,121.50651,22
500113008,20231119,393,43,21,1,25.02594,121.50651,22
500113008,20231119,394,43,21,1,25.02594,121.50651,22
500113008,20231119,395,43,21,1,25.02594,121.50651,22
500113008,20231119,396,43,22,1,25.02594,121.50651,21
500113008,20231119,397,43,22,1,25.02594,121.50651,21
500113008,20231119,398,43,22,1,25.02594,121.50651,21
500113008,20231119,399,43,21,1,25.02594,121.50651,22
500113008,20231119,400,43,21,1,25.02594,121.50651,22
500113008,20231119,401,43,21,1,25.02594,121.50651,22
500113008,20231119,402,43,21,1,25.02594,121.50651,22
500113008,20231119,403,43,22,1,25.02594,121.50651,21
500113008,20231119,404,43,23,1,25.02594,121.50651,20
500113008,20231119,405,43,23,1,25.02594,121.50651,20
500113008,20231119,406,43,23,1,25.02594,121.50651,20
500113008,20231119,407,43,24,1,25.02594,121.50651,19
500113008,20231119,408,43,24,1,25.02594,121.50651,19
500113008,20231119,409,43,24,1,25.02594,121.50651,19
500113008,20231119,410,43,24,1,25.02594,121.50651,19
500113008,20231119,411,43,24,1,25.02594,121.50651,19
500113008,20231119,412,43,24,1,25.02594,121.50651,19
500113008,20231119,413,43,24,1,25.02594,121.50651,19
500113008,20231119,414,43,24,1,25.02594,121.50651,19
500113008,20231119,415,43,24,1,25.02594,121.50651,19
500113008,20231119,416,43,24,1,25.02594,121.50651,19
500113008,20231119,417,43,23,1,25.02594,121.50651,20
500113008,20231119,418,43,23,1,25.02594,121.50651,20
500113008,20231119,419,43,23,1,25.02594,121.50651,20
500113008,20231119,420,43,23,1,25.02594,121.50651,20
500113008,20231119,421,43,23,1,25.02594,121.50651,20
500113008,20231119,422,43,23,1,25.02594,121.50651,20
500113008,20231119,423,43,23,1,25.02594,121.50651,20
500113008,20231119,424,43,24,1,25.02594,121.50651,19
500113008,20231119,425,43,24,1,25.02594,121.50651,19
500113008,20231119,426,43,24,1,25.02594,121.50651,19
500113008,20231119,427,43,24,1,25.02594,121.50651,19
500113008,20231119,428,43,24,1,25.02594,121.50651,19
500113008,20231119,429,43,23,1,25.02594,121.50651,20
500113008,20231119,430,43,22,1,25.02594,121.50651,21
500113008,20231119,431,43,22,1,25.02594,121.50651,21
500113008,20231119,432,43,22,1,25.02594,121.50651,21
500113008,20231119,433,43,22,1,25.02594,121.50651,21
500113008,20231119,434,43,22,1,25.02594,121.50651,21
500113008,20231119,435,43,22,1,25.02594,121.50651,21
500113008,20231119,436,43,24,1,25.02594,121.50651,19
500113008,20231119,437,43,24,1,25.02594,121.50651,19
500113008,20231119,438,43,24,1,25.02594,121.50651,19
500113008,20231119,439,43,24,1,25.02594,121.50651,19
500113008,20231119,441,43,23,1,25.02594,121.50651,20
500113008,20231119,442,43,23,1,25.02594,121.50651,20
500113008,20231119,443,43,23,1,25.02594,121.50651,20
500113008,20231119,444,43,23,1,25.02594,121.50651,20
500113008,20231119,445,43,23,1,25.02594,121.50651,20
500113008,20231119,446,43,23,1,25.02594,121.50651,20
500113008,20231119,447,43,23,1,25.02594,121.50651,20
500113008,20231119,448,43,23,1,25.02594,121.50651,20
500113008,20231119,449,43,23,1,25.02594,121.50651,20
500113008,20231119,450,43,23,1,25.02594,121.50651,20
500113008,20231119,451,43,22,1,25.02594,121.50651,21
500113008,20231119,452,43,22,1,25.02594,121.50651,21
500113008,20231119,453,43,22,1,25.02594,121.50651,21
500113008,20231119,454,43,22,1,25.02594,121.50651,21
500113008,20231119,456,43,23,1,25.02594,121.50651,20
500113008,20231119,457,43,23,1,25.02594,121.50651,20
500113008,20231119,458,43,23,1,25.02594,121.50651,20
500113008,20231119,459,43,23,1,25.02594,121.50651,20
500113008,20231119,461,43,23,1,25.02594,121.50651,20
500113008,20231119,462,43,23,1,25.02594,121.50651,20
500113008,20231119,463,43,23,1,25.02594,121.50651,20
500113008,20231119,464,43,23,1,25.02594,121.50651,20
500113008,20231119,465,43,23,1,25.02594,121.50651,20
500113008,20231119,466,43,22,1,25.02594,121.50651,21
500113008,20231119,467,43,22,1,25.02594,121.50651,21
500113008,20231119,468,43,21,1,25.02594,121.50651,22
500113008,20231119,469,43,21,1,25.02594,121.50651,22
500113008,20231119,471,43,21,1,25.02594,121.50651,22
500113008,20231119,472,43,21,1,25.02594,121.50651,22
500113008,20231119,473,43,21,1,25.02594,121.50651,22
500113008,20231119,474,43,21,1,25.02594,121.50651,22
500113008,20231119,475,43,21,1,25.02594,121.50651,22
500113008,20231119,476,43,20,1,25.02594,121.50651,23
500113008,20231119,477,43,20,1,25.02594,121.50651,23
500113008,20231119,478,43,20,1,25.02594,121.50651,23
500113008,20231119,479,43,21,1,25.02594,121.50651,22
500113008,20231119,481,43,19,1,25.02594,121.50651,24
500113008,20231119,482,43,18,1,25.02594,121.50651,25
500113008,20231119,483,43,18,1,25.02594,121.50651,25
500113008,20231119,484,43,18,1,25.02594,121.50651,25
500113008,20231119,485,43,18,1,25.02594,121.50651,25
500113008,20231119,486,43,17,1,25.02594,121.50651,26
500113008,20231119,487,43,17,1,25.02594,121.50651,26
500113008,20231119,488,43,18,1,25.02594,121.50651,25
500113008,20231119,489,43,18,1,25.02594,121.50651,25
500113008,20231119,490,43,18,1,25.02594,121.50651,25
500113008,20231119,491,43,18,1,25.02594,121.50651,25
500113008,20231119,492,43,18,1,25.02594,121.50651,25
500113008,20231119,493,43,18,1,25.02594,121.50651,25
500113008,20231119,494,43,17,1,25.02594,121.50651,26
500113008,20231119,495,43,17,1,25.02594,121.50651,26
500113008,20231119,496,43,17,1,25.02594,121.50651,26
500113008,20231119,497,43,16,1,25.02594,121.50651,27
500113008,20231119,498,43,16,1,25.02594,121.50651,27
500113008,20231119,499,43,16,1,25.02594,121.50651,27
500113008,20231119,501,43,16,1,25.02594,121.50651,27
500113008,20231119,502,43,16,1,25.02594,121.50651,27
500113008,20231119,503,43,16,1,25.02594,121.50651,27
500113008,20231119,504,43,16,1,25.02594,121.50651,27
500113008,20231119,505,43,16,1,25.02594,121.50651,27
500113008,20231119,506,43,17,1,25.02594,121.50651,26
500113008,20231119,507,43,17,1,25.02594,121.50651,26
500113008,20231119,508,43,18,1,25.02594,121.50651,25
500113008,20231119,509,43,19,1,25.02594,121.50651,24
500113008,20231119,511,43,20,1,25.02594,121.50651,23
500113008,20231119,512,43,20,1,25.02594,121.50651,23
500113008,20231119,513,43,20,1,25.02594,121.50651,23
500113008,20231119,514,43,20,1,25.02594,121.50651,23
500113008,20231119,515,43,21,1,25.02594,121.50651,22
500113008,20231119,516,43,18,1,25.02594,121.50651,25
500113008,20231119,517,43,14,1,25.02594,121.50651,29
500113008,20231119,518,43,10,1,25.02594,121.50651,33
500113008,20231119,519,43,10,1,25.02594,121.50651,33
500113008,20231119,521,43,9,1,25.02594,121.50651,34
500113008,20231119,522,43,9,1,25.02594,121.50651,34
500113008,20231119,523,43,9,1,25.02594,121.50651,34
500113008,20231119,524,43,9,1,25.02594,121.50651,34
500113008,20231119,525,43,8,1,25.02594,121.50651,35
500113008,20231119,526,43,8,1,25.02594,121.50651,35
500113008,20231119,527,43,8,1,25.02594,121.50651,35
500113008,20231119,528,43,8,1,25.02594,121.50651,35
500113008,20231119,529,43,8,1,25.02594,121.50651,35
500113008,20231119,531,43,9,1,25.02594,121.50651,34
500113008,20231119,532,43,9,1,25.02594,121.50651,34
500113008,20231119,533,43,8,1,25.02594,121.50651,35
500113008,20231119,534,43,7,1,25.02594,121.50651,36
500113008,20231119,535,43,7,1,25.02594,121.50651,36
500113008,20231119,536,43,7,1,25.02594,121.50651,36
500113008,20231119,537,43,6,1,25.02594,121.50651,37
500113008,20231119,538,43,6,1,25.02594,121.50651,37
500113008,20231119,539,43,6,1,25.02594,121.50651,37
500113008,20231119,541,43,7,1,25.02594,121.50651,36
500113008,20231119,542,43,7,1,25.02594,121.50651,36
500113008,20231119,543,43,8,1,25.02594,121.50651,35
500113008,20231119,544,43,8,1,25.02594,121.50651,35
500113008,20231119,545,43,8,1,25.02594,121.50651,35
500113008,20231119,546,43,8,1,25.02594,121.50651,35
500113008,20231119,547,43,9,1,25.02594,121.50651,34
500113008,20231119,548,43,9,1,25.02594,121.50651,34
500113008,20231119,549,43,9,1,25.02594,121.50651,34
500113008,20231119,550,43,9,1,25.02594,121.50651,34
500113008,20231119,551,43,11,1,25.02594,121.50651,32
500113008,20231119,552,43,11,1,25.02594,121.50651,32
500113008,20231119,553,43,13,1,25.02594,121.50651,30
500113008,20231119,554,43,13,1,25.02594,121.50651,30
500113008,20231119,555,43,14,1,25.02594,121.50651,29
500113008,20231119,556,43,14,1,25.02594,121.50651,29
500113008,20231119,557,43,14,1,25.02594,121.50651,29
500113008,20231119,558,43,14,1,25.02594,121.50651,29
500113008,20231119,559,43,14,1,25.02594,121.50651,29
500113008,20231119,561,43,14,1,25.02594,121.50651,29
500113008,20231119,562,43,15,1,25.02594,121.50651,28
500113008,20231119,563,43,15,1,25.02594,121.50651,28
500113008,20231119,564,43,15,1,25.02594,121.50651,28
500113008,20231119,565,43,15,1,25.02594,121.50651,28
500113008,20231119,566,43,15,1,25.02594,121.50651,28
500113008,20231119,567,43,17,1,25.02594,121.50651,26
500113008,20231119,568,43,17,1,25.02594,121.50651,26
500113008,20231119,569,43,15,1,25.02594,121.50651,28
500113008,20231119,571,43,14,1,25.02594,121.50651,29
500113008,20231119,572,43,15,1,25.02594,121.50651,28
500113008,20231119,573,43,15,1,25.02594,121.50651,28
500113008,20231119,574,43,15,1,25.02594,121.50651,28
500113008,20231119,575,43,15,1,25.02594,121.50651,28
500113008,20231119,576,43,15,1,25.02594,121.50651,28
500113008,20231119,577,43,15,1,25.02594,121.50651,28
500113008,20231119,578,43,15,1,25.02594,121.50651,28
500113008,20231119,579,43,15,1,25.02594,121.50651,28
500113008,20231119,580,43,15,1,25.02594,121.50651,28
500113008,20231119,581,43,15,1,25.02594,121.50651,28
500113008,20231119,582,43,15,1,25.02594,121.50651,28
500113008,20231119,583,43,13,1,25.02594,121.50651,30
500113008,20231119,584,43,13,1,25.02594,121.50651,30
500113008,20231119,585,43,13,1,25.02594,121.50651,30
500113008,20231119,586,43,13,1,25.02594,121.50651,30
500113008,20231119,587,43,13,1,25.02594,121.50651,30
500113008,20231119,588,43,13,1,25.02594,121.50651,30
500113008,20231119,589,43,13,1,25.02594,121.50651,30
500113008,20231119,590,43,13,1,25.02594,121.50651,30
500113008,20231119,591,43,14,1,25.02594,121.50651,29
500113008,20231119,592,43,14,1,25.02594,121.50651,29
500113008,20231119,593,43,14,1,25.02594,121.50651,29
500113008,20231119,594,43,15,1,25.02594,121.50651,28
500113008,20231119,595,43,15,1,25.02594,121.50651,28
500113008,20231119,596,43,16,1,25.02594,121.50651,27
500113008,20231119,597,43,16,1,25.02594,121.50651,27
500113008,20231119,598,43,17,1,25.02594,121.50651,26
500113008,20231119,599,43,18,1,25.02594,121.50651,25
500113008,20231119,601,43,20,1,25.02594,121.50651,23
500113008,20231119,602,43,21,1,25.02594,121.50651,22
500113008,20231119,603,43,21,1,25.02594,121.50651,22
500113008,20231119,604,43,21,1,25.02594,121.50651,22
500113008,20231119,605,43,21,1,25.02594,121.50651,22
500113008,20231119,606,43,21,1,25.02594,121.50651,22
500113008,20231119,607,43,21,1,25.02594,121.50651,22
500113008,20231119,608,43,21,1,25.02594,121.50651,22
500113008,20231119,609,43,21,1,25.02594,121.50651,22
500113008,20231119,610,43,21,1,25.02594,121.50651,22
500113008,20231119,611,43,20,1,25.02594,121.50651,23
500113008,20231119,612,43,20,1,25.02594,121.50651,23
500113008,20231119,613,43,20,1,25.02594,121.50651,23
500113008,20231119,614,43,20,1,25.02594,121.50651,23
500113008,20231119,615,43,20,1,25.02594,121.50651,23
500113008,20231119,616,43,19,1,25.02594,121.50651,24
500113008,20231119,617,43,18,1,25.02594,121.50651,25
500113008,20231119,618,43,18,1,25.02594,121.50651,25
500113008,20231119,619,43,17,1,25.02594,121.50651,26
500113008,20231119,621,43,17,1,25.02594,121.50651,26
500113008,20231119,622,43,17,1,25.02594,121.50651,26
500113008,20231119,623,43,16,1,25.02594,121.50651,27
500113008,20231119,624,43,15,1,25.02594,121.50651,28
500113008,20231119,625,43,16,1,25.02594,121.50651,27
500113008,20231119,626,43,14,1,25.02594,121.50651,29
500113008,20231119,627,43,14,1,25.02594,121.50651,29
500113008,20231119,628,43,13,1,25.02594,121.50651,30
500113008,20231119,629,43,14,1,25.02594,121.50651,29
500113008,20231119,631,43,14,1,25.02594,121.50651,29
500113008,20231119,632,43,14,1,25.02594,121.50651,29
500113008,20231119,633,43,12,1,25.02594,121.50651,31
500113008,20231119,634,43,12,1,25.02594,121.50651,31
500113008,20231119,635,43,12,1,25.02594,121.50651,31
500113008,20231119,636,43,12,1,25.02594,121.50651,31
500113008,20231119,637,43,12,1,25.02594,121.50651,31
500113008,20231119,638,43,12,1,25.02594,121.50651,31
500113008,20231119,639,43,12,1,25.02594,121.50651,31
500113008,20231119,640,43,12,1,25.02594,121.50651,31
500113008,20231119,641,43,11,1,25.02594,121.50651,32
500113008,20231119,642,43,11,1,25.02594,121.50651,32
500113008,20231119,643,43,11,1,25.02594,121.50651,32
500113008,20231119,644,43,11,1,25.02594,121.50651,32
500113008,20231119,645,43,8,1,25.02594,121.50651,35
500113008,20231119,646,43,7,1,25.02594,121.50651,36
500113008,20231119,647,43,8,1,25.02594,121.50651,35
500113008,20231119,648,43,8,1,25.02594,121.50651,35
500113008,20231119,649,43,8,1,25.02594,121.50651,35
500113008,20231119,650,43,8,1,25.02594,121.50651,35
500113008,20231119,651,43,8,1,25.02594,121.50651,35
500113008,20231119,652,43,9,1,25.02594,121.50651,34
500113008,20231119,653,43,8,1,25.02594,121.50651,35
500113008,20231119,654,43,8,1,25.02594,121.50651,35
500113008,20231119,655,43,8,1,25.02594,121.50651,35
500113008,20231119,656,43,9,1,25.02594,121.50651,34
500113008,20231119,657,43,9,1,25.02594,121.50651,34
500113008,20231119,658,43,9,1,25.02594,121.50651,34
500113008,20231119,659,43,8,1,25.02594,121.50651,35
500113008,20231119,661,43,9,1,25.02594,121.50651,34
500113008,20231119,662,43,10,1,25.02594,121.50651,33
500113008,20231119,663,43,11,1,25.02594,121.50651,32
500113008,20231119,664,43,11,1,25.02594,121.50651,32
500113008,20231119,665,43,11,1,25.02594,121.50651,32
500113008,20231119,666,43,11,1,25.02594,121.50651,32
500113008,20231119,667,43,11,1,25.02594,121.50651,32
500113008,20231119,668,43,11,1,25.02594,121.50651,32
500113008,20231119,669,43,12,1,25.02594,121.50651,31
500113008,20231119,670,43,12,1,25.02594,121.50651,31
500113008,20231119,671,43,14,1,25.02594,121.50651,29
500113008,20231119,672,43,14,1,25.02594,121.50651,29
500113008,20231119,673,43,14,1,25.02594,121.50651,29
500113008,20231119,674,43,14,1,25.02594,121.50651,29
500113008,20231119,675,43,14,1,25.02594,121.50651,29
500113008,20231119,676,43,14,1,25.02594,121.50651,29
500113008,20231119,677,43,14,1,25.02594,121.50651,29
500113008,20231119,678,43,14,1,25.02594,121.50651,29
500113008,20231119,679,43,14,1,25.02594,121.50651,29
500113008,20231119,682,43,17,1,25.02594,121.50651,26
500113008,20231119,683,43,17,1,25.02594,121.50651,26
500113008,20231119,684,43,17,1,25.02594,121.50651,26
500113008,20231119,685,43,18,1,25.02594,121.50651,25
500113008,20231119,686,43,19,1,25.02594,121.50651,24
500113008,20231119,687,43,19,1,25.02594,121.50651,24
500113008,20231119,688,43,19,1,25.02594,121.50651,24
500113008,20231119,689,43,19,1,25.02594,121.50651,24
500113008,20231119,691,43,19,1,25.02594,121.50651,24
500113008,20231119,692,43,19,1,25.02594,121.50651,24
500113008,20231119,693,43,19,1,25.02594,121.50651,24
500113008,20231119,694,43,18,1,25.02594,121.50651,25
500113008,20231119,695,43,18,1,25.02594,121.50651,25
500113008,20231119,696,43,18,1,25.02594,121.50651,25
500113008,20231119,697,43,19,1,25.02594,121.50651,24
500113008,20231119,698,43,19,1,25.02594,121.50651,24
500113008,20231119,699,43,19,1,25.02594,121.50651,24
500113008,20231119,701,43,19,1,25.02594,121.50651,24
500113008,20231119,702,43,19,1,25.02594,121.50651,24
500113008,20231119,703,43,20,1,25.02594,121.50651,23
500113008,20231119,704,43,20,1,25.02594,121.50651,23
500113008,20231119,705,43,20,1,25.02594,121.50651,23
500113008,20231119,706,43,20,1,25.02594,121.50651,23
500113008,20231119,707,43,20,1,25.02594,121.50651,23
500113008,20231119,708,43,18,1,25.02594,121.50651,25
500113008,20231119,709,43,18,1,25.02594,121.50651,25
500113008,20231119,711,43,17,1,25.02594,121.50651,26
500113008,20231119,712,43,17,1,25.02594,121.50651,26
500113008,20231119,713,43,18,1,25.02594,121.50651,25
500113008,20231119,714,43,18,1,25.02594,121.50651,25
500113008,20231119,715,43,18,1,25.02594,121.50651,25
500113008,20231119,716,43,18,1,25.02594,121.50651,25
500113008,20231119,717,43,17,1,25.02594,121.50651,26
500113008,20231119,718,43,17,1,25.02594,121.50651,26
500113008,20231119,719,43,17,1,25.02594,121.50651,26
500113008,20231119,721,43,16,1,25.02594,121.50651,27
500113008,20231119,722,43,16,1,25.02594,121.50651,27
500113008,20231119,723,43,17,1,25.02594,121.50651,26
500113008,20231119,724,43,17,1,25.02594,121.50651,26
500113008,20231119,725,43,17,1,25.02594,121.50651,26
500113008,20231119,726,43,18,1,25.02594,121.50651,25
500113008,20231119,727,43,18,1,25.02594,121.50651,25
500113008,20231119,728,43,18,1,25.02594,121.50651,25
500113008,20231119,729,43,18,1,25.02594,121.50651,25
500113008,20231119,731,43,17,1,25.02594,121.50651,26
500113008,20231119,732,43,17,1,25.02594,121.50651,26
500113008,20231119,733,43,16,1,25.02594,121.50651,27
500113008,20231119,734,43,16,1,25.02594,121.50651,27
500113008,20231119,735,43,16,1,25.02594,121.50651,27
500113008,20231119,736,43,16,1,25.02594,121.50651,27
500113008,20231119,737,43,16,1,25.02594,121.50651,27
500113008,20231119,738,43,17,1,25.02594,121.50651,26
500113008,20231119,739,43,17,1,25.02594,121.50651,26
500113008,20231119,741,43,17,1,25.02594,121.50651,26
500113008,20231119,742,43,17,1,25.02594,121.50651,26
500113008,20231119,743,43,17,1,25.02594,121.50651,26
500113008,20231119,744,43,17,1,25.02594,121.50651,26
500113008,20231119,745,43,17,1,25.02594,121.50651,26
500113008,20231119,746,43,17,1,25.02594,121.50651,26
500113008,20231119,747,43,15,1,25.02594,121.50651,28
500113008,20231119,748,43,15,1,25.02594,121.50651,28
500113008,20231119,749,43,17,1,25.02594,121.50651,26
500113008,20231119,751,43,19,1,25.02594,121.50651,24
500113008,20231119,752,43,19,1,25.02594,121.50651,24
500113008,20231119,753,43,19,1,25.02594,121.50651,24
500113008,20231119,754,43,19,1,25.02594,121.50651,24
500113008,20231119,755,43,19,1,25.02594,121.50651,24
500113008,20231119,756,43,17,1,25.02594,121.50651,26
500113008,20231119,757,43,16,1,25.02594,121.50651,27
500113008,20231119,758,43,16,1,25.02594,121.50651,27
500113008,20231119,759,43,15,1,25.02594,121.50651,28
500113008,20231119,761,43,15,1,25.02594,121.50651,28
500113008,20231119,762,43,15,1,25.02594,121.50651,28
500113008,20231119,763,43,16,1,25.02594,121.50651,27
500113008,20231119,764,43,16,1,25.02594,121.50651,27
500113008,20231119,765,43,17,1,25.02594,121.50651,26
500113008,20231119,766,43,17,1,25.02594,121.50651,26
500113008,20231119,767,43,17,1,25.02594,121.50651,26
500113008,20231119,768,43,16,1,25.02594,121.50651,27
500113008,20231119,769,43,16,1,25.02594,121.50651,27
500113008,20231119,771,43,16,1,25.02594,121.50651,27
500113008,20231119,772,43,16,1,25.02594,121.50651,27
500113008,20231119,773,43,16,1,25.02594,121.50651,27
500113008,20231119,774,43,17,1,25.02594,121.50651,26
500113008,20231119,775,43,17,1,25.02594,121.50651,26
500113008,20231119,776,43,17,1,25.02594,121.50651,26
500113008,20231119,777,43,17,1,25.02594,121.50651,26
500113008,20231119,778,43,18,1,25.02594,121.50651,25
500113008,20231119,779,43,18,1,25.02594,121.50651,25
500113008,20231119,781,43,20,1,25.02594,121.50651,23
500113008,20231119,782,43,19,1,25.02594,121.50651,24
500113008,20231119,783,43,19,1,25.02594,121.50651,24
500113008,20231119,784,43,19,1,25.02594,121.50651,24
500113008,20231119,785,43,19,1,25.02594,121.50651,24
500113008,20231119,786,43,19,1,25.02594,121.50651,24
500113008,20231119,787,43,19,1,25.02594,121.50651,24
500113008,20231119,788,43,19,1,25.02594,121.50651,24
500113008,20231119,789,43,19,1,25.02594,121.50651,24
500113008,20231119,791,43,21,1,25.02594,121.50651,22
500113008,20231119,792,43,21,1,25.02594,121.50651,22
500113008,20231119,793,43,21,1,25.02594,121.50651,22
500113008,20231119,794,43,21,1,25.02594,121.50651,22
500113008,20231119,795,43,20,1,25.02594,121.50651,23
500113008,20231119,796,43,20,1,25.02594,121.50651,23
500113008,20231119,797,43,20,1,25.02594,121.50651,23
500113008,20231119,798,43,20,1,25.02594,121.50651,23
500113008,20231119,799,43,20,1,25.02594,121.50651,23
500113008,20231119,801,43,20,1,25.02594,121.50651,23
500113008,20231119,802,43,20,1,25.02594,121.50651,23
500113008,20231119,803,43,20,1,25.02594,121.50651,23
500113008,20231119,804,43,20,1,25.02594,121.50651,23
500113008,20231119,805,43,22,1,25.02594,121.50651,21
500113008,20231119,806,43,22,1,25.02594,121.50651,21
500113008,20231119,807,43,22,1,25.02594,121.50651,21
500113008,20231119,808,43,22,1,25.02594,121.50651,21
500113008,20231119,809,43,22,1,25.02594,121.50651,21
500113008,20231119,811,43,22,1,25.02594,121.50651,21
500113008,20231119,812,43,22,1,25.02594,121.50651,21
500113008,20231119,813,43,22,1,25.02594,121.50651,21
500113008,20231119,814,43,22,1,25.02594,121.50651,21
500113008,20231119,815,43,24,1,25.02594,121.50651,19
500113008,20231119,816,43,24,1,25.02594,121.50651,19
500113008,20231119,817,43,24,1,25.02594,121.50651,19
500113008,20231119,818,43,24,1,25.02594,121.50651,19
500113008,20231119,819,43,24,1,25.02594,121.50651,19
500113008,20231119,820,43,24,1,25.02594,121.50651,19
500113008,20231119,821,43,24,1,25.02594,121.50651,19
500113008,20231119,822,43,25,1,25.02594,121.50651,18
500113008,20231119,823,43,25,1,25.02594,121.50651,18
500113008,20231119,824,43,25,1,25.02594,121.50651,18
500113008,20231119,825,43,24,1,25.02594,121.50651,19
500113008,20231119,826,43,24,1,25.02594,121.50651,19
500113008,20231119,827,43,23,1,25.02594,121.50651,20
500113008,20231119,828,43,22,1,25.02594,121.50651,21
500113008,20231119,829,43,22,1,25.02594,121.50651,21
500113008,20231119,830,43,22,1,25.02594,121.50651,21
500113008,20231119,831,43,22,1,25.02594,121.50651,21
500113008,20231119,832,43,22,1,25.02594,121.50651,21
500113008,20231119,833,43,22,1,25.02594,121.50651,21
500113008,20231119,834,43,22,1,25.02594,121.50651,21
500113008,20231119,835,43,22,1,25.02594,121.50651,21
500113008,20231119,836,43,23,1,25.02594,121.50651,20
500113008,20231119,837,43,23,1,25.02594,121.50651,20
500113008,20231119,838,43,23,1,25.02594,121.50651,20
500113008,20231119,839,43,23,1,25.02594,121.50651,20
500113008,20231119,841,43,22,1,25.02594,121.50651,21
500113008,20231119,842,43,22,1,25.02594,121.50651,21
500113008,20231119,843,43,22,1,25.02594,121.50651,21
500113008,20231119,844,43,22,1,25.02594,121.50651,21
500113008,20231119,845,43,22,1,25.02594,121.50651,21
500113008,20231119,846,43,22,1,25.02594,121.50651,21
500113008,20231119,847,43,22,1,25.02594,121.50651,21
500113008,20231119,848,43,24,1,25.02594,121.50651,19
500113008,20231119,849,43,25,1,25.02594,121.50651,18
500113008,20231119,850,43,24,1,25.02594,121.50651,19
500113008,20231119,851,43,24,1,25.02594,121.50651,19
500113008,20231119,852,43,23,1,25.02594,121.50651,20
500113008,20231119,853,43,23,1,25.02594,121.50651,20
500113008,20231119,854,43,24,1,25.02594,121.50651,19
500113008,20231119,855,43,23,1,25.02594,121.50651,20
500113008,20231119,856,43,23,1,25.02594,121.50651,20
500113008,20231119,857,43,23,1,25.02594,121.50651,20
500113008,20231119,858,43,22,1,25.02594,121.50651,21
500113008,20231119,859,43,22,1,25.02594,121.50651,21
500113008,20231119,861,43,22,1,25.02594,121.50651,21
500113008,20231119,862,43,25,1,25.02594,121.50651,18
500113008,20231119,863,43,26,1,25.02594,121.50651,17
500113008,20231119,864,43,26,1,25.02594,121.50651,17
500113008,20231119,865,43,26,1,25.02594,121.50651,17
500113008,20231119,866,43,26,1,25.02594,121.50651,17
500113008,20231119,867,43,26,1,25.02594,121.50651,17
500113008,20231119,868,43,26,1,25.02594,121.50651,17
500113008,20231119,869,43,27,1,25.02594,121.50651,16
500113008,20231119,871,43,28,1,25.02594,121.50651,15
500113008,20231119,872,43,28,1,25.02594,121.50651,15
500113008,20231119,873,43,28,1,25.02594,121.50651,15
500113008,20231119,874,43,29,1,25.02594,121.50651,14
500113008,20231119,875,43,29,1,25.02594,121.50651,14
500113008,20231119,876,43,28,1,25.02594,121.50651,15
500113008,20231119,877,43,28,1,25.02594,121.50651,15
500113008,20231119,878,43,28,1,25.02594,121.50651,15
500113008,20231119,879,43,28,1,25.02594,121.50651,15
500113008,20231119,880,43,28,1,25.02594,121.50651,15
500113008,20231119,881,43,29,1,25.02594,121.50651,14
500113008,20231119,882,43,28,1,25.02594,121.50651,15
500113008,20231119,883,43,28,1,25.02594,121.50651,15
500113008,20231119,884,43,29,1,25.02594,121.50651,14
500113008,20231119,885,43,29,1,25.02594,121.50651,14
500113008,20231119,886,43,29,1,25.02594,121.50651,14
500113008,20231119,887,43,29,1,25.02594,121.50651,14
500113008,20231119,888,43,29,1,25.02594,121.50651,14
500113008,20231119,889,43,29,1,25.02594,121.50651,14
500113008,20231119,890,43,29,1,25.02594,121.50651,14
500113008,20231119,891,43,29,1,25.02594,121.50651,14
500113008,20231119,892,43,30,1,25.02594,121.50651,13
500113008,20231119,893,43,31,1,25.02594,121.50651,12
500113008,20231119,894,43,31,1,25.02594,121.50651,12
500113008,20231119,895,43,31,1,25.02594,121.50651,12
500113008,20231119,896,43,31,1,25.02594,121.50651,12
500113008,20231119,897,43,31,1,25.02594,121.50651,12
500113008,20231119,898,43,31,1,25.02594,121.50651,12
500113008,20231119,899,43,31,1,25.02594,121.50651,12
500113008,20231119,901,43,31,1,25.02594,121.50651,12
500113008,20231119,902,43,31,1,25.02594,121.50651,12
500113008,20231119,903,43,31,1,25.02594,121.50651,12
500113008,20231119,904,43,32,1,25.02594,121.50651,11
500113008,20231119,905,43,32,1,25.02594,121.50651,11
500113008,20231119,906,43,32,1,25.02594,121.50651,11
500113008,20231119,907,43,33,1,25.02594,121.50651,10
500113008,20231119,908,43,33,1,25.02594,121.50651,10
500113008,20231119,909,43,33,1,25.02594,121.50651,10
500113008,20231119,910,43,33,1,25.02594,121.50651,10
500113008,20231119,911,43,33,1,25.02594,121.50651,10
500113008,20231119,912,43,33,1,25.02594,121.50651,10
500113008,20231119,913,43,33,1,25.02594,121.50651,10
500113008,20231119,914,43,34,1,25.02594,121.50651,9
500113008,20231119,915,43,35,1,25.02594,121.50651,8
500113008,20231119,916,43,35,1,25.02594,121.50651,8
500113008,20231119,917,43,34,1,25.02594,121.50651,9
500113008,20231119,918,43,34,1,25.02594,121.50651,9
500113008,20231119,919,43,34,1,25.02594,121.50651,9
500113008,20231119,921,43,34,1,25.02594,121.50651,9
500113008,20231119,922,43,35,1,25.02594,121.50651,8
500113008,20231119,923,43,35,1,25.02594,121.50651,8
500113008,20231119,925,43,36,1,25.02594,121.50651,7
500113008,20231119,926,43,36,1,25.02594,121.50651,7
500113008,20231119,928,43,36,1,25.02594,121.50651,7
500113008,20231119,929,43,37,1,25.02594,121.50651,6
500113008,20231119,931,43,36,1,25.02594,121.50651,7
500113008,20231119,932,43,36,1,25.02594,121.50651,7
500113008,20231119,933,43,36,1,25.02594,121.50651,7
500113008,20231119,934,43,36,1,25.02594,121.50651,7
500113008,20231119,935,43,36,1,25.02594,121.50651,7
500113008,20231119,936,43,36,1,25.02594,121.50651,7
500113008,20231119,937,43,37,1,25.02594,121.50651,6
500113008,20231119,938,43,37,1,25.02594,121.50651,6
500113008,20231119,939,43,37,1,25.02594,121.50651,6
500113008,20231119,941,43,37,1,25.02594,121.50651,6
500113008,20231119,942,43,37,1,25.02594,121.50651,6
500113008,20231119,943,43,37,1,25.02594,121.50651,6
500113008,20231119,944,43,37,1,25.02594,121.50651,6
500113008,20231119,945,43,37,1,25.02594,121.50651,6
500113008,20231119,946,43,36,1,25.02594,121.50651,7
500113008,20231119,947,43,36,1,25.02594,121.50651,7
500113008,20231119,948,43,34,1,25.02594,121.50651,9
500113008,20231119,949,43,34,1,25.02594,121.50651,9
500113008,20231119,951,43,36,1,25.02594,121.50651,7
500113008,20231119,952,43,36,1,25.02594,121.50651,7
500113008,20231119,953,43,35,1,25.02594,121.50651,8
500113008,20231119,954,43,35,1,25.02594,121.50651,8
500113008,20231119,955,43,35,1,25.02594,121.50651,8
500113008,20231119,956,43,36,1,25.02594,121.50651,7
500113008,20231119,957,43,35,1,25.02594,121.50651,8
500113008,20231119,958,43,35,1,25.02594,121.50651,8
500113008,20231119,959,43,36,1,25.02594,121.50651,7
500113008,20231119,961,43,35,1,25.02594,121.50651,8
500113008,20231119,962,43,34,1,25.02594,121.50651,9
500113008,20231119,963,43,34,1,25.02594,121.50651,9
500113008,20231119,964,43,35,1,25.02594,121.50651,8
500113008,20231119,965,43,38,1,25.02594,121.50651,5
500113008,20231119,966,43,38,1,25.02594,121.50651,5
500113008,20231119,967,43,37,1,25.02594,121.50651,6
500113008,20231119,968,43,36,1,25.02594,121.50651,7
500113008,20231119,969,43,36,1,25.02594,121.50651,7
500113008,20231119,971,43,35,1,25.02594,121.50651,8
500113008,20231119,972,43,36,1,25.02594,121.50651,7
500113008,20231119,973,43,37,1,25.02594,121.50651,6
500113008,20231119,974,43,37,1,25.02594,121.50651,6
500113008,20231119,975,43,37,1,25.02594,121.50651,6
500113008,20231119,976,43,36,1,25.02594,121.50651,7
500113008,20231119,977,43,36,1,25.02594,121.50651,7
500113008,20231119,978,43,35,1,25.02594,121.50651,8
500113008,20231119,979,43,35,1,25.02594,121.50651,8
500113008,20231119,981,43,33,1,25.02594,121.50651,10
500113008,20231119,982,43,34,1,25.02594,121.50651,9
500113008,20231119,983,43,34,1,25.02594,121.50651,9
500113008,20231119,984,43,35,1,25.02594,121.50651,8
500113008,20231119,985,43,35,1,25.02594,121.50651,8
500113008,20231119,986,43,35,1,25.02594,121.50651,8
500113008,20231119,987,43,35,1,25.02594,121.50651,8
500113008,20231119,988,43,35,1,25.02594,121.50651,8
500113008,20231119,989,43,36,1,25.02594,121.50651,7
500113008,20231119,991,43,36,1,25.02594,121.50651,7
500113008,20231119,992,43,36,1,25.02594,121.50651,7
500113008,20231119,993,43,37,1,25.02594,121.50651,6
500113008,20231119,994,43,37,1,25.02594,121.50651,6
500113008,20231119,995,43,37,1,25.02594,121.50651,6
500113008,20231119,996,43,37,1,25.02594,121.50651,6
500113008,20231119,997,43,37,1,25.02594,121.50651,6
500113008,20231119,998,43,37,1,25.02594,121.50651,6
500113008,20231119,999,43,37,1,25.02594,121.50651,6
500113008,20231119,1001,43,38,1,25.02594,121.50651,5
500113008,20231119,1002,43,38,1,25.02594,121.50651,5
500113008,20231119,1003,43,38,1,25.02594,121.50651,5
500113008,20231119,1004,43,37,1,25.02594,121.50651,6
500113008,20231119,1005,43,37,1,25.02594,121.50651,6
500113008,20231119,1006,43,37,1,25.02594,121.50651,6
500113008,20231119,1007,43,36,1,25.02594,121.50651,7
500113008,20231119,1008,43,36,1,25.02594,121.50651,7
500113008,20231119,1009,43,36,1,25.02594,121.50651,7
500113008,20231119,1011,43,36,1,25.02594,121.50651,7
500113008,20231119,1012,43,35,1,25.02594,121.50651,8
500113008,20231119,1013,43,36,1,25.02594,121.50651,7
500113008,20231119,1014,43,36,1,25.02594,121.50651,7
500113008,20231119,1015,43,36,1,25.02594,121.50651,7
500113008,20231119,1016,43,36,1,25.02594,121.50651,7
500113008,20231119,1017,43,36,1,25.02594,121.50651,7
500113008,20231119,1018,43,36,1,25.02594,121.50651,7
500113008,20231119,1019,43,37,1,25.02594,121.50651,6
500113008,20231119,1021,43,35,1,25.02594,121.50651,8
500113008,20231119,1022,43,36,1,25.02594,121.50651,7
500113008,20231119,1023,43,36,1,25.02594,121.50651,7
500113008,20231119,1024,43,36,1,25.02594,121.50651,7
500113008,20231119,1025,43,36,1,25.02594,121.50651,7
500113008,20231119,1026,43,37,1,25.02594,121.50651,6
500113008,20231119,1027,43,37,1,25.02594,121.50651,6
500113008,20231119,1028,43,37,1,25.02594,121.50651,6
500113008,20231119,1029,43,37,1,25.02594,121.50651,6
500113008,20231119,1031,43,34,1,25.02594,121.50651,9
500113008,20231119,1032,43,34,1,25.02594,121.50651,9
500113008,20231119,1033,43,34,1,25.02594,121.50651,9
500113008,20231119,1034,43,35,1,25.02594,121.50651,8
500113008,20231119,1035,43,35,1,25.02594,121.50651,8
500113008,20231119,1036,43,36,1,25.02594,121.50651,7
500113008,20231119,1037,43,36,1,25.02594,121.50651,7
500113008,20231119,1038,43,33,1,25.02594,121.50651,10
500113008,20231119,1039,43,32,1,25.02594,121.50651,11
500113008,20231119,1041,43,32,1,25.02594,121.50651,11
500113008,20231119,1042,43,30,1,25.02594,121.50651,13
500113008,20231119,1043,43,28,1,25.02594,121.50651,15
500113008,20231119,1044,43,28,1,25.02594,121.50651,15
500113008,20231119,1045,43,28,1,25.02594,121.50651,15
500113008,20231119,1046,43,28,1,25.02594,121.50651,15
500113008,20231119,1047,43,28,1,25.02594,121.50651,15
500113008,20231119,1048,43,28,1,25.02594,121.50651,15
500113008,20231119,1049,43,28,1,25.02594,121.50651,15
500113008,20231119,1051,43,28,1,25.02594,121.50651,15
500113008,20231119,1052,43,28,1,25.02594,121.50651,15
500113008,20231119,1053,43,28,1,25.02594,121.50651,15
500113008,20231119,1054,43,28,1,25.02594,121.50651,15
500113008,20231119,1055,43,28,1,25.02594,121.50651,15
500113008,20231119,1056,43,28,1,25.02594,121.50651,15
500113008,20231119,1057,43,28,1,25.02594,121.50651,15
500113008,20231119,1058,43,23,1,25.02594,121.50651,20
500113008,20231119,1059,43,22,1,25.02594,121.50651,21
500113008,20231119,1060,43,22,1,25.02594,121.50651,21
500113008,20231119,1061,43,22,1,25.02594,121.50651,21
500113008,20231119,1062,43,22,1,25.02594,121.50651,21
500113008,20231119,1063,43,23,1,25.02594,121.50651,20
500113008,20231119,1064,43,23,1,25.02594,121.50651,20
500113008,20231119,1065,43,23,1,25.02594,121.50651,20
500113008,20231119,1066,43,24,1,25.02594,121.50651,19
500113008,20231119,1067,43,23,1,25.02594,121.50651,20
500113008,20231119,1068,43,23,1,25.02594,121.50651,20
500113008,20231119,1069,43,23,1,25.02594,121.50651,20
500113008,20231119,1070,43,23,1,25.02594,121.50651,20
500113008,20231119,1071,43,23,1,25.02594,121.50651,20
500113008,20231119,1072,43,25,1,25.02594,121.50651,18
500113008,20231119,1073,43,25,1,25.02594,121.50651,18
500113008,20231119,1074,43,25,1,25.02594,121.50651,18
500113008,20231119,1075,43,25,1,25.02594,121.50651,18
500113008,20231119,1076,43,23,1,25.02594,121.50651,20
500113008,20231119,1077,43,22,1,25.02594,121.50651,21
500113008,20231119,1078,43,21,1,25.02594,121.50651,22
500113008,20231119,1079,43,21,1,25.02594,121.50651,22
500113008,20231119,1081,43,25,1,25.02594,121.50651,18
500113008,20231119,1082,43,24,1,25.02594,121.50651,19
500113008,20231119,1083,43,24,1,25.02594,121.50651,19
500113008,20231119,1084,43,25,1,25.02594,121.50651,18
500113008,20231119,1085,43,23,1,25.02594,121.50651,20
500113008,20231119,1086,43,23,1,25.02594,121.50651,20
500113008,20231119,1087,43,23,1,25.02594,121.50651,20
500113008,20231119,1088,43,23,1,25.02594,121.50651,20
500113008,20231119,1089,43,23,1,25.02594,121.50651,20
500113008,20231119,1090,43,23,1,25.02594,121.50651,20
500113008,20231119,1091,43,23,1,25.02594,121.50651,20
500113008,20231119,1092,43,23,1,25.02594,121.50651,20
500113008,20231119,1093,43,23,1,25.02594,121.50651,20
500113008,20231119,1094,43,23,1,25.02594,121.50651,20
500113008,20231119,1095,43,24,1,25.02594,121.50651,19
500113008,20231119,1096,43,24,1,25.02594,121.50651,19
500113008,20231119,1097,43,24,1,25.02594,121.50651,19
500113008,20231119,1098,43,24,1,25.02594,121.50651,19
500113008,20231119,1099,43,25,1,25.02594,121.50651,18
500113008,20231119,1101,43,23,1,25.02594,121.50651,20
500113008,20231119,1102,43,22,1,25.02594,121.50651,21
500113008,20231119,1103,43,23,1,25.02594,121.50651,20
500113008,20231119,1104,43,23,1,25.02594,121.50651,20
500113008,20231119,1105,43,23,1,25.02594,121.50651,20
500113008,20231119,1106,43,24,1,25.02594,121.50651,19
500113008,20231119,1107,43,24,1,25.02594,121.50651,19
500113008,20231119,1108,43,24,1,25.02594,121.50651,19
500113008,20231119,1109,43,23,1,25.02594,121.50651,20
500113008,20231119,1111,43,23,1,25.02594,121.50651,20
500113008,20231119,1112,43,22,1,25.02594,121.50651,21
500113008,20231119,1113,43,22,1,25.02594,121.50651,21
500113008,20231119,1114,43,22,1,25.02594,121.50651,21
500113008,20231119,1115,43,22,1,25.02594,121.50651,21
500113008,20231119,1116,43,20,1,25.02594,121.50651,23
500113008,20231119,1117,43,20,1,25.02594,121.50651,23
500113008,20231119,1118,43,18,1,25.02594,121.50651,25
500113008,20231119,1119,43,17,1,25.02594,121.50651,26
500113008,20231119,1120,43,16,1,25.02594,121.50651,27
500113008,20231119,1121,43,16,1,25.02594,121.50651,27
500113008,20231119,1122,43,16,1,25.02594,121.50651,27
500113008,20231119,1123,43,16,1,25.02594,121.50651,27
500113008,20231119,1124,43,16,1,25.02594,121.50651,27
500113008,20231119,1125,43,16,1,25.02594,121.50651,27
500113008,20231119,1126,43,16,1,25.02594,121.50651,27
500113008,20231119,1127,43,16,1,25.02594,121.50651,27
500113008,20231119,1128,43,16,1,25.02594,121.50651,27
500113008,20231119,1129,43,15,1,25.02594,121.50651,28
500113008,20231119,1130,43,14,1,25.02594,121.50651,29
500113008,20231119,1131,43,14,1,25.02594,121.50651,29
500113008,20231119,1132,43,14,1,25.02594,121.50651,29
500113008,20231119,1133,43,14,1,25.02594,121.50651,29
500113008,20231119,1134,43,15,1,25.02594,121.50651,28
500113008,20231119,1135,43,15,1,25.02594,121.50651,28
500113008,20231119,1136,43,14,1,25.02594,121.50651,29
500113008,20231119,1137,43,12,1,25.02594,121.50651,31
500113008,20231119,1138,43,12,1,25.02594,121.50651,31
500113008,20231119,1139,43,12,1,25.02594,121.50651,31
500113008,20231119,1141,43,12,1,25.02594,121.50651,31
500113008,20231119,1142,43,12,1,25.02594,121.50651,31
500113008,20231119,1143,43,12,1,25.02594,121.50651,31
500113008,20231119,1144,43,12,1,25.02594,121.50651,31
500113008,20231119,1145,43,12,1,25.02594,121.50651,31
500113008,20231119,1146,43,12,1,25.02594,121.50651,31
500113008,20231119,1147,43,12,1,25.02594,121.50651,31
500113008,20231119,1148,43,12,1,25.02594,121.50651,31
500113008,20231119,1149,43,12,1,25.02594,121.50651,31
500113008,20231119,1150,43,12,1,25.02594,121.50651,31
500113008,20231119,1151,43,12,1,25.02594,121.50651,31
500113008,20231119,1152,43,11,1,25.02594,121.50651,32
500113008,20231119,1153,43,11,1,25.02594,121.50651,32
500113008,20231119,1154,43,10,1,25.02594,121.50651,33
500113008,20231119,1155,43,9,1,25.02594,121.50651,34
500113008,20231119,1156,43,9,1,25.02594,121.50651,34
500113008,20231119,1157,43,9,1,25.02594,121.50651,34
500113008,20231119,1158,43,9,1,25.02594,121.50651,34
500113008,20231119,1159,43,9,1,25.02594,121.50651,34
500113008,20231119,1161,43,10,1,25.02594,121.50651,33
500113008,20231119,1162,43,10,1,25.02594,121.50651,33
500113008,20231119,1163,43,12,1,25.02594,121.50651,31
500113008,20231119,1164,43,13,1,25.02594,121.50651,30
500113008,20231119,1165,43,14,1,25.02594,121.50651,29
500113008,20231119,1166,43,16,1,25.02594,121.50651,27
500113008,20231119,1167,43,18,1,25.02594,121.50651,25
500113008,20231119,1168,43,20,1,25.02594,121.50651,23
500113008,20231119,1169,43,20,1,25.02594,121.50651,23
500113008,20231119,1171,43,20,1,25.02594,121.50651,23
500113008,20231119,1172,43,19,1,25.02594,121.50651,24
500113008,20231119,1173,43,19,1,25.02594,121.50651,24
500113008,20231119,1174,43,19,1,25.02594,121.50651,24
500113008,20231119,1175,43,19,1,25.02594,121.50651,24
500113008,20231119,1176,43,19,1,25.02594,121.50651,24
500113008,20231119,1177,43,18,1,25.02594,121.50651,25
500113008,20231119,1178,43,17,1,25.02594,121.50651,26
500113008,20231119,1179,43,17,1,25.02594,121.50651,26
500113008,20231119,1181,43,17,1,25.02594,121.50651,26
500113008,20231119,1182,43,17,1,25.02594,121.50651,26
500113008,20231119,1183,43,17,1,25.02594,121.50651,26
500113008,20231119,1184,43,17,1,25.02594,121.50651,26
500113008,20231119,1185,43,17,1,25.02594,121.50651,26
500113008,20231119,1186,43,17,1,25.02594,121.50651,26
500113008,20231119,1187,43,17,1,25.02594,121.50651,26
500113008,20231119,1188,43,17,1,25.02594,121.50651,26
500113008,20231119,1189,43,17,1,25.02594,121.50651,26
500113008,20231119,1191,43,17,1,25.02594,121.50651,26
500113008,20231119,1192,43,17,1,25.02594,121.50651,26
500113008,20231119,1193,43,17,1,25.02594,121.50651,26
500113008,20231119,1194,43,17,1,25.02594,121.50651,26
500113008,20231119,1195,43,17,1,25.02594,121.50651,26
500113008,20231119,1196,43,17,1,25.02594,121.50651,26
500113008,20231119,1197,43,17,1,25.02594,121.50651,26
500113008,20231119,1198,43,17,1,25.02594,121.50651,26
500113008,20231119,1199,43,17,1,25.02594,121.50651,26
500113008,20231119,1201,43,17,1,25.02594,121.50651,26
500113008,20231119,1202,43,17,1,25.02594,121.50651,26
500113008,20231119,1203,43,17,1,25.02594,121.50651,26
500113008,20231119,1204,43,17,1,25.02594,121.50651,26
500113008,20231119,1205,43,17,1,25.02594,121.50651,26
500113008,20231119,1206,43,17,1,25.02594,121.50651,26
500113008,20231119,1207,43,17,1,25.02594,121.50651,26
500113008,20231119,1208,43,17,1,25.02594,121.50651,26
500113008,20231119,1209,43,17,1,25.02594,121.50651,26
500113008,20231119,1211,43,17,1,25.02594,121.50651,26
500113008,20231119,1212,43,17,1,25.02594,121.50651,26
500113008,20231119,1213,43,17,1,25.02594,121.50651,26
500113008,20231119,1214,43,17,1,25.02594,121.50651,26
500113008,20231119,1215,43,17,1,25.02594,121.50651,26
500113008,20231119,1216,43,17,1,25.02594,121.50651,26
500113008,20231119,1217,43,17,1,25.02594,121.50651,26
500113008,20231119,1218,43,17,1,25.02594,121.50651,26
500113008,20231119,1219,43,17,1,25.02594,121.50651,26
500113008,20231119,1221,43,17,1,25.02594,121.50651,26
500113008,20231119,1222,43,17,1,25.02594,121.50651,26
500113008,20231119,1223,43,17,1,25.02594,121.50651,26
500113008,20231119,1224,43,17,1,25.02594,121.50651,26
500113008,20231119,1225,43,16,1,25.02594,121.50651,27
500113008,20231119,1226,43,16,1,25.02594,121.50651,27
500113008,20231119,1227,43,16,1,25.02594,121.50651,27
500113008,20231119,1228,43,17,1,25.02594,121.50651,26
500113008,20231119,1229,43,17,1,25.02594,121.50651,26
500113008,20231119,1231,43,16,1,25.02594,121.50651,27
500113008,20231119,1232,43,16,1,25.02594,121.50651,27
500113008,20231119,1233,43,16,1,25.02594,121.50651,27
500113008,20231119,1234,43,16,1,25.02594,121.50651,27
500113008,20231119,1235,43,16,1,25.02594,121.50651,27
500113008,20231119,1236,43,16,1,25.02594,121.50651,27
500113008,20231119,1237,43,16,1,25.02594,121.50651,27
500113008,20231119,1238,43,16,1,25.02594,121.50651,27
500113008,20231119,1239,43,16,1,25.02594,121.50651,27
500113008,20231119,1241,43,16,1,25.02594,121.50651,27
500113008,20231119,1242,43,16,1,25.02594,121.50651,27
500113008,20231119,1243,43,16,1,25.02594,121.50651,27
500113008,20231119,1244,43,16,1,25.02594,121.50651,27
500113008,20231119,1245,43,16,1,25.02594,121.50651,27
500113008,20231119,1246,43,16,1,25.02594,121.50651,27
500113008,20231119,1247,43,16,1,25.02594,121.50651,27
500113008,20231119,1248,43,16,1,25.02594,121.50651,27
500113008,20231119,1249,43,17,1,25.02594,121.50651,26
500113008,20231119,1251,43,17,1,25.02594,121.50651,26
500113008,20231119,1252,43,17,1,25.02594,121.50651,26
500113008,20231119,1253,43,17,1,25.02594,121.50651,26
500113008,20231119,1254,43,19,1,25.02594,121.50651,24
500113008,20231119,1255,43,19,1,25.02594,121.50651,24
500113008,20231119,1256,43,19,1,25.02594,121.50651,24
500113008,20231119,1257,43,19,1,25.02594,121.50651,24
500113008,20231119,1258,43,19,1,25.02594,121.50651,24
500113008,20231119,1259,43,19,1,25.02594,121.50651,24
500113008,20231119,1261,43,18,1,25.02594,121.50651,25
500113008,20231119,1262,43,18,1,25.02594,121.50651,25
500113008,20231119,1263,43,18,1,25.02594,121.50651,25
500113008,20231119,1264,43,18,1,25.02594,121.50651,25
500113008,20231119,1265,43,18,1,25.02594,121.50651,25
500113008,20231119,1266,43,18,1,25.02594,121.50651,25
500113008,20231119,1267,43,18,1,25.02594,121.50651,25
500113008,20231119,1268,43,17,1,25.02594,121.50651,26
500113008,20231119,1269,43,17,1,25.02594,121.50651,26
500113008,20231119,1271,43,17,1,25.02594,121.50651,26
500113008,20231119,1272,43,18,1,25.02594,121.50651,25
500113008,20231119,1273,43,18,1,25.02594,121.50651,25
500113008,20231119,1274,43,18,1,25.02594,121.50651,25
500113008,20231119,1275,43,18,1,25.02594,121.50651,25
500113008,20231119,1276,43,18,1,25.02594,121.50651,25
500113008,20231119,1277,43,17,1,25.02594,121.50651,26
500113008,20231119,1278,43,17,1,25.02594,121.50651,26
500113008,20231119,1279,43,17,1,25.02594,121.50651,26
500113008,20231119,1281,43,17,1,25.02594,121.50651,26
500113008,20231119,1282,43,17,1,25.02594,121.50651,26
500113008,20231119,1283,43,17,1,25.02594,121.50651,26
500113008,20231119,1284,43,17,1,25.02594,121.50651,26
500113008,20231119,1285,43,17,1,25.02594,121.50651,26
500113008,20231119,1286,43,17,1,25.02594,121.50651,26
500113008,20231119,1287,43,17,1,25.02594,121.50651,26
500113008,20231119,1288,43,17,1,25.02594,121.50651,26
500113008,20231119,1289,43,17,1,25.02594,121.50651,26
500113008,20231119,1290,43,17,1,25.02594,121.50651,26
500113008,20231119,1291,43,17,1,25.02594,121.50651,26
500113008,20231119,1292,43,15,1,25.02594,121.50651,28
500113008,20231119,1293,43,15,1,25.02594,121.50651,28
500113008,20231119,1294,43,15,1,25.02594,121.50651,28
500113008,20231119,1295,43,15,1,25.02594,121.50651,28
500113008,20231119,1296,43,15,1,25.02594,121.50651,28
500113008,20231119,1297,43,15,1,25.02594,121.50651,28
500113008,20231119,1298,43,15,1,25.02594,121.50651,28
500113008,20231119,1299,43,16,1,25.02594,121.50651,27
500113008,20231119,1300,43,16,1,25.02594,121.50651,27
500113008,20231119,1301,43,16,1,25.02594,121.50651,27
500113008,20231119,1302,43,16,1,25.02594,121.50651,27
500113008,20231119,1303,43,16,1,25.02594,121.50651,27
500113008,20231119,1304,43,16,1,25.02594,121.50651,27
500113008,20231119,1305,43,16,1,25.02594,121.50651,27
500113008,20231119,1306,43,16,1,25.02594,121.50651,27
500113008,20231119,1307,43,16,1,25.02594,121.50651,27
500113008,20231119,1308,43,16,1,25.02594,121.50651,27
500113008,20231119,1309,43,16,1,25.02594,121.50651,27
500113008,20231119,1310,43,16,1,25.02594,121.50651,27
500113008,20231119,1311,43,16,1,25.02594,121.50651,27
500113008,20231119,1312,43,17,1,25.02594,121.50651,26
500113008,20231119,1313,43,17,1,25.02594,121.50651,26
500113008,20231119,1314,43,17,1,25.02594,121.50651,26
500113008,20231119,1315,43,17,1,25.02594,121.50651,26
500113008,20231119,1316,43,17,1,25.02594,121.50651,26
500113008,20231119,1317,43,16,1,25.02594,121.50651,27
500113008,20231119,1318,43,16,1,25.02594,121.50651,27
500113008,20231119,1319,43,16,1,25.02594,121.50651,27
500113008,20231119,1321,43,16,1,25.02594,121.50651,27
500113008,20231119,1322,43,15,1,25.02594,121.50651,28
500113008,20231119,1323,43,15,1,25.02594,121.50651,28
500113008,20231119,1324,43,15,1,25.02594,121.50651,28
500113008,20231119,1325,43,15,1,25.02594,121.50651,28
500113008,20231119,1326,43,15,1,25.02594,121.50651,28
500113008,20231119,1327,43,15,1,25.02594,121.50651,28
500113008,20231119,1328,43,15,1,25.02594,121.50651,28
500113008,20231119,1329,43,16,1,25.02594,121.50651,27
500113008,20231119,1330,43,16,1,25.02594,121.50651,27
500113008,20231119,1331,43,16,1,25.02594,121.50651,27
500113008,20231119,1332,43,16,1,25.02594,121.50651,27
500113008,20231119,1333,43,16,1,25.02594,121.50651,27
500113008,20231119,1334,43,17,1,25.02594,121.50651,26
500113008,20231119,1335,43,17,1,25.02594,121.50651,26
500113008,20231119,1336,43,17,1,25.02594,121.50651,26
500113008,20231119,1337,43,17,1,25.02594,121.50651,26
500113008,20231119,1338,43,17,1,25.02594,121.50651,26
500113008,20231119,1339,43,17,1,25.02594,121.50651,26
500113008,20231119,1341,43,17,1,25.02594,121.50651,26
500113008,20231119,1342,43,17,1,25.02594,121.50651,26
500113008,20231119,1343,43,17,1,25.02594,121.50651,26
500113008,20231119,1344,43,17,1,25.02594,121.50651,26
500113008,20231119,1345,43,17,1,25.02594,121.50651,26
500113008,20231119,1346,43,16,1,25.02594,121.50651,27
500113008,20231119,1347,43,16,1,25.02594,121.50651,27
500113008,20231119,1348,43,16,1,25.02594,121.50651,27
500113008,20231119,1349,43,16,1,25.02594,121.50651,27
500113008,20231119,1350,43,17,1,25.02594,121.50651,26
500113008,20231119,1351,43,17,1,25.02594,121.50651,26
500113008,20231119,1352,43,17,1,25.02594,121.50651,26
500113008,20231119,1353,43,17,1,25.02594,121.50651,26
500113008,20231119,1354,43,17,1,25.02594,121.50651,26
500113008,20231119,1355,43,17,1,25.02594,121.50651,26
500113008,20231119,1356,43,17,1,25.02594,121.50651,26
500113008,20231119,1357,43,17,1,25.02594,121.50651,26
500113008,20231119,1358,43,17,1,25.02594,121.50651,26
500113008,20231119,1359,43,15,1,25.02594,121.50651,28
500113008,20231119,1360,43,15,1,25.02594,121.50651,28
500113008,20231119,1361,43,15,1,25.02594,121.50651,28
500113008,20231119,1362,43,15,1,25.02594,121.50651,28
500113008,20231119,1363,43,15,1,25.02594,121.50651,28
500113008,20231119,1364,43,15,1,25.02594,121.50651,28
500113008,20231119,1365,43,14,1,25.02594,121.50651,29
500113008,20231119,1366,43,15,1,25.02594,121.50651,28
500113008,20231119,1367,43,15,1,25.02594,121.50651,28
500113008,20231119,1368,43,15,1,25.02594,121.50651,28
500113008,20231119,1369,43,15,1,25.02594,121.50651,28
500113008,20231119,1370,43,15,1,25.02594,121.50651,28
500113008,20231119,1371,43,15,1,25.02594,121.50651,28
500113008,20231119,1372,43,15,1,25.02594,121.50651,28
500113008,20231119,1373,43,15,1,25.02594,121.50651,28
500113008,20231119,1374,43,15,1,25.02594,121.50651,28
500113008,20231119,1375,43,15,1,25.02594,121.50651,28
500113008,20231119,1376,43,15,1,25.02594,121.50651,28
500113008,20231119,1377,43,15,1,25.02594,121.50651,28
500113008,20231119,1378,43,15,1,25.02594,121.50651,28
500113008,20231119,1379,43,15,1,25.02594,121.50651,28
500113008,20231119,1381,43,14,1,25.02594,121.50651,29
500113008,20231119,1382,43,14,1,25.02594,121.50651,29
500113008,20231119,1383,43,14,1,25.02594,121.50651,29
500113008,20231119,1384,43,15,1,25.02594,121.50651,28
500113008,20231119,1385,43,15,1,25.02594,121.50651,28
500113008,20231119,1386,43,15,1,25.02594,121.50651,28
500113008,20231119,1387,43,15,1,25.02594,121.50651,28
500113008,20231119,1388,43,14,1,25.02594,121.50651,29
500113008,20231119,1389,43,14,1,25.02594,121.50651,29
500113008,20231119,1390,43,13,1,25.02594,121.50651,30
500113008,20231119,1391,43,13,1,25.02594,121.50651,30
500113008,20231119,1392,43,13,1,25.02594,121.50651,30
500113008,20231119,1393,43,13,1,25.02594,121.50651,30
500113008,20231119,1394,43,13,1,25.02594,121.50651,30
500113008,20231119,1395,43,13,1,25.02594,121.50651,30
500113008,20231119,1396,43,13,1,25.02594,121.50651,30
500113008,20231119,1397,43,13,1,25.02594,121.50651,30
500113008,20231119,1398,43,13,1,25.02594,121.50651,30
500113008,20231119,1399,43,13,1,25.02594,121.50651,30
500113008,20231119,1401,43,13,1,25.02594,121.50651,30
500113008,20231119,1402,43,13,1,25.02594,121.50651,30
500113008,20231119,1403,43,13,1,25.02594,121.50651,30
500113008,20231119,1404,43,13,1,25.02594,121.50651,30
500113008,20231119,1405,43,13,1,25.02594,121.50651,30
500113008,20231119,1406,43,13,1,25.02594,121.50651,30
500113008,20231119,1407,43,13,1,25.02594,121.50651,30
500113008,20231119,1408,43,13,1,25.02594,121.50651,30
500113008,20231119,1409,43,13,1,25.02594,121.50651,30
500113008,20231119,1410,43,13,1,25.02594,121.50651,30
500113008,20231119,1411,43,13,1,25.02594,121.50651,30
500113008,20231119,1412,43,13,1,25.02594,121.50651,30
500113008,20231119,1413,43,13,1,25.02594,121.50651,30
500113008,20231119,1414,43,13,1,25.02594,121.50651,30
500113008,20231119,1415,43,12,1,25.02594,121.50651,31
500113008,20231119,1416,43,12,1,25.02594,121.50651,31
500113008,20231119,1417,43,12,1,25.02594,121.50651,31
500113008,20231119,1418,43,12,1,25.02594,121.50651,31
500113008,20231119,1419,43,12,1,25.02594,121.50651,31
500113008,20231119,1420,43,11,1,25.02594,121.50651,32
500113008,20231119,1421,43,11,1,25.02594,121.50651,32
500113008,20231119,1422,43,11,1,25.02594,121.50651,32
500113008,20231119,1423,43,11,1,25.02594,121.50651,32
500113008,20231119,1424,43,11,1,25.02594,121.50651,32
500113008,20231119,1425,43,11,1,25.02594,121.50651,32
500113008,20231119,1426,43,11,1,25.02594,121.50651,32
500113008,20231119,1427,43,11,1,25.02594,121.50651,32
500113008,20231119,1428,43,11,1,25.02594,121.50651,32
500113008,20231119,1429,43,11,1,25.02594,121.50651,32
500113008,20231119,1430,43,11,1,25.02594,121.50651,32
500113008,20231119,1431,43,11,1,25.02594,121.50651,32
500113008,20231119,1432,43,11,1,25.02594,121.50651,32
500113008,20231119,1433,43,10,1,25.02594,121.50651,33
500113008,20231119,1434,43,10,1,25.02594,121.50651,33
500113008,20231119,1435,43,10,1,25.02594,121.50651,33
500113008,20231119,1436,43,10,1,25.02594,121.50651,33
500113008,20231119,1437,43,10,1,25.02594,121.50651,33
500113008,20231119,1438,43,10,1,25.02594,121.50651,33
500113008,20231119,1439,43,10,1,25.02594,121.50651,33
500113008,20231120,0,43,10,1,25.02594,121.50651,33
500113008,20231120,1,43,10,1,25.02594,121.50651,33
500113008,20231120,3,43,10,1,25.02594,121.50651,33
500113008,20231120,4,43,10,1,25.02594,121.50651,33
500113008,20231120,5,43,10,1,25.02594,121.50651,33
500113008,20231120,6,43,10,1,25.02594,121.50651,33
500113008,20231120,7,43,10,1,25.02594,121.50651,33
500113008,20231120,8,43,10,1,25.02594,121.50651,33
500113008,20231120,9,43,10,1,25.02594,121.50651,33
500113008,20231120,11,43,10,1,25.02594,121.50651,33
500113008,20231120,12,43,10,1,25.02594,121.50651,33
500113008,20231120,13,43,10,1,25.02594,121.50651,33
500113008,20231120,14,43,10,1,25.02594,121.50651,33
500113008,20231120,15,43,10,1,25.02594,121.50651,33
500113008,20231120,16,43,10,1,25.02594,121.50651,33
500113008,20231120,17,43,10,1,25.02594,121.50651,33
500113008,20231120,18,43,10,1,25.02594,121.50651,33
500113008,20231120,19,43,10,1,25.02594,121.50651,33
500113008,20231120,21,43,10,1,25.02594,121.50651,33
500113008,20231120,22,43,10,1,25.02594,121.50651,33
500113008,20231120,23,43,10,1,25.02594,121.50651,33
500113008,20231120,24,43,10,1,25.02594,121.50651,33
500113008,20231120,25,43,10,1,25.02594,121.50651,33
500113008,20231120,26,43,10,1,25.02594,121.50651,33
500113008,20231120,27,43,10,1,25.02594,121.50651,33
500113008,20231120,28,43,10,1,25.02594,121.50651,33
500113008,20231120,29,43,10,1,25.02594,121.50651,33
500113008,20231120,31,43,10,1,25.02594,121.50651,33
500113008,20231120,32,43,10,1,25.02594,121.50651,33
500113008,20231120,33,43,10,1,25.02594,121.50651,33
500113008,20231120,34,43,10,1,25.02594,121.50651,33
500113008,20231120,36,43,9,1,25.02594,121.50651,34
500113008,20231120,37,43,9,1,25.02594,121.50651,34
500113008,20231120,38,43,9,1,25.02594,121.50651,34
500113008,20231120,39,43,9,1,25.02594,121.50651,34
500113008,20231120,41,43,9,1,25.02594,121.50651,34
500113008,20231120,42,43,9,1,25.02594,121.50651,34
500113008,20231120,43,43,9,1,25.02594,121.50651,34
500113008,20231120,44,43,9,1,25.02594,121.50651,34
500113008,20231120,45,43,9,1,25.02594,121.50651,34
500113008,20231120,46,43,9,1,25.02594,121.50651,34
500113008,20231120,47,43,9,1,25.02594,121.50651,34
500113008,20231120,48,43,9,1,25.02594,121.50651,34
500113008,20231120,49,43,9,1,25.02594,121.50651,34
500113008,20231120,51,43,9,1,25.02594,121.50651,34
500113008,20231120,52,43,9,1,25.02594,121.50651,34
500113008,20231120,53,43,9,1,25.02594,121.50651,34
500113008,20231120,54,43,9,1,25.02594,121.50651,34
500113008,20231120,55,43,9,1,25.02594,121.50651,34
500113008,20231120,56,43,9,1,25.02594,121.50651,34
500113008,20231120,57,43,9,1,25.02594,121.50651,34
500113008,20231120,58,43,9,1,25.02594,121.50651,34
500113008,20231120,59,43,9,1,25.02594,121.50651,34
500113008,20231120,61,43,8,1,25.02594,121.50651,35
500113008,20231120,62,43,8,1,25.02594,121.50651,35
500113008,20231120,63,43,8,1,25.02594,121.50651,35
500113008,20231120,64,43,8,1,25.02594,121.50651,35
500113008,20231120,65,43,8,1,25.02594,121.50651,35
500113008,20231120,66,43,8,1,25.02594,121.50651,35
500113008,20231120,67,43,8,1,25.02594,121.50651,35
500113008,20231120,68,43,8,1,25.02594,121.50651,35
500113008,20231120,69,43,8,1,25.02594,121.50651,35
500113008,20231120,71,43,8,1,25.02594,121.50651,35
500113008,20231120,72,43,8,1,25.02594,121.50651,35
500113008,20231120,73,43,8,1,25.02594,121.50651,35
500113008,20231120,74,43,8,1,25.02594,121.50651,35
500113008,20231120,75,43,8,1,25.02594,121.50651,35
500113008,20231120,76,43,8,1,25.02594,121.50651,35
500113008,20231120,77,43,8,1,25.02594,121.50651,35
500113008,20231120,78,43,8,1,25.02594,121.50651,35
500113008,20231120,79,43,8,1,25.02594,121.50651,35
500113008,20231120,81,43,8,1,25.02594,121.50651,35
500113008,20231120,82,43,8,1,25.02594,121.50651,35
500113008,20231120,83,43,8,1,25.02594,121.50651,35
500113008,20231120,84,43,8,1,25.02594,121.50651,35
500113008,20231120,85,43,8,1,25.02594,121.50651,35
500113008,20231120,86,43,8,1,25.02594,121.50651,35
500113008,20231120,87,43,8,1,25.02594,121.50651,35
500113008,20231120,88,43,8,1,25.02594,121.50651,35
500113008,20231120,89,43,8,1,25.02594,121.50651,35
500113008,20231120,91,43,8,1,25.02594,121.50651,35
500113008,20231120,92,43,8,1,25.02594,121.50651,35
500113008,20231120,93,43,8,1,25.02594,121.50651,35
500113008,20231120,94,43,8,1,25.02594,121.50651,35
500113008,20231120,95,43,8,1,25.02594,121.50651,35
500113008,20231120,96,43,8,1,25.02594,121.50651,35
500113008,20231120,97,43,8,1,25.02594,121.50651,35
500113008,20231120,98,43,8,1,25.02594,121.50651,35
500113008,20231120,99,43,8,1,25.02594,121.50651,35
500113008,20231120,101,43,8,1,25.02594,121.50651,35
500113008,20231120,102,43,8,1,25.02594,121.50651,35
500113008,20231120,103,43,8,1,25.02594,121.50651,35
500113008,20231120,104,43,8,1,25.02594,121.50651,35
500113008,20231120,105,43,8,1,25.02594,121.50651,35
500113008,20231120,106,43,8,1,25.02594,121.50651,35
500113008,20231120,107,43,8,1,25.02594,121.50651,35
500113008,20231120,108,43,8,1,25.02594,121.50651,35
500113008,20231120,109,43,8,1,25.02594,121.50651,35
500113008,20231120,111,43,8,1,25.02594,121.50651,35
500113008,20231120,112,43,8,1,25.02594,121.50651,35
500113008,20231120,113,43,8,1,25.02594,121.50651,35
500113008,20231120,114,43,8,1,25.02594,121.50651,35
500113008,20231120,115,43,8,1,25.02594,121.50651,35
500113008,20231120,116,43,8,1,25.02594,121.50651,35
500113008,20231120,117,43,8,1,25.02594,121.50651,35
500113008,20231120,118,43,8,1,25.02594,121.50651,35
500113008,20231120,119,43,8,1,25.02594,121.50651,35
500113008,20231120,121,43,8,1,25.02594,121.50651,35
500113008,20231120,122,43,8,1,25.02594,121.50651,35
500113008,20231120,123,43,8,1,25.02594,121.50651,35
500113008,20231120,124,43,8,1,25.02594,121.50651,35
500113008,20231120,125,43,8,1,25.02594,121.50651,35
500113008,20231120,126,43,8,1,25.02594,121.50651,35
500113008,20231120,127,43,8,1,25.02594,121.50651,35
500113008,20231120,128,43,7,1,25.02594,121.50651,36
500113008,20231120,129,43,7,1,25.02594,121.50651,36
500113008,20231120,130,43,7,1,25.02594,121.50651,36
500113008,20231120,131,43,7,1,25.02594,121.50651,36
500113008,20231120,132,43,7,1,25.02594,121.50651,36
500113008,20231120,133,43,7,1,25.02594,121.50651,36
500113008,20231120,134,43,7,1,25.02594,121.50651,36
500113008,20231120,135,43,7,1,25.02594,121.50651,36
500113008,20231120,136,43,7,1,25.02594,121.50651,36
500113008,20231120,137,43,7,1,25.02594,121.50651,36
500113008,20231120,138,43,7,1,25.02594,121.50651,36
500113008,20231120,139,43,7,1,25.02594,121.50651,36
500113008,20231120,141,43,7,1,25.02594,121.50651,36
500113008,20231120,142,43,7,1,25.02594,121.50651,36
500113008,20231120,143,43,7,1,25.02594,121.50651,36
500113008,20231120,144,43,7,1,25.02594,121.50651,36
500113008,20231120,145,43,7,1,25.02594,121.50651,36
500113008,20231120,146,43,7,1,25.02594,121.50651,36
500113008,20231120,147,43,7,1,25.02594,121.50651,36
500113008,20231120,148,43,7,1,25.02594,121.50651,36
500113008,20231120,149,43,7,1,25.02594,121.50651,36
500113008,20231120,150,43,7,1,25.02594,121.50651,36
500113008,20231120,151,43,7,1,25.02594,121.50651,36
500113008,20231120,152,43,7,1,25.02594,121.50651,36
500113008,20231120,153,43,7,1,25.02594,121.50651,36
500113008,20231120,154,43,7,1,25.02594,121.50651,36
500113008,20231120,155,43,7,1,25.02594,121.50651,36
500113008,20231120,156,43,7,1,25.02594,121.50651,36
500113008,20231120,157,43,7,1,25.02594,121.50651,36
500113008,20231120,158,43,7,1,25.02594,121.50651,36
500113008,20231120,159,43,7,1,25.02594,121.50651,36
500113008,20231120,160,43,7,1,25.02594,121.50651,36
500113008,20231120,161,43,7,1,25.02594,121.50651,36
500113008,20231120,162,43,7,1,25.02594,121.50651,36
500113008,20231120,163,43,7,1,25.02594,121.50651,36
500113008,20231120,164,43,7,1,25.02594,121.50651,36
500113008,20231120,165,43,7,1,25.02594,121.50651,36
500113008,20231120,166,43,7,1,25.02594,121.50651,36
500113008,20231120,167,43,7,1,25.02594,121.50651,36
500113008,20231120,168,43,7,1,25.02594,121.50651,36
500113008,20231120,169,43,7,1,25.02594,121.50651,36
500113008,20231120,170,43,7,1,25.02594,121.50651,36
500113008,20231120,171,43,7,1,25.02594,121.50651,36
500113008,20231120,172,43,7,1,25.02594,121.50651,36
500113008,20231120,173,43,7,1,25.02594,121.50651,36
500113008,20231120,174,43,7,1,25.02594,121.50651,36
500113008,20231120,175,43,7,1,25.02594,121.50651,36
500113008,20231120,176,43,7,1,25.02594,121.50651,36
500113008,20231120,177,43,7,1,25.02594,121.50651,36
500113008,20231120,178,43,7,1,25.02594,121.50651,36
500113008,20231120,179,43,7,1,25.02594,121.50651,36
500113008,20231120,180,43,6,1,25.02594,121.50651,37
500113008,20231120,181,43,6,1,25.02594,121.50651,37
500113008,20231120,182,43,6,1,25.02594,121.50651,37
500113008,20231120,183,43,6,1,25.02594,121.50651,37
500113008,20231120,184,43,6,1,25.02594,121.50651,37
500113008,20231120,185,43,6,1,25.02594,121.50651,37
500113008,20231120,186,43,6,1,25.02594,121.50651,37
500113008,20231120,187,43,6,1,25.02594,121.50651,37
500113008,20231120,188,43,6,1,25.02594,121.50651,37
500113008,20231120,189,43,6,1,25.02594,121.50651,37
500113008,20231120,190,43,6,1,25.02594,121.50651,37
500113008,20231120,191,43,6,1,25.02594,121.50651,37
500113008,20231120,192,43,6,1,25.02594,121.50651,37
500113008,20231120,193,43,6,1,25.02594,121.50651,37
500113008,20231120,194,43,6,1,25.02594,121.50651,37
500113008,20231120,195,43,6,1,25.02594,121.50651,37
500113008,20231120,196,43,6,1,25.02594,121.50651,37
500113008,20231120,197,43,6,1,25.02594,121.50651,37
500113008,20231120,198,43,6,1,25.02594,121.50651,37
500113008,20231120,199,43,6,1,25.02594,121.50651,37
500113008,20231120,201,43,6,1,25.02594,121.50651,37
500113008,20231120,202,43,6,1,25.02594,121.50651,37
500113008,20231120,203,43,6,1,25.02594,121.50651,37
500113008,20231120,204,43,6,1,25.02594,121.50651,37
500113008,20231120,205,43,6,1,25.02594,121.50651,37
500113008,20231120,206,43,6,1,25.02594,121.50651,37
500113008,20231120,207,43,6,1,25.02594,121.50651,37
500113008,20231120,208,43,6,1,25.02594,121.50651,37
500113008,20231120,209,43,6,1,25.02594,121.50651,37
500113008,20231120,210,43,6,1,25.02594,121.50651,37
500113008,20231120,211,43,6,1,25.02594,121.50651,37
500113008,20231120,212,43,6,1,25.02594,121.50651,37
500113008,20231120,213,43,6,1,25.02594,121.50651,37
500113008,20231120,214,43,6,1,25.02594,121.50651,37
500113008,20231120,215,43,6,1,25.02594,121.50651,37
500113008,20231120,216,43,6,1,25.02594,121.50651,37
500113008,20231120,217,43,6,1,25.02594,121.50651,37
500113008,20231120,218,43,6,1,25.02594,121.50651,37
500113008,20231120,219,43,6,1,25.02594,121.50651,37
500113008,20231120,220,43,6,1,25.02594,121.50651,37
500113008,20231120,221,43,6,1,25.02594,121.50651,37
500113008,20231120,222,43,6,1,25.02594,121.50651,37
500113008,20231120,223,43,6,1,25.02594,121.50651,37
500113008,20231120,224,43,6,1,25.02594,121.50651,37
500113008,20231120,225,43,6,1,25.02594,121.50651,37
500113008,20231120,226,43,6,1,25.02594,121.50651,37
500113008,20231120,227,43,6,1,25.02594,121.50651,37
500113008,20231120,228,43,6,1,25.02594,121.50651,37
500113008,20231120,229,43,6,1,25.02594,121.50651,37
500113008,20231120,230,43,6,1,25.02594,121.50651,37
500113008,20231120,231,43,6,1,25.02594,121.50651,37
500113008,20231120,232,43,6,1,25.02594,121.50651,37
500113008,20231120,233,43,6,1,25.02594,121.50651,37
500113008,20231120,234,43,6,1,25.02594,121.50651,37
500113008,20231120,235,43,6,1,25.02594,121.50651,37
500113008,20231120,236,43,6,1,25.02594,121.50651,37
500113008,20231120,237,43,6,1,25.02594,121.50651,37
500113008,20231120,238,43,6,1,25.02594,121.50651,37
500113008,20231120,239,43,6,1,25.02594,121.50651,37
500113008,20231120,240,43,6,1,25.02594,121.50651,37
500113008,20231120,241,43,6,1,25.02594,121.50651,37
500113008,20231120,242,43,6,1,25.02594,121.50651,37
500113008,20231120,243,43,6,1,25.02594,121.50651,37
500113008,20231120,244,43,6,1,25.02594,121.50651,37
500113008,20231120,245,43,6,1,25.02594,121.50651,37
500113008,20231120,246,43,6,1,25.02594,121.50651,37
500113008,20231120,247,43,6,1,25.02594,121.50651,37
500113008,20231120,248,43,6,1,25.02594,121.50651,37
500113008,20231120,249,43,6,1,25.02594,121.50651,37
500113008,20231120,250,43,6,1,25.02594,121.50651,37
500113008,20231120,251,43,6,1,25.02594,121.50651,37
500113008,20231120,252,43,6,1,25.02594,121.50651,37
500113008,20231120,253,43,6,1,25.02594,121.50651,37
500113008,20231120,254,43,6,1,25.02594,121.50651,37
500113008,20231120,255,43,6,1,25.02594,121.50651,37
500113008,20231120,256,43,6,1,25.02594,121.50651,37
500113008,20231120,257,43,6,1,25.02594,121.50651,37
500113008,20231120,258,43,6,1,25.02594,121.50651,37
500113008,20231120,259,43,6,1,25.02594,121.50651,37
500113008,20231120,261,43,6,1,25.02594,121.50651,37
500113008,20231120,262,43,6,1,25.02594,121.50651,37
500113008,20231120,263,43,6,1,25.02594,121.50651,37
500113008,20231120,264,43,5,1,25.02594,121.50651,38
500113008,20231120,266,43,5,1,25.02594,121.50651,38
500113008,20231120,267,43,5,1,25.02594,121.50651,38
500113008,20231120,268,43,5,1,25.02594,121.50651,38
500113008,20231120,269,43,5,1,25.02594,121.50651,38
500113008,20231120,271,43,5,1,25.02594,121.50651,38
500113008,20231120,272,43,5,1,25.02594,121.50651,38
500113008,20231120,273,43,5,1,25.02594,121.50651,38
500113008,20231120,274,43,5,1,25.02594,121.50651,38
500113008,20231120,275,43,5,1,25.02594,121.50651,38
500113008,20231120,276,43,5,1,25.02594,121.50651,38
500113008,20231120,277,43,5,1,25.02594,121.50651,38
500113008,20231120,278,43,5,1,25.02594,121.50651,38
500113008,20231120,279,43,5,1,25.02594,121.50651,38
500113008,20231120,281,43,5,1,25.02594,121.50651,38
500113008,20231120,282,43,5,1,25.02594,121.50651,38
500113008,20231120,283,43,5,1,25.02594,121.50651,38
500113008,20231120,284,43,5,1,25.02594,121.50651,38
500113008,20231120,285,43,5,1,25.02594,121.50651,38
500113008,20231120,286,43,5,1,25.02594,121.50651,38
500113008,20231120,287,43,5,1,25.02594,121.50651,38
500113008,20231120,288,43,5,1,25.02594,121.50651,38
500113008,20231120,289,43,5,1,25.02594,121.50651,38
500113008,20231120,291,43,5,1,25.02594,121.50651,38
500113008,20231120,292,43,5,1,25.02594,121.50651,38
500113008,20231120,293,43,5,1,25.02594,121.50651,38
500113008,20231120,294,43,5,1,25.02594,121.50651,38
500113008,20231120,295,43,5,1,25.02594,121.50651,38
500113008,20231120,296,43,5,1,25.02594,121.50651,38
500113008,20231120,297,43,5,1,25.02594,121.50651,38
500113008,20231120,298,43,5,1,25.02594,121.50651,38
500113008,20231120,299,43,5,1,25.02594,121.50651,38
500113008,20231120,301,43,5,1,25.02594,121.50651,38
500113008,20231120,302,43,5,1,25.02594,121.50651,38
500113008,20231120,303,43,5,1,25.02594,121.50651,38
500113008,20231120,304,43,5,1,25.02594,121.50651,38
500113008,20231120,305,43,5,1,25.02594,121.50651,38
500113008,20231120,306,43,5,1,25.02594,121.50651,38
500113008,20231120,307,43,5,1,25.02594,121.50651,38
500113008,20231120,308,43,5,1,25.02594,121.50651,38
500113008,20231120,309,43,5,1,25.02594,121.50651,38
500113008,20231120,311,43,5,1,25.02594,121.50651,38
500113008,20231120,312,43,5,1,25.02594,121.50651,38
500113008,20231120,313,43,5,1,25.02594,121.50651,38
500113008,20231120,314,43,5,1,25.02594,121.50651,38
500113008,20231120,315,43,4,1,25.02594,121.50651,39
500113008,20231120,316,43,4,1,25.02594,121.50651,39
500113008,20231120,317,43,4,1,25.02594,121.50651,39
500113008,20231120,318,43,4,1,25.02594,121.50651,39
500113008,20231120,319,43,4,1,25.02594,121.50651,39
500113008,20231120,321,43,4,1,25.02594,121.50651,39
500113008,20231120,322,43,4,1,25.02594,121.50651,39
500113008,20231120,323,43,4,1,25.02594,121.50651,39
500113008,20231120,324,43,4,1,25.02594,121.50651,39
500113008,20231120,325,43,4,1,25.02594,121.50651,39
500113008,20231120,326,43,3,1,25.02594,121.50651,40
500113008,20231120,327,43,3,1,25.02594,121.50651,40
500113008,20231120,328,43,3,1,25.02594,121.50651,40
500113008,20231120,329,43,3,1,25.02594,121.50651,40
500113008,20231120,331,43,3,1,25.02594,121.50651,40
500113008,20231120,332,43,3,1,25.02594,121.50651,40
500113008,20231120,333,43,3,1,25.02594,121.50651,40
500113008,20231120,334,43,3,1,25.02594,121.50651,40
500113008,20231120,335,43,3,1,25.02594,121.50651,40
500113008,20231120,336,43,3,1,25.02594,121.50651,40
500113008,20231120,337,43,3,1,25.02594,121.50651,40
500113008,20231120,338,43,3,1,25.02594,121.50651,40
500113008,20231120,339,43,3,1,25.02594,121.50651,40
500113008,20231120,341,43,3,1,25.02594,121.50651,40
500113008,20231120,342,43,3,1,25.02594,121.50651,40
500113008,20231120,343,43,3,1,25.02594,121.50651,40
500113008,20231120,344,43,3,1,25.02594,121.50651,40
500113008,20231120,345,43,3,1,25.02594,121.50651,40
500113008,20231120,346,43,3,1,25.02594,121.50651,40
500113008,20231120,347,43,3,1,25.02594,121.50651,40
500113008,20231120,348,43,3,1,25.02594,121.50651,40
500113008,20231120,349,43,3,1,25.02594,121.50651,40
500113008,20231120,351,43,3,1,25.02594,121.50651,40
500113008,20231120,352,43,3,1,25.02594,121.50651,40
500113008,20231120,353,43,3,1,25.02594,121.50651,40
500113008,20231120,354,43,3,1,25.02594,121.50651,40
500113008,20231120,355,43,3,1,25.02594,121.50651,40
500113008,20231120,356,43,3,1,25.02594,121.50651,40
500113008,20231120,357,43,3,1,25.02594,121.50651,40
500113008,20231120,358,43,3,1,25.02594,121.50651,40
500113008,20231120,359,43,3,1,25.02594,121.50651,40
500113008,20231120,361,43,3,1,25.02594,121.50651,40
500113008,20231120,362,43,3,1,25.02594,121.50651,40
500113008,20231120,363,43,3,1,25.02594,121.50651,40
500113008,20231120,364,43,3,1,25.02594,121.50651,40
500113008,20231120,365,43,3,1,25.02594,121.50651,40
500113008,20231120,366,43,3,1,25.02594,121.50651,40
500113008,20231120,367,43,3,1,25.02594,121.50651,40
500113008,20231120,368,43,3,1,25.02594,121.50651,40
500113008,20231120,369,43,3,1,25.02594,121.50651,40
500113008,20231120,370,43,3,1,25.02594,121.50651,40
500113008,20231120,371,43,3,1,25.02594,121.50651,40
500113008,20231120,372,43,3,1,25.02594,121.50651,40
500113008,20231120,373,43,3,1,25.02594,121.50651,40
500113008,20231120,374,43,3,1,25.02594,121.50651,40
500113008,20231120,375,43,3,1,25.02594,121.50651,40
500113008,20231120,376,43,4,1,25.02594,121.50651,39
500113008,20231120,377,43,4,1,25.02594,121.50651,39
500113008,20231120,378,43,4,1,25.02594,121.50651,39
500113008,20231120,379,43,4,1,25.02594,121.50651,39
500113008,20231120,381,43,4,1,25.02594,121.50651,39
500113008,20231120,382,43,6,1,25.02594,121.50651,37
500113008,20231120,383,43,5,1,25.02594,121.50651,38
500113008,20231120,384,43,5,1,25.02594,121.50651,38
500113008,20231120,385,43,5,1,25.02594,121.50651,38
500113008,20231120,386,43,5,1,25.02594,121.50651,38
500113008,20231120,387,43,5,1,25.02594,121.50651,38
500113008,20231120,388,43,5,1,25.02594,121.50651,38
500113008,20231120,389,43,5,1,25.02594,121.50651,38
500113008,20231120,390,43,5,1,25.02594,121.50651,38
500113008,20231120,391,43,5,1,25.02594,121.50651,38
500113008,20231120,392,43,5,1,25.02594,121.50651,38
500113008,20231120,393,43,5,1,25.02594,121.50651,38
500113008,20231120,394,43,5,1,25.02594,121.50651,38
500113008,20231120,395,43,5,1,25.02594,121.50651,38
500113008,20231120,396,43,5,1,25.02594,121.50651,38
500113008,20231120,397,43,5,1,25.02594,121.50651,38
500113008,20231120,398,43,5,1,25.02594,121.50651,38
500113008,20231120,399,43,5,1,25.02594,121.50651,38
500113008,20231120,400,43,5,1,25.02594,121.50651,38
500113008,20231120,401,43,5,1,25.02594,121.50651,38
500113008,20231120,402,43,5,1,25.02594,121.50651,38
500113008,20231120,403,43,5,1,25.02594,121.50651,38
500113008,20231120,404,43,5,1,25.02594,121.50651,38
500113008,20231120,405,43,5,1,25.02594,121.50651,38
500113008,20231120,406,43,5,1,25.02594,121.50651,38
500113008,20231120,407,43,5,1,25.02594,121.50651,38
500113008,20231120,408,43,6,1,25.02594,121.50651,37
500113008,20231120,409,43,6,1,25.02594,121.50651,37
500113008,20231120,410,43,6,1,25.02594,121.50651,37
500113008,20231120,411,43,6,1,25.02594,121.50651,37
500113008,20231120,412,43,8,1,25.02594,121.50651,35
500113008,20231120,413,43,7,1,25.02594,121.50651,36
500113008,20231120,414,43,7,1,25.02594,121.50651,36
500113008,20231120,415,43,7,1,25.02594,121.50651,36
500113008,20231120,416,43,7,1,25.02594,121.50651,36
500113008,20231120,417,43,8,1,25.02594,121.50651,35
500113008,20231120,418,43,8,1,25.02594,121.50651,35
500113008,20231120,419,43,8,1,25.02594,121.50651,35
500113008,20231120,421,43,9,1,25.02594,121.50651,34
500113008,20231120,422,43,9,1,25.02594,121.50651,34
500113008,20231120,423,43,11,1,25.02594,121.50651,32
500113008,20231120,424,43,11,1,25.02594,121.50651,32
500113008,20231120,425,43,11,1,25.02594,121.50651,32
500113008,20231120,426,43,10,1,25.02594,121.50651,33
500113008,20231120,427,43,9,1,25.02594,121.50651,34
500113008,20231120,428,43,9,1,25.02594,121.50651,34
500113008,20231120,429,43,8,1,25.02594,121.50651,35
500113008,20231120,430,43,8,1,25.02594,121.50651,35
500113008,20231120,431,43,8,1,25.02594,121.50651,35
500113008,20231120,432,43,8,1,25.02594,121.50651,35
500113008,20231120,433,43,8,1,25.02594,121.50651,35
500113008,20231120,434,43,7,1,25.02594,121.50651,36
500113008,20231120,435,43,7,1,25.02594,121.50651,36
500113008,20231120,436,43,7,1,25.02594,121.50651,36
500113008,20231120,437,43,7,1,25.02594,121.50651,36
500113008,20231120,438,43,7,1,25.02594,121.50651,36
500113008,20231120,439,43,7,1,25.02594,121.50651,36
500113008,20231120,441,43,6,1,25.02594,121.50651,37
500113008,20231120,442,43,6,1,25.02594,121.50651,37
500113008,20231120,443,43,6,1,25.02594,121.50651,37
500113008,20231120,444,43,6,1,25.02594,121.50651,37
500113008,20231120,445,43,6,1,25.02594,121.50651,37
500113008,20231120,446,43,6,1,25.02594,121.50651,37
500113008,20231120,447,43,6,1,25.02594,121.50651,37
500113008,20231120,448,43,6,1,25.02594,121.50651,37
500113008,20231120,449,43,6,1,25.02594,121.50651,37
500113008,20231120,451,43,6,1,25.02594,121.50651,37
500113008,20231120,452,43,6,1,25.02594,121.50651,37
500113008,20231120,453,43,6,1,25.02594,121.50651,37
500113008,20231120,454,43,6,1,25.02594,121.50651,37
500113008,20231120,455,43,7,1,25.02594,121.50651,36
500113008,20231120,456,43,6,1,25.02594,121.50651,37
500113008,20231120,457,43,7,1,25.02594,121.50651,36
500113008,20231120,458,43,6,1,25.02594,121.50651,37
500113008,20231120,459,43,6,1,25.02594,121.50651,37
500113008,20231120,460,43,5,1,25.02594,121.50651,38
500113008,20231120,461,43,5,1,25.02594,121.50651,38
500113008,20231120,462,43,5,1,25.02594,121.50651,38
500113008,20231120,463,43,5,1,25.02594,121.50651,38
500113008,20231120,464,43,5,1,25.02594,121.50651,38
500113008,20231120,465,43,5,1,25.02594,121.50651,38
500113008,20231120,466,43,5,1,25.02594,121.50651,38
500113008,20231120,467,43,5,1,25.02594,121.50651,38
500113008,20231120,468,43,5,1,25.02594,121.50651,38
500113008,20231120,469,43,5,1,25.02594,121.50651,38
500113008,20231120,470,43,5,1,25.02594,121.50651,38
500113008,20231120,471,43,5,1,25.02594,121.50651,38
500113008,20231120,472,43,5,1,25.02594,121.50651,38
500113008,20231120,473,43,7,1,25.02594,121.50651,36
500113008,20231120,474,43,8,1,25.02594,121.50651,35
500113008,20231120,475,43,8,1,25.02594,121.50651,35
500113008,20231120,476,43,10,1,25.02594,121.50651,33
500113008,20231120,477,43,9,1,25.02594,121.50651,34
500113008,20231120,478,43,9,1,25.02594,121.50651,34
500113008,20231120,479,43,9,1,25.02594,121.50651,34
500113008,20231120,481,43,9,1,25.02594,121.50651,34
500113008,20231120,482,43,9,1,25.02594,121.50651,34
500113008,20231120,483,43,9,1,25.02594,121.50651,34
500113008,20231120,484,43,9,1,25.02594,121.50651,34
500113008,20231120,485,43,8,1,25.02594,121.50651,35
500113008,20231120,486,43,8,1,25.02594,121.50651,35
500113008,20231120,487,43,7,1,25.02594,121.50651,36
500113008,20231120,488,43,6,1,25.02594,121.50651,37
500113008,20231120,489,43,6,1,25.02594,121.50651,37
500113008,20231120,490,43,6,1,25.02594,121.50651,37
500113008,20231120,491,43,6,1,25.02594,121.50651,37
500113008,20231120,492,43,7,1,25.02594,121.50651,36
500113008,20231120,493,43,8,1,25.02594,121.50651,35
500113008,20231120,494,43,8,1,25.02594,121.50651,35
500113008,20231120,495,43,8,1,25.02594,121.50651,35
500113008,20231120,496,43,8,1,25.02594,121.50651,35
500113008,20231120,497,43,8,1,25.02594,121.50651,35
500113008,20231120,498,43,8,1,25.02594,121.50651,35
500113008,20231120,499,43,8,1,25.02594,121.50651,35
500113008,20231120,501,43,9,1,25.02594,121.50651,34
500113008,20231120,502,43,10,1,25.02594,121.50651,33
500113008,20231120,503,43,10,1,25.02594,121.50651,33
500113008,20231120,504,43,9,1,25.02594,121.50651,34
500113008,20231120,505,43,10,1,25.02594,121.50651,33
500113008,20231120,506,43,10,1,25.02594,121.50651,33
500113008,20231120,507,43,10,1,25.02594,121.50651,33
500113008,20231120,508,43,10,1,25.02594,121.50651,33
500113008,20231120,509,43,10,1,25.02594,121.50651,33
500113008,20231120,511,43,11,1,25.02594,121.50651,32
500113008,20231120,512,43,11,1,25.02594,121.50651,32
500113008,20231120,513,43,11,1,25.02594,121.50651,32
500113008,20231120,514,43,11,1,25.02594,121.50651,32
500113008,20231120,515,43,11,1,25.02594,121.50651,32
500113008,20231120,516,43,10,1,25.02594,121.50651,33
500113008,20231120,517,43,10,1,25.02594,121.50651,33
500113008,20231120,519,43,10,1,25.02594,121.50651,33
500113008,20231120,521,43,10,1,25.02594,121.50651,33
500113008,20231120,522,43,10,1,25.02594,121.50651,33
500113008,20231120,523,43,10,1,25.02594,121.50651,33
500113008,20231120,524,43,10,1,25.02594,121.50651,33
500113008,20231120,525,43,10,1,25.02594,121.50651,33
500113008,20231120,526,43,10,1,25.02594,121.50651,33
500113008,20231120,527,43,10,1,25.02594,121.50651,33
500113008,20231120,528,43,10,1,25.02594,121.50651,33
500113008,20231120,529,43,10,1,25.02594,121.50651,33
500113008,20231120,531,43,10,1,25.02594,121.50651,33
500113008,20231120,532,43,10,1,25.02594,121.50651,33
500113008,20231120,533,43,9,1,25.02594,121.50651,34
500113008,20231120,534,43,9,1,25.02594,121.50651,34
500113008,20231120,535,43,9,1,25.02594,121.50651,34
500113008,20231120,536,43,9,1,25.02594,121.50651,34
500113008,20231120,537,43,9,1,25.02594,121.50651,34
500113008,20231120,538,43,9,1,25.02594,121.50651,34
500113008,20231120,539,43,9,1,25.02594,121.50651,34
500113008,20231120,541,43,11,1,25.02594,121.50651,32
500113008,20231120,542,43,12,1,25.02594,121.50651,31
500113008,20231120,543,43,12,1,25.02594,121.50651,31
500113008,20231120,544,43,12,1,25.02594,121.50651,31
500113008,20231120,545,43,12,1,25.02594,121.50651,31
500113008,20231120,546,43,12,1,25.02594,121.50651,31
500113008,20231120,547,43,12,1,25.02594,121.50651,31
500113008,20231120,548,43,12,1,25.02594,121.50651,31
500113008,20231120,549,43,12,1,25.02594,121.50651,31
500113008,20231120,551,43,12,1,25.02594,121.50651,31
500113008,20231120,552,43,12,1,25.02594,121.50651,31
500113008,20231120,553,43,12,1,25.02594,121.50651,31
500113008,20231120,554,43,12,1,25.02594,121.50651,31
500113008,20231120,555,43,13,1,25.02594,121.50651,30
500113008,20231120,556,43,13,1,25.02594,121.50651,30
500113008,20231120,557,43,13,1,25.02594,121.50651,30
500113008,20231120,558,43,14,1,25.02594,121.50651,29
500113008,20231120,559,43,14,1,25.02594,121.50651,29
500113008,20231120,561,43,14,1,25.02594,121.50651,29
500113008,20231120,562,43,14,1,25.02594,121.50651,29
500113008,20231120,563,43,16,1,25.02594,121.50651,27
500113008,20231120,564,43,16,1,25.02594,121.50651,27
500113008,20231120,565,43,17,1,25.02594,121.50651,26
500113008,20231120,566,43,17,1,25.02594,121.50651,26
500113008,20231120,567,43,18,1,25.02594,121.50651,25
500113008,20231120,568,43,18,1,25.02594,121.50651,25
500113008,20231120,569,43,19,1,25.02594,121.50651,24
500113008,20231120,571,43,20,1,25.02594,121.50651,23
500113008,20231120,572,43,19,1,25.02594,121.50651,24
500113008,20231120,573,43,19,1,25.02594,121.50651,24
500113008,20231120,574,43,18,1,25.02594,121.50651,25
500113008,20231120,575,43,19,1,25.02594,121.50651,24
500113008,20231120,576,43,20,1,25.02594,121.50651,23
500113008,20231120,577,43,20,1,25.02594,121.50651,23
500113008,20231120,578,43,20,1,25.02594,121.50651,23
500113008,20231120,579,43,20,1,25.02594,121.50651,23
500113008,20231120,581,43,20,1,25.02594,121.50651,23
500113008,20231120,582,43,20,1,25.02594,121.50651,23
500113008,20231120,583,43,20,1,25.02594,121.50651,23
500113008,20231120,584,43,20,1,25.02594,121.50651,23
500113008,20231120,585,43,20,1,25.02594,121.50651,23
500113008,20231120,586,43,20,1,25.02594,121.50651,23
500113008,20231120,587,43,20,1,25.02594,121.50651,23
500113008,20231120,588,43,20,1,25.02594,121.50651,23
500113008,20231120,589,43,20,1,25.02594,121.50651,23
500113008,20231120,591,43,20,1,25.02594,121.50651,23
500113008,20231120,592,43,20,1,25.02594,121.50651,23
500113008,20231120,593,43,20,1,25.02594,121.50651,23
500113008,20231120,594,43,19,1,25.02594,121.50651,24
500113008,20231120,595,43,19,1,25.02594,121.50651,24
500113008,20231120,596,43,19,1,25.02594,121.50651,24
500113008,20231120,597,43,19,1,25.02594,121.50651,24
500113008,20231120,598,43,19,1,25.02594,121.50651,24
500113008,20231120,599,43,20,1,25.02594,121.50651,23
500113008,20231120,601,43,19,1,25.02594,121.50651,24
500113008,20231120,602,43,19,1,25.02594,121.50651,24
500113008,20231120,603,43,21,1,25.02594,121.50651,22
500113008,20231120,604,43,21,1,25.02594,121.50651,22
500113008,20231120,605,43,21,1,25.02594,121.50651,22
500113008,20231120,606,43,21,1,25.02594,121.50651,22
500113008,20231120,607,43,21,1,25.02594,121.50651,22
500113008,20231120,608,43,21,1,25.02594,121.50651,22
500113008,20231120,609,43,21,1,25.02594,121.50651,22
500113008,20231120,611,43,21,1,25.02594,121.50651,22
500113008,20231120,612,43,23,1,25.02594,121.50651,20
500113008,20231120,613,43,25,1,25.02594,121.50651,18
500113008,20231120,614,43,26,1,25.02594,121.50651,17
500113008,20231120,615,43,26,1,25.02594,121.50651,17
500113008,20231120,616,43,27,1,25.02594,121.50651,16
500113008,20231120,617,43,27,1,25.02594,121.50651,16
500113008,20231120,618,43,28,1,25.02594,121.50651,15
500113008,20231120,619,43,28,1,25.02594,121.50651,15
500113008,20231120,621,43,28,1,25.02594,121.50651,15
500113008,20231120,622,43,29,1,25.02594,121.50651,14
500113008,20231120,623,43,29,1,25.02594,121.50651,14
500113008,20231120,624,43,30,1,25.02594,121.50651,13
500113008,20231120,625,43,30,1,25.02594,121.50651,13
500113008,20231120,626,43,31,1,25.02594,121.50651,12
500113008,20231120,627,43,29,1,25.02594,121.50651,14
500113008,20231120,628,43,29,1,25.02594,121.50651,14
500113008,20231120,629,43,29,1,25.02594,121.50651,14
500113008,20231120,631,43,30,1,25.02594,121.50651,13
500113008,20231120,632,43,30,1,25.02594,121.50651,13
500113008,20231120,633,43,31,1,25.02594,121.50651,12
500113008,20231120,634,43,30,1,25.02594,121.50651,13
500113008,20231120,635,43,30,1,25.02594,121.50651,13
500113008,20231120,636,43,30,1,25.02594,121.50651,13
500113008,20231120,637,43,29,1,25.02594,121.50651,14
500113008,20231120,638,43,29,1,25.02594,121.50651,14
500113008,20231120,639,43,29,1,25.02594,121.50651,14
500113008,20231120,640,43,29,1,25.02594,121.50651,14
500113008,20231120,641,43,29,1,25.02594,121.50651,14
500113008,20231120,642,43,29,1,25.02594,121.50651,14
500113008,20231120,643,43,29,1,25.02594,121.50651,14
500113008,20231120,644,43,29,1,25.02594,121.50651,14
500113008,20231120,645,43,29,1,25.02594,121.50651,14
500113008,20231120,646,43,29,1,25.02594,121.50651,14
500113008,20231120,647,43,29,1,25.02594,121.50651,14
500113008,20231120,648,43,29,1,25.02594,121.50651,14
500113008,20231120,649,43,29,1,25.02594,121.50651,14
500113008,20231120,650,43,31,1,25.02594,121.50651,12
500113008,20231120,651,43,31,1,25.02594,121.50651,12
500113008,20231120,652,43,31,1,25.02594,121.50651,12
500113008,20231120,653,43,31,1,25.02594,121.50651,12
500113008,20231120,654,43,31,1,25.02594,121.50651,12
500113008,20231120,655,43,32,1,25.02594,121.50651,11
500113008,20231120,656,43,31,1,25.02594,121.50651,12
500113008,20231120,657,43,31,1,25.02594,121.50651,12
500113008,20231120,658,43,31,1,25.02594,121.50651,12
500113008,20231120,659,43,31,1,25.02594,121.50651,12
500113008,20231120,661,43,31,1,25.02594,121.50651,12
500113008,20231120,662,43,31,1,25.02594,121.50651,12
500113008,20231120,663,43,31,1,25.02594,121.50651,12
500113008,20231120,664,43,31,1,25.02594,121.50651,12
500113008,20231120,665,43,31,1,25.02594,121.50651,12
500113008,20231120,666,43,31,1,25.02594,121.50651,12
500113008,20231120,667,43,31,1,25.02594,121.50651,12
500113008,20231120,668,43,33,1,25.02594,121.50651,10
500113008,20231120,669,43,33,1,25.02594,121.50651,10
500113008,20231120,670,43,33,1,25.02594,121.50651,10
500113008,20231120,671,43,33,1,25.02594,121.50651,10
500113008,20231120,672,43,33,1,25.02594,121.50651,10
500113008,20231120,673,43,33,1,25.02594,121.50651,10
500113008,20231120,674,43,34,1,25.02594,121.50651,9
500113008,20231120,675,43,34,1,25.02594,121.50651,9
500113008,20231120,676,43,34,1,25.02594,121.50651,9
500113008,20231120,677,43,33,1,25.02594,121.50651,10
500113008,20231120,678,43,33,1,25.02594,121.50651,10
500113008,20231120,679,43,33,1,25.02594,121.50651,10
500113008,20231120,681,43,35,1,25.02594,121.50651,8
500113008,20231120,682,43,35,1,25.02594,121.50651,8
500113008,20231120,683,43,35,1,25.02594,121.50651,8
500113008,20231120,684,43,35,1,25.02594,121.50651,8
500113008,20231120,685,43,35,1,25.02594,121.50651,8
500113008,20231120,686,43,35,1,25.02594,121.50651,8
500113008,20231120,687,43,35,1,25.02594,121.50651,8
500113008,20231120,688,43,35,1,25.02594,121.50651,8
500113008,20231120,689,43,35,1,25.02594,121.50651,8
500113008,20231120,690,43,35,1,25.02594,121.50651,8
500113008,20231120,691,43,35,1,25.02594,121.50651,8
500113008,20231120,692,43,35,1,25.02594,121.50651,8
500113008,20231120,693,43,35,1,25.02594,121.50651,8
500113008,20231120,694,43,35,1,25.02594,121.50651,8
500113008,20231120,695,43,35,1,25.02594,121.50651,8
500113008,20231120,696,43,33,1,25.02594,121.50651,10
500113008,20231120,697,43,32,1,25.02594,121.50651,11
500113008,20231120,698,43,32,1,25.02594,121.50651,11
500113008,20231120,699,43,32,1,25.02594,121.50651,11
500113008,20231120,700,43,33,1,25.02594,121.50651,10
500113008,20231120,701,43,33,1,25.02594,121.50651,10
500113008,20231120,702,43,33,1,25.02594,121.50651,10
500113008,20231120,703,43,33,1,25.02594,121.50651,10
500113008,20231120,704,43,33,1,25.02594,121.50651,10
500113008,20231120,705,43,33,1,25.02594,121.50651,10
500113008,20231120,706,43,33,1,25.02594,121.50651,10
500113008,20231120,707,43,32,1,25.02594,121.50651,11
500113008,20231120,708,43,31,1,25.02594,121.50651,12
500113008,20231120,709,43,31,1,25.02594,121.50651,12
500113008,20231120,710,43,31,1,25.02594,121.50651,12
500113008,20231120,711,43,33,1,25.02594,121.50651,10
500113008,20231120,712,43,33,1,25.02594,121.50651,10
500113008,20231120,713,43,34,1,25.02594,121.50651,9
500113008,20231120,714,43,35,1,25.02594,121.50651,8
500113008,20231120,715,43,35,1,25.02594,121.50651,8
500113008,20231120,716,43,35,1,25.02594,121.50651,8
500113008,20231120,717,43,35,1,25.02594,121.50651,8
500113008,20231120,718,43,35,1,25.02594,121.50651,8
500113008,20231120,719,43,35,1,25.02594,121.50651,8
500113008,20231120,721,43,35,1,25.02594,121.50651,8
500113008,20231120,722,43,35,1,25.02594,121.50651,8
500113008,20231120,723,43,35,1,25.02594,121.50651,8
500113008,20231120,724,43,35,1,25.02594,121.50651,8
500113008,20231120,725,43,35,1,25.02594,121.50651,8
500113008,20231120,726,43,35,1,25.02594,121.50651,8
500113008,20231120,727,43,35,1,25.02594,121.50651,8
500113008,20231120,728,43,35,1,25.02594,121.50651,8
500113008,20231120,729,43,35,1,25.02594,121.50651,8
500113008,20231120,730,43,34,1,25.02594,121.50651,9
500113008,20231120,731,43,34,1,25.02594,121.50651,9
500113008,20231120,732,43,34,1,25.02594,121.50651,9
500113008,20231120,733,43,34,1,25.02594,121.50651,9
500113008,20231120,734,43,34,1,25.02594,121.50651,9
500113008,20231120,735,43,35,1,25.02594,121.50651,8
500113008,20231120,736,43,34,1,25.02594,121.50651,9
500113008,20231120,737,43,34,1,25.02594,121.50651,9
500113008,20231120,738,43,35,1,25.02594,121.50651,8
500113008,20231120,739,43,35,1,25.02594,121.50651,8
500113008,20231120,741,43,35,1,25.02594,121.50651,8
500113008,20231120,742,43,35,1,25.02594,121.50651,8
500113008,20231120,743,43,35,1,25.02594,121.50651,8
500113008,20231120,744,43,35,1,25.02594,121.50651,8
500113008,20231120,745,43,36,1,25.02594,121.50651,7
500113008,20231120,746,43,37,1,25.02594,121.50651,6
500113008,20231120,747,43,35,1,25.02594,121.50651,8
500113008,20231120,748,43,35,1,25.02594,121.50651,8
500113008,20231120,749,43,36,1,25.02594,121.50651,7
500113008,20231120,751,43,36,1,25.02594,121.50651,7
500113008,20231120,752,43,36,1,25.02594,121.50651,7
500113008,20231120,753,43,36,1,25.02594,121.50651,7
500113008,20231120,754,43,37,1,25.02594,121.50651,6
500113008,20231120,755,43,37,1,25.02594,121.50651,6
500113008,20231120,756,43,37,1,25.02594,121.50651,6
500113008,20231120,757,43,37,1,25.02594,121.50651,6
500113008,20231120,758,43,37,1,25.02594,121.50651,6
500113008,20231120,759,43,38,1,25.02594,121.50651,5
500113008,20231120,760,43,38,1,25.02594,121.50651,5
500113008,20231120,761,43,38,1,25.02594,121.50651,5
500113008,20231120,762,43,38,1,25.02594,121.50651,5
500113008,20231120,763,43,38,1,25.02594,121.50651,5
500113008,20231120,764,43,38,1,25.02594,121.50651,5
500113008,20231120,765,43,38,1,25.02594,121.50651,5
500113008,20231120,766,43,37,1,25.02594,121.50651,6
500113008,20231120,767,43,37,1,25.02594,121.50651,6
500113008,20231120,768,43,37,1,25.02594,121.50651,6
500113008,20231120,769,43,37,1,25.02594,121.50651,6
500113008,20231120,770,43,37,1,25.02594,121.50651,6
500113008,20231120,771,43,37,1,25.02594,121.50651,6
500113008,20231120,772,43,36,1,25.02594,121.50651,7
500113008,20231120,773,43,35,1,25.02594,121.50651,8
500113008,20231120,774,43,35,1,25.02594,121.50651,8
500113008,20231120,775,43,35,1,25.02594,121.50651,8
500113008,20231120,776,43,37,1,25.02594,121.50651,6
500113008,20231120,777,43,37,1,25.02594,121.50651,6
500113008,20231120,778,43,37,1,25.02594,121.50651,6
500113008,20231120,779,43,37,1,25.02594,121.50651,6
500113008,20231120,781,43,37,1,25.02594,121.50651,6
500113008,20231120,782,43,37,1,25.02594,121.50651,6
500113008,20231120,783,43,36,1,25.02594,121.50651,7
500113008,20231120,784,43,36,1,25.02594,121.50651,7
500113008,20231120,786,43,36,1,25.02594,121.50651,7
500113008,20231120,787,43,36,1,25.02594,121.50651,7
500113008,20231120,788,43,36,1,25.02594,121.50651,7
500113008,20231120,789,43,36,1,25.02594,121.50651,7
500113008,20231120,791,43,36,1,25.02594,121.50651,7
500113008,20231120,792,43,35,1,25.02594,121.50651,8
500113008,20231120,793,43,35,1,25.02594,121.50651,8
500113008,20231120,794,43,35,1,25.02594,121.50651,8
500113008,20231120,795,43,34,1,25.02594,121.50651,9
500113008,20231120,796,43,34,1,25.02594,121.50651,9
500113008,20231120,797,43,34,1,25.02594,121.50651,9
500113008,20231120,798,43,34,1,25.02594,121.50651,9
500113008,20231120,799,43,34,1,25.02594,121.50651,9
500113008,20231120,801,43,35,1,25.02594,121.50651,8
500113008,20231120,802,43,35,1,25.02594,121.50651,8
500113008,20231120,803,43,35,1,25.02594,121.50651,8
500113008,20231120,804,43,34,1,25.02594,121.50651,9
500113008,20231120,805,43,33,1,25.02594,121.50651,10
500113008,20231120,806,43,33,1,25.02594,121.50651,10
500113008,20231120,808,43,33,1,25.02594,121.50651,10
500113008,20231120,809,43,33,1,25.02594,121.50651,10
500113008,20231120,811,43,33,1,25.02594,121.50651,10
500113008,20231120,812,43,33,1,25.02594,121.50651,10
500113008,20231120,813,43,33,1,25.02594,121.50651,10
500113008,20231120,814,43,33,1,25.02594,121.50651,10
500113008,20231120,815,43,34,1,25.02594,121.50651,9
500113008,20231120,816,43,34,1,25.02594,121.50651,9
500113008,20231120,817,43,34,1,25.02594,121.50651,9
500113008,20231120,818,43,34,1,25.02594,121.50651,9
500113008,20231120,819,43,34,1,25.02594,121.50651,9
500113008,20231120,821,43,33,1,25.02594,121.50651,10
500113008,20231120,822,43,33,1,25.02594,121.50651,10
500113008,20231120,823,43,33,1,25.02594,121.50651,10
500113008,20231120,824,43,33,1,25.02594,121.50651,10
500113008,20231120,825,43,33,1,25.02594,121.50651,10
500113008,20231120,826,43,33,1,25.02594,121.50651,10
500113008,20231120,827,43,33,1,25.02594,121.50651,10
500113008,20231120,828,43,33,1,25.02594,121.50651,10
500113008,20231120,829,43,33,1,25.02594,121.50651,10
500113008,20231120,831,43,32,1,25.02594,121.50651,11
500113008,20231120,832,43,32,1,25.02594,121.50651,11
500113008,20231120,833,43,32,1,25.02594,121.50651,11
500113008,20231120,834,43,33,1,25.02594,121.50651,10
500113008,20231120,835,43,33,1,25.02594,121.50651,10
500113008,20231120,836,43,34,1,25.02594,121.50651,9
500113008,20231120,837,43,34,1,25.02594,121.50651,9
500113008,20231120,838,43,35,1,25.02594,121.50651,8
500113008,20231120,839,43,35,1,25.02594,121.50651,8
500113008,20231120,841,43,34,1,25.02594,121.50651,9
500113008,20231120,842,43,34,1,25.02594,121.50651,9
500113008,20231120,843,43,34,1,25.02594,121.50651,9
500113008,20231120,844,43,34,1,25.02594,121.50651,9
500113008,20231120,845,43,34,1,25.02594,121.50651,9
500113008,20231120,846,43,34,1,25.02594,121.50651,9
500113008,20231120,847,43,34,1,25.02594,121.50651,9
500113008,20231120,848,43,35,1,25.02594,121.50651,8
500113008,20231120,849,43,35,1,25.02594,121.50651,8
500113008,20231120,851,43,35,1,25.02594,121.50651,8
500113008,20231120,852,43,35,1,25.02594,121.50651,8
500113008,20231120,853,43,35,1,25.02594,121.50651,8
500113008,20231120,854,43,36,1,25.02594,121.50651,7
500113008,20231120,855,43,36,1,25.02594,121.50651,7
500113008,20231120,856,43,36,1,25.02594,121.50651,7
500113008,20231120,857,43,36,1,25.02594,121.50651,7
500113008,20231120,858,43,36,1,25.02594,121.50651,7
500113008,20231120,859,43,36,1,25.02594,121.50651,7
500113008,20231120,861,43,36,1,25.02594,121.50651,7
500113008,20231120,862,43,35,1,25.02594,121.50651,8
500113008,20231120,863,43,35,1,25.02594,121.50651,8
500113008,20231120,864,43,35,1,25.02594,121.50651,8
500113008,20231120,865,43,35,1,25.02594,121.50651,8
500113008,20231120,866,43,36,1,25.02594,121.50651,7
500113008,20231120,867,43,36,1,25.02594,121.50651,7
500113008,20231120,868,43,36,1,25.02594,121.50651,7
500113008,20231120,869,43,36,1,25.02594,121.50651,7
500113008,20231120,871,43,36,1,25.02594,121.50651,7
500113008,20231120,872,43,35,1,25.02594,121.50651,8
500113008,20231120,873,43,35,1,25.02594,121.50651,8
500113008,20231120,874,43,35,1,25.02594,121.50651,8
500113008,20231120,875,43,35,1,25.02594,121.50651,8
500113008,20231120,876,43,35,1,25.02594,121.50651,8
500113008,20231120,877,43,35,1,25.02594,121.50651,8
500113008,20231120,878,43,36,1,25.02594,121.50651,7
500113008,20231120,879,43,35,1,25.02594,121.50651,8
500113008,20231120,881,43,35,1,25.02594,121.50651,8
500113008,20231120,882,43,35,1,25.02594,121.50651,8
500113008,20231120,883,43,35,1,25.02594,121.50651,8
500113008,20231120,884,43,35,1,25.02594,121.50651,8
500113008,20231120,885,43,35,1,25.02594,121.50651,8
500113008,20231120,886,43,34,1,25.02594,121.50651,9
500113008,20231120,887,43,34,1,25.02594,121.50651,9
500113008,20231120,888,43,35,1,25.02594,121.50651,8
500113008,20231120,889,43,34,1,25.02594,121.50651,9
500113008,20231120,891,43,34,1,25.02594,121.50651,9
500113008,20231120,892,43,34,1,25.02594,121.50651,9
500113008,20231120,893,43,34,1,25.02594,121.50651,9
500113008,20231120,894,43,34,1,25.02594,121.50651,9
500113008,20231120,895,43,34,1,25.02594,121.50651,9
500113008,20231120,896,43,34,1,25.02594,121.50651,9
500113008,20231120,897,43,34,1,25.02594,121.50651,9
500113008,20231120,898,43,31,1,25.02594,121.50651,12
500113008,20231120,899,43,31,1,25.02594,121.50651,12
500113008,20231120,901,43,31,1,25.02594,121.50651,12
500113008,20231120,902,43,31,1,25.02594,121.50651,12
500113008,20231120,903,43,31,1,25.02594,121.50651,12
500113008,20231120,904,43,31,1,25.02594,121.50651,12
500113008,20231120,905,43,32,1,25.02594,121.50651,11
500113008,20231120,906,43,32,1,25.02594,121.50651,11
500113008,20231120,907,43,32,1,25.02594,121.50651,11
500113008,20231120,908,43,32,1,25.02594,121.50651,11
500113008,20231120,909,43,32,1,25.02594,121.50651,11
500113008,20231120,910,43,32,1,25.02594,121.50651,11
500113008,20231120,911,43,32,1,25.02594,121.50651,11
500113008,20231120,912,43,32,1,25.02594,121.50651,11
500113008,20231120,913,43,32,1,25.02594,121.50651,11
500113008,20231120,914,43,32,1,25.02594,121.50651,11
500113008,20231120,915,43,32,1,25.02594,121.50651,11
500113008,20231120,916,43,32,1,25.02594,121.50651,11
500113008,20231120,917,43,29,1,25.02594,121.50651,14
500113008,20231120,918,43,29,1,25.02594,121.50651,14
500113008,20231120,919,43,29,1,25.02594,121.50651,14
500113008,20231120,921,43,29,1,25.02594,121.50651,14
500113008,20231120,922,43,29,1,25.02594,121.50651,14
500113008,20231120,923,43,29,1,25.02594,121.50651,14
500113008,20231120,924,43,29,1,25.02594,121.50651,14
500113008,20231120,925,43,28,1,25.02594,121.50651,15
500113008,20231120,926,43,28,1,25.02594,121.50651,15
500113008,20231120,927,43,28,1,25.02594,121.50651,15
500113008,20231120,928,43,29,1,25.02594,121.50651,14
500113008,20231120,929,43,29,1,25.02594,121.50651,14
500113008,20231120,931,43,29,1,25.02594,121.50651,14
500113008,20231120,932,43,28,1,25.02594,121.50651,15
500113008,20231120,933,43,28,1,25.02594,121.50651,15
500113008,20231120,934,43,27,1,25.02594,121.50651,16
500113008,20231120,935,43,27,1,25.02594,121.50651,16
500113008,20231120,936,43,27,1,25.02594,121.50651,16
500113008,20231120,937,43,28,1,25.02594,121.50651,15
500113008,20231120,938,43,28,1,25.02594,121.50651,15
500113008,20231120,939,43,28,1,25.02594,121.50651,15
500113008,20231120,940,43,28,1,25.02594,121.50651,15
500113008,20231120,941,43,28,1,25.02594,121.50651,15
500113008,20231120,942,43,28,1,25.02594,121.50651,15
500113008,20231120,943,43,28,1,25.02594,121.50651,15
500113008,20231120,944,43,28,1,25.02594,121.50651,15
500113008,20231120,945,43,28,1,25.02594,121.50651,15
500113008,20231120,946,43,28,1,25.02594,121.50651,15
500113008,20231120,947,43,28,1,25.02594,121.50651,15
500113008,20231120,948,43,28,1,25.02594,121.50651,15
500113008,20231120,949,43,29,1,25.02594,121.50651,14
500113008,20231120,950,43,29,1,25.02594,121.50651,14
500113008,20231120,951,43,29,1,25.02594,121.50651,14
500113008,20231120,952,43,29,1,25.02594,121.50651,14
500113008,20231120,953,43,29,1,25.02594,121.50651,14
500113008,20231120,954,43,29,1,25.02594,121.50651,14
500113008,20231120,955,43,29,1,25.02594,121.50651,14
500113008,20231120,956,43,29,1,25.02594,121.50651,14
500113008,20231120,957,43,28,1,25.02594,121.50651,15
500113008,20231120,958,43,27,1,25.02594,121.50651,16
500113008,20231120,959,43,27,1,25.02594,121.50651,16
500113008,20231120,961,43,27,1,25.02594,121.50651,16
500113008,20231120,962,43,27,1,25.02594,121.50651,16
500113008,20231120,963,43,28,1,25.02594,121.50651,15
500113008,20231120,964,43,27,1,25.02594,121.50651,16
500113008,20231120,965,43,29,1,25.02594,121.50651,14
500113008,20231120,966,43,29,1,25.02594,121.50651,14
500113008,20231120,967,43,29,1,25.02594,121.50651,14
500113008,20231120,968,43,29,1,25.02594,121.50651,14
500113008,20231120,969,43,29,1,25.02594,121.50651,14
500113008,20231120,970,43,30,1,25.02594,121.50651,13
500113008,20231120,971,43,30,1,25.02594,121.50651,13
500113008,20231120,972,43,31,1,25.02594,121.50651,12
500113008,20231120,973,43,31,1,25.02594,121.50651,12
500113008,20231120,974,43,31,1,25.02594,121.50651,12
500113008,20231120,975,43,31,1,25.02594,121.50651,12
500113008,20231120,976,43,31,1,25.02594,121.50651,12
500113008,20231120,977,43,31,1,25.02594,121.50651,12
500113008,20231120,978,43,32,1,25.02594,121.50651,11
500113008,20231120,979,43,32,1,25.02594,121.50651,11
500113008,20231120,981,43,31,1,25.02594,121.50651,12
500113008,20231120,982,43,31,1,25.02594,121.50651,12
500113008,20231120,983,43,32,1,25.02594,121.50651,11
500113008,20231120,984,43,32,1,25.02594,121.50651,11
500113008,20231120,985,43,32,1,25.02594,121.50651,11
500113008,20231120,986,43,32,1,25.02594,121.50651,11
500113008,20231120,987,43,32,1,25.02594,121.50651,11
500113008,20231120,988,43,31,1,25.02594,121.50651,12
500113008,20231120,989,43,30,1,25.02594,121.50651,13
500113008,20231120,991,43,29,1,25.02594,121.50651,14
500113008,20231120,992,43,29,1,25.02594,121.50651,14
500113008,20231120,993,43,29,1,25.02594,121.50651,14
500113008,20231120,994,43,27,1,25.02594,121.50651,16
500113008,20231120,995,43,27,1,25.02594,121.50651,16
500113008,20231120,996,43,27,1,25.02594,121.50651,16
500113008,20231120,997,43,27,1,25.02594,121.50651,16
500113008,20231120,998,43,27,1,25.02594,121.50651,16
500113008,20231120,999,43,27,1,25.02594,121.50651,16
500113008,20231120,1000,43,27,1,25.02594,121.50651,16
500113008,20231120,1001,43,27,1,25.02594,121.50651,16
500113008,20231120,1002,43,28,1,25.02594,121.50651,15
500113008,20231120,1003,43,28,1,25.02594,121.50651,15
500113008,20231120,1004,43,30,1,25.02594,121.50651,13
500113008,20231120,1005,43,30,1,25.02594,121.50651,13
500113008,20231120,1006,43,30,1,25.02594,121.50651,13
500113008,20231120,1007,43,30,1,25.02594,121.50651,13
500113008,20231120,1008,43,31,1,25.02594,121.50651,12
500113008,20231120,1009,43,31,1,25.02594,121.50651,12
500113008,20231120,1010,43,31,1,25.02594,121.50651,12
500113008,20231120,1011,43,30,1,25.02594,121.50651,13
500113008,20231120,1012,43,29,1,25.02594,121.50651,14
500113008,20231120,1013,43,30,1,25.02594,121.50651,13
500113008,20231120,1014,43,30,1,25.02594,121.50651,13
500113008,20231120,1015,43,30,1,25.02594,121.50651,13
500113008,20231120,1016,43,30,1,25.02594,121.50651,13
500113008,20231120,1017,43,30,1,25.02594,121.50651,13
500113008,20231120,1018,43,30,1,25.02594,121.50651,13
500113008,20231120,1019,43,30,1,25.02594,121.50651,13
500113008,20231120,1021,43,30,1,25.02594,121.50651,13
500113008,20231120,1022,43,30,1,25.02594,121.50651,13
500113008,20231120,1023,43,30,1,25.02594,121.50651,13
500113008,20231120,1024,43,30,1,25.02594,121.50651,13
500113008,20231120,1025,43,30,1,25.02594,121.50651,13
500113008,20231120,1026,43,29,1,25.02594,121.50651,14
500113008,20231120,1027,43,29,1,25.02594,121.50651,14
500113008,20231120,1028,43,29,1,25.02594,121.50651,14
500113008,20231120,1029,43,29,1,25.02594,121.50651,14
500113008,20231120,1030,43,29,1,25.02594,121.50651,14
500113008,20231120,1031,43,29,1,25.02594,121.50651,14
500113008,20231120,1032,43,29,1,25.02594,121.50651,14
500113008,20231120,1033,43,29,1,25.02594,121.50651,14
500113008,20231120,1034,43,29,1,25.02594,121.50651,14
500113008,20231120,1035,43,28,1,25.02594,121.50651,15
500113008,20231120,1036,43,28,1,25.02594,121.50651,15
500113008,20231120,1037,43,28,1,25.02594,121.50651,15
500113008,20231120,1038,43,28,1,25.02594,121.50651,15
500113008,20231120,1039,43,28,1,25.02594,121.50651,15
500113008,20231120,1041,43,28,1,25.02594,121.50651,15
500113008,20231120,1042,43,26,1,25.02594,121.50651,17
500113008,20231120,1043,43,26,1,25.02594,121.50651,17
500113008,20231120,1044,43,26,1,25.02594,121.50651,17
500113008,20231120,1045,43,26,1,25.02594,121.50651,17
500113008,20231120,1046,43,26,1,25.02594,121.50651,17
500113008,20231120,1047,43,26,1,25.02594,121.50651,17
500113008,20231120,1048,43,26,1,25.02594,121.50651,17
500113008,20231120,1049,43,26,1,25.02594,121.50651,17
500113008,20231120,1051,43,24,1,25.02594,121.50651,19
500113008,20231120,1052,43,24,1,25.02594,121.50651,19
500113008,20231120,1053,43,24,1,25.02594,121.50651,19
500113008,20231120,1054,43,24,1,25.02594,121.50651,19
500113008,20231120,1055,43,24,1,25.02594,121.50651,19
500113008,20231120,1056,43,24,1,25.02594,121.50651,19
500113008,20231120,1057,43,22,1,25.02594,121.50651,21
500113008,20231120,1058,43,23,1,25.02594,121.50651,20
500113008,20231120,1059,43,23,1,25.02594,121.50651,20
500113008,20231120,1060,43,23,1,25.02594,121.50651,20
500113008,20231120,1061,43,23,1,25.02594,121.50651,20
500113008,20231120,1062,43,22,1,25.02594,121.50651,21
500113008,20231120,1063,43,22,1,25.02594,121.50651,21
500113008,20231120,1065,43,21,1,25.02594,121.50651,22
500113008,20231120,1066,43,21,1,25.02594,121.50651,22
500113008,20231120,1067,43,20,1,25.02594,121.50651,23
500113008,20231120,1068,43,19,1,25.02594,121.50651,24
500113008,20231120,1069,43,19,1,25.02594,121.50651,24
500113008,20231120,1071,43,19,1,25.02594,121.50651,24
500113008,20231120,1072,43,19,1,25.02594,121.50651,24
500113008,20231120,1073,43,19,1,25.02594,121.50651,24
500113008,20231120,1074,43,19,1,25.02594,121.50651,24
500113008,20231120,1075,43,19,1,25.02594,121.50651,24
500113008,20231120,1076,43,19,1,25.02594,121.50651,24
500113008,20231120,1077,43,20,1,25.02594,121.50651,23
500113008,20231120,1078,43,19,1,25.02594,121.50651,24
500113008,20231120,1079,43,19,1,25.02594,121.50651,24
500113008,20231120,1081,43,19,1,25.02594,121.50651,24
500113008,20231120,1082,43,19,1,25.02594,121.50651,24
500113008,20231120,1083,43,20,1,25.02594,121.50651,23
500113008,20231120,1084,43,20,1,25.02594,121.50651,23
500113008,20231120,1085,43,20,1,25.02594,121.50651,23
500113008,20231120,1086,43,19,1,25.02594,121.50651,24
500113008,20231120,1087,43,19,1,25.02594,121.50651,24
500113008,20231120,1088,43,20,1,25.02594,121.50651,23
500113008,20231120,1089,43,20,1,25.02594,121.50651,23
500113008,20231120,1091,43,20,1,25.02594,121.50651,23
500113008,20231120,1092,43,17,1,25.02594,121.50651,26
500113008,20231120,1093,43,16,1,25.02594,121.50651,27
500113008,20231120,1094,43,15,1,25.02594,121.50651,28
500113008,20231120,1095,43,15,1,25.02594,121.50651,28
500113008,20231120,1096,43,15,1,25.02594,121.50651,28
500113008,20231120,1097,43,15,1,25.02594,121.50651,28
500113008,20231120,1098,43,15,1,25.02594,121.50651,28
500113008,20231120,1099,43,15,1,25.02594,121.50651,28
500113008,20231120,1101,43,15,1,25.02594,121.50651,28
500113008,20231120,1102,43,16,1,25.02594,121.50651,27
500113008,20231120,1103,43,15,1,25.02594,121.50651,28
500113008,20231120,1104,43,14,1,25.02594,121.50651,29
500113008,20231120,1105,43,14,1,25.02594,121.50651,29
500113008,20231120,1106,43,15,1,25.02594,121.50651,28
500113008,20231120,1107,43,14,1,25.02594,121.50651,29
500113008,20231120,1108,43,14,1,25.02594,121.50651,29
500113008,20231120,1109,43,14,1,25.02594,121.50651,29
500113008,20231120,1111,43,13,1,25.02594,121.50651,30
500113008,20231120,1112,43,13,1,25.02594,121.50651,30
500113008,20231120,1113,43,13,1,25.02594,121.50651,30
500113008,20231120,1114,43,13,1,25.02594,121.50651,30
500113008,20231120,1115,43,12,1,25.02594,121.50651,31
500113008,20231120,1116,43,12,1,25.02594,121.50651,31
500113008,20231120,1117,43,12,1,25.02594,121.50651,31
500113008,20231120,1118,43,12,1,25.02594,121.50651,31
500113008,20231120,1119,43,12,1,25.02594,121.50651,31
500113008,20231120,1121,43,12,1,25.02594,121.50651,31
500113008,20231120,1122,43,12,1,25.02594,121.50651,31
500113008,20231120,1123,43,12,1,25.02594,121.50651,31
500113008,20231120,1124,43,12,1,25.02594,121.50651,31
500113008,20231120,1125,43,11,1,25.02594,121.50651,32
500113008,20231120,1126,43,11,1,25.02594,121.50651,32
500113008,20231120,1127,43,11,1,25.02594,121.50651,32
500113008,20231120,1128,43,10,1,25.02594,121.50651,33
500113008,20231120,1129,43,10,1,25.02594,121.50651,33
500113008,20231120,1131,43,9,1,25.02594,121.50651,34
500113008,20231120,1132,43,9,1,25.02594,121.50651,34
500113008,20231120,1133,43,8,1,25.02594,121.50651,35
500113008,20231120,1134,43,8,1,25.02594,121.50651,35
500113008,20231120,1135,43,8,1,25.02594,121.50651,35
500113008,20231120,1136,43,8,1,25.02594,121.50651,35
500113008,20231120,1137,43,9,1,25.02594,121.50651,34
500113008,20231120,1138,43,9,1,25.02594,121.50651,34
500113008,20231120,1139,43,7,1,25.02594,121.50651,36
500113008,20231120,1141,43,7,1,25.02594,121.50651,36
500113008,20231120,1142,43,7,1,25.02594,121.50651,36
500113008,20231120,1143,43,5,1,25.02594,121.50651,38
500113008,20231120,1144,43,5,1,25.02594,121.50651,38
500113008,20231120,1145,43,4,1,25.02594,121.50651,39
500113008,20231120,1146,43,4,1,25.02594,121.50651,39
500113008,20231120,1147,43,5,1,25.02594,121.50651,38
500113008,20231120,1148,43,4,1,25.02594,121.50651,39
500113008,20231120,1149,43,4,1,25.02594,121.50651,39
500113008,20231120,1150,43,4,1,25.02594,121.50651,39
500113008,20231120,1151,43,4,1,25.02594,121.50651,39
500113008,20231120,1152,43,4,1,25.02594,121.50651,39
500113008,20231120,1153,43,4,1,25.02594,121.50651,39
500113008,20231120,1154,43,4,1,25.02594,121.50651,39
500113008,20231120,1155,43,5,1,25.02594,121.50651,38
500113008,20231120,1156,43,5,1,25.02594,121.50651,38
500113008,20231120,1157,43,5,1,25.02594,121.50651,38
500113008,20231120,1158,43,5,1,25.02594,121.50651,38
500113008,20231120,1159,43,5,1,25.02594,121.50651,38
500113008,20231120,1161,43,5,1,25.02594,121.50651,38
500113008,20231120,1162,43,5,1,25.02594,121.50651,38
500113008,20231120,1163,43,4,1,25.02594,121.50651,39
500113008,20231120,1164,43,3,1,25.02594,121.50651,40
500113008,20231120,1165,43,3,1,25.02594,121.50651,40
500113008,20231120,1166,43,3,1,25.02594,121.50651,40
500113008,20231120,1167,43,4,1,25.02594,121.50651,39
500113008,20231120,1168,43,3,1,25.02594,121.50651,40
500113008,20231120,1169,43,3,1,25.02594,121.50651,40
500113008,20231120,1171,43,1,1,25.02594,121.50651,42
500113008,20231120,1172,43,1,1,25.02594,121.50651,42
500113008,20231120,1173,43,1,1,25.02594,121.50651,42
500113008,20231120,1174,43,1,1,25.02594,121.50651,42
500113008,20231120,1175,43,1,1,25.02594,121.50651,42
500113008,20231120,1176,43,2,1,25.02594,121.50651,41
500113008,20231120,1177,43,2,1,25.02594,121.50651,41
500113008,20231120,1178,43,2,1,25.02594,121.50651,41
500113008,20231120,1179,43,2,1,25.02594,121.50651,41
500113008,20231120,1180,43,2,1,25.02594,121.50651,41
500113008,20231120,1181,43,2,1,25.02594,121.50651,41
500113008,20231120,1182,43,2,1,25.02594,121.50651,41
500113008,20231120,1183,43,2,1,25.02594,121.50651,41
500113008,20231120,1184,43,2,1,25.02594,121.50651,41
500113008,20231120,1185,43,2,1,25.02594,121.50651,41
500113008,20231120,1186,43,1,1,25.02594,121.50651,42
500113008,20231120,1187,43,1,1,25.02594,121.50651,42
500113008,20231120,1188,43,0,1,25.02594,121.50651,43
500113008,20231120,1189,43,0,1,25.02594,121.50651,43
500113008,20231120,1190,43,0,1,25.02594,121.50651,43
500113008,20231120,1191,43,0,1,25.02594,121.50651,43
500113008,20231120,1192,43,0,1,25.02594,121.50651,43
500113008,20231120,1193,43,0,1,25.02594,121.50651,43
500113008,20231120,1194,43,0,1,25.02594,121.50651,43
500113008,20231120,1195,43,0,1,25.02594,121.50651,43
500113008,20231120,1196,43,0,1,25.02594,121.50651,43
500113008,20231120,1197,43,0,1,25.02594,121.50651,43
500113008,20231120,1198,43,0,1,25.02594,121.50651,43
500113008,20231120,1199,43,4,1,25.02594,121.50651,39
500113008,20231120,1201,43,9,1,25.02594,121.50651,34
500113008,20231120,1202,43,10,1,25.02594,121.50651,33
500113008,20231120,1203,43,12,1,25.02594,121.50651,31
500113008,20231120,1204,43,14,1,25.02594,121.50651,29
500113008,20231120,1205,43,14,1,25.02594,121.50651,29
500113008,20231120,1206,43,14,1,25.02594,121.50651,29
500113008,20231120,1207,43,14,1,25.02594,121.50651,29
500113008,20231120,1208,43,14,1,25.02594,121.50651,29
500113008,20231120,1209,43,14,1,25.02594,121.50651,29
500113008,20231120,1210,43,14,1,25.02594,121.50651,29
500113008,20231120,1211,43,14,1,25.02594,121.50651,29
500113008,20231120,1212,43,13,1,25.02594,121.50651,30
500113008,20231120,1213,43,14,1,25.02594,121.50651,29
500113008,20231120,1214,43,13,1,25.02594,121.50651,30
500113008,20231120,1215,43,13,1,25.02594,121.50651,30
500113008,20231120,1216,43,13,1,25.02594,121.50651,30
500113008,20231120,1217,43,13,1,25.02594,121.50651,30
500113008,20231120,1218,43,15,1,25.02594,121.50651,28
500113008,20231120,1219,43,15,1,25.02594,121.50651,28
500113008,20231120,1221,43,14,1,25.02594,121.50651,29
500113008,20231120,1222,43,13,1,25.02594,121.50651,30
500113008,20231120,1223,43,13,1,25.02594,121.50651,30
500113008,20231120,1224,43,13,1,25.02594,121.50651,30
500113008,20231120,1225,43,12,1,25.02594,121.50651,31
500113008,20231120,1226,43,12,1,25.02594,121.50651,31
500113008,20231120,1227,43,9,1,25.02594,121.50651,34
500113008,20231120,1228,43,9,1,25.02594,121.50651,34
500113008,20231120,1229,43,9,1,25.02594,121.50651,34
500113008,20231120,1231,43,7,1,25.02594,121.50651,36
500113008,20231120,1232,43,6,1,25.02594,121.50651,37
500113008,20231120,1233,43,6,1,25.02594,121.50651,37
500113008,20231120,1234,43,6,1,25.02594,121.50651,37
500113008,20231120,1235,43,6,1,25.02594,121.50651,37
500113008,20231120,1236,43,6,1,25.02594,121.50651,37
500113008,20231120,1237,43,6,1,25.02594,121.50651,37
500113008,20231120,1238,43,6,1,25.02594,121.50651,37
500113008,20231120,1239,43,7,1,25.02594,121.50651,36
500113008,20231120,1240,43,7,1,25.02594,121.50651,36
500113008,20231120,1241,43,7,1,25.02594,121.50651,36
500113008,20231120,1242,43,6,1,25.02594,121.50651,37
500113008,20231120,1243,43,6,1,25.02594,121.50651,37
500113008,20231120,1244,43,6,1,25.02594,121.50651,37
500113008,20231120,1245,43,6,1,25.02594,121.50651,37
500113008,20231120,1246,43,6,1,25.02594,121.50651,37
500113008,20231120,1247,43,6,1,25.02594,121.50651,37
500113008,20231120,1248,43,6,1,25.02594,121.50651,37
500113008,20231120,1249,43,6,1,25.02594,121.50651,37
500113008,20231120,1250,43,6,1,25.02594,121.50651,37
500113008,20231120,1251,43,7,1,25.02594,121.50651,36
500113008,20231120,1252,43,7,1,25.02594,121.50651,36
500113008,20231120,1253,43,7,1,25.02594,121.50651,36
500113008,20231120,1254,43,7,1,25.02594,121.50651,36
500113008,20231120,1255,43,7,1,25.02594,121.50651,36
500113008,20231120,1256,43,5,1,25.02594,121.50651,38
500113008,20231120,1257,43,5,1,25.02594,121.50651,38
500113008,20231120,1258,43,5,1,25.02594,121.50651,38
500113008,20231120,1259,43,5,1,25.02594,121.50651,38
500113008,20231120,1261,43,7,1,25.02594,121.50651,36
500113008,20231120,1262,43,7,1,25.02594,121.50651,36
500113008,20231120,1263,43,7,1,25.02594,121.50651,36
500113008,20231120,1264,43,7,1,25.02594,121.50651,36
500113008,20231120,1265,43,8,1,25.02594,121.50651,35
500113008,20231120,1266,43,8,1,25.02594,121.50651,35
500113008,20231120,1267,43,8,1,25.02594,121.50651,35
500113008,20231120,1268,43,8,1,25.02594,121.50651,35
500113008,20231120,1269,43,8,1,25.02594,121.50651,35
500113008,20231120,1270,43,8,1,25.02594,121.50651,35
500113008,20231120,1271,43,8,1,25.02594,121.50651,35
500113008,20231120,1272,43,7,1,25.02594,121.50651,36
500113008,20231120,1273,43,6,1,25.02594,121.50651,37
500113008,20231120,1274,43,6,1,25.02594,121.50651,37
500113008,20231120,1275,43,6,1,25.02594,121.50651,37
500113008,20231120,1276,43,6,1,25.02594,121.50651,37
500113008,20231120,1277,43,5,1,25.02594,121.50651,38
500113008,20231120,1278,43,5,1,25.02594,121.50651,38
500113008,20231120,1279,43,6,1,25.02594,121.50651,37
500113008,20231120,1281,43,6,1,25.02594,121.50651,37
500113008,20231120,1282,43,5,1,25.02594,121.50651,38
500113008,20231120,1283,43,5,1,25.02594,121.50651,38
500113008,20231120,1284,43,5,1,25.02594,121.50651,38
500113008,20231120,1285,43,5,1,25.02594,121.50651,38
500113008,20231120,1286,43,5,1,25.02594,121.50651,38
500113008,20231120,1287,43,5,1,25.02594,121.50651,38
500113008,20231120,1288,43,5,1,25.02594,121.50651,38
500113008,20231120,1289,43,5,1,25.02594,121.50651,38
500113008,20231120,1291,43,6,1,25.02594,121.50651,37
500113008,20231120,1292,43,6,1,25.02594,121.50651,37
500113008,20231120,1293,43,7,1,25.02594,121.50651,36
500113008,20231120,1294,43,7,1,25.02594,121.50651,36
500113008,20231120,1295,43,7,1,25.02594,121.50651,36
500113008,20231120,1296,43,7,1,25.02594,121.50651,36
500113008,20231120,1297,43,7,1,25.02594,121.50651,36
500113008,20231120,1298,43,6,1,25.02594,121.50651,37
500113008,20231120,1299,43,5,1,25.02594,121.50651,38
500113008,20231120,1300,43,5,1,25.02594,121.50651,38
500113008,20231120,1301,43,5,1,25.02594,121.50651,38
500113008,20231120,1302,43,5,1,25.02594,121.50651,38
500113008,20231120,1303,43,5,1,25.02594,121.50651,38
500113008,20231120,1304,43,5,1,25.02594,121.50651,38
500113008,20231120,1305,43,4,1,25.02594,121.50651,39
500113008,20231120,1306,43,3,1,25.02594,121.50651,40
500113008,20231120,1307,43,3,1,25.02594,121.50651,40
500113008,20231120,1308,43,3,1,25.02594,121.50651,40
500113008,20231120,1309,43,3,1,25.02594,121.50651,40
500113008,20231120,1310,43,3,1,25.02594,121.50651,40
500113008,20231120,1311,43,3,1,25.02594,121.50651,40
500113008,20231120,1312,43,3,1,25.02594,121.50651,40
500113008,20231120,1313,43,3,1,25.02594,121.50651,40
500113008,20231120,1314,43,3,1,25.02594,121.50651,40
500113008,20231120,1315,43,3,1,25.02594,121.50651,40
500113008,20231120,1316,43,4,1,25.02594,121.50651,39
500113008,20231120,1317,43,4,1,25.02594,121.50651,39
500113008,20231120,1318,43,4,1,25.02594,121.50651,39
500113008,20231120,1319,43,4,1,25.02594,121.50651,39
500113008,20231120,1321,43,4,1,25.02594,121.50651,39
500113008,20231120,1322,43,4,1,25.02594,121.50651,39
500113008,20231120,1323,43,3,1,25.02594,121.50651,40
500113008,20231120,1324,43,3,1,25.02594,121.50651,40
500113008,20231120,1325,43,3,1,25.02594,121.50651,40
500113008,20231120,1326,43,3,1,25.02594,121.50651,40
500113008,20231120,1327,43,4,1,25.02594,121.50651,39
500113008,20231120,1328,43,4,1,25.02594,121.50651,39
500113008,20231120,1329,43,4,1,25.02594,121.50651,39
500113008,20231120,1330,43,4,1,25.02594,121.50651,39
500113008,20231120,1331,43,4,1,25.02594,121.50651,39
500113008,20231120,1332,43,4,1,25.02594,121.50651,39
500113008,20231120,1333,43,4,1,25.02594,121.50651,39
500113008,20231120,1334,43,4,1,25.02594,121.50651,39
500113008,20231120,1335,43,4,1,25.02594,121.50651,39
500113008,20231120,1336,43,4,1,25.02594,121.50651,39
500113008,20231120,1337,43,4,1,25.02594,121.50651,39
500113008,20231120,1338,43,4,1,25.02594,121.50651,39
500113008,20231120,1339,43,4,1,25.02594,121.50651,39
500113008,20231120,1341,43,4,1,25.02594,121.50651,39
500113008,20231120,1342,43,4,1,25.02594,121.50651,39
500113008,20231120,1343,43,4,1,25.02594,121.50651,39
500113008,20231120,1345,43,4,1,25.02594,121.50651,39
500113008,20231120,1346,43,4,1,25.02594,121.50651,39
500113008,20231120,1347,43,4,1,25.02594,121.50651,39
500113008,20231120,1349,43,4,1,25.02594,121.50651,39
500113008,20231120,1350,43,4,1,25.02594,121.50651,39
500113008,20231120,1351,43,3,1,25.02594,121.50651,40
500113008,20231120,1352,43,3,1,25.02594,121.50651,40
500113008,20231120,1353,43,3,1,25.02594,121.50651,40
500113008,20231120,1354,43,3,1,25.02594,121.50651,40
500113008,20231120,1355,43,3,1,25.02594,121.50651,40
500113008,20231120,1356,43,3,1,25.02594,121.50651,40
500113008,20231120,1357,43,4,1,25.02594,121.50651,39
500113008,20231120,1358,43,4,1,25.02594,121.50651,39
500113008,20231120,1359,43,4,1,25.02594,121.50651,39
500113008,20231120,1360,43,3,1,25.02594,121.50651,40
500113008,20231120,1361,43,3,1,25.02594,121.50651,40
500113008,20231120,1362,43,3,1,25.02594,121.50651,40
500113008,20231120,1363,43,3,1,25.02594,121.50651,40
500113008,20231120,1364,43,3,1,25.02594,121.50651,40
500113008,20231120,1365,43,3,1,25.02594,121.50651,40
500113008,20231120,1366,43,3,1,25.02594,121.50651,40
500113008,20231120,1367,43,3,1,25.02594,121.50651,40
500113008,20231120,1368,43,3,1,25.02594,121.50651,40
500113008,20231120,1369,43,3,1,25.02594,121.50651,40
500113008,20231120,1370,43,3,1,25.02594,121.50651,40
500113008,20231120,1371,43,3,1,25.02594,121.50651,40
500113008,20231120,1372,43,3,1,25.02594,121.50651,40
500113008,20231120,1373,43,3,1,25.02594,121.50651,40
500113008,20231120,1374,43,3,1,25.02594,121.50651,40
500113008,20231120,1376,43,3,1,25.02594,121.50651,40
500113008,20231120,1377,43,4,1,25.02594,121.50651,39
500113008,20231120,1378,43,4,1,25.02594,121.50651,39
500113008,20231120,1379,43,2,1,25.02594,121.50651,41
500113008,20231120,1381,43,2,1,25.02594,121.50651,41
500113008,20231120,1382,43,2,1,25.02594,121.50651,41
500113008,20231120,1383,43,2,1,25.02594,121.50651,41
500113008,20231120,1384,43,2,1,25.02594,121.50651,41
500113008,20231120,1385,43,2,1,25.02594,121.50651,41
500113008,20231120,1386,43,2,1,25.02594,121.50651,41
500113008,20231120,1387,43,2,1,25.02594,121.50651,41
500113008,20231120,1388,43,2,1,25.02594,121.50651,41
500113008,20231120,1389,43,2,1,25.02594,121.50651,41
500113008,20231120,1390,43,3,1,25.02594,121.50651,40
500113008,20231120,1391,43,3,1,25.02594,121.50651,40
500113008,20231120,1392,43,3,1,25.02594,121.50651,40
500113008,20231120,1393,43,3,1,25.02594,121.50651,40
500113008,20231120,1394,43,3,1,25.02594,121.50651,40
500113008,20231120,1395,43,3,1,25.02594,121.50651,40
500113008,20231120,1396,43,3,1,25.02594,121.50651,40
500113008,20231120,1397,43,3,1,25.02594,121.50651,40
500113008,20231120,1398,43,3,1,25.02594,121.50651,40
500113008,20231120,1399,43,3,1,25.02594,121.50651,40
500113008,20231120,1401,43,3,1,25.02594,121.50651,40
500113008,20231120,1402,43,3,1,25.02594,121.50651,40
500113008,20231120,1403,43,3,1,25.02594,121.50651,40
500113008,20231120,1404,43,2,1,25.02594,121.50651,41
500113008,20231120,1405,43,2,1,25.02594,121.50651,41
500113008,20231120,1406,43,2,1,25.02594,121.50651,41
500113008,20231120,1407,43,2,1,25.02594,121.50651,41
500113008,20231120,1408,43,2,1,25.02594,121.50651,41
500113008,20231120,1409,43,2,1,25.02594,121.50651,41
500113008,20231120,1410,43,3,1,25.02594,121.50651,40
500113008,20231120,1411,43,3,1,25.02594,121.50651,40
500113008,20231120,1412,43,3,1,25.02594,121.50651,40
500113008,20231120,1413,43,3,1,25.02594,121.50651,40
500113008,20231120,1414,43,3,1,25.02594,121.50651,40
500113008,20231120,1415,43,3,1,25.02594,121.50651,40
500113008,20231120,1416,43,3,1,25.02594,121.50651,40
500113008,20231120,1417,43,3,1,25.02594,121.50651,40
500113008,20231120,1418,43,3,1,25.02594,121.50651,40
500113008,20231120,1419,43,2,1,25.02594,121.50651,41
500113008,20231120,1420,43,2,1,25.02594,121.50651,41
500113008,20231120,1421,43,2,1,25.02594,121.50651,41
500113008,20231120,1422,43,2,1,25.02594,121.50651,41
500113008,20231120,1423,43,2,1,25.02594,121.50651,41
500113008,20231120,1424,43,2,1,25.02594,121.50651,41
500113008,20231120,1425,43,2,1,25.02594,121.50651,41
500113008,20231120,1426,43,2,1,25.02594,121.50651,41
500113008,20231120,1427,43,2,1,25.02594,121.50651,41
500113008,20231120,1428,43,2,1,25.02594,121.50651,41
500113008,20231120,1429,43,2,1,25.02594,121.50651,41
500113008,20231120,1430,43,1,1,25.02594,121.50651,42
500113008,20231120,1431,43,1,1,25.02594,121.50651,42
500113008,20231120,1432,43,1,1,25.02594,121.50651,42
500113008,20231120,1433,43,1,1,25.02594,121.50651,42
500113008,20231120,1434,43,1,1,25.02594,121.50651,42
500113008,20231120,1435,43,1,1,25.02594,121.50651,42
500113008,20231120,1436,43,2,1,25.02594,121.50651,41
500113008,20231120,1437,43,2,1,25.02594,121.50651,41
500113008,20231120,1438,43,2,1,25.02594,121.50651,41
500113008,20231120,1439,43,2,1,25.02594,121.50651,41
500113008,20231121,1,43,2,1,25.02594,121.50651,41
500113008,20231121,2,43,2,1,25.02594,121.50651,41
500113008,20231121,3,43,2,1,25.02594,121.50651,41
500113008,20231121,4,43,2,1,25.02594,121.50651,41
500113008,20231121,5,43,2,1,25.02594,121.50651,41
500113008,20231121,6,43,2,1,25.02594,121.50651,41
500113008,20231121,7,43,2,1,25.02594,121.50651,41
500113008,20231121,8,43,1,1,25.02594,121.50651,42
500113008,20231121,9,43,1,1,25.02594,121.50651,42
500113008,20231121,10,43,1,1,25.02594,121.50651,42
500113008,20231121,11,43,1,1,25.02594,121.50651,42
500113008,20231121,12,43,1,1,25.02594,121.50651,42
500113008,20231121,13,43,1,1,25.02594,121.50651,42
500113008,20231121,14,43,1,1,25.02594,121.50651,42
500113008,20231121,15,43,1,1,25.02594,121.50651,42
500113008,20231121,16,43,1,1,25.02594,121.50651,42
500113008,20231121,17,43,1,1,25.02594,121.50651,42
500113008,20231121,18,43,1,1,25.02594,121.50651,42
500113008,20231121,19,43,1,1,25.02594,121.50651,42
500113008,20231121,21,43,1,1,25.02594,121.50651,42
500113008,20231121,22,43,1,1,25.02594,121.50651,42
500113008,20231121,23,43,1,1,25.02594,121.50651,42
500113008,20231121,24,43,1,1,25.02594,121.50651,42
500113008,20231121,25,43,1,1,25.02594,121.50651,42
500113008,20231121,26,43,1,1,25.02594,121.50651,42
500113008,20231121,27,43,1,1,25.02594,121.50651,42
500113008,20231121,28,43,1,1,25.02594,121.50651,42
500113008,20231121,29,43,1,1,25.02594,121.50651,42
500113008,20231121,30,43,1,1,25.02594,121.50651,42
500113008,20231121,31,43,1,1,25.02594,121.50651,42
500113008,20231121,32,43,1,1,25.02594,121.50651,42
500113008,20231121,33,43,1,1,25.02594,121.50651,42
500113008,20231121,34,43,1,1,25.02594,121.50651,42
500113008,20231121,35,43,1,1,25.02594,121.50651,42
500113008,20231121,36,43,1,1,25.02594,121.50651,42
500113008,20231121,37,43,1,1,25.02594,121.50651,42
500113008,20231121,38,43,1,1,25.02594,121.50651,42
500113008,20231121,39,43,1,1,25.02594,121.50651,42
500113008,20231121,40,43,1,1,25.02594,121.50651,42
500113008,20231121,41,43,1,1,25.02594,121.50651,42
500113008,20231121,42,43,1,1,25.02594,121.50651,42
500113008,20231121,43,43,1,1,25.02594,121.50651,42
500113008,20231121,44,43,1,1,25.02594,121.50651,42
500113008,20231121,45,43,1,1,25.02594,121.50651,42
500113008,20231121,46,43,1,1,25.02594,121.50651,42
500113008,20231121,47,43,0,1,25.02594,121.50651,43
500113008,20231121,48,43,0,1,25.02594,121.50651,43
500113008,20231121,49,43,0,1,25.02594,121.50651,43
500113008,20231121,50,43,0,1,25.02594,121.50651,43
500113008,20231121,51,43,0,1,25.02594,121.50651,43
500113008,20231121,52,43,0,1,25.02594,121.50651,43
500113008,20231121,53,43,0,1,25.02594,121.50651,43
500113008,20231121,54,43,0,1,25.02594,121.50651,43
500113008,20231121,55,43,0,1,25.02594,121.50651,43
500113008,20231121,56,43,0,1,25.02594,121.50651,43
500113008,20231121,57,43,0,1,25.02594,121.50651,43
500113008,20231121,58,43,0,1,25.02594,121.50651,43
500113008,20231121,59,43,0,1,25.02594,121.50651,43
500113008,20231121,60,43,0,1,25.02594,121.50651,43
500113008,20231121,61,43,0,1,25.02594,121.50651,43
500113008,20231121,62,43,0,1,25.02594,121.50651,43
500113008,20231121,63,43,0,1,25.02594,121.50651,43
500113008,20231121,64,43,0,1,25.02594,121.50651,43
500113008,20231121,65,43,0,1,25.02594,121.50651,43
500113008,20231121,66,43,0,1,25.02594,121.50651,43
500113008,20231121,67,43,0,1,25.02594,121.50651,43
500113008,20231121,68,43,0,1,25.02594,121.50651,43
500113008,20231121,69,43,0,1,25.02594,121.50651,43
500113008,20231121,70,43,0,1,25.02594,121.50651,43
500113008,20231121,71,43,0,1,25.02594,121.50651,43
500113008,20231121,72,43,0,1,25.02594,121.50651,43
500113008,20231121,73,43,0,1,25.02594,121.50651,43
500113008,20231121,74,43,0,1,25.02594,121.50651,43
500113008,20231121,75,43,0,1,25.02594,121.50651,43
500113008,20231121,76,43,0,1,25.02594,121.50651,43
500113008,20231121,77,43,0,1,25.02594,121.50651,43
500113008,20231121,78,43,0,1,25.02594,121.50651,43
500113008,20231121,79,43,0,1,25.02594,121.50651,43
500113008,20231121,81,43,0,1,25.02594,121.50651,43
500113008,20231121,82,43,0,1,25.02594,121.50651,43
500113008,20231121,83,43,0,1,25.02594,121.50651,43
500113008,20231121,84,43,0,1,25.02594,121.50651,43
500113008,20231121,85,43,0,1,25.02594,121.50651,43
500113008,20231121,86,43,0,1,25.02594,121.50651,43
500113008,20231121,87,43,0,1,25.02594,121.50651,43
500113008,20231121,88,43,0,1,25.02594,121.50651,43
500113008,20231121,89,43,0,1,25.02594,121.50651,43
500113008,20231121,90,43,0,1,25.02594,121.50651,43
500113008,20231121,91,43,0,1,25.02594,121.50651,43
500113008,20231121,92,43,0,1,25.02594,121.50651,43
500113008,20231121,93,43,0,1,25.02594,121.50651,43
500113008,20231121,94,43,0,1,25.02594,121.50651,43
500113008,20231121,95,43,0,1,25.02594,121.50651,43
500113008,20231121,96,43,0,1,25.02594,121.50651,43
500113008,20231121,97,43,0,1,25.02594,121.50651,43
500113008,20231121,98,43,0,1,25.02594,121.50651,43
500113008,20231121,99,43,0,1,25.02594,121.50651,43
500113008,20231121,100,43,0,1,25.02594,121.50651,43
500113008,20231121,101,43,0,1,25.02594,121.50651,43
500113008,20231121,102,43,0,1,25.02594,121.50651,43
500113008,20231121,103,43,0,1,25.02594,121.50651,43
500113008,20231121,104,43,0,1,25.02594,121.50651,43
500113008,20231121,105,43,0,1,25.02594,121.50651,43
500113008,20231121,106,43,0,1,25.02594,121.50651,43
500113008,20231121,107,43,0,1,25.02594,121.50651,43
500113008,20231121,108,43,0,1,25.02594,121.50651,43
500113008,20231121,109,43,0,1,25.02594,121.50651,43
500113008,20231121,110,43,0,1,25.02594,121.50651,43
500113008,20231121,111,43,0,1,25.02594,121.50651,43
500113008,20231121,112,43,0,1,25.02594,121.50651,43
500113008,20231121,113,43,0,1,25.02594,121.50651,43
500113008,20231121,114,43,0,1,25.02594,121.50651,43
500113008,20231121,115,43,0,1,25.02594,121.50651,43
500113008,20231121,116,43,0,1,25.02594,121.50651,43
500113008,20231121,117,43,0,1,25.02594,121.50651,43
500113008,20231121,118,43,0,1,25.02594,121.50651,43
500113008,20231121,119,43,0,1,25.02594,121.50651,43
500113008,20231121,121,43,0,1,25.02594,121.50651,43
500113008,20231121,122,43,0,1,25.02594,121.50651,43
500113008,20231121,123,43,0,1,25.02594,121.50651,43
500113008,20231121,124,43,0,1,25.02594,121.50651,43
500113008,20231121,125,43,0,1,25.02594,121.50651,43
500113008,20231121,126,43,0,1,25.02594,121.50651,43
500113008,20231121,127,43,0,1,25.02594,121.50651,43
500113008,20231121,128,43,0,1,25.02594,121.50651,43
500113008,20231121,129,43,0,1,25.02594,121.50651,43
500113008,20231121,130,43,0,1,25.02594,121.50651,43
500113008,20231121,131,43,0,1,25.02594,121.50651,43
500113008,20231121,132,43,0,1,25.02594,121.50651,43
500113008,20231121,133,43,0,1,25.02594,121.50651,43
500113008,20231121,134,43,0,1,25.02594,121.50651,43
500113008,20231121,135,43,0,1,25.02594,121.50651,43
500113008,20231121,136,43,0,1,25.02594,121.50651,43
500113008,20231121,137,43,0,1,25.02594,121.50651,43
500113008,20231121,138,43,0,1,25.02594,121.50651,43
500113008,20231121,139,43,0,1,25.02594,121.50651,43
500113008,20231121,141,43,0,1,25.02594,121.50651,43
500113008,20231121,142,43,0,1,25.02594,121.50651,43
500113008,20231121,143,43,0,1,25.02594,121.50651,43
500113008,20231121,144,43,0,1,25.02594,121.50651,43
500113008,20231121,145,43,0,1,25.02594,121.50651,43
500113008,20231121,146,43,0,1,25.02594,121.50651,43
500113008,20231121,147,43,0,1,25.02594,121.50651,43
500113008,20231121,148,43,0,1,25.02594,121.50651,43
500113008,20231121,149,43,0,1,25.02594,121.50651,43
500113008,20231121,150,43,0,1,25.02594,121.50651,43
500113008,20231121,151,43,0,1,25.02594,121.50651,43
500113008,20231121,152,43,0,1,25.02594,121.50651,43
500113008,20231121,153,43,0,1,25.02594,121.50651,43
500113008,20231121,154,43,0,1,25.02594,121.50651,43
500113008,20231121,155,43,0,1,25.02594,121.50651,43
500113008,20231121,156,43,0,1,25.02594,121.50651,43
500113008,20231121,157,43,0,1,25.02594,121.50651,43
500113008,20231121,158,43,0,1,25.02594,121.50651,43
500113008,20231121,159,43,0,1,25.02594,121.50651,43
500113008,20231121,160,43,0,1,25.02594,121.50651,43
500113008,20231121,161,43,0,1,25.02594,121.50651,43
500113008,20231121,162,43,0,1,25.02594,121.50651,43
500113008,20231121,163,43,0,1,25.02594,121.50651,43
500113008,20231121,164,43,0,1,25.02594,121.50651,43
500113008,20231121,165,43,0,1,25.02594,121.50651,43
500113008,20231121,166,43,0,1,25.02594,121.50651,43
500113008,20231121,167,43,0,1,25.02594,121.50651,43
500113008,20231121,168,43,0,1,25.02594,121.50651,43
500113008,20231121,169,43,0,1,25.02594,121.50651,43
500113008,20231121,170,43,0,1,25.02594,121.50651,43
500113008,20231121,171,43,0,1,25.02594,121.50651,43
500113008,20231121,172,43,0,1,25.02594,121.50651,43
500113008,20231121,173,43,0,1,25.02594,121.50651,43
500113008,20231121,174,43,0,1,25.02594,121.50651,43
500113008,20231121,175,43,0,1,25.02594,121.50651,43
500113008,20231121,176,43,0,1,25.02594,121.50651,43
500113008,20231121,177,43,0,1,25.02594,121.50651,43
500113008,20231121,178,43,0,1,25.02594,121.50651,43
500113008,20231121,179,43,0,1,25.02594,121.50651,43
500113008,20231121,180,43,0,1,25.02594,121.50651,43
500113008,20231121,181,43,0,1,25.02594,121.50651,43
500113008,20231121,182,43,0,1,25.02594,121.50651,43
500113008,20231121,183,43,0,1,25.02594,121.50651,43
500113008,20231121,184,43,0,1,25.02594,121.50651,43
500113008,20231121,185,43,0,1,25.02594,121.50651,43
500113008,20231121,186,43,0,1,25.02594,121.50651,43
500113008,20231121,187,43,0,1,25.02594,121.50651,43
500113008,20231121,188,43,0,1,25.02594,121.50651,43
500113008,20231121,189,43,0,1,25.02594,121.50651,43
500113008,20231121,190,43,0,1,25.02594,121.50651,43
500113008,20231121,191,43,0,1,25.02594,121.50651,43
500113008,20231121,192,43,0,1,25.02594,121.50651,43
500113008,20231121,193,43,0,1,25.02594,121.50651,43
500113008,20231121,194,43,0,1,25.02594,121.50651,43
500113008,20231121,195,43,2,1,25.02594,121.50651,41
500113008,20231121,196,43,2,1,25.02594,121.50651,41
500113008,20231121,197,43,3,1,25.02594,121.50651,40
500113008,20231121,198,43,3,1,25.02594,121.50651,40
500113008,20231121,199,43,2,1,25.02594,121.50651,41
500113008,20231121,201,43,2,1,25.02594,121.50651,41
500113008,20231121,202,43,2,1,25.02594,121.50651,41
500113008,20231121,203,43,2,1,25.02594,121.50651,41
500113008,20231121,204,43,2,1,25.02594,121.50651,41
500113008,20231121,205,43,2,1,25.02594,121.50651,41
500113008,20231121,206,43,2,1,25.02594,121.50651,41
500113008,20231121,207,43,2,1,25.02594,121.50651,41
500113008,20231121,208,43,2,1,25.02594,121.50651,41
500113008,20231121,209,43,2,1,25.02594,121.50651,41
500113008,20231121,210,43,2,1,25.02594,121.50651,41
500113008,20231121,211,43,2,1,25.02594,121.50651,41
500113008,20231121,212,43,2,1,25.02594,121.50651,41
500113008,20231121,213,43,2,1,25.02594,121.50651,41
500113008,20231121,214,43,2,1,25.02594,121.50651,41
500113008,20231121,215,43,2,1,25.02594,121.50651,41
500113008,20231121,216,43,2,1,25.02594,121.50651,41
500113008,20231121,217,43,2,1,25.02594,121.50651,41
500113008,20231121,218,43,2,1,25.02594,121.50651,41
500113008,20231121,219,43,2,1,25.02594,121.50651,41
500113008,20231121,220,43,2,1,25.02594,121.50651,41
500113008,20231121,221,43,2,1,25.02594,121.50651,41
500113008,20231121,222,43,2,1,25.02594,121.50651,41
500113008,20231121,223,43,3,1,25.02594,121.50651,40
500113008,20231121,224,43,3,1,25.02594,121.50651,40
500113008,20231121,225,43,3,1,25.02594,121.50651,40
500113008,20231121,226,43,3,1,25.02594,121.50651,40
500113008,20231121,227,43,3,1,25.02594,121.50651,40
500113008,20231121,228,43,3,1,25.02594,121.50651,40
500113008,20231121,229,43,3,1,25.02594,121.50651,40
500113008,20231121,231,43,3,1,25.02594,121.50651,40
500113008,20231121,232,43,3,1,25.02594,121.50651,40
500113008,20231121,233,43,3,1,25.02594,121.50651,40
500113008,20231121,234,43,3,1,25.02594,121.50651,40
500113008,20231121,235,43,3,1,25.02594,121.50651,40
500113008,20231121,236,43,3,1,25.02594,121.50651,40
500113008,20231121,237,43,3,1,25.02594,121.50651,40
500113008,20231121,238,43,3,1,25.02594,121.50651,40
500113008,20231121,239,43,3,1,25.02594,121.50651,40
500113008,20231121,240,43,3,1,25.02594,121.50651,40
500113008,20231121,241,43,3,1,25.02594,121.50651,40
500113008,20231121,242,43,3,1,25.02594,121.50651,40
500113008,20231121,243,43,3,1,25.02594,121.50651,40
500113008,20231121,244,43,3,1,25.02594,121.50651,40
500113008,20231121,245,43,3,1,25.02594,121.50651,40
500113008,20231121,246,43,3,1,25.02594,121.50651,40
500113008,20231121,247,43,3,1,25.02594,121.50651,40
500113008,20231121,248,43,3,1,25.02594,121.50651,40
500113008,20231121,249,43,3,1,25.02594,121.50651,40
500113008,20231121,250,43,3,1,25.02594,121.50651,40
500113008,20231121,251,43,3,1,25.02594,121.50651,40
500113008,20231121,252,43,3,1,25.02594,121.50651,40
500113008,20231121,253,43,3,1,25.02594,121.50651,40
500113008,20231121,254,43,3,1,25.02594,121.50651,40
500113008,20231121,255,43,3,1,25.02594,121.50651,40
500113008,20231121,256,43,3,1,25.02594,121.50651,40
500113008,20231121,257,43,3,1,25.02594,121.50651,40
500113008,20231121,258,43,3,1,25.02594,121.50651,40
500113008,20231121,259,43,3,1,25.02594,121.50651,40
500113008,20231121,261,43,3,1,25.02594,121.50651,40
500113008,20231121,262,43,3,1,25.02594,121.50651,40
500113008,20231121,263,43,3,1,25.02594,121.50651,40
500113008,20231121,264,43,3,1,25.02594,121.50651,40
500113008,20231121,265,43,3,1,25.02594,121.50651,40
500113008,20231121,266,43,3,1,25.02594,121.50651,40
500113008,20231121,267,43,3,1,25.02594,121.50651,40
500113008,20231121,268,43,3,1,25.02594,121.50651,40
500113008,20231121,269,43,3,1,25.02594,121.50651,40
500113008,20231121,270,43,3,1,25.02594,121.50651,40
500113008,20231121,271,43,3,1,25.02594,121.50651,40
500113008,20231121,272,43,3,1,25.02594,121.50651,40
500113008,20231121,273,43,3,1,25.02594,121.50651,40
500113008,20231121,274,43,3,1,25.02594,121.50651,40
500113008,20231121,275,43,3,1,25.02594,121.50651,40
500113008,20231121,276,43,3,1,25.02594,121.50651,40
500113008,20231121,277,43,3,1,25.02594,121.50651,40
500113008,20231121,278,43,3,1,25.02594,121.50651,40
500113008,20231121,279,43,3,1,25.02594,121.50651,40
500113008,20231121,280,43,3,1,25.02594,121.50651,40
500113008,20231121,281,43,3,1,25.02594,121.50651,40
500113008,20231121,282,43,3,1,25.02594,121.50651,40
500113008,20231121,283,43,3,1,25.02594,121.50651,40
500113008,20231121,284,43,3,1,25.02594,121.50651,40
500113008,20231121,285,43,3,1,25.02594,121.50651,40
500113008,20231121,286,43,3,1,25.02594,121.50651,40
500113008,20231121,287,43,3,1,25.02594,121.50651,40
500113008,20231121,288,43,3,1,25.02594,121.50651,40
500113008,20231121,289,43,3,1,25.02594,121.50651,40
500113008,20231121,290,43,3,1,25.02594,121.50651,40
500113008,20231121,291,43,3,1,25.02594,121.50651,40
500113008,20231121,292,43,3,1,25.02594,121.50651,40
500113008,20231121,293,43,3,1,25.02594,121.50651,40
500113008,20231121,294,43,2,1,25.02594,121.50651,41
500113008,20231121,295,43,2,1,25.02594,121.50651,41
500113008,20231121,296,43,2,1,25.02594,121.50651,41
500113008,20231121,297,43,2,1,25.02594,121.50651,41
500113008,20231121,298,43,1,1,25.02594,121.50651,42
500113008,20231121,299,43,1,1,25.02594,121.50651,42
500113008,20231121,300,43,1,1,25.02594,121.50651,42
500113008,20231121,301,43,1,1,25.02594,121.50651,42
500113008,20231121,302,43,1,1,25.02594,121.50651,42
500113008,20231121,303,43,1,1,25.02594,121.50651,42
500113008,20231121,304,43,1,1,25.02594,121.50651,42
500113008,20231121,305,43,1,1,25.02594,121.50651,42
500113008,20231121,306,43,1,1,25.02594,121.50651,42
500113008,20231121,307,43,1,1,25.02594,121.50651,42
500113008,20231121,308,43,1,1,25.02594,121.50651,42
500113008,20231121,309,43,1,1,25.02594,121.50651,42
500113008,20231121,310,43,1,1,25.02594,121.50651,42
500113008,20231121,311,43,1,1,25.02594,121.50651,42
500113008,20231121,312,43,1,1,25.02594,121.50651,42
500113008,20231121,313,43,1,1,25.02594,121.50651,42
500113008,20231121,314,43,1,1,25.02594,121.50651,42
500113008,20231121,315,43,1,1,25.02594,121.50651,42
500113008,20231121,316,43,0,1,25.02594,121.50651,43
500113008,20231121,317,43,0,1,25.02594,121.50651,43
500113008,20231121,318,43,0,1,25.02594,121.50651,43
500113008,20231121,319,43,0,1,25.02594,121.50651,43
500113008,20231121,321,43,0,1,25.02594,121.50651,43
500113008,20231121,322,43,0,1,25.02594,121.50651,43
500113008,20231121,323,43,0,1,25.02594,121.50651,43
500113008,20231121,324,43,0,1,25.02594,121.50651,43
500113008,20231121,325,43,0,1,25.02594,121.50651,43
500113008,20231121,326,43,0,1,25.02594,121.50651,43
500113008,20231121,327,43,0,1,25.02594,121.50651,43
500113008,20231121,328,43,0,1,25.02594,121.50651,43
500113008,20231121,329,43,0,1,25.02594,121.50651,43
500113008,20231121,330,43,0,1,25.02594,121.50651,43
500113008,20231121,331,43,0,1,25.02594,121.50651,43
500113008,20231121,332,43,0,1,25.02594,121.50651,43
500113008,20231121,333,43,0,1,25.02594,121.50651,43
500113008,20231121,334,43,0,1,25.02594,121.50651,43
500113008,20231121,335,43,0,1,25.02594,121.50651,43
500113008,20231121,336,43,0,1,25.02594,121.50651,43
500113008,20231121,337,43,0,1,25.02594,121.50651,43
500113008,20231121,338,43,0,1,25.02594,121.50651,43
500113008,20231121,339,43,0,1,25.02594,121.50651,43
500113008,20231121,340,43,0,1,25.02594,121.50651,43
500113008,20231121,341,43,0,1,25.02594,121.50651,43
500113008,20231121,342,43,0,1,25.02594,121.50651,43
500113008,20231121,343,43,0,1,25.02594,121.50651,43
500113008,20231121,344,43,0,1,25.02594,121.50651,43
500113008,20231121,345,43,0,1,25.02594,121.50651,43
500113008,20231121,346,43,0,1,25.02594,121.50651,43
500113008,20231121,347,43,0,1,25.02594,121.50651,43
500113008,20231121,348,43,0,1,25.02594,121.50651,43
500113008,20231121,349,43,0,1,25.02594,121.50651,43
500113008,20231121,350,43,0,1,25.02594,121.50651,43
500113008,20231121,351,43,0,1,25.02594,121.50651,43
500113008,20231121,352,43,0,1,25.02594,121.50651,43
500113008,20231121,353,43,0,1,25.02594,121.50651,43
500113008,20231121,354,43,0,1,25.02594,121.50651,43
500113008,20231121,355,43,0,1,25.02594,121.50651,43
500113008,20231121,356,43,0,1,25.02594,121.50651,43
500113008,20231121,357,43,0,1,25.02594,121.50651,43
500113008,20231121,358,43,0,1,25.02594,121.50651,43
500113008,20231121,359,43,0,1,25.02594,121.50651,43
500113008,20231121,360,43,0,1,25.02594,121.50651,43
500113008,20231121,361,43,0,1,25.02594,121.50651,43
500113008,20231121,362,43,0,1,25.02594,121.50651,43
500113008,20231121,363,43,0,1,25.02594,121.50651,43
500113008,20231121,364,43,0,1,25.02594,121.50651,43
500113008,20231121,365,43,0,1,25.02594,121.50651,43
500113008,20231121,366,43,0,1,25.02594,121.50651,43
500113008,20231121,367,43,0,1,25.02594,121.50651,43
500113008,20231121,368,43,0,1,25.02594,121.50651,43
500113008,20231121,369,43,0,1,25.02594,121.50651,43
500113008,20231121,370,43,0,1,25.02594,121.50651,43
500113008,20231121,371,43,0,1,25.02594,121.50651,43
500113008,20231121,372,43,0,1,25.02594,121.50651,43
500113008,20231121,373,43,0,1,25.02594,121.50651,43
500113008,20231121,374,43,0,1,25.02594,121.50651,43
500113008,20231121,375,43,0,1,25.02594,121.50651,43
500113008,20231121,376,43,0,1,25.02594,121.50651,43
500113008,20231121,377,43,0,1,25.02594,121.50651,43
500113008,20231121,378,43,0,1,25.02594,121.50651,43
500113008,20231121,379,43,0,1,25.02594,121.50651,43
500113008,20231121,381,43,0,1,25.02594,121.50651,43
500113008,20231121,382,43,1,1,25.02594,121.50651,42
500113008,20231121,383,43,1,1,25.02594,121.50651,42
500113008,20231121,384,43,1,1,25.02594,121.50651,42
500113008,20231121,385,43,0,1,25.02594,121.50651,43
500113008,20231121,386,43,0,1,25.02594,121.50651,43
500113008,20231121,387,43,1,1,25.02594,121.50651,42
500113008,20231121,388,43,1,1,25.02594,121.50651,42
500113008,20231121,389,43,2,1,25.02594,121.50651,41
500113008,20231121,390,43,2,1,25.02594,121.50651,41
500113008,20231121,391,43,2,1,25.02594,121.50651,41
500113008,20231121,392,43,3,1,25.02594,121.50651,40
500113008,20231121,393,43,3,1,25.02594,121.50651,40
500113008,20231121,394,43,3,1,25.02594,121.50651,40
500113008,20231121,395,43,3,1,25.02594,121.50651,40
500113008,20231121,396,43,3,1,25.02594,121.50651,40
500113008,20231121,397,43,3,1,25.02594,121.50651,40
500113008,20231121,398,43,3,1,25.02594,121.50651,40
500113008,20231121,399,43,3,1,25.02594,121.50651,40
500113008,20231121,400,43,3,1,25.02594,121.50651,40
500113008,20231121,401,43,3,1,25.02594,121.50651,40
500113008,20231121,402,43,3,1,25.02594,121.50651,40
500113008,20231121,403,43,3,1,25.02594,121.50651,40
500113008,20231121,404,43,3,1,25.02594,121.50651,40
500113008,20231121,405,43,3,1,25.02594,121.50651,40
500113008,20231121,406,43,3,1,25.02594,121.50651,40
500113008,20231121,407,43,4,1,25.02594,121.50651,39
500113008,20231121,408,43,4,1,25.02594,121.50651,39
500113008,20231121,409,43,5,1,25.02594,121.50651,38
500113008,20231121,410,43,5,1,25.02594,121.50651,38
500113008,20231121,411,43,4,1,25.02594,121.50651,39
500113008,20231121,412,43,4,1,25.02594,121.50651,39
500113008,20231121,413,43,4,1,25.02594,121.50651,39
500113008,20231121,414,43,5,1,25.02594,121.50651,38
500113008,20231121,415,43,5,1,25.02594,121.50651,38
500113008,20231121,416,43,5,1,25.02594,121.50651,38
500113008,20231121,417,43,5,1,25.02594,121.50651,38
500113008,20231121,418,43,8,1,25.02594,121.50651,35
500113008,20231121,419,43,8,1,25.02594,121.50651,35
500113008,20231121,421,43,10,1,25.02594,121.50651,33
500113008,20231121,422,43,10,1,25.02594,121.50651,33
500113008,20231121,423,43,10,1,25.02594,121.50651,33
500113008,20231121,424,43,10,1,25.02594,121.50651,33
500113008,20231121,425,43,10,1,25.02594,121.50651,33
500113008,20231121,426,43,9,1,25.02594,121.50651,34
500113008,20231121,427,43,9,1,25.02594,121.50651,34
500113008,20231121,428,43,9,1,25.02594,121.50651,34
500113008,20231121,429,43,9,1,25.02594,121.50651,34
500113008,20231121,430,43,9,1,25.02594,121.50651,34
500113008,20231121,431,43,9,1,25.02594,121.50651,34
500113008,20231121,432,43,9,1,25.02594,121.50651,34
500113008,20231121,433,43,9,1,25.02594,121.50651,34
500113008,20231121,434,43,8,1,25.02594,121.50651,35
500113008,20231121,435,43,8,1,25.02594,121.50651,35
500113008,20231121,436,43,7,1,25.02594,121.50651,36
500113008,20231121,437,43,7,1,25.02594,121.50651,36
500113008,20231121,438,43,7,1,25.02594,121.50651,36
500113008,20231121,439,43,4,1,25.02594,121.50651,39
500113008,20231121,441,43,4,1,25.02594,121.50651,39
500113008,20231121,442,43,4,1,25.02594,121.50651,39
500113008,20231121,443,43,5,1,25.02594,121.50651,38
500113008,20231121,444,43,5,1,25.02594,121.50651,38
500113008,20231121,445,43,6,1,25.02594,121.50651,37
500113008,20231121,446,43,6,1,25.02594,121.50651,37
500113008,20231121,447,43,6,1,25.02594,121.50651,37
500113008,20231121,448,43,7,1,25.02594,121.50651,36
500113008,20231121,449,43,6,1,25.02594,121.50651,37
500113008,20231121,451,43,6,1,25.02594,121.50651,37
500113008,20231121,452,43,6,1,25.02594,121.50651,37
500113008,20231121,453,43,6,1,25.02594,121.50651,37
500113008,20231121,454,43,6,1,25.02594,121.50651,37
500113008,20231121,455,43,7,1,25.02594,121.50651,36
500113008,20231121,456,43,7,1,25.02594,121.50651,36
500113008,20231121,457,43,8,1,25.02594,121.50651,35
500113008,20231121,458,43,8,1,25.02594,121.50651,35
500113008,20231121,459,43,8,1,25.02594,121.50651,35
500113008,20231121,460,43,9,1,25.02594,121.50651,34
500113008,20231121,461,43,10,1,25.02594,121.50651,33
500113008,20231121,462,43,10,1,25.02594,121.50651,33
500113008,20231121,463,43,10,1,25.02594,121.50651,33
500113008,20231121,464,43,10,1,25.02594,121.50651,33
500113008,20231121,465,43,9,1,25.02594,121.50651,34
500113008,20231121,466,43,9,1,25.02594,121.50651,34
500113008,20231121,467,43,9,1,25.02594,121.50651,34
500113008,20231121,468,43,9,1,25.02594,121.50651,34
500113008,20231121,469,43,10,1,25.02594,121.50651,33
500113008,20231121,470,43,10,1,25.02594,121.50651,33
500113008,20231121,471,43,10,1,25.02594,121.50651,33
500113008,20231121,472,43,9,1,25.02594,121.50651,34
500113008,20231121,473,43,9,1,25.02594,121.50651,34
500113008,20231121,474,43,9,1,25.02594,121.50651,34
500113008,20231121,475,43,9,1,25.02594,121.50651,34
500113008,20231121,476,43,10,1,25.02594,121.50651,33
500113008,20231121,477,43,10,1,25.02594,121.50651,33
500113008,20231121,478,43,10,1,25.02594,121.50651,33
500113008,20231121,479,43,10,1,25.02594,121.50651,33
500113008,20231121,481,43,10,1,25.02594,121.50651,33
500113008,20231121,482,43,10,1,25.02594,121.50651,33
500113008,20231121,483,43,10,1,25.02594,121.50651,33
500113008,20231121,484,43,10,1,25.02594,121.50651,33
500113008,20231121,485,43,10,1,25.02594,121.50651,33
500113008,20231121,486,43,11,1,25.02594,121.50651,32
500113008,20231121,487,43,11,1,25.02594,121.50651,32
500113008,20231121,488,43,11,1,25.02594,121.50651,32
500113008,20231121,489,43,11,1,25.02594,121.50651,32
500113008,20231121,490,43,11,1,25.02594,121.50651,32
500113008,20231121,492,43,10,1,25.02594,121.50651,33
500113008,20231121,493,43,10,1,25.02594,121.50651,33
500113008,20231121,494,43,10,1,25.02594,121.50651,33
500113008,20231121,495,43,10,1,25.02594,121.50651,33
500113008,20231121,496,43,10,1,25.02594,121.50651,33
500113008,20231121,497,43,10,1,25.02594,121.50651,33
500113008,20231121,498,43,11,1,25.02594,121.50651,32
500113008,20231121,499,43,10,1,25.02594,121.50651,33
500113008,20231121,501,43,9,1,25.02594,121.50651,34
500113008,20231121,502,43,10,1,25.02594,121.50651,33
500113008,20231121,503,43,10,1,25.02594,121.50651,33
500113008,20231121,504,43,11,1,25.02594,121.50651,32
500113008,20231121,505,43,12,1,25.02594,121.50651,31
500113008,20231121,506,43,13,1,25.02594,121.50651,30
500113008,20231121,507,43,12,1,25.02594,121.50651,31
500113008,20231121,508,43,11,1,25.02594,121.50651,32
500113008,20231121,509,43,11,1,25.02594,121.50651,32
500113008,20231121,511,43,13,1,25.02594,121.50651,30
500113008,20231121,512,43,15,1,25.02594,121.50651,28
500113008,20231121,513,43,15,1,25.02594,121.50651,28
500113008,20231121,514,43,15,1,25.02594,121.50651,28
500113008,20231121,515,43,15,1,25.02594,121.50651,28
500113008,20231121,516,43,15,1,25.02594,121.50651,28
500113008,20231121,517,43,15,1,25.02594,121.50651,28
500113008,20231121,518,43,15,1,25.02594,121.50651,28
500113008,20231121,519,43,17,1,25.02594,121.50651,26
500113008,20231121,520,43,17,1,25.02594,121.50651,26
500113008,20231121,521,43,17,1,25.02594,121.50651,26
500113008,20231121,522,43,17,1,25.02594,121.50651,26
500113008,20231121,523,43,16,1,25.02594,121.50651,27
500113008,20231121,524,43,16,1,25.02594,121.50651,27
500113008,20231121,525,43,15,1,25.02594,121.50651,28
500113008,20231121,526,43,15,1,25.02594,121.50651,28
500113008,20231121,527,43,15,1,25.02594,121.50651,28
500113008,20231121,528,43,16,1,25.02594,121.50651,27
500113008,20231121,529,43,16,1,25.02594,121.50651,27
500113008,20231121,530,43,15,1,25.02594,121.50651,28
500113008,20231121,531,43,15,1,25.02594,121.50651,28
500113008,20231121,532,43,15,1,25.02594,121.50651,28
500113008,20231121,533,43,15,1,25.02594,121.50651,28
500113008,20231121,534,43,15,1,25.02594,121.50651,28
500113008,20231121,535,43,15,1,25.02594,121.50651,28
500113008,20231121,536,43,13,1,25.02594,121.50651,30
500113008,20231121,537,43,13,1,25.02594,121.50651,30
500113008,20231121,538,43,14,1,25.02594,121.50651,29
500113008,20231121,539,43,14,1,25.02594,121.50651,29
500113008,20231121,541,43,15,1,25.02594,121.50651,28
500113008,20231121,542,43,15,1,25.02594,121.50651,28
500113008,20231121,543,43,15,1,25.02594,121.50651,28
500113008,20231121,544,43,15,1,25.02594,121.50651,28
500113008,20231121,545,43,15,1,25.02594,121.50651,28
500113008,20231121,546,43,15,1,25.02594,121.50651,28
500113008,20231121,547,43,15,1,25.02594,121.50651,28
500113008,20231121,548,43,15,1,25.02594,121.50651,28
500113008,20231121,549,43,15,1,25.02594,121.50651,28
500113008,20231121,550,43,15,1,25.02594,121.50651,28
500113008,20231121,551,43,15,1,25.02594,121.50651,28
500113008,20231121,552,43,15,1,25.02594,121.50651,28
500113008,20231121,553,43,15,1,25.02594,121.50651,28
500113008,20231121,554,43,15,1,25.02594,121.50651,28
500113008,20231121,555,43,15,1,25.02594,121.50651,28
500113008,20231121,556,43,15,1,25.02594,121.50651,28
500113008,20231121,557,43,15,1,25.02594,121.50651,28
500113008,20231121,558,43,15,1,25.02594,121.50651,28
500113008,20231121,559,43,15,1,25.02594,121.50651,28
500113008,20231121,561,43,15,1,25.02594,121.50651,28
500113008,20231121,562,43,15,1,25.02594,121.50651,28
500113008,20231121,563,43,15,1,25.02594,121.50651,28
500113008,20231121,564,43,15,1,25.02594,121.50651,28
500113008,20231121,565,43,16,1,25.02594,121.50651,27
500113008,20231121,566,43,17,1,25.02594,121.50651,26
500113008,20231121,567,43,17,1,25.02594,121.50651,26
500113008,20231121,568,43,17,1,25.02594,121.50651,26
500113008,20231121,569,43,17,1,25.02594,121.50651,26
500113008,20231121,571,43,17,1,25.02594,121.50651,26
500113008,20231121,572,43,17,1,25.02594,121.50651,26
500113008,20231121,573,43,17,1,25.02594,121.50651,26
500113008,20231121,574,43,17,1,25.02594,121.50651,26
500113008,20231121,575,43,17,1,25.02594,121.50651,26
500113008,20231121,576,43,17,1,25.02594,121.50651,26
500113008,20231121,577,43,17,1,25.02594,121.50651,26
500113008,20231121,578,43,17,1,25.02594,121.50651,26
500113008,20231121,579,43,17,1,25.02594,121.50651,26
500113008,20231121,580,43,17,1,25.02594,121.50651,26
500113008,20231121,581,43,17,1,25.02594,121.50651,26
500113008,20231121,582,43,17,1,25.02594,121.50651,26
500113008,20231121,583,43,17,1,25.02594,121.50651,26
500113008,20231121,584,43,17,1,25.02594,121.50651,26
500113008,20231121,585,43,16,1,25.02594,121.50651,27
500113008,20231121,586,43,17,1,25.02594,121.50651,26
500113008,20231121,587,43,17,1,25.02594,121.50651,26
500113008,20231121,588,43,18,1,25.02594,121.50651,25
500113008,20231121,589,43,18,1,25.02594,121.50651,25
500113008,20231121,590,43,16,1,25.02594,121.50651,27
500113008,20231121,591,43,16,1,25.02594,121.50651,27
500113008,20231121,592,43,16,1,25.02594,121.50651,27
500113008,20231121,593,43,16,1,25.02594,121.50651,27
500113008,20231121,594,43,16,1,25.02594,121.50651,27
500113008,20231121,595,43,16,1,25.02594,121.50651,27
500113008,20231121,596,43,17,1,25.02594,121.50651,26
500113008,20231121,597,43,16,1,25.02594,121.50651,27
500113008,20231121,598,43,16,1,25.02594,121.50651,27
500113008,20231121,599,43,16,1,25.02594,121.50651,27
500113008,20231121,601,43,16,1,25.02594,121.50651,27
500113008,20231121,602,43,16,1,25.02594,121.50651,27
500113008,20231121,603,43,16,1,25.02594,121.50651,27
500113008,20231121,604,43,17,1,25.02594,121.50651,26
500113008,20231121,605,43,17,1,25.02594,121.50651,26
500113008,20231121,606,43,17,1,25.02594,121.50651,26
500113008,20231121,607,43,17,1,25.02594,121.50651,26
500113008,20231121,608,43,17,1,25.02594,121.50651,26
500113008,20231121,609,43,17,1,25.02594,121.50651,26
500113008,20231121,610,43,18,1,25.02594,121.50651,25
500113008,20231121,611,43,18,1,25.02594,121.50651,25
500113008,20231121,612,43,18,1,25.02594,121.50651,25
500113008,20231121,613,43,18,1,25.02594,121.50651,25
500113008,20231121,614,43,18,1,25.02594,121.50651,25
500113008,20231121,615,43,18,1,25.02594,121.50651,25
500113008,20231121,616,43,18,1,25.02594,121.50651,25
500113008,20231121,617,43,18,1,25.02594,121.50651,25
500113008,20231121,618,43,18,1,25.02594,121.50651,25
500113008,20231121,619,43,17,1,25.02594,121.50651,26
500113008,20231121,621,43,18,1,25.02594,121.50651,25
500113008,20231121,622,43,19,1,25.02594,121.50651,24
500113008,20231121,623,43,20,1,25.02594,121.50651,23
500113008,20231121,624,43,20,1,25.02594,121.50651,23
500113008,20231121,625,43,18,1,25.02594,121.50651,25
500113008,20231121,626,43,19,1,25.02594,121.50651,24
500113008,20231121,627,43,19,1,25.02594,121.50651,24
500113008,20231121,628,43,19,1,25.02594,121.50651,24
500113008,20231121,629,43,19,1,25.02594,121.50651,24
500113008,20231121,631,43,19,1,25.02594,121.50651,24
500113008,20231121,632,43,19,1,25.02594,121.50651,24
500113008,20231121,633,43,19,1,25.02594,121.50651,24
500113008,20231121,634,43,20,1,25.02594,121.50651,23
500113008,20231121,635,43,19,1,25.02594,121.50651,24
500113008,20231121,636,43,19,1,25.02594,121.50651,24
500113008,20231121,637,43,19,1,25.02594,121.50651,24
500113008,20231121,638,43,19,1,25.02594,121.50651,24
500113008,20231121,639,43,19,1,25.02594,121.50651,24
500113008,20231121,640,43,19,1,25.02594,121.50651,24
500113008,20231121,641,43,19,1,25.02594,121.50651,24
500113008,20231121,642,43,18,1,25.02594,121.50651,25
500113008,20231121,643,43,18,1,25.02594,121.50651,25
500113008,20231121,644,43,18,1,25.02594,121.50651,25
500113008,20231121,645,43,18,1,25.02594,121.50651,25
500113008,20231121,646,43,19,1,25.02594,121.50651,24
500113008,20231121,647,43,20,1,25.02594,121.50651,23
500113008,20231121,648,43,20,1,25.02594,121.50651,23
500113008,20231121,649,43,20,1,25.02594,121.50651,23
500113008,20231121,650,43,20,1,25.02594,121.50651,23
500113008,20231121,651,43,20,1,25.02594,121.50651,23
500113008,20231121,652,43,20,1,25.02594,121.50651,23
500113008,20231121,653,43,19,1,25.02594,121.50651,24
500113008,20231121,654,43,19,1,25.02594,121.50651,24
500113008,20231121,655,43,19,1,25.02594,121.50651,24
500113008,20231121,656,43,20,1,25.02594,121.50651,23
500113008,20231121,657,43,21,1,25.02594,121.50651,22
500113008,20231121,658,43,21,1,25.02594,121.50651,22
500113008,20231121,659,43,21,1,25.02594,121.50651,22
500113008,20231121,661,43,23,1,25.02594,121.50651,20
500113008,20231121,662,43,23,1,25.02594,121.50651,20
500113008,20231121,663,43,23,1,25.02594,121.50651,20
500113008,20231121,664,43,23,1,25.02594,121.50651,20
500113008,20231121,665,43,23,1,25.02594,121.50651,20
500113008,20231121,666,43,23,1,25.02594,121.50651,20
500113008,20231121,667,43,23,1,25.02594,121.50651,20
500113008,20231121,668,43,23,1,25.02594,121.50651,20
500113008,20231121,669,43,23,1,25.02594,121.50651,20
500113008,20231121,670,43,24,1,25.02594,121.50651,19
500113008,20231121,671,43,24,1,25.02594,121.50651,19
500113008,20231121,672,43,24,1,25.02594,121.50651,19
500113008,20231121,673,43,23,1,25.02594,121.50651,20
500113008,20231121,674,43,21,1,25.02594,121.50651,22
500113008,20231121,675,43,21,1,25.02594,121.50651,22
500113008,20231121,676,43,21,1,25.02594,121.50651,22
500113008,20231121,677,43,21,1,25.02594,121.50651,22
500113008,20231121,678,43,21,1,25.02594,121.50651,22
500113008,20231121,679,43,21,1,25.02594,121.50651,22
500113008,20231121,681,43,22,1,25.02594,121.50651,21
500113008,20231121,682,43,22,1,25.02594,121.50651,21
500113008,20231121,683,43,23,1,25.02594,121.50651,20
500113008,20231121,684,43,23,1,25.02594,121.50651,20
500113008,20231121,685,43,24,1,25.02594,121.50651,19
500113008,20231121,686,43,24,1,25.02594,121.50651,19
500113008,20231121,687,43,23,1,25.02594,121.50651,20
500113008,20231121,688,43,23,1,25.02594,121.50651,20
500113008,20231121,689,43,23,1,25.02594,121.50651,20
500113008,20231121,690,43,23,1,25.02594,121.50651,20
500113008,20231121,691,43,23,1,25.02594,121.50651,20
500113008,20231121,692,43,23,1,25.02594,121.50651,20
500113008,20231121,693,43,23,1,25.02594,121.50651,20
500113008,20231121,694,43,22,1,25.02594,121.50651,21
500113008,20231121,695,43,22,1,25.02594,121.50651,21
500113008,20231121,696,43,22,1,25.02594,121.50651,21
500113008,20231121,697,43,22,1,25.02594,121.50651,21
500113008,20231121,698,43,21,1,25.02594,121.50651,22
500113008,20231121,699,43,21,1,25.02594,121.50651,22
500113008,20231121,701,43,22,1,25.02594,121.50651,21
500113008,20231121,702,43,22,1,25.02594,121.50651,21
500113008,20231121,703,43,22,1,25.02594,121.50651,21
500113008,20231121,704,43,22,1,25.02594,121.50651,21
500113008,20231121,705,43,22,1,25.02594,121.50651,21
500113008,20231121,706,43,20,1,25.02594,121.50651,23
500113008,20231121,707,43,20,1,25.02594,121.50651,23
500113008,20231121,708,43,20,1,25.02594,121.50651,23
500113008,20231121,709,43,21,1,25.02594,121.50651,22
500113008,20231121,711,43,21,1,25.02594,121.50651,22
500113008,20231121,712,43,21,1,25.02594,121.50651,22
500113008,20231121,713,43,22,1,25.02594,121.50651,21
500113008,20231121,714,43,22,1,25.02594,121.50651,21
500113008,20231121,715,43,22,1,25.02594,121.50651,21
500113008,20231121,716,43,22,1,25.02594,121.50651,21
500113008,20231121,717,43,23,1,25.02594,121.50651,20
500113008,20231121,718,43,23,1,25.02594,121.50651,20
500113008,20231121,719,43,23,1,25.02594,121.50651,20
500113008,20231121,721,43,23,1,25.02594,121.50651,20
500113008,20231121,722,43,23,1,25.02594,121.50651,20
500113008,20231121,723,43,23,1,25.02594,121.50651,20
500113008,20231121,724,43,23,1,25.02594,121.50651,20
500113008,20231121,725,43,23,1,25.02594,121.50651,20
500113008,20231121,726,43,23,1,25.02594,121.50651,20
500113008,20231121,727,43,23,1,25.02594,121.50651,20
500113008,20231121,728,43,22,1,25.02594,121.50651,21
500113008,20231121,729,43,22,1,25.02594,121.50651,21
500113008,20231121,731,43,21,1,25.02594,121.50651,22
500113008,20231121,732,43,21,1,25.02594,121.50651,22
500113008,20231121,733,43,21,1,25.02594,121.50651,22
500113008,20231121,734,43,21,1,25.02594,121.50651,22
500113008,20231121,735,43,21,1,25.02594,121.50651,22
500113008,20231121,736,43,20,1,25.02594,121.50651,23
500113008,20231121,737,43,21,1,25.02594,121.50651,22
500113008,20231121,738,43,21,1,25.02594,121.50651,22
500113008,20231121,739,43,21,1,25.02594,121.50651,22
500113008,20231121,741,43,21,1,25.02594,121.50651,22
500113008,20231121,742,43,21,1,25.02594,121.50651,22
500113008,20231121,743,43,21,1,25.02594,121.50651,22
500113008,20231121,744,43,21,1,25.02594,121.50651,22
500113008,20231121,745,43,21,1,25.02594,121.50651,22
500113008,20231121,746,43,21,1,25.02594,121.50651,22
500113008,20231121,747,43,20,1,25.02594,121.50651,23
500113008,20231121,748,43,20,1,25.02594,121.50651,23
500113008,20231121,749,43,20,1,25.02594,121.50651,23
500113008,20231121,751,43,20,1,25.02594,121.50651,23
500113008,20231121,752,43,20,1,25.02594,121.50651,23
500113008,20231121,753,43,20,1,25.02594,121.50651,23
500113008,20231121,754,43,20,1,25.02594,121.50651,23
500113008,20231121,755,43,21,1,25.02594,121.50651,22
500113008,20231121,756,43,21,1,25.02594,121.50651,22
500113008,20231121,757,43,21,1,25.02594,121.50651,22
500113008,20231121,758,43,21,1,25.02594,121.50651,22
500113008,20231121,759,43,21,1,25.02594,121.50651,22
500113008,20231121,760,43,21,1,25.02594,121.50651,22
500113008,20231121,761,43,21,1,25.02594,121.50651,22
500113008,20231121,762,43,21,1,25.02594,121.50651,22
500113008,20231121,763,43,21,1,25.02594,121.50651,22
500113008,20231121,764,43,21,1,25.02594,121.50651,22
500113008,20231121,765,43,21,1,25.02594,121.50651,22
500113008,20231121,766,43,21,1,25.02594,121.50651,22
500113008,20231121,767,43,20,1,25.02594,121.50651,23
500113008,20231121,768,43,20,1,25.02594,121.50651,23
500113008,20231121,769,43,20,1,25.02594,121.50651,23
500113008,20231121,770,43,19,1,25.02594,121.50651,24
500113008,20231121,771,43,19,1,25.02594,121.50651,24
500113008,20231121,772,43,19,1,25.02594,121.50651,24
500113008,20231121,773,43,19,1,25.02594,121.50651,24
500113008,20231121,774,43,19,1,25.02594,121.50651,24
500113008,20231121,775,43,19,1,25.02594,121.50651,24
500113008,20231121,776,43,19,1,25.02594,121.50651,24
500113008,20231121,777,43,19,1,25.02594,121.50651,24
500113008,20231121,778,43,20,1,25.02594,121.50651,23
500113008,20231121,779,43,20,1,25.02594,121.50651,23
500113008,20231121,781,43,20,1,25.02594,121.50651,23
500113008,20231121,782,43,20,1,25.02594,121.50651,23
500113008,20231121,783,43,20,1,25.02594,121.50651,23
500113008,20231121,784,43,20,1,25.02594,121.50651,23
500113008,20231121,785,43,20,1,25.02594,121.50651,23
500113008,20231121,786,43,20,1,25.02594,121.50651,23
500113008,20231121,787,43,21,1,25.02594,121.50651,22
500113008,20231121,788,43,20,1,25.02594,121.50651,23
500113008,20231121,789,43,21,1,25.02594,121.50651,22
500113008,20231121,790,43,21,1,25.02594,121.50651,22
500113008,20231121,791,43,21,1,25.02594,121.50651,22
500113008,20231121,792,43,21,1,25.02594,121.50651,22
500113008,20231121,793,43,21,1,25.02594,121.50651,22
500113008,20231121,794,43,21,1,25.02594,121.50651,22
500113008,20231121,795,43,21,1,25.02594,121.50651,22
500113008,20231121,796,43,21,1,25.02594,121.50651,22
500113008,20231121,797,43,20,1,25.02594,121.50651,23
500113008,20231121,798,43,20,1,25.02594,121.50651,23
500113008,20231121,799,43,20,1,25.02594,121.50651,23
500113008,20231121,801,43,19,1,25.02594,121.50651,24
500113008,20231121,802,43,19,1,25.02594,121.50651,24
500113008,20231121,803,43,19,1,25.02594,121.50651,24
500113008,20231121,804,43,19,1,25.02594,121.50651,24
500113008,20231121,805,43,19,1,25.02594,121.50651,24
500113008,20231121,806,43,19,1,25.02594,121.50651,24
500113008,20231121,807,43,19,1,25.02594,121.50651,24
500113008,20231121,808,43,19,1,25.02594,121.50651,24
500113008,20231121,809,43,19,1,25.02594,121.50651,24
500113008,20231121,810,43,19,1,25.02594,121.50651,24
500113008,20231121,811,43,19,1,25.02594,121.50651,24
500113008,20231121,812,43,20,1,25.02594,121.50651,23
500113008,20231121,813,43,20,1,25.02594,121.50651,23
500113008,20231121,814,43,20,1,25.02594,121.50651,23
500113008,20231121,815,43,21,1,25.02594,121.50651,22
500113008,20231121,816,43,21,1,25.02594,121.50651,22
500113008,20231121,817,43,21,1,25.02594,121.50651,22
500113008,20231121,818,43,21,1,25.02594,121.50651,22
500113008,20231121,819,43,21,1,25.02594,121.50651,22
500113008,20231121,820,43,21,1,25.02594,121.50651,22
500113008,20231121,821,43,20,1,25.02594,121.50651,23
500113008,20231121,822,43,21,1,25.02594,121.50651,22
500113008,20231121,823,43,21,1,25.02594,121.50651,22
500113008,20231121,824,43,21,1,25.02594,121.50651,22
500113008,20231121,825,43,21,1,25.02594,121.50651,22
500113008,20231121,826,43,21,1,25.02594,121.50651,22
500113008,20231121,827,43,21,1,25.02594,121.50651,22
500113008,20231121,828,43,21,1,25.02594,121.50651,22
500113008,20231121,829,43,20,1,25.02594,121.50651,23
500113008,20231121,830,43,20,1,25.02594,121.50651,23
500113008,20231121,831,43,20,1,25.02594,121.50651,23
500113008,20231121,832,43,20,1,25.02594,121.50651,23
500113008,20231121,833,43,20,1,25.02594,121.50651,23
500113008,20231121,834,43,20,1,25.02594,121.50651,23
500113008,20231121,835,43,20,1,25.02594,121.50651,23
500113008,20231121,836,43,20,1,25.02594,121.50651,23
500113008,20231121,837,43,20,1,25.02594,121.50651,23
500113008,20231121,838,43,20,1,25.02594,121.50651,23
500113008,20231121,839,43,20,1,25.02594,121.50651,23
500113008,20231121,841,43,20,1,25.02594,121.50651,23
500113008,20231121,842,43,20,1,25.02594,121.50651,23
500113008,20231121,843,43,20,1,25.02594,121.50651,23
500113008,20231121,844,43,20,1,25.02594,121.50651,23
500113008,20231121,845,43,20,1,25.02594,121.50651,23
500113008,20231121,846,43,20,1,25.02594,121.50651,23
500113008,20231121,847,43,20,1,25.02594,121.50651,23
500113008,20231121,848,43,20,1,25.02594,121.50651,23
500113008,20231121,849,43,20,1,25.02594,121.50651,23
500113008,20231121,850,43,20,1,25.02594,121.50651,23
500113008,20231121,851,43,19,1,25.02594,121.50651,24
500113008,20231121,852,43,19,1,25.02594,121.50651,24
500113008,20231121,853,43,19,1,25.02594,121.50651,24
500113008,20231121,854,43,19,1,25.02594,121.50651,24
500113008,20231121,855,43,19,1,25.02594,121.50651,24
500113008,20231121,856,43,19,1,25.02594,121.50651,24
500113008,20231121,857,43,19,1,25.02594,121.50651,24
500113008,20231121,858,43,19,1,25.02594,121.50651,24
500113008,20231121,859,43,19,1,25.02594,121.50651,24
500113008,20231121,861,43,19,1,25.02594,121.50651,24
500113008,20231121,862,43,18,1,25.02594,121.50651,25
500113008,20231121,863,43,18,1,25.02594,121.50651,25
500113008,20231121,864,43,19,1,25.02594,121.50651,24
500113008,20231121,865,43,23,1,25.02594,121.50651,20
500113008,20231121,866,43,22,1,25.02594,121.50651,21
500113008,20231121,867,43,26,1,25.02594,121.50651,17
500113008,20231121,868,43,25,1,25.02594,121.50651,18
500113008,20231121,869,43,25,1,25.02594,121.50651,18
500113008,20231121,871,43,29,1,25.02594,121.50651,14
500113008,20231121,872,43,29,1,25.02594,121.50651,14
500113008,20231121,873,43,30,1,25.02594,121.50651,13
500113008,20231121,874,43,32,1,25.02594,121.50651,11
500113008,20231121,875,43,33,1,25.02594,121.50651,10
500113008,20231121,876,43,33,1,25.02594,121.50651,10
500113008,20231121,877,43,33,1,25.02594,121.50651,10
500113008,20231121,878,43,33,1,25.02594,121.50651,10
500113008,20231121,879,43,33,1,25.02594,121.50651,10
500113008,20231121,880,43,32,1,25.02594,121.50651,11
500113008,20231121,881,43,32,1,25.02594,121.50651,11
500113008,20231121,882,43,32,1,25.02594,121.50651,11
500113008,20231121,883,43,32,1,25.02594,121.50651,11
500113008,20231121,884,43,32,1,25.02594,121.50651,11
500113008,20231121,885,43,31,1,25.02594,121.50651,12
500113008,20231121,886,43,31,1,25.02594,121.50651,12
500113008,20231121,887,43,31,1,25.02594,121.50651,12
500113008,20231121,888,43,31,1,25.02594,121.50651,12
500113008,20231121,889,43,30,1,25.02594,121.50651,13
500113008,20231121,890,43,30,1,25.02594,121.50651,13
500113008,20231121,891,43,30,1,25.02594,121.50651,13
500113008,20231121,892,43,30,1,25.02594,121.50651,13
500113008,20231121,893,43,30,1,25.02594,121.50651,13
500113008,20231121,895,43,29,1,25.02594,121.50651,14
500113008,20231121,896,43,28,1,25.02594,121.50651,15
500113008,20231121,897,43,26,1,25.02594,121.50651,17
500113008,20231121,898,43,26,1,25.02594,121.50651,17
500113008,20231121,899,43,26,1,25.02594,121.50651,17
500113008,20231121,901,43,24,1,25.02594,121.50651,19
500113008,20231121,902,43,24,1,25.02594,121.50651,19
500113008,20231121,903,43,24,1,25.02594,121.50651,19
500113008,20231121,904,43,24,1,25.02594,121.50651,19
500113008,20231121,905,43,24,1,25.02594,121.50651,19
500113008,20231121,906,43,24,1,25.02594,121.50651,19
500113008,20231121,907,43,24,1,25.02594,121.50651,19
500113008,20231121,908,43,24,1,25.02594,121.50651,19
500113008,20231121,909,43,24,1,25.02594,121.50651,19
500113008,20231121,911,43,24,1,25.02594,121.50651,19
500113008,20231121,912,43,23,1,25.02594,121.50651,20
500113008,20231121,913,43,23,1,25.02594,121.50651,20
500113008,20231121,914,43,23,1,25.02594,121.50651,20
500113008,20231121,915,43,24,1,25.02594,121.50651,19
500113008,20231121,916,43,25,1,25.02594,121.50651,18
500113008,20231121,917,43,25,1,25.02594,121.50651,18
500113008,20231121,918,43,24,1,25.02594,121.50651,19
500113008,20231121,919,43,23,1,25.02594,121.50651,20
500113008,20231121,921,43,23,1,25.02594,121.50651,20
500113008,20231121,922,43,23,1,25.02594,121.50651,20
500113008,20231121,923,43,23,1,25.02594,121.50651,20
500113008,20231121,924,43,23,1,25.02594,121.50651,20
500113008,20231121,925,43,23,1,25.02594,121.50651,20
500113008,20231121,926,43,23,1,25.02594,121.50651,20
500113008,20231121,927,43,22,1,25.02594,121.50651,21
500113008,20231121,928,43,22,1,25.02594,121.50651,21
500113008,20231121,929,43,22,1,25.02594,121.50651,21
500113008,20231121,931,43,22,1,25.02594,121.50651,21
500113008,20231121,932,43,22,1,25.02594,121.50651,21
500113008,20231121,933,43,22,1,25.02594,121.50651,21
500113008,20231121,934,43,22,1,25.02594,121.50651,21
500113008,20231121,935,43,22,1,25.02594,121.50651,21
500113008,20231121,936,43,22,1,25.02594,121.50651,21
500113008,20231121,937,43,22,1,25.02594,121.50651,21
500113008,20231121,938,43,23,1,25.02594,121.50651,20
500113008,20231121,939,43,23,1,25.02594,121.50651,20
500113008,20231121,941,43,23,1,25.02594,121.50651,20
500113008,20231121,942,43,23,1,25.02594,121.50651,20
500113008,20231121,943,43,23,1,25.02594,121.50651,20
500113008,20231121,944,43,22,1,25.02594,121.50651,21
500113008,20231121,945,43,22,1,25.02594,121.50651,21
500113008,20231121,946,43,22,1,25.02594,121.50651,21
500113008,20231121,947,43,22,1,25.02594,121.50651,21
500113008,20231121,948,43,22,1,25.02594,121.50651,21
500113008,20231121,949,43,22,1,25.02594,121.50651,21
500113008,20231121,951,43,22,1,25.02594,121.50651,21
500113008,20231121,952,43,22,1,25.02594,121.50651,21
500113008,20231121,953,43,22,1,25.02594,121.50651,21
500113008,20231121,954,43,22,1,25.02594,121.50651,21
500113008,20231121,955,43,22,1,25.02594,121.50651,21
500113008,20231121,956,43,22,1,25.02594,121.50651,21
500113008,20231121,957,43,22,1,25.02594,121.50651,21
500113008,20231121,958,43,22,1,25.02594,121.50651,21
500113008,20231121,959,43,22,1,25.02594,121.50651,21
500113008,20231121,961,43,22,1,25.02594,121.50651,21
500113008,20231121,962,43,23,1,25.02594,121.50651,20
500113008,20231121,963,43,23,1,25.02594,121.50651,20
500113008,20231121,964,43,22,1,25.02594,121.50651,21
500113008,20231121,965,43,22,1,25.02594,121.50651,21
500113008,20231121,966,43,22,1,25.02594,121.50651,21
500113008,20231121,967,43,22,1,25.02594,121.50651,21
500113008,20231121,968,43,22,1,25.02594,121.50651,21
500113008,20231121,969,43,23,1,25.02594,121.50651,20
500113008,20231121,971,43,23,1,25.02594,121.50651,20
500113008,20231121,972,43,23,1,25.02594,121.50651,20
500113008,20231121,973,43,23,1,25.02594,121.50651,20
500113008,20231121,974,43,23,1,25.02594,121.50651,20
500113008,20231121,975,43,23,1,25.02594,121.50651,20
500113008,20231121,976,43,23,1,25.02594,121.50651,20
500113008,20231121,977,43,23,1,25.02594,121.50651,20
500113008,20231121,978,43,23,1,25.02594,121.50651,20
500113008,20231121,979,43,23,1,25.02594,121.50651,20
500113008,20231121,981,43,23,1,25.02594,121.50651,20
500113008,20231121,982,43,21,1,25.02594,121.50651,22
500113008,20231121,983,43,21,1,25.02594,121.50651,22
500113008,20231121,984,43,21,1,25.02594,121.50651,22
500113008,20231121,985,43,21,1,25.02594,121.50651,22
500113008,20231121,986,43,21,1,25.02594,121.50651,22
500113008,20231121,988,43,20,1,25.02594,121.50651,23
500113008,20231121,989,43,20,1,25.02594,121.50651,23
500113008,20231121,991,43,18,1,25.02594,121.50651,25
500113008,20231121,992,43,18,1,25.02594,121.50651,25
500113008,20231121,993,43,18,1,25.02594,121.50651,25
500113008,20231121,994,43,17,1,25.02594,121.50651,26
500113008,20231121,995,43,17,1,25.02594,121.50651,26
500113008,20231121,996,43,17,1,25.02594,121.50651,26
500113008,20231121,997,43,16,1,25.02594,121.50651,27
500113008,20231121,998,43,16,1,25.02594,121.50651,27
500113008,20231121,999,43,16,1,25.02594,121.50651,27
500113008,20231121,1000,43,16,1,25.02594,121.50651,27
500113008,20231121,1001,43,17,1,25.02594,121.50651,26
500113008,20231121,1002,43,17,1,25.02594,121.50651,26
500113008,20231121,1003,43,17,1,25.02594,121.50651,26
500113008,20231121,1004,43,17,1,25.02594,121.50651,26
500113008,20231121,1005,43,17,1,25.02594,121.50651,26
500113008,20231121,1006,43,17,1,25.02594,121.50651,26
500113008,20231121,1007,43,17,1,25.02594,121.50651,26
500113008,20231121,1008,43,17,1,25.02594,121.50651,26
500113008,20231121,1009,43,17,1,25.02594,121.50651,26
500113008,20231121,1010,43,15,1,25.02594,121.50651,28
500113008,20231121,1011,43,15,1,25.02594,121.50651,28
500113008,20231121,1012,43,15,1,25.02594,121.50651,28
500113008,20231121,1013,43,15,1,25.02594,121.50651,28
500113008,20231121,1014,43,15,1,25.02594,121.50651,28
500113008,20231121,1015,43,15,1,25.02594,121.50651,28
500113008,20231121,1016,43,14,1,25.02594,121.50651,29
500113008,20231121,1017,43,14,1,25.02594,121.50651,29
500113008,20231121,1018,43,15,1,25.02594,121.50651,28
500113008,20231121,1019,43,15,1,25.02594,121.50651,28
500113008,20231121,1021,43,15,1,25.02594,121.50651,28
500113008,20231121,1022,43,13,1,25.02594,121.50651,30
500113008,20231121,1023,43,13,1,25.02594,121.50651,30
500113008,20231121,1024,43,13,1,25.02594,121.50651,30
500113008,20231121,1025,43,13,1,25.02594,121.50651,30
500113008,20231121,1026,43,12,1,25.02594,121.50651,31
500113008,20231121,1027,43,11,1,25.02594,121.50651,32
500113008,20231121,1028,43,8,1,25.02594,121.50651,35
500113008,20231121,1029,43,7,1,25.02594,121.50651,36
500113008,20231121,1030,43,6,1,25.02594,121.50651,37
500113008,20231121,1031,43,6,1,25.02594,121.50651,37
500113008,20231121,1032,43,6,1,25.02594,121.50651,37
500113008,20231121,1033,43,10,1,25.02594,121.50651,33
500113008,20231121,1034,43,10,1,25.02594,121.50651,33
500113008,20231121,1035,43,10,1,25.02594,121.50651,33
500113008,20231121,1036,43,13,1,25.02594,121.50651,30
500113008,20231121,1037,43,13,1,25.02594,121.50651,30
500113008,20231121,1038,43,16,1,25.02594,121.50651,27
500113008,20231121,1039,43,18,1,25.02594,121.50651,25
500113008,20231121,1041,43,20,1,25.02594,121.50651,23
500113008,20231121,1042,43,20,1,25.02594,121.50651,23
500113008,20231121,1043,43,20,1,25.02594,121.50651,23
500113008,20231121,1044,43,19,1,25.02594,121.50651,24
500113008,20231121,1045,43,20,1,25.02594,121.50651,23
500113008,20231121,1046,43,20,1,25.02594,121.50651,23
500113008,20231121,1047,43,20,1,25.02594,121.50651,23
500113008,20231121,1048,43,20,1,25.02594,121.50651,23
500113008,20231121,1049,43,20,1,25.02594,121.50651,23
500113008,20231121,1051,43,19,1,25.02594,121.50651,24
500113008,20231121,1052,43,19,1,25.02594,121.50651,24
500113008,20231121,1053,43,20,1,25.02594,121.50651,23
500113008,20231121,1054,43,20,1,25.02594,121.50651,23
500113008,20231121,1055,43,19,1,25.02594,121.50651,24
500113008,20231121,1056,43,19,1,25.02594,121.50651,24
500113008,20231121,1057,43,19,1,25.02594,121.50651,24
500113008,20231121,1058,43,19,1,25.02594,121.50651,24
500113008,20231121,1059,43,19,1,25.02594,121.50651,24
500113008,20231121,1060,43,19,1,25.02594,121.50651,24
500113008,20231121,1061,43,19,1,25.02594,121.50651,24
500113008,20231121,1062,43,19,1,25.02594,121.50651,24
500113008,20231121,1063,43,19,1,25.02594,121.50651,24
500113008,20231121,1064,43,19,1,25.02594,121.50651,24
500113008,20231121,1066,43,19,1,25.02594,121.50651,24
500113008,20231121,1067,43,19,1,25.02594,121.50651,24
500113008,20231121,1068,43,18,1,25.02594,121.50651,25
500113008,20231121,1069,43,18,1,25.02594,121.50651,25
500113008,20231121,1071,43,18,1,25.02594,121.50651,25
500113008,20231121,1072,43,17,1,25.02594,121.50651,26
500113008,20231121,1073,43,16,1,25.02594,121.50651,27
500113008,20231121,1074,43,16,1,25.02594,121.50651,27
500113008,20231121,1075,43,16,1,25.02594,121.50651,27
500113008,20231121,1076,43,15,1,25.02594,121.50651,28
500113008,20231121,1077,43,15,1,25.02594,121.50651,28
500113008,20231121,1078,43,15,1,25.02594,121.50651,28
500113008,20231121,1079,43,16,1,25.02594,121.50651,27
500113008,20231121,1081,43,15,1,25.02594,121.50651,28
500113008,20231121,1082,43,16,1,25.02594,121.50651,27
500113008,20231121,1083,43,16,1,25.02594,121.50651,27
500113008,20231121,1084,43,16,1,25.02594,121.50651,27
500113008,20231121,1085,43,15,1,25.02594,121.50651,28
500113008,20231121,1086,43,17,1,25.02594,121.50651,26
500113008,20231121,1087,43,17,1,25.02594,121.50651,26
500113008,20231121,1088,43,17,1,25.02594,121.50651,26
500113008,20231121,1089,43,18,1,25.02594,121.50651,25
500113008,20231121,1091,43,20,1,25.02594,121.50651,23
500113008,20231121,1092,43,18,1,25.02594,121.50651,25
500113008,20231121,1093,43,19,1,25.02594,121.50651,24
500113008,20231121,1094,43,19,1,25.02594,121.50651,24
500113008,20231121,1095,43,17,1,25.02594,121.50651,26
500113008,20231121,1096,43,16,1,25.02594,121.50651,27
500113008,20231121,1097,43,16,1,25.02594,121.50651,27
500113008,20231121,1098,43,18,1,25.02594,121.50651,25
500113008,20231121,1099,43,19,1,25.02594,121.50651,24
500113008,20231121,1101,43,18,1,25.02594,121.50651,25
500113008,20231121,1102,43,18,1,25.02594,121.50651,25
500113008,20231121,1103,43,16,1,25.02594,121.50651,27
500113008,20231121,1104,43,16,1,25.02594,121.50651,27
500113008,20231121,1105,43,15,1,25.02594,121.50651,28
500113008,20231121,1106,43,15,1,25.02594,121.50651,28
500113008,20231121,1107,43,15,1,25.02594,121.50651,28
500113008,20231121,1108,43,15,1,25.02594,121.50651,28
500113008,20231121,1109,43,17,1,25.02594,121.50651,26
500113008,20231121,1111,43,17,1,25.02594,121.50651,26
500113008,20231121,1112,43,15,1,25.02594,121.50651,28
500113008,20231121,1113,43,15,1,25.02594,121.50651,28
500113008,20231121,1114,43,15,1,25.02594,121.50651,28
500113008,20231121,1115,43,15,1,25.02594,121.50651,28
500113008,20231121,1116,43,14,1,25.02594,121.50651,29
500113008,20231121,1117,43,14,1,25.02594,121.50651,29
500113008,20231121,1118,43,15,1,25.02594,121.50651,28
500113008,20231121,1119,43,15,1,25.02594,121.50651,28
500113008,20231121,1121,43,13,1,25.02594,121.50651,30
500113008,20231121,1122,43,13,1,25.02594,121.50651,30
500113008,20231121,1123,43,12,1,25.02594,121.50651,31
500113008,20231121,1124,43,12,1,25.02594,121.50651,31
500113008,20231121,1125,43,12,1,25.02594,121.50651,31
500113008,20231121,1126,43,12,1,25.02594,121.50651,31
500113008,20231121,1127,43,12,1,25.02594,121.50651,31
500113008,20231121,1128,43,13,1,25.02594,121.50651,30
500113008,20231121,1129,43,13,1,25.02594,121.50651,30
500113008,20231121,1131,43,12,1,25.02594,121.50651,31
500113008,20231121,1132,43,12,1,25.02594,121.50651,31
500113008,20231121,1133,43,12,1,25.02594,121.50651,31
500113008,20231121,1134,43,12,1,25.02594,121.50651,31
500113008,20231121,1135,43,12,1,25.02594,121.50651,31
500113008,20231121,1136,43,13,1,25.02594,121.50651,30
500113008,20231121,1137,43,12,1,25.02594,121.50651,31
500113008,20231121,1138,43,12,1,25.02594,121.50651,31
500113008,20231121,1139,43,12,1,25.02594,121.50651,31
500113008,20231121,1141,43,13,1,25.02594,121.50651,30
500113008,20231121,1142,43,13,1,25.02594,121.50651,30
500113008,20231121,1143,43,13,1,25.02594,121.50651,30
500113008,20231121,1144,43,12,1,25.02594,121.50651,31
500113008,20231121,1145,43,12,1,25.02594,121.50651,31
500113008,20231121,1146,43,12,1,25.02594,121.50651,31
500113008,20231121,1147,43,12,1,25.02594,121.50651,31
500113008,20231121,1148,43,12,1,25.02594,121.50651,31
500113008,20231121,1149,43,12,1,25.02594,121.50651,31
500113008,20231121,1151,43,10,1,25.02594,121.50651,33
500113008,20231121,1152,43,10,1,25.02594,121.50651,33
500113008,20231121,1153,43,10,1,25.02594,121.50651,33
500113008,20231121,1154,43,10,1,25.02594,121.50651,33
500113008,20231121,1155,43,10,1,25.02594,121.50651,33
500113008,20231121,1156,43,10,1,25.02594,121.50651,33
500113008,20231121,1157,43,10,1,25.02594,121.50651,33
500113008,20231121,1158,43,9,1,25.02594,121.50651,34
500113008,20231121,1159,43,8,1,25.02594,121.50651,35
500113008,20231121,1161,43,8,1,25.02594,121.50651,35
500113008,20231121,1162,43,8,1,25.02594,121.50651,35
500113008,20231121,1163,43,9,1,25.02594,121.50651,34
500113008,20231121,1164,43,9,1,25.02594,121.50651,34
500113008,20231121,1165,43,9,1,25.02594,121.50651,34
500113008,20231121,1166,43,9,1,25.02594,121.50651,34
500113008,20231121,1167,43,8,1,25.02594,121.50651,35
500113008,20231121,1168,43,9,1,25.02594,121.50651,34
500113008,20231121,1169,43,10,1,25.02594,121.50651,33
500113008,20231121,1171,43,8,1,25.02594,121.50651,35
500113008,20231121,1172,43,8,1,25.02594,121.50651,35
500113008,20231121,1173,43,8,1,25.02594,121.50651,35
500113008,20231121,1174,43,7,1,25.02594,121.50651,36
500113008,20231121,1175,43,7,1,25.02594,121.50651,36
500113008,20231121,1176,43,7,1,25.02594,121.50651,36
500113008,20231121,1177,43,7,1,25.02594,121.50651,36
500113008,20231121,1178,43,7,1,25.02594,121.50651,36
500113008,20231121,1179,43,6,1,25.02594,121.50651,37
500113008,20231121,1181,43,6,1,25.02594,121.50651,37
500113008,20231121,1182,43,6,1,25.02594,121.50651,37
500113008,20231121,1183,43,5,1,25.02594,121.50651,38
500113008,20231121,1184,43,5,1,25.02594,121.50651,38
500113008,20231121,1185,43,4,1,25.02594,121.50651,39
500113008,20231121,1186,43,3,1,25.02594,121.50651,40
500113008,20231121,1187,43,4,1,25.02594,121.50651,39
500113008,20231121,1188,43,4,1,25.02594,121.50651,39
500113008,20231121,1189,43,4,1,25.02594,121.50651,39
500113008,20231121,1190,43,3,1,25.02594,121.50651,40
500113008,20231121,1191,43,3,1,25.02594,121.50651,40
500113008,20231121,1192,43,3,1,25.02594,121.50651,40
500113008,20231121,1193,43,3,1,25.02594,121.50651,40
500113008,20231121,1194,43,3,1,25.02594,121.50651,40
500113008,20231121,1195,43,3,1,25.02594,121.50651,40
500113008,20231121,1196,43,3,1,25.02594,121.50651,40
500113008,20231121,1197,43,3,1,25.02594,121.50651,40
500113008,20231121,1198,43,2,1,25.02594,121.50651,41
500113008,20231121,1199,43,2,1,25.02594,121.50651,41
500113008,20231121,1201,43,2,1,25.02594,121.50651,41
500113008,20231121,1202,43,2,1,25.02594,121.50651,41
500113008,20231121,1203,43,2,1,25.02594,121.50651,41
500113008,20231121,1204,43,1,1,25.02594,121.50651,42
500113008,20231121,1207,43,0,1,25.02594,121.50651,43
500113008,20231121,1208,43,1,1,25.02594,121.50651,42
500113008,20231121,1209,43,1,1,25.02594,121.50651,42
500113008,20231121,1210,43,1,1,25.02594,121.50651,42
500113008,20231121,1211,43,1,1,25.02594,121.50651,42
500113008,20231121,1212,43,1,1,25.02594,121.50651,42
500113008,20231121,1213,43,1,1,25.02594,121.50651,42
500113008,20231121,1214,43,1,1,25.02594,121.50651,42
500113008,20231121,1215,43,1,1,25.02594,121.50651,42
500113008,20231121,1216,43,1,1,25.02594,121.50651,42
500113008,20231121,1217,43,1,1,25.02594,121.50651,42
500113008,20231121,1218,43,1,1,25.02594,121.50651,42
500113008,20231121,1219,43,1,1,25.02594,121.50651,42
500113008,20231121,1221,43,1,1,25.02594,121.50651,42
500113008,20231121,1222,43,1,1,25.02594,121.50651,42
500113008,20231121,1223,43,2,1,25.02594,121.50651,41
500113008,20231121,1224,43,2,1,25.02594,121.50651,41
500113008,20231121,1225,43,1,1,25.02594,121.50651,42
500113008,20231121,1226,43,1,1,25.02594,121.50651,42
500113008,20231121,1227,43,0,1,25.02594,121.50651,43
500113008,20231121,1228,43,0,1,25.02594,121.50651,43
500113008,20231121,1229,43,0,1,25.02594,121.50651,43
500113008,20231121,1231,43,0,1,25.02594,121.50651,43
500113008,20231121,1232,43,0,1,25.02594,121.50651,43
500113008,20231121,1234,43,1,1,25.02594,121.50651,42
500113008,20231121,1235,43,1,1,25.02594,121.50651,42
500113008,20231121,1236,43,1,1,25.02594,121.50651,42
500113008,20231121,1237,43,1,1,25.02594,121.50651,42
500113008,20231121,1238,43,1,1,25.02594,121.50651,42
500113008,20231121,1239,43,1,1,25.02594,121.50651,42
500113008,20231121,1240,43,1,1,25.02594,121.50651,42
500113008,20231121,1241,43,1,1,25.02594,121.50651,42
500113008,20231121,1242,43,1,1,25.02594,121.50651,42
500113008,20231121,1243,43,0,1,25.02594,121.50651,43
500113008,20231121,1244,43,0,1,25.02594,121.50651,43
500113008,20231121,1245,43,0,1,25.02594,121.50651,43
500113008,20231121,1246,43,0,1,25.02594,121.50651,43
500113008,20231121,1247,43,0,1,25.02594,121.50651,43
500113008,20231121,1248,43,0,1,25.02594,121.50651,43
500113008,20231121,1249,43,1,1,25.02594,121.50651,42
500113008,20231121,1250,43,0,1,25.02594,121.50651,43
500113008,20231121,1251,43,0,1,25.02594,121.50651,43
500113008,20231121,1259,43,3,1,25.02594,121.50651,40
500113008,20231121,1329,43,0,1,25.02594,121.50651,43
500113008,20231121,1332,43,0,1,25.02594,121.50651,43
500113008,20231121,1333,43,0,1,25.02594,121.50651,43
500113008,20231121,1334,43,0,1,25.02594,121.50651,43
500113008,20231121,1335,43,0,1,25.02594,121.50651,43
500113008,20231121,1336,43,0,1,25.02594,121.50651,43
500113008,20231121,1337,43,0,1,25.02594,121.50651,43
500113008,20231121,1339,43,0,1,25.02594,121.50651,43
500113008,20231121,1342,43,1,1,25.02594,121.50651,42
500113008,20231121,1343,43,2,1,25.02594,121.50651,41
500113008,20231121,1344,43,2,1,25.02594,121.50651,41
500113008,20231121,1345,43,3,1,25.02594,121.50651,40
500113008,20231121,1347,43,2,1,25.02594,121.50651,41
500113008,20231121,1348,43,2,1,25.02594,121.50651,41
500113008,20231121,1349,43,2,1,25.02594,121.50651,41
500113008,20231121,1351,43,2,1,25.02594,121.50651,41
500113008,20231121,1352,43,2,1,25.02594,121.50651,41
500113008,20231121,1353,43,2,1,25.02594,121.50651,41
500113008,20231121,1355,43,3,1,25.02594,121.50651,40
500113008,20231121,1356,43,3,1,25.02594,121.50651,40
500113008,20231121,1357,43,3,1,25.02594,121.50651,40
500113008,20231121,1358,43,3,1,25.02594,121.50651,40
500113008,20231121,1359,43,3,1,25.02594,121.50651,40
500113008,20231121,1360,43,3,1,25.02594,121.50651,40
500113008,20231121,1362,43,3,1,25.02594,121.50651,40
500113008,20231121,1363,43,3,1,25.02594,121.50651,40
500113008,20231121,1364,43,3,1,25.02594,121.50651,40
500113008,20231121,1366,43,3,1,25.02594,121.50651,40
500113008,20231121,1367,43,3,1,25.02594,121.50651,40
500113008,20231121,1368,43,3,1,25.02594,121.50651,40
500113008,20231121,1369,43,3,1,25.02594,121.50651,40
500113008,20231121,1371,43,3,1,25.02594,121.50651,40
500113008,20231121,1373,43,4,1,25.02594,121.50651,39
500113008,20231121,1374,43,4,1,25.02594,121.50651,39
500113008,20231121,1375,43,4,1,25.02594,121.50651,39
500113008,20231121,1376,43,4,1,25.02594,121.50651,39
500113008,20231121,1377,43,4,1,25.02594,121.50651,39
500113008,20231121,1378,43,4,1,25.02594,121.50651,39
500113008,20231121,1379,43,4,1,25.02594,121.50651,39
500113008,20231121,1381,43,4,1,25.02594,121.50651,39
500113008,20231121,1382,43,4,1,25.02594,121.50651,39
500113008,20231121,1383,43,4,1,25.02594,121.50651,39
500113008,20231121,1385,43,3,1,25.02594,121.50651,40
500113008,20231121,1386,43,3,1,25.02594,121.50651,40
500113008,20231121,1388,43,3,1,25.02594,121.50651,40
500113008,20231121,1389,43,3,1,25.02594,121.50651,40
500113008,20231121,1391,43,2,1,25.02594,121.50651,41
500113008,20231121,1392,43,2,1,25.02594,121.50651,41
500113008,20231121,1393,43,2,1,25.02594,121.50651,41
500113008,20231121,1394,43,2,1,25.02594,121.50651,41
500113008,20231121,1395,43,2,1,25.02594,121.50651,41
500113008,20231121,1396,43,2,1,25.02594,121.50651,41
500113008,20231121,1397,43,1,1,25.02594,121.50651,42
500113008,20231121,1398,43,1,1,25.02594,121.50651,42
500113008,20231121,1399,43,1,1,25.02594,121.50651,42
500113008,20231121,1401,43,1,1,25.02594,121.50651,42
500113008,20231121,1402,43,1,1,25.02594,121.50651,42
500113008,20231121,1403,43,1,1,25.02594,121.50651,42
500113008,20231121,1404,43,1,1,25.02594,121.50651,42
500113008,20231121,1405,43,1,1,25.02594,121.50651,42
500113008,20231121,1406,43,1,1,25.02594,121.50651,42
500113008,20231121,1407,43,1,1,25.02594,121.50651,42
500113008,20231121,1408,43,1,1,25.02594,121.50651,42
500113008,20231121,1409,43,1,1,25.02594,121.50651,42
500113008,20231121,1411,43,1,1,25.02594,121.50651,42
500113008,20231121,1413,43,1,1,25.02594,121.50651,42
500113008,20231121,1415,43,1,1,25.02594,121.50651,42
500113008,20231121,1416,43,1,1,25.02594,121.50651,42
500113008,20231121,1418,43,1,1,25.02594,121.50651,42
500113008,20231121,1419,43,1,1,25.02594,121.50651,42
500113008,20231121,1421,43,0,1,25.02594,121.50651,43
500113008,20231121,1422,43,0,1,25.02594,121.50651,43
500113008,20231121,1423,43,0,1,25.02594,121.50651,43
500113008,20231121,1424,43,0,1,25.02594,121.50651,43
500113008,20231121,1425,43,0,1,25.02594,121.50651,43
500113008,20231121,1426,43,0,1,25.02594,121.50651,43
500113008,20231121,1428,43,0,1,25.02594,121.50651,43
500113008,20231121,1429,43,0,1,25.02594,121.50651,43
500113008,20231121,1431,43,0,1,25.02594,121.50651,43
500113008,20231121,1432,43,0,1,25.02594,121.50651,43
500113008,20231121,1433,43,0,1,25.02594,121.50651,43
500113008,20231121,1434,43,0,1,25.02594,121.50651,43
500113008,20231121,1435,43,0,1,25.02594,121.50651,43
500113008,20231121,1436,43,0,1,25.02594,121.50651,43
500113008,20231121,1437,43,0,1,25.02594,121.50651,43
500113008,20231121,1438,43,1,1,25.02594,121.50651,42
500113008,20231121,1439,43,1,1,25.02594,121.50651,42
500113008,20231122,0,43,1,1,25.02594,121.50651,42
500113008,20231122,1,43,1,1,25.02594,121.50651,42
500113008,20231122,2,43,1,1,25.02594,121.50651,42
500113008,20231122,3,43,1,1,25.02594,121.50651,42
500113008,20231122,4,43,1,1,25.02594,121.50651,42
500113008,20231122,5,43,1,1,25.02594,121.50651,42
500113008,20231122,6,43,1,1,25.02594,121.50651,42
500113008,20231122,7,43,0,1,25.02594,121.50651,43
500113008,20231122,8,43,0,1,25.02594,121.50651,43
500113008,20231122,9,43,0,1,25.02594,121.50651,43
500113008,20231122,10,43,0,1,25.02594,121.50651,43
500113008,20231122,11,43,0,1,25.02594,121.50651,43
500113008,20231122,12,43,0,1,25.02594,121.50651,43
500113008,20231122,13,43,0,1,25.02594,121.50651,43
500113008,20231122,14,43,0,1,25.02594,121.50651,43
500113008,20231122,15,43,0,1,25.02594,121.50651,43
500113008,20231122,16,43,0,1,25.02594,121.50651,43
500113008,20231122,17,43,0,1,25.02594,121.50651,43
500113008,20231122,18,43,0,1,25.02594,121.50651,43
500113008,20231122,19,43,0,1,25.02594,121.50651,43
500113008,20231122,21,43,0,1,25.02594,121.50651,43
500113008,20231122,22,43,0,1,25.02594,121.50651,43
500113008,20231122,23,43,0,1,25.02594,121.50651,43
500113008,20231122,24,43,0,1,25.02594,121.50651,43
500113008,20231122,25,43,0,1,25.02594,121.50651,43
500113008,20231122,26,43,0,1,25.02594,121.50651,43
500113008,20231122,27,43,1,1,25.02594,121.50651,42
500113008,20231122,28,43,1,1,25.02594,121.50651,42
500113008,20231122,29,43,1,1,25.02594,121.50651,42
500113008,20231122,30,43,1,1,25.02594,121.50651,42
500113008,20231122,31,43,1,1,25.02594,121.50651,42
500113008,20231122,32,43,1,1,25.02594,121.50651,42
500113008,20231122,33,43,1,1,25.02594,121.50651,42
500113008,20231122,34,43,1,1,25.02594,121.50651,42
500113008,20231122,35,43,1,1,25.02594,121.50651,42
500113008,20231122,36,43,1,1,25.02594,121.50651,42
500113008,20231122,37,43,1,1,25.02594,121.50651,42
500113008,20231122,38,43,1,1,25.02594,121.50651,42
500113008,20231122,39,43,1,1,25.02594,121.50651,42
500113008,20231122,40,43,1,1,25.02594,121.50651,42
500113008,20231122,41,43,5,1,25.02594,121.50651,38
500113008,20231122,42,43,7,1,25.02594,121.50651,36
500113008,20231122,43,43,9,1,25.02594,121.50651,34
500113008,20231122,44,43,9,1,25.02594,121.50651,34
500113008,20231122,45,43,9,1,25.02594,121.50651,34
500113008,20231122,46,43,9,1,25.02594,121.50651,34
500113008,20231122,47,43,9,1,25.02594,121.50651,34
500113008,20231122,48,43,9,1,25.02594,121.50651,34
500113008,20231122,49,43,9,1,25.02594,121.50651,34
500113008,20231122,50,43,9,1,25.02594,121.50651,34
500113008,20231122,51,43,9,1,25.02594,121.50651,34
500113008,20231122,52,43,7,1,25.02594,121.50651,36
500113008,20231122,53,43,7,1,25.02594,121.50651,36
500113008,20231122,54,43,7,1,25.02594,121.50651,36
500113008,20231122,55,43,7,1,25.02594,121.50651,36
500113008,20231122,56,43,7,1,25.02594,121.50651,36
500113008,20231122,57,43,7,1,25.02594,121.50651,36
500113008,20231122,58,43,7,1,25.02594,121.50651,36
500113008,20231122,59,43,7,1,25.02594,121.50651,36
500113008,20231122,60,43,7,1,25.02594,121.50651,36
500113008,20231122,61,43,7,1,25.02594,121.50651,36
500113008,20231122,62,43,7,1,25.02594,121.50651,36
500113008,20231122,63,43,7,1,25.02594,121.50651,36
500113008,20231122,64,43,7,1,25.02594,121.50651,36
500113008,20231122,65,43,7,1,25.02594,121.50651,36
500113008,20231122,66,43,7,1,25.02594,121.50651,36
500113008,20231122,67,43,7,1,25.02594,121.50651,36
500113008,20231122,68,43,7,1,25.02594,121.50651,36
500113008,20231122,69,43,7,1,25.02594,121.50651,36
500113008,20231122,70,43,7,1,25.02594,121.50651,36
500113008,20231122,71,43,7,1,25.02594,121.50651,36
500113008,20231122,72,43,7,1,25.02594,121.50651,36
500113008,20231122,73,43,7,1,25.02594,121.50651,36
500113008,20231122,74,43,7,1,25.02594,121.50651,36
500113008,20231122,75,43,7,1,25.02594,121.50651,36
500113008,20231122,76,43,7,1,25.02594,121.50651,36
500113008,20231122,77,43,7,1,25.02594,121.50651,36
500113008,20231122,78,43,7,1,25.02594,121.50651,36
500113008,20231122,79,43,7,1,25.02594,121.50651,36
500113008,20231122,81,43,7,1,25.02594,121.50651,36
500113008,20231122,82,43,7,1,25.02594,121.50651,36
500113008,20231122,83,43,7,1,25.02594,121.50651,36
500113008,20231122,84,43,7,1,25.02594,121.50651,36
500113008,20231122,85,43,7,1,25.02594,121.50651,36
500113008,20231122,86,43,7,1,25.02594,121.50651,36
500113008,20231122,87,43,7,1,25.02594,121.50651,36
500113008,20231122,88,43,7,1,25.02594,121.50651,36
500113008,20231122,89,43,7,1,25.02594,121.50651,36
500113008,20231122,90,43,7,1,25.02594,121.50651,36
500113008,20231122,91,43,7,1,25.02594,121.50651,36
500113008,20231122,92,43,7,1,25.02594,121.50651,36
500113008,20231122,93,43,7,1,25.02594,121.50651,36
500113008,20231122,94,43,7,1,25.02594,121.50651,36
500113008,20231122,95,43,7,1,25.02594,121.50651,36
500113008,20231122,96,43,7,1,25.02594,121.50651,36
500113008,20231122,97,43,7,1,25.02594,121.50651,36
500113008,20231122,98,43,7,1,25.02594,121.50651,36
500113008,20231122,99,43,7,1,25.02594,121.50651,36
500113008,20231122,100,43,7,1,25.02594,121.50651,36
500113008,20231122,101,43,7,1,25.02594,121.50651,36
500113008,20231122,102,43,7,1,25.02594,121.50651,36
500113008,20231122,103,43,7,1,25.02594,121.50651,36
500113008,20231122,104,43,7,1,25.02594,121.50651,36
500113008,20231122,105,43,6,1,25.02594,121.50651,37
500113008,20231122,106,43,6,1,25.02594,121.50651,37
500113008,20231122,107,43,6,1,25.02594,121.50651,37
500113008,20231122,108,43,6,1,25.02594,121.50651,37
500113008,20231122,109,43,6,1,25.02594,121.50651,37
500113008,20231122,110,43,6,1,25.02594,121.50651,37
500113008,20231122,111,43,6,1,25.02594,121.50651,37
500113008,20231122,112,43,6,1,25.02594,121.50651,37
500113008,20231122,113,43,6,1,25.02594,121.50651,37
500113008,20231122,114,43,6,1,25.02594,121.50651,37
500113008,20231122,115,43,6,1,25.02594,121.50651,37
500113008,20231122,116,43,6,1,25.02594,121.50651,37
500113008,20231122,117,43,6,1,25.02594,121.50651,37
500113008,20231122,118,43,6,1,25.02594,121.50651,37
500113008,20231122,119,43,5,1,25.02594,121.50651,38
500113008,20231122,121,43,4,1,25.02594,121.50651,39
500113008,20231122,122,43,4,1,25.02594,121.50651,39
500113008,20231122,123,43,4,1,25.02594,121.50651,39
500113008,20231122,125,43,4,1,25.02594,121.50651,39
500113008,20231122,126,43,4,1,25.02594,121.50651,39
500113008,20231122,127,43,4,1,25.02594,121.50651,39
500113008,20231122,129,43,4,1,25.02594,121.50651,39
500113008,20231122,131,43,4,1,25.02594,121.50651,39
500113008,20231122,132,43,4,1,25.02594,121.50651,39
500113008,20231122,133,43,4,1,25.02594,121.50651,39
500113008,20231122,135,43,4,1,25.02594,121.50651,39
500113008,20231122,136,43,4,1,25.02594,121.50651,39
500113008,20231122,138,43,4,1,25.02594,121.50651,39
500113008,20231122,139,43,4,1,25.02594,121.50651,39
500113008,20231122,141,43,4,1,25.02594,121.50651,39
500113008,20231122,142,43,4,1,25.02594,121.50651,39
500113008,20231122,143,43,4,1,25.02594,121.50651,39
500113008,20231122,144,43,4,1,25.02594,121.50651,39
500113008,20231122,145,43,4,1,25.02594,121.50651,39
500113008,20231122,146,43,4,1,25.02594,121.50651,39
500113008,20231122,147,43,4,1,25.02594,121.50651,39
500113008,20231122,148,43,4,1,25.02594,121.50651,39
500113008,20231122,149,43,4,1,25.02594,121.50651,39
500113008,20231122,150,43,4,1,25.02594,121.50651,39
500113008,20231122,152,43,4,1,25.02594,121.50651,39
500113008,20231122,153,43,4,1,25.02594,121.50651,39
500113008,20231122,154,43,4,1,25.02594,121.50651,39
500113008,20231122,155,43,4,1,25.02594,121.50651,39
500113008,20231122,156,43,4,1,25.02594,121.50651,39
500113008,20231122,157,43,4,1,25.02594,121.50651,39
500113008,20231122,158,43,4,1,25.02594,121.50651,39
500113008,20231122,159,43,4,1,25.02594,121.50651,39
500113008,20231122,161,43,4,1,25.02594,121.50651,39
500113008,20231122,162,43,4,1,25.02594,121.50651,39
500113008,20231122,163,43,4,1,25.02594,121.50651,39
500113008,20231122,164,43,4,1,25.02594,121.50651,39
500113008,20231122,165,43,4,1,25.02594,121.50651,39
500113008,20231122,167,43,4,1,25.02594,121.50651,39
500113008,20231122,168,43,4,1,25.02594,121.50651,39
500113008,20231122,169,43,4,1,25.02594,121.50651,39
500113008,20231122,171,43,4,1,25.02594,121.50651,39
500113008,20231122,173,43,4,1,25.02594,121.50651,39
500113008,20231122,174,43,4,1,25.02594,121.50651,39
500113008,20231122,175,43,4,1,25.02594,121.50651,39
500113008,20231122,176,43,4,1,25.02594,121.50651,39
500113008,20231122,177,43,4,1,25.02594,121.50651,39
500113008,20231122,178,43,4,1,25.02594,121.50651,39
500113008,20231122,179,43,4,1,25.02594,121.50651,39
500113008,20231122,181,43,8,1,25.02594,121.50651,35
500113008,20231122,183,43,8,1,25.02594,121.50651,35
500113008,20231122,184,43,12,1,25.02594,121.50651,31
500113008,20231122,185,43,12,1,25.02594,121.50651,31
500113008,20231122,186,43,14,1,25.02594,121.50651,29
500113008,20231122,187,43,14,1,25.02594,121.50651,29
500113008,20231122,188,43,11,1,25.02594,121.50651,32
500113008,20231122,189,43,7,1,25.02594,121.50651,36
500113008,20231122,191,43,4,1,25.02594,121.50651,39
500113008,20231122,192,43,4,1,25.02594,121.50651,39
500113008,20231122,193,43,4,1,25.02594,121.50651,39
500113008,20231122,194,43,4,1,25.02594,121.50651,39
500113008,20231122,195,43,3,1,25.02594,121.50651,40
500113008,20231122,196,43,3,1,25.02594,121.50651,40
500113008,20231122,197,43,3,1,25.02594,121.50651,40
500113008,20231122,198,43,3,1,25.02594,121.50651,40
500113008,20231122,199,43,3,1,25.02594,121.50651,40
500113008,20231122,201,43,3,1,25.02594,121.50651,40
500113008,20231122,202,43,4,1,25.02594,121.50651,39
500113008,20231122,203,43,4,1,25.02594,121.50651,39
500113008,20231122,204,43,4,1,25.02594,121.50651,39
500113008,20231122,205,43,4,1,25.02594,121.50651,39
500113008,20231122,206,43,4,1,25.02594,121.50651,39
500113008,20231122,207,43,4,1,25.02594,121.50651,39
500113008,20231122,208,43,4,1,25.02594,121.50651,39
500113008,20231122,209,43,4,1,25.02594,121.50651,39
500113008,20231122,211,43,4,1,25.02594,121.50651,39
500113008,20231122,212,43,4,1,25.02594,121.50651,39
500113008,20231122,213,43,4,1,25.02594,121.50651,39
500113008,20231122,214,43,4,1,25.02594,121.50651,39
500113008,20231122,215,43,4,1,25.02594,121.50651,39
500113008,20231122,216,43,4,1,25.02594,121.50651,39
500113008,20231122,217,43,4,1,25.02594,121.50651,39
500113008,20231122,218,43,4,1,25.02594,121.50651,39
500113008,20231122,219,43,4,1,25.02594,121.50651,39
500113008,20231122,220,43,4,1,25.02594,121.50651,39
500113008,20231122,221,43,4,1,25.02594,121.50651,39
500113008,20231122,222,43,4,1,25.02594,121.50651,39
500113008,20231122,223,43,4,1,25.02594,121.50651,39
500113008,20231122,224,43,4,1,25.02594,121.50651,39
500113008,20231122,225,43,4,1,25.02594,121.50651,39
500113008,20231122,226,43,4,1,25.02594,121.50651,39
500113008,20231122,227,43,4,1,25.02594,121.50651,39
500113008,20231122,228,43,4,1,25.02594,121.50651,39
500113008,20231122,229,43,4,1,25.02594,121.50651,39
500113008,20231122,230,43,4,1,25.02594,121.50651,39
500113008,20231122,231,43,4,1,25.02594,121.50651,39
500113008,20231122,232,43,4,1,25.02594,121.50651,39
500113008,20231122,233,43,4,1,25.02594,121.50651,39
500113008,20231122,234,43,4,1,25.02594,121.50651,39
500113008,20231122,235,43,4,1,25.02594,121.50651,39
500113008,20231122,236,43,4,1,25.02594,121.50651,39
500113008,20231122,237,43,4,1,25.02594,121.50651,39
500113008,20231122,238,43,4,1,25.02594,121.50651,39
500113008,20231122,239,43,4,1,25.02594,121.50651,39
500113008,20231122,240,43,4,1,25.02594,121.50651,39
500113008,20231122,241,43,4,1,25.02594,121.50651,39
500113008,20231122,242,43,4,1,25.02594,121.50651,39
500113008,20231122,243,43,4,1,25.02594,121.50651,39
500113008,20231122,244,43,4,1,25.02594,121.50651,39
500113008,20231122,245,43,4,1,25.02594,121.50651,39
500113008,20231122,246,43,4,1,25.02594,121.50651,39
500113008,20231122,247,43,4,1,25.02594,121.50651,39
500113008,20231122,248,43,4,1,25.02594,121.50651,39
500113008,20231122,249,43,4,1,25.02594,121.50651,39
500113008,20231122,250,43,4,1,25.02594,121.50651,39
500113008,20231122,251,43,4,1,25.02594,121.50651,39
500113008,20231122,252,43,4,1,25.02594,121.50651,39
500113008,20231122,253,43,4,1,25.02594,121.50651,39
500113008,20231122,254,43,4,1,25.02594,121.50651,39
500113008,20231122,255,43,4,1,25.02594,121.50651,39
500113008,20231122,256,43,4,1,25.02594,121.50651,39
500113008,20231122,257,43,4,1,25.02594,121.50651,39
500113008,20231122,258,43,4,1,25.02594,121.50651,39
500113008,20231122,259,43,4,1,25.02594,121.50651,39
500113008,20231122,261,43,4,1,25.02594,121.50651,39
500113008,20231122,262,43,4,1,25.02594,121.50651,39
500113008,20231122,263,43,4,1,25.02594,121.50651,39
500113008,20231122,264,43,4,1,25.02594,121.50651,39
500113008,20231122,265,43,4,1,25.02594,121.50651,39
500113008,20231122,266,43,4,1,25.02594,121.50651,39
500113008,20231122,267,43,4,1,25.02594,121.50651,39
500113008,20231122,268,43,4,1,25.02594,121.50651,39
500113008,20231122,269,43,4,1,25.02594,121.50651,39
500113008,20231122,270,43,4,1,25.02594,121.50651,39
500113008,20231122,271,43,4,1,25.02594,121.50651,39
500113008,20231122,272,43,4,1,25.02594,121.50651,39
500113008,20231122,273,43,4,1,25.02594,121.50651,39
500113008,20231122,274,43,4,1,25.02594,121.50651,39
500113008,20231122,275,43,4,1,25.02594,121.50651,39
500113008,20231122,276,43,4,1,25.02594,121.50651,39
500113008,20231122,277,43,4,1,25.02594,121.50651,39
500113008,20231122,278,43,4,1,25.02594,121.50651,39
500113008,20231122,279,43,4,1,25.02594,121.50651,39
500113008,20231122,280,43,4,1,25.02594,121.50651,39
500113008,20231122,281,43,4,1,25.02594,121.50651,39
500113008,20231122,282,43,4,1,25.02594,121.50651,39
500113008,20231122,283,43,4,1,25.02594,121.50651,39
500113008,20231122,284,43,4,1,25.02594,121.50651,39
500113008,20231122,286,43,4,1,25.02594,121.50651,39
500113008,20231122,287,43,4,1,25.02594,121.50651,39
500113008,20231122,288,43,4,1,25.02594,121.50651,39
500113008,20231122,289,43,4,1,25.02594,121.50651,39
500113008,20231122,290,43,4,1,25.02594,121.50651,39
500113008,20231122,291,43,4,1,25.02594,121.50651,39
500113008,20231122,292,43,4,1,25.02594,121.50651,39
500113008,20231122,293,43,4,1,25.02594,121.50651,39
500113008,20231122,294,43,4,1,25.02594,121.50651,39
500113008,20231122,295,43,4,1,25.02594,121.50651,39
500113008,20231122,296,43,4,1,25.02594,121.50651,39
500113008,20231122,297,43,4,1,25.02594,121.50651,39
500113008,20231122,298,43,4,1,25.02594,121.50651,39
500113008,20231122,299,43,4,1,25.02594,121.50651,39
500113008,20231122,300,43,4,1,25.02594,121.50651,39
500113008,20231122,301,43,4,1,25.02594,121.50651,39
500113008,20231122,302,43,4,1,25.02594,121.50651,39
500113008,20231122,303,43,4,1,25.02594,121.50651,39
500113008,20231122,304,43,4,1,25.02594,121.50651,39
500113008,20231122,305,43,4,1,25.02594,121.50651,39
500113008,20231122,306,43,4,1,25.02594,121.50651,39
500113008,20231122,307,43,4,1,25.02594,121.50651,39
500113008,20231122,308,43,4,1,25.02594,121.50651,39
500113008,20231122,309,43,4,1,25.02594,121.50651,39
500113008,20231122,310,43,4,1,25.02594,121.50651,39
500113008,20231122,311,43,4,1,25.02594,121.50651,39
500113008,20231122,312,43,4,1,25.02594,121.50651,39
500113008,20231122,313,43,4,1,25.02594,121.50651,39
500113008,20231122,314,43,4,1,25.02594,121.50651,39
500113008,20231122,315,43,4,1,25.02594,121.50651,39
500113008,20231122,316,43,3,1,25.02594,121.50651,40
500113008,20231122,317,43,3,1,25.02594,121.50651,40
500113008,20231122,318,43,3,1,25.02594,121.50651,40
500113008,20231122,319,43,3,1,25.02594,121.50651,40
500113008,20231122,321,43,3,1,25.02594,121.50651,40
500113008,20231122,323,43,3,1,25.02594,121.50651,40
500113008,20231122,324,43,3,1,25.02594,121.50651,40
500113008,20231122,325,43,3,1,25.02594,121.50651,40
500113008,20231122,326,43,3,1,25.02594,121.50651,40
500113008,20231122,327,43,2,1,25.02594,121.50651,41
500113008,20231122,328,43,2,1,25.02594,121.50651,41
500113008,20231122,329,43,2,1,25.02594,121.50651,41
500113008,20231122,330,43,1,1,25.02594,121.50651,42
500113008,20231122,331,43,1,1,25.02594,121.50651,42
500113008,20231122,332,43,1,1,25.02594,121.50651,42
500113008,20231122,333,43,1,1,25.02594,121.50651,42
500113008,20231122,334,43,1,1,25.02594,121.50651,42
500113008,20231122,335,43,1,1,25.02594,121.50651,42
500113008,20231122,336,43,1,1,25.02594,121.50651,42
500113008,20231122,337,43,1,1,25.02594,121.50651,42
500113008,20231122,338,43,1,1,25.02594,121.50651,42
500113008,20231122,339,43,1,1,25.02594,121.50651,42
500113008,20231122,340,43,1,1,25.02594,121.50651,42
500113008,20231122,341,43,1,1,25.02594,121.50651,42
500113008,20231122,342,43,1,1,25.02594,121.50651,42
500113008,20231122,344,43,1,1,25.02594,121.50651,42
500113008,20231122,345,43,1,1,25.02594,121.50651,42
500113008,20231122,347,43,0,1,25.02594,121.50651,43
500113008,20231122,349,43,0,1,25.02594,121.50651,43
500113008,20231122,351,43,0,1,25.02594,121.50651,43
500113008,20231122,352,43,0,1,25.02594,121.50651,43
500113008,20231122,353,43,0,1,25.02594,121.50651,43
500113008,20231122,355,43,0,1,25.02594,121.50651,43
500113008,20231122,356,43,1,1,25.02594,121.50651,42
500113008,20231122,357,43,1,1,25.02594,121.50651,42
500113008,20231122,358,43,1,1,25.02594,121.50651,42
500113008,20231122,359,43,1,1,25.02594,121.50651,42
500113008,20231122,360,43,1,1,25.02594,121.50651,42
500113008,20231122,362,43,1,1,25.02594,121.50651,42
500113008,20231122,363,43,1,1,25.02594,121.50651,42
500113008,20231122,364,43,1,1,25.02594,121.50651,42
500113008,20231122,365,43,1,1,25.02594,121.50651,42
500113008,20231122,366,43,1,1,25.02594,121.50651,42
500113008,20231122,367,43,1,1,25.02594,121.50651,42
500113008,20231122,368,43,1,1,25.02594,121.50651,42
500113008,20231122,369,43,1,1,25.02594,121.50651,42
500113008,20231122,371,43,0,1,25.02594,121.50651,43
500113008,20231122,372,43,0,1,25.02594,121.50651,43
500113008,20231122,373,43,0,1,25.02594,121.50651,43
500113008,20231122,374,43,0,1,25.02594,121.50651,43
500113008,20231122,375,43,0,1,25.02594,121.50651,43
500113008,20231122,377,43,1,1,25.02594,121.50651,42
500113008,20231122,379,43,1,1,25.02594,121.50651,42
500113008,20231122,382,43,0,1,25.02594,121.50651,43
500113008,20231122,383,43,0,1,25.02594,121.50651,43
500113008,20231122,384,43,0,1,25.02594,121.50651,43
500113008,20231122,385,43,0,1,25.02594,121.50651,43
500113008,20231122,387,43,0,1,25.02594,121.50651,43
500113008,20231122,388,43,0,1,25.02594,121.50651,43
500113008,20231122,389,43,0,1,25.02594,121.50651,43
500113008,20231122,391,43,0,1,25.02594,121.50651,43
500113008,20231122,392,43,0,1,25.02594,121.50651,43
500113008,20231122,394,43,0,1,25.02594,121.50651,43
500113008,20231122,395,43,0,1,25.02594,121.50651,43
500113008,20231122,396,43,0,1,25.02594,121.50651,43
500113008,20231122,397,43,0,1,25.02594,121.50651,43
500113008,20231122,398,43,0,1,25.02594,121.50651,43
500113008,20231122,399,43,0,1,25.02594,121.50651,43
500113008,20231122,401,43,0,1,25.02594,121.50651,43
500113008,20231122,402,43,0,1,25.02594,121.50651,43
500113008,20231122,403,43,0,1,25.02594,121.50651,43
500113008,20231122,404,43,1,1,25.02594,121.50651,42
500113008,20231122,405,43,1,1,25.02594,121.50651,42
500113008,20231122,406,43,1,1,25.02594,121.50651,42
500113008,20231122,407,43,1,1,25.02594,121.50651,42
500113008,20231122,409,43,2,1,25.02594,121.50651,41
500113008,20231122,411,43,2,1,25.02594,121.50651,41
500113008,20231122,412,43,2,1,25.02594,121.50651,41
500113008,20231122,414,43,2,1,25.02594,121.50651,41
500113008,20231122,415,43,2,1,25.02594,121.50651,41
500113008,20231122,416,43,3,1,25.02594,121.50651,40
500113008,20231122,417,43,3,1,25.02594,121.50651,40
500113008,20231122,419,43,6,1,25.02594,121.50651,37
500113008,20231122,421,43,7,1,25.02594,121.50651,36
500113008,20231122,423,43,7,1,25.02594,121.50651,36
500113008,20231122,424,43,7,1,25.02594,121.50651,36
500113008,20231122,425,43,6,1,25.02594,121.50651,37
500113008,20231122,426,43,6,1,25.02594,121.50651,37
500113008,20231122,427,43,6,1,25.02594,121.50651,37
500113008,20231122,428,43,6,1,25.02594,121.50651,37
500113008,20231122,429,43,6,1,25.02594,121.50651,37
500113008,20231122,431,43,7,1,25.02594,121.50651,36
500113008,20231122,432,43,7,1,25.02594,121.50651,36
500113008,20231122,433,43,5,1,25.02594,121.50651,38
500113008,20231122,434,43,3,1,25.02594,121.50651,40
500113008,20231122,435,43,2,1,25.02594,121.50651,41
500113008,20231122,436,43,2,1,25.02594,121.50651,41
500113008,20231122,437,43,2,1,25.02594,121.50651,41
500113008,20231122,438,43,2,1,25.02594,121.50651,41
500113008,20231122,439,43,2,1,25.02594,121.50651,41
500113008,20231122,441,43,3,1,25.02594,121.50651,40
500113008,20231122,442,43,3,1,25.02594,121.50651,40
500113008,20231122,443,43,4,1,25.02594,121.50651,39
500113008,20231122,444,43,4,1,25.02594,121.50651,39
500113008,20231122,445,43,4,1,25.02594,121.50651,39
500113008,20231122,446,43,4,1,25.02594,121.50651,39
500113008,20231122,447,43,4,1,25.02594,121.50651,39
500113008,20231122,448,43,4,1,25.02594,121.50651,39
500113008,20231122,449,43,5,1,25.02594,121.50651,38
500113008,20231122,451,43,5,1,25.02594,121.50651,38
500113008,20231122,452,43,5,1,25.02594,121.50651,38
500113008,20231122,453,43,4,1,25.02594,121.50651,39
500113008,20231122,454,43,4,1,25.02594,121.50651,39
500113008,20231122,455,43,4,1,25.02594,121.50651,39
500113008,20231122,456,43,4,1,25.02594,121.50651,39
500113008,20231122,457,43,4,1,25.02594,121.50651,39
500113008,20231122,458,43,4,1,25.02594,121.50651,39
500113008,20231122,459,43,5,1,25.02594,121.50651,38
500113008,20231122,460,43,5,1,25.02594,121.50651,38
500113008,20231122,461,43,6,1,25.02594,121.50651,37
500113008,20231122,462,43,6,1,25.02594,121.50651,37
500113008,20231122,463,43,6,1,25.02594,121.50651,37
500113008,20231122,464,43,5,1,25.02594,121.50651,38
500113008,20231122,465,43,5,1,25.02594,121.50651,38
500113008,20231122,466,43,6,1,25.02594,121.50651,37
500113008,20231122,467,43,6,1,25.02594,121.50651,37
500113008,20231122,468,43,6,1,25.02594,121.50651,37
500113008,20231122,469,43,6,1,25.02594,121.50651,37
500113008,20231122,470,43,6,1,25.02594,121.50651,37
500113008,20231122,471,43,6,1,25.02594,121.50651,37
500113008,20231122,472,43,6,1,25.02594,121.50651,37
500113008,20231122,473,43,6,1,25.02594,121.50651,37
500113008,20231122,474,43,6,1,25.02594,121.50651,37
500113008,20231122,475,43,6,1,25.02594,121.50651,37
500113008,20231122,476,43,7,1,25.02594,121.50651,36
500113008,20231122,477,43,5,1,25.02594,121.50651,38
500113008,20231122,478,43,6,1,25.02594,121.50651,37
500113008,20231122,479,43,6,1,25.02594,121.50651,37
500113008,20231122,481,43,7,1,25.02594,121.50651,36
500113008,20231122,482,43,6,1,25.02594,121.50651,37
500113008,20231122,483,43,6,1,25.02594,121.50651,37
500113008,20231122,484,43,6,1,25.02594,121.50651,37
500113008,20231122,485,43,6,1,25.02594,121.50651,37
500113008,20231122,486,43,5,1,25.02594,121.50651,38
500113008,20231122,487,43,5,1,25.02594,121.50651,38
500113008,20231122,488,43,5,1,25.02594,121.50651,38
500113008,20231122,489,43,5,1,25.02594,121.50651,38
500113008,20231122,490,43,5,1,25.02594,121.50651,38
500113008,20231122,491,43,5,1,25.02594,121.50651,38
500113008,20231122,492,43,5,1,25.02594,121.50651,38
500113008,20231122,493,43,5,1,25.02594,121.50651,38
500113008,20231122,494,43,5,1,25.02594,121.50651,38
500113008,20231122,495,43,4,1,25.02594,121.50651,39
500113008,20231122,496,43,4,1,25.02594,121.50651,39
500113008,20231122,497,43,4,1,25.02594,121.50651,39
500113008,20231122,498,43,4,1,25.02594,121.50651,39
500113008,20231122,499,43,4,1,25.02594,121.50651,39
500113008,20231122,501,43,5,1,25.02594,121.50651,38
500113008,20231122,502,43,5,1,25.02594,121.50651,38
500113008,20231122,503,43,5,1,25.02594,121.50651,38
500113008,20231122,504,43,5,1,25.02594,121.50651,38
500113008,20231122,505,43,5,1,25.02594,121.50651,38
500113008,20231122,506,43,5,1,25.02594,121.50651,38
500113008,20231122,507,43,4,1,25.02594,121.50651,39
500113008,20231122,508,43,4,1,25.02594,121.50651,39
500113008,20231122,509,43,4,1,25.02594,121.50651,39
500113008,20231122,511,43,4,1,25.02594,121.50651,39
500113008,20231122,512,43,4,1,25.02594,121.50651,39
500113008,20231122,513,43,5,1,25.02594,121.50651,38
500113008,20231122,514,43,5,1,25.02594,121.50651,38
500113008,20231122,515,43,6,1,25.02594,121.50651,37
500113008,20231122,516,43,6,1,25.02594,121.50651,37
500113008,20231122,517,43,6,1,25.02594,121.50651,37
500113008,20231122,518,43,6,1,25.02594,121.50651,37
500113008,20231122,519,43,6,1,25.02594,121.50651,37
500113008,20231122,520,43,5,1,25.02594,121.50651,38
500113008,20231122,521,43,5,1,25.02594,121.50651,38
500113008,20231122,522,43,7,1,25.02594,121.50651,36
500113008,20231122,523,43,7,1,25.02594,121.50651,36
500113008,20231122,524,43,7,1,25.02594,121.50651,36
500113008,20231122,525,43,7,1,25.02594,121.50651,36
500113008,20231122,526,43,7,1,25.02594,121.50651,36
500113008,20231122,527,43,6,1,25.02594,121.50651,37
500113008,20231122,528,43,7,1,25.02594,121.50651,36
500113008,20231122,529,43,7,1,25.02594,121.50651,36
500113008,20231122,531,43,6,1,25.02594,121.50651,37
500113008,20231122,532,43,6,1,25.02594,121.50651,37
500113008,20231122,533,43,6,1,25.02594,121.50651,37
500113008,20231122,534,43,6,1,25.02594,121.50651,37
500113008,20231122,535,43,6,1,25.02594,121.50651,37
500113008,20231122,536,43,7,1,25.02594,121.50651,36
500113008,20231122,537,43,7,1,25.02594,121.50651,36
500113008,20231122,538,43,7,1,25.02594,121.50651,36
500113008,20231122,539,43,7,1,25.02594,121.50651,36
500113008,20231122,541,43,7,1,25.02594,121.50651,36
500113008,20231122,542,43,7,1,25.02594,121.50651,36
500113008,20231122,543,43,8,1,25.02594,121.50651,35
500113008,20231122,544,43,8,1,25.02594,121.50651,35
500113008,20231122,545,43,8,1,25.02594,121.50651,35
500113008,20231122,546,43,8,1,25.02594,121.50651,35
500113008,20231122,547,43,8,1,25.02594,121.50651,35
500113008,20231122,548,43,8,1,25.02594,121.50651,35
500113008,20231122,549,43,8,1,25.02594,121.50651,35
500113008,20231122,550,43,8,1,25.02594,121.50651,35
500113008,20231122,551,43,8,1,25.02594,121.50651,35
500113008,20231122,552,43,9,1,25.02594,121.50651,34
500113008,20231122,553,43,9,1,25.02594,121.50651,34
500113008,20231122,554,43,8,1,25.02594,121.50651,35
500113008,20231122,555,43,9,1,25.02594,121.50651,34
500113008,20231122,556,43,9,1,25.02594,121.50651,34
500113008,20231122,557,43,9,1,25.02594,121.50651,34
500113008,20231122,558,43,11,1,25.02594,121.50651,32
500113008,20231122,559,43,11,1,25.02594,121.50651,32
500113008,20231122,561,43,11,1,25.02594,121.50651,32
500113008,20231122,562,43,11,1,25.02594,121.50651,32
500113008,20231122,563,43,10,1,25.02594,121.50651,33
500113008,20231122,564,43,10,1,25.02594,121.50651,33
500113008,20231122,565,43,10,1,25.02594,121.50651,33
500113008,20231122,566,43,10,1,25.02594,121.50651,33
500113008,20231122,567,43,10,1,25.02594,121.50651,33
500113008,20231122,568,43,11,1,25.02594,121.50651,32
500113008,20231122,569,43,11,1,25.02594,121.50651,32
500113008,20231122,571,43,12,1,25.02594,121.50651,31
500113008,20231122,572,43,12,1,25.02594,121.50651,31
500113008,20231122,573,43,11,1,25.02594,121.50651,32
500113008,20231122,574,43,11,1,25.02594,121.50651,32
500113008,20231122,575,43,12,1,25.02594,121.50651,31
500113008,20231122,576,43,12,1,25.02594,121.50651,31
500113008,20231122,577,43,12,1,25.02594,121.50651,31
500113008,20231122,578,43,11,1,25.02594,121.50651,32
500113008,20231122,579,43,11,1,25.02594,121.50651,32
500113008,20231122,580,43,11,1,25.02594,121.50651,32
500113008,20231122,581,43,11,1,25.02594,121.50651,32
500113008,20231122,582,43,11,1,25.02594,121.50651,32
500113008,20231122,583,43,11,1,25.02594,121.50651,32
500113008,20231122,584,43,11,1,25.02594,121.50651,32
500113008,20231122,585,43,11,1,25.02594,121.50651,32
500113008,20231122,586,43,12,1,25.02594,121.50651,31
500113008,20231122,587,43,12,1,25.02594,121.50651,31
500113008,20231122,588,43,12,1,25.02594,121.50651,31
500113008,20231122,589,43,13,1,25.02594,121.50651,30
500113008,20231122,590,43,13,1,25.02594,121.50651,30
500113008,20231122,591,43,13,1,25.02594,121.50651,30
500113008,20231122,592,43,13,1,25.02594,121.50651,30
500113008,20231122,593,43,13,1,25.02594,121.50651,30
500113008,20231122,594,43,13,1,25.02594,121.50651,30
500113008,20231122,596,43,13,1,25.02594,121.50651,30
500113008,20231122,597,43,13,1,25.02594,121.50651,30
500113008,20231122,598,43,13,1,25.02594,121.50651,30
500113008,20231122,599,43,13,1,25.02594,121.50651,30
500113008,20231122,601,43,13,1,25.02594,121.50651,30
500113008,20231122,603,43,13,1,25.02594,121.50651,30
500113008,20231122,605,43,14,1,25.02594,121.50651,29
500113008,20231122,606,43,15,1,25.02594,121.50651,28
500113008,20231122,607,43,15,1,25.02594,121.50651,28
500113008,20231122,609,43,15,1,25.02594,121.50651,28
500113008,20231122,610,43,15,1,25.02594,121.50651,28
500113008,20231122,611,43,16,1,25.02594,121.50651,27
500113008,20231122,612,43,16,1,25.02594,121.50651,27
500113008,20231122,614,43,15,1,25.02594,121.50651,28
500113008,20231122,616,43,20,1,25.02594,121.50651,23
500113008,20231122,618,43,20,1,25.02594,121.50651,23
500113008,20231122,619,43,20,1,25.02594,121.50651,23
500113008,20231122,621,43,19,1,25.02594,121.50651,24
500113008,20231122,622,43,19,1,25.02594,121.50651,24
500113008,20231122,623,43,19,1,25.02594,121.50651,24
500113008,20231122,624,43,20,1,25.02594,121.50651,23
500113008,20231122,626,43,20,1,25.02594,121.50651,23
500113008,20231122,627,43,20,1,25.02594,121.50651,23
500113008,20231122,628,43,21,1,25.02594,121.50651,22
500113008,20231122,629,43,21,1,25.02594,121.50651,22
500113008,20231122,631,43,21,1,25.02594,121.50651,22
500113008,20231122,632,43,21,1,25.02594,121.50651,22
500113008,20231122,633,43,21,1,25.02594,121.50651,22
500113008,20231122,635,43,20,1,25.02594,121.50651,23
500113008,20231122,636,43,20,1,25.02594,121.50651,23
500113008,20231122,637,43,19,1,25.02594,121.50651,24
500113008,20231122,638,43,19,1,25.02594,121.50651,24
500113008,20231122,639,43,19,1,25.02594,121.50651,24
500113008,20231122,640,43,19,1,25.02594,121.50651,24
500113008,20231122,642,43,19,1,25.02594,121.50651,24
500113008,20231122,643,43,19,1,25.02594,121.50651,24
500113008,20231122,644,43,18,1,25.02594,121.50651,25
500113008,20231122,645,43,18,1,25.02594,121.50651,25
500113008,20231122,646,43,18,1,25.02594,121.50651,25
500113008,20231122,647,43,18,1,25.02594,121.50651,25
500113008,20231122,648,43,18,1,25.02594,121.50651,25
500113008,20231122,649,43,18,1,25.02594,121.50651,25
500113008,20231122,651,43,18,1,25.02594,121.50651,25
500113008,20231122,652,43,18,1,25.02594,121.50651,25
500113008,20231122,653,43,18,1,25.02594,121.50651,25
500113008,20231122,654,43,18,1,25.02594,121.50651,25
500113008,20231122,655,43,18,1,25.02594,121.50651,25
500113008,20231122,656,43,18,1,25.02594,121.50651,25
500113008,20231122,657,43,18,1,25.02594,121.50651,25
500113008,20231122,658,43,18,1,25.02594,121.50651,25
500113008,20231122,659,43,18,1,25.02594,121.50651,25
500113008,20231122,661,43,18,1,25.02594,121.50651,25
500113008,20231122,662,43,18,1,25.02594,121.50651,25
500113008,20231122,663,43,18,1,25.02594,121.50651,25
500113008,20231122,664,43,17,1,25.02594,121.50651,26
500113008,20231122,665,43,17,1,25.02594,121.50651,26
500113008,20231122,666,43,17,1,25.02594,121.50651,26
500113008,20231122,667,43,17,1,25.02594,121.50651,26
500113008,20231122,668,43,17,1,25.02594,121.50651,26
500113008,20231122,669,43,17,1,25.02594,121.50651,26
500113008,20231122,671,43,17,1,25.02594,121.50651,26
500113008,20231122,672,43,16,1,25.02594,121.50651,27
500113008,20231122,673,43,16,1,25.02594,121.50651,27
500113008,20231122,674,43,17,1,25.02594,121.50651,26
500113008,20231122,675,43,17,1,25.02594,121.50651,26
500113008,20231122,676,43,17,1,25.02594,121.50651,26
500113008,20231122,677,43,17,1,25.02594,121.50651,26
500113008,20231122,678,43,17,1,25.02594,121.50651,26
500113008,20231122,679,43,17,1,25.02594,121.50651,26
500113008,20231122,681,43,17,1,25.02594,121.50651,26
500113008,20231122,682,43,17,1,25.02594,121.50651,26
500113008,20231122,683,43,17,1,25.02594,121.50651,26
500113008,20231122,685,43,16,1,25.02594,121.50651,27
500113008,20231122,686,43,16,1,25.02594,121.50651,27
500113008,20231122,687,43,16,1,25.02594,121.50651,27
500113008,20231122,688,43,17,1,25.02594,121.50651,26
500113008,20231122,689,43,17,1,25.02594,121.50651,26
500113008,20231122,691,43,17,1,25.02594,121.50651,26
500113008,20231122,692,43,17,1,25.02594,121.50651,26
500113008,20231122,693,43,17,1,25.02594,121.50651,26
500113008,20231122,694,43,16,1,25.02594,121.50651,27
500113008,20231122,695,43,17,1,25.02594,121.50651,26
500113008,20231122,696,43,17,1,25.02594,121.50651,26
500113008,20231122,697,43,17,1,25.02594,121.50651,26
500113008,20231122,698,43,17,1,25.02594,121.50651,26
500113008,20231122,699,43,17,1,25.02594,121.50651,26
500113008,20231122,701,43,17,1,25.02594,121.50651,26
500113008,20231122,702,43,17,1,25.02594,121.50651,26
500113008,20231122,703,43,17,1,25.02594,121.50651,26
500113008,20231122,704,43,17,1,25.02594,121.50651,26
500113008,20231122,705,43,17,1,25.02594,121.50651,26
500113008,20231122,706,43,17,1,25.02594,121.50651,26
500113008,20231122,707,43,17,1,25.02594,121.50651,26
500113008,20231122,708,43,17,1,25.02594,121.50651,26
500113008,20231122,709,43,16,1,25.02594,121.50651,27
500113008,20231122,711,43,16,1,25.02594,121.50651,27
500113008,20231122,712,43,16,1,25.02594,121.50651,27
500113008,20231122,713,43,15,1,25.02594,121.50651,28
500113008,20231122,714,43,14,1,25.02594,121.50651,29
500113008,20231122,715,43,14,1,25.02594,121.50651,29
500113008,20231122,716,43,14,1,25.02594,121.50651,29
500113008,20231122,717,43,14,1,25.02594,121.50651,29
500113008,20231122,718,43,14,1,25.02594,121.50651,29
500113008,20231122,719,43,15,1,25.02594,121.50651,28
500113008,20231122,721,43,15,1,25.02594,121.50651,28
500113008,20231122,722,43,15,1,25.02594,121.50651,28
500113008,20231122,723,43,15,1,25.02594,121.50651,28
500113008,20231122,724,43,15,1,25.02594,121.50651,28
500113008,20231122,725,43,15,1,25.02594,121.50651,28
500113008,20231122,726,43,15,1,25.02594,121.50651,28
500113008,20231122,727,43,15,1,25.02594,121.50651,28
500113008,20231122,728,43,16,1,25.02594,121.50651,27
500113008,20231122,729,43,16,1,25.02594,121.50651,27
500113008,20231122,730,43,16,1,25.02594,121.50651,27
500113008,20231122,731,43,16,1,25.02594,121.50651,27
500113008,20231122,732,43,16,1,25.02594,121.50651,27
500113008,20231122,733,43,17,1,25.02594,121.50651,26
500113008,20231122,734,43,17,1,25.02594,121.50651,26
500113008,20231122,735,43,16,1,25.02594,121.50651,27
500113008,20231122,736,43,17,1,25.02594,121.50651,26
500113008,20231122,737,43,17,1,25.02594,121.50651,26
500113008,20231122,738,43,17,1,25.02594,121.50651,26
500113008,20231122,739,43,17,1,25.02594,121.50651,26
500113008,20231122,741,43,17,1,25.02594,121.50651,26
500113008,20231122,742,43,17,1,25.02594,121.50651,26
500113008,20231122,743,43,17,1,25.02594,121.50651,26
500113008,20231122,744,43,17,1,25.02594,121.50651,26
500113008,20231122,745,43,17,1,25.02594,121.50651,26
500113008,20231122,746,43,17,1,25.02594,121.50651,26
500113008,20231122,747,43,17,1,25.02594,121.50651,26
500113008,20231122,748,43,17,1,25.02594,121.50651,26
500113008,20231122,749,43,17,1,25.02594,121.50651,26
500113008,20231122,751,43,17,1,25.02594,121.50651,26
500113008,20231122,752,43,16,1,25.02594,121.50651,27
500113008,20231122,753,43,15,1,25.02594,121.50651,28
500113008,20231122,754,43,15,1,25.02594,121.50651,28
500113008,20231122,755,43,16,1,25.02594,121.50651,27
500113008,20231122,756,43,16,1,25.02594,121.50651,27
500113008,20231122,757,43,16,1,25.02594,121.50651,27
500113008,20231122,758,43,16,1,25.02594,121.50651,27
500113008,20231122,759,43,16,1,25.02594,121.50651,27
500113008,20231122,760,43,16,1,25.02594,121.50651,27
500113008,20231122,761,43,17,1,25.02594,121.50651,26
500113008,20231122,762,43,17,1,25.02594,121.50651,26
500113008,20231122,763,43,17,1,25.02594,121.50651,26
500113008,20231122,764,43,17,1,25.02594,121.50651,26
500113008,20231122,765,43,16,1,25.02594,121.50651,27
500113008,20231122,766,43,16,1,25.02594,121.50651,27
500113008,20231122,767,43,15,1,25.02594,121.50651,28
500113008,20231122,768,43,15,1,25.02594,121.50651,28
500113008,20231122,769,43,16,1,25.02594,121.50651,27
500113008,20231122,770,43,16,1,25.02594,121.50651,27
500113008,20231122,771,43,16,1,25.02594,121.50651,27
500113008,20231122,772,43,16,1,25.02594,121.50651,27
500113008,20231122,773,43,16,1,25.02594,121.50651,27
500113008,20231122,774,43,16,1,25.02594,121.50651,27
500113008,20231122,775,43,16,1,25.02594,121.50651,27
500113008,20231122,776,43,16,1,25.02594,121.50651,27
500113008,20231122,777,43,16,1,25.02594,121.50651,27
500113008,20231122,778,43,16,1,25.02594,121.50651,27
500113008,20231122,779,43,16,1,25.02594,121.50651,27
500113008,20231122,781,43,16,1,25.02594,121.50651,27
500113008,20231122,782,43,16,1,25.02594,121.50651,27
500113008,20231122,783,43,17,1,25.02594,121.50651,26
500113008,20231122,784,43,17,1,25.02594,121.50651,26
500113008,20231122,785,43,17,1,25.02594,121.50651,26
500113008,20231122,786,43,17,1,25.02594,121.50651,26
500113008,20231122,787,43,17,1,25.02594,121.50651,26
500113008,20231122,788,43,17,1,25.02594,121.50651,26
500113008,20231122,789,43,17,1,25.02594,121.50651,26
500113008,20231122,790,43,17,1,25.02594,121.50651,26
500113008,20231122,791,43,17,1,25.02594,121.50651,26
500113008,20231122,792,43,17,1,25.02594,121.50651,26
500113008,20231122,793,43,17,1,25.02594,121.50651,26
500113008,20231122,794,43,17,1,25.02594,121.50651,26
500113008,20231122,795,43,18,1,25.02594,121.50651,25
500113008,20231122,796,43,18,1,25.02594,121.50651,25
500113008,20231122,797,43,18,1,25.02594,121.50651,25
500113008,20231122,798,43,18,1,25.02594,121.50651,25
500113008,20231122,799,43,18,1,25.02594,121.50651,25
500113008,20231122,801,43,18,1,25.02594,121.50651,25
500113008,20231122,802,43,18,1,25.02594,121.50651,25
500113008,20231122,803,43,18,1,25.02594,121.50651,25
500113008,20231122,804,43,18,1,25.02594,121.50651,25
500113008,20231122,805,43,18,1,25.02594,121.50651,25
500113008,20231122,806,43,18,1,25.02594,121.50651,25
500113008,20231122,807,43,18,1,25.02594,121.50651,25
500113008,20231122,808,43,18,1,25.02594,121.50651,25
500113008,20231122,809,43,18,1,25.02594,121.50651,25
500113008,20231122,811,43,18,1,25.02594,121.50651,25
500113008,20231122,812,43,18,1,25.02594,121.50651,25
500113008,20231122,813,43,18,1,25.02594,121.50651,25
500113008,20231122,814,43,18,1,25.02594,121.50651,25
500113008,20231122,815,43,19,1,25.02594,121.50651,24
500113008,20231122,816,43,19,1,25.02594,121.50651,24
500113008,20231122,817,43,18,1,25.02594,121.50651,25
500113008,20231122,818,43,18,1,25.02594,121.50651,25
500113008,20231122,819,43,19,1,25.02594,121.50651,24
500113008,20231122,820,43,19,1,25.02594,121.50651,24
500113008,20231122,821,43,19,1,25.02594,121.50651,24
500113008,20231122,822,43,19,1,25.02594,121.50651,24
500113008,20231122,823,43,19,1,25.02594,121.50651,24
500113008,20231122,824,43,19,1,25.02594,121.50651,24
500113008,20231122,825,43,19,1,25.02594,121.50651,24
500113008,20231122,826,43,20,1,25.02594,121.50651,23
500113008,20231122,827,43,20,1,25.02594,121.50651,23
500113008,20231122,828,43,20,1,25.02594,121.50651,23
500113008,20231122,829,43,20,1,25.02594,121.50651,23
500113008,20231122,830,43,20,1,25.02594,121.50651,23
500113008,20231122,831,43,20,1,25.02594,121.50651,23
500113008,20231122,832,43,20,1,25.02594,121.50651,23
500113008,20231122,833,43,20,1,25.02594,121.50651,23
500113008,20231122,834,43,22,1,25.02594,121.50651,21
500113008,20231122,835,43,22,1,25.02594,121.50651,21
500113008,20231122,836,43,21,1,25.02594,121.50651,22
500113008,20231122,837,43,21,1,25.02594,121.50651,22
500113008,20231122,838,43,19,1,25.02594,121.50651,24
500113008,20231122,839,43,19,1,25.02594,121.50651,24
500113008,20231122,841,43,18,1,25.02594,121.50651,25
500113008,20231122,842,43,18,1,25.02594,121.50651,25
500113008,20231122,843,43,18,1,25.02594,121.50651,25
500113008,20231122,844,43,18,1,25.02594,121.50651,25
500113008,20231122,845,43,18,1,25.02594,121.50651,25
500113008,20231122,846,43,18,1,25.02594,121.50651,25
500113008,20231122,847,43,18,1,25.02594,121.50651,25
500113008,20231122,848,43,18,1,25.02594,121.50651,25
500113008,20231122,849,43,18,1,25.02594,121.50651,25
500113008,20231122,850,43,18,1,25.02594,121.50651,25
500113008,20231122,851,43,18,1,25.02594,121.50651,25
500113008,20231122,852,43,18,1,25.02594,121.50651,25
500113008,20231122,853,43,17,1,25.02594,121.50651,26
500113008,20231122,854,43,17,1,25.02594,121.50651,26
500113008,20231122,855,43,18,1,25.02594,121.50651,25
500113008,20231122,856,43,18,1,25.02594,121.50651,25
500113008,20231122,857,43,18,1,25.02594,121.50651,25
500113008,20231122,858,43,18,1,25.02594,121.50651,25
500113008,20231122,859,43,18,1,25.02594,121.50651,25
500113008,20231122,861,43,19,1,25.02594,121.50651,24
500113008,20231122,862,43,20,1,25.02594,121.50651,23
500113008,20231122,863,43,19,1,25.02594,121.50651,24
500113008,20231122,864,43,19,1,25.02594,121.50651,24
500113008,20231122,865,43,19,1,25.02594,121.50651,24
500113008,20231122,866,43,19,1,25.02594,121.50651,24
500113008,20231122,867,43,19,1,25.02594,121.50651,24
500113008,20231122,868,43,19,1,25.02594,121.50651,24
500113008,20231122,869,43,20,1,25.02594,121.50651,23
500113008,20231122,870,43,20,1,25.02594,121.50651,23
500113008,20231122,871,43,19,1,25.02594,121.50651,24
500113008,20231122,872,43,19,1,25.02594,121.50651,24
500113008,20231122,873,43,19,1,25.02594,121.50651,24
500113008,20231122,874,43,19,1,25.02594,121.50651,24
500113008,20231122,875,43,19,1,25.02594,121.50651,24
500113008,20231122,876,43,18,1,25.02594,121.50651,25
500113008,20231122,877,43,18,1,25.02594,121.50651,25
500113008,20231122,878,43,18,1,25.02594,121.50651,25
500113008,20231122,879,43,18,1,25.02594,121.50651,25
500113008,20231122,880,43,18,1,25.02594,121.50651,25
500113008,20231122,881,43,18,1,25.02594,121.50651,25
500113008,20231122,882,43,17,1,25.02594,121.50651,26
500113008,20231122,884,43,18,1,25.02594,121.50651,25
500113008,20231122,885,43,18,1,25.02594,121.50651,25
500113008,20231122,887,43,18,1,25.02594,121.50651,25
500113008,20231122,889,43,19,1,25.02594,121.50651,24
500113008,20231122,891,43,19,1,25.02594,121.50651,24
500113008,20231122,892,43,20,1,25.02594,121.50651,23
500113008,20231122,893,43,20,1,25.02594,121.50651,23
500113008,20231122,894,43,20,1,25.02594,121.50651,23
500113008,20231122,895,43,20,1,25.02594,121.50651,23
500113008,20231122,896,43,20,1,25.02594,121.50651,23
500113008,20231122,898,43,20,1,25.02594,121.50651,23
500113008,20231122,899,43,20,1,25.02594,121.50651,23
500113008,20231122,901,43,21,1,25.02594,121.50651,22
500113008,20231122,902,43,21,1,25.02594,121.50651,22
500113008,20231122,903,43,21,1,25.02594,121.50651,22
500113008,20231122,904,43,21,1,25.02594,121.50651,22
500113008,20231122,905,43,20,1,25.02594,121.50651,23
500113008,20231122,907,43,20,1,25.02594,121.50651,23
500113008,20231122,908,43,20,1,25.02594,121.50651,23
500113008,20231122,909,43,20,1,25.02594,121.50651,23
500113008,20231122,911,43,20,1,25.02594,121.50651,23
500113008,20231122,912,43,20,1,25.02594,121.50651,23
500113008,20231122,913,43,19,1,25.02594,121.50651,24
500113008,20231122,914,43,19,1,25.02594,121.50651,24
500113008,20231122,915,43,19,1,25.02594,121.50651,24
500113008,20231122,916,43,19,1,25.02594,121.50651,24
500113008,20231122,917,43,19,1,25.02594,121.50651,24
500113008,20231122,918,43,19,1,25.02594,121.50651,24
500113008,20231122,919,43,19,1,25.02594,121.50651,24
500113008,20231122,921,43,18,1,25.02594,121.50651,25
500113008,20231122,922,43,17,1,25.02594,121.50651,26
500113008,20231122,923,43,17,1,25.02594,121.50651,26
500113008,20231122,924,43,17,1,25.02594,121.50651,26
500113008,20231122,925,43,16,1,25.02594,121.50651,27
500113008,20231122,926,43,16,1,25.02594,121.50651,27
500113008,20231122,927,43,17,1,25.02594,121.50651,26
500113008,20231122,928,43,17,1,25.02594,121.50651,26
500113008,20231122,929,43,18,1,25.02594,121.50651,25
500113008,20231122,931,43,18,1,25.02594,121.50651,25
500113008,20231122,932,43,18,1,25.02594,121.50651,25
500113008,20231122,933,43,18,1,25.02594,121.50651,25
500113008,20231122,934,43,18,1,25.02594,121.50651,25
500113008,20231122,935,43,19,1,25.02594,121.50651,24
500113008,20231122,936,43,19,1,25.02594,121.50651,24
500113008,20231122,937,43,19,1,25.02594,121.50651,24
500113008,20231122,938,43,20,1,25.02594,121.50651,23
500113008,20231122,939,43,20,1,25.02594,121.50651,23
500113008,20231122,940,43,21,1,25.02594,121.50651,22
500113008,20231122,942,43,21,1,25.02594,121.50651,22
500113008,20231122,943,43,21,1,25.02594,121.50651,22
500113008,20231122,944,43,21,1,25.02594,121.50651,22
500113008,20231122,945,43,21,1,25.02594,121.50651,22
500113008,20231122,946,43,21,1,25.02594,121.50651,22
500113008,20231122,947,43,21,1,25.02594,121.50651,22
500113008,20231122,948,43,21,1,25.02594,121.50651,22
500113008,20231122,949,43,21,1,25.02594,121.50651,22
500113008,20231122,951,43,22,1,25.02594,121.50651,21
500113008,20231122,953,43,22,1,25.02594,121.50651,21
500113008,20231122,954,43,22,1,25.02594,121.50651,21
500113008,20231122,955,43,22,1,25.02594,121.50651,21
500113008,20231122,956,43,22,1,25.02594,121.50651,21
500113008,20231122,957,43,22,1,25.02594,121.50651,21
500113008,20231122,958,43,22,1,25.02594,121.50651,21
500113008,20231122,959,43,22,1,25.02594,121.50651,21
500113008,20231122,961,43,23,1,25.02594,121.50651,20
500113008,20231122,962,43,23,1,25.02594,121.50651,20
500113008,20231122,964,43,23,1,25.02594,121.50651,20
500113008,20231122,965,43,23,1,25.02594,121.50651,20
500113008,20231122,967,43,22,1,25.02594,121.50651,21
500113008,20231122,968,43,22,1,25.02594,121.50651,21
500113008,20231122,969,43,22,1,25.02594,121.50651,21
500113008,20231122,971,43,22,1,25.02594,121.50651,21
500113008,20231122,972,43,21,1,25.02594,121.50651,22
500113008,20231122,973,43,21,1,25.02594,121.50651,22
500113008,20231122,975,43,22,1,25.02594,121.50651,21
500113008,20231122,976,43,22,1,25.02594,121.50651,21
500113008,20231122,977,43,22,1,25.02594,121.50651,21
500113008,20231122,978,43,22,1,25.02594,121.50651,21
500113008,20231122,979,43,23,1,25.02594,121.50651,20
500113008,20231122,982,43,22,1,25.02594,121.50651,21
500113008,20231122,983,43,22,1,25.02594,121.50651,21
500113008,20231122,984,43,22,1,25.02594,121.50651,21
500113008,20231122,985,43,22,1,25.02594,121.50651,21
500113008,20231122,986,43,22,1,25.02594,121.50651,21
500113008,20231122,987,43,22,1,25.02594,121.50651,21
500113008,20231122,988,43,22,1,25.02594,121.50651,21
500113008,20231122,989,43,21,1,25.02594,121.50651,22
500113008,20231122,991,43,20,1,25.02594,121.50651,23
500113008,20231122,992,43,20,1,25.02594,121.50651,23
500113008,20231122,993,43,20,1,25.02594,121.50651,23
500113008,20231122,994,43,20,1,25.02594,121.50651,23
500113008,20231122,995,43,18,1,25.02594,121.50651,25
500113008,20231122,996,43,17,1,25.02594,121.50651,26
500113008,20231122,997,43,17,1,25.02594,121.50651,26
500113008,20231122,998,43,18,1,25.02594,121.50651,25
500113008,20231122,1000,43,18,1,25.02594,121.50651,25
500113008,20231122,1001,43,18,1,25.02594,121.50651,25
500113008,20231122,1002,43,18,1,25.02594,121.50651,25
500113008,20231122,1003,43,18,1,25.02594,121.50651,25
500113008,20231122,1004,43,18,1,25.02594,121.50651,25
500113008,20231122,1005,43,18,1,25.02594,121.50651,25
500113008,20231122,1006,43,18,1,25.02594,121.50651,25
500113008,20231122,1007,43,18,1,25.02594,121.50651,25
500113008,20231122,1008,43,18,1,25.02594,121.50651,25
500113008,20231122,1009,43,17,1,25.02594,121.50651,26
500113008,20231122,1010,43,16,1,25.02594,121.50651,27
500113008,20231122,1011,43,16,1,25.02594,121.50651,27
500113008,20231122,1012,43,16,1,25.02594,121.50651,27
500113008,20231122,1013,43,15,1,25.02594,121.50651,28
500113008,20231122,1014,43,14,1,25.02594,121.50651,29
500113008,20231122,1015,43,14,1,25.02594,121.50651,29
500113008,20231122,1016,43,12,1,25.02594,121.50651,31
500113008,20231122,1017,43,13,1,25.02594,121.50651,30
500113008,20231122,1018,43,12,1,25.02594,121.50651,31
500113008,20231122,1019,43,12,1,25.02594,121.50651,31
500113008,20231122,1021,43,12,1,25.02594,121.50651,31
500113008,20231122,1022,43,12,1,25.02594,121.50651,31
500113008,20231122,1023,43,12,1,25.02594,121.50651,31
500113008,20231122,1024,43,12,1,25.02594,121.50651,31
500113008,20231122,1025,43,12,1,25.02594,121.50651,31
500113008,20231122,1026,43,12,1,25.02594,121.50651,31
500113008,20231122,1027,43,12,1,25.02594,121.50651,31
500113008,20231122,1028,43,12,1,25.02594,121.50651,31
500113008,20231122,1029,43,12,1,25.02594,121.50651,31
500113008,20231122,1030,43,11,1,25.02594,121.50651,32
500113008,20231122,1031,43,11,1,25.02594,121.50651,32
500113008,20231122,1032,43,11,1,25.02594,121.50651,32
500113008,20231122,1033,43,11,1,25.02594,121.50651,32
500113008,20231122,1034,43,11,1,25.02594,121.50651,32
500113008,20231122,1035,43,12,1,25.02594,121.50651,31
500113008,20231122,1036,43,12,1,25.02594,121.50651,31
500113008,20231122,1037,43,12,1,25.02594,121.50651,31
500113008,20231122,1038,43,11,1,25.02594,121.50651,32
500113008,20231122,1039,43,11,1,25.02594,121.50651,32
500113008,20231122,1041,43,11,1,25.02594,121.50651,32
500113008,20231122,1042,43,11,1,25.02594,121.50651,32
500113008,20231122,1043,43,11,1,25.02594,121.50651,32
500113008,20231122,1044,43,11,1,25.02594,121.50651,32
500113008,20231122,1045,43,11,1,25.02594,121.50651,32
500113008,20231122,1046,43,11,1,25.02594,121.50651,32
500113008,20231122,1047,43,11,1,25.02594,121.50651,32
500113008,20231122,1048,43,12,1,25.02594,121.50651,31
500113008,20231122,1049,43,12,1,25.02594,121.50651,31
500113008,20231122,1051,43,12,1,25.02594,121.50651,31
500113008,20231122,1052,43,13,1,25.02594,121.50651,30
500113008,20231122,1053,43,13,1,25.02594,121.50651,30
500113008,20231122,1054,43,12,1,25.02594,121.50651,31
500113008,20231122,1055,43,12,1,25.02594,121.50651,31
500113008,20231122,1056,43,12,1,25.02594,121.50651,31
500113008,20231122,1057,43,11,1,25.02594,121.50651,32
500113008,20231122,1058,43,9,1,25.02594,121.50651,34
500113008,20231122,1059,43,10,1,25.02594,121.50651,33
500113008,20231122,1061,43,9,1,25.02594,121.50651,34
500113008,20231122,1062,43,8,1,25.02594,121.50651,35
500113008,20231122,1063,43,8,1,25.02594,121.50651,35
500113008,20231122,1064,43,8,1,25.02594,121.50651,35
500113008,20231122,1065,43,7,1,25.02594,121.50651,36
500113008,20231122,1066,43,6,1,25.02594,121.50651,37
500113008,20231122,1067,43,6,1,25.02594,121.50651,37
500113008,20231122,1068,43,7,1,25.02594,121.50651,36
500113008,20231122,1069,43,7,1,25.02594,121.50651,36
500113008,20231122,1070,43,7,1,25.02594,121.50651,36
500113008,20231122,1071,43,7,1,25.02594,121.50651,36
500113008,20231122,1072,43,7,1,25.02594,121.50651,36
500113008,20231122,1073,43,8,1,25.02594,121.50651,35
500113008,20231122,1074,43,8,1,25.02594,121.50651,35
500113008,20231122,1075,43,8,1,25.02594,121.50651,35
500113008,20231122,1076,43,8,1,25.02594,121.50651,35
500113008,20231122,1077,43,7,1,25.02594,121.50651,36
500113008,20231122,1078,43,6,1,25.02594,121.50651,37
500113008,20231122,1079,43,6,1,25.02594,121.50651,37
500113008,20231122,1081,43,5,1,25.02594,121.50651,38
500113008,20231122,1082,43,5,1,25.02594,121.50651,38
500113008,20231122,1083,43,5,1,25.02594,121.50651,38
500113008,20231122,1084,43,5,1,25.02594,121.50651,38
500113008,20231122,1085,43,5,1,25.02594,121.50651,38
500113008,20231122,1086,43,5,1,25.02594,121.50651,38
500113008,20231122,1087,43,5,1,25.02594,121.50651,38
500113008,20231122,1088,43,6,1,25.02594,121.50651,37
500113008,20231122,1089,43,6,1,25.02594,121.50651,37
500113008,20231122,1091,43,3,1,25.02594,121.50651,40
500113008,20231122,1092,43,3,1,25.02594,121.50651,40
500113008,20231122,1093,43,6,1,25.02594,121.50651,37
500113008,20231122,1094,43,8,1,25.02594,121.50651,35
500113008,20231122,1095,43,8,1,25.02594,121.50651,35
500113008,20231122,1096,43,8,1,25.02594,121.50651,35
500113008,20231122,1097,43,8,1,25.02594,121.50651,35
500113008,20231122,1098,43,10,1,25.02594,121.50651,33
500113008,20231122,1099,43,12,1,25.02594,121.50651,31
500113008,20231122,1101,43,13,1,25.02594,121.50651,30
500113008,20231122,1102,43,13,1,25.02594,121.50651,30
500113008,20231122,1103,43,15,1,25.02594,121.50651,28
500113008,20231122,1104,43,17,1,25.02594,121.50651,26
500113008,20231122,1105,43,19,1,25.02594,121.50651,24
500113008,20231122,1106,43,19,1,25.02594,121.50651,24
500113008,20231122,1107,43,20,1,25.02594,121.50651,23
500113008,20231122,1108,43,20,1,25.02594,121.50651,23
500113008,20231122,1109,43,18,1,25.02594,121.50651,25
500113008,20231122,1111,43,14,1,25.02594,121.50651,29
500113008,20231122,1112,43,15,1,25.02594,121.50651,28
500113008,20231122,1113,43,15,1,25.02594,121.50651,28
500113008,20231122,1114,43,14,1,25.02594,121.50651,29
500113008,20231122,1115,43,12,1,25.02594,121.50651,31
500113008,20231122,1116,43,12,1,25.02594,121.50651,31
500113008,20231122,1117,43,12,1,25.02594,121.50651,31
500113008,20231122,1118,43,12,1,25.02594,121.50651,31
500113008,20231122,1119,43,12,1,25.02594,121.50651,31
500113008,20231122,1120,43,12,1,25.02594,121.50651,31
500113008,20231122,1121,43,12,1,25.02594,121.50651,31
500113008,20231122,1122,43,11,1,25.02594,121.50651,32
500113008,20231122,1123,43,10,1,25.02594,121.50651,33
500113008,20231122,1124,43,10,1,25.02594,121.50651,33
500113008,20231122,1125,43,10,1,25.02594,121.50651,33
500113008,20231122,1126,43,10,1,25.02594,121.50651,33
500113008,20231122,1127,43,10,1,25.02594,121.50651,33
500113008,20231122,1128,43,12,1,25.02594,121.50651,31
500113008,20231122,1129,43,11,1,25.02594,121.50651,32
500113008,20231122,1130,43,11,1,25.02594,121.50651,32
500113008,20231122,1131,43,11,1,25.02594,121.50651,32
500113008,20231122,1132,43,11,1,25.02594,121.50651,32
500113008,20231122,1133,43,9,1,25.02594,121.50651,34
500113008,20231122,1134,43,9,1,25.02594,121.50651,34
500113008,20231122,1135,43,9,1,25.02594,121.50651,34
500113008,20231122,1136,43,8,1,25.02594,121.50651,35
500113008,20231122,1137,43,8,1,25.02594,121.50651,35
500113008,20231122,1138,43,7,1,25.02594,121.50651,36
500113008,20231122,1139,43,7,1,25.02594,121.50651,36
500113008,20231122,1141,43,5,1,25.02594,121.50651,38
500113008,20231122,1142,43,5,1,25.02594,121.50651,38
500113008,20231122,1143,43,5,1,25.02594,121.50651,38
500113008,20231122,1144,43,5,1,25.02594,121.50651,38
500113008,20231122,1145,43,7,1,25.02594,121.50651,36
500113008,20231122,1146,43,7,1,25.02594,121.50651,36
500113008,20231122,1147,43,6,1,25.02594,121.50651,37
500113008,20231122,1148,43,8,1,25.02594,121.50651,35
500113008,20231122,1149,43,8,1,25.02594,121.50651,35
500113008,20231122,1150,43,8,1,25.02594,121.50651,35
500113008,20231122,1151,43,8,1,25.02594,121.50651,35
500113008,20231122,1152,43,7,1,25.02594,121.50651,36
500113008,20231122,1153,43,7,1,25.02594,121.50651,36
500113008,20231122,1154,43,7,1,25.02594,121.50651,36
500113008,20231122,1155,43,8,1,25.02594,121.50651,35
500113008,20231122,1156,43,8,1,25.02594,121.50651,35
500113008,20231122,1157,43,8,1,25.02594,121.50651,35
500113008,20231122,1158,43,9,1,25.02594,121.50651,34
500113008,20231122,1159,43,9,1,25.02594,121.50651,34
500113008,20231122,1161,43,10,1,25.02594,121.50651,33
500113008,20231122,1162,43,9,1,25.02594,121.50651,34
500113008,20231122,1163,43,9,1,25.02594,121.50651,34
500113008,20231122,1164,43,9,1,25.02594,121.50651,34
500113008,20231122,1165,43,9,1,25.02594,121.50651,34
500113008,20231122,1166,43,10,1,25.02594,121.50651,33
500113008,20231122,1167,43,10,1,25.02594,121.50651,33
500113008,20231122,1168,43,10,1,25.02594,121.50651,33
500113008,20231122,1169,43,9,1,25.02594,121.50651,34
500113008,20231122,1171,43,9,1,25.02594,121.50651,34
500113008,20231122,1172,43,9,1,25.02594,121.50651,34
500113008,20231122,1173,43,6,1,25.02594,121.50651,37
500113008,20231122,1175,43,6,1,25.02594,121.50651,37
500113008,20231122,1176,43,6,1,25.02594,121.50651,37
500113008,20231122,1177,43,6,1,25.02594,121.50651,37
500113008,20231122,1178,43,6,1,25.02594,121.50651,37
500113008,20231122,1179,43,6,1,25.02594,121.50651,37
500113008,20231122,1181,43,6,1,25.02594,121.50651,37
500113008,20231122,1182,43,6,1,25.02594,121.50651,37
500113008,20231122,1183,43,6,1,25.02594,121.50651,37
500113008,20231122,1184,43,6,1,25.02594,121.50651,37
500113008,20231122,1185,43,7,1,25.02594,121.50651,36
500113008,20231122,1186,43,7,1,25.02594,121.50651,36
500113008,20231122,1187,43,7,1,25.02594,121.50651,36
500113008,20231122,1188,43,6,1,25.02594,121.50651,37
500113008,20231122,1189,43,6,1,25.02594,121.50651,37
500113008,20231122,1191,43,3,1,25.02594,121.50651,40
500113008,20231122,1192,43,3,1,25.02594,121.50651,40
500113008,20231122,1193,43,3,1,25.02594,121.50651,40
500113008,20231122,1194,43,3,1,25.02594,121.50651,40
500113008,20231122,1195,43,3,1,25.02594,121.50651,40
500113008,20231122,1196,43,6,1,25.02594,121.50651,37
500113008,20231122,1197,43,6,1,25.02594,121.50651,37
500113008,20231122,1198,43,7,1,25.02594,121.50651,36
500113008,20231122,1199,43,7,1,25.02594,121.50651,36
500113008,20231122,1201,43,7,1,25.02594,121.50651,36
500113008,20231122,1202,43,7,1,25.02594,121.50651,36
500113008,20231122,1203,43,7,1,25.02594,121.50651,36
500113008,20231122,1204,43,7,1,25.02594,121.50651,36
500113008,20231122,1205,43,7,1,25.02594,121.50651,36
500113008,20231122,1206,43,7,1,25.02594,121.50651,36
500113008,20231122,1207,43,7,1,25.02594,121.50651,36
500113008,20231122,1208,43,8,1,25.02594,121.50651,35
500113008,20231122,1209,43,8,1,25.02594,121.50651,35
500113008,20231122,1211,43,8,1,25.02594,121.50651,35
500113008,20231122,1212,43,8,1,25.02594,121.50651,35
500113008,20231122,1213,43,8,1,25.02594,121.50651,35
500113008,20231122,1214,43,8,1,25.02594,121.50651,35
500113008,20231122,1215,43,8,1,25.02594,121.50651,35
500113008,20231122,1216,43,8,1,25.02594,121.50651,35
500113008,20231122,1217,43,8,1,25.02594,121.50651,35
500113008,20231122,1218,43,8,1,25.02594,121.50651,35
500113008,20231122,1219,43,8,1,25.02594,121.50651,35
500113008,20231122,1221,43,8,1,25.02594,121.50651,35
500113008,20231122,1222,43,8,1,25.02594,121.50651,35
500113008,20231122,1223,43,8,1,25.02594,121.50651,35
500113008,20231122,1224,43,8,1,25.02594,121.50651,35
500113008,20231122,1225,43,8,1,25.02594,121.50651,35
500113008,20231122,1226,43,8,1,25.02594,121.50651,35
500113008,20231122,1227,43,7,1,25.02594,121.50651,36
500113008,20231122,1228,43,7,1,25.02594,121.50651,36
500113008,20231122,1229,43,7,1,25.02594,121.50651,36
500113008,20231122,1231,43,7,1,25.02594,121.50651,36
500113008,20231122,1232,43,7,1,25.02594,121.50651,36
500113008,20231122,1233,43,7,1,25.02594,121.50651,36
500113008,20231122,1234,43,7,1,25.02594,121.50651,36
500113008,20231122,1235,43,7,1,25.02594,121.50651,36
500113008,20231122,1236,43,6,1,25.02594,121.50651,37
500113008,20231122,1237,43,6,1,25.02594,121.50651,37
500113008,20231122,1238,43,6,1,25.02594,121.50651,37
500113008,20231122,1239,43,6,1,25.02594,121.50651,37
500113008,20231122,1241,43,5,1,25.02594,121.50651,38
500113008,20231122,1242,43,5,1,25.02594,121.50651,38
500113008,20231122,1244,43,6,1,25.02594,121.50651,37
500113008,20231122,1245,43,5,1,25.02594,121.50651,38
500113008,20231122,1246,43,5,1,25.02594,121.50651,38
500113008,20231122,1247,43,5,1,25.02594,121.50651,38
500113008,20231122,1248,43,4,1,25.02594,121.50651,39
500113008,20231122,1249,43,4,1,25.02594,121.50651,39
500113008,20231122,1251,43,4,1,25.02594,121.50651,39
500113008,20231122,1252,43,3,1,25.02594,121.50651,40
500113008,20231122,1253,43,3,1,25.02594,121.50651,40
500113008,20231122,1254,43,3,1,25.02594,121.50651,40
500113008,20231122,1255,43,3,1,25.02594,121.50651,40
500113008,20231122,1256,43,3,1,25.02594,121.50651,40
500113008,20231122,1257,43,3,1,25.02594,121.50651,40
500113008,20231122,1258,43,3,1,25.02594,121.50651,40
500113008,20231122,1259,43,2,1,25.02594,121.50651,41
500113008,20231122,1261,43,3,1,25.02594,121.50651,40
500113008,20231122,1262,43,3,1,25.02594,121.50651,40
500113008,20231122,1263,43,3,1,25.02594,121.50651,40
500113008,20231122,1264,43,3,1,25.02594,121.50651,40
500113008,20231122,1265,43,3,1,25.02594,121.50651,40
500113008,20231122,1266,43,3,1,25.02594,121.50651,40
500113008,20231122,1267,43,3,1,25.02594,121.50651,40
500113008,20231122,1268,43,4,1,25.02594,121.50651,39
500113008,20231122,1269,43,5,1,25.02594,121.50651,38
500113008,20231122,1271,43,6,1,25.02594,121.50651,37
500113008,20231122,1272,43,6,1,25.02594,121.50651,37
500113008,20231122,1273,43,6,1,25.02594,121.50651,37
500113008,20231122,1274,43,6,1,25.02594,121.50651,37
500113008,20231122,1275,43,7,1,25.02594,121.50651,36
500113008,20231122,1276,43,7,1,25.02594,121.50651,36
500113008,20231122,1277,43,7,1,25.02594,121.50651,36
500113008,20231122,1278,43,7,1,25.02594,121.50651,36
500113008,20231122,1279,43,7,1,25.02594,121.50651,36
500113008,20231122,1281,43,9,1,25.02594,121.50651,34
500113008,20231122,1282,43,8,1,25.02594,121.50651,35
500113008,20231122,1283,43,8,1,25.02594,121.50651,35
500113008,20231122,1284,43,8,1,25.02594,121.50651,35
500113008,20231122,1285,43,9,1,25.02594,121.50651,34
500113008,20231122,1286,43,9,1,25.02594,121.50651,34
500113008,20231122,1287,43,9,1,25.02594,121.50651,34
500113008,20231122,1288,43,9,1,25.02594,121.50651,34
500113008,20231122,1289,43,9,1,25.02594,121.50651,34
500113008,20231122,1291,43,9,1,25.02594,121.50651,34
500113008,20231122,1292,43,9,1,25.02594,121.50651,34
500113008,20231122,1293,43,8,1,25.02594,121.50651,35
500113008,20231122,1294,43,7,1,25.02594,121.50651,36
500113008,20231122,1295,43,7,1,25.02594,121.50651,36
500113008,20231122,1296,43,7,1,25.02594,121.50651,36
500113008,20231122,1297,43,6,1,25.02594,121.50651,37
500113008,20231122,1298,43,6,1,25.02594,121.50651,37
500113008,20231122,1299,43,6,1,25.02594,121.50651,37
500113008,20231122,1300,43,6,1,25.02594,121.50651,37
500113008,20231122,1301,43,6,1,25.02594,121.50651,37
500113008,20231122,1302,43,6,1,25.02594,121.50651,37
500113008,20231122,1303,43,6,1,25.02594,121.50651,37
500113008,20231122,1304,43,6,1,25.02594,121.50651,37
500113008,20231122,1305,43,6,1,25.02594,121.50651,37
500113008,20231122,1306,43,6,1,25.02594,121.50651,37
500113008,20231122,1307,43,6,1,25.02594,121.50651,37
500113008,20231122,1308,43,6,1,25.02594,121.50651,37
500113008,20231122,1309,43,6,1,25.02594,121.50651,37
500113008,20231122,1310,43,6,1,25.02594,121.50651,37
500113008,20231122,1311,43,6,1,25.02594,121.50651,37
500113008,20231122,1312,43,6,1,25.02594,121.50651,37
500113008,20231122,1313,43,6,1,25.02594,121.50651,37
500113008,20231122,1314,43,7,1,25.02594,121.50651,36
500113008,20231122,1315,43,7,1,25.02594,121.50651,36
500113008,20231122,1316,43,7,1,25.02594,121.50651,36
500113008,20231122,1317,43,7,1,25.02594,121.50651,36
500113008,20231122,1318,43,7,1,25.02594,121.50651,36
500113008,20231122,1319,43,7,1,25.02594,121.50651,36
500113008,20231122,1321,43,7,1,25.02594,121.50651,36
500113008,20231122,1322,43,7,1,25.02594,121.50651,36
500113008,20231122,1323,43,8,1,25.02594,121.50651,35
500113008,20231122,1324,43,7,1,25.02594,121.50651,36
500113008,20231122,1325,43,7,1,25.02594,121.50651,36
500113008,20231122,1326,43,7,1,25.02594,121.50651,36
500113008,20231122,1327,43,7,1,25.02594,121.50651,36
500113008,20231122,1328,43,7,1,25.02594,121.50651,36
500113008,20231122,1329,43,7,1,25.02594,121.50651,36
500113008,20231122,1330,43,7,1,25.02594,121.50651,36
500113008,20231122,1331,43,7,1,25.02594,121.50651,36
500113008,20231122,1332,43,7,1,25.02594,121.50651,36
500113008,20231122,1333,43,7,1,25.02594,121.50651,36
500113008,20231122,1334,43,8,1,25.02594,121.50651,35
500113008,20231122,1335,43,9,1,25.02594,121.50651,34
500113008,20231122,1336,43,9,1,25.02594,121.50651,34
500113008,20231122,1337,43,9,1,25.02594,121.50651,34
500113008,20231122,1338,43,10,1,25.02594,121.50651,33
500113008,20231122,1339,43,10,1,25.02594,121.50651,33
500113008,20231122,1341,43,10,1,25.02594,121.50651,33
500113008,20231122,1342,43,10,1,25.02594,121.50651,33
500113008,20231122,1343,43,10,1,25.02594,121.50651,33
500113008,20231122,1344,43,10,1,25.02594,121.50651,33
500113008,20231122,1345,43,9,1,25.02594,121.50651,34
500113008,20231122,1346,43,9,1,25.02594,121.50651,34
500113008,20231122,1347,43,9,1,25.02594,121.50651,34
500113008,20231122,1348,43,9,1,25.02594,121.50651,34
500113008,20231122,1349,43,9,1,25.02594,121.50651,34
500113008,20231122,1351,43,9,1,25.02594,121.50651,34
500113008,20231122,1352,43,9,1,25.02594,121.50651,34
500113008,20231122,1353,43,9,1,25.02594,121.50651,34
500113008,20231122,1354,43,9,1,25.02594,121.50651,34
500113008,20231122,1355,43,9,1,25.02594,121.50651,34
500113008,20231122,1356,43,9,1,25.02594,121.50651,34
500113008,20231122,1357,43,10,1,25.02594,121.50651,33
500113008,20231122,1358,43,10,1,25.02594,121.50651,33
500113008,20231122,1359,43,10,1,25.02594,121.50651,33
500113008,20231122,1360,43,10,1,25.02594,121.50651,33
500113008,20231122,1361,43,10,1,25.02594,121.50651,33
500113008,20231122,1362,43,10,1,25.02594,121.50651,33
500113008,20231122,1363,43,10,1,25.02594,121.50651,33
500113008,20231122,1364,43,10,1,25.02594,121.50651,33
500113008,20231122,1365,43,10,1,25.02594,121.50651,33
500113008,20231122,1366,43,10,1,25.02594,121.50651,33
500113008,20231122,1367,43,9,1,25.02594,121.50651,34
500113008,20231122,1368,43,9,1,25.02594,121.50651,34
500113008,20231122,1369,43,8,1,25.02594,121.50651,35
500113008,20231122,1370,43,7,1,25.02594,121.50651,36
500113008,20231122,1371,43,7,1,25.02594,121.50651,36
500113008,20231122,1372,43,7,1,25.02594,121.50651,36
500113008,20231122,1373,43,7,1,25.02594,121.50651,36
500113008,20231122,1374,43,7,1,25.02594,121.50651,36
500113008,20231122,1375,43,7,1,25.02594,121.50651,36
500113008,20231122,1376,43,7,1,25.02594,121.50651,36
500113008,20231122,1377,43,7,1,25.02594,121.50651,36
500113008,20231122,1378,43,7,1,25.02594,121.50651,36
500113008,20231122,1379,43,7,1,25.02594,121.50651,36
500113008,20231122,1381,43,7,1,25.02594,121.50651,36
500113008,20231122,1382,43,7,1,25.02594,121.50651,36
500113008,20231122,1383,43,7,1,25.02594,121.50651,36
500113008,20231122,1384,43,7,1,25.02594,121.50651,36
500113008,20231122,1385,43,7,1,25.02594,121.50651,36
500113008,20231122,1386,43,7,1,25.02594,121.50651,36
500113008,20231122,1387,43,7,1,25.02594,121.50651,36
500113008,20231122,1388,43,7,1,25.02594,121.50651,36
500113008,20231122,1389,43,7,1,25.02594,121.50651,36
500113008,20231122,1390,43,6,1,25.02594,121.50651,37
500113008,20231122,1391,43,6,1,25.02594,121.50651,37
500113008,20231122,1392,43,6,1,25.02594,121.50651,37
500113008,20231122,1393,43,6,1,25.02594,121.50651,37
500113008,20231122,1394,43,6,1,25.02594,121.50651,37
500113008,20231122,1395,43,6,1,25.02594,121.50651,37
500113008,20231122,1396,43,6,1,25.02594,121.50651,37
500113008,20231122,1397,43,6,1,25.02594,121.50651,37
500113008,20231122,1398,43,6,1,25.02594,121.50651,37
500113008,20231122,1399,43,7,1,25.02594,121.50651,36
500113008,20231122,1401,43,7,1,25.02594,121.50651,36
500113008,20231122,1402,43,7,1,25.02594,121.50651,36
500113008,20231122,1403,43,7,1,25.02594,121.50651,36
500113008,20231122,1404,43,7,1,25.02594,121.50651,36
500113008,20231122,1405,43,7,1,25.02594,121.50651,36
500113008,20231122,1406,43,7,1,25.02594,121.50651,36
500113008,20231122,1407,43,7,1,25.02594,121.50651,36
500113008,20231122,1408,43,7,1,25.02594,121.50651,36
500113008,20231122,1409,43,7,1,25.02594,121.50651,36
500113008,20231122,1410,43,7,1,25.02594,121.50651,36
500113008,20231122,1411,43,7,1,25.02594,121.50651,36
500113008,20231122,1412,43,7,1,25.02594,121.50651,36
500113008,20231122,1413,43,7,1,25.02594,121.50651,36
500113008,20231122,1414,43,7,1,25.02594,121.50651,36
500113008,20231122,1415,43,7,1,25.02594,121.50651,36
500113008,20231122,1416,43,8,1,25.02594,121.50651,35
500113008,20231122,1417,43,8,1,25.02594,121.50651,35
500113008,20231122,1418,43,8,1,25.02594,121.50651,35
500113008,20231122,1419,43,8,1,25.02594,121.50651,35
500113008,20231122,1420,43,8,1,25.02594,121.50651,35
500113008,20231122,1421,43,8,1,25.02594,121.50651,35
500113008,20231122,1422,43,8,1,25.02594,121.50651,35
500113008,20231122,1423,43,8,1,25.02594,121.50651,35
500113008,20231122,1424,43,8,1,25.02594,121.50651,35
500113008,20231122,1425,43,8,1,25.02594,121.50651,35
500113008,20231122,1426,43,9,1,25.02594,121.50651,34
500113008,20231122,1427,43,9,1,25.02594,121.50651,34
500113008,20231122,1428,43,9,1,25.02594,121.50651,34
500113008,20231122,1429,43,9,1,25.02594,121.50651,34
500113008,20231122,1430,43,10,1,25.02594,121.50651,33
500113008,20231122,1431,43,10,1,25.02594,121.50651,33
500113008,20231122,1432,43,10,1,25.02594,121.50651,33
500113008,20231122,1433,43,10,1,25.02594,121.50651,33
500113008,20231122,1434,43,10,1,25.02594,121.50651,33
500113008,20231122,1435,43,10,1,25.02594,121.50651,33
500113008,20231122,1436,43,10,1,25.02594,121.50651,33
500113008,20231122,1437,43,10,1,25.02594,121.50651,33
500113008,20231122,1438,43,10,1,25.02594,121.50651,33
500113008,20231122,1439,43,10,1,25.02594,121.50651,33
500113008,20231123,1,43,10,1,25.02594,121.50651,33
500113008,20231123,2,43,10,1,25.02594,121.50651,33
500113008,20231123,4,43,10,1,25.02594,121.50651,33
500113008,20231123,5,43,10,1,25.02594,121.50651,33
500113008,20231123,6,43,10,1,25.02594,121.50651,33
500113008,20231123,7,43,10,1,25.02594,121.50651,33
500113008,20231123,8,43,10,1,25.02594,121.50651,33
500113008,20231123,9,43,10,1,25.02594,121.50651,33
500113008,20231123,11,43,10,1,25.02594,121.50651,33
500113008,20231123,12,43,10,1,25.02594,121.50651,33
500113008,20231123,13,43,10,1,25.02594,121.50651,33
500113008,20231123,14,43,9,1,25.02594,121.50651,34
500113008,20231123,15,43,9,1,25.02594,121.50651,34
500113008,20231123,16,43,9,1,25.02594,121.50651,34
500113008,20231123,17,43,9,1,25.02594,121.50651,34
500113008,20231123,18,43,8,1,25.02594,121.50651,35
500113008,20231123,19,43,7,1,25.02594,121.50651,36
500113008,20231123,21,43,7,1,25.02594,121.50651,36
500113008,20231123,22,43,7,1,25.02594,121.50651,36
500113008,20231123,23,43,7,1,25.02594,121.50651,36
500113008,20231123,24,43,7,1,25.02594,121.50651,36
500113008,20231123,25,43,7,1,25.02594,121.50651,36
500113008,20231123,26,43,7,1,25.02594,121.50651,36
500113008,20231123,27,43,7,1,25.02594,121.50651,36
500113008,20231123,28,43,7,1,25.02594,121.50651,36
500113008,20231123,29,43,7,1,25.02594,121.50651,36
500113008,20231123,31,43,8,1,25.02594,121.50651,35
500113008,20231123,32,43,8,1,25.02594,121.50651,35
500113008,20231123,33,43,8,1,25.02594,121.50651,35
500113008,20231123,34,43,8,1,25.02594,121.50651,35
500113008,20231123,35,43,8,1,25.02594,121.50651,35
500113008,20231123,36,43,8,1,25.02594,121.50651,35
500113008,20231123,37,43,8,1,25.02594,121.50651,35
500113008,20231123,38,43,7,1,25.02594,121.50651,36
500113008,20231123,39,43,7,1,25.02594,121.50651,36
500113008,20231123,41,43,7,1,25.02594,121.50651,36
500113008,20231123,42,43,7,1,25.02594,121.50651,36
500113008,20231123,43,43,7,1,25.02594,121.50651,36
500113008,20231123,44,43,7,1,25.02594,121.50651,36
500113008,20231123,46,43,7,1,25.02594,121.50651,36
500113008,20231123,47,43,7,1,25.02594,121.50651,36
500113008,20231123,48,43,7,1,25.02594,121.50651,36
500113008,20231123,49,43,6,1,25.02594,121.50651,37
500113008,20231123,51,43,6,1,25.02594,121.50651,37
500113008,20231123,53,43,6,1,25.02594,121.50651,37
500113008,20231123,54,43,6,1,25.02594,121.50651,37
500113008,20231123,56,43,7,1,25.02594,121.50651,36
500113008,20231123,57,43,7,1,25.02594,121.50651,36
500113008,20231123,58,43,7,1,25.02594,121.50651,36
500113008,20231123,59,43,7,1,25.02594,121.50651,36
500113008,20231123,61,43,7,1,25.02594,121.50651,36
500113008,20231123,62,43,7,1,25.02594,121.50651,36
500113008,20231123,63,43,7,1,25.02594,121.50651,36
500113008,20231123,64,43,7,1,25.02594,121.50651,36
500113008,20231123,65,43,7,1,25.02594,121.50651,36
500113008,20231123,66,43,7,1,25.02594,121.50651,36
500113008,20231123,67,43,7,1,25.02594,121.50651,36
500113008,20231123,68,43,7,1,25.02594,121.50651,36
500113008,20231123,69,43,7,1,25.02594,121.50651,36
500113008,20231123,71,43,7,1,25.02594,121.50651,36
500113008,20231123,72,43,7,1,25.02594,121.50651,36
500113008,20231123,73,43,7,1,25.02594,121.50651,36
500113008,20231123,74,43,7,1,25.02594,121.50651,36
500113008,20231123,76,43,7,1,25.02594,121.50651,36
500113008,20231123,77,43,7,1,25.02594,121.50651,36
500113008,20231123,78,43,7,1,25.02594,121.50651,36
500113008,20231123,79,43,6,1,25.02594,121.50651,37
500113008,20231123,81,43,6,1,25.02594,121.50651,37
500113008,20231123,82,43,6,1,25.02594,121.50651,37
500113008,20231123,83,43,6,1,25.02594,121.50651,37
500113008,20231123,84,43,6,1,25.02594,121.50651,37
500113008,20231123,85,43,6,1,25.02594,121.50651,37
500113008,20231123,86,43,6,1,25.02594,121.50651,37
500113008,20231123,87,43,6,1,25.02594,121.50651,37
500113008,20231123,88,43,6,1,25.02594,121.50651,37
500113008,20231123,89,43,6,1,25.02594,121.50651,37
500113008,20231123,91,43,6,1,25.02594,121.50651,37
500113008,20231123,92,43,6,1,25.02594,121.50651,37
500113008,20231123,93,43,6,1,25.02594,121.50651,37
500113008,20231123,94,43,6,1,25.02594,121.50651,37
500113008,20231123,95,43,6,1,25.02594,121.50651,37
500113008,20231123,96,43,6,1,25.02594,121.50651,37
500113008,20231123,97,43,6,1,25.02594,121.50651,37
500113008,20231123,98,43,6,1,25.02594,121.50651,37
500113008,20231123,99,43,6,1,25.02594,121.50651,37
500113008,20231123,101,43,6,1,25.02594,121.50651,37
500113008,20231123,102,43,6,1,25.02594,121.50651,37
500113008,20231123,103,43,6,1,25.02594,121.50651,37
500113008,20231123,104,43,6,1,25.02594,121.50651,37
500113008,20231123,105,43,6,1,25.02594,121.50651,37
500113008,20231123,106,43,6,1,25.02594,121.50651,37
500113008,20231123,107,43,6,1,25.02594,121.50651,37
500113008,20231123,108,43,6,1,25.02594,121.50651,37
500113008,20231123,109,43,6,1,25.02594,121.50651,37
500113008,20231123,110,43,6,1,25.02594,121.50651,37
500113008,20231123,111,43,6,1,25.02594,121.50651,37
500113008,20231123,112,43,6,1,25.02594,121.50651,37
500113008,20231123,113,43,6,1,25.02594,121.50651,37
500113008,20231123,114,43,6,1,25.02594,121.50651,37
500113008,20231123,115,43,6,1,25.02594,121.50651,37
500113008,20231123,116,43,6,1,25.02594,121.50651,37
500113008,20231123,117,43,6,1,25.02594,121.50651,37
500113008,20231123,118,43,6,1,25.02594,121.50651,37
500113008,20231123,119,43,6,1,25.02594,121.50651,37
500113008,20231123,121,43,6,1,25.02594,121.50651,37
500113008,20231123,122,43,6,1,25.02594,121.50651,37
500113008,20231123,123,43,6,1,25.02594,121.50651,37
500113008,20231123,124,43,6,1,25.02594,121.50651,37
500113008,20231123,125,43,6,1,25.02594,121.50651,37
500113008,20231123,126,43,6,1,25.02594,121.50651,37
500113008,20231123,127,43,6,1,25.02594,121.50651,37
500113008,20231123,128,43,6,1,25.02594,121.50651,37
500113008,20231123,129,43,6,1,25.02594,121.50651,37
500113008,20231123,130,43,6,1,25.02594,121.50651,37
500113008,20231123,131,43,6,1,25.02594,121.50651,37
500113008,20231123,132,43,6,1,25.02594,121.50651,37
500113008,20231123,133,43,6,1,25.02594,121.50651,37
500113008,20231123,134,43,6,1,25.02594,121.50651,37
500113008,20231123,135,43,6,1,25.02594,121.50651,37
500113008,20231123,136,43,6,1,25.02594,121.50651,37
500113008,20231123,137,43,6,1,25.02594,121.50651,37
500113008,20231123,138,43,6,1,25.02594,121.50651,37
500113008,20231123,139,43,6,1,25.02594,121.50651,37
500113008,20231123,141,43,6,1,25.02594,121.50651,37
500113008,20231123,142,43,6,1,25.02594,121.50651,37
500113008,20231123,143,43,6,1,25.02594,121.50651,37
500113008,20231123,144,43,6,1,25.02594,121.50651,37
500113008,20231123,145,43,6,1,25.02594,121.50651,37
500113008,20231123,146,43,6,1,25.02594,121.50651,37
500113008,20231123,147,43,6,1,25.02594,121.50651,37
500113008,20231123,148,43,6,1,25.02594,121.50651,37
500113008,20231123,149,43,6,1,25.02594,121.50651,37
500113008,20231123,150,43,6,1,25.02594,121.50651,37
500113008,20231123,151,43,6,1,25.02594,121.50651,37
500113008,20231123,152,43,6,1,25.02594,121.50651,37
500113008,20231123,153,43,6,1,25.02594,121.50651,37
500113008,20231123,154,43,6,1,25.02594,121.50651,37
500113008,20231123,155,43,6,1,25.02594,121.50651,37
500113008,20231123,156,43,6,1,25.02594,121.50651,37
500113008,20231123,157,43,6,1,25.02594,121.50651,37
500113008,20231123,158,43,6,1,25.02594,121.50651,37
500113008,20231123,159,43,6,1,25.02594,121.50651,37
500113008,20231123,160,43,6,1,25.02594,121.50651,37
500113008,20231123,161,43,6,1,25.02594,121.50651,37
500113008,20231123,162,43,6,1,25.02594,121.50651,37
500113008,20231123,163,43,6,1,25.02594,121.50651,37
500113008,20231123,164,43,6,1,25.02594,121.50651,37
500113008,20231123,165,43,6,1,25.02594,121.50651,37
500113008,20231123,166,43,6,1,25.02594,121.50651,37
500113008,20231123,167,43,6,1,25.02594,121.50651,37
500113008,20231123,168,43,6,1,25.02594,121.50651,37
500113008,20231123,169,43,6,1,25.02594,121.50651,37
500113008,20231123,170,43,6,1,25.02594,121.50651,37
500113008,20231123,171,43,6,1,25.02594,121.50651,37
500113008,20231123,172,43,6,1,25.02594,121.50651,37
500113008,20231123,173,43,6,1,25.02594,121.50651,37
500113008,20231123,174,43,6,1,25.02594,121.50651,37
500113008,20231123,175,43,6,1,25.02594,121.50651,37
500113008,20231123,176,43,6,1,25.02594,121.50651,37
500113008,20231123,177,43,6,1,25.02594,121.50651,37
500113008,20231123,178,43,6,1,25.02594,121.50651,37
500113008,20231123,179,43,6,1,25.02594,121.50651,37
500113008,20231123,180,43,6,1,25.02594,121.50651,37
500113008,20231123,181,43,6,1,25.02594,121.50651,37
500113008,20231123,182,43,6,1,25.02594,121.50651,37
500113008,20231123,183,43,6,1,25.02594,121.50651,37
500113008,20231123,184,43,6,1,25.02594,121.50651,37
500113008,20231123,185,43,6,1,25.02594,121.50651,37
500113008,20231123,186,43,6,1,25.02594,121.50651,37
500113008,20231123,187,43,6,1,25.02594,121.50651,37
500113008,20231123,188,43,6,1,25.02594,121.50651,37
500113008,20231123,189,43,6,1,25.02594,121.50651,37
500113008,20231123,190,43,6,1,25.02594,121.50651,37
500113008,20231123,191,43,6,1,25.02594,121.50651,37
500113008,20231123,192,43,6,1,25.02594,121.50651,37
500113008,20231123,193,43,6,1,25.02594,121.50651,37
500113008,20231123,194,43,6,1,25.02594,121.50651,37
500113008,20231123,195,43,6,1,25.02594,121.50651,37
500113008,20231123,196,43,6,1,25.02594,121.50651,37
500113008,20231123,197,43,6,1,25.02594,121.50651,37
500113008,20231123,198,43,6,1,25.02594,121.50651,37
500113008,20231123,199,43,6,1,25.02594,121.50651,37
500113008,20231123,201,43,6,1,25.02594,121.50651,37
500113008,20231123,202,43,6,1,25.02594,121.50651,37
500113008,20231123,203,43,6,1,25.02594,121.50651,37
500113008,20231123,204,43,6,1,25.02594,121.50651,37
500113008,20231123,205,43,6,1,25.02594,121.50651,37
500113008,20231123,206,43,6,1,25.02594,121.50651,37
500113008,20231123,207,43,6,1,25.02594,121.50651,37
500113008,20231123,208,43,6,1,25.02594,121.50651,37
500113008,20231123,209,43,6,1,25.02594,121.50651,37
500113008,20231123,210,43,6,1,25.02594,121.50651,37
500113008,20231123,211,43,6,1,25.02594,121.50651,37
500113008,20231123,212,43,7,1,25.02594,121.50651,36
500113008,20231123,213,43,7,1,25.02594,121.50651,36
500113008,20231123,214,43,7,1,25.02594,121.50651,36
500113008,20231123,215,43,7,1,25.02594,121.50651,36
500113008,20231123,216,43,7,1,25.02594,121.50651,36
500113008,20231123,217,43,7,1,25.02594,121.50651,36
500113008,20231123,218,43,12,1,25.02594,121.50651,31
500113008,20231123,219,43,12,1,25.02594,121.50651,31
500113008,20231123,220,43,12,1,25.02594,121.50651,31
500113008,20231123,221,43,12,1,25.02594,121.50651,31
500113008,20231123,222,43,13,1,25.02594,121.50651,30
500113008,20231123,223,43,13,1,25.02594,121.50651,30
500113008,20231123,224,43,13,1,25.02594,121.50651,30
500113008,20231123,225,43,13,1,25.02594,121.50651,30
500113008,20231123,226,43,18,1,25.02594,121.50651,25
500113008,20231123,227,43,18,1,25.02594,121.50651,25
500113008,20231123,228,43,18,1,25.02594,121.50651,25
500113008,20231123,229,43,18,1,25.02594,121.50651,25
500113008,20231123,230,43,18,1,25.02594,121.50651,25
500113008,20231123,231,43,18,1,25.02594,121.50651,25
500113008,20231123,232,43,18,1,25.02594,121.50651,25
500113008,20231123,233,43,18,1,25.02594,121.50651,25
500113008,20231123,234,43,18,1,25.02594,121.50651,25
500113008,20231123,235,43,18,1,25.02594,121.50651,25
500113008,20231123,236,43,18,1,25.02594,121.50651,25
500113008,20231123,237,43,18,1,25.02594,121.50651,25
500113008,20231123,238,43,18,1,25.02594,121.50651,25
500113008,20231123,239,43,18,1,25.02594,121.50651,25
500113008,20231123,240,43,18,1,25.02594,121.50651,25
500113008,20231123,242,43,18,1,25.02594,121.50651,25
500113008,20231123,243,43,18,1,25.02594,121.50651,25
500113008,20231123,244,43,18,1,25.02594,121.50651,25
500113008,20231123,245,43,18,1,25.02594,121.50651,25
500113008,20231123,246,43,18,1,25.02594,121.50651,25
500113008,20231123,247,43,18,1,25.02594,121.50651,25
500113008,20231123,248,43,18,1,25.02594,121.50651,25
500113008,20231123,249,43,18,1,25.02594,121.50651,25
500113008,20231123,250,43,18,1,25.02594,121.50651,25
500113008,20231123,251,43,18,1,25.02594,121.50651,25
500113008,20231123,252,43,18,1,25.02594,121.50651,25
500113008,20231123,253,43,18,1,25.02594,121.50651,25
500113008,20231123,254,43,18,1,25.02594,121.50651,25
500113008,20231123,255,43,18,1,25.02594,121.50651,25
500113008,20231123,256,43,18,1,25.02594,121.50651,25
500113008,20231123,257,43,18,1,25.02594,121.50651,25
500113008,20231123,258,43,18,1,25.02594,121.50651,25
500113008,20231123,259,43,18,1,25.02594,121.50651,25
500113008,20231123,261,43,18,1,25.02594,121.50651,25
500113008,20231123,262,43,18,1,25.02594,121.50651,25
500113008,20231123,263,43,18,1,25.02594,121.50651,25
500113008,20231123,264,43,18,1,25.02594,121.50651,25
500113008,20231123,265,43,18,1,25.02594,121.50651,25
500113008,20231123,266,43,18,1,25.02594,121.50651,25
500113008,20231123,267,43,18,1,25.02594,121.50651,25
500113008,20231123,268,43,18,1,25.02594,121.50651,25
500113008,20231123,269,43,18,1,25.02594,121.50651,25
500113008,20231123,270,43,18,1,25.02594,121.50651,25
500113008,20231123,271,43,18,1,25.02594,121.50651,25
500113008,20231123,272,43,18,1,25.02594,121.50651,25
500113008,20231123,273,43,18,1,25.02594,121.50651,25
500113008,20231123,274,43,18,1,25.02594,121.50651,25
500113008,20231123,275,43,18,1,25.02594,121.50651,25
500113008,20231123,276,43,18,1,25.02594,121.50651,25
500113008,20231123,277,43,18,1,25.02594,121.50651,25
500113008,20231123,278,43,18,1,25.02594,121.50651,25
500113008,20231123,279,43,18,1,25.02594,121.50651,25
500113008,20231123,281,43,18,1,25.02594,121.50651,25
500113008,20231123,282,43,18,1,25.02594,121.50651,25
500113008,20231123,283,43,18,1,25.02594,121.50651,25
500113008,20231123,284,43,18,1,25.02594,121.50651,25
500113008,20231123,285,43,18,1,25.02594,121.50651,25
500113008,20231123,286,43,18,1,25.02594,121.50651,25
500113008,20231123,287,43,18,1,25.02594,121.50651,25
500113008,20231123,288,43,18,1,25.02594,121.50651,25
500113008,20231123,289,43,18,1,25.02594,121.50651,25
500113008,20231123,291,43,18,1,25.02594,121.50651,25
500113008,20231123,292,43,18,1,25.02594,121.50651,25
500113008,20231123,293,43,18,1,25.02594,121.50651,25
500113008,20231123,294,43,18,1,25.02594,121.50651,25
500113008,20231123,295,43,18,1,25.02594,121.50651,25
500113008,20231123,296,43,18,1,25.02594,121.50651,25
500113008,20231123,297,43,18,1,25.02594,121.50651,25
500113008,20231123,298,43,18,1,25.02594,121.50651,25
500113008,20231123,299,43,18,1,25.02594,121.50651,25
500113008,20231123,301,43,18,1,25.02594,121.50651,25
500113008,20231123,302,43,18,1,25.02594,121.50651,25
500113008,20231123,303,43,18,1,25.02594,121.50651,25
500113008,20231123,304,43,18,1,25.02594,121.50651,25
500113008,20231123,305,43,18,1,25.02594,121.50651,25
500113008,20231123,306,43,18,1,25.02594,121.50651,25
500113008,20231123,307,43,18,1,25.02594,121.50651,25
500113008,20231123,308,43,18,1,25.02594,121.50651,25
500113008,20231123,309,43,18,1,25.02594,121.50651,25
500113008,20231123,311,43,18,1,25.02594,121.50651,25
500113008,20231123,312,43,18,1,25.02594,121.50651,25
500113008,20231123,313,43,18,1,25.02594,121.50651,25
500113008,20231123,314,43,18,1,25.02594,121.50651,25
500113008,20231123,315,43,18,1,25.02594,121.50651,25
500113008,20231123,316,43,18,1,25.02594,121.50651,25
500113008,20231123,317,43,18,1,25.02594,121.50651,25
500113008,20231123,318,43,18,1,25.02594,121.50651,25
500113008,20231123,319,43,18,1,25.02594,121.50651,25
500113008,20231123,321,43,17,1,25.02594,121.50651,26
500113008,20231123,322,43,17,1,25.02594,121.50651,26
500113008,20231123,323,43,17,1,25.02594,121.50651,26
500113008,20231123,324,43,17,1,25.02594,121.50651,26
500113008,20231123,325,43,17,1,25.02594,121.50651,26
500113008,20231123,326,43,17,1,25.02594,121.50651,26
500113008,20231123,327,43,17,1,25.02594,121.50651,26
500113008,20231123,328,43,18,1,25.02594,121.50651,25
500113008,20231123,329,43,18,1,25.02594,121.50651,25
500113008,20231123,331,43,18,1,25.02594,121.50651,25
500113008,20231123,332,43,18,1,25.02594,121.50651,25
500113008,20231123,333,43,18,1,25.02594,121.50651,25
500113008,20231123,334,43,18,1,25.02594,121.50651,25
500113008,20231123,335,43,18,1,25.02594,121.50651,25
500113008,20231123,336,43,18,1,25.02594,121.50651,25
500113008,20231123,337,43,18,1,25.02594,121.50651,25
500113008,20231123,338,43,18,1,25.02594,121.50651,25
500113008,20231123,339,43,18,1,25.02594,121.50651,25
500113008,20231123,341,43,18,1,25.02594,121.50651,25
500113008,20231123,342,43,18,1,25.02594,121.50651,25
500113008,20231123,343,43,18,1,25.02594,121.50651,25
500113008,20231123,344,43,18,1,25.02594,121.50651,25
500113008,20231123,345,43,18,1,25.02594,121.50651,25
500113008,20231123,346,43,18,1,25.02594,121.50651,25
500113008,20231123,347,43,18,1,25.02594,121.50651,25
500113008,20231123,348,43,18,1,25.02594,121.50651,25
500113008,20231123,349,43,18,1,25.02594,121.50651,25
500113008,20231123,351,43,18,1,25.02594,121.50651,25
500113008,20231123,352,43,18,1,25.02594,121.50651,25
500113008,20231123,353,43,18,1,25.02594,121.50651,25
500113008,20231123,354,43,18,1,25.02594,121.50651,25
500113008,20231123,355,43,18,1,25.02594,121.50651,25
500113008,20231123,356,43,18,1,25.02594,121.50651,25
500113008,20231123,357,43,18,1,25.02594,121.50651,25
500113008,20231123,358,43,18,1,25.02594,121.50651,25
500113008,20231123,359,43,18,1,25.02594,121.50651,25
500113008,20231123,361,43,18,1,25.02594,121.50651,25
500113008,20231123,362,43,19,1,25.02594,121.50651,24
500113008,20231123,363,43,18,1,25.02594,121.50651,25
500113008,20231123,364,43,18,1,25.02594,121.50651,25
500113008,20231123,365,43,18,1,25.02594,121.50651,25
500113008,20231123,366,43,18,1,25.02594,121.50651,25
500113008,20231123,367,43,18,1,25.02594,121.50651,25
500113008,20231123,368,43,18,1,25.02594,121.50651,25
500113008,20231123,369,43,18,1,25.02594,121.50651,25
500113008,20231123,370,43,18,1,25.02594,121.50651,25
500113008,20231123,371,43,18,1,25.02594,121.50651,25
500113008,20231123,372,43,18,1,25.02594,121.50651,25
500113008,20231123,373,43,18,1,25.02594,121.50651,25
500113008,20231123,374,43,18,1,25.02594,121.50651,25
500113008,20231123,375,43,18,1,25.02594,121.50651,25
500113008,20231123,376,43,18,1,25.02594,121.50651,25
500113008,20231123,377,43,18,1,25.02594,121.50651,25
500113008,20231123,378,43,18,1,25.02594,121.50651,25
500113008,20231123,379,43,18,1,25.02594,121.50651,25
500113008,20231123,381,43,17,1,25.02594,121.50651,26
500113008,20231123,382,43,17,1,25.02594,121.50651,26
500113008,20231123,383,43,17,1,25.02594,121.50651,26
500113008,20231123,384,43,17,1,25.02594,121.50651,26
500113008,20231123,385,43,17,1,25.02594,121.50651,26
500113008,20231123,386,43,17,1,25.02594,121.50651,26
500113008,20231123,387,43,17,1,25.02594,121.50651,26
500113008,20231123,388,43,17,1,25.02594,121.50651,26
500113008,20231123,389,43,17,1,25.02594,121.50651,26
500113008,20231123,390,43,17,1,25.02594,121.50651,26
500113008,20231123,391,43,18,1,25.02594,121.50651,25
500113008,20231123,392,43,18,1,25.02594,121.50651,25
500113008,20231123,393,43,19,1,25.02594,121.50651,24
500113008,20231123,394,43,19,1,25.02594,121.50651,24
500113008,20231123,395,43,19,1,25.02594,121.50651,24
500113008,20231123,396,43,19,1,25.02594,121.50651,24
500113008,20231123,397,43,19,1,25.02594,121.50651,24
500113008,20231123,398,43,19,1,25.02594,121.50651,24
500113008,20231123,399,43,20,1,25.02594,121.50651,23
500113008,20231123,400,43,20,1,25.02594,121.50651,23
500113008,20231123,401,43,21,1,25.02594,121.50651,22
500113008,20231123,402,43,22,1,25.02594,121.50651,21
500113008,20231123,403,43,22,1,25.02594,121.50651,21
500113008,20231123,404,43,22,1,25.02594,121.50651,21
500113008,20231123,405,43,22,1,25.02594,121.50651,21
500113008,20231123,406,43,22,1,25.02594,121.50651,21
500113008,20231123,407,43,23,1,25.02594,121.50651,20
500113008,20231123,408,43,22,1,25.02594,121.50651,21
500113008,20231123,409,43,22,1,25.02594,121.50651,21
500113008,20231123,410,43,22,1,25.02594,121.50651,21
500113008,20231123,411,43,23,1,25.02594,121.50651,20
500113008,20231123,412,43,24,1,25.02594,121.50651,19
500113008,20231123,413,43,24,1,25.02594,121.50651,19
500113008,20231123,414,43,25,1,25.02594,121.50651,18
500113008,20231123,416,43,25,1,25.02594,121.50651,18
500113008,20231123,417,43,25,1,25.02594,121.50651,18
500113008,20231123,418,43,28,1,25.02594,121.50651,15
500113008,20231123,419,43,27,1,25.02594,121.50651,16
500113008,20231123,421,43,26,1,25.02594,121.50651,17
500113008,20231123,422,43,26,1,25.02594,121.50651,17
500113008,20231123,423,43,26,1,25.02594,121.50651,17
500113008,20231123,424,43,26,1,25.02594,121.50651,17
500113008,20231123,425,43,26,1,25.02594,121.50651,17
500113008,20231123,426,43,26,1,25.02594,121.50651,17
500113008,20231123,427,43,27,1,25.02594,121.50651,16
500113008,20231123,428,43,27,1,25.02594,121.50651,16
500113008,20231123,429,43,27,1,25.02594,121.50651,16
500113008,20231123,430,43,27,1,25.02594,121.50651,16
500113008,20231123,431,43,27,1,25.02594,121.50651,16
500113008,20231123,432,43,27,1,25.02594,121.50651,16
500113008,20231123,433,43,28,1,25.02594,121.50651,15
500113008,20231123,434,43,28,1,25.02594,121.50651,15
500113008,20231123,435,43,29,1,25.02594,121.50651,14
500113008,20231123,436,43,28,1,25.02594,121.50651,15
500113008,20231123,437,43,28,1,25.02594,121.50651,15
500113008,20231123,438,43,28,1,25.02594,121.50651,15
500113008,20231123,439,43,29,1,25.02594,121.50651,14
500113008,20231123,441,43,31,1,25.02594,121.50651,12
500113008,20231123,442,43,31,1,25.02594,121.50651,12
500113008,20231123,443,43,32,1,25.02594,121.50651,11
500113008,20231123,444,43,32,1,25.02594,121.50651,11
500113008,20231123,445,43,32,1,25.02594,121.50651,11
500113008,20231123,446,43,32,1,25.02594,121.50651,11
500113008,20231123,447,43,32,1,25.02594,121.50651,11
500113008,20231123,448,43,33,1,25.02594,121.50651,10
500113008,20231123,449,43,33,1,25.02594,121.50651,10
500113008,20231123,451,43,33,1,25.02594,121.50651,10
500113008,20231123,452,43,33,1,25.02594,121.50651,10
500113008,20231123,453,43,34,1,25.02594,121.50651,9
500113008,20231123,454,43,34,1,25.02594,121.50651,9
500113008,20231123,455,43,34,1,25.02594,121.50651,9
500113008,20231123,456,43,34,1,25.02594,121.50651,9
500113008,20231123,457,43,34,1,25.02594,121.50651,9
500113008,20231123,458,43,34,1,25.02594,121.50651,9
500113008,20231123,459,43,34,1,25.02594,121.50651,9
500113008,20231123,460,43,33,1,25.02594,121.50651,10
500113008,20231123,461,43,34,1,25.02594,121.50651,9
500113008,20231123,462,43,34,1,25.02594,121.50651,9
500113008,20231123,463,43,35,1,25.02594,121.50651,8
500113008,20231123,464,43,35,1,25.02594,121.50651,8
500113008,20231123,465,43,34,1,25.02594,121.50651,9
500113008,20231123,466,43,35,1,25.02594,121.50651,8
500113008,20231123,467,43,35,1,25.02594,121.50651,8
500113008,20231123,468,43,36,1,25.02594,121.50651,7
500113008,20231123,469,43,36,1,25.02594,121.50651,7
500113008,20231123,470,43,37,1,25.02594,121.50651,6
500113008,20231123,471,43,37,1,25.02594,121.50651,6
500113008,20231123,472,43,37,1,25.02594,121.50651,6
500113008,20231123,473,43,37,1,25.02594,121.50651,6
500113008,20231123,474,43,37,1,25.02594,121.50651,6
500113008,20231123,475,43,37,1,25.02594,121.50651,6
500113008,20231123,476,43,37,1,25.02594,121.50651,6
500113008,20231123,477,43,37,1,25.02594,121.50651,6
500113008,20231123,478,43,37,1,25.02594,121.50651,6
500113008,20231123,479,43,37,1,25.02594,121.50651,6
500113008,20231123,481,43,37,1,25.02594,121.50651,6
500113008,20231123,482,43,37,1,25.02594,121.50651,6
500113008,20231123,483,43,37,1,25.02594,121.50651,6
500113008,20231123,484,43,37,1,25.02594,121.50651,6
500113008,20231123,485,43,37,1,25.02594,121.50651,6
500113008,20231123,486,43,37,1,25.02594,121.50651,6
500113008,20231123,487,43,37,1,25.02594,121.50651,6
500113008,20231123,488,43,37,1,25.02594,121.50651,6
500113008,20231123,489,43,36,1,25.02594,121.50651,7
500113008,20231123,490,43,35,1,25.02594,121.50651,8
500113008,20231123,491,43,35,1,25.02594,121.50651,8
500113008,20231123,492,43,34,1,25.02594,121.50651,9
500113008,20231123,493,43,35,1,25.02594,121.50651,8
500113008,20231123,494,43,35,1,25.02594,121.50651,8
500113008,20231123,495,43,35,1,25.02594,121.50651,8
500113008,20231123,496,43,35,1,25.02594,121.50651,8
500113008,20231123,497,43,35,1,25.02594,121.50651,8
500113008,20231123,498,43,34,1,25.02594,121.50651,9
500113008,20231123,499,43,34,1,25.02594,121.50651,9
500113008,20231123,501,43,34,1,25.02594,121.50651,9
500113008,20231123,502,43,34,1,25.02594,121.50651,9
500113008,20231123,503,43,34,1,25.02594,121.50651,9
500113008,20231123,504,43,34,1,25.02594,121.50651,9
500113008,20231123,505,43,34,1,25.02594,121.50651,9
500113008,20231123,506,43,34,1,25.02594,121.50651,9
500113008,20231123,507,43,33,1,25.02594,121.50651,10
500113008,20231123,508,43,33,1,25.02594,121.50651,10
500113008,20231123,509,43,33,1,25.02594,121.50651,10
500113008,20231123,511,43,33,1,25.02594,121.50651,10
500113008,20231123,512,43,33,1,25.02594,121.50651,10
500113008,20231123,513,43,33,1,25.02594,121.50651,10
500113008,20231123,514,43,33,1,25.02594,121.50651,10
500113008,20231123,515,43,34,1,25.02594,121.50651,9
500113008,20231123,516,43,34,1,25.02594,121.50651,9
500113008,20231123,517,43,34,1,25.02594,121.50651,9
500113008,20231123,518,43,34,1,25.02594,121.50651,9
500113008,20231123,519,43,34,1,25.02594,121.50651,9
500113008,20231123,520,43,33,1,25.02594,121.50651,10
500113008,20231123,521,43,33,1,25.02594,121.50651,10
500113008,20231123,522,43,32,1,25.02594,121.50651,11
500113008,20231123,523,43,32,1,25.02594,121.50651,11
500113008,20231123,524,43,32,1,25.02594,121.50651,11
500113008,20231123,525,43,32,1,25.02594,121.50651,11
500113008,20231123,526,43,32,1,25.02594,121.50651,11
500113008,20231123,527,43,31,1,25.02594,121.50651,12
500113008,20231123,528,43,31,1,25.02594,121.50651,12
500113008,20231123,529,43,31,1,25.02594,121.50651,12
500113008,20231123,530,43,30,1,25.02594,121.50651,13
500113008,20231123,531,43,30,1,25.02594,121.50651,13
500113008,20231123,532,43,30,1,25.02594,121.50651,13
500113008,20231123,533,43,30,1,25.02594,121.50651,13
500113008,20231123,534,43,30,1,25.02594,121.50651,13
500113008,20231123,535,43,30,1,25.02594,121.50651,13
500113008,20231123,537,43,33,1,25.02594,121.50651,10
500113008,20231123,538,43,33,1,25.02594,121.50651,10
500113008,20231123,539,43,33,1,25.02594,121.50651,10
500113008,20231123,541,43,33,1,25.02594,121.50651,10
500113008,20231123,542,43,33,1,25.02594,121.50651,10
500113008,20231123,543,43,33,1,25.02594,121.50651,10
500113008,20231123,544,43,35,1,25.02594,121.50651,8
500113008,20231123,545,43,34,1,25.02594,121.50651,9
500113008,20231123,546,43,34,1,25.02594,121.50651,9
500113008,20231123,547,43,35,1,25.02594,121.50651,8
500113008,20231123,548,43,35,1,25.02594,121.50651,8
500113008,20231123,549,43,35,1,25.02594,121.50651,8
500113008,20231123,551,43,35,1,25.02594,121.50651,8
500113008,20231123,552,43,35,1,25.02594,121.50651,8
500113008,20231123,553,43,35,1,25.02594,121.50651,8
500113008,20231123,554,43,35,1,25.02594,121.50651,8
500113008,20231123,555,43,34,1,25.02594,121.50651,9
500113008,20231123,556,43,35,1,25.02594,121.50651,8
500113008,20231123,557,43,35,1,25.02594,121.50651,8
500113008,20231123,558,43,37,1,25.02594,121.50651,6
500113008,20231123,559,43,38,1,25.02594,121.50651,5
500113008,20231123,561,43,38,1,25.02594,121.50651,5
500113008,20231123,562,43,39,1,25.02594,121.50651,4
500113008,20231123,563,43,39,1,25.02594,121.50651,4
500113008,20231123,564,43,39,1,25.02594,121.50651,4
500113008,20231123,565,43,40,1,25.02594,121.50651,3
500113008,20231123,566,43,40,1,25.02594,121.50651,3
500113008,20231123,567,43,40,1,25.02594,121.50651,3
500113008,20231123,568,43,41,1,25.02594,121.50651,2
500113008,20231123,569,43,40,1,25.02594,121.50651,3
500113008,20231123,571,43,41,1,25.02594,121.50651,2
500113008,20231123,572,43,41,1,25.02594,121.50651,2
500113008,20231123,573,43,41,1,25.02594,121.50651,2
500113008,20231123,574,43,41,1,25.02594,121.50651,2
500113008,20231123,575,43,40,1,25.02594,121.50651,3
500113008,20231123,576,43,40,1,25.02594,121.50651,3
500113008,20231123,577,43,39,1,25.02594,121.50651,4
500113008,20231123,578,43,40,1,25.02594,121.50651,3
500113008,20231123,579,43,41,1,25.02594,121.50651,2
500113008,20231123,581,43,41,1,25.02594,121.50651,2
500113008,20231123,582,43,41,1,25.02594,121.50651,2
500113008,20231123,583,43,40,1,25.02594,121.50651,3
500113008,20231123,584,43,39,1,25.02594,121.50651,4
500113008,20231123,585,43,39,1,25.02594,121.50651,4
500113008,20231123,586,43,39,1,25.02594,121.50651,4
500113008,20231123,587,43,39,1,25.02594,121.50651,4
500113008,20231123,588,43,39,1,25.02594,121.50651,4
500113008,20231123,589,43,39,1,25.02594,121.50651,4
500113008,20231123,591,43,39,1,25.02594,121.50651,4
500113008,20231123,592,43,39,1,25.02594,121.50651,4
500113008,20231123,593,43,39,1,25.02594,121.50651,4
500113008,20231123,594,43,39,1,25.02594,121.50651,4
500113008,20231123,595,43,39,1,25.02594,121.50651,4
500113008,20231123,596,43,40,1,25.02594,121.50651,3
500113008,20231123,597,43,40,1,25.02594,121.50651,3
500113008,20231123,598,43,40,1,25.02594,121.50651,3
500113008,20231123,599,43,40,1,25.02594,121.50651,3
500113008,20231123,601,43,41,1,25.02594,121.50651,2
500113008,20231123,602,43,40,1,25.02594,121.50651,3
500113008,20231123,603,43,40,1,25.02594,121.50651,3
500113008,20231123,604,43,40,1,25.02594,121.50651,3
500113008,20231123,605,43,41,1,25.02594,121.50651,2
500113008,20231123,606,43,41,1,25.02594,121.50651,2
500113008,20231123,607,43,41,1,25.02594,121.50651,2
500113008,20231123,608,43,41,1,25.02594,121.50651,2
500113008,20231123,609,43,41,1,25.02594,121.50651,2
500113008,20231123,611,43,41,1,25.02594,121.50651,2
500113008,20231123,612,43,41,1,25.02594,121.50651,2
500113008,20231123,613,43,41,1,25.02594,121.50651,2
500113008,20231123,614,43,42,1,25.02594,121.50651,1
500113008,20231123,615,43,42,1,25.02594,121.50651,1
500113008,20231123,616,43,42,1,25.02594,121.50651,1
500113008,20231123,617,43,42,1,25.02594,121.50651,1
500113008,20231123,618,43,42,1,25.02594,121.50651,1
500113008,20231123,619,43,42,1,25.02594,121.50651,1
500113008,20231123,621,43,42,1,25.02594,121.50651,1
500113008,20231123,622,43,42,1,25.02594,121.50651,1
500113008,20231123,623,43,41,1,25.02594,121.50651,2
500113008,20231123,624,43,40,1,25.02594,121.50651,3
500113008,20231123,625,43,40,1,25.02594,121.50651,3
500113008,20231123,626,43,40,1,25.02594,121.50651,3
500113008,20231123,627,43,40,1,25.02594,121.50651,3
500113008,20231123,628,43,40,1,25.02594,121.50651,3
500113008,20231123,629,43,40,1,25.02594,121.50651,3
500113008,20231123,631,43,40,1,25.02594,121.50651,3
500113008,20231123,632,43,40,1,25.02594,121.50651,3
500113008,20231123,633,43,40,1,25.02594,121.50651,3
500113008,20231123,634,43,40,1,25.02594,121.50651,3
500113008,20231123,635,43,40,1,25.02594,121.50651,3
500113008,20231123,636,43,40,1,25.02594,121.50651,3
500113008,20231123,637,43,40,1,25.02594,121.50651,3
500113008,20231123,638,43,40,1,25.02594,121.50651,3
500113008,20231123,639,43,40,1,25.02594,121.50651,3
500113008,20231123,640,43,40,1,25.02594,121.50651,3
500113008,20231123,641,43,40,1,25.02594,121.50651,3
500113008,20231123,642,43,40,1,25.02594,121.50651,3
500113008,20231123,643,43,41,1,25.02594,121.50651,2
500113008,20231123,644,43,41,1,25.02594,121.50651,2
500113008,20231123,645,43,40,1,25.02594,121.50651,3
500113008,20231123,646,43,40,1,25.02594,121.50651,3
500113008,20231123,647,43,40,1,25.02594,121.50651,3
500113008,20231123,648,43,40,1,25.02594,121.50651,3
500113008,20231123,649,43,40,1,25.02594,121.50651,3
500113008,20231123,650,43,40,1,25.02594,121.50651,3
500113008,20231123,651,43,40,1,25.02594,121.50651,3
500113008,20231123,652,43,40,1,25.02594,121.50651,3
500113008,20231123,653,43,40,1,25.02594,121.50651,3
500113008,20231123,654,43,41,1,25.02594,121.50651,2
500113008,20231123,655,43,41,1,25.02594,121.50651,2
500113008,20231123,656,43,41,1,25.02594,121.50651,2
500113008,20231123,657,43,41,1,25.02594,121.50651,2
500113008,20231123,658,43,41,1,25.02594,121.50651,2
500113008,20231123,659,43,41,1,25.02594,121.50651,2
500113008,20231123,661,43,40,1,25.02594,121.50651,3
500113008,20231123,662,43,40,1,25.02594,121.50651,3
500113008,20231123,663,43,40,1,25.02594,121.50651,3
500113008,20231123,664,43,40,1,25.02594,121.50651,3
500113008,20231123,665,43,39,1,25.02594,121.50651,4
500113008,20231123,666,43,39,1,25.02594,121.50651,4
500113008,20231123,667,43,39,1,25.02594,121.50651,4
500113008,20231123,668,43,39,1,25.02594,121.50651,4
500113008,20231123,669,43,39,1,25.02594,121.50651,4
500113008,20231123,670,43,37,1,25.02594,121.50651,6
500113008,20231123,671,43,37,1,25.02594,121.50651,6
500113008,20231123,672,43,37,1,25.02594,121.50651,6
500113008,20231123,673,43,36,1,25.02594,121.50651,7
500113008,20231123,674,43,36,1,25.02594,121.50651,7
500113008,20231123,675,43,36,1,25.02594,121.50651,7
500113008,20231123,676,43,36,1,25.02594,121.50651,7
500113008,20231123,677,43,36,1,25.02594,121.50651,7
500113008,20231123,678,43,35,1,25.02594,121.50651,8
500113008,20231123,679,43,35,1,25.02594,121.50651,8
500113008,20231123,681,43,36,1,25.02594,121.50651,7
500113008,20231123,682,43,36,1,25.02594,121.50651,7
500113008,20231123,683,43,36,1,25.02594,121.50651,7
500113008,20231123,684,43,37,1,25.02594,121.50651,6
500113008,20231123,685,43,36,1,25.02594,121.50651,7
500113008,20231123,686,43,36,1,25.02594,121.50651,7
500113008,20231123,687,43,35,1,25.02594,121.50651,8
500113008,20231123,688,43,35,1,25.02594,121.50651,8
500113008,20231123,689,43,35,1,25.02594,121.50651,8
500113008,20231123,690,43,35,1,25.02594,121.50651,8
500113008,20231123,691,43,35,1,25.02594,121.50651,8
500113008,20231123,692,43,35,1,25.02594,121.50651,8
500113008,20231123,693,43,35,1,25.02594,121.50651,8
500113008,20231123,694,43,35,1,25.02594,121.50651,8
500113008,20231123,695,43,35,1,25.02594,121.50651,8
500113008,20231123,696,43,37,1,25.02594,121.50651,6
500113008,20231123,697,43,37,1,25.02594,121.50651,6
500113008,20231123,698,43,37,1,25.02594,121.50651,6
500113008,20231123,699,43,37,1,25.02594,121.50651,6
500113008,20231123,700,43,37,1,25.02594,121.50651,6
500113008,20231123,701,43,37,1,25.02594,121.50651,6
500113008,20231123,702,43,37,1,25.02594,121.50651,6
500113008,20231123,703,43,37,1,25.02594,121.50651,6
500113008,20231123,704,43,37,1,25.02594,121.50651,6
500113008,20231123,705,43,37,1,25.02594,121.50651,6
500113008,20231123,706,43,37,1,25.02594,121.50651,6
500113008,20231123,707,43,37,1,25.02594,121.50651,6
500113008,20231123,708,43,37,1,25.02594,121.50651,6
500113008,20231123,709,43,37,1,25.02594,121.50651,6
500113008,20231123,710,43,37,1,25.02594,121.50651,6
500113008,20231123,711,43,38,1,25.02594,121.50651,5
500113008,20231123,712,43,38,1,25.02594,121.50651,5
500113008,20231123,713,43,38,1,25.02594,121.50651,5
500113008,20231123,714,43,37,1,25.02594,121.50651,6
500113008,20231123,715,43,37,1,25.02594,121.50651,6
500113008,20231123,716,43,36,1,25.02594,121.50651,7
500113008,20231123,717,43,36,1,25.02594,121.50651,7
500113008,20231123,718,43,35,1,25.02594,121.50651,8
500113008,20231123,719,43,35,1,25.02594,121.50651,8
500113008,20231123,721,43,34,1,25.02594,121.50651,9
500113008,20231123,722,43,34,1,25.02594,121.50651,9
500113008,20231123,723,43,34,1,25.02594,121.50651,9
500113008,20231123,724,43,34,1,25.02594,121.50651,9
500113008,20231123,725,43,34,1,25.02594,121.50651,9
500113008,20231123,726,43,34,1,25.02594,121.50651,9
500113008,20231123,727,43,34,1,25.02594,121.50651,9
500113008,20231123,728,43,34,1,25.02594,121.50651,9
500113008,20231123,729,43,34,1,25.02594,121.50651,9
500113008,20231123,730,43,34,1,25.02594,121.50651,9
500113008,20231123,731,43,34,1,25.02594,121.50651,9
500113008,20231123,732,43,34,1,25.02594,121.50651,9
500113008,20231123,733,43,34,1,25.02594,121.50651,9
500113008,20231123,734,43,34,1,25.02594,121.50651,9
500113008,20231123,735,43,34,1,25.02594,121.50651,9
500113008,20231123,736,43,34,1,25.02594,121.50651,9
500113008,20231123,737,43,34,1,25.02594,121.50651,9
500113008,20231123,738,43,34,1,25.02594,121.50651,9
500113008,20231123,739,43,34,1,25.02594,121.50651,9
500113008,20231123,741,43,33,1,25.02594,121.50651,10
500113008,20231123,742,43,33,1,25.02594,121.50651,10
500113008,20231123,743,43,33,1,25.02594,121.50651,10
500113008,20231123,744,43,33,1,25.02594,121.50651,10
500113008,20231123,745,43,33,1,25.02594,121.50651,10
500113008,20231123,746,43,33,1,25.02594,121.50651,10
500113008,20231123,747,43,33,1,25.02594,121.50651,10
500113008,20231123,749,43,33,1,25.02594,121.50651,10
500113008,20231123,751,43,33,1,25.02594,121.50651,10
500113008,20231123,752,43,32,1,25.02594,121.50651,11
500113008,20231123,753,43,32,1,25.02594,121.50651,11
500113008,20231123,754,43,32,1,25.02594,121.50651,11
500113008,20231123,755,43,32,1,25.02594,121.50651,11
500113008,20231123,756,43,32,1,25.02594,121.50651,11
500113008,20231123,757,43,31,1,25.02594,121.50651,12
500113008,20231123,758,43,31,1,25.02594,121.50651,12
500113008,20231123,759,43,31,1,25.02594,121.50651,12
500113008,20231123,761,43,31,1,25.02594,121.50651,12
500113008,20231123,762,43,30,1,25.02594,121.50651,13
500113008,20231123,763,43,30,1,25.02594,121.50651,13
500113008,20231123,764,43,30,1,25.02594,121.50651,13
500113008,20231123,765,43,30,1,25.02594,121.50651,13
500113008,20231123,766,43,30,1,25.02594,121.50651,13
500113008,20231123,767,43,30,1,25.02594,121.50651,13
500113008,20231123,768,43,30,1,25.02594,121.50651,13
500113008,20231123,769,43,30,1,25.02594,121.50651,13
500113008,20231123,771,43,29,1,25.02594,121.50651,14
500113008,20231123,772,43,29,1,25.02594,121.50651,14
500113008,20231123,773,43,29,1,25.02594,121.50651,14
500113008,20231123,774,43,28,1,25.02594,121.50651,15
500113008,20231123,775,43,28,1,25.02594,121.50651,15
500113008,20231123,776,43,28,1,25.02594,121.50651,15
500113008,20231123,777,43,28,1,25.02594,121.50651,15
500113008,20231123,778,43,28,1,25.02594,121.50651,15
500113008,20231123,779,43,27,1,25.02594,121.50651,16
500113008,20231123,781,43,27,1,25.02594,121.50651,16
500113008,20231123,782,43,25,1,25.02594,121.50651,18
500113008,20231123,783,43,25,1,25.02594,121.50651,18
500113008,20231123,784,43,25,1,25.02594,121.50651,18
500113008,20231123,785,43,25,1,25.02594,121.50651,18
500113008,20231123,786,43,25,1,25.02594,121.50651,18
500113008,20231123,787,43,25,1,25.02594,121.50651,18
500113008,20231123,788,43,25,1,25.02594,121.50651,18
500113008,20231123,789,43,25,1,25.02594,121.50651,18
500113008,20231123,791,43,25,1,25.02594,121.50651,18
500113008,20231123,792,43,25,1,25.02594,121.50651,18
500113008,20231123,793,43,26,1,25.02594,121.50651,17
500113008,20231123,794,43,26,1,25.02594,121.50651,17
500113008,20231123,795,43,26,1,25.02594,121.50651,17
500113008,20231123,796,43,26,1,25.02594,121.50651,17
500113008,20231123,797,43,26,1,25.02594,121.50651,17
500113008,20231123,798,43,26,1,25.02594,121.50651,17
500113008,20231123,799,43,26,1,25.02594,121.50651,17
500113008,20231123,801,43,26,1,25.02594,121.50651,17
500113008,20231123,802,43,26,1,25.02594,121.50651,17
500113008,20231123,803,43,26,1,25.02594,121.50651,17
500113008,20231123,804,43,26,1,25.02594,121.50651,17
500113008,20231123,805,43,26,1,25.02594,121.50651,17
500113008,20231123,806,43,26,1,25.02594,121.50651,17
500113008,20231123,807,43,25,1,25.02594,121.50651,18
500113008,20231123,808,43,25,1,25.02594,121.50651,18
500113008,20231123,809,43,25,1,25.02594,121.50651,18
500113008,20231123,811,43,25,1,25.02594,121.50651,18
500113008,20231123,812,43,27,1,25.02594,121.50651,16
500113008,20231123,813,43,27,1,25.02594,121.50651,16
500113008,20231123,814,43,27,1,25.02594,121.50651,16
500113008,20231123,815,43,27,1,25.02594,121.50651,16
500113008,20231123,816,43,27,1,25.02594,121.50651,16
500113008,20231123,817,43,27,1,25.02594,121.50651,16
500113008,20231123,818,43,27,1,25.02594,121.50651,16
500113008,20231123,819,43,27,1,25.02594,121.50651,16
500113008,20231123,821,43,27,1,25.02594,121.50651,16
500113008,20231123,822,43,27,1,25.02594,121.50651,16
500113008,20231123,823,43,27,1,25.02594,121.50651,16
500113008,20231123,824,43,27,1,25.02594,121.50651,16
500113008,20231123,825,43,27,1,25.02594,121.50651,16
500113008,20231123,826,43,27,1,25.02594,121.50651,16
500113008,20231123,827,43,27,1,25.02594,121.50651,16
500113008,20231123,828,43,26,1,25.02594,121.50651,17
500113008,20231123,829,43,26,1,25.02594,121.50651,17
500113008,20231123,831,43,26,1,25.02594,121.50651,17
500113008,20231123,832,43,26,1,25.02594,121.50651,17
500113008,20231123,833,43,27,1,25.02594,121.50651,16
500113008,20231123,834,43,27,1,25.02594,121.50651,16
500113008,20231123,835,43,27,1,25.02594,121.50651,16
500113008,20231123,836,43,28,1,25.02594,121.50651,15
500113008,20231123,837,43,29,1,25.02594,121.50651,14
500113008,20231123,838,43,29,1,25.02594,121.50651,14
500113008,20231123,839,43,29,1,25.02594,121.50651,14
500113008,20231123,841,43,29,1,25.02594,121.50651,14
500113008,20231123,842,43,29,1,25.02594,121.50651,14
500113008,20231123,843,43,29,1,25.02594,121.50651,14
500113008,20231123,844,43,29,1,25.02594,121.50651,14
500113008,20231123,845,43,29,1,25.02594,121.50651,14
500113008,20231123,846,43,29,1,25.02594,121.50651,14
500113008,20231123,847,43,29,1,25.02594,121.50651,14
500113008,20231123,848,43,29,1,25.02594,121.50651,14
500113008,20231123,849,43,29,1,25.02594,121.50651,14
500113008,20231123,851,43,29,1,25.02594,121.50651,14
500113008,20231123,852,43,29,1,25.02594,121.50651,14
500113008,20231123,853,43,30,1,25.02594,121.50651,13
500113008,20231123,854,43,30,1,25.02594,121.50651,13
500113008,20231123,855,43,30,1,25.02594,121.50651,13
500113008,20231123,856,43,30,1,25.02594,121.50651,13
500113008,20231123,857,43,30,1,25.02594,121.50651,13
500113008,20231123,858,43,30,1,25.02594,121.50651,13
500113008,20231123,859,43,30,1,25.02594,121.50651,13
500113008,20231123,861,43,30,1,25.02594,121.50651,13
500113008,20231123,862,43,30,1,25.02594,121.50651,13
500113008,20231123,863,43,31,1,25.02594,121.50651,12
500113008,20231123,864,43,30,1,25.02594,121.50651,13
500113008,20231123,865,43,30,1,25.02594,121.50651,13
500113008,20231123,866,43,30,1,25.02594,121.50651,13
500113008,20231123,867,43,30,1,25.02594,121.50651,13
500113008,20231123,868,43,30,1,25.02594,121.50651,13
500113008,20231123,869,43,30,1,25.02594,121.50651,13
500113008,20231123,871,43,28,1,25.02594,121.50651,15
500113008,20231123,872,43,29,1,25.02594,121.50651,14
500113008,20231123,873,43,29,1,25.02594,121.50651,14
500113008,20231123,874,43,29,1,25.02594,121.50651,14
500113008,20231123,875,43,28,1,25.02594,121.50651,15
500113008,20231123,876,43,27,1,25.02594,121.50651,16
500113008,20231123,877,43,27,1,25.02594,121.50651,16
500113008,20231123,878,43,26,1,25.02594,121.50651,17
500113008,20231123,879,43,28,1,25.02594,121.50651,15
500113008,20231123,880,43,27,1,25.02594,121.50651,16
500113008,20231123,881,43,27,1,25.02594,121.50651,16
500113008,20231123,882,43,27,1,25.02594,121.50651,16
500113008,20231123,883,43,27,1,25.02594,121.50651,16
500113008,20231123,884,43,27,1,25.02594,121.50651,16
500113008,20231123,885,43,27,1,25.02594,121.50651,16
500113008,20231123,886,43,27,1,25.02594,121.50651,16
500113008,20231123,887,43,27,1,25.02594,121.50651,16
500113008,20231123,888,43,27,1,25.02594,121.50651,16
500113008,20231123,889,43,27,1,25.02594,121.50651,16
500113008,20231123,890,43,27,1,25.02594,121.50651,16
500113008,20231123,891,43,27,1,25.02594,121.50651,16
500113008,20231123,892,43,27,1,25.02594,121.50651,16
500113008,20231123,893,43,27,1,25.02594,121.50651,16
500113008,20231123,894,43,27,1,25.02594,121.50651,16
500113008,20231123,895,43,27,1,25.02594,121.50651,16
500113008,20231123,896,43,27,1,25.02594,121.50651,16
500113008,20231123,897,43,25,1,25.02594,121.50651,18
500113008,20231123,898,43,26,1,25.02594,121.50651,17
500113008,20231123,899,43,26,1,25.02594,121.50651,17
500113008,20231123,901,43,26,1,25.02594,121.50651,17
500113008,20231123,902,43,26,1,25.02594,121.50651,17
500113008,20231123,903,43,26,1,25.02594,121.50651,17
500113008,20231123,904,43,26,1,25.02594,121.50651,17
500113008,20231123,905,43,28,1,25.02594,121.50651,15
500113008,20231123,906,43,28,1,25.02594,121.50651,15
500113008,20231123,907,43,28,1,25.02594,121.50651,15
500113008,20231123,908,43,28,1,25.02594,121.50651,15
500113008,20231123,909,43,28,1,25.02594,121.50651,15
500113008,20231123,910,43,28,1,25.02594,121.50651,15
500113008,20231123,911,43,28,1,25.02594,121.50651,15
500113008,20231123,912,43,28,1,25.02594,121.50651,15
500113008,20231123,913,43,28,1,25.02594,121.50651,15
500113008,20231123,914,43,28,1,25.02594,121.50651,15
500113008,20231123,915,43,28,1,25.02594,121.50651,15
500113008,20231123,916,43,28,1,25.02594,121.50651,15
500113008,20231123,917,43,28,1,25.02594,121.50651,15
500113008,20231123,918,43,26,1,25.02594,121.50651,17
500113008,20231123,919,43,26,1,25.02594,121.50651,17
500113008,20231123,921,43,26,1,25.02594,121.50651,17
500113008,20231123,922,43,26,1,25.02594,121.50651,17
500113008,20231123,923,43,26,1,25.02594,121.50651,17
500113008,20231123,924,43,26,1,25.02594,121.50651,17
500113008,20231123,925,43,26,1,25.02594,121.50651,17
500113008,20231123,926,43,26,1,25.02594,121.50651,17
500113008,20231123,927,43,26,1,25.02594,121.50651,17
500113008,20231123,928,43,26,1,25.02594,121.50651,17
500113008,20231123,929,43,26,1,25.02594,121.50651,17
500113008,20231123,931,43,26,1,25.02594,121.50651,17
500113008,20231123,932,43,25,1,25.02594,121.50651,18
500113008,20231123,933,43,26,1,25.02594,121.50651,17
500113008,20231123,934,43,26,1,25.02594,121.50651,17
500113008,20231123,935,43,26,1,25.02594,121.50651,17
500113008,20231123,936,43,26,1,25.02594,121.50651,17
500113008,20231123,937,43,26,1,25.02594,121.50651,17
500113008,20231123,938,43,26,1,25.02594,121.50651,17
500113008,20231123,939,43,26,1,25.02594,121.50651,17
500113008,20231123,940,43,26,1,25.02594,121.50651,17
500113008,20231123,941,43,27,1,25.02594,121.50651,16
500113008,20231123,942,43,27,1,25.02594,121.50651,16
500113008,20231123,943,43,27,1,25.02594,121.50651,16
500113008,20231123,944,43,27,1,25.02594,121.50651,16
500113008,20231123,945,43,27,1,25.02594,121.50651,16
500113008,20231123,946,43,28,1,25.02594,121.50651,15
500113008,20231123,947,43,28,1,25.02594,121.50651,15
500113008,20231123,948,43,29,1,25.02594,121.50651,14
500113008,20231123,949,43,29,1,25.02594,121.50651,14
500113008,20231123,950,43,29,1,25.02594,121.50651,14
500113008,20231123,951,43,29,1,25.02594,121.50651,14
500113008,20231123,952,43,30,1,25.02594,121.50651,13
500113008,20231123,953,43,31,1,25.02594,121.50651,12
500113008,20231123,954,43,30,1,25.02594,121.50651,13
500113008,20231123,955,43,30,1,25.02594,121.50651,13
500113008,20231123,956,43,30,1,25.02594,121.50651,13
500113008,20231123,957,43,30,1,25.02594,121.50651,13
500113008,20231123,958,43,30,1,25.02594,121.50651,13
500113008,20231123,959,43,30,1,25.02594,121.50651,13
500113008,20231123,961,43,29,1,25.02594,121.50651,14
500113008,20231123,962,43,29,1,25.02594,121.50651,14
500113008,20231123,963,43,29,1,25.02594,121.50651,14
500113008,20231123,964,43,29,1,25.02594,121.50651,14
500113008,20231123,965,43,28,1,25.02594,121.50651,15
500113008,20231123,966,43,28,1,25.02594,121.50651,15
500113008,20231123,967,43,29,1,25.02594,121.50651,14
500113008,20231123,968,43,29,1,25.02594,121.50651,14
500113008,20231123,969,43,29,1,25.02594,121.50651,14
500113008,20231123,970,43,29,1,25.02594,121.50651,14
500113008,20231123,971,43,29,1,25.02594,121.50651,14
500113008,20231123,972,43,29,1,25.02594,121.50651,14
500113008,20231123,973,43,29,1,25.02594,121.50651,14
500113008,20231123,974,43,29,1,25.02594,121.50651,14
500113008,20231123,975,43,29,1,25.02594,121.50651,14
500113008,20231123,976,43,28,1,25.02594,121.50651,15
500113008,20231123,977,43,28,1,25.02594,121.50651,15
500113008,20231123,978,43,28,1,25.02594,121.50651,15
500113008,20231123,979,43,29,1,25.02594,121.50651,14
500113008,20231123,981,43,28,1,25.02594,121.50651,15
500113008,20231123,982,43,28,1,25.02594,121.50651,15
500113008,20231123,983,43,28,1,25.02594,121.50651,15
500113008,20231123,984,43,28,1,25.02594,121.50651,15
500113008,20231123,985,43,29,1,25.02594,121.50651,14
500113008,20231123,986,43,28,1,25.02594,121.50651,15
500113008,20231123,987,43,28,1,25.02594,121.50651,15
500113008,20231123,988,43,28,1,25.02594,121.50651,15
500113008,20231123,989,43,28,1,25.02594,121.50651,15
500113008,20231123,991,43,28,1,25.02594,121.50651,15
500113008,20231123,992,43,27,1,25.02594,121.50651,16
500113008,20231123,993,43,27,1,25.02594,121.50651,16
500113008,20231123,994,43,27,1,25.02594,121.50651,16
500113008,20231123,995,43,26,1,25.02594,121.50651,17
500113008,20231123,996,43,26,1,25.02594,121.50651,17
500113008,20231123,997,43,24,1,25.02594,121.50651,19
500113008,20231123,998,43,24,1,25.02594,121.50651,19
500113008,20231123,999,43,24,1,25.02594,121.50651,19
500113008,20231123,1000,43,24,1,25.02594,121.50651,19
500113008,20231123,1001,43,25,1,25.02594,121.50651,18
500113008,20231123,1002,43,25,1,25.02594,121.50651,18
500113008,20231123,1003,43,25,1,25.02594,121.50651,18
500113008,20231123,1004,43,25,1,25.02594,121.50651,18
500113008,20231123,1005,43,25,1,25.02594,121.50651,18
500113008,20231123,1006,43,25,1,25.02594,121.50651,18
500113008,20231123,1007,43,25,1,25.02594,121.50651,18
500113008,20231123,1009,43,25,1,25.02594,121.50651,18
500113008,20231123,1011,43,24,1,25.02594,121.50651,19
500113008,20231123,1012,43,24,1,25.02594,121.50651,19
500113008,20231123,1013,43,24,1,25.02594,121.50651,19
500113008,20231123,1014,43,24,1,25.02594,121.50651,19
500113008,20231123,1015,43,24,1,25.02594,121.50651,19
500113008,20231123,1016,43,25,1,25.02594,121.50651,18
500113008,20231123,1017,43,25,1,25.02594,121.50651,18
500113008,20231123,1018,43,25,1,25.02594,121.50651,18
500113008,20231123,1019,43,25,1,25.02594,121.50651,18
500113008,20231123,1022,43,25,1,25.02594,121.50651,18
500113008,20231123,1023,43,25,1,25.02594,121.50651,18
500113008,20231123,1024,43,25,1,25.02594,121.50651,18
500113008,20231123,1025,43,27,1,25.02594,121.50651,16
500113008,20231123,1026,43,29,1,25.02594,121.50651,14
500113008,20231123,1027,43,29,1,25.02594,121.50651,14
500113008,20231123,1028,43,29,1,25.02594,121.50651,14
500113008,20231123,1029,43,29,1,25.02594,121.50651,14
500113008,20231123,1031,43,29,1,25.02594,121.50651,14
500113008,20231123,1032,43,29,1,25.02594,121.50651,14
500113008,20231123,1033,43,30,1,25.02594,121.50651,13
500113008,20231123,1035,43,30,1,25.02594,121.50651,13
500113008,20231123,1036,43,32,1,25.02594,121.50651,11
500113008,20231123,1038,43,33,1,25.02594,121.50651,10
500113008,20231123,1039,43,33,1,25.02594,121.50651,10
500113008,20231123,1041,43,32,1,25.02594,121.50651,11
500113008,20231123,1042,43,32,1,25.02594,121.50651,11
500113008,20231123,1043,43,32,1,25.02594,121.50651,11
500113008,20231123,1044,43,32,1,25.02594,121.50651,11
500113008,20231123,1045,43,33,1,25.02594,121.50651,10
500113008,20231123,1046,43,32,1,25.02594,121.50651,11
500113008,20231123,1047,43,32,1,25.02594,121.50651,11
500113008,20231123,1048,43,32,1,25.02594,121.50651,11
500113008,20231123,1049,43,31,1,25.02594,121.50651,12
500113008,20231123,1051,43,31,1,25.02594,121.50651,12
500113008,20231123,1052,43,31,1,25.02594,121.50651,12
500113008,20231123,1053,43,31,1,25.02594,121.50651,12
500113008,20231123,1054,43,31,1,25.02594,121.50651,12
500113008,20231123,1055,43,31,1,25.02594,121.50651,12
500113008,20231123,1056,43,31,1,25.02594,121.50651,12
500113008,20231123,1057,43,30,1,25.02594,121.50651,13
500113008,20231123,1058,43,31,1,25.02594,121.50651,12
500113008,20231123,1059,43,31,1,25.02594,121.50651,12
500113008,20231123,1061,43,30,1,25.02594,121.50651,13
500113008,20231123,1062,43,30,1,25.02594,121.50651,13
500113008,20231123,1063,43,30,1,25.02594,121.50651,13
500113008,20231123,1064,43,29,1,25.02594,121.50651,14
500113008,20231123,1065,43,29,1,25.02594,121.50651,14
500113008,20231123,1066,43,29,1,25.02594,121.50651,14
500113008,20231123,1067,43,26,1,25.02594,121.50651,17
500113008,20231123,1068,43,28,1,25.02594,121.50651,15
500113008,20231123,1069,43,28,1,25.02594,121.50651,15
500113008,20231123,1071,43,28,1,25.02594,121.50651,15
500113008,20231123,1072,43,28,1,25.02594,121.50651,15
500113008,20231123,1073,43,29,1,25.02594,121.50651,14
500113008,20231123,1074,43,29,1,25.02594,121.50651,14
500113008,20231123,1075,43,29,1,25.02594,121.50651,14
500113008,20231123,1076,43,25,1,25.02594,121.50651,18
500113008,20231123,1077,43,25,1,25.02594,121.50651,18
500113008,20231123,1078,43,24,1,25.02594,121.50651,19
500113008,20231123,1079,43,24,1,25.02594,121.50651,19
500113008,20231123,1081,43,25,1,25.02594,121.50651,18
500113008,20231123,1082,43,25,1,25.02594,121.50651,18
500113008,20231123,1083,43,27,1,25.02594,121.50651,16
500113008,20231123,1084,43,27,1,25.02594,121.50651,16
500113008,20231123,1085,43,27,1,25.02594,121.50651,16
500113008,20231123,1086,43,27,1,25.02594,121.50651,16
500113008,20231123,1087,43,26,1,25.02594,121.50651,17
500113008,20231123,1088,43,26,1,25.02594,121.50651,17
500113008,20231123,1089,43,26,1,25.02594,121.50651,17
500113008,20231123,1091,43,26,1,25.02594,121.50651,17
500113008,20231123,1092,43,26,1,25.02594,121.50651,17
500113008,20231123,1093,43,26,1,25.02594,121.50651,17
500113008,20231123,1094,43,26,1,25.02594,121.50651,17
500113008,20231123,1095,43,26,1,25.02594,121.50651,17
500113008,20231123,1096,43,28,1,25.02594,121.50651,15
500113008,20231123,1097,43,28,1,25.02594,121.50651,15
500113008,20231123,1098,43,30,1,25.02594,121.50651,13
500113008,20231123,1099,43,29,1,25.02594,121.50651,14
500113008,20231123,1101,43,28,1,25.02594,121.50651,15
500113008,20231123,1102,43,25,1,25.02594,121.50651,18
500113008,20231123,1103,43,25,1,25.02594,121.50651,18
500113008,20231123,1104,43,25,1,25.02594,121.50651,18
500113008,20231123,1105,43,25,1,25.02594,121.50651,18
500113008,20231123,1106,43,25,1,25.02594,121.50651,18
500113008,20231123,1107,43,26,1,25.02594,121.50651,17
500113008,20231123,1108,43,28,1,25.02594,121.50651,15
500113008,20231123,1109,43,28,1,25.02594,121.50651,15
500113008,20231123,1111,43,29,1,25.02594,121.50651,14
500113008,20231123,1112,43,28,1,25.02594,121.50651,15
500113008,20231123,1113,43,28,1,25.02594,121.50651,15
500113008,20231123,1114,43,28,1,25.02594,121.50651,15
500113008,20231123,1115,43,28,1,25.02594,121.50651,15
500113008,20231123,1116,43,28,1,25.02594,121.50651,15
500113008,20231123,1117,43,28,1,25.02594,121.50651,15
500113008,20231123,1118,43,28,1,25.02594,121.50651,15
500113008,20231123,1119,43,28,1,25.02594,121.50651,15
500113008,20231123,1120,43,27,1,25.02594,121.50651,16
500113008,20231123,1121,43,27,1,25.02594,121.50651,16
500113008,20231123,1122,43,28,1,25.02594,121.50651,15
500113008,20231123,1123,43,29,1,25.02594,121.50651,14
500113008,20231123,1124,43,29,1,25.02594,121.50651,14
500113008,20231123,1125,43,29,1,25.02594,121.50651,14
500113008,20231123,1126,43,29,1,25.02594,121.50651,14
500113008,20231123,1127,43,29,1,25.02594,121.50651,14
500113008,20231123,1128,43,30,1,25.02594,121.50651,13
500113008,20231123,1129,43,31,1,25.02594,121.50651,12
500113008,20231123,1130,43,31,1,25.02594,121.50651,12
500113008,20231123,1131,43,31,1,25.02594,121.50651,12
500113008,20231123,1132,43,30,1,25.02594,121.50651,13
500113008,20231123,1133,43,30,1,25.02594,121.50651,13
500113008,20231123,1134,43,30,1,25.02594,121.50651,13
500113008,20231123,1135,43,30,1,25.02594,121.50651,13
500113008,20231123,1136,43,30,1,25.02594,121.50651,13
500113008,20231123,1137,43,30,1,25.02594,121.50651,13
500113008,20231123,1138,43,30,1,25.02594,121.50651,13
500113008,20231123,1139,43,30,1,25.02594,121.50651,13
500113008,20231123,1141,43,30,1,25.02594,121.50651,13
500113008,20231123,1142,43,29,1,25.02594,121.50651,14
500113008,20231123,1143,43,29,1,25.02594,121.50651,14
500113008,20231123,1144,43,29,1,25.02594,121.50651,14
500113008,20231123,1145,43,29,1,25.02594,121.50651,14
500113008,20231123,1146,43,29,1,25.02594,121.50651,14
500113008,20231123,1147,43,30,1,25.02594,121.50651,13
500113008,20231123,1148,43,30,1,25.02594,121.50651,13
500113008,20231123,1149,43,31,1,25.02594,121.50651,12
500113008,20231123,1150,43,31,1,25.02594,121.50651,12
500113008,20231123,1151,43,32,1,25.02594,121.50651,11
500113008,20231123,1152,43,32,1,25.02594,121.50651,11
500113008,20231123,1153,43,32,1,25.02594,121.50651,11
500113008,20231123,1154,43,32,1,25.02594,121.50651,11
500113008,20231123,1155,43,32,1,25.02594,121.50651,11
500113008,20231123,1156,43,32,1,25.02594,121.50651,11
500113008,20231123,1157,43,31,1,25.02594,121.50651,12
500113008,20231123,1158,43,31,1,25.02594,121.50651,12
500113008,20231123,1159,43,30,1,25.02594,121.50651,13
500113008,20231123,1161,43,28,1,25.02594,121.50651,15
500113008,20231123,1162,43,28,1,25.02594,121.50651,15
500113008,20231123,1163,43,28,1,25.02594,121.50651,15
500113008,20231123,1164,43,28,1,25.02594,121.50651,15
500113008,20231123,1165,43,28,1,25.02594,121.50651,15
500113008,20231123,1166,43,28,1,25.02594,121.50651,15
500113008,20231123,1167,43,28,1,25.02594,121.50651,15
500113008,20231123,1168,43,28,1,25.02594,121.50651,15
500113008,20231123,1169,43,28,1,25.02594,121.50651,15
500113008,20231123,1171,43,29,1,25.02594,121.50651,14
500113008,20231123,1172,43,28,1,25.02594,121.50651,15
500113008,20231123,1173,43,27,1,25.02594,121.50651,16
500113008,20231123,1174,43,27,1,25.02594,121.50651,16
500113008,20231123,1175,43,27,1,25.02594,121.50651,16
500113008,20231123,1176,43,27,1,25.02594,121.50651,16
500113008,20231123,1177,43,27,1,25.02594,121.50651,16
500113008,20231123,1178,43,26,1,25.02594,121.50651,17
500113008,20231123,1179,43,28,1,25.02594,121.50651,15
500113008,20231123,1180,43,29,1,25.02594,121.50651,14
500113008,20231123,1181,43,29,1,25.02594,121.50651,14
500113008,20231123,1182,43,28,1,25.02594,121.50651,15
500113008,20231123,1183,43,28,1,25.02594,121.50651,15
500113008,20231123,1184,43,28,1,25.02594,121.50651,15
500113008,20231123,1185,43,28,1,25.02594,121.50651,15
500113008,20231123,1186,43,28,1,25.02594,121.50651,15
500113008,20231123,1187,43,28,1,25.02594,121.50651,15
500113008,20231123,1188,43,29,1,25.02594,121.50651,14
500113008,20231123,1189,43,29,1,25.02594,121.50651,14
500113008,20231123,1190,43,29,1,25.02594,121.50651,14
500113008,20231123,1191,43,29,1,25.02594,121.50651,14
500113008,20231123,1192,43,29,1,25.02594,121.50651,14
500113008,20231123,1193,43,29,1,25.02594,121.50651,14
500113008,20231123,1194,43,29,1,25.02594,121.50651,14
500113008,20231123,1195,43,29,1,25.02594,121.50651,14
500113008,20231123,1196,43,30,1,25.02594,121.50651,13
500113008,20231123,1197,43,30,1,25.02594,121.50651,13
500113008,20231123,1198,43,30,1,25.02594,121.50651,13
500113008,20231123,1199,43,30,1,25.02594,121.50651,13
500113008,20231123,1201,43,29,1,25.02594,121.50651,14
500113008,20231123,1202,43,28,1,25.02594,121.50651,15
500113008,20231123,1203,43,28,1,25.02594,121.50651,15
500113008,20231123,1206,43,28,1,25.02594,121.50651,15
500113008,20231123,1207,43,28,1,25.02594,121.50651,15
500113008,20231123,1209,43,28,1,25.02594,121.50651,15
500113008,20231123,1211,43,28,1,25.02594,121.50651,15
500113008,20231123,1212,43,28,1,25.02594,121.50651,15
500113008,20231123,1213,43,28,1,25.02594,121.50651,15
500113008,20231123,1214,43,28,1,25.02594,121.50651,15
500113008,20231123,1215,43,28,1,25.02594,121.50651,15
500113008,20231123,1216,43,28,1,25.02594,121.50651,15
500113008,20231123,1217,43,28,1,25.02594,121.50651,15
500113008,20231123,1218,43,28,1,25.02594,121.50651,15
500113008,20231123,1219,43,28,1,25.02594,121.50651,15
500113008,20231123,1221,43,27,1,25.02594,121.50651,16
500113008,20231123,1222,43,27,1,25.02594,121.50651,16
500113008,20231123,1223,43,27,1,25.02594,121.50651,16
500113008,20231123,1224,43,27,1,25.02594,121.50651,16
500113008,20231123,1225,43,27,1,25.02594,121.50651,16
500113008,20231123,1226,43,28,1,25.02594,121.50651,15
500113008,20231123,1227,43,29,1,25.02594,121.50651,14
500113008,20231123,1228,43,29,1,25.02594,121.50651,14
500113008,20231123,1229,43,29,1,25.02594,121.50651,14
500113008,20231123,1231,43,29,1,25.02594,121.50651,14
500113008,20231123,1232,43,29,1,25.02594,121.50651,14
500113008,20231123,1233,43,29,1,25.02594,121.50651,14
500113008,20231123,1234,43,29,1,25.02594,121.50651,14
500113008,20231123,1235,43,28,1,25.02594,121.50651,15
500113008,20231123,1236,43,28,1,25.02594,121.50651,15
500113008,20231123,1237,43,26,1,25.02594,121.50651,17
500113008,20231123,1238,43,27,1,25.02594,121.50651,16
500113008,20231123,1239,43,27,1,25.02594,121.50651,16
500113008,20231123,1240,43,26,1,25.02594,121.50651,17
500113008,20231123,1241,43,26,1,25.02594,121.50651,17
500113008,20231123,1242,43,26,1,25.02594,121.50651,17
500113008,20231123,1243,43,26,1,25.02594,121.50651,17
500113008,20231123,1244,43,26,1,25.02594,121.50651,17
500113008,20231123,1245,43,26,1,25.02594,121.50651,17
500113008,20231123,1246,43,26,1,25.02594,121.50651,17
500113008,20231123,1248,43,26,1,25.02594,121.50651,17
500113008,20231123,1249,43,26,1,25.02594,121.50651,17
500113008,20231123,1251,43,27,1,25.02594,121.50651,16
500113008,20231123,1252,43,27,1,25.02594,121.50651,16
500113008,20231123,1253,43,28,1,25.02594,121.50651,15
500113008,20231123,1254,43,28,1,25.02594,121.50651,15
500113008,20231123,1255,43,28,1,25.02594,121.50651,15
500113008,20231123,1256,43,27,1,25.02594,121.50651,16
500113008,20231123,1257,43,27,1,25.02594,121.50651,16
500113008,20231123,1258,43,27,1,25.02594,121.50651,16
500113008,20231123,1259,43,27,1,25.02594,121.50651,16
500113008,20231123,1261,43,27,1,25.02594,121.50651,16
500113008,20231123,1262,43,25,1,25.02594,121.50651,18
500113008,20231123,1263,43,26,1,25.02594,121.50651,17
500113008,20231123,1264,43,26,1,25.02594,121.50651,17
500113008,20231123,1265,43,26,1,25.02594,121.50651,17
500113008,20231123,1266,43,26,1,25.02594,121.50651,17
500113008,20231123,1267,43,26,1,25.02594,121.50651,17
500113008,20231123,1268,43,26,1,25.02594,121.50651,17
500113008,20231123,1269,43,26,1,25.02594,121.50651,17
500113008,20231123,1271,43,27,1,25.02594,121.50651,16
500113008,20231123,1272,43,27,1,25.02594,121.50651,16
500113008,20231123,1273,43,27,1,25.02594,121.50651,16
500113008,20231123,1274,43,27,1,25.02594,121.50651,16
500113008,20231123,1275,43,27,1,25.02594,121.50651,16
500113008,20231123,1276,43,27,1,25.02594,121.50651,16
500113008,20231123,1277,43,27,1,25.02594,121.50651,16
500113008,20231123,1278,43,27,1,25.02594,121.50651,16
500113008,20231123,1279,43,27,1,25.02594,121.50651,16
500113008,20231123,1281,43,27,1,25.02594,121.50651,16
500113008,20231123,1282,43,26,1,25.02594,121.50651,17
500113008,20231123,1283,43,26,1,25.02594,121.50651,17
500113008,20231123,1284,43,26,1,25.02594,121.50651,17
500113008,20231123,1285,43,27,1,25.02594,121.50651,16
500113008,20231123,1286,43,27,1,25.02594,121.50651,16
500113008,20231123,1287,43,27,1,25.02594,121.50651,16
500113008,20231123,1288,43,27,1,25.02594,121.50651,16
500113008,20231123,1289,43,27,1,25.02594,121.50651,16
500113008,20231123,1291,43,27,1,25.02594,121.50651,16
500113008,20231123,1292,43,27,1,25.02594,121.50651,16
500113008,20231123,1293,43,27,1,25.02594,121.50651,16
500113008,20231123,1294,43,27,1,25.02594,121.50651,16
500113008,20231123,1295,43,27,1,25.02594,121.50651,16
500113008,20231123,1296,43,26,1,25.02594,121.50651,17
500113008,20231123,1297,43,27,1,25.02594,121.50651,16
500113008,20231123,1298,43,27,1,25.02594,121.50651,16
500113008,20231123,1299,43,27,1,25.02594,121.50651,16
500113008,20231123,1300,43,26,1,25.02594,121.50651,17
500113008,20231123,1301,43,27,1,25.02594,121.50651,16
500113008,20231123,1302,43,27,1,25.02594,121.50651,16
500113008,20231123,1303,43,27,1,25.02594,121.50651,16
500113008,20231123,1304,43,27,1,25.02594,121.50651,16
500113008,20231123,1305,43,28,1,25.02594,121.50651,15
500113008,20231123,1306,43,28,1,25.02594,121.50651,15
500113008,20231123,1307,43,28,1,25.02594,121.50651,15
500113008,20231123,1308,43,28,1,25.02594,121.50651,15
500113008,20231123,1309,43,28,1,25.02594,121.50651,15
500113008,20231123,1310,43,28,1,25.02594,121.50651,15
500113008,20231123,1311,43,28,1,25.02594,121.50651,15
500113008,20231123,1312,43,28,1,25.02594,121.50651,15
500113008,20231123,1313,43,30,1,25.02594,121.50651,13
500113008,20231123,1314,43,30,1,25.02594,121.50651,13
500113008,20231123,1315,43,30,1,25.02594,121.50651,13
500113008,20231123,1316,43,30,1,25.02594,121.50651,13
500113008,20231123,1317,43,30,1,25.02594,121.50651,13
500113008,20231123,1318,43,30,1,25.02594,121.50651,13
500113008,20231123,1319,43,30,1,25.02594,121.50651,13
500113008,20231123,1321,43,30,1,25.02594,121.50651,13
500113008,20231123,1322,43,30,1,25.02594,121.50651,13
500113008,20231123,1323,43,30,1,25.02594,121.50651,13
500113008,20231123,1324,43,30,1,25.02594,121.50651,13
500113008,20231123,1325,43,30,1,25.02594,121.50651,13
500113008,20231123,1326,43,30,1,25.02594,121.50651,13
500113008,20231123,1327,43,30,1,25.02594,121.50651,13
500113008,20231123,1328,43,30,1,25.02594,121.50651,13
500113008,20231123,1329,43,29,1,25.02594,121.50651,14
500113008,20231123,1330,43,28,1,25.02594,121.50651,15
500113008,20231123,1331,43,28,1,25.02594,121.50651,15
500113008,20231123,1332,43,27,1,25.02594,121.50651,16
500113008,20231123,1333,43,27,1,25.02594,121.50651,16
500113008,20231123,1334,43,27,1,25.02594,121.50651,16
500113008,20231123,1335,43,26,1,25.02594,121.50651,17
500113008,20231123,1336,43,26,1,25.02594,121.50651,17
500113008,20231123,1337,43,26,1,25.02594,121.50651,17
500113008,20231123,1338,43,26,1,25.02594,121.50651,17
500113008,20231123,1339,43,26,1,25.02594,121.50651,17
500113008,20231123,1341,43,25,1,25.02594,121.50651,18
500113008,20231123,1342,43,26,1,25.02594,121.50651,17
500113008,20231123,1343,43,26,1,25.02594,121.50651,17
500113008,20231123,1344,43,26,1,25.02594,121.50651,17
500113008,20231123,1345,43,26,1,25.02594,121.50651,17
500113008,20231123,1346,43,26,1,25.02594,121.50651,17
500113008,20231123,1347,43,26,1,25.02594,121.50651,17
500113008,20231123,1348,43,26,1,25.02594,121.50651,17
500113008,20231123,1349,43,26,1,25.02594,121.50651,17
500113008,20231123,1350,43,26,1,25.02594,121.50651,17
500113008,20231123,1351,43,26,1,25.02594,121.50651,17
500113008,20231123,1352,43,26,1,25.02594,121.50651,17
500113008,20231123,1353,43,26,1,25.02594,121.50651,17
500113008,20231123,1354,43,26,1,25.02594,121.50651,17
500113008,20231123,1355,43,25,1,25.02594,121.50651,18
500113008,20231123,1356,43,25,1,25.02594,121.50651,18
500113008,20231123,1357,43,25,1,25.02594,121.50651,18
500113008,20231123,1358,43,25,1,25.02594,121.50651,18
500113008,20231123,1359,43,25,1,25.02594,121.50651,18
500113008,20231123,1360,43,25,1,25.02594,121.50651,18
500113008,20231123,1361,43,25,1,25.02594,121.50651,18
500113008,20231123,1362,43,25,1,25.02594,121.50651,18
500113008,20231123,1363,43,25,1,25.02594,121.50651,18
500113008,20231123,1364,43,25,1,25.02594,121.50651,18
500113008,20231123,1365,43,25,1,25.02594,121.50651,18
500113008,20231123,1366,43,25,1,25.02594,121.50651,18
500113008,20231123,1367,43,25,1,25.02594,121.50651,18
500113008,20231123,1368,43,25,1,25.02594,121.50651,18
500113008,20231123,1369,43,25,1,25.02594,121.50651,18
500113008,20231123,1370,43,24,1,25.02594,121.50651,19
500113008,20231123,1371,43,24,1,25.02594,121.50651,19
500113008,20231123,1372,43,24,1,25.02594,121.50651,19
500113008,20231123,1373,43,24,1,25.02594,121.50651,19
500113008,20231123,1374,43,24,1,25.02594,121.50651,19
500113008,20231123,1375,43,24,1,25.02594,121.50651,19
500113008,20231123,1376,43,24,1,25.02594,121.50651,19
500113008,20231123,1377,43,24,1,25.02594,121.50651,19
500113008,20231123,1378,43,24,1,25.02594,121.50651,19
500113008,20231123,1379,43,24,1,25.02594,121.50651,19
500113008,20231123,1381,43,24,1,25.02594,121.50651,19
500113008,20231123,1382,43,24,1,25.02594,121.50651,19
500113008,20231123,1383,43,24,1,25.02594,121.50651,19
500113008,20231123,1384,43,24,1,25.02594,121.50651,19
500113008,20231123,1385,43,24,1,25.02594,121.50651,19
500113008,20231123,1386,43,24,1,25.02594,121.50651,19
500113008,20231123,1387,43,24,1,25.02594,121.50651,19
500113008,20231123,1388,43,24,1,25.02594,121.50651,19
500113008,20231123,1389,43,24,1,25.02594,121.50651,19
500113008,20231123,1390,43,24,1,25.02594,121.50651,19
500113008,20231123,1391,43,24,1,25.02594,121.50651,19
500113008,20231123,1392,43,24,1,25.02594,121.50651,19
500113008,20231123,1393,43,24,1,25.02594,121.50651,19
500113008,20231123,1394,43,23,1,25.02594,121.50651,20
500113008,20231123,1395,43,23,1,25.02594,121.50651,20
500113008,20231123,1396,43,22,1,25.02594,121.50651,21
500113008,20231123,1397,43,22,1,25.02594,121.50651,21
500113008,20231123,1398,43,22,1,25.02594,121.50651,21
500113008,20231123,1399,43,22,1,25.02594,121.50651,21
500113008,20231123,1401,43,23,1,25.02594,121.50651,20
500113008,20231123,1402,43,22,1,25.02594,121.50651,21
500113008,20231123,1403,43,23,1,25.02594,121.50651,20
500113008,20231123,1404,43,23,1,25.02594,121.50651,20
500113008,20231123,1405,43,23,1,25.02594,121.50651,20
500113008,20231123,1406,43,24,1,25.02594,121.50651,19
500113008,20231123,1407,43,24,1,25.02594,121.50651,19
500113008,20231123,1408,43,24,1,25.02594,121.50651,19
500113008,20231123,1409,43,24,1,25.02594,121.50651,19
500113008,20231123,1410,43,23,1,25.02594,121.50651,20
500113008,20231123,1411,43,23,1,25.02594,121.50651,20
500113008,20231123,1412,43,23,1,25.02594,121.50651,20
500113008,20231123,1413,43,23,1,25.02594,121.50651,20
500113008,20231123,1414,43,23,1,25.02594,121.50651,20
500113008,20231123,1415,43,23,1,25.02594,121.50651,20
500113008,20231123,1416,43,23,1,25.02594,121.50651,20
500113008,20231123,1417,43,23,1,25.02594,121.50651,20
500113008,20231123,1418,43,23,1,25.02594,121.50651,20
500113008,20231123,1419,43,23,1,25.02594,121.50651,20
500113008,20231123,1420,43,23,1,25.02594,121.50651,20
500113008,20231123,1421,43,23,1,25.02594,121.50651,20
500113008,20231123,1422,43,23,1,25.02594,121.50651,20
500113008,20231123,1423,43,23,1,25.02594,121.50651,20
500113008,20231123,1424,43,23,1,25.02594,121.50651,20
500113008,20231123,1425,43,24,1,25.02594,121.50651,19
500113008,20231123,1426,43,24,1,25.02594,121.50651,19
500113008,20231123,1427,43,24,1,25.02594,121.50651,19
500113008,20231123,1428,43,23,1,25.02594,121.50651,20
500113008,20231123,1429,43,23,1,25.02594,121.50651,20
500113008,20231123,1430,43,23,1,25.02594,121.50651,20
500113008,20231123,1431,43,23,1,25.02594,121.50651,20
500113008,20231123,1432,43,23,1,25.02594,121.50651,20
500113008,20231123,1433,43,23,1,25.02594,121.50651,20
500113008,20231123,1434,43,23,1,25.02594,121.50651,20
500113008,20231123,1435,43,23,1,25.02594,121.50651,20
500113008,20231123,1436,43,23,1,25.02594,121.50651,20
500113008,20231123,1437,43,23,1,25.02594,121.50651,20
500113008,20231123,1438,43,23,1,25.02594,121.50651,20
500113008,20231123,1439,43,23,1,25.02594,121.50651,20
